{
"lowlevel": {
    "average_loudness": 0.695697546005,
    "barkbands_crest": {
        "dmean": 2.76985383034,
        "dmean2": 4.66814661026,
        "dvar": 5.31132268906,
        "dvar2": 14.532959938,
        "max": 25.6508598328,
        "mean": 9.80317687988,
        "median": 9.32627391815,
        "min": 2.40439128876,
        "var": 12.4927196503
    },
    "barkbands_flatness_db": {
        "dmean": 0.0237463265657,
        "dmean2": 0.037912234664,
        "dvar": 0.000543127360288,
        "dvar2": 0.00128592539113,
        "max": 0.403612822294,
        "mean": 0.147885590792,
        "median": 0.144008412957,
        "min": 0.0292183682323,
        "var": 0.00376838282682
    },
    "barkbands_kurtosis": {
        "dmean": 2.2489631176,
        "dmean2": 3.83121156693,
        "dvar": 22.2046489716,
        "dvar2": 58.0130996704,
        "max": 148.562561035,
        "mean": 1.46904957294,
        "median": 0.102854013443,
        "min": -1.90122950077,
        "var": 26.245218277
    },
    "barkbands_skewness": {
        "dmean": 0.598491311073,
        "dmean2": 0.983313858509,
        "dvar": 0.466386765242,
        "dvar2": 1.2412225008,
        "max": 11.1205806732,
        "mean": 0.251473009586,
        "median": 0.486497581005,
        "min": -5.56968975067,
        "var": 1.72202908993
    },
    "barkbands_spread": {
        "dmean": 6.60898351669,
        "dmean2": 10.5592470169,
        "dvar": 56.4738769531,
        "dvar2": 151.048446655,
        "max": 70.5889892578,
        "mean": 24.0366573334,
        "median": 22.1317100525,
        "min": 0.725777626038,
        "var": 145.339385986
    },
    "dissonance": {
        "dmean": 0.020736547187,
        "dmean2": 0.0350148677826,
        "dvar": 0.000540313718375,
        "dvar2": 0.00147744559217,
        "max": 0.500000059605,
        "mean": 0.459862738848,
        "median": 0.469197630882,
        "min": 0.178324833512,
        "var": 0.00133470271248
    },
    "dynamic_complexity": 5.77134418488,
    "erbbands_crest": {
        "dmean": 3.72519850731,
        "dmean2": 6.12029409409,
        "dvar": 9.35566043854,
        "dvar2": 22.5499954224,
        "max": 30.9700737,
        "mean": 14.2690353394,
        "median": 13.8884963989,
        "min": 3.00599193573,
        "var": 31.8511753082
    },
    "erbbands_flatness_db": {
        "dmean": 0.0244322158396,
        "dmean2": 0.0385906025767,
        "dvar": 0.000677035946865,
        "dvar2": 0.00155200145673,
        "max": 0.472275227308,
        "mean": 0.209897905588,
        "median": 0.198272645473,
        "min": 0.0736980140209,
        "var": 0.00549068115652
    },
    "erbbands_kurtosis": {
        "dmean": 3.09660100937,
        "dmean2": 5.10325431824,
        "dvar": 28.0896701813,
        "dvar2": 76.2835464478,
        "max": 71.0578384399,
        "mean": 4.50391244888,
        "median": 1.46465969086,
        "min": -1.88148224354,
        "var": 64.9565200806
    },
    "erbbands_skewness": {
        "dmean": 0.501783013344,
        "dmean2": 0.805598855019,
        "dvar": 0.272052556276,
        "dvar2": 0.715516924858,
        "max": 6.51939153671,
        "mean": -0.351879954338,
        "median": 0.108709409833,
        "min": -5.26975250244,
        "var": 2.29310679436
    },
    "erbbands_spread": {
        "dmean": 6.61679267883,
        "dmean2": 10.6955595016,
        "dvar": 44.4765014648,
        "dvar2": 109.962638855,
        "max": 79.6470565796,
        "mean": 21.8134326935,
        "median": 19.3825645447,
        "min": 1.48696792126,
        "var": 178.089202881
    },
    "hfc": {
        "dmean": 5.58143138885,
        "dmean2": 8.48544692993,
        "dvar": 40.6307411194,
        "dvar2": 84.2919692993,
        "max": 134.601150513,
        "mean": 20.734582901,
        "median": 17.1315040588,
        "min": 1.17162933988e-16,
        "var": 307.337585449
    },
    "melbands_crest": {
        "dmean": 3.42425012589,
        "dmean2": 5.71794557571,
        "dvar": 8.42843151093,
        "dvar2": 21.9671192169,
        "max": 33.5008811951,
        "mean": 12.2783231735,
        "median": 11.5285816193,
        "min": 2.30250477791,
        "var": 19.1167736053
    },
    "melbands_flatness_db": {
        "dmean": 0.0271653421223,
        "dmean2": 0.0430233553052,
        "dvar": 0.000705040351022,
        "dvar2": 0.00159421621356,
        "max": 0.487863272429,
        "mean": 0.190828248858,
        "median": 0.180827021599,
        "min": 0.00668897898868,
        "var": 0.0042199511081
    },
    "melbands_kurtosis": {
        "dmean": 2.86782050133,
        "dmean2": 4.88258552551,
        "dvar": 22.1196269989,
        "dvar2": 57.4976768494,
        "max": 188.68460083,
        "mean": 2.81231427193,
        "median": 1.38130521774,
        "min": -1.87631630898,
        "var": 34.4769058228
    },
    "melbands_skewness": {
        "dmean": 0.68566352129,
        "dmean2": 1.13339459896,
        "dvar": 0.480967879295,
        "dvar2": 1.29784393311,
        "max": 9.60777854919,
        "mean": 1.01636815071,
        "median": 1.10011863708,
        "min": -3.4553155899,
        "var": 1.62945950031
    },
    "melbands_spread": {
        "dmean": 10.0011386871,
        "dmean2": 16.1797103882,
        "dvar": 140.913299561,
        "dvar2": 380.880889893,
        "max": 130.094268799,
        "mean": 35.7981376648,
        "median": 29.8403129578,
        "min": 0.842818021774,
        "var": 464.050140381
    },
    "pitch_salience": {
        "dmean": 0.0810793414712,
        "dmean2": 0.13569547236,
        "dvar": 0.00518123293296,
        "dvar2": 0.0135778458789,
        "max": 0.979403793812,
        "mean": 0.556867003441,
        "median": 0.540626585484,
        "min": 0.189181700349,
        "var": 0.0164879448712
    },
    "silence_rate_20dB": {
        "dmean": 0,
        "dmean2": 0,
        "dvar": 0,
        "dvar2": 0,
        "max": 1,
        "mean": 1,
        "median": 1,
        "min": 1,
        "var": 0
    },
    "silence_rate_30dB": {
        "dmean": 0.00427533127367,
        "dmean2": 0.00855139363557,
        "dvar": 0.00425749830902,
        "dvar2": 0.0103613464162,
        "max": 1,
        "mean": 0.993929564953,
        "median": 1,
        "min": 0,
        "var": 0.00603419728577
    },
    "silence_rate_60dB": {
        "dmean": 0.00342026515864,
        "dmean2": 0.00684111518785,
        "dvar": 0.00340833724476,
        "dvar2": 0.00901675689965,
        "max": 1,
        "mean": 0.190235972404,
        "median": 0,
        "min": 0,
        "var": 0.154054030776
    },
    "spectral_centroid": {
        "dmean": 238.552978516,
        "dmean2": 375.847747803,
        "dvar": 75852.8359375,
        "dvar2": 173489.390625,
        "max": 10587.1943359,
        "mean": 1614.22607422,
        "median": 1388.93579102,
        "min": 361.57510376,
        "var": 557766.9375
    },
    "spectral_complexity": {
        "dmean": 3.723300457,
        "dmean2": 5.96117687225,
        "dvar": 15.8551654816,
        "dvar2": 36.060634613,
        "max": 51,
        "mean": 16.8607215881,
        "median": 16,
        "min": 0,
        "var": 113.709098816
    },
    "spectral_decrease": {
        "dmean": 2.09770223414e-09,
        "dmean2": 3.45019945946e-09,
        "dvar": 9.06642725481e-18,
        "dvar2": 2.36823926956e-17,
        "max": 5.0276573644e-17,
        "mean": -6.13146688977e-09,
        "median": -5.37177680116e-09,
        "min": -4.62647626875e-08,
        "var": 2.68697478976e-17
    },
    "spectral_energy": {
        "dmean": 0.00826089829206,
        "dmean2": 0.0135501343757,
        "dvar": 0.000135490859975,
        "dvar2": 0.000351799681084,
        "max": 0.182512953877,
        "mean": 0.0250222794712,
        "median": 0.0221578311175,
        "min": 1.08869214762e-20,
        "var": 0.000432118424214
    },
    "spectral_energyband_high": {
        "dmean": 0.000238213760895,
        "dmean2": 0.000335442164214,
        "dvar": 2.18261078544e-07,
        "dvar2": 4.01461505817e-07,
        "max": 0.00756897870451,
        "mean": 0.000673783535603,
        "median": 0.000138976814924,
        "min": 7.84568532544e-21,
        "var": 1.23552342757e-06
    },
    "spectral_energyband_low": {
        "dmean": 0.00532073108479,
        "dmean2": 0.00923678185791,
        "dvar": 9.35092029977e-05,
        "dvar2": 0.000260910077486,
        "max": 0.0895329937339,
        "mean": 0.00753165083006,
        "median": 0.00439490424469,
        "min": 1.23543985994e-22,
        "var": 0.000106240426248
    },
    "spectral_energyband_middle_high": {
        "dmean": 0.00294250017032,
        "dmean2": 0.00453509623185,
        "dvar": 1.28732963276e-05,
        "dvar2": 2.55120830843e-05,
        "max": 0.0837307572365,
        "mean": 0.00912679731846,
        "median": 0.00762839335948,
        "min": 1.89775992814e-21,
        "var": 7.48160673538e-05
    },
    "spectral_energyband_middle_low": {
        "dmean": 0.00334181962535,
        "dmean2": 0.00530157564208,
        "dvar": 3.41040868079e-05,
        "dvar2": 7.63442149037e-05,
        "max": 0.165930777788,
        "mean": 0.00816979538649,
        "median": 0.00554234907031,
        "min": 2.37088800294e-22,
        "var": 0.000102908285044
    },
    "spectral_entropy": {
        "dmean": 0.167333066463,
        "dmean2": 0.257508158684,
        "dvar": 0.0322466492653,
        "dvar2": 0.0696207359433,
        "max": 9.76690101624,
        "mean": 7.43204832077,
        "median": 7.42803812027,
        "min": 5.14407634735,
        "var": 0.231432825327
    },
    "spectral_flux": {
        "dmean": 0.0216893553734,
        "dmean2": 0.0358821712434,
        "dvar": 0.000723292352632,
        "dvar2": 0.00148652575444,
        "max": 0.298710674047,
        "mean": 0.0787215977907,
        "median": 0.0750794261694,
        "min": 1.04340411311e-10,
        "var": 0.00251785502769
    },
    "spectral_kurtosis": {
        "dmean": 3.31896114349,
        "dmean2": 5.65877580643,
        "dvar": 22.0363540649,
        "dvar2": 65.2168045044,
        "max": 64.4308853149,
        "mean": 7.64210033417,
        "median": 5.38257455826,
        "min": -1.17958557606,
        "var": 46.9130058289
    },
    "spectral_rms": {
        "dmean": 0.000745316559914,
        "dmean2": 0.00121154263616,
        "dvar": 7.07604783656e-07,
        "dvar2": 1.82189376119e-06,
        "max": 0.0133439656347,
        "mean": 0.00434065889567,
        "median": 0.00464945100248,
        "min": 3.2590468952e-12,
        "var": 5.57093289899e-06
    },
    "spectral_rolloff": {
        "dmean": 338.57925415,
        "dmean2": 575.474914551,
        "dvar": 314493.75,
        "dvar2": 728492.8125,
        "max": 19509.0820312,
        "mean": 1798.05688477,
        "median": 1399.65820312,
        "min": 150.732421875,
        "var": 1044861.4375
    },
    "spectral_skewness": {
        "dmean": 0.344182014465,
        "dmean2": 0.57372969389,
        "dvar": 0.156597867608,
        "dvar2": 0.458085507154,
        "max": 6.22386741638,
        "mean": 1.7717461586,
        "median": 1.65633869171,
        "min": -0.701742887497,
        "var": 0.37484189868
    },
    "spectral_spread": {
        "dmean": 539465.8125,
        "dmean2": 810113.0625,
        "dvar": 533558329344,
        "dvar2": 981620424704,
        "max": 41412780,
        "mean": 3710121.5,
        "median": 3583130.25,
        "min": 975484.1875,
        "var": 2.87846773555e+12
    },
    "spectral_strongpeak": {
        "dmean": 0.913130879402,
        "dmean2": 1.5699378252,
        "dvar": 1.46891570091,
        "dvar2": 3.59969997406,
        "max": 9.96045970917,
        "mean": 1.50582528114,
        "median": 0.452667236328,
        "min": 0,
        "var": 3.27501583099
    },
    "zerocrossingrate": {
        "dmean": 0.0078246910125,
        "dmean2": 0.00881607830524,
        "dvar": 7.680489216e-05,
        "dvar2": 8.5216248408e-05,
        "max": 0.54150390625,
        "mean": 0.0686370804906,
        "median": 0.056640625,
        "min": 0.013671875,
        "var": 0.00110063876491
    },
    "barkbands": {
        "dmean": [0.000279763364233, 0.00385338952765, 0.001814932446, 0.000608337286394, 0.000947279913817, 0.00129596726038, 0.0011171977967, 0.000611217634287, 0.000696226838045, 0.00133326591458, 0.000706946419086, 0.000329717790009, 0.00126216001809, 0.000240849331021, 0.000219640729483, 0.000178996153409, 0.000229609751841, 0.000266860472038, 0.000224823641474, 8.15304665593e-05, 6.75379997119e-05, 5.77504979447e-05, 5.7273569837e-05, 3.66560198017e-05, 3.20927756547e-05, 9.96380367724e-06, 1.53501503064e-06],
        "dmean2": [0.000459754053736, 0.00666083116084, 0.00324930320494, 0.00111525808461, 0.0014605242759, 0.00213759788312, 0.00172264804132, 0.000947030377574, 0.00116818503011, 0.00194492260925, 0.00116383912973, 0.000537098268978, 0.00203767674975, 0.0003779635299, 0.000339086487656, 0.000270213669864, 0.000356272881618, 0.000458173541119, 0.000383632490411, 0.000133350040414, 0.000109008578875, 8.6635016487e-05, 8.61870939843e-05, 5.33872698725e-05, 4.4318370783e-05, 1.3963776837e-05, 2.33228797697e-06],
        "dvar": [4.16065944364e-07, 3.98419542762e-05, 1.59229548444e-05, 2.03679678634e-06, 3.16735213346e-06, 1.15164330055e-05, 1.03552110886e-05, 4.35826177636e-06, 1.0765903653e-06, 9.80726872513e-06, 1.52932261699e-06, 7.81260325766e-07, 3.33272214448e-06, 3.75471927327e-07, 2.5377039492e-07, 1.83711520663e-07, 2.01608187922e-07, 2.36293146827e-07, 1.40457075304e-07, 2.64426098795e-08, 1.83425274969e-08, 1.45844705202e-08, 1.34005428976e-08, 5.67571101229e-09, 6.38585806456e-09, 1.27088117807e-09, 4.50730876234e-11],
        "dvar2": [1.04012394786e-06, 0.000110760651296, 4.5108528866e-05, 5.97753069087e-06, 7.66564608057e-06, 2.80803687929e-05, 2.37286349147e-05, 9.77338277153e-06, 2.69321344604e-06, 1.75181685336e-05, 4.07111929235e-06, 1.89484262592e-06, 8.1959160525e-06, 7.92821367668e-07, 5.81923245591e-07, 3.79586623467e-07, 4.5218976652e-07, 5.99084387432e-07, 3.74322382868e-07, 6.59546444126e-08, 4.88306284296e-08, 3.02138758457e-08, 2.80036758227e-08, 1.21658940699e-08, 1.27066801525e-08, 2.65184985082e-09, 9.73649424973e-11],
        "max": [0.0126489475369, 0.058873988688, 0.0394937507808, 0.0238266997039, 0.0290284175426, 0.123328782618, 0.0855834633112, 0.0777262374759, 0.0222837012261, 0.0741420537233, 0.0157883856446, 0.022248595953, 0.0288060773164, 0.0142764607444, 0.0134888160974, 0.0092471819371, 0.00769920926541, 0.0133615471423, 0.00427137082443, 0.00416757632047, 0.00223627546802, 0.00252967560664, 0.00331811420619, 0.00167691742536, 0.00138273974881, 0.000599802355282, 0.000154638284585],
        "mean": [0.000320455816109, 0.00491017615423, 0.00192848255392, 0.000604574510362, 0.00167786213569, 0.00194905721582, 0.00169742037542, 0.000835375161842, 0.00115906482097, 0.00312275183387, 0.00134490244091, 0.000444884703029, 0.0023877711501, 0.000383049657103, 0.000335604825523, 0.000284234876744, 0.000338052603183, 0.000280040840153, 0.000284899870167, 0.000149154860992, 0.000140502452268, 0.000143011609907, 0.00013183678675, 8.41078581288e-05, 6.54967516311e-05, 1.77366309799e-05, 1.78050356681e-06],
        "median": [7.45431243558e-05, 0.00237542833202, 0.00075580237899, 0.000223505456233, 0.000840797554702, 0.000696837611031, 0.0002630953677, 0.000170054176124, 0.00074884359492, 0.000580368738156, 0.000676429830492, 0.000190454331459, 0.00113462097943, 0.000152351014549, 0.000137681898195, 7.99561530584e-05, 9.79585893219e-05, 9.80639524641e-05, 0.000120571130537, 3.93401351175e-05, 2.97573187709e-05, 2.47990283242e-05, 2.18957866309e-05, 1.53294386109e-05, 8.75427213032e-06, 1.57212730301e-06, 2.93917139516e-08],
        "min": [3.4093482851e-23, 3.31183624198e-23, 6.30707104825e-23, 1.70985080558e-23, 5.37928416456e-23, 3.80221332213e-23, 4.20664621548e-23, 2.50189539565e-23, 4.44667166093e-23, 1.11632110595e-22, 1.69421750726e-22, 7.60770199475e-23, 2.63267117879e-22, 1.14489049249e-22, 1.06364122713e-22, 1.72796131647e-22, 3.10496308627e-22, 2.07189621456e-22, 1.85971408807e-22, 3.10341313237e-22, 3.70370624142e-22, 5.57402804742e-22, 4.62978300089e-22, 8.43201077495e-22, 1.32296108699e-21, 1.9181015838e-21, 2.47122691965e-21],
        "var": [4.91165167205e-07, 4.83494841319e-05, 1.22758101497e-05, 1.52268501097e-06, 5.95028359385e-06, 1.71553856489e-05, 2.3051212338e-05, 6.17568230155e-06, 2.10483653973e-06, 4.66338860861e-05, 3.83641281587e-06, 1.05546871509e-06, 9.83661266218e-06, 6.94659547662e-07, 3.86288377285e-07, 3.96418869286e-07, 4.19559313514e-07, 2.38858007151e-07, 1.86694705917e-07, 7.00246758356e-08, 5.36702344789e-08, 6.83557672687e-08, 5.86925139601e-08, 2.23059117843e-08, 1.49167416197e-08, 2.02472327793e-09, 5.58886964486e-11]
    },
    "erbbands": {
        "dmean": [0.119162879884, 0.939514219761, 2.06432199478, 2.194013834, 1.98446881771, 3.7010242939, 5.68262290955, 13.2517518997, 16.6478042603, 13.9887733459, 11.0829200745, 18.7798919678, 14.5928869247, 45.0330810547, 35.2078895569, 14.4857177734, 58.2385368347, 15.2173471451, 15.5191650391, 7.50153112411, 10.3471450806, 11.7709531784, 13.6924276352, 17.5320243835, 5.98247241974, 3.33956217766, 3.36274647713, 2.56579256058, 2.25701069832, 1.93148827553, 1.52200949192, 0.899304509163, 0.596992075443, 0.434463560581, 0.180393174291, 0.0618371404707, 0.0147745488212, 0.00231439759955, 0.000297082442557, 2.07882767427e-05],
        "dmean2": [0.193479672074, 1.66454088688, 3.74752855301, 3.95264434814, 3.40145516396, 5.71414279938, 8.87679672241, 21.8935947418, 25.430929184, 22.0138492584, 17.1932048798, 31.7862262726, 22.5524578094, 64.9901428223, 58.1489868164, 23.5540523529, 93.9732055664, 24.1164627075, 23.7019195557, 11.2399396896, 15.4270391464, 18.3854808807, 22.9210643768, 30.167755127, 10.152721405, 5.47554779053, 5.37951564789, 4.16312503815, 3.33657073975, 2.93253326416, 2.22333860397, 1.35044717789, 0.877062082291, 0.604667842388, 0.254479259253, 0.0869279801846, 0.0211428310722, 0.00324188778177, 0.000456161767943, 3.30287657562e-05],
        "dvar": [0.0369292385876, 2.81396961212, 22.3288269043, 24.4000720978, 15.544344902, 52.5793037415, 163.857635498, 1369.15490723, 2539.93188477, 1263.14904785, 1732.83886719, 740.661804199, 486.393981934, 13249.8183594, 3857.20800781, 1094.01184082, 7255.18115234, 879.337768555, 1103.99450684, 363.69152832, 623.198181152, 507.352874756, 596.831665039, 897.067199707, 82.9122619629, 47.4396209717, 52.2788848877, 28.0987091064, 23.1029281616, 15.7182741165, 9.78707790375, 3.58809351921, 1.79496765137, 1.00597131252, 0.254862219095, 0.0410791113973, 0.00332301063463, 7.24043493392e-05, 1.66506561072e-06, 4.36816449678e-09],
        "dvar2": [0.0930268615484, 8.09933280945, 63.5803337097, 70.4311523438, 41.6267356873, 129.667526245, 377.23614502, 3382.3762207, 5766.68457031, 3023.4609375, 3928.54418945, 1968.30957031, 1045.078125, 23906.2226562, 10252.0371094, 2642.79663086, 17986.5957031, 2083.92553711, 2406.4765625, 756.243652344, 1276.15917969, 1167.47900391, 1487.86254883, 2376.0390625, 224.807144165, 118.250793457, 133.731719971, 72.7435684204, 47.6675338745, 33.7577362061, 20.0360164642, 8.05749034882, 3.82991933823, 2.02673339844, 0.505150437355, 0.0809379965067, 0.00742188142613, 0.00014844701218, 3.68672908735e-06, 1.01182990875e-08],
        "max": [2.03714561462, 15.263417244, 42.3152351379, 68.7796173096, 67.1932907104, 117.314025879, 381.355957031, 1342.4050293, 1357.81591797, 689.540649414, 1560.09277344, 657.491394043, 436.522735596, 2749.03833008, 776.331726074, 854.809875488, 1399.87365723, 750.380432129, 675.000244141, 336.58972168, 526.168273926, 470.204315186, 812.334960938, 311.293640137, 152.970733643, 226.070724487, 103.780532837, 87.0222091675, 108.646743774, 91.6053543091, 80.1526565552, 35.3690071106, 26.3167457581, 16.4993629456, 7.87547016144, 3.33348250389, 1.00799441338, 0.17309898138, 0.0257598552853, 0.00133459887002],
        "mean": [0.153517514467, 1.05226242542, 2.14460587502, 2.49531531334, 2.68317890167, 6.37228822708, 9.60018634796, 19.2469024658, 26.410358429, 20.453496933, 16.6210231781, 31.1324310303, 31.6471042633, 112.001754761, 69.970375061, 26.4969387054, 109.96446228, 30.8918571472, 25.3269252777, 13.1367664337, 16.8619327545, 17.6569576263, 16.4101219177, 18.6740703583, 9.76808166504, 6.29172277451, 6.88649892807, 5.36854314804, 5.52552556992, 4.43121576309, 3.49486613274, 2.06467914581, 1.30953204632, 0.888730347157, 0.350832879543, 0.112676896155, 0.0245091430843, 0.00379563169554, 0.000350169284502, 4.43265853391e-05],
        "median": [0.0638864934444, 0.516719937325, 0.979379534721, 1.00415575504, 1.43553555012, 2.97293019295, 4.39107513428, 7.02750778198, 4.90932416916, 5.92465591431, 6.9268579483, 19.8051261902, 16.8121585846, 18.0963230133, 40.2307891846, 17.8393363953, 53.2572479248, 17.0710029602, 11.9644012451, 6.29215812683, 4.19160556793, 5.47875595093, 6.18288564682, 6.66638898849, 4.55478239059, 2.02816057205, 1.20306801796, 1.14552092552, 0.928862690926, 0.773879289627, 0.555573701859, 0.311808794737, 0.259370863438, 0.132739812136, 0.042010627687, 0.0110322851688, 0.00191211188212, 0.000206206270377, 2.37416206801e-05, 3.03378619719e-05],
        "min": [1.24825189505e-21, 7.5576471421e-21, 5.1843011748e-20, 8.22454050834e-20, 1.15053520752e-19, 2.01630793155e-19, 2.12382952047e-19, 3.30040075476e-19, 5.56437935716e-19, 7.6408487809e-19, 4.65230985123e-19, 9.04608957189e-19, 1.92904784741e-18, 6.69948674153e-18, 4.84472281506e-18, 4.23619250818e-18, 1.13882537511e-17, 6.85923765169e-18, 4.62804368078e-18, 6.23746087448e-18, 1.18415280472e-17, 1.71528837118e-17, 1.50994723612e-17, 6.95380548881e-18, 1.26436632852e-17, 1.40643104185e-17, 1.28224360407e-17, 1.67107804898e-17, 2.26686812006e-17, 1.46210741083e-17, 1.35764682445e-17, 1.53681753657e-17, 1.46610649822e-17, 1.51331402665e-17, 9.36310385331e-18, 5.94440236399e-18, 4.11346827019e-18, 1.42142209813e-18, 3.79851108355e-19, 3.21320538456e-20],
        "var": [0.0541423261166, 2.56163907051, 15.7491111755, 20.7263946533, 17.0292682648, 91.8356170654, 311.417572021, 1832.04602051, 5506.98779297, 2070.47265625, 2321.10498047, 1396.61010742, 1872.66906738, 62461.703125, 9268.18359375, 1674.21447754, 20651.4042969, 1913.26037598, 1915.79724121, 683.442077637, 1398.17504883, 1023.54693604, 727.525634766, 918.99597168, 174.226150513, 114.022506714, 152.845413208, 83.0714035034, 107.06942749, 66.599899292, 41.7453193665, 14.3204135895, 5.45963573456, 2.60104322433, 0.497743189335, 0.0721373930573, 0.00455449288711, 0.000116971757961, 2.0029829102e-06, 5.60936896932e-09]
    },
    "gfcc": {
        "mean": [-61.5358085632, 101.000343323, -139.473052979, 27.5716838837, -54.9638023376, 16.7229213715, -32.0543289185, 11.4480085373, -21.6903038025, -1.8378456831, 3.76730656624, 1.33901977539, -6.77628755569],
        "cov": [[27670.7304688, 858.624694824, 2621.43041992, -1397.38549805, -1229.25195312, 3234.45825195, 1105.11242676, -594.785461426, -964.743469238, 1103.57592773, -2368.13964844, 520.154052734, -18.8437309265], [858.624694824, 2016.1595459, -224.222213745, -735.812133789, 273.492401123, -50.9034461975, 326.536071777, -317.545379639, 57.4926185608, -109.302276611, -66.7845840454, -127.647453308, 169.3775177], [2621.43041992, -224.222213745, 927.789123535, 75.1378631592, -111.011001587, 548.344482422, 140.84072876, 25.2386989594, -143.43977356, 216.667510986, -323.207580566, 133.798446655, -108.619155884], [-1397.38549805, -735.812133789, 75.1378631592, 706.913146973, 32.7115097046, -34.9166984558, -182.548446655, 244.753204346, 54.6995735168, -16.8836612701, 151.777908325, 1.87285494804, -86.7079467773], [-1229.25195312, 273.492401123, -111.011001587, 32.7115097046, 291.859985352, -89.7459259033, 18.3973274231, 21.715681076, 74.686958313, -51.6969337463, 112.436668396, -50.4317817688, 0.590017139912], [3234.45825195, -50.9034461975, 548.344482422, -34.9166984558, -89.7459259033, 686.529907227, 219.178405762, -19.8779315948, -149.073730469, 197.531524658, -310.830566406, 75.2292938232, -50.1083641052], [1105.11242676, 326.536071777, 140.84072876, -182.548446655, 18.3973274231, 219.178405762, 250.725219727, -43.6512489319, -47.3421936035, 29.1516170502, -122.269775391, 6.97771406174, 20.4329414368], [-594.785461426, -317.545379639, 25.2386989594, 244.753204346, 21.715681076, -19.8779315948, -43.6512489319, 231.438690186, 59.8691329956, -39.8082885742, 65.4111175537, 24.2062416077, -24.9092082977], [-964.743469238, 57.4926185608, -143.43977356, 54.6995735168, 74.686958313, -149.073730469, -47.3421936035, 59.8691329956, 140.631546021, -22.102771759, 90.4732131958, -19.9883117676, 21.9340229034], [1103.57592773, -109.302276611, 216.667510986, -16.8836612701, -51.6969337463, 197.531524658, 29.1516170502, -39.8082885742, -22.102771759, 171.963363647, -87.3839416504, 35.2524642944, -34.6467628479], [-2368.13964844, -66.7845840454, -323.207580566, 151.777908325, 112.436668396, -310.830566406, -122.269775391, 65.4111175537, 90.4732131958, -87.3839416504, 323.316497803, -51.427734375, 6.95889139175], [520.154052734, -127.647453308, 133.798446655, 1.87285494804, -50.4317817688, 75.2292938232, 6.97771406174, 24.2062416077, -19.9883117676, 35.2524642944, -51.427734375, 91.4096069336, 8.15180778503], [-18.8437309265, 169.3775177, -108.619155884, -86.7079467773, 0.590017139912, -50.1083641052, 20.4329414368, -24.9092082977, 21.9340229034, -34.6467628479, 6.95889139175, 8.15180778503, 89.9224472046]],
        "icov": [[0.000204768308322, -0.000282539898762, 0.00026919998345, -6.36121421849e-06, 0.000419542106101, -0.000459746428533, 0.000248252152232, -0.000412159395637, 0.000617262965534, -0.000718829513062, 0.000880913285073, -0.000345852342434, 2.71526118922e-07], [-0.000282539898762, 0.00216717924923, -0.00105721736327, 0.00116788677406, -0.00164347502869, 0.000329094880726, -0.00136057590134, 0.00218182057142, -0.0025925214868, 0.00263557001017, -0.00146529788617, 0.00224350066856, -0.00162662181538], [0.00026919998345, -0.00105721736327, 0.00411421898752, -0.00114149868023, 0.000411675689975, -0.00100149831269, -6.93177280482e-05, -0.00149491627235, 0.00256135850213, -0.00327846361324, 0.00323315011337, -0.00419628992677, 0.00319986371323], [-6.36121421849e-06, 0.00116788677406, -0.00114149868023, 0.00418977020308, -0.000734247849323, -0.00123777636327, 0.00175637064967, -0.00161326432135, -0.0012483804021, 0.00161859579384, -0.00169554306194, 0.00232751714066, -0.000222545393626], [0.000419542106101, -0.00164347502869, 0.000411675689975, -0.000734247849323, 0.00674962531775, -0.0015859779669, -0.000116170165711, -0.000699411903042, -0.00106381275691, -0.000351407186827, -0.000195844026166, -0.000437376700575, 0.00205632508732], [-0.000459746428533, 0.000329094880726, -0.00100149831269, -0.00123777636327, -0.0015859779669, 0.00738280685619, -0.00370168546215, -0.00116558070295, 0.00308848940767, -0.00373386638239, 0.00106927473098, 0.000999215524644, -0.000842154142447], [0.000248252152232, -0.00136057590134, -6.93177280482e-05, 0.00175637064967, -0.000116170165711, -0.00370168546215, 0.00963902566582, -0.00239519309253, 0.00155997904949, 0.000189757236512, 0.000982121098787, 0.000554507831112, -0.00112473254558], [-0.000412159395637, 0.00218182057142, -0.00149491627235, -0.00161326432135, -0.000699411903042, -0.00116558070295, -0.00239519309253, 0.0126301953569, -0.00876113772392, 0.00811512675136, -0.00335783883929, -0.00204785028473, 0.00154988351278], [0.000617262965534, -0.0025925214868, 0.00256135850213, -0.0012483804021, -0.00106381275691, 0.00308848940767, 0.00155997904949, -0.00876113772392, 0.0195006802678, -0.0109583390877, 0.00440802890807, -0.000508364057168, -0.00342447217554], [-0.000718829513062, 0.00263557001017, -0.00327846361324, 0.00161859579384, -0.000351407186827, -0.00373386638239, 0.000189757236512, 0.00811512675136, -0.0109583390877, 0.0186536423862, -0.00572024146095, 0.000185224926099, 0.00289814523421], [0.000880913285073, -0.00146529788617, 0.00323315011337, -0.00169554306194, -0.000195844026166, 0.00106927473098, 0.000982121098787, -0.00335783883929, 0.00440802890807, -0.00572024146095, 0.0123261800036, -0.00187887612265, 0.000596132013015], [-0.000345852342434, 0.00224350066856, -0.00419628992677, 0.00232751714066, -0.000437376700575, 0.000999215524644, 0.000554507831112, -0.00204785028473, -0.000508364057168, 0.000185224926099, -0.00187887612265, 0.0211193300784, -0.00883016828448], [2.71526118922e-07, -0.00162662181538, 0.00319986371323, -0.000222545393626, 0.00205632508732, -0.000842154142447, -0.00112473254558, 0.00154988351278, -0.00342447217554, 0.00289814523421, 0.000596132013015, -0.00883016828448, 0.0207436662167]]
    },
    "melbands": {
        "dmean": [0.00102231523488, 0.00111252593342, 0.000352569244569, 0.000202464259928, 0.000193676882191, 0.000279757136013, 0.000244501803536, 0.000151967498823, 9.86729719443e-05, 0.000109160580905, 7.93348299339e-05, 0.000197607616428, 0.000101849189377, 5.70371812501e-05, 7.67940364312e-05, 0.00012900737056, 1.96944165509e-05, 2.824497642e-05, 1.34868478199e-05, 1.08914200609e-05, 1.21071661852e-05, 1.18201323858e-05, 1.3889118236e-05, 1.37808610816e-05, 1.53569435497e-05, 6.12406893197e-06, 2.79669757219e-06, 2.43134377342e-06, 2.51524215855e-06, 1.62215462751e-06, 1.69382963122e-06, 1.32724835566e-06, 1.30335763515e-06, 1.25618987568e-06, 1.0303236877e-06, 6.57336613585e-07, 5.45361217519e-07, 4.22017819801e-07, 4.84622660224e-07, 3.4033601537e-07],
        "dmean2": [0.00173250085209, 0.00201047863811, 0.000636492564809, 0.000322066771332, 0.00029828492552, 0.000461150630144, 0.000371529516997, 0.000237673943047, 0.000155069137691, 0.000185020559002, 0.000121505167044, 0.000283624744043, 0.000168909245986, 9.37677832553e-05, 0.000125126112835, 0.000207213131944, 3.13470991387e-05, 4.34115354437e-05, 2.08311266761e-05, 1.65061755979e-05, 1.81683881237e-05, 1.86619618034e-05, 2.20569727389e-05, 2.37231506617e-05, 2.65517664957e-05, 1.0508259038e-05, 4.7321132115e-06, 3.99644704885e-06, 4.00442331738e-06, 2.71374301519e-06, 2.80886001747e-06, 2.01820853363e-06, 2.02549290407e-06, 1.96490145754e-06, 1.55625309617e-06, 9.7783788533e-07, 8.44431042424e-07, 6.40185362499e-07, 7.17709099263e-07, 4.7739359843e-07],
        "dvar": [2.58388990915e-06, 5.74990144742e-06, 6.1537775764e-07, 1.62025102668e-07, 1.61867177439e-07, 5.77889579745e-07, 5.18076376466e-07, 1.60164418617e-07, 9.93740982835e-08, 2.38387176665e-08, 1.57891548724e-08, 2.65498471208e-07, 2.9916733979e-08, 1.37072637685e-08, 1.92089846252e-08, 4.22993942095e-08, 2.9561009196e-09, 3.79391629224e-09, 1.11658415847e-09, 6.59234944411e-10, 8.62956983649e-10, 5.13069198238e-10, 9.40713840158e-10, 6.04674643689e-10, 7.17961412544e-10, 1.02614340636e-10, 2.87571216839e-11, 2.74142618328e-11, 3.28034648056e-11, 1.16406155548e-11, 1.38547584863e-11, 7.64447446316e-12, 9.28217051832e-12, 6.75826929142e-12, 5.18980214706e-12, 1.85966324805e-12, 1.33549161313e-12, 9.13831944144e-13, 1.19929608779e-12, 6.47790415059e-13],
        "dvar2": [6.78024161971e-06, 1.64532593772e-05, 1.77570609594e-06, 4.06571331268e-07, 3.76682123715e-07, 1.40578595165e-06, 1.16336752853e-06, 3.75658061103e-07, 2.24122274517e-07, 6.2778887866e-08, 3.28513323211e-08, 4.77414175748e-07, 8.06676823117e-08, 3.51012836575e-08, 4.57839632872e-08, 1.0341167922e-07, 6.89999524184e-09, 8.19062950796e-09, 2.5854030028e-09, 1.34202815527e-09, 1.8049680639e-09, 1.20595378128e-09, 2.20430584896e-09, 1.52103363238e-09, 1.9094787973e-09, 2.80519607543e-10, 7.87863177476e-11, 6.85647927323e-11, 8.00795471601e-11, 3.24325392931e-11, 3.65452910989e-11, 1.64512136552e-11, 2.13392307297e-11, 1.56022382514e-11, 1.13151137765e-11, 4.05036290965e-12, 3.16745913352e-12, 2.10432474397e-12, 2.51679710059e-12, 1.36172648678e-12],
        "max": [0.0152841815725, 0.0201918110251, 0.0114734843373, 0.00739315571263, 0.0109305502847, 0.0273683927953, 0.0197232402861, 0.00925990659744, 0.010303016752, 0.00348422746174, 0.00253000576049, 0.0122178867459, 0.00215781666338, 0.00294382288121, 0.00267337611876, 0.0029958167579, 0.00159507221542, 0.00108080415521, 0.000732461048756, 0.000444029807113, 0.000576768070459, 0.000442435557488, 0.00074354239041, 0.000453283049865, 0.000278532184893, 0.000172209722223, 0.000136354588903, 0.000157594666234, 9.91896304186e-05, 4.42868113169e-05, 6.32859446341e-05, 5.66773233004e-05, 7.29824605514e-05, 6.80054508848e-05, 6.65039624437e-05, 2.2260544938e-05, 2.42810820055e-05, 2.46660001721e-05, 1.44511996041e-05, 1.44175337482e-05],
        "mean": [0.00139220256824, 0.00125092198141, 0.000418566487497, 0.000330277049216, 0.000350446702214, 0.00041297878488, 0.000391950452467, 0.000218975852476, 0.000147157275933, 0.000182064875844, 0.000165135948919, 0.000481958966702, 0.000197607747396, 9.64437058428e-05, 0.000126455182908, 0.000246515788604, 3.18706806866e-05, 4.40373405581e-05, 2.0231185772e-05, 1.76903558895e-05, 1.89563761523e-05, 1.70505409187e-05, 1.88342619367e-05, 1.35972322823e-05, 1.57789963851e-05, 8.90865885594e-06, 4.62383695776e-06, 4.12874396716e-06, 4.89537114845e-06, 2.98858481074e-06, 3.26901113112e-06, 3.08380685965e-06, 2.71920998784e-06, 2.51511028182e-06, 2.2083913791e-06, 1.42888916344e-06, 1.16324963528e-06, 8.73074839092e-07, 9.58374130278e-07, 6.62562740672e-07],
        "median": [0.000647371052764, 0.000683641759679, 0.000200192298507, 0.000174112690729, 0.000162860800629, 0.000145702477312, 6.61294252495e-05, 5.94930788793e-05, 6.69776345603e-05, 0.000118481111713, 7.6824973803e-05, 4.4115302444e-05, 0.000110966349894, 4.37884809799e-05, 5.72680000914e-05, 0.000100419070804, 1.71047813637e-05, 1.97363697225e-05, 8.26006271382e-06, 6.96579809301e-06, 4.22436369263e-06, 5.2270524975e-06, 6.00218299951e-06, 4.42421696789e-06, 5.23007656739e-06, 3.84490795113e-06, 1.74404863174e-06, 1.0748456134e-06, 6.9868576702e-07, 7.04672288521e-07, 6.05998707215e-07, 5.37744995199e-07, 4.02997528681e-07, 4.37885745441e-07, 3.39162625096e-07, 2.11658516491e-07, 1.78157861797e-07, 1.80078814083e-07, 1.7001264041e-07, 9.06006647483e-08],
        "min": [1.23234351778e-23, 2.21733165234e-23, 1.51027230978e-23, 1.17798571604e-23, 7.3519406675e-24, 7.7787451828e-24, 8.56342512522e-24, 8.11236787025e-24, 3.82018278469e-24, 6.1935595649e-24, 8.87670624538e-24, 2.63009554794e-23, 2.0484849686e-23, 7.60566121159e-24, 2.33250944658e-23, 2.06438777336e-23, 1.24377143017e-23, 6.87752760771e-24, 9.93568180201e-24, 8.88516125656e-24, 1.34070681597e-23, 1.68931076088e-23, 1.85148399691e-23, 9.55267799962e-24, 4.28257991518e-24, 9.8059607259e-24, 1.02844395748e-23, 8.60311587281e-24, 6.83161905847e-24, 9.50956990659e-24, 9.49558261388e-24, 1.10839114481e-23, 1.27732767981e-23, 7.5379106816e-24, 7.53771977726e-24, 7.25976779275e-24, 1.07284546685e-23, 9.98519465673e-24, 1.11992634228e-23, 1.30515096171e-23],
        "var": [3.78635377274e-06, 4.28352086601e-06, 5.16673935635e-07, 2.36427680989e-07, 3.35650298666e-07, 8.19833417154e-07, 1.20962306482e-06, 2.59810690295e-07, 1.3851787628e-07, 4.63640645876e-08, 6.18705158217e-08, 1.25622398173e-06, 7.05462710471e-08, 2.43497559893e-08, 4.28504840499e-08, 1.35104286869e-07, 4.64319294124e-09, 6.53690124253e-09, 1.64161928495e-09, 1.39933675758e-09, 1.88743687346e-09, 9.51283052331e-10, 1.57301405235e-09, 5.87632498217e-10, 7.24407256403e-10, 1.73036418527e-10, 5.68454554262e-11, 5.84604656351e-11, 9.40628755441e-11, 2.44960753071e-11, 3.64546171028e-11, 3.27111671083e-11, 3.04496046433e-11, 2.29636847732e-11, 1.86285743775e-11, 6.60683010037e-12, 4.8346504751e-12, 2.53060484894e-12, 3.14351648011e-12, 1.48173324738e-12]
    },
    "mfcc": {
        "mean": [-691.898742676, 121.036735535, -14.1730918884, 12.4453353882, 3.4681661129, 0.235020771623, 7.62587881088, 8.66166591644, -8.53177642822, -2.35180401802, 7.24599075317, 3.80509805679, 0.202074185014],
        "cov": [[22634.0273438, 2764.54223633, 1532.31213379, -1597.3059082, -1469.30395508, 2357.91845703, 585.333435059, -14.7547292709, 1039.82080078, 480.878753662, -781.398864746, -630.646118164, -202.899230957], [2764.54223633, 2660.71850586, -418.056549072, -550.640869141, -345.710571289, 379.583312988, 128.75579834, -82.3817520142, 193.142791748, 75.4147644043, -206.190963745, -179.947647095, -82.3493499756], [1532.31213379, -418.056549072, 822.968017578, -16.8769874573, -80.8289489746, 366.804260254, 84.1611938477, 63.6658287048, 121.125190735, 51.3028907776, -6.49487781525, -31.0807418823, 19.8525009155], [-1597.3059082, -550.640869141, -16.8769874573, 405.879821777, 252.117492676, -224.115631104, -54.2691116333, 65.2063827515, -78.3137435913, -26.1626663208, 100.969871521, 89.2954788208, 39.0376052856], [-1469.30395508, -345.710571289, -80.8289489746, 252.117492676, 312.320617676, -155.058486938, -36.5471534729, 48.6163101196, -73.5643386841, -15.1920909882, 108.248558044, 71.2191238403, 35.9778251648], [2357.91845703, 379.583312988, 366.804260254, -224.115631104, -155.058486938, 566.156799316, 167.663909912, -9.48854637146, 153.193389893, 105.130325317, -66.0112609863, -92.0891952515, -8.97309780121], [585.333435059, 128.75579834, 84.1611938477, -54.2691116333, -36.5471534729, 167.663909912, 195.831848145, 63.6662254333, 20.5690059662, 43.4136695862, 12.167339325, -32.1876411438, -21.4242839813], [-14.7547292709, -82.3817520142, 63.6658287048, 65.2063827515, 48.6163101196, -9.48854637146, 63.6662254333, 166.460128784, 64.743598938, 4.86147737503, 27.5758094788, 15.9680070877, -5.41378116608], [1039.82080078, 193.142791748, 121.125190735, -78.3137435913, -73.5643386841, 153.193389893, 20.5690059662, 64.743598938, 187.471252441, 53.2722816467, -56.9053268433, -21.0445346832, -5.49794054031], [480.878753662, 75.4147644043, 51.3028907776, -26.1626663208, -15.1920909882, 105.130325317, 43.4136695862, 4.86147737503, 53.2722816467, 89.8143005371, 18.7062301636, -17.4774951935, 1.11833012104], [-781.398864746, -206.190963745, -6.49487781525, 100.969871521, 108.248558044, -66.0112609863, 12.167339325, 27.5758094788, -56.9053268433, 18.7062301636, 120.721748352, 48.2778167725, 16.253200531], [-630.646118164, -179.947647095, -31.0807418823, 89.2954788208, 71.2191238403, -92.0891952515, -32.1876411438, 15.9680070877, -21.0445346832, -17.4774951935, 48.2778167725, 92.7091903687, 33.6935691833], [-202.899230957, -82.3493499756, 19.8525009155, 39.0376052856, 35.9778251648, -8.97309780121, -21.4242839813, -5.41378116608, -5.49794054031, 1.11833012104, 16.253200531, 33.6935691833, 62.1513633728]],
