{
"lowlevel": {
    "average_loudness": 0.6209654212,
    "barkbands_crest": {
        "dmean": 1.70218455791,
        "dmean2": 2.53874897957,
        "dvar": 2.25148916245,
        "dvar2": 4.93975734711,
        "max": 25.6660308838,
        "mean": 8.46501255035,
        "median": 7.67200279236,
        "min": 2.64936232567,
        "var": 11.3488788605
    },
    "barkbands_flatness_db": {
        "dmean": 0.0115266684443,
        "dmean2": 0.0166728831828,
        "dvar": 0.000113159956527,
        "dvar2": 0.000233721613768,
        "max": 0.396353542805,
        "mean": 0.168539717793,
        "median": 0.16821359098,
        "min": 0.0169456806034,
        "var": 0.00200725113973
    },
    "barkbands_kurtosis": {
        "dmean": 0.777900993824,
        "dmean2": 1.17103946209,
        "dvar": 2.77016425133,
        "dvar2": 6.84784507751,
        "max": 101.503990173,
        "mean": 0.828039526939,
        "median": 0.187591552734,
        "min": -1.72841203213,
        "var": 8.2401714325
    },
    "barkbands_skewness": {
        "dmean": 0.264794409275,
        "dmean2": 0.384358465672,
        "dvar": 0.0619256421924,
        "dvar2": 0.144713923335,
        "max": 6.83121156693,
        "mean": 0.137549355626,
        "median": 0.130807414651,
        "min": -3.03168320656,
        "var": 0.644684672356
    },
    "barkbands_spread": {
        "dmean": 2.32446408272,
        "dmean2": 3.39724755287,
        "dvar": 5.54743003845,
        "dvar2": 12.8359260559,
        "max": 94.3888168335,
        "mean": 16.3694343567,
        "median": 15.9805250168,
        "min": 0.426279038191,
        "var": 35.6048355103
    },
    "dissonance": {
        "dmean": 0.0254443585873,
        "dmean2": 0.042978618294,
        "dvar": 0.00056295003742,
        "dvar2": 0.00156297173817,
        "max": 0.500000059605,
        "mean": 0.444369316101,
        "median": 0.452311068773,
        "min": 0.16447044909,
        "var": 0.00141777168028
    },
    "dynamic_complexity": 2.93010520935,
    "erbbands_crest": {
        "dmean": 2.4827272892,
        "dmean2": 3.66353464127,
        "dvar": 4.70224618912,
        "dvar2": 9.61231803894,
        "max": 31.9585056305,
        "mean": 11.8796882629,
        "median": 10.8694620132,
        "min": 2.56220078468,
        "var": 26.2772941589
    },
    "erbbands_flatness_db": {
        "dmean": 0.0123346112669,
        "dmean2": 0.0168105382472,
        "dvar": 0.000118171315989,
        "dvar2": 0.000200829133973,
        "max": 0.458050340414,
        "mean": 0.242865890265,
        "median": 0.244375139475,
        "min": 0.0402383618057,
        "var": 0.00253582443111
    },
    "erbbands_kurtosis": {
        "dmean": 0.844785511494,
        "dmean2": 1.25411212444,
        "dvar": 1.59665191174,
        "dvar2": 3.28775572777,
        "max": 94.958480835,
        "mean": 1.13766443729,
        "median": 0.639948368073,
        "min": -1.5692024231,
        "var": 4.6363992691
    },
    "erbbands_skewness": {
        "dmean": 0.304170757532,
        "dmean2": 0.436253547668,
        "dvar": 0.0647047758102,
        "dvar2": 0.12958458066,
        "max": 6.32885503769,
        "mean": 0.236574396491,
        "median": 0.228263303638,
        "min": -2.4602689743,
        "var": 0.417018771172
    },
    "erbbands_spread": {
        "dmean": 2.80894613266,
        "dmean2": 4.08823680878,
        "dvar": 7.88490581512,
        "dvar2": 17.2297706604,
        "max": 94.6168136597,
        "mean": 17.1850509644,
        "median": 15.7453546524,
        "min": 0.812125384808,
        "var": 68.5659408569
    },
    "hfc": {
        "dmean": 3.47446751595,
        "dmean2": 4.47799158096,
        "dvar": 17.2171955109,
        "dvar2": 27.7180557251,
        "max": 149.129959106,
        "mean": 19.4004688263,
        "median": 15.1786689758,
        "min": 1.07568790318e-16,
        "var": 239.894454956
    },
    "melbands_crest": {
        "dmean": 2.54399561882,
        "dmean2": 3.92616581917,
        "dvar": 5.57976770401,
        "dvar2": 13.9698009491,
        "max": 33.713180542,
        "mean": 11.5915336609,
        "median": 10.6261644363,
        "min": 1.45476651192,
        "var": 23.4236602783
    },
    "melbands_flatness_db": {
        "dmean": 0.0135288536549,
        "dmean2": 0.0200992245227,
        "dvar": 0.000166660436662,
        "dvar2": 0.00038379849866,
        "max": 0.471918672323,
        "mean": 0.219566389918,
        "median": 0.215388476849,
        "min": 0.00300223333761,
        "var": 0.00332618644461
    },
    "melbands_kurtosis": {
        "dmean": 1.34383106232,
        "dmean2": 2.05128455162,
        "dvar": 7.04428577423,
        "dvar2": 18.7062034607,
        "max": 98.0619049072,
        "mean": 1.98701906204,
        "median": 0.91407585144,
        "min": -1.7457306385,
        "var": 19.1993217468
    },
    "melbands_skewness": {
        "dmean": 0.32667824626,
        "dmean2": 0.479241937399,
        "dvar": 0.101115182042,
        "dvar2": 0.243974298239,
        "max": 7.59837341309,
        "mean": 0.824201226234,
        "median": 0.723513424397,
        "min": -2.34418010712,
        "var": 0.701583564281
    },
    "melbands_spread": {
        "dmean": 3.52713012695,
        "dmean2": 5.2625670433,
        "dvar": 13.7359361649,
        "dvar2": 34.3588218689,
        "max": 172.985046387,
        "mean": 22.6132450104,
        "median": 19.8962478638,
        "min": 1.08887267113,
        "var": 302.792236328
    },
    "pitch_salience": {
        "dmean": 0.0511471033096,
        "dmean2": 0.079554207623,
        "dvar": 0.00190664769616,
        "dvar2": 0.00471489317715,
        "max": 0.895940363407,
        "mean": 0.571206569672,
        "median": 0.571064710617,
        "min": 0.203102692962,
        "var": 0.00803932454437
    },
    "silence_rate_20dB": {
        "dmean": 0,
        "dmean2": 0,
        "dvar": 0,
        "dvar2": 0,
        "max": 1,
        "mean": 1,
        "median": 1,
        "min": 1,
        "var": 0
    },
    "silence_rate_30dB": {
        "dmean": 0.00151954684407,
        "dmean2": 0.00303930370137,
        "dvar": 0.00151716638356,
        "dvar2": 0.00358228292316,
        "max": 1,
        "mean": 0.997789919376,
        "median": 1,
        "min": 0,
        "var": 0.00220537162386
    },
    "silence_rate_60dB": {
        "dmean": 0.00234839064069,
        "dmean2": 0.0046971058473,
        "dvar": 0.00234305206686,
        "dvar2": 0.00564288673922,
        "max": 1,
        "mean": 0.0571172051132,
        "median": 0,
        "min": 0,
        "var": 0.0538385696709
    },
    "spectral_centroid": {
        "dmean": 110.634101868,
        "dmean2": 173.226013184,
        "dvar": 22250.7128906,
        "dvar2": 54616.3632812,
        "max": 11939.0673828,
        "mean": 1246.9732666,
        "median": 1033.57739258,
        "min": 233.349472046,
        "var": 1979785.375
    },
    "spectral_complexity": {
        "dmean": 1.79914355278,
        "dmean2": 3.04565858841,
        "dvar": 2.32767677307,
        "dvar2": 6.19520568848,
        "max": 34,
        "mean": 16.8154563904,
        "median": 17,
        "min": 0,
        "var": 31.2673397064
    },
    "spectral_decrease": {
        "dmean": 1.05062669675e-09,
        "dmean2": 1.42980283169e-09,
        "dvar": 1.30641555865e-18,
        "dvar2": 2.47504309318e-18,
        "max": 2.24727689266e-28,
        "mean": -6.24715656983e-09,
        "median": -5.33213562193e-09,
        "min": -4.80903636912e-08,
        "var": 1.91929443673e-17
    },
    "spectral_energy": {
        "dmean": 0.00423435075209,
        "dmean2": 0.0057318797335,
        "dvar": 2.10451125895e-05,
        "dvar2": 3.88880253013e-05,
        "max": 0.195030644536,
        "mean": 0.0253380183131,
        "median": 0.0216014254838,
        "min": 9.86840284046e-21,
        "var": 0.000316941819619
    },
    "spectral_energyband_high": {
        "dmean": 3.70881607523e-05,
        "dmean2": 6.01843676122e-05,
        "dvar": 6.78180178681e-09,
        "dvar2": 1.60818700579e-08,
        "max": 0.00225680088624,
        "mean": 0.00012825903832,
        "median": 5.97108191869e-05,
        "min": 6.87643321151e-21,
        "var": 3.82925229303e-08
    },
    "spectral_energyband_low": {
        "dmean": 0.0013760420261,
        "dmean2": 0.00226927711628,
        "dvar": 7.33886599846e-06,
        "dvar2": 1.91778472072e-05,
        "max": 0.0517291985452,
        "mean": 0.00278811249882,
        "median": 0.00134302896913,
        "min": 7.42009903857e-24,
        "var": 1.6707341274e-05
    },
    "spectral_energyband_middle_high": {
        "dmean": 0.00218864087947,
        "dmean2": 0.0028217905201,
        "dvar": 7.31545060262e-06,
        "dvar2": 1.16946048365e-05,
        "max": 0.0855782851577,
        "mean": 0.00907921791077,
        "median": 0.00668466696516,
        "min": 1.11731956404e-21,
        "var": 6.96702409186e-05
    },
    "spectral_energyband_middle_low": {
        "dmean": 0.00269648409449,
        "dmean2": 0.00361750880256,
        "dvar": 1.00213774203e-05,
        "dvar2": 1.63857257576e-05,
        "max": 0.158005326986,
        "mean": 0.0129004642367,
        "median": 0.00970428995788,
        "min": 1.13453281191e-22,
        "var": 0.000143252356793
    },
    "spectral_entropy": {
        "dmean": 0.0844815000892,
        "dmean2": 0.120089918375,
        "dvar": 0.00621156161651,
        "dvar2": 0.011680688709,
        "max": 9.82998275757,
        "mean": 7.0027961731,
        "median": 6.97214078903,
        "min": 4.67869567871,
        "var": 0.270905792713
    },
    "spectral_flux": {
        "dmean": 0.0104178637266,
        "dmean2": 0.0176718030125,
        "dvar": 9.16580756893e-05,
        "dvar2": 0.00025856908178,
        "max": 0.162916019559,
        "mean": 0.0547967590392,
        "median": 0.053645092994,
        "min": 6.317922574e-11,
        "var": 0.00050132535398
    },
    "spectral_kurtosis": {
        "dmean": 4.15454769135,
        "dmean2": 7.34415054321,
        "dvar": 20.3554725647,
        "dvar2": 62.3886795044,
        "max": 75.6089630127,
        "mean": 10.1896839142,
        "median": 8.31760215759,
        "min": -1.27543747425,
        "var": 53.305683136
    },
    "spectral_rms": {
        "dmean": 0.000404657097533,
        "dmean2": 0.000550400698557,
        "dvar": 1.3548171296e-07,
        "dvar2": 2.75617736634e-07,
        "max": 0.0137939769775,
        "mean": 0.0046411594376,
        "median": 0.00459070364013,
        "min": 3.10285499551e-12,
        "var": 3.17958233609e-06
    },
    "spectral_rolloff": {
        "dmean": 156.736831665,
        "dmean2": 270.889129639,
        "dvar": 112737.789062,
        "dvar2": 285034.84375,
        "max": 19702.8808594,
        "mean": 1604.0098877,
        "median": 1248.92578125,
        "min": 129.19921875,
        "var": 6130140
    },
    "spectral_skewness": {
        "dmean": 0.34119912982,
        "dmean2": 0.594934463501,
        "dvar": 0.102373942733,
        "dvar2": 0.314393997192,
        "max": 6.79146814346,
        "mean": 2.1451215744,
        "median": 2.04324483871,
        "min": -0.0908182933927,
        "var": 0.481475770473
    },
    "spectral_spread": {
        "dmean": 212741.640625,
        "dmean2": 345700.875,
        "dvar": 251209023488,
        "dvar2": 567739219968,
        "max": 49833776,
        "mean": 3361559.5,
        "median": 2476808.5,
        "min": 928519.5,
        "var": 2.81232948593e+13
    },
    "spectral_strongpeak": {
        "dmean": 0.813628077507,
        "dmean2": 1.27282631397,
        "dvar": 1.28180265427,
        "dvar2": 2.61231422424,
        "max": 15.921204567,
        "mean": 2.25738334656,
        "median": 1.59063541889,
        "min": 0,
        "var": 5.41597318649
    },
    "zerocrossingrate": {
        "dmean": 0.00402152445167,
        "dmean2": 0.0051695345901,
        "dvar": 3.28501082549e-05,
        "dvar2": 6.52837697999e-05,
        "max": 0.5361328125,
        "mean": 0.0554665438831,
        "median": 0.04638671875,
        "min": 0.00732421875,
        "var": 0.0042878407985
    },
    "barkbands": {
        "dmean": [0.000112200359581, 0.000520456815138, 0.000867288617883, 0.000533943122718, 0.000712099601515, 0.000457439688034, 0.000569223077036, 0.0012397369137, 0.000896348792594, 0.000805484538432, 0.000718804949429, 0.000738279719371, 0.000319731247146, 0.00114853051491, 0.000215599910007, 9.94081055978e-05, 0.000142005141242, 6.23396117589e-05, 6.41770166112e-05, 4.03361191275e-05, 1.66217741935e-05, 8.94352888281e-06, 4.5101219257e-06, 4.02135174227e-06, 1.74901867922e-06, 8.88586839665e-07, 3.56492648734e-07],
        "dmean2": [0.000146378777572, 0.000826958217658, 0.00146026967559, 0.000923811574467, 0.00106063752901, 0.000645710213576, 0.000867228081916, 0.00157291837968, 0.00108573236503, 0.00105323258322, 0.000905020919163, 0.000972242793068, 0.000456817098893, 0.00150122260675, 0.000357924989657, 0.00015825931041, 0.000240706911427, 0.000106020554085, 0.000109808890556, 6.90947053954e-05, 2.83957961074e-05, 1.4888775695e-05, 7.1425151873e-06, 6.26433302386e-06, 2.39048904405e-06, 1.16977730613e-06, 5.25514678884e-07],
        "dvar": [2.03863201875e-08, 1.12276336495e-06, 3.5595837744e-06, 8.04601143045e-07, 1.04410810309e-06, 3.92287233808e-07, 7.00232703821e-07, 3.34949004355e-06, 3.48646176462e-06, 1.57650902111e-06, 1.58709519837e-06, 1.79296512215e-06, 6.85679822254e-07, 4.14151145378e-06, 1.17723338633e-07, 3.61391627735e-08, 5.00848500451e-08, 1.18726068976e-08, 1.18899938784e-08, 5.05770580972e-09, 1.05890862745e-09, 2.76831585433e-10, 2.26334950781e-10, 2.62034838272e-10, 7.4808742534e-11, 2.87953844796e-11, 7.96309025664e-12],
        "dvar2": [2.77760054956e-08, 2.73789532912e-06, 9.62346257438e-06, 2.28278304348e-06, 2.59231410382e-06, 7.73715669311e-07, 1.7408721078e-06, 5.05744310431e-06, 3.9909446059e-06, 2.36126879827e-06, 2.15569366446e-06, 2.68021130978e-06, 1.25954557006e-06, 6.95021026331e-06, 3.12004004854e-07, 8.09999107787e-08, 1.40254854841e-07, 3.23436530891e-08, 3.38576384706e-08, 1.44892835507e-08, 3.02729086243e-09, 7.14769521348e-10, 4.87999640697e-10, 5.33476873787e-10, 1.33180660944e-10, 5.13960159154e-11, 1.64204153746e-11],
        "max": [0.011133223772, 0.0214251037687, 0.0351772494614, 0.0134522151202, 0.0478045716882, 0.0212959758937, 0.0240118969232, 0.0657040402293, 0.11690492183, 0.0570880845189, 0.0346202738583, 0.0319406427443, 0.0292079970241, 0.0627682283521, 0.00663037598133, 0.00500882510096, 0.00361580145545, 0.00199166778475, 0.00236628716812, 0.0015243338421, 0.000777425302658, 0.000429455190897, 0.000477438647067, 0.000757792033255, 0.00028203218244, 0.000151969172293, 7.82448696555e-05],
        "mean": [0.00178090203553, 0.000860074942466, 0.00121726549696, 0.000741981493775, 0.00229510548525, 0.00115376838949, 0.00132377143018, 0.00341080734506, 0.00272892857902, 0.00191769131925, 0.00162651191931, 0.00150990544353, 0.000591175165027, 0.00298937223852, 0.000380902085453, 0.000171291496372, 0.0002308266412, 0.000113072994282, 0.000118709875096, 8.19209017209e-05, 3.74526607629e-05, 2.61038039753e-05, 1.22981964523e-05, 1.09451175376e-05, 4.78887386635e-06, 1.99954229174e-06, 3.98433684268e-07],
        "median": [0.00155668798834, 0.000211178135942, 0.000229628407396, 0.000334662618116, 0.00109434011392, 0.000696330331266, 0.000765575503465, 0.0016492754221, 0.000944897241425, 0.00102228962351, 0.00063871423481, 0.000614302407485, 0.00021686834225, 0.000996370217763, 0.000222547416342, 8.69030773174e-05, 0.000135087233502, 6.70945228194e-05, 7.33882043278e-05, 4.69252154289e-05, 1.7376129108e-05, 1.28756628328e-05, 3.65017399417e-06, 2.10707503356e-06, 5.83822838962e-07, 1.20938707937e-07, 5.14576292687e-09],
        "min": [9.18869927893e-26, 5.95660980923e-25, 7.21158397145e-25, 2.82948481573e-25, 5.92915389986e-24, 2.46295035828e-24, 5.08410755995e-24, 6.20832861877e-24, 1.14548819662e-23, 1.76928216623e-23, 1.4465416572e-23, 1.72616949781e-23, 2.58309616184e-23, 2.3932845529e-23, 2.61623967945e-23, 3.52755972284e-23, 6.54066601515e-23, 6.29852042713e-23, 1.14232461195e-22, 1.31968477726e-22, 2.32820141407e-22, 2.97753415596e-22, 3.7282770498e-22, 5.58908279515e-22, 8.39296910212e-22, 1.22986661444e-21, 1.88073890989e-21],
        "var": [1.9211952349e-06, 2.69678798759e-06, 6.07301808486e-06, 1.14968509024e-06, 1.31261340357e-05, 2.12246436604e-06, 3.24688949149e-06, 2.74752637779e-05, 3.60951780749e-05, 8.18585340312e-06, 7.38895369068e-06, 6.64575827614e-06, 1.80595293386e-06, 2.6045663617e-05, 2.48135165748e-07, 8.29270732083e-08, 8.52038297694e-08, 2.26941736514e-08, 2.25627037054e-08, 1.38545237505e-08, 3.06248515436e-09, 1.34560795839e-09, 8.37747871074e-10, 7.96425148053e-10, 2.91239199424e-10, 8.12016356933e-11, 9.68906292004e-12]
    },
    "erbbands": {
        "dmean": [0.003840806894, 0.161572217941, 0.98391187191, 1.05921077728, 2.27006602287, 2.35757517815, 3.04801535606, 3.97242927551, 7.75596809387, 19.9481601715, 19.7156028748, 24.1202602386, 29.3618278503, 12.9990768433, 28.7891483307, 35.030090332, 16.7221317291, 60.7589988708, 17.7861423492, 7.49457550049, 5.78867149353, 5.12250709534, 2.08916950226, 5.6408405304, 1.90372228622, 2.00427126884, 0.896788775921, 0.385767310858, 0.273788571358, 0.254665195942, 0.159950837493, 0.105422079563, 0.0400090590119, 0.0258490107954, 0.0127158463001, 0.00489471992478, 0.00145354354754, 0.000494193052873, 6.28958296147e-05, 5.80141613682e-06],
        "dmean2": [0.00635814247653, 0.258529275656, 1.64381146431, 1.80561614037, 4.03962087631, 3.27775359154, 4.22165060043, 5.69533205032, 11.4666090012, 25.2098064423, 27.5397357941, 28.4945316315, 38.0479469299, 16.6663322449, 36.7344207764, 45.6657752991, 23.3789634705, 79.1151657104, 25.916343689, 12.4053478241, 9.55515289307, 8.64941501617, 3.49101758003, 9.62985610962, 3.19198918343, 3.44961595535, 1.51868951321, 0.654156029224, 0.4551243186, 0.419959068298, 0.2552960217, 0.167325899005, 0.0618298053741, 0.0373410619795, 0.0172646138817, 0.00635382393375, 0.00199021864682, 0.000671823276207, 9.45763458731e-05, 7.9344081314e-06],
        "dvar": [6.3920590037e-05, 0.107991762459, 4.45271682739, 3.34138727188, 13.4617004395, 13.8046140671, 22.0654010773, 28.4728527069, 143.521911621, 1050.80163574, 871.355285645, 2770.71435547, 2276.21386719, 365.132781982, 2439.30688477, 4132.74365234, 1401.44006348, 11853.2236328, 689.614257812, 142.893264771, 76.8160171509, 62.7475547791, 8.53351306915, 144.690872192, 8.07680416107, 13.936088562, 2.8227186203, 0.444294661283, 0.307444274426, 0.281363248825, 0.281559705734, 0.129883572459, 0.0431168116629, 0.0181594844908, 0.00443044165149, 0.00071101920912, 8.8455977675e-05, 1.35371292345e-05, 2.51875036383e-07, 1.13667110446e-10],
        "dvar2": [0.000183260606718, 0.265756219625, 11.9638652802, 9.35369968414, 42.1778373718, 28.6503314972, 43.5606193542, 57.5898475647, 354.391418457, 1495.64465332, 1607.01477051, 3057.76123047, 3425.01171875, 532.562988281, 3539.73779297, 6104.81298828, 2563.18530273, 20010.8242188, 1365.37243652, 381.087493896, 199.571456909, 174.536697388, 22.8144378662, 393.217163086, 21.9109764099, 40.4641647339, 7.94551897049, 1.22596657276, 0.785259664059, 0.710493147373, 0.638360917568, 0.306682407856, 0.0810173079371, 0.0329922661185, 0.00765667157248, 0.00120322278235, 0.000169557475601, 2.71628869086e-05, 5.18248100434e-07, 2.24062060572e-10],
        "max": [0.153678894043, 6.62007379532, 40.6544456482, 31.6847324371, 71.4269943237, 211.406921387, 207.060653687, 191.897476196, 343.747802734, 1263.38842773, 1612.5604248, 3361.48095703, 2172.09375, 636.945617676, 1101.34008789, 1642.98474121, 1227.93811035, 3414.67700195, 955.157592773, 260.602233887, 163.717636108, 156.370010376, 46.298324585, 245.791152954, 56.8707237244, 76.342124939, 35.6988487244, 16.6132030487, 15.3870687485, 11.3428764343, 19.5617427826, 19.5677757263, 11.1262998581, 6.37778711319, 1.95319950581, 0.788865685463, 0.288816660643, 0.103882819414, 0.0131804393604, 0.000301724474411],
        "mean": [0.0106453113258, 0.265095233917, 1.45683789253, 1.73297488689, 3.68146681786, 8.47567749023, 10.075879097, 9.52341365814, 18.825334549, 57.5109558105, 49.8524169922, 76.5920562744, 72.083366394, 37.0951194763, 67.7857818604, 73.6865997314, 37.651512146, 161.820175171, 45.7442054749, 15.0083274841, 11.1325588226, 9.01662635803, 4.85905504227, 9.44570732117, 4.35039758682, 4.15803766251, 2.14834451675, 1.05067026615, 0.777482509613, 0.658836662769, 0.424415171146, 0.294630259275, 0.109829470515, 0.0672914907336, 0.0326216220856, 0.0120108276606, 0.00307187903672, 0.000692458590493, 8.09280900285e-05, 3.10615505441e-05],
        "median": [0.00695801107213, 0.0639277994633, 0.274721741676, 0.820264041424, 2.09136009216, 3.07636713982, 4.17029237747, 6.23608255386, 10.8838615417, 23.5803794861, 30.4682693481, 27.0913162231, 38.6222190857, 21.6161251068, 28.5490608215, 31.6730575562, 19.0375328064, 57.6307907104, 26.2898635864, 10.3206605911, 7.24437379837, 6.04374408722, 3.45096683502, 4.63961267471, 2.93651151657, 2.25595378876, 0.95913630724, 0.621782243252, 0.426213890314, 0.253032177687, 0.125314295292, 0.0572409667075, 0.0232109054923, 0.010447720997, 0.00330311525613, 0.000916036427952, 0.000194366482901, 2.46903546213e-05, 1.28300671349e-05, 2.56295916188e-05],
        "min": [2.56710674015e-23, 2.28332065593e-22, 1.78240175613e-21, 3.63091576115e-21, 1.14749976164e-20, 1.84708639145e-20, 3.04445569284e-20, 4.29530722915e-20, 6.58463103327e-20, 1.76300364375e-19, 2.14945001822e-19, 2.71818502772e-19, 5.15212701552e-19, 6.9568991443e-19, 8.57408377075e-19, 9.00244442084e-19, 1.28753174905e-18, 1.77392439239e-18, 2.34952980896e-18, 2.97397796595e-18, 2.44728518657e-18, 3.4687922385e-18, 4.18407309856e-18, 4.45597150181e-18, 6.37492050791e-18, 7.40888882897e-18, 9.24419167717e-18, 9.08065227981e-18, 1.05835410183e-17, 1.02902690952e-17, 1.08674194784e-17, 9.7691800509e-18, 9.08452513943e-18, 7.60177824883e-18, 6.23349826576e-18, 4.09729399408e-18, 2.29078902532e-18, 9.44608309684e-19, 2.4255582538e-19, 2.64039234234e-20],
        "var": [0.00016587524442, 0.259611397982, 8.63133335114, 5.70185136795, 23.5405883789, 232.000045776, 265.818969727, 119.022979736, 692.995727539, 9440.71972656, 3945.62890625, 29851.1582031, 11256.3300781, 2562.26269531, 11347.8486328, 15169.2197266, 3983.41040039, 75534.40625, 3438.78198242, 271.413085938, 168.876525879, 104.019874573, 23.7312545776, 253.831665039, 22.9847888947, 37.1336479187, 9.73130226135, 1.77363622189, 1.32608413696, 1.10705566406, 0.951074779034, 0.484250992537, 0.119165614247, 0.053469736129, 0.015661098063, 0.002443743404, 0.000219265508349, 1.99856931431e-05, 3.00661980646e-07, 5.8061050412e-10]
    },
    "gfcc": {
        "mean": [-65.7822570801, 136.292739868, -161.114120483, 2.80938339233, -61.1673240662, 5.19038963318, -26.5358657837, -4.35546398163, -14.8729228973, -2.60597038269, -7.09109210968, -13.2758226395, -8.88713264465],
        "cov": [[29847.0625, 2782.01025391, -3601.77001953, 345.336486816, -1518.43505859, 442.829193115, -621.93145752, 19.2903213501, -427.133789062, 82.4891662598, -213.22215271, -327.049407959, -278.310394287], [2782.01025391, 1552.88891602, -199.227539062, 70.4251403809, 65.4502639771, -124.871284485, 52.3759117126, -119.860237122, 67.2278060913, -145.468093872, -6.38606309891, -153.959518433, 25.5967197418], [-3601.77001953, -199.227539062, 1254.11315918, 201.399932861, 298.949890137, 42.2612266541, 119.326385498, 67.2642974854, -7.66332483292, -3.40845060349, -80.6476821899, -0.172077298164, -51.0771446228], [345.336486816, 70.4251403809, 201.399932861, 266.49432373, 74.7947006226, 32.8275260925, 16.6371879578, 29.2631263733, -29.1707305908, -1.05445992947, -51.135219574, -10.1040439606, -28.5279102325], [-1518.43505859, 65.4502639771, 298.949890137, 74.7947006226, 244.932617188, 6.42998695374, 90.8009567261, -4.85128641129, 36.5071792603, -14.0647516251, -11.7786607742, -15.4453220367, -4.59718990326], [442.829193115, -124.871284485, 42.2612266541, 32.8275260925, 6.42998695374, 178.543441772, 24.4159450531, 37.3965568542, -16.4035263062, 14.014541626, -14.1697530746, -29.3932876587, -49.3067970276], [-621.93145752, 52.3759117126, 119.326385498, 16.6371879578, 90.8009567261, 24.4159450531, 139.622512817, 38.5901222229, 40.7642097473, -5.48607540131, -6.33214664459, -13.6269683838, -9.26435470581], [19.2903213501, -119.860237122, 67.2642974854, 29.2631263733, -4.85128641129, 37.3965568542, 38.5901222229, 99.6733093262, 12.6286096573, 14.5655908585, -22.1256027222, 1.16448950768, -25.3210144043], [-427.133789062, 67.2278060913, -7.66332483292, -29.1707305908, 36.5071792603, -16.4035263062, 40.7642097473, 12.6286096573, 94.1390151978, 6.95002555847, 19.7237186432, -16.6591930389, 10.596985817], [82.4891662598, -145.468093872, -3.40845060349, -1.05445992947, -14.0647516251, 14.014541626, -5.48607540131, 14.5655908585, 6.95002555847, 86.6708450317, 15.1892032623, 16.798210144, -11.995598793], [-213.22215271, -6.38606309891, -80.6476821899, -51.135219574, -11.7786607742, -14.1697530746, -6.33214664459, -22.1256027222, 19.7237186432, 15.1892032623, 82.4009475708, 29.5959415436, 24.2901668549], [-327.049407959, -153.959518433, -0.172077298164, -10.1040439606, -15.4453220367, -29.3932876587, -13.6269683838, 1.16448950768, -16.6591930389, 16.798210144, 29.5959415436, 96.0244522095, 39.1497764587], [-278.310394287, 25.5967197418, -51.0771446228, -28.5279102325, -4.59718990326, -49.3067970276, -9.26435470581, -25.3210144043, 10.596985817, -11.995598793, 24.2901668549, 39.1497764587, 83.1411743164]],
        "icov": [[0.000306904228637, -0.00087955390336, 0.000670036766678, -0.000477722234791, 0.00106900010724, -0.00111446646042, 0.000600446597673, -0.000768153753597, 0.000888133130502, -0.00128805462737, 0.000989496009424, -0.000607952359132, 0.000475132605061], [-0.00087955390336, 0.0037837093696, -0.00169576064218, 0.000500845664646, -0.00283795734867, 0.00409698812291, -0.00258315703832, 0.00346484966576, -0.00302076037042, 0.00514328712597, -0.00341605604626, 0.00379038229585, -0.00159859890118], [0.000670036766678, -0.00169576064218, 0.00283090351149, -0.00146594876423, 0.000751606770791, -0.00219260901213, 0.00115193484817, -0.00214581913315, 0.00233019166626, -0.00265613850206, 0.00275652715936, -0.00151694694068, 0.0014459398808], [-0.000477722234791, 0.000500845664646, -0.00146594876423, 0.0064723007381, -0.00350507651456, 0.000841254077386, 0.000380153622245, -0.000900895742234, 0.000537930696737, 0.000651619804557, 0.000857088249177, -0.000536332256161, -0.00033243955113], [0.00106900010724, -0.00283795734867, 0.000751606770791, -0.00350507651456, 0.0124685103074, -0.00390019547194, -0.00238208263181, 0.00154209241737, 0.000237887143157, -0.00354414270259, 0.00321018556133, -0.0018330848543, 0.00167546863668], [-0.00111446646042, 0.00409698812291, -0.00219260901213, 0.000841254077386, -0.00390019547194, 0.0121990600601, -0.0038665230386, 0.00142084027175, -0.00103088840842, 0.00478162243962, -0.0054789907299, 0.00580279994756, 0.000660117075313], [0.000600446597673, -0.00258315703832, 0.00115193484817, 0.000380153622245, -0.00238208263181, -0.0038665230386, 0.014049869962, -0.00705247651786, -0.000888479116838, -0.0022670852486, 0.00209305994213, -0.00231116940267, 0.000899252598174], [-0.000768153753597, 0.00346484966576, -0.00214581913315, -0.000900895742234, 0.00154209241737, 0.00142084027175, -0.00705247651786, 0.0197464022785, -0.00743853952736, 0.00355882151052, 0.00166801258456, -0.00111918186303, 0.00239168410189], [0.000888133130502, -0.00302076037042, 0.00233019166626, 0.000537930696737, 0.000237887143157, -0.00103088840842, -0.000888479116838, -0.00743853952736, 0.020199675113, -0.00685915676877, -0.00189524434973, 0.00421131867915, -0.00243714009412], [-0.00128805462737, 0.00514328712597, -0.00265613850206, 0.000651619804557, -0.00354414270259, 0.00478162243962, -0.0022670852486, 0.00355882151052, -0.00685915676877, 0.0210222210735, -0.00715095037594, 0.00112135126255, 0.00163615704514], [0.000989496009424, -0.00341605604626, 0.00275652715936, 0.000857088249177, 0.00321018556133, -0.0054789907299, 0.00209305994213, 0.00166801258456, -0.00189524434973, -0.00715095037594, 0.0226179026067, -0.00936598423868, 0.00103310798295], [-0.000607952359132, 0.00379038229585, -0.00151694694068, -0.000536332256161, -0.0018330848543, 0.00580279994756, -0.00231116940267, -0.00111918186303, 0.00421131867915, 0.00112135126255, -0.00936598423868, 0.0230559483171, -0.010071692057], [0.000475132605061, -0.00159859890118, 0.0014459398808, -0.00033243955113, 0.00167546863668, 0.000660117075313, 0.000899252598174, 0.00239168410189, -0.00243714009412, 0.00163615704514, 0.00103310798295, -0.010071692057, 0.0211847946048]]
    },
    "melbands": {
        "dmean": [8.52980447235e-05, 0.000403882295359, 0.000223314636969, 0.000146963953739, 0.000112575791718, 9.35487551033e-05, 0.000114270835184, 0.000239088170929, 0.000153803732246, 0.00015659359633, 0.000145029407577, 5.18078595633e-05, 9.63469210546e-05, 8.00203051767e-05, 6.50232905173e-05, 3.65070591215e-05, 0.000137048569741, 3.05376524921e-05, 1.42753979162e-05, 1.04397013274e-05, 7.76650904299e-06, 7.43662440073e-06, 2.17831575355e-06, 2.85047121906e-06, 5.14244356964e-06, 1.6051029661e-06, 1.38088034873e-06, 1.39654343911e-06, 5.47755746538e-07, 6.48513434953e-07, 1.82351840294e-07, 1.90403653733e-07, 1.79402363187e-07, 1.17703265801e-07, 1.01379988848e-07, 8.96979628351e-08, 6.36724379888e-08, 2.30411263402e-08, 4.29356745713e-08, 1.72165499635e-08],
        "dmean2": [0.00013689766638, 0.000665855244733, 0.000385877938243, 0.000238661901676, 0.000149509185576, 0.000132484987262, 0.000169128397829, 0.000296942453133, 0.000220115369302, 0.000183241194463, 0.000189188678632, 6.74247567076e-05, 0.000120504279039, 0.000104441096482, 8.71471856954e-05, 5.18992637808e-05, 0.000177979280124, 4.3979165639e-05, 2.39030086959e-05, 1.67416419572e-05, 1.31017759486e-05, 1.26148115669e-05, 3.62372293239e-06, 4.82028281112e-06, 8.78526407178e-06, 2.72509828392e-06, 2.32744605455e-06, 2.40689837483e-06, 9.25649032979e-07, 1.11078099962e-06, 3.04425469722e-07, 3.1924790278e-07, 3.00070723824e-07, 1.93935377979e-07, 1.6437560646e-07, 1.4429821249e-07, 1.02161166637e-07, 3.68098369563e-08, 6.54880949469e-08, 2.51598901713e-08],
        "dvar": [2.90866086772e-08, 7.17624743629e-07, 1.2946328809e-07, 5.18487404122e-08, 2.93316482214e-08, 1.58537947215e-08, 2.94607520601e-08, 1.55688951509e-07, 5.3590014204e-08, 1.26532199829e-07, 5.55595995877e-08, 5.99081539931e-09, 3.13935295537e-08, 1.76824617171e-08, 1.70594613991e-08, 1.26231398667e-08, 6.28967171679e-08, 2.50500753474e-09, 6.78523182085e-10, 3.51554285682e-10, 1.73636535705e-10, 1.33143288061e-10, 1.9876246482e-11, 2.19255100187e-11, 1.23146756681e-10, 7.22709218859e-12, 4.87698726889e-12, 8.40345414782e-12, 1.30122160876e-12, 1.77574209677e-12, 9.95772949232e-14, 1.26068331664e-13, 1.43471077575e-13, 6.52151536983e-14, 9.67327549984e-14, 9.61010242738e-14, 5.66581219333e-14, 6.17243835389e-15, 1.33672641098e-13, 5.84205061172e-15],
        "dvar2": [7.46107389205e-08, 1.88562046333e-06, 3.69221197616e-07, 1.55893772558e-07, 5.00307493212e-08, 3.05307601423e-08, 7.23847932704e-08, 2.16232891148e-07, 1.0362499836e-07, 1.36550198704e-07, 8.4086195784e-08, 8.86416007262e-09, 4.20939478829e-08, 2.63998138905e-08, 2.6976302081e-08, 2.27351115711e-08, 1.060682564e-07, 4.57652093999e-09, 1.82384085612e-09, 8.087579495e-10, 4.85046225407e-10, 3.70693475915e-10, 4.81763413884e-11, 5.94938612264e-11, 3.35220656789e-10, 2.09778097671e-11, 1.32321558224e-11, 2.43630827318e-11, 3.53398126735e-12, 5.17332704453e-12, 2.54178812329e-13, 3.22706813528e-13, 3.91836275883e-13, 1.55643672863e-13, 2.18646877947e-13, 2.42830956081e-13, 1.30935667582e-13, 1.36521551713e-14, 2.45631016612e-13, 1.0874521532e-14],
        "max": [0.00316059985198, 0.0162033382803, 0.00522131333128, 0.00789908226579, 0.00910143647343, 0.00477134855464, 0.00501892901957, 0.0154712032527, 0.0119895450771, 0.0229414515197, 0.0108500253409, 0.00281199556775, 0.00505388854071, 0.00345443701372, 0.0040148482658, 0.00406298134476, 0.0078474516049, 0.00228027021512, 0.000723168894183, 0.000472300394904, 0.000277796003502, 0.000186055956874, 0.000126729530166, 7.90375488577e-05, 0.000226661213674, 4.86999051645e-05, 4.69776532555e-05, 7.32064872864e-05, 2.93572356895e-05, 3.10763862217e-05, 8.25529514259e-06, 9.8064838312e-06, 8.55925009091e-06, 6.39470590613e-06, 9.52297705226e-06, 9.09984191821e-06, 1.81014856935e-05, 2.45529145104e-06, 2.19320500037e-05, 3.22481218973e-06],
        "mean": [0.000220460671699, 0.000626600754913, 0.000377222895622, 0.000399568438297, 0.000414236914366, 0.000225825046073, 0.000274516904028, 0.000691811263096, 0.000364836567314, 0.000490077363793, 0.000343700521626, 0.000137046838063, 0.000219949171878, 0.000175748311449, 0.000133075198391, 6.48558125249e-05, 0.000359526602551, 7.58135865908e-05, 2.46447871177e-05, 1.77849924512e-05, 1.3058280274e-05, 1.19625065054e-05, 4.08844653066e-06, 5.44050499229e-06, 8.05641411716e-06, 3.08352946377e-06, 2.73122759609e-06, 2.74512899523e-06, 1.23190852719e-06, 1.25774772641e-06, 4.49296578608e-07, 4.71673189395e-07, 4.30193466627e-07, 2.85513920062e-07, 2.3697803897e-07, 2.30642768884e-07, 1.62406010418e-07, 6.5747485678e-08, 8.69544223292e-08, 4.69980854234e-08],
        "median": [0.000139555806527, 0.000129564665258, 0.000201069007744, 0.000223318871576, 0.000157263712026, 0.000143671699334, 0.000158711118274, 0.000274627440376, 0.000224654329941, 0.000158165988978, 0.00018358482339, 7.15305795893e-05, 8.15587191028e-05, 8.32582009025e-05, 5.51471712242e-05, 1.98087600438e-05, 0.00011241168977, 3.98888223572e-05, 1.41753707794e-05, 9.44877319853e-06, 7.11413667887e-06, 7.50671188143e-06, 2.35260063164e-06, 3.13465329782e-06, 3.50366440216e-06, 1.70141288436e-06, 1.72913416918e-06, 1.29254692638e-06, 5.24310848959e-07, 5.1007282309e-07, 2.63409617673e-07, 2.63752951923e-07, 1.5646359941e-07, 1.08649267361e-07, 7.24854558598e-08, 4.49417534298e-08, 2.71470028679e-08, 1.45377256899e-08, 1.2713014641e-08, 6.02406791117e-09],
        "min": [5.16782088757e-25, 8.33378298255e-25, 9.4870019766e-25, 1.10415993157e-24, 1.2079611091e-24, 5.80357375185e-25, 9.65035534855e-25, 1.73594186727e-24, 1.65985721903e-24, 1.58067994023e-24, 2.4216329795e-24, 2.27402310186e-24, 2.73043494743e-24, 2.18515713202e-24, 2.62966546097e-24, 2.39348563354e-24, 2.19343484672e-24, 3.26703272909e-24, 2.06108568049e-24, 2.41105573527e-24, 2.51717724855e-24, 3.11202412502e-24, 3.57210062393e-24, 3.07866576113e-24, 3.44784359287e-24, 3.7239902692e-24, 3.87421817898e-24, 4.22791224888e-24, 4.61817002173e-24, 4.23466450379e-24, 4.50703095867e-24, 4.82399408709e-24, 4.63512106486e-24, 4.74422802223e-24, 5.64248224133e-24, 5.78110916264e-24, 5.6161240319e-24, 5.87928881875e-24, 5.62837267518e-24, 5.95283313765e-24],
        "var": [7.00698166156e-08, 1.51704603013e-06, 2.3116128034e-07, 3.22825655985e-07, 5.16880390933e-07, 7.16044468163e-08, 1.47445845755e-07, 1.42726946706e-06, 2.12761605667e-07, 1.35698303438e-06, 2.66030752982e-07, 4.19941557084e-08, 1.47893814528e-07, 6.77129818882e-08, 6.16267072928e-08, 3.24291882237e-08, 3.98500020538e-07, 1.21062448954e-08, 1.21214815962e-09, 7.84732279158e-10, 3.05691111313e-10, 2.10768694164e-10, 4.46474524018e-11, 4.89946312687e-11, 2.11666892347e-10, 1.6542090614e-11, 1.15985701946e-11, 2.3815916253e-11, 4.30795807013e-12, 4.17094570687e-12, 3.66932910922e-13, 4.76087160146e-13, 5.04281458171e-13, 2.33673161116e-13, 2.87819328917e-13, 3.22338862416e-13, 2.08708132157e-13, 2.81132860996e-14, 2.76683678139e-13, 2.49757676427e-14]
    },
    "mfcc": {
        "mean": [-681.635620117, 164.200439453, -36.6777534485, 3.36240816116, -16.0411472321, 4.06578779221, -4.27594041824, -0.808581531048, -4.3514752388, 7.5999994278, 2.19225263596, -1.13370978832, -2.97129487991],
        "cov": [[8755.66992188, 1503.85241699, -226.190216064, 154.471588135, -249.561462402, 173.895904541, -23.2022571564, 27.2476291656, -79.903213501, 197.00630188, -0.647864222527, -14.294883728, -94.9396591187], [1503.85241699, 1674.13598633, -61.5902786255, 151.224700928, 12.7238845825, 44.338306427, 3.69363379478, -0.452325731516, 15.0122365952, 10.4647912979, 18.6887187958, -50.1766395569, -31.0111541748], [-226.190216064, -61.5902786255, 499.232208252, 115.260314941, 105.612739563, 47.6292572021, 77.2105102539, 27.2556343079, 26.299861908, 3.81988191605, -15.4421415329, -25.3036174774, -24.0032577515], [154.471588135, 151.224700928, 115.260314941, 262.478363037, 63.137172699, 37.552028656, 21.0628604889, 11.3190612793, 29.6907024384, -3.55393791199, -8.68186473846, -32.0785560608, 10.1768894196], [-249.561462402, 12.7238845825, 105.612739563, 63.137172699, 123.361320496, 42.4687232971, 24.7474536896, 5.94835758209, 7.19149160385, -0.964100003242, -7.34917545319, -15.1910219193, -9.27110004425], [173.895904541, 44.338306427, 47.6292572021, 37.552028656, 42.4687232971, 104.000244141, 43.6221427917, 13.8045425415, 10.5592136383, 20.2882804871, 8.68452072144, -5.60964155197, -4.40759944916], [-23.2022571564, 3.69363379478, 77.2105102539, 21.0628604889, 24.7474536896, 43.6221427917, 91.8286743164, 36.9776802063, 16.480222702, 10.9571247101, 7.49269342422, -4.23597097397, 1.71978998184], [27.2476291656, -0.452325731516, 27.2556343079, 11.3190612793, 5.94835758209, 13.8045425415, 36.9776802063, 83.9987106323, 32.9609069824, 12.1193532944, 4.68076992035, 0.632008433342, 4.03366136551], [-79.903213501, 15.0122365952, 26.299861908, 29.6907024384, 7.19149160385, 10.5592136383, 16.480222702, 32.9609069824, 82.8400039673, 30.6954917908, 10.8598327637, -6.86172389984, 5.70778560638], [197.00630188, 10.4647912979, 3.81988191605, -3.55393791199, -0.964100003242, 20.2882804871, 10.9571247101, 12.1193532944, 30.6954917908, 82.871131897, 34.2839698792, -2.27378249168, -15.2564258575], [-0.647864222527, 18.6887187958, -15.4421415329, -8.68186473846, -7.34917545319, 8.68452072144, 7.49269342422, 4.68076992035, 10.8598327637, 34.2839698792, 80.6713790894, 20.4494247437, -7.43386507034], [-14.294883728, -50.1766395569, -25.3036174774, -32.0785560608, -15.1910219193, -5.60964155197, -4.23597097397, 0.632008433342, -6.86172389984, -2.27378249168, 20.4494247437, 73.0340957642, 30.9323177338], [-94.9396591187, -31.0111541748, -24.0032577515, 10.1768894196, -9.27110004425, -4.40759944916, 1.71978998184, 4.03366136551, 5.70778560638, -15.2564258575, -7.43386507034, 30.9323177338, 94.5953369141]],
