{
"lowlevel": {
    "average_loudness": 0.69359588623,
    "barkbands_crest": {
        "dmean": 2.25223994255,
        "dmean2": 3.6580388546,
        "dvar": 6.18241930008,
        "dvar2": 15.7898435593,
        "max": 26.4535312653,
        "mean": 11.1212339401,
        "median": 10.3229656219,
        "min": 2.47167420387,
        "var": 19.8267192841
    },
    "barkbands_flatness_db": {
        "dmean": 0.0237622596323,
        "dmean2": 0.0350535400212,
        "dvar": 0.000651908689179,
        "dvar2": 0.00135837588459,
        "max": 0.557658493519,
        "mean": 0.227175116539,
        "median": 0.224565342069,
        "min": 0.0279925875366,
        "var": 0.0088325785473
    },
    "barkbands_kurtosis": {
        "dmean": 4.04600191116,
        "dmean2": 6.20342445374,
        "dvar": 88.4832687378,
        "dvar2": 206.475341797,
        "max": 344.851043701,
        "mean": 8.02540397644,
        "median": 3.03002119064,
        "min": -1.97178637981,
        "var": 320.400939941
    },
    "barkbands_skewness": {
        "dmean": 0.554643273354,
        "dmean2": 0.844869732857,
        "dvar": 0.480536013842,
        "dvar2": 1.10538268089,
        "max": 11.1321983337,
        "mean": 1.56174445152,
        "median": 1.46612811089,
        "min": -16.5964946747,
        "var": 3.10911202431
    },
    "barkbands_spread": {
        "dmean": 4.35354709625,
        "dmean2": 6.65293836594,
        "dvar": 57.9831695557,
        "dvar2": 133.27722168,
        "max": 159.549026489,
        "mean": 17.6715183258,
        "median": 11.9559774399,
        "min": 0.217479363084,
        "var": 457.354156494
    },
    "dissonance": {
        "dmean": 0.0245057567954,
        "dmean2": 0.0398111157119,
        "dvar": 0.000710046093445,
        "dvar2": 0.00185686314944,
        "max": 0.499999970198,
        "mean": 0.432932943106,
        "median": 0.448320508003,
        "min": 0.154302000999,
        "var": 0.00318157928996
    },
    "dynamic_complexity": 6.8479475975,
    "erbbands_crest": {
        "dmean": 2.27905058861,
        "dmean2": 3.57849764824,
        "dvar": 6.12615776062,
        "dvar2": 14.7291173935,
        "max": 32.0139503479,
        "mean": 11.0513067245,
        "median": 10.0511207581,
        "min": 1.98553693295,
        "var": 29.9324626923
    },
    "erbbands_flatness_db": {
        "dmean": 0.0190582107753,
        "dmean2": 0.0269012376666,
        "dvar": 0.00047354772687,
        "dvar2": 0.00091634382261,
        "max": 0.49696457386,
        "mean": 0.227505266666,
        "median": 0.217140853405,
        "min": 0.0174135770649,
        "var": 0.00828616786748
    },
    "erbbands_kurtosis": {
        "dmean": 1.62768924236,
        "dmean2": 2.45884680748,
        "dvar": 17.0695133209,
        "dvar2": 33.9460754395,
        "max": 173.180404663,
        "mean": 1.91734910011,
        "median": 0.143602371216,
        "min": -1.87486290932,
        "var": 47.3081741333
    },
    "erbbands_skewness": {
        "dmean": 0.427724301815,
        "dmean2": 0.626647651196,
        "dvar": 0.27374958992,
        "dvar2": 0.551851987839,
        "max": 10.1671714783,
        "mean": 0.503240466118,
        "median": 0.348713606596,
        "min": -4.45718479156,
        "var": 1.48854207993
    },
    "erbbands_spread": {
        "dmean": 7.34449386597,
        "dmean2": 11.3053865433,
        "dvar": 106.480163574,
        "dvar2": 239.54133606,
        "max": 148.130706787,
        "mean": 31.4649181366,
        "median": 28.7970561981,
        "min": 0.881560027599,
        "var": 355.671295166
    },
    "hfc": {
        "dmean": 3.73983025551,
        "dmean2": 5.40079259872,
        "dvar": 41.8063163757,
        "dvar2": 89.0410232544,
        "max": 106.921424866,
        "mean": 12.5790023804,
        "median": 7.99571990967,
        "min": 1.04444271064e-16,
        "var": 200.725692749
    },
    "melbands_crest": {
        "dmean": 2.72295165062,
        "dmean2": 4.37931966782,
        "dvar": 8.73670959473,
        "dvar2": 22.1949424744,
        "max": 35.567199707,
        "mean": 14.4403934479,
        "median": 13.9602642059,
        "min": 1.38700115681,
        "var": 37.943611145
    },
    "melbands_flatness_db": {
        "dmean": 0.0278543904424,
        "dmean2": 0.0404013581574,
        "dvar": 0.000967179483268,
        "dvar2": 0.00200309744105,
        "max": 0.652629315853,
        "mean": 0.298550367355,
        "median": 0.30396643281,
        "min": 0.00267627206631,
        "var": 0.0157350506634
    },
    "melbands_kurtosis": {
        "dmean": 7.50533485413,
        "dmean2": 11.8202028275,
        "dvar": 203.314331055,
        "dvar2": 494.384674072,
        "max": 289.722442627,
        "mean": 15.0936279297,
        "median": 7.62116622925,
        "min": -1.7833057642,
        "var": 492.434753418
    },
    "melbands_skewness": {
        "dmean": 0.699343681335,
        "dmean2": 1.08462560177,
        "dvar": 0.806484460831,
        "dvar2": 1.9269746542,
        "max": 14.7354784012,
        "mean": 2.48186159134,
        "median": 2.24753069878,
        "min": -3.30210661888,
        "var": 3.08801174164
    },
    "melbands_spread": {
        "dmean": 5.10468387604,
        "dmean2": 7.82262182236,
        "dvar": 74.7987747192,
        "dvar2": 168.765731812,
        "max": 174.037567139,
        "mean": 22.6068439484,
        "median": 12.0110416412,
        "min": 0.285304695368,
        "var": 977.067199707
    },
    "pitch_salience": {
        "dmean": 0.0621839612722,
        "dmean2": 0.101048946381,
        "dvar": 0.00438260333613,
        "dvar2": 0.0113788144663,
        "max": 0.857906699181,
        "mean": 0.531701803207,
        "median": 0.534362375736,
        "min": 0.0747593864799,
        "var": 0.0184707473963
    },
    "silence_rate_20dB": {
        "dmean": 0,
        "dmean2": 0,
        "dvar": 0,
        "dvar2": 0,
        "max": 1,
        "mean": 1,
        "median": 1,
        "min": 1,
        "var": 0
    },
    "silence_rate_30dB": {
        "dmean": 0.015826087445,
        "dmean2": 0.0316549278796,
        "dvar": 0.0155732259154,
        "dvar2": 0.0433536693454,
        "max": 1,
        "mean": 0.990261733532,
        "median": 1,
        "min": 0,
        "var": 0.0096420655027
    },
    "silence_rate_60dB": {
        "dmean": 0.0139130437747,
        "dmean2": 0.0278285071254,
        "dvar": 0.0137198073789,
        "dvar2": 0.0312270242721,
        "max": 1,
        "mean": 0.199460923672,
        "median": 0,
        "min": 0,
        "var": 0.159685611725
    },
    "spectral_centroid": {
        "dmean": 212.065155029,
        "dmean2": 316.244903564,
        "dvar": 93362.140625,
        "dvar2": 184734.921875,
        "max": 11821.1484375,
        "mean": 1542.0057373,
        "median": 847.130065918,
        "min": 154.608169556,
        "var": 5716399
    },
    "spectral_complexity": {
        "dmean": 2.65026092529,
        "dmean2": 4.04243850708,
        "dvar": 18.0208568573,
        "dvar2": 40.0931816101,
        "max": 57,
        "mean": 11.7638463974,
        "median": 10,
        "min": 0,
        "var": 90.6194763184
    },
    "spectral_decrease": {
        "dmean": 2.46238851531e-09,
        "dmean2": 3.87127530033e-09,
        "dvar": 2.05982166945e-17,
        "dvar2": 5.1111473506e-17,
        "max": 3.21614677834e-16,
        "mean": -7.05539049406e-09,
        "median": -4.97232832686e-09,
        "min": -4.59231763728e-08,
        "var": 5.2461763138e-17
    },
    "spectral_energy": {
        "dmean": 0.0095236459747,
        "dmean2": 0.0149510186166,
        "dvar": 0.000303238921333,
        "dvar2": 0.000751360843424,
        "max": 0.175463721156,
        "mean": 0.0277695916593,
        "median": 0.0197796914726,
        "min": 9.8024230697e-21,
        "var": 0.000792260398157
    },
    "spectral_energyband_high": {
        "dmean": 0.000141684009577,
        "dmean2": 0.000209537392948,
        "dvar": 1.88673013213e-07,
        "dvar2": 3.80369328923e-07,
        "max": 0.00891812611371,
        "mean": 0.00022366164194,
        "median": 1.5306073692e-05,
        "min": 6.90193606221e-21,
        "var": 4.32564149833e-07
    },
    "spectral_energyband_low": {
        "dmean": 0.00723795220256,
        "dmean2": 0.0117893470451,
        "dvar": 0.000260341912508,
        "dvar2": 0.000661152880639,
        "max": 0.149247124791,
        "mean": 0.0132283242419,
        "median": 0.00521152419969,
        "min": 8.74336271998e-24,
        "var": 0.000417792529333
    },
    "spectral_energyband_middle_high": {
        "dmean": 0.00119887944311,
        "dmean2": 0.00176385673694,
        "dvar": 7.11608390702e-06,
        "dvar2": 1.63100812642e-05,
        "max": 0.0799807086587,
        "mean": 0.00337972096168,
        "median": 0.00128131103702,
        "min": 1.06055045748e-21,
        "var": 2.61821169261e-05
    },
    "spectral_energyband_middle_low": {
        "dmean": 0.00383315444924,
        "dmean2": 0.00587497930974,
        "dvar": 3.94890157622e-05,
        "dvar2": 9.16417266126e-05,
        "max": 0.0962529629469,
        "mean": 0.0121365943924,
        "median": 0.00882537290454,
        "min": 1.20296378176e-22,
        "var": 0.000158235518029
    },
    "spectral_entropy": {
        "dmean": 0.222714737058,
        "dmean2": 0.315236955881,
        "dvar": 0.0717123746872,
        "dvar2": 0.14705735445,
        "max": 9.82714366913,
        "mean": 6.88932943344,
        "median": 6.81742525101,
        "min": 3.80703306198,
        "var": 1.15663945675
    },
    "spectral_flux": {
        "dmean": 0.0243318192661,
        "dmean2": 0.0388124361634,
        "dvar": 0.00131943088491,
        "dvar2": 0.0032596825622,
        "max": 0.372247517109,
        "mean": 0.0618927069008,
        "median": 0.0479245409369,
        "min": 6.31877120072e-11,
        "var": 0.00350541225635
    },
    "spectral_kurtosis": {
        "dmean": 6.89792776108,
        "dmean2": 11.6246118546,
        "dvar": 127.031837463,
        "dvar2": 344.770080566,
        "max": 208.674987793,
        "mean": 14.3907251358,
        "median": 6.86394119263,
        "min": -1.28879678249,
        "var": 504.477264404
    },
    "spectral_rms": {
        "dmean": 0.000715646077879,
        "dmean2": 0.00109377014451,
        "dvar": 1.23363122384e-06,
        "dvar2": 2.90349657917e-06,
        "max": 0.0130837345496,
        "mean": 0.00437357788906,
        "median": 0.00439286464825,
        "min": 3.09246486925e-12,
        "var": 7.96399126557e-06
    },
    "spectral_rolloff": {
        "dmean": 378.757171631,
        "dmean2": 652.666809082,
        "dvar": 1627433.375,
        "dvar2": 3899990.75,
        "max": 19961.2792969,
        "mean": 2523.33666992,
        "median": 732.12890625,
        "min": 43.06640625,
        "var": 25789510
    },
    "spectral_skewness": {
        "dmean": 0.589910566807,
        "dmean2": 0.961935818195,
        "dvar": 0.51721316576,
        "dvar2": 1.36998641491,
        "max": 11.4703073502,
        "mean": 2.15865516663,
        "median": 1.83666741848,
        "min": -0.0945832058787,
        "var": 2.4890396595
    },
    "spectral_spread": {
        "dmean": 522539.09375,
        "dmean2": 763438.8125,
        "dvar": 681978363904,
        "dvar2": 1.23666536858e+12,
        "max": 43315848,
        "mean": 5362786,
        "median": 2845075,
        "min": 367242.625,
        "var": 7.92596116931e+13
    },
    "spectral_strongpeak": {
        "dmean": 0.339297413826,
        "dmean2": 0.584013879299,
        "dvar": 0.668141067028,
        "dvar2": 1.66035246849,
        "max": 16.4514636993,
        "mean": 0.784937500954,
        "median": 0.467532813549,
        "min": 0,
        "var": 1.30906498432
    },
    "zerocrossingrate": {
        "dmean": 0.00966236367822,
        "dmean2": 0.0116970939562,
        "dvar": 0.000362761580618,
        "dvar2": 0.000536081846803,
        "max": 0.83203125,
        "mean": 0.0767159834504,
        "median": 0.033203125,
        "min": 0.00244140625,
        "var": 0.0165206864476
    },
    "barkbands": {
        "dmean": [0.000221964961383, 0.00546574406326, 0.00226584239863, 0.00121392833535, 0.00217091827653, 0.000814229308162, 0.000659780169372, 0.000439565745182, 0.000388991902582, 0.000350362737663, 0.000143475466757, 0.000149648039951, 0.000116784583952, 0.00010223092977, 0.000172357089468, 0.000216021871893, 0.000215991502046, 0.000125707316329, 0.000163660137332, 9.26878346945e-05, 4.57278583781e-05, 2.86587019218e-05, 2.32311413129e-05, 1.51378080773e-05, 5.24618690179e-06, 3.66772155758e-06, 1.07592109089e-06],
        "dmean2": [0.000393358728616, 0.00892519298941, 0.0038214083761, 0.00198024162091, 0.00343919522129, 0.00125033617951, 0.00102457392495, 0.000672654656228, 0.000555229489692, 0.000563864363357, 0.000206242650165, 0.0002274827566, 0.000179378810572, 0.000148247156176, 0.000259656313574, 0.0003496168938, 0.000330438750098, 0.000196114939172, 0.000239656161284, 0.000147835875396, 7.28567829356e-05, 4.43686767539e-05, 3.36101657012e-05, 2.22457092605e-05, 7.93316485215e-06, 5.14944440511e-06, 1.4992413071e-06],
        "dvar": [5.88582963701e-07, 0.000204414245673, 1.95857901417e-05, 6.53964661979e-06, 1.7309532268e-05, 2.92062077278e-06, 2.1756775368e-06, 1.06185132154e-06, 8.93438368621e-07, 2.39897508436e-06, 3.36989558036e-07, 1.65603097457e-07, 1.38160118013e-07, 1.05491707814e-07, 2.36477859517e-07, 6.03785224484e-07, 6.3274404738e-07, 1.70020896917e-07, 1.76742616986e-07, 6.31228900261e-08, 1.88073272511e-08, 1.23180585732e-08, 1.05550412854e-08, 4.57577264967e-09, 6.18733619895e-10, 4.33914848497e-10, 6.50841394667e-11],
        "dvar2": [1.65490712334e-06, 0.0005214556586, 5.50898621441e-05, 1.67568941833e-05, 4.29506035289e-05, 6.48153945804e-06, 4.81358347315e-06, 2.29589022638e-06, 1.75119384949e-06, 6.41826909487e-06, 5.6598531728e-07, 3.78805083301e-07, 3.17987968401e-07, 1.943560477e-07, 5.21171159562e-07, 1.65210531122e-06, 1.45973547205e-06, 4.15771268081e-07, 3.62706117585e-07, 1.50157347889e-07, 4.4219138573e-08, 2.85911756492e-08, 2.09753618918e-08, 9.2343261926e-09, 1.43481770909e-09, 8.14163125806e-10, 1.24982343919e-10],
        "max": [0.0254900418222, 0.140430435538, 0.0690919682384, 0.0431186594069, 0.0644451379776, 0.0501930266619, 0.0302495397627, 0.0298244915903, 0.0278473831713, 0.0722401589155, 0.025071574375, 0.0110079562292, 0.0138421747833, 0.0132972700521, 0.0114131569862, 0.0321238823235, 0.0298326425254, 0.0159942284226, 0.012074906379, 0.00505990395322, 0.00315153668635, 0.00350445485674, 0.00287671596743, 0.00187681312673, 0.000863264664076, 0.00124404369853, 0.000521933659911],
        "mean": [0.000208034936804, 0.00784328859299, 0.00400439044461, 0.00211020605639, 0.00497321877629, 0.00183417147491, 0.00117643456906, 0.000854817335494, 0.00112905644346, 0.000657269963995, 0.000331661052769, 0.000280369829852, 0.00017221152666, 0.000200099879294, 0.000410759152146, 0.000383796199458, 0.000422353972681, 0.000197281158762, 0.000274498481303, 0.000133811539854, 6.44025785732e-05, 4.04368802265e-05, 3.37169149134e-05, 2.10317793972e-05, 6.63620585328e-06, 4.52159247288e-06, 1.1869425407e-06],
        "median": [1.41810833156e-05, 0.0015965832863, 0.00129912106786, 0.0005729838158, 0.00245720264502, 0.000872114324011, 0.000258733896771, 0.000217070322833, 0.000236667256104, 8.98576399777e-05, 2.50052016781e-05, 4.46201629529e-05, 2.04444950214e-05, 1.89725597011e-05, 3.02134249068e-05, 4.21225522587e-05, 4.66226665594e-05, 1.94867698156e-05, 2.83154240606e-05, 1.23920335682e-05, 4.48251148555e-06, 1.53846349349e-06, 6.11918551385e-07, 5.24698350546e-07, 1.67331762668e-07, 4.26935429232e-08, 8.9863929631e-09],
        "min": [1.22526455119e-25, 9.84660323417e-25, 4.07537697025e-25, 4.35430512083e-25, 2.54894586049e-24, 3.56620033879e-24, 2.56035259196e-24, 4.36131809428e-24, 1.0386523698e-23, 1.36478711065e-23, 9.79291217767e-24, 1.53343263487e-23, 9.38399350567e-24, 2.53963355472e-23, 3.25401526198e-23, 4.85089661054e-23, 4.53328637952e-23, 5.39528163263e-23, 1.11083378949e-22, 1.28110745951e-22, 1.50622248722e-22, 2.24077618824e-22, 3.4958556555e-22, 4.58160871691e-22, 7.76045007846e-22, 1.20384061643e-21, 1.81768214016e-21],
        "var": [4.47442829454e-07, 0.000254017912084, 3.54713120032e-05, 1.27390530906e-05, 4.95454769407e-05, 7.95380401541e-06, 5.74870091441e-06, 3.14112389788e-06, 5.26767280462e-06, 4.60584533357e-06, 1.24978362237e-06, 4.41190110223e-07, 2.84649360083e-07, 4.05969757367e-07, 1.16550415896e-06, 1.30126829845e-06, 1.4736446019e-06, 2.66875304078e-07, 4.10319586308e-07, 1.11693786664e-07, 3.43427650762e-08, 1.88686346547e-08, 1.93902920387e-08, 8.25769852497e-09, 8.71528516022e-10, 7.53677509291e-10, 9.13597322794e-11]
    },
    "erbbands": {
        "dmean": [0.15314720571, 1.26542198658, 2.44660925865, 3.3647518158, 5.37597465515, 7.93031406403, 8.48872852325, 7.92210054398, 10.4762334824, 8.01027774811, 8.95754814148, 7.4208111763, 8.84423923492, 10.2240133286, 5.89604282379, 5.84484577179, 5.2582449913, 4.26434755325, 7.72237110138, 8.0977563858, 14.5111303329, 11.2941083908, 5.88776302338, 8.31207847595, 8.17979812622, 3.78370928764, 2.51533198357, 1.35539388657, 0.940542042255, 0.912529110909, 0.674405813217, 0.393030613661, 0.225329488516, 0.0787538439035, 0.0279701650143, 0.0139160528779, 0.00763934804127, 0.0015588774113, 0.000215770371142, 1.7840133296e-05],
        "dmean2": [0.242016226053, 2.09591794014, 4.13770675659, 5.51938295364, 8.68835830688, 12.688744545, 12.9566059113, 12.1773500443, 15.7499523163, 12.7199716568, 13.3469295502, 10.5379123688, 13.7023992538, 15.9774188995, 8.48641014099, 8.65724658966, 7.98659801483, 6.32781362534, 11.2771205902, 12.1205320358, 23.2674636841, 17.4797210693, 9.05244541168, 12.3759975433, 12.1211881638, 5.96256065369, 3.96486830711, 2.16820716858, 1.46192252636, 1.40411674976, 0.979985833168, 0.580539286137, 0.32978028059, 0.118608370423, 0.0421302430332, 0.0201798547059, 0.0107354242355, 0.00216819439083, 0.00030222692294, 2.62664234469e-05],
        "dvar": [0.192866891623, 9.94876384735, 22.2629432678, 42.9711265564, 125.897270203, 314.729095459, 353.821563721, 314.110565186, 585.626586914, 385.719604492, 388.397827148, 421.723266602, 543.134155273, 2326.86743164, 394.306121826, 244.415298462, 263.299194336, 172.092407227, 445.966644287, 599.577941895, 2856.60009766, 1772.75756836, 298.94934082, 634.656738281, 514.059753418, 97.029838562, 57.6544723511, 17.9595508575, 11.0805873871, 13.6525125504, 9.77451133728, 2.78477454185, 1.29093515873, 0.152265071869, 0.0179274268448, 0.00511941546574, 0.00241183000617, 0.000120032287668, 2.8433018997e-06, 3.83073350818e-09],
        "dvar2": [0.455772429705, 26.2445487976, 62.758441925, 112.644439697, 317.717590332, 751.823791504, 866.131469727, 701.543823242, 1256.73413086, 921.993835449, 870.092895508, 775.230773926, 1314.64501953, 6206.78125, 689.447875977, 526.142944336, 589.675170898, 357.403686523, 920.875061035, 1365.17663574, 7761.68164062, 4201.91162109, 723.927185059, 1387.98474121, 1111.62109375, 228.91519165, 136.64225769, 42.122844696, 25.2550983429, 32.2499694824, 18.8500270844, 5.71275138855, 2.57783889771, 0.33408805728, 0.0426644422114, 0.0101714674383, 0.00444072578102, 0.000234075952903, 5.46870433027e-06, 7.43299422012e-09],
        "max": [4.58448982239, 29.337720871, 67.6970672607, 100.125015259, 235.614654541, 381.428436279, 387.960968018, 550.92175293, 539.79486084, 559.81817627, 463.578094482, 647.478088379, 599.990966797, 2434.91894531, 821.701904297, 552.79486084, 545.986877441, 484.670135498, 556.937194824, 857.114929199, 2158.42211914, 1917.70349121, 693.993041992, 1287.83483887, 496.256164551, 198.764251709, 179.107208252, 111.588134766, 77.3034744263, 108.568054199, 88.3803329468, 41.9268226624, 35.5017242432, 17.2513103485, 4.07514333725, 3.14092731476, 3.25268936157, 0.716114282608, 0.118286766112, 0.00444209948182],
        "mean": [0.202869012952, 1.83278095722, 4.43836593628, 6.62076044083, 9.20010375977, 15.9241447449, 21.8038005829, 17.0973625183, 20.577627182, 14.5345230103, 17.7221050262, 20.2212486267, 22.9040470123, 23.6143836975, 13.7475643158, 11.9096927643, 8.30412101746, 7.22562646866, 16.9877433777, 20.8132629395, 26.8709945679, 23.0599842072, 10.7250070572, 13.7818098068, 13.4476556778, 5.86200475693, 3.66478967667, 1.80688583851, 1.33899593353, 1.28455197811, 0.972143471241, 0.55926156044, 0.297043114901, 0.0996712222695, 0.0364973321557, 0.017549905926, 0.00941851641983, 0.00177835789509, 0.000247557560215, 4.05842183682e-05],
        "median": [0.0268087293953, 0.454882323742, 1.61952900887, 1.95408535004, 3.43423104286, 6.5366692543, 8.7256269455, 7.68827390671, 6.55471038818, 4.80495643616, 5.36727380753, 4.55493450165, 6.72714471817, 3.76420021057, 2.47180747986, 2.1690928936, 1.35262084007, 1.15039300919, 2.13134264946, 1.88888978958, 3.18816614151, 2.93283510208, 1.21854364872, 1.78604376316, 1.33501017094, 0.674781262875, 0.302952677011, 0.115844160318, 0.0591713897884, 0.0281511880457, 0.0175685640424, 0.0128856534138, 0.00685326335952, 0.00243140594102, 0.000902689236682, 0.000270560442004, 6.99152296875e-05, 1.24378320834e-05, 1.23725294543e-05, 2.35809420701e-05],
        "min": [5.92949760655e-23, 2.16873210923e-22, 7.82441066822e-22, 2.48148912913e-21, 4.92330953567e-21, 9.05430929148e-21, 2.27437687663e-20, 3.59947643552e-20, 5.25925569364e-20, 1.01243094191e-19, 1.64914559285e-19, 3.19876378042e-19, 2.78360002152e-19, 3.83470152782e-19, 4.04249731101e-19, 9.44350642924e-19, 7.70638733481e-19, 1.31956804058e-18, 1.87842646187e-18, 2.68735037112e-18, 2.44605868451e-18, 3.59239121999e-18, 2.75310109686e-18, 5.06831387053e-18, 5.82974272338e-18, 5.85953611468e-18, 7.86955563827e-18, 8.76310343291e-18, 8.5143197647e-18, 9.36098709812e-18, 1.0588572758e-17, 9.76748267629e-18, 8.5855160272e-18, 7.70958635243e-18, 5.21939675506e-18, 3.77918638669e-18, 1.91319265622e-18, 9.00363866285e-19, 2.10347932643e-19, 2.51874008518e-20],
        "var": [0.25384619832, 11.9633646011, 39.1836624146, 99.1450271606, 240.033721924, 756.035888672, 1311.45861816, 804.26739502, 1696.19897461, 925.267456055, 948.22668457, 2047.85217285, 2015.14343262, 5416.34912109, 1384.19091797, 874.180419922, 547.580749512, 346.873657227, 1575.43566895, 3741.77416992, 6154.65869141, 4290.08935547, 601.37701416, 1176.43127441, 1079.70800781, 186.086990356, 106.13180542, 30.0162220001, 18.3372116089, 20.3900318146, 18.1908779144, 5.05370664597, 2.24167108536, 0.235356062651, 0.0236512795091, 0.00813354272395, 0.00435439497232, 0.000178039394086, 3.90294371755e-06, 6.41050279526e-09]
    },
    "gfcc": {
        "mean": [-186.706420898, 145.361999512, -111.430656433, 22.6143684387, -37.8715019226, -16.2424240112, -25.2074604034, 1.28422617912, -13.1167869568, -10.0852613449, -8.70251274109, -5.2102227211, 1.69089102745],
        "cov": [[89606.4921875, 10828.2167969, -8856.20800781, 5215.76953125, -2858.95385742, 294.95425415, -1783.50170898, 678.157348633, -1439.31921387, -430.453094482, -602.520141602, -777.371765137, -774.20513916], [10828.2167969, 4701.40771484, -2010.59179688, -182.874984741, 361.103515625, -993.500244141, 194.017044067, -80.1257629395, -207.76373291, -312.502441406, 200.501434326, -160.803955078, 320.766967773], [-8856.20800781, -2010.59179688, 2832.1640625, 71.176322937, -36.7427597046, 685.067687988, 56.4422225952, -10.6070480347, 89.2053833008, 165.200256348, -7.65936088562, 95.8077468872, -111.262687683], [5215.76953125, -182.874984741, 71.176322937, 1261.11950684, -173.653778076, 402.954376221, -49.5565872192, 102.221801758, -42.7675285339, 91.5455551147, 36.5256729126, -140.770950317, -205.035415649], [-2858.95385742, 361.103515625, -36.7427597046, -173.653778076, 649.742492676, -220.949783325, 213.499588013, -1.75191712379, 76.1384506226, 8.59003162384, 121.715286255, -8.44687461853, 66.8252792358], [294.95425415, -993.500244141, 685.067687988, 402.954376221, -220.949783325, 815.290893555, -22.3268089294, 91.7776107788, 64.1260299683, 115.21043396, -66.2536392212, 2.1719379425, -141.008041382], [-1783.50170898, 194.017044067, 56.4422225952, -49.5565872192, 213.499588013, -22.3268089294, 412.7059021, 19.3719043732, 30.8698616028, 3.80377268791, 77.8121566772, -1.5575428009, 47.16355896], [678.157348633, -80.1257629395, -10.6070480347, 102.221801758, -1.75191712379, 91.7776107788, 19.3719043732, 184.652755737, 41.6728744507, -5.14407205582, -10.707613945, -8.54866123199, -19.3587112427], [-1439.31921387, -207.76373291, 89.2053833008, -42.7675285339, 76.1384506226, 64.1260299683, 30.8698616028, 41.6728744507, 181.902999878, 51.5031318665, -12.1324062347, 20.9812355042, 35.6268692017], [-430.453094482, -312.502441406, 165.200256348, 91.5455551147, 8.59003162384, 115.21043396, 3.80377268791, -5.14407205582, 51.5031318665, 158.674072266, 26.4535522461, -13.0827903748, -47.8299026489], [-602.520141602, 200.501434326, -7.65936088562, 36.5256729126, 121.715286255, -66.2536392212, 77.8121566772, -10.707613945, -12.1324062347, 26.4535522461, 211.238586426, -29.2012176514, -18.7544612885], [-777.371765137, -160.803955078, 95.8077468872, -140.770950317, -8.44687461853, 2.1719379425, -1.5575428009, -8.54866123199, 20.9812355042, -13.0827903748, -29.2012176514, 150.683105469, 54.2025375366], [-774.20513916, 320.766967773, -111.262687683, -205.035415649, 66.8252792358, -141.008041382, 47.16355896, -19.3587112427, 35.6268692017, -47.8299026489, -18.7544612885, 54.2025375366, 197.789169312]],
        "icov": [[0.000168306825799, -0.000484839954879, 0.000321694969898, -0.000491809099913, 0.000396568357246, -0.000331461342284, 0.000431937136455, -0.000508209050167, 0.000647214939818, -0.00054621626623, 0.00060070148902, -0.000528081087396, 0.000546212890185], [-0.000484839954879, 0.00185978668742, -0.000711156520993, 0.00132902583573, -0.00123520463239, 0.00112661998719, -0.00134383665863, 0.0015234274324, -0.00153989542741, 0.00198253314011, -0.00202977610752, 0.00195515947416, -0.00221766647883], [0.000321694969898, -0.000711156520993, 0.00120344641618, -0.000886629510205, 0.000624014006462, -0.00101428711787, 0.000735019391868, -0.000744172197301, 0.00138940627221, -0.00104256451596, 0.000940142897889, -0.00109435175546, 0.000875019293744], [-0.000491809099913, 0.00132902583573, -0.000886629510205, 0.00266435090452, -0.00103354197927, 0.000409553438658, -0.00120010913815, 0.00104806513991, -0.0015968203079, 0.00121786445379, -0.00196349387988, 0.00222475337796, -0.00100104068406], [0.000396568357246, -0.00123520463239, 0.000624014006462, -0.00103354197927, 0.00333975139074, -0.000147213591845, 0.000117549738206, -0.00129484757781, 0.000409748754464, -0.00143568078056, 0.000602075248025, -0.00107845256571, 0.0013786702184], [-0.000331461342284, 0.00112661998719, -0.00101428711787, 0.000409553438658, -0.000147213591845, 0.00319952261634, -0.00122789258603, 0.000351182097802, -0.00188154389616, 0.000523000198882, -0.000664305465762, 0.00080645235721, -0.000431249907706], [0.000431937136455, -0.00134383665863, 0.000735019391868, -0.00120010913815, 0.000117549738206, -0.00122789258603, 0.00427487771958, -0.00167067209259, 0.00174056435935, -0.00140641035978, 0.000790921563748, -0.00128938641865, 0.000716243404895], [-0.000508209050167, 0.0015234274324, -0.000744172197301, 0.00104806513991, -0.00129484757781, 0.000351182097802, -0.00167067209259, 0.00814126525074, -0.00386445270851, 0.00327429245226, -0.0017106764717, 0.00169048772659, -0.00104661041405], [0.000647214939818, -0.00153989542741, 0.00138940627221, -0.0015968203079, 0.000409748754464, -0.00188154389616, 0.00174056435935, -0.00386445270851, 0.0107796071097, -0.00489653972909, 0.00288350903429, -0.0020518975798, -0.000406166334869], [-0.00054621626623, 0.00198253314011, -0.00104256451596, 0.00121786445379, -0.00143568078056, 0.000523000198882, -0.00140641035978, 0.00327429245226, -0.00489653972909, 0.0111291473731, -0.00340994889848, 0.00237153680064, -0.000563448586036], [0.00060070148902, -0.00202977610752, 0.000940142897889, -0.00196349387988, 0.000602075248025, -0.000664305465762, 0.000790921563748, -0.0017106764717, 0.00288350903429, -0.00340994889848, 0.00844117626548, -0.00169433176052, 0.0030242393259], [-0.000528081087396, 0.00195515947416, -0.00109435175546, 0.00222475337796, -0.00107845256571, 0.00080645235721, -0.00128938641865, 0.00169048772659, -0.0020518975798, 0.00237153680064, -0.00169433176052, 0.0104646440595, -0.00422031478956], [0.000546212890185, -0.00221766647883, 0.000875019293744, -0.00100104068406, 0.0013786702184, -0.000431249907706, 0.000716243404895, -0.00104661041405, -0.000406166334869, -0.000563448586036, 0.0030242393259, -0.00422031478956, 0.0105787003413]]
    },
    "melbands": {
        "dmean": [0.00148386962246, 0.00136114598718, 0.000604412867688, 0.000435701484093, 0.000337256526109, 0.00017246529751, 0.000150100589963, 8.98653233889e-05, 7.05934580765e-05, 4.99726447742e-05, 4.7247580369e-05, 4.60073788418e-05, 2.11535589187e-05, 1.75204550033e-05, 1.46296933963e-05, 1.03602587842e-05, 8.03410694061e-06, 1.23698191601e-05, 1.27096045617e-05, 1.04913815449e-05, 1.89650745597e-05, 1.368028461e-05, 6.94195159667e-06, 6.11831637798e-06, 7.05387674316e-06, 6.55408211969e-06, 4.9311024668e-06, 2.2307629024e-06, 1.85450346635e-06, 1.20057461572e-06, 6.60063506075e-07, 5.49950073037e-07, 6.0860065787e-07, 4.67670503213e-07, 4.05140696103e-07, 3.38355931717e-07, 2.20857657496e-07, 1.81608001526e-07, 1.0493906899e-07, 5.46369705035e-08],
        "dmean2": [0.00238628988154, 0.00227663572878, 0.00098493497353, 0.000693909241818, 0.000522118702065, 0.000263596797595, 0.000228138320381, 0.000140796008054, 0.000104708029539, 7.13887129677e-05, 7.37193622626e-05, 7.26646758267e-05, 2.99722469208e-05, 2.69880620181e-05, 2.2092330255e-05, 1.60178715305e-05, 1.20234190035e-05, 1.80588449439e-05, 1.91493909369e-05, 1.63513777807e-05, 3.05856956402e-05, 2.1258572815e-05, 1.0715879398e-05, 9.48862543737e-06, 1.06011739263e-05, 9.4520910352e-06, 7.63171192375e-06, 3.60495710083e-06, 2.97216752188e-06, 1.90612058759e-06, 1.07970208774e-06, 8.77863499227e-07, 9.5543794032e-07, 7.25553491066e-07, 6.00351256708e-07, 4.97737289606e-07, 3.35466012302e-07, 2.69714064416e-07, 1.5740681647e-07, 8.46807708399e-08],
        "dvar": [1.66518620972e-05, 7.30463352738e-06, 1.28602721361e-06, 7.53998733671e-07, 5.18787942383e-07, 1.38629445701e-07, 1.10202314829e-07, 4.68686707222e-08, 2.46642883894e-08, 1.65226374804e-08, 1.66857621053e-08, 4.88451057379e-08, 7.57872253843e-09, 2.3663533355e-09, 2.49022491516e-09, 8.94281371178e-10, 6.95941859696e-10, 1.25847188226e-09, 1.41547507049e-09, 9.50955980628e-10, 4.78448436425e-09, 3.35218830472e-09, 4.26045920765e-10, 5.36008515351e-10, 5.02405506086e-10, 3.12909947953e-10, 2.15182274776e-10, 4.04941670473e-11, 3.61855753694e-11, 1.41224323902e-11, 4.14425611883e-12, 4.19049734149e-12, 6.38132298739e-12, 3.51083398464e-12, 3.76077337674e-12, 2.70047764532e-12, 9.4534558133e-13, 9.49185825425e-13, 3.25228667782e-13, 7.34943925379e-14],
        "dvar2": [4.1396549932e-05, 1.98531197384e-05, 3.35656955031e-06, 1.83925487818e-06, 1.30044020352e-06, 3.08624976242e-07, 2.41098632614e-07, 1.07038587771e-07, 5.46562688442e-08, 3.19201127752e-08, 4.10826714869e-08, 1.31070009957e-07, 1.24816770253e-08, 5.58197754685e-09, 5.69260993899e-09, 1.98014071806e-09, 1.43135558961e-09, 2.46489673117e-09, 2.99549407501e-09, 2.30251351319e-09, 1.3087203321e-08, 8.05808575421e-09, 9.30876487004e-10, 1.37829681002e-09, 1.09934206183e-09, 6.47339681858e-10, 4.8944009956e-10, 9.86317624796e-11, 8.8004437071e-11, 3.22991529356e-11, 1.02995407342e-11, 9.77557357978e-12, 1.56661489337e-11, 8.28012051285e-12, 7.59356726804e-12, 5.45381448336e-12, 2.14907735704e-12, 1.92920679432e-12, 7.20183461478e-13, 1.67286486313e-13],
        "max": [0.0412996187806, 0.0313090533018, 0.0181054305285, 0.0144069669768, 0.0141843901947, 0.0114921126515, 0.00697145471349, 0.00698773749173, 0.00361891346984, 0.00355913979001, 0.00354517577216, 0.011064064689, 0.00386034045368, 0.00130795652512, 0.00178577622864, 0.000865202979185, 0.00110923929606, 0.0012886908371, 0.000935649266466, 0.000848664785735, 0.00260912324302, 0.00274086068384, 0.000777954002842, 0.00125327636488, 0.00119709863793, 0.000337668636348, 0.000336749915732, 0.000117055184091, 0.000165137505974, 0.000103852216853, 4.08154846809e-05, 5.16015097674e-05, 9.97351162368e-05, 4.52366220998e-05, 5.95718120167e-05, 5.41373774468e-05, 2.5141016522e-05, 3.73571492673e-05, 3.00076753774e-05, 8.64435241965e-06],
        "mean": [0.00202527712099, 0.00244813971221, 0.00122340896633, 0.000840126071125, 0.000824922870379, 0.000374426424969, 0.000290919997497, 0.000168388563907, 0.000137758732308, 0.000142129909364, 0.000117273106298, 9.99647818389e-05, 4.9888749345e-05, 3.2853695302e-05, 2.39975342993e-05, 1.56482892635e-05, 1.28761384985e-05, 2.6153975341e-05, 3.04977420456e-05, 2.26917327382e-05, 3.28455971612e-05, 2.55771665252e-05, 1.30764474306e-05, 9.53506696533e-06, 1.10899709398e-05, 1.11954768727e-05, 7.06589116817e-06, 3.16683326673e-06, 2.54259634858e-06, 1.64513039635e-06, 7.97417897047e-07, 7.34363027277e-07, 8.32677017115e-07, 6.41485826236e-07, 5.69216467738e-07, 4.69293809147e-07, 2.973808364e-07, 2.33814887451e-07, 1.26594557059e-07, 6.76103084629e-08],
        "median": [0.000341257138643, 0.000963845523074, 0.000478709553136, 0.000329670845531, 0.000328777212417, 0.000170522500412, 9.85644801403e-05, 4.66389428766e-05, 3.63038307114e-05, 2.90589978249e-05, 3.1699455576e-05, 1.29042264234e-05, 5.60343914913e-06, 5.84546432947e-06, 2.83262920675e-06, 2.1000084871e-06, 1.47472485423e-06, 2.82496739601e-06, 2.21628829422e-06, 2.11440669773e-06, 3.46465549228e-06, 2.60902083937e-06, 1.15284785807e-06, 8.776598861e-07, 1.24157259052e-06, 1.06390325527e-06, 5.58011095109e-07, 3.06190287347e-07, 1.72589579961e-07, 9.43372526763e-08, 4.46268124676e-08, 3.19094262125e-08, 2.05837551448e-08, 1.05318447297e-08, 9.97072913123e-09, 7.91284904267e-09, 7.08153491402e-09, 4.76896167001e-09, 2.74747624651e-09, 1.60358482049e-09],
        "min": [6.86080119272e-25, 7.70964264383e-25, 6.68197431412e-25, 6.63336569121e-25, 8.69296417169e-25, 8.33668204638e-25, 7.86311799813e-25, 1.03978050005e-24, 1.30138639914e-24, 1.63613133984e-24, 1.30947656215e-24, 1.10679058547e-24, 1.36175960055e-24, 1.28307634589e-24, 1.80312974221e-24, 1.10239169985e-24, 2.16683189319e-24, 2.13820846968e-24, 2.38986831186e-24, 2.6642936937e-24, 2.01908633147e-24, 2.60783018555e-24, 2.14636430536e-24, 2.41630284358e-24, 3.5328536106e-24, 3.15103270513e-24, 3.87860937321e-24, 3.49881939014e-24, 4.19933970689e-24, 3.54940825113e-24, 4.20793040215e-24, 4.71369831634e-24, 4.22074229211e-24, 4.30256333963e-24, 5.04869362177e-24, 5.04126689077e-24, 5.33463755611e-24, 4.85249444831e-24, 5.46339385534e-24, 5.20906352177e-24],
        "var": [2.06482163776e-05, 1.20934555525e-05, 2.90512298307e-06, 1.73660748715e-06, 1.7409757902e-06, 3.57779043725e-07, 3.04125364892e-07, 1.31180911467e-07, 5.97388876145e-08, 8.98845087249e-08, 5.53798962244e-08, 1.0854542154e-07, 2.79623719734e-08, 5.78575720667e-09, 5.22217025178e-09, 1.75611480913e-09, 1.38350508827e-09, 4.85114126647e-09, 6.98094382301e-09, 3.87798060331e-09, 9.703811088e-09, 7.14237957666e-09, 1.3250148756e-09, 7.66893604176e-10, 8.97260821198e-10, 7.501541055e-10, 3.87211485098e-10, 6.87399373533e-11, 5.92443247238e-11, 2.58173014217e-11, 5.79794025291e-12, 6.31227101838e-12, 8.55082324391e-12, 5.30405493832e-12, 6.53254143487e-12, 4.64337292574e-12, 1.48436829234e-12, 1.56129319542e-12, 4.65417363937e-13, 1.07405566645e-13]
    },
    "mfcc": {
        "mean": [-772.808044434, 156.196640015, -4.01954460144, 33.2779960632, 5.62919330597, -8.27647304535, -3.85560250282, 3.21899700165, -0.100822411478, 2.23447966576, -8.73732280731, -4.33942317963, -0.188073515892],
        "cov": [[27539.9824219, 6032.34082031, -1005.88067627, 2675.71166992, 340.478179932, 349.487335205, 234.750915527, 556.454589844, -91.2210540771, 562.565429688, 12.9575004578, 144.321929932, -7.78935861588], [6032.34082031, 4740.08398438, -609.789245605, 517.784973145, 236.430221558, -411.784210205, 164.120544434, 91.5798034668, -23.5627250671, -25.4298610687, -163.11946106, -78.232170105, 85.8939819336], [-1005.88067627, -609.789245605, 1558.46838379, 42.2884788513, -43.6509361267, 400.237518311, -16.6714611053, 30.1044158936, -21.8163146973, 22.5104637146, -36.9510192871, 44.915019989, -24.5641937256], [2675.71166992, 517.784973145, 42.2884788513, 737.538085938, 141.478591919, 81.5807418823, 103.780960083, 54.758769989, -47.6053733826, 117.554283142, 75.8216629028, 23.5908718109, -10.9466314316], [340.478179932, 236.430221558, -43.6509361267, 141.478591919, 292.742279053, 33.0575447083, 2.04326796532, 23.159860611, -7.1432466507, 47.6356086731, 34.4184875488, 9.50304222107, 19.8854427338], [349.487335205, -411.784210205, 400.237518311, 81.5807418823, 33.0575447083, 443.875640869, 83.9630889893, 47.5804786682, 46.2183647156, 79.0842285156, 50.9519691467, 76.8615570068, 13.2912950516], [234.750915527, 164.120544434, -16.6714611053, 103.780960083, 2.04326796532, 83.9630889893, 258.337524414, 60.7425270081, -33.4411621094, 65.7802047729, 69.6355895996, 39.7654151917, 27.1045875549], [556.454589844, 91.5798034668, 30.1044158936, 54.758769989, 23.159860611, 47.5804786682, 60.7425270081, 200.625808716, 74.3077468872, 19.3196525574, 29.1956710815, 11.5326700211, 8.24783325195], [-91.2210540771, -23.5627250671, -21.8163146973, -47.6053733826, -7.1432466507, 46.2183647156, -33.4411621094, 74.3077468872, 221.246368408, 28.0738067627, -38.1861572266, 1.7702434063, -2.31880712509], [562.565429688, -25.4298610687, 22.5104637146, 117.554283142, 47.6356086731, 79.0842285156, 65.7802047729, 19.3196525574, 28.0738067627, 203.555236816, 84.8011703491, -1.54640758038, -1.2924875021], [12.9575004578, -163.11946106, -36.9510192871, 75.8216629028, 34.4184875488, 50.9519691467, 69.6355895996, 29.1956710815, -38.1861572266, 84.8011703491, 198.646896362, 49.026184082, -23.187538147], [144.321929932, -78.232170105, 44.915019989, 23.5908718109, 9.50304222107, 76.8615570068, 39.7654151917, 11.5326700211, 1.7702434063, -1.54640758038, 49.026184082, 132.929168701, 33.5446968079], [-7.78935861588, 85.8939819336, -24.5641937256, -10.9466314316, 19.8854427338, 13.2912950516, 27.1045875549, 8.24783325195, -2.31880712509, -1.2924875021, -23.187538147, 33.5446968079, 113.494415283]],
