{
"lowlevel": {
    "average_loudness": 0.754236102104,
    "barkbands_crest": {
        "dmean": 2.4499874115,
        "dmean2": 4.07681035995,
        "dvar": 4.39226150513,
        "dvar2": 11.593506813,
        "max": 24.9809074402,
        "mean": 9.99088096619,
        "median": 8.9952545166,
        "min": 2.88573718071,
        "var": 18.1201133728
    },
    "barkbands_flatness_db": {
        "dmean": 0.0246187020093,
        "dmean2": 0.0402626395226,
        "dvar": 0.000675627787132,
        "dvar2": 0.00171280966606,
        "max": 0.616901278496,
        "mean": 0.273443937302,
        "median": 0.257956445217,
        "min": 0.0652090236545,
        "var": 0.00786371994764
    },
    "barkbands_kurtosis": {
        "dmean": 1.83061146736,
        "dmean2": 3.02362322807,
        "dvar": 9.9747877121,
        "dvar2": 25.842874527,
        "max": 103.645980835,
        "mean": 1.88574874401,
        "median": 0.316037535667,
        "min": -1.87146282196,
        "var": 22.8431415558
    },
    "barkbands_skewness": {
        "dmean": 0.466868519783,
        "dmean2": 0.759261786938,
        "dvar": 0.191608831286,
        "dvar2": 0.47957316041,
        "max": 7.00409698486,
        "mean": 0.854592680931,
        "median": 0.740853428841,
        "min": -3.27552294731,
        "var": 0.890650987625
    },
    "barkbands_spread": {
        "dmean": 2.61735200882,
        "dmean2": 4.23541259766,
        "dvar": 6.86503648758,
        "dvar2": 17.0485897064,
        "max": 53.4963111877,
        "mean": 12.3071813583,
        "median": 12.1155395508,
        "min": 0.297713875771,
        "var": 51.3917694092
    },
    "dissonance": {
        "dmean": 0.0317993946373,
        "dmean2": 0.0545400381088,
        "dvar": 0.00111003720667,
        "dvar2": 0.00321951135993,
        "max": 0.500000119209,
        "mean": 0.436999052763,
        "median": 0.451224327087,
        "min": 0.0942474603653,
        "var": 0.00256076455116
    },
    "dynamic_complexity": 3.14664554596,
    "erbbands_crest": {
        "dmean": 3.11429047585,
        "dmean2": 5.2398352623,
        "dvar": 7.82450819016,
        "dvar2": 21.9779338837,
        "max": 30.7423820496,
        "mean": 11.1610631943,
        "median": 10.1621789932,
        "min": 3.27428603172,
        "var": 19.2246360779
    },
    "erbbands_flatness_db": {
        "dmean": 0.0228319559246,
        "dmean2": 0.0346026234329,
        "dvar": 0.000696337374393,
        "dvar2": 0.00152918556705,
        "max": 0.560849189758,
        "mean": 0.311478555202,
        "median": 0.313571333885,
        "min": 0.0462790839374,
        "var": 0.00366477039643
    },
    "erbbands_kurtosis": {
        "dmean": 1.48204004765,
        "dmean2": 2.50577664375,
        "dvar": 9.8157081604,
        "dvar2": 30.6006069183,
        "max": 64.3117446899,
        "mean": 1.15637969971,
        "median": 0.0842139720917,
        "min": -1.85267567635,
        "var": 16.2057266235
    },
    "erbbands_skewness": {
        "dmean": 0.435709506273,
        "dmean2": 0.702055811882,
        "dvar": 0.189724072814,
        "dvar2": 0.526889443398,
        "max": 6.49865055084,
        "mean": -0.0311647895724,
        "median": -0.143047213554,
        "min": -4.1604809761,
        "var": 1.16677355766
    },
    "erbbands_spread": {
        "dmean": 4.13892889023,
        "dmean2": 6.70041894913,
        "dvar": 18.0389575958,
        "dvar2": 45.281539917,
        "max": 122.955917358,
        "mean": 18.8040485382,
        "median": 17.7630805969,
        "min": 0.980590939522,
        "var": 90.3821640015
    },
    "hfc": {
        "dmean": 3.24156546593,
        "dmean2": 5.23518276215,
        "dvar": 12.6850996017,
        "dvar2": 32.4564781189,
        "max": 70.7051925659,
        "mean": 15.8235864639,
        "median": 15.7976932526,
        "min": 1.23088644138e-16,
        "var": 100.80027771
    },
    "melbands_crest": {
        "dmean": 3.46887922287,
        "dmean2": 5.95755004883,
        "dvar": 9.29611778259,
        "dvar2": 26.4774074554,
        "max": 32.889919281,
        "mean": 13.7150316238,
        "median": 12.3841485977,
        "min": 2.53653669357,
        "var": 34.036277771
    },
    "melbands_flatness_db": {
        "dmean": 0.0290467068553,
        "dmean2": 0.047328364104,
        "dvar": 0.000913876807317,
        "dvar2": 0.00223052827641,
        "max": 0.791342675686,
        "mean": 0.36969435215,
        "median": 0.346254646778,
        "min": 0.00757999625057,
        "var": 0.0133961448446
    },
    "melbands_kurtosis": {
        "dmean": 3.36013889313,
        "dmean2": 5.54275989532,
        "dvar": 35.503616333,
        "dvar2": 90.25440979,
        "max": 187.883346558,
        "mean": 4.96691608429,
        "median": 2.13399147987,
        "min": -1.845505476,
        "var": 72.7963180542
    },
    "melbands_skewness": {
        "dmean": 0.555217325687,
        "dmean2": 0.901249945164,
        "dvar": 0.31017357111,
        "dvar2": 0.765608549118,
        "max": 10.1400518417,
        "mean": 1.58584547043,
        "median": 1.3851017952,
        "min": -2.3332054615,
        "var": 1.27096307278
    },
    "melbands_spread": {
        "dmean": 4.22247171402,
        "dmean2": 6.86121416092,
        "dvar": 22.4771595001,
        "dvar2": 53.1030807495,
        "max": 145.994857788,
        "mean": 17.5120830536,
        "median": 15.5054826736,
        "min": 0.325413256884,
        "var": 152.381759644
    },
    "pitch_salience": {
        "dmean": 0.072182841599,
        "dmean2": 0.122076034546,
        "dvar": 0.00411111908033,
        "dvar2": 0.0118534546345,
        "max": 0.851118981838,
        "mean": 0.539302527905,
        "median": 0.549224972725,
        "min": 0.114247277379,
        "var": 0.0124340588227
    },
    "silence_rate_20dB": {
        "dmean": 0,
        "dmean2": 0,
        "dvar": 0,
        "dvar2": 0,
        "max": 1,
        "mean": 1,
        "median": 1,
        "min": 1,
        "var": 0
    },
    "silence_rate_30dB": {
        "dmean": 0.0231329817325,
        "dmean2": 0.0462690554559,
        "dvar": 0.022600479424,
        "dvar2": 0.048271022737,
        "max": 1,
        "mean": 0.977069139481,
        "median": 1,
        "min": 0,
        "var": 0.0224017333239
    },
    "silence_rate_60dB": {
        "dmean": 0.00427893316373,
        "dmean2": 0.00855843815953,
        "dvar": 0.0042613716796,
        "dvar2": 0.011296376586,
        "max": 1,
        "mean": 0.0369033291936,
        "median": 0,
        "min": 0,
        "var": 0.0355420894921
    },
    "spectral_centroid": {
        "dmean": 122.191459656,
        "dmean2": 200.716873169,
        "dvar": 24402.0683594,
        "dvar2": 50173.8984375,
        "max": 10744.7275391,
        "mean": 740.067138672,
        "median": 686.937866211,
        "min": 158.714813232,
        "var": 158505.328125
    },
    "spectral_complexity": {
        "dmean": 1.82336032391,
        "dmean2": 3.096616745,
        "dvar": 2.48761940002,
        "dvar2": 6.76532316208,
        "max": 31,
        "mean": 15.7738332748,
        "median": 17,
        "min": 0,
        "var": 39.9722976685
    },
    "spectral_decrease": {
        "dmean": 2.30003838197e-09,
        "dmean2": 3.69119201871e-09,
        "dvar": 1.90003651401e-17,
        "dvar2": 4.5180409843e-17,
        "max": 1.86132056189e-29,
        "mean": -7.68584573763e-09,
        "median": -6.27145713139e-09,
        "min": -6.27806073794e-08,
        "var": 4.52433682138e-17
    },
    "spectral_energy": {
        "dmean": 0.00889006070793,
        "dmean2": 0.0142680872232,
        "dvar": 0.000276742415735,
        "dvar2": 0.00065872160485,
        "max": 0.241062402725,
        "mean": 0.0304434094578,
        "median": 0.0252461507916,
        "min": 1.10942473498e-20,
        "var": 0.000674794311635
    },
    "spectral_energyband_high": {
        "dmean": 2.33106329688e-05,
        "dmean2": 3.56716554961e-05,
        "dvar": 1.04513828703e-08,
        "dvar2": 2.58749341953e-08,
        "max": 0.00163044314831,
        "mean": 2.97746155411e-05,
        "median": 4.21180629928e-06,
        "min": 7.64902798157e-21,
        "var": 1.07275761607e-08
    },
    "spectral_energyband_low": {
        "dmean": 0.00474415393546,
        "dmean2": 0.00722260260954,
        "dvar": 0.000244066119194,
        "dvar2": 0.000559199543204,
        "max": 0.215281590819,
        "mean": 0.00721021695063,
        "median": 0.00301075587049,
        "min": 1.27078575099e-22,
        "var": 0.000334193377057
    },
    "spectral_energyband_middle_high": {
        "dmean": 0.00168033060618,
        "dmean2": 0.00266854907386,
        "dvar": 4.31892385677e-06,
        "dvar2": 1.06377920019e-05,
        "max": 0.0606975778937,
        "mean": 0.00650414125994,
        "median": 0.00572566129267,
        "min": 1.63565535142e-21,
        "var": 2.85715268546e-05
    },
    "spectral_energyband_middle_low": {
        "dmean": 0.00591179402545,
        "dmean2": 0.0101203685626,
        "dvar": 4.9265268899e-05,
        "dvar2": 0.000141373078804,
        "max": 0.161762610078,
        "mean": 0.0180179458112,
        "median": 0.0138981994241,
        "min": 4.49117572222e-22,
        "var": 0.000264084432274
    },
    "spectral_entropy": {
        "dmean": 0.179313391447,
        "dmean2": 0.296610295773,
        "dvar": 0.0396103225648,
        "dvar2": 0.103658638895,
        "max": 9.80487728119,
        "mean": 6.40398931503,
        "median": 6.56094360352,
        "min": 3.57281541824,
        "var": 0.471206009388
    },
    "spectral_flux": {
        "dmean": 0.0188237074763,
        "dmean2": 0.0306047312915,
        "dvar": 0.000825442082714,
        "dvar2": 0.00203550583683,
        "max": 0.422926545143,
        "mean": 0.0809930041432,
        "median": 0.0763669610023,
        "min": 1.05329231448e-10,
        "var": 0.00179382413626
    },
    "spectral_kurtosis": {
        "dmean": 20.7841281891,
        "dmean2": 35.9017944336,
        "dvar": 931.730834961,
        "dvar2": 2808.30761719,
        "max": 654.63482666,
        "mean": 50.2480354309,
        "median": 23.0783157349,
        "min": -1.19276118279,
        "var": 4859.578125
    },
    "spectral_rms": {
        "dmean": 0.000716185255442,
        "dmean2": 0.00116720411461,
        "dvar": 8.14209840883e-07,
        "dvar2": 1.95402003556e-06,
        "max": 0.0153356716037,
        "mean": 0.00503992568702,
        "median": 0.0049629015848,
        "min": 3.28993256249e-12,
        "var": 4.30003092333e-06
    },
    "spectral_rolloff": {
        "dmean": 210.010574341,
        "dmean2": 359.215270996,
        "dvar": 114255.125,
        "dvar2": 206190.375,
        "max": 19099.9511719,
        "mean": 1009.16204834,
        "median": 882.861328125,
        "min": 86.1328125,
        "var": 412265.875
    },
    "spectral_skewness": {
        "dmean": 1.06372869015,
        "dmean2": 1.83867514133,
        "dvar": 1.26329529285,
        "dvar2": 3.6424934864,
        "max": 20.5703544617,
        "mean": 4.00118732452,
        "median": 2.82676792145,
        "min": -0.00166751188226,
        "var": 9.76449871063
    },
    "spectral_spread": {
        "dmean": 320537.46875,
        "dmean2": 497731.34375,
        "dvar": 293852872704,
        "dvar2": 514841214976,
        "max": 40808584,
        "mean": 1489820.25,
        "median": 1334990.25,
        "min": 136640.46875,
        "var": 708735139840
    },
    "spectral_strongpeak": {
        "dmean": 0.650832653046,
        "dmean2": 1.13362944126,
        "dvar": 0.918904721737,
        "dvar2": 2.42269277573,
        "max": 8.75205421448,
        "mean": 1.14569377899,
        "median": 0.708646893501,
        "min": 0,
        "var": 1.42104554176
    },
    "zerocrossingrate": {
        "dmean": 0.00371638289653,
        "dmean2": 0.00464764982462,
        "dvar": 3.07655245706e-05,
        "dvar2": 3.02376611216e-05,
        "max": 0.49609375,
        "mean": 0.0329125970602,
        "median": 0.0322265625,
        "min": 0.00341796875,
        "var": 0.000295640289551
    },
    "barkbands": {
        "dmean": [8.71811207617e-05, 0.00213407422416, 0.00256829126738, 0.00237841275521, 0.00342460325919, 0.00110102153849, 0.00072702736361, 0.000942120153923, 0.000521747337189, 0.000874602119438, 0.000305443769321, 0.00050980510423, 0.000425340607762, 0.000370873371139, 0.000655449228361, 0.000351406197296, 0.000250722339842, 4.32853776147e-05, 1.62717478815e-05, 1.50418218254e-05, 5.92482729189e-06, 6.41212000119e-06, 3.92382162318e-06, 3.01946920445e-06, 5.53777340428e-07, 1.44260852153e-07, 3.80690110546e-08],
        "dmean2": [0.000130957341753, 0.00296044489369, 0.00439583603293, 0.00436622370034, 0.00578343495727, 0.00177342537791, 0.00110372796189, 0.00148134492338, 0.000848829979077, 0.00138020713348, 0.000499866961036, 0.000812034588307, 0.000677729432937, 0.000589676841628, 0.00104014051612, 0.000569552066736, 0.000408579508075, 7.0015041274e-05, 2.67496961897e-05, 2.52846220974e-05, 9.14265820029e-06, 1.01526466096e-05, 6.16864963376e-06, 4.96856000609e-06, 9.56241365202e-07, 2.49510691219e-07, 6.00126739414e-08],
        "dvar": [4.61273970132e-08, 4.01069373765e-05, 0.000131142543978, 1.08093299787e-05, 2.5787139748e-05, 2.46697231887e-06, 2.09009158425e-06, 2.90451225737e-06, 1.40806071158e-06, 2.59205489783e-06, 3.46508841176e-07, 1.013535325e-06, 6.47989338631e-07, 4.19494398329e-07, 1.07592677523e-06, 4.86432782054e-07, 3.30101727286e-07, 2.02835703789e-08, 2.72402700396e-09, 3.17267012662e-09, 6.24559404194e-10, 1.10199194214e-09, 4.23928753213e-10, 2.60052701595e-10, 1.30630801315e-11, 2.5273682344e-13, 7.44594391976e-15],
        "dvar2": [9.3531980383e-08, 5.79574880248e-05, 0.000341939303325, 3.41959894286e-05, 7.0730697189e-05, 6.13026986684e-06, 4.83157646158e-06, 7.35064304536e-06, 3.6473372802e-06, 6.02857744525e-06, 8.55870666783e-07, 2.37272001868e-06, 1.60358206358e-06, 1.00483566712e-06, 2.65217886408e-06, 1.24692485315e-06, 8.31517297684e-07, 5.05620043612e-08, 6.98069868577e-09, 9.2638563487e-09, 1.43551237564e-09, 2.80351808435e-09, 1.11008569004e-09, 6.99954705308e-10, 3.7028699551e-11, 6.86888209072e-13, 1.7283920741e-14],
        "max": [0.00491847563535, 0.0890756100416, 0.142469286919, 0.0496658757329, 0.119942419231, 0.0261989627033, 0.0409302636981, 0.0372862145305, 0.0300817862153, 0.0568936765194, 0.0189882032573, 0.029185494408, 0.0206294413656, 0.0139082195237, 0.0176696255803, 0.0117494110018, 0.0111778844148, 0.00490857334808, 0.00192597485147, 0.00150910962839, 0.000416567490902, 0.00051661307225, 0.000401395314839, 0.000242028501816, 6.39739664621e-05, 4.91861919727e-06, 1.59389992405e-06],
        "mean": [0.000143923112773, 0.00362507789396, 0.00241716462187, 0.00281405122951, 0.00826922431588, 0.00220245099626, 0.00148926186375, 0.00172710593324, 0.000891561969183, 0.00164306582883, 0.000571594689973, 0.000886499823537, 0.000772048719227, 0.000656107906252, 0.00117361487355, 0.000622636871412, 0.000393855210859, 6.98361109244e-05, 2.88285773422e-05, 2.45461633313e-05, 7.71638042352e-06, 6.13743350186e-06, 3.82089865525e-06, 2.68626308753e-06, 4.48974788014e-07, 1.33359748133e-07, 1.0626609992e-07],
        "median": [4.70293816761e-05, 0.00097737822216, 0.000551403965801, 0.00156207673717, 0.00343045569025, 0.0012438276317, 0.00052609492559, 0.000812058802694, 0.000354973861249, 0.000739992654417, 0.000237034022575, 0.000434844871052, 0.000354078394594, 0.000289572984912, 0.000531723082531, 0.000182776740985, 9.94193178485e-05, 2.08999990718e-05, 1.07144878712e-05, 3.87209911423e-06, 1.18063655918e-06, 2.40237227445e-07, 4.86754210272e-08, 2.79240026657e-08, 6.90797508085e-09, 3.95329990965e-09, 9.53885326282e-09],
        "min": [5.39577198857e-23, 6.03571678081e-23, 3.54650563743e-23, 9.32173344759e-24, 3.11759691455e-23, 4.26747338661e-23, 3.41425342221e-23, 6.00086111948e-23, 2.34885139443e-22, 5.92495502992e-23, 4.99436926773e-23, 1.2220857701e-22, 7.77214415252e-23, 1.00881930697e-22, 8.65768532593e-23, 1.63588951058e-22, 1.34440830911e-22, 3.45517946287e-22, 3.18972713717e-22, 3.56269981585e-22, 5.87046102346e-22, 5.23645263041e-22, 4.02285285794e-22, 8.92232329473e-22, 1.13078225163e-21, 1.67193103811e-21, 2.49309631489e-21],
        "var": [9.80691865493e-08, 0.000101199977507, 9.71227855189e-05, 1.28579222292e-05, 0.000183980431757, 7.94634524937e-06, 9.20184174902e-06, 7.13819417797e-06, 2.77785147773e-06, 7.12039172868e-06, 1.04699768144e-06, 2.20482911573e-06, 1.46684601532e-06, 1.04616253793e-06, 2.58839145317e-06, 1.08009874111e-06, 6.24278925443e-07, 3.62054954905e-08, 3.70207242639e-09, 4.19876711177e-09, 7.18901105312e-10, 9.99933913448e-10, 3.66579377964e-10, 2.00442079601e-10, 8.18769878286e-12, 2.20510594376e-13, 4.38939859394e-14]
    },
    "erbbands": {
        "dmean": [0.0438267029822, 0.587616145611, 2.81053614616, 4.88416862488, 13.2278203964, 8.99016094208, 10.614821434, 7.60892534256, 11.5946025848, 12.1454114914, 20.1749916077, 13.9902763367, 18.9759922028, 23.0862197876, 13.0797300339, 25.1032981873, 19.7555904388, 20.9010601044, 32.4422988892, 21.275478363, 18.8524246216, 7.62721061707, 2.55508494377, 1.71277236938, 0.885232508183, 0.502367079258, 0.256953030825, 0.225864648819, 0.260194092989, 0.143501013517, 0.116436414421, 0.085187792778, 0.0356040634215, 0.0117228431627, 0.00139861414209, 0.000295941368677, 0.000366150779882, 7.26514117559e-05, 9.01935618458e-06, 9.95122263703e-06],
        "dmean2": [0.064252205193, 0.841335356236, 4.59690284729, 8.80472278595, 23.8054771423, 14.3063182831, 17.050031662, 12.2826519012, 17.2634239197, 19.1492900848, 31.9972839355, 22.7060070038, 29.906293869, 36.8066711426, 21.077955246, 39.7752456665, 31.4542751312, 33.2016334534, 51.306640625, 34.4300994873, 30.1413269043, 12.3360509872, 4.15154600143, 2.77066421509, 1.51646840572, 0.814752459526, 0.403312534094, 0.348150223494, 0.416181892157, 0.228246837854, 0.18953885138, 0.138360962272, 0.0594176389277, 0.0202397853136, 0.00238405377604, 0.000505584117491, 0.000634115072899, 0.000125507925986, 1.39872727232e-05, 1.59083610924e-05],
        "dvar": [0.011813448742, 3.76968646049, 156.049972534, 88.0778045654, 363.641174316, 276.714355469, 272.948883057, 133.501373291, 537.645996094, 608.384216309, 1518.07568359, 1044.51013184, 1766.6151123, 2289.25244141, 634.380432129, 2489.71899414, 1459.99755859, 1278.48242188, 3235.34814453, 1533.78955078, 1432.13195801, 276.635894775, 74.3224945068, 33.6065559387, 8.06825447083, 2.40526986122, 0.736851513386, 1.2130934, 1.99480521679, 0.50855332613, 0.435442715883, 0.19688744843, 0.033040676266, 0.00582202104852, 5.48422030988e-05, 1.24376651911e-06, 1.59651585818e-06, 6.23459612825e-08, 2.56058146908e-10, 3.31967814349e-10],
        "dvar2": [0.0207756776363, 5.72775316238, 384.247741699, 253.421646118, 1081.14892578, 722.65802002, 658.13458252, 334.873138428, 1226.59057617, 1475.44799805, 3911.984375, 2739.61279297, 4177.42236328, 5332.79492188, 1559.15539551, 5764.375, 3607.12792969, 3086.59936523, 7900.40136719, 3934.3269043, 3532.13110352, 693.040344238, 192.459014893, 82.7229232788, 24.0678119659, 6.11590671539, 1.62347459793, 2.87710285187, 5.14993190765, 1.2996045351, 1.18982470036, 0.514952838421, 0.0905026569963, 0.0164975877851, 0.00015375293151, 3.42392672792e-06, 4.3520658437e-06, 1.69897631963e-07, 5.08100561625e-10, 7.81771702929e-10],
        "max": [2.03153443336, 24.8158855438, 148.860626221, 151.136657715, 571.897521973, 473.207122803, 348.902496338, 273.25982666, 623.650024414, 697.082702637, 896.13458252, 797.826538086, 1277.9263916, 2097.75048828, 966.529296875, 1479.3248291, 1050.02416992, 784.078674316, 1073.27038574, 699.035095215, 781.716552734, 404.384033203, 328.709716797, 204.683013916, 76.5411300659, 32.4834823608, 12.275519371, 19.1686553955, 22.4498291016, 12.9170236588, 12.6946601868, 7.09806156158, 2.61800742149, 1.34087443352, 0.124986581504, 0.0147369848564, 0.0120771760121, 0.00218844064511, 0.000256910454482, 0.000263765978161],
        "mean": [0.0729281008244, 0.924452185631, 2.88733482361, 6.03922748566, 22.6225643158, 26.2383060455, 20.3999881744, 15.0572328568, 24.928068161, 22.798324585, 37.8768119812, 25.860004425, 35.1556472778, 42.4758110046, 28.1791667938, 46.9219055176, 37.979259491, 40.3138008118, 57.676700592, 42.6019287109, 36.6757965088, 13.7613382339, 4.51088619232, 2.95188617706, 1.51238894463, 0.998393774033, 0.427898496389, 0.256237417459, 0.240001916885, 0.145014226437, 0.10938064754, 0.076415233314, 0.0315874554217, 0.0094596138224, 0.00119999889284, 0.000287019618554, 0.000350964808604, 6.69521759846e-05, 3.41471350112e-05, 3.62914870493e-05],
        "median": [0.0244400687516, 0.22231516242, 0.704423844814, 3.53327798843, 9.98634719849, 7.85341930389, 10.6610383987, 8.62449073792, 8.43963241577, 11.0777454376, 18.1218147278, 11.8772382736, 15.8022403717, 19.1086406708, 16.04945755, 24.4195518494, 19.513841629, 21.0812225342, 27.6947669983, 18.2711677551, 11.6567306519, 4.37578582764, 1.49565720558, 1.00587034225, 0.45982760191, 0.195548504591, 0.0908508300781, 0.0280236937106, 0.00910967960954, 0.004098307807, 0.00143518694676, 0.000724669429474, 0.000440630770754, 0.000147435275721, 6.1415215896e-05, 3.83506267099e-05, 1.76944558916e-05, 5.13621853315e-06, 1.83010542969e-05, 3.13904347422e-05],
        "min": [2.00826447251e-21, 1.31511038365e-20, 4.10097439205e-20, 3.50496038767e-20, 4.80959029602e-20, 1.1863434685e-19, 4.34241438956e-19, 1.89782865522e-19, 2.92007293187e-19, 5.9690030256e-19, 2.88654021891e-18, 3.92838412659e-18, 3.81646328099e-18, 1.37276588693e-18, 3.07491922969e-18, 5.02253521389e-18, 3.82944670788e-18, 4.39037483846e-18, 4.96282104547e-18, 6.67008502025e-18, 8.10921798587e-18, 8.39679807917e-18, 1.79761964278e-17, 1.58508766122e-17, 1.71140525451e-17, 1.73387131451e-17, 2.69744871612e-17, 1.64861827555e-17, 1.59849725157e-17, 1.64782087344e-17, 1.11751505186e-17, 1.32274584102e-17, 1.66246362464e-17, 1.34169845137e-17, 8.1257880679e-18, 4.89353350223e-18, 4.11990787126e-18, 1.36493145256e-18, 3.031041279e-19, 3.75326158986e-20],
        "var": [0.0293396301568, 7.89292287827, 132.727859497, 76.1139602661, 1252.09521484, 2766.87988281, 763.931274414, 439.168548584, 2547.34643555, 1337.3515625, 3753.33862305, 2050.26513672, 4253.67236328, 6158.40283203, 1996.94763184, 5703.93652344, 3349.66064453, 3300.17944336, 6966.87841797, 3853.06591797, 3801.88452148, 641.173400879, 119.801376343, 60.1039199829, 10.1374015808, 4.49785375595, 1.07026970387, 1.27357816696, 1.71501088142, 0.486922860146, 0.333630770445, 0.160511732101, 0.0248683001846, 0.00366084254347, 3.68571163563e-05, 9.7852921499e-07, 1.44676675973e-06, 4.94084702041e-08, 1.745605549e-09, 8.61031301813e-10]
    },
    "gfcc": {
        "mean": [-116.839691162, 218.224334717, -136.959487915, -9.86322402954, -15.8965291977, -13.8942127228, -24.2204856873, -17.8584423065, -9.89022445679, -14.8799295425, -8.04413890839, -14.8757743835, -0.689693033695],
        "cov": [[12945.1191406, -2489.88037109, -4158.83056641, 1179.12841797, -482.683837891, 327.186248779, -81.1346282959, -91.3757705688, 203.282180786, 74.7880096436, 44.9489479065, -85.1827011108, 78.4170379639], [-2489.88037109, 1641.89782715, 658.924072266, -610.221252441, 486.265930176, -442.718444824, 205.439361572, 19.0434036255, 21.9763965607, -60.5605659485, 54.6969223022, -21.9303817749, 108.450935364], [-4158.83056641, 658.924072266, 2322.30175781, -258.074859619, -273.521789551, 173.173080444, 19.728433609, 111.426254272, -57.2374382019, -10.4982995987, -31.0459728241, 47.525932312, -94.0444488525], [1179.12841797, -610.221252441, -258.074859619, 467.277923584, -121.847305298, 107.143127441, -9.17310523987, -5.9780163765, 2.60145688057, 37.5412406921, 25.8173904419, 4.70037031174, -16.8807067871], [-482.683837891, 486.265930176, -273.521789551, -121.847305298, 551.878112793, -202.465087891, 7.91175222397, -34.4836769104, 3.86755490303, -46.4165611267, 11.3803653717, -0.608601033688, 82.5138549805], [327.186248779, -442.718444824, 173.173080444, 107.143127441, -202.465087891, 442.844909668, -43.1307373047, 20.0842437744, 16.2533073425, 2.13636088371, -23.0653247833, 36.5665168762, -40.1745948792], [-81.1346282959, 205.439361572, 19.728433609, -9.17310523987, 7.91175222397, -43.1307373047, 265.463806152, 33.3206481934, -18.4282646179, 32.9770202637, 36.2322807312, -24.3716049194, 30.1263217926], [-91.3757705688, 19.0434036255, 111.426254272, -5.9780163765, -34.4836769104, 20.0842437744, 33.3206481934, 137.154312134, 59.9571495056, 8.33692836761, -3.55962967873, 18.8045196533, -6.47370624542], [203.282180786, 21.9763965607, -57.2374382019, 2.60145688057, 3.86755490303, 16.2533073425, -18.4282646179, 59.9571495056, 130.145370483, 38.0638847351, -0.430330395699, -2.2902264595, 6.38257646561], [74.7880096436, -60.5605659485, -10.4982995987, 37.5412406921, -46.4165611267, 2.13636088371, 32.9770202637, 8.33692836761, 38.0638847351, 115.962478638, 45.6166305542, -8.47675609589, -15.9556493759], [44.9489479065, 54.6969223022, -31.0459728241, 25.8173904419, 11.3803653717, -23.0653247833, 36.2322807312, -3.55962967873, -0.430330395699, 45.6166305542, 104.943092346, 32.2790870667, 6.24954414368], [-85.1827011108, -21.9303817749, 47.525932312, 4.70037031174, -0.608601033688, 36.5665168762, -24.3716049194, 18.8045196533, -2.2902264595, -8.47675609589, 32.2790870667, 106.615638733, 27.9266414642], [78.4170379639, 108.450935364, -94.0444488525, -16.8807067871, 82.5138549805, -40.1745948792, 30.1263217926, -6.47370624542, 6.38257646561, -15.9556493759, 6.24954414368, 27.9266414642, 97.2841567993]],
        "icov": [[0.000379610835807, -0.000508308236022, 0.000880872365087, -0.000809068733361, 0.000833540281747, -0.000528051576111, 0.000367932079826, -0.000321446248563, 0.000164799494087, -5.34528262506e-05, 0.00020561843121, 0.000148396720761, -0.000163954609889], [-0.000508308236022, 0.00772734545171, -0.0036736256443, 0.00683798687533, -0.00468970742077, 0.00470805773512, -0.00509997829795, 0.00326500739902, -0.00643445458263, 0.0054226173088, -0.00596134644002, 0.00166191475, -0.00163343793247], [0.000880872365087, -0.0036736256443, 0.00350042106584, -0.00349409226328, 0.00341101665981, -0.00280685443431, 0.00246094516478, -0.00227481685579, 0.00309645454399, -0.00215343642049, 0.00260595022701, -0.000573017110582, 0.00063784973463], [-0.000809068733361, 0.00683798687533, -0.00349409226328, 0.00914961472154, -0.00416432041675, 0.00377865904011, -0.00435534771532, 0.00272427778691, -0.00490793585777, 0.00390309421346, -0.00568731268868, 0.00135986658279, -0.00120116223115], [0.000833540281747, -0.00468970742077, 0.00341101665981, -0.00416432041675, 0.00633804406971, -0.00234498619102, 0.00324751227163, -0.00170873815659, 0.00297522288747, -0.00173077476211, 0.0026811810676, -0.000409992935602, -0.000866169168148], [-0.000528051576111, 0.00470805773512, -0.00280685443431, 0.00377865904011, -0.00234498619102, 0.00613024318591, -0.00322367972694, 0.00261384481564, -0.00467321462929, 0.00345777720213, -0.00247136643156, -0.000777713546995, 6.79161967128e-05], [0.000367932079826, -0.00509997829795, 0.00246094516478, -0.00435534771532, 0.00324751227163, -0.00322367972694, 0.00890824105591, -0.00528608448803, 0.00714745745063, -0.00524017680436, 0.00173842045479, 0.00223700539209, -0.00226626545191], [-0.000321446248563, 0.00326500739902, -0.00227481685579, 0.00272427778691, -0.00170873815659, 0.00261384481564, -0.00528608448803, 0.013673549518, -0.00984579045326, 0.00423636706546, -0.000815746141598, -0.00346231460571, 0.00235563027672], [0.000164799494087, -0.00643445458263, 0.00309645454399, -0.00490793585777, 0.00297522288747, -0.00467321462929, 0.00714745745063, -0.00984579045326, 0.019150858745, -0.0103065827861, 0.00561553053558, 0.000978965079412, -0.00172860897146], [-5.34528262506e-05, 0.0054226173088, -0.00215343642049, 0.00390309421346, -0.00173077476211, 0.00345777720213, -0.00524017680436, 0.00423636706546, -0.0103065827861, 0.018280049786, -0.0104250935838, 0.00286839413457, 0.000914763368201], [0.00020561843121, -0.00596134644002, 0.00260595022701, -0.00568731268868, 0.0026811810676, -0.00247136643156, 0.00173842045479, -0.000815746141598, 0.00561553053558, -0.0104250935838, 0.0201448537409, -0.00818884372711, 0.00310322991572], [0.000148396720761, 0.00166191475, -0.000573017110582, 0.00135986658279, -0.000409992935602, -0.000777713546995, 0.00223700539209, -0.00346231460571, 0.000978965079412, 0.00286839413457, -0.00818884372711, 0.0159392282367, -0.00683010881767], [-0.000163954609889, -0.00163343793247, 0.00063784973463, -0.00120116223115, -0.000866169168148, 6.79161967128e-05, -0.00226626545191, 0.00235563027672, -0.00172860897146, 0.000914763368201, 0.00310322991572, -0.00683010881767, 0.0162864606827]]
    },
    "melbands": {
        "dmean": [0.000462572876131, 0.00121694547124, 0.00108936999459, 0.000818597851321, 0.000357473967597, 0.000181184514076, 0.000169049104443, 0.000142418168252, 0.000160717812832, 7.84386866144e-05, 9.64711944107e-05, 0.00010094755271, 4.2001294787e-05, 6.0354694142e-05, 5.20807698194e-05, 3.33832431352e-05, 4.48805840279e-05, 4.87732613692e-05, 3.5179356928e-05, 3.19295395457e-05, 2.44410020969e-05, 1.12582474685e-05, 3.84372970075e-06, 1.71589488218e-06, 1.4762928231e-06, 5.08469895522e-07, 7.71426300616e-07, 2.9698261983e-07, 1.66440855764e-07, 1.59057051974e-07, 1.17776622233e-07, 1.56210916202e-07, 1.15192861472e-07, 6.67976038926e-08, 7.26917903648e-08, 5.76714604961e-08, 5.06285857682e-08, 2.94374569165e-08, 1.18153637985e-08, 9.03639918448e-09],
        "dmean2": [0.000642294704448, 0.00184839300346, 0.00197364855558, 0.00140615482815, 0.000568313233089, 0.0002902726701, 0.000251022196608, 0.000224962772336, 0.000254942016909, 0.000128025800223, 0.00015189894475, 0.000160903859069, 6.84158003423e-05, 9.58634918788e-05, 8.27086478239e-05, 5.33271741006e-05, 7.14370471542e-05, 7.72683342802e-05, 5.6670702179e-05, 5.23718990735e-05, 3.93641457777e-05, 1.83093543455e-05, 6.27737654213e-06, 2.77662684312e-06, 2.39671999225e-06, 8.5293356733e-07, 1.33869150432e-06, 4.67861951847e-07, 2.61986855321e-07, 2.52837963899e-07, 1.81076174499e-07, 2.50387870437e-07, 1.89134425455e-07, 1.04196395512e-07, 1.23225788684e-07, 9.41840667679e-08, 8.39249949536e-08, 4.97579826231e-08, 1.95348377474e-08, 1.60750825984e-08],
        "dvar": [1.45345245528e-06, 2.42473724938e-05, 3.05802223011e-06, 1.66472921137e-06, 3.24029855392e-07, 7.60256710919e-08, 1.13828626525e-07, 8.20184382633e-08, 9.34153447929e-08, 3.2654813964e-08, 4.3969958341e-08, 4.54504274217e-08, 6.67895871942e-09, 1.29862822718e-08, 8.2938083068e-09, 4.07600220242e-09, 6.27434282308e-09, 7.64705543332e-09, 3.39824812734e-09, 3.64521035578e-09, 2.60071897351e-09, 6.62340293722e-10, 1.45646411598e-10, 2.71532709512e-11, 2.80671926672e-11, 1.77355829675e-12, 9.50825269214e-12, 7.34853475813e-13, 2.28498779143e-13, 5.27707326621e-13, 3.10155113398e-13, 7.3990255112e-13, 3.74293993152e-13, 9.81989893589e-14, 2.05250909584e-13, 7.28822452151e-14, 8.09134050451e-14, 2.29513334878e-14, 3.32707236022e-15, 4.38578074682e-15],
        "dvar2": [2.1828689114e-06, 5.49332435185e-05, 9.02974898054e-06, 4.59128750663e-06, 8.02800798283e-07, 1.85489952287e-07, 2.57047389596e-07, 1.99048670879e-07, 2.42134149175e-07, 8.6226116025e-08, 1.0389475591e-07, 1.05350672186e-07, 1.64732654184e-08, 3.06912610881e-08, 2.02424530471e-08, 1.0309945786e-08, 1.50408965283e-08, 1.88510043131e-08, 8.73403660506e-09, 9.64661772684e-09, 6.43743192086e-09, 1.66151314929e-09, 3.75361214333e-10, 6.82181464096e-11, 6.96295104907e-11, 4.84882663535e-12, 2.96944621669e-11, 1.70231049309e-12, 4.93573498045e-13, 1.24242695125e-12, 7.26123805181e-13, 1.90713850962e-12, 1.0043979537e-12, 2.3857104443e-13, 5.80613790553e-13, 1.83092270186e-13, 2.16317442474e-13, 6.35228564086e-14, 8.99957259865e-15, 1.26026271396e-14],
        "max": [0.0187870040536, 0.0613578893244, 0.0267475675792, 0.0334377773106, 0.0111103467643, 0.00565784284845, 0.00945960916579, 0.00870440062135, 0.00684486562386, 0.00433088699356, 0.0063448343426, 0.00934190209955, 0.00258829235099, 0.00318216532469, 0.00186438451055, 0.00183303386439, 0.001789705595, 0.00158508913592, 0.000962182239164, 0.00105974101461, 0.000878111692145, 0.000569054449443, 0.000471499341074, 0.000178322967258, 0.000180813003681, 2.2184342015e-05, 8.54989266372e-05, 1.83695174201e-05, 7.23995162843e-06, 1.20031872939e-05, 9.38754965318e-06, 1.40286683745e-05, 1.11397293949e-05, 5.65163827559e-06, 8.76365174918e-06, 4.51504547527e-06, 4.10354687119e-06, 2.10546909329e-06, 8.04084606898e-07, 1.18796231163e-06],
        "mean": [0.000844455382321, 0.00144809414633, 0.00149190810043, 0.00199827505276, 0.000748721940909, 0.000364331295714, 0.00036425946746, 0.000263977446593, 0.000304136541672, 0.000138804578455, 0.000174720466021, 0.000177604903001, 8.11740537756e-05, 0.000111875750008, 0.000101759491372, 6.29443311482e-05, 7.77719033067e-05, 8.40459906613e-05, 6.53913593851e-05, 5.56958475499e-05, 4.22401390097e-05, 1.79330927494e-05, 5.9181479628e-06, 2.83752160612e-06, 2.36999517256e-06, 8.65023366714e-07, 1.13468524887e-06, 5.73491092837e-07, 2.86182824993e-07, 1.88079155805e-07, 1.29849567543e-07, 1.42701551908e-07, 1.05090720126e-07, 7.01074469589e-08, 6.6369878482e-08, 5.29692307794e-08, 4.43615952861e-08, 2.55717633735e-08, 1.07470530253e-08, 6.78645761809e-09],
        "median": [0.000255714985542, 0.000371538219042, 0.000898650847375, 0.00072014471516, 0.000371398869902, 0.000199254223844, 0.000120650074678, 0.000131145949126, 0.000147926155478, 6.03941080044e-05, 7.4180730735e-05, 7.19107410987e-05, 3.73672373826e-05, 5.84333829465e-05, 5.67141687497e-05, 3.16484438372e-05, 3.4986071114e-05, 3.69523768313e-05, 2.9484348488e-05, 1.86506113096e-05, 1.07976175059e-05, 4.75742763228e-06, 1.34093238557e-06, 8.91527406566e-07, 6.86588691678e-07, 2.84579698473e-07, 1.93891679601e-07, 1.0824830099e-07, 6.06693362215e-08, 2.9113778055e-08, 9.44122113822e-09, 4.89726748043e-09, 3.12061598784e-09, 1.59020252521e-09, 7.58305307436e-10, 4.75574801762e-10, 3.68190256061e-10, 2.95855895338e-10, 1.79832565506e-10, 7.31859711722e-11],
        "min": [2.04744950977e-23, 2.05207365463e-23, 6.4985868334e-24, 5.54166818423e-24, 1.21474434653e-23, 4.88774469786e-24, 5.50632879339e-24, 5.6267137007e-24, 2.89348090029e-23, 2.75248463526e-23, 1.89895464852e-23, 4.7590294194e-24, 8.33628682706e-24, 1.46361986471e-23, 8.66823555167e-24, 9.17404685322e-24, 7.84865482508e-24, 7.77048975343e-24, 8.46093000553e-24, 1.12419691967e-23, 8.4817504114e-24, 8.67293558495e-24, 1.16087903065e-23, 1.69970510771e-23, 1.18981941848e-23, 1.44673824133e-23, 1.11420023763e-23, 1.11280561043e-23, 1.32847300328e-23, 1.86447685157e-23, 7.43711082399e-24, 8.08700125899e-24, 1.19573382423e-23, 7.94662977179e-24, 5.68440428199e-24, 7.79742067587e-24, 8.36461561103e-24, 1.12396775558e-23, 1.2452242753e-23, 1.14475818474e-23],
        "var": [4.37379503637e-06, 2.66017541435e-05, 3.7600577798e-06, 1.3941731595e-05, 9.51048434672e-07, 2.79195660369e-07, 5.56371560378e-07, 1.77139540369e-07, 2.29110483474e-07, 6.2932599576e-08, 1.06238211117e-07, 1.21324504221e-07, 2.00826146823e-08, 3.08173575547e-08, 2.02524557125e-08, 8.83092443615e-09, 1.5009160137e-08, 1.58698458819e-08, 8.2160340753e-09, 7.52207274246e-09, 5.87991166867e-09, 1.29582766739e-09, 2.36172831292e-10, 5.10109975094e-11, 4.74741010392e-11, 2.56760454911e-12, 1.00911830975e-11, 1.46025802127e-12, 3.90992007651e-13, 5.44888244768e-13, 3.45256023207e-13, 6.34436351111e-13, 3.08325468022e-13, 1.05195095256e-13, 1.42212901611e-13, 6.49526954574e-14, 6.18994330619e-14, 1.68447070528e-14, 2.56979144758e-15, 2.58706562574e-15]
    },
    "mfcc": {
        "mean": [-741.97668457, 231.960830688, -28.3968009949, 8.69094848633, 16.1253070831, 4.26427984238, -2.08683443069, -5.59601926804, -0.499909222126, 0.45578700304, -9.27323913574, -3.69434261322, -2.17813062668],
        "cov": [[8886.08984375, 96.9781646729, -3607.62402344, -40.0258369446, -96.0870742798, 73.454460144, -163.204223633, -109.347763062, 28.5700302124, 244.003448486, -145.932312012, 48.8205108643, 4.82840013504], [96.9781646729, 1608.88586426, -535.911132812, -246.642486572, 135.215362549, -235.048294067, 49.4601554871, -63.2359924316, 87.0275802612, -33.9844856262, -6.68699455261, -6.17033338547, 37.9800834656], [-3607.62402344, -535.911132812, 2871.30200195, -36.2986335754, -313.204315186, 177.587768555, -20.7033538818, 198.56010437, -40.0630531311, -60.0928459167, 155.051757812, 24.6918087006, -56.9400138855], [-40.0258369446, -246.642486572, -36.2986335754, 387.72833252, -7.27183008194, -33.159122467, 71.3766479492, -58.5134887695, -5.08215093613, 24.2872371674, -8.58721542358, 3.90282487869, 25.0213356018], [-96.0870742798, 135.215362549, -313.204315186, -7.27183008194, 343.855529785, -12.6350717545, -61.915561676, 4.22344064713, 1.52585959435, -42.2777709961, -33.4900627136, -11.5765304565, 7.39133358002], [73.454460144, -235.048294067, 177.587768555, -33.159122467, -12.6350717545, 218.098602295, 38.1366043091, 25.060508728, -4.28811597824, 8.60734176636, -4.46883249283, -0.788112103939, -10.1397171021], [-163.204223633, 49.4601554871, -20.7033538818, 71.3766479492, -61.915561676, 38.1366043091, 205.805435181, 6.55604219437, -3.98201799393, 7.19336795807, -10.9980621338, -2.81346178055, 17.1431427002], [-109.347763062, -63.2359924316, 198.56010437, -58.5134887695, 4.22344064713, 25.060508728, 6.55604219437, 153.539901733, 38.5887184143, -22.2841320038, 8.96394729614, 11.222987175, -5.1424074173], [28.5700302124, 87.0275802612, -40.0630531311, -5.08215093613, 1.52585959435, -4.28811597824, -3.98201799393, 38.5887184143, 126.653259277, 46.633140564, -18.1487140656, -4.22353649139, 16.9688529968], [244.003448486, -33.9844856262, -60.0928459167, 24.2872371674, -42.2777709961, 8.60734176636, 7.19336795807, -22.2841320038, 46.633140564, 132.164657593, 25.3396015167, -2.94417619705, 12.9343338013], [-145.932312012, -6.68699455261, 155.051757812, -8.58721542358, -33.4900627136, -4.46883249283, -10.9980621338, 8.96394729614, -18.1487140656, 25.3396015167, 121.036727905, 54.0503692627, -18.2721786499], [48.8205108643, -6.17033338547, 24.6918087006, 3.90282487869, -11.5765304565, -0.788112103939, -2.81346178055, 11.222987175, -4.22353649139, -2.94417619705, 54.0503692627, 91.8038330078, 31.9154167175], [4.82840013504, 37.9800834656, -56.9400138855, 25.0213356018, 7.39133358002, -10.1397171021, 17.1431427002, -5.1424074173, 16.9688529968, 12.9343338013, -18.2721786499, 31.9154167175, 102.93989563]],
