{
"lowlevel": {
    "average_loudness": 0.624865114689,
    "barkbands_crest": {
        "dmean": 2.13898181915,
        "dmean2": 3.40159606934,
        "dvar": 5.395383358,
        "dvar2": 13.7531471252,
        "max": 26.4012985229,
        "mean": 10.9749231339,
        "median": 10.1148681641,
        "min": 2.55572962761,
        "var": 20.9229202271
    },
    "barkbands_flatness_db": {
        "dmean": 0.017967749387,
        "dmean2": 0.0263116750866,
        "dvar": 0.000411964108935,
        "dvar2": 0.000808428565506,
        "max": 0.575240969658,
        "mean": 0.177928209305,
        "median": 0.161093264818,
        "min": 0.0256420634687,
        "var": 0.00711796618998
    },
    "barkbands_kurtosis": {
        "dmean": 3.755423069,
        "dmean2": 5.4447350502,
        "dvar": 261.527435303,
        "dvar2": 472.849578857,
        "max": 2732.18725586,
        "mean": 23.4956760406,
        "median": 3.64153432846,
        "min": -1.89894986153,
        "var": 30277.8144531
    },
    "barkbands_skewness": {
        "dmean": 0.417449653149,
        "dmean2": 0.623701453209,
        "dvar": 0.25005492568,
        "dvar2": 0.504520714283,
        "max": 42.3230934143,
        "mean": 1.99718546867,
        "median": 1.58686828613,
        "min": -15.5231971741,
        "var": 11.7382555008
    },
    "barkbands_spread": {
        "dmean": 3.41176867485,
        "dmean2": 5.08389425278,
        "dvar": 38.4513778687,
        "dvar2": 73.5536499023,
        "max": 102.442245483,
        "mean": 14.5766735077,
        "median": 11.395029068,
        "min": 0.0742555037141,
        "var": 149.500534058
    },
    "dissonance": {
        "dmean": 0.0246758554131,
        "dmean2": 0.0407858341932,
        "dvar": 0.000627891044132,
        "dvar2": 0.00156160502229,
        "max": 0.5,
        "mean": 0.430512577295,
        "median": 0.44339081645,
        "min": 0.170717328787,
        "var": 0.00263356952928
    },
    "dynamic_complexity": 5.20451688766,
    "erbbands_crest": {
        "dmean": 2.10115480423,
        "dmean2": 3.2665617466,
        "dvar": 5.1302895546,
        "dvar2": 11.9458913803,
        "max": 32.2589912415,
        "mean": 10.0086975098,
        "median": 8.6340713501,
        "min": 2.65188384056,
        "var": 26.1047115326
    },
    "erbbands_flatness_db": {
        "dmean": 0.0145681034774,
        "dmean2": 0.0203970167786,
        "dvar": 0.000295721489238,
        "dvar2": 0.000536637729965,
        "max": 0.480804234743,
        "mean": 0.197134584188,
        "median": 0.18374106288,
        "min": 0.0527441166341,
        "var": 0.00471165822819
    },
    "erbbands_kurtosis": {
        "dmean": 1.15261006355,
        "dmean2": 1.69374763966,
        "dvar": 6.87873983383,
        "dvar2": 10.616651535,
        "max": 318.798553467,
        "mean": 3.77667784691,
        "median": 0.212867498398,
        "min": -1.79862499237,
        "var": 436.612823486
    },
    "erbbands_skewness": {
        "dmean": 0.311396420002,
        "dmean2": 0.456066042185,
        "dvar": 0.110012546182,
        "dvar2": 0.217906311154,
        "max": 14.7740068436,
        "mean": 0.852170169353,
        "median": 0.7015209198,
        "min": -3.36609911919,
        "var": 1.68584370613
    },
    "erbbands_spread": {
        "dmean": 5.27954721451,
        "dmean2": 7.70677757263,
        "dvar": 55.08228302,
        "dvar2": 116.303779602,
        "max": 163.514480591,
        "mean": 30.9730091095,
        "median": 29.8182983398,
        "min": 0.695612967014,
        "var": 298.100952148
    },
    "hfc": {
        "dmean": 3.5198996067,
        "dmean2": 4.74283647537,
        "dvar": 37.0692214966,
        "dvar2": 66.1672668457,
        "max": 119.598495483,
        "mean": 15.1694316864,
        "median": 9.08449268341,
        "min": 1.15720820691e-16,
        "var": 280.04776001
    },
    "melbands_crest": {
        "dmean": 2.55318546295,
        "dmean2": 4.09842920303,
        "dvar": 7.68556594849,
        "dvar2": 19.229888916,
        "max": 32.0447006226,
        "mean": 13.673666954,
        "median": 12.6880950928,
        "min": 1.87406158447,
        "var": 27.3076648712
    },
    "melbands_flatness_db": {
        "dmean": 0.0204313229769,
        "dmean2": 0.0297427736223,
        "dvar": 0.000572432705667,
        "dvar2": 0.00112410821021,
        "max": 0.679165065289,
        "mean": 0.247270643711,
        "median": 0.230106145144,
        "min": 0.00565294642001,
        "var": 0.00969144701958
    },
    "melbands_kurtosis": {
        "dmean": 4.01288032532,
        "dmean2": 6.22152423859,
        "dvar": 79.916305542,
        "dvar2": 148.860473633,
        "max": 769.040283203,
        "mean": 11.5914268494,
        "median": 7.38177156448,
        "min": -1.89067840576,
        "var": 328.24118042
    },
    "melbands_skewness": {
        "dmean": 0.47897669673,
        "dmean2": 0.723347485065,
        "dvar": 0.341340273619,
        "dvar2": 0.775349259377,
        "max": 20.4031333923,
        "mean": 2.25983786583,
        "median": 2.22270345688,
        "min": -2.12789797783,
        "var": 1.94879627228
    },
    "melbands_spread": {
        "dmean": 4.18953323364,
        "dmean2": 6.21512413025,
        "dvar": 74.4346923828,
        "dvar2": 122.188423157,
        "max": 213.113113403,
        "mean": 16.8418579102,
        "median": 13.2227859497,
        "min": 0.236687660217,
        "var": 302.259185791
    },
    "pitch_salience": {
        "dmean": 0.0557336993515,
        "dmean2": 0.0888834223151,
        "dvar": 0.00341456243768,
        "dvar2": 0.00861089769751,
        "max": 0.872663497925,
        "mean": 0.538350880146,
        "median": 0.548972725868,
        "min": 0.132796049118,
        "var": 0.0126565378159
    },
    "silence_rate_20dB": {
        "dmean": 0,
        "dmean2": 0,
        "dvar": 0,
        "dvar2": 0,
        "max": 1,
        "mean": 1,
        "median": 1,
        "min": 1,
        "var": 0
    },
    "silence_rate_30dB": {
        "dmean": 0.00187529297546,
        "dmean2": 0.00375093775801,
        "dvar": 0.00187193939928,
        "dvar2": 0.00561297405511,
        "max": 1,
        "mean": 0.999062418938,
        "median": 1,
        "min": 0,
        "var": 0.000936724012718
    },
    "silence_rate_60dB": {
        "dmean": 0.0200656354427,
        "dmean2": 0.0401350334287,
        "dvar": 0.019658524543,
        "dvar2": 0.0428429953754,
        "max": 1,
        "mean": 0.202793926001,
        "median": 0,
        "min": 0,
        "var": 0.16167652607
    },
    "spectral_centroid": {
        "dmean": 146.724853516,
        "dmean2": 215.617126465,
        "dvar": 61128.90625,
        "dvar2": 105262.140625,
        "max": 11126.8652344,
        "mean": 931.897644043,
        "median": 817.377441406,
        "min": 200.219696045,
        "var": 289146.3125
    },
    "spectral_complexity": {
        "dmean": 2.09357714653,
        "dmean2": 3.26350331306,
        "dvar": 7.62139081955,
        "dvar2": 15.4622735977,
        "max": 58,
        "mean": 14.2617664337,
        "median": 13,
        "min": 0,
        "var": 78.6882553101
    },
    "spectral_decrease": {
        "dmean": 1.53701484873e-09,
        "dmean2": 2.32971242298e-09,
        "dvar": 9.54882244444e-18,
        "dvar2": 2.32536103902e-17,
        "max": 3.44017878725e-16,
        "mean": -5.30265786836e-09,
        "median": -3.63436392092e-09,
        "min": -4.1901856207e-08,
        "var": 2.85656964552e-17
    },
    "spectral_energy": {
        "dmean": 0.00604721251875,
        "dmean2": 0.00912042427808,
        "dvar": 0.000141877113492,
        "dvar2": 0.000342970219208,
        "max": 0.160267710686,
        "mean": 0.0213892851025,
        "median": 0.0147301144898,
        "min": 1.07528535935e-20,
        "var": 0.00045440797112
    },
    "spectral_energyband_high": {
        "dmean": 0.000177780646482,
        "dmean2": 0.000238872526097,
        "dvar": 3.61480033462e-07,
        "dvar2": 6.09538858498e-07,
        "max": 0.0139788594097,
        "mean": 0.000465813616756,
        "median": 0.000102750185761,
        "min": 7.90502018632e-21,
        "var": 1.33912647016e-06
    },
    "spectral_energyband_low": {
        "dmean": 0.00283093657345,
        "dmean2": 0.00481329858303,
        "dvar": 0.000103109930933,
        "dvar2": 0.000277164421277,
        "max": 0.140060275793,
        "mean": 0.00415324931964,
        "median": 0.00151167495642,
        "min": 7.26989282247e-23,
        "var": 9.76696464932e-05
    },
    "spectral_energyband_middle_high": {
        "dmean": 0.001181308995,
        "dmean2": 0.00171757303178,
        "dvar": 6.44189503873e-06,
        "dvar2": 1.42368871821e-05,
        "max": 0.069987103343,
        "mean": 0.00407900894061,
        "median": 0.00178367272019,
        "min": 1.58526741015e-21,
        "var": 4.13396337535e-05
    },
    "spectral_energyband_middle_low": {
        "dmean": 0.00396927585825,
        "dmean2": 0.00579812703654,
        "dvar": 4.40735311713e-05,
        "dvar2": 9.18434379855e-05,
        "max": 0.0951184779406,
        "mean": 0.0135738784447,
        "median": 0.00914367940277,
        "min": 3.24282189371e-22,
        "var": 0.000196623848751
    },
    "spectral_entropy": {
        "dmean": 0.162183582783,
        "dmean2": 0.225107595325,
        "dvar": 0.0430173650384,
        "dvar2": 0.0732240006328,
        "max": 9.80063533783,
        "mean": 6.98648166656,
        "median": 7.078104496,
        "min": 3.83078765869,
        "var": 0.549824893475
    },
    "spectral_flux": {
        "dmean": 0.0192571356893,
        "dmean2": 0.0304354894906,
        "dvar": 0.00082285067765,
        "dvar2": 0.00194050150458,
        "max": 0.316982030869,
        "mean": 0.0566550157964,
        "median": 0.0464461520314,
        "min": 1.03695968479e-10,
        "var": 0.00239955959842
    },
    "spectral_kurtosis": {
        "dmean": 3.28549432755,
        "dmean2": 5.55230140686,
        "dvar": 31.9381027222,
        "dvar2": 91.44140625,
        "max": 166.529464722,
        "mean": 9.83118438721,
        "median": 6.02566432953,
        "min": -1.21874761581,
        "var": 201.526580811
    },
    "spectral_rms": {
        "dmean": 0.000544014852494,
        "dmean2": 0.000796054082457,
        "dvar": 7.048335533e-07,
        "dvar2": 1.55117731993e-06,
        "max": 0.0125043485314,
        "mean": 0.00398470275104,
        "median": 0.00379088940099,
        "min": 3.23891781451e-12,
        "var": 4.98977078678e-06
    },
    "spectral_rolloff": {
        "dmean": 296.399749756,
        "dmean2": 478.247039795,
        "dvar": 638582.8125,
        "dvar2": 1165107.625,
        "max": 19961.2792969,
        "mean": 1167.36193848,
        "median": 753.662109375,
        "min": 86.1328125,
        "var": 2669828
    },
    "spectral_skewness": {
        "dmean": 0.324387967587,
        "dmean2": 0.520360291004,
        "dvar": 0.18164254725,
        "dvar2": 0.484934061766,
        "max": 10.2056751251,
        "mean": 2.09821605682,
        "median": 1.86758160591,
        "min": -0.0462518557906,
        "var": 1.20052015781
    },
    "spectral_spread": {
        "dmean": 432265.875,
        "dmean2": 620408.125,
        "dvar": 491120590848,
        "dvar2": 787158335488,
        "max": 41538956,
        "mean": 3865521.5,
        "median": 3720763,
        "min": 532805.75,
        "var": 3.34521040896e+12
    },
    "spectral_strongpeak": {
        "dmean": 0.409792095423,
        "dmean2": 0.660911858082,
        "dvar": 0.420221060514,
        "dvar2": 0.968005597591,
        "max": 8.48416519165,
        "mean": 1.09947276115,
        "median": 0.513846516609,
        "min": 0,
        "var": 1.64015352726
    },
    "zerocrossingrate": {
        "dmean": 0.00757982814685,
        "dmean2": 0.00853333715349,
        "dvar": 0.000216298692976,
        "dvar2": 0.000181135706953,
        "max": 0.83203125,
        "mean": 0.0476391017437,
        "median": 0.0380859375,
        "min": 0.00634765625,
        "var": 0.00258440151811
    },
    "barkbands": {
        "dmean": [8.08248951216e-05, 0.00183302199002, 0.00067778112134, 0.00104533554986, 0.00132473022677, 0.000647503533401, 0.00101916573476, 0.000892113544978, 0.00142034050077, 0.000513388426043, 0.000367205328075, 0.00039645130164, 0.000178834685357, 0.000174925371539, 0.000120092568977, 0.000109900567622, 0.000112754452857, 6.00813436904e-05, 5.0233960792e-05, 4.84177326143e-05, 3.83129117836e-05, 4.51805390185e-05, 4.35024157923e-05, 3.50814661942e-05, 2.35055122175e-05, 1.14964268505e-05, 2.31997796618e-06],
        "dmean2": [0.000143615339766, 0.00320618716069, 0.00117148621939, 0.00170516490471, 0.00215210160241, 0.00100094242953, 0.00148124736734, 0.00129374791868, 0.00196883198805, 0.000763841264416, 0.000556502840482, 0.000621067883912, 0.000282458291622, 0.000258102983935, 0.000189620186575, 0.000173093023477, 0.000178486909135, 9.5395858807e-05, 7.91645943536e-05, 7.63563075452e-05, 5.99460399826e-05, 6.68562715873e-05, 6.31056318525e-05, 4.84355368826e-05, 3.08246999339e-05, 1.58515977091e-05, 3.2990649288e-06],
        "dvar": [1.77494442255e-07, 7.93051804067e-05, 3.8911766751e-06, 1.63421900652e-05, 4.97392329635e-06, 2.16582611756e-06, 6.95893049851e-06, 5.67330425838e-06, 1.06675634015e-05, 3.03989759232e-06, 1.51634333179e-06, 1.96087603399e-06, 2.13153612094e-07, 1.76972704935e-07, 9.15707971672e-08, 6.51921183703e-08, 7.26593398781e-08, 1.68415592583e-08, 1.81458208459e-08, 1.54413566378e-08, 1.06558513124e-08, 2.80998175839e-08, 3.01869285124e-08, 2.90591692931e-08, 1.29275461447e-08, 1.85740089975e-09, 8.43516922977e-11],
        "dvar2": [5.07436880071e-07, 0.000219707420911, 1.09460343083e-05, 3.74212213501e-05, 1.32656523419e-05, 5.21137417309e-06, 1.51656722664e-05, 1.20259046525e-05, 2.0706680516e-05, 6.66665300741e-06, 3.60140097655e-06, 4.95936865264e-06, 5.32767671757e-07, 3.96708486505e-07, 2.16932676267e-07, 1.61240308216e-07, 1.81434060664e-07, 4.02964097646e-08, 4.3684931228e-08, 3.64590277968e-08, 2.32010908263e-08, 5.98268243834e-08, 5.95995039987e-08, 5.28910959474e-08, 2.08588293305e-08, 3.69761421481e-09, 1.71732850163e-10],
        "max": [0.00915978383273, 0.130562901497, 0.0319611318409, 0.0742799565196, 0.0424979440868, 0.0399198159575, 0.056357331574, 0.059839181602, 0.0685971751809, 0.0552980415523, 0.0442019104958, 0.0364747419953, 0.0143969161436, 0.00943079125136, 0.010330863297, 0.0057853134349, 0.00757255079225, 0.00470214849338, 0.00429616682231, 0.00407668715343, 0.00258144061081, 0.00577856786549, 0.00524372328073, 0.00576394191012, 0.00359239755198, 0.000942714686971, 0.000224870047532],
        "mean": [6.68071734253e-05, 0.00206678686664, 0.0012490649242, 0.00150828971528, 0.00307295005769, 0.00145084876567, 0.00206711655483, 0.00201121601276, 0.00323549448512, 0.00104704301339, 0.000698529824149, 0.00079848873429, 0.000348552595824, 0.000334298150847, 0.000223611452384, 0.000232465696172, 0.000236405117903, 0.000128043844597, 9.92516797851e-05, 0.000104072067188, 8.68357165018e-05, 9.24542109715e-05, 8.93588367035e-05, 7.2576207458e-05, 4.56126072095e-05, 1.95475568034e-05, 3.63172989637e-06],
        "median": [2.10963230529e-06, 0.000439739087597, 0.000465291785076, 0.000476615736261, 0.00178544560913, 0.000650161644444, 0.000432467204519, 0.000321928615449, 0.000576924940106, 0.000136665446917, 0.000104271821328, 0.00020327862876, 0.000118512383779, 9.21678292798e-05, 5.87256727158e-05, 6.3222280005e-05, 5.49259748368e-05, 4.66816418339e-05, 3.13592390739e-05, 3.23558560922e-05, 2.36751147895e-05, 1.62803735293e-05, 1.38457016874e-05, 8.75668229128e-06, 4.91977789352e-06, 2.02178966902e-06, 2.94102562748e-07],
        "min": [2.26205272926e-24, 1.52095932401e-23, 4.40599609939e-23, 1.94347070049e-23, 5.26376652904e-23, 7.80694869566e-23, 6.85706424028e-23, 1.63449739197e-23, 3.87125726846e-23, 1.27438182075e-22, 7.49926643689e-23, 1.09908518936e-22, 6.65917942884e-23, 5.72482291153e-23, 1.66474288705e-22, 1.73873980701e-22, 1.40676138968e-22, 2.29481025724e-22, 2.85625430174e-22, 3.66442021103e-22, 6.71825753758e-22, 5.3980199266e-22, 6.73588359321e-22, 7.6474109808e-22, 1.06613382564e-21, 1.8496406751e-21, 2.326577749e-21],
        "var": [1.22785110079e-07, 6.26280743745e-05, 5.10197969561e-06, 1.90198716155e-05, 1.37201022881e-05, 5.12006999998e-06, 1.9745386453e-05, 2.44989041676e-05, 4.38959650637e-05, 9.57536394708e-06, 4.53019811175e-06, 5.23061271451e-06, 5.07468314481e-07, 4.32789477145e-07, 2.17111107759e-07, 2.01813747935e-07, 2.5600814979e-07, 4.46516352781e-08, 3.40226655737e-08, 3.73927946384e-08, 2.67731099513e-08, 6.6415601907e-08, 8.81682424847e-08, 8.57328856796e-08, 4.23395327687e-08, 4.55857929182e-09, 1.91635610158e-10]
    },
    "erbbands": {
        "dmean": [0.049514953047, 0.423496872187, 0.703740179539, 2.40649461746, 3.88078117371, 5.27093839645, 3.24033045769, 6.80258369446, 10.9160957336, 17.9135055542, 20.5800743103, 28.2381496429, 24.5072116852, 16.6481456757, 12.2179775238, 11.1287164688, 7.71515274048, 9.07848644257, 5.43443775177, 5.68229484558, 6.42584037781, 6.29714393616, 3.35579872131, 2.2631688118, 2.66853952408, 2.11704468727, 1.84125077724, 1.37984800339, 1.71609473228, 1.47323656082, 1.21968924999, 0.88510787487, 0.492881447077, 0.262935161591, 0.17916098237, 0.0592224225402, 0.0215404741466, 0.00370883499272, 0.000395527051296, 2.38656994043e-05],
        "dmean2": [0.0847110673785, 0.749204695225, 1.21502327919, 3.92827939987, 6.47078227997, 8.37028026581, 4.95031785965, 10.4581756592, 16.2198600769, 25.5980815887, 29.3118972778, 39.1248397827, 35.0019035339, 24.1499061584, 18.7189083099, 17.2675819397, 11.9917926788, 13.4832277298, 8.2848033905, 8.84686946869, 9.97613048553, 9.99523925781, 5.31140184402, 3.54380249977, 4.20572853088, 3.33569526672, 2.87149429321, 2.11256241798, 2.59469532967, 2.1774699688, 1.77362084389, 1.23698890209, 0.673523545265, 0.344077885151, 0.243121042848, 0.0814205482602, 0.0302018746734, 0.00513073801994, 0.000560489774216, 3.37273158948e-05],
        "dvar": [0.0550971664488, 4.27278757095, 5.05047464371, 76.4761886597, 83.9587554932, 98.7622833252, 44.0975265503, 265.077606201, 925.606018066, 2373.48022461, 2852.01855469, 5087.42480469, 4216.58105469, 3286.62963867, 1580.42944336, 1219.24523926, 408.677124023, 486.803894043, 197.493652344, 224.772460938, 213.221633911, 226.184646606, 49.4198722839, 34.0591964722, 57.5429191589, 26.1678562164, 24.6180877686, 17.096622467, 37.6279792786, 35.6920166016, 25.7799987793, 19.0547561646, 5.27667808533, 1.51451170444, 0.812223494053, 0.058836363256, 0.00770911946893, 0.000201909613679, 2.51435631071e-06, 6.50373044309e-09],
        "dvar2": [0.148227572441, 12.0198116302, 14.6031093597, 168.542175293, 224.470062256, 247.623474121, 98.8077087402, 629.881103516, 2144.93676758, 4787.30712891, 6047.84667969, 9581.49804688, 8918.05371094, 6705.93994141, 3726.26416016, 3122.10229492, 1008.35925293, 1119.43188477, 456.49395752, 516.333190918, 524.62512207, 585.16784668, 120.317588806, 79.5844268799, 134.547546387, 62.271648407, 54.1196022034, 35.5763053894, 80.1776046753, 77.5060501099, 50.7681922913, 36.3915786743, 9.38407516479, 2.48348450661, 1.36539173126, 0.106462083757, 0.0166647490114, 0.000402223406127, 5.1319270824e-06, 1.32929454111e-08],
        "max": [3.52163600922, 30.8631401062, 34.7718925476, 163.460754395, 189.230957031, 247.58253479, 226.139053345, 478.22756958, 635.962768555, 1416.63269043, 1108.61499023, 1559.82897949, 2094.24975586, 2760.96557617, 1341.55065918, 944.718139648, 656.180114746, 484.330841064, 523.960327148, 552.188720703, 346.296691895, 480.268585205, 243.578094482, 133.468414307, 279.130126953, 159.787277222, 130.837341309, 127.319610596, 216.687545776, 188.508346558, 162.654129028, 189.501815796, 77.1903762817, 41.2675323486, 35.0955505371, 8.32738018036, 2.08126616478, 0.413845449686, 0.0404339842498, 0.00277539715171],
        "mean": [0.0518623143435, 0.492715120316, 1.2411673069, 3.79117965698, 7.1463098526, 11.9596691132, 8.60967445374, 14.4603796005, 22.2788085938, 39.1811676025, 49.5478401184, 65.1919174194, 54.107170105, 36.9784049988, 25.7045669556, 24.2681694031, 16.7062759399, 18.7217235565, 11.1277551651, 11.9804449081, 14.7727184296, 14.1591444016, 7.74459934235, 4.88940906525, 5.52881669998, 4.69237184525, 4.11662864685, 3.10872483253, 3.48343682289, 2.93253111839, 2.47084283829, 1.81015026569, 0.980967402458, 0.505509853363, 0.333869338036, 0.109622299671, 0.0338766388595, 0.00568689778447, 0.000627416011412, 5.61405067856e-05],
        "median": [0.00646349787712, 0.126141831279, 0.541834235191, 1.33857512474, 3.44739127159, 5.83965826035, 4.96996688843, 5.69676303864, 6.88539505005, 9.00179672241, 10.5713968277, 11.0968799591, 9.96813392639, 6.57060623169, 6.04043674469, 7.01735210419, 6.22282981873, 5.73062992096, 3.71130156517, 3.391695261, 4.29010295868, 3.6537156105, 2.78353071213, 1.94132578373, 1.70334863663, 1.47251105309, 1.10820293427, 0.757411360741, 0.652643442154, 0.45988702774, 0.382019281387, 0.225761607289, 0.112606927752, 0.0511381030083, 0.0345399007201, 0.0130032915622, 0.0028558166232, 0.000383896200219, 5.59354521101e-05, 2.54947171925e-05],
        "min": [1.65553252578e-22, 5.00812543682e-21, 4.44811463016e-20, 6.23964372657e-20, 7.5364264051e-20, 1.94743002366e-19, 2.36229548055e-19, 9.03046929999e-19, 1.1369322482e-18, 5.88484256815e-19, 6.18614982711e-19, 8.89159394695e-19, 3.36580163479e-18, 3.00408671986e-18, 4.17128033679e-18, 4.38384879702e-18, 3.12261777253e-18, 2.33978334659e-18, 6.84870888326e-18, 8.886728057e-18, 9.82842851664e-18, 6.80662400165e-18, 1.05120693047e-17, 1.26848312371e-17, 1.89154649764e-17, 1.55111088669e-17, 2.48767687083e-17, 2.41942917633e-17, 2.0400533763e-17, 1.92417778019e-17, 1.9676036043e-17, 1.48541537526e-17, 1.44033121946e-17, 1.43066908816e-17, 6.64035077236e-18, 7.13187017773e-18, 3.48772764349e-18, 1.28210926994e-18, 3.39306669685e-19, 3.19100883293e-20],
        "var": [0.0474415458739, 3.22504472733, 5.18156957626, 96.1785354614, 121.144569397, 302.586303711, 165.966094971, 620.850708008, 2160.91992188, 6760.20605469, 11446.5947266, 21838.8828125, 14566.6738281, 10928.9570312, 4738.69921875, 3589.85107422, 1086.44213867, 1290.96630859, 429.376861572, 597.079467773, 795.58380127, 808.822631836, 150.037734985, 71.4745254517, 116.197235107, 67.0949935913, 64.4143371582, 44.0425872803, 87.458656311, 88.5163803101, 72.2992630005, 50.7804298401, 15.9440279007, 4.81568908691, 2.55792188644, 0.180642902851, 0.0141161149368, 0.000443258933956, 5.66544940739e-06, 1.51769175005e-08]
    },
    "gfcc": {
        "mean": [-64.2252960205, 118.998596191, -122.320518494, 10.4941091537, -59.6593437195, -7.77851200104, -36.0101737976, -4.19148254395, -25.698266983, -7.98926258087, -17.4969100952, -6.92995929718, -11.6160116196],
        "cov": [[18902.875, -3817.67919922, 264.161254883, 1025.55688477, -2051.78149414, 3226.75561523, -395.933532715, 1768.31359863, 801.274475098, 979.471435547, -587.838562012, 688.046936035, -408.36114502], [-3817.67919922, 2313.65063477, -589.20904541, -251.289871216, 811.972900391, -935.754882812, 364.688049316, -407.858215332, -115.604980469, -228.162277222, 245.975219727, -251.500778198, 114.986694336], [264.161254883, -589.20904541, 1071.0949707, 127.856338501, -131.63331604, 516.000366211, -94.7254333496, 219.060806274, 66.1125411987, 77.7839889526, -83.3123855591, 143.098358154, -12.8122348785], [1025.55688477, -251.289871216, 127.856338501, 575.154296875, 32.4575653076, 270.038879395, -8.70722103119, 60.9090003967, 126.355934143, 96.8417358398, 6.44321680069, 92.9570617676, 24.3390197754], [-2051.78149414, 811.972900391, -131.63331604, 32.4575653076, 642.138793945, -401.718475342, 175.63092041, -209.791259766, -58.0197601318, -59.5682182312, 134.488250732, -66.2827072144, 54.978679657], [3226.75561523, -935.754882812, 516.000366211, 270.038879395, -401.718475342, 1041.41149902, -45.6069908142, 453.748840332, 207.487365723, 186.909896851, -116.126335144, 199.712402344, -50.2000541687], [-395.933532715, 364.688049316, -94.7254333496, -8.70722103119, 175.63092041, -45.6069908142, 275.29309082, 10.9220094681, 23.3722343445, 10.3257513046, 65.645904541, -15.6502590179, 12.8099927902], [1768.31359863, -407.858215332, 219.060806274, 60.9090003967, -209.791259766, 453.748840332, 10.9220094681, 337.861938477, 125.583099365, 107.22064209, -57.6268768311, 93.2373733521, -37.4281692505], [801.274475098, -115.604980469, 66.1125411987, 126.355934143, -58.0197601318, 207.487365723, 23.3722343445, 125.583099365, 182.077041626, 78.3004302979, -16.2275600433, 48.2219047546, 0.634134292603], [979.471435547, -228.162277222, 77.7839889526, 96.8417358398, -59.5682182312, 186.909896851, 10.3257513046, 107.22064209, 78.3004302979, 152.398101807, -0.307174891233, 52.9744300842, -23.5723743439], [-587.838562012, 245.975219727, -83.3123855591, 6.44321680069, 134.488250732, -116.126335144, 65.645904541, -57.6268768311, -16.2275600433, -0.307174891233, 121.140205383, -7.3943734169, 14.8336935043], [688.046936035, -251.500778198, 143.098358154, 92.9570617676, -66.2827072144, 199.712402344, -15.6502590179, 93.2373733521, 48.2219047546, 52.9744300842, -7.3943734169, 123.594093323, 9.2906036377], [-408.36114502, 114.986694336, -12.8122348785, 24.3390197754, 54.978679657, -50.2000541687, 12.8099927902, -37.4281692505, 0.634134292603, -23.5723743439, 14.8336935043, 9.2906036377, 85.5350265503]],
        "icov": [[0.00036024992005, -0.000109441891254, 0.000604491564445, -0.000316204357659, 0.000373698654585, -0.000570544332732, 0.000304146378767, -0.000732004118618, 0.000271685945336, -0.00104726839345, 0.000831945391838, -0.000640283746179, 0.000741285039112], [-0.000109441891254, 0.00146559451241, -5.50404038222e-05, 0.000409586791648, -0.00108149810694, 0.000538765219972, -0.00088941399008, 0.000101788835309, -0.000831717276014, 0.00133133225609, -0.00121485255659, 0.00146391312592, -0.00100369506981], [0.000604491564445, -5.50404038222e-05, 0.00240742485039, -0.000398491392843, 6.4835709054e-05, -0.00160052615684, 0.000929574540351, -0.00140239705797, 0.000708527397364, -0.00161606865004, 0.00179213914089, -0.00172938010655, 0.00112648773938], [-0.000316204357659, 0.000409586791648, -0.000398491392843, 0.00304295262322, -0.00121516746003, -0.000420010066591, 3.60507146979e-05, 0.00190812023357, -0.00175773329102, 0.000325331959175, -0.00104239373468, -5.72732715227e-05, -0.00133200525306], [0.000373698654585, -0.00108149810694, 6.4835709054e-05, -0.00121516746003, 0.00426986161619, 0.000143203506013, -0.000833422469441, 2.02945502679e-05, 0.000776263419539, -0.00161956658121, -8.78187493072e-05, -0.0011754684383, 0.000757537258323], [-0.000570544332732, 0.000538765219972, -0.00160052615684, -0.000420010066591, 0.000143203506013, 0.00468713976443, -0.0010756222764, -0.00180010718759, -0.000906633620616, 0.00157276273239, -0.000892691197805, -0.000137870549224, -0.00092623627279], [0.000304146378767, -0.00088941399008, 0.000929574540351, 3.60507146979e-05, -0.000833422469441, -0.0010756222764, 0.006130725611, -0.00193270540331, -2.0178226805e-06, -0.00158146873582, -0.000538748106919, -0.000481751107145, 0.000627187720966], [-0.000732004118618, 0.000101788835309, -0.00140239705797, 0.00190812023357, 2.02945502679e-05, -0.00180010718759, -0.00193270540331, 0.0107430359349, -0.00297162402421, 0.000710419437382, -0.00080917699961, -0.000145443016663, -8.98126527318e-05], [0.000271685945336, -0.000831717276014, 0.000708527397364, -0.00175773329102, 0.000776263419539, -0.000906633620616, -2.0178226805e-06, -0.00297162402421, 0.0100189745426, -0.00371565995738, 0.00181055557914, -0.000740357150789, -0.000641433580313], [-0.00104726839345, 0.00133133225609, -0.00161606865004, 0.000325331959175, -0.00161956658121, 0.00157276273239, -0.00158146873582, 0.000710419437382, -0.00371565995738, 0.01455004327, -0.00483719352633, 0.000931238813791, 0.000162585783983], [0.000831945391838, -0.00121485255659, 0.00179213914089, -0.00104239373468, -8.78187493072e-05, -0.000892691197805, -0.000538748106919, -0.00080917699961, 0.00181055557914, -0.00483719352633, 0.0149195780978, -0.00434528058395, 0.00196731230244], [-0.000640283746179, 0.00146391312592, -0.00172938010655, -5.72732715227e-05, -0.0011754684383, -0.000137870549224, -0.000481751107145, -0.000145443016663, -0.000740357150789, 0.000931238813791, -0.00434528058395, 0.0163523554802, -0.00534487841651], [0.000741285039112, -0.00100369506981, 0.00112648773938, -0.00133200525306, 0.000757537258323, -0.00092623627279, 0.000627187720966, -8.98126527318e-05, -0.000641433580313, 0.000162585783983, 0.00196731230244, -0.00534487841651, 0.0162523910403]]
    },
    "melbands": {
        "dmean": [0.000492841063533, 0.000433210341725, 0.000433399312897, 0.000326104782289, 0.000132756787934, 0.000145636004163, 0.000179360460606, 0.000200384718482, 0.000171316409251, 0.000198491106858, 0.00012564867211, 6.96924471413e-05, 4.08157575293e-05, 4.90582096973e-05, 2.04154548555e-05, 2.22101025429e-05, 1.63979748322e-05, 9.68246331468e-06, 1.03656902866e-05, 6.78320702718e-06, 8.15207295091e-06, 7.63048683439e-06, 4.30877435065e-06, 2.39158157456e-06, 1.90587127236e-06, 2.15855493479e-06, 1.84511372936e-06, 1.54045380896e-06, 1.40013730743e-06, 9.73403871285e-07, 8.56841381847e-07, 1.0522538787e-06, 9.47289947817e-07, 8.92523644325e-07, 7.87408225733e-07, 6.18517105977e-07, 5.58363524306e-07, 3.86472493119e-07, 2.8367301752e-07, 2.19851372663e-07],
        "dmean2": [0.000853163714055, 0.000755010463763, 0.000708339037374, 0.000531913014129, 0.000204413576284, 0.000223802897381, 0.000263791182078, 0.000286981317913, 0.00024472430232, 0.000273696437944, 0.0001797604491, 0.000101069090306, 6.25520988251e-05, 7.71637496655e-05, 3.16646001011e-05, 3.452636156e-05, 2.4420720365e-05, 1.47469236254e-05, 1.64328484971e-05, 1.06893767224e-05, 1.27394014271e-05, 1.21808343465e-05, 6.89014359523e-06, 3.84440090784e-06, 3.02342687064e-06, 3.43106194123e-06, 2.94415895041e-06, 2.49964182331e-06, 2.21763684749e-06, 1.55595876095e-06, 1.3331170976e-06, 1.62246510627e-06, 1.41455745961e-06, 1.35748098273e-06, 1.181956236e-06, 8.88838997071e-07, 7.9591791291e-07, 5.45267994312e-07, 3.94251230773e-07, 2.96660289223e-07],
        "dvar": [5.7243187257e-06, 2.71312251243e-06, 2.11925726035e-06, 3.33925953555e-07, 6.71346995773e-08, 1.16862068467e-07, 2.17366604716e-07, 2.56699365764e-07, 1.97666423674e-07, 2.40548956754e-07, 1.11460174423e-07, 5.49480319023e-08, 1.63309525902e-08, 3.61295739992e-08, 3.82900378071e-09, 2.91934720842e-09, 1.69453162613e-09, 7.51336326488e-10, 6.87708612279e-10, 3.10275749538e-10, 3.63440444406e-10, 3.50462409093e-10, 8.74124383987e-11, 2.93876450952e-11, 2.48745069681e-11, 3.44825765164e-11, 2.74119320992e-11, 1.31063215836e-11, 1.4262720345e-11, 7.3078366275e-12, 7.19869519897e-12, 1.30262623604e-11, 1.36343453888e-11, 1.29050043221e-11, 1.09757888542e-11, 7.20105572394e-12, 8.05053419761e-12, 3.15984651639e-12, 1.96000724331e-12, 1.07445606232e-12],
        "dvar2": [1.56986516231e-05, 7.69043708715e-06, 4.81238885186e-06, 9.08069125671e-07, 1.53057740704e-07, 2.78950466281e-07, 4.98444592267e-07, 5.23705125488e-07, 4.17433739131e-07, 4.51264554613e-07, 2.35905062596e-07, 1.10435216527e-07, 3.76438720195e-08, 9.33565971195e-08, 9.5300300984e-09, 6.76963018975e-09, 3.93668031506e-09, 1.6924840418e-09, 1.65023839038e-09, 7.64249996621e-10, 8.90905849094e-10, 9.15235220944e-10, 2.18324788803e-10, 7.07503985953e-11, 5.95823460015e-11, 8.25234741653e-11, 6.34155991608e-11, 3.29106776553e-11, 3.26800357608e-11, 1.75116761369e-11, 1.55031699284e-11, 2.88299176199e-11, 3.03841812821e-11, 2.9220719594e-11, 2.2962663021e-11, 1.43121790461e-11, 1.56585126809e-11, 5.89154940112e-12, 3.85283341689e-12, 1.85544353319e-12],
        "max": [0.0356163866818, 0.0238152313977, 0.0261276289821, 0.00967447925359, 0.00812339875847, 0.00969752296805, 0.0100000696257, 0.0130411395803, 0.00943745579571, 0.010551343672, 0.0102516040206, 0.0113706616685, 0.00474638072774, 0.0049860086292, 0.00206856289878, 0.00170673441608, 0.00106757122558, 0.000905992870685, 0.000978487194516, 0.000559544481803, 0.000474579224829, 0.000571286887862, 0.0002463949495, 0.00016575337213, 0.000122552490211, 0.000177997892024, 0.000204505544389, 7.79947877163e-05, 9.42927581491e-05, 8.57066552271e-05, 8.65780893946e-05, 0.00011840940715, 0.000113737383799, 0.000114748523629, 0.000102346115455, 0.000115948241728, 0.000111172725155, 5.61426350032e-05, 5.04474555783e-05, 3.10942268698e-05],
        "mean": [0.000536756473593, 0.000676080409903, 0.000739356735721, 0.000705034122802, 0.00035285128979, 0.000313384574838, 0.00037439976586, 0.000451212108601, 0.0003975299187, 0.000445274665253, 0.000266149261734, 0.000150489024236, 8.40835928102e-05, 9.44542262005e-05, 4.03576923418e-05, 4.27025770477e-05, 3.19641694659e-05, 1.73908829311e-05, 1.8639892005e-05, 1.38601981234e-05, 1.72894870047e-05, 1.5559617168e-05, 9.35213211051e-06, 5.03097453475e-06, 3.73362286155e-06, 4.20419974034e-06, 3.53563791577e-06, 3.08777771352e-06, 2.82463042822e-06, 1.93738810594e-06, 1.73408909632e-06, 2.01742113859e-06, 1.72402053522e-06, 1.64639027389e-06, 1.48820004142e-06, 1.21045718515e-06, 1.06687912194e-06, 7.25478514596e-07, 5.07679260409e-07, 3.97867808033e-07],
        "median": [9.90572298178e-05, 0.000282862572931, 0.000335043529049, 0.000378821307095, 0.000200137001229, 0.000127993393107, 0.000108568870928, 9.55073046498e-05, 7.18562223483e-05, 7.23976772861e-05, 4.67532918265e-05, 2.51769452007e-05, 1.73267580976e-05, 2.16232801904e-05, 1.08051353891e-05, 1.36206972456e-05, 8.71251450008e-06, 4.83685653307e-06, 4.91085302201e-06, 3.51200606019e-06, 4.53318443761e-06, 3.37170240527e-06, 2.94983942695e-06, 1.96117025553e-06, 1.391874207e-06, 1.2028835954e-06, 1.1194729268e-06, 8.57517420627e-07, 6.87206920702e-07, 4.80157723359e-07, 3.96639450173e-07, 3.40158010204e-07, 2.65827168278e-07, 2.35280538163e-07, 2.2620911011e-07, 1.61071056937e-07, 1.19857347158e-07, 8.0170124761e-08, 5.24123677792e-08, 3.4846252106e-08],
        "min": [2.85642964185e-24, 1.76924871853e-23, 1.15277522035e-23, 8.24302690199e-24, 1.00912680495e-23, 1.92754359881e-23, 1.66583757356e-23, 5.05159386888e-24, 5.75041655697e-24, 5.3233016249e-24, 1.71840931532e-23, 1.22328589575e-23, 1.09333557666e-23, 1.61836392428e-23, 7.40126892877e-24, 5.47295445508e-24, 4.13245574061e-24, 9.87803421364e-24, 1.2783054729e-23, 1.26406755908e-23, 1.1708904644e-23, 7.06356940815e-24, 7.97713186755e-24, 1.04907322235e-23, 9.56462687575e-24, 1.37915794753e-23, 1.25154415555e-23, 1.00187938204e-23, 1.13299666307e-23, 2.2415867586e-23, 1.1246555634e-23, 1.13459599967e-23, 1.02961715142e-23, 1.09486557238e-23, 1.1419323272e-23, 9.9595125011e-24, 8.77337887743e-24, 8.69221692319e-24, 1.2339824552e-23, 1.19916694689e-23],
        "var": [4.64633603769e-06, 2.36414371102e-06, 2.68823828264e-06, 7.78660705691e-07, 2.59863014662e-07, 2.71853849654e-07, 5.71611053601e-07, 8.69922416769e-07, 7.63614423249e-07, 1.01980106137e-06, 3.81459557275e-07, 1.79729852334e-07, 5.25377252814e-08, 8.84176358795e-08, 1.20004175486e-08, 7.36898364551e-09, 4.19404333485e-09, 1.43316936096e-09, 1.57736990136e-09, 7.97182764245e-10, 1.28658261822e-09, 1.1295092639e-09, 2.55739984745e-10, 6.89652848718e-11, 4.68259250819e-11, 6.51458886836e-11, 5.53782852908e-11, 3.12914590073e-11, 3.54954225734e-11, 1.46437948573e-11, 1.67861245737e-11, 2.82844719868e-11, 2.91256255225e-11, 3.03814889913e-11, 2.77941090282e-11, 1.86633243582e-11, 2.00125246236e-11, 8.92950643983e-12, 4.82158453788e-12, 3.23837484606e-12]
    },
    "mfcc": {
        "mean": [-699.663208008, 143.903884888, -3.6072845459, 11.9503831863, -7.17011070251, -5.91998338699, -8.40276527405, -2.53256797791, -9.25041770935, -3.73330378532, -9.08250617981, -3.83955430984, -7.16240644455],
        "cov": [[12570.875, -1275.52148438, 330.495666504, -142.833770752, -409.115081787, 868.212768555, -30.250831604, 901.72479248, 1025.33837891, 771.144287109, 630.441345215, 715.529907227, 359.955444336], [-1275.52148438, 1393.11682129, -320.911590576, 47.2082939148, 60.5221443176, -145.20262146, 183.123352051, 14.649512291, -61.1886711121, 46.6966934204, 12.7354383469, -12.3107404709, 1.29281520844], [330.495666504, -320.911590576, 724.330505371, -22.5337314606, 35.4120597839, 235.82611084, -36.2657585144, 157.737838745, 175.906433105, 25.5838394165, 64.6074981689, 42.2615318298, 44.0426635742], [-142.833770752, 47.2082939148, -22.5337314606, 398.168457031, 179.807418823, 93.7230224609, 58.7081413269, -13.5332994461, 27.9312229156, 8.00558376312, -4.41401290894, 82.7794418335, 58.7949523926], [-409.115081787, 60.5221443176, 35.4120597839, 179.807418823, 279.172515869, 102.401947021, 40.4949188232, 6.84595489502, 10.1306905746, -8.47311210632, -10.3589601517, 33.9203720093, 36.8089447021], [868.212768555, -145.20262146, 235.82611084, 93.7230224609, 102.401947021, 354.028869629, 71.6138916016, 167.372055054, 176.06312561, 89.0178604126, 74.8092498779, 105.413200378, 67.1099472046], [-30.250831604, 183.123352051, -36.2657585144, 58.7081413269, 40.4949188232, 71.6138916016, 240.054168701, 83.2914047241, 29.7167835236, 56.01014328, 39.6572494507, 45.451084137, 38.737033844], [901.72479248, 14.649512291, 157.737838745, -13.5332994461, 6.84595489502, 167.372055054, 83.2914047241, 267.301605225, 182.396209717, 96.7317276001, 89.9782867432, 88.6219787598, 58.9739151001], [1025.33837891, -61.1886711121, 175.906433105, 27.9312229156, 10.1306905746, 176.06312561, 29.7167835236, 182.396209717, 260.556671143, 116.004432678, 77.0842056274, 98.9900741577, 66.5988540649], [771.144287109, 46.6966934204, 25.5838394165, 8.00558376312, -8.47311210632, 89.0178604126, 56.01014328, 96.7317276001, 116.004432678, 184.485076904, 92.7449035645, 59.1243667603, 33.5021705627], [630.441345215, 12.7354383469, 64.6074981689, -4.41401290894, -10.3589601517, 74.8092498779, 39.6572494507, 89.9782867432, 77.0842056274, 92.7449035645, 147.782958984, 71.8739700317, 18.9224720001], [715.529907227, -12.3107404709, 42.2615318298, 82.7794418335, 33.9203720093, 105.413200378, 45.451084137, 88.6219787598, 98.9900741577, 59.1243667603, 71.8739700317, 169.375030518, 77.0451049805], [359.955444336, 1.29281520844, 44.0426635742, 58.7949523926, 36.8089447021, 67.1099472046, 38.737033844, 58.9739151001, 66.5988540649, 33.5021705627, 18.9224720001, 77.0451049805, 115.154792786]],
