{
"lowlevel": {
    "average_loudness": 0.2224303931,
    "barkbands_crest": {
        "dmean": 2.01871585846,
        "dmean2": 2.98106360435,
        "dvar": 5.3970580101,
        "dvar2": 10.6509466171,
        "max": 26.1386585236,
        "mean": 13.2207670212,
        "median": 11.7062454224,
        "min": 2.33322525024,
        "var": 36.3211288452
    },
    "barkbands_flatness_db": {
        "dmean": 0.0257890727371,
        "dmean2": 0.0347978621721,
        "dvar": 0.000841570144985,
        "dvar2": 0.00138035567943,
        "max": 0.491524845362,
        "mean": 0.231969490647,
        "median": 0.224212214351,
        "min": 0.0214520636946,
        "var": 0.00740605499595
    },
    "barkbands_kurtosis": {
        "dmean": 6.68767547607,
        "dmean2": 10.2039775848,
        "dvar": 358.226501465,
        "dvar2": 820.573547363,
        "max": 459.904541016,
        "mean": 14.1836824417,
        "median": 1.97391414642,
        "min": -1.83543527126,
        "var": 1281.55419922
    },
    "barkbands_skewness": {
        "dmean": 0.604937434196,
        "dmean2": 0.86611443758,
        "dvar": 0.802076756954,
        "dvar2": 1.55506849289,
        "max": 17.4386711121,
        "mean": 2.00672340393,
        "median": 1.13212561607,
        "min": -2.8566133976,
        "var": 7.12101745605
    },
    "barkbands_spread": {
        "dmean": 3.24015069008,
        "dmean2": 4.49370956421,
        "dvar": 31.8465480804,
        "dvar2": 52.3879623413,
        "max": 112.484329224,
        "mean": 11.3549880981,
        "median": 8.96228885651,
        "min": 0.300203680992,
        "var": 97.9552078247
    },
    "dissonance": {
        "dmean": 0.0281190630049,
        "dmean2": 0.0465762764215,
        "dvar": 0.000740781251807,
        "dvar2": 0.00193579855841,
        "max": 0.500000178814,
        "mean": 0.430316030979,
        "median": 0.439618080854,
        "min": 0.162369474769,
        "var": 0.00227563898079
    },
    "dynamic_complexity": 3.62118601799,
    "erbbands_crest": {
        "dmean": 2.60268974304,
        "dmean2": 3.98850440979,
        "dvar": 6.74522018433,
        "dvar2": 14.3522281647,
        "max": 32.1970062256,
        "mean": 12.6621246338,
        "median": 11.2570085526,
        "min": 1.87386226654,
        "var": 35.921257019
    },
    "erbbands_flatness_db": {
        "dmean": 0.0218819845468,
        "dmean2": 0.030117476359,
        "dvar": 0.000566406350117,
        "dvar2": 0.000958320975769,
        "max": 0.514330506325,
        "mean": 0.238649830222,
        "median": 0.234147921205,
        "min": 0.0306616537273,
        "var": 0.00891549233347
    },
    "erbbands_kurtosis": {
        "dmean": 1.0821710825,
        "dmean2": 1.65810370445,
        "dvar": 2.71702504158,
        "dvar2": 5.82251596451,
        "max": 42.8552589417,
        "mean": 1.2481777668,
        "median": 0.4913418293,
        "min": -1.63085091114,
        "var": 7.44822216034
    },
    "erbbands_skewness": {
        "dmean": 0.38196003437,
        "dmean2": 0.565486550331,
        "dvar": 0.142514079809,
        "dvar2": 0.288671523333,
        "max": 5.16025590897,
        "mean": 0.422719568014,
        "median": 0.368198662996,
        "min": -3.79926419258,
        "var": 0.707243382931
    },
    "erbbands_spread": {
        "dmean": 6.15577602386,
        "dmean2": 8.83051204681,
        "dvar": 77.122215271,
        "dvar2": 139.527679443,
        "max": 122.972068787,
        "mean": 24.4076080322,
        "median": 18.1741085052,
        "min": 1.35522973537,
        "var": 336.981781006
    },
    "hfc": {
        "dmean": 7.75302314758,
        "dmean2": 10.6680688858,
        "dvar": 348.514709473,
        "dvar2": 567.9921875,
        "max": 285.265716553,
        "mean": 20.933599472,
        "median": 11.926568985,
        "min": 1.18944628088e-16,
        "var": 795.950927734
    },
    "melbands_crest": {
        "dmean": 2.61287021637,
        "dmean2": 3.81561994553,
        "dvar": 8.54630470276,
        "dvar2": 16.1595420837,
        "max": 37.2447128296,
        "mean": 18.399187088,
        "median": 16.5349597931,
        "min": 1.61494505405,
        "var": 73.928062439
    },
    "melbands_flatness_db": {
        "dmean": 0.029577055946,
        "dmean2": 0.0390194244683,
        "dvar": 0.00115682068281,
        "dvar2": 0.00182303297333,
        "max": 0.611594378948,
        "mean": 0.311156749725,
        "median": 0.301349133253,
        "min": 0.00264119100757,
        "var": 0.0115154758096
    },
    "melbands_kurtosis": {
        "dmean": 12.3665161133,
        "dmean2": 18.1985721588,
        "dvar": 1071.35192871,
        "dvar2": 2260.00390625,
        "max": 850.128540039,
        "mean": 28.0897006989,
        "median": 3.96544981003,
        "min": -1.87761759758,
        "var": 4480.04638672
    },
    "melbands_skewness": {
        "dmean": 0.731608748436,
        "dmean2": 1.02549982071,
        "dvar": 1.1579092741,
        "dvar2": 2.09652781487,
        "max": 22.9867744446,
        "mean": 2.79121947289,
        "median": 1.5435385704,
        "min": -1.96188080311,
        "var": 11.3473825455
    },
    "melbands_spread": {
        "dmean": 3.47597432137,
        "dmean2": 4.97968578339,
        "dvar": 32.0404052734,
        "dvar2": 58.4539108276,
        "max": 153.283203125,
        "mean": 14.5647687912,
        "median": 11.5831041336,
        "min": 0.331480562687,
        "var": 199.744445801
    },
    "pitch_salience": {
        "dmean": 0.0610241480172,
        "dmean2": 0.0928927734494,
        "dvar": 0.00483961217105,
        "dvar2": 0.0102802617475,
        "max": 0.94659358263,
        "mean": 0.44226577878,
        "median": 0.471045196056,
        "min": 0.048305734992,
        "var": 0.0285000614822
    },
    "silence_rate_20dB": {
        "dmean": 0.0290714912117,
        "dmean2": 0.0581472963095,
        "dvar": 0.0282281041145,
        "dvar2": 0.0608441978693,
        "max": 1,
        "mean": 0.87994068861,
        "median": 1,
        "min": 0,
        "var": 0.105640091002
    },
    "silence_rate_30dB": {
        "dmean": 0.0290714912117,
        "dmean2": 0.0581472963095,
        "dvar": 0.0282278973609,
        "dvar2": 0.0555025562644,
        "max": 1,
        "mean": 0.783908069134,
        "median": 1,
        "min": 0,
        "var": 0.169392049313
    },
    "silence_rate_60dB": {
        "dmean": 0.00949273258448,
        "dmean2": 0.018986871466,
        "dvar": 0.00940397568047,
        "dvar2": 0.0214498788118,
        "max": 1,
        "mean": 0.0649610683322,
        "median": 0,
        "min": 0,
        "var": 0.0607332363725
    },
    "spectral_centroid": {
        "dmean": 144.010696411,
        "dmean2": 200.660171509,
        "dvar": 53306.4140625,
        "dvar2": 89484.96875,
        "max": 11398.4257812,
        "mean": 868.741027832,
        "median": 723.282226562,
        "min": 214.868179321,
        "var": 244095.671875
    },
    "spectral_complexity": {
        "dmean": 2.52625322342,
        "dmean2": 3.92405247688,
        "dvar": 13.701546669,
        "dvar2": 22.2917728424,
        "max": 58,
        "mean": 14.3431215286,
        "median": 14,
        "min": 0,
        "var": 47.0515632629
    },
    "spectral_decrease": {
        "dmean": 5.31946575677e-09,
        "dmean2": 6.66329214027e-09,
        "dvar": 1.44512119077e-16,
        "dvar2": 2.56470803228e-16,
        "max": 6.04322480459e-18,
        "mean": -2.27672991571e-08,
        "median": -5.63896529471e-09,
        "min": -1.88902973264e-07,
        "var": 1.40290774213e-15
    },
    "spectral_energy": {
        "dmean": 0.0204328242689,
        "dmean2": 0.0255857314914,
        "dvar": 0.00207015522756,
        "dvar2": 0.00368213211186,
        "max": 0.716461241245,
        "mean": 0.0878277420998,
        "median": 0.0225214958191,
        "min": 1.04639389542e-20,
        "var": 0.0202789809555
    },
    "spectral_energyband_high": {
        "dmean": 0.000582745822612,
        "dmean2": 0.000773656240199,
        "dvar": 4.72956253361e-06,
        "dvar2": 8.02560225566e-06,
        "max": 0.032531093806,
        "mean": 0.000651804904919,
        "median": 1.59507580975e-05,
        "min": 7.65273090728e-21,
        "var": 7.50517619963e-06
    },
    "spectral_energyband_low": {
        "dmean": 0.0180676858872,
        "dmean2": 0.0221684202552,
        "dvar": 0.00218087574467,
        "dvar2": 0.00384937017225,
        "max": 0.709934771061,
        "mean": 0.0700366571546,
        "median": 0.00400435738266,
        "min": 6.91405533861e-23,
        "var": 0.019837943837
    },
    "spectral_energyband_middle_high": {
        "dmean": 0.00155651802197,
        "dmean2": 0.00225997716188,
        "dvar": 9.72088491835e-06,
        "dvar2": 1.82743133337e-05,
        "max": 0.0752973333001,
        "mean": 0.00451899878681,
        "median": 0.00267475703731,
        "min": 1.43972401202e-21,
        "var": 3.26091467286e-05
    },
    "spectral_energyband_middle_low": {
        "dmean": 0.00537093030289,
        "dmean2": 0.00855993293226,
        "dvar": 0.000126667480799,
        "dvar2": 0.000333634001436,
        "max": 0.151734054089,
        "mean": 0.01396683231,
        "median": 0.0098499013111,
        "min": 3.0676808888e-22,
        "var": 0.000204899857636
    },
    "spectral_entropy": {
        "dmean": 0.222082361579,
        "dmean2": 0.307601153851,
        "dvar": 0.0725821107626,
        "dvar2": 0.118283443153,
        "max": 9.79116630554,
        "mean": 6.89114952087,
        "median": 6.9238448143,
        "min": 4.4878911972,
        "var": 0.518701791763
    },
    "spectral_flux": {
        "dmean": 0.0321574360132,
        "dmean2": 0.0459305197001,
        "dvar": 0.00242857867852,
        "dvar2": 0.0044842492789,
        "max": 0.564783811569,
        "mean": 0.0747591033578,
        "median": 0.047215167433,
        "min": 1.02293395976e-10,
        "var": 0.00608501629904
    },
    "spectral_kurtosis": {
        "dmean": 9.07200050354,
        "dmean2": 15.2846307755,
        "dvar": 205.761352539,
        "dvar2": 604.70123291,
        "max": 235.468658447,
        "mean": 21.2552165985,
        "median": 10.4502019882,
        "min": -1.13647675514,
        "var": 846.358520508
    },
    "spectral_rms": {
        "dmean": 0.000927679124288,
        "dmean2": 0.00114770350046,
        "dvar": 2.23937331612e-06,
        "dvar2": 3.39488747159e-06,
        "max": 0.0264383535832,
        "mean": 0.0070411330089,
        "median": 0.00468745036051,
        "min": 3.195108891e-12,
        "var": 3.61079910363e-05
    },
    "spectral_rolloff": {
        "dmean": 248.716217041,
        "dmean2": 406.733520508,
        "dvar": 521746.125,
        "dvar2": 983201.6875,
        "max": 18949.21875,
        "mean": 1013.58502197,
        "median": 710.595703125,
        "min": 64.599609375,
        "var": 2697863.75
    },
    "spectral_skewness": {
        "dmean": 0.66987234354,
        "dmean2": 1.08721494675,
        "dvar": 0.625112831593,
        "dvar2": 1.79683840275,
        "max": 11.5424432755,
        "mean": 2.78705573082,
        "median": 2.31150507927,
        "min": -0.0536457747221,
        "var": 2.56673526764
    },
    "spectral_spread": {
        "dmean": 736953.25,
        "dmean2": 1017399.125,
        "dvar": 1.19409029939e+12,
        "dvar2": 1.84343973069e+12,
        "max": 39928028,
        "mean": 3266064.5,
        "median": 2330326.5,
        "min": 389195.6875,
        "var": 5.58635889459e+12
    },
    "spectral_strongpeak": {
        "dmean": 0.442672431469,
        "dmean2": 0.718644618988,
        "dvar": 0.673839986324,
        "dvar2": 1.49203133583,
        "max": 13.9473352432,
        "mean": 1.30098617077,
        "median": 1.00641679764,
        "min": 0,
        "var": 1.48587429523
    },
    "zerocrossingrate": {
        "dmean": 0.00720497313887,
        "dmean2": 0.00826337188482,
        "dvar": 0.000159028262715,
        "dvar2": 0.000172956832102,
        "max": 0.51904296875,
        "mean": 0.0384780094028,
        "median": 0.0302734375,
        "min": 0.001953125,
        "var": 0.00202469713986
    },
    "barkbands": {
        "dmean": [0.00129937485326, 0.0164932291955, 0.00239578750916, 0.00159383693244, 0.00151160801761, 0.000821199733764, 0.00106040074024, 0.000825091265142, 0.00118924176786, 0.000496898952406, 0.000512218277436, 0.000221511523705, 0.000491152226459, 0.00013299517741, 0.00014370882127, 0.000200652735657, 7.95172527432e-05, 6.12575240666e-05, 3.63436483894e-05, 5.64430847589e-05, 7.1105598181e-05, 9.66278457781e-05, 0.000120092430734, 0.000142982156831, 9.66352745309e-05, 3.35987242579e-05, 3.44124509866e-06],
        "dmean2": [0.00149203964975, 0.0208549853414, 0.00407287478447, 0.00274689006619, 0.00274795177393, 0.00133592181373, 0.00157109834254, 0.00125749281142, 0.00164509238675, 0.000691087683663, 0.000718083116226, 0.000347788300132, 0.000752678781282, 0.000207159711863, 0.000228739663726, 0.000291428586934, 0.00012705635163, 8.48106865305e-05, 5.43560709048e-05, 8.12578000478e-05, 0.000100829565781, 0.000133726498461, 0.000164711556863, 0.00019782531308, 0.000129110791022, 4.60353985545e-05, 4.76103195979e-06],
        "dvar": [1.50237237904e-05, 0.00202603824437, 7.38016751711e-05, 2.79628202406e-05, 3.32341332978e-05, 3.46099932358e-06, 5.2868081184e-06, 2.95123550131e-06, 1.09176289698e-05, 3.14458975481e-06, 3.34696778737e-06, 2.54030311453e-07, 1.10425253297e-06, 7.35135827767e-08, 1.43983129419e-07, 8.11256995803e-07, 3.92088423951e-08, 1.21938612097e-07, 6.85030121517e-09, 2.47673668241e-08, 7.36373451105e-08, 1.66703159721e-07, 2.48500185762e-07, 2.94896267405e-07, 1.18208944855e-07, 1.11802060943e-08, 1.03480751745e-10],
        "dvar2": [1.85110584425e-05, 0.00362718570977, 0.000195305605303, 7.96584718046e-05, 9.65789949987e-05, 8.06358912087e-06, 1.08654539872e-05, 5.81447011427e-06, 1.81565210369e-05, 5.10037261847e-06, 5.63324920222e-06, 5.87661304507e-07, 2.2424276267e-06, 1.76837048116e-07, 3.16797837741e-07, 1.1610486581e-06, 8.00479682539e-08, 2.0154514857e-07, 1.27666037741e-08, 4.74364192371e-08, 1.52389247887e-07, 3.47748880358e-07, 3.88992020817e-07, 5.30109105057e-07, 1.96010731202e-07, 1.95482474652e-08, 1.8616294617e-10],
        "max": [0.0980054587126, 0.630480349064, 0.168837189674, 0.0841734409332, 0.0853907316923, 0.0668325573206, 0.055306583643, 0.0470804795623, 0.104466751218, 0.120307683945, 0.0582441166043, 0.0234556999058, 0.0278148371726, 0.00746409781277, 0.0114737488329, 0.0279447678477, 0.00485893944278, 0.0179538466036, 0.00145669875201, 0.00241407495923, 0.00429076049477, 0.00600669719279, 0.00734104309231, 0.00822027400136, 0.00498369708657, 0.00156593439169, 0.000226374526392],
        "mean": [0.00515339057893, 0.0592096634209, 0.00459578027949, 0.00249941600487, 0.0016839428572, 0.00187327549793, 0.00275978562422, 0.00188980891835, 0.0027112106327, 0.00106073613279, 0.00105207075831, 0.0004352540127, 0.00103220110759, 0.000274110439932, 0.000259139720583, 0.000352587550879, 0.000145500773215, 9.18206860661e-05, 6.02828586125e-05, 7.30310712242e-05, 8.19223205326e-05, 0.000102003679785, 0.000134301924845, 0.000146109581692, 0.000108720225398, 3.71684654965e-05, 4.20911510446e-06],
        "median": [7.00601844983e-07, 0.000779097201303, 0.00120185129344, 0.000575155077968, 0.000672044581734, 0.000555535661988, 0.000877075945027, 0.00073355762288, 0.000968770007603, 0.000249506148975, 0.000300369225442, 0.000199437869014, 0.000412368506659, 0.000131314212922, 9.29500238271e-05, 6.86331986799e-05, 5.62079767406e-05, 2.70873933914e-05, 2.09187874134e-05, 1.0928840311e-05, 3.99784039473e-06, 2.39692622017e-06, 1.31425292693e-06, 7.36078561658e-07, 2.87025244461e-07, 1.30385984676e-07, 4.86942148825e-08],
        "min": [1.71994901403e-23, 5.6854789472e-23, 1.18000161064e-24, 6.36300294304e-24, 3.01074791375e-23, 5.8393970694e-23, 6.47204458273e-23, 9.18906203169e-23, 5.2454810488e-23, 4.60153610068e-23, 3.17871123106e-23, 9.68601726516e-23, 4.64492092611e-23, 1.03404032607e-22, 1.25935420984e-22, 1.375799672e-22, 2.39279284012e-22, 1.68263702918e-22, 2.26166068117e-22, 4.79748044051e-22, 4.73800613428e-22, 4.18106629622e-22, 5.32177582591e-22, 6.51008307693e-22, 1.13662270009e-21, 1.79846069224e-21, 2.59538681038e-21],
        "var": [0.000199556248845, 0.0161664038897, 0.00016258249525, 2.59011849266e-05, 2.02209430427e-05, 2.06050226552e-05, 2.36062369368e-05, 1.23350464492e-05, 3.43247265846e-05, 1.14598378786e-05, 9.95153004624e-06, 5.6046684449e-07, 3.73809075427e-06, 1.77683347147e-07, 3.37695780672e-07, 2.29641318583e-06, 1.06297051161e-07, 2.16298445821e-07, 1.48555692192e-08, 3.95347825588e-08, 9.62029034213e-08, 2.18494989213e-07, 4.04133402299e-07, 4.29584133599e-07, 2.02105781e-07, 1.901765323e-08, 1.95251564916e-10]
    },
    "erbbands": {
        "dmean": [0.801839709282, 2.68480849266, 2.75923371315, 3.97747445107, 5.45969629288, 4.99350786209, 4.01053905487, 8.29584503174, 12.243897438, 24.3584060669, 13.9245471954, 32.8566970825, 15.5098390579, 10.4941692352, 20.8778896332, 11.272605896, 24.152015686, 7.17873668671, 5.18930006027, 11.3243961334, 7.37826824188, 3.57391262054, 3.42376804352, 2.29372739792, 1.83432841301, 2.93371534348, 2.54978227615, 3.36491346359, 3.85063552856, 2.85150313377, 3.73213338852, 2.76320695877, 2.4884057045, 1.34295523167, 0.535545110703, 0.193561509252, 0.0513610690832, 0.00811180192977, 0.000604861299507, 3.6362609535e-05],
        "dmean2": [0.956187546253, 3.71159815788, 4.37525129318, 6.93588495255, 9.54764652252, 9.18699455261, 7.17139863968, 13.1717443466, 18.3697357178, 37.1081695557, 21.0121269226, 44.7662887573, 21.0795307159, 15.1921272278, 29.3765735626, 17.3485965729, 36.7978630066, 11.2867641449, 8.10382556915, 17.8063182831, 10.6983137131, 5.674451828, 4.92206001282, 3.22490215302, 2.74923372269, 4.35078191757, 3.61215662956, 4.77083683014, 5.30683994293, 3.93808221817, 5.11080408096, 3.73868012428, 3.45685839653, 1.79893624783, 0.742290079594, 0.263298124075, 0.071980714798, 0.0114351660013, 0.000831253186334, 4.87565012008e-05],
        "dvar": [5.02333450317, 55.8148002625, 79.3631896973, 203.569488525, 328.792999268, 398.925506592, 159.52684021, 386.039337158, 999.375854492, 2964.5390625, 860.239990234, 8114.44140625, 4125.45996094, 571.408996582, 6583.42871094, 596.228210449, 2699.37329102, 201.458633423, 133.845016479, 1063.2434082, 918.178222656, 58.1228485107, 226.832809448, 64.5431289673, 21.2245063782, 68.5698394775, 92.4704208374, 190.401519775, 287.342437744, 131.061447144, 241.919570923, 101.822128296, 91.3031539917, 22.2077579498, 3.81893610954, 0.401523143053, 0.024122517556, 0.000666096806526, 3.42734961123e-06, 6.33566843433e-09],
        "dvar2": [7.75555229187, 123.029769897, 197.446243286, 583.781860352, 945.088806152, 1166.24694824, 461.848327637, 832.845214844, 2075.54443359, 6548.03173828, 1651.40344238, 13366.9335938, 6649.37597656, 1089.90405273, 10867.0175781, 1322.09985352, 5362.11523438, 496.729003906, 296.712402344, 2321.15698242, 1323.01672363, 127.657546997, 383.065124512, 109.414207458, 39.5308685303, 144.405960083, 192.247924805, 403.922027588, 593.300476074, 258.19720459, 392.543273926, 168.763534546, 168.593444824, 36.2292366028, 6.13742208481, 0.670727968216, 0.043458417058, 0.00122485193424, 6.19901356913e-06, 1.13204512431e-08],
        "max": [35.9884300232, 103.908454895, 170.014373779, 193.631881714, 264.749969482, 286.169586182, 174.013046265, 841.564453125, 863.240966797, 1417.90527344, 657.74041748, 2819.67138672, 4657.38720703, 690.878540039, 2520.11499023, 1215.8392334, 1415.80151367, 400.963134766, 430.00088501, 810.668029785, 961.587524414, 156.541122437, 766.161437988, 362.813049316, 85.1050262451, 133.185470581, 147.85005188, 224.183441162, 248.046112061, 162.268112183, 241.055282593, 158.467163086, 141.4662323, 69.6578674316, 27.7310028076, 9.55522155762, 2.95315980911, 0.543916881084, 0.049509100616, 0.00126114534214],
        "mean": [2.96544718742, 8.23140048981, 6.26948404312, 6.43470907211, 7.57361030579, 5.23587560654, 5.94473552704, 19.9445419312, 26.9930324554, 65.5348968506, 34.3338127136, 74.6056289673, 36.7840538025, 23.2231578827, 44.2414703369, 26.0075263977, 51.8174743652, 17.0067195892, 9.94178104401, 22.540681839, 13.5380296707, 6.77392482758, 5.72389507294, 3.82032990456, 2.89939713478, 3.77138257027, 2.92324709892, 3.72900509834, 4.08229446411, 3.16237163544, 3.99287295341, 2.93391466141, 2.50777173042, 1.45892894268, 0.629379749298, 0.218085706234, 0.0563477315009, 0.0092482669279, 0.000775638909545, 0.000123186313431],
        "median": [0.00659136753529, 0.230507999659, 1.57587206364, 2.5047621727, 2.39294409752, 1.92235004902, 2.72300696373, 5.25835227966, 9.66504001617, 20.5617637634, 18.4752407074, 26.2660713196, 9.70467185974, 9.87418365479, 13.8011722565, 14.3085746765, 21.169883728, 9.7500295639, 5.35228729248, 6.03674554825, 2.9518995285, 2.77365636826, 2.02314424515, 1.43094718456, 0.825086236, 0.597114980221, 0.202687680721, 0.148980349302, 0.0858952254057, 0.0604851767421, 0.032146949321, 0.0207739528269, 0.0081993592903, 0.00389157258905, 0.0016673905775, 0.000717184389941, 0.000224734074436, 5.37842061021e-05, 2.19770590775e-05, 2.93283446808e-05],
        "min": [1.82461381676e-21, 1.18513510626e-20, 5.50315223986e-21, 1.23261551576e-20, 3.76862905468e-20, 7.20742242504e-20, 4.188350708e-19, 4.28716389452e-19, 7.35179413476e-19, 1.47035220951e-18, 2.02687870525e-18, 1.48856134992e-18, 1.17133820539e-18, 1.4344235162e-18, 2.26173492669e-18, 3.16814972255e-18, 2.05149684105e-18, 3.12925961926e-18, 7.29369482969e-18, 7.91374693532e-18, 9.22112822733e-18, 1.16422933249e-17, 1.00785050681e-17, 9.37581513778e-18, 1.46276419223e-17, 2.62874375618e-17, 1.28622771949e-17, 2.23901794145e-17, 1.76284546613e-17, 1.29452988315e-17, 1.43144713424e-17, 1.65524217246e-17, 9.59006318824e-18, 1.0137909871e-17, 9.16304195036e-18, 5.5208925078e-18, 3.55063845139e-18, 1.62403647366e-18, 3.65201843105e-19, 3.46161580045e-20],
        "var": [44.4829521179, 300.222381592, 223.523208618, 167.439346313, 249.154251099, 233.991455078, 137.635925293, 2700.76123047, 2916.08666992, 15514.6582031, 2463.71044922, 25462.9003906, 15567.6640625, 1751.04870605, 19300.6542969, 1501.36437988, 9281.99707031, 513.878234863, 268.091186523, 3372.14624023, 2751.83984375, 148.41557312, 417.388824463, 122.537788391, 43.0324211121, 99.9222946167, 118.860343933, 236.666854858, 371.372650146, 195.122558594, 370.576599121, 162.79045105, 130.349319458, 37.5319900513, 6.66529655457, 0.697764396667, 0.0406853109598, 0.00111053173896, 6.50235779176e-06, 3.60729686122e-08]
    },
    "gfcc": {
        "mean": [-66.3565216064, 149.294082642, -127.632591248, -2.18203830719, -41.8610496521, 6.92336177826, -22.6047229767, 4.42611074448, -10.3784379959, -0.997839331627, -7.0728058815, -10.5690479279, -13.2715072632],
        "cov": [[15511.0488281, -2674.74951172, 2443.85498047, 2151.39477539, -798.465148926, 1770.28259277, -93.5666122437, 739.057556152, -71.6513290405, 539.891113281, -266.523773193, 339.455566406, 8.19593334198], [-2674.74951172, 3828.68408203, -1215.43774414, -1140.79736328, 784.365966797, -1115.98901367, 243.913284302, -523.456115723, 148.342086792, -424.635894775, 193.000259399, -423.085235596, 13.8751249313], [2443.85498047, -1215.43774414, 1779.20617676, 573.130615234, 41.6542892456, 799.97644043, 35.5154533386, 434.661224365, -16.7793216705, 326.154632568, -25.4248046875, 237.462356567, 31.8913040161], [2151.39477539, -1140.79736328, 573.130615234, 991.755493164, -138.875106812, 506.087249756, 37.7495117188, 183.829330444, -27.0025081635, 96.7419891357, -72.8132781982, 99.4635620117, 23.1249675751], [-798.465148926, 784.365966797, 41.6542892456, -138.875106812, 524.330932617, -78.896522522, 146.46156311, 22.630109787, 71.2070465088, -18.3869514465, 67.8020858765, -55.0638008118, 31.550195694], [1770.28259277, -1115.98901367, 799.97644043, 506.087249756, -78.896522522, 666.530456543, 33.6714477539, 290.262817383, -0.826241910458, 191.74887085, -43.3187026978, 162.930374146, 26.2414112091], [-93.5666122437, 243.913284302, 35.5154533386, 37.7495117188, 146.46156311, 33.6714477539, 192.238693237, 43.6854171753, 71.7678222656, 7.06069755554, 36.0600700378, -16.5657310486, 42.3117866516], [739.057556152, -523.456115723, 434.661224365, 183.829330444, 22.630109787, 290.262817383, 43.6854171753, 266.130584717, 55.2534332275, 137.71987915, 13.5936336517, 85.9158935547, 16.725271225], [-71.6513290405, 148.342086792, -16.7793216705, -27.0025081635, 71.2070465088, -0.826241910458, 71.7678222656, 55.2534332275, 159.571365356, 57.825504303, 50.1575012207, -17.8292789459, 38.3623962402], [539.891113281, -424.635894775, 326.154632568, 96.7419891357, -18.3869514465, 191.74887085, 7.06069755554, 137.71987915, 57.825504303, 182.492141724, 30.2208538055, 70.9122772217, 17.1142234802], [-266.523773193, 193.000259399, -25.4248046875, -72.8132781982, 67.8020858765, -43.3187026978, 36.0600700378, 13.5936336517, 50.1575012207, 30.2208538055, 122.544616699, 24.6032218933, 24.4579029083], [339.455566406, -423.085235596, 237.462356567, 99.4635620117, -55.0638008118, 162.930374146, -16.5657310486, 85.9158935547, -17.8292789459, 70.9122772217, 24.6032218933, 149.67640686, 44.4455795288], [8.19593334198, 13.8751249313, 31.8913040161, 23.1249675751, 31.550195694, 26.2414112091, 42.3117866516, 16.725271225, 38.3623962402, 17.1142234802, 24.4579029083, 44.4455795288, 105.386650085]],
        "icov": [[0.000165765726706, -0.0003572323767, -8.52698940434e-06, -0.000372425594833, 0.000475969252875, -0.000348881498212, 0.000252652040217, -0.000340908474755, 0.000189731043065, -0.000511085556354, 0.000352212286089, -0.000141527329106, 7.36655920264e-06], [-0.0003572323767, 0.00248776515946, -0.000450811901828, 0.00163646426518, -0.00238885963336, 0.00165119569283, -0.0014230638044, 0.00218049879186, -0.00138134905137, 0.00322577171028, -0.00232454179786, 0.00219248863868, -0.000399309647037], [-8.52698940434e-06, -0.000450811901828, 0.00169695029035, -0.000301006337395, -0.000215260792174, -0.0013402873883, 0.000353694922524, -0.00103702780325, 0.00121487677097, -0.00192739616614, 0.000642276194412, -0.000809274322819, 9.63088386925e-05], [-0.000372425594833, 0.00163646426518, -0.000301006337395, 0.00302937300876, -0.00132175779436, -0.000222565373406, -0.00141456874553, 0.00158764456864, -0.000777818029746, 0.00267839222215, -0.00132219260558, 0.0016354090767, -0.000527727475855], [0.000475969252875, -0.00238885963336, -0.000215260792174, -0.00132175779436, 0.00545339472592, -0.00127701612655, -0.000366023130482, -0.00272067729384, 0.00133495300543, -0.00228503788821, 0.00108472886495, -0.000562204921152, -0.000232729202253], [-0.000348881498212, 0.00165119569283, -0.0013402873883, -0.000222565373406, -0.00127701612655, 0.00745981512591, -0.00209961924702, -0.00115104380529, -0.000545500486623, 0.000843817950226, 0.000503261340782, -0.00103454396594, 0.000195669868845], [0.000252652040217, -0.0014230638044, 0.000353694922524, -0.00141456874553, -0.000366023130482, -0.00209961924702, 0.00961059704423, -0.00205989088863, -0.00146417354699, -0.000193802668946, -0.000177835579962, 0.000797716958914, -0.00225889333524], [-0.000340908474755, 0.00218049879186, -0.00103702780325, 0.00158764456864, -0.00272067729384, -0.00115104380529, -0.00205989088863, 0.0120777189732, -0.00417911913246, 0.000601362204179, -0.00178631872404, -0.000379982608138, 0.00171465834137], [0.000189731043065, -0.00138134905137, 0.00121487677097, -0.000777818029746, 0.00133495300543, -0.000545500486623, -0.00146417354699, -0.00417911913246, 0.0134634347633, -0.00674747861922, -0.00145241839346, 0.00384223158471, -0.00413106521592], [-0.000511085556354, 0.00322577171028, -0.00192739616614, 0.00267839222215, -0.00228503788821, 0.000843817950226, -0.000193802668946, 0.000601362204179, -0.00674747861922, 0.0175217054784, -0.00531213870272, 0.00105998548679, 0.000463474803837], [0.000352212286089, -0.00232454179786, 0.000642276194412, -0.00132219260558, 0.00108472886495, 0.000503261340782, -0.000177835579962, -0.00178631872404, -0.00145241839346, -0.00531213870272, 0.0148516492918, -0.00711395405233, 0.0012241184013], [-0.000141527329106, 0.00219248863868, -0.000809274322819, 0.0016354090767, -0.000562204921152, -0.00103454396594, 0.000797716958914, -0.000379982608138, 0.00384223158471, 0.00105998548679, -0.00711395405233, 0.0180509891361, -0.00775824440643], [7.36655920264e-06, -0.000399309647037, 9.63088386925e-05, -0.000527727475855, -0.000232729202253, 0.000195669868845, -0.00225889333524, 0.00171465834137, -0.00413106521592, 0.000463474803837, 0.0012241184013, -0.00775824440643, 0.0146996406838]]
    },
    "melbands": {
        "dmean": [0.00557543104514, 0.00187165488023, 0.000735278299544, 0.000374639115762, 0.000157968170242, 0.000182114134077, 0.000185747456271, 0.000253389967838, 0.000135266804136, 0.000189945771126, 7.60385155445e-05, 4.28027560702e-05, 7.29056409909e-05, 3.20162725984e-05, 4.90146339871e-05, 3.67946231563e-05, 1.33003668452e-05, 9.02845295059e-06, 9.18191199162e-06, 2.07443754334e-05, 6.29930718787e-06, 3.7058171074e-06, 3.78645700039e-06, 3.64326683666e-06, 1.69277768691e-06, 1.55824830017e-06, 1.4786827478e-06, 1.98367706616e-06, 1.49587594933e-06, 1.6713745481e-06, 2.07243192563e-06, 2.14907117879e-06, 1.8100320176e-06, 1.6438266357e-06, 2.27807709052e-06, 1.88797537248e-06, 1.69054521848e-06, 1.92474658434e-06, 1.45510159655e-06, 1.02016838355e-06],
        "dmean2": [0.00687358528376, 0.00271067209542, 0.00126922025811, 0.000670596957207, 0.000285820278805, 0.00028720573755, 0.000278293766314, 0.000386525382055, 0.000200823094929, 0.000258262036368, 0.000103850114101, 6.25064785709e-05, 0.000102071659057, 4.78754664073e-05, 7.57481902838e-05, 5.6069373386e-05, 2.10414746107e-05, 1.40260281114e-05, 1.46179663716e-05, 3.08499256789e-05, 9.15666259971e-06, 5.82811071581e-06, 6.22272273176e-06, 4.84608926854e-06, 2.48258379543e-06, 2.35947686633e-06, 2.24863924814e-06, 2.91264791485e-06, 2.06725462704e-06, 2.36804135056e-06, 2.98459599435e-06, 2.97908241009e-06, 2.46299100581e-06, 2.40162694354e-06, 3.1248198411e-06, 2.5834472126e-06, 2.33474656852e-06, 2.73150726571e-06, 1.94963035938e-06, 1.39099802254e-06],
        "dvar": [0.000237259431742, 2.50260200119e-05, 6.4217219915e-06, 1.85138901543e-06, 2.92765747645e-07, 1.76025523047e-07, 1.99128251666e-07, 3.09934733878e-07, 1.04950473201e-07, 2.60147260178e-07, 1.03616301317e-07, 1.04751691765e-08, 6.63340671281e-08, 9.34652355511e-09, 1.04531014955e-08, 5.41587219516e-09, 8.09914968425e-10, 3.84071496828e-10, 5.96778459983e-10, 7.22646076312e-09, 5.39166711278e-10, 8.39582084411e-11, 5.59489399254e-11, 7.22082782456e-10, 1.96308247435e-11, 1.74406513537e-11, 1.44468222107e-11, 3.25739678286e-11, 2.93234880822e-11, 3.9381997663e-11, 7.6126001336e-11, 8.69853147845e-11, 5.85647086382e-11, 5.03354545545e-11, 9.74990851943e-11, 5.10317031688e-11, 3.92073387645e-11, 5.85699405642e-11, 2.9920815825e-11, 1.1886415463e-11],
        "dvar2": [0.000395658513298, 5.94654047745e-05, 1.82887597475e-05, 5.36204925083e-06, 8.52378207128e-07, 3.81177812869e-07, 4.2304532144e-07, 6.81956407789e-07, 1.92532468191e-07, 4.25868194043e-07, 1.67333993772e-07, 1.96580653977e-08, 1.12607430935e-07, 1.65606852676e-08, 2.17783053813e-08, 1.10234124051e-08, 1.99651251087e-09, 8.61756721537e-10, 1.33162747495e-09, 1.15002034562e-08, 7.78599573703e-10, 1.71700681451e-10, 1.48453527249e-10, 1.18091358914e-09, 3.68407630791e-11, 3.3488784662e-11, 3.00001516684e-11, 6.70271407821e-11, 5.73723117625e-11, 8.12360317903e-11, 1.64922228651e-10, 1.81233375529e-10, 1.16939485872e-10, 1.12156263443e-10, 1.63684121812e-10, 8.366462384e-11, 6.89516152508e-11, 1.15007448009e-10, 5.12358454274e-11, 1.94967566397e-11],
        "max": [0.229845017195, 0.0799283981323, 0.0388524159789, 0.0211393795907, 0.00700519699603, 0.0162521842867, 0.0111507447436, 0.0136318150908, 0.00894518848509, 0.0151445306838, 0.0231729913503, 0.00303776585497, 0.00889002624899, 0.00337231741287, 0.00274390703999, 0.00186095410027, 0.000863257737365, 0.000622381048743, 0.000752425985411, 0.00266683869995, 0.000750365201384, 0.000211239181226, 0.000177260430064, 0.00139820366167, 0.000133363355417, 9.93012363324e-05, 5.71176715312e-05, 0.000100306722743, 8.56883925735e-05, 0.000100053061033, 0.000135214781039, 0.000143592915265, 0.00012782952399, 0.000109228923975, 0.000153589542606, 0.000113250629511, 9.53767594183e-05, 0.000114299924462, 8.32038349472e-05, 5.09543533553e-05],
        "mean": [0.0204253997654, 0.00547045236453, 0.00122803356498, 0.000453777931398, 0.000216449450818, 0.000434924557339, 0.000433677749243, 0.000665079802275, 0.000312626420055, 0.000429249397712, 0.000169302264112, 8.8630389655e-05, 0.000150890278746, 6.73993345117e-05, 0.000105162500404, 8.02047288744e-05, 2.79439882434e-05, 1.57670601766e-05, 1.6670604964e-05, 3.91345893149e-05, 1.07925106931e-05, 6.66665755489e-06, 6.58701947032e-06, 5.10431573275e-06, 2.70538794211e-06, 2.46902914114e-06, 1.96728524315e-06, 2.52645895671e-06, 1.69579880094e-06, 1.94841459233e-06, 2.23051233661e-06, 2.31785361393e-06, 1.89235220205e-06, 1.77596302819e-06, 2.41879297391e-06, 1.98097382054e-06, 1.75297668648e-06, 1.85960709587e-06, 1.54613928771e-06, 1.11750773613e-06],
        "median": [0.000134336500196, 0.000717003480531, 0.000478933448903, 0.000183710610145, 9.83773206826e-05, 0.000119046133477, 0.000156666545081, 0.00021217612084, 0.000143495868542, 0.000148783816257, 3.59586010745e-05, 3.52775605279e-05, 4.22388620791e-05, 3.02021690004e-05, 5.08196681039e-05, 3.67539396393e-05, 1.33708672365e-05, 7.75710213929e-06, 5.92328842686e-06, 7.80930986366e-06, 2.23099141294e-06, 2.47531170317e-06, 2.84646125692e-06, 1.13309522476e-06, 1.02329750007e-06, 6.79893787492e-07, 4.09185048511e-07, 3.67782035937e-07, 1.11920186896e-07, 8.21215024871e-08, 8.90952449595e-08, 4.70243755046e-08, 3.79760010105e-08, 2.95874080791e-08, 1.8694160886e-08, 1.37427411673e-08, 1.12444675793e-08, 5.7093396677e-09, 4.32386038085e-09, 2.84586421095e-09],
        "min": [1.7485018345e-23, 7.67058288636e-24, 3.05927832109e-24, 2.57759551363e-24, 1.25701537925e-23, 9.63416811999e-24, 1.20222133743e-23, 1.59311185561e-23, 1.52951120731e-23, 8.7566274161e-24, 6.21272770161e-24, 6.27547606459e-24, 5.91925211778e-24, 1.2064710889e-23, 4.23467594228e-24, 4.92611528672e-24, 5.74334086908e-24, 1.34845406115e-23, 8.74112235501e-24, 9.40072840091e-24, 1.1926396751e-23, 1.39470750038e-23, 8.64503041929e-24, 9.57304875477e-24, 7.05732636295e-24, 9.25230974362e-24, 1.31508114278e-23, 1.88020468698e-23, 5.91023583206e-24, 1.12149325669e-23, 1.41834966171e-23, 1.07624766616e-23, 6.66413284424e-24, 7.68478238266e-24, 8.28092535759e-24, 9.91379406734e-24, 9.3676546186e-24, 6.00605324419e-24, 7.28884205028e-24, 8.99059409426e-24],
        "var": [0.00201274966821, 0.000105353326944, 5.51022731088e-06, 1.1719075701e-06, 2.1305129394e-07, 1.17260674415e-06, 6.06966239047e-07, 1.54004465003e-06, 2.89376231422e-07, 8.29202519981e-07, 3.86228066418e-07, 3.0664299544e-08, 2.01235309305e-07, 2.79975242989e-08, 3.20328972236e-08, 1.84841564277e-08, 1.92944482613e-09, 7.1798822443e-10, 1.36645783577e-09, 2.19575735372e-08, 1.63266000719e-09, 2.15634857192e-10, 1.23300564203e-10, 1.26818633372e-09, 3.78897226094e-11, 3.68585544031e-11, 2.31304992521e-11, 4.76060163512e-11, 4.11202009942e-11, 5.21785670227e-11, 9.06375946519e-11, 1.12482759218e-10, 8.12729952782e-11, 6.49142892217e-11, 1.44880885067e-10, 7.95862334368e-11, 5.89210347179e-11, 7.68676303164e-11, 4.74192074496e-11, 2.04871501708e-11]
    },
    "mfcc": {
        "mean": [-703.67376709, 180.283233643, -14.0716838837, 1.34257113934, 1.42685103416, 3.20550274849, 0.631016016006, 3.45694112778, 0.493168741465, 5.60928630829, 6.32663393021, 7.26255464554, 1.97640907764],
        "cov": [[8784.71289062, -1890.76123047, 1661.31677246, 923.684387207, 254.221038818, 648.734069824, 460.130187988, 326.614807129, 408.021759033, 328.480987549, 89.6052093506, 205.177642822, 52.9148521423], [-1890.76123047, 2949.08520508, -960.998291016, -230.367507935, -19.1893081665, -270.552825928, -161.007263184, -136.499221802, -185.638519287, -117.819602966, -0.921183228493, -79.8280563354, -37.8679504395], [1661.31677246, -960.998291016, 1375.97265625, 71.27318573, 289.104888916, 305.009613037, 251.912231445, 169.506134033, 202.26612854, 169.047241211, 89.2352600098, 116.656654358, 67.94190979], [923.684387207, -230.367507935, 71.27318573, 519.708984375, 58.4250679016, 143.437866211, 118.66960907, 81.1575469971, 60.780921936, 33.8757553101, 7.98031806946, 24.3695430756, -27.6147975922], [254.221038818, -19.1893081665, 289.104888916, 58.4250679016, 290.143096924, 121.52620697, 125.932380676, 95.514541626, 82.0283508301, 75.4692306519, 50.6779136658, 48.1009902954, 54.550994873], [648.734069824, -270.552825928, 305.009613037, 143.437866211, 121.52620697, 225.279495239, 136.748764038, 84.8208465576, 102.048721313, 58.1673851013, 23.7091236115, 45.8002510071, 10.7258062363], [460.130187988, -161.007263184, 251.912231445, 118.66960907, 125.932380676, 136.748764038, 203.886779785, 119.309280396, 83.9288635254, 67.1473083496, 40.0774421692, 42.3588981628, 26.7703094482], [326.614807129, -136.499221802, 169.506134033, 81.1575469971, 95.514541626, 84.8208465576, 119.309280396, 153.906494141, 79.7080459595, 46.3265762329, 36.9508247375, 20.9473800659, 11.9836196899], [408.021759033, -185.638519287, 202.26612854, 60.780921936, 82.0283508301, 102.048721313, 83.9288635254, 79.7080459595, 180.455368042, 96.5219345093, 41.0488357544, 49.0719108582, 24.8620471954], [328.480987549, -117.819602966, 169.047241211, 33.8757553101, 75.4692306519, 58.1673851013, 67.1473083496, 46.3265762329, 96.5219345093, 140.169418335, 71.884979248, 51.3786468506, 36.7129669189], [89.6052093506, -0.921183228493, 89.2352600098, 7.98031806946, 50.6779136658, 23.7091236115, 40.0774421692, 36.9508247375, 41.0488357544, 71.884979248, 115.512321472, 60.7108802795, 27.3026103973], [205.177642822, -79.8280563354, 116.656654358, 24.3695430756, 48.1009902954, 45.8002510071, 42.3588981628, 20.9473800659, 49.0719108582, 51.3786468506, 60.7108802795, 95.6529769897, 43.9368782043], [52.9148521423, -37.8679504395, 67.94190979, -27.6147975922, 54.550994873, 10.7258062363, 26.7703094482, 11.9836196899, 24.8620471954, 36.7129669189, 27.3026103973, 43.9368782043, 87.2233657837]],
