{
"lowlevel": {
    "average_loudness": 0.808145403862,
    "barkbands_crest": {
        "dmean": 3.20066952705,
        "dmean2": 5.0821762085,
        "dvar": 9.57852554321,
        "dvar2": 19.7848014832,
        "max": 26.6932563782,
        "mean": 12.0871725082,
        "median": 10.7123327255,
        "min": 2.27695679665,
        "var": 33.7013397217
    },
    "barkbands_flatness_db": {
        "dmean": 0.0311550665647,
        "dmean2": 0.0460746400058,
        "dvar": 0.000990668311715,
        "dvar2": 0.00214854627848,
        "max": 0.732938170433,
        "mean": 0.195416897535,
        "median": 0.178831860423,
        "min": 0.0181920025498,
        "var": 0.0130784632638
    },
    "barkbands_kurtosis": {
        "dmean": 5.10688781738,
        "dmean2": 8.06632232666,
        "dvar": 192.478393555,
        "dvar2": 513.713500977,
        "max": 590.778076172,
        "mean": 7.19475698471,
        "median": 1.32173585892,
        "min": -1.91178059578,
        "var": 409.687286377
    },
    "barkbands_skewness": {
        "dmean": 0.712449967861,
        "dmean2": 1.05860555172,
        "dvar": 0.738423228264,
        "dvar2": 1.55620491505,
        "max": 18.4994506836,
        "mean": 1.3690649271,
        "median": 0.910584449768,
        "min": -10.9814853668,
        "var": 3.72691035271
    },
    "barkbands_spread": {
        "dmean": 5.61316204071,
        "dmean2": 8.51704978943,
        "dvar": 59.9009895325,
        "dvar2": 135.561843872,
        "max": 124.111816406,
        "mean": 17.0348987579,
        "median": 12.7345943451,
        "min": 0.103036545217,
        "var": 190.76524353
    },
    "dissonance": {
        "dmean": 0.0300936605781,
        "dmean2": 0.0515132173896,
        "dvar": 0.00121320143808,
        "dvar2": 0.00344305299222,
        "max": 0.499999850988,
        "mean": 0.447732567787,
        "median": 0.46307221055,
        "min": 0.0449533984065,
        "var": 0.00271253637038
    },
    "dynamic_complexity": 2.81583499908,
    "erbbands_crest": {
        "dmean": 3.57347846031,
        "dmean2": 5.691385746,
        "dvar": 12.3675069809,
        "dvar2": 25.3148174286,
        "max": 34.4836120605,
        "mean": 12.1580972672,
        "median": 10.6445264816,
        "min": 2.32064414024,
        "var": 39.1751670837
    },
    "erbbands_flatness_db": {
        "dmean": 0.024463141337,
        "dmean2": 0.035599514842,
        "dvar": 0.000625643122476,
        "dvar2": 0.00124307500664,
        "max": 0.6096829772,
        "mean": 0.215584293008,
        "median": 0.191159754992,
        "min": 0.0465922281146,
        "var": 0.0128909191117
    },
    "erbbands_kurtosis": {
        "dmean": 2.12498688698,
        "dmean2": 3.29580998421,
        "dvar": 32.532459259,
        "dvar2": 74.5621414185,
        "max": 185.305755615,
        "mean": 2.70454335213,
        "median": 0.651489496231,
        "min": -1.75299406052,
        "var": 81.7994689941
    },
    "erbbands_skewness": {
        "dmean": 0.446631908417,
        "dmean2": 0.683716356754,
        "dvar": 0.234921291471,
        "dvar2": 0.519890189171,
        "max": 11.3661203384,
        "mean": 0.326024532318,
        "median": 0.314173430204,
        "min": -6.64472103119,
        "var": 1.05848801136
    },
    "erbbands_spread": {
        "dmean": 7.61345291138,
        "dmean2": 11.2429924011,
        "dvar": 86.4019546509,
        "dvar2": 173.599472046,
        "max": 163.117263794,
        "mean": 28.4476604462,
        "median": 22.751739502,
        "min": 0.24735070765,
        "var": 475.20614624
    },
    "hfc": {
        "dmean": 15.2103490829,
        "dmean2": 23.3520450592,
        "dvar": 750.764465332,
        "dvar2": 1573.16381836,
        "max": 485.719604492,
        "mean": 32.3149337769,
        "median": 20.2044143677,
        "min": 1.13498497405e-16,
        "var": 1480.33129883
    },
    "melbands_crest": {
        "dmean": 3.6215274334,
        "dmean2": 5.89670753479,
        "dvar": 11.8745956421,
        "dvar2": 27.5607070923,
        "max": 37.2882423401,
        "mean": 14.8539638519,
        "median": 14.0158987045,
        "min": 1.73989248276,
        "var": 37.1967430115
    },
    "melbands_flatness_db": {
        "dmean": 0.036859113723,
        "dmean2": 0.0543517023325,
        "dvar": 0.00147588539403,
        "dvar2": 0.00318107078783,
        "max": 0.900062918663,
        "mean": 0.2603264153,
        "median": 0.244213968515,
        "min": 0.00405303342268,
        "var": 0.0184864513576
    },
    "melbands_kurtosis": {
        "dmean": 10.4886302948,
        "dmean2": 16.1554927826,
        "dvar": 664.479919434,
        "dvar2": 1597.53674316,
        "max": 721.562316895,
        "mean": 17.4175338745,
        "median": 3.41262102127,
        "min": -1.92903792858,
        "var": 1533.59802246
    },
    "melbands_skewness": {
        "dmean": 0.895409345627,
        "dmean2": 1.31243121624,
        "dvar": 1.32676875591,
        "dvar2": 2.60785889626,
        "max": 24.7593135834,
        "mean": 2.25408530235,
        "median": 1.43270540237,
        "min": -6.38462495804,
        "var": 7.20592069626
    },
    "melbands_spread": {
        "dmean": 7.27958440781,
        "dmean2": 11.3171272278,
        "dvar": 112.066383362,
        "dvar2": 250.314178467,
        "max": 164.659042358,
        "mean": 20.8564872742,
        "median": 16.7315826416,
        "min": 0.231641069055,
        "var": 318.300415039
    },
    "pitch_salience": {
        "dmean": 0.090385876596,
        "dmean2": 0.14175337553,
        "dvar": 0.00788158178329,
        "dvar2": 0.0175764895976,
        "max": 0.922554671764,
        "mean": 0.485013961792,
        "median": 0.510133266449,
        "min": 0.0536195673048,
        "var": 0.0271534789354
    },
    "silence_rate_20dB": {
        "dmean": 0,
        "dmean2": 0,
        "dvar": 0,
        "dvar2": 0,
        "max": 1,
        "mean": 1,
        "median": 1,
        "min": 1,
        "var": 0
    },
    "silence_rate_30dB": {
        "dmean": 0.0690514296293,
        "dmean2": 0.138115152717,
        "dvar": 0.0642789453268,
        "dvar2": 0.140920817852,
        "max": 1,
        "mean": 0.851588249207,
        "median": 1,
        "min": 0,
        "var": 0.126375004649
    },
    "silence_rate_60dB": {
        "dmean": 0.00231357896701,
        "dmean2": 0.00462756957859,
        "dvar": 0.00230855843984,
        "dvar2": 0.00620928406715,
        "max": 1,
        "mean": 0.0416407138109,
        "median": 0,
        "min": 0,
        "var": 0.0399066396058
    },
    "spectral_centroid": {
        "dmean": 238.383987427,
        "dmean2": 383.286499023,
        "dvar": 91721.5,
        "dvar2": 209652.859375,
        "max": 10608.2861328,
        "mean": 1150.00219727,
        "median": 1047.07202148,
        "min": 139.811706543,
        "var": 329763.5625
    },
    "spectral_complexity": {
        "dmean": 4.36216402054,
        "dmean2": 7.10581111908,
        "dvar": 30.1693019867,
        "dvar2": 72.1112365723,
        "max": 51,
        "mean": 17.4625854492,
        "median": 16,
        "min": 0,
        "var": 66.2845230103
    },
    "spectral_decrease": {
        "dmean": 4.0566265902e-09,
        "dmean2": 6.0770357635e-09,
        "dvar": 3.80363850734e-17,
        "dvar2": 8.02391928654e-17,
        "max": 9.47425790248e-19,
        "mean": -1.1261799493e-08,
        "median": -6.20970297405e-09,
        "min": -7.63605356724e-08,
        "var": 1.39335450751e-16
    },
    "spectral_energy": {
        "dmean": 0.0162671972066,
        "dmean2": 0.0243746936321,
        "dvar": 0.000567080220208,
        "dvar2": 0.00118460133672,
        "max": 0.290375798941,
        "mean": 0.0454356446862,
        "median": 0.0263012330979,
        "min": 1.02841927686e-20,
        "var": 0.0020773971919
    },
    "spectral_energyband_high": {
        "dmean": 0.000902666593902,
        "dmean2": 0.00138446199708,
        "dvar": 5.60240187042e-06,
        "dvar2": 1.24171019706e-05,
        "max": 0.0408071503043,
        "mean": 0.00128769164439,
        "median": 0.000240528403083,
        "min": 7.30879017793e-21,
        "var": 8.94671939022e-06
    },
    "spectral_energyband_low": {
        "dmean": 0.0105920992792,
        "dmean2": 0.0157404262573,
        "dvar": 0.000557609484531,
        "dvar2": 0.0012141490588,
        "max": 0.289225190878,
        "mean": 0.0240853074938,
        "median": 0.00123673700728,
        "min": 3.62608245456e-23,
        "var": 0.00202180421911
    },
    "spectral_energyband_middle_high": {
        "dmean": 0.0054841125384,
        "dmean2": 0.00843878556043,
        "dvar": 0.000131596607389,
        "dvar2": 0.000244360591751,
        "max": 0.219397604465,
        "mean": 0.0114251617342,
        "median": 0.00604303041473,
        "min": 1.72088383314e-21,
        "var": 0.000333045842126
    },
    "spectral_energyband_middle_low": {
        "dmean": 0.00359385623597,
        "dmean2": 0.00575325451791,
        "dvar": 2.00245722226e-05,
        "dvar2": 4.59502734884e-05,
        "max": 0.0662906840444,
        "mean": 0.00957501679659,
        "median": 0.00739234918728,
        "min": 2.66523712401e-22,
        "var": 6.61309604766e-05
    },
    "spectral_entropy": {
        "dmean": 0.240830734372,
        "dmean2": 0.366748005152,
        "dvar": 0.0650278180838,
        "dvar2": 0.140370756388,
        "max": 9.79733657837,
        "mean": 7.18030977249,
        "median": 7.27559995651,
        "min": 3.23983883858,
        "var": 0.878300607204
    },
    "spectral_flux": {
        "dmean": 0.0396786779165,
        "dmean2": 0.0634189248085,
        "dvar": 0.0020377212204,
        "dvar2": 0.00502980686724,
        "max": 0.439914703369,
        "mean": 0.099138058722,
        "median": 0.0855660885572,
        "min": 1.01411011533e-10,
        "var": 0.003480741987
    },
    "spectral_kurtosis": {
        "dmean": 10.4468345642,
        "dmean2": 18.1804580688,
        "dvar": 1513.19128418,
        "dvar2": 4526.58984375,
        "max": 1211.15759277,
        "mean": 26.5909309387,
        "median": 5.6995306015,
        "min": -1.18351697922,
        "var": 5495.01806641
    },
    "spectral_rms": {
        "dmean": 0.00114135863259,
        "dmean2": 0.00168222852517,
        "dvar": 1.78555592356e-06,
        "dvar2": 3.27206134898e-06,
        "max": 0.0168313235044,
        "mean": 0.00588972959667,
        "median": 0.0050655445084,
        "min": 3.16754782126e-12,
        "var": 9.63868842518e-06
    },
    "spectral_rolloff": {
        "dmean": 609.775024414,
        "dmean2": 1032.84851074,
        "dvar": 1950151.375,
        "dvar2": 4429498.5,
        "max": 18755.4199219,
        "mean": 1593.43762207,
        "median": 1270.45898438,
        "min": 64.599609375,
        "var": 4136255.25
    },
    "spectral_skewness": {
        "dmean": 0.558243095875,
        "dmean2": 0.940921723843,
        "dvar": 1.1098729372,
        "dvar2": 3.33893084526,
        "max": 29.4700984955,
        "mean": 2.81224584579,
        "median": 1.98013019562,
        "min": 0.00888441037387,
        "var": 8.81898021698
    },
    "spectral_spread": {
        "dmean": 644888.8125,
        "dmean2": 988123.1875,
        "dvar": 859109916672,
        "dvar2": 1.73085425664e+12,
        "max": 40282288,
        "mean": 4535334.5,
        "median": 4362260.5,
        "min": 126243.734375,
        "var": 7.65870211072e+12
    },
    "spectral_strongpeak": {
        "dmean": 1.04683959484,
        "dmean2": 1.67669427395,
        "dvar": 3.47689700127,
        "dvar2": 6.23922634125,
        "max": 24.7140712738,
        "mean": 1.82561981678,
        "median": 0.874116718769,
        "min": 0,
        "var": 7.31251335144
    },
    "zerocrossingrate": {
        "dmean": 0.0119008021429,
        "dmean2": 0.0131091587245,
        "dvar": 0.000281433050986,
        "dvar2": 0.000310299656121,
        "max": 0.52392578125,
        "mean": 0.0602927207947,
        "median": 0.04833984375,
        "min": 0.0029296875,
        "var": 0.0022517205216
    },
    "barkbands": {
        "dmean": [0.000286687049083, 0.00913847610354, 0.00208586314693, 0.00111191975884, 0.00119885511231, 0.000583492859732, 0.000729100895114, 0.000830971519463, 0.00123233126942, 0.00102216901723, 0.00162435753737, 0.000806153693702, 0.00277761672623, 0.000519110297319, 0.000451282889117, 0.000288710114546, 0.000263434107183, 0.000148122693645, 0.000135368842166, 0.000109939734102, 9.20528109418e-05, 0.000115561197163, 0.000178207847057, 0.000225642186706, 0.000214356041397, 7.78877656558e-05, 1.05317412817e-05],
        "dmean2": [0.000385618011933, 0.0135982753709, 0.00343024311587, 0.00190228549764, 0.00203846860677, 0.000983150559478, 0.00117416423745, 0.00135463953484, 0.0019178056391, 0.0016985104885, 0.00255791796371, 0.00142316322308, 0.00426225690171, 0.000854050624184, 0.000746144505683, 0.000497087603435, 0.000421922479291, 0.000258511921857, 0.0002360540675, 0.000189026934095, 0.000156724039698, 0.000187172307051, 0.000276474689599, 0.00034695584327, 0.000325875822455, 0.000119735152111, 1.61847165145e-05],
        "dvar": [5.91851687659e-07, 0.000472444808111, 2.76082537312e-05, 4.29157307735e-06, 3.68028372577e-06, 9.71146164375e-07, 1.78625498393e-06, 2.56109251495e-06, 8.76969261299e-06, 1.08369295049e-05, 2.73038385785e-05, 1.61385978572e-05, 9.30202222662e-05, 6.35751530353e-06, 1.50981759361e-06, 4.59159934962e-07, 7.4111289905e-07, 1.25850050381e-07, 7.50902842128e-08, 6.47061924042e-08, 3.5008017818e-08, 8.46056451564e-08, 2.50508009003e-07, 4.53201380424e-07, 6.27585222901e-07, 6.29784082662e-08, 2.40941289142e-09],
        "dvar2": [1.01096611616e-06, 0.00106024509296, 6.82490499457e-05, 1.16580213216e-05, 9.95051686914e-06, 2.62001822193e-06, 4.35467472926e-06, 6.13264273852e-06, 1.76702633325e-05, 2.54903643508e-05, 5.47854360775e-05, 4.13005545852e-05, 0.000167038582731, 1.16832216008e-05, 3.11886469717e-06, 1.19142259791e-06, 1.40384918268e-06, 3.38826424695e-07, 2.0595547312e-07, 1.72879410343e-07, 8.99564582824e-08, 2.01918169296e-07, 5.84021108807e-07, 9.54045162871e-07, 1.18084221867e-06, 1.37142578183e-07, 4.42668168787e-09],
        "max": [0.0104127358645, 0.257747173309, 0.0723990499973, 0.0440103188157, 0.0264978129417, 0.0194731727242, 0.0283981822431, 0.0419288575649, 0.0546496771276, 0.0883052125573, 0.118094116449, 0.1147114411, 0.216807588935, 0.146367862821, 0.0411605611444, 0.0199397541583, 0.0458198562264, 0.00826415233314, 0.00307535543106, 0.00779447518289, 0.00238767359406, 0.00407226895913, 0.00742643838748, 0.0220693014562, 0.0346103236079, 0.00903662107885, 0.00222313520499],
        "mean": [0.000642616592813, 0.0187747962773, 0.00397618347779, 0.00144268141594, 0.00175752153154, 0.000959326513112, 0.00129035220016, 0.00141884654295, 0.00220596790314, 0.00148389535025, 0.0023878174834, 0.000821540073957, 0.00448966771364, 0.000692219822668, 0.000656546966638, 0.000348938803654, 0.000379723351216, 0.0001844503131, 0.000160168900038, 0.000136648202897, 0.000122349520097, 0.000149302242789, 0.000226552248932, 0.000309331313474, 0.000306636618916, 9.72035340965e-05, 1.41064474519e-05],
        "median": [9.97527877189e-07, 4.90050988446e-05, 0.00021219458722, 0.000433945620898, 0.00089340750128, 0.000471236504382, 0.000574769044761, 0.000640796031803, 0.000709225831088, 0.000449462677352, 0.000695490918588, 0.000211199498153, 0.00091628509108, 0.000210852973396, 0.000233794897213, 0.000154278706759, 0.000120059790788, 6.54276227579e-05, 5.09201527166e-05, 3.95856659452e-05, 3.19149439747e-05, 2.65964772552e-05, 3.4367058106e-05, 3.68912769773e-05, 2.93281609629e-05, 7.45106399336e-06, 1.00751776699e-06],
        "min": [1.9846642281e-23, 2.17818237888e-23, 6.78791931976e-24, 2.3132793843e-25, 2.43702957222e-23, 9.24266481465e-23, 2.97269263259e-23, 6.09680175169e-23, 4.7126544167e-23, 1.04561373596e-22, 8.7233936528e-23, 1.88009623438e-22, 9.36599027986e-23, 1.02870756324e-22, 1.66498673974e-22, 1.09410589933e-22, 3.14343046837e-22, 1.5742027335e-22, 3.54388605124e-22, 1.41326665224e-22, 3.98184042124e-22, 4.27956712916e-22, 5.17723580837e-22, 1.00613930035e-21, 1.10092902867e-21, 1.51959349024e-21, 2.36341273176e-21],
        "var": [2.30130126511e-06, 0.00143104558811, 7.58886526455e-05, 6.73475869917e-06, 5.38284575669e-06, 1.91497929336e-06, 3.99393820771e-06, 5.58713009013e-06, 1.97173867491e-05, 1.54264325829e-05, 4.95126805617e-05, 1.78112240974e-05, 0.000210632788367, 1.0618035958e-05, 2.71125850304e-06, 4.957835813e-07, 1.66767210885e-06, 1.36965397246e-07, 8.25393655646e-08, 7.80640121434e-08, 4.87912323877e-08, 1.11492980182e-07, 3.20096376072e-07, 8.26294581202e-07, 1.46906722875e-06, 9.76492557925e-08, 5.52196244286e-09]
    },
    "erbbands": {
        "dmean": [0.239172875881, 2.19788718224, 3.06845593452, 2.62114477158, 3.00161314011, 5.10728979111, 4.37083339691, 5.63977336884, 6.58030939102, 20.0090579987, 14.2435379028, 33.1771087646, 22.4656066895, 41.1334877014, 60.0037498474, 42.2011871338, 134.428497314, 32.3684310913, 19.6819477081, 26.6476287842, 10.8143062592, 11.8050270081, 11.0270986557, 6.46727705002, 6.53794193268, 5.35820579529, 3.86658501625, 3.92743325233, 4.49797201157, 4.34797048569, 5.35146427155, 4.85710716248, 3.54391670227, 2.59982991219, 1.48711979389, 0.434060841799, 0.11853171885, 0.0189801435918, 0.00212581292726, 9.71184344962e-05],
        "dmean2": [0.353813767433, 3.33472800255, 4.99849081039, 4.41971921921, 5.11020803452, 8.69482707977, 7.23379468918, 9.58886814117, 10.4697313309, 32.8565750122, 22.7733306885, 50.9056510925, 36.7073669434, 67.8026199341, 95.3723220825, 70.5610733032, 204.614135742, 51.8094978333, 32.7837715149, 44.5081939697, 18.4728164673, 19.1846008301, 18.6038398743, 11.2808055878, 11.4140758514, 9.15690612793, 6.84136962891, 6.58243083954, 7.30641889572, 6.9466252327, 8.30598926544, 7.41601324081, 5.48220157623, 3.96417045593, 2.28877925873, 0.681435286999, 0.180302292109, 0.0283520296216, 0.00331186433323, 0.000147974540596],
        "dvar": [0.319959521294, 28.5140151978, 56.7082099915, 21.9042701721, 33.4807777405, 74.6818771362, 51.6034812927, 101.132377625, 197.094985962, 1301.07543945, 944.980224609, 6508.54150391, 4204.7578125, 16626.7050781, 35836.53125, 31011.3828125, 222716.828125, 19208.984375, 3507.39282227, 5209.88134766, 573.97064209, 1200.04150391, 784.874633789, 196.265945435, 182.615447998, 170.224731445, 70.9230422974, 66.2338027954, 129.948852539, 135.908325195, 235.401947021, 237.496932983, 107.237075806, 76.6310348511, 46.2588195801, 1.82940709591, 0.214881956577, 0.00830958411098, 9.85699589364e-05, 6.46870290666e-08],
        "dvar2": [0.728212952614, 65.3464126587, 134.789596558, 57.9012298584, 92.6189651489, 198.009094238, 131.513427734, 276.664581299, 476.815124512, 3325.43237305, 2164.94799805, 12758.4326172, 9795.12402344, 39069.9023438, 78674.6953125, 72662.9453125, 395466.90625, 34922.421875, 7719.00634766, 10692.0634766, 1491.77319336, 2384.16552734, 1881.1640625, 536.475952148, 492.97366333, 452.692901611, 198.61857605, 161.842132568, 310.965393066, 318.39944458, 551.834228516, 461.247436523, 249.774810791, 145.369064331, 87.8591461182, 4.17464542389, 0.444862931967, 0.0144912861288, 0.000187985089724, 1.27204771161e-07],
        "max": [6.71354150772, 66.7038955688, 91.2053070068, 84.9244766235, 100.22151947, 119.735610962, 177.15222168, 193.111679077, 339.254058838, 777.115539551, 890.956787109, 1585.49023438, 1712.71289062, 3214.97827148, 6315.96142578, 5666.02636719, 10820.6689453, 7940.64453125, 2194.42675781, 3097.93969727, 563.068664551, 1754.03735352, 1027.55981445, 307.854400635, 189.778778076, 473.369171143, 81.0811233521, 125.964179993, 187.312438965, 198.576126099, 223.259399414, 576.703552246, 206.121582031, 368.578979492, 384.227661133, 44.8086776733, 27.0078487396, 4.93541383743, 0.39827427268, 0.00849115010351],
        "mean": [0.451489299536, 4.34932756424, 6.66244792938, 3.98839902878, 4.27226018906, 7.09139442444, 7.40633821487, 9.06205463409, 11.9669094086, 34.7354316711, 27.802066803, 60.7976760864, 36.5958442688, 60.304649353, 89.5632095337, 61.9350128174, 218.695129395, 52.0315208435, 28.4733467102, 38.1072883606, 14.7964687347, 16.8780937195, 15.0351638794, 8.24876880646, 7.95941400528, 6.97435188293, 4.53157997131, 5.2656083107, 5.75515174866, 5.46477127075, 6.9025554657, 6.80872917175, 4.66486692429, 3.56744241714, 2.12965559959, 0.557756483555, 0.154006078839, 0.0254363324493, 0.00277763372287, 0.000165511897649],
        "median": [0.00126302638091, 0.0170671772212, 0.236010819674, 1.57447433472, 1.84013271332, 2.92760419846, 3.94546794891, 3.9187541008, 5.50770044327, 15.8590240479, 13.3599863052, 19.9301395416, 14.1261453629, 21.0572242737, 30.0583744049, 18.9704532623, 45.1677246094, 20.0023841858, 11.1638383865, 14.99243927, 7.44855165482, 6.02653217316, 4.98600244522, 3.2508046627, 2.359770298, 2.25807952881, 1.2415958643, 1.20627915859, 1.03493225574, 0.885987758636, 1.0506632328, 0.836043894291, 0.532930731773, 0.373479753733, 0.169752970338, 0.0475809723139, 0.0111264269799, 0.00190302217379, 0.000201263930649, 5.81438980589e-05],
        "min": [2.2357065263e-22, 6.17272344177e-21, 1.26583570308e-20, 2.54176789678e-21, 2.51827431141e-20, 1.13573255197e-19, 3.17705959512e-19, 8.5984737081e-19, 6.50866237807e-19, 5.77343478132e-19, 1.26692885134e-18, 6.97137222008e-19, 1.84231051555e-18, 4.50143003955e-18, 6.79071194179e-18, 6.44008993247e-18, 4.45496110069e-18, 5.23110715099e-18, 4.8233753514e-18, 1.16660747675e-17, 7.63483900356e-18, 1.29640708683e-17, 1.20681242499e-17, 1.16105982454e-17, 1.72405334238e-17, 7.89373991784e-18, 1.51342735039e-17, 1.54400077301e-17, 1.55410858923e-17, 1.36216273429e-17, 1.68420805228e-17, 1.70431069183e-17, 1.92391093172e-17, 1.20147090618e-17, 7.12168344849e-18, 5.31269983302e-18, 2.85790426008e-18, 1.18959346113e-18, 4.02232340984e-19, 3.13673415252e-20],
        "var": [0.867105126381, 80.6095428467, 175.69770813, 36.8221168518, 44.3267059326, 112.663383484, 97.3637695312, 210.292724609, 413.639068604, 2802.29858398, 2093.04418945, 15061.1210938, 6709.03515625, 23147.9960938, 55594.4570312, 49129.3710938, 509788.6875, 33473.7929688, 6411.05029297, 8011.25488281, 670.210388184, 2612.15283203, 1302.78295898, 232.793792725, 216.727020264, 222.023406982, 70.0846633911, 100.188415527, 170.167892456, 174.61050415, 295.665283203, 475.104309082, 157.361968994, 148.624465942, 121.364280701, 2.76944327354, 0.394421815872, 0.0168258156627, 0.000213124556467, 1.33724000762e-07]
    },
    "gfcc": {
        "mean": [-29.6204490662, 97.7590789795, -121.736541748, -5.80474472046, -54.6654167175, 13.7074365616, -37.259677887, 0.317670226097, -24.3854179382, -4.80569076538, -14.501329422, -6.98498392105, -14.5887079239],
        "cov": [[21671.0234375, -5960.05908203, -1597.70690918, 1947.03381348, -601.901245117, 2696.33129883, 89.9665756226, 1492.09338379, -58.5055770874, 1105.51696777, -53.5305328369, 682.22857666, -139.375823975], [-5960.05908203, 4071.31665039, -319.617156982, -1234.62475586, 512.158081055, -1199.06738281, 132.808166504, -673.657165527, 157.723709106, -498.751342773, 122.216522217, -361.373809814, 38.6419334412], [-1597.70690918, -319.617156982, 2656.8737793, 965.626525879, 231.56729126, 605.079772949, 222.334625244, 471.029052734, 139.088043213, 299.532836914, -48.106967926, 108.27747345, 10.6138114929], [1947.03381348, -1234.62475586, 965.626525879, 1420.8692627, 100.942718506, 727.768432617, 202.109649658, 504.375823975, 122.960777283, 309.191345215, -19.0762252808, 168.281768799, 3.6422996521], [-601.901245117, 512.158081055, 231.56729126, 100.942718506, 529.629760742, 125.899703979, 183.589874268, 52.3627204895, 129.75402832, 37.6074752808, 90.9836044312, 23.9239864349, 5.44442939758], [2696.33129883, -1199.06738281, 605.079772949, 727.768432617, 125.899703979, 1018.29162598, 229.664901733, 481.595672607, 129.557998657, 364.761291504, 49.6062583923, 192.137420654, 7.47981595993], [89.9665756226, 132.808166504, 222.334625244, 202.109649658, 183.589874268, 229.664901733, 285.908325195, 173.940231323, 137.552947998, 87.8884811401, 60.4931983948, 40.2453460693, 19.4743289948], [1492.09338379, -673.657165527, 471.029052734, 504.375823975, 52.3627204895, 481.595672607, 173.940231323, 437.433807373, 145.197372437, 226.990631104, 8.58521080017, 104.820037842, 15.9313631058], [-58.5055770874, 157.723709106, 139.088043213, 122.960777283, 129.75402832, 129.557998657, 137.552947998, 145.197372437, 207.001113892, 101.11277771, 54.4851341248, 14.5272808075, 25.9128265381], [1105.51696777, -498.751342773, 299.532836914, 309.191345215, 37.6074752808, 364.761291504, 87.8884811401, 226.990631104, 101.11277771, 259.173156738, 47.6839904785, 83.5869369507, -11.5888023376], [-53.5305328369, 122.216522217, -48.106967926, -19.0762252808, 90.9836044312, 49.6062583923, 60.4931983948, 8.58521080017, 54.4851341248, 47.6839904785, 137.063491821, 46.3150215149, 2.68297672272], [682.22857666, -361.373809814, 108.27747345, 168.281768799, 23.9239864349, 192.137420654, 40.2453460693, 104.820037842, 14.5272808075, 83.5869369507, 46.3150215149, 148.028045654, 45.6729888916], [-139.375823975, 38.6419334412, 10.6138114929, 3.6422996521, 5.44442939758, 7.47981595993, 19.4743289948, 15.9313631058, 25.9128265381, -11.5888023376, 2.68297672272, 45.6729888916, 123.00743103]],
        "icov": [[0.000169049468241, -3.03969754896e-05, 0.000296927930322, -8.32903533592e-05, 6.27251065453e-05, -0.000311402080115, 0.00018206135428, -0.000484649266582, 0.000375936710043, -0.000321920175338, 0.000264539208729, -0.00029449275462, 0.000222096554353], [-3.03969754896e-05, 0.00109895854257, -0.000347545486875, 0.00044605275616, -0.000652350543533, 0.000770698126871, -0.00102131429594, 0.00102891551796, -0.00117989559658, 0.000713980174623, -0.000727463804651, 0.00132236909121, -0.000511759018991], [0.000296927930322, -0.000347545486875, 0.00115331227425, -0.000509833334945, 3.24627617374e-05, -0.000661952188239, 0.000511065823957, -0.00134675181471, 0.00115327700041, -0.00110569631215, 0.00100444850978, -0.000738390604965, 0.000398667209083], [-8.32903533592e-05, 0.00044605275616, -0.000509833334945, 0.00167868880089, -0.000355152413249, 6.49200374028e-05, -0.00054866168648, -0.000225838768529, -0.000506205600686, 0.000293854100164, 0.000175658526132, 4.82832219859e-05, 2.34471755789e-07], [6.27251065453e-05, -0.000652350543533, 3.24627617374e-05, -0.000355152413249, 0.00333452876657, -0.000943884777371, -0.000652518996503, 0.000303830485791, -0.000666368578095, 0.000425705133239, -0.000555946433451, -0.00112155731767, 0.00086652697064], [-0.000311402080115, 0.000770698126871, -0.000661952188239, 6.49200374028e-05, -0.000943884777371, 0.00416435301304, -0.00186887045857, -8.70406802278e-05, 2.82628229797e-06, -0.0015336915385, -0.000646933796816, 0.000327148183715, -0.000696501228958], [0.00018206135428, -0.00102131429594, 0.000511065823957, -0.00054866168648, -0.000652518996503, -0.00186887045857, 0.00826978869736, -0.00316897616722, -0.00105761678424, 0.000855988415424, -0.000881983025465, -0.000767401128542, 0.000350588787114], [-0.000484649266582, 0.00102891551796, -0.00134675181471, -0.000225838768529, 0.000303830485791, -8.70406802278e-05, -0.00316897616722, 0.010512390174, -0.00539140403271, -0.000310941279167, 0.00123898172751, -5.43511487194e-05, -0.000517820648383], [0.000375936710043, -0.00117989559658, 0.00115327700041, -0.000506205600686, -0.000666368578095, 2.82628229797e-06, -0.00105761678424, -0.00539140403271, 0.0133022824302, -0.00515786046162, -0.00138314871583, 0.00212017004378, -0.00243812939152], [-0.000321920175338, 0.000713980174623, -0.00110569631215, 0.000293854100164, 0.000425705133239, -0.0015336915385, 0.000855988415424, -0.000310941279167, -0.00515786046162, 0.012494337745, -0.00336057925597, -0.000504185270984, 0.00200100895017], [0.000264539208729, -0.000727463804651, 0.00100444850978, 0.000175658526132, -0.000555946433451, -0.000646933796816, -0.000881983025465, 0.00123898172751, -0.00138314871583, -0.00336057925597, 0.0132178924978, -0.00654026307166, 0.00259439228103], [-0.00029449275462, 0.00132236909121, -0.000738390604965, 4.82832219859e-05, -0.00112155731767, 0.000327148183715, -0.000767401128542, -5.43511487194e-05, 0.00212017004378, -0.000504185270984, -0.00654026307166, 0.0160648394376, -0.0068449312821], [0.000222096554353, -0.000511759018991, 0.000398667209083, 2.34471755789e-07, 0.00086652697064, -0.000696501228958, 0.000350588787114, -0.000517820648383, -0.00243812939152, 0.00200100895017, 0.00259439228103, -0.0068449312821, 0.0117102516815]]
    },
    "melbands": {
        "dmean": [0.00233039841987, 0.00206864136271, 0.000474955595564, 0.000266308430582, 0.000176220666617, 0.000118210191431, 0.000111187662696, 0.000215262291022, 0.000129792140797, 0.000199250949663, 0.000112992012873, 0.000165581848705, 0.000236214851611, 9.82767087407e-05, 0.000242758658715, 0.000211326099816, 5.68972463952e-05, 3.23294698319e-05, 2.9319224268e-05, 3.35943805112e-05, 9.82094206847e-06, 1.05217541204e-05, 1.75119021151e-05, 6.79698132444e-06, 5.21531546838e-06, 5.16446971233e-06, 4.24764220952e-06, 3.41883264809e-06, 2.72320039585e-06, 2.07155744647e-06, 2.36844198298e-06, 2.67330528914e-06, 2.28868952945e-06, 2.69872475656e-06, 3.4486572531e-06, 2.44162720264e-06, 3.35429035658e-06, 2.69865859082e-06, 2.07732750823e-06, 2.32138154388e-06],
        "dmean2": [0.00346538680606, 0.00322415167466, 0.000795360887423, 0.000454695749795, 0.000292237644317, 0.000200785187189, 0.000176755798748, 0.00035391462734, 0.00020376718021, 0.000308526010485, 0.000186377466889, 0.000275055528618, 0.000372025562683, 0.000169663646375, 0.000379780714866, 0.000323702173773, 9.22665130929e-05, 5.4325988458e-05, 4.94712985528e-05, 5.67792121728e-05, 1.68275546457e-05, 1.73570169864e-05, 2.85138685285e-05, 1.18587331599e-05, 9.13279109227e-06, 8.98373582459e-06, 7.36715628591e-06, 5.80647656534e-06, 4.87374654767e-06, 3.58568695447e-06, 3.93658137909e-06, 4.38174447481e-06, 3.7657575831e-06, 4.34849698649e-06, 5.47229319636e-06, 3.66137692254e-06, 5.30044144398e-06, 4.25160988016e-06, 3.22957475873e-06, 3.53603422809e-06],
        "dvar": [3.0752751627e-05, 2.42031419475e-05, 6.64410208628e-07, 1.89590480204e-07, 7.74114141677e-08, 4.26795594421e-08, 4.99942309773e-08, 1.50565199419e-07, 8.07071529607e-08, 2.31754953006e-07, 1.12645686556e-07, 2.89238158757e-07, 5.86385908719e-07, 2.03974209967e-07, 7.90363344549e-07, 4.75747214068e-07, 9.37554105462e-08, 9.61295221202e-09, 5.62941826487e-09, 6.80094203176e-09, 5.18899201385e-10, 7.44013017862e-10, 3.68363894943e-09, 2.67829147749e-10, 1.45607012558e-10, 1.1553647622e-10, 1.0014451074e-10, 6.30545615721e-11, 3.69249561483e-11, 1.99031624515e-11, 2.37634165817e-11, 5.07031257257e-11, 3.46716162725e-11, 5.76341786795e-11, 1.06144558421e-10, 4.38556344018e-11, 1.36122974004e-10, 6.61843913008e-11, 3.79002315642e-11, 8.46217609873e-11],
        "dvar2": [6.89511070959e-05, 5.55545011593e-05, 1.73755483956e-06, 5.20297305684e-07, 1.97847725758e-07, 1.16528632077e-07, 1.20520724067e-07, 3.82494391715e-07, 1.73330164444e-07, 4.6060424097e-07, 2.67486115035e-07, 6.84550400365e-07, 1.17719525861e-06, 5.15890008046e-07, 1.44956527492e-06, 8.62921240241e-07, 1.68849723536e-07, 2.20294182895e-08, 1.23558221432e-08, 1.53067674091e-08, 1.3345702321e-09, 1.60381719017e-09, 7.27516979993e-09, 6.90611345888e-10, 4.0236586285e-10, 3.13246428796e-10, 2.67827454659e-10, 1.6685598736e-10, 1.05047012755e-10, 5.23218621207e-11, 5.79100274678e-11, 1.22883023201e-10, 8.5676257755e-11, 1.35006922308e-10, 2.58492088845e-10, 8.73397257295e-11, 2.60229171545e-10, 1.49912735004e-10, 9.17702580594e-11, 1.41281167321e-10],
        "max": [0.0682367905974, 0.0629536658525, 0.0153852459043, 0.00666409311816, 0.00495251873508, 0.00403230125085, 0.00517258560285, 0.00976394023746, 0.00688812881708, 0.0101348236203, 0.00846061762422, 0.0143458452076, 0.0193284153938, 0.0135792735964, 0.0200658049434, 0.019861901179, 0.0182416066527, 0.00328479032032, 0.00273713981733, 0.00275115319528, 0.000591261254158, 0.00117291416973, 0.00313654821366, 0.000404816615628, 0.000271180644631, 0.000156172900461, 0.000247633521212, 0.000279158848571, 5.38664935448e-05, 5.12815240654e-05, 0.000116075570986, 0.00012936454732, 6.83204052621e-05, 0.000192416453501, 0.000178139991476, 0.000126635437482, 0.000523122085724, 0.000234690465732, 8.10671481304e-05, 0.000479423179058],
        "mean": [0.0046825776808, 0.00453448435292, 0.000737041060347, 0.000386850035284, 0.000294790515909, 0.00018776836805, 0.000201139133424, 0.000375207921024, 0.000248314900091, 0.000359633006155, 0.000171000516275, 0.00023122249695, 0.000349390465999, 0.000111034132715, 0.000393719674321, 0.000339202873874, 7.82135830377e-05, 4.38793977082e-05, 4.10176289733e-05, 4.53860229754e-05, 1.2672813682e-05, 1.46914935613e-05, 2.35791321757e-05, 8.58716612129e-06, 6.16952411292e-06, 6.2200215325e-06, 4.9491691243e-06, 4.42542841483e-06, 2.80847802969e-06, 2.73284490504e-06, 3.09440224555e-06, 3.33653156304e-06, 2.88380988422e-06, 3.20710546475e-06, 4.18491936216e-06, 3.59085925083e-06, 4.45893510914e-06, 3.44760087501e-06, 2.68610324383e-06, 3.2058992474e-06],
        "median": [1.19689530038e-05, 8.40067805257e-05, 0.000299776555039, 0.000191962230019, 0.000153394314111, 8.39756394271e-05, 9.18899313547e-05, 0.000170919243828, 0.000104555816506, 0.000116601884656, 5.70420706936e-05, 7.39671886549e-05, 0.000103861391835, 3.1679377571e-05, 6.8529152486e-05, 7.90296253399e-05, 2.44963630394e-05, 1.45422154674e-05, 1.55245361384e-05, 1.87867590284e-05, 5.10104973728e-06, 5.36206835022e-06, 5.64493893762e-06, 2.95315408039e-06, 1.92834363588e-06, 1.55587497375e-06, 1.46279944602e-06, 1.35241020871e-06, 6.47677381949e-07, 7.6618454159e-07, 5.78200513246e-07, 5.6172962104e-07, 4.63586474098e-07, 4.5631244916e-07, 6.31371904092e-07, 4.81306642541e-07, 5.03299304455e-07, 3.51149594735e-07, 3.30168433038e-07, 3.0203989354e-07],
        "min": [5.18073039907e-24, 7.8665343575e-24, 8.03201213187e-25, 4.74770216566e-24, 9.88273345806e-24, 1.95417570074e-23, 8.57760332227e-24, 7.97692597485e-24, 8.62410825036e-24, 5.57039573738e-24, 9.02634448163e-24, 1.78458354344e-23, 1.70092247786e-23, 2.52405812723e-23, 8.19332156521e-24, 1.05947119795e-23, 9.75549571607e-24, 7.05207254932e-24, 1.38620641972e-23, 1.22919107183e-23, 9.57208476675e-24, 1.26050159225e-23, 1.61863339916e-23, 7.94551037816e-24, 9.08450482959e-24, 1.46635626541e-23, 7.11201730065e-24, 4.82220771157e-24, 9.13739243125e-24, 8.4306614126e-24, 9.44324642598e-24, 9.27503919288e-24, 7.1016950557e-24, 7.62860444215e-24, 9.5829394928e-24, 1.02040727924e-23, 1.00857823108e-23, 1.44922567754e-23, 1.23162833648e-23, 8.84143864089e-24],
        "var": [8.88915892574e-05, 7.86753298598e-05, 1.15289617497e-06, 2.60145611719e-07, 1.47534606754e-07, 8.63560600806e-08, 1.08314630154e-07, 3.31812969989e-07, 1.99631472242e-07, 5.16297575359e-07, 1.6988811069e-07, 3.91554237922e-07, 1.05176195575e-06, 2.38614347836e-07, 1.8519618834e-06, 1.02043259176e-06, 1.58547493356e-07, 1.61637316864e-08, 8.68630856132e-09, 9.43940037246e-09, 6.9378180978e-10, 1.46803336154e-09, 7.73279662525e-09, 3.16900061748e-10, 1.67933417172e-10, 1.56427149012e-10, 1.05077425927e-10, 8.46953271405e-11, 3.21422680138e-11, 2.35068128157e-11, 3.98833813198e-11, 6.35399094451e-11, 4.23399197647e-11, 7.26158994047e-11, 1.20496085332e-10, 7.87097886867e-11, 2.86374174374e-10, 1.03895982095e-10, 4.97361943297e-11, 1.83073015081e-10]
    },
    "mfcc": {
        "mean": [-667.439086914, 133.915817261, -8.65481281281, -10.5450267792, -0.420103430748, 2.40250945091, -1.8021967411, -0.712583363056, -5.84870624542, -1.71586465836, -2.72560954094, -0.797955214977, -4.69655418396],
        "cov": [[11814.3144531, -2756.60009766, 148.701644897, -57.4125289917, 151.570678711, 613.070617676, 647.816833496, 663.713989258, 566.535644531, 590.944396973, 375.109771729, 399.177062988, 416.689544678], [-2756.60009766, 3077.25, -996.215332031, -438.584991455, -313.993804932, -387.642730713, -334.663879395, -281.543365479, -243.667282104, -227.185775757, -65.505859375, -101.095169067, -175.287918091], [148.701644897, -996.215332031, 1635.16247559, 494.061401367, 433.176239014, 396.480926514, 343.155303955, 262.760528564, 311.174194336, 277.69934082, 174.036132812, 115.395980835, 188.930587769], [-57.4125289917, -438.584991455, 494.061401367, 777.404846191, 292.761199951, 167.460205078, 160.946899414, 163.487319946, 166.244857788, 129.415969849, 77.5074310303, 52.6254348755, 92.8301696777], [151.570678711, -313.993804932, 433.176239014, 292.761199951, 437.638244629, 260.319854736, 201.298965454, 164.443603516, 154.262573242, 130.522079468, 112.375602722, 102.57006073, 100.097183228], [613.070617676, -387.642730713, 396.480926514, 167.460205078, 260.319854736, 391.378753662, 248.069503784, 192.609268188, 167.492767334, 153.421722412, 138.396362305, 124.847770691, 107.196495056], [647.816833496, -334.663879395, 343.155303955, 160.946899414, 201.298965454, 248.069503784, 287.958679199, 208.419418335, 158.210403442, 139.1849823, 118.926055908, 109.326515198, 111.571098328], [663.713989258, -281.543365479, 262.760528564, 163.487319946, 164.443603516, 192.609268188, 208.419418335, 271.00390625, 190.461776733, 141.281158447, 106.154533386, 103.023956299, 109.309555054], [566.535644531, -243.667282104, 311.174194336, 166.244857788, 154.262573242, 167.492767334, 158.210403442, 190.461776733, 267.803985596, 196.479263306, 93.4693984985, 65.7847518921, 110.156944275], [590.944396973, -227.185775757, 277.69934082, 129.415969849, 130.522079468, 153.421722412, 139.1849823, 141.281158447, 196.479263306, 250.567626953, 142.6043396, 75.0732650757, 78.6103134155], [375.109771729, -65.505859375, 174.036132812, 77.5074310303, 112.375602722, 138.396362305, 118.926055908, 106.154533386, 93.4693984985, 142.6043396, 215.334136963, 141.691619873, 42.9743080139], [399.177062988, -101.095169067, 115.395980835, 52.6254348755, 102.57006073, 124.847770691, 109.326515198, 103.023956299, 65.7847518921, 75.0732650757, 141.691619873, 197.160110474, 92.1449127197], [416.689544678, -175.287918091, 188.930587769, 92.8301696777, 100.097183228, 107.196495056, 111.571098328, 109.309555054, 110.156944275, 78.6103134155, 42.9743080139, 92.1449127197, 183.085342407]],
