{
"lowlevel": {
    "average_loudness": 0.197115331888,
    "barkbands_crest": {
        "dmean": 1.96675825119,
        "dmean2": 2.95486283302,
        "dvar": 3.11529541016,
        "dvar2": 6.94068717957,
        "max": 26.6115036011,
        "mean": 11.2724018097,
        "median": 10.5187616348,
        "min": 2.26771903038,
        "var": 17.8198547363
    },
    "barkbands_flatness_db": {
        "dmean": 0.0170586388558,
        "dmean2": 0.0257619116455,
        "dvar": 0.000261110661086,
        "dvar2": 0.00061718939105,
        "max": 0.610462129116,
        "mean": 0.262329488993,
        "median": 0.250875532627,
        "min": 0.0127850491554,
        "var": 0.00865374784917
    },
    "barkbands_kurtosis": {
        "dmean": 2.10511398315,
        "dmean2": 3.13269138336,
        "dvar": 19.5235614777,
        "dvar2": 40.261390686,
        "max": 200.800460815,
        "mean": 4.01455163956,
        "median": 2.10284757614,
        "min": -1.80109727383,
        "var": 69.9641799927
    },
    "barkbands_skewness": {
        "dmean": 0.4098931849,
        "dmean2": 0.599884986877,
        "dvar": 0.177994906902,
        "dvar2": 0.386950105429,
        "max": 11.4065351486,
        "mean": 1.02015757561,
        "median": 0.916014909744,
        "min": -3.31805586815,
        "var": 1.36636006832
    },
    "barkbands_spread": {
        "dmean": 1.98355364799,
        "dmean2": 2.98145675659,
        "dvar": 4.68854665756,
        "dvar2": 10.8303194046,
        "max": 84.3842697144,
        "mean": 10.1046361923,
        "median": 8.82769393921,
        "min": 0.118208989501,
        "var": 41.2773170471
    },
    "dissonance": {
        "dmean": 0.0337847992778,
        "dmean2": 0.0560663901269,
        "dvar": 0.000932467752136,
        "dvar2": 0.00254345941357,
        "max": 0.500000059605,
        "mean": 0.394030034542,
        "median": 0.406504452229,
        "min": 0.106110401452,
        "var": 0.00442096963525
    },
    "dynamic_complexity": 5.15994739532,
    "erbbands_crest": {
        "dmean": 2.59384965897,
        "dmean2": 3.87478160858,
        "dvar": 5.58056974411,
        "dvar2": 12.4605207443,
        "max": 32.1309165955,
        "mean": 12.7374897003,
        "median": 11.8988437653,
        "min": 2.54446077347,
        "var": 25.715587616
    },
    "erbbands_flatness_db": {
        "dmean": 0.0150283249095,
        "dmean2": 0.0211666543037,
        "dvar": 0.000186264747754,
        "dvar2": 0.000373663293431,
        "max": 0.542608380318,
        "mean": 0.279639422894,
        "median": 0.273213922977,
        "min": 0.0457949116826,
        "var": 0.0046749250032
    },
    "erbbands_kurtosis": {
        "dmean": 1.67776119709,
        "dmean2": 2.44913005829,
        "dvar": 9.79211711884,
        "dvar2": 19.7483100891,
        "max": 99.1173858643,
        "mean": 2.60700917244,
        "median": 0.831052422523,
        "min": -1.83113908768,
        "var": 38.6953277588
    },
    "erbbands_skewness": {
        "dmean": 0.399397879839,
        "dmean2": 0.566518127918,
        "dvar": 0.143483117223,
        "dvar2": 0.297536313534,
        "max": 7.52075004578,
        "mean": 0.734145104885,
        "median": 0.679338574409,
        "min": -5.51874685287,
        "var": 1.16101300716
    },
    "erbbands_spread": {
        "dmean": 3.59216117859,
        "dmean2": 5.35738277435,
        "dvar": 14.0961370468,
        "dvar2": 34.5684394836,
        "max": 76.0852661133,
        "mean": 17.4577026367,
        "median": 16.0529212952,
        "min": 0.417942523956,
        "var": 87.7658081055
    },
    "hfc": {
        "dmean": 2.7481572628,
        "dmean2": 3.80096507072,
        "dvar": 17.8241634369,
        "dvar2": 36.5804252625,
        "max": 96.997428894,
        "mean": 11.9627952576,
        "median": 7.0021982193,
        "min": 1.04524937717e-16,
        "var": 165.774078369
    },
    "melbands_crest": {
        "dmean": 2.58797693253,
        "dmean2": 3.88071107864,
        "dvar": 5.92459917068,
        "dvar2": 13.5335416794,
        "max": 37.2855682373,
        "mean": 15.1067304611,
        "median": 14.0143013,
        "min": 1.0003592968,
        "var": 41.0402984619
    },
    "melbands_flatness_db": {
        "dmean": 0.0178191866726,
        "dmean2": 0.0260364897549,
        "dvar": 0.000321663246723,
        "dvar2": 0.000688975909725,
        "max": 0.768263757229,
        "mean": 0.345427513123,
        "median": 0.333198308945,
        "min": 1.20801288972e-07,
        "var": 0.013453328982
    },
    "melbands_kurtosis": {
        "dmean": 2.819272995,
        "dmean2": 4.23466825485,
        "dvar": 23.1633033752,
        "dvar2": 55.5613059998,
        "max": 165.470611572,
        "mean": 5.97673606873,
        "median": 3.26171827316,
        "min": -1.85599529743,
        "var": 79.3344268799
    },
    "melbands_skewness": {
        "dmean": 0.444772541523,
        "dmean2": 0.641519069672,
        "dvar": 0.198131650686,
        "dvar2": 0.439445883036,
        "max": 11.6683855057,
        "mean": 1.45356345177,
        "median": 1.27060210705,
        "min": -2.31966423988,
        "var": 1.31727230549
    },
    "melbands_spread": {
        "dmean": 2.95499515533,
        "dmean2": 4.44575405121,
        "dvar": 15.4594621658,
        "dvar2": 36.9887657166,
        "max": 164.031997681,
        "mean": 15.9942073822,
        "median": 11.3543567657,
        "min": 0.357412576675,
        "var": 467.792144775
    },
    "pitch_salience": {
        "dmean": 0.0538247041404,
        "dmean2": 0.0832686424255,
        "dvar": 0.00231697666459,
        "dvar2": 0.00550598464906,
        "max": 0.99609798193,
        "mean": 0.487774610519,
        "median": 0.486362397671,
        "min": 0.0742480456829,
        "var": 0.0142965940759
    },
    "silence_rate_20dB": {
        "dmean": 0,
        "dmean2": 0,
        "dvar": 0,
        "dvar2": 0,
        "max": 1,
        "mean": 1,
        "median": 1,
        "min": 1,
        "var": 0
    },
    "silence_rate_30dB": {
        "dmean": 0.0126288421452,
        "dmean2": 0.0252600293607,
        "dvar": 0.0124692060053,
        "dvar2": 0.0285238344222,
        "max": 1,
        "mean": 0.967316627502,
        "median": 1,
        "min": 0,
        "var": 0.0316150486469
    },
    "silence_rate_60dB": {
        "dmean": 0.0274863038212,
        "dmean2": 0.0549777112901,
        "dvar": 0.0267365686595,
        "dvar2": 0.0577223710716,
        "max": 1,
        "mean": 0.149489328265,
        "median": 0,
        "min": 0,
        "var": 0.127137482166
    },
    "spectral_centroid": {
        "dmean": 105.504386902,
        "dmean2": 161.21131897,
        "dvar": 34947.1367188,
        "dvar2": 71616.7734375,
        "max": 11854.5976562,
        "mean": 1013.86444092,
        "median": 687.865112305,
        "min": 205.638290405,
        "var": 3102548
    },
    "spectral_complexity": {
        "dmean": 1.30671370029,
        "dmean2": 2.14227342606,
        "dvar": 1.79241466522,
        "dvar2": 4.32644939423,
        "max": 31,
        "mean": 10.7260913849,
        "median": 10,
        "min": 0,
        "var": 38.0968093872
    },
    "spectral_decrease": {
        "dmean": 1.53717427676e-09,
        "dmean2": 2.17300843985e-09,
        "dvar": 8.41883582505e-18,
        "dvar2": 1.78732273308e-17,
        "max": 1.36049523123e-19,
        "mean": -6.63440857807e-09,
        "median": -4.00956690072e-09,
        "min": -9.2636049942e-08,
        "var": 6.90813999048e-17
    },
    "spectral_energy": {
        "dmean": 0.00601036520675,
        "dmean2": 0.00847651716322,
        "dvar": 0.000124236641568,
        "dvar2": 0.000262907968136,
        "max": 0.351584792137,
        "mean": 0.0261248312891,
        "median": 0.0159536004066,
        "min": 9.8907108676e-21,
        "var": 0.0010370593518
    },
    "spectral_energyband_high": {
        "dmean": 1.24293510453e-05,
        "dmean2": 1.96295586647e-05,
        "dvar": 8.52051096345e-10,
        "dvar2": 1.95291049998e-09,
        "max": 0.000815319013782,
        "mean": 3.12298325298e-05,
        "median": 1.02340027297e-05,
        "min": 6.955706841e-21,
        "var": 3.12928061241e-09
    },
    "spectral_energyband_low": {
        "dmean": 0.00278821005486,
        "dmean2": 0.00423271162435,
        "dvar": 7.07991566742e-05,
        "dvar2": 0.000153191824211,
        "max": 0.31212413311,
        "mean": 0.00849668309093,
        "median": 0.00160897732712,
        "min": 1.19956918707e-23,
        "var": 0.000450063671451
    },
    "spectral_energyband_middle_high": {
        "dmean": 0.00153278245125,
        "dmean2": 0.00212973216549,
        "dvar": 7.7549384514e-06,
        "dvar2": 1.52461279868e-05,
        "max": 0.0651317983866,
        "mean": 0.00446803541854,
        "median": 0.00169502384961,
        "min": 1.08470944261e-21,
        "var": 4.12042609241e-05
    },
    "spectral_energyband_middle_low": {
        "dmean": 0.00347730494104,
        "dmean2": 0.00468687806278,
        "dvar": 3.40926526405e-05,
        "dvar2": 6.69302462484e-05,
        "max": 0.1746737957,
        "mean": 0.013265458867,
        "median": 0.00880688242614,
        "min": 1.48456756117e-22,
        "var": 0.000217881824938
    },
    "spectral_entropy": {
        "dmean": 0.124420829117,
        "dmean2": 0.177199110389,
        "dvar": 0.0174056161195,
        "dvar2": 0.0365990921855,
        "max": 9.82700824738,
        "mean": 6.22310400009,
        "median": 6.27198553085,
        "min": 3.3731713295,
        "var": 0.792286813259
    },
    "spectral_flux": {
        "dmean": 0.0145733086392,
        "dmean2": 0.0244489070028,
        "dvar": 0.000280989013845,
        "dvar2": 0.000734662346076,
        "max": 0.338124513626,
        "mean": 0.050473485142,
        "median": 0.0447163805366,
        "min": 6.31327282119e-11,
        "var": 0.00138728250749
    },
    "spectral_kurtosis": {
        "dmean": 11.7031002045,
        "dmean2": 19.8650741577,
        "dvar": 274.617553711,
        "dvar2": 745.503967285,
        "max": 603.780578613,
        "mean": 30.0604801178,
        "median": 17.9284667969,
        "min": -1.27019524574,
        "var": 1366.13818359
    },
    "spectral_rms": {
        "dmean": 0.000499436515383,
        "dmean2": 0.000684484664816,
        "dvar": 3.65975211025e-07,
        "dvar2": 7.4656486504e-07,
        "max": 0.0185205172747,
        "mean": 0.00428246799856,
        "median": 0.00394518580288,
        "min": 3.10636022113e-12,
        "var": 7.14805173629e-06
    },
    "spectral_rolloff": {
        "dmean": 141.191268921,
        "dmean2": 245.136001587,
        "dvar": 97267.640625,
        "dvar2": 200065.5,
        "max": 20413.4765625,
        "mean": 1312.06494141,
        "median": 689.0625,
        "min": 43.06640625,
        "var": 9645060
    },
    "spectral_skewness": {
        "dmean": 0.734580755234,
        "dmean2": 1.25229394436,
        "dvar": 0.605959415436,
        "dvar2": 1.66798472404,
        "max": 19.7190189362,
        "mean": 3.47189855576,
        "median": 2.90257167816,
        "min": -0.0887205600739,
        "var": 4.02792930603
    },
    "spectral_spread": {
        "dmean": 272200.5,
        "dmean2": 459005.8125,
        "dvar": 433316397056,
        "dvar2": 917971271680,
        "max": 42993200,
        "mean": 3018678,
        "median": 1917797.75,
        "min": 215754.421875,
        "var": 4.31089181e+13
    },
    "spectral_strongpeak": {
        "dmean": 0.501350700855,
        "dmean2": 0.818331778049,
        "dvar": 0.706655979156,
        "dvar2": 1.75319778919,
        "max": 11.0629901886,
        "mean": 1.21843349934,
        "median": 0.704762220383,
        "min": 0,
        "var": 1.83284950256
    },
    "zerocrossingrate": {
        "dmean": 0.00361076020636,
        "dmean2": 0.00465563125908,
        "dvar": 3.36971243087e-05,
        "dvar2": 6.50680012768e-05,
        "max": 0.52978515625,
        "mean": 0.0441568568349,
        "median": 0.0283203125,
        "min": 0.00244140625,
        "var": 0.00697390269488
    },
    "barkbands": {
        "dmean": [0.00113694742322, 0.00186980096623, 0.000559541920666, 0.00041715183761, 0.00119165447541, 0.000834889127873, 0.000872320728377, 0.00133466313127, 0.000591589894611, 0.000500921043567, 0.00055891420925, 0.000397636933485, 0.000300709245494, 0.000267026072834, 0.000141988915857, 0.00012244930258, 0.000108528540295, 4.68611578981e-05, 2.27421805903e-05, 2.90022071567e-05, 4.0360228013e-06, 2.21112713916e-06, 1.04062507944e-06, 7.33776175821e-07, 2.85503460873e-07, 7.50485043e-08, 1.4150248262e-07],
        "dmean2": [0.00192905671429, 0.00285911979154, 0.000892990850843, 0.000651471549645, 0.00162795605138, 0.00117875123397, 0.00127392529976, 0.00180762808304, 0.000721111660823, 0.000629857764579, 0.00076947780326, 0.000577886356041, 0.000447488302598, 0.000417990144342, 0.00023198267445, 0.000198928537429, 0.000178997768671, 7.71102131694e-05, 3.74650007871e-05, 4.51272790087e-05, 6.49183311907e-06, 3.65233518096e-06, 1.67317682553e-06, 1.21995037716e-06, 4.55584739711e-07, 1.02644563071e-07, 1.88009821045e-07],
        "dvar": [1.7203961761e-05, 3.26712724927e-05, 6.23494861429e-06, 1.90347179796e-06, 8.79366325535e-06, 2.94688516078e-06, 4.77383673569e-06, 9.47082753555e-06, 2.28073463404e-06, 2.7382980079e-06, 2.3871623398e-06, 1.37850634019e-06, 8.98109135505e-07, 6.69935900532e-07, 4.24388105102e-07, 1.73875903897e-07, 1.25888973912e-07, 2.82805228125e-08, 2.66579602837e-09, 8.33543634116e-09, 1.35846223159e-10, 4.28149252163e-11, 8.9548238616e-12, 9.07710104997e-12, 1.41557924237e-12, 3.65688009659e-14, 2.59218373762e-13],
        "dvar2": [4.85387281515e-05, 7.37299633329e-05, 1.78069276444e-05, 4.77157391288e-06, 1.56278038048e-05, 6.63302625981e-06, 1.01010127764e-05, 1.78484988282e-05, 3.31080809701e-06, 4.12299186792e-06, 4.70097802463e-06, 2.95934319183e-06, 1.96085215975e-06, 1.6237914906e-06, 1.140391646e-06, 4.52502462167e-07, 3.40165058788e-07, 7.40416723488e-08, 6.77190703513e-09, 1.95217211285e-08, 3.4232267021e-10, 1.09535450155e-10, 2.20803392931e-11, 2.50680379232e-11, 3.83339930979e-12, 6.892589662e-14, 5.44866398094e-13],
        "max": [0.15771266818, 0.201327621937, 0.102948471904, 0.0508982464671, 0.109324023128, 0.0617507472634, 0.104994893074, 0.0882524251938, 0.042174808681, 0.0507971942425, 0.0510498397052, 0.0410428792238, 0.0296862479299, 0.0203553028405, 0.0238160453737, 0.0181962866336, 0.0120843080804, 0.00664092320949, 0.00131694530137, 0.00250096316449, 0.000357552198693, 0.000186718840268, 8.60523796291e-05, 8.27823678264e-05, 2.75529164355e-05, 5.45394368601e-06, 1.62844353326e-05],
        "mean": [0.00277411798015, 0.00474197743461, 0.00105887639802, 0.000762998708524, 0.00296685099602, 0.00211033830419, 0.00237655150704, 0.00314699835144, 0.00151794613339, 0.00117084407248, 0.0010055846069, 0.000740823743399, 0.000532567675691, 0.000462985859485, 0.000217368040467, 0.000184486852959, 0.000167168589542, 7.63246644055e-05, 4.128564251e-05, 5.19702152815e-05, 7.90533886175e-06, 4.4964076551e-06, 1.99247369892e-06, 1.26446343529e-06, 5.8246359913e-07, 2.01564390068e-07, 3.62748636462e-07],
        "median": [8.75791592989e-05, 0.000703206693288, 0.000133437832119, 0.000152858119691, 0.00130951008759, 0.00104459933937, 0.000588590453845, 0.000882427790202, 0.000243179267272, 0.000189203332411, 0.00012859160779, 8.41104920255e-05, 5.92550859437e-05, 5.596842675e-05, 1.45196208905e-05, 2.31223202718e-05, 1.49823727043e-05, 1.19006508612e-05, 8.89334569365e-06, 6.70247845846e-06, 1.69177292264e-06, 1.06929905996e-06, 6.48181810448e-07, 3.55781452299e-07, 5.09016189199e-08, 8.11771427855e-10, 1.18782372827e-09],
        "min": [1.86438104441e-25, 9.84294094741e-25, 3.17025054008e-25, 1.10074495271e-24, 6.46417356527e-24, 3.13598873324e-24, 7.38672470026e-24, 2.70367461616e-24, 1.2475937768e-23, 1.23993945944e-23, 1.15660750662e-23, 2.19080162901e-23, 1.49345489969e-23, 3.0236262258e-23, 3.27263143271e-23, 3.1431661053e-23, 5.7824772841e-23, 7.22369965222e-23, 1.01690872845e-22, 1.38958984414e-22, 2.15616612299e-22, 2.431169093e-22, 3.6302096486e-22, 5.3206070496e-22, 8.126479519e-22, 1.14774833991e-21, 1.75130190575e-21],
        "var": [8.93985488801e-05, 0.000143445926369, 1.27071016323e-05, 3.77893456971e-06, 3.51705311914e-05, 1.20033710118e-05, 3.18106685882e-05, 4.16538205172e-05, 1.31762253659e-05, 1.24787475215e-05, 5.93307049712e-06, 3.29789168063e-06, 2.25889607464e-06, 1.51743199694e-06, 7.49556363644e-07, 2.82844126787e-07, 2.05955430488e-07, 5.35023190196e-08, 6.23352924833e-09, 1.92740987615e-08, 2.64853278198e-10, 1.10525887054e-10, 1.78993764255e-11, 9.07139814654e-12, 2.53529163809e-12, 1.69480233883e-13, 6.59070725512e-13]
    },
    "erbbands": {
        "dmean": [0.10774949193, 0.245205372572, 0.552668511868, 1.03436875343, 2.45218276978, 4.13083171844, 6.10675096512, 7.58454179764, 12.3946800232, 26.1214199066, 17.9641933441, 14.0976600647, 14.649348259, 16.3334999084, 17.7983856201, 16.2143344879, 15.2158346176, 12.50116539, 8.48712158203, 6.78170537949, 5.77294969559, 5.79956769943, 3.0387377739, 1.43032205105, 1.49780809879, 0.872309446335, 0.231597796082, 0.150300547481, 0.0950749069452, 0.0489256083965, 0.0289283525199, 0.0161692872643, 0.0125338174403, 0.00432619592175, 0.00125887594186, 0.000492808409035, 8.99258884601e-05, 0.000118289921375, 2.19374596782e-05, 7.24401797925e-06],
        "dmean2": [0.164572089911, 0.371128588915, 0.869297325611, 1.62122488022, 3.46635937691, 5.72804832458, 8.44965076447, 10.4879341125, 17.2976913452, 36.0059776306, 24.4009189606, 17.0252399445, 18.2145023346, 21.3123817444, 25.3077201843, 23.3999538422, 22.7646274567, 19.4525585175, 13.4888772964, 11.0606031418, 9.41988658905, 9.5991230011, 5.0026550293, 2.38961482048, 2.3918504715, 1.33421623707, 0.369680225849, 0.241366401315, 0.158010229468, 0.07900518924, 0.0465959943831, 0.0264804922044, 0.0212336983532, 0.00703769829124, 0.00185129337478, 0.000691194960382, 0.000120021315524, 0.000172465515789, 2.89362615149e-05, 1.0138171092e-05],
        "dvar": [0.130048677325, 0.566300868988, 5.26605415344, 14.7498779297, 62.385219574, 110.444480896, 175.514434814, 323.324707031, 989.425415039, 3921.95996094, 1727.12231445, 1436.04443359, 1986.82873535, 2930.98217773, 2500.03759766, 1959.31750488, 1875.74023438, 1273.38366699, 674.442626953, 474.255554199, 606.042907715, 295.141387939, 128.776168823, 11.462641716, 21.2945327759, 5.04897069931, 0.35175999999, 0.141660064459, 0.111695572734, 0.0155284926295, 0.0106603316963, 0.002533106599, 0.00400872435421, 0.00034728841274, 1.95245302166e-05, 1.69693282714e-06, 5.21416154697e-08, 3.57703896725e-07, 4.35422231604e-09, 1.66222952069e-10],
        "dvar2": [0.289083003998, 1.30102443695, 13.4404659271, 40.2492828369, 106.844306946, 209.875228882, 372.35244751, 709.941833496, 1874.63354492, 8205.15917969, 3224.21704102, 2046.18725586, 3085.51391602, 5683.94628906, 4925.66943359, 4211.03417969, 4189.8984375, 3132.54760742, 1645.09509277, 1286.55371094, 1644.42370605, 801.095092773, 334.115356445, 31.9085140228, 51.0179748535, 10.3987464905, 0.850749790668, 0.345670521259, 0.283445417881, 0.0414056628942, 0.0260466970503, 0.00684782164171, 0.0111558325589, 0.000927240238525, 4.62759999209e-05, 3.48809408024e-06, 9.26474186258e-08, 8.4935356881e-07, 7.86370257799e-09, 3.50085349599e-10],
        "max": [13.0900993347, 20.7124786377, 88.1231842041, 173.130691528, 464.43447876, 443.927520752, 468.840698242, 783.572692871, 1829.95153809, 1615.18688965, 1353.93676758, 1199.66674805, 1731.19384766, 2007.2199707, 1258.87072754, 905.579772949, 1211.83935547, 1059.78796387, 563.908691406, 739.512695312, 1243.88134766, 612.848510742, 471.37286377, 76.1766052246, 120.857170105, 58.3423614502, 16.3973445892, 12.1646156311, 10.1939630508, 3.66556358337, 3.74199604988, 1.16414129734, 1.80640554428, 0.449460566044, 0.161611869931, 0.0373297221959, 0.00728010619059, 0.0219191387296, 0.00285671278834, 0.000382883852581],
        "mean": [0.261878848076, 0.59847009182, 1.18788683414, 2.05237936974, 5.32532787323, 9.69842243195, 14.6288747787, 20.1792602539, 34.8508834839, 62.7838363647, 43.2082633972, 37.2988891602, 36.7612342834, 34.921081543, 32.7556419373, 31.5534973145, 28.3776264191, 23.6559524536, 15.1053342819, 11.3469362259, 9.41731834412, 9.29155540466, 5.14312648773, 2.63815402985, 2.73385810852, 1.72621285915, 0.503076016903, 0.314817070961, 0.189508616924, 0.0981707945466, 0.0563106685877, 0.0299502294511, 0.0198593139648, 0.0083076255396, 0.00315787200816, 0.00127370818518, 0.00025907921372, 0.000224297706154, 6.37403209112e-05, 3.38426252711e-05],
        "median": [0.0246367733926, 0.113590911031, 0.198044896126, 0.477058261633, 1.36154484749, 3.84064054489, 6.41659784317, 9.17312812805, 10.2636480331, 17.5241394043, 14.115146637, 6.91985940933, 6.9598326683, 5.21909666061, 6.46759033203, 4.56771564484, 4.06341838837, 4.08889913559, 2.20766854286, 2.06399536133, 1.5335495472, 1.26603257656, 1.18949890137, 0.630863785744, 0.378666877747, 0.294876933098, 0.143761605024, 0.0693816319108, 0.0409332662821, 0.0351275205612, 0.0144676100463, 0.0112399514765, 0.00448520760983, 0.00119829480536, 7.22203840269e-05, 1.74071847141e-05, 8.61767875904e-06, 1.9729413907e-06, 1.06344978121e-05, 1.99214518943e-05],
        "min": [2.4400599025e-23, 2.19038552066e-22, 5.46964445783e-22, 2.6065844448e-21, 1.40498872708e-20, 1.5649820981e-20, 2.54626193513e-20, 4.63289773171e-20, 8.69512614376e-20, 1.18756872978e-19, 1.33277110978e-19, 2.41073698668e-19, 3.06964011132e-19, 7.26136468224e-19, 7.01020369695e-19, 1.02381519603e-18, 1.03579535624e-18, 1.75923531907e-18, 2.18315731799e-18, 2.19598730288e-18, 3.26741098247e-18, 3.80624346452e-18, 4.42788168897e-18, 4.54713300916e-18, 3.49588447151e-18, 6.71921458555e-18, 8.75478365031e-18, 8.20237423927e-18, 8.35216920358e-18, 1.03044262914e-17, 1.1379015798e-17, 1.05121942089e-17, 9.62944856593e-18, 7.28145503816e-18, 5.32016265651e-18, 3.72056451026e-18, 2.15091940118e-18, 8.63732379653e-19, 2.10305358691e-19, 2.58986582408e-20],
        "var": [0.619363844395, 1.94741272926, 14.2132606506, 29.2033348083, 192.521331787, 459.745635986, 654.817382812, 1502.96862793, 7232.85400391, 15582.8222656, 7013.21289062, 8396.86621094, 8924.11425781, 8597.50390625, 6140.13476562, 5196.31640625, 4722.27246094, 3004.7253418, 1501.60656738, 858.943664551, 926.00604248, 524.340698242, 238.390136719, 23.2089099884, 49.0545768738, 15.1909198761, 0.885159254074, 0.395193934441, 0.280566930771, 0.0296640377492, 0.0216909032315, 0.00329827261157, 0.00334805529565, 0.000601475127041, 7.09441083018e-05, 7.33477008907e-06, 2.60659021478e-07, 4.55375442243e-07, 1.49932724014e-08, 1.56593482625e-09]
    },
    "gfcc": {
        "mean": [-163.157730103, 175.608795166, -127.274734497, 2.44412565231, -48.4124565125, -12.2853460312, -20.3855628967, -8.87916278839, -1.9688655138, -8.61639213562, 5.92267465591, -7.50988340378, -1.32461118698],
        "cov": [[49331.3164062, 4004.84936523, -6089.99072266, 560.539794922, -1077.61413574, -399.78237915, -1207.80969238, 121.696022034, -414.373016357, 175.467575073, -289.002960205, -121.709999084, -125.232208252], [4004.84936523, 2493.05493164, -185.187866211, 104.562416077, 53.7267951965, -159.542877197, 7.26086807251, -300.545257568, 136.62260437, -262.477630615, 240.412734985, -25.3416423798, 156.278305054], [-6089.99072266, -185.187866211, 1451.79077148, 90.9132919312, 412.676116943, 166.722351074, 217.743453979, 27.0462589264, 30.4699897766, 31.1690406799, 47.946647644, 104.646430969, 49.53332901], [560.539794922, 104.562416077, 90.9132919312, 574.135742188, 51.1520462036, -3.4499437809, 46.6570892334, -8.4479970932, 101.126625061, -55.1896934509, 31.2542476654, -69.5122070312, 42.9575271606], [-1077.61413574, 53.7267951965, 412.676116943, 51.1520462036, 662.139038086, 169.284484863, 124.450492859, 111.190513611, -70.8145599365, 115.041511536, 8.23096370697, 134.119613647, 49.7961959839], [-399.78237915, -159.542877197, 166.722351074, -3.4499437809, 169.284484863, 341.274353027, 140.126037598, 104.260795593, -12.7237920761, 63.4261894226, -20.3356742859, 36.6779937744, -14.8971538544], [-1207.80969238, 7.26086807251, 217.743453979, 46.6570892334, 124.450492859, 140.126037598, 308.100128174, 109.833320618, -4.09421825409, 35.4982948303, 28.4161834717, 46.3799743652, 1.54163098335], [121.696022034, -300.545257568, 27.0462589264, -8.4479970932, 111.190513611, 104.260795593, 109.833320618, 341.44744873, -15.149312973, 94.4172286987, 0.248360186815, 21.6610374451, -7.04889631271], [-414.373016357, 136.62260437, 30.4699897766, 101.126625061, -70.8145599365, -12.7237920761, -4.09421825409, -15.149312973, 287.362121582, -8.54868888855, 10.4961328506, -35.0520515442, -10.023557663], [175.467575073, -262.477630615, 31.1690406799, -55.1896934509, 115.041511536, 63.4261894226, 35.4982948303, 94.4172286987, -8.54868888855, 248.540527344, 2.12515068054, 38.1784057617, -40.0669937134], [-289.002960205, 240.412734985, 47.946647644, 31.2542476654, 8.23096370697, -20.3356742859, 28.4161834717, 0.248360186815, 10.4961328506, 2.12515068054, 207.316955566, 20.7079257965, 31.3896636963], [-121.709999084, -25.3416423798, 104.646430969, -69.5122070312, 134.119613647, 36.6779937744, 46.3799743652, 21.6610374451, -35.0520515442, 38.1784057617, 20.7079257965, 205.632110596, 40.4518318176], [-125.232208252, 156.278305054, 49.53332901, 42.9575271606, 49.7961959839, -14.8971538544, 1.54163098335, -7.04889631271, -10.023557663, -40.0669937134, 31.3896636963, 40.4518318176, 194.966156006]],
        "icov": [[0.000140182411997, -0.000394012196921, 0.000459690665593, -0.000443193508545, 0.000254345155554, -0.000273977901088, 0.000564836896956, -0.000427670456702, 0.000449606362963, -0.000519502616953, 0.000495755113661, -0.000467737438157, 0.000214489075006], [-0.000394012196921, 0.00180184177589, -0.00104225554969, 0.00139332725666, -0.00119201373309, 0.000959160679486, -0.0019530110294, 0.00179541949183, -0.00168869120535, 0.00209685973823, -0.00215475913137, 0.00156799249817, -0.000915795273613], [0.000459690665593, -0.00104225554969, 0.00252941343933, -0.00140440429095, 0.00012969711679, -0.000932479568291, 0.0012410399504, -0.000945730891544, 0.00109211530071, -0.00134763226379, 0.00123797764536, -0.00151195772924, 0.000542726193089], [-0.000443193508545, 0.00139332725666, -0.00140440429095, 0.00359102035873, -0.00135977740865, 0.00105851085391, -0.00228215404786, 0.00154218648095, -0.00225196639076, 0.00221427786164, -0.0019602982793, 0.00252755754627, -0.00120349321514], [0.000254345155554, -0.00119201373309, 0.00012969711679, -0.00135977740865, 0.00332861603238, -0.00128777744249, 0.00135817576665, -0.00149103824515, 0.00172862666659, -0.00219564349391, 0.00158547016326, -0.00210774340667, 0.00019200607494], [-0.000273977901088, 0.000959160679486, -0.000932479568291, 0.00105851085391, -0.00128777744249, 0.00472123175859, -0.00262588984333, 0.000494083447848, -0.00107165414374, 0.000906059460249, -0.000595458317548, 0.00107667269185, -0.000209265432204], [0.000564836896956, -0.0019530110294, 0.0012410399504, -0.00228215404786, 0.00135817576665, -0.00262588984333, 0.00725914398208, -0.00313838361762, 0.0021568404045, -0.00224253814667, 0.00178941548802, -0.00268887798302, 0.00131723831873], [-0.000427670456702, 0.00179541949183, -0.000945730891544, 0.00154218648095, -0.00149103824515, 0.000494083447848, -0.00313838361762, 0.00561687210575, -0.00170361017808, 0.00102435972076, -0.0021099767182, 0.00192010821775, -0.00110265682451], [0.000449606362963, -0.00168869120535, 0.00109211530071, -0.00225196639076, 0.00172862666659, -0.00107165414374, 0.0021568404045, -0.00170361017808, 0.00564001128078, -0.0023433023598, 0.00193201517686, -0.0015109347878, 0.0010699047707], [-0.000519502616953, 0.00209685973823, -0.00134763226379, 0.00221427786164, -0.00219564349391, 0.000906059460249, -0.00224253814667, 0.00102435972076, -0.0023433023598, 0.00772060127929, -0.00282493489794, 0.00147783569992, 0.000139185634907], [0.000495755113661, -0.00215475913137, 0.00123797764536, -0.0019602982793, 0.00158547016326, -0.000595458317548, 0.00178941548802, -0.0021099767182, 0.00193201517686, -0.00282493489794, 0.00776909198612, -0.00237800646573, 0.00038348682574], [-0.000467737438157, 0.00156799249817, -0.00151195772924, 0.00252755754627, -0.00210774340667, 0.00107667269185, -0.00268887798302, 0.00192010821775, -0.0015109347878, 0.00147783569992, -0.00237800646573, 0.00810936558992, -0.00209243409336], [0.000214489075006, -0.000915795273613, 0.000542726193089, -0.00120349321514, 0.00019200607494, -0.000209265432204, 0.00131723831873, -0.00110265682451, 0.0010699047707, 0.000139185634907, 0.00038348682574, -0.00209243409336, 0.00646891957149]]
    },
    "melbands": {
        "dmean": [0.000718122057151, 0.000275291618891, 0.000207717064768, 0.000218781162403, 0.000224671835895, 0.00017784445663, 0.000175724781002, 0.000308342307108, 0.000136969829327, 8.90177761903e-05, 7.54633292672e-05, 6.78260039422e-05, 5.79325205763e-05, 3.93156296923e-05, 4.66093151772e-05, 3.53687755705e-05, 2.5024794013e-05, 1.48273111336e-05, 1.40192778417e-05, 1.04388600448e-05, 5.95111214352e-06, 7.53991207603e-06, 2.85310420622e-06, 1.94509175344e-06, 1.23698578136e-06, 8.05735965059e-07, 1.43902582295e-06, 4.77747619243e-07, 1.89703897036e-07, 1.25881854274e-07, 7.41985175523e-08, 7.22127637687e-08, 2.76456901815e-08, 2.53686245344e-08, 1.96756477777e-08, 1.44742138275e-08, 1.06347215478e-08, 1.1027722735e-08, 7.98824029147e-09, 2.19085705133e-09],
        "dmean2": [0.00109188037459, 0.000424198166002, 0.00030975669506, 0.000305152032524, 0.000305317342281, 0.000246966374107, 0.000248956290307, 0.000421689299401, 0.000186792516615, 0.00010620141984, 9.38662778935e-05, 8.76942722243e-05, 8.15238163341e-05, 5.63792527828e-05, 6.85603736201e-05, 5.28556702193e-05, 3.9244274376e-05, 2.332758595e-05, 2.30219902733e-05, 1.6867837985e-05, 9.76154569798e-06, 1.2492575479e-05, 4.67901600132e-06, 3.21454945151e-06, 2.07411221709e-06, 1.30332398385e-06, 2.25614826377e-06, 7.41876590382e-07, 3.03242103428e-07, 2.04097915457e-07, 1.19894792761e-07, 1.20711817431e-07, 4.52397728168e-08, 4.1169403886e-08, 3.14150412351e-08, 2.398512855e-08, 1.73405645398e-08, 1.87053252887e-08, 1.34458923995e-08, 3.46202000401e-09],
        "dvar": [5.46546971236e-06, 1.01118757811e-06, 4.50163128107e-07, 3.51948187927e-07, 2.57840611084e-07, 1.49410425365e-07, 1.84082622923e-07, 5.36537584139e-07, 1.14441938592e-07, 6.32255421351e-08, 5.66544926528e-08, 4.74467789502e-08, 2.28622383247e-08, 1.2623604384e-08, 2.47575329126e-08, 1.65188396295e-08, 6.35516128611e-09, 2.60883603609e-09, 4.72412375885e-09, 7.65410457237e-10, 9.47608214119e-10, 5.13750264552e-10, 7.40186106851e-11, 5.43059069935e-11, 9.71304373737e-12, 5.76338586231e-12, 2.94167849801e-11, 1.60971865178e-12, 2.10311911115e-13, 1.9948581361e-13, 3.7236845687e-14, 7.81789590747e-14, 5.6569239378e-15, 4.52508463236e-15, 7.23274149177e-15, 2.56543960405e-15, 1.30607006516e-15, 3.76238270885e-15, 1.50564394479e-15, 9.82058138504e-17],
        "dvar2": [1.18994976219e-05, 2.44256102633e-06, 1.13128999146e-06, 6.19428419668e-07, 5.20938954196e-07, 3.33507870209e-07, 3.65094109611e-07, 1.08010647182e-06, 2.1503332448e-07, 8.62508429122e-08, 8.71417924486e-08, 8.88413538291e-08, 4.5403272253e-08, 2.44173108399e-08, 5.60485950984e-08, 3.57432874409e-08, 1.57617261465e-08, 6.11811268314e-09, 1.28505144303e-08, 1.86528459345e-09, 2.58489118998e-09, 1.39972633484e-09, 1.90755536367e-10, 1.4752356281e-10, 2.68726620817e-11, 1.37757669855e-11, 6.93907986626e-11, 3.30520289957e-12, 4.8583039718e-13, 5.03190804996e-13, 9.17407832644e-14, 1.97462841434e-13, 1.4485213769e-14, 1.17078816734e-14, 1.73024860092e-14, 7.01100817145e-15, 3.53046064097e-15, 1.03959724808e-14, 4.28791117196e-15, 2.18344844421e-16],
        "max": [0.0885501205921, 0.0392554700375, 0.0279359519482, 0.0269280653447, 0.0178595930338, 0.0150890862569, 0.0237957425416, 0.0203615333885, 0.0108690997586, 0.00810312107205, 0.00866542384028, 0.00742269307375, 0.00367486802861, 0.00564712751657, 0.00377654912882, 0.00411280989647, 0.0024043652229, 0.00128652784042, 0.00249954708852, 0.000499193440191, 0.00147164857481, 0.000709037296474, 0.000316957157338, 0.000277297571301, 7.64519136283e-05, 7.88604811532e-05, 0.00015681469813, 3.29289941874e-05, 1.19417491078e-05, 1.45761187014e-05, 6.17598016106e-06, 8.78252103576e-06, 3.21307175e-06, 1.68660824329e-06, 3.3862163491e-06, 1.0920546174e-06, 1.01588818779e-06, 1.8953618337e-06, 1.12656198326e-06, 4.34511264302e-07],
        "mean": [0.00195241940673, 0.000671687477734, 0.000450931082014, 0.000513360369951, 0.000547592237126, 0.000470749975648, 0.000488131423481, 0.000726850295905, 0.000316680874676, 0.000232330232393, 0.000183738768101, 0.000143487588502, 0.000105176884972, 7.5591247878e-05, 8.4636711108e-05, 6.03196349402e-05, 4.35635047324e-05, 2.53910584433e-05, 2.059475446e-05, 1.5690764485e-05, 9.19666399568e-06, 1.13345849968e-05, 4.73124100608e-06, 3.29190334014e-06, 2.04535558623e-06, 1.48092692598e-06, 2.38554252974e-06, 8.99920848951e-07, 3.7068821257e-07, 2.24162420182e-07, 1.45564072795e-07, 1.29869093257e-07, 5.36373718774e-08, 4.62607090412e-08, 3.57169724907e-08, 2.24623590839e-08, 1.78273538154e-08, 1.57752619856e-08, 1.22460361851e-08, 4.60069937702e-09],
        "median": [0.000226934280363, 0.000140394753544, 0.000125141494209, 0.000221392343519, 0.000238442298723, 0.000223337934585, 0.000137864655699, 0.000191510334844, 8.96621058928e-05, 3.29287577188e-05, 2.92548866128e-05, 1.56023015734e-05, 1.68292008311e-05, 1.32134446176e-05, 8.32389923744e-06, 5.18594242749e-06, 6.1288105826e-06, 3.13701616506e-06, 1.2330649497e-06, 2.31741864809e-06, 9.59662429523e-07, 9.09954678718e-07, 1.09658458314e-06, 5.39723373549e-07, 3.87729869544e-07, 1.83484416993e-07, 1.21789582863e-07, 1.47293221175e-07, 9.29926784465e-08, 3.89482579521e-08, 2.64502180158e-08, 1.77454371197e-08, 1.61562887513e-08, 1.47665426553e-08, 4.62583038541e-09, 5.79266057343e-09, 5.28916022091e-09, 2.55823140449e-09, 1.61667890186e-09, 2.26951540894e-10],
        "min": [2.74897219263e-25, 5.44090579751e-25, 6.86767217121e-25, 1.05820503675e-24, 8.53635161617e-25, 8.58537439105e-25, 1.5488933817e-24, 1.18263157429e-24, 9.50625018268e-25, 1.62246669124e-24, 1.50782932589e-24, 2.49578511573e-24, 1.69398314458e-24, 2.0871859324e-24, 1.74011987183e-24, 2.38418161081e-24, 2.47366979469e-24, 2.33645828706e-24, 2.69113843309e-24, 1.83568208746e-24, 2.69601734057e-24, 2.85309690174e-24, 4.05328921004e-24, 2.31408145862e-24, 2.85939990037e-24, 2.5279775432e-24, 2.73041108439e-24, 3.7572943989e-24, 4.14499784014e-24, 4.17455093623e-24, 3.46597279977e-24, 4.33006500294e-24, 4.31880204136e-24, 5.03687569654e-24, 4.46803440868e-24, 4.90791389905e-24, 5.53493052323e-24, 5.83523567036e-24, 5.45684236552e-24, 5.31560076474e-24],
        "var": [2.99976018141e-05, 3.26990902977e-06, 1.07214350464e-06, 1.14744716484e-06, 1.08132303467e-06, 6.71248301387e-07, 1.31473871079e-06, 2.24203904509e-06, 4.40854591943e-07, 3.77898061288e-07, 2.53495642255e-07, 1.55718382189e-07, 5.70912241926e-08, 3.2350516932e-08, 5.48129008848e-08, 4.04035027657e-08, 1.38920377424e-08, 5.73168534856e-09, 7.92578180864e-09, 1.36652555938e-09, 1.40998213105e-09, 8.63288884823e-10, 1.46154893743e-10, 9.94199653159e-11, 1.78324854883e-11, 1.43150899121e-11, 6.38610414549e-11, 4.96835602173e-12, 6.11606414385e-13, 3.13590164036e-13, 1.04098655152e-13, 1.93284285604e-13, 1.3114292638e-14, 7.76593687361e-15, 1.5307789487e-14, 2.74634170115e-15, 1.65773368679e-15, 3.0211208833e-15, 1.31435362387e-15, 3.47872063924e-16]
    },
    "mfcc": {
        "mean": [-776.725463867, 191.717315674, -5.4334487915, 12.3966674805, -4.53547716141, -5.7640376091, -6.37158203125, -2.06030631065, -5.46810054779, -0.663996219635, 0.452622264624, 5.44644641876, 0.756729424],
        "cov": [[16040.6201172, 3354.31958008, -2905.20874023, 495.997406006, -264.350799561, 127.041542053, 35.7214012146, -51.8385162354, 6.04445934296, 259.013824463, -57.0133247375, 164.363876343, 233.427459717], [3354.31958008, 2486.49682617, 88.8863983154, 136.522064209, 155.619674683, 72.2896347046, 2.05379748344, 7.81814861298, -66.6708526611, -87.5153121948, -38.8126411438, 32.2910308838, 74.6491165161], [-2905.20874023, 88.8863983154, 1196.03295898, 66.6959762573, 168.303741455, 46.0705223083, 3.6698513031, 46.9469566345, 2.03530144691, -70.7380905151, 13.3779859543, -19.272195816, -44.2644271851], [495.997406006, 136.522064209, 66.6959762573, 406.978088379, 129.541793823, 53.588924408, 63.2434539795, 33.6258621216, 49.9546852112, 40.7833824158, 3.27595448494, 54.6109390259, 34.1591377258], [-264.350799561, 155.619674683, 168.303741455, 129.541793823, 306.432525635, 137.309371948, 54.8843688965, 43.4806137085, 39.7895622253, -9.76469898224, -3.52840256691, 24.9299354553, 43.0107879639], [127.041542053, 72.2896347046, 46.0705223083, 53.588924408, 137.309371948, 275.289978027, 130.034698486, 32.5767555237, 50.1886100769, -5.10602283478, -12.7621574402, 11.5958824158, 76.917755127], [35.7214012146, 2.05379748344, 3.6698513031, 63.2434539795, 54.8843688965, 130.034698486, 312.327056885, 138.431793213, 24.93658638, 1.86632514, 18.3333911896, -5.91360139847, 23.1382274628], [-51.8385162354, 7.81814861298, 46.9469566345, 33.6258621216, 43.4806137085, 32.5767555237, 138.431793213, 237.00958252, 86.981048584, 3.52106738091, 28.0608520508, 16.1578178406, 11.0035991669], [6.04445934296, -66.6708526611, 2.03530144691, 49.9546852112, 39.7895622253, 50.1886100769, 24.93658638, 86.981048584, 204.228012085, 82.2393951416, -19.0105381012, 17.6520767212, 47.0744819641], [259.013824463, -87.5153121948, -70.7380905151, 40.7833824158, -9.76469898224, -5.10602283478, 1.86632514, 3.52106738091, 82.2393951416, 231.901062012, 52.3649787903, -3.86771678925, 2.50965690613], [-57.0133247375, -38.8126411438, 13.3779859543, 3.27595448494, -3.52840256691, -12.7621574402, 18.3333911896, 28.0608520508, -19.0105381012, 52.3649787903, 210.627380371, 68.1445388794, -28.0641765594], [164.363876343, 32.2910308838, -19.272195816, 54.6109390259, 24.9299354553, 11.5958824158, -5.91360139847, 16.1578178406, 17.6520767212, -3.86771678925, 68.1445388794, 200.325775146, 50.3341407776], [233.427459717, 74.6491165161, -44.2644271851, 34.1591377258, 43.0107879639, 76.917755127, 23.1382274628, 11.0035991669, 47.0744819641, 2.50965690613, -28.0641765594, 50.3341407776, 245.158599854]],
