{
"lowlevel": {
    "average_loudness": 0.8250233531,
    "barkbands_crest": {
        "dmean": 3.13141322136,
        "dmean2": 5.16801309586,
        "dvar": 7.51469564438,
        "dvar2": 20.158241272,
        "max": 26.0067882538,
        "mean": 12.6149730682,
        "median": 11.8241233826,
        "min": 2.54660367966,
        "var": 20.3481826782
    },
    "barkbands_flatness_db": {
        "dmean": 0.0287817195058,
        "dmean2": 0.0430944003165,
        "dvar": 0.000703885394614,
        "dvar2": 0.00151862110943,
        "max": 0.404001176357,
        "mean": 0.16803047061,
        "median": 0.161343991756,
        "min": 0.0209703333676,
        "var": 0.0032904506661
    },
    "barkbands_kurtosis": {
        "dmean": 5.98549461365,
        "dmean2": 9.44238471985,
        "dvar": 69.8141784668,
        "dvar2": 176.858886719,
        "max": 132.587402344,
        "mean": 10.6226549149,
        "median": 6.82679367065,
        "min": -1.95029747486,
        "var": 155.265350342
    },
    "barkbands_skewness": {
        "dmean": 0.733963608742,
        "dmean2": 1.12763392925,
        "dvar": 0.513866245747,
        "dvar2": 1.23334658146,
        "max": 10.3681554794,
        "mean": 2.5804207325,
        "median": 2.46690249443,
        "min": -9.45957565308,
        "var": 2.08311223984
    },
    "barkbands_spread": {
        "dmean": 5.73271131516,
        "dmean2": 8.73877429962,
        "dvar": 59.5421104431,
        "dvar2": 123.896102905,
        "max": 123.401054382,
        "mean": 17.3611049652,
        "median": 13.388379097,
        "min": 0.59636503458,
        "var": 230.8228302
    },
    "dissonance": {
        "dmean": 0.0165278986096,
        "dmean2": 0.0267596002668,
        "dvar": 0.000240600420511,
        "dvar2": 0.000613605836406,
        "max": 0.500000178814,
        "mean": 0.45328900218,
        "median": 0.460244357586,
        "min": 0.228803992271,
        "var": 0.000947095220909
    },
    "dynamic_complexity": 4.53012037277,
    "erbbands_crest": {
        "dmean": 2.42076802254,
        "dmean2": 3.8479244709,
        "dvar": 5.41576480865,
        "dvar2": 13.4631500244,
        "max": 28.2687683105,
        "mean": 9.48875522614,
        "median": 8.60029125214,
        "min": 2.06818056107,
        "var": 18.0922489166
    },
    "erbbands_flatness_db": {
        "dmean": 0.0265200473368,
        "dmean2": 0.0329310074449,
        "dvar": 0.000638896482997,
        "dvar2": 0.00105651991908,
        "max": 0.329127252102,
        "mean": 0.145729318261,
        "median": 0.144845530391,
        "min": 0.0217696130276,
        "var": 0.00313259847462
    },
    "erbbands_kurtosis": {
        "dmean": 0.878148198128,
        "dmean2": 1.40008306503,
        "dvar": 1.39819312096,
        "dvar2": 3.48148036003,
        "max": 18.4466705322,
        "mean": 0.182621479034,
        "median": -0.325931072235,
        "min": -1.89061033726,
        "var": 3.2750852108
    },
    "erbbands_skewness": {
        "dmean": 0.379399865866,
        "dmean2": 0.567057669163,
        "dvar": 0.144452765584,
        "dvar2": 0.3107393682,
        "max": 4.11755847931,
        "mean": 0.396373450756,
        "median": 0.373281210661,
        "min": -3.77165603638,
        "var": 0.726982176304
    },
    "erbbands_spread": {
        "dmean": 10.8730192184,
        "dmean2": 15.6319437027,
        "dvar": 157.493209839,
        "dvar2": 320.822967529,
        "max": 150.892623901,
        "mean": 46.8659858704,
        "median": 41.8932151794,
        "min": 5.95053529739,
        "var": 492.320373535
    },
    "hfc": {
        "dmean": 7.41693305969,
        "dmean2": 10.821100235,
        "dvar": 197.073547363,
        "dvar2": 452.566833496,
        "max": 224.229904175,
        "mean": 17.2675933838,
        "median": 11.1441345215,
        "min": 1.14435104086e-16,
        "var": 370.268310547
    },
    "melbands_crest": {
        "dmean": 3.90184092522,
        "dmean2": 6.47440242767,
        "dvar": 11.2460718155,
        "dvar2": 30.6782836914,
        "max": 33.8687171936,
        "mean": 17.5571689606,
        "median": 16.9639835358,
        "min": 1.31782841682,
        "var": 26.7249450684
    },
    "melbands_flatness_db": {
        "dmean": 0.0312877185643,
        "dmean2": 0.0478408709168,
        "dvar": 0.000822086352855,
        "dvar2": 0.00188383448403,
        "max": 0.498050689697,
        "mean": 0.25125682354,
        "median": 0.245836108923,
        "min": 0.000428670085967,
        "var": 0.00434329314157
    },
    "melbands_kurtosis": {
        "dmean": 14.6174945831,
        "dmean2": 22.8863544464,
        "dvar": 470.512664795,
        "dvar2": 1131.70983887,
        "max": 326.799194336,
        "mean": 28.81549263,
        "median": 19.695230484,
        "min": -1.88426160812,
        "var": 907.605895996
    },
    "melbands_skewness": {
        "dmean": 1.01318013668,
        "dmean2": 1.55111956596,
        "dvar": 1.09642255306,
        "dvar2": 2.54775643349,
        "max": 14.3004655838,
        "mean": 4.05839347839,
        "median": 3.81172418594,
        "min": -0.809013664722,
        "var": 3.5956351757
    },
    "melbands_spread": {
        "dmean": 5.06127691269,
        "dmean2": 7.80000448227,
        "dvar": 66.5595321655,
        "dvar2": 141.37322998,
        "max": 217.103637695,
        "mean": 14.07467556,
        "median": 9.51367473602,
        "min": 0.75264942646,
        "var": 224.854858398
    },
    "pitch_salience": {
        "dmean": 0.0741450488567,
        "dmean2": 0.122845239937,
        "dvar": 0.00438956636935,
        "dvar2": 0.0117098176852,
        "max": 0.970475792885,
        "mean": 0.497452318668,
        "median": 0.504978954792,
        "min": 0.105129145086,
        "var": 0.0114102307707
    },
    "silence_rate_20dB": {
        "dmean": 0,
        "dmean2": 0,
        "dvar": 0,
        "dvar2": 0,
        "max": 1,
        "mean": 1,
        "median": 1,
        "min": 1,
        "var": 0
    },
    "silence_rate_30dB": {
        "dmean": 0.017729440704,
        "dmean2": 0.0354615226388,
        "dvar": 0.0174170657992,
        "dvar2": 0.0470183379948,
        "max": 1,
        "mean": 0.988081932068,
        "median": 1,
        "min": 0,
        "var": 0.0117763206363
    },
    "silence_rate_60dB": {
        "dmean": 0.0105780689046,
        "dmean2": 0.021157713607,
        "dvar": 0.0104654189199,
        "dvar2": 0.0241399891675,
        "max": 1,
        "mean": 0.0707634985447,
        "median": 0,
        "min": 0,
        "var": 0.0657533332705
    },
    "spectral_centroid": {
        "dmean": 211.2550354,
        "dmean2": 323.941558838,
        "dvar": 76086.5859375,
        "dvar2": 155114.40625,
        "max": 10978.3964844,
        "mean": 838.272705078,
        "median": 674.458862305,
        "min": 210.118804932,
        "var": 308743.5
    },
    "spectral_complexity": {
        "dmean": 2.97705602646,
        "dmean2": 4.65857124329,
        "dvar": 20.3771839142,
        "dvar2": 46.7053108215,
        "max": 51,
        "mean": 13.6831283569,
        "median": 13,
        "min": 0,
        "var": 58.0057182312
    },
    "spectral_decrease": {
        "dmean": 3.37885808221e-09,
        "dmean2": 5.35939292945e-09,
        "dvar": 2.1841298756e-17,
        "dvar2": 5.27903358209e-17,
        "max": 2.69729515831e-16,
        "mean": -8.16674816662e-09,
        "median": -6.04014127603e-09,
        "min": -4.79995669878e-08,
        "var": 5.05587414946e-17
    },
    "spectral_energy": {
        "dmean": 0.0132442712784,
        "dmean2": 0.0209588278085,
        "dvar": 0.0003364024451,
        "dvar2": 0.000809568620753,
        "max": 0.185569539666,
        "mean": 0.0323893949389,
        "median": 0.024019215256,
        "min": 1.05797434321e-20,
        "var": 0.000784095202107
    },
    "spectral_energyband_high": {
        "dmean": 0.000617552374024,
        "dmean2": 0.000900825718418,
        "dvar": 2.14896999751e-06,
        "dvar2": 4.66526671516e-06,
        "max": 0.0283965300769,
        "mean": 0.000790613354184,
        "median": 0.000178560148925,
        "min": 7.91967679279e-21,
        "var": 3.45517423739e-06
    },
    "spectral_energyband_low": {
        "dmean": 0.00849356409162,
        "dmean2": 0.0134865986183,
        "dvar": 0.000248238822678,
        "dvar2": 0.000600008352194,
        "max": 0.155648946762,
        "mean": 0.0118180271238,
        "median": 0.00455905729905,
        "min": 2.3825145505e-23,
        "var": 0.000330885697622
    },
    "spectral_energyband_middle_high": {
        "dmean": 0.000830420292914,
        "dmean2": 0.00118568143807,
        "dvar": 1.52172117396e-06,
        "dvar2": 3.07105415231e-06,
        "max": 0.029751971364,
        "mean": 0.00310490303673,
        "median": 0.00166654097848,
        "min": 1.43825382773e-21,
        "var": 1.40418251249e-05
    },
    "spectral_energyband_middle_low": {
        "dmean": 0.00752157252282,
        "dmean2": 0.0121934078634,
        "dvar": 9.7006042779e-05,
        "dvar2": 0.000258240906987,
        "max": 0.132854163647,
        "mean": 0.0180615764111,
        "median": 0.0139239225537,
        "min": 4.15478296547e-22,
        "var": 0.00025150628062
    },
    "spectral_entropy": {
        "dmean": 0.292886435986,
        "dmean2": 0.396198481321,
        "dvar": 0.083130158484,
        "dvar2": 0.147960737348,
        "max": 9.80559253693,
        "mean": 7.1506562233,
        "median": 7.14288902283,
        "min": 4.77541542053,
        "var": 0.392339885235
    },
    "spectral_flux": {
        "dmean": 0.0322993583977,
        "dmean2": 0.0519541725516,
        "dvar": 0.00156875583343,
        "dvar2": 0.00385318533517,
        "max": 0.361207962036,
        "mean": 0.0800088122487,
        "median": 0.0688943713903,
        "min": 1.02857881934e-10,
        "var": 0.0031592878513
    },
    "spectral_kurtosis": {
        "dmean": 2.69952630997,
        "dmean2": 4.08465194702,
        "dvar": 14.4740095139,
        "dvar2": 35.8874320984,
        "max": 64.8322601318,
        "mean": 7.4133348465,
        "median": 5.61201953888,
        "min": -1.29286253452,
        "var": 45.7530860901
    },
    "spectral_rms": {
        "dmean": 0.00104139524046,
        "dmean2": 0.00160246458836,
        "dvar": 1.45627586789e-06,
        "dvar2": 3.30980947183e-06,
        "max": 0.0134552391246,
        "mean": 0.00505199888721,
        "median": 0.00484080379829,
        "min": 3.21274040357e-12,
        "var": 6.07680294706e-06
    },
    "spectral_rolloff": {
        "dmean": 369.641876221,
        "dmean2": 640.971923828,
        "dvar": 706866.5,
        "dvar2": 1571712.375,
        "max": 19724.4140625,
        "mean": 1006.96948242,
        "median": 430.6640625,
        "min": 107.666015625,
        "var": 3041224
    },
    "spectral_skewness": {
        "dmean": 0.315944135189,
        "dmean2": 0.453837931156,
        "dvar": 0.116880975664,
        "dvar2": 0.252500921488,
        "max": 6.86496973038,
        "mean": 2.05408787727,
        "median": 1.94219720364,
        "min": -0.253995716572,
        "var": 0.570226848125
    },
    "spectral_spread": {
        "dmean": 1020386.6875,
        "dmean2": 1307134.375,
        "dvar": 1.18441207398e+12,
        "dvar2": 2.17975606477e+12,
        "max": 40525644,
        "mean": 5249301,
        "median": 4884716.5,
        "min": 1198447.75,
        "var": 4.74243347251e+12
    },
    "spectral_strongpeak": {
        "dmean": 0.346721976995,
        "dmean2": 0.590316832066,
        "dvar": 0.27784511447,
        "dvar2": 0.744667589664,
        "max": 8.43720149994,
        "mean": 0.707352101803,
        "median": 0.587514340878,
        "min": 0,
        "var": 0.360632628202
    },
    "zerocrossingrate": {
        "dmean": 0.0109752705321,
        "dmean2": 0.013245979324,
        "dvar": 0.000167698846781,
        "dvar2": 0.000202382128919,
        "max": 0.79248046875,
        "mean": 0.0505560040474,
        "median": 0.04052734375,
        "min": 0.00634765625,
        "var": 0.00246606068686
    },
    "barkbands": {
        "dmean": [4.53700959042e-05, 0.00477097928524, 0.00416387803853, 0.00184152135625, 0.00644875876606, 0.000745021388866, 0.000446937046945, 0.000140779375215, 0.000198265130166, 0.00022655261273, 0.000115272356197, 0.000110091685201, 0.000148411403643, 0.000235394050833, 0.000192169638467, 0.000153433531523, 8.76828780747e-05, 8.95557677723e-05, 8.04281007731e-05, 7.79807814979e-05, 7.77162495069e-05, 0.000126828264911, 0.000130938569782, 9.26230859477e-05, 8.73897661222e-05, 5.13167215104e-05, 6.44359897706e-05],
        "dmean2": [7.69283724367e-05, 0.00710212439299, 0.007336135488, 0.00305363954976, 0.0105789387599, 0.00108829163946, 0.000685544684529, 0.000218614586629, 0.000288258539513, 0.000353120703949, 0.000159240167704, 0.000161363612278, 0.000218107132241, 0.000377683405532, 0.00028250773903, 0.000229148412473, 0.000134587258799, 0.000136227696203, 0.00012716956553, 0.000120489195979, 0.000118387695693, 0.00019199748931, 0.000194880223717, 0.000140538817504, 0.00013409613166, 7.45272627682e-05, 9.52457776293e-05],
        "dvar": [3.17200026245e-08, 7.89832702139e-05, 7.45466531953e-05, 9.19827107282e-06, 7.78562025516e-05, 1.74115552909e-06, 1.06042318748e-06, 1.31989764895e-07, 1.64955068271e-07, 2.46112961122e-07, 1.66157519743e-07, 8.62745324071e-08, 1.27455990651e-07, 1.83457871117e-07, 1.30589540959e-07, 7.25754603081e-08, 3.65717127693e-08, 4.70712144818e-08, 4.01736883759e-08, 4.07188309737e-08, 6.25944878152e-08, 2.2622124618e-07, 2.09873832091e-07, 6.43810551537e-08, 5.09445570174e-08, 1.21105205864e-08, 1.69083538282e-08],
        "dvar2": [8.20010228608e-08, 0.000175635330379, 0.000207622055314, 2.50587636401e-05, 0.000210000551306, 3.70529551219e-06, 2.66610391009e-06, 2.98257901932e-07, 3.35557672315e-07, 6.11772179582e-07, 2.42123348926e-07, 1.74362256189e-07, 2.36511525031e-07, 4.30701419418e-07, 2.79531491287e-07, 1.49004634409e-07, 8.02781841003e-08, 9.80548193752e-08, 9.64874757869e-08, 9.54165173539e-08, 1.43737125313e-07, 4.90202864967e-07, 4.16515575807e-07, 1.4813642224e-07, 1.28907885255e-07, 2.89612867022e-08, 3.91870251804e-08],
        "max": [0.00416045449674, 0.0943804830313, 0.0899297893047, 0.0466990359128, 0.103509515524, 0.0311921834946, 0.0208631530404, 0.0127083668485, 0.0176787208766, 0.0107155153528, 0.0175746884197, 0.0123396273702, 0.0167042594403, 0.00987062696368, 0.00848124641925, 0.00877600070089, 0.00700082490221, 0.0111366147175, 0.00599180301651, 0.00596987642348, 0.0106048611924, 0.0161829516292, 0.0147870536894, 0.00843872316182, 0.00587899843231, 0.00214301352389, 0.00124993023928],
        "mean": [3.43842511938e-05, 0.0054661934264, 0.00496500497684, 0.00334654096514, 0.0112777445465, 0.00176190817729, 0.000864873931278, 0.000282520224573, 0.000479868700495, 0.00049502379261, 0.000353464187356, 0.000235000174143, 0.000300717598293, 0.000457388465293, 0.000422895944212, 0.000299918028759, 0.000172749423655, 0.000188172460184, 0.000136818242026, 0.000125816615764, 0.00010697527614, 0.000145949306898, 0.000147449740325, 0.000106743646029, 9.63862548815e-05, 5.50479271624e-05, 6.39219142613e-05],
        "median": [2.30539217227e-06, 0.00114507880062, 0.00146048446186, 0.00139678956475, 0.00757647911087, 0.000640657322947, 0.000327932997607, 9.53753478825e-05, 0.000202137147426, 0.000143282464705, 3.96454015572e-05, 5.74302794121e-05, 0.000100521865534, 0.000224901406909, 0.000148436476593, 0.000140814197948, 7.22394615877e-05, 5.06203468831e-05, 3.44121108355e-05, 3.2990523323e-05, 2.05339329113e-05, 1.92923871509e-05, 1.60853651323e-05, 2.27740929404e-05, 2.23143633775e-05, 8.65154106577e-06, 3.1727431633e-06],
        "min": [3.06987015925e-24, 1.33267431869e-23, 8.08878960666e-24, 4.6968301036e-24, 7.24779525079e-23, 1.45261112145e-22, 4.2899735929e-23, 5.60017152891e-23, 7.07392147204e-23, 7.61845322225e-23, 2.68390769459e-23, 8.21064289965e-23, 8.28892062064e-23, 1.05181746434e-22, 7.80377936808e-23, 1.89726020685e-22, 1.44054520991e-22, 1.85498799084e-22, 3.66464967489e-22, 2.75772847768e-22, 3.55771774903e-22, 5.38069275459e-22, 7.85481450347e-22, 9.71469709223e-22, 1.30698252634e-21, 1.63269852405e-21, 2.36179936606e-21],
        "var": [2.3522565229e-08, 0.00010482880316, 8.33819140098e-05, 2.30323494179e-05, 0.000143916375237, 7.80235404818e-06, 2.38304642153e-06, 3.41859475839e-07, 6.96945903655e-07, 8.96102392289e-07, 2.12380723497e-06, 3.38464616334e-07, 4.2567361902e-07, 5.1023260994e-07, 4.92144863529e-07, 2.04159661621e-07, 9.53740624254e-08, 1.49427435758e-07, 9.51710390495e-08, 7.56003757374e-08, 1.00959425708e-07, 3.45464030715e-07, 3.67268853552e-07, 8.70465086678e-08, 5.05391675176e-08, 1.37375586462e-08, 1.99553245039e-08]
    },
    "erbbands": {
        "dmean": [0.0428451150656, 1.36166465282, 4.86148786545, 4.83315372467, 20.3781032562, 19.0536403656, 5.18812990189, 6.68672847748, 8.17953300476, 2.88765025139, 3.51201581955, 4.30187368393, 5.77355384827, 5.6344628334, 5.18867921829, 3.43059229851, 6.52854919434, 7.79885530472, 9.27656078339, 12.3542423248, 7.90233421326, 4.47005414963, 4.40529632568, 4.33729743958, 3.6394443512, 3.79223132133, 3.42381930351, 3.08605575562, 4.30891609192, 4.51933383942, 3.64344787598, 2.28275489807, 1.43101465702, 1.04930043221, 0.588067531586, 0.241173803806, 0.0857928842306, 0.0407999381423, 0.0105214100331, 0.000779127643909],
        "dmean2": [0.062385506928, 2.04201698303, 8.26926612854, 8.33351802826, 33.5385017395, 31.155298233, 8.12128925323, 9.63462924957, 12.6623849869, 4.25584506989, 5.4570941925, 6.18384790421, 8.77492427826, 8.58085536957, 7.01775693893, 5.04014778137, 9.53932189941, 11.9136323929, 14.8324575424, 17.8320121765, 12.0471982956, 6.83728504181, 6.64047431946, 6.60907316208, 5.83245420456, 5.80948400497, 5.15308713913, 4.73808526993, 6.60276794434, 6.84987592697, 5.44007730484, 3.43618083, 2.20652985573, 1.62503969669, 0.904778122902, 0.355886638165, 0.124969467521, 0.0601965077221, 0.0155890239403, 0.00117296364624],
        "dvar": [0.00753634329885, 6.35437965393, 94.5480575562, 60.5478668213, 1023.5012207, 598.70111084, 65.1476821899, 175.136657715, 302.305358887, 38.5193367004, 77.5461502075, 77.8021469116, 155.251739502, 147.044998169, 246.335983276, 70.3763961792, 284.117584229, 275.483184814, 309.253936768, 535.611755371, 236.090637207, 105.555145264, 87.453742981, 116.319915771, 84.7470397949, 89.3207321167, 112.416007996, 113.954933167, 249.176605225, 373.934570312, 155.712692261, 46.0914115906, 14.4824314117, 7.96169519424, 2.26885938644, 0.310261100531, 0.0324537754059, 0.00661088386551, 0.000457421672763, 2.63114634436e-06],
        "dvar2": [0.0165759380907, 14.2518663406, 255.046951294, 176.626022339, 2760.3203125, 1620.91394043, 160.80065918, 359.942047119, 783.843261719, 82.2460479736, 178.687271118, 162.000579834, 368.68572998, 340.389251709, 365.812561035, 139.266586304, 494.610717773, 569.566711426, 694.424560547, 1079.96960449, 498.927703857, 225.778930664, 180.233795166, 275.927093506, 213.717605591, 201.77822876, 234.264160156, 263.580749512, 528.625427246, 859.228637695, 300.514221191, 101.263969421, 34.7244987488, 20.0993404388, 5.79449176788, 0.763204574585, 0.0769194960594, 0.0153593374416, 0.00105998362415, 6.19076627117e-06],
        "max": [0.993254840374, 26.8517379761, 108.163551331, 104.852973938, 441.810821533, 284.523040771, 237.287094116, 335.292388916, 348.254333496, 183.261474609, 316.372955322, 287.581054688, 400.262359619, 477.933898926, 693.85925293, 302.216827393, 894.375366211, 593.632385254, 498.360717773, 505.53314209, 607.366943359, 508.891937256, 304.801940918, 451.28427124, 154.258926392, 256.332977295, 548.24206543, 469.212249756, 593.669006348, 710.577941895, 380.212799072, 239.984619141, 89.3746795654, 83.8444137573, 29.8815174103, 12.0361690521, 3.03791809082, 0.937168240547, 0.208025082946, 0.0173707194626],
        "mean": [0.0477303601801, 1.59651017189, 5.83010339737, 8.7370223999, 33.4761543274, 33.6818351746, 12.328294754, 16.2767906189, 15.7259168625, 7.03047847748, 7.376080513, 10.6056537628, 13.0422525406, 14.2273197174, 15.3847961426, 8.22573184967, 14.2494335175, 16.9727668762, 19.1698455811, 29.548707962, 16.4890575409, 9.93027210236, 9.58813285828, 9.0434513092, 5.79437398911, 6.38839864731, 5.21349525452, 3.88451933861, 4.9416012764, 5.01119661331, 4.17954015732, 2.56005930901, 1.66438245773, 1.16214561462, 0.633478522301, 0.259183585644, 0.091776818037, 0.0422514118254, 0.0104424757883, 0.000779145397246],
        "median": [0.00962532218546, 0.367407470942, 1.66648602486, 4.63547945023, 19.1007347107, 22.443365097, 7.47173070908, 4.83838272095, 6.34394216537, 3.35832643509, 2.90179204941, 4.63977622986, 4.80186033249, 4.62107467651, 2.7127931118, 2.61956000328, 4.97299528122, 9.00059890747, 9.59760665894, 9.40767192841, 8.24677467346, 4.5442738533, 3.43753099442, 2.13727760315, 1.65170228481, 1.64477288723, 1.07879054546, 0.730314493179, 0.70849698782, 0.472823113203, 0.507588207722, 0.420418471098, 0.387646645308, 0.269473195076, 0.13832770288, 0.0469365864992, 0.0137017844245, 0.00432517845184, 0.000497676199302, 6.64842809783e-05],
        "min": [5.77083180388e-22, 2.22234491388e-21, 6.12893537588e-21, 1.67159889359e-20, 4.81841527918e-20, 1.98263767397e-19, 1.24177025641e-18, 1.02632093291e-18, 3.73272876986e-19, 7.38623586751e-19, 1.94101901203e-18, 1.66101609993e-18, 1.57663995514e-18, 2.36554340523e-18, 1.90724502082e-18, 3.11274351076e-18, 4.68396977559e-18, 5.05580276377e-18, 3.16131948544e-18, 4.60077732625e-18, 1.20647030309e-17, 9.02650999999e-18, 9.96779521496e-18, 1.34340219528e-17, 1.78214607137e-17, 1.38755676551e-17, 1.17191334407e-17, 1.77934639587e-17, 2.06154634103e-17, 1.6236642217e-17, 2.44594792503e-17, 1.74125406691e-17, 1.66034273355e-17, 1.31473194981e-17, 9.92097100203e-18, 6.58407891606e-18, 3.21951019397e-18, 1.42288951654e-18, 3.11486595282e-19, 3.35230646744e-20],
        "var": [0.0093762408942, 8.46119308472, 107.760269165, 111.169143677, 1751.72058105, 1276.33190918, 242.763748169, 846.760009766, 635.36138916, 114.195220947, 174.331130981, 327.616973877, 536.806091309, 724.476928711, 2297.49511719, 283.512969971, 1032.89916992, 762.444274902, 1031.39367676, 2400.26074219, 687.257751465, 321.11239624, 307.428405762, 355.635131836, 141.934127808, 190.724136353, 205.163116455, 166.202072144, 377.182952881, 543.431030273, 277.09954834, 65.8874511719, 18.4896144867, 8.09654808044, 2.15884852409, 0.327307611704, 0.0376940816641, 0.00797665398568, 0.00053789577214, 2.95064683087e-06]
    },
    "gfcc": {
        "mean": [-31.5538711548, 89.0998916626, -86.9608840942, 22.3323822021, -39.656539917, 6.36850261688, -49.2983627319, -5.79979515076, -27.0940876007, -7.89586400986, -24.5558547974, -8.84857559204, -9.7568655014],
        "cov": [[19677.7070312, -379.31451416, -257.52444458, 573.691894531, 223.195861816, 281.49798584, -150.500900269, 20.3705062866, -130.818466187, 112.961479187, 32.2992935181, 11.7112703323, 36.2273368835], [-379.31451416, 1796.00158691, -667.863525391, -322.232452393, -91.8133926392, -183.77230835, -206.618499756, -56.986038208, -98.386428833, -139.226516724, -45.217590332, -119.79259491, 27.7979927063], [-257.52444458, -667.863525391, 1046.90039062, 62.4813194275, 92.2660598755, 166.288986206, 221.313659668, 26.5395412445, 148.684509277, 60.9281234741, 26.431230545, 106.77192688, -47.9322662354], [573.691894531, -322.232452393, 62.4813194275, 346.084136963, 24.5262470245, 64.5187606812, 3.47220087051, 9.1750202179, 25.1793422699, 38.9730186462, 17.4131889343, 16.3248062134, 16.7350730896], [223.195861816, -91.8133926392, 92.2660598755, 24.5262470245, 282.339477539, 28.132062912, 66.2103424072, 20.5477199554, 55.5591011047, 19.1542758942, 29.2528800964, 17.8486404419, 15.5553274155], [281.49798584, -183.77230835, 166.288986206, 64.5187606812, 28.132062912, 202.376998901, 81.3092651367, 10.8683652878, 9.16547298431, 19.1708297729, 6.23968744278, 12.0100946426, -21.5624771118], [-150.500900269, -206.618499756, 221.313659668, 3.47220087051, 66.2103424072, 81.3092651367, 252.648300171, 66.9392166138, 5.14686393738, 31.4156322479, 40.8678283691, 5.61473989487, -15.4656944275], [20.3705062866, -56.986038208, 26.5395412445, 9.1750202179, 20.5477199554, 10.8683652878, 66.9392166138, 115.165550232, 6.6591129303, 21.4378604889, 19.3334274292, -1.39637243748, -0.198236525059], [-130.818466187, -98.386428833, 148.684509277, 25.1793422699, 55.5591011047, 9.16547298431, 5.14686393738, 6.6591129303, 144.789138794, 34.6244277954, 6.35710144043, 43.1205596924, -7.30763673782], [112.961479187, -139.226516724, 60.9281234741, 38.9730186462, 19.1542758942, 19.1708297729, 31.4156322479, 21.4378604889, 34.6244277954, 92.4455718994, 37.5005455017, 16.0972900391, -2.30025482178], [32.2992935181, -45.217590332, 26.431230545, 17.4131889343, 29.2528800964, 6.23968744278, 40.8678283691, 19.3334274292, 6.35710144043, 37.5005455017, 84.1079559326, 24.9321784973, 2.50635504723], [11.7112703323, -119.79259491, 106.77192688, 16.3248062134, 17.8486404419, 12.0100946426, 5.61473989487, -1.39637243748, 43.1205596924, 16.0972900391, 24.9321784973, 80.7474822998, 9.63050460815], [36.2273368835, 27.7979927063, -47.9322662354, 16.7350730896, 15.5553274155, -21.5624771118, -15.4656944275, -0.198236525059, -7.30763673782, -2.30025482178, 2.50635504723, 9.63050460815, 67.6810760498]],
        "icov": [[5.70249176235e-05, -4.64624417873e-06, 1.35737755045e-05, -8.01234928076e-05, -7.01685930835e-05, -8.13876176835e-05, 7.79796391726e-05, -3.08499329549e-05, 0.000115120317787, -8.6178231868e-05, 3.2089301385e-05, -5.23803500982e-05, 2.45017909037e-05], [-4.64624417873e-06, 0.00101149163675, 0.000408827530919, 0.000781159498729, 9.18954756344e-05, 2.30411042139e-05, 0.000346425076714, 8.94802578841e-05, -0.000480944145238, 0.00103506317828, -0.000697580398992, 0.00106933957431, -0.000394003727706], [1.35737755045e-05, 0.000408827530919, 0.00187365838792, 0.00020328455139, 4.60864212073e-05, -0.000612115371041, -0.00125115865376, 0.000461516552605, -0.0012754003983, 0.000246564799454, 0.000476579385577, -0.00133144215215, 0.000653819472063], [-8.01234928076e-05, 0.000781159498729, 0.00020328455139, 0.00405145157129, 0.000107297331851, -0.00110857666004, 0.000775789783802, -9.63287238847e-05, -0.000765173928812, -0.000175833789399, -0.000897712481674, 0.00107325892895, -0.00154467462562], [-7.01685930835e-05, 9.18954756344e-05, 4.60864212073e-05, 0.000107297331851, 0.0044210543856, -0.000236449690419, -0.00106927682646, 0.000106436142232, -0.00217116973363, 0.000810180557892, -0.0013753422536, 0.000811528530903, -0.00160096923355], [-8.13876176835e-05, 2.30411042139e-05, -0.000612115371041, -0.00110857666004, -0.000236449690419, 0.00685392227024, -0.00176692195237, 0.00053568551084, 0.000805676390883, -0.000464332231786, 0.00105521967635, -0.000637682212982, 0.00183331989683], [7.79796391726e-05, 0.000346425076714, -0.00125115865376, 0.000775789783802, -0.00106927682646, -0.00176692195237, 0.00743405986577, -0.00317583978176, 0.00139896245673, -6.97053037584e-05, -0.00266230548732, 0.00200778292492, 7.19236340956e-05], [-3.08499329549e-05, 8.94802578841e-05, 0.000461516552605, -9.63287238847e-05, 0.000106436142232, 0.00053568551084, -0.00317583978176, 0.0108107607812, -0.00082476332318, -0.00120624853298, -0.00070856657112, 0.000802637718152, -0.000435427733464], [0.000115120317787, -0.000480944145238, -0.0012754003983, -0.000765173928812, -0.00217116973363, 0.000805676390883, 0.00139896245673, -0.00082476332318, 0.0113898226991, -0.0042172591202, 0.00291042705067, -0.00504208775237, 0.00219092937186], [-8.6178231868e-05, 0.00103506317828, 0.000246564799454, -0.000175833789399, 0.000810180557892, -0.000464332231786, -6.97053037584e-05, -0.00120624853298, -0.0042172591202, 0.0167051572353, -0.00719404127449, 0.00233041960746, -0.000467279518489], [3.2089301385e-05, -0.000697580398992, 0.000476579385577, -0.000897712481674, -0.0013753422536, 0.00105521967635, -0.00266230548732, -0.00070856657112, 0.00291042705067, -0.00719404127449, 0.0184610206634, -0.00714032538235, 0.00127277977299], [-5.23803500982e-05, 0.00106933957431, -0.00133144215215, 0.00107325892895, 0.000811528530903, -0.000637682212982, 0.00200778292492, 0.000802637718152, -0.00504208775237, 0.00233041960746, -0.00714032538235, 0.0202973261476, -0.00463694194332], [2.45017909037e-05, -0.000394003727706, 0.000653819472063, -0.00154467462562, -0.00160096923355, 0.00183331989683, 7.19236340956e-05, -0.000435427733464, 0.00219092937186, -0.000467279518489, 0.00127277977299, -0.00463694194332, 0.0175694078207]]
    },
    "melbands": {
        "dmean": [0.000858000828885, 0.00230538425967, 0.00109244824853, 0.00171223806683, 0.000219979934627, 0.000146975347889, 0.00011870200251, 2.84992565867e-05, 2.96552043437e-05, 2.67008545052e-05, 3.09050737997e-05, 2.59870939772e-05, 1.83896754606e-05, 1.27387656903e-05, 1.27262255774e-05, 1.42023618537e-05, 1.63466520462e-05, 1.9276581952e-05, 1.281691857e-05, 1.3594630218e-05, 9.38629182201e-06, 4.88653722641e-06, 4.58366594103e-06, 4.55274994238e-06, 3.60720605386e-06, 3.06339825329e-06, 2.48283254223e-06, 2.62942830886e-06, 2.31193803302e-06, 1.84882992471e-06, 1.87894727333e-06, 2.51272354035e-06, 2.66779011326e-06, 2.5016215659e-06, 2.18793957174e-06, 1.92153220269e-06, 1.20287529626e-06, 9.9255942132e-07, 1.00730630948e-06, 8.54093343605e-07],
        "dmean2": [0.0012613623403, 0.00373670784757, 0.00183649011888, 0.0027999940794, 0.000354684219928, 0.000213064427953, 0.000182877323823, 4.20882024628e-05, 4.56428679172e-05, 3.83519582101e-05, 4.70346749353e-05, 3.98351439799e-05, 2.46340787271e-05, 1.82845233212e-05, 1.88521753444e-05, 2.06468830584e-05, 2.54309343291e-05, 3.13465570798e-05, 1.89004385902e-05, 1.97870122065e-05, 1.44784371514e-05, 7.55811242925e-06, 7.01180897522e-06, 6.92615094522e-06, 5.54898497285e-06, 4.88888645123e-06, 3.99712871513e-06, 4.04986030844e-06, 3.49995139004e-06, 2.85027203972e-06, 2.9163702493e-06, 3.88781791116e-06, 4.11759720009e-06, 3.85571001971e-06, 3.32007880388e-06, 2.90420462079e-06, 1.82649137059e-06, 1.53645589762e-06, 1.5800849269e-06, 1.33385708523e-06],
        "dvar": [2.63686615654e-06, 1.96343607968e-05, 2.77740946331e-06, 5.35269282409e-06, 9.10654378572e-08, 7.96789407786e-08, 6.38867021507e-08, 3.81665188343e-09, 4.60413529524e-09, 3.02587399581e-09, 4.5091508305e-09, 3.02980818212e-09, 3.89970988834e-09, 1.2809359129e-09, 8.46248071618e-10, 1.28171018243e-09, 1.04382225086e-09, 1.30293942302e-09, 5.64919944157e-10, 5.50421486167e-10, 3.90934590255e-10, 1.4532514081e-10, 8.45550018891e-11, 1.13112116895e-10, 9.35489810616e-11, 5.69111147097e-11, 4.41491079806e-11, 4.63648147653e-11, 5.17152744239e-11, 4.31241604926e-11, 5.22276250026e-11, 9.99660423884e-11, 1.64242133782e-10, 1.20996587749e-10, 6.3969281261e-11, 3.92246651826e-11, 1.22937823116e-11, 7.39510969822e-12, 7.57586788441e-12, 5.69505770667e-12],
        "dvar2": [5.77066793994e-06, 4.93986699439e-05, 7.5533139352e-06, 1.42604567372e-05, 2.46861844744e-07, 1.68410281276e-07, 1.62817897831e-07, 8.03709365726e-09, 1.06445163794e-08, 6.17597040176e-09, 1.07690318885e-08, 7.17409642803e-09, 5.47458833822e-09, 2.3895001533e-09, 1.67776470494e-09, 2.33498820279e-09, 2.24479501654e-09, 3.02643954342e-09, 1.23259058515e-09, 1.11222797639e-09, 8.05720767882e-10, 3.19669429816e-10, 1.68000752199e-10, 2.44989667442e-10, 2.28956020809e-10, 1.38753827872e-10, 1.12018304355e-10, 1.04444723703e-10, 1.05792617722e-10, 9.9782022922e-11, 1.2252997228e-10, 2.27011756615e-10, 3.89247495347e-10, 2.85009238432e-10, 1.29056584863e-10, 8.32768437542e-11, 2.7609066075e-11, 1.77838681281e-11, 1.92114345265e-11, 1.45476686253e-11],
        "max": [0.0164686143398, 0.0479622967541, 0.0227750129998, 0.0262528173625, 0.00673460913822, 0.00672866404057, 0.00489055039361, 0.00161713419948, 0.00213594525121, 0.00203494960442, 0.00203720107675, 0.00184255011845, 0.00285946112126, 0.00161853281315, 0.000761651957873, 0.00193801568821, 0.00117018376477, 0.000932311580982, 0.000724522164091, 0.000482182746055, 0.000774728425313, 0.000608284084592, 0.000335900433129, 0.00038979537203, 0.000444358302047, 0.000172304789885, 0.000159436574904, 0.000186865276191, 0.000412138993852, 0.000262350571575, 0.000378519296646, 0.000411488697864, 0.000645964231808, 0.000408730673371, 0.00025578882196, 0.00018526968779, 0.000140445234138, 7.97112006694e-05, 7.34754139557e-05, 8.92561802175e-05],
        "mean": [0.00097713409923, 0.00288186292164, 0.00210618251003, 0.00294311554171, 0.000513406295795, 0.000350315007381, 0.000230586359976, 7.08090228727e-05, 6.40544603812e-05, 6.43193852738e-05, 6.83030884829e-05, 6.19836428086e-05, 5.73438046558e-05, 2.81168468064e-05, 2.42851874646e-05, 3.1004405173e-05, 3.30417788064e-05, 3.54645453626e-05, 2.9917451684e-05, 3.07589434669e-05, 1.77114507096e-05, 9.81767061603e-06, 9.21862283576e-06, 9.07571575226e-06, 7.19770741853e-06, 4.91611081088e-06, 3.66214180758e-06, 4.31314492744e-06, 3.52052779817e-06, 2.42244482251e-06, 2.21447498916e-06, 2.76233890872e-06, 2.91737114821e-06, 2.68582402896e-06, 2.44777288572e-06, 2.09729228118e-06, 1.34508366045e-06, 1.1315462416e-06, 1.14164663501e-06, 9.16792089356e-07],
        "median": [0.000199788977625, 0.000804704148322, 0.00111541175283, 0.00194734765682, 0.00032752219704, 0.000108134161565, 9.53245253186e-05, 3.27139969158e-05, 2.49053409789e-05, 2.73442401522e-05, 2.29342767852e-05, 1.95905086002e-05, 8.04901628726e-06, 6.06111734669e-06, 8.65734455147e-06, 1.02505655377e-05, 1.78299596882e-05, 1.53340733959e-05, 9.99663734547e-06, 1.18701664178e-05, 7.7608438005e-06, 4.11501332565e-06, 3.50731647814e-06, 2.35196398535e-06, 1.40949839533e-06, 1.27677094497e-06, 9.59949261414e-07, 1.03523393591e-06, 6.92540822911e-07, 4.11551695834e-07, 3.9409988517e-07, 4.17123402485e-07, 2.85154442281e-07, 2.2817218337e-07, 2.79988682905e-07, 2.75556288898e-07, 2.33891626067e-07, 2.44555252493e-07, 2.7490190746e-07, 1.98023883513e-07],
        "min": [4.12704731024e-24, 3.29564648906e-24, 3.67536133313e-24, 5.73825942156e-24, 3.68173690697e-23, 2.29314576073e-23, 6.98293204642e-24, 8.12652082375e-24, 1.82415264867e-23, 8.73921331162e-24, 7.87763126385e-24, 9.88755892021e-24, 4.55385024782e-24, 1.0156973852e-23, 8.48335179904e-24, 1.01772388998e-23, 8.57744397237e-24, 4.68008140329e-24, 5.73253781341e-24, 6.54079601943e-24, 1.5718754045e-23, 8.5933781738e-24, 8.24512369427e-24, 1.07054980273e-23, 1.02052071743e-23, 1.73543971786e-23, 8.34440262806e-24, 9.8222223046e-24, 6.50359688901e-24, 9.45634230587e-24, 1.09168827731e-23, 1.32714377266e-23, 8.30184358222e-24, 9.87518011489e-24, 1.59915926331e-23, 9.02860930128e-24, 1.25698745357e-23, 1.29748165599e-23, 9.52965667182e-24, 1.15766103036e-23],
        "var": [3.49182437276e-06, 2.42209225689e-05, 6.59773058942e-06, 1.00907254819e-05, 3.29629813223e-07, 3.67508590671e-07, 1.38810861472e-07, 1.21757626204e-08, 1.12406794983e-08, 1.26092363217e-08, 1.57585056115e-08, 1.28215909001e-08, 4.74958632424e-08, 5.67707880705e-09, 2.45271603028e-09, 4.83385065309e-09, 2.70280042791e-09, 3.97472099678e-09, 2.39147079917e-09, 2.13556838879e-09, 1.05507236281e-09, 3.80355996699e-10, 3.18162385327e-10, 3.36747463248e-10, 2.64970684283e-10, 1.14267768858e-10, 6.65123095489e-11, 9.45605399538e-11, 9.66317720286e-11, 6.39382366496e-11, 6.85111967158e-11, 1.28658597665e-10, 2.13518258629e-10, 1.65894242787e-10, 1.06727571225e-10, 5.77959138881e-11, 1.69361330515e-11, 9.30581826875e-12, 8.35155642559e-12, 5.3651527665e-12]
    },
    "mfcc": {
        "mean": [-683.330566406, 129.997421265, 11.3199367523, 21.1765842438, 23.1837043762, 8.07979488373, -4.82974481583, -4.3826379776, -1.79821777344, -1.52685809135, -9.11660385132, -11.1551446915, -10.0150651932],
        "cov": [[12770.3300781, 166.302001953, 155.73651123, 464.373626709, 344.916778564, 341.211517334, 374.618377686, 65.4226608276, 79.2238998413, 107.709938049, 25.3517246246, 31.9731636047, -9.09969806671], [166.302001953, 1748.98974609, -399.259429932, -156.66986084, 7.29841423035, -167.508285522, -76.613899231, -86.4744033813, -52.5786094666, -99.5228347778, -90.9823532104, -79.5984115601, -82.8615036011], [155.73651123, -399.259429932, 721.390319824, 27.5999984741, 10.0780496597, 162.069946289, 19.5827903748, 107.661560059, 48.3799552917, 23.182352066, 85.2551956177, 69.0926895142, 29.5515174866], [464.373626709, -156.66986084, 27.5999984741, 224.162445068, 66.849395752, 17.761472702, 12.9968109131, -1.66281056404, 22.7824516296, 25.4314155579, 5.08855485916, 21.8953132629, 16.9896087646], [344.916778564, 7.29841423035, 10.0780496597, 66.849395752, 222.260864258, 63.6603851318, -46.3451194763, 18.0446605682, 16.594121933, 24.6703681946, -9.62837696075, -0.336074262857, 18.9139995575], [341.211517334, -167.508285522, 162.069946289, 17.761472702, 63.6603851318, 207.299804688, 29.0940074921, 49.8081970215, 14.8540124893, 39.0245399475, 28.2984981537, 6.0117893219, 34.270160675], [374.618377686, -76.613899231, 19.5827903748, 12.9968109131, -46.3451194763, 29.0940074921, 249.831436157, 38.8200454712, 26.0002326965, 37.5512199402, 31.3972854614, 27.929769516, 5.22987651825], [65.4226608276, -86.4744033813, 107.661560059, -1.66281056404, 18.0446605682, 49.8081970215, 38.8200454712, 117.686447144, 29.3287372589, 21.7320461273, 28.2160491943, 17.8526248932, 18.6185455322], [79.2238998413, -52.5786094666, 48.3799552917, 22.7824516296, 16.594121933, 14.8540124893, 26.0002326965, 29.3287372589, 97.4648666382, 22.3904743195, 13.773601532, 19.3705921173, 4.48240709305], [107.709938049, -99.5228347778, 23.182352066, 25.4314155579, 24.6703681946, 39.0245399475, 37.5512199402, 21.7320461273, 22.3904743195, 101.469924927, 26.2676181793, 3.46821975708, 32.2860031128], [25.3517246246, -90.9823532104, 85.2551956177, 5.08855485916, -9.62837696075, 28.2984981537, 31.3972854614, 28.2160491943, 13.773601532, 26.2676181793, 103.168312073, 51.4739151001, 11.1502275467], [31.9731636047, -79.5984115601, 69.0926895142, 21.8953132629, -0.336074262857, 6.0117893219, 27.929769516, 17.8526248932, 19.3705921173, 3.46821975708, 51.4739151001, 96.3801193237, 23.4451408386], [-9.09969806671, -82.8615036011, 29.5515174866, 16.9896087646, 18.9139995575, 34.270160675, 5.22987651825, 18.6185455322, 4.48240709305, 32.2860031128, 11.1502275467, 23.4451408386, 92.0119171143]],
