{
"lowlevel": {
    "average_loudness": 0.785667717457,
    "barkbands_crest": {
        "dmean": 2.23805999756,
        "dmean2": 3.67225432396,
        "dvar": 4.21487808228,
        "dvar2": 11.4979343414,
        "max": 24.2227897644,
        "mean": 9.15888786316,
        "median": 8.55539703369,
        "min": 2.73312354088,
        "var": 10.8982610703
    },
    "barkbands_flatness_db": {
        "dmean": 0.0177325345576,
        "dmean2": 0.026977321133,
        "dvar": 0.000311056268401,
        "dvar2": 0.000689289998263,
        "max": 0.445680230856,
        "mean": 0.137444660068,
        "median": 0.127281248569,
        "min": 0.0217925906181,
        "var": 0.00278356834315
    },
    "barkbands_kurtosis": {
        "dmean": 2.26295733452,
        "dmean2": 3.59020233154,
        "dvar": 20.4933185577,
        "dvar2": 55.9061355591,
        "max": 163.813064575,
        "mean": 3.97580552101,
        "median": 2.01504516602,
        "min": -1.85483050346,
        "var": 51.4322547913
    },
    "barkbands_skewness": {
        "dmean": 0.434860706329,
        "dmean2": 0.676146447659,
        "dvar": 0.207075491548,
        "dvar2": 0.502187490463,
        "max": 10.5974712372,
        "mean": 1.68920433521,
        "median": 1.55962097645,
        "min": -2.75627875328,
        "var": 1.0003964901
    },
    "barkbands_spread": {
        "dmean": 4.55553340912,
        "dmean2": 7.06643533707,
        "dvar": 24.3021259308,
        "dvar2": 55.0559120178,
        "max": 80.921333313,
        "mean": 23.2702941895,
        "median": 21.4900684357,
        "min": 0.692054927349,
        "var": 156.371627808
    },
    "dissonance": {
        "dmean": 0.0150405662134,
        "dmean2": 0.0253367144614,
        "dvar": 0.000265027367277,
        "dvar2": 0.000727558857761,
        "max": 0.5,
        "mean": 0.466593027115,
        "median": 0.474492907524,
        "min": 0.24539744854,
        "var": 0.000748268561438
    },
    "dynamic_complexity": 2.40172243118,
    "erbbands_crest": {
        "dmean": 2.14781022072,
        "dmean2": 3.4505007267,
        "dvar": 5.24606370926,
        "dvar2": 12.8248090744,
        "max": 32.4485244751,
        "mean": 8.0489692688,
        "median": 6.74931192398,
        "min": 2.37351870537,
        "var": 18.3733444214
    },
    "erbbands_flatness_db": {
        "dmean": 0.0150352045894,
        "dmean2": 0.0210324134678,
        "dvar": 0.000272617617156,
        "dvar2": 0.000509161618538,
        "max": 0.419571071863,
        "mean": 0.161328539252,
        "median": 0.155503898859,
        "min": 0.0570144280791,
        "var": 0.00189488986507
    },
    "erbbands_kurtosis": {
        "dmean": 0.559577167034,
        "dmean2": 0.871368288994,
        "dvar": 0.84206199646,
        "dvar2": 1.92956197262,
        "max": 30.4499206543,
        "mean": -0.304246723652,
        "median": -0.819822072983,
        "min": -1.86605715752,
        "var": 2.53536248207
    },
    "erbbands_skewness": {
        "dmean": 0.269841611385,
        "dmean2": 0.412333339453,
        "dvar": 0.0605901516974,
        "dvar2": 0.138953879476,
        "max": 4.20548915863,
        "mean": 0.277391195297,
        "median": 0.27123054862,
        "min": -2.81006240845,
        "var": 0.454058736563
    },
    "erbbands_spread": {
        "dmean": 7.21551799774,
        "dmean2": 11.0500822067,
        "dvar": 62.7241325378,
        "dvar2": 140.662994385,
        "max": 144.70640564,
        "mean": 49.256980896,
        "median": 50.2804298401,
        "min": 3.27725625038,
        "var": 357.395294189
    },
    "hfc": {
        "dmean": 4.40011692047,
        "dmean2": 6.59770584106,
        "dvar": 38.30727005,
        "dvar2": 85.753616333,
        "max": 105.374435425,
        "mean": 20.2240543365,
        "median": 16.9140720367,
        "min": 1.09218724472e-16,
        "var": 211.929229736
    },
    "melbands_crest": {
        "dmean": 3.08771657944,
        "dmean2": 5.04237365723,
        "dvar": 7.76258277893,
        "dvar2": 21.0247802734,
        "max": 33.5824623108,
        "mean": 13.5480051041,
        "median": 12.8811092377,
        "min": 1.00059831142,
        "var": 19.4308891296
    },
    "melbands_flatness_db": {
        "dmean": 0.0214875489473,
        "dmean2": 0.0328999757767,
        "dvar": 0.000461902585812,
        "dvar2": 0.00107742159162,
        "max": 0.567127227783,
        "mean": 0.196998283267,
        "median": 0.184390559793,
        "min": 1.33744293862e-07,
        "var": 0.0045276065357
    },
    "melbands_kurtosis": {
        "dmean": 5.93290424347,
        "dmean2": 9.37897872925,
        "dvar": 104.562599182,
        "dvar2": 252.91583252,
        "max": 335.815582275,
        "mean": 14.3110055923,
        "median": 10.0093584061,
        "min": -1.72614479065,
        "var": 270.183746338
    },
    "melbands_skewness": {
        "dmean": 0.622698009014,
        "dmean2": 0.967867314816,
        "dvar": 0.452425062656,
        "dvar2": 1.08645248413,
        "max": 13.3272390366,
        "mean": 2.94184994698,
        "median": 2.79250907898,
        "min": -1.30251920223,
        "var": 1.94559812546
    },
    "melbands_spread": {
        "dmean": 5.50251531601,
        "dmean2": 8.60800457001,
        "dvar": 42.9541168213,
        "dvar2": 100.836624146,
        "max": 182.347457886,
        "mean": 22.3029022217,
        "median": 19.6361255646,
        "min": 0.633572995663,
        "var": 215.064590454
    },
    "pitch_salience": {
        "dmean": 0.0627584755421,
        "dmean2": 0.102847382426,
        "dvar": 0.00311097153462,
        "dvar2": 0.00853052269667,
        "max": 0.996084392071,
        "mean": 0.589033901691,
        "median": 0.593541920185,
        "min": 0.197130709887,
        "var": 0.00899505894631
    },
    "silence_rate_20dB": {
        "dmean": 0,
        "dmean2": 0,
        "dvar": 0,
        "dvar2": 0,
        "max": 1,
        "mean": 1,
        "median": 1,
        "min": 1,
        "var": 0
    },
    "silence_rate_30dB": {
        "dmean": 0.000540930428542,
        "dmean2": 0.00108195829671,
        "dvar": 0.000540655164514,
        "dvar2": 0.00144141947385,
        "max": 1,
        "mean": 0.999639391899,
        "median": 1,
        "min": 0,
        "var": 0.000360468053259
    },
    "silence_rate_60dB": {
        "dmean": 0.00414713285863,
        "dmean2": 0.0082950135693,
        "dvar": 0.00413027778268,
        "dvar2": 0.0096686873585,
        "max": 1,
        "mean": 0.0210042372346,
        "median": 0,
        "min": 0,
        "var": 0.0205633658916
    },
    "spectral_centroid": {
        "dmean": 216.227005005,
        "dmean2": 336.098480225,
        "dvar": 53157.0664062,
        "dvar2": 118280.921875,
        "max": 11314.1748047,
        "mean": 1454.75744629,
        "median": 1374.62634277,
        "min": 193.473846436,
        "var": 516633.46875
    },
    "spectral_complexity": {
        "dmean": 3.31842780113,
        "dmean2": 5.17356395721,
        "dvar": 12.1986923218,
        "dvar2": 26.4129199982,
        "max": 57,
        "mean": 21.0931224823,
        "median": 20,
        "min": 0,
        "var": 101.230888367
    },
    "spectral_decrease": {
        "dmean": 2.26625251898e-09,
        "dmean2": 3.59218366164e-09,
        "dvar": 1.12070060712e-17,
        "dvar2": 2.78690780306e-17,
        "max": 3.05385274225e-28,
        "mean": -6.67784938457e-09,
        "median": -5.66762681231e-09,
        "min": -3.38278276502e-08,
        "var": 2.02054614135e-17
    },
    "spectral_energy": {
        "dmean": 0.00884142238647,
        "dmean2": 0.0139789246023,
        "dvar": 0.000167672493262,
        "dvar2": 0.000415186979808,
        "max": 0.136734366417,
        "mean": 0.0270382463932,
        "median": 0.0231149718165,
        "min": 1.0227811201e-20,
        "var": 0.000318479869748
    },
    "spectral_energyband_high": {
        "dmean": 0.000358239136403,
        "dmean2": 0.000549718388356,
        "dvar": 3.26910424064e-07,
        "dvar2": 7.34249965717e-07,
        "max": 0.0136116351932,
        "mean": 0.00123018189333,
        "median": 0.000722685654182,
        "min": 7.20290863615e-21,
        "var": 1.7633948346e-06
    },
    "spectral_energyband_low": {
        "dmean": 0.00527246436104,
        "dmean2": 0.00864802859724,
        "dvar": 0.000107271102024,
        "dvar2": 0.000277390645351,
        "max": 0.100648529828,
        "mean": 0.00832908879966,
        "median": 0.00522889848799,
        "min": 2.49687792475e-23,
        "var": 0.000112378271297
    },
    "spectral_energyband_middle_high": {
        "dmean": 0.00131432688795,
        "dmean2": 0.00198858231306,
        "dvar": 6.3779998527e-06,
        "dvar2": 1.53822202265e-05,
        "max": 0.0907053276896,
        "mean": 0.00453515490517,
        "median": 0.00314859044738,
        "min": 1.39198139273e-21,
        "var": 3.08769485855e-05
    },
    "spectral_energyband_middle_low": {
        "dmean": 0.00494941463694,
        "dmean2": 0.00774884130806,
        "dvar": 5.67147690163e-05,
        "dvar2": 0.000137106602779,
        "max": 0.101834796369,
        "mean": 0.0154300695285,
        "median": 0.0129892146215,
        "min": 1.8066994798e-22,
        "var": 0.000123182893731
    },
    "spectral_entropy": {
        "dmean": 0.122778445482,
        "dmean2": 0.177314832807,
        "dvar": 0.0212868191302,
        "dvar2": 0.0408071614802,
        "max": 9.81457424164,
        "mean": 7.54644870758,
        "median": 7.65444803238,
        "min": 5.01773738861,
        "var": 0.214684247971
    },
    "spectral_flux": {
        "dmean": 0.0227144807577,
        "dmean2": 0.0351408347487,
        "dvar": 0.000778162211645,
        "dvar2": 0.00159422133584,
        "max": 0.285499185324,
        "mean": 0.0794873014092,
        "median": 0.0697678700089,
        "min": 6.48377254664e-11,
        "var": 0.00204527261667
    },
    "spectral_kurtosis": {
        "dmean": 1.61208426952,
        "dmean2": 2.72828912735,
        "dvar": 12.2473936081,
        "dvar2": 32.5936813354,
        "max": 164.590927124,
        "mean": 3.42688965797,
        "median": 2.02707290649,
        "min": -1.23338067532,
        "var": 33.5337524414
    },
    "spectral_rms": {
        "dmean": 0.00075833091978,
        "dmean2": 0.00117443804629,
        "dvar": 8.56037445374e-07,
        "dvar2": 2.02571072805e-06,
        "max": 0.0115498648956,
        "mean": 0.00486909551546,
        "median": 0.00474880961701,
        "min": 3.15885295352e-12,
        "var": 2.67067821369e-06
    },
    "spectral_rolloff": {
        "dmean": 449.153045654,
        "dmean2": 746.307434082,
        "dvar": 503887.84375,
        "dvar2": 1128170.125,
        "max": 19336.8164062,
        "mean": 1470.65319824,
        "median": 947.4609375,
        "min": 64.599609375,
        "var": 2098401.5
    },
    "spectral_skewness": {
        "dmean": 0.207140445709,
        "dmean2": 0.334958463907,
        "dvar": 0.0719712376595,
        "dvar2": 0.183149382472,
        "max": 9.70715141296,
        "mean": 1.13071143627,
        "median": 0.973053634167,
        "min": -0.0151156578213,
        "var": 0.449492305517
    },
    "spectral_spread": {
        "dmean": 391531.84375,
        "dmean2": 561640.4375,
        "dvar": 455255785472,
        "dvar2": 873770254336,
        "max": 42330664,
        "mean": 4258928,
        "median": 4107499,
        "min": 513844.8125,
        "var": 2.75383766221e+12
    },
    "spectral_strongpeak": {
        "dmean": 0.46619990468,
        "dmean2": 0.782824873924,
        "dvar": 0.763903319836,
        "dvar2": 1.897534132,
        "max": 16.2637119293,
        "mean": 0.909685373306,
        "median": 0.566600680351,
        "min": 0,
        "var": 1.38000416756
    },
    "zerocrossingrate": {
        "dmean": 0.00788852386177,
        "dmean2": 0.00975615996867,
        "dvar": 8.35678147268e-05,
        "dvar2": 0.000114877118904,
        "max": 0.5244140625,
        "mean": 0.0602299533784,
        "median": 0.0556640625,
        "min": 0.00244140625,
        "var": 0.00120615912601
    },
    "barkbands": {
        "dmean": [0.000762386946008, 0.00273261987604, 0.00177677161992, 0.00204092776403, 0.00192444387358, 0.00184810359497, 0.000674406648614, 0.000445931771537, 0.000809635675978, 0.000604062806815, 0.000294452329399, 0.000323838467011, 0.0002286156232, 0.000260399654508, 0.0001202788917, 0.000110484637844, 0.000111608416773, 0.000124000798678, 0.000177225243533, 0.000173188585904, 0.00018208444817, 9.23106927075e-05, 6.43772727926e-05, 3.20586877933e-05, 1.91278541024e-05, 1.09315978989e-05, 1.21282278087e-06],
        "dmean2": [0.00136024027597, 0.00463607674465, 0.00301152677275, 0.00326661462896, 0.00308091705665, 0.00315091595985, 0.00105042173527, 0.000684288854245, 0.00123560300563, 0.000918363628443, 0.000459453556687, 0.000493377854582, 0.000363116123481, 0.000405121303629, 0.000193042607862, 0.000174944536411, 0.000177901019924, 0.000199725051061, 0.000279533996945, 0.000278519321, 0.000297014194075, 0.000153765809955, 9.25915010157e-05, 4.77576650155e-05, 2.80476670014e-05, 1.7753955035e-05, 1.97066697183e-06],
        "dvar": [5.93752292843e-06, 4.75709603052e-05, 1.26596423797e-05, 1.0228885003e-05, 7.34074228603e-06, 2.66153037956e-05, 1.55515942879e-06, 1.22034589367e-06, 3.52799338543e-06, 4.18649460698e-06, 5.0907175364e-07, 1.1421925592e-06, 6.69795099384e-07, 8.47990691e-07, 9.3886605157e-08, 4.68164920164e-08, 3.4874641841e-08, 4.67070471188e-08, 7.65303411754e-08, 1.10547134113e-07, 9.96720856961e-08, 2.78507119589e-08, 1.80644050829e-08, 6.87241108466e-09, 2.28674679192e-09, 1.34957078846e-09, 1.99922821353e-11],
        "dvar2": [1.59363371495e-05, 0.000126598679344, 3.55240626959e-05, 2.59729476966e-05, 1.88030426216e-05, 7.37238660804e-05, 3.662241852e-06, 2.68553981186e-06, 8.02833437774e-06, 9.86832947092e-06, 1.29275224481e-06, 2.60477054326e-06, 1.77104902832e-06, 1.93272057913e-06, 2.4094327955e-07, 1.07235088365e-07, 8.03853055231e-08, 1.12187812817e-07, 1.79219298957e-07, 2.57945714566e-07, 2.52386286093e-07, 7.25441609006e-08, 3.6513881696e-08, 1.5046769164e-08, 5.03952657382e-09, 3.53219697935e-09, 5.03041844291e-11],
        "max": [0.023127336055, 0.0763273537159, 0.049322001636, 0.0514586120844, 0.0512859709561, 0.0671152919531, 0.0312201082706, 0.0335869602859, 0.0477419830859, 0.0840732380748, 0.0155842024833, 0.026159459725, 0.0368075780571, 0.0235450938344, 0.00800960790366, 0.00676203519106, 0.00615309365094, 0.00604510633275, 0.00916803348809, 0.0167787391692, 0.0080556217581, 0.00271715503186, 0.00362359941937, 0.00224643014371, 0.00121930672321, 0.000739654409699, 0.000150507650687],
        "mean": [0.000569157418795, 0.00296260789037, 0.00257274950854, 0.00400920119137, 0.00426999619231, 0.00269601889886, 0.00145473703742, 0.000863192602992, 0.00169355142862, 0.00121988775209, 0.000518817978445, 0.000515551597346, 0.000366700231098, 0.000390202912968, 0.000219344015932, 0.000240396504523, 0.000250967917964, 0.00028071529232, 0.000485921482323, 0.000475637818454, 0.000529151060618, 0.000201932023629, 0.000142746896017, 6.35787509964e-05, 3.2112995541e-05, 1.22495966934e-05, 1.13186740691e-06],
        "median": [6.5961801738e-05, 0.000876677630004, 0.00124272692483, 0.00241071241908, 0.0030535585247, 0.00145207089372, 0.000795383471996, 0.000392021989683, 0.000660095945932, 0.000354981486453, 0.000230155666941, 0.0001713889651, 0.000106800478534, 0.000115208225907, 8.32008518046e-05, 0.000121708399092, 0.000148594030179, 0.00017954975192, 0.000325506931404, 0.000274903839454, 0.000297371472698, 0.000111182394903, 5.79107909289e-05, 1.88681897271e-05, 1.05769104266e-05, 1.80961421847e-06, 3.94421313388e-08],
        "min": [9.10557984031e-25, 6.33558134911e-24, 1.72802111213e-24, 1.39018501998e-24, 1.62880528722e-23, 1.32657500395e-23, 9.6004198616e-24, 1.58780376836e-23, 3.45291044647e-23, 1.75105017077e-23, 1.79445834648e-23, 2.51927589466e-23, 4.23676082276e-23, 4.09125353553e-23, 8.8825618021e-23, 6.45592846998e-23, 1.15385674865e-22, 1.91081220611e-22, 1.82707556765e-22, 2.8416753949e-22, 2.96389607619e-22, 3.7610982073e-22, 4.43932698725e-22, 5.52123924269e-22, 9.12481189842e-22, 1.29521297407e-21, 1.98055775901e-21],
        "var": [4.04698721468e-06, 3.93830778194e-05, 1.46706488522e-05, 2.23517999984e-05, 1.7627444322e-05, 2.14475421672e-05, 4.69315136797e-06, 3.83217729905e-06, 1.26431441458e-05, 1.62058913702e-05, 1.03307263544e-06, 1.89426782526e-06, 1.07293101337e-06, 1.37348331464e-06, 2.14526735931e-07, 1.74742694981e-07, 1.13482585107e-07, 1.26272922785e-07, 3.25933569911e-07, 4.43197933464e-07, 4.48540163234e-07, 6.30222416476e-08, 5.32827293398e-08, 1.60669753058e-08, 4.1203085388e-09, 1.25929922046e-09, 1.95685568444e-11]
    },
    "erbbands": {
        "dmean": [0.115010678768, 0.490807265043, 1.76136815548, 4.6678404808, 5.87912130356, 7.27665281296, 15.5961151123, 11.4710683823, 9.43430519104, 9.50994491577, 10.3071432114, 19.005525589, 19.6600074768, 11.2835979462, 10.9728841782, 13.7607908249, 10.6541395187, 11.6694574356, 8.98007106781, 5.26018571854, 5.21940374374, 5.7675204277, 6.35964632034, 9.10846805573, 8.01997756958, 8.78269672394, 8.04525089264, 6.35751533508, 3.40171265602, 2.4656484127, 1.68486511707, 0.906928896904, 0.427600651979, 0.220253840089, 0.137318223715, 0.0613297075033, 0.0174740385264, 0.00291311112233, 0.00019816448912, 1.50801997734e-05],
        "dmean2": [0.196140632033, 0.850319385529, 3.00614690781, 7.46054601669, 9.3490447998, 11.7629175186, 26.2505836487, 19.3975906372, 15.1756982803, 14.3208932877, 15.911740303, 28.9081802368, 30.1599807739, 17.2157993317, 17.0866165161, 20.9530677795, 16.7166843414, 18.2472400665, 14.1777534485, 8.31799411774, 8.26461791992, 9.16387271881, 10.1206817627, 14.5918254852, 12.6252622604, 14.1042118073, 13.1100902557, 10.4063482285, 5.74065732956, 3.77468276024, 2.42462277412, 1.35963964462, 0.630422353745, 0.327146679163, 0.202927082777, 0.0968786925077, 0.028763635084, 0.00475809816271, 0.000319977174513, 2.35432707996e-05],
        "dvar": [0.0760529190302, 1.8224657774, 14.7930517197, 44.7969093323, 88.4991836548, 113.478096008, 1861.49438477, 761.752868652, 241.672485352, 514.746337891, 629.100646973, 2129.77832031, 3378.0559082, 1178.29052734, 904.173339844, 2329.85229492, 1321.4831543, 1670.46374512, 629.342956543, 150.286651611, 73.8174057007, 84.4319839478, 134.193023682, 300.188476562, 131.366958618, 360.355133057, 216.176483154, 126.882514954, 38.7756843567, 20.67045784, 14.7154312134, 5.69420480728, 1.29511010647, 0.324457913637, 0.129504069686, 0.0383027531207, 0.00372148514725, 9.47285589064e-05, 5.73186468955e-07, 1.34161770582e-09],
        "dvar2": [0.196331262589, 4.97855615616, 40.9569244385, 113.843566895, 231.091873169, 301.565032959, 5064.61035156, 2115.20825195, 632.627807617, 1180.97680664, 1433.20471191, 4839.13818359, 7794.47412109, 2768.06933594, 2300.74072266, 5364.61767578, 3469.41748047, 3793.0534668, 1529.06713867, 362.42010498, 176.036437988, 193.041671753, 309.183746338, 707.745239258, 311.409423828, 787.203308105, 560.643737793, 312.231140137, 102.192382812, 46.4081306458, 29.5019187927, 12.5805892944, 2.84161186218, 0.741156458855, 0.292430460453, 0.0976348444819, 0.00990404561162, 0.000241909539909, 1.43203851621e-06, 3.46871531498e-09],
        "max": [3.02730560303, 15.7117233276, 46.7875823975, 102.152282715, 150.806091309, 219.8309021, 533.616638184, 515.223510742, 381.067596436, 751.811157227, 799.136657715, 1141.56237793, 2412.87866211, 1363.51550293, 742.096008301, 1330.83679199, 1918.60131836, 1211.4375, 584.161376953, 581.34552002, 247.44909668, 275.24911499, 431.759094238, 504.815093994, 356.368377686, 1120.67980957, 317.023986816, 422.399353027, 107.918983459, 82.8811950684, 118.481048584, 87.1446456909, 39.7907066345, 15.8566484451, 11.8923101425, 3.8723731041, 1.19932997227, 0.141114085913, 0.0279639717191, 0.00187718169764],
        "mean": [0.120232090354, 0.546788036823, 2.42546033859, 9.68967819214, 11.6478328705, 15.6228599548, 22.7514572144, 18.9230155945, 20.0881652832, 21.4073371887, 21.0930843353, 39.9713401794, 41.1825752258, 24.0958709717, 19.4331226349, 22.6070404053, 18.7562103271, 19.1343460083, 16.0871334076, 11.4392490387, 12.9770069122, 14.3676872253, 15.1504478455, 22.820268631, 22.4894790649, 23.6183128357, 22.7614803314, 17.2835407257, 7.69476747513, 5.62460613251, 3.79270458221, 1.84168159962, 0.812175750732, 0.39045676589, 0.21315138042, 0.0757305398583, 0.0184468273073, 0.00293875182979, 0.000199330563191, 3.86118954339e-05],
        "median": [0.0229967068881, 0.199220582843, 1.1853954792, 6.3987197876, 8.3959312439, 10.5456380844, 11.5318393707, 10.9423093796, 12.0799751282, 10.6415748596, 10.5401830673, 15.4188776016, 14.8953838348, 10.1967458725, 7.31317996979, 7.93308782578, 6.74036359787, 6.51896905899, 5.93113136292, 5.54295301437, 7.99375295639, 9.10191440582, 9.85159873962, 14.3816347122, 15.6302480698, 13.9544582367, 13.2889957428, 9.31918048859, 4.34436035156, 2.45571064949, 1.50757563114, 0.575626254082, 0.252111792564, 0.137752309442, 0.0638150423765, 0.014435486868, 0.00227914797142, 0.000258454587311, 2.44243892666e-05, 3.04280401906e-05],
        "min": [2.74174325273e-22, 1.30096022335e-21, 2.69384129616e-21, 6.70847475359e-21, 2.41051319555e-20, 4.2685472901e-20, 4.41498410792e-20, 1.42043377239e-19, 1.4125126133e-19, 2.33773803913e-19, 4.44763848431e-19, 8.25696030149e-19, 7.55023889961e-19, 8.15809981058e-19, 1.61191693351e-18, 1.80958456218e-18, 2.31087627932e-18, 3.24146584217e-18, 3.13289921395e-18, 4.99115901249e-18, 4.90500153425e-18, 7.39526681865e-18, 1.07285391623e-17, 8.49068638742e-18, 1.13942061428e-17, 1.24707585489e-17, 1.19062532758e-17, 1.31183036566e-17, 1.46783447852e-17, 1.25713023524e-17, 1.22649791736e-17, 1.22260735607e-17, 9.69946692324e-18, 9.44762351394e-18, 7.17250956123e-18, 5.27373342231e-18, 2.32958565721e-18, 9.53366808203e-19, 2.73856158813e-19, 2.69514055134e-20],
        "var": [0.0675356760621, 1.37914800644, 13.9625892639, 109.531936646, 140.375900269, 279.034851074, 1620.06494141, 755.498901367, 636.847473145, 1714.00231934, 1594.45214844, 7591.91650391, 11420.4179688, 4271.28271484, 1940.05358887, 3684.64257812, 2072.48461914, 2969.76953125, 1110.85021973, 445.302307129, 308.213684082, 329.445922852, 381.688812256, 990.74407959, 544.164001465, 1332.91467285, 814.494262695, 569.434082031, 85.9813079834, 62.7835235596, 41.4155311584, 13.4172677994, 2.87298059464, 0.576537668705, 0.209469974041, 0.0400781854987, 0.00331465178169, 9.17957440834e-05, 5.58637282211e-07, 1.46334444562e-09]
    },
    "gfcc": {
        "mean": [-3.31868386269, 107.646568298, -125.541320801, 48.5954704285, -71.3948516846, 0.373183637857, -30.6351528168, 1.09382605553, -27.4024925232, -4.31530570984, -16.9918251038, -6.09794664383, -9.02793502808],
        "cov": [[9372.88769531, -1214.84436035, -449.180633545, 513.445617676, -675.181091309, 378.574920654, -326.315979004, 106.441894531, -341.276702881, 292.389984131, -196.093490601, 148.960861206, -110.131919861], [-1214.84436035, 1335.22937012, -120.636474609, -62.5999183655, 327.546569824, -231.226394653, 195.891265869, -84.0965118408, 135.384231567, -151.330337524, 110.757415771, -123.303497314, 83.8083724976], [-449.180633545, -120.636474609, 694.430297852, 44.5522689819, 118.503471375, 129.932220459, -54.0661354065, 78.2230377197, 14.4626617432, 21.9404506683, -41.3882141113, 54.6074867249, -31.5649623871], [513.445617676, -62.5999183655, 44.5522689819, 468.273223877, 1.81776380539, 21.0969467163, 47.5191802979, 37.3762702942, 33.9792861938, 38.9998664856, -32.4512062073, -28.7285366058, 85.2462997437], [-675.181091309, 327.546569824, 118.503471375, 1.81776380539, 279.931213379, -40.9484214783, 66.2244110107, 18.2316188812, 71.050163269, -5.38950252533, 16.3154201508, -10.1403331757, 23.8675823212], [378.574920654, -231.226394653, 129.932220459, 21.0969467163, -40.9484214783, 250.462997437, -0.898236215115, 62.150592804, -12.9587936401, 33.819355011, 10.3161582947, 34.9445648193, -17.996925354], [-326.315979004, 195.891265869, -54.0661354065, 47.5191802979, 66.2244110107, -0.898236215115, 233.94090271, 42.3556938171, 12.5847387314, -5.6449508667, 36.0668029785, -25.5001354218, 38.023475647], [106.441894531, -84.0965118408, 78.2230377197, 37.3762702942, 18.2316188812, 62.150592804, 42.3556938171, 136.326629639, 30.293214798, 36.3878860474, -2.64682888985, 19.2629070282, 2.72013568878], [-341.276702881, 135.384231567, 14.4626617432, 33.9792861938, 71.050163269, -12.9587936401, 12.5847387314, 30.293214798, 132.524291992, 19.3972797394, 16.1970443726, -7.09732580185, 30.7122116089], [292.389984131, -151.330337524, 21.9404506683, 38.9998664856, -5.38950252533, 33.819355011, -5.6449508667, 36.3878860474, 19.3972797394, 125.06388855, 9.80001735687, 27.1126041412, 6.14440727234], [-196.093490601, 110.757415771, -41.3882141113, -32.4512062073, 16.3154201508, 10.3161582947, 36.0668029785, -2.64682888985, 16.1970443726, 9.80001735687, 90.0951843262, 20.9212913513, 5.27888154984], [148.960861206, -123.303497314, 54.6074867249, -28.7285366058, -10.1403331757, 34.9445648193, -25.5001354218, 19.2629070282, -7.09732580185, 27.1126041412, 20.9212913513, 96.2939758301, 0.160993844271], [-110.131919861, 83.8083724976, -31.5649623871, 85.2462997437, 23.8675823212, -17.996925354, 38.023475647, 2.72013568878, 30.7122116089, 6.14440727234, 5.27888154984, 0.160993844271, 106.206138611]],
        "icov": [[0.000246583163971, -0.000323285494233, 0.000341759761795, -0.000393862981582, 0.000399714335799, -0.000453333370388, 0.000383514125133, -0.00030178547604, 0.000663270417135, -0.000704503559973, 0.000855334743392, -0.000677515461575, 0.000439761410234], [-0.000323285494233, 0.00287867616862, -0.000526204647031, 0.000846485898364, -0.00238081323914, 0.00175592314918, -0.00128382164985, 0.00115055288188, -0.00206437450834, 0.00313248578459, -0.00400301162153, 0.00311730266549, -0.00156992499251], [0.000341759761795, -0.000526204647031, 0.00267329532653, -0.000880410079844, -0.00079173152335, -0.00170646014158, 0.00122959539294, -0.00110360467806, 0.00114181858953, -0.000799759058282, 0.0024098015856, -0.00211535138078, 0.00134712643921], [-0.000393862981582, 0.000846485898364, -0.000880410079844, 0.00356139522046, -0.000460910523543, 0.000675522780512, -0.00112032447942, 0.00033971486846, -0.00147599168122, 0.000536584237125, -0.000744403281715, 0.0025038109161, -0.00315718259662], [0.000399714335799, -0.00238081323914, -0.00079173152335, -0.000460910523543, 0.00750039098784, -0.000341900769854, -0.000450286665, -0.000720362237189, -0.000525663373992, -0.00261655822396, 0.00297589297406, -0.00236698728986, 0.00102308671921], [-0.000453333370388, 0.00175592314918, -0.00170646014158, 0.000675522780512, -0.000341900769854, 0.00688463961706, -0.00124201015569, -0.00101034506224, -0.00121624604799, 0.00180713296868, -0.0042963414453, 0.00179399142507, -0.000733105407562], [0.000383514125133, -0.00128382164985, 0.00122959539294, -0.00112032447942, -0.000450286665, -0.00124201015569, 0.00725803431123, -0.00358572066762, 0.0031569765415, -0.00112973467913, -0.000725673453417, 0.00048360627261, -0.00075271219248], [-0.00030178547604, 0.00115055288188, -0.00110360467806, 0.00033971486846, -0.000720362237189, -0.00101034506224, -0.00358572066762, 0.0115833831951, -0.00404366385192, -0.000400419783546, 0.000455130444607, -0.000593349337578, 0.000327002635458], [0.000663270417135, -0.00206437450834, 0.00114181858953, -0.00147599168122, -0.000525663373992, -0.00121624604799, 0.0031569765415, -0.00404366385192, 0.0130015714094, -0.00403833109885, 0.00118427001871, -0.000886933936272, -0.000857403851114], [-0.000704503559973, 0.00313248578459, -0.000799759058282, 0.000536584237125, -0.00261655822396, 0.00180713296868, -0.00112973467913, -0.000400419783546, -0.00403833109885, 0.0136838341132, -0.0058966637589, 0.00169798615389, -0.0018952031387], [0.000855334743392, -0.00400301162153, 0.0024098015856, -0.000744403281715, 0.00297589297406, -0.0042963414453, -0.000725673453417, 0.000455130444607, 0.00118427001871, -0.0058966637589, 0.0213933531195, -0.00935409963131, 0.00316034187563], [-0.000677515461575, 0.00311730266549, -0.00211535138078, 0.0025038109161, -0.00236698728986, 0.00179399142507, 0.00048360627261, -0.000593349337578, -0.000886933936272, 0.00169798615389, -0.00935409963131, 0.0182141084224, -0.00452727265656], [0.000439761410234, -0.00156992499251, 0.00134712643921, -0.00315718259662, 0.00102308671921, -0.000733105407562, -0.00075271219248, 0.000327002635458, -0.000857403851114, -0.0018952031387, 0.00316034187563, -0.00452727265656, 0.0141593245789]]
    },
    "melbands": {
        "dmean": [0.000898282858543, 0.000798965222202, 0.000812181679066, 0.00043914487469, 0.000476254615933, 0.000281385757262, 0.000138732139021, 0.000102218793472, 9.74480062723e-05, 0.000122996672872, 0.000101205492683, 5.08650555275e-05, 3.50438313035e-05, 3.19431346725e-05, 3.7023328332e-05, 2.29604374908e-05, 2.43150752794e-05, 1.77812089532e-05, 8.17944692244e-06, 8.80802781467e-06, 6.45894670015e-06, 7.03233763488e-06, 6.84372980686e-06, 5.07018785356e-06, 8.54150766827e-06, 7.19223726264e-06, 6.27258759778e-06, 6.26768678558e-06, 5.55700216864e-06, 6.01888268648e-06, 3.36005609824e-06, 2.16798639485e-06, 1.63700292433e-06, 1.4467143501e-06, 1.11346969334e-06, 8.25024756068e-07, 4.77083233363e-07, 3.32363356392e-07, 2.22223022206e-07, 1.86298578342e-07],
        "dmean2": [0.00152699323371, 0.00135432893876, 0.00130144378636, 0.000701648707036, 0.000793774845079, 0.000477967521874, 0.000220057700062, 0.000154441062477, 0.000149589439388, 0.000187149766134, 0.000154907116666, 7.75003281888e-05, 5.45515722479e-05, 4.92972321808e-05, 5.64394977118e-05, 3.63925828424e-05, 3.80964411306e-05, 2.79095129372e-05, 1.29627705974e-05, 1.3808949916e-05, 1.03654756458e-05, 1.11981207738e-05, 1.09761585918e-05, 8.18127136881e-06, 1.37365532282e-05, 1.13177848107e-05, 1.01084369817e-05, 1.01081841422e-05, 9.12268296815e-06, 9.95409118332e-06, 5.49423202756e-06, 3.6811118207e-06, 2.70969485427e-06, 2.21005052481e-06, 1.65349854342e-06, 1.24726932427e-06, 7.26062410195e-07, 5.00418082083e-07, 3.36702072445e-07, 2.85147791601e-07],
        "dvar": [4.77624143969e-06, 3.34408287017e-06, 1.40969234508e-06, 3.83410196036e-07, 1.41470195558e-06, 4.81468362068e-07, 5.25567855902e-08, 5.91916773374e-08, 5.73070906285e-08, 9.46620488662e-08, 9.39027984259e-08, 2.9434696458e-08, 8.46076808614e-09, 1.04804440682e-08, 1.45302250232e-08, 7.97244048556e-09, 8.45307290831e-09, 3.0171962706e-09, 3.71777969521e-10, 3.98888699848e-10, 1.19244183971e-10, 1.4863055231e-10, 1.40372588553e-10, 9.07161012975e-11, 2.72174394134e-10, 1.25726956623e-10, 1.228810248e-10, 1.67916291982e-10, 1.24418003677e-10, 1.22675994363e-10, 3.40884820371e-11, 1.43984589876e-11, 1.03279702499e-11, 7.49970398284e-12, 5.92818632725e-12, 4.98275899707e-12, 1.65454238851e-12, 8.22685019067e-13, 3.65720827103e-13, 2.37287349058e-13],
        "dvar2": [1.25017777464e-05, 9.08206402528e-06, 3.62234527529e-06, 1.02458750462e-06, 3.83525684811e-06, 1.34095591875e-06, 1.32153658683e-07, 1.35629136366e-07, 1.31102552814e-07, 2.1421513452e-07, 2.17139415781e-07, 6.9225549737e-08, 2.12342943229e-08, 2.46288234251e-08, 3.29771481233e-08, 2.11820090357e-08, 1.89707130005e-08, 7.22077864168e-09, 9.47313449906e-10, 9.16840769971e-10, 2.9029853521e-10, 3.33684135878e-10, 3.20237558693e-10, 2.19073773011e-10, 6.40862196644e-10, 2.88354118361e-10, 2.88929630221e-10, 3.70505348624e-10, 3.25279914115e-10, 3.1249680621e-10, 8.415350361e-11, 3.8362445165e-11, 2.59465400554e-11, 1.69359283542e-11, 1.23816824849e-11, 1.09717755714e-11, 3.79080794533e-12, 1.82460231819e-12, 8.51669646265e-13, 5.65835898102e-13],
        "max": [0.0226888880134, 0.0200424939394, 0.0180451124907, 0.0115249594674, 0.0162173788995, 0.0115074636415, 0.00534905213863, 0.00743277277797, 0.00660695275292, 0.00838115811348, 0.0121678002179, 0.00750940665603, 0.00220050429925, 0.00253838486969, 0.00259443349205, 0.00380625249818, 0.00271045719273, 0.00124844594393, 0.000576018355787, 0.00065249070758, 0.000270257616648, 0.000397458323278, 0.000435012305388, 0.000374447030481, 0.000457427086076, 0.000367179571185, 0.000396650837502, 0.000725609308574, 0.000320860184729, 0.00042022249545, 0.000188938851352, 6.53192910249e-05, 5.76784004807e-05, 6.17169789621e-05, 6.79334334563e-05, 6.36273034615e-05, 4.20913856942e-05, 3.04858840536e-05, 2.55084505625e-05, 1.08360918603e-05],
        "mean": [0.000933189643547, 0.0010725868633, 0.00171089824289, 0.000960318662692, 0.000777173030656, 0.000453880726127, 0.000302856235066, 0.00022408143559, 0.000186936376849, 0.000256429135334, 0.000207412100281, 0.000104783524876, 6.14912787569e-05, 5.17041735293e-05, 5.80196938245e-05, 3.75894378521e-05, 3.6573401303e-05, 2.84253710561e-05, 1.50720670717e-05, 1.77421807166e-05, 1.43485758599e-05, 1.53831897478e-05, 1.44802734212e-05, 1.17383715406e-05, 1.93498599401e-05, 1.77323418029e-05, 1.50537616719e-05, 1.53709515871e-05, 1.37232600537e-05, 1.45449721458e-05, 8.11795598565e-06, 4.40112489741e-06, 3.34801075041e-06, 3.01311206385e-06, 2.35515790337e-06, 1.60722299825e-06, 9.01608757431e-07, 5.96700715505e-07, 3.8888217091e-07, 3.09300759227e-07],
        "median": [0.000219626410399, 0.000524154573213, 0.00121030583978, 0.000709190557245, 0.000444088218501, 0.000274316844298, 0.000182936084457, 0.000106736217276, 8.30994249554e-05, 9.49257955654e-05, 6.89525331836e-05, 3.82086545869e-05, 2.50931389019e-05, 2.04969273909e-05, 1.67193411471e-05, 1.00101788121e-05, 1.04175114757e-05, 9.06300465431e-06, 6.28678571957e-06, 7.39308234188e-06, 9.0360381364e-06, 8.90492901817e-06, 9.11693041417e-06, 7.37927848604e-06, 1.15019329314e-05, 1.18929083328e-05, 9.51942638494e-06, 8.60861746332e-06, 7.73373540142e-06, 7.93303206592e-06, 4.27717122875e-06, 2.44987586484e-06, 1.57867395956e-06, 1.20031279494e-06, 9.2536856755e-07, 5.22098673628e-07, 2.54616651318e-07, 1.73337809883e-07, 1.280142925e-07, 1.07859094101e-07],
        "min": [3.25772850915e-24, 1.25033329351e-24, 2.34125811124e-24, 2.33520971746e-24, 1.8036697175e-24, 3.30602277098e-24, 2.15149762049e-24, 2.40822904943e-24, 4.00490915958e-24, 5.35572301924e-24, 3.71830218765e-24, 2.66372926372e-24, 4.33542886266e-24, 3.27720804869e-24, 3.30766636268e-24, 3.96034522375e-24, 5.63194660951e-24, 3.84498654371e-24, 6.26771406772e-24, 5.19186359302e-24, 4.5263406959e-24, 6.71823608056e-24, 9.01705012244e-24, 6.79119861455e-24, 5.18316955699e-24, 7.62167824341e-24, 8.35769651203e-24, 7.32845075633e-24, 7.07474835604e-24, 5.54534151503e-24, 7.43554572396e-24, 7.87372561351e-24, 6.01788221346e-24, 7.27307272078e-24, 7.19030622346e-24, 7.29683163352e-24, 6.48796758233e-24, 5.83028635704e-24, 6.64941427747e-24, 6.64276023573e-24],
        "var": [4.08282267017e-06, 3.02610783365e-06, 2.96750158668e-06, 8.17323837055e-07, 1.3792982827e-06, 4.350126801e-07, 1.55218032205e-07, 2.14859880998e-07, 1.58155629038e-07, 3.46895063785e-07, 3.27502903019e-07, 1.11297509875e-07, 1.75250569612e-08, 1.58231969749e-08, 2.53760159552e-08, 1.43502161265e-08, 1.45670444596e-08, 4.62229188258e-09, 9.33031096828e-10, 1.38075761935e-09, 3.57446378052e-10, 5.15153864011e-10, 3.58999108219e-10, 2.37625058519e-10, 8.46898606799e-10, 4.48549419829e-10, 3.72547992455e-10, 6.43648745413e-10, 3.56673107715e-10, 4.11142314638e-10, 1.26351082375e-10, 3.00059525837e-11, 2.14560764988e-11, 2.04506463847e-11, 1.55266025731e-11, 1.13662109238e-11, 3.42560355082e-12, 1.75008954811e-12, 6.46267436268e-13, 3.77751215724e-13]
    },
    "mfcc": {
        "mean": [-635.278320312, 122.245597839, 0.948814868927, 40.7366790771, -14.2723636627, 2.60836195946, -2.17546248436, 1.37605559826, -4.25067806244, -1.52942228317, -5.17593097687, -4.73321342468, -6.07727193832],
        "cov": [[6074.92041016, -1101.80529785, -101.61517334, 192.940383911, -372.018035889, 147.48097229, 0.46860280633, -131.546829224, -10.2538757324, 13.8606386185, -92.8384857178, 75.6224975586, -71.1811676025], [-1101.80529785, 1268.37731934, -205.130447388, 55.3214263916, 108.519432068, -77.239906311, 15.9250984192, 50.1643867493, -20.9289569855, -28.5476608276, 59.8431968689, -37.5736312866, 33.8045196533], [-101.61517334, -205.130447388, 521.823852539, -17.0956001282, 140.598297119, 73.29246521, 14.3140468597, 58.0079231262, 22.3184185028, 39.2634124756, -9.35776233673, -4.3716211319, -3.37646722794], [192.940383911, 55.3214263916, -17.0956001282, 418.217529297, 24.6559562683, 18.2474689484, 31.0738735199, -37.2900238037, 125.966957092, 4.25890398026, -22.3448638916, 30.3936824799, -3.38721203804], [-372.018035889, 108.519432068, 140.598297119, 24.6559562683, 250.511184692, 30.7538375854, -41.1240615845, 28.4977207184, 22.1434230804, 41.2854537964, 4.42577028275, -25.9106197357, 36.3082847595], [147.48097229, -77.239906311, 73.29246521, 18.2474689484, 30.7538375854, 118.29209137, 34.7569465637, 10.8626098633, 15.5629491806, 20.890455246, 4.80482816696, 11.9353685379, -6.12010002136], [0.46860280633, 15.9250984192, 14.3140468597, 31.0738735199, -41.1240615845, 34.7569465637, 170.780776978, 36.4162254333, 36.2155761719, 0.424610078335, 19.3265647888, 42.6948928833, -33.3201560974], [-131.546829224, 50.1643867493, 58.0079231262, -37.2900238037, 28.4977207184, 10.8626098633, 36.4162254333, 142.98210144, 4.40325546265, 13.7737808228, 31.1367111206, -12.9120159149, 18.5524330139], [-10.2538757324, -20.9289569855, 22.3184185028, 125.966957092, 22.1434230804, 15.5629491806, 36.2155761719, 4.40325546265, 149.295181274, 46.5439186096, -6.60952854156, 18.7447986603, -12.6661787033], [13.8606386185, -28.5476608276, 39.2634124756, 4.25890398026, 41.2854537964, 20.890455246, 0.424610078335, 13.7737808228, 46.5439186096, 100.79914856, 28.3505191803, 5.07809686661, -0.350770264864], [-92.8384857178, 59.8431968689, -9.35776233673, -22.3448638916, 4.42577028275, 4.80482816696, 19.3265647888, 31.1367111206, -6.60952854156, 28.3505191803, 86.8321151733, 20.839012146, 8.08012008667], [75.6224975586, -37.5736312866, -4.3716211319, 30.3936824799, -25.9106197357, 11.9353685379, 42.6948928833, -12.9120159149, 18.7447986603, 5.07809686661, 20.839012146, 91.1204910278, 11.8896951675], [-71.1811676025, 33.8045196533, -3.37646722794, -3.38721203804, 36.3082847595, -6.12010002136, -33.3201560974, 18.5524330139, -12.6661787033, -0.350770264864, 8.08012008667, 11.8896951675, 87.6932830811]],
