{
"lowlevel": {
    "average_loudness": 0.90826022625,
    "barkbands_crest": {
        "dmean": 2.5679204464,
        "dmean2": 4.03395462036,
        "dvar": 5.73111724854,
        "dvar2": 13.5440578461,
        "max": 25.6538314819,
        "mean": 10.294049263,
        "median": 9.50105285645,
        "min": 2.78436326981,
        "var": 15.3093585968
    },
    "barkbands_flatness_db": {
        "dmean": 0.0209534000605,
        "dmean2": 0.0321606248617,
        "dvar": 0.000463755364763,
        "dvar2": 0.00111142487731,
        "max": 0.537546098232,
        "mean": 0.141078397632,
        "median": 0.133157625794,
        "min": 0.0300215967,
        "var": 0.00305992877111
    },
    "barkbands_kurtosis": {
        "dmean": 4.31755971909,
        "dmean2": 7.01065301895,
        "dvar": 85.5065078735,
        "dvar2": 259.393981934,
        "max": 431.272399902,
        "mean": 6.67312240601,
        "median": 3.77375793457,
        "min": -1.87836754322,
        "var": 195.301651001
    },
    "barkbands_skewness": {
        "dmean": 0.61415541172,
        "dmean2": 0.945312440395,
        "dvar": 0.572940468788,
        "dvar2": 1.43816924095,
        "max": 11.5631303787,
        "mean": 1.92808949947,
        "median": 1.81897377968,
        "min": -4.2749376297,
        "var": 1.48313248158
    },
    "barkbands_spread": {
        "dmean": 4.96186828613,
        "dmean2": 7.48746967316,
        "dvar": 38.3090209961,
        "dvar2": 78.6686935425,
        "max": 128.431610107,
        "mean": 18.5334720612,
        "median": 16.4308128357,
        "min": 0.142894685268,
        "var": 133.33013916
    },
    "dissonance": {
        "dmean": 0.0161594282836,
        "dmean2": 0.0270093157887,
        "dvar": 0.000228279401199,
        "dvar2": 0.000630283146165,
        "max": 0.499999970198,
        "mean": 0.461988538504,
        "median": 0.468676686287,
        "min": 0.163661718369,
        "var": 0.00101708481088
    },
    "dynamic_complexity": 2.41571211815,
    "erbbands_crest": {
        "dmean": 2.40073060989,
        "dmean2": 3.84726190567,
        "dvar": 5.42407846451,
        "dvar2": 13.4725999832,
        "max": 29.0864219666,
        "mean": 9.14268875122,
        "median": 7.90571403503,
        "min": 2.30046629906,
        "var": 21.5658836365
    },
    "erbbands_flatness_db": {
        "dmean": 0.0139134349301,
        "dmean2": 0.0199489016086,
        "dvar": 0.000189741258509,
        "dvar2": 0.000372083537513,
        "max": 0.508719563484,
        "mean": 0.146871089935,
        "median": 0.137613713741,
        "min": 0.0431184209883,
        "var": 0.00270294048823
    },
    "erbbands_kurtosis": {
        "dmean": 0.793528497219,
        "dmean2": 1.1978225708,
        "dvar": 3.16126465797,
        "dvar2": 5.67429018021,
        "max": 192.403198242,
        "mean": 0.940217912197,
        "median": -0.482954740524,
        "min": -1.81568622589,
        "var": 94.0370178223
    },
    "erbbands_skewness": {
        "dmean": 0.333490103483,
        "dmean2": 0.507094204426,
        "dvar": 0.0890350267291,
        "dvar2": 0.202052071691,
        "max": 11.3928413391,
        "mean": 0.562553703785,
        "median": 0.47820442915,
        "min": -3.1416387558,
        "var": 0.817815542221
    },
    "erbbands_spread": {
        "dmean": 6.95623826981,
        "dmean2": 10.4400777817,
        "dvar": 49.036857605,
        "dvar2": 104.112304688,
        "max": 133.244033813,
        "mean": 44.2883682251,
        "median": 42.898223877,
        "min": 0.434110164642,
        "var": 372.006866455
    },
    "hfc": {
        "dmean": 4.24815034866,
        "dmean2": 6.42492723465,
        "dvar": 50.2812728882,
        "dvar2": 122.47819519,
        "max": 87.4353103638,
        "mean": 14.2180423737,
        "median": 11.7118215561,
        "min": 1.24076641897e-16,
        "var": 105.725349426
    },
    "melbands_crest": {
        "dmean": 3.63499116898,
        "dmean2": 5.77937269211,
        "dvar": 12.9069786072,
        "dvar2": 31.8715839386,
        "max": 34.2623672485,
        "mean": 14.4260187149,
        "median": 13.3824739456,
        "min": 1.68429279327,
        "var": 28.5222854614
    },
    "melbands_flatness_db": {
        "dmean": 0.025832220912,
        "dmean2": 0.0392631180584,
        "dvar": 0.000761052651796,
        "dvar2": 0.00179815734737,
        "max": 0.657579660416,
        "mean": 0.221369817853,
        "median": 0.213144794106,
        "min": 0.00391207076609,
        "var": 0.00444598216563
    },
    "melbands_kurtosis": {
        "dmean": 9.61468315125,
        "dmean2": 15.2897691727,
        "dvar": 260.348327637,
        "dvar2": 657.028503418,
        "max": 234.516647339,
        "mean": 18.2257289886,
        "median": 12.1358661652,
        "min": -1.82616436481,
        "var": 456.813751221
    },
    "melbands_skewness": {
        "dmean": 0.824858903885,
        "dmean2": 1.2578369379,
        "dvar": 0.974072158337,
        "dvar2": 2.24592733383,
        "max": 14.1487360001,
        "mean": 3.04375982285,
        "median": 2.83177018166,
        "min": -2.44807171822,
        "var": 2.91861414909
    },
    "melbands_spread": {
        "dmean": 4.90475082397,
        "dmean2": 7.41943025589,
        "dvar": 38.1134033203,
        "dvar2": 79.8658981323,
        "max": 182.213150024,
        "mean": 16.9761505127,
        "median": 14.5184726715,
        "min": 0.294630378485,
        "var": 175.809707642
    },
    "pitch_salience": {
        "dmean": 0.0758415535092,
        "dmean2": 0.121357679367,
        "dvar": 0.00504452688619,
        "dvar2": 0.0127412192523,
        "max": 0.834851503372,
        "mean": 0.54692286253,
        "median": 0.553632438183,
        "min": 0.0860906466842,
        "var": 0.0129241822287
    },
    "silence_rate_20dB": {
        "dmean": 0,
        "dmean2": 0,
        "dvar": 0,
        "dvar2": 0,
        "max": 1,
        "mean": 1,
        "median": 1,
        "min": 1,
        "var": 0
    },
    "silence_rate_30dB": {
        "dmean": 0.0435124114156,
        "dmean2": 0.0870316550136,
        "dvar": 0.0416177473962,
        "dvar2": 0.114797852933,
        "max": 1,
        "mean": 0.973533332348,
        "median": 1,
        "min": 0,
        "var": 0.0257673673332
    },
    "silence_rate_60dB": {
        "dmean": 0.00109959160909,
        "dmean2": 0.00219935597852,
        "dvar": 0.00109823583625,
        "dvar2": 0.00235228054225,
        "max": 1,
        "mean": 0.0194769501686,
        "median": 0,
        "min": 0,
        "var": 0.0190978068858
    },
    "spectral_centroid": {
        "dmean": 215.320724487,
        "dmean2": 327.410705566,
        "dvar": 62496.0898438,
        "dvar2": 129318.257812,
        "max": 10837.3320312,
        "mean": 1107.54797363,
        "median": 1015.75866699,
        "min": 234.458679199,
        "var": 292238.71875
    },
    "spectral_complexity": {
        "dmean": 3.01036763191,
        "dmean2": 4.74291086197,
        "dvar": 10.1739215851,
        "dvar2": 23.364408493,
        "max": 43,
        "mean": 15.9909687042,
        "median": 16,
        "min": 0,
        "var": 38.6469917297
    },
    "spectral_decrease": {
        "dmean": 4.59960292076e-09,
        "dmean2": 7.39831795826e-09,
        "dvar": 6.65106019703e-17,
        "dvar2": 1.70031805645e-16,
        "max": 1.14302257225e-18,
        "mean": -8.15940737198e-09,
        "median": -5.41288391886e-09,
        "min": -6.0878655006e-08,
        "var": 6.68747731981e-17
    },
    "spectral_energy": {
        "dmean": 0.0176634378731,
        "dmean2": 0.0283876229078,
        "dvar": 0.00097557308618,
        "dvar2": 0.00249268021435,
        "max": 0.231666281819,
        "mean": 0.0320850200951,
        "median": 0.0215745139867,
        "min": 1.12563472848e-20,
        "var": 0.000990555388853
    },
    "spectral_energyband_high": {
        "dmean": 0.000210474579944,
        "dmean2": 0.000296082085697,
        "dvar": 1.86681390346e-07,
        "dvar2": 3.64544462172e-07,
        "max": 0.00854000542313,
        "mean": 0.000562632572837,
        "median": 0.000264377595158,
        "min": 8.39032075091e-21,
        "var": 6.29450255474e-07
    },
    "spectral_energyband_low": {
        "dmean": 0.0108204064891,
        "dmean2": 0.01794337295,
        "dvar": 0.000567529001273,
        "dvar2": 0.00149184686597,
        "max": 0.208508476615,
        "mean": 0.0140917403623,
        "median": 0.00743152946234,
        "min": 8.11869642798e-23,
        "var": 0.000491739949211
    },
    "spectral_energyband_middle_high": {
        "dmean": 0.00103061215486,
        "dmean2": 0.00159099558368,
        "dvar": 4.02928526455e-06,
        "dvar2": 9.80343975243e-06,
        "max": 0.0503048710525,
        "mean": 0.00334914308041,
        "median": 0.00211429526098,
        "min": 1.53520995742e-21,
        "var": 1.71018527908e-05
    },
    "spectral_energyband_middle_low": {
        "dmean": 0.00855169072747,
        "dmean2": 0.0135050863028,
        "dvar": 0.000404768186854,
        "dvar2": 0.0010002409108,
        "max": 0.196591079235,
        "mean": 0.0149773713201,
        "median": 0.00918457936496,
        "min": 2.07258132448e-22,
        "var": 0.000432241737144
    },
    "spectral_entropy": {
        "dmean": 0.129417508841,
        "dmean2": 0.193098604679,
        "dvar": 0.0160037670285,
        "dvar2": 0.0346141271293,
        "max": 9.7984495163,
        "mean": 7.5485830307,
        "median": 7.59904527664,
        "min": 3.65307307243,
        "var": 0.238964274526
    },
    "spectral_flux": {
        "dmean": 0.0373317673802,
        "dmean2": 0.0575448051095,
        "dvar": 0.00281620654278,
        "dvar2": 0.00617668312043,
        "max": 0.426537334919,
        "mean": 0.0909255743027,
        "median": 0.0689407587051,
        "min": 1.06095937591e-10,
        "var": 0.00452387705445
    },
    "spectral_kurtosis": {
        "dmean": 1.57969689369,
        "dmean2": 2.69785141945,
        "dvar": 13.2150697708,
        "dvar2": 39.2461929321,
        "max": 203.095809937,
        "mean": 5.07984447479,
        "median": 3.38611459732,
        "min": -1.23805010319,
        "var": 118.913406372
    },
    "spectral_rms": {
        "dmean": 0.00123346736655,
        "dmean2": 0.00188588374294,
        "dvar": 3.2527843814e-06,
        "dvar2": 7.88540728536e-06,
        "max": 0.0150338243693,
        "mean": 0.00513762515038,
        "median": 0.00458784354851,
        "min": 3.31388020323e-12,
        "var": 4.90727461511e-06
    },
    "spectral_rolloff": {
        "dmean": 335.308410645,
        "dmean2": 550.818725586,
        "dvar": 473122.21875,
        "dvar2": 989372.9375,
        "max": 19207.6171875,
        "mean": 964.568908691,
        "median": 538.330078125,
        "min": 64.599609375,
        "var": 2515765.25
    },
    "spectral_skewness": {
        "dmean": 0.187077388167,
        "dmean2": 0.30541279912,
        "dvar": 0.056324981153,
        "dvar2": 0.155941918492,
        "max": 11.8374013901,
        "mean": 1.52902519703,
        "median": 1.43552815914,
        "min": -0.00356446090154,
        "var": 0.690069973469
    },
    "spectral_spread": {
        "dmean": 371046.09375,
        "dmean2": 523183.59375,
        "dvar": 278020915200,
        "dvar2": 429118881792,
        "max": 40678592,
        "mean": 4486096,
        "median": 4371453.5,
        "min": 431809.78125,
        "var": 1.67368930099e+12
    },
    "spectral_strongpeak": {
        "dmean": 0.430679619312,
        "dmean2": 0.71972411871,
        "dvar": 0.392874836922,
        "dvar2": 0.944991886616,
        "max": 10.0467634201,
        "mean": 0.739668726921,
        "median": 0.354749917984,
        "min": 0,
        "var": 0.807552099228
    },
    "zerocrossingrate": {
        "dmean": 0.00808084011078,
        "dmean2": 0.00969474762678,
        "dvar": 8.71600859682e-05,
        "dvar2": 0.000104823629954,
        "max": 0.5322265625,
        "mean": 0.0484107099473,
        "median": 0.04150390625,
        "min": 0.00537109375,
        "var": 0.001600331394
    },
    "barkbands": {
        "dmean": [0.00179549236782, 0.00734026683494, 0.00212401570752, 0.00361684174277, 0.00341735244729, 0.00171623076312, 0.00109711696859, 0.00040557255852, 0.000377335411031, 0.000472770596389, 0.000174481785507, 0.000316097342875, 0.000213040053495, 0.000200023714569, 0.000119930889923, 0.000109284628707, 8.64970716066e-05, 8.49860807648e-05, 7.23097400623e-05, 6.11108698649e-05, 8.79836734384e-05, 5.45664479432e-05, 5.00102250953e-05, 2.65767030214e-05, 1.52898628585e-05, 7.15322403266e-06, 2.02760725188e-06],
        "dmean2": [0.00321398559026, 0.0121050188318, 0.00371108623222, 0.00588770443574, 0.005510837771, 0.00277796504088, 0.00173876120243, 0.000640574609861, 0.000594662851654, 0.000724556739442, 0.000268175033852, 0.000494312029332, 0.000341417908203, 0.000316580873914, 0.000193411498913, 0.000173503780388, 0.000140253774589, 0.000138127084938, 0.000117086587125, 9.9258038972e-05, 0.000138740026159, 8.15413513919e-05, 7.31184190954e-05, 3.89284796256e-05, 2.18960285565e-05, 1.04348446257e-05, 3.04261084239e-06],
        "dvar": [2.02882092708e-05, 0.000291517266305, 2.06926924875e-05, 8.53283490869e-05, 7.60018374422e-05, 1.71398060047e-05, 4.97704013469e-06, 7.72892065015e-07, 1.15428292702e-06, 3.36344169227e-06, 1.3248663322e-07, 3.77167566512e-07, 2.47724585734e-07, 2.48523718938e-07, 4.84924491673e-08, 3.90158412245e-08, 1.94139602172e-08, 1.5991847846e-08, 1.21523564545e-08, 1.35880764418e-08, 4.00617850005e-08, 1.4362782963e-08, 1.52889079175e-08, 7.72196262488e-09, 1.41445144486e-09, 3.81343123745e-10, 3.75742909009e-11],
        "dvar2": [5.562340084e-05, 0.00075749825919, 5.66941344005e-05, 0.00020315097936, 0.00019550487923, 4.68835532956e-05, 1.17365589176e-05, 1.77241690835e-06, 2.85677378997e-06, 8.04203864391e-06, 3.13270248853e-07, 9.26664938561e-07, 6.34180878478e-07, 6.54328403016e-07, 1.15984597926e-07, 9.54868610847e-08, 4.64541933809e-08, 3.96851653761e-08, 3.03808320723e-08, 3.341162369e-08, 9.14712785516e-08, 2.94419280067e-08, 3.03524103629e-08, 1.62562407979e-08, 3.24651994177e-09, 9.11352715516e-10, 9.31364430024e-11],
        "max": [0.0428414084017, 0.155559241772, 0.049672074616, 0.104129515588, 0.106532469392, 0.15274836123, 0.080681309104, 0.017078820616, 0.022375004366, 0.0462185777724, 0.00907461717725, 0.0141016142443, 0.0103075234219, 0.0117998728529, 0.00773531291634, 0.00618944689631, 0.00386179308407, 0.00289879995398, 0.00167630193755, 0.00362999178469, 0.00596497952938, 0.00242468807846, 0.0023961183615, 0.00255789142102, 0.000944310741033, 0.000396219606046, 0.000132417524583],
        "mean": [0.00148717290722, 0.00914689525962, 0.00263082142919, 0.00333011336625, 0.0044731288217, 0.00320234079845, 0.00240637385286, 0.000770667393226, 0.000649877008982, 0.000847474322654, 0.000337709207088, 0.000562403292861, 0.000362012651749, 0.000324946653564, 0.000218730594497, 0.000213823906961, 0.000164064360433, 0.000177908790647, 0.000151868240209, 0.000124039492221, 0.000185672353837, 0.000119062322483, 0.000103198130091, 5.14206876687e-05, 2.92534296022e-05, 1.1333099792e-05, 2.73399655271e-06],
        "median": [0.000374296185328, 0.00417393539101, 0.00155160785653, 0.000680081080645, 0.00194663740695, 0.00184037617873, 0.00106688484084, 0.0002388486173, 0.000163306263858, 0.000120422984764, 0.000129009975353, 0.000278716965113, 0.000132792687509, 0.000140649382956, 0.0001260068384, 0.000141661701491, 9.88514948403e-05, 0.00012610151316, 0.000105510640424, 8.48732015584e-05, 7.95561354607e-05, 5.28673190274e-05, 3.34398173436e-05, 1.8274426111e-05, 1.07466512418e-05, 2.98651366393e-06, 3.12162200089e-07],
        "min": [1.71338790011e-23, 2.93573165928e-23, 4.46330368871e-23, 4.91945098979e-24, 1.27760180898e-23, 6.13574560577e-23, 4.9421416271e-23, 1.86736881565e-23, 5.45567366809e-23, 2.81410287611e-23, 5.16623271335e-23, 1.03354580494e-22, 6.39301586616e-23, 8.01966219885e-23, 1.14142897084e-22, 9.47554097149e-23, 2.91925008305e-22, 2.48652213743e-22, 3.05018837155e-22, 4.13826939305e-22, 4.68598119934e-22, 7.33502660617e-22, 6.91016909425e-22, 8.54386695991e-22, 1.33584741387e-21, 1.8119258032e-21, 2.49047664035e-21],
        "var": [1.40678967e-05, 0.000262612709776, 1.58928560268e-05, 8.19510387373e-05, 7.35618305043e-05, 2.99336388707e-05, 2.01555849344e-05, 2.3418949695e-06, 2.61574427896e-06, 9.48863180383e-06, 4.08022202691e-07, 7.81066205491e-07, 5.39659765764e-07, 3.96870063923e-07, 9.68096500742e-08, 8.15040763769e-08, 4.79516337748e-08, 3.53625893013e-08, 2.61283705782e-08, 2.20019327202e-08, 1.02478296071e-07, 3.73734785342e-08, 4.0259241274e-08, 1.4563775963e-08, 2.38430875044e-09, 5.12336562064e-10, 4.43279683793e-11]
    },
    "erbbands": {
        "dmean": [0.351067394018, 1.21334397793, 2.2729279995, 6.59148073196, 16.2511844635, 9.44070339203, 9.24372673035, 15.2429113388, 15.9245290756, 14.4320735931, 7.75469589233, 7.00407505035, 14.0648183823, 9.39921665192, 6.30451345444, 11.6973962784, 9.15223789215, 10.1021232605, 6.03605031967, 6.45769453049, 5.08912277222, 4.99404191971, 4.349858284, 3.81222224236, 3.60977005959, 2.89537501335, 3.74829411507, 2.96607732773, 2.15460157394, 1.86443698406, 1.29722642899, 0.75221991539, 0.349595099688, 0.191355779767, 0.0985997915268, 0.044050719589, 0.010536391288, 0.00238810735755, 0.000368200824596, 3.06141846522e-05],
        "dmean2": [0.615094482899, 1.95040202141, 3.89009046555, 11.0118408203, 25.8341064453, 15.832274437, 14.4819440842, 25.3152637482, 25.6329708099, 23.022611618, 11.8354978561, 10.9623470306, 21.7320327759, 14.2503452301, 9.7057056427, 18.2665042877, 14.465341568, 16.1481647491, 9.58061027527, 10.3840579987, 8.10065746307, 8.06580448151, 7.1219291687, 6.15722751617, 5.90701913834, 4.65306663513, 6.00406599045, 4.59580135345, 3.27287054062, 2.74589800835, 1.90288984776, 1.10396516323, 0.508499443531, 0.279369354248, 0.143524259329, 0.0645851120353, 0.0154444044456, 0.00347209186293, 0.000553920108359, 4.8680594773e-05],
        "dvar": [0.749819517136, 7.31008768082, 23.0209159851, 204.341308594, 2318.97705078, 461.162689209, 250.93963623, 1748.08178711, 1431.95788574, 961.894042969, 323.107635498, 363.261077881, 2116.5625, 895.895324707, 150.863922119, 512.702026367, 401.055999756, 793.568237305, 114.514610291, 121.690994263, 74.5450820923, 74.9482879639, 44.0977172852, 35.303527832, 36.0572433472, 32.1814804077, 64.4298400879, 55.9404716492, 23.0278167725, 17.000957489, 12.7332019806, 5.86388874054, 1.40245616436, 0.239297777414, 0.0688025429845, 0.0134132979438, 0.000871202617418, 4.60839182779e-05, 1.16762157631e-06, 4.75029970914e-09],
        "dvar2": [2.09849476814, 17.4961891174, 62.4725418091, 506.579498291, 5615.55908203, 1251.86730957, 586.225463867, 4887.28759766, 3680.73242188, 2160.55004883, 718.999694824, 900.342651367, 5003.92822266, 2114.39135742, 363.816894531, 1244.50036621, 1025.86535645, 2118.12304688, 270.815460205, 291.949645996, 175.1693573, 180.125228882, 110.723800659, 85.0184326172, 91.199798584, 79.8098983765, 156.557891846, 128.158843994, 48.7066764832, 34.9523086548, 25.4783916473, 12.0031023026, 3.05367255211, 0.535724282265, 0.167169094086, 0.0320333652198, 0.00209479336627, 0.000108968481072, 2.86781505565e-06, 1.22952092951e-08],
        "max": [7.71256113052, 26.6410617828, 51.2925224304, 137.536773682, 524.76184082, 371.694793701, 1161.97070312, 770.977844238, 1416.6048584, 819.398010254, 380.568664551, 470.06918335, 985.490661621, 763.889465332, 325.031707764, 526.710327148, 517.044250488, 676.522399902, 351.538970947, 265.622650146, 303.990600586, 270.760864258, 183.939788818, 169.48223877, 122.439285278, 168.477355957, 183.995117188, 303.930328369, 88.3825302124, 89.7230987549, 87.7598266602, 62.6750564575, 44.0376701355, 16.6086006165, 8.09065437317, 2.23300743103, 0.534130990505, 0.132495641708, 0.0255907010287, 0.00152895448264],
        "mean": [0.378422111273, 1.60693275928, 3.11781334877, 6.59821510315, 15.9398202896, 13.6440172195, 20.0540885925, 25.4631881714, 31.5822868347, 31.9331207275, 16.0723457336, 12.730055809, 24.9388408661, 19.8435344696, 13.4904718399, 21.8029594421, 17.2973899841, 17.4411678314, 11.7015638351, 12.8790073395, 11.003578186, 9.95790672302, 9.33347129822, 8.53992843628, 7.69300317764, 6.00663137436, 7.54680299759, 6.1433839798, 4.6112036705, 3.92405748367, 2.62733125687, 1.46601092815, 0.665096104145, 0.363781958818, 0.178671434522, 0.071997128427, 0.0162787213922, 0.0035341004841, 0.000504695577547, 5.46310438949e-05],
        "median": [0.155402287841, 0.753468751907, 1.94722604752, 2.27099490166, 3.27888059616, 6.58058214188, 11.4507389069, 14.6010971069, 15.8962450027, 11.8673477173, 5.56803178787, 3.86118173599, 4.43933010101, 5.1353096962, 6.89481925964, 11.0010166168, 7.37940835953, 7.10039997101, 7.19446086884, 8.03572463989, 7.52497053146, 6.09155368805, 6.72535181046, 6.28741550446, 5.11488342285, 4.0947637558, 3.56692433357, 2.72925066948, 1.95717632771, 1.41198146343, 0.906182944775, 0.506288707256, 0.250560820103, 0.142993628979, 0.0607265755534, 0.0201627556235, 0.00432463921607, 0.000738464936148, 6.72685637255e-05, 3.19088976539e-05],
        "min": [1.12600990821e-21, 6.28549021202e-21, 4.24888947209e-20, 3.52506281525e-20, 1.59317603229e-20, 6.21851960168e-20, 1.82398727591e-19, 6.11450978221e-19, 5.18013483408e-19, 6.62539514009e-19, 6.65264970729e-19, 1.37452064721e-18, 7.16020876513e-19, 1.87232993396e-18, 2.61569791851e-18, 3.55095029848e-18, 3.09334529822e-18, 3.29078896774e-18, 4.63426821489e-18, 6.10034121229e-18, 7.43353963841e-18, 1.85473216273e-17, 1.34455975183e-17, 1.30207368762e-17, 1.67252942008e-17, 1.74373230003e-17, 1.87621602848e-17, 2.17113999669e-17, 2.61143252032e-17, 2.09542798979e-17, 2.03445485248e-17, 1.7554213547e-17, 1.46927675063e-17, 1.13957835762e-17, 1.14254446186e-17, 6.9430968086e-18, 3.60641606727e-18, 1.19794808871e-18, 4.11034705925e-19, 3.38753143684e-20],
        "var": [0.555974662304, 7.56392478943, 18.6820449829, 186.110305786, 2169.69335938, 493.377685547, 1315.1541748, 1707.38366699, 3561.33666992, 4602.13476562, 975.645568848, 858.860046387, 5289.33447266, 3253.34863281, 431.219696045, 1080.74914551, 947.71685791, 1436.90710449, 223.11769104, 264.746734619, 185.050827026, 181.806945801, 90.9192733765, 80.5772628784, 77.9834976196, 50.9659729004, 142.808181763, 122.91355896, 57.6027755737, 48.1757850647, 29.9675769806, 11.9668674469, 2.30805444717, 0.397034466267, 0.102980293334, 0.0185115300119, 0.00112440506928, 6.22472070972e-05, 1.41681675814e-06, 4.79786077534e-09]
    },
    "gfcc": {
        "mean": [-9.38022422791, 107.849060059, -106.913780212, 43.946346283, -54.0369796753, 10.6533927917, -34.8420906067, 1.50875365734, -17.4966392517, 7.45751667023, -5.57925748825, 5.47047710419, -6.56410741806],
        "cov": [[12854.8681641, 143.736572266, -597.683837891, 193.128128052, -565.354064941, 335.185272217, -107.1146698, 215.506652832, -181.666366577, 88.177406311, -229.314910889, -64.4264602661, -278.450927734], [143.736572266, 1271.28759766, -365.543151855, -133.170822144, 184.562759399, -193.897384644, 48.5668869019, -120.841491699, 86.4585876465, -79.926109314, 139.02154541, -61.0311965942, 126.513786316], [-597.683837891, -365.543151855, 596.681884766, 35.9233856201, 43.7728843689, 3.85649561882, -78.318069458, -24.6553173065, -60.9886550903, 25.646030426, -52.4596252441, 56.2253341675, -29.1324901581], [193.128128052, -133.170822144, 35.9233856201, 297.408447266, -62.7965011597, 13.4589252472, -32.1434440613, -8.31166648865, 7.28125047684, -13.5940570831, -4.15309429169, -19.7772655487, -5.24422025681], [-565.354064941, 184.562759399, 43.7728843689, -62.7965011597, 252.010818481, -58.2116584778, 10.0671005249, -8.19191265106, 31.0385723114, 11.5899982452, 29.8486022949, 11.4142131805, 23.5391330719], [335.185272217, -193.897384644, 3.85649561882, 13.4589252472, -58.2116584778, 204.599334717, 66.5534667969, 58.2920379639, -23.7113304138, 1.06238043308, -29.0854740143, 0.442785024643, -25.7630939484], [-107.1146698, 48.5668869019, -78.318069458, -32.1434440613, 10.0671005249, 66.5534667969, 164.324172974, 49.9985466003, 16.6691150665, -17.8181343079, 7.53756999969, -3.8341178894, 9.52035236359], [215.506652832, -120.841491699, -24.6553173065, -8.31166648865, -8.19191265106, 58.2920379639, 49.9985466003, 122.740852356, 25.9125289917, 32.4563369751, -17.8837337494, 3.76081490517, -27.9056396484], [-181.666366577, 86.4585876465, -60.9886550903, 7.28125047684, 31.0385723114, -23.7113304138, 16.6691150665, 25.9125289917, 98.5661621094, 34.5381813049, 35.4622802734, -9.17928314209, 10.5463752747], [88.177406311, -79.926109314, 25.646030426, -13.5940570831, 11.5899982452, 1.06238043308, -17.8181343079, 32.4563369751, 34.5381813049, 91.6791763306, 20.4972724915, 23.5580673218, -15.3011102676], [-229.314910889, 139.02154541, -52.4596252441, -4.15309429169, 29.8486022949, -29.0854740143, 7.53756999969, -17.8837337494, 35.4622802734, 20.4972724915, 87.3884277344, 16.5772838593, 32.7017021179], [-64.4264602661, -61.0311965942, 56.2253341675, -19.7772655487, 11.4142131805, 0.442785024643, -3.8341178894, 3.76081490517, -9.17928314209, 23.5580673218, 16.5772838593, 77.2894210815, 26.3704795837], [-278.450927734, 126.513786316, -29.1324901581, -5.24422025681, 23.5391330719, -25.7630939484, 9.52035236359, -27.9056396484, 10.5463752747, -15.3011102676, 32.7017021179, 26.3704795837, 82.0538787842]],
        "icov": [[0.000136120128445, -0.000253210921073, 0.000140642834594, -0.00017615671095, 0.000249287637416, -0.000217486871406, 0.000200939903152, -0.000223728682613, 0.000365362793673, -0.000405307888286, 0.000455300847534, -0.000334675598424, 0.000455371366115], [-0.000253210921073, 0.00241043162532, 0.000467833247967, 0.00100866577122, -0.00133322994225, 0.0012851600768, -0.000669871806167, 0.00134610920213, -0.0012207464315, 0.00198822445236, -0.00252305553295, 0.00224585016258, -0.0022122785449], [0.000140642834594, 0.000467833247967, 0.0028049016837, -0.000452142965514, -0.000913145486265, -0.000107644511445, 0.000675756775308, 0.000931077112909, 0.000974563125055, -0.000727026083041, 0.00147025752813, -0.00184274546336, 0.000934744428378], [-0.00017615671095, 0.00100866577122, -0.000452142965514, 0.00438505038619, 0.000430458749179, 7.85217998782e-05, 0.000673926377203, 0.000433352834079, -0.00191856827587, 0.00213616457768, -0.00182432995643, 0.00201832642779, -0.00133955420461], [0.000249287637416, -0.00133322994225, -0.000913145486265, 0.000430458749179, 0.00586568750441, 0.00047246721806, -0.000212363069295, -0.00101128208917, -0.000353526207618, -0.001153731253, 0.000557041086722, -0.000935932446737, 0.000660318881273], [-0.000217486871406, 0.0012851600768, -0.000107644511445, 7.85217998782e-05, 0.00047246721806, 0.0081183463335, -0.00344860507175, -0.0014965593582, 0.00158381194342, 0.000231175872614, -0.00082243559882, 0.00124360923655, -0.000680504948832], [0.000200939903152, -0.000669871806167, 0.000675756775308, 0.000673926377203, -0.000212363069295, -0.00344860507175, 0.0100334482267, -0.00414699316025, -0.000923264247831, 0.00333347031847, -0.000929568836, -0.000774789077695, -0.000238877342781], [-0.000223728682613, 0.00134610920213, 0.000931077112909, 0.000433352834079, -0.00101128208917, -0.0014965593582, -0.00414699316025, 0.0153194433078, -0.00500867236406, -0.00292566977441, 0.00335637480021, -0.00170584395528, 0.00234369002283], [0.000365362793673, -0.0012207464315, 0.000974563125055, -0.00191856827587, -0.000353526207618, 0.00158381194342, -0.000923264247831, -0.00500867236406, 0.0192247014493, -0.0084762936458, -0.00281416228972, 0.00454967888072, -0.00204432522878], [-0.000405307888286, 0.00198822445236, -0.000727026083041, 0.00213616457768, -0.001153731253, 0.000231175872614, 0.00333347031847, -0.00292566977441, -0.0084762936458, 0.022153545171, -0.00737972324714, -0.00481402408332, 0.00416807923466], [0.000455300847534, -0.00252305553295, 0.00147025752813, -0.00182432995643, 0.000557041086722, -0.00082243559882, -0.000929568836, 0.00335637480021, -0.00281416228972, -0.00737972324714, 0.0222265366465, -0.0058361357078, -0.00132506177761], [-0.000334675598424, 0.00224585016258, -0.00184274546336, 0.00201832642779, -0.000935932446737, 0.00124360923655, -0.000774789077695, -0.00170584395528, 0.00454967888072, -0.00481402408332, -0.0058361357078, 0.0237297527492, -0.0117378123105], [0.000455371366115, -0.0022122785449, 0.000934744428378, -0.00133955420461, 0.000660318881273, -0.000680504948832, -0.000238877342781, 0.00234369002283, -0.00204432522878, 0.00416807923466, -0.00132506177761, -0.0117378123105, 0.0231517385691]]
    },
    "melbands": {
        "dmean": [0.00254658609629, 0.00124228897039, 0.0015725082485, 0.000894516299013, 0.000315619632602, 0.000340501312166, 0.000236085106735, 0.000141252516187, 6.10665156273e-05, 4.76095883641e-05, 7.55136279622e-05, 4.50529369118e-05, 2.20097754209e-05, 3.05020512315e-05, 3.51441085513e-05, 2.01709990506e-05, 1.88222147699e-05, 1.12332481876e-05, 9.93842968455e-06, 8.89738930709e-06, 6.03668058829e-06, 6.08658638157e-06, 3.93980462832e-06, 4.44343049821e-06, 3.34310971084e-06, 2.90357820631e-06, 2.59536022895e-06, 2.04015213967e-06, 2.16984767576e-06, 2.46797799264e-06, 1.89863862943e-06, 1.32006414333e-06, 1.13137400604e-06, 1.10608073101e-06, 8.32459136291e-07, 6.49327432711e-07, 4.33967784375e-07, 2.74290698599e-07, 2.05858327718e-07, 1.57931737021e-07],
        "dmean2": [0.00429589068517, 0.00206108251587, 0.00256000738591, 0.0014336432796, 0.000503589806613, 0.000562475994229, 0.0003808226611, 0.000225091222092, 9.19955418794e-05, 7.4919196777e-05, 0.000116879309644, 6.86579514877e-05, 3.37883611792e-05, 4.8122186854e-05, 5.4220414313e-05, 3.23773856508e-05, 3.00996998703e-05, 1.77680813067e-05, 1.58866951097e-05, 1.42261069414e-05, 9.59753288043e-06, 9.82646179182e-06, 6.50596348351e-06, 7.20589696357e-06, 5.43897021998e-06, 4.74793205285e-06, 4.23215033152e-06, 3.32768877342e-06, 3.51103903995e-06, 3.97857820644e-06, 2.99388307212e-06, 2.0489014787e-06, 1.7201296032e-06, 1.67742371104e-06, 1.24821281133e-06, 9.80129470918e-07, 6.54102962017e-07, 4.11018675095e-07, 3.07685070311e-07, 2.36069553239e-07],
        "dvar": [3.75159543182e-05, 7.02492252458e-06, 1.49479237734e-05, 5.68402811041e-06, 2.86547248152e-07, 8.2704855231e-07, 2.83022899339e-07, 8.53219432884e-08, 2.14895354844e-08, 1.87403195184e-08, 6.31714129895e-08, 2.56071182037e-08, 1.83208748172e-09, 4.96041785425e-09, 5.7438622747e-09, 2.5472011167e-09, 2.61000110413e-09, 4.61183591316e-10, 3.89124538147e-10, 3.00957703203e-10, 1.11405468184e-10, 1.17443679781e-10, 4.03161809492e-11, 4.73974748338e-11, 2.80207836101e-11, 2.17412719772e-11, 1.93323031195e-11, 1.693714613e-11, 1.92672787447e-11, 3.52923350266e-11, 2.78452885749e-11, 8.3323599756e-12, 6.19599423851e-12, 6.73132946952e-12, 5.02399640986e-12, 3.95513439708e-12, 2.00581977243e-12, 9.56985359013e-13, 3.82255614965e-13, 1.54769331574e-13],
        "dvar2": [0.000100389894214, 1.80771494342e-05, 3.58376346412e-05, 1.43041352203e-05, 7.25153597614e-07, 2.30941918744e-06, 7.26673249574e-07, 1.92636662177e-07, 4.78257078385e-08, 4.7128164482e-08, 1.49921348225e-07, 6.04336634069e-08, 4.26630153427e-09, 1.23504104721e-08, 1.37464724048e-08, 6.82607925739e-09, 6.89779700025e-09, 1.0718164134e-09, 9.25233278881e-10, 7.53805962095e-10, 2.55564625018e-10, 2.8045149536e-10, 1.01106678585e-10, 1.14809162177e-10, 6.79197809106e-11, 5.45676247243e-11, 4.86431520064e-11, 4.25543073002e-11, 4.77344344607e-11, 8.337561197e-11, 6.76577682768e-11, 1.8445822994e-11, 1.3293144363e-11, 1.47742807571e-11, 1.05509307888e-11, 8.14477218308e-12, 4.28174379632e-12, 2.13274450184e-12, 8.91659467615e-13, 3.56717693578e-13],
        "max": [0.0541438646615, 0.0283767431974, 0.0428735762835, 0.0282653067261, 0.030461827293, 0.0184522550553, 0.0186646077782, 0.00749743171036, 0.00333994533867, 0.00308841606602, 0.0056835738942, 0.00417779153213, 0.0011449578451, 0.00207371148281, 0.00159652461298, 0.00121591927018, 0.00118302903138, 0.000765086559113, 0.000672787136864, 0.000626075838227, 0.0004181972472, 0.000328037771396, 0.000144816207467, 0.000158971452038, 0.000148080594954, 8.93155665835e-05, 9.54495699261e-05, 0.000113890637294, 0.000107821149868, 0.000197477027541, 0.000246303796303, 5.69672884012e-05, 4.99056659464e-05, 7.55670844228e-05, 5.49238648091e-05, 6.08316586295e-05, 3.86298816011e-05, 4.03776248277e-05, 3.14725766657e-05, 1.18410425785e-05],
        "mean": [0.00295162573457, 0.00177818222437, 0.00154603307601, 0.0010610865429, 0.000665244064294, 0.000601524487138, 0.000482993433252, 0.000308710383251, 0.000119109288789, 8.15219173091e-05, 0.000132942150231, 9.08895017346e-05, 4.44682191301e-05, 5.44323738723e-05, 5.85959714954e-05, 3.45095759258e-05, 3.08261733153e-05, 1.88047742995e-05, 1.7459735318e-05, 1.64668836078e-05, 1.16184110084e-05, 1.07691139419e-05, 7.58583973948e-06, 8.81087908056e-06, 6.68055099595e-06, 5.66331618757e-06, 4.96120856042e-06, 3.69038298231e-06, 4.13150428358e-06, 4.6775685405e-06, 3.39623284162e-06, 2.58092813965e-06, 2.27644250117e-06, 2.13953694583e-06, 1.57228464559e-06, 1.18182981623e-06, 7.84149619903e-07, 4.82815437408e-07, 3.62935878684e-07, 2.84076691059e-07],
        "median": [0.00122827629093, 0.00103613373358, 0.000434353161836, 0.000361332553439, 0.000418069743318, 0.000350170274032, 0.000241624875343, 0.000109421525849, 3.44356521964e-05, 2.10720081668e-05, 2.09875033761e-05, 1.95430347958e-05, 1.97547797143e-05, 2.71128101303e-05, 2.11492115341e-05, 1.22772253235e-05, 1.2069688637e-05, 1.046440957e-05, 9.65191338764e-06, 1.0346039744e-05, 7.53696212996e-06, 6.01180363446e-06, 5.17944727108e-06, 6.05643981544e-06, 4.71190469398e-06, 3.68929772776e-06, 3.1133245102e-06, 2.38693269239e-06, 2.08777760236e-06, 1.91805406757e-06, 1.44390560308e-06, 1.10696544198e-06, 9.45502563354e-07, 6.85487179908e-07, 5.4320628351e-07, 3.84960287647e-07, 2.73869773082e-07, 1.77052939421e-07, 1.32518593432e-07, 1.12578852907e-07],
        "min": [9.03228065994e-24, 1.74154029478e-23, 5.8724584666e-24, 2.53783534629e-24, 5.80247979899e-24, 1.31384200007e-23, 9.30424203473e-24, 6.48998746068e-24, 6.30559990155e-24, 8.2356455305e-24, 3.13528644982e-24, 7.09834397458e-24, 8.20832491077e-24, 1.17629345163e-23, 7.37066270336e-24, 6.64563090057e-24, 5.68130248091e-24, 7.21897342876e-24, 9.26861470967e-24, 6.28638601091e-24, 8.73293555654e-24, 1.94354674668e-23, 1.34551381879e-23, 1.22487907924e-23, 9.68803154259e-24, 1.3969073179e-23, 1.08490857004e-23, 1.25351283683e-23, 9.92396406213e-24, 1.65968319632e-23, 1.11419589889e-23, 1.55223308351e-23, 1.35964499973e-23, 1.06894297195e-23, 1.10727001569e-23, 1.20007208589e-23, 1.01899916252e-23, 1.06470923436e-23, 9.12295312124e-24, 9.44453779128e-24],
        "var": [3.11292424158e-05, 6.4713485699e-06, 1.4221625861e-05, 5.50062077309e-06, 1.04946070678e-06, 9.29136717787e-07, 7.42290296785e-07, 4.01079233825e-07, 6.41246771238e-08, 4.28385860118e-08, 1.62947472404e-07, 8.70465726166e-08, 5.73970826423e-09, 1.01432897637e-08, 1.27631984981e-08, 5.643735701e-09, 4.62154270409e-09, 7.98362043142e-10, 7.50646989012e-10, 5.59541468714e-10, 2.58641164042e-10, 2.59961940863e-10, 7.86309281575e-11, 9.94471519022e-11, 5.89687812469e-11, 4.56050475162e-11, 3.68119493221e-11, 2.37856453283e-11, 3.85128248737e-11, 7.45349199027e-11, 4.70334986236e-11, 1.89170588916e-11, 1.47074782908e-11, 1.70609672223e-11, 1.09151273089e-11, 8.12973733472e-12, 3.66097646989e-12, 1.46754960614e-12, 5.53993320402e-13, 2.37714389189e-13]
    },
    "mfcc": {
        "mean": [-647.013183594, 129.505462646, 8.25397396088, 33.9897766113, 4.91381025314, 12.5194282532, -2.61143660545, -0.031038057059, -5.55886936188, -1.85663878918, 0.143869936466, 4.50745582581, 4.89452791214],
        "cov": [[6135.22949219, -19.2853832245, -29.2360687256, 133.880554199, -211.034347534, 133.455062866, 22.9721927643, 159.197341919, 56.4312705994, 100.876152039, 66.3240127563, 52.7407798767, -25.0303173065], [-19.2853832245, 1107.97106934, -304.855804443, 18.677734375, 77.1930084229, -35.6124343872, 18.8300819397, -37.1191329956, -6.82300519943, -27.9735431671, 15.6360464096, 4.91193342209, -3.14445066452], [-29.2360687256, -304.855804443, 457.436584473, 25.301897049, 27.1930866241, 44.0881767273, -17.7246189117, -14.0279741287, -38.6140098572, -24.2251873016, -44.8469161987, -33.3463287354, 0.21350467205], [133.880554199, 18.677734375, 25.301897049, 222.84815979, 53.8759765625, -8.27886676788, -38.6950340271, -28.2199497223, -14.8921642303, -8.73260974884, -14.4809398651, 7.6479344368, 21.662776947], [-211.034347534, 77.1930084229, 27.1930866241, 53.8759765625, 177.018829346, 0.479520499706, -22.5968112946, -47.2680397034, -14.3934621811, -12.4218959808, -4.71817016602, 4.27189731598, 18.4614830017], [133.455062866, -35.6124343872, 44.0881767273, -8.27886676788, 0.479520499706, 90.966468811, 28.5878143311, 21.6847476959, 1.22014772892, 1.49024915695, -3.58867812157, -1.48185276985, -9.39675521851], [22.9721927643, 18.8300819397, -17.7246189117, -38.6950340271, -22.5968112946, 28.5878143311, 103.768287659, 53.22057724, 23.0457229614, 5.10214996338, 3.18407821655, -2.63695287704, -8.73468017578], [159.197341919, -37.1191329956, -14.0279741287, -28.2199497223, -47.2680397034, 21.6847476959, 53.22057724, 102.8828125, 39.8928031921, 21.2411575317, 6.82172822952, -3.6322081089, -8.84876728058], [56.4312705994, -6.82300519943, -38.6140098572, -14.8921642303, -14.3934621811, 1.22014772892, 23.0457229614, 39.8928031921, 73.5392837524, 28.2838802338, 15.0631113052, 10.8484640121, -0.539330363274], [100.876152039, -27.9735431671, -24.2251873016, -8.73260974884, -12.4218959808, 1.49024915695, 5.10214996338, 21.2411575317, 28.2838802338, 79.6905670166, 36.6981544495, 11.2906208038, -3.1289434433], [66.3240127563, 15.6360464096, -44.8469161987, -14.4809398651, -4.71817016602, -3.58867812157, 3.18407821655, 6.82172822952, 15.0631113052, 36.6981544495, 74.854598999, 37.3950843811, 6.78232192993], [52.7407798767, 4.91193342209, -33.3463287354, 7.6479344368, 4.27189731598, -1.48185276985, -2.63695287704, -3.6322081089, 10.8484640121, 11.2906208038, 37.3950843811, 78.6324157715, 33.2243919373], [-25.0303173065, -3.14445066452, 0.21350467205, 21.662776947, 18.4614830017, -9.39675521851, -8.73468017578, -8.84876728058, -0.539330363274, -3.1289434433, 6.78232192993, 33.2243919373, 66.1908493042]],
