{
"lowlevel": {
    "average_loudness": 0.938277840614,
    "barkbands_crest": {
        "dmean": 2.38492059708,
        "dmean2": 4.00578355789,
        "dvar": 4.9822883606,
        "dvar2": 14.0255241394,
        "max": 24.3951721191,
        "mean": 9.11163806915,
        "median": 8.39988327026,
        "min": 2.82784128189,
        "var": 11.1441507339
    },
    "barkbands_flatness_db": {
        "dmean": 0.0182370170951,
        "dmean2": 0.0286471340805,
        "dvar": 0.000308146438329,
        "dvar2": 0.000785832409747,
        "max": 0.294063031673,
        "mean": 0.127355754375,
        "median": 0.124343752861,
        "min": 0.0369946584105,
        "var": 0.00123226467986
    },
    "barkbands_kurtosis": {
        "dmean": 2.28906655312,
        "dmean2": 3.68785810471,
        "dvar": 12.111664772,
        "dvar2": 30.0801410675,
        "max": 68.3407821655,
        "mean": 3.49898576736,
        "median": 2.13740253448,
        "min": -1.8059322834,
        "var": 24.2776660919
    },
    "barkbands_skewness": {
        "dmean": 0.46212425828,
        "dmean2": 0.723215579987,
        "dvar": 0.232859268785,
        "dvar2": 0.565014064312,
        "max": 6.87198972702,
        "mean": 1.60509204865,
        "median": 1.49016690254,
        "min": -2.12905335426,
        "var": 0.807932436466
    },
    "barkbands_spread": {
        "dmean": 4.91039180756,
        "dmean2": 7.72580242157,
        "dvar": 30.6431388855,
        "dvar2": 70.0864868164,
        "max": 95.0258712769,
        "mean": 22.4789829254,
        "median": 20.0495491028,
        "min": 1.48586511612,
        "var": 125.26763916
    },
    "dissonance": {
        "dmean": 0.0158952623606,
        "dmean2": 0.0267903357744,
        "dvar": 0.000257759733358,
        "dvar2": 0.000705429760274,
        "max": 0.500000059605,
        "mean": 0.467185527086,
        "median": 0.47405821085,
        "min": 0.30769315362,
        "var": 0.00061372818891
    },
    "dynamic_complexity": 1.78741848469,
    "erbbands_crest": {
        "dmean": 2.27025103569,
        "dmean2": 3.62211036682,
        "dvar": 5.02658843994,
        "dvar2": 12.0814056396,
        "max": 30.2452259064,
        "mean": 8.51288223267,
        "median": 6.94285106659,
        "min": 2.31331372261,
        "var": 22.8920440674
    },
    "erbbands_flatness_db": {
        "dmean": 0.014923335053,
        "dmean2": 0.0210754815489,
        "dvar": 0.00021589116659,
        "dvar2": 0.000402490288252,
        "max": 0.2984380126,
        "mean": 0.148177325726,
        "median": 0.145199969411,
        "min": 0.0504980310798,
        "var": 0.00129260693211
    },
    "erbbands_kurtosis": {
        "dmean": 0.680698215961,
        "dmean2": 1.06321132183,
        "dvar": 1.12001502514,
        "dvar2": 2.77530503273,
        "max": 30.3767852783,
        "mean": 0.143863335252,
        "median": -0.698143601418,
        "min": -1.87914848328,
        "var": 6.09346008301
    },
    "erbbands_skewness": {
        "dmean": 0.299930244684,
        "dmean2": 0.456278979778,
        "dvar": 0.0725766792893,
        "dvar2": 0.167609423399,
        "max": 4.4830365181,
        "mean": 0.33761537075,
        "median": 0.298163324594,
        "min": -2.11405301094,
        "var": 0.543032348156
    },
    "erbbands_spread": {
        "dmean": 7.64785861969,
        "dmean2": 11.5054388046,
        "dvar": 61.8358573914,
        "dvar2": 126.68447876,
        "max": 152.186691284,
        "mean": 46.2917671204,
        "median": 47.7312202454,
        "min": 3.31726074219,
        "var": 354.21194458
    },
    "hfc": {
        "dmean": 5.51574516296,
        "dmean2": 8.07874298096,
        "dvar": 45.3323745728,
        "dvar2": 98.4930953979,
        "max": 108.965316772,
        "mean": 22.6643047333,
        "median": 20.4142169952,
        "min": 1.13884215033e-16,
        "var": 178.365325928
    },
    "melbands_crest": {
        "dmean": 3.03916573524,
        "dmean2": 5.05478143692,
        "dvar": 8.03284549713,
        "dvar2": 22.0379066467,
        "max": 29.8636627197,
        "mean": 12.9599180222,
        "median": 12.2857456207,
        "min": 1.86593806744,
        "var": 15.513756752
    },
    "melbands_flatness_db": {
        "dmean": 0.0227251797915,
        "dmean2": 0.0364887788892,
        "dvar": 0.000517381879035,
        "dvar2": 0.00136493740138,
        "max": 0.400957912207,
        "mean": 0.194000437856,
        "median": 0.191148325801,
        "min": 0.00755723984912,
        "var": 0.00190378865227
    },
    "melbands_kurtosis": {
        "dmean": 6.20495653152,
        "dmean2": 9.92317199707,
        "dvar": 85.6702880859,
        "dvar2": 209.493164062,
        "max": 172.701858521,
        "mean": 13.3155193329,
        "median": 9.40809249878,
        "min": -1.51912748814,
        "var": 180.965286255
    },
    "melbands_skewness": {
        "dmean": 0.67497420311,
        "dmean2": 1.04895210266,
        "dvar": 0.502364456654,
        "dvar2": 1.16727030277,
        "max": 10.1853132248,
        "mean": 2.80874943733,
        "median": 2.73573112488,
        "min": -1.39248490334,
        "var": 2.0360250473
    },
    "melbands_spread": {
        "dmean": 5.36435317993,
        "dmean2": 8.50976371765,
        "dvar": 36.2496910095,
        "dvar2": 87.2704162598,
        "max": 168.229278564,
        "mean": 20.6401062012,
        "median": 18.8074378967,
        "min": 1.22367298603,
        "var": 116.9741745
    },
    "pitch_salience": {
        "dmean": 0.0656684711576,
        "dmean2": 0.109097257257,
        "dvar": 0.00343575468287,
        "dvar2": 0.0097336564213,
        "max": 0.819915056229,
        "mean": 0.570212185383,
        "median": 0.578779280186,
        "min": 0.180361360312,
        "var": 0.00939968880266
    },
    "silence_rate_20dB": {
        "dmean": 0,
        "dmean2": 0,
        "dvar": 0,
        "dvar2": 0,
        "max": 1,
        "mean": 1,
        "median": 1,
        "min": 1,
        "var": 0
    },
    "silence_rate_30dB": {
        "dmean": 0.00619815895334,
        "dmean2": 0.012397447601,
        "dvar": 0.00615960964933,
        "dvar2": 0.0173480547965,
        "max": 1,
        "mean": 0.996354341507,
        "median": 1,
        "min": 0,
        "var": 0.00363212823868
    },
    "silence_rate_60dB": {
        "dmean": 0.00109379272908,
        "dmean2": 0.00218778476119,
        "dvar": 0.00109235662967,
        "dvar2": 0.00291318376549,
        "max": 1,
        "mean": 0.00483047775924,
        "median": 0,
        "min": 0,
        "var": 0.00480670854449
    },
    "spectral_centroid": {
        "dmean": 218.397750854,
        "dmean2": 339.724578857,
        "dvar": 52129.6289062,
        "dvar2": 109563.695312,
        "max": 10946.7353516,
        "mean": 1369.53369141,
        "median": 1253.87939453,
        "min": 204.594772339,
        "var": 302320.84375
    },
    "spectral_complexity": {
        "dmean": 3.82262325287,
        "dmean2": 5.88915205002,
        "dvar": 14.133310318,
        "dvar2": 29.1282730103,
        "max": 58,
        "mean": 23.0291652679,
        "median": 22,
        "min": 0,
        "var": 85.3391952515
    },
    "spectral_decrease": {
        "dmean": 3.24659454876e-09,
        "dmean2": 5.31996091624e-09,
        "dvar": 2.24473524841e-17,
        "dvar2": 5.76285946331e-17,
        "max": 1.11326086585e-20,
        "mean": -8.8593248293e-09,
        "median": -7.64830243583e-09,
        "min": -4.79060879854e-08,
        "var": 2.89111138441e-17
    },
    "spectral_energy": {
        "dmean": 0.0125997141004,
        "dmean2": 0.0205685850233,
        "dvar": 0.000330801995005,
        "dvar2": 0.000843289366458,
        "max": 0.186250120401,
        "mean": 0.0354928933084,
        "median": 0.0308734178543,
        "min": 1.05613297778e-20,
        "var": 0.000443467084551
    },
    "spectral_energyband_high": {
        "dmean": 0.000402402714826,
        "dmean2": 0.000606289424468,
        "dvar": 3.98004488034e-07,
        "dvar2": 8.71085717336e-07,
        "max": 0.00956833176315,
        "mean": 0.00111326191109,
        "median": 0.000722238561139,
        "min": 7.30358475619e-21,
        "var": 1.20023139516e-06
    },
    "spectral_energyband_low": {
        "dmean": 0.00843752641231,
        "dmean2": 0.0145940715447,
        "dvar": 0.000259050983004,
        "dvar2": 0.000707212253474,
        "max": 0.144463226199,
        "mean": 0.0128830298781,
        "median": 0.00902644637972,
        "min": 5.91389835547e-23,
        "var": 0.000207538541872
    },
    "spectral_energyband_middle_high": {
        "dmean": 0.00167398108169,
        "dmean2": 0.00245948857628,
        "dvar": 6.97882387612e-06,
        "dvar2": 1.53501077875e-05,
        "max": 0.0801042020321,
        "mean": 0.00573078077286,
        "median": 0.00404652766883,
        "min": 1.9402896536e-21,
        "var": 4.35773690697e-05
    },
    "spectral_energyband_middle_low": {
        "dmean": 0.00602900842205,
        "dmean2": 0.00955770723522,
        "dvar": 5.99441336817e-05,
        "dvar2": 0.000148218576214,
        "max": 0.0984657555819,
        "mean": 0.0173564050347,
        "median": 0.0143453059718,
        "min": 2.36355222761e-22,
        "var": 0.000136717120768
    },
    "spectral_entropy": {
        "dmean": 0.118095219135,
        "dmean2": 0.173419326544,
        "dvar": 0.0150312008336,
        "dvar2": 0.0289551541209,
        "max": 9.79159164429,
        "mean": 7.65002536774,
        "median": 7.67289733887,
        "min": 6.29504489899,
        "var": 0.0790497586131
    },
    "spectral_flux": {
        "dmean": 0.0298358500004,
        "dmean2": 0.0454313643277,
        "dvar": 0.00123633013573,
        "dvar2": 0.00206421571784,
        "max": 0.327627748251,
        "mean": 0.0975005105138,
        "median": 0.0828469693661,
        "min": 1.02768328569e-10,
        "var": 0.00267752399668
    },
    "spectral_kurtosis": {
        "dmean": 1.08447444439,
        "dmean2": 1.87075722218,
        "dvar": 1.19799757004,
        "dvar2": 3.3627204895,
        "max": 19.2247562408,
        "mean": 2.76185965538,
        "median": 2.40980505943,
        "min": -1.2223238945,
        "var": 2.43195176125
    },
    "spectral_rms": {
        "dmean": 0.000943562889006,
        "dmean2": 0.00150345859583,
        "dvar": 1.2859555909e-06,
        "dvar2": 3.15613010571e-06,
        "max": 0.0134798903018,
        "mean": 0.00566393276677,
        "median": 0.00548820663244,
        "min": 3.20994337881e-12,
        "var": 2.54700808e-06
    },
    "spectral_rolloff": {
        "dmean": 423.178070068,
        "dmean2": 715.825073242,
        "dvar": 490717.4375,
        "dvar2": 1111067.5,
        "max": 18798.4863281,
        "mean": 1194.33642578,
        "median": 882.861328125,
        "min": 86.1328125,
        "var": 1020506.5
    },
    "spectral_skewness": {
        "dmean": 0.168226271868,
        "dmean2": 0.275393456221,
        "dvar": 0.0249957013875,
        "dvar2": 0.0631750971079,
        "max": 3.17858409882,
        "mean": 1.14243304729,
        "median": 1.10085523129,
        "min": 0.0111024538055,
        "var": 0.110757559538
    },
    "spectral_spread": {
        "dmean": 381309.40625,
        "dmean2": 547048,
        "dvar": 321328578560,
        "dvar2": 491175215104,
        "max": 40547444,
        "mean": 4303434.5,
        "median": 4117414,
        "min": 2279233.75,
        "var": 926428233728
    },
    "spectral_strongpeak": {
        "dmean": 0.565066754818,
        "dmean2": 0.961006581783,
        "dvar": 0.709565103054,
        "dvar2": 1.77531385422,
        "max": 13.0678472519,
        "mean": 1.06462752819,
        "median": 0.474460273981,
        "min": 0,
        "var": 1.96104753017
    },
    "zerocrossingrate": {
        "dmean": 0.0076064793393,
        "dmean2": 0.00958135072142,
        "dvar": 8.47209012136e-05,
        "dvar2": 0.000118867224955,
        "max": 0.486328125,
        "mean": 0.0536910891533,
        "median": 0.0498046875,
        "min": 0.01025390625,
        "var": 0.000486395845655
    },
    "barkbands": {
        "dmean": [0.00109446328133, 0.00577836250886, 0.00253735249862, 0.00202909531072, 0.00254737539217, 0.00181992037687, 0.000714218534995, 0.00123034673743, 0.00114275165834, 0.000564452784602, 0.000621413870249, 0.000405695056543, 0.000308281334583, 0.000214679079363, 0.000140246396768, 0.000193252431927, 0.000228791395784, 0.000108360611193, 0.000170588595211, 0.000213281731703, 0.000125615712022, 0.000103152488009, 7.17978400644e-05, 3.78652293875e-05, 2.25067342399e-05, 1.44475461639e-05, 2.53894245361e-06],
        "dmean2": [0.00199502520263, 0.0103159528226, 0.00429674377665, 0.00335620297119, 0.00421869195998, 0.00313300453126, 0.00109553185757, 0.00186236342415, 0.00171560619492, 0.000829339260235, 0.00095510907704, 0.000635690812487, 0.000482285744511, 0.000338619953254, 0.000222156144446, 0.000310069037369, 0.000368035922293, 0.000174001295818, 0.000269275042228, 0.000344170228345, 0.00020514598873, 0.000167933176272, 0.000103091544588, 5.64396723348e-05, 3.38766476489e-05, 2.46982199315e-05, 4.0166337385e-06],
        "dvar": [8.41455130285e-06, 0.000150314241182, 1.75731311174e-05, 9.30229089136e-06, 1.1278412785e-05, 2.10489924939e-05, 3.69086819774e-06, 8.17295676825e-06, 7.15702753951e-06, 3.08609173771e-06, 3.82389862352e-06, 1.0174532008e-06, 5.50187905901e-07, 1.6831241112e-07, 6.9123231583e-08, 1.5589664315e-07, 1.51006773308e-07, 5.73880853949e-08, 6.29581649036e-08, 1.10021467492e-07, 3.96157417981e-08, 3.61624010736e-08, 2.61504293775e-08, 9.45332434554e-09, 3.00989899671e-09, 2.26014895688e-09, 6.1614151281e-11],
        "dvar2": [2.31235517276e-05, 0.000424481142545, 4.88924015372e-05, 2.47181978921e-05, 3.02319804177e-05, 5.85021480219e-05, 8.25652841741e-06, 1.97599165404e-05, 1.59738920047e-05, 5.93697859586e-06, 8.914143109e-06, 2.34981098401e-06, 1.25515805394e-06, 3.91361027141e-07, 1.59754534934e-07, 3.70924340132e-07, 3.70432786667e-07, 1.20300029494e-07, 1.50344320105e-07, 2.81724197748e-07, 1.02767771182e-07, 8.77496901808e-08, 5.09929130033e-08, 1.94939904219e-08, 7.26109128379e-09, 6.16709572299e-09, 1.37012387547e-10],
        "max": [0.0204059593379, 0.109569236636, 0.0511660352349, 0.0507249459624, 0.040135987103, 0.063588090241, 0.0729336440563, 0.0738143026829, 0.0816380009055, 0.0707639977336, 0.0759863480926, 0.0192708559334, 0.0168829448521, 0.008380420506, 0.00518867233768, 0.00957855116576, 0.0125419739634, 0.0178166534752, 0.00630382075906, 0.00875078607351, 0.00398339051753, 0.0041057378985, 0.00295333960094, 0.00218702899292, 0.000763580959756, 0.000675397808664, 0.000226049814955],
        "mean": [0.000766221841332, 0.00618271389976, 0.00447929603979, 0.00350166787393, 0.00527626881376, 0.00233914866112, 0.00137150404043, 0.00227665668353, 0.00238618813455, 0.00102925777901, 0.00133342796471, 0.000696569739375, 0.000492887280416, 0.000309051421937, 0.000238898413954, 0.000373538234271, 0.000478196860058, 0.000222646558541, 0.000413929170463, 0.000559225445613, 0.000306369038299, 0.000202710361918, 0.00013648357708, 6.9839443313e-05, 3.44117470377e-05, 1.33769008244e-05, 2.50234506893e-06],
        "median": [0.000128551240778, 0.00336114224046, 0.00321935093962, 0.00219805818051, 0.00401817075908, 0.00113395426888, 0.000510438461788, 0.000685942242853, 0.000553171499632, 0.000327325426042, 0.000292127777357, 0.000247982388828, 0.000179902359378, 0.000140434742207, 0.000130288273795, 0.000200483467779, 0.000288060546154, 0.000144124991493, 0.000272925535683, 0.000350551912561, 0.000188562524272, 0.000113744019473, 5.48669268028e-05, 3.04139211948e-05, 1.28772953758e-05, 2.00425665753e-06, 1.12670839769e-07],
        "min": [2.6753860641e-24, 2.96012797164e-23, 2.44644273386e-23, 2.5498228766e-24, 3.92415764967e-23, 1.29735559602e-23, 3.77196303077e-23, 2.39296190879e-23, 1.03742927252e-22, 3.11601729947e-23, 3.11051452134e-23, 7.99977659315e-23, 1.06159952889e-22, 1.23429064737e-22, 1.44446237762e-22, 2.08368873846e-22, 1.90299730822e-22, 3.94144493688e-22, 3.46778104251e-22, 4.88430613206e-22, 3.86669172019e-22, 5.96655463157e-22, 4.44101628555e-22, 7.82897167265e-22, 1.53328841847e-21, 1.38293592232e-21, 2.24358927885e-21],
        "var": [5.38847007192e-06, 0.00010166913853, 2.0623951059e-05, 1.67711095855e-05, 2.12390568777e-05, 1.71700157807e-05, 1.12596471809e-05, 2.16833632294e-05, 3.39212165272e-05, 1.13029718705e-05, 2.13645034819e-05, 2.25008761845e-06, 1.10484700144e-06, 2.78602669823e-07, 1.24157551795e-07, 3.95510596718e-07, 4.10730535805e-07, 1.03186138745e-07, 1.86590995099e-07, 3.87585686212e-07, 1.05127270444e-07, 6.57859686726e-08, 5.66303626215e-08, 1.70986869108e-08, 3.79171671838e-09, 1.60156710116e-09, 8.1123822937e-11]
    },
    "erbbands": {
        "dmean": [0.21846216917, 1.12939202785, 2.83324670792, 4.47306632996, 7.56116056442, 9.48995876312, 17.6618671417, 10.4764795303, 6.71715211868, 17.2399291992, 27.1894264221, 25.830165863, 18.5428028107, 20.591424942, 18.8832111359, 14.287519455, 13.4290361404, 7.85510444641, 9.71023750305, 7.5937871933, 10.4799528122, 12.1401462555, 5.77324151993, 7.77522277832, 7.98818778992, 9.64925098419, 6.91608476639, 4.33112287521, 3.94341468811, 2.74220252037, 1.95213782787, 1.00675725937, 0.5237454772, 0.256675988436, 0.171143651009, 0.0830243080854, 0.0222321283072, 0.00394632760435, 0.000463098229375, 2.89931012958e-05],
        "dmean2": [0.396526873112, 1.99758481979, 4.84841108322, 7.39175748825, 12.4682731628, 15.6814107895, 30.0473384857, 17.7391872406, 10.5521469116, 25.9962768555, 40.4484176636, 38.6489601135, 27.5508575439, 30.0785884857, 28.8485183716, 21.9359722137, 20.8345890045, 12.2690515518, 15.3083086014, 11.9550247192, 16.6938400269, 19.5005722046, 9.24219703674, 12.4460887909, 12.7102193832, 15.5986022949, 11.2404613495, 7.05746984482, 6.50751256943, 4.12136173248, 2.8423871994, 1.49890911579, 0.787735700607, 0.383363455534, 0.263475358486, 0.139787003398, 0.0380225814879, 0.00654275016859, 0.000731697771698, 4.53194770671e-05],
        "dvar": [0.237187549472, 5.34166049957, 25.6505870819, 39.4597663879, 123.656158447, 185.395462036, 1543.0534668, 606.604736328, 219.982681274, 1388.68554688, 3777.54980469, 4025.66870117, 3076.91772461, 4010.12890625, 2016.82727051, 1197.40246582, 1029.11816406, 326.743896484, 270.900115967, 198.090896606, 348.770355225, 447.616455078, 140.887619019, 148.807693481, 132.297088623, 250.272460938, 114.678405762, 45.8080749512, 50.5931243896, 29.1162414551, 21.8885803223, 6.94750595093, 1.90511512756, 0.3343513906, 0.222328618169, 0.0765450596809, 0.00548891397193, 0.000129507592646, 2.38278676079e-06, 5.37503908049e-09],
        "dvar2": [0.6806229949, 15.0314598083, 71.9820175171, 104.135246277, 328.166259766, 494.557525635, 4210.37011719, 1693.10705566, 503.035766602, 3202.53955078, 8580.13867188, 9175.70898438, 6577.36523438, 8601.40527344, 4733.57177734, 2692.23876953, 2283.32958984, 762.523681641, 638.53515625, 476.939849854, 790.70098877, 1071.7097168, 280.725280762, 359.756286621, 327.01663208, 650.809692383, 292.407348633, 115.971694946, 125.589355469, 62.2973632812, 42.7312850952, 13.9371747971, 4.10317516327, 0.766704976559, 0.559342622757, 0.20809943974, 0.0150581272319, 0.000336073106155, 5.21064748682e-06, 1.15614779972e-08],
        "max": [4.40541553497, 21.3457813263, 59.7860221863, 97.9824829102, 201.511978149, 208.533355713, 488.754180908, 440.380218506, 472.271240234, 1121.85827637, 1463.46569824, 1917.62438965, 1877.42150879, 2378.65820312, 1142.8828125, 805.548583984, 730.881896973, 469.293762207, 311.010192871, 320.371307373, 519.120666504, 844.026428223, 867.480895996, 337.464569092, 317.342773438, 478.333709717, 209.006195068, 145.079437256, 163.864761353, 106.541671753, 92.615234375, 53.8836097717, 40.5222625732, 12.3943967819, 7.67134523392, 4.45344734192, 1.09708309174, 0.199331611395, 0.0468585565686, 0.0022364219185],
        "mean": [0.194713100791, 1.33868718147, 4.87975263596, 8.65359401703, 14.2397537231, 18.7091293335, 23.3104457855, 16.4242725372, 13.5567054749, 35.0486564636, 52.172744751, 54.2312088013, 36.2052154541, 48.8687057495, 36.9994392395, 26.367313385, 23.0038986206, 12.9617462158, 16.8000736237, 15.1600341797, 22.9512653351, 26.6126327515, 13.1837005615, 18.1746883392, 20.6315975189, 25.2580509186, 18.355632782, 9.91657066345, 7.71659517288, 5.55401945114, 3.71364974976, 1.82659983635, 0.971757054329, 0.443892776966, 0.226954653859, 0.0807087272406, 0.0204852893949, 0.00382194528356, 0.000470843224321, 5.87451104366e-05],
        "median": [0.0826848596334, 0.784836769104, 3.62139964104, 6.13249731064, 9.8051109314, 12.5565452576, 11.4430942535, 8.74851703644, 6.73449707031, 14.6226997375, 18.4113044739, 14.0356082916, 12.960316658, 12.8965654373, 12.8025760651, 10.7145738602, 9.14105415344, 6.623067379, 9.52879142761, 8.38187789917, 13.2899608612, 16.4588279724, 9.08547306061, 11.4079647064, 14.0920696259, 15.98183918, 11.2079257965, 6.03801631927, 4.52663707733, 2.54518222809, 1.53445267677, 0.731034874916, 0.455966800451, 0.196370512247, 0.0716725736856, 0.0143263936043, 0.00298440270126, 0.000479888287373, 3.71542409994e-05, 4.04692073062e-05],
        "min": [3.15547113635e-22, 8.31840692861e-21, 3.20572424678e-20, 1.64016829213e-20, 2.89764179699e-20, 2.18278048552e-19, 1.72538010907e-19, 5.79584452583e-20, 2.51280047602e-19, 7.70424183509e-19, 9.10755632923e-19, 1.4677585847e-18, 2.28071768777e-18, 9.43379326089e-19, 2.60961048959e-18, 2.32686609415e-18, 4.31724586846e-18, 5.76592367117e-18, 6.30978665211e-18, 1.24934224705e-17, 9.69935029077e-18, 1.17456569871e-17, 1.7331055107e-17, 1.9410390298e-17, 2.01286246064e-17, 2.44757978694e-17, 1.40857641749e-17, 1.89249014528e-17, 2.0551628228e-17, 1.68644524496e-17, 1.24874535352e-17, 1.60558271526e-17, 1.22199697949e-17, 1.38464525518e-17, 1.24643272197e-17, 4.97105397411e-18, 2.9057192286e-18, 1.10102330383e-18, 2.99282010633e-19, 3.39716356733e-20],
        "var": [0.149121820927, 3.79797434807, 24.2109012604, 73.3991317749, 213.893005371, 374.312408447, 1414.13476562, 617.141662598, 553.026367188, 3936.19213867, 9958.53027344, 18103.9472656, 9448.07324219, 23657.453125, 6568.05810547, 2708.47412109, 2085.32470703, 542.535644531, 473.439086914, 480.882141113, 911.202148438, 1270.38269043, 291.889923096, 421.015625, 413.697143555, 810.535644531, 379.382965088, 112.847816467, 89.1215744019, 64.8365859985, 45.3590278625, 13.4636602402, 3.12834405899, 0.514976382256, 0.225950792432, 0.0555395334959, 0.00384757178836, 0.000112944675493, 3.17124681715e-06, 7.52448237051e-09]
    },
    "gfcc": {
        "mean": [26.3623008728, 106.430618286, -119.524291992, 51.4633674622, -62.9477081299, 9.83470249176, -27.8583946228, 6.94144630432, -23.4537296295, -3.24426984787, -16.615606308, -5.24865484238, -6.82765579224],
        "cov": [[2313.62963867, -556.594543457, 110.77960968, 50.0641136169, -115.362548828, 89.4301300049, -61.519077301, 83.329498291, -68.0361404419, 93.3015213013, -94.0344772339, 99.4434432983, -27.9011993408], [-556.594543457, 620.31854248, -206.817657471, -57.185005188, 33.3500900269, -48.3235473633, 82.7438430786, -32.3318824768, 24.4625453949, -63.8457641602, 69.9785766602, -96.7421646118, 23.5768814087], [110.77960968, -206.817657471, 393.507507324, 0.73590284586, 49.9228591919, 45.0559806824, -36.9605789185, -5.15603590012, 0.00273692957126, 13.4551715851, -35.5672836304, 54.493221283, -49.2336654663], [50.0641136169, -57.185005188, 0.73590284586, 232.438980103, 47.4554023743, -49.2661628723, -64.8960647583, -14.5557365417, 11.9848251343, 11.2501726151, -18.5520591736, -5.78180456161, 53.018863678], [-115.362548828, 33.3500900269, 49.9228591919, 47.4554023743, 152.352752686, -18.5253868103, -3.80064058304, -7.44135332108, 1.29054379463, 14.6451129913, -7.26721429825, -1.3399374485, 18.9720020294], [89.4301300049, -48.3235473633, 45.0559806824, -49.2661628723, -18.5253868103, 143.164428711, 56.5013198853, 19.3082637787, -4.06539773941, -14.0994272232, 10.3590726852, 13.2057495117, -25.528131485], [-61.519077301, 82.7438430786, -36.9605789185, -64.8960647583, -3.80064058304, 56.5013198853, 139.539581299, 38.8717575073, 0.618280231953, -28.1744117737, 18.8609828949, -3.8142991066, -2.52836513519], [83.329498291, -32.3318824768, -5.15603590012, -14.5557365417, -7.44135332108, 19.3082637787, 38.8717575073, 88.1388168335, 24.7052459717, 19.2381343842, -7.88740062714, 2.04206609726, -2.59831666946], [-68.0361404419, 24.4625453949, 0.00273692957126, 11.9848251343, 1.29054379463, -4.06539773941, 0.618280231953, 24.7052459717, 81.2338867188, 21.9262886047, 8.42416858673, -20.360502243, -5.98880624771], [93.3015213013, -63.8457641602, 13.4551715851, 11.2501726151, 14.6451129913, -14.0994272232, -28.1744117737, 19.2381343842, 21.9262886047, 93.7530441284, 14.0541152954, 13.5534219742, -12.3785409927], [-94.0344772339, 69.9785766602, -35.5672836304, -18.5520591736, -7.26721429825, 10.3590726852, 18.8609828949, -7.88740062714, 8.42416858673, 14.0541152954, 73.1118850708, 14.1391553879, 1.11107945442], [99.4434432983, -96.7421646118, 54.493221283, -5.78180456161, -1.3399374485, 13.2057495117, -3.8142991066, 2.04206609726, -20.360502243, 13.5534219742, 14.1391553879, 83.6704406738, 20.224729538], [-27.9011993408, 23.5768814087, -49.2336654663, 53.018863678, 18.9720020294, -25.528131485, -2.52836513519, -2.59831666946, -5.98880624771, -12.3785409927, 1.11107945442, 20.224729538, 85.4651260376]],
        "icov": [[0.000642329687253, 0.000269404175924, 9.80148397502e-05, -0.000233863494941, 0.000475288630696, -0.000380870187655, 8.62109882291e-05, -0.000411047483794, 0.000611835799646, -0.000645013409667, 0.000710134801921, -0.000348379951902, 0.000130362415803], [0.000269404175924, 0.00390512752347, 0.000763071002439, 0.00115415710025, -0.00124748481903, 0.00141504709609, -0.00133499957155, 0.000860332569573, -0.000523887341842, 0.00191574182827, -0.00366365071386, 0.00392904877663, -0.00122088636272], [9.80148397502e-05, 0.000763071002439, 0.00450757378712, -9.40086247283e-05, -0.00210080039687, -0.0010288982885, 0.000852451950777, 0.000664293474983, -0.00157285260502, 0.00117749313358, 0.00198993831873, -0.00380900362507, 0.00361674558371], [-0.000233863494941, 0.00115415710025, -9.40086247283e-05, 0.00693040527403, -0.00186117994599, 0.000758301699534, 0.00217070267536, 0.00045186773059, -0.00130225182511, 0.00055552017875, -0.000959539669566, 0.00299123022705, -0.00473677925766], [0.000475288630696, -0.00124748481903, -0.00210080039687, -0.00186117994599, 0.00920670107007, 9.5638584753e-05, -0.001551927533, 0.000653855793644, 0.0014714122517, -0.00384397665039, 0.00220629223622, 0.000412190711359, -0.00217739283107], [-0.000380870187655, 0.00141504709609, -0.0010288982885, 0.000758301699534, 9.5638584753e-05, 0.0107079744339, -0.00421949801967, -0.000239351691562, -0.000275610655081, 0.0024555218406, -0.00317894271575, 0.000596820493229, 0.00170369655825], [8.62109882291e-05, -0.00133499957155, 0.000852451950777, 0.00217070267536, -0.001551927533, -0.00421949801967, 0.0138749647886, -0.00681587029248, 0.000939590099733, 0.00394902611151, -0.00227268459275, -0.000547640956938, -0.000374756957171], [-0.000411047483794, 0.000860332569573, 0.000664293474983, 0.00045186773059, 0.000653855793644, -0.000239351691562, -0.00681587029248, 0.0182632245123, -0.00575729692355, -0.00445033889264, 0.00460900133476, -0.00083319604164, -0.00104296288919], [0.000611835799646, -0.000523887341842, -0.00157285260502, -0.00130225182511, 0.0014714122517, -0.000275610655081, 0.000939590099733, -0.00575729692355, 0.0175444297493, -0.0039869598113, -0.00278218789026, 0.0054580019787, -0.000913634139579], [-0.000645013409667, 0.00191574182827, 0.00117749313358, 0.00055552017875, -0.00384397665039, 0.0024555218406, 0.00394902611151, -0.00445033889264, -0.0039869598113, 0.0181826129556, -0.00696332333609, -0.00161027209833, 0.00398865155876], [0.000710134801921, -0.00366365071386, 0.00198993831873, -0.000959539669566, 0.00220629223622, -0.00317894271575, -0.00227268459275, 0.00460900133476, -0.00278218789026, -0.00696332333609, 0.0242027807981, -0.0103780673817, 0.00255543505773], [-0.000348379951902, 0.00392904877663, -0.00380900362507, 0.00299123022705, 0.000412190711359, 0.000596820493229, -0.000547640956938, -0.00083319604164, 0.0054580019787, -0.00161027209833, -0.0103780673817, 0.0254936162382, -0.0109509956092], [0.000130362415803, -0.00122088636272, 0.00361674558371, -0.00473677925766, -0.00217739283107, 0.00170369655825, -0.000374756957171, -0.00104296288919, -0.000913634139579, 0.00398865155876, 0.00255543505773, -0.0109509956092, 0.0211234018207]]
    },
    "melbands": {
        "dmean": [0.00179181015119, 0.00140768918209, 0.00083737965906, 0.000578810228035, 0.000546041701455, 0.000255451537669, 0.000116789204185, 0.000218193526962, 0.000222080547246, 0.000162272583111, 9.72459529294e-05, 8.54246463859e-05, 7.00802338542e-05, 5.02145267092e-05, 3.63834769814e-05, 2.74988760793e-05, 1.514017913e-05, 1.93027917703e-05, 1.10695600597e-05, 1.33156690936e-05, 1.40228712553e-05, 1.52689281094e-05, 8.05161744211e-06, 3.99569853471e-06, 7.27155293134e-06, 6.70339431963e-06, 6.48106197332e-06, 7.82070856076e-06, 5.42385714652e-06, 3.66097492588e-06, 2.44822172135e-06, 2.38091524807e-06, 2.04132402359e-06, 1.52236134454e-06, 1.29894362999e-06, 8.78524019754e-07, 5.51374910174e-07, 3.90133749306e-07, 3.01136282133e-07, 2.02339521138e-07],
        "dmean2": [0.00323643442243, 0.00242583197542, 0.00137815251946, 0.000963627826422, 0.000917921541259, 0.000435818685219, 0.000180519215064, 0.000329323054757, 0.000329932518071, 0.000242019246798, 0.000143922457937, 0.000124636731925, 0.000106189014332, 7.87464960013e-05, 5.63096218684e-05, 4.28833482147e-05, 2.37812673731e-05, 3.06782785628e-05, 1.7399475837e-05, 2.14468927879e-05, 2.26279207709e-05, 2.45783630817e-05, 1.29833370011e-05, 6.46890839562e-06, 1.17817489809e-05, 1.06773750304e-05, 1.0530920008e-05, 1.27358598547e-05, 8.81551932252e-06, 6.07404945185e-06, 4.01444867748e-06, 3.99636428483e-06, 3.30234615831e-06, 2.28885619435e-06, 1.9232759314e-06, 1.35227958253e-06, 8.33136994061e-07, 5.98061944856e-07, 4.6194648462e-07, 3.07514682163e-07],
        "dvar": [1.55760480993e-05, 6.77239495417e-06, 1.39546011724e-06, 6.33468687283e-07, 1.19661274312e-06, 3.8023227944e-07, 8.08524447393e-08, 2.03026786494e-07, 2.26892524324e-07, 1.71207375388e-07, 8.63934701556e-08, 6.24853555564e-08, 3.74503059675e-08, 1.63876645587e-08, 1.1273323608e-08, 4.72524686046e-09, 1.3635697016e-09, 1.18817788941e-09, 5.05566533082e-10, 1.03370556559e-09, 6.14686079814e-10, 7.61789464843e-10, 3.15485138014e-10, 4.34108131386e-11, 1.35712774352e-10, 9.76834516053e-11, 9.52909973151e-11, 1.89338766887e-10, 7.06661326677e-11, 3.62844337909e-11, 1.489044478e-11, 1.74314677276e-11, 1.57015320884e-11, 9.78452388556e-12, 9.43897911221e-12, 6.05240814064e-12, 1.99611312722e-12, 1.21736106438e-12, 5.20522427244e-13, 2.18241752253e-13],
        "dvar2": [4.43842618552e-05, 1.87103851204e-05, 3.69067947759e-06, 1.73303021711e-06, 3.25800237988e-06, 1.06291156499e-06, 1.81179686365e-07, 4.87434704155e-07, 5.0022515552e-07, 3.92773841895e-07, 1.78386173388e-07, 1.29611848365e-07, 8.32390156802e-08, 3.96440000827e-08, 2.4881163796e-08, 1.07152340334e-08, 3.18823900614e-09, 2.80029577304e-09, 1.16294218699e-09, 2.57007282123e-09, 1.47653733684e-09, 1.8326409279e-09, 6.07116912299e-10, 1.06379009768e-10, 3.29863220072e-10, 2.4014429334e-10, 2.48761899968e-10, 4.91082507992e-10, 1.79084788665e-10, 9.47574171906e-11, 3.73890779448e-11, 4.4417389905e-11, 3.66993241352e-11, 2.14760882689e-11, 1.93170184709e-11, 1.28908602542e-11, 4.09535816717e-12, 2.67060202078e-12, 1.21505106324e-12, 5.24609164703e-13],
        "max": [0.0355009287596, 0.0281105078757, 0.0189496222883, 0.0109990676865, 0.0137871662155, 0.00981740932912, 0.0106517169625, 0.0112712932751, 0.00957312528044, 0.0141729153693, 0.00994814746082, 0.00879859831184, 0.00686538871378, 0.00261604390107, 0.00342016923241, 0.00171106634662, 0.000997425988317, 0.000719818752259, 0.000479565263959, 0.000980198499747, 0.000577051891014, 0.00109471997712, 0.00148216763046, 0.000241076690145, 0.000322408886859, 0.000259542022832, 0.000251796998782, 0.000447059661383, 0.000179014983587, 0.000120304714073, 7.51159677748e-05, 9.22717008507e-05, 8.27267140266e-05, 6.66047344566e-05, 6.48211062071e-05, 5.37241139682e-05, 2.99092444038e-05, 3.45765874954e-05, 2.23679253395e-05, 1.10367191155e-05],
        "mean": [0.00171993870754, 0.00230849417858, 0.00172141601797, 0.00117406074423, 0.000821045250632, 0.000374094903236, 0.000234075894696, 0.000438084738562, 0.000418423122028, 0.000340757280355, 0.000179634196684, 0.000197010303964, 0.000144443663885, 8.5807616415e-05, 6.11785580986e-05, 4.31713560829e-05, 2.19727244257e-05, 2.99226921925e-05, 1.84636555787e-05, 2.41264715442e-05, 2.78199822787e-05, 3.08086855512e-05, 1.61023817782e-05, 8.54118570714e-06, 1.54971257871e-05, 1.51948333951e-05, 1.48511335283e-05, 1.81306259037e-05, 1.31670949486e-05, 7.96511085355e-06, 4.81852293888e-06, 4.30390491601e-06, 3.86203328162e-06, 2.78707511825e-06, 2.32191064242e-06, 1.51141478e-06, 9.41050302572e-07, 6.92360401899e-07, 5.23576034084e-07, 3.26842496179e-07],
        "median": [0.000827398849651, 0.00169335573446, 0.00124782696366, 0.00086507567903, 0.00048177188728, 0.000197069428395, 0.000102974663605, 0.000173635518877, 0.000128183863126, 8.04423543741e-05, 5.83921355428e-05, 5.09425008204e-05, 3.9386566641e-05, 3.17269950756e-05, 2.0422936359e-05, 1.52047477968e-05, 9.95825303107e-06, 1.50638534251e-05, 9.69368920778e-06, 1.14995027616e-05, 1.6013316781e-05, 1.81982286449e-05, 1.07471551019e-05, 5.64491074329e-06, 9.35211392061e-06, 9.99396888801e-06, 9.83124300546e-06, 1.10029595817e-05, 7.95461528469e-06, 4.69287988381e-06, 2.72140823654e-06, 2.40817621489e-06, 2.10090956898e-06, 1.11611075226e-06, 9.44323858221e-07, 5.76228558202e-07, 3.85506041312e-07, 2.99505416024e-07, 2.62182311417e-07, 1.30837975121e-07],
        "min": [5.48511277378e-24, 1.56204114891e-23, 2.6458290237e-24, 8.76519129009e-24, 6.64754231054e-24, 1.41552579605e-24, 4.94202424459e-24, 7.16748211089e-24, 8.56436781401e-24, 1.15518290271e-23, 1.17511094913e-23, 3.42288166725e-24, 6.78428977074e-24, 9.07051517029e-24, 6.03485771128e-24, 1.20702447482e-23, 1.07376275431e-23, 1.03025234222e-23, 1.18896760648e-23, 1.71617447237e-23, 1.02382525577e-23, 1.11178750655e-23, 1.17051449329e-23, 2.09502113557e-23, 1.49372689893e-23, 1.3313573943e-23, 1.69480044392e-23, 1.59348277801e-23, 7.84296003821e-24, 1.12934636701e-23, 9.86201087094e-24, 1.07131018575e-23, 1.28169718036e-23, 8.00998792425e-24, 6.34828279855e-24, 9.71762171515e-24, 9.47122732229e-24, 8.13375862256e-24, 9.5618453522e-24, 1.28882824629e-23],
        "var": [1.00113438748e-05, 5.79463267059e-06, 2.57899910139e-06, 1.14436852527e-06, 1.22292681226e-06, 3.47379653931e-07, 2.33260635696e-07, 5.65942116282e-07, 6.29724070222e-07, 8.69799009706e-07, 2.68152859917e-07, 3.64686002285e-07, 1.76245606553e-07, 3.57368605819e-08, 2.35657715564e-08, 1.08015614231e-08, 2.12767869989e-09, 1.95302152228e-09, 8.71736016705e-10, 2.76135336819e-09, 1.37789546439e-09, 2.07243844308e-09, 5.97296823113e-10, 9.74353306371e-11, 3.49507478514e-10, 2.69896438532e-10, 2.55509252645e-10, 5.25229859605e-10, 2.20356594083e-10, 8.67792504522e-11, 3.133830348e-11, 2.92973735549e-11, 2.76616767686e-11, 1.9875136259e-11, 1.77376099919e-11, 1.1076827823e-11, 3.61475346183e-12, 1.91781573261e-12, 7.25754851182e-13, 3.13154694233e-13]
    },
    "mfcc": {
        "mean": [-609.832824707, 121.903404236, 3.7726919651, 39.6805267334, -5.66866254807, 6.81221961975, 2.71252703667, 5.86088466644, 2.82579255104, 1.96102833748, -6.55256509781, -0.467176705599, 0.935142815113],
        "cov": [[1907.24804688, -436.672485352, 10.3482112885, 9.66274261475, -69.2400665283, -3.20228981972, -19.3059959412, -17.7141265869, 34.7366981506, -0.0343547873199, -19.6426944733, 6.08598947525, -12.539522171], [-436.672485352, 527.885742188, -122.447944641, -36.9052810669, -39.930896759, -18.4596061707, 53.7772254944, 14.9887628555, -15.2765102386, 8.36462783813, 26.840385437, 17.8156051636, 10.6609373093], [10.3482112885, -122.447944641, 265.82913208, -37.0963859558, 33.4409103394, 45.5849952698, -29.8560066223, 45.008846283, -30.8607997894, 10.3409433365, 6.23534297943, -10.6037654877, -7.88273620605], [9.66274261475, -36.9052810669, -37.0963859558, 217.425445557, 84.1684112549, -14.8961868286, -26.2949390411, -65.9959869385, 38.9541625977, -20.3012828827, -25.7837905884, -17.4763126373, 3.23725128174], [-69.2400665283, -39.930896759, 33.4409103394, 84.1684112549, 142.563827515, 23.340303421, -29.5679035187, -37.1017150879, 3.39226579666, 8.72539710999, -9.52647399902, -24.9491558075, -1.00453686714], [-3.20228981972, -18.4596061707, 45.5849952698, -14.8961868286, 23.340303421, 81.6641235352, 18.2964458466, 19.3560771942, -15.3438453674, 0.841508746147, 6.01469278336, -5.45005893707, -12.899181366], [-19.3059959412, 53.7772254944, -29.8560066223, -26.2949390411, -29.5679035187, 18.2964458466, 103.253234863, 40.4542922974, 12.7818050385, -14.3978509903, -0.132525578141, 17.0386943817, -2.1031525135], [-17.7141265869, 14.9887628555, 45.008846283, -65.9959869385, -37.1017150879, 19.3560771942, 40.4542922974, 113.449584961, 8.35557460785, 12.9339151382, 0.630576968193, -3.25533747673, -4.17985296249], [34.7366981506, -15.2765102386, -30.8607997894, 38.9541625977, 3.39226579666, -15.3438453674, 12.7818050385, 8.35557460785, 82.0721588135, 19.937582016, -9.69177818298, -2.19208335876, -6.43746805191], [-0.0343547873199, 8.36462783813, 10.3409433365, -20.3012828827, 8.72539710999, 0.841508746147, -14.3978509903, 12.9339151382, 19.937582016, 78.6624908447, 34.5771331787, 3.23080945015, -9.58318519592], [-19.6426944733, 26.840385437, 6.23534297943, -25.7837905884, -9.52647399902, 6.01469278336, -0.132525578141, 0.630576968193, -9.69177818298, 34.5771331787, 80.5774536133, 30.402671814, -1.22770476341], [6.08598947525, 17.8156051636, -10.6037654877, -17.4763126373, -24.9491558075, -5.45005893707, 17.0386943817, -3.25533747673, -2.19208335876, 3.23080945015, 30.402671814, 71.6177368164, 29.0772838593], [-12.539522171, 10.6609373093, -7.88273620605, 3.23725128174, -1.00453686714, -12.899181366, -2.1031525135, -4.17985296249, -6.43746805191, -9.58318519592, -1.22770476341, 29.0772838593, 69.1846084595]],
