{
"lowlevel": {
    "average_loudness": 0.7665553689,
    "barkbands_crest": {
        "dmean": 2.43554210663,
        "dmean2": 3.64019203186,
        "dvar": 5.14071798325,
        "dvar2": 12.2939405441,
        "max": 26.5089130402,
        "mean": 13.2688703537,
        "median": 12.6233701706,
        "min": 2.47449183464,
        "var": 28.2933044434
    },
    "barkbands_flatness_db": {
        "dmean": 0.0239825323224,
        "dmean2": 0.0361446328461,
        "dvar": 0.00064256018959,
        "dvar2": 0.00147105648648,
        "max": 0.590041041374,
        "mean": 0.197669744492,
        "median": 0.182373687625,
        "min": 0.0312077645212,
        "var": 0.00837217643857
    },
    "barkbands_kurtosis": {
        "dmean": 3.48681139946,
        "dmean2": 5.40910243988,
        "dvar": 38.8111801147,
        "dvar2": 92.1780090332,
        "max": 170.931472778,
        "mean": 6.06223344803,
        "median": 2.87185573578,
        "min": -1.8552724123,
        "var": 103.589012146
    },
    "barkbands_skewness": {
        "dmean": 0.574011147022,
        "dmean2": 0.880130708218,
        "dvar": 0.373356491327,
        "dvar2": 0.894515454769,
        "max": 12.2455816269,
        "mean": 1.68523418903,
        "median": 1.47905671597,
        "min": -2.70741796494,
        "var": 2.01877212524
    },
    "barkbands_spread": {
        "dmean": 4.78354692459,
        "dmean2": 7.91435861588,
        "dvar": 53.4765052795,
        "dvar2": 139.877120972,
        "max": 103.064498901,
        "mean": 15.0396099091,
        "median": 12.8063459396,
        "min": 0.368594676256,
        "var": 125.511749268
    },
    "dissonance": {
        "dmean": 0.0248772818595,
        "dmean2": 0.0408820062876,
        "dvar": 0.000684104219545,
        "dvar2": 0.00177369918674,
        "max": 0.5,
        "mean": 0.431966543198,
        "median": 0.443167567253,
        "min": 0.195821672678,
        "var": 0.00239111785777
    },
    "dynamic_complexity": 3.94971847534,
    "erbbands_crest": {
        "dmean": 2.7637386322,
        "dmean2": 4.13753175735,
        "dvar": 7.00353956223,
        "dvar2": 16.0345611572,
        "max": 32.6543312073,
        "mean": 14.2438955307,
        "median": 13.433801651,
        "min": 2.6389465332,
        "var": 42.2495307922
    },
    "erbbands_flatness_db": {
        "dmean": 0.0190406050533,
        "dmean2": 0.028731720522,
        "dvar": 0.000397879717639,
        "dvar2": 0.000895140110515,
        "max": 0.53547257185,
        "mean": 0.229312926531,
        "median": 0.202767938375,
        "min": 0.0708235129714,
        "var": 0.00837314035743
    },
    "erbbands_kurtosis": {
        "dmean": 1.92173230648,
        "dmean2": 2.99211120605,
        "dvar": 10.408572197,
        "dvar2": 25.396156311,
        "max": 75.5161590576,
        "mean": 2.7878715992,
        "median": 0.880132913589,
        "min": -1.87965977192,
        "var": 36.2000999451
    },
    "erbbands_skewness": {
        "dmean": 0.477712720633,
        "dmean2": 0.724954664707,
        "dvar": 0.270695954561,
        "dvar2": 0.683742165565,
        "max": 7.33608293533,
        "mean": 1.08788394928,
        "median": 0.940589249134,
        "min": -2.04055213928,
        "var": 1.20338129997
    },
    "erbbands_spread": {
        "dmean": 6.19917154312,
        "dmean2": 9.96119022369,
        "dvar": 90.7200927734,
        "dvar2": 233.446273804,
        "max": 92.6528320312,
        "mean": 22.4404373169,
        "median": 20.5021362305,
        "min": 0.82522714138,
        "var": 158.202667236
    },
    "hfc": {
        "dmean": 5.26073455811,
        "dmean2": 7.93991947174,
        "dvar": 137.248977661,
        "dvar2": 324.363983154,
        "max": 179.228530884,
        "mean": 16.3319969177,
        "median": 10.6287651062,
        "min": 1.1529271171e-16,
        "var": 356.55078125
    },
    "melbands_crest": {
        "dmean": 3.60665464401,
        "dmean2": 5.52631139755,
        "dvar": 11.8771095276,
        "dvar2": 28.2962360382,
        "max": 39.1088180542,
        "mean": 20.221244812,
        "median": 19.9085712433,
        "min": 1.7023563385,
        "var": 64.4974212646
    },
    "melbands_flatness_db": {
        "dmean": 0.0264299958944,
        "dmean2": 0.0405350625515,
        "dvar": 0.000837478437461,
        "dvar2": 0.00195175176486,
        "max": 0.62613505125,
        "mean": 0.252096652985,
        "median": 0.246374741197,
        "min": 0.00387334544212,
        "var": 0.0073708081618
    },
    "melbands_kurtosis": {
        "dmean": 5.62440299988,
        "dmean2": 8.78481483459,
        "dvar": 82.8634338379,
        "dvar2": 196.793151855,
        "max": 237.822906494,
        "mean": 11.2714195251,
        "median": 6.03537940979,
        "min": -1.58976364136,
        "var": 240.985580444
    },
    "melbands_skewness": {
        "dmean": 0.666948318481,
        "dmean2": 1.02037394047,
        "dvar": 0.505505263805,
        "dvar2": 1.19265258312,
        "max": 11.5840015411,
        "mean": 2.24770283699,
        "median": 1.91314852238,
        "min": -3.04496741295,
        "var": 2.70788502693
    },
    "melbands_spread": {
        "dmean": 6.24540758133,
        "dmean2": 10.3760347366,
        "dvar": 103.042190552,
        "dvar2": 276.729370117,
        "max": 164.474472046,
        "mean": 18.7829036713,
        "median": 14.4200019836,
        "min": 0.614001393318,
        "var": 304.834594727
    },
    "pitch_salience": {
        "dmean": 0.0606042705476,
        "dmean2": 0.0935006216168,
        "dvar": 0.00331402150914,
        "dvar2": 0.00779451942071,
        "max": 0.845732033253,
        "mean": 0.424700051546,
        "median": 0.432147234678,
        "min": 0.0715322941542,
        "var": 0.0169779937714
    },
    "silence_rate_20dB": {
        "dmean": 0,
        "dmean2": 0,
        "dvar": 0,
        "dvar2": 0,
        "max": 1,
        "mean": 1,
        "median": 1,
        "min": 1,
        "var": 0
    },
    "silence_rate_30dB": {
        "dmean": 0.041643217206,
        "dmean2": 0.0832922980189,
        "dvar": 0.03990714252,
        "dvar2": 0.0908553376794,
        "max": 1,
        "mean": 0.943588674068,
        "median": 1,
        "min": 0,
        "var": 0.053225915879
    },
    "silence_rate_60dB": {
        "dmean": 0.0309510417283,
        "dmean2": 0.0619064383209,
        "dvar": 0.0299852322787,
        "dvar2": 0.070887863636,
        "max": 1,
        "mean": 0.132165715098,
        "median": 0,
        "min": 0,
        "var": 0.114691846073
    },
    "spectral_centroid": {
        "dmean": 219.927597046,
        "dmean2": 355.101837158,
        "dvar": 127861.882812,
        "dvar2": 323524.0625,
        "max": 11323.3837891,
        "mean": 1340.18713379,
        "median": 1095.57092285,
        "min": 522.968322754,
        "var": 445857.1875
    },
    "spectral_complexity": {
        "dmean": 2.41460323334,
        "dmean2": 3.66739368439,
        "dvar": 14.5453100204,
        "dvar2": 24.5846710205,
        "max": 65,
        "mean": 14.8869667053,
        "median": 12,
        "min": 0,
        "var": 133.593536377
    },
    "spectral_decrease": {
        "dmean": 2.60140753383e-09,
        "dmean2": 3.78682818436e-09,
        "dvar": 2.60243511136e-17,
        "dvar2": 5.93543051491e-17,
        "max": 2.0825425838e-18,
        "mean": -8.35732816284e-09,
        "median": -4.54136728223e-09,
        "min": -7.70716113152e-08,
        "var": 9.76110180504e-17
    },
    "spectral_energy": {
        "dmean": 0.0101307146251,
        "dmean2": 0.0147385979071,
        "dvar": 0.000377955089789,
        "dvar2": 0.000857677368913,
        "max": 0.293313443661,
        "mean": 0.0330238118768,
        "median": 0.0185403283685,
        "min": 1.05999423103e-20,
        "var": 0.00146133219823
    },
    "spectral_energyband_high": {
        "dmean": 0.000315803801641,
        "dmean2": 0.00055401341524,
        "dvar": 9.349611787e-07,
        "dvar2": 2.58897762251e-06,
        "max": 0.0134160341695,
        "mean": 0.000431169086369,
        "median": 9.75037910393e-05,
        "min": 7.71701108037e-21,
        "var": 8.42581357574e-07
    },
    "spectral_energyband_low": {
        "dmean": 0.00701974704862,
        "dmean2": 0.0109917772934,
        "dvar": 0.00029543536948,
        "dvar2": 0.000726880098227,
        "max": 0.230446219444,
        "mean": 0.0162453129888,
        "median": 0.00188060221262,
        "min": 8.89900671208e-23,
        "var": 0.000787697616033
    },
    "spectral_energyband_middle_high": {
        "dmean": 0.00172281474806,
        "dmean2": 0.00255887536332,
        "dvar": 1.97650806513e-05,
        "dvar2": 4.21340482717e-05,
        "max": 0.0962807759643,
        "mean": 0.00474176276475,
        "median": 0.00228342763148,
        "min": 1.41557764867e-21,
        "var": 5.30127254024e-05
    },
    "spectral_energyband_middle_low": {
        "dmean": 0.00282841222361,
        "dmean2": 0.00387055752799,
        "dvar": 1.90082882909e-05,
        "dvar2": 3.71873611584e-05,
        "max": 0.149216786027,
        "mean": 0.00990015082061,
        "median": 0.00746551109478,
        "min": 3.5760503716e-22,
        "var": 9.39172168728e-05
    },
    "spectral_entropy": {
        "dmean": 0.166682049632,
        "dmean2": 0.254650205374,
        "dvar": 0.0445444062352,
        "dvar2": 0.10689548403,
        "max": 9.81001377106,
        "mean": 6.98307847977,
        "median": 7.11003112793,
        "min": 4.03402853012,
        "var": 0.48966807127
    },
    "spectral_flux": {
        "dmean": 0.02053880319,
        "dmean2": 0.0339367426932,
        "dvar": 0.000684827449732,
        "dvar2": 0.00174818991218,
        "max": 0.333132386208,
        "mean": 0.0662316903472,
        "median": 0.0556186363101,
        "min": 6.91022100652e-11,
        "var": 0.00266779144295
    },
    "spectral_kurtosis": {
        "dmean": 2.75692081451,
        "dmean2": 4.73643398285,
        "dvar": 12.4698467255,
        "dvar2": 36.5891189575,
        "max": 74.9992599487,
        "mean": 8.23377418518,
        "median": 6.62121009827,
        "min": -1.20956277847,
        "var": 46.7302360535
    },
    "spectral_rms": {
        "dmean": 0.000721813063137,
        "dmean2": 0.00103079376277,
        "dvar": 9.14716792977e-07,
        "dvar2": 1.89780064375e-06,
        "max": 0.0169162489474,
        "mean": 0.00482332706451,
        "median": 0.00425301352516,
        "min": 3.2158058768e-12,
        "var": 8.95379707799e-06
    },
    "spectral_rolloff": {
        "dmean": 442.652374268,
        "dmean2": 793.791442871,
        "dvar": 958603.75,
        "dvar2": 2591805,
        "max": 19918.2128906,
        "mean": 1394.70690918,
        "median": 818.26171875,
        "min": 43.06640625,
        "var": 3551741.75
    },
    "spectral_skewness": {
        "dmean": 0.306233346462,
        "dmean2": 0.511676728725,
        "dvar": 0.115059316158,
        "dvar2": 0.312002062798,
        "max": 6.50609445572,
        "mean": 1.92919063568,
        "median": 1.87205421925,
        "min": -0.0529011972249,
        "var": 0.491483449936
    },
    "spectral_spread": {
        "dmean": 424459.1875,
        "dmean2": 701045.1875,
        "dvar": 513013186560,
        "dvar2": 1.22654516838e+12,
        "max": 40987552,
        "mean": 3561884.5,
        "median": 3348112.5,
        "min": 1052423.25,
        "var": 1.60684520243e+12
    },
    "spectral_strongpeak": {
        "dmean": 0.453967958689,
        "dmean2": 0.726075828075,
        "dvar": 0.460438847542,
        "dvar2": 1.07937371731,
        "max": 14.4822311401,
        "mean": 1.34256577492,
        "median": 0.976063668728,
        "min": 0,
        "var": 2.2967941761
    },
    "zerocrossingrate": {
        "dmean": 0.00786010548472,
        "dmean2": 0.0100242095068,
        "dvar": 9.39839883358e-05,
        "dvar2": 0.00014454878692,
        "max": 0.53564453125,
        "mean": 0.0541415549815,
        "median": 0.04150390625,
        "min": 0.00146484375,
        "var": 0.00256654596888
    },
    "barkbands": {
        "dmean": [0.00448107067496, 0.003969211597, 0.0011943486752, 0.000425106059993, 0.00034713014611, 0.000204392243177, 0.000299196661217, 0.0018177885795, 0.000893483113032, 0.000624664244242, 0.000342717772583, 0.000150761567056, 0.00039663456846, 0.000216119267861, 0.000235148210777, 0.000277380459011, 0.00021021431894, 0.000175612964085, 0.00013651412155, 0.000138339877594, 8.17245236249e-05, 8.35573446238e-05, 4.84355441586e-05, 2.38520842686e-05, 1.17828885777e-05, 1.36027611006e-05, 5.90278068557e-06],
        "dmean2": [0.00589686725289, 0.00623601302505, 0.00203140242957, 0.000761723029427, 0.000542771595065, 0.000304580433294, 0.000381879333872, 0.00236620218493, 0.00121754722204, 0.000879611587152, 0.000550434691831, 0.000245071394602, 0.000653136579785, 0.000348744128132, 0.000381587917218, 0.000449679413578, 0.000349080684828, 0.000286951690214, 0.000227890661336, 0.000239575267187, 0.00014201902377, 0.000154425986693, 8.78484570421e-05, 4.18375093432e-05, 2.05224132515e-05, 2.43204067374e-05, 1.0507495972e-05],
        "dvar": [0.000123492267448, 8.84950131876e-05, 1.10841192509e-05, 1.36440144161e-06, 6.77699802054e-07, 1.79402320555e-07, 1.8500917065e-07, 1.26234008349e-05, 4.895019174e-06, 3.89990418626e-06, 8.12410121398e-07, 3.63715457752e-07, 1.53968187533e-06, 3.69551031554e-07, 5.2926253602e-07, 4.28555438248e-07, 3.53178279511e-07, 2.77760307199e-07, 1.49466956145e-07, 2.69278132237e-07, 9.35955384307e-08, 1.56923420036e-07, 6.75756695045e-08, 9.91118920268e-09, 2.56189203185e-09, 2.20259299688e-09, 4.15984691138e-10],
        "dvar2": [0.000237511107116, 0.000242937225266, 2.81136726699e-05, 4.43770113634e-06, 1.61011882938e-06, 4.79947630083e-07, 3.00671615605e-07, 2.33014561672e-05, 9.5912901088e-06, 7.49644550524e-06, 1.97268423108e-06, 9.34931108532e-07, 3.31335422743e-06, 8.45130671223e-07, 1.27216458168e-06, 1.03156355635e-06, 8.6423222001e-07, 6.41718031602e-07, 3.70992950138e-07, 7.44221097193e-07, 2.59394766999e-07, 4.56389471992e-07, 1.96819328835e-07, 2.78314971069e-08, 6.86299150843e-09, 5.99381833055e-09, 1.21743226611e-09],
        "max": [0.141420871019, 0.120794229209, 0.0430718958378, 0.0209533795714, 0.0230658017099, 0.00760134542361, 0.00754582416266, 0.147044196725, 0.0611451379955, 0.0613837726414, 0.0177167244256, 0.0157475378364, 0.026765268296, 0.0313382484019, 0.0360540300608, 0.0289502069354, 0.012024961412, 0.0103486459702, 0.00770920934156, 0.0112021900713, 0.00560332741588, 0.00656684674323, 0.00503071490675, 0.0047808745876, 0.000692821515258, 0.000845235364977, 0.000374199473299],
        "mean": [0.00916414428502, 0.00783794000745, 0.00119105365593, 0.000532369769644, 0.000807763717603, 0.000481119030155, 0.000736117304768, 0.00442795176059, 0.0023655584082, 0.00130577385426, 0.000543271540664, 0.000216872955207, 0.000612599833403, 0.000453104468761, 0.000400267424993, 0.000536411302164, 0.000365704967408, 0.000284676556475, 0.00025757579715, 0.000182226212928, 0.000109536522359, 8.42382723931e-05, 5.23128619534e-05, 3.16765399475e-05, 1.78336522367e-05, 1.81071136467e-05, 7.53367112338e-06],
        "median": [0.000262328132521, 0.000653938273899, 0.000138818577398, 3.67300672224e-05, 0.000349241949152, 0.000275209255051, 0.000402107660193, 0.0018014179077, 0.000648694229312, 0.000328444875777, 0.000247338757617, 5.26388248545e-05, 0.000200660215341, 0.00011120965064, 7.48072707211e-05, 0.000174005195731, 9.29759480641e-05, 6.29587229923e-05, 5.32446247234e-05, 3.89897577406e-05, 1.73321313923e-05, 1.39096991916e-05, 7.72109797254e-06, 6.592180398e-06, 2.44351781475e-06, 2.74192575489e-06, 1.12182362955e-06],
        "min": [4.11984595681e-23, 2.65880266959e-23, 8.40128581021e-24, 3.16873087843e-23, 8.71761729771e-23, 3.08494722386e-23, 7.86347594377e-23, 2.65788254223e-23, 2.89950969087e-23, 6.40861764159e-23, 2.96475921624e-23, 6.6354681633e-23, 1.02860419091e-22, 7.37421683729e-23, 7.6229282724e-23, 7.3332699076e-23, 6.92169971633e-23, 2.13806952761e-22, 2.72533873244e-22, 2.52981280443e-22, 5.63597167762e-22, 4.51509095564e-22, 5.44331846548e-22, 9.15577563558e-22, 1.32290484436e-21, 1.4554418573e-21, 2.36565637839e-21],
        "var": [0.000375763513148, 0.000195748798433, 1.0487228792e-05, 1.84005739357e-06, 1.81137352229e-06, 3.6825943539e-07, 8.47975968554e-07, 5.18316373928e-05, 1.77392503247e-05, 8.78291757545e-06, 1.09131826775e-06, 3.70186739929e-07, 2.72069519269e-06, 2.53608504863e-06, 1.85414796761e-06, 1.94699646272e-06, 6.53216318369e-07, 5.11407961312e-07, 2.91193288149e-07, 2.28797773616e-07, 8.54817656659e-08, 9.20471521226e-08, 4.12551628415e-08, 8.21615664393e-09, 2.88890555922e-09, 2.43490450025e-09, 4.46217923722e-10]
    },
    "erbbands": {
        "dmean": [0.261976331472, 0.493002802134, 1.33627021313, 1.39414036274, 0.95232707262, 1.48256075382, 1.43766129017, 1.87683606148, 2.9425766468, 30.521938324, 18.723449707, 23.4186038971, 20.2447433472, 9.65571594238, 15.0502929688, 6.33579969406, 18.5833282471, 11.2924079895, 9.71566104889, 16.1091327667, 10.745970726, 11.8700389862, 9.56274604797, 8.53719902039, 5.9356508255, 6.4449801445, 4.14856100082, 3.38556933403, 2.89009857178, 2.60603141785, 1.12094271183, 0.507838129997, 0.3771456182, 0.182430043817, 0.0725652202964, 0.0918065011501, 0.0154327638447, 0.00553922075778, 0.00134791200981, 2.78421557596e-05],
        "dmean2": [0.400501400232, 0.703371584415, 2.19331383705, 2.47996449471, 1.57392847538, 2.37473344803, 2.26072096825, 2.72109127045, 3.79097819328, 37.9940071106, 25.259557724, 31.9755687714, 28.381313324, 14.3529014587, 24.118555069, 10.1416778564, 30.3537788391, 18.2689151764, 15.2872629166, 26.7033157349, 17.317483902, 19.5224552155, 15.7008829117, 13.9904489517, 9.93083190918, 11.1088638306, 7.25016832352, 5.90040111542, 5.28252792358, 4.85808706284, 1.98308181763, 0.920263230801, 0.6559907794, 0.313360124826, 0.126045912504, 0.168079808354, 0.0267911646515, 0.00973823759705, 0.0023702038452, 4.52175117971e-05],
        "dvar": [0.4833509624, 1.25262486935, 14.1830301285, 13.3594255447, 5.88337230682, 14.2857170105, 8.83840847015, 14.6269874573, 27.2325725555, 2659.12915039, 2129.04663086, 3587.47167969, 2066.03686523, 1009.06658936, 1780.34814453, 666.881774902, 3579.2878418, 891.00189209, 857.049621582, 2079.42749023, 654.736816406, 1110.9987793, 768.759277344, 620.356689453, 481.115356445, 673.222717285, 254.025924683, 208.916137695, 180.884262085, 196.042129517, 26.8351192474, 8.11927032471, 1.79944133759, 0.410479128361, 0.0985639467835, 0.121636018157, 0.00249001174234, 0.000256060389802, 2.27674172493e-05, 4.9348081177e-09],
        "dvar2": [1.25408160686, 2.52401089668, 33.0199050903, 43.8323822021, 14.771944046, 35.5757026672, 23.9599914551, 37.2347106934, 46.4704933167, 4076.76049805, 4180.21679688, 7008.45019531, 4048.50683594, 1961.31677246, 4247.10302734, 1653.89453125, 7693.90966797, 1947.03613281, 2040.8963623, 5431.97412109, 1583.20043945, 2744.79370117, 1749.35205078, 1522.64709473, 1284.74194336, 1874.94946289, 708.59777832, 591.297363281, 525.543212891, 574.636352539, 76.6755065918, 23.7681121826, 4.89170455933, 1.06211423874, 0.260854035616, 0.353998720646, 0.00642108498141, 0.000697076087818, 6.50623769616e-05, 1.29452999431e-08],
        "max": [8.9376745224, 16.7201442719, 44.5084571838, 56.9282798767, 68.8427505493, 128.690200806, 51.9508590698, 78.5277786255, 109.943946838, 1367.97119141, 2606.97119141, 1687.29907227, 1179.66552734, 998.265991211, 873.327148438, 674.792236328, 1279.06713867, 1677.89587402, 773.832580566, 1251.01708984, 840.496520996, 691.199279785, 483.628540039, 493.169403076, 347.95513916, 610.538574219, 307.585083008, 294.089874268, 252.354446411, 227.184341431, 148.988311768, 136.988433838, 38.9147415161, 10.5402765274, 5.0355091095, 6.07931423187, 0.852992713451, 0.239640012383, 0.0855890735984, 0.00122203410137],
        "mean": [0.493967592716, 0.822486400604, 1.42456078529, 1.72798812389, 1.81378221512, 3.01447701454, 3.5128223896, 4.5871348381, 7.14245891571, 74.915802002, 52.5516281128, 63.2431259155, 48.013633728, 19.2716884613, 23.8988780975, 10.3109474182, 29.062122345, 24.5344829559, 19.5934886932, 28.9337024689, 22.7585506439, 21.2274417877, 16.5039825439, 14.9771575928, 10.2658052444, 8.32715606689, 5.30141878128, 4.20603513718, 3.0655670166, 2.54635214806, 1.32355558872, 0.63394755125, 0.507602751255, 0.267611652613, 0.117946349084, 0.102895222604, 0.0233436413109, 0.00795259233564, 0.00172495807055, 6.44904212095e-05],
        "median": [0.0309520307928, 0.0836460664868, 0.212728455663, 0.149036377668, 0.268916219473, 1.31986153126, 2.03336262703, 2.40121674538, 3.44829797745, 32.95470047, 23.2215938568, 18.8873252869, 17.984041214, 7.27756071091, 10.2164640427, 3.43622565269, 9.80976867676, 8.00023841858, 5.30554246902, 9.36132335663, 8.86757564545, 5.16507101059, 4.13581848145, 3.31836700439, 1.94333100319, 1.79556000233, 0.891874313354, 0.647021651268, 0.502264916897, 0.342415124178, 0.229413986206, 0.130780875683, 0.0900864079595, 0.0386510901153, 0.0181827303022, 0.0121452268213, 0.00435338634998, 0.00147866422776, 0.000245926494244, 3.33682837663e-05],
        "min": [1.00426017056e-21, 1.2351146473e-21, 6.66555627748e-21, 8.45740025183e-20, 1.57320395027e-19, 3.51144322185e-19, 1.85591218241e-19, 3.64909227963e-19, 9.33269007655e-19, 1.38948248333e-18, 3.85626354145e-19, 7.10070811271e-19, 1.7337710809e-18, 1.65385054448e-18, 1.70924486554e-18, 3.42364596144e-18, 4.11504694439e-18, 3.72428516866e-18, 6.02132354351e-18, 2.69781544664e-18, 4.8081734261e-18, 5.56045159342e-18, 9.25931005723e-18, 1.18833941396e-17, 1.42653996798e-17, 1.31789922438e-17, 1.71554942938e-17, 1.89286585072e-17, 1.85449591995e-17, 1.28699790736e-17, 1.44669306555e-17, 1.2669373713e-17, 1.84380874644e-17, 1.28329817664e-17, 9.07235979417e-18, 5.42282280156e-18, 2.43803006949e-18, 1.31016930427e-18, 3.27911739759e-19, 3.60319196282e-20],
        "var": [0.937435865402, 3.09934186935, 15.464132309, 16.9756011963, 16.0324726105, 27.1601467133, 19.9756202698, 39.199005127, 105.044036865, 12977.4257812, 8851.86621094, 13308.7333984, 5907.14501953, 2088.98168945, 2341.76220703, 752.407531738, 6050.84912109, 6348.0859375, 2565.55249023, 4990.65771484, 2356.80493164, 2228.38647461, 1502.6550293, 1097.02758789, 597.428283691, 532.36706543, 222.668731689, 154.723571777, 110.898033142, 111.194236755, 18.1328125, 5.14291810989, 1.90292215347, 0.517496287823, 0.125669077039, 0.105290062726, 0.00314049166627, 0.000363390892744, 2.48040014412e-05, 8.84702977544e-09]
    },
    "gfcc": {
        "mean": [-71.1476593018, 63.5022125244, -150.355834961, -6.63850831985, -57.9883079529, 0.280030846596, -19.4895191193, 21.2655220032, -2.03454828262, 9.90344715118, -12.936504364, 0.504133224487, -10.4437904358],
        "cov": [[22197.28125, 5420.46484375, 3100.87670898, 2335.97460938, 786.82421875, -200.24029541, -172.576950073, -212.109695435, -486.886291504, -266.25579834, -634.817504883, 65.958694458, 35.9922828674], [5420.46484375, 4695.97363281, 1928.43505859, 1204.13110352, 637.920837402, -551.211364746, -58.0581016541, -244.454299927, -40.9014129639, -157.065414429, 19.3084259033, -5.32336044312, 236.52532959], [3100.87670898, 1928.43505859, 2376.42919922, 1344.46142578, 576.860839844, 134.942047119, -40.0268745422, -235.020095825, -258.293518066, -152.576599121, -96.3363800049, 67.9718704224, -84.2607192993], [2335.97460938, 1204.13110352, 1344.46142578, 1325.60327148, 561.079528809, 227.671401978, 75.9335327148, -150.093673706, -216.92930603, -134.688751221, -108.471405029, -8.8626241684, -90.4142608643], [786.82421875, 637.920837402, 576.860839844, 561.079528809, 709.406555176, 252.439437866, 160.689208984, 1.34012055397, -47.542011261, 14.6850147247, 44.3342285156, -22.3680725098, -52.3857879639], [-200.24029541, -551.211364746, 134.942047119, 227.671401978, 252.439437866, 485.225799561, 123.325485229, 62.9429855347, -63.6856651306, -25.3895015717, -40.860874176, -43.940158844, -89.7321166992], [-172.576950073, -58.0581016541, -40.0268745422, 75.9335327148, 160.689208984, 123.325485229, 229.739990234, 98.4495162964, 34.7103881836, 0.832708239555, 16.380399704, -9.46219158173, -1.76410973072], [-212.109695435, -244.454299927, -235.020095825, -150.093673706, 1.34012055397, 62.9429855347, 98.4495162964, 219.442199707, 93.3793029785, 40.4322128296, 11.0437860489, -11.267241478, 39.6823501587], [-486.886291504, -40.9014129639, -258.293518066, -216.92930603, -47.542011261, -63.6856651306, 34.7103881836, 93.3793029785, 199.847885132, 97.2208099365, 56.7047920227, -15.253821373, 34.7960357666], [-266.25579834, -157.065414429, -152.576599121, -134.688751221, 14.6850147247, -25.3895015717, 0.832708239555, 40.4322128296, 97.2208099365, 195.338516235, 112.320327759, 8.15235996246, -31.1866016388], [-634.817504883, 19.3084259033, -96.3363800049, -108.471405029, 44.3342285156, -40.860874176, 16.380399704, 11.0437860489, 56.7047920227, 112.320327759, 180.293792725, 46.5716285706, -8.63671684265], [65.958694458, -5.32336044312, 67.9718704224, -8.8626241684, -22.3680725098, -43.940158844, -9.46219158173, -11.267241478, -15.253821373, 8.15235996246, 46.5716285706, 123.925086975, 34.4005355835], [35.9922828674, 236.52532959, -84.2607192993, -90.4142608643, -52.3857879639, -89.7321166992, -1.76410973072, 39.6823501587, 34.7960357666, -31.1866016388, -8.63671684265, 34.4005355835, 204.986587524]],
        "icov": [[0.000102046840766, -0.000191895960597, 6.17621772108e-05, -2.84015040961e-05, 5.35872750334e-05, -0.000132576577016, 5.82697612117e-05, -0.00017615048273, 0.000264142407104, -0.000432108005043, 0.00065228913445, -0.000383727019653, 0.00018792564515], [-0.000191895960597, 0.0011733409483, -0.0006123771891, -0.000277617305983, -0.000691208988428, 0.00159752031323, -6.17141486146e-05, 0.000403410434956, -0.000994986970909, 0.00153091026004, -0.00194526393898, 0.00179182167631, -0.00123115663882], [6.17621772108e-05, -0.0006123771891, 0.00147948600352, -0.000854651734699, 7.02777469996e-05, -0.000765121250879, 0.000620368635282, -3.56296077371e-05, 0.000395004521124, -0.00049653777387, 0.000963564554695, -0.00164827820845, 0.00079681922216], [-2.84015040961e-05, -0.000277617305983, -0.000854651734699, 0.00270040798932, -0.000753136933781, -0.000573745637666, -0.000775498570874, 0.000628671317827, 0.000874972203746, -0.000183146214113, 0.00107016251422, -9.12049872568e-05, 0.000477095600218], [5.35872750334e-05, -0.000691208988428, 7.02777469996e-05, -0.000753136933781, 0.0036666567903, -0.00200586207211, -0.00139382493217, 3.71922724298e-05, 0.000534507154953, -0.00128438801039, -0.000764373282436, 8.09844787e-05, 0.000192699269974], [-0.000132576577016, 0.00159752031323, -0.000765121250879, -0.000573745637666, -0.00200586207211, 0.00583696505055, -0.000793758081272, -0.000978544238023, 0.000174265020178, 0.00166573200841, -0.00121820124332, 0.00256205582991, -0.000419949705247], [5.82697612117e-05, -6.17141486146e-05, 0.000620368635282, -0.000775498570874, -0.00139382493217, -0.000793758081272, 0.00760293565691, -0.00294109713286, -0.00118579436094, 0.00166440708563, -0.000716120412108, -0.000762593524996, 0.000457361486042], [-0.00017615048273, 0.000403410434956, -3.56296077371e-05, 0.000628671317827, 3.71922724298e-05, -0.000978544238023, -0.00294109713286, 0.0085218437016, -0.00301570096053, -0.000272329052677, 0.000105587991129, 0.000513662525918, -0.0018770431634], [0.000264142407104, -0.000994986970909, 0.000395004521124, 0.000874972203746, 0.000534507154953, 0.000174265020178, -0.00118579436094, -0.00301570096053, 0.0109396642074, -0.00544215133414, 0.00176333100535, 0.000573073339183, -0.000270368676865], [-0.000432108005043, 0.00153091026004, -0.00049653777387, -0.000183146214113, -0.00128438801039, 0.00166573200841, 0.00166440708563, -0.000272329052677, -0.00544215133414, 0.0133339054883, -0.00873043108732, 0.00257078907453, 0.00064565386856], [0.00065228913445, -0.00194526393898, 0.000963564554695, 0.00107016251422, -0.000764373282436, -0.00121820124332, -0.000716120412108, 0.000105587991129, 0.00176333100535, -0.00873043108732, 0.0161168072373, -0.00747041823342, 0.00254807574674], [-0.000383727019653, 0.00179182167631, -0.00164827820845, -9.12049872568e-05, 8.09844787e-05, 0.00256205582991, -0.000762593524996, 0.000513662525918, 0.000573073339183, 0.00257078907453, -0.00747041823342, 0.0139929857105, -0.00405085738748], [0.00018792564515, -0.00123115663882, 0.00079681922216, 0.000477095600218, 0.000192699269974, -0.000419949705247, 0.000457361486042, -0.0018770431634, -0.000270368676865, 0.00064565386856, 0.00254807574674, -0.00405085738748, 0.00796793028712]]
    },
    "melbands": {
        "dmean": [0.00182760530151, 0.000594738521613, 0.000210842859815, 7.85123556852e-05, 5.36494117114e-05, 4.18879899371e-05, 4.28317362093e-05, 0.000394954287913, 0.000129717052914, 0.000154493231094, 0.000103529222542, 4.56810739706e-05, 4.63756623503e-05, 2.13394632738e-05, 2.33391456277e-05, 4.64102631668e-05, 2.11284059333e-05, 1.62920223374e-05, 1.88609556062e-05, 2.74876329058e-05, 1.05990575321e-05, 1.29823156385e-05, 1.1603535313e-05, 8.30838507682e-06, 7.52195637688e-06, 4.48084347227e-06, 3.96934001401e-06, 5.04948775415e-06, 3.11898656946e-06, 1.92877064364e-06, 2.16103103412e-06, 1.84320424523e-06, 1.47575167375e-06, 1.42712349316e-06, 7.05769821252e-07, 3.942626563e-07, 3.3105681041e-07, 2.12365151242e-07, 3.23999387319e-07, 1.16173936249e-07],
        "dmean2": [0.00276467110962, 0.000908440386411, 0.000369355431758, 0.000125427453895, 8.37670741021e-05, 6.0986069002e-05, 5.53095305804e-05, 0.0005007609725, 0.000176885034307, 0.000211809659959, 0.000145830461406, 6.72023743391e-05, 7.46109799366e-05, 3.38526406267e-05, 3.80327546736e-05, 7.61793853599e-05, 3.44090840372e-05, 2.57026149484e-05, 3.04686182062e-05, 4.53177526651e-05, 1.74265660462e-05, 2.12889208342e-05, 1.99511760002e-05, 1.31608076117e-05, 1.25634032884e-05, 7.46552586861e-06, 6.73200293022e-06, 8.8622327894e-06, 5.46905584997e-06, 3.38089012075e-06, 3.79991865884e-06, 3.37417895935e-06, 2.75894535662e-06, 2.65687003775e-06, 1.22850246953e-06, 7.12308235506e-07, 6.00558678343e-07, 3.7346666204e-07, 5.53871188913e-07, 2.00946828954e-07],
        "dvar": [2.22680901061e-05, 2.4213877623e-06, 2.81004275848e-07, 4.16307450735e-08, 1.1771913222e-08, 6.88958357031e-09, 5.4480100431e-09, 4.81731149193e-07, 9.6445461395e-08, 1.71933805859e-07, 6.34067731653e-08, 2.98282998301e-08, 1.79305690295e-08, 3.61041485597e-09, 7.57982032695e-09, 1.98093879078e-08, 3.52319506902e-09, 2.53957166407e-09, 3.79783315907e-09, 4.29813384883e-09, 7.39831307328e-10, 1.31972555106e-09, 1.39223277351e-09, 8.26390067488e-10, 4.5970927065e-10, 1.69696576235e-10, 3.0154365116e-10, 4.81674811148e-10, 1.71007805139e-10, 5.97807289782e-11, 1.15407211565e-10, 1.10420381172e-10, 8.14720027553e-11, 8.07838934636e-11, 1.14217992703e-11, 3.87853117678e-12, 5.87693262111e-12, 7.32117545841e-13, 1.20395457926e-12, 2.28088598356e-13],
        "dvar2": [5.61757442483e-05, 4.91357513965e-06, 8.95778612175e-07, 9.93617561562e-08, 3.13045482869e-08, 1.77395698131e-08, 9.29534760274e-09, 8.03611044375e-07, 1.8741451413e-07, 3.37270193995e-07, 1.23800560914e-07, 5.72874476745e-08, 4.29656914491e-08, 8.9485201471e-09, 1.90923916676e-08, 4.28254836038e-08, 7.77241737637e-09, 6.01541882972e-09, 8.72064020996e-09, 1.06110009668e-08, 1.84126791591e-09, 3.2532558869e-09, 3.8778904532e-09, 1.90681181955e-09, 1.18087395418e-09, 4.19969642396e-10, 8.32557633945e-10, 1.36033639908e-09, 4.82542172886e-10, 1.69553662777e-10, 3.28862964638e-10, 3.21701498773e-10, 2.39196523699e-10, 2.37335429087e-10, 3.24446823574e-11, 1.13274225069e-11, 1.73301893669e-11, 2.0653821535e-12, 3.05967230718e-12, 6.15559198665e-13],
        "max": [0.0620816424489, 0.0235221870244, 0.00937629956752, 0.0057695643045, 0.00243950728327, 0.00160845043138, 0.00141516537406, 0.0200693495572, 0.0171015933156, 0.0116997491568, 0.00699152238667, 0.00555905792862, 0.0026992331259, 0.00128638825845, 0.00195379927754, 0.00371690420434, 0.00385347171687, 0.00131203676574, 0.00392895191908, 0.00278143491596, 0.000551219505724, 0.000810239638668, 0.000500044552609, 0.000660113058984, 0.000431558233686, 0.000190900245798, 0.00027191353729, 0.00050535943592, 0.000299066479784, 0.000223212438868, 0.000249252072535, 0.000216763684875, 0.000172657615622, 0.000184636097401, 0.000118763207865, 7.65853765188e-05, 0.000129046122311, 2.5844126867e-05, 1.59606461239e-05, 1.20468066598e-05],
        "mean": [0.00387153890915, 0.000843855494168, 0.00030201455229, 0.000170680039446, 0.000135399328428, 0.000100501900306, 9.83577701845e-05, 0.000952435075305, 0.000365253043128, 0.000403375044698, 0.000234175124206, 8.45183240017e-05, 7.14829729986e-05, 3.57201970473e-05, 3.3753367461e-05, 7.11336542736e-05, 4.42965101684e-05, 3.09549286612e-05, 3.29928698193e-05, 4.8988560593e-05, 2.03988565772e-05, 2.26650863624e-05, 1.74938813871e-05, 1.27518687805e-05, 1.23805821204e-05, 8.4756356955e-06, 5.66178869121e-06, 5.86687065152e-06, 3.75049057766e-06, 2.48931269198e-06, 2.40883150582e-06, 1.85787382634e-06, 1.38708298891e-06, 1.3574691593e-06, 8.2647494537e-07, 4.71948396807e-07, 3.7347297166e-07, 2.93654437655e-07, 4.07377200418e-07, 1.68322955574e-07],
        "median": [0.000270107149845, 0.000133131252369, 2.9926040952e-05, 5.84628796787e-05, 8.33237136248e-05, 5.62902714591e-05, 4.22680241172e-05, 0.000400568853365, 0.000144614095916, 0.000110168402898, 8.02688373369e-05, 2.47763036896e-05, 3.08639682771e-05, 1.56877867994e-05, 7.67625533626e-06, 2.27374057431e-05, 1.04704558908e-05, 6.88760519552e-06, 5.82196207688e-06, 1.58452512551e-05, 7.03393152435e-06, 4.92222352477e-06, 4.50366997029e-06, 2.59862326857e-06, 2.66879487754e-06, 1.60218064593e-06, 1.07200355615e-06, 1.22493918298e-06, 5.81455879001e-07, 4.15366542939e-07, 3.01410608472e-07, 2.96956613965e-07, 1.72213404426e-07, 1.64800624702e-07, 1.37945889378e-07, 6.45765183549e-08, 6.33220409441e-08, 5.43820348753e-08, 4.56241942004e-08, 1.98963210352e-08],
        "min": [1.08530568262e-23, 2.42512132243e-24, 1.37060953522e-23, 2.04350504747e-23, 8.07997803035e-24, 8.88419963511e-24, 1.43438767723e-23, 1.33472330601e-23, 2.77340005942e-24, 4.43511682082e-24, 8.38902691174e-24, 6.37838178639e-24, 5.14439901565e-24, 7.93079654456e-24, 1.00426260972e-23, 7.91263617766e-24, 6.29477672993e-24, 9.11868696147e-24, 4.71436372051e-24, 3.06780413254e-24, 6.02123053358e-24, 4.20115566469e-24, 7.11109275567e-24, 1.15674697723e-23, 9.0252211437e-24, 1.07851627235e-23, 8.33812250639e-24, 8.73477912447e-24, 1.07928130966e-23, 1.11170830491e-23, 1.01482600944e-23, 9.87044931604e-24, 9.13208418622e-24, 6.51638274656e-24, 7.91778112849e-24, 8.32444286943e-24, 7.18540739724e-24, 1.23056297983e-23, 1.3180681646e-23, 9.67410499217e-24],
        "var": [5.13829727424e-05, 4.08516234529e-06, 4.4988601644e-07, 1.10569054357e-07, 2.79125469405e-08, 1.68492046981e-08, 2.0461271788e-08, 2.17301362682e-06, 4.31400536627e-07, 6.08033246863e-07, 1.67457884004e-07, 6.00291159003e-08, 2.28858798579e-08, 4.84633400077e-09, 1.00479553566e-08, 3.51916469299e-08, 3.04713267951e-08, 7.16412618118e-09, 1.79554255908e-08, 1.73729315378e-08, 1.75728664953e-09, 2.62305865917e-09, 1.83843917867e-09, 1.2348040368e-09, 7.4906819636e-10, 3.17094683844e-10, 2.79282014182e-10, 3.34946542724e-10, 1.37261924049e-10, 4.88841224444e-11, 7.60668403266e-11, 6.37976685369e-11, 4.54718832033e-11, 4.50162476739e-11, 7.74358008271e-12, 2.79867795605e-12, 3.36184443998e-12, 6.75221760015e-13, 1.36968865069e-12, 2.60859639011e-13]
    },
    "mfcc": {
        "mean": [-711.691467285, 112.946914673, -37.8727149963, 1.52389812469, -18.5024337769, -11.1924467087, -7.93386077881, 7.8799996376, 11.0846271515, 13.8218517303, 9.89169025421, 6.91494846344, 2.46197533607],
        "cov": [[13307.7363281, 3503.24243164, 2167.67578125, 2515.15698242, 1355.36376953, 1031.2253418, 426.326507568, 174.712844849, -58.9020652771, -126.875579834, -280.459594727, -312.26574707, 56.7399139404], [3503.24243164, 3415.84545898, 1051.4128418, 1353.47351074, 659.980163574, 173.613113403, 42.7102966309, -80.5950241089, -65.4383087158, -130.762954712, -158.859588623, -31.6713294983, 239.464553833], [2167.67578125, 1051.4128418, 1573.24047852, 979.582641602, 553.319030762, 395.788146973, 125.077194214, 42.645526886, -99.8847351074, -122.901184082, -178.895858765, -179.577850342, -40.6617355347], [2515.15698242, 1353.47351074, 979.582641602, 1288.39306641, 617.164855957, 436.540771484, 200.381118774, 41.2241287231, -69.5742797852, -82.2701263428, -89.3296890259, -99.7393722534, 1.96194398403], [1355.36376953, 659.980163574, 553.319030762, 617.164855957, 610.192443848, 387.937988281, 236.604522705, 68.2267227173, 6.20246505737, 17.4433689117, -44.091835022, -65.3413467407, -16.4640541077], [1031.2253418, 173.613113403, 395.788146973, 436.540771484, 387.937988281, 460.342346191, 249.530685425, 103.284500122, -26.6944046021, 23.1514472961, -7.18340873718, -57.3016624451, -88.2589874268], [426.326507568, 42.7102966309, 125.077194214, 200.381118774, 236.604522705, 249.530685425, 319.296112061, 149.96925354, 52.0503959656, 20.8198890686, 32.4581413269, 12.6770191193, -67.0553665161], [174.712844849, -80.5950241089, 42.645526886, 41.2241287231, 68.2267227173, 103.284500122, 149.96925354, 213.305725098, 90.9986801147, 27.7047100067, -2.60636544228, -16.7123336792, -57.5815505981], [-58.9020652771, -65.4383087158, -99.8847351074, -69.5742797852, 6.20246505737, -26.6944046021, 52.0503959656, 90.9986801147, 209.222808838, 83.1600723267, 1.86720430851, -11.554101944, 18.2820987701], [-126.875579834, -130.762954712, -122.901184082, -82.2701263428, 17.4433689117, 23.1514472961, 20.8198890686, 27.7047100067, 83.1600723267, 190.397644043, 92.8750457764, 41.123336792, 7.13372850418], [-280.459594727, -158.859588623, -178.895858765, -89.3296890259, -44.091835022, -7.18340873718, 32.4581413269, -2.60636544228, 1.86720430851, 92.8750457764, 235.640106201, 166.774688721, 8.50023651123], [-312.26574707, -31.6713294983, -179.577850342, -99.7393722534, -65.3413467407, -57.3016624451, 12.6770191193, -16.7123336792, -11.554101944, 41.123336792, 166.774688721, 266.572967529, 78.522819519], [56.7399139404, 239.464553833, -40.6617355347, 1.96194398403, -16.4640541077, -88.2589874268, -67.0553665161, -57.5815505981, 18.2820987701, 7.13372850418, 8.50023651123, 78.522819519, 248.548782349]],
