{
"lowlevel": {
    "average_loudness": 0.566049456596,
    "barkbands_crest": {
        "dmean": 2.20983672142,
        "dmean2": 3.55663180351,
        "dvar": 4.89709758759,
        "dvar2": 12.2243432999,
        "max": 26.9326190948,
        "mean": 10.2945661545,
        "median": 9.3040304184,
        "min": 2.88877987862,
        "var": 17.6823368073
    },
    "barkbands_flatness_db": {
        "dmean": 0.0207778066397,
        "dmean2": 0.0320050567389,
        "dvar": 0.000552712765057,
        "dvar2": 0.00129993993323,
        "max": 0.762200295925,
        "mean": 0.183597490191,
        "median": 0.163371026516,
        "min": 0.0254451930523,
        "var": 0.00851136445999
    },
    "barkbands_kurtosis": {
        "dmean": 8.08229923248,
        "dmean2": 13.1168708801,
        "dvar": 7262.60644531,
        "dvar2": 18067.2617188,
        "max": 6107.22314453,
        "mean": 13.5390272141,
        "median": 3.963783741,
        "min": -1.82670235634,
        "var": 15612.2363281
    },
    "barkbands_skewness": {
        "dmean": 0.583911776543,
        "dmean2": 0.883676886559,
        "dvar": 1.52470481396,
        "dvar2": 3.68205046654,
        "max": 74.9951324463,
        "mean": 1.78949427605,
        "median": 1.46706449986,
        "min": -2.45897316933,
        "var": 7.6835603714
    },
    "barkbands_spread": {
        "dmean": 4.21567630768,
        "dmean2": 6.61613225937,
        "dvar": 48.4107246399,
        "dvar2": 118.972343445,
        "max": 113.800765991,
        "mean": 13.5189409256,
        "median": 10.7800941467,
        "min": 0.0583435744047,
        "var": 120.580879211
    },
    "dissonance": {
        "dmean": 0.0281374361366,
        "dmean2": 0.0476548522711,
        "dvar": 0.000657157797832,
        "dvar2": 0.00180827674922,
        "max": 0.500000059605,
        "mean": 0.428425431252,
        "median": 0.439529538155,
        "min": 0.19331151247,
        "var": 0.00231513474137
    },
    "dynamic_complexity": 3.36012887955,
    "erbbands_crest": {
        "dmean": 2.29544711113,
        "dmean2": 3.62291717529,
        "dvar": 4.48508167267,
        "dvar2": 10.8560161591,
        "max": 33.2705192566,
        "mean": 10.6257762909,
        "median": 9.74869728088,
        "min": 2.37338876724,
        "var": 19.9311332703
    },
    "erbbands_flatness_db": {
        "dmean": 0.0189630370587,
        "dmean2": 0.0263245142996,
        "dvar": 0.000402455800213,
        "dvar2": 0.000781304086559,
        "max": 0.451830685139,
        "mean": 0.181508362293,
        "median": 0.172232702374,
        "min": 0.0341202765703,
        "var": 0.00492138648406
    },
    "erbbands_kurtosis": {
        "dmean": 1.52602553368,
        "dmean2": 2.38401460648,
        "dvar": 6.4052400589,
        "dvar2": 15.9588518143,
        "max": 71.1338500977,
        "mean": 2.76352643967,
        "median": 1.41826915741,
        "min": -1.67840862274,
        "var": 20.832157135
    },
    "erbbands_skewness": {
        "dmean": 0.333384871483,
        "dmean2": 0.516894996166,
        "dvar": 0.100756250322,
        "dvar2": 0.239435389638,
        "max": 6.7635974884,
        "mean": 0.963640272617,
        "median": 0.892731547356,
        "min": -6.42030906677,
        "var": 0.706429481506
    },
    "erbbands_spread": {
        "dmean": 6.06757068634,
        "dmean2": 9.1874294281,
        "dvar": 61.0979385376,
        "dvar2": 136.652633667,
        "max": 135.825790405,
        "mean": 26.9770298004,
        "median": 22.9063549042,
        "min": 1.46732461452,
        "var": 337.776977539
    },
    "hfc": {
        "dmean": 7.16370487213,
        "dmean2": 10.4921998978,
        "dvar": 197.167800903,
        "dvar2": 465.650085449,
        "max": 246.173950195,
        "mean": 18.9185962677,
        "median": 11.8858203888,
        "min": 1.07564733824e-16,
        "var": 523.468994141
    },
    "melbands_crest": {
        "dmean": 2.6962120533,
        "dmean2": 4.36025333405,
        "dvar": 6.91368150711,
        "dvar2": 17.3536491394,
        "max": 39.9826927185,
        "mean": 13.5352735519,
        "median": 12.4698486328,
        "min": 1.65178239346,
        "var": 30.3252010345
    },
    "melbands_flatness_db": {
        "dmean": 0.0232058670372,
        "dmean2": 0.0360763259232,
        "dvar": 0.00077087333193,
        "dvar2": 0.00177080661524,
        "max": 0.734564960003,
        "mean": 0.273619055748,
        "median": 0.26108404994,
        "min": 0.00373162794858,
        "var": 0.0076337903738
    },
    "melbands_kurtosis": {
        "dmean": 8.38852310181,
        "dmean2": 13.4594106674,
        "dvar": 2084.67797852,
        "dvar2": 4762.98632812,
        "max": 3422.32128906,
        "mean": 14.594045639,
        "median": 6.92823410034,
        "min": -1.84040296078,
        "var": 3978.31005859
    },
    "melbands_skewness": {
        "dmean": 0.654955804348,
        "dmean2": 1.00487041473,
        "dvar": 1.20471358299,
        "dvar2": 2.83785891533,
        "max": 57.2546691895,
        "mean": 2.24622941017,
        "median": 1.89842963219,
        "min": -1.5945070982,
        "var": 4.5801243782
    },
    "melbands_spread": {
        "dmean": 2.86818671227,
        "dmean2": 4.52505302429,
        "dvar": 15.1762781143,
        "dvar2": 35.0469322205,
        "max": 148.551391602,
        "mean": 12.752076149,
        "median": 10.7319974899,
        "min": 0.158958345652,
        "var": 171.291442871
    },
    "pitch_salience": {
        "dmean": 0.0610647834837,
        "dmean2": 0.0982740074396,
        "dvar": 0.00343505712226,
        "dvar2": 0.00889273919165,
        "max": 0.89261931181,
        "mean": 0.552577137947,
        "median": 0.566793084145,
        "min": 0.00908358301967,
        "var": 0.0145593825728
    },
    "silence_rate_20dB": {
        "dmean": 0.00269178999588,
        "dmean2": 0.00538409780711,
        "dvar": 0.00268474011682,
        "dvar2": 0.0078556491062,
        "max": 1,
        "mean": 0.998558104038,
        "median": 1,
        "min": 0,
        "var": 0.00143972365186
    },
    "silence_rate_30dB": {
        "dmean": 0.0428763702512,
        "dmean2": 0.0857609808445,
        "dvar": 0.0410337634385,
        "dvar2": 0.0845660865307,
        "max": 1,
        "mean": 0.932711720467,
        "median": 1,
        "min": 0,
        "var": 0.0627550408244
    },
    "silence_rate_60dB": {
        "dmean": 0.00307633145712,
        "dmean2": 0.00615325430408,
        "dvar": 0.00306693580933,
        "dvar2": 0.00726939737797,
        "max": 1,
        "mean": 0.0447947718203,
        "median": 0,
        "min": 0,
        "var": 0.0427935943007
    },
    "spectral_centroid": {
        "dmean": 118.867721558,
        "dmean2": 191.262741089,
        "dvar": 35728.9492188,
        "dvar2": 77808.5546875,
        "max": 11815.2529297,
        "mean": 809.791992188,
        "median": 657.783569336,
        "min": 169.219863892,
        "var": 1062627.125
    },
    "spectral_complexity": {
        "dmean": 2.06767940521,
        "dmean2": 3.41851735115,
        "dvar": 7.16076469421,
        "dvar2": 17.3443260193,
        "max": 46,
        "mean": 13.6941270828,
        "median": 14,
        "min": 0,
        "var": 35.9790763855
    },
    "spectral_decrease": {
        "dmean": 4.24045154546e-09,
        "dmean2": 6.68051614028e-09,
        "dvar": 1.35403100293e-16,
        "dvar2": 3.43459948711e-16,
        "max": 1.80529342416e-28,
        "mean": -9.84431647311e-09,
        "median": -6.0972724647e-09,
        "min": -1.61007875477e-07,
        "var": 1.80803801568e-16
    },
    "spectral_energy": {
        "dmean": 0.0164235327393,
        "dmean2": 0.0257923174649,
        "dvar": 0.00198342115618,
        "dvar2": 0.00501655042171,
        "max": 0.614853441715,
        "mean": 0.0388707146049,
        "median": 0.0242145881057,
        "min": 1.02461109565e-20,
        "var": 0.0027074390091
    },
    "spectral_energyband_high": {
        "dmean": 0.00039281375939,
        "dmean2": 0.000578364008106,
        "dvar": 9.37434663228e-07,
        "dvar2": 2.18990112444e-06,
        "max": 0.0266309268773,
        "mean": 0.000680076831486,
        "median": 0.000123566787806,
        "min": 7.10495881939e-21,
        "var": 2.94634060083e-06
    },
    "spectral_energyband_low": {
        "dmean": 0.0130352051929,
        "dmean2": 0.0211395416409,
        "dvar": 0.0018986366922,
        "dvar2": 0.00491706607863,
        "max": 0.593345105648,
        "mean": 0.0189241990447,
        "median": 0.00563718564808,
        "min": 8.20002609404e-24,
        "var": 0.00214342144318
    },
    "spectral_energyband_middle_high": {
        "dmean": 0.00129105011001,
        "dmean2": 0.00189290312119,
        "dvar": 5.08287666889e-06,
        "dvar2": 1.04298060251e-05,
        "max": 0.0497899092734,
        "mean": 0.00365120288916,
        "median": 0.00258159055375,
        "min": 1.23296864271e-21,
        "var": 1.79766921065e-05
    },
    "spectral_energyband_middle_low": {
        "dmean": 0.00531586818397,
        "dmean2": 0.00820233207196,
        "dvar": 5.22883165104e-05,
        "dvar2": 0.000123221150716,
        "max": 0.101239807904,
        "mean": 0.017525980249,
        "median": 0.0137276044115,
        "min": 1.54965350835e-22,
        "var": 0.000183408265002
    },
    "spectral_entropy": {
        "dmean": 0.169814810157,
        "dmean2": 0.262520551682,
        "dvar": 0.0412957556546,
        "dvar2": 0.0937315449119,
        "max": 9.82560062408,
        "mean": 6.88477611542,
        "median": 6.99698781967,
        "min": 4.39837837219,
        "var": 0.555257618427
    },
    "spectral_flux": {
        "dmean": 0.0275500118732,
        "dmean2": 0.0441334098577,
        "dvar": 0.00255755404942,
        "dvar2": 0.0057233418338,
        "max": 0.710229277611,
        "mean": 0.0760842636228,
        "median": 0.0591358914971,
        "min": 6.3451688348e-11,
        "var": 0.00506856199354
    },
    "spectral_kurtosis": {
        "dmean": 3.20982527733,
        "dmean2": 5.34583234787,
        "dvar": 20.8121566772,
        "dvar2": 57.8173294067,
        "max": 89.0707931519,
        "mean": 11.5565319061,
        "median": 8.19836139679,
        "min": -1.2668350935,
        "var": 106.269744873
    },
    "spectral_rms": {
        "dmean": 0.000945347594097,
        "dmean2": 0.00141944899224,
        "dvar": 2.89144009002e-06,
        "dvar2": 6.52194194117e-06,
        "max": 0.0244919788092,
        "mean": 0.00542609998956,
        "median": 0.00486045144498,
        "min": 3.16167773386e-12,
        "var": 8.48004401632e-06
    },
    "spectral_rolloff": {
        "dmean": 238.219833374,
        "dmean2": 420.663726807,
        "dvar": 828584.125,
        "dvar2": 2254674.5,
        "max": 19336.8164062,
        "mean": 905.109985352,
        "median": 602.9296875,
        "min": 21.533203125,
        "var": 3673029.75
    },
    "spectral_skewness": {
        "dmean": 0.303794324398,
        "dmean2": 0.487107604742,
        "dvar": 0.11984667927,
        "dvar2": 0.299155771732,
        "max": 8.01964950562,
        "mean": 2.60178494453,
        "median": 2.35888910294,
        "min": -0.0646349713206,
        "var": 1.13225078583
    },
    "spectral_spread": {
        "dmean": 664456,
        "dmean2": 899248.25,
        "dvar": 968997994496,
        "dvar2": 1.81054196941e+12,
        "max": 42429764,
        "mean": 4603755,
        "median": 3814178,
        "min": 860009.25,
        "var": 1.56714244506e+13
    },
    "spectral_strongpeak": {
        "dmean": 0.424480646849,
        "dmean2": 0.720605552197,
        "dvar": 0.404317617416,
        "dvar2": 0.987727105618,
        "max": 10.5368909836,
        "mean": 0.917123258114,
        "median": 0.614064455032,
        "min": 0,
        "var": 0.757211685181
    },
    "zerocrossingrate": {
        "dmean": 0.00993193686008,
        "dmean2": 0.01218463853,
        "dvar": 0.000224635659833,
        "dvar2": 0.00032430520514,
        "max": 0.53173828125,
        "mean": 0.046226195991,
        "median": 0.033203125,
        "min": 0,
        "var": 0.00282292207703
    },
    "barkbands": {
        "dmean": [0.000102010431874, 0.00921745412052, 0.00409520743415, 0.00208718492649, 0.00181308446918, 0.00114560010843, 0.00183556252159, 0.000563443929423, 0.000495184154715, 0.000557768391445, 0.000482438364998, 0.000416203663917, 0.000172676955117, 8.25219176477e-05, 0.000103273785498, 6.4390078478e-05, 5.14777348144e-05, 6.68853972456e-05, 4.87433462695e-05, 4.13398083765e-05, 4.07276056649e-05, 3.87549189327e-05, 3.66156709788e-05, 4.58885842818e-05, 4.78354450024e-05, 0.000119189913676, 0.000105280058051],
        "dmean2": [0.000165184785146, 0.0149694336578, 0.00707918545231, 0.00333957257681, 0.00291292439215, 0.00167999381665, 0.00295290537179, 0.000818266707938, 0.000706106889993, 0.000798443797976, 0.000699697120581, 0.000669848697726, 0.000279501691693, 0.000131426844746, 0.00016885108198, 0.00010850270337, 8.35349492263e-05, 0.000113087597128, 8.25065653771e-05, 6.87187421136e-05, 6.46269181743e-05, 5.87662652833e-05, 5.68658069824e-05, 6.95370326866e-05, 7.30073516024e-05, 0.000187587371329, 0.000162203898071],
        "dvar": [8.36471159005e-08, 0.000981989665888, 0.000258412357653, 2.09185764106e-05, 1.17916097224e-05, 3.78001755053e-06, 1.10666651381e-05, 1.30546675337e-06, 7.84142628163e-07, 1.10817472887e-06, 1.92214088202e-06, 1.14887518521e-06, 2.06260324376e-07, 7.43244541468e-08, 5.61700126411e-08, 2.35383765812e-08, 1.23479644287e-08, 1.5586119062e-08, 9.68617719366e-09, 1.04897530662e-08, 1.13939657709e-08, 1.334835531e-08, 1.57469166595e-08, 3.18314583581e-08, 2.41840130144e-08, 1.07960651974e-07, 7.59870246725e-08],
        "dvar2": [1.96511521722e-07, 0.00248800753616, 0.000730369647499, 4.71299572382e-05, 3.11878975481e-05, 7.88909255789e-06, 3.11878029606e-05, 2.51570736509e-06, 1.50831272094e-06, 2.18693935494e-06, 3.45308262695e-06, 2.82997530121e-06, 4.95515280363e-07, 1.66403339108e-07, 1.35786777378e-07, 5.81948782497e-08, 2.95875040024e-08, 4.17903507355e-08, 2.52811922508e-08, 2.70560445159e-08, 2.67824500355e-08, 2.88122716796e-08, 3.50805358096e-08, 7.17232992997e-08, 5.84107908708e-08, 2.77985094499e-07, 1.88639020848e-07],
        "max": [0.00700265867636, 0.395816028118, 0.268155157566, 0.0698160976171, 0.0743909180164, 0.0609253123403, 0.0800361037254, 0.0384117588401, 0.0299144648015, 0.0406534448266, 0.0407156161964, 0.0490715801716, 0.0244288630784, 0.0168309882283, 0.0122829638422, 0.00703024119139, 0.00207407120615, 0.00203286902979, 0.00185461866204, 0.0024114320986, 0.0041076540947, 0.00420647114515, 0.00483233388513, 0.00842284224927, 0.00495001766831, 0.0060150930658, 0.00432513048872],
        "mean": [0.00054954533698, 0.0114366859198, 0.00534199550748, 0.00312303286046, 0.00402987515554, 0.00281998468563, 0.00489021092653, 0.00123357307166, 0.00107492750976, 0.00117644935381, 0.00086054665735, 0.000663449929561, 0.000266281334916, 0.000128542014863, 0.00016498711193, 0.000100744087831, 9.17145443964e-05, 0.00011369263666, 8.84731198312e-05, 7.02231700416e-05, 8.29638447613e-05, 7.62153358664e-05, 7.17000075383e-05, 9.37620570767e-05, 8.73634780874e-05, 0.000130924890982, 0.000102813035483],
        "median": [0.000521584763192, 0.00224566529505, 0.00152539741248, 0.00082586845383, 0.00239975261502, 0.00166064652149, 0.00256332801655, 0.000545392744243, 0.000453204498626, 0.000548423558939, 0.000274617079413, 0.000201820235816, 8.35406171973e-05, 5.13019840582e-05, 7.46863515815e-05, 4.22025732405e-05, 3.58511970262e-05, 5.50126751477e-05, 4.58601207356e-05, 2.60639772023e-05, 1.95318007172e-05, 1.30224862005e-05, 1.0953718629e-05, 9.69570101006e-06, 6.69972905598e-06, 4.93231391374e-06, 5.82925224535e-07],
        "min": [6.21232794635e-25, 1.7966133567e-24, 1.29052654549e-24, 4.41570610939e-25, 6.08321804022e-24, 5.86319921172e-24, 4.57414448347e-24, 6.65377510055e-24, 1.07183185947e-23, 1.71267129887e-23, 1.54086118024e-23, 1.69222465529e-23, 1.85137513411e-23, 3.73494084186e-23, 5.58708842857e-23, 4.72719028329e-23, 6.78678115125e-23, 1.04101821098e-22, 1.29195852525e-22, 1.76164100707e-22, 2.62620958756e-22, 3.6811417903e-22, 3.54703947538e-22, 5.41368708283e-22, 7.62321806834e-22, 1.15490397728e-21, 1.95423519979e-21],
        "var": [9.36297865906e-08, 0.00105274491943, 0.00024059783027, 4.18477393396e-05, 2.51826131716e-05, 1.30412736326e-05, 4.21563272539e-05, 4.70326676805e-06, 3.0115984373e-06, 3.82411144528e-06, 4.83373514726e-06, 2.13900807466e-06, 3.19442847285e-07, 1.07567558416e-07, 8.60868425434e-08, 3.73708175516e-08, 3.08378353964e-08, 2.79079515053e-08, 1.78033818798e-08, 1.66509348531e-08, 4.57003146437e-08, 4.61927420758e-08, 5.41009406163e-08, 1.30680703592e-07, 8.55554773693e-08, 1.19142036681e-07, 7.93625645201e-08]
    },
    "erbbands": {
        "dmean": [0.16908839345, 2.40961289406, 5.26083946228, 5.76841926575, 6.40676450729, 6.10335540771, 7.56655550003, 9.73381233215, 18.9664268494, 23.9934940338, 11.9784202576, 10.3052492142, 14.310585022, 22.6679935455, 16.4600009918, 11.0552015305, 5.91639566422, 5.37811517715, 3.96228027344, 4.36140441895, 3.51202487946, 3.09289669991, 3.93118739128, 2.38892602921, 2.42410063744, 1.67143058777, 1.91000711918, 1.52533733845, 1.43431198597, 1.16380906105, 1.02049791813, 0.876696527004, 0.822345137596, 0.528063893318, 0.381277859211, 0.335887610912, 0.237730532885, 0.0938547030091, 0.023950451985, 0.000704047095496],
        "dmean2": [0.258945167065, 3.97896790504, 9.05789756775, 9.12877559662, 10.5227270126, 9.77299880981, 10.7654008865, 14.604060173, 28.3144989014, 39.2413215637, 17.6945896149, 14.6297369003, 19.7014770508, 33.2610168457, 25.1909103394, 17.48320961, 9.53915023804, 8.59105300903, 6.42022323608, 7.06639146805, 5.88894510269, 4.95241069794, 6.60987997055, 4.05786085129, 4.0519452095, 2.78593087196, 3.13457942009, 2.41927695274, 2.21521043777, 1.79650223255, 1.55872881413, 1.33478701115, 1.27672255039, 0.812080860138, 0.598371863365, 0.526210844517, 0.373982101679, 0.144479706883, 0.0376000255346, 0.0011104287114],
        "dvar": [0.365872949362, 68.3051834106, 410.84463501, 193.82623291, 143.893692017, 191.011795044, 228.518981934, 316.229766846, 1054.88305664, 1842.54199219, 677.753051758, 339.92477417, 739.972412109, 2574.46264648, 1173.84680176, 1762.14477539, 186.421234131, 221.432632446, 69.3512878418, 153.513092041, 68.8790054321, 45.4424362183, 55.3228149414, 29.7683582306, 28.0202960968, 18.6954784393, 21.7601013184, 18.1786594391, 18.3550338745, 13.2003555298, 12.248421669, 8.6237821579, 15.1817674637, 3.5761692524, 1.61464893818, 1.19718360901, 0.434343636036, 0.0583187453449, 0.003877120791, 3.83263295589e-06],
        "dvar2": [0.83710962534, 178.598434448, 1165.5324707, 459.305633545, 408.408325195, 455.7265625, 410.309234619, 713.65222168, 2396.07104492, 5171.72753906, 1385.65441895, 654.927001953, 1340.70166016, 5289.80126953, 2454.35107422, 4245.78857422, 460.900146484, 517.299926758, 166.057159424, 359.02822876, 167.990966797, 102.972549438, 145.977523804, 78.4946212769, 71.2655181885, 49.9679794312, 56.5742301941, 44.0781326294, 41.5129890442, 29.3787975311, 26.927570343, 19.1704483032, 38.1930732727, 8.41076183319, 4.12930583954, 3.18469405174, 1.12138867378, 0.144852072001, 0.00967375934124, 9.6752328318e-06],
        "max": [9.92677116394, 109.504943848, 304.124694824, 205.854141235, 218.801208496, 299.610931396, 764.188659668, 460.997344971, 695.629638672, 1019.44018555, 831.846740723, 673.769165039, 1300.97509766, 1537.49438477, 864.170593262, 2436.40209961, 518.075561523, 746.580627441, 387.5105896, 723.511474609, 397.939605713, 144.391830444, 133.10874939, 104.395027161, 157.325378418, 79.9437255859, 167.747146606, 154.722167969, 146.87461853, 120.176742554, 144.736221313, 141.102050781, 211.905197144, 70.3015213013, 28.4590206146, 23.9357814789, 11.5113868713, 4.59944534302, 0.967185676098, 0.0332877710462],
        "mean": [0.203590095043, 2.98174905777, 6.7980632782, 9.22737693787, 12.2003126144, 12.2910995483, 17.5911483765, 23.4706420898, 58.9891967773, 55.1524848938, 27.1104640961, 23.5780353546, 32.855884552, 45.0601043701, 30.5551166534, 19.0220565796, 10.2404661179, 9.43818378448, 6.98181343079, 7.57438373566, 5.88444328308, 6.1350979805, 6.9589676857, 4.29120826721, 4.35856628418, 2.99456810951, 3.66785430908, 3.03085207939, 2.78572058678, 2.24613523483, 2.05342149734, 1.8667498827, 1.55985581875, 0.993820428848, 0.642112791538, 0.419709712267, 0.253185153008, 0.095903724432, 0.0227005090564, 0.000688973173965],
        "median": [0.0212535224855, 0.63957798481, 2.08449959755, 2.63844108582, 6.06264591217, 7.26503705978, 9.6478729248, 13.1871824265, 31.31016922, 29.5498695374, 14.3968172073, 11.0989322662, 14.8317489624, 20.3258972168, 12.6136989594, 7.22343683243, 4.09668064117, 4.48143577576, 4.01157951355, 3.38737273216, 2.86763429642, 2.71145224571, 3.3541135788, 2.42388701439, 1.88063395023, 1.25091195107, 1.14280247688, 0.761775255203, 0.503328680992, 0.400975674391, 0.27869823575, 0.219365984201, 0.140382394195, 0.0765611901879, 0.0448931455612, 0.0202779006213, 0.00899722985923, 0.00219883723184, 7.7968237747e-05, 3.58164579666e-05],
        "min": [8.35227498657e-23, 4.41379313747e-22, 1.46238726639e-21, 4.43154904592e-21, 1.80888405653e-20, 2.53761595902e-20, 4.11273101962e-20, 7.76408008061e-20, 1.18593440184e-19, 1.53746070052e-19, 2.98081125329e-19, 3.30973109357e-19, 6.29068787895e-19, 1.15455264281e-18, 9.0077880076e-19, 1.33459553417e-18, 1.33189323851e-18, 2.56064491284e-18, 1.6421804736e-18, 3.64389189852e-18, 3.20861064183e-18, 3.9243048854e-18, 5.84390116033e-18, 5.55196637469e-18, 5.52727089751e-18, 7.70855816693e-18, 1.01778486325e-17, 9.98406420325e-18, 1.19333318603e-17, 1.08299779751e-17, 1.04787455065e-17, 1.00799030034e-17, 9.97798856165e-18, 7.98251128682e-18, 5.59746337634e-18, 4.19436694769e-18, 2.33713409389e-18, 8.80847263515e-19, 2.38791636605e-19, 2.68189742204e-20],
        "var": [0.433927088976, 69.2838516235, 360.23236084, 371.118377686, 284.050354004, 353.287811279, 835.497192383, 940.815063477, 5979.93554688, 5943.89355469, 2078.72338867, 1332.57910156, 2975.19213867, 6712.328125, 3138.89160156, 3112.0234375, 325.938079834, 338.810516357, 109.780471802, 232.750701904, 112.108634949, 137.496749878, 105.521072388, 47.126625061, 57.580329895, 26.4802074432, 62.0192680359, 61.3371734619, 60.7085342407, 42.5400886536, 48.0428962708, 42.7201652527, 42.540851593, 14.758181572, 4.0330452919, 1.49853467941, 0.450527399778, 0.0616916976869, 0.00394107121974, 3.77610604119e-06]
    },
    "gfcc": {
        "mean": [-39.426158905, 117.43976593, -87.0241241455, 8.90935516357, -58.3090515137, 4.04924058914, -31.559677124, 5.52344036102, -19.6451377869, -0.571930646896, -10.4837226868, -1.36576581001, -9.42838096619],
        "cov": [[26137.8691406, -1038.9119873, 313.930023193, -204.418548584, -539.225830078, -475.836578369, -101.227012634, 716.672485352, -709.979858398, 270.502929688, -1050.99353027, 976.70098877, -575.443786621], [-1038.9119873, 2457.59033203, -570.471923828, -63.1987915039, -406.987060547, 57.3407096863, -338.418426514, -151.56539917, 47.7799873352, -373.082519531, 137.497467041, -435.173706055, 224.108276367], [313.930023193, -570.471923828, 966.49597168, 8.52681350708, 237.355819702, 10.0653123856, 18.2637825012, 69.2865524292, -71.7112731934, 3.5982966423, -91.4474182129, 48.5324440002, -83.60105896], [-204.418548584, -63.1987915039, 8.52681350708, 432.479614258, 25.3734321594, 62.1729011536, 3.02916073799, 3.20806694031, 35.1235847473, 54.9589157104, 28.3793087006, -3.66833519936, -1.25507605076], [-539.225830078, -406.987060547, 237.355819702, 25.3734321594, 479.688171387, 29.1958599091, 189.932434082, 9.26059627533, 13.2239952087, 91.5860366821, -7.24325704575, 88.8915939331, -55.2053375244], [-475.836578369, 57.3407096863, 10.0653123856, 62.1729011536, 29.1958599091, 204.218902588, 42.6816711426, -17.1413002014, 8.28720760345, -8.88727664948, 48.2025985718, -54.6935157776, 0.245229169726], [-101.227012634, -338.418426514, 18.2637825012, 3.02916073799, 189.932434082, 42.6816711426, 259.962249756, 43.7943649292, 37.5179367065, 77.5910186768, 27.0601272583, 105.704681396, -41.6216506958], [716.672485352, -151.56539917, 69.2865524292, 3.20806694031, 9.26059627533, -17.1413002014, 43.7943649292, 134.9559021, -0.76872843504, 35.5047454834, -57.0636711121, 57.1884841919, -26.5581378937], [-709.979858398, 47.7799873352, -71.7112731934, 35.1235847473, 13.2239952087, 8.28720760345, 37.5179367065, -0.76872843504, 138.617416382, 27.9444065094, 50.7789802551, -42.4999237061, 23.2108879089], [270.502929688, -373.082519531, 3.5982966423, 54.9589157104, 91.5860366821, -8.88727664948, 77.5910186768, 35.5047454834, 27.9444065094, 180.12991333, 13.6633081436, 96.7135467529, -56.9416351318], [-1050.99353027, 137.497467041, -91.4474182129, 28.3793087006, -7.24325704575, 48.2025985718, 27.0601272583, -57.0636711121, 50.7789802551, 13.6633081436, 177.107757568, -18.5074100494, 51.8595809937], [976.70098877, -435.173706055, 48.5324440002, -3.66833519936, 88.8915939331, -54.6935157776, 105.704681396, 57.1884841919, -42.4999237061, 96.7135467529, -18.5074100494, 234.278121948, -31.4517192841], [-575.443786621, 224.108276367, -83.60105896, -1.25507605076, -55.2053375244, 0.245229169726, -41.6216506958, -26.5581378937, 23.2108879089, -56.9416351318, 51.8595809937, -31.4517192841, 123.609230042]],
        "icov": [[8.07058531791e-05, -7.95588857727e-05, -1.61403277161e-05, -1.59539922606e-06, 0.000150186737301, -2.18206860154e-05, 1.1061090845e-05, -0.000138495917781, 0.000155394052854, -0.000118508694868, 0.000359166006092, -0.000379280565539, 0.000219147419557], [-7.95588857727e-05, 0.00109836121555, 0.000534844060894, 1.56357509695e-05, -0.000297576538287, 5.09182646056e-05, 0.000668028194923, -0.000355786614818, -7.26385769667e-05, 0.00152937625535, -0.00111605343409, 0.00137886044104, -0.000447122496553], [-1.61403277161e-05, 0.000534844060894, 0.00168950296938, -3.90373061236e-05, -0.00108620035462, -0.000157778093126, 0.0011098398827, -0.00110197195318, 0.00035278359428, 0.00135958392639, -0.000505271425936, 0.000400232558604, 0.000623462896328], [-1.59539922606e-06, 1.56357509695e-05, -3.90373061236e-05, 0.0026220169384, -0.000106176841655, -0.000966757535934, 0.000624039326794, -0.000105044302472, -0.000602389161941, -0.000913139025215, -3.86758620152e-05, -0.000120803983009, -0.000215542138903], [0.000150186737301, -0.000297576538287, -0.00108620035462, -0.000106176841655, 0.00417193304747, 1.58416751219e-05, -0.00300628622063, 0.00157437729649, 0.000301573367324, -0.00177161744796, 0.00171247706749, -0.00064997858135, -6.44146057311e-05], [-2.18206860154e-05, 5.09182646056e-05, -0.000157778093126, -0.000966757535934, 1.58416751219e-05, 0.0067975143902, -0.00233028433286, -0.000186028031749, 0.00186264840886, 4.80680864712e-05, -0.00189771142323, 0.00306326663122, 0.000106529878394], [1.1061090845e-05, 0.000668028194923, 0.0011098398827, 0.000624039326794, -0.00300628622063, -0.00233028433286, 0.00940245669335, -0.00264980085194, -0.00299634714611, 0.00225118082017, -0.00215755496174, -0.00333012198098, 0.00251346430741], [-0.000138495917781, -0.000355786614818, -0.00110197195318, -0.000105044302472, 0.00157437729649, -0.000186028031749, -0.00264980085194, 0.0116788074374, -0.00183078798, -0.00201018177904, 0.00402435939759, -0.00148136203643, -0.00107308826409], [0.000155394052854, -7.26385769667e-05, 0.00035278359428, -0.000602389161941, 0.000301573367324, 0.00186264840886, -0.00299634714611, -0.00183078798, 0.0120033966377, -0.00350283668377, -0.00139188498724, 0.00445422902703, -0.00233395257965], [-0.000118508694868, 0.00152937625535, 0.00135958392639, -0.000913139025215, -0.00177161744796, 4.80680864712e-05, 0.00225118082017, -0.00201018177904, -0.00350283668377, 0.0131933977827, -0.00380573305301, -0.00253992527723, 0.00480634439737], [0.000359166006092, -0.00111605343409, -0.000505271425936, -3.86758620152e-05, 0.00171247706749, -0.00189771142323, -0.00215755496174, 0.00402435939759, -0.00139188498724, -0.00380573305301, 0.0118602802977, -0.00270119449124, -0.00289489328861], [-0.000379280565539, 0.00137886044104, 0.000400232558604, -0.000120803983009, -0.00064997858135, 0.00306326663122, -0.00333012198098, -0.00148136203643, 0.00445422902703, -0.00253992527723, -0.00270119449124, 0.0123295560479, -0.00346808135509], [0.000219147419557, -0.000447122496553, 0.000623462896328, -0.000215542138903, -6.44146057311e-05, 0.000106529878394, 0.00251346430741, -0.00107308826409, -0.00233395257965, 0.00480634439737, -0.00289489328861, -0.00346808135509, 0.0139115881175]]
    },
    "melbands": {
        "dmean": [0.00210725190118, 0.00292900553904, 0.000986415660009, 0.000440234463895, 0.000247966352617, 0.000226315751206, 0.000327772198943, 0.000230600271607, 0.000102421807242, 6.77945208736e-05, 7.34132991056e-05, 9.10107264644e-05, 6.1750288296e-05, 4.29728388553e-05, 2.21717837121e-05, 1.51470594574e-05, 1.0068213669e-05, 6.48818922855e-06, 8.57499981066e-06, 4.69866199637e-06, 3.87541194868e-06, 3.56793748324e-06, 3.41480949828e-06, 3.20157937495e-06, 2.12971190194e-06, 1.50126174958e-06, 1.92695915757e-06, 1.05519166027e-06, 1.3158891079e-06, 1.258558882e-06, 8.70148255672e-07, 8.76200203948e-07, 7.71093027652e-07, 6.90343540555e-07, 6.02949455697e-07, 6.55912742786e-07, 5.35665151347e-07, 5.81945357681e-07, 5.46779119759e-07, 4.71978950145e-07],
        "dmean2": [0.00335551030003, 0.0049643968232, 0.00158064346761, 0.000713379820809, 0.000363036117051, 0.00033377649379, 0.000510586309247, 0.000372295035049, 0.000150161315105, 9.5724586572e-05, 0.000101060213638, 0.00013344650506, 9.14408665267e-05, 6.95554044796e-05, 3.52484166797e-05, 2.43789218075e-05, 1.60690124176e-05, 1.04308228401e-05, 1.39942358146e-05, 7.7515223893e-06, 6.53370943837e-06, 5.72701583224e-06, 5.71005557504e-06, 5.43732994629e-06, 3.62464629688e-06, 2.538210083e-06, 3.19559808304e-06, 1.77667993739e-06, 2.19074127017e-06, 2.01132820621e-06, 1.38686584705e-06, 1.38425639307e-06, 1.20602305742e-06, 1.08797155463e-06, 9.38558002872e-07, 1.02170031369e-06, 8.27411042792e-07, 9.14812233077e-07, 8.37741822579e-07, 7.40520022191e-07],
        "dvar": [5.27232077729e-05, 0.000114400725579, 4.86641056341e-06, 7.88655086126e-07, 2.05777496376e-07, 1.53025524696e-07, 3.24012233932e-07, 1.57621414587e-07, 5.32394217601e-08, 1.62499365075e-08, 1.99553849001e-08, 4.03012663241e-08, 2.43086564211e-08, 9.99937732615e-09, 7.43560280014e-09, 1.87600934787e-09, 7.90664533845e-10, 2.95078850243e-10, 4.27236218625e-10, 1.11251764745e-10, 7.80305403625e-11, 6.26883267518e-11, 4.29656275835e-11, 4.14340090016e-11, 2.58052156032e-11, 1.14732364234e-11, 2.37507097323e-11, 8.53936279327e-12, 8.78409584654e-12, 1.29949523364e-11, 6.91370181591e-12, 7.2442932729e-12, 6.61512815012e-12, 5.03955341e-12, 4.36017888461e-12, 7.43943101567e-12, 2.94839825297e-12, 6.24066727115e-12, 7.11282768795e-12, 3.14082874292e-12],
        "dvar2": [0.000127760387841, 0.000317883212119, 1.18578900583e-05, 2.08868232221e-06, 4.02676761269e-07, 3.38639836173e-07, 8.48176284762e-07, 4.29797097468e-07, 1.09667340098e-07, 3.05948368862e-08, 3.61672931604e-08, 8.33820266166e-08, 4.49049579743e-08, 2.48516460744e-08, 1.79596213457e-08, 4.39340652747e-09, 1.82840997898e-09, 6.66265931315e-10, 1.02791664069e-09, 2.676235622e-10, 1.95077232146e-10, 1.4579588925e-10, 1.1368960634e-10, 1.12235915006e-10, 6.78735678772e-11, 3.12298485683e-11, 5.80458701938e-11, 2.31823536062e-11, 2.31742680601e-11, 3.06795526483e-11, 1.7187527443e-11, 1.70963868062e-11, 1.55980384858e-11, 1.17807265679e-11, 9.97845729656e-12, 1.76142017638e-11, 6.68603106907e-12, 1.56824622732e-11, 1.71372586261e-11, 7.40775843444e-12],
        "max": [0.102274022996, 0.150337398052, 0.0320525355637, 0.018966736272, 0.0208433531225, 0.00900475494564, 0.0135375736281, 0.00894136726856, 0.00755589455366, 0.0038530153688, 0.00678295223042, 0.00615333439782, 0.00448227487504, 0.00379740120843, 0.00438796030357, 0.00253159436397, 0.00125952914823, 0.00102954532485, 0.00110860180575, 0.000388246757211, 0.000383761769626, 0.000160729585332, 0.00011812998855, 9.71059562289e-05, 0.000101571939013, 8.54968602653e-05, 0.000179121445399, 6.20164792053e-05, 8.44500173116e-05, 0.000144883451867, 9.38875527936e-05, 8.30048011267e-05, 0.000117385854537, 7.40906543797e-05, 8.09854682302e-05, 0.000154125242261, 5.42837115063e-05, 0.000133227367769, 0.000106247513031, 6.92637477187e-05],
        "mean": [0.00261653214693, 0.00387323554605, 0.00165912252851, 0.000906911562197, 0.000574476551265, 0.00057965394808, 0.000944179832004, 0.000530945020728, 0.000213355320739, 0.000148790379171, 0.00016312696971, 0.000181088267709, 0.000115978262329, 6.81373421685e-05, 3.44156505889e-05, 2.39097917074e-05, 1.70748407982e-05, 1.07761034087e-05, 1.38631494337e-05, 7.74427098804e-06, 6.13209476796e-06, 6.35233936919e-06, 6.04922843195e-06, 5.18896877111e-06, 3.40755059369e-06, 2.55553186435e-06, 3.2513773931e-06, 1.69510929027e-06, 2.26652991842e-06, 2.3218753995e-06, 1.54023121013e-06, 1.62045864727e-06, 1.33686114623e-06, 1.23131985674e-06, 1.1273294831e-06, 1.25665053474e-06, 1.08251356323e-06, 1.0314067822e-06, 1.04219191144e-06, 7.98077621766e-07],
        "median": [0.000438349728938, 0.00117295922246, 0.000626779918093, 0.000502095906995, 0.000329765782226, 0.000326377572492, 0.000512126425747, 0.000295994192129, 0.000101449455542, 6.06275134487e-05, 6.79509757902e-05, 8.34201418911e-05, 4.58560425614e-05, 2.07848897844e-05, 7.29939938537e-06, 8.14019222162e-06, 7.90954709373e-06, 5.4959418776e-06, 6.10147617408e-06, 3.53461882696e-06, 3.00863075609e-06, 2.30122577705e-06, 2.97584983855e-06, 2.26489191846e-06, 1.62363505751e-06, 1.11068322894e-06, 1.17359047636e-06, 6.30132262813e-07, 6.59994384478e-07, 4.525080044e-07, 3.4870825516e-07, 2.73053132105e-07, 2.07730693091e-07, 2.17145156967e-07, 1.44086115483e-07, 1.28308300873e-07, 1.22527623603e-07, 9.67219975223e-08, 7.39414716122e-08, 5.87601114432e-08],
        "min": [6.98124003839e-25, 6.73336071348e-25, 1.33608740429e-24, 1.78664353537e-24, 1.52423063157e-24, 1.76652344076e-24, 1.64082752742e-24, 1.72678851697e-24, 2.83254332807e-24, 1.8458915253e-24, 2.09693309775e-24, 4.13734076176e-24, 2.55179443722e-24, 2.63638596424e-24, 2.79585656281e-24, 2.54835598975e-24, 4.1315903602e-24, 2.04504853272e-24, 4.20360902211e-24, 4.15868378799e-24, 3.67367119864e-24, 4.25909118729e-24, 3.17133601268e-24, 4.46649967979e-24, 3.95694128895e-24, 4.0435227176e-24, 4.68467809579e-24, 4.43797920262e-24, 6.2203137825e-24, 4.61861572814e-24, 4.50686529788e-24, 4.87911022082e-24, 5.63257059849e-24, 4.78701583773e-24, 4.86360003213e-24, 6.23584566487e-24, 5.92293294276e-24, 5.87471697537e-24, 6.28910758104e-24, 6.28612095365e-24],
        "var": [5.9348945797e-05, 0.000107120533357, 9.08909441932e-06, 1.54604651925e-06, 7.0029437893e-07, 5.42493921785e-07, 1.4852099639e-06, 5.2175937526e-07, 1.57427393788e-07, 6.36352197603e-08, 7.9777841222e-08, 1.05532343753e-07, 6.46757598588e-08, 1.90570652592e-08, 1.31138886417e-08, 2.90484547527e-09, 1.19226795103e-09, 4.41731373702e-10, 6.51742548818e-10, 1.89919677207e-10, 1.14808239304e-10, 1.71375871827e-10, 8.28485127724e-11, 6.96313492976e-11, 3.94199881071e-11, 1.8817749442e-11, 4.4902116747e-11, 9.67788002515e-12, 1.90356688745e-11, 4.31849001004e-11, 1.72961315409e-11, 2.10362716829e-11, 1.72271884258e-11, 1.29135035998e-11, 1.43737651989e-11, 2.29951144931e-11, 1.39298590024e-11, 1.58142839102e-11, 2.32729564786e-11, 9.6658167581e-12]
    },
    "mfcc": {
        "mean": [-687.243164062, 158.967941284, 21.4441261292, 13.3741874695, -1.54596436024, -1.90017676353, -1.40164041519, 1.36195778847, -1.32769608498, 0.116451241076, -1.22171723843, 0.569386720657, -0.230547457933],
        "cov": [[11330.2851562, -376.648773193, -54.2106552124, 718.665771484, -194.394729614, 9.7720041275, 67.893989563, 302.798980713, 241.514175415, -110.299736023, -169.873519897, 132.652175903, 282.442596436], [-376.648773193, 1879.81774902, -13.3532552719, -143.658676147, 84.1866607666, -78.3546600342, -73.1714248657, -68.0717086792, -61.6489562988, -11.2176980972, -66.9195022583, -66.9932479858, -93.8925704956], [-54.2106552124, -13.3532552719, 568.912780762, 42.0521430969, 123.568710327, 11.9136199951, 3.6166305542, -7.5452375412, -34.5599746704, 15.1949071884, 4.35185623169, -34.6963653564, -80.0560073853], [718.665771484, -143.658676147, 42.0521430969, 309.549926758, 57.8989562988, 13.1850709915, -3.76600122452, 20.2577877045, 31.471780777, -9.22119235992, -31.1669654846, 14.7717132568, 39.1136245728], [-194.394729614, 84.1866607666, 123.568710327, 57.8989562988, 191.778366089, 43.976978302, 24.958612442, -6.56259965897, 11.5009880066, 9.83208370209, -14.491361618, -14.3592185974, -24.0438251495], [9.7720041275, -78.3546600342, 11.9136199951, 13.1850709915, 43.976978302, 141.444549561, 70.6003036499, 21.4916744232, -3.41444396973, 2.53332877159, 23.6045856476, 20.2215003967, 10.5029249191], [67.893989563, -73.1714248657, 3.6166305542, -3.76600122452, 24.958612442, 70.6003036499, 152.910552979, 61.3020706177, -4.45032930374, 5.97424602509, 20.234746933, 14.497344017, 4.57146406174], [302.798980713, -68.0717086792, -7.5452375412, 20.2577877045, -6.56259965897, 21.4916744232, 61.3020706177, 121.683189392, 43.2089500427, -5.13671588898, -1.86825549603, 8.42773628235, 19.2851276398], [241.514175415, -61.6489562988, -34.5599746704, 31.471780777, 11.5009880066, -3.41444396973, -4.45032930374, 43.2089500427, 107.285339355, 34.7551956177, -14.9108886719, -5.33669519424, 13.8408222198], [-110.299736023, -11.2176980972, 15.1949071884, -9.22119235992, 9.83208370209, 2.53332877159, 5.97424602509, -5.13671588898, 34.7551956177, 109.505134583, 48.3297805786, -14.7607793808, -26.0562992096], [-169.873519897, -66.9195022583, 4.35185623169, -31.1669654846, -14.491361618, 23.6045856476, 20.234746933, -1.86825549603, -14.9108886719, 48.3297805786, 113.038871765, 35.0597610474, -18.6312408447], [132.652175903, -66.9932479858, -34.6963653564, 14.7717132568, -14.3592185974, 20.2215003967, 14.497344017, 8.42773628235, -5.33669519424, -14.7607793808, 35.0597610474, 89.4450759888, 51.2369995117], [282.442596436, -93.8925704956, -80.0560073853, 39.1136245728, -24.0438251495, 10.5029249191, 4.57146406174, 19.2851276398, 13.8408222198, -26.0562992096, -18.6312408447, 51.2369995117, 122.07081604]],
