{
"lowlevel": {
    "average_loudness": 0.869210541248,
    "barkbands_crest": {
        "dmean": 2.31290411949,
        "dmean2": 3.62256717682,
        "dvar": 3.78144216537,
        "dvar2": 9.89177703857,
        "max": 26.519695282,
        "mean": 12.7653331757,
        "median": 12.0183143616,
        "min": 4.19641304016,
        "var": 19.1716957092
    },
    "barkbands_flatness_db": {
        "dmean": 0.0193734169006,
        "dmean2": 0.0308337118477,
        "dvar": 0.000420021649916,
        "dvar2": 0.00104734906927,
        "max": 0.83241969347,
        "mean": 0.320696979761,
        "median": 0.293021202087,
        "min": 0.0449383147061,
        "var": 0.0184926390648
    },
    "barkbands_kurtosis": {
        "dmean": 5.23535585403,
        "dmean2": 8.14115047455,
        "dvar": 82.8487930298,
        "dvar2": 206.283554077,
        "max": 219.796524048,
        "mean": 10.6942205429,
        "median": 6.77000427246,
        "min": -1.87666141987,
        "var": 172.608764648
    },
    "barkbands_skewness": {
        "dmean": 0.51589858532,
        "dmean2": 0.775842964649,
        "dvar": 0.381946414709,
        "dvar2": 0.924583315849,
        "max": 11.0176687241,
        "mean": 1.45311427116,
        "median": 1.32999587059,
        "min": -4.99254894257,
        "var": 1.67851626873
    },
    "barkbands_spread": {
        "dmean": 0.980278193951,
        "dmean2": 1.53897583485,
        "dvar": 2.06584382057,
        "dvar2": 4.41990280151,
        "max": 96.7108764648,
        "mean": 4.39820671082,
        "median": 3.73754787445,
        "min": 0.0350770913064,
        "var": 33.9235038757
    },
    "dissonance": {
        "dmean": 0.0453500337899,
        "dmean2": 0.0758697837591,
        "dvar": 0.00143710651901,
        "dvar2": 0.00392638100311,
        "max": 0.500000059605,
        "mean": 0.363280922174,
        "median": 0.381710290909,
        "min": 0.0456355139613,
        "var": 0.00744233699515
    },
    "dynamic_complexity": 3.48413300514,
    "erbbands_crest": {
        "dmean": 2.8362724781,
        "dmean2": 4.57183170319,
        "dvar": 6.44069385529,
        "dvar2": 16.3442783356,
        "max": 31.8575706482,
        "mean": 12.1622524261,
        "median": 10.9601306915,
        "min": 2.27367806435,
        "var": 23.7145824432
    },
    "erbbands_flatness_db": {
        "dmean": 0.016400070861,
        "dmean2": 0.02604441531,
        "dvar": 0.000248562661,
        "dvar2": 0.000629444723018,
        "max": 0.679227650166,
        "mean": 0.309760451317,
        "median": 0.287169754505,
        "min": 0.0521401874721,
        "var": 0.0118736131117
    },
    "erbbands_kurtosis": {
        "dmean": 1.95185661316,
        "dmean2": 3.09860444069,
        "dvar": 7.6033821106,
        "dvar2": 18.8248329163,
        "max": 60.8169288635,
        "mean": 2.99108099937,
        "median": 1.47086143494,
        "min": -1.77996551991,
        "var": 20.316614151
    },
    "erbbands_skewness": {
        "dmean": 0.464630872011,
        "dmean2": 0.718302369118,
        "dvar": 0.151874616742,
        "dvar2": 0.377197772264,
        "max": 6.29693508148,
        "mean": 0.972792983055,
        "median": 0.893934845924,
        "min": -1.46450209618,
        "var": 0.740488052368
    },
    "erbbands_spread": {
        "dmean": 2.04439139366,
        "dmean2": 3.21670722961,
        "dvar": 5.80637931824,
        "dvar2": 13.8835306168,
        "max": 151.415771484,
        "mean": 10.8411531448,
        "median": 10.1251363754,
        "min": 0.456231087446,
        "var": 73.7403945923
    },
    "hfc": {
        "dmean": 2.32875394821,
        "dmean2": 3.55198836327,
        "dvar": 8.64900112152,
        "dvar2": 19.0365982056,
        "max": 85.9516372681,
        "mean": 10.4813919067,
        "median": 9.7401638031,
        "min": 2.02771275326e-07,
        "var": 56.2082977295
    },
    "melbands_crest": {
        "dmean": 2.80111718178,
        "dmean2": 4.54109334946,
        "dvar": 5.92024755478,
        "dvar2": 16.4134101868,
        "max": 34.3162574768,
        "mean": 14.7889642715,
        "median": 13.7851448059,
        "min": 1.61003625393,
        "var": 27.6227741241
    },
    "melbands_flatness_db": {
        "dmean": 0.0205798540264,
        "dmean2": 0.0330399423838,
        "dvar": 0.000518481596373,
        "dvar2": 0.00135352264624,
        "max": 0.968837678432,
        "mean": 0.446864932775,
        "median": 0.429215937853,
        "min": 0.00355741637759,
        "var": 0.020943120122
    },
    "melbands_kurtosis": {
        "dmean": 3.44593405724,
        "dmean2": 5.38288784027,
        "dvar": 34.2583389282,
        "dvar2": 82.3768386841,
        "max": 212.542648315,
        "mean": 7.13192892075,
        "median": 4.13182926178,
        "min": -1.70244538784,
        "var": 123.286224365
    },
    "melbands_skewness": {
        "dmean": 0.43128746748,
        "dmean2": 0.659482479095,
        "dvar": 0.171673282981,
        "dvar2": 0.412973642349,
        "max": 11.0854349136,
        "mean": 1.51887691021,
        "median": 1.36160707474,
        "min": -1.58252859116,
        "var": 1.02961933613
    },
    "melbands_spread": {
        "dmean": 1.42828428745,
        "dmean2": 2.23446512222,
        "dvar": 4.22222852707,
        "dvar2": 10.6745939255,
        "max": 165.020446777,
        "mean": 6.52537870407,
        "median": 5.18252754211,
        "min": 0.209099531174,
        "var": 150.350097656
    },
    "pitch_salience": {
        "dmean": 0.0608549527824,
        "dmean2": 0.0982391834259,
        "dvar": 0.0025976668112,
        "dvar2": 0.006838419009,
        "max": 0.829965949059,
        "mean": 0.597558677197,
        "median": 0.618530511856,
        "min": 0.109117396176,
        "var": 0.0125645175576
    },
    "silence_rate_20dB": {
        "dmean": 0,
        "dmean2": 0,
        "dvar": 0,
        "dvar2": 0,
        "max": 1,
        "mean": 1,
        "median": 1,
        "min": 1,
        "var": 0
    },
    "silence_rate_30dB": {
        "dmean": 0.00587419420481,
        "dmean2": 0.0117493476719,
        "dvar": 0.00584014505148,
        "dvar2": 0.0127531141043,
        "max": 1,
        "mean": 0.992249965668,
        "median": 1,
        "min": 0,
        "var": 0.00769033376127
    },
    "silence_rate_60dB": {
        "dmean": 0.016643550247,
        "dmean2": 0.0332898162305,
        "dvar": 0.0163643416017,
        "dvar2": 0.0364157781005,
        "max": 1,
        "mean": 0.0974873527884,
        "median": 0,
        "min": 0,
        "var": 0.0879981145263
    },
    "spectral_centroid": {
        "dmean": 35.3650856018,
        "dmean2": 54.0273399353,
        "dvar": 1792.52099609,
        "dvar2": 3984.41259766,
        "max": 3988.76928711,
        "mean": 408.463562012,
        "median": 358.172180176,
        "min": 154.988739014,
        "var": 119142.679688
    },
    "spectral_complexity": {
        "dmean": 1.20943129063,
        "dmean2": 2.08763051033,
        "dvar": 1.32821416855,
        "dvar2": 3.60314822197,
        "max": 21,
        "mean": 9.88644123077,
        "median": 11,
        "min": 0,
        "var": 15.3818397522
    },
    "spectral_decrease": {
        "dmean": 1.82071224764e-09,
        "dmean2": 2.79173861806e-09,
        "dvar": 5.1739258096e-18,
        "dvar2": 1.11428201643e-17,
        "max": 3.09708498177e-18,
        "mean": -7.80871900474e-09,
        "median": -7.28311899678e-09,
        "min": -5.4533479954e-08,
        "var": 2.98508605032e-17
    },
    "spectral_energy": {
        "dmean": 0.00706789037213,
        "dmean2": 0.01083671581,
        "dvar": 7.78694229666e-05,
        "dvar2": 0.000167778969626,
        "max": 0.210127785802,
        "mean": 0.0304225981236,
        "median": 0.0284150894731,
        "min": 1.7881111522e-11,
        "var": 0.000450636434834
    },
    "spectral_energyband_high": {
        "dmean": 9.94236052065e-06,
        "dmean2": 1.63705699379e-05,
        "dvar": 2.40981568034e-09,
        "dvar2": 5.24538723568e-09,
        "max": 0.0080108800903,
        "mean": 3.59645637218e-05,
        "median": 1.05204107967e-05,
        "min": 1.33590664572e-11,
        "var": 3.40871117999e-08
    },
    "spectral_energyband_low": {
        "dmean": 0.000780008733273,
        "dmean2": 0.0011179096764,
        "dvar": 3.54024427907e-06,
        "dvar2": 8.35335231386e-06,
        "max": 0.0476535484195,
        "mean": 0.00384521880187,
        "median": 0.00239940267056,
        "min": 2.59847183917e-13,
        "var": 2.12541908695e-05
    },
    "spectral_energyband_middle_high": {
        "dmean": 0.000714797526598,
        "dmean2": 0.00108517915942,
        "dvar": 1.19465096304e-06,
        "dvar2": 2.84722818833e-06,
        "max": 0.0318468548357,
        "mean": 0.00156340270769,
        "median": 0.000980310840532,
        "min": 2.01582132063e-12,
        "var": 3.40473843607e-06
    },
    "spectral_energyband_middle_low": {
        "dmean": 0.00698534073308,
        "dmean2": 0.0106467911974,
        "dvar": 7.64239666751e-05,
        "dvar2": 0.000162842596183,
        "max": 0.204580888152,
        "mean": 0.0258761625737,
        "median": 0.0227655991912,
        "min": 8.01281404509e-13,
        "var": 0.000393412308767
    },
    "spectral_entropy": {
        "dmean": 0.129885926843,
        "dmean2": 0.203710407019,
        "dvar": 0.0135911451653,
        "dvar2": 0.0318304225802,
        "max": 8.82992362976,
        "mean": 5.60174274445,
        "median": 5.69585847855,
        "min": 2.96208405495,
        "var": 0.752640962601
    },
    "spectral_flux": {
        "dmean": 0.0160722546279,
        "dmean2": 0.0269204061478,
        "dvar": 0.00030301429797,
        "dvar2": 0.000844699621666,
        "max": 0.277430295944,
        "mean": 0.0616701282561,
        "median": 0.060759536922,
        "min": 9.1054744189e-06,
        "var": 0.00093655299861
    },
    "spectral_kurtosis": {
        "dmean": 47.145690918,
        "dmean2": 82.5601425171,
        "dvar": 24881.4160156,
        "dvar2": 72071.109375,
        "max": 3034.3293457,
        "mean": 119.849617004,
        "median": 85.7811203003,
        "min": -0.579550504684,
        "var": 36561.90625
    },
    "spectral_rms": {
        "dmean": 0.000600424828008,
        "dmean2": 0.000916157849133,
        "dvar": 3.59054325827e-07,
        "dvar2": 8.34879870126e-07,
        "max": 0.0143179157749,
        "mean": 0.00503845140338,
        "median": 0.00526517257094,
        "min": 1.32079478021e-07,
        "var": 4.29453621109e-06
    },
    "spectral_rolloff": {
        "dmean": 92.8053970337,
        "dmean2": 157.193756104,
        "dvar": 31194.8457031,
        "dvar2": 62527.578125,
        "max": 19250.6835938,
        "mean": 690.945495605,
        "median": 452.197265625,
        "min": 21.533203125,
        "var": 3426149.25
    },
    "spectral_skewness": {
        "dmean": 1.1475045681,
        "dmean2": 1.96473026276,
        "dvar": 6.22896337509,
        "dvar2": 18.0444526672,
        "max": 45.063129425,
        "mean": 7.88436079025,
        "median": 7.51104450226,
        "min": 0.491171479225,
        "var": 25.3155269623
    },
    "spectral_spread": {
        "dmean": 261568.59375,
        "dmean2": 448718.75,
        "dvar": 65086459904,
        "dvar2": 181008777216,
        "max": 12197408,
        "mean": 1711504.5,
        "median": 1245271.375,
        "min": 44685.6015625,
        "var": 1.84867566387e+12
    },
    "spectral_strongpeak": {
        "dmean": 0.389003664255,
        "dmean2": 0.630284547806,
        "dvar": 0.202099949121,
        "dvar2": 0.4925776124,
        "max": 6.70079851151,
        "mean": 0.966943562031,
        "median": 0.760950922966,
        "min": 0,
        "var": 0.581880509853
    },
    "zerocrossingrate": {
        "dmean": 0.00269795604981,
        "dmean2": 0.0035956162028,
        "dvar": 1.0780431694e-05,
        "dvar2": 1.8178820028e-05,
        "max": 0.52197265625,
        "mean": 0.0257007293403,
        "median": 0.01953125,
        "min": 0.0029296875,
        "var": 0.00235427962616
    },
    "barkbands": {
        "dmean": [4.75547021779e-05, 0.000158497059601, 0.000348728237441, 0.00119646708481, 0.00426591280848, 0.00303418468684, 0.00134542863816, 0.00070420303382, 0.000738474132959, 0.000514417071827, 0.000191909406567, 0.000200366819627, 5.18580782227e-05, 2.1577507141e-05, 2.70907748927e-05, 1.81999093911e-05, 2.43417753154e-06, 1.16131445793e-06, 8.1403339891e-07, 1.53667235736e-06, 3.65236610378e-06, 2.14672650145e-06, 1.35025345571e-06, 2.60527963292e-06, 1.76255707629e-06, 1.01941918729e-06, 1.2047051996e-06],
        "dmean2": [5.92225260334e-05, 0.000192234554561, 0.000436163769336, 0.00194710504729, 0.00611044280231, 0.0047599398531, 0.00203901901841, 0.000980885932222, 0.00100899732206, 0.000750706181861, 0.000300601241179, 0.000320841092616, 8.4371837147e-05, 3.61012171197e-05, 4.56422530988e-05, 3.0465222153e-05, 4.1555158532e-06, 2.00039994525e-06, 1.39417181799e-06, 2.68673215942e-06, 6.32445426163e-06, 3.72637214241e-06, 2.25038957069e-06, 4.30994032286e-06, 2.9248192277e-06, 1.69710199316e-06, 2.02791852644e-06],
        "dvar": [6.5511557068e-08, 9.54929149088e-08, 1.15949785595e-06, 6.78265541865e-06, 3.32402451022e-05, 1.9108176275e-05, 1.45649128171e-05, 2.05390392694e-06, 1.57910517373e-06, 8.19124352347e-07, 1.81959478596e-07, 3.2478300227e-07, 1.34758906256e-08, 2.91904278527e-09, 1.13311395822e-08, 7.42350181326e-09, 2.69203253439e-11, 8.9938143738e-12, 7.79109155663e-12, 3.48133882833e-11, 1.88599483253e-10, 1.39949940525e-10, 1.08115794095e-10, 5.74085390337e-10, 3.12361969623e-10, 5.58410782892e-11, 7.39791821552e-12],
        "dvar2": [9.98349349857e-08, 2.38925082385e-07, 2.13372845792e-06, 1.81687755685e-05, 6.59781580907e-05, 4.90478123538e-05, 3.2064581319e-05, 3.39324788001e-06, 2.63402853307e-06, 1.88119247468e-06, 4.22313007675e-07, 7.88121838013e-07, 3.26641362847e-08, 7.74881936394e-09, 3.22674544861e-08, 2.0506815801e-08, 7.8023837391e-11, 2.58008180792e-11, 2.26272143383e-11, 1.06426936708e-10, 5.11538922332e-10, 3.93472199267e-10, 2.11446721243e-10, 1.38585765086e-09, 7.20497328466e-10, 1.28437607771e-10, 2.0796059319e-11],
        "max": [0.0169816091657, 0.0123525708914, 0.0421835891902, 0.0617008134723, 0.167726948857, 0.0985926389694, 0.15374968946, 0.0353972651064, 0.0396326929331, 0.0288775451481, 0.0106616495177, 0.0161292571574, 0.00330351758748, 0.00127837667242, 0.00348254479468, 0.00274423393421, 0.000145198588143, 8.02404902061e-05, 0.000152265027282, 0.000260665867245, 0.000854198704474, 0.000772580329794, 0.00165437266696, 0.00271700788289, 0.00195489963517, 0.000745133613236, 0.000118404052046],
        "mean": [0.00023716443684, 0.00137338845525, 0.00136943242978, 0.00233973073773, 0.0116677898914, 0.00637236936018, 0.0026817873586, 0.00136809307151, 0.00136118917726, 0.000834897509776, 0.000295236706734, 0.000292479264317, 8.27478870633e-05, 3.38159734383e-05, 3.96639261453e-05, 2.72773304459e-05, 4.65858238385e-06, 2.31900912695e-06, 1.77548020019e-06, 2.97809606309e-06, 7.09546793587e-06, 4.17325145463e-06, 3.50398227056e-06, 6.29567193755e-06, 4.65711627839e-06, 2.5736844691e-06, 5.53654126634e-06],
        "median": [2.88741921395e-05, 0.000815122737549, 0.00047500821529, 0.0010079042986, 0.00815760716796, 0.00418430520222, 0.000874335528351, 0.000593585544266, 0.000671448302455, 0.000358987716027, 9.83420468401e-05, 6.27618283033e-05, 4.03056183131e-05, 1.17707131722e-05, 9.65021172306e-06, 5.05688967678e-06, 2.37889707932e-06, 6.54770246911e-07, 3.50315048081e-07, 1.97755724685e-07, 2.31862173905e-07, 1.52176127699e-07, 1.28814804157e-07, 1.63368099493e-07, 3.18476452321e-07, 4.40618521225e-07, 4.6729683163e-06],
        "min": [2.34240100596e-14, 3.92614848239e-14, 1.55778286727e-14, 1.39049131909e-14, 9.88583875676e-14, 7.58461490228e-14, 8.68371943363e-14, 1.15716084718e-13, 9.67855556442e-14, 9.86841901598e-14, 2.06795403013e-14, 1.01396118606e-13, 2.84912393157e-13, 1.07099286308e-13, 1.33391236425e-13, 2.32024956973e-13, 1.40756628358e-13, 3.69594871201e-13, 1.5297332357e-13, 4.69133575303e-13, 9.06144896531e-13, 6.43726174795e-13, 8.59645850598e-13, 1.44087465483e-12, 2.33828321289e-12, 2.63502566121e-12, 4.8130605404e-12],
        "var": [5.64487379506e-07, 2.89661647912e-06, 7.21759397493e-06, 1.6070658603e-05, 0.000162919008289, 5.24424904143e-05, 3.74968876713e-05, 8.20585319161e-06, 5.85841689826e-06, 1.66999177509e-06, 3.36682234092e-07, 5.49992478227e-07, 2.08696064874e-08, 4.85148055063e-09, 1.70421650125e-08, 1.07985274056e-08, 5.36562218267e-11, 2.23721475373e-11, 2.39480379971e-11, 7.94793397763e-11, 8.01557320518e-10, 4.27018670424e-10, 1.18545062655e-09, 4.24267510013e-09, 1.36737421386e-09, 2.23732504745e-10, 2.70722385481e-11]
    },
    "erbbands": {
        "dmean": [0.00412697251886, 0.040186420083, 0.262182801962, 2.07093262672, 8.44885635376, 15.5307159424, 24.9642009735, 28.0469856262, 20.8714427948, 12.6479091644, 14.2714319229, 15.3291349411, 11.9533376694, 19.5851078033, 7.99957084656, 5.68565034866, 2.51586222649, 1.09188878536, 1.59825408459, 0.566567242146, 1.07233417034, 0.163255527616, 0.0700652897358, 0.0493175908923, 0.0359171405435, 0.0647529810667, 0.133281365037, 0.119105435908, 0.0917713418603, 0.0471409149468, 0.04572859779, 0.0364958681166, 0.0560697466135, 0.0139909498394, 0.0196396969259, 0.00474504707381, 0.00139874266461, 0.000933918519877, 0.000301545427646, 1.29887012008e-05],
        "dmean2": [0.00491523044184, 0.0486448407173, 0.332518786192, 3.29239249229, 12.9348402023, 21.0775794983, 37.7120437622, 44.4345970154, 32.3140716553, 17.5127468109, 19.9309768677, 21.2007408142, 16.3713932037, 29.0769615173, 12.6166305542, 9.17701911926, 4.0885219574, 1.82981741428, 2.74146580696, 0.917373776436, 1.81832921505, 0.279364854097, 0.120927788317, 0.0845751613379, 0.0616608001292, 0.112629555166, 0.230810284615, 0.206294968724, 0.15895499289, 0.0769445747137, 0.078080765903, 0.0579435639083, 0.0952820628881, 0.0220836140215, 0.0333756431937, 0.00782217457891, 0.00222202530131, 0.00161549902987, 0.00050904188538, 2.08725487028e-05],
        "dvar": [6.9765446824e-05, 0.00571574363858, 0.615258336067, 21.6673660278, 211.391143799, 635.885986328, 1399.57788086, 2403.80273438, 3439.85522461, 751.465637207, 681.361877441, 956.992553711, 293.340515137, 1124.25158691, 250.499328613, 230.530715942, 32.9568138123, 6.33768892288, 40.5625686646, 2.74416303635, 31.184595108, 0.196007475257, 0.0213094763458, 0.0217869393528, 0.0232986416668, 0.0481098107994, 0.502113878727, 0.281181961298, 0.261727720499, 0.0943707674742, 0.0980173945427, 0.127830088139, 0.323857277632, 0.0319312028587, 0.0332057289779, 0.00143448158633, 0.000211846418097, 4.84547817905e-05, 1.64336341868e-07, 2.55589438503e-10],
        "dvar2": [0.000160370560479, 0.0143136419356, 1.13605082035, 57.5326385498, 472.09085083, 1286.34777832, 3284.03515625, 6513.55957031, 8074.66796875, 1332.99682617, 1141.30834961, 1627.75378418, 514.977661133, 2597.95727539, 606.734802246, 584.373718262, 79.6976013184, 16.8629703522, 118.070343018, 6.75812911987, 87.4109039307, 0.56075334549, 0.0632564425468, 0.0601081959903, 0.0702852159739, 0.139288142323, 1.34667038918, 0.797344982624, 0.751456320286, 0.21721483767, 0.239804014564, 0.283757984638, 0.82809138298, 0.0648958086967, 0.0883476883173, 0.00354938115925, 0.000381343386834, 0.000144567224197, 4.5812589633e-07, 6.40437869404e-10],
        "max": [0.310491740704, 3.05989599228, 32.2358131409, 90.5539703369, 496.213562012, 722.010437012, 774.041015625, 1123.69970703, 2174.22241211, 828.348022461, 651.366455078, 1111.09655762, 309.838195801, 1045.38598633, 359.804107666, 360.96206665, 169.194000244, 69.5201187134, 205.150222778, 29.9286136627, 183.520294189, 10.4608726501, 3.8321480751, 5.72271728516, 9.37184333801, 13.1980495453, 43.5203933716, 24.630147934, 27.6449832916, 30.4833621979, 39.4439849854, 44.1896286011, 52.4534301758, 24.9010677338, 13.7338294983, 3.26469922066, 1.90671896935, 0.28318965435, 0.0175750870258, 0.000928410503548],
        "mean": [0.0444440208375, 0.300024360418, 1.225014925, 5.23523759842, 18.9145393372, 41.5431785583, 54.8897857666, 55.949924469, 44.3897132874, 29.646364212, 28.3834247589, 29.9082641602, 23.2352542877, 30.3297843933, 14.0227031708, 9.02004241943, 4.27773666382, 1.88379096985, 2.56943225861, 1.03699660301, 1.5897320509, 0.323364555836, 0.157553598285, 0.115209676325, 0.0859220549464, 0.142797186971, 0.265069812536, 0.239286795259, 0.173528522253, 0.104855120182, 0.109906688333, 0.0960822850466, 0.125871703029, 0.0441148355603, 0.0447967164218, 0.0131144700572, 0.00383569579571, 0.00243801716715, 0.00133968319278, 8.07645919849e-05],
        "median": [0.0152537887916, 0.175953611732, 0.594916343689, 2.37403345108, 11.1216926575, 26.6298027039, 34.2919006348, 33.1589202881, 18.2690448761, 13.288936615, 13.6624403, 15.4782304764, 14.0070400238, 14.6554536819, 7.06979370117, 2.8247923851, 2.18339776993, 0.865411758423, 0.682882666588, 0.292476177216, 0.294205725193, 0.132506430149, 0.0729780197144, 0.0303601510823, 0.0166611745954, 0.0105047412217, 0.012029110454, 0.00544586312026, 0.00660347659141, 0.00399921089411, 0.00356471072882, 0.00244121393189, 0.00416346639395, 0.00294686108828, 0.00212766882032, 0.00120029924437, 0.000927955028601, 0.00150293542538, 0.00110545090865, 8.25455063023e-05],
        "min": [2.32986091357e-12, 8.06833072575e-12, 3.12106798739e-11, 5.90802406997e-11, 1.46809994717e-10, 4.4714557057e-10, 3.97210181413e-10, 3.60203283867e-10, 7.5446682235e-10, 2.24649321368e-09, 3.22589044366e-09, 2.32363417396e-09, 2.09108819149e-09, 3.05368064168e-09, 2.11468376143e-09, 5.06713293547e-09, 1.39382994035e-08, 6.35855412767e-09, 5.80817482998e-09, 7.25059834394e-09, 1.42388234536e-08, 8.88253914866e-09, 1.71789391601e-08, 1.33890125653e-08, 1.57921800081e-08, 1.88071123119e-08, 2.54217624729e-08, 3.93426233813e-08, 2.51552236818e-08, 2.88411197147e-08, 2.14104662888e-08, 2.96548510192e-08, 2.23587246495e-08, 2.51960639019e-08, 1.71415077688e-08, 8.70799965469e-09, 5.08688247081e-09, 1.81331816229e-09, 5.68537328327e-10, 8.63999080614e-11],
        "var": [0.00379924033768, 0.158616632223, 4.4745388031, 63.1974525452, 741.678222656, 2539.13696289, 4595.45019531, 5548.5546875, 8482.98828125, 2861.39599609, 2306.11132812, 3726.78515625, 794.482849121, 2099.30322266, 487.239685059, 394.305236816, 52.8572158813, 10.9804782867, 64.6630325317, 5.79033899307, 43.8332328796, 0.363163501024, 0.0555846206844, 0.0849577710032, 0.0723393261433, 0.188673123717, 1.6166049242, 0.915107190609, 0.727815449238, 0.575198590755, 0.843315124512, 1.03743517399, 1.66880881786, 0.245323628187, 0.100577063859, 0.00612706271932, 0.000851324701216, 9.71416957327e-05, 1.1919288454e-06, 2.62815302854e-09]
    },
    "gfcc": {
        "mean": [-147.6902771, 175.718978882, -46.7297744751, -46.0839347839, -53.7690734863, -18.7904071808, -31.6819858551, -17.1709537506, -22.4865570068, -11.1927022934, -15.0009384155, -0.285125136375, 0.213927656412],
        "cov": [[28057.5234375, -644.46685791, -2682.16503906, 1000.46594238, 805.865600586, 1990.33337402, 683.534851074, 837.958374023, 246.804473877, 808.558349609, -270.87210083, 487.099121094, -105.077575684], [-644.46685791, 1824.79760742, 677.050720215, -669.330566406, 238.177658081, -550.301391602, 2.43922662735, -241.346206665, 13.6868362427, -311.059326172, 17.9563026428, -188.625778198, -12.5748548508], [-2682.16503906, 677.050720215, 896.43347168, -43.2334480286, -230.812469482, -320.91104126, -91.2026672363, -168.316833496, -10.0700502396, -151.214431763, 47.3505401611, -52.6547622681, 45.568775177], [1000.46594238, -669.330566406, -43.2334480286, 606.264221191, -201.50352478, 314.011993408, 54.7078399658, 76.8682403564, 7.8808722496, 143.178115845, -31.5207004547, 113.685157776, 4.07559585571], [805.865600586, 238.177658081, -230.812469482, -201.50352478, 551.351501465, 75.8523712158, 145.750991821, 93.4423675537, 49.1142349243, -36.1298599243, -48.3333244324, -68.362663269, -52.1107215881], [1990.33337402, -550.301391602, -320.91104126, 314.011993408, 75.8523712158, 464.254394531, 135.80065918, 188.412765503, 52.1346435547, 156.451721191, -21.4346923828, 100.693817139, -15.7575912476], [683.534851074, 2.43922662735, -91.2026672363, 54.7078399658, 145.750991821, 135.80065918, 191.533905029, 71.7462692261, 45.9678993225, 1.34359133244, -42.4529380798, 8.03049564362, -37.3049468994], [837.958374023, -241.346206665, -168.316833496, 76.8682403564, 93.4423675537, 188.412765503, 71.7462692261, 191.260467529, 60.3665008545, 103.961135864, 20.6731700897, 17.7714290619, 12.2447862625], [246.804473877, 13.6868362427, -10.0700502396, 7.8808722496, 49.1142349243, 52.1346435547, 45.9678993225, 60.3665008545, 94.0430984497, 32.6571502686, 16.5247325897, 13.1133117676, -10.6298980713], [808.558349609, -311.059326172, -151.214431763, 143.178115845, -36.1298599243, 156.451721191, 1.34359133244, 103.961135864, 32.6571502686, 192.926086426, 33.05701828, 36.0926208496, 59.857749939], [-270.87210083, 17.9563026428, 47.3505401611, -31.5207004547, -48.3333244324, -21.4346923828, -42.4529380798, 20.6731700897, 16.5247325897, 33.05701828, 129.84942627, 19.0983943939, 17.1759166718], [487.099121094, -188.625778198, -52.6547622681, 113.685157776, -68.362663269, 100.693817139, 8.03049564362, 17.7714290619, 13.1133117676, 36.0926208496, 19.0983943939, 114.970352173, 17.5707931519], [-105.077575684, -12.5748548508, 45.568775177, 4.07559585571, -52.1107215881, -15.7575912476, -37.3049468994, 12.2447862625, -10.6298980713, 59.857749939, 17.1759166718, 17.5707931519, 111.027603149]],
        "icov": [[0.000157776783453, -0.000740786665119, 0.000754421402235, -0.000551569741219, 0.000191345985513, -0.000390368921217, 0.000358429417247, -0.000489632948302, 0.000216276865103, -0.000300358486129, 0.00032097226358, -0.000500399328303, 0.000197042725631], [-0.000740786665119, 0.00566651299596, -0.00498633878306, 0.00433504628018, -0.00167053064797, 0.00190862338059, -0.00299642398022, 0.00407958310097, -0.00192112149671, 0.00157464970835, -0.001812529983, 0.00301422248594, -0.00137128122151], [0.000754421402235, -0.00498633878306, 0.00694413809106, -0.00492123141885, 0.00205227104016, -0.00102617999073, 0.00224977568723, -0.00268625072204, -0.000407011044445, 0.00112320308108, 0.000383478298318, -0.00114402279723, -0.0011731965933], [-0.000551569741219, 0.00433504628018, -0.00492123141885, 0.00786555558443, 0.000247740477789, -0.00134979048744, -0.00287493644282, 0.0033517095726, -4.74860971735e-05, -0.00153525429778, 0.000523184717167, 0.000689386564773, 0.00092225393746], [0.000191345985513, -0.00167053064797, 0.00205227104016, 0.000247740477789, 0.00429920013994, -0.00160476111341, -0.000912925577722, -0.00193670066074, -0.000294749392197, 0.000737829541322, 0.000963785452768, 0.0010968077695, 8.8732704171e-05], [-0.000390368921217, 0.00190862338059, -0.00102617999073, -0.00134979048744, -0.00160476111341, 0.0102357622236, -0.0031419841107, -0.00341399828903, 0.00101074844133, -0.00203825091012, 0.000189454542124, -0.00333928852342, 0.00203257193789], [0.000358429417247, -0.00299642398022, 0.00224977568723, -0.00287493644282, -0.000912925577722, -0.0031419841107, 0.0115306312218, -0.00341668422334, -0.00186782854144, 0.00134548102506, 0.00303456815891, -0.0015620784834, 0.00143222836778], [-0.000489632948302, 0.00407958310097, -0.00268625072204, 0.0033517095726, -0.00193670066074, -0.00341399828903, -0.00341668422334, 0.0170325171202, -0.00649544876069, -0.000781780865509, -0.00423645414412, 0.00595804536715, -0.00392975471914], [0.000216276865103, -0.00192112149671, -0.000407011044445, -4.74860971735e-05, -0.000294749392197, 0.00101074844133, -0.00186782854144, -0.00649544876069, 0.0182592868805, -0.00560771813616, 0.000467461242806, -0.00542093534023, 0.00580677995458], [-0.000300358486129, 0.00157464970835, 0.00112320308108, -0.00153525429778, 0.000737829541322, -0.00203825091012, 0.00134548102506, -0.000781780865509, -0.00560771813616, 0.0168502293527, -0.00424310844392, 0.00568860769272, -0.00978035572916], [0.00032097226358, -0.001812529983, 0.000383478298318, 0.000523184717167, 0.000963785452768, 0.000189454542124, 0.00303456815891, -0.00423645414412, 0.000467461242806, -0.00424310844392, 0.0120071368292, -0.00502373185009, 0.00315781752579], [-0.000500399328303, 0.00301422248594, -0.00114402279723, 0.000689386564773, 0.0010968077695, -0.00333928852342, -0.0015620784834, 0.00595804536715, -0.00542093534023, 0.00568860769272, -0.00502373185009, 0.0179803874344, -0.00648326100782], [0.000197042725631, -0.00137128122151, -0.0011731965933, 0.00092225393746, 8.8732704171e-05, 0.00203257193789, 0.00143222836778, -0.00392975471914, 0.00580677995458, -0.00978035572916, 0.00315781752579, -0.00648326100782, 0.017096625641]]
    },
    "melbands": {
        "dmean": [3.93985610572e-05, 0.000104971557448, 0.000514929532073, 0.00085883482825, 0.000851944205351, 0.000583330867812, 0.000312020711135, 0.000136332047987, 0.000112123030704, 0.000104213475424, 6.1847109464e-05, 8.52516168379e-05, 2.5983168598e-05, 2.85418554995e-05, 6.76428408042e-06, 4.56665111415e-06, 1.85565750144e-06, 2.62970502263e-06, 1.60422212048e-06, 8.62600813889e-07, 1.21048253732e-06, 1.33717350081e-07, 1.13966372339e-07, 6.37800212644e-08, 4.19443821897e-08, 2.87378405517e-08, 2.80464611535e-08, 5.00269372594e-08, 1.13384274414e-07, 5.78832981546e-08, 7.76707267391e-08, 4.58879441112e-08, 5.44209441955e-08, 1.90151361323e-08, 2.91751902637e-08, 2.20900382431e-08, 2.49628406834e-08, 5.28504138231e-08, 1.5830455169e-08, 1.03834425502e-08],
        "dmean2": [4.60797928099e-05, 0.000129223830299, 0.000828898977488, 0.00120744633023, 0.00125974672846, 0.000918477016967, 0.000477388472063, 0.00018730974989, 0.000155310364789, 0.000143623736221, 8.49935022416e-05, 0.000126305429148, 4.07752704632e-05, 4.54887594969e-05, 1.10595265141e-05, 7.47981221139e-06, 3.11751568915e-06, 4.52906306236e-06, 2.60570368482e-06, 1.41049315516e-06, 2.06970548788e-06, 2.29519017125e-07, 1.95689196403e-07, 1.10501218842e-07, 7.18844148651e-08, 4.9509832678e-08, 4.82209578934e-08, 8.78392896198e-08, 1.96144185338e-07, 1.00263797265e-07, 1.34501675575e-07, 7.94523629111e-08, 9.32866015546e-08, 3.12212478093e-08, 5.17045464221e-08, 3.32178089479e-08, 4.21034123121e-08, 9.10517030661e-08, 2.60725006029e-08, 1.65902349636e-08],
        "dvar": [6.01395910849e-09, 8.59247180074e-08, 1.12725274448e-06, 1.56749251801e-06, 1.45479236835e-06, 9.42205360843e-07, 7.77519005624e-07, 8.9252921498e-08, 3.9869092916e-08, 3.39254633275e-08, 7.84705811441e-09, 2.18573852351e-08, 2.83166090576e-09, 6.23477269812e-09, 2.5296983952e-10, 9.53850817775e-11, 1.91039059572e-11, 1.00373140355e-10, 2.88896875172e-11, 1.30733739806e-11, 4.20640189347e-11, 1.3131791661e-13, 5.41984703916e-14, 3.62276160947e-14, 1.8379266479e-14, 7.79021622601e-15, 2.08351385596e-14, 2.8614541563e-14, 3.6759332557e-13, 9.23145769354e-14, 1.70177633378e-13, 6.62812564708e-14, 1.01094886585e-13, 2.72946389205e-14, 3.79342011362e-14, 7.98260654626e-14, 6.11738510867e-14, 2.30698571141e-13, 7.98035411625e-14, 3.19119493471e-14],
        "dvar2": [1.42532448066e-08, 1.58628466806e-07, 2.78505672213e-06, 3.24604661728e-06, 3.23604285768e-06, 2.52546760748e-06, 1.7504967218e-06, 1.51470032961e-07, 6.61867431972e-08, 5.73609426624e-08, 1.40001192861e-08, 5.04100725607e-08, 6.86383794246e-09, 1.50325139003e-08, 6.3438138076e-10, 2.41684033897e-10, 5.0625642567e-11, 2.92097623866e-10, 7.45645697964e-11, 3.30699426176e-11, 1.18489898449e-10, 3.84866536427e-13, 1.59865732306e-13, 1.05184022841e-13, 5.09682289321e-14, 2.25491198928e-14, 6.64154197133e-14, 8.56866525433e-14, 9.95542732453e-13, 2.68224543054e-13, 4.85470008377e-13, 1.81630182899e-13, 2.93095300634e-13, 5.93920325789e-14, 1.05274723129e-13, 1.23662541253e-13, 1.55716111121e-13, 6.27694727792e-13, 1.99782017644e-13, 6.79684173527e-14],
        "max": [0.00304470979609, 0.0119951926172, 0.029927700758, 0.0402420610189, 0.0277238711715, 0.0225992072374, 0.0343302153051, 0.00841257348657, 0.00424533849582, 0.00599271990359, 0.00154028460383, 0.00467629544437, 0.00154357205611, 0.00221772165969, 0.000328508787788, 0.000213427178096, 0.000112567555334, 0.000292678858386, 0.000153243163368, 8.87247006176e-05, 0.000207690274692, 1.05049803096e-05, 5.5349946706e-06, 6.32234514342e-06, 5.25540735907e-06, 4.28005387221e-06, 8.6854388428e-06, 8.19507113192e-06, 3.19850732922e-05, 1.90019018191e-05, 2.00619106181e-05, 1.46352113006e-05, 1.86162269529e-05, 1.67037615029e-05, 1.56567202794e-05, 4.26284641435e-05, 2.1261665097e-05, 3.56666605512e-05, 3.13995442411e-05, 2.19094108616e-05],
        "mean": [0.000395354203647, 0.000565079157241, 0.0011964753503, 0.00225866748951, 0.00199495186098, 0.00119340815581, 0.000664355698973, 0.000316073099384, 0.000220952584641, 0.000191144790733, 0.000115538736281, 0.000129140244098, 4.40587245976e-05, 4.06526269217e-05, 1.05058998088e-05, 7.36640868126e-06, 2.89814124699e-06, 4.127054126e-06, 2.36309779211e-06, 1.34290814913e-06, 1.74302999767e-06, 2.47831223987e-07, 2.10573546156e-07, 1.18277000638e-07, 9.02661980717e-08, 6.10058847883e-08, 6.26689242722e-08, 9.60088328839e-08, 2.06451048257e-07, 1.13505443267e-07, 1.44287483295e-07, 8.33766549135e-08, 9.90187842831e-08, 4.42935430556e-08, 6.11120114513e-08, 6.18217796955e-08, 5.57615429386e-08, 1.04966211723e-07, 4.82325290818e-08, 2.94165811709e-08],
        "median": [0.00020281545585, 0.00031451380346, 0.000607257185038, 0.00143554806709, 0.00130473752506, 0.000744713004678, 0.000268335366854, 0.000151686093886, 0.000103401507658, 9.51767651713e-05, 6.69020519126e-05, 5.79968655074e-05, 1.87879031728e-05, 1.09654283733e-05, 4.35371566709e-06, 3.82211055694e-06, 1.12698671728e-06, 1.01484124571e-06, 5.70615213746e-07, 2.96216285278e-07, 3.01690818105e-07, 9.87691564092e-08, 1.11925984925e-07, 2.87259389609e-08, 2.11777226866e-08, 1.42241702861e-08, 6.34082608642e-09, 6.60052457135e-09, 8.23479417988e-09, 3.23975024585e-09, 2.76221112649e-09, 3.81248499437e-09, 2.12083239859e-09, 2.26322005581e-09, 1.65925628792e-09, 1.90945592671e-09, 1.16424092589e-09, 2.69922306728e-09, 2.48719977947e-09, 1.92363769358e-09],
        "min": [2.4865741451e-14, 1.98394801293e-14, 1.08430999978e-14, 2.52685293344e-14, 1.48978526455e-14, 8.89664284896e-15, 1.34704699923e-14, 2.11686730292e-14, 2.28183442329e-14, 1.49121675023e-14, 1.10215630635e-14, 1.35875096168e-14, 4.34991483073e-15, 1.23406542485e-14, 2.10931752886e-14, 2.72779523714e-14, 9.62502257393e-15, 8.56712839776e-15, 1.01242036537e-14, 9.37463116439e-15, 1.95695391993e-14, 9.46100904326e-15, 8.13162979606e-15, 2.02953464852e-14, 9.77592911678e-15, 6.25052970943e-15, 2.14590054303e-14, 8.70429437213e-15, 1.32872169552e-14, 1.6962688578e-14, 2.57933289256e-14, 1.29313089574e-14, 1.30772696749e-14, 1.69914555109e-14, 1.17454806189e-14, 1.52094455736e-14, 1.90044852143e-14, 1.30185829971e-14, 2.14392932796e-14, 2.07660003424e-14],
        "var": [2.39420415937e-07, 6.84058761635e-07, 3.33599109581e-06, 7.33195975045e-06, 5.52114943275e-06, 2.28372186939e-06, 1.96562518795e-06, 3.70855502752e-07, 1.38288882567e-07, 1.2364270674e-07, 2.08127719503e-08, 4.11592608884e-08, 5.7130891129e-09, 1.03234301108e-08, 4.33538704936e-10, 1.48735135319e-10, 3.16447007487e-11, 1.64006572212e-10, 4.54708631858e-11, 2.0420751895e-11, 5.92506876895e-11, 2.32962249751e-13, 1.02528181529e-13, 7.79116829104e-14, 6.69979818694e-14, 2.37252641036e-14, 6.01322512834e-14, 7.88706936133e-14, 1.00095073289e-12, 2.70760952721e-13, 4.51506643488e-13, 1.78580647449e-13, 2.72341068967e-13, 1.71537358428e-13, 1.69907504407e-13, 8.43394364763e-13, 2.55704772677e-13, 8.37986798008e-13, 5.47262484895e-13, 1.38618920487e-13]
    },
    "mfcc": {
        "mean": [-804.33404541, 226.495193481, 40.2198371887, -6.44897079468, -8.49298000336, -8.84649562836, -12.1866111755, -10.3621339798, -5.06457185745, -13.0821466446, -12.5871429443, -8.00357437134, -6.70868587494],
        "cov": [[11008.4296875, 2837.59643555, -1237.60412598, -783.40447998, 69.3866043091, 1003.8659668, 890.674316406, 563.133911133, 753.935241699, 288.012145996, 173.637329102, 456.542907715, 407.693145752], [2837.59643555, 3067.3371582, -341.150360107, -474.738098145, 295.346801758, 273.753723145, 339.227539062, 390.463897705, 274.487213135, 130.32951355, 116.407218933, 4.30122327805, -23.2818775177], [-1237.60412598, -341.150360107, 601.527893066, 323.865661621, -88.3091278076, -141.193374634, -193.227905273, -109.810096741, -134.903427124, -103.184432983, -36.8416938782, -27.1321868896, -50.2004470825], [-783.40447998, -474.738098145, 323.865661621, 317.175933838, -52.868686676, -61.8889770508, -111.335800171, -93.049621582, -66.2542037964, -54.640625, -33.5226516724, -9.71424388885, 2.38305449486], [69.3866043091, 295.346801758, -88.3091278076, -52.868686676, 155.172515869, 53.9135704041, 72.4330673218, 45.9716300964, 44.7243652344, 48.7640037537, 23.7220287323, -6.8247718811, -2.3279747963], [1003.8659668, 273.753723145, -141.193374634, -61.8889770508, 53.9135704041, 273.243743896, 177.081771851, 153.998077393, 147.174072266, 27.8819141388, 47.6032791138, 76.4565429688, 41.6553840637], [890.674316406, 339.227539062, -193.227905273, -111.335800171, 72.4330673218, 177.081771851, 261.254333496, 145.071350098, 143.639968872, 105.842018127, 55.4667243958, 46.7926940918, 67.7968292236], [563.133911133, 390.463897705, -109.810096741, -93.049621582, 45.9716300964, 153.998077393, 145.071350098, 256.339752197, 96.8430786133, 31.9899425507, 72.2482528687, 55.7319946289, -2.61149740219], [753.935241699, 274.487213135, -134.903427124, -66.2542037964, 44.7243652344, 147.174072266, 143.639968872, 96.8430786133, 220.167419434, 82.2689743042, 29.148065567, 42.3849143982, 59.4572639465], [288.012145996, 130.32951355, -103.184432983, -54.640625, 48.7640037537, 27.8819141388, 105.842018127, 31.9899425507, 82.2689743042, 146.293106079, 49.8305625916, 20.7070522308, 40.0532989502], [173.637329102, 116.407218933, -36.8416938782, -33.5226516724, 23.7220287323, 47.6032791138, 55.4667243958, 72.2482528687, 29.148065567, 49.8305625916, 100.984214783, 56.5366134644, 3.05344581604], [456.542907715, 4.30122327805, -27.1321868896, -9.71424388885, -6.8247718811, 76.4565429688, 46.7926940918, 55.7319946289, 42.3849143982, 20.7070522308, 56.5366134644, 108.229614258, 45.5317993164], [407.693145752, -23.2818775177, -50.2004470825, 2.38305449486, -2.3279747963, 41.6553840637, 67.7968292236, -2.61149740219, 59.4572639465, 40.0532989502, 3.05344581604, 45.5317993164, 117.433250427]],
