{
"lowlevel": {
    "average_loudness": 0.771411955357,
    "barkbands_crest": {
        "dmean": 1.74902558327,
        "dmean2": 2.60527610779,
        "dvar": 2.59294247627,
        "dvar2": 5.63624572754,
        "max": 26.009393692,
        "mean": 9.1762714386,
        "median": 8.35052776337,
        "min": 2.71006250381,
        "var": 14.1220178604
    },
    "barkbands_flatness_db": {
        "dmean": 0.0138269755989,
        "dmean2": 0.0200935956091,
        "dvar": 0.000221826907364,
        "dvar2": 0.000471241946798,
        "max": 0.429588794708,
        "mean": 0.175497159362,
        "median": 0.164083138108,
        "min": 0.0319435633719,
        "var": 0.00346325594001
    },
    "barkbands_kurtosis": {
        "dmean": 1.56315553188,
        "dmean2": 2.24593639374,
        "dvar": 7.62432670593,
        "dvar2": 15.7420482635,
        "max": 108.73891449,
        "mean": 3.82787561417,
        "median": 1.5038523674,
        "min": -1.92399263382,
        "var": 55.380115509
    },
    "barkbands_skewness": {
        "dmean": 0.29962772131,
        "dmean2": 0.428262144327,
        "dvar": 0.0841927677393,
        "dvar2": 0.175235331059,
        "max": 9.56466960907,
        "mean": 1.25712573528,
        "median": 1.10115516186,
        "min": -1.87860679626,
        "var": 1.00579512119
    },
    "barkbands_spread": {
        "dmean": 2.56465673447,
        "dmean2": 3.76100921631,
        "dvar": 9.80199813843,
        "dvar2": 22.3863315582,
        "max": 93.8528747559,
        "mean": 15.2137546539,
        "median": 13.2077217102,
        "min": 0.902319729328,
        "var": 103.610221863
    },
    "dissonance": {
        "dmean": 0.023301191628,
        "dmean2": 0.0386430248618,
        "dvar": 0.000468055164674,
        "dvar2": 0.00125621899497,
        "max": 0.499724626541,
        "mean": 0.427889198065,
        "median": 0.439406365156,
        "min": 0.16936737299,
        "var": 0.00239587179385
    },
    "dynamic_complexity": 4.13656187057,
    "erbbands_crest": {
        "dmean": 2.45274066925,
        "dmean2": 3.70968103409,
        "dvar": 5.23512744904,
        "dvar2": 11.6193332672,
        "max": 33.8390426636,
        "mean": 11.3907995224,
        "median": 10.3631467819,
        "min": 3.07036232948,
        "var": 21.3516349792
    },
    "erbbands_flatness_db": {
        "dmean": 0.0133119570091,
        "dmean2": 0.0193169992417,
        "dvar": 0.000193195417523,
        "dvar2": 0.000399737560656,
        "max": 0.402459532022,
        "mean": 0.215900599957,
        "median": 0.213213115931,
        "min": 0.0592842325568,
        "var": 0.00255675264634
    },
    "erbbands_kurtosis": {
        "dmean": 1.16128802299,
        "dmean2": 1.704600811,
        "dvar": 4.97647047043,
        "dvar2": 10.2702417374,
        "max": 107.606819153,
        "mean": 1.73577582836,
        "median": 0.229666471481,
        "min": -1.8230792284,
        "var": 27.321264267
    },
    "erbbands_skewness": {
        "dmean": 0.305370539427,
        "dmean2": 0.435618758202,
        "dvar": 0.0814421549439,
        "dvar2": 0.177148446441,
        "max": 8.50631809235,
        "mean": 0.723674893379,
        "median": 0.55442994833,
        "min": -1.89080584049,
        "var": 0.948293805122
    },
    "erbbands_spread": {
        "dmean": 4.02296829224,
        "dmean2": 5.88981676102,
        "dvar": 18.6302452087,
        "dvar2": 39.5391693115,
        "max": 122.567680359,
        "mean": 24.505771637,
        "median": 22.1859970093,
        "min": 1.38146519661,
        "var": 177.902374268
    },
    "hfc": {
        "dmean": 3.42985367775,
        "dmean2": 5.03092861176,
        "dvar": 42.1681404114,
        "dvar2": 99.1943359375,
        "max": 258.121826172,
        "mean": 18.322227478,
        "median": 13.2135038376,
        "min": 1.17313149987e-16,
        "var": 328.440582275
    },
    "melbands_crest": {
        "dmean": 2.18670296669,
        "dmean2": 3.29624700546,
        "dvar": 4.08291387558,
        "dvar2": 9.09408664703,
        "max": 33.8780822754,
        "mean": 11.8928070068,
        "median": 10.9744138718,
        "min": 2.33871388435,
        "var": 19.6043052673
    },
    "melbands_flatness_db": {
        "dmean": 0.0148858707398,
        "dmean2": 0.0212676990777,
        "dvar": 0.000267175637418,
        "dvar2": 0.000571340613533,
        "max": 0.557166934013,
        "mean": 0.232677832246,
        "median": 0.220401287079,
        "min": 0.0039913887158,
        "var": 0.00530526554212
    },
    "melbands_kurtosis": {
        "dmean": 2.33892273903,
        "dmean2": 3.36858725548,
        "dvar": 17.4866657257,
        "dvar2": 34.5422096252,
        "max": 210.103424072,
        "mean": 6.67154884338,
        "median": 3.746717453,
        "min": -1.51408433914,
        "var": 105.893936157
    },
    "melbands_skewness": {
        "dmean": 0.351628094912,
        "dmean2": 0.50302696228,
        "dvar": 0.130477920175,
        "dvar2": 0.263843774796,
        "max": 10.7324619293,
        "mean": 1.66938149929,
        "median": 1.49186456203,
        "min": -0.993250489235,
        "var": 1.01492249966
    },
    "melbands_spread": {
        "dmean": 3.30378699303,
        "dmean2": 4.80911207199,
        "dvar": 16.2058925629,
        "dvar2": 34.7355003357,
        "max": 149.783737183,
        "mean": 19.4418773651,
        "median": 16.2461986542,
        "min": 1.08604133129,
        "var": 166.040863037
    },
    "pitch_salience": {
        "dmean": 0.0482847690582,
        "dmean2": 0.0743115618825,
        "dvar": 0.00173731101677,
        "dvar2": 0.00408188300207,
        "max": 0.912537276745,
        "mean": 0.53472173214,
        "median": 0.535385787487,
        "min": 0.119182243943,
        "var": 0.00816941913217
    },
    "silence_rate_20dB": {
        "dmean": 0,
        "dmean2": 0,
        "dvar": 0,
        "dvar2": 0,
        "max": 1,
        "mean": 1,
        "median": 1,
        "min": 1,
        "var": 0
    },
    "silence_rate_30dB": {
        "dmean": 0,
        "dmean2": 0,
        "dvar": 0,
        "dvar2": 0,
        "max": 1,
        "mean": 1,
        "median": 1,
        "min": 1,
        "var": 0
    },
    "silence_rate_60dB": {
        "dmean": 0.0176174491644,
        "dmean2": 0.0352378562093,
        "dvar": 0.0173023156822,
        "dvar2": 0.0393743179739,
        "max": 1,
        "mean": 0.0893381461501,
        "median": 0,
        "min": 0,
        "var": 0.0813688859344
    },
    "spectral_centroid": {
        "dmean": 125.91254425,
        "dmean2": 189.742370605,
        "dvar": 26321.140625,
        "dvar2": 55303.0429688,
        "max": 11055.9912109,
        "mean": 1069.77783203,
        "median": 936.130004883,
        "min": 277.995330811,
        "var": 288508.9375
    },
    "spectral_complexity": {
        "dmean": 1.62114095688,
        "dmean2": 2.73059821129,
        "dvar": 2.24003696442,
        "dvar2": 5.85974025726,
        "max": 38,
        "mean": 15.2813520432,
        "median": 16,
        "min": 0,
        "var": 41.8734512329
    },
    "spectral_decrease": {
        "dmean": 8.83421280573e-10,
        "dmean2": 1.20983456586e-09,
        "dvar": 9.97242846037e-19,
        "dvar2": 1.89112016875e-18,
        "max": -6.54469092404e-29,
        "mean": -5.18739540212e-09,
        "median": -4.73863970285e-09,
        "min": -2.83868253348e-08,
        "var": 1.25222497149e-17
    },
    "spectral_energy": {
        "dmean": 0.00355925923213,
        "dmean2": 0.00489047123119,
        "dvar": 1.63137665368e-05,
        "dvar2": 3.11494150083e-05,
        "max": 0.113011240959,
        "mean": 0.0212403647602,
        "median": 0.0193540081382,
        "min": 1.08876557606e-20,
        "var": 0.000212296916288
    },
    "spectral_energyband_high": {
        "dmean": 0.000142302145832,
        "dmean2": 0.000218951623538,
        "dvar": 2.57140612803e-07,
        "dvar2": 6.03971386681e-07,
        "max": 0.0234390366822,
        "mean": 0.000432840926806,
        "median": 0.000100124168966,
        "min": 7.7034336861e-21,
        "var": 1.55137172442e-06
    },
    "spectral_energyband_low": {
        "dmean": 0.000853708770592,
        "dmean2": 0.00126960256603,
        "dvar": 1.75075490461e-06,
        "dvar2": 3.85734028896e-06,
        "max": 0.0299981161952,
        "mean": 0.00267141475342,
        "median": 0.00179652392399,
        "min": 1.07731237595e-22,
        "var": 9.13719122764e-06
    },
    "spectral_energyband_middle_high": {
        "dmean": 0.00135213462636,
        "dmean2": 0.00191580306273,
        "dvar": 4.98131430504e-06,
        "dvar2": 9.62440117291e-06,
        "max": 0.0648227110505,
        "mean": 0.00587385986,
        "median": 0.00303727015853,
        "min": 1.68458663895e-21,
        "var": 4.63195574412e-05
    },
    "spectral_energyband_middle_low": {
        "dmean": 0.0029066267889,
        "dmean2": 0.00389870791696,
        "dvar": 1.22038736663e-05,
        "dvar2": 2.24407267524e-05,
        "max": 0.103957697749,
        "mean": 0.0129272099584,
        "median": 0.0109730716795,
        "min": 2.8363954542e-22,
        "var": 9.32644034037e-05
    },
    "spectral_entropy": {
        "dmean": 0.117100670934,
        "dmean2": 0.17322511971,
        "dvar": 0.0204421225935,
        "dvar2": 0.0463393703103,
        "max": 9.79764842987,
        "mean": 6.90344429016,
        "median": 6.94966506958,
        "min": 4.77258396149,
        "var": 0.23000985384
    },
    "spectral_flux": {
        "dmean": 0.010163679719,
        "dmean2": 0.0172311048955,
        "dvar": 9.90590706351e-05,
        "dvar2": 0.000285140209598,
        "max": 0.148638769984,
        "mean": 0.0493940189481,
        "median": 0.0499557070434,
        "min": 1.0434392933e-10,
        "var": 0.000558583938982
    },
    "spectral_kurtosis": {
        "dmean": 3.0878739357,
        "dmean2": 5.31829547882,
        "dvar": 19.5061531067,
        "dvar2": 54.7116088867,
        "max": 174.991424561,
        "mean": 10.2736549377,
        "median": 7.23789787292,
        "min": -1.15767407417,
        "var": 193.763946533
    },
    "spectral_rms": {
        "dmean": 0.000364651816199,
        "dmean2": 0.000501256203279,
        "dvar": 1.1755261653e-07,
        "dvar2": 2.31054755773e-07,
        "max": 0.0105002317578,
        "mean": 0.00421512732282,
        "median": 0.00434533786029,
        "min": 3.2591568333e-12,
        "var": 2.95502468362e-06
    },
    "spectral_rolloff": {
        "dmean": 240.963485718,
        "dmean2": 408.547119141,
        "dvar": 328215.3125,
        "dvar2": 771414.1875,
        "max": 19035.3515625,
        "mean": 1328.15820312,
        "median": 1033.59375,
        "min": 86.1328125,
        "var": 1408206.625
    },
    "spectral_skewness": {
        "dmean": 0.285445094109,
        "dmean2": 0.48068857193,
        "dvar": 0.0964460670948,
        "dvar2": 0.260532706976,
        "max": 10.6173667908,
        "mean": 2.18252563477,
        "median": 1.97497653961,
        "min": -0.045956864953,
        "var": 1.11647069454
    },
    "spectral_spread": {
        "dmean": 267732.375,
        "dmean2": 420708.46875,
        "dvar": 186638106624,
        "dvar2": 302686011392,
        "max": 39461772,
        "mean": 3375531.75,
        "median": 3052223.5,
        "min": 585291.3125,
        "var": 1.98955198054e+12
    },
    "spectral_strongpeak": {
        "dmean": 0.645667552948,
        "dmean2": 1.07230436802,
        "dvar": 1.82752895355,
        "dvar2": 4.77517795563,
        "max": 28.4424476624,
        "mean": 1.57094871998,
        "median": 1.09831678867,
        "min": 0,
        "var": 2.96019148827
    },
    "zerocrossingrate": {
        "dmean": 0.00539608113468,
        "dmean2": 0.00660201814026,
        "dvar": 6.28100679023e-05,
        "dvar2": 9.26148059079e-05,
        "max": 0.51171875,
        "mean": 0.0502533614635,
        "median": 0.04443359375,
        "min": 0.005859375,
        "var": 0.000934165203944
    },
    "barkbands": {
        "dmean": [1.02386718481e-06, 0.000357909215381, 0.00054058409296, 0.000310713687213, 0.00072686583735, 0.000872639706358, 0.00110377534293, 0.0012544185156, 0.000535392784514, 0.000452342646895, 0.00041833447176, 0.000358489865903, 0.000372757116565, 0.000268094241619, 0.000284889450995, 0.000252280209679, 0.000190957667655, 0.000126525002997, 0.000141656099004, 9.15692289709e-05, 3.73077818949e-05, 2.72298238997e-05, 2.09255813388e-05, 1.61190491781e-05, 1.34364081532e-05, 3.38564714184e-05, 3.69668077838e-06],
        "dmean2": [1.77240383437e-06, 0.00054672639817, 0.000793880783021, 0.000498409266584, 0.00103332858998, 0.0011671850225, 0.00144558062311, 0.00174052407965, 0.000666623120196, 0.000579008774366, 0.000563886307646, 0.000487707962748, 0.000534626131412, 0.000406703475164, 0.000437935901573, 0.000403429847211, 0.000305991998175, 0.000200060210773, 0.000238671040279, 0.000147772298078, 5.91085154156e-05, 4.23460260208e-05, 3.19043283525e-05, 2.27935888688e-05, 2.21477384912e-05, 5.5918484577e-05, 6.15849103269e-06],
        "dvar": [2.32386852816e-12, 2.8611958669e-07, 8.51490653986e-07, 2.90703127348e-07, 1.07005985228e-06, 1.6329306618e-06, 4.07535299018e-06, 5.21363108419e-06, 1.04531500256e-06, 6.88946727223e-07, 8.52487517022e-07, 1.00369777556e-06, 1.38191717269e-06, 6.43628425223e-07, 5.39778227449e-07, 4.88279283672e-07, 2.07444287526e-07, 7.70874493128e-08, 1.07356960655e-07, 5.84920449853e-08, 9.66383328915e-09, 6.15665651793e-09, 7.79803599471e-09, 9.17888076657e-09, 5.29598986887e-09, 1.18710012487e-07, 5.22709653339e-10],
        "dvar2": [6.62063199403e-12, 6.74786519994e-07, 1.77730396445e-06, 7.4224283253e-07, 2.21819709623e-06, 3.22178652823e-06, 6.45551062917e-06, 9.96422841126e-06, 1.47254229432e-06, 1.01880561942e-06, 1.49704158048e-06, 1.65270569141e-06, 2.49195750257e-06, 1.41367206652e-06, 1.19642447771e-06, 1.16887474633e-06, 5.28476903128e-07, 1.84953449889e-07, 3.00128277786e-07, 1.36075257728e-07, 2.36535679932e-08, 1.53899826216e-08, 1.83513577667e-08, 1.96440907985e-08, 1.35456463823e-08, 3.23891299558e-07, 1.42021716609e-09],
        "max": [2.12332342926e-05, 0.0102677429095, 0.0192989371717, 0.0138791818172, 0.0579347610474, 0.0304081439972, 0.0555899813771, 0.0902536511421, 0.0484099984169, 0.0266200024635, 0.0341466479003, 0.0528339631855, 0.0447690710425, 0.0262717474252, 0.026372436434, 0.022342313081, 0.0148715330288, 0.0107450271025, 0.00996622443199, 0.00740796281025, 0.00264651235193, 0.0020786318928, 0.0034687067382, 0.00362838571891, 0.00290366238914, 0.0127171976492, 0.000523248629179],
        "mean": [1.79822473001e-06, 0.00090315262787, 0.00141461007297, 0.000642212515231, 0.00225305510685, 0.00246885884553, 0.00283873593435, 0.00269423471764, 0.00137361721136, 0.00100511836354, 0.000929796951823, 0.000793398125097, 0.000818526779767, 0.000495200394653, 0.000594989920501, 0.000467905891128, 0.000450720079243, 0.000281685526716, 0.000281629298115, 0.00020761541964, 8.87232890818e-05, 6.42985396553e-05, 5.62628847547e-05, 3.75590170734e-05, 3.06172805722e-05, 4.1206007154e-05, 4.85855889565e-06],
        "median": [6.79013453464e-07, 0.000496655411553, 0.000770999467932, 0.000290479918476, 0.00121332600247, 0.00140770280268, 0.00116422504652, 0.00146199809387, 0.000503411632963, 0.000370925059542, 0.000243834263529, 0.000243449976551, 0.000166334459209, 7.52071646275e-05, 0.000139166222652, 0.000101879646536, 0.000109158703708, 7.85760421422e-05, 6.57458367641e-05, 3.20165599987e-05, 2.17693923332e-05, 1.55337420438e-05, 7.95307005319e-06, 4.04889533456e-06, 2.46748049904e-06, 9.22284755234e-07, 3.50431932361e-08],
        "min": [1.88318176915e-24, 5.80663031176e-23, 4.40877604522e-23, 1.0241699091e-23, 6.00024707016e-23, 3.63514299537e-23, 4.80919332102e-23, 6.28749025841e-23, 5.75809706451e-23, 5.83299656756e-23, 7.95934147642e-23, 2.19517447434e-22, 6.95512848605e-23, 1.47073157198e-22, 7.34697273706e-23, 1.57607694079e-22, 1.96856288282e-22, 3.35354060435e-22, 2.07853009301e-22, 3.27128046108e-22, 5.95387530179e-22, 4.71105713114e-22, 5.69344871426e-22, 1.10082300576e-21, 1.32578543622e-21, 1.5132352461e-21, 2.22871941487e-21],
        "var": [6.53810642778e-12, 1.34524384521e-06, 3.38497943631e-06, 9.62719241215e-07, 1.18924244816e-05, 9.83486643236e-06, 2.22698727157e-05, 1.58975708473e-05, 5.94718812863e-06, 3.95787901653e-06, 3.35620870828e-06, 3.90915829485e-06, 6.05528339293e-06, 2.21993491323e-06, 1.95940810954e-06, 1.29368265789e-06, 1.02013041214e-06, 3.34616885311e-07, 3.6814205373e-07, 3.45509704403e-07, 4.02656787912e-08, 2.45417588474e-08, 5.11004714099e-08, 3.89861654071e-08, 2.72983946559e-08, 1.19187014036e-07, 7.69164731906e-10]
    },
    "erbbands": {
        "dmean": [0.00328651024029, 0.104746647179, 0.541574895382, 0.785618722439, 1.36272478104, 3.04310464859, 4.0463719368, 8.1051492691, 15.1811494827, 23.2697715759, 22.004032135, 15.4816894531, 13.6446781158, 8.11891174316, 18.9867343903, 18.2387466431, 17.4169616699, 15.6229171753, 10.1052770615, 18.0992145538, 10.8408489227, 6.67320919037, 6.19801425934, 9.91475868225, 4.17710208893, 4.88748502731, 1.93146073818, 1.29031264782, 0.927513718605, 0.828294038773, 0.56064414978, 0.437781512737, 0.156357228756, 0.151204183698, 0.119432419538, 0.214940339327, 0.0400485135615, 0.00600272184238, 0.000538009917364, 2.61318218691e-05],
        "dmean2": [0.00525271007791, 0.1592476964, 0.796866834164, 1.2145563364, 2.20172858238, 4.33051109314, 5.17929506302, 11.2720279694, 18.6855449677, 32.978515625, 30.2763214111, 19.2200641632, 16.8727760315, 11.1462860107, 25.6159572601, 24.7309417725, 24.8673057556, 23.3932971954, 15.71347332, 28.1465072632, 17.4399795532, 10.6525840759, 9.68797397614, 16.7042636871, 6.67180204391, 7.91827344894, 3.09839725494, 1.99635875225, 1.44835042953, 1.27191185951, 0.871712088585, 0.648230910301, 0.238700181246, 0.24046844244, 0.1995767802, 0.359128713608, 0.0668821334839, 0.00987199600786, 0.000921860919334, 4.30215368397e-05],
        "dvar": [2.54835085798e-05, 0.0244973301888, 0.808117866516, 1.87314808369, 3.87096834183, 24.3087749481, 46.3752365112, 147.29309082, 808.876586914, 1430.9942627, 3153.74829102, 806.417541504, 843.107910156, 283.921234131, 1858.15942383, 2592.33959961, 2856.25195312, 1942.07580566, 752.153076172, 2317.12280273, 580.668334961, 203.774139404, 221.913208008, 612.782592773, 159.824188232, 173.556121826, 22.4948348999, 14.6351652145, 10.0411109924, 6.74903869629, 6.07477521896, 6.79946708679, 1.00756883621, 0.713229775429, 0.649152159691, 5.99074840546, 0.129576936364, 0.00193664920516, 1.04454393295e-05, 2.10777013621e-08],
        "dvar2": [6.59752258798e-05, 0.0567760691047, 1.71183168888, 4.61234903336, 10.391541481, 52.8584365845, 76.1217041016, 319.74206543, 1160.95910645, 2945.23901367, 5955.19824219, 1129.71923828, 1125.97924805, 536.31628418, 3223.42407227, 4283.26855469, 5184.93066406, 4176.77539062, 1847.66040039, 5056.25488281, 1456.34765625, 509.926391602, 510.903106689, 1726.59814453, 390.646820068, 408.032226562, 51.9130325317, 33.5260314941, 24.0493164062, 15.4935655594, 13.3968372345, 14.377530098, 2.2124478817, 1.84776687622, 1.67483901978, 16.604057312, 0.343525469303, 0.00521824043244, 2.93682114716e-05, 5.62099167212e-08],
        "max": [0.112540997565, 3.2022562027, 17.2488231659, 28.547121048, 47.759437561, 247.394714355, 368.158477783, 282.382904053, 826.08972168, 1002.99743652, 2498.94213867, 1341.65771484, 1032.85778809, 421.348907471, 1336.56481934, 2711.26342773, 1990.48669434, 1426.29638672, 937.736328125, 1889.8651123, 630.358581543, 466.867584229, 727.590515137, 448.475494385, 630.382568359, 422.953491211, 152.724807739, 138.389068604, 117.374145508, 90.7034759521, 93.1591262817, 91.9451370239, 52.3915481567, 32.4361495972, 31.3398017883, 92.1293106079, 11.3014116287, 1.02170658112, 0.0953113362193, 0.00561367860064],
        "mean": [0.0103586623445, 0.268489897251, 1.42518126965, 2.10366296768, 2.85889339447, 8.5106678009, 14.519200325, 21.1606941223, 41.3079948425, 53.9310531616, 48.9122695923, 40.7836608887, 33.0116577148, 19.1473579407, 44.2564277649, 43.034412384, 40.672580719, 32.4933662415, 21.7576751709, 37.5252914429, 23.5817260742, 17.4401245117, 16.9137439728, 19.0291423798, 10.7497911453, 11.3204727173, 4.82207345963, 3.12561368942, 2.22974634171, 2.19722270966, 1.54251360893, 1.01891040802, 0.433979153633, 0.36208102107, 0.232341259718, 0.250535130501, 0.0507749207318, 0.00823442731053, 0.000733268097974, 5.64747970202e-05],
        "median": [0.00490150833502, 0.157882243395, 0.867914557457, 1.06511390209, 1.68726849556, 3.78642821312, 6.03919124603, 12.4299125671, 17.7455692291, 27.927072525, 25.7345294952, 17.5979671478, 12.6934757233, 8.10858249664, 14.4974365234, 15.0458259583, 10.8666524887, 7.26887273788, 6.65664243698, 9.3086271286, 7.93588972092, 5.93500995636, 5.95611858368, 3.80835270882, 2.62599492073, 1.80213296413, 1.23424983025, 0.739801108837, 0.55446845293, 0.378188073635, 0.214343175292, 0.109593264759, 0.0533343106508, 0.0300526488572, 0.0144616691396, 0.00545805040747, 0.0014507311862, 0.000172195024788, 2.13235962292e-05, 2.8328217013e-05],
        "min": [9.81536129732e-22, 1.55713486827e-20, 5.58197310105e-20, 3.63762658699e-20, 1.68969566669e-19, 1.30151247142e-19, 2.70349404155e-19, 2.66409465349e-19, 4.52133407304e-19, 1.49078760314e-18, 1.0695157875e-18, 1.30111126297e-18, 1.23750024669e-18, 2.25768236207e-18, 4.89366419677e-18, 8.41934288677e-18, 5.02060581512e-18, 6.46459309016e-18, 4.79270804378e-18, 5.46125609436e-18, 9.0002486699e-18, 1.18309972109e-17, 1.74058653216e-17, 1.45289824363e-17, 1.08225771902e-17, 1.70726984775e-17, 1.94919436889e-17, 2.51110279121e-17, 1.67461325348e-17, 1.61162824748e-17, 1.86768548026e-17, 2.40437448919e-17, 1.72251660624e-17, 1.31574226821e-17, 9.28805871942e-18, 4.34520870906e-18, 3.57223158769e-18, 1.0139907719e-18, 3.08476252388e-19, 3.49342768047e-20],
        "var": [0.000221902431804, 0.114199139178, 3.18762278557, 8.09881401062, 13.0119781494, 217.564758301, 580.180725098, 706.242736816, 4738.57568359, 5954.078125, 8136.50732422, 4518.19091797, 5290.12207031, 1139.09814453, 7101.40966797, 10302.1816406, 12686.2255859, 7446.98535156, 2450.97143555, 8004.16992188, 1918.24865723, 1170.71350098, 1181.55444336, 1645.6340332, 1028.62658691, 1060.31469727, 109.005966187, 48.6102218628, 33.1771430969, 45.3549194336, 40.0198898315, 27.7585372925, 5.32543325424, 3.70547509193, 1.86983656883, 5.45561933517, 0.146662011743, 0.00282314419746, 1.82089097507e-05, 3.57346436886e-08]
    },
    "gfcc": {
        "mean": [-51.399143219, 118.588050842, -132.808349609, 5.97052001953, -68.1750946045, -6.30420589447, -36.8945999146, 3.70748782158, -20.7494068146, 0.780403912067, -11.3433866501, -2.3573384285, -13.343963623],
        "cov": [[17173.1015625, -1457.48034668, -2175.94506836, 1946.98522949, 205.758270264, 321.329559326, -186.631851196, 275.452880859, 222.745071411, 15.2311944962, -512.535522461, -146.922622681, -212.364013672], [-1457.48034668, 1560.61254883, -28.3083209991, -71.867225647, 463.721588135, 53.3126983643, 120.885780334, -156.951660156, -4.25853919983, -95.0121612549, 154.689559937, -84.3391571045, 52.4192276001], [-2175.94506836, -28.3083209991, 1106.13952637, -242.738449097, 35.6399345398, 87.5266723633, 82.8428039551, 41.2218856812, -34.6269226074, 34.2249641418, 3.70832538605, 122.854949951, -59.0756874084], [1946.98522949, -71.867225647, -242.738449097, 556.836608887, 170.113769531, 163.294128418, 58.5196304321, 29.8113098145, 37.917350769, 16.044626236, -41.3416824341, -10.2810287476, -26.4942245483], [205.758270264, 463.721588135, 35.6399345398, 170.113769531, 469.982116699, 219.209243774, 104.182693481, -39.0205078125, 59.6425132751, -9.41974544525, 18.7261886597, -19.323638916, -51.4176292419], [321.329559326, 53.3126983643, 87.5266723633, 163.294128418, 219.209243774, 282.411132812, 114.380767822, -8.39000797272, 21.9013156891, 23.9833526611, -18.4334106445, 2.22450590134, -79.7091598511], [-186.631851196, 120.885780334, 82.8428039551, 58.5196304321, 104.182693481, 114.380767822, 173.862884521, 4.04311275482, 0.272617667913, 4.09057998657, 13.9560680389, -13.6589288712, -31.639799118], [275.452880859, -156.951660156, 41.2218856812, 29.8113098145, -39.0205078125, -8.39000797272, 4.04311275482, 148.80355835, 58.5468482971, 27.284526825, -13.4824457169, 30.0708446503, 8.57929229736], [222.745071411, -4.25853919983, -34.6269226074, 37.917350769, 59.6425132751, 21.9013156891, 0.272617667913, 58.5468482971, 160.114227295, 42.5877304077, -7.98002052307, 11.6235485077, -2.30797481537], [15.2311944962, -95.0121612549, 34.2249641418, 16.044626236, -9.41974544525, 23.9833526611, 4.09057998657, 27.284526825, 42.5877304077, 107.274368286, 11.7592439651, -7.55481338501, 4.44097805023], [-512.535522461, 154.689559937, 3.70832538605, -41.3416824341, 18.7261886597, -18.4334106445, 13.9560680389, -13.4824457169, -7.98002052307, 11.7592439651, 130.992889404, 8.57016372681, 13.046248436], [-146.922622681, -84.3391571045, 122.854949951, -10.2810287476, -19.323638916, 2.22450590134, -13.6589288712, 30.0708446503, 11.6235485077, -7.55481338501, 8.57016372681, 134.076156616, 3.28311753273], [-212.364013672, 52.4192276001, -59.0756874084, -26.4942245483, -51.4176292419, -79.7091598511, -31.639799118, 8.57929229736, -2.30797481537, 4.44097805023, 13.046248436, 3.28311753273, 162.237091064]],
        "icov": [[0.00015802658163, 8.52919692989e-05, 0.000232400503592, -0.000395006907638, -0.000102107769635, 3.26152003254e-05, 0.000187214536709, -0.000223488139454, 6.05938548688e-05, 1.47422508689e-06, 0.000345445849234, 5.26495387021e-06, 0.00020434090402], [8.52919692989e-05, 0.00159190944396, 0.000119146534416, 0.000189229511307, -0.00182065099943, 0.000797170971055, -0.000586559413932, 0.000709956744686, -0.00018858355179, 0.00110069557559, -0.0010734758107, 0.000667869579047, -0.000625714601483], [0.000232400503592, 0.000119146534416, 0.00177339510992, 0.00032959174132, -0.000508774886839, -0.000258737098193, -0.000344108120771, -0.000869486888405, 0.000924490159377, -0.000892701151315, 0.000969051092397, -0.00138731393963, 0.00064352422487], [-0.000395006907638, 0.000189229511307, 0.00032959174132, 0.00398449739441, -0.000886599125806, -0.0011953379726, -0.00087807723321, -0.00020272754773, 0.000337695004418, -0.000300912273815, -0.000333017465891, -0.000467903184472, -0.000786996912211], [-0.000102107769635, -0.00182065099943, -0.000508774886839, -0.000886599125806, 0.00642187381163, -0.00385507498868, 0.000441884039901, 0.000649145105854, -0.00215512677096, 0.000826507399324, -0.000206292461371, 0.000269839569228, 0.000275477854302], [3.26152003254e-05, 0.000797170971055, -0.000258737098193, -0.0011953379726, -0.00385507498868, 0.00945693068206, -0.00366706890054, 0.00101485976484, 0.000727956125047, -0.00219365418889, 0.00128399790265, -0.000952230591793, 0.00213782582432], [0.000187214536709, -0.000586559413932, -0.000344108120771, -0.00087807723321, 0.000441884039901, -0.00366706890054, 0.00925467070192, -0.00176340038888, 0.000511716760229, 0.00062282854924, -0.000758740876336, 0.00157590582967, 0.00042171869427], [-0.000223488139454, 0.000709956744686, -0.000869486888405, -0.00020272754773, 0.000649145105854, 0.00101485976484, -0.00176340038888, 0.0102035170421, -0.00383685366251, -0.000179743525223, -0.000511030782945, -0.00102792971302, -0.00103853933979], [6.05938548688e-05, -0.00018858355179, 0.000924490159377, 0.000337695004418, -0.00215512677096, 0.000727956125047, 0.000511716760229, -0.00383685366251, 0.00964487716556, -0.0040383040905, 0.00148027902469, -0.00145812891424, 0.000667577667627], [1.47422508689e-06, 0.00110069557559, -0.000892701151315, -0.000300912273815, 0.000826507399324, -0.00219365418889, 0.00062282854924, -0.000179743525223, -0.0040383040905, 0.0134709151462, -0.00337197538465, 0.0031128032133, -0.00163079448976], [0.000345445849234, -0.0010734758107, 0.000969051092397, -0.000333017465891, -0.000206292461371, 0.00128399790265, -0.000758740876336, -0.000511030782945, 0.00148027902469, -0.00337197538465, 0.0108167435974, -0.00225400691852, 0.000831167038996], [5.26495387021e-06, 0.000667869579047, -0.00138731393963, -0.000467903184472, 0.000269839569228, -0.000952230591793, 0.00157590582967, -0.00102792971302, -0.00145812891424, 0.0031128032133, -0.00225400691852, 0.0100343143567, -0.000938859477174], [0.00020434090402, -0.000625714601483, 0.00064352422487, -0.000786996912211, 0.000275477854302, 0.00213782582432, 0.00042171869427, -0.00103853933979, 0.000667577667627, -0.00163079448976, 0.000831167038996, -0.000938859477174, 0.00802038237453]]
    },
    "melbands": {
        "dmean": [6.41035076114e-05, 0.000226664400543, 0.000144910154631, 0.000138440693263, 0.000147696904605, 0.000182960764505, 0.000229631710681, 0.000255694438238, 0.000169129052665, 8.57087798067e-05, 6.74985567457e-05, 3.24606480717e-05, 5.9264832089e-05, 5.00110254507e-05, 3.51498601958e-05, 3.80042474717e-05, 3.18117126881e-05, 1.59016635735e-05, 1.62297146744e-05, 2.98102131637e-05, 1.13368523671e-05, 7.87346016295e-06, 7.54696793592e-06, 6.28855877949e-06, 8.95857465366e-06, 3.76931689061e-06, 2.26032943829e-06, 3.65032724403e-06, 1.44931868817e-06, 1.19699586776e-06, 7.77666514296e-07, 6.7340596388e-07, 4.8868560043e-07, 4.98658096149e-07, 3.46776289462e-07, 4.4447460823e-07, 2.02229173851e-07, 1.13885889164e-07, 1.380930712e-07, 1.35097607767e-07],
        "dmean2": [9.96058952296e-05, 0.000335331074893, 0.000225149648031, 0.000209310645005, 0.000191067956621, 0.000248650845606, 0.000284708716208, 0.000361119309673, 0.000229644661886, 0.000106232859252, 8.38784108055e-05, 4.50825900771e-05, 8.01859569037e-05, 6.77364514559e-05, 4.99831767229e-05, 5.35712097189e-05, 4.82958384964e-05, 2.49341228482e-05, 2.50090815825e-05, 4.68431135232e-05, 1.85761055036e-05, 1.2710325791e-05, 1.1782153706e-05, 1.02398216768e-05, 1.51360363816e-05, 5.97342977926e-06, 3.65439723282e-06, 5.9254007283e-06, 2.31584317589e-06, 1.88082117347e-06, 1.22498977362e-06, 1.06264621991e-06, 7.89497732967e-07, 7.68177358168e-07, 5.45330010482e-07, 6.77272737448e-07, 2.99573457596e-07, 1.81636650609e-07, 2.11900811564e-07, 2.20976815513e-07],
        "dvar": [9.443534843e-09, 1.31252335223e-07, 5.21885112903e-08, 3.70068669042e-08, 5.37577911075e-08, 7.55060369784e-08, 1.83606488235e-07, 1.57414405066e-07, 1.75003833647e-07, 2.47597107261e-08, 2.07590371559e-08, 5.44815303982e-09, 1.77075936136e-08, 1.43398981578e-08, 7.66535013241e-09, 1.85987829582e-08, 9.49320799748e-09, 1.74561987087e-09, 1.86710202854e-09, 5.69988367616e-09, 7.03980318484e-10, 3.3924071885e-10, 3.82054388126e-10, 1.9107934679e-10, 5.41175049218e-10, 1.52354184824e-10, 3.98225584453e-11, 9.88772952404e-11, 1.62811569782e-11, 1.19531884391e-11, 5.16763238104e-12, 6.3962411756e-12, 2.3900827064e-12, 2.9595121926e-12, 1.97806072737e-12, 7.68877930074e-12, 1.07316759645e-12, 5.0656175218e-13, 7.33022149924e-13, 6.30780204545e-13],
        "dvar2": [2.28550582904e-08, 2.80143154896e-07, 1.28577866576e-07, 8.8186503433e-08, 9.4666567918e-08, 1.5003250553e-07, 2.66109282165e-07, 3.25248521449e-07, 3.27876534811e-07, 3.45522650491e-08, 2.78076832672e-08, 1.03942232599e-08, 3.13880903491e-08, 2.36645814056e-08, 1.43409293329e-08, 3.15809174367e-08, 2.09251069805e-08, 4.27341850795e-09, 4.04247568753e-09, 1.32257476082e-08, 1.83627324457e-09, 8.84355311204e-10, 9.06552888313e-10, 5.04326802542e-10, 1.53128065783e-09, 3.58211238449e-10, 9.68449140326e-11, 2.24459811848e-10, 3.81491435664e-11, 3.0074900903e-11, 1.22575708264e-11, 1.56093471482e-11, 6.38565979608e-12, 6.82965359614e-12, 4.45227405291e-12, 1.67316993593e-11, 2.36293081456e-12, 1.2827380217e-12, 1.54973039609e-12, 1.69010595449e-12],
        "max": [0.00193071877584, 0.00713695771992, 0.00544095179066, 0.00707146432251, 0.0115842996165, 0.00701545272022, 0.0126509303227, 0.0093088420108, 0.018908623606, 0.00721823377535, 0.00512844789773, 0.00186793529429, 0.00561514496803, 0.00595196522772, 0.00316115608439, 0.00594775285572, 0.0032761930488, 0.00139978574589, 0.00170729565434, 0.00219030561857, 0.000817608030047, 0.000580332125537, 0.000776243105065, 0.000352346774889, 0.00040559770423, 0.00065235857619, 0.000210939455428, 0.00036216690205, 0.000128367013531, 9.02001120267e-05, 7.30607862351e-05, 9.10787712201e-05, 5.06356736878e-05, 5.27428383066e-05, 4.9323647545e-05, 9.05950000742e-05, 3.72481044906e-05, 3.34739597747e-05, 4.17515839217e-05, 2.75497295661e-05],
        "mean": [0.000170424798853, 0.000636209035292, 0.000388444954297, 0.000361715443432, 0.00052715773927, 0.000491056358442, 0.000621938786935, 0.000591410091147, 0.000380061246688, 0.000223435446969, 0.000156279085786, 6.92804314895e-05, 0.000132690402097, 0.00011740672926, 8.09867342468e-05, 8.49615753395e-05, 5.89839401073e-05, 3.16996520269e-05, 3.34670694428e-05, 5.84954213991e-05, 2.29992874665e-05, 1.77293204615e-05, 2.07722769119e-05, 1.3194663552e-05, 1.568854168e-05, 8.84510700416e-06, 5.17785929333e-06, 8.11422160041e-06, 3.17336821354e-06, 2.47220646088e-06, 1.63562026501e-06, 1.34963408982e-06, 1.08487256512e-06, 1.23703944155e-06, 8.45375666358e-07, 9.36400113005e-07, 4.70579493594e-07, 2.79518047819e-07, 3.12160409521e-07, 3.02914742178e-07],
        "median": [8.63444947754e-05, 0.000416860653786, 0.000230887977523, 0.000203719071578, 0.000229118959396, 0.000274464575341, 0.000259914988419, 0.00031206649146, 0.000191974482732, 9.22448089113e-05, 5.22820628248e-05, 2.40269582719e-05, 3.58153411071e-05, 4.2799514631e-05, 2.84407778963e-05, 1.59274368343e-05, 9.27153087105e-06, 7.86410782894e-06, 8.00277302915e-06, 1.19739725051e-05, 6.81093251842e-06, 5.10781046614e-06, 3.87499039789e-06, 3.8856237552e-06, 2.26320548791e-06, 1.54914232553e-06, 1.1710178569e-06, 1.0389834415e-06, 7.36926665468e-07, 4.38583839468e-07, 3.24395642792e-07, 2.80022703691e-07, 2.23497636398e-07, 1.61230843787e-07, 1.22184530937e-07, 7.54549489557e-08, 5.23132186458e-08, 3.56606690843e-08, 2.78076264237e-08, 2.25963638911e-08],
        "min": [1.25435139597e-23, 2.69136432341e-23, 1.03476186558e-23, 1.16096738307e-23, 8.99891499909e-24, 6.10650915844e-24, 8.18478214591e-24, 1.70261584668e-23, 9.56737763372e-24, 7.50115055228e-24, 6.2778619744e-24, 9.05468430965e-24, 1.19787203171e-23, 2.33193641802e-23, 1.61737327275e-23, 9.29657115129e-24, 1.25384052965e-23, 8.3002256285e-24, 6.06548168605e-24, 1.01959128152e-23, 9.92341185949e-24, 1.27252517351e-23, 1.09596950433e-23, 1.80986874426e-23, 1.10280845507e-23, 8.39384606301e-24, 8.59584730843e-24, 1.13063970446e-23, 1.17389807549e-23, 1.23927989283e-23, 1.48739297695e-23, 9.97825583621e-24, 7.92841970665e-24, 8.88793804694e-24, 1.12757348101e-23, 9.25075410992e-24, 1.67138105691e-23, 1.18485535346e-23, 1.17987077806e-23, 1.05959710015e-23],
        "var": [5.11863511576e-08, 5.81301321745e-07, 2.33473059552e-07, 2.51482276781e-07, 7.14114548828e-07, 4.24570913538e-07, 1.07521850623e-06, 6.59723184526e-07, 4.65020264073e-07, 1.3948685762e-07, 1.29967801854e-07, 2.05699830502e-08, 6.97260702509e-08, 5.99983707161e-08, 2.97185778209e-08, 8.29840658412e-08, 3.2699706054e-08, 5.60952040374e-09, 6.71652022888e-09, 1.73776033563e-08, 2.42725151089e-09, 1.37368394437e-09, 2.54976573189e-09, 5.80421821716e-10, 1.34743061153e-09, 1.02130570667e-09, 2.0694569669e-10, 5.98952831776e-10, 6.42435132869e-11, 3.69553727897e-11, 1.56158939946e-11, 1.48072647893e-11, 9.18671042016e-12, 1.73759097388e-11, 1.0710437745e-11, 2.66351489475e-11, 5.08902859089e-12, 2.06162669401e-12, 3.24582309814e-12, 2.64368518396e-12]
    },
    "mfcc": {
        "mean": [-687.664611816, 149.434616089, -13.8266582489, 12.7261190414, -13.8489131927, -9.67146587372, -11.1045570374, -3.15613174438, -6.67556285858, -2.65812849998, -1.44415426254, 4.01012372971, 2.90353322029],
        "cov": [[11248.4111328, 360.156585693, -1287.41992188, 692.250488281, 393.703979492, 718.825317383, -10.4155683517, 241.489685059, 209.186050415, 249.637390137, 167.788742065, -39.7470550537, 54.1292686462], [360.156585693, 1400.55725098, -223.214889526, -0.375436097383, 113.702087402, 14.0511550903, 61.2488937378, -8.53506565094, -34.1966819763, -102.750785828, -16.2327384949, 45.5342140198, -14.5480165482], [-1287.41992188, -223.214889526, 701.654296875, -41.3618354797, -28.2560348511, -43.811050415, 53.3855056763, 45.7226753235, -6.9813580513, -26.1458873749, -3.53895115852, 42.3497543335, 8.86083889008], [692.250488281, -0.375436097383, -41.3618354797, 260.894622803, 126.836326599, 135.419616699, 55.0715751648, 65.5629806519, 45.8552017212, 12.0653028488, 29.9574813843, 14.8673772812, 17.3166236877], [393.703979492, 113.702087402, -28.2560348511, 126.836326599, 319.318878174, 193.085083008, 64.653503418, 77.2597122192, 62.8417205811, 16.6409549713, 40.247543335, 33.5813064575, 22.858215332], [718.825317383, 14.0511550903, -43.811050415, 135.419616699, 193.085083008, 395.130157471, 133.562606812, 106.95941925, 40.3287734985, 45.9042434692, 79.7995452881, 3.38279128075, -18.5976371765], [-10.4155683517, 61.2488937378, 53.3855056763, 55.0715751648, 64.653503418, 133.562606812, 220.548736572, 37.6415367126, 6.47701692581, -6.47284221649, 9.24715328217, 19.8803749084, 6.71801900864], [241.489685059, -8.53506565094, 45.7226753235, 65.5629806519, 77.2597122192, 106.95941925, 37.6415367126, 200.04486084, 13.3124647141, -3.66879320145, 53.6101760864, 28.5411510468, -4.67974567413], [209.186050415, -34.1966819763, -6.9813580513, 45.8552017212, 62.8417205811, 40.3287734985, 6.47701692581, 13.3124647141, 172.128067017, 39.9655342102, -11.5298070908, 10.1590604782, 37.5412330627], [249.637390137, -102.750785828, -26.1458873749, 12.0653028488, 16.6409549713, 45.9042434692, -6.47284221649, -3.66879320145, 39.9655342102, 190.788024902, 28.4985790253, -40.8251495361, -3.25488805771], [167.788742065, -16.2327384949, -3.53895115852, 29.9574813843, 40.247543335, 79.7995452881, 9.24715328217, 53.6101760864, -11.5298070908, 28.4985790253, 166.693161011, 30.873998642, -32.4582099915], [-39.7470550537, 45.5342140198, 42.3497543335, 14.8673772812, 33.5813064575, 3.38279128075, 19.8803749084, 28.5411510468, 10.1590604782, -40.8251495361, 30.873998642, 122.885276794, 42.143661499], [54.1292686462, -14.5480165482, 8.86083889008, 17.3166236877, 22.858215332, -18.5976371765, 6.71801900864, -4.67974567413, 37.5412330627, -3.25488805771, -32.4582099915, 42.143661499, 136.714645386]],
