{
"lowlevel": {
    "average_loudness": 0.82285875082,
    "barkbands_crest": {
        "dmean": 2.74463486671,
        "dmean2": 4.43362092972,
        "dvar": 5.77389431,
        "dvar2": 14.5992927551,
        "max": 24.693315506,
        "mean": 9.8807516098,
        "median": 9.01504898071,
        "min": 3.04278326035,
        "var": 14.421456337
    },
    "barkbands_flatness_db": {
        "dmean": 0.0212284084409,
        "dmean2": 0.0328033082187,
        "dvar": 0.000435247056885,
        "dvar2": 0.00101686746348,
        "max": 0.524854719639,
        "mean": 0.190288424492,
        "median": 0.193436354399,
        "min": 0.0191358420998,
        "var": 0.00351393921301
    },
    "barkbands_kurtosis": {
        "dmean": 2.49910235405,
        "dmean2": 4.05760717392,
        "dvar": 24.8344974518,
        "dvar2": 67.5106048584,
        "max": 196.324935913,
        "mean": 3.64722537994,
        "median": 2.04606890678,
        "min": -1.6930308342,
        "var": 42.3985404968
    },
    "barkbands_skewness": {
        "dmean": 0.504092931747,
        "dmean2": 0.798481464386,
        "dvar": 0.243326693773,
        "dvar2": 0.605402648449,
        "max": 9.67224121094,
        "mean": 1.19741773605,
        "median": 1.08030986786,
        "min": -2.65440678596,
        "var": 0.990503668785
    },
    "barkbands_spread": {
        "dmean": 3.2847597599,
        "dmean2": 5.25794410706,
        "dvar": 13.8830471039,
        "dvar2": 34.4629898071,
        "max": 119.937232971,
        "mean": 12.8636016846,
        "median": 11.4150466919,
        "min": 0.379953950644,
        "var": 51.7960014343
    },
    "dissonance": {
        "dmean": 0.0281574726105,
        "dmean2": 0.0478044748306,
        "dvar": 0.000609407550655,
        "dvar2": 0.00172887102235,
        "max": 0.500000119209,
        "mean": 0.444396823645,
        "median": 0.449806213379,
        "min": 0.217442333698,
        "var": 0.00116076925769
    },
    "dynamic_complexity": 2.39996910095,
    "erbbands_crest": {
        "dmean": 2.88505291939,
        "dmean2": 4.72019147873,
        "dvar": 6.7880859375,
        "dvar2": 17.8904705048,
        "max": 29.1576824188,
        "mean": 10.2150650024,
        "median": 9.50505447388,
        "min": 2.53017091751,
        "var": 15.5548763275
    },
    "erbbands_flatness_db": {
        "dmean": 0.0185115952045,
        "dmean2": 0.028579602018,
        "dvar": 0.000351879716618,
        "dvar2": 0.000806570111308,
        "max": 0.414581209421,
        "mean": 0.223136097193,
        "median": 0.235541701317,
        "min": 0.0315006487072,
        "var": 0.00346666225232
    },
    "erbbands_kurtosis": {
        "dmean": 1.45034468174,
        "dmean2": 2.34672522545,
        "dvar": 3.47571635246,
        "dvar2": 8.65396022797,
        "max": 36.1270027161,
        "mean": 1.80067491531,
        "median": 1.10012459755,
        "min": -1.72452092171,
        "var": 7.34735679626
    },
    "erbbands_skewness": {
        "dmean": 0.427650511265,
        "dmean2": 0.676349878311,
        "dvar": 0.145174965262,
        "dvar2": 0.363324612379,
        "max": 4.91960906982,
        "mean": 0.771649003029,
        "median": 0.748928189278,
        "min": -3.19002842903,
        "var": 0.545495808125
    },
    "erbbands_spread": {
        "dmean": 5.24638652802,
        "dmean2": 8.36813259125,
        "dvar": 30.4074077606,
        "dvar2": 75.9688949585,
        "max": 124.25227356,
        "mean": 21.7636985779,
        "median": 19.8713722229,
        "min": 1.67911744118,
        "var": 106.677505493
    },
    "hfc": {
        "dmean": 5.25105237961,
        "dmean2": 8.35680580139,
        "dvar": 70.3166503906,
        "dvar2": 180.254867554,
        "max": 206.63230896,
        "mean": 17.3683948517,
        "median": 14.726190567,
        "min": 1.14751457657e-16,
        "var": 157.481201172
    },
    "melbands_crest": {
        "dmean": 3.26317191124,
        "dmean2": 5.25449323654,
        "dvar": 9.0617275238,
        "dvar2": 21.5455245972,
        "max": 37.1240119934,
        "mean": 12.189040184,
        "median": 10.8426980972,
        "min": 1.38827896118,
        "var": 28.1850681305
    },
    "melbands_flatness_db": {
        "dmean": 0.0247410796583,
        "dmean2": 0.0379465781152,
        "dvar": 0.000597820559051,
        "dvar2": 0.00137295352761,
        "max": 0.687294065952,
        "mean": 0.268841087818,
        "median": 0.268614143133,
        "min": 0.00254258769564,
        "var": 0.00586656713858
    },
    "melbands_kurtosis": {
        "dmean": 3.93224477768,
        "dmean2": 6.4165225029,
        "dvar": 67.1061477661,
        "dvar2": 187.579727173,
        "max": 245.820739746,
        "mean": 6.25897121429,
        "median": 3.6116631031,
        "min": -1.76618158817,
        "var": 103.61933136
    },
    "melbands_skewness": {
        "dmean": 0.586453914642,
        "dmean2": 0.929779410362,
        "dvar": 0.386810153723,
        "dvar2": 0.990769743919,
        "max": 14.0725507736,
        "mean": 1.59323406219,
        "median": 1.41582083702,
        "min": -1.71494948864,
        "var": 1.2717679739
    },
    "melbands_spread": {
        "dmean": 4.16154670715,
        "dmean2": 6.70057535172,
        "dvar": 22.1488456726,
        "dvar2": 53.8074836731,
        "max": 151.161804199,
        "mean": 15.9779253006,
        "median": 13.7643146515,
        "min": 0.277810096741,
        "var": 164.877929688
    },
    "pitch_salience": {
        "dmean": 0.0746286138892,
        "dmean2": 0.121994107962,
        "dvar": 0.0038900715299,
        "dvar2": 0.0101334042847,
        "max": 0.840251386166,
        "mean": 0.566341519356,
        "median": 0.57813680172,
        "min": 0.0502062067389,
        "var": 0.0118935061619
    },
    "silence_rate_20dB": {
        "dmean": 0.00013600816601,
        "dmean2": 0.000272034812951,
        "dvar": 0.000135971960844,
        "dvar2": 0.000407907413319,
        "max": 1,
        "mean": 0.9999319911,
        "median": 1,
        "min": 0,
        "var": 6.79904042045e-05
    },
    "silence_rate_30dB": {
        "dmean": 0.0276096574962,
        "dmean2": 0.055223070085,
        "dvar": 0.0268480386585,
        "dvar2": 0.0576151870191,
        "max": 1,
        "mean": 0.965048253536,
        "median": 1,
        "min": 0,
        "var": 0.0337290503085
    },
    "silence_rate_60dB": {
        "dmean": 0.00190411426593,
        "dmean2": 0.00380848743953,
        "dvar": 0.00190067687072,
        "dvar2": 0.00501889176667,
        "max": 1,
        "mean": 0.0335917323828,
        "median": 0,
        "min": 0,
        "var": 0.0324642844498
    },
    "spectral_centroid": {
        "dmean": 135.968856812,
        "dmean2": 219.215179443,
        "dvar": 33863.6914062,
        "dvar2": 74098.140625,
        "max": 11185.2939453,
        "mean": 795.210388184,
        "median": 726.084960938,
        "min": 182.278076172,
        "var": 157259
    },
    "spectral_complexity": {
        "dmean": 2.57653856277,
        "dmean2": 4.30998373032,
        "dvar": 7.65976190567,
        "dvar2": 19.142370224,
        "max": 56,
        "mean": 16.26329422,
        "median": 16,
        "min": 0,
        "var": 30.2541332245
    },
    "spectral_decrease": {
        "dmean": 3.06388980853e-09,
        "dmean2": 4.69987559981e-09,
        "dvar": 2.32440978132e-17,
        "dvar2": 5.30831412141e-17,
        "max": 2.9890026678e-18,
        "mean": -8.92857698886e-09,
        "median": -6.95771040782e-09,
        "min": -8.68235616736e-08,
        "var": 5.77586737475e-17
    },
    "spectral_energy": {
        "dmean": 0.0119308829308,
        "dmean2": 0.0183082353324,
        "dvar": 0.000341772916727,
        "dvar2": 0.000782054616138,
        "max": 0.329414635897,
        "mean": 0.0352737046778,
        "median": 0.0276995990425,
        "min": 1.03248183227e-20,
        "var": 0.000861268141307
    },
    "spectral_energyband_high": {
        "dmean": 0.000136636939715,
        "dmean2": 0.000231699159485,
        "dvar": 2.80304789158e-07,
        "dvar2": 7.26265852791e-07,
        "max": 0.0123183242977,
        "mean": 0.000267912604613,
        "median": 5.953380969e-05,
        "min": 7.59043952195e-21,
        "var": 3.40187114034e-07
    },
    "spectral_energyband_low": {
        "dmean": 0.00717723369598,
        "dmean2": 0.0112037593499,
        "dvar": 0.000265749229584,
        "dvar2": 0.00059047434479,
        "max": 0.287977725267,
        "mean": 0.0117194261402,
        "median": 0.00481830630451,
        "min": 3.77555613443e-23,
        "var": 0.00047897209879
    },
    "spectral_energyband_middle_high": {
        "dmean": 0.00215876474977,
        "dmean2": 0.00347915082239,
        "dvar": 1.05417620944e-05,
        "dvar2": 2.69490410574e-05,
        "max": 0.0922503992915,
        "mean": 0.00505210552365,
        "median": 0.00389938475564,
        "min": 1.27362539781e-21,
        "var": 2.10492271435e-05
    },
    "spectral_energyband_middle_low": {
        "dmean": 0.0068617220968,
        "dmean2": 0.0105047561228,
        "dvar": 0.000107232139271,
        "dvar2": 0.000247371121077,
        "max": 0.298019230366,
        "mean": 0.0196025576442,
        "median": 0.0155125968158,
        "min": 4.79549882192e-22,
        "var": 0.000280208099866
    },
    "spectral_entropy": {
        "dmean": 0.161431953311,
        "dmean2": 0.251683145761,
        "dvar": 0.0274339336902,
        "dvar2": 0.0629918277264,
        "max": 9.79888343811,
        "mean": 7.09042882919,
        "median": 7.07553195953,
        "min": 4.93301582336,
        "var": 0.194458499551
    },
    "spectral_flux": {
        "dmean": 0.0249508582056,
        "dmean2": 0.0406440682709,
        "dvar": 0.0010110065341,
        "dvar2": 0.00234719202854,
        "max": 0.565597832203,
        "mean": 0.0932696014643,
        "median": 0.0831288695335,
        "min": 1.01611115355e-10,
        "var": 0.00226471852511
    },
    "spectral_kurtosis": {
        "dmean": 4.82546234131,
        "dmean2": 8.40935325623,
        "dvar": 40.4221153259,
        "dvar2": 115.206176758,
        "max": 167.022186279,
        "mean": 10.9052085876,
        "median": 7.31295728683,
        "min": -1.19501411915,
        "var": 170.736709595
    },
    "spectral_rms": {
        "dmean": 0.000895516888704,
        "dmean2": 0.00136470096186,
        "dvar": 1.01076545889e-06,
        "dvar2": 2.23938923227e-06,
        "max": 0.0179270785302,
        "mean": 0.00546508748084,
        "median": 0.0051984610036,
        "min": 3.17379802994e-12,
        "var": 4.54630526292e-06
    },
    "spectral_rolloff": {
        "dmean": 220.251693726,
        "dmean2": 379.96496582,
        "dvar": 154737.234375,
        "dvar2": 330530.53125,
        "max": 19659.8144531,
        "mean": 998.756896973,
        "median": 775.1953125,
        "min": 64.599609375,
        "var": 2821331
    },
    "spectral_skewness": {
        "dmean": 0.412027359009,
        "dmean2": 0.702667117119,
        "dvar": 0.184806317091,
        "dvar2": 0.52362382412,
        "max": 9.61802196503,
        "mean": 2.25683259964,
        "median": 2.06126308441,
        "min": -0.0105308014899,
        "var": 0.949325859547
    },
    "spectral_spread": {
        "dmean": 370791.9375,
        "dmean2": 596154.4375,
        "dvar": 306005147648,
        "dvar2": 580494557184,
        "max": 40704032,
        "mean": 3229461.25,
        "median": 2487632.75,
        "min": 551418.0625,
        "var": 2.98430365696e+12
    },
    "spectral_strongpeak": {
        "dmean": 0.670931398869,
        "dmean2": 1.12730777264,
        "dvar": 0.82475990057,
        "dvar2": 2.18469262123,
        "max": 13.4706087112,
        "mean": 1.23210978508,
        "median": 0.928343474865,
        "min": 0,
        "var": 1.34641993046
    },
    "zerocrossingrate": {
        "dmean": 0.00559894740582,
        "dmean2": 0.00724604865536,
        "dvar": 5.12976876053e-05,
        "dvar2": 7.07903018338e-05,
        "max": 0.52783203125,
        "mean": 0.0411413311958,
        "median": 0.03369140625,
        "min": 0.001953125,
        "var": 0.00206196703948
    },
    "barkbands": {
        "dmean": [0.000725600344595, 0.00516559043899, 0.00203276262619, 0.0018807555316, 0.00260982639156, 0.00161554245278, 0.00247046444565, 0.00152810616419, 0.00109358876944, 0.000538709864486, 0.000869960989803, 0.000605843844824, 0.000308684597258, 0.00031280569965, 0.000363301223842, 0.000203272487852, 8.64353423822e-05, 6.90848974045e-05, 4.30265463365e-05, 4.13511370425e-05, 2.9445049222e-05, 3.1751635106e-05, 2.10037724173e-05, 2.39506425714e-05, 1.80218121386e-05, 1.26035056383e-05, 9.71856661636e-06],
        "dmean2": [0.00115441402886, 0.00805245898664, 0.0035261712037, 0.00304206251167, 0.00430820137262, 0.00263422960415, 0.00335911987349, 0.00243980297819, 0.00166132173035, 0.000869832583703, 0.00138443207834, 0.000996688962914, 0.000521824578755, 0.000534619612154, 0.0006148875691, 0.000346727116266, 0.00014875413035, 0.000118947224109, 7.52007617848e-05, 7.17544680811e-05, 5.06070828123e-05, 5.41600311408e-05, 3.55324191332e-05, 4.10334578191e-05, 2.96175876429e-05, 2.14857591345e-05, 1.81323175639e-05],
        "dvar": [7.40988934922e-06, 0.000165969206137, 4.20880132879e-05, 3.52295319317e-05, 4.04215970775e-05, 9.48964407144e-06, 1.55386405822e-05, 1.07232053779e-05, 3.54709322892e-06, 8.56729116094e-07, 1.64244943335e-06, 1.78022185082e-06, 5.78118374506e-07, 1.52093764427e-06, 1.14533020223e-06, 8.24605422167e-07, 1.48864359062e-07, 4.12562641827e-08, 2.77484311084e-08, 1.1752643303e-08, 1.22340368947e-08, 1.81444992364e-08, 7.73511477092e-09, 1.09643965018e-08, 4.65868588151e-09, 2.87238477448e-09, 4.660102082e-09],
        "dvar2": [2.03569870791e-05, 0.000365452724509, 0.000107318090159, 8.0236728536e-05, 0.000105428349343, 2.28090157179e-05, 3.04123823298e-05, 2.72321212833e-05, 8.42781082611e-06, 2.03909780794e-06, 3.74248588741e-06, 4.48423043053e-06, 1.60541401328e-06, 4.15109025198e-06, 3.15007468998e-06, 2.28739077102e-06, 4.30078671343e-07, 1.13741627672e-07, 7.62692877743e-08, 3.15517070248e-08, 3.26350892976e-08, 4.87778812897e-08, 2.06457446694e-08, 2.84204002554e-08, 1.20422765093e-08, 7.75998554303e-09, 1.33887327891e-08],
        "max": [0.134226933122, 0.273710101843, 0.186803489923, 0.178801000118, 0.265790134668, 0.101903408766, 0.101378925145, 0.0784766376019, 0.0667022913694, 0.021945938468, 0.0253686495125, 0.0425994470716, 0.0293815527111, 0.0480052344501, 0.031140960753, 0.0261652991176, 0.0197811983526, 0.00503899203613, 0.00481587601826, 0.00314772804268, 0.00252724974416, 0.00481608090922, 0.0018058763817, 0.00203728675842, 0.00253379275091, 0.00112419563811, 0.00133913918398],
        "mean": [0.000854913552757, 0.00735047599301, 0.00225695222616, 0.00243374193087, 0.00400006910786, 0.00270696007647, 0.00573500338942, 0.00242841080762, 0.00210630334914, 0.00089562224457, 0.00132509146351, 0.000919011246879, 0.000433608336607, 0.000427928287536, 0.000554069818463, 0.000248601281783, 0.000126143379021, 0.000104090744571, 6.29866626696e-05, 6.70086010359e-05, 4.63922187919e-05, 4.80735579913e-05, 3.26167246385e-05, 3.66727290384e-05, 4.50916923e-05, 2.15839136217e-05, 6.42899794912e-06],
        "median": [0.000108985244879, 0.00250507937744, 0.000798623193987, 0.000654026051052, 0.00214028381743, 0.00149440090172, 0.00311385141686, 0.000821242807433, 0.00108392466791, 0.000544638081919, 0.000749014958274, 0.000380378973205, 0.000240361783653, 0.000140775038744, 0.000126699975226, 6.44746687612e-05, 5.82005013712e-05, 5.26117109985e-05, 2.8817114071e-05, 3.19256432704e-05, 1.24588423205e-05, 7.40350606065e-06, 2.78966717815e-06, 6.30694501069e-07, 1.45206200841e-07, 2.12745039363e-08, 2.0362701747e-08],
        "min": [1.41386893177e-23, 1.87191502104e-23, 8.75993984305e-24, 6.18851282726e-24, 1.45594024068e-22, 8.15123031389e-23, 3.53158007356e-23, 8.74464051688e-23, 9.05026605749e-23, 6.25367526239e-23, 6.11685712025e-23, 9.32403676366e-23, 2.9776368972e-23, 5.63047199182e-23, 1.26726250886e-22, 1.13467480688e-22, 1.87632144029e-22, 1.30599355982e-22, 2.46122456727e-22, 3.63239144854e-22, 5.08413911439e-22, 3.76091670618e-22, 5.318547176e-22, 7.81997588154e-22, 1.40712015099e-21, 1.76293029609e-21, 2.28998409457e-21],
        "var": [8.10312940303e-06, 0.000266939692665, 4.01753313781e-05, 5.18651686434e-05, 5.13235354447e-05, 1.68742099049e-05, 6.14108503214e-05, 1.96637010959e-05, 8.14245049696e-06, 1.53812163717e-06, 3.19569335261e-06, 3.20356161865e-06, 5.53556048999e-07, 1.54425856635e-06, 1.9157753286e-06, 8.3080846025e-07, 1.48193251448e-07, 4.28698925248e-08, 2.13366426749e-08, 1.28596715498e-08, 1.21992753677e-08, 1.89796942607e-08, 8.35912405961e-09, 1.21173151513e-08, 1.50672452293e-08, 4.90365259509e-09, 2.65973021385e-09]
    },
    "erbbands": {
        "dmean": [0.178186058998, 1.13051366806, 2.24898028374, 4.54226779938, 5.71603155136, 11.8380041122, 12.3211107254, 14.0412273407, 23.8990898132, 33.5957870483, 35.0314788818, 24.1650409698, 16.0919094086, 35.6621742249, 19.2151241302, 19.0512275696, 15.2841587067, 11.4628944397, 17.8601036072, 15.075469017, 10.7470817566, 5.3771481514, 4.08261966705, 2.18334579468, 2.26273465157, 1.81514966488, 1.20437526703, 1.23753798008, 1.2974922657, 0.730982422829, 0.584609627724, 0.533222138882, 0.37388381362, 0.210876554251, 0.135446697474, 0.0658108219504, 0.0162380002439, 0.00757007393986, 0.00161970336922, 0.0001152773184],
        "dmean2": [0.262789875269, 1.85375726223, 3.83099937439, 7.43499803543, 9.401927948, 19.6862125397, 20.6152038574, 22.9477806091, 34.2339248657, 46.7762870789, 54.8776741028, 37.5692405701, 25.472120285, 57.0561981201, 30.9901733398, 31.1527290344, 25.7527542114, 19.3997879028, 30.307510376, 25.5469932556, 18.3296279907, 9.24414634705, 7.03987026215, 3.76334667206, 3.98336100578, 3.15723204613, 2.07462739944, 2.12917733192, 2.24105119705, 1.2306073904, 0.990036249161, 0.912578701973, 0.634738147259, 0.348849236965, 0.220767378807, 0.107394218445, 0.0287362281233, 0.0140900984406, 0.00302103278227, 0.000209884761716],
        "dvar": [0.279391080141, 7.8749704361, 35.806022644, 217.600418091, 205.556427002, 993.028503418, 856.510009766, 598.478149414, 1840.52539062, 2530.13549805, 4822.03320312, 1573.66809082, 885.227050781, 2457.44775391, 1605.48632812, 1582.11694336, 1271.45068359, 1429.68054199, 3749.63427734, 1944.9765625, 2867.24047852, 579.519165039, 144.464477539, 48.000453949, 82.6828765869, 27.0977783203, 19.0666751862, 24.5482254028, 33.4274978638, 9.84512615204, 5.98343372345, 6.0825586319, 2.37515330315, 0.655294418335, 0.256351441145, 0.0580991059542, 0.00847325567156, 0.0026890411973, 0.000131008331664, 5.12543977038e-07],
        "dvar2": [0.498669445515, 20.2625179291, 92.0651092529, 501.351104736, 482.479095459, 2705.92626953, 2246.68237305, 1372.65966797, 3881.63330078, 5261.89160156, 12119.2001953, 3839.41748047, 2090.94848633, 5770.234375, 3757.82543945, 3965.08984375, 3513.54150391, 3766.48535156, 10614.2001953, 5380.24658203, 7993.50439453, 1681.84411621, 404.892974854, 129.066314697, 226.921661377, 72.96849823, 50.8450775146, 66.6019058228, 92.0907745361, 25.8562374115, 15.9752016068, 16.0012226105, 6.13386487961, 1.6899086237, 0.659520924091, 0.147243082523, 0.0235006455332, 0.00773185584694, 0.000376440060791, 1.46495847275e-06],
        "max": [10.1479473114, 52.091884613, 159.272949219, 454.963867188, 632.370483398, 1237.37194824, 863.299438477, 629.912780762, 1820.57348633, 1178.40441895, 1586.18676758, 1333.36486816, 1033.01489258, 1012.53985596, 1522.22277832, 1099.22729492, 1453.07336426, 1564.48278809, 1869.28833008, 1854.95605469, 1677.21496582, 1236.91003418, 263.744812012, 190.547668457, 297.589752197, 150.582641602, 117.809890747, 115.097885132, 210.768981934, 67.1981048584, 67.686920166, 53.0785903931, 30.9040145874, 23.2102165222, 15.8170852661, 8.32814502716, 1.75083267689, 0.974823892117, 0.231920942664, 0.0136181414127],
        "mean": [0.235105916858, 1.51962423325, 2.78433609009, 6.15769720078, 8.37813568115, 16.7893447876, 17.8547534943, 23.798576355, 55.3657684326, 77.8870544434, 62.6674613953, 45.2258148193, 30.9435443878, 56.5111122131, 33.0334815979, 30.9071731567, 22.6120624542, 17.4154109955, 27.0469341278, 22.758939743, 13.6888980865, 7.9599647522, 6.25594997406, 3.63563609123, 3.45129275322, 2.94939780235, 1.94690561295, 1.89350807667, 1.897788167, 1.13528513908, 0.918355047703, 0.77488976717, 0.617801129818, 0.454766213894, 0.341581374407, 0.157604932785, 0.0197228919715, 0.00539663666859, 0.00108760909643, 0.000110224180389],
        "median": [0.0506302304566, 0.582662701607, 1.17525625229, 1.97656154633, 3.84789466858, 8.362449646, 9.63264274597, 12.7456092834, 32.6061630249, 47.6561737061, 25.5330734253, 25.0111961365, 17.8512649536, 36.1578826904, 18.5218925476, 14.509344101, 13.1032991409, 8.80575752258, 8.39796066284, 7.1138048172, 4.26432037354, 3.69138789177, 3.30983638763, 1.80287277699, 1.57301688194, 1.32236194611, 0.613447606564, 0.434981703758, 0.298844367266, 0.144087746739, 0.0702780708671, 0.02394644171, 0.00703180208802, 0.00222718343139, 0.000702868564986, 0.000161802978255, 4.56134548585e-05, 8.39559470478e-06, 1.80760398507e-05, 3.48093453795e-05],
        "min": [8.50172436952e-22, 3.09504105886e-21, 1.00933168033e-20, 1.22511337534e-20, 9.86342247e-20, 5.50075779432e-19, 8.14895687987e-19, 8.40319446005e-19, 4.76768190114e-19, 9.85572051377e-19, 1.99973187831e-18, 1.89710254574e-18, 2.86309337086e-18, 2.39091903168e-18, 2.24013248461e-18, 3.46885531102e-18, 1.52046001928e-18, 2.95535688959e-18, 5.56155918826e-18, 5.79959695313e-18, 6.87008819337e-18, 1.14122668043e-17, 8.46598263842e-18, 9.68821809409e-18, 1.58889782056e-17, 1.37219957841e-17, 1.66768015646e-17, 2.31723812541e-17, 1.23017266723e-17, 1.36732219064e-17, 1.56831260383e-17, 1.5910853824e-17, 1.41795548758e-17, 1.46177438791e-17, 9.81213967602e-18, 6.61055159079e-18, 3.49355140859e-18, 1.25504898678e-18, 3.26707235541e-19, 3.12265366441e-20],
        "var": [0.49446156621, 9.70016002655, 38.120426178, 297.196289062, 349.231750488, 1032.6953125, 975.162902832, 1400.22619629, 6006.35107422, 9188.98925781, 9744.86035156, 3190.96679688, 1769.44335938, 4615.45800781, 2812.84008789, 3007.38696289, 1277.96948242, 1477.46203613, 4635.72851562, 2667.99194336, 2839.06152344, 571.742797852, 152.666702271, 45.3359375, 63.9613761902, 28.1051502228, 18.7840232849, 23.3990974426, 33.4905815125, 9.90402698517, 6.75004768372, 6.00743818283, 3.20626330376, 1.54768872261, 0.95495724678, 0.241352498531, 0.00628816895187, 0.00154319009744, 7.46949881432e-05, 3.01041666262e-07]
    },
    "gfcc": {
        "mean": [-45.0325813293, 161.195587158, -129.928649902, 14.5160121918, -55.9352378845, 0.753014087677, -19.7050552368, -4.45870304108, -6.43678188324, -3.0582253933, -5.55638742447, -3.74983286858, -4.47000074387],
        "cov": [[13901.5966797, -771.086242676, -271.568023682, 217.684890747, -883.050292969, 351.879364014, -961.55859375, 373.196563721, -404.479492188, 266.609161377, -479.460266113, -74.5069961548, -234.565673828], [-771.086242676, 2848.38305664, -949.958984375, 201.602554321, 381.556335449, -707.35760498, 901.669677734, -548.537719727, 434.85836792, -380.67010498, 360.503662109, -123.012298584, 96.7833404541], [-271.568023682, -949.958984375, 1116.75866699, -237.215393066, 8.09205532074, 395.75680542, -439.176971436, 331.942016602, -250.378646851, 206.827316284, -133.438095093, 100.537490845, -16.6528339386], [217.684890747, 201.602554321, -237.215393066, 379.137207031, 21.7720851898, -75.5921936035, 171.590332031, -106.766387939, 91.5214614868, -78.1103973389, 50.8090896606, -7.82609653473, -7.57717657089], [-883.050292969, 381.556335449, 8.09205532074, 21.7720851898, 297.606140137, -63.4274902344, 181.448944092, -51.3068885803, 55.9165649414, -31.3511142731, 59.9696273804, 8.97707366943, 28.6600856781], [351.879364014, -707.35760498, 395.75680542, -75.5921936035, -63.4274902344, 474.782928467, -342.925292969, 215.20791626, -129.581268311, 123.79196167, -85.780380249, 62.9831123352, 23.8683204651], [-961.55859375, 901.669677734, -439.176971436, 171.590332031, 181.448944092, -342.925292969, 587.89642334, -224.368835449, 215.320907593, -149.799728394, 152.932754517, -42.1863937378, 8.77202224731], [373.196563721, -548.537719727, 331.942016602, -106.766387939, -51.3068885803, 215.20791626, -224.368835449, 282.370727539, -104.002822876, 127.318885803, -70.5930099487, 29.9021377563, -8.04348087311], [-404.479492188, 434.85836792, -250.378646851, 91.5214614868, 55.9165649414, -129.581268311, 215.320907593, -104.002822876, 213.434677124, -60.9250411987, 89.4641876221, -21.3886585236, 17.9238452911], [266.609161377, -380.67010498, 206.827316284, -78.1103973389, -31.3511142731, 123.79196167, -149.799728394, 127.318885803, -60.9250411987, 184.626876831, -62.9659919739, 15.2816095352, -2.47591495514], [-479.460266113, 360.503662109, -133.438095093, 50.8090896606, 59.9696273804, -85.780380249, 152.932754517, -70.5930099487, 89.4641876221, -62.9659919739, 161.521575928, 14.900970459, 9.63465118408], [-74.5069961548, -123.012298584, 100.537490845, -7.82609653473, 8.97707366943, 62.9831123352, -42.1863937378, 29.9021377563, -21.3886585236, 15.2816095352, 14.900970459, 99.8310241699, 19.5306377411], [-234.565673828, 96.7833404541, -16.6528339386, -7.57717657089, 28.6600856781, 23.8683204651, 8.77202224731, -8.04348087311, 17.9238452911, -2.47591495514, 9.63465118408, 19.5306377411, 88.0217666626]],
        "icov": [[0.000145616882946, -0.000223376715439, 0.000164001772646, -0.000239033135585, 0.000322010862874, -5.40004366485e-05, 0.000279813684756, -0.000279050931567, 0.000198724170332, -0.000217788227019, 0.000404139223974, -0.000217531429371, 0.000457959366031], [-0.000223376715439, 0.00153801823035, -0.00013598059013, 0.000684119353537, -0.00114212813787, 0.000602130836342, -0.000867189955898, 0.00104171363637, -0.000722689728718, 0.000996622140519, -0.00162288174033, 0.00124780868646, -0.0017870333977], [0.000164001772646, -0.00013598059013, 0.00223426474258, 0.000180698960321, -0.000629704445601, -0.000507512362674, 0.000751737621613, -0.00121709413361, 0.00101226812694, -0.000627308036201, 0.000537262763828, -0.00121802510694, 0.00116901041474], [-0.000239033135585, 0.000684119353537, 0.000180698960321, 0.00393036892638, -0.000514631683473, -0.000581130967475, -0.0013881920604, 0.00116334890481, -0.000981079298072, 0.00103480601683, -0.00066507793963, 2.88852188532e-05, -0.000151610089233], [0.000322010862874, -0.00114212813787, -0.000629704445601, -0.000514631683473, 0.00598176987842, -0.000682402518578, -0.00128082069568, -0.000489110941999, 0.000754965585656, -0.000940984697081, 0.000851485587191, -0.000936766737141, 0.000205256641493], [-5.40004366485e-05, 0.000602130836342, -0.000507512362674, -0.000581130967475, -0.000682402518578, 0.00509471539408, 0.00180884834845, -0.00136145448778, -0.000450609630207, 0.000167164762388, -0.000606768531725, -0.000422627432272, -0.00215934868902], [0.000279813684756, -0.000867189955898, 0.000751737621613, -0.0013881920604, -0.00128082069568, 0.00180884834845, 0.00614469265565, -0.000610812159721, -0.00144544569775, -9.1995105322e-05, -9.50018147705e-05, -0.000527256168425, 0.00139939447399], [-0.000279050931567, 0.00104171363637, -0.00121709413361, 0.00116334890481, -0.000489110941999, -0.00136145448778, -0.000610812159721, 0.00848519336432, -0.000294214522, -0.00176784512587, -0.00135892198887, 0.00104836840183, -0.000728154671378], [0.000198724170332, -0.000722689728718, 0.00101226812694, -0.000981079298072, 0.000754965585656, -0.000450609630207, -0.00144544569775, -0.000294214522, 0.0093690128997, -0.00138397631235, -0.00167274137493, 0.000408012419939, -0.000429387029726], [-0.000217788227019, 0.000996622140519, -0.000627308036201, 0.00103480601683, -0.000940984697081, 0.000167164762388, -9.1995105322e-05, -0.00176784512587, -0.00138397631235, 0.00943838618696, 0.000496188993566, 0.000678260112181, -0.00125462305732], [0.000404139223974, -0.00162288174033, 0.000537262763828, -0.00066507793963, 0.000851485587191, -0.000606768531725, -9.50018147705e-05, -0.00135892198887, -0.00167274137493, 0.000496188993566, 0.0118843112141, -0.00435426505283, 0.00269825616851], [-0.000217531429371, 0.00124780868646, -0.00121802510694, 2.88852188532e-05, -0.000936766737141, -0.000422627432272, -0.000527256168425, 0.00104836840183, 0.000408012419939, 0.000678260112181, -0.00435426505283, 0.0139068746939, -0.00428480934352], [0.000457959366031, -0.0017870333977, 0.00116901041474, -0.000151610089233, 0.000205256641493, -0.00215934868902, 0.00139939447399, -0.000728154671378, -0.000429387029726, -0.00125462305732, 0.00269825616851, -0.00428480934352, 0.0157744884491]]
    },
    "melbands": {
        "dmean": [0.00147744128481, 0.00124240841251, 0.000776667089667, 0.000596063502599, 0.000436376169091, 0.000307805137709, 0.000434059998952, 0.000367388303857, 0.000274651130894, 0.000153330998728, 8.16155588836e-05, 0.000137977302074, 7.59393151384e-05, 6.45730906399e-05, 4.59823386336e-05, 3.47132845491e-05, 2.21231421165e-05, 3.08989801852e-05, 3.31305600412e-05, 1.45822214108e-05, 1.10455694085e-05, 6.3178590608e-06, 3.99677901441e-06, 2.85938585876e-06, 1.79803407718e-06, 1.70458815774e-06, 1.74179854184e-06, 1.24889004383e-06, 8.5051408405e-07, 6.54142809253e-07, 7.83730001785e-07, 8.80098525613e-07, 5.02556929405e-07, 4.10825407471e-07, 3.62725472769e-07, 2.96546147638e-07, 3.77926966166e-07, 3.14868742635e-07, 2.13344378608e-07, 1.76400874352e-07],
        "dmean2": [0.0022528511472, 0.0020653908141, 0.00126622174866, 0.000973860034719, 0.000729513703845, 0.000501769420225, 0.000601693755016, 0.000525743816979, 0.000425727106631, 0.000238154214458, 0.000129579944769, 0.000220885718591, 0.000121632772789, 0.000105352111859, 7.63491188991e-05, 5.9136418713e-05, 3.72725298803e-05, 5.26493531652e-05, 5.61373308301e-05, 2.48688775173e-05, 1.88760768651e-05, 1.09050279207e-05, 6.91228569849e-06, 4.92636308991e-06, 3.10556447403e-06, 2.99840780826e-06, 3.04128843709e-06, 2.18053673962e-06, 1.46418233271e-06, 1.12510497274e-06, 1.35340860652e-06, 1.53018629589e-06, 8.457065519e-07, 6.98106305208e-07, 6.15170279161e-07, 5.03912872318e-07, 6.50226297694e-07, 5.41786903341e-07, 3.56833993465e-07, 2.92454814144e-07],
        "dvar": [1.57778376888e-05, 8.89708735485e-06, 5.40340943189e-06, 1.70548435108e-06, 1.23840732158e-06, 3.09164448709e-07, 5.07718425524e-07, 3.06102606373e-07, 2.73596583611e-07, 6.88343035904e-08, 2.42756090785e-08, 3.59212890544e-08, 1.5942859477e-08, 2.5633388745e-08, 1.01789403573e-08, 7.59831486619e-09, 6.58495968864e-09, 1.43373615202e-08, 8.78735484378e-09, 3.24065818624e-09, 3.18805337685e-09, 1.15633758124e-09, 1.44932676971e-10, 6.4475619288e-11, 3.15833054154e-11, 4.81543381559e-11, 3.03144558067e-11, 1.12795398022e-11, 8.65649999598e-12, 5.38605401598e-12, 1.02557172824e-11, 1.53934764241e-11, 4.26127579403e-12, 3.24495638693e-12, 2.28587157883e-12, 1.57545190001e-12, 2.95560559534e-12, 1.83279585085e-12, 6.00058631256e-13, 4.74472620481e-13],
        "dvar2": [3.17882550007e-05, 2.27329273912e-05, 1.22245855891e-05, 4.20077049057e-06, 3.37426899932e-06, 7.06736898337e-07, 1.02080809938e-06, 6.93179856626e-07, 6.72098735777e-07, 1.67831231579e-07, 5.7139722287e-08, 8.48970103107e-08, 3.64369370232e-08, 6.3953528695e-08, 2.65612083439e-08, 2.10459685235e-08, 1.71601968191e-08, 4.10029450393e-08, 2.44820359541e-08, 8.92458373869e-09, 8.90804141562e-09, 3.36591488015e-09, 4.0910153043e-10, 1.7308984801e-10, 8.58286844374e-11, 1.33007951875e-10, 8.28831447919e-11, 3.08143024985e-11, 2.32381180271e-11, 1.43095023677e-11, 2.80543869385e-11, 4.29073027108e-11, 1.12275119757e-11, 8.72793330664e-12, 6.10886471616e-12, 4.16235839198e-12, 7.84588193026e-12, 4.82129136961e-12, 1.59524639592e-12, 1.21966434348e-12],
        "max": [0.0844826325774, 0.0597541630268, 0.0678988695145, 0.0448422543705, 0.0421930067241, 0.01816999726, 0.0236283615232, 0.0136495502666, 0.0104284351692, 0.0102698337287, 0.00517999241129, 0.00376008520834, 0.00422729039565, 0.00494463415816, 0.00231204554439, 0.00297940056771, 0.00349177187309, 0.00403866916895, 0.00292724999599, 0.00203370512463, 0.0017718707677, 0.00179999286775, 0.00026960807736, 0.00021309623844, 0.000142620381666, 0.000209188350709, 0.000179608890903, 8.13082660898e-05, 7.69564212533e-05, 5.05089883518e-05, 7.47010490159e-05, 0.000149163039168, 4.96068387292e-05, 4.58200338471e-05, 3.90124914702e-05, 2.678722376e-05, 3.71976930182e-05, 2.62884459516e-05, 2.81678530882e-05, 1.85395147128e-05],
        "mean": [0.00210050144233, 0.00170598353725, 0.00109435908962, 0.000905848690309, 0.000650970730931, 0.000524793809745, 0.00102235865779, 0.000816668267362, 0.000489926198497, 0.000278635649011, 0.000145687590702, 0.000219268622459, 0.000125842008856, 0.000101368917967, 6.39293793938e-05, 4.60390765511e-05, 3.09797906084e-05, 4.20863652835e-05, 5.0171805924e-05, 1.81059094757e-05, 1.36132312036e-05, 8.66765458341e-06, 5.94198490944e-06, 4.44490660811e-06, 2.77845310848e-06, 2.41942416324e-06, 2.54611336459e-06, 1.8584424879e-06, 1.29819500216e-06, 1.00059139641e-06, 1.11572808237e-06, 1.19605238069e-06, 7.38210189866e-07, 5.93256515913e-07, 5.4062121535e-07, 4.54721345022e-07, 4.94074015478e-07, 4.49189940355e-07, 4.05757845101e-07, 3.59936535688e-07],
        "median": [0.00062974949833, 0.000748104066588, 0.000385432969779, 0.00046842530719, 0.000371891452232, 0.000282400578726, 0.000588854774833, 0.00049798656255, 0.000182179472176, 0.000146048754686, 7.58700480219e-05, 0.000141154305311, 7.69138860051e-05, 3.75599156541e-05, 2.7609654353e-05, 2.25719031732e-05, 1.31601973408e-05, 1.19022552099e-05, 1.09728634925e-05, 5.24399183632e-06, 3.97942949348e-06, 3.47112086274e-06, 3.14154658554e-06, 2.26090378419e-06, 1.26293389258e-06, 1.04184607608e-06, 1.19591197745e-06, 6.83279836267e-07, 3.86598514979e-07, 2.6254963359e-07, 2.2146043932e-07, 1.70353985141e-07, 1.01868835145e-07, 6.47578417556e-08, 4.11829432778e-08, 1.93117060121e-08, 9.50833811686e-09, 3.83161991024e-09, 2.33139552108e-09, 1.37107236675e-09],
        "min": [7.1341495822e-24, 5.01099790341e-24, 3.98052270799e-24, 2.05168774387e-23, 3.10706215048e-23, 1.65987252293e-23, 7.93768724457e-24, 1.1799624437e-23, 1.61339252285e-23, 1.28383617671e-23, 1.37785206719e-23, 9.03043551428e-24, 7.49206918554e-24, 1.05490818981e-23, 5.52846501926e-24, 4.06172804957e-24, 5.06543403904e-24, 7.79187025054e-24, 8.5056071429e-24, 7.98156132153e-24, 7.65665791367e-24, 1.08834942353e-23, 1.00461136513e-23, 6.06448456587e-24, 7.70521703555e-24, 1.05306548962e-23, 1.23513119445e-23, 8.51618024561e-24, 9.92776637169e-24, 1.20823403525e-23, 1.49531424484e-23, 7.45563643349e-24, 4.76726749383e-24, 8.26381338684e-24, 8.98771632968e-24, 9.597060103e-24, 9.26193700211e-24, 8.56913095615e-24, 1.18731486399e-23, 1.32735140085e-23],
        "var": [2.6746893127e-05, 1.08213434942e-05, 8.07210926723e-06, 2.58523846242e-06, 1.27224461721e-06, 7.10390224867e-07, 1.87930265838e-06, 9.44473072195e-07, 6.20603316293e-07, 1.34535241614e-07, 4.76988297748e-08, 6.75146480944e-08, 2.85268004774e-08, 4.97039778224e-08, 1.40280063121e-08, 7.42606953708e-09, 6.68192123854e-09, 1.54818078357e-08, 1.53418415749e-08, 3.30078320232e-09, 3.15053760858e-09, 1.12451636891e-09, 1.44696504778e-10, 6.77082764855e-11, 2.94005896018e-11, 3.57623271274e-11, 2.67068069049e-11, 1.25225038672e-11, 8.6426941992e-12, 5.6857105829e-12, 9.50254892135e-12, 1.45873885887e-11, 4.76697631022e-12, 3.23590199774e-12, 2.52622944265e-12, 1.85249905693e-12, 2.7690677442e-12, 2.03711440078e-12, 1.33760526527e-12, 1.07127696471e-12]
    },
    "mfcc": {
        "mean": [-676.815185547, 184.477630615, -10.6610813141, 17.5966911316, -12.0773696899, 5.99321651459, -5.19065666199, 2.52665019035, -0.602761507034, 2.06323432922, 1.71482825279, 0.66875487566, 4.67856931686],
        "cov": [[6672.12792969, -547.610229492, -9.34881591797, -198.18963623, 95.0278625488, -142.083282471, -231.796890259, -151.694442749, 18.5688076019, 60.8949813843, -36.179271698, -33.5314788818, -87.2416305542], [-547.610229492, 1835.32861328, -608.147888184, 481.285491943, -296.437957764, 67.9944076538, 79.6634140015, 94.8302764893, -20.0654010773, 5.88488721848, 65.7272033691, 24.9739875793, 60.2027549744], [-9.34881591797, -608.147888184, 789.154785156, -328.814605713, 301.898986816, -41.6039962769, 13.3403749466, -42.4463806152, 31.1278247833, -30.2864303589, -15.054772377, 18.0833492279, -43.169216156], [-198.18963623, 481.285491943, -328.814605713, 513.386962891, -200.605422974, 61.6926231384, 40.4530487061, 71.8597183228, -19.3364028931, -0.171613574028, 41.3163604736, 21.1476268768, 32.840927124], [95.0278625488, -296.437957764, 301.898986816, -200.605422974, 327.62512207, 11.1320934296, 23.1793498993, -23.2455406189, 25.6556987762, -15.7599945068, -15.7635984421, 0.410389602184, -9.23881816864], [-142.083282471, 67.9944076538, -41.6039962769, 61.6926231384, 11.1320934296, 180.623275757, 10.5538368225, 42.2345466614, 7.54461526871, -10.6039562225, 5.68104505539, -6.21794176102, 13.2187681198], [-231.796890259, 79.6634140015, 13.3403749466, 40.4530487061, 23.1793498993, 10.5538368225, 144.835723877, 26.5936012268, 16.1982135773, -1.1968665123, 12.2366065979, 15.042927742, 6.70337152481], [-151.694442749, 94.8302764893, -42.4463806152, 71.8597183228, -23.2455406189, 42.2345466614, 26.5936012268, 144.861679077, -6.25723171234, -7.36976242065, 8.34980106354, 16.3469791412, 32.2005271912], [18.5688076019, -20.0654010773, 31.1278247833, -19.3364028931, 25.6556987762, 7.54461526871, 16.1982135773, -6.25723171234, 109.114723206, 32.2695503235, 4.89023065567, -7.47823905945, -15.8552970886], [60.8949813843, 5.88488721848, -30.2864303589, -0.171613574028, -15.7599945068, -10.6039562225, -1.1968665123, -7.36976242065, 32.2695503235, 112.637329102, 20.9599838257, -1.14404499531, -5.19119358063], [-36.179271698, 65.7272033691, -15.054772377, 41.3163604736, -15.7635984421, 5.68104505539, 12.2366065979, 8.34980106354, 4.89023065567, 20.9599838257, 97.0268707275, 25.171459198, 2.13510227203], [-33.5314788818, 24.9739875793, 18.0833492279, 21.1476268768, 0.410389602184, -6.21794176102, 15.042927742, 16.3469791412, -7.47823905945, -1.14404499531, 25.171459198, 86.4689559937, 28.4518928528], [-87.2416305542, 60.2027549744, -43.169216156, 32.840927124, -9.23881816864, 13.2187681198, 6.70337152481, 32.2005271912, -15.8552970886, -5.19119358063, 2.13510227203, 28.4518928528, 102.321273804]],
