{
"lowlevel": {
    "average_loudness": 0.544067978859,
    "barkbands_crest": {
        "dmean": 1.67226672173,
        "dmean2": 2.59240841866,
        "dvar": 3.24114060402,
        "dvar2": 8.81329631805,
        "max": 24.6486549377,
        "mean": 12.8894929886,
        "median": 12.4101104736,
        "min": 3.91924643517,
        "var": 16.1916770935
    },
    "barkbands_flatness_db": {
        "dmean": 0.0142532214522,
        "dmean2": 0.0218640696257,
        "dvar": 0.000222410686547,
        "dvar2": 0.000525568088051,
        "max": 0.493605881929,
        "mean": 0.294507920742,
        "median": 0.292883515358,
        "min": 0.0185413621366,
        "var": 0.00263260491192
    },
    "barkbands_kurtosis": {
        "dmean": 1.84615850449,
        "dmean2": 2.75478959084,
        "dvar": 6.02753829956,
        "dvar2": 13.5314788818,
        "max": 95.7933425903,
        "mean": 5.98347330093,
        "median": 4.74868822098,
        "min": -1.91751432419,
        "var": 33.981338501
    },
    "barkbands_skewness": {
        "dmean": 0.3399297297,
        "dmean2": 0.519710421562,
        "dvar": 0.130340144038,
        "dvar2": 0.319165527821,
        "max": 7.22758817673,
        "mean": 1.67932629585,
        "median": 1.67197489738,
        "min": -3.70542240143,
        "var": 0.813544631004
    },
    "barkbands_spread": {
        "dmean": 0.884068489075,
        "dmean2": 1.35148561001,
        "dvar": 1.63021743298,
        "dvar2": 3.82104539871,
        "max": 69.7048950195,
        "mean": 4.77918624878,
        "median": 4.11374044418,
        "min": 0.33625587821,
        "var": 10.4747276306
    },
    "dissonance": {
        "dmean": 0.0294105112553,
        "dmean2": 0.0489140041173,
        "dvar": 0.000763354997616,
        "dvar2": 0.00204195664264,
        "max": 0.499999016523,
        "mean": 0.392711222172,
        "median": 0.400263279676,
        "min": 0.112987317145,
        "var": 0.0032725923229
    },
    "dynamic_complexity": 3.79906487465,
    "erbbands_crest": {
        "dmean": 1.83220005035,
        "dmean2": 2.77291917801,
        "dvar": 4.13721323013,
        "dvar2": 10.2183885574,
        "max": 30.9032173157,
        "mean": 12.0080699921,
        "median": 10.8554582596,
        "min": 2.74244713783,
        "var": 25.1675071716
    },
    "erbbands_flatness_db": {
        "dmean": 0.0102805653587,
        "dmean2": 0.0152709316462,
        "dvar": 0.000125022561406,
        "dvar2": 0.000284664885839,
        "max": 0.500075757504,
        "mean": 0.315513551235,
        "median": 0.313420951366,
        "min": 0.0629539638758,
        "var": 0.00190697424114
    },
    "erbbands_kurtosis": {
        "dmean": 0.866797208786,
        "dmean2": 1.30074667931,
        "dvar": 1.80879747868,
        "dvar2": 4.47376728058,
        "max": 91.4592895508,
        "mean": 1.5663741827,
        "median": 0.583721637726,
        "min": -1.78698480129,
        "var": 14.4488105774
    },
    "erbbands_skewness": {
        "dmean": 0.253400951624,
        "dmean2": 0.371033072472,
        "dvar": 0.0868732705712,
        "dvar2": 0.192446932197,
        "max": 5.37973737717,
        "mean": 0.909883737564,
        "median": 0.87974858284,
        "min": -4.46435642242,
        "var": 0.518262147903
    },
    "erbbands_spread": {
        "dmean": 1.93151032925,
        "dmean2": 2.90374231339,
        "dvar": 4.52660703659,
        "dvar2": 10.6552667618,
        "max": 66.5691452026,
        "mean": 14.0129365921,
        "median": 13.7076845169,
        "min": 1.16047096252,
        "var": 31.9269447327
    },
    "hfc": {
        "dmean": 2.25630688667,
        "dmean2": 3.03070807457,
        "dvar": 31.3431339264,
        "dvar2": 61.975528717,
        "max": 195.910919189,
        "mean": 9.83736228943,
        "median": 7.73586845398,
        "min": 1.09293210432e-16,
        "var": 96.4251708984
    },
    "melbands_crest": {
        "dmean": 1.98265194893,
        "dmean2": 3.03625273705,
        "dvar": 4.09732961655,
        "dvar2": 10.500459671,
        "max": 33.7198066711,
        "mean": 15.5651330948,
        "median": 14.8794612885,
        "min": 1.59639513493,
        "var": 27.8238868713
    },
    "melbands_flatness_db": {
        "dmean": 0.0158639289439,
        "dmean2": 0.0236286073923,
        "dvar": 0.00033327791607,
        "dvar2": 0.000748233345803,
        "max": 0.626262068748,
        "mean": 0.399815738201,
        "median": 0.397909343243,
        "min": 0.00311924191192,
        "var": 0.00448096217588
    },
    "melbands_kurtosis": {
        "dmean": 2.26176404953,
        "dmean2": 3.31795978546,
        "dvar": 9.19666957855,
        "dvar2": 20.3691635132,
        "max": 154.368240356,
        "mean": 7.8310174942,
        "median": 6.26425743103,
        "min": -1.80546581745,
        "var": 53.2513122559
    },
    "melbands_skewness": {
        "dmean": 0.331057220697,
        "dmean2": 0.48928964138,
        "dvar": 0.120726108551,
        "dvar2": 0.283489406109,
        "max": 9.30545043945,
        "mean": 1.95716881752,
        "median": 1.91888976097,
        "min": -2.82415533066,
        "var": 0.87886762619
    },
    "melbands_spread": {
        "dmean": 1.30697035789,
        "dmean2": 1.99699473381,
        "dvar": 5.88753986359,
        "dvar2": 12.9892692566,
        "max": 157.017883301,
        "mean": 7.47205591202,
        "median": 5.50205230713,
        "min": 0.371591866016,
        "var": 155.410736084
    },
    "pitch_salience": {
        "dmean": 0.0467051006854,
        "dmean2": 0.0729784816504,
        "dvar": 0.00222642347217,
        "dvar2": 0.00570513075218,
        "max": 0.855871498585,
        "mean": 0.54891961813,
        "median": 0.551278591156,
        "min": 0.0777057558298,
        "var": 0.0123677914962
    },
    "silence_rate_20dB": {
        "dmean": 0,
        "dmean2": 0,
        "dvar": 0,
        "dvar2": 0,
        "max": 1,
        "mean": 1,
        "median": 1,
        "min": 1,
        "var": 0
    },
    "silence_rate_30dB": {
        "dmean": 0.00395742338151,
        "dmean2": 0.00791538693011,
        "dvar": 0.00394147261977,
        "dvar2": 0.00894340779632,
        "max": 1,
        "mean": 0.994610071182,
        "median": 1,
        "min": 0,
        "var": 0.00536183360964
    },
    "silence_rate_60dB": {
        "dmean": 0.00750545831397,
        "dmean2": 0.0150119410828,
        "dvar": 0.00744776520878,
        "dvar2": 0.0161534510553,
        "max": 1,
        "mean": 0.0931977927685,
        "median": 0,
        "min": 0,
        "var": 0.0845076739788
    },
    "spectral_centroid": {
        "dmean": 40.9749717712,
        "dmean2": 61.605052948,
        "dvar": 16218.4628906,
        "dvar2": 25407.7480469,
        "max": 11690.5175781,
        "mean": 524.102600098,
        "median": 405.446014404,
        "min": 171.053161621,
        "var": 1046910.9375
    },
    "spectral_complexity": {
        "dmean": 1.3625818491,
        "dmean2": 2.18955993652,
        "dvar": 2.10640525818,
        "dvar2": 4.50854730606,
        "max": 26,
        "mean": 11.2202358246,
        "median": 12,
        "min": 0,
        "var": 18.9083843231
    },
    "spectral_decrease": {
        "dmean": 1.29160970808e-09,
        "dmean2": 1.85892023996e-09,
        "dvar": 4.14783762464e-18,
        "dvar2": 9.32211870832e-18,
        "max": 2.05564373355e-28,
        "mean": -6.36924424313e-09,
        "median": -5.31328803177e-09,
        "min": -5.34524140505e-08,
        "var": 2.58638929641e-17
    },
    "spectral_energy": {
        "dmean": 0.00506900018081,
        "dmean2": 0.00727580767125,
        "dvar": 6.56779957353e-05,
        "dvar2": 0.000146148406202,
        "max": 0.206662788987,
        "mean": 0.0249310899526,
        "median": 0.0207468662411,
        "min": 1.00620745793e-20,
        "var": 0.000398082222091
    },
    "spectral_energyband_high": {
        "dmean": 1.5087302927e-06,
        "dmean2": 2.19269463742e-06,
        "dvar": 5.91413931716e-11,
        "dvar2": 1.26535698586e-10,
        "max": 0.000256141123828,
        "mean": 2.90020898319e-06,
        "median": 1.30131195419e-06,
        "min": 6.81988362286e-21,
        "var": 7.70106339809e-11
    },
    "spectral_energyband_low": {
        "dmean": 0.000633738585748,
        "dmean2": 0.00094874529168,
        "dvar": 1.61866773851e-06,
        "dvar2": 4.05541140935e-06,
        "max": 0.0609639212489,
        "mean": 0.00240265787579,
        "median": 0.000898922909983,
        "min": 1.24939450959e-23,
        "var": 1.5774026906e-05
    },
    "spectral_energyband_middle_high": {
        "dmean": 0.000849219271913,
        "dmean2": 0.0011714627035,
        "dvar": 1.26779314087e-05,
        "dvar2": 2.76977843896e-05,
        "max": 0.121154084802,
        "mean": 0.0021185730584,
        "median": 0.00125941436272,
        "min": 1.07969627574e-21,
        "var": 2.1028379706e-05
    },
    "spectral_energyband_middle_low": {
        "dmean": 0.00449660047889,
        "dmean2": 0.00654318416491,
        "dvar": 4.74926928291e-05,
        "dvar2": 0.000111957371701,
        "max": 0.180199369788,
        "mean": 0.0216009616852,
        "median": 0.0177001710981,
        "min": 1.5698638723e-22,
        "var": 0.000314785109367
    },
    "spectral_entropy": {
        "dmean": 0.127089485526,
        "dmean2": 0.191860750318,
        "dvar": 0.0242148432881,
        "dvar2": 0.0549634955823,
        "max": 9.81933689117,
        "mean": 5.92979335785,
        "median": 5.92490720749,
        "min": 4.01269865036,
        "var": 0.305422365665
    },
    "spectral_flux": {
        "dmean": 0.0141050936654,
        "dmean2": 0.0224469285458,
        "dvar": 0.000443420489319,
        "dvar2": 0.0010543318931,
        "max": 0.296587258577,
        "mean": 0.0407001562417,
        "median": 0.033779785037,
        "min": 6.25129670251e-11,
        "var": 0.00096621044213
    },
    "spectral_kurtosis": {
        "dmean": 18.0554504395,
        "dmean2": 31.3121204376,
        "dvar": 251.122543335,
        "dvar2": 691.758728027,
        "max": 307.108306885,
        "mean": 52.5275764465,
        "median": 45.8387756348,
        "min": -1.25835251808,
        "var": 1044.60180664
    },
    "spectral_rms": {
        "dmean": 0.000457294285297,
        "dmean2": 0.000648331013508,
        "dvar": 3.62520069075e-07,
        "dvar2": 7.88619843206e-07,
        "max": 0.0141993742436,
        "mean": 0.00449820281938,
        "median": 0.00449898280203,
        "min": 3.13315475994e-12,
        "var": 4.08917003369e-06
    },
    "spectral_rolloff": {
        "dmean": 68.6504821777,
        "dmean2": 115.676834106,
        "dvar": 42925.5273438,
        "dvar2": 59402.3984375,
        "max": 19638.28125,
        "mean": 715.315063477,
        "median": 495.263671875,
        "min": 129.19921875,
        "var": 3125520.75
    },
    "spectral_skewness": {
        "dmean": 1.06005465984,
        "dmean2": 1.83446574211,
        "dvar": 0.762377500534,
        "dvar2": 2.12365889549,
        "max": 14.4770011902,
        "mean": 4.95942401886,
        "median": 4.71676826477,
        "min": -0.0776562839746,
        "var": 3.06725931168
    },
    "spectral_spread": {
        "dmean": 217360.890625,
        "dmean2": 376281.28125,
        "dvar": 173625360384,
        "dvar2": 298652434432,
        "max": 42495980,
        "mean": 1643164.625,
        "median": 1266095.625,
        "min": 327172,
        "var": 1.42215762412e+13
    },
    "spectral_strongpeak": {
        "dmean": 0.318732947111,
        "dmean2": 0.50454223156,
        "dvar": 0.4085046947,
        "dvar2": 0.888122856617,
        "max": 19.7330875397,
        "mean": 1.15894043446,
        "median": 0.865876674652,
        "min": 0,
        "var": 1.14605879784
    },
    "zerocrossingrate": {
        "dmean": 0.00219446700066,
        "dmean2": 0.00282576750033,
        "dvar": 2.38643515331e-05,
        "dvar2": 2.77487342828e-05,
        "max": 0.52685546875,
        "mean": 0.0252245552838,
        "median": 0.02001953125,
        "min": 0.00439453125,
        "var": 0.0022036251612
    },
    "barkbands": {
        "dmean": [7.21675096429e-05, 9.07133799046e-05, 0.000256058381638, 0.000936702883337, 0.00244521838613, 0.00105272419751, 0.00112826947588, 0.000440675969003, 0.000513214850798, 0.000215085252421, 0.000355682219379, 0.000186882505659, 0.000143369441503, 0.00013786337513, 3.81325226044e-05, 1.84115433512e-05, 1.61544649018e-05, 1.02886478999e-05, 6.98490975992e-06, 2.20341439672e-06, 6.83238397414e-07, 1.44710824657e-07, 3.89870500328e-08, 1.84193371666e-08, 1.12146398834e-08, 8.02769051234e-09, 4.72759387193e-09],
        "dmean2": [0.000126944694784, 0.000140022064443, 0.000387670937926, 0.00140709336847, 0.00385709060356, 0.00147839495912, 0.00151922891382, 0.000570711912587, 0.000679794000462, 0.000304607470753, 0.000527603144292, 0.000276008853689, 0.00019324303139, 0.000184270378668, 5.91818206885e-05, 2.79690557363e-05, 2.40929311985e-05, 1.46992651935e-05, 9.95191021502e-06, 3.29991962644e-06, 1.0081050732e-06, 2.23337679017e-07, 6.29251033502e-08, 3.14465395945e-08, 1.93436129337e-08, 1.35941400359e-08, 8.09477107566e-09],
        "dvar": [1.35645050747e-08, 9.55437542416e-08, 3.38253016707e-07, 3.89737078876e-06, 1.68612095877e-05, 4.0524500946e-06, 8.97713107406e-06, 9.84642269941e-07, 7.46822706787e-06, 3.00694352973e-07, 3.96720361096e-06, 1.42224712363e-06, 1.27042994791e-06, 2.34708022617e-06, 6.19847773109e-09, 1.6701998673e-09, 6.78119160824e-09, 1.79174675097e-09, 3.18500403829e-09, 1.91395496674e-10, 2.35397187853e-11, 1.47371329549e-12, 3.42855491177e-14, 3.35515319649e-15, 2.84021873327e-16, 1.0151345104e-16, 3.43082224956e-17],
        "dvar2": [3.95077712767e-08, 1.58746004786e-07, 7.65587685692e-07, 1.11781546366e-05, 4.9543028581e-05, 7.92526952864e-06, 1.50922933244e-05, 1.67829023212e-06, 1.58276634465e-05, 6.78801256981e-07, 9.63606271398e-06, 2.88742080556e-06, 2.29944907915e-06, 4.77979119751e-06, 1.39001734567e-08, 3.27385474286e-09, 1.49529526539e-08, 3.49521234178e-09, 6.10845551918e-09, 4.77115846831e-10, 4.93211582686e-11, 3.93135914448e-12, 8.5603243515e-14, 8.83957315711e-15, 8.23860931614e-16, 2.92999654944e-16, 9.95913479939e-17],
        "max": [0.00180734228343, 0.0339113771915, 0.0268245730549, 0.0549742504954, 0.0853145942092, 0.083935290575, 0.143398374319, 0.045694552362, 0.0902888253331, 0.0191805046052, 0.0730962604284, 0.0926391109824, 0.0725661218166, 0.0902900248766, 0.00212044175714, 0.00151035573799, 0.00346414092928, 0.00203610095195, 0.0026581666898, 0.000587843882386, 0.000243295246037, 7.74613508838e-05, 8.37717743707e-06, 1.80644440206e-06, 7.03825776327e-07, 2.32858113236e-07, 1.45816173358e-07],
        "mean": [7.29149978724e-05, 0.000352953094989, 0.000864776724484, 0.00299561815336, 0.00799311231822, 0.00374794262461, 0.00434815185145, 0.0012961004395, 0.00103777367622, 0.000496486842167, 0.00064095313428, 0.000381541671231, 0.000288405019091, 0.000235609899391, 7.58946989663e-05, 3.92656111217e-05, 2.82849086943e-05, 2.00907488761e-05, 1.02467465695e-05, 3.53676250597e-06, 1.08147310129e-06, 2.1650892279e-07, 7.76927961965e-08, 5.04712183158e-08, 5.07608532985e-08, 4.11457961036e-08, 1.8480424302e-08],
        "median": [2.61090426648e-05, 2.90064690489e-05, 0.000175304332515, 0.000784496427514, 0.00555503275245, 0.00188371783588, 0.00138031865936, 0.000589389703237, 0.000310171686579, 0.000281733780866, 0.000244020280661, 0.000165087578353, 8.62104352564e-05, 6.36153345113e-05, 4.04565980716e-05, 1.81940122275e-05, 9.21633454709e-06, 6.80842686052e-06, 2.75381876236e-06, 1.32764830596e-06, 3.4299691265e-07, 7.70976740228e-08, 3.43647030832e-08, 3.13591819179e-08, 4.04482740635e-08, 3.48954536378e-08, 1.48577559145e-08],
        "min": [1.39546819402e-25, 1.82366083334e-24, 7.28018085057e-25, 1.81993938202e-24, 5.26034815808e-24, 1.03110068324e-23, 4.69136132538e-24, 3.48313959636e-24, 1.4217026361e-23, 1.1310381581e-23, 1.62073224249e-23, 1.90188936886e-23, 2.36356279835e-23, 2.12975042138e-23, 4.16311623964e-23, 7.14211818175e-23, 6.25551362384e-23, 9.02503197485e-23, 1.52207442623e-22, 1.40113435018e-22, 2.02371965866e-22, 2.84418460367e-22, 3.60831541371e-22, 5.63307624255e-22, 8.3769364193e-22, 1.29109756877e-21, 1.97292511955e-21],
        "var": [1.34652484718e-08, 1.32813636355e-06, 3.8488883547e-06, 2.87378716166e-05, 6.60509758745e-05, 3.17767517117e-05, 6.78435899317e-05, 5.29686212758e-06, 1.41119307955e-05, 5.52114499897e-07, 4.44127954324e-06, 2.90069738185e-06, 3.01997783936e-06, 4.18852869188e-06, 1.35831363934e-08, 4.80560524707e-09, 1.02587263129e-08, 3.36661276634e-09, 4.28916413497e-09, 1.78028661257e-10, 3.14745243757e-11, 1.1734508764e-12, 3.67676639731e-14, 4.86938023201e-15, 2.06647536471e-15, 1.15452718881e-15, 2.48146666349e-16]
    },
    "erbbands": {
        "dmean": [0.00124331831466, 0.0269963536412, 0.219195485115, 1.6792640686, 5.06728887558, 9.55144500732, 10.3935899734, 8.49742412567, 18.0626468658, 10.9133052826, 8.12736225128, 10.1051549911, 9.30341815948, 9.32801914215, 12.2477016449, 6.17424058914, 6.52327442169, 7.65074729919, 2.8338599205, 1.68185961246, 0.885504186153, 0.929618477821, 0.656268119812, 0.496616750956, 0.189983427525, 0.0806172862649, 0.0489193312824, 0.0152453221381, 0.00498191965744, 0.00186183827464, 0.000937529257499, 0.000509247125592, 0.000272910867352, 0.000148882376379, 8.95776538528e-05, 4.24525096605e-05, 1.8426175302e-05, 5.07246886627e-06, 2.74608601103e-06, 5.67502866033e-06],
        "dmean2": [0.00206833798438, 0.0410220734775, 0.327392160892, 2.53601098061, 7.92948484421, 15.3910617828, 14.8873271942, 11.9442806244, 25.078168869, 13.6953420639, 10.5217094421, 13.3064508438, 12.7211055756, 13.7602720261, 17.9619903564, 9.0668926239, 8.5804901123, 10.0529661179, 4.11767292023, 2.58522081375, 1.32166314125, 1.38727211952, 0.926445305347, 0.698280394077, 0.278060942888, 0.118687093258, 0.0714233294129, 0.022989762947, 0.00759761594236, 0.00292126997374, 0.00152135023382, 0.0008626782801, 0.000470583734568, 0.000257927749772, 0.000152183347382, 7.12470864528e-05, 3.20502804243e-05, 8.63470359036e-06, 4.10177881349e-06, 8.11805421108e-06],
        "dvar": [5.27876318301e-06, 0.00870577525347, 0.288592785597, 11.5616226196, 132.321304321, 339.883728027, 314.356750488, 318.389404297, 2457.25854492, 599.648071289, 1284.88745117, 3189.41748047, 1376.4119873, 2790.46142578, 5983.70800781, 1340.55908203, 2123.73461914, 8520.32910156, 180.098754883, 10.2977247238, 3.86279559135, 31.3514385223, 7.69358587265, 15.2548313141, 1.70436108112, 0.133425503969, 0.109841935337, 0.00987438485026, 0.000775848224293, 6.58630815451e-05, 1.42633953146e-05, 4.14217356592e-06, 4.42674746637e-07, 7.00691060729e-08, 1.44043985628e-08, 3.06732683697e-09, 5.28419252799e-10, 4.24501510332e-11, 1.67515445959e-11, 8.54013249008e-11],
        "dvar2": [1.21305738503e-05, 0.0141959926113, 0.554529190063, 32.7512435913, 417.625427246, 969.22442627, 695.853088379, 640.457519531, 4751.94433594, 826.017578125, 2557.6940918, 6807.82128906, 2986.18310547, 6979.11767578, 13849.6591797, 2629.55688477, 3731.90576172, 17583.0957031, 384.599029541, 23.3879184723, 7.30862665176, 69.9946136475, 14.2078771591, 28.4883575439, 3.92499542236, 0.312510490417, 0.228319466114, 0.0224165059626, 0.00201880931854, 0.000163392309332, 3.54133590008e-05, 1.09775464807e-05, 1.19622757211e-06, 2.01128472099e-07, 4.10065723599e-08, 8.47381187441e-09, 1.59621660334e-09, 1.22407931014e-10, 3.71827915679e-11, 1.87781179495e-10],
        "max": [0.17471113801, 10.1734495163, 39.0564079285, 120.918960571, 377.142303467, 412.038543701, 787.358825684, 521.52166748, 2578.44238281, 913.870605469, 1795.34069824, 2624.95141602, 1329.08764648, 1814.36010742, 3946.98706055, 2544.78491211, 3020.35986328, 5572.66552734, 1055.90917969, 72.3598480225, 82.1146850586, 245.124847412, 146.540435791, 191.409362793, 75.9466400146, 13.1709709167, 16.2405986786, 5.97777795792, 1.70663785934, 0.37595397234, 0.150563880801, 0.0633429959416, 0.0255603212863, 0.0109849292785, 0.00323193357326, 0.00144763058051, 0.000541725079529, 0.000146056117956, 0.000109370455903, 0.000239888540818],
        "mean": [0.00318334018812, 0.115099221468, 0.920056462288, 5.50939846039, 15.0985507965, 27.1474075317, 36.5450172424, 31.6876468658, 67.3274154663, 42.3219108582, 24.2476730347, 20.9778366089, 20.8206615448, 18.5501003265, 23.6240844727, 13.434264183, 13.7313623428, 13.6898269653, 5.72791481018, 3.48650765419, 2.01137185097, 1.65086305141, 1.27972984314, 0.81696754694, 0.301423609257, 0.143100276589, 0.0802641883492, 0.0246595758945, 0.00837770756334, 0.00366899231449, 0.0019639742095, 0.0012129235547, 0.000794909836259, 0.000547543633729, 0.000392605434172, 0.000195174696273, 8.13901642687e-05, 2.39430701185e-05, 1.52470747707e-05, 2.79178311757e-05],
        "median": [0.00115926330909, 0.0132400821894, 0.230309292674, 2.10683345795, 7.74825763702, 17.5424442291, 22.2682247162, 13.5799751282, 20.4067897797, 18.7427139282, 12.3415079117, 7.49535512924, 10.1164474487, 8.51725673676, 11.1834392548, 7.01938772202, 4.93880653381, 3.75796985626, 2.80096149445, 1.90452194214, 1.0074545145, 0.55819272995, 0.446697682142, 0.253366947174, 0.10382039845, 0.0582261532545, 0.0280399750918, 0.00849837809801, 0.00340430624783, 0.00163481524214, 0.000937348289881, 0.000683194259182, 0.000533089449164, 0.000432231288869, 0.00031185572152, 0.000163193413755, 6.96713177604e-05, 2.0028108338e-05, 1.40441889016e-05, 2.32483853324e-05],
        "min": [6.47992309436e-23, 5.54028953935e-22, 1.1023125771e-21, 6.63760702396e-21, 8.60407423784e-21, 1.89981091601e-20, 5.56307784016e-20, 6.82281704441e-20, 1.32200444938e-19, 8.79281294293e-20, 1.69202353388e-19, 3.34196683903e-19, 2.44549563301e-19, 5.34028113657e-19, 7.39319297345e-19, 9.62871010043e-19, 1.62593537015e-18, 1.60023166319e-18, 1.86873480022e-18, 2.76760632928e-18, 4.44466807874e-18, 4.41072803102e-18, 5.32881413853e-18, 5.83496430099e-18, 6.89977239684e-18, 7.31169676136e-18, 7.96254397401e-18, 9.31676684976e-18, 9.93024617824e-18, 1.06156869113e-17, 9.66098648114e-18, 1.12232833313e-17, 9.69515152198e-18, 6.93941171897e-18, 5.6899686386e-18, 3.9885639977e-18, 2.33085186393e-18, 9.668706351e-19, 2.38975632593e-19, 2.57296888292e-20],
        "var": [3.76705647795e-05, 0.133631616831, 5.23861455917, 74.342414856, 554.888793945, 950.131835938, 2164.46899414, 2394.54956055, 16595.3671875, 4935.62744141, 3323.71655273, 5702.03222656, 2562.18212891, 3113.60351562, 7117.28125, 2826.40478516, 5237.64257812, 15337.5146484, 258.240783691, 24.384103775, 11.4020547867, 44.5808448792, 15.109205246, 21.4669475555, 1.94055497646, 0.157536566257, 0.147322311997, 0.0106573794037, 0.000704274279997, 7.53072235966e-05, 1.61840962392e-05, 4.51957384939e-06, 8.40218717713e-07, 2.61090576714e-07, 1.15393859801e-07, 2.60106833849e-08, 3.95711641232e-09, 3.66047026024e-10, 1.1080839718e-10, 5.00030850059e-10]
    },
    "gfcc": {
        "mean": [-156.701339722, 205.068710327, -120.273384094, -35.27942276, -38.9062004089, -31.6220436096, -39.6331443787, -17.9076213837, -30.4719390869, -12.0870075226, -9.98141670227, -11.1744174957, -5.56838083267],
        "cov": [[17900.2285156, 2066.49316406, -2637.1027832, 365.359710693, 60.058303833, -370.386962891, -95.8324203491, -56.9139862061, -139.590515137, -99.0183334351, -114.962654114, -189.196762085, 11.0156831741], [2066.49316406, 799.932922363, -135.369827271, -96.5130767822, 123.609237671, -50.0799026489, -16.6742668152, -64.8942565918, -34.4341239929, -38.9454421997, -3.52190041542, -61.2302818298, -12.0804481506], [-2637.1027832, -135.369827271, 851.246154785, 18.181186676, 59.7035522461, 158.730041504, -3.41255402565, 66.6859283447, 11.4807682037, -2.62358212471, -9.7402048111, 3.87984848022, -31.5530529022], [365.359710693, -96.5130767822, 18.181186676, 303.912506104, 91.0742874146, 67.3561477661, 93.9066085815, 38.4556350708, 54.3510093689, -14.4387292862, -20.9237384796, -19.7451343536, -24.0111904144], [60.058303833, 123.609237671, 59.7035522461, 91.0742874146, 230.108093262, 66.6228179932, 67.3859405518, 21.603887558, 19.8897037506, -4.43563127518, -5.05783081055, -28.0506362915, -8.7434053421], [-370.386962891, -50.0799026489, 158.730041504, 67.3561477661, 66.6228179932, 151.110473633, 57.7040328979, 43.6760063171, 6.79865598679, -5.08760643005, -18.0066223145, -8.83412647247, -21.2334709167], [-95.8324203491, -16.6742668152, -3.41255402565, 93.9066085815, 67.3859405518, 57.7040328979, 128.417663574, 34.4861602783, 28.1608066559, 0.364151448011, -5.17145872116, -12.6723918915, -9.02989006042], [-56.9139862061, -64.8942565918, 66.6859283447, 38.4556350708, 21.603887558, 43.6760063171, 34.4861602783, 99.3085632324, 18.8107261658, 8.52049827576, -12.6543083191, 2.1056292057, -12.4203681946], [-139.590515137, -34.4341239929, 11.4807682037, 54.3510093689, 19.8897037506, 6.79865598679, 28.1608066559, 18.8107261658, 84.8095245361, 18.6661014557, 14.4587888718, 7.97119188309, -5.55780553818], [-99.0183334351, -38.9454421997, -2.62358212471, -14.4387292862, -4.43563127518, -5.08760643005, 0.364151448011, 8.52049827576, 18.6661014557, 56.6457862854, 25.8680782318, 11.1332187653, 5.44816207886], [-114.962654114, -3.52190041542, -9.7402048111, -20.9237384796, -5.05783081055, -18.0066223145, -5.17145872116, -12.6543083191, 14.4587888718, 25.8680782318, 56.8296051025, 25.0363025665, 10.7698421478], [-189.196762085, -61.2302818298, 3.87984848022, -19.7451343536, -28.0506362915, -8.83412647247, -12.6723918915, 2.1056292057, 7.97119188309, 11.1332187653, 25.0363025665, 56.6346130371, 26.0524253845], [11.0156831741, -12.0804481506, -31.5530529022, -24.0111904144, -8.7434053421, -21.2334709167, -9.02989006042, -12.4203681946, -5.55780553818, 5.44816207886, 10.7698421478, 26.0524253845, 56.9436721802]],
        "icov": [[0.000377685530111, -0.00112407328561, 0.00115184253082, -0.00131462106947, 0.000562076224014, -0.000506966258399, 0.00123624526896, -0.00120970909484, 0.000660057587083, -0.000533484329935, 0.000238039327087, 0.000110946173663, -0.000378486118279], [-0.00112407328561, 0.00525781465694, -0.00317406584509, 0.00489517580718, -0.00314677273855, 0.00198145606555, -0.00356955383904, 0.00417110696435, -0.00203196308576, 0.00300989928655, -0.00144655164331, 0.00133296556305, 0.00141509796958], [0.00115184253082, -0.00317406584509, 0.00515331793576, -0.00369032798335, 0.00133502518293, -0.00338973710313, 0.00487011857331, -0.00422024540603, 0.00167249632068, -0.00114776205737, 0.000284215813735, 0.000366419873899, -0.000752336112782], [-0.00131462106947, 0.00489517580718, -0.00369032798335, 0.0102025335655, -0.00360206421465, 0.00123900815379, -0.00643848953769, 0.00435865297914, -0.00508322985843, 0.00406040204689, 8.50634532981e-05, 0.000319421320455, 0.00234181294218], [0.000562076224014, -0.00314677273855, 0.00133502518293, -0.00360206421465, 0.00807053036988, -0.00286581320688, 0.000280786538497, -0.00236864341423, 0.000576393096708, -0.00126926740631, -0.00110687268898, 0.00273996568285, -0.00272350292653], [-0.000506966258399, 0.00198145606555, -0.00338973710313, 0.00123900815379, -0.00286581320688, 0.0129783963785, -0.00564161734655, 0.000230293910136, 0.00107328034937, 0.000282053806586, 0.00236620032229, -0.0023882673122, 0.00344053166918], [0.00123624526896, -0.00356955383904, 0.00487011857331, -0.00643848953769, 0.000280786538497, -0.00564161734655, 0.0172398351133, -0.00646885624155, 0.000137824696139, -0.00115210819058, -0.00123131868895, 0.00309295975603, -0.00280894339085], [-0.00120970909484, 0.00417110696435, -0.00422024540603, 0.00435865297914, -0.00236864341423, 0.000230293910136, -0.00646885624155, 0.0179110206664, -0.0035890804138, -0.00168253818993, 0.00465293228626, -0.00403336901218, 0.00399736780673], [0.000660057587083, -0.00203196308576, 0.00167249632068, -0.00508322985843, 0.000576393096708, 0.00107328034937, 0.000137824696139, -0.0035890804138, 0.0174730513245, -0.00528355780989, -0.00199577445164, -0.00259460113011, 0.00172772887163], [-0.000533484329935, 0.00300989928655, -0.00114776205737, 0.00406040204689, -0.00126926740631, 0.000282053806586, -0.00115210819058, -0.00168253818993, -0.00528355780989, 0.0267122220248, -0.0123021118343, 0.00369542045519, -0.00125690770801], [0.000238039327087, -0.00144655164331, 0.000284215813735, 8.50634532981e-05, -0.00110687268898, 0.00236620032229, -0.00123131868895, 0.00465293228626, -0.00199577445164, -0.0123021118343, 0.0313055850565, -0.0137872770429, 0.00274162204005], [0.000110946173663, 0.00133296556305, 0.000366419873899, 0.000319421320455, 0.00273996568285, -0.0023882673122, 0.00309295975603, -0.00403336901218, -0.00259460113011, 0.00369542045519, -0.0137872770429, 0.0333289317787, -0.0135076586157], [-0.000378486118279, 0.00141509796958, -0.000752336112782, 0.00234181294218, -0.00272350292653, 0.00344053166918, -0.00280894339085, 0.00399736780673, 0.00172772887163, -0.00125690770801, 0.00274162204005, -0.0135076586157, 0.0257467105985]]
    },
    "melbands": {
        "dmean": [1.90545688383e-05, 8.51294171298e-05, 0.000388655316783, 0.000482708128402, 0.000404774211347, 0.000212110957364, 0.000256209488725, 0.000116641545901, 6.86067214701e-05, 6.76304262015e-05, 4.63038413727e-05, 3.63965154975e-05, 4.25807556894e-05, 2.59172047663e-05, 1.17058525575e-05, 1.92146453628e-05, 1.32345439852e-05, 5.06240303366e-06, 3.00756960314e-06, 1.71464216692e-06, 9.93073058453e-07, 1.03870752355e-06, 6.40600831048e-07, 5.53961797323e-07, 4.31379390875e-07, 1.5731303904e-07, 1.16487818502e-07, 4.09504927745e-08, 3.80708335967e-08, 1.37060451877e-08, 8.24027335256e-09, 3.28982463493e-09, 1.50804602139e-09, 9.87148363052e-10, 6.23954832246e-10, 4.12709699749e-10, 2.99561736528e-10, 2.14985418356e-10, 1.77625442133e-10, 1.33920638468e-10],
        "dmean2": [3.04520799546e-05, 0.000128026891616, 0.000593309639953, 0.000782766554039, 0.000595931371208, 0.000300903542666, 0.00035003136145, 0.00014705749345, 8.95279881661e-05, 8.92721873242e-05, 6.32482333458e-05, 5.35258950549e-05, 6.33323943475e-05, 3.68955043086e-05, 1.74255819729e-05, 2.45838618866e-05, 1.77776691999e-05, 7.39414463169e-06, 4.67802419735e-06, 2.62748790192e-06, 1.48936339883e-06, 1.56863939083e-06, 9.34369666084e-07, 7.89337946117e-07, 6.09784819972e-07, 2.32497271213e-07, 1.76575866817e-07, 6.05956529398e-08, 5.60290871476e-08, 2.04847108165e-08, 1.27192052446e-08, 5.11444397944e-09, 2.33818076012e-09, 1.57883506269e-09, 1.01444486145e-09, 6.99198698939e-10, 5.06929054289e-10, 3.70998010091e-10, 3.0766747483e-10, 2.34736091675e-10],
        "dvar": [2.44916553704e-09, 5.00856991437e-08, 5.88571253957e-07, 8.09045332062e-07, 4.24247872388e-07, 1.98550182517e-07, 4.5600154408e-07, 6.06520416113e-08, 1.51363238388e-07, 1.36135454909e-07, 3.4217706002e-08, 3.90255685545e-08, 5.55453567586e-08, 3.28589742082e-08, 1.652048498e-09, 3.42370540807e-08, 2.43335911421e-08, 8.65769900216e-10, 4.61777040217e-11, 1.22889537088e-11, 5.62228432213e-12, 3.76967797255e-11, 6.97505768421e-12, 5.3408969955e-12, 1.44128355084e-11, 1.12319528678e-12, 8.1721700804e-13, 3.13138966525e-14, 7.21646389022e-14, 4.42566329314e-15, 3.75914661947e-15, 5.83432747118e-16, 2.7377175227e-17, 3.09559043184e-17, 7.61960729976e-18, 4.17923409197e-18, 1.69433266026e-18, 2.36850062762e-19, 1.86050833393e-19, 3.69235072374e-20],
        "dvar2": [4.4585486414e-09, 9.17415903245e-08, 1.74455908564e-06, 2.4313906124e-06, 1.03941351881e-06, 4.21661184191e-07, 8.37674804188e-07, 8.82001884861e-08, 3.12370843858e-07, 2.87412547095e-07, 7.39789882687e-08, 9.74599743131e-08, 1.33548041958e-07, 6.63418404656e-08, 3.37901551184e-09, 6.33160581742e-08, 5.04037274141e-08, 1.85612791803e-09, 1.0854404181e-10, 2.58070995129e-11, 1.06242714279e-11, 8.37980657087e-11, 1.40728739426e-11, 1.06362835206e-11, 2.68691319194e-11, 2.58540432986e-12, 2.07011035917e-12, 6.7213873627e-14, 1.5225723514e-13, 9.50068999574e-15, 8.9859353682e-15, 1.55273696495e-15, 6.47533196247e-17, 7.68728854096e-17, 1.87601452728e-17, 1.11106767529e-17, 4.43706752968e-18, 6.31891748531e-19, 5.20855986185e-19, 1.08529909153e-19],
        "max": [0.00514182262123, 0.0188244506717, 0.0189774055034, 0.0213679075241, 0.0206412039697, 0.0127697512507, 0.0332441441715, 0.00959546118975, 0.0197577625513, 0.0177318807691, 0.00661429297179, 0.00676616514102, 0.010633896105, 0.0133012803271, 0.00281218532473, 0.0100360261276, 0.00946093723178, 0.00244064908475, 0.000195014858036, 0.000104526588984, 0.000117476374726, 0.000265323295025, 0.000100064105936, 9.47161461227e-05, 0.000188386649825, 6.02151849307e-05, 3.90085078834e-05, 8.04958017397e-06, 1.227456778e-05, 2.36766891248e-06, 3.17438525599e-06, 1.5730040559e-06, 2.20442316845e-07, 2.91515874551e-07, 1.35372090426e-07, 9.02683368054e-08, 5.45904867977e-08, 2.02604955035e-08, 2.1131199901e-08, 6.44833964003e-09],
        "mean": [6.28068883088e-05, 0.000349156849552, 0.00126651476603, 0.00144622114021, 0.00138088967651, 0.000774050247855, 0.000980869517662, 0.000423492514528, 0.000185723300092, 0.000134542613523, 0.000102688136394, 7.20551470295e-05, 7.91575512267e-05, 5.35212020623e-05, 2.43351678364e-05, 3.65511878044e-05, 2.28156695812e-05, 9.67328196566e-06, 5.79414927415e-06, 3.44910245076e-06, 2.08472761187e-06, 1.74136869191e-06, 1.18955870221e-06, 1.01079479009e-06, 6.66446680953e-07, 2.44269358518e-07, 1.63610494042e-07, 7.69182548765e-08, 5.93106648239e-08, 2.21077360862e-08, 1.19750742655e-08, 4.93229590504e-09, 2.68613464804e-09, 1.78275116891e-09, 1.1799800026e-09, 8.34762869939e-10, 6.79653888724e-10, 5.53314338791e-10, 4.81806705643e-10, 4.34249858294e-10],
        "median": [1.26958411784e-05, 7.97031607362e-05, 0.000549233867787, 0.000925479689613, 0.000901231367607, 0.000323304324411, 0.000302075844957, 0.000182772084372, 8.28165648272e-05, 4.24406607635e-05, 4.86323260702e-05, 3.23352687701e-05, 3.46273773175e-05, 2.24957366299e-05, 1.13351507025e-05, 7.99977533461e-06, 6.04544447924e-06, 4.20284368374e-06, 2.92599793283e-06, 1.66767711107e-06, 9.50193452809e-07, 5.10606241733e-07, 4.01457299404e-07, 3.16657605026e-07, 1.76395531071e-07, 7.67015819747e-08, 4.9836366145e-08, 3.21660955649e-08, 1.91637408165e-08, 7.54360396371e-09, 3.44126216412e-09, 1.7936425678e-09, 1.16388620963e-09, 6.88942014548e-10, 5.21253928909e-10, 4.11511796861e-10, 3.8284128645e-10, 3.53098217332e-10, 3.43649692036e-10, 3.40671268972e-10],
        "min": [7.99279588411e-25, 6.34044980419e-25, 1.83988730773e-24, 7.96014443821e-25, 1.72649663843e-24, 1.87521821831e-24, 2.07616100961e-24, 8.09590444177e-25, 1.67839919739e-24, 1.84433766653e-24, 9.44318666977e-25, 1.67199759115e-24, 1.98115415206e-24, 1.88967271389e-24, 3.67259203692e-24, 2.81945277299e-24, 2.50719164999e-24, 2.38392680874e-24, 3.4613674298e-24, 2.19302621677e-24, 3.97936702676e-24, 3.28460795842e-24, 3.45286272038e-24, 4.52037217429e-24, 3.81593003555e-24, 4.51941134171e-24, 4.49751571843e-24, 4.0923800289e-24, 3.69892776381e-24, 4.93038460194e-24, 4.24957515819e-24, 5.29908596169e-24, 4.63925035727e-24, 5.5751766289e-24, 5.1485405354e-24, 4.52132077953e-24, 6.00241817314e-24, 5.77009193123e-24, 5.78548102977e-24, 5.13855868394e-24],
        "var": [2.94560180691e-08, 8.70805990871e-07, 3.96636869482e-06, 2.72028091786e-06, 2.553080094e-06, 1.42999078889e-06, 3.23269068758e-06, 4.66128227572e-07, 3.28664327753e-07, 2.47248920004e-07, 6.4567608149e-08, 4.40575789185e-08, 6.17189215291e-08, 6.27321767865e-08, 3.87489862419e-09, 7.69593810901e-08, 4.33103757302e-08, 1.17838216962e-09, 9.0571335154e-11, 3.32065555608e-11, 1.50582671332e-11, 5.4066407601e-11, 1.27720204204e-11, 9.32167190659e-12, 1.99992297029e-11, 1.32162412524e-12, 7.17183745117e-13, 4.28663723441e-14, 9.27083388357e-14, 5.89639243396e-15, 3.71542108467e-15, 4.71562776434e-16, 3.77320553998e-17, 3.18482667632e-17, 8.17962842679e-18, 3.76285039677e-18, 1.75446290052e-18, 4.47278735988e-19, 3.1456370716e-19, 1.63839922422e-19]
    },
    "mfcc": {
        "mean": [-790.692443848, 240.241210938, -17.8728294373, -1.30160236359, -0.887123942375, -15.8978872299, -7.71129322052, -15.5309810638, -16.4888572693, -12.5694503784, -12.419462204, -8.63216686249, -6.77107810974],
        "cov": [[5897.13867188, 2421.57104492, -1582.63659668, 399.172637939, 71.5489196777, -77.5254898071, 140.140106201, -10.5766716003, 100.430709839, 101.223236084, 36.5644493103, 24.4890613556, -70.1448974609], [2421.57104492, 1515.13220215, -392.928405762, 20.665222168, 156.913757324, -17.583147049, 64.5222396851, 0.771906137466, 10.4027147293, 31.3097953796, -11.2537269592, 4.47330760956, -9.05187034607], [-1582.63659668, -392.928405762, 724.080505371, -75.1510925293, 42.1142845154, 84.9218215942, -20.7722244263, 39.1666564941, -15.4034118652, -22.7255821228, -9.08408260345, -8.03010559082, 36.1951675415], [399.172637939, 20.665222168, -75.1510925293, 219.784423828, 39.5317077637, 32.1989860535, 35.2171936035, 31.6170578003, 51.4934806824, 29.1914215088, 27.7146968842, 13.9706926346, -1.17236864567], [71.5489196777, 156.913757324, 42.1142845154, 39.5317077637, 166.496871948, 64.5085754395, 26.5417289734, 42.7032470703, 24.1322879791, 20.8280124664, 10.2707281113, 9.78279781342, 10.3969163895], [-77.5254898071, -17.583147049, 84.9218215942, 32.1989860535, 64.5085754395, 124.95513916, 57.9576416016, 41.8990478516, 35.2897720337, 17.7970943451, 23.0230350494, 4.74304533005, -3.5238494873], [140.140106201, 64.5222396851, -20.7722244263, 35.2171936035, 26.5417289734, 57.9576416016, 97.6750030518, 52.1996498108, 29.1344261169, 30.4178466797, 21.7343254089, 5.61407375336, -18.9427833557], [-10.5766716003, 0.771906137466, 39.1666564941, 31.6170578003, 42.7032470703, 41.8990478516, 52.1996498108, 99.1290740967, 55.2843170166, 22.0701961517, 24.9439544678, 9.5257062912, -0.799127459526], [100.430709839, 10.4027147293, -15.4034118652, 51.4934806824, 24.1322879791, 35.2897720337, 29.1344261169, 55.2843170166, 81.1175308228, 38.0262908936, 13.3818836212, 13.021985054, 4.73767137527], [101.223236084, 31.3097953796, -22.7255821228, 29.1914215088, 20.8280124664, 17.7970943451, 30.4178466797, 22.0701961517, 38.0262908936, 65.6778259277, 30.9505939484, 0.240051597357, -4.81014299393], [36.5644493103, -11.2537269592, -9.08408260345, 27.7146968842, 10.2707281113, 23.0230350494, 21.7343254089, 24.9439544678, 13.3818836212, 30.9505939484, 75.7729949951, 29.4233283997, -19.5019645691], [24.4890613556, 4.47330760956, -8.03010559082, 13.9706926346, 9.78279781342, 4.74304533005, 5.61407375336, 9.5257062912, 13.021985054, 0.240051597357, 29.4233283997, 69.6662063599, 27.8441772461], [-70.1448974609, -9.05187034607, 36.1951675415, -1.17236864567, 10.3969163895, -3.5238494873, -18.9427833557, -0.799127459526, 4.73767137527, -4.81014299393, -19.5019645691, 27.8441772461, 85.8625335693]],
