{
"lowlevel": {
    "average_loudness": 0.909931063652,
    "barkbands_crest": {
        "dmean": 3.49909853935,
        "dmean2": 5.66817474365,
        "dvar": 9.24836826324,
        "dvar2": 22.8146381378,
        "max": 26.4520111084,
        "mean": 14.2872533798,
        "median": 14.3451089859,
        "min": 2.08701872826,
        "var": 27.7200336456
    },
    "barkbands_flatness_db": {
        "dmean": 0.0399808995426,
        "dmean2": 0.0607462860644,
        "dvar": 0.00171590864193,
        "dvar2": 0.00368002662435,
        "max": 0.59583646059,
        "mean": 0.234676942229,
        "median": 0.220188975334,
        "min": 0.0230139493942,
        "var": 0.0140832094476
    },
    "barkbands_kurtosis": {
        "dmean": 12.4824028015,
        "dmean2": 19.9535827637,
        "dvar": 949.626342773,
        "dvar2": 2204.25244141,
        "max": 979.078491211,
        "mean": 17.9354190826,
        "median": 5.01908397675,
        "min": -1.91462314129,
        "var": 1826.03894043
    },
    "barkbands_skewness": {
        "dmean": 1.08069550991,
        "dmean2": 1.69050705433,
        "dvar": 1.86104989052,
        "dvar2": 4.4974899292,
        "max": 27.6965484619,
        "mean": 2.70813679695,
        "median": 2.04761266708,
        "min": -2.87134027481,
        "var": 6.11050701141
    },
    "barkbands_spread": {
        "dmean": 8.87782669067,
        "dmean2": 14.3871011734,
        "dvar": 256.8203125,
        "dvar2": 624.896850586,
        "max": 135.150405884,
        "mean": 17.7096004486,
        "median": 9.65264892578,
        "min": 0.1713642627,
        "var": 491.05871582
    },
    "dissonance": {
        "dmean": 0.0309693384916,
        "dmean2": 0.0503557324409,
        "dvar": 0.000965180399362,
        "dvar2": 0.00244506308809,
        "max": 0.499999910593,
        "mean": 0.412495553493,
        "median": 0.431697845459,
        "min": 0.0791381150484,
        "var": 0.00512648187578
    },
    "dynamic_complexity": 3.33853340149,
    "erbbands_crest": {
        "dmean": 2.93463969231,
        "dmean2": 4.53490066528,
        "dvar": 8.25832557678,
        "dvar2": 18.4240436554,
        "max": 34.0805358887,
        "mean": 11.4709739685,
        "median": 10.0865259171,
        "min": 2.26673674583,
        "var": 37.3902015686
    },
    "erbbands_flatness_db": {
        "dmean": 0.0274589918554,
        "dmean2": 0.0387234725058,
        "dvar": 0.000984884565696,
        "dvar2": 0.0018189890543,
        "max": 0.624118387699,
        "mean": 0.220167517662,
        "median": 0.178255915642,
        "min": 0.026779608801,
        "var": 0.0180487241596
    },
    "erbbands_kurtosis": {
        "dmean": 2.08809900284,
        "dmean2": 3.13134288788,
        "dvar": 25.9287776947,
        "dvar2": 49.3349761963,
        "max": 185.46937561,
        "mean": 2.78653597832,
        "median": 0.124520301819,
        "min": -1.87529945374,
        "var": 101.491355896
    },
    "erbbands_skewness": {
        "dmean": 0.509932219982,
        "dmean2": 0.768732368946,
        "dvar": 0.32546427846,
        "dvar2": 0.726241707802,
        "max": 11.7247152328,
        "mean": 0.854915440083,
        "median": 0.596908807755,
        "min": -2.64087057114,
        "var": 1.67292702198
    },
    "erbbands_spread": {
        "dmean": 11.5261220932,
        "dmean2": 17.696187973,
        "dvar": 287.81539917,
        "dvar2": 603.839111328,
        "max": 209.336105347,
        "mean": 34.9278297424,
        "median": 27.6184616089,
        "min": 0.495997667313,
        "var": 749.559875488
    },
    "hfc": {
        "dmean": 17.930109024,
        "dmean2": 28.8944797516,
        "dvar": 1841.44812012,
        "dvar2": 4764.19775391,
        "max": 410.863098145,
        "mean": 24.0184421539,
        "median": 13.2057914734,
        "min": 1.12682063523e-16,
        "var": 1530.30981445
    },
    "melbands_crest": {
        "dmean": 4.37866020203,
        "dmean2": 7.3514342308,
        "dvar": 17.2298240662,
        "dvar2": 46.6202507019,
        "max": 39.0420188904,
        "mean": 20.1940231323,
        "median": 19.9673042297,
        "min": 1.00152468681,
        "var": 47.3846702576
    },
    "melbands_flatness_db": {
        "dmean": 0.0465365275741,
        "dmean2": 0.0707175284624,
        "dvar": 0.00240864558145,
        "dvar2": 0.00523050129414,
        "max": 0.679092466831,
        "mean": 0.317546308041,
        "median": 0.319061517715,
        "min": -2.41601952666e-07,
        "var": 0.0167218409479
    },
    "melbands_kurtosis": {
        "dmean": 27.3032970428,
        "dmean2": 45.607131958,
        "dvar": 6799.15527344,
        "dvar2": 19221.4746094,
        "max": 3124.02905273,
        "mean": 41.457862854,
        "median": 13.2231912613,
        "min": -1.65703713894,
        "var": 9376.75390625
    },
    "melbands_skewness": {
        "dmean": 1.39639079571,
        "dmean2": 2.21556735039,
        "dvar": 3.75039243698,
        "dvar2": 10.042216301,
        "max": 41.5030632019,
        "mean": 3.89919710159,
        "median": 3.03980493546,
        "min": -3.10565376282,
        "var": 11.0900163651
    },
    "melbands_spread": {
        "dmean": 5.91330480576,
        "dmean2": 9.22597694397,
        "dvar": 76.3877563477,
        "dvar2": 176.115844727,
        "max": 138.728027344,
        "mean": 15.131565094,
        "median": 8.85722923279,
        "min": 0.158837005496,
        "var": 383.507568359
    },
    "pitch_salience": {
        "dmean": 0.103393495083,
        "dmean2": 0.169066533446,
        "dvar": 0.0108656175435,
        "dvar2": 0.0273432359099,
        "max": 0.996018707752,
        "mean": 0.402615576982,
        "median": 0.394665002823,
        "min": 0.0253253504634,
        "var": 0.0273231491446
    },
    "silence_rate_20dB": {
        "dmean": 0,
        "dmean2": 0,
        "dvar": 0,
        "dvar2": 0,
        "max": 1,
        "mean": 1,
        "median": 1,
        "min": 1,
        "var": 0
    },
    "silence_rate_30dB": {
        "dmean": 0.0423354282975,
        "dmean2": 0.0846774205565,
        "dvar": 0.0405420400202,
        "dvar2": 0.107282049954,
        "max": 1,
        "mean": 0.971856117249,
        "median": 1,
        "min": 0,
        "var": 0.0273529924452
    },
    "silence_rate_60dB": {
        "dmean": 0.0108552379534,
        "dmean2": 0.0217121597379,
        "dvar": 0.0107380794361,
        "dvar2": 0.0240228660405,
        "max": 1,
        "mean": 0.0801674649119,
        "median": 0,
        "min": 0,
        "var": 0.0737312734127
    },
    "spectral_centroid": {
        "dmean": 278.518371582,
        "dmean2": 439.486083984,
        "dvar": 174016.28125,
        "dvar2": 423954.375,
        "max": 11769.5576172,
        "mean": 1069.81689453,
        "median": 850.869995117,
        "min": 125.571533203,
        "var": 508286.5
    },
    "spectral_complexity": {
        "dmean": 4.04636716843,
        "dmean2": 6.28675556183,
        "dvar": 41.1697692871,
        "dvar2": 74.8972320557,
        "max": 58,
        "mean": 13.0932703018,
        "median": 11,
        "min": 0,
        "var": 101.325904846
    },
    "spectral_decrease": {
        "dmean": 4.49696546667e-09,
        "dmean2": 7.18218018392e-09,
        "dvar": 3.39904627176e-17,
        "dvar2": 8.45740758789e-17,
        "max": 3.46501541843e-30,
        "mean": -1.03901101056e-08,
        "median": -8.0319022544e-09,
        "min": -4.72840575583e-08,
        "var": 6.97064638977e-17
    },
    "spectral_energy": {
        "dmean": 0.0178793463856,
        "dmean2": 0.028116742149,
        "dvar": 0.000508231110871,
        "dvar2": 0.001236054115,
        "max": 0.18549695611,
        "mean": 0.0413931421936,
        "median": 0.0325640961528,
        "min": 1.05840707823e-20,
        "var": 0.00107439572457
    },
    "spectral_energyband_high": {
        "dmean": 0.00125882122666,
        "dmean2": 0.00207777670585,
        "dvar": 1.10430610221e-05,
        "dvar2": 2.84550915239e-05,
        "max": 0.0296916570514,
        "mean": 0.00110729120206,
        "median": 3.746656148e-05,
        "min": 7.28523330193e-21,
        "var": 8.85300050868e-06
    },
    "spectral_energyband_low": {
        "dmean": 0.0133491260931,
        "dmean2": 0.0219425931573,
        "dvar": 0.000405727798352,
        "dvar2": 0.0010300942231,
        "max": 0.15275041759,
        "mean": 0.0240133404732,
        "median": 0.0102797206491,
        "min": 5.44376186842e-23,
        "var": 0.000883382221218
    },
    "spectral_energyband_middle_high": {
        "dmean": 0.00142491050065,
        "dmean2": 0.00210797833279,
        "dvar": 6.43339080852e-06,
        "dvar2": 1.21345265143e-05,
        "max": 0.0358517691493,
        "mean": 0.00339672435075,
        "median": 0.00197704834864,
        "min": 1.70178214061e-21,
        "var": 1.75841469172e-05
    },
    "spectral_energyband_middle_low": {
        "dmean": 0.00656414311379,
        "dmean2": 0.0106884418055,
        "dvar": 0.000154483364895,
        "dvar2": 0.000405277416576,
        "max": 0.123018242419,
        "mean": 0.0140409227461,
        "median": 0.00871002674103,
        "min": 2.21961123948e-22,
        "var": 0.000261600274825
    },
    "spectral_entropy": {
        "dmean": 0.319941878319,
        "dmean2": 0.479151159525,
        "dvar": 0.145529702306,
        "dvar2": 0.310298413038,
        "max": 9.80916213989,
        "mean": 6.99562168121,
        "median": 7.07357501984,
        "min": 3.58261537552,
        "var": 1.10418248177
    },
    "spectral_flux": {
        "dmean": 0.0433905497193,
        "dmean2": 0.0649851262569,
        "dvar": 0.00231218198314,
        "dvar2": 0.00455543631688,
        "max": 0.397874742746,
        "mean": 0.0986846461892,
        "median": 0.0792100504041,
        "min": 6.50234588395e-11,
        "var": 0.00548028852791
    },
    "spectral_kurtosis": {
        "dmean": 7.83433055878,
        "dmean2": 13.1795806885,
        "dvar": 217.809524536,
        "dvar2": 629.815612793,
        "max": 354.641967773,
        "mean": 19.668926239,
        "median": 6.36520385742,
        "min": -1.20607542992,
        "var": 1260.85168457
    },
    "spectral_rms": {
        "dmean": 0.00125796929933,
        "dmean2": 0.00192188250367,
        "dvar": 1.84564737538e-06,
        "dvar2": 4.25577400165e-06,
        "max": 0.013452607207,
        "mean": 0.00576611654833,
        "median": 0.00563647504896,
        "min": 3.21339743009e-12,
        "var": 7.13527060725e-06
    },
    "spectral_rolloff": {
        "dmean": 823.004333496,
        "dmean2": 1473.1986084,
        "dvar": 5182393,
        "dvar2": 14143724,
        "max": 19013.8183594,
        "mean": 1320.4822998,
        "median": 581.396484375,
        "min": 43.06640625,
        "var": 6146655
    },
    "spectral_skewness": {
        "dmean": 0.642060637474,
        "dmean2": 1.04942595959,
        "dvar": 0.660183489323,
        "dvar2": 1.87246990204,
        "max": 14.5099821091,
        "mean": 2.53897976875,
        "median": 1.93099462986,
        "min": -0.10064702481,
        "var": 3.873295784
    },
    "spectral_spread": {
        "dmean": 1094725.75,
        "dmean2": 1632666.375,
        "dvar": 2.96675966976e+12,
        "dvar2": 5.71365759386e+12,
        "max": 41296892,
        "mean": 4460452,
        "median": 3808939,
        "min": 267703.625,
        "var": 9.59454170317e+12
    },
    "spectral_strongpeak": {
        "dmean": 0.388785272837,
        "dmean2": 0.638566911221,
        "dvar": 0.378930032253,
        "dvar2": 0.922487020493,
        "max": 9.05740356445,
        "mean": 1.12673890591,
        "median": 0.55687391758,
        "min": 0,
        "var": 1.59412384033
    },
    "zerocrossingrate": {
        "dmean": 0.0146416984499,
        "dmean2": 0.0182115733624,
        "dvar": 0.00050886097597,
        "dvar2": 0.000748382764868,
        "max": 0.501953125,
        "mean": 0.0487222783267,
        "median": 0.03125,
        "min": 0.00146484375,
        "var": 0.00272266054526
    },
    "barkbands": {
        "dmean": [0.00105545285624, 0.0106469998136, 0.00484331976622, 0.00185172480997, 0.00189446343575, 0.00180940201972, 0.00144298793748, 0.000768715981394, 0.000566959439311, 0.000649307854474, 0.000240308610955, 0.000194847831153, 0.00018684209499, 0.000286233029328, 0.000261926790699, 0.000131738997879, 0.00024284455867, 0.000145435958984, 8.58573184814e-05, 8.96469500731e-05, 0.00010476791067, 0.000100185439806, 0.000119654730952, 0.000159561837791, 0.000294425175525, 0.00020714609127, 0.000285674119368],
        "dmean2": [0.00144804979209, 0.0175659023225, 0.00825991202146, 0.00350423902273, 0.00325080682524, 0.00254316464998, 0.00219223811291, 0.00109379808418, 0.00087107566651, 0.000951382215135, 0.000375295436243, 0.000285135116428, 0.000287837348878, 0.000422314507887, 0.000384181243135, 0.00020616488473, 0.000384512153687, 0.000238038686803, 0.000133659443236, 0.00014234954142, 0.00016646340373, 0.000155929257744, 0.000190848833881, 0.0002595866099, 0.000500971684232, 0.000356369157089, 0.000513738545123],
        "dvar": [3.47111813426e-06, 0.000241299319896, 0.000161963092978, 3.78902586817e-05, 3.07651571347e-05, 1.51181229739e-05, 7.64779451856e-06, 3.95104871131e-06, 1.77266338142e-06, 3.08550102091e-06, 2.02059993626e-07, 1.4838431639e-07, 2.47130714115e-07, 4.00576254833e-07, 3.52649180968e-07, 8.14439431451e-08, 2.1373163861e-07, 7.76233903821e-08, 3.80985518689e-08, 4.28670752228e-08, 4.25273434246e-08, 3.8504445854e-08, 6.67476882654e-08, 1.66342374541e-07, 7.32799605885e-07, 5.73248087221e-07, 9.6549160844e-07],
        "dvar2": [5.68543600821e-06, 0.000627607339993, 0.000430202926509, 0.000109384876851, 8.02627255325e-05, 2.41242905759e-05, 1.64614903042e-05, 6.55335452393e-06, 3.1028473586e-06, 5.28490727447e-06, 4.49232601341e-07, 2.76694095191e-07, 5.27078725554e-07, 7.40333859994e-07, 7.52703272155e-07, 1.57443039939e-07, 4.78465210563e-07, 1.99131591216e-07, 8.14315157527e-08, 1.03939314045e-07, 9.4878821244e-08, 8.95804603829e-08, 1.59013723078e-07, 3.96316494289e-07, 1.90233083686e-06, 1.52947689003e-06, 2.62022513198e-06],
        "max": [0.020985096693, 0.138827860355, 0.100137069821, 0.0593978017569, 0.0828201696277, 0.0773538351059, 0.0601930730045, 0.0457151643932, 0.0442210324109, 0.053213916719, 0.00910615548491, 0.0121835377067, 0.0146139422432, 0.0197209976614, 0.0100605050102, 0.00751403393224, 0.00916585326195, 0.00359866116196, 0.00225444766693, 0.00220028823242, 0.00185009895358, 0.00222666165791, 0.00233379006386, 0.00350230187178, 0.00765407085419, 0.0100867757574, 0.00836910121143],
        "mean": [0.0018162993947, 0.017306258902, 0.00424538040534, 0.00118656584527, 0.00160645984579, 0.00403212383389, 0.00312865828164, 0.00178524828516, 0.00109955796506, 0.00139022769872, 0.00037903082557, 0.000339776655892, 0.000263718742644, 0.000455794332083, 0.00036691580317, 0.000175666500581, 0.00036281577195, 0.000181920200703, 0.000112815541797, 9.32743641897e-05, 0.000110609405965, 0.000118021373055, 0.000126876315335, 0.000149820334627, 0.000230468562222, 0.000147727172589, 0.000181138675543],
        "median": [0.000301621999824, 0.00709963962436, 0.000302114116494, 9.9313489045e-05, 0.000250754295848, 0.000952465925366, 0.00119361979887, 0.000410521577578, 0.000260293192696, 0.000286067835987, 0.00012854913075, 0.000112863934191, 2.82346954918e-05, 7.85938464105e-05, 0.000103282291093, 3.30038456013e-05, 0.000104139697214, 5.52530837012e-05, 2.04163734452e-05, 8.89784678293e-06, 6.91521518092e-06, 6.75849969412e-06, 5.22782738699e-06, 3.63197250408e-06, 3.19534456139e-06, 1.24250584577e-06, 3.73452792246e-07],
        "min": [1.00499461841e-25, 3.0742688871e-23, 1.51233194672e-24, 8.54682670292e-24, 1.74690786215e-23, 6.64643001666e-24, 2.90106248468e-23, 2.04504253738e-23, 1.60270361536e-23, 7.96092298476e-23, 7.17731841752e-23, 5.67150853611e-23, 1.17855314369e-22, 8.64159571891e-23, 1.04335109356e-22, 1.21289699206e-22, 1.76591145825e-22, 2.15985218601e-22, 2.35983662964e-22, 2.55606508561e-22, 3.35215852005e-22, 4.59543309406e-22, 5.00634556467e-22, 6.60334435884e-22, 1.03603644708e-21, 1.64376135792e-21, 2.36130499639e-21],
        "var": [9.88307692751e-06, 0.000514431216288, 0.00012953505211, 2.11175374716e-05, 2.40143253905e-05, 6.87715655658e-05, 2.95672234643e-05, 1.83209995157e-05, 7.12085011401e-06, 1.44184432429e-05, 4.66524596732e-07, 4.65209666345e-07, 5.46126500467e-07, 1.27851410525e-06, 5.30844033619e-07, 1.45906042803e-07, 4.35136001897e-07, 9.60262980243e-08, 5.89177204802e-08, 4.90730620584e-08, 5.69213653989e-08, 5.67605340507e-08, 7.71411379219e-08, 1.55159199267e-07, 5.52942708509e-07, 3.99775871074e-07, 6.27089548288e-07]
    },
    "erbbands": {
        "dmean": [0.429407596588, 2.19789600372, 5.24299383163, 6.29391622543, 5.95582294464, 6.6055059433, 5.1168718338, 15.8195924759, 26.823759079, 16.3779563904, 17.0628967285, 12.3962097168, 24.9457149506, 10.3465414047, 6.05014228821, 8.95228290558, 8.35058689117, 15.5606946945, 12.9744415283, 9.64302349091, 9.52634620667, 10.7161779404, 8.39200115204, 5.88423967361, 4.04683446884, 4.32777881622, 4.78722906113, 3.41616082191, 3.76037764549, 3.54204273224, 3.35849690437, 2.90673732758, 3.0266764164, 3.6570019722, 1.90409970284, 0.793071866035, 0.383258074522, 0.168269172311, 0.0404012016952, 0.00408016471192],
        "dmean2": [0.724083900452, 3.52464222908, 8.68370437622, 11.5368757248, 10.7349586487, 11.0727405548, 9.0043888092, 22.3750076294, 38.4990615845, 24.4134140015, 24.2422389984, 18.9250869751, 36.3883895874, 16.226852417, 9.39961624146, 13.1044969559, 12.6473922729, 22.7381763458, 19.2186737061, 14.432510376, 14.9177455902, 17.0053691864, 13.5823440552, 9.44652271271, 6.1564912796, 6.81016206741, 7.85380172729, 5.14939785004, 5.8682179451, 5.70771598816, 5.29711437225, 4.70231342316, 4.94663333893, 6.25060510635, 3.24086380005, 1.3425668478, 0.662719786167, 0.296321868896, 0.0724912583828, 0.00743270805106],
        "dvar": [0.418538689613, 12.6167650223, 163.381515503, 370.68069458, 314.259460449, 429.243377686, 167.988876343, 1211.57116699, 2847.10791016, 1590.21923828, 1709.27709961, 848.848754883, 4899.39892578, 355.707794189, 156.688079834, 301.448150635, 437.345458984, 1134.37133789, 1043.8671875, 388.576171875, 327.505187988, 403.964813232, 268.394561768, 145.382797241, 91.3292922974, 102.816169739, 91.4128494263, 44.621219635, 55.8982849121, 54.0715675354, 53.8015670776, 50.0283851624, 61.9815864563, 115.91381073, 31.1095848083, 8.94022274017, 1.99615097046, 0.318404138088, 0.0191325228661, 0.000201853705221],
        "dvar2": [1.13049077988, 29.0952358246, 426.670410156, 1051.88000488, 881.404296875, 1074.87854004, 475.418243408, 2000.03747559, 5177.30810547, 2844.99267578, 2759.20629883, 1495.27392578, 8474.68457031, 809.862487793, 336.908233643, 582.210998535, 931.093688965, 2061.06396484, 2385.62060547, 740.397888184, 737.798828125, 923.743347168, 665.806213379, 332.120025635, 202.428634644, 244.218200684, 221.139053345, 90.5178222656, 129.909545898, 127.819381714, 128.799835205, 118.064544678, 151.431991577, 303.699859619, 80.1146087646, 23.6357631683, 5.35135269165, 0.842070221901, 0.0518363118172, 0.000557342602406],
        "max": [4.7699637413, 33.5976905823, 98.2433013916, 156.011383057, 184.301544189, 310.556121826, 191.568878174, 683.871276855, 923.140258789, 894.993225098, 1114.16760254, 1277.66772461, 2100.51904297, 387.409423828, 331.640106201, 441.29699707, 647.809265137, 1062.71191406, 567.878723145, 272.379638672, 324.225097656, 278.76184082, 239.106582642, 220.570266724, 118.896430969, 117.058158875, 78.1898117065, 59.8277893066, 95.4543533325, 61.1618080139, 74.6840057373, 64.2947616577, 65.2798461914, 94.2299194336, 52.5921058655, 45.2584495544, 19.0562095642, 4.89589452744, 1.1640689373, 0.119019269943],
        "mean": [0.616722285748, 3.39317774773, 5.43655061722, 4.58458089828, 4.39565467834, 5.76001739502, 5.32474040985, 35.4764709473, 62.0389976501, 36.6229934692, 40.0141296387, 25.8136024475, 54.3884811401, 17.8748531342, 10.1505861282, 15.7668924332, 13.4612188339, 26.1878051758, 17.9311313629, 15.309923172, 14.6786165237, 15.4022159576, 10.4242429733, 7.79312324524, 4.89650011063, 4.54856681824, 4.81801605225, 3.95788550377, 4.33311843872, 3.78019070625, 3.5896923542, 2.80399823189, 2.77692198753, 2.86119914055, 1.48404943943, 0.604972720146, 0.268476068974, 0.112505301833, 0.0258317887783, 0.00254331855103],
        "median": [0.269366919994, 0.860399961472, 0.524971008301, 0.629453897476, 0.492703795433, 0.793869197369, 2.197016716, 7.86861419678, 18.6315326691, 12.9355545044, 10.3535022736, 7.50293874741, 10.3662185669, 7.62886142731, 4.33791875839, 5.44671440125, 3.23358058929, 6.30459070206, 5.25019979477, 4.99836444855, 4.76007127762, 5.06105804443, 3.38932418823, 1.82321834564, 0.742097258568, 0.423355400562, 0.340090095997, 0.264035105705, 0.238893836737, 0.196353912354, 0.141854047775, 0.0850708335638, 0.0559015385807, 0.0421936362982, 0.0190562531352, 0.0067366505973, 0.00190615700558, 0.000507234071847, 8.08090917417e-05, 5.62418535992e-05],
        "min": [7.73398120763e-22, 3.47957644418e-21, 2.31629433495e-21, 1.37055135641e-20, 4.07658064191e-20, 4.31609014204e-20, 9.13993540958e-20, 5.06183482329e-20, 1.84162651473e-19, 7.45189539659e-19, 3.57784437004e-19, 4.6119367165e-19, 2.58399436038e-18, 2.39450920233e-18, 2.44955310901e-18, 2.52227531295e-18, 4.35756058356e-18, 5.42605542339e-18, 6.13390075692e-18, 6.07175012801e-18, 7.01010671002e-18, 8.58045120031e-18, 9.77472546973e-18, 1.01959506531e-17, 1.03938991095e-17, 1.34183816218e-17, 1.7616829465e-17, 9.80878132273e-18, 1.50851522104e-17, 1.89508484543e-17, 1.46656541802e-17, 1.38052258701e-17, 1.24536921585e-17, 1.04458766577e-17, 8.49741302016e-18, 6.45988519171e-18, 2.7324662493e-18, 1.26806808584e-18, 3.0649306102e-19, 3.27226834212e-20],
        "var": [0.714306533337, 25.3727684021, 152.606369019, 224.588623047, 196.869140625, 370.919525146, 112.970207214, 5361.15673828, 12497.6699219, 6721.12011719, 8063.7421875, 3510.43139648, 22646.6484375, 792.275939941, 373.488800049, 895.90637207, 1052.79541016, 3721.31591797, 1408.51098633, 737.198852539, 632.900756836, 664.123840332, 338.340545654, 222.059783936, 129.582855225, 121.19683075, 105.459335327, 72.5384140015, 82.1376342773, 63.1525039673, 63.2367134094, 49.0756645203, 55.5734214783, 85.5926818848, 23.7385673523, 6.42784929276, 1.37311983109, 0.219800725579, 0.0125019699335, 0.000125860809931]
    },
    "gfcc": {
        "mean": [-80.1603775024, 109.036369324, -114.539344788, -0.0762924030423, -47.7298316956, -3.93261885643, -30.740940094, 13.1365871429, -0.700459241867, 1.0257267952, -4.63416957855, 3.29277348518, -6.04086971283],
        "cov": [[30428.7089844, -1275.62805176, 3575.42114258, 3213.84228516, -50.6763153076, 2373.11816406, -30.8431854248, 798.361999512, -417.251403809, 992.831420898, -454.852783203, 157.530105591, -23.2345123291], [-1275.62805176, 4102.43310547, -1953.015625, -1541.7980957, 75.1098403931, -1386.47131348, -184.982559204, -303.570922852, 379.802459717, -576.670715332, 282.713562012, -157.97807312, -37.2424850464], [3575.42114258, -1953.015625, 3249.96923828, 1961.61523438, 186.686172485, 1448.55615234, 403.860473633, 486.411560059, -111.383842468, 363.731811523, -194.574264526, 234.280273438, 0.231398522854], [3213.84228516, -1541.7980957, 1961.61523438, 2660.25732422, 262.322235107, 1408.17114258, 520.118286133, 530.850891113, -183.247329712, 168.230636597, -185.361404419, 248.258743286, -18.6580715179], [-50.6763153076, 75.1098403931, 186.686172485, 262.322235107, 492.435760498, 228.278961182, 169.838912964, 103.120941162, 38.1673774719, 85.5096740723, 21.9935531616, 2.97289466858, 1.9510602951], [2373.11816406, -1386.47131348, 1448.55615234, 1408.17114258, 228.278961182, 1324.72497559, 390.02935791, 352.72442627, -134.275009155, 328.819335938, -139.063262939, 121.212356567, -10.7622556686], [-30.8431854248, -184.982559204, 403.860473633, 520.118286133, 169.838912964, 390.02935791, 365.323516846, 195.590698242, -6.22989463806, 15.1646289825, -17.7615585327, 46.6073684692, -6.73796606064], [798.361999512, -303.570922852, 486.411560059, 530.850891113, 103.120941162, 352.72442627, 195.590698242, 343.361022949, 58.4084968567, 61.234375, -22.0094966888, 88.4908676147, 4.15233755112], [-417.251403809, 379.802459717, -111.383842468, -183.247329712, 38.1673774719, -134.275009155, -6.22989463806, 58.4084968567, 192.20993042, 19.978345871, 60.2475242615, -2.67558526993, 9.66980838776], [992.831420898, -576.670715332, 363.731811523, 168.230636597, 85.5096740723, 328.819335938, 15.1646289825, 61.234375, 19.978345871, 416.287231445, 13.9500370026, 4.02640676498, 38.0441513062], [-454.852783203, 282.713562012, -194.574264526, -185.361404419, 21.9935531616, -139.063262939, -17.7615585327, -22.0094966888, 60.2475242615, 13.9500370026, 162.435272217, 58.2742729187, 26.7808113098], [157.530105591, -157.97807312, 234.280273438, 248.258743286, 2.97289466858, 121.212356567, 46.6073684692, 88.4908676147, -2.67558526993, 4.02640676498, 58.2742729187, 153.752761841, 52.3761291504], [-23.2345123291, -37.2424850464, 0.231398522854, -18.6580715179, 1.9510602951, -10.7622556686, -6.73796606064, 4.15233755112, 9.66980838776, 38.0441513062, 26.7808113098, 52.3761291504, 87.3682861328]],
        "icov": [[5.87709473621e-05, -9.67500527622e-05, -3.91646462958e-05, -4.39530631411e-05, 6.45623804303e-05, -7.24936035112e-05, 0.000218932080315, -0.0001961691014, 0.000258525105892, -0.000169238875969, 6.13953816355e-05, 7.12136825314e-05, -3.54889743903e-05], [-9.67500527622e-05, 0.000772179919295, 0.00017748249229, 5.8852492657e-05, -0.000344102358213, 0.000285921647446, -0.000496267573908, 0.000584893510677, -0.00137711840216, 0.000981846591458, -0.000717497372534, 0.00033122493187, 3.86045467167e-05], [-3.91646462958e-05, 0.00017748249229, 0.00077465432696, -0.000192290230189, -3.6129495129e-05, -0.00033726284164, -0.00011264931527, 0.000215065840166, -0.000647760636639, -2.50573029916e-05, 0.000488521473017, -0.000792392296717, 0.000370364054106], [-4.39530631411e-05, 5.8852492657e-05, -0.000192290230189, 0.00126954761799, -0.000219246343477, -0.000613242445979, -0.000428384693805, -0.000361308950232, 0.000324388121953, 0.000363649596693, 0.00060598104028, -0.00125362712424, 0.000570047530346], [6.45623804303e-05, -0.000344102358213, -3.6129495129e-05, -0.000219246343477, 0.00283879810013, -0.000398494652472, -0.000674169859849, -0.000357419543434, 0.00015598142636, -0.00065005698707, -0.000676877389196, 0.0011108899489, -0.000516406144015], [-7.24936035112e-05, 0.000285921647446, -0.00033726284164, -0.000613242445979, -0.000398494652472, 0.00365248369053, -0.00193045462947, -0.000150577252498, 0.000843316374812, -0.00178771011997, 0.00118688098155, -0.00116143142805, 0.00130719528534], [0.000218932080315, -0.000496267573908, -0.00011264931527, -0.000428384693805, -0.000674169859849, -0.00193045462947, 0.00672914786264, -0.00284540629946, 0.00132762175053, 0.000981716322713, -0.00154156214558, 0.00228023552336, -0.00128191942349], [-0.0001961691014, 0.000584893510677, 0.000215065840166, -0.000361308950232, -0.000357419543434, -0.000150577252498, -0.00284540629946, 0.00793969724327, -0.00514093181118, 0.000432585395174, 0.00197119871154, -0.00393238989636, 0.00164587970357], [0.000258525105892, -0.00137711840216, -0.000647760636639, 0.000324388121953, 0.00015598142636, 0.000843316374812, 0.00132762175053, -0.00514093181118, 0.0114394398406, -0.00252116750926, -0.0016969012795, 0.00183510663919, -0.000748408201616], [-0.000169238875969, 0.000981846591458, -2.50573029916e-05, 0.000363649596693, -0.00065005698707, -0.00178771011997, 0.000981716322713, 0.000432585395174, -0.00252116750926, 0.00597909511998, -0.00345610850491, 0.00370275997557, -0.00318418932147], [6.13953816355e-05, -0.000717497372534, 0.000488521473017, 0.00060598104028, -0.000676877389196, 0.00118688098155, -0.00154156214558, 0.00197119871154, -0.0016969012795, -0.00345610850491, 0.014224874787, -0.0106335980818, 0.00349448318593], [7.12136825314e-05, 0.00033122493187, -0.000792392296717, -0.00125362712424, 0.0011108899489, -0.00116143142805, 0.00228023552336, -0.00393238989636, 0.00183510663919, 0.00370275997557, -0.0106335980818, 0.0199953280389, -0.0104535184801], [-3.54889743903e-05, 3.86045467167e-05, 0.000370364054106, 0.000570047530346, -0.000516406144015, 0.00130719528534, -0.00128191942349, 0.00164587970357, -0.000748408201616, -0.00318418932147, 0.00349448318593, -0.0104535184801, 0.0182340089232]]
    },
    "melbands": {
        "dmean": [0.00328847463243, 0.00252996245399, 0.00105531979352, 0.000477187131764, 0.000187124751392, 0.000391514506191, 0.000391279463656, 0.000172006621142, 0.000143644312629, 7.79680849519e-05, 0.000122526005725, 3.90113382309e-05, 2.35436655203e-05, 1.95623579202e-05, 2.06044060178e-05, 2.13083276321e-05, 3.28564929077e-05, 1.99849564524e-05, 1.83147385542e-05, 1.0749186913e-05, 1.33928060677e-05, 1.32695340653e-05, 8.97605332284e-06, 6.11980522081e-06, 4.9752193263e-06, 2.9357929634e-06, 3.20133563037e-06, 2.67661312137e-06, 2.97357746604e-06, 2.69681822829e-06, 1.82160840723e-06, 2.2473361696e-06, 1.92775723917e-06, 2.09261907003e-06, 1.89091929315e-06, 1.99209421226e-06, 1.75412731096e-06, 1.69334737166e-06, 3.493135182e-06, 2.74733770311e-06],
        "dmean2": [0.00546403927729, 0.00406256504357, 0.00191764859483, 0.000822036934551, 0.000327483227011, 0.000545133487321, 0.000563603709452, 0.000253598234849, 0.000204996715183, 0.000119779462693, 0.000179002920049, 6.2016028096e-05, 3.7232744944e-05, 2.93308821711e-05, 3.07959162456e-05, 3.22948544635e-05, 4.80310045532e-05, 2.99609528156e-05, 2.66216338787e-05, 1.6337065972e-05, 2.11777660297e-05, 2.0902716642e-05, 1.44983296195e-05, 9.96341714199e-06, 8.0133722804e-06, 4.65283028461e-06, 5.08412585987e-06, 4.24854488301e-06, 4.94149981023e-06, 4.27241093348e-06, 2.77618937616e-06, 3.52307824869e-06, 3.08664789372e-06, 3.43073406839e-06, 3.00817623611e-06, 3.22781443174e-06, 2.86916338155e-06, 2.67987752522e-06, 6.06432695349e-06, 4.64864433525e-06],
        "dvar": [2.25937528739e-05, 2.65238704742e-05, 1.00065681181e-05, 2.09000040741e-06, 2.39087256659e-07, 7.59200872835e-07, 5.70121983401e-07, 1.98629592774e-07, 1.2286061235e-07, 3.49429036817e-08, 1.19415219046e-07, 5.26471177764e-09, 2.07849404354e-09, 1.38389255611e-09, 2.29250218808e-09, 3.46622797132e-09, 5.57438672999e-09, 2.59793830892e-09, 1.43382905549e-09, 5.64077173859e-10, 7.13051118151e-10, 6.34726382565e-10, 3.10441505835e-10, 1.40564615503e-10, 1.06188960403e-10, 5.39401856514e-11, 6.12035283565e-11, 3.84601239745e-11, 3.57501805937e-11, 2.96016891554e-11, 1.35483985142e-11, 2.03381339547e-11, 1.59864291943e-11, 1.96245016765e-11, 1.6322812893e-11, 2.16937700442e-11, 1.97860269835e-11, 1.8225729953e-11, 1.0814813628e-10, 6.3878236034e-11],
        "dvar2": [6.17991245235e-05, 6.57075579511e-05, 2.82301098196e-05, 5.42730776942e-06, 6.67585084102e-07, 1.20481092836e-06, 1.05886681467e-06, 3.48345849943e-07, 1.98886425551e-07, 6.11354096236e-08, 2.07061077617e-07, 1.23520438322e-08, 4.7750616794e-09, 2.86153145623e-09, 4.38903402511e-09, 6.88196966081e-09, 9.95023174966e-09, 6.00395155814e-09, 2.77267875326e-09, 1.08077713445e-09, 1.65317037837e-09, 1.45845280297e-09, 7.54732665253e-10, 3.52132184522e-10, 2.45734627091e-10, 1.21416876553e-10, 1.46808176726e-10, 9.11230882417e-11, 8.6999997484e-11, 6.99159480311e-11, 2.81393797152e-11, 4.80831867378e-11, 3.89417526003e-11, 4.64334508343e-11, 3.90399275407e-11, 5.22046295082e-11, 4.73693619052e-11, 4.14904811896e-11, 2.91078244841e-10, 1.64888311338e-10],
        "max": [0.0360723361373, 0.03864941746, 0.0267676692456, 0.022255577147, 0.00726086925715, 0.0172558799386, 0.0126628745347, 0.0109538584948, 0.00822746381164, 0.00867701694369, 0.0103678395972, 0.00145552679896, 0.000903046398889, 0.000988510786556, 0.00192848790903, 0.00189572700765, 0.00244364771061, 0.000876671925653, 0.000600865692832, 0.000715665344615, 0.000583180575632, 0.000385509541957, 0.000199907983188, 0.00012370206241, 0.000195931148482, 9.97989845928e-05, 8.85974077391e-05, 6.72513851896e-05, 5.02397488162e-05, 5.02776128997e-05, 3.97668227379e-05, 5.42405759916e-05, 4.11777764384e-05, 3.55481315637e-05, 4.08336018154e-05, 4.38109273091e-05, 3.56089112756e-05, 3.88061416743e-05, 9.05443739612e-05, 7.11930042598e-05],
        "mean": [0.00523444823921, 0.00346686900593, 0.000789896235801, 0.000385055551305, 0.000181270137546, 0.00088995276019, 0.000916355114896, 0.000381180871045, 0.000323239626596, 0.000156635971507, 0.000263527646894, 6.18684352958e-05, 3.65521409549e-05, 3.41915510944e-05, 3.43504834746e-05, 3.03865563183e-05, 5.34862738277e-05, 2.57681349467e-05, 2.70285181614e-05, 1.581316792e-05, 1.95407501451e-05, 1.91134167835e-05, 1.06175402834e-05, 7.61294359108e-06, 6.23729465588e-06, 3.54302710548e-06, 3.33348157255e-06, 2.80073527392e-06, 2.88938599624e-06, 2.83277677227e-06, 2.13980024455e-06, 2.5455146897e-06, 2.10367193176e-06, 2.12389295484e-06, 2.04945263249e-06, 1.97543408831e-06, 1.61798845966e-06, 1.68047449733e-06, 2.66812503469e-06, 2.20139327212e-06],
        "median": [0.00249539269134, 0.000598013983108, 0.000111196030048, 4.85386190121e-05, 5.34173268534e-05, 0.000188235426322, 0.000290613068501, 0.000115551825729, 7.32728440198e-05, 4.25891776104e-05, 4.62741845695e-05, 2.57489646174e-05, 1.3372848116e-05, 1.32547402245e-05, 9.67533742369e-06, 2.80441554423e-06, 9.16422504815e-06, 6.29456644674e-06, 7.24403162167e-06, 2.86178828901e-06, 5.47025592823e-06, 5.45399143448e-06, 3.13023110721e-06, 2.17194155994e-06, 1.27299199448e-06, 5.00756527799e-07, 3.56914199529e-07, 2.39625165932e-07, 2.16011017073e-07, 1.64488284327e-07, 1.40461025921e-07, 1.37016300528e-07, 1.19848991176e-07, 1.02483980413e-07, 8.1604170532e-08, 6.87587942139e-08, 4.43707932618e-08, 3.69496007124e-08, 3.95401258402e-08, 3.27918385779e-08],
        "min": [8.28863095092e-24, 1.72968462256e-24, 3.36052536814e-24, 2.95687747028e-24, 3.53958653843e-24, 1.1397830165e-24, 3.70132195666e-24, 7.94478857044e-24, 2.55018575262e-24, 2.61896121013e-24, 1.31133429014e-23, 9.00330264345e-24, 9.44325904776e-24, 7.08398986155e-24, 8.25846885421e-24, 1.27110490833e-23, 9.37809440382e-24, 9.56479648084e-24, 8.35325916944e-24, 8.54112797174e-24, 8.54858744046e-24, 7.4125740944e-24, 1.00452924471e-23, 9.4864294608e-24, 6.90882487526e-24, 9.12534415865e-24, 7.20153802503e-24, 7.3347529661e-24, 1.00197459755e-23, 4.51435277116e-24, 6.45862550653e-24, 7.77596681469e-24, 1.05890984453e-23, 8.21733922433e-24, 8.93452107226e-24, 7.67601734914e-24, 8.37716954348e-24, 8.16243450533e-24, 9.09227432064e-24, 8.11702846048e-24],
        "var": [4.53406501038e-05, 3.58568031515e-05, 6.17414434601e-06, 1.62230514889e-06, 1.67343657154e-07, 3.48675916939e-06, 2.57917713498e-06, 8.34341165046e-07, 5.60412956929e-07, 1.46808488921e-07, 5.51059201825e-07, 1.02966364324e-08, 4.31941593604e-09, 3.6555154459e-09, 6.82575374e-09, 8.86014284163e-09, 1.87749211733e-08, 3.38460592886e-09, 2.78058265302e-09, 1.18057907894e-09, 1.42936629199e-09, 1.1490082219e-09, 3.79008519014e-10, 1.8271544e-10, 1.58675475537e-10, 7.60625659679e-11, 6.93689827802e-11, 4.58373512757e-11, 3.92116686343e-11, 3.98865697415e-11, 2.18793039242e-11, 3.00761707206e-11, 1.9222441347e-11, 2.14616449612e-11, 2.03022980372e-11, 2.23704960806e-11, 1.82882511218e-11, 1.86582398837e-11, 7.54972473427e-11, 4.89051715791e-11]
    },
    "mfcc": {
        "mean": [-717.62878418, 144.681213379, -2.70312261581, 5.46907901764, 3.9992954731, -12.7326478958, -13.5324459076, 5.83916187286, 4.66760969162, 1.68226027489, 6.26723623276, 6.91591596603, 5.23851394653],
        "cov": [[15293.8417969, -1490.46813965, 1847.57849121, 1708.29870605, 942.453430176, 1841.13000488, 1194.12915039, 456.048553467, 602.746826172, 584.181396484, 287.739196777, 135.046295166, 82.4043579102], [-1490.46813965, 3286.1965332, -1422.66235352, -828.230651855, -261.056152344, -932.62298584, -646.851379395, -215.092483521, -255.249053955, -146.216766357, -14.4328594208, 10.7049741745, 11.0442905426], [1847.57849121, -1422.66235352, 2227.84667969, 1041.33032227, 414.440612793, 933.710632324, 633.200378418, 465.043579102, 414.987365723, 151.05116272, 114.377334595, 93.4519271851, 84.8210906982], [1708.29870605, -828.230651855, 1041.33032227, 1347.79370117, 441.608673096, 670.965270996, 585.374633789, 525.458007812, 307.515380859, 114.986282349, 65.3374252319, 72.2241821289, 73.5986633301], [942.453430176, -261.056152344, 414.440612793, 441.608673096, 388.418670654, 358.980255127, 250.527832031, 174.515686035, 148.717453003, 94.9760437012, 63.6479949951, 50.9259338379, 49.6733283997], [1841.13000488, -932.62298584, 933.710632324, 670.965270996, 358.980255127, 974.265075684, 595.219421387, 246.254364014, 266.252990723, 237.136734009, 135.117996216, 73.3636398315, 58.4583511353], [1194.12915039, -646.851379395, 633.200378418, 585.374633789, 250.527832031, 595.219421387, 584.028808594, 340.987365723, 204.15057373, 130.220336914, 82.6999664307, 47.8291358948, 37.4339370728], [456.048553467, -215.092483521, 465.043579102, 525.458007812, 174.515686035, 246.254364014, 340.987365723, 487.172363281, 200.295303345, 1.93795216084, 32.3007354736, 53.6371116638, 35.6309547424], [602.746826172, -255.249053955, 414.987365723, 307.515380859, 148.717453003, 266.252990723, 204.15057373, 200.295303345, 247.359237671, 140.935409546, 68.9739456177, 47.6658782959, 35.6470870972], [584.181396484, -146.216766357, 151.05116272, 114.986282349, 94.9760437012, 237.136734009, 130.220336914, 1.93795216084, 140.935409546, 230.288848877, 121.734306335, 39.2868080139, 22.5374279022], [287.739196777, -14.4328594208, 114.377334595, 65.3374252319, 63.6479949951, 135.117996216, 82.6999664307, 32.3007354736, 68.9739456177, 121.734306335, 144.10357666, 80.7907180786, 36.20054245], [135.046295166, 10.7049741745, 93.4519271851, 72.2241821289, 50.9259338379, 73.3636398315, 47.8291358948, 53.6371116638, 47.6658782959, 39.2868080139, 80.7907180786, 126.207389832, 91.1983108521], [82.4043579102, 11.0442905426, 84.8210906982, 73.5986633301, 49.6733283997, 58.4583511353, 37.4339370728, 35.6309547424, 35.6470870972, 22.5374279022, 36.20054245, 91.1983108521, 133.982345581]],
