{
"lowlevel": {
    "average_loudness": 0.961302876472,
    "barkbands_crest": {
        "dmean": 3.32043194771,
        "dmean2": 5.37926340103,
        "dvar": 9.45882129669,
        "dvar2": 25.1557941437,
        "max": 26.7495422363,
        "mean": 13.872171402,
        "median": 13.9819202423,
        "min": 2.44997525215,
        "var": 19.9205989838
    },
    "barkbands_flatness_db": {
        "dmean": 0.0340936817229,
        "dmean2": 0.0533545129001,
        "dvar": 0.00123673223425,
        "dvar2": 0.00290205446072,
        "max": 0.534665822983,
        "mean": 0.252769291401,
        "median": 0.236142143607,
        "min": 0.025095468387,
        "var": 0.0109646646306
    },
    "barkbands_kurtosis": {
        "dmean": 4.94801235199,
        "dmean2": 7.68974113464,
        "dvar": 54.1555137634,
        "dvar2": 119.475975037,
        "max": 160.245223999,
        "mean": 7.59655427933,
        "median": 4.58548355103,
        "min": -1.8785122633,
        "var": 105.466781616
    },
    "barkbands_skewness": {
        "dmean": 0.753762722015,
        "dmean2": 1.15404200554,
        "dvar": 0.559430241585,
        "dvar2": 1.26655614376,
        "max": 9.89519882202,
        "mean": 2.11979055405,
        "median": 2.05484247208,
        "min": -5.10048484802,
        "var": 1.98377716541
    },
    "barkbands_spread": {
        "dmean": 5.51440048218,
        "dmean2": 9.00174999237,
        "dvar": 74.2058029175,
        "dvar2": 188.991821289,
        "max": 107.780548096,
        "mean": 13.0174093246,
        "median": 9.97447299957,
        "min": 0.231874495745,
        "var": 130.881378174
    },
    "dissonance": {
        "dmean": 0.0257683377713,
        "dmean2": 0.043407779187,
        "dvar": 0.000760035822168,
        "dvar2": 0.00209323666058,
        "max": 0.500000119209,
        "mean": 0.447472006083,
        "median": 0.462702125311,
        "min": 0.0926371887326,
        "var": 0.00222710776143
    },
    "dynamic_complexity": 2.29172992706,
    "erbbands_crest": {
        "dmean": 3.1467590332,
        "dmean2": 4.89410257339,
        "dvar": 9.7030620575,
        "dvar2": 20.4212760925,
        "max": 32.8655357361,
        "mean": 10.5091333389,
        "median": 8.95422554016,
        "min": 2.02726888657,
        "var": 33.9708633423
    },
    "erbbands_flatness_db": {
        "dmean": 0.0215796362609,
        "dmean2": 0.0328799933195,
        "dvar": 0.000588180846535,
        "dvar2": 0.00124717224389,
        "max": 0.572850942612,
        "mean": 0.240651160479,
        "median": 0.222706332803,
        "min": 0.0234706327319,
        "var": 0.0112866973504
    },
    "erbbands_kurtosis": {
        "dmean": 1.16864740849,
        "dmean2": 1.8621327877,
        "dvar": 4.62039995193,
        "dvar2": 10.8472566605,
        "max": 56.7345504761,
        "mean": 0.599601507187,
        "median": -0.0963799953461,
        "min": -1.73293495178,
        "var": 7.45201587677
    },
    "erbbands_skewness": {
        "dmean": 0.443982899189,
        "dmean2": 0.644594490528,
        "dvar": 0.19755089283,
        "dvar2": 0.398935317993,
        "max": 6.34749650955,
        "mean": 0.139027327299,
        "median": 0.208361327648,
        "min": -5.91385030746,
        "var": 0.757773637772
    },
    "erbbands_spread": {
        "dmean": 7.37017345428,
        "dmean2": 11.6536979675,
        "dvar": 79.6074371338,
        "dvar2": 198.913375854,
        "max": 133.658981323,
        "mean": 30.449924469,
        "median": 26.7181682587,
        "min": 0.76046615839,
        "var": 357.031066895
    },
    "hfc": {
        "dmean": 10.0350074768,
        "dmean2": 16.8270378113,
        "dvar": 339.668304443,
        "dvar2": 947.013305664,
        "max": 167.893951416,
        "mean": 19.9873371124,
        "median": 16.0304927826,
        "min": 1.12934783743e-16,
        "var": 339.603790283
    },
    "melbands_crest": {
        "dmean": 4.04953670502,
        "dmean2": 6.46773004532,
        "dvar": 14.3588485718,
        "dvar2": 34.0209541321,
        "max": 32.7588882446,
        "mean": 17.6763114929,
        "median": 17.6601734161,
        "min": 1.86524617672,
        "var": 30.1339988708
    },
    "melbands_flatness_db": {
        "dmean": 0.0396986119449,
        "dmean2": 0.0623505711555,
        "dvar": 0.00176931347232,
        "dvar2": 0.00415285490453,
        "max": 0.65560567379,
        "mean": 0.339224547148,
        "median": 0.316264688969,
        "min": 0.00594260590151,
        "var": 0.0141300819814
    },
    "melbands_kurtosis": {
        "dmean": 10.0305118561,
        "dmean2": 15.1974172592,
        "dvar": 252.466598511,
        "dvar2": 553.46685791,
        "max": 288.456298828,
        "mean": 18.6251468658,
        "median": 12.0589914322,
        "min": -1.92619562149,
        "var": 530.600830078
    },
    "melbands_skewness": {
        "dmean": 0.915434479713,
        "dmean2": 1.37576591969,
        "dvar": 0.839048206806,
        "dvar2": 1.90529191494,
        "max": 13.8979415894,
        "mean": 3.13999271393,
        "median": 3.06847929955,
        "min": -4.41655015945,
        "var": 3.55118465424
    },
    "melbands_spread": {
        "dmean": 5.31529378891,
        "dmean2": 8.63690376282,
        "dvar": 61.5893135071,
        "dvar2": 150.662185669,
        "max": 141.055297852,
        "mean": 12.3375558853,
        "median": 8.99612903595,
        "min": 0.554146826267,
        "var": 127.105270386
    },
    "pitch_salience": {
        "dmean": 0.0978536084294,
        "dmean2": 0.153579562902,
        "dvar": 0.0083241071552,
        "dvar2": 0.0191516391933,
        "max": 0.974472641945,
        "mean": 0.465534985065,
        "median": 0.458517193794,
        "min": 0.0620836503804,
        "var": 0.0154693983495
    },
    "silence_rate_20dB": {
        "dmean": 0,
        "dmean2": 0,
        "dvar": 0,
        "dvar2": 0,
        "max": 1,
        "mean": 1,
        "median": 1,
        "min": 1,
        "var": 0
    },
    "silence_rate_30dB": {
        "dmean": 0.0956182032824,
        "dmean2": 0.19125264883,
        "dvar": 0.086483091116,
        "dvar2": 0.197827368975,
        "max": 1,
        "mean": 0.924513876438,
        "median": 1,
        "min": 0,
        "var": 0.0697828233242
    },
    "silence_rate_60dB": {
        "dmean": 0.00611413037404,
        "dmean2": 0.0122292991728,
        "dvar": 0.00607748981565,
        "dvar2": 0.0139510119334,
        "max": 1,
        "mean": 0.0256432034075,
        "median": 0,
        "min": 0,
        "var": 0.0249842405319
    },
    "spectral_centroid": {
        "dmean": 241.171325684,
        "dmean2": 368.66519165,
        "dvar": 95315.9453125,
        "dvar2": 207645.4375,
        "max": 11136.3701172,
        "mean": 909.927307129,
        "median": 806.827880859,
        "min": 142.083450317,
        "var": 332378.71875
    },
    "spectral_complexity": {
        "dmean": 3.74388575554,
        "dmean2": 6.2890868187,
        "dvar": 21.3893985748,
        "dvar2": 57.3576202393,
        "max": 51,
        "mean": 17.1571712494,
        "median": 17,
        "min": 0,
        "var": 60.0413131714
    },
    "spectral_decrease": {
        "dmean": 5.1656980915e-09,
        "dmean2": 7.7423472078e-09,
        "dvar": 3.30299141206e-17,
        "dvar2": 7.50358959402e-17,
        "max": 2.46551400831e-25,
        "mean": -1.42472718068e-08,
        "median": -1.35670070733e-08,
        "min": -4.97945933375e-08,
        "var": 9.03598800089e-17
    },
    "spectral_energy": {
        "dmean": 0.0199517477304,
        "dmean2": 0.0299664083868,
        "dvar": 0.000486401462695,
        "dvar2": 0.00110363622662,
        "max": 0.191129416227,
        "mean": 0.0555854476988,
        "median": 0.0532348752022,
        "min": 1.03943483462e-20,
        "var": 0.00133920437656
    },
    "spectral_energyband_high": {
        "dmean": 0.000474967178889,
        "dmean2": 0.000836533610709,
        "dvar": 1.94189510694e-06,
        "dvar2": 5.56168515686e-06,
        "max": 0.0106245772913,
        "mean": 0.000492477207445,
        "median": 6.38476703898e-05,
        "min": 7.49756749556e-21,
        "var": 1.55264399382e-06
    },
    "spectral_energyband_low": {
        "dmean": 0.0158925540745,
        "dmean2": 0.0236183274537,
        "dvar": 0.0003672951716,
        "dvar2": 0.000829070573673,
        "max": 0.159381762147,
        "mean": 0.0354656353593,
        "median": 0.0334947481751,
        "min": 4.85893952079e-23,
        "var": 0.000976166513283
    },
    "spectral_energyband_middle_high": {
        "dmean": 0.00236373953521,
        "dmean2": 0.00379988644272,
        "dvar": 1.51677559188e-05,
        "dvar2": 3.73266630049e-05,
        "max": 0.0485622882843,
        "mean": 0.00503042014316,
        "median": 0.0032559633255,
        "min": 1.37214854605e-21,
        "var": 2.87383936666e-05
    },
    "spectral_energyband_middle_low": {
        "dmean": 0.00911379605532,
        "dmean2": 0.014268245548,
        "dvar": 0.000255253980868,
        "dvar2": 0.00061884324532,
        "max": 0.156329199672,
        "mean": 0.0164811275899,
        "median": 0.0114644076675,
        "min": 1.95584884317e-22,
        "var": 0.000300902174786
    },
    "spectral_entropy": {
        "dmean": 0.242609724402,
        "dmean2": 0.379877924919,
        "dvar": 0.0743932276964,
        "dvar2": 0.184921681881,
        "max": 9.81061649323,
        "mean": 6.93764543533,
        "median": 7.11961889267,
        "min": 4.43901491165,
        "var": 0.657323479652
    },
    "spectral_flux": {
        "dmean": 0.0411737933755,
        "dmean2": 0.0619123950601,
        "dvar": 0.00173786689993,
        "dvar2": 0.00315095577389,
        "max": 0.382036745548,
        "mean": 0.113314241171,
        "median": 0.0975778475404,
        "min": 6.66082605738e-11,
        "var": 0.00462253019214
    },
    "spectral_kurtosis": {
        "dmean": 11.6752824783,
        "dmean2": 20.1606178284,
        "dvar": 398.548858643,
        "dvar2": 1117.28845215,
        "max": 389.089813232,
        "mean": 29.0943965912,
        "median": 7.09147834778,
        "min": -1.35805547237,
        "var": 2237.16625977
    },
    "spectral_rms": {
        "dmean": 0.00129539461341,
        "dmean2": 0.00191784463823,
        "dvar": 1.65544770425e-06,
        "dvar2": 3.62065907211e-06,
        "max": 0.0136553179473,
        "mean": 0.00686788419262,
        "median": 0.00720669561997,
        "min": 3.18446657932e-12,
        "var": 7.06178525434e-06
    },
    "spectral_rolloff": {
        "dmean": 385.239990234,
        "dmean2": 679.149414062,
        "dvar": 1157436.75,
        "dvar2": 3219128,
        "max": 20068.9453125,
        "mean": 767.077331543,
        "median": 516.796875,
        "min": 64.599609375,
        "var": 1153698.375
    },
    "spectral_skewness": {
        "dmean": 0.77521032095,
        "dmean2": 1.33495116234,
        "dvar": 1.04091024399,
        "dvar2": 2.98926377296,
        "max": 16.384847641,
        "mean": 2.87257266045,
        "median": 1.80008232594,
        "min": -0.105637386441,
        "var": 6.4010181427
    },
    "spectral_spread": {
        "dmean": 538137.5,
        "dmean2": 890863.5,
        "dvar": 1.06033453466e+12,
        "dvar2": 2.38680984781e+12,
        "max": 52024440,
        "mean": 2827926.5,
        "median": 2450571,
        "min": 296797.125,
        "var": 4.28130277786e+12
    },
    "spectral_strongpeak": {
        "dmean": 0.494313538074,
        "dmean2": 0.825624525547,
        "dvar": 1.00960659981,
        "dvar2": 2.45299172401,
        "max": 11.3959503174,
        "mean": 0.868837952614,
        "median": 0.553259849548,
        "min": 0,
        "var": 1.35108673573
    },
    "zerocrossingrate": {
        "dmean": 0.00835008174181,
        "dmean2": 0.0108088264242,
        "dvar": 0.000172178682988,
        "dvar2": 0.000283494096948,
        "max": 0.50439453125,
        "mean": 0.0324332863092,
        "median": 0.02685546875,
        "min": 0.0029296875,
        "var": 0.000677448697388
    },
    "barkbands": {
        "dmean": [0.00125012954231, 0.0121478876099, 0.00585298752412, 0.00256491615437, 0.00563292391598, 0.00106915016659, 0.00104534928687, 0.000660403689835, 0.00116525404155, 0.000616445264313, 0.000239703789703, 0.000355649535777, 0.000695403898135, 0.000878843653481, 0.000220796704525, 0.000104959384771, 0.000162251060829, 0.000135748210596, 0.000117021256301, 8.8621804025e-05, 6.85910636093e-05, 8.02914728411e-05, 6.96008064551e-05, 5.81858548685e-05, 6.47673150524e-05, 3.82134276151e-05, 8.57142731547e-05],
        "dmean2": [0.00156691600569, 0.018566839397, 0.00964775588363, 0.00438926694915, 0.00979687925428, 0.00164498505183, 0.0016034633154, 0.00104306649882, 0.00179694336839, 0.00098390376661, 0.00038925150875, 0.000559932552278, 0.00109251635149, 0.00138378865086, 0.000367660599295, 0.000187977086171, 0.000257468927884, 0.000211505277548, 0.000200155904167, 0.000151871441631, 0.000111052773718, 0.000143131037476, 0.000126015991555, 0.000101011079096, 0.000120042546769, 6.9980713306e-05, 0.000160607058206],
        "dvar": [3.45502667187e-06, 0.000245640898356, 0.000104896877019, 3.55791125912e-05, 0.000181804032763, 3.10675363835e-06, 2.63335959971e-06, 1.39263113397e-06, 5.01771592099e-06, 1.82801954907e-06, 2.0244164034e-07, 1.16382875603e-06, 3.31649789587e-06, 6.03693524681e-06, 6.36161246348e-07, 2.88240489255e-08, 1.47517624782e-07, 1.310682336e-07, 6.82534277985e-08, 3.33295488986e-08, 2.36737491832e-08, 7.36103444865e-08, 5.25427132914e-08, 3.1024718794e-08, 6.37198880327e-08, 3.68986015076e-08, 2.47119800179e-07],
        "dvar2": [6.04921388003e-06, 0.000609800685197, 0.000278764462564, 9.4540824648e-05, 0.000507329532411, 7.50267690819e-06, 6.11993391431e-06, 2.90705679618e-06, 1.08967487904e-05, 3.92867013943e-06, 4.74007009643e-07, 2.60347792391e-06, 7.8835637396e-06, 1.46744305312e-05, 1.59881915351e-06, 8.08361377835e-08, 2.96611744943e-07, 2.57651890934e-07, 1.63498697248e-07, 8.65203588774e-08, 6.00662275474e-08, 2.1490298252e-07, 1.55466906904e-07, 8.84867645823e-08, 1.81757144446e-07, 1.0323228139e-07, 7.05816034952e-07],
        "max": [0.0146081289276, 0.134357601404, 0.0859564691782, 0.0792722925544, 0.122097797692, 0.0547720268369, 0.0289009604603, 0.0289445146918, 0.0496511347592, 0.0290611926466, 0.0100158872083, 0.0277844034135, 0.0374830141664, 0.0407749786973, 0.0363101586699, 0.00268487771973, 0.00878450274467, 0.00855520460755, 0.00540364626795, 0.0024427396711, 0.00222929148003, 0.00389697030187, 0.00276263430715, 0.00164614268579, 0.00252557871863, 0.00174807407893, 0.00573858851567],
        "mean": [0.0017502856208, 0.0254503954202, 0.0066041094251, 0.00284675019793, 0.00621032528579, 0.00210688565858, 0.00190173462033, 0.00103058503009, 0.00186694832519, 0.0008939273539, 0.000334559503244, 0.000531355675776, 0.00105245306622, 0.00131540477742, 0.000333362608217, 0.000146225123899, 0.000260859145783, 0.000218861954636, 0.000167156453244, 0.000118258256407, 0.000104699109215, 8.65408437676e-05, 7.06462815288e-05, 6.37733683106e-05, 4.44027464255e-05, 2.44489601755e-05, 5.02519324073e-05],
        "median": [0.000598584359977, 0.0218276698142, 0.0030175242573, 0.000797495013103, 0.00305098062381, 0.00132513500284, 0.00104890041985, 0.000478007481433, 0.000796490639914, 0.000372302951291, 0.000125503793242, 0.000204180774745, 0.000346689921571, 0.000286358175799, 0.000122342884424, 8.51559598232e-05, 0.000125192382257, 9.60841716733e-05, 7.29819148546e-05, 4.10822576669e-05, 2.98013383144e-05, 7.84716939961e-06, 2.3323343612e-06, 6.93567585586e-07, 1.05800928907e-07, 1.72490999262e-08, 1.03882618063e-08],
        "min": [1.24171488951e-24, 1.21942899701e-23, 1.05934434911e-24, 3.06859654332e-24, 2.13394558368e-23, 2.96701030972e-23, 1.42299195036e-23, 1.64680330655e-23, 4.42006874685e-23, 5.27802787203e-23, 9.41975178164e-24, 3.46266076726e-23, 9.88773404733e-23, 4.57700252653e-23, 6.42498934528e-23, 9.49728513348e-23, 8.63398668216e-23, 1.01594000726e-22, 2.03726976466e-22, 2.4958284242e-22, 2.49585593967e-22, 3.60299356871e-22, 4.34868699546e-22, 6.97424227023e-22, 1.03362053847e-21, 1.44341714323e-21, 2.15304127455e-21],
        "var": [7.12605742592e-06, 0.000596548023168, 9.81612756732e-05, 3.33931602654e-05, 0.000125515885884, 7.0694304668e-06, 6.32106502962e-06, 2.81410734715e-06, 9.26667689782e-06, 3.08371909341e-06, 3.82778353014e-07, 1.89522984329e-06, 5.03471983393e-06, 8.93244487088e-06, 1.06178970327e-06, 3.79259006422e-08, 2.76129185295e-07, 2.49864626767e-07, 1.00324285768e-07, 4.40569429827e-08, 3.98613018149e-08, 6.08122405765e-08, 4.309377033e-08, 3.18450865677e-08, 3.82910236851e-08, 2.23099601016e-08, 1.40726768905e-07]
    },
    "erbbands": {
        "dmean": [0.439747512341, 2.60029411316, 6.26302957535, 7.83502340317, 13.0064287186, 21.3171100616, 12.8126840591, 8.59394073486, 12.9043340683, 14.1522254944, 17.3503761292, 24.7012882233, 27.6277217865, 11.5784368515, 8.67034912109, 18.0083675385, 29.9550056458, 52.4331703186, 15.265953064, 7.50192737579, 7.3285741806, 6.9754743576, 6.70290136337, 7.3575258255, 5.512134552, 4.2723069191, 3.55207300186, 1.82056581974, 2.60840058327, 2.69792985916, 2.11769890785, 1.50302326679, 0.882187247276, 0.772687077522, 0.417731046677, 0.183468908072, 0.0594201050699, 0.0399274788797, 0.0140244970098, 0.00114557682537],
        "dmean2": [0.647536635399, 4.01902770996, 10.0253047943, 12.9296207428, 21.9941329956, 37.1627349854, 21.1580352783, 13.0103979111, 20.0351886749, 21.9189376831, 27.0550346375, 38.3773231506, 43.0698318481, 18.8265972137, 13.9706411362, 28.113861084, 46.4071807861, 82.646270752, 25.0569267273, 12.7421150208, 12.5347480774, 11.4971055984, 10.5374202728, 11.5805358887, 9.77680778503, 7.36980962753, 5.91168832779, 2.92799830437, 4.69201612473, 4.83061265945, 3.86718010902, 2.67838311195, 1.55569052696, 1.41805744171, 0.776192247868, 0.340529054403, 0.108509302139, 0.0735732242465, 0.0261797048151, 0.00215427577496],
        "dvar": [0.320160955191, 13.4403152466, 110.577827454, 230.292770386, 864.718994141, 2872.89038086, 508.627166748, 271.847747803, 456.655029297, 620.391540527, 991.169433594, 2392.47460938, 3644.81835938, 388.587097168, 207.054260254, 2989.85766602, 6845.44287109, 20647.8496094, 2805.77807617, 206.465133667, 170.67565918, 211.19140625, 254.995437622, 503.721099854, 129.282012939, 77.1162109375, 70.0640487671, 17.1419124603, 67.9527206421, 98.9367599487, 45.671207428, 21.669801712, 7.54388093948, 8.13826274872, 3.3053586483, 0.798320114613, 0.0915921777487, 0.0618020184338, 0.00625101104379, 6.83926191414e-05],
        "dvar2": [0.786721050739, 31.2955379486, 293.619171143, 597.351989746, 2247.38574219, 8107.32226562, 1433.4107666, 676.105773926, 1083.79980469, 1349.23132324, 2019.27319336, 5310.05566406, 7947.3359375, 884.172851562, 487.493133545, 6631.55078125, 15898.4150391, 50036.9648438, 7111.48925781, 530.087585449, 419.285430908, 471.33404541, 510.450195312, 978.450805664, 355.523529053, 192.860046387, 177.540939331, 45.2372817993, 196.719955444, 294.523468018, 134.681091309, 62.9043426514, 21.3345813751, 23.454240799, 9.29647064209, 2.25699210167, 0.25555741787, 0.173215299845, 0.0177732147276, 0.000197469445993],
        "max": [5.10149002075, 32.2762031555, 97.5320281982, 189.652526855, 289.569580078, 602.856872559, 329.837982178, 550.600402832, 390.977630615, 665.830566406, 863.386352539, 1247.46923828, 1203.29675293, 623.935424805, 307.208892822, 1381.07019043, 1843.15686035, 2112.56835938, 2185.89306641, 307.426086426, 291.303619385, 349.336364746, 375.174957275, 595.151367188, 296.011779785, 144.429901123, 149.683456421, 78.1563949585, 115.66103363, 149.362854004, 72.8496932983, 46.527053833, 25.165304184, 30.3316879272, 19.7373752594, 8.47829723358, 2.75360631943, 3.3530600071, 0.803237497807, 0.116416998208],
        "mean": [0.755866646767, 5.40906524658, 8.86734104156, 9.50954914093, 13.5561265945, 22.7172718048, 20.4322891235, 16.6839466095, 23.6141281128, 25.7441005707, 29.0191268921, 40.6771736145, 41.9683227539, 18.1740493774, 14.1369714737, 28.6419696808, 47.268951416, 80.513092041, 24.5464725494, 11.3823394775, 11.0496864319, 11.7003173828, 11.4690561295, 11.9846429825, 7.27313232422, 6.09258460999, 5.11576843262, 2.92967915535, 3.07700634003, 2.58746314049, 2.07780313492, 1.56808555126, 0.919061899185, 0.564074158669, 0.276162236929, 0.117446668446, 0.0383390448987, 0.0245760623366, 0.00829992536455, 0.00070989492815],
        "median": [0.535315513611, 3.28024506569, 5.05135440826, 4.65719652176, 5.4784989357, 9.99218273163, 12.8798522949, 9.49353027344, 12.8046064377, 12.7057600021, 14.358874321, 18.865650177, 16.0628089905, 10.1963205338, 7.45844125748, 11.3064994812, 17.5647010803, 19.072385788, 9.81077194214, 5.53025388718, 6.24789047241, 6.48303890228, 5.77554655075, 5.15879487991, 3.1967754364, 2.236754179, 1.56153249741, 0.65150231123, 0.316092997789, 0.146592900157, 0.059959795326, 0.0233185477555, 0.00742499437183, 0.00205945130438, 0.000497232947964, 0.000133149122121, 4.96072607348e-05, 1.25010083138e-05, 3.1939787732e-05, 6.61418089294e-05],
        "min": [4.50047897975e-22, 2.36428615855e-21, 2.88456458849e-21, 1.00738223212e-20, 1.39454799523e-20, 8.99079474514e-20, 1.90622234124e-19, 2.07598203341e-19, 2.54574397789e-19, 2.42307671196e-19, 4.45094100291e-19, 8.53948332272e-19, 6.9826523787e-19, 1.66615578667e-18, 7.08413503215e-19, 2.1364123076e-18, 4.33960414682e-18, 2.98920449987e-18, 2.88386511681e-18, 4.68448676347e-18, 5.28419684347e-18, 4.81331807592e-18, 7.84019899833e-18, 8.75331871345e-18, 9.4222050809e-18, 1.06073944256e-17, 9.4888874188e-18, 1.15355018263e-17, 1.22952746635e-17, 1.29242719003e-17, 1.32531216887e-17, 1.16312719704e-17, 1.26572034047e-17, 1.03372670161e-17, 7.82255523587e-18, 4.99768381316e-18, 2.67784937461e-18, 1.16949576398e-18, 3.19066981813e-19, 2.980626107e-20],
        "var": [0.640345752239, 34.8751335144, 127.078224182, 246.718673706, 694.612426758, 1931.33374023, 674.221801758, 569.739562988, 1034.51879883, 1725.49414062, 2068.68603516, 4311.15917969, 6217.38867188, 673.672058105, 410.078033447, 4895.41943359, 10549.5146484, 30940.953125, 4568.85839844, 353.342712402, 281.91885376, 379.460510254, 495.657012939, 936.890197754, 151.080612183, 113.316146851, 103.908638, 35.0995407104, 65.5190429688, 68.8578033447, 38.6613197327, 20.02302742, 7.04098844528, 4.98428201675, 1.99837720394, 0.471963167191, 0.0556980594993, 0.0369447916746, 0.00360099552199, 3.79650882678e-05]
    },
    "gfcc": {
        "mean": [-58.082901001, 170.56161499, -129.509109497, 13.3421278, -38.4447059631, -4.56031131744, -19.794095993, -8.61998271942, -9.52269744873, -6.22273206711, -2.08539915085, -10.8550004959, -4.12043857574],
        "cov": [[12823.5058594, -4057.73022461, 1127.73596191, 4119.65234375, -280.985961914, 1934.69628906, 319.046783447, 1312.54553223, 188.798461914, 610.333618164, 27.6213378906, 310.497894287, -207.866012573], [-4057.73022461, 3538.15698242, -180.433486938, -1327.08605957, 987.791809082, -718.319396973, 350.906799316, -405.905303955, 188.332687378, -263.55480957, 162.992950439, -140.171401978, 165.599197388], [1127.73596191, -180.433486938, 1670.60119629, 500.075317383, 410.207427979, 635.656738281, 118.310295105, 457.972412109, 97.0052261353, 124.118118286, -36.8685073853, 119.733886719, 1.31158494949], [4119.65234375, -1327.08605957, 500.075317383, 2555.83740234, 20.0737991333, 839.719421387, 415.993591309, 635.50012207, 282.339630127, 252.810348511, 144.953872681, 100.453125, 1.31668245792], [-280.985961914, 987.791809082, 410.207427979, 20.0737991333, 844.36895752, 167.949264526, 298.860443115, 147.740005493, 172.966842651, 29.2680721283, 86.8556213379, -9.71922206879, 13.1824216843], [1934.69628906, -718.319396973, 635.656738281, 839.719421387, 167.949264526, 807.494506836, 133.609741211, 405.84979248, 122.338539124, 149.421554565, 26.6700382233, 46.2486877441, -39.8646965027], [319.046783447, 350.906799316, 118.310295105, 415.993591309, 298.860443115, 133.609741211, 329.780029297, 147.430374146, 154.079437256, 34.541557312, 78.6828613281, -3.56897377968, 31.0363903046], [1312.54553223, -405.905303955, 457.972412109, 635.50012207, 147.740005493, 405.84979248, 147.430374146, 375.536102295, 124.094650269, 107.256912231, 23.5525054932, 62.8991203308, -10.5397615433], [188.798461914, 188.332687378, 97.0052261353, 282.339630127, 172.966842651, 122.338539124, 154.079437256, 124.094650269, 172.082077026, 53.7225227356, 60.9934921265, 2.46385765076, 31.2338542938], [610.333618164, -263.55480957, 124.118118286, 252.810348511, 29.2680721283, 149.421554565, 34.541557312, 107.256912231, 53.7225227356, 136.605575562, 37.2877845764, 32.3200378418, -15.2626590729], [27.6213378906, 162.992950439, -36.8685073853, 144.953872681, 86.8556213379, 26.6700382233, 78.6828613281, 23.5525054932, 60.9934921265, 37.2877845764, 113.844947815, 22.791223526, 15.8278074265], [310.497894287, -140.171401978, 119.733886719, 100.453125, -9.71922206879, 46.2486877441, -3.56897377968, 62.8991203308, 2.46385765076, 32.3200378418, 22.791223526, 97.0981750488, 25.1633110046], [-207.866012573, 165.599197388, 1.31158494949, 1.31668245792, 13.1824216843, -39.8646965027, 31.0363903046, -10.5397615433, 31.2338542938, -15.2626590729, 15.8278074265, 25.1633110046, 78.2774047852]],
        "icov": [[0.000253277976299, 3.044994628e-05, 0.000107657666376, -0.000317623402225, -4.5606506319e-05, -0.000198341236683, 3.23435888276e-05, -0.000195482556592, 0.000354114250513, -0.000315093871905, 0.000387147883885, -0.000434978574049, 0.00033804011764], [3.044994628e-05, 0.00167578214314, -0.000409249012591, 0.000546528550331, -0.001349951257, 0.000888236274477, -0.00087094027549, 0.00100302731153, -0.00140315922908, 0.00182812055573, -0.0019231721526, 0.00126443814952, -0.00140786357224], [0.000107657666376, -0.000409249012591, 0.00139994267374, -0.000201572824153, -0.000297207152471, -0.000855367572512, 0.000533761689439, -0.00133416464087, 0.000967236352153, -0.000778077926952, 0.00161580555141, -0.00131345132831, -8.7379848992e-05], [-0.000317623402225, 0.000546528550331, -0.000201572824153, 0.00163998187054, 0.000273472309345, 4.32439701399e-05, -0.00146156502888, -0.000359494821168, -0.00100598239806, 0.000701604411006, -0.00175097526517, 0.000989805907011, -0.000942734302953], [-4.5606506319e-05, -0.001349951257, -0.000297207152471, 0.000273472309345, 0.0037329508923, -0.00093702529557, -0.00158753106371, -0.000744138844311, -4.32201668445e-05, -0.00109117222019, 0.000355885160388, -0.000747285899706, 0.00213129469194], [-0.000198341236683, 0.000888236274477, -0.000855367572512, 4.32439701399e-05, -0.00093702529557, 0.00405002664775, 0.000267060706392, -0.00168185296934, -0.000763114192523, 0.000477664347272, -0.00178513873834, 0.00241786846891, -0.000522827380337], [3.23435888276e-05, -0.00087094027549, 0.000533761689439, -0.00146156502888, -0.00158753106371, 0.000267060706392, 0.00885548721999, -0.00206104316749, -0.00176279433072, 0.000266782357357, -0.000520684290677, 0.00119588559028, -0.00096499704523], [-0.000195482556592, 0.00100302731153, -0.00133416464087, -0.000359494821168, -0.000744138844311, -0.00168185296934, -0.00206104316749, 0.0118092233315, -0.00553745124489, 0.000872120668646, 0.00174597033765, -0.00409179925919, 0.00240529701114], [0.000354114250513, -0.00140315922908, 0.000967236352153, -0.00100598239806, -4.32201668445e-05, -0.000763114192523, -0.00176279433072, -0.00553745124489, 0.0174154751003, -0.00564503995702, -0.00137647683732, 0.00375634967349, -0.00549742626026], [-0.000315093871905, 0.00182812055573, -0.000778077926952, 0.000701604411006, -0.00109117222019, 0.000477664347272, 0.000266782357357, 0.000872120668646, -0.00564503995702, 0.0148080028594, -0.00524406833574, -0.00116515497211, 0.00231036613695], [0.000387147883885, -0.0019231721526, 0.00161580555141, -0.00175097526517, 0.000355885160388, -0.00178513873834, -0.000520684290677, 0.00174597033765, -0.00137647683732, -0.00524406833574, 0.017919300124, -0.00764517718926, 0.00293255341239], [-0.000434978574049, 0.00126443814952, -0.00131345132831, 0.000989805907011, -0.000747285899706, 0.00241786846891, 0.00119588559028, -0.00409179925919, 0.00375634967349, -0.00116515497211, -0.00764517718926, 0.0203097257763, -0.0102015892044], [0.00033804011764, -0.00140786357224, -8.7379848992e-05, -0.000942734302953, 0.00213129469194, -0.000522827380337, -0.00096499704523, 0.00240529701114, -0.00549742626026, 0.00231036613695, 0.00293255341239, -0.0102015892044, 0.022080257535]]
    },
    "melbands": {
        "dmean": [0.00353695941158, 0.00314145279117, 0.00131198298186, 0.00136330572423, 0.00052010937361, 0.000187846308108, 0.000202407507459, 0.000140532545629, 0.000151113126776, 0.00015966630599, 0.00013753285748, 4.76302957395e-05, 3.43071769748e-05, 3.9806625864e-05, 5.93473123445e-05, 7.13748595444e-05, 0.000102873964352, 2.50558950938e-05, 1.15410020953e-05, 7.99250756245e-06, 9.51221500145e-06, 7.56495410315e-06, 7.16292652214e-06, 8.6796717369e-06, 5.89339606449e-06, 4.5044835133e-06, 3.43963552041e-06, 2.69756310445e-06, 2.52988525062e-06, 1.61909576946e-06, 9.55151222115e-07, 1.39297765145e-06, 1.82176802355e-06, 1.27785301629e-06, 1.13167163818e-06, 1.32839988964e-06, 7.48651189042e-07, 6.12509836628e-07, 6.35365154267e-07, 6.53982681342e-07],
        "dmean2": [0.00533449230716, 0.00470801349729, 0.00210524629802, 0.00236281449907, 0.000874935940374, 0.00028524021036, 0.000313059106702, 0.000219462046516, 0.000234091610764, 0.000247896939982, 0.000214269777643, 7.78545145295e-05, 5.53215650143e-05, 6.26306136837e-05, 9.2246576969e-05, 0.000111778812425, 0.000161751158885, 4.144734703e-05, 1.94698222913e-05, 1.38686964419e-05, 1.58967104653e-05, 1.24928783407e-05, 1.14793310786e-05, 1.3358940123e-05, 9.32242801355e-06, 8.010694728e-06, 6.00611383561e-06, 4.65764287583e-06, 4.24374275099e-06, 2.74425701718e-06, 1.57486999797e-06, 2.47013667831e-06, 3.36593052452e-06, 2.26409474635e-06, 2.02996920962e-06, 2.53083794632e-06, 1.27860153043e-06, 1.0741719052e-06, 1.14536601359e-06, 1.21123446206e-06],
        "dvar": [1.98586276383e-05, 2.04885382118e-05, 5.99474878982e-06, 1.13409578262e-05, 9.84029952633e-07, 1.17269472355e-07, 1.05364513558e-07, 5.62312401087e-08, 6.79580267615e-08, 9.51143022121e-08, 8.99011070032e-08, 7.2123120809e-09, 4.15490131189e-09, 1.42670124603e-08, 2.59637200628e-08, 3.36655574529e-08, 8.52330899193e-08, 7.22630488781e-09, 1.01322594759e-09, 1.92815791111e-10, 3.67101321563e-10, 2.39132075253e-10, 3.71728259285e-10, 7.11660841368e-10, 3.98842153748e-10, 9.28122578792e-11, 4.66578407854e-11, 3.33170817324e-11, 4.28322967372e-11, 1.49299444335e-11, 5.11766887548e-12, 1.72295008122e-11, 4.55195360571e-11, 2.22856733068e-11, 1.26715981458e-11, 1.92739539606e-11, 4.9280037516e-12, 3.54899855164e-12, 4.5922076905e-12, 6.36173232149e-12],
        "dvar2": [5.07964614371e-05, 5.0145896239e-05, 1.44791756611e-05, 3.14165772579e-05, 2.76743730865e-06, 2.87686560796e-07, 2.4842799462e-07, 1.25197530565e-07, 1.41294520972e-07, 2.12284660961e-07, 1.9528280859e-07, 1.63169708856e-08, 9.60807877703e-09, 3.14332737616e-08, 6.05449415048e-08, 8.18801098035e-08, 2.05513174478e-07, 1.86003319413e-08, 2.54273069267e-09, 5.11117814739e-10, 8.18299317196e-10, 5.43784406393e-10, 7.37173377896e-10, 1.36982614141e-09, 7.71026409385e-10, 2.51771548054e-10, 1.27256871707e-10, 8.3640164239e-11, 1.07150663342e-10, 3.7645667833e-11, 1.28400458668e-11, 4.85609295831e-11, 1.35037953042e-10, 6.64383548177e-11, 3.7207608522e-11, 5.73669341197e-11, 1.36895833211e-11, 9.98411769926e-12, 1.32119662433e-11, 1.83208517801e-11],
        "max": [0.0385184213519, 0.0444844774902, 0.0308807827532, 0.0311336442828, 0.0115699525923, 0.0113667277619, 0.00603650370613, 0.00599213829264, 0.0071797487326, 0.00764954369515, 0.00592104997486, 0.00277502578683, 0.00147630518768, 0.00301347137429, 0.00320505723357, 0.00279951980338, 0.00478292489424, 0.00328516052105, 0.00141918286681, 0.000272518780548, 0.000524332222994, 0.000368272332707, 0.000595653487835, 0.000669116678182, 0.000550418160856, 0.000293841090752, 7.17843286111e-05, 9.10429953365e-05, 0.00012589871767, 7.40610630601e-05, 5.89348528592e-05, 7.36594593036e-05, 9.34618001338e-05, 7.27823571651e-05, 4.38299757661e-05, 4.06698709412e-05, 2.4339351512e-05, 2.15163563553e-05, 2.19607245526e-05, 2.98010836559e-05],
        "mean": [0.00694504287094, 0.00582096166909, 0.00170275883283, 0.0013874489814, 0.000777901383117, 0.000367043481674, 0.000376703392249, 0.000252673402429, 0.000249251315836, 0.000258579937508, 0.00020525266882, 7.07229919499e-05, 5.05309581058e-05, 5.96730096731e-05, 9.05309570953e-05, 0.000109458713268, 0.000154540990479, 3.79751945729e-05, 1.73024327523e-05, 1.15187312986e-05, 1.38432587846e-05, 1.21144239529e-05, 1.07844889499e-05, 1.31215056172e-05, 9.07654157345e-06, 5.75060266783e-06, 4.35241781815e-06, 3.70909924641e-06, 3.42835710399e-06, 2.25049689107e-06, 1.53752898768e-06, 1.76722528522e-06, 1.67247549143e-06, 1.28683848288e-06, 1.15013733648e-06, 1.19814262689e-06, 8.54181109844e-07, 6.76451463733e-07, 5.29364569957e-07, 4.53606133988e-07],
        "median": [0.00600151345134, 0.0037621143274, 0.000858169572894, 0.000617680663709, 0.000472598854685, 0.000215005202335, 0.000205351738259, 0.000129605163238, 0.000125445600133, 0.000113478949061, 7.52249907237e-05, 3.72273825633e-05, 2.06743443414e-05, 2.14191131818e-05, 3.414801904e-05, 3.59262667189e-05, 3.14270037052e-05, 1.34910314955e-05, 7.08597326593e-06, 6.13898555457e-06, 7.02324132362e-06, 6.39821064397e-06, 4.85363898406e-06, 4.79923983221e-06, 3.58533998224e-06, 2.21019581659e-06, 1.67991674971e-06, 1.18869093058e-06, 9.40835491292e-07, 5.79617278618e-07, 2.60038262923e-07, 1.78115570293e-07, 1.13538952462e-07, 5.93533826532e-08, 3.33684688769e-08, 2.124002485e-08, 1.06766853136e-08, 5.34484101422e-09, 2.71722933043e-09, 1.27078203516e-09],
        "min": [3.85495301238e-24, 2.02750111075e-24, 1.91170481011e-24, 4.05152926136e-24, 6.42906333854e-24, 4.90991366145e-24, 3.76518419124e-24, 1.89924554098e-24, 3.69620934913e-24, 5.79315309651e-24, 3.42499620891e-24, 6.2027517666e-24, 1.4255773631e-24, 3.40102154271e-24, 5.98673088518e-24, 7.02996866676e-24, 4.21411388835e-24, 4.17873229346e-24, 4.5396633733e-24, 7.38934214074e-24, 5.58291811539e-24, 4.12548142135e-24, 6.20599595707e-24, 4.73064541516e-24, 6.70533426046e-24, 7.0127154899e-24, 6.64890625105e-24, 7.46316058881e-24, 5.74924904283e-24, 7.01831876891e-24, 6.39606252586e-24, 6.09292260707e-24, 5.36130657673e-24, 6.92720454549e-24, 6.90108930523e-24, 8.14433251413e-24, 5.60138889906e-24, 8.07801218897e-24, 8.11104495052e-24, 8.8169460875e-24],
        "var": [4.36488044215e-05, 4.03638005082e-05, 7.17057218935e-06, 7.70333736e-06, 1.04873402051e-06, 2.57269391568e-07, 2.4792919362e-07, 1.48793688481e-07, 1.3991615333e-07, 1.70173166225e-07, 1.53818518811e-07, 1.2406626837e-08, 8.13912048869e-09, 2.41708040249e-08, 3.97001471697e-08, 4.97554175638e-08, 1.28135184241e-07, 1.14960894138e-08, 1.69560998575e-09, 2.98957497646e-10, 6.42312758536e-10, 4.21015722285e-10, 6.67403687871e-10, 1.30366217821e-09, 7.24042659161e-10, 1.12597500768e-10, 5.36231371806e-11, 4.70186493906e-11, 6.0767460508e-11, 2.15593706082e-11, 1.18742593883e-11, 2.10262710021e-11, 2.98384303377e-11, 1.63915669232e-11, 1.1542101476e-11, 1.39717629827e-11, 5.67938968424e-12, 3.66546853633e-12, 3.19972412281e-12, 3.78440291257e-12]
    },
    "mfcc": {
        "mean": [-691.932006836, 187.791473389, -14.5235481262, 18.1935958862, 0.606955468655, 5.28018283844, -1.42086732388, -0.76565527916, -5.22057056427, 3.1098549366, 4.30105400085, 1.41970360279, -7.4876832962],
        "cov": [[10194.6035156, -3553.91479492, 625.019470215, 2652.28076172, 408.052429199, 1055.96154785, 769.406433105, 937.712524414, 623.711547852, 688.966003418, 365.237426758, 562.191833496, 446.005615234], [-3553.91479492, 3442.24926758, -554.712646484, -645.506225586, 277.15914917, -188.26991272, 20.5159187317, -126.358009338, -33.2510871887, -151.643280029, -2.78713226318, -95.0719451904, -30.6938591003], [625.019470215, -554.712646484, 1325.44055176, 145.781539917, 401.758117676, 249.78503418, 193.589614868, 298.444366455, 229.568405151, 166.863998413, -26.2984981537, 87.0458221436, 214.101669312], [2652.28076172, -645.506225586, 145.781539917, 1566.60168457, 271.9112854, 450.40725708, 414.064361572, 463.384521484, 352.369445801, 324.002838135, 159.747146606, 269.961730957, 296.357330322], [408.052429199, 277.15914917, 401.758117676, 271.9112854, 612.696960449, 294.898895264, 297.104095459, 309.817199707, 238.114456177, 202.491760254, 128.759185791, 134.794494629, 136.284240723], [1055.96154785, -188.26991272, 249.78503418, 450.40725708, 294.898895264, 401.17578125, 273.366729736, 271.148529053, 201.384887695, 208.059829712, 130.062789917, 145.629730225, 100.533340454], [769.406433105, 20.5159187317, 193.589614868, 414.064361572, 297.104095459, 273.366729736, 319.653686523, 272.952819824, 189.706863403, 179.752609253, 126.662033081, 129.878433228, 97.8080978394], [937.712524414, -126.358009338, 298.444366455, 463.384521484, 309.817199707, 271.148529053, 272.952819824, 364.100006104, 244.835647583, 192.097991943, 100.800895691, 144.783065796, 143.634185791], [623.711547852, -33.2510871887, 229.568405151, 352.369445801, 238.114456177, 201.384887695, 189.706863403, 244.835647583, 249.340179443, 174.213745117, 65.7000808716, 99.1446914673, 129.578033447], [688.966003418, -151.643280029, 166.863998413, 324.002838135, 202.491760254, 208.059829712, 179.752609253, 192.097991943, 174.213745117, 220.489364624, 115.898384094, 85.7418670654, 70.6369247437], [365.237426758, -2.78713226318, -26.2984981537, 159.747146606, 128.759185791, 130.062789917, 126.662033081, 100.800895691, 65.7000808716, 115.898384094, 154.198181152, 83.5558853149, -5.63645267487], [562.191833496, -95.0719451904, 87.0458221436, 269.961730957, 134.794494629, 145.629730225, 129.878433228, 144.783065796, 99.1446914673, 85.7418670654, 83.5558853149, 152.657104492, 102.282691956], [446.005615234, -30.6938591003, 214.101669312, 296.357330322, 136.284240723, 100.533340454, 97.8080978394, 143.634185791, 129.578033447, 70.6369247437, -5.63645267487, 102.282691956, 219.105728149]],
