{
"lowlevel": {
    "average_loudness": 0.408946305513,
    "barkbands_crest": {
        "dmean": 2.24150061607,
        "dmean2": 3.38613009453,
        "dvar": 8.85561084747,
        "dvar2": 17.3064441681,
        "max": 26.7487983704,
        "mean": 14.8638324738,
        "median": 14.4550504684,
        "min": 2.42888402939,
        "var": 47.281703949
    },
    "barkbands_flatness_db": {
        "dmean": 0.0351939834654,
        "dmean2": 0.0461753048003,
        "dvar": 0.00189484993462,
        "dvar2": 0.00344076706097,
        "max": 0.536931991577,
        "mean": 0.208735346794,
        "median": 0.201993957162,
        "min": 0.0163550656289,
        "var": 0.010808898136
    },
    "barkbands_kurtosis": {
        "dmean": 13.7956762314,
        "dmean2": 20.2297916412,
        "dvar": 3100.7043457,
        "dvar2": 6018.38427734,
        "max": 2234.65258789,
        "mean": 25.7830505371,
        "median": 5.42686462402,
        "min": -1.91621232033,
        "var": 8850.45019531
    },
    "barkbands_skewness": {
        "dmean": 1.02650821209,
        "dmean2": 1.46822500229,
        "dvar": 2.38277029991,
        "dvar2": 4.54084205627,
        "max": 38.571685791,
        "mean": 2.77661371231,
        "median": 2.09502220154,
        "min": -5.91606473923,
        "var": 11.0715923309
    },
    "barkbands_spread": {
        "dmean": 8.84480857849,
        "dmean2": 13.4345607758,
        "dvar": 209.343612671,
        "dvar2": 459.452850342,
        "max": 110.003349304,
        "mean": 17.8722362518,
        "median": 11.4250831604,
        "min": 0.0725112184882,
        "var": 337.08706665
    },
    "dissonance": {
        "dmean": 0.0201949328184,
        "dmean2": 0.0334776081145,
        "dvar": 0.000571843527723,
        "dvar2": 0.00149054604117,
        "max": 0.500000178814,
        "mean": 0.451794713736,
        "median": 0.463854670525,
        "min": 0.186884224415,
        "var": 0.00177300372161
    },
    "dynamic_complexity": 6.29368591309,
    "erbbands_crest": {
        "dmean": 2.7186255455,
        "dmean2": 4.16487169266,
        "dvar": 8.77703762054,
        "dvar2": 18.135597229,
        "max": 34.3578186035,
        "mean": 10.6429290771,
        "median": 9.13586044312,
        "min": 2.40381622314,
        "var": 34.9810256958
    },
    "erbbands_flatness_db": {
        "dmean": 0.0254936181009,
        "dmean2": 0.0355690866709,
        "dvar": 0.000928569934331,
        "dvar2": 0.00170274381526,
        "max": 0.494736522436,
        "mean": 0.176984801888,
        "median": 0.166391208768,
        "min": 0.0550661534071,
        "var": 0.00507436972111
    },
    "erbbands_kurtosis": {
        "dmean": 1.64654886723,
        "dmean2": 2.54247426987,
        "dvar": 10.1517515182,
        "dvar2": 21.2171230316,
        "max": 123.558364868,
        "mean": 1.91915178299,
        "median": 0.446591496468,
        "min": -1.89588534832,
        "var": 32.4453430176
    },
    "erbbands_skewness": {
        "dmean": 0.514810502529,
        "dmean2": 0.743438005447,
        "dvar": 0.379849940538,
        "dvar2": 0.791301190853,
        "max": 6.64381504059,
        "mean": 0.24096173048,
        "median": 0.219888836145,
        "min": -8.83137226105,
        "var": 1.44466710091
    },
    "erbbands_spread": {
        "dmean": 13.0496702194,
        "dmean2": 20.036403656,
        "dvar": 378.97543335,
        "dvar2": 866.720275879,
        "max": 186.776550293,
        "mean": 38.0848655701,
        "median": 32.4686660767,
        "min": 0.569473266602,
        "var": 671.705078125
    },
    "hfc": {
        "dmean": 14.8944730759,
        "dmean2": 22.2868347168,
        "dvar": 1240.6282959,
        "dvar2": 2603.54980469,
        "max": 419.973449707,
        "mean": 21.2593917847,
        "median": 7.30087947845,
        "min": 7.87909648636e-09,
        "var": 1816.58862305
    },
    "melbands_crest": {
        "dmean": 2.32231020927,
        "dmean2": 3.57178854942,
        "dvar": 10.2776584625,
        "dvar2": 21.32670784,
        "max": 37.2532043457,
        "mean": 17.8491420746,
        "median": 18.4961872101,
        "min": 1.52777791023,
        "var": 53.5859375
    },
    "melbands_flatness_db": {
        "dmean": 0.0395216569304,
        "dmean2": 0.0514385513961,
        "dvar": 0.00252900924534,
        "dvar2": 0.00456052040681,
        "max": 0.657947599888,
        "mean": 0.281167566776,
        "median": 0.276182830334,
        "min": 0.00293936068192,
        "var": 0.0178032256663
    },
    "melbands_kurtosis": {
        "dmean": 20.5251159668,
        "dmean2": 30.728433609,
        "dvar": 2285.36645508,
        "dvar2": 5588.22607422,
        "max": 885.778076172,
        "mean": 40.323890686,
        "median": 14.4435157776,
        "min": -1.87719750404,
        "var": 5434.14013672
    },
    "melbands_skewness": {
        "dmean": 1.1264538765,
        "dmean2": 1.65060830116,
        "dvar": 2.41782784462,
        "dvar2": 5.38547372818,
        "max": 23.046163559,
        "mean": 3.88500714302,
        "median": 3.23922204971,
        "min": -4.12126016617,
        "var": 10.3373451233
    },
    "melbands_spread": {
        "dmean": 9.40438747406,
        "dmean2": 14.5570964813,
        "dvar": 402.12677002,
        "dvar2": 928.458740234,
        "max": 255.255737305,
        "mean": 20.2837677002,
        "median": 10.2151470184,
        "min": 0.156978085637,
        "var": 783.846313477
    },
    "pitch_salience": {
        "dmean": 0.0633418932557,
        "dmean2": 0.0957806259394,
        "dvar": 0.00693011237308,
        "dvar2": 0.0140112861991,
        "max": 0.911005020142,
        "mean": 0.432097762823,
        "median": 0.425642311573,
        "min": 0.0174915548414,
        "var": 0.0359851196408
    },
    "silence_rate_20dB": {
        "dmean": 0.00148934184108,
        "dmean2": 0.00297896098346,
        "dvar": 0.00148703414015,
        "dvar2": 0.00334256258793,
        "max": 1,
        "mean": 0.998603880405,
        "median": 1,
        "min": 0,
        "var": 0.00139414065052
    },
    "silence_rate_30dB": {
        "dmean": 0.0623661912978,
        "dmean2": 0.124743998051,
        "dvar": 0.0584748722613,
        "dvar2": 0.127228543162,
        "max": 1,
        "mean": 0.832464635372,
        "median": 1,
        "min": 0,
        "var": 0.139472261071
    },
    "silence_rate_60dB": {
        "dmean": 0.0392813943326,
        "dmean2": 0.0784770026803,
        "dvar": 0.0377455428243,
        "dvar2": 0.0777210220695,
        "max": 1,
        "mean": 0.233432620764,
        "median": 0,
        "min": 0,
        "var": 0.178931966424
    },
    "spectral_centroid": {
        "dmean": 320.176116943,
        "dmean2": 454.781707764,
        "dvar": 280525.46875,
        "dvar2": 545729.75,
        "max": 6161.66357422,
        "mean": 1200.99865723,
        "median": 921.72668457,
        "min": 101.997825623,
        "var": 824474.5
    },
    "spectral_complexity": {
        "dmean": 3.15275073051,
        "dmean2": 4.29547548294,
        "dvar": 37.119468689,
        "dvar2": 56.630405426,
        "max": 66,
        "mean": 11.8295793533,
        "median": 9,
        "min": 0,
        "var": 150.729690552
    },
    "spectral_decrease": {
        "dmean": 3.71988595482e-09,
        "dmean2": 5.74663028274e-09,
        "dvar": 7.96538930988e-17,
        "dvar2": 2.04190235658e-16,
        "max": 2.43446326669e-18,
        "mean": -1.24639649712e-08,
        "median": -6.13419359752e-09,
        "min": -1.44881695974e-07,
        "var": 2.49705604018e-16
    },
    "spectral_energy": {
        "dmean": 0.0149975884706,
        "dmean2": 0.023212056607,
        "dvar": 0.00118802324869,
        "dvar2": 0.00301330187358,
        "max": 0.552342176437,
        "mean": 0.0489700436592,
        "median": 0.0248500704765,
        "min": 7.23729778364e-13,
        "var": 0.00376468570903
    },
    "spectral_energyband_high": {
        "dmean": 0.0014387377305,
        "dmean2": 0.00222414080054,
        "dvar": 1.34967403937e-05,
        "dvar2": 3.02344815282e-05,
        "max": 0.0356364399195,
        "mean": 0.00138937868178,
        "median": 5.00898022437e-05,
        "min": 4.70003539126e-13,
        "var": 1.5946710846e-05
    },
    "spectral_energyband_low": {
        "dmean": 0.0121300686151,
        "dmean2": 0.018602380529,
        "dvar": 0.00107821030542,
        "dvar2": 0.0027982131578,
        "max": 0.518268406391,
        "mean": 0.0381624288857,
        "median": 0.0140781924129,
        "min": 1.95244821287e-14,
        "var": 0.00292532751337
    },
    "spectral_energyband_middle_high": {
        "dmean": 0.00197746185586,
        "dmean2": 0.00268829241395,
        "dvar": 2.86843260255e-05,
        "dvar2": 5.19770692335e-05,
        "max": 0.0851058885455,
        "mean": 0.00353038450703,
        "median": 0.000995312817395,
        "min": 1.18629173325e-13,
        "var": 5.7054876379e-05
    },
    "spectral_energyband_middle_low": {
        "dmean": 0.003245965112,
        "dmean2": 0.00533828651533,
        "dvar": 0.000103982594737,
        "dvar2": 0.000270504911896,
        "max": 0.170541986823,
        "mean": 0.00689351093024,
        "median": 0.00348261883482,
        "min": 1.80514223767e-14,
        "var": 0.00011665506463
    },
    "spectral_entropy": {
        "dmean": 0.273090541363,
        "dmean2": 0.374807089567,
        "dvar": 0.152950778604,
        "dvar2": 0.288053095341,
        "max": 8.90300178528,
        "mean": 7.30042266846,
        "median": 7.34338092804,
        "min": 4.85769128799,
        "var": 0.638276457787
    },
    "spectral_flux": {
        "dmean": 0.0322378389537,
        "dmean2": 0.0473782531917,
        "dvar": 0.00244423141703,
        "dvar2": 0.00509552750736,
        "max": 0.46296480298,
        "mean": 0.0682548806071,
        "median": 0.0401680544019,
        "min": 7.72242401581e-06,
        "var": 0.00626894878224
    },
    "spectral_kurtosis": {
        "dmean": 3.67117357254,
        "dmean2": 5.84617042542,
        "dvar": 41.8406944275,
        "dvar2": 99.5914611816,
        "max": 100.153564453,
        "mean": 8.14345359802,
        "median": 4.6219587326,
        "min": -0.961451530457,
        "var": 116.611061096
    },
    "spectral_rms": {
        "dmean": 0.000882802647538,
        "dmean2": 0.00130203925073,
        "dvar": 2.57006308857e-06,
        "dvar2": 5.64895071875e-06,
        "max": 0.0232135821134,
        "mean": 0.00550282280892,
        "median": 0.00492381677032,
        "min": 2.65721240567e-08,
        "var": 1.74942724698e-05
    },
    "spectral_rolloff": {
        "dmean": 759.742370605,
        "dmean2": 1284.72216797,
        "dvar": 2963868.75,
        "dvar2": 6492600,
        "max": 19315.2832031,
        "mean": 1524.06762695,
        "median": 538.330078125,
        "min": 43.06640625,
        "var": 6794966.5
    },
    "spectral_skewness": {
        "dmean": 0.413969188929,
        "dmean2": 0.628545761108,
        "dvar": 0.313227266073,
        "dvar2": 0.687823712826,
        "max": 8.41379547119,
        "mean": 1.93774390221,
        "median": 1.70962262154,
        "min": -0.124052941799,
        "var": 1.04968893528
    },
    "spectral_spread": {
        "dmean": 1129125.625,
        "dmean2": 1632555.75,
        "dvar": 2.94262459597e+12,
        "dvar2": 4.9410473984e+12,
        "max": 14824612,
        "mean": 4730350.5,
        "median": 4205316,
        "min": 747791.375,
        "var": 5.91984223846e+12
    },
    "spectral_strongpeak": {
        "dmean": 0.241980925202,
        "dmean2": 0.401060581207,
        "dvar": 0.442706018686,
        "dvar2": 1.13159894943,
        "max": 9.25124645233,
        "mean": 0.661954283714,
        "median": 0.500894665718,
        "min": 0,
        "var": 0.620020031929
    },
    "zerocrossingrate": {
        "dmean": 0.0160498321056,
        "dmean2": 0.0190155133605,
        "dvar": 0.000540377164725,
        "dvar2": 0.000692445843015,
        "max": 0.5185546875,
        "mean": 0.0531552582979,
        "median": 0.03564453125,
        "min": 0.001953125,
        "var": 0.00417174445465
    },
    "barkbands": {
        "dmean": [0.000242509224336, 0.0115082357079, 0.00209224782884, 0.00116477673873, 0.00127447000705, 0.000603362510446, 0.000434735091403, 0.000311977724778, 0.000275399215752, 0.000226811083849, 0.000439785275375, 0.000203601899557, 0.000157617483637, 0.000248732219916, 0.000343260355294, 0.000250151730143, 0.000275725295069, 0.00020967470482, 0.000125944803585, 0.000187086014193, 0.000191478640772, 0.000234417311731, 0.000423027318902, 0.000270164833637, 0.000168835380464, 9.38331868383e-05, 1.37123197419e-05],
        "dmean2": [0.000271047319984, 0.0177230499685, 0.00350561668165, 0.00210252590477, 0.00218851631507, 0.00095735542709, 0.000653015682474, 0.000477274006698, 0.00042453117203, 0.000363086728612, 0.00069804902887, 0.000298650586046, 0.000236499647144, 0.000364444567822, 0.000446281308541, 0.000419011048507, 0.000396293762606, 0.000273093377473, 0.000157472590217, 0.000281758344499, 0.000252401776379, 0.000351054652128, 0.000691963534337, 0.000441806943854, 0.000277787505183, 0.000159320537932, 2.28198823606e-05],
        "dvar": [3.62154480626e-07, 0.00104922743049, 5.25190116605e-05, 2.0952162231e-05, 2.41226462094e-05, 2.7560640774e-06, 1.12546831588e-06, 6.20205014457e-07, 6.93478170888e-07, 4.90827119393e-07, 1.55652719513e-06, 4.74421653962e-07, 2.49887762038e-07, 4.95582185067e-07, 1.28129590848e-06, 1.10089979444e-06, 1.42587430219e-06, 6.67040012559e-07, 1.66732050388e-07, 4.72070837532e-07, 3.52468418896e-07, 4.38300190808e-07, 1.03083868908e-06, 6.0576485339e-07, 2.00252728177e-07, 5.41092468609e-08, 2.25739449355e-09],
        "dvar2": [4.66676738142e-07, 0.00268200342543, 0.000136080794618, 5.89540140936e-05, 6.43572202534e-05, 7.73187548475e-06, 2.49619188253e-06, 1.44157331761e-06, 1.48658023136e-06, 1.28095882701e-06, 3.94277367377e-06, 9.30313035497e-07, 5.46934813883e-07, 1.02128399249e-06, 2.04197590392e-06, 2.95055451716e-06, 3.24181405631e-06, 1.12898203497e-06, 2.57177021012e-07, 1.03398235751e-06, 6.14268685695e-07, 9.37043012073e-07, 2.51505707638e-06, 1.50194011894e-06, 4.9471316288e-07, 1.38021462703e-07, 5.52132117804e-09],
        "max": [0.00648409267887, 0.483465969563, 0.153114244342, 0.0556001290679, 0.112595275044, 0.0228286236525, 0.0281846281141, 0.0206227190793, 0.0303926896304, 0.00904970429838, 0.0251263361424, 0.0305223539472, 0.0112994145602, 0.0171800013632, 0.0434619784355, 0.015215001069, 0.0190791375935, 0.0161573775113, 0.00842401292175, 0.0107228877023, 0.00975404679775, 0.00890042167157, 0.00825428776443, 0.00818875618279, 0.00463583460078, 0.00171722739469, 0.00057110999478],
        "mean": [0.000404791295296, 0.0330587774515, 0.00372951570898, 0.00155738473404, 0.0016754072858, 0.00132952572312, 0.00107234937605, 0.000654480885714, 0.000540568318684, 0.000268461008091, 0.000659492448904, 0.000332579715177, 0.000213217310375, 0.000392230373109, 0.000583039829507, 0.000262969755568, 0.000309277558699, 0.00026302356855, 0.000184344899026, 0.000195768123376, 0.00022525039094, 0.000249455188168, 0.000358289224096, 0.000233159429627, 0.000138715549838, 6.7727843998e-05, 1.0119361832e-05],
        "median": [5.5737200455e-06, 0.00885964557528, 0.00105720153078, 0.000477881665574, 0.000477159104776, 0.000446222285973, 0.000283364148345, 0.00014812045265, 9.75963994279e-05, 4.95113126817e-05, 5.00902933709e-05, 3.56439923053e-05, 2.78855768556e-05, 8.03671428002e-05, 5.11482430738e-05, 2.774783934e-05, 2.31023550441e-05, 1.80649149115e-05, 1.5304029148e-05, 1.30700664158e-05, 7.73698411649e-06, 5.61190063308e-06, 6.48013565296e-06, 5.31125533598e-06, 2.80023368759e-06, 1.00632610156e-06, 5.95055063002e-08],
        "min": [2.02918770383e-14, 8.83396241087e-15, 1.12124895838e-15, 6.44350562591e-16, 1.44031504642e-15, 9.02974814739e-16, 1.06045359211e-15, 9.5487104111e-16, 7.32217292441e-15, 2.08217351103e-14, 3.60627368964e-15, 5.07014779282e-15, 4.61148284001e-15, 9.42231403713e-15, 1.7840977041e-14, 1.21397380335e-14, 7.73709794285e-15, 2.2478270669e-14, 1.46223348506e-14, 8.25508145999e-15, 2.64039786942e-14, 3.86326238469e-14, 4.42910173869e-14, 5.11254484115e-14, 4.24810672208e-14, 1.27768496195e-13, 1.5289577601e-13],
        "var": [1.04961361558e-06, 0.00252191070467, 7.79054753366e-05, 1.45000640259e-05, 1.98225607164e-05, 5.02930151924e-06, 4.27052509622e-06, 2.10632310882e-06, 1.77676167823e-06, 5.04612160057e-07, 2.93642642646e-06, 1.6531480469e-06, 3.80172537007e-07, 9.59935505307e-07, 4.52830590802e-06, 9.35453897455e-07, 1.58163220476e-06, 1.12740326585e-06, 3.715536252e-07, 5.4994580978e-07, 6.32533669886e-07, 6.14352472894e-07, 9.8188343145e-07, 5.44638055544e-07, 1.73980822638e-07, 4.19568664256e-08, 1.87773752103e-09]
    },
    "erbbands": {
        "dmean": [0.350419074297, 2.659678936, 2.72026705742, 3.27146172523, 3.49996805191, 5.15987205505, 4.71201181412, 4.62301635742, 4.4953455925, 10.5415468216, 5.03006267548, 6.90313959122, 4.18810272217, 12.5984592438, 14.4705524445, 8.80851364136, 5.94186019897, 13.6300058365, 14.4729652405, 17.4317760468, 12.1672534943, 15.9663352966, 11.1996068954, 8.15996360779, 6.27007627487, 8.46880912781, 8.11299228668, 7.37963676453, 8.58533287048, 13.2536735535, 9.63719081879, 6.57038736343, 3.71363949776, 1.98584747314, 1.17470049858, 0.541779279709, 0.139360964298, 0.0229272469878, 0.00266439979896, 9.54966162681e-05],
        "dmean2": [0.508327305317, 4.08531951904, 4.18398571014, 5.78592586517, 6.19435548782, 8.83755016327, 7.52645730972, 7.38979148865, 7.13518857956, 15.5559263229, 7.34260225296, 10.7052536011, 6.38931369781, 20.7882232666, 22.6550331116, 13.0633382797, 8.70078849792, 19.5721549988, 17.8021717072, 26.3249187469, 19.2841854095, 22.8150424957, 14.7230510712, 10.5709695816, 8.39201164246, 12.6299123764, 11.0540046692, 10.1371212006, 12.5580940247, 21.6023387909, 15.5604476929, 10.6764373779, 6.03272247314, 3.2153236866, 1.96638381481, 0.920135855675, 0.236353233457, 0.0384308025241, 0.00441312137991, 0.00015540093591],
        "dvar": [0.9683573246, 55.7038955688, 67.0872573853, 175.320831299, 147.472869873, 525.627868652, 350.709075928, 125.886657715, 133.234680176, 646.182800293, 196.090576172, 472.350585938, 145.242233276, 1296.61791992, 1752.65454102, 969.163146973, 264.688995361, 1516.53393555, 2939.6081543, 4169.96923828, 2299.87402344, 5471.703125, 1953.34631348, 797.489440918, 445.461151123, 918.993591309, 741.736572266, 525.531311035, 653.980773926, 991.932495117, 538.10534668, 324.773162842, 123.918060303, 34.2685852051, 8.47579288483, 1.73470258713, 0.12764185667, 0.00451134471223, 8.26225514174e-05, 9.05667931761e-08],
        "dvar2": [2.26996541023, 144.357040405, 165.048583984, 489.487609863, 403.731811523, 1398.48608398, 993.027282715, 339.775512695, 347.600616455, 1452.68054199, 411.705932617, 1001.112854, 364.472290039, 3400.14233398, 4362.14208984, 1872.02368164, 521.551086426, 3031.63891602, 3937.46386719, 9386.27246094, 5606.64013672, 12942.1054688, 3311.78466797, 1190.75061035, 821.92791748, 1969.9050293, 1367.09533691, 984.81854248, 1427.09289551, 2420.19628906, 1259.26367188, 779.444396973, 311.313568115, 83.6714553833, 21.3837337494, 4.447722435, 0.324722498655, 0.0111204776913, 0.000202713548788, 2.17911988898e-07],
        "max": [13.4160404205, 126.91910553, 200.507843018, 160.690185547, 162.146331787, 607.438903809, 301.614898682, 205.506790161, 341.206665039, 729.78137207, 576.465270996, 821.951049805, 216.432220459, 437.528106689, 983.714904785, 1555.00158691, 325.834350586, 1101.61535645, 2657.11987305, 1595.20874023, 723.380737305, 1136.62097168, 873.140319824, 519.494628906, 365.671478271, 438.390991211, 452.689819336, 309.59753418, 332.261871338, 284.181274414, 191.02166748, 167.117507935, 124.674842834, 68.4992675781, 23.1768341064, 9.66635513306, 2.94247603416, 0.713522195816, 0.109663024545, 0.00368293654174],
        "mean": [0.880621314049, 7.50427150726, 6.74218463898, 5.03559780121, 4.36968660355, 6.21188592911, 9.05486774445, 10.0797376633, 10.4482250214, 24.2995967865, 12.4691896439, 13.7020225525, 6.75121068954, 16.9802589417, 22.2722473145, 15.3794603348, 9.35228919983, 22.5002422333, 27.3310546875, 23.5623435974, 14.237165451, 17.5826702118, 14.3084602356, 11.4214010239, 8.47055149078, 9.26284980774, 9.12066364288, 8.74074077606, 9.16956233978, 11.3887138367, 8.61178588867, 5.78893995285, 3.214189291, 1.71763396263, 0.902413129807, 0.39235880971, 0.100760422647, 0.0169232115149, 0.00199816236272, 0.00011807536066],
        "median": [0.136280566454, 2.17164254189, 2.06516695023, 2.34277153015, 1.38265800476, 1.45344090462, 2.42746782303, 3.44488382339, 3.85343050957, 4.42475318909, 3.33634233475, 2.61394548416, 2.23429942131, 1.74488997459, 2.50795674324, 2.38510942459, 1.80715537071, 4.4115023613, 2.82273077965, 2.80567383766, 1.63678431511, 1.28321933746, 1.09210705757, 0.967406749725, 0.709616065025, 0.667559802532, 0.399848520756, 0.280152857304, 0.198915183544, 0.237548947334, 0.156874090433, 0.134541541338, 0.0720955207944, 0.0338521003723, 0.0185571406037, 0.00666631571949, 0.00128136761487, 0.000172134619788, 4.32526721852e-05, 3.84427476092e-05],
        "min": [5.28755858542e-13, 1.1153298337e-12, 1.40677920701e-12, 2.01112108737e-12, 2.92050932049e-12, 6.17136636932e-12, 4.31890027214e-12, 9.35877157021e-12, 1.45955955655e-11, 1.2937908557e-11, 2.96696209268e-11, 1.24921517575e-10, 5.52989820601e-10, 4.90151863541e-10, 1.71862205023e-10, 2.01342248429e-10, 2.15521211988e-10, 3.02374514316e-10, 8.29993240803e-10, 9.10361397377e-10, 4.75911976494e-10, 5.87426496335e-10, 1.22885301934e-09, 5.00351704513e-10, 7.93462073823e-10, 5.05215091984e-10, 9.03531360841e-10, 1.23129151319e-09, 1.19679222088e-09, 1.19019605282e-09, 1.38573263975e-09, 1.39398936838e-09, 6.69308108936e-10, 5.29929877757e-10, 2.844888769e-10, 3.3263233834e-10, 2.41884096086e-10, 1.11985240525e-10, 2.07121490098e-11, 2.2039225913e-12],
        "var": [2.28109097481, 131.697265625, 164.181411743, 123.648132324, 110.013435364, 422.153106689, 391.888275146, 287.868041992, 321.763214111, 2448.57714844, 866.77734375, 1208.67492676, 190.22479248, 2023.89013672, 3137.65112305, 3916.09375, 485.113677979, 3333.89501953, 13556.0644531, 6575.84082031, 2365.70727539, 5738.94775391, 3282.27514648, 1617.42492676, 801.416992188, 1138.02209473, 1175.95239258, 888.815734863, 888.724853516, 971.182312012, 573.001098633, 314.283996582, 108.841827393, 30.7320709229, 6.92033338547, 1.3368614912, 0.0992316305637, 0.00368918781169, 6.86609419063e-05, 8.5049080667e-08]
    },
    "gfcc": {
        "mean": [-90.7704925537, 96.3534851074, -102.929542542, 26.5100021362, -50.6273956299, 15.3171453476, -35.7331924438, 5.02715873718, -12.3162269592, 4.09920740128, -8.72386264801, -1.08816242218, -8.92222213745],
        "cov": [[28171.8339844, 679.414611816, 2205.19360352, 2420.10546875, 99.8016738892, 1604.42749023, 270.596343994, 657.625366211, -144.785644531, 402.621612549, 79.3227081299, -78.1056365967, -456.074981689], [679.414611816, 3802.55859375, 306.420166016, -30.9705944061, 801.479187012, -227.817672729, 426.971282959, -36.8314743042, 399.091217041, -92.3834228516, 420.886169434, -263.825042725, 216.475585938], [2205.19360352, 306.420166016, 2120.23486328, 831.007141113, 367.925720215, 604.795410156, 383.14666748, 204.384231567, 192.772384644, 111.233978271, 61.9425506592, 16.0315876007, -150.507980347], [2420.10546875, -30.9705944061, 831.007141113, 1050.49926758, 348.019775391, 456.157409668, 265.22164917, 119.811065674, 149.184494019, 39.742389679, -7.74659967422, 14.0111017227, -53.3561668396], [99.8016738892, 801.479187012, 367.925720215, 348.019775391, 780.506347656, 264.128570557, 289.806640625, 16.1414833069, 262.74508667, 41.6391181946, 107.63999939, -12.9990415573, 73.2519760132], [1604.42749023, -227.817672729, 604.795410156, 456.157409668, 264.128570557, 557.788024902, 184.695114136, 130.718643188, 65.9909820557, 93.5833206177, 11.4314775467, 32.1780738831, -49.9314193726], [270.596343994, 426.971282959, 383.14666748, 265.22164917, 289.806640625, 184.695114136, 351.989227295, 130.800003052, 129.687789917, 45.645904541, 120.110618591, -16.3377075195, 33.9200325012], [657.625366211, -36.8314743042, 204.384231567, 119.811065674, 16.1414833069, 130.718643188, 130.800003052, 263.566680908, 57.299747467, 60.0496826172, 68.3709106445, 12.0379343033, 33.4362945557], [-144.785644531, 399.091217041, 192.772384644, 149.184494019, 262.74508667, 65.9909820557, 129.687789917, 57.299747467, 310.943969727, 85.7957229614, 72.6807327271, 27.9550151825, 50.011013031], [402.621612549, -92.3834228516, 111.233978271, 39.742389679, 41.6391181946, 93.5833206177, 45.645904541, 60.0496826172, 85.7957229614, 155.00843811, 85.6069335938, 37.183467865, 4.66793441772], [79.3227081299, 420.886169434, 61.9425506592, -7.74659967422, 107.63999939, 11.4314775467, 120.110618591, 68.3709106445, 72.6807327271, 85.6069335938, 222.027755737, 15.7252044678, 83.4262390137], [-78.1056365967, -263.825042725, 16.0315876007, 14.0111017227, -12.9990415573, 32.1780738831, -16.3377075195, 12.0379343033, 27.9550151825, 37.183467865, 15.7252044678, 132.098571777, 32.7528343201], [-456.074981689, 216.475585938, -150.507980347, -53.3561668396, 73.2519760132, -49.9314193726, 33.9200325012, 33.4362945557, 50.011013031, 4.66793441772, 83.4262390137, 32.7528343201, 160.792068481]],
        "icov": [[7.11827015039e-05, -0.000133950292366, 4.10418761021e-05, -0.000196978449821, 8.98753351066e-05, -0.000152125372551, 0.000169574021129, -0.000177951107617, 0.000240167923039, -0.000338521320373, 0.000139314302942, -0.000138054849231, 0.000159310046001], [-0.000133950292366, 0.00110523670446, -0.000296554178931, 0.0005648835795, -0.00063731073169, 0.000661827740259, -0.000382571975933, 0.000667185056955, -0.00133481004741, 0.00211354647763, -0.00198462000117, 0.00182190642226, -0.000507841468789], [4.10418761021e-05, -0.000296554178931, 0.00098940054886, -0.000499661779031, 0.000254376907833, -0.000676907249726, -0.00027615975705, -0.00031875752029, 5.82282482355e-05, -0.00029566133162, 0.000129254563944, -0.000676321214996, 0.0011356077157], [-0.000196978449821, 0.0005648835795, -0.000499661779031, 0.00243913335726, -0.000455311412225, -0.00046264170669, -0.00100494059734, 0.000583920045756, -0.00129329995252, 0.00181480427273, -0.000326020934153, 0.000612104486208, -0.000429167470429], [8.98753351066e-05, -0.00063731073169, 0.000254376907833, -0.000455311412225, 0.00353976362385, -0.00188809086103, -0.00126119959168, 0.00133214599919, -0.00132959138136, -0.000131258784677, 0.000558509025723, -0.000211469043279, -0.000839275366161], [-0.000152125372551, 0.000661827740259, -0.000676907249726, -0.00046264170669, -0.00188809086103, 0.00507604610175, -0.000727755017579, -0.000859839608893, 0.000955053546932, -0.00140539556742, 0.000450865336461, 2.85005044134e-05, 0.0001631341147], [0.000169574021129, -0.000382571975933, -0.00027615975705, -0.00100494059734, -0.00126119959168, -0.000727755017579, 0.00727343512699, -0.00264066271484, 0.000120552584121, 0.000516652304213, -0.00235301326029, 0.000575915037189, 0.000818434811663], [-0.000177951107617, 0.000667185056955, -0.00031875752029, 0.000583920045756, 0.00133214599919, -0.000859839608893, -0.00264066271484, 0.00675950478762, -0.00174456532113, 0.000601143634412, -0.0012197784381, 0.00153861520812, -0.00238541606814], [0.000240167923039, -0.00133481004741, 5.82282482355e-05, -0.00129329995252, -0.00132959138136, 0.000955053546932, 0.000120552584121, -0.00174456532113, 0.00805853679776, -0.00647818623111, 0.00361364404671, -0.00282742478885, -0.000274085061392], [-0.000338521320373, 0.00211354647763, -0.00029566133162, 0.00181480427273, -0.000131258784677, -0.00140539556742, 0.000516652304213, 0.000601143634412, -0.00647818623111, 0.0172777064145, -0.00948200933635, 0.00132544059306, 0.00207219086587], [0.000139314302942, -0.00198462000117, 0.000129254563944, -0.000326020934153, 0.000558509025723, 0.000450865336461, -0.00235301326029, -0.0012197784381, 0.00361364404671, -0.00948200933635, 0.0135428188369, -0.00292110443115, -0.0035648199264], [-0.000138054849231, 0.00182190642226, -0.000676321214996, 0.000612104486208, -0.000211469043279, 2.85005044134e-05, 0.000575915037189, 0.00153861520812, -0.00282742478885, 0.00132544059306, -0.00292110443115, 0.0125661678612, -0.00381378526799], [0.000159310046001, -0.000507841468789, 0.0011356077157, -0.000429167470429, -0.000839275366161, 0.0001631341147, 0.000818434811663, -0.00238541606814, -0.000274085061392, 0.00207219086587, -0.0035648199264, -0.00381378526799, 0.011683289893]]
    },
    "melbands": {
        "dmean": [0.00320206675678, 0.0019900475163, 0.000547733274288, 0.000310397881549, 0.000174247514224, 0.000106889223389, 7.21116084605e-05, 0.000107100917376, 4.20777068939e-05, 3.96446921513e-05, 2.03704694286e-05, 4.88202640554e-05, 6.12604126218e-05, 2.29900851991e-05, 1.64213925018e-05, 1.86452689377e-05, 2.58871750702e-05, 2.26147294597e-05, 2.36606756516e-05, 2.24195682677e-05, 1.29731024572e-05, 1.61323805514e-05, 1.57135691552e-05, 8.28520205687e-06, 6.59255420032e-06, 4.52353879155e-06, 5.56277245778e-06, 5.47962645214e-06, 5.77301307203e-06, 4.35620177086e-06, 4.38964707428e-06, 4.48285254606e-06, 5.01042950418e-06, 9.73155511019e-06, 6.77706339047e-06, 3.37110714099e-06, 4.49926892543e-06, 2.79756750388e-06, 1.82843177754e-06, 1.67922803485e-06],
        "dmean2": [0.00488870963454, 0.00307004759088, 0.00094830954913, 0.000544692098629, 0.000280989159364, 0.000170161045389, 0.000113372814667, 0.00015903901658, 6.15906683379e-05, 6.18158956058e-05, 3.08865237457e-05, 8.10774145066e-05, 9.72318448476e-05, 3.38923055097e-05, 2.4614862923e-05, 2.73419882433e-05, 3.72804097424e-05, 2.83197277895e-05, 3.25626569975e-05, 3.67731918232e-05, 2.05191190616e-05, 2.41619873123e-05, 2.14284154936e-05, 1.19993565022e-05, 8.53861001815e-06, 5.8114951571e-06, 8.4200864876e-06, 8.19838260213e-06, 8.159695426e-06, 6.54378436593e-06, 6.28805628367e-06, 6.54941550238e-06, 7.72406292526e-06, 1.62774340424e-05, 1.10967257569e-05, 5.2630330174e-06, 7.46117711969e-06, 4.57282931166e-06, 2.99540079141e-06, 2.73070963885e-06],
        "dvar": [8.34439852042e-05, 3.00864085148e-05, 4.23106894232e-06, 1.46570368997e-06, 5.16521424743e-07, 6.93146375852e-08, 3.12164338823e-08, 6.39985060502e-08, 1.41080294114e-08, 1.44815528458e-08, 3.81853926257e-09, 2.07845065603e-08, 3.34816121494e-08, 6.32604058026e-09, 2.64482746815e-09, 3.25304161386e-09, 5.46740253071e-09, 7.33469551761e-09, 5.98689053888e-09, 8.18683609793e-09, 2.42482989243e-09, 6.34837160618e-09, 4.58388926816e-09, 1.00754971033e-09, 5.00611108123e-10, 2.28328606022e-10, 4.47071518694e-10, 3.73402947451e-10, 4.12612249923e-10, 2.04338199139e-10, 1.94601890158e-10, 1.91515497905e-10, 1.84152734728e-10, 5.47766332293e-10, 2.54965520918e-10, 9.93667925719e-11, 1.50931808718e-10, 7.30883686906e-11, 3.75605276048e-11, 2.19084143188e-11],
        "dvar2": [0.000210119542317, 7.4596486229e-05, 1.14510967251e-05, 3.90501463698e-06, 1.44860428009e-06, 1.90004215028e-07, 7.84439322388e-08, 1.47799696038e-07, 2.99683833305e-08, 3.14119574796e-08, 9.50279144263e-09, 5.48719221172e-08, 8.5035331665e-08, 1.24921504252e-08, 5.54431389688e-09, 6.6252208164e-09, 1.10131246345e-08, 1.04692556846e-08, 1.19745084959e-08, 2.1561147534e-08, 5.57477175533e-09, 1.60990083486e-08, 9.07435460107e-09, 1.77601267026e-09, 7.46838479948e-10, 3.86975562705e-10, 1.04331909778e-09, 7.76771702515e-10, 8.19971368582e-10, 4.27696156269e-10, 3.97188587575e-10, 4.17447326706e-10, 3.98732408202e-10, 1.40134770454e-09, 6.13235628943e-10, 2.22281054674e-10, 3.74971997896e-10, 1.8513832134e-10, 9.59774273945e-11, 5.26844193272e-11],
        "max": [0.124866329134, 0.103392317891, 0.0242379214615, 0.0271751601249, 0.0141030931845, 0.00422203866765, 0.00451401481405, 0.00662935618311, 0.00435712141916, 0.00444665318355, 0.00105457392056, 0.00166478438769, 0.00402995757759, 0.00348084000871, 0.00164761592168, 0.00167898449581, 0.00204524258152, 0.00402781926095, 0.00165052770171, 0.00139063503593, 0.000767956546042, 0.00129593047313, 0.00142093969043, 0.000561455031857, 0.000415234448155, 0.00027153416886, 0.00035128815216, 0.000291959178867, 0.000354578864062, 0.000226408796152, 0.000221365931793, 0.000196099907043, 0.000164459343068, 0.000179296373972, 0.000128437677631, 0.000143780591316, 0.000114083879453, 9.84570069704e-05, 7.63171046856e-05, 5.26243929926e-05],
        "mean": [0.00887813232839, 0.00602200580761, 0.000847897841595, 0.000361789861927, 0.000313486991217, 0.00023729383247, 0.000173651613295, 0.000241578469286, 0.000100231693068, 7.63771022321e-05, 3.03645920212e-05, 6.27068220638e-05, 9.07341236598e-05, 3.80390047212e-05, 2.5979401471e-05, 2.82946675725e-05, 4.08572304877e-05, 4.06264007324e-05, 3.57751232514e-05, 2.48411852226e-05, 1.51136000568e-05, 1.73401440406e-05, 1.77111069206e-05, 1.0956206097e-05, 9.07218145585e-06, 6.65345260131e-06, 5.90603440287e-06, 6.04216484135e-06, 5.99359191256e-06, 5.18480555911e-06, 4.88868818138e-06, 4.91194123242e-06, 5.04940862811e-06, 7.70268252381e-06, 5.79343759455e-06, 3.33825300913e-06, 3.70157840734e-06, 2.39282348957e-06, 1.60849970143e-06, 1.41916893881e-06],
        "median": [0.0021317244973, 0.00225123763084, 0.000388751010178, 9.83465724858e-05, 9.18272853596e-05, 8.31184734125e-05, 6.12067742622e-05, 4.77150570077e-05, 2.37479762291e-05, 1.43309189298e-05, 8.49807474879e-06, 5.79170227866e-06, 7.72138537286e-06, 5.42307316209e-06, 2.93315360977e-06, 4.15399244957e-06, 7.72172552388e-06, 3.64433890354e-06, 3.7215413613e-06, 2.62641856352e-06, 1.40894985634e-06, 1.2588491245e-06, 8.0228915067e-07, 8.86615907802e-07, 6.96515940035e-07, 5.13203531227e-07, 4.34039918673e-07, 4.26380950103e-07, 2.34855292547e-07, 1.68342637608e-07, 1.45131849649e-07, 1.05039859477e-07, 1.01396693708e-07, 1.52612102511e-07, 9.41503941476e-08, 7.66974181943e-08, 7.83074654009e-08, 5.06936572719e-08, 3.22627116134e-08, 2.68013664595e-08],
        "min": [4.57203566863e-15, 9.68267502445e-16, 3.45980639352e-16, 3.5880643871e-16, 1.72652750577e-16, 1.96288728514e-16, 2.23140003814e-16, 1.40582256779e-16, 2.35519125641e-16, 9.94794245013e-16, 2.88539550021e-15, 2.15904378387e-15, 4.8018880115e-16, 5.9204966623e-16, 6.34921180064e-16, 3.22021174239e-16, 6.02014532399e-16, 1.26617322516e-15, 1.51268914133e-15, 1.04842212436e-15, 3.73249356312e-16, 3.45828808697e-16, 1.48511334845e-15, 7.65690732203e-16, 2.84092891745e-16, 8.37614734974e-16, 2.15711961618e-16, 3.45067352547e-16, 4.25841817295e-16, 7.51304671687e-16, 7.51654708053e-16, 6.96338480279e-16, 6.60989571928e-16, 6.394230543e-16, 7.18542654897e-16, 8.35648242108e-16, 8.81170492611e-16, 4.33910997258e-16, 3.76386713409e-16, 4.83665236124e-16],
        "var": [0.000194348584046, 8.48067138577e-05, 3.25250402966e-06, 1.13452847472e-06, 4.92333242619e-07, 1.53250667267e-07, 8.75421051205e-08, 2.31056020539e-07, 5.78972212395e-08, 3.58486147434e-08, 4.80125672553e-09, 2.96838233993e-08, 5.96161413569e-08, 2.16043787304e-08, 6.54252518828e-09, 6.81972300853e-09, 1.1159605684e-08, 3.13038945876e-08, 1.23022383391e-08, 8.44197600713e-09, 2.69403921394e-09, 5.77857584005e-09, 6.344806458e-09, 1.6641231726e-09, 1.02094976917e-09, 4.90800455832e-10, 4.85856688215e-10, 4.84349282903e-10, 5.65262503471e-10, 3.27333798955e-10, 2.95078073087e-10, 2.70443945016e-10, 2.40433922771e-10, 4.58462268149e-10, 2.53591286858e-10, 1.14449366651e-10, 1.32436145384e-10, 6.29218621651e-11, 3.13304417132e-11, 1.99805935686e-11]
    },
    "mfcc": {
        "mean": [-730.748596191, 125.972732544, 11.0799264908, 18.2396640778, 9.9420671463, 8.82838058472, -4.81595230103, 2.12025308609, -2.68100309372, 7.31610536575, 1.70732522011, 0.752630650997, 3.2883181572],
        "cov": [[17359.1875, -15.4073991776, 1055.44506836, 908.142578125, 635.007568359, 810.81652832, 699.001220703, 507.533325195, 274.299346924, 402.863433838, 352.912536621, 349.563293457, 248.384277344], [-15.4073991776, 3504.26171875, 142.672409058, 365.063232422, 404.025726318, 52.4909934998, 241.378662109, 68.3200454712, 46.0724906921, 278.209381104, 189.198272705, 46.5272293091, 123.698318481], [1055.44506836, 142.672409058, 1397.26696777, 402.015411377, 289.963165283, 334.817443848, 249.086608887, 270.950714111, 121.172996521, 187.456695557, 180.777587891, 98.4972686768, 89.5497817993], [908.142578125, 365.063232422, 402.015411377, 648.053039551, 304.73034668, 332.071014404, 196.579284668, 227.036483765, 164.386642456, 107.074661255, 106.789535522, 110.464614868, 69.360168457], [635.007568359, 404.025726318, 289.963165283, 304.73034668, 470.334411621, 376.038360596, 161.636230469, 186.576568604, 157.039718628, 126.478302002, 93.0976715088, 84.2769622803, 87.9992141724], [810.81652832, 52.4909934998, 334.817443848, 332.071014404, 376.038360596, 579.156616211, 157.545227051, 217.561080933, 149.279724121, 89.5864868164, 115.240692139, 96.8284759521, 67.64478302], [699.001220703, 241.378662109, 249.086608887, 196.579284668, 161.636230469, 157.545227051, 384.285491943, 146.339828491, 78.7034072876, 115.125915527, 81.6562728882, 67.7873535156, 59.0513648987], [507.533325195, 68.3200454712, 270.950714111, 227.036483765, 186.576568604, 217.561080933, 146.339828491, 239.767990112, 142.848312378, 77.5347518921, 74.1117553711, 70.9286651611, 59.719833374], [274.299346924, 46.0724906921, 121.172996521, 164.386642456, 157.039718628, 149.279724121, 78.7034072876, 142.848312378, 187.744064331, 101.001037598, 55.0916862488, 63.1227416992, 50.3191337585], [402.863433838, 278.209381104, 187.456695557, 107.074661255, 126.478302002, 89.5864868164, 115.125915527, 77.5347518921, 101.001037598, 179.174087524, 116.913536072, 57.3230934143, 50.1944389343], [352.912536621, 189.198272705, 180.777587891, 106.789535522, 93.0976715088, 115.240692139, 81.6562728882, 74.1117553711, 55.0916862488, 116.913536072, 172.738800049, 101.907196045, 54.3497924805], [349.563293457, 46.5272293091, 98.4972686768, 110.464614868, 84.2769622803, 96.8284759521, 67.7873535156, 70.9286651611, 63.1227416992, 57.3230934143, 101.907196045, 135.896789551, 84.6683273315], [248.384277344, 123.698318481, 89.5497817993, 69.360168457, 87.9992141724, 67.64478302, 59.0513648987, 59.719833374, 50.3191337585, 50.1944389343, 54.3497924805, 84.6683273315, 130.999465942]],
