{
"lowlevel": {
    "average_loudness": 0.974139988422,
    "barkbands_crest": {
        "dmean": 3.91608047485,
        "dmean2": 5.74259662628,
        "dvar": 14.5227012634,
        "dvar2": 27.616481781,
        "max": 26.293712616,
        "mean": 12.4898262024,
        "median": 10.7771434784,
        "min": 2.16909480095,
        "var": 46.6762695312
    },
    "barkbands_flatness_db": {
        "dmean": 0.0515197440982,
        "dmean2": 0.071215711534,
        "dvar": 0.00259078340605,
        "dvar2": 0.0047678812407,
        "max": 0.579313278198,
        "mean": 0.191141471267,
        "median": 0.172085106373,
        "min": 0.0287861004472,
        "var": 0.00931183900684
    },
    "barkbands_kurtosis": {
        "dmean": 6.87107276917,
        "dmean2": 10.1622085571,
        "dvar": 217.381820679,
        "dvar2": 480.055938721,
        "max": 382.089080811,
        "mean": 7.16677618027,
        "median": 1.30500650406,
        "min": -1.86735332012,
        "var": 309.888336182
    },
    "barkbands_skewness": {
        "dmean": 0.967233479023,
        "dmean2": 1.33153188229,
        "dvar": 1.16833007336,
        "dvar2": 2.35390877724,
        "max": 16.8679332733,
        "mean": 1.65853607655,
        "median": 1.0863673687,
        "min": -2.29005241394,
        "var": 3.84852409363
    },
    "barkbands_spread": {
        "dmean": 8.54124259949,
        "dmean2": 13.751748085,
        "dvar": 120.00605011,
        "dvar2": 307.65234375,
        "max": 87.421333313,
        "mean": 17.4404125214,
        "median": 14.0251979828,
        "min": 0.263968855143,
        "var": 172.926651001
    },
    "dissonance": {
        "dmean": 0.0235840119421,
        "dmean2": 0.0376675091684,
        "dvar": 0.000542878347915,
        "dvar2": 0.00133882870432,
        "max": 0.500000119209,
        "mean": 0.452377229929,
        "median": 0.462360680103,
        "min": 0.226368531585,
        "var": 0.00145037542097
    },
    "dynamic_complexity": 2.13681387901,
    "erbbands_crest": {
        "dmean": 2.94964313507,
        "dmean2": 4.59521007538,
        "dvar": 7.93513584137,
        "dvar2": 17.1822853088,
        "max": 31.600933075,
        "mean": 9.46037864685,
        "median": 8.1940984726,
        "min": 2.24075818062,
        "var": 22.1380462646
    },
    "erbbands_flatness_db": {
        "dmean": 0.0328420102596,
        "dmean2": 0.0473456084728,
        "dvar": 0.00100516050588,
        "dvar2": 0.00190427177586,
        "max": 0.476373612881,
        "mean": 0.203564032912,
        "median": 0.196463093162,
        "min": 0.067248493433,
        "var": 0.00474382797256
    },
    "erbbands_kurtosis": {
        "dmean": 1.27312707901,
        "dmean2": 2.00293469429,
        "dvar": 2.94615793228,
        "dvar2": 6.83910942078,
        "max": 46.9215164185,
        "mean": 0.951676487923,
        "median": 0.349253296852,
        "min": -1.70768809319,
        "var": 5.31524801254
    },
    "erbbands_skewness": {
        "dmean": 0.458961814642,
        "dmean2": 0.706710636616,
        "dvar": 0.185450837016,
        "dvar2": 0.452859640121,
        "max": 3.3737642765,
        "mean": -0.010030830279,
        "median": -0.0224715061486,
        "min": -3.12948417664,
        "var": 0.550959348679
    },
    "erbbands_spread": {
        "dmean": 9.29892253876,
        "dmean2": 14.9347991943,
        "dvar": 118.836830139,
        "dvar2": 291.28125,
        "max": 118.455062866,
        "mean": 26.2179698944,
        "median": 23.7531909943,
        "min": 1.60379564762,
        "var": 198.439071655
    },
    "hfc": {
        "dmean": 12.761973381,
        "dmean2": 21.3736591339,
        "dvar": 478.356201172,
        "dvar2": 1244.48474121,
        "max": 194.008773804,
        "mean": 21.5553703308,
        "median": 14.2158260345,
        "min": 1.24924138065e-16,
        "var": 505.707427979
    },
    "melbands_crest": {
        "dmean": 4.61050271988,
        "dmean2": 6.71887350082,
        "dvar": 19.1949272156,
        "dvar2": 36.2936706543,
        "max": 37.134765625,
        "mean": 16.99036026,
        "median": 16.1866073608,
        "min": 1.72119295597,
        "var": 72.548324585
    },
    "melbands_flatness_db": {
        "dmean": 0.0627561956644,
        "dmean2": 0.0859434083104,
        "dvar": 0.00385030009784,
        "dvar2": 0.007314206101,
        "max": 0.693397879601,
        "mean": 0.262771487236,
        "median": 0.251259207726,
        "min": 0.00280775502324,
        "var": 0.0146756637841
    },
    "melbands_kurtosis": {
        "dmean": 12.3889760971,
        "dmean2": 18.3609409332,
        "dvar": 533.379943848,
        "dvar2": 1222.60131836,
        "max": 478.155181885,
        "mean": 16.0613994598,
        "median": 4.2073841095,
        "min": -1.79901564121,
        "var": 910.33026123
    },
    "melbands_skewness": {
        "dmean": 1.14833247662,
        "dmean2": 1.59446418285,
        "dvar": 1.64201581478,
        "dvar2": 3.45963072777,
        "max": 15.9081459045,
        "mean": 2.64402842522,
        "median": 1.85429191589,
        "min": -2.95126390457,
        "var": 5.81122112274
    },
    "melbands_spread": {
        "dmean": 10.3521461487,
        "dmean2": 16.1369304657,
        "dvar": 169.712310791,
        "dvar2": 400.066467285,
        "max": 150.259567261,
        "mean": 22.0560379028,
        "median": 15.5173225403,
        "min": 0.302609831095,
        "var": 402.660827637
    },
    "pitch_salience": {
        "dmean": 0.110334441066,
        "dmean2": 0.163784861565,
        "dvar": 0.0118472445756,
        "dvar2": 0.0228943806142,
        "max": 0.877476811409,
        "mean": 0.467561602592,
        "median": 0.495796740055,
        "min": 0.0329125896096,
        "var": 0.0390000492334
    },
    "silence_rate_20dB": {
        "dmean": 0,
        "dmean2": 0,
        "dvar": 0,
        "dvar2": 0,
        "max": 1,
        "mean": 1,
        "median": 1,
        "min": 1,
        "var": 0
    },
    "silence_rate_30dB": {
        "dmean": 0.128416672349,
        "dmean2": 0.256851762533,
        "dvar": 0.11191637069,
        "dvar2": 0.218973070383,
        "max": 1,
        "mean": 0.837087512016,
        "median": 1,
        "min": 0,
        "var": 0.136354997754
    },
    "silence_rate_60dB": {
        "dmean": 0.00315661099739,
        "dmean2": 0.00631367461756,
        "dvar": 0.00314667914063,
        "dvar2": 0.00799468625337,
        "max": 1,
        "mean": 0.0320659987628,
        "median": 0,
        "min": 0,
        "var": 0.0310319289565
    },
    "spectral_centroid": {
        "dmean": 387.05078125,
        "dmean2": 603.540344238,
        "dvar": 274768.15625,
        "dvar2": 654344.9375,
        "max": 10937.9785156,
        "mean": 1311.1114502,
        "median": 1110.1652832,
        "min": 153.070709229,
        "var": 554722.0625
    },
    "spectral_complexity": {
        "dmean": 6.02396154404,
        "dmean2": 8.87559223175,
        "dvar": 57.1649360657,
        "dvar2": 111.022079468,
        "max": 66,
        "mean": 20.8185787201,
        "median": 17,
        "min": 0,
        "var": 145.728851318
    },
    "spectral_decrease": {
        "dmean": 6.79724942998e-09,
        "dmean2": 1.00299244465e-08,
        "dvar": 8.6015858304e-17,
        "dvar2": 1.78430719652e-16,
        "max": 1.28590065228e-18,
        "mean": -1.26295871539e-08,
        "median": -7.35240668348e-09,
        "min": -7.8359789768e-08,
        "var": 1.81568738494e-16
    },
    "spectral_energy": {
        "dmean": 0.0263043325394,
        "dmean2": 0.0390009656549,
        "dvar": 0.0012275998015,
        "dvar2": 0.00255875824951,
        "max": 0.297421723604,
        "mean": 0.0496222153306,
        "median": 0.0301514305174,
        "min": 1.10436415062e-20,
        "var": 0.00261506577954
    },
    "spectral_energyband_high": {
        "dmean": 0.00109918194357,
        "dmean2": 0.00197223643772,
        "dvar": 5.94462699155e-06,
        "dvar2": 1.64404227689e-05,
        "max": 0.0233853701502,
        "mean": 0.000756379915401,
        "median": 7.14070483809e-05,
        "min": 8.29068668457e-21,
        "var": 3.84210443372e-06
    },
    "spectral_energyband_low": {
        "dmean": 0.0242995470762,
        "dmean2": 0.0350822173059,
        "dvar": 0.0013370901579,
        "dvar2": 0.00272715440951,
        "max": 0.295800030231,
        "mean": 0.035090457648,
        "median": 0.0110677499324,
        "min": 4.65154704217e-23,
        "var": 0.00268323486671
    },
    "spectral_energyband_middle_high": {
        "dmean": 0.00314040388912,
        "dmean2": 0.00491503998637,
        "dvar": 2.51039891737e-05,
        "dvar2": 6.03846929152e-05,
        "max": 0.0492447540164,
        "mean": 0.00650162668899,
        "median": 0.00400608358905,
        "min": 1.48946652623e-21,
        "var": 4.64031472802e-05
    },
    "spectral_energyband_middle_low": {
        "dmean": 0.00281049427576,
        "dmean2": 0.00429902924225,
        "dvar": 1.09455922939e-05,
        "dvar2": 2.58065974776e-05,
        "max": 0.0388142950833,
        "mean": 0.00780252832919,
        "median": 0.0066880621016,
        "min": 2.30782482135e-22,
        "var": 2.84164852928e-05
    },
    "spectral_entropy": {
        "dmean": 0.325596570969,
        "dmean2": 0.466587692499,
        "dvar": 0.106745868921,
        "dvar2": 0.21158733964,
        "max": 9.81579494476,
        "mean": 7.31941127777,
        "median": 7.30961704254,
        "min": 5.42326879501,
        "var": 0.330785423517
    },
    "spectral_flux": {
        "dmean": 0.0480315648019,
        "dmean2": 0.0765532627702,
        "dvar": 0.00247917883098,
        "dvar2": 0.00677364552394,
        "max": 0.392696559429,
        "mean": 0.116365991533,
        "median": 0.0985482558608,
        "min": 1.05088729385e-10,
        "var": 0.00543474359438
    },
    "spectral_kurtosis": {
        "dmean": 6.09522199631,
        "dmean2": 10.0250329971,
        "dvar": 79.4894332886,
        "dvar2": 214.722839355,
        "max": 253.662445068,
        "mean": 10.5941028595,
        "median": 6.78620767593,
        "min": -1.22365808487,
        "var": 190.719726562
    },
    "spectral_rms": {
        "dmean": 0.00160108902492,
        "dmean2": 0.00227134698071,
        "dvar": 3.04051604871e-06,
        "dvar2": 5.95747451371e-06,
        "max": 0.0170343052596,
        "mean": 0.00614780886099,
        "median": 0.00542365480214,
        "min": 3.28242055932e-12,
        "var": 1.06163543023e-05
    },
    "spectral_rolloff": {
        "dmean": 648.798339844,
        "dmean2": 1102.75,
        "dvar": 1066479.75,
        "dvar2": 2756604.75,
        "max": 19530.6152344,
        "mean": 1356.24255371,
        "median": 839.794921875,
        "min": 64.599609375,
        "var": 3434431.75
    },
    "spectral_skewness": {
        "dmean": 0.597424924374,
        "dmean2": 0.950903534889,
        "dvar": 0.416075944901,
        "dvar2": 1.04789054394,
        "max": 12.4362678528,
        "mean": 1.97723031044,
        "median": 1.77124667168,
        "min": -0.00529189128429,
        "var": 1.11409008503
    },
    "spectral_spread": {
        "dmean": 852256.625,
        "dmean2": 1308581.75,
        "dvar": 1.09705691136e+12,
        "dvar2": 2.30488670208e+12,
        "max": 41557072,
        "mean": 3123437.5,
        "median": 2747598,
        "min": 429640.40625,
        "var": 2.21353528525e+12
    },
    "spectral_strongpeak": {
        "dmean": 0.46186709404,
        "dmean2": 0.754476249218,
        "dvar": 0.433391928673,
        "dvar2": 1.01616740227,
        "max": 7.72671175003,
        "mean": 0.84514528513,
        "median": 0.574498057365,
        "min": 0,
        "var": 0.738761007786
    },
    "zerocrossingrate": {
        "dmean": 0.011799108237,
        "dmean2": 0.0142766740173,
        "dvar": 0.000138578659971,
        "dvar2": 0.000178517773747,
        "max": 0.53125,
        "mean": 0.0443377234042,
        "median": 0.0361328125,
        "min": 0.001953125,
        "var": 0.00209183432162
    },
    "barkbands": {
        "dmean": [0.00168471294455, 0.0232088044286, 0.00220863032155, 0.000793879793491, 0.000810456986073, 0.000586224487051, 0.000482278584968, 0.000823998416308, 0.000763202493545, 0.000507202756125, 0.000511211983394, 0.000503032235429, 0.0003923465556, 0.000536799198017, 0.000421214906964, 0.000540762557648, 0.000483758805785, 0.000374453898985, 0.000326441891957, 0.000218984423555, 0.0004034282465, 0.000333170493832, 0.000119995580462, 8.27966578072e-05, 4.50298030046e-05, 1.83496322279e-05, 6.56165502733e-06],
        "dmean2": [0.00228735571727, 0.0339259840548, 0.00374869070947, 0.00140079541598, 0.0013577415375, 0.000927969929762, 0.000773763167672, 0.00111437914893, 0.0010633248603, 0.000796142907348, 0.000812822487205, 0.000823674781714, 0.000638592464384, 0.00086459267186, 0.000700040895026, 0.000885833112989, 0.000777442532126, 0.000605578010436, 0.000522810034454, 0.000347526540281, 0.000727909326088, 0.000621322193183, 0.000218631656026, 0.000152103588334, 8.09548946563e-05, 3.3706506656e-05, 1.23663476188e-05],
        "dvar": [8.89151488082e-06, 0.00131642096676, 1.78913214768e-05, 2.4067103368e-06, 1.54332997226e-06, 1.07035145902e-06, 6.35294838958e-07, 1.24046482597e-06, 1.17487331863e-06, 4.93330617246e-07, 5.05143816554e-07, 7.08798268079e-07, 4.19147141884e-07, 1.15788111543e-06, 7.10681831606e-07, 9.72499037744e-07, 8.95775997378e-07, 7.80588209182e-07, 5.10302470502e-07, 2.2703343916e-07, 9.71211534306e-07, 8.46041473324e-07, 6.35702193108e-08, 3.27543361323e-08, 1.08859996573e-08, 2.36216091132e-09, 4.48643538986e-10],
        "dvar2": [1.61339285114e-05, 0.00264859781601, 4.58098693343e-05, 6.5001281655e-06, 4.07412790082e-06, 2.43583940573e-06, 1.72367037976e-06, 2.32501793107e-06, 2.01232614927e-06, 1.07114362891e-06, 1.1548496559e-06, 1.65995197676e-06, 1.05456456367e-06, 2.76377591035e-06, 1.84008627002e-06, 2.41541556534e-06, 2.20135689233e-06, 1.90018886315e-06, 1.27544240058e-06, 5.33274601366e-07, 2.72781858257e-06, 2.40159329223e-06, 1.74348443238e-07, 9.00380285884e-08, 3.00352276383e-08, 6.62678223406e-09, 1.27448585019e-09],
        "max": [0.0219109207392, 0.289642214775, 0.034117076546, 0.0214784815907, 0.0149226374924, 0.0258114170283, 0.015528017655, 0.0269473269582, 0.0187493488193, 0.0161045622081, 0.0105882436037, 0.0167543552816, 0.0136845298111, 0.0209697037935, 0.0201366450638, 0.0160711295903, 0.0123328696936, 0.0118816969916, 0.00923449080437, 0.00659300247207, 0.00994931254536, 0.0099986186251, 0.00235864217393, 0.00205379142426, 0.00122903182637, 0.000532247067895, 0.000270561140496],
        "mean": [0.00205973396078, 0.0305545087904, 0.00216092774644, 0.000776416971348, 0.00123249785975, 0.00116195867304, 0.000939341785852, 0.00173694512341, 0.0015502324095, 0.000845553237014, 0.000855616002809, 0.00074360409053, 0.000596356170718, 0.000781967421062, 0.000572915363591, 0.000721904099919, 0.000626746332273, 0.000425441015977, 0.000394481903641, 0.000231564015849, 0.000274006510153, 0.000204533411306, 7.74358923081e-05, 5.20217545272e-05, 2.98982686218e-05, 1.16712208182e-05, 3.89864135286e-06],
        "median": [0.00011458658264, 0.00679559074342, 0.00028607918648, 0.00029368311516, 0.000814581057057, 0.000674235634506, 0.000520865665749, 0.00087554694619, 0.000811784411781, 0.000521165668033, 0.000498031906318, 0.000351015129127, 0.000303881563013, 0.000287662842311, 0.000175085500814, 0.000206835975405, 0.000134794332553, 8.13093502074e-05, 7.11267348379e-05, 4.00909448217e-05, 2.08676356124e-05, 8.62832712301e-06, 4.71660132462e-06, 2.64961727225e-06, 2.00291015062e-06, 7.03314015027e-07, 1.33613340836e-07],
        "min": [3.64052302675e-23, 1.06536927428e-23, 2.82247292697e-24, 2.793022935e-23, 7.81737933009e-23, 8.71443913489e-24, 2.55548019258e-23, 6.63202936084e-23, 1.98021789249e-23, 8.48060561646e-23, 5.8772264208e-23, 9.22124440117e-23, 8.04787817571e-23, 1.75052286458e-22, 1.56915137313e-22, 1.23391224658e-22, 9.97123907623e-23, 2.41878738467e-22, 2.20751276377e-22, 2.62307282417e-22, 5.50313355963e-22, 4.95012818112e-22, 6.8962210237e-22, 8.51983409155e-22, 1.37795022042e-21, 1.87866065899e-21, 2.58185384475e-21],
        "var": [1.61484385899e-05, 0.00235311221331, 1.70837829501e-05, 1.93868299903e-06, 1.8480794779e-06, 2.50750485975e-06, 1.46746640439e-06, 5.17314538229e-06, 4.27617851528e-06, 1.22305834793e-06, 1.15912837373e-06, 1.27717885334e-06, 7.4328664823e-07, 2.41745328822e-06, 9.93945377559e-07, 1.54370059136e-06, 1.29695729356e-06, 8.30467001833e-07, 6.02157854246e-07, 2.5074322707e-07, 5.99546297053e-07, 4.9040642125e-07, 4.06466291736e-08, 2.05852010993e-08, 6.97362390056e-09, 1.43104306183e-09, 2.60581750622e-10]
    },
    "erbbands": {
        "dmean": [1.03172791004, 4.22288274765, 3.25137424469, 2.3566672802, 2.70159602165, 2.47781968117, 4.20866966248, 4.70336055756, 7.23396921158, 11.9354152679, 14.9706506729, 20.1085739136, 17.4380836487, 10.3940296173, 23.1311683655, 21.2043437958, 18.1757831573, 26.6184444427, 19.9428291321, 22.913236618, 27.8548679352, 26.3522891998, 20.8183403015, 20.5286064148, 13.4167432785, 9.92650222778, 10.5049142838, 20.7705364227, 13.5487499237, 5.038875103, 3.30661964417, 2.14662504196, 1.13599812984, 0.647196948528, 0.254492104053, 0.103780351579, 0.0287392064929, 0.00673562474549, 0.00104941392783, 9.54878196353e-05],
        "dmean2": [1.55119228363, 6.19552993774, 5.08942079544, 4.03162765503, 4.56073093414, 4.15933179855, 6.72568464279, 7.47090578079, 11.5608081818, 16.717042923, 21.2006072998, 27.3901042938, 26.6302928925, 17.1224956512, 36.722858429, 34.7064666748, 29.3494644165, 42.8371315002, 32.5030250549, 37.6838874817, 45.872795105, 42.5542945862, 33.5437889099, 33.1659812927, 20.7533302307, 15.7980203629, 17.8597984314, 38.4167671204, 25.246295929, 9.22270870209, 6.01733112335, 3.9285132885, 2.08334612846, 1.14526200294, 0.470019608736, 0.189293131232, 0.0530556477606, 0.0125386510044, 0.00197717850097, 0.00017179576389],
        "dvar": [3.19598078728, 41.782371521, 31.2356090546, 19.8371276855, 19.7150440216, 15.1389827728, 47.0351142883, 78.1525421143, 137.132659912, 306.277862549, 616.55255127, 867.362731934, 599.463867188, 221.623703003, 1169.56787109, 1346.4041748, 834.075622559, 2596.38012695, 1354.79968262, 1633.60656738, 2779.85498047, 2735.48144531, 2421.9921875, 1894.48901367, 944.705505371, 445.160888672, 555.756347656, 3077.27490234, 1360.36254883, 144.315917969, 47.2962722778, 20.6620445251, 6.70447587967, 1.90292394161, 0.48456799984, 0.0753190144897, 0.00610983837396, 0.000402076897444, 1.15857365017e-05, 6.21236893039e-08],
        "dvar2": [6.69520282745, 85.6243438721, 76.9495010376, 51.8801383972, 50.901512146, 39.6726303101, 116.819969177, 188.012084961, 377.204681396, 627.416564941, 1195.17285156, 1423.79821777, 1214.18896484, 566.058532715, 2669.10107422, 3213.35913086, 2046.80444336, 6291.46386719, 3390.7355957, 4153.17626953, 7023.67089844, 6759.78466797, 5962.20654297, 4801.34472656, 2242.87670898, 1035.62158203, 1456.42980957, 8774.48828125, 3852.51000977, 401.335662842, 129.520202637, 56.5186538696, 18.5166492462, 5.11536407471, 1.3709706068, 0.211148932576, 0.0171192958951, 0.00113205879461, 3.29666945618e-05, 1.78379679028e-07],
        "max": [12.1590595245, 54.5180664062, 47.8413047791, 54.5996742249, 55.666759491, 48.7685165405, 115.003814697, 209.990097046, 313.769866943, 399.053985596, 741.364501953, 535.639648438, 644.100708008, 304.335632324, 530.72076416, 857.248657227, 492.974304199, 892.005371094, 651.858825684, 525.850952148, 619.999755859, 586.456420898, 785.941040039, 530.358642578, 391.778106689, 254.615447998, 258.055023193, 647.712768555, 379.577972412, 112.492080688, 65.6942443848, 47.2726707458, 31.3341274261, 12.3288450241, 10.1946268082, 2.99599647522, 0.812701046467, 0.264817237854, 0.0470313169062, 0.00297447596677],
        "mean": [1.16633009911, 5.62749433517, 4.05398702621, 2.38853907585, 3.1587831974, 3.95205140114, 7.92394018173, 9.37421512604, 14.7491645813, 24.7400760651, 31.2222270966, 41.9341964722, 32.409362793, 18.793636322, 38.2956542969, 32.7367095947, 30.0424537659, 41.1296539307, 30.2605819702, 33.2443618774, 38.2767410278, 34.2716064453, 25.0016403198, 24.3829059601, 15.833521843, 10.5377721786, 8.46427345276, 13.13210392, 8.34068107605, 3.23139405251, 2.14086151123, 1.3573936224, 0.718830287457, 0.443243503571, 0.160215198994, 0.066953599453, 0.0181893948466, 0.00416593439877, 0.000644122599624, 9.80549230007e-05],
        "median": [0.159246265888, 1.37937009335, 1.10380017757, 0.974942803383, 1.47818052769, 2.56771087646, 4.52854156494, 5.32456922531, 8.00824737549, 13.0333042145, 14.6488952637, 22.6810760498, 21.1452636719, 12.7153377533, 20.408082962, 16.5521869659, 16.6527366638, 17.3173408508, 11.5844135284, 11.8165121078, 10.7447071075, 7.67901229858, 5.20697784424, 4.44027328491, 2.94805526733, 1.81063592434, 1.15812158585, 0.710722088814, 0.373253017664, 0.173642218113, 0.144007816911, 0.0668977349997, 0.0396546050906, 0.0288876350969, 0.0106241740286, 0.00416427664459, 0.00121485744603, 0.000246918061748, 5.69929543417e-05, 4.33638924733e-05],
        "min": [8.68807426748e-22, 6.85949014534e-22, 4.69295387146e-21, 4.93150508608e-20, 6.02106706582e-20, 2.83476191789e-19, 4.10303400715e-19, 6.96853007919e-20, 2.48903092413e-19, 5.60633395783e-19, 1.62531839681e-18, 4.9810422834e-19, 8.93239359669e-19, 3.83782687467e-18, 2.66177580774e-18, 4.18488249479e-18, 4.16319299194e-18, 7.87526070296e-18, 7.76968598701e-18, 6.36676657502e-18, 8.22969849645e-18, 5.93384423065e-18, 1.07939865195e-17, 1.22812713229e-17, 1.35195143778e-17, 1.25962749351e-17, 1.7156809511e-17, 2.40014709995e-17, 1.67835806555e-17, 1.84191483371e-17, 2.05941238048e-17, 1.79783735671e-17, 1.27431946196e-17, 1.20625953747e-17, 1.16694951593e-17, 6.85276082749e-18, 3.6273979171e-18, 1.45897434018e-18, 3.46433321801e-19, 3.67233747656e-20],
        "var": [4.67422199249, 73.0569992065, 38.5196609497, 16.6454811096, 20.5378017426, 19.3608608246, 107.226882935, 172.268844604, 395.185943604, 1055.32702637, 2377.03222656, 3155.14453125, 1677.68920898, 451.745483398, 2572.24975586, 2352.94921875, 1575.0345459, 5340.04345703, 2186.265625, 2539.53417969, 4069.76464844, 3807.03759766, 2599.45703125, 2259.87451172, 1095.0456543, 503.546386719, 442.140686035, 1769.46972656, 793.479980469, 89.224357605, 30.3615779877, 13.1602983475, 4.18466329575, 1.31369805336, 0.28652203083, 0.0460033454001, 0.00370834791102, 0.000239829096245, 6.70783356327e-06, 3.77250444217e-08]
    },
    "gfcc": {
        "mean": [-36.1613197327, 131.271133423, -135.150192261, 17.7097587585, -42.1225280762, 8.03516864777, -16.9625263214, 9.58983516693, -9.15989112854, 3.16739630699, -5.63329267502, -2.00725245476, -3.66226887703],
        "cov": [[16551.4941406, -1996.62426758, -21.9258155823, 1960.6685791, -119.960365295, 1110.31970215, -623.028686523, 615.512634277, 37.1496124268, 480.10067749, -228.367477417, 383.06427002, -144.764328003], [-1996.62426758, 3094.85791016, -129.564193726, -612.833190918, 382.493377686, -694.486999512, 458.323638916, -303.949127197, 128.549606323, -276.229370117, 205.258514404, -317.826568604, 139.7368927], [-21.9258155823, -129.564193726, 1161.59851074, 159.076522827, 93.3137664795, 393.253753662, 220.625640869, 140.891143799, 89.7389755249, 107.405891418, -32.4009284973, 89.4085464478, -0.841772437096], [1960.6685791, -612.833190918, 159.076522827, 763.811767578, 154.366744995, 334.105499268, 19.6121902466, 174.966629028, 88.5774688721, 98.7672424316, -13.6744909286, 86.2556533813, 15.4381370544], [-119.960365295, 382.493377686, 93.3137664795, 154.366744995, 529.396362305, 93.5919418335, 165.015045166, 154.21307373, 123.836738586, 30.456817627, 107.296218872, -6.47100639343, 64.2936477661], [1110.31970215, -694.486999512, 393.253753662, 334.105499268, 93.5919418335, 602.995544434, 46.2836151123, 222.14906311, 92.2917175293, 134.029251099, 9.35913276672, 115.504615784, -9.05968856812], [-623.028686523, 458.323638916, 220.625640869, 19.6121902466, 165.015045166, 46.2836151123, 329.226379395, 21.4863395691, 119.371864319, 4.91571569443, 63.5762939453, -24.4925727844, 56.9497947693], [615.512634277, -303.949127197, 140.891143799, 174.966629028, 154.21307373, 222.14906311, 21.4863395691, 264.869995117, 86.1383514404, 86.1998901367, 39.3713493347, 65.4186782837, 7.30995702744], [37.1496124268, 128.549606323, 89.7389755249, 88.5774688721, 123.836738586, 92.2917175293, 119.371864319, 86.1383514404, 178.529434204, 61.0720291138, 66.3154602051, 9.89177036285, 46.5606155396], [480.10067749, -276.229370117, 107.405891418, 98.7672424316, 30.456817627, 134.029251099, 4.91571569443, 86.1998901367, 61.0720291138, 134.857849121, 26.108669281, 66.8893890381, 5.69692325592], [-228.367477417, 205.258514404, -32.4009284973, -13.6744909286, 107.296218872, 9.35913276672, 63.5762939453, 39.3713493347, 66.3154602051, 26.108669281, 129.798095703, 19.8987121582, 37.8325119019], [383.06427002, -317.826568604, 89.4085464478, 86.2556533813, -6.47100639343, 115.504615784, -24.4925727844, 65.4186782837, 9.89177036285, 66.8893890381, 19.8987121582, 116.849952698, 21.4141464233], [-144.764328003, 139.7368927, -0.841772437096, 15.4381370544, 64.2936477661, -9.05968856812, 56.9497947693, 7.30995702744, 46.5606155396, 5.69692325592, 37.8325119019, 21.4141464233, 81.6926956177]],
        "icov": [[0.000150043269969, -0.000271089491434, 0.000148202350829, -0.000416790368035, 0.000207156466786, -0.000249642005656, 0.00032384658698, -0.000256289495155, 0.000144803489093, -0.00051155051915, 0.000467695965199, -0.000412254827097, 0.000260945933405], [-0.000271089491434, 0.00176025554538, -0.000623311439995, 0.00116347614676, -0.00101349537726, 0.00131476973183, -0.00123887113295, 0.00114782142919, -0.000833386962768, 0.00205683056265, -0.00229631294496, 0.00255687185563, -0.00128848978784], [0.000148202350829, -0.000623311439995, 0.00169306911994, -0.000303705077386, 0.000272753153695, -0.00120077631436, -0.000713621149771, -0.000457305024611, 0.000311640644213, -0.00113947747741, 0.00203816615976, -0.00185551634058, 0.00103856320493], [-0.000416790368035, 0.00116347614676, -0.000303705077386, 0.00327366869897, -0.0013366881758, 0.000115287970402, -0.00103739695624, 0.000791371101514, -0.00119281699881, 0.00164467364084, -0.000487564626383, 0.000940396275837, -0.00108890398405], [0.000207156466786, -0.00101349537726, 0.000272753153695, -0.0013366881758, 0.00398459890857, -0.00059917854378, -4.51801788586e-05, -0.00263056368567, 0.000850755663123, -0.00113451457582, -0.000566166010685, 0.000446198420832, -0.000839943706524], [-0.000249642005656, 0.00131476973183, -0.00120077631436, 0.000115287970402, -0.00059917854378, 0.00465967413038, -0.00112909858581, -0.000659320794512, -0.00108483957592, 0.000992074958049, -0.00170620519202, 0.000476675020764, 0.000323283049511], [0.00032384658698, -0.00123887113295, -0.000713621149771, -0.00103739695624, -4.51801788586e-05, -0.00112909858581, 0.00694648036733, 0.000147456492414, -0.00202426942997, -0.000735272304155, 0.000391544395825, 8.7968976004e-05, -0.00106310204137], [-0.000256289495155, 0.00114782142919, -0.000457305024611, 0.000791371101514, -0.00263056368567, -0.000659320794512, 0.000147456492414, 0.00854701641947, -0.00286406418309, 0.000688310305122, -0.0016312089283, -0.000586611335166, 0.00105135946069], [0.000144803489093, -0.000833386962768, 0.000311640644213, -0.00119281699881, 0.000850755663123, -0.00108483957592, -0.00202426942997, -0.00286406418309, 0.0129722012207, -0.00589471869171, -0.00200619641691, 0.00358774978667, -0.00420545786619], [-0.00051155051915, 0.00205683056265, -0.00113947747741, 0.00164467364084, -0.00113451457582, 0.000992074958049, -0.000735272304155, 0.000688310305122, -0.00589471869171, 0.0170900262892, -0.00354568008333, -0.00360148912296, 0.00146058027167], [0.000467695965199, -0.00229631294496, 0.00203816615976, -0.000487564626383, -0.000566166010685, -0.00170620519202, 0.000391544395825, -0.0016312089283, -0.00200619641691, -0.00354568008333, 0.0160977765918, -0.00701164361089, 0.000772837840486], [-0.000412254827097, 0.00255687185563, -0.00185551634058, 0.000940396275837, 0.000446198420832, 0.000476675020764, 8.7968976004e-05, -0.000586611335166, 0.00358774978667, -0.00360148912296, -0.00701164361089, 0.0222733076662, -0.00999313499779], [0.000260945933405, -0.00128848978784, 0.00103856320493, -0.00108890398405, -0.000839943706524, 0.000323283049511, -0.00106310204137, 0.00105135946069, -0.00420545786619, 0.00146058027167, 0.000772837840486, -0.00999313499779, 0.0210244506598]]
    },
    "melbands": {
        "dmean": [0.00751532800496, 0.00275351107121, 0.000414501613704, 0.000181786977919, 0.000136301183375, 0.000110367378511, 0.000102187776065, 0.000144859048305, 0.000119246455142, 0.00013238475367, 8.72723321663e-05, 4.39943942183e-05, 6.686267443e-05, 5.21026267961e-05, 6.2293773226e-05, 4.0157498006e-05, 5.58918472962e-05, 3.25751607306e-05, 3.45933731296e-05, 3.75587515009e-05, 3.32831550622e-05, 2.97419355775e-05, 2.20050187636e-05, 1.76530593308e-05, 1.75501863851e-05, 1.0395051504e-05, 8.7287326096e-06, 6.24216318101e-06, 6.09107701166e-06, 8.18116768642e-06, 1.36536327773e-05, 8.94883305591e-06, 3.77337619284e-06, 2.38914481088e-06, 1.94769154405e-06, 1.54975134592e-06, 1.23954248465e-06, 8.87623514245e-07, 5.82779136948e-07, 5.02760769905e-07],
        "dmean2": [0.0110202617943, 0.00410696072504, 0.000696896924637, 0.000306685193209, 0.000218512577703, 0.000175376902916, 0.00016375380801, 0.000200056980248, 0.000172161104274, 0.000179985712748, 0.00013451804989, 7.2847782576e-05, 0.000106660249003, 8.55569305713e-05, 9.93208523141e-05, 6.59045181237e-05, 9.00062586879e-05, 5.28288874193e-05, 5.72823482798e-05, 6.13910378888e-05, 5.51603952772e-05, 4.79628542962e-05, 3.61543570762e-05, 2.8586051485e-05, 2.86258236883e-05, 1.64265493368e-05, 1.36989146995e-05, 1.00982088043e-05, 1.02354179035e-05, 1.45786880239e-05, 2.55764316535e-05, 1.67578637047e-05, 6.94580830896e-06, 4.37520930063e-06, 3.54895632881e-06, 2.81916686617e-06, 2.27717623602e-06, 1.63511390383e-06, 1.04950254354e-06, 8.88611850769e-07],
        "dvar": [0.000149567989865, 1.68083388417e-05, 5.44401416391e-07, 8.63986926447e-08, 4.49312693718e-08, 3.90514429682e-08, 2.7720487239e-08, 4.31297380032e-08, 3.84271494624e-08, 4.01162942865e-08, 1.5093498007e-08, 3.84338338932e-09, 9.18245390835e-09, 5.84175463558e-09, 1.34014825903e-08, 4.95887553242e-09, 1.28340076344e-08, 3.71454000891e-09, 5.34511190864e-09, 4.56153426143e-09, 4.40747838226e-09, 3.590189257e-09, 2.48825693383e-09, 1.81345649608e-09, 1.43169942568e-09, 5.67567215448e-10, 4.24315749203e-10, 1.72459740932e-10, 2.10828091096e-10, 3.81145476291e-10, 1.48546874801e-09, 6.42893072111e-10, 1.03257312423e-10, 3.14531664602e-11, 1.68746856766e-11, 1.11220590029e-11, 7.23258388943e-12, 4.75814526668e-12, 1.57010114545e-12, 1.21155461965e-12],
        "dvar2": [0.000302841770463, 3.66224667232e-05, 1.38307746056e-06, 2.24497512136e-07, 1.12785045303e-07, 9.30766859142e-08, 7.57066231927e-08, 8.48674019949e-08, 7.64840066836e-08, 6.48170583872e-08, 3.09785619379e-08, 9.76019531862e-09, 2.13746069733e-08, 1.45658889394e-08, 2.84248056204e-08, 1.24454073713e-08, 3.10383967417e-08, 9.04012598113e-09, 1.37371900522e-08, 1.09725419861e-08, 1.1376682707e-08, 8.79523831543e-09, 6.23324147853e-09, 4.48442438739e-09, 3.67857722061e-09, 1.37673983325e-09, 1.01024355548e-09, 4.05233846479e-10, 5.42447309293e-10, 1.06641129261e-09, 4.25488932976e-09, 1.83031578782e-09, 2.89826107558e-10, 8.74113142979e-11, 4.63376073623e-11, 3.04995785572e-11, 1.98608612195e-11, 1.3247747517e-11, 4.2969234941e-12, 3.25991859375e-12],
        "max": [0.0906438753009, 0.0322951115668, 0.00917213782668, 0.00403802795336, 0.00308411289006, 0.00495933461934, 0.00403985241428, 0.00502841407433, 0.00562349008396, 0.00363599113189, 0.00317256944254, 0.00123416015413, 0.0014065298019, 0.00186029437464, 0.0028175835032, 0.00182101642713, 0.00200612028129, 0.000981488381512, 0.00183858303353, 0.00138167338446, 0.000892494106665, 0.000855806865729, 0.000619681668468, 0.000627016532235, 0.000500826048665, 0.000276708975434, 0.000276948412647, 0.000175561130163, 0.000153819899424, 0.000215897816815, 0.000464878947241, 0.000245585484663, 0.000124987942399, 5.53177851543e-05, 4.06212275266e-05, 3.11449475703e-05, 3.28444912157e-05, 2.92227541649e-05, 1.48901999637e-05, 1.06883517219e-05],
        "mean": [0.00946425274014, 0.00397946685553, 0.000444617122412, 0.000251051416853, 0.000261105538812, 0.000226565127377, 0.000203877032618, 0.000298340892186, 0.00023479956144, 0.000269425858278, 0.000155770365382, 7.2364215157e-05, 0.000110605928057, 8.34340098663e-05, 9.20080274227e-05, 5.92439428146e-05, 8.20257046144e-05, 4.76201748825e-05, 4.57087662653e-05, 5.18318083778e-05, 4.25657417509e-05, 3.80923738703e-05, 2.57501978922e-05, 2.01524799195e-05, 2.02548890229e-05, 1.18282596304e-05, 9.82463370747e-06, 6.28314410278e-06, 5.08890752826e-06, 5.80080859436e-06, 8.29472628538e-06, 5.43529813513e-06, 2.39824817072e-06, 1.53205689912e-06, 1.26191764593e-06, 9.94279275801e-07, 7.78550202085e-07, 5.58154056307e-07, 3.8328937535e-07, 3.4604636312e-07],
        "median": [0.00177043676376, 0.00120832247194, 0.000194932057639, 0.000144910562085, 0.000164922734257, 0.000135780574055, 0.000107597152237, 0.000159756687935, 0.000105400562461, 0.000130101572722, 0.000101351033663, 4.68232174171e-05, 6.09828784945e-05, 5.04837444169e-05, 3.7946523662e-05, 2.92955519399e-05, 3.05223620671e-05, 1.71853189386e-05, 1.34974752655e-05, 1.69234954228e-05, 1.01212717709e-05, 7.98074142949e-06, 5.33095635546e-06, 3.84916529583e-06, 3.43535816683e-06, 2.11204951484e-06, 1.63809022524e-06, 1.05792128124e-06, 6.87969986757e-07, 4.93528091283e-07, 3.40623557804e-07, 2.23064461125e-07, 1.20787831293e-07, 8.1945344732e-08, 9.05820343178e-08, 5.05972543863e-08, 3.9855642342e-08, 3.31891776284e-08, 2.11647428472e-08, 2.26966268002e-08],
        "min": [7.33270271661e-24, 1.41461012575e-24, 8.86412943596e-24, 9.8968027923e-24, 1.65560525875e-23, 1.35355702485e-24, 4.53664716363e-24, 7.44612355984e-24, 1.28531032108e-23, 2.41034674653e-24, 4.4690851714e-24, 1.58247233081e-23, 7.79382583673e-24, 8.30763539898e-24, 1.25848873476e-23, 8.24180732303e-24, 1.58589220061e-23, 1.24255737324e-23, 1.29267891303e-23, 5.14735606075e-24, 1.0964977256e-23, 5.73849923527e-24, 6.67430914992e-24, 1.19713184353e-23, 9.30000111851e-24, 1.01765675792e-23, 1.02860543731e-23, 7.38401811849e-24, 9.99955823609e-24, 1.29686587117e-23, 1.33593026319e-23, 9.51870097157e-24, 8.83067463383e-24, 1.05698257845e-23, 1.09375312073e-23, 1.2267037934e-23, 1.06863507954e-23, 8.63046173609e-24, 1.01589396934e-23, 9.8940827999e-24],
        "var": [0.000252757017734, 2.96399266517e-05, 5.01959505073e-07, 9.71731068944e-08, 9.43293159139e-08, 9.03928736307e-08, 7.33676515097e-08, 1.59604653049e-07, 1.38763880386e-07, 1.46439433024e-07, 4.05951041671e-08, 7.48923856264e-09, 2.02109351477e-08, 1.04757704733e-08, 2.73108025084e-08, 9.16323728006e-09, 2.640730834e-08, 6.43895825547e-09, 7.31637417317e-09, 8.02593280724e-09, 5.68763391939e-09, 5.23758547644e-09, 2.71186517686e-09, 1.87231141702e-09, 1.68737479544e-09, 6.37280117566e-10, 4.69270733383e-10, 1.87867998935e-10, 1.74889255855e-10, 2.42759978786e-10, 8.35297553348e-10, 3.69105385145e-10, 6.21584519966e-11, 1.94784518376e-11, 1.07544320671e-11, 7.10117208091e-12, 4.55351685177e-12, 2.91255257759e-12, 1.01899489281e-12, 8.3554246421e-13]
    },
    "mfcc": {
        "mean": [-667.644104004, 158.138565063, -22.3524703979, 17.2057495117, -0.699279844761, 4.4643702507, 4.47788000107, 6.93705034256, 5.7340221405, 6.02986478806, 4.89067983627, 5.419257164, 2.23958063126],
        "cov": [[9094.58007812, -2018.39587402, -464.556610107, 827.706176758, 493.245758057, 603.472412109, -42.4643173218, 273.840270996, 229.627441406, 152.049575806, 200.263015747, 216.057342529, 117.642234802], [-2018.39587402, 2661.17993164, -81.4219741821, -13.0453538895, -4.38877630234, -221.856719971, 203.882904053, -26.8686351776, 9.40184211731, 65.7232666016, 14.4358510971, -36.2654953003, 18.4345874786], [-464.556610107, -81.4219741821, 956.99420166, -99.9407272339, -76.0894012451, 190.570175171, 78.1248016357, 77.4030990601, 112.397209167, -32.587184906, 59.1749229431, 51.3136672974, -34.8065185547], [827.706176758, -13.0453538895, -99.9407272339, 513.368347168, 180.505523682, 130.787841797, 89.9219436646, 96.8549575806, 122.670074463, 79.5093994141, 60.8777275085, 51.0606002808, 54.8215179443], [493.245758057, -4.38877630234, -76.0894012451, 180.505523682, 369.057678223, 114.878463745, 123.892448425, 133.504257202, 96.7057723999, 118.41999054, 55.1078948975, 62.2381057739, 83.4638748169], [603.472412109, -221.856719971, 190.570175171, 130.787841797, 114.878463745, 319.512969971, 110.081184387, 120.1508255, 137.131912231, 54.8331260681, 90.6992721558, 81.3241195679, 35.4781303406], [-42.4643173218, 203.882904053, 78.1248016357, 89.9219436646, 123.892448425, 110.081184387, 199.078552246, 118.966934204, 87.7549514771, 64.6537628174, 54.6500854492, 52.2248420715, 41.9670448303], [273.840270996, -26.8686351776, 77.4030990601, 96.8549575806, 133.504257202, 120.1508255, 118.966934204, 187.395187378, 107.791755676, 84.8025436401, 59.9060592651, 68.8729476929, 59.5075187683], [229.627441406, 9.40184211731, 112.397209167, 122.670074463, 96.7057723999, 137.131912231, 87.7549514771, 107.791755676, 185.593887329, 84.6207351685, 79.0581665039, 65.5288238525, 40.3973083496], [152.049575806, 65.7232666016, -32.587184906, 79.5093994141, 118.41999054, 54.8331260681, 64.6537628174, 84.8025436401, 84.6207351685, 133.607513428, 68.9444656372, 53.6273574829, 48.1504440308], [200.263015747, 14.4358510971, 59.1749229431, 60.8777275085, 55.1078948975, 90.6992721558, 54.6500854492, 59.9060592651, 79.0581665039, 68.9444656372, 111.473075867, 75.1192092896, 37.3572731018], [216.057342529, -36.2654953003, 51.3136672974, 51.0606002808, 62.2381057739, 81.3241195679, 52.2248420715, 68.8729476929, 65.5288238525, 53.6273574829, 75.1192092896, 101.395301819, 65.7265167236], [117.642234802, 18.4345874786, -34.8065185547, 54.8215179443, 83.4638748169, 35.4781303406, 41.9670448303, 59.5075187683, 40.3973083496, 48.1504440308, 37.3572731018, 65.7265167236, 97.8709411621]],
