{
"lowlevel": {
    "average_loudness": 0.0728904753923,
    "barkbands_crest": {
        "dmean": 1.91004800797,
        "dmean2": 2.98182058334,
        "dvar": 3.81549906731,
        "dvar2": 9.22917461395,
        "max": 25.5962619781,
        "mean": 12.7781333923,
        "median": 12.0606155396,
        "min": 3.78802418709,
        "var": 19.1638374329
    },
    "barkbands_flatness_db": {
        "dmean": 0.0168979428709,
        "dmean2": 0.0246118512005,
        "dvar": 0.000345636741258,
        "dvar2": 0.000738686532713,
        "max": 0.5000654459,
        "mean": 0.264848142862,
        "median": 0.255978375673,
        "min": 0.0472109206021,
        "var": 0.0052649914287
    },
    "barkbands_kurtosis": {
        "dmean": 3.7374355793,
        "dmean2": 5.74479866028,
        "dvar": 106.785545349,
        "dvar2": 291.716064453,
        "max": 424.778137207,
        "mean": 9.51288700104,
        "median": 5.1782245636,
        "min": -1.96224534512,
        "var": 248.149917603
    },
    "barkbands_skewness": {
        "dmean": 0.455071300268,
        "dmean2": 0.687081575394,
        "dvar": 0.304033488035,
        "dvar2": 0.753936231136,
        "max": 16.8036384583,
        "mean": 1.70631861687,
        "median": 1.55818104744,
        "min": -7.16491746902,
        "var": 2.53148961067
    },
    "barkbands_spread": {
        "dmean": 1.55376148224,
        "dmean2": 2.24434256554,
        "dvar": 14.6524324417,
        "dvar2": 29.9440860748,
        "max": 152.859069824,
        "mean": 6.85304927826,
        "median": 4.89437913895,
        "min": 0.39246353507,
        "var": 71.6306991577
    },
    "dissonance": {
        "dmean": 0.0368309989572,
        "dmean2": 0.0625705420971,
        "dvar": 0.00124492286704,
        "dvar2": 0.00343810510822,
        "max": 0.5,
        "mean": 0.376526206732,
        "median": 0.387273967266,
        "min": 0.0975503847003,
        "var": 0.00540677644312
    },
    "dynamic_complexity": 7.82053613663,
    "erbbands_crest": {
        "dmean": 2.08444905281,
        "dmean2": 3.10391902924,
        "dvar": 4.31495475769,
        "dvar2": 9.74091720581,
        "max": 30.8217811584,
        "mean": 13.0993003845,
        "median": 12.344751358,
        "min": 2.53570795059,
        "var": 22.7893161774
    },
    "erbbands_flatness_db": {
        "dmean": 0.0135160991922,
        "dmean2": 0.0188472624868,
        "dvar": 0.000248995493166,
        "dvar2": 0.000424161029514,
        "max": 0.482244521379,
        "mean": 0.276092350483,
        "median": 0.272561848164,
        "min": 0.0163677074015,
        "var": 0.00513572106138
    },
    "erbbands_kurtosis": {
        "dmean": 1.30081832409,
        "dmean2": 1.93711078167,
        "dvar": 3.80917882919,
        "dvar2": 8.37782669067,
        "max": 49.4569664001,
        "mean": 2.9862382412,
        "median": 1.71393251419,
        "min": -1.86727797985,
        "var": 18.2460613251
    },
    "erbbands_skewness": {
        "dmean": 0.290912628174,
        "dmean2": 0.418709784746,
        "dvar": 0.0966600999236,
        "dvar2": 0.204016521573,
        "max": 5.77485561371,
        "mean": 1.06002902985,
        "median": 1.00523006916,
        "min": -4.09978532791,
        "var": 0.799759626389
    },
    "erbbands_spread": {
        "dmean": 3.15482091904,
        "dmean2": 4.44439697266,
        "dvar": 37.786945343,
        "dvar2": 72.2489471436,
        "max": 163.818130493,
        "mean": 17.3448371887,
        "median": 13.1705131531,
        "min": 1.20969939232,
        "var": 210.721313477
    },
    "hfc": {
        "dmean": 1.37032103539,
        "dmean2": 1.78371369839,
        "dvar": 7.56439352036,
        "dvar2": 12.6918973923,
        "max": 95.0076293945,
        "mean": 7.41381311417,
        "median": 2.88126111031,
        "min": 1.24690092274e-16,
        "var": 129.212890625
    },
    "melbands_crest": {
        "dmean": 2.26021075249,
        "dmean2": 3.5370349884,
        "dvar": 5.6420545578,
        "dvar2": 14.2873191833,
        "max": 37.5401077271,
        "mean": 15.1586313248,
        "median": 14.3084144592,
        "min": 1.58162415028,
        "var": 27.0526885986
    },
    "melbands_flatness_db": {
        "dmean": 0.0174386557192,
        "dmean2": 0.0244293324649,
        "dvar": 0.000383334059734,
        "dvar2": 0.00072041497333,
        "max": 0.6214864254,
        "mean": 0.356089651585,
        "median": 0.34363886714,
        "min": 0.00269115925767,
        "var": 0.0100935827941
    },
    "melbands_kurtosis": {
        "dmean": 3.76706671715,
        "dmean2": 5.60244321823,
        "dvar": 71.286819458,
        "dvar2": 172.081558228,
        "max": 504.530578613,
        "mean": 10.6688776016,
        "median": 6.06460189819,
        "min": -1.79747021198,
        "var": 233.06300354
    },
    "melbands_skewness": {
        "dmean": 0.41853928566,
        "dmean2": 0.618890404701,
        "dvar": 0.247129842639,
        "dvar2": 0.542102396488,
        "max": 19.5182533264,
        "mean": 1.92986190319,
        "median": 1.69442999363,
        "min": -1.76790618896,
        "var": 1.86937510967
    },
    "melbands_spread": {
        "dmean": 1.80929744244,
        "dmean2": 2.58726811409,
        "dvar": 17.3231887817,
        "dvar2": 31.2259654999,
        "max": 236.709335327,
        "mean": 10.0411634445,
        "median": 6.37868785858,
        "min": 0.595804810524,
        "var": 311.656097412
    },
    "pitch_salience": {
        "dmean": 0.0503619089723,
        "dmean2": 0.0788135752082,
        "dvar": 0.00256367377006,
        "dvar2": 0.00640129065141,
        "max": 0.926601350307,
        "mean": 0.544864714146,
        "median": 0.550874531269,
        "min": 0.0763641968369,
        "var": 0.0140095865354
    },
    "silence_rate_20dB": {
        "dmean": 0,
        "dmean2": 0,
        "dvar": 0,
        "dvar2": 0,
        "max": 1,
        "mean": 1,
        "median": 1,
        "min": 1,
        "var": 0
    },
    "silence_rate_30dB": {
        "dmean": 0.00152749486733,
        "dmean2": 0.003055249108,
        "dvar": 0.00152499787509,
        "dvar2": 0.00338476081379,
        "max": 1,
        "mean": 0.997878670692,
        "median": 1,
        "min": 0,
        "var": 0.00211653555743
    },
    "silence_rate_60dB": {
        "dmean": 0.0256279706955,
        "dmean2": 0.0512602888048,
        "dvar": 0.024973064661,
        "dvar2": 0.0547404401004,
        "max": 1,
        "mean": 0.343063205481,
        "median": 0,
        "min": 0,
        "var": 0.225366592407
    },
    "spectral_centroid": {
        "dmean": 61.9140090942,
        "dmean2": 84.4730682373,
        "dvar": 19429.1953125,
        "dvar2": 31330.9960938,
        "max": 10461.7568359,
        "mean": 606.785339355,
        "median": 466.534851074,
        "min": 199.934265137,
        "var": 274748.625
    },
    "spectral_complexity": {
        "dmean": 0.89782756567,
        "dmean2": 1.477891922,
        "dvar": 1.12748944759,
        "dvar2": 2.57470273972,
        "max": 25,
        "mean": 7.44565105438,
        "median": 7,
        "min": 0,
        "var": 23.2057723999
    },
    "spectral_decrease": {
        "dmean": 6.42590813893e-10,
        "dmean2": 9.08357500329e-10,
        "dvar": 1.32390112283e-18,
        "dvar2": 2.59931250455e-18,
        "max": 2.23745076506e-16,
        "mean": -3.55112672601e-09,
        "median": -1.74617742488e-09,
        "min": -3.52427278472e-08,
        "var": 2.16473331741e-17
    },
    "spectral_energy": {
        "dmean": 0.00253445305862,
        "dmean2": 0.00357128120959,
        "dvar": 2.06553140742e-05,
        "dvar2": 4.03433768952e-05,
        "max": 0.137412473559,
        "mean": 0.0140751739964,
        "median": 0.00686770165339,
        "min": 1.18412148689e-20,
        "var": 0.000343043007888
    },
    "spectral_energyband_high": {
        "dmean": 2.35609568335e-05,
        "dmean2": 3.25693872583e-05,
        "dvar": 9.30119181675e-09,
        "dvar2": 1.85804776009e-08,
        "max": 0.00257171271369,
        "mean": 5.2071569371e-05,
        "median": 4.64534650746e-06,
        "min": 8.53640698632e-21,
        "var": 2.39863489071e-08
    },
    "spectral_energyband_low": {
        "dmean": 0.000417382427258,
        "dmean2": 0.00067317992216,
        "dvar": 1.01969817479e-06,
        "dvar2": 2.59736589214e-06,
        "max": 0.0383519381285,
        "mean": 0.00111274339724,
        "median": 0.000346358952811,
        "min": 5.6274509701e-23,
        "var": 4.58072327092e-06
    },
    "spectral_energyband_middle_high": {
        "dmean": 0.000664264254738,
        "dmean2": 0.000845177157316,
        "dvar": 3.25216137753e-06,
        "dvar2": 5.2187874644e-06,
        "max": 0.0797113478184,
        "mean": 0.00260822707787,
        "median": 0.000346823479049,
        "min": 1.80762309077e-21,
        "var": 4.02435653086e-05
    },
    "spectral_energyband_middle_low": {
        "dmean": 0.00221016816795,
        "dmean2": 0.00318109267391,
        "dvar": 1.59080500453e-05,
        "dvar2": 3.3059688576e-05,
        "max": 0.116164505482,
        "mean": 0.0107563417405,
        "median": 0.00567461131141,
        "min": 4.2670059392e-22,
        "var": 0.000181330731721
    },
    "spectral_entropy": {
        "dmean": 0.13314653933,
        "dmean2": 0.190102726221,
        "dvar": 0.0266517437994,
        "dvar2": 0.0471579656005,
        "max": 9.78747081757,
        "mean": 6.13094758987,
        "median": 6.07786369324,
        "min": 4.41910266876,
        "var": 0.473236650229
    },
    "spectral_flux": {
        "dmean": 0.0104295387864,
        "dmean2": 0.0169241540134,
        "dvar": 0.000225184572628,
        "dvar2": 0.000582595355809,
        "max": 0.245251998305,
        "mean": 0.0312214940786,
        "median": 0.0238818395883,
        "min": 1.08817344024e-10,
        "var": 0.000818004948087
    },
    "spectral_kurtosis": {
        "dmean": 11.5924043655,
        "dmean2": 19.6091213226,
        "dvar": 321.32635498,
        "dvar2": 916.403808594,
        "max": 375.766387939,
        "mean": 41.6890525818,
        "median": 19.364490509,
        "min": -1.29914593697,
        "var": 2733.62573242
    },
    "spectral_rms": {
        "dmean": 0.000291090778774,
        "dmean2": 0.000403642159654,
        "dvar": 1.49752665379e-07,
        "dvar2": 2.77496241097e-07,
        "max": 0.0115784686059,
        "mean": 0.00297964527272,
        "median": 0.00258847372606,
        "min": 3.3988829546e-12,
        "var": 4.85355940327e-06
    },
    "spectral_rolloff": {
        "dmean": 113.912345886,
        "dmean2": 195.013763428,
        "dvar": 267969.09375,
        "dvar2": 583140.125,
        "max": 19982.8125,
        "mean": 962.205871582,
        "median": 538.330078125,
        "min": 21.533203125,
        "var": 5730975
    },
    "spectral_skewness": {
        "dmean": 0.684615790844,
        "dmean2": 1.13018405437,
        "dvar": 0.694265007973,
        "dvar2": 1.95855867863,
        "max": 15.6617298126,
        "mean": 4.27219581604,
        "median": 3.51632666588,
        "min": 0.0623119771481,
        "var": 6.75058460236
    },
    "spectral_spread": {
        "dmean": 349123.65625,
        "dmean2": 519203.1875,
        "dvar": 348207710208,
        "dvar2": 520819900416,
        "max": 39755456,
        "mean": 2638128,
        "median": 2293268.5,
        "min": 220627.953125,
        "var": 4.03984036659e+12
    },
    "spectral_strongpeak": {
        "dmean": 0.275168031454,
        "dmean2": 0.446986943483,
        "dvar": 0.271398603916,
        "dvar2": 0.641688406467,
        "max": 11.9306163788,
        "mean": 0.914097368717,
        "median": 0.54799592495,
        "min": 0,
        "var": 1.21210217476
    },
    "zerocrossingrate": {
        "dmean": 0.00412221439183,
        "dmean2": 0.00480358023196,
        "dvar": 7.64204669395e-05,
        "dvar2": 7.06677528797e-05,
        "max": 0.77734375,
        "mean": 0.0378233790398,
        "median": 0.0234375,
        "min": 0.0009765625,
        "var": 0.00726256612688
    },
    "barkbands": {
        "dmean": [1.03525590021e-05, 7.1083122748e-05, 0.000216439409996, 0.000446019286755, 0.000794556923211, 0.000663590966724, 0.00103809940629, 0.000186927165487, 0.000172376734554, 0.000447251804871, 0.000243826420046, 5.56736522412e-05, 4.92740182381e-05, 5.6650776969e-05, 6.2695798988e-05, 2.76159607893e-05, 2.02650753636e-05, 3.16276273225e-05, 2.35110073845e-05, 1.43875386129e-05, 5.91416755924e-06, 2.332432814e-06, 3.72120598513e-06, 4.29570673077e-06, 2.31760986935e-06, 7.27687677227e-07, 1.71296406393e-07],
        "dmean2": [1.80244151124e-05, 0.000121232769743, 0.000336007418809, 0.000757398316637, 0.00114314479288, 0.000967852713075, 0.0014934039209, 0.000265275710262, 0.00023688323563, 0.000600402709097, 0.000318528676871, 7.4736555689e-05, 6.93406182108e-05, 7.37338195904e-05, 8.59788124217e-05, 3.57205062755e-05, 2.77783856291e-05, 4.24958816438e-05, 3.32403797074e-05, 2.00935555768e-05, 8.8295828391e-06, 3.35861909662e-06, 5.35667459189e-06, 6.11868199485e-06, 3.28663531945e-06, 1.08260678644e-06, 2.39531999568e-07],
        "dvar": [2.81053375017e-10, 5.50518350906e-08, 4.87122008508e-07, 7.18473643246e-07, 3.18651291309e-06, 1.83625888894e-06, 9.49193781707e-06, 4.33422741253e-07, 2.94984516813e-07, 2.19436105908e-06, 1.43600436786e-06, 1.02932155244e-07, 3.11354035887e-08, 2.11042205933e-07, 9.76053584623e-08, 2.69935362951e-08, 1.06998880867e-08, 1.85682385023e-08, 1.25585390975e-08, 2.52386644917e-09, 7.81314846154e-10, 3.1252503363e-10, 5.13384390555e-10, 1.11842823891e-09, 3.74422853833e-10, 3.96302851646e-11, 4.0549386765e-12],
        "dvar2": [7.50750239753e-10, 1.51334432985e-07, 1.16298940611e-06, 2.05387027563e-06, 5.57707971893e-06, 4.27840086559e-06, 2.04728039535e-05, 7.72644170866e-07, 6.2791491473e-07, 3.94423932448e-06, 2.24269820137e-06, 1.84223679867e-07, 5.61085933271e-08, 3.16854539051e-07, 1.70661820675e-07, 4.13467198257e-08, 1.78172321341e-08, 3.3429639501e-08, 2.56894097106e-08, 4.982245283e-09, 1.88075222063e-09, 7.64391994146e-10, 1.12908338235e-09, 2.37056463348e-09, 8.16654022184e-10, 9.12946385156e-11, 7.53157432254e-12],
        "max": [0.000391940615373, 0.00823840871453, 0.0311755016446, 0.016403535381, 0.0635038912296, 0.0383431762457, 0.09005779773, 0.0301471874118, 0.0178165584803, 0.0673702657223, 0.0735108777881, 0.0141717577353, 0.00700976420194, 0.032702408731, 0.0130851408467, 0.0095127383247, 0.0050631375052, 0.00587328663096, 0.00456130690873, 0.00166331615765, 0.000955189927481, 0.00113605894148, 0.000934342853725, 0.00148142874241, 0.00089437130373, 0.000327785237459, 0.000130025888211],
        "mean": [1.04219698187e-05, 0.000107464591565, 0.000685373670422, 0.000849042611662, 0.00311684352346, 0.00211980938911, 0.00320105161518, 0.000707962200977, 0.000481712137116, 0.00130058522336, 0.000656793941744, 0.00011979642295, 0.000130489846924, 0.000147699873196, 0.000131780398078, 7.71117265685e-05, 4.57143651147e-05, 7.11130778654e-05, 4.78373185615e-05, 3.34667274728e-05, 9.82972869679e-06, 4.06433991884e-06, 6.65842753733e-06, 7.15055284672e-06, 3.78812137569e-06, 1.32822844989e-06, 2.83942938495e-07],
        "median": [4.50964080301e-06, 2.44498223765e-05, 0.000135616690386, 0.000179422961082, 0.000965826155152, 0.000967776053585, 0.000364954175893, 0.000128337691422, 8.71066440595e-05, 6.6089341999e-05, 2.87126822514e-05, 1.46439933815e-05, 1.31368315124e-05, 4.78492756883e-06, 9.54072220338e-06, 3.3030346458e-06, 2.76303580904e-06, 1.77484855612e-06, 1.25766200654e-06, 2.28501971833e-06, 4.11742803408e-07, 6.86167354047e-08, 4.72787036188e-07, 5.08885420913e-07, 1.90008663026e-07, 9.72276836819e-08, 1.04207185103e-08],
        "min": [7.70619601193e-24, 2.96148386576e-23, 2.02220548749e-23, 8.00718352373e-24, 1.52919033025e-22, 2.5527368499e-23, 2.40614014576e-23, 4.92055208184e-23, 1.10193228303e-22, 1.04365824444e-22, 3.24546653412e-23, 1.27215773787e-22, 8.85104460013e-23, 4.54017408185e-23, 2.35448474482e-22, 1.23582608624e-22, 2.45498663389e-22, 2.02228494156e-22, 4.45130656585e-22, 3.98900655992e-22, 5.40561924458e-22, 7.48782883729e-22, 5.94817379382e-22, 1.02498886031e-21, 1.76556996352e-21, 1.67998393218e-21, 2.16012804751e-21],
        "var": [3.66070812552e-10, 7.96897055011e-08, 2.77084541267e-06, 2.42106489168e-06, 3.03258839267e-05, 8.97275731404e-06, 5.51950251975e-05, 4.10343864132e-06, 1.66437962434e-06, 1.5879775674e-05, 9.77242780209e-06, 2.50605353358e-07, 1.78738972068e-07, 1.30954663291e-06, 3.28166009922e-07, 1.72771436269e-07, 4.0976804172e-08, 7.56517906098e-08, 3.89505743215e-08, 1.00126342772e-08, 1.409324768e-09, 6.03092742413e-10, 9.01874297465e-10, 1.9592167888e-09, 5.68927016609e-10, 7.23433951633e-11, 8.52498887455e-12]
    },
    "erbbands": {
        "dmean": [0.00105174724013, 0.0210798159242, 0.175068795681, 0.889621317387, 2.2976770401, 2.80984139442, 3.37068414688, 6.72548961639, 13.7411270142, 9.75603675842, 3.27283096313, 4.78767967224, 6.70822238922, 16.8381938934, 6.98885154724, 2.05551218987, 2.45626378059, 2.72105360031, 3.75822496414, 1.59974145889, 1.3077018261, 0.794216692448, 0.975186407566, 1.90977144241, 0.550128877163, 0.735674202442, 0.36139279604, 0.142270863056, 0.0799641013145, 0.099900431931, 0.106159031391, 0.100892387331, 0.0646926015615, 0.0343000218272, 0.0120192281902, 0.00501400930807, 0.000925884814933, 0.000237085449044, 2.94949495583e-05, 3.83996803066e-06],
        "dmean2": [0.00171736627817, 0.0357579551637, 0.278747022152, 1.48024380207, 3.39188599586, 4.15362596512, 4.89019918442, 9.72804260254, 19.5165405273, 14.1658849716, 4.61862516403, 6.46443843842, 8.47941303253, 22.4364585876, 9.0651140213, 2.72124481201, 3.3996989727, 3.58076739311, 5.14490509033, 2.10513710976, 1.66897904873, 1.00300872326, 1.2567512989, 2.52966809273, 0.717237234116, 0.998991787434, 0.512788653374, 0.215498760343, 0.116742312908, 0.141471296549, 0.154371887445, 0.147318050265, 0.0921168401837, 0.0489362515509, 0.0171393025666, 0.00771359167993, 0.00136275310069, 0.000336197786964, 3.88280677726e-05, 5.31868090548e-06],
        "dvar": [7.81879225542e-06, 0.0049225804396, 0.348688542843, 2.82715082169, 35.2159461975, 47.5013198853, 38.6332321167, 225.537979126, 1483.62695312, 995.984313965, 71.0725097656, 236.60458374, 744.996276855, 3543.71508789, 998.846252441, 67.7680892944, 74.2834854126, 549.146911621, 335.619598389, 57.9394264221, 66.1714477539, 14.5750894547, 15.4120416641, 65.5037612915, 4.80953359604, 6.61657476425, 2.1048617363, 0.834893465042, 0.350902676582, 0.422600924969, 0.415298372507, 0.563168764114, 0.319935828447, 0.104552604258, 0.0077684703283, 0.00209443783388, 9.53614944592e-05, 1.1914245988e-05, 8.95266651924e-08, 2.11827930197e-10],
        "dvar2": [1.90065202332e-05, 0.0136556085199, 0.876567900181, 7.78282546997, 54.593711853, 97.4707717896, 82.7406768799, 523.881103516, 2964.41113281, 2153.62158203, 136.329238892, 485.323120117, 1310.27380371, 6110.41748047, 1686.1373291, 126.800018311, 131.789871216, 808.167724609, 602.470153809, 88.9757080078, 104.043029785, 20.2788906097, 24.1763877869, 117.361679077, 8.39339733124, 11.9276371002, 4.60648107529, 2.11136507988, 0.867858827114, 0.943921208382, 0.900431573391, 1.17191398144, 0.695123434067, 0.233182162046, 0.0163123141974, 0.00502238655463, 0.00022398812871, 2.84188299702e-05, 1.44380052802e-07, 3.75138808906e-10],
        "max": [0.080289311707, 2.37604928017, 24.9417057037, 37.7580490112, 241.970779419, 245.50579834, 189.687530518, 493.371917725, 1403.99206543, 996.444641113, 307.258300781, 485.891967773, 1374.00671387, 2708.13574219, 1903.27770996, 432.744018555, 323.388549805, 1661.4173584, 842.339233398, 385.592163086, 525.313903809, 251.456329346, 183.165679932, 334.341278076, 101.806228638, 109.307327271, 44.9048995972, 38.7521400452, 33.7171669006, 32.5503578186, 28.7710819244, 32.0341491699, 28.2646579742, 15.359454155, 3.88572502136, 2.878657341, 0.545061171055, 0.263868927956, 0.0229843743145, 0.00120964949019],
        "mean": [0.00193350145128, 0.0398431494832, 0.560335934162, 1.9590485096, 6.28843736649, 12.2514095306, 12.1834640503, 20.0102577209, 46.5494155884, 29.0934257507, 12.045343399, 14.1868505478, 20.0206851959, 49.9514884949, 22.3853492737, 6.22862672806, 6.6990571022, 7.75629329681, 8.48558330536, 3.80990886688, 4.00892734528, 2.21588850021, 2.64262986183, 5.06072998047, 1.48013627529, 1.70106387138, 0.788941860199, 0.244653120637, 0.142518043518, 0.171575158834, 0.190689697862, 0.172538429499, 0.102813825011, 0.0530406497419, 0.0206825640053, 0.00911785103381, 0.00159171386622, 0.000360726553481, 5.43502210348e-05, 1.81545856321e-05],
        "median": [0.000610978051554, 0.00935622584075, 0.115584932268, 0.599972128868, 1.12010169029, 3.24997544289, 5.72894716263, 8.4461517334, 6.62645244598, 4.88846826553, 3.30556249619, 3.37326312065, 2.95330524445, 2.43101859093, 1.67840385437, 1.07172250748, 0.894101262093, 0.551203727722, 0.701022744179, 0.379626899958, 0.206361100078, 0.147606089711, 0.121776081622, 0.111351624131, 0.0596020817757, 0.112486302853, 0.0486462190747, 0.0106844827533, 0.00312607362866, 0.00464970106259, 0.0153010096401, 0.0113840494305, 0.00762320077047, 0.00232421560213, 0.00112450425513, 0.000655686715618, 0.000121048418805, 1.72176441993e-05, 7.48674347051e-06, 8.49686784932e-06],
        "min": [5.14818098838e-22, 7.95233265553e-21, 2.2282454016e-20, 3.05249840871e-20, 3.65029582742e-19, 5.1372460363e-19, 1.52121306383e-19, 2.57908220001e-19, 2.68979696458e-19, 5.75310785174e-19, 1.37435800282e-18, 1.93564936908e-18, 4.63745037871e-18, 1.63110907469e-18, 2.10497903073e-18, 6.18640894144e-18, 4.37206602278e-18, 1.93056758499e-18, 7.96933595402e-18, 1.09582951948e-17, 7.29866039491e-18, 1.3598284306e-17, 1.04556390433e-17, 2.16503010982e-17, 2.19371259756e-17, 1.7679797762e-17, 1.5387782855e-17, 2.80378725064e-17, 2.81653278039e-17, 1.97094276699e-17, 1.64998047658e-17, 1.990682936e-17, 1.87266643103e-17, 1.87369842156e-17, 1.24012753775e-17, 6.39428646041e-18, 3.26587552846e-18, 1.0860235208e-18, 3.09112018237e-19, 3.3951957822e-20],
        "var": [1.81468494702e-05, 0.00892882607877, 1.96165251732, 10.3904914856, 193.140945435, 614.936340332, 290.000579834, 941.251403809, 10870.3671875, 4362.72363281, 559.07989502, 1342.8125, 4228.12207031, 29160.1347656, 8800.65332031, 335.036010742, 423.468139648, 3607.44677734, 1147.59387207, 219.069976807, 505.133300781, 87.0566635132, 84.7828445435, 336.436157227, 26.3068809509, 28.469461441, 6.16831493378, 1.30117785931, 0.727277636528, 0.802555382252, 0.743312060833, 1.05560004711, 0.472816795111, 0.142266556621, 0.0144520495087, 0.00334930582903, 0.000140189513331, 1.51662297867e-05, 2.20249233962e-07, 1.00721742058e-09]
    },
    "gfcc": {
        "mean": [-194.216842651, 163.570602417, -99.8522720337, -15.5387849808, -60.2425079346, -13.9960136414, -42.5554275513, -4.05220651627, -25.3329925537, -8.54635620117, -6.38743782043, -11.2549743652, -3.21745705605],
        "cov": [[30820.8066406, -675.694519043, -4531.15283203, 1145.86694336, -1658.828125, -457.675415039, -991.11932373, 4.03517341614, -1705.91381836, -546.003051758, -28.8095264435, -339.047058105, -379.38861084], [-675.694519043, 3722.89624023, 127.476470947, -1110.10559082, 730.354492188, -232.568084717, 77.3706970215, -379.042419434, 377.545288086, -263.47555542, -41.9144935608, -154.713027954, 38.5792579651], [-4531.15283203, 127.476470947, 1400.12109375, -27.3733615875, 86.5308914185, 223.178756714, 64.0947647095, 8.34014701843, 247.192718506, 85.7437667847, -92.8901901245, 60.5674819946, 17.0194721222], [1145.86694336, -1110.10559082, -27.3733615875, 763.370727539, -234.755981445, 14.8586616516, -36.6936683655, 125.391899109, -141.45123291, 13.0119180679, -26.8924064636, 25.5201473236, -35.0065078735], [-1658.828125, 730.354492188, 86.5308914185, -234.755981445, 506.732971191, -75.8093643188, 84.3764419556, -69.9069900513, 169.865127563, -79.120765686, -44.6044158936, 14.7999448776, 8.36484909058], [-457.675415039, -232.568084717, 223.178756714, 14.8586616516, -75.8093643188, 241.600585938, 27.231584549, -5.31382369995, -15.5131311417, 29.4001579285, -9.18086338043, -4.10038089752, -14.4636449814], [-991.11932373, 77.3706970215, 64.0947647095, -36.6936683655, 84.3764419556, 27.231584549, 192.723709106, -8.01113510132, 72.9833831787, 23.4171352386, 15.4997797012, 21.4132862091, -21.586057663], [4.03517341614, -379.042419434, 8.34014701843, 125.391899109, -69.9069900513, -5.31382369995, -8.01113510132, 180.658187866, -20.5206928253, 59.1841850281, 35.7568016052, 28.910243988, 19.3798027039], [-1705.91381836, 377.545288086, 247.192718506, -141.45123291, 169.865127563, -15.5131311417, 72.9833831787, -20.5206928253, 237.3462677, 13.3338747025, -34.8362464905, 25.1454410553, 19.801492691], [-546.003051758, -263.47555542, 85.7437667847, 13.0119180679, -79.120765686, 29.4001579285, 23.4171352386, 59.1841850281, 13.3338747025, 172.494812012, 58.9175720215, 9.13152694702, 6.7860865593], [-28.8095264435, -41.9144935608, -92.8901901245, -26.8924064636, -44.6044158936, -9.18086338043, 15.4997797012, 35.7568016052, -34.8362464905, 58.9175720215, 167.053894043, -24.8633480072, 4.6613984108], [-339.047058105, -154.713027954, 60.5674819946, 25.5201473236, 14.7999448776, -4.10038089752, 21.4132862091, 28.910243988, 25.1454410553, 9.13152694702, -24.8633480072, 122.677955627, 5.00337409973], [-379.38861084, 38.5792579651, 17.0194721222, -35.0065078735, 8.36484909058, -14.4636449814, -21.586057663, 19.3798027039, 19.801492691, 6.7860865593, 4.6613984108, 5.00337409973, 122.404273987]],
        "icov": [[0.000213136576349, -0.000332723779138, 0.00062127423007, -0.000365294195944, 0.00055491051171, -0.000273069366813, 0.00054281327175, -0.000287307542749, 0.000638403347693, -9.05075557966e-06, 0.000472817744594, -0.000220539426664, 0.000533884624019], [-0.000332723779138, 0.00138484546915, -0.00115341565106, 0.0014535287628, -0.00121104181744, 0.00115347967949, -0.000908291374799, 0.00108882773202, -0.00146578031126, 0.000927270913962, -0.000948837492615, 0.00125376123469, -0.0008345823735], [0.00062127423007, -0.00115341565106, 0.0030415370129, -0.00141813245136, 0.00159001804423, -0.00213327072561, 0.00193588843103, -0.000999036361463, 0.000618236197624, -0.00068877520971, 0.00179047160782, -0.00108412781265, 0.00151381606702], [-0.000365294195944, 0.0014535287628, -0.00141813245136, 0.00343322986737, -0.000660648860503, 0.00153873628005, -0.00133662810549, -0.000109810112917, -0.000642470608, 0.00125650281552, -0.00026553045609, 0.00120074406732, -0.000407343788538], [0.00055491051171, -0.00121104181744, 0.00159001804423, -0.000660648860503, 0.00501989806071, -3.46221895597e-05, 0.000380874000257, -0.000863998255227, 0.00021748393192, 0.00118841382209, 0.00149521022104, -0.000999252079055, 0.00143126095645], [-0.000273069366813, 0.00115347967949, -0.00213327072561, 0.00153873628005, -3.46221895597e-05, 0.00682653859258, -0.00217218371108, 0.00126067723613, 0.000387686857721, 0.000511061924044, -0.000249496195465, 0.00159551855177, -0.000393663241994], [0.00054281327175, -0.000908291374799, 0.00193588843103, -0.00133662810549, 0.000380874000257, -0.00217218371108, 0.0083935437724, -0.000364438426914, -0.000499711488374, -0.000939918216318, -0.000107268853753, -0.00178359216079, 0.00278241862543], [-0.000287307542749, 0.00108882773202, -0.000999036361463, -0.000109810112917, -0.000863998255227, 0.00126067723613, -0.000364438426914, 0.00868929363787, -0.00126169261057, -0.00132166640833, -0.00219064601697, -0.00074931664858, -0.00196674373001], [0.000638403347693, -0.00146578031126, 0.000618236197624, -0.000642470608, 0.00021748393192, 0.000387686857721, -0.000499711488374, -0.00126169261057, 0.0106493476778, -0.00174128904473, 0.00299389148131, -0.00135654548649, 0.000628791807685], [-9.05075557966e-06, 0.000927270913962, -0.00068877520971, 0.00125650281552, 0.00118841382209, 0.000511061924044, -0.000939918216318, -0.00132166640833, -0.00174128904473, 0.0095537379384, -0.00287179928273, 0.000636344484519, -7.13231565896e-06], [0.000472817744594, -0.000948837492615, 0.00179047160782, -0.00026553045609, 0.00149521022104, -0.000249496195465, -0.000107268853753, -0.00219064601697, 0.00299389148131, -0.00287179928273, 0.00942241307348, 0.00110040081199, 0.000906988745555], [-0.000220539426664, 0.00125376123469, -0.00108412781265, 0.00120074406732, -0.000999252079055, 0.00159551855177, -0.00178359216079, -0.00074931664858, -0.00135654548649, 0.000636344484519, 0.00110040081199, 0.0105571812019, -0.000812923361082], [0.000533884624019, -0.0008345823735, 0.00151381606702, -0.000407343788538, 0.00143126095645, -0.000393663241994, 0.00278241862543, -0.00196674373001, 0.000628791807685, -7.13231565896e-06, 0.000906988745555, -0.000812923361082, 0.0103155765682]]
    },
    "melbands": {
        "dmean": [1.45897747643e-05, 6.87828505761e-05, 0.00018765166169, 0.000179301656317, 0.00011825151887, 0.00014478614321, 0.000217308581341, 9.24978376133e-05, 2.51886558544e-05, 3.11314252031e-05, 3.55004631274e-05, 6.95367489243e-05, 2.60769884335e-05, 9.45872852753e-06, 4.71794510304e-06, 4.78291531181e-06, 5.7457496041e-06, 6.36916320218e-06, 3.75813692699e-06, 2.19591152018e-06, 1.49924846937e-06, 8.27842256967e-07, 1.23158304177e-06, 1.22658320834e-06, 1.78960317498e-06, 3.81950854944e-07, 4.27332224717e-07, 5.46942942492e-07, 3.09046214397e-07, 1.18334860133e-07, 7.49156470192e-08, 4.62986022853e-08, 4.82290118953e-08, 6.2207021756e-08, 6.39419468484e-08, 7.05948153268e-08, 6.28075937925e-08, 5.47920322447e-08, 3.22594218005e-08, 2.93923339001e-08],
        "dmean2": [2.43756385316e-05, 0.000109070693725, 0.00030153527041, 0.000260934670223, 0.000174359942321, 0.000208748751902, 0.000311440584483, 0.000134220841574, 3.5102108086e-05, 4.22087941843e-05, 4.47473612439e-05, 9.34679919737e-05, 3.36112207151e-05, 1.21287557704e-05, 6.46319540465e-06, 6.70783629175e-06, 7.51716925151e-06, 8.62944580149e-06, 4.97457449455e-06, 2.83577151095e-06, 1.93040705199e-06, 1.07233108793e-06, 1.57696626957e-06, 1.58043724241e-06, 2.37662084146e-06, 5.20856133335e-07, 5.79531331368e-07, 7.53950303078e-07, 4.34611337141e-07, 1.81198302585e-07, 1.16172657272e-07, 7.02015299225e-08, 7.19363129065e-08, 8.92907223715e-08, 9.7095039564e-08, 1.01296706134e-07, 9.25820700104e-08, 8.04279025601e-08, 4.81900954696e-08, 4.24283967959e-08],
        "dvar": [2.05194994329e-09, 5.28694208413e-08, 1.39473542049e-07, 1.7975055755e-07, 5.0793790507e-08, 9.80217578217e-08, 3.86383788964e-07, 8.56660591353e-08, 3.94431065587e-09, 1.00322967711e-08, 1.98381240324e-08, 5.99441278837e-08, 1.31375239576e-08, 2.21166485126e-09, 3.60696111867e-10, 2.78032152856e-10, 2.92696222814e-09, 1.00619756971e-09, 3.67847502458e-10, 1.89516485838e-10, 9.84541337345e-11, 1.63073374249e-11, 4.41949636609e-11, 2.63546059975e-11, 5.97693144977e-11, 2.90658447831e-12, 3.83369508014e-12, 4.01927189447e-12, 1.4607531764e-12, 4.3241866793e-13, 3.01507164504e-13, 1.35794980404e-13, 1.31826082168e-13, 1.4556960509e-13, 1.58991553647e-13, 2.4282038511e-13, 2.49298709931e-13, 2.70453093514e-13, 8.61851483735e-14, 8.1592190144e-14],
        "dvar2": [5.41316369507e-09, 1.33464837404e-07, 3.28260597371e-07, 3.13820066822e-07, 1.12241316685e-07, 2.23472525818e-07, 8.02455758731e-07, 1.82335853083e-07, 7.43448946849e-09, 2.07381312123e-08, 3.45504602706e-08, 1.05310810739e-07, 1.99135605783e-08, 3.84625797878e-09, 6.24695628559e-10, 5.16513609661e-10, 4.3764116775e-09, 1.81895143392e-09, 5.82418946404e-10, 2.81417417147e-10, 1.43642681083e-10, 2.45886141309e-11, 6.46143069605e-11, 4.10992039013e-11, 1.08550841926e-10, 5.41330825651e-12, 7.48314084309e-12, 7.41095899925e-12, 3.03000311473e-12, 1.10504476663e-12, 7.85505558168e-13, 3.53183655282e-13, 3.15243463929e-13, 3.25402140129e-13, 3.73555190687e-13, 5.1390760137e-13, 5.44759278919e-13, 6.3181572604e-13, 1.89360097155e-13, 1.84270621765e-13],
        "max": [0.00153983943164, 0.00931281689554, 0.0127159636468, 0.0145548507571, 0.007453863509, 0.0094583183527, 0.0205945428461, 0.00878529250622, 0.00199877703562, 0.00334377540275, 0.00686197774485, 0.0117253512144, 0.00573768699542, 0.00211890949868, 0.000757947855163, 0.00072500645183, 0.00382290966809, 0.00144363613799, 0.0007168611628, 0.00101526651997, 0.000558848201763, 0.000215294960071, 0.000403323443606, 0.000198260488105, 0.00030989543302, 8.28841511975e-05, 0.000106981817225, 9.49794484768e-05, 4.15643917222e-05, 3.13403070322e-05, 2.75527236226e-05, 2.11986262002e-05, 2.00143622351e-05, 1.54677763931e-05, 1.81973664439e-05, 1.97326244233e-05, 2.11973965634e-05, 2.42985588557e-05, 1.4687588191e-05, 1.32969971673e-05],
        "mean": [2.4074483008e-05, 0.000212817700231, 0.000459643371869, 0.00068252166966, 0.000458899448859, 0.00043308144086, 0.000723151431885, 0.000278306019027, 8.56439000927e-05, 8.63509339979e-05, 9.76695591817e-05, 0.00020627581398, 7.60467810323e-05, 2.66042588919e-05, 1.26304757941e-05, 1.18099233077e-05, 1.56303776748e-05, 1.34821266329e-05, 7.38397784517e-06, 5.48062735106e-06, 4.18194213125e-06, 1.80092877144e-06, 3.11469602821e-06, 2.85963847091e-06, 4.46334115622e-06, 9.44020655425e-07, 9.69196207734e-07, 1.16335911571e-06, 6.44918827675e-07, 1.85166868505e-07, 1.18126322945e-07, 7.79261313255e-08, 7.8219279942e-08, 1.03207710822e-07, 1.08685568989e-07, 1.15177634541e-07, 9.99331675189e-08, 7.9886561366e-08, 4.96548011597e-08, 4.31164117742e-08],
        "median": [6.53785491522e-06, 4.57922615169e-05, 0.000110886903713, 0.000155575864483, 0.000217966808123, 0.00017800378555, 9.71814006334e-05, 4.7600511607e-05, 2.04532243515e-05, 1.63074437296e-05, 1.19193509818e-05, 7.28605482436e-06, 4.26265114584e-06, 2.5824133445e-06, 1.64220546139e-06, 1.4419413219e-06, 5.6102931012e-07, 1.03438287624e-06, 5.86901478528e-07, 3.00441030276e-07, 1.84593858421e-07, 1.36820375474e-07, 1.04942429857e-07, 9.15139182212e-08, 8.23022929808e-08, 3.21295203776e-08, 4.80434927397e-08, 7.6444642616e-08, 3.20016049216e-08, 6.63524613032e-09, 3.11078052206e-09, 1.06030295655e-09, 7.85721432361e-10, 2.3316211184e-09, 7.27986382287e-09, 8.32553759267e-09, 4.49416504011e-09, 5.12080600146e-09, 2.88481860622e-09, 1.11011200232e-09],
        "min": [7.38586484187e-24, 1.20018157979e-23, 1.12449503021e-23, 4.02568026164e-23, 6.67114818427e-24, 5.34132630772e-24, 4.45512706655e-24, 6.82822932316e-24, 1.20170226695e-23, 1.37324622391e-23, 2.28772754849e-23, 6.37037721478e-24, 5.49724939881e-24, 1.28665801105e-23, 1.35801395092e-23, 7.54911881734e-24, 2.75797526493e-24, 1.01887420695e-23, 1.99960304483e-23, 9.18064173038e-24, 8.23672784766e-24, 1.2674748071e-23, 1.4510651434e-23, 8.67258611957e-24, 1.95093269356e-23, 1.42996500745e-23, 1.54427757905e-23, 1.13072174599e-23, 9.23092293562e-24, 1.40638279955e-23, 1.47388278731e-23, 1.5900930427e-23, 1.48508650543e-23, 9.98459038928e-24, 7.98683958985e-24, 1.14231776464e-23, 1.29225632024e-23, 1.18846454988e-23, 1.62719096226e-23, 1.53528456473e-23],
        "var": [3.59484841894e-09, 2.68119293878e-07, 6.76176284742e-07, 1.7396343992e-06, 4.23430606133e-07, 4.3620445922e-07, 2.63965034719e-06, 4.2557070401e-07, 2.80802421315e-08, 5.22479268739e-08, 1.0814613205e-07, 5.07984339038e-07, 9.91426389874e-08, 1.33946853609e-08, 1.61495605777e-09, 1.41649991736e-09, 1.88744309071e-08, 3.19515258695e-09, 1.25075072521e-09, 8.28958846011e-10, 6.41605435447e-10, 5.83653472774e-11, 2.38898623106e-10, 1.13690647174e-10, 2.79587270002e-10, 1.43833599545e-11, 1.20103727311e-11, 1.41233708756e-11, 4.76775997155e-12, 7.03498565825e-13, 4.26650088956e-13, 2.47443775539e-13, 2.4055987779e-13, 2.69711553438e-13, 2.46836703638e-13, 4.16968786972e-13, 4.24163444169e-13, 3.46454175027e-13, 1.15802265238e-13, 1.07508775916e-13]
    },
    "mfcc": {
        "mean": [-818.788635254, 182.422958374, 16.4534645081, 2.73359799385, -3.42587375641, -16.1789836884, -6.62661743164, -10.4910888672, -13.8129720688, 1.30082321167, -15.5850791931, -4.06281042099, -4.62716579437],
        "cov": [[13874.6357422, 1774.36352539, -2401.39892578, 404.508239746, -365.375640869, -841.351379395, 184.884994507, 19.0678405762, -921.010681152, 267.485992432, -918.359619141, -87.3978652954, -233.519638062], [1774.36352539, 2762.06298828, -252.146575928, -484.837860107, 124.864051819, -51.87449646, -155.874816895, -49.9031791687, -124.934761047, -20.3175678253, -115.424720764, -122.012901306, -72.6154403687], [-2401.39892578, -252.146575928, 1118.97302246, -104.548675537, 16.9040851593, 283.869873047, -74.8614044189, -28.9977970123, 229.426269531, -82.7765426636, 180.522537231, -7.78253555298, 21.8810787201], [404.508239746, -484.837860107, -104.548675537, 465.147583008, 29.2368526459, -79.7848129272, 44.8176612854, 65.7927627563, -25.8505954742, 28.2914886475, -50.0795288086, 45.0945472717, 11.5909566879], [-365.375640869, 124.864051819, 16.9040851593, 29.2368526459, 255.83946228, 11.0539903641, -42.0782737732, 35.4948234558, 58.7527160645, -34.674785614, -8.87331581116, -18.9933185577, -9.84104728699], [-841.351379395, -51.87449646, 283.869873047, -79.7848129272, 11.0539903641, 262.027770996, -15.9393453598, 20.7372150421, 82.2773742676, -34.750579834, 105.141937256, -31.3584804535, -12.1956481934], [184.884994507, -155.874816895, -74.8614044189, 44.8176612854, -42.0782737732, -15.9393453598, 185.287841797, -3.10184979439, -72.1304550171, 54.7747154236, -13.2346534729, 13.1938829422, 0.0332691408694], [19.0678405762, -49.9031791687, -28.9977970123, 65.7927627563, 35.4948234558, 20.7372150421, -3.10184979439, 147.948684692, 24.7797279358, -17.990070343, -1.67648732662, 7.3855047226, -13.0201759338], [-921.010681152, -124.934761047, 229.426269531, -25.8505954742, 58.7527160645, 82.2773742676, -72.1304550171, 24.7797279358, 223.546646118, -55.9110145569, 68.5784454346, -5.13200235367, -10.8989133835], [267.485992432, -20.3175678253, -82.7765426636, 28.2914886475, -34.674785614, -34.750579834, 54.7747154236, -17.990070343, -55.9110145569, 151.87538147, -12.4666976929, 1.47984135151, 23.7662181854], [-918.359619141, -115.424720764, 180.522537231, -50.0795288086, -8.87331581116, 105.141937256, -13.2346534729, -1.67648732662, 68.5784454346, -12.4666976929, 174.646774292, 20.4280662537, 9.50846099854], [-87.3978652954, -122.012901306, -7.78253555298, 45.0945472717, -18.9933185577, -31.3584804535, 13.1938829422, 7.3855047226, -5.13200235367, 1.47984135151, 20.4280662537, 133.300415039, 42.3629379272], [-233.519638062, -72.6154403687, 21.8810787201, 11.5909566879, -9.84104728699, -12.1956481934, 0.0332691408694, -13.0201759338, -10.8989133835, 23.7662181854, 9.50846099854, 42.3629379272, 111.798812866]],
