{
"lowlevel": {
    "average_loudness": 0.379926800728,
    "barkbands_crest": {
        "dmean": 1.4732735157,
        "dmean2": 2.3197145462,
        "dvar": 2.85648536682,
        "dvar2": 7.06022691727,
        "max": 25.971200943,
        "mean": 14.4068460464,
        "median": 14.14686203,
        "min": 2.98824906349,
        "var": 27.102514267
    },
    "barkbands_flatness_db": {
        "dmean": 0.0130502227694,
        "dmean2": 0.0205219741911,
        "dvar": 0.000254254351603,
        "dvar2": 0.000626730383374,
        "max": 0.487254738808,
        "mean": 0.21648196876,
        "median": 0.202440351248,
        "min": 0.0400032624602,
        "var": 0.00394970364869
    },
    "barkbands_kurtosis": {
        "dmean": 2.85628151894,
        "dmean2": 4.58053398132,
        "dvar": 14.7061424255,
        "dvar2": 38.1702041626,
        "max": 59.840965271,
        "mean": 7.04388713837,
        "median": 5.59500312805,
        "min": -1.90195465088,
        "var": 41.8869285583
    },
    "barkbands_skewness": {
        "dmean": 0.436947703362,
        "dmean2": 0.673561394215,
        "dvar": 0.252466887236,
        "dvar2": 0.630860507488,
        "max": 6.65020847321,
        "mean": 1.7783523798,
        "median": 1.9514503479,
        "min": -7.50962352753,
        "var": 2.34377217293
    },
    "barkbands_spread": {
        "dmean": 2.8849799633,
        "dmean2": 4.6836180687,
        "dvar": 37.9700546265,
        "dvar2": 97.1744384766,
        "max": 117.127822876,
        "mean": 12.8567409515,
        "median": 10.4081172943,
        "min": 0.62857156992,
        "var": 126.954444885
    },
    "dissonance": {
        "dmean": 0.0236644372344,
        "dmean2": 0.0398351475596,
        "dvar": 0.000603507040069,
        "dvar2": 0.00164686352946,
        "max": 0.49996933341,
        "mean": 0.430694937706,
        "median": 0.437975406647,
        "min": 0.141633361578,
        "var": 0.00200085528195
    },
    "dynamic_complexity": 6.1644821167,
    "erbbands_crest": {
        "dmean": 2.8350353241,
        "dmean2": 4.52454805374,
        "dvar": 9.85164546967,
        "dvar2": 24.2523326874,
        "max": 33.6502876282,
        "mean": 10.8596744537,
        "median": 8.86225318909,
        "min": 2.40942287445,
        "var": 36.3681907654
    },
    "erbbands_flatness_db": {
        "dmean": 0.016428578645,
        "dmean2": 0.0253809019923,
        "dvar": 0.000360651902156,
        "dvar2": 0.000865537906066,
        "max": 0.529327213764,
        "mean": 0.199241280556,
        "median": 0.170158445835,
        "min": 0.0508079938591,
        "var": 0.00615068059415
    },
    "erbbands_kurtosis": {
        "dmean": 1.97588908672,
        "dmean2": 3.12599635124,
        "dvar": 29.4636631012,
        "dvar2": 70.2381515503,
        "max": 155.681228638,
        "mean": 2.70189929008,
        "median": 0.922953367233,
        "min": -1.72048950195,
        "var": 58.8758125305
    },
    "erbbands_skewness": {
        "dmean": 0.393390387297,
        "dmean2": 0.625494003296,
        "dvar": 0.213985845447,
        "dvar2": 0.537233650684,
        "max": 4.57520866394,
        "mean": 0.44603151083,
        "median": 0.552540063858,
        "min": -9.7300157547,
        "var": 1.06020212173
    },
    "erbbands_spread": {
        "dmean": 5.30481719971,
        "dmean2": 8.45401000977,
        "dvar": 42.6128158569,
        "dvar2": 114.438476562,
        "max": 110.392051697,
        "mean": 26.72016716,
        "median": 25.6689052582,
        "min": 0.567734599113,
        "var": 215.558532715
    },
    "hfc": {
        "dmean": 2.58678174019,
        "dmean2": 3.75797724724,
        "dvar": 36.4113388062,
        "dvar2": 65.0279388428,
        "max": 347.69430542,
        "mean": 12.0998306274,
        "median": 10.0383148193,
        "min": 1.16892637834e-16,
        "var": 156.715301514
    },
    "melbands_crest": {
        "dmean": 2.37652611732,
        "dmean2": 3.7341799736,
        "dvar": 5.51465034485,
        "dvar2": 13.4832544327,
        "max": 34.9972839355,
        "mean": 15.0135326385,
        "median": 14.4802789688,
        "min": 1.59670138359,
        "var": 27.0100860596
    },
    "melbands_flatness_db": {
        "dmean": 0.0161813106388,
        "dmean2": 0.0253783799708,
        "dvar": 0.000340508762747,
        "dvar2": 0.000854244804941,
        "max": 0.574936449528,
        "mean": 0.267067760229,
        "median": 0.248484224081,
        "min": 0.00300150946714,
        "var": 0.00754704140127
    },
    "melbands_kurtosis": {
        "dmean": 3.84823727608,
        "dmean2": 6.16451597214,
        "dvar": 28.2377433777,
        "dvar2": 75.4564056396,
        "max": 153.002685547,
        "mean": 8.97194576263,
        "median": 7.1341085434,
        "min": -1.83975458145,
        "var": 81.0356445312
    },
    "melbands_skewness": {
        "dmean": 0.506509721279,
        "dmean2": 0.78380972147,
        "dvar": 0.273023664951,
        "dvar2": 0.683328747749,
        "max": 9.48865032196,
        "mean": 1.9972615242,
        "median": 2.13842439651,
        "min": -6.90465497971,
        "var": 1.98290491104
    },
    "melbands_spread": {
        "dmean": 4.54618310928,
        "dmean2": 7.46841144562,
        "dvar": 109.442840576,
        "dvar2": 288.067565918,
        "max": 183.879989624,
        "mean": 18.995306015,
        "median": 12.0348348618,
        "min": 1.69174396992,
        "var": 623.935302734
    },
    "pitch_salience": {
        "dmean": 0.0462020486593,
        "dmean2": 0.0745342001319,
        "dvar": 0.00247324025258,
        "dvar2": 0.00641737226397,
        "max": 0.938837707043,
        "mean": 0.465151637793,
        "median": 0.467942535877,
        "min": 0.0717203840613,
        "var": 0.0198500230908
    },
    "silence_rate_20dB": {
        "dmean": 0.000191277737031,
        "dmean2": 0.000382592057576,
        "dvar": 0.000191229235497,
        "dvar2": 0.000382475671358,
        "max": 1,
        "mean": 0.999808728695,
        "median": 1,
        "min": 0,
        "var": 0.00019121094374
    },
    "silence_rate_30dB": {
        "dmean": 0.0124330529943,
        "dmean2": 0.0248684845865,
        "dvar": 0.0122776236385,
        "dvar2": 0.028456909582,
        "max": 1,
        "mean": 0.957922935486,
        "median": 1,
        "min": 0,
        "var": 0.0403060726821
    },
    "silence_rate_60dB": {
        "dmean": 0.00210405513644,
        "dmean2": 0.00420851260424,
        "dvar": 0.00209911423735,
        "dvar2": 0.00495720282197,
        "max": 1,
        "mean": 0.140001907945,
        "median": 0,
        "min": 0,
        "var": 0.120396673679
    },
    "spectral_centroid": {
        "dmean": 124.089233398,
        "dmean2": 199.824874878,
        "dvar": 51872.6484375,
        "dvar2": 128586.695312,
        "max": 10941.0585938,
        "mean": 871.902648926,
        "median": 598.784423828,
        "min": 223.73677063,
        "var": 637214.625
    },
    "spectral_complexity": {
        "dmean": 1.4382172823,
        "dmean2": 2.38450503349,
        "dvar": 2.0120472908,
        "dvar2": 5.17934799194,
        "max": 26,
        "mean": 12.3197860718,
        "median": 14,
        "min": 0,
        "var": 33.7665367126
    },
    "spectral_decrease": {
        "dmean": 1.34596067625e-09,
        "dmean2": 1.97130556323e-09,
        "dvar": 5.47608413402e-18,
        "dvar2": 1.0715833668e-17,
        "max": 2.58476405194e-17,
        "mean": -1.25868808709e-08,
        "median": -1.15171383541e-08,
        "min": -1.13802464341e-07,
        "var": 1.10014472222e-16
    },
    "spectral_energy": {
        "dmean": 0.00528380461037,
        "dmean2": 0.0077361301519,
        "dvar": 8.6504034698e-05,
        "dvar2": 0.000167851176229,
        "max": 0.461052805185,
        "mean": 0.0486033372581,
        "median": 0.0444185994565,
        "min": 1.05064224334e-20,
        "var": 0.00162847805768
    },
    "spectral_energyband_high": {
        "dmean": 2.64269274339e-05,
        "dmean2": 4.50686784461e-05,
        "dvar": 8.52118553496e-09,
        "dvar2": 2.37751596188e-08,
        "max": 0.00304862810299,
        "mean": 0.000151408530655,
        "median": 0.000155299683684,
        "min": 7.78429705332e-21,
        "var": 2.77850134012e-08
    },
    "spectral_energyband_low": {
        "dmean": 0.00134473235812,
        "dmean2": 0.00179863232188,
        "dvar": 4.15129625253e-06,
        "dvar2": 7.24996880308e-06,
        "max": 0.0640407651663,
        "mean": 0.0090434383601,
        "median": 0.00777551392093,
        "min": 3.48445699407e-23,
        "var": 7.46829682612e-05
    },
    "spectral_energyband_middle_high": {
        "dmean": 0.00130879739299,
        "dmean2": 0.00191744230688,
        "dvar": 1.53291930474e-05,
        "dvar2": 3.06396905216e-05,
        "max": 0.163747444749,
        "mean": 0.00342465960421,
        "median": 0.00213097594678,
        "min": 1.5678883374e-21,
        "var": 3.6523273593e-05
    },
    "spectral_energyband_middle_low": {
        "dmean": 0.00466560898349,
        "dmean2": 0.00688576232642,
        "dvar": 7.14968991815e-05,
        "dvar2": 0.000140856325743,
        "max": 0.41460955143,
        "mean": 0.0197496600449,
        "median": 0.0154254045337,
        "min": 3.68739436494e-22,
        "var": 0.000416234688601
    },
    "spectral_entropy": {
        "dmean": 0.140962392092,
        "dmean2": 0.221535980701,
        "dvar": 0.0259140785784,
        "dvar2": 0.063957259059,
        "max": 9.80678844452,
        "mean": 6.84843730927,
        "median": 6.94779825211,
        "min": 4.47297811508,
        "var": 0.46388193965
    },
    "spectral_flux": {
        "dmean": 0.0133959818631,
        "dmean2": 0.0224183164537,
        "dvar": 0.000293591758236,
        "dvar2": 0.000777428387664,
        "max": 0.351976037025,
        "mean": 0.0487352721393,
        "median": 0.0459928438067,
        "min": 1.02500841148e-10,
        "var": 0.00098599656485
    },
    "spectral_kurtosis": {
        "dmean": 5.35958528519,
        "dmean2": 9.07873058319,
        "dvar": 121.667068481,
        "dvar2": 337.447235107,
        "max": 243.7943573,
        "mean": 16.2551174164,
        "median": 7.25704193115,
        "min": -1.13750863075,
        "var": 606.672302246
    },
    "spectral_rms": {
        "dmean": 0.000354271789547,
        "dmean2": 0.000516894506291,
        "dvar": 2.56560952039e-07,
        "dvar2": 5.00383407598e-07,
        "max": 0.0212086681277,
        "mean": 0.00608211755753,
        "median": 0.00658294884488,
        "min": 3.20158830003e-12,
        "var": 1.04255550468e-05
    },
    "spectral_rolloff": {
        "dmean": 191.935302734,
        "dmean2": 335.453338623,
        "dvar": 483851.0625,
        "dvar2": 1284411.125,
        "max": 19229.1503906,
        "mean": 1028.82312012,
        "median": 409.130859375,
        "min": 21.533203125,
        "var": 7052864.5
    },
    "spectral_skewness": {
        "dmean": 0.394386708736,
        "dmean2": 0.662708580494,
        "dvar": 0.363836139441,
        "dvar2": 1.03580033779,
        "max": 12.754989624,
        "mean": 2.83764243126,
        "median": 2.42849421501,
        "min": -0.57722234726,
        "var": 2.2756485939
    },
    "spectral_spread": {
        "dmean": 414985,
        "dmean2": 686478.0625,
        "dvar": 308386037760,
        "dvar2": 679401226240,
        "max": 38876820,
        "mean": 4291644.5,
        "median": 4697587,
        "min": 386650.90625,
        "var": 4.36646130483e+12
    },
    "spectral_strongpeak": {
        "dmean": 0.1829842031,
        "dmean2": 0.281705856323,
        "dvar": 0.400968134403,
        "dvar2": 0.756472468376,
        "max": 19.2628707886,
        "mean": 0.442104876041,
        "median": 0,
        "min": 0,
        "var": 1.56285083294
    },
    "zerocrossingrate": {
        "dmean": 0.00454107159749,
        "dmean2": 0.00615892885253,
        "dvar": 4.21095828642e-05,
        "dvar2": 6.90188608132e-05,
        "max": 0.5283203125,
        "mean": 0.0426958687603,
        "median": 0.0263671875,
        "min": 0,
        "var": 0.00533616263419
    },
    "barkbands": {
        "dmean": [0.000327919318806, 9.37307486311e-05, 0.000443427037681, 0.00190082378685, 0.00181053369306, 0.000656048185192, 0.000408331397921, 0.00047379694297, 0.000835190934595, 0.00106682558544, 0.000421516480856, 0.000132841567392, 0.00020238844445, 0.000142377481097, 0.00014115589147, 0.000117508250696, 5.6185926951e-05, 3.03555207211e-05, 2.83057670458e-05, 8.84470318852e-06, 5.49725791643e-06, 5.44144859305e-06, 6.18845888312e-06, 1.19395363072e-05, 9.26902430365e-06, 2.18525860873e-06, 1.28377038777e-07],
        "dmean2": [0.00032788226963, 0.00015630722919, 0.000622062536422, 0.00289884512313, 0.00268937810324, 0.00109465653077, 0.000549437361769, 0.000687987951096, 0.00109559122939, 0.00140328682028, 0.000668796419632, 0.000212431026739, 0.000301207503071, 0.000233618469792, 0.000243889226113, 0.000201072063646, 9.61099067354e-05, 5.17429944011e-05, 4.81673778268e-05, 1.52109232658e-05, 9.53916423896e-06, 9.32999228098e-06, 1.06818533823e-05, 2.05460801226e-05, 1.58755101438e-05, 3.76897833121e-06, 2.171156126e-07],
        "dvar": [3.4950781469e-07, 1.84883433008e-08, 4.37102045225e-07, 1.24575299196e-05, 8.10470555734e-06, 8.4774046627e-07, 5.19979607816e-07, 6.13345127931e-06, 1.15182947411e-05, 2.96344769595e-05, 2.86301906272e-06, 1.18706999785e-07, 1.62980782648e-07, 1.24775453969e-07, 1.26967620417e-07, 7.82874920446e-08, 1.48844963022e-08, 3.63966234929e-09, 3.76142983427e-09, 5.79495451625e-10, 4.74504546766e-10, 2.76739492433e-10, 1.84864720754e-10, 6.30093144327e-10, 8.15815526245e-10, 2.63176338361e-11, 1.05746493376e-13],
        "dvar2": [3.53849230805e-07, 5.65475275494e-08, 8.84541123014e-07, 2.93356279144e-05, 2.09514473681e-05, 2.4590879093e-06, 1.02935598534e-06, 1.55723046191e-05, 1.61475782079e-05, 4.84190386487e-05, 7.41809435567e-06, 2.67550859689e-07, 3.46860588252e-07, 3.20786256225e-07, 3.64054329793e-07, 2.17972413452e-07, 4.19765733284e-08, 9.691933478e-09, 1.0157170216e-08, 1.57732460426e-09, 1.34518729489e-09, 8.20379375543e-10, 5.29434773799e-10, 1.78270997964e-09, 2.32061192484e-09, 7.52288023542e-11, 2.77383611956e-13],
        "max": [0.156252577901, 0.00264983344823, 0.00985964387655, 0.0554550141096, 0.064719863236, 0.0184895750135, 0.0200597941875, 0.121812045574, 0.257190257311, 0.349317312241, 0.107715316117, 0.00972701329738, 0.0137955062091, 0.0170128904283, 0.00798050872982, 0.00846650358289, 0.00332277873531, 0.00136087310966, 0.00214475346729, 0.000546827446669, 0.000678717566188, 0.000439935625764, 0.000291020231089, 0.000688824336976, 0.00086779386038, 0.000157380025485, 9.69768279901e-06],
        "mean": [0.0241035297513, 0.00035662134178, 0.00133929331787, 0.00476018479094, 0.00700542377308, 0.002088641515, 0.00152731745038, 0.00114430708345, 0.00193369109184, 0.00211775791831, 0.000674327486195, 0.000240180641413, 0.000358345336281, 0.000231732235989, 0.000198285735678, 0.000185145472642, 8.62063679961e-05, 4.92018261866e-05, 4.62021853309e-05, 1.59914870892e-05, 1.12456464194e-05, 1.39438961924e-05, 2.02655955945e-05, 4.41691263404e-05, 4.1731629608e-05, 8.919807442e-06, 5.61229455798e-07],
        "median": [0.0168162360787, 0.000303956563585, 0.000969087006524, 0.0028783432208, 0.00495040277019, 0.00123185338452, 0.000796576961875, 0.00034880018211, 0.000334693177138, 0.000398587289965, 0.00022363520111, 0.000109195694677, 0.000169087288668, 9.29439120227e-05, 4.61019335489e-05, 4.9635891628e-05, 3.30477960233e-05, 2.4021608624e-05, 2.31529193115e-05, 6.49015555609e-06, 5.0079720495e-06, 5.57160819881e-06, 8.56910628499e-06, 3.26423141814e-05, 3.2211864891e-05, 3.77318224309e-06, 3.12956103699e-07],
        "min": [5.53720757024e-24, 2.6735556307e-23, 2.95469745317e-24, 6.37855099705e-24, 4.51870318128e-23, 4.41236662452e-23, 1.44077088724e-22, 2.44355992057e-23, 8.91250948642e-23, 6.5567430004e-23, 1.1671497491e-22, 8.14640816495e-23, 1.74692262963e-22, 1.74713530653e-22, 1.34725363574e-22, 1.21001392633e-22, 1.87110789012e-22, 9.08898019527e-23, 2.43137078896e-22, 3.67676455891e-22, 4.25538078003e-22, 4.15202182609e-22, 6.3147227466e-22, 7.9376547435e-22, 1.12119858875e-21, 1.71584239349e-21, 2.60664644296e-21],
        "var": [0.000914858304895, 9.16315272548e-08, 1.69043175902e-06, 4.09858294006e-05, 6.3118255639e-05, 6.52789776723e-06, 4.42434884462e-06, 1.06728493847e-05, 6.77290299791e-05, 8.14211307443e-05, 3.36360517394e-06, 2.13762049839e-07, 4.13027123614e-07, 2.02582370434e-07, 1.78831768949e-07, 1.33702229732e-07, 2.15435118633e-08, 5.9923346285e-09, 5.77627368159e-09, 8.62177496064e-10, 7.66032404176e-10, 6.67710498004e-10, 1.00522312696e-09, 2.52351828323e-09, 2.52621012997e-09, 1.41029257716e-10, 4.96121752621e-13]
    },
    "erbbands": {
        "dmean": [0.00146976392716, 0.0300469696522, 0.35010138154, 3.29629302025, 8.86294078827, 6.47577047348, 3.46302747726, 6.7143201828, 6.70789432526, 7.9527425766, 11.835849762, 22.8296604156, 29.8297786713, 21.0196456909, 17.3993606567, 5.53741931915, 10.0476503372, 7.57679653168, 7.45220279694, 6.33206272125, 4.26418685913, 2.15708088875, 1.48683571815, 2.07399487495, 0.813912630081, 0.469983875751, 0.293569415808, 0.178666874766, 0.165107131004, 0.207302853465, 0.194514527917, 0.254858911037, 0.241847813129, 0.135311514139, 0.056740436703, 0.0175470113754, 0.00198199180886, 0.000195590197109, 2.61737477558e-05, 6.43040402792e-06],
        "dmean2": [0.00205362774432, 0.0486149042845, 0.500133633614, 4.61705160141, 13.5286560059, 10.0338439941, 6.08953714371, 11.5452594757, 9.36382675171, 11.5719203949, 16.2904014587, 30.1768951416, 37.411693573, 30.1513004303, 27.4772396088, 8.91295337677, 15.0124540329, 12.3115596771, 12.703130722, 10.9383649826, 7.2823843956, 3.67743897438, 2.52514910698, 3.5662548542, 1.36609601974, 0.803703665733, 0.504690170288, 0.307233691216, 0.282135128975, 0.35869383812, 0.338365346193, 0.432777434587, 0.419415861368, 0.231947004795, 0.0983477160335, 0.0301820840687, 0.00340176629834, 0.000332987838192, 4.37987655459e-05, 9.56525673246e-06],
        "dvar": [4.98284452988e-06, 0.00174659118056, 0.248507857323, 35.6170845032, 213.715454102, 121.271614075, 27.0437545776, 90.2023010254, 127.532554626, 307.104064941, 4931.96044922, 8236.57324219, 37016.4453125, 11669.2070312, 6257.85546875, 183.720077515, 385.439208984, 336.949554443, 412.278869629, 191.511489868, 81.0079269409, 18.7770214081, 9.32550525665, 18.8122253418, 9.15032672882, 1.72666192055, 0.799067974091, 0.844472408295, 0.278796851635, 0.266499370337, 0.167329236865, 0.218627974391, 0.402295172215, 0.130784705281, 0.0250151641667, 0.00180648686364, 1.72685522557e-05, 1.42640971035e-07, 3.5082787786e-09, 1.29700153395e-10],
        "dvar2": [1.074712236e-05, 0.00531924050301, 0.529467761517, 71.862449646, 553.068847656, 326.523986816, 77.200843811, 273.294219971, 276.143096924, 657.672912598, 12322.9277344, 12296.7197266, 56229.6523438, 23030.1132812, 16253.0986328, 400.047058105, 841.993041992, 826.428283691, 1191.78601074, 524.397644043, 226.098083496, 53.4756584167, 25.2791423798, 52.5373878479, 24.1243686676, 4.742582798, 2.23010349274, 2.4072124958, 0.816513121128, 0.78857922554, 0.485210418701, 0.625292360783, 1.14363670349, 0.366646289825, 0.0724003314972, 0.00515575893223, 4.91526407131e-05, 3.91630180729e-07, 9.36760891079e-09, 2.64945620998e-10],
        "max": [0.361921578646, 0.70037060976, 7.39293241501, 104.221572876, 212.042205811, 244.07774353, 86.4761962891, 161.429916382, 247.2578125, 551.921325684, 3461.82275391, 6704.55273438, 14161.0234375, 4485.01757812, 5232.37744141, 535.637756348, 597.649597168, 930.37701416, 482.111419678, 445.229797363, 267.128326416, 92.4390411377, 58.8429374695, 86.6341323853, 139.890472412, 33.8233299255, 22.7594432831, 29.7777690887, 14.3165559769, 12.7092084885, 10.5464992523, 8.2633562088, 18.895450592, 10.5835704803, 4.73561573029, 1.34581720829, 0.105475433171, 0.0100655825809, 0.0016362167662, 0.000539383210707],
        "mean": [0.0575087815523, 0.10713147372, 1.20617866516, 8.74502563477, 22.9173946381, 23.9312763214, 8.46037578583, 19.6489334106, 26.5828056335, 23.2042217255, 30.6853790283, 53.8175697327, 63.1201591492, 37.662563324, 29.8560466766, 11.2585935593, 18.6175231934, 13.0497112274, 11.2225847244, 10.5501194, 7.12444019318, 3.73818254471, 2.70904183388, 3.6690621376, 1.40913450718, 0.864770770073, 0.627944409847, 0.379081368446, 0.422634899616, 0.583677351475, 0.630187153816, 0.83202713728, 0.800359427929, 0.530074894428, 0.240394815803, 0.0727178007364, 0.00973624922335, 0.000971463916358, 0.000128455241793, 5.93119184487e-05],
        "median": [0.0424172505736, 0.09371445328, 1.02435135841, 5.00319623947, 15.5701656342, 14.6174821854, 6.27645587921, 12.5727901459, 14.9316835403, 9.68210792542, 8.09111499786, 10.4142017365, 14.0205135345, 8.93538951874, 10.5239963531, 6.2247376442, 9.27447223663, 6.16758680344, 3.73332333565, 4.18783521652, 3.27878308296, 1.85478818417, 1.45402765274, 1.64744675159, 0.590821921825, 0.401935011148, 0.270704448223, 0.179749801755, 0.162953108549, 0.190397888422, 0.30334725976, 0.519212722778, 0.550313293934, 0.40291506052, 0.151819273829, 0.0313891619444, 0.00523791881278, 0.000899979379028, 9.33884221013e-05, 5.57763924007e-05],
        "min": [9.60027313347e-22, 5.07835945239e-21, 4.96917322712e-21, 1.01453160908e-20, 7.30020882531e-20, 9.76496471265e-20, 5.09211040919e-19, 3.07841468816e-19, 2.1677630732e-18, 1.0782196921e-18, 3.61200951427e-19, 2.37038696131e-18, 1.98777953205e-18, 4.11220227026e-18, 3.42278341885e-18, 3.96222408545e-18, 8.87086273285e-18, 1.00102759025e-17, 4.16190713968e-18, 8.2461097598e-18, 9.07674964168e-18, 8.51916621591e-18, 5.37407332575e-18, 6.50656712958e-18, 1.57349406319e-17, 2.02752208633e-17, 1.85684014981e-17, 1.56480238018e-17, 1.61060849922e-17, 1.73324100288e-17, 1.71627006913e-17, 1.14394669843e-17, 1.77744156435e-17, 1.10227317374e-17, 8.43218569296e-18, 5.66065377128e-18, 3.5238394539e-18, 1.41550713636e-18, 3.50095172825e-19, 3.81217332846e-20],
        "var": [0.00477952137589, 0.00801808107644, 1.04303002357, 135.80039978, 612.697814941, 941.852905273, 72.3702926636, 515.997375488, 1043.72814941, 1791.79748535, 9066.94921875, 47679.0039062, 107148.953125, 23032.5859375, 7266.52246094, 371.832550049, 984.328308105, 549.693908691, 567.286865234, 358.085296631, 134.746231079, 30.8290939331, 16.4395694733, 35.175491333, 11.195110321, 2.51264810562, 1.9071739912, 0.883555591106, 0.671709299088, 0.960852146149, 0.7263276577, 1.07597720623, 1.02106928825, 0.411822378635, 0.0870036780834, 0.00915298704058, 0.000150303458213, 1.06153879642e-06, 2.05382537644e-08, 2.35640928992e-09]
    },
    "gfcc": {
        "mean": [-92.5244369507, 117.621604919, -99.2385635376, 4.27140522003, -57.8723526001, 11.0615673065, -47.3404846191, 4.20924758911, -25.9213829041, -9.83801174164, -11.4494047165, -7.78101015091, -7.30626106262],
        "cov": [[35258.0507812, 5218.44775391, 598.234680176, -997.090393066, -586.482666016, 2040.08569336, -1264.37609863, 103.620697021, -767.179443359, -254.842529297, 71.714630127, -494.786712646, -38.1689682007], [5218.44775391, 4234.30175781, -71.3269348145, -738.449523926, -155.268585205, -343.495330811, 353.273712158, -751.32244873, -51.8273124695, -509.561584473, 14.6937332153, -569.018859863, -242.397735596], [598.234680176, -71.3269348145, 516.06842041, 2.45686292648, -28.4954814911, 213.378890991, -176.132965088, -10.0910758972, -77.5150756836, 35.172252655, -30.710193634, -36.6946029663, -64.5060348511], [-997.090393066, -738.449523926, 2.45686292648, 452.311218262, -0.32749119401, -11.4404268265, -83.0686721802, 43.8925628662, -30.640914917, 89.964515686, -33.0348167419, 82.1586837769, 4.86398124695], [-586.482666016, -155.268585205, -28.4954814911, -0.32749119401, 298.471191406, -57.0113143921, -64.0859451294, 64.895362854, -8.96590518951, 8.63643169403, 24.8872642517, 36.2284011841, 21.9208526611], [2040.08569336, -343.495330811, 213.378890991, -11.4404268265, -57.0113143921, 473.336547852, -174.755935669, 53.5447158813, -71.084815979, 74.3748168945, 32.1457595825, 69.9220199585, 20.2243270874], [-1264.37609863, 353.273712158, -176.132965088, -83.0686721802, -64.0859451294, -174.755935669, 324.311584473, -127.28163147, 35.631855011, -70.7827453613, 15.2483177185, -59.2592697144, -18.716840744], [103.620697021, -751.32244873, -10.0910758972, 43.8925628662, 64.895362854, 53.5447158813, -127.28163147, 373.762756348, 1.59912776947, 95.5573043823, -5.52160739899, 118.842025757, 87.9916992188], [-767.179443359, -51.8273124695, -77.5150756836, -30.640914917, -8.96590518951, -71.084815979, 35.631855011, 1.59912776947, 242.147140503, -2.29088950157, -5.67400407791, 30.5622730255, 18.5438957214], [-254.842529297, -509.561584473, 35.172252655, 89.964515686, 8.63643169403, 74.3748168945, -70.7827453613, 95.5573043823, -2.29088950157, 175.857192993, 21.4180679321, 62.3475952148, 28.0617580414], [71.714630127, 14.6937332153, -30.710193634, -33.0348167419, 24.8872642517, 32.1457595825, 15.2483177185, -5.52160739899, -5.67400407791, 21.4180679321, 115.596595764, 23.1288356781, -4.62763357162], [-494.786712646, -569.018859863, -36.6946029663, 82.1586837769, 36.2284011841, 69.9220199585, -59.2592697144, 118.842025757, 30.5622730255, 62.3475952148, 23.1288356781, 171.872711182, 64.6853637695], [-38.1689682007, -242.397735596, -64.5060348511, 4.86398124695, 21.9208526611, 20.2243270874, -18.716840744, 87.9916992188, 18.5438957214, 28.0617580414, -4.62763357162, 64.6853637695, 120.829574585]],
        "icov": [[0.00016629343736, -0.000482039118651, 0.000330673705321, -0.000239346336457, 0.000195618791622, -0.000884920009412, 0.000540932582226, -0.000661837111693, 0.000167362755747, -0.000185078359209, 0.000101811594504, 8.17157851998e-05, -7.24856945453e-05], [-0.000482039118651, 0.00238286610693, -0.000703252968378, 0.00177878607064, -0.000241230911342, 0.00298483367078, -0.000947967288084, 0.00305695226416, -0.000218007466174, 0.00172750174534, -0.000774246640503, 0.00131962890737, 0.000248292635661], [0.000330673705321, -0.000703252968378, 0.00400852551684, 6.51771842968e-05, 0.000555716571398, -0.00274102040567, 0.00260568317026, -0.000822671921924, 0.000771328050178, -0.000591873889789, 0.00119302375242, 0.00122892670333, 0.0015985860955], [-0.000239346336457, 0.00177878607064, 6.51771842968e-05, 0.00470991712064, 0.000456170208054, 0.00254291808233, 0.000784302712418, 0.00283267674968, 0.000867502531037, -6.13259260263e-07, 0.000696730799973, -0.00049911160022, 0.00104918377474], [0.000195618791622, -0.000241230911342, 0.000555716571398, 0.000456170208054, 0.00453775795177, 0.000399778364226, 0.00232105096802, -0.00059963692911, 0.000782681105193, 0.000407160958275, -0.00124546536244, -0.000213142193388, -0.00038604735164], [-0.000884920009412, 0.00298483367078, -0.00274102040567, 0.00254291808233, 0.000399778364226, 0.00883660651743, -0.000973842630628, 0.0045415959321, 0.000190631326404, 0.000841452274472, -0.00187038362492, -0.00159203191288, -0.000311103474814], [0.000540932582226, -0.000947967288084, 0.00260568317026, 0.000784302712418, 0.00232105096802, -0.000973842630628, 0.00798073876649, -6.28801353741e-05, 0.000920824706554, 0.000387991138268, -0.000862983346451, 0.00121203821618, -0.000260746543063], [-0.000661837111693, 0.00305695226416, -0.000822671921924, 0.00283267674968, -0.00059963692911, 0.0045415959321, -6.28801353741e-05, 0.00842566974461, 9.2026166385e-05, 0.000552986224648, -0.000135309805046, -0.000612968346104, -0.00124622764997], [0.000167362755747, -0.000218007466174, 0.000771328050178, 0.000867502531037, 0.000782681105193, 0.000190631326404, 0.000920824706554, 9.2026166385e-05, 0.00510366726667, -0.000310420145979, 0.00060746294912, -0.00132313754875, -8.54747704579e-05], [-0.000185078359209, 0.00172750174534, -0.000591873889789, -6.13259260263e-07, 0.000407160958275, 0.000841452274472, 0.000387991138268, 0.000552986224648, -0.000310420145979, 0.00994498841465, -0.00277682417072, 0.00143093836959, -0.000600564002525], [0.000101811594504, -0.000774246640503, 0.00119302375242, 0.000696730799973, -0.00124546536244, -0.00187038362492, -0.000862983346451, -0.000135309805046, 0.00060746294912, -0.00277682417072, 0.0113227684051, -0.00296880467795, 0.00216631707735], [8.17157851998e-05, 0.00131962890737, 0.00122892670333, -0.00049911160022, -0.000213142193388, -0.00159203191288, 0.00121203821618, -0.000612968346104, -0.00132313754875, 0.00143093836959, -0.00296880467795, 0.013839119114, -0.00336307520047], [-7.24856945453e-05, 0.000248292635661, 0.0015985860955, 0.00104918377474, -0.00038604735164, -0.000311103474814, -0.000260746543063, -0.00124622764997, -8.54747704579e-05, -0.000600564002525, 0.00216631707735, -0.00336307520047, 0.0125877326354]]
    },
    "melbands": {
        "dmean": [2.57483006862e-05, 0.000128434883663, 0.000754438457079, 0.000464442040538, 0.00017935334472, 0.000146998514538, 9.55694558797e-05, 8.72500895639e-05, 0.000117233088531, 0.000129935579025, 0.000146871345351, 8.69055947987e-05, 6.10083297943e-05, 2.25450094149e-05, 1.96259534277e-05, 1.47968858073e-05, 1.61853058671e-05, 1.1951934539e-05, 7.24346909919e-06, 1.15862876555e-05, 3.84469694836e-06, 2.22364633373e-06, 2.63422998614e-06, 1.41563100442e-06, 1.88849151073e-06, 7.01725355157e-07, 3.13834590315e-07, 3.6388817648e-07, 2.31538948015e-07, 1.30050239022e-07, 1.19939386423e-07, 9.67190416645e-08, 1.56725477041e-07, 1.26350172991e-07, 1.32460243663e-07, 1.08492855588e-07, 1.80037758923e-07, 1.95324048491e-07, 1.58990388854e-07, 1.26491229935e-07],
        "dmean2": [3.72722824977e-05, 0.000187484314665, 0.0011518454412, 0.000668455089908, 0.000311547308229, 0.000248165073572, 0.000129031715915, 0.000128428015159, 0.000157889749971, 0.000172173269675, 0.000184641918167, 0.000124585581943, 9.66104998952e-05, 3.61577986041e-05, 2.9622889997e-05, 2.20746278501e-05, 2.6366489692e-05, 2.04495663638e-05, 1.25522092276e-05, 1.99049554794e-05, 6.5880344664e-06, 3.79813218387e-06, 4.53195707451e-06, 2.38885650106e-06, 3.2656807889e-06, 1.1765647514e-06, 5.37292009994e-07, 6.28043778761e-07, 3.99385641003e-07, 2.23739803573e-07, 2.06492813959e-07, 1.66399956925e-07, 2.68947133009e-07, 2.16491827132e-07, 2.30920846889e-07, 1.863550807e-07, 3.07298336111e-07, 3.38527200938e-07, 2.74685390877e-07, 2.16632983552e-07],
        "dvar": [1.29926613912e-09, 3.09452055092e-08, 1.8822780703e-06, 5.20260641679e-07, 8.53286010738e-08, 4.21556904939e-08, 2.64940194228e-08, 4.18429948468e-08, 3.74596993424e-07, 2.51981902011e-07, 8.93497769994e-07, 2.2396820043e-07, 5.8239542966e-08, 7.38168814962e-09, 1.32894828475e-09, 1.08907038943e-09, 1.75484149434e-09, 9.8614627575e-10, 2.72745132035e-10, 7.63773766455e-10, 5.96414098664e-11, 2.41737619505e-11, 4.50565210142e-11, 1.27927200083e-11, 1.66056630252e-11, 8.39048969192e-12, 8.36996975635e-13, 1.13076995684e-12, 4.77078337772e-13, 1.80279985276e-13, 3.23042970412e-13, 6.4675749565e-14, 2.9946146474e-13, 9.9605416417e-14, 7.9720335422e-14, 4.61231767568e-14, 9.58118675544e-14, 1.68212896411e-13, 2.70638627611e-13, 7.48429503051e-14],
        "dvar2": [2.63675481449e-09, 7.03193450136e-08, 4.47031288786e-06, 1.28628084894e-06, 2.44536323635e-07, 1.2175877373e-07, 5.41149525191e-08, 9.22519376445e-08, 8.66734239935e-07, 3.79797313599e-07, 1.35759717068e-06, 4.38725976437e-07, 1.51994868247e-07, 1.82761485945e-08, 2.98942337551e-09, 1.99279925894e-09, 4.33283142698e-09, 2.87290524703e-09, 7.7181694369e-10, 2.10806483381e-09, 1.65426353171e-10, 6.79901204781e-11, 1.2822150286e-10, 3.3697416385e-11, 4.65986624287e-11, 2.188892817e-11, 2.30927299852e-12, 3.17154939464e-12, 1.34351080608e-12, 5.04382072133e-13, 9.27967338388e-13, 1.84940048844e-13, 9.03864819362e-13, 2.8586429556e-13, 2.32315089475e-13, 1.32099016513e-13, 2.75056832779e-13, 4.84386998827e-13, 7.55693467872e-13, 2.11660414673e-13],
        "max": [0.00707718357444, 0.00255306996405, 0.0196123346686, 0.0181376095861, 0.00434898398817, 0.00395844317973, 0.00368156260811, 0.00674862973392, 0.0278571229428, 0.0359188355505, 0.0696516409516, 0.0200436878949, 0.0153703065589, 0.00536481151357, 0.0010573619511, 0.00188406021334, 0.00213563512079, 0.000713790825102, 0.000328081601765, 0.000856696744449, 0.000221822032472, 0.000131149543449, 0.000154463778017, 9.94896327029e-05, 7.9233876022e-05, 0.000119046264444, 3.24900975102e-05, 3.02015359921e-05, 1.7937811208e-05, 1.31240594783e-05, 1.78709196916e-05, 6.06636513112e-06, 1.23359741337e-05, 6.19911179456e-06, 6.71143470754e-06, 4.56605448562e-06, 6.06026787864e-06, 1.049160619e-05, 1.61425668921e-05, 7.36505307941e-06],
        "mean": [0.00113311642781, 0.000437759037595, 0.00197398243472, 0.00189011404291, 0.000421598379035, 0.000454703927971, 0.00039268101682, 0.000241227840888, 0.000295524892863, 0.0003019097785, 0.000303976790747, 0.000149332627188, 0.000100664146885, 3.97045041609e-05, 3.72839349438e-05, 2.76639912045e-05, 2.55770901276e-05, 1.74404867721e-05, 1.07229525383e-05, 1.84503714991e-05, 6.05099285167e-06, 3.59268278771e-06, 4.0121285565e-06, 2.32436309489e-06, 3.13937994179e-06, 1.0867763649e-06, 5.14319140166e-07, 6.08540688063e-07, 4.46951474942e-07, 2.44856863674e-07, 2.21180670223e-07, 2.27101324413e-07, 2.99198347875e-07, 3.39677683314e-07, 3.65598026519e-07, 3.45346791164e-07, 5.42357270206e-07, 5.65802793062e-07, 4.8402188213e-07, 4.39760071913e-07],
        "median": [0.000834445818327, 0.000371776055545, 0.00122092233505, 0.00130184798036, 0.000306008703774, 0.000270116259344, 0.000218846616917, 9.8078220617e-05, 7.02307806932e-05, 5.59559921385e-05, 5.87221329624e-05, 2.90902135021e-05, 3.4943153878e-05, 1.55705583893e-05, 1.94898620975e-05, 1.39084959301e-05, 9.9603776107e-06, 5.31404657522e-06, 3.02470925817e-06, 4.09270023738e-06, 2.61119862444e-06, 1.3527082956e-06, 1.16369847092e-06, 9.05303181753e-07, 1.13655869427e-06, 3.07910624997e-07, 2.49561622923e-07, 2.34763149365e-07, 1.57799831868e-07, 1.10819932786e-07, 9.22796701275e-08, 8.03665614058e-08, 9.64229798228e-08, 8.43884180313e-08, 1.50680051547e-07, 1.87704628729e-07, 3.46088995684e-07, 3.69911418829e-07, 3.37153096552e-07, 3.07413301925e-07],
        "min": [8.31529366065e-24, 4.26812088365e-24, 3.80012915162e-24, 5.31071416587e-24, 1.49385343221e-23, 7.67510069277e-24, 3.21871121212e-23, 9.95226839141e-24, 1.95854737067e-24, 1.65072962504e-23, 9.43358603534e-24, 1.59793684445e-23, 1.3347965123e-23, 9.67700326714e-24, 1.54911392749e-23, 1.61069130534e-23, 1.9616457402e-23, 4.7070352027e-24, 1.36541677943e-23, 8.54952855152e-24, 1.16229282717e-23, 1.07999128447e-23, 4.96481049184e-24, 4.22281620743e-24, 4.88705562786e-24, 1.01805702594e-23, 1.11981724281e-23, 1.34623373325e-23, 1.27227139695e-23, 9.36261300856e-24, 8.56750274724e-24, 1.08359921871e-23, 6.24556600894e-24, 1.02463368042e-23, 1.00595376973e-23, 7.67515512417e-24, 6.61083542933e-24, 1.29271867162e-23, 1.05780386154e-23, 9.16399597642e-24],
        "var": [1.86646593647e-06, 1.37503874953e-07, 5.93088179812e-06, 4.84604333906e-06, 1.99871777795e-07, 3.08125748916e-07, 2.33989325693e-07, 2.02720855214e-07, 9.65875187831e-07, 1.40775182444e-06, 2.59066587205e-06, 4.44524232535e-07, 6.83170782168e-08, 1.03821848896e-08, 3.35267102969e-09, 3.06272474049e-09, 2.72687894487e-09, 1.3560409462e-09, 4.17678863718e-10, 1.36519928695e-09, 9.09582964503e-11, 3.73075632887e-11, 7.26694260322e-11, 2.18308340155e-11, 2.98858958414e-11, 1.0098049133e-11, 9.2000831866e-13, 1.54791555008e-12, 1.06428017441e-12, 2.69671410853e-13, 3.18806179372e-13, 1.72281961375e-13, 4.64801970784e-13, 4.24992181204e-13, 2.93207352928e-13, 2.13121986964e-13, 4.47587469475e-13, 4.95353053281e-13, 4.60258133689e-13, 2.82867994436e-13]
    },
    "mfcc": {
        "mean": [-729.849487305, 156.355575562, 17.8843364716, -1.68892717361, 11.6244812012, -3.68652248383, 0.125094786286, 0.944358050823, -5.1953458786, -2.59200429916, -3.86484122276, -1.88202500343, -4.32574510574],
        "cov": [[18260.7285156, 3606.26245117, 902.16418457, -782.355041504, 1070.09387207, 174.962127686, 244.19493103, 54.8845748901, -3.1372988224, 208.830429077, -121.924064636, -149.305679321, -32.7083778381], [3606.26245117, 4039.73461914, 144.980331421, -122.10823822, -312.050476074, 42.4341659546, -0.0116415405646, -124.092842102, -243.056808472, -167.816894531, 9.26278972626, -96.6120605469, -342.179931641], [902.16418457, 144.980331421, 509.413970947, -27.4241733551, 96.4241790771, 109.216766357, -33.7352714539, -23.8497085571, -23.2379684448, 7.20114040375, -7.39108848572, -15.0435619354, -39.8922348022], [-782.355041504, -122.10823822, -27.4241733551, 321.78213501, -38.8298530579, -25.462934494, 17.2195339203, -59.4230232239, -19.2345409393, -44.2446784973, -25.41929245, -4.32160568237, -9.50740432739], [1070.09387207, -312.050476074, 96.4241790771, -38.8298530579, 479.836883545, -2.67931342125, 32.0191993713, 15.0327863693, 18.8150272369, 39.2081260681, -32.727230072, 2.67694711685, 65.2475814819], [174.962127686, 42.4341659546, 109.216766357, -25.462934494, -2.67931342125, 273.751922607, -12.4343996048, -35.0592956543, -57.3315925598, -49.4171104431, 7.76312875748, 15.6147127151, -22.4350605011], [244.19493103, -0.0116415405646, -33.7352714539, 17.2195339203, 32.0191993713, -12.4343996048, 226.584259033, -16.2048797607, -42.8728637695, -21.1862487793, -27.0016555786, -23.3161582947, 17.514043808], [54.8845748901, -124.092842102, -23.8497085571, -59.4230232239, 15.0327863693, -35.0592956543, -16.2048797607, 139.825561523, 32.4944953918, -3.2543489933, 3.72012329102, -1.25364732742, 6.38814067841], [-3.1372988224, -243.056808472, -23.2379684448, -19.2345409393, 18.8150272369, -57.3315925598, -42.8728637695, 32.4944953918, 145.402938843, 46.0615119934, -26.437374115, -1.89797627926, 26.2196140289], [208.830429077, -167.816894531, 7.20114040375, -44.2446784973, 39.2081260681, -49.4171104431, -21.1862487793, -3.2543489933, 46.0615119934, 132.642196655, 18.9507236481, -35.6618537903, 11.8291492462], [-121.924064636, 9.26278972626, -7.39108848572, -25.41929245, -32.727230072, 7.76312875748, -27.0016555786, 3.72012329102, -26.437374115, 18.9507236481, 97.5998001099, 28.1077079773, -16.1769790649], [-149.305679321, -96.6120605469, -15.0435619354, -4.32160568237, 2.67694711685, 15.6147127151, -23.3161582947, -1.25364732742, -1.89797627926, -35.6618537903, 28.1077079773, 130.481399536, 53.8910903931], [-32.7083778381, -342.179931641, -39.8922348022, -9.50740432739, 65.2475814819, -22.4350605011, 17.514043808, 6.38814067841, 26.2196140289, 11.8291492462, -16.1769790649, 53.8910903931, 136.145202637]],
