{
"lowlevel": {
    "average_loudness": 0.842679798603,
    "barkbands_crest": {
        "dmean": 2.67473530769,
        "dmean2": 4.16966629028,
        "dvar": 5.73976993561,
        "dvar2": 13.6466550827,
        "max": 25.9726753235,
        "mean": 11.2669029236,
        "median": 10.2498035431,
        "min": 2.3712272644,
        "var": 23.2068958282
    },
    "barkbands_flatness_db": {
        "dmean": 0.0241333562881,
        "dmean2": 0.0351759120822,
        "dvar": 0.0005680785398,
        "dvar2": 0.00112444267143,
        "max": 0.404531031847,
        "mean": 0.168767437339,
        "median": 0.169567391276,
        "min": 0.0213545132428,
        "var": 0.00410050339997
    },
    "barkbands_kurtosis": {
        "dmean": 3.72178006172,
        "dmean2": 5.43750286102,
        "dvar": 68.8586349487,
        "dvar2": 128.222473145,
        "max": 265.512084961,
        "mean": 4.97808361053,
        "median": 0.869248390198,
        "min": -1.847692132,
        "var": 173.667556763
    },
    "barkbands_skewness": {
        "dmean": 0.634703695774,
        "dmean2": 0.919271945953,
        "dvar": 0.547492027283,
        "dvar2": 1.02088320255,
        "max": 15.277926445,
        "mean": 1.30281281471,
        "median": 0.913779079914,
        "min": -2.68893623352,
        "var": 2.57009673119
    },
    "barkbands_spread": {
        "dmean": 5.94320821762,
        "dmean2": 8.64647769928,
        "dvar": 47.5881958008,
        "dvar2": 96.6237945557,
        "max": 93.7605667114,
        "mean": 20.6020927429,
        "median": 17.3404426575,
        "min": 0.995867967606,
        "var": 183.324615479
    },
    "dissonance": {
        "dmean": 0.0240246467292,
        "dmean2": 0.0402516052127,
        "dvar": 0.000581024331041,
        "dvar2": 0.00153930101078,
        "max": 0.500000119209,
        "mean": 0.457511752844,
        "median": 0.465448498726,
        "min": 0.0637993663549,
        "var": 0.00107036915142
    },
    "dynamic_complexity": 2.78632187843,
    "erbbands_crest": {
        "dmean": 3.26614499092,
        "dmean2": 5.16515731812,
        "dvar": 8.33671951294,
        "dvar2": 19.7955112457,
        "max": 31.7476902008,
        "mean": 11.4073286057,
        "median": 10.4720554352,
        "min": 2.39553809166,
        "var": 24.1718578339
    },
    "erbbands_flatness_db": {
        "dmean": 0.0256560146809,
        "dmean2": 0.035404779017,
        "dvar": 0.000681193836499,
        "dvar2": 0.00122664729133,
        "max": 0.429778635502,
        "mean": 0.205723911524,
        "median": 0.199389949441,
        "min": 0.0491945967078,
        "var": 0.00581890298054
    },
    "erbbands_kurtosis": {
        "dmean": 1.36917257309,
        "dmean2": 2.15254473686,
        "dvar": 4.41253995895,
        "dvar2": 9.94856834412,
        "max": 72.1172027588,
        "mean": 0.767870604992,
        "median": 0.019446849823,
        "min": -1.79167234898,
        "var": 7.66566562653
    },
    "erbbands_skewness": {
        "dmean": 0.503359436989,
        "dmean2": 0.74167829752,
        "dvar": 0.210394695401,
        "dvar2": 0.469729542732,
        "max": 6.1293888092,
        "mean": 0.46977865696,
        "median": 0.383216261864,
        "min": -3.35735964775,
        "var": 0.759375989437
    },
    "erbbands_spread": {
        "dmean": 8.71847438812,
        "dmean2": 12.6820268631,
        "dvar": 98.909942627,
        "dvar2": 189.939239502,
        "max": 134.077529907,
        "mean": 31.019367218,
        "median": 26.4334640503,
        "min": 1.43212676048,
        "var": 312.882751465
    },
    "hfc": {
        "dmean": 10.0786142349,
        "dmean2": 15.6764936447,
        "dvar": 527.81652832,
        "dvar2": 1344.32580566,
        "max": 356.050476074,
        "mean": 19.1055793762,
        "median": 12.4734792709,
        "min": 1.10512448185e-16,
        "var": 609.577575684
    },
    "melbands_crest": {
        "dmean": 3.16730260849,
        "dmean2": 4.80610990524,
        "dvar": 8.79529190063,
        "dvar2": 19.4408569336,
        "max": 33.4493713379,
        "mean": 15.9546976089,
        "median": 14.5916166306,
        "min": 1.68748176098,
        "var": 43.5052261353
    },
    "melbands_flatness_db": {
        "dmean": 0.027375753969,
        "dmean2": 0.0388412103057,
        "dvar": 0.000810979749076,
        "dvar2": 0.00154347869102,
        "max": 0.474789977074,
        "mean": 0.2245914042,
        "median": 0.221757650375,
        "min": 0.00360819324851,
        "var": 0.00667559867725
    },
    "melbands_kurtosis": {
        "dmean": 8.20015525818,
        "dmean2": 12.1004962921,
        "dvar": 342.711669922,
        "dvar2": 657.510864258,
        "max": 479.957305908,
        "mean": 12.6695041656,
        "median": 3.6514081955,
        "min": -1.78255999088,
        "var": 790.155700684
    },
    "melbands_skewness": {
        "dmean": 0.812415719032,
        "dmean2": 1.17975354195,
        "dvar": 1.00112271309,
        "dvar2": 1.82689607143,
        "max": 16.6606254578,
        "mean": 2.21072244644,
        "median": 1.6530264616,
        "min": -1.58047401905,
        "var": 4.14730119705
    },
    "melbands_spread": {
        "dmean": 8.75927639008,
        "dmean2": 12.9841880798,
        "dvar": 139.131011963,
        "dvar2": 295.722930908,
        "max": 176.107452393,
        "mean": 26.1104068756,
        "median": 21.4697093964,
        "min": 0.597125589848,
        "var": 446.327819824
    },
    "pitch_salience": {
        "dmean": 0.0734252631664,
        "dmean2": 0.117881640792,
        "dvar": 0.00562383746728,
        "dvar2": 0.0138667048886,
        "max": 0.966855466366,
        "mean": 0.471472144127,
        "median": 0.459554970264,
        "min": 0.0811857357621,
        "var": 0.0168610457331
    },
    "silence_rate_20dB": {
        "dmean": 0,
        "dmean2": 0,
        "dvar": 0,
        "dvar2": 0,
        "max": 1,
        "mean": 1,
        "median": 1,
        "min": 1,
        "var": 0
    },
    "silence_rate_30dB": {
        "dmean": 0.0455170311034,
        "dmean2": 0.0910410135984,
        "dvar": 0.043447945267,
        "dvar2": 0.0873437151313,
        "max": 1,
        "mean": 0.949675440788,
        "median": 1,
        "min": 0,
        "var": 0.0477853454649
    },
    "silence_rate_60dB": {
        "dmean": 0.0267297998071,
        "dmean2": 0.0534636825323,
        "dvar": 0.02601406537,
        "dvar2": 0.0631396174431,
        "max": 1,
        "mean": 0.0494081713259,
        "median": 0,
        "min": 0,
        "var": 0.0469672605395
    },
    "spectral_centroid": {
        "dmean": 294.354919434,
        "dmean2": 444.219665527,
        "dvar": 105724.367188,
        "dvar2": 227054.015625,
        "max": 11715.9960938,
        "mean": 1460.94433594,
        "median": 1331.05712891,
        "min": 202.453125,
        "var": 696046.875
    },
    "spectral_complexity": {
        "dmean": 3.04383683205,
        "dmean2": 4.61070823669,
        "dvar": 17.8219242096,
        "dvar2": 35.0102729797,
        "max": 58,
        "mean": 13.104391098,
        "median": 11,
        "min": 0,
        "var": 51.7565879822
    },
    "spectral_decrease": {
        "dmean": 3.96200894315e-09,
        "dmean2": 6.57718635111e-09,
        "dvar": 1.25202917784e-16,
        "dvar2": 3.35677965857e-16,
        "max": 1.3817633738e-28,
        "mean": -6.59094689937e-09,
        "median": -3.39847550102e-09,
        "min": -1.23794364981e-07,
        "var": 1.21588098802e-16
    },
    "spectral_energy": {
        "dmean": 0.0156989879906,
        "dmean2": 0.0259928144515,
        "dvar": 0.00188444613013,
        "dvar2": 0.00505380006507,
        "max": 0.473708212376,
        "mean": 0.0266087129712,
        "median": 0.0144701255485,
        "min": 1.02167210031e-20,
        "var": 0.00181950838305
    },
    "spectral_energyband_high": {
        "dmean": 0.000747423851863,
        "dmean2": 0.00108993379399,
        "dvar": 4.14452370023e-06,
        "dvar2": 1.00096394817e-05,
        "max": 0.0337120145559,
        "mean": 0.000920634483919,
        "median": 0.000178580376087,
        "min": 7.3776941614e-21,
        "var": 5.14012435815e-06
    },
    "spectral_energyband_low": {
        "dmean": 0.00768317747861,
        "dmean2": 0.0121474564075,
        "dvar": 0.000888293143362,
        "dvar2": 0.00227944087237,
        "max": 0.408112704754,
        "mean": 0.0113211758435,
        "median": 0.000792831648141,
        "min": 2.03099718451e-23,
        "var": 0.00108243420254
    },
    "spectral_energyband_middle_high": {
        "dmean": 0.00215865974315,
        "dmean2": 0.00354388030246,
        "dvar": 4.51668638561e-05,
        "dvar2": 0.00012807402527,
        "max": 0.204195782542,
        "mean": 0.00479222461581,
        "median": 0.00329045043327,
        "min": 1.10088571074e-21,
        "var": 3.98132760893e-05
    },
    "spectral_energyband_middle_low": {
        "dmean": 0.00813197065145,
        "dmean2": 0.0141688324511,
        "dvar": 0.00067927694181,
        "dvar2": 0.00192215293646,
        "max": 0.376287281513,
        "mean": 0.0104742301628,
        "median": 0.00488289585337,
        "min": 1.75413698349e-22,
        "var": 0.000474116677651
    },
    "spectral_entropy": {
        "dmean": 0.25112131238,
        "dmean2": 0.341781497002,
        "dvar": 0.0677917227149,
        "dvar2": 0.122943691909,
        "max": 9.81184673309,
        "mean": 7.20551776886,
        "median": 7.11969280243,
        "min": 5.12596130371,
        "var": 0.401685595512
    },
    "spectral_flux": {
        "dmean": 0.0347176417708,
        "dmean2": 0.0536330938339,
        "dvar": 0.00468400912359,
        "dvar2": 0.00955498125404,
        "max": 0.671051561832,
        "mean": 0.0747161582112,
        "median": 0.0503026247025,
        "min": 6.33307781217e-11,
        "var": 0.00626092776656
    },
    "spectral_kurtosis": {
        "dmean": 3.00298476219,
        "dmean2": 4.92007875443,
        "dvar": 13.8680887222,
        "dvar2": 38.1928367615,
        "max": 50.1999359131,
        "mean": 6.93235731125,
        "median": 5.32197856903,
        "min": -1.26143741608,
        "var": 35.5294799805
    },
    "spectral_rms": {
        "dmean": 0.00104732788168,
        "dmean2": 0.00163304817397,
        "dvar": 4.15548402088e-06,
        "dvar2": 1.04704731712e-05,
        "max": 0.0214977748692,
        "mean": 0.00434388406575,
        "median": 0.00375728565268,
        "min": 3.15713991408e-12,
        "var": 7.09036339686e-06
    },
    "spectral_rolloff": {
        "dmean": 685.760681152,
        "dmean2": 1128.5357666,
        "dvar": 1331052.625,
        "dvar2": 2653689.75,
        "max": 19250.6835938,
        "mean": 1903.7388916,
        "median": 1421.19140625,
        "min": 64.599609375,
        "var": 3620825.25
    },
    "spectral_skewness": {
        "dmean": 0.338130861521,
        "dmean2": 0.530754029751,
        "dvar": 0.115011192858,
        "dvar2": 0.297116100788,
        "max": 5.38040733337,
        "mean": 1.8397154808,
        "median": 1.75804746151,
        "min": -0.0876941531897,
        "var": 0.424126535654
    },
    "spectral_spread": {
        "dmean": 783281.3125,
        "dmean2": 1020040.3125,
        "dvar": 996416159744,
        "dvar2": 1.68995337011e+12,
        "max": 42435352,
        "mean": 4695764,
        "median": 4066260,
        "min": 1284736,
        "var": 7.86135724851e+12
    },
    "spectral_strongpeak": {
        "dmean": 0.708628177643,
        "dmean2": 1.19699001312,
        "dvar": 1.09280395508,
        "dvar2": 2.82366490364,
        "max": 12.2007722855,
        "mean": 1.3112180233,
        "median": 0.930126011372,
        "min": 0,
        "var": 1.56551349163
    },
    "zerocrossingrate": {
        "dmean": 0.0140302367508,
        "dmean2": 0.0151492124423,
        "dvar": 0.000283224711893,
        "dvar2": 0.000323762418702,
        "max": 0.51904296875,
        "mean": 0.0707378387451,
        "median": 0.06103515625,
        "min": 0.00244140625,
        "var": 0.00223775347695
    },
    "barkbands": {
        "dmean": [0.000151826214278, 0.004944561515, 0.00202227989212, 0.002118794946, 0.0021173437126, 0.00206886907108, 0.0010605705902, 0.00112462998368, 0.000829438096844, 0.000729853578378, 0.000656062155031, 0.000368605105905, 0.000270902644843, 0.00014014680346, 0.000380552053684, 0.000239673259784, 0.000198101406568, 0.000140892603667, 8.56185797602e-05, 0.000184700984391, 9.1279456683e-05, 0.000187522324268, 0.000134299174533, 0.000163450240507, 8.35980463307e-05, 5.28502641828e-05, 9.08023230295e-06],
        "dmean2": [0.000237653744989, 0.00744968699291, 0.00359750189818, 0.00393586605787, 0.00373520539142, 0.00374605483375, 0.00167769775726, 0.00175956590101, 0.00129172462039, 0.00127019034699, 0.00102896429598, 0.00058342696866, 0.00043287180597, 0.000218999382923, 0.000607919122558, 0.000383760401746, 0.000308958784444, 0.00022408735822, 0.000136540285894, 0.000315384677378, 0.000145715501276, 0.000290667754598, 0.000195750486455, 0.000234126186115, 0.000123941645143, 8.33960439195e-05, 1.4162129446e-05],
        "dvar": [2.45425638923e-07, 0.000328809634084, 9.77406671154e-05, 0.000107118808955, 6.00411221967e-05, 9.99445983325e-05, 1.80785245902e-05, 7.67507481214e-06, 5.80849064136e-06, 2.32167676586e-05, 1.58933528382e-06, 5.74917237373e-07, 2.62521666627e-07, 8.58045012819e-08, 9.94513015939e-07, 2.00234495651e-07, 1.717221636e-07, 6.87368242325e-08, 4.20756407493e-08, 1.73590677832e-07, 5.36328208511e-08, 4.21895549607e-07, 1.98657843953e-07, 1.97929907131e-07, 5.78179530919e-08, 4.56245992098e-08, 5.72187075498e-10],
        "dvar2": [6.31589330169e-07, 0.000782455084845, 0.000271204480669, 0.000310034956783, 0.000166669415194, 0.000287989736535, 5.00685746374e-05, 2.0446443159e-05, 1.54251865752e-05, 6.69270812068e-05, 3.91970706914e-06, 1.37305073622e-06, 6.5635373403e-07, 1.98902625925e-07, 2.69318798019e-06, 4.74910734738e-07, 3.82729382409e-07, 1.67671501572e-07, 1.05139797313e-07, 4.89998399189e-07, 1.40260425496e-07, 1.0474661849e-06, 4.81947665776e-07, 4.19767729909e-07, 1.48523426446e-07, 1.25532778839e-07, 1.46599110629e-09],
        "max": [0.00606323685497, 0.239500820637, 0.162558883429, 0.158450081944, 0.104346744716, 0.170666247606, 0.0861549079418, 0.0488204285502, 0.0583125352859, 0.151482895017, 0.0251843389124, 0.0120030259714, 0.0113808438182, 0.00597731862217, 0.0190848074853, 0.00972755812109, 0.0083166975528, 0.00321388244629, 0.0040672714822, 0.00708008697256, 0.00511589087546, 0.00843958836049, 0.00884949788451, 0.00471935234964, 0.00520795071498, 0.00504279928282, 0.000414451089455],
        "mean": [0.000313435739372, 0.00849791429937, 0.00173346139491, 0.00138593802694, 0.0022528283298, 0.0021163483616, 0.00149867485743, 0.00183119985741, 0.00117464503273, 0.000816282001324, 0.000995808746666, 0.000666502921376, 0.000453677028418, 0.000250924291322, 0.0005717293825, 0.000331492192345, 0.0003087054356, 0.000217352368054, 0.000135943249916, 0.000231678292039, 0.000116184251965, 0.000187527941307, 0.000159186864039, 0.000192721447092, 0.000102938938653, 5.51443190488e-05, 1.03457732621e-05],
        "median": [6.52065718896e-05, 0.000460254115751, 1.90125083463e-05, 8.64953472046e-06, 0.000180695205927, 0.000284537672997, 0.000520557980053, 0.000517267442774, 0.000346150773112, 0.000120061842608, 0.000399987475248, 0.000130280066514, 0.000170363055076, 5.81123167649e-05, 0.000184840188012, 0.000129295251099, 9.73348141997e-05, 6.50077563478e-05, 3.7343816075e-05, 6.20534701739e-05, 2.55398026638e-05, 2.03284271265e-05, 1.48054668898e-05, 1.84600994544e-05, 9.03897944227e-06, 4.02477508032e-06, 6.9539390779e-07],
        "min": [2.03714493531e-24, 7.98807021286e-24, 3.29602317014e-24, 2.2082727287e-24, 9.86019175769e-24, 7.94271859942e-24, 1.16783347062e-23, 1.05441302182e-23, 1.60822737719e-23, 2.55077195516e-23, 1.41837443194e-23, 4.09966657931e-23, 4.97305424607e-23, 2.65119994373e-23, 7.97607353176e-23, 6.41844369303e-23, 6.09890453932e-23, 1.18335913676e-22, 8.21468502293e-23, 1.60095824483e-22, 2.40990317005e-22, 3.08431462052e-22, 3.83500753214e-22, 6.47153718739e-22, 9.51602935212e-22, 1.3965300783e-21, 2.10454336827e-21],
        "var": [4.75379835052e-07, 0.000556529441383, 7.02339457348e-05, 6.12303847447e-05, 4.96100146847e-05, 6.39963109279e-05, 1.44729410749e-05, 1.17957115435e-05, 6.34693878965e-06, 1.51047834152e-05, 2.83567624138e-06, 1.82139513072e-06, 5.75785065848e-07, 2.75719514775e-07, 1.15742375328e-06, 3.12972332495e-07, 2.86243846404e-07, 1.19281352795e-07, 6.05597136882e-08, 2.06996347174e-07, 6.71079476433e-08, 4.10565490938e-07, 2.3433277363e-07, 2.77762495671e-07, 6.34763566154e-08, 3.32002798586e-08, 5.3606247219e-10]
    },
    "erbbands": {
        "dmean": [0.169046461582, 1.05623328686, 2.0063085556, 5.74324846268, 5.53225517273, 6.95166730881, 15.1805286407, 17.1199378967, 15.3353672028, 18.94688797, 22.30260849, 17.6110782623, 17.6225566864, 27.628320694, 20.5716934204, 14.8498830795, 13.2599344254, 7.87548828125, 11.8589248657, 16.2766513824, 9.58477210999, 12.1815338135, 8.0782365799, 5.54231357574, 6.63773775101, 6.67611455917, 3.16380095482, 4.49630498886, 6.06028366089, 5.47035932541, 4.18891620636, 4.12790775299, 2.09844446182, 1.02489089966, 0.565901696682, 0.265769004822, 0.0934827402234, 0.0139530245215, 0.00156784558203, 7.97267421149e-05],
        "dmean2": [0.233472332358, 1.67814493179, 3.56800985336, 10.5804862976, 10.062918663, 12.3015460968, 26.4104270935, 31.3010005951, 25.8022823334, 28.4947662354, 35.3925819397, 27.9834861755, 30.1039962769, 47.3291168213, 32.020526886, 23.6556358337, 21.382566452, 12.5400485992, 19.0733165741, 25.7754898071, 15.3823633194, 18.9795265198, 12.8210115433, 8.80802440643, 11.0475406647, 11.4694766998, 5.12684011459, 7.12444257736, 9.28053951263, 8.18518638611, 6.07716989517, 5.88486051559, 3.06556630135, 1.51463794708, 0.849608302116, 0.407088756561, 0.153040587902, 0.0219510812312, 0.00242034462281, 0.000124149184558],
        "dvar": [0.37935218215, 15.6949462891, 93.4913787842, 787.275878906, 504.911071777, 689.908630371, 3996.5534668, 8542.66210938, 6102.01074219, 2483.66894531, 3598.07373047, 2767.83422852, 8455.36914062, 19927.953125, 1933.34533691, 1022.89501953, 589.039855957, 210.282440186, 970.70513916, 1041.52270508, 319.495727539, 745.97076416, 211.004455566, 164.091461182, 203.27961731, 310.6065979, 48.1691436768, 151.478057861, 371.031463623, 364.622619629, 227.954879761, 137.805923462, 29.4132823944, 7.76316928864, 3.08286237717, 0.838963031769, 0.194514274597, 0.00220031710342, 1.69662562257e-05, 3.23662163737e-08],
        "dvar2": [0.83359348774, 39.7182998657, 261.603820801, 2254.24804688, 1431.78857422, 1948.7713623, 10777.2050781, 24837.8027344, 16805.4296875, 6847.63378906, 9463.70703125, 7544.33349609, 24343.1894531, 57359.5820312, 4758.171875, 2473.75463867, 1496.59936523, 509.738067627, 2701.51806641, 2735.52026367, 778.07623291, 1660.59204102, 505.665405273, 427.339813232, 539.516784668, 896.879089355, 128.791259766, 397.459411621, 909.182739258, 885.465759277, 580.819641113, 300.688934326, 63.5799293518, 18.5616016388, 8.06502819061, 2.22374463081, 0.552668452263, 0.00595695991069, 4.258169065e-05, 8.19736811764e-08],
        "max": [7.47706985474, 53.07056427, 152.071105957, 409.366149902, 325.980560303, 311.486938477, 989.27166748, 1663.30383301, 1528.30737305, 1101.13989258, 1199.65637207, 1300.14611816, 3035.40136719, 4110.83496094, 962.486938477, 611.751647949, 529.14831543, 313.86050415, 582.124206543, 713.092895508, 408.517913818, 582.26965332, 199.529037476, 225.728424072, 244.652984619, 354.855926514, 116.070510864, 265.577941895, 277.27331543, 276.692474365, 309.775787354, 140.754852295, 64.7556228638, 50.7311286926, 42.5456314087, 20.3914470673, 10.9499130249, 0.932921290398, 0.0733815506101, 0.00274104927666],
        "mean": [0.335801959038, 1.55347108841, 1.86629152298, 3.96320223808, 4.38212823868, 7.26621437073, 17.4986782074, 17.2245254517, 18.0090503693, 35.0409660339, 36.072681427, 24.653963089, 22.4490795135, 32.0705223083, 34.9576797485, 28.1320800781, 23.7407951355, 15.5293207169, 19.4785614014, 26.1637630463, 15.2240333557, 18.8544654846, 12.9994955063, 9.70320987701, 9.42904567719, 8.38164138794, 4.38075351715, 5.38929748535, 6.31917905807, 5.74425888062, 4.78599739075, 4.77489805222, 2.55357956886, 1.26242947578, 0.694974064827, 0.301585137844, 0.0870973244309, 0.0144418030977, 0.00186903006397, 0.000110017899715],
        "median": [0.0107888095081, 0.115634523332, 0.0822705030441, 0.0439169406891, 0.14463467896, 0.702134490013, 1.61137759686, 2.78939080238, 5.44250583649, 13.9267864227, 9.59710121155, 8.71731090546, 5.34518146515, 9.80543327332, 11.0137481689, 6.46474409103, 9.63007259369, 5.63196849823, 8.70684051514, 13.4659729004, 7.8159570694, 6.87427520752, 5.24297094345, 3.02033996582, 3.08688473701, 2.24998164177, 1.04390823841, 1.20032715797, 0.807104051113, 0.458602845669, 0.453650683165, 0.407478153706, 0.259059101343, 0.106173835695, 0.0604639276862, 0.0230146124959, 0.00606030970812, 0.00118838704657, 0.000119579715829, 2.94748770102e-05],
        "min": [1.82129668821e-22, 1.1692884583e-21, 4.11967610559e-21, 9.50075417771e-21, 2.63985451338e-20, 3.88516846323e-20, 7.16387782814e-20, 9.7441010204e-20, 2.29467139753e-19, 2.51300649569e-19, 3.03806895378e-19, 4.85812582932e-19, 5.66295291979e-19, 1.02599605772e-18, 9.10040018296e-19, 1.86555884026e-18, 2.48062904385e-18, 2.14291601517e-18, 4.4073796039e-18, 3.61021034474e-18, 4.19327134697e-18, 4.11739117425e-18, 7.48900458002e-18, 5.7667330674e-18, 6.74567319821e-18, 7.58985113158e-18, 1.13997374995e-17, 9.00399827962e-18, 1.24591920824e-17, 1.32013616891e-17, 1.10733262395e-17, 1.20647923664e-17, 1.08233481225e-17, 9.81022309854e-18, 7.17045484459e-18, 4.36163568885e-18, 2.65148071783e-18, 1.13416202033e-18, 2.6148836109e-19, 3.13631571545e-20],
        "var": [0.853585422039, 20.2986564636, 66.6062393188, 471.612213135, 353.067016602, 512.117431641, 3860.56445312, 5253.68115234, 4268.71386719, 3652.44897461, 4811.83398438, 2612.2199707, 6190.39892578, 13110.6074219, 4859.19677734, 3174.74536133, 1395.86120605, 692.861328125, 1042.95898438, 1470.58398438, 486.414459229, 1150.3425293, 367.77734375, 286.293945312, 267.695709229, 350.835083008, 71.1592559814, 165.704879761, 388.4637146, 381.894348145, 236.333984375, 183.962844849, 44.0628204346, 9.87407588959, 3.02997112274, 0.7127815485, 0.122924104333, 0.00167437526397, 1.68485803442e-05, 3.3662342247e-08]
    },
    "gfcc": {
        "mean": [-45.154964447, 68.8747406006, -141.052093506, 1.60504281521, -61.5431404114, 5.45274162292, -33.2462844849, 13.1810684204, -5.4905128479, 10.8389129639, -3.86937665939, 8.04686641693, -3.80871391296],
        "cov": [[13407.9550781, -451.408813477, 2358.93579102, 1217.58581543, -13.1212749481, 850.430358887, -566.144287109, 75.3677139282, -744.598266602, 91.4273529053, -423.366241455, -90.4700622559, -437.34588623], [-451.408813477, 2750.25976562, 48.4998512268, 279.562896729, 658.458129883, -117.769493103, 94.2981109619, -404.065002441, 222.994247437, -193.599441528, 204.363693237, -91.4832000732, -102.118431091], [2358.93579102, 48.4998512268, 2855.3215332, 774.136962891, 550.608703613, 667.431640625, -200.344467163, -50.9285697937, -308.73034668, 25.9476413727, -342.600616455, -47.631023407, -251.187927246], [1217.58581543, 279.562896729, 774.136962891, 738.733032227, 385.494781494, 373.829650879, 129.022018433, 130.870300293, -26.6098575592, 5.19234752655, -27.5043430328, -95.1191558838, -109.553764343], [-13.1212749481, 658.458129883, 550.608703613, 385.494781494, 611.660217285, 251.365447998, 180.328140259, 69.6984939575, 34.2690963745, 6.11249351501, -5.21703958511, -54.916015625, -94.4149017334], [850.430358887, -117.769493103, 667.431640625, 373.829650879, 251.365447998, 492.831054688, 165.106307983, 207.109268188, -9.76625823975, 45.6667861938, -57.1961555481, -48.5003356934, -70.4394302368], [-566.144287109, 94.2981109619, -200.344467163, 129.022018433, 180.328140259, 165.106307983, 423.145263672, 275.928619385, 113.179321289, 64.1591262817, 45.0262565613, -35.5152893066, 23.6472263336], [75.3677139282, -404.065002441, -50.9285697937, 130.870300293, 69.6984939575, 207.109268188, 275.928619385, 451.156219482, 77.5324554443, 111.528923035, 12.3049516678, -37.7492828369, 23.695640564], [-744.598266602, 222.994247437, -308.73034668, -26.6098575592, 34.2690963745, -9.76625823975, 113.179321289, 77.5324554443, 292.920562744, 67.0977325439, 134.066970825, 15.4669628143, -2.73890256882], [91.4273529053, -193.599441528, 25.9476413727, 5.19234752655, 6.11249351501, 45.6667861938, 64.1591262817, 111.528923035, 67.0977325439, 184.177154541, 57.5296783447, 35.6267547607, 17.5807342529], [-423.366241455, 204.363693237, -342.600616455, -27.5043430328, -5.21703958511, -57.1961555481, 45.0262565613, 12.3049516678, 134.066970825, 57.5296783447, 232.501541138, 56.3370475769, 14.471496582], [-90.4700622559, -91.4832000732, -47.631023407, -95.1191558838, -54.916015625, -48.5003356934, -35.5152893066, -37.7492828369, 15.4669628143, 35.6267547607, 56.3370475769, 153.806411743, 48.8048667908], [-437.34588623, -102.118431091, -251.187927246, -109.553764343, -94.4149017334, -70.4394302368, 23.6472263336, 23.695640564, -2.73890256882, 17.5807342529, 14.471496582, 48.8048667908, 182.893478394]],
        "icov": [[0.00017684303748, -0.000212811486563, 0.000120654600323, -0.000325706496369, 0.000395142938942, -0.000369198329281, 0.000466787460027, -0.000319007522194, 0.000519324152265, -0.000490227190312, 0.00037126429379, -0.000345180596923, 0.000435067486251], [-0.000212811486563, 0.00138343602885, -0.000332920084475, 0.000305154855596, -0.00164545525331, 0.00110268266872, -0.00121538189705, 0.00168040290009, -0.00141487037763, 0.00161109806504, -0.00151527987327, 0.00128335948102, -0.000894831377082], [0.000120654600323, -0.000332920084475, 0.00131838198286, -0.000764144060668, -0.000120056363812, -0.00148167437874, 0.00144660717342, -0.000141991375131, 0.000902286206838, -0.00137240497861, 0.00175648718141, -0.00112324219663, 0.000960504810791], [-0.000325706496369, 0.000305154855596, -0.000764144060668, 0.00375872245058, -0.00151274038944, -0.000453245156677, -0.000960004690569, 0.000189504382433, -0.000581372354645, 0.00138622953091, -0.00193471333478, 0.00190680369269, -0.000760075985454], [0.000395142938942, -0.00164545525331, -0.000120056363812, -0.00151274038944, 0.00532457185909, -0.0014234285336, -7.1532514994e-05, -0.00132262357511, 0.00153170153499, -0.00176769448444, 0.00145856791642, -0.00145878258627, 0.00180293852463], [-0.000369198329281, 0.00110268266872, -0.00148167437874, -0.000453245156677, -0.0014234285336, 0.00658129621297, -0.00270606973208, -0.000139502692036, -0.00176573602948, 0.00196285150014, -0.00144776690286, 0.00111588230357, -0.000804094946943], [0.000466787460027, -0.00121538189705, 0.00144660717342, -0.000960004690569, -7.1532514994e-05, -0.00270606973208, 0.00752932345495, -0.0039582438767, 0.00119549385272, -0.0021532853134, 0.00214401469566, -0.00134194316342, 0.000722866214346], [-0.000319007522194, 0.00168040290009, -0.000141991375131, 0.000189504382433, -0.00132262357511, -0.000139502692036, -0.0039582438767, 0.00706879748031, -0.00197012815624, -8.59868814587e-05, -0.00123300228734, 0.00236782897264, -0.00160216016229], [0.000519324152265, -0.00141487037763, 0.000902286206838, -0.000581372354645, 0.00153170153499, -0.00176573602948, 0.00119549385272, -0.00197012815624, 0.00757867470384, -0.0032665762119, -0.000439534895122, -0.00143982982263, 0.00240063574165], [-0.000490227190312, 0.00161109806504, -0.00137240497861, 0.00138622953091, -0.00176769448444, 0.00196285150014, -0.0021532853134, -8.59868814587e-05, -0.0032665762119, 0.0104191591963, -0.00401735957712, 0.000622357416432, -0.0020929062739], [0.00037126429379, -0.00151527987327, 0.00175648718141, -0.00193471333478, 0.00145856791642, -0.00144776690286, 0.00214401469566, -0.00123300228734, -0.000439534895122, -0.00401735957712, 0.0102049363777, -0.00452499371022, 0.00215272256173], [-0.000345180596923, 0.00128335948102, -0.00112324219663, 0.00190680369269, -0.00145878258627, 0.00111588230357, -0.00134194316342, 0.00236782897264, -0.00143982982263, 0.000622357416432, -0.00452499371022, 0.0107857221738, -0.00356740993448], [0.000435067486251, -0.000894831377082, 0.000960504810791, -0.000760075985454, 0.00180293852463, -0.000804094946943, 0.000722866214346, -0.00160216016229, 0.00240063574165, -0.0020929062739, 0.00215272256173, -0.00356740993448, 0.00862618349493]]
    },
    "melbands": {
        "dmean": [0.00145510910079, 0.00114429392852, 0.000967339088675, 0.000417862087488, 0.000485008553369, 0.000379355682526, 0.000234094564803, 0.000222594666411, 0.000182442046935, 0.000107842999569, 9.08608126338e-05, 0.000114725065941, 7.05759957782e-05, 3.46209199051e-05, 4.83263283968e-05, 2.69537649729e-05, 1.40802385431e-05, 1.39208823384e-05, 3.70154193661e-05, 2.07077464438e-05, 8.34232287161e-06, 1.50549967657e-05, 7.40765744922e-06, 6.63881564833e-06, 4.63227797809e-06, 3.38845075021e-06, 7.26966254661e-06, 4.45236537416e-06, 2.25718758884e-06, 2.59676653513e-06, 2.45448541136e-06, 3.01949921777e-06, 4.52320637123e-06, 2.39480186792e-06, 2.41933275902e-06, 2.58824979937e-06, 2.52231575359e-06, 1.6418210862e-06, 1.05345645807e-06, 8.37606819459e-07],
        "dmean2": [0.00211917422712, 0.00194471760187, 0.00176291447133, 0.000757402915042, 0.000843479530886, 0.000692106492352, 0.000385722669307, 0.000334923155606, 0.000286130525637, 0.00017158666742, 0.000155240661115, 0.000197294502868, 0.000111173772893, 5.36375446245e-05, 7.71663762862e-05, 4.36096488556e-05, 2.21741702262e-05, 2.24225568672e-05, 5.88346338191e-05, 3.29251888616e-05, 1.34885067382e-05, 2.34751660173e-05, 1.18108255265e-05, 1.06499883259e-05, 7.36427955417e-06, 5.5384271036e-06, 1.22393194033e-05, 7.76122396928e-06, 3.72720865016e-06, 4.2705191845e-06, 3.9113033381e-06, 4.64139338874e-06, 7.16607837603e-06, 3.48909270542e-06, 3.57030194209e-06, 3.74693763661e-06, 3.6246651689e-06, 2.46503850576e-06, 1.5660406234e-06, 1.2581408555e-06],
        "dvar": [2.8046881198e-05, 2.46360486926e-05, 2.03825584322e-05, 2.30870773521e-06, 4.11959445046e-06, 4.07244169764e-06, 1.23149618503e-06, 3.08486534095e-07, 2.50755419984e-07, 1.04311766336e-07, 2.38759923832e-07, 3.99029318032e-07, 1.97041867267e-08, 4.63305749321e-09, 1.27240635805e-08, 2.93661073236e-09, 8.03100086433e-10, 1.48944545586e-09, 9.05629260473e-09, 1.54002133268e-09, 3.06820374663e-10, 1.25277765939e-09, 1.83388748631e-10, 1.87446766442e-10, 1.32172675582e-10, 4.76480035982e-11, 2.92729618323e-10, 2.1691325125e-10, 3.26137866713e-11, 5.11102479783e-11, 4.77901988816e-11, 7.93325544146e-11, 3.04364089487e-10, 5.67029374843e-11, 9.32758731365e-11, 6.07082648041e-11, 5.01195820957e-11, 1.99032717391e-11, 7.31010477845e-12, 5.49734736899e-12],
        "dvar2": [6.46319822408e-05, 6.7124965426e-05, 5.814817996e-05, 6.54585392112e-06, 1.11870103865e-05, 1.17961508295e-05, 3.39354551215e-06, 8.36934134441e-07, 6.45330658244e-07, 2.85047292437e-07, 6.89506066465e-07, 1.15495345199e-06, 4.96337371203e-08, 1.06236726083e-08, 3.14273762569e-08, 7.22404625009e-09, 1.91952809203e-09, 4.09022593573e-09, 2.38892940985e-08, 3.60921403875e-09, 7.70441321851e-10, 2.7873596764e-09, 4.4163558921e-10, 4.62694688119e-10, 3.43287426263e-10, 1.20730189734e-10, 7.86634257732e-10, 6.37632113776e-10, 9.10014633093e-11, 1.37447622728e-10, 1.22857821139e-10, 1.9522086725e-10, 7.77483410985e-10, 1.27632446278e-10, 2.48754905563e-10, 1.40863543052e-10, 1.08073126837e-10, 4.49259691948e-11, 1.69749578977e-11, 1.32912604534e-11],
        "max": [0.0656441897154, 0.073819860816, 0.0670707374811, 0.0224255993962, 0.0319980941713, 0.0361879058182, 0.0217915792018, 0.0121158035472, 0.0106116374955, 0.00817262288183, 0.016111170873, 0.0185026563704, 0.0026330978144, 0.0014327323297, 0.00188321352471, 0.00143210613169, 0.000720871496014, 0.000778199115302, 0.00180687697139, 0.000929264060687, 0.000421484321123, 0.000740048591979, 0.000309489056235, 0.000220992456889, 0.000214246610994, 0.000110358159873, 0.000302919215756, 0.000334209267749, 0.000119541538879, 0.000157689006301, 0.000137597860885, 0.000145786252688, 0.0002350940631, 0.000108731968794, 0.000211325881537, 9.91547640297e-05, 7.19965537428e-05, 5.66402413824e-05, 5.73495017306e-05, 3.46650849679e-05],
        "mean": [0.00264939246699, 0.00133302831091, 0.000689233653247, 0.000384864659281, 0.000561558990739, 0.000379916658858, 0.000291031145025, 0.000406278355513, 0.000290178286377, 0.000146861406392, 0.000111815345008, 0.000128226165543, 0.000112071924377, 6.69853034196e-05, 8.72376549523e-05, 4.3012045353e-05, 2.64350128418e-05, 2.19526864385e-05, 5.44409522263e-05, 2.90507960017e-05, 1.27786306621e-05, 2.18357326958e-05, 1.18713724078e-05, 1.0192922673e-05, 7.68283189245e-06, 4.96162965646e-06, 8.87533587957e-06, 5.19512605024e-06, 2.83693225356e-06, 3.22821142618e-06, 2.82391579276e-06, 3.19336959365e-06, 4.2628198571e-06, 2.71377757599e-06, 2.6345853712e-06, 3.02134435515e-06, 2.87822672362e-06, 1.90175796888e-06, 1.34688343678e-06, 9.72958446255e-07],
        "median": [0.000121232238598, 9.5994961157e-05, 8.85204826773e-06, 2.98243539874e-05, 6.24509702902e-05, 6.10419301665e-05, 9.20653474168e-05, 0.000153844463057, 6.44731917419e-05, 4.85143245896e-05, 2.24099458137e-05, 3.0630708352e-05, 4.30031286669e-05, 1.92744646483e-05, 9.53290145844e-06, 1.37270499181e-05, 6.85713575876e-06, 8.85127792571e-06, 1.54603767442e-05, 1.10998671516e-05, 5.37438427273e-06, 6.32340652373e-06, 4.73679028801e-06, 2.93937091556e-06, 1.74849094492e-06, 1.51429912876e-06, 2.28248381973e-06, 7.68923712258e-07, 5.64929621305e-07, 5.5146745126e-07, 6.06273090398e-07, 4.5657498049e-07, 2.60452111434e-07, 2.26456435826e-07, 2.37907698875e-07, 2.57249411106e-07, 2.48255730639e-07, 2.02213897182e-07, 1.13103027388e-07, 7.29355846829e-08],
        "min": [2.44420781203e-24, 1.76838811073e-24, 2.414129729e-24, 1.59494954654e-24, 2.99241328748e-24, 2.15616826869e-24, 3.29838817514e-24, 3.12660937429e-24, 2.88575830701e-24, 3.08246097095e-24, 2.48030214275e-24, 4.24728982815e-24, 2.14361019473e-24, 4.64460593395e-24, 3.68692406185e-24, 5.21268873206e-24, 3.43407639236e-24, 5.84231530255e-24, 4.6608473967e-24, 4.14765196266e-24, 3.96433212677e-24, 3.79272726975e-24, 5.83349071003e-24, 6.03394894352e-24, 3.89398348339e-24, 3.5374270317e-24, 6.10680143141e-24, 3.98859946036e-24, 6.12654464771e-24, 6.28479606176e-24, 4.6958495495e-24, 6.5231105468e-24, 6.47639341513e-24, 5.81207747519e-24, 4.86133205703e-24, 6.48137112744e-24, 5.68716292857e-24, 8.05085407459e-24, 6.27754406346e-24, 7.61331789553e-24],
        "var": [5.35825638508e-05, 2.09918380278e-05, 1.2509482076e-05, 1.73110174728e-06, 3.83403767046e-06, 2.50701691584e-06, 8.86829411684e-07, 5.03645253502e-07, 3.5315315472e-07, 9.79187362304e-08, 1.70810452005e-07, 2.54527805055e-07, 3.99282562569e-08, 1.66206284291e-08, 4.11723704019e-08, 6.98144786426e-09, 3.02639779903e-09, 1.77418457703e-09, 1.17381091513e-08, 2.49540210717e-09, 4.57730381376e-10, 1.88550197677e-09, 3.51188716996e-10, 3.29067245675e-10, 2.26746593723e-10, 7.15838846532e-11, 3.42670697373e-10, 2.47859510694e-10, 4.1373449805e-11, 6.61585369821e-11, 4.8492650867e-11, 8.43768457881e-11, 2.73362110725e-10, 7.0227400284e-11, 8.41721553568e-11, 7.72495956092e-11, 6.66405958194e-11, 2.69452654633e-11, 1.0915170677e-11, 6.35868918283e-12]
    },
    "mfcc": {
        "mean": [-687.301879883, 112.906509399, -22.2324619293, -0.468739718199, -7.04325771332, -6.64542007446, -11.7646455765, 2.12117433548, 0.658826112747, 6.8004860878, 2.98981809616, 9.33578205109, 10.2351226807],
        "cov": [[7130.20849609, -798.169677734, 1677.47595215, 447.01763916, 445.11227417, 407.439117432, 413.024932861, 73.8694152832, 19.4281578064, -161.278244019, 11.6434755325, -20.5999546051, -349.023223877], [-798.169677734, 2224.63232422, -133.701034546, 306.819458008, 362.728881836, 254.502456665, -61.5600738525, -35.4358177185, -177.948379517, -102.404457092, 46.891040802, 37.6861343384, 71.935218811], [1677.47595215, -133.701034546, 1937.89538574, 337.193756104, 696.312744141, 539.105102539, 225.832748413, -25.8318557739, 26.7118835449, -192.708908081, 44.344417572, -58.322265625, -169.777359009], [447.01763916, 306.819458008, 337.193756104, 477.336578369, 312.222106934, 220.283569336, 214.563659668, 106.785194397, 62.1020736694, 43.1777877808, 60.9821929932, 28.1810035706, -34.9492607117], [445.11227417, 362.728881836, 696.312744141, 312.222106934, 576.592468262, 337.587127686, 139.416656494, 44.4098014832, -4.87927770615, -68.6002426147, 89.1927032471, 62.8606262207, -43.8858413696], [407.439117432, 254.502456665, 539.105102539, 220.283569336, 337.587127686, 383.131622314, 158.41293335, 63.9412078857, 18.6191215515, -27.5580749512, 35.3918952942, -19.6625404358, -12.0122776031], [413.024932861, -61.5600738525, 225.832748413, 214.563659668, 139.416656494, 158.41293335, 381.498321533, 186.941894531, 181.257171631, 118.14188385, 50.3032341003, -19.558763504, -38.8983383179], [73.8694152832, -35.4358177185, -25.8318557739, 106.785194397, 44.4098014832, 63.9412078857, 186.941894531, 272.27557373, 157.641418457, 142.613952637, 54.1457901001, 22.2348842621, 12.5784769058], [19.4281578064, -177.948379517, 26.7118835449, 62.1020736694, -4.87927770615, 18.6191215515, 181.257171631, 157.641418457, 289.347442627, 160.163269043, 37.759727478, -6.82563114166, -1.56435585022], [-161.278244019, -102.404457092, -192.708908081, 43.1777877808, -68.6002426147, -27.5580749512, 118.14188385, 142.613952637, 160.163269043, 301.075378418, 49.4630355835, 4.66064023972, 67.7959518433], [11.6434755325, 46.891040802, 44.344417572, 60.9821929932, 89.1927032471, 35.3918952942, 50.3032341003, 54.1457901001, 37.759727478, 49.4630355835, 220.890884399, 113.2032547, -21.0759601593], [-20.5999546051, 37.6861343384, -58.322265625, 28.1810035706, 62.8606262207, -19.6625404358, -19.558763504, 22.2348842621, -6.82563114166, 4.66064023972, 113.2032547, 341.41394043, 99.0819549561], [-349.023223877, 71.935218811, -169.777359009, -34.9492607117, -43.8858413696, -12.0122776031, -38.8983383179, 12.5784769058, -1.56435585022, 67.7959518433, -21.0759601593, 99.0819549561, 215.106063843]],
