{
"lowlevel": {
    "average_loudness": 0.925591349602,
    "barkbands_crest": {
        "dmean": 2.33183693886,
        "dmean2": 3.84556674957,
        "dvar": 6.00726795197,
        "dvar2": 16.0756187439,
        "max": 26.025850296,
        "mean": 10.2664546967,
        "median": 9.32526016235,
        "min": 2.75413179398,
        "var": 19.6499977112
    },
    "barkbands_flatness_db": {
        "dmean": 0.0207201745361,
        "dmean2": 0.0328348912299,
        "dvar": 0.000587480433751,
        "dvar2": 0.00136043736711,
        "max": 0.593027114868,
        "mean": 0.20600810647,
        "median": 0.194221556187,
        "min": 0.0562284737825,
        "var": 0.00416717305779
    },
    "barkbands_kurtosis": {
        "dmean": 7.80012702942,
        "dmean2": 13.0536813736,
        "dvar": 2217.15307617,
        "dvar2": 6599.62060547,
        "max": 1815.43518066,
        "mean": 10.2079410553,
        "median": 1.09311175346,
        "min": -1.93681049347,
        "var": 2631.43432617
    },
    "barkbands_skewness": {
        "dmean": 0.653015196323,
        "dmean2": 1.03568685055,
        "dvar": 1.40044820309,
        "dvar2": 3.5789372921,
        "max": 29.7453575134,
        "mean": 1.6787071228,
        "median": 1.15660274029,
        "min": -2.1501967907,
        "var": 4.69910573959
    },
    "barkbands_spread": {
        "dmean": 3.71827816963,
        "dmean2": 5.78457832336,
        "dvar": 29.8307056427,
        "dvar2": 64.826171875,
        "max": 120.313041687,
        "mean": 16.6046848297,
        "median": 15.2627897263,
        "min": 0.115862779319,
        "var": 120.376472473
    },
    "dissonance": {
        "dmean": 0.0213484596461,
        "dmean2": 0.0357730686665,
        "dvar": 0.000420940225013,
        "dvar2": 0.00115407572594,
        "max": 0.5,
        "mean": 0.450026661158,
        "median": 0.458404541016,
        "min": 0.274471879005,
        "var": 0.00121190038044
    },
    "dynamic_complexity": 3.74884104729,
    "erbbands_crest": {
        "dmean": 2.47316217422,
        "dmean2": 3.9137096405,
        "dvar": 5.42081832886,
        "dvar2": 12.9156951904,
        "max": 30.7825393677,
        "mean": 10.202413559,
        "median": 9.22126579285,
        "min": 2.57882332802,
        "var": 18.6174945831
    },
    "erbbands_flatness_db": {
        "dmean": 0.0176876094192,
        "dmean2": 0.0245017949492,
        "dvar": 0.000450412480859,
        "dvar2": 0.000838936655782,
        "max": 0.453363060951,
        "mean": 0.210673242807,
        "median": 0.206540167332,
        "min": 0.0302080344409,
        "var": 0.00328793330118
    },
    "erbbands_kurtosis": {
        "dmean": 0.922757804394,
        "dmean2": 1.43357145786,
        "dvar": 2.59265828133,
        "dvar2": 6.52015972137,
        "max": 51.7309989929,
        "mean": 0.835410237312,
        "median": 0.152803063393,
        "min": -1.844845891,
        "var": 7.11343097687
    },
    "erbbands_skewness": {
        "dmean": 0.331814557314,
        "dmean2": 0.506110966206,
        "dvar": 0.134443938732,
        "dvar2": 0.315149635077,
        "max": 7.09844017029,
        "mean": 0.126358166337,
        "median": -0.0122897643596,
        "min": -2.75031590462,
        "var": 0.828987896442
    },
    "erbbands_spread": {
        "dmean": 6.96324968338,
        "dmean2": 10.7394161224,
        "dvar": 104.392623901,
        "dvar2": 244.678695679,
        "max": 171.790924072,
        "mean": 30.8159675598,
        "median": 25.9668769836,
        "min": 3.10184788704,
        "var": 361.919921875
    },
    "hfc": {
        "dmean": 4.4871711731,
        "dmean2": 6.50516176224,
        "dvar": 47.4660453796,
        "dvar2": 94.5082550049,
        "max": 124.048965454,
        "mean": 18.5314025879,
        "median": 15.6290168762,
        "min": 1.15247488092e-16,
        "var": 231.815093994
    },
    "melbands_crest": {
        "dmean": 2.73022723198,
        "dmean2": 4.35786533356,
        "dvar": 7.91953611374,
        "dvar2": 18.3983860016,
        "max": 33.5181121826,
        "mean": 13.8980379105,
        "median": 13.1910820007,
        "min": 1.72516453266,
        "var": 26.8895130157
    },
    "melbands_flatness_db": {
        "dmean": 0.0244106967002,
        "dmean2": 0.0370117872953,
        "dvar": 0.000883035652805,
        "dvar2": 0.00184708833694,
        "max": 0.731878876686,
        "mean": 0.26072999835,
        "median": 0.246477797627,
        "min": 0.00452473154292,
        "var": 0.00793138705194
    },
    "melbands_kurtosis": {
        "dmean": 10.9484910965,
        "dmean2": 17.6986522675,
        "dvar": 989.357299805,
        "dvar2": 2325.28295898,
        "max": 759.03729248,
        "mean": 20.1869678497,
        "median": 4.4156999588,
        "min": -1.74729335308,
        "var": 2831.17749023
    },
    "melbands_skewness": {
        "dmean": 0.803911685944,
        "dmean2": 1.27105379105,
        "dvar": 1.43982207775,
        "dvar2": 3.57256174088,
        "max": 21.9034099579,
        "mean": 2.61910557747,
        "median": 1.99286031723,
        "min": -1.55512654781,
        "var": 5.35764694214
    },
    "melbands_spread": {
        "dmean": 5.08369588852,
        "dmean2": 7.93908643723,
        "dvar": 54.2814750671,
        "dvar2": 116.851173401,
        "max": 204.688064575,
        "mean": 20.1791477203,
        "median": 18.3272304535,
        "min": 0.170718371868,
        "var": 236.940856934
    },
    "pitch_salience": {
        "dmean": 0.0613935217261,
        "dmean2": 0.0987812578678,
        "dvar": 0.0038242386654,
        "dvar2": 0.00920125003904,
        "max": 0.84204107523,
        "mean": 0.507422149181,
        "median": 0.514749526978,
        "min": 0.0380033291876,
        "var": 0.0122918952256
    },
    "silence_rate_20dB": {
        "dmean": 0,
        "dmean2": 0,
        "dvar": 0,
        "dvar2": 0,
        "max": 1,
        "mean": 1,
        "median": 1,
        "min": 1,
        "var": 0
    },
    "silence_rate_30dB": {
        "dmean": 0.0370149239898,
        "dmean2": 0.0740361660719,
        "dvar": 0.0356473177671,
        "dvar2": 0.0943230316043,
        "max": 1,
        "mean": 0.975439190865,
        "median": 1,
        "min": 0,
        "var": 0.023961501196
    },
    "silence_rate_60dB": {
        "dmean": 0.0138166313991,
        "dmean2": 0.0276356190443,
        "dvar": 0.0136282546446,
        "dvar2": 0.0304535888135,
        "max": 1,
        "mean": 0.0797373354435,
        "median": 0,
        "min": 0,
        "var": 0.0733744725585
    },
    "spectral_centroid": {
        "dmean": 164.800827026,
        "dmean2": 258.003936768,
        "dvar": 52689.7617188,
        "dvar2": 114179.46875,
        "max": 11121.1425781,
        "mean": 1000.79431152,
        "median": 943.092529297,
        "min": 86.9254302979,
        "var": 283429.34375
    },
    "spectral_complexity": {
        "dmean": 2.37543702126,
        "dmean2": 3.72722625732,
        "dvar": 8.71476078033,
        "dvar2": 17.0189037323,
        "max": 51,
        "mean": 16.7219009399,
        "median": 17,
        "min": 0,
        "var": 68.7232818604
    },
    "spectral_decrease": {
        "dmean": 3.41355810285e-09,
        "dmean2": 5.75989345108e-09,
        "dvar": 4.92093617613e-17,
        "dvar2": 1.31799120686e-16,
        "max": 3.87889723685e-29,
        "mean": -8.11067568662e-09,
        "median": -6.44822817364e-09,
        "min": -5.63696929134e-08,
        "var": 5.75529175332e-17
    },
    "spectral_energy": {
        "dmean": 0.0131850568578,
        "dmean2": 0.0221566930413,
        "dvar": 0.000718537019566,
        "dvar2": 0.00191990286112,
        "max": 0.220552787185,
        "mean": 0.0322924479842,
        "median": 0.0259287059307,
        "min": 1.03068925756e-20,
        "var": 0.000865867419634
    },
    "spectral_energyband_high": {
        "dmean": 0.000164488898008,
        "dmean2": 0.000220637113671,
        "dvar": 3.7430945099e-07,
        "dvar2": 8.18531759705e-07,
        "max": 0.0181390512735,
        "mean": 0.000289206393063,
        "median": 7.36189977033e-05,
        "min": 7.27118173284e-21,
        "var": 6.37121161162e-07
    },
    "spectral_energyband_low": {
        "dmean": 0.0089147510007,
        "dmean2": 0.0154658639804,
        "dvar": 0.000552418001462,
        "dvar2": 0.00148629269097,
        "max": 0.207405969501,
        "mean": 0.012184294872,
        "median": 0.00508739706129,
        "min": 1.89430746893e-23,
        "var": 0.00053112040041
    },
    "spectral_energyband_middle_high": {
        "dmean": 0.00166483409703,
        "dmean2": 0.00246050860733,
        "dvar": 4.95726862937e-06,
        "dvar2": 1.06323104774e-05,
        "max": 0.0498581528664,
        "mean": 0.00671354774386,
        "median": 0.00547530781478,
        "min": 1.59779063382e-21,
        "var": 3.83455844712e-05
    },
    "spectral_energyband_middle_low": {
        "dmean": 0.00575748225674,
        "dmean2": 0.00956831220537,
        "dvar": 0.000213616542169,
        "dvar2": 0.000581842788961,
        "max": 0.199868038297,
        "mean": 0.0149406846613,
        "median": 0.011310483329,
        "min": 3.02794350376e-22,
        "var": 0.000249759672442
    },
    "spectral_entropy": {
        "dmean": 0.160154402256,
        "dmean2": 0.229909047484,
        "dvar": 0.0395521596074,
        "dvar2": 0.0800850763917,
        "max": 9.78248119354,
        "mean": 7.03292942047,
        "median": 7.03851652145,
        "min": 4.79407930374,
        "var": 0.249817013741
    },
    "spectral_flux": {
        "dmean": 0.031652957201,
        "dmean2": 0.0510777011514,
        "dvar": 0.00254049384966,
        "dvar2": 0.00585855497047,
        "max": 0.402937322855,
        "mean": 0.0752447620034,
        "median": 0.058724321425,
        "min": 1.01522866502e-10,
        "var": 0.00392796099186
    },
    "spectral_kurtosis": {
        "dmean": 4.26424980164,
        "dmean2": 7.32251024246,
        "dvar": 34.2459182739,
        "dvar2": 100.769638062,
        "max": 69.9858779907,
        "mean": 9.68655490875,
        "median": 7.36135959625,
        "min": -1.27100288868,
        "var": 70.4373474121
    },
    "spectral_rms": {
        "dmean": 0.000937128439546,
        "dmean2": 0.00150303647388,
        "dvar": 2.43191516347e-06,
        "dvar2": 5.98162705501e-06,
        "max": 0.0146687915549,
        "mean": 0.00509042991325,
        "median": 0.00502954237163,
        "min": 3.17104155434e-12,
        "var": 5.59234877073e-06
    },
    "spectral_rolloff": {
        "dmean": 314.178436279,
        "dmean2": 527.368164062,
        "dvar": 442917.5625,
        "dvar2": 915637.125,
        "max": 19250.6835938,
        "mean": 1200.76696777,
        "median": 1033.59375,
        "min": 64.599609375,
        "var": 1723934.5
    },
    "spectral_skewness": {
        "dmean": 0.382050335407,
        "dmean2": 0.637833654881,
        "dvar": 0.188769131899,
        "dvar2": 0.549084365368,
        "max": 6.65513515472,
        "mean": 2.05721569061,
        "median": 2.01882696152,
        "min": -0.00477093923837,
        "var": 0.506102085114
    },
    "spectral_spread": {
        "dmean": 446960.1875,
        "dmean2": 610564,
        "dvar": 472999657472,
        "dvar2": 719593013248,
        "max": 39416160,
        "mean": 3432003.75,
        "median": 3113817.75,
        "min": 886640.8125,
        "var": 3.39877901107e+12
    },
    "spectral_strongpeak": {
        "dmean": 0.489834725857,
        "dmean2": 0.834964454174,
        "dvar": 0.718896687031,
        "dvar2": 1.70209014416,
        "max": 15.3925609589,
        "mean": 1.06380450726,
        "median": 0.619673490524,
        "min": 0,
        "var": 1.47645652294
    },
    "zerocrossingrate": {
        "dmean": 0.0066485372372,
        "dmean2": 0.00767035549507,
        "dvar": 0.000105027691461,
        "dvar2": 0.000102767313365,
        "max": 0.505859375,
        "mean": 0.0437369830906,
        "median": 0.0400390625,
        "min": 0.00244140625,
        "var": 0.00113963452168
    },
    "barkbands": {
        "dmean": [8.84616929397e-06, 0.00618899008259, 0.00233640428632, 0.00204438040964, 0.00333945243619, 0.00052208424313, 0.000697557872627, 0.00051156495465, 0.000646701664664, 0.000557093706448, 0.000562960689422, 0.00031225636485, 0.000494793464895, 0.000257451785728, 0.000457498681499, 0.000214627041714, 0.000260624277871, 0.000190614664461, 9.34815980145e-05, 3.91216453863e-05, 2.95426525554e-05, 3.67466236639e-05, 4.37937924289e-05, 3.06799556711e-05, 2.21171358135e-05, 3.8721987039e-06, 1.20349730182e-09],
        "dmean2": [1.2672644516e-05, 0.0109587926418, 0.00380993471481, 0.00359080499038, 0.00565115176141, 0.000823981303256, 0.00104076426942, 0.000791839847807, 0.000890204973985, 0.000787395809311, 0.000821354915388, 0.000459177797893, 0.000767803459894, 0.000410007021856, 0.00070848246105, 0.000339476478985, 0.000409542641137, 0.000299572246149, 0.000151210566401, 6.09640737821e-05, 4.54620785604e-05, 5.12005208293e-05, 6.20904611424e-05, 4.29985593655e-05, 3.13914206345e-05, 5.42624866284e-06, 2.23515317366e-09],
        "dvar": [4.52606452317e-10, 0.000270271179033, 4.26553961006e-05, 1.60297586262e-05, 0.000137490336783, 1.53609380504e-06, 4.12510189562e-06, 2.65604899141e-06, 2.1734663278e-06, 1.14888644021e-06, 1.33652895329e-06, 5.53393078917e-07, 8.93936942248e-07, 2.74385314469e-07, 7.8981850038e-07, 1.71256360204e-07, 1.93660483205e-07, 2.42684961904e-07, 4.18081711473e-08, 2.07821422293e-08, 3.26997096067e-08, 2.16042330692e-08, 2.31444854393e-08, 1.7050615142e-08, 9.34295840693e-09, 1.51106280266e-10, 3.75934976842e-18],
        "dvar2": [9.3864194195e-10, 0.000754879030865, 0.000106519815745, 4.61486015411e-05, 0.000379623292247, 3.5715274862e-06, 9.20196089282e-06, 6.56834708934e-06, 3.98311112804e-06, 2.16940406972e-06, 2.83973918158e-06, 1.17067486372e-06, 2.10657435673e-06, 6.69506221129e-07, 1.7994366317e-06, 3.98415778591e-07, 4.77388311992e-07, 5.61837623536e-07, 1.01115148254e-07, 5.44327605212e-08, 9.13015227866e-08, 5.12359079607e-08, 4.49294041971e-08, 3.19512416525e-08, 1.77463252982e-08, 3.02261160545e-10, 1.16465566138e-17],
        "max": [0.000301887892419, 0.148688673973, 0.0725872218609, 0.0446060299873, 0.147519618273, 0.0313814580441, 0.0641068965197, 0.0416770838201, 0.0441646613181, 0.0293421428651, 0.0283949878067, 0.0182348322123, 0.017492396757, 0.0165571440011, 0.0231690201908, 0.0131018450484, 0.0106620518491, 0.0187220741063, 0.00556147657335, 0.00530565576628, 0.00753901759163, 0.00482692522928, 0.0053139263764, 0.00483594695106, 0.00364907784387, 0.000564191082958, 5.04976185312e-08],
        "mean": [1.68005899468e-05, 0.0071986913681, 0.00336863985285, 0.00334247504361, 0.00550333410501, 0.00107758759987, 0.00170189340133, 0.000971060770098, 0.00180922134314, 0.00119457568508, 0.00114618893713, 0.000641817227006, 0.00100389914587, 0.000474143802421, 0.000994438189082, 0.000440410920419, 0.0005468854215, 0.000369335670257, 0.000163950928254, 6.08537229709e-05, 4.41314550699e-05, 5.41088265891e-05, 7.7162454545e-05, 5.04516065121e-05, 3.49085785274e-05, 5.4756260397e-06, 9.45155953502e-10],
        "median": [3.06027095576e-06, 0.0019571823068, 0.00116700353101, 0.0018648293335, 0.00272863451391, 0.000360300007742, 0.000395278679207, 0.000194308871869, 0.000459892151412, 0.00038124594721, 0.000295953010209, 0.000204587355256, 0.000350954302121, 0.000206703814911, 0.000392346817534, 0.000210693106055, 0.000277558108792, 0.000131963839522, 5.08919547428e-05, 1.66699919646e-05, 1.14120175567e-05, 8.11472727946e-06, 9.55359610089e-06, 5.74736804992e-06, 3.43595070262e-06, 3.59833222774e-07, 3.22665894004e-10],
        "min": [4.89503180047e-24, 8.33355105744e-24, 6.72111700059e-24, 3.90941715257e-24, 1.03496821582e-22, 8.31132490144e-23, 1.51134184739e-23, 3.35092871745e-23, 5.77276545973e-23, 9.05867531474e-23, 1.09613068439e-22, 1.71572551585e-22, 9.57588155428e-23, 1.13625984932e-22, 1.24286323039e-22, 1.06161316041e-22, 2.48100415007e-22, 1.81807321322e-22, 2.71847627365e-22, 2.67542617768e-22, 4.01219806079e-22, 5.89729037217e-22, 5.19565602605e-22, 7.67947230747e-22, 1.0069800115e-21, 1.70461264927e-21, 2.33174055964e-21],
        "var": [8.40755964848e-10, 0.000239672182943, 4.64940130769e-05, 1.91696890397e-05, 0.000110794899228, 4.15287149735e-06, 1.38916948345e-05, 5.34035143573e-06, 1.26621389427e-05, 4.69513088319e-06, 4.52357699032e-06, 1.78489472091e-06, 2.48952187576e-06, 6.01778140208e-07, 2.79795040115e-06, 5.05413311203e-07, 5.43989756352e-07, 6.34430591617e-07, 9.49836618247e-08, 2.28999450513e-08, 2.41494362285e-08, 2.53907721515e-08, 5.3268816913e-08, 3.98614723451e-08, 2.24400036331e-08, 3.17319087673e-10, 2.78945444401e-18]
    },
    "erbbands": {
        "dmean": [0.0871342793107, 1.66044771671, 3.1140191555, 4.92421865463, 11.2298583984, 10.4394617081, 4.05842638016, 4.04869842529, 8.13918685913, 12.5597677231, 10.4019193649, 13.9771852493, 17.3490867615, 15.5449132919, 21.2839717865, 14.4854793549, 24.1733455658, 14.4564228058, 21.4178981781, 17.4540119171, 10.6510925293, 11.5683612823, 11.209728241, 5.33395433426, 3.99627566338, 2.00878858566, 1.24029707909, 1.2022190094, 1.20725607872, 1.39640498161, 1.20033872128, 0.671620249748, 0.56916821003, 0.336348414421, 0.102270059288, 0.0259451046586, 0.00638065021485, 0.000214196261368, 1.15735720101e-05, 1.49394809341e-05],
        "dmean2": [0.153110563755, 2.9436981678, 5.05816507339, 8.63216972351, 19.3420963287, 17.3995361328, 6.40002727509, 6.4202132225, 11.9039106369, 19.2096424103, 15.9406576157, 19.3617839813, 23.7882385254, 22.7774753571, 30.7676315308, 21.3913555145, 37.4888038635, 22.6707363129, 33.1633987427, 27.0809288025, 16.5220108032, 17.9872627258, 17.4839172363, 8.49569511414, 6.48718833923, 3.13600611687, 1.91480612755, 1.86250448227, 1.64671325684, 2.030616045, 1.68807077408, 0.946056425571, 0.79355931282, 0.47358199954, 0.146949395537, 0.0371592417359, 0.00889570266008, 0.000297348480672, 1.67383259395e-05, 2.46149775194e-05],
        "dvar": [0.0513373501599, 19.5125579834, 72.633644104, 114.649299622, 1269.48022461, 1331.22058105, 94.5877380371, 112.327331543, 541.183044434, 1639.05700684, 1311.46166992, 1161.82922363, 1463.76086426, 863.516052246, 1887.14440918, 1118.50939941, 2194.21191406, 830.56237793, 1988.03088379, 1241.67529297, 421.124725342, 380.91619873, 687.037231445, 152.324203491, 81.1845932007, 45.707824707, 60.2858886719, 70.775642395, 24.3901786804, 18.955696106, 18.7096767426, 7.1145734787, 6.29654312134, 2.00631332397, 0.236814066768, 0.00948126614094, 0.00033126497874, 3.61545659189e-07, 5.4722709697e-10, 8.58781767921e-10],
        "dvar2": [0.145787358284, 54.2719421387, 175.061706543, 320.76852417, 3601.08911133, 3520.30834961, 212.723236084, 269.530456543, 1093.91601562, 3982.21606445, 3137.70239258, 2264.0144043, 2612.78979492, 1772.69970703, 3752.95507812, 2415.078125, 5138.80957031, 2003.69348145, 4467.94775391, 2820.78198242, 923.831604004, 921.665405273, 1598.06835938, 354.972106934, 199.640548706, 115.961029053, 168.731338501, 200.030960083, 55.4136390686, 40.4171829224, 34.3838272095, 13.394903183, 12.1682262421, 3.62345910072, 0.454151451588, 0.0183138623834, 0.000664078455884, 7.2704330023e-07, 1.05538067174e-09, 2.26375718171e-09],
        "max": [2.47786283493, 38.6556129456, 76.1177139282, 127.190536499, 513.97869873, 557.171142578, 169.251602173, 370.069458008, 810.221801758, 1062.33410645, 1216.63500977, 1101.56921387, 1246.4909668, 648.983886719, 1123.26623535, 776.556335449, 901.756225586, 910.082641602, 1447.12097168, 904.78704834, 871.120727539, 519.599121094, 1058.38146973, 377.495788574, 276.281219482, 224.046310425, 325.981384277, 358.118438721, 157.968460083, 104.98589325, 151.323348999, 95.3881607056, 84.0994110107, 47.5456123352, 18.3596973419, 5.06033420563, 0.447831988335, 0.0130845522508, 0.000620745471679, 0.000250941026025],
        "mean": [0.116776928306, 1.89025294781, 4.27644586563, 8.08674812317, 18.8456096649, 16.5379543304, 7.90130710602, 8.67002773285, 20.7809391022, 27.2875747681, 22.8370265961, 40.4764213562, 42.6638145447, 34.5802383423, 47.052734375, 32.5123329163, 50.8763961792, 30.3355731964, 43.9813079834, 39.2401924133, 25.2852840424, 26.5108680725, 23.1833724976, 11.2127485275, 6.60269260406, 3.24447369576, 1.96919536591, 1.62069702148, 1.77672326565, 2.3031463623, 2.12967801094, 1.15366542339, 0.879448413849, 0.534470021725, 0.15908113122, 0.0383072495461, 0.00888615474105, 0.000306102621835, 2.66106017079e-05, 3.84017839679e-05],
        "median": [0.0365344062448, 0.473686397076, 1.34215569496, 4.92789554596, 9.27633857727, 7.29150867462, 3.61480236053, 3.0728354454, 5.23752450943, 5.80831098557, 6.34173870087, 11.2257680893, 15.2290678024, 15.0622825623, 16.1021690369, 14.2655525208, 19.1409397125, 15.2170581818, 18.1074943542, 18.3994445801, 12.9736461639, 13.8765230179, 10.5107955933, 4.18393516541, 1.94099903107, 0.902919113636, 0.556866466999, 0.345994859934, 0.275148361921, 0.312386214733, 0.246897518635, 0.150741934776, 0.0901148989797, 0.05060967803, 0.0169924013317, 0.00359236216173, 0.000419782882091, 1.9816799977e-05, 1.68501246662e-05, 3.14348362735e-05],
        "min": [3.26951467483e-22, 1.51846863769e-21, 7.95784988559e-21, 1.25228003845e-20, 1.60382333311e-19, 4.09850157438e-19, 3.62992934827e-19, 7.65475575495e-19, 4.53998751284e-19, 2.54949033058e-19, 1.18236348898e-18, 1.27909502379e-18, 1.24459249326e-18, 3.82244296964e-18, 4.87893004211e-18, 8.46035284718e-18, 4.48615201364e-18, 4.3847367754e-18, 7.35199038336e-18, 6.83286051632e-18, 6.77469979309e-18, 1.31954473477e-17, 1.1303447886e-17, 1.40191265047e-17, 1.06827017758e-17, 1.11772507302e-17, 1.73161377318e-17, 1.88615112938e-17, 1.92245393579e-17, 1.6676057102e-17, 1.67611607522e-17, 1.63953037303e-17, 1.24513024338e-17, 9.90786432522e-18, 7.60439131239e-18, 5.74768433866e-18, 3.0858028586e-18, 1.35859183694e-18, 3.18318047316e-19, 3.672126804e-20],
        "var": [0.0459115132689, 17.5026550293, 85.1882247925, 114.055084229, 1066.89013672, 1208.83007812, 183.091873169, 285.322387695, 2312.43212891, 4463.70019531, 2528.11157227, 6475.71679688, 7097.75732422, 2944.72729492, 7005.98242188, 3552.67675781, 6203.7421875, 2158.62988281, 6077.08203125, 4357.17431641, 1585.6628418, 1194.70715332, 1806.43969727, 424.059570312, 164.090103149, 61.1227149963, 44.5764961243, 47.5712661743, 30.0469226837, 34.5825805664, 45.8953819275, 16.5242271423, 13.9049091339, 4.99648237228, 0.561564922333, 0.0206138882786, 0.000736718182452, 8.47827777761e-07, 1.32965127797e-09, 1.12583953271e-09]
    },
    "gfcc": {
        "mean": [-50.9827003479, 142.997894287, -133.581802368, 28.0433044434, -40.0489387512, 16.8626041412, -37.6548690796, 4.59878969193, -17.7311725616, -14.8903398514, -11.7136211395, -9.95354175568, -7.97717189789],
        "cov": [[13490.0322266, -1479.93591309, -1116.79650879, 61.8791007996, -1395.29309082, 662.872253418, -1271.58874512, 283.340667725, -115.232887268, 62.981967926, -277.921569824, -9.17038822174, -117.12336731], [-1479.93591309, 2288.04272461, -662.294128418, -413.155731201, 868.736572266, -553.578186035, 603.067138672, -249.859832764, 231.909317017, -283.244812012, 215.177444458, -147.117599487, 134.806655884], [-1116.79650879, -662.294128418, 1448.32324219, 500.927001953, -143.637710571, 320.303375244, -134.711730957, 125.910003662, -74.5818405151, 180.150878906, -54.7864341736, 68.7314376831, -77.7122650146], [61.8791007996, -413.155731201, 500.927001953, 592.924072266, -27.7371063232, 62.7092971802, -26.6138534546, 47.7413864136, -14.2842721939, 116.735244751, -0.160081923008, -10.6082677841, 2.7680478096], [-1395.29309082, 868.736572266, -143.637710571, -27.7371063232, 868.264221191, -242.363052368, 383.389068604, 21.3361186981, 44.9415397644, -22.3862342834, 78.4875717163, -0.793165385723, 50.6371803284], [662.872253418, -553.578186035, 320.303375244, 62.7092971802, -242.363052368, 427.377685547, -138.43637085, 116.039474487, -41.0650367737, 32.5109329224, -55.727771759, 28.9910163879, -54.4760932922], [-1271.58874512, 603.067138672, -134.711730957, -26.6138534546, 383.389068604, -138.43637085, 492.233520508, -27.9503917694, 26.0952644348, -50.4023933411, 61.8834686279, -9.49768447876, 30.8713760376], [283.340667725, -249.859832764, 125.910003662, 47.7413864136, 21.3361186981, 116.039474487, -27.9503917694, 203.304031372, 16.3744487762, 70.5803070068, -18.7702083588, 33.0791969299, -27.9125823975], [-115.232887268, 231.909317017, -74.5818405151, -14.2842721939, 44.9415397644, -41.0650367737, 26.0952644348, 16.3744487762, 168.958724976, -7.25815629959, 42.8776741028, -42.9169235229, 13.8010644913], [62.981967926, -283.244812012, 180.150878906, 116.735244751, -22.3862342834, 32.5109329224, -50.4023933411, 70.5803070068, -7.25815629959, 157.989044189, -7.10017108917, 27.8758659363, -26.0711269379], [-277.921569824, 215.177444458, -54.7864341736, -0.160081923008, 78.4875717163, -55.727771759, 61.8834686279, -18.7702083588, 42.8776741028, -7.10017108917, 101.124351501, -4.98380374908, 13.4845085144], [-9.17038822174, -147.117599487, 68.7314376831, -10.6082677841, -0.793165385723, 28.9910163879, -9.49768447876, 33.0791969299, -42.9169235229, 27.8758659363, -4.98380374908, 105.266845703, 1.54211115837], [-117.12336731, 134.806655884, -77.7122650146, 2.7680478096, 50.6371803284, -54.4760932922, 30.8713760376, -27.9125823975, 13.8010644913, -26.0711269379, 13.4845085144, 1.54211115837, 76.3273925781]],
        "icov": [[0.000250802055234, -0.000632845563814, 0.000630656606518, -0.000739475246519, 0.000493784784339, -0.000597883772571, 0.000757929228712, -0.000603560823947, 0.000530524237547, -0.000461827323306, 0.000733946275432, -0.000556707498617, 0.000517811102327], [-0.000632845563814, 0.00440636230633, -0.002145514125, 0.00347369839437, -0.00288695492782, 0.00272768712603, -0.00299543142319, 0.0029294998385, -0.00326203252189, 0.00343429483473, -0.00401929067448, 0.00349739822559, -0.00251668319106], [0.000630656606518, -0.002145514125, 0.00300161843188, -0.00315190991387, 0.0014131446369, -0.00250124372542, 0.00220437347889, -0.00150064227637, 0.00169326877221, -0.00207796972245, 0.002514654072, -0.00252591236494, 0.0023552402854], [-0.000739475246519, 0.00347369839437, -0.00315190991387, 0.00594730954617, -0.00225584884174, 0.0026493514888, -0.00302294851281, 0.00234739342704, -0.00222760462202, 0.00116957223509, -0.00387439737096, 0.00434531038627, -0.00382710131817], [0.000493784784339, -0.00288695492782, 0.0014131446369, -0.00225584884174, 0.00404713721946, -0.000873936049175, 0.000770852726419, -0.0031299518887, 0.00232547870837, -0.00213884934783, 0.0021920951549, -0.00221554120071, 0.00111849594396], [-0.000597883772571, 0.00272768712603, -0.00250124372542, 0.0026493514888, -0.000873936049175, 0.00621940288693, -0.00220782868564, -0.000388497195672, -0.00154399417806, 0.00338506791741, -0.00230257865041, 0.00224058353342, -0.000811176956631], [0.000757929228712, -0.00299543142319, 0.00220437347889, -0.00302294851281, 0.000770852726419, -0.00220782868564, 0.00601005274802, -0.0021386325825, 0.00242278748192, -0.00148251547944, 0.00220091221854, -0.00258412817493, 0.00222630007192], [-0.000603560823947, 0.0029294998385, -0.00150064227637, 0.00234739342704, -0.0031299518887, -0.000388497195672, -0.0021386325825, 0.0103312572464, -0.00442690448835, -0.000559496460482, -0.00135624629911, 0.000187260375242, -0.000425687321695], [0.000530524237547, -0.00326203252189, 0.00169326877221, -0.00222760462202, 0.00232547870837, -0.00154399417806, 0.00242278748192, -0.00442690448835, 0.0106285307556, -0.00263051828369, -0.000324874272337, 0.00121900753584, 0.000349050213117], [-0.000461827323306, 0.00343429483473, -0.00207796972245, 0.00116957223509, -0.00213884934783, 0.00338506791741, -0.00148251547944, -0.000559496460482, -0.00263051828369, 0.0126635720953, -0.00342334387824, 0.000729649909772, 0.000688842847012], [0.000733946275432, -0.00401929067448, 0.002514654072, -0.00387439737096, 0.0021920951549, -0.00230257865041, 0.00220091221854, -0.00135624629911, -0.000324874272337, -0.00342334387824, 0.0165737606585, -0.00478805368766, 0.00250005559064], [-0.000556707498617, 0.00349739822559, -0.00252591236494, 0.00434531038627, -0.00221554120071, 0.00224058353342, -0.00258412817493, 0.000187260375242, 0.00121900753584, 0.000729649909772, -0.00478805368766, 0.0156510043889, -0.00501943985], [0.000517811102327, -0.00251668319106, 0.0023552402854, -0.00382710131817, 0.00111849594396, -0.000811176956631, 0.00222630007192, -0.000425687321695, 0.000349050213117, 0.000688842847012, 0.00250005559064, -0.00501943985, 0.0183324757963]]
    },
    "melbands": {
        "dmean": [0.0013124170946, 0.00192328018602, 0.000975112023298, 0.000879011116922, 0.0001710181823, 9.50910980464e-05, 0.00012944865739, 0.000129994223244, 9.00906670722e-05, 8.99358419701e-05, 8.70230287546e-05, 6.33684248896e-05, 8.10228666523e-05, 3.57653480023e-05, 5.32613630639e-05, 4.24347927037e-05, 2.72301876976e-05, 3.26330737153e-05, 2.77526214632e-05, 2.12796203414e-05, 1.33503181132e-05, 1.32034292619e-05, 1.59817645908e-05, 8.69602263265e-06, 4.28865268987e-06, 3.60362241736e-06, 1.90916966858e-06, 1.27967791741e-06, 8.07666538094e-07, 7.07971139491e-07, 7.4075410339e-07, 7.31577131319e-07, 7.23817549897e-07, 8.18593605345e-07, 7.2986745181e-07, 6.08361176546e-07, 3.70995536514e-07, 4.07249615364e-07, 3.88567030996e-07, 2.65296108637e-07],
        "dmean2": [0.00233961828053, 0.0032627703622, 0.00170173123479, 0.00149477901869, 0.000270259246463, 0.000149605140905, 0.000190464095795, 0.000199747708393, 0.000136561691761, 0.00012323584815, 0.000119474461826, 9.27052024053e-05, 0.000118942247354, 5.1819919463e-05, 8.19983179099e-05, 6.56394913676e-05, 4.30481632065e-05, 5.06093929289e-05, 4.29298634117e-05, 3.35513141181e-05, 2.09894787986e-05, 2.0801260689e-05, 2.49453423748e-05, 1.405691728e-05, 6.87235751684e-06, 5.87108524996e-06, 3.11426902044e-06, 2.03815966415e-06, 1.25693111386e-06, 1.12891996196e-06, 1.15847126381e-06, 1.03298384602e-06, 1.01609327885e-06, 1.22559310967e-06, 1.05138019535e-06, 8.63461536937e-07, 5.41685437838e-07, 5.89241892612e-07, 5.37260575584e-07, 3.85379962609e-07],
        "dvar": [1.19310252558e-05, 2.69236315944e-05, 4.13617271988e-06, 9.8604541563e-06, 1.74472575054e-07, 5.57128672085e-08, 1.33104009592e-07, 1.66054320516e-07, 9.12762629923e-08, 4.39556337994e-08, 3.60117056175e-08, 1.59845985337e-08, 2.81099890032e-08, 5.41884093153e-09, 1.06678914591e-08, 6.10450134886e-09, 3.21239546075e-09, 4.78661243974e-09, 3.28435478814e-09, 1.58721180643e-09, 6.47633002782e-10, 5.81478365458e-10, 1.1332368377e-09, 7.08577974073e-10, 1.06752814921e-10, 6.36717831237e-11, 1.67050141081e-11, 3.00796054731e-11, 2.91112793593e-11, 2.06579996165e-11, 2.8544656222e-11, 1.28727306592e-11, 5.09274783803e-12, 6.82836122715e-12, 6.84780747731e-12, 5.73917649516e-12, 2.40559763949e-12, 3.31068527627e-12, 3.02544014147e-12, 1.31381505068e-12],
        "dvar2": [3.41310806107e-05, 6.88769650878e-05, 1.16731962407e-05, 2.72908491752e-05, 4.06291178479e-07, 1.31244092927e-07, 2.76288460554e-07, 4.08897790294e-07, 2.1536119732e-07, 8.19320860046e-08, 6.41098552023e-08, 3.25354001518e-08, 6.10138144452e-08, 1.12442561928e-08, 2.38666526542e-08, 1.3862092807e-08, 7.85500198219e-09, 1.06499191688e-08, 7.71295383117e-09, 3.75007225273e-09, 1.47628043123e-09, 1.45459677636e-09, 2.67182542757e-09, 1.60833557583e-09, 2.52038917514e-10, 1.52475504445e-10, 4.09340963903e-11, 8.05859060038e-11, 8.21871459777e-11, 5.85007389753e-11, 8.10314246258e-11, 3.20845017221e-11, 1.06105402242e-11, 1.52596268954e-11, 1.30568316575e-11, 1.1075237949e-11, 5.0728427535e-12, 6.8992324874e-12, 5.56316537975e-12, 2.61653546052e-12],
        "max": [0.0328361093998, 0.0428706258535, 0.0226034838706, 0.0393711961806, 0.00670678494498, 0.00747964018956, 0.01191531308, 0.00946618244052, 0.0104131186381, 0.00719889299944, 0.00608314340934, 0.00285798730329, 0.00469249254093, 0.00132634909824, 0.0022322346922, 0.00141406990588, 0.00164078082889, 0.00228329584934, 0.0018977355212, 0.00105514645111, 0.00103227177169, 0.000748416583519, 0.00136044516694, 0.00142991123721, 0.000314039411023, 0.000236239415244, 9.73314672592e-05, 0.000201226779609, 0.000229948011111, 0.000191304279724, 0.000228419070481, 0.000129569802084, 4.87886754854e-05, 6.66131600155e-05, 9.52642585617e-05, 9.14558404475e-05, 6.18809644948e-05, 6.06216817687e-05, 6.87512292643e-05, 3.94523558498e-05],
        "mean": [0.00156738760415, 0.00247490871698, 0.00171821680851, 0.00140535435639, 0.000331335235387, 0.000202014023671, 0.000329291942762, 0.000272426288575, 0.000200503971428, 0.000258267071331, 0.000208667450352, 0.000133719746373, 0.000165652905707, 7.82458882895e-05, 0.00010957485938, 9.03075560927e-05, 5.06129072164e-05, 6.38177007204e-05, 6.10476636211e-05, 4.32750421169e-05, 2.78662137134e-05, 2.74354424619e-05, 2.92874738079e-05, 1.5894527678e-05, 8.15122893982e-06, 5.91109846937e-06, 2.90930188385e-06, 1.88784110833e-06, 1.23217000692e-06, 9.96802100417e-07, 9.27653900362e-07, 9.8654481917e-07, 1.10237704121e-06, 1.33691571591e-06, 1.26456279759e-06, 1.00172974271e-06, 6.04245940394e-07, 6.06030027939e-07, 5.93567278884e-07, 4.06914580253e-07],
        "median": [0.000476411019918, 0.000718545750715, 0.00114795053378, 0.000715050962754, 0.00015336026263, 6.67177082505e-05, 8.21530265966e-05, 6.03874505032e-05, 4.57617425127e-05, 6.84649130562e-05, 6.97267241776e-05, 4.82470859424e-05, 4.78804795421e-05, 2.8695227229e-05, 4.14401147282e-05, 3.67860848201e-05, 2.09132485907e-05, 2.44141210715e-05, 2.52075733442e-05, 1.88188678294e-05, 1.30410453494e-05, 1.30987718876e-05, 1.27841976791e-05, 5.77298033022e-06, 2.73120303973e-06, 1.63102731676e-06, 8.25844779229e-07, 4.82992106754e-07, 3.37361484526e-07, 2.19262773271e-07, 1.7910895167e-07, 1.40385239433e-07, 1.44726783446e-07, 1.74645961692e-07, 1.38082469903e-07, 1.11163409144e-07, 7.81897924185e-08, 5.89064157452e-08, 4.95845888793e-08, 3.8033668659e-08],
        "min": [2.53256220557e-24, 3.44847231502e-24, 4.2741288483e-24, 2.33316262341e-23, 1.29885995376e-23, 1.68350095808e-23, 6.691549705e-24, 2.39844539927e-24, 1.21622582731e-23, 7.07176251752e-24, 6.86655849682e-24, 1.58629215309e-23, 1.38112852207e-23, 1.92025468182e-23, 1.56880042469e-23, 9.93096204722e-24, 7.61403023693e-24, 1.32527543449e-23, 8.83226261084e-24, 7.95551944533e-24, 7.73761555292e-24, 1.25754131281e-23, 1.4053429231e-23, 9.14564154974e-24, 1.19434613901e-23, 9.25793668846e-24, 5.94560322745e-24, 7.90915887879e-24, 1.1747872795e-23, 8.11541602879e-24, 1.23806701919e-23, 1.08986608751e-23, 1.07156577669e-23, 8.44862850857e-24, 1.01430425684e-23, 9.24368670507e-24, 9.83196079247e-24, 8.52079271532e-24, 8.38729615092e-24, 8.33911647113e-24],
        "var": [1.00587958514e-05, 2.88032424578e-05, 4.29669080404e-06, 7.68126756157e-06, 3.02000074726e-07, 1.62600997555e-07, 5.34217008408e-07, 4.23292021878e-07, 1.89221580627e-07, 2.58203101566e-07, 1.75637467237e-07, 5.43124230035e-08, 9.27391425876e-08, 1.71696967755e-08, 3.39482539857e-08, 1.9113176819e-08, 7.55593543289e-09, 1.39705420565e-08, 1.03788577732e-08, 4.81662221219e-09, 2.12197748262e-09, 1.57184765204e-09, 2.79145617732e-09, 1.55018908821e-09, 2.6060842373e-10, 1.43076994696e-10, 3.03549269054e-11, 2.99842650708e-11, 2.05191731661e-11, 1.42336776046e-11, 1.8641964708e-11, 1.25878248797e-11, 8.38914007706e-12, 1.22358572927e-11, 1.59434895841e-11, 1.25853077959e-11, 4.79988574928e-12, 6.5907457443e-12, 6.95900802261e-12, 2.95206112159e-12]
    },
    "mfcc": {
        "mean": [-682.358825684, 160.614227295, -15.084028244, 14.5073900223, 20.1745166779, 6.29195022583, -0.307617068291, 12.2121543884, -1.45118820667, 0.375202924013, -0.732541203499, -3.88085174561, -5.13831281662],
        "cov": [[10218.1806641, -688.487243652, -861.851074219, -631.991577148, -313.215545654, -222.910430908, -654.313781738, -110.070320129, -201.998764038, -21.9783191681, -111.50227356, -123.805206299, 16.0565757751], [-688.487243652, 2056.68408203, -922.657470703, 57.1325645447, 169.963485718, -75.6613464355, 160.507049561, 111.747665405, 81.3424911499, -61.2482032776, 28.3274917603, 35.2727203369, -51.0212516785], [-861.851074219, -922.657470703, 1534.39831543, 68.2380142212, 50.2800750732, 172.777069092, -50.3653411865, -10.9441833496, -59.1078681946, 87.4555892944, 5.65734195709, -3.72694563866, 72.0245056152], [-631.991577148, 57.1325645447, 68.2380142212, 670.037353516, 115.292282104, 62.5545959473, 155.364120483, -59.8697433472, 67.4556732178, 40.9248695374, 42.8263702393, 25.540222168, 11.9377813339], [-313.215545654, 169.963485718, 50.2800750732, 115.292282104, 349.698516846, 17.5929355621, 37.6376419067, 27.1380844116, 43.8385162354, 37.0886001587, 25.565328598, 20.2377967834, 40.4350280762], [-222.910430908, -75.6613464355, 172.777069092, 62.5545959473, 17.5929355621, 177.680023193, 89.7158737183, 35.1025390625, 20.2657165527, 14.050078392, 9.38717842102, 12.7276678085, -6.39054727554], [-654.313781738, 160.507049561, -50.3653411865, 155.364120483, 37.6376419067, 89.7158737183, 282.942962646, 87.1573562622, 66.2471542358, -2.10337710381, 33.6299438477, 38.2974777222, -20.1175231934], [-110.070320129, 111.747665405, -10.9441833496, -59.8697433472, 27.1380844116, 35.1025390625, 87.1573562622, 168.27684021, 49.9081382751, 2.30455827713, 22.1399421692, 22.5604858398, 5.04579734802], [-201.998764038, 81.3424911499, -59.1078681946, 67.4556732178, 43.8385162354, 20.2657165527, 66.2471542358, 49.9081382751, 127.521629333, 38.2349319458, 16.2414531708, 17.9985466003, 3.47788286209], [-21.9783191681, -61.2482032776, 87.4555892944, 40.9248695374, 37.0886001587, 14.050078392, -2.10337710381, 2.30455827713, 38.2349319458, 117.61466217, 48.7093238831, 12.8270244598, 19.1428260803], [-111.50227356, 28.3274917603, 5.65734195709, 42.8263702393, 25.565328598, 9.38717842102, 33.6299438477, 22.1399421692, 16.2414531708, 48.7093238831, 100.198860168, 38.2236976624, 5.78919792175], [-123.805206299, 35.2727203369, -3.72694563866, 25.540222168, 20.2377967834, 12.7276678085, 38.2974777222, 22.5604858398, 17.9985466003, 12.8270244598, 38.2236976624, 79.8586959839, 29.2452449799], [16.0565757751, -51.0212516785, 72.0245056152, 11.9377813339, 40.4350280762, -6.39054727554, -20.1175231934, 5.04579734802, 3.47788286209, 19.1428260803, 5.78919792175, 29.2452449799, 97.1152572632]],
