{
"lowlevel": {
    "average_loudness": 0.486488997936,
    "barkbands_crest": {
        "dmean": 1.82266151905,
        "dmean2": 3.07327866554,
        "dvar": 4.04700040817,
        "dvar2": 11.8711004257,
        "max": 26.8080844879,
        "mean": 14.4624462128,
        "median": 13.9006214142,
        "min": 4.31800746918,
        "var": 18.1633911133
    },
    "barkbands_flatness_db": {
        "dmean": 0.0181066095829,
        "dmean2": 0.0301042702049,
        "dvar": 0.000464671873488,
        "dvar2": 0.00116051163059,
        "max": 0.532249093056,
        "mean": 0.360851854086,
        "median": 0.374662905931,
        "min": 0.0464046448469,
        "var": 0.0064072064124
    },
    "barkbands_kurtosis": {
        "dmean": 3.37881803513,
        "dmean2": 5.72713708878,
        "dvar": 69.3898849487,
        "dvar2": 239.295822144,
        "max": 250.688308716,
        "mean": 11.0261602402,
        "median": 7.64066028595,
        "min": -1.87984359264,
        "var": 281.800964355
    },
    "barkbands_skewness": {
        "dmean": 0.379220038652,
        "dmean2": 0.62328761816,
        "dvar": 0.214296326041,
        "dvar2": 0.618421018124,
        "max": 14.0969848633,
        "mean": 2.07454156876,
        "median": 1.99559128284,
        "min": -2.88994884491,
        "var": 1.69744634628
    },
    "barkbands_spread": {
        "dmean": 1.04126739502,
        "dmean2": 1.6993316412,
        "dvar": 8.6530046463,
        "dvar2": 22.222322464,
        "max": 137.386886597,
        "mean": 5.56220769882,
        "median": 2.74404764175,
        "min": 0.198128923774,
        "var": 210.303909302
    },
    "dissonance": {
        "dmean": 0.0331067964435,
        "dmean2": 0.0564975365996,
        "dvar": 0.00117935193703,
        "dvar2": 0.00324494717643,
        "max": 0.500000119209,
        "mean": 0.376502096653,
        "median": 0.388166874647,
        "min": 0.0994010493159,
        "var": 0.00510645424947
    },
    "dynamic_complexity": 5.87070703506,
    "erbbands_crest": {
        "dmean": 1.7493584156,
        "dmean2": 2.8019733429,
        "dvar": 3.64749884605,
        "dvar2": 9.58308124542,
        "max": 32.7619247437,
        "mean": 13.7659549713,
        "median": 13.1137571335,
        "min": 2.05148053169,
        "var": 25.8592281342
    },
    "erbbands_flatness_db": {
        "dmean": 0.0130785461515,
        "dmean2": 0.0213354825974,
        "dvar": 0.000282110850094,
        "dvar2": 0.000669996195938,
        "max": 0.513871908188,
        "mean": 0.349421828985,
        "median": 0.359815269709,
        "min": 0.0223829820752,
        "var": 0.00537159433588
    },
    "erbbands_kurtosis": {
        "dmean": 1.3409832716,
        "dmean2": 2.23675298691,
        "dvar": 11.6677331924,
        "dvar2": 40.5349082947,
        "max": 101.813354492,
        "mean": 3.51677441597,
        "median": 1.66905736923,
        "min": -1.7426725626,
        "var": 49.7322387695
    },
    "erbbands_skewness": {
        "dmean": 0.257331043482,
        "dmean2": 0.411731570959,
        "dvar": 0.0978566110134,
        "dvar2": 0.281705498695,
        "max": 8.41037368774,
        "mean": 1.27174007893,
        "median": 1.18272125721,
        "min": -2.0127658844,
        "var": 0.924830019474
    },
    "erbbands_spread": {
        "dmean": 2.06232595444,
        "dmean2": 3.2820763588,
        "dvar": 12.8785114288,
        "dvar2": 32.8549575806,
        "max": 124.4945755,
        "mean": 14.4131221771,
        "median": 10.9309768677,
        "min": 0.904813051224,
        "var": 183.529571533
    },
    "hfc": {
        "dmean": 1.65092134476,
        "dmean2": 2.5506913662,
        "dvar": 14.6239690781,
        "dvar2": 33.8094596863,
        "max": 96.4365615845,
        "mean": 7.80092573166,
        "median": 5.07988452911,
        "min": 1.1415898458e-16,
        "var": 69.1142272949
    },
    "melbands_crest": {
        "dmean": 1.89780676365,
        "dmean2": 3.14816427231,
        "dvar": 4.50981616974,
        "dvar2": 13.1752691269,
        "max": 31.6351909637,
        "mean": 16.2345867157,
        "median": 15.848941803,
        "min": 2.05197644234,
        "var": 18.0586242676
    },
    "melbands_flatness_db": {
        "dmean": 0.0203399006277,
        "dmean2": 0.0333251543343,
        "dvar": 0.000708984036464,
        "dvar2": 0.00164295185823,
        "max": 0.654621958733,
        "mean": 0.464277565479,
        "median": 0.487286448479,
        "min": 0.00616634404287,
        "var": 0.0111319608986
    },
    "melbands_kurtosis": {
        "dmean": 3.29688715935,
        "dmean2": 5.54612588882,
        "dvar": 40.141998291,
        "dvar2": 133.195663452,
        "max": 237.341720581,
        "mean": 12.6938619614,
        "median": 9.25298118591,
        "min": -1.72991228104,
        "var": 330.151306152
    },
    "melbands_skewness": {
        "dmean": 0.358357429504,
        "dmean2": 0.586743891239,
        "dvar": 0.17152145505,
        "dvar2": 0.484132945538,
        "max": 11.605427742,
        "mean": 2.22647547722,
        "median": 2.15230512619,
        "min": -1.88840794563,
        "var": 1.76848173141
    },
    "melbands_spread": {
        "dmean": 1.18159556389,
        "dmean2": 1.91806983948,
        "dvar": 9.82921886444,
        "dvar2": 23.5897960663,
        "max": 209.767272949,
        "mean": 5.49189472198,
        "median": 3.92119526863,
        "min": 0.461624890566,
        "var": 53.0737495422
    },
    "pitch_salience": {
        "dmean": 0.0468240194023,
        "dmean2": 0.0786319971085,
        "dvar": 0.00254445523024,
        "dvar2": 0.0072211236693,
        "max": 0.885495960712,
        "mean": 0.517638146877,
        "median": 0.524085223675,
        "min": 0.0505968891084,
        "var": 0.0145709551871
    },
    "silence_rate_20dB": {
        "dmean": 0,
        "dmean2": 0,
        "dvar": 0,
        "dvar2": 0,
        "max": 1,
        "mean": 1,
        "median": 1,
        "min": 1,
        "var": 0
    },
    "silence_rate_30dB": {
        "dmean": 0.00365390232764,
        "dmean2": 0.00730833876878,
        "dvar": 0.0036400379613,
        "dvar2": 0.00871658325195,
        "max": 1,
        "mean": 0.996492505074,
        "median": 1,
        "min": 0,
        "var": 0.00349470903166
    },
    "silence_rate_60dB": {
        "dmean": 0.0118386438116,
        "dmean2": 0.0236790180206,
        "dvar": 0.0116973873228,
        "dvar2": 0.0264794435352,
        "max": 1,
        "mean": 0.145633906126,
        "median": 0,
        "min": 0,
        "var": 0.124417282641
    },
    "spectral_centroid": {
        "dmean": 41.9898300171,
        "dmean2": 67.0311660767,
        "dvar": 13106.1640625,
        "dvar2": 24875.7304688,
        "max": 11159.6367188,
        "mean": 430.384613037,
        "median": 354.505218506,
        "min": 199.623260498,
        "var": 111431.554688
    },
    "spectral_complexity": {
        "dmean": 1.05480849743,
        "dmean2": 1.74333119392,
        "dvar": 2.41741085052,
        "dvar2": 5.0057554245,
        "max": 38,
        "mean": 9.23690128326,
        "median": 8,
        "min": 0,
        "var": 34.261390686
    },
    "spectral_decrease": {
        "dmean": 1.22960575055e-09,
        "dmean2": 1.99510963306e-09,
        "dvar": 6.84822994569e-18,
        "dvar2": 1.81048511372e-17,
        "max": 7.75401044912e-20,
        "mean": -5.39007904976e-09,
        "median": -3.99252941818e-09,
        "min": -7.74895951849e-08,
        "var": 2.66369279881e-17
    },
    "spectral_energy": {
        "dmean": 0.00478122290224,
        "dmean2": 0.0077451467514,
        "dvar": 0.000103485574073,
        "dvar2": 0.000272588513326,
        "max": 0.301210105419,
        "mean": 0.0210509318858,
        "median": 0.015543683432,
        "min": 1.02526136947e-20,
        "var": 0.000407469691709
    },
    "spectral_energyband_high": {
        "dmean": 1.61942043633e-05,
        "dmean2": 2.34569743043e-05,
        "dvar": 1.41847129598e-08,
        "dvar2": 3.2564084762e-08,
        "max": 0.00386828603223,
        "mean": 2.48139385803e-05,
        "median": 8.38831013539e-08,
        "min": 7.62018975123e-21,
        "var": 2.00725516208e-08
    },
    "spectral_energyband_low": {
        "dmean": 0.00044725308544,
        "dmean2": 0.000714716268703,
        "dvar": 1.17416254852e-06,
        "dvar2": 2.79045343632e-06,
        "max": 0.0374525301158,
        "mean": 0.00137460336555,
        "median": 0.000694779329933,
        "min": 5.28436558054e-23,
        "var": 3.92994388676e-06
    },
    "spectral_energyband_middle_high": {
        "dmean": 0.000300595798763,
        "dmean2": 0.000440197210992,
        "dvar": 9.49034244968e-07,
        "dvar2": 2.15655654756e-06,
        "max": 0.024944037199,
        "mean": 0.00109023496043,
        "median": 0.000356028671376,
        "min": 1.50309824462e-21,
        "var": 3.04070613311e-06
    },
    "spectral_energyband_middle_low": {
        "dmean": 0.00456913746893,
        "dmean2": 0.00748577015474,
        "dvar": 9.57603988354e-05,
        "dvar2": 0.000260102126049,
        "max": 0.291915893555,
        "mean": 0.0191120672971,
        "median": 0.0142101189122,
        "min": 2.83326045785e-22,
        "var": 0.000341032864526
    },
    "spectral_entropy": {
        "dmean": 0.147648751736,
        "dmean2": 0.244564205408,
        "dvar": 0.0457315631211,
        "dvar2": 0.113366082311,
        "max": 9.80049800873,
        "mean": 5.57198095322,
        "median": 5.45336675644,
        "min": 3.65588593483,
        "var": 0.565568685532
    },
    "spectral_flux": {
        "dmean": 0.0135901803151,
        "dmean2": 0.0212014038116,
        "dvar": 0.000499949674122,
        "dvar2": 0.00116542493924,
        "max": 0.498274773359,
        "mean": 0.0346513912082,
        "median": 0.0240613054484,
        "min": 1.01255191731e-10,
        "var": 0.00120228982996
    },
    "spectral_kurtosis": {
        "dmean": 26.9076480865,
        "dmean2": 47.3739089966,
        "dvar": 785.669250488,
        "dvar2": 2282.48632812,
        "max": 371.325622559,
        "mean": 102.244850159,
        "median": 94.0269165039,
        "min": -1.18719148636,
        "var": 5553.7421875
    },
    "spectral_rms": {
        "dmean": 0.000433632842032,
        "dmean2": 0.000692124653142,
        "dvar": 4.53909905218e-07,
        "dvar2": 1.16546232221e-06,
        "max": 0.0171424485743,
        "mean": 0.00400105165318,
        "median": 0.00389417121187,
        "min": 3.16268083771e-12,
        "var": 4.5291767492e-06
    },
    "spectral_rolloff": {
        "dmean": 98.6554489136,
        "dmean2": 174.794967651,
        "dvar": 297393.8125,
        "dvar2": 826019.125,
        "max": 19961.2792969,
        "mean": 679.857666016,
        "median": 430.6640625,
        "min": 172.265625,
        "var": 3131022.5
    },
    "spectral_skewness": {
        "dmean": 1.30790948868,
        "dmean2": 2.3187289238,
        "dvar": 1.55554533005,
        "dvar2": 4.30286026001,
        "max": 16.0412521362,
        "mean": 7.05838155746,
        "median": 7.00819158554,
        "min": -0.00440608384088,
        "var": 12.9243955612
    },
    "spectral_spread": {
        "dmean": 346164.5625,
        "dmean2": 626170.5625,
        "dvar": 178742804480,
        "dvar2": 397108969472,
        "max": 40090508,
        "mean": 1485520.375,
        "median": 1066682.75,
        "min": 256299.46875,
        "var": 3.31572445184e+12
    },
    "spectral_strongpeak": {
        "dmean": 0.228121414781,
        "dmean2": 0.388054043055,
        "dvar": 0.139042317867,
        "dvar2": 0.365220308304,
        "max": 6.25482606888,
        "mean": 0.926312446594,
        "median": 0.791563034058,
        "min": 0,
        "var": 0.449890226126
    },
    "zerocrossingrate": {
        "dmean": 0.00254531414248,
        "dmean2": 0.00338856410235,
        "dvar": 5.8034707763e-05,
        "dvar2": 0.000105091996375,
        "max": 0.513671875,
        "mean": 0.0236759856343,
        "median": 0.01708984375,
        "min": 0.0068359375,
        "var": 0.00128532096278
    },
    "barkbands": {
        "dmean": [1.74828400645e-07, 0.000136313086841, 0.000211596605368, 0.000680254481267, 0.0029988985043, 0.00134380115196, 0.000608155038208, 0.00026886179694, 0.000229547571507, 2.93317225442e-05, 7.17992079444e-05, 0.000130660904688, 4.73687141493e-05, 2.3587490432e-05, 2.70856344287e-05, 1.94354324776e-05, 1.97477620532e-05, 2.8375781767e-05, 1.35709224196e-05, 1.04007185655e-05, 5.8216664911e-06, 4.84801603307e-06, 1.06580228021e-06, 3.54194014562e-07, 1.17167843428e-07, 1.65552407339e-08, 1.88305215865e-09],
        "dmean2": [2.99824336025e-07, 0.000211660735658, 0.000336219498422, 0.00119827815797, 0.00504861632362, 0.00212624273263, 0.00096087786369, 0.000414631183958, 0.000295171746984, 4.35277797806e-05, 0.000111811154056, 0.000191076396732, 7.10915628588e-05, 3.59642908734e-05, 3.9957336412e-05, 2.93923567369e-05, 3.14305907523e-05, 4.13631969423e-05, 1.95812535821e-05, 1.60887975653e-05, 8.41557357489e-06, 7.2055822784e-06, 1.66320228345e-06, 5.79750235374e-07, 2.04668282322e-07, 2.90049975149e-08, 3.40114336694e-09],
        "dvar": [2.899241177e-13, 1.6906759015e-07, 4.25636812906e-07, 2.34759932027e-06, 6.12281364738e-05, 1.63130935107e-05, 2.23502979679e-06, 7.27453368654e-07, 4.59525210772e-07, 1.230867408e-08, 8.2988286465e-08, 3.04610722424e-07, 4.52705926079e-08, 8.59089244187e-09, 6.44634567948e-09, 7.04245062266e-09, 6.82324508006e-09, 2.98156983547e-08, 7.73405695043e-09, 4.36215241706e-09, 2.08157757697e-09, 2.31511765314e-09, 9.520408073e-11, 1.04259569728e-11, 2.07929918943e-12, 3.50719006246e-14, 4.29583545635e-17],
        "dvar2": [8.40040547973e-13, 4.05332230002e-07, 1.01725652257e-06, 7.27070710127e-06, 0.000170784682268, 5.09864185005e-05, 6.06209914622e-06, 1.54482540893e-06, 7.3774788234e-07, 2.78181424562e-08, 2.30264447509e-07, 6.90224510436e-07, 1.00817359794e-07, 1.90930311561e-08, 1.42753311394e-08, 1.71990670594e-08, 1.62217190791e-08, 6.50373905842e-08, 1.63242415141e-08, 1.05209601031e-08, 4.90340168469e-09, 5.05769381931e-09, 2.37113328971e-10, 2.68854556673e-11, 5.85019229241e-12, 9.70699215452e-14, 1.25106501612e-16],
        "max": [3.10384275508e-05, 0.0161288194358, 0.0283829569817, 0.0354523845017, 0.241167113185, 0.119502849877, 0.0325788892806, 0.0269743930548, 0.0250530894846, 0.0083893975243, 0.00991319306195, 0.0215326808393, 0.012743357569, 0.00643206620589, 0.00290370755829, 0.00366033730097, 0.0019292908255, 0.00744197331369, 0.00550581933931, 0.00262339180335, 0.0019330594223, 0.0023630335927, 0.00039286291576, 9.79374090093e-05, 7.87605240475e-05, 6.71125098961e-06, 3.67230029497e-07],
        "mean": [2.13726792708e-07, 0.000366243795725, 0.000460736482637, 0.00193172728177, 0.00844127498567, 0.00464964611456, 0.00210610730574, 0.000955144991167, 0.00101573369466, 0.000100322780781, 0.000210863290704, 0.00032207678305, 0.000124879094074, 5.97123544139e-05, 8.35415994516e-05, 5.42364577996e-05, 4.77355279145e-05, 5.99796549068e-05, 2.7823374694e-05, 1.70438233908e-05, 8.69171435625e-06, 5.61008209843e-06, 1.21554182897e-06, 3.05439272097e-07, 8.90285178912e-08, 1.68858047545e-08, 2.97782976055e-09],
        "median": [7.33429885713e-08, 5.65253903915e-05, 0.000138292365591, 0.00063763622893, 0.00436617806554, 0.00134498300031, 0.000899964827113, 0.000236723077251, 0.000293434219202, 2.78808656731e-05, 6.07746551395e-05, 6.51365044178e-05, 2.35707411775e-05, 1.06642510218e-05, 1.20579588838e-05, 5.26018493474e-06, 2.13340035771e-06, 1.48605965933e-06, 2.8366468996e-07, 9.13785171974e-08, 1.93980316254e-08, 4.86046003445e-09, 2.50466469787e-09, 2.41436848292e-09, 3.21843462991e-09, 5.17623055529e-09, 2.41811970447e-09],
        "min": [2.74187303613e-24, 2.39116898572e-23, 2.79506482256e-23, 1.82867463604e-24, 3.75938669468e-23, 5.72374564308e-23, 5.4667101477e-23, 3.20052828379e-23, 9.40342267645e-23, 3.62140829592e-23, 8.84622686881e-23, 1.00083010237e-22, 6.09430264034e-23, 4.3844340065e-23, 1.1637298793e-22, 1.11157885284e-22, 1.55753580651e-22, 2.36488609674e-22, 2.80970115847e-22, 3.58419495023e-22, 3.94125611513e-22, 5.27982357189e-22, 6.08439909121e-22, 8.91546613709e-22, 1.12182705214e-21, 1.69448433158e-21, 2.49734207788e-21],
        "var": [2.74038360363e-13, 6.12342148543e-07, 9.07218691282e-07, 8.93859760254e-06, 0.000132401124574, 6.28391062492e-05, 9.11700499273e-06, 4.27972463513e-06, 3.71651231035e-06, 6.75941720374e-08, 1.59613705364e-07, 6.78020569467e-07, 1.1164417657e-07, 2.16454942858e-08, 3.13000789731e-08, 1.81571895297e-08, 2.12153459245e-08, 5.7319194724e-08, 1.69589089438e-08, 5.99708638305e-09, 2.76111933317e-09, 2.99764035816e-09, 1.0076180168e-10, 8.85172924542e-12, 1.30516018999e-12, 2.28502621284e-14, 2.74022139841e-17]
    },
    "erbbands": {
        "dmean": [0.00120825855993, 0.0410211011767, 0.229367256165, 1.04866957664, 5.77338838577, 13.2913532257, 11.4635457993, 8.69973754883, 5.84391450882, 10.0161743164, 6.12618398666, 4.07380485535, 1.77146470547, 1.63510370255, 3.04048132896, 4.53184556961, 2.69927954674, 1.19777345657, 1.19167649746, 1.31614124775, 1.08618175983, 1.21353971958, 1.49859762192, 1.0525277853, 0.50438195467, 0.488842099905, 0.236032068729, 0.230476632714, 0.177751138806, 0.0818929225206, 0.0302688106894, 0.010367850773, 0.00532548129559, 0.00196532974951, 0.000547419243958, 0.000125248261611, 2.39003675233e-05, 3.69033637071e-06, 2.30360865316e-06, 5.30386205355e-06],
        "dmean2": [0.00190218584612, 0.063454426825, 0.360935658216, 1.81196975708, 10.2201843262, 22.0076751709, 18.2740573883, 13.7245168686, 8.8466386795, 16.19049263, 8.80528259277, 5.36870336533, 2.37536048889, 2.43516421318, 4.78235244751, 6.62670040131, 3.88060641289, 1.79743885994, 1.81483328342, 1.90291404724, 1.66727542877, 1.90188765526, 2.17647027969, 1.4892333746, 0.760816633701, 0.761388540268, 0.341359376907, 0.335985094309, 0.258204311132, 0.126721844077, 0.0473857596517, 0.0161747671664, 0.00907213892788, 0.00347227999009, 0.000942369399127, 0.000219238369027, 4.15110771428e-05, 6.3112411226e-06, 3.70769294022e-06, 8.56986844155e-06],
        "dvar": [1.15406446639e-05, 0.0153964301571, 0.518951714039, 5.16203927994, 210.519226074, 1485.85327148, 848.61895752, 596.301757812, 259.787506104, 630.432556152, 301.141998291, 126.067367554, 67.0174713135, 25.8504295349, 164.367233276, 318.800445557, 136.374008179, 26.709028244, 11.6442604065, 29.4693965912, 24.3053035736, 28.3561496735, 99.3098297119, 40.4926223755, 9.16481113434, 9.69610500336, 2.42183613777, 5.00418949127, 2.9947013855, 0.666528940201, 0.0815740898252, 0.00782017875463, 0.00286146672443, 0.00052646320546, 4.62188072561e-05, 2.81535744762e-06, 5.51621290867e-08, 7.25349003083e-10, 2.38956215926e-11, 1.27666294203e-10],
        "dvar2": [2.94816927635e-05, 0.0363715775311, 1.20091354847, 15.0256204605, 641.354980469, 4101.04736328, 2375.01538086, 1759.51184082, 644.879577637, 1698.29797363, 595.896972656, 216.613204956, 101.465026855, 68.8877029419, 436.962646484, 722.478210449, 293.697540283, 59.8270874023, 27.3430900574, 65.0967178345, 58.6120109558, 67.542755127, 209.045013428, 84.5819473267, 21.7276134491, 24.5416660309, 5.48532581329, 11.9241838455, 6.36359882355, 1.58202254772, 0.205739349127, 0.0191684402525, 0.00777135696262, 0.00148574484047, 0.000129270061734, 7.8953735283e-06, 1.51520012537e-07, 1.97490468423e-09, 6.08387853984e-11, 3.33958444232e-10],
        "max": [0.103663779795, 4.95753288269, 31.5153427124, 58.1785697937, 322.401275635, 1118.24145508, 734.969909668, 682.4140625, 507.676757812, 489.253173828, 488.562011719, 439.024169922, 526.029541016, 266.62310791, 427.005493164, 535.400146484, 670.272705078, 398.56552124, 98.1563644409, 333.82421875, 247.504989624, 132.113388062, 528.698303223, 353.29901123, 106.685806274, 132.221893311, 44.8344497681, 116.723320007, 89.8328170776, 34.5388526917, 11.3632078171, 2.668612957, 1.68400716782, 1.10169911385, 0.37668415904, 0.0766991302371, 0.00858043972403, 0.000827854149975, 0.000147318656673, 0.000334664888214],
        "mean": [0.00320498365909, 0.111154578626, 0.568930268288, 3.23339700699, 15.7788190842, 36.359954834, 36.3588600159, 32.9348640442, 25.3665466309, 29.8091087341, 26.4134941101, 17.3351478577, 7.85553073883, 5.80526447296, 8.65096855164, 11.376616478, 7.11576223373, 3.5530564785, 4.34821510315, 3.37705659866, 3.22259688377, 2.85686016083, 3.29167509079, 2.38754844666, 0.901571214199, 0.772355675697, 0.436373233795, 0.302719533443, 0.210269019008, 0.0974258258939, 0.0342934504151, 0.010642612353, 0.00415606610477, 0.00147097348236, 0.000438283517724, 0.000116329880257, 3.21599254676e-05, 6.71975521982e-06, 1.03735383163e-05, 2.34834424191e-05],
        "median": [0.00066759402398, 0.0216292329133, 0.205808579922, 1.41102826595, 7.91518831253, 14.1283302307, 14.2170782089, 11.4975948334, 10.6046133041, 10.591755867, 7.20820522308, 5.78315925598, 2.40690255165, 2.11817502975, 2.67429208755, 2.83143305779, 1.55670523643, 0.806168019772, 0.680794596672, 0.465425491333, 0.299574106932, 0.152419567108, 0.10717998445, 0.0432313270867, 0.0119020678103, 0.00458397110924, 0.00139149057213, 0.000555982813239, 0.000222520611715, 0.00011808508134, 7.79490510467e-05, 6.07779511483e-05, 5.07157928951e-05, 4.25914331572e-05, 3.42455023201e-05, 2.52478166658e-05, 1.49052029883e-05, 4.26790438723e-06, 7.60866169003e-06, 1.72800464497e-05],
        "min": [3.22834471838e-22, 7.17052580763e-21, 3.4185542641e-20, 1.19039295381e-20, 3.30727294544e-20, 8.83573844684e-20, 6.79682211818e-19, 2.34771512979e-19, 6.90332834289e-19, 6.49241551686e-19, 1.28002756653e-18, 2.09159938432e-18, 7.18433193673e-19, 2.81201331367e-18, 3.43476368246e-18, 4.02706429213e-18, 2.84245252624e-18, 2.38102595155e-18, 6.36924853045e-18, 3.54472535078e-18, 6.8306808954e-18, 8.99852565269e-18, 1.04247794162e-17, 1.6057377289e-17, 1.86048652738e-17, 1.71665503898e-17, 1.662615495e-17, 1.39655516708e-17, 2.0655187932e-17, 1.77908765377e-17, 1.6010754081e-17, 1.85379777952e-17, 1.52748329967e-17, 9.67944005343e-18, 9.93939562299e-18, 5.55467001453e-18, 3.4681480716e-18, 1.61423283243e-18, 3.41836368944e-19, 3.22964947665e-20],
        "var": [5.40465662198e-05, 0.0537845082581, 1.26429843903, 20.8267612457, 496.940795898, 3304.93408203, 3196.83300781, 2914.62158203, 1418.61254883, 2242.96069336, 2438.90087891, 911.769226074, 470.041717529, 84.5007019043, 311.621948242, 718.039794922, 342.963134766, 66.0630722046, 91.6290893555, 69.4014816284, 67.8789596558, 81.5363845825, 178.28175354, 97.742515564, 14.3300333023, 12.1061677933, 4.21692991257, 5.75808811188, 4.01325654984, 0.791252374649, 0.0841212645173, 0.00808043964207, 0.00203633261845, 0.000332007621182, 2.93105440505e-05, 1.74963452082e-06, 3.80412181755e-08, 5.37151600977e-10, 9.43544339882e-11, 5.10422593081e-10]
    },
    "gfcc": {
        "mean": [-212.371490479, 220.023986816, -101.46673584, -35.417137146, -35.3724403381, -35.968208313, -39.5328903198, -22.9282226562, -22.4533023834, -16.7040519714, -10.0640735626, -10.743391037, -9.02339839935],
        "cov": [[17750.1523438, 2679.63818359, -5213.33691406, 1932.74768066, 180.883514404, -975.642150879, 870.839477539, -327.05090332, 360.968658447, -347.765319824, 299.887786865, -292.926269531, 244.715301514], [2679.63818359, 2433.52758789, -92.9582214355, -823.527893066, 543.536743164, -133.934616089, -45.2433547974, -27.0672702789, 55.9421463013, -127.272727966, 6.13289833069, -176.044570923, 25.2869758606], [-5213.33691406, -92.9582214355, 2064.13574219, -890.857421875, 55.7295761108, 439.611175537, -350.784210205, 99.5664978027, -92.828918457, 61.7387084961, -133.527694702, 31.8926048279, -66.2896652222], [1932.74768066, -823.527893066, -890.857421875, 1061.37011719, -176.309158325, -22.291103363, 291.70614624, -26.4314575195, 78.3756408691, 18.2286052704, 37.0576210022, 48.9192810059, 48.7112312317], [180.883514404, 543.536743164, 55.7295761108, -176.309158325, 412.011108398, 49.3579788208, 18.1033668518, 61.7177505493, 5.16219234467, -20.6440601349, -5.85525655746, -23.3962173462, 56.6131668091], [-975.642150879, -133.934616089, 439.611175537, -22.291103363, 49.3579788208, 261.82611084, -8.81412315369, 37.969367981, 8.36058044434, 12.4622821808, -41.9675254822, 15.6340169907, 8.01591491699], [870.839477539, -45.2433547974, -350.784210205, 291.70614624, 18.1033668518, -8.81412315369, 194.370666504, 32.3911628723, 46.8266830444, 11.1485767365, 11.9477491379, -4.40800333023, 3.53331017494], [-327.05090332, -27.0672702789, 99.5664978027, -26.4314575195, 61.7177505493, 37.969367981, 32.3911628723, 118.346954346, 32.9243888855, 30.959897995, 27.3262996674, 3.93321442604, -28.0057315826], [360.968658447, 55.9421463013, -92.828918457, 78.3756408691, 5.16219234467, 8.36058044434, 46.8266830444, 32.9243888855, 95.2140884399, 42.1763687134, 32.1702461243, 5.19136285782, 1.9468973875], [-347.765319824, -127.272727966, 61.7387084961, 18.2286052704, -20.6440601349, 12.4622821808, 11.1485767365, 30.959897995, 42.1763687134, 104.087356567, 52.4887123108, 27.9954528809, -2.20253491402], [299.887786865, 6.13289833069, -133.527694702, 37.0576210022, -5.85525655746, -41.9675254822, 11.9477491379, 27.3262996674, 32.1702461243, 52.4887123108, 106.351509094, 29.9467792511, -15.9496946335], [-292.926269531, -176.044570923, 31.8926048279, 48.9192810059, -23.3962173462, 15.6340169907, -4.40800333023, 3.93321442604, 5.19136285782, 27.9954528809, 29.9467792511, 78.4362030029, 42.1495895386], [244.715301514, 25.2869758606, -66.2896652222, 48.7112312317, 56.6131668091, 8.01591491699, 3.53331017494, -28.0057315826, 1.9468973875, -2.20253491402, -15.9496946335, 42.1495895386, 144.562057495]],
        "icov": [[0.00161934958305, -0.00300518446602, 0.00345704448409, -0.00274547282606, 0.00226124026813, -0.00191500096116, 0.00228375289589, -0.00147238187492, 0.000569393218029, 0.000751787330955, -0.000810051860753, 0.00161340122577, -0.00138163997326], [-0.00300518446602, 0.00748756155372, -0.00653009489179, 0.00707735214382, -0.00575522193685, 0.00410891883075, -0.0063796620816, 0.00533688301221, -0.0042776754126, 0.00159850809723, -0.00123689032625, 9.78299885901e-06, 0.00155677320436], [0.00345704448409, -0.00653009489179, 0.0104274898767, -0.00438061542809, 0.00537481019273, -0.00794997066259, 0.00771007081494, -0.00532167125493, 0.00288649066351, -0.00174229976255, 0.0024371619802, 0.000881261192262, -0.00138911581598], [-0.00274547282606, 0.00707735214382, -0.00438061542809, 0.00977369584143, -0.00412077596411, 0.00144244986586, -0.00816728454083, 0.00511439563707, -0.00399712752551, 0.00092387344921, -0.000213488790905, -0.00162411562633, 0.00134960189462], [0.00226124026813, -0.00575522193685, 0.00537481019273, -0.00412077596411, 0.00848842877895, -0.00455224746838, 0.0036836671643, -0.00649204710498, 0.00398556515574, -0.000347401830368, -0.000125140446471, 0.00195837742649, -0.00403126049787], [-0.00191500096116, 0.00410891883075, -0.00794997066259, 0.00144244986586, -0.00455224746838, 0.0123457871377, -0.00567724835128, 0.00341927749105, -0.00416481820866, 0.00248070247471, -0.000699515279848, -0.000490622769576, 0.000450543739134], [0.00228375289589, -0.0063796620816, 0.00771007081494, -0.00816728454083, 0.0036836671643, -0.00567724835128, 0.0196052826941, -0.00973615888506, 0.0035429734271, -0.00565696647391, 0.00703287869692, -0.00151785311755, 0.00112896657083], [-0.00147238187492, 0.00533688301221, -0.00532167125493, 0.00511439563707, -0.00649204710498, 0.00341927749105, -0.00973615888506, 0.019704496488, -0.00842795334756, 0.00392672885209, -0.00705873919651, 0.00169941911008, 0.00270243384875], [0.000569393218029, -0.0042776754126, 0.00288649066351, -0.00399712752551, 0.00398556515574, -0.00416481820866, 0.0035429734271, -0.00842795334756, 0.0221234746277, -0.0109594324604, 0.00338298687711, -0.00235985149629, 2.02962428375e-06], [0.000751787330955, 0.00159850809723, -0.00174229976255, 0.00092387344921, -0.000347401830368, 0.00248070247471, -0.00565696647391, 0.00392672885209, -0.0109594324604, 0.0245011672378, -0.0151873575523, 0.00564741808921, -0.00456635793671], [-0.000810051860753, -0.00123689032625, 0.0024371619802, -0.000213488790905, -0.000125140446471, -0.000699515279848, 0.00703287869692, -0.00705873919651, 0.00338298687711, -0.0151873575523, 0.0279303397983, -0.0160013716668, 0.00879566371441], [0.00161340122577, 9.78299885901e-06, 0.000881261192262, -0.00162411562633, 0.00195837742649, -0.000490622769576, -0.00151785311755, 0.00169941911008, -0.00235985149629, 0.00564741808921, -0.0160013716668, 0.0311338510364, -0.0128801697865], [-0.00138163997326, 0.00155677320436, -0.00138911581598, 0.00134960189462, -0.00403126049787, 0.000450543739134, 0.00112896657083, 0.00270243384875, 2.02962428375e-06, -0.00456635793671, 0.00879566371441, -0.0128801697865, 0.0145981842652]]
    },
    "melbands": {
        "dmean": [2.38412085309e-05, 9.41208199947e-05, 0.000304555171169, 0.00068762205774, 0.00044157897355, 0.000211828446481, 9.72014313447e-05, 9.8910430097e-05, 5.16851068824e-05, 2.45101127803e-05, 8.90968385647e-06, 6.18729109192e-06, 1.02482454167e-05, 1.14280983325e-05, 1.39233270602e-05, 3.49679771716e-06, 2.06339427677e-06, 1.99777332455e-06, 2.05269816433e-06, 1.40082840971e-06, 1.33003811698e-06, 1.34460003665e-06, 9.51370225266e-07, 1.5537652871e-06, 8.51906349908e-07, 4.64851069637e-07, 3.88871484347e-07, 3.25569999404e-07, 1.37449831072e-07, 1.43998093449e-07, 1.41829090694e-07, 1.02233514099e-07, 9.31528205683e-08, 3.00242462004e-08, 1.87171131927e-08, 9.7495860274e-09, 5.65863356172e-09, 4.00844291093e-09, 2.68142863469e-09, 1.35532784995e-09],
        "dmean2": [3.74018636649e-05, 0.000146481776028, 0.000534828868695, 0.00116812658962, 0.000711068511009, 0.000335948658176, 0.000150154504809, 0.000158177412231, 7.26559956092e-05, 3.20786166412e-05, 1.19798642118e-05, 9.13133953873e-06, 1.63174863701e-05, 1.7142332581e-05, 1.99595742743e-05, 5.14103749083e-06, 3.15339093504e-06, 3.07703930957e-06, 3.01279192172e-06, 2.06412096304e-06, 2.05512606044e-06, 2.13742237065e-06, 1.41261557474e-06, 2.25472854254e-06, 1.20930917547e-06, 7.21202695786e-07, 5.93011804995e-07, 5.09252345182e-07, 1.99347880425e-07, 2.10854310012e-07, 2.08006241564e-07, 1.4865699427e-07, 1.39880555139e-07, 4.76540513716e-08, 3.00049123325e-08, 1.52999746206e-08, 8.87327367138e-09, 6.78288758493e-09, 4.90172169521e-09, 2.38613040437e-09],
        "dvar": [4.94326046763e-09, 8.66065335003e-08, 4.52028245945e-07, 3.47822197e-06, 1.07510322778e-06, 3.7302689293e-07, 6.30406162827e-08, 5.99892118203e-08, 2.18769677929e-08, 4.71989647366e-09, 1.70487191031e-09, 3.5597755299e-10, 1.88712379057e-09, 3.91108967435e-09, 4.41842251675e-09, 1.83240964069e-10, 8.04091862538e-11, 3.59438867559e-11, 4.91633747601e-11, 3.62272746524e-11, 4.17414193488e-11, 3.5692507977e-11, 3.4261513765e-11, 9.10116496056e-11, 3.16854667504e-11, 1.07131959554e-11, 6.80974460848e-12, 5.01125443225e-12, 8.17350581748e-13, 1.68908788865e-12, 2.25323188927e-12, 9.01606372027e-13, 1.52834624297e-12, 8.82657662238e-14, 3.51440305622e-14, 8.52713319605e-15, 2.86381077137e-15, 1.60188658111e-15, 1.05479234152e-15, 3.45376281345e-16],
        "dvar2": [1.23797887497e-08, 1.9950208241e-07, 1.38513223646e-06, 9.97716779239e-06, 2.92149002235e-06, 1.14383169603e-06, 1.62702079365e-07, 1.56182153432e-07, 4.1474756074e-08, 7.98096344568e-09, 2.56058263481e-09, 9.24321674756e-10, 5.27324495181e-09, 8.82312001238e-09, 9.71027169783e-09, 3.78636705323e-10, 1.82986167885e-10, 8.58052656705e-11, 1.08203217219e-10, 8.32563809561e-11, 1.01520111762e-10, 8.68319027791e-11, 7.03823527237e-11, 1.99242913834e-10, 6.615717002e-11, 2.72884301961e-11, 1.54881090592e-11, 1.32547740145e-11, 1.88499888441e-12, 4.04337414245e-12, 5.13866510107e-12, 1.95386827377e-12, 3.40849115425e-12, 2.27507655727e-13, 9.02373404406e-14, 2.11708905615e-14, 6.93102539134e-15, 4.30825647984e-15, 3.02674962899e-15, 9.91035748068e-16],
        "max": [0.0025269719772, 0.0119932377711, 0.0175135359168, 0.0524452403188, 0.0252974741161, 0.0176855865866, 0.00656936783344, 0.00472156889737, 0.00534204160795, 0.00268779345788, 0.0026556767989, 0.000984505750239, 0.00154585938435, 0.00308060320094, 0.00197034468874, 0.000897406891454, 0.000691383611411, 0.00016073945153, 0.000313497206662, 0.000367855536751, 0.000335581513355, 0.000147726503201, 0.000284935522359, 0.000374461902538, 0.000344655360095, 0.000146176491398, 0.000118361065688, 0.000100703728094, 3.20060935337e-05, 5.07177574036e-05, 9.16128483368e-05, 3.47627064912e-05, 7.70374681451e-05, 1.32463255795e-05, 8.73884800967e-06, 4.18631088905e-06, 2.23736492444e-06, 1.31054116537e-06, 1.30940816234e-06, 1.14794909223e-06],
        "mean": [6.3523715653e-05, 0.000236805193708, 0.000920596299693, 0.0018834680086, 0.00140065327287, 0.000794099003542, 0.000380787241738, 0.00030086087645, 0.000224262767006, 0.000104101010947, 3.75363924832e-05, 2.18228542508e-05, 2.92794611596e-05, 2.95067420666e-05, 3.19875689456e-05, 9.66345032793e-06, 5.66753942621e-06, 7.02573106537e-06, 5.05993193656e-06, 3.70545217265e-06, 3.70796828975e-06, 3.01226759802e-06, 2.23583424486e-06, 3.27688462676e-06, 1.89647369098e-06, 7.82197503213e-07, 5.54965538413e-07, 5.09280880578e-07, 2.65732182925e-07, 2.21802721967e-07, 1.69515985249e-07, 1.18074815703e-07, 1.06875432948e-07, 3.37164891562e-08, 2.07071995106e-08, 1.06391491173e-08, 5.34011235231e-09, 3.10524028713e-09, 1.81058568138e-09, 1.01524766372e-09],
        "median": [1.03637758002e-05, 6.64023682475e-05, 0.000415428803535, 0.000984741258435, 0.000644200015813, 0.000277866260149, 0.000167205667822, 9.32938419282e-05, 5.07000258949e-05, 3.33157695422e-05, 9.2286918516e-06, 7.40202540328e-06, 8.98287908058e-06, 6.11591212873e-06, 4.94226651426e-06, 1.86174486316e-06, 1.04048092453e-06, 8.91970785233e-07, 7.36523588785e-07, 3.94674231075e-07, 2.69705935807e-07, 1.36104972626e-07, 8.65944045358e-08, 6.72801192536e-08, 2.52818121993e-08, 7.05997216244e-09, 4.18879508857e-09, 2.15152096139e-09, 6.80597966873e-10, 3.97978289213e-10, 2.44843645358e-10, 1.10252758312e-10, 7.380089595e-11, 4.9258642304e-11, 3.9262603585e-11, 3.37982072884e-11, 2.97983582254e-11, 2.80028968763e-11, 2.76403414046e-11, 2.72054948014e-11],
        "min": [5.01547271689e-24, 1.48660600931e-23, 2.71991883992e-24, 3.36524867281e-24, 1.92545816612e-23, 6.49936346697e-24, 1.08470867268e-23, 6.91888364067e-24, 1.37282134343e-23, 1.16290916419e-23, 3.19568459895e-24, 1.06168695046e-23, 1.18150316793e-23, 1.24763314096e-23, 8.4823215467e-24, 4.45206904725e-24, 4.30179065037e-24, 9.57190017329e-24, 6.47604473861e-24, 5.2858993628e-24, 8.73693350361e-24, 9.6373014755e-24, 7.45274052511e-24, 1.21667405807e-23, 1.2749616493e-23, 1.09062134294e-23, 1.70145006803e-23, 8.96514386374e-24, 9.52202049826e-24, 9.47495942323e-24, 7.54635701531e-24, 1.23600241243e-23, 9.35037146503e-24, 1.04159119221e-23, 8.11386512825e-24, 1.06273771318e-23, 1.12238435397e-23, 1.14614342449e-23, 8.0218153158e-24, 8.07228190336e-24],
        "var": [1.82463395504e-08, 2.33270540662e-07, 1.6595741954e-06, 6.80412813381e-06, 3.6551566609e-06, 1.63921413332e-06, 2.95438354669e-07, 2.38544487274e-07, 1.91079351453e-07, 3.3905454444e-08, 1.2103828162e-08, 1.34885358438e-09, 3.36176508853e-09, 8.00877586471e-09, 1.00965324989e-08, 5.53244505763e-10, 1.91033536212e-10, 2.66226957146e-10, 1.24758009479e-10, 9.14117254114e-11, 1.04261481393e-10, 9.86789677748e-11, 7.17438886078e-11, 1.84745593823e-10, 7.39263164573e-11, 1.43081093848e-11, 8.73864435674e-12, 5.8791248779e-12, 1.51787686153e-12, 2.2591670288e-12, 2.65722817014e-12, 1.18583409151e-12, 1.84983061854e-12, 8.53687102563e-14, 3.43555987424e-14, 9.23393729779e-15, 2.83448649074e-15, 1.16643933079e-15, 6.18483341053e-16, 2.06736734335e-16]
    },
    "mfcc": {
        "mean": [-830.958984375, 226.835388184, 11.2829332352, 1.17045283318, -0.556425035, -11.1031579971, -15.2881450653, -13.7175960541, -16.2867641449, -15.6909599304, -9.9113035202, -7.1426486969, -6.80205631256],
        "cov": [[11661.2333984, 2817.70947266, -3390.19384766, 1290.72045898, -140.944961548, -131.297088623, -3.27312517166, 218.441085815, 74.9215087891, 23.6539325714, 62.9832382202, 69.2698516846, 25.6255054474], [2817.70947266, 2695.77197266, -260.28427124, -364.431976318, 310.348815918, -78.7518920898, -31.0097770691, 1.51701056957, 46.1723213196, -13.8150167465, -36.3691139221, -38.8372306824, -26.419298172], [-3390.19384766, -260.28427124, 1665.57727051, -525.509765625, 8.74908733368, 139.235992432, -32.9865684509, -83.7457427979, -26.3521900177, 10.455491066, -22.7149162292, -34.8410835266, -24.2306213379], [1290.72045898, -364.431976318, -525.509765625, 543.3671875, -116.997955322, 28.1009559631, 63.4590950012, 53.8411483765, 35.4689331055, 39.9332427979, 40.2877006531, 36.8135223389, 29.9962463379], [-140.944961548, 310.348815918, 8.74908733368, -116.997955322, 268.710693359, 48.0842056274, 46.1009101868, 55.74766922, 60.7604103088, 30.2825832367, -22.2965183258, -13.1164875031, 12.6245965958], [-131.297088623, -78.7518920898, 139.235992432, 28.1009559631, 48.0842056274, 177.547683716, 52.4146347046, 37.0881843567, 69.194694519, 38.1232414246, -12.163687706, -12.0242090225, 0.389023244381], [-3.27312517166, -31.0097770691, -32.9865684509, 63.4590950012, 46.1009101868, 52.4146347046, 118.835479736, 57.7822265625, 43.7701225281, 40.4969406128, 17.3201904297, 9.82821559906, 6.49698972702], [218.441085815, 1.51701056957, -83.7457427979, 53.8411483765, 55.74766922, 37.0881843567, 57.7822265625, 127.113647461, 61.0346107483, 22.5811004639, 28.5203819275, 16.8673477173, 2.42667984962], [74.9215087891, 46.1723213196, -26.3521900177, 35.4689331055, 60.7604103088, 69.194694519, 43.7701225281, 61.0346107483, 130.888916016, 49.7771110535, -20.3111896515, -8.66598796844, 7.47947645187], [23.6539325714, -13.8150167465, 10.455491066, 39.9332427979, 30.2825832367, 38.1232414246, 40.4969406128, 22.5811004639, 49.7771110535, 105.635643005, 45.9900245667, -0.0409685671329, 19.1449337006], [62.9832382202, -36.3691139221, -22.7149162292, 40.2877006531, -22.2965183258, -12.163687706, 17.3201904297, 28.5203819275, -20.3111896515, 45.9900245667, 149.891357422, 75.5396118164, 6.79395341873], [69.2698516846, -38.8372306824, -34.8410835266, 36.8135223389, -13.1164875031, -12.0242090225, 9.82821559906, 16.8673477173, -8.66598796844, -0.0409685671329, 75.5396118164, 110.878227234, 41.9843139648], [25.6255054474, -26.419298172, -24.2306213379, 29.9962463379, 12.6245965958, 0.389023244381, 6.49698972702, 2.42667984962, 7.47947645187, 19.1449337006, 6.79395341873, 41.9843139648, 85.2989349365]],
