{
"lowlevel": {
    "average_loudness": 0.919536888599,
    "barkbands_crest": {
        "dmean": 3.4076757431,
        "dmean2": 5.21425247192,
        "dvar": 10.7601671219,
        "dvar2": 25.8487110138,
        "max": 26.693157196,
        "mean": 14.2177848816,
        "median": 14.6091184616,
        "min": 2.42902684212,
        "var": 27.8548297882
    },
    "barkbands_flatness_db": {
        "dmean": 0.0497539080679,
        "dmean2": 0.0680050328374,
        "dvar": 0.00312375556678,
        "dvar2": 0.00613219337538,
        "max": 0.945688784122,
        "mean": 0.213932231069,
        "median": 0.199945032597,
        "min": 0.0186837278306,
        "var": 0.0104040820152
    },
    "barkbands_kurtosis": {
        "dmean": 34.6490821838,
        "dmean2": 56.1176834106,
        "dvar": 55595.0039062,
        "dvar2": 141004.484375,
        "max": 8870.68847656,
        "mean": 36.9644622803,
        "median": 8.1072511673,
        "min": -1.97091984749,
        "var": 46147.5117188
    },
    "barkbands_skewness": {
        "dmean": 1.74032843113,
        "dmean2": 2.56832480431,
        "dvar": 8.03097248077,
        "dvar2": 18.7683296204,
        "max": 76.404296875,
        "mean": 3.21656847,
        "median": 2.55986833572,
        "min": -6.71364784241,
        "var": 13.7498464584
    },
    "barkbands_spread": {
        "dmean": 17.8595027924,
        "dmean2": 26.9679088593,
        "dvar": 629.651733398,
        "dvar2": 1355.51147461,
        "max": 134.37663269,
        "mean": 30.2654590607,
        "median": 12.4173679352,
        "min": 0.0140550555661,
        "var": 1208.98583984
    },
    "dissonance": {
        "dmean": 0.0273263733834,
        "dmean2": 0.0438920930028,
        "dvar": 0.000776940549258,
        "dvar2": 0.00188828865066,
        "max": 0.500000119209,
        "mean": 0.445376634598,
        "median": 0.456739366055,
        "min": 0.107358954847,
        "var": 0.00204035756178
    },
    "dynamic_complexity": 5.19487333298,
    "erbbands_crest": {
        "dmean": 3.03225207329,
        "dmean2": 4.68975782394,
        "dvar": 8.92900657654,
        "dvar2": 18.5578918457,
        "max": 29.4783973694,
        "mean": 9.12021923065,
        "median": 7.88035106659,
        "min": 1.69006705284,
        "var": 22.0025463104
    },
    "erbbands_flatness_db": {
        "dmean": 0.0344508960843,
        "dmean2": 0.0471071451902,
        "dvar": 0.00151670898777,
        "dvar2": 0.0027065044269,
        "max": 0.565572977066,
        "mean": 0.143983185291,
        "median": 0.126716941595,
        "min": 0.0227534044534,
        "var": 0.00658144289628
    },
    "erbbands_kurtosis": {
        "dmean": 4.04889631271,
        "dmean2": 6.41267538071,
        "dvar": 313.083618164,
        "dvar2": 747.761352539,
        "max": 538.387695312,
        "mean": 3.56037974358,
        "median": 0.227660655975,
        "min": -1.93422424793,
        "var": 309.155395508
    },
    "erbbands_skewness": {
        "dmean": 0.822555541992,
        "dmean2": 1.17707514763,
        "dvar": 1.22059500217,
        "dvar2": 2.69428062439,
        "max": 19.5706367493,
        "mean": 0.597178936005,
        "median": 0.46514493227,
        "min": -4.44406414032,
        "var": 2.79855012894
    },
    "erbbands_spread": {
        "dmean": 25.0208778381,
        "dmean2": 37.0809860229,
        "dvar": 870.508239746,
        "dvar2": 1799.12426758,
        "max": 234.358276367,
        "mean": 60.3104057312,
        "median": 46.7069091797,
        "min": 0.375863730907,
        "var": 1862.54772949
    },
    "hfc": {
        "dmean": 65.4672241211,
        "dmean2": 97.9498291016,
        "dvar": 15224.7607422,
        "dvar2": 32606.3964844,
        "max": 1187.47387695,
        "mean": 82.936088562,
        "median": 12.3025074005,
        "min": 1.13140599515e-16,
        "var": 28029.0429688
    },
    "melbands_crest": {
        "dmean": 3.29295730591,
        "dmean2": 5.36543035507,
        "dvar": 10.3044319153,
        "dvar2": 25.8492202759,
        "max": 36.6161079407,
        "mean": 18.1000156403,
        "median": 18.9530639648,
        "min": 1.54284203053,
        "var": 24.4093894958
    },
    "melbands_flatness_db": {
        "dmean": 0.0594471395016,
        "dmean2": 0.0802581682801,
        "dvar": 0.00431780843064,
        "dvar2": 0.00843304488808,
        "max": 1,
        "mean": 0.305502951145,
        "median": 0.301959365606,
        "min": 0.00349430413917,
        "var": 0.0164893716574
    },
    "melbands_kurtosis": {
        "dmean": 45.4338645935,
        "dmean2": 71.871307373,
        "dvar": 8702.59570312,
        "dvar2": 22749.5253906,
        "max": 2168.60913086,
        "mean": 67.9452667236,
        "median": 34.3503723145,
        "min": -1.94579446316,
        "var": 11482.0341797
    },
    "melbands_skewness": {
        "dmean": 1.97236514091,
        "dmean2": 2.95344686508,
        "dvar": 5.59432840347,
        "dvar2": 13.8155441284,
        "max": 35.6629066467,
        "mean": 5.33175802231,
        "median": 4.6645989418,
        "min": -4.65351676941,
        "var": 12.8029661179
    },
    "melbands_spread": {
        "dmean": 10.9277629852,
        "dmean2": 16.8521022797,
        "dvar": 480.759460449,
        "dvar2": 1050.7043457,
        "max": 313.228546143,
        "mean": 19.655954361,
        "median": 6.94480323792,
        "min": 0.0921451821923,
        "var": 1245.06103516
    },
    "pitch_salience": {
        "dmean": 0.0975647270679,
        "dmean2": 0.151241496205,
        "dvar": 0.00839434377849,
        "dvar2": 0.0206481181085,
        "max": 0.933780729771,
        "mean": 0.427813440561,
        "median": 0.418090581894,
        "min": 0.00531110540032,
        "var": 0.0232128705829
    },
    "silence_rate_20dB": {
        "dmean": 0.000262106012087,
        "dmean2": 0.000524246424902,
        "dvar": 0.000262035056949,
        "dvar2": 0.00078608567128,
        "max": 1,
        "mean": 0.999868929386,
        "median": 1,
        "min": 0,
        "var": 0.000131018532556
    },
    "silence_rate_30dB": {
        "dmean": 0.0853155106306,
        "dmean2": 0.170642197132,
        "dvar": 0.0780462995172,
        "dvar2": 0.163013160229,
        "max": 1,
        "mean": 0.86738306284,
        "median": 1,
        "min": 0,
        "var": 0.115022651851
    },
    "silence_rate_60dB": {
        "dmean": 0.0296179801226,
        "dmean2": 0.0592398419976,
        "dvar": 0.0287428814918,
        "dvar2": 0.0686936378479,
        "max": 1,
        "mean": 0.137662172318,
        "median": 0,
        "min": 0,
        "var": 0.118711456656
    },
    "spectral_centroid": {
        "dmean": 443.324127197,
        "dmean2": 653.304992676,
        "dvar": 401278.84375,
        "dvar2": 849587.125,
        "max": 11067.2333984,
        "mean": 1139.81152344,
        "median": 731.898193359,
        "min": 54.3223571777,
        "var": 1156904.375
    },
    "spectral_complexity": {
        "dmean": 3.74575710297,
        "dmean2": 5.47431182861,
        "dvar": 35.7245559692,
        "dvar2": 63.0258636475,
        "max": 61,
        "mean": 10.5479621887,
        "median": 8,
        "min": 0,
        "var": 100.629829407
    },
    "spectral_decrease": {
        "dmean": 5.30764454609e-09,
        "dmean2": 8.00506594345e-09,
        "dvar": 5.22741850448e-17,
        "dvar2": 1.18977053568e-16,
        "max": 1.04570518911e-09,
        "mean": -1.35327340445e-08,
        "median": -1.33287896276e-08,
        "min": -1.13703634952e-07,
        "var": 1.29784942512e-16
    },
    "spectral_energy": {
        "dmean": 0.0233603212982,
        "dmean2": 0.0349069535732,
        "dvar": 0.00103358482011,
        "dvar2": 0.00233749835752,
        "max": 0.465212702751,
        "mean": 0.0585982054472,
        "median": 0.0555234327912,
        "min": 1.04978598216e-20,
        "var": 0.00246607000008
    },
    "spectral_energyband_high": {
        "dmean": 0.0055910856463,
        "dmean2": 0.00832674279809,
        "dvar": 0.000108731299406,
        "dvar2": 0.000230648030993,
        "max": 0.0985252708197,
        "mean": 0.00672813784331,
        "median": 0.000225843774388,
        "min": 7.89189111747e-21,
        "var": 0.000204904645216
    },
    "spectral_energyband_low": {
        "dmean": 0.0175798274577,
        "dmean2": 0.0262037273496,
        "dvar": 0.000530423829332,
        "dvar2": 0.0011635198025,
        "max": 0.343226611614,
        "mean": 0.0422918312252,
        "median": 0.0419693551958,
        "min": 6.13159745958e-23,
        "var": 0.00140887417365
    },
    "spectral_energyband_middle_high": {
        "dmean": 0.00100041483529,
        "dmean2": 0.00151553214528,
        "dvar": 5.96294148636e-06,
        "dvar2": 1.20825288832e-05,
        "max": 0.0406475588679,
        "mean": 0.00171259406488,
        "median": 0.000643003731966,
        "min": 1.35076614936e-21,
        "var": 1.02864914879e-05
    },
    "spectral_energyband_middle_low": {
        "dmean": 0.0054908269085,
        "dmean2": 0.00852353870869,
        "dvar": 0.000192169012735,
        "dvar2": 0.000476685614558,
        "max": 0.208880141377,
        "mean": 0.00903618149459,
        "median": 0.00574109423906,
        "min": 4.12261763538e-22,
        "var": 0.000212270388147
    },
    "spectral_entropy": {
        "dmean": 0.462433516979,
        "dmean2": 0.622724056244,
        "dvar": 0.311760008335,
        "dvar2": 0.58154886961,
        "max": 9.77853393555,
        "mean": 7.41620254517,
        "median": 7.4921412468,
        "min": 2.39935088158,
        "var": 0.982976317406
    },
    "spectral_flux": {
        "dmean": 0.0462864674628,
        "dmean2": 0.0712957680225,
        "dvar": 0.00318936281838,
        "dvar2": 0.00717968866229,
        "max": 0.594000160694,
        "mean": 0.107998512685,
        "median": 0.0925713181496,
        "min": 1.02459062068e-10,
        "var": 0.00629466259852
    },
    "spectral_kurtosis": {
        "dmean": 4.04330873489,
        "dmean2": 6.11965751648,
        "dvar": 168.94442749,
        "dvar2": 421.525634766,
        "max": 635.504333496,
        "mean": 6.69194173813,
        "median": 2.89817237854,
        "min": -1.18604671955,
        "var": 214.801559448
    },
    "spectral_rms": {
        "dmean": 0.0014847505372,
        "dmean2": 0.00215777615085,
        "dvar": 3.15074271384e-06,
        "dvar2": 6.65286370349e-06,
        "max": 0.0213041324168,
        "mean": 0.00660198787227,
        "median": 0.00735997315496,
        "min": 3.20028357113e-12,
        "var": 1.35829468491e-05
    },
    "spectral_rolloff": {
        "dmean": 2034.9876709,
        "dmean2": 3624.109375,
        "dvar": 14021963,
        "dvar2": 31463526,
        "max": 20176.6113281,
        "mean": 3180.11352539,
        "median": 430.6640625,
        "min": 21.533203125,
        "var": 25442860
    },
    "spectral_skewness": {
        "dmean": 0.521526038647,
        "dmean2": 0.72181981802,
        "dvar": 0.607092797756,
        "dvar2": 1.2695555687,
        "max": 21.9937553406,
        "mean": 1.80892395973,
        "median": 1.59310126305,
        "min": -0.00713937776163,
        "var": 1.58506190777
    },
    "spectral_spread": {
        "dmean": 2083354.25,
        "dmean2": 2808425,
        "dvar": 7.16465713971e+12,
        "dvar2": 1.21559549215e+13,
        "max": 40355492,
        "mean": 8127004.5,
        "median": 7243475,
        "min": 200603.328125,
        "var": 2.10471936328e+13
    },
    "spectral_strongpeak": {
        "dmean": 0.371618956327,
        "dmean2": 0.642674565315,
        "dvar": 2.30282521248,
        "dvar2": 5.57304573059,
        "max": 40.1030158997,
        "mean": 0.654753983021,
        "median": 0.49950158596,
        "min": 0,
        "var": 2.55081605911
    },
    "zerocrossingrate": {
        "dmean": 0.0361743420362,
        "dmean2": 0.0402650907636,
        "dvar": 0.00175701151602,
        "dvar2": 0.00213029002771,
        "max": 0.5673828125,
        "mean": 0.0967456549406,
        "median": 0.04931640625,
        "min": 0.00244140625,
        "var": 0.0126429023221
    },
    "barkbands": {
        "dmean": [0.000424627418397, 0.0131613975391, 0.00650758855045, 0.00140264164656, 0.00201639230363, 0.00143169390503, 0.000707722036168, 0.00100920686964, 0.000642816070467, 0.000235142477322, 0.000151784610352, 0.000116662435175, 0.000139968527947, 8.92822063179e-05, 0.000139317169669, 0.000129696185468, 7.7668177255e-05, 9.38725715969e-05, 9.38746525208e-05, 0.000188474441529, 0.00021135690622, 0.000378227327019, 0.000538174470421, 0.00103142706212, 0.00132575666066, 0.00133866805118, 0.000886748370249],
        "dmean2": [0.000652888498735, 0.0196924004704, 0.010019636713, 0.00220982544124, 0.00345596042462, 0.00226823124103, 0.00107162620407, 0.00164730078541, 0.00112286978401, 0.000386759114917, 0.000253398087807, 0.000188463978702, 0.00023198130657, 0.000148900580825, 0.000218525936361, 0.000203548843274, 0.000120623284602, 0.000142794509884, 0.000141028620419, 0.000286342867184, 0.000313946773531, 0.000588601862546, 0.000835753511637, 0.00159579725005, 0.00205541867763, 0.00213390844874, 0.00137826777063],
        "dvar": [1.95776510736e-06, 0.000315468932968, 8.67295530043e-05, 6.9720827014e-06, 4.0427174099e-05, 1.26928289319e-05, 1.87327486856e-06, 9.35497519094e-06, 7.87114186096e-06, 3.55489589765e-07, 2.22618808721e-07, 7.618392317e-08, 2.40092248305e-07, 1.53440240069e-07, 1.29506574353e-07, 1.40028689088e-07, 4.69138257131e-08, 1.35975241733e-07, 6.18151503318e-08, 3.60109055464e-07, 2.95415730989e-07, 8.84256621703e-07, 1.24323514683e-06, 4.31889293395e-06, 7.25202835383e-06, 7.78178036853e-06, 3.53283326149e-06],
        "dvar2": [4.38640245193e-06, 0.000674698327202, 0.000225663257879, 1.81718896783e-05, 0.00011165712931, 3.39379948855e-05, 4.2923456931e-06, 2.17616670852e-05, 2.07812263397e-05, 8.5791566562e-07, 6.06990965935e-07, 1.87777786209e-07, 6.50356014376e-07, 4.02413490974e-07, 2.96640592978e-07, 3.22035731415e-07, 1.02847856454e-07, 3.20156260614e-07, 1.33402764391e-07, 8.37591471736e-07, 6.25663233222e-07, 2.10150210478e-06, 2.71132148555e-06, 9.40059544519e-06, 1.56194837473e-05, 1.7523416318e-05, 7.70319547883e-06],
        "max": [0.0379552394152, 0.203298419714, 0.150840342045, 0.0593607574701, 0.0886573120952, 0.0704175755382, 0.0418897680938, 0.0579098053277, 0.0480197146535, 0.0158505924046, 0.0107818823308, 0.0048084394075, 0.00988054834306, 0.00761898281053, 0.00765240751207, 0.00689628813416, 0.00807260535657, 0.00653622718528, 0.00373498094268, 0.00908029545099, 0.00939834304154, 0.0190664771944, 0.0180134661496, 0.0210764221847, 0.0265146996826, 0.0280257947743, 0.0213791131973],
        "mean": [0.000819029752165, 0.0310065597296, 0.00935446750373, 0.002109431196, 0.00204958627, 0.00204585329629, 0.00106130505446, 0.00112885504495, 0.000541463668924, 0.000320715946145, 0.000200104856049, 0.000143536133692, 0.000192834326299, 8.85586196091e-05, 0.00020066012803, 0.00017817466869, 9.77593372227e-05, 9.90409171209e-05, 0.000118536998343, 0.000218926681555, 0.000275087804766, 0.000440280884504, 0.000672401394695, 0.00121448200662, 0.00151019066107, 0.00150835246313, 0.00100210064556],
        "median": [8.5005100118e-05, 0.0310161300004, 0.00595054309815, 0.00146048050374, 0.000593838689383, 0.000828013988212, 0.000525180366822, 0.000234336330323, 6.12201256445e-05, 5.64255133213e-05, 2.91051273962e-05, 2.61609129666e-05, 2.8660555472e-05, 1.30757907755e-05, 3.72951762984e-05, 2.57028805208e-05, 1.60238632816e-05, 1.36197313623e-05, 1.93427968043e-05, 1.98571942747e-05, 2.17579963646e-05, 2.38632528635e-05, 2.31728099607e-05, 3.28436290147e-05, 3.80108685931e-05, 2.38097054535e-05, 1.2693671124e-05],
        "min": [2.00362071342e-24, 2.1954857273e-23, 2.58685161306e-23, 1.49609079951e-23, 1.51906791955e-22, 7.479621276e-23, 3.50408984873e-23, 3.69931651447e-23, 7.46622831109e-23, 5.57042831734e-23, 6.68709753182e-23, 1.11887770948e-23, 7.35996559172e-23, 8.40622865487e-23, 1.92353394505e-22, 1.26970015216e-22, 2.29126555809e-22, 2.52482669864e-22, 1.60285984137e-22, 3.5055178763e-22, 5.60458182935e-22, 3.7318121564e-22, 7.68963435054e-22, 9.36687733817e-22, 9.65452959814e-22, 2.06469168044e-21, 2.15333046465e-21],
        "var": [4.46523517894e-06, 0.000814991130028, 0.000117054878501, 7.88442412158e-06, 3.04479362967e-05, 1.79936232598e-05, 3.39272423844e-06, 9.95064601739e-06, 5.87471504332e-06, 6.24469009836e-07, 3.26286254904e-07, 1.08058280546e-07, 2.95930306038e-07, 1.22248067669e-07, 2.3269574001e-07, 1.97828029513e-07, 7.99221950842e-08, 1.3397469445e-07, 1.017090554e-07, 5.14578061939e-07, 6.02140005412e-07, 1.38773941671e-06, 2.32319871429e-06, 7.53290578359e-06, 1.22293058666e-05, 1.32072145789e-05, 6.09875905866e-06]
    },
    "erbbands": {
        "dmean": [0.229922130704, 3.49115681648, 7.93223524094, 6.00949048996, 3.69612526894, 6.90727949142, 14.4770584106, 11.9818592072, 10.5686683655, 13.8017845154, 19.144285202, 17.0895252228, 6.86498737335, 6.55946874619, 7.0016078949, 5.25034618378, 6.6012005806, 4.66171169281, 7.80813026428, 5.47299575806, 6.09765768051, 3.90848040581, 4.79531383514, 4.9415230751, 6.64577627182, 8.43471431732, 8.2471818924, 11.3639450073, 12.8527126312, 13.303030014, 16.3866653442, 22.1799087524, 16.9672260284, 11.4380273819, 10.7140130997, 5.58827638626, 2.8236041069, 1.03340697289, 0.115728028119, 0.00785346794873],
        "dmean2": [0.348024308681, 5.2066693306, 12.0393877029, 9.19472789764, 6.27292585373, 11.9909620285, 23.4268474579, 19.0235309601, 15.988322258, 21.3507461548, 32.5517349243, 29.9739818573, 11.5550804138, 10.6602277756, 11.6681861877, 8.48120975494, 10.8837375641, 7.50651979446, 12.5321979523, 8.44359302521, 9.54005527496, 5.982858181, 7.17583084106, 7.2977976799, 10.2851104736, 12.6567525864, 12.4975271225, 17.396818161, 19.7554893494, 20.2441139221, 25.6251907349, 34.604347229, 26.6290950775, 17.4746055603, 16.9007549286, 8.9457025528, 4.55036401749, 1.64559292793, 0.178479343653, 0.0117192249745],
        "dvar": [0.167265117168, 20.6767406464, 114.554222107, 90.8832244873, 107.967224121, 553.078979492, 1367.58728027, 955.940734863, 370.478271484, 1656.3581543, 3780.2409668, 5505.69726562, 350.970703125, 329.280517578, 502.185394287, 157.983169556, 547.581848145, 257.054748535, 463.812927246, 205.42237854, 383.38394165, 118.358955383, 214.3256073, 281.819122314, 415.700500488, 654.654846191, 577.106323242, 558.893310547, 1388.48999023, 975.485473633, 1119.22229004, 2192.01464844, 1171.37365723, 489.382995605, 516.990844727, 142.393661499, 36.5421485901, 4.97439002991, 0.0580329112709, 0.000268262025202],
        "dvar2": [0.350657731295, 44.8434829712, 288.386749268, 230.258392334, 304.0234375, 1517.86437988, 3753.40722656, 2567.88134766, 881.910644531, 3212.13574219, 9423.61425781, 14740.5097656, 855.046264648, 781.660400391, 1376.09985352, 393.660583496, 1483.39501953, 608.553894043, 1133.01757812, 456.959014893, 860.648925781, 237.256759644, 441.607330322, 620.886657715, 973.534118652, 1469.50744629, 1293.04455566, 1204.47766113, 3379.49658203, 2217.16040039, 2454.74755859, 4711.80615234, 2643.18139648, 1028.5826416, 1138.73779297, 324.240814209, 85.0910568237, 11.3016462326, 0.126216948032, 0.000548435433302],
        "max": [4.86619281769, 58.4615592957, 171.900314331, 207.617172241, 179.550598145, 328.506500244, 530.331176758, 694.238342285, 678.855407715, 881.774291992, 855.48449707, 1283.43933105, 394.842651367, 602.156982422, 531.668151855, 241.285736084, 474.873016357, 304.242095947, 455.663116455, 264.105224609, 394.244140625, 322.25390625, 271.309661865, 286.495300293, 306.960601807, 512.98236084, 435.189117432, 364.002593994, 687.223388672, 520.59765625, 438.263641357, 504.071014404, 355.483764648, 244.278045654, 224.096878052, 140.266845703, 54.8548965454, 22.6478099823, 2.45981669426, 0.224044829607],
        "mean": [0.565212130547, 8.04484081268, 13.1281652451, 9.29574108124, 4.11799049377, 6.62968540192, 18.5090465546, 15.8310232162, 15.8260955811, 18.6082935333, 20.4472370148, 14.9638652802, 8.17277145386, 9.34327316284, 9.60577964783, 7.26224660873, 9.16687297821, 5.59950447083, 10.9177846909, 8.30162239075, 7.64543676376, 5.03708410263, 5.65236234665, 5.86600589752, 7.66400623322, 10.3127756119, 10.2464208603, 13.665137291, 14.8523864746, 16.520614624, 20.2180480957, 25.851858139, 19.4314308167, 13.5678091049, 11.7663536072, 6.2490644455, 3.06060910225, 1.14170455933, 0.131388500333, 0.00910715758801],
        "median": [0.574716687202, 7.87230443954, 9.47956848145, 6.78973007202, 2.20924711227, 1.49684357643, 6.0386505127, 6.09830284119, 7.83603096008, 6.92082500458, 3.89451551437, 2.10716795921, 1.12416124344, 2.08390974998, 1.76130151749, 1.57207918167, 1.50857210159, 1.25121212006, 2.06897544861, 1.83104515076, 1.40380132198, 0.897262275219, 0.874890863895, 0.948539316654, 0.922849416733, 0.992553412914, 0.795730233192, 1.0163205862, 0.795404434204, 0.775980830193, 0.673191308975, 0.622849345207, 0.565694272518, 0.408277571201, 0.257400542498, 0.112609654665, 0.0419123210013, 0.0126525852829, 0.00189177191351, 0.000199394155061],
        "min": [6.93532025182e-22, 4.99874129895e-21, 2.59292590767e-20, 5.45620545879e-20, 1.44126398968e-19, 6.45626513915e-19, 7.27993953988e-19, 5.05991343782e-19, 3.18971390753e-19, 8.07194119496e-19, 9.8033723887e-19, 2.01817014776e-18, 1.80092294719e-18, 1.83683540708e-18, 2.09300021469e-18, 7.78283381606e-19, 3.24366221349e-18, 4.82349446541e-18, 8.01806681827e-18, 1.21756387044e-17, 5.02350260162e-18, 1.34672613785e-17, 1.24915001028e-17, 8.45530621826e-18, 1.13036654345e-17, 1.64635494396e-17, 2.30474256964e-17, 2.00253444895e-17, 1.30388595762e-17, 1.72792239698e-17, 2.53060903354e-17, 2.2246332706e-17, 1.32368254035e-17, 9.02166354878e-18, 8.64618641641e-18, 7.20676393757e-18, 3.90723229115e-18, 1.41804306533e-18, 3.23160931309e-19, 2.87293171489e-20],
        "var": [0.320566564798, 55.6315536499, 194.835250854, 120.784568787, 75.6815185547, 415.791564941, 1477.09423828, 1196.38745117, 697.074035645, 2194.97436523, 3642.09619141, 4030.25097656, 537.771362305, 544.332702637, 706.969360352, 242.311019897, 675.293334961, 270.173980713, 756.971313477, 340.67175293, 456.49118042, 203.706176758, 288.204223633, 342.620422363, 543.163330078, 1142.71948242, 1039.74267578, 1039.92907715, 2107.68969727, 1716.97717285, 2018.95849609, 3773.44311523, 1923.13427734, 895.222045898, 801.231933594, 224.68397522, 58.0657615662, 8.36095809937, 0.0990743860602, 0.000495114771184]
    },
    "gfcc": {
        "mean": [-61.8665657043, 56.8463439941, -49.4520225525, 20.9475498199, -49.6223716736, 11.6331443787, -32.7856483459, 8.20700645447, -10.9559373856, 11.748588562, -6.77377700806, 3.69398522377, -6.37666416168],
        "cov": [[45515.1875, -1393.74951172, 3721.74291992, 3588.9934082, 1404.27062988, 2552.45654297, 1059.03686523, 1157.73681641, 1.52019560337, -143.532791138, -794.713500977, -508.300201416, -932.864318848], [-1393.74951172, 4861.60351562, -1292.66003418, 9.65143108368, 454.131896973, -140.087936401, 146.929519653, -88.1909332275, 154.975891113, -75.8937225342, 294.343109131, -137.36000061, 155.499725342], [3721.74291992, -1292.66003418, 2655.04589844, 1146.17041016, 545.181030273, 708.33605957, 412.556976318, 280.097015381, 10.8242645264, -52.2732124329, -240.755584717, -112.540298462, -258.808685303], [3588.9934082, 9.65143108368, 1146.17041016, 1650.21606445, 669.063842773, 635.808837891, 419.297332764, 313.510437012, 67.4737243652, -79.8501281738, -127.650039673, -165.297927856, -174.724365234], [1404.27062988, 454.131896973, 545.181030273, 669.063842773, 725.080749512, 436.783355713, 287.127471924, 172.052703857, 65.8173980713, -65.7776184082, -76.9300689697, -125.262001038, -92.0390090942], [2552.45654297, -140.087936401, 708.33605957, 635.808837891, 436.783355713, 578.371154785, 311.074188232, 201.89541626, 33.0577545166, -15.7630786896, -92.4654693604, -78.0290527344, -130.881027222], [1059.03686523, 146.929519653, 412.556976318, 419.297332764, 287.127471924, 311.074188232, 317.04598999, 160.132766724, 18.8188076019, -33.8397941589, -12.1710996628, -51.1753768921, -77.0140457153], [1157.73681641, -88.1909332275, 280.097015381, 313.510437012, 172.052703857, 201.89541626, 160.132766724, 185.337722778, 61.9846420288, 7.92432451248, -33.1008033752, -21.6325016022, -56.4271850586], [1.52019560337, 154.975891113, 10.8242645264, 67.4737243652, 65.8173980713, 33.0577545166, 18.8188076019, 61.9846420288, 149.169586182, 65.3823928833, -6.43661928177, -14.3061189651, 19.4601573944], [-143.532791138, -75.8937225342, -52.2732124329, -79.8501281738, -65.7776184082, -15.7630786896, -33.8397941589, 7.92432451248, 65.3823928833, 120.06665802, 48.4425888062, 28.8524074554, 9.51254081726], [-794.713500977, 294.343109131, -240.755584717, -127.650039673, -76.9300689697, -92.4654693604, -12.1710996628, -33.1008033752, -6.43661928177, 48.4425888062, 144.9634552, 60.1012878418, 35.4738426208], [-508.300201416, -137.36000061, -112.540298462, -165.297927856, -125.262001038, -78.0290527344, -51.1753768921, -21.6325016022, -14.3061189651, 28.8524074554, 60.1012878418, 117.263816833, 61.1887817383], [-932.864318848, 155.499725342, -258.808685303, -174.724365234, -92.0390090942, -130.881027222, -77.0140457153, -56.4271850586, 19.4601573944, 9.51254081726, 35.4738426208, 61.1887817383, 126.138824463]],
        "icov": [[3.55215888703e-05, -2.29105662584e-05, -4.6640675464e-06, -3.27120615111e-05, 6.90857195877e-05, -0.000151876229211, 0.000122992947581, -0.000159771327162, 0.000102078993223, -4.04867096222e-05, 0.000119364129205, -1.37593769978e-05, 9.29181915126e-05], [-2.29105662584e-05, 0.00046879783622, 0.000177860929398, 2.73960940831e-05, -0.000339842721587, 7.27753213141e-05, -0.000287410541205, 0.000500205322169, -0.000869046081789, 0.000933505652938, -0.00143376807682, 0.000952569476794, -0.000463842588942], [-4.6640675464e-06, 0.000177860929398, 0.000831311044749, -0.000339989870554, -0.000184228672879, -9.11486858968e-05, -0.000687515479513, 0.000707425642759, -0.000274510821328, -0.000165402758284, 0.000794105231762, -0.000764031079598, 0.000850786047522], [-3.27120615111e-05, 2.73960940831e-05, -0.000339989870554, 0.00151579850353, -0.000413633882999, -0.000551492150407, 0.000205468721106, -0.0012239824282, -0.00012289629376, 0.000875371042639, -0.00101269816514, 0.00135089224204, -0.00058732269099], [6.90857195877e-05, -0.000339842721587, -0.000184228672879, -0.000413633882999, 0.00391875999048, -0.00242243963294, 0.000188264355529, -0.000501301779877, -0.0010729895439, 0.0018220936181, -0.000352957285941, 0.00151038402691, -0.000389804597944], [-0.000151876229211, 7.27753213141e-05, -9.11486858968e-05, -0.000551492150407, -0.00242243963294, 0.00783695373684, -0.00480940518901, 0.000570380070712, 0.00135641230736, -0.00405916618183, 0.00386014929973, -0.00253769522533, 0.00176122039557], [0.000122992947581, -0.000287410541205, -0.000687515479513, 0.000205468721106, 0.000188264355529, -0.00480940518901, 0.0120679838583, -0.00701394304633, 0.000979678006843, 0.00420751236379, -0.00577359460294, 0.00333822518587, -0.000948563858401], [-0.000159771327162, 0.000500205322169, 0.000707425642759, -0.0012239824282, -0.000501301779877, 0.000570380070712, -0.00701394304633, 0.0173274483532, -0.00760979950428, 0.000522885995451, 0.00246243923903, -0.00613981252536, 0.00507322419435], [0.000102078993223, -0.000869046081789, -0.000274510821328, -0.00012289629376, -0.0010729895439, 0.00135641230736, 0.000979678006843, -0.00760979950428, 0.0176603179425, -0.0123858693987, 0.00541338184848, 0.00333690131083, -0.00602036062628], [-4.04867096222e-05, 0.000933505652938, -0.000165402758284, 0.000875371042639, 0.0018220936181, -0.00405916618183, 0.00420751236379, 0.000522885995451, -0.0123858693987, 0.0220280475914, -0.0116715095937, 0.000966370978858, 0.00240672449581], [0.000119364129205, -0.00143376807682, 0.000794105231762, -0.00101269816514, -0.000352957285941, 0.00386014929973, -0.00577359460294, 0.00246243923903, 0.00541338184848, -0.0116715095937, 0.0209819339216, -0.0107911024243, 0.00358001980931], [-1.37593769978e-05, 0.000952569476794, -0.000764031079598, 0.00135089224204, 0.00151038402691, -0.00253769522533, 0.00333822518587, -0.00613981252536, 0.00333690131083, 0.000966370978858, -0.0107911024243, 0.0228994879872, -0.0118731660768], [9.29181915126e-05, -0.000463842588942, 0.000850786047522, -0.00058732269099, -0.000389804597944, 0.00176122039557, -0.000948563858401, 0.00507322419435, -0.00602036062628, 0.00240672449581, 0.00358001980931, -0.0118731660768, 0.0188522245735]]
    },
    "melbands": {
        "dmean": [0.00291587249376, 0.00432566134259, 0.000962181715295, 0.000337699049851, 0.000486925040605, 0.000252842670307, 0.000160208452144, 0.000171424078871, 0.000150529158418, 9.81286357273e-05, 3.15287798003e-05, 2.75394340861e-05, 2.16587304749e-05, 1.57165923156e-05, 1.36299722726e-05, 1.28092169689e-05, 8.72718192113e-06, 1.24329053506e-05, 8.02410340839e-06, 8.96930487215e-06, 6.85197710482e-06, 3.27698739966e-06, 6.24780250291e-06, 4.28164184996e-06, 4.02426621804e-06, 4.03579815611e-06, 6.58316275803e-06, 5.23134303876e-06, 5.11044163432e-06, 5.00681699123e-06, 8.11400514067e-06, 7.69078997109e-06, 6.26078372079e-06, 8.3569502749e-06, 9.5929717645e-06, 1.29381332954e-05, 1.23510499179e-05, 1.18140678751e-05, 1.05178096419e-05, 9.69829852693e-06],
        "dmean2": [0.00436352705583, 0.00646951235831, 0.0014757879544, 0.000587044516578, 0.000795646337792, 0.000400702847401, 0.000242969268584, 0.000268127798336, 0.000257255422184, 0.00017190539802, 5.32346130058e-05, 4.47328129667e-05, 3.60442754754e-05, 2.5643452318e-05, 2.21261270781e-05, 2.14643532672e-05, 1.43829183799e-05, 2.03557028726e-05, 1.26320501295e-05, 1.39238172778e-05, 1.08797012217e-05, 4.9850286814e-06, 9.75332386588e-06, 6.49191906632e-06, 6.0057286646e-06, 6.26586643193e-06, 1.04685577753e-05, 7.81663038651e-06, 7.8386219684e-06, 7.7637441791e-06, 1.27643370433e-05, 1.19925325635e-05, 9.80731601885e-06, 1.29452118927e-05, 1.5373710994e-05, 2.00253343792e-05, 1.93667474377e-05, 1.87825207831e-05, 1.66647860169e-05, 1.47250693772e-05],
        "dvar": [1.91911476577e-05, 3.03654778691e-05, 2.36830260292e-06, 1.25194651446e-06, 1.72949694388e-06, 4.20982530613e-07, 8.73408083635e-08, 2.64833659003e-07, 2.46442453999e-07, 1.80043613796e-07, 7.14420256287e-09, 6.27757312799e-09, 4.71596273144e-09, 1.4673715576e-09, 2.09062744894e-09, 1.75188041851e-09, 1.16635479053e-09, 1.30835875467e-09, 6.38294139765e-10, 4.36298525086e-10, 7.01624314203e-10, 8.97897589613e-11, 3.35222433145e-10, 2.62475069457e-10, 1.88774954002e-10, 1.1981443615e-10, 5.56324875056e-10, 2.44996606336e-10, 2.35670649662e-10, 1.99338642815e-10, 2.62864063849e-10, 4.44909165065e-10, 3.19140408545e-10, 3.83804099613e-10, 4.29763502563e-10, 7.10647984903e-10, 7.06215197432e-10, 6.02176308817e-10, 4.36754438171e-10, 3.5049818603e-10],
        "dvar2": [3.98968259105e-05, 7.1787260822e-05, 6.00342991675e-06, 3.47795798916e-06, 4.73646105092e-06, 1.12458474177e-06, 2.08043999805e-07, 5.29944202299e-07, 6.09221615377e-07, 4.80763787891e-07, 1.72829341949e-08, 1.48659395904e-08, 1.29345751887e-08, 3.79196141154e-09, 5.4982458586e-09, 4.77613681937e-09, 2.95154745089e-09, 3.34213612341e-09, 1.51954437921e-09, 1.00960229066e-09, 1.60605595489e-09, 1.93041721497e-10, 7.51723294723e-10, 6.20924089922e-10, 4.19660972639e-10, 2.65893529416e-10, 1.42061085118e-09, 5.34019384268e-10, 5.29980226371e-10, 4.67863303655e-10, 5.89102988613e-10, 1.09322462194e-09, 7.70305319531e-10, 8.83579542865e-10, 9.98236493466e-10, 1.55587620565e-09, 1.52860701874e-09, 1.37362066166e-09, 9.98064519919e-10, 7.26919580085e-10],
        "max": [0.0506766811013, 0.0904045477509, 0.0306925959885, 0.0172511506826, 0.017934050411, 0.0144303115085, 0.00996084883809, 0.0108790826052, 0.005991328042, 0.007456373889, 0.00197625719011, 0.00262396153994, 0.00154329743236, 0.000874090066645, 0.000971346569713, 0.000765783304814, 0.000598650600296, 0.00067026616307, 0.000607670692261, 0.000414862879552, 0.000559545820579, 0.000266812596237, 0.000548119249288, 0.000284671754343, 0.000231189813348, 0.000155730522238, 0.000384667830076, 0.000338576675858, 0.000291624077363, 0.000232033227803, 0.000212666011066, 0.000351815368049, 0.000388394459151, 0.000317084981361, 0.000300608284306, 0.000306319328956, 0.000288172450382, 0.000282411027001, 0.00023907943978, 0.00020428429707],
        "mean": [0.00735671911389, 0.00865720119327, 0.00147227453999, 0.000313652504701, 0.00060116010718, 0.000343188468833, 0.000236457199208, 0.000217874039663, 0.00015452344087, 8.51833901834e-05, 3.83347651223e-05, 3.82112048101e-05, 2.89498457278e-05, 2.10118287214e-05, 1.89359216165e-05, 1.71894862433e-05, 9.18436035136e-06, 1.65984583873e-05, 1.06862898974e-05, 1.43821862366e-05, 7.44278713682e-06, 4.12609324485e-06, 7.1318982009e-06, 4.47825186711e-06, 4.65827315566e-06, 4.81457345813e-06, 7.03528530721e-06, 6.52559856462e-06, 6.25239226792e-06, 5.88423336012e-06, 9.27394648897e-06, 8.587472621e-06, 7.43216924093e-06, 1.01549203464e-05, 1.13470186989e-05, 1.52228385559e-05, 1.42443759614e-05, 1.32603554448e-05, 1.21713801491e-05, 1.13982769108e-05],
        "median": [0.00768003100529, 0.00756698939949, 0.00107405544259, 8.36908438941e-05, 0.000188613237697, 0.000133941619424, 0.000112890833407, 6.98256772012e-05, 2.67172326858e-05, 1.08398562588e-05, 4.7518115025e-06, 7.80514164944e-06, 4.3008431021e-06, 4.75964770885e-06, 3.13165355692e-06, 2.92978074867e-06, 1.44424348036e-06, 2.99134717352e-06, 2.06805498237e-06, 2.00445083465e-06, 1.26919030663e-06, 7.32442913431e-07, 8.75350565366e-07, 6.31382363281e-07, 7.00001351106e-07, 6.83683538227e-07, 5.2543214224e-07, 6.84730366629e-07, 4.78542347082e-07, 4.3529632876e-07, 6.27583631285e-07, 4.48000776032e-07, 4.07232533917e-07, 4.10354289215e-07, 3.93942514165e-07, 3.78939660095e-07, 3.67484602748e-07, 3.96909229039e-07, 3.51193619963e-07, 3.38029735758e-07],
        "min": [5.89462782462e-24, 1.10233718956e-23, 9.50014301877e-24, 2.78094989216e-23, 2.95456776443e-23, 1.2501163962e-23, 5.28427983136e-24, 8.24900488993e-24, 8.8169460875e-24, 1.21262586057e-23, 9.10803339494e-24, 7.25231147948e-24, 8.8192101183e-24, 1.6885123942e-24, 4.65021394613e-24, 7.18872140191e-24, 8.55278654706e-24, 1.15144472754e-23, 1.39896403605e-23, 1.38734869031e-23, 5.0665577714e-24, 1.28824267484e-23, 1.55591943052e-23, 9.79454511974e-24, 6.16130028148e-24, 7.06986688476e-24, 8.41809091407e-24, 1.2246104721e-23, 1.360025704e-23, 1.43798425187e-23, 9.92974877915e-24, 6.36938206675e-24, 8.62692685037e-24, 1.01427609451e-23, 1.49500548468e-23, 1.3659528893e-23, 1.31716838985e-23, 8.2330888323e-24, 8.59532744909e-24, 7.38755931509e-24],
        "var": [4.60527662653e-05, 6.92824687576e-05, 3.07217123918e-06, 8.69799350767e-07, 1.70817850176e-06, 5.62702439311e-07, 1.60808866667e-07, 3.33654213591e-07, 2.33156967511e-07, 1.33365475108e-07, 1.19353931183e-08, 1.0241129722e-08, 6.89651624697e-09, 2.13251460934e-09, 2.71836397836e-09, 2.01806238387e-09, 1.04153430325e-09, 1.84008552839e-09, 8.00657151689e-10, 1.00503583234e-09, 7.17854331533e-10, 1.41201925152e-10, 4.81734541147e-10, 2.63123300925e-10, 2.26074936549e-10, 1.82806700333e-10, 6.07314587509e-10, 4.46396447584e-10, 4.04888705896e-10, 3.21040916074e-10, 4.29771440658e-10, 6.532239194e-10, 4.88323104175e-10, 6.50329512464e-10, 6.84942991214e-10, 1.25861909783e-09, 1.16485499024e-09, 9.23050247348e-10, 7.36672334245e-10, 6.37517760804e-10]
    },
    "mfcc": {
        "mean": [-714.13067627, 101.189369202, 48.8322677612, 20.9620666504, 12.5959882736, 6.97025823593, -0.594798803329, 0.312220215797, 2.78805446625, 6.10491943359, 4.28451871872, 5.76870679855, 7.93067407608],
        "cov": [[21912.4179688, 146.503982544, 2113.06811523, 893.706420898, 862.963989258, 963.086425781, 749.216918945, 746.102966309, 643.956420898, 540.077209473, 225.003753662, 186.921112061, -43.848777771], [146.503982544, 3464.40942383, -594.077087402, 180.5859375, 172.245132446, 141.077880859, 131.646286011, 87.9937057495, 37.0658760071, 78.1385421753, 120.213302612, 62.2435684204, 137.845321655], [2113.06811523, -594.077087402, 1658.49536133, 639.132141113, 431.713867188, 416.760955811, 320.296630859, 289.575317383, 237.965560913, 170.730682373, 79.9068603516, 19.2736549377, -55.9887733459], [893.706420898, 180.5859375, 639.132141113, 921.979309082, 477.831420898, 377.858612061, 315.608123779, 293.984466553, 211.777984619, 173.213470459, 90.9998168945, 11.7673206329, -5.76646661758], [862.963989258, 172.245132446, 431.713867188, 477.831420898, 503.477355957, 352.331359863, 271.45892334, 235.433013916, 190.326934814, 148.318832397, 65.5869827271, -3.44692921638, -20.0553016663], [963.086425781, 141.077880859, 416.760955811, 377.858612061, 352.331359863, 402.022949219, 302.24798584, 234.065505981, 172.155303955, 130.444381714, 78.0715332031, 18.3791065216, -14.4309415817], [749.216918945, 131.646286011, 320.296630859, 315.608123779, 271.45892334, 302.24798584, 353.760986328, 250.678039551, 124.736000061, 91.2882461548, 77.0007553101, 26.2087574005, -32.778629303], [746.102966309, 87.9937057495, 289.575317383, 293.984466553, 235.433013916, 234.065505981, 250.678039551, 263.153717041, 158.815032959, 92.86693573, 53.3138275146, 20.5242347717, -10.9902935028], [643.956420898, 37.0658760071, 237.965560913, 211.777984619, 190.326934814, 172.155303955, 124.736000061, 158.815032959, 202.690704346, 121.876075745, 35.1882591248, 1.91262793541, 4.88448238373], [540.077209473, 78.1385421753, 170.730682373, 173.213470459, 148.318832397, 130.444381714, 91.2882461548, 92.86693573, 121.876075745, 145.121688843, 66.5710601807, 14.6701173782, -1.33103013039], [225.003753662, 120.213302612, 79.9068603516, 90.9998168945, 65.5869827271, 78.0715332031, 77.0007553101, 53.3138275146, 35.1882591248, 66.5710601807, 104.47832489, 54.031047821, -0.405126065016], [186.921112061, 62.2435684204, 19.2736549377, 11.7673206329, -3.44692921638, 18.3791065216, 26.2087574005, 20.5242347717, 1.91262793541, 14.6701173782, 54.031047821, 97.3176498413, 51.7932319641], [-43.848777771, 137.845321655, -55.9887733459, -5.76646661758, -20.0553016663, -14.4309415817, -32.778629303, -10.9902935028, 4.88448238373, -1.33103013039, -0.405126065016, 51.7932319641, 120.827705383]],
