{
"lowlevel": {
    "average_loudness": 0.729405283928,
    "barkbands_crest": {
        "dmean": 3.36390113831,
        "dmean2": 5.51021909714,
        "dvar": 9.41202831268,
        "dvar2": 24.0086288452,
        "max": 25.9572505951,
        "mean": 10.9654769897,
        "median": 9.80003929138,
        "min": 2.26791667938,
        "var": 25.1018333435
    },
    "barkbands_flatness_db": {
        "dmean": 0.0364144444466,
        "dmean2": 0.0530880428851,
        "dvar": 0.00127094460186,
        "dvar2": 0.00266980123706,
        "max": 0.62416768074,
        "mean": 0.149504199624,
        "median": 0.138562396169,
        "min": 0.0179086960852,
        "var": 0.00589286023751
    },
    "barkbands_kurtosis": {
        "dmean": 5.42260217667,
        "dmean2": 8.51367473602,
        "dvar": 100.301979065,
        "dvar2": 258.000030518,
        "max": 193.25177002,
        "mean": 7.03835296631,
        "median": 2.61081790924,
        "min": -1.9089537859,
        "var": 166.165512085
    },
    "barkbands_skewness": {
        "dmean": 0.825339972973,
        "dmean2": 1.23756945133,
        "dvar": 0.738901853561,
        "dvar2": 1.75188922882,
        "max": 11.275601387,
        "mean": 1.82072377205,
        "median": 1.53565883636,
        "min": -2.81457424164,
        "var": 2.81502079964
    },
    "barkbands_spread": {
        "dmean": 10.1434860229,
        "dmean2": 15.8062915802,
        "dvar": 179.345199585,
        "dvar2": 398.037353516,
        "max": 114.15222168,
        "mean": 24.2421226501,
        "median": 19.1355857849,
        "min": 0.657147586346,
        "var": 389.295074463
    },
    "dissonance": {
        "dmean": 0.0208839587867,
        "dmean2": 0.0340692065656,
        "dvar": 0.000524187285919,
        "dvar2": 0.00132333603688,
        "max": 0.500000119209,
        "mean": 0.461984008551,
        "median": 0.472130477428,
        "min": 0.226533830166,
        "var": 0.00118851580191
    },
    "dynamic_complexity": 4.39227724075,
    "erbbands_crest": {
        "dmean": 2.77408671379,
        "dmean2": 4.40175676346,
        "dvar": 6.73616981506,
        "dvar2": 16.4006786346,
        "max": 32.2094230652,
        "mean": 9.1095495224,
        "median": 8.12467479706,
        "min": 2.29655241966,
        "var": 19.7263431549
    },
    "erbbands_flatness_db": {
        "dmean": 0.0253792405128,
        "dmean2": 0.0365726128221,
        "dvar": 0.000838257023133,
        "dvar2": 0.00146622373722,
        "max": 0.485806256533,
        "mean": 0.140586107969,
        "median": 0.130433648825,
        "min": 0.029493868351,
        "var": 0.00428060954437
    },
    "erbbands_kurtosis": {
        "dmean": 1.3276809454,
        "dmean2": 2.11936640739,
        "dvar": 3.98137044907,
        "dvar2": 9.31538677216,
        "max": 41.2865715027,
        "mean": 0.861320972443,
        "median": 0.0643646717072,
        "min": -1.81291747093,
        "var": 7.23658180237
    },
    "erbbands_skewness": {
        "dmean": 0.475265175104,
        "dmean2": 0.73780465126,
        "dvar": 0.222691878676,
        "dvar2": 0.498351335526,
        "max": 4.90388298035,
        "mean": 0.219007238746,
        "median": 0.215968564153,
        "min": -4.32961702347,
        "var": 0.698363125324
    },
    "erbbands_spread": {
        "dmean": 11.8589496613,
        "dmean2": 17.633682251,
        "dvar": 169.842208862,
        "dvar2": 334.576690674,
        "max": 143.468704224,
        "mean": 42.9892959595,
        "median": 37.9392776489,
        "min": 2.35732007027,
        "var": 693.229125977
    },
    "hfc": {
        "dmean": 22.042131424,
        "dmean2": 33.2628288269,
        "dvar": 4564.66210938,
        "dvar2": 11362.9042969,
        "max": 674.649536133,
        "mean": 28.313709259,
        "median": 10.2471017838,
        "min": 1.20019168791e-16,
        "var": 4633.95166016
    },
    "melbands_crest": {
        "dmean": 4.31277561188,
        "dmean2": 6.99939823151,
        "dvar": 14.8124217987,
        "dvar2": 35.1872215271,
        "max": 36.0726661682,
        "mean": 15.5261669159,
        "median": 14.4846754074,
        "min": 1.62551927567,
        "var": 43.364402771
    },
    "melbands_flatness_db": {
        "dmean": 0.046609185636,
        "dmean2": 0.0683212652802,
        "dvar": 0.00206077867188,
        "dvar2": 0.0045106317848,
        "max": 0.816093683243,
        "mean": 0.240989938378,
        "median": 0.23439194262,
        "min": 0.00378417293541,
        "var": 0.0102684190497
    },
    "melbands_kurtosis": {
        "dmean": 13.9948329926,
        "dmean2": 21.5786685944,
        "dvar": 570.875366211,
        "dvar2": 1336.77758789,
        "max": 483.484069824,
        "mean": 23.0215492249,
        "median": 10.1105556488,
        "min": -1.84169101715,
        "var": 1231.4510498
    },
    "melbands_skewness": {
        "dmean": 1.10782074928,
        "dmean2": 1.66022932529,
        "dvar": 1.39499032497,
        "dvar2": 3.07163715363,
        "max": 19.726360321,
        "mean": 3.29128026962,
        "median": 2.77289366722,
        "min": -1.71015775204,
        "var": 5.60489702225
    },
    "melbands_spread": {
        "dmean": 9.95128250122,
        "dmean2": 15.9224872589,
        "dvar": 227.834014893,
        "dvar2": 508.517669678,
        "max": 231.491516113,
        "mean": 23.0676326752,
        "median": 15.2811164856,
        "min": 0.557828783989,
        "var": 680.730163574
    },
    "pitch_salience": {
        "dmean": 0.0932118445635,
        "dmean2": 0.150885939598,
        "dvar": 0.00710249971598,
        "dvar2": 0.0179226621985,
        "max": 0.919096827507,
        "mean": 0.534736156464,
        "median": 0.553534328938,
        "min": 0.0643754154444,
        "var": 0.019525649026
    },
    "silence_rate_20dB": {
        "dmean": 0.00103483954445,
        "dmean2": 0.00206985766999,
        "dvar": 0.00103369075805,
        "dvar2": 0.00241029192694,
        "max": 1,
        "mean": 0.998965263367,
        "median": 1,
        "min": 0,
        "var": 0.00103359448258
    },
    "silence_rate_30dB": {
        "dmean": 0.0567437037826,
        "dmean2": 0.113497197628,
        "dvar": 0.053531806916,
        "dvar2": 0.109074778855,
        "max": 1,
        "mean": 0.898680686951,
        "median": 1,
        "min": 0,
        "var": 0.0910458192229
    },
    "silence_rate_60dB": {
        "dmean": 0.0344946533442,
        "dmean2": 0.0689952597022,
        "dvar": 0.0333049818873,
        "dvar2": 0.0728593766689,
        "max": 1,
        "mean": 0.113218933344,
        "median": 0,
        "min": 0,
        "var": 0.100399002433
    },
    "spectral_centroid": {
        "dmean": 384.676361084,
        "dmean2": 599.790527344,
        "dvar": 217832.421875,
        "dvar2": 466728.03125,
        "max": 11111.9892578,
        "mean": 1276.4987793,
        "median": 1084.6628418,
        "min": 172.296188354,
        "var": 671112.6875
    },
    "spectral_complexity": {
        "dmean": 5.08847856522,
        "dmean2": 7.45442008972,
        "dvar": 42.8275566101,
        "dvar2": 84.3319625854,
        "max": 62,
        "mean": 15.0576877594,
        "median": 13,
        "min": 0,
        "var": 112.189491272
    },
    "spectral_decrease": {
        "dmean": 4.58740956333e-09,
        "dmean2": 6.93728852141e-09,
        "dvar": 6.97555388691e-17,
        "dvar2": 1.52136024408e-16,
        "max": 5.42944645031e-18,
        "mean": -9.67471702751e-09,
        "median": -4.09777456412e-09,
        "min": -1.20700093476e-07,
        "var": 1.82056497123e-16
    },
    "spectral_energy": {
        "dmean": 0.0184394735843,
        "dmean2": 0.0277858264744,
        "dvar": 0.00105894508306,
        "dvar2": 0.00226414739154,
        "max": 0.459045022726,
        "mean": 0.0390827469528,
        "median": 0.0175079274923,
        "min": 1.07286319034e-20,
        "var": 0.00282193417661
    },
    "spectral_energyband_high": {
        "dmean": 0.00182622380089,
        "dmean2": 0.00282262754627,
        "dvar": 3.59913901775e-05,
        "dvar2": 9.09517330001e-05,
        "max": 0.0600019060075,
        "mean": 0.00189438927919,
        "median": 0.000207193850656,
        "min": 7.69782759874e-21,
        "var": 3.43671854353e-05
    },
    "spectral_energyband_low": {
        "dmean": 0.0147733353078,
        "dmean2": 0.0234686471522,
        "dvar": 0.000923919142224,
        "dvar2": 0.00225470447913,
        "max": 0.442223876715,
        "mean": 0.0250745937228,
        "median": 0.00523434113711,
        "min": 1.40387611514e-23,
        "var": 0.00188624416478
    },
    "spectral_energyband_middle_high": {
        "dmean": 0.00173036521301,
        "dmean2": 0.0026865969412,
        "dvar": 7.70336282585e-06,
        "dvar2": 1.80517581612e-05,
        "max": 0.0403839275241,
        "mean": 0.00321486964822,
        "median": 0.00196614256129,
        "min": 1.62996616231e-21,
        "var": 1.47574173752e-05
    },
    "spectral_energyband_middle_low": {
        "dmean": 0.00483440514654,
        "dmean2": 0.00714629888535,
        "dvar": 5.31119694642e-05,
        "dvar2": 0.000109141372377,
        "max": 0.0988550707698,
        "mean": 0.00950002670288,
        "median": 0.00488006556407,
        "min": 1.96905487959e-22,
        "var": 0.000134183137561
    },
    "spectral_entropy": {
        "dmean": 0.274151921272,
        "dmean2": 0.387650758028,
        "dvar": 0.0923616364598,
        "dvar2": 0.179176464677,
        "max": 9.81364536285,
        "mean": 7.56679391861,
        "median": 7.62844371796,
        "min": 4.35736560822,
        "var": 0.42607447505
    },
    "spectral_flux": {
        "dmean": 0.0385797955096,
        "dmean2": 0.0596361756325,
        "dvar": 0.00208807433955,
        "dvar2": 0.00428892625496,
        "max": 0.543970584869,
        "mean": 0.100306980312,
        "median": 0.080718010664,
        "min": 1.03579110566e-10,
        "var": 0.00582832656801
    },
    "spectral_kurtosis": {
        "dmean": 4.35767126083,
        "dmean2": 6.60564136505,
        "dvar": 286.933776855,
        "dvar2": 587.535827637,
        "max": 605.639953613,
        "mean": 8.79451179504,
        "median": 4.40896558762,
        "min": -1.18632400036,
        "var": 715.012634277
    },
    "spectral_rms": {
        "dmean": 0.00129414082039,
        "dmean2": 0.00184880243614,
        "dvar": 2.63376205112e-06,
        "dvar2": 4.63195283373e-06,
        "max": 0.0211624391377,
        "mean": 0.00507019693032,
        "median": 0.00413290504366,
        "min": 3.23526795631e-12,
        "var": 1.24224234241e-05
    },
    "spectral_rolloff": {
        "dmean": 1014.53149414,
        "dmean2": 1731.83544922,
        "dvar": 4754728,
        "dvar2": 11146234,
        "max": 19810.546875,
        "mean": 1867.63598633,
        "median": 775.1953125,
        "min": 43.06640625,
        "var": 11215285
    },
    "spectral_skewness": {
        "dmean": 0.394766330719,
        "dmean2": 0.597976982594,
        "dvar": 0.552941143513,
        "dvar2": 1.05233097076,
        "max": 21.9922084808,
        "mean": 1.90909016132,
        "median": 1.65182733536,
        "min": -0.0197356976569,
        "var": 1.88579428196
    },
    "spectral_spread": {
        "dmean": 864186.875,
        "dmean2": 1323531.5,
        "dvar": 1.27664403251e+12,
        "dvar2": 2.42630524928e+12,
        "max": 41255372,
        "mean": 5374686,
        "median": 4667974.5,
        "min": 160736.78125,
        "var": 6.65848066867e+12
    },
    "spectral_strongpeak": {
        "dmean": 0.339287668467,
        "dmean2": 0.577545404434,
        "dvar": 0.439535349607,
        "dvar2": 1.04978466034,
        "max": 16.5587387085,
        "mean": 0.493719965219,
        "median": 0.277072638273,
        "min": 0,
        "var": 0.610997021198
    },
    "zerocrossingrate": {
        "dmean": 0.0170231871307,
        "dmean2": 0.0197406280786,
        "dvar": 0.000548802549019,
        "dvar2": 0.000637085351627,
        "max": 0.54052734375,
        "mean": 0.0677457079291,
        "median": 0.0439453125,
        "min": 0.00244140625,
        "var": 0.00638568354771
    },
    "barkbands": {
        "dmean": [0.00187850021757, 0.0131845697761, 0.00432575214654, 0.00163867906667, 0.002347295871, 0.000888360547833, 0.000512828934006, 0.000371653499315, 0.000380700192181, 0.000351469352609, 0.000307302048896, 0.000304077228066, 0.000245438161073, 0.000232430669712, 0.000257419393165, 0.000196252134629, 0.000182418982149, 0.000285509013338, 0.00016382947797, 0.000199803631403, 0.000249333301326, 0.000304059096379, 0.000198043242563, 0.000210592334042, 0.000265149225015, 0.000394831120502, 0.000220661022468],
        "dmean2": [0.00318061560392, 0.0217533539981, 0.00677115563303, 0.00267807976343, 0.00361433345824, 0.00139916874468, 0.000806155905593, 0.000553926918656, 0.00060174317332, 0.000539371103514, 0.000479218462715, 0.000475061824545, 0.000385244988138, 0.000372965849238, 0.00041989935562, 0.000325689761667, 0.000290998839773, 0.000499851710629, 0.000271816592431, 0.00035061899689, 0.000430903048255, 0.000501427974086, 0.000306476576952, 0.000332498311764, 0.000402176723583, 0.000568805902731, 0.000365420826711],
        "dvar": [1.66986028489e-05, 0.000786759832408, 0.000123147619888, 1.24339576359e-05, 1.99525184144e-05, 3.70168731934e-06, 1.28820693135e-06, 7.90607145973e-07, 7.33633555683e-07, 6.08969287441e-07, 3.33255798068e-07, 3.47761755393e-07, 3.12381871481e-07, 3.02240749761e-07, 4.03810105354e-07, 2.30634071841e-07, 1.76995769152e-07, 6.7479243171e-07, 1.53240847567e-07, 3.85386670132e-07, 5.43593671409e-07, 9.27861378841e-07, 2.76261204135e-07, 3.55300073807e-07, 8.02693705282e-07, 2.25767894335e-06, 9.7458575965e-07],
        "dvar2": [4.58095491922e-05, 0.00211423379369, 0.00030664759106, 3.02204207401e-05, 4.44322686235e-05, 9.26361644815e-06, 2.8094125355e-06, 1.54282884068e-06, 1.706453304e-06, 1.42416706694e-06, 8.31067950458e-07, 8.08396180219e-07, 7.10274036919e-07, 6.88382499447e-07, 9.61215846473e-07, 5.49035405584e-07, 4.10127995565e-07, 1.84631494449e-06, 3.91185636772e-07, 1.08896460915e-06, 1.59266073751e-06, 2.426888841e-06, 6.87283716161e-07, 8.89231159817e-07, 1.9325118501e-06, 5.29538056071e-06, 2.54514748121e-06],
        "max": [0.0505197644234, 0.417414337397, 0.23166435957, 0.0507409796119, 0.0512730702758, 0.0387494526803, 0.0176863223314, 0.0353186316788, 0.0165582913905, 0.0189473964274, 0.00880415271968, 0.00978318415582, 0.0186153519899, 0.0235074553639, 0.0230176392943, 0.0233557093889, 0.0109699107707, 0.0145524898544, 0.00676430761814, 0.00605495693162, 0.00787790585309, 0.012922086753, 0.00618675677106, 0.00571980001405, 0.00912040751427, 0.0148022091016, 0.00973703805357],
        "mean": [0.00199711276218, 0.0179669521749, 0.00463557289913, 0.00187938311137, 0.00396326370537, 0.00137923809234, 0.000747784040868, 0.000718078867067, 0.000543741392903, 0.000549852324184, 0.000470618135296, 0.000430080719525, 0.000335214834195, 0.000300233921735, 0.000302151660435, 0.000217976354179, 0.000218012195546, 0.000250848301221, 0.000172357817064, 0.00019107258413, 0.000248142314376, 0.000268127419986, 0.000200413254788, 0.000214133717236, 0.000272390869213, 0.000419141957536, 0.000190816877875],
        "median": [0.000304704939481, 0.00364332110621, 0.000692967034411, 0.000386304454878, 0.00124986702576, 0.000667077139951, 0.000295879261103, 0.000209000194445, 0.000159212955623, 0.000196014691028, 0.000158166178153, 0.000158717724844, 9.04007756617e-05, 7.42822958273e-05, 8.86417838046e-05, 5.57816129003e-05, 5.30561919732e-05, 5.30877478013e-05, 3.95522547478e-05, 3.96777504648e-05, 5.46271621715e-05, 2.9351311241e-05, 1.53502387548e-05, 1.29115524032e-05, 1.47037608258e-05, 8.95287939784e-06, 2.18497189053e-06],
        "min": [3.31592001711e-24, 9.4231991038e-24, 3.33774898165e-24, 9.29922172393e-24, 3.32267203537e-23, 4.01960508604e-23, 3.96908225271e-24, 4.11544190415e-23, 5.95777984773e-23, 7.26152458599e-23, 6.42640740164e-23, 7.37770170922e-23, 8.77460587168e-23, 1.72664688488e-22, 2.0450537392e-22, 1.41748636389e-22, 1.38328880189e-22, 1.34060271789e-22, 3.48958843959e-22, 2.80254107824e-22, 5.59736368896e-22, 5.71046135165e-22, 6.83657354672e-22, 7.95185777389e-22, 1.35105745991e-21, 1.83432531297e-21, 2.05451065422e-21],
        "var": [1.96028668142e-05, 0.00114797591232, 0.000135495574796, 1.43573515743e-05, 4.32448359788e-05, 5.0300050134e-06, 1.93734990717e-06, 2.46142712967e-06, 1.14508839033e-06, 1.03136244434e-06, 6.146754572e-07, 5.28348721218e-07, 5.84851193253e-07, 5.98222584358e-07, 7.1890832487e-07, 3.36613737772e-07, 2.75579452591e-07, 5.08029302182e-07, 1.52239266527e-07, 2.76262369425e-07, 4.06156175359e-07, 7.24364667803e-07, 2.8355412951e-07, 3.64207352277e-07, 8.21583057586e-07, 2.55125428339e-06, 7.79468678047e-07]
    },
    "erbbands": {
        "dmean": [0.520994961262, 2.60527801514, 4.90943861008, 4.73532915115, 9.69377231598, 5.57451534271, 5.00420188904, 7.48735284805, 8.15542221069, 7.2231593132, 8.2264509201, 9.15805053711, 11.289185524, 9.52592563629, 11.9581432343, 12.7519521713, 11.0758171082, 11.6406354904, 13.5583124161, 12.5759449005, 8.82429981232, 9.84794235229, 15.7339696884, 11.5076036453, 8.04644584656, 9.73449134827, 8.99156761169, 11.4465646744, 11.8723955154, 6.00850057602, 5.38402032852, 4.27528619766, 3.47282934189, 2.98882365227, 2.05934453011, 1.40049171448, 0.818442583084, 0.19961887598, 0.0422447510064, 0.00211097463034],
        "dmean2": [0.858149111271, 4.24591445923, 7.48117160797, 7.28315734863, 15.0828304291, 9.07358264923, 8.13090610504, 11.7878866196, 12.3796110153, 11.1071128845, 12.4671964645, 14.4066123962, 17.2527809143, 14.7069988251, 18.4889431, 20.0176105499, 17.3900680542, 18.2464694977, 22.0273151398, 20.3074607849, 14.0649280548, 15.8059682846, 27.3284225464, 19.6692867279, 13.5114526749, 17.1434516907, 15.423368454, 19.763299942, 19.7454338074, 8.9186372757, 8.37788486481, 6.70975923538, 5.4979391098, 4.63198328018, 3.12362504005, 1.99067652225, 1.20166969299, 0.308465957642, 0.0702349171042, 0.00349535001442],
        "dvar": [1.16667032242, 33.1060409546, 135.936187744, 116.86920166, 367.694366455, 132.288024902, 88.0093002319, 269.589202881, 341.015777588, 251.827590942, 407.919708252, 413.997161865, 722.058532715, 387.767150879, 502.888061523, 639.202636719, 660.277404785, 750.012939453, 1190.22045898, 938.812866211, 391.722320557, 446.274353027, 1976.42370605, 831.065124512, 439.141265869, 980.978088379, 610.755493164, 1398.53393555, 1479.00915527, 228.251403809, 206.632507324, 131.177627563, 105.79044342, 98.8620529175, 50.9330978394, 25.1397628784, 10.1987228394, 0.668002843857, 0.0366031005979, 8.95085177035e-05],
        "dvar2": [3.14502382278, 88.6094970703, 316.858795166, 266.651306152, 821.560302734, 340.777099609, 224.584823608, 672.016357422, 720.811279297, 546.229858398, 891.475402832, 969.74822998, 1659.8059082, 932.163635254, 1229.5, 1494.01953125, 1517.30554199, 1666.16125488, 2884.69287109, 2221.03344727, 907.914428711, 1060.6640625, 5354.39453125, 2203.1315918, 1150.90332031, 2793.28222656, 1830.05847168, 3884.51879883, 3901.94677734, 532.583007812, 510.963439941, 319.159301758, 270.361419678, 245.860824585, 123.124809265, 57.0832214355, 24.5399112701, 1.62795472145, 0.0965887978673, 0.00023373051954],
        "max": [13.6360006332, 90.1890106201, 218.358642578, 235.858428955, 204.486480713, 178.516281128, 128.613494873, 340.249450684, 387.694000244, 551.207275391, 514.494934082, 330.474853516, 743.52130127, 334.484741211, 374.157562256, 392.558013916, 777.576416016, 1242.88647461, 1392.23974609, 1093.93933105, 739.891967773, 336.875610352, 941.669677734, 592.422851562, 257.168060303, 308.864471436, 278.224029541, 369.411834717, 531.165588379, 189.269241333, 181.300796509, 124.575790405, 100.500892639, 98.7595214844, 72.7415466309, 49.1575698853, 32.2582397461, 8.16812705994, 1.85713922977, 0.0944833531976],
        "mean": [0.646828591824, 3.47878623009, 6.12764883041, 5.55285739899, 15.2982320786, 8.40514659882, 7.86268520355, 11.3271207809, 12.4651193619, 12.1606044769, 15.3760538101, 13.1993541718, 17.1772975922, 16.7390804291, 18.0120487213, 18.5246562958, 16.1008529663, 16.2614383698, 17.0066013336, 14.6100006104, 10.9026279449, 11.3868427277, 14.2946491241, 11.1021718979, 8.60213947296, 9.05239486694, 9.67930316925, 10.1639108658, 10.2316141129, 6.42038679123, 5.46689558029, 4.30474996567, 3.54057765007, 3.00374794006, 2.11212921143, 1.56230735779, 0.837067067623, 0.192857265472, 0.0362150035799, 0.00181559752673],
        "median": [0.132338136435, 0.680007100105, 0.977369308472, 1.24939751625, 3.34259462357, 3.49137639999, 4.1018280983, 5.04028320312, 4.74668455124, 4.27634620667, 4.88410758972, 4.45437192917, 6.06359100342, 6.30563735962, 6.2542514801, 7.06766557693, 5.1829791069, 4.55097150803, 5.01793432236, 4.39183712006, 3.29731154442, 3.03597927094, 3.01149559021, 2.53827786446, 2.02666568756, 1.8569060564, 2.37976431847, 1.66406476498, 1.12701535225, 0.648092567921, 0.423432916403, 0.244732663035, 0.237031266093, 0.157568454742, 0.10073851794, 0.0454994700849, 0.0161406192929, 0.00298097264022, 0.000411887740484, 7.27598671801e-05],
        "min": [2.10808763828e-22, 2.11162125551e-21, 4.45538339901e-21, 1.41972546668e-20, 6.15994745949e-20, 1.07250835894e-19, 1.92253175798e-19, 4.57784498454e-19, 1.01100844975e-19, 1.78079177508e-19, 1.27258252743e-18, 1.69455103594e-18, 1.2921547581e-18, 3.16144046061e-18, 1.97290082758e-18, 3.6902789465e-18, 4.30497836638e-18, 4.56650930142e-18, 1.19784810325e-17, 1.19801676538e-17, 6.52319635502e-18, 7.57498007853e-18, 5.29680307601e-18, 1.83280046141e-17, 1.63956081328e-17, 1.43415433095e-17, 1.72544697628e-17, 2.18543615922e-17, 2.06515069783e-17, 1.87359915989e-17, 2.22561529942e-17, 1.43110401973e-17, 1.39749252815e-17, 1.1995904765e-17, 1.13125584532e-17, 6.68898651083e-18, 3.46446504992e-18, 1.24209316704e-18, 2.71728650278e-19, 3.2506708502e-20],
        "var": [1.67791152, 45.7684745789, 193.451690674, 143.88911438, 799.4453125, 173.749389648, 138.008209229, 367.221313477, 583.683288574, 585.184936523, 1012.02191162, 626.272766113, 1188.97753906, 822.135009766, 864.778564453, 969.812011719, 1247.7578125, 1619.40637207, 2124.69970703, 1535.6595459, 610.209472656, 577.71875, 1589.08032227, 716.197998047, 416.448608398, 668.150878906, 505.753723145, 985.923156738, 1121.57397461, 266.352722168, 213.02507019, 140.954971313, 104.099700928, 95.9619293213, 52.4226036072, 30.6259021759, 10.9085454941, 0.64777046442, 0.028781728819, 7.07135623088e-05]
    },
    "gfcc": {
        "mean": [-44.1104011536, 86.1718902588, -84.6664733887, 23.5486488342, -41.7305679321, 14.2954416275, -23.4801616669, 6.95202875137, -21.6422805786, 6.78213787079, -14.0055389404, 4.18299150467, -6.6581697464],
        "cov": [[31084.1386719, -1457.08679199, -118.066146851, 937.922973633, -456.366546631, 194.847183228, -434.195281982, 209.05708313, -267.075927734, 260.912414551, -341.528106689, 191.75567627, -352.623077393], [-1457.08679199, 4158.37744141, -417.832946777, -163.587280273, 347.106567383, -86.1343688965, 250.40737915, -251.03578186, -39.2977867126, -247.331085205, 92.6796875, -222.73991394, 196.636398315], [-118.066146851, -417.832946777, 1089.93664551, 123.173431396, -1.97504997253, 83.4362182617, 59.0499725342, 25.5596942902, -0.589428007603, -12.5405550003, -68.0024490356, 15.8539915085, -67.2257232666], [937.922973633, -163.587280273, 123.173431396, 462.407043457, 173.354309082, 86.564201355, 1.65905451775, 40.1105079651, 0.0795979574323, 11.2091360092, -58.2235298157, -15.2957496643, -21.1144351959], [-456.366546631, 347.106567383, -1.97504997253, 173.354309082, 377.926177979, 105.526924133, 57.7881851196, 7.99464178085, 18.6007480621, -41.0822219849, -29.0254039764, -53.280620575, 2.06049847603], [194.847183228, -86.1343688965, 83.4362182617, 86.564201355, 105.526924133, 219.736572266, 39.3810768127, -3.33453321457, 4.8538441658, 9.17091274261, -12.8227758408, -8.7300567627, -15.8329524994], [-434.195281982, 250.40737915, 59.0499725342, 1.65905451775, 57.7881851196, 39.3810768127, 189.568191528, 21.8715591431, -42.2185058594, -32.8264007568, -11.6388082504, -11.1164865494, 18.083814621], [209.05708313, -251.03578186, 25.5596942902, 40.1105079651, 7.99464178085, -3.33453321457, 21.8715591431, 130.203964233, 24.1110134125, -19.6781520844, -23.686964035, 26.2958831787, -6.09550189972], [-267.075927734, -39.2977867126, -0.589428007603, 0.0795979574323, 18.6007480621, 4.8538441658, -42.2185058594, 24.1110134125, 130.572265625, 30.2359752655, 0.736742973328, -17.7691860199, 7.77472543716], [260.912414551, -247.331085205, -12.5405550003, 11.2091360092, -41.0822219849, 9.17091274261, -32.8264007568, -19.6781520844, 30.2359752655, 151.664627075, 19.009431839, -1.88622462749, -16.0895614624], [-341.528106689, 92.6796875, -68.0024490356, -58.2235298157, -29.0254039764, -12.8227758408, -11.6388082504, -23.686964035, 0.736742973328, 19.009431839, 122.860359192, 29.7935276031, 1.73880410194], [191.75567627, -222.73991394, 15.8539915085, -15.2957496643, -53.280620575, -8.7300567627, -11.1164865494, 26.2958831787, -17.7691860199, -1.88622462749, 29.7935276031, 133.695892334, 26.1331195831], [-352.623077393, 196.636398315, -67.2257232666, -21.1144351959, 2.06049847603, -15.8329524994, 18.083814621, -6.09550189972, 7.77472543716, -16.0895614624, 1.73880410194, 26.1331195831, 104.032928467]],
        "icov": [[4.53647808172e-05, -3.69898953068e-05, 2.62922058027e-05, -0.000100824683614, 0.000118342053611, -9.01135499589e-05, 0.000141908152727, -0.000130936707137, 0.000136593283969, -0.000109282926132, 0.000169614533661, -0.000117183117254, 0.000171302061062], [-3.69898953068e-05, 0.000542107620277, 7.46338919271e-05, 0.000131661741761, -0.000457715446828, 0.000440333387814, -0.000742138654459, 0.00108181172982, -0.000333678792231, 0.000841082364786, -0.000644709856715, 0.00081053545, -0.00084442878142], [2.62922058027e-05, 7.46338919271e-05, 0.00113163620699, -0.000337055214914, 0.000304223183775, -0.00024767962168, -0.000592158874497, 0.000431719789049, -0.000417460629251, 0.000314467150019, 0.000613283307757, -0.000475813256344, 0.000884517095983], [-0.000100824683614, 0.000131661741761, -0.000337055214914, 0.00334007013589, -0.00176259537693, -0.000277605460724, 0.000469434977276, -0.000704512523953, 0.000567501410842, -0.000559072359465, 0.000499043846503, 0.000291525677312, -0.00047118079965], [0.000118342053611, -0.000457715446828, 0.000304223183775, -0.00176259537693, 0.00478296959773, -0.0018730914453, -0.000250204582699, -0.000603677995969, -0.000618975900579, 0.000614894961473, 0.000614586926531, 0.000349326088326, 0.000776775821578], [-9.01135499589e-05, 0.000440333387814, -0.00024767962168, -0.000277605460724, -0.0018730914453, 0.00628355005756, -0.00192385260016, 0.00187554839067, -0.00103023718111, 9.51876718318e-05, -0.000450857973192, -7.9301695223e-05, 0.000202760173124], [0.000141908152727, -0.000742138654459, -0.000592158874497, 0.000469434977276, -0.000250204582699, -0.00192385260016, 0.00861406698823, -0.00417141895741, 0.00414261268452, -0.00117867032532, 0.000627886911388, 0.00060179643333, -0.00108679302502], [-0.000130936707137, 0.00108181172982, 0.000431719789049, -0.000704512523953, -0.000603677995969, 0.00187554839067, -0.00417141895741, 0.0129311280325, -0.00480797933415, 0.00348863541149, 0.000861455395352, -0.00209564133547, 0.000838462787215], [0.000136593283969, -0.000333678792231, -0.000417460629251, 0.000567501410842, -0.000618975900579, -0.00103023718111, 0.00414261268452, -0.00480797933415, 0.0113452486694, -0.00311673711985, -0.000223912924412, 0.00226341770031, -0.00210196734406], [-0.000109282926132, 0.000841082364786, 0.000314467150019, -0.000559072359465, 0.000614894961473, 9.51876718318e-05, -0.00117867032532, 0.00348863541149, -0.00311673711985, 0.00946719106287, -0.00202459353022, 0.00109492393676, -2.94169535664e-06], [0.000169614533661, -0.000644709856715, 0.000613283307757, 0.000499043846503, 0.000614586926531, -0.000450857973192, 0.000627886911388, 0.000861455395352, -0.000223912924412, -0.00202459353022, 0.0113289617002, -0.00435724901035, 0.00276043568738], [-0.000117183117254, 0.00081053545, -0.000475813256344, 0.000291525677312, 0.000349326088326, -7.9301695223e-05, 0.00060179643333, -0.00209564133547, 0.00226341770031, 0.00109492393676, -0.00435724901035, 0.0120211727917, -0.0053706150502], [0.000171302061062, -0.00084442878142, 0.000884517095983, -0.00047118079965, 0.000776775821578, 0.000202760173124, -0.00108679302502, 0.000838462787215, -0.00210196734406, -2.94169535664e-06, 0.00276043568738, -0.0053706150502, 0.013978112489]]
    },
    "melbands": {
        "dmean": [0.00401596352458, 0.00252325111069, 0.000920291931834, 0.000580162275583, 0.000169307226315, 0.000172635729541, 0.000120247299492, 7.79017282184e-05, 6.71063316986e-05, 5.8622474171e-05, 5.59439140488e-05, 3.80811579817e-05, 3.97365438403e-05, 3.19591454172e-05, 3.32613708451e-05, 2.49596996582e-05, 2.26548836508e-05, 2.27018063015e-05, 1.7742633645e-05, 1.73871048901e-05, 9.7586425909e-06, 1.07356117951e-05, 1.13056421469e-05, 1.49692195919e-05, 9.09096524992e-06, 5.7176844166e-06, 7.51737570681e-06, 6.12049507254e-06, 5.19905233887e-06, 5.97325242779e-06, 7.60738930694e-06, 7.88281158748e-06, 3.99270675189e-06, 3.27748989548e-06, 3.31519663632e-06, 2.82979362964e-06, 2.62048433797e-06, 2.28624026022e-06, 2.80671656583e-06, 2.38751090365e-06],
        "dmean2": [0.00664153369144, 0.00386199122295, 0.00136555393692, 0.000910396513063, 0.000276586419204, 0.000270579359494, 0.000183039737749, 0.000118874617328, 0.000103095655504, 9.24232663237e-05, 8.58220591908e-05, 5.94238808844e-05, 6.13572774455e-05, 4.92243525514e-05, 5.32261765329e-05, 3.98131924157e-05, 3.61262755177e-05, 3.73627335648e-05, 2.91157430183e-05, 2.89597192022e-05, 1.5745188648e-05, 1.73980497493e-05, 1.88758604054e-05, 2.63704496319e-05, 1.55834459292e-05, 9.48178148974e-06, 1.33128232847e-05, 1.08155109046e-05, 8.92454681889e-06, 1.03493366623e-05, 1.3267952454e-05, 1.35975142257e-05, 6.06849243923e-06, 5.06586547999e-06, 5.30948045707e-06, 4.40121175416e-06, 4.20323613071e-06, 3.61309912478e-06, 4.47265892944e-06, 3.70188831766e-06],
        "dvar": [7.0581700129e-05, 3.08860362566e-05, 3.1831771139e-06, 1.30998773784e-06, 8.76712604736e-08, 1.43108692896e-07, 7.14957195669e-08, 3.16105790432e-08, 3.00307441137e-08, 1.67941411888e-08, 1.7877400893e-08, 6.56389653741e-09, 5.62466917486e-09, 3.16205794881e-09, 6.53428378072e-09, 3.83399001436e-09, 3.38387939891e-09, 3.23071502883e-09, 1.63546187704e-09, 2.08543093905e-09, 5.72098812768e-10, 6.13777695335e-10, 7.77541087071e-10, 1.99509608834e-09, 5.08723674297e-10, 2.13596015874e-10, 5.00875396714e-10, 3.94206195464e-10, 2.17886472753e-10, 2.78914780161e-10, 6.72511102362e-10, 7.37032823661e-10, 1.06302779079e-10, 7.47102102405e-11, 8.67183339026e-11, 5.3207514783e-11, 5.58348506319e-11, 4.55446028114e-11, 7.38893737862e-11, 6.8673247644e-11],
        "dvar2": [0.000190486432984, 7.1664020652e-05, 6.49863613944e-06, 3.031261258e-06, 2.25536965104e-07, 3.53501548034e-07, 1.4807058335e-07, 6.37763832856e-08, 6.7511315649e-08, 3.90711889509e-08, 4.12179055331e-08, 1.59332227412e-08, 1.40631524204e-08, 6.86514134429e-09, 1.60395821069e-08, 8.75811245749e-09, 7.43224148891e-09, 8.05077160493e-09, 3.97399491092e-09, 4.97708585456e-09, 1.35359601305e-09, 1.48645251663e-09, 1.89916637972e-09, 5.52396173248e-09, 1.33891320253e-09, 5.40525735282e-10, 1.42000489145e-09, 1.11586140328e-09, 6.4073857331e-10, 8.1811435404e-10, 1.86308191097e-09, 2.02265071358e-09, 2.23105464658e-10, 1.87709250921e-10, 2.22619894741e-10, 1.26528093558e-10, 1.42394304681e-10, 1.15955516022e-10, 1.89854160171e-10, 1.70904568275e-10],
        "max": [0.115480899811, 0.104198284447, 0.0366172641516, 0.0138865429908, 0.00386551348493, 0.00811945460737, 0.00529506197199, 0.00740825990215, 0.0042441166006, 0.00223506940529, 0.00366944284178, 0.00139503134415, 0.00122593645938, 0.000885429733898, 0.00173591123894, 0.00257949577644, 0.00284433877096, 0.00204214663245, 0.000944436178543, 0.0021954162512, 0.000608050788287, 0.000474304571981, 0.000818913395051, 0.00060815847246, 0.000554778671358, 0.000207236269489, 0.000233767990721, 0.000205935182748, 0.000175010616658, 0.000172299827682, 0.000275615777355, 0.000391583889723, 0.000107112151454, 0.000109738139145, 0.000112868518045, 9.79340766207e-05, 7.28877130314e-05, 7.1758600825e-05, 8.92716634553e-05, 8.36866383906e-05],
        "mean": [0.0053796665743, 0.00373023911379, 0.00129427399952, 0.000926884124056, 0.000268277013674, 0.000264989939751, 0.000182922318345, 0.00013648190361, 0.000121563687571, 8.1623911683e-05, 8.33656231407e-05, 6.49480498396e-05, 5.91754869674e-05, 4.67610079795e-05, 4.50763145636e-05, 3.35787226504e-05, 2.98206614389e-05, 2.74385565717e-05, 1.99133228307e-05, 1.9454599169e-05, 1.15375760288e-05, 1.22796682263e-05, 1.14292988656e-05, 1.26749400806e-05, 8.67196013132e-06, 6.02022373641e-06, 7.0244559538e-06, 5.54171401745e-06, 5.62244258617e-06, 5.90179342908e-06, 6.2028643697e-06, 6.31871125734e-06, 4.19521347794e-06, 3.36146035806e-06, 3.26931080963e-06, 2.82957944364e-06, 2.57142596638e-06, 2.37541871684e-06, 2.70886425824e-06, 2.40088206738e-06],
        "median": [0.00114761514124, 0.000665248488076, 0.0002884096466, 0.000251617020695, 0.00015111619723, 0.000120868586237, 6.99709926266e-05, 4.29019564763e-05, 3.60606172762e-05, 2.55515205936e-05, 2.81710672425e-05, 2.29334982578e-05, 2.00152007892e-05, 1.8592862034e-05, 1.36205362651e-05, 7.90358262748e-06, 7.17199509381e-06, 7.45542820368e-06, 5.98468295721e-06, 4.66277697342e-06, 3.22306618727e-06, 3.04697437059e-06, 2.61008813141e-06, 2.36273967857e-06, 1.90016055512e-06, 1.285959911e-06, 1.36026415021e-06, 1.0845540146e-06, 1.34692481879e-06, 1.27879218326e-06, 8.12524604044e-07, 6.43597104499e-07, 4.3045886855e-07, 2.88788413627e-07, 2.39115735212e-07, 1.70975440028e-07, 1.34877836899e-07, 1.61511408692e-07, 1.47706813891e-07, 1.1978156067e-07],
        "min": [2.04372896564e-24, 2.77432835149e-24, 4.48205996114e-24, 5.21915581376e-24, 6.974455736e-24, 9.01611453341e-24, 1.5161759673e-24, 2.56602982668e-24, 1.11026453168e-23, 9.80200932162e-24, 5.91204942328e-24, 1.29691533275e-23, 7.74529038067e-24, 4.39298849304e-24, 1.57296308592e-23, 7.42133123931e-24, 7.64054148537e-24, 2.13148528428e-23, 1.48436453993e-23, 1.36964712492e-23, 6.30281246154e-24, 8.38223008618e-24, 4.83768674025e-24, 7.15645777974e-24, 1.6071650971e-23, 9.93875599296e-24, 1.34282080543e-23, 7.76660145803e-24, 9.10415772132e-24, 1.32143391854e-23, 1.20405046921e-23, 1.09255783869e-23, 1.28024607073e-23, 9.42798038974e-24, 1.41936587233e-23, 1.0409594724e-23, 7.665265175e-24, 8.94106861777e-24, 1.08732492988e-23, 9.62254977657e-24],
        "var": [0.000103496327938, 5.46906157979e-05, 5.70657039134e-06, 2.58764885075e-06, 1.3722483061e-07, 1.98936945139e-07, 1.22982825701e-07, 8.63159499431e-08, 6.79035210283e-08, 2.56427927781e-08, 2.90352204502e-08, 1.33961854942e-08, 9.62605906096e-09, 5.20140019944e-09, 9.44821465509e-09, 7.40560057721e-09, 7.24983584277e-09, 5.36845279342e-09, 2.35685115868e-09, 3.4273519578e-09, 8.17507450623e-10, 7.96365473565e-10, 8.88591089598e-10, 1.39908051811e-09, 4.52277854057e-10, 2.17190057605e-10, 3.67904734455e-10, 2.684078515e-10, 1.78137504747e-10, 2.27100699357e-10, 4.48938330955e-10, 4.99095098583e-10, 1.27318253162e-10, 7.75009501019e-11, 8.05746164234e-11, 5.94726837222e-11, 5.45382836115e-11, 4.6507214746e-11, 6.76844968961e-11, 6.61986507278e-11]
    },
    "mfcc": {
        "mean": [-690.210083008, 125.777732849, 15.1896467209, 23.4464244843, 6.02997207642, 12.2626838684, 8.6428527832, 4.00163459778, 5.44914245605, -0.33582431078, 1.37069034576, 1.64445734024, 0.286601781845],
        "cov": [[15641.4433594, -691.343566895, 5.23532009125, 383.876586914, 180.863739014, 233.921737671, -11.8466482162, 98.1431121826, 53.5276222229, 72.598274231, 159.521469116, 77.81300354, 17.8635616302], [-691.343566895, 2883.92504883, -247.648452759, 110.933540344, -14.9243383408, 139.802062988, 211.137954712, 5.34725379944, 32.9520950317, -59.0046691895, -100.407814026, -44.216178894, -21.0289611816], [5.23532009125, -247.648452759, 866.370239258, 75.1474838257, 19.3047351837, 44.4099693298, 19.5626144409, 57.5342025757, 10.1559839249, 5.57486057281, 17.8985958099, 4.64061880112, -20.5216388702], [383.876586914, 110.933540344, 75.1474838257, 368.21395874, 124.584564209, 69.2832794189, 72.1784057617, 45.829082489, 72.6012039185, 5.7701125145, 3.54451775551, -11.3641586304, -11.7497282028], [180.863739014, -14.9243383408, 19.3047351837, 124.584564209, 307.764862061, 113.493629456, 6.263484478, 53.6589775085, 32.5127830505, 56.2491416931, 21.1921424866, -9.43382740021, -16.2692871094], [233.921737671, 139.802062988, 44.4099693298, 69.2832794189, 113.493629456, 255.124221802, 88.3917388916, -0.231806591153, 26.149225235, 38.4561042786, 27.4014415741, -12.1945781708, -21.8032836914], [-11.8466482162, 211.137954712, 19.5626144409, 72.1784057617, 6.263484478, 88.3917388916, 207.414459229, 65.0056686401, 11.1415166855, -13.0836753845, -7.22063016891, -8.78093338013, -17.9323101044], [98.1431121826, 5.34725379944, 57.5342025757, 45.829082489, 53.6589775085, -0.231806591153, 65.0056686401, 192.130126953, 42.8917503357, -24.1400127411, -22.7314662933, -22.7877826691, 2.82484388351], [53.5276222229, 32.9520950317, 10.1559839249, 72.6012039185, 32.5127830505, 26.149225235, 11.1415166855, 42.8917503357, 150.553649902, 37.2902069092, -24.0431213379, -22.8919620514, -5.7588801384], [72.598274231, -59.0046691895, 5.57486057281, 5.7701125145, 56.2491416931, 38.4561042786, -13.0836753845, -24.1400127411, 37.2902069092, 141.565109253, 35.6348876953, -21.7093677521, -14.6050815582], [159.521469116, -100.407814026, 17.8985958099, 3.54451775551, 21.1921424866, 27.4014415741, -7.22063016891, -22.7314662933, -24.0431213379, 35.6348876953, 128.199386597, 27.387922287, -21.2626209259], [77.81300354, -44.216178894, 4.64061880112, -11.3641586304, -9.43382740021, -12.1945781708, -8.78093338013, -22.7877826691, -22.8919620514, -21.7093677521, 27.387922287, 113.040878296, 18.3597717285], [17.8635616302, -21.0289611816, -20.5216388702, -11.7497282028, -16.2692871094, -21.8032836914, -17.9323101044, 2.82484388351, -5.7588801384, -14.6050815582, -21.2626209259, 18.3597717285, 90.2545776367]],
