{
"lowlevel": {
    "average_loudness": 0.941684067249,
    "barkbands_crest": {
        "dmean": 3.18103885651,
        "dmean2": 5.21381473541,
        "dvar": 7.98339748383,
        "dvar2": 19.9240951538,
        "max": 26.8745994568,
        "mean": 9.14201641083,
        "median": 7.97695541382,
        "min": 2.46227836609,
        "var": 20.5118789673
    },
    "barkbands_flatness_db": {
        "dmean": 0.0218678917736,
        "dmean2": 0.0340628698468,
        "dvar": 0.000426442624303,
        "dvar2": 0.000898906146176,
        "max": 0.61911791563,
        "mean": 0.117551460862,
        "median": 0.104527011514,
        "min": 0.025156436488,
        "var": 0.00360892852768
    },
    "barkbands_kurtosis": {
        "dmean": 1.63275790215,
        "dmean2": 2.62605547905,
        "dvar": 43.281703949,
        "dvar2": 89.002204895,
        "max": 635.496032715,
        "mean": 0.991541206837,
        "median": -0.600385308266,
        "min": -1.97675347328,
        "var": 126.053512573
    },
    "barkbands_skewness": {
        "dmean": 0.55393910408,
        "dmean2": 0.883237183094,
        "dvar": 0.324459522963,
        "dvar2": 0.713149368763,
        "max": 25.1852226257,
        "mean": 0.645453572273,
        "median": 0.594727396965,
        "min": -7.83640241623,
        "var": 1.44524800777
    },
    "barkbands_spread": {
        "dmean": 7.97686624527,
        "dmean2": 12.6089429855,
        "dvar": 62.7373542786,
        "dvar2": 145.723693848,
        "max": 164.205627441,
        "mean": 32.2406425476,
        "median": 31.4328689575,
        "min": 0.554198145866,
        "var": 188.693344116
    },
    "dissonance": {
        "dmean": 0.0142592154443,
        "dmean2": 0.0243749171495,
        "dvar": 0.000219057648792,
        "dvar2": 0.000609292415902,
        "max": 0.500000059605,
        "mean": 0.478226780891,
        "median": 0.482898563147,
        "min": 0.291936933994,
        "var": 0.00036188645754
    },
    "dynamic_complexity": 2.38628959656,
    "erbbands_crest": {
        "dmean": 2.83744764328,
        "dmean2": 4.75709676743,
        "dvar": 6.57828235626,
        "dvar2": 17.5942840576,
        "max": 32.3092193604,
        "mean": 8.64048290253,
        "median": 7.63910770416,
        "min": 2.20884919167,
        "var": 16.1219062805
    },
    "erbbands_flatness_db": {
        "dmean": 0.0200984347612,
        "dmean2": 0.0321038290858,
        "dvar": 0.000418677198468,
        "dvar2": 0.00100769905839,
        "max": 0.524623215199,
        "mean": 0.163622289896,
        "median": 0.154765069485,
        "min": 0.0427712090313,
        "var": 0.00321200978942
    },
    "erbbands_kurtosis": {
        "dmean": 1.33455443382,
        "dmean2": 2.2470998764,
        "dvar": 13.0356111526,
        "dvar2": 34.2496910095,
        "max": 113.260528564,
        "mean": 0.650857329369,
        "median": -0.155531048775,
        "min": -1.81640779972,
        "var": 20.7488880157
    },
    "erbbands_skewness": {
        "dmean": 0.418589055538,
        "dmean2": 0.665839016438,
        "dvar": 0.166900038719,
        "dvar2": 0.407618075609,
        "max": 4.9054684639,
        "mean": -0.236062318087,
        "median": -0.190034896135,
        "min": -7.05313062668,
        "var": 0.54041570425
    },
    "erbbands_spread": {
        "dmean": 8.85008144379,
        "dmean2": 14.453455925,
        "dvar": 67.7283630371,
        "dvar2": 172.063690186,
        "max": 173.741439819,
        "mean": 34.7859992981,
        "median": 32.8392791748,
        "min": 0.812992274761,
        "var": 216.535263062
    },
    "hfc": {
        "dmean": 15.6757011414,
        "dmean2": 23.4786949158,
        "dvar": 492.222290039,
        "dvar2": 990.38269043,
        "max": 158.899337769,
        "mean": 31.8042507172,
        "median": 23.2690010071,
        "min": 1.0915802265e-16,
        "var": 829.482971191
    },
    "melbands_crest": {
        "dmean": 3.85567164421,
        "dmean2": 6.14954948425,
        "dvar": 10.0466070175,
        "dvar2": 25.4776706696,
        "max": 39.9924850464,
        "mean": 12.6978769302,
        "median": 11.9033823013,
        "min": 1.72574830055,
        "var": 27.0904579163
    },
    "melbands_flatness_db": {
        "dmean": 0.0282100122422,
        "dmean2": 0.0412079617381,
        "dvar": 0.0006600409979,
        "dvar2": 0.00126912549604,
        "max": 0.615698099136,
        "mean": 0.161163538694,
        "median": 0.152332574129,
        "min": 0.00309979938902,
        "var": 0.00549842230976
    },
    "melbands_kurtosis": {
        "dmean": 5.3668961525,
        "dmean2": 8.2962884903,
        "dvar": 7404.91748047,
        "dvar2": 15016.1884766,
        "max": 9485.12402344,
        "mean": 8.73150253296,
        "median": 2.55897092819,
        "min": -1.95023655891,
        "var": 20523.2285156
    },
    "melbands_skewness": {
        "dmean": 0.725211143494,
        "dmean2": 1.15822935104,
        "dvar": 1.05940067768,
        "dvar2": 2.15312337875,
        "max": 93.1325836182,
        "mean": 1.8644516468,
        "median": 1.66240048409,
        "min": -4.80211305618,
        "var": 4.66937685013
    },
    "melbands_spread": {
        "dmean": 12.3543367386,
        "dmean2": 19.3885498047,
        "dvar": 146.828887939,
        "dvar2": 313.741821289,
        "max": 180.943572998,
        "mean": 40.8151397705,
        "median": 37.0244903564,
        "min": 0.0959377363324,
        "var": 539.905883789
    },
    "pitch_salience": {
        "dmean": 0.0935974866152,
        "dmean2": 0.153347909451,
        "dvar": 0.00702155474573,
        "dvar2": 0.0165188424289,
        "max": 0.854231834412,
        "mean": 0.540006101131,
        "median": 0.552582502365,
        "min": 0.00246047065593,
        "var": 0.0145061593503
    },
    "silence_rate_20dB": {
        "dmean": 0,
        "dmean2": 0,
        "dvar": 0,
        "dvar2": 0,
        "max": 1,
        "mean": 1,
        "median": 1,
        "min": 1,
        "var": 0
    },
    "silence_rate_30dB": {
        "dmean": 0,
        "dmean2": 0,
        "dvar": 0,
        "dvar2": 0,
        "max": 1,
        "mean": 1,
        "median": 1,
        "min": 1,
        "var": 0
    },
    "silence_rate_60dB": {
        "dmean": 0.00680825859308,
        "dmean2": 0.0136175248772,
        "dvar": 0.00676135160029,
        "dvar2": 0.0169822555035,
        "max": 1,
        "mean": 0.0643776804209,
        "median": 0,
        "min": 0,
        "var": 0.060238417238
    },
    "spectral_centroid": {
        "dmean": 290.052825928,
        "dmean2": 445.185882568,
        "dvar": 79901.5078125,
        "dvar2": 167045.8125,
        "max": 10833.1992188,
        "mean": 1850.47827148,
        "median": 1812.24633789,
        "min": 139.635269165,
        "var": 371621.40625
    },
    "spectral_complexity": {
        "dmean": 4.85532426834,
        "dmean2": 7.21403217316,
        "dvar": 17.2171859741,
        "dvar2": 37.6094322205,
        "max": 54,
        "mean": 24.8086433411,
        "median": 26,
        "min": 0,
        "var": 101.820960999
    },
    "spectral_decrease": {
        "dmean": 2.51993070854e-09,
        "dmean2": 3.8391450019e-09,
        "dvar": 6.87605712867e-18,
        "dvar2": 1.41662157612e-17,
        "max": 1.6408862544e-16,
        "mean": -6.30838492555e-09,
        "median": -5.55329293661e-09,
        "min": -2.23969927049e-08,
        "var": 1.65374894602e-17
    },
    "spectral_energy": {
        "dmean": 0.010671547614,
        "dmean2": 0.016208736226,
        "dvar": 0.000116854840599,
        "dvar2": 0.000239592336584,
        "max": 0.0895174220204,
        "mean": 0.0266940239817,
        "median": 0.0237225182354,
        "min": 1.01112950569e-20,
        "var": 0.000276526465314
    },
    "spectral_energyband_high": {
        "dmean": 0.00123790837824,
        "dmean2": 0.00178806437179,
        "dvar": 5.53383597435e-06,
        "dvar2": 1.23031095427e-05,
        "max": 0.0214865859598,
        "mean": 0.00175277388189,
        "median": 0.000691581633873,
        "min": 7.21607082453e-21,
        "var": 7.60248940423e-06
    },
    "spectral_energyband_low": {
        "dmean": 0.00638521602377,
        "dmean2": 0.00976063683629,
        "dvar": 7.67667297623e-05,
        "dvar2": 0.000149744184455,
        "max": 0.0770296677947,
        "mean": 0.00892727356404,
        "median": 0.0051784417592,
        "min": 8.95950035282e-23,
        "var": 0.000130779502797
    },
    "spectral_energyband_middle_high": {
        "dmean": 0.00364838656969,
        "dmean2": 0.00573791796342,
        "dvar": 2.18534441956e-05,
        "dvar2": 5.49516553292e-05,
        "max": 0.0570331066847,
        "mean": 0.0080363759771,
        "median": 0.00671436171979,
        "min": 1.67823404936e-21,
        "var": 4.00586577598e-05
    },
    "spectral_energyband_middle_low": {
        "dmean": 0.00490189855918,
        "dmean2": 0.00850103702396,
        "dvar": 5.32167723577e-05,
        "dvar2": 0.000146018937812,
        "max": 0.0506951473653,
        "mean": 0.00861565861851,
        "median": 0.00701516773552,
        "min": 3.87708625635e-22,
        "var": 5.27866213815e-05
    },
    "spectral_entropy": {
        "dmean": 0.152296096087,
        "dmean2": 0.232484266162,
        "dvar": 0.0279682613909,
        "dvar2": 0.0590545535088,
        "max": 9.80588245392,
        "mean": 7.73235225677,
        "median": 7.73529624939,
        "min": 5.44771766663,
        "var": 0.15948292613
    },
    "spectral_flux": {
        "dmean": 0.0276491101831,
        "dmean2": 0.0437485799193,
        "dvar": 0.000765714386944,
        "dvar2": 0.00159896956757,
        "max": 0.279152035713,
        "mean": 0.103248544037,
        "median": 0.0988763943315,
        "min": 1.00554932436e-10,
        "var": 0.00208239699714
    },
    "spectral_kurtosis": {
        "dmean": 1.85627472401,
        "dmean2": 3.16013121605,
        "dvar": 11.9333257675,
        "dvar2": 33.8106575012,
        "max": 150.158691406,
        "mean": 4.76176595688,
        "median": 3.37196779251,
        "min": -1.21232271194,
        "var": 80.2151947021
    },
    "spectral_rms": {
        "dmean": 0.00100761430804,
        "dmean2": 0.00153090071399,
        "dvar": 9.04839964733e-07,
        "dvar2": 1.89727700217e-06,
        "max": 0.00934526976198,
        "mean": 0.00477998424321,
        "median": 0.00481081288308,
        "min": 3.14080857676e-12,
        "var": 3.19448622577e-06
    },
    "spectral_rolloff": {
        "dmean": 845.018066406,
        "dmean2": 1373.17419434,
        "dvar": 1462705.5,
        "dvar2": 3078136.75,
        "max": 19724.4140625,
        "mean": 2683.92480469,
        "median": 2110.25390625,
        "min": 21.533203125,
        "var": 6385110
    },
    "spectral_skewness": {
        "dmean": 0.222168803215,
        "dmean2": 0.367300868034,
        "dvar": 0.0734188482165,
        "dvar2": 0.203498631716,
        "max": 8.96444129944,
        "mean": 1.37557578087,
        "median": 1.29282987118,
        "min": 0.02621374093,
        "var": 0.443898916245
    },
    "spectral_spread": {
        "dmean": 601358,
        "dmean2": 873873.5,
        "dvar": 718409302016,
        "dvar2": 1.24703093555e+12,
        "max": 40404036,
        "mean": 4347229,
        "median": 3818463.5,
        "min": 592782.0625,
        "var": 3.68972739379e+12
    },
    "spectral_strongpeak": {
        "dmean": 0.867293655872,
        "dmean2": 1.57074272633,
        "dvar": 2.65487289429,
        "dvar2": 7.64262962341,
        "max": 15.2625207901,
        "mean": 0.935551524162,
        "median": 0.402062356472,
        "min": 0,
        "var": 2.14108514786
    },
    "zerocrossingrate": {
        "dmean": 0.0156980641186,
        "dmean2": 0.0173261426389,
        "dvar": 0.000239741289988,
        "dvar2": 0.000302076485241,
        "max": 0.783203125,
        "mean": 0.0889509394765,
        "median": 0.072265625,
        "min": 0,
        "var": 0.00615047756582
    },
    "barkbands": {
        "dmean": [3.31998744514e-05, 0.00520789297298, 0.00208273530006, 0.00122473773081, 0.00172673806082, 0.00184541789349, 0.000509756908286, 0.000973506772425, 0.000386347266613, 0.000430866930401, 0.000281997781713, 0.000491179875098, 0.00040684157284, 0.000509341596626, 0.000455650646472, 0.00221421569586, 0.000713838380761, 0.000274886871921, 0.000266327959253, 0.000202219671337, 0.000275083992165, 0.00017608347116, 0.000253978796536, 0.000337337667588, 0.000131657143356, 5.54227881366e-05, 6.59725901642e-06],
        "dmean2": [5.95075216552e-05, 0.00810957700014, 0.00348023604602, 0.00221423967741, 0.00314985238947, 0.00321239046752, 0.00083405803889, 0.00155021634419, 0.000613830925431, 0.000710655178409, 0.000456990179373, 0.000783085066359, 0.00067597423913, 0.000889093207661, 0.000756249180995, 0.00378173450008, 0.00116192456335, 0.000455921282992, 0.000416895374656, 0.000316879013553, 0.000424749043304, 0.000279210624285, 0.000359933968866, 0.000536068575457, 0.000185120676178, 7.97702232376e-05, 1.04942237158e-05],
        "dvar": [4.46422321332e-09, 5.46891606064e-05, 1.75926870725e-05, 8.98910457181e-06, 1.22313322208e-05, 6.60027990307e-06, 5.45111106476e-07, 1.59727471782e-06, 3.24838850929e-07, 3.96676853143e-07, 2.3852496156e-07, 6.48907303002e-07, 7.22150332422e-07, 1.0369735719e-06, 5.37615051144e-07, 2.05185006052e-05, 8.65682295625e-07, 1.81757997098e-07, 4.47143662541e-07, 4.27518415336e-07, 2.69304848644e-07, 1.29833523488e-07, 2.42968411612e-07, 5.92885896822e-07, 8.1068300517e-08, 1.54028771959e-08, 2.25467228221e-10],
        "dvar2": [1.48842884684e-08, 0.000120725962915, 4.64453150926e-05, 2.53101607086e-05, 3.46978777088e-05, 1.81860541488e-05, 1.31627984956e-06, 3.70541943084e-06, 7.28587281174e-07, 9.89069349089e-07, 5.82852237585e-07, 1.50231869611e-06, 1.83681186172e-06, 2.99342218568e-06, 1.41062025705e-06, 5.55380174774e-05, 2.2155413717e-06, 4.77611763472e-07, 9.21044545521e-07, 9.35923935685e-07, 5.57619273422e-07, 3.02872990687e-07, 5.23699213772e-07, 1.42336944009e-06, 1.71523623749e-07, 3.48863054001e-08, 5.55847645689e-10],
        "max": [0.0011942879064, 0.0613643713295, 0.0404713824391, 0.027378898114, 0.0364001318812, 0.0268679913133, 0.0137024894357, 0.0196446385235, 0.0102723380551, 0.00969525612891, 0.00981808081269, 0.0124541418627, 0.0155327627435, 0.0153501853347, 0.01112070214, 0.0540030747652, 0.0132771590725, 0.0116482321173, 0.0202481020242, 0.0195720996708, 0.0125821204856, 0.0105036124587, 0.00381734198891, 0.00517748901621, 0.00193687924184, 0.000832078279927, 0.000104263577668],
        "mean": [3.3084234019e-05, 0.00635541509837, 0.00200218032114, 0.000968259526417, 0.00174980494194, 0.00229497859254, 0.000882490363438, 0.00178049621172, 0.000738231989089, 0.000609323207755, 0.000353518291377, 0.000899875711184, 0.000542061810847, 0.000602243118919, 0.000622597173788, 0.00238029705361, 0.00102010788396, 0.000437340640929, 0.000509609933943, 0.000347456720192, 0.000416104070609, 0.000252592406468, 0.000345645239577, 0.000334978831233, 0.00015082709433, 5.75088124606e-05, 6.9922602961e-06],
        "median": [1.02216645246e-05, 0.00332901114598, 0.000558661296964, 0.000212382292375, 0.000791297759861, 0.00148729863577, 0.000483926065499, 0.0010444233194, 0.000349448644556, 0.000350039044861, 0.000166494603036, 0.000367118424037, 0.000271811033599, 0.000304704677546, 0.00039728890988, 0.00103340786882, 0.000671884045005, 0.000289312796667, 0.000249219505349, 0.000196858949494, 0.000201128030312, 0.000116592076665, 7.77438108344e-05, 5.20949797647e-05, 1.29578384076e-05, 6.4958189796e-06, 1.15272791845e-06],
        "min": [3.03026934181e-24, 2.29055230162e-23, 3.62223028899e-23, 8.24452857761e-23, 6.54032648942e-23, 9.72690613469e-23, 8.33321295166e-23, 2.09615709528e-23, 2.94651033915e-23, 3.48652538736e-23, 3.73851343513e-23, 1.45095729034e-22, 1.23412744783e-22, 1.88849728748e-22, 1.08074373156e-22, 1.33789219182e-22, 1.14775790722e-22, 2.73856837158e-22, 3.74382884302e-22, 3.06005986137e-22, 5.49909004796e-22, 5.12507607288e-22, 4.57967203183e-22, 6.44707770306e-22, 8.81614993752e-22, 1.68879039667e-21, 2.53617634971e-21],
        "var": [4.92769514082e-09, 7.68721220084e-05, 1.48138124132e-05, 5.89925457462e-06, 8.66353821039e-06, 7.05447700966e-06, 1.45708634136e-06, 4.60537057734e-06, 1.17353056339e-06, 6.49475452974e-07, 3.15497686643e-07, 1.86329100416e-06, 8.63447382926e-07, 9.32883551741e-07, 5.96124380081e-07, 1.81977829925e-05, 1.23503821214e-06, 3.14466205964e-07, 1.44299633575e-06, 6.59472334519e-07, 4.21514926074e-07, 1.80108685299e-07, 3.7830128008e-07, 5.80398307193e-07, 1.0787071858e-07, 1.74744627657e-08, 2.149994488e-10]
    },
    "erbbands": {
        "dmean": [0.0724144503474, 1.41943871975, 2.88022518158, 2.91829395294, 4.2306804657, 6.07570266724, 13.5804481506, 14.342672348, 8.27777099609, 8.57454395294, 24.1918010712, 9.65044116974, 12.0494756699, 10.4366436005, 15.4770936966, 18.3219776154, 19.7791633606, 24.548992157, 22.0846538544, 68.7857437134, 78.5864562988, 28.5287876129, 17.1989097595, 13.1407375336, 13.3722906113, 9.78032016754, 11.954079628, 8.52420043945, 5.57916927338, 7.00413656235, 7.77452039719, 6.32992076874, 5.79154205322, 1.82511603832, 0.855511128902, 0.308362662792, 0.0933667123318, 0.0111128250137, 0.00117928383406, 5.89246665186e-05],
        "dmean2": [0.105439163744, 2.23007488251, 4.47844314575, 5.0329284668, 7.80555438995, 11.083521843, 23.7927379608, 24.967168808, 13.6128015518, 14.2337703705, 38.4538803101, 15.1329851151, 20.0635433197, 16.9817581177, 24.1992988586, 28.896112442, 33.0300788879, 42.6494674683, 36.2659034729, 116.860412598, 130.858917236, 45.7215385437, 28.3817558289, 20.7542324066, 20.9980564117, 15.33477211, 18.816198349, 13.1100292206, 8.71023273468, 10.6587896347, 11.2145729065, 9.88509082794, 9.11308765411, 2.58702158928, 1.25621521473, 0.439442008734, 0.140116736293, 0.0173342507333, 0.00184553861618, 9.06826680875e-05],
        "dvar": [0.00953641720116, 4.18861198425, 25.5639247894, 39.7640342712, 117.033905029, 165.077850342, 383.469543457, 368.091949463, 133.091812134, 165.323730469, 1063.68005371, 211.010131836, 341.520690918, 309.334259033, 657.015808105, 754.755615234, 1774.39123535, 2043.9876709, 1105.64709473, 16410.6113281, 20141.1835938, 1380.82495117, 629.810791016, 1102.97473145, 878.133300781, 1096.8737793, 511.202697754, 310.422546387, 181.508041382, 180.979019165, 229.786148071, 198.889205933, 178.830215454, 15.6016693115, 3.685785532, 0.470883697271, 0.0466436222196, 0.000654671399388, 7.01754652255e-06, 1.27969812524e-08],
        "dvar2": [0.0221155844629, 9.21992683411, 62.0327529907, 106.368141174, 331.928344727, 463.933563232, 1045.90258789, 1034.46472168, 330.698944092, 412.556549072, 2409.80322266, 449.725128174, 914.629516602, 748.675170898, 1436.33349609, 1956.30627441, 4548.84033203, 5848.17480469, 2647.60327148, 44290.5351562, 52886.5429688, 3460.57470703, 1603.36425781, 2441.34228516, 1837.19494629, 2438.44824219, 1077.8795166, 650.882324219, 420.369415283, 417.4480896, 497.111938477, 495.510070801, 428.415802002, 34.230052948, 7.8622546196, 0.996207654476, 0.113797724247, 0.0016210017493, 1.72824948095e-05, 3.07229690577e-08],
        "max": [0.799063444138, 16.8714733124, 50.4803962708, 53.7168998718, 92.8413009644, 144.500045776, 215.708602905, 221.663024902, 243.259872437, 298.828369141, 534.855651855, 286.148071289, 365.289001465, 345.334136963, 490.468048096, 583.62298584, 790.579345703, 780.65423584, 494.366638184, 1410.91699219, 1692.85070801, 659.162231445, 632.874816895, 995.120605469, 988.596374512, 1213.32531738, 421.00302124, 601.733581543, 481.882049561, 238.363357544, 114.212638855, 99.6802368164, 83.2767944336, 26.4213829041, 13.2610225677, 4.46342611313, 1.45511901379, 0.165454104543, 0.0198334529996, 0.000911335053388],
        "mean": [0.0937769562006, 1.69212377071, 3.06932044029, 2.72918248177, 3.42239785194, 6.08345460892, 15.8250179291, 17.7516212463, 14.8634738922, 14.240032196, 44.8472862244, 21.5258922577, 16.6577339172, 15.5043697357, 26.8060512543, 35.4819259644, 27.7752170563, 32.0949821472, 34.5951118469, 78.6714630127, 97.8539810181, 43.3977165222, 26.6767520905, 24.7941932678, 25.1259384155, 17.0491447449, 18.5556182861, 12.893538475, 8.13021087646, 9.46087169647, 10.7948865891, 6.69000816345, 5.64419460297, 2.08329486847, 0.89311259985, 0.330273807049, 0.0930603221059, 0.0113580431789, 0.00127130723558, 8.68028873811e-05],
        "median": [0.0514401495457, 0.826508402824, 1.21252274513, 0.869356811047, 0.95250082016, 2.54855298996, 8.50630569458, 11.587184906, 8.9809885025, 9.88777542114, 25.4683876038, 11.8998641968, 10.1632699966, 8.7009601593, 14.0583686829, 16.8091678619, 15.2556190491, 17.7578277588, 23.2227172852, 39.0268249512, 54.2650489807, 31.0738887787, 18.3973617554, 12.6693334579, 12.7200336456, 9.7839679718, 9.80572319031, 6.21343803406, 3.67509269714, 3.27280044556, 2.25118255615, 1.33955597878, 0.679626584053, 0.205075770617, 0.0647377818823, 0.0265811495483, 0.0117390789092, 0.00181441172026, 0.000225332623813, 4.61936724605e-05],
        "min": [1.1712966331e-21, 3.71976093661e-21, 3.51309939253e-20, 1.45723568408e-19, 2.06796303436e-19, 3.0440455922e-19, 3.04342494825e-19, 1.0246017414e-18, 1.30069860325e-18, 8.57003110274e-19, 4.96082598923e-19, 7.35805485802e-19, 9.10282899203e-19, 1.29433696395e-18, 2.99516888568e-18, 5.83966599559e-18, 7.17845698983e-18, 1.0190550818e-17, 7.00501045027e-18, 5.92987955397e-18, 5.46403418045e-18, 7.66485573362e-18, 1.35982793429e-17, 1.33095941363e-17, 2.20516425139e-17, 1.66545007753e-17, 1.46225332549e-17, 2.41029544801e-17, 1.75863759836e-17, 1.73748807902e-17, 1.36723972074e-17, 1.33535356248e-17, 1.10127857177e-17, 9.79511381747e-18, 6.44651753942e-18, 6.0190669948e-18, 3.33945158958e-18, 1.29907784623e-18, 3.43129200543e-19, 3.68350990782e-20],
        "var": [0.0136454347521, 5.74394655228, 27.4402542114, 30.9192256927, 72.34349823, 125.560806274, 420.976104736, 403.418426514, 355.454986572, 277.365020752, 3194.96362305, 846.368347168, 459.910644531, 496.341796875, 1457.67736816, 2283.97729492, 2067.46728516, 2081.77539062, 1584.38928223, 15369.6591797, 20200.6542969, 1925.71154785, 922.982971191, 3051.37402344, 2669.61816406, 1578.23779297, 769.830871582, 490.246704102, 246.339599609, 244.588088989, 367.647705078, 199.165786743, 176.854522705, 20.2322750092, 4.33525800705, 0.573917686939, 0.047262031585, 0.000621606886853, 6.85435497871e-06, 1.38764191249e-08]
    },
    "gfcc": {
        "mean": [1.03518712521, 80.0456085205, -135.456954956, 33.8708572388, -51.6939849854, 10.0101575851, -34.9588394165, 6.72971773148, -6.53785562515, 5.36265039444, -11.0418186188, 2.33856320381, -5.84024906158],
        "cov": [[23732.7675781, 310.228363037, 375.217407227, 1878.94238281, -1054.03259277, 506.78704834, -1113.49157715, 372.283294678, -697.753723145, 86.9429550171, -474.855255127, 261.460662842, -178.405151367], [310.228363037, 2407.17944336, -549.296813965, 324.724731445, 495.402587891, -246.701248169, 343.439086914, -197.21647644, 207.03477478, -131.232421875, 172.075500488, -107.809661865, 30.6053771973], [375.217407227, -549.296813965, 782.396789551, 129.679489136, -116.029884338, 199.81350708, -148.149353027, 138.005355835, -36.3699493408, 40.4810371399, -38.4886856079, 59.2486534119, -1.26599693298], [1878.94238281, 324.724731445, 129.679489136, 693.574401855, 119.069793701, -4.92862892151, -6.91843652725, 0.128378838301, -6.91633701324, -23.7411212921, -5.28359508514, 4.31208372116, 16.0548000336], [-1054.03259277, 495.402587891, -116.029884338, 119.069793701, 362.101715088, -42.3451385498, 182.588851929, -57.7197914124, 121.191093445, -26.4984321594, 70.0858078003, -19.0876331329, 32.1971702576], [506.78704834, -246.701248169, 199.81350708, -4.92862892151, -42.3451385498, 223.929321289, -47.2876472473, 98.7406768799, -19.9636631012, 47.8885879517, -15.1467056274, 43.2899856567, -6.53539943695], [-1113.49157715, 343.439086914, -148.149353027, -6.91843652725, 182.588851929, -47.2876472473, 291.590087891, -32.3246917725, 86.2425689697, 4.67218828201, 91.4656982422, -19.1789875031, -2.86982798576], [372.283294678, -197.21647644, 138.005355835, 0.128378838301, -57.7197914124, 98.7406768799, -32.3246917725, 149.249847412, 7.7733912468, 44.8082084656, -5.5496263504, 21.877696991, 0.401990443468], [-697.753723145, 207.03477478, -36.3699493408, -6.91633701324, 121.191093445, -19.9636631012, 86.2425689697, 7.7733912468, 172.776443481, 29.9027233124, 27.0081481934, -11.7108764648, 33.9792900085], [86.9429550171, -131.232421875, 40.4810371399, -23.7411212921, -26.4984321594, 47.8885879517, 4.67218828201, 44.8082084656, 29.9027233124, 110.313537598, 34.9125480652, 28.0052642822, 13.4022169113], [-474.855255127, 172.075500488, -38.4886856079, -5.28359508514, 70.0858078003, -15.1467056274, 91.4656982422, -5.5496263504, 27.0081481934, 34.9125480652, 121.771072388, 23.8412227631, 1.09886407852], [261.460662842, -107.809661865, 59.2486534119, 4.31208372116, -19.0876331329, 43.2899856567, -19.1789875031, 21.877696991, -11.7108764648, 28.0052642822, 23.8412227631, 82.6374588013, 28.5507850647], [-178.405151367, 30.6053771973, -1.26599693298, 16.0548000336, 32.1971702576, -6.53539943695, -2.86982798576, 0.401990443468, 33.9792900085, 13.4022169113, 1.09886407852, 28.5507850647, 85.0651855469]],
        "icov": [[0.000143290148117, -0.000207325196243, 0.0001593225752, -0.000395867304178, 0.000365151674487, -0.000171672960278, 0.000267083669314, -0.000231440164498, 0.000276240723906, -0.000417166447733, 0.000631410221104, -0.000690811197273, 0.000489986792672], [-0.000207325196243, 0.00119299301878, 0.000190696344362, 0.000141559328767, -0.000782239309046, 9.07982612262e-05, -0.000408770050853, 0.000657155702356, -0.00111842935439, 0.00173534324858, -0.00222512381151, 0.00181507598609, -0.00100887205917], [0.0001593225752, 0.000190696344362, 0.0023340608459, -0.00106151029468, 0.000607905094512, -0.00151952286251, 0.000902721716557, -0.000846502778586, -0.000379311502911, 0.000407073646784, -7.97412576503e-05, -0.000868300092407, 0.000568077666685], [-0.000395867304178, 0.000141559328767, -0.00106151029468, 0.00303052645177, -0.0020175408572, 0.0010705239838, -0.000458902301034, 0.00017437718634, 0.00027114682598, 0.000490984122735, -0.000763513904531, 0.00139652495272, -0.00128388369922], [0.000365151674487, -0.000782239309046, 0.000607905094512, -0.0020175408572, 0.00752991298214, -0.00218064314686, -0.00155581452418, 0.00129496259615, -0.00249322340824, 0.00153072958346, -0.00045445462456, -0.000866672606207, -0.000587618676946], [-0.000171672960278, 9.07982612262e-05, -0.00151952286251, 0.0010705239838, -0.00218064314686, 0.00880797486752, -0.00029473064933, -0.00368874217384, 0.00137610628735, -0.00234184227884, 0.00204532593489, -0.00266109709628, 0.00157819921151], [0.000267083669314, -0.000408770050853, 0.000902721716557, -0.000458902301034, -0.00155581452418, -0.00029473064933, 0.00716663291678, -0.000705552636646, -0.0007232366479, -0.000650611356832, -0.00228117289953, -0.000322398351273, 0.00214768806472], [-0.000231440164498, 0.000657155702356, -0.000846502778586, 0.00017437718634, 0.00129496259615, -0.00368874217384, -0.000705552636646, 0.0116741899401, -0.00268786563538, -0.000517959124409, -0.00184291612823, 0.00185860041529, -0.0010645830771], [0.000276240723906, -0.00111842935439, -0.000379311502911, 0.00027114682598, -0.00249322340824, 0.00137610628735, -0.0007232366479, -0.00268786563538, 0.0113185429946, -0.00546867260709, 0.00360819580965, 0.000215328967897, -0.00181583187077], [-0.000417166447733, 0.00173534324858, 0.000407073646784, 0.000490984122735, 0.00153072958346, -0.00234184227884, -0.000650611356832, -0.000517959124409, -0.00546867260709, 0.0172007922083, -0.00870016124099, 0.0019211639883, -0.00342266145162], [0.000631410221104, -0.00222512381151, -7.97412576503e-05, -0.000763513904531, -0.00045445462456, 0.00204532593489, -0.00228117289953, -0.00184291612823, 0.00360819580965, -0.00870016124099, 0.0195335503668, -0.0101346326992, 0.00560726039112], [-0.000690811197273, 0.00181507598609, -0.000868300092407, 0.00139652495272, -0.000866672606207, -0.00266109709628, -0.000322398351273, 0.00185860041529, 0.000215328967897, 0.0019211639883, -0.0101346326992, 0.0237653646618, -0.0105086779222], [0.000489986792672, -0.00100887205917, 0.000568077666685, -0.00128388369922, -0.000587618676946, 0.00157819921151, 0.00214768806472, -0.0010645830771, -0.00181583187077, -0.00342266145162, 0.00560726039112, -0.0105086779222, 0.0185374468565]]
    },
    "melbands": {
        "dmean": [0.00107733835466, 0.00164577469695, 0.000512708676979, 0.000360389036359, 0.000424502213718, 0.000320080609526, 0.000121440214571, 0.000106725150545, 0.000182543779374, 5.58969040867e-05, 6.10813222011e-05, 4.58200884168e-05, 4.18060953962e-05, 6.86222992954e-05, 3.80179626518e-05, 3.526621731e-05, 5.47670606466e-05, 3.34872856911e-05, 3.79158045689e-05, 0.00019545268151, 7.40444811527e-05, 3.41424565704e-05, 2.10762937058e-05, 1.22958863358e-05, 1.13739097287e-05, 1.15041648314e-05, 7.85781048762e-06, 6.87815690981e-06, 6.24641188551e-06, 9.61960995483e-06, 3.88367971027e-06, 3.40389760822e-06, 3.36850757776e-06, 4.03690592066e-06, 5.1144529607e-06, 3.42598013958e-06, 4.42851160187e-06, 4.92637218485e-06, 2.2635545065e-06, 1.26508507492e-06],
        "dmean2": [0.00163986312691, 0.0025605042465, 0.000881059851963, 0.000663242593873, 0.000747357145883, 0.000557453488, 0.000199276983039, 0.000176732661203, 0.000289579184027, 8.80781808519e-05, 0.000101929254015, 7.47810408939e-05, 6.52748421999e-05, 0.000107447966002, 6.34356692899e-05, 5.86585993005e-05, 9.57088850555e-05, 5.52500969206e-05, 6.21792933089e-05, 0.0003388064506, 0.000121481331007, 5.49997239432e-05, 3.52169226971e-05, 2.03384170163e-05, 1.81515024451e-05, 1.81935683941e-05, 1.26144341266e-05, 1.10312548713e-05, 1.00321994978e-05, 1.47907358041e-05, 6.18594413027e-06, 5.30803708898e-06, 5.60654598303e-06, 6.1792429733e-06, 7.62601439419e-06, 5.41016970601e-06, 7.19546733308e-06, 7.90784361016e-06, 3.30762145495e-06, 1.7867881752e-06],
        "dvar": [2.21363302444e-06, 6.47816750643e-06, 1.29339764499e-06, 7.14630743914e-07, 3.7217296267e-07, 1.88117695643e-07, 2.8350212844e-08, 2.21966391933e-08, 5.86746402575e-08, 7.32321403518e-09, 8.53814974278e-09, 5.99852567618e-09, 4.71238470467e-09, 1.18298189022e-08, 4.67742378163e-09, 5.805222969e-09, 1.08585256342e-08, 2.89258594854e-09, 3.78422049252e-09, 1.72178332036e-07, 1.24656800438e-08, 2.0136265988e-09, 8.80843620266e-10, 3.60108387554e-10, 9.56256296369e-10, 6.8744343551e-10, 6.33355090596e-10, 6.58484822225e-10, 1.83781809215e-10, 3.45524359124e-10, 6.78743450333e-11, 1.01636393746e-10, 4.0979372673e-11, 6.19018447612e-11, 9.92079890461e-11, 5.43349081006e-11, 1.02494193688e-10, 1.33173833072e-10, 2.4494137621e-11, 7.49434542202e-12],
        "dvar2": [5.06245442011e-06, 1.36816070153e-05, 3.4074071209e-06, 2.0234567728e-06, 1.02178364614e-06, 5.22882942278e-07, 6.94435584592e-08, 5.57397896728e-08, 1.32475918235e-07, 1.61384630104e-08, 2.29063541468e-08, 1.45824374798e-08, 1.03965689391e-08, 2.7979240258e-08, 1.22334498087e-08, 1.47446481691e-08, 3.12522274726e-08, 7.04192126832e-09, 9.80511405402e-09, 4.75291670909e-07, 3.11858343593e-08, 5.0286210751e-09, 2.31598984435e-09, 9.30010457534e-10, 2.17796691793e-09, 1.40998457354e-09, 1.49379897341e-09, 1.52633916617e-09, 4.08645256522e-10, 7.35182359435e-10, 1.49376372383e-10, 2.34947811206e-10, 1.00756292198e-10, 1.40735936793e-10, 2.19679385793e-10, 1.29133106985e-10, 2.56143495303e-10, 3.24211685276e-10, 5.34061787849e-11, 1.6767252517e-11],
        "max": [0.0125883389264, 0.0223175957799, 0.0104817608371, 0.00661234837025, 0.006833080668, 0.00486268801615, 0.00321424473077, 0.00302108959295, 0.00401257909834, 0.00154627510346, 0.00179322843906, 0.00153290620074, 0.00133856514003, 0.00163256749511, 0.00155749369878, 0.00160501652863, 0.00179579597898, 0.000647858076263, 0.00107209139969, 0.00495975045487, 0.00107272074092, 0.00060802308144, 0.000761794857681, 0.000573187717237, 0.00093345035566, 0.000663640268613, 0.00105809012894, 0.000959084369242, 0.000426253915066, 0.000462792784674, 0.000241924091824, 0.000416849215981, 0.00016579971998, 0.000122235738672, 7.64128053561e-05, 5.90700728935e-05, 6.9069545134e-05, 7.33304113965e-05, 3.22692285408e-05, 1.8285409169e-05],
        "mean": [0.00136572564952, 0.00195835181512, 0.000493894214742, 0.00031997912447, 0.000498495064676, 0.000400567485485, 0.000217752822209, 0.000181523209903, 0.000348083151039, 0.00011276800069, 8.14067898318e-05, 6.32537412457e-05, 6.28654306638e-05, 0.000128168991068, 5.85823981964e-05, 4.80543021695e-05, 6.46440676064e-05, 4.93597508466e-05, 4.98534755025e-05, 0.000198301975615, 9.76191586233e-05, 4.99217167089e-05, 2.91479573207e-05, 1.94545318664e-05, 1.97475073946e-05, 2.09512054425e-05, 1.33771036417e-05, 1.09356869871e-05, 9.52371465246e-06, 1.34718802656e-05, 5.70100473851e-06, 4.60677892988e-06, 4.67078098154e-06, 5.09086157763e-06, 7.10379163138e-06, 4.02767682317e-06, 4.35265292253e-06, 4.65849416287e-06, 2.49800837082e-06, 1.45382136907e-06],
        "median": [0.000764756579883, 0.00097497459501, 0.000159908551723, 0.000105537692434, 0.000279296771623, 0.00026502518449, 0.000128672414576, 0.000128279294586, 0.000204146577744, 5.4383846873e-05, 4.78115798614e-05, 3.17764752253e-05, 3.0768722354e-05, 5.48292118765e-05, 3.6180310417e-05, 2.52826757787e-05, 3.21138868458e-05, 3.11475196213e-05, 3.11049479933e-05, 7.75304652052e-05, 5.61986707908e-05, 3.3458291e-05, 1.99566457013e-05, 1.27234534375e-05, 8.96535493666e-06, 9.79082142294e-06, 6.89774924467e-06, 6.16007491772e-06, 5.32897229277e-06, 5.45588954992e-06, 2.87520742859e-06, 1.79982407644e-06, 2.28025351134e-06, 1.43234137795e-06, 1.31615274768e-06, 8.45818362905e-07, 7.84311794177e-07, 5.0010328323e-07, 2.69549673249e-07, 1.36191033562e-07],
        "min": [7.62968833704e-24, 1.28863836747e-23, 3.06792612988e-23, 1.61713267018e-23, 1.19649972928e-23, 2.2513307685e-23, 1.95283795042e-23, 8.31350610184e-24, 3.44698097347e-24, 4.86247314433e-24, 4.58721788082e-24, 5.16794493595e-24, 7.36441413613e-24, 1.41374034744e-23, 1.73038390831e-23, 1.47723150185e-23, 1.79360464121e-23, 1.15169937184e-23, 5.82445628052e-24, 9.05138844878e-24, 5.92580281873e-24, 6.13433464915e-24, 1.17866918513e-23, 1.37683506771e-23, 9.32965439994e-24, 1.62155423555e-23, 1.33046771697e-23, 1.07515619821e-23, 6.62155407688e-24, 1.31471566353e-23, 1.43121503644e-23, 8.17514542109e-24, 1.32088715905e-23, 7.28140230308e-24, 7.28951021546e-24, 8.05926727614e-24, 8.34765115726e-24, 6.8431340611e-24, 8.69848284536e-24, 8.28432377037e-24],
        "var": [3.14742919727e-06, 8.72514738148e-06, 1.02221918041e-06, 4.74630354574e-07, 3.91926874954e-07, 2.05266545095e-07, 7.94404115823e-08, 3.92719421427e-08, 1.80596700261e-07, 2.8087358217e-08, 1.15914087218e-08, 9.61018997714e-09, 9.06315911209e-09, 3.68823940278e-08, 5.89626925063e-09, 6.9844467987e-09, 1.02641557476e-08, 3.84231180206e-09, 3.97065225144e-09, 1.46659544953e-07, 1.51638470669e-08, 2.91756641069e-09, 1.05578146226e-09, 6.43156916613e-10, 2.37326447383e-09, 2.24577934027e-09, 9.65538204944e-10, 8.23553059082e-10, 2.54331666838e-10, 5.22544674197e-10, 1.03019870412e-10, 1.28583726999e-10, 5.24409578262e-11, 8.14985648412e-11, 1.59223342844e-10, 6.34468033667e-11, 9.49068046374e-11, 1.25616697599e-10, 3.04511103832e-11, 9.69083754215e-12]
    },
    "mfcc": {
        "mean": [-625.528930664, 105.69178009, -17.0737171173, 23.3829040527, 5.58998155594, 6.8821554184, -10.8610086441, 3.22115540504, 3.94270777702, 5.93354511261, -2.57042241096, 8.5239648819, 6.22810220718],
        "cov": [[11008.1630859, 6.62011480331, 550.61126709, 375.328399658, 127.978843689, -50.2076454163, -160.455993652, 61.9632759094, -102.967475891, -8.43712234497, -175.640304565, 71.1175460815, -172.737716675], [6.62011480331, 1688.97717285, -425.176757812, 464.104949951, 72.0119400024, 181.583175659, 66.80859375, 101.079345703, 34.5216407776, 16.6148605347, 29.4806861877, 68.9896621704, 154.626022339], [550.61126709, -425.176757812, 658.851013184, -190.956970215, 93.1393127441, -74.5799865723, -44.2587089539, 4.65681838989, -6.08773803711, 22.9180488586, -23.9202613831, -2.52086043358, -46.7727890015], [375.328399658, 464.104949951, -190.956970215, 552.949768066, 66.065322876, 95.4198532104, 25.1440162659, 38.7127799988, 2.14566755295, 15.625910759, -1.22034144402, -6.79486894608, 60.9318771362], [127.978843689, 72.0119400024, 93.1393127441, 66.065322876, 208.552856445, 38.2656326294, -15.9239931107, 34.7178955078, 32.4470672607, 22.4646968842, -13.6969203949, -7.9640583992, 26.8435459137], [-50.2076454163, 181.583175659, -74.5799865723, 95.4198532104, 38.2656326294, 137.651947021, 40.5067481995, 23.9436531067, 27.7875881195, 1.71716296673, 16.1169986725, 33.4870834351, 40.3537445068], [-160.455993652, 66.80859375, -44.2587089539, 25.1440162659, -15.9239931107, 40.5067481995, 134.612228394, 39.9192657471, -17.3266010284, 3.34719324112, 37.033039093, 24.875541687, 20.1273880005], [61.9632759094, 101.079345703, 4.65681838989, 38.7127799988, 34.7178955078, 23.9436531067, 39.9192657471, 100.641235352, 23.347328186, 10.8949022293, 9.79200839996, 13.3800296783, 22.8915996552], [-102.967475891, 34.5216407776, -6.08773803711, 2.14566755295, 32.4470672607, 27.7875881195, -17.3266010284, 23.347328186, 125.251914978, 32.7100028992, -1.38378894329, 18.8851337433, 25.9699249268], [-8.43712234497, 16.6148605347, 22.9180488586, 15.625910759, 22.4646968842, 1.71716296673, 3.34719324112, 10.8949022293, 32.7100028992, 97.5544509888, 29.1446018219, 0.241817653179, 18.6718616486], [-175.640304565, 29.4806861877, -23.9202613831, -1.22034144402, -13.6969203949, 16.1169986725, 37.033039093, 9.79200839996, -1.38378894329, 29.1446018219, 100.966438293, 31.1423034668, 13.6848754883], [71.1175460815, 68.9896621704, -2.52086043358, -6.79486894608, -7.9640583992, 33.4870834351, 24.875541687, 13.3800296783, 18.8851337433, 0.241817653179, 31.1423034668, 99.1230010986, 36.9852104187], [-172.737716675, 154.626022339, -46.7727890015, 60.9318771362, 26.8435459137, 40.3537445068, 20.1273880005, 22.8915996552, 25.9699249268, 18.6718616486, 13.6848754883, 36.9852104187, 110.927772522]],
