{
"lowlevel": {
    "average_loudness": 0.907844722271,
    "barkbands_crest": {
        "dmean": 3.04290699959,
        "dmean2": 4.81315088272,
        "dvar": 9.76189899445,
        "dvar2": 22.9809608459,
        "max": 26.9376716614,
        "mean": 13.643699646,
        "median": 13.442193985,
        "min": 2.36981296539,
        "var": 31.9307613373
    },
    "barkbands_flatness_db": {
        "dmean": 0.0316039696336,
        "dmean2": 0.0471623651683,
        "dvar": 0.00120315107051,
        "dvar2": 0.00245866086334,
        "max": 0.845299780369,
        "mean": 0.219661846757,
        "median": 0.196278437972,
        "min": 0.0227134302258,
        "var": 0.0158309359103
    },
    "barkbands_kurtosis": {
        "dmean": 8.12368583679,
        "dmean2": 12.9700231552,
        "dvar": 680.305603027,
        "dvar2": 1604.82092285,
        "max": 865.099609375,
        "mean": 11.6834468842,
        "median": 3.44116449356,
        "min": -1.94377434254,
        "var": 1200.17590332
    },
    "barkbands_skewness": {
        "dmean": 0.822405457497,
        "dmean2": 1.27708280087,
        "dvar": 1.24810552597,
        "dvar2": 2.86236143112,
        "max": 20.7144126892,
        "mean": 2.15421247482,
        "median": 1.72108495235,
        "min": -3.09699964523,
        "var": 4.33055830002
    },
    "barkbands_spread": {
        "dmean": 6.92281675339,
        "dmean2": 10.5245504379,
        "dvar": 147.074005127,
        "dvar2": 302.801116943,
        "max": 140.028823853,
        "mean": 17.2323703766,
        "median": 10.9203805923,
        "min": 0.0243142358959,
        "var": 337.703063965
    },
    "dissonance": {
        "dmean": 0.0279412977397,
        "dmean2": 0.0476913116872,
        "dvar": 0.0011049740715,
        "dvar2": 0.00302203954197,
        "max": 0.500000119209,
        "mean": 0.453012287617,
        "median": 0.465788841248,
        "min": 0.0214435104281,
        "var": 0.00224830629304
    },
    "dynamic_complexity": 3.16713404655,
    "erbbands_crest": {
        "dmean": 2.87384796143,
        "dmean2": 4.60496425629,
        "dvar": 7.39402961731,
        "dvar2": 17.4720134735,
        "max": 31.0270957947,
        "mean": 10.6061735153,
        "median": 9.40583324432,
        "min": 2.34814143181,
        "var": 26.2077980042
    },
    "erbbands_flatness_db": {
        "dmean": 0.0215548295528,
        "dmean2": 0.0325766392052,
        "dvar": 0.000554729253054,
        "dvar2": 0.00114321976434,
        "max": 0.695928573608,
        "mean": 0.21012608707,
        "median": 0.170222699642,
        "min": 0.0211820714176,
        "var": 0.0145789217204
    },
    "erbbands_kurtosis": {
        "dmean": 1.49661147594,
        "dmean2": 2.38513326645,
        "dvar": 5.06604099274,
        "dvar2": 11.8593349457,
        "max": 70.4592666626,
        "mean": 1.7585940361,
        "median": 0.978049755096,
        "min": -1.87738335133,
        "var": 9.9488401413
    },
    "erbbands_skewness": {
        "dmean": 0.457999378443,
        "dmean2": 0.716986835003,
        "dvar": 0.238036543131,
        "dvar2": 0.540657162666,
        "max": 6.65881633759,
        "mean": 0.553316533566,
        "median": 0.59846663475,
        "min": -3.82297253609,
        "var": 0.803666293621
    },
    "erbbands_spread": {
        "dmean": 9.47679519653,
        "dmean2": 14.7095355988,
        "dvar": 185.547714233,
        "dvar2": 401.720214844,
        "max": 186.663742065,
        "mean": 31.212682724,
        "median": 23.9041004181,
        "min": 0.335468411446,
        "var": 654.765441895
    },
    "hfc": {
        "dmean": 26.949836731,
        "dmean2": 44.5273361206,
        "dvar": 6798.53369141,
        "dvar2": 18127.8105469,
        "max": 741.695739746,
        "mean": 36.4985580444,
        "median": 17.372133255,
        "min": 1.10544820726e-16,
        "var": 5587.34179688
    },
    "melbands_crest": {
        "dmean": 3.83013772964,
        "dmean2": 6.01249837875,
        "dvar": 16.134103775,
        "dvar2": 38.2921943665,
        "max": 38.6074066162,
        "mean": 21.2398204803,
        "median": 21.108789444,
        "min": 1.79604506493,
        "var": 74.7651672363
    },
    "melbands_flatness_db": {
        "dmean": 0.0380853042006,
        "dmean2": 0.0562704205513,
        "dvar": 0.00178468669765,
        "dvar2": 0.0035324706696,
        "max": 1,
        "mean": 0.30729085207,
        "median": 0.285424768925,
        "min": 0.00463811121881,
        "var": 0.0219007208943
    },
    "melbands_kurtosis": {
        "dmean": 14.6527872086,
        "dmean2": 23.7483463287,
        "dvar": 2177.53979492,
        "dvar2": 5061.61230469,
        "max": 1441.87854004,
        "mean": 26.0419521332,
        "median": 8.40741825104,
        "min": -1.82519519329,
        "var": 5678.30859375
    },
    "melbands_skewness": {
        "dmean": 0.990062594414,
        "dmean2": 1.58642208576,
        "dvar": 1.7372636795,
        "dvar2": 4.14704227448,
        "max": 28.0059928894,
        "mean": 3.15830922127,
        "median": 2.49679350853,
        "min": -2.06887817383,
        "var": 7.90828895569
    },
    "melbands_spread": {
        "dmean": 6.73675537109,
        "dmean2": 10.4304265976,
        "dvar": 191.229904175,
        "dvar2": 437.705657959,
        "max": 255.316757202,
        "mean": 16.4173202515,
        "median": 11.3472566605,
        "min": 0.13551966846,
        "var": 373.379821777
    },
    "pitch_salience": {
        "dmean": 0.0889760479331,
        "dmean2": 0.137989625335,
        "dvar": 0.00772746792063,
        "dvar2": 0.0175463017076,
        "max": 0.90297216177,
        "mean": 0.447875916958,
        "median": 0.447561770678,
        "min": 0.0328845009208,
        "var": 0.0309814643115
    },
    "silence_rate_20dB": {
        "dmean": 0,
        "dmean2": 0,
        "dvar": 0,
        "dvar2": 0,
        "max": 1,
        "mean": 1,
        "median": 1,
        "min": 1,
        "var": 0
    },
    "silence_rate_30dB": {
        "dmean": 0.125040382147,
        "dmean2": 0.250100970268,
        "dvar": 0.10939770937,
        "dvar2": 0.255863904953,
        "max": 1,
        "mean": 0.809466123581,
        "median": 1,
        "min": 0,
        "var": 0.154214039445
    },
    "silence_rate_60dB": {
        "dmean": 0.0113085620105,
        "dmean2": 0.0226189512759,
        "dvar": 0.0111823175102,
        "dvar2": 0.0242081638426,
        "max": 1,
        "mean": 0.0528228729963,
        "median": 0,
        "min": 0,
        "var": 0.0500346943736
    },
    "spectral_centroid": {
        "dmean": 226.538772583,
        "dmean2": 351.581756592,
        "dvar": 143154.578125,
        "dvar2": 302122.78125,
        "max": 11316.078125,
        "mean": 1052.13928223,
        "median": 859.869445801,
        "min": 64.4433822632,
        "var": 498811.21875
    },
    "spectral_complexity": {
        "dmean": 3.83020997047,
        "dmean2": 5.86331701279,
        "dvar": 27.6770477295,
        "dvar2": 53.4815864563,
        "max": 63,
        "mean": 17.3305873871,
        "median": 16,
        "min": 0,
        "var": 116.720085144
    },
    "spectral_decrease": {
        "dmean": 4.49090098442e-09,
        "dmean2": 7.25299642568e-09,
        "dvar": 3.55093152148e-17,
        "dvar2": 9.73378565424e-17,
        "max": 5.67336910894e-17,
        "mean": -1.53126400448e-08,
        "median": -1.41259821618e-08,
        "min": -4.99283885347e-08,
        "var": 1.2611734279e-16
    },
    "spectral_energy": {
        "dmean": 0.0184917021543,
        "dmean2": 0.0300293024629,
        "dvar": 0.000612710311543,
        "dvar2": 0.00164227245841,
        "max": 0.198107972741,
        "mean": 0.0611039847136,
        "median": 0.0570134222507,
        "min": 1.047304925e-20,
        "var": 0.00196234066971
    },
    "spectral_energyband_high": {
        "dmean": 0.00263908156194,
        "dmean2": 0.0044031990692,
        "dvar": 7.82001661719e-05,
        "dvar2": 0.000209175370401,
        "max": 0.081563487649,
        "mean": 0.00244483794086,
        "median": 0.000205403266591,
        "min": 7.1018310427e-21,
        "var": 6.15425524302e-05
    },
    "spectral_energyband_low": {
        "dmean": 0.0144194336608,
        "dmean2": 0.0233882013708,
        "dvar": 0.00047534875921,
        "dvar2": 0.00131260917988,
        "max": 0.165001958609,
        "mean": 0.0402350537479,
        "median": 0.029818046838,
        "min": 3.02927541651e-23,
        "var": 0.00150610157289
    },
    "spectral_energyband_middle_high": {
        "dmean": 0.00224262522534,
        "dmean2": 0.00349260657094,
        "dvar": 2.22796788876e-05,
        "dvar2": 5.43354617548e-05,
        "max": 0.0667432919145,
        "mean": 0.00578173995018,
        "median": 0.00362708605826,
        "min": 1.33673255367e-21,
        "var": 5.15109095431e-05
    },
    "spectral_energyband_middle_low": {
        "dmean": 0.00593163538724,
        "dmean2": 0.00992101803422,
        "dvar": 0.000126340353745,
        "dvar2": 0.000345886917785,
        "max": 0.121810004115,
        "mean": 0.0134818255901,
        "median": 0.0103904949501,
        "min": 2.24295647356e-22,
        "var": 0.000155278947204
    },
    "spectral_entropy": {
        "dmean": 0.221145108342,
        "dmean2": 0.327676057816,
        "dvar": 0.0684413388371,
        "dvar2": 0.129557088017,
        "max": 9.81245517731,
        "mean": 7.28585577011,
        "median": 7.42421627045,
        "min": 2.51050496101,
        "var": 0.860342979431
    },
    "spectral_flux": {
        "dmean": 0.0375751405954,
        "dmean2": 0.060042321682,
        "dvar": 0.00222891173325,
        "dvar2": 0.00471932487562,
        "max": 0.4120028615,
        "mean": 0.101690515876,
        "median": 0.0799039974809,
        "min": 6.63248830857e-11,
        "var": 0.00484890723601
    },
    "spectral_kurtosis": {
        "dmean": 15.6253204346,
        "dmean2": 27.1011753082,
        "dvar": 3425.80810547,
        "dvar2": 10590.2392578,
        "max": 1426.5177002,
        "mean": 35.224445343,
        "median": 5.00416946411,
        "min": -1.2658623457,
        "var": 9288.82128906
    },
    "spectral_rms": {
        "dmean": 0.00113782437984,
        "dmean2": 0.00181550998241,
        "dvar": 1.93017422134e-06,
        "dvar2": 4.9330078582e-06,
        "max": 0.0139023764059,
        "mean": 0.00702701928094,
        "median": 0.00745807308704,
        "min": 3.19649948871e-12,
        "var": 1.02346421045e-05
    },
    "spectral_rolloff": {
        "dmean": 665.723693848,
        "dmean2": 1116.28198242,
        "dvar": 2851925.75,
        "dvar2": 6410447,
        "max": 19207.6171875,
        "mean": 1188.00720215,
        "median": 667.529296875,
        "min": 43.06640625,
        "var": 3945126.75
    },
    "spectral_skewness": {
        "dmean": 0.669929146767,
        "dmean2": 1.11628890038,
        "dvar": 1.67093014717,
        "dvar2": 4.89173460007,
        "max": 29.7773399353,
        "mean": 2.96927690506,
        "median": 1.84773242474,
        "min": -0.166907027364,
        "var": 12.974442482
    },
    "spectral_spread": {
        "dmean": 866437.6875,
        "dmean2": 1294207.625,
        "dvar": 1.85886860902e+12,
        "dvar2": 3.58295640474e+12,
        "max": 42278660,
        "mean": 4627458,
        "median": 4214090.5,
        "min": 88840.7109375,
        "var": 1.0628366336e+13
    },
    "spectral_strongpeak": {
        "dmean": 0.294340729713,
        "dmean2": 0.504617452621,
        "dvar": 0.325218558311,
        "dvar2": 0.845806837082,
        "max": 12.1648197174,
        "mean": 0.695928215981,
        "median": 0.506738483906,
        "min": 0,
        "var": 0.497294008732
    },
    "zerocrossingrate": {
        "dmean": 0.0134194120765,
        "dmean2": 0.0150657584891,
        "dvar": 0.000436333357356,
        "dvar2": 0.000516386702657,
        "max": 0.51904296875,
        "mean": 0.0448938347399,
        "median": 0.02978515625,
        "min": 0.00146484375,
        "var": 0.00218588975258
    },
    "barkbands": {
        "dmean": [0.00163630885072, 0.0130218863487, 0.00271706865169, 0.00219356152229, 0.00166197982617, 0.000665760890115, 0.00110947084613, 0.00144944910426, 0.00127694488037, 0.000624748703558, 0.000785616110079, 0.000481486466015, 0.000688925676513, 0.000201842922252, 0.000199849324417, 0.000165260047652, 0.000119445881865, 9.11869501579e-05, 8.62080487423e-05, 0.000171266947291, 0.000179817259777, 0.000272739329375, 0.000494922045618, 0.000618149584625, 0.000766795536038, 0.000285937509034, 7.10696667738e-06],
        "dmean2": [0.00226021627896, 0.0207300614566, 0.00465513626114, 0.00390405184589, 0.00292890379205, 0.00108655833174, 0.00175683677662, 0.00232074502856, 0.00205216929317, 0.00101138290484, 0.00129194778856, 0.000721974531189, 0.00107629748527, 0.000336464552674, 0.000311819923809, 0.000266091170488, 0.000202977680601, 0.00015336566139, 0.000143461773405, 0.000295462843496, 0.000280707841739, 0.000426012615208, 0.000852848868817, 0.0010331296362, 0.00131092767697, 0.000495414366014, 1.20618597066e-05],
        "dvar": [9.22249364521e-06, 0.000438362796558, 5.02997427247e-05, 3.7853995309e-05, 1.70678831637e-05, 2.22985386245e-06, 3.32134004566e-06, 8.5205419964e-06, 2.9876505323e-06, 1.74318199697e-06, 4.71365774501e-06, 7.32597072783e-07, 1.64704999861e-06, 2.87004695565e-07, 2.6369752959e-07, 1.55348601538e-07, 7.26974818122e-08, 4.28397370911e-08, 5.42777414125e-08, 3.69343155171e-07, 2.51426001796e-07, 6.01891599672e-07, 3.30930856762e-06, 4.98086228617e-06, 8.19900014903e-06, 1.1545370171e-06, 6.28800622682e-10],
        "dvar2": [1.79613707587e-05, 0.00117427215446, 0.00013565782865, 0.000108439162432, 4.86847420689e-05, 5.42430188943e-06, 7.68647896621e-06, 1.75905570359e-05, 7.38891822039e-06, 4.54146402262e-06, 1.24296320791e-05, 1.43707688949e-06, 3.68945848095e-06, 7.26870155177e-07, 5.61806189125e-07, 3.36166721127e-07, 1.93812667248e-07, 1.0597721456e-07, 1.29666219095e-07, 1.03171498722e-06, 6.1986639821e-07, 1.45468868595e-06, 9.03753971215e-06, 1.33783742058e-05, 2.20405327127e-05, 3.15464103551e-06, 1.69555480767e-09],
        "max": [0.0419354774058, 0.155048817396, 0.0752663016319, 0.057482175529, 0.0477811545134, 0.0359386615455, 0.0561412833631, 0.0564279258251, 0.0381795875728, 0.0276962332428, 0.0323685929179, 0.0275378711522, 0.0430009998381, 0.0164863355458, 0.00923187192529, 0.00740658771247, 0.00518139312044, 0.00279974704608, 0.00347969681025, 0.0179582871497, 0.00936749577522, 0.0174141004682, 0.0340754166245, 0.0244462527335, 0.0269311033189, 0.00984246656299, 0.000364304112736],
        "mean": [0.00494274077937, 0.0319825559855, 0.00259388284758, 0.00203179614618, 0.00219386513345, 0.00108792982064, 0.00248532253318, 0.00297993072309, 0.00242922175676, 0.0012311367318, 0.00112798903137, 0.000924813037273, 0.00121845956892, 0.000330115843099, 0.00028505444061, 0.000278382562101, 0.000187881450984, 0.000136166912853, 0.000133591107442, 0.000185633209185, 0.000210140206036, 0.000278665771475, 0.000426761194831, 0.000552448793314, 0.000641314778477, 0.000221729555051, 6.47438127999e-06],
        "median": [0.000749197090045, 0.0200671032071, 0.000443377793999, 0.0007019439945, 0.000799066212494, 0.000339007470757, 0.00102910224814, 0.00120681023691, 0.00154423038475, 0.000535338767804, 0.000375462317606, 0.000402234203648, 0.000513675564434, 0.000115226423077, 9.10698945518e-05, 8.83500106283e-05, 8.95766497706e-05, 5.06694268552e-05, 4.85397431476e-05, 3.66087951988e-05, 3.42573221133e-05, 2.76981299976e-05, 2.59073531197e-05, 2.19413523155e-05, 1.34243646244e-05, 3.99296277465e-06, 2.94194222761e-07],
        "min": [4.54482804565e-24, 5.75647106441e-24, 2.27593786449e-24, 4.02746939818e-24, 1.36069623577e-23, 6.15747903925e-24, 2.32166560681e-23, 6.97448729043e-24, 2.36276320893e-23, 4.11639106159e-23, 2.34456245235e-23, 3.76043146206e-23, 5.54399832157e-23, 5.95190756715e-23, 8.07336216948e-23, 1.03815944217e-22, 8.5503282987e-23, 1.28781441803e-22, 2.07483595206e-22, 2.21813449187e-22, 3.56762962853e-22, 3.61804932619e-22, 4.19630481699e-22, 7.20813637319e-22, 8.32788365982e-22, 1.38379743415e-21, 2.14477290155e-21],
        "var": [6.04422093602e-05, 0.00117995892651, 4.05509308621e-05, 2.44530783675e-05, 1.54421668412e-05, 5.29167073182e-06, 1.58928996825e-05, 2.84652542177e-05, 7.58695477998e-06, 4.68979715151e-06, 5.59080763196e-06, 2.82504402094e-06, 4.55479494121e-06, 4.60555867221e-07, 3.89892932162e-07, 3.33639775363e-07, 9.42758759948e-08, 6.19656645995e-08, 7.66918333284e-08, 2.89213659244e-07, 2.77413079175e-07, 6.2772636511e-07, 2.34948515754e-06, 3.90469813283e-06, 6.33238460068e-06, 8.21509729576e-07, 4.84932372036e-10]
    },
    "erbbands": {
        "dmean": [0.60766351223, 2.13987755775, 2.77127337456, 5.1158747673, 7.29470157623, 4.94878768921, 3.78263258934, 6.17332839966, 14.1173400879, 19.7270870209, 33.7225532532, 33.488445282, 13.4428548813, 26.1153678894, 27.2286148071, 22.2216320038, 32.2884483337, 11.9994697571, 7.45331287384, 12.1374053955, 7.34254789352, 6.25608253479, 5.34845590591, 4.6068482399, 4.46928024292, 8.40012264252, 7.11495304108, 7.68916368484, 9.43980693817, 11.5853328705, 13.7945337296, 12.055352211, 12.0843372345, 9.90974330902, 4.30251312256, 1.79417204857, 0.397184103727, 0.0352695472538, 0.00154254725203, 0.000110733453766],
        "dmean2": [0.956891238689, 3.46280455589, 4.55002307892, 8.86920452118, 13.0996103287, 8.54353523254, 6.29934501648, 10.1669178009, 22.1462783813, 32.7305984497, 53.9593353271, 53.0961036682, 22.6322746277, 42.9187240601, 43.8104095459, 34.1378173828, 50.1691131592, 20.1078338623, 11.3975629807, 18.9943885803, 11.8449192047, 10.6370019913, 9.11237430573, 7.39273118973, 7.24832201004, 14.7444372177, 11.5883579254, 12.1157331467, 14.6081533432, 18.7468624115, 23.966583252, 20.1034965515, 20.8636417389, 17.0805358887, 7.23222875595, 3.04667019844, 0.687456190586, 0.0618367493153, 0.00264508323744, 0.00018876689137],
        "dvar": [0.914060115814, 14.6767501831, 48.0308074951, 186.692321777, 388.064941406, 133.386383057, 77.6301574707, 171.905532837, 741.063598633, 1073.61901855, 5815.10107422, 2000.43591309, 643.694702148, 5192.30859375, 3740.55322266, 1464.67138672, 3600.08666992, 1081.00256348, 402.375610352, 895.523071289, 326.430328369, 220.509628296, 153.922409058, 171.592224121, 142.768814087, 944.748962402, 419.850921631, 467.910552979, 717.73828125, 1222.17224121, 2443.99926758, 1995.25622559, 1949.58178711, 1343.36853027, 256.876220703, 43.8448066711, 2.26676487923, 0.0194347463548, 3.20737053698e-05, 1.44448463857e-07],
        "dvar2": [2.45658683777, 39.016368866, 128.4375, 525.792053223, 1116.53112793, 376.007476807, 203.818115234, 426.698913574, 1703.20458984, 2850.84423828, 11951.8847656, 4784.5, 1776.3494873, 13943.4335938, 9161.1171875, 3106.55175781, 8009.96289062, 2859.98486328, 794.560241699, 1891.17712402, 727.266967773, 588.641235352, 395.242797852, 399.739654541, 336.383789062, 2682.03491211, 1074.27978516, 1120.70593262, 1736.69604492, 3168.97949219, 6641.15478516, 5370.4609375, 5303.35351562, 3616.29833984, 691.003234863, 118.435371399, 6.15353631973, 0.053522143513, 8.74612305779e-05, 3.96292364258e-07],
        "max": [6.98753118515, 30.7635154724, 77.2689666748, 142.286712646, 211.697616577, 167.053512573, 233.494338989, 283.547454834, 820.204956055, 743.56048584, 1551.41162109, 1076.80529785, 420.925354004, 1519.39379883, 1140.13220215, 1326.64074707, 1998.89770508, 1056.74377441, 532.922729492, 595.870910645, 317.208282471, 279.691375732, 170.396194458, 200.79914856, 200.524353027, 921.609924316, 414.318328857, 484.874084473, 662.159118652, 722.258178711, 868.167053223, 656.982543945, 458.383056641, 340.766143799, 157.89755249, 61.9685783386, 14.2958078384, 1.42098069191, 0.0775673314929, 0.00450283288956],
        "mean": [1.62020564079, 4.40112543106, 3.46443796158, 5.04552412033, 7.72481775284, 7.25467777252, 6.10758018494, 10.0678787231, 33.4148864746, 38.8801498413, 74.5609664917, 68.2095031738, 25.4199905396, 45.84400177, 47.8868484497, 47.9684791565, 59.2584648132, 21.2142505646, 12.5995073318, 19.0856876373, 13.1049757004, 10.1346817017, 8.22308254242, 7.3198094368, 6.70256137848, 8.89541530609, 8.0589723587, 9.00702095032, 9.91703796387, 10.978105545, 11.8424854279, 10.5526723862, 10.4597873688, 8.35746479034, 3.60905170441, 1.43964099884, 0.301906138659, 0.0271372012794, 0.00135668553412, 0.000144891673699],
        "median": [0.834486961365, 2.57507562637, 0.961399316788, 1.94740962982, 3.01075720787, 2.34695935249, 1.99862086773, 4.00408315659, 11.1952629089, 24.0018005371, 32.1627311707, 44.6396141052, 16.1662731171, 17.5611000061, 19.7929077148, 23.9925193787, 26.0905170441, 8.73045921326, 4.66406202316, 6.22243642807, 5.07491588593, 4.87246131897, 3.34414386749, 2.78587627411, 1.95207607746, 1.88564908504, 1.5281471014, 1.22372031212, 0.994574785233, 0.965359508991, 0.66285687685, 0.527822136879, 0.32382312417, 0.168281316757, 0.0812802910805, 0.0282236225903, 0.00529861217365, 0.000739009352401, 0.000106205654447, 8.63142486196e-05],
        "min": [2.2487089735e-22, 1.38900851045e-21, 2.67322337511e-21, 1.15420032849e-20, 2.73609730077e-20, 5.70576391089e-20, 3.99093707548e-20, 8.87433870088e-20, 4.03260293841e-19, 3.27655779059e-19, 1.74217588216e-19, 4.27889829225e-19, 1.03876865696e-18, 1.36242571569e-18, 1.38250242313e-18, 1.51339889538e-18, 2.41656328503e-18, 4.40088003224e-18, 4.10166316208e-18, 3.93705711531e-18, 7.14439369221e-18, 4.63932559716e-18, 6.48998546702e-18, 1.03002730176e-17, 1.24195552418e-17, 1.13995910886e-17, 1.34014293823e-17, 1.28765410974e-17, 1.39412821916e-17, 1.30923037156e-17, 1.26221706514e-17, 1.18977391058e-17, 1.18083142641e-17, 8.65788605899e-18, 7.02252020948e-18, 4.62214877815e-18, 2.293772459e-18, 1.08744472049e-18, 2.78963016819e-19, 2.90988019265e-20],
        "var": [3.23352241516, 29.7726707458, 48.2621459961, 132.107086182, 256.725921631, 161.174942017, 187.103729248, 345.875671387, 3594.08813477, 2515.80004883, 19560.5, 5643.39892578, 1051.35974121, 8276.24316406, 7179.06298828, 6617.36523438, 10774.6777344, 1602.74487305, 770.845153809, 1563.99633789, 636.959716797, 290.155517578, 209.393218994, 239.389587402, 203.564559937, 696.334960938, 412.38949585, 542.185668945, 761.727294922, 1052.76550293, 1758.68713379, 1494.88330078, 1495.65783691, 1051.46496582, 198.473770142, 32.7074508667, 1.59125757217, 0.0130893085152, 2.32775546465e-05, 1.03261008633e-07]
    },
    "gfcc": {
        "mean": [-38.4430160522, 121.676422119, -108.937286377, 3.69658136368, -53.6966629028, 19.9856147766, -16.6240615845, 14.7234210968, -9.35832595825, 3.57566332817, -5.76659345627, -2.97707986832, -10.2000427246],
        "cov": [[24203.6132812, -7543.19091797, 355.756103516, 4986.45507812, -1610.3972168, 2690.42211914, -1330.55187988, 1368.77954102, -667.681213379, 1155.99768066, -466.024017334, 813.369140625, -380.229675293], [-7543.19091797, 4426.203125, -591.754455566, -1666.79089355, 970.711975098, -1366.75109863, 536.106689453, -770.639892578, 270.959747314, -693.306945801, 126.861045837, -457.939300537, 150.336959839], [355.756103516, -591.754455566, 2572.18164062, 778.886901855, 97.4487457275, 862.146057129, -12.0682449341, 434.491912842, -62.8014907837, 221.263534546, -13.621049881, 255.944046021, 65.4998321533], [4986.45507812, -1666.79089355, 778.886901855, 2234.79516602, -89.5156173706, 809.500793457, -184.319107056, 254.815750122, -115.306266785, 163.532470703, -136.629135132, 160.999206543, 21.9958534241], [-1610.3972168, 970.711975098, 97.4487457275, -89.5156173706, 656.928039551, -69.6155929565, 201.148605347, -57.8713951111, 100.279243469, -91.6581954956, 28.7107124329, -57.7821846008, 81.0132369995], [2690.42211914, -1366.75109863, 862.146057129, 809.500793457, -69.6155929565, 953.422790527, -68.8868408203, 446.829925537, -35.3685722351, 317.801147461, -3.61658644676, 230.57850647, 8.62064361572], [-1330.55187988, 536.106689453, -12.0682449341, -184.319107056, 201.148605347, -68.8868408203, 289.116088867, 14.4535779953, 114.797973633, -27.1283340454, 85.3172149658, -39.0057449341, 43.8974609375], [1368.77954102, -770.639892578, 434.491912842, 254.815750122, -57.8713951111, 446.829925537, 14.4535779953, 424.775115967, 51.4260215759, 250.954559326, 51.8599662781, 158.313018799, -4.93897342682], [-667.681213379, 270.959747314, -62.8014907837, -115.306266785, 100.279243469, -35.3685722351, 114.797973633, 51.4260215759, 157.053741455, 27.8432254791, 70.9715270996, -13.9560451508, 40.3731994629], [1155.99768066, -693.306945801, 221.263534546, 163.532470703, -91.6581954956, 317.801147461, -27.1283340454, 250.954559326, 27.8432254791, 260.333404541, 61.5337638855, 128.159988403, -5.05839252472], [-466.024017334, 126.861045837, -13.621049881, -136.629135132, 28.7107124329, -3.61658644676, 85.3172149658, 51.8599662781, 70.9715270996, 61.5337638855, 143.006362915, 49.1516342163, 26.3477325439], [813.369140625, -457.939300537, 255.944046021, 160.999206543, -57.7821846008, 230.57850647, -39.0057449341, 158.313018799, -13.9560451508, 128.159988403, 49.1516342163, 161.51260376, 29.364440918], [-380.229675293, 150.336959839, 65.4998321533, 21.9958534241, 81.0132369995, 8.62064361572, 43.8974609375, -4.93897342682, 40.3731994629, -5.05839252472, 26.3477325439, 29.364440918, 99.2718734741]],
        "icov": [[0.00027348898584, -0.000265314709395, 0.000375376810553, -0.000559585285373, 0.000371528498363, -0.000292338983854, 0.000472569401609, -0.000539994158316, 0.000509330013301, -0.00068296835525, 0.000625137705356, -0.000687629624736, 0.000607517256867], [-0.000265314709395, 0.00200701644644, -0.000841617409606, 0.00112502381671, -0.00180149171501, 0.00117675634101, -0.000833202386275, 0.00124282494653, -0.00154984125402, 0.00285806017928, -0.0021264241077, 0.00195664376952, -0.0011898172088], [0.000375376810553, -0.000841617409606, 0.00126265338622, -0.000936076394282, 0.000767433433793, -0.00109169667121, 0.000650748494081, -0.00127215171233, 0.00133526406717, -0.00114091846626, 0.00134043360595, -0.00162687757984, 0.000728365557734], [-0.000559585285373, 0.00112502381671, -0.000936076394282, 0.00207196967676, -0.00121597887482, 0.000159696704941, -0.000903297739569, 0.00152234570123, -0.00143423303962, 0.00234054983594, -0.00128517195117, 0.0017744358629, -0.00171609967947], [0.000371528498363, -0.00180149171501, 0.000767433433793, -0.00121597887482, 0.00393588608131, -0.00138815911487, -0.000219019784709, -0.00104993628338, 0.000849805481266, -0.00210888893344, 0.00241113989614, -0.00165145099163, 0.000262937915977], [-0.000292338983854, 0.00117675634101, -0.00109169667121, 0.000159696704941, -0.00138815911487, 0.00465716095641, -0.00100338901393, -0.000903045991436, -8.59970386955e-05, -0.000257387582678, -0.000409167056205, 0.000393934256863, -0.00107575312722], [0.000472569401609, -0.000833202386275, 0.000650748494081, -0.000903297739569, -0.000219019784709, -0.00100338901393, 0.00795402936637, -0.00273315957747, -0.000648522400297, 0.000138269650051, -0.00256594200619, 0.00171431072522, -9.9998935184e-05], [-0.000539994158316, 0.00124282494653, -0.00127215171233, 0.00152234570123, -0.00104993628338, -0.000903045991436, -0.00273315957747, 0.0103754252195, -0.00542216887698, -0.00195168645587, 0.000605446693953, -0.00263063260354, 0.00193484022748], [0.000509330013301, -0.00154984125402, 0.00133526406717, -0.00143423303962, 0.000849805481266, -8.59970386955e-05, -0.000648522400297, -0.00542216887698, 0.0158278550953, -0.00430588470772, -0.00275056436658, 0.00431289104745, -0.00413655582815], [-0.00068296835525, 0.00285806017928, -0.00114091846626, 0.00234054983594, -0.00210888893344, -0.000257387582678, 0.000138269650051, -0.00195168645587, -0.00430588470772, 0.0170733705163, -0.00695247109979, 0.00094364664983, -0.000937558943406], [0.000625137705356, -0.0021264241077, 0.00134043360595, -0.00128517195117, 0.00241113989614, -0.000409167056205, -0.00256594200619, 0.000605446693953, -0.00275056436658, -0.00695247109979, 0.0180128961802, -0.010601461865, 0.00336707383394], [-0.000687629624736, 0.00195664376952, -0.00162687757984, 0.0017744358629, -0.00165145099163, 0.000393934256863, 0.00171431072522, -0.00263063260354, 0.00431289104745, 0.00094364664983, -0.010601461865, 0.0225275587291, -0.0100478893146], [0.000607517256867, -0.0011898172088, 0.000728365557734, -0.00171609967947, 0.000262937915977, -0.00107575312722, -9.9998935184e-05, 0.00193484022748, -0.00413655582815, -0.000937558943406, 0.00336707383394, -0.0100478893146, 0.0178341176361]]
    },
    "melbands": {
        "dmean": [0.00439627189189, 0.00153923174366, 0.000953477341682, 0.000449339713668, 0.000136699658469, 0.000135598165798, 0.000217106673517, 0.000225983589189, 0.000287577480776, 0.000183096344699, 6.6722255724e-05, 0.000106486048026, 0.000102394384157, 5.9896359744e-05, 7.40133255022e-05, 4.91478458571e-05, 2.24389223149e-05, 1.20832364701e-05, 1.45628664541e-05, 1.65507681231e-05, 7.86811688158e-06, 6.71425459586e-06, 6.22788365945e-06, 4.48470882475e-06, 3.92628271584e-06, 3.0120311294e-06, 4.22574976255e-06, 6.08660093349e-06, 4.31209673479e-06, 4.69668930236e-06, 4.68701955469e-06, 4.9507998483e-06, 6.11713903709e-06, 6.92287676429e-06, 7.10223230271e-06, 8.81651067175e-06, 7.37253503758e-06, 8.79879826243e-06, 8.89303646545e-06, 8.27211806609e-06],
        "dmean2": [0.00691640330479, 0.00257308850996, 0.00165041268338, 0.000792465987615, 0.000229226876399, 0.000222782473429, 0.000339198362781, 0.000374216353521, 0.000461054820335, 0.000291468139039, 0.000112588793854, 0.000174330489244, 0.000166776037076, 9.18927398743e-05, 0.000116703980893, 7.73558494984e-05, 3.79689299734e-05, 1.82734092959e-05, 2.28118369705e-05, 2.66161878244e-05, 1.26048726088e-05, 1.1497709238e-05, 1.06540364868e-05, 7.47731883166e-06, 6.42903660264e-06, 4.95427866554e-06, 7.04164449417e-06, 1.0835098692e-05, 7.14605494068e-06, 7.61369938118e-06, 7.56338658903e-06, 7.85292559158e-06, 9.885396139e-06, 1.14352178571e-05, 1.23055842778e-05, 1.51178701344e-05, 1.22875726447e-05, 1.53502278408e-05, 1.53191376739e-05, 1.43108209159e-05],
        "dvar": [4.74955377285e-05, 9.55790801527e-06, 6.32177443549e-06, 1.2847947346e-06, 9.45942773001e-08, 8.79472636939e-08, 1.60514304071e-07, 1.35219721642e-07, 3.3056767279e-07, 5.93853926034e-08, 1.59734376837e-08, 8.05943898285e-08, 6.43654516352e-08, 1.1790202592e-08, 1.79633481423e-08, 9.3068814877e-09, 3.59415963658e-09, 9.72183555881e-10, 1.50293233414e-09, 1.52643819806e-09, 4.11571693393e-10, 2.57279003657e-10, 1.82945575355e-10, 1.18196480381e-10, 1.3237726193e-10, 5.24278190306e-11, 1.63299401779e-10, 5.55408108394e-10, 1.47991563448e-10, 1.95063423747e-10, 1.73611167109e-10, 2.14724266145e-10, 3.16379922261e-10, 5.19575604763e-10, 5.69936597916e-10, 1.20075960286e-09, 7.21051496289e-10, 1.04356778774e-09, 1.03804620455e-09, 9.57457002571e-10],
        "dvar2": [0.000126563973026, 2.62307767116e-05, 1.78234495252e-05, 3.6851454297e-06, 2.55626645185e-07, 2.17828016957e-07, 3.62057420489e-07, 3.48216985913e-07, 6.94996572292e-07, 1.43436452049e-07, 4.40988117134e-08, 2.14618964378e-07, 1.63642795314e-07, 2.47711042789e-08, 4.26715445201e-08, 2.18678053443e-08, 9.56898027482e-09, 1.83104642559e-09, 3.42048012136e-09, 3.39133010563e-09, 9.4564045483e-10, 6.91235901851e-10, 5.05129604811e-10, 2.80411999176e-10, 3.17029763552e-10, 1.16575846199e-10, 4.26221613559e-10, 1.59884705475e-09, 3.826491346e-10, 4.95818885948e-10, 4.12392758831e-10, 5.29187083043e-10, 7.88606124846e-10, 1.39376321595e-09, 1.53298296279e-09, 3.29310134717e-09, 1.94269955678e-09, 2.84418066876e-09, 2.81934076085e-09, 2.5738933207e-09],
        "max": [0.0514837391675, 0.0320979245007, 0.0230854004622, 0.0131561011076, 0.0069264518097, 0.00667728576809, 0.0127815548331, 0.00895177107304, 0.0117489537224, 0.00584206590429, 0.00207746494561, 0.006076276768, 0.00489060766995, 0.00320829101838, 0.00449256040156, 0.00234125205316, 0.00179058883805, 0.000981346121989, 0.000796954904217, 0.000734579516575, 0.000464416458271, 0.000293325312668, 0.000225730284001, 0.000169840408489, 0.00017167936312, 0.000112746391096, 0.000253976555541, 0.00074957619654, 0.000245110655669, 0.000264603324467, 0.00029812019784, 0.000384385260986, 0.000312314572511, 0.00047703582095, 0.000403643614845, 0.000599351653364, 0.000370458816178, 0.00033203267958, 0.0003090906539, 0.000287482136628],
        "mean": [0.0113515108824, 0.00299412780441, 0.000966336054262, 0.000589663221035, 0.00022026374063, 0.00021662452491, 0.000515810505021, 0.000443885626737, 0.000637126329821, 0.000359389814548, 0.000115468785225, 0.000186176403076, 0.000159303934197, 0.000118728486996, 0.00014787283726, 8.74828256201e-05, 3.59828809451e-05, 1.94925469259e-05, 2.04552779905e-05, 2.59833759628e-05, 1.31936658363e-05, 1.03723359643e-05, 9.08259153221e-06, 6.49097637506e-06, 5.87084332437e-06, 4.74540911455e-06, 5.09914389113e-06, 6.12143958278e-06, 4.97810060551e-06, 5.04241643284e-06, 5.32325611857e-06, 5.25964696863e-06, 5.91808429817e-06, 6.34023763268e-06, 6.19983802608e-06, 7.32345961296e-06, 6.41294491288e-06, 7.51235211283e-06, 7.50110029912e-06, 6.9484008236e-06],
        "median": [0.00652173021808, 0.00132507679518, 0.000383136648452, 0.000213883380638, 8.23426962597e-05, 7.66148295952e-05, 0.000180526985787, 0.000263738678768, 0.000305888737785, 0.000232749269344, 6.57688942738e-05, 6.68897482683e-05, 5.60033804504e-05, 5.11198413733e-05, 7.36696747481e-05, 3.84567392757e-05, 1.20254408102e-05, 6.2861195147e-06, 6.74433522363e-06, 7.38464041206e-06, 5.03830506204e-06, 4.90297543365e-06, 3.92356378143e-06, 2.20930701289e-06, 2.18292711907e-06, 1.60859576681e-06, 1.20657909974e-06, 1.15887428365e-06, 8.83555401288e-07, 8.04526052889e-07, 6.05599211667e-07, 5.26623239239e-07, 5.20551907357e-07, 5.24239680999e-07, 3.73756705585e-07, 2.99176292629e-07, 3.13222670911e-07, 2.3312253461e-07, 1.64274325698e-07, 1.25402593198e-07],
        "min": [2.59189046209e-24, 1.97458984325e-24, 2.110194244e-24, 2.8058827877e-24, 1.79189202418e-24, 2.08708377492e-24, 5.79290460532e-24, 4.07090526291e-24, 1.49069378791e-24, 2.90443596945e-24, 5.21972379361e-24, 5.55524329711e-24, 4.00335076486e-24, 2.73582168413e-24, 4.61350312061e-24, 5.45463355498e-24, 6.87028270916e-24, 6.10763999055e-24, 4.51580624738e-24, 5.45956748552e-24, 7.9253092281e-24, 3.89260455453e-24, 5.19857956034e-24, 6.11369883673e-24, 7.34933584879e-24, 9.08833711586e-24, 7.35375899189e-24, 7.11779018475e-24, 6.98282002817e-24, 8.60562129504e-24, 6.69137378902e-24, 7.75138985319e-24, 6.69835994119e-24, 7.44316769802e-24, 7.12181337537e-24, 6.31084464328e-24, 6.74008910536e-24, 7.74940192371e-24, 7.11580146641e-24, 6.33747106541e-24],
        "var": [0.000147823768202, 1.59998107847e-05, 4.49064873465e-06, 1.11744554943e-06, 1.89515404259e-07, 1.81695085644e-07, 8.26930886433e-07, 3.25714381688e-07, 1.1259907069e-06, 1.62333620324e-07, 2.59095678246e-08, 1.4587838848e-07, 9.67475912717e-08, 4.21367936099e-08, 5.76023921894e-08, 2.18731290857e-08, 5.37250643973e-09, 2.00667416017e-09, 1.97382177269e-09, 2.96377611342e-09, 6.95447643917e-10, 3.20685006328e-10, 2.29031821286e-10, 1.69293482011e-10, 1.7225530724e-10, 8.74452801836e-11, 1.65103444805e-10, 3.84625192806e-10, 1.49603690547e-10, 1.8294686599e-10, 2.03151870326e-10, 2.20507306858e-10, 3.01480840292e-10, 4.02199801242e-10, 4.23276025341e-10, 8.44667780164e-10, 5.39931377386e-10, 7.87636567079e-10, 7.99934340989e-10, 7.51881334971e-10]
    },
    "mfcc": {
        "mean": [-671.983520508, 145.107376099, 8.89484024048, -0.319034606218, -5.62538480759, 4.83256149292, 6.2875161171, 11.3139286041, 6.3941321373, 8.02728652954, 8.85801315308, 11.8793048859, 5.63033914566],
        "cov": [[15308.6669922, -3540.41723633, 423.34677124, 1085.21411133, 888.553649902, 796.469848633, 310.376190186, 286.845672607, 108.346351624, 121.655677795, 69.294342041, 287.371154785, 243.719100952], [-3540.41723633, 2945.34130859, -959.20300293, -97.202545166, -182.262664795, -342.535583496, -176.450485229, -139.31427002, -122.804878235, -101.337295532, -92.4252090454, -159.617172241, -162.624298096], [423.34677124, -959.20300293, 1873.76782227, 329.501281738, 388.730102539, 294.134094238, 290.503479004, 234.547653198, 160.1978302, 62.9857597351, 51.930431366, 86.4186706543, 119.490982056], [1085.21411133, -97.202545166, 329.501281738, 1050.19165039, 404.146270752, 285.563140869, 154.822143555, 135.392501831, 68.5749053955, 23.8129577637, -80.7398452759, -77.6325912476, -45.3739814758], [888.553649902, -182.262664795, 388.730102539, 404.146270752, 542.502990723, 273.054992676, 186.327880859, 143.902862549, 115.640785217, 62.3215065002, 8.01793766022, 1.62974822521, 20.6230239868], [796.469848633, -342.535583496, 294.134094238, 285.563140869, 273.054992676, 329.917175293, 164.274505615, 113.345504761, 80.3134231567, 56.1647987366, 10.7030858994, 15.886680603, 18.5461120605], [310.376190186, -176.450485229, 290.503479004, 154.822143555, 186.327880859, 164.274505615, 228.303939819, 139.217300415, 94.3780822754, 62.7384605408, 59.4943351746, 64.4513397217, 55.2666549683], [286.845672607, -139.31427002, 234.547653198, 135.392501831, 143.902862549, 113.345504761, 139.217300415, 184.170761108, 100.067741394, 64.5618515015, 51.3752441406, 61.1315612793, 52.8579750061], [108.346351624, -122.804878235, 160.1978302, 68.5749053955, 115.640785217, 80.3134231567, 94.3780822754, 100.067741394, 150.483062744, 92.8938674927, 51.875541687, 38.0292549133, 48.2851715088], [121.655677795, -101.337295532, 62.9857597351, 23.8129577637, 62.3215065002, 56.1647987366, 62.7384605408, 64.5618515015, 92.8938674927, 126.844238281, 79.6888885498, 58.6920089722, 44.2682266235], [69.294342041, -92.4252090454, 51.930431366, -80.7398452759, 8.01793766022, 10.7030858994, 59.4943351746, 51.3752441406, 51.875541687, 79.6888885498, 133.560852051, 107.73084259, 63.6093788147], [287.371154785, -159.617172241, 86.4186706543, -77.6325912476, 1.62974822521, 15.886680603, 64.4513397217, 61.1315612793, 38.0292549133, 58.6920089722, 107.73084259, 152.143722534, 96.366973877], [243.719100952, -162.624298096, 119.490982056, -45.3739814758, 20.6230239868, 18.5461120605, 55.2666549683, 52.8579750061, 48.2851715088, 44.2682266235, 63.6093788147, 96.366973877, 119.016517639]],
