{
"lowlevel": {
    "average_loudness": 0.938572943211,
    "barkbands_crest": {
        "dmean": 3.88507652283,
        "dmean2": 6.26846456528,
        "dvar": 13.9657325745,
        "dvar2": 30.8666172028,
        "max": 26.9177265167,
        "mean": 12.3913507462,
        "median": 10.9546051025,
        "min": 2.08835911751,
        "var": 44.7507820129
    },
    "barkbands_flatness_db": {
        "dmean": 0.0486862398684,
        "dmean2": 0.0729202106595,
        "dvar": 0.00361802265979,
        "dvar2": 0.00766208441928,
        "max": 1,
        "mean": 0.177964895964,
        "median": 0.129712253809,
        "min": 0.0151679795235,
        "var": 0.0245225317776
    },
    "barkbands_kurtosis": {
        "dmean": 37.5512580872,
        "dmean2": 62.2399559021,
        "dvar": 64865.171875,
        "dvar2": 142518.078125,
        "max": 9128.046875,
        "mean": 43.976272583,
        "median": 3.45187926292,
        "min": -1.92088425159,
        "var": 87045.1875
    },
    "barkbands_skewness": {
        "dmean": 1.72813034058,
        "dmean2": 2.65326428413,
        "dvar": 14.8466701508,
        "dvar2": 31.4463672638,
        "max": 93.1338043213,
        "mean": 2.79455399513,
        "median": 1.73466861248,
        "min": -7.55907535553,
        "var": 27.7413597107
    },
    "barkbands_spread": {
        "dmean": 12.9055728912,
        "dmean2": 21.0561408997,
        "dvar": 252.695144653,
        "dvar2": 624.37701416,
        "max": 133.904830933,
        "mean": 27.7873649597,
        "median": 22.4216918945,
        "min": 0.0186628196388,
        "var": 547.965820312
    },
    "dissonance": {
        "dmean": 0.0181144624949,
        "dmean2": 0.0296234805137,
        "dvar": 0.000752930587623,
        "dvar2": 0.001854744507,
        "max": 0.500000119209,
        "mean": 0.471002161503,
        "median": 0.485814094543,
        "min": 0.0570087209344,
        "var": 0.00212195306085
    },
    "dynamic_complexity": 4.91645479202,
    "erbbands_crest": {
        "dmean": 3.03280878067,
        "dmean2": 4.84508466721,
        "dvar": 9.62645339966,
        "dvar2": 21.8280448914,
        "max": 33.751121521,
        "mean": 8.45088481903,
        "median": 6.51618862152,
        "min": 2.19164967537,
        "var": 30.3828678131
    },
    "erbbands_flatness_db": {
        "dmean": 0.0291273407638,
        "dmean2": 0.0432814508677,
        "dvar": 0.00149876705837,
        "dvar2": 0.00298935268074,
        "max": 0.619811236858,
        "mean": 0.143312618136,
        "median": 0.10892097652,
        "min": 0.0320590957999,
        "var": 0.0101033495739
    },
    "erbbands_kurtosis": {
        "dmean": 3.59620213509,
        "dmean2": 5.56593179703,
        "dvar": 148.625686646,
        "dvar2": 342.389099121,
        "max": 293.603729248,
        "mean": 4.4825963974,
        "median": -0.0795638561249,
        "min": -1.88131797314,
        "var": 515.290588379
    },
    "erbbands_skewness": {
        "dmean": 0.628124594688,
        "dmean2": 0.946457028389,
        "dvar": 0.62774503231,
        "dvar2": 1.45985805988,
        "max": 12.6682062149,
        "mean": 0.280566871166,
        "median": -0.0230650287122,
        "min": -5.7927942276,
        "var": 2.34453415871
    },
    "erbbands_spread": {
        "dmean": 17.9180545807,
        "dmean2": 27.4538822174,
        "dvar": 387.645904541,
        "dvar2": 799.96875,
        "max": 224.808074951,
        "mean": 53.8190193176,
        "median": 48.2751693726,
        "min": 0.298026949167,
        "var": 1269.23046875
    },
    "hfc": {
        "dmean": 19.1648368835,
        "dmean2": 31.1985588074,
        "dvar": 831.032409668,
        "dvar2": 2107.63842773,
        "max": 202.410644531,
        "mean": 27.7243175507,
        "median": 12.9094867706,
        "min": 1.09203649933e-16,
        "var": 1183.67199707
    },
    "melbands_crest": {
        "dmean": 4.81908130646,
        "dmean2": 7.74069213867,
        "dvar": 20.7370014191,
        "dvar2": 46.5773506165,
        "max": 39.9997367859,
        "mean": 18.3005771637,
        "median": 17.6704978943,
        "min": 2.16386079788,
        "var": 76.0859985352
    },
    "melbands_flatness_db": {
        "dmean": 0.0589955374599,
        "dmean2": 0.0862122625113,
        "dvar": 0.0047797774896,
        "dvar2": 0.00946003571153,
        "max": 1,
        "mean": 0.24802044034,
        "median": 0.212093412876,
        "min": 0.00525520229712,
        "var": 0.0344564281404
    },
    "melbands_kurtosis": {
        "dmean": 433.305541992,
        "dmean2": 708.650024414,
        "dvar": 75561664,
        "dvar2": 154901456,
        "max": 417272.375,
        "mean": 495.733673096,
        "median": 17.1027488708,
        "min": -1.88480579853,
        "var": 82968568
    },
    "melbands_skewness": {
        "dmean": 2.89036560059,
        "dmean2": 4.52429485321,
        "dvar": 266.043731689,
        "dvar2": 499.737060547,
        "max": 617.189147949,
        "mean": 5.928627491,
        "median": 3.5974855423,
        "min": -5.76007318497,
        "var": 398.460021973
    },
    "melbands_spread": {
        "dmean": 14.9526805878,
        "dmean2": 23.8364143372,
        "dvar": 426.838867188,
        "dvar2": 945.304382324,
        "max": 221.403915405,
        "mean": 29.9525985718,
        "median": 14.1623287201,
        "min": 0.00218010344543,
        "var": 1270.51538086
    },
    "pitch_salience": {
        "dmean": 0.118206121027,
        "dmean2": 0.18835888803,
        "dvar": 0.0158670637757,
        "dvar2": 0.0343985967338,
        "max": 0.964112222195,
        "mean": 0.487622141838,
        "median": 0.51843547821,
        "min": 0.000362514139852,
        "var": 0.0489107966423
    },
    "silence_rate_20dB": {
        "dmean": 0,
        "dmean2": 0,
        "dvar": 0,
        "dvar2": 0,
        "max": 1,
        "mean": 1,
        "median": 1,
        "min": 1,
        "var": 0
    },
    "silence_rate_30dB": {
        "dmean": 0.0276414174587,
        "dmean2": 0.0552870072424,
        "dvar": 0.0268766358495,
        "dvar2": 0.072921320796,
        "max": 1,
        "mean": 0.982631027699,
        "median": 1,
        "min": 0,
        "var": 0.0170685816556
    },
    "silence_rate_60dB": {
        "dmean": 0.0731062591076,
        "dmean2": 0.146223559976,
        "dvar": 0.0677720084786,
        "dvar2": 0.144466772676,
        "max": 1,
        "mean": 0.153828725219,
        "median": 0,
        "min": 0,
        "var": 0.130181178451
    },
    "spectral_centroid": {
        "dmean": 471.293304443,
        "dmean2": 725.635559082,
        "dvar": 284566.125,
        "dvar2": 549967.75,
        "max": 11484.5019531,
        "mean": 1698.10266113,
        "median": 1582.83837891,
        "min": 57.7873344421,
        "var": 1296714.75
    },
    "spectral_complexity": {
        "dmean": 6.23306417465,
        "dmean2": 9.23172187805,
        "dvar": 56.9311027527,
        "dvar2": 103.352561951,
        "max": 67,
        "mean": 15.3886871338,
        "median": 10,
        "min": 0,
        "var": 227.377914429
    },
    "spectral_decrease": {
        "dmean": 3.82810139143e-09,
        "dmean2": 5.92427662482e-09,
        "dvar": 3.31196499821e-17,
        "dvar2": 8.10532974068e-17,
        "max": 1.70474856622e-28,
        "mean": -7.39526040405e-09,
        "median": -5.03376895722e-09,
        "min": -5.85352211147e-08,
        "var": 6.10424749002e-17
    },
    "spectral_energy": {
        "dmean": 0.0154987368733,
        "dmean2": 0.0238075125962,
        "dvar": 0.000503726711031,
        "dvar2": 0.00122998852748,
        "max": 0.226001888514,
        "mean": 0.0304260030389,
        "median": 0.0204400774091,
        "min": 1.02275527071e-20,
        "var": 0.000948514032643
    },
    "spectral_energyband_high": {
        "dmean": 0.00162594567519,
        "dmean2": 0.0026779405307,
        "dvar": 6.41984024696e-06,
        "dvar2": 1.63104123203e-05,
        "max": 0.0200090408325,
        "mean": 0.00225431495346,
        "median": 0.000848833704367,
        "min": 7.34528386791e-21,
        "var": 9.59151020652e-06
    },
    "spectral_energyband_low": {
        "dmean": 0.0108868796378,
        "dmean2": 0.0167650077492,
        "dvar": 0.000359501282219,
        "dvar2": 0.000825064664241,
        "max": 0.192169323564,
        "mean": 0.0188407208771,
        "median": 0.0109013691545,
        "min": 2.89394853703e-23,
        "var": 0.000670949695632
    },
    "spectral_energyband_middle_high": {
        "dmean": 0.00189891923219,
        "dmean2": 0.0031331977807,
        "dvar": 1.58172661031e-05,
        "dvar2": 3.95527240471e-05,
        "max": 0.0368013903499,
        "mean": 0.00292672403157,
        "median": 0.00103520427365,
        "min": 1.09502173529e-21,
        "var": 2.25389612751e-05
    },
    "spectral_energyband_middle_low": {
        "dmean": 0.00836489722133,
        "dmean2": 0.014448822476,
        "dvar": 0.000233144935919,
        "dvar2": 0.000625899527222,
        "max": 0.119652181864,
        "mean": 0.00810585357249,
        "median": 0.00195823889226,
        "min": 2.42535247445e-22,
        "var": 0.000196243301616
    },
    "spectral_entropy": {
        "dmean": 0.303014606237,
        "dmean2": 0.451912999153,
        "dvar": 0.202866822481,
        "dvar2": 0.349584698677,
        "max": 9.81398582458,
        "mean": 7.70162963867,
        "median": 8.03246212006,
        "min": 2.72644162178,
        "var": 1.10730552673
    },
    "spectral_flux": {
        "dmean": 0.0457687340677,
        "dmean2": 0.0714403986931,
        "dvar": 0.00257362332195,
        "dvar2": 0.00504240207374,
        "max": 0.416754812002,
        "mean": 0.103006392717,
        "median": 0.0873883217573,
        "min": 6.5634671309e-11,
        "var": 0.0058225877583
    },
    "spectral_kurtosis": {
        "dmean": 11.5525436401,
        "dmean2": 19.9627685547,
        "dvar": 5927.89501953,
        "dvar2": 17551.5449219,
        "max": 2641.51635742,
        "mean": 16.4015254974,
        "median": 2.43828129768,
        "min": -1.25475072861,
        "var": 6765.57519531
    },
    "spectral_rms": {
        "dmean": 0.00132132228464,
        "dmean2": 0.00194555788767,
        "dvar": 2.36419191424e-06,
        "dvar2": 5.23913558936e-06,
        "max": 0.0148488935083,
        "mean": 0.00467000715435,
        "median": 0.00446559488773,
        "min": 3.15881305488e-12,
        "var": 7.87503449828e-06
    },
    "spectral_rolloff": {
        "dmean": 1329.3963623,
        "dmean2": 2306.07836914,
        "dvar": 5100405.5,
        "dvar2": 12136196,
        "max": 19681.3476562,
        "mean": 2543.5300293,
        "median": 796.728515625,
        "min": 21.533203125,
        "var": 10245435
    },
    "spectral_skewness": {
        "dmean": 0.541586756706,
        "dmean2": 0.862054944038,
        "dvar": 2.60952019691,
        "dvar2": 6.65718698502,
        "max": 45.0927429199,
        "mean": 2.01289343834,
        "median": 1.3067343235,
        "min": -0.0348622612655,
        "var": 8.41711235046
    },
    "spectral_spread": {
        "dmean": 1262723.375,
        "dmean2": 1942526.75,
        "dvar": 3.01850165248e+12,
        "dvar2": 6.40710239846e+12,
        "max": 41980272,
        "mean": 6267380.5,
        "median": 6181724,
        "min": 69670.5390625,
        "var": 9.63585245184e+12
    },
    "spectral_strongpeak": {
        "dmean": 0.37071326375,
        "dmean2": 0.613590419292,
        "dvar": 0.504967749119,
        "dvar2": 1.33177292347,
        "max": 12.6901826859,
        "mean": 0.535295009613,
        "median": 0.326083153486,
        "min": 0,
        "var": 0.51408624649
    },
    "zerocrossingrate": {
        "dmean": 0.0230970941484,
        "dmean2": 0.0264379214495,
        "dvar": 0.00063434249023,
        "dvar2": 0.000855032471009,
        "max": 0.51708984375,
        "mean": 0.087938375771,
        "median": 0.0712890625,
        "min": 0,
        "var": 0.00532157998532
    },
    "barkbands": {
        "dmean": [0.000561467837542, 0.00682891672477, 0.00604700669646, 0.00468338420615, 0.0029752086848, 0.000608424830716, 0.000387607811717, 0.000243955131737, 0.000218960733037, 0.000253499747487, 0.000214320942177, 0.000194556661882, 0.000212007449591, 0.000271001103101, 0.000257778854575, 0.000377911841497, 0.000221151392907, 0.000186500925338, 0.000171250751009, 0.000201899427339, 0.000234174964135, 0.000207560195122, 0.000255093706073, 0.000260177970631, 0.000317109952448, 0.000312454852974, 7.3226809036e-05],
        "dmean2": [0.000937755277846, 0.00979452580214, 0.00948500819504, 0.00850673485547, 0.0050262901932, 0.0009924081387, 0.000658859033138, 0.000410424516303, 0.000376089505153, 0.000439235387603, 0.000384387210943, 0.000325495144352, 0.000368052045815, 0.000463478878373, 0.000423541467171, 0.000641863851342, 0.000364908279153, 0.000308605347527, 0.000275961589068, 0.000340677303029, 0.00037201307714, 0.000324141728925, 0.000412218185375, 0.000431561493315, 0.000542452558875, 0.000543810252566, 0.00012257360504],
        "dvar": [1.2311681985e-06, 0.000129092950374, 0.000186955745448, 0.000129918174935, 3.13269229082e-05, 1.41662474107e-06, 8.77805746313e-07, 2.4834619694e-07, 1.94015015609e-07, 3.54238153477e-07, 3.31973069478e-07, 1.57011427859e-07, 2.71036157073e-07, 3.45995346152e-07, 3.50829367335e-07, 8.66251468779e-07, 1.89499985481e-07, 1.0955623253e-07, 1.0231816816e-07, 1.19240709751e-07, 2.57047048535e-07, 1.04909581466e-07, 1.47414127127e-07, 1.91144948758e-07, 3.21914342294e-07, 4.46509801577e-07, 2.18644515826e-08],
        "dvar2": [3.07200571115e-06, 0.000246465002419, 0.00039629091043, 0.000361725979019, 8.28170450404e-05, 2.9876989629e-06, 2.19879780161e-06, 6.46543753646e-07, 5.29236160673e-07, 9.60472561928e-07, 9.35168145588e-07, 4.06672768349e-07, 7.32239641366e-07, 9.09116863568e-07, 8.68741494742e-07, 2.30522823585e-06, 5.01705699207e-07, 2.7911022471e-07, 2.29062095514e-07, 3.14674622359e-07, 5.94346317939e-07, 2.49823074228e-07, 3.71608393834e-07, 4.87387808334e-07, 8.55280916312e-07, 1.18083278267e-06, 5.43232054895e-08],
        "max": [0.01276929304, 0.0988266393542, 0.127854004502, 0.110756404698, 0.0454578213394, 0.0174253564328, 0.0246661379933, 0.0106291240081, 0.00863584317267, 0.00796468555927, 0.0107452403754, 0.0110363671556, 0.00994687713683, 0.00974777620286, 0.00801495835185, 0.0096811586991, 0.0100594162941, 0.00432293117046, 0.00397320277989, 0.00516298692673, 0.0054500834085, 0.00323531054892, 0.00326370424591, 0.00377153465524, 0.00422807224095, 0.00580026581883, 0.00144041515887],
        "mean": [0.000617720012087, 0.0107130454853, 0.00583735387772, 0.00347350421362, 0.00311039877124, 0.000596696336288, 0.000379113276722, 0.000244429975282, 0.000256590050412, 0.000257348321611, 0.000187886791537, 0.000235053928918, 0.000240176130319, 0.000321027386235, 0.000328669702867, 0.000432133645518, 0.000287747068796, 0.000266129354713, 0.000251951190876, 0.000300069601508, 0.000364086561603, 0.000330708979163, 0.00036043243017, 0.000363835395547, 0.0003153369762, 0.000275358732324, 7.91433558334e-05],
        "median": [0.000139600349939, 0.00496103614569, 0.000395979412133, 0.000259929569438, 0.000631010741927, 0.000142918870552, 7.66948069213e-05, 7.22338663763e-05, 0.000105403596535, 8.41348009999e-05, 4.29777428508e-05, 6.3692976255e-05, 5.55714941584e-05, 8.240994066e-05, 6.25840184512e-05, 6.6802072979e-05, 7.16949580237e-05, 7.46462756069e-05, 6.36707118247e-05, 8.92641182872e-05, 9.63278653217e-05, 9.62242556852e-05, 0.00011687798542, 0.000115886039566, 9.40547906794e-05, 4.61133422505e-05, 1.61878379004e-05],
        "min": [5.57109427371e-24, 9.59625862032e-24, 4.87050019847e-25, 5.5432013354e-24, 2.06267215866e-23, 2.76133155253e-23, 1.27777638389e-23, 9.47143637043e-24, 2.89050026824e-23, 2.3568617405e-23, 2.86837997737e-23, 3.98280756471e-23, 3.88563283851e-23, 3.86090930665e-23, 9.08849047042e-23, 1.10257157591e-22, 5.95889182606e-23, 1.00158684086e-22, 1.62495185947e-22, 1.94258954286e-22, 3.02679366011e-22, 4.24340675501e-22, 4.47225618714e-22, 5.61429453725e-22, 1.07652851326e-21, 1.44005561128e-21, 2.06012340587e-21],
        "var": [1.31539036374e-06, 0.000247215415584, 0.000210175159737, 8.47378832987e-05, 3.16100522468e-05, 1.82310770924e-06, 8.99152269085e-07, 2.27398743391e-07, 1.90177573245e-07, 2.93470577617e-07, 2.31106184856e-07, 2.01536579425e-07, 2.97691656215e-07, 3.96503367028e-07, 5.23756057191e-07, 9.4398433248e-07, 3.00338797388e-07, 1.87625758485e-07, 1.82652243552e-07, 2.06280475368e-07, 4.33325652693e-07, 2.71572446309e-07, 2.92543433034e-07, 3.20235784557e-07, 2.70922498657e-07, 3.61630583257e-07, 2.33716708209e-08]
    },
    "erbbands": {
        "dmean": [0.209268465638, 1.58254086971, 5.78831624985, 12.6513528824, 14.3717021942, 7.84684801102, 5.18450450897, 5.20845174789, 6.14430093765, 5.07749605179, 4.8831205368, 4.60817241669, 5.66798496246, 9.7951965332, 8.78286170959, 7.48656749725, 10.0681972504, 12.5682086945, 13.8971614838, 13.9511375427, 20.8807601929, 12.9678993225, 10.2021665573, 8.98942756653, 8.32949066162, 9.57636070251, 10.0138969421, 8.94473457336, 7.36598920822, 7.34407997131, 7.33687210083, 5.85242176056, 4.32445049286, 3.16056036949, 2.40683794022, 1.17683112621, 0.674529194832, 0.134361058474, 0.0123551664874, 0.00054500537226],
        "dmean2": [0.302650988102, 2.33503508568, 8.74526309967, 22.1630077362, 24.7091960907, 13.340508461, 8.9253616333, 8.22920036316, 10.1834316254, 8.6394033432, 8.2445936203, 7.96076107025, 9.67404556274, 17.2538127899, 15.4444484711, 12.6652450562, 17.5714111328, 21.5783138275, 23.7546253204, 22.7941684723, 35.6886711121, 21.3642292023, 16.8165588379, 14.5222129822, 13.5685777664, 16.0468215942, 16.0206851959, 14.8365058899, 11.8032827377, 11.4831180573, 11.9680805206, 9.66438484192, 7.20971059799, 5.35907697678, 4.13611364365, 2.02983498573, 1.1860383749, 0.228277131915, 0.0209105890244, 0.000906589266378],
        "dvar": [0.132066965103, 7.49726629257, 137.888778687, 1079.99279785, 782.622619629, 262.22253418, 89.3751678467, 136.575790405, 196.742370605, 147.164993286, 101.384552002, 86.3213729858, 124.628807068, 754.220275879, 421.279205322, 270.474212646, 646.730224609, 814.072631836, 830.05065918, 1083.36816406, 2563.5012207, 647.328918457, 308.093841553, 310.100006104, 192.793106079, 280.985748291, 426.027252197, 374.640045166, 144.474014282, 131.039672852, 129.046875, 88.4926757812, 58.2680015564, 30.2763252258, 19.8781890869, 6.22618198395, 2.12620782852, 0.0851289778948, 0.000595945341047, 1.0022955621e-06],
        "dvar2": [0.239641085267, 14.830491066, 286.74118042, 2891.67602539, 1961.82885742, 706.900390625, 244.124664307, 255.780700684, 458.972473145, 397.341064453, 270.240966797, 234.048019409, 337.095458984, 2079.71801758, 1158.54724121, 710.157043457, 1787.7376709, 2139.33203125, 2204.24731445, 2543.28271484, 6865.24414062, 1683.0847168, 771.610717773, 686.184814453, 455.477081299, 752.597351074, 925.329956055, 974.878723145, 351.6640625, 317.915405273, 333.710113525, 222.713516235, 151.693374634, 80.4240951538, 52.5674705505, 16.3366565704, 5.69584655762, 0.219620391726, 0.0015148188686, 2.48947299042e-06],
        "max": [3.22712850571, 21.4228363037, 113.712089539, 328.25579834, 236.945449829, 156.985549927, 86.0674514771, 156.947875977, 227.984786987, 372.518554688, 253.170516968, 140.631546021, 283.156677246, 333.588684082, 341.989318848, 462.951568604, 384.724304199, 537.994567871, 407.06350708, 382.258483887, 564.940979004, 594.414489746, 260.373535156, 244.519393921, 125.589187622, 272.183074951, 288.198791504, 241.894805908, 136.159454346, 134.824310303, 110.308876038, 78.0056686401, 73.0845413208, 48.0052375793, 38.8049278259, 22.0553817749, 12.2122268677, 3.2268409729, 0.263399422169, 0.0106605524197],
        "mean": [0.335241913795, 2.30296826363, 6.32113313675, 9.84144306183, 13.3381900787, 8.20085144043, 5.02177000046, 5.35966682434, 6.25416183472, 4.95535755157, 5.11835575104, 5.19747638702, 7.01592540741, 8.98934078217, 8.51141166687, 8.95812988281, 11.2508955002, 14.7552213669, 17.924036026, 18.0812759399, 23.9059925079, 17.8580799103, 15.1204538345, 13.0972509384, 12.9096546173, 13.9821872711, 15.1068725586, 13.3769350052, 11.6417446136, 11.3657941818, 10.1542110443, 8.45975780487, 5.54259300232, 3.40924334526, 2.26700091362, 1.08269560337, 0.56346899271, 0.126713231206, 0.0129260867834, 0.000647354172543],
        "median": [0.116424292326, 1.00201416016, 0.936557769775, 1.21083521843, 1.78869986534, 1.79106450081, 1.26658606529, 1.19995439053, 1.16747283936, 1.40028297901, 1.91831064224, 2.27962589264, 2.90727090836, 2.4681289196, 2.21205568314, 2.55770921707, 2.78509378433, 3.55439281464, 4.38997268677, 3.38198757172, 3.946641922, 4.62432098389, 4.27756977081, 3.31907463074, 3.50912952423, 3.99031972885, 4.10825634003, 3.71109175682, 3.32853078842, 3.36211848259, 3.27037644386, 2.55485534668, 1.77795886993, 1.12038683891, 0.588551044464, 0.222807735205, 0.0715761110187, 0.0178928337991, 0.00279250228778, 0.000165956036653],
        "min": [3.26190904596e-22, 1.56468583981e-21, 3.90258037279e-21, 1.48161731731e-20, 1.93754166105e-20, 8.04258856168e-20, 1.63133742824e-19, 2.02276200828e-19, 1.57795597364e-19, 2.76249761012e-19, 3.15068985268e-19, 6.4677102169e-19, 1.14086797355e-18, 1.25719293553e-18, 1.46338641817e-18, 1.61284885587e-18, 1.97905029505e-18, 2.01253167111e-18, 4.65599039137e-18, 5.42173878137e-18, 5.30420386095e-18, 4.22253120678e-18, 5.74965633724e-18, 9.31363266242e-18, 8.50259199797e-18, 9.2643202902e-18, 1.24139254506e-17, 1.18694842704e-17, 1.46731467822e-17, 1.24866379352e-17, 1.20004459865e-17, 1.10028686493e-17, 9.82382194781e-18, 1.03480526241e-17, 8.61635001172e-18, 4.90604626336e-18, 2.69474681336e-18, 1.09492874048e-18, 2.31116667141e-19, 3.07912813144e-20],
        "var": [0.270113378763, 13.0732326508, 181.336013794, 759.249450684, 806.841491699, 251.126525879, 80.8960342407, 200.397567749, 238.807510376, 117.086723328, 89.5838088989, 77.7629394531, 132.429443359, 538.345214844, 334.931854248, 317.736053467, 649.974731445, 911.591003418, 1216.76904297, 1600.72497559, 2830.37451172, 1113.35986328, 595.12487793, 542.370666504, 379.383850098, 465.483032227, 757.116516113, 554.43560791, 345.536010742, 308.251678467, 238.999130249, 182.914550781, 73.2405853271, 27.9027462006, 16.1571884155, 5.03695869446, 1.66166329384, 0.0823271721601, 0.000587484100834, 1.14686872621e-06]
    },
    "gfcc": {
        "mean": [-62.1466407776, 43.5909614563, -86.4750900269, 31.6580638885, -41.5197563171, 18.0203323364, -24.9579257965, 8.29880714417, -16.1750602722, 1.40052819252, -15.2465353012, -1.16202533245, -9.41553688049],
        "cov": [[39273.8789062, -3502.38671875, 757.102050781, 2324.44799805, -1264.15576172, 723.715942383, -2731.28515625, -400.836090088, -2209.71606445, -72.4582290649, -1474.93054199, 153.458572388, -1021.39135742], [-3502.38671875, 4505.22119141, 1600.12927246, 303.537261963, 712.202941895, 73.3852920532, 539.862182617, -17.2003993988, 342.977111816, -194.49005127, 290.492492676, -185.584091187, 229.900009155], [757.102050781, 1600.12927246, 3680.55493164, 1064.6340332, 803.859680176, 421.066772461, 136.172210693, 47.8391990662, -127.482452393, -55.9163970947, -72.6377258301, 19.082239151, -28.0951499939], [2324.44799805, 303.537261963, 1064.6340332, 1148.0769043, 329.339935303, 302.157775879, -47.9774932861, 6.49849128723, -96.3685531616, -24.3566055298, -72.8991928101, -10.2879257202, -23.7200031281], [-1264.15576172, 712.202941895, 803.859680176, 329.339935303, 767.444763184, 225.860458374, 316.138549805, 76.936378479, 133.471084595, -5.7484126091, 83.9765396118, -32.1640434265, 39.099193573], [723.715942383, 73.3852920532, 421.066772461, 302.157775879, 225.860458374, 369.075866699, 97.5917205811, 68.8514862061, -29.3173656464, 16.8264598846, -13.7404508591, 8.31088542938, -5.61555480957], [-2731.28515625, 539.862182617, 136.172210693, -47.9774932861, 316.138549805, 97.5917205811, 489.046630859, 129.647521973, 240.87789917, 26.7417259216, 160.991775513, 3.63502717018, 98.8603668213], [-400.836090088, -17.2003993988, 47.8391990662, 6.49849128723, 76.936378479, 68.8514862061, 129.647521973, 192.155105591, 98.6743621826, 39.0090408325, 35.0467681885, 34.3186912537, 18.7993240356], [-2209.71606445, 342.977111816, -127.482452393, -96.3685531616, 133.471084595, -29.3173656464, 240.87789917, 98.6743621826, 273.251281738, 51.7157516479, 124.241607666, -13.02293396, 87.300743103], [-72.4582290649, -194.49005127, -55.9163970947, -24.3566055298, -5.7484126091, 16.8264598846, 26.7417259216, 39.0090408325, 51.7157516479, 111.329223633, 37.9943580627, 32.0176734924, -0.454013437033], [-1474.93054199, 290.492492676, -72.6377258301, -72.8991928101, 83.9765396118, -13.7404508591, 160.991775513, 35.0467681885, 124.241607666, 37.9943580627, 161.427474976, 25.7485656738, 74.7419281006], [153.458572388, -185.584091187, 19.082239151, -10.2879257202, -32.1640434265, 8.31088542938, 3.63502717018, 34.3186912537, -13.02293396, 32.0176734924, 25.7485656738, 93.1729888916, 25.9077587128], [-1021.39135742, 229.900009155, -28.0951499939, -23.7200031281, 39.099193573, -5.61555480957, 98.8603668213, 18.7993240356, 87.300743103, -0.454013437033, 74.7419281006, 25.9077587128, 106.078849792]],
        "icov": [[8.43383459141e-05, -6.48291461403e-05, 7.50016697566e-05, -0.000135009351652, -6.79636696077e-06, -8.66246482474e-05, 0.000225681695156, -0.000158167633344, 0.00040833602543, -0.00026859602076, 0.000343615160091, -0.000256095663644, 0.000241100104176], [-6.48291461403e-05, 0.000551451696083, -0.000314652017551, 0.000133362278575, 1.92810093722e-05, 8.64362154971e-05, -0.000202310809982, 0.000232850288739, -0.000594106968492, 0.00105384900235, -0.00118189840578, 0.001285936567, -0.000715984788258], [7.50016697566e-05, -0.000314652017551, 0.000660233374219, -0.000420064287027, -0.000423453719122, -5.63109606446e-05, 0.000105144084955, -0.00023584428709, 0.000827369920444, -0.000632570532616, 0.000988523242995, -0.00105840945616, 0.000460311159259], [-0.000135009351652, 0.000133362278575, -0.000420064287027, 0.00170916458592, -0.000323877407936, -0.000754167384002, 0.000319392507663, 0.000299021688988, -0.000794504710939, 0.000553015968762, -0.000424244615715, 0.000630939553957, -0.000788202218246], [-6.79636696077e-06, 1.92810093722e-05, -0.000423453719122, -0.000323877407936, 0.00280601065606, -0.000845942879096, -0.00121990195476, 0.000388495245716, -0.000938311161008, 0.000690722023137, -0.000775695312768, 0.000656279269606, 0.000858630926814], [-8.66246482474e-05, 8.64362154971e-05, -5.63109606446e-05, -0.000754167384002, -0.000845942879096, 0.00508952094242, -0.0017481429968, -0.00165828561876, 0.00268657901324, -0.00177750445437, 0.000551613164134, 0.00147374905646, -0.00166786240879], [0.000225681695156, -0.000202310809982, 0.000105144084955, 0.000319392507663, -0.00121990195476, -0.0017481429968, 0.00658439658582, -0.00152475852519, -0.00221449555829, 0.000985838356428, -0.00172479241155, -0.00103079178371, 0.000495424726978], [-0.000158167633344, 0.000232850288739, -0.00023584428709, 0.000299021688988, 0.000388495245716, -0.00165828561876, -0.00152475852519, 0.00950944144279, -0.00577047094703, 0.00126811733935, 0.000888692447916, -0.00460368627682, 0.00273418519646], [0.00040833602543, -0.000594106968492, 0.000827369920444, -0.000794504710939, -0.000938311161008, 0.00268657901324, -0.00221449555829, -0.00577047094703, 0.0162834860384, -0.00788354128599, 0.000231975995121, 0.00620170030743, -0.00627753743902], [-0.00026859602076, 0.00105384900235, -0.000632570532616, 0.000553015968762, 0.000690722023137, -0.00177750445437, 0.000985838356428, 0.00126811733935, -0.00788354128599, 0.0169593375176, -0.00587297650054, -0.00415921630338, 0.00530819967389], [0.000343615160091, -0.00118189840578, 0.000988523242995, -0.000424244615715, -0.000775695312768, 0.000551613164134, -0.00172479241155, 0.000888692447916, 0.000231975995121, -0.00587297650054, 0.0172791406512, -0.00557348737493, -0.00322751095518], [-0.000256095663644, 0.001285936567, -0.00105840945616, 0.000630939553957, 0.000656279269606, 0.00147374905646, -0.00103079178371, -0.00460368627682, 0.00620170030743, -0.00415921630338, -0.00557348737493, 0.0225866157562, -0.0104904156178], [0.000241100104176, -0.000715984788258, 0.000460311159259, -0.000788202218246, 0.000858630926814, -0.00166786240879, 0.000495424726978, 0.00273418519646, -0.00627753743902, 0.00530819967389, -0.00322751095518, -0.0104904156178, 0.0219199173152]]
    },
    "melbands": {
        "dmean": [0.00185228721239, 0.00248505710624, 0.00225109583698, 0.000796467065811, 0.000197547138669, 0.000116632269055, 8.8692024292e-05, 5.51786724827e-05, 3.81496138289e-05, 3.04743516608e-05, 2.88173396257e-05, 4.03580670536e-05, 2.90111165668e-05, 2.29497054534e-05, 2.16251737584e-05, 2.17485176108e-05, 2.46933650487e-05, 2.38356915361e-05, 1.8575696231e-05, 2.27996024478e-05, 2.3629545467e-05, 1.35057489388e-05, 1.06674679046e-05, 9.9881171991e-06, 7.28552140572e-06, 6.34906245978e-06, 6.46956868877e-06, 6.71228417559e-06, 6.5992699092e-06, 6.01150213697e-06, 5.30188663106e-06, 4.07646029998e-06, 4.62599109596e-06, 4.09797303291e-06, 4.2083433982e-06, 4.38621145804e-06, 3.45585999639e-06, 3.20834169543e-06, 2.85143778456e-06, 2.64348545898e-06],
        "dmean2": [0.00261865369976, 0.00359314726666, 0.00386770511977, 0.00135858391877, 0.000338963873219, 0.000185408309335, 0.000147712984472, 9.36710639508e-05, 6.43694947939e-05, 5.27018091816e-05, 4.91179671371e-05, 7.09010928404e-05, 5.14502789883e-05, 3.93378322769e-05, 3.68110740965e-05, 3.79679331672e-05, 4.24036115874e-05, 4.12418303313e-05, 3.02578991977e-05, 3.8279198634e-05, 4.06123799621e-05, 2.21972441068e-05, 1.79531325557e-05, 1.66079298651e-05, 1.18730740724e-05, 1.01322048067e-05, 1.08169633677e-05, 1.14499653137e-05, 1.05631688712e-05, 9.68621498032e-06, 9.04568423721e-06, 6.53684446661e-06, 7.43235796108e-06, 6.46742182653e-06, 6.96461711414e-06, 7.11380926077e-06, 5.78513845539e-06, 5.38992617294e-06, 4.77978301205e-06, 4.51584810435e-06],
        "dvar": [9.43553732213e-06, 2.01047696464e-05, 2.52228455793e-05, 2.22537960326e-06, 1.34654257522e-07, 6.13110131553e-08, 3.90564665054e-08, 1.58402606587e-08, 6.1850435884e-09, 3.8086973575e-09, 3.13598436108e-09, 1.23350059056e-08, 5.15408338231e-09, 2.37023778382e-09, 2.29416241559e-09, 2.69469446756e-09, 3.24135562835e-09, 2.417101852e-09, 1.87961890497e-09, 3.27878701967e-09, 3.29776828067e-09, 7.73071440197e-10, 4.09265343837e-10, 3.77886888447e-10, 2.19027213033e-10, 1.26921487209e-10, 1.15942026813e-10, 1.57281673796e-10, 1.77087039477e-10, 1.75721742712e-10, 1.27102869896e-10, 4.36034992835e-11, 5.83022796707e-11, 3.99744924662e-11, 4.70041922052e-11, 4.52733475709e-11, 3.32968375094e-11, 3.33752261938e-11, 2.60744186659e-11, 2.19512116817e-11],
        "dvar2": [1.81196337508e-05, 4.19674324803e-05, 6.60328587401e-05, 5.85940097153e-06, 3.67059726614e-07, 1.1884482376e-07, 9.34633987981e-08, 4.2180914761e-08, 1.65051599055e-08, 1.04123181188e-08, 8.46520809006e-09, 3.39303198871e-08, 1.43033425104e-08, 6.26105434165e-09, 5.93017324135e-09, 7.32142169113e-09, 8.54607584699e-09, 6.58132437437e-09, 4.5568722129e-09, 8.43041014775e-09, 8.87651463444e-09, 2.00927763316e-09, 1.10564768452e-09, 9.84986092689e-10, 4.89987439511e-10, 2.94079066654e-10, 2.93531893236e-10, 4.39410313691e-10, 4.04892952499e-10, 4.0688297176e-10, 3.44871908808e-10, 9.96132482056e-11, 1.51189047393e-10, 9.77988107165e-11, 1.24086602105e-10, 1.13061643381e-10, 8.44858419335e-11, 8.75985256554e-11, 6.89603721349e-11, 5.8807819725e-11],
        "max": [0.027189001441, 0.0454426556826, 0.0484114736319, 0.0121507281438, 0.00310652516782, 0.00342507101595, 0.00402509048581, 0.00360701791942, 0.00230618310161, 0.00104171724524, 0.00146480009425, 0.00127140060067, 0.00128457217943, 0.0012445129687, 0.000747851096094, 0.000872925622389, 0.00106594653334, 0.000788859382737, 0.00056309037609, 0.000559453095775, 0.000617510813754, 0.000633284973446, 0.000416857918026, 0.000237749656662, 0.000208183642826, 0.000131715336465, 0.000104779755929, 0.000222323491471, 0.00020135230443, 0.000156437090482, 0.000133246925543, 8.785638056e-05, 7.28430895833e-05, 7.02317265677e-05, 8.01148780738e-05, 6.57165437588e-05, 5.34653081559e-05, 4.84501142637e-05, 5.88947696087e-05, 3.88414373447e-05],
        "mean": [0.00297304335982, 0.00328536028974, 0.00188273901585, 0.00079986982746, 0.000199490779778, 0.000119339194498, 8.98198632058e-05, 5.39243301318e-05, 4.01673678425e-05, 3.43383362633e-05, 3.57892822649e-05, 3.72468566638e-05, 2.71323551715e-05, 2.51864257734e-05, 2.48704109254e-05, 2.48519081651e-05, 2.7614283681e-05, 2.96704438369e-05, 2.35667957895e-05, 2.70673535852e-05, 2.62669709628e-05, 1.80465067388e-05, 1.45911999425e-05, 1.3421676158e-05, 1.01706982605e-05, 9.2655482149e-06, 9.5864488685e-06, 9.22404797166e-06, 9.45105421124e-06, 8.7206472017e-06, 7.3915334724e-06, 6.29615806247e-06, 6.72940404911e-06, 6.13397833149e-06, 5.70889733353e-06, 5.93530012338e-06, 4.87677425554e-06, 4.05216405852e-06, 3.26163876707e-06, 2.72896954812e-06],
        "median": [0.00127442623489, 0.0011100799311, 0.000252434634604, 0.00013338966528, 4.80057678942e-05, 2.65988710453e-05, 1.77201945917e-05, 1.43953711813e-05, 1.58288603416e-05, 1.38400482683e-05, 1.43845500133e-05, 1.01244531834e-05, 6.76175477565e-06, 6.4947375904e-06, 5.92232208874e-06, 5.78717117605e-06, 6.17442719886e-06, 7.22549657439e-06, 4.43164572062e-06, 4.32434808317e-06, 4.18468016505e-06, 4.5075298658e-06, 3.80628762287e-06, 3.45986154571e-06, 2.40460553869e-06, 2.41614407059e-06, 2.43316435444e-06, 2.59747912423e-06, 2.6367524697e-06, 2.05331821235e-06, 2.066617526e-06, 1.77707852345e-06, 1.84725945473e-06, 1.94429412659e-06, 1.81165000868e-06, 1.64178675277e-06, 1.49942854932e-06, 1.20013032756e-06, 1.05291496766e-06, 8.65290076035e-07],
        "min": [5.40761152858e-24, 1.6734528423e-24, 3.21412777248e-24, 3.81951619723e-24, 5.16146444361e-24, 5.19619246724e-24, 3.13242525132e-24, 2.88151561585e-24, 2.52784422571e-24, 3.58345351565e-24, 5.02964065875e-24, 4.77746036558e-24, 4.32949505093e-24, 5.11260792117e-24, 3.82386715955e-24, 3.86812777836e-24, 2.97688712435e-24, 6.65565968926e-24, 7.60126962293e-24, 5.09785188351e-24, 4.90050728401e-24, 3.70425691366e-24, 5.20773705216e-24, 4.12089853392e-24, 7.89054649459e-24, 5.79210509479e-24, 4.40822258041e-24, 5.25375170319e-24, 6.69247109454e-24, 5.31452318075e-24, 5.78227076032e-24, 8.10916430612e-24, 6.8107300217e-24, 6.6115331768e-24, 6.4169965277e-24, 6.27598685203e-24, 7.3799136752e-24, 5.79819312883e-24, 7.56500410939e-24, 8.16478531082e-24],
        "var": [1.87935802387e-05, 3.36174816766e-05, 1.95333432202e-05, 2.20981860366e-06, 1.34804992058e-07, 8.74648975469e-08, 4.52588757582e-08, 1.31795658831e-08, 5.50223555607e-09, 3.51172202429e-09, 3.43041284268e-09, 8.93594176432e-09, 3.90405530126e-09, 2.55702192753e-09, 2.8906697036e-09, 3.05054936867e-09, 3.4471092647e-09, 3.29961657997e-09, 2.74266853673e-09, 3.83035292373e-09, 3.5621261496e-09, 1.32313471291e-09, 6.94866997275e-10, 5.48139200696e-10, 3.65358798771e-10, 2.23751878137e-10, 2.11922812632e-10, 2.23600110649e-10, 2.98880836747e-10, 2.70990591078e-10, 1.76824582754e-10, 1.03365191406e-10, 1.23062643409e-10, 8.69027697026e-11, 7.65656704704e-11, 9.32876345616e-11, 6.09846756428e-11, 4.15763777573e-11, 2.6128054581e-11, 1.91934107496e-11]
    },
    "mfcc": {
        "mean": [-701.559143066, 80.7778015137, 17.1684398651, 22.6611995697, 11.9297513962, 13.4681415558, 6.68822669983, 8.67193317413, 5.82442426682, 6.1606554985, 0.548709630966, 1.25665748119, -1.36950838566],
        "cov": [[22759.3339844, -1821.17346191, -1.84995996952, 353.052947998, 281.691802979, 85.3969421387, -557.913391113, -482.904693604, -628.983886719, -528.993041992, -660.03503418, -456.651794434, -375.095581055], [-1821.17346191, 2919.78100586, 954.260986328, 376.709320068, 321.510681152, 172.547729492, 271.020629883, 182.79095459, 137.265045166, 80.4757156372, 118.142471313, 71.5547790527, 57.3388633728], [-1.84995996952, 954.260986328, 1950.24902344, 711.647705078, 516.061645508, 340.68649292, 258.801208496, 170.994567871, 96.4874649048, -36.6292648315, 35.7298736572, -3.28017568588, 2.46971154213], [353.052947998, 376.709320068, 711.647705078, 826.189880371, 430.092010498, 294.402099609, 170.154525757, 127.771408081, 76.6636734009, 33.820766449, 35.3407592773, 30.3380393982, 14.203660965], [281.691802979, 321.510681152, 516.061645508, 430.092010498, 516.779541016, 272.180755615, 185.720352173, 111.333030701, 73.1934204102, 36.2155342102, 34.9856376648, 10.1452283859, 5.48902225494], [85.3969421387, 172.547729492, 340.68649292, 294.402099609, 272.180755615, 355.947937012, 202.98475647, 102.011734009, 74.696685791, 45.3909301758, 41.630947113, 23.322769165, 9.89417076111], [-557.913391113, 271.020629883, 258.801208496, 170.154525757, 185.720352173, 202.98475647, 271.539916992, 164.271377563, 96.0934371948, 57.1989593506, 68.2812957764, 56.4119262695, 39.355506897], [-482.904693604, 182.79095459, 170.994567871, 127.771408081, 111.333030701, 102.011734009, 164.271377563, 195.315948486, 119.634849548, 59.909160614, 59.0306816101, 50.6930160522, 29.6630344391], [-628.983886719, 137.265045166, 96.4874649048, 76.6636734009, 73.1934204102, 74.696685791, 96.0934371948, 119.634849548, 153.65246582, 87.7580871582, 72.0202484131, 41.6736755371, 28.2437782288], [-528.993041992, 80.4757156372, -36.6292648315, 33.820766449, 36.2155342102, 45.3909301758, 57.1989593506, 59.909160614, 87.7580871582, 125.860298157, 74.4676208496, 46.8173942566, 27.8709373474], [-660.03503418, 118.142471313, 35.7298736572, 35.3407592773, 34.9856376648, 41.630947113, 68.2812957764, 59.0306816101, 72.0202484131, 74.4676208496, 108.133682251, 62.6740188599, 33.7257156372], [-456.651794434, 71.5547790527, -3.28017568588, 30.3380393982, 10.1452283859, 23.322769165, 56.4119262695, 50.6930160522, 41.6736755371, 46.8173942566, 62.6740188599, 81.3937988281, 51.5393066406], [-375.095581055, 57.3388633728, 2.46971154213, 14.203660965, 5.48902225494, 9.89417076111, 39.355506897, 29.6630344391, 28.2437782288, 27.8709373474, 33.7257156372, 51.5393066406, 73.8163070679]],
