{
"lowlevel": {
    "average_loudness": 0.0115307802334,
    "barkbands_crest": {
        "dmean": 1.88189125061,
        "dmean2": 2.87267208099,
        "dvar": 4.30767202377,
        "dvar2": 10.2826519012,
        "max": 26.9469585419,
        "mean": 14.8967409134,
        "median": 14.06990242,
        "min": 3.27430224419,
        "var": 27.9295825958
    },
    "barkbands_flatness_db": {
        "dmean": 0.0236030519009,
        "dmean2": 0.0385610125959,
        "dvar": 0.00059763045283,
        "dvar2": 0.00148034957238,
        "max": 0.648673653603,
        "mean": 0.413243591785,
        "median": 0.419225335121,
        "min": 0.0504347793758,
        "var": 0.00700426194817
    },
    "barkbands_kurtosis": {
        "dmean": 4.10048103333,
        "dmean2": 6.13455581665,
        "dvar": 322.566741943,
        "dvar2": 714.091918945,
        "max": 1093.32397461,
        "mean": 8.85758113861,
        "median": 3.36064457893,
        "min": -1.9420593977,
        "var": 869.509460449
    },
    "barkbands_skewness": {
        "dmean": 0.523995757103,
        "dmean2": 0.798114001751,
        "dvar": 0.75098156929,
        "dvar2": 1.91908049583,
        "max": 26.1318054199,
        "mean": 0.926699221134,
        "median": 0.991982102394,
        "min": -17.2037734985,
        "var": 3.55529308319
    },
    "barkbands_spread": {
        "dmean": 1.18794286251,
        "dmean2": 1.81914365292,
        "dvar": 5.27951192856,
        "dvar2": 12.8533878326,
        "max": 75.5532836914,
        "mean": 5.22110366821,
        "median": 3.56330060959,
        "min": 0.0294535383582,
        "var": 29.8383178711
    },
    "dissonance": {
        "dmean": 0.0468502528965,
        "dmean2": 0.0796313807368,
        "dvar": 0.0024557155557,
        "dvar2": 0.00660056760535,
        "max": 0.500000059605,
        "mean": 0.353037536144,
        "median": 0.366683483124,
        "min": 0.0539912283421,
        "var": 0.00866265781224
    },
    "dynamic_complexity": 9.71338367462,
    "erbbands_crest": {
        "dmean": 2.07000613213,
        "dmean2": 3.04557490349,
        "dvar": 5.38030815125,
        "dvar2": 12.0939750671,
        "max": 34.2696304321,
        "mean": 16.3706626892,
        "median": 15.2395429611,
        "min": 2.05152082443,
        "var": 48.1778640747
    },
    "erbbands_flatness_db": {
        "dmean": 0.0168831534684,
        "dmean2": 0.0264600589871,
        "dvar": 0.000332607480232,
        "dvar2": 0.000753924599849,
        "max": 0.636726915836,
        "mean": 0.417778551579,
        "median": 0.42309114337,
        "min": 0.0267932936549,
        "var": 0.00604799296707
    },
    "erbbands_kurtosis": {
        "dmean": 2.17343354225,
        "dmean2": 3.09829950333,
        "dvar": 30.6885299683,
        "dvar2": 62.9715919495,
        "max": 242.996566772,
        "mean": 4.72435617447,
        "median": 1.06708526611,
        "min": -1.81126320362,
        "var": 128.209518433
    },
    "erbbands_skewness": {
        "dmean": 0.364236444235,
        "dmean2": 0.51658141613,
        "dvar": 0.221829846501,
        "dvar2": 0.476795643568,
        "max": 10.2360620499,
        "mean": 0.719621479511,
        "median": 0.696188688278,
        "min": -9.1774559021,
        "var": 1.84341371059
    },
    "erbbands_spread": {
        "dmean": 1.65881156921,
        "dmean2": 2.42125058174,
        "dvar": 5.20210790634,
        "dvar2": 12.2992582321,
        "max": 137.838607788,
        "mean": 10.2250061035,
        "median": 8.52512264252,
        "min": 0.2053835392,
        "var": 84.5677261353
    },
    "hfc": {
        "dmean": 1.68306994438,
        "dmean2": 2.2705886364,
        "dvar": 32.5428352356,
        "dvar2": 61.8969421387,
        "max": 193.543731689,
        "mean": 5.72584199905,
        "median": 1.03365933895,
        "min": 1.14722512953e-16,
        "var": 149.271759033
    },
    "melbands_crest": {
        "dmean": 2.23365879059,
        "dmean2": 3.42818450928,
        "dvar": 6.30412006378,
        "dvar2": 15.1099739075,
        "max": 39.3363761902,
        "mean": 18.1294002533,
        "median": 17.3883094788,
        "min": 1.64214396477,
        "var": 42.0254898071
    },
    "melbands_flatness_db": {
        "dmean": 0.0262208860368,
        "dmean2": 0.0429452620447,
        "dvar": 0.000783641182352,
        "dvar2": 0.00190806703176,
        "max": 0.830504238605,
        "mean": 0.533335208893,
        "median": 0.54343020916,
        "min": 0.00291247409768,
        "var": 0.0118002789095
    },
    "melbands_kurtosis": {
        "dmean": 3.68971800804,
        "dmean2": 5.63029432297,
        "dvar": 282.003662109,
        "dvar2": 740.98248291,
        "max": 737.351318359,
        "mean": 9.22744178772,
        "median": 4.45258951187,
        "min": -1.92910730839,
        "var": 573.839599609
    },
    "melbands_skewness": {
        "dmean": 0.453737139702,
        "dmean2": 0.665947318077,
        "dvar": 0.440971940756,
        "dvar2": 1.03116834164,
        "max": 25.3302173615,
        "mean": 1.32167732716,
        "median": 1.30197751522,
        "min": -8.19026279449,
        "var": 3.47115659714
    },
    "melbands_spread": {
        "dmean": 1.62493479252,
        "dmean2": 2.47228002548,
        "dvar": 11.03262043,
        "dvar2": 25.4146289825,
        "max": 161.032226562,
        "mean": 8.46820640564,
        "median": 4.90927028656,
        "min": 0.204260230064,
        "var": 238.991500854
    },
    "pitch_salience": {
        "dmean": 0.0520534850657,
        "dmean2": 0.0810148268938,
        "dvar": 0.00354909943417,
        "dvar2": 0.00870860274881,
        "max": 0.945146620274,
        "mean": 0.4618704319,
        "median": 0.468549132347,
        "min": 0.0259754117578,
        "var": 0.0217377860099
    },
    "silence_rate_20dB": {
        "dmean": 0,
        "dmean2": 0,
        "dvar": 0,
        "dvar2": 0,
        "max": 1,
        "mean": 1,
        "median": 1,
        "min": 1,
        "var": 0
    },
    "silence_rate_30dB": {
        "dmean": 0.00810789782554,
        "dmean2": 0.0162170585245,
        "dvar": 0.00804331991822,
        "dvar2": 0.0178226269782,
        "max": 1,
        "mean": 0.983941376209,
        "median": 1,
        "min": 0,
        "var": 0.0158019568771
    },
    "silence_rate_60dB": {
        "dmean": 0.0405394881964,
        "dmean2": 0.0810852944851,
        "dvar": 0.0388985127211,
        "dvar2": 0.0824671536684,
        "max": 1,
        "mean": 0.515590906143,
        "median": 1,
        "min": 0,
        "var": 0.249754026532
    },
    "spectral_centroid": {
        "dmean": 39.3281173706,
        "dmean2": 57.5611419678,
        "dvar": 10178.6279297,
        "dvar2": 16806.6972656,
        "max": 11081.8193359,
        "mean": 536.091125488,
        "median": 440.430969238,
        "min": 137.775863647,
        "var": 220468.21875
    },
    "spectral_complexity": {
        "dmean": 0.852576613426,
        "dmean2": 1.41400277615,
        "dvar": 1.75604104996,
        "dvar2": 3.87896299362,
        "max": 25,
        "mean": 5.46842861176,
        "median": 4,
        "min": 0,
        "var": 23.7479057312
    },
    "spectral_decrease": {
        "dmean": 7.96719190621e-10,
        "dmean2": 1.14612908053e-09,
        "dvar": 4.42434631904e-18,
        "dvar2": 9.5404273884e-18,
        "max": 5.09901467897e-18,
        "mean": -3.28937854732e-09,
        "median": -7.42152339583e-10,
        "min": -4.95239191878e-08,
        "var": 3.74214954019e-17
    },
    "spectral_energy": {
        "dmean": 0.0031532489229,
        "dmean2": 0.00452130520716,
        "dvar": 7.0241112553e-05,
        "dvar2": 0.000150297375512,
        "max": 0.19898506999,
        "mean": 0.0129342218861,
        "median": 0.00290340580977,
        "min": 1.04999487758e-20,
        "var": 0.000580707797781
    },
    "spectral_energyband_high": {
        "dmean": 8.39301037558e-07,
        "dmean2": 1.28348415274e-06,
        "dvar": 5.6510969515e-11,
        "dvar2": 1.38680164574e-10,
        "max": 0.000286071066512,
        "mean": 9.43803740938e-07,
        "median": 1.92419991052e-09,
        "min": 7.73364839668e-21,
        "var": 5.76646334849e-11
    },
    "spectral_energyband_low": {
        "dmean": 0.000778349407483,
        "dmean2": 0.00125333224423,
        "dvar": 9.66312109085e-06,
        "dvar2": 2.69665542874e-05,
        "max": 0.104175418615,
        "mean": 0.00215693050995,
        "median": 0.000164819459314,
        "min": 8.63684172755e-23,
        "var": 4.59795992356e-05
    },
    "spectral_energyband_middle_high": {
        "dmean": 0.000762988580391,
        "dmean2": 0.00102649815381,
        "dvar": 1.18581683637e-05,
        "dvar2": 2.19383637159e-05,
        "max": 0.125191926956,
        "mean": 0.00145848037209,
        "median": 9.40020618145e-05,
        "min": 1.33406097839e-21,
        "var": 2.59309435933e-05
    },
    "spectral_energyband_middle_low": {
        "dmean": 0.00229553529061,
        "dmean2": 0.00326977320947,
        "dvar": 3.76146272174e-05,
        "dvar2": 7.92420032667e-05,
        "max": 0.178905919194,
        "mean": 0.00991876143962,
        "median": 0.00193890510127,
        "min": 3.51007761855e-22,
        "var": 0.00036088982597
    },
    "spectral_entropy": {
        "dmean": 0.154158309102,
        "dmean2": 0.236215293407,
        "dvar": 0.047987382859,
        "dvar2": 0.109495669603,
        "max": 9.80664825439,
        "mean": 5.27278804779,
        "median": 5.25711154938,
        "min": 2.92662811279,
        "var": 0.594124555588
    },
    "spectral_flux": {
        "dmean": 0.0107880886644,
        "dmean2": 0.0177165046334,
        "dvar": 0.000491582730319,
        "dvar2": 0.00124419433996,
        "max": 0.315531015396,
        "mean": 0.0246153175831,
        "median": 0.0124486451969,
        "min": 1.02469255303e-10,
        "var": 0.00106619915459
    },
    "spectral_kurtosis": {
        "dmean": 50.6821746826,
        "dmean2": 88.2627563477,
        "dvar": 2944.81396484,
        "dvar2": 8848.08203125,
        "max": 761.367248535,
        "mean": 171.795761108,
        "median": 155.933990479,
        "min": -1.18394529819,
        "var": 12019.1396484
    },
    "spectral_rms": {
        "dmean": 0.000332627620082,
        "dmean2": 0.000458406168036,
        "dvar": 3.62778450835e-07,
        "dvar2": 7.01942667547e-07,
        "max": 0.0139331175014,
        "mean": 0.00253774016164,
        "median": 0.00168303004466,
        "min": 3.20060189289e-12,
        "var": 6.17865316599e-06
    },
    "spectral_rolloff": {
        "dmean": 67.2292556763,
        "dmean2": 118.569847107,
        "dvar": 70099.921875,
        "dvar2": 134328,
        "max": 19207.6171875,
        "mean": 817.192993164,
        "median": 538.330078125,
        "min": 21.533203125,
        "var": 4326581
    },
    "spectral_skewness": {
        "dmean": 1.83057630062,
        "dmean2": 3.20494437218,
        "dvar": 2.95488524437,
        "dvar2": 8.27589607239,
        "max": 21.6771450043,
        "mean": 9.45686531067,
        "median": 9.61588287354,
        "min": 0.00437724776566,
        "var": 15.8658638
    },
    "spectral_spread": {
        "dmean": 336660.9375,
        "dmean2": 599419.3125,
        "dvar": 222584291328,
        "dvar2": 516593385472,
        "max": 39548888,
        "mean": 1035018.1875,
        "median": 773487.625,
        "min": 125665.328125,
        "var": 2.06198223667e+12
    },
    "spectral_strongpeak": {
        "dmean": 0.257613748312,
        "dmean2": 0.394355714321,
        "dvar": 0.456509232521,
        "dvar2": 1.0106716156,
        "max": 19.9320144653,
        "mean": 0.840049624443,
        "median": 0.430943250656,
        "min": 0,
        "var": 1.47508537769
    },
    "zerocrossingrate": {
        "dmean": 0.0023346291855,
        "dmean2": 0.00295382365584,
        "dvar": 4.15886897827e-05,
        "dvar2": 5.81040403631e-05,
        "max": 0.52734375,
        "mean": 0.0284712724388,
        "median": 0.0205078125,
        "min": 0,
        "var": 0.00314215198159
    },
    "barkbands": {
        "dmean": [2.02135161089e-05, 0.000128485873574, 0.000538575346582, 0.000338340294547, 0.000840712105855, 0.000571780488826, 0.000444737175712, 0.000799661211204, 0.000242894908297, 0.000108920685307, 0.000249655131483, 0.000255851366092, 0.000175767840119, 5.93380937062e-05, 3.74279770767e-05, 1.87399455172e-05, 7.09104688212e-06, 6.91768673278e-06, 2.82110886474e-06, 7.51294464862e-07, 2.98428744827e-07, 2.00929974881e-07, 4.20180050753e-08, 2.12911395181e-08, 3.25206084284e-09, 8.73827621373e-10, 5.76918179895e-10],
        "dmean2": [3.45477819792e-05, 0.000201305781957, 0.000873158860486, 0.000540465814993, 0.00126395258121, 0.000883884495124, 0.00066872179741, 0.00105019740295, 0.000305017747451, 0.000153414832312, 0.000366010324797, 0.000350181973772, 0.000222011847654, 8.58563944348e-05, 5.41769150004e-05, 2.9074253689e-05, 1.14677959573e-05, 1.09381971924e-05, 4.63882861368e-06, 1.17990759918e-06, 4.9880958386e-07, 2.93161491527e-07, 6.83279779423e-08, 3.4777858815e-08, 5.78630920955e-09, 1.57982704696e-09, 1.0487193336e-09],
        "dvar": [3.37139982598e-09, 2.48187291163e-07, 5.37836149306e-06, 1.61862180903e-06, 7.56836698201e-06, 4.70139957542e-06, 4.91001173941e-06, 1.30909311338e-05, 1.70017551682e-06, 2.40809299612e-07, 3.63732237929e-06, 3.18287038681e-06, 2.23127381105e-06, 7.44873943859e-07, 1.40458155329e-07, 1.95613107934e-08, 9.76106129258e-09, 1.35246320809e-08, 3.12846359929e-10, 3.03368823118e-11, 1.59842486469e-11, 6.0305514922e-12, 2.1404468367e-13, 1.96757174897e-13, 1.17950523751e-15, 5.52251154842e-17, 2.91228042521e-18],
        "dvar2": [9.37037114568e-09, 5.67097345083e-07, 1.47624850797e-05, 4.82194536744e-06, 1.71747578861e-05, 1.13686883196e-05, 1.16310629892e-05, 2.39178207266e-05, 3.19257515002e-06, 4.67739397436e-07, 7.96950098447e-06, 5.74231899009e-06, 3.4227236938e-06, 1.55246391387e-06, 2.98545927535e-07, 4.8655309115e-08, 2.49424676468e-08, 3.13214556513e-08, 7.96821664206e-10, 7.20466394877e-11, 4.44758709028e-11, 1.33506877428e-11, 5.58492163107e-13, 4.8433327661e-13, 3.22944461327e-15, 1.59281713465e-16, 8.75442796265e-18],
        "max": [0.0022702193819, 0.0317481011152, 0.0731539875269, 0.043425604701, 0.122103601694, 0.0987601727247, 0.0886469483376, 0.155960977077, 0.0703263953328, 0.017591772601, 0.0523748137057, 0.0871401429176, 0.121569290757, 0.0617141015828, 0.0222168322653, 0.00724612222984, 0.00873972103, 0.007582930848, 0.000761619012337, 0.000199828893528, 0.000212874219869, 0.000156683308887, 2.24744544539e-05, 3.49269539583e-05, 1.06488869278e-06, 4.14745187527e-07, 6.31399359463e-08],
        "mean": [4.72396422992e-05, 0.000291326403385, 0.00123707298189, 0.000872386153787, 0.00300594675355, 0.00167966331355, 0.00112103938591, 0.00255451840349, 0.000645024178084, 0.000210615078686, 0.000327320391079, 0.000439450202975, 0.000308878195938, 9.12796531338e-05, 5.3500982176e-05, 2.73270470643e-05, 9.15627242648e-06, 7.20640036889e-06, 3.72063459508e-06, 9.31993383801e-07, 2.99133802173e-07, 2.16852612311e-07, 3.79001328099e-08, 1.68817795299e-08, 2.54045318115e-09, 9.18578713094e-10, 7.77152731057e-10],
        "median": [2.2193339646e-06, 1.41908412843e-05, 4.22527409683e-05, 5.45281436644e-05, 0.000203439791221, 9.93475841824e-05, 5.85513043916e-05, 7.63860152801e-05, 3.96621835534e-05, 1.52704233187e-05, 6.75983164911e-06, 8.61592525325e-06, 6.58311682855e-06, 9.84697180684e-07, 6.67855715619e-07, 3.59749435574e-07, 9.70665894329e-08, 2.62250416938e-08, 8.84384832034e-09, 7.1318417838e-10, 2.70768268917e-10, 1.53483337151e-10, 1.08993980508e-10, 1.11486528342e-10, 1.42516692891e-10, 1.93424554151e-10, 2.36947184096e-10],
        "min": [6.79128207603e-23, 4.07622163321e-23, 9.88213944579e-24, 4.52552028056e-24, 4.81870635244e-23, 6.66300571978e-23, 2.57546030382e-23, 4.36831789375e-23, 1.26835315639e-22, 5.78004254381e-23, 6.0259172351e-23, 1.54270648367e-23, 8.19318256792e-23, 8.41176519625e-23, 1.74957219253e-22, 2.53398985448e-22, 1.67129573371e-22, 1.61286600553e-22, 1.83172795373e-22, 2.76446522359e-22, 4.47494563485e-22, 6.54230293308e-22, 5.69509711801e-22, 1.04002250444e-21, 1.23702740149e-21, 1.64272960359e-21, 2.22790273557e-21],
        "var": [2.49314489054e-08, 1.0659094869e-06, 1.92563475139e-05, 6.47797151032e-06, 6.02802210778e-05, 2.58065228991e-05, 1.34131223604e-05, 8.9440625743e-05, 5.51410221306e-06, 6.03125783982e-07, 4.69442829854e-06, 5.52109622731e-06, 5.95265100856e-06, 1.3301726085e-06, 2.14187750203e-07, 2.21761418118e-08, 9.03031605048e-09, 1.37033566716e-08, 4.41023106923e-10, 3.73557539068e-11, 1.13464532908e-11, 6.83364823062e-12, 1.70123463927e-13, 1.63969640816e-13, 8.09493823461e-16, 3.46533156297e-17, 2.71173151968e-18]
    },
    "erbbands": {
        "dmean": [0.000982776866294, 0.0417647100985, 0.449291735888, 1.03445029259, 1.06211090088, 4.38457870483, 3.72123408318, 5.30666875839, 4.87170791626, 12.6550655365, 12.1419878006, 6.07472753525, 3.00408291817, 6.97516107559, 10.6646089554, 8.2781085968, 7.74649858475, 4.47897672653, 1.8138885498, 1.50388777256, 0.916609942913, 0.449612021446, 0.504482448101, 0.15680924058, 0.100125543773, 0.0304704643786, 0.0181292705238, 0.0107817063108, 0.00791587866843, 0.00279233395122, 0.00102171534672, 0.000794397376012, 0.000125731618027, 4.90200472996e-05, 1.65191668202e-05, 5.17734861205e-06, 1.97104964172e-06, 5.28610826223e-07, 1.53306416451e-06, 3.56665532308e-06],
        "dmean2": [0.00153076625429, 0.0648896321654, 0.715439796448, 1.68144857883, 1.66035985947, 6.54900121689, 5.57491779327, 8.37382793427, 7.11202526093, 17.5312652588, 16.3307647705, 7.66178512573, 4.13319969177, 9.87192726135, 15.3556241989, 11.2812175751, 9.79673671722, 5.7876663208, 2.69612526894, 2.17692327499, 1.4360152483, 0.731071174145, 0.794737637043, 0.257679492235, 0.161232113838, 0.0482660494745, 0.0291656702757, 0.0172873977572, 0.0118941953406, 0.00434993486851, 0.00158002180979, 0.00127471482847, 0.00021032631048, 8.54962490848e-05, 2.88378487312e-05, 8.74349188962e-06, 3.14980343319e-06, 8.69480459187e-07, 2.17292540583e-06, 5.09335632159e-06],
        "dvar": [1.14013646453e-05, 0.0266308821738, 3.58832907677, 17.4134521484, 7.64185333252, 244.127624512, 146.445358276, 510.873352051, 415.403411865, 3835.28515625, 2428.76513672, 1292.88232422, 145.937255859, 2037.36621094, 6928.22753906, 2340.12792969, 3685.30126953, 2403.64379883, 285.777252197, 159.954025269, 60.2552719116, 44.0790100098, 70.2159881592, 0.986164391041, 0.739139139652, 0.0529262013733, 0.045919816941, 0.025006165728, 0.0133961997926, 0.00100219657179, 9.55906143645e-05, 0.000287267612293, 2.06070399145e-06, 2.90703468409e-07, 2.31029098074e-08, 1.89493332137e-09, 1.17247683784e-10, 4.92704098007e-12, 1.71547498429e-11, 9.14519571182e-11],
        "dvar2": [2.6811254429e-05, 0.0590957924724, 9.04137325287, 53.2670440674, 18.47356987, 555.039550781, 327.164031982, 1248.04968262, 907.687805176, 7332.35253906, 4769.27148438, 2475.55932617, 287.457946777, 4187.71826172, 15266.8544922, 4227.68798828, 5625.71972656, 4243.10888672, 670.587646484, 321.410522461, 156.207290649, 111.763626099, 163.619995117, 2.4778740406, 1.84115743637, 0.129533827305, 0.124773047864, 0.0686058700085, 0.0318228825927, 0.00232430943288, 0.000225381256314, 0.000707717030309, 5.08067159899e-06, 7.92591720256e-07, 6.30346619346e-08, 5.38219513402e-09, 3.16118797805e-10, 1.30552148953e-11, 3.56463053519e-11, 1.93816698801e-10],
        "max": [0.141470372677, 10.9741449356, 88.1183853149, 158.7003479, 105.379722595, 676.099365234, 536.670654297, 1044.75134277, 890.906494141, 2740.05786133, 1896.12792969, 2000.97839355, 429.156066895, 1899.21679688, 2624.92993164, 2056.80615234, 4806.35449219, 3575.66137695, 882.663391113, 836.362976074, 483.81741333, 587.373718262, 545.285339355, 38.7513237, 53.8428001404, 7.09965276718, 14.0588102341, 11.0766878128, 8.90690612793, 1.75852298737, 0.338985562325, 1.35976195335, 0.0771296620369, 0.0172749105841, 0.00478863948956, 0.00251129898243, 0.000526609597728, 8.98371363292e-05, 9.93172361632e-05, 0.000228590710321],
        "mean": [0.0026242993772, 0.100629389286, 1.03233492374, 2.85550475121, 3.57219457626, 15.8377637863, 10.7074251175, 15.4316244125, 14.5278148651, 39.256313324, 38.5991172791, 16.4437427521, 7.24312925339, 10.7798099518, 14.9522104263, 15.6785020828, 14.0518255234, 7.55489349365, 2.79503297806, 2.38536024094, 1.37009513378, 0.590985834599, 0.538312017918, 0.208219140768, 0.133322447538, 0.0390834510326, 0.0197060797364, 0.0117275714874, 0.0084518911317, 0.00274071842432, 0.00100446003489, 0.00065119494684, 0.000112230321974, 4.56506422779e-05, 2.05365067814e-05, 1.04751934487e-05, 5.51254333914e-06, 1.29949933125e-06, 6.26276596449e-06, 1.45192752825e-05],
        "median": [0.000342791347066, 0.00650579761714, 0.0566040165722, 0.190801545978, 0.448819637299, 0.751216292381, 1.09436297417, 1.00605726242, 1.11501121521, 1.4129499197, 2.31338357925, 1.3901129961, 0.767349481583, 0.612047672272, 0.444034159184, 0.43050134182, 0.406644582748, 0.156888380647, 0.0707472264767, 0.0468568168581, 0.0221164599061, 0.006950606592, 0.00304154935293, 0.000845727627166, 0.000308924005367, 5.46424853383e-05, 2.01878101507e-05, 1.0806517821e-05, 7.86861710367e-06, 6.06654612056e-06, 5.11332427777e-06, 4.55017288914e-06, 4.02383739129e-06, 3.53980385626e-06, 2.95894574265e-06, 2.2347878712e-06, 1.34254833029e-06, 3.40278859312e-07, 1.42438398143e-06, 3.25880591845e-06],
        "min": [1.743905142e-21, 7.09017296594e-21, 1.51826658833e-20, 1.60252656594e-20, 4.23956527251e-20, 2.77093743731e-19, 1.98653059273e-19, 5.78737535958e-19, 5.79433246552e-19, 3.17519973122e-19, 1.34252126861e-18, 2.95832005734e-18, 2.6866557462e-18, 1.48158304748e-18, 2.319994498e-18, 8.07357125776e-19, 3.2235321529e-18, 5.20434454945e-18, 1.01993065248e-17, 6.95478156193e-18, 1.41539536358e-17, 8.7435885879e-18, 1.02272561305e-17, 5.90706673986e-18, 1.1401424948e-17, 1.35053935776e-17, 1.57382493543e-17, 1.95487726514e-17, 2.40592363304e-17, 1.98995600968e-17, 1.55322714557e-17, 2.69399556793e-17, 1.27597605657e-17, 1.22156585296e-17, 1.02605021737e-17, 5.61554099503e-18, 3.09674459695e-18, 1.17424522826e-18, 2.82436891048e-19, 3.51120883246e-20],
        "var": [5.32773447048e-05, 0.124522157013, 13.5462875366, 81.1196136475, 63.5769119263, 1886.76782227, 749.23236084, 2619.3371582, 1908.40551758, 25083.8945312, 13632.5351562, 3858.8425293, 450.955535889, 3090.68383789, 8844.39257812, 4550.5234375, 9724.61816406, 5572.03808594, 356.761352539, 279.547241211, 59.9277076721, 41.1703605652, 70.2363739014, 1.27797424793, 1.07370364666, 0.064517185092, 0.035499304533, 0.0191260073334, 0.0129050537944, 0.00102392397821, 9.67196901911e-05, 0.000239236978814, 1.77566744242e-06, 2.02773208002e-07, 1.66213158792e-08, 1.45486866998e-09, 1.68175945392e-10, 8.28306086914e-12, 1.35769340215e-10, 7.35190353041e-10]
    },
    "gfcc": {
        "mean": [-339.867736816, 241.728485107, -94.7601318359, -67.9414596558, -23.210735321, -17.8420066833, -28.9911613464, -14.1059131622, -11.8565349579, -13.4279108047, -6.56963205338, -13.7174100876, -7.55787563324],
        "cov": [[25286.2988281, 4893.59326172, -4041.76000977, 675.346862793, 1231.98974609, -2226.10668945, -112.978561401, -764.985961914, -363.426879883, -518.670715332, 385.95123291, -513.073974609, -169.920303345], [4893.59326172, 2957.7824707, 366.790985107, -656.81842041, 242.106628418, -355.87512207, -221.53527832, -341.5206604, -119.893592834, -275.103149414, 55.7091255188, -152.284790039, 28.3137321472], [-4041.76000977, 366.790985107, 2183.50537109, -185.496139526, -329.310516357, 556.617248535, -22.8565654755, -161.769241333, -67.1144714355, -39.8997993469, -82.2974472046, 36.0420951843, 33.7128944397], [675.346862793, -656.81842041, -185.496139526, 962.394958496, 221.906616211, 56.9404716492, 206.442932129, -6.49083089828, -101.693283081, 14.4635210037, -10.6089868546, 10.7099981308, -69.2431716919], [1231.98974609, 242.106628418, -329.310516357, 221.906616211, 503.522766113, -21.1065616608, 1.93268728256, 31.3501300812, -79.6250915527, -61.5404701233, 18.1573848724, -23.6216373444, -18.6506290436], [-2226.10668945, -355.87512207, 556.617248535, 56.9404716492, -21.1065616608, 536.893920898, 189.168212891, 49.6861534119, 12.0286617279, 14.9505386353, -84.1160964966, 33.1218223572, 14.5915021896], [-112.978561401, -221.53527832, -22.8565654755, 206.442932129, 1.93268728256, 189.168212891, 325.784179688, 126.721580505, 5.64113616943, 18.9292888641, -35.0860023499, -34.4939422607, -17.6793575287], [-764.985961914, -341.5206604, -161.769241333, -6.49083089828, 31.3501300812, 49.6861534119, 126.721580505, 290.90045166, 140.142440796, 50.1142272949, -16.3176612854, -0.0307598002255, -16.9328746796], [-363.426879883, -119.893592834, -67.1144714355, -101.693283081, -79.6250915527, 12.0286617279, 5.64113616943, 140.142440796, 215.94519043, 86.045425415, -18.8617229462, 1.18689751625, -5.38289165497], [-518.670715332, -275.103149414, -39.8997993469, 14.4635210037, -61.5404701233, 14.9505386353, 18.9292888641, 50.1142272949, 86.045425415, 150.936035156, 38.5695304871, -5.01425981522, -22.7412338257], [385.95123291, 55.7091255188, -82.2974472046, -10.6089868546, 18.1573848724, -84.1160964966, -35.0860023499, -16.3176612854, -18.8617229462, 38.5695304871, 113.698387146, 33.8908538818, -21.8627166748], [-513.073974609, -152.284790039, 36.0420951843, 10.7099981308, -23.6216373444, 33.1218223572, -34.4939422607, -0.0307598002255, 1.18689751625, -5.01425981522, 33.8908538818, 140.229629517, 71.7260971069], [-169.920303345, 28.3137321472, 33.7128944397, -69.2431716919, -18.6506290436, 14.5915021896, -17.6793575287, -16.9328746796, -5.38289165497, -22.7412338257, -21.8627166748, 71.7260971069, 143.378997803]],
        "icov": [[0.000383353763027, -0.000622696767095, 0.000661216909066, -0.000628857174888, 6.42741506454e-05, 0.000463593663881, -0.00057793938322, 0.000987752573565, -0.00087401206838, 0.000881506304722, -0.00103610847145, 0.000827126437798, -0.000340076978318], [-0.000622696767095, 0.00253968080506, -0.00189643644262, 0.00240512005985, -0.00209691282362, 0.00112560577691, -0.00137686880771, 0.00140580383595, -0.00125423376448, 0.00119412248023, 0.000214209532714, -0.000336204248015, 0.000320041261148], [0.000661216909066, -0.00189643644262, 0.0024901474826, -0.00196995446458, 0.00194412225392, -0.00160400569439, 0.00117132707965, 5.31360528839e-05, 0.000183904834557, 0.000715193280485, -0.00170331122354, 0.00171408220194, -0.000808791548479], [-0.000628857174888, 0.00240512005985, -0.00196995446458, 0.00433811265975, -0.00317524233833, 0.00207611103542, -0.00334782572463, 0.00219450122677, -0.00019635935314, -0.000918764912058, 0.00307740131393, -0.00347438035533, 0.00261429673992], [6.42741506454e-05, -0.00209691282362, 0.00194412225392, -0.00317524233833, 0.0063389618881, -0.00429889885709, 0.00539439124987, -0.00569554371759, 0.00436265394092, -0.000858615327161, -0.00132719858084, 0.00212045782246, -0.00148127030116], [0.000463593663881, 0.00112560577691, -0.00160400569439, 0.00207611103542, -0.00429889885709, 0.00857812538743, -0.0077812615782, 0.00613523041829, -0.00417015748098, 0.00127326103393, 0.00259872106835, -0.00306966342032, 0.00201709219255], [-0.00057793938322, -0.00137686880771, 0.00117132707965, -0.00334782572463, 0.00539439124987, -0.0077812615782, 0.0130031192675, -0.0105152959004, 0.00722563732415, -0.00339044071734, -5.17279368069e-05, 0.00334397749975, -0.00239735189825], [0.000987752573565, 0.00140580383595, 5.31360528839e-05, 0.00219450122677, -0.00569554371759, 0.00613523041829, -0.0105152959004, 0.0165871754289, -0.0124625777826, 0.00684087211266, -0.00363373477012, 0.000713670568075, 0.000943434948567], [-0.00087401206838, -0.00125423376448, 0.000183904834557, -0.00019635935314, 0.00436265394092, -0.00417015748098, 0.00722563732415, -0.0124625777826, 0.0179787036031, -0.0123015455902, 0.00945508759469, -0.00510130869225, 0.00220235576853], [0.000881506304722, 0.00119412248023, 0.000715193280485, -0.000918764912058, -0.000858615327161, 0.00127326103393, -0.00339044071734, 0.00684087211266, -0.0123015455902, 0.0202643219382, -0.0146115841344, 0.00946842133999, -0.00386678241193], [-0.00103610847145, 0.000214209532714, -0.00170331122354, 0.00307740131393, -0.00132719858084, 0.00259872106835, -5.17279368069e-05, -0.00363373477012, 0.00945508759469, -0.0146115841344, 0.0260873939842, -0.0161445792764, 0.00983557198197], [0.000827126437798, -0.000336204248015, 0.00171408220194, -0.00347438035533, 0.00212045782246, -0.00306966342032, 0.00334397749975, 0.000713670568075, -0.00510130869225, 0.00946842133999, -0.0161445792764, 0.0219974350184, -0.0121053084731], [-0.000340076978318, 0.000320041261148, -0.000808791548479, 0.00261429673992, -0.00148127030116, 0.00201709219255, -0.00239735189825, 0.000943434948567, 0.00220235576853, -0.00386678241193, 0.00983557198197, -0.0121053084731, 0.0144037287682]]
    },
    "melbands": {
        "dmean": [2.15577601921e-05, 0.000174265398527, 0.000160122304806, 0.00019187554426, 0.000140619187732, 0.000112959591206, 7.93125509517e-05, 0.000159280156367, 8.52613447933e-05, 3.7610916479e-05, 1.43046372614e-05, 2.68638486887e-05, 3.09764982376e-05, 3.38317149726e-05, 1.49212064571e-05, 2.2032922061e-05, 5.90282434132e-06, 2.6736381642e-06, 3.55576617039e-06, 1.29021668727e-06, 9.99189410322e-07, 4.4524207965e-07, 4.29572651228e-07, 3.36135599355e-07, 1.21050504731e-07, 9.37041590987e-08, 4.48758186167e-08, 1.61757824912e-08, 1.41977150037e-08, 5.99250471467e-09, 6.88768020396e-09, 5.10264452913e-09, 2.52630649733e-09, 1.18622978107e-09, 5.57097090681e-10, 5.79689185543e-10, 3.88860138534e-10, 7.50332226906e-11, 6.12439543524e-11, 3.22880645831e-11],
        "dmean2": [3.38604186254e-05, 0.000277242535958, 0.000260145723587, 0.000286624272121, 0.000212990737054, 0.000177044756128, 0.000117178104119, 0.000215234729694, 0.000113442984002, 4.78402689623e-05, 1.99430378416e-05, 3.81622412533e-05, 4.50464176538e-05, 4.59980037704e-05, 2.10027319554e-05, 2.71175322268e-05, 8.0703293861e-06, 4.15778868046e-06, 5.10904965267e-06, 1.95262782654e-06, 1.59564103797e-06, 7.19427077911e-07, 6.88183490638e-07, 5.33701381755e-07, 2.02230339141e-07, 1.52657264607e-07, 7.20671593513e-08, 2.60609311908e-08, 2.30391634659e-08, 1.00107353518e-08, 1.0827765351e-08, 7.61479146405e-09, 3.93030807899e-09, 1.95494798128e-09, 8.59109061668e-10, 9.51935308358e-10, 6.2645949539e-10, 1.29648888847e-10, 1.05961406316e-10, 5.79956291324e-11],
        "dvar": [6.23336893213e-09, 5.21571280387e-07, 3.65022714277e-07, 4.13375914832e-07, 1.96604688085e-07, 2.11029728803e-07, 1.27585963128e-07, 5.84914062074e-07, 1.12862842627e-07, 5.93464868359e-08, 3.26714189036e-09, 2.89067703108e-08, 5.49809904271e-08, 6.07575856293e-08, 1.90778042253e-08, 4.31090043662e-08, 6.23093843188e-09, 9.03046137868e-10, 1.39052958037e-09, 7.13361175686e-11, 1.13397749524e-10, 4.82228007526e-11, 2.76113593795e-11, 3.26152681251e-11, 5.65764666019e-13, 5.76311351072e-13, 1.08234154603e-13, 2.44060532824e-14, 3.08940732426e-14, 7.8363837568e-15, 8.92887329964e-15, 6.23964999474e-15, 1.00649356996e-15, 2.26396024933e-16, 3.00278837717e-17, 6.72915597302e-17, 9.38562996662e-17, 7.26623005521e-19, 4.28960149238e-19, 1.56893673228e-19],
        "dvar2": [1.46866705464e-08, 1.31631861677e-06, 1.09997984055e-06, 9.21990817915e-07, 4.47556118388e-07, 5.17156820479e-07, 2.91118197993e-07, 1.07654409476e-06, 2.22868266064e-07, 1.13412845337e-07, 6.46879705357e-09, 5.91330930888e-08, 1.21538647591e-07, 1.10410930176e-07, 3.42073178672e-08, 6.49789342333e-08, 1.15679377188e-08, 2.13901096835e-09, 2.81280909675e-09, 1.63354177407e-10, 3.04806901941e-10, 1.20065971054e-10, 6.56948384581e-11, 7.64523236385e-11, 1.50945261065e-12, 1.44671948032e-12, 2.66448782526e-13, 6.11792585451e-14, 8.35281144381e-14, 2.11308614785e-14, 2.34873105258e-14, 1.47870946174e-14, 2.27080935774e-15, 5.83472081211e-16, 6.99973535407e-17, 1.76398647907e-16, 2.28861367266e-16, 1.98737710868e-18, 1.17328538855e-18, 4.39458156886e-19],
        "max": [0.00438893307, 0.034251820296, 0.0224621072412, 0.0287361945957, 0.0177659653127, 0.0213093422353, 0.0133079718798, 0.0351329781115, 0.0140573037788, 0.0135969948024, 0.00227741710842, 0.00703147100285, 0.00717236474156, 0.012376007624, 0.00684711523354, 0.0168214477599, 0.00608344329521, 0.00155066803563, 0.00248660403304, 0.000441622600192, 0.000720034062397, 0.000618626829237, 0.000301982072415, 0.00037137651816, 2.77405324596e-05, 4.03656740673e-05, 1.5699351934e-05, 6.7639352892e-06, 1.09954753498e-05, 6.19491584075e-06, 6.2561653067e-06, 6.10048709859e-06, 1.70462249116e-06, 6.24039387276e-07, 2.7734748187e-07, 4.46880818572e-07, 8.0282319459e-07, 2.86407928485e-08, 2.13683950534e-08, 1.75348784381e-08],
        "mean": [5.16968939337e-05, 0.000416447001044, 0.000452223757748, 0.000717290211469, 0.000447881553555, 0.000334836542606, 0.000217463821173, 0.000502486247569, 0.000268527219305, 9.56701915129e-05, 3.32971358148e-05, 4.19192292611e-05, 4.21294207626e-05, 5.47696727153e-05, 2.90306979878e-05, 3.7067278754e-05, 9.64546870819e-06, 3.8824987314e-06, 5.07973254571e-06, 2.05504511541e-06, 1.3795936411e-06, 5.58409794849e-07, 4.87027762119e-07, 3.5117079733e-07, 1.58361871172e-07, 1.23621376247e-07, 5.4990557885e-08, 1.91974471875e-08, 1.52933399278e-08, 5.57006529789e-09, 7.79843389864e-09, 5.34385247164e-09, 2.59791987922e-09, 1.05313280319e-09, 5.5094528939e-10, 4.88949269961e-10, 3.06144748441e-10, 6.02050978515e-11, 4.75066583294e-11, 2.4354336256e-11],
        "median": [5.4150377764e-06, 2.41030174948e-05, 3.69067929569e-05, 3.95037423004e-05, 4.57001515315e-05, 2.04117131943e-05, 1.46480088006e-05, 1.52708817041e-05, 1.70315652213e-05, 5.830954251e-06, 2.74502554021e-06, 2.07708717426e-06, 1.08396511678e-06, 1.03520653738e-06, 7.99631379778e-07, 5.90111312704e-07, 1.41051145874e-07, 7.26738775825e-08, 5.07509057002e-08, 3.17230437474e-08, 1.75477605779e-08, 4.52904647119e-09, 3.23736237817e-09, 8.74017858088e-10, 3.66204178093e-10, 2.1556109675e-10, 5.73189759545e-11, 1.77400073798e-11, 9.70525569632e-12, 6.39468035815e-12, 4.25252281305e-12, 3.33383364318e-12, 2.48218936724e-12, 2.03447913898e-12, 1.77379627913e-12, 1.52096109145e-12, 1.40566681558e-12, 1.29104756399e-12, 1.22900821464e-12, 1.20682023402e-12],
        "min": [1.6580766022e-23, 8.99715189497e-24, 2.63110197668e-24, 1.13914039069e-23, 8.46430554134e-24, 1.39816192228e-23, 8.1036257137e-24, 4.36153029786e-24, 1.23284838876e-23, 1.91288672097e-23, 1.26730315097e-23, 5.25184581524e-24, 9.27091423921e-24, 2.26233593033e-24, 2.51568018776e-24, 1.07552372851e-23, 8.56478985459e-24, 1.53756247948e-23, 8.87058941792e-24, 1.74350282294e-23, 1.53591328687e-23, 8.51419941588e-24, 1.10512423514e-23, 6.37007153118e-24, 4.20515952822e-24, 7.86349014327e-24, 7.92879993761e-24, 8.99879193679e-24, 1.0103413352e-23, 8.81153371283e-24, 1.27868515166e-23, 1.33790683308e-23, 1.42025933619e-23, 9.48214594608e-24, 6.90220790999e-24, 1.33832256277e-23, 1.82485299939e-23, 9.06127760909e-24, 8.19646990908e-24, 1.01694820305e-23],
        "var": [2.60406842756e-08, 2.09692939279e-06, 1.75346735887e-06, 3.68828114006e-06, 1.09379686819e-06, 1.11318126983e-06, 4.53549375834e-07, 4.08375444749e-06, 6.1155816411e-07, 1.71682984274e-07, 1.01976258549e-08, 4.52635262604e-08, 7.04517262307e-08, 9.98152032139e-08, 3.7635924599e-08, 1.15136096213e-07, 1.34356197279e-08, 1.10475129045e-09, 2.32761343533e-09, 1.03319200417e-10, 9.45391681606e-11, 4.66758368067e-11, 2.73777858023e-11, 3.2497393665e-11, 7.66863460754e-13, 8.10415916232e-13, 1.45033724613e-13, 2.70639342507e-14, 2.4696602524e-14, 5.85801548871e-15, 8.11089273544e-15, 6.05954961433e-15, 1.07833043422e-15, 1.8205735739e-16, 3.20570372236e-17, 5.06734482845e-17, 7.94012522874e-17, 5.23831509945e-19, 3.03332972586e-19, 9.93868815092e-20]
    },
    "mfcc": {
        "mean": [-908.439880371, 202.864822388, 28.5407085419, -16.4759998322, -5.58222913742, -4.48474550247, -6.17934083939, -6.12680673599, -6.82681512833, -4.24656963348, -1.49164903164, -1.26880776882, -2.56366872787],
        "cov": [[10196.2207031, 5775.26074219, -2367.93603516, -271.816833496, 893.430786133, -67.6881637573, -299.518890381, -243.696853638, -474.448577881, -320.613647461, -117.399002075, -15.0722312927, 149.790634155], [5775.26074219, 4119.95898438, -633.014282227, -316.37689209, 500.916809082, 17.3174095154, -190.806304932, -205.126876831, -334.524047852, -282.930664062, -148.919708252, -28.8201179504, 58.832447052], [-2367.93603516, -633.014282227, 1511.82348633, 196.355499268, -306.376403809, 108.895744324, 142.605117798, 35.3401565552, 43.9113960266, -37.287399292, -66.6754989624, -21.0142116547, -45.674041748], [-271.816833496, -316.37689209, 196.355499268, 437.66809082, 92.6802062988, 26.0545864105, 118.068496704, 79.2276382446, 7.12819385529, -10.6180372238, -13.4291543961, -2.07806873322, 33.0966720581], [893.430786133, 500.916809082, -306.376403809, 92.6802062988, 403.373809814, 117.919670105, 1.00121724606, 21.3874645233, -32.8693618774, -58.8545188904, -34.9628257751, -12.3871545792, 8.30459213257], [-67.6881637573, 17.3174095154, 108.895744324, 26.0545864105, 117.919670105, 245.977981567, 146.034515381, 55.0213851929, 21.3545188904, -16.4204902649, -24.7073135376, -34.4899215698, -42.7441368103], [-299.518890381, -190.806304932, 142.605117798, 118.068496704, 1.00121724606, 146.034515381, 264.848846436, 153.596298218, 44.5995521545, 30.0433311462, 4.66321659088, -32.4556655884, -25.6424331665], [-243.696853638, -205.126876831, 35.3401565552, 79.2276382446, 21.3874645233, 55.0213851929, 153.596298218, 209.806640625, 135.958236694, 43.9633140564, 8.07932949066, -17.9984703064, -13.2652196884], [-474.448577881, -334.524047852, 43.9113960266, 7.12819385529, -32.8693618774, 21.3545188904, 44.5995521545, 135.958236694, 209.732284546, 125.077674866, 25.6031742096, -7.25124454498, -9.89024066925], [-320.613647461, -282.930664062, -37.287399292, -10.6180372238, -58.8545188904, -16.4204902649, 30.0433311462, 43.9633140564, 125.077674866, 191.470504761, 114.522636414, 14.5092592239, -19.5647106171], [-117.399002075, -148.919708252, -66.6754989624, -13.4291543961, -34.9628257751, -24.7073135376, 4.66321659088, 8.07932949066, 25.6031742096, 114.522636414, 170.582641602, 88.135269165, -16.6879997253], [-15.0722312927, -28.8201179504, -21.0142116547, -2.07806873322, -12.3871545792, -34.4899215698, -32.4556655884, -17.9984703064, -7.25124454498, 14.5092592239, 88.135269165, 152.225494385, 88.845085144], [149.790634155, 58.832447052, -45.674041748, 33.0966720581, 8.30459213257, -42.7441368103, -25.6424331665, -13.2652196884, -9.89024066925, -19.5647106171, -16.6879997253, 88.845085144, 186.076461792]],
