{
"lowlevel": {
    "average_loudness": 0.883606612682,
    "barkbands_crest": {
        "dmean": 2.40890693665,
        "dmean2": 3.80800104141,
        "dvar": 6.21461963654,
        "dvar2": 14.5620355606,
        "max": 26.3995914459,
        "mean": 12.2723960876,
        "median": 11.5648326874,
        "min": 2.83203816414,
        "var": 19.3547649384
    },
    "barkbands_flatness_db": {
        "dmean": 0.0404875203967,
        "dmean2": 0.0551248267293,
        "dvar": 0.00219686934724,
        "dvar2": 0.00425451481715,
        "max": 0.756457030773,
        "mean": 0.254957228899,
        "median": 0.248688265681,
        "min": 0.020991532132,
        "var": 0.0101725105196
    },
    "barkbands_kurtosis": {
        "dmean": 7.30893659592,
        "dmean2": 10.906416893,
        "dvar": 353.408721924,
        "dvar2": 716.634338379,
        "max": 616.25177002,
        "mean": 12.4540929794,
        "median": 4.69225072861,
        "min": -1.72335159779,
        "var": 723.423706055
    },
    "barkbands_skewness": {
        "dmean": 0.745099246502,
        "dmean2": 1.09704971313,
        "dvar": 0.967459797859,
        "dvar2": 2.00043773651,
        "max": 21.6274147034,
        "mean": 2.17050790787,
        "median": 1.7474937439,
        "min": -2.90268707275,
        "var": 3.38304519653
    },
    "barkbands_spread": {
        "dmean": 4.07512998581,
        "dmean2": 6.33819150925,
        "dvar": 50.0829772949,
        "dvar2": 114.461669922,
        "max": 117.875022888,
        "mean": 10.3136339188,
        "median": 7.68042945862,
        "min": 0.25910359621,
        "var": 89.1020431519
    },
    "dissonance": {
        "dmean": 0.0387136749923,
        "dmean2": 0.0642337054014,
        "dvar": 0.00130010070279,
        "dvar2": 0.00337724224664,
        "max": 0.500000119209,
        "mean": 0.403230577707,
        "median": 0.412187069654,
        "min": 0.0114014875144,
        "var": 0.00348453433253
    },
    "dynamic_complexity": 4.59763669968,
    "erbbands_crest": {
        "dmean": 2.58616781235,
        "dmean2": 3.99032378197,
        "dvar": 7.33176326752,
        "dvar2": 15.6942882538,
        "max": 32.8097038269,
        "mean": 12.280711174,
        "median": 10.8121194839,
        "min": 2.28426933289,
        "var": 32.7578849792
    },
    "erbbands_flatness_db": {
        "dmean": 0.0342026352882,
        "dmean2": 0.045718640089,
        "dvar": 0.00177791051101,
        "dvar2": 0.00329146743752,
        "max": 0.516618072987,
        "mean": 0.224427565932,
        "median": 0.222827628255,
        "min": 0.0446906723082,
        "var": 0.00745585095137
    },
    "erbbands_kurtosis": {
        "dmean": 2.02939009666,
        "dmean2": 3.0826997757,
        "dvar": 12.0309867859,
        "dvar2": 26.6290397644,
        "max": 79.1835479736,
        "mean": 2.94819355011,
        "median": 1.27038908005,
        "min": -1.87660288811,
        "var": 29.8621120453
    },
    "erbbands_skewness": {
        "dmean": 0.455047041178,
        "dmean2": 0.698000669479,
        "dvar": 0.263950496912,
        "dvar2": 0.617724657059,
        "max": 7.49980735779,
        "mean": 0.994625031948,
        "median": 0.86045563221,
        "min": -3.45619034767,
        "var": 0.906567215919
    },
    "erbbands_spread": {
        "dmean": 8.98872184753,
        "dmean2": 13.7682685852,
        "dvar": 232.981292725,
        "dvar2": 522.443725586,
        "max": 196.786239624,
        "mean": 26.448682785,
        "median": 20.2610626221,
        "min": 1.27382588387,
        "var": 518.022521973
    },
    "hfc": {
        "dmean": 5.40667486191,
        "dmean2": 8.17343330383,
        "dvar": 100.408821106,
        "dvar2": 231.315582275,
        "max": 122.04737854,
        "mean": 12.0470895767,
        "median": 6.19938564301,
        "min": 1.09255676285e-16,
        "var": 205.083602905
    },
    "melbands_crest": {
        "dmean": 2.82564258575,
        "dmean2": 4.39918422699,
        "dvar": 9.86887264252,
        "dvar2": 20.4635620117,
        "max": 37.977016449,
        "mean": 15.5096483231,
        "median": 14.7051200867,
        "min": 1.79548287392,
        "var": 30.0884208679
    },
    "melbands_flatness_db": {
        "dmean": 0.0462367422879,
        "dmean2": 0.0631974413991,
        "dvar": 0.00298977992497,
        "dvar2": 0.00589851988479,
        "max": 0.9493522048,
        "mean": 0.364722162485,
        "median": 0.357325166464,
        "min": 0.00411287648603,
        "var": 0.014767402783
    },
    "melbands_kurtosis": {
        "dmean": 13.2962656021,
        "dmean2": 19.6779594421,
        "dvar": 1917.15393066,
        "dvar2": 3784.31689453,
        "max": 1990.80297852,
        "mean": 22.8240261078,
        "median": 7.6551656723,
        "min": -1.84536957741,
        "var": 3615.2421875
    },
    "melbands_skewness": {
        "dmean": 0.852066934109,
        "dmean2": 1.28604269028,
        "dvar": 1.50136995316,
        "dvar2": 3.07590293884,
        "max": 30.3647537231,
        "mean": 2.68413162231,
        "median": 2.12731838226,
        "min": -2.52308940887,
        "var": 5.06718063354
    },
    "melbands_spread": {
        "dmean": 3.42052865028,
        "dmean2": 5.32437086105,
        "dvar": 43.0958786011,
        "dvar2": 88.8665542603,
        "max": 205.12121582,
        "mean": 10.4216947556,
        "median": 7.07969093323,
        "min": 0.122162491083,
        "var": 147.749450684
    },
    "pitch_salience": {
        "dmean": 0.0717286169529,
        "dmean2": 0.11374475807,
        "dvar": 0.00545070692897,
        "dvar2": 0.0127541087568,
        "max": 0.980051219463,
        "mean": 0.488848358393,
        "median": 0.486680448055,
        "min": 0.0541917718947,
        "var": 0.0144489211962
    },
    "silence_rate_20dB": {
        "dmean": 0,
        "dmean2": 0,
        "dvar": 0,
        "dvar2": 0,
        "max": 1,
        "mean": 1,
        "median": 1,
        "min": 1,
        "var": 0
    },
    "silence_rate_30dB": {
        "dmean": 0.0279105324298,
        "dmean2": 0.0558264032006,
        "dvar": 0.0271336007863,
        "dvar2": 0.0586333833635,
        "max": 1,
        "mean": 0.967217803001,
        "median": 1,
        "min": 0,
        "var": 0.031703799963
    },
    "silence_rate_60dB": {
        "dmean": 0.0370865985751,
        "dmean2": 0.074180290103,
        "dvar": 0.0357097312808,
        "dvar2": 0.0780405625701,
        "max": 1,
        "mean": 0.097486384213,
        "median": 0,
        "min": 0,
        "var": 0.0879851877689
    },
    "spectral_centroid": {
        "dmean": 134.013504028,
        "dmean2": 208.845016479,
        "dvar": 57290.9882812,
        "dvar2": 119235.429688,
        "max": 11616.4785156,
        "mean": 605.228881836,
        "median": 469.897155762,
        "min": 117.305130005,
        "var": 384461.0625
    },
    "spectral_complexity": {
        "dmean": 2.19632959366,
        "dmean2": 3.38954210281,
        "dvar": 11.2995557785,
        "dvar2": 24.3326721191,
        "max": 45,
        "mean": 9.48532962799,
        "median": 9,
        "min": 0,
        "var": 30.7789077759
    },
    "spectral_decrease": {
        "dmean": 3.09735748161e-09,
        "dmean2": 4.8239559014e-09,
        "dvar": 5.20536123714e-17,
        "dvar2": 1.20688033652e-16,
        "max": 1.62920589009e-28,
        "mean": -8.08462630175e-09,
        "median": -5.6722901931e-09,
        "min": -9.34894615057e-08,
        "var": 8.48818466237e-17
    },
    "spectral_energy": {
        "dmean": 0.0121034570038,
        "dmean2": 0.0188154503703,
        "dvar": 0.000767267832998,
        "dvar2": 0.00177817314398,
        "max": 0.356324851513,
        "mean": 0.0316058881581,
        "median": 0.022169617936,
        "min": 1.01736761073e-20,
        "var": 0.00126801698934
    },
    "spectral_energyband_high": {
        "dmean": 0.000168833968928,
        "dmean2": 0.00026480408269,
        "dvar": 1.6599619812e-07,
        "dvar2": 3.91729088278e-07,
        "max": 0.00356353679672,
        "mean": 0.000163449090905,
        "median": 1.50343903442e-05,
        "min": 7.16682045854e-21,
        "var": 1.68209865592e-07
    },
    "spectral_energyband_low": {
        "dmean": 0.0074323611334,
        "dmean2": 0.0117480764166,
        "dvar": 0.000639717909507,
        "dvar2": 0.00149607483763,
        "max": 0.33461278677,
        "mean": 0.0149789666757,
        "median": 0.00932806916535,
        "min": 2.02186043973e-23,
        "var": 0.000798458000645
    },
    "spectral_energyband_middle_high": {
        "dmean": 0.0014206408523,
        "dmean2": 0.00212788698263,
        "dvar": 1.21177035908e-05,
        "dvar2": 2.68089843303e-05,
        "max": 0.0536654628813,
        "mean": 0.00293113803491,
        "median": 0.000639844744001,
        "min": 1.26474774651e-21,
        "var": 2.87700113404e-05
    },
    "spectral_energyband_middle_low": {
        "dmean": 0.00516014266759,
        "dmean2": 0.00816008541733,
        "dvar": 7.47584854253e-05,
        "dvar2": 0.000177088368218,
        "max": 0.146877720952,
        "mean": 0.0146508011967,
        "median": 0.00914805755019,
        "min": 1.34885079508e-22,
        "var": 0.000240653578658
    },
    "spectral_entropy": {
        "dmean": 0.370049238205,
        "dmean2": 0.52375793457,
        "dvar": 0.200349867344,
        "dvar2": 0.40579867363,
        "max": 9.8291311264,
        "mean": 6.44945859909,
        "median": 6.37917613983,
        "min": 3.8013792038,
        "var": 0.704985022545
    },
    "spectral_flux": {
        "dmean": 0.0356314964592,
        "dmean2": 0.0562715418637,
        "dvar": 0.00283849053085,
        "dvar2": 0.0063917520456,
        "max": 0.533557474613,
        "mean": 0.0664541870356,
        "median": 0.0468887686729,
        "min": 6.3216896995e-11,
        "var": 0.00424267305061
    },
    "spectral_kurtosis": {
        "dmean": 15.2441692352,
        "dmean2": 23.8131809235,
        "dvar": 1414.90246582,
        "dvar2": 3859.89282227,
        "max": 1195.68945312,
        "mean": 31.1415843964,
        "median": 13.8712253571,
        "min": -1.25692999363,
        "var": 4672.43310547
    },
    "spectral_rms": {
        "dmean": 0.000926451408304,
        "dmean2": 0.00138745561708,
        "dvar": 2.37838412431e-06,
        "dvar2": 4.89064586873e-06,
        "max": 0.018644945696,
        "mean": 0.00487030763179,
        "median": 0.00465068779886,
        "min": 3.15048226222e-12,
        "var": 7.11503662387e-06
    },
    "spectral_rolloff": {
        "dmean": 235.13381958,
        "dmean2": 412.688232422,
        "dvar": 692955.9375,
        "dvar2": 1783363.25,
        "max": 19444.4824219,
        "mean": 684.076599121,
        "median": 430.6640625,
        "min": 43.06640625,
        "var": 1756380.75
    },
    "spectral_skewness": {
        "dmean": 0.927210509777,
        "dmean2": 1.40490782261,
        "dvar": 1.48459863663,
        "dvar2": 3.40967679024,
        "max": 28.2002925873,
        "mean": 3.6130695343,
        "median": 2.95509195328,
        "min": -0.0712487176061,
        "var": 6.77091693878
    },
    "spectral_spread": {
        "dmean": 1199741.625,
        "dmean2": 1715290.875,
        "dvar": 3.10563884237e+12,
        "dvar2": 6.27205839258e+12,
        "max": 42347808,
        "mean": 3948187.75,
        "median": 2851566,
        "min": 92498.1953125,
        "var": 1.13526723052e+13
    },
    "spectral_strongpeak": {
        "dmean": 0.367894798517,
        "dmean2": 0.612903475761,
        "dvar": 0.565551936626,
        "dvar2": 1.18944513798,
        "max": 10.0983371735,
        "mean": 0.905127167702,
        "median": 0.357959240675,
        "min": 0,
        "var": 1.55686366558
    },
    "zerocrossingrate": {
        "dmean": 0.00903913006186,
        "dmean2": 0.0106163015589,
        "dvar": 0.00018929480575,
        "dvar2": 0.000243366885115,
        "max": 0.53564453125,
        "mean": 0.0331497825682,
        "median": 0.025390625,
        "min": 0.00146484375,
        "var": 0.00147781788837
    },
    "barkbands": {
        "dmean": [0.00071770552313, 0.00594440614805, 0.00169066386297, 0.000957644777372, 0.00210337247699, 0.00138832023367, 0.000519079389051, 0.000776367087383, 0.000687295163516, 0.000534791033715, 0.000344513304299, 0.000193755040527, 0.000135698792292, 0.000105200342659, 0.000150064661284, 0.000221771158976, 0.000168162994669, 5.21535621374e-05, 3.39068610629e-05, 2.63694637397e-05, 1.06611969386e-05, 1.28346246129e-05, 2.54612277786e-05, 3.07465234073e-05, 2.5215849746e-05, 4.55056433566e-05, 2.14233168663e-05],
        "dmean2": [0.000986021826975, 0.00948491878808, 0.00290257181041, 0.00162064027973, 0.00338671449572, 0.00226773903705, 0.000862965476699, 0.00115209037904, 0.00103189842775, 0.000805114163086, 0.000488081539515, 0.00030461687129, 0.000200418406166, 0.000158981158165, 0.000250229903031, 0.000373750110157, 0.00027295993641, 8.52966695675e-05, 5.47066774743e-05, 4.51025880466e-05, 1.82671919902e-05, 2.14326191781e-05, 4.14335736423e-05, 5.12899350724e-05, 4.22136072302e-05, 6.89448206685e-05, 3.54928670276e-05],
        "dvar": [9.46729051066e-06, 0.000462875061203, 2.74500016531e-05, 4.22320317739e-06, 1.65165365615e-05, 1.34696829264e-05, 2.2397828161e-06, 4.80338303532e-06, 8.60184718476e-06, 5.39797611054e-06, 2.17659612645e-06, 5.71595194288e-07, 4.02355652795e-07, 1.01175764655e-07, 3.18078292594e-07, 5.9023278709e-07, 3.64662668062e-07, 4.85794942051e-08, 1.78582961752e-08, 1.08575131108e-08, 1.03263442242e-09, 1.53888002341e-09, 4.0597587514e-09, 6.40827080289e-09, 3.87935061852e-09, 1.44653560241e-08, 6.36272057264e-09],
        "dvar2": [1.43939905684e-05, 0.0011293401476, 7.71755803726e-05, 1.15428829304e-05, 4.29759420513e-05, 3.40256665368e-05, 5.16401496498e-06, 9.91042270471e-06, 1.85666340258e-05, 9.6550957096e-06, 4.19638308813e-06, 1.3397333305e-06, 8.1201926605e-07, 2.14233665474e-07, 8.49790126267e-07, 1.54175450007e-06, 8.71215036113e-07, 1.17093200913e-07, 4.11719760507e-08, 2.87354460227e-08, 2.79582468288e-09, 3.98717681094e-09, 1.05977067122e-08, 1.67593423583e-08, 9.68150093428e-09, 3.2715675502e-08, 1.55424846326e-08],
        "max": [0.0418866463006, 0.305509448051, 0.079782217741, 0.0302204750478, 0.0815865844488, 0.080732896924, 0.0481199920177, 0.0616623573005, 0.13930220902, 0.0662661120296, 0.0374499894679, 0.0226462874562, 0.0231901984662, 0.00879428349435, 0.0104836700484, 0.0130065744743, 0.0224246308208, 0.00485458830371, 0.00442251795903, 0.00290531455539, 0.00034733931534, 0.000519835739397, 0.0005322372308, 0.000635890988633, 0.00105142954271, 0.00117489695549, 0.000877072627191],
        "mean": [0.000866717891768, 0.0102617191151, 0.00326851964928, 0.00143912457861, 0.00456424569711, 0.00328715704381, 0.00100767519325, 0.00176921125967, 0.00146028667223, 0.00137945765164, 0.000666166306473, 0.000304283254081, 0.000204887197469, 0.000182770876563, 0.000180730130523, 0.000229175988352, 0.000240883746301, 6.5579864895e-05, 4.5846318244e-05, 2.67107825493e-05, 1.08015701699e-05, 1.18868592835e-05, 2.45669434662e-05, 2.68814583251e-05, 2.17839897232e-05, 4.30559593951e-05, 1.57238846441e-05],
        "median": [6.04556225881e-05, 0.00599951436743, 0.00168800540268, 0.000600725819822, 0.00233714003116, 0.000886163674295, 0.00021512323292, 0.000238731765421, 0.000166539364727, 0.000131659457111, 6.32248775219e-05, 3.39465041179e-05, 2.02626215469e-05, 2.17763954424e-05, 1.48799690578e-05, 1.28360397866e-05, 1.3652558664e-05, 4.70810255138e-06, 3.39632856594e-06, 2.2250087568e-06, 1.09497034373e-06, 7.30088515866e-07, 1.62361686762e-06, 1.00357863175e-06, 9.96955805022e-07, 1.01684588572e-06, 3.07230223484e-08],
        "min": [6.50587196386e-25, 5.57478219844e-24, 1.79533934634e-24, 2.78598692681e-24, 1.35443252241e-23, 1.33293953373e-23, 1.14099208389e-23, 1.17803044445e-23, 1.09343954852e-23, 2.49906796039e-23, 1.13573708697e-23, 2.43390883848e-23, 3.2786958798e-23, 5.73955441562e-23, 4.81044287669e-23, 8.68893999499e-23, 4.96395583993e-23, 1.17345924794e-22, 1.45900998246e-22, 2.00705045976e-22, 3.18413922517e-22, 3.47728978254e-22, 3.63597956659e-22, 6.77324858952e-22, 9.03066153871e-22, 1.54917721306e-21, 1.90308409554e-21],
        "var": [1.61614043463e-05, 0.000509902019985, 2.53738908214e-05, 5.04087256559e-06, 4.75965935038e-05, 4.60935225419e-05, 5.66836433791e-06, 1.91182061826e-05, 2.5206409191e-05, 2.40942936216e-05, 6.0211195887e-06, 1.00831005057e-06, 7.17178181731e-07, 2.66415526085e-07, 3.25739222262e-07, 6.10144695656e-07, 5.92892774876e-07, 6.8764897776e-08, 3.04099891935e-08, 1.00998924779e-08, 9.44192279917e-10, 1.43519496287e-09, 3.58445562121e-09, 5.3155506663e-09, 3.40983175029e-09, 1.53857762086e-08, 5.20911180857e-09]
    },
    "erbbands": {
        "dmean": [0.225702807307, 1.21632421017, 2.00088405609, 2.56858301163, 5.43701219559, 7.0996260643, 10.2811632156, 11.0975217819, 6.83126211166, 13.9979028702, 13.5017385483, 17.0564804077, 21.1784152985, 6.36123371124, 16.3643264771, 8.45121765137, 6.93800830841, 5.62845087051, 4.87473917007, 13.0308485031, 10.7218751907, 7.37156057358, 3.74151992798, 1.24925410748, 2.1682343483, 1.23122406006, 0.578196465969, 0.373184740543, 0.492429167032, 0.539787113667, 0.71766358614, 0.823525846004, 0.345155954361, 0.306323617697, 0.189017802477, 0.307076066732, 0.0442718230188, 0.0113805625588, 0.00332089886069, 0.000317600060953],
        "dmean2": [0.332438111305, 2.10745048523, 3.47700619698, 4.36413574219, 9.06778717041, 11.4127397537, 16.2219085693, 18.3563346863, 10.8634986877, 22.3656311035, 19.6490974426, 25.2989559174, 31.7901973724, 9.90377235413, 23.1773929596, 12.6179437637, 10.0820531845, 8.30916881561, 7.90561199188, 21.8601303101, 17.9211177826, 12.1110544205, 6.040184021, 2.04667401314, 3.53548884392, 2.08154463768, 1.00992429256, 0.628903865814, 0.828559815884, 0.927190303802, 1.12766814232, 1.33590257168, 0.58596944809, 0.535022199154, 0.298049598932, 0.472126156092, 0.0659762471914, 0.0182931125164, 0.00547223445028, 0.00053318956634],
        "dvar": [0.811615407467, 20.2814693451, 41.3688926697, 42.2930793762, 139.278991699, 222.63269043, 476.111877441, 1109.31445312, 429.661865234, 1840.98620605, 1616.15527344, 5392.359375, 9348.47851562, 607.514099121, 5429.13720703, 1055.71057129, 1058.58081055, 282.177825928, 327.865814209, 1816.92260742, 1278.86376953, 596.576843262, 190.926269531, 14.3680839539, 80.3018417358, 21.6295127869, 3.74537396431, 1.00987386703, 2.5482852459, 2.16011023521, 2.93070578575, 4.33730459213, 0.784114897251, 0.664485692978, 0.256196826696, 0.722613275051, 0.0128463292494, 0.00126331392676, 0.000145382116898, 1.51115659719e-06],
        "dvar2": [1.55676138401, 57.5757637024, 118.007743835, 116.339317322, 394.498748779, 539.389953613, 1112.6427002, 2922.73388672, 890.56628418, 4159.81689453, 3172.87207031, 11672.0507812, 17446.9492188, 1290.14123535, 10487.7851562, 2327.24145508, 2119.30541992, 594.228149414, 815.357543945, 4888.46191406, 3351.1262207, 1467.01074219, 454.531738281, 36.5938949585, 190.613189697, 57.4828338623, 10.4801883698, 2.65233564377, 6.67984819412, 5.85896158218, 7.33041477203, 11.0613603592, 2.06188154221, 1.76170420647, 0.62324732542, 1.66464030743, 0.0280277635902, 0.00292459898628, 0.000354851741577, 3.81241966352e-06],
        "max": [11.9466495514, 61.232334137, 85.2991790771, 96.6181182861, 283.701507568, 367.21270752, 457.049682617, 910.814025879, 720.024597168, 1185.06433105, 1122.49462891, 4074.95043945, 2750.21142578, 1547.58947754, 1836.24182129, 1143.91210938, 1176.1340332, 444.965087891, 578.211242676, 694.337097168, 919.248474121, 696.962219238, 284.513000488, 60.6602478027, 292.560546875, 141.280960083, 26.358833313, 10.1471071243, 17.9698505402, 18.1957530975, 14.7892313004, 16.1497821808, 10.7813873291, 15.3554935455, 14.2479457855, 8.89159202576, 1.03139436245, 0.368482410908, 0.132608920336, 0.0134467221797],
        "mean": [0.35461756587, 2.04395627975, 3.9313492775, 4.36827611923, 9.55317878723, 15.6103744507, 22.5063838959, 26.3288440704, 18.2726974487, 28.5162296295, 32.0024681091, 38.9226799011, 54.6322021484, 13.2667274475, 32.6108093262, 15.2925682068, 11.0669260025, 9.99490356445, 7.01875829697, 14.2588291168, 12.4778852463, 10.1548776627, 5.13537454605, 1.60903716087, 2.82608366013, 1.35980939865, 0.548147261143, 0.39159142971, 0.452150851488, 0.465993881226, 0.722515106201, 0.751829087734, 0.302086353302, 0.241943612695, 0.171332731843, 0.288286060095, 0.0430563129485, 0.00920492224395, 0.00248170061968, 0.000250649201917],
        "median": [0.126824185252, 1.41454100609, 2.39776444435, 2.00683641434, 4.07139110565, 7.47707557678, 8.08654022217, 6.86194229126, 4.39813518524, 5.15877389908, 5.73663663864, 5.78890275955, 5.21306276321, 2.83824253082, 3.71490955353, 2.30480766296, 1.58230924606, 1.41311788559, 1.0697991848, 1.2094373703, 0.944464623928, 0.702157735825, 0.415965646505, 0.205857366323, 0.181279301643, 0.114325784147, 0.0557008832693, 0.0421594567597, 0.0297738201916, 0.0241713095456, 0.0505108237267, 0.035992205143, 0.0111023848876, 0.00988604128361, 0.0067155812867, 0.00702279573306, 0.00106337841135, 7.95992527856e-05, 2.90088737529e-05, 3.37742421834e-05],
        "min": [1.58586638908e-22, 1.04645859968e-21, 5.68255147807e-21, 1.23361443328e-20, 1.57150083062e-20, 4.82790588424e-20, 2.7128580492e-20, 1.50763062893e-19, 2.29714311659e-19, 1.20245966102e-19, 3.5805040142e-19, 2.9366772902e-19, 5.70064392139e-19, 1.45650468906e-18, 7.54509797211e-19, 1.19325301155e-18, 2.05180475903e-18, 3.34967926427e-18, 3.04057551784e-18, 3.99387780595e-18, 5.01228024225e-18, 4.21243794894e-18, 5.58722825703e-18, 6.71948755515e-18, 7.63965898499e-18, 9.51002436499e-18, 1.23434595886e-17, 1.26949914966e-17, 1.12477505066e-17, 1.42279201262e-17, 1.04699798736e-17, 1.01877450214e-17, 1.2497747798e-17, 8.88306695561e-18, 6.61761157732e-18, 5.04997155404e-18, 2.68644481515e-18, 9.32981355597e-19, 2.6525234307e-19, 2.91293009804e-20],
        "var": [1.1761238575, 14.7673301697, 32.7669029236, 42.9953346252, 276.467285156, 693.028747559, 1602.90600586, 3561.32617188, 1901.64001465, 5529.92431641, 6935.78222656, 15208.4580078, 38436.8828125, 1662.71240234, 15027.7080078, 2230.83886719, 1904.49865723, 747.45715332, 476.089782715, 1621.18261719, 1356.97106934, 865.222595215, 280.166748047, 16.9498176575, 125.809806824, 20.4707489014, 2.87613844872, 1.05201947689, 2.19208168983, 1.81606423855, 2.92345356941, 3.90658593178, 0.672876596451, 0.499406337738, 0.242799147964, 0.749975681305, 0.0142540391535, 0.00116185355, 0.000119695090689, 1.16656428872e-06]
    },
    "gfcc": {
        "mean": [-104.045623779, 150.997268677, -74.5418777466, 2.33323407173, -38.8229637146, 5.95361948013, -35.1128692627, 7.32372617722, -15.9151134491, -4.53873538971, -12.5669879913, -1.08428704739, -5.94245004654],
        "cov": [[18565.0507812, -2107.05786133, -1435.48376465, 543.952697754, -87.2429504395, 661.896118164, -235.673126221, 730.455749512, -84.2083587646, 295.165649414, -175.170410156, 362.883239746, -184.866638184], [-2107.05786133, 4152.53955078, -812.766845703, -348.964691162, 1023.79437256, -762.653930664, 417.891998291, -156.464401245, 220.459182739, -295.539428711, 373.488311768, -363.30670166, 342.678894043], [-1435.48376465, -812.766845703, 2769.99072266, 237.981552124, -382.528686523, 670.609375, -165.35295105, -25.8352909088, 47.4612197876, 183.677337646, -148.20262146, 230.177886963, -130.672058105], [543.952697754, -348.964691162, 237.981552124, 565.395263672, -17.4856472015, 170.389404297, 137.246307373, 30.3472537994, 37.4921722412, 45.2552566528, 9.62860488892, -2.82495498657, 7.31971883774], [-87.2429504395, 1023.79437256, -382.528686523, -17.4856472015, 624.723022461, -239.022506714, 187.966827393, 70.0718688965, 94.7791976929, -42.8778686523, 121.82093811, -70.9002609253, 98.2757568359], [661.896118164, -762.653930664, 670.609375, 170.389404297, -239.022506714, 513.167358398, -88.7200393677, 50.8908195496, -6.98620176315, 86.2853851318, -87.71118927, 129.674438477, -92.1664352417], [-235.673126221, 417.891998291, -165.35295105, 137.246307373, 187.966827393, -88.7200393677, 308.671051025, -3.34202265739, 54.0798912048, -28.2853240967, 86.8758544922, -66.7652130127, 78.0728759766], [730.455749512, -156.464401245, -25.8352909088, 30.3472537994, 70.0718688965, 50.8908195496, -3.34202265739, 213.402618408, 12.1961708069, 44.9480285645, -12.0073308945, 59.9076423645, -21.9151821136], [-84.2083587646, 220.459182739, 47.4612197876, 37.4921722412, 94.7791976929, -6.98620176315, 54.0798912048, 12.1961708069, 150.715621948, 9.90847492218, 44.3981781006, -24.4833908081, 38.3639755249], [295.165649414, -295.539428711, 183.677337646, 45.2552566528, -42.8778686523, 86.2853851318, -28.2853240967, 44.9480285645, 9.90847492218, 155.832229614, -14.9779424667, 32.706413269, -57.3878669739], [-175.170410156, 373.488311768, -148.20262146, 9.62860488892, 121.82093811, -87.71118927, 86.8758544922, -12.0073308945, 44.3981781006, -14.9779424667, 182.271438599, 0.00462346151471, 46.4604606628], [362.883239746, -363.30670166, 230.177886963, -2.82495498657, -70.9002609253, 129.674438477, -66.7652130127, 59.9076423645, -24.4833908081, 32.706413269, 0.00462346151471, 170.163116455, -0.45775616169], [-184.866638184, 342.678894043, -130.672058105, 7.31971883774, 98.2757568359, -92.1664352417, 78.0728759766, -21.9151821136, 38.3639755249, -57.3878669739, 46.4604606628, -0.45775616169, 152.191070557]],
        "icov": [[7.99148692749e-05, -6.89893386152e-06, 0.000101265140984, -8.78419159562e-05, -5.95508481638e-06, -0.00012977993174, 7.12316250429e-05, -0.000159337578225, -8.82177300809e-06, -8.90730443643e-05, 6.52738963254e-05, -0.000127230465296, 1.78707032319e-05], [-6.89893386152e-06, 0.000798281922471, -0.000203694042284, 0.000512796512339, -0.000871473865118, 0.000115563350846, -3.92051406379e-05, 0.000123552672449, -1.5592584532e-05, 0.000592646887526, -0.000907116744202, 0.00137472443748, -0.000826282077469], [0.000101265140984, -0.000203694042284, 0.000778901041485, -0.00031252700137, 0.000203515097382, -0.000724523619283, 9.9877906905e-05, 0.000272794248303, -0.000457264308352, -0.000543644884601, 0.000614297343418, -0.00108980911318, 0.000402770558139], [-8.78419159562e-05, 0.000512796512339, -0.00031252700137, 0.00292671960779, -0.000331569608534, -0.000834194768686, -0.00141411938239, -0.000132412751555, 4.18796953454e-05, -1.29114314404e-05, -0.00081026222324, 0.00174863252323, -0.00101795652881], [-5.95508481638e-06, -0.000871473865118, 0.000203515097382, -0.000331569608534, 0.0037439847365, 0.00071198301157, -0.000924736319575, -0.00148283015005, -0.000876747944858, -0.00045815447811, 0.000220890899072, -0.000989148276858, 0.000397930212785], [-0.00012977993174, 0.000115563350846, -0.000724523619283, -0.000834194768686, 0.00071198301157, 0.00469607766718, -0.000254735990893, -7.48219372326e-06, -0.000954996387009, 0.000277970248135, 0.000847380899359, -0.00207621371374, 0.00159458443522], [7.12316250429e-05, -3.92051406379e-05, 9.9877906905e-05, -0.00141411938239, -0.000924736319575, -0.000254735990893, 0.00578653439879, -0.000395883311285, 0.000186239078175, -0.000102748868812, -0.00156459200662, 0.00186600559391, -0.0018564586062], [-0.000159337578225, 0.000123552672449, 0.000272794248303, -0.000132412751555, -0.00148283015005, -7.48219372326e-06, -0.000395883311285, 0.00718124769628, -0.0010054204613, -0.000934286683332, 0.00126665167045, -0.00302449171431, 0.00146437622607], [-8.82177300809e-06, -1.5592584532e-05, -0.000457264308352, 4.18796953454e-05, -0.000876747944858, -0.000954996387009, 0.000186239078175, -0.0010054204613, 0.00918062683195, -0.00130644044839, -0.00200703972951, 0.00295878574252, -0.00280799856409], [-8.90730443643e-05, 0.000592646887526, -0.000543644884601, -1.29114314404e-05, -0.00045815447811, 0.000277970248135, -0.000102748868812, -0.000934286683332, -0.00130644044839, 0.00924019236118, -0.00088864605641, 0.000119250398711, 0.00255882018246], [6.52738963254e-05, -0.000907116744202, 0.000614297343418, -0.00081026222324, 0.000220890899072, 0.000847380899359, -0.00156459200662, 0.00126665167045, -0.00200703972951, -0.00088864605641, 0.00909214746207, -0.00464827101678, 0.00142498151399], [-0.000127230465296, 0.00137472443748, -0.00108980911318, 0.00174863252323, -0.000989148276858, -0.00207621371374, 0.00186600559391, -0.00302449171431, 0.00295878574252, 0.000119250398711, -0.00464827101678, 0.0139414267614, -0.00552106043324], [1.78707032319e-05, -0.000826282077469, 0.000402770558139, -0.00101795652881, 0.000397930212785, 0.00159458443522, -0.0018564586062, 0.00146437622607, -0.00280799856409, 0.00255882018246, 0.00142498151399, -0.00552106043324, 0.0119406823069]]
    },
    "melbands": {
        "dmean": [0.00176734058186, 0.00122295122128, 0.000514296116307, 0.000436778413132, 0.00036372433533, 0.000252049270784, 0.000102813639387, 0.000160525101819, 0.000110960070742, 0.00010469830886, 0.000103793230664, 2.41172037931e-05, 4.70270388178e-05, 3.00251158478e-05, 2.02997889573e-05, 1.07367541204e-05, 1.1290348084e-05, 7.23908851796e-06, 1.1437541616e-05, 2.00702397706e-05, 1.19638289107e-05, 8.59687679622e-06, 5.92836022406e-06, 1.88656451883e-06, 8.62597687501e-07, 1.36770790959e-06, 1.52017980781e-06, 6.8685807264e-07, 4.14739957932e-07, 2.20681855012e-07, 2.22516931103e-07, 2.89317426905e-07, 2.31341616086e-07, 3.83959132932e-07, 4.37224514371e-07, 4.87954480377e-07, 5.1545430324e-07, 2.68554089189e-07, 1.75616776232e-07, 2.98731151815e-07],
        "dmean2": [0.00270539172925, 0.00213094521314, 0.000865948211867, 0.000721716380212, 0.000566738599446, 0.000413619505707, 0.000165207689861, 0.000252564233961, 0.000160127019626, 0.000157205708092, 0.000156314898049, 3.88098560506e-05, 6.70682129567e-05, 4.38570132246e-05, 3.0138386137e-05, 1.57613703777e-05, 1.67118269019e-05, 1.18016787383e-05, 1.91853596334e-05, 3.31515657308e-05, 2.00944450626e-05, 1.41261098179e-05, 9.53987091634e-06, 3.11587905344e-06, 1.42762485211e-06, 2.23645974984e-06, 2.50601055996e-06, 1.1727781839e-06, 7.41791780001e-07, 3.73577876189e-07, 3.75525758045e-07, 4.95148583468e-07, 3.74749646426e-07, 6.81770131905e-07, 7.27859969629e-07, 7.40497171137e-07, 8.73225815212e-07, 4.65155778784e-07, 3.02400053442e-07, 5.25955556441e-07],
        "dvar": [4.47561214969e-05, 1.7199496142e-05, 1.33502896915e-06, 8.19786407646e-07, 5.30398608589e-07, 5.13527368184e-07, 9.28930177224e-08, 2.41873266305e-07, 1.11399501179e-07, 2.2930744592e-07, 2.28448371331e-07, 1.09152633598e-08, 3.98128428003e-08, 1.23837269328e-08, 6.57995213871e-09, 2.08138550839e-09, 1.28357846574e-09, 6.87822021561e-10, 1.68954294999e-09, 4.06499944816e-09, 1.855221754e-09, 9.99840543692e-10, 4.94301211074e-10, 4.56276440242e-11, 7.41773569651e-12, 3.68849603638e-11, 4.26427157474e-11, 7.0384154234e-12, 2.26199571227e-12, 3.71752812995e-13, 3.41743533428e-13, 9.47137659101e-13, 4.67573787848e-13, 1.36697630212e-12, 1.33517264085e-12, 1.15367936558e-12, 2.0097456685e-12, 5.48046417276e-13, 2.27925669874e-13, 6.76309485845e-13],
        "dvar2": [9.73689748207e-05, 4.92310318805e-05, 3.66289896192e-06, 2.32443335335e-06, 1.20822062399e-06, 1.32457751079e-06, 1.95606759235e-07, 5.38510107617e-07, 2.20681542373e-07, 5.06930177835e-07, 4.24849673664e-07, 2.34993553505e-08, 7.76908279931e-08, 2.55347210043e-08, 1.35017739211e-08, 4.3152401652e-09, 2.65441957303e-09, 1.6995035379e-09, 4.56231052937e-09, 1.03034869525e-08, 4.77216621775e-09, 2.43155895419e-09, 1.18064991117e-09, 1.10717081336e-10, 1.89717234977e-11, 8.32235461101e-11, 1.06633805952e-10, 1.88383579569e-11, 6.41958231365e-12, 9.86723181461e-13, 8.92870629862e-13, 2.54592310775e-12, 1.14177937938e-12, 3.84567638151e-12, 3.54447894646e-12, 2.50799121054e-12, 5.35142936908e-12, 1.48848414063e-12, 6.05902752016e-13, 1.79948753381e-12],
        "max": [0.0909560024738, 0.0536908358335, 0.0163352005184, 0.0187948290259, 0.0154960388318, 0.0182475484908, 0.0109710581601, 0.0146860796958, 0.00843003019691, 0.0275200959295, 0.0135924592614, 0.00677634263411, 0.00496758148074, 0.00236569275148, 0.0021689904388, 0.00157905963715, 0.00102479022462, 0.000820755900349, 0.000711397733539, 0.00123019341845, 0.00124022830278, 0.00109632464591, 0.000477341207443, 0.000143663870404, 5.61283923162e-05, 0.000271937053185, 0.000158222785103, 7.19953895896e-05, 1.89817292267e-05, 1.14952381409e-05, 6.05737022852e-06, 1.17721692732e-05, 1.30535327116e-05, 1.02677731775e-05, 1.05676117528e-05, 9.23295283428e-06, 1.16851906569e-05, 8.53262463352e-06, 5.29323096998e-06, 1.86147353816e-05],
        "mean": [0.00300790509209, 0.00233517610468, 0.000925425381865, 0.000895793316886, 0.0008252968546, 0.000609795795754, 0.000253919133684, 0.000335913646268, 0.000266613555141, 0.000230405799812, 0.000264916743618, 4.40909352619e-05, 9.1475660156e-05, 5.72977878619e-05, 3.25369765051e-05, 1.60920626513e-05, 1.99947953661e-05, 1.05258968688e-05, 1.27913317556e-05, 2.23544375331e-05, 1.40496358654e-05, 1.17112558655e-05, 8.10003621154e-06, 2.32604543271e-06, 1.05797494143e-06, 1.73142439053e-06, 1.87725277101e-06, 6.92168271144e-07, 3.56451579364e-07, 2.37613647869e-07, 2.22250918114e-07, 2.56901927287e-07, 2.20185398803e-07, 3.01190908658e-07, 3.87397079749e-07, 5.54592872959e-07, 4.14092056644e-07, 2.28405099278e-07, 1.48746892137e-07, 2.29078850111e-07],
        "median": [0.00147310830653, 0.00167451496236, 0.00047351064859, 0.000454939901829, 0.000321065890603, 0.000153425164171, 5.23104135937e-05, 4.98181034345e-05, 4.46151898359e-05, 3.02158878185e-05, 2.10732796404e-05, 7.67450637795e-06, 9.62722879194e-06, 6.04034357821e-06, 4.06255639973e-06, 1.68095812114e-06, 2.10997359318e-06, 1.49860250076e-06, 1.10063740522e-06, 1.2979588746e-06, 8.65987999532e-07, 6.80927314534e-07, 4.02498272933e-07, 2.13306947217e-07, 1.17469646455e-07, 1.18583635356e-07, 1.07550548023e-07, 5.38896145486e-08, 2.629302287e-08, 2.46081892641e-08, 2.14292725786e-08, 1.66246039157e-08, 1.07705933061e-08, 1.2560816387e-08, 2.62853774302e-08, 3.32870939701e-08, 1.42618707955e-08, 7.20854265168e-09, 5.13122211387e-09, 9.4020240482e-09],
        "min": [2.59934302828e-24, 3.15666418592e-24, 2.90803179467e-24, 1.18583070109e-24, 1.7434429484e-24, 3.19372132137e-24, 3.81238883895e-24, 1.22422032122e-24, 2.89147873187e-24, 1.66453693914e-24, 2.39300955599e-24, 6.36367505253e-24, 2.04082950738e-24, 4.03025210502e-24, 3.77687865973e-24, 3.47425741699e-24, 6.13433819903e-24, 5.07124715505e-24, 4.99190115862e-24, 5.29146911522e-24, 5.34062737696e-24, 2.78353041395e-24, 3.49454060859e-24, 6.02958180955e-24, 4.65652719995e-24, 4.8432024557e-24, 4.03505114034e-24, 5.35215973453e-24, 6.35713855107e-24, 5.46129666862e-24, 7.02660338614e-24, 6.07716550492e-24, 6.27292173298e-24, 6.7902007055e-24, 4.87496120689e-24, 6.51253941623e-24, 5.76112968249e-24, 7.06677533887e-24, 7.29879431946e-24, 6.54096996326e-24],
        "var": [5.86482528888e-05, 1.23202962641e-05, 1.69810550688e-06, 1.96805694941e-06, 1.83232691597e-06, 1.73728631125e-06, 3.77107397753e-07, 7.90039621279e-07, 4.88422301714e-07, 5.94223081407e-07, 9.44885471199e-07, 2.83875696283e-08, 1.09707457341e-07, 3.04792351358e-08, 1.25789059169e-08, 3.65418095782e-09, 3.50628148738e-09, 1.03480213287e-09, 1.58131585604e-09, 4.80516648693e-09, 2.24621898859e-09, 1.49019219187e-09, 7.31386229358e-10, 5.72620492689e-11, 8.83400991247e-12, 6.46278378036e-11, 5.25571530741e-11, 6.17414105952e-12, 1.59345919706e-12, 4.61961252671e-13, 3.26492115678e-13, 7.52511334495e-13, 5.02657160686e-13, 9.45415946051e-13, 1.07249181324e-12, 1.58352660411e-12, 1.53039993872e-12, 4.29543011403e-13, 1.8240317839e-13, 4.97377800838e-13]
    },
    "mfcc": {
        "mean": [-760.137756348, 188.091293335, 26.3292045593, 12.6469116211, 17.3384933472, 0.858338356018, -3.00783014297, 6.79501867294, 0.468358874321, 3.95115590096, -6.5337305069, 1.14262092113, 0.63298612833],
        "cov": [[10283.7412109, -471.973480225, -1559.15612793, -60.0429840088, 4.48768854141, -203.236785889, 42.23960495, 214.036895752, 35.1399002075, 134.321151733, -90.1962203979, 118.961624146, 176.657226562], [-471.973480225, 3083.53662109, -696.345825195, 177.022949219, 313.103942871, -224.731689453, 89.3611831665, -11.9285898209, 35.4927711487, 59.7190895081, -39.8794441223, -17.4003257751, 60.5320205688], [-1559.15612793, -696.345825195, 2332.65332031, -10.2544498444, 51.9527931213, 484.254577637, -58.2194480896, 56.8568916321, 16.0835533142, 27.9310054779, 115.57598877, 1.50433397293, -101.866073608], [-60.0429840088, 177.022949219, -10.2544498444, 478.63067627, 80.2710571289, 18.0011634827, 145.845993042, 20.81798172, 80.9967346191, 47.3563117981, 43.9787635803, 34.2402000427, 61.7732429504], [4.48768854141, 313.103942871, 51.9527931213, 80.2710571289, 265.291412354, 29.9556045532, -2.67362976074, 63.6458854675, 25.6421775818, 36.4039802551, 2.215239048, 24.6800899506, 38.1229057312], [-203.236785889, -224.731689453, 484.254577637, 18.0011634827, 29.9556045532, 283.5340271, 39.2993354797, 18.1210479736, 41.6583061218, 14.0197944641, 43.9234390259, 30.5426216125, -26.0668487549], [42.23960495, 89.3611831665, -58.2194480896, 145.845993042, -2.67362976074, 39.2993354797, 176.469909668, 49.9987792969, 25.9838275909, 18.0447216034, 27.7581367493, 18.7485656738, 33.5390548706], [214.036895752, -11.9285898209, 56.8568916321, 20.81798172, 63.6458854675, 18.1210479736, 49.9987792969, 166.857559204, 34.075553894, 3.04523062706, -7.87940979004, 12.4162445068, 14.6556930542], [35.1399002075, 35.4927711487, 16.0835533142, 80.9967346191, 25.6421775818, 41.6583061218, 25.9838275909, 34.075553894, 135.942474365, 45.5927352905, -2.86728715897, 1.98169827461, 6.41413068771], [134.321151733, 59.7190895081, 27.9310054779, 47.3563117981, 36.4039802551, 14.0197944641, 18.0447216034, 3.04523062706, 45.5927352905, 125.038116455, 31.5523796082, 21.6222133636, 13.6496429443], [-90.1962203979, -39.8794441223, 115.57598877, 43.9787635803, 2.215239048, 43.9234390259, 27.7581367493, -7.87940979004, -2.86728715897, 31.5523796082, 119.48374176, 49.672958374, -0.078313075006], [118.961624146, -17.4003257751, 1.50433397293, 34.2402000427, 24.6800899506, 30.5426216125, 18.7485656738, 12.4162445068, 1.98169827461, 21.6222133636, 49.672958374, 113.305847168, 55.4065551758], [176.657226562, 60.5320205688, -101.866073608, 61.7732429504, 38.1229057312, -26.0668487549, 33.5390548706, 14.6556930542, 6.41413068771, 13.6496429443, -0.078313075006, 55.4065551758, 137.506027222]],
