{
"lowlevel": {
    "average_loudness": 0.0346381142735,
    "barkbands_crest": {
        "dmean": 1.78748178482,
        "dmean2": 2.79045915604,
        "dvar": 3.68248605728,
        "dvar2": 9.03437328339,
        "max": 26.4361553192,
        "mean": 10.3443698883,
        "median": 9.4973859787,
        "min": 2.14573311806,
        "var": 19.2459945679
    },
    "barkbands_flatness_db": {
        "dmean": 0.0195411276072,
        "dmean2": 0.0285058841109,
        "dvar": 0.000528042379301,
        "dvar2": 0.00105402176268,
        "max": 0.438400328159,
        "mean": 0.174233883619,
        "median": 0.160025924444,
        "min": 0.0253135655075,
        "var": 0.00632407655939
    },
    "barkbands_kurtosis": {
        "dmean": 3.9651722908,
        "dmean2": 6.01262235641,
        "dvar": 80.9896240234,
        "dvar2": 170.723724365,
        "max": 473.551422119,
        "mean": 9.37738513947,
        "median": 4.51562738419,
        "min": -1.92243659496,
        "var": 272.497070312
    },
    "barkbands_skewness": {
        "dmean": 0.481086283922,
        "dmean2": 0.719232499599,
        "dvar": 0.37801155448,
        "dvar2": 0.818948507309,
        "max": 17.3661308289,
        "mean": 1.97174727917,
        "median": 1.75406813622,
        "min": -2.74560570717,
        "var": 2.25179052353
    },
    "barkbands_spread": {
        "dmean": 3.76423215866,
        "dmean2": 5.45385694504,
        "dvar": 45.0650367737,
        "dvar2": 85.2997360229,
        "max": 118.08972168,
        "mean": 16.570848465,
        "median": 11.6946125031,
        "min": 0.213159024715,
        "var": 218.285858154
    },
    "dissonance": {
        "dmean": 0.0219400767237,
        "dmean2": 0.0354640372097,
        "dvar": 0.000497252389323,
        "dvar2": 0.00124446442351,
        "max": 0.500000059605,
        "mean": 0.437115013599,
        "median": 0.446802407503,
        "min": 0.212756276131,
        "var": 0.00193898822181
    },
    "dynamic_complexity": 8.58504390717,
    "erbbands_crest": {
        "dmean": 2.05110025406,
        "dmean2": 3.08400797844,
        "dvar": 4.52909851074,
        "dvar2": 11.1172180176,
        "max": 28.6564559937,
        "mean": 10.5245094299,
        "median": 9.58786869049,
        "min": 2.64014840126,
        "var": 18.8462772369
    },
    "erbbands_flatness_db": {
        "dmean": 0.0148287909105,
        "dmean2": 0.0204438623041,
        "dvar": 0.000334748008754,
        "dvar2": 0.000656271062326,
        "max": 0.397790700197,
        "mean": 0.179662868381,
        "median": 0.166070356965,
        "min": 0.0419356748462,
        "var": 0.00336935208179
    },
    "erbbands_kurtosis": {
        "dmean": 1.07860100269,
        "dmean2": 1.60549104214,
        "dvar": 3.73594450951,
        "dvar2": 8.33494758606,
        "max": 72.6566925049,
        "mean": 1.90197944641,
        "median": 0.986706972122,
        "min": -1.83584177494,
        "var": 11.1510324478
    },
    "erbbands_skewness": {
        "dmean": 0.304458767176,
        "dmean2": 0.436794877052,
        "dvar": 0.136189252138,
        "dvar2": 0.273623943329,
        "max": 7.0241560936,
        "mean": 0.883678376675,
        "median": 0.863374471664,
        "min": -3.27014636993,
        "var": 0.632697761059
    },
    "erbbands_spread": {
        "dmean": 6.09692049026,
        "dmean2": 8.88255119324,
        "dvar": 76.191368103,
        "dvar2": 167.438766479,
        "max": 155.148361206,
        "mean": 32.2367706299,
        "median": 30.6552371979,
        "min": 2.1114988327,
        "var": 314.056610107
    },
    "hfc": {
        "dmean": 4.81333780289,
        "dmean2": 5.25618743896,
        "dvar": 309.460693359,
        "dvar2": 337.581481934,
        "max": 1063.58850098,
        "mean": 15.6505012512,
        "median": 2.32710933685,
        "min": 1.20142795897e-16,
        "var": 1866.99829102
    },
    "melbands_crest": {
        "dmean": 2.33131980896,
        "dmean2": 3.75234007835,
        "dvar": 5.75410652161,
        "dvar2": 15.000295639,
        "max": 33.6986999512,
        "mean": 13.8689479828,
        "median": 13.0474119186,
        "min": 1.81476998329,
        "var": 28.0139884949
    },
    "melbands_flatness_db": {
        "dmean": 0.0233980137855,
        "dmean2": 0.0333310738206,
        "dvar": 0.000748230610043,
        "dvar2": 0.00143622141331,
        "max": 0.550800919533,
        "mean": 0.239510133862,
        "median": 0.228365331888,
        "min": 0.00578999193385,
        "var": 0.0107992151752
    },
    "melbands_kurtosis": {
        "dmean": 6.24366998672,
        "dmean2": 9.70098781586,
        "dvar": 157.913726807,
        "dvar2": 361.666931152,
        "max": 433.919830322,
        "mean": 15.4392433167,
        "median": 8.7166852951,
        "min": -1.84182536602,
        "var": 476.995788574
    },
    "melbands_skewness": {
        "dmean": 0.565816760063,
        "dmean2": 0.865495979786,
        "dvar": 0.484398007393,
        "dvar2": 1.14862859249,
        "max": 15.9649419785,
        "mean": 2.57331991196,
        "median": 2.29789304733,
        "min": -2.31778407097,
        "var": 2.65180563927
    },
    "melbands_spread": {
        "dmean": 4.85418367386,
        "dmean2": 6.90741014481,
        "dvar": 99.0761413574,
        "dvar2": 176.541717529,
        "max": 240.944946289,
        "mean": 19.8323097229,
        "median": 11.8137121201,
        "min": 0.345269858837,
        "var": 511.566497803
    },
    "pitch_salience": {
        "dmean": 0.0544229820371,
        "dmean2": 0.0875430628657,
        "dvar": 0.00306781334803,
        "dvar2": 0.00795229058713,
        "max": 0.825315356255,
        "mean": 0.511605739594,
        "median": 0.516463160515,
        "min": 0.0524480827153,
        "var": 0.0114431511611
    },
    "silence_rate_20dB": {
        "dmean": 0.000179533206392,
        "dmean2": 0.000359098659828,
        "dvar": 0.000179497772478,
        "dvar2": 0.000358980585588,
        "max": 1,
        "mean": 0.99964094162,
        "median": 1,
        "min": 0,
        "var": 0.000358916207915
    },
    "silence_rate_30dB": {
        "dmean": 0.00556552968919,
        "dmean2": 0.0111320586875,
        "dvar": 0.00553430430591,
        "dvar2": 0.012264130637,
        "max": 1,
        "mean": 0.991921722889,
        "median": 1,
        "min": 0,
        "var": 0.00801308825612
    },
    "silence_rate_60dB": {
        "dmean": 0.0384201072156,
        "dmean2": 0.0768471136689,
        "dvar": 0.0369386337698,
        "dvar2": 0.0820857062936,
        "max": 1,
        "mean": 0.439009070396,
        "median": 0,
        "min": 0,
        "var": 0.24626930058
    },
    "spectral_centroid": {
        "dmean": 172.674072266,
        "dmean2": 244.525924683,
        "dvar": 87685.4140625,
        "dvar2": 143001.59375,
        "max": 11016.6181641,
        "mean": 990.705505371,
        "median": 727.86126709,
        "min": 171.933135986,
        "var": 558239.9375
    },
    "spectral_complexity": {
        "dmean": 1.39640939236,
        "dmean2": 2.15046238899,
        "dvar": 3.78595161438,
        "dvar2": 7.08473396301,
        "max": 54,
        "mean": 9.72327423096,
        "median": 7,
        "min": 0,
        "var": 72.3355178833
    },
    "spectral_decrease": {
        "dmean": 7.64910579321e-10,
        "dmean2": 1.05717834487e-09,
        "dvar": 3.63435864196e-18,
        "dvar2": 6.67749076827e-18,
        "max": 4.77584765001e-29,
        "mean": -2.76530465193e-09,
        "median": -1.10581543922e-09,
        "min": -7.27753501906e-08,
        "var": 2.07463829402e-17
    },
    "spectral_energy": {
        "dmean": 0.00325386715122,
        "dmean2": 0.00434862589464,
        "dvar": 6.95189301041e-05,
        "dvar2": 0.000115086062578,
        "max": 0.371141582727,
        "mean": 0.0118564628065,
        "median": 0.00442230142653,
        "min": 1.07170457203e-20,
        "var": 0.000422771292506
    },
    "spectral_energyband_high": {
        "dmean": 0.000285906950012,
        "dmean2": 0.000331195566105,
        "dvar": 9.59371050158e-07,
        "dvar2": 1.29887291678e-06,
        "max": 0.0283392313868,
        "mean": 0.000788881443441,
        "median": 4.14893802372e-05,
        "min": 7.79530727964e-21,
        "var": 4.81257302454e-06
    },
    "spectral_energyband_low": {
        "dmean": 0.000453682616353,
        "dmean2": 0.000730312312953,
        "dvar": 9.2245494443e-07,
        "dvar2": 2.39487712861e-06,
        "max": 0.0200509466231,
        "mean": 0.00107881892473,
        "median": 0.000489721307531,
        "min": 7.95615447836e-23,
        "var": 2.61560194303e-06
    },
    "spectral_energyband_middle_high": {
        "dmean": 0.00127266009804,
        "dmean2": 0.00140032870695,
        "dvar": 2.63952751993e-05,
        "dvar2": 2.88993214781e-05,
        "max": 0.35501152277,
        "mean": 0.00378715759143,
        "median": 0.000275512342341,
        "min": 1.51779160571e-21,
        "var": 0.000152430657181
    },
    "spectral_energyband_middle_low": {
        "dmean": 0.00219743745402,
        "dmean2": 0.00336482934654,
        "dvar": 3.20441286021e-05,
        "dvar2": 7.79183174018e-05,
        "max": 0.154148772359,
        "mean": 0.00681880861521,
        "median": 0.002930971561,
        "min": 2.98189800827e-22,
        "var": 0.000114521222713
    },
    "spectral_entropy": {
        "dmean": 0.18101477623,
        "dmean2": 0.253214597702,
        "dvar": 0.0568072646856,
        "dvar2": 0.105601556599,
        "max": 9.79683303833,
        "mean": 6.87767601013,
        "median": 6.96031045914,
        "min": 4.52440214157,
        "var": 0.485500663519
    },
    "spectral_flux": {
        "dmean": 0.0105229550973,
        "dmean2": 0.0165103953332,
        "dvar": 0.000272675591987,
        "dvar2": 0.000609123380855,
        "max": 0.305684387684,
        "mean": 0.0333286114037,
        "median": 0.0225563142449,
        "min": 1.03523162265e-10,
        "var": 0.00127933023032
    },
    "spectral_kurtosis": {
        "dmean": 3.34091806412,
        "dmean2": 5.36243057251,
        "dvar": 37.9793548584,
        "dvar2": 92.5730285645,
        "max": 158.509048462,
        "mean": 9.93985366821,
        "median": 5.21352386475,
        "min": -1.19187033176,
        "var": 155.02482605
    },
    "spectral_rms": {
        "dmean": 0.000361931888619,
        "dmean2": 0.000492564693559,
        "dvar": 3.40894700912e-07,
        "dvar2": 5.65038760669e-07,
        "max": 0.0190286450088,
        "mean": 0.00260828435421,
        "median": 0.00207712315023,
        "min": 3.23352043925e-12,
        "var": 4.76414425066e-06
    },
    "spectral_rolloff": {
        "dmean": 359.175262451,
        "dmean2": 572.68737793,
        "dvar": 791078.3125,
        "dvar2": 1481892.75,
        "max": 18820.0195312,
        "mean": 1389.08728027,
        "median": 689.0625,
        "min": 129.19921875,
        "var": 3640065.25
    },
    "spectral_skewness": {
        "dmean": 0.316222190857,
        "dmean2": 0.478554189205,
        "dvar": 0.189484402537,
        "dvar2": 0.42141649127,
        "max": 10.3094873428,
        "mean": 2.31040430069,
        "median": 1.93199157715,
        "min": -0.0291435513645,
        "var": 1.25268375874
    },
    "spectral_spread": {
        "dmean": 469067.40625,
        "dmean2": 659635.5625,
        "dvar": 497430036480,
        "dvar2": 839489290240,
        "max": 39568568,
        "mean": 4518626,
        "median": 4617357.5,
        "min": 666404.625,
        "var": 3.44437188198e+12
    },
    "spectral_strongpeak": {
        "dmean": 0.402788728476,
        "dmean2": 0.637626826763,
        "dvar": 1.47281527519,
        "dvar2": 2.94391441345,
        "max": 59.0572967529,
        "mean": 0.868709385395,
        "median": 0.28413105011,
        "min": 0,
        "var": 4.68947696686
    },
    "zerocrossingrate": {
        "dmean": 0.00933011714369,
        "dmean2": 0.0102946730331,
        "dvar": 0.00022421288304,
        "dvar2": 0.000217328182771,
        "max": 0.5029296875,
        "mean": 0.0583316199481,
        "median": 0.041015625,
        "min": 0.00634765625,
        "var": 0.00282399402931
    },
    "barkbands": {
        "dmean": [7.67924393585e-06, 7.17452785466e-05, 0.000175898559974, 0.000867023598403, 0.00111334433313, 0.000111457848107, 0.000320111517794, 0.000204354364541, 0.0003292580368, 0.000154568333528, 0.000172489482793, 0.000183817319339, 0.000193170882994, 0.000187017067219, 0.000232854348724, 0.000147172133438, 0.000371203524992, 8.31258876133e-05, 7.70909318817e-05, 7.67325400375e-05, 5.9588925069e-05, 5.8480170992e-05, 6.44349129288e-05, 7.41820622352e-05, 5.46648225281e-05, 2.26083993766e-05, 3.16142904921e-06],
        "dmean2": [1.23784448078e-05, 0.000118520736578, 0.000288862007437, 0.00141701940447, 0.00179242365994, 0.000158174123499, 0.000433216046076, 0.000298537808703, 0.000427135062637, 0.000210070371395, 0.000217806125875, 0.000254815386143, 0.000222894697799, 0.000227191078011, 0.000311944982968, 0.000178819769644, 0.0004686487664, 0.000124459460494, 0.000102891623101, 0.000105087841803, 8.43947273097e-05, 7.73881838541e-05, 8.16918254714e-05, 9.44076382439e-05, 7.04438862158e-05, 2.74866742984e-05, 4.04467618864e-06],
        "dvar": [2.70383733181e-08, 6.23536067224e-08, 1.22581241158e-07, 7.81560629548e-06, 8.87928126758e-06, 1.02922228962e-07, 1.11722147267e-06, 4.83923258798e-07, 8.89482521416e-07, 1.96423286525e-07, 5.06995036176e-07, 4.36668358361e-07, 1.22403127989e-06, 8.61346620695e-07, 8.9137733994e-07, 6.24200595212e-07, 9.66040443018e-06, 1.48486847706e-07, 1.05243529447e-07, 1.61069792171e-07, 6.62664163542e-08, 5.74745158133e-08, 6.91590997803e-08, 1.15131243206e-07, 4.40388561174e-08, 9.2558387621e-09, 2.54581661308e-10],
        "dvar2": [6.6803480081e-08, 1.62850724905e-07, 3.85571979677e-07, 1.93271298485e-05, 2.41749294219e-05, 2.01470413685e-07, 2.16210787585e-06, 1.06852451154e-06, 1.67510643223e-06, 3.79853787535e-07, 7.88867339452e-07, 8.92326909252e-07, 1.30125738451e-06, 1.22932442537e-06, 1.48313779391e-06, 8.0978151118e-07, 1.06034503915e-05, 3.67242336097e-07, 1.75671999614e-07, 2.67166683443e-07, 1.50688322265e-07, 9.2875502844e-08, 1.09241526047e-07, 1.63648365969e-07, 7.55752864734e-08, 1.3175553093e-08, 4.05049660479e-10],
        "max": [0.0148190613836, 0.0086299367249, 0.0076153986156, 0.0771173015237, 0.0783260315657, 0.0128287058324, 0.0522592514753, 0.0296414066106, 0.0414526946843, 0.0131510449573, 0.0253300014883, 0.0189250186086, 0.0515501275659, 0.0410760231316, 0.0277996640652, 0.0376412905753, 0.316158056259, 0.0221783295274, 0.0119635211304, 0.0352248437703, 0.0111518492922, 0.00973452907056, 0.00951854512095, 0.0194063279778, 0.00763395382091, 0.00360188540071, 0.000764282944147],
        "mean": [7.12428163752e-06, 0.000234952269238, 0.000363483908586, 0.00122772913892, 0.00272964895703, 0.000337499775924, 0.0008150577778, 0.00048494967632, 0.000936371914577, 0.000385152554372, 0.000374785915483, 0.000362210877938, 0.000442589633167, 0.000403146579629, 0.000517544220202, 0.000315380981192, 0.000684585946146, 0.000142307253554, 0.000169456994627, 0.000163704287843, 0.00012266257545, 0.000121853518067, 0.000152111548232, 0.000173886801349, 0.000130526474095, 5.10849058628e-05, 6.66107462166e-06],
        "median": [7.34696357085e-08, 1.25905889945e-05, 0.000171536492417, 0.000342241954058, 0.000704377074726, 0.00011247616203, 0.000189480037079, 0.000141928292578, 0.000122472221847, 5.40191867913e-05, 6.33230683889e-06, 1.29904365167e-05, 7.43773489376e-06, 1.13438600238e-05, 2.28028893616e-05, 7.15902660886e-06, 1.02683170553e-05, 1.15783914225e-05, 9.62184458331e-06, 5.83203018323e-06, 6.57436930851e-06, 6.19284901404e-06, 5.13579561812e-06, 5.57691282665e-06, 4.42175041826e-06, 1.34768902171e-06, 7.36018535008e-08],
        "min": [5.10079796344e-23, 5.42264437753e-23, 3.24499156097e-24, 2.70717877575e-23, 8.85896665688e-23, 7.2164692687e-23, 3.058516597e-23, 1.98034789677e-23, 3.86680367533e-23, 4.81207424104e-23, 5.53805220361e-23, 1.37787721608e-22, 7.9076723493e-23, 1.39014810523e-22, 1.92644313785e-22, 2.07314526536e-22, 1.18987424431e-22, 1.81006267783e-22, 2.43043248624e-22, 2.71296661665e-22, 4.63932960623e-22, 4.66768063608e-22, 3.8707895055e-22, 9.86291812409e-22, 1.37981117485e-21, 1.59043638021e-21, 2.55054517973e-21],
        "var": [2.78785226016e-08, 3.28348022549e-07, 2.68686733307e-07, 9.9640328699e-06, 2.8255444704e-05, 3.8207431885e-07, 3.83553106076e-06, 1.13380781386e-06, 4.15982913182e-06, 7.31042689495e-07, 2.29376064453e-06, 1.18126627058e-06, 6.12566645941e-06, 2.88068895316e-06, 3.31926048602e-06, 2.96121220345e-06, 4.70898412459e-05, 2.40670658513e-07, 3.87989217643e-07, 6.79399875025e-07, 1.59233238151e-07, 1.7885207626e-07, 2.57461039155e-07, 5.05580658228e-07, 1.75433797267e-07, 3.22525437468e-08, 6.87178813852e-10]
    },
    "erbbands": {
        "dmean": [0.00101079407614, 0.020651768893, 0.146448031068, 1.37393200397, 4.98334169388, 3.01311254501, 1.44369637966, 0.865088403225, 2.67565894127, 6.96579265594, 4.18625068665, 7.43646287918, 7.89297914505, 2.86179733276, 6.73202371597, 9.68461227417, 8.83760166168, 10.4918394089, 8.03343486786, 12.3535346985, 12.6324110031, 13.286986351, 7.22554349899, 3.17207455635, 4.56132936478, 4.39754104614, 2.11443376541, 2.16453170776, 2.10179567337, 1.91960895061, 2.10640263557, 1.61959731579, 1.10048007965, 0.74802082777, 0.296162903309, 0.138319388032, 0.0377767458558, 0.00732829421759, 0.000491210143082, 1.99985461222e-05],
        "dmean2": [0.00178136792965, 0.033886231482, 0.239075124264, 2.24268007278, 8.44963264465, 4.44641399384, 1.86253654957, 1.27157366276, 4.16031599045, 9.06159496307, 6.03458499908, 9.29585266113, 10.6705760956, 3.90250182152, 8.03138923645, 13.1775550842, 10.3391494751, 12.520149231, 10.0848112106, 16.5772323608, 15.5960607529, 16.3617095947, 9.54479503632, 4.33391809464, 6.1830163002, 6.02916955948, 3.00391054153, 3.01582551003, 2.7394220829, 2.58916497231, 2.67717552185, 2.09862136841, 1.34222376347, 0.97652733326, 0.38143414259, 0.174578055739, 0.0467994622886, 0.00897974707186, 0.000610752613284, 2.48461601586e-05],
        "dvar": [5.16721338499e-05, 0.00396361295134, 0.0823038592935, 14.7398366928, 244.508392334, 70.4998855591, 15.4243459702, 8.3402557373, 121.557380676, 458.171173096, 191.184265137, 540.084594727, 451.602325439, 103.524864197, 1001.7869873, 1111.77600098, 2636.14086914, 2216.93261719, 1481.59399414, 3217.16479492, 5153.56396484, 12848.6074219, 3759.12524414, 133.673782349, 395.682098389, 599.833496094, 69.2665023804, 86.8793334961, 88.4487075806, 54.6894454956, 76.3730621338, 52.9059638977, 33.773525238, 8.18140220642, 1.32378852367, 0.34621989727, 0.0318840555847, 0.00108268484473, 5.4032789194e-06, 1.26925145949e-08],
        "dvar2": [0.000160456256708, 0.00980575662106, 0.239622041583, 36.2374725342, 703.185913086, 146.801803589, 29.1912345886, 15.9605426788, 275.525665283, 811.82611084, 394.53012085, 967.095703125, 910.637207031, 216.819198608, 1234.10766602, 2260.46801758, 2911.40844727, 3133.39038086, 2228.8828125, 5232.54638672, 8685.32128906, 11878.3095703, 3836.91845703, 239.352462769, 688.263244629, 984.954650879, 145.460525513, 199.338180542, 138.254623413, 99.9566268921, 111.921897888, 79.2907714844, 45.4452552795, 14.254989624, 2.44187641144, 0.547022759914, 0.0475284308195, 0.0015490957303, 8.62924298417e-06, 2.54315857262e-08],
        "max": [0.434598833323, 1.60234200954, 5.63088130951, 105.307952881, 446.00567627, 232.306091309, 120.222457886, 124.520347595, 573.708496094, 724.625061035, 778.585998535, 1157.62280273, 720.538513184, 470.664459229, 1372.98278809, 939.431945801, 2354.0456543, 1908.04650879, 1490.48693848, 2125.78759766, 3651.07666016, 12589.9931641, 6709.46533203, 457.829376221, 757.367980957, 2219.15454102, 398.203125, 377.850189209, 424.895263672, 334.230316162, 326.252197266, 342.063476562, 436.076599121, 96.6351852417, 44.2550010681, 19.5343475342, 7.9311542511, 1.39004290104, 0.0899167880416, 0.00609958963469],
        "mean": [0.00245185405947, 0.0696507170796, 0.35564416647, 2.40377211571, 8.73685836792, 7.95716190338, 4.44297170639, 2.44667077065, 6.58673477173, 16.5334396362, 12.4630479813, 22.9783859253, 19.3448123932, 7.21003198624, 16.2351531982, 20.0343360901, 20.6245250702, 23.8660411835, 18.3623447418, 28.0657310486, 24.9241733551, 26.4235401154, 14.535326004, 6.88356208801, 10.0345439911, 9.57739257812, 4.51689338684, 4.53092336655, 4.27849435806, 4.37464809418, 5.01550865173, 3.80235934258, 2.54309558868, 1.73493516445, 0.686745047569, 0.311187028885, 0.0812833830714, 0.0170943383127, 0.00113396043889, 4.95683125337e-05],
        "median": [0.000237460364588, 0.00818201061338, 0.170326545835, 0.913687109947, 2.21012163162, 1.69598293304, 1.46076691151, 0.821704506874, 1.89734184742, 2.60826039314, 3.80692148209, 3.47737956047, 3.59121155739, 0.910354971886, 0.476295888424, 0.746215879917, 0.590447306633, 0.690529823303, 0.890956103802, 1.0599950552, 0.546408474445, 0.536203861237, 0.791434764862, 0.495752394199, 0.57338565588, 0.315144300461, 0.270073533058, 0.24218031764, 0.198813527822, 0.199818700552, 0.172662779689, 0.135328173637, 0.0654949843884, 0.0550123341382, 0.0277641154826, 0.00982728227973, 0.0016232872149, 0.000177366222488, 1.78313021024e-05, 6.94685968483e-06],
        "min": [1.24925850681e-21, 1.32120672092e-20, 1.04652176914e-20, 3.48851758805e-20, 2.42632520533e-19, 2.50598399078e-19, 3.0304565657e-19, 7.57449803903e-19, 5.90897297758e-19, 4.61816435253e-19, 4.72864673105e-19, 6.19937127523e-19, 1.78142960888e-18, 1.14227748932e-18, 3.65267821098e-18, 6.09685381883e-18, 3.4264846385e-18, 5.66583853936e-18, 9.71353312955e-18, 1.48877290136e-17, 6.85131987887e-18, 5.94194274243e-18, 9.72684411997e-18, 8.98171568828e-18, 1.51993726181e-17, 1.17114572046e-17, 1.51478458834e-17, 1.94868829979e-17, 1.58061360672e-17, 1.4615897612e-17, 1.24768358449e-17, 1.8571895509e-17, 1.71810574834e-17, 1.43094487018e-17, 9.57738002791e-18, 6.08877102347e-18, 3.01170174458e-18, 1.47077024591e-18, 3.52984592252e-19, 3.57789574571e-20],
        "var": [5.71981545363e-05, 0.0253220424056, 0.250893086195, 23.6545391083, 387.585449219, 288.293518066, 67.3437423706, 25.3210773468, 242.620864868, 2009.50817871, 624.174804688, 2724.09863281, 1530.19140625, 327.153594971, 5600.54443359, 3164.45800781, 12533.2695312, 7994.60791016, 5674.74853516, 13157.5136719, 14521.5234375, 70190.34375, 20409.8027344, 465.044372559, 1384.2746582, 2576.50878906, 187.773635864, 204.191314697, 256.660095215, 191.515411377, 298.959869385, 213.08531189, 147.281478882, 32.6809082031, 4.54251241684, 1.12940263748, 0.100442841649, 0.0040796152316, 1.71533283719e-05, 2.71375437677e-08]
    },
    "gfcc": {
        "mean": [-126.712600708, 95.2161178589, -101.803359985, 14.6159114838, -70.7839889526, 0.540915846825, -48.686832428, 1.61717069149, -27.6135959625, -9.56453132629, -29.6842498779, -15.1184053421, -18.6464214325],
        "cov": [[29617.0019531, -5856.87792969, -2053.5559082, 444.878631592, -582.263793945, 1178.19555664, -597.597595215, 549.956237793, -719.979064941, 476.78515625, -473.862579346, 499.052612305, -511.273712158], [-5856.87792969, 3085.6652832, 413.454528809, -269.605499268, 105.663566589, -493.566772461, 176.411087036, -247.007095337, 279.480987549, -315.605255127, 108.348831177, -277.621856689, 185.215026855], [-2053.5559082, 413.454528809, 660.028686523, 90.2490005493, 51.0099411011, -57.0346069336, 41.2663803101, 19.919260025, 17.3257522583, -3.88872551918, 3.53523278236, -12.2948045731, 30.048406601], [444.878631592, -269.605499268, 90.2490005493, 336.352325439, 40.8020439148, 23.2839050293, -57.1374092102, 81.1731872559, 0.263518154621, 22.0379524231, -7.31804513931, 16.7129669189, -8.5322265625], [-582.263793945, 105.663566589, 51.0099411011, 40.8020439148, 232.123245239, 14.3806276321, 2.68580889702, -0.509253919125, 45.0547981262, 1.15810883045, 4.4354467392, -8.57874393463, 11.521194458], [1178.19555664, -493.566772461, -57.0346069336, 23.2839050293, 14.3806276321, 256.206878662, 25.9582157135, 45.4151649475, -27.2961177826, 87.1266403198, 13.9019393921, 41.7896842957, -47.1349983215], [-597.597595215, 176.411087036, 41.2663803101, -57.1374092102, 2.68580889702, 25.9582157135, 220.857833862, -5.90043783188, 26.3193073273, 21.7897224426, 29.2643680573, 1.45078921318, 3.76152586937], [549.956237793, -247.007095337, 19.919260025, 81.1731872559, -0.509253919125, 45.4151649475, -5.90043783188, 166.474533081, 5.89076662064, 33.6540908813, 4.84713029861, 33.1221733093, -12.9580154419], [-719.979064941, 279.480987549, 17.3257522583, 0.263518154621, 45.0547981262, -27.2961177826, 26.3193073273, 5.89076662064, 158.053115845, 12.43745327, 15.592672348, -29.1751480103, 13.0742282867], [476.78515625, -315.605255127, -3.88872551918, 22.0379524231, 1.15810883045, 87.1266403198, 21.7897224426, 33.6540908813, 12.43745327, 156.986831665, 11.3286619186, 30.1017398834, -33.08543396], [-473.862579346, 108.348831177, 3.53523278236, -7.31804513931, 4.4354467392, 13.9019393921, 29.2643680573, 4.84713029861, 15.592672348, 11.3286619186, 107.317451477, 8.875207901, -7.14612197876], [499.052612305, -277.621856689, -12.2948045731, 16.7129669189, -8.57874393463, 41.7896842957, 1.45078921318, 33.1221733093, -29.1751480103, 30.1017398834, 8.875207901, 104.944549561, 0.188652932644], [-511.273712158, 185.215026855, 30.048406601, -8.5322265625, 11.521194458, -47.1349983215, 3.76152586937, -12.9580154419, 13.0742282867, -33.08543396, -7.14612197876, 0.188652932644, 91.9438705444]],
        "icov": [[8.71718802955e-05, -8.70622443472e-06, 0.000232602586038, -9.65869694483e-05, 0.000138213232276, -0.000254803366261, 0.000127243984025, -0.000156641865033, 0.000201836359338, -6.74304101267e-05, 0.000387433334254, -0.000192200313904, 0.000219611421926], [-8.70622443472e-06, 0.00134217995219, -0.000668729364406, 0.000661248748656, -0.000239063432673, 0.00128327158745, -0.000693755922839, 0.000731966283638, -0.00148710398935, 0.0014798801858, -0.00149632676039, 0.00194688292686, -0.00102917442564], [0.000232602586038, -0.000668729364406, 0.00263674254529, -0.00108377018478, 0.000164092023624, -0.000787905650213, 0.00016843440244, -0.000912025687285, 0.00141759461258, -0.00108642654959, 0.00168543332256, -0.00121899344958, 0.000659323763102], [-9.65869694483e-05, 0.000661248748656, -0.00108377018478, 0.00421649822965, -0.000850024051033, 0.000777425360866, 0.000576772494242, -0.00112753955182, -0.000879484810866, 0.000562565226573, -0.000998782343231, 0.00105854892172, -0.00055341044208], [0.000138213232276, -0.000239063432673, 0.000164092023624, -0.000850024051033, 0.00510133244097, -0.00138708658051, 0.000425119418651, 0.000104726706923, -0.000901542487554, -2.5221868782e-05, 0.000809345394373, -0.000516408588737, -5.22339178133e-05], [-0.000254803366261, 0.00128327158745, -0.000787905650213, 0.000777425360866, -0.00138708658051, 0.00763365719467, -0.00171524682082, 0.000314658740535, -0.000774180574808, -0.000815288687591, -0.00272914092056, 0.00141079013702, 0.000131105465698], [0.000127243984025, -0.000693755922839, 0.00016843440244, 0.000576772494242, 0.000425119418651, -0.00171524682082, 0.00580495130271, -0.000542770023458, 0.000242719528615, -0.00130807852838, 0.000175127483089, -0.00127644825261, 0.000368010718375], [-0.000156641865033, 0.000731966283638, -0.000912025687285, -0.00112753955182, 0.000104726706923, 0.000314658740535, -0.000542770023458, 0.00825374107808, -0.00205280003138, 0.000489979051054, -0.00148671108764, -0.000544946407899, -0.000464700802695], [0.000201836359338, -0.00148710398935, 0.00141759461258, -0.000879484810866, -0.000901542487554, -0.000774180574808, 0.000242719528615, -0.00205280003138, 0.00995298288763, -0.00337412883528, 0.00139902357478, -9.29087691475e-05, 0.000469448248623], [-6.74304101267e-05, 0.0014798801858, -0.00108642654959, 0.000562565226573, -2.5221868782e-05, -0.000815288687591, -0.00130807852838, 0.000489979051054, -0.00337412883528, 0.0104770734906, -0.00186933286022, 0.000418038456701, 0.000862707500346], [0.000387433334254, -0.00149632676039, 0.00168543332256, -0.000998782343231, 0.000809345394373, -0.00272914092056, 0.000175127483089, -0.00148671108764, 0.00139902357478, -0.00186933286022, 0.0132808210328, -0.00402794219553, 0.00297683151439], [-0.000192200313904, 0.00194688292686, -0.00121899344958, 0.00105854892172, -0.000516408588737, 0.00141079013702, -0.00127644825261, -0.000544946407899, -9.29087691475e-05, 0.000418038456701, -0.00402794219553, 0.0150693291798, -0.00391100021079], [0.000219611421926, -0.00102917442564, 0.000659323763102, -0.00055341044208, -5.22339178133e-05, 0.000131105465698, 0.000368010718375, -0.000464700802695, 0.000469448248623, 0.000862707500346, 0.00297683151439, -0.00391100021079, 0.0143800582737]]
    },
    "melbands": {
        "dmean": [1.45459434862e-05, 5.89927985857e-05, 0.000371470669052, 0.000280063512037, 6.85775012244e-05, 2.11713195313e-05, 4.56868656329e-05, 6.83677644702e-05, 3.7068646634e-05, 4.60141382064e-05, 3.87396066799e-05, 1.05213002826e-05, 2.40767403739e-05, 2.32274142036e-05, 2.34756771533e-05, 1.46405054693e-05, 2.17846773012e-05, 1.27848470584e-05, 1.45401936607e-05, 1.4376629224e-05, 1.7377506083e-05, 1.49125926328e-05, 1.26265440485e-05, 5.39816892342e-06, 2.2021552013e-06, 3.29740123561e-06, 3.40964811585e-06, 2.65392395704e-06, 1.02161629911e-06, 1.8485155806e-06, 1.27168425479e-06, 1.31401884573e-06, 1.03530101114e-06, 1.14892645797e-06, 1.44479361097e-06, 1.004878186e-06, 9.30841110858e-07, 8.10037931842e-07, 8.91834588401e-07, 5.98920735229e-07],
        "dmean2": [2.45451647061e-05, 9.66911829892e-05, 0.000617132522166, 0.000456580833998, 8.79235813045e-05, 3.15297038469e-05, 6.76521740388e-05, 9.01349485503e-05, 5.16256477567e-05, 5.87420654483e-05, 5.24440656591e-05, 1.46350321302e-05, 3.02392309095e-05, 3.08703019982e-05, 2.95839654427e-05, 1.69060131157e-05, 2.62815101451e-05, 1.5884235836e-05, 1.9772513042e-05, 1.79431681318e-05, 2.23441729759e-05, 1.89247875824e-05, 1.52723932842e-05, 8.12331563793e-06, 3.07271943711e-06, 4.51074083685e-06, 4.67428026241e-06, 3.66315930478e-06, 1.49826689722e-06, 2.63783908849e-06, 1.79792243671e-06, 1.69972008734e-06, 1.47219748214e-06, 1.56778673954e-06, 1.91827507479e-06, 1.33034473038e-06, 1.20608979159e-06, 9.91538627204e-07, 1.21742471038e-06, 8.03182842901e-07],
        "dvar": [4.39431424581e-09, 1.39310758485e-08, 1.31276021875e-06, 5.86400744851e-07, 3.9683875741e-08, 4.46115855368e-09, 3.19544959382e-08, 4.46426327017e-08, 1.39594327209e-08, 1.87920825567e-08, 1.08161293255e-08, 1.54759860482e-09, 9.39867472738e-09, 7.19709758457e-09, 1.02561896753e-08, 5.76560355015e-09, 1.08509023988e-08, 4.1716847754e-09, 3.71306807523e-09, 4.80027306793e-09, 1.26634107644e-08, 1.02460893103e-08, 3.2018039775e-08, 7.24954707376e-10, 7.9495840466e-11, 2.29312457911e-10, 2.21680229728e-10, 2.26574189965e-10, 1.14975520424e-11, 8.74838188003e-11, 2.88064329335e-11, 5.15234556409e-11, 1.32249610568e-11, 2.8561601001e-11, 4.00035213288e-11, 1.99638777731e-11, 1.76605657182e-11, 3.30383324865e-11, 1.31510219381e-11, 5.61707364649e-12],
        "dvar2": [1.28364918695e-08, 4.01004029982e-08, 3.43126248481e-06, 1.61108187058e-06, 7.19072446032e-08, 8.85221762559e-09, 6.85171102077e-08, 8.23585182275e-08, 2.82357550674e-08, 3.4256853354e-08, 2.18131521734e-08, 3.27720495186e-09, 1.4132728765e-08, 1.3401127319e-08, 1.32414266218e-08, 6.07101746652e-09, 1.55653427925e-08, 6.2447251814e-09, 6.50867093555e-09, 6.64123644967e-09, 2.34466188687e-08, 1.32896440519e-08, 2.60977088828e-08, 1.79040393622e-09, 1.42735448461e-10, 4.1182252053e-10, 3.68970715092e-10, 3.77490788628e-10, 2.48083064508e-11, 1.90140111989e-10, 6.621250076e-11, 7.65217403331e-11, 2.67060228099e-11, 5.26390424305e-11, 6.32313090776e-11, 3.31510131846e-11, 2.45374831565e-11, 4.42006917178e-11, 2.42617991669e-11, 1.09562185713e-11],
        "max": [0.00326672615483, 0.00232820259407, 0.0330405794084, 0.0195436719805, 0.00715555297211, 0.002760569565, 0.00977359060198, 0.00677106063813, 0.00547769013792, 0.00657138042152, 0.00346912955865, 0.00173764291685, 0.00349598494358, 0.00226474110968, 0.00423141708598, 0.00346823921427, 0.00435622315854, 0.00268946029246, 0.00210002670065, 0.00286717968993, 0.00642205355689, 0.0086938617751, 0.0210671275854, 0.00151813926641, 0.00040246520075, 0.000585152651183, 0.00103627331555, 0.00133858795743, 0.000114915557788, 0.00046985867084, 0.000234349863604, 0.000338486774126, 0.000105456711026, 0.000289929797873, 0.000271117954981, 0.000176147921593, 0.00019583228277, 0.000500017311424, 0.000126765589812, 8.24320595711e-05],
        "mean": [4.47471174994e-05, 0.000154080800712, 0.00061342457775, 0.00064059876604, 0.000196580818738, 5.79816187383e-05, 0.000116792551125, 0.000160221388796, 0.000112621994049, 0.000137176044518, 9.17302022572e-05, 2.46239269472e-05, 5.31770201633e-05, 4.76071254525e-05, 5.20371177117e-05, 3.40789338225e-05, 4.7523786634e-05, 2.77605267911e-05, 3.21317602356e-05, 3.30449693138e-05, 3.03508222714e-05, 2.73304849543e-05, 2.62547728198e-05, 8.88268004928e-06, 4.50425068266e-06, 6.93110223438e-06, 7.27134056433e-06, 5.57791099709e-06, 2.11891074287e-06, 3.43035844708e-06, 2.49229083238e-06, 2.49300705946e-06, 2.15104000745e-06, 2.4640492029e-06, 3.24437542076e-06, 2.27267514674e-06, 2.13791372516e-06, 1.77159392933e-06, 1.81864970727e-06, 1.33003402425e-06],
        "median": [2.38118218476e-06, 6.25836837571e-05, 0.000208099765587, 0.000164368189871, 5.55196820642e-05, 1.83493648365e-05, 3.22994019371e-05, 2.76885130006e-05, 3.02213720715e-05, 1.96193486772e-05, 1.5648378394e-05, 2.9430793802e-06, 1.04711830318e-06, 1.48944286593e-06, 1.57409385793e-06, 8.05445949936e-07, 1.12224006443e-06, 1.07880646283e-06, 1.54837937316e-06, 9.09264031179e-07, 5.11693940553e-07, 4.41601486045e-07, 5.14016790021e-07, 6.0578946659e-07, 2.77198125787e-07, 3.40916415098e-07, 3.33531460228e-07, 1.32254143637e-07, 1.31458037345e-07, 1.60001889071e-07, 1.09322698449e-07, 9.27306018639e-08, 1.0681917928e-07, 9.48717300275e-08, 9.15286975101e-08, 8.1325843837e-08, 7.26280049435e-08, 3.35597292178e-08, 4.57284343724e-08, 4.23654036297e-08],
        "min": [1.66489693581e-23, 1.06400304607e-23, 1.35603990539e-23, 1.81595322843e-23, 1.12727742151e-23, 1.62208450785e-23, 8.56375013592e-24, 5.06441522518e-24, 4.16674831302e-24, 4.29106766409e-24, 9.15004102701e-24, 4.0173254358e-24, 1.02245571435e-23, 1.70067935093e-23, 1.08380495363e-23, 7.56936414362e-24, 1.06545944108e-23, 1.46086011371e-23, 1.78947605877e-23, 1.87972868831e-23, 6.48732071639e-24, 6.98801152179e-24, 4.84265025307e-24, 1.10256588034e-23, 6.33132820554e-24, 1.0593949151e-23, 9.54994538544e-24, 7.66993602042e-24, 9.9015225471e-24, 8.78065296383e-24, 1.31002777871e-23, 8.50737971335e-24, 9.46763958289e-24, 7.31144449293e-24, 7.22153564898e-24, 6.87736352464e-24, 1.37637752839e-23, 1.29478840597e-23, 1.11855774749e-23, 1.24140437414e-23],
        "var": [1.29577637509e-08, 5.44732117191e-08, 1.80591280241e-06, 1.59008459377e-06, 1.66249535027e-07, 1.38802978e-08, 7.24002049424e-08, 1.79013724733e-07, 5.05631625458e-08, 9.20992135889e-08, 3.58467033834e-08, 4.55110349407e-09, 4.42395098332e-08, 2.39434587712e-08, 4.69802294845e-08, 2.9042990235e-08, 3.71115227438e-08, 1.54066999158e-08, 1.32460895585e-08, 2.37274768722e-08, 2.70535966962e-08, 4.18999306362e-08, 1.89960360331e-07, 1.126946092e-09, 2.67275840349e-10, 7.60859764082e-10, 8.99829433187e-10, 9.41194233661e-10, 3.07719162651e-11, 2.04131073156e-10, 6.86139686734e-11, 1.4045573038e-10, 3.93984046776e-11, 8.97876495376e-11, 1.3974076063e-10, 7.06957548058e-11, 7.91740978334e-11, 1.27615806811e-10, 4.7949977322e-11, 1.88462648265e-11]
    },
    "mfcc": {
        "mean": [-767.704711914, 123.513847351, 19.1524963379, 10.3810863495, -1.32327270508, -8.54377174377, -13.7407169342, -4.9125790596, -3.32174897194, 0.395211726427, -5.90333223343, -11.2979888916, -11.2884778976],
        "cov": [[22252.1640625, -3093.32104492, -2021.05786133, -572.249267578, -195.75289917, 460.266876221, 124.864181519, 263.450866699, -47.2149925232, 171.924758911, -10.4831609726, 88.877571106, 334.210113525], [-3093.32104492, 2006.43811035, 348.988433838, 54.2908592224, -30.6703968048, -148.443984985, -108.75655365, -26.8653450012, 11.7861623764, -2.68711733818, -38.2211914062, -48.5716629028, -101.606079102], [-2021.05786133, 348.988433838, 586.053588867, 126.060539246, 10.6809091568, -20.3761444092, 23.1515750885, -6.86364507675, 26.5494689941, -16.8731441498, 25.4042816162, -10.9857320786, -30.667848587], [-572.249267578, 54.2908592224, 126.060539246, 321.198303223, 91.7238311768, -29.0255527496, -17.9801101685, 21.8511009216, 33.6556816101, -5.56792879105, 25.8320941925, -10.2534360886, -10.2773265839], [-195.75289917, -30.6703968048, 10.6809091568, 91.7238311768, 263.409088135, 9.55920219421, -36.4254112244, 12.5715522766, 18.5589065552, 3.15279746056, 10.2950925827, 11.2986497879, -2.76080274582], [460.266876221, -148.443984985, -20.3761444092, -29.0255527496, 9.55920219421, 188.651168823, 57.9770355225, -7.86204195023, 19.0012302399, 37.2252082825, 17.3821353912, 24.7906169891, 37.8511314392], [124.864181519, -108.75655365, 23.1515750885, -17.9801101685, -36.4254112244, 57.9770355225, 170.066802979, 30.495262146, 2.2030954361, 8.09712505341, 15.2830219269, 20.0853557587, 40.1223449707], [263.450866699, -26.8653450012, -6.86364507675, 21.8511009216, 12.5715522766, -7.86204195023, 30.495262146, 122.448348999, 14.9049482346, 1.63775515556, 12.289393425, 11.2128162384, 18.1131668091], [-47.2149925232, 11.7861623764, 26.5494689941, 33.6556816101, 18.5589065552, 19.0012302399, 2.2030954361, 14.9049482346, 129.765548706, 31.6077022552, 3.16049075127, 13.5962591171, 19.3721961975], [171.924758911, -2.68711733818, -16.8731441498, -5.56792879105, 3.15279746056, 37.2252082825, 8.09712505341, 1.63775515556, 31.6077022552, 130.599319458, 45.686504364, 19.9034404755, 3.59385204315], [-10.4831609726, -38.2211914062, 25.4042816162, 25.8320941925, 10.2950925827, 17.3821353912, 15.2830219269, 12.289393425, 3.16049075127, 45.686504364, 142.849243164, 42.7778625488, -9.17068195343], [88.877571106, -48.5716629028, -10.9857320786, -10.2534360886, 11.2986497879, 24.7906169891, 20.0853557587, 11.2128162384, 13.5962591171, 19.9034404755, 42.7778625488, 108.083984375, 21.6798095703], [334.210113525, -101.606079102, -30.667848587, -10.2773265839, -2.76080274582, 37.8511314392, 40.1223449707, 18.1131668091, 19.3721961975, 3.59385204315, -9.17068195343, 21.6798095703, 128.879852295]],
