{
"lowlevel": {
    "average_loudness": 0.848291218281,
    "barkbands_crest": {
        "dmean": 2.98196935654,
        "dmean2": 4.45237588882,
        "dvar": 7.10016489029,
        "dvar2": 18.1517791748,
        "max": 26.6449203491,
        "mean": 13.4289102554,
        "median": 12.3776311874,
        "min": 2.30457472801,
        "var": 39.9229698181
    },
    "barkbands_flatness_db": {
        "dmean": 0.0324857346714,
        "dmean2": 0.0433471165597,
        "dvar": 0.00105563458055,
        "dvar2": 0.00192267342936,
        "max": 0.522450566292,
        "mean": 0.15736092627,
        "median": 0.119798406959,
        "min": 0.0180415268987,
        "var": 0.00982381496578
    },
    "barkbands_kurtosis": {
        "dmean": 15.0293054581,
        "dmean2": 19.4411334991,
        "dvar": 1106.45800781,
        "dvar2": 1918.89001465,
        "max": 916.688415527,
        "mean": 26.1342964172,
        "median": 3.6794257164,
        "min": -1.88907897472,
        "var": 3126.10400391
    },
    "barkbands_skewness": {
        "dmean": 1.16599214077,
        "dmean2": 1.50156593323,
        "dvar": 1.96402287483,
        "dvar2": 3.16507983208,
        "max": 25.6752243042,
        "mean": 3.33792424202,
        "median": 2.07965874672,
        "min": -4.34182071686,
        "var": 12.2273778915
    },
    "barkbands_spread": {
        "dmean": 9.06555652618,
        "dmean2": 13.3874511719,
        "dvar": 121.360572815,
        "dvar2": 256.623077393,
        "max": 126.88180542,
        "mean": 30.225276947,
        "median": 26.7650089264,
        "min": 0.245476871729,
        "var": 601.333435059
    },
    "dissonance": {
        "dmean": 0.0166139118373,
        "dmean2": 0.027867814526,
        "dvar": 0.000318630627589,
        "dvar2": 0.000835937156808,
        "max": 0.499999880791,
        "mean": 0.466378092766,
        "median": 0.475279986858,
        "min": 0.245817288756,
        "var": 0.000934370560572
    },
    "dynamic_complexity": 2.53830862045,
    "erbbands_crest": {
        "dmean": 2.31409907341,
        "dmean2": 3.71549582481,
        "dvar": 5.12361526489,
        "dvar2": 11.8386087418,
        "max": 26.2115020752,
        "mean": 7.50316238403,
        "median": 6.47203302383,
        "min": 2.15650892258,
        "var": 15.0746021271
    },
    "erbbands_flatness_db": {
        "dmean": 0.0125319315121,
        "dmean2": 0.0190364345908,
        "dvar": 0.000187561803614,
        "dvar2": 0.000400877121137,
        "max": 0.404279232025,
        "mean": 0.10725852102,
        "median": 0.0883355140686,
        "min": 0.0421352125704,
        "var": 0.00331548252143
    },
    "erbbands_kurtosis": {
        "dmean": 0.667756319046,
        "dmean2": 1.03420758247,
        "dvar": 1.05913579464,
        "dvar2": 2.37192368507,
        "max": 22.0888442993,
        "mean": -0.246294230223,
        "median": -0.716112136841,
        "min": -1.89833295345,
        "var": 2.59796047211
    },
    "erbbands_skewness": {
        "dmean": 0.334856152534,
        "dmean2": 0.499477952719,
        "dvar": 0.119479857385,
        "dvar2": 0.251728415489,
        "max": 4.28385305405,
        "mean": 0.0488754808903,
        "median": 0.0174508616328,
        "min": -3.20165109634,
        "var": 0.559833109379
    },
    "erbbands_spread": {
        "dmean": 12.1395673752,
        "dmean2": 18.116230011,
        "dvar": 150.913406372,
        "dvar2": 345.606445312,
        "max": 192.646835327,
        "mean": 67.9583892822,
        "median": 68.2372741699,
        "min": 2.80098485947,
        "var": 959.414733887
    },
    "hfc": {
        "dmean": 21.5977935791,
        "dmean2": 31.505437851,
        "dvar": 1476.31811523,
        "dvar2": 3291.32421875,
        "max": 507.954467773,
        "mean": 46.8361587524,
        "median": 34.3371772766,
        "min": 9.55904938538e-11,
        "var": 2259.33642578
    },
    "melbands_crest": {
        "dmean": 4.16721105576,
        "dmean2": 6.29405927658,
        "dvar": 13.153465271,
        "dvar2": 32.0767250061,
        "max": 38.8625450134,
        "mean": 20.8858413696,
        "median": 20.9831237793,
        "min": 2.6648709774,
        "var": 72.6680831909
    },
    "melbands_flatness_db": {
        "dmean": 0.0394630916417,
        "dmean2": 0.0522626712918,
        "dvar": 0.0015255487524,
        "dvar2": 0.00272031524219,
        "max": 0.693730175495,
        "mean": 0.237584963441,
        "median": 0.201109021902,
        "min": 0.0118529591709,
        "var": 0.0160083472729
    },
    "melbands_kurtosis": {
        "dmean": 44.7941741943,
        "dmean2": 56.845035553,
        "dvar": 9119.4296875,
        "dvar2": 17287.4375,
        "max": 3282.93286133,
        "mean": 97.7531661987,
        "median": 27.6958389282,
        "min": -1.8379970789,
        "var": 29486.5761719
    },
    "melbands_skewness": {
        "dmean": 1.74433743954,
        "dmean2": 2.2739841938,
        "dvar": 4.35416793823,
        "dvar2": 7.46765756607,
        "max": 46.5780906677,
        "mean": 6.53678417206,
        "median": 4.79743146896,
        "min": -1.78587567806,
        "var": 29.4298019409
    },
    "melbands_spread": {
        "dmean": 9.13697814941,
        "dmean2": 13.9321136475,
        "dvar": 236.008987427,
        "dvar2": 509.5753479,
        "max": 258.307098389,
        "mean": 23.9761638641,
        "median": 15.6469230652,
        "min": 0.0903493836522,
        "var": 957.289367676
    },
    "pitch_salience": {
        "dmean": 0.0927273109555,
        "dmean2": 0.135531440377,
        "dvar": 0.00900834146887,
        "dvar2": 0.0205260664225,
        "max": 0.907775878906,
        "mean": 0.407150804996,
        "median": 0.461192697287,
        "min": 0.0164298266172,
        "var": 0.0451258346438
    },
    "silence_rate_20dB": {
        "dmean": 0.0497107729316,
        "dmean2": 0.0994305312634,
        "dvar": 0.0472375527024,
        "dvar2": 0.0980425998569,
        "max": 1,
        "mean": 0.932128310204,
        "median": 1,
        "min": 0,
        "var": 0.0632534250617
    },
    "silence_rate_30dB": {
        "dmean": 0.104121476412,
        "dmean2": 0.20826177299,
        "dvar": 0.0932880192995,
        "dvar2": 0.189468368888,
        "max": 1,
        "mean": 0.660641670227,
        "median": 1,
        "min": 0,
        "var": 0.224192202091
    },
    "silence_rate_60dB": {
        "dmean": 0.0227765720338,
        "dmean2": 0.0454668700695,
        "dvar": 0.0222578831017,
        "dvar2": 0.0520766116679,
        "max": 1,
        "mean": 0.0373248979449,
        "median": 0,
        "min": 0,
        "var": 0.0359319821
    },
    "spectral_centroid": {
        "dmean": 331.720703125,
        "dmean2": 466.481414795,
        "dvar": 152107.96875,
        "dvar2": 275837.09375,
        "max": 10824.6826172,
        "mean": 1621.86120605,
        "median": 1570.01855469,
        "min": 128.46697998,
        "var": 895893.1875
    },
    "spectral_complexity": {
        "dmean": 4.74945783615,
        "dmean2": 7.27243947983,
        "dvar": 24.6814022064,
        "dvar2": 54.5585403442,
        "max": 50,
        "mean": 17.1119747162,
        "median": 16,
        "min": 0,
        "var": 61.7499656677
    },
    "spectral_decrease": {
        "dmean": 8.52954240571e-09,
        "dmean2": 1.0009014062e-08,
        "dvar": 1.24485944099e-16,
        "dvar2": 2.3206278123e-16,
        "max": -1.59876609504e-23,
        "mean": -2.57258090386e-08,
        "median": -1.25059340661e-08,
        "min": -1.50424725121e-07,
        "var": 8.91744534287e-16
    },
    "spectral_energy": {
        "dmean": 0.0328968204558,
        "dmean2": 0.0395965464413,
        "dvar": 0.00178308016621,
        "dvar2": 0.0033688377589,
        "max": 0.572643399239,
        "mean": 0.101343140006,
        "median": 0.0525086820126,
        "min": 8.73068622471e-15,
        "var": 0.0128218410537
    },
    "spectral_energyband_high": {
        "dmean": 0.0020808451809,
        "dmean2": 0.00301811750978,
        "dvar": 1.58687380463e-05,
        "dvar2": 3.48496432707e-05,
        "max": 0.0536300130188,
        "mean": 0.00381689541973,
        "median": 0.00229705008678,
        "min": 6.47021151595e-15,
        "var": 2.44878283411e-05
    },
    "spectral_energyband_low": {
        "dmean": 0.0323235429823,
        "dmean2": 0.036384228617,
        "dvar": 0.00206622318365,
        "dvar2": 0.00365367438644,
        "max": 0.568036913872,
        "mean": 0.0859030112624,
        "median": 0.0254786461592,
        "min": 2.22297867776e-16,
        "var": 0.0132598541677
    },
    "spectral_energyband_middle_high": {
        "dmean": 0.00145790993702,
        "dmean2": 0.00235943682492,
        "dvar": 4.55365034213e-06,
        "dvar2": 1.21356333693e-05,
        "max": 0.0237699076533,
        "mean": 0.00302963680588,
        "median": 0.00236302730627,
        "min": 1.06327728231e-15,
        "var": 6.61256581225e-06
    },
    "spectral_energyband_middle_low": {
        "dmean": 0.00699671823531,
        "dmean2": 0.0108265886083,
        "dvar": 0.00022857618751,
        "dvar2": 0.000430440006312,
        "max": 0.304298907518,
        "mean": 0.0100235799327,
        "median": 0.00472912471741,
        "min": 1.46472960646e-16,
        "var": 0.000281224085484
    },
    "spectral_entropy": {
        "dmean": 0.178888559341,
        "dmean2": 0.261854767799,
        "dvar": 0.0413488075137,
        "dvar2": 0.0841420739889,
        "max": 9.81980895996,
        "mean": 7.89475107193,
        "median": 8.13947868347,
        "min": 4.7114777565,
        "var": 0.51910251379
    },
    "spectral_flux": {
        "dmean": 0.0445357449353,
        "dmean2": 0.0638282075524,
        "dvar": 0.00240454636514,
        "dvar2": 0.00565521046519,
        "max": 0.663262605667,
        "mean": 0.150654807687,
        "median": 0.12712790072,
        "min": 1.33315552375e-05,
        "var": 0.0103002544492
    },
    "spectral_kurtosis": {
        "dmean": 1.61780250072,
        "dmean2": 2.6901037693,
        "dvar": 29.8809814453,
        "dvar2": 83.857131958,
        "max": 197.061294556,
        "mean": 4.35980033875,
        "median": 1.51366567612,
        "min": -1.2062163353,
        "var": 158.073028564
    },
    "spectral_rms": {
        "dmean": 0.00159858516417,
        "dmean2": 0.00200286088511,
        "dvar": 2.8486103929e-06,
        "dvar2": 5.65702202948e-06,
        "max": 0.0236363392323,
        "mean": 0.00844134762883,
        "median": 0.00715737277642,
        "min": 2.91851720569e-09,
        "var": 2.76153550658e-05
    },
    "spectral_rolloff": {
        "dmean": 959.912780762,
        "dmean2": 1565.77368164,
        "dvar": 2532622,
        "dvar2": 5451149.5,
        "max": 19121.484375,
        "mean": 2216.22558594,
        "median": 710.595703125,
        "min": 43.06640625,
        "var": 9704411
    },
    "spectral_skewness": {
        "dmean": 0.197442084551,
        "dmean2": 0.315788567066,
        "dvar": 0.10489205271,
        "dvar2": 0.293997853994,
        "max": 11.3421316147,
        "mean": 1.38594615459,
        "median": 1.14966154099,
        "min": 0.0482588894665,
        "var": 0.964457988739
    },
    "spectral_spread": {
        "dmean": 638147.8125,
        "dmean2": 975944.875,
        "dvar": 567832346624,
        "dvar2": 1.0255548416e+12,
        "max": 40685792,
        "mean": 7419668,
        "median": 8046557,
        "min": 472635,
        "var": 6.2488402985e+12
    },
    "spectral_strongpeak": {
        "dmean": 0.394593209028,
        "dmean2": 0.635411262512,
        "dvar": 0.551519989967,
        "dvar2": 1.35087180138,
        "max": 13.768658638,
        "mean": 0.836619198322,
        "median": 0.634788751602,
        "min": 0,
        "var": 0.868159294128
    },
    "zerocrossingrate": {
        "dmean": 0.0183094870299,
        "dmean2": 0.0205601584166,
        "dvar": 0.000498983601574,
        "dvar2": 0.000556817336474,
        "max": 0.5,
        "mean": 0.0863806381822,
        "median": 0.072265625,
        "min": 0.001953125,
        "var": 0.0058818096295
    },
    "barkbands": {
        "dmean": [0.00456714723259, 0.0301496013999, 0.0108632137999, 0.00469240732491, 0.00377284944989, 0.000700375472661, 0.000417943811044, 0.000570693111513, 0.000507422199007, 0.000372333452106, 0.000255978258792, 0.000314822100336, 0.000306990987156, 0.000195828470169, 0.000265098700766, 0.000172842468601, 0.000114104172098, 0.000107583669887, 0.000152038919623, 0.000189947764738, 0.00013787651551, 0.000326046720147, 0.000499685062096, 0.000422601529863, 0.00041272083763, 0.000258021522313, 0.000107356361696],
        "dmean2": [0.00524083944038, 0.035767801106, 0.015551539138, 0.00822956021875, 0.00670305639505, 0.00115749181714, 0.000634259253275, 0.000878317048773, 0.000862883520313, 0.000612993142568, 0.0004359325103, 0.000518993998412, 0.000521170324646, 0.000315518787829, 0.000448075385066, 0.000281893677311, 0.000187268728041, 0.000176305213245, 0.000254834099906, 0.000305783119984, 0.000224974966841, 0.000500217196532, 0.00080287491437, 0.0006292060134, 0.000581064436119, 0.000378022814402, 0.000158054652275],
        "dvar": [7.15046844562e-05, 0.00244055269286, 0.000625763845164, 0.000202040217118, 0.000100513512734, 2.27490841098e-06, 5.66814662761e-07, 8.08441370737e-07, 1.09959353267e-06, 4.26216871574e-07, 1.47931388028e-07, 4.1770508119e-07, 3.7815397036e-07, 9.11169664164e-08, 4.34789171777e-07, 8.8225924344e-08, 1.94135054699e-08, 2.09308836929e-08, 4.75514134735e-08, 9.27593788447e-08, 4.67539926774e-08, 3.21992445151e-07, 8.31657928302e-07, 5.69397002437e-07, 7.19172760455e-07, 3.48298925701e-07, 7.4103908787e-08],
        "dvar2": [7.61689734645e-05, 0.00363165978342, 0.00124054169282, 0.000547565636225, 0.000279763393337, 6.38028859612e-06, 1.34066920054e-06, 1.80026972885e-06, 3.0369299111e-06, 1.10748760562e-06, 4.08858340961e-07, 1.06576533199e-06, 1.03270974705e-06, 2.22724494847e-07, 1.1574149994e-06, 2.35834335172e-07, 5.01998762559e-08, 5.3021224744e-08, 1.22161424088e-07, 1.88515372201e-07, 1.154006668e-07, 7.3717160376e-07, 1.94856534108e-06, 1.10180860702e-06, 1.62057381203e-06, 8.08958816378e-07, 1.71306027141e-07],
        "max": [0.156408131123, 0.540349602699, 0.415697693825, 0.283283740282, 0.163951963186, 0.0198794510216, 0.0121023617685, 0.0119240414351, 0.0118116829544, 0.0089398054406, 0.00493839057162, 0.0132803879678, 0.0123995570466, 0.00562687031925, 0.0121252490208, 0.00794527493417, 0.00197364669293, 0.00297948718071, 0.00395324081182, 0.00508986599743, 0.00334795634262, 0.00771392602473, 0.0121000241488, 0.0123435724527, 0.0123034827411, 0.007927082479, 0.00730845844373],
        "mean": [0.00835484918207, 0.0630306303501, 0.0132116870955, 0.00364089361392, 0.00339279416949, 0.000904367130715, 0.000639170291834, 0.000767081568483, 0.000521597219631, 0.000435304478742, 0.00031719027902, 0.000444653385784, 0.000328957103193, 0.000255249644397, 0.000313439493766, 0.00024143999326, 0.000174561573658, 0.000177085297764, 0.000248435098911, 0.000361776154023, 0.000263993802946, 0.000553973251954, 0.000656766525935, 0.000802080088761, 0.000740352785215, 0.000401025783503, 0.000163247037563],
        "median": [0.000452550593764, 0.012000977993, 0.00266388081945, 0.000515608931892, 0.00109693326522, 0.000363954779459, 0.000276041129837, 0.000374304305296, 0.000202535506105, 0.000193961896002, 0.000170891784364, 0.000177220266778, 0.000123096862808, 0.00014876590285, 9.86755912891e-05, 0.000136300950544, 0.000130663742311, 0.000123279824038, 0.000180569884833, 0.000233641767409, 0.000206168901059, 0.000299483712297, 0.000347601773683, 0.000374501949409, 0.000359318655683, 0.0002011871984, 7.95892628958e-05],
        "min": [1.09811468864e-16, 1.21852134854e-16, 3.75719231594e-17, 1.42745549148e-17, 2.9576269627e-17, 2.94459688282e-17, 2.82408394676e-17, 1.45862150629e-17, 1.83784642858e-17, 2.77672520972e-17, 1.62365111916e-16, 1.0570038122e-16, 1.15801659398e-16, 9.11834408791e-17, 4.55563369616e-17, 4.18810179901e-17, 8.95340295027e-17, 1.68536792493e-16, 1.22138339346e-16, 3.65304690192e-16, 3.84315682949e-16, 4.92432715342e-16, 3.70046433571e-16, 6.33814849156e-16, 1.07902447184e-15, 1.63837125477e-15, 1.8499930134e-15],
        "var": [0.000320817838656, 0.0109089473262, 0.000794421415776, 0.000137112743687, 6.62663733237e-05, 2.44475609179e-06, 1.08752237793e-06, 1.23605900626e-06, 8.9047136953e-07, 5.0179636446e-07, 1.68613979667e-07, 7.49582341086e-07, 3.64717209322e-07, 1.16601626132e-07, 6.20078026259e-07, 1.64256292123e-07, 2.6898112182e-08, 3.42908492712e-08, 7.12773484679e-08, 1.75379710754e-07, 7.60898046792e-08, 5.22858613294e-07, 9.45349654558e-07, 1.17101399155e-06, 1.19595131309e-06, 4.36154635963e-07, 1.29408178395e-07]
    },
    "erbbands": {
        "dmean": [1.22229754925, 7.04037046432, 12.7694835663, 12.8787212372, 12.748093605, 13.0609512329, 6.53093671799, 6.10007190704, 6.13560295105, 8.59902095795, 10.3482589722, 11.928560257, 11.1823863983, 11.2021722794, 12.2526292801, 12.9772291183, 15.2195644379, 9.55510234833, 15.3973321915, 7.94565868378, 8.26225757599, 5.57246112823, 5.75778579712, 7.40849876404, 7.25861597061, 10.4391117096, 6.17374277115, 6.73738288879, 11.3110513687, 9.83015060425, 16.4469070435, 10.0319499969, 6.68835020065, 4.28885650635, 3.31024932861, 1.3161085844, 0.466109424829, 0.104985170066, 0.0189316850156, 0.00116495147813],
        "dmean2": [1.28153967857, 8.53858947754, 17.1360378265, 20.1075954437, 21.5808639526, 23.7472381592, 11.3600730896, 9.86525821686, 9.25895404816, 13.4270105362, 16.3343963623, 19.9371585846, 18.9456653595, 18.9586467743, 20.4859027863, 21.1579856873, 25.5865306854, 15.3859539032, 25.8372707367, 13.3291816711, 13.165728569, 8.96882534027, 9.37473201752, 12.4394855499, 11.9206771851, 16.6552410126, 10.0088605881, 10.999871254, 18.0342788696, 15.466835022, 26.4647388458, 15.0907201767, 9.95792102814, 6.31174373627, 4.77968215942, 1.96307456493, 0.675134062767, 0.157203510404, 0.0281335059553, 0.00173300271854],
        "dvar": [3.95524764061, 149.844818115, 672.596862793, 1207.59533691, 1131.54492188, 1274.10961914, 261.465820312, 159.20223999, 130.485092163, 182.708236694, 312.34274292, 514.720092773, 527.037719727, 396.09765625, 313.217132568, 863.476501465, 847.742492676, 200.392440796, 1318.83056641, 144.921630859, 219.097839355, 42.4111595154, 63.7577896118, 139.564224243, 94.4577560425, 311.70602417, 100.726554871, 129.478515625, 389.357543945, 287.428833008, 921.323486328, 308.674041748, 151.130706787, 69.9808731079, 49.4080734253, 8.17178916931, 1.23471736908, 0.0637124031782, 0.00234807934612, 8.70166422828e-06],
        "dvar2": [3.92641115189, 240.151062012, 1188.76367188, 2871.23876953, 2882.13623047, 3666.48657227, 749.746154785, 431.188049316, 305.310974121, 437.231506348, 768.798156738, 1390.84655762, 1403.95605469, 1059.80407715, 846.624511719, 2128.72143555, 2265.33569336, 494.104522705, 3562.33422852, 381.548858643, 584.833618164, 105.178184509, 161.950332642, 362.831451416, 229.051696777, 642.662597656, 230.275054932, 330.342956543, 926.76965332, 659.536010742, 2124.36401367, 633.110839844, 304.907073975, 144.772705078, 110.875663757, 19.3222332001, 2.82376813889, 0.149656265974, 0.00564554426819, 2.0032395696e-05],
        "max": [25.5909957886, 134.293014526, 394.691894531, 669.784179688, 483.497680664, 521.82244873, 248.35710144, 183.176757812, 215.276290894, 167.020965576, 359.030853271, 213.270782471, 311.163879395, 301.354675293, 287.280853271, 645.313049316, 523.314147949, 299.849090576, 659.945922852, 155.185440063, 403.177764893, 79.2392578125, 199.137145996, 304.706237793, 177.248779297, 289.558929443, 198.341400146, 238.737457275, 274.333282471, 308.236694336, 383.674926758, 234.377532959, 204.427474976, 184.7006073, 86.6918411255, 37.7883262634, 15.2616138458, 4.75465202332, 1.24323892593, 0.0855220779777],
        "mean": [2.39125418663, 11.6331472397, 18.2028617859, 13.0640535355, 11.7337121964, 11.3164691925, 7.19849205017, 8.53143119812, 9.65312671661, 12.7663660049, 13.2272872925, 13.2310466766, 12.413441658, 12.9230995178, 17.126953125, 18.7940750122, 17.4718208313, 13.1009559631, 19.6653671265, 10.9493551254, 12.146030426, 9.27678108215, 9.67428207397, 11.8980417252, 12.275094986, 19.4534225464, 11.4231443405, 12.7626934052, 18.4124946594, 16.2204933167, 21.0680675507, 17.6743736267, 12.75461483, 8.67998790741, 5.20349264145, 2.08574867249, 0.689243674278, 0.150534585118, 0.0270723793656, 0.00193970405962],
        "median": [0.266035199165, 2.14532542229, 5.21874332428, 2.99010586739, 3.00575661659, 3.31301045418, 3.02646803856, 3.24763250351, 4.01759147644, 6.93205928802, 6.29377222061, 5.68516254425, 5.07837057114, 6.09481573105, 9.53260803223, 6.52966499329, 7.49345111847, 8.44070339203, 7.89724826813, 6.83921861649, 7.45652532578, 7.24357128143, 7.000685215, 8.40486335754, 9.00095558167, 11.7762432098, 7.84725856781, 9.91695213318, 9.94068813324, 9.62582683563, 10.9381694794, 8.62392807007, 5.79427814484, 4.36621427536, 2.2912094593, 1.07133626938, 0.314562737942, 0.0706045627594, 0.0124092279002, 0.000996061018668],
        "min": [5.1484432833e-15, 2.18170343987e-14, 4.47476426843e-14, 4.92957318845e-14, 4.95338870561e-14, 1.10380773261e-13, 2.09859310919e-13, 2.42717684059e-13, 3.46305151439e-13, 4.47637884876e-13, 2.5883776459e-13, 3.68894070022e-13, 9.84701361249e-13, 2.00765489303e-12, 7.93861417575e-12, 3.51757316851e-12, 4.925471489e-12, 5.71695859056e-12, 2.8270096767e-12, 1.89389736532e-12, 3.49537369534e-12, 4.5055578192e-12, 9.165228472e-12, 7.12782740817e-12, 6.44453154036e-12, 1.62176990587e-11, 1.79845114495e-11, 1.89888278712e-11, 1.74317452833e-11, 1.4232815447e-11, 9.3210075075e-12, 1.23025600124e-11, 1.21096613639e-11, 1.20638481843e-11, 6.45514110914e-12, 3.62410275401e-12, 3.39616420923e-12, 1.23766069008e-12, 2.04299657703e-13, 3.25140271423e-14],
        "var": [20.9432601929, 439.206512451, 1135.3371582, 1147.91479492, 898.609863281, 787.553283691, 183.645843506, 244.989852905, 273.388793945, 282.581329346, 374.23638916, 465.538085938, 531.349060059, 389.846801758, 450.900085449, 1675.99743652, 855.881774902, 242.387573242, 1909.75976562, 186.348510742, 367.687835693, 66.8830337524, 95.7511520386, 178.336074829, 166.511230469, 556.27947998, 189.08605957, 187.696502686, 567.188232422, 427.832550049, 1044.69335938, 564.991210938, 311.847808838, 146.503158569, 71.549407959, 10.5802288055, 1.50383198261, 0.0835566744208, 0.00371736101806, 1.64959401445e-05]
    },
    "gfcc": {
        "mean": [37.8833389282, 40.4812545776, -76.7524414062, 30.3431816101, -47.9944915771, 21.1592826843, -27.7948284149, 8.46650218964, -18.5190811157, 4.61767053604, -11.7893600464, -0.315240979195, -11.8169631958],
        "cov": [[6099.671875, -2496.93823242, 1208.24047852, 754.573608398, 194.63760376, 942.99810791, 198.079147339, 435.907867432, -19.6817321777, 174.540527344, -117.525062561, 14.1165904999, -151.66998291], [-2496.93823242, 3244.58398438, -61.1970291138, -6.22959089279, 490.885742188, -271.400115967, 274.281158447, -127.260643005, 229.416671753, -75.189163208, 175.589599609, -49.1402130127, 92.8983840942], [1208.24047852, -61.1970291138, 1023.83422852, 532.78704834, 494.352539062, 469.759368896, 319.533905029, 240.029052734, 156.06942749, 91.908454895, 42.5856819153, -28.2678050995, -52.4611930847], [754.573608398, -6.22959089279, 532.78704834, 574.480773926, 424.203674316, 378.92086792, 250.505722046, 214.639816284, 128.115753174, 83.7450714111, 48.9964523315, -0.890324831009, -29.5075073242], [194.63760376, 490.885742188, 494.352539062, 424.203674316, 576.92010498, 339.174530029, 331.208557129, 201.951553345, 201.598205566, 109.854492188, 115.318870544, 19.7634620667, 3.13330006599], [942.99810791, -271.400115967, 469.759368896, 378.92086792, 339.174530029, 455.203125, 241.358444214, 214.841537476, 109.855171204, 109.423522949, 57.5180587769, 25.2591152191, -27.8797245026], [198.079147339, 274.281158447, 319.533905029, 250.505722046, 331.208557129, 241.358444214, 332.022491455, 199.258834839, 173.285369873, 92.3648910522, 96.5122833252, 46.3940620422, 21.0138893127], [435.907867432, -127.260643005, 240.029052734, 214.639816284, 201.951553345, 214.841537476, 199.258834839, 223.799728394, 139.95362854, 91.8555908203, 54.5605621338, 47.0228424072, 10.2459287643], [-19.6817321777, 229.416671753, 156.06942749, 128.115753174, 201.598205566, 109.855171204, 173.285369873, 139.95362854, 191.731964111, 101.749290466, 82.6222763062, 44.4874534607, 37.6522521973], [174.540527344, -75.189163208, 91.908454895, 83.7450714111, 109.854492188, 109.423522949, 92.3648910522, 91.8555908203, 101.749290466, 125.587524414, 84.2705307007, 50.7607765198, 25.1802158356], [-117.525062561, 175.589599609, 42.5856819153, 48.9964523315, 115.318870544, 57.5180587769, 96.5122833252, 54.5605621338, 82.6222763062, 84.2705307007, 128.829666138, 68.1676177979, 41.6165351868], [14.1165904999, -49.1402130127, -28.2678050995, -0.890324831009, 19.7634620667, 25.2591152191, 46.3940620422, 47.0228424072, 44.4874534607, 50.7607765198, 68.1676177979, 102.244827271, 56.1016693115], [-151.66998291, 92.8983840942, -52.4611930847, -29.5075073242, 3.13330006599, -27.8797245026, 21.0138893127, 10.2459287643, 37.6522521973, 25.1802158356, 41.6165351868, 56.1016693115, 86.7047042847]],
        "icov": [[0.000412230583606, 0.000131803215481, -0.000348052417394, -0.000152517561219, 0.000400374992751, -0.000554232974537, 5.11716898473e-05, -0.000175766064785, 0.000292988406727, -0.000372834358132, 0.000470430532005, -0.000261598936049, 5.75871781621e-05], [0.000131803215481, 0.00105808500666, 0.000138491581311, -6.62964930598e-06, -0.00111714529339, 0.000786260701716, -0.000919683021493, 0.00154830061365, -0.00158715131693, 0.00211709970608, -0.00151498476043, 0.0011369062122, -0.000422510958742], [-0.000348052417394, 0.000138491581311, 0.00276955263689, -0.000714604335371, -0.00112990767229, -0.000606524699833, -0.000751503102947, 0.000754166918341, -0.00104242889211, 0.00108600920066, -0.000427070772275, 0.0014122367138, 4.2636449507e-05], [-0.000152517561219, -6.62964930598e-06, -0.000714604335371, 0.00607828143984, -0.00327539886348, -0.00146578159183, 0.00123434094712, -0.00258560315706, 0.00105041032657, 0.000580782303587, 0.000160789102665, 0.000720947573427, -0.000138540184707], [0.000400374992751, -0.00111714529339, -0.00112990767229, -0.00327539886348, 0.00997560564429, -0.00348106538877, -0.00238548079506, 0.0011631436646, -0.00189485889859, -0.00100239331368, -0.00100226129871, 0.000274640973657, 0.00047716833069], [-0.000554232974537, 0.000786260701716, -0.000606524699833, -0.00146578159183, -0.00348106538877, 0.0105323782191, -0.00250000320375, -0.00194216950331, 0.00313742575236, -0.00278875301592, -0.000231600686675, -0.000198363894015, 0.00135707680602], [5.11716898473e-05, -0.000919683021493, -0.000751503102947, 0.00123434094712, -0.00238548079506, -0.00250000320375, 0.0131894079968, -0.00729518570006, -0.00179674872197, 0.00246569304727, -0.00234569748864, -0.000968329550233, -0.000195309607079], [-0.000175766064785, 0.00154830061365, 0.000754166918341, -0.00258560315706, 0.0011631436646, -0.00194216950331, -0.00729518570006, 0.020981842652, -0.0107963150367, 0.00139868620317, 0.00218819547445, -0.00355319003575, 0.00176308734808], [0.000292988406727, -0.00158715131693, -0.00104242889211, 0.00105041032657, -0.00189485889859, 0.00313742575236, -0.00179674872197, -0.0107963150367, 0.023494463414, -0.0141297159716, 0.0035623612348, 0.00061555672437, -0.0034789936617], [-0.000372834358132, 0.00211709970608, 0.00108600920066, 0.000580782303587, -0.00100239331368, -0.00278875301592, 0.00246569304727, 0.00139868620317, -0.0141297159716, 0.0303590297699, -0.0161188878119, 0.00243009021506, -0.000205487842322], [0.000470430532005, -0.00151498476043, -0.000427070772275, 0.000160789102665, -0.00100226129871, -0.000231600686675, -0.00234569748864, 0.00218819547445, 0.0035623612348, -0.0161188878119, 0.0267320051789, -0.0124498931691, 0.000873052398674], [-0.000261598936049, 0.0011369062122, 0.0014122367138, 0.000720947573427, 0.000274640973657, -0.000198363894015, -0.000968329550233, -0.00355319003575, 0.00061555672437, 0.00243009021506, -0.0124498931691, 0.0262146759778, -0.0119543941692], [5.75871781621e-05, -0.000422510958742, 4.2636449507e-05, -0.000138540184707, 0.00047716833069, 0.00135707680602, -0.000195309607079, 0.00176308734808, -0.0034789936617, -0.000205487842322, 0.000873052398674, -0.0119543941692, 0.0212100073695]]
    },
    "melbands": {
        "dmean": [0.00910507049412, 0.00663500046358, 0.00199987599626, 0.00094323779922, 0.00028891194961, 0.000134001063998, 9.23108091229e-05, 0.000104701794044, 8.2817983639e-05, 7.67103847465e-05, 5.56156410312e-05, 4.59200491605e-05, 3.83366495953e-05, 3.53025134245e-05, 3.1400591979e-05, 2.9611548598e-05, 1.85810276889e-05, 2.42245987465e-05, 1.65675974131e-05, 1.26875411297e-05, 9.24371670408e-06, 6.30122804068e-06, 7.26155167285e-06, 4.71046314487e-06, 6.87637884766e-06, 5.42083580513e-06, 5.36839615961e-06, 8.13484984974e-06, 3.95012875742e-06, 3.88168518839e-06, 4.41293923359e-06, 6.54359428154e-06, 6.55441317576e-06, 5.54142025067e-06, 1.00311235656e-05, 7.99186454969e-06, 5.99509894528e-06, 4.52630092695e-06, 4.46909052698e-06, 3.58326428795e-06],
        "dmean2": [0.00994871370494, 0.00821770261973, 0.0029390770942, 0.0016424888745, 0.000511166756041, 0.000217062275624, 0.000139556548675, 0.000162893731613, 0.000132290253532, 0.000129259889945, 9.43944905885e-05, 7.78353423811e-05, 6.48475324851e-05, 5.84480803809e-05, 5.18352753716e-05, 5.00819951412e-05, 2.98316808767e-05, 4.0574112063e-05, 2.79812429653e-05, 2.1187335733e-05, 1.48052013174e-05, 1.02789954326e-05, 1.19588603411e-05, 7.75911303208e-06, 1.16032570077e-05, 9.04209173314e-06, 8.57993836689e-06, 1.30348807943e-05, 6.46320677333e-06, 6.59443321638e-06, 7.22650065654e-06, 1.04536975414e-05, 1.03272195702e-05, 9.12919676921e-06, 1.63771419466e-05, 1.26784061649e-05, 8.92253228812e-06, 6.83011739966e-06, 6.76233548802e-06, 5.50234926777e-06],
        "dvar": [0.000198088993784, 0.000134022775455, 2.49508957495e-05, 6.21724757366e-06, 5.21960828337e-07, 7.60942953093e-08, 2.95344726453e-08, 2.81315291062e-08, 2.21169695891e-08, 2.32994317173e-08, 1.34463338242e-08, 6.79210687693e-09, 3.15735793066e-09, 4.26120072561e-09, 4.07891187493e-09, 3.0186657618e-09, 8.41163583232e-10, 2.68586974883e-09, 1.3325680559e-09, 4.84296991399e-10, 2.4786586672e-10, 6.95245527815e-11, 9.40126101967e-11, 5.72572232682e-11, 1.34742453306e-10, 7.70593172605e-11, 5.33943791958e-11, 1.97402150182e-10, 4.68800415154e-11, 3.55212734227e-11, 5.64463822905e-11, 1.26026161729e-10, 1.34568897692e-10, 9.17945094936e-11, 3.20073301197e-10, 2.37023650707e-10, 1.05991986021e-10, 6.60356144766e-11, 6.9445192652e-11, 4.93602173024e-11],
        "dvar2": [0.000247770512942, 0.000211518694414, 5.3625451983e-05, 1.67403177329e-05, 1.50526659581e-06, 2.06959896332e-07, 6.91552841658e-08, 6.41646948907e-08, 5.56226957826e-08, 6.38378168105e-08, 3.57999461187e-08, 1.81983068614e-08, 8.74123440298e-09, 1.09740785348e-08, 1.10099573902e-08, 7.94391752379e-09, 2.03804817467e-09, 7.35074534575e-09, 3.53228646333e-09, 1.29008281835e-09, 6.49630016447e-10, 1.80306256037e-10, 2.39038400185e-10, 1.49436588104e-10, 3.54744206232e-10, 1.99043406757e-10, 1.22078958054e-10, 4.26354979099e-10, 1.08590914039e-10, 9.57355167364e-11, 1.40332342968e-10, 3.03044284111e-10, 3.0063904144e-10, 2.26613061649e-10, 7.59129259453e-10, 5.28049548532e-10, 2.0967509673e-10, 1.40200684395e-10, 1.33980618267e-10, 1.06386482956e-10],
        "max": [0.169659391046, 0.165345281363, 0.106016896665, 0.042164567858, 0.0091874403879, 0.00387717364356, 0.00301911425777, 0.00231061293744, 0.00364362378605, 0.00139753473923, 0.00159687211271, 0.0012280222727, 0.000612889532931, 0.00117675075307, 0.0015545389615, 0.000550668512005, 0.000667294487357, 0.000892927695531, 0.00065208930755, 0.000522297166754, 0.000407118728617, 0.000123094592709, 0.000116908428026, 0.000148556922795, 0.000301995984046, 0.000213672756217, 0.00011120045383, 0.000218848304939, 0.000151815693243, 8.89158400241e-05, 0.000171011779457, 0.000212371887756, 0.000170170824276, 0.000163750446518, 0.000233149214182, 0.00017281374312, 0.000155165049364, 0.000143839220982, 0.000150726729771, 0.000160025607329],
        "mean": [0.0194115135819, 0.0117762424052, 0.00230171065778, 0.000848115887493, 0.00030198629247, 0.000183186857612, 0.000144083678606, 0.000152817156049, 0.000102503945527, 8.17635154817e-05, 6.00987368671e-05, 5.08132143295e-05, 5.01576978422e-05, 5.08280136273e-05, 4.13126617786e-05, 3.19243699778e-05, 2.43964077526e-05, 3.09643073706e-05, 1.9707797037e-05, 1.69791510416e-05, 1.31289871206e-05, 9.45939336816e-06, 1.05451827039e-05, 7.44803401176e-06, 1.00940924312e-05, 8.39480617287e-06, 9.31989688979e-06, 1.41238297147e-05, 6.7988680712e-06, 6.34529487797e-06, 7.91939055489e-06, 9.79639207799e-06, 1.14911281344e-05, 7.95613232185e-06, 1.1975535017e-05, 1.13118612717e-05, 1.10927949208e-05, 8.59221745486e-06, 8.38014057081e-06, 7.01337103237e-06],
        "median": [0.00293068611063, 0.00374320312403, 0.000574757810682, 0.000252679164987, 0.000121099736134, 7.01029857737e-05, 5.92927935941e-05, 8.03444127087e-05, 4.70566374133e-05, 3.17864614772e-05, 2.26507527259e-05, 2.18098230107e-05, 2.71764893114e-05, 2.34982981056e-05, 1.50299902089e-05, 1.25974165712e-05, 1.42251919897e-05, 1.3274398043e-05, 7.54981374484e-06, 9.26849952521e-06, 8.17989166535e-06, 6.73389740768e-06, 6.9037268986e-06, 4.59013335785e-06, 6.76548506817e-06, 5.82900520385e-06, 6.29520536677e-06, 8.05948548077e-06, 4.38592405771e-06, 4.5904862418e-06, 5.79294464842e-06, 5.14036673849e-06, 6.12505300523e-06, 4.5459391913e-06, 6.06529465585e-06, 6.00999646849e-06, 4.85843429487e-06, 3.86432657251e-06, 3.91779713027e-06, 3.50216782863e-06],
        "min": [4.51909547415e-17, 2.57709939638e-17, 8.52412929958e-18, 5.32330801079e-18, 7.12457444473e-18, 5.52026343695e-18, 5.48474595581e-18, 4.6441749435e-18, 1.8423427756e-18, 2.63759731843e-18, 4.83219226955e-18, 6.36783446519e-18, 2.55588800393e-17, 1.55772138327e-17, 6.32578928824e-18, 1.30830483917e-17, 1.03431507518e-17, 4.45879963232e-18, 3.51178040134e-18, 2.66966979912e-18, 4.47430389213e-18, 5.20395866969e-18, 4.20218049576e-18, 1.04561891184e-17, 5.03538422394e-18, 5.09266234546e-18, 5.10682739985e-18, 1.24237895794e-17, 1.49903722015e-17, 3.13803600556e-18, 1.57340770553e-17, 1.22765969253e-17, 4.64860904517e-18, 9.36452412242e-18, 6.08594041142e-18, 3.69276917373e-18, 9.74143062289e-18, 7.35443387489e-18, 1.34182807057e-17, 8.31008390838e-18],
        "var": [0.00110634730663, 0.000362768187188, 2.89333711407e-05, 4.41394695372e-06, 3.53543470055e-07, 1.09210837707e-07, 6.11971273656e-08, 4.5040891905e-08, 2.49496494575e-08, 2.03962269296e-08, 1.36313476062e-08, 6.64387567184e-09, 4.02253741427e-09, 7.45707229299e-09, 6.49407594366e-09, 2.88306556406e-09, 1.05263775474e-09, 3.85607856757e-09, 1.80358084023e-09, 8.3795936856e-10, 3.6338251852e-10, 9.46336134455e-11, 1.31130412084e-10, 8.94584406552e-11, 1.55156887338e-10, 1.06894444685e-10, 1.02001330993e-10, 3.267351667e-10, 8.83605827395e-11, 4.80039966111e-11, 8.54590148647e-11, 1.6952923787e-10, 2.37770220179e-10, 1.09221486022e-10, 3.39454103715e-10, 2.99222258082e-10, 2.22971890951e-10, 1.40183850639e-10, 1.42725012364e-10, 9.89745577162e-11]
    },
    "mfcc": {
        "mean": [-621.509338379, 84.2800369263, 27.1624584198, 19.1610870361, 10.1415500641, 13.0842037201, 6.32981014252, 6.16927719116, 1.94445216656, 6.02410984039, 2.07152366638, 2.81736564636, 3.12294363976],
        "cov": [[5074.27929688, -2135.70166016, 769.98425293, 19.0954017639, 293.42578125, 365.643371582, 369.856933594, 314.684143066, 206.038238525, 252.968856812, 128.312576294, 56.4015541077, 48.885219574], [-2135.70166016, 2558.69873047, -173.63180542, 300.451019287, 70.0718688965, 46.0329933167, -0.135947912931, 17.952047348, 33.0694389343, -15.4633274078, 33.5107116699, 63.9898414612, 43.0194702148], [769.98425293, -173.63180542, 600.831604004, 210.30847168, 295.72668457, 245.922363281, 237.478805542, 186.713500977, 153.308151245, 139.089004517, 107.382751465, 81.1867218018, 71.4939422607], [19.0954017639, 300.451019287, 210.30847168, 372.223602295, 259.34197998, 205.521530151, 190.394638062, 175.301437378, 146.592803955, 119.547485352, 105.795509338, 97.3000030518, 74.4722747803], [293.42578125, 70.0718688965, 295.72668457, 259.34197998, 365.214813232, 260.47265625, 227.083511353, 180.683486938, 148.514602661, 144.688217163, 122.761024475, 102.450683594, 90.0632171631], [365.643371582, 46.0329933167, 245.922363281, 205.521530151, 260.47265625, 291.076660156, 234.225479126, 182.379516602, 137.886825562, 132.64050293, 124.320953369, 98.3096389771, 83.623298645], [369.856933594, -0.135947912931, 237.478805542, 190.394638062, 227.083511353, 234.225479126, 277.495330811, 200.311386108, 138.95854187, 128.924255371, 119.231742859, 104.287117004, 85.0358810425], [314.684143066, 17.952047348, 186.713500977, 175.301437378, 180.683486938, 182.379516602, 200.311386108, 235.885818481, 165.125793457, 124.333969116, 116.099342346, 96.5783081055, 76.4019622803], [206.038238525, 33.0694389343, 153.308151245, 146.592803955, 148.514602661, 137.886825562, 138.95854187, 165.125793457, 179.532073975, 130.854019165, 97.5404129028, 82.3667831421, 61.9831047058], [252.968856812, -15.4633274078, 139.089004517, 119.547485352, 144.688217163, 132.64050293, 128.924255371, 124.333969116, 130.854019165, 159.339523315, 108.82963562, 75.1111907959, 66.9078903198], [128.312576294, 33.5107116699, 107.382751465, 105.795509338, 122.761024475, 124.320953369, 119.231742859, 116.099342346, 97.5404129028, 108.82963562, 134.519454956, 98.2022018433, 69.4405593872], [56.4015541077, 63.9898414612, 81.1867218018, 97.3000030518, 102.450683594, 98.3096389771, 104.287117004, 96.5783081055, 82.3667831421, 75.1111907959, 98.2022018433, 122.422386169, 88.7222442627], [48.885219574, 43.0194702148, 71.4939422607, 74.4722747803, 90.0632171631, 83.623298645, 85.0358810425, 76.4019622803, 61.9831047058, 66.9078903198, 69.4405593872, 88.7222442627, 119.211135864]],
