{
"lowlevel": {
    "average_loudness": 0.744518458843,
    "barkbands_crest": {
        "dmean": 2.88570070267,
        "dmean2": 4.22584915161,
        "dvar": 8.66058444977,
        "dvar2": 17.1798000336,
        "max": 26.8985424042,
        "mean": 16.5236949921,
        "median": 17.1538829803,
        "min": 2.04901576042,
        "var": 42.4006462097
    },
    "barkbands_flatness_db": {
        "dmean": 0.0318303592503,
        "dmean2": 0.0441905967891,
        "dvar": 0.00104530213866,
        "dvar2": 0.00198806845583,
        "max": 0.795646309853,
        "mean": 0.181995481253,
        "median": 0.146108150482,
        "min": 0.024059612304,
        "var": 0.0172495488077
    },
    "barkbands_kurtosis": {
        "dmean": 17.5446834564,
        "dmean2": 25.9380474091,
        "dvar": 3706.55395508,
        "dvar2": 7807.56787109,
        "max": 1244.46899414,
        "mean": 35.5734519958,
        "median": 6.2280254364,
        "min": -1.8911024332,
        "var": 16202.3671875
    },
    "barkbands_skewness": {
        "dmean": 1.18609583378,
        "dmean2": 1.67578661442,
        "dvar": 3.4692966938,
        "dvar2": 6.83393669128,
        "max": 34.9439277649,
        "mean": 3.58025932312,
        "median": 2.58342790604,
        "min": -2.47486448288,
        "var": 19.6599388123
    },
    "barkbands_spread": {
        "dmean": 9.25706768036,
        "dmean2": 13.5343608856,
        "dvar": 131.557922363,
        "dvar2": 278.212341309,
        "max": 112.243026733,
        "mean": 23.8360042572,
        "median": 19.6216812134,
        "min": 0.0614686943591,
        "var": 379.553039551
    },
    "dissonance": {
        "dmean": 0.0174828376621,
        "dmean2": 0.0291627161205,
        "dvar": 0.000320812949212,
        "dvar2": 0.000859721272718,
        "max": 0.500000119209,
        "mean": 0.46592232585,
        "median": 0.473240613937,
        "min": 0.196526423097,
        "var": 0.000868130766321
    },
    "dynamic_complexity": 2.46326756477,
    "erbbands_crest": {
        "dmean": 2.34582448006,
        "dmean2": 3.53236961365,
        "dvar": 6.02734470367,
        "dvar2": 12.3211355209,
        "max": 27.7980861664,
        "mean": 8.4232006073,
        "median": 6.85877990723,
        "min": 2.05878543854,
        "var": 22.5462036133
    },
    "erbbands_flatness_db": {
        "dmean": 0.0140400966629,
        "dmean2": 0.0207564700395,
        "dvar": 0.000213493432966,
        "dvar2": 0.000437355251051,
        "max": 0.507847905159,
        "mean": 0.125919356942,
        "median": 0.103201076388,
        "min": 0.0297485794872,
        "var": 0.00557330902666
    },
    "erbbands_kurtosis": {
        "dmean": 0.820373535156,
        "dmean2": 1.23214519024,
        "dvar": 2.3349211216,
        "dvar2": 5.23473978043,
        "max": 64.594619751,
        "mean": 0.235289812088,
        "median": -0.436300992966,
        "min": -1.79562211037,
        "var": 6.34305810928
    },
    "erbbands_skewness": {
        "dmean": 0.35421577096,
        "dmean2": 0.507370352745,
        "dvar": 0.17359419167,
        "dvar2": 0.358163326979,
        "max": 5.84153842926,
        "mean": 0.106860287488,
        "median": 0.120764382184,
        "min": -4.08046674728,
        "var": 0.702100515366
    },
    "erbbands_spread": {
        "dmean": 11.1165561676,
        "dmean2": 16.594581604,
        "dvar": 167.555465698,
        "dvar2": 373.461212158,
        "max": 172.614181519,
        "mean": 57.8490066528,
        "median": 55.3745613098,
        "min": 1.21957433224,
        "var": 838.318115234
    },
    "hfc": {
        "dmean": 22.0680980682,
        "dmean2": 31.7049751282,
        "dvar": 1267.32727051,
        "dvar2": 2935.43164062,
        "max": 440.776519775,
        "mean": 38.1182403564,
        "median": 21.8659210205,
        "min": 1.16364751019e-16,
        "var": 1882.72705078
    },
    "melbands_crest": {
        "dmean": 3.07385611534,
        "dmean2": 4.64697408676,
        "dvar": 9.72144031525,
        "dvar2": 21.1320304871,
        "max": 39.9693069458,
        "mean": 20.8950309753,
        "median": 21.6170749664,
        "min": 2.30820155144,
        "var": 47.3251152039
    },
    "melbands_flatness_db": {
        "dmean": 0.0391763374209,
        "dmean2": 0.0539137423038,
        "dvar": 0.00149307097308,
        "dvar2": 0.00281305168755,
        "max": 0.988342165947,
        "mean": 0.266577333212,
        "median": 0.234344884753,
        "min": 0.0066801160574,
        "var": 0.0243694670498
    },
    "melbands_kurtosis": {
        "dmean": 31.9680538177,
        "dmean2": 47.6256599426,
        "dvar": 4698.03173828,
        "dvar2": 9994.18261719,
        "max": 2281.25073242,
        "mean": 80.703125,
        "median": 28.2975387573,
        "min": -1.72107982635,
        "var": 39180.78125
    },
    "melbands_skewness": {
        "dmean": 1.40417230129,
        "dmean2": 2.01810741425,
        "dvar": 2.83024215698,
        "dvar2": 6.13238811493,
        "max": 46.3710975647,
        "mean": 5.81866550446,
        "median": 4.73935651779,
        "min": -0.763680994511,
        "var": 28.2809181213
    },
    "melbands_spread": {
        "dmean": 7.90147638321,
        "dmean2": 11.6171483994,
        "dvar": 148.730545044,
        "dvar2": 306.951019287,
        "max": 217.360015869,
        "mean": 18.2117862701,
        "median": 11.334821701,
        "min": 0.250497847795,
        "var": 441.76675415
    },
    "pitch_salience": {
        "dmean": 0.084141522646,
        "dmean2": 0.125915974379,
        "dvar": 0.00705143157393,
        "dvar2": 0.0144053688273,
        "max": 0.814460873604,
        "mean": 0.365687012672,
        "median": 0.362864434719,
        "min": 0.00389858963899,
        "var": 0.0290378928185
    },
    "silence_rate_20dB": {
        "dmean": 0.00777398562059,
        "dmean2": 0.0155494455248,
        "dvar": 0.00771401450038,
        "dvar2": 0.0196705851704,
        "max": 1,
        "mean": 0.993269503117,
        "median": 1,
        "min": 0,
        "var": 0.00668557733297
    },
    "silence_rate_30dB": {
        "dmean": 0.100682593882,
        "dmean2": 0.201384276152,
        "dvar": 0.0905418619514,
        "dvar2": 0.181672632694,
        "max": 1,
        "mean": 0.69286185503,
        "median": 1,
        "min": 0,
        "var": 0.212814420462
    },
    "silence_rate_60dB": {
        "dmean": 0.00663632899523,
        "dmean2": 0.0131791029125,
        "dvar": 0.00659356825054,
        "dvar2": 0.0162253938615,
        "max": 1,
        "mean": 0.0327045209706,
        "median": 0,
        "min": 0,
        "var": 0.0316335782409
    },
    "spectral_centroid": {
        "dmean": 340.910095215,
        "dmean2": 497.148681641,
        "dvar": 183209.03125,
        "dvar2": 341889.34375,
        "max": 10903.1914062,
        "mean": 1597.1529541,
        "median": 1528.31445312,
        "min": 86.05859375,
        "var": 788587.4375
    },
    "spectral_complexity": {
        "dmean": 4.43818712234,
        "dmean2": 6.49976301193,
        "dvar": 31.2922172546,
        "dvar2": 53.5202827454,
        "max": 62,
        "mean": 17.7277469635,
        "median": 17,
        "min": 0,
        "var": 92.6411132812
    },
    "spectral_decrease": {
        "dmean": 7.68872432388e-09,
        "dmean2": 1.07593409737e-08,
        "dvar": 1.09759005761e-16,
        "dvar2": 2.58587009168e-16,
        "max": 3.11955436776e-30,
        "mean": -2.02985965814e-08,
        "median": -1.37883278128e-08,
        "min": -1.57757185093e-07,
        "var": 4.0669371108e-16
    },
    "spectral_energy": {
        "dmean": 0.0301188975573,
        "dmean2": 0.0423933789134,
        "dvar": 0.00160125049297,
        "dvar2": 0.00377008225769,
        "max": 0.600664258003,
        "mean": 0.0800691023469,
        "median": 0.0553160309792,
        "min": 1.05428506921e-20,
        "var": 0.00600249413401
    },
    "spectral_energyband_high": {
        "dmean": 0.00212799781002,
        "dmean2": 0.00305704865605,
        "dvar": 1.34991269078e-05,
        "dvar2": 3.00243755191e-05,
        "max": 0.0474983230233,
        "mean": 0.00316301570274,
        "median": 0.00117865367793,
        "min": 7.86909437522e-21,
        "var": 2.14638384932e-05
    },
    "spectral_energyband_low": {
        "dmean": 0.0271810106933,
        "dmean2": 0.0379908159375,
        "dvar": 0.00162774755154,
        "dvar2": 0.00374036072753,
        "max": 0.595332980156,
        "mean": 0.0659282356501,
        "median": 0.040768366307,
        "min": 4.08021326939e-23,
        "var": 0.00572670949623
    },
    "spectral_energyband_middle_high": {
        "dmean": 0.00194989528973,
        "dmean2": 0.0027474577073,
        "dvar": 1.13150808829e-05,
        "dvar2": 2.41797606577e-05,
        "max": 0.0468136705458,
        "mean": 0.00395352765918,
        "median": 0.00262124394067,
        "min": 1.33888835275e-21,
        "var": 2.123264494e-05
    },
    "spectral_energyband_middle_low": {
        "dmean": 0.00573740666732,
        "dmean2": 0.00917656254023,
        "dvar": 0.000162831420312,
        "dvar2": 0.000397520605475,
        "max": 0.252595812082,
        "mean": 0.00850922893733,
        "median": 0.0050201495178,
        "min": 3.39442076486e-22,
        "var": 0.000154921362991
    },
    "spectral_entropy": {
        "dmean": 0.196132868528,
        "dmean2": 0.278323173523,
        "dvar": 0.0496773459017,
        "dvar2": 0.100829049945,
        "max": 9.81230163574,
        "mean": 7.68304443359,
        "median": 7.8764500618,
        "min": 3.61740994453,
        "var": 0.74531763792
    },
    "spectral_flux": {
        "dmean": 0.0444487147033,
        "dmean2": 0.0695015862584,
        "dvar": 0.0024572215043,
        "dvar2": 0.00566691113636,
        "max": 0.565137445927,
        "mean": 0.111463457346,
        "median": 0.0867341756821,
        "min": 1.02678386626e-10,
        "var": 0.00656063435599
    },
    "spectral_kurtosis": {
        "dmean": 2.99968552589,
        "dmean2": 4.76688289642,
        "dvar": 192.564819336,
        "dvar2": 460.729309082,
        "max": 537.085510254,
        "mean": 10.9008331299,
        "median": 1.85245037079,
        "min": -1.22183382511,
        "var": 1623.92834473
    },
    "spectral_rms": {
        "dmean": 0.00158892176114,
        "dmean2": 0.0021650721319,
        "dvar": 2.7555674933e-06,
        "dvar2": 6.01846113568e-06,
        "max": 0.0242077242583,
        "mean": 0.00778514100239,
        "median": 0.00734621379524,
        "min": 3.20713399414e-12,
        "var": 1.75087079697e-05
    },
    "spectral_rolloff": {
        "dmean": 765.468078613,
        "dmean2": 1256.5994873,
        "dvar": 2148799,
        "dvar2": 4825350,
        "max": 18217.0898438,
        "mean": 1368.5168457,
        "median": 366.064453125,
        "min": 21.533203125,
        "var": 4404157.5
    },
    "spectral_skewness": {
        "dmean": 0.236137837172,
        "dmean2": 0.357283532619,
        "dvar": 0.211610481143,
        "dvar2": 0.485623955727,
        "max": 19.5415916443,
        "mean": 1.73712217808,
        "median": 1.21523177624,
        "min": -0.0727681070566,
        "var": 4.94038438797
    },
    "spectral_spread": {
        "dmean": 732222.3125,
        "dmean2": 1065441.25,
        "dvar": 852766162944,
        "dvar2": 1.55374400307e+12,
        "max": 41814620,
        "mean": 6456210.5,
        "median": 6549115.5,
        "min": 210928.703125,
        "var": 5.09945944474e+12
    },
    "spectral_strongpeak": {
        "dmean": 0.349133163691,
        "dmean2": 0.548247933388,
        "dvar": 0.464243918657,
        "dvar2": 1.18612110615,
        "max": 13.2490034103,
        "mean": 0.858465671539,
        "median": 0.616494417191,
        "min": 0,
        "var": 0.841141819954
    },
    "zerocrossingrate": {
        "dmean": 0.016441533342,
        "dmean2": 0.0187266301364,
        "dvar": 0.000321547558997,
        "dvar2": 0.000416576018324,
        "max": 0.4951171875,
        "mean": 0.0626608505845,
        "median": 0.05419921875,
        "min": 0,
        "var": 0.00244794390164
    },
    "barkbands": {
        "dmean": [0.000434757006587, 0.024424938485, 0.00621358351782, 0.00256133591756, 0.00275687244721, 0.000558607571293, 0.000359756173566, 0.000374704104615, 0.000698451534845, 0.000442161952378, 0.000364078267012, 0.000356763339369, 0.000235595711274, 0.000242483962211, 0.000192905848962, 0.000197899062186, 0.000199895104743, 0.000247487740126, 0.000211960534216, 0.000254173355643, 0.000312049553031, 0.00037229663576, 0.000364395178622, 0.000492876395583, 0.000286773924017, 0.000325877190335, 1.82948660949e-05],
        "dmean2": [0.000654229603242, 0.033828176558, 0.00987209193408, 0.00460665812716, 0.00488895643502, 0.000881530635525, 0.000521764042787, 0.000580303487368, 0.00103317154571, 0.000641214137431, 0.000531589554157, 0.000527321419213, 0.000333843287081, 0.000372348673409, 0.000313814380206, 0.000322221923852, 0.000325035973219, 0.000402259553084, 0.000334468466463, 0.00039084252785, 0.000457490823464, 0.000568856718019, 0.000534930150025, 0.000725620542653, 0.00041634196532, 0.000526874500792, 2.98607665172e-05],
        "dvar": [5.66583651107e-07, 0.00155669718515, 0.000201622140594, 6.01959400228e-05, 6.73894755892e-05, 7.52101357193e-07, 2.8279680464e-07, 3.78627959208e-07, 4.5544538807e-06, 8.40865766349e-07, 9.94449806058e-07, 9.70432097347e-07, 7.10379651991e-07, 4.02387911436e-07, 2.33813381101e-07, 2.19520359224e-07, 2.47061649361e-07, 3.79137247819e-07, 2.7312387374e-07, 2.97680315953e-07, 5.00336454934e-07, 4.9388251e-07, 3.96500155375e-07, 7.83633538504e-07, 2.57325439179e-07, 1.19689502753e-06, 2.32431562885e-09],
        "dvar2": [1.25687938635e-06, 0.00349141471088, 0.000474844768178, 0.000168848840985, 0.000190642589587, 1.92358311324e-06, 5.86636474509e-07, 9.02429064809e-07, 9.42095630307e-06, 1.34607455493e-06, 1.86896477317e-06, 1.86247154943e-06, 1.3313050431e-06, 8.72639077443e-07, 5.61779415875e-07, 5.58387171168e-07, 6.19420859493e-07, 9.596298014e-07, 6.74268335388e-07, 7.31963098133e-07, 9.88879151009e-07, 1.12359532523e-06, 8.72532439189e-07, 1.69479528722e-06, 5.77898674692e-07, 3.05785374621e-06, 6.19160944737e-09],
        "max": [0.016081655398, 0.479585796595, 0.21369484067, 0.106020927429, 0.143819823861, 0.0161567926407, 0.00846629496664, 0.00947881489992, 0.0647909790277, 0.0217523127794, 0.0271742120385, 0.0267563723028, 0.0395868681371, 0.0209608059376, 0.0144427642226, 0.00685341283679, 0.00738092046231, 0.0102793732658, 0.0078673325479, 0.0097470888868, 0.0123947635293, 0.0111358445138, 0.0106275239959, 0.0102956239134, 0.00791967473924, 0.0144463460892, 0.000716974609531],
        "mean": [0.000835571321659, 0.0564138926566, 0.00734545430169, 0.0023453310132, 0.00275260023773, 0.000962992548011, 0.000592609401792, 0.000530259800144, 0.00104436301626, 0.000761198985856, 0.000529148499481, 0.000596094352659, 0.000354776129825, 0.000339983758749, 0.000260192406131, 0.000268166069873, 0.000248475553235, 0.000329642469296, 0.000284689944237, 0.000378105876734, 0.000440777832409, 0.00053376716096, 0.00054730795091, 0.000677794101648, 0.000378340017051, 0.000296856829664, 2.09300396818e-05],
        "median": [0.000285665533738, 0.0321551449597, 0.00273117981851, 0.00074186688289, 0.00101226579864, 0.000606787856668, 0.000327178364387, 0.000300612504361, 0.000368959561456, 0.000243654998485, 0.000111061890493, 0.000179896742338, 8.63916939124e-05, 0.000147614409798, 0.00011986077152, 0.000126622311655, 0.000106256738945, 0.000131766821141, 0.000105052829895, 0.000165052697412, 0.000160702256835, 0.000196513414267, 0.000170322149643, 0.000162757685757, 9.1801302915e-05, 3.82754951715e-05, 7.36158654036e-06],
        "min": [1.96076363594e-23, 1.29489214118e-23, 1.34804180244e-23, 1.75263199465e-23, 3.92493893751e-23, 6.91279253007e-23, 1.01361551816e-22, 7.88454405197e-24, 9.91252321242e-23, 3.3507832515e-23, 1.81794494444e-23, 1.73461867143e-22, 1.759444061e-22, 5.53932763392e-23, 8.53965280185e-23, 1.12955945411e-22, 1.6252415292e-22, 1.42703789173e-22, 2.65282790021e-22, 2.75339769442e-22, 5.13864801455e-22, 6.98381209965e-22, 5.84803011071e-22, 8.79034396228e-22, 1.13857927708e-21, 1.85575183538e-21, 2.29814765636e-21],
        "var": [1.8748240791e-06, 0.00505850324407, 0.000210642130696, 3.92740985262e-05, 4.39663199359e-05, 1.35152436087e-06, 6.19268405444e-07, 5.50528852727e-07, 7.48863067201e-06, 3.03321962747e-06, 2.32612342188e-06, 2.26944280257e-06, 1.57040881277e-06, 7.11494806183e-07, 2.66857739462e-07, 2.36204314774e-07, 2.3893912271e-07, 3.94151811633e-07, 3.09564683221e-07, 3.66844034261e-07, 7.84413487054e-07, 7.76238607614e-07, 7.11110203611e-07, 1.26367785924e-06, 3.7201948544e-07, 9.76410774456e-07, 1.82850889985e-09]
    },
    "erbbands": {
        "dmean": [0.716431617737, 5.55758571625, 7.26858520508, 7.57232475281, 8.52478885651, 10.3419647217, 5.8586192131, 4.66633653641, 4.64886426926, 6.68091011047, 9.66291332245, 11.0378437042, 18.135477066, 15.0527324677, 14.5137138367, 13.6896018982, 12.1621904373, 11.4087505341, 9.74512767792, 10.251865387, 11.2069139481, 11.0663280487, 11.628156662, 11.0773878098, 10.6154155731, 12.7067985535, 14.5843420029, 12.0649881363, 12.9845972061, 12.3698091507, 10.0544538498, 12.0216007233, 6.71357059479, 3.79177808762, 2.31022191048, 1.66810059547, 0.394175410271, 0.0359745435417, 0.00271513778716, 0.000284754874883],
        "dmean2": [0.935779392719, 7.81275558472, 10.9102315903, 12.5007553101, 15.0479412079, 18.5045051575, 10.1200237274, 7.20116281509, 6.92184400558, 9.84655570984, 15.0369653702, 16.6505336761, 26.2361717224, 21.0514431, 21.3595581055, 20.0712413788, 17.0487995148, 17.2607154846, 15.3543405533, 16.5640449524, 17.9859390259, 17.8042144775, 18.9558925629, 17.5546875, 16.6443977356, 19.4293403625, 21.4974727631, 18.3767662048, 19.9639625549, 17.7093143463, 15.0060491562, 18.2895488739, 9.57154655457, 5.5450129509, 3.51607751846, 2.61456418037, 0.663424193859, 0.0579912737012, 0.00431767711416, 0.000483220239403],
        "dvar": [1.4896402359, 86.0724945068, 228.306808472, 366.09979248, 699.166687012, 972.531921387, 152.157012939, 59.3413505554, 40.4745521545, 171.20980835, 273.858276367, 714.923950195, 2739.34204102, 1040.8885498, 1353.35668945, 1291.76257324, 1934.50439453, 967.568359375, 407.288635254, 783.960693359, 675.423828125, 775.341369629, 695.240356445, 905.563720703, 657.415893555, 729.974365234, 1068.4029541, 1018.72357178, 670.672607422, 484.224700928, 293.298980713, 515.18548584, 140.981704712, 45.5885887146, 21.7661914825, 26.5201587677, 1.80336248875, 0.00788438506424, 3.88736443711e-05, 8.80590107499e-07],
        "dvar2": [3.0950088501, 196.972686768, 490.908172607, 944.891174316, 1966.87878418, 2796.32958984, 429.464538574, 146.456497192, 91.8738708496, 345.11618042, 657.365722656, 1568.02648926, 5226.57910156, 1622.42346191, 2560.36474609, 2432.61010742, 3622.75634766, 2075.20483398, 944.366943359, 1951.64355469, 1696.45800781, 1933.71728516, 1749.04016113, 2233.98095703, 1603.45202637, 1774.08349609, 2114.14550781, 2316.05297852, 1548.85546875, 1052.19458008, 659.257446289, 1189.6418457, 277.969451904, 98.2055358887, 53.1707611084, 65.817276001, 4.96819067001, 0.0207880623639, 0.000100018958619, 2.43706858782e-06],
        "max": [14.8253498077, 111.756317139, 309.554199219, 280.901489258, 411.934387207, 550.608459473, 202.9740448, 162.872467041, 89.6195755005, 207.414413452, 253.332504272, 755.528442383, 1582.07348633, 873.699523926, 944.892089844, 1154.97485352, 2105.48632812, 1168.52758789, 494.928222656, 729.094177246, 449.67956543, 455.761199951, 369.474853516, 485.495941162, 392.513763428, 461.425323486, 687.838195801, 597.2421875, 404.317321777, 403.225891113, 297.14932251, 268.828216553, 195.146087646, 88.2216186523, 57.2655143738, 65.1250534058, 17.5872135162, 1.22068095207, 0.0964260473847, 0.0137044638395],
        "mean": [1.76910674572, 11.9964618683, 10.7903213501, 8.79926204681, 8.67471981049, 9.41128063202, 6.7943816185, 8.07210445404, 8.58530044556, 10.142742157, 13.9069080353, 16.7959308624, 29.9293689728, 25.9691257477, 23.1734046936, 23.2547855377, 19.4873638153, 17.0632457733, 14.0018129349, 14.0823373795, 15.145825386, 14.6333875656, 15.7882394791, 14.7662706375, 14.9298181534, 18.2414188385, 21.4010620117, 15.7025098801, 18.1034584045, 19.017911911, 14.8209486008, 15.4055490494, 9.93663692474, 5.13089227676, 2.64089035988, 1.62110841274, 0.349715381861, 0.0374898947775, 0.00338916154578, 0.000348060624674],
        "median": [0.89377194643, 6.37721538544, 5.08041763306, 3.82788276672, 2.92917609215, 3.23003435135, 3.33280873299, 4.85152578354, 5.19354867935, 5.45568799973, 7.8238568306, 6.71972990036, 10.9021778107, 9.10450267792, 7.51027965546, 8.80772590637, 5.77095651627, 7.29062080383, 7.16655254364, 6.23366165161, 7.54933786392, 6.89252710342, 7.18067264557, 6.11694383621, 6.56822490692, 7.85399770737, 8.09112453461, 5.59725904465, 6.72357082367, 5.85242652893, 4.5833106041, 3.9659986496, 2.17110729218, 1.12546861172, 0.606573224068, 0.211578160524, 0.0611264146864, 0.0110287861899, 0.00130942673422, 0.000174863220309],
        "min": [4.03007528974e-22, 3.13803264029e-21, 1.59114653173e-20, 3.48423466656e-20, 5.54915147907e-20, 1.32176637646e-19, 5.03336094016e-19, 4.81910151597e-19, 1.59318863387e-18, 6.64866217975e-19, 4.67530650624e-19, 2.42674815311e-18, 1.20851935354e-18, 1.25245577556e-18, 2.2772220225e-18, 7.02610851897e-18, 7.68820207923e-18, 4.49187362193e-18, 4.82019029245e-18, 3.79999990526e-18, 7.31977335286e-18, 8.44878472631e-18, 1.01579954707e-17, 1.13249430014e-17, 1.18556306495e-17, 1.24078092771e-17, 1.61978309027e-17, 2.27886836008e-17, 2.69081224606e-17, 1.81331390598e-17, 1.88660657502e-17, 1.57405770406e-17, 1.68912580645e-17, 1.11505154256e-17, 8.86887998092e-18, 6.81561338695e-18, 3.11371379362e-18, 1.4182575119e-18, 3.59008896955e-19, 3.07742756442e-20],
        "var": [5.25908374786, 244.520736694, 337.881408691, 311.077819824, 483.076019287, 598.727478027, 121.763969421, 112.322990417, 102.931518555, 270.56640625, 390.869476318, 1148.27722168, 5595.71289062, 3577.19213867, 2962.85546875, 3060.01879883, 4288.15869141, 1761.66137695, 546.940795898, 872.659179688, 732.942199707, 742.44342041, 746.302978516, 910.78527832, 730.30480957, 928.950256348, 1608.36767578, 1204.32092285, 1008.91888428, 885.894287109, 529.639892578, 675.906555176, 275.085357666, 70.7607269287, 23.4605808258, 23.9061069489, 1.24067938328, 0.00631597870961, 3.54369149136e-05, 6.05799982623e-07]
    },
    "gfcc": {
        "mean": [3.95247983932, 60.8548431396, -77.7666931152, 40.2859649658, -47.9962310791, 27.5055065155, -20.934179306, 16.6902580261, -15.278960228, 7.14552497864, -11.5861711502, 3.45872974396, -8.44572544098],
        "cov": [[27916.9960938, -1041.1340332, -2142.43359375, 786.349853516, -1471.99768066, 909.049865723, -824.008361816, 556.570373535, -501.733551025, 107.527656555, -743.050598145, 55.4503059387, -312.490509033], [-1041.1340332, 2784.63500977, 1277.47607422, -32.5614471436, 485.324462891, -421.735870361, 220.708953857, -312.842315674, 92.3558654785, -156.335021973, 120.988021851, -130.364318848, 157.152420044], [-2142.43359375, 1277.47607422, 2010.19494629, 415.186340332, 443.301635742, -10.1618623734, 75.3946990967, -204.51965332, 38.8391952515, -45.6148605347, 121.00743866, -20.5788421631, 166.138137817], [786.349853516, -32.5614471436, 415.186340332, 591.160827637, 79.9516448975, 188.102310181, -83.6895217896, -40.6222877502, -53.1591644287, 27.7850265503, -6.05425310135, 28.9550323486, 42.7756271362], [-1471.99768066, 485.324462891, 443.301635742, 79.9516448975, 408.326782227, -23.6263237, 128.141433716, -35.8396987915, 67.3501052856, 3.41913723946, 71.978263855, 11.5181465149, 48.0145530701], [909.049865723, -421.735870361, -10.1618623734, 188.102310181, -23.6263237, 295.256652832, -13.0660791397, 94.0015640259, -22.7678260803, 39.7798194885, -16.3921203613, 38.1871528625, -8.58650684357], [-824.008361816, 220.708953857, 75.3946990967, -83.6895217896, 128.141433716, -13.0660791397, 227.925003052, 62.100730896, 84.0945663452, 11.101852417, 47.2754058838, 4.50909900665, 30.8568744659], [556.570373535, -312.842315674, -204.51965332, -40.6222877502, -35.8396987915, 94.0015640259, 62.100730896, 198.78175354, 70.2198791504, 27.0917854309, -17.9033412933, 30.9397335052, -8.77146053314], [-501.733551025, 92.3558654785, 38.8391952515, -53.1591644287, 67.3501052856, -22.7678260803, 84.0945663452, 70.2198791504, 143.668960571, 56.7804908752, 37.1862068176, 3.90214180946, 21.3423099518], [107.527656555, -156.335021973, -45.6148605347, 27.7850265503, 3.41913723946, 39.7798194885, 11.101852417, 27.0917854309, 56.7804908752, 131.389831543, 49.4304618835, 15.2327356339, -14.1601219177], [-743.050598145, 120.988021851, 121.00743866, -6.05425310135, 71.978263855, -16.3921203613, 47.2754058838, -17.9033412933, 37.1862068176, 49.4304618835, 129.050796509, 31.0222644806, 18.153295517], [55.4503059387, -130.364318848, -20.5788421631, 28.9550323486, 11.5181465149, 38.1871528625, 4.50909900665, 30.9397335052, 3.90214180946, 15.2327356339, 31.0222644806, 83.8334503174, 35.90807724], [-312.490509033, 157.152420044, 166.138137817, 42.7756271362, 48.0145530701, -8.58650684357, 30.8568744659, -8.77146053314, 21.3423099518, -14.1601219177, 18.153295517, 35.90807724, 95.0697479248]],
        "icov": [[0.000109591404907, -0.000292988610454, 0.000113262038212, -0.000124433310702, 0.000310149713187, -0.000261033099378, 0.000270092335995, -0.000539104221389, 0.000455689994851, -0.000541544519365, 0.000558442261536, -0.00043772009667, 0.000260714063188], [-0.000292988610454, 0.00178192427848, -0.000616628967691, 0.000278282270301, -0.00117649522144, 0.00147882918827, -0.00125645159278, 0.00220168568194, -0.00174137472641, 0.00237187696621, -0.00195001496468, 0.00244157202542, -0.00142317486461], [0.000113262038212, -0.000616628967691, 0.00120638485532, -0.000632918614428, -0.000203741699806, -0.000751267187297, 0.000535386381671, -0.000116797025839, 0.000147946804645, -0.000216090265894, -3.59946679964e-05, 0.000220969945076, -0.000723327801097], [-0.000124433310702, 0.000278282270301, -0.000632918614428, 0.00334864901379, -0.000979222590104, -0.00168830144685, 0.000960014469456, 0.000985070713796, 0.000385028775781, -0.000675748218782, 0.000157738279086, 0.000385175138945, -0.00151097774506], [0.000310149713187, -0.00117649522144, -0.000203741699806, -0.000979222590104, 0.00539072789252, -0.000910454778932, -0.00132237561047, -0.000351249356754, -0.000416929018684, -0.000877819838934, 0.00123531417921, -0.00311653967947, 0.00225695944391], [-0.000261033099378, 0.00147882918827, -0.000751267187297, -0.00168830144685, -0.000910454778932, 0.00796556565911, -0.00155229901429, -0.00238691689447, 0.00188303517643, -0.000219319321332, -0.00112149806228, 0.000838568201289, -0.000325153348967], [0.000270092335995, -0.00125645159278, 0.000535386381671, 0.000960014469456, -0.00132237561047, -0.00155229901429, 0.00897564273328, -0.00441766250879, 6.13861484453e-05, -0.00112114183139, -0.000648648827337, 0.000812799436972, -0.00155990081839], [-0.000539104221389, 0.00220168568194, -0.000116797025839, 0.000985070713796, -0.000351249356754, -0.00238691689447, -0.00441766250879, 0.0159100070596, -0.0106527311727, 0.00564274424687, -4.92814469908e-05, -0.00213913223706, 0.00126227200963], [0.000455689994851, -0.00174137472641, 0.000147946804645, 0.000385028775781, -0.000416929018684, 0.00188303517643, 6.13861484453e-05, -0.0106527311727, 0.0197327844799, -0.0105815073475, 0.00150271540042, 0.00207843747921, -0.00375541998073], [-0.000541544519365, 0.00237187696621, -0.000216090265894, -0.000675748218782, -0.000877819838934, -0.000219319321332, -0.00112114183139, 0.00564274424687, -0.0105815073475, 0.0175374038517, -0.0079023912549, 0.00174456613604, 0.00212647719309], [0.000558442261536, -0.00195001496468, -3.59946679964e-05, 0.000157738279086, 0.00123531417921, -0.00112149806228, -0.000648648827337, -4.92814469908e-05, 0.00150271540042, -0.0079023912549, 0.0165855009109, -0.00927945505828, 0.00335528468713], [-0.00043772009667, 0.00244157202542, 0.000220969945076, 0.000385175138945, -0.00311653967947, 0.000838568201289, 0.000812799436972, -0.00213913223706, 0.00207843747921, 0.00174456613604, -0.00927945505828, 0.0252357013524, -0.012812091969], [0.000260714063188, -0.00142317486461, -0.000723327801097, -0.00151097774506, 0.00225695944391, -0.000325153348967, -0.00155990081839, 0.00126227200963, -0.00375541998073, 0.00212647719309, 0.00335528468713, -0.012812091969, 0.0204837694764]]
    },
    "melbands": {
        "dmean": [0.00672352779657, 0.0046743019484, 0.0012758517405, 0.000683800783008, 0.000251120276516, 0.000102947982668, 7.21804026398e-05, 7.13987246854e-05, 8.15473322291e-05, 8.25899041956e-05, 9.04557891772e-05, 5.96571517235e-05, 5.46610317542e-05, 4.47640923085e-05, 2.92556615022e-05, 2.39918354055e-05, 2.10320067708e-05, 1.58882940013e-05, 1.58925849973e-05, 1.13347850856e-05, 1.50128253154e-05, 1.15562006613e-05, 1.22238498079e-05, 1.12568277473e-05, 8.97700192581e-06, 8.90905357664e-06, 6.45165346214e-06, 9.68017138803e-06, 1.05881536001e-05, 7.5978177847e-06, 7.09926734999e-06, 8.0173558672e-06, 6.9307711783e-06, 6.92390176482e-06, 5.09175788466e-06, 8.47060800879e-06, 6.77939533489e-06, 5.27658266947e-06, 3.66899485016e-06, 3.08734661303e-06],
        "dmean2": [0.00907721556723, 0.00672591291368, 0.00207452639006, 0.00121480855159, 0.000438548449893, 0.000159404284204, 0.000106604231405, 0.00010622030095, 0.000127099396195, 0.000123159115901, 0.000130900312797, 8.40445645736e-05, 7.9823199485e-05, 6.69002401992e-05, 4.32788801845e-05, 3.35592048941e-05, 3.22202358802e-05, 2.49797230936e-05, 2.56812745647e-05, 1.86829092854e-05, 2.42957303271e-05, 1.88468166016e-05, 2.02845385502e-05, 1.84075906873e-05, 1.43415754792e-05, 1.4200242731e-05, 1.01817777249e-05, 1.50609339471e-05, 1.58944039867e-05, 1.17629933811e-05, 1.12360085041e-05, 1.27772673295e-05, 1.04550827018e-05, 9.87383373285e-06, 7.70544102124e-06, 1.325928406e-05, 1.04060991362e-05, 7.61801538829e-06, 5.48355865249e-06, 4.56300449514e-06],
        "dvar": [0.000120217198855, 6.46871267236e-05, 9.63526053965e-06, 4.40182657258e-06, 3.56985168537e-07, 2.71986113631e-08, 9.52850687241e-09, 1.7943573738e-08, 2.24896652412e-08, 5.76581413725e-08, 6.88194035092e-08, 1.82368964374e-08, 2.32717400905e-08, 1.70390048737e-08, 6.58308829671e-09, 5.65847191325e-09, 3.67965524717e-09, 1.22502208377e-09, 2.11719508592e-09, 9.83006454014e-10, 1.27953725393e-09, 9.77786185352e-10, 1.05909991888e-09, 8.30167934396e-10, 6.36290187206e-10, 5.23529164465e-10, 2.51911214111e-10, 4.60532362245e-10, 6.58026244604e-10, 4.74830563757e-10, 3.90998095012e-10, 3.14129916523e-10, 1.51308368612e-10, 1.54957408016e-10, 7.77518952e-11, 2.57655147218e-10, 1.65312735723e-10, 1.01851714562e-10, 4.24151165579e-11, 3.05920740129e-11],
        "dvar2": [0.000259932072368, 0.000141615906614, 2.3880162189e-05, 1.23885038192e-05, 1.01948967313e-06, 6.74093740827e-08, 2.09964028386e-08, 3.70731463306e-08, 5.42730873576e-08, 1.21827000044e-07, 1.31381625579e-07, 2.81789560574e-08, 4.39470326796e-08, 3.28617097978e-08, 1.28171580016e-08, 1.05881623469e-08, 7.77907249727e-09, 2.80296585942e-09, 5.05100539172e-09, 2.56036436497e-09, 3.24343596425e-09, 2.47524067909e-09, 2.75568434738e-09, 2.13018758188e-09, 1.58486712643e-09, 1.31439792384e-09, 6.06864225539e-10, 1.15905995912e-09, 1.45126333173e-09, 1.08976938584e-09, 9.47001588258e-10, 7.53826667754e-10, 3.48283402118e-10, 3.25665328038e-10, 1.68840622039e-10, 6.16125372943e-10, 3.7675892961e-10, 2.03952896238e-10, 9.29809909622e-11, 6.76936978694e-11],
        "max": [0.140520259738, 0.164992168546, 0.0411727502942, 0.0369262285531, 0.00937542784959, 0.0035044727847, 0.00141316826921, 0.00207566935569, 0.00273957406171, 0.00736397271976, 0.00790961273015, 0.00378887122497, 0.00423271395266, 0.00380059727468, 0.00317407818511, 0.00295311398804, 0.00202327826992, 0.0011053935159, 0.00160289928317, 0.000742059026379, 0.000645062653348, 0.000484136369778, 0.000576762773562, 0.000616418314166, 0.000401720259106, 0.000392655434553, 0.000264163652901, 0.000369564833818, 0.000515294959769, 0.000441199226771, 0.000394093425712, 0.000277921790257, 0.000230247649597, 0.000247924006544, 0.000187177894986, 0.00021299054788, 0.000169124556123, 0.000199295114726, 8.15537350718e-05, 7.36620349926e-05],
        "mean": [0.0161991994828, 0.00934918504208, 0.00154606846627, 0.000653398281429, 0.000274601829005, 0.000180247967364, 0.000135111520649, 0.000107995336293, 0.000115201328299, 0.000123827470816, 0.000147311802721, 0.000100618854049, 8.18934058771e-05, 7.36460351618e-05, 4.52048334409e-05, 3.69321132894e-05, 3.00235678878e-05, 2.13324601646e-05, 2.12129343709e-05, 1.46160873555e-05, 1.92867446458e-05, 1.38445420816e-05, 1.64260491147e-05, 1.43561828736e-05, 1.15147395263e-05, 1.20035692817e-05, 9.01733801584e-06, 1.30811540657e-05, 1.51419899339e-05, 9.44699786487e-06, 8.76502872416e-06, 1.0614859093e-05, 9.84121561487e-06, 1.0515305803e-05, 7.81805374572e-06, 1.02453304862e-05, 8.79053186509e-06, 7.72183830122e-06, 5.15647161592e-06, 3.96011819248e-06],
        "median": [0.00915569253266, 0.00519682234153, 0.00067047419725, 0.000218569126446, 0.000125799779198, 0.000110587308882, 8.19163615233e-05, 6.14047094132e-05, 6.10125352978e-05, 4.50013867521e-05, 5.1622177125e-05, 3.16445148201e-05, 2.09369936783e-05, 2.10630059883e-05, 1.5213988263e-05, 1.17394210974e-05, 1.17605404739e-05, 9.85279984889e-06, 8.74726356415e-06, 6.13239262748e-06, 8.60184627527e-06, 5.53109566681e-06, 5.6840817706e-06, 5.55246742806e-06, 4.37755215899e-06, 4.19514435634e-06, 4.00488170271e-06, 4.81044799017e-06, 5.19949753652e-06, 3.2259965792e-06, 3.03789374811e-06, 3.83583846997e-06, 3.23578501593e-06, 3.0433898246e-06, 2.42139685724e-06, 2.63152355728e-06, 2.26196516451e-06, 1.55215252562e-06, 1.23201766655e-06, 8.19717456579e-07],
        "min": [4.44447428888e-24, 6.67500255865e-24, 7.15651773317e-24, 5.11122859788e-24, 1.54064503235e-23, 1.28747030113e-23, 2.28464546893e-23, 5.22004762102e-24, 4.39921418331e-24, 1.61076451163e-23, 5.58987034655e-24, 5.0226186134e-24, 4.05691442033e-24, 2.07828292711e-23, 1.45912998398e-23, 1.64487391054e-23, 7.253170549e-24, 7.72355331843e-24, 4.99365164097e-24, 7.02206112504e-24, 8.34553937662e-24, 8.67211280302e-24, 9.70482323582e-24, 7.11153215119e-24, 9.45776698867e-24, 1.05140059868e-23, 6.73957240147e-24, 8.48097338341e-24, 1.02480257554e-23, 1.17526138491e-23, 1.26587909927e-23, 1.55457379158e-23, 1.29995505047e-23, 7.98273199112e-24, 1.02945898481e-23, 1.08100883615e-23, 9.45901181117e-24, 1.16575860867e-23, 1.14618207867e-23, 8.29455845176e-24],
        "var": [0.000421706034103, 0.000150532257976, 8.97828249435e-06, 2.87193188342e-06, 2.52246110222e-07, 5.2827658692e-08, 2.52521576982e-08, 2.77645497704e-08, 3.17687529616e-08, 9.2709953492e-08, 1.40578066521e-07, 6.27875706982e-08, 5.12920443896e-08, 3.90483094748e-08, 1.42767833111e-08, 1.23030821086e-08, 6.94692348091e-09, 1.68549030288e-09, 2.42648101612e-09, 9.8039665275e-10, 1.38412414863e-09, 8.96364982239e-10, 1.23754451131e-09, 8.45276737493e-10, 6.27606022707e-10, 5.99080729469e-10, 2.80967138444e-10, 5.56972856725e-10, 8.3748341595e-10, 5.19597920245e-10, 4.09859951533e-10, 4.31851526761e-10, 2.42309367016e-10, 2.84284762397e-10, 1.61003266275e-10, 3.00341085335e-10, 2.2817818468e-10, 1.87875368041e-10, 7.01357236177e-11, 4.38502428812e-11]
    },
    "mfcc": {
        "mean": [-641.281677246, 94.5923919678, 30.9587612152, 24.8788070679, 7.89784955978, 14.9314317703, 9.91886806488, 12.9319267273, 8.24177932739, 9.1646604538, 3.84032249451, 5.80813407898, 3.24063158035],
        "cov": [[14115.2949219, -1776.72241211, -914.640014648, -380.436737061, -148.16519165, 207.685882568, 58.4422683716, 228.993865967, 68.9912338257, 147.100814819, -51.0005149841, 18.4163627625, -66.6553878784], [-1776.72241211, 2341.97998047, 633.724487305, 451.613677979, 202.205657959, 77.1986694336, 86.6237869263, -19.8663349152, 9.83374023438, -47.9549560547, 7.79534864426, -22.9560070038, 49.3535995483], [-914.640014648, 633.724487305, 1393.19714355, 492.12600708, 404.658599854, 243.221466064, 96.3173904419, 8.78350543976, -26.1352024078, -30.7313709259, -74.6471328735, -31.6178188324, -8.17735481262], [-380.436737061, 451.613677979, 492.12600708, 491.543701172, 261.406188965, 168.391235352, 55.7522468567, -9.97002220154, -2.88727712631, -35.9037895203, -28.217004776, -13.0407752991, 6.99326372147], [-148.16519165, 202.205657959, 404.658599854, 261.406188965, 324.156707764, 154.785171509, 54.6027145386, 18.282951355, -12.2222270966, -6.36151266098, -26.6085700989, -6.68780946732, 11.571190834], [207.685882568, 77.1986694336, 243.221466064, 168.391235352, 154.785171509, 202.478805542, 78.5399932861, 3.58865833282, 0.787093818188, -0.929366767406, -1.56654512882, 10.6263084412, 11.1967535019], [58.4422683716, 86.6237869263, 96.3173904419, 55.7522468567, 54.6027145386, 78.5399932861, 129.425308228, 59.8583068848, 18.2059402466, 5.58102416992, 5.559425354, 18.9872665405, 25.3189086914], [228.993865967, -19.8663349152, 8.78350543976, -9.97002220154, 18.282951355, 3.58865833282, 59.8583068848, 150.45300293, 81.7228622437, 31.2157783508, -2.584836483, -1.76279580593, 29.6096744537], [68.9912338257, 9.83374023438, -26.1352024078, -2.88727712631, -12.2222270966, 0.787093818188, 18.2059402466, 81.7228622437, 133.935577393, 65.0781173706, 15.0676279068, 1.1452652216, 13.0205640793], [147.100814819, -47.9549560547, -30.7313709259, -35.9037895203, -6.36151266098, -0.929366767406, 5.58102416992, 31.2157783508, 65.0781173706, 114.320289612, 58.0923652649, 24.5665817261, 16.762638092], [-51.0005149841, 7.79534864426, -74.6471328735, -28.217004776, -26.6085700989, -1.56654512882, 5.559425354, -2.584836483, 15.0676279068, 58.0923652649, 108.523323059, 62.1470298767, 8.08472251892], [18.4163627625, -22.9560070038, -31.6178188324, -13.0407752991, -6.68780946732, 10.6263084412, 18.9872665405, -1.76279580593, 1.1452652216, 24.5665817261, 62.1470298767, 107.313018799, 46.71326828], [-66.6553878784, 49.3535995483, -8.17735481262, 6.99326372147, 11.571190834, 11.1967535019, 25.3189086914, 29.6096744537, 13.0205640793, 16.762638092, 8.08472251892, 46.71326828, 113.336891174]],
