{
"lowlevel": {
    "average_loudness": 0.335468053818,
    "barkbands_crest": {
        "dmean": 3.04383659363,
        "dmean2": 4.88637161255,
        "dvar": 7.98945760727,
        "dvar2": 18.7705841064,
        "max": 25.7736053467,
        "mean": 10.1926660538,
        "median": 9.30509376526,
        "min": 2.26183414459,
        "var": 20.6649532318
    },
    "barkbands_flatness_db": {
        "dmean": 0.0262813195586,
        "dmean2": 0.039341609925,
        "dvar": 0.00073468190385,
        "dvar2": 0.00150513940025,
        "max": 0.529806554317,
        "mean": 0.13519474864,
        "median": 0.112821817398,
        "min": 0.0250008981675,
        "var": 0.00666976952925
    },
    "barkbands_kurtosis": {
        "dmean": 2.86297774315,
        "dmean2": 4.57040452957,
        "dvar": 57.3267936707,
        "dvar2": 143.781356812,
        "max": 290.908233643,
        "mean": 3.67382502556,
        "median": 1.47028207779,
        "min": -1.97378993034,
        "var": 124.926139832
    },
    "barkbands_skewness": {
        "dmean": 0.626300930977,
        "dmean2": 0.959871888161,
        "dvar": 0.502678573132,
        "dvar2": 1.15504205227,
        "max": 11.8500089645,
        "mean": 1.21104228497,
        "median": 1.25906670094,
        "min": -3.2506814003,
        "var": 1.76871359348
    },
    "barkbands_spread": {
        "dmean": 7.97031402588,
        "dmean2": 12.4430208206,
        "dvar": 109.756195068,
        "dvar2": 233.698135376,
        "max": 101.333641052,
        "mean": 25.8936901093,
        "median": 23.4964904785,
        "min": 0.212877437472,
        "var": 293.021240234
    },
    "dissonance": {
        "dmean": 0.0222064722329,
        "dmean2": 0.0364347472787,
        "dvar": 0.000802820373792,
        "dvar2": 0.00208010408096,
        "max": 0.500000119209,
        "mean": 0.456577092409,
        "median": 0.471016526222,
        "min": 0.118074595928,
        "var": 0.00216246279888
    },
    "dynamic_complexity": 3.53270983696,
    "erbbands_crest": {
        "dmean": 2.63980937004,
        "dmean2": 4.23890399933,
        "dvar": 6.81258440018,
        "dvar2": 16.0629234314,
        "max": 31.3652229309,
        "mean": 8.76130390167,
        "median": 7.36823987961,
        "min": 2.1905567646,
        "var": 23.0616168976
    },
    "erbbands_flatness_db": {
        "dmean": 0.0224539488554,
        "dmean2": 0.0336253717542,
        "dvar": 0.000651438545901,
        "dvar2": 0.00131704285741,
        "max": 0.521626710892,
        "mean": 0.172746345401,
        "median": 0.155131429434,
        "min": 0.0451400130987,
        "var": 0.00522974180058
    },
    "erbbands_kurtosis": {
        "dmean": 1.47405827045,
        "dmean2": 2.32775592804,
        "dvar": 18.4380722046,
        "dvar2": 43.1867637634,
        "max": 147.128067017,
        "mean": 1.32172095776,
        "median": -0.49807715416,
        "min": -1.93963694572,
        "var": 45.3852882385
    },
    "erbbands_skewness": {
        "dmean": 0.458645761013,
        "dmean2": 0.695152342319,
        "dvar": 0.302819401026,
        "dvar2": 0.6812697649,
        "max": 8.57370662689,
        "mean": 0.477161318064,
        "median": 0.311433255672,
        "min": -3.18091106415,
        "var": 1.19729804993
    },
    "erbbands_spread": {
        "dmean": 10.8769960403,
        "dmean2": 16.7654800415,
        "dvar": 179.544204712,
        "dvar2": 361.171203613,
        "max": 166.530838013,
        "mean": 45.0157775879,
        "median": 44.1696166992,
        "min": 0.714359641075,
        "var": 592.108032227
    },
    "hfc": {
        "dmean": 17.6241016388,
        "dmean2": 24.5209560394,
        "dvar": 1828.41015625,
        "dvar2": 2201.51220703,
        "max": 591.182861328,
        "mean": 31.8107280731,
        "median": 12.6716461182,
        "min": 1.22086908564e-16,
        "var": 4921.45410156
    },
    "melbands_crest": {
        "dmean": 3.79704642296,
        "dmean2": 6.07305860519,
        "dvar": 11.7410116196,
        "dvar2": 28.9982337952,
        "max": 31.5114994049,
        "mean": 13.8062286377,
        "median": 13.0112457275,
        "min": 1.59790658951,
        "var": 33.7678337097
    },
    "melbands_flatness_db": {
        "dmean": 0.0316184237599,
        "dmean2": 0.0470193065703,
        "dvar": 0.00116413726937,
        "dvar2": 0.00229975325055,
        "max": 0.663113713264,
        "mean": 0.178337603807,
        "median": 0.15903827548,
        "min": 0.00269831484184,
        "var": 0.0116346320137
    },
    "melbands_kurtosis": {
        "dmean": 6.6506357193,
        "dmean2": 10.6712560654,
        "dvar": 132.491729736,
        "dvar2": 330.343444824,
        "max": 296.777404785,
        "mean": 11.4316263199,
        "median": 7.84259128571,
        "min": -1.79147791862,
        "var": 234.739364624
    },
    "melbands_skewness": {
        "dmean": 0.787318646908,
        "dmean2": 1.2342042923,
        "dvar": 0.727209866047,
        "dvar2": 1.70867693424,
        "max": 13.2276973724,
        "mean": 2.44562292099,
        "median": 2.37600135803,
        "min": -2.44888138771,
        "var": 2.27880358696
    },
    "melbands_spread": {
        "dmean": 12.4158477783,
        "dmean2": 19.6595726013,
        "dvar": 416.220123291,
        "dvar2": 979.157653809,
        "max": 243.406555176,
        "mean": 31.6108226776,
        "median": 20.9050941467,
        "min": 0.331658810377,
        "var": 983.913085938
    },
    "pitch_salience": {
        "dmean": 0.0850364863873,
        "dmean2": 0.136154875159,
        "dvar": 0.00602088635787,
        "dvar2": 0.0151593675837,
        "max": 0.899790406227,
        "mean": 0.597385704517,
        "median": 0.60676908493,
        "min": 0.128592014313,
        "var": 0.0140016721562
    },
    "silence_rate_20dB": {
        "dmean": 0,
        "dmean2": 0,
        "dvar": 0,
        "dvar2": 0,
        "max": 1,
        "mean": 1,
        "median": 1,
        "min": 1,
        "var": 0
    },
    "silence_rate_30dB": {
        "dmean": 0.00602569803596,
        "dmean2": 0.0120524633676,
        "dvar": 0.00599018204957,
        "dvar2": 0.0159869287163,
        "max": 1,
        "mean": 0.995038092136,
        "median": 1,
        "min": 0,
        "var": 0.00493654515594
    },
    "silence_rate_60dB": {
        "dmean": 0.0524590164423,
        "dmean2": 0.104927331209,
        "dvar": 0.0497020445764,
        "dvar2": 0.115881487727,
        "max": 1,
        "mean": 0.10792131722,
        "median": 0,
        "min": 0,
        "var": 0.0962794497609
    },
    "spectral_centroid": {
        "dmean": 321.86618042,
        "dmean2": 489.078796387,
        "dvar": 160673.34375,
        "dvar2": 343898.53125,
        "max": 10554.7705078,
        "mean": 1523.50402832,
        "median": 1384.81396484,
        "min": 267.006225586,
        "var": 708449.6875
    },
    "spectral_complexity": {
        "dmean": 4.47319459915,
        "dmean2": 6.75965976715,
        "dvar": 25.7520160675,
        "dvar2": 50.9539909363,
        "max": 58,
        "mean": 18.5925922394,
        "median": 16,
        "min": 0,
        "var": 154.89604187
    },
    "spectral_decrease": {
        "dmean": 1.99357752528e-09,
        "dmean2": 3.07676861766e-09,
        "dvar": 1.18313165026e-17,
        "dvar2": 2.78682111453e-17,
        "max": 3.3857346196e-18,
        "mean": -4.59669857733e-09,
        "median": -3.14201509255e-09,
        "min": -6.96086530638e-08,
        "var": 2.55849908226e-17
    },
    "spectral_energy": {
        "dmean": 0.00874479673803,
        "dmean2": 0.013191091828,
        "dvar": 0.000192971681827,
        "dvar2": 0.000435704889242,
        "max": 0.270322144032,
        "mean": 0.0202342532575,
        "median": 0.0137286745012,
        "min": 1.0655548396e-20,
        "var": 0.000460105133243
    },
    "spectral_energyband_high": {
        "dmean": 0.00161247607321,
        "dmean2": 0.00234458572231,
        "dvar": 1.49686320583e-05,
        "dvar2": 2.07975008379e-05,
        "max": 0.0560367442667,
        "mean": 0.00236535421573,
        "median": 0.000586070877034,
        "min": 8.14847301152e-21,
        "var": 3.675005064e-05
    },
    "spectral_energyband_low": {
        "dmean": 0.0024276052136,
        "dmean2": 0.00396857270971,
        "dvar": 7.04564372427e-05,
        "dvar2": 0.000173388689291,
        "max": 0.105317234993,
        "mean": 0.00305800302885,
        "median": 0.000496146909427,
        "min": 7.37113396887e-23,
        "var": 8.05315285106e-05
    },
    "spectral_energyband_middle_high": {
        "dmean": 0.00124846375547,
        "dmean2": 0.00183482677676,
        "dvar": 3.95876122639e-06,
        "dvar2": 7.11763459549e-06,
        "max": 0.0484874509275,
        "mean": 0.00327215366997,
        "median": 0.00213048933074,
        "min": 1.26755068921e-21,
        "var": 1.75845470949e-05
    },
    "spectral_energyband_middle_low": {
        "dmean": 0.00559514993802,
        "dmean2": 0.00865095760673,
        "dvar": 8.55068356032e-05,
        "dvar2": 0.000198641006136,
        "max": 0.262153595686,
        "mean": 0.0120771098882,
        "median": 0.00844726897776,
        "min": 3.05415085143e-22,
        "var": 0.000183278694749
    },
    "spectral_entropy": {
        "dmean": 0.250824421644,
        "dmean2": 0.385197877884,
        "dvar": 0.0888158902526,
        "dvar2": 0.18774355948,
        "max": 9.80549716949,
        "mean": 7.60937309265,
        "median": 7.76235818863,
        "min": 4.29558181763,
        "var": 0.5597012043
    },
    "spectral_flux": {
        "dmean": 0.0279268678278,
        "dmean2": 0.0446371398866,
        "dvar": 0.00100829731673,
        "dvar2": 0.00234129629098,
        "max": 0.31643679738,
        "mean": 0.079816237092,
        "median": 0.070219732821,
        "min": 1.032257127e-10,
        "var": 0.00270031951368
    },
    "spectral_kurtosis": {
        "dmean": 4.15419387817,
        "dmean2": 6.73196268082,
        "dvar": 203.458572388,
        "dvar2": 470.74118042,
        "max": 369.934509277,
        "mean": 10.0280399323,
        "median": 2.67795968056,
        "min": -1.56478643417,
        "var": 1195.67675781
    },
    "spectral_rms": {
        "dmean": 0.000890388560947,
        "dmean2": 0.00131627370138,
        "dvar": 1.10337828119e-06,
        "dvar2": 2.35001857618e-06,
        "max": 0.0162397325039,
        "mean": 0.00390449981205,
        "median": 0.00365975825116,
        "min": 3.224229694e-12,
        "var": 4.4955913836e-06
    },
    "spectral_rolloff": {
        "dmean": 1076.91186523,
        "dmean2": 1833.9354248,
        "dvar": 3682841.25,
        "dvar2": 7578760,
        "max": 19767.4804688,
        "mean": 2882.83764648,
        "median": 1485.79101562,
        "min": 150.732421875,
        "var": 13850436
    },
    "spectral_skewness": {
        "dmean": 0.351554214954,
        "dmean2": 0.562819123268,
        "dvar": 0.486407488585,
        "dvar2": 1.11808621883,
        "max": 16.5079975128,
        "mean": 1.67513382435,
        "median": 1.23855769634,
        "min": -0.523247897625,
        "var": 3.4223177433
    },
    "spectral_spread": {
        "dmean": 960906.8125,
        "dmean2": 1418532.625,
        "dvar": 2.39327353242e+12,
        "dvar2": 3.8532087808e+12,
        "max": 40321948,
        "mean": 5268537,
        "median": 4733941,
        "min": 226326.15625,
        "var": 8.74108734669e+12
    },
    "spectral_strongpeak": {
        "dmean": 0.496692508459,
        "dmean2": 0.825060844421,
        "dvar": 0.849386692047,
        "dvar2": 2.37222099304,
        "max": 18.7285461426,
        "mean": 0.879666686058,
        "median": 0.7162733078,
        "min": 0,
        "var": 0.808847904205
    },
    "zerocrossingrate": {
        "dmean": 0.0197354331613,
        "dmean2": 0.0228045172989,
        "dvar": 0.00096426071832,
        "dvar2": 0.001027130289,
        "max": 0.52783203125,
        "mean": 0.0929012820125,
        "median": 0.06787109375,
        "min": 0.00634765625,
        "var": 0.00874455086887
    },
    "barkbands": {
        "dmean": [4.79020382045e-05, 0.000532558944542, 0.00191538943909, 0.000562887929846, 0.00280145206489, 0.00236048083752, 0.00106379203498, 0.000889847869985, 0.000409536063671, 0.00046517982264, 0.000210258716834, 0.00020913114713, 0.000219520021346, 0.000166220081155, 0.000145842743223, 0.000162204785738, 0.000183880445547, 0.000258230807958, 0.000145366240758, 0.000174729546416, 0.000121653029055, 0.000190166276298, 0.000281825981801, 0.00031900810427, 0.000557706167456, 0.0003380922426, 1.86853230844e-05],
        "dmean2": [8.18516782601e-05, 0.000896619108971, 0.00321442680433, 0.000966466672253, 0.00432145502418, 0.00363822421059, 0.00169725855812, 0.00137513095979, 0.000649251334835, 0.000769025064074, 0.000346721499227, 0.000333298637997, 0.000338464567903, 0.000265981187113, 0.000234170438489, 0.000264027883532, 0.000285594607703, 0.000392864109017, 0.000231085999985, 0.000273365236353, 0.000195163665921, 0.000302910688333, 0.000483248208184, 0.00055007863557, 0.000763590331189, 0.000412104825955, 3.00954834529e-05],
        "dvar": [1.33180240169e-08, 2.44570856012e-06, 5.00941314385e-05, 1.89662648609e-06, 5.24422430317e-05, 1.74042306753e-05, 5.23412154507e-06, 2.9693317174e-06, 7.73653084707e-07, 1.4900097085e-06, 1.95091018895e-07, 1.72145675492e-07, 2.5294588113e-07, 1.56825151976e-07, 9.42541547033e-08, 8.6617468753e-08, 1.21952950849e-07, 4.27571592354e-07, 6.09921642081e-08, 9.85543948673e-08, 3.99018844632e-08, 1.71734924947e-07, 3.71323295667e-07, 4.60932341184e-07, 6.06580670137e-06, 2.86702379526e-06, 1.05609538892e-08],
        "dvar2": [3.35563434817e-08, 6.42940813123e-06, 0.000128392348415, 5.03504088556e-06, 0.000111439534521, 3.87587642763e-05, 1.10589398901e-05, 7.5477187238e-06, 1.97367671717e-06, 3.96158520743e-06, 4.74048647447e-07, 3.76888436904e-07, 5.4339267308e-07, 3.61089007583e-07, 2.21547935553e-07, 2.11736008282e-07, 2.66669275106e-07, 1.01081036519e-06, 1.38187459697e-07, 2.29334986557e-07, 1.00179761375e-07, 3.89166274317e-07, 9.82296342045e-07, 1.26326631289e-06, 1.02256481114e-05, 4.49593699159e-06, 2.32037802306e-08],
        "max": [0.00202738773078, 0.0273077115417, 0.0920616239309, 0.0227460861206, 0.24867592752, 0.0621598288417, 0.080265879631, 0.0355842746794, 0.0184139441699, 0.0270642526448, 0.0157215241343, 0.011199792847, 0.0117693170905, 0.0128249516711, 0.00720201805234, 0.00495576253161, 0.00664265360683, 0.0148170106113, 0.00553244072944, 0.00905643310398, 0.00556991668418, 0.0120825655758, 0.0042715491727, 0.00861866399646, 0.0322407186031, 0.0218224655837, 0.00140162801836],
        "mean": [4.64661388833e-05, 0.000686078798026, 0.00198695110157, 0.000611809431575, 0.0039065903984, 0.0033838308882, 0.00158791325521, 0.00152106257156, 0.000670035777148, 0.000618685327936, 0.00029028521385, 0.000325945205986, 0.000338399782777, 0.000233176731854, 0.000246732059168, 0.000279134197626, 0.000317908619763, 0.000413254863815, 0.000270696531516, 0.000318495120155, 0.000240586596192, 0.000285684596747, 0.000289860152407, 0.000303267006529, 0.000631775998045, 0.000405660946853, 2.39834353124e-05],
        "median": [9.77881973085e-06, 5.11573416588e-05, 0.000148698294652, 0.000127000239445, 0.000939570483752, 0.00110719352961, 0.000681688310578, 0.000870693242177, 0.000257495441474, 0.000263747613644, 0.000130601110868, 0.000127334977151, 9.96799062705e-05, 9.18180594454e-05, 0.000108957239718, 0.000138695540954, 0.000159960487508, 0.00016814324772, 0.000154708570335, 0.000168269121787, 0.000147639511852, 8.49393109092e-05, 6.32651353953e-05, 5.22549889865e-05, 2.83386762021e-05, 4.38799361291e-06, 1.99403444867e-07],
        "min": [1.41701506683e-23, 7.64834410859e-24, 2.6018210376e-23, 4.84421243432e-23, 6.00489377643e-23, 6.22140769592e-23, 4.20275681567e-23, 2.89790893432e-23, 5.03649286235e-23, 3.09258308188e-23, 6.76671316091e-23, 1.82887193015e-23, 9.37557651758e-23, 7.10858591348e-23, 1.77891819685e-22, 1.22468610808e-22, 1.57067747189e-22, 2.58750441124e-22, 1.9390533003e-22, 1.97138069398e-22, 4.42745040233e-22, 4.11579910037e-22, 6.42654611494e-22, 8.55972192815e-22, 1.36408292923e-21, 2.01021186086e-21, 2.45678458042e-21],
        "var": [1.36033975195e-08, 2.96129223898e-06, 4.89323283546e-05, 1.99654732569e-06, 7.97809989308e-05, 2.91820324492e-05, 9.55320592766e-06, 4.64087906948e-06, 1.47717253185e-06, 1.92848006009e-06, 2.9435864235e-07, 4.21252764227e-07, 5.34384071216e-07, 2.24869538101e-07, 2.17816534587e-07, 1.67611005963e-07, 2.24519794756e-07, 7.7601424664e-07, 1.43362925087e-07, 2.05484312232e-07, 9.53523624503e-08, 3.64916985518e-07, 3.35484628522e-07, 4.37889781324e-07, 1.01609421108e-05, 5.28397185917e-06, 1.57177879601e-08]
    },
    "erbbands": {
        "dmean": [0.0072223180905, 0.174743428826, 1.78522717953, 2.04468607903, 2.97422838211, 12.3602294922, 14.6485700607, 20.7584323883, 18.1206569672, 19.9006881714, 12.8676767349, 9.27815151215, 17.0469532013, 7.31267166138, 9.58489322662, 8.40802669525, 9.86389636993, 8.05173873901, 6.63095569611, 7.93487405777, 8.41573429108, 9.197224617, 15.0226106644, 8.44152259827, 6.57936859131, 8.22867774963, 5.69638442993, 4.98252820969, 7.24792385101, 7.38281393051, 7.90663814545, 7.23575544357, 5.67525577545, 4.42033481598, 5.06865024567, 2.2148168087, 0.501743733883, 0.0439615063369, 0.00320260412991, 0.00023505766876],
        "dmean2": [0.0116185955703, 0.296279937029, 3.04876756668, 3.36814045906, 4.79357719421, 18.9320602417, 24.0714874268, 31.8157920837, 28.1194057465, 29.9077224731, 20.3565368652, 14.6098184586, 27.7225437164, 12.2402477264, 15.8120098114, 13.4150066376, 15.0983486176, 12.6420440674, 10.9176998138, 12.6649904251, 13.3610839844, 13.936258316, 22.7257156372, 13.1576528549, 10.6038808823, 12.8355846405, 9.02933883667, 8.02301979065, 11.1717100143, 12.589764595, 13.5971975327, 12.638250351, 9.8750371933, 7.08281850815, 6.66375112534, 2.49665331841, 0.622376918793, 0.0670136511326, 0.0052564041689, 0.000305510533508],
        "dvar": [0.000252689962508, 0.324323356152, 47.9115409851, 32.0852775574, 44.229259491, 1079.99084473, 1431.60778809, 1667.61096191, 1444.1036377, 1145.21459961, 784.194946289, 414.542633057, 2056.49047852, 233.301635742, 427.858703613, 307.448577881, 485.041656494, 364.318359375, 181.153488159, 269.21005249, 210.240875244, 271.078735352, 1839.63000488, 198.419967651, 113.132965088, 209.948944092, 80.5686416626, 84.0262680054, 326.687194824, 224.401794434, 265.284851074, 260.336853027, 216.649841309, 306.712799072, 564.888244629, 117.167877197, 6.38825273514, 0.0566173903644, 0.00030224584043, 1.29617944822e-06],
        "dvar2": [0.000616125995293, 0.856593310833, 127.474998474, 74.8857879639, 111.081291199, 2310.72875977, 3389.84692383, 3568.53125, 3319.44921875, 2460.18994141, 2086.64038086, 1047.96459961, 5570.15527344, 566.407104492, 1096.8092041, 701.438964844, 1078.89831543, 839.630249023, 438.497253418, 607.842590332, 497.943725586, 587.587524414, 4408.12792969, 442.84588623, 267.910522461, 485.946289062, 191.262313843, 216.114303589, 677.31854248, 594.671875, 685.148681641, 705.392333984, 620.639587402, 636.754455566, 972.759033203, 170.78237915, 10.8959274292, 0.115789026022, 0.000674988143146, 2.244907364e-06],
        "max": [0.314050763845, 7.54863119125, 84.7885437012, 75.2407073975, 108.953208923, 1041.14343262, 1061.19482422, 666.223449707, 760.440551758, 1004.52075195, 598.055053711, 463.056640625, 939.697570801, 633.450073242, 368.305419922, 451.903808594, 573.103942871, 481.599914551, 295.914855957, 295.714385986, 232.420578003, 316.395385742, 1008.45947266, 319.915161133, 241.875473022, 302.672424316, 221.90965271, 309.635314941, 336.954040527, 246.254562378, 117.473335266, 174.808792114, 202.066146851, 204.081008911, 320.752593994, 155.061752319, 33.2160491943, 3.10775732994, 0.244946226478, 0.0159809701145],
        "mean": [0.0117658646777, 0.213394314051, 1.79778420925, 2.53938794136, 4.09016895294, 16.5776958466, 18.7061424255, 29.3342685699, 28.1560249329, 36.1686134338, 21.7978878021, 15.571231842, 23.2597293854, 10.5958776474, 13.7179479599, 13.8764896393, 15.9128732681, 12.3027238846, 11.1897239685, 14.8414392471, 16.6107292175, 17.5984649658, 23.8719959259, 15.6565647125, 12.731420517, 15.328836441, 11.0758333206, 9.27094268799, 11.2003297806, 8.95126533508, 8.11424732208, 6.66735887527, 5.18603277206, 5.06434440613, 5.35784435272, 2.5560002327, 0.615991532803, 0.0572718419135, 0.00420340243727, 0.000320693128742],
        "median": [0.00152841676027, 0.0172981973737, 0.145688593388, 0.452911227942, 1.06618309021, 3.35682320595, 5.90156316757, 8.71998977661, 10.6621131897, 18.3735408783, 11.9055728912, 7.02878665924, 10.1526794434, 4.59011459351, 6.53792572021, 5.81005239487, 5.09362888336, 5.22396707535, 4.99594211578, 7.35350799561, 8.82247829437, 8.84817790985, 9.24454593658, 8.63467788696, 7.60230064392, 8.57656860352, 6.35686016083, 4.84833526611, 3.18363285065, 2.36912679672, 1.81843519211, 1.20719885826, 0.740398168564, 0.391430407763, 0.159875392914, 0.0355354472995, 0.00572146568447, 0.000628330861218, 6.15544486209e-05, 2.95698228001e-05],
        "min": [3.2085737184e-22, 2.08064964236e-21, 2.67765149749e-20, 1.11230886497e-19, 7.30890391527e-20, 1.57488041273e-19, 7.32363173683e-19, 3.80971214302e-19, 5.72594479139e-19, 5.83462081424e-19, 8.35448644667e-19, 1.20990974075e-18, 1.16319409527e-18, 1.56617239807e-18, 2.24126406769e-18, 8.85140951279e-19, 4.51714233528e-18, 2.67167757326e-18, 5.57208795668e-18, 1.03488963483e-17, 8.92942546586e-18, 7.43310536859e-18, 9.48498312631e-18, 1.60901270238e-17, 1.00407037413e-17, 1.01203041589e-17, 2.11805369565e-17, 1.13119033262e-17, 1.57462696976e-17, 1.48415260133e-17, 1.88721537995e-17, 1.54917495318e-17, 1.70498186618e-17, 1.34469383781e-17, 9.60992958501e-18, 7.26217924835e-18, 4.14943780554e-18, 1.55901397705e-18, 3.12537476551e-19, 3.55594508644e-20],
        "var": [0.000488021789351, 0.35671916604, 43.2489929199, 42.210231781, 62.2686500549, 1600.80334473, 1749.47229004, 2689.83618164, 2279.15795898, 2736.66137695, 1025.75061035, 682.337402344, 2817.3894043, 441.868865967, 604.17980957, 686.624633789, 1039.30175781, 563.269958496, 367.900115967, 637.059875488, 504.548919678, 588.688171387, 3200.98779297, 468.838867188, 268.146331787, 439.034332275, 200.115829468, 173.310974121, 807.14440918, 269.156524658, 247.263931274, 209.33404541, 194.974075317, 461.171447754, 875.573303223, 215.441101074, 11.729341507, 0.0932701304555, 0.000462160242023, 2.46240824708e-06]
    },
    "gfcc": {
        "mean": [-52.0986175537, 70.8710250854, -123.254043579, 22.0839939117, -80.5592575073, -4.46431159973, -46.5841178894, 2.01440429688, -23.1336326599, -0.702307522297, -12.8867015839, -1.64215517044, -8.22456073761],
        "cov": [[36448.125, -637.20098877, -2642.34375, 1675.25622559, -1790.8371582, 320.080871582, -1514.69226074, 162.665985107, -828.570556641, 19.9760875702, -447.158843994, -119.606658936, -564.380737305], [-637.20098877, 4458.81396484, 73.4025878906, -35.2403068542, 337.612640381, -320.045684814, 551.904846191, -255.229049683, 493.711242676, -191.532546997, 202.624008179, -343.895050049, 211.034606934], [-2642.34375, 73.4025878906, 1316.01477051, -334.646118164, 220.529953003, 147.652038574, 122.407302856, 105.826698303, 41.0451316833, 98.8029251099, 25.7821998596, 41.6649017334, -26.308971405], [1675.25622559, -35.2403068542, -334.646118164, 797.749023438, 7.92843914032, 156.653549194, -15.4115657806, -2.47734475136, 1.05429577827, -80.3756408691, -17.3934211731, -56.3685531616, -15.8566608429], [-1790.8371582, 337.612640381, 220.529953003, 7.92843914032, 415.895477295, 23.4169006348, 176.49961853, -38.1098480225, 70.7202453613, 14.1439981461, 40.611618042, -5.27748584747, 26.7154331207], [320.080871582, -320.045684814, 147.652038574, 156.653549194, 23.4169006348, 395.492919922, 41.795135498, 88.2825393677, -60.9783935547, -1.83085417747, -41.0073242188, -11.1421194077, -62.1283950806], [-1514.69226074, 551.904846191, 122.407302856, -15.4115657806, 176.49961853, 41.795135498, 290.214538574, 48.6168823242, 148.566452026, -10.8252086639, 34.2382316589, -54.358455658, 18.8797359467], [162.665985107, -255.229049683, 105.826698303, -2.47734475136, -38.1098480225, 88.2825393677, 48.6168823242, 178.130004883, 46.9773521423, 52.4535102844, -22.8190174103, 3.49563789368, -40.3845710754], [-828.570556641, 493.711242676, 41.0451316833, 1.05429577827, 70.7202453613, -60.9783935547, 148.566452026, 46.9773521423, 225.1277771, 48.5162887573, 76.9581604004, -43.1372909546, 31.4823188782], [19.9760875702, -191.532546997, 98.8029251099, -80.3756408691, 14.1439981461, -1.83085417747, -10.8252086639, 52.4535102844, 48.5162887573, 141.915725708, 53.043964386, 40.4181251526, -25.8254947662], [-447.158843994, 202.624008179, 25.7821998596, -17.3934211731, 40.611618042, -41.0073242188, 34.2382316589, -22.8190174103, 76.9581604004, 53.043964386, 125.045959473, 37.2502098083, 38.2245941162], [-119.606658936, -343.895050049, 41.6649017334, -56.3685531616, -5.27748584747, -11.1421194077, -54.358455658, 3.49563789368, -43.1372909546, 40.4181251526, 37.2502098083, 117.701194763, 27.1562576294], [-564.380737305, 211.034606934, -26.308971405, -15.8566608429, 26.7154331207, -62.1283950806, 18.8797359467, -40.3845710754, 31.4823188782, -25.8254947662, 38.2245941162, 27.1562576294, 105.960952759]],
        "icov": [[7.64025971876e-05, -0.000152726410306, 0.000125146209029, -0.000133460926008, 0.000129614738398, -6.14682139712e-05, 0.000379218632588, -0.000286811846308, 0.000250143144513, -0.000293446297292, 0.000201875460334, -0.000238205335336, 0.000319001090247], [-0.000152726410306, 0.000941060832702, -0.000387126259739, 0.000329343689373, -0.000171167761437, 0.000345106294844, -0.00138313614298, 0.00131335575134, -0.000972455658484, 0.00114796462003, -0.00131441780832, 0.00219267699867, -0.00126111065038], [0.000125146209029, -0.000387126259739, 0.00135153159499, 0.000336404045811, -0.000482923962409, -0.000669739150908, 0.000946879561525, -0.00118624395691, 0.000401627534302, -0.000626958615612, 0.000347641645931, -0.000855103950016, 0.000753343454562], [-0.000133460926008, 0.000329343689373, 0.000336404045811, 0.0021496922709, -0.000868561270181, -0.000969092885498, 0.000439434486907, 0.000143823766848, -0.00144194858149, 0.00209787627682, -0.00113008148037, 0.000968053529505, -0.00023497219081], [0.000129614738398, -0.000171167761437, -0.000482923962409, -0.000868561270181, 0.00464003393427, -1.39412250064e-05, -0.00290546682663, 0.00243485043757, 0.000703175959643, -0.00238478509709, 0.00135910161771, -0.00119138497394, 7.39086244721e-05], [-6.14682139712e-05, 0.000345106294844, -0.000669739150908, -0.000969092885498, -1.39412250064e-05, 0.00444562686607, -0.00210586446337, -0.00154687662143, 0.00274663954042, 1.93844934984e-05, -0.0012757119257, 0.00154149113223, 0.000323564716382], [0.000379218632588, -0.00138313614298, 0.000946879561525, 0.000439434486907, -0.00290546682663, -0.00210586446337, 0.0120959002525, -0.00501429149881, -0.0035293623805, 0.00264603458345, 0.000142984688864, -0.00118843046948, 0.00245342752896], [-0.000286811846308, 0.00131335575134, -0.00118624395691, 0.000143823766848, 0.00243485043757, -0.00154687662143, -0.00501429149881, 0.0141821336001, -0.00615028198808, -0.00237495428883, 0.0050310222432, -0.00183129659854, 0.000264296628302], [0.000250143144513, -0.000972455658484, 0.000401627534302, -0.00144194858149, 0.000703175959643, 0.00274663954042, -0.0035293623805, -0.00615028198808, 0.0164432376623, -0.00629434455186, -0.00562161859125, 0.00610311562195, -0.00308476132341], [-0.000293446297292, 0.00114796462003, -0.000626958615612, 0.00209787627682, -0.00238478509709, 1.93844934984e-05, 0.00264603458345, -0.00237495428883, -0.00629434455186, 0.0179937966168, -0.00763117196038, -0.00175514339935, 0.00500337872654], [0.000201875460334, -0.00131441780832, 0.000347641645931, -0.00113008148037, 0.00135910161771, -0.0012757119257, 0.000142984688864, 0.0050310222432, -0.00562161859125, -0.00763117196038, 0.0205659791827, -0.0102603640407, -0.000567492272239], [-0.000238205335336, 0.00219267699867, -0.000855103950016, 0.000968053529505, -0.00119138497394, 0.00154149113223, -0.00118843046948, -0.00183129659854, 0.00610311562195, -0.00175514339935, -0.0102603640407, 0.0233027487993, -0.00949709303677], [0.000319001090247, -0.00126111065038, 0.000753343454562, -0.00023497219081, 7.39086244721e-05, 0.000323564716382, 0.00245342752896, 0.000264296628302, -0.00308476132341, 0.00500337872654, -0.000567492272239, -0.00949709303677, 0.0184094160795]]
    },
    "melbands": {
        "dmean": [9.96901799226e-05, 0.000674924114719, 0.000357594748493, 0.000508193683345, 0.000554531870876, 0.000470412807772, 0.00027365857386, 0.000220786023419, 9.9773715192e-05, 5.6844924984e-05, 8.49403440952e-05, 2.97046572086e-05, 2.8778316846e-05, 2.52655609074e-05, 2.60543329205e-05, 1.93233536265e-05, 1.66021745827e-05, 1.12692523544e-05, 1.17078070616e-05, 1.25682545331e-05, 1.06420948214e-05, 1.0788326108e-05, 1.29553918669e-05, 1.18855268738e-05, 7.14300267646e-06, 5.61141814615e-06, 5.18039269082e-06, 6.13571774011e-06, 4.19395610152e-06, 3.2838891002e-06, 2.8884708172e-06, 4.30635645898e-06, 3.75467493541e-06, 4.52350468549e-06, 4.62101661469e-06, 4.47645561508e-06, 5.06210017193e-06, 4.0011937017e-06, 4.31177659266e-06, 3.98909833166e-06],
        "dmean2": [0.00016359219444, 0.00114235142246, 0.000586112088058, 0.00077625043923, 0.000885495217517, 0.000719019561075, 0.00042063582805, 0.000332009571139, 0.000158091352205, 8.99723308976e-05, 0.000138371920912, 4.99051893712e-05, 4.72329520562e-05, 4.10774555348e-05, 4.1822095227e-05, 2.9814968002e-05, 2.64285135927e-05, 1.86751349247e-05, 1.8988872398e-05, 2.0112058337e-05, 1.70965631696e-05, 1.6680914996e-05, 1.928533311e-05, 1.86483430298e-05, 1.13071764645e-05, 9.13380154088e-06, 8.54094196256e-06, 9.66905008681e-06, 6.67924996378e-06, 5.34506671102e-06, 4.71184466733e-06, 6.69502605888e-06, 6.19012098468e-06, 7.81657399784e-06, 7.9845685832e-06, 7.80116897658e-06, 9.00488066691e-06, 6.98634812579e-06, 7.75611897552e-06, 6.34776779407e-06],
        "dvar": [6.56525926956e-08, 6.6591705945e-06, 9.1059166607e-07, 1.58162765729e-06, 2.22274275075e-06, 7.88833460774e-07, 3.02447546119e-07, 1.42487607491e-07, 4.75286476842e-08, 1.53374060119e-08, 5.14855145184e-08, 3.79078279877e-09, 3.61704355356e-09, 2.39427833115e-09, 4.74785899485e-09, 1.72770819873e-09, 1.76331360624e-09, 5.92404458821e-10, 6.46265596593e-10, 6.52558784786e-10, 4.03197447651e-10, 4.15354223238e-10, 8.52021231346e-10, 1.12370679428e-09, 1.47436285403e-10, 1.05122348326e-10, 7.28506491243e-11, 1.49414883244e-10, 5.77130149226e-11, 3.67005974222e-11, 2.87210377009e-11, 1.35026781423e-10, 9.91403556472e-11, 9.44872444175e-11, 8.59150944832e-11, 9.85497725092e-11, 1.31072569465e-10, 8.34272234629e-11, 3.42678690979e-10, 2.66654087699e-10],
        "dvar2": [1.65960059917e-07, 1.7452524844e-05, 2.07011885323e-06, 3.50277719008e-06, 4.92435219712e-06, 1.69974407527e-06, 6.64654464799e-07, 3.23572578509e-07, 1.23873377333e-07, 3.91482757323e-08, 1.39304347613e-07, 9.37684951907e-09, 9.13686104553e-09, 5.5654472142e-09, 1.17669038957e-08, 3.91245569276e-09, 4.09587075367e-09, 1.43057621305e-09, 1.5509352691e-09, 1.48003531653e-09, 9.431239123e-10, 9.19504694608e-10, 1.83239279306e-09, 2.8862103818e-09, 3.36026539927e-10, 2.5039470497e-10, 1.80521014803e-10, 3.60145024914e-10, 1.39090849949e-10, 9.45372669037e-11, 7.53447859658e-11, 2.66745903144e-10, 2.43671610667e-10, 2.54004844935e-10, 2.14712789215e-10, 2.63509908338e-10, 3.62542051935e-10, 2.38012193288e-10, 9.68816915581e-10, 5.55412160708e-10],
        "max": [0.00536608695984, 0.0315370075405, 0.0122080938891, 0.0321726575494, 0.0508484393358, 0.0135860741138, 0.0127719556913, 0.00902354624122, 0.00412495667115, 0.00306948297657, 0.00479966495186, 0.00236725015566, 0.00147103099152, 0.00133787642699, 0.00133538083173, 0.000892897543963, 0.00113085296471, 0.000646838976536, 0.000621665793005, 0.00043702221592, 0.000329264585162, 0.000417859002482, 0.000718294177204, 0.000628128240351, 0.000228615681408, 0.000216662170715, 0.000218489556573, 0.000304970686557, 0.000260457047261, 0.000169211867615, 0.000148183040437, 0.000216219035792, 0.000505651813, 8.71439187904e-05, 8.65967158461e-05, 0.00010360727174, 0.000134091300424, 0.000182273404789, 0.000217640044866, 0.00019624097331],
        "mean": [0.000149606581545, 0.000730695202947, 0.000451661006082, 0.000723519071471, 0.000722934491932, 0.00067070836667, 0.000429962703492, 0.000400116725359, 0.000162942014867, 9.37659860938e-05, 0.00011386253027, 4.015956074e-05, 4.03770645789e-05, 3.97956173401e-05, 3.86127176171e-05, 2.93180855806e-05, 2.28178614634e-05, 1.71101710293e-05, 1.99523492483e-05, 2.07524972211e-05, 1.94018739421e-05, 1.8441451175e-05, 2.12336017285e-05, 1.81175655598e-05, 1.22050942082e-05, 9.51243418967e-06, 9.1013898782e-06, 1.06531851998e-05, 7.44556291465e-06, 5.91517391513e-06, 4.96121583637e-06, 6.55913709124e-06, 5.10831750944e-06, 4.98023609907e-06, 4.80063499708e-06, 4.04982938562e-06, 4.34803951066e-06, 3.61705065188e-06, 3.83947735827e-06, 4.42023201686e-06],
        "median": [1.56421774591e-05, 7.40076793591e-05, 9.29733505473e-05, 0.000154817273142, 0.000223511829972, 0.000203469215194, 0.000163246673765, 0.000210545898881, 8.18876433186e-05, 3.93937698391e-05, 4.90351740154e-05, 1.58822804224e-05, 1.85807584785e-05, 1.90009595826e-05, 1.2043165043e-05, 8.22069159767e-06, 8.94152890396e-06, 6.92134562996e-06, 9.37293589232e-06, 1.04635319076e-05, 9.56900112214e-06, 8.40560642246e-06, 9.17739271244e-06, 7.33436172595e-06, 6.66580172037e-06, 5.0015951274e-06, 5.46484443475e-06, 5.55905535293e-06, 3.94525886804e-06, 3.2663588172e-06, 2.39185442297e-06, 1.75823083737e-06, 1.53064684127e-06, 1.16220644486e-06, 1.06298762148e-06, 7.30088800083e-07, 6.81391213675e-07, 5.29379406089e-07, 3.78024935799e-07, 2.81728205209e-07],
        "min": [3.57947174023e-24, 9.36559095847e-24, 1.76350486451e-23, 5.88656053857e-24, 2.2490571136e-23, 8.92001313135e-24, 9.23010646458e-24, 6.34163072897e-24, 7.21609881962e-24, 7.20973586756e-24, 5.57429507684e-24, 5.71172963488e-24, 8.25171699372e-24, 3.34307379276e-24, 4.58684317189e-24, 9.67646210856e-24, 4.88002411618e-24, 8.48174252279e-24, 1.38988945352e-23, 1.04903204381e-23, 1.07681430495e-23, 7.20612682892e-24, 8.3834323102e-24, 1.04493919678e-23, 1.36865252909e-23, 6.43752663276e-24, 6.89438162095e-24, 6.17621409132e-24, 1.22728360616e-23, 1.26141335768e-23, 4.18156627626e-24, 9.37129126737e-24, 7.63537681303e-24, 8.18131904654e-24, 1.08452589361e-23, 1.21546244661e-23, 8.3184404268e-24, 1.14713289272e-23, 1.26081737327e-23, 1.08704488425e-23],
        "var": [1.00230174382e-07, 6.36962386125e-06, 1.23580230138e-06, 2.57927877101e-06, 2.93873972623e-06, 1.31204012632e-06, 5.29945111793e-07, 3.23999813645e-07, 6.88639971713e-08, 2.57534722437e-08, 6.95728914479e-08, 6.79686440463e-09, 5.33715338591e-09, 4.67996619236e-09, 8.75686811952e-09, 3.37496763869e-09, 2.38871056268e-09, 9.95261650871e-10, 1.44707112959e-09, 1.17036269565e-09, 8.40075509156e-10, 7.67389152223e-10, 1.69251757054e-09, 1.69542291317e-09, 3.08835235163e-10, 2.15492665379e-10, 1.37477432216e-10, 2.61968891024e-10, 1.18504081548e-10, 6.80001055464e-11, 5.58128647465e-11, 3.40963035583e-10, 1.39413688927e-10, 9.94288124057e-11, 9.01420951771e-11, 7.91095799979e-11, 9.93182758258e-11, 7.57108681304e-11, 2.72715294791e-10, 3.95280641552e-10]
    },
    "mfcc": {
        "mean": [-672.337036133, 97.3704147339, 2.31646466255, 16.0267276764, -12.0634899139, -10.8534297943, -14.9367465973, -7.29031276703, -8.40941810608, -4.71365737915, -6.49498462677, 0.084821768105, -1.45342183113],
        "cov": [[16389.6660156, -1083.88452148, -678.126953125, 396.452453613, 34.9113388062, 131.453338623, -149.361236572, 1.86569428444, -325.488220215, -167.015472412, -139.450714111, 28.6378211975, -63.6406555176], [-1083.88452148, 2718.53833008, 258.774597168, 228.548538208, -78.1728439331, 72.8220825195, 16.3153991699, -0.498363107443, 169.935531616, 216.636047363, 141.06854248, 92.4423599243, 55.5634803772], [-678.126953125, 258.774597168, 902.516601562, -128.624969482, 110.214576721, 26.6615810394, 96.9000778198, 66.9449081421, 71.4947814941, 79.1944732666, 105.625640869, 16.6278610229, 27.7267551422], [396.452453613, 228.548538208, -128.624969482, 464.628540039, 81.5325698853, 82.4354934692, -19.5893878937, 26.3355369568, 15.2312164307, 13.3056297302, -38.5542602539, 34.1813926697, 7.92945814133], [34.9113388062, -78.1728439331, 110.214576721, 81.5325698853, 202.577224731, 105.676330566, 67.3804626465, 16.1087665558, 0.066846691072, -2.11695694923, 10.6002626419, 6.23152065277, 6.29060792923], [131.453338623, 72.8220825195, 26.6615810394, 82.4354934692, 105.676330566, 230.38861084, 112.271652222, 71.5010070801, 12.9700670242, 22.8300113678, 16.1196727753, -4.14781665802, -14.2347707748], [-149.361236572, 16.3153991699, 96.9000778198, -19.5893878937, 67.3804626465, 112.271652222, 153.816223145, 80.7690887451, 33.2477912903, 17.7275180817, 21.0559501648, -5.54274845123, -15.0548849106], [1.86569428444, -0.498363107443, 66.9449081421, 26.3355369568, 16.1087665558, 71.5010070801, 80.7690887451, 146.169631958, 71.4086685181, 44.5993614197, 13.1421642303, -2.20418524742, -18.5915145874], [-325.488220215, 169.935531616, 71.4947814941, 15.2312164307, 0.066846691072, 12.9700670242, 33.2477912903, 71.4086685181, 124.204597473, 83.3018875122, 35.3860092163, 8.46225166321, 3.01641559601], [-167.015472412, 216.636047363, 79.1944732666, 13.3056297302, -2.11695694923, 22.8300113678, 17.7275180817, 44.5993614197, 83.3018875122, 129.981872559, 70.6403884888, 30.5504264832, 13.2997550964], [-139.450714111, 141.06854248, 105.625640869, -38.5542602539, 10.6002626419, 16.1196727753, 21.0559501648, 13.1421642303, 35.3860092163, 70.6403884888, 135.342926025, 60.9272613525, 29.868844986], [28.6378211975, 92.4423599243, 16.6278610229, 34.1813926697, 6.23152065277, -4.14781665802, -5.54274845123, -2.20418524742, 8.46225166321, 30.5504264832, 60.9272613525, 93.2453613281, 51.3910903931], [-63.6406555176, 55.5634803772, 27.7267551422, 7.92945814133, 6.29060792923, -14.2347707748, -15.0548849106, -18.5915145874, 3.01641559601, 13.2997550964, 29.868844986, 51.3910903931, 82.7171401978]],
