{
"lowlevel": {
    "average_loudness": 0.365180432796,
    "barkbands_crest": {
        "dmean": 2.64745807648,
        "dmean2": 4.33259296417,
        "dvar": 6.78177595139,
        "dvar2": 16.4520511627,
        "max": 26.4393672943,
        "mean": 11.8117179871,
        "median": 10.5916175842,
        "min": 2.6732943058,
        "var": 24.9302921295
    },
    "barkbands_flatness_db": {
        "dmean": 0.0326355211437,
        "dmean2": 0.047399032861,
        "dvar": 0.00136628572363,
        "dvar2": 0.00271334010176,
        "max": 0.792563617229,
        "mean": 0.191352456808,
        "median": 0.172269299626,
        "min": 0.0204330626875,
        "var": 0.0109844896942
    },
    "barkbands_kurtosis": {
        "dmean": 19.0757827759,
        "dmean2": 31.2176742554,
        "dvar": 12240.9746094,
        "dvar2": 33889.1484375,
        "max": 3267.70556641,
        "mean": 25.973772049,
        "median": 8.2261505127,
        "min": -1.94979858398,
        "var": 10303.7128906
    },
    "barkbands_skewness": {
        "dmean": 1.05000662804,
        "dmean2": 1.59606099129,
        "dvar": 3.33756947517,
        "dvar2": 8.30307006836,
        "max": 44.9106941223,
        "mean": 2.86934804916,
        "median": 2.41044330597,
        "min": -4.43947887421,
        "var": 7.88607501984
    },
    "barkbands_spread": {
        "dmean": 6.06704711914,
        "dmean2": 9.14307308197,
        "dvar": 101.603370667,
        "dvar2": 216.37588501,
        "max": 119.167625427,
        "mean": 16.8654823303,
        "median": 10.7043933868,
        "min": 0.0359728299081,
        "var": 334.126159668
    },
    "dissonance": {
        "dmean": 0.0246807318181,
        "dmean2": 0.0409848093987,
        "dvar": 0.000677205622196,
        "dvar2": 0.00172376970295,
        "max": 0.500000238419,
        "mean": 0.448658525944,
        "median": 0.460899114609,
        "min": 0.0478316023946,
        "var": 0.00215815217234
    },
    "dynamic_complexity": 4.21346092224,
    "erbbands_crest": {
        "dmean": 2.78785943985,
        "dmean2": 4.40620660782,
        "dvar": 7.53866767883,
        "dvar2": 17.5103168488,
        "max": 31.1346645355,
        "mean": 11.0220813751,
        "median": 9.84336185455,
        "min": 2.12230706215,
        "var": 27.5179576874
    },
    "erbbands_flatness_db": {
        "dmean": 0.0265238303691,
        "dmean2": 0.0356858335435,
        "dvar": 0.000822405039798,
        "dvar2": 0.00148113642354,
        "max": 0.531045615673,
        "mean": 0.156269535422,
        "median": 0.147404238582,
        "min": 0.0350036993623,
        "var": 0.00434916233644
    },
    "erbbands_kurtosis": {
        "dmean": 2.45219421387,
        "dmean2": 3.83037185669,
        "dvar": 52.6928215027,
        "dvar2": 125.952583313,
        "max": 271.903442383,
        "mean": 2.90419602394,
        "median": 0.507003068924,
        "min": -1.92570328712,
        "var": 128.859451294
    },
    "erbbands_skewness": {
        "dmean": 0.512484788895,
        "dmean2": 0.7564432621,
        "dvar": 0.411838173866,
        "dvar2": 0.855124890804,
        "max": 13.4357414246,
        "mean": 0.886135160923,
        "median": 0.791089892387,
        "min": -4.4674243927,
        "var": 1.7594165802
    },
    "erbbands_spread": {
        "dmean": 13.1024751663,
        "dmean2": 19.0466995239,
        "dvar": 305.67779541,
        "dvar2": 641.24597168,
        "max": 197.333740234,
        "mean": 45.3532905579,
        "median": 37.1830368042,
        "min": 0.823139071465,
        "var": 947.534790039
    },
    "hfc": {
        "dmean": 7.94978427887,
        "dmean2": 11.5867452621,
        "dvar": 336.959411621,
        "dvar2": 748.561706543,
        "max": 339.504852295,
        "mean": 15.1116313934,
        "median": 8.24414825439,
        "min": 1.18771303971e-16,
        "var": 481.339324951
    },
    "melbands_crest": {
        "dmean": 3.13056659698,
        "dmean2": 5.09787368774,
        "dvar": 8.59937000275,
        "dvar2": 21.6257209778,
        "max": 36.0973777771,
        "mean": 15.9230213165,
        "median": 14.84096241,
        "min": 1.54650044441,
        "var": 42.8543205261
    },
    "melbands_flatness_db": {
        "dmean": 0.0377457849681,
        "dmean2": 0.0544733144343,
        "dvar": 0.00191966991406,
        "dvar2": 0.00372106279247,
        "max": 0.959910690784,
        "mean": 0.283210158348,
        "median": 0.268970429897,
        "min": 0.0034948203247,
        "var": 0.0174977984279
    },
    "melbands_kurtosis": {
        "dmean": 26.1962566376,
        "dmean2": 41.0870704651,
        "dvar": 3549.15136719,
        "dvar2": 8975.20800781,
        "max": 1324.79541016,
        "mean": 47.6462974548,
        "median": 20.6921768188,
        "min": -1.89535486698,
        "var": 6642.12255859
    },
    "melbands_skewness": {
        "dmean": 1.23716449738,
        "dmean2": 1.86315572262,
        "dvar": 2.6050992012,
        "dvar2": 6.03728485107,
        "max": 28.1931476593,
        "mean": 4.18181657791,
        "median": 3.48153209686,
        "min": -1.9941393137,
        "var": 9.85421085358
    },
    "melbands_spread": {
        "dmean": 5.603764534,
        "dmean2": 8.52049732208,
        "dvar": 186.922073364,
        "dvar2": 389.19140625,
        "max": 273.125488281,
        "mean": 17.4015254974,
        "median": 8.34911727905,
        "min": 0.117368720472,
        "var": 893.020202637
    },
    "pitch_salience": {
        "dmean": 0.0768110007048,
        "dmean2": 0.126225143671,
        "dvar": 0.00577113637701,
        "dvar2": 0.0143779879436,
        "max": 0.87566614151,
        "mean": 0.52399533987,
        "median": 0.54089307785,
        "min": 0.0338415801525,
        "var": 0.024234296754
    },
    "silence_rate_20dB": {
        "dmean": 0.00353236868978,
        "dmean2": 0.00706521747634,
        "dvar": 0.00351907731965,
        "dvar2": 0.00932594202459,
        "max": 1,
        "mean": 0.997418820858,
        "median": 1,
        "min": 0,
        "var": 0.00257452996448
    },
    "silence_rate_30dB": {
        "dmean": 0.0662998408079,
        "dmean2": 0.132608696818,
        "dvar": 0.061904001981,
        "dvar2": 0.119092181325,
        "max": 1,
        "mean": 0.906058967113,
        "median": 1,
        "min": 0,
        "var": 0.0851160138845
    },
    "silence_rate_60dB": {
        "dmean": 0.0256776027381,
        "dmean2": 0.0513586960733,
        "dvar": 0.0250214356929,
        "dvar2": 0.054281886667,
        "max": 1,
        "mean": 0.120499931276,
        "median": 0,
        "min": 0,
        "var": 0.105985976756
    },
    "spectral_centroid": {
        "dmean": 201.132751465,
        "dmean2": 305.49395752,
        "dvar": 119158.039062,
        "dvar2": 237099.9375,
        "max": 11098.4423828,
        "mean": 893.684082031,
        "median": 606.639465332,
        "min": 60.0289459229,
        "var": 724339.5625
    },
    "spectral_complexity": {
        "dmean": 2.35554647446,
        "dmean2": 3.65978264809,
        "dvar": 14.5144491196,
        "dvar2": 27.0868835449,
        "max": 57,
        "mean": 9.47833156586,
        "median": 8,
        "min": 0,
        "var": 53.2641296387
    },
    "spectral_decrease": {
        "dmean": 6.34305363789e-09,
        "dmean2": 9.89416637509e-09,
        "dvar": 2.30125802168e-16,
        "dvar2": 5.72119828014e-16,
        "max": 9.2690774059e-18,
        "mean": -1.00801971215e-08,
        "median": -5.15927123246e-09,
        "min": -1.83120931752e-07,
        "var": 2.79609361067e-16
    },
    "spectral_energy": {
        "dmean": 0.0245115309954,
        "dmean2": 0.0381236486137,
        "dvar": 0.00340460799634,
        "dvar2": 0.0084528895095,
        "max": 0.696710884571,
        "mean": 0.0394155494869,
        "median": 0.0205540042371,
        "min": 1.08886339986e-20,
        "var": 0.00413197884336
    },
    "spectral_energyband_high": {
        "dmean": 0.000478602014482,
        "dmean2": 0.000687251158524,
        "dvar": 1.46975742155e-06,
        "dvar2": 3.25582482219e-06,
        "max": 0.0297953374684,
        "mean": 0.000707420520484,
        "median": 0.000109604836325,
        "min": 8.10808898773e-21,
        "var": 2.29600641433e-06
    },
    "spectral_energyband_low": {
        "dmean": 0.0172193963081,
        "dmean2": 0.0268896985799,
        "dvar": 0.00225667608902,
        "dvar2": 0.00556093128398,
        "max": 0.69336026907,
        "mean": 0.0226171258837,
        "median": 0.00533671211451,
        "min": 2.83345205639e-23,
        "var": 0.00292259268463
    },
    "spectral_energyband_middle_high": {
        "dmean": 0.000713611254469,
        "dmean2": 0.00107204308733,
        "dvar": 3.27666634803e-06,
        "dvar2": 7.33330853109e-06,
        "max": 0.0395474992692,
        "mean": 0.00210313266143,
        "median": 0.000637884601019,
        "min": 1.54345349077e-21,
        "var": 1.34853798954e-05
    },
    "spectral_energyband_middle_low": {
        "dmean": 0.0103565743193,
        "dmean2": 0.0174915604293,
        "dvar": 0.00118309422396,
        "dvar2": 0.00315828132443,
        "max": 0.564564406872,
        "mean": 0.0154055468738,
        "median": 0.00968405790627,
        "min": 3.08631794857e-22,
        "var": 0.000934552168474
    },
    "spectral_entropy": {
        "dmean": 0.310821324587,
        "dmean2": 0.434395432472,
        "dvar": 0.131678551435,
        "dvar2": 0.246457904577,
        "max": 9.79763698578,
        "mean": 7.17750310898,
        "median": 7.20868015289,
        "min": 3.60900378227,
        "var": 0.686013460159
    },
    "spectral_flux": {
        "dmean": 0.0448574796319,
        "dmean2": 0.0672365054488,
        "dvar": 0.00558357033879,
        "dvar2": 0.0105910785496,
        "max": 0.669600844383,
        "mean": 0.0929391384125,
        "median": 0.0615999847651,
        "min": 1.04348620023e-10,
        "var": 0.0101006319746
    },
    "spectral_kurtosis": {
        "dmean": 3.87013435364,
        "dmean2": 5.83069515228,
        "dvar": 98.0001602173,
        "dvar2": 196.182052612,
        "max": 292.349761963,
        "mean": 8.6366186142,
        "median": 4.48725795746,
        "min": -1.18552291393,
        "var": 299.567382812
    },
    "spectral_rms": {
        "dmean": 0.00142389012035,
        "dmean2": 0.00210078223608,
        "dvar": 5.78411163588e-06,
        "dvar2": 1.31136730488e-05,
        "max": 0.0260714013129,
        "mean": 0.0050803925842,
        "median": 0.00447802245617,
        "min": 3.2593032006e-12,
        "var": 1.26438053485e-05
    },
    "spectral_rolloff": {
        "dmean": 435.125640869,
        "dmean2": 729.959899902,
        "dvar": 1655178.25,
        "dvar2": 3614006.25,
        "max": 19853.6132812,
        "mean": 1452.49194336,
        "median": 409.130859375,
        "min": 43.06640625,
        "var": 9535912
    },
    "spectral_skewness": {
        "dmean": 0.407982587814,
        "dmean2": 0.582583844662,
        "dvar": 0.41370433569,
        "dvar2": 0.777715742588,
        "max": 15.4793634415,
        "mean": 2.04350209236,
        "median": 1.7768086195,
        "min": -0.0325388275087,
        "var": 1.70772361755
    },
    "spectral_spread": {
        "dmean": 1158982.75,
        "dmean2": 1529874.875,
        "dvar": 1.88413811098e+12,
        "dvar2": 3.19719709082e+12,
        "max": 40660336,
        "mean": 5864052.5,
        "median": 5233783,
        "min": 368811.375,
        "var": 8.17808225075e+12
    },
    "spectral_strongpeak": {
        "dmean": 0.371008604765,
        "dmean2": 0.621402263641,
        "dvar": 0.319094926119,
        "dvar2": 0.780824959278,
        "max": 8.360912323,
        "mean": 0.774354040623,
        "median": 0.462092518806,
        "min": 0,
        "var": 0.849210858345
    },
    "zerocrossingrate": {
        "dmean": 0.0133371660486,
        "dmean2": 0.0154067333788,
        "dvar": 0.000378061493393,
        "dvar2": 0.000421042088419,
        "max": 0.5341796875,
        "mean": 0.0618243925273,
        "median": 0.03564453125,
        "min": 0.001953125,
        "var": 0.00651743030176
    },
    "barkbands": {
        "dmean": [0.00169466598891, 0.00986839551479, 0.00756807113066, 0.00398973142728, 0.00550549710169, 0.00123576424085, 0.000691119057592, 0.000338901561918, 0.000307629670715, 0.000212135812035, 0.000197167450096, 0.000125290331198, 0.000135956492159, 0.000100551740616, 9.63434504229e-05, 5.98787337367e-05, 4.94964879181e-05, 4.47986676591e-05, 5.70419761061e-05, 4.49258877779e-05, 4.82818795717e-05, 5.07069562445e-05, 7.70648039179e-05, 0.000110171575216, 0.000122432858916, 6.42224840703e-05, 2.81521333818e-05],
        "dmean2": [0.0029808441177, 0.0146254934371, 0.0136872380972, 0.00719317048788, 0.00938746333122, 0.00196197675541, 0.00112812092993, 0.000560649961699, 0.000448571954621, 0.000324356660713, 0.000295273639495, 0.000200562019018, 0.00021344574634, 0.000159134433488, 0.00015201990027, 9.18783844099e-05, 7.48210659367e-05, 6.95042399457e-05, 8.97903446457e-05, 6.80561133777e-05, 7.26375146769e-05, 7.38578964956e-05, 0.000119025877211, 0.000165078803548, 0.000184571996215, 9.37878285185e-05, 4.28279417974e-05],
        "dvar": [3.45292683051e-05, 0.000856274622492, 0.000629581511021, 0.000171995547134, 0.000405876286095, 7.60529974286e-06, 7.55364317229e-06, 1.68266547007e-06, 6.78442631852e-07, 4.37403826936e-07, 4.00618063168e-07, 1.28948457245e-07, 3.23385677348e-07, 7.00057896097e-08, 6.45997033644e-08, 2.45393660947e-08, 1.95375946532e-08, 1.30347883598e-08, 3.39432588703e-08, 1.46075294083e-08, 1.17978231629e-08, 1.34005730956e-08, 4.99854131419e-08, 8.46011687372e-08, 1.70707821212e-07, 3.45466091289e-08, 5.29176391595e-09],
        "dvar2": [9.5574214356e-05, 0.00190242251847, 0.0017755368026, 0.000491461367346, 0.00107861007564, 1.80883671419e-05, 1.89398415387e-05, 4.71592557005e-06, 1.36481378377e-06, 9.20155798667e-07, 7.87604449215e-07, 3.1605844697e-07, 7.21209460153e-07, 1.67083456404e-07, 1.51441113871e-07, 5.07730995025e-08, 3.59369742853e-08, 3.14186507921e-08, 8.0674404046e-08, 2.95447826204e-08, 2.63763073605e-08, 2.75121063709e-08, 1.22419962167e-07, 1.97615406705e-07, 4.20519484123e-07, 7.82349616202e-08, 1.24566241766e-08],
        "max": [0.0475115925074, 0.492224276066, 0.307985544205, 0.236081004143, 0.358967632055, 0.0355286672711, 0.0514647588134, 0.0243304502219, 0.0349658951163, 0.0242146812379, 0.0311085004359, 0.0181826576591, 0.0214361511171, 0.00505548017099, 0.00865540094674, 0.00494322134182, 0.00546152237803, 0.00220016320236, 0.00359173677862, 0.00399284437299, 0.00249677337706, 0.00344158150256, 0.0040482650511, 0.00538585521281, 0.0133526436985, 0.00671241758391, 0.000803208153229],
        "mean": [0.0014582342701, 0.0130274109542, 0.0067497221753, 0.00411680201069, 0.00668452400714, 0.00210937531665, 0.00100083253346, 0.000472936080769, 0.000923483108636, 0.000485508033307, 0.000527954660356, 0.000211240490898, 0.000202987430384, 0.000174584347405, 0.000180542338057, 0.000101794037619, 9.16081553441e-05, 7.48002639739e-05, 7.80549307819e-05, 7.22582335584e-05, 8.17847248982e-05, 8.16532774479e-05, 0.000104737424408, 0.000156864232849, 0.000144086108776, 7.35223511583e-05, 2.82818491542e-05],
        "median": [7.38973903935e-05, 0.00117966206744, 0.00173582707066, 0.00178921734914, 0.00317228166386, 0.000600864354055, 0.000211421414861, 9.04498883756e-05, 8.74030811246e-05, 5.6576805946e-05, 2.57974061242e-05, 3.24334178003e-05, 3.23059721268e-05, 4.39851501142e-05, 4.30626023444e-05, 2.53852958849e-05, 1.91261588043e-05, 1.88703597814e-05, 1.75392196979e-05, 1.73980406544e-05, 1.94188323803e-05, 1.4520388504e-05, 1.35447189678e-05, 1.23334266391e-05, 9.40095196711e-06, 4.27664963354e-06, 1.85849376066e-06],
        "min": [2.39286953318e-24, 2.13022720891e-23, 2.78926346058e-24, 1.07179983172e-23, 4.19835718063e-23, 1.22964230027e-22, 3.0045742883e-23, 1.67617543795e-23, 7.6748050277e-23, 6.24321181134e-23, 7.18352896166e-23, 1.03218233775e-22, 5.09320217956e-23, 1.84519096948e-22, 1.8432257592e-22, 1.60137703531e-22, 1.22794883678e-22, 2.22782952928e-22, 2.20428966743e-22, 5.44544851614e-22, 4.4464345609e-22, 4.49237226644e-22, 8.5947549254e-22, 9.5805740776e-22, 1.10992118471e-21, 1.73051253051e-21, 2.42248001101e-21],
        "var": [2.56929524767e-05, 0.00144589971751, 0.000407383835409, 0.000112872490718, 0.000311239244184, 1.43477545862e-05, 8.08778349892e-06, 1.88792614608e-06, 9.14340489544e-06, 3.023772706e-06, 3.19444166053e-06, 3.10196725195e-07, 4.40382336819e-07, 1.55902498022e-07, 2.03571303814e-07, 6.68584974051e-08, 6.50889191434e-08, 2.67971742574e-08, 4.15982306379e-08, 2.73380909022e-08, 2.59218584375e-08, 2.88020345351e-08, 6.96719908433e-08, 1.496579074e-07, 1.76194774326e-07, 3.98627868492e-08, 5.30430721568e-09]
    },
    "erbbands": {
        "dmean": [0.405211359262, 2.02710080147, 7.46553325653, 11.2366409302, 21.7507190704, 14.8378725052, 9.85003948212, 9.85101604462, 7.02338266373, 12.1832962036, 6.49190235138, 6.14658308029, 7.17300319672, 7.24701404572, 6.67251586914, 5.07029390335, 5.97018814087, 5.10721302032, 5.23385620117, 3.97217059135, 2.84189176559, 2.42462539673, 2.26123285294, 2.83906650543, 2.51653814316, 2.12491559982, 2.00794839859, 1.74646484852, 1.79016673565, 2.09208011627, 2.30966162682, 2.13573789597, 1.94640684128, 1.30424892902, 0.863669991493, 0.386100918055, 0.0997984856367, 0.021664166823, 0.00470370566472, 0.000373552640667],
        "dmean2": [0.598175168037, 3.09860420227, 13.4189529419, 19.8915405273, 37.6901283264, 25.0653152466, 16.364824295, 15.318145752, 11.3587608337, 19.8746242523, 10.5739021301, 9.21789646149, 10.8829698563, 10.8739538193, 10.3720779419, 8.02687072754, 9.42525959015, 7.95685863495, 8.20699501038, 6.1428360939, 4.2465968132, 3.67883634567, 3.50227093697, 4.47768545151, 3.89632606506, 3.22375416756, 3.0003490448, 2.61626458168, 2.67286968231, 3.174451828, 3.57116317749, 3.21539211273, 2.9862716198, 2.00512909889, 1.29392266273, 0.564889013767, 0.147657588124, 0.0325224511325, 0.00718726683408, 0.00056862551719],
        "dvar": [1.4050899744, 40.933391571, 625.471313477, 1113.97644043, 7703.34667969, 1874.95739746, 500.292053223, 485.296478271, 378.385467529, 3617.58227539, 504.47479248, 263.506500244, 376.370391846, 536.65447998, 354.194152832, 205.402084351, 645.737915039, 194.559249878, 197.096405029, 137.190765381, 56.4112243652, 41.0300521851, 28.8825740814, 80.9461593628, 56.9247932434, 33.4725189209, 23.6895179749, 16.5399742126, 19.8773937225, 27.0004920959, 47.9568252563, 32.8082237244, 25.8889884949, 19.1278533936, 8.31973934174, 1.51562726498, 0.0859049707651, 0.0031915535219, 0.000148897117469, 9.03310819922e-07],
        "dvar2": [3.25090670586, 93.5886535645, 1754.30029297, 3091.9206543, 20851.5351562, 4929.2265625, 1292.24682617, 1121.20019531, 963.080871582, 9246.18066406, 1348.95214844, 530.801025391, 852.934082031, 1192.32763672, 790.579528809, 483.53024292, 1431.44799805, 438.544586182, 442.431396484, 321.750701904, 110.064949036, 83.6331863403, 67.6256713867, 194.698181152, 125.946144104, 66.5192260742, 50.2319946289, 36.2964363098, 43.9200019836, 64.6722259521, 117.970573425, 73.252243042, 62.104259491, 48.2994918823, 19.7627277374, 3.47708702087, 0.197395443916, 0.00724055292085, 0.000352431059582, 2.1653559088e-06],
        "max": [16.3700256348, 132.352935791, 323.864227295, 747.457763672, 1580.93212891, 793.182800293, 488.394226074, 393.871429443, 417.342102051, 1242.1895752, 451.038787842, 698.690856934, 767.146362305, 1043.73522949, 764.434753418, 369.870941162, 994.493164062, 283.425079346, 545.757263184, 345.878692627, 311.911682129, 132.267181396, 112.479225159, 139.706115723, 250.31892395, 122.051345825, 210.941131592, 133.593460083, 192.247131348, 111.247154236, 147.716033936, 101.341094971, 91.7231063843, 118.893371582, 101.321815491, 51.0829696655, 10.8783931732, 1.21628701687, 0.14662745595, 0.0110996123403],
        "mean": [0.509698748589, 2.45627617836, 6.66830158234, 11.47240448, 23.4411640167, 19.9085216522, 14.6807775497, 17.6317329407, 12.3520784378, 17.8228549957, 9.80471611023, 16.1086654663, 20.1311798096, 21.5428886414, 18.3727111816, 9.12750720978, 9.39153575897, 9.87454223633, 9.69701766968, 7.65487146378, 5.53233575821, 4.69569969177, 4.11988115311, 4.17213535309, 3.773427248, 3.57712745667, 3.35246706009, 2.9896774292, 2.91287779808, 2.90561580658, 3.13222908974, 3.10698890686, 2.67447948456, 1.62250745296, 0.982387185097, 0.439611822367, 0.114566937089, 0.0236226767302, 0.00472013419494, 0.000386579486076],
        "median": [0.0319273099303, 0.314356207848, 1.7372200489, 4.74725055695, 10.2003860474, 6.71954154968, 5.77506828308, 4.77705001831, 3.99001836777, 2.6916217804, 2.58496904373, 2.16567564011, 2.47712254524, 2.10585451126, 1.82246601582, 2.0436861515, 1.90496611595, 2.33655118942, 2.94092273712, 1.83563017845, 1.42305099964, 1.13410663605, 1.14712905884, 1.05554413795, 1.00600147247, 0.8957067132, 0.816416621208, 0.677350640297, 0.529998719692, 0.46787416935, 0.372159510851, 0.268292665482, 0.198237121105, 0.115357637405, 0.0577879063785, 0.0239553190768, 0.00650458689779, 0.00154264026787, 0.000279076048173, 6.06304747635e-05],
        "min": [3.33780276619e-22, 5.42685209849e-21, 7.18384228459e-21, 1.75046474888e-20, 1.37613644113e-19, 9.69780927914e-20, 4.568395997e-19, 1.14232546579e-18, 4.29135692474e-19, 4.76411520174e-19, 8.41866894136e-19, 1.79568523956e-18, 1.18596730812e-18, 3.2140346719e-18, 3.53440875418e-18, 3.02872718954e-18, 2.82641535532e-18, 5.94153990548e-18, 8.30610765117e-18, 1.17052690665e-17, 8.50944270781e-18, 7.88581139167e-18, 1.29322773543e-17, 9.49940832901e-18, 1.27878979414e-17, 2.21670110483e-17, 2.71823857732e-17, 1.47058121446e-17, 1.63083852459e-17, 2.12935480261e-17, 2.38090390105e-17, 1.71166962143e-17, 1.76602862257e-17, 1.03495853898e-17, 9.88943474117e-18, 5.42071142305e-18, 2.99298368129e-18, 1.41233644968e-18, 2.97290650856e-19, 4.02011974899e-20],
        "var": [2.2613632679, 56.5573425293, 414.875701904, 782.145812988, 5363.02636719, 1837.16174316, 640.599121094, 1173.17773438, 570.332214355, 4018.84716797, 687.672241211, 2231.38769531, 4072.88012695, 5270.29736328, 2729.20898438, 468.908966064, 902.57800293, 551.478210449, 636.297729492, 343.524017334, 219.963867188, 109.523017883, 67.5942306519, 101.148368835, 82.776802063, 66.1763839722, 55.203037262, 33.8666610718, 41.4833106995, 39.7483558655, 65.3495178223, 60.296421051, 43.103477478, 20.3852996826, 8.78214168549, 1.66822588444, 0.0969635769725, 0.00359021010809, 0.000148916325998, 8.69470113685e-07]
    },
    "gfcc": {
        "mean": [-65.4103851318, 87.0148239136, -70.6263580322, 28.8480567932, -45.6226425171, 13.1864900589, -37.0631828308, -1.52589321136, -23.2702617645, -1.37849283218, -16.0981121063, -4.99033546448, -9.84295845032],
        "cov": [[25153.0546875, 1033.73120117, 151.264923096, 299.254089355, -988.592712402, 60.2583122253, -564.551513672, -150.418914795, -864.259033203, -369.973571777, -483.500579834, 50.0555305481, -35.7341880798], [1033.73120117, 3581.68701172, -255.075164795, -214.003005981, 627.04864502, -257.538879395, 96.5776443481, -223.518661499, 180.86239624, -164.288955688, 159.072601318, -140.349121094, 130.338180542], [151.264923096, -255.075164795, 1794.36364746, 336.760772705, 237.190124512, 273.322265625, -78.4772491455, -18.5516967773, 28.0631771088, 94.99584198, 4.58261060715, -21.0599746704, -23.7371788025], [299.254089355, -214.003005981, 336.760772705, 541.49810791, 82.1557693481, 108.10345459, 24.0351257324, 10.1262102127, 15.9126987457, 29.2277565002, 6.28677654266, -7.00067281723, 3.50585746765], [-988.592712402, 627.04864502, 237.190124512, 82.1557693481, 592.094848633, 121.253067017, 127.29826355, -33.4810142517, 129.140472412, 26.92527771, 90.0239944458, -12.7071905136, 63.400806427], [60.2583122253, -257.538879395, 273.322265625, 108.10345459, 121.253067017, 280.327606201, 45.8762664795, 1.3950047493, 10.7878608704, 38.7562828064, -15.0534858704, 5.39134883881, 4.17657566071], [-564.551513672, 96.5776443481, -78.4772491455, 24.0351257324, 127.29826355, 45.8762664795, 230.374511719, 96.2543411255, 72.1404571533, -9.91049003601, 34.542930603, 21.9758663177, 37.215927124], [-150.418914795, -223.518661499, -18.5516967773, 10.1262102127, -33.4810142517, 1.3950047493, 96.2543411255, 173.197280884, 59.1228065491, 25.8719291687, 5.83778905869, 29.4174098969, -5.59677028656], [-864.259033203, 180.86239624, 28.0631771088, 15.9126987457, 129.140472412, 10.7878608704, 72.1404571533, 59.1228065491, 181.6043396, 80.3614120483, 73.3409957886, 6.08238267899, 15.2632741928], [-369.973571777, -164.288955688, 94.99584198, 29.2277565002, 26.92527771, 38.7562828064, -9.91049003601, 25.8719291687, 80.3614120483, 132.288497925, 65.2888870239, 17.0527629852, -18.5715904236], [-483.500579834, 159.072601318, 4.58261060715, 6.28677654266, 90.0239944458, -15.0534858704, 34.542930603, 5.83778905869, 73.3409957886, 65.2888870239, 134.612319946, 56.7238769531, 18.4165210724], [50.0555305481, -140.349121094, -21.0599746704, -7.00067281723, -12.7071905136, 5.39134883881, 21.9758663177, 29.4174098969, 6.08238267899, 17.0527629852, 56.7238769531, 131.955474854, 53.8374557495], [-35.7341880798, 130.338180542, -23.7371788025, 3.50585746765, 63.400806427, 4.17657566071, 37.215927124, -5.59677028656, 15.2632741928, -18.5715904236, 18.4165210724, 53.8374557495, 97.9688491821]],
        "icov": [[6.82492463966e-05, -0.000123631209135, 3.24246821037e-06, -8.78555365489e-05, 0.000121500219393, -0.000137303955853, 0.000121931887406, -0.000204660769668, 0.000384529965231, -0.000206072392757, 0.000262139714323, -0.000241945759626, 4.72235733469e-05], [-0.000123631209135, 0.000874470395502, -9.34644867812e-06, 0.000355405500159, -0.000650867004879, 0.00071140419459, -0.000156551526743, 0.000958178483415, -0.00144852255471, 0.00176630646456, -0.00159418175463, 0.00152234209236, -0.000694780610502], [3.24246821037e-06, -9.34644867812e-06, 0.000793494633399, -0.000346639018971, -0.000332436989993, -0.000601833686233, 0.000716682930943, -0.000376853422495, 0.000116777344374, -0.00018607659149, -1.90691071111e-06, 3.61241254723e-05, 9.23354527913e-05], [-8.78555365489e-05, 0.000355405500159, -0.000346639018971, 0.00235062930733, -0.00027684844099, -0.000153513392434, -0.000358947960194, 0.000293377408525, -0.000509210745804, 0.000485242693685, -0.000902264029719, 0.00103194231633, -0.000560321670491], [0.000121500219393, -0.000650867004879, -0.000332436989993, -0.00027684844099, 0.00378391332924, -0.00165831472259, -0.00113291083835, 0.000734519620892, -0.000582221779041, -8.85063345777e-05, -0.000947055348661, 0.000552390527446, -0.00111775053665], [-0.000137303955853, 0.00071140419459, -0.000601833686233, -0.000153513392434, -0.00165831472259, 0.0064623914659, -0.00248358724639, 0.0021976493299, -0.000238459964748, -0.00217186566442, 0.00250466400757, -0.000687509891577, 0.000262232584646], [0.000121931887406, -0.000156551526743, 0.000716682930943, -0.000358947960194, -0.00113291083835, -0.00248358724639, 0.00971753709018, -0.00611981842667, -0.000743420503568, 0.00405860552564, -0.00293074920774, 0.00120108458214, -0.00198668381199], [-0.000204660769668, 0.000958178483415, -0.000376853422495, 0.000293377408525, 0.000734519620892, 0.0021976493299, -0.00611981842667, 0.0126655399799, -0.00541286729276, -0.000210809506825, 0.0027701810468, -0.00286170956679, 0.00288327876478], [0.000384529965231, -0.00144852255471, 0.000116777344374, -0.000509210745804, -0.000582221779041, -0.000238459964748, -0.000743420503568, -0.00541286729276, 0.0157138053328, -0.00939192716032, -0.000269117706921, 0.00114669662435, -0.00233409437351], [-0.000206072392757, 0.00176630646456, -0.00018607659149, 0.000485242693685, -8.85063345777e-05, -0.00217186566442, 0.00405860552564, -0.000210809506825, -0.00939192716032, 0.0210698246956, -0.010647774674, 0.00288201449439, 0.00198374222964], [0.000262139714323, -0.00159418175463, -1.90691071111e-06, -0.000902264029719, -0.000947055348661, 0.00250466400757, -0.00293074920774, 0.0027701810468, -0.000269117706921, -0.010647774674, 0.0215416811407, -0.0118871647865, 0.00453245313838], [-0.000241945759626, 0.00152234209236, 3.61241254723e-05, 0.00103194231633, 0.000552390527446, -0.000687509891577, 0.00120108458214, -0.00286170956679, 0.00114669662435, 0.00288201449439, -0.0118871647865, 0.0190161094069, -0.0109374495223], [4.72235733469e-05, -0.000694780610502, 9.23354527913e-05, -0.000560321670491, -0.00111775053665, 0.000262232584646, -0.00198668381199, 0.00288327876478, -0.00233409437351, 0.00198374222964, 0.00453245313838, -0.0109374495223, 0.018721094355]]
    },
    "melbands": {
        "dmean": [0.00310825021006, 0.00336723215878, 0.00225238059647, 0.00136189407203, 0.000376471696654, 0.00022007325606, 0.00011862682004, 0.000118518182717, 4.69528022222e-05, 4.21993718192e-05, 3.62794089597e-05, 2.96539001283e-05, 2.70109740086e-05, 1.46637748912e-05, 1.38523864734e-05, 1.30742319016e-05, 9.25655513129e-06, 8.76510057424e-06, 6.28313864581e-06, 4.52405447504e-06, 3.47572176906e-06, 2.7209464406e-06, 2.32483353102e-06, 2.33102787206e-06, 2.43328145189e-06, 2.19777962229e-06, 1.59865362548e-06, 1.43723241308e-06, 1.36156859298e-06, 1.23218080716e-06, 1.03256979855e-06, 1.04411162738e-06, 1.04307389392e-06, 1.26048678339e-06, 1.36563164688e-06, 1.31259844238e-06, 1.3644904584e-06, 1.45418709963e-06, 1.18195657706e-06, 1.13042062821e-06],
        "dmean2": [0.00465548504144, 0.00576405599713, 0.00392566248775, 0.00234103971161, 0.000622352352366, 0.000344353960827, 0.000192578634596, 0.000191819461179, 7.58156820666e-05, 6.28098714515e-05, 5.48413700017e-05, 4.46548983746e-05, 4.10018583352e-05, 2.33558166656e-05, 2.24324612645e-05, 2.05354317586e-05, 1.44333771459e-05, 1.38240184242e-05, 1.00276720332e-05, 7.01711906004e-06, 5.20549156136e-06, 4.16909779233e-06, 3.566048008e-06, 3.58234296982e-06, 3.8789021346e-06, 3.45410376212e-06, 2.47195089287e-06, 2.18202103497e-06, 2.06865752261e-06, 1.91533581528e-06, 1.55957923198e-06, 1.56082842295e-06, 1.56031489951e-06, 1.95521624846e-06, 2.14805118048e-06, 2.01237799047e-06, 2.02481783163e-06, 2.23596498472e-06, 1.82457529263e-06, 1.76183709755e-06],
        "dvar": [8.3541701315e-05, 0.000112882582471, 4.47714191978e-05, 2.74371250271e-05, 6.90884007781e-07, 2.41760602648e-07, 1.38988283993e-07, 3.26900334358e-07, 2.16403872599e-08, 1.2364587576e-08, 9.45502698357e-09, 9.69059232858e-09, 7.1228036802e-09, 1.80359871482e-09, 2.18843498878e-09, 2.95312063692e-09, 5.54475187986e-10, 5.40711420083e-10, 3.56675355917e-10, 1.59685362155e-10, 9.63227761441e-11, 5.83923673303e-11, 3.4419651157e-11, 3.77091656512e-11, 6.2913819987e-11, 4.82893620923e-11, 2.00609737155e-11, 1.61728824777e-11, 1.2911422799e-11, 7.62611241517e-12, 6.72430340576e-12, 7.40953999545e-12, 6.3491191471e-12, 1.16142408191e-11, 1.87562916587e-11, 1.50228163243e-11, 1.249706328e-11, 1.33291884474e-11, 1.29200712629e-11, 1.64756715215e-11],
        "dvar2": [0.00018872669898, 0.000302128115436, 0.000123036428704, 7.35324574634e-05, 1.7572527895e-06, 5.61445688163e-07, 3.51562960077e-07, 8.38477546949e-07, 5.54414114617e-08, 2.52645335763e-08, 2.1210599499e-08, 2.13579127717e-08, 1.51849075536e-08, 4.37384439778e-09, 5.25980814459e-09, 6.35329167054e-09, 1.27830168672e-09, 1.23033816468e-09, 9.08391140086e-10, 3.48608308887e-10, 1.89415927387e-10, 1.18559870255e-10, 7.57612583779e-11, 8.52447140653e-11, 1.5187304192e-10, 1.14055008493e-10, 4.25818755256e-11, 3.24811150199e-11, 2.72568599635e-11, 1.73025413441e-11, 1.50640055985e-11, 1.70895658735e-11, 1.33132940436e-11, 2.90986245516e-11, 4.72917295602e-11, 3.50683197758e-11, 2.72311756477e-11, 3.17486072154e-11, 3.29449835468e-11, 4.20777891696e-11],
        "max": [0.122284501791, 0.167120575905, 0.108925819397, 0.0944161340594, 0.0144066084176, 0.00795188173652, 0.00672381278127, 0.0116639845073, 0.00349071645178, 0.0040041054599, 0.00385992554948, 0.00437090173364, 0.00407386571169, 0.00244025094435, 0.00155468820594, 0.0018022825243, 0.000489445694257, 0.000860890198965, 0.000466643628897, 0.000476158777019, 0.000391424197005, 0.000222869901336, 0.000193464467884, 0.000148319333675, 0.000126665312564, 0.000148610211909, 0.000136031347211, 0.000115728340461, 0.0001725260081, 8.4328414232e-05, 9.54341667239e-05, 0.000161671414389, 8.28207412269e-05, 0.000100459961686, 9.97220267891e-05, 9.81285920716e-05, 8.16031824797e-05, 8.13463848317e-05, 7.50396429794e-05, 0.000116594150313],
        "mean": [0.00405805371702, 0.00342295877635, 0.00247216178104, 0.00159055751283, 0.000592653290369, 0.000389100197935, 0.000200241905986, 0.00017464303528, 7.34831046429e-05, 0.000118831027066, 0.000100008226582, 8.49820353324e-05, 7.53666026867e-05, 2.52739155258e-05, 2.15984764509e-05, 2.06202312256e-05, 1.72708478203e-05, 1.51584135892e-05, 1.13448249976e-05, 8.17963700683e-06, 6.33739045952e-06, 4.91227547172e-06, 3.99016516894e-06, 3.98034671889e-06, 3.24548159369e-06, 3.01554018733e-06, 2.41170437221e-06, 2.28629323828e-06, 2.15521322389e-06, 1.92087190953e-06, 1.63932872965e-06, 1.64509185652e-06, 1.55016141434e-06, 1.62192986863e-06, 1.78488005531e-06, 1.79817550361e-06, 1.9342755877e-06, 1.97578947336e-06, 1.52354868987e-06, 1.33902688049e-06],
        "median": [0.00032109595486, 0.00091719510965, 0.00115111900959, 0.000746803125367, 0.000241042434936, 0.000105306186015, 5.74226214667e-05, 2.66863607976e-05, 1.75654568011e-05, 1.21409711937e-05, 1.08518252091e-05, 6.54713312542e-06, 4.83594340039e-06, 4.13877751271e-06, 3.8568095988e-06, 3.12795509672e-06, 3.77742298951e-06, 4.02364958063e-06, 2.82996029455e-06, 1.84197710951e-06, 1.26635382003e-06, 1.04330354134e-06, 9.43106215345e-07, 8.58660769154e-07, 7.18681462786e-07, 6.75530770877e-07, 6.05177604029e-07, 5.09589312969e-07, 4.31923353972e-07, 4.49413562364e-07, 3.4484426692e-07, 2.89027411782e-07, 2.54301596669e-07, 2.40016277075e-07, 2.1860950028e-07, 1.77051617811e-07, 1.51638815282e-07, 1.41010389143e-07, 1.09695918127e-07, 8.88564173351e-08],
        "min": [4.73901720152e-24, 5.47810808337e-24, 6.33671218122e-24, 9.90085438191e-24, 1.28180659537e-23, 2.46903034593e-23, 6.49820423587e-24, 4.36937433627e-24, 9.71131634993e-24, 1.00999849625e-23, 5.64668608109e-24, 1.27364172723e-23, 1.16090514195e-23, 1.03612201956e-23, 7.38081139891e-24, 5.7385138292e-24, 1.24308827662e-23, 1.47183427331e-23, 1.53921624748e-23, 1.14912011223e-23, 1.01884068036e-23, 6.14484740401e-24, 1.38521955473e-23, 9.19771583582e-24, 7.46803496034e-24, 8.14695863209e-24, 1.01626583837e-23, 1.68051448847e-23, 2.0822041969e-23, 1.08285634839e-23, 7.96869342245e-24, 1.01599131477e-23, 7.68799935743e-24, 1.37785048947e-23, 1.42237395673e-23, 1.12312895978e-23, 1.02255037766e-23, 1.30597879234e-23, 8.93140507168e-24, 9.05552444651e-24],
        "var": [0.000138457879075, 9.20475067687e-05, 3.1696541555e-05, 2.01458988158e-05, 9.50128821842e-07, 5.44053762042e-07, 1.78770491743e-07, 3.68395973283e-07, 4.06312530288e-08, 1.37081798357e-07, 1.04374763055e-07, 9.52150003286e-08, 6.12287678337e-08, 4.67122474035e-09, 3.43201866926e-09, 4.17354684146e-09, 1.67819069752e-09, 1.60878532718e-09, 7.12352232757e-10, 4.39648678574e-10, 4.0227327025e-10, 1.68647970589e-10, 9.4117560967e-11, 9.87005685515e-11, 7.42096384343e-11, 6.15992673536e-11, 3.34471686458e-11, 3.03697518522e-11, 3.02219985149e-11, 1.72513808794e-11, 1.18251580403e-11, 1.44496359322e-11, 1.1745419741e-11, 1.47428510372e-11, 2.27571815559e-11, 2.3169350119e-11, 2.39098688765e-11, 2.35574094953e-11, 1.58716251947e-11, 1.60063698407e-11]
    },
    "mfcc": {
        "mean": [-717.199279785, 124.960716248, 33.4207229614, 25.3639068604, 15.5332603455, 12.7952299118, 1.45606541634, -0.869579136372, -1.86771345139, 1.04037833214, -3.06294465065, -4.48265743256, -5.23611116409],
        "cov": [[13416.0644531, 313.901733398, -50.2733840942, -101.601028442, -539.371032715, -353.372406006, -110.348442078, -33.8874893188, -167.779495239, -326.05480957, -423.050140381, -240.836837769, -180.824279785], [313.901733398, 2962.61230469, -329.652069092, 147.8074646, 252.643753052, 73.6909713745, -15.7374353409, -18.2398719788, -27.4643268585, -5.89089012146, 39.891494751, -60.3095588684, -40.9453315735], [-50.2733840942, -329.652069092, 1228.48840332, 186.355117798, 283.334960938, 189.309570312, 65.4769973755, -26.2064571381, 10.4663381577, 49.7919311523, 36.0841522217, 3.74814152718, -13.7673158646], [-101.601028442, 147.8074646, 186.355117798, 400.754333496, 156.745437622, 73.7122497559, 51.8635520935, 43.5360870361, 29.8875980377, 44.9919281006, 38.2945823669, 6.84382915497, 14.5700502396], [-539.371032715, 252.643753052, 283.334960938, 156.745437622, 382.643371582, 226.001174927, 75.4492645264, 3.17836070061, 23.5234031677, 60.4064865112, 62.2985191345, 1.52107846737, 0.682569622993], [-353.372406006, 73.6909713745, 189.309570312, 73.7122497559, 226.001174927, 288.16595459, 101.648017883, 12.8189020157, 29.9449214935, 42.290058136, 25.6657047272, -6.35771608353, 0.907632350922], [-110.348442078, -15.7374353409, 65.4769973755, 51.8635520935, 75.4492645264, 101.648017883, 145.135787964, 73.856010437, 39.450466156, 24.0804729462, 12.1278858185, 0.704951167107, 7.83624124527], [-33.8874893188, -18.2398719788, -26.2064571381, 43.5360870361, 3.17836070061, 12.8189020157, 73.856010437, 145.095977783, 83.7172241211, 7.76925563812, 1.36371850967, 19.2698993683, 34.7259140015], [-167.779495239, -27.4643268585, 10.4663381577, 29.8875980377, 23.5234031677, 29.9449214935, 39.450466156, 83.7172241211, 124.615287781, 53.8268241882, 14.8809690475, 11.8887453079, 16.6448879242], [-326.05480957, -5.89089012146, 49.7919311523, 44.9919281006, 60.4064865112, 42.290058136, 24.0804729462, 7.76925563812, 53.8268241882, 119.192596436, 75.5619125366, 4.71258449554, -14.3296756744], [-423.050140381, 39.891494751, 36.0841522217, 38.2945823669, 62.2985191345, 25.6657047272, 12.1278858185, 1.36371850967, 14.8809690475, 75.5619125366, 134.86390686, 70.1338272095, 12.3929491043], [-240.836837769, -60.3095588684, 3.74814152718, 6.84382915497, 1.52107846737, -6.35771608353, 0.704951167107, 19.2698993683, 11.8887453079, 4.71258449554, 70.1338272095, 148.47883606, 87.9985427856], [-180.824279785, -40.9453315735, -13.7673158646, 14.5700502396, 0.682569622993, 0.907632350922, 7.83624124527, 34.7259140015, 16.6448879242, -14.3296756744, 12.3929491043, 87.9985427856, 134.555633545]],
