{
"lowlevel": {
    "average_loudness": 0.392521172762,
    "barkbands_crest": {
        "dmean": 2.32443261147,
        "dmean2": 3.54305648804,
        "dvar": 5.47503328323,
        "dvar2": 11.8439855576,
        "max": 25.9139709473,
        "mean": 10.6512155533,
        "median": 9.38180446625,
        "min": 2.34374165535,
        "var": 24.0356998444
    },
    "barkbands_flatness_db": {
        "dmean": 0.0211307387799,
        "dmean2": 0.0309455636889,
        "dvar": 0.000600456609391,
        "dvar2": 0.00116365565918,
        "max": 0.485768824816,
        "mean": 0.237205758691,
        "median": 0.246842056513,
        "min": 0.0223069414496,
        "var": 0.00636104121804
    },
    "barkbands_kurtosis": {
        "dmean": 2.19558525085,
        "dmean2": 3.25559067726,
        "dvar": 35.0187835693,
        "dvar2": 65.755241394,
        "max": 274.258575439,
        "mean": 3.12688016891,
        "median": 0.875543355942,
        "min": -1.92051315308,
        "var": 94.3918914795
    },
    "barkbands_skewness": {
        "dmean": 0.458688944578,
        "dmean2": 0.664579331875,
        "dvar": 0.283762812614,
        "dvar2": 0.527728915215,
        "max": 14.5023536682,
        "mean": 0.797212898731,
        "median": 0.66825479269,
        "min": -3.22650909424,
        "var": 2.02234816551
    },
    "barkbands_spread": {
        "dmean": 2.88609576225,
        "dmean2": 4.39003944397,
        "dvar": 18.0539970398,
        "dvar2": 42.024143219,
        "max": 101.394447327,
        "mean": 14.1953325272,
        "median": 10.7446041107,
        "min": 0.512558400631,
        "var": 103.609596252
    },
    "dissonance": {
        "dmean": 0.0272623375058,
        "dmean2": 0.0462839454412,
        "dvar": 0.00079910538625,
        "dvar2": 0.00219893734902,
        "max": 0.500000119209,
        "mean": 0.446025848389,
        "median": 0.457751959562,
        "min": 0.229393109679,
        "var": 0.00183431466576
    },
    "dynamic_complexity": 8.22426128387,
    "erbbands_crest": {
        "dmean": 2.7562186718,
        "dmean2": 4.28840065002,
        "dvar": 7.87189054489,
        "dvar2": 17.7127113342,
        "max": 32.622959137,
        "mean": 12.5173854828,
        "median": 11.3581800461,
        "min": 2.44298577309,
        "var": 36.2907333374
    },
    "erbbands_flatness_db": {
        "dmean": 0.0190039519221,
        "dmean2": 0.0274023544043,
        "dvar": 0.000499392219353,
        "dvar2": 0.000945923267864,
        "max": 0.510515511036,
        "mean": 0.28244432807,
        "median": 0.293769985437,
        "min": 0.0408431217074,
        "var": 0.00672771781683
    },
    "erbbands_kurtosis": {
        "dmean": 1.17385566235,
        "dmean2": 1.81038820744,
        "dvar": 3.35590624809,
        "dvar2": 8.02587032318,
        "max": 54.1812171936,
        "mean": 1.34127509594,
        "median": 0.448561668396,
        "min": -1.73922085762,
        "var": 9.57481861115
    },
    "erbbands_skewness": {
        "dmean": 0.374234169722,
        "dmean2": 0.567729175091,
        "dvar": 0.137843117118,
        "dvar2": 0.319032937288,
        "max": 5.89762020111,
        "mean": 0.0522844232619,
        "median": 0.0408443212509,
        "min": -3.31525588036,
        "var": 0.929595708847
    },
    "erbbands_spread": {
        "dmean": 4.35092544556,
        "dmean2": 6.72805595398,
        "dvar": 39.1586990356,
        "dvar2": 90.1502304077,
        "max": 118.070114136,
        "mean": 19.7200431824,
        "median": 16.7174091339,
        "min": 1.53674840927,
        "var": 157.042892456
    },
    "hfc": {
        "dmean": 5.75788021088,
        "dmean2": 8.15496635437,
        "dvar": 197.997268677,
        "dvar2": 407.794769287,
        "max": 280.328918457,
        "mean": 14.4235076904,
        "median": 6.18818473816,
        "min": 1.18633674352e-16,
        "var": 506.31918335
    },
    "melbands_crest": {
        "dmean": 2.83710098267,
        "dmean2": 4.27564668655,
        "dvar": 8.13216686249,
        "dvar2": 17.7094192505,
        "max": 36.2950172424,
        "mean": 13.1551332474,
        "median": 11.4798469543,
        "min": 1.54252755642,
        "var": 46.3729743958
    },
    "melbands_flatness_db": {
        "dmean": 0.0231314133853,
        "dmean2": 0.0331562571228,
        "dvar": 0.000857187667862,
        "dvar2": 0.00158786424436,
        "max": 0.627279043198,
        "mean": 0.295173734426,
        "median": 0.302080005407,
        "min": 0.00216285861097,
        "var": 0.0114107755944
    },
    "melbands_kurtosis": {
        "dmean": 3.6335246563,
        "dmean2": 5.35165691376,
        "dvar": 115.291038513,
        "dvar2": 196.977371216,
        "max": 705.75769043,
        "mean": 5.9206404686,
        "median": 1.56700849533,
        "min": -1.83487176895,
        "var": 340.024078369
    },
    "melbands_skewness": {
        "dmean": 0.517742395401,
        "dmean2": 0.755055785179,
        "dvar": 0.453509986401,
        "dvar2": 0.852870762348,
        "max": 20.5146942139,
        "mean": 1.35144257545,
        "median": 1.05002713203,
        "min": -2.80443072319,
        "var": 2.52227520943
    },
    "melbands_spread": {
        "dmean": 4.6569070816,
        "dmean2": 7.26407527924,
        "dvar": 34.7228736877,
        "dvar2": 86.8471221924,
        "max": 160.601669312,
        "mean": 24.8413238525,
        "median": 16.4113941193,
        "min": 0.507232606411,
        "var": 705.522766113
    },
    "pitch_salience": {
        "dmean": 0.0632547214627,
        "dmean2": 0.0971424356103,
        "dvar": 0.00446831248701,
        "dvar2": 0.0099058970809,
        "max": 0.822456359863,
        "mean": 0.522019028664,
        "median": 0.527084827423,
        "min": 0.0672106072307,
        "var": 0.0197108723223
    },
    "silence_rate_20dB": {
        "dmean": 0,
        "dmean2": 0,
        "dvar": 0,
        "dvar2": 0,
        "max": 1,
        "mean": 1,
        "median": 1,
        "min": 1,
        "var": 0
    },
    "silence_rate_30dB": {
        "dmean": 0.0282635577023,
        "dmean2": 0.0565321072936,
        "dvar": 0.0274616666138,
        "dvar2": 0.0621594898403,
        "max": 1,
        "mean": 0.963878810406,
        "median": 1,
        "min": 0,
        "var": 0.0348212122917
    },
    "silence_rate_60dB": {
        "dmean": 0.0300300307572,
        "dmean2": 0.0600653663278,
        "dvar": 0.0291298441589,
        "dvar2": 0.0644020065665,
        "max": 1,
        "mean": 0.192793428898,
        "median": 0,
        "min": 0,
        "var": 0.155628338456
    },
    "spectral_centroid": {
        "dmean": 142.446594238,
        "dmean2": 214.243179321,
        "dvar": 35982.4648438,
        "dvar2": 66327.5546875,
        "max": 11404.0097656,
        "mean": 1197.0378418,
        "median": 1014.61071777,
        "min": 161.780685425,
        "var": 588940.25
    },
    "spectral_complexity": {
        "dmean": 2.08744049072,
        "dmean2": 3.29758858681,
        "dvar": 10.1932268143,
        "dvar2": 18.2564983368,
        "max": 59,
        "mean": 12.5387268066,
        "median": 12,
        "min": 0,
        "var": 60.2222747803
    },
    "spectral_decrease": {
        "dmean": 2.25027996237e-09,
        "dmean2": 3.29386051767e-09,
        "dvar": 3.26644061689e-17,
        "dvar2": 7.16797727321e-17,
        "max": 2.44593990671e-29,
        "mean": -5.38693134544e-09,
        "median": -1.87616500114e-09,
        "min": -9.42304367868e-08,
        "var": 8.16793672514e-17
    },
    "spectral_energy": {
        "dmean": 0.00894350651652,
        "dmean2": 0.0130449412391,
        "dvar": 0.000490467529744,
        "dvar2": 0.00107007403858,
        "max": 0.362456738949,
        "mean": 0.0216398015618,
        "median": 0.00780939823017,
        "min": 1.06681071626e-20,
        "var": 0.00124748575035
    },
    "spectral_energyband_high": {
        "dmean": 0.000152201973833,
        "dmean2": 0.00023932971817,
        "dvar": 7.12325572749e-07,
        "dvar2": 1.84485202226e-06,
        "max": 0.0145585853606,
        "mean": 0.000162497948622,
        "median": 5.17470152772e-06,
        "min": 7.83923509381e-21,
        "var": 6.54427026348e-07
    },
    "spectral_energyband_low": {
        "dmean": 0.00558161921799,
        "dmean2": 0.00844206288457,
        "dvar": 0.000381235091481,
        "dvar2": 0.000886865251232,
        "max": 0.30271935463,
        "mean": 0.00877903681248,
        "median": 0.000471483625006,
        "min": 2.03721151517e-23,
        "var": 0.000764227588661
    },
    "spectral_energyband_middle_high": {
        "dmean": 0.00255003594793,
        "dmean2": 0.00348757347092,
        "dvar": 4.01106190111e-05,
        "dvar2": 7.23787234165e-05,
        "max": 0.150031894445,
        "mean": 0.00625442247838,
        "median": 0.00205880543217,
        "min": 1.47584884326e-21,
        "var": 0.000138447998324
    },
    "spectral_energyband_middle_low": {
        "dmean": 0.00314542348497,
        "dmean2": 0.005194560159,
        "dvar": 8.34306702018e-05,
        "dvar2": 0.000222167684115,
        "max": 0.142119199038,
        "mean": 0.00701005803421,
        "median": 0.0038845797535,
        "min": 3.72431886133e-22,
        "var": 0.000112724737846
    },
    "spectral_entropy": {
        "dmean": 0.167087167501,
        "dmean2": 0.251427203417,
        "dvar": 0.0435595810413,
        "dvar2": 0.0901414677501,
        "max": 9.81721019745,
        "mean": 6.68973636627,
        "median": 6.54791688919,
        "min": 4.96270084381,
        "var": 0.48805975914
    },
    "spectral_flux": {
        "dmean": 0.0233630090952,
        "dmean2": 0.0358643829823,
        "dvar": 0.00190130365081,
        "dvar2": 0.00360284768976,
        "max": 0.534964680672,
        "mean": 0.0569160506129,
        "median": 0.0362317562103,
        "min": 1.03286532105e-10,
        "var": 0.00445621553808
    },
    "spectral_kurtosis": {
        "dmean": 10.9640016556,
        "dmean2": 18.8887405396,
        "dvar": 159.180892944,
        "dvar2": 454.090332031,
        "max": 161.545516968,
        "mean": 22.8348789215,
        "median": 15.7500514984,
        "min": -1.2032803297,
        "var": 450.847167969
    },
    "spectral_rms": {
        "dmean": 0.000682986050379,
        "dmean2": 0.000968324311543,
        "dvar": 1.58214822932e-06,
        "dvar2": 3.09439565171e-06,
        "max": 0.0188046898693,
        "mean": 0.00363212032244,
        "median": 0.00276024010964,
        "min": 3.2261292162e-12,
        "var": 7.92028731667e-06
    },
    "spectral_rolloff": {
        "dmean": 259.434692383,
        "dmean2": 451.038726807,
        "dvar": 523349.90625,
        "dvar2": 1383705.625,
        "max": 18798.4863281,
        "mean": 1945.07299805,
        "median": 1184.32617188,
        "min": 43.06640625,
        "var": 9200731
    },
    "spectral_skewness": {
        "dmean": 0.765238761902,
        "dmean2": 1.31059420109,
        "dvar": 0.609935343266,
        "dvar2": 1.77499127388,
        "max": 9.58930110931,
        "mean": 2.80752038956,
        "median": 2.49254560471,
        "min": -0.00657204631716,
        "var": 2.01930212975
    },
    "spectral_spread": {
        "dmean": 406465,
        "dmean2": 624024.8125,
        "dvar": 679054344192,
        "dvar2": 1.34736327475e+12,
        "max": 40595692,
        "mean": 2470022.5,
        "median": 1782851.375,
        "min": 482106,
        "var": 4.59378314445e+12
    },
    "spectral_strongpeak": {
        "dmean": 0.714081227779,
        "dmean2": 1.09686648846,
        "dvar": 1.6875590086,
        "dvar2": 3.34527206421,
        "max": 18.9089164734,
        "mean": 1.67615675926,
        "median": 0.627051234245,
        "min": 0,
        "var": 5.54619884491
    },
    "zerocrossingrate": {
        "dmean": 0.00587490061298,
        "dmean2": 0.00691624684259,
        "dvar": 7.24814744899e-05,
        "dvar2": 9.49681925704e-05,
        "max": 0.5341796875,
        "mean": 0.0603405311704,
        "median": 0.0439453125,
        "min": 0.00146484375,
        "var": 0.00488912547007
    },
    "barkbands": {
        "dmean": [0.000330018432578, 0.00444016046822, 0.0017550396733, 0.00110038975254, 0.000859763764311, 0.000544177601114, 0.000372127018636, 0.000698748393916, 0.000437214621343, 0.000231934114709, 0.000521860725712, 0.000562750676181, 0.000714547932148, 0.000462311145384, 0.00039810949238, 0.000263072928647, 0.000297834019875, 0.000121155120723, 7.6978103607e-05, 3.76093848899e-05, 2.80220301647e-05, 1.23720283227e-05, 2.21085356316e-05, 3.15177603625e-05, 3.18530692311e-05, 2.2994734536e-05, 1.00707313777e-06],
        "dmean2": [0.000405589875299, 0.00659465556964, 0.00311268121004, 0.002015826758, 0.0015197484754, 0.000954621995334, 0.000601257255767, 0.000956449075602, 0.000629076268524, 0.000327692861902, 0.00068415683927, 0.000792920822278, 0.000936312717386, 0.000629275746178, 0.000586948823184, 0.000418148236349, 0.000458666647319, 0.000192322622752, 0.000110106957436, 5.76115999138e-05, 4.2860971007e-05, 1.89415131899e-05, 3.6575635022e-05, 5.35302933713e-05, 5.48125899513e-05, 3.67525899492e-05, 1.69523696059e-06],
        "dvar": [1.89113961824e-06, 0.00027019859408, 7.10011008778e-05, 2.92843451462e-05, 1.1053979506e-05, 3.55103929905e-06, 1.71559270257e-06, 4.0458685362e-06, 2.31864555644e-06, 1.16950093343e-06, 4.51752111985e-06, 5.22472464581e-06, 1.18135631055e-05, 4.7998601076e-06, 3.2023087897e-06, 4.46089899242e-07, 4.7678074111e-07, 1.04101054887e-07, 8.06552051813e-08, 2.29767938009e-08, 2.99705078532e-08, 4.31302549231e-09, 3.47911957022e-08, 7.69854082705e-08, 7.25493123355e-08, 3.18117194809e-08, 8.96369992121e-11],
        "dvar2": [3.59555315299e-06, 0.000616967387032, 0.000192446561414, 8.60305081005e-05, 3.06898546114e-05, 8.14126906334e-06, 3.41093823408e-06, 7.42743759474e-06, 4.2154242692e-06, 2.18434524868e-06, 7.08462948751e-06, 9.57996871875e-06, 1.94377407752e-05, 7.81085054768e-06, 6.80020093569e-06, 1.08058929982e-06, 1.09909592538e-06, 2.48292508331e-07, 1.51006005922e-07, 4.89579647933e-08, 7.61068790212e-08, 9.67455182632e-09, 9.66848645589e-08, 2.19960028858e-07, 2.06905042432e-07, 7.71898314156e-08, 2.33869812405e-10],
        "max": [0.0328849107027, 0.265322059393, 0.112137332559, 0.0811290293932, 0.0454068556428, 0.0862558484077, 0.0532273352146, 0.0524883493781, 0.0461626462638, 0.0439412035048, 0.0601662397385, 0.0939039811492, 0.117362841964, 0.0889017879963, 0.0880818292499, 0.0167052280158, 0.0158820152283, 0.00555407442153, 0.00947570614517, 0.00345384841785, 0.00540018221363, 0.00144994142465, 0.00498424097896, 0.00704961176962, 0.00686390465125, 0.00394998351112, 0.000310922972858],
        "mean": [0.000472224986879, 0.00653135124594, 0.00131729524583, 0.000970750756096, 0.00108408939559, 0.00109160027932, 0.000848108902574, 0.00169308343902, 0.00108349171933, 0.000443134049419, 0.00106166128535, 0.000996566028334, 0.00127221527509, 0.000786439049989, 0.000600587402005, 0.000403829733841, 0.000506719981786, 0.000180371178431, 0.000105022176285, 5.24293718627e-05, 3.58461838914e-05, 1.45309986692e-05, 1.90830414795e-05, 2.54564783972e-05, 2.41154211835e-05, 1.88343710761e-05, 7.89878413343e-07],
        "median": [3.6083955024e-07, 2.78690981759e-06, 0.00019236956723, 0.000407503684983, 0.000447198108304, 0.000589801580645, 0.000344601488905, 0.000512131373398, 0.000241719273617, 8.48343624966e-05, 8.62904780661e-05, 6.73479735269e-05, 5.24387687619e-05, 2.70086493401e-05, 5.80596715736e-05, 7.25650461391e-05, 7.55015717004e-05, 2.37197673414e-05, 6.74257944411e-06, 2.2549975256e-06, 1.17492720619e-06, 4.18179297412e-07, 1.82074643362e-07, 8.45648955305e-08, 2.90520549839e-08, 4.20159507186e-09, 7.71527786103e-10],
        "min": [2.37832790791e-23, 5.47759729593e-24, 6.11730866424e-24, 9.08440069995e-24, 6.36975078034e-23, 5.07385867907e-23, 8.6233951201e-23, 4.32448688859e-23, 8.5273705531e-23, 1.38867527036e-22, 5.13558041847e-23, 4.55074544907e-23, 8.64246977679e-23, 1.06048944382e-22, 9.42313031513e-23, 1.06226053122e-22, 1.52544027483e-22, 3.04867199156e-22, 2.31031964129e-22, 3.92804843788e-22, 6.61487813637e-22, 4.47364003849e-22, 4.9052305098e-22, 7.44654957628e-22, 1.27015380398e-21, 1.75247906292e-21, 2.53162726024e-21],
        "var": [3.91395406041e-06, 0.000523664290085, 4.70473241876e-05, 1.6034771761e-05, 7.70691440266e-06, 1.01875666587e-05, 6.81399342284e-06, 1.60570798471e-05, 9.30910664465e-06, 3.41905092682e-06, 2.00549820875e-05, 1.70132880157e-05, 3.29380236508e-05, 1.47534774442e-05, 6.01493275099e-06, 7.72544694883e-07, 1.08133497179e-06, 1.88212311514e-07, 1.49914640701e-07, 4.09901623755e-08, 3.71787791664e-08, 5.5916475894e-09, 2.28270629066e-08, 4.69418708349e-08, 4.44754988393e-08, 2.90877384401e-08, 6.70495742261e-11]
    },
    "erbbands": {
        "dmean": [0.146890223026, 0.996934294701, 2.12598800659, 2.96166133881, 3.57748627663, 2.53733301163, 2.36903357506, 5.3694858551, 4.48082065582, 9.76728248596, 14.2272005081, 12.3564920425, 7.32066249847, 7.65013170242, 26.0504741669, 28.4902458191, 35.4298057556, 26.9573955536, 19.9469165802, 16.4186439514, 12.552526474, 10.6374492645, 8.46165847778, 4.68359947205, 2.8552005291, 1.80157065392, 1.32080495358, 0.835806548595, 0.499798327684, 0.701447486877, 0.539639770985, 0.48539352417, 0.637261688709, 0.357670783997, 0.182734727859, 0.101659931242, 0.0501258783042, 0.00640555191785, 0.000156549358508, 1.46901929838e-05],
        "dmean2": [0.195355951786, 1.5559476614, 3.64287495613, 5.34378814697, 6.53112840652, 4.48082256317, 4.14968919754, 9.60779285431, 6.80480670929, 14.8489522934, 19.702129364, 17.3883552551, 10.5499954224, 10.5740213394, 34.5601501465, 39.0364875793, 46.3738670349, 35.9444236755, 29.8912773132, 23.7524261475, 19.7577552795, 16.1793746948, 13.1546382904, 6.73343324661, 4.18917560577, 2.69390583038, 1.83927965164, 1.35298502445, 0.761046946049, 1.15423130989, 0.883689761162, 0.811901926994, 1.11912834644, 0.608537614346, 0.311309844255, 0.169586509466, 0.080800332129, 0.0102186305448, 0.00025451433612, 2.22086382564e-05],
        "dvar": [0.356532216072, 15.2866516113, 95.3411483765, 215.056793213, 231.212524414, 89.2115249634, 27.5797405243, 317.284912109, 721.971923828, 659.279846191, 2221.87573242, 1798.91552734, 934.028198242, 1302.77270508, 11623.7929688, 12928.7900391, 27730.8320312, 14170.9365234, 10588.9179688, 3458.62182617, 759.534179688, 597.48046875, 394.081298828, 243.513641357, 126.233306885, 51.6409263611, 39.9829978943, 47.9131736755, 6.92317771912, 37.2270622253, 15.5775470734, 25.8678035736, 37.1643295288, 9.96947002411, 2.47529387474, 0.818917512894, 0.168998017907, 0.00231799203902, 1.38190284815e-06, 1.98491489911e-09],
        "dvar2": [0.718390405178, 36.8496055603, 243.691833496, 626.752563477, 657.650939941, 249.922683716, 77.9920349121, 760.453491211, 1304.19250488, 1339.78894043, 4069.89233398, 3155.26757812, 1775.12805176, 2356.73242188, 18924.8164062, 23120.1386719, 45514.4765625, 22907.2714844, 23848.875, 6242.57861328, 1831.71508789, 1326.15991211, 918.351989746, 453.477264404, 249.458023071, 103.708770752, 78.3525009155, 135.484512329, 15.6758747101, 103.617042542, 41.9429092407, 74.7790374756, 107.047889709, 28.0551967621, 7.00279331207, 2.23285961151, 0.413988262415, 0.00542481709272, 3.38560994351e-06, 4.61610039082e-09],
        "max": [12.1047592163, 64.2159729004, 131.951766968, 216.54069519, 176.391983032, 150.695144653, 97.736831665, 810.808227539, 1251.19128418, 766.490722656, 1422.91650391, 1267.62902832, 1400.65734863, 1470.35522461, 2958.8503418, 4770.30615234, 5723.27783203, 4878.73144531, 5684.87744141, 1501.29711914, 486.312103271, 520.750671387, 366.796905518, 478.913665771, 298.954925537, 200.898147583, 193.713027954, 258.208374023, 59.4488525391, 166.902328491, 117.1588974, 217.018814087, 183.002960205, 85.6941375732, 42.9456520081, 26.2357063293, 8.79558849335, 1.00624489784, 0.0273883007467, 0.000807050731964],
        "mean": [0.235548049212, 1.25647878647, 1.74199271202, 2.48151135445, 3.04250860214, 3.69685530663, 4.71509313583, 9.90350532532, 12.780462265, 21.0628662109, 36.1166725159, 32.5415344238, 15.6730413437, 14.5396776199, 54.031665802, 53.7558288574, 64.1521606445, 48.2124595642, 32.0659332275, 27.7473430634, 22.8259716034, 18.4572429657, 14.2378721237, 6.79430961609, 4.04246807098, 2.55721664429, 1.80110692978, 1.0333275795, 0.579771459103, 0.64697855711, 0.469737291336, 0.411991119385, 0.48880186677, 0.278611034155, 0.14477442205, 0.0785395875573, 0.0412622354925, 0.00522997137159, 0.000133738780278, 2.91035412374e-05],
        "median": [0.000115861832455, 0.00421879440546, 0.154519081116, 0.897516489029, 1.13916194439, 1.4463634491, 2.93379187584, 5.20242977142, 4.61703300476, 8.43647766113, 12.6513051987, 8.48815727234, 4.71105909348, 2.06941771507, 3.86161541939, 5.5159611702, 4.44817304611, 3.33042955399, 4.03971385956, 5.50569009781, 5.29374074936, 3.52135396004, 2.59097456932, 0.84603947401, 0.285094410181, 0.119270548224, 0.0777210146189, 0.0396111235023, 0.0174951590598, 0.0106110079214, 0.00469117984176, 0.0018795679789, 0.00129451835528, 0.000475172360893, 0.000144591656863, 4.77413632325e-05, 1.64748707903e-05, 3.73146076527e-06, 5.4117772379e-06, 9.67686901276e-06],
        "min": [1.15000874826e-22, 1.58362738726e-21, 6.85787011534e-21, 2.10685664671e-20, 2.09756252936e-19, 1.42682322564e-19, 2.49155020608e-19, 4.21807518482e-19, 9.44823480041e-19, 1.23690260869e-18, 1.47849290751e-18, 1.97701046766e-18, 3.51219936832e-18, 3.38144713569e-18, 1.75542656594e-18, 1.9349359258e-18, 3.15661406853e-18, 4.20372194683e-18, 5.85954934957e-18, 6.2488776213e-18, 6.14551147759e-18, 8.72043332101e-18, 1.33219803388e-17, 1.65313451626e-17, 1.36474502673e-17, 1.8515586016e-17, 2.46420793705e-17, 2.43578038638e-17, 1.50662742945e-17, 1.43251552072e-17, 1.36268154197e-17, 1.66815280746e-17, 1.24012083759e-17, 1.20054678e-17, 9.18239880387e-18, 5.37390251295e-18, 4.16651288133e-18, 1.32884869686e-18, 3.42703228377e-19, 3.91518865712e-20],
        "var": [0.793745160103, 21.7453231812, 74.3013687134, 120.187789917, 139.658325195, 67.0752639771, 34.1783447266, 834.129821777, 2917.31445312, 2278.03369141, 8605.85742188, 7462.40673828, 3018.72290039, 3611.25488281, 51388.1796875, 43376.8046875, 76038.15625, 43809.578125, 19074.8261719, 7475.93554688, 1635.44213867, 1299.48278809, 854.522033691, 513.073486328, 219.706420898, 99.9210891724, 81.1555938721, 35.8155860901, 8.69064903259, 24.8920860291, 11.258395195, 15.2815217972, 21.7870616913, 6.22435998917, 1.6074463129, 0.572890937328, 0.15153388679, 0.00223669572733, 1.21552625387e-06, 3.11537928788e-09]
    },
    "gfcc": {
        "mean": [-164.597412109, 154.408447266, -154.700942993, -9.7927646637, -40.4947967529, -21.0534629822, -37.9612960815, -2.9858956337, -13.9910097122, -11.2690095901, -12.0914897919, -10.8896856308, -11.1788721085],
        "cov": [[32198.0507812, 5440.60400391, -2290.13427734, 1944.31091309, 627.765686035, 343.143249512, -518.74407959, -128.204452515, 397.521942139, 24.3363838196, 147.04019165, -482.209686279, 85.3683624268], [5440.60400391, 5516.42626953, -698.700378418, -546.739868164, 818.359008789, -1088.77770996, 294.479064941, -305.349456787, 317.225402832, -481.120391846, 277.203491211, -426.012023926, 72.3654556274], [-2290.13427734, -698.700378418, 1668.65075684, 204.047988892, -18.1410274506, 466.734069824, 30.5740318298, 324.895904541, -60.4364509583, 202.107971191, -1.53779542446, 155.373962402, 21.109790802], [1944.31091309, -546.739868164, 204.047988892, 939.950439453, 54.2528305054, 280.285339355, 1.26469349861, 125.626327515, 138.859085083, 99.1921844482, -24.7765464783, 59.4817352295, 105.149391174], [627.765686035, 818.359008789, -18.1410274506, 54.2528305054, 458.443725586, -120.21938324, 90.3846817017, -1.80997502804, 140.696563721, -16.7408123016, 78.1195602417, -34.7396011353, 46.0582008362], [343.143249512, -1088.77770996, 466.734069824, 280.285339355, -120.21938324, 700.975463867, 70.4546051025, 154.336853027, -47.0933914185, 243.994918823, 98.4741668701, 120.969947815, 17.0956439972], [-518.74407959, 294.479064941, 30.5740318298, 1.26469349861, 90.3846817017, 70.4546051025, 464.313446045, 9.20320320129, 73.240524292, 54.5692253113, 185.332382202, 20.193769455, 44.313457489], [-128.204452515, -305.349456787, 324.895904541, 125.626327515, -1.80997502804, 154.336853027, 9.20320320129, 220.486221313, 30.7084350586, 72.2579956055, -5.81192398071, 61.9470825195, 29.0428562164], [397.521942139, 317.225402832, -60.4364509583, 138.859085083, 140.696563721, -47.0933914185, 73.240524292, 30.7084350586, 224.917556763, 2.52139234543, 32.0003509521, 11.8078584671, 71.0230712891], [24.3363838196, -481.120391846, 202.107971191, 99.1921844482, -16.7408123016, 243.994918823, 54.5692253113, 72.2579956055, 2.52139234543, 213.563812256, 71.0050201416, 51.189907074, 10.7914571762], [147.04019165, 277.203491211, -1.53779542446, -24.7765464783, 78.1195602417, 98.4741668701, 185.332382202, -5.81192398071, 32.0003509521, 71.0050201416, 237.762054443, 2.43217897415, 20.1062335968], [-482.209686279, -426.012023926, 155.373962402, 59.4817352295, -34.7396011353, 120.969947815, 20.193769455, 61.9470825195, 11.8078584671, 51.189907074, 2.43217897415, 163.118637085, 39.3115272522], [85.3683624268, 72.3654556274, 21.109790802, 105.149391174, 46.0582008362, 17.0956439972, 44.313457489, 29.0428562164, 71.0230712891, 10.7914571762, 20.1062335968, 39.3115272522, 125.518302917]],
        "icov": [[0.000157977701747, -0.000436048721895, 0.000398545322241, -0.000462903146399, 0.000187854631804, -0.000577251543291, 0.000335313816322, -0.000249214761425, 0.000276390084764, -0.000567260780372, 0.000381700345315, -0.000289986870484, 0.000335738644935], [-0.000436048721895, 0.00175959977787, -0.00122374587227, 0.00144250935409, -0.00104517117143, 0.00202367617749, -0.0009760785033, 0.000798998516984, -0.00109748006798, 0.00235853018239, -0.00181970675476, 0.00171510234941, -0.0012803390855], [0.000398545322241, -0.00122374587227, 0.00201327679679, -0.00118133367505, 0.000319630693411, -0.00188598455861, 0.000762845040299, -0.00179690204095, 0.00127380411141, -0.00180225563236, 0.0014054258354, -0.00123043509666, 0.000965960789472], [-0.000462903146399, 0.00144250935409, -0.00118133367505, 0.00296302419156, -0.000857710314449, 0.00101715058554, -0.000903560838196, 0.000577485829126, -0.00179016042966, 0.00185443356168, -0.000680377881508, 0.00141998543404, -0.00192099902779], [0.000187854631804, -0.00104517117143, 0.000319630693411, -0.000857710314449, 0.00384474243037, -0.000378480908694, 0.000430741492892, -0.000336270197295, -0.000958247575909, -0.00144231063314, 8.41560540721e-05, -0.00060338806361, 0.000547770701814], [-0.000577251543291, 0.00202367617749, -0.00188598455861, 0.00101715058554, -0.000378480908694, 0.00587873114273, -0.00126929499675, 0.000390910689021, -0.000362158200005, 0.0003001478035, -0.00316900224425, 0.000838431704324, -0.00118899706285], [0.000335313816322, -0.0009760785033, 0.000762845040299, -0.000903560838196, 0.000430741492892, -0.00126929499675, 0.00399393029511, -0.000469741149573, -5.09977217007e-05, -0.00119676801842, -0.00155465607531, -0.000918868987355, 0.000345366832335], [-0.000249214761425, 0.000798998516984, -0.00179690204095, 0.000577485829126, -0.000336270197295, 0.000390910689021, -0.000469741149573, 0.00788149610162, -0.00183792656753, 0.000355331314495, 5.73725628783e-06, -0.000184471558896, -0.00099410128314], [0.000276390084764, -0.00109748006798, 0.00127380411141, -0.00179016042966, -0.000958247575909, -0.000362158200005, -5.09977217007e-05, -0.00183792656753, 0.00820716749877, -0.00190281029791, 0.00100457738154, -0.00146536889952, -0.00160791131202], [-0.000567260780372, 0.00235853018239, -0.00180225563236, 0.00185443356168, -0.00144231063314, 0.0003001478035, -0.00119676801842, 0.000355331314495, -0.00190281029791, 0.0116223003715, -0.00405424414203, 0.00185906968545, -0.00125105760526], [0.000381700345315, -0.00181970675476, 0.0014054258354, -0.000680377881508, 8.41560540721e-05, -0.00316900224425, -0.00155465607531, 5.73725628783e-06, 0.00100457738154, -0.00405424414203, 0.00955413095653, -0.00127264286857, 0.000719675444998], [-0.000289986870484, 0.00171510234941, -0.00123043509666, 0.00141998543404, -0.00060338806361, 0.000838431704324, -0.000918868987355, -0.000184471558896, -0.00146536889952, 0.00185906968545, -0.00127264286857, 0.0102590918541, -0.00363979698159], [0.000335738644935, -0.0012803390855, 0.000965960789472, -0.00192099902779, 0.000547770701814, -0.00118899706285, 0.000345366832335, -0.00099410128314, -0.00160791131202, -0.00125105760526, 0.000719675444998, -0.00363979698159, 0.0120346713811]]
    },
    "melbands": {
        "dmean": [0.00122336216737, 0.00113529292867, 0.000536364968866, 0.000211444363231, 9.18292571441e-05, 0.000116889626952, 7.04533304088e-05, 0.000114692731586, 0.000111843750346, 7.32923945179e-05, 3.52727474819e-05, 2.833715007e-05, 6.95862981956e-05, 7.87391763879e-05, 7.4022973422e-05, 6.19758211542e-05, 5.48532661924e-05, 3.09037168336e-05, 2.24969899136e-05, 2.82509518001e-05, 1.47381615534e-05, 1.22635519801e-05, 1.17239378596e-05, 5.51044149688e-06, 3.83376072932e-06, 2.88738647214e-06, 1.45056833389e-06, 1.21744915305e-06, 7.46708906263e-07, 8.64093692599e-07, 4.33748965634e-07, 3.03636738863e-07, 2.09528025152e-07, 5.16038767273e-07, 3.09816840627e-07, 2.97205446032e-07, 2.76309634728e-07, 5.23304720446e-07, 3.33429227339e-07, 2.84808180595e-07],
        "dmean2": [0.00172321859282, 0.00183935090899, 0.000971341331024, 0.000379429839086, 0.000160370575031, 0.000205615084269, 0.000109041575342, 0.000168771191966, 0.000156040434376, 0.000103666046925, 5.12076439918e-05, 3.98356132791e-05, 9.32529874262e-05, 0.000107824431325, 9.84426878858e-05, 8.26369068818e-05, 7.37830487196e-05, 4.67366662633e-05, 3.29318463628e-05, 4.3225238187e-05, 2.36425130424e-05, 1.89782458619e-05, 1.82046060218e-05, 8.59975170897e-06, 5.53371228307e-06, 4.30194904766e-06, 2.31772105508e-06, 1.82668418347e-06, 1.03623369796e-06, 1.33147455017e-06, 7.1611458452e-07, 4.63750893687e-07, 3.24399508145e-07, 8.75144280599e-07, 5.05635739501e-07, 5.05362379499e-07, 4.57942775256e-07, 9.35859929996e-07, 5.67169138321e-07, 4.90013917442e-07],
        "dvar": [2.11481456063e-05, 2.30507612287e-05, 6.60699834043e-06, 7.54155450977e-07, 4.93818319569e-08, 1.86581686989e-07, 1.36859924282e-07, 9.27702927811e-08, 1.30747721983e-07, 6.99202402643e-08, 2.31637518056e-08, 2.31518946237e-08, 8.42441210125e-08, 8.0694853466e-08, 1.07444471098e-07, 7.50330713117e-08, 7.38724210692e-08, 2.72021463132e-08, 6.85126000377e-09, 5.84471848697e-09, 1.34671929164e-09, 8.49046555285e-10, 8.64672222711e-10, 1.98220898029e-10, 1.81755915873e-10, 1.52935608622e-10, 3.53126555774e-11, 2.44284158873e-11, 1.146248374e-11, 3.56701022886e-11, 9.53972924961e-12, 2.70861523315e-12, 1.35528014592e-12, 2.90709435691e-11, 5.7165426906e-12, 1.34675916252e-11, 6.03330493204e-12, 3.92860431686e-11, 5.98234179208e-12, 8.60593107194e-12],
        "dvar2": [4.49808903795e-05, 5.63736466574e-05, 1.9149218133e-05, 2.1060131985e-06, 1.39814332556e-07, 4.16269983816e-07, 2.5329521236e-07, 1.81255273901e-07, 2.43866139726e-07, 1.21028548961e-07, 4.46329160297e-08, 4.22890593654e-08, 1.39793939979e-07, 1.43447394407e-07, 1.75772342459e-07, 1.26715761439e-07, 1.19106204011e-07, 6.21203994911e-08, 1.25567334308e-08, 1.28078534445e-08, 3.31905192219e-09, 1.97021576831e-09, 1.95095961608e-09, 4.52692300312e-10, 3.43441608486e-10, 3.29815758038e-10, 8.42686892488e-11, 5.01152730426e-11, 2.11403568262e-11, 9.26205362406e-11, 2.658099435e-11, 6.05273903914e-12, 3.03309829509e-12, 8.31283791802e-11, 1.5567385922e-11, 3.91240859154e-11, 1.70003768007e-11, 1.1451178894e-10, 1.65112489653e-11, 2.46419551431e-11],
        "max": [0.0869205966592, 0.0806663036346, 0.0366986058652, 0.0107379714027, 0.00425439095125, 0.0200340934098, 0.0168215166777, 0.00905203353614, 0.0108137400821, 0.00780383404344, 0.00686200335622, 0.00672149751335, 0.00801827665418, 0.0102086439729, 0.011296578683, 0.00775292143226, 0.0111363306642, 0.00953185651451, 0.00312961102463, 0.0016615272034, 0.000829474127386, 0.000773768464569, 0.00062058767071, 0.000256604398601, 0.000404285587138, 0.000371746544261, 0.000135917274747, 0.000132586821564, 8.14028753666e-05, 0.000197838468011, 0.000101903773611, 5.32167505298e-05, 2.97849674098e-05, 0.000150989857502, 6.29328424111e-05, 0.000154030698468, 9.52357295319e-05, 0.000207541583222, 6.63921382511e-05, 9.57451557042e-05],
        "mean": [0.00195377762429, 0.00118926342111, 0.00046552933054, 0.000222299524467, 0.00018741376698, 0.000232099235291, 0.000193954067072, 0.000255294697126, 0.00028169498546, 0.000186448494787, 7.03966725268e-05, 4.94909691042e-05, 0.000140930147609, 0.000154038221808, 0.000128947605845, 0.000113210386189, 9.36539800023e-05, 4.83095136588e-05, 3.55747179128e-05, 4.33002278442e-05, 2.58682102867e-05, 2.08562305488e-05, 1.88915364561e-05, 8.1348562162e-06, 5.1744987104e-06, 3.58648685506e-06, 2.03361582862e-06, 1.60629417678e-06, 1.04311993709e-06, 1.03181309896e-06, 4.71748450082e-07, 3.45206359498e-07, 2.34788487319e-07, 4.31886689967e-07, 2.66573806584e-07, 2.46950889959e-07, 2.37272033132e-07, 3.79707472575e-07, 2.74109794418e-07, 2.15090423694e-07],
        "median": [6.22158779606e-07, 5.81154163228e-05, 0.000179315364221, 9.24495107029e-05, 0.000110049797513, 0.000120161959785, 7.24711717339e-05, 9.4568466011e-05, 0.000101511432149, 4.40502226411e-05, 1.83825195563e-05, 4.23519350079e-06, 1.00400438896e-05, 1.1972788343e-05, 9.78750631475e-06, 5.1274296311e-06, 3.46882848135e-06, 3.41769396073e-06, 3.74372530132e-06, 6.47496744932e-06, 4.51022924608e-06, 3.27851785187e-06, 2.35101629187e-06, 1.15691932479e-06, 2.95634038139e-07, 1.81647919817e-07, 8.91989344609e-08, 6.405844033e-08, 3.2840414832e-08, 3.05474294748e-08, 1.34561615184e-08, 8.39234193251e-09, 5.41588196512e-09, 4.63031035736e-09, 2.49773335348e-09, 1.2671069749e-09, 8.58194404429e-10, 7.63262009151e-10, 5.61372781593e-10, 2.58231575012e-10],
        "min": [2.19755230621e-24, 3.16410807464e-24, 8.18792023459e-24, 1.59630516456e-23, 7.11443121502e-24, 9.52805133988e-24, 1.58824284833e-23, 1.23523792733e-23, 1.41017090962e-23, 1.13254835342e-23, 1.79979735709e-23, 1.47538509402e-23, 6.23571865826e-24, 5.64356653064e-24, 5.82057745145e-24, 7.56003428569e-24, 7.74455752889e-24, 1.02970850151e-23, 7.93116652032e-24, 6.79184311391e-24, 7.69279089857e-24, 9.12907625959e-24, 8.29017554057e-24, 1.64759879388e-23, 1.30473720417e-23, 8.37512954917e-24, 1.18894749052e-23, 1.21394310051e-23, 1.5733040316e-23, 1.43737446239e-23, 1.33940551103e-23, 7.43199506102e-24, 1.09166271822e-23, 6.59836077741e-24, 6.60778450978e-24, 1.09977212944e-23, 9.77065683381e-24, 9.21320196425e-24, 7.59439075583e-24, 1.08986151212e-23],
        "var": [4.76131353935e-05, 2.36280284298e-05, 3.7564957438e-06, 4.8798744956e-07, 6.04296630513e-08, 5.61480817396e-07, 5.61323133752e-07, 3.353017064e-07, 4.93853008265e-07, 2.94688732083e-07, 7.24313338196e-08, 6.16570901002e-08, 3.64781158169e-07, 2.88528269721e-07, 2.82107578187e-07, 2.276107125e-07, 2.26474099918e-07, 4.8180300638e-08, 1.54366652794e-08, 1.1317185411e-08, 2.84138956808e-09, 1.87314252997e-09, 1.74847580858e-09, 3.69861891114e-10, 3.74379027779e-10, 2.12616313444e-10, 5.90008458756e-11, 4.31022682823e-11, 2.40256824852e-11, 4.20659895806e-11, 7.24883347791e-12, 3.40627309345e-12, 1.73207542059e-12, 1.73759010652e-11, 4.00948978879e-12, 7.72848885583e-12, 3.88257872033e-12, 2.1746059814e-11, 4.17529899543e-12, 5.05909506995e-12]
    },
    "mfcc": {
        "mean": [-778.960327148, 178.08505249, -37.3471374512, 4.01745891571, 5.08181810379, -17.0638103485, -17.0301551819, -5.15834999084, -4.57161808014, -8.35206031799, -3.30623888969, 2.17585754395, -2.53532743454],
        "cov": [[15885.0039062, 3190.55395508, -1466.67858887, 1190.50622559, 450.639251709, 420.617950439, 57.6091995239, -77.7754669189, 134.973739624, 291.260498047, 153.711044312, 97.7848434448, -13.4009046555], [3190.55395508, 3854.21704102, -417.237365723, 70.1190490723, 302.668212891, -328.361297607, -165.361465454, -37.7124633789, -116.019416809, -63.9760437012, 58.8343772888, 26.9669704437, -56.3620986938], [-1466.67858887, -417.237365723, 1248.88671875, -55.3862876892, 110.578918457, 99.2305908203, 182.064544678, 137.519546509, 53.8031005859, 89.2711181641, 50.6085700989, 14.123500824, 30.5598640442], [1190.50622559, 70.1190490723, -55.3862876892, 642.655700684, 132.435821533, 135.091201782, 32.0415534973, 76.1588973999, 179.165222168, 73.1858520508, 26.0884170532, 27.3867301941, 11.0969190598], [450.639251709, 302.668212891, 110.578918457, 132.435821533, 357.894866943, 45.0907211304, -64.0811004639, 28.0088214874, 84.3645248413, 19.1900424957, 3.79699778557, 1.85922908783, -10.695725441], [420.617950439, -328.361297607, 99.2305908203, 135.091201782, 45.0907211304, 325.913208008, 209.36882019, 41.0488624573, 56.2693214417, 120.281112671, 82.0649642944, 79.6941452026, 79.4444198608], [57.6091995239, -165.361465454, 182.064544678, 32.0415534973, -64.0811004639, 209.36882019, 418.193389893, 72.122543335, -58.1552505493, 180.855728149, 112.169456482, 63.6630058289, 106.015182495], [-77.7754669189, -37.7124633789, 137.519546509, 76.1588973999, 28.0088214874, 41.0488624573, 72.122543335, 163.645904541, 79.0797271729, 19.429731369, 28.5567779541, 43.191947937, 52.2552375793], [134.973739624, -116.019416809, 53.8031005859, 179.165222168, 84.3645248413, 56.2693214417, -58.1552505493, 79.0797271729, 244.748748779, 2.25440382957, -17.2599124908, 34.447807312, 8.92361831665], [291.260498047, -63.9760437012, 89.2711181641, 73.1858520508, 19.1900424957, 120.281112671, 180.855728149, 19.429731369, 2.25440382957, 236.213302612, 106.894584656, -12.3732433319, 42.9272842407], [153.711044312, 58.8343772888, 50.6085700989, 26.0884170532, 3.79699778557, 82.0649642944, 112.169456482, 28.5567779541, -17.2599124908, 106.894584656, 162.521972656, 58.3545532227, 19.1473140717], [97.7848434448, 26.9669704437, 14.123500824, 27.3867301941, 1.85922908783, 79.6941452026, 63.6630058289, 43.191947937, 34.447807312, -12.3732433319, 58.3545532227, 181.481002808, 63.8092498779], [-13.4009046555, -56.3620986938, 30.5598640442, 11.0969190598, -10.695725441, 79.4444198608, 106.015182495, 52.2552375793, 8.92361831665, 42.9272842407, 19.1473140717, 63.8092498779, 154.154067993]],
