{
"lowlevel": {
    "average_loudness": 0.886021256447,
    "barkbands_crest": {
        "dmean": 2.80301880836,
        "dmean2": 4.43505859375,
        "dvar": 9.86317253113,
        "dvar2": 21.8765296936,
        "max": 26.4302005768,
        "mean": 15.5695142746,
        "median": 16.1205635071,
        "min": 2.10163521767,
        "var": 40.3306617737
    },
    "barkbands_flatness_db": {
        "dmean": 0.0320308245718,
        "dmean2": 0.0458719246089,
        "dvar": 0.00139493518509,
        "dvar2": 0.00264980457723,
        "max": 0.781652331352,
        "mean": 0.221028372645,
        "median": 0.195201829076,
        "min": 0.0148715022951,
        "var": 0.017011160031
    },
    "barkbands_kurtosis": {
        "dmean": 10.116147995,
        "dmean2": 15.7812213898,
        "dvar": 1079.35009766,
        "dvar2": 2607.265625,
        "max": 1988.75549316,
        "mean": 20.6755828857,
        "median": 10.0637359619,
        "min": -1.91496562958,
        "var": 1893.12390137
    },
    "barkbands_skewness": {
        "dmean": 0.884226799011,
        "dmean2": 1.32669985294,
        "dvar": 1.32768726349,
        "dvar2": 2.92247486115,
        "max": 37.0697669983,
        "mean": 3.16088581085,
        "median": 2.78322911263,
        "min": -2.47294306755,
        "var": 5.6939239502
    },
    "barkbands_spread": {
        "dmean": 5.20863199234,
        "dmean2": 7.94811725616,
        "dvar": 60.9208679199,
        "dvar2": 126.829673767,
        "max": 124.320838928,
        "mean": 15.3459672928,
        "median": 10.2616815567,
        "min": 0.0427038967609,
        "var": 232.978622437
    },
    "dissonance": {
        "dmean": 0.0214203372598,
        "dmean2": 0.0360645577312,
        "dvar": 0.000557067396585,
        "dvar2": 0.00147883291356,
        "max": 0.500000059605,
        "mean": 0.455647289753,
        "median": 0.465980738401,
        "min": 0.136943623424,
        "var": 0.00141452194657
    },
    "dynamic_complexity": 4.79152679443,
    "erbbands_crest": {
        "dmean": 2.58123207092,
        "dmean2": 4.07091808319,
        "dvar": 6.90002584457,
        "dvar2": 15.9876041412,
        "max": 30.7453174591,
        "mean": 9.60566711426,
        "median": 8.64084815979,
        "min": 2.12040829659,
        "var": 21.5792922974
    },
    "erbbands_flatness_db": {
        "dmean": 0.0185509007424,
        "dmean2": 0.0266313049942,
        "dvar": 0.000490320730023,
        "dvar2": 0.000909943075385,
        "max": 0.499889642,
        "mean": 0.159561038017,
        "median": 0.135124847293,
        "min": 0.0286136027426,
        "var": 0.00723347859457
    },
    "erbbands_kurtosis": {
        "dmean": 1.16163730621,
        "dmean2": 1.79988479614,
        "dvar": 7.4808344841,
        "dvar2": 15.8904809952,
        "max": 118.509040833,
        "mean": 0.98890042305,
        "median": -0.0216116905212,
        "min": -1.82152688503,
        "var": 22.0958251953
    },
    "erbbands_skewness": {
        "dmean": 0.388835698366,
        "dmean2": 0.592890262604,
        "dvar": 0.174931362271,
        "dvar2": 0.389667451382,
        "max": 8.75943374634,
        "mean": 0.499349862337,
        "median": 0.457234114408,
        "min": -5.95330524445,
        "var": 0.911134600639
    },
    "erbbands_spread": {
        "dmean": 9.14082336426,
        "dmean2": 13.9041604996,
        "dvar": 115.647415161,
        "dvar2": 256.137115479,
        "max": 197.040649414,
        "mean": 45.2519836426,
        "median": 41.3280563354,
        "min": 1.14725482464,
        "var": 666.355224609
    },
    "hfc": {
        "dmean": 4.45261383057,
        "dmean2": 6.28435564041,
        "dvar": 63.155582428,
        "dvar2": 129.339324951,
        "max": 99.9093475342,
        "mean": 12.6246156693,
        "median": 8.23653888702,
        "min": 1.18788800495e-16,
        "var": 174.967605591
    },
    "melbands_crest": {
        "dmean": 2.68783378601,
        "dmean2": 4.35398101807,
        "dvar": 8.82650661469,
        "dvar2": 21.7699699402,
        "max": 38.2573432922,
        "mean": 17.6095142365,
        "median": 18.080909729,
        "min": 1.50016975403,
        "var": 39.2970504761
    },
    "melbands_flatness_db": {
        "dmean": 0.0368821285665,
        "dmean2": 0.052440751344,
        "dvar": 0.00195150123909,
        "dvar2": 0.00363560463302,
        "max": 0.973123908043,
        "mean": 0.318336516619,
        "median": 0.297235012054,
        "min": 0.00369946449064,
        "var": 0.0243527777493
    },
    "melbands_kurtosis": {
        "dmean": 20.6127586365,
        "dmean2": 31.8229579926,
        "dvar": 1483.06896973,
        "dvar2": 3432.21459961,
        "max": 1103.58728027,
        "mean": 48.2704162598,
        "median": 24.6709117889,
        "min": -1.86729884148,
        "var": 5009.58300781
    },
    "melbands_skewness": {
        "dmean": 1.1439961195,
        "dmean2": 1.71609437466,
        "dvar": 1.88876581192,
        "dvar2": 4.06573581696,
        "max": 24.0350875854,
        "mean": 4.62980508804,
        "median": 3.97342133522,
        "min": -1.11960327625,
        "var": 9.81222057343
    },
    "melbands_spread": {
        "dmean": 4.84716653824,
        "dmean2": 7.42196035385,
        "dvar": 68.5252914429,
        "dvar2": 144.115402222,
        "max": 176.329742432,
        "mean": 13.6146459579,
        "median": 6.66813421249,
        "min": 0.104760423303,
        "var": 412.12512207
    },
    "pitch_salience": {
        "dmean": 0.0742159485817,
        "dmean2": 0.117029488087,
        "dvar": 0.00671003432944,
        "dvar2": 0.0156571473926,
        "max": 0.986195743084,
        "mean": 0.418560653925,
        "median": 0.416787922382,
        "min": 0.0343568846583,
        "var": 0.0282035600394
    },
    "silence_rate_20dB": {
        "dmean": 0,
        "dmean2": 0,
        "dvar": 0,
        "dvar2": 0,
        "max": 1,
        "mean": 1,
        "median": 1,
        "min": 1,
        "var": 0
    },
    "silence_rate_30dB": {
        "dmean": 0.0326488390565,
        "dmean2": 0.0653025060892,
        "dvar": 0.03158448264,
        "dvar2": 0.0716800913215,
        "max": 1,
        "mean": 0.961887896061,
        "median": 1,
        "min": 0,
        "var": 0.0366637706757
    },
    "silence_rate_60dB": {
        "dmean": 0.0339784324169,
        "dmean2": 0.0679618790746,
        "dvar": 0.0328278318048,
        "dvar2": 0.0723625719547,
        "max": 1,
        "mean": 0.129477798939,
        "median": 0,
        "min": 0,
        "var": 0.11272443831
    },
    "spectral_centroid": {
        "dmean": 206.249740601,
        "dmean2": 307.637207031,
        "dvar": 74352.109375,
        "dvar2": 144957.5625,
        "max": 10921.9638672,
        "mean": 977.239501953,
        "median": 762.779968262,
        "min": 77.1467590332,
        "var": 532735.9375
    },
    "spectral_complexity": {
        "dmean": 2.51011967659,
        "dmean2": 3.8003988266,
        "dvar": 11.4319267273,
        "dvar2": 21.9921321869,
        "max": 50,
        "mean": 11.1564369202,
        "median": 10,
        "min": 0,
        "var": 52.5115203857
    },
    "spectral_decrease": {
        "dmean": 3.2498130853e-09,
        "dmean2": 4.89483031885e-09,
        "dvar": 2.38255528442e-17,
        "dvar2": 5.11707625036e-17,
        "max": 3.44007335481e-18,
        "mean": -9.87728299151e-09,
        "median": -1.01524548768e-08,
        "min": -5.82008752303e-08,
        "var": 7.14866558376e-17
    },
    "spectral_energy": {
        "dmean": 0.0125496080145,
        "dmean2": 0.0188614614308,
        "dvar": 0.000355175783625,
        "dvar2": 0.00076030252967,
        "max": 0.225541070104,
        "mean": 0.0384241715074,
        "median": 0.0391838662326,
        "min": 1.0580737826e-20,
        "var": 0.00106821849477
    },
    "spectral_energyband_high": {
        "dmean": 0.000199541769689,
        "dmean2": 0.000297555467114,
        "dvar": 1.79243755838e-07,
        "dvar2": 3.92583331177e-07,
        "max": 0.00849093403667,
        "mean": 0.000497106113471,
        "median": 0.000176101297257,
        "min": 7.95664142642e-21,
        "var": 6.93152401254e-07
    },
    "spectral_energyband_low": {
        "dmean": 0.00938561744988,
        "dmean2": 0.0146922478452,
        "dvar": 0.000208428115002,
        "dvar2": 0.000489198428113,
        "max": 0.179081037641,
        "mean": 0.0265481863171,
        "median": 0.0269939042628,
        "min": 3.09238018685e-23,
        "var": 0.00057956634555
    },
    "spectral_energyband_middle_high": {
        "dmean": 0.00093365641078,
        "dmean2": 0.00144210248254,
        "dvar": 3.58701117875e-06,
        "dvar2": 8.95706943993e-06,
        "max": 0.0305936113,
        "mean": 0.00191202398855,
        "median": 0.00112002552487,
        "min": 1.33269752383e-21,
        "var": 5.80003188588e-06
    },
    "spectral_energyband_middle_low": {
        "dmean": 0.00484778219834,
        "dmean2": 0.00657906197011,
        "dvar": 0.000101759491372,
        "dvar2": 0.000182297037099,
        "max": 0.179547548294,
        "mean": 0.0113176330924,
        "median": 0.00473953131586,
        "min": 2.29867176293e-22,
        "var": 0.000325204397086
    },
    "spectral_entropy": {
        "dmean": 0.210978478193,
        "dmean2": 0.292921185493,
        "dvar": 0.0652307495475,
        "dvar2": 0.121952489018,
        "max": 9.8128786087,
        "mean": 7.11420631409,
        "median": 7.25651836395,
        "min": 3.62650442123,
        "var": 0.763314247131
    },
    "spectral_flux": {
        "dmean": 0.032809086144,
        "dmean2": 0.0508341751993,
        "dvar": 0.00173636281397,
        "dvar2": 0.00363594759256,
        "max": 0.400700479746,
        "mean": 0.0699147433043,
        "median": 0.0545423366129,
        "min": 1.04296023207e-10,
        "var": 0.00314371590503
    },
    "spectral_kurtosis": {
        "dmean": 7.71455764771,
        "dmean2": 12.6735925674,
        "dvar": 1028.71569824,
        "dvar2": 2756.62988281,
        "max": 988.703918457,
        "mean": 20.1562366486,
        "median": 4.43860960007,
        "min": -1.21891796589,
        "var": 3854.39404297
    },
    "spectral_rms": {
        "dmean": 0.00100470951293,
        "dmean2": 0.00145857059397,
        "dvar": 1.71444878561e-06,
        "dvar2": 3.31469732373e-06,
        "max": 0.0148337474093,
        "mean": 0.00539537658915,
        "median": 0.0061828927137,
        "min": 3.21289132452e-12,
        "var": 8.37690913613e-06
    },
    "spectral_rolloff": {
        "dmean": 376.49319458,
        "dmean2": 623.69921875,
        "dvar": 1044622.5625,
        "dvar2": 2345980.25,
        "max": 19616.7480469,
        "mean": 1011.70355225,
        "median": 301.46484375,
        "min": 43.06640625,
        "var": 6136152.5
    },
    "spectral_skewness": {
        "dmean": 0.432742416859,
        "dmean2": 0.693484246731,
        "dvar": 0.853948652744,
        "dvar2": 2.06066560745,
        "max": 26.5172100067,
        "mean": 2.47979307175,
        "median": 1.71289110184,
        "min": -0.183666571975,
        "var": 7.07631349564
    },
    "spectral_spread": {
        "dmean": 649059.125,
        "dmean2": 966220.75,
        "dvar": 880836018176,
        "dvar2": 1.58796886835e+12,
        "max": 41816760,
        "mean": 5167875.5,
        "median": 5179512,
        "min": 134885.953125,
        "var": 7.67684037837e+12
    },
    "spectral_strongpeak": {
        "dmean": 0.261733472347,
        "dmean2": 0.438783347607,
        "dvar": 0.208033710718,
        "dvar2": 0.524739205837,
        "max": 5.81564903259,
        "mean": 0.602739751339,
        "median": 0.585132062435,
        "min": 0,
        "var": 0.290904313326
    },
    "zerocrossingrate": {
        "dmean": 0.0108990445733,
        "dmean2": 0.0127845136449,
        "dvar": 0.000234483930399,
        "dvar2": 0.000283550383756,
        "max": 0.53271484375,
        "mean": 0.0493209846318,
        "median": 0.03125,
        "min": 0.00146484375,
        "var": 0.0043298616074
    },
    "barkbands": {
        "dmean": [0.000710987020284, 0.00828458741307, 0.00119789177552, 0.00127405836247, 0.0017891585594, 0.00136866874527, 0.00122466881294, 0.000624537758995, 0.000254056503763, 0.00025506032398, 0.000125405567815, 0.000194475403987, 0.0001575484348, 8.66408954607e-05, 0.000217616718146, 0.000102141137177, 8.65259935381e-05, 6.00562307227e-05, 5.55533260922e-05, 4.68925027235e-05, 3.17148442264e-05, 3.39277394232e-05, 2.97571077681e-05, 3.7742243876e-05, 2.93614211841e-05, 5.63707544643e-05, 1.312634231e-05],
        "dmean2": [0.00130158045795, 0.0132500510663, 0.00196341518313, 0.00163898267783, 0.00255510932766, 0.00192927394528, 0.00179424940143, 0.000966458348557, 0.000408066873206, 0.000401491124649, 0.000206315904506, 0.000311412732117, 0.000246530398726, 0.000135813781526, 0.000333756383043, 0.00015912867093, 0.000139234805829, 9.91721171886e-05, 9.05752604012e-05, 7.58595706429e-05, 5.05977914145e-05, 5.19532732142e-05, 4.84660486109e-05, 6.1228616687e-05, 4.44964316557e-05, 8.5431674961e-05, 2.07540324482e-05],
        "dvar": [5.69946178075e-06, 0.000170417493791, 4.99903262607e-06, 8.67427570483e-06, 1.13726082418e-05, 1.46800630318e-05, 1.61862099048e-05, 3.67964662473e-06, 3.75745941028e-07, 3.45705927884e-07, 1.2693274698e-07, 2.86734092469e-07, 1.38316394782e-07, 4.0391512357e-08, 2.48957121585e-07, 5.33736894681e-08, 3.68801629236e-08, 4.09147489222e-08, 1.03538981833e-08, 1.45746943403e-08, 4.59130111707e-09, 5.03708896815e-09, 7.01592428598e-09, 6.45036468683e-09, 3.44623485304e-09, 1.951991635e-08, 1.49646883774e-09],
        "dvar2": [1.6472520656e-05, 0.000407203973737, 1.33762059704e-05, 1.46984230014e-05, 2.33813079831e-05, 2.8982756703e-05, 3.73007460439e-05, 9.40172230912e-06, 9.52617995154e-07, 8.44265116484e-07, 3.28104931668e-07, 7.23450000351e-07, 3.31680865884e-07, 9.87544837017e-08, 5.93164372731e-07, 1.25591782307e-07, 9.31303887342e-08, 1.13171957139e-07, 2.66536570592e-08, 3.63488119604e-08, 1.16160583374e-08, 1.14169518284e-08, 1.82398913751e-08, 1.60713469199e-08, 7.59532081673e-09, 4.27019877236e-08, 3.6142659976e-09],
        "max": [0.0444276221097, 0.164951622486, 0.0381412170827, 0.0846410989761, 0.058909829706, 0.0799135044217, 0.0746674016118, 0.0293589252979, 0.00975493341684, 0.0126362247393, 0.00592465605587, 0.00936384219676, 0.00718020368367, 0.00380794494413, 0.00968662369996, 0.00536932563409, 0.00747307762504, 0.00618110736832, 0.00229363446124, 0.00407542707399, 0.00221056281589, 0.00177392805927, 0.00270190252922, 0.00178307085298, 0.00122269440908, 0.00147296045907, 0.000539016036782],
        "mean": [0.000698175339494, 0.0220707226545, 0.00195867777802, 0.00256535201333, 0.00344052445143, 0.00249373936094, 0.00154485460371, 0.000854892015923, 0.000358416407835, 0.000357712619007, 0.000169717604876, 0.000268154690275, 0.000191513710888, 0.000129223393742, 0.00032460084185, 0.000146681224578, 0.000124594633235, 9.00748054846e-05, 9.39817837207e-05, 8.75093392096e-05, 7.3969582445e-05, 7.77153327363e-05, 6.27303452347e-05, 7.40463656257e-05, 6.63796963636e-05, 8.52972079883e-05, 1.50120386024e-05],
        "median": [5.97965117777e-05, 0.0201935395598, 0.0011230702512, 0.000403356796596, 0.00154138286598, 0.000650154834148, 0.000145993137266, 0.000127048420836, 7.38516246201e-05, 8.32695877762e-05, 3.26167792082e-05, 6.20053397142e-05, 4.58553004137e-05, 2.97020487778e-05, 8.18743865239e-05, 3.60166195605e-05, 4.74746266264e-05, 2.70681739494e-05, 3.00590927509e-05, 2.92713066301e-05, 3.00861793221e-05, 2.27403215831e-05, 1.53331347974e-05, 2.21917271119e-05, 1.79729177034e-05, 1.47280397869e-05, 2.44039688369e-06],
        "min": [5.57889571363e-24, 1.54886070314e-23, 5.15564817216e-24, 2.80594542326e-23, 5.39409203038e-23, 4.1877671963e-23, 2.4631566454e-23, 1.82266596141e-23, 3.59859570072e-23, 5.62180272602e-23, 5.18219673372e-23, 2.98065981219e-23, 6.03703891169e-23, 6.82051158138e-23, 9.27482825148e-23, 6.92505584616e-23, 8.71782997461e-23, 2.50113815229e-22, 2.29596615935e-22, 2.48913812641e-22, 4.91663100138e-22, 4.19963696546e-22, 5.78014364422e-22, 8.85412835207e-22, 1.14696861717e-21, 1.60453783056e-21, 2.49895423189e-21],
        "var": [6.01334068051e-06, 0.000455896370113, 8.0055797298e-06, 3.47413915733e-05, 2.74373614957e-05, 3.17026715493e-05, 2.02728606382e-05, 4.40380881628e-06, 5.3805109701e-07, 5.31772229806e-07, 2.30025904102e-07, 4.45777516234e-07, 1.75327016905e-07, 7.28682962858e-08, 4.09280119129e-07, 9.37860562544e-08, 4.61363534043e-08, 3.92836376761e-08, 2.83853811567e-08, 3.91138037514e-08, 1.58153561358e-08, 2.06976285e-08, 2.72610716223e-08, 2.03690468936e-08, 1.25717436461e-08, 2.6406501874e-08, 1.38188771537e-09]
    },
    "erbbands": {
        "dmean": [0.208173975348, 1.99309194088, 1.62927639484, 3.47460341454, 3.6503174305, 6.00583314896, 16.7995967865, 6.11317491531, 15.7319927216, 13.2869768143, 15.077870369, 6.61455869675, 5.31632995605, 8.09307861328, 6.39849805832, 8.43246936798, 7.67100191116, 4.54903459549, 11.5029001236, 6.23366975784, 4.65884876251, 3.74298119545, 3.32724642754, 3.04499363899, 2.6483373642, 2.25974297523, 1.29083287716, 1.37251377106, 1.07895636559, 1.02107810974, 0.907637536526, 1.00893592834, 0.500127017498, 0.345357865095, 0.23097923398, 0.160419777036, 0.120070524514, 0.0318446047604, 0.00209838477895, 6.2694591179e-05],
        "dmean2": [0.343365639448, 3.16207194328, 2.57997775078, 4.47590351105, 5.50775814056, 8.67148685455, 22.921289444, 9.14527130127, 22.1393909454, 21.209400177, 23.0484790802, 10.2615709305, 8.87200164795, 12.6870479584, 10.4596338272, 13.0269050598, 11.9648017883, 6.97201728821, 17.485912323, 9.6823348999, 7.41711187363, 6.02564144135, 5.35137414932, 5.00597667694, 4.33194923401, 3.66229081154, 2.04960370064, 2.21196079254, 1.60871458054, 1.64540302753, 1.46030020714, 1.6783643961, 0.797027766705, 0.530134439468, 0.360616147518, 0.237305179238, 0.187570631504, 0.0494090765715, 0.0032762112096, 9.67191517702e-05],
        "dvar": [0.179238304496, 9.22929477692, 8.38801383972, 58.8095207214, 60.9106254578, 145.372070312, 2599.6340332, 170.096038818, 2656.82836914, 1958.97558594, 2303.60742188, 237.462036133, 190.845306396, 405.448638916, 373.418640137, 417.476165771, 321.988342285, 86.0947418213, 761.449768066, 154.29460144, 120.176902771, 64.7007751465, 64.4232711792, 79.0255508423, 29.4629859924, 30.3522853851, 9.50236606598, 6.79461336136, 4.61236333847, 5.40256071091, 7.375, 4.53155422211, 1.50014150143, 0.463665276766, 0.230326235294, 0.14805868268, 0.0871100202203, 0.00722289225087, 3.56635100616e-05, 2.19419398206e-08],
        "dvar2": [0.465379208326, 21.4364261627, 21.6403770447, 97.5103988647, 142.690124512, 306.975891113, 4811.59716797, 392.050933838, 5660.07080078, 5178.47802734, 5807.30859375, 573.113891602, 504.923370361, 1003.43054199, 979.675231934, 944.737854004, 773.730957031, 188.976089478, 1809.1217041, 362.29989624, 309.350524902, 158.651657104, 167.568527222, 219.389511108, 76.2878189087, 75.8176879883, 23.6460399628, 16.29753685, 10.3835029602, 13.5039300919, 19.6932315826, 11.4994382858, 3.80034661293, 1.02983522415, 0.545689105988, 0.319677710533, 0.196035936475, 0.016275074333, 8.43612215249e-05, 5.07888309187e-08],
        "max": [8.6820526123, 39.2881889343, 49.7135887146, 236.438293457, 231.898880005, 246.053207397, 1153.03149414, 267.03503418, 1100.58044434, 788.209838867, 749.037780762, 263.742248535, 233.655929565, 414.825042725, 293.266021729, 477.926269531, 353.741912842, 206.944625854, 583.606445312, 219.554550171, 346.238616943, 215.426315308, 207.076324463, 264.315704346, 141.267578125, 162.328796387, 88.704574585, 67.9513549805, 47.4233512878, 63.8907318115, 81.3750686646, 32.2908592224, 42.0268478394, 16.834197998, 6.74627351761, 4.51463270187, 3.25288939476, 1.08498609066, 0.0791571140289, 0.00172872759867],
        "mean": [0.477809727192, 5.3598690033, 4.25227928162, 7.23877382278, 6.61907482147, 11.0211515427, 30.7227592468, 10.9629955292, 21.7196865082, 15.6181993484, 20.9330005646, 10.3886079788, 7.13761854172, 10.9558591843, 9.23293876648, 12.7321004868, 9.83457279205, 7.318983078, 17.9996681213, 9.49855709076, 7.36536073685, 5.85096025467, 5.26776170731, 4.86844205856, 4.91630268097, 4.22548532486, 2.74821829796, 3.25642848015, 2.48128867149, 2.17263031006, 1.86646616459, 1.7785243988, 1.11922240257, 0.763861477375, 0.471447169781, 0.29021692276, 0.165693759918, 0.0399187505245, 0.00248285569251, 0.000108577929495],
        "median": [0.43564042449, 4.21624708176, 4.40675354004, 1.55551481247, 2.88068604469, 5.01617908478, 5.82858610153, 4.28191995621, 2.79824447632, 2.4140663147, 2.83728170395, 2.17364001274, 1.83168756962, 2.70837497711, 2.3340473175, 3.40727877617, 2.82050871849, 2.49884343147, 4.74633979797, 3.10121965408, 2.60528969765, 2.29122900963, 1.85686635971, 1.59561467171, 1.65708172321, 1.51729881763, 1.02450168133, 1.19875967503, 0.855335354805, 0.548347115517, 0.444107234478, 0.477220863104, 0.331760138273, 0.21135789156, 0.126976147294, 0.0681763961911, 0.024847349152, 0.00505970837548, 0.000456690526335, 6.26421169727e-05],
        "min": [5.00069807789e-22, 3.62538843367e-21, 6.16631763878e-21, 4.03747697092e-20, 5.44215631307e-20, 2.44522860877e-19, 2.96050707118e-19, 3.06458241886e-19, 4.60103809494e-19, 3.03769672251e-19, 4.67705651022e-19, 7.51447729679e-19, 7.35145292276e-19, 1.94027620384e-18, 2.41480118353e-18, 1.70541987899e-18, 2.80508029937e-18, 3.37355459188e-18, 4.79577812462e-18, 3.91799225656e-18, 6.83783683488e-18, 6.22692548861e-18, 1.22387451405e-17, 1.07832555054e-17, 9.83706593659e-18, 1.29165402431e-17, 1.93733342609e-17, 1.78945305403e-17, 1.63943111136e-17, 1.70425411268e-17, 1.58939346718e-17, 1.7509211613e-17, 1.71019409666e-17, 1.27472378784e-17, 6.61385204143e-18, 5.25179328375e-18, 3.03725707601e-18, 1.22754264647e-18, 3.10100705864e-19, 3.93171223609e-20],
        "var": [0.379994183779, 27.3416481018, 16.043548584, 244.721633911, 145.142974854, 292.43182373, 6165.078125, 347.458343506, 3824.52734375, 1854.64367676, 2828.36132812, 400.877685547, 261.122253418, 537.232910156, 614.18939209, 945.629760742, 409.044281006, 169.375320435, 1327.94421387, 267.854888916, 182.685241699, 94.5364685059, 87.0746536255, 92.1998291016, 83.6287384033, 75.7364120483, 25.6906719208, 29.7489528656, 18.6162815094, 23.1537647247, 26.0452899933, 10.4051780701, 6.0042552948, 1.85535681248, 0.612924277782, 0.253597378731, 0.109093151987, 0.00780181586742, 3.44944201061e-05, 2.46938984816e-08]
    },
    "gfcc": {
        "mean": [-80.0547714233, 106.869117737, -76.2225875854, 30.8860435486, -34.8734970093, 10.8420591354, -28.3280601501, 4.02645969391, -16.1205596924, 7.23946046829, -10.99584198, 1.74922168255, -6.83502960205],
        "cov": [[37290.8632812, -3752.5859375, -1967.5345459, 1145.4173584, -1445.67419434, 1070.2824707, -1171.83520508, 442.175842285, -1064.23693848, 650.428405762, -607.701049805, 712.479248047, -445.491973877], [-3752.5859375, 4734.64160156, -225.67855835, -224.608566284, 751.643981934, -789.361206055, 435.105072021, -410.210845947, 552.53704834, -374.033752441, 334.919769287, -453.756561279, 347.87612915], [-1967.5345459, -225.67855835, 2067.82592773, -237.350479126, -32.3139457703, 378.218963623, 31.3724975586, 122.682800293, 6.38595485687, 96.6146392822, -3.24532938004, 69.8738861084, -106.191329956], [1145.4173584, -224.608566284, -237.350479126, 790.751647949, 231.782775879, 32.3901519775, 129.945663452, 40.6559715271, 57.7048187256, 42.7988014221, 22.3457489014, 13.9957342148, 104.071014404], [-1445.67419434, 751.643981934, -32.3139457703, 231.782775879, 601.453308105, -85.4336624146, 256.732208252, -30.2773990631, 183.499816895, -38.1826820374, 105.579658508, -61.9667320251, 131.438659668], [1070.2824707, -789.361206055, 378.218963623, 32.3901519775, -85.4336624146, 437.997528076, -21.7619895935, 99.2302017212, -98.7838134766, 80.0489654541, -12.4707365036, 115.449882507, -62.5137329102], [-1171.83520508, 435.105072021, 31.3724975586, 129.945663452, 256.732208252, -21.7619895935, 303.383026123, 29.4801597595, 126.587989807, -36.0760192871, 64.2399597168, -44.2723426819, 80.3854141235], [442.175842285, -410.210845947, 122.682800293, 40.6559715271, -30.2773990631, 99.2302017212, 29.4801597595, 162.399124146, 5.831138134, 52.4504432678, -40.0415039062, 33.2074394226, -39.0036430359], [-1064.23693848, 552.53704834, 6.38595485687, 57.7048187256, 183.499816895, -98.7838134766, 126.587989807, 5.831138134, 210.085189819, -9.58022975922, 45.6501045227, -78.4372024536, 65.3937530518], [650.428405762, -374.033752441, 96.6146392822, 42.7988014221, -38.1826820374, 80.0489654541, -36.0760192871, 52.4504432678, -9.58022975922, 117.236686707, -0.933530688286, 50.2953910828, -27.8206920624], [-607.701049805, 334.919769287, -3.24532938004, 22.3457489014, 105.579658508, -12.4707365036, 64.2399597168, -40.0415039062, 45.6501045227, -0.933530688286, 138.918365479, 20.1682701111, 52.0335769653], [712.479248047, -453.756561279, 69.8738861084, 13.9957342148, -61.9667320251, 115.449882507, -44.2723426819, 33.2074394226, -78.4372024536, 50.2953910828, 20.1682701111, 147.116409302, 7.00452661514], [-445.491973877, 347.87612915, -106.191329956, 104.071014404, 131.438659668, -62.5137329102, 80.3854141235, -39.0036430359, 65.3937530518, -27.8206920624, 52.0335769653, 7.00452661514, 149.474075317]],
        "icov": [[7.20758107491e-05, -0.000190739636309, 0.000129025880597, -0.000179509850568, 9.01408857317e-05, -0.000243738744757, 0.000148979946971, -0.000198889116291, 0.0002855429193, -0.000458727794467, 0.000478920788737, -0.000428959174315, 0.000205238116905], [-0.000190739636309, 0.0014391920995, -0.000508764933329, 0.000821284542326, -0.000471071252832, 0.00125128717627, -0.000452730426332, 0.00129020866007, -0.00159724045079, 0.0024214303121, -0.00273595913313, 0.0026786418166, -0.00135717156809], [0.000129025880597, -0.000508764933329, 0.000910278235096, -0.000116481773148, 0.000123687466839, -0.00112059363164, 0.000147363884025, -0.000506558513734, 0.000308295479044, -0.00126658112276, 0.00118495931383, -0.00112722592894, 0.000777259294409], [-0.000179509850568, 0.000821284542326, -0.000116481773148, 0.00233905925415, -0.000888577837031, 0.00048413904733, -0.000710465887096, 0.00041745865019, -0.000656037009321, 0.000479730661027, -0.00131135433912, 0.00193142576609, -0.00194059009664], [9.01408857317e-05, -0.000471071252832, 0.000123687466839, -0.000888577837031, 0.00353672308847, -0.000418619601987, -0.00154674483929, 0.000300820363918, -0.00071585434489, -0.000734773755539, 0.000140531454235, -0.000721839955077, -0.000141879441799], [-0.000243738744757, 0.00125128717627, -0.00112059363164, 0.00048413904733, -0.000418619601987, 0.00532447872683, -0.00109513790812, -7.83344967203e-06, -5.92717624386e-05, 0.00159745861311, -0.00283749517985, 0.000669502012897, -0.000310297735268], [0.000148979946971, -0.000452730426332, 0.000147363884025, -0.000710465887096, -0.00154674483929, -0.00109513790812, 0.00731203565374, -0.0034127261024, -0.000609708309639, 0.00141278014053, -0.000903974985704, 0.000421825301601, -0.000999100855552], [-0.000198889116291, 0.00129020866007, -0.000506558513734, 0.00041745865019, 0.000300820363918, -7.83344967203e-06, -0.0034127261024, 0.0123005444184, -0.00441809371114, -0.000421998731326, 0.00175504188519, -0.0010658937972, 0.00182451016735], [0.0002855429193, -0.00159724045079, 0.000308295479044, -0.000656037009321, -0.00071585434489, -5.92717624386e-05, -0.000609708309639, -0.00441809371114, 0.0131026962772, -0.00591104710475, 0.000790369696915, 0.00317011354491, -0.00223234458826], [-0.000458727794467, 0.0024214303121, -0.00126658112276, 0.000479730661027, -0.000734773755539, 0.00159745861311, 0.00141278014053, -0.000421998731326, -0.00591104710475, 0.0182213597, -0.00616738805547, 0.000653495721053, 0.000301599007798], [0.000478920788737, -0.00273595913313, 0.00118495931383, -0.00131135433912, 0.000140531454235, -0.00283749517985, -0.000903974985704, 0.00175504188519, 0.000790369696915, -0.00616738805547, 0.0169253889471, -0.00947551708668, 0.00224198820069], [-0.000428959174315, 0.0026786418166, -0.00112722592894, 0.00193142576609, -0.000721839955077, 0.000669502012897, 0.000421825301601, -0.0010658937972, 0.00317011354491, 0.000653495721053, -0.00947551708668, 0.0201806779951, -0.00816079974174], [0.000205238116905, -0.00135717156809, 0.000777259294409, -0.00194059009664, -0.000141879441799, -0.000310297735268, -0.000999100855552, 0.00182451016735, -0.00223234458826, 0.000301599007798, 0.00224198820069, -0.00816079974174, 0.0140068372712]]
    },
    "melbands": {
        "dmean": [0.00219223531894, 0.00147923943587, 0.000528709031641, 0.000377033371478, 0.000477032503113, 0.000155200206791, 0.000251570629189, 0.000135008784127, 0.000114458853204, 3.63197395927e-05, 2.68000057986e-05, 3.48100911651e-05, 1.87331479538e-05, 2.31290941883e-05, 1.94931544684e-05, 1.34765277835e-05, 8.5298815975e-06, 1.73372445715e-05, 1.16846531455e-05, 9.19832746149e-06, 5.15623742103e-06, 4.21948880103e-06, 3.89322985939e-06, 3.33014941134e-06, 2.54698898061e-06, 2.28015323955e-06, 1.7654047042e-06, 1.59016667567e-06, 8.37064533243e-07, 8.7448904651e-07, 9.64538457993e-07, 6.0301999838e-07, 7.85092481692e-07, 5.60221792512e-07, 5.43234989436e-07, 6.51749985536e-07, 6.43126952582e-07, 4.08074868119e-07, 3.25731178918e-07, 2.82212994307e-07],
        "dmean2": [0.00354313105345, 0.00232060835697, 0.000701900338754, 0.00055574515136, 0.000651639595162, 0.000228568402235, 0.000359577767085, 0.000217187276576, 0.000174854663783, 5.74740188313e-05, 4.473259105e-05, 5.43507812836e-05, 3.11161311402e-05, 3.6832963815e-05, 3.00598094327e-05, 2.1123645638e-05, 1.31675715238e-05, 2.64819518634e-05, 1.81421182788e-05, 1.42397002492e-05, 8.40216853248e-06, 6.8275603553e-06, 6.18802323515e-06, 5.49732794752e-06, 4.21580989496e-06, 3.70546536033e-06, 2.88195906251e-06, 2.59284138338e-06, 1.34664128382e-06, 1.46048068927e-06, 1.55679799718e-06, 9.25522556372e-07, 1.2237979945e-06, 9.07955836738e-07, 8.91013087312e-07, 1.07593245957e-06, 1.06337824946e-06, 6.6128512799e-07, 5.24254403445e-07, 4.30669729212e-07],
        "dvar": [1.36119260787e-05, 5.394249456e-06, 1.279608e-06, 6.29841281352e-07, 1.92209108718e-06, 1.31387224656e-07, 6.75449825849e-07, 1.78816605967e-07, 1.25760237779e-07, 7.3062609296e-09, 4.75746642081e-09, 7.49443884729e-09, 3.11032888334e-09, 4.01816713236e-09, 1.84136161874e-09, 9.31489885225e-10, 3.5252359365e-10, 1.68782032794e-09, 7.10649927793e-10, 3.93529819842e-10, 2.07178135758e-10, 9.25753293468e-11, 7.24693222098e-11, 1.15989141902e-10, 5.44864986463e-11, 2.12088766688e-11, 1.97931532275e-11, 1.67481150476e-11, 4.06852806653e-12, 5.77763878407e-12, 3.59671038612e-12, 1.48001045013e-12, 2.49282690844e-12, 2.02712824825e-12, 4.29592993123e-12, 1.72444101099e-12, 1.84315345104e-12, 1.0791987963e-12, 4.14653771388e-13, 3.17868967909e-13],
        "dvar2": [3.38208483299e-05, 1.25107553686e-05, 2.24045675168e-06, 1.38158861773e-06, 3.52332631337e-06, 2.83681742985e-07, 1.47631192249e-06, 4.73807716617e-07, 3.16279511026e-07, 1.81186088355e-08, 1.25547812146e-08, 1.82766193291e-08, 8.25737789256e-09, 1.02744310837e-08, 4.38815739301e-09, 2.26334906372e-09, 7.92194809751e-10, 4.05919386992e-09, 1.72935588072e-09, 8.8338447668e-10, 5.75106740008e-10, 2.32288674407e-10, 1.76102021854e-10, 3.1839836323e-10, 1.51380324942e-10, 5.4831902907e-11, 5.06495574648e-11, 4.30318211619e-11, 9.87983653222e-12, 1.62093879985e-11, 8.46533520366e-12, 3.32364387748e-12, 5.81063539298e-12, 5.14186263012e-12, 1.1949013827e-11, 4.31318479197e-12, 4.77077925776e-12, 2.78127152385e-12, 9.86032327836e-13, 7.06354571188e-13],
        "max": [0.0547532550991, 0.0322959907353, 0.0327408537269, 0.0158846918494, 0.0318416245282, 0.00730580743402, 0.0169329699129, 0.00719829369336, 0.0055472268723, 0.00142954196781, 0.00113839912228, 0.00184298283421, 0.000854379730299, 0.00106301601045, 0.00081715133274, 0.000559609208722, 0.000413008092437, 0.000878991209902, 0.000646166910883, 0.000440957199316, 0.00052423751913, 0.000355518917786, 0.000181821116712, 0.000301653286442, 0.000212070226553, 0.000105791012174, 0.000161744668731, 0.000101634745079, 4.38317510998e-05, 0.000104826154711, 4.79252084915e-05, 2.25281219173e-05, 4.25317011832e-05, 4.68459766125e-05, 6.46869521006e-05, 1.95218744921e-05, 2.02161900233e-05, 3.31487754011e-05, 1.52964785229e-05, 1.33082430693e-05],
        "mean": [0.00559295434505, 0.00423660455272, 0.00109413685277, 0.000650533591397, 0.000897493388038, 0.000283277186099, 0.000335253746016, 0.000159864284797, 0.000160601106472, 5.3989700973e-05, 3.54118274117e-05, 4.68979378638e-05, 2.50997072726e-05, 3.32974559569e-05, 2.69123538601e-05, 1.69678696693e-05, 1.26933127831e-05, 2.7023259463e-05, 1.70310577232e-05, 1.29987720356e-05, 7.66179800848e-06, 6.23471305516e-06, 5.31911973667e-06, 4.81167717226e-06, 3.69729923477e-06, 3.73330158254e-06, 3.21310562867e-06, 2.73413365903e-06, 1.60422325735e-06, 1.7090833353e-06, 2.01986449611e-06, 1.32320622015e-06, 1.49343486555e-06, 1.07861797005e-06, 1.06052743831e-06, 1.14828753794e-06, 1.04428511349e-06, 8.16041506368e-07, 7.09592484327e-07, 5.8819472315e-07],
        "median": [0.00524552632123, 0.00374336075038, 0.000254127808148, 0.000288400042336, 0.000213567807805, 0.000101339639514, 3.74599039787e-05, 2.57034753304e-05, 2.25149979087e-05, 1.12669349619e-05, 8.25737242849e-06, 1.02555568446e-05, 5.35426624992e-06, 8.33188460092e-06, 7.2022958193e-06, 4.48808350484e-06, 3.23557060256e-06, 6.70519330015e-06, 4.57584792457e-06, 3.0246917504e-06, 2.47904722528e-06, 2.22454332288e-06, 1.56456201239e-06, 1.4014866565e-06, 9.33835281103e-07, 1.03823310837e-06, 1.02314072592e-06, 9.1307964567e-07, 5.30241095476e-07, 6.05128263942e-07, 6.90290619332e-07, 4.6147113153e-07, 3.74255620272e-07, 2.47371787054e-07, 2.22691753038e-07, 2.56814246313e-07, 2.85434651914e-07, 2.22336709044e-07, 2.0711134141e-07, 1.55757163611e-07],
        "min": [5.58801179026e-24, 4.02369272659e-24, 1.40077478737e-23, 8.97946563347e-24, 1.19120718258e-23, 7.7497048463e-24, 6.73403302019e-24, 3.39541195281e-24, 3.65333633666e-24, 5.32402264377e-24, 3.64956952584e-24, 7.41839825446e-24, 8.37955032569e-24, 3.74551552229e-24, 4.45193020773e-24, 6.86090551958e-24, 6.08450703894e-24, 7.20064818993e-24, 7.26335710987e-24, 4.24291204456e-24, 7.91351023554e-24, 5.87677984664e-24, 9.20740935862e-24, 1.20125592945e-23, 7.93856682448e-24, 6.79221230081e-24, 6.89879608658e-24, 9.14383348055e-24, 1.22357035899e-23, 1.0587557011e-23, 9.38095244688e-24, 9.37920433111e-24, 7.48818325672e-24, 1.05253521732e-23, 8.68385736418e-24, 8.71017770828e-24, 1.0111892029e-23, 1.06078938452e-23, 1.35442479157e-23, 9.31804946716e-24],
        "var": [3.23973908962e-05, 1.55385860126e-05, 5.20144794791e-06, 1.22317203477e-06, 4.69834321848e-06, 2.75108646974e-07, 9.2998936907e-07, 1.74188500068e-07, 1.57975208026e-07, 1.17472893635e-08, 6.63683863422e-09, 1.03854436162e-08, 4.75058747895e-09, 6.20191986656e-09, 2.89558843569e-09, 1.20420895477e-09, 6.7638056267e-10, 2.98784197383e-09, 1.04240893695e-09, 7.196372942e-10, 2.50007486935e-10, 1.24297183657e-10, 1.00238012335e-10, 1.14190830403e-10, 6.36599870041e-11, 5.9062622848e-11, 5.35423996806e-11, 3.39279576655e-11, 9.16178417854e-12, 1.34474081176e-11, 1.30014618863e-11, 5.33280104104e-12, 8.30554115067e-12, 8.08916909151e-12, 1.36965109393e-11, 4.39287755477e-12, 3.691831129e-12, 3.61623274728e-12, 1.76905961668e-12, 1.13310099151e-12]
    },
    "mfcc": {
        "mean": [-719.283752441, 133.089477539, 24.2299823761, 31.4994220734, 16.5107021332, 13.1023578644, 4.35548639297, 1.23189818859, 3.29797697067, 3.99790072441, 2.00999236107, 2.56304836273, 1.69631063938],
        "cov": [[17063.2890625, -411.369232178, -600.399902344, -301.733551025, -159.427459717, 131.667633057, -119.338317871, -51.7528419495, -152.26083374, -52.0117721558, -85.4237442017, -15.3019599915, 24.0361652374], [-411.369232178, 2641.93554688, -156.053390503, 360.821716309, 159.532302856, -44.7623786926, -29.8197460175, -27.9934005737, 54.8440856934, 45.339553833, 55.8239021301, -13.6399879456, -22.8991699219], [-600.399902344, -156.053390503, 1337.68566895, -162.042007446, 28.1929149628, 148.590270996, 54.910736084, 67.9190673828, -22.6430644989, 21.2408847809, 44.0248985291, 42.2689781189, 26.8697280884], [-301.733551025, 360.821716309, -162.042007446, 660.658203125, 223.386047363, 67.7684326172, 78.9576568604, 28.3196964264, 139.355712891, 76.4679336548, 43.4597702026, 34.3214797974, 16.9785175323], [-159.427459717, 159.532302856, 28.1929149628, 223.386047363, 279.45803833, 133.318481445, 81.7620620728, 46.0767021179, 69.6940231323, 49.1002120972, 26.0821857452, 34.9333152771, 32.0079689026], [131.667633057, -44.7623786926, 148.590270996, 67.7684326172, 133.318481445, 230.355255127, 120.975791931, 68.7516326904, 28.8137187958, 17.0448074341, 17.8367919922, 36.0892181396, 40.4869270325], [-119.338317871, -29.8197460175, 54.910736084, 78.9576568604, 81.7620620728, 120.975791931, 190.632354736, 94.9305114746, 41.1345329285, 17.5538864136, 19.1628837585, 35.5416069031, 24.6107006073], [-51.7528419495, -27.9934005737, 67.9190673828, 28.3196964264, 46.0767021179, 68.7516326904, 94.9305114746, 135.053970337, 63.3229370117, 23.1350688934, 24.0408973694, 31.2797164917, 20.9990673065], [-152.26083374, 54.8440856934, -22.6430644989, 139.355712891, 69.6940231323, 28.8137187958, 41.1345329285, 63.3229370117, 161.02355957, 78.9978866577, 18.2455062866, 13.651550293, 9.27065849304], [-52.0117721558, 45.339553833, 21.2408847809, 76.4679336548, 49.1002120972, 17.0448074341, 17.5538864136, 23.1350688934, 78.9978866577, 128.355560303, 50.9611244202, -4.70363044739, 2.67904806137], [-85.4237442017, 55.8239021301, 44.0248985291, 43.4597702026, 26.0821857452, 17.8367919922, 19.1628837585, 24.0408973694, 18.2455062866, 50.9611244202, 110.218864441, 45.5741157532, -14.6649246216], [-15.3019599915, -13.6399879456, 42.2689781189, 34.3214797974, 34.9333152771, 36.0892181396, 35.5416069031, 31.2797164917, 13.651550293, -4.70363044739, 45.5741157532, 105.362266541, 39.6565055847], [24.0361652374, -22.8991699219, 26.8697280884, 16.9785175323, 32.0079689026, 40.4869270325, 24.6107006073, 20.9990673065, 9.27065849304, 2.67904806137, -14.6649246216, 39.6565055847, 99.6493148804]],
