{
"lowlevel": {
    "average_loudness": 0.601688861847,
    "barkbands_crest": {
        "dmean": 3.01277017593,
        "dmean2": 4.97854185104,
        "dvar": 7.23410558701,
        "dvar2": 18.6364212036,
        "max": 26.6607036591,
        "mean": 11.0961675644,
        "median": 10.195098877,
        "min": 2.66190719604,
        "var": 19.4391326904
    },
    "barkbands_flatness_db": {
        "dmean": 0.0305090602487,
        "dmean2": 0.0465078763664,
        "dvar": 0.00107225531247,
        "dvar2": 0.00229949620552,
        "max": 0.642711102962,
        "mean": 0.20343105495,
        "median": 0.18410462141,
        "min": 0.022995442152,
        "var": 0.0084596099332
    },
    "barkbands_kurtosis": {
        "dmean": 7.14506006241,
        "dmean2": 11.6066923141,
        "dvar": 542.509399414,
        "dvar2": 1347.42492676,
        "max": 1212.73181152,
        "mean": 11.3132600784,
        "median": 4.73988771439,
        "min": -1.93346965313,
        "var": 987.744140625
    },
    "barkbands_skewness": {
        "dmean": 0.810736596584,
        "dmean2": 1.2758243084,
        "dvar": 1.00307250023,
        "dvar2": 2.44760680199,
        "max": 27.2027740479,
        "mean": 1.97961175442,
        "median": 1.81169688702,
        "min": -4.30911540985,
        "var": 3.95348644257
    },
    "barkbands_spread": {
        "dmean": 5.09091997147,
        "dmean2": 8.09056091309,
        "dvar": 59.029964447,
        "dvar2": 144.543518066,
        "max": 105.447891235,
        "mean": 14.6115932465,
        "median": 10.7827987671,
        "min": 0.136559411883,
        "var": 156.034591675
    },
    "dissonance": {
        "dmean": 0.0337608419359,
        "dmean2": 0.056438934058,
        "dvar": 0.00136284402106,
        "dvar2": 0.00366620114073,
        "max": 0.500000178814,
        "mean": 0.436847746372,
        "median": 0.453339874744,
        "min": 0.127144232392,
        "var": 0.00322657334618
    },
    "dynamic_complexity": 4.52301311493,
    "erbbands_crest": {
        "dmean": 3.29507684708,
        "dmean2": 5.28866815567,
        "dvar": 9.65119552612,
        "dvar2": 23.2219142914,
        "max": 32.92370224,
        "mean": 11.2480382919,
        "median": 10.0364141464,
        "min": 2.45891737938,
        "var": 28.6113586426
    },
    "erbbands_flatness_db": {
        "dmean": 0.0245452914387,
        "dmean2": 0.0355983413756,
        "dvar": 0.000733942724764,
        "dvar2": 0.00138173543382,
        "max": 0.57562738657,
        "mean": 0.208179846406,
        "median": 0.183031111956,
        "min": 0.0510350465775,
        "var": 0.00958730373532
    },
    "erbbands_kurtosis": {
        "dmean": 3.04206943512,
        "dmean2": 4.72008895874,
        "dvar": 59.2340087891,
        "dvar2": 143.367050171,
        "max": 284.885650635,
        "mean": 3.78117609024,
        "median": 1.20252561569,
        "min": -1.88900017738,
        "var": 94.8005599976
    },
    "erbbands_skewness": {
        "dmean": 0.574761211872,
        "dmean2": 0.874754488468,
        "dvar": 0.437851011753,
        "dvar2": 1.01576650143,
        "max": 13.6533136368,
        "mean": 0.78857678175,
        "median": 0.679852724075,
        "min": -7.2820520401,
        "var": 1.83891153336
    },
    "erbbands_spread": {
        "dmean": 9.19263553619,
        "dmean2": 13.9281358719,
        "dvar": 142.532775879,
        "dvar2": 312.399536133,
        "max": 178.043121338,
        "mean": 32.3656044006,
        "median": 26.1903915405,
        "min": 0.537588655949,
        "var": 630.878356934
    },
    "hfc": {
        "dmean": 5.51879930496,
        "dmean2": 8.24124145508,
        "dvar": 95.5412063599,
        "dvar2": 203.4140625,
        "max": 203.075897217,
        "mean": 14.1394433975,
        "median": 8.89343166351,
        "min": 1.16594932223e-16,
        "var": 262.495147705
    },
    "melbands_crest": {
        "dmean": 3.60474467278,
        "dmean2": 5.92753553391,
        "dvar": 10.806271553,
        "dvar2": 26.8000946045,
        "max": 38.7891197205,
        "mean": 14.9305896759,
        "median": 14.0312070847,
        "min": 1.61629617214,
        "var": 33.6017112732
    },
    "melbands_flatness_db": {
        "dmean": 0.0358167290688,
        "dmean2": 0.0538299195468,
        "dvar": 0.00159280828666,
        "dvar2": 0.00327495811507,
        "max": 0.797586739063,
        "mean": 0.283858239651,
        "median": 0.271454900503,
        "min": 0.00303341355175,
        "var": 0.0122559331357
    },
    "melbands_kurtosis": {
        "dmean": 14.0403671265,
        "dmean2": 22.6122436523,
        "dvar": 1392.07470703,
        "dvar2": 3409.02050781,
        "max": 1599.18566895,
        "mean": 25.4825229645,
        "median": 10.5941305161,
        "min": -1.92355871201,
        "var": 3229.64306641
    },
    "melbands_skewness": {
        "dmean": 1.00232541561,
        "dmean2": 1.55419099331,
        "dvar": 1.5121332407,
        "dvar2": 3.54742479324,
        "max": 25.0541477203,
        "mean": 2.84347772598,
        "median": 2.38898181915,
        "min": -3.7137863636,
        "var": 6.75834226608
    },
    "melbands_spread": {
        "dmean": 5.55424594879,
        "dmean2": 8.87483596802,
        "dvar": 73.4947967529,
        "dvar2": 176.326156616,
        "max": 213.413131714,
        "mean": 16.1656913757,
        "median": 10.4818582535,
        "min": 0.153866425157,
        "var": 303.27166748
    },
    "pitch_salience": {
        "dmean": 0.0854287073016,
        "dmean2": 0.140092790127,
        "dvar": 0.00614320673048,
        "dvar2": 0.0157493520528,
        "max": 0.975805640221,
        "mean": 0.539381742477,
        "median": 0.550658941269,
        "min": 0.0323476418853,
        "var": 0.0219577848911
    },
    "silence_rate_20dB": {
        "dmean": 0.000151308820932,
        "dmean2": 0.000302640546579,
        "dvar": 0.000151282147272,
        "dvar2": 0.000302533939248,
        "max": 1,
        "mean": 0.999773025513,
        "median": 1,
        "min": 0,
        "var": 0.000226886098972
    },
    "silence_rate_30dB": {
        "dmean": 0.0225450135767,
        "dmean2": 0.0450934395194,
        "dvar": 0.022038269788,
        "dvar2": 0.0495638661087,
        "max": 1,
        "mean": 0.96943795681,
        "median": 1,
        "min": 0,
        "var": 0.0296305436641
    },
    "silence_rate_60dB": {
        "dmean": 0.03737327829,
        "dmean2": 0.0747522115707,
        "dvar": 0.0359823033214,
        "dvar2": 0.0759915262461,
        "max": 1,
        "mean": 0.144186392426,
        "median": 0,
        "min": 0,
        "var": 0.123407483101
    },
    "spectral_centroid": {
        "dmean": 197.636993408,
        "dmean2": 303.092132568,
        "dvar": 84953.8828125,
        "dvar2": 176984.84375,
        "max": 11100.2265625,
        "mean": 950.023132324,
        "median": 714.416137695,
        "min": 90.9120254517,
        "var": 479786.96875
    },
    "spectral_complexity": {
        "dmean": 2.56059908867,
        "dmean2": 4.01331615448,
        "dvar": 10.7391834259,
        "dvar2": 23.188167572,
        "max": 59,
        "mean": 10.9695138931,
        "median": 10,
        "min": 0,
        "var": 49.1751365662
    },
    "spectral_decrease": {
        "dmean": 3.21118887037e-09,
        "dmean2": 4.95351271113e-09,
        "dvar": 3.19542385258e-17,
        "dvar2": 7.44936360353e-17,
        "max": 1.99608980208e-18,
        "mean": -7.4287518359e-09,
        "median": -5.06835107217e-09,
        "min": -1.29452075726e-07,
        "var": 8.17635676203e-17
    },
    "spectral_energy": {
        "dmean": 0.0124865751714,
        "dmean2": 0.0192129127681,
        "dvar": 0.000477333087474,
        "dvar2": 0.00110730854794,
        "max": 0.497976154089,
        "mean": 0.0293202400208,
        "median": 0.020247656852,
        "min": 1.04243110252e-20,
        "var": 0.00123455119319
    },
    "spectral_energyband_high": {
        "dmean": 0.000230833684327,
        "dmean2": 0.000364989304217,
        "dvar": 3.87173002991e-07,
        "dvar2": 9.2687690767e-07,
        "max": 0.014953320846,
        "mean": 0.000424491852755,
        "median": 0.000152327600517,
        "min": 8.06772111981e-21,
        "var": 6.51921425288e-07
    },
    "spectral_energyband_low": {
        "dmean": 0.00812143646181,
        "dmean2": 0.0130383484066,
        "dvar": 0.000250441051321,
        "dvar2": 0.000633447605651,
        "max": 0.379991710186,
        "mean": 0.0128399999812,
        "median": 0.00506409443915,
        "min": 6.33120514324e-23,
        "var": 0.000394554343075
    },
    "spectral_energyband_middle_high": {
        "dmean": 0.0016364264302,
        "dmean2": 0.00243646209128,
        "dvar": 1.36219805427e-05,
        "dvar2": 2.77002818621e-05,
        "max": 0.0917721837759,
        "mean": 0.00332685140893,
        "median": 0.00145784567576,
        "min": 1.3764617598e-21,
        "var": 3.11671683448e-05
    },
    "spectral_energyband_middle_low": {
        "dmean": 0.00657975580543,
        "dmean2": 0.0101340096444,
        "dvar": 0.000259094085777,
        "dvar2": 0.000573639466893,
        "max": 0.489107847214,
        "mean": 0.0143719045445,
        "median": 0.00765112508088,
        "min": 2.5647768868e-22,
        "var": 0.000662411854137
    },
    "spectral_entropy": {
        "dmean": 0.25276184082,
        "dmean2": 0.369897931814,
        "dvar": 0.0869304463267,
        "dvar2": 0.176885068417,
        "max": 9.78713417053,
        "mean": 6.99532318115,
        "median": 7.0723285675,
        "min": 3.67667007446,
        "var": 0.570605456829
    },
    "spectral_flux": {
        "dmean": 0.0304368026555,
        "dmean2": 0.0478994771838,
        "dvar": 0.00147767877206,
        "dvar2": 0.00325930095278,
        "max": 0.705825328827,
        "mean": 0.0823841840029,
        "median": 0.0695806741714,
        "min": 1.02099516341e-10,
        "var": 0.00372616876848
    },
    "spectral_kurtosis": {
        "dmean": 5.05682516098,
        "dmean2": 8.13442707062,
        "dvar": 108.639373779,
        "dvar2": 287.670715332,
        "max": 223.826141357,
        "mean": 13.6577672958,
        "median": 5.46974277496,
        "min": -1.19634413719,
        "var": 505.432495117
    },
    "spectral_rms": {
        "dmean": 0.00100888730958,
        "dmean2": 0.00150510924868,
        "dvar": 1.6020271687e-06,
        "dvar2": 3.40641418006e-06,
        "max": 0.022041561082,
        "mean": 0.0045900894329,
        "median": 0.00444452604279,
        "min": 3.18905297135e-12,
        "var": 7.53617541704e-06
    },
    "spectral_rolloff": {
        "dmean": 375.770843506,
        "dmean2": 657.557617188,
        "dvar": 911615.1875,
        "dvar2": 2292001.25,
        "max": 19013.8183594,
        "mean": 1174.86975098,
        "median": 667.529296875,
        "min": 21.533203125,
        "var": 3352059
    },
    "spectral_skewness": {
        "dmean": 0.436145842075,
        "dmean2": 0.673087179661,
        "dvar": 0.362012922764,
        "dvar2": 0.895307004452,
        "max": 11.8510169983,
        "mean": 2.4664504528,
        "median": 1.99667549133,
        "min": -0.0127129973844,
        "var": 2.39183497429
    },
    "spectral_spread": {
        "dmean": 686044.375,
        "dmean2": 1035618.375,
        "dvar": 1.20965654118e+12,
        "dvar2": 2.40305831936e+12,
        "max": 40807696,
        "mean": 4820467.5,
        "median": 4344379.5,
        "min": 374099.59375,
        "var": 8.10526126899e+12
    },
    "spectral_strongpeak": {
        "dmean": 0.544786036015,
        "dmean2": 0.902404129505,
        "dvar": 0.970179080963,
        "dvar2": 2.33570027351,
        "max": 16.1998882294,
        "mean": 0.88977009058,
        "median": 0.442913174629,
        "min": 0,
        "var": 1.64682745934
    },
    "zerocrossingrate": {
        "dmean": 0.0095545463264,
        "dmean2": 0.0119084911421,
        "dvar": 0.000158772978466,
        "dvar2": 0.000205796546652,
        "max": 0.525390625,
        "mean": 0.0525827072561,
        "median": 0.04248046875,
        "min": 0,
        "var": 0.00230011972599
    },
    "barkbands": {
        "dmean": [0.000193406114704, 0.00524285621941, 0.00354457390495, 0.00181178259663, 0.00289017707109, 0.00160910212435, 0.000638309633359, 0.00112343300134, 0.00061774806818, 0.000669724773616, 0.000412180204876, 0.00033994478872, 0.000170120139956, 0.000274727877695, 0.000187749566976, 0.000214025771129, 0.000165367368027, 5.56003105885e-05, 6.59964571241e-05, 5.0138845836e-05, 3.94072376366e-05, 4.10510110669e-05, 5.25157374796e-05, 4.24061836384e-05, 3.80340097763e-05, 2.19682970055e-05, 4.15209569837e-06],
        "dmean2": [0.000308867514832, 0.00869603734463, 0.00576508324593, 0.00306318537332, 0.00460927374661, 0.00265410775319, 0.00105102092493, 0.00170098629314, 0.000966732681263, 0.00101829576306, 0.000635102449451, 0.000523299328052, 0.000274645426543, 0.000431333406596, 0.000296136073302, 0.000341469334671, 0.000251467368798, 9.0508190624e-05, 0.000106747691461, 7.81088238e-05, 6.29580026725e-05, 6.85002960381e-05, 8.76831181813e-05, 6.86200364726e-05, 5.99020495429e-05, 3.58246979886e-05, 6.30906561128e-06],
        "dvar": [3.90173312326e-07, 0.000136922550155, 5.4312764405e-05, 3.13258751703e-05, 0.000160556737683, 4.92934814247e-05, 7.32119815439e-06, 2.36897267314e-05, 8.24965809443e-06, 7.25733571016e-06, 1.69542374806e-06, 2.66089296019e-06, 1.86212730569e-07, 8.7376480451e-07, 6.50868628327e-07, 1.32257059704e-06, 5.36672132512e-07, 2.76195422089e-08, 5.55582211348e-08, 4.192838432e-08, 1.81249877329e-08, 1.29802932847e-08, 2.41497239983e-08, 1.38942155559e-08, 1.73793885949e-08, 6.22535800687e-09, 4.7639492351e-10],
        "dvar2": [8.26418101951e-07, 0.000371603906387, 0.000139849667903, 7.97477041488e-05, 0.000380617246265, 0.000118418298371, 1.76590547198e-05, 5.08774428454e-05, 1.77931033249e-05, 1.40560096042e-05, 3.65707751371e-06, 5.87085833104e-06, 4.54570368902e-07, 2.00604881684e-06, 1.4192648905e-06, 3.01911472889e-06, 1.070441499e-06, 6.86265906324e-08, 1.3422210543e-07, 8.72656613637e-08, 4.45840946384e-08, 3.36962848735e-08, 6.23683007461e-08, 3.32741443287e-08, 4.05766265033e-08, 1.47408218965e-08, 9.90795334666e-10],
        "max": [0.0244595184922, 0.24768742919, 0.226705610752, 0.22262494266, 0.368956655264, 0.203028991818, 0.116282388568, 0.160215839744, 0.14742846787, 0.113462589681, 0.0521912649274, 0.0875054374337, 0.0124747892842, 0.0424659103155, 0.0363171845675, 0.057815272361, 0.0250167641789, 0.00390893220901, 0.00506891030818, 0.0149113480002, 0.00394636206329, 0.00173980148975, 0.00186978513375, 0.00164978718385, 0.00279477168806, 0.00139478163328, 0.00118989963084],
        "mean": [0.000247944903094, 0.00665478780866, 0.00460579572245, 0.00220425450243, 0.00540690962225, 0.00247062952258, 0.00101177417673, 0.0016392985126, 0.000971400993876, 0.000979424337856, 0.000587303598877, 0.000462585769128, 0.00025363851455, 0.000389331777114, 0.000265873532044, 0.000279719126411, 0.000251953402767, 8.0136473116e-05, 9.18997102417e-05, 7.41117255529e-05, 5.97244506935e-05, 6.52973976685e-05, 8.03410584922e-05, 7.60315379011e-05, 6.9266614446e-05, 3.3851560147e-05, 6.92309140504e-06],
        "median": [4.88243604195e-05, 0.00203397450969, 0.00103821011726, 0.000579576066229, 0.00108886242379, 0.000575098267291, 0.000252078229096, 0.000282324181171, 0.000170904560946, 0.000207603094168, 0.000149417784996, 8.88429203769e-05, 6.29784117336e-05, 5.84319968766e-05, 3.64369261661e-05, 3.36221091857e-05, 3.13151249429e-05, 1.35767277243e-05, 1.24175930978e-05, 7.10712856744e-06, 8.89362490852e-06, 2.63031688519e-05, 1.83757310879e-05, 1.94898530026e-05, 1.58886123245e-05, 4.61624222226e-06, 9.38362916258e-07],
        "min": [3.50009024506e-24, 1.95109803881e-23, 3.80823611737e-23, 1.16570883155e-23, 4.5160907895e-23, 4.51819610149e-23, 2.52347941887e-23, 6.76777338997e-23, 5.70879325793e-23, 3.88038186478e-23, 2.72118799879e-23, 1.14375983393e-22, 5.47591710109e-23, 5.18566614398e-23, 1.57934168898e-22, 1.63656591148e-22, 1.5664432452e-22, 2.12826266127e-22, 2.76766282394e-22, 1.96109470508e-22, 4.76899107602e-22, 4.52266301059e-22, 8.83472616033e-22, 6.8233625878e-22, 1.21430073533e-21, 1.74985252214e-21, 2.67457037088e-21],
        "var": [6.1567885723e-07, 0.000163806660566, 6.59388824715e-05, 3.04598106595e-05, 0.000321287254337, 5.65049413126e-05, 9.01932253328e-06, 4.22821249231e-05, 2.21944446821e-05, 1.2037666238e-05, 2.57511874224e-06, 4.3455179366e-06, 3.55756299086e-07, 1.52515212903e-06, 1.0993825299e-06, 1.87483431091e-06, 1.28757915263e-06, 4.12062384214e-08, 8.1628144244e-08, 7.03881681829e-08, 2.95523250315e-08, 1.58199124911e-08, 2.69501754246e-08, 2.75949112449e-08, 3.42727446423e-08, 1.02054578122e-08, 8.93177809491e-10]
    },
    "erbbands": {
        "dmean": [0.116663090885, 1.3123947382, 3.73128581047, 5.3616566658, 5.95660591125, 11.7639331818, 14.514131546, 12.8212852478, 9.89647960663, 16.044052124, 21.7000026703, 13.8908081055, 24.9496383667, 11.7715578079, 17.2008457184, 14.0767564774, 8.3888502121, 14.4192523956, 8.46421146393, 10.8939847946, 10.0064601898, 7.53447437286, 3.20681262016, 4.37267875671, 2.00966739655, 2.28832674026, 1.4697303772, 1.61786556244, 1.5929646492, 1.3399784565, 1.72707903385, 1.05433118343, 0.609358727932, 0.42543181777, 0.28334030509, 0.136063948274, 0.0307485423982, 0.00588404946029, 0.000710076477844, 4.92137005494e-05],
        "dmean2": [0.19252872467, 2.17114830017, 5.99706268311, 8.8011598587, 9.74983406067, 19.3995037079, 22.9389190674, 21.2329521179, 15.8877468109, 24.3385772705, 33.5891876221, 21.28008461, 37.9796333313, 18.559299469, 26.4395656586, 21.421831131, 13.1412754059, 22.4861049652, 13.2548360825, 17.2033519745, 15.7989721298, 11.3851242065, 5.11700057983, 7.02574443817, 3.22926282883, 3.54682064056, 2.32452917099, 2.62167978287, 2.65423417091, 2.19424462318, 2.9228219986, 1.760166049, 0.949567377567, 0.671129405499, 0.45960059762, 0.227024197578, 0.0491139255464, 0.00888255983591, 0.00107884977479, 7.40350806154e-05],
        "dvar": [0.0861776322126, 8.39911460876, 54.48487854, 209.319717407, 594.350219727, 4385.33496094, 3395.55249023, 3733.26708984, 1097.29492188, 5870.265625, 10879.5654297, 4500.42626953, 11001.8046875, 1826.36633301, 3008.7590332, 4005.26708984, 498.403991699, 2412.67114258, 816.219909668, 2348.72241211, 1968.01696777, 1501.2019043, 94.6617889404, 256.150695801, 52.1031837463, 94.5389404297, 27.1877174377, 34.9013938904, 20.0646400452, 11.183965683, 29.1611862183, 8.77838230133, 2.92841911316, 1.88496363163, 1.11319243908, 0.218710497022, 0.0130512081087, 0.000624285486992, 1.34192378027e-05, 6.38788719698e-08],
        "dvar2": [0.233812838793, 22.4815559387, 133.957077026, 544.989074707, 1564.5300293, 11435.234375, 7426.67480469, 9515.58300781, 2652.3737793, 12524.515625, 24148.4921875, 9485.39257812, 21762.2265625, 3852.51147461, 6874.22949219, 8538.27050781, 1090.59875488, 5445.51855469, 1790.46472168, 5622.46386719, 4540.59521484, 2955.89916992, 217.534637451, 608.873962402, 125.443389893, 187.751266479, 63.8764610291, 86.8729171753, 52.4454498291, 28.0892429352, 76.3017196655, 21.9448795319, 6.75085687637, 4.18396472931, 2.67268061638, 0.543231248856, 0.0288889184594, 0.00134900782723, 2.83705794573e-05, 1.3774373997e-07],
        "max": [7.60005998611, 60.5612640381, 155.860778809, 617.393737793, 1473.97143555, 2123.4152832, 1610.04284668, 2239.34106445, 1299.1763916, 3033.15673828, 3601.62060547, 3431.54736328, 4276.55078125, 2103.54150391, 2084.68603516, 2270.79663086, 754.546264648, 2489.28100586, 1115.41394043, 1691.05725098, 2194.27075195, 1406.51086426, 241.431060791, 316.839202881, 252.422912598, 749.737243652, 212.965606689, 188.210006714, 72.4438476562, 46.1908302307, 64.8901977539, 38.9100952148, 34.8870048523, 25.7452049255, 28.896402359, 8.45707607269, 2.31218361855, 1.01501762867, 0.203845903277, 0.0170275662094],
        "mean": [0.148710623384, 1.64532113075, 5.10678529739, 7.17592144012, 9.35028839111, 19.2929439545, 24.3871631622, 18.721868515, 18.6294116974, 24.9791870117, 30.678483963, 22.5648593903, 36.2602348328, 18.3543968201, 24.2990722656, 20.0297489166, 13.3908872604, 21.1838932037, 12.7583017349, 15.68272686, 15.2411403656, 11.6349124908, 5.03374767303, 6.25564432144, 3.06800246239, 3.41714382172, 2.24421453476, 2.42805051804, 2.4298760891, 2.24931836128, 2.52748966217, 1.72822606564, 1.14488685131, 0.808121025562, 0.484532266855, 0.205259621143, 0.048569906503, 0.00952477380633, 0.00120092357974, 9.76960218395e-05],
        "median": [0.039207983762, 0.440394699574, 1.13901817799, 2.36450505257, 1.77555143833, 3.59423947334, 5.03861045837, 4.29819536209, 3.8471364975, 5.51202630997, 5.84654474258, 4.6356511116, 7.17949819565, 5.83277320862, 6.51102399826, 4.56701993942, 3.69077062607, 3.61755847931, 2.65613698959, 2.29885530472, 2.28233933449, 1.67204856873, 0.945203006268, 0.724457144737, 0.518707633018, 0.372682183981, 0.333263576031, 0.433009177446, 0.880008161068, 0.908782064915, 0.500591993332, 0.337308049202, 0.33608558774, 0.210390016437, 0.051151137799, 0.0278112012893, 0.00529600307345, 0.00137901457492, 0.00019855654682, 3.83540937037e-05],
        "min": [6.28343134817e-22, 4.84068840964e-21, 3.86446859152e-20, 3.72721832526e-20, 1.46797365166e-19, 1.21194251126e-19, 1.18244550911e-19, 4.22464894424e-19, 5.12433478092e-19, 2.94576025031e-19, 1.85304628593e-18, 1.1407083277e-18, 1.40247862813e-18, 1.7569088736e-18, 1.93951519767e-18, 3.7414520615e-18, 2.10977729867e-18, 2.87831742324e-18, 5.48614389104e-18, 1.00340234307e-17, 8.45567927671e-18, 9.04142241208e-18, 1.17786449499e-17, 1.2427424211e-17, 1.36665085086e-17, 9.22863654575e-18, 1.11080405283e-17, 2.25574369887e-17, 1.72288635598e-17, 1.87603917726e-17, 2.35140465517e-17, 1.67623072245e-17, 1.23294446675e-17, 1.48127335106e-17, 8.56959776349e-18, 6.81803371743e-18, 3.59965882885e-18, 1.39777745051e-18, 3.64799936724e-19, 3.72372187159e-20],
        "var": [0.100117914379, 10.1658182144, 78.4364013672, 218.977249146, 603.91973877, 6299.95556641, 7178.25146484, 3470.5090332, 1703.70996094, 10812.8818359, 17913.6855469, 11573.5947266, 18165.6386719, 2692.23339844, 4575.54345703, 6394.22265625, 1013.59124756, 4246.89746094, 1404.55419922, 3458.37329102, 3584.70947266, 3357.54077148, 185.843902588, 435.451080322, 67.8297958374, 167.250701904, 40.9436187744, 54.0292053223, 24.1329421997, 17.1500682831, 29.0873222351, 14.1481294632, 6.6223692894, 4.05485486984, 2.03488636017, 0.325751900673, 0.0247406475246, 0.00115303264465, 2.49852437264e-05, 1.12150388532e-07]
    },
    "gfcc": {
        "mean": [-82.4133453369, 101.29044342, -100.889312744, 5.61338043213, -58.0901489258, 19.2532653809, -33.3872375488, 3.99011778831, -15.2901172638, -2.57962870598, -12.4881105423, 2.06341004372, -6.08721208572],
        "cov": [[24794.015625, -24.8722724915, 3236.47265625, 2995.24975586, -530.533752441, 358.347106934, -1271.30505371, 281.322692871, -230.652328491, 410.529541016, -466.829162598, -107.633552551, -654.690246582], [-24.8722724915, 2757.59204102, 481.988616943, -185.298492432, 566.342895508, -31.482170105, 221.598144531, -121.286270142, 114.326133728, -206.000839233, 83.0754852295, -246.827301025, 21.1637897491], [3236.47265625, 481.988616943, 4356.31494141, 1071.54541016, -217.535293579, 616.118713379, -309.190582275, 153.828033447, -106.086990356, 162.137084961, -222.732162476, 15.8911037445, -349.87991333], [2995.24975586, -185.298492432, 1071.54541016, 1538.46069336, 127.796165466, 141.261779785, -39.3485603333, 71.1319961548, -8.9106502533, 100.235244751, -79.1843566895, -58.3774719238, -108.732788086], [-530.533752441, 566.342895508, -217.535293579, 127.796165466, 718.827819824, 65.2299346924, 145.2003479, -1.25251877308, 44.7547454834, -62.6044845581, -17.7266387939, -88.7393722534, -16.8158054352], [358.347106934, -31.482170105, 616.118713379, 141.261779785, 65.2299346924, 522.870605469, 145.779098511, 110.495483398, 52.4283599854, 23.6213970184, -60.9777946472, 25.8527050018, -71.505607605], [-1271.30505371, 221.598144531, -309.190582275, -39.3485603333, 145.2003479, 145.779098511, 508.524536133, 128.145507812, 74.5270767212, -27.7254600525, 4.11084127426, -95.4534606934, 28.4294681549], [281.322692871, -121.286270142, 153.828033447, 71.1319961548, -1.25251877308, 110.495483398, 128.145507812, 266.877563477, 135.739257812, 47.3460006714, -15.8383893967, -7.76498794556, -23.6558265686], [-230.652328491, 114.326133728, -106.086990356, -8.9106502533, 44.7547454834, 52.4283599854, 74.5270767212, 135.739257812, 263.904602051, 51.3925933838, 18.2076148987, -6.58564662933, 24.6495609283], [410.529541016, -206.000839233, 162.137084961, 100.235244751, -62.6044845581, 23.6213970184, -27.7254600525, 47.3460006714, 51.3925933838, 195.666091919, 51.9618644714, 17.344587326, -23.1859493256], [-466.829162598, 83.0754852295, -222.732162476, -79.1843566895, -17.7266387939, -60.9777946472, 4.11084127426, -15.8383893967, 18.2076148987, 51.9618644714, 184.516891479, 48.742023468, 54.8217964172], [-107.633552551, -246.827301025, 15.8911037445, -58.3774719238, -88.7393722534, 25.8527050018, -95.4534606934, -7.76498794556, -6.58564662933, 17.344587326, 48.742023468, 194.204605103, 67.9700317383], [-654.690246582, 21.1637897491, -349.87991333, -108.732788086, -16.8158054352, -71.505607605, 28.4294681549, -23.6558265686, 24.6495609283, -23.1859493256, 54.8217964172, 67.9700317383, 175.456497192]],
        "icov": [[0.000101653742604, -0.000181924318895, 0.00012899027206, -0.000232221442275, 0.000189774567843, -0.000171173480339, 0.000397873052862, -0.000398049975047, 0.000322737818351, -0.000302990636555, 0.000332395196892, -7.63293501223e-05, 0.000185184981092], [-0.000181924318895, 0.00123917486053, -0.000688561121933, 0.000697086681612, -0.000949768640567, 0.000619295577053, -0.00105488963891, 0.00156045996118, -0.00151665369049, 0.00164344219957, -0.00170162180439, 0.00125983345788, -0.000752817315515], [0.00012899027206, -0.000688561121933, 0.000825804425403, -0.000641937833279, 0.000679604650941, -0.0008488438325, 0.00102408905514, -0.00115063611884, 0.00111373304389, -0.00105108891148, 0.00113172479905, -0.000616091128904, 0.000801112561021], [-0.000232221442275, 0.000697086681612, -0.000641937833279, 0.00146940548439, -0.000865382491611, 0.000558728410397, -0.000995286507532, 0.00104831939097, -0.000911302224267, 0.000599803635851, -0.000902365427464, 0.000706406659447, -0.000657115830109], [0.000189774567843, -0.000949768640567, 0.000679604650941, -0.000865382491611, 0.00246018194593, -0.000843375280965, 0.000726493191905, -0.000936162192374, 0.000811768171843, -0.000689770153258, 0.00117357203271, -0.000368200184312, 0.000860496773385], [-0.000171173480339, 0.000619295577053, -0.0008488438325, 0.000558728410397, -0.000843375280965, 0.00371873308904, -0.0022878088057, 0.000966313935351, -0.001434784499, 0.000783197698183, -0.000155804387759, -0.0013841263717, 0.000765781849623], [0.000397873052862, -0.00105488963891, 0.00102408905514, -0.000995286507532, 0.000726493191905, -0.0022878088057, 0.00530608324334, -0.0036497709807, 0.0021607701201, -0.00121152948122, 0.00103023741394, 0.00174142443575, -0.000637546705548], [-0.000398049975047, 0.00156045996118, -0.00115063611884, 0.00104831939097, -0.000936162192374, 0.000966313935351, -0.0036497709807, 0.00891739595681, -0.00525177130476, 0.00160928373225, -0.00160724832676, 0.000206553057069, 0.000152066000737], [0.000322737818351, -0.00151665369049, 0.00111373304389, -0.000911302224267, 0.000811768171843, -0.001434784499, 0.0021607701201, -0.00525177130476, 0.00793865788728, -0.00335872313008, 0.00199577026069, -0.00044538275688, -0.000531937810592], [-0.000302990636555, 0.00164344219957, -0.00105108891148, 0.000599803635851, -0.000689770153258, 0.000783197698183, -0.00121152948122, 0.00160928373225, -0.00335872313008, 0.00925406627357, -0.00489614484832, 0.00142499490175, 0.0002858080843], [0.000332395196892, -0.00170162180439, 0.00113172479905, -0.000902365427464, 0.00117357203271, -0.000155804387759, 0.00103023741394, -0.00160724832676, 0.00199577026069, -0.00489614484832, 0.00995409768075, -0.00336227728985, 7.34053610358e-05], [-7.63293501223e-05, 0.00125983345788, -0.000616091128904, 0.000706406659447, -0.000368200184312, -0.0013841263717, 0.00174142443575, 0.000206553057069, -0.00044538275688, 0.00142499490175, -0.00336227728985, 0.0102097718045, -0.00473498180509], [0.000185184981092, -0.000752817315515, 0.000801112561021, -0.000657115830109, 0.000860496773385, 0.000765781849623, -0.000637546705548, 0.000152066000737, -0.000531937810592, 0.0002858080843, 7.34053610358e-05, -0.00473498180509, 0.0101137086749]]
    },
    "melbands": {
        "dmean": [0.0012478500139, 0.00181593908928, 0.000873819342814, 0.00057780201314, 0.000538719759788, 0.000288529030513, 0.000146448786836, 0.000189573125681, 0.000177617534064, 8.37049810798e-05, 0.000124269092339, 4.58860995423e-05, 5.27788652107e-05, 4.38598290202e-05, 2.82790915662e-05, 1.62835040101e-05, 3.10151008307e-05, 1.25559899971e-05, 1.68818787643e-05, 1.78595510079e-05, 1.1650747183e-05, 9.98060386337e-06, 3.41920804203e-06, 2.75670663541e-06, 3.91552566725e-06, 1.48803360389e-06, 1.64992241025e-06, 1.56570570198e-06, 9.53957510319e-07, 9.51680078742e-07, 1.04677553736e-06, 9.93959588413e-07, 7.53256756525e-07, 7.93443916791e-07, 1.13573457838e-06, 6.94993730121e-07, 6.78913750107e-07, 4.33318405157e-07, 3.83096448786e-07, 3.72498107026e-07],
        "dmean2": [0.00207273056731, 0.00293204397894, 0.00142778584268, 0.000950176501647, 0.000835724233184, 0.00047557419748, 0.000235068058828, 0.000286643538857, 0.000275072903605, 0.000129082560306, 0.000189262224012, 7.29920429876e-05, 8.15388557385e-05, 6.79965305608e-05, 4.34325957031e-05, 2.57170395344e-05, 4.861382331e-05, 1.99245241674e-05, 2.66163042397e-05, 2.85545684164e-05, 1.83166903298e-05, 1.5027221707e-05, 5.42503039469e-06, 4.50606785307e-06, 6.3276011133e-06, 2.41254269895e-06, 2.66122742687e-06, 2.40655981543e-06, 1.49601578414e-06, 1.55173916028e-06, 1.69633369751e-06, 1.67599239376e-06, 1.24974417304e-06, 1.29814486627e-06, 1.92909556063e-06, 1.16056014576e-06, 1.14276451768e-06, 7.01516114532e-07, 6.06284004334e-07, 5.98360429649e-07],
        "dvar": [8.4243447418e-06, 1.26118311528e-05, 5.51660377823e-06, 7.93143044575e-06, 4.62668185719e-06, 1.71831197804e-06, 2.71529103202e-07, 7.72376495206e-07, 7.300052971e-07, 1.75759637955e-07, 2.75366403457e-07, 2.84374213066e-08, 2.62155737119e-08, 4.20624850506e-08, 1.31473738563e-08, 2.11236139691e-09, 1.22221939236e-08, 1.67063640699e-09, 6.11649220161e-09, 1.01641077777e-08, 2.55713517028e-09, 2.76740697025e-09, 1.46488821073e-10, 6.60008367404e-11, 2.2321461346e-10, 4.44201134209e-11, 4.06982884893e-11, 6.57138440885e-11, 1.43622544413e-11, 1.11897930158e-11, 1.8219795464e-11, 7.75836079409e-12, 4.34190357279e-12, 3.86732789889e-12, 1.35021698683e-11, 3.59180437129e-12, 3.80422950086e-12, 1.46737602538e-12, 1.2563972215e-12, 1.4967522664e-12],
        "dvar2": [2.31934063777e-05, 3.08089984173e-05, 1.32479508466e-05, 2.06803870242e-05, 9.50068715611e-06, 4.2820638555e-06, 6.43337386919e-07, 1.60244496783e-06, 1.58999660016e-06, 3.81660754556e-07, 5.43589408153e-07, 6.1048758937e-08, 6.01705991699e-08, 1.01504078032e-07, 2.22156231189e-08, 5.00948615922e-09, 2.76199578764e-08, 3.94869204001e-09, 1.34435467203e-08, 2.28184724449e-08, 5.8560600813e-09, 5.50844703184e-09, 2.97055241516e-10, 1.65605140712e-10, 5.33743549358e-10, 1.07867083321e-10, 1.01449619538e-10, 1.2291634377e-10, 3.22284351983e-11, 2.8788757836e-11, 4.38613173559e-11, 2.04660385861e-11, 1.10417352345e-11, 9.84792542652e-12, 3.53362027139e-11, 9.31700289836e-12, 9.46367550297e-12, 3.5563088932e-12, 2.67010198673e-12, 3.41914647636e-12],
        "max": [0.065497122705, 0.0682015344501, 0.0948385298252, 0.0904785469174, 0.0656353533268, 0.0460721589625, 0.0186234991997, 0.0378680713475, 0.0312073081732, 0.0254707243294, 0.0215202327818, 0.00776959769428, 0.00648030266166, 0.012363939546, 0.00730870477855, 0.00133393821307, 0.00561690423638, 0.00118395255413, 0.00336894229986, 0.00505763106048, 0.00230853864923, 0.00188455008902, 0.000557679100893, 0.000243208618485, 0.000296910817269, 0.000315039680572, 0.00017427970306, 0.00072626414476, 0.000232252932619, 9.918937576e-05, 0.000174309490831, 5.91586212977e-05, 3.10371724481e-05, 3.43260981026e-05, 4.95595340908e-05, 2.89161816909e-05, 2.66974366241e-05, 2.35106199398e-05, 2.21777863771e-05, 2.35459210671e-05],
        "mean": [0.00160875252914, 0.00260051502846, 0.00130045460537, 0.000949946814217, 0.000962811871432, 0.000445250247139, 0.000264502770733, 0.000292330660159, 0.000251026067417, 0.000135749723995, 0.00017753134307, 6.77732168697e-05, 7.44750432204e-05, 6.00596540608e-05, 4.09205422329e-05, 2.43023605435e-05, 4.356804493e-05, 1.81208597496e-05, 2.37200529227e-05, 2.24018040171e-05, 1.74490724021e-05, 1.47353703142e-05, 5.18990418641e-06, 3.92557103623e-06, 5.40992459719e-06, 2.04409434446e-06, 2.39760629483e-06, 2.2293688744e-06, 1.34678577979e-06, 1.38913139835e-06, 1.4868579683e-06, 1.40805684623e-06, 1.20838274142e-06, 1.26411555357e-06, 1.62045819252e-06, 9.96924995889e-07, 1.10627388494e-06, 7.50519120629e-07, 7.5701541391e-07, 6.63894070385e-07],
        "median": [0.00050442252541, 0.000684286700562, 0.000459701754153, 0.000193709798623, 0.000191277737031, 9.88588435575e-05, 5.69416442886e-05, 5.90840354562e-05, 4.32395681855e-05, 2.64771515504e-05, 3.39633515978e-05, 1.84410437214e-05, 2.00717731786e-05, 1.42076005432e-05, 8.65793117555e-06, 5.43782698514e-06, 6.17525620328e-06, 3.8163834688e-06, 2.67785708274e-06, 2.45620708483e-06, 2.33714945352e-06, 1.7296755459e-06, 8.0306261907e-07, 6.26037035545e-07, 4.91465243613e-07, 3.00575152323e-07, 2.55062161614e-07, 2.03687591238e-07, 1.79903281605e-07, 1.94962368028e-07, 2.36746984683e-07, 4.49724382179e-07, 4.8329098945e-07, 4.24322252002e-07, 2.69839432576e-07, 2.36247942098e-07, 1.73016672989e-07, 1.71363950585e-07, 2.14411798538e-07, 1.6348460008e-07],
        "min": [5.51263494747e-24, 1.52157479329e-23, 9.71094242986e-24, 1.17268401856e-23, 3.83041154962e-24, 9.31738603514e-24, 7.52470120574e-24, 4.3309737707e-24, 1.42357318308e-23, 7.71410276478e-24, 7.02726366271e-24, 7.20208233906e-24, 4.48922794576e-24, 1.34736637974e-23, 5.93955581975e-24, 5.58415149942e-24, 5.02079713357e-24, 7.65529633974e-24, 1.2366825683e-23, 1.36025873351e-23, 8.72668541159e-24, 7.54126728475e-24, 1.41532406459e-23, 9.03201875812e-24, 1.03949179668e-23, 8.355564221e-24, 1.01514423593e-23, 4.9692797833e-24, 5.23468887942e-24, 1.1181783054e-23, 1.25756095545e-23, 9.31354191595e-24, 9.20282134359e-24, 1.08702074511e-23, 1.21687718976e-23, 1.76078502988e-23, 7.26504527221e-24, 6.93600507775e-24, 1.14290396718e-23, 1.29659040094e-23],
        "var": [9.88562806015e-06, 1.92217721633e-05, 6.71355155646e-06, 9.6503063105e-06, 1.21681805467e-05, 1.75287664206e-06, 3.97564889454e-07, 1.52803579567e-06, 1.322222829e-06, 4.61030595034e-07, 4.53631514574e-07, 4.15509440188e-08, 3.82776583763e-08, 6.05018257716e-08, 2.6394838315e-08, 4.03266042781e-09, 2.09908037618e-08, 2.80805068087e-09, 1.07557589502e-08, 1.31647182045e-08, 5.16872233902e-09, 5.92733506721e-09, 3.44332923286e-10, 9.50113876463e-11, 3.77140763064e-10, 4.88104799634e-11, 6.14137143917e-11, 1.16551795992e-10, 2.01210645367e-11, 1.62162991368e-11, 3.18706727676e-11, 9.42017037292e-12, 5.48065976283e-12, 5.98032474236e-12, 1.26503850797e-11, 4.72874864266e-12, 6.14827112833e-12, 2.96394614581e-12, 3.11738634039e-12, 2.90535195728e-12]
    },
    "mfcc": {
        "mean": [-725.566833496, 137.6353302, 16.0093173981, -2.34856176376, 2.2354631424, 7.25030946732, -3.98487401009, 6.78974056244, 1.77755117416, -1.47302269936, -1.14184272289, -0.230148538947, 1.68672227859],
        "cov": [[14301.0322266, -60.2807197571, 1411.41479492, 1473.23706055, 693.352539062, 256.221343994, -432.730865479, -269.213989258, -360.657440186, 77.9429473877, -13.0633230209, -248.52166748, -62.3618354797], [-60.2807197571, 2672.90039062, 397.87387085, -0.933830440044, 338.851501465, 112.164329529, 124.375427246, 90.2970733643, 110.800193787, 29.4881191254, 161.170852661, 45.2418327332, -43.8046073914], [1411.41479492, 397.87387085, 3384.87841797, 605.00769043, 405.851104736, 322.14755249, -27.762638092, 115.520202637, -75.8758239746, 148.503723145, 69.4193344116, -107.097427368, 132.785491943], [1473.23706055, -0.933830440044, 605.00769043, 1112.90136719, 334.19821167, 190.806365967, 78.617980957, -15.2651872635, -1.97428739071, 88.4272232056, 32.5945014954, -35.3987350464, 2.02997279167], [693.352539062, 338.851501465, 405.851104736, 334.19821167, 567.463500977, 198.774551392, -10.038819313, 44.0063247681, 8.10524368286, 20.2937374115, 33.5505599976, -6.04799365997, 32.0401077271], [256.221343994, 112.164329529, 322.14755249, 190.806365967, 198.774551392, 390.003631592, 144.774932861, 132.940048218, 47.0147819519, 82.9894256592, 24.8764972687, -24.26039505, 13.2037363052], [-432.730865479, 124.375427246, -27.762638092, 78.617980957, -10.038819313, 144.774932861, 332.208892822, 123.256462097, 72.3201370239, 60.291557312, 43.7036018372, 4.50712585449, -2.84726166725], [-269.213989258, 90.2970733643, 115.520202637, -15.2651872635, 44.0063247681, 132.940048218, 123.256462097, 316.923522949, 152.960922241, 90.0456848145, 22.1598072052, 12.5457696915, 27.5884227753], [-360.657440186, 110.800193787, -75.8758239746, -1.97428739071, 8.10524368286, 47.0147819519, 72.3201370239, 152.960922241, 256.72869873, 125.147651672, 35.4338417053, 24.7530269623, 15.5078735352], [77.9429473877, 29.4881191254, 148.503723145, 88.4272232056, 20.2937374115, 82.9894256592, 60.291557312, 90.0456848145, 125.147651672, 224.518569946, 117.672859192, 9.04645442963, -3.97100830078], [-13.0633230209, 161.170852661, 69.4193344116, 32.5945014954, 33.5505599976, 24.8764972687, 43.7036018372, 22.1598072052, 35.4338417053, 117.672859192, 196.090988159, 53.6746864319, -23.1546878815], [-248.52166748, 45.2418327332, -107.097427368, -35.3987350464, -6.04799365997, -24.26039505, 4.50712585449, 12.5457696915, 24.7530269623, 9.04645442963, 53.6746864319, 135.509384155, 58.6389198303], [-62.3618354797, -43.8046073914, 132.785491943, 2.02997279167, 32.0401077271, 13.2037363052, -2.84726166725, 27.5884227753, 15.5078735352, -3.97100830078, -23.1546878815, 58.6389198303, 153.772567749]],
