{
"lowlevel": {
    "average_loudness": 0.899616777897,
    "barkbands_crest": {
        "dmean": 1.92619419098,
        "dmean2": 3.10532593727,
        "dvar": 3.45045924187,
        "dvar2": 9.44909858704,
        "max": 24.9072990417,
        "mean": 10.8055973053,
        "median": 10.4718513489,
        "min": 2.99269342422,
        "var": 10.7179059982
    },
    "barkbands_flatness_db": {
        "dmean": 0.0230957549065,
        "dmean2": 0.0336283966899,
        "dvar": 0.000505281088408,
        "dvar2": 0.00108727475163,
        "max": 0.573874473572,
        "mean": 0.23647287488,
        "median": 0.227393060923,
        "min": 0.0460753850639,
        "var": 0.00505366874859
    },
    "barkbands_kurtosis": {
        "dmean": 7.36610555649,
        "dmean2": 11.4074831009,
        "dvar": 112.721755981,
        "dvar2": 277.699035645,
        "max": 170.527160645,
        "mean": 17.3141880035,
        "median": 11.6726322174,
        "min": -1.94199979305,
        "var": 347.930633545
    },
    "barkbands_skewness": {
        "dmean": 0.698674738407,
        "dmean2": 1.04952144623,
        "dvar": 0.574795722961,
        "dvar2": 1.3590927124,
        "max": 10.5083370209,
        "mean": 2.82117009163,
        "median": 2.6823220253,
        "min": -3.26689910889,
        "var": 2.38539218903
    },
    "barkbands_spread": {
        "dmean": 3.68681192398,
        "dmean2": 5.43540477753,
        "dvar": 41.5260620117,
        "dvar2": 78.1544036865,
        "max": 114.526809692,
        "mean": 10.9756479263,
        "median": 7.20351600647,
        "min": 0.280392795801,
        "var": 140.836959839
    },
    "dissonance": {
        "dmean": 0.0254326742142,
        "dmean2": 0.0416689142585,
        "dvar": 0.000533893937245,
        "dvar2": 0.00138158455957,
        "max": 0.499868422747,
        "mean": 0.426651924849,
        "median": 0.433239787817,
        "min": 0.217540815473,
        "var": 0.00163184548728
    },
    "dynamic_complexity": 2.51383185387,
    "erbbands_crest": {
        "dmean": 2.433147192,
        "dmean2": 3.90379428864,
        "dvar": 5.40135717392,
        "dvar2": 13.7231473923,
        "max": 29.6584510803,
        "mean": 11.1898345947,
        "median": 10.2385091782,
        "min": 2.53622245789,
        "var": 22.4629383087
    },
    "erbbands_flatness_db": {
        "dmean": 0.0209088679403,
        "dmean2": 0.0267291199416,
        "dvar": 0.000373781658709,
        "dvar2": 0.000591605028603,
        "max": 0.449642062187,
        "mean": 0.183224916458,
        "median": 0.180875524879,
        "min": 0.0523028858006,
        "var": 0.00242323055863
    },
    "erbbands_kurtosis": {
        "dmean": 2.02353477478,
        "dmean2": 3.13589692116,
        "dvar": 16.7930488586,
        "dvar2": 43.9983940125,
        "max": 202.275421143,
        "mean": 4.61332559586,
        "median": 1.3491191864,
        "min": -1.91445100307,
        "var": 248.147689819
    },
    "erbbands_skewness": {
        "dmean": 0.420847058296,
        "dmean2": 0.626901745796,
        "dvar": 0.194454923272,
        "dvar2": 0.424004763365,
        "max": 11.8913192749,
        "mean": 1.29884600639,
        "median": 1.10028719902,
        "min": -2.83232545853,
        "var": 2.04919672012
    },
    "erbbands_spread": {
        "dmean": 9.32195663452,
        "dmean2": 13.1397094727,
        "dvar": 185.685119629,
        "dvar2": 323.900146484,
        "max": 178.935958862,
        "mean": 37.3328895569,
        "median": 30.7779922485,
        "min": 1.60711145401,
        "var": 701.317077637
    },
    "hfc": {
        "dmean": 4.52494573593,
        "dmean2": 6.47525787354,
        "dvar": 45.9706764221,
        "dvar2": 92.3141326904,
        "max": 130.981140137,
        "mean": 16.1687927246,
        "median": 12.2776107788,
        "min": 1.20817709102e-16,
        "var": 178.928833008
    },
    "melbands_crest": {
        "dmean": 2.60333132744,
        "dmean2": 4.20735740662,
        "dvar": 6.39975500107,
        "dvar2": 18.3431434631,
        "max": 32.5471954346,
        "mean": 15.791015625,
        "median": 15.4197359085,
        "min": 1.66038870811,
        "var": 21.4176425934
    },
    "melbands_flatness_db": {
        "dmean": 0.0269118323922,
        "dmean2": 0.0373466685414,
        "dvar": 0.000767136458308,
        "dvar2": 0.00154779490549,
        "max": 0.732385694981,
        "mean": 0.306209504604,
        "median": 0.299053966999,
        "min": 0.0042400942184,
        "var": 0.00847010221332
    },
    "melbands_kurtosis": {
        "dmean": 14.9541683197,
        "dmean2": 22.5787124634,
        "dvar": 598.125366211,
        "dvar2": 1371.95056152,
        "max": 432.63684082,
        "mean": 34.7645645142,
        "median": 23.0589847565,
        "min": -1.68057227135,
        "var": 1536.76342773
    },
    "melbands_skewness": {
        "dmean": 0.883056223392,
        "dmean2": 1.31086838245,
        "dvar": 1.12049913406,
        "dvar2": 2.43789744377,
        "max": 15.8772258759,
        "mean": 3.74500799179,
        "median": 3.46815276146,
        "min": -1.44622612,
        "var": 4.25862979889
    },
    "melbands_spread": {
        "dmean": 3.00205516815,
        "dmean2": 4.5528011322,
        "dvar": 31.4449882507,
        "dvar2": 70.2075424194,
        "max": 196.745742798,
        "mean": 9.83505153656,
        "median": 6.0895690918,
        "min": 0.468410015106,
        "var": 174.59576416
    },
    "pitch_salience": {
        "dmean": 0.0570046976209,
        "dmean2": 0.0921600162983,
        "dvar": 0.00281771807931,
        "dvar2": 0.00741405040026,
        "max": 0.956291079521,
        "mean": 0.541514575481,
        "median": 0.545342862606,
        "min": 0.156422659755,
        "var": 0.00789080839604
    },
    "silence_rate_20dB": {
        "dmean": 0,
        "dmean2": 0,
        "dvar": 0,
        "dvar2": 0,
        "max": 1,
        "mean": 1,
        "median": 1,
        "min": 1,
        "var": 0
    },
    "silence_rate_30dB": {
        "dmean": 0.0159544162452,
        "dmean2": 0.0319118611515,
        "dvar": 0.0157005041838,
        "dvar2": 0.0407670140266,
        "max": 1,
        "mean": 0.986136198044,
        "median": 1,
        "min": 0,
        "var": 0.0136720966548
    },
    "silence_rate_60dB": {
        "dmean": 0.000949667592067,
        "dmean2": 0.00189951562788,
        "dvar": 0.000948805478401,
        "dvar2": 0.00189600058366,
        "max": 1,
        "mean": 0.022979773581,
        "median": 0,
        "min": 0,
        "var": 0.0224501509219
    },
    "spectral_centroid": {
        "dmean": 115.328094482,
        "dmean2": 174.707138062,
        "dvar": 35054.6015625,
        "dvar2": 73441.546875,
        "max": 10817.6376953,
        "mean": 568.351257324,
        "median": 441.41583252,
        "min": 144.170913696,
        "var": 185036.640625
    },
    "spectral_complexity": {
        "dmean": 1.92250716686,
        "dmean2": 3.0164308548,
        "dvar": 5.86380767822,
        "dvar2": 13.2075176239,
        "max": 47,
        "mean": 12.0838479996,
        "median": 11,
        "min": 0,
        "var": 34.2495918274
    },
    "spectral_decrease": {
        "dmean": 2.77506151392e-09,
        "dmean2": 4.42615721852e-09,
        "dvar": 1.77803564547e-17,
        "dvar2": 4.58957390931e-17,
        "max": 9.75309054663e-30,
        "mean": -1.01780912587e-08,
        "median": -9.2122949269e-09,
        "min": -4.88634626095e-08,
        "var": 3.92165534318e-17
    },
    "spectral_energy": {
        "dmean": 0.0107290763408,
        "dmean2": 0.0170700121671,
        "dvar": 0.000259909953456,
        "dvar2": 0.000668934779242,
        "max": 0.187388330698,
        "mean": 0.0398810394108,
        "median": 0.036209795624,
        "min": 1.09217107218e-20,
        "var": 0.00058552675182
    },
    "spectral_energyband_high": {
        "dmean": 0.00024579410092,
        "dmean2": 0.000339270947734,
        "dvar": 3.84173006296e-07,
        "dvar2": 7.29000930733e-07,
        "max": 0.0140567813069,
        "mean": 0.000428353232564,
        "median": 0.000117825715279,
        "min": 8.0854901549e-21,
        "var": 9.64411015048e-07
    },
    "spectral_energyband_low": {
        "dmean": 0.00586820440367,
        "dmean2": 0.00960862915963,
        "dvar": 0.00021213258151,
        "dvar2": 0.000553923717234,
        "max": 0.162903517485,
        "mean": 0.015409398824,
        "median": 0.0113407019526,
        "min": 7.33229550661e-23,
        "var": 0.000273852376267
    },
    "spectral_energyband_middle_high": {
        "dmean": 0.00100295199081,
        "dmean2": 0.00144937133882,
        "dvar": 3.69812892131e-06,
        "dvar2": 8.07326068752e-06,
        "max": 0.0571389719844,
        "mean": 0.00274005136453,
        "median": 0.00106114556547,
        "min": 1.56397336588e-21,
        "var": 1.54690715135e-05
    },
    "spectral_energyband_middle_low": {
        "dmean": 0.00748204998672,
        "dmean2": 0.0119218975306,
        "dvar": 8.82784443093e-05,
        "dvar2": 0.000243911868893,
        "max": 0.167267486453,
        "mean": 0.0260230060667,
        "median": 0.0233066286892,
        "min": 3.39726520796e-22,
        "var": 0.000265384383965
    },
    "spectral_entropy": {
        "dmean": 0.249054417014,
        "dmean2": 0.338776290417,
        "dvar": 0.0683884546161,
        "dvar2": 0.119166851044,
        "max": 9.80559253693,
        "mean": 6.68806838989,
        "median": 6.76060962677,
        "min": 3.95769262314,
        "var": 0.543228566647
    },
    "spectral_flux": {
        "dmean": 0.0258602797985,
        "dmean2": 0.0409982688725,
        "dvar": 0.00106594385579,
        "dvar2": 0.00256933202036,
        "max": 0.371977835894,
        "mean": 0.0727527216077,
        "median": 0.0609264746308,
        "min": 1.04506986398e-10,
        "var": 0.00233266456053
    },
    "spectral_kurtosis": {
        "dmean": 3.74781799316,
        "dmean2": 5.50045537949,
        "dvar": 30.3922119141,
        "dvar2": 63.3960189819,
        "max": 273.595367432,
        "mean": 9.73368835449,
        "median": 6.9725933075,
        "min": -1.38075232506,
        "var": 136.928085327
    },
    "spectral_rms": {
        "dmean": 0.000784883392043,
        "dmean2": 0.00121943163686,
        "dvar": 1.01989246559e-06,
        "dvar2": 2.47985758506e-06,
        "max": 0.0135210165754,
        "mean": 0.00593262119219,
        "median": 0.00594362104312,
        "min": 3.26424998143e-12,
        "var": 3.71228588847e-06
    },
    "spectral_rolloff": {
        "dmean": 233.789535522,
        "dmean2": 406.711181641,
        "dvar": 644609.1875,
        "dvar2": 1428025.75,
        "max": 18540.0878906,
        "mean": 706.876525879,
        "median": 322.998046875,
        "min": 107.666015625,
        "var": 1853921.875
    },
    "spectral_skewness": {
        "dmean": 0.396099209785,
        "dmean2": 0.556630849838,
        "dvar": 0.204431310296,
        "dvar2": 0.373096227646,
        "max": 14.1890888214,
        "mean": 2.45953559875,
        "median": 2.31470513344,
        "min": -0.101179949939,
        "var": 1.16309583187
    },
    "spectral_spread": {
        "dmean": 1119790.25,
        "dmean2": 1347976.125,
        "dvar": 1.66963458867e+12,
        "dvar2": 2.17959982694e+12,
        "max": 41180356,
        "mean": 5074358,
        "median": 4351730,
        "min": 297487.21875,
        "var": 6.87541007155e+12
    },
    "spectral_strongpeak": {
        "dmean": 0.367212891579,
        "dmean2": 0.619490325451,
        "dvar": 0.427441418171,
        "dvar2": 1.06482982635,
        "max": 17.1753196716,
        "mean": 0.902906537056,
        "median": 0.661513745785,
        "min": 3.10271874859e-09,
        "var": 0.876870691776
    },
    "zerocrossingrate": {
        "dmean": 0.00875428505242,
        "dmean2": 0.0100019974634,
        "dvar": 0.000144818084664,
        "dvar2": 0.000156212248839,
        "max": 0.5029296875,
        "mean": 0.0366231352091,
        "median": 0.02783203125,
        "min": 0.00390625,
        "var": 0.00134333607275
    },
    "barkbands": {
        "dmean": [4.58677095594e-06, 0.00311387260444, 0.0020302743651, 0.00392852909863, 0.00393770262599, 0.00101898889989, 0.000681623525452, 0.000866166024935, 0.000564064248465, 0.000202529496164, 0.000173405744135, 0.000266957271378, 0.000163656877703, 0.000141725759022, 0.000221050810069, 0.000157399466843, 0.000132101340569, 8.59556093928e-05, 4.85660530103e-05, 2.91545329674e-05, 1.55736124725e-05, 3.14391254506e-05, 7.00423115632e-05, 5.45194743609e-05, 6.88587024342e-05, 2.64735353994e-05, 1.86561566196e-09],
        "dmean2": [6.03736998528e-06, 0.00529956864193, 0.00321602448821, 0.00643990049139, 0.00623723026365, 0.00160663819406, 0.00101251830347, 0.00122920249123, 0.00079563719919, 0.000293253309792, 0.000265436945483, 0.000415301154135, 0.000248999305768, 0.000218664645217, 0.000337710109306, 0.000235739251366, 0.000201959439437, 0.000129984779051, 7.59751710575e-05, 4.87161742058e-05, 2.3302696718e-05, 4.84346201119e-05, 9.92416025838e-05, 7.5213421951e-05, 9.52668051468e-05, 3.82881007681e-05, 3.47082940166e-09],
        "dvar": [1.71609323973e-10, 8.28898409964e-05, 2.40424269577e-05, 3.97320036427e-05, 2.85338192043e-05, 3.3808983062e-06, 2.99822249872e-06, 4.85413056595e-06, 2.28219960263e-06, 2.58970572986e-07, 3.3499046026e-07, 7.39486438306e-07, 2.37595642716e-07, 1.83023331601e-07, 7.03209707353e-07, 4.50392462881e-07, 1.78510504156e-07, 6.58948735577e-08, 1.72222751615e-08, 1.6796267488e-08, 2.1831518815e-09, 7.73631025908e-09, 4.92769238747e-08, 3.84444014401e-08, 3.56100251508e-08, 3.00649305451e-09, 6.18799588744e-17],
        "dvar2": [3.08743919319e-10, 0.000221707974561, 6.23709784122e-05, 0.0001198805694, 7.39909301046e-05, 8.04054525361e-06, 6.44287274554e-06, 9.49735476752e-06, 4.63229844172e-06, 5.08615130457e-07, 7.13146846465e-07, 1.69279030615e-06, 5.09317942488e-07, 4.25765989576e-07, 1.64562004557e-06, 9.7165286661e-07, 4.03458869869e-07, 1.43219409665e-07, 4.21326582511e-08, 4.76308450459e-08, 5.55987211825e-09, 2.00370067205e-08, 1.06368645447e-07, 6.96050364013e-08, 6.6700145851e-08, 6.67717170444e-09, 1.84055534583e-16],
        "max": [0.000300617684843, 0.111519992352, 0.0740805342793, 0.0780739933252, 0.0947741866112, 0.0368750169873, 0.0376810878515, 0.0460309162736, 0.056360412389, 0.0164032224566, 0.0298186745495, 0.0280746221542, 0.0119873471558, 0.00785743724555, 0.0267898309976, 0.0311735551804, 0.0138565162197, 0.0110046910122, 0.00304353912361, 0.00525037944317, 0.00141897599678, 0.00177687022369, 0.00576859712601, 0.00706313177943, 0.00555704394355, 0.000714300840627, 4.186153717e-07],
        "mean": [9.89501586446e-06, 0.00583196757361, 0.0049020498991, 0.00962147675455, 0.00946923252195, 0.00228663743474, 0.00138490204699, 0.00183380302042, 0.00129358354025, 0.00043041977915, 0.000275732163573, 0.000411678454839, 0.00028416592977, 0.000213334002183, 0.000374713708879, 0.000300386513118, 0.000258074083831, 0.000163180855452, 8.47517658258e-05, 3.91082612623e-05, 2.63072233793e-05, 5.217989019e-05, 0.000124655969557, 8.77228812897e-05, 9.36804353842e-05, 2.73713376373e-05, 1.44486156373e-09],
        "median": [1.27383611925e-06, 0.00264265621081, 0.0028856524732, 0.00695102009922, 0.00687708286569, 0.001312172506, 0.000386552826967, 0.000318478327245, 0.000270548596745, 0.000163662727573, 3.7067100493e-05, 9.12233881536e-05, 3.40227416018e-05, 4.25292018917e-05, 4.47903003078e-05, 4.72510510008e-05, 5.35419894732e-05, 4.29458341387e-05, 1.8051447114e-05, 7.81513244874e-06, 7.47494004827e-06, 1.39095991472e-05, 2.59263870248e-05, 1.73429234565e-05, 1.62073847605e-05, 3.85267458114e-06, 5.48705303416e-10],
        "min": [4.82392624505e-24, 2.21465378512e-23, 3.66233692404e-23, 3.63265776798e-23, 9.99382637276e-23, 2.89782657724e-23, 3.82288999755e-23, 5.85451795523e-23, 7.16560982842e-23, 9.26128508746e-23, 2.57044015079e-23, 1.00153073707e-22, 8.33844530827e-23, 9.31658676127e-23, 1.03124933619e-22, 1.58395052993e-22, 1.43105489768e-22, 2.39716451793e-22, 3.82842174265e-22, 3.46139492949e-22, 4.36011979879e-22, 4.11557014138e-22, 5.8407392689e-22, 1.17022388325e-21, 1.36487355718e-21, 1.43250627553e-21, 2.70770969807e-21],
        "var": [3.46123657513e-10, 9.07679277589e-05, 3.65875675925e-05, 8.53242454468e-05, 7.95916639618e-05, 9.41895632423e-06, 7.80640039011e-06, 1.84599120985e-05, 9.60802117334e-06, 9.17137924716e-07, 7.54129700908e-07, 1.34513709327e-06, 6.32188175587e-07, 3.01620673326e-07, 1.60589172538e-06, 1.30419437028e-06, 4.47371292012e-07, 1.50508824959e-07, 3.34208856145e-08, 1.46900651643e-08, 3.22394289043e-09, 1.15948983748e-08, 1.05539115225e-07, 8.92624782978e-08, 7.7717444924e-08, 3.50055118226e-09, 3.35238402079e-17]
    },
    "erbbands": {
        "dmean": [0.0419689007103, 0.846772909164, 2.22606635094, 7.51935243607, 16.7506256104, 10.4292116165, 12.0562868118, 6.37784910202, 7.93048715591, 12.8827724457, 20.1778259277, 12.2604370117, 9.21646022797, 6.07173013687, 7.45133781433, 9.92667770386, 7.88187980652, 6.5553278923, 10.0860996246, 11.7501296997, 7.02212047577, 7.3773059845, 4.71773099899, 2.5291261673, 2.50842690468, 1.29928982258, 0.722839534283, 0.723529338837, 0.970537602901, 1.50276815891, 2.17607998848, 1.13661515713, 1.05000078678, 0.879121482372, 0.420955181122, 0.179180189967, 0.0370217673481, 0.00104353995994, 3.52745955752e-05, 1.34636138682e-05],
        "dmean2": [0.0710192099214, 1.44048690796, 3.5361738205, 12.3118076324, 27.0850715637, 16.4448852539, 19.5955581665, 9.85995101929, 11.940489769, 18.8428039551, 28.2278728485, 17.227432251, 12.8349199295, 8.80612373352, 11.4792690277, 15.2751331329, 11.8821172714, 9.84674930573, 15.5785045624, 17.6537647247, 10.3077173233, 11.0699968338, 6.95309925079, 3.86192893982, 4.01050233841, 2.14703583717, 1.18368959427, 1.04427015781, 1.48963975906, 2.20432710648, 3.10966420174, 1.5670183897, 1.46275985241, 1.22621631622, 0.588165044785, 0.258685976267, 0.0533143728971, 0.00149116991088, 4.93253646709e-05, 2.07575194509e-05],
        "dvar": [0.0155200632289, 6.06315422058, 32.9736022949, 160.696609497, 640.686950684, 242.154510498, 530.793640137, 210.067687988, 405.900299072, 1312.72644043, 2899.25708008, 1106.25598145, 779.609924316, 240.391708374, 405.863922119, 1174.4786377, 499.805847168, 383.406463623, 1489.8807373, 3261.45605469, 588.683837891, 591.355957031, 186.298965454, 48.0995063782, 55.5937576294, 35.4522819519, 8.3258523941, 4.42165279388, 7.60184288025, 16.575170517, 52.1476325989, 14.0839223862, 15.8011083603, 7.87294101715, 1.05234909058, 0.135142847896, 0.00570322247222, 3.95224742533e-06, 4.01486088819e-09, 3.34673566638e-10],
        "dvar2": [0.0417171493173, 16.213809967, 81.2365341187, 452.206726074, 1804.38293457, 631.316833496, 1527.91503906, 473.541778564, 860.252807617, 2699.80883789, 5596.99169922, 2295.13134766, 1400.17138672, 497.19052124, 917.794677734, 2715.94458008, 1095.69384766, 846.15246582, 3584.08740234, 7532.19873047, 1263.18225098, 1287.4029541, 403.236694336, 113.121673584, 142.712081909, 101.152671814, 23.4302215576, 11.0847949982, 19.7640285492, 38.4323387146, 114.930664062, 25.0894527435, 29.564031601, 14.7808494568, 1.99783301353, 0.295476824045, 0.0126194432378, 8.3671984612e-06, 8.34766833435e-09, 8.1845141775e-10],
        "max": [1.72560727596, 30.5585193634, 74.2216110229, 152.478515625, 551.207885742, 334.729919434, 442.225280762, 387.378967285, 618.394226074, 824.118103027, 1265.27526855, 903.706726074, 887.161254883, 562.442993164, 771.825561523, 954.182678223, 648.32043457, 519.851501465, 875.030883789, 3196.37011719, 852.026611328, 777.987854004, 642.850830078, 239.456375122, 197.209884644, 258.261627197, 75.9415588379, 66.8863143921, 78.2715759277, 111.01574707, 184.162322998, 128.822219849, 154.374542236, 75.8619689941, 26.2549057007, 4.58416700363, 0.932551026344, 0.0220270883292, 0.000825410941616, 0.000206185024581],
        "mean": [0.0718387141824, 1.62606012821, 5.57544469833, 20.5388832092, 36.887046814, 25.5253810883, 27.241317749, 14.6586494446, 16.4637966156, 25.899641037, 44.9787254333, 29.6763420105, 21.1537227631, 13.211309433, 12.7370014191, 16.1195106506, 14.5028676987, 11.3840789795, 16.8445358276, 21.2030277252, 14.6507911682, 15.1264810562, 9.7759809494, 5.03791284561, 4.10304641724, 1.85030448437, 1.00038671494, 1.26930737495, 1.61812615395, 2.68263816833, 3.74934577942, 1.95344340801, 1.58932590485, 1.24398362637, 0.532029569149, 0.1919028759, 0.0381956659257, 0.00110738503281, 5.64351394132e-05, 4.88436671731e-05],
        "median": [0.0405785813928, 0.728718757629, 3.55727553368, 15.2763080597, 23.4731330872, 19.0206031799, 14.7594661713, 6.98101854324, 5.65988111496, 6.74605178833, 8.82953834534, 6.15483808517, 6.73162460327, 4.90627145767, 3.50838088989, 3.55616283417, 2.02397298813, 2.27878880501, 2.35218381882, 2.82590913773, 2.6670114994, 3.14528036118, 2.77382302284, 1.53539526463, 0.805010020733, 0.417792320251, 0.277119159698, 0.347834855318, 0.459338784218, 0.626918017864, 0.73410487175, 0.442821502686, 0.280541270971, 0.210858270526, 0.0876221135259, 0.028793072328, 0.00527899432927, 0.000164224591572, 2.91182841465e-05, 4.49901635875e-05],
        "min": [5.14636749182e-22, 5.79391551479e-21, 3.81486489663e-20, 7.75775214892e-20, 2.59043085952e-19, 3.99062662425e-19, 1.66788084598e-19, 2.18309920855e-19, 3.17986942427e-19, 1.44048292438e-18, 7.31945240678e-19, 1.77784191977e-18, 2.41032117333e-18, 2.14499451325e-18, 2.36750196212e-18, 3.39740407009e-18, 3.13710625455e-18, 5.04103386752e-18, 4.66593641105e-18, 9.20804140286e-18, 6.45048593841e-18, 8.01915207923e-18, 1.32658652332e-17, 2.19163058395e-17, 1.37960648448e-17, 1.70731931316e-17, 1.74152339692e-17, 1.61193413887e-17, 1.74174557763e-17, 1.56732246864e-17, 1.57707674786e-17, 2.3363484791e-17, 1.93705086119e-17, 1.45074889753e-17, 8.98445448329e-18, 5.00473883661e-18, 2.9920704739e-18, 1.31223880677e-18, 3.80510164508e-19, 4.06698114628e-20],
        "var": [0.0146192554384, 6.80932331085, 47.4321784973, 350.717285156, 1746.2869873, 568.414611816, 1426.39770508, 576.834350586, 1149.23278809, 3235.78320312, 11873.3085938, 4509.30566406, 2989.93457031, 730.524230957, 857.663269043, 2218.34082031, 1401.32116699, 832.554260254, 2959.14013672, 8963.07226562, 2020.05981445, 1670.8939209, 447.890563965, 100.550834656, 87.4083175659, 30.0394020081, 7.51239109039, 6.91285037994, 11.1891088486, 33.4927749634, 106.426940918, 36.5986099243, 32.9205589294, 16.8055973053, 2.16555762291, 0.17190925777, 0.00661374302581, 5.06002106704e-06, 6.06674532833e-09, 8.22641010867e-10]
    },
    "gfcc": {
        "mean": [-35.5742492676, 122.98210144, -77.7241134644, 33.2629508972, -56.6505126953, 18.6661510468, -53.7319107056, 8.7151889801, -25.1946220398, -14.3603582382, -21.6633396149, -5.52481937408, -13.1149330139],
        "cov": [[10798.6640625, -628.339904785, -1730.55322266, -200.775405884, -799.78918457, 230.444137573, -396.574768066, 433.557678223, 56.3678245544, 167.853775024, -136.86541748, 135.248153687, -308.513702393], [-628.339904785, 1471.94641113, -151.639694214, -182.98298645, 325.467224121, -238.473571777, 212.487136841, -157.615936279, 139.772064209, -218.600646973, 166.470031738, -149.27722168, 98.2230911255], [-1730.55322266, -151.639694214, 1310.36938477, 119.95980835, 165.370849609, 125.252693176, -10.9413356781, 17.0410766602, -160.953994751, 84.0969848633, -136.665176392, 76.637802124, 49.7817764282], [-200.775405884, -182.98298645, 119.95980835, 391.67175293, 75.8620834351, -25.2328605652, -9.8833656311, -13.4792766571, 43.6184005737, -20.9888553619, 10.5216150284, -6.99694681168, 24.6835365295], [-799.78918457, 325.467224121, 165.370849609, 75.8620834351, 397.169433594, -80.4183425903, 20.6608638763, 2.8422305584, 18.9690570831, -12.6099386215, -15.6144380569, -37.76512146, 44.5156784058], [230.444137573, -238.473571777, 125.252693176, -25.2328605652, -80.4183425903, 269.088684082, 41.0006599426, 16.4385814667, -31.5151138306, 51.4685974121, -30.2580718994, 2.23629593849, -38.6547355652], [-396.574768066, 212.487136841, -10.9413356781, -9.8833656311, 20.6608638763, 41.0006599426, 275.827148438, -30.752614975, -57.7529373169, -30.3008728027, 61.2699546814, -26.1337165833, -23.8680973053], [433.557678223, -157.615936279, 17.0410766602, -13.4792766571, 2.8422305584, 16.4385814667, -30.752614975, 148.064575195, -4.62377738953, 44.2807922363, -36.3849258423, 37.848815918, -34.1522598267], [56.3678245544, 139.772064209, -160.953994751, 43.6184005737, 18.9690570831, -31.5151138306, -57.7529373169, -4.62377738953, 196.260040283, -28.7284641266, 18.4265613556, -52.6811981201, 14.4733247757], [167.853775024, -218.600646973, 84.0969848633, -20.9888553619, -12.6099386215, 51.4685974121, -30.3008728027, 44.2807922363, -28.7284641266, 152.605728149, -31.4992809296, 11.871846199, -28.8877792358], [-136.86541748, 166.470031738, -136.665176392, 10.5216150284, -15.6144380569, -30.2580718994, 61.2699546814, -36.3849258423, 18.4265613556, -31.4992809296, 130.072814941, -20.5308914185, 0.0864512845874], [135.248153687, -149.27722168, 76.637802124, -6.99694681168, -37.76512146, 2.23629593849, -26.1337165833, 37.848815918, -52.6811981201, 11.871846199, -20.5308914185, 119.040275574, 7.43095016479], [-308.513702393, 98.2230911255, 49.7817764282, 24.6835365295, 44.5156784058, -38.6547355652, -23.8680973053, -34.1522598267, 14.4733247757, -28.8877792358, 0.0864512845874, 7.43095016479, 107.71711731]],
        "icov": [[0.000394910457544, -0.00114579906221, 0.000830240605865, -0.0011711375555, 0.00117740803398, -0.00102789420635, 0.00122369569726, -0.00126865191851, 0.00121711927932, -0.000959342520218, 0.00131916534156, -0.000605499371886, 0.000693913782015], [-0.00114579906221, 0.00652764271945, -0.00296427705325, 0.00612725317478, -0.00553154526278, 0.00477243773639, -0.0055892537348, 0.00486520212144, -0.00593696068972, 0.00532005121931, -0.00610783323646, 0.00311040203087, -0.00295067136176], [0.000830240605865, -0.00296427705325, 0.00301767606288, -0.00332729634829, 0.00230774399824, -0.00305122602731, 0.0029714696575, -0.00263547501527, 0.00379931484349, -0.00280487677082, 0.00401401938871, -0.00193376047537, 0.00109038641676], [-0.0011711375555, 0.00612725317478, -0.00332729634829, 0.00867472589016, -0.00564439035952, 0.00469740387052, -0.00532290199772, 0.00490150647238, -0.00652092974633, 0.00526384962723, -0.00634592724964, 0.00273568369448, -0.00289445952512], [0.00117740803398, -0.00553154526278, 0.00230774399824, -0.00564439035952, 0.00831852201372, -0.00298805744387, 0.00428725453094, -0.00539929745719, 0.00493801804259, -0.0046079531312, 0.00597366830334, -0.00116015679669, 0.00154716975521], [-0.00102789420635, 0.00477243773639, -0.00305122602731, 0.00469740387052, -0.00298805744387, 0.00866367295384, -0.00550165539607, 0.00390245951712, -0.00488330516964, 0.00274499296211, -0.00362642901018, 0.00286089535803, -0.00140215631109], [0.00122369569726, -0.0055892537348, 0.0029714696575, -0.00532290199772, 0.00428725453094, -0.00550165539607, 0.0103117525578, -0.00443858001381, 0.00740309525281, -0.00331488461234, 0.00302354572341, -0.00159575801808, 0.00380341149867], [-0.00126865191851, 0.00486520212144, -0.00263547501527, 0.00490150647238, -0.00539929745719, 0.00390245951712, -0.00443858001381, 0.0138880126178, -0.00587530713528, 0.00221709674224, -0.00329203810543, -0.00107167230453, 0.000536955543794], [0.00121711927932, -0.00593696068972, 0.00379931484349, -0.00652092974633, 0.00493801804259, -0.00488330516964, 0.00740309525281, -0.00587530713528, 0.0133008109406, -0.00376815302297, 0.0050067580305, 0.000508620287292, 0.00178574572783], [-0.000959342520218, 0.00532005121931, -0.00280487677082, 0.00526384962723, -0.0046079531312, 0.00274499296211, -0.00331488461234, 0.00221709674224, -0.00376815302297, 0.0127636454999, -0.00478995125741, 0.00322247529402, -0.000940145400818], [0.00131916534156, -0.00610783323646, 0.00401401938871, -0.00634592724964, 0.00597366830334, -0.00362642901018, 0.00302354572341, -0.00329203810543, 0.0050067580305, -0.00478995125741, 0.0168010424823, -0.00304028857499, 0.00304190488532], [-0.000605499371886, 0.00311040203087, -0.00193376047537, 0.00273568369448, -0.00116015679669, 0.00286089535803, -0.00159575801808, -0.00107167230453, 0.000508620287292, 0.00322247529402, -0.00304028857499, 0.0135691510513, -0.00362870842218], [0.000693913782015, -0.00295067136176, 0.00109038641676, -0.00289445952512, 0.00154716975521, -0.00140215631109, 0.00380341149867, 0.000536955543794, 0.00178574572783, -0.000940145400818, 0.00304190488532, -0.00362870842218, 0.0137472357601]]
    },
    "melbands": {
        "dmean": [0.000642498373054, 0.00117491022684, 0.00158655177802, 0.000967518193647, 0.000404592166888, 0.000151524945977, 0.000127283259644, 0.000145534635521, 0.00016042063362, 7.51052066335e-05, 4.62730131403e-05, 2.50785669778e-05, 2.6828427508e-05, 2.83348981611e-05, 2.2512555006e-05, 1.66548488778e-05, 1.18499337987e-05, 1.66951231222e-05, 1.4683039808e-05, 1.41871651067e-05, 8.15623661765e-06, 8.31987654237e-06, 6.26120981906e-06, 3.80623555429e-06, 1.95896609512e-06, 2.09854215427e-06, 1.37325878313e-06, 8.41345581648e-07, 5.24788617895e-07, 3.56269538315e-07, 4.78889546685e-07, 5.16377042459e-07, 7.4876504641e-07, 9.17845170534e-07, 1.32258742269e-06, 1.10144128485e-06, 6.23151720447e-07, 7.21261017134e-07, 8.4421782276e-07, 7.36936158319e-07],
        "dmean2": [0.00110614357982, 0.00191242166329, 0.00260058348067, 0.00153645710088, 0.000653386116028, 0.000235464074649, 0.000191368468222, 0.000212753773667, 0.000223859198741, 0.00010584575648, 6.45925247227e-05, 3.6383033148e-05, 4.11260698456e-05, 4.38117531303e-05, 3.49967740476e-05, 2.4973813197e-05, 1.79907074198e-05, 2.61138538917e-05, 2.22321068577e-05, 2.14836891246e-05, 1.22826768347e-05, 1.2705080735e-05, 9.34920444706e-06, 5.73470288145e-06, 3.03271895064e-06, 3.32984632223e-06, 2.2205060759e-06, 1.42066653552e-06, 8.95147763913e-07, 5.50023003143e-07, 6.92743469699e-07, 7.96290862581e-07, 1.18727950849e-06, 1.335044999e-06, 1.9252383936e-06, 1.56386283834e-06, 8.78796413417e-07, 1.02483329556e-06, 1.20152787986e-06, 1.04836055925e-06],
        "dvar": [3.5929203932e-06, 1.0056282008e-05, 5.83049995839e-06, 2.0156901428e-06, 4.887895102e-07, 1.01135995578e-07, 9.84950787597e-08, 1.45331782164e-07, 1.78362100201e-07, 4.35276525934e-08, 1.98243359506e-08, 4.13634282381e-09, 6.88064227816e-09, 8.24282686551e-09, 6.40430064536e-09, 2.80453993362e-09, 1.33077093789e-09, 4.1506083015e-09, 3.11052539281e-09, 4.79732875647e-09, 8.04507072072e-10, 8.22420576085e-10, 3.18937265487e-10, 2.12139417144e-10, 2.63908339626e-11, 3.91814601597e-11, 2.04431055417e-11, 1.80302352909e-11, 5.60338841299e-12, 1.02363300128e-12, 1.94122018807e-12, 2.19042037113e-12, 4.66909020128e-12, 6.32630796707e-12, 1.9354011449e-11, 1.42804865155e-11, 4.48571822048e-12, 7.82069721483e-12, 1.0922143398e-11, 5.17926977348e-12],
        "dvar2": [9.84810594673e-06, 2.52367699431e-05, 1.71500832948e-05, 5.36055904377e-06, 1.40760982958e-06, 2.29764523851e-07, 2.09210071489e-07, 2.96730547689e-07, 3.47010740143e-07, 8.90316300683e-08, 3.52335085552e-08, 8.43172553999e-09, 1.48742591577e-08, 1.81429218316e-08, 1.46875400731e-08, 5.84205306353e-09, 2.97947799766e-09, 9.86553505555e-09, 7.13807368768e-09, 1.08390949549e-08, 1.7879681069e-09, 1.856879428e-09, 7.08588687726e-10, 4.41550296326e-10, 6.42343817026e-11, 9.86279391491e-11, 5.350162674e-11, 5.20529591652e-11, 1.61645419272e-11, 2.55267768728e-12, 4.89676962173e-12, 5.71744084368e-12, 1.22333063818e-11, 1.44219644907e-11, 4.4931877663e-11, 2.85884545204e-11, 8.5861691021e-12, 1.57177795085e-11, 2.15659209241e-11, 1.01069708158e-11],
        "max": [0.0233581028879, 0.0388938486576, 0.0346086919308, 0.0246524829417, 0.0121527789161, 0.00796952005476, 0.00901078432798, 0.00905672088265, 0.00979261193424, 0.00772275403142, 0.00465531367809, 0.0025514184963, 0.00399631215259, 0.00407311506569, 0.0034415081609, 0.00132464128546, 0.000935380812734, 0.0013164334232, 0.00226813112386, 0.00358162284829, 0.00101578771137, 0.000882939959411, 0.000651096750516, 0.000851159158628, 0.000110837558168, 0.000205151620321, 0.000161416712217, 0.000181718787644, 6.47391498205e-05, 2.23759307119e-05, 4.58926224383e-05, 4.7131874453e-05, 3.63775579899e-05, 6.67760323267e-05, 0.000136275950354, 0.000112910405733, 7.68907048041e-05, 0.000111530047434, 0.000109954038635, 7.04127669451e-05],
        "mean": [0.00114194513299, 0.00275224423967, 0.00416175415739, 0.00226753088646, 0.000960719713476, 0.000343454215908, 0.00026291096583, 0.000293441204121, 0.000353443814674, 0.000176558009116, 0.000102119061921, 5.27103875356e-05, 4.41267548013e-05, 4.30050240539e-05, 3.77509313694e-05, 2.88322589768e-05, 1.88193371287e-05, 2.59714324784e-05, 2.52106783591e-05, 2.52939953498e-05, 1.54520239448e-05, 1.58625007316e-05, 1.1848932445e-05, 7.37130540074e-06, 3.58041052095e-06, 3.41379745805e-06, 2.04192065212e-06, 1.05795845684e-06, 6.24357880952e-07, 5.74547073029e-07, 8.00922975941e-07, 8.30438636967e-07, 1.17077706818e-06, 1.60904949098e-06, 2.22351286538e-06, 1.80605513833e-06, 9.90912553789e-07, 1.06124298327e-06, 1.19069193261e-06, 1.01461228041e-06],
        "median": [0.000592557713389, 0.00162468617782, 0.00312769552693, 0.00161470239982, 0.000593435019255, 0.000172622647369, 8.7338128651e-05, 7.39554016036e-05, 6.60654113744e-05, 3.54890580638e-05, 3.09760071104e-05, 1.91017261386e-05, 9.00560917216e-06, 1.09606544356e-05, 4.45399655291e-06, 4.00540966439e-06, 3.80457959182e-06, 3.38992754223e-06, 3.37426376973e-06, 3.26648250848e-06, 2.90712614515e-06, 2.86766885438e-06, 2.58953718912e-06, 1.77114475264e-06, 1.06900699848e-06, 6.28604823305e-07, 3.74815044779e-07, 2.06880429232e-07, 1.4503642376e-07, 1.56376415816e-07, 2.08070929375e-07, 2.29040395539e-07, 2.85327587335e-07, 3.50925006387e-07, 4.34323425225e-07, 3.35565204068e-07, 2.14662136955e-07, 1.83763489758e-07, 1.82337657861e-07, 1.69431430663e-07],
        "min": [5.28000538855e-24, 1.57691906558e-23, 1.76798590999e-23, 2.86912907969e-23, 6.51320560927e-24, 5.34682624595e-24, 5.15649264776e-24, 1.62824693147e-23, 5.0252115992e-24, 1.18017914379e-23, 1.29022184796e-23, 1.00850068605e-23, 5.36067075484e-24, 1.21727911439e-23, 5.81732773895e-24, 9.25458481847e-24, 9.17799036888e-24, 7.78075756697e-24, 7.98533365438e-24, 1.52950394979e-23, 5.90190664419e-24, 6.68792646686e-24, 1.35934633699e-23, 9.63923891788e-24, 1.92383942355e-23, 1.18432847326e-23, 8.81550404977e-24, 1.17085607007e-23, 1.21321348306e-23, 7.76012175455e-24, 1.05998782295e-23, 1.00903482377e-23, 7.51729695729e-24, 9.52601450102e-24, 7.3226400069e-24, 1.32531471976e-23, 1.40501065489e-23, 1.17136851411e-23, 1.56389733862e-23, 1.04999745179e-23],
        "var": [3.52508573087e-06, 1.34223182613e-05, 1.32510685944e-05, 4.90241154694e-06, 1.39657458931e-06, 2.80399973462e-07, 2.74527110378e-07, 3.63613366972e-07, 7.06568130227e-07, 1.83821981636e-07, 7.55614166792e-08, 1.29380897107e-08, 1.56127484274e-08, 1.25701031806e-08, 1.66840905536e-08, 7.07672365152e-09, 2.59409072001e-09, 7.73506059204e-09, 7.77775177596e-09, 1.2562807683e-08, 2.40722908273e-09, 2.06610772935e-09, 8.25709611796e-10, 5.0962067899e-10, 5.07896780189e-11, 6.73472388968e-11, 2.77254191827e-11, 1.36106412599e-11, 4.18946648206e-12, 1.62015431453e-12, 2.89179856276e-12, 3.13462732333e-12, 6.57180256394e-12, 1.2871351554e-11, 3.59286628226e-11, 3.21390761227e-11, 1.03288749081e-11, 1.51650393632e-11, 2.02123213999e-11, 1.07225348392e-11]
    },
    "mfcc": {
        "mean": [-687.567871094, 150.247512817, 36.9519691467, 19.7308731079, 23.4298915863, 1.52206897736, -7.49024438858, 11.4056301117, -3.3184530735, -3.52307057381, -3.11998939514, -8.53855705261, -6.70280075073],
        "cov": [[7909.56201172, -733.371704102, -895.224243164, -561.966186523, -394.274169922, -181.76663208, -350.259002686, 142.00088501, -139.512924194, 159.091064453, 194.510147095, 71.7832565308, 168.690170288], [-733.371704102, 1543.24194336, -225.200790405, 59.5460281372, 65.8440628052, -57.0141220093, 63.0170898438, 36.1236953735, 1.08287894726, -38.9984664917, 17.2965106964, -29.5120010376, -41.8574180603], [-895.224243164, -225.200790405, 873.969238281, 43.0713539124, 92.2820739746, 106.266265869, 87.482963562, -19.3155975342, 76.7875747681, -53.7981109619, -61.7300453186, 5.4708776474, -14.8974981308], [-561.966186523, 59.5460281372, 43.0713539124, 454.616241455, 152.962341309, -7.79985761642, 23.3846168518, 13.7572202682, 19.5313205719, -4.30165815353, -31.4063396454, -35.4549179077, -15.4859733582], [-394.274169922, 65.8440628052, 92.2820739746, 152.962341309, 376.974731445, -1.18504917622, -88.8321914673, -26.3397026062, 85.5813293457, 29.8919754028, -40.3411026001, -35.8325271606, 20.9029502869], [-181.76663208, -57.0141220093, 106.266265869, -7.79985761642, -1.18504917622, 188.37361145, 79.0584030151, 0.245474681258, 19.9123954773, 21.9004249573, 7.49642848969, 11.5547657013, -5.78657388687], [-350.259002686, 63.0170898438, 87.482963562, 23.3846168518, -88.8321914673, 79.0584030151, 283.243927002, 27.9132976532, -16.7286643982, -11.9638719559, 24.7775611877, 14.4474964142, -24.4768390656], [142.00088501, 36.1236953735, -19.3155975342, 13.7572202682, -26.3397026062, 0.245474681258, 27.9132976532, 149.491867065, -6.40381336212, -20.7175140381, 19.0284366608, 5.33066701889, -5.95955848694], [-139.512924194, 1.08287894726, 76.7875747681, 19.5313205719, 85.5813293457, 19.9123954773, -16.7286643982, -6.40381336212, 133.667190552, 10.1319532394, -19.0365314484, -0.563259243965, 5.75364685059], [159.091064453, -38.9984664917, -53.7981109619, -4.30165815353, 29.8919754028, 21.9004249573, -11.9638719559, -20.7175140381, 10.1319532394, 135.470367432, 36.893573761, -11.1450214386, -5.64318180084], [194.510147095, 17.2965106964, -61.7300453186, -31.4063396454, -40.3411026001, 7.49642848969, 24.7775611877, 19.0284366608, -19.0365314484, 36.893573761, 125.88193512, 30.1037120819, -16.0236148834], [71.7832565308, -29.5120010376, 5.4708776474, -35.4549179077, -35.8325271606, 11.5547657013, 14.4474964142, 5.33066701889, -0.563259243965, -11.1450214386, 30.1037120819, 84.929069519, 18.1204795837], [168.690170288, -41.8574180603, -14.8974981308, -15.4859733582, 20.9029502869, -5.78657388687, -24.4768390656, -5.95955848694, 5.75364685059, -5.64318180084, -16.0236148834, 18.1204795837, 107.079833984]],
