{
"lowlevel": {
    "average_loudness": 0.90595471859,
    "barkbands_crest": {
        "dmean": 2.49159359932,
        "dmean2": 4.01391506195,
        "dvar": 5.88345193863,
        "dvar2": 13.7758903503,
        "max": 26.654378891,
        "mean": 9.53666400909,
        "median": 8.76318740845,
        "min": 2.67186880112,
        "var": 15.4981479645
    },
    "barkbands_flatness_db": {
        "dmean": 0.0221282746643,
        "dmean2": 0.0349050909281,
        "dvar": 0.000532764766831,
        "dvar2": 0.00127222994342,
        "max": 0.666957855225,
        "mean": 0.163896545768,
        "median": 0.149967864156,
        "min": 0.0293144378811,
        "var": 0.00349172740243
    },
    "barkbands_kurtosis": {
        "dmean": 3.97391366959,
        "dmean2": 6.3181886673,
        "dvar": 66.5964050293,
        "dvar2": 153.727630615,
        "max": 270.514221191,
        "mean": 5.68091106415,
        "median": 1.59572935104,
        "min": -1.92810559273,
        "var": 161.707611084
    },
    "barkbands_skewness": {
        "dmean": 0.628746032715,
        "dmean2": 0.964742004871,
        "dvar": 0.552246749401,
        "dvar2": 1.26173949242,
        "max": 15.8148498535,
        "mean": 1.76020395756,
        "median": 1.50817060471,
        "min": -2.81310582161,
        "var": 2.07352542877
    },
    "barkbands_spread": {
        "dmean": 5.64406347275,
        "dmean2": 8.63490867615,
        "dvar": 42.9784622192,
        "dvar2": 93.736656189,
        "max": 97.9664382935,
        "mean": 22.2877311707,
        "median": 21.5011577606,
        "min": 0.429592311382,
        "var": 139.551147461
    },
    "dissonance": {
        "dmean": 0.0147378277034,
        "dmean2": 0.0246217139065,
        "dvar": 0.000267369527137,
        "dvar2": 0.000715815695003,
        "max": 0.500000059605,
        "mean": 0.466405332088,
        "median": 0.474294394255,
        "min": 0.206810876727,
        "var": 0.000834257574752
    },
    "dynamic_complexity": 3.07577967644,
    "erbbands_crest": {
        "dmean": 2.33413672447,
        "dmean2": 3.78685379028,
        "dvar": 5.26149845123,
        "dvar2": 13.1269226074,
        "max": 30.7386245728,
        "mean": 8.40651035309,
        "median": 7.44621706009,
        "min": 2.42360568047,
        "var": 14.5200796127
    },
    "erbbands_flatness_db": {
        "dmean": 0.0158334933221,
        "dmean2": 0.0232759583741,
        "dvar": 0.000267733470537,
        "dvar2": 0.000546104914974,
        "max": 0.512645065784,
        "mean": 0.163776785135,
        "median": 0.155387297273,
        "min": 0.0490122921765,
        "var": 0.00243760715239
    },
    "erbbands_kurtosis": {
        "dmean": 0.751799166203,
        "dmean2": 1.16205108166,
        "dvar": 2.14688181877,
        "dvar2": 4.09299278259,
        "max": 103.763626099,
        "mean": 0.0511629469693,
        "median": -0.690158843994,
        "min": -1.89373779297,
        "var": 12.8886899948
    },
    "erbbands_skewness": {
        "dmean": 0.341390967369,
        "dmean2": 0.520056128502,
        "dvar": 0.112340554595,
        "dvar2": 0.244904175401,
        "max": 8.22650051117,
        "mean": 0.0678344145417,
        "median": 0.0104976287112,
        "min": -5.91845560074,
        "var": 0.709056198597
    },
    "erbbands_spread": {
        "dmean": 8.94151115417,
        "dmean2": 13.4198627472,
        "dvar": 95.9541549683,
        "dvar2": 204.793670654,
        "max": 178.49029541,
        "mean": 47.1587104797,
        "median": 44.70652771,
        "min": 1.18246984482,
        "var": 419.042175293
    },
    "hfc": {
        "dmean": 4.65333795547,
        "dmean2": 7.03378152847,
        "dvar": 40.3753738403,
        "dvar2": 86.3955459595,
        "max": 121.559944153,
        "mean": 18.6820812225,
        "median": 15.5062217712,
        "min": 1.18586359621e-16,
        "var": 196.645187378
    },
    "melbands_crest": {
        "dmean": 3.15649104118,
        "dmean2": 5.04241800308,
        "dvar": 8.75249481201,
        "dvar2": 19.7154941559,
        "max": 30.7531890869,
        "mean": 13.685297966,
        "median": 12.955532074,
        "min": 1.50525462627,
        "var": 24.8805236816
    },
    "melbands_flatness_db": {
        "dmean": 0.0277486648411,
        "dmean2": 0.0417132601142,
        "dvar": 0.000888027134351,
        "dvar2": 0.00195355061442,
        "max": 0.821625471115,
        "mean": 0.203653007746,
        "median": 0.188570007682,
        "min": 0.00335718551651,
        "var": 0.00584495533258
    },
    "melbands_kurtosis": {
        "dmean": 10.9578619003,
        "dmean2": 17.4024066925,
        "dvar": 437.366516113,
        "dvar2": 985.132019043,
        "max": 640.950439453,
        "mean": 19.4444828033,
        "median": 9.19769001007,
        "min": -1.81281864643,
        "var": 969.78112793
    },
    "melbands_skewness": {
        "dmean": 0.900107204914,
        "dmean2": 1.3772507906,
        "dvar": 1.19987261295,
        "dvar2": 2.72318601608,
        "max": 18.3878440857,
        "mean": 3.17069101334,
        "median": 2.79973626137,
        "min": -1.69164037704,
        "var": 3.95061326027
    },
    "melbands_spread": {
        "dmean": 7.11449384689,
        "dmean2": 10.8897151947,
        "dvar": 76.9347991943,
        "dvar2": 166.971923828,
        "max": 258.199523926,
        "mean": 23.5849704742,
        "median": 20.4875202179,
        "min": 0.553049266338,
        "var": 297.707519531
    },
    "pitch_salience": {
        "dmean": 0.0687621086836,
        "dmean2": 0.11061630398,
        "dvar": 0.00417880481109,
        "dvar2": 0.00992671214044,
        "max": 0.855870366096,
        "mean": 0.563674986362,
        "median": 0.576186239719,
        "min": 0.0403117500246,
        "var": 0.0109212687239
    },
    "silence_rate_20dB": {
        "dmean": 0,
        "dmean2": 0,
        "dvar": 0,
        "dvar2": 0,
        "max": 1,
        "mean": 1,
        "median": 1,
        "min": 1,
        "var": 0
    },
    "silence_rate_30dB": {
        "dmean": 0.000554221333005,
        "dmean2": 0.00110854499508,
        "dvar": 0.000553917081561,
        "dvar2": 0.00129209307488,
        "max": 1,
        "mean": 0.999538183212,
        "median": 1,
        "min": 0,
        "var": 0.000461587624159
    },
    "silence_rate_60dB": {
        "dmean": 0.0116386478767,
        "dmean2": 0.0232794452459,
        "dvar": 0.0115050068125,
        "dvar2": 0.0275481268764,
        "max": 1,
        "mean": 0.0508912913501,
        "median": 0,
        "min": 0,
        "var": 0.048305220902
    },
    "spectral_centroid": {
        "dmean": 247.039932251,
        "dmean2": 378.777679443,
        "dvar": 69783.2890625,
        "dvar2": 147831.796875,
        "max": 10867.5957031,
        "mean": 1315.90905762,
        "median": 1303.46447754,
        "min": 155.204620361,
        "var": 346884.25
    },
    "spectral_complexity": {
        "dmean": 2.90171813965,
        "dmean2": 4.7353348732,
        "dvar": 8.25403690338,
        "dvar2": 20.7669010162,
        "max": 47,
        "mean": 18.6801509857,
        "median": 20,
        "min": 0,
        "var": 69.8280334473
    },
    "spectral_decrease": {
        "dmean": 2.89880541793e-09,
        "dmean2": 4.70744998537e-09,
        "dvar": 2.39687493888e-17,
        "dvar2": 6.16772466848e-17,
        "max": 1.80859486643e-19,
        "mean": -6.9381984602e-09,
        "median": -5.50112311259e-09,
        "min": -4.08167650789e-08,
        "var": 3.34647364988e-17
    },
    "spectral_energy": {
        "dmean": 0.0112022291869,
        "dmean2": 0.0181565042585,
        "dvar": 0.000350287562469,
        "dvar2": 0.000901068677194,
        "max": 0.158905059099,
        "mean": 0.0278808753937,
        "median": 0.0224117133766,
        "min": 1.08983218669e-20,
        "var": 0.000507748452947
    },
    "spectral_energyband_high": {
        "dmean": 0.000258534011664,
        "dmean2": 0.000375571398763,
        "dvar": 2.75522921811e-07,
        "dvar2": 5.76607078528e-07,
        "max": 0.014289861545,
        "mean": 0.000601595558692,
        "median": 0.000326443027006,
        "min": 7.91424842002e-21,
        "var": 6.33615286461e-07
    },
    "spectral_energyband_low": {
        "dmean": 0.0064828498289,
        "dmean2": 0.0109079722315,
        "dvar": 0.000211009581108,
        "dvar2": 0.000552261306439,
        "max": 0.118738852441,
        "mean": 0.00914783403277,
        "median": 0.00452559487894,
        "min": 7.11181708775e-23,
        "var": 0.000218970526475
    },
    "spectral_energyband_middle_high": {
        "dmean": 0.00144046440255,
        "dmean2": 0.00211872207001,
        "dvar": 4.75493789054e-06,
        "dvar2": 9.57950123848e-06,
        "max": 0.0485492162406,
        "mean": 0.00491005880758,
        "median": 0.00337040377781,
        "min": 1.62435815644e-21,
        "var": 2.49236509262e-05
    },
    "spectral_energyband_middle_low": {
        "dmean": 0.00650236196816,
        "dmean2": 0.010435083881,
        "dvar": 0.000143768062117,
        "dvar2": 0.000359344965545,
        "max": 0.149940907955,
        "mean": 0.015180834569,
        "median": 0.0120031908154,
        "min": 3.10890335183e-22,
        "var": 0.000204861484235
    },
    "spectral_entropy": {
        "dmean": 0.151159912348,
        "dmean2": 0.227041020989,
        "dvar": 0.0307393670082,
        "dvar2": 0.0669195875525,
        "max": 9.78937911987,
        "mean": 7.49503707886,
        "median": 7.5741944313,
        "min": 3.63919019699,
        "var": 0.224654480815
    },
    "spectral_flux": {
        "dmean": 0.0297357849777,
        "dmean2": 0.0484153479338,
        "dvar": 0.00170599250123,
        "dvar2": 0.00425579026341,
        "max": 0.332163512707,
        "mean": 0.0808929949999,
        "median": 0.0698084831238,
        "min": 1.04395027345e-10,
        "var": 0.0027805978898
    },
    "spectral_kurtosis": {
        "dmean": 1.67756819725,
        "dmean2": 2.78671813011,
        "dvar": 34.0578193665,
        "dvar2": 81.4532318115,
        "max": 370.138763428,
        "mean": 4.26425409317,
        "median": 3.5768494606,
        "min": -1.33633923531,
        "var": 51.7139778137
    },
    "spectral_rms": {
        "dmean": 0.000907653244212,
        "dmean2": 0.00141794153024,
        "dvar": 1.57955469149e-06,
        "dvar2": 3.79426796826e-06,
        "max": 0.0124510768801,
        "mean": 0.00480640074238,
        "median": 0.00467601185665,
        "min": 3.26075299574e-12,
        "var": 4.09942276747e-06
    },
    "spectral_rolloff": {
        "dmean": 503.898864746,
        "dmean2": 847.227783203,
        "dvar": 720372.8125,
        "dvar2": 1566820.625,
        "max": 18561.6210938,
        "mean": 1505.05859375,
        "median": 1162.79296875,
        "min": 86.1328125,
        "var": 2349581.75
    },
    "spectral_skewness": {
        "dmean": 0.2105653584,
        "dmean2": 0.337686300278,
        "dvar": 0.104265883565,
        "dvar2": 0.257472157478,
        "max": 16.1765041351,
        "mean": 1.42106163502,
        "median": 1.39095532894,
        "min": -0.361337661743,
        "var": 0.310630589724
    },
    "spectral_spread": {
        "dmean": 520780.1875,
        "dmean2": 718727.125,
        "dvar": 480613564416,
        "dvar2": 778347282432,
        "max": 41382784,
        "mean": 4500679.5,
        "median": 4272961,
        "min": 366517.5625,
        "var": 2.48967960986e+12
    },
    "spectral_strongpeak": {
        "dmean": 0.555578410625,
        "dmean2": 0.941106379032,
        "dvar": 1.09302687645,
        "dvar2": 2.54590582848,
        "max": 15.9711952209,
        "mean": 0.943803966045,
        "median": 0.542882740498,
        "min": 0,
        "var": 1.78870928288
    },
    "zerocrossingrate": {
        "dmean": 0.0100078266114,
        "dmean2": 0.0116352569312,
        "dvar": 0.000116234950838,
        "dvar2": 0.000135889597004,
        "max": 0.51318359375,
        "mean": 0.0614437945187,
        "median": 0.05810546875,
        "min": 0.00390625,
        "var": 0.00130860379431
    },
    "barkbands": {
        "dmean": [6.82184281686e-06, 0.00394454225898, 0.00209886673838, 0.00212507555261, 0.0045722569339, 0.000618318968918, 0.000679275428411, 0.000557577703148, 0.000534557970241, 0.000389090826502, 0.000256763363723, 0.000221219102968, 0.000199979695026, 0.000238253313, 0.000288984272629, 0.000272964534815, 0.00044294106192, 0.000150295061758, 0.000162057447596, 6.69536020723e-05, 5.2232422604e-05, 5.469781172e-05, 9.57780430326e-05, 4.505427205e-05, 3.08963099087e-05, 6.10295683146e-06, 2.46930875747e-09],
        "dmean2": [9.37734239415e-06, 0.00685581983998, 0.00339728058316, 0.00363042810932, 0.00731458654627, 0.000987773411907, 0.00107779016253, 0.00087208498735, 0.000816568208393, 0.000596292491537, 0.000370728084818, 0.000339127931511, 0.000306395493681, 0.000379194505513, 0.000427896011388, 0.000417282804847, 0.00069378875196, 0.000244080059929, 0.000258419662714, 0.000109701082692, 8.64206740516e-05, 8.0131489085e-05, 0.000146179605508, 6.54464383842e-05, 4.43664685008e-05, 9.09672326088e-06, 4.65829241847e-09],
        "dvar": [1.76609671332e-10, 8.57134727994e-05, 1.94787444343e-05, 1.12383231681e-05, 0.000113133151899, 9.8437340057e-07, 2.34746653405e-06, 2.55133318205e-06, 1.78714299182e-06, 8.43304519549e-07, 5.04321860717e-07, 4.86340240968e-07, 4.1454771349e-07, 3.82401907473e-07, 8.40302277538e-07, 9.23753987081e-07, 6.43277530799e-07, 4.82067932239e-08, 5.81779211473e-08, 8.76175931808e-09, 1.09154818517e-08, 8.99213770111e-09, 6.18623374748e-08, 1.81476274008e-08, 5.62758462053e-09, 1.53111301415e-10, 1.32546553147e-15],
        "dvar2": [3.30394045456e-10, 0.000228942750255, 4.84710581077e-05, 3.12900665449e-05, 0.000277586397715, 2.48737524089e-06, 5.78252320338e-06, 6.05604191151e-06, 4.06602339353e-06, 1.85062322089e-06, 9.29060149701e-07, 1.1008698948e-06, 8.16663202841e-07, 9.01244675333e-07, 1.74888305082e-06, 2.05908850148e-06, 1.45572346355e-06, 1.1989079951e-07, 1.38881688372e-07, 2.20798348494e-08, 2.91164905519e-08, 2.06715160544e-08, 1.30079186533e-07, 3.42964767697e-08, 1.14541709451e-08, 3.4534333726e-10, 3.88722520088e-15],
        "max": [0.000194971056771, 0.0923808515072, 0.0392770804465, 0.052775464952, 0.138311520219, 0.0167731400579, 0.037245862186, 0.0387536548078, 0.041268799454, 0.042238574475, 0.027829978615, 0.0149590522051, 0.0253313984722, 0.0137358410284, 0.0284674614668, 0.0397176556289, 0.0205890554935, 0.00429612305015, 0.00569975888357, 0.00134254409932, 0.00137314363383, 0.00170866539702, 0.00850231852382, 0.005238678772, 0.00216081831604, 0.000380814250093, 1.61175603353e-06],
        "mean": [1.03634138213e-05, 0.00434730714187, 0.00297111459076, 0.00329716969281, 0.00705997692421, 0.00132075115107, 0.00120016792789, 0.000906206551008, 0.00107383704744, 0.000715967849828, 0.000489894300699, 0.000362329708878, 0.000339716963936, 0.000336069439072, 0.000513193372171, 0.000573203607928, 0.000936048396397, 0.00034714123467, 0.000373653514544, 0.000174334869371, 0.000102257974504, 0.000110890556243, 0.000170563158463, 8.27720432426e-05, 5.61556553293e-05, 9.79807100521e-06, 1.63022362276e-09],
        "median": [3.11079043058e-06, 0.0012562914053, 0.00120730360504, 0.00201081880368, 0.00387696642429, 0.000834006059449, 0.000638651719783, 0.000302229105728, 0.000347921566572, 0.000257240695646, 0.000126109051052, 9.81158373179e-05, 7.89074329077e-05, 0.000110189706902, 0.00012354896171, 0.000226774383918, 0.000489498954266, 0.000267510127742, 0.000251558725722, 0.000144994031871, 5.96497557126e-05, 4.86494900542e-05, 6.14468081039e-05, 3.15104298352e-05, 2.24106970563e-05, 4.21857021138e-06, 3.05456215877e-10],
        "min": [6.66829014121e-24, 8.62014974634e-24, 2.39205219439e-23, 4.00912112461e-23, 1.39485123084e-23, 4.30286831325e-23, 7.19774991497e-23, 4.56990309393e-23, 8.54874489709e-23, 1.17566149516e-22, 1.02655447784e-22, 7.69951278234e-23, 1.17533017358e-22, 1.38809921258e-22, 1.27511148554e-22, 1.26556677346e-22, 2.22154136123e-22, 1.8762503797e-22, 2.94565332066e-22, 3.63021166808e-22, 2.73573957948e-22, 5.76748501415e-22, 8.21541001765e-22, 9.52796349233e-22, 1.29467569037e-21, 1.93858016046e-21, 1.93683249908e-21],
        "var": [3.36798672285e-10, 8.23382579256e-05, 2.29651232075e-05, 1.57385438797e-05, 0.000129297870444, 2.55909185398e-06, 4.05391620006e-06, 4.46910235041e-06, 5.27521660842e-06, 2.39027076532e-06, 1.6721234033e-06, 9.43856662161e-07, 1.06010315903e-06, 5.53621816834e-07, 2.23544566325e-06, 2.82490759673e-06, 1.90994410332e-06, 1.17128429622e-07, 1.69692256691e-07, 2.31683294771e-08, 1.53904657907e-08, 2.20427978093e-08, 1.11660334312e-07, 3.78604347873e-08, 1.24885684016e-08, 2.58887217219e-10, 7.08061998604e-16]
    },
    "erbbands": {
        "dmean": [0.0544908419251, 1.06755805016, 2.44985771179, 5.26341104507, 13.922460556, 14.191368103, 7.4553604126, 4.25034618378, 9.08006668091, 9.5451335907, 13.5666189194, 10.6246871948, 13.0633821487, 10.8319854736, 8.37641143799, 8.4499578476, 9.03129005432, 11.5800857544, 12.8798780441, 13.4459056854, 16.1812534332, 22.4913597107, 9.37038516998, 7.51429796219, 7.599132061, 3.13162875175, 2.0452811718, 2.10192584991, 1.80799388885, 2.99062752724, 2.34697556496, 1.04378640652, 0.752349257469, 0.42105281353, 0.182857036591, 0.044784642756, 0.00956659484655, 0.000298028549878, 1.34629071908e-05, 1.28651472551e-05],
        "dmean2": [0.0917474627495, 1.86311435699, 3.96439766884, 8.92423343658, 22.3137722015, 23.3341388702, 12.2301197052, 6.81000947952, 14.2557315826, 15.3963842392, 20.6972084045, 16.3127288818, 19.9843139648, 15.8782215118, 12.207403183, 12.987443924, 13.5274000168, 18.0306358337, 19.4451732635, 19.7328777313, 25.3376178741, 35.2107582092, 14.9221935272, 12.0375185013, 12.1980047226, 5.12843990326, 3.43435978889, 3.40309405327, 2.67877411842, 4.58624839783, 3.50380134583, 1.53168451786, 1.07350623608, 0.594430506229, 0.26965034008, 0.0663026720285, 0.0144470157102, 0.000439961499069, 2.03987583518e-05, 2.0675104679e-05],
        "dvar": [0.0159514248371, 6.27801465988, 30.3000564575, 77.4536132812, 974.883972168, 1081.30737305, 163.624832153, 56.7435264587, 382.984863281, 719.117675781, 1455.81225586, 645.630187988, 1088.82556152, 835.773254395, 508.997406006, 722.310546875, 899.54284668, 855.950317383, 1470.05773926, 1560.93676758, 2008.60339355, 1909.21960449, 193.8256073, 104.415344238, 160.731994629, 19.4004821777, 15.0528316498, 17.3724918365, 10.3241348267, 48.3691253662, 42.6587486267, 10.133936882, 5.68419694901, 1.24682807922, 0.173682063818, 0.00841702241451, 0.000367864326108, 3.54352494014e-07, 4.60944032943e-10, 4.18881956898e-10],
        "dvar2": [0.0421135090292, 16.7916107178, 72.361366272, 212.545150757, 2391.48266602, 2839.55517578, 437.152282715, 143.373168945, 932.857177734, 1724.90454102, 3405.10791016, 1467.28894043, 2377.87353516, 1687.67016602, 1010.29302979, 1721.63269043, 1622.87365723, 1985.56604004, 3221.74267578, 3274.59887695, 4947.40722656, 4222.06347656, 468.423339844, 248.751358032, 403.042266846, 49.3806991577, 40.0357322693, 45.7198524475, 23.7461528778, 116.586502075, 83.3748016357, 18.6282844543, 10.8703374863, 2.49994802475, 0.362094670534, 0.0184543281794, 0.000874157762155, 8.20531226964e-07, 1.03468811297e-09, 1.07408137939e-09],
        "max": [1.63276147842, 23.6028366089, 45.7855453491, 100.828659058, 396.492858887, 443.385040283, 192.802124023, 158.778198242, 599.852600098, 1025.04528809, 1032.59484863, 612.279296875, 1701.85388184, 800.491455078, 946.642822266, 664.603210449, 1332.55737305, 562.432312012, 1079.34399414, 1066.63000488, 2096.79785156, 1323.04345703, 292.205749512, 200.263198853, 296.088287354, 75.4227600098, 46.4100151062, 56.3463745117, 52.6125106812, 114.686332703, 299.69442749, 129.755340576, 87.3536987305, 34.1529846191, 11.7800598145, 3.28799200058, 0.452561616898, 0.0155826676637, 0.000571437529288, 0.000180837072548],
        "mean": [0.0667294710875, 1.16479706764, 3.39227819443, 8.43139839172, 21.1835365295, 20.511680603, 14.1796216965, 8.75789737701, 17.6140842438, 15.6065511703, 24.3123474121, 22.3742790222, 25.1053676605, 21.4880142212, 17.1630592346, 14.4462327957, 15.9116792679, 18.4780673981, 22.6133766174, 27.3533172607, 37.3926391602, 49.13829422, 23.3935813904, 18.9388179779, 16.6820659637, 8.42523002625, 4.51137638092, 4.08816194534, 3.69515490532, 5.35209989548, 4.28304576874, 1.90111577511, 1.35509645939, 0.787650346756, 0.312666624784, 0.0745187699795, 0.0142177725211, 0.00045880235848, 3.16833466059e-05, 3.48826179106e-05],
        "median": [0.0222718901932, 0.327394008636, 1.23398077488, 5.55920362473, 10.8872776031, 10.8392486572, 7.96110248566, 5.67380094528, 9.88945198059, 6.48334932327, 7.98499298096, 8.25647163391, 9.4025812149, 6.90666246414, 5.44059801102, 4.37547159195, 4.28392601013, 6.40046358109, 6.68488168716, 8.58267116547, 18.5213279724, 26.5613384247, 17.0972003937, 14.8756561279, 10.9566984177, 7.21898078918, 3.08402585983, 2.16531586647, 1.71770322323, 1.82323253155, 1.56632387638, 0.721431136131, 0.500702798367, 0.302667945623, 0.125760197639, 0.0324333868921, 0.00544099323452, 0.000183176947758, 2.36928317463e-05, 2.93367520499e-05],
        "min": [4.29055362654e-22, 1.49491186267e-21, 1.49726104753e-20, 1.25226110377e-19, 5.2998476435e-20, 4.05238334717e-20, 1.35483292145e-19, 4.85438697295e-19, 1.06041907551e-18, 7.55068712811e-19, 1.46530175488e-18, 1.72591648399e-18, 1.9845092735e-18, 4.09310142915e-18, 5.01807588321e-18, 3.4264633386e-18, 4.67518759902e-18, 7.50687995306e-18, 6.15900362056e-18, 7.19283090734e-18, 7.3526455104e-18, 1.09561370806e-17, 9.78527036818e-18, 1.4121794508e-17, 1.53379683841e-17, 1.3907635793e-17, 1.30304785822e-17, 1.53268328787e-17, 2.2131758265e-17, 1.82617573732e-17, 2.5021995154e-17, 1.90835910903e-17, 1.646709639e-17, 1.35283619017e-17, 9.62850971593e-18, 5.64004663427e-18, 3.46718916247e-18, 1.34198008569e-18, 3.08195114377e-19, 3.24494682498e-20],
        "var": [0.0159940887243, 6.02554368973, 36.8078689575, 93.386138916, 1156.98156738, 1107.51989746, 346.917449951, 113.555252075, 741.44152832, 1151.44274902, 3042.54614258, 1864.23071289, 3291.75292969, 2421.32202148, 1669.27990723, 1267.53918457, 2307.23266602, 1476.37768555, 3612.21459961, 4900.54248047, 5915.49902344, 5803.62792969, 583.869567871, 318.711364746, 379.54510498, 49.9067840576, 23.435344696, 25.9681358337, 23.312746048, 77.9834136963, 83.8145523071, 20.628068924, 11.5184020996, 2.850045681, 0.347628444433, 0.0152255343273, 0.000556303828489, 5.65701441246e-07, 9.50738487937e-10, 6.81790290891e-10]
    },
    "gfcc": {
        "mean": [-16.5872039795, 100.846099854, -123.963310242, 48.6055450439, -62.1624832153, 6.85782718658, -49.0651435852, 11.2923116684, -26.8810348511, -11.7830219269, -19.0321998596, -4.61590719223, -8.50809764862],
        "cov": [[12363.421875, -100.417709351, 11.0487289429, 580.400390625, -506.357696533, 692.313293457, -464.612518311, 417.636474609, -5.61076641083, 61.5812911987, -310.635742188, -8.57542324066, -290.559082031], [-100.417709351, 983.064025879, -146.392822266, 24.1744098663, 292.529815674, -225.028869629, 227.48991394, -69.5305938721, 57.1383781433, -109.935829163, 116.497924805, -90.7519836426, 95.2197799683], [11.0487289429, -146.392822266, 1477.1361084, 309.495330811, -3.9825193882, 559.287414551, -5.97300720215, 196.321792603, -29.8311843872, 78.7565078735, -84.3389434814, 98.856880188, -54.8234939575], [580.400390625, 24.1744098663, 309.495330811, 411.945495605, 83.0426559448, 102.46043396, -4.55555582047, 33.1728134155, 49.0502967834, 1.84404754639, -15.6728076935, -25.3309402466, 9.12802696228], [-506.357696533, 292.529815674, -3.9825193882, 83.0426559448, 362.180999756, -94.7222366333, 90.2812271118, 19.5225124359, 24.3179645538, 9.74942016602, 34.9090423584, -24.877407074, 39.6840820312], [692.313293457, -225.028869629, 559.287414551, 102.46043396, -94.7222366333, 484.605407715, 16.6244812012, 124.12436676, 5.87844085693, 61.9625320435, -50.6115608215, 46.3386573792, -82.9560012817], [-464.612518311, 227.48991394, -5.97300720215, -4.55555582047, 90.2812271118, 16.6244812012, 263.605834961, 14.975312233, 0.188825771213, -16.5245685577, 43.9477920532, 4.54112911224, 9.30093669891], [417.636474609, -69.5305938721, 196.321792603, 33.1728134155, 19.5225124359, 124.12436676, 14.975312233, 188.903625488, 30.6440677643, 52.5758895874, -27.0952072144, 37.9272193909, -16.7206325531], [-5.61076641083, 57.1383781433, -29.8311843872, 49.0502967834, 24.3179645538, 5.87844085693, 0.188825771213, 30.6440677643, 144.630615234, 26.2999572754, 7.91821718216, -29.4722290039, -2.03286409378], [61.5812911987, -109.935829163, 78.7565078735, 1.84404754639, 9.74942016602, 61.9625320435, -16.5245685577, 52.5758895874, 26.2999572754, 121.70160675, 2.19992351532, 13.5866956711, -35.844669342], [-310.635742188, 116.497924805, -84.3389434814, -15.6728076935, 34.9090423584, -50.6115608215, 43.9477920532, -27.0952072144, 7.91821718216, 2.19992351532, 95.0589294434, 6.50113010406, 17.2735767365], [-8.57542324066, -90.7519836426, 98.856880188, -25.3309402466, -24.877407074, 46.3386573792, 4.54112911224, 37.9272193909, -29.4722290039, 13.5866956711, 6.50113010406, 105.506324768, 10.8227357864], [-290.559082031, 95.2197799683, -54.8234939575, 9.12802696228, 39.6840820312, -82.9560012817, 9.30093669891, -16.7206325531, -2.03286409378, -35.844669342, 17.2735767365, 10.8227357864, 101.308334351]],
        "icov": [[0.000257274543401, -0.000696393835824, 0.000557302788366, -0.000716820068192, 0.00054742291104, -0.00063716940349, 0.000772120372858, -0.000703341036569, 0.000635294127278, -0.000320687744534, 0.000846583745442, -0.000543775036931, 0.000648473214824], [-0.000696393835824, 0.00441486388445, -0.0020384171512, 0.00239038025029, -0.00269053294323, 0.00247800652869, -0.00346731254831, 0.00193397596013, -0.00269024237059, 0.00284176226705, -0.00426947465166, 0.00335019431077, -0.00242320797406], [0.000557302788366, -0.0020384171512, 0.00286666164175, -0.00242797471583, 0.00111035385635, -0.00307829515077, 0.00215097563341, -0.00184403406456, 0.00220359745435, -0.00128783087712, 0.0026803468354, -0.00230015814304, 0.00120421173051], [-0.000716820068192, 0.00239038025029, -0.00242797471583, 0.00552733894438, -0.00251994165592, 0.0015906477347, -0.00204162625596, 0.0021816524677, -0.00306441565044, 0.00181178201456, -0.00270132278092, 0.00294961337931, -0.002552396385], [0.00054742291104, -0.00269053294323, 0.00111035385635, -0.00251994165592, 0.00567872496322, -0.000335115822963, 0.000951345777139, -0.00236724759452, 0.00190510740504, -0.00262594036758, 0.00209916871972, -0.000960429548286, 0.000803707516752], [-0.00063716940349, 0.00247800652869, -0.00307829515077, 0.0015906477347, -0.000335115822963, 0.00690621417016, -0.00328526203521, 0.000559080101084, -0.00225166021846, 0.000919666199479, -0.0021734975744, 0.00148810120299, 0.000706442224327], [0.000772120372858, -0.00346731254831, 0.00215097563341, -0.00204162625596, 0.000951345777139, -0.00328526203521, 0.00789227429777, -0.00274066720158, 0.00261074141599, -0.000595679390244, 0.0013428152306, -0.00264333793893, 0.00247674481943], [-0.000703341036569, 0.00193397596013, -0.00184403406456, 0.0021816524677, -0.00236724759452, 0.000559080101084, -0.00274066720158, 0.0102427974343, -0.00374372419901, -0.00132875959389, 0.000224291608902, -0.00117677485105, -0.0021599936299], [0.000635294127278, -0.00269024237059, 0.00220359745435, -0.00306441565044, 0.00190510740504, -0.00225166021846, 0.00261074141599, -0.00374372419901, 0.0107538579032, -0.0032980684191, 0.00158101262059, 0.000831045268569, 0.00106214196421], [-0.000320687744534, 0.00284176226705, -0.00128783087712, 0.00181178201456, -0.00262594036758, 0.000919666199479, -0.000595679390244, -0.00132875959389, -0.0032980684191, 0.0134276812896, -0.00458290660754, 0.000912070216145, 0.00253492267802], [0.000846583745442, -0.00426947465166, 0.0026803468354, -0.00270132278092, 0.00209916871972, -0.0021734975744, 0.0013428152306, 0.000224291608902, 0.00158101262059, -0.00458290660754, 0.0180780366063, -0.00567620340735, 0.00138071819674], [-0.000543775036931, 0.00335019431077, -0.00230015814304, 0.00294961337931, -0.000960429548286, 0.00148810120299, -0.00264333793893, -0.00117677485105, 0.000831045268569, 0.000912070216145, -0.00567620340735, 0.0158086959273, -0.00495737465099], [0.000648473214824, -0.00242320797406, 0.00120421173051, -0.002552396385, 0.000803707516752, 0.000706442224327, 0.00247674481943, -0.0021599936299, 0.00106214196421, 0.00253492267802, 0.00138071819674, -0.00495737465099, 0.0157820805907]]
    },
    "melbands": {
        "dmean": [0.000821517664008, 0.00137397518847, 0.00102479942143, 0.00115688343067, 0.000297414546367, 0.000104155617009, 0.000138506686199, 0.000103631988168, 0.000116543676995, 6.76773124724e-05, 6.58417702653e-05, 4.47255297331e-05, 2.99295697914e-05, 2.56325874943e-05, 1.95807842829e-05, 2.18029854295e-05, 2.33228493016e-05, 2.04372317967e-05, 2.22446215048e-05, 2.02575083676e-05, 2.13405310205e-05, 2.77260860457e-05, 1.42957878779e-05, 6.45060754323e-06, 6.75032242725e-06, 7.15939631846e-06, 3.71631153939e-06, 2.02753562917e-06, 1.31448007323e-06, 1.29438660679e-06, 1.34689526021e-06, 1.07005871541e-06, 1.14821614261e-06, 2.12329860005e-06, 1.5903081021e-06, 8.70766029948e-07, 6.19252773504e-07, 5.7410267118e-07, 4.62517334654e-07, 3.40169520996e-07],
        "dmean2": [0.00143096037209, 0.00229220557958, 0.00170610798523, 0.00185194623191, 0.000497651461046, 0.00016606033023, 0.000217328590224, 0.000167017307831, 0.000176981557161, 0.000104136641312, 0.000100882687548, 6.62839520373e-05, 4.33791683463e-05, 3.89289707527e-05, 3.02269909298e-05, 3.32135896315e-05, 3.66790300177e-05, 3.18181664625e-05, 3.26167646563e-05, 3.02476946672e-05, 3.39785365213e-05, 4.37724120275e-05, 2.27380296565e-05, 1.04554546851e-05, 1.09210704977e-05, 1.14808444778e-05, 6.0311958805e-06, 3.35046001965e-06, 2.21707296078e-06, 2.18345462599e-06, 2.15799673242e-06, 1.62297953921e-06, 1.69761256075e-06, 3.35608046953e-06, 2.42357009483e-06, 1.27369241909e-06, 9.35880677844e-07, 8.39303027078e-07, 6.53128154227e-07, 5.01273063946e-07],
        "dvar": [3.71572969016e-06, 1.00524575828e-05, 2.528040568e-06, 7.86550572229e-06, 2.87451825898e-07, 3.14106074484e-08, 8.89524685022e-08, 8.73015650882e-08, 1.08897609152e-07, 2.74873777073e-08, 2.71419438036e-08, 1.42913707535e-08, 6.89228896178e-09, 6.64254073968e-09, 3.60996565973e-09, 5.25508836446e-09, 3.75154574073e-09, 3.50065509913e-09, 5.77284753334e-09, 6.02208771738e-09, 3.37905836645e-09, 3.14002601698e-09, 5.93607663024e-10, 9.29199633903e-11, 8.72782054961e-11, 1.47441864273e-10, 2.85327161204e-11, 7.67400552826e-12, 5.27569047476e-12, 6.68771288348e-12, 6.48682019558e-12, 3.52928493721e-12, 4.75605665962e-12, 2.94365365416e-11, 1.72372290053e-11, 1.00309257428e-11, 3.06822080763e-12, 3.31409682683e-12, 2.15747992388e-12, 7.46062174713e-13],
        "dvar2": [1.00981478681e-05, 2.51243800449e-05, 6.83610915075e-06, 1.9290309865e-05, 8.02040176495e-07, 7.85771945289e-08, 2.16563705635e-07, 2.07135130381e-07, 2.50578352734e-07, 6.30101695265e-08, 5.93090305756e-08, 2.94241129239e-08, 1.27647705739e-08, 1.44943781422e-08, 8.00444510674e-09, 1.03999724388e-08, 8.70770566763e-09, 8.0297333227e-09, 1.1818651835e-08, 1.16203775491e-08, 8.92429685706e-09, 7.0182117895e-09, 1.41883960136e-09, 2.26064819642e-10, 2.11486425594e-10, 3.67210067909e-10, 7.00191085667e-11, 2.01853065512e-11, 1.40959847961e-11, 1.81656356624e-11, 1.65866660684e-11, 8.20620828235e-12, 1.11779942941e-11, 7.21780898938e-11, 3.60231358632e-11, 1.79704012088e-11, 6.14054510364e-12, 6.3289187259e-12, 4.38421087628e-12, 1.54609994512e-12],
        "max": [0.021111221984, 0.0247125886381, 0.017111165449, 0.0369087718427, 0.00687289889902, 0.00391891552135, 0.00887530948967, 0.0104006258771, 0.0108282500878, 0.00486959889531, 0.00835804827511, 0.00304243387654, 0.00357499951497, 0.00210527307354, 0.0017217717832, 0.00302634038962, 0.00126584747341, 0.00174071500078, 0.00281872693449, 0.00371978781186, 0.00329940835945, 0.00162916060071, 0.000603033287916, 0.000323227461195, 0.000179147318704, 0.00027007155586, 0.000130522312247, 4.97525543324e-05, 2.95295340038e-05, 3.68643450201e-05, 3.09519709845e-05, 2.69644297077e-05, 5.08858793182e-05, 8.4425068053e-05, 0.000171560343006, 0.000168270940776, 8.14173035906e-05, 7.61315895943e-05, 4.90193306177e-05, 2.74703670584e-05],
        "mean": [0.000919251411688, 0.00178410368972, 0.00174852553755, 0.00170213344973, 0.000530601595528, 0.000219231820665, 0.000265022652457, 0.000166866069776, 0.000210782818613, 0.000138584175147, 0.000122649391415, 8.49421630846e-05, 6.03899861744e-05, 4.3850417569e-05, 3.17565427395e-05, 3.61017919204e-05, 3.41360937455e-05, 3.2867268601e-05, 3.85473977076e-05, 4.05226783187e-05, 4.42070959252e-05, 5.63413923373e-05, 3.11446819978e-05, 1.46970578498e-05, 1.52201373567e-05, 1.42147964652e-05, 8.40080429043e-06, 4.87860734211e-06, 2.7756250347e-06, 2.32774527831e-06, 2.49408913078e-06, 2.08312189898e-06, 2.09993777389e-06, 3.51948619937e-06, 2.80212020698e-06, 1.48716083004e-06, 1.05617732515e-06, 9.88649503597e-07, 8.26520704322e-07, 6.10682093338e-07],
        "median": [0.000285787711618, 0.000603561638854, 0.00121600856073, 0.000881153100636, 0.000313890428515, 0.00014141164138, 0.000148830615217, 6.39326535747e-05, 6.36333206785e-05, 4.97434375575e-05, 4.41850897914e-05, 2.53869238804e-05, 1.71564806806e-05, 1.22858464238e-05, 8.86490124685e-06, 8.10615892988e-06, 1.10365199362e-05, 9.09284881345e-06, 9.17567285796e-06, 1.28459341795e-05, 2.17965243792e-05, 2.82999353658e-05, 1.93143350771e-05, 1.09917982627e-05, 1.15696493594e-05, 8.13709812064e-06, 6.13620022705e-06, 4.18468471253e-06, 1.94462859326e-06, 1.33826870297e-06, 1.16416435958e-06, 9.06888089958e-07, 7.92338880728e-07, 1.16617627555e-06, 1.03256536477e-06, 4.98332099141e-07, 3.95522505414e-07, 3.67541844071e-07, 2.8677848718e-07, 2.38467322333e-07],
        "min": [3.30440639498e-24, 6.03820918684e-24, 1.76778553932e-23, 2.7645494345e-24, 4.41958059973e-24, 1.07206851774e-23, 1.53150024119e-23, 8.60536097095e-24, 1.43225286185e-23, 9.89578279515e-24, 1.09028331604e-23, 1.75052605158e-23, 1.32641770508e-23, 1.34748991535e-23, 6.4872134313e-24, 1.31042741565e-23, 1.37257174784e-23, 9.77757119964e-24, 1.04881005836e-23, 9.41121157348e-24, 7.57657669887e-24, 1.00006539639e-23, 1.29165410382e-23, 8.68233801808e-24, 1.15521003953e-23, 1.31822885557e-23, 8.5292074946e-24, 1.01959175483e-23, 9.96465666306e-24, 5.92877445776e-24, 9.89639337349e-24, 1.52423088795e-23, 6.94363572929e-24, 1.11603007938e-23, 1.47255592327e-23, 1.3702551789e-23, 1.10945902581e-23, 9.80016812027e-24, 1.48052042074e-23, 9.72802284618e-24],
        "var": [3.43414990311e-06, 1.12494662972e-05, 3.39875236932e-06, 8.73539465829e-06, 4.43587509835e-07, 6.90522128366e-08, 1.70307984604e-07, 1.44881610709e-07, 2.52751618746e-07, 7.62944978305e-08, 8.11794294009e-08, 3.95095653971e-08, 2.42354918356e-08, 1.40132847548e-08, 7.09709402358e-09, 1.24729107043e-08, 5.67031044341e-09, 7.64332686032e-09, 1.41318761138e-08, 2.03857837278e-08, 7.28783300374e-09, 8.9180147711e-09, 1.79381909327e-09, 2.28542421099e-10, 2.33024127771e-10, 3.50394685489e-10, 7.41551403616e-11, 1.74965961858e-11, 8.57312484892e-12, 8.54619847113e-12, 1.06200690603e-11, 7.59071538264e-12, 1.05808877285e-11, 4.17664444696e-11, 3.21375946688e-11, 1.88495035552e-11, 5.7300965188e-12, 6.36824013661e-12, 4.39139957037e-12, 1.61873964753e-12]
    },
    "mfcc": {
        "mean": [-648.694641113, 115.712295532, 0.714297413826, 33.3794898987, 10.3927202225, -5.76959657669, -6.79224586487, 8.28534317017, -3.1453974247, -3.81255149841, -7.51112508774, -7.08398723602, -2.61126470566],
        "cov": [[8523.09082031, 0.145065262914, -205.392547607, 86.8641433716, 64.90675354, 98.3670349121, -232.74810791, 156.91796875, 53.0909423828, 231.259979248, 248.111679077, 87.6796112061, -87.1623382568], [0.145065262914, 940.632629395, -195.276229858, 203.770141602, 50.871006012, -23.4622383118, 138.129272461, 49.3751144409, 33.0290031433, 3.40176892281, 8.2999420166, -6.94445610046, 37.1943435669], [-205.392547607, -195.276229858, 1315.84655762, -39.6885147095, 182.692276001, 291.895599365, 102.584831238, 200.237014771, 128.730667114, 48.2816505432, 53.5405960083, 84.4469680786, 46.7726821899], [86.8641433716, 203.770141602, -39.6885147095, 412.262969971, 133.459121704, 12.4477109909, 55.8581085205, -1.51755976677, 53.6107215881, 6.54339075089, -12.6977329254, 3.08615899086, 23.0787029266], [64.90675354, 50.871006012, 182.692276001, 133.459121704, 279.861968994, 50.4590377808, 0.382729321718, 21.9739780426, 52.1925964355, 55.909160614, 5.16886234283, 4.22998380661, 28.6450653076], [98.3670349121, -23.4622383118, 291.895599365, 12.4477109909, 50.4590377808, 224.900985718, 75.6491470337, 65.1662979126, 38.7588119507, 37.4818229675, 60.196598053, 33.4897155762, 2.74249196053], [-232.74810791, 138.129272461, 102.584831238, 55.8581085205, 0.382729321718, 75.6491470337, 209.444503784, 78.4084243774, 30.244966507, -7.22927379608, 16.9518604279, 37.8211975098, 9.48539638519], [156.91796875, 49.3751144409, 200.237014771, -1.51755976677, 21.9739780426, 65.1662979126, 78.4084243774, 163.836227417, 67.6892776489, 16.0203075409, 20.858915329, 37.7928009033, 41.8873100281], [53.0909423828, 33.0290031433, 128.730667114, 53.6107215881, 52.1925964355, 38.7588119507, 30.244966507, 67.6892776489, 129.063354492, 51.4191932678, 16.3924541473, 20.7430343628, 22.6352710724], [231.259979248, 3.40176892281, 48.2816505432, 6.54339075089, 55.909160614, 37.4818229675, -7.22927379608, 16.0203075409, 51.4191932678, 124.415229797, 67.0626983643, 13.3937854767, -6.81493139267], [248.111679077, 8.2999420166, 53.5405960083, -12.6977329254, 5.16886234283, 60.196598053, 16.9518604279, 20.858915329, 16.3924541473, 67.0626983643, 120.117713928, 49.8805007935, -6.30038928986], [87.6796112061, -6.94445610046, 84.4469680786, 3.08615899086, 4.22998380661, 33.4897155762, 37.8211975098, 37.7928009033, 20.7430343628, 13.3937854767, 49.8805007935, 99.3076629639, 32.8321037292], [-87.1623382568, 37.1943435669, 46.7726821899, 23.0787029266, 28.6450653076, 2.74249196053, 9.48539638519, 41.8873100281, 22.6352710724, -6.81493139267, -6.30038928986, 32.8321037292, 94.4205245972]],
