{
"lowlevel": {
    "average_loudness": 0.927670419216,
    "barkbands_crest": {
        "dmean": 2.65609121323,
        "dmean2": 4.26000785828,
        "dvar": 6.81210803986,
        "dvar2": 15.7803516388,
        "max": 26.0959377289,
        "mean": 10.3393602371,
        "median": 9.51998519897,
        "min": 2.78664541245,
        "var": 17.4841098785
    },
    "barkbands_flatness_db": {
        "dmean": 0.0242586713284,
        "dmean2": 0.0379269197583,
        "dvar": 0.000617932411842,
        "dvar2": 0.00146216969006,
        "max": 0.490363478661,
        "mean": 0.175442993641,
        "median": 0.168390929699,
        "min": 0.0283841602504,
        "var": 0.00251992605627
    },
    "barkbands_kurtosis": {
        "dmean": 4.92812919617,
        "dmean2": 7.85743236542,
        "dvar": 167.272155762,
        "dvar2": 430.024627686,
        "max": 355.480285645,
        "mean": 6.47044086456,
        "median": 2.0205745697,
        "min": -1.9139213562,
        "var": 304.162963867
    },
    "barkbands_skewness": {
        "dmean": 0.705989539623,
        "dmean2": 1.06953346729,
        "dvar": 0.728249907494,
        "dvar2": 1.67653357983,
        "max": 17.2147159576,
        "mean": 1.88810884953,
        "median": 1.64349615574,
        "min": -4.0970082283,
        "var": 2.38489031792
    },
    "barkbands_spread": {
        "dmean": 6.015604496,
        "dmean2": 8.99061775208,
        "dvar": 49.3497238159,
        "dvar2": 95.1709136963,
        "max": 108.041046143,
        "mean": 21.9830188751,
        "median": 19.7040309906,
        "min": 0.348146289587,
        "var": 182.339508057
    },
    "dissonance": {
        "dmean": 0.0144491801038,
        "dmean2": 0.0240482594818,
        "dvar": 0.000267255061772,
        "dvar2": 0.000692555273417,
        "max": 0.500000238419,
        "mean": 0.468830138445,
        "median": 0.475308358669,
        "min": 0.130181625485,
        "var": 0.000619155121967
    },
    "dynamic_complexity": 3.28530192375,
    "erbbands_crest": {
        "dmean": 2.45854902267,
        "dmean2": 3.97158837318,
        "dvar": 5.85579490662,
        "dvar2": 14.166888237,
        "max": 28.9848194122,
        "mean": 8.73897171021,
        "median": 7.71895837784,
        "min": 2.60662460327,
        "var": 15.9434585571
    },
    "erbbands_flatness_db": {
        "dmean": 0.0162016209215,
        "dmean2": 0.0236385464668,
        "dvar": 0.000313228665618,
        "dvar2": 0.000611887546256,
        "max": 0.426662117243,
        "mean": 0.172819986939,
        "median": 0.171569764614,
        "min": 0.0497268550098,
        "var": 0.00142477173358
    },
    "erbbands_kurtosis": {
        "dmean": 0.846029400826,
        "dmean2": 1.33942735195,
        "dvar": 2.71166038513,
        "dvar2": 6.29326438904,
        "max": 45.8219795227,
        "mean": -0.0416468419135,
        "median": -0.604226350784,
        "min": -1.92954707146,
        "var": 5.82911396027
    },
    "erbbands_skewness": {
        "dmean": 0.383122265339,
        "dmean2": 0.573234021664,
        "dvar": 0.16082790494,
        "dvar2": 0.33955141902,
        "max": 5.62693309784,
        "mean": 0.00929392222315,
        "median": -0.0399659089744,
        "min": -4.57312345505,
        "var": 0.698849618435
    },
    "erbbands_spread": {
        "dmean": 9.56694507599,
        "dmean2": 14.4473152161,
        "dvar": 110.306030273,
        "dvar2": 238.505905151,
        "max": 174.434249878,
        "mean": 47.6182136536,
        "median": 44.1603927612,
        "min": 1.31604158878,
        "var": 456.637786865
    },
    "hfc": {
        "dmean": 4.74789190292,
        "dmean2": 7.10601997375,
        "dvar": 51.3283538818,
        "dvar2": 119.290138245,
        "max": 152.501449585,
        "mean": 17.1635704041,
        "median": 14.1916160583,
        "min": 1.13042449572e-16,
        "var": 184.054321289
    },
    "melbands_crest": {
        "dmean": 3.37720751762,
        "dmean2": 5.41322183609,
        "dvar": 10.2571182251,
        "dvar2": 24.1423511505,
        "max": 33.4673309326,
        "mean": 15.0479030609,
        "median": 14.5362224579,
        "min": 1.8437962532,
        "var": 26.6726055145
    },
    "melbands_flatness_db": {
        "dmean": 0.0298210829496,
        "dmean2": 0.0444021299481,
        "dvar": 0.00095757166855,
        "dvar2": 0.00208474346437,
        "max": 0.634167790413,
        "mean": 0.213457524776,
        "median": 0.205896914005,
        "min": 0.00373158254661,
        "var": 0.005174852442
    },
    "melbands_kurtosis": {
        "dmean": 12.9367456436,
        "dmean2": 20.4185943604,
        "dvar": 832.572692871,
        "dvar2": 1858.67895508,
        "max": 908.202392578,
        "mean": 22.8409290314,
        "median": 10.9660167694,
        "min": -1.88404130936,
        "var": 2089.97729492
    },
    "melbands_skewness": {
        "dmean": 0.991179764271,
        "dmean2": 1.51081550121,
        "dvar": 1.34744846821,
        "dvar2": 2.96768021584,
        "max": 23.2527828217,
        "mean": 3.43563222885,
        "median": 3.04017901421,
        "min": -3.27494573593,
        "var": 4.79107761383
    },
    "melbands_spread": {
        "dmean": 7.70229578018,
        "dmean2": 11.7168312073,
        "dvar": 115.682807922,
        "dvar2": 242.978347778,
        "max": 222.181747437,
        "mean": 22.3143978119,
        "median": 17.9659786224,
        "min": 0.362485229969,
        "var": 374.53729248
    },
    "pitch_salience": {
        "dmean": 0.0756147801876,
        "dmean2": 0.123130425811,
        "dvar": 0.0056759477593,
        "dvar2": 0.0143160400912,
        "max": 0.927345395088,
        "mean": 0.538671135902,
        "median": 0.547544360161,
        "min": 0.0811211466789,
        "var": 0.012513444759
    },
    "silence_rate_20dB": {
        "dmean": 0,
        "dmean2": 0,
        "dvar": 0,
        "dvar2": 0,
        "max": 1,
        "mean": 1,
        "median": 1,
        "min": 1,
        "var": 0
    },
    "silence_rate_30dB": {
        "dmean": 0.0107681266963,
        "dmean2": 0.0215381849557,
        "dvar": 0.0106511078775,
        "dvar2": 0.0304035507143,
        "max": 1,
        "mean": 0.993898630142,
        "median": 1,
        "min": 0,
        "var": 0.00606485595927
    },
    "silence_rate_60dB": {
        "dmean": 0.02656137757,
        "dmean2": 0.0531275235116,
        "dvar": 0.0258539393544,
        "dvar2": 0.0571207404137,
        "max": 1,
        "mean": 0.0893674269319,
        "median": 0,
        "min": 0,
        "var": 0.0813832730055
    },
    "spectral_centroid": {
        "dmean": 268.635467529,
        "dmean2": 405.897186279,
        "dvar": 93774.4921875,
        "dvar2": 177736.359375,
        "max": 10963.5214844,
        "mean": 1308.54736328,
        "median": 1246.02197266,
        "min": 127.270675659,
        "var": 395218.15625
    },
    "spectral_complexity": {
        "dmean": 3.12078237534,
        "dmean2": 4.93027019501,
        "dvar": 10.3557214737,
        "dvar2": 23.9702396393,
        "max": 48,
        "mean": 17.9002246857,
        "median": 18,
        "min": 0,
        "var": 86.8859786987
    },
    "spectral_decrease": {
        "dmean": 3.2955984608e-09,
        "dmean2": 5.24644416799e-09,
        "dvar": 3.22429411032e-17,
        "dvar2": 8.1118313803e-17,
        "max": 1.13625252869e-20,
        "mean": -7.34608152086e-09,
        "median": -6.0553171366e-09,
        "min": -4.78396380288e-08,
        "var": 4.48973949595e-17
    },
    "spectral_energy": {
        "dmean": 0.0127177666873,
        "dmean2": 0.0202190186828,
        "dvar": 0.000473528518341,
        "dvar2": 0.00119089731015,
        "max": 0.186653792858,
        "mean": 0.0292826332152,
        "median": 0.0244194474071,
        "min": 1.04282837539e-20,
        "var": 0.000676011608448
    },
    "spectral_energyband_high": {
        "dmean": 0.000245283386903,
        "dmean2": 0.000345463951817,
        "dvar": 3.65238435052e-07,
        "dvar2": 8.0356556964e-07,
        "max": 0.0160414390266,
        "mean": 0.000534675084054,
        "median": 0.000241593414103,
        "min": 7.84303495475e-21,
        "var": 8.31171178106e-07
    },
    "spectral_energyband_low": {
        "dmean": 0.00708876596764,
        "dmean2": 0.0116356089711,
        "dvar": 0.000255524588283,
        "dvar2": 0.000670550682116,
        "max": 0.163692519069,
        "mean": 0.0109932506457,
        "median": 0.00594234932214,
        "min": 1.07038112849e-22,
        "var": 0.000283638306428
    },
    "spectral_energyband_middle_high": {
        "dmean": 0.00128036481328,
        "dmean2": 0.00192416331265,
        "dvar": 3.29306999447e-06,
        "dvar2": 7.16640215614e-06,
        "max": 0.0293996371329,
        "mean": 0.00408429093659,
        "median": 0.00292822928168,
        "min": 1.45667293469e-21,
        "var": 1.47812615978e-05
    },
    "spectral_energyband_middle_low": {
        "dmean": 0.0076325959526,
        "dmean2": 0.0121393119916,
        "dvar": 0.000250424549449,
        "dvar2": 0.000617116049398,
        "max": 0.175102725625,
        "mean": 0.0158511567861,
        "median": 0.0117761744186,
        "min": 2.65698778464e-22,
        "var": 0.000319918413879
    },
    "spectral_entropy": {
        "dmean": 0.161993071437,
        "dmean2": 0.242513850331,
        "dvar": 0.0342282913625,
        "dvar2": 0.0728770419955,
        "max": 9.79471206665,
        "mean": 7.43343687057,
        "median": 7.45326757431,
        "min": 4.51388168335,
        "var": 0.184773400426
    },
    "spectral_flux": {
        "dmean": 0.0320175141096,
        "dmean2": 0.0510238036513,
        "dvar": 0.00199574814178,
        "dvar2": 0.00474943267182,
        "max": 0.382977873087,
        "mean": 0.0809644907713,
        "median": 0.0673727691174,
        "min": 1.02118966061e-10,
        "var": 0.00317974365316
    },
    "spectral_kurtosis": {
        "dmean": 1.79156053066,
        "dmean2": 3.07067346573,
        "dvar": 4.98847532272,
        "dvar2": 13.4375629425,
        "max": 61.3330612183,
        "mean": 4.33941936493,
        "median": 3.71626377106,
        "min": -1.22131240368,
        "var": 11.2639732361
    },
    "spectral_rms": {
        "dmean": 0.00101750704926,
        "dmean2": 0.0015466165496,
        "dvar": 2.02761884793e-06,
        "dvar2": 4.67055951958e-06,
        "max": 0.0134944897145,
        "mean": 0.00481758126989,
        "median": 0.0048809684813,
        "min": 3.18966055825e-12,
        "var": 5.35937624591e-06
    },
    "spectral_rolloff": {
        "dmean": 555.134643555,
        "dmean2": 914.314453125,
        "dvar": 907122.875,
        "dvar2": 1781613,
        "max": 18820.0195312,
        "mean": 1487.12133789,
        "median": 990.52734375,
        "min": 64.599609375,
        "var": 2865656.5
    },
    "spectral_skewness": {
        "dmean": 0.233567252755,
        "dmean2": 0.378625541925,
        "dvar": 0.060548376292,
        "dvar2": 0.147939294577,
        "max": 6.55947971344,
        "mean": 1.41034805775,
        "median": 1.34631359577,
        "min": -0.16880632937,
        "var": 0.278727471828
    },
    "spectral_spread": {
        "dmean": 498142.59375,
        "dmean2": 690840.375,
        "dvar": 539024031744,
        "dvar2": 785621975040,
        "max": 39537072,
        "mean": 4240279,
        "median": 3831420.75,
        "min": 925741.25,
        "var": 2.79254610739e+12
    },
    "spectral_strongpeak": {
        "dmean": 0.400818616152,
        "dmean2": 0.67542719841,
        "dvar": 0.41223230958,
        "dvar2": 1.01759469509,
        "max": 9.8824596405,
        "mean": 0.787553608418,
        "median": 0.520465552807,
        "min": 0,
        "var": 0.710418879986
    },
    "zerocrossingrate": {
        "dmean": 0.0104225967079,
        "dmean2": 0.0117138857022,
        "dvar": 0.000175499153556,
        "dvar2": 0.000178538568434,
        "max": 0.50341796875,
        "mean": 0.0580592490733,
        "median": 0.05029296875,
        "min": 0.0029296875,
        "var": 0.00164010166191
    },
    "barkbands": {
        "dmean": [6.22432435193e-06, 0.00398661475629, 0.00263710366562, 0.00273714517243, 0.00489243771881, 0.000809227989521, 0.000738914299291, 0.000341157632647, 0.000461315037683, 0.000289934803732, 0.000220741072553, 0.000158669325174, 0.000167889418663, 0.000253423844697, 0.000352707749698, 0.000263321853708, 0.000258542655502, 0.000157881848281, 0.00016253303329, 7.42252814234e-05, 4.56245907117e-05, 4.89735684823e-05, 7.70254628151e-05, 5.54774524062e-05, 3.78660952265e-05, 3.86049350709e-06, 3.07011260858e-09],
        "dmean2": [8.20783770905e-06, 0.0067573483102, 0.00427163299173, 0.00461960304528, 0.0077562588267, 0.00131583062466, 0.00111233617645, 0.000545774993952, 0.000705930404365, 0.000460359500721, 0.000337231351295, 0.000236672553001, 0.000256567262113, 0.000390618602978, 0.000548993819393, 0.00042471717461, 0.000420681462856, 0.000258642423432, 0.000261236331426, 0.000120930759294, 7.50531835365e-05, 6.94039481459e-05, 0.000113904578029, 7.95450177975e-05, 5.4551215726e-05, 5.35769413545e-06, 5.88076698449e-09],
        "dvar": [2.06451689078e-10, 9.74522336037e-05, 3.16550285788e-05, 2.05088672374e-05, 0.000197913177544, 1.82537735327e-06, 2.75957472695e-06, 8.76873798461e-07, 1.25273629692e-06, 4.69209481935e-07, 3.36864957262e-07, 1.70805606103e-07, 1.93443952412e-07, 4.18538917302e-07, 6.30208830898e-07, 4.05067140719e-07, 1.64271639846e-07, 5.42730766995e-08, 7.12324634833e-08, 1.35025368664e-08, 1.62250994862e-08, 1.09461284481e-08, 3.74121924551e-08, 3.66543986274e-08, 2.88589045994e-08, 2.93354174286e-10, 2.6754473728e-15],
        "dvar2": [3.81239650959e-10, 0.000258975866018, 8.26887990115e-05, 5.62382701901e-05, 0.000479067413835, 4.60869159724e-06, 6.07641868555e-06, 2.0412971935e-06, 2.50647804023e-06, 1.04877233298e-06, 7.1359750109e-07, 3.69450646076e-07, 4.04962520406e-07, 7.99952545094e-07, 1.4388414229e-06, 1.04147329694e-06, 4.11288198165e-07, 1.39073634386e-07, 1.61184075864e-07, 3.53196867309e-08, 4.64073863782e-08, 2.52965612901e-08, 8.73625296549e-08, 7.84153471045e-08, 6.07918693163e-08, 5.80627268487e-10, 7.98509987244e-15],
        "max": [0.000175412133103, 0.0906359925866, 0.0677780508995, 0.0627982020378, 0.146335586905, 0.0315318852663, 0.0379890277982, 0.0268907472491, 0.0318131782115, 0.0252425614744, 0.0249959956855, 0.00975333712995, 0.0119339693338, 0.0226421747357, 0.0170834194869, 0.0213418155909, 0.0105541432276, 0.00675981631503, 0.00938039831817, 0.00290086469613, 0.00321700260974, 0.00305077969097, 0.00560788204893, 0.00713387830183, 0.00535058509558, 0.000900354818441, 2.8367574032e-06],
        "mean": [9.05455726752e-06, 0.00483458582312, 0.00408683624119, 0.00438732421026, 0.0067595122382, 0.00142642867286, 0.00153583730571, 0.000513920909725, 0.000967330124695, 0.000487788842293, 0.000358322286047, 0.000238778055063, 0.00027826600126, 0.000405156781198, 0.000593801029027, 0.000473589578178, 0.000537228537723, 0.000343202060321, 0.000382981088478, 0.000178721791599, 9.18845398701e-05, 9.52685222728e-05, 0.000139290481457, 9.36252981774e-05, 5.84866029385e-05, 5.43656597074e-06, 1.94030858047e-09],
        "median": [7.87044371009e-07, 0.00122536974959, 0.00158782757353, 0.00194295705296, 0.00256649637595, 0.000795282248873, 0.000469398044515, 0.000100487231975, 0.000193326020963, 0.000127274892293, 8.21194407763e-05, 6.8229943281e-05, 6.213618326e-05, 0.000118013325846, 0.000215073348954, 0.00024426082382, 0.000330919865519, 0.000238470165641, 0.00023953228083, 0.000109196160338, 4.57719797851e-05, 3.40707483701e-05, 4.61149320472e-05, 2.66939550784e-05, 8.18267471914e-06, 6.99319059549e-07, 3.31527472142e-10],
        "min": [3.28542076125e-23, 6.50939746214e-23, 1.55139121115e-23, 4.93138803301e-24, 3.35839986131e-23, 4.22751695068e-23, 5.00764769003e-23, 4.72046603293e-23, 7.52952083033e-23, 8.62657138965e-23, 8.18105682917e-23, 7.0824531605e-23, 6.36440356558e-23, 2.19344554367e-22, 8.04986989172e-23, 1.62378939404e-22, 7.58394970844e-23, 2.83707576784e-22, 2.0829456946e-22, 2.65884949638e-22, 6.60434955696e-22, 3.86530862614e-22, 6.84438137641e-22, 9.98598143504e-22, 1.1578363689e-21, 1.56354240801e-21, 2.42048779013e-21],
        "var": [3.95954824484e-10, 9.83153295238e-05, 3.98899792344e-05, 3.35630757036e-05, 0.000210275436984, 4.23124811277e-06, 7.79748916102e-06, 1.71939780103e-06, 5.35452863915e-06, 1.75896570909e-06, 1.18218974876e-06, 3.08777458713e-07, 5.95707149387e-07, 1.22112430745e-06, 1.32677996589e-06, 6.55517794712e-07, 4.41932485273e-07, 1.40920789704e-07, 2.46089030043e-07, 4.67432208495e-08, 2.00512744186e-08, 2.48221851962e-08, 7.18960819768e-08, 6.76270417443e-08, 5.23263210539e-08, 4.76658379434e-10, 1.35947496309e-15]
    },
    "erbbands": {
        "dmean": [0.0524408109486, 1.09030604362, 3.03384447098, 6.21056938171, 16.2359752655, 15.1334676743, 5.80410575867, 6.94503974915, 7.62265968323, 13.2725152969, 7.22269392014, 8.75302124023, 11.2666187286, 7.73982429504, 7.0275478363, 6.30435657501, 7.74179077148, 13.111038208, 12.5647821426, 19.3681373596, 14.9707565308, 12.6447763443, 7.61116361618, 7.75648832321, 7.81823444366, 3.57250118256, 1.90718305111, 1.67862403393, 1.62602341175, 2.03593444824, 2.26678109169, 1.28023993969, 0.935997307301, 0.572650134563, 0.182445317507, 0.033805385232, 0.00504222791642, 0.00015832632198, 1.16929386422e-05, 1.45564672493e-05],
        "dmean2": [0.0873799398541, 1.85069727898, 4.86633348465, 10.4325742722, 25.890001297, 24.5255966187, 9.80077075958, 11.340631485, 11.6704425812, 20.1874809265, 11.255402565, 13.4088163376, 17.7404251099, 11.9242095947, 10.6589040756, 9.3725233078, 11.4978599548, 20.0662097931, 19.7202186584, 30.4127788544, 24.0903911591, 20.4167842865, 12.2103776932, 12.4509277344, 12.6513156891, 5.82981491089, 3.18679714203, 2.69187855721, 2.33414316177, 2.95340299606, 3.33169865608, 1.82954347134, 1.34705090523, 0.831912577152, 0.256942778826, 0.0467668436468, 0.00713374884799, 0.000220814807108, 1.72764302988e-05, 2.29520937864e-05],
        "dvar": [0.0180082898587, 7.15193557739, 43.0426826477, 121.73828125, 1678.78930664, 1856.52758789, 190.173431396, 135.632385254, 262.377105713, 1223.81176758, 380.812957764, 425.793151855, 755.621704102, 264.153961182, 275.260559082, 298.107025146, 410.759460449, 1228.09338379, 851.41217041, 2834.26513672, 665.113464355, 443.867675781, 129.704833984, 135.33430481, 172.29989624, 33.8018341064, 20.7971191406, 23.7501068115, 14.1799945831, 19.0453262329, 34.7416648865, 12.1707572937, 16.7207832336, 6.9671831131, 0.780283153057, 0.0240516606718, 0.000311604351737, 3.01850832329e-07, 7.75696007427e-10, 5.77853154216e-10],
        "dvar2": [0.0483062379062, 18.9800243378, 107.597885132, 332.303131104, 4101.64892578, 4757.96875, 514.814575195, 344.305419922, 607.543334961, 2737.78417969, 825.461425781, 857.40234375, 1676.03369141, 604.091186523, 587.347106934, 633.140808105, 777.09753418, 2356.44580078, 1978.94628906, 6922.53564453, 1582.86425781, 1091.63378906, 310.027038574, 317.433197021, 416.148284912, 89.0637893677, 59.5699768066, 66.5937194824, 33.2366447449, 43.4393882751, 81.5175857544, 26.6146354675, 36.6425590515, 15.3490915298, 1.57126128674, 0.0477041974664, 0.000638749217615, 6.11026905517e-07, 1.62946911519e-09, 1.4522533176e-09],
        "max": [1.23426389694, 25.4210014343, 83.796333313, 164.23135376, 507.381439209, 522.449035645, 229.756469727, 262.557495117, 456.231018066, 790.26739502, 735.424560547, 632.758361816, 985.939758301, 481.978179932, 641.47277832, 455.386138916, 576.621582031, 1234.3581543, 718.537963867, 1426.87768555, 484.78918457, 443.482025146, 470.300964355, 307.415222168, 492.648468018, 166.840255737, 105.139503479, 120.987052917, 110.02986145, 85.7007827759, 181.395263672, 126.762367249, 143.526672363, 89.9236373901, 34.5310440063, 7.51685905457, 0.81734508276, 0.0215893965214, 0.000964942737482, 0.000212753817323],
        "mean": [0.0633200854063, 1.34460830688, 4.68890762329, 10.3365631104, 23.9980964661, 19.7779350281, 9.00866127014, 11.9315853119, 15.6006813049, 26.1492347717, 13.0253534317, 18.9948825836, 22.7753486633, 13.6242752075, 12.1746912003, 10.186252594, 14.094502449, 21.487783432, 21.8571872711, 31.7842082977, 31.0380554199, 28.1341133118, 18.5462265015, 19.0065574646, 18.3912944794, 8.8249464035, 4.20098161697, 3.22865891457, 3.12544488907, 3.89237737656, 4.02196550369, 2.27003526688, 1.48944056034, 0.896502077579, 0.269739359617, 0.0490885786712, 0.0068937484175, 0.000228482967941, 2.63251949946e-05, 3.5768316593e-05],
        "median": [0.0162152405828, 0.366841286421, 2.0569088459, 5.58948516846, 10.5561094284, 7.17659950256, 4.72813415527, 6.50124740601, 6.44792509079, 5.29404115677, 2.91210007668, 4.02073955536, 5.52716493607, 4.70180225372, 3.769977808, 3.17007541656, 3.46026992798, 6.32854986191, 8.40901947021, 11.925614357, 17.5701732635, 17.272277832, 13.5034914017, 12.8009223938, 11.3257780075, 5.54801416397, 2.42822432518, 1.28260159492, 1.17409706116, 1.24007487297, 1.32233250141, 0.747395575047, 0.286254674196, 0.129107445478, 0.0380739420652, 0.00779415341094, 0.000786951277405, 3.07379632432e-05, 1.76202102011e-05, 3.05194771499e-05],
        "min": [2.37585457022e-21, 1.23767504998e-20, 2.03168370049e-20, 1.80936130097e-20, 3.88398843839e-20, 1.07354117148e-19, 2.4237110561e-19, 4.51016816875e-19, 7.45952872268e-19, 8.3034483689e-19, 9.67813517601e-19, 1.48935937242e-18, 2.44590731046e-18, 3.14587871174e-18, 3.82429130472e-18, 2.39235005413e-18, 3.79261855906e-18, 1.27806981614e-17, 3.46521302799e-18, 5.73700130105e-18, 8.68386697485e-18, 5.15559424646e-18, 1.24243901125e-17, 1.24570141159e-17, 1.25010937435e-17, 1.16466409862e-17, 1.98419469671e-17, 2.73675848949e-17, 1.62842299177e-17, 1.48934431773e-17, 1.98999538348e-17, 2.35551574282e-17, 1.4811613508e-17, 1.10917467246e-17, 9.61935448091e-18, 5.28847667596e-18, 2.61378568373e-18, 1.49371179001e-18, 2.90661160138e-19, 3.83460381711e-20],
        "var": [0.0178392734379, 7.29194164276, 54.1000823975, 165.515609741, 1890.62329102, 1897.80981445, 218.114822388, 292.212524414, 628.570800781, 3419.96875, 980.898864746, 1842.96899414, 3740.31860352, 816.064941406, 887.23059082, 570.116943359, 1504.73034668, 3524.24487305, 1718.35913086, 4382.80371094, 1910.05432129, 1243.98962402, 384.482452393, 475.711761475, 549.194213867, 112.621276855, 31.8340969086, 30.7309894562, 28.0933513641, 46.0460395813, 64.1210327148, 22.9932327271, 28.5125789642, 11.8019065857, 1.39004063606, 0.0410031788051, 0.000523446477018, 5.36682307484e-07, 1.54781698569e-09, 9.05686192709e-10]
    },
    "gfcc": {
        "mean": [-31.5438537598, 105.784866333, -129.453872681, 55.8455085754, -59.3738899231, 10.4542369843, -51.3317985535, 6.09806013107, -20.2929267883, -13.3217105865, -12.2382516861, -11.2821216583, -6.63516998291],
        "cov": [[10967.4130859, 352.214233398, -395.950592041, 429.991668701, -321.051849365, 134.5806427, -414.21697998, 69.9108581543, -171.621032715, -316.570465088, -236.040130615, -223.016403198, -205.185211182], [352.214233398, 1291.27087402, -120.356681824, 14.5800542831, 402.402587891, -123.40940094, 248.476196289, -42.0931396484, 162.41619873, -173.097839355, 162.26210022, -144.681503296, 48.8845863342], [-395.950592041, -120.356681824, 1035.9979248, 288.631134033, 184.001800537, 239.24180603, -1.82909488678, 91.033164978, -49.6545066833, 75.6701278687, -80.9241638184, 81.2878875732, -30.4682979584], [429.991668701, 14.5800542831, 288.631134033, 581.859191895, 220.369613647, -17.658454895, 8.82928752899, 0.84621322155, 39.6061515808, -36.4341926575, 52.1786117554, -41.4311218262, -16.9302520752], [-321.051849365, 402.402587891, 184.001800537, 220.369613647, 511.353057861, 11.556388855, 119.233688354, 32.3917999268, 25.6494617462, -9.48447418213, 60.0650901794, -33.1982345581, 2.97857952118], [134.5806427, -123.40940094, 239.24180603, -17.658454895, 11.556388855, 296.584533691, 70.2823944092, 35.2041664124, -42.470664978, 20.4654483795, -60.8557739258, 36.7496070862, -11.2028074265], [-414.21697998, 248.476196289, -1.82909488678, 8.82928752899, 119.233688354, 70.2823944092, 304.858642578, 50.4582748413, 23.6541347504, -19.2692317963, 25.98478508, -21.9380378723, 10.4446954727], [69.9108581543, -42.0931396484, 91.033164978, 0.84621322155, 32.3917999268, 35.2041664124, 50.4582748413, 164.532455444, 45.2550735474, 56.7022323608, -21.1554317474, 22.8699054718, -9.30834293365], [-171.621032715, 162.41619873, -49.6545066833, 39.6061515808, 25.6494617462, -42.470664978, 23.6541347504, 45.2550735474, 210.436340332, 19.3017635345, 62.0294113159, -41.2317390442, 11.4705266953], [-316.570465088, -173.097839355, 75.6701278687, -36.4341926575, -9.48447418213, 20.4654483795, -19.2692317963, 56.7022323608, 19.3017635345, 168.05027771, -0.160478249192, 39.121131897, -17.9708480835], [-236.040130615, 162.26210022, -80.9241638184, 52.1786117554, 60.0650901794, -60.8557739258, 25.98478508, -21.1554317474, 62.0294113159, -0.160478249192, 148.288391113, 1.44676864147, 8.23834896088], [-223.016403198, -144.681503296, 81.2878875732, -41.4311218262, -33.1982345581, 36.7496070862, -21.9380378723, 22.8699054718, -41.2317390442, 39.121131897, 1.44676864147, 114.007514954, 25.9494495392], [-205.185211182, 48.8845863342, -30.4682979584, -16.9302520752, 2.97857952118, -11.2028074265, 10.4446954727, -9.30834293365, 11.4705266953, -17.9708480835, 8.23834896088, 25.9494495392, 82.6244659424]],
        "icov": [[0.000231668833294, -0.000570435542613, 0.000408112478908, -0.000660038844217, 0.000520243134815, -0.000608236936387, 0.000738978036679, -0.000689181499183, 0.000532024772838, -3.46923188772e-05, 0.000507291581016, -0.000102231017081, 0.000555898877792], [-0.000570435542613, 0.00383913307451, -0.00158260471653, 0.00300255906768, -0.00294554815628, 0.00241165002808, -0.00294575816952, 0.00214557698928, -0.00244938698597, 0.00224942644127, -0.00289704557508, 0.0022205398418, -0.0021883288864], [0.000408112478908, -0.00158260471653, 0.00268484186381, -0.00243894825689, 0.000822339614388, -0.00244639557786, 0.00189240078907, -0.00157768209465, 0.00112703209743, -0.000995910610072, 0.00226430268958, -0.00196375884116, 0.00167972582858], [-0.000660038844217, 0.00300255906768, -0.00243894825689, 0.00534653663635, -0.00311660021544, 0.00274561299011, -0.0024605456274, 0.00221051415429, -0.00233843829483, 0.0020848615095, -0.00335493683815, 0.0023854682222, -0.00181128631812], [0.000520243134815, -0.00294554815628, 0.000822339614388, -0.00311660021544, 0.00517532043159, -0.00182283762842, 0.00154437986203, -0.00239918916486, 0.00256151542999, -0.0017056617653, 0.00100959639531, -0.000311035575578, 0.00107049627695], [-0.000608236936387, 0.00241165002808, -0.00244639557786, 0.00274561299011, -0.00182283762842, 0.00709299556911, -0.00394348846748, 0.00235246424563, -0.00182148569729, 0.000985488295555, -0.000416777096689, -0.000220109606744, -0.000907982466742], [0.000738978036679, -0.00294575816952, 0.00189240078907, -0.0024605456274, 0.00154437986203, -0.00394348846748, 0.00745372287929, -0.00428765639663, 0.0026401989162, -0.000416064605815, 0.000967152765952, 0.000313042663038, 0.00110423145816], [-0.000689181499183, 0.00214557698928, -0.00157768209465, 0.00221051415429, -0.00239918916486, 0.00235246424563, -0.00428765639663, 0.0115180937573, -0.00503789167851, -0.0014730169205, 0.00136797619052, -0.00267299171537, 0.000217447566683], [0.000532024772838, -0.00244938698597, 0.00112703209743, -0.00233843829483, 0.00256151542999, -0.00182148569729, 0.0026401989162, -0.00503789167851, 0.00943902041763, -0.00223281630315, -0.00191669631749, 0.00362557568587, -0.00127739482559], [-3.46923188772e-05, 0.00224942644127, -0.000995910610072, 0.0020848615095, -0.0017056617653, 0.000985488295555, -0.000416064605815, -0.0014730169205, -0.00223281630315, 0.00999159179628, -0.00197612633929, -0.000942549086176, 0.0017008947907], [0.000507291581016, -0.00289704557508, 0.00226430268958, -0.00335493683815, 0.00100959639531, -0.000416777096689, 0.000967152765952, 0.00136797619052, -0.00191669631749, -0.00197612633929, 0.013247740455, -0.00615999521688, 0.00351030053571], [-0.000102231017081, 0.0022205398418, -0.00196375884116, 0.0023854682222, -0.000311035575578, -0.000220109606744, 0.000313042663038, -0.00267299171537, 0.00362557568587, -0.000942549086176, -0.00615999521688, 0.0177268609405, -0.00782385934144], [0.000555898877792, -0.0021883288864, 0.00167972582858, -0.00181128631812, 0.00107049627695, -0.000907982466742, 0.00110423145816, 0.000217447566683, -0.00127739482559, 0.0017008947907, 0.00351030053571, -0.00782385934144, 0.0174041129649]]
    },
    "melbands": {
        "dmean": [0.000812035112176, 0.00156785815489, 0.00126365292817, 0.00128479849081, 0.000248015101533, 0.000155844798428, 0.000125704376842, 0.000128577536088, 6.11326977378e-05, 5.86769310758e-05, 5.68269897485e-05, 3.15342076647e-05, 2.97878705169e-05, 1.76483044925e-05, 1.6459465769e-05, 1.99644546228e-05, 2.48643736995e-05, 1.96231012524e-05, 2.57055544353e-05, 2.09445024666e-05, 1.96139935724e-05, 1.53152795974e-05, 1.01240511867e-05, 8.61426360643e-06, 6.54861833027e-06, 7.68594418332e-06, 4.03444437325e-06, 2.13951580008e-06, 1.26168151837e-06, 1.15310922411e-06, 1.04703383386e-06, 9.23930656427e-07, 1.09053701181e-06, 1.25451367694e-06, 1.41426414757e-06, 1.1611566606e-06, 6.8351681648e-07, 6.687226346e-07, 6.73052056754e-07, 4.42537356093e-07],
        "dmean2": [0.00138972629793, 0.00254875002429, 0.0020873665344, 0.00204317434691, 0.00042262126226, 0.000252588157309, 0.000191668717889, 0.000196522378246, 9.50493194978e-05, 8.95702978596e-05, 8.93792821444e-05, 4.87937068101e-05, 4.51726664323e-05, 2.64574555331e-05, 2.4261426006e-05, 3.02020071103e-05, 3.8469228457e-05, 3.10556351906e-05, 3.98294214392e-05, 3.32296149281e-05, 3.18960774166e-05, 2.49382428592e-05, 1.65232340805e-05, 1.41539394463e-05, 1.05825702121e-05, 1.26023587654e-05, 6.55930443827e-06, 3.53773475581e-06, 2.10898929254e-06, 1.94413632926e-06, 1.6672553329e-06, 1.36080063839e-06, 1.56263945428e-06, 1.89476543255e-06, 2.13308817365e-06, 1.6985682123e-06, 1.00212866982e-06, 9.72309408098e-07, 9.88231931842e-07, 6.52281357816e-07],
        "dvar": [4.19488287662e-06, 1.24985044749e-05, 4.21536515205e-06, 1.37059223562e-05, 3.86241879369e-07, 6.68740369747e-08, 6.68076296506e-08, 1.10094703132e-07, 2.60960622001e-08, 1.91344344813e-08, 1.89289490748e-08, 4.3931294158e-09, 5.76047431977e-09, 1.85918180851e-09, 2.12254458454e-09, 2.72010614033e-09, 4.21786872096e-09, 2.18420148634e-09, 3.67524788381e-09, 3.63339802689e-09, 1.05675812545e-09, 6.84977963239e-10, 2.8410959696e-10, 1.85337328817e-10, 1.04934776146e-10, 1.75183298423e-10, 4.35811421673e-11, 1.23396657475e-11, 6.93135696408e-12, 1.20150556171e-11, 7.80850991505e-12, 4.73560904032e-12, 5.72846240929e-12, 7.97029803268e-12, 1.29320495285e-11, 1.09991260891e-11, 3.37875907808e-12, 8.13447399717e-12, 1.01424450435e-11, 4.17263792962e-12],
        "dvar2": [1.14255881272e-05, 3.14992430503e-05, 1.12862744572e-05, 3.32677154802e-05, 1.07005587324e-06, 1.66396247891e-07, 1.5298236633e-07, 2.51451922395e-07, 5.6273783855e-08, 3.85898317745e-08, 4.19023891141e-08, 1.00942623149e-08, 1.20767591483e-08, 4.15778877993e-09, 4.21520995886e-09, 5.58034196629e-09, 8.19104784e-09, 5.11823650129e-09, 8.58931237246e-09, 9.27384746774e-09, 2.57252974478e-09, 1.7223487081e-09, 7.02650992945e-10, 4.8554493759e-10, 2.50872961294e-10, 4.18575701877e-10, 1.09199753406e-10, 3.31357719041e-11, 1.94276348481e-11, 3.47324599637e-11, 2.15546573645e-11, 1.14120015521e-11, 1.32201888325e-11, 1.91039874892e-11, 3.08529451987e-11, 2.62510898436e-11, 7.27934466177e-12, 1.78627963116e-11, 2.30992690253e-11, 9.02533863617e-12],
        "max": [0.0181718096137, 0.0426275096834, 0.0242677796632, 0.0399255529046, 0.00702167116106, 0.00586192123592, 0.0061529558152, 0.0069243083708, 0.00547219626606, 0.00381642975844, 0.00488762930036, 0.00191739888396, 0.00335054472089, 0.00102186284494, 0.00134900084231, 0.00136376789305, 0.00213242834434, 0.00100805703551, 0.00110940332524, 0.00189888873138, 0.000648084795102, 0.000617823039647, 0.00039745750837, 0.000294639845379, 0.000275233818684, 0.000476986519061, 0.000145507539855, 0.000102549907751, 6.16027900833e-05, 8.55158068589e-05, 6.61782105453e-05, 5.67781789869e-05, 8.9338493126e-05, 5.45528200746e-05, 0.000109655695269, 0.000110699293145, 6.23058367637e-05, 0.000118359646876, 0.000107339568785, 6.51532536722e-05],
        "mean": [0.000961775775068, 0.00231814337894, 0.00219744653441, 0.00176749622915, 0.000376423849957, 0.000274321442703, 0.000263839378022, 0.000244893803028, 0.000107957144792, 0.000126116923639, 0.000112279813038, 5.24211318407e-05, 4.96761531394e-05, 2.64480677288e-05, 2.70558157354e-05, 3.33082898578e-05, 3.89104061469e-05, 3.15302859235e-05, 4.20777687395e-05, 3.48970497726e-05, 3.77590367862e-05, 3.12775264319e-05, 1.93513187696e-05, 1.73319822352e-05, 1.44573696161e-05, 1.60196868819e-05, 9.46828640735e-06, 4.69480983156e-06, 2.57650845015e-06, 2.05321430258e-06, 1.87978366739e-06, 1.70222415363e-06, 1.93479104382e-06, 2.26329689212e-06, 2.43745989792e-06, 1.93510572899e-06, 1.14546594432e-06, 1.01681257547e-06, 1.0126284451e-06, 6.75616490753e-07],
        "median": [0.000259715219727, 0.000977713381872, 0.00136907259002, 0.000745578727219, 0.000185414799489, 0.000146326667164, 0.000103091617348, 4.77308640257e-05, 2.18803470489e-05, 2.54432561633e-05, 2.57983865595e-05, 1.64173725352e-05, 1.26897512018e-05, 7.29434486857e-06, 6.62807860863e-06, 7.71717077441e-06, 1.10439614218e-05, 1.09375705506e-05, 1.56001970026e-05, 1.44681762322e-05, 2.11965561903e-05, 1.81346840691e-05, 1.19569012895e-05, 1.0982470485e-05, 9.15181135497e-06, 9.2354384833e-06, 5.62626291867e-06, 2.81984694084e-06, 1.45472768054e-06, 8.58311523189e-07, 6.58200008274e-07, 6.21136507561e-07, 6.29967985333e-07, 6.84122142047e-07, 7.96611629994e-07, 5.82373957059e-07, 3.71007388367e-07, 1.92465606119e-07, 1.32818101406e-07, 9.21488378935e-08],
        "min": [2.18577563841e-23, 1.37169768995e-23, 3.39925528314e-24, 5.55440986557e-24, 7.81127386223e-24, 9.25118719455e-24, 1.10217555196e-23, 9.7339992564e-24, 7.07532737995e-24, 1.0155482116e-23, 1.25293996604e-23, 1.27052012574e-23, 1.32432264829e-23, 7.38312670567e-24, 6.08405304948e-24, 1.08361586367e-23, 2.52442368538e-23, 3.6881590236e-24, 7.75032804641e-24, 8.33916222506e-24, 1.07051714388e-23, 4.57902279931e-24, 7.60501276792e-24, 1.42911729752e-23, 9.40150385118e-24, 9.36415207618e-24, 8.48187189598e-24, 7.35712979454e-24, 1.20240853412e-23, 1.4937928477e-23, 1.62400506861e-23, 9.00417196816e-24, 6.20559284915e-24, 9.95180138575e-24, 1.14071416819e-23, 1.13131875593e-23, 1.57483126631e-23, 1.01334460755e-23, 1.02942956029e-23, 8.46390637773e-24],
        "var": [3.97224584958e-06, 1.49168663484e-05, 6.32177852822e-06, 1.43350225699e-05, 4.08216237702e-07, 1.60072318067e-07, 1.68200315898e-07, 2.88599892428e-07, 6.86024606011e-08, 8.57677378008e-08, 9.31648926894e-08, 1.34044713107e-08, 2.0559333791e-08, 3.30655836045e-09, 5.47567857723e-09, 7.56303109029e-09, 1.20411618454e-08, 4.17190149093e-09, 7.22805593156e-09, 4.93872365226e-09, 2.81447620765e-09, 1.74539371844e-09, 6.40711428357e-10, 4.44957737322e-10, 3.20964727019e-10, 4.87569984386e-10, 1.4629938927e-10, 3.44072895175e-11, 1.22259320723e-11, 1.34217394143e-11, 1.07718001185e-11, 8.77940775634e-12, 1.18637287494e-11, 1.68632538489e-11, 2.33028544377e-11, 1.76059132551e-11, 6.31000330112e-12, 1.33013140433e-11, 1.62197078685e-11, 6.95513915558e-12]
    },
    "mfcc": {
        "mean": [-659.827758789, 115.459396362, -1.81635475159, 34.7965888977, 16.5801639557, -0.319553345442, -9.16900062561, 6.5742354393, -7.10606050491, 2.76458621025, -7.94352865219, -6.95807266235, -3.35318946838],
        "cov": [[7935.48583984, 235.075683594, -352.250762939, 158.479751587, 50.1699562073, -164.234832764, -196.947525024, 86.1361083984, -139.649368286, 66.5620269775, -110.174636841, -141.644668579, -90.4921264648], [235.075683594, 1312.54492188, -274.172607422, 111.546165466, 115.98349762, 17.4936637878, 119.222167969, 134.54309082, 48.7804603577, 58.0333976746, 31.6857357025, 35.9760093689, 25.0973739624], [-352.250762939, -274.172607422, 807.253417969, 53.8155136108, 154.900894165, 149.217193604, 50.5140953064, 54.9437141418, 83.5398178101, -31.6177425385, 32.5901260376, -7.45640230179, 16.2735004425], [158.479751587, 111.546165466, 53.8155136108, 608.845031738, 269.859802246, 48.3289985657, 91.8361587524, 58.4596481323, -24.7044143677, 98.143913269, -34.4815101624, 52.5219573975, 42.9688415527], [50.1699562073, 115.98349762, 154.900894165, 269.859802246, 404.536529541, 83.8438568115, 44.2918739319, 41.8881797791, 9.71677494049, 49.7153968811, -11.3414773941, 12.3424568176, 44.0607376099], [-164.234832764, 17.4936637878, 149.217193604, 48.3289985657, 83.8438568115, 216.618362427, 122.433013916, 52.8097839355, 38.4602546692, 1.04473149776, 20.9927558899, 8.92317771912, -22.3736820221], [-196.947525024, 119.222167969, 50.5140953064, 91.8361587524, 44.2918739319, 122.433013916, 260.295196533, 89.1572952271, 46.2888717651, -6.88759279251, 25.9045562744, 20.4457015991, -14.4183721542], [86.1361083984, 134.54309082, 54.9437141418, 58.4596481323, 41.8881797791, 52.8097839355, 89.1572952271, 168.734008789, 52.2042350769, 30.6070747375, 5.66783189774, 11.0828809738, 1.40302073956], [-139.649368286, 48.7804603577, 83.5398178101, -24.7044143677, 9.71677494049, 38.4602546692, 46.2888717651, 52.2042350769, 171.803878784, 32.6627731323, 42.271686554, -3.82396006584, 11.1646251678], [66.5620269775, 58.0333976746, -31.6177425385, 98.143913269, 49.7153968811, 1.04473149776, -6.88759279251, 30.6070747375, 32.6627731323, 159.249557495, 37.7667350769, 33.0760650635, 14.816904068], [-110.174636841, 31.6857357025, 32.5901260376, -34.4815101624, -11.3414773941, 20.9927558899, 25.9045562744, 5.66783189774, 42.271686554, 37.7667350769, 118.28881073, 39.2261924744, 16.6305065155], [-141.644668579, 35.9760093689, -7.45640230179, 52.5219573975, 12.3424568176, 8.92317771912, 20.4457015991, 11.0828809738, -3.82396006584, 33.0760650635, 39.2261924744, 102.436927795, 47.6396102905], [-90.4921264648, 25.0973739624, 16.2735004425, 42.9688415527, 44.0607376099, -22.3736820221, -14.4183721542, 1.40302073956, 11.1646251678, 14.816904068, 16.6305065155, 47.6396102905, 98.4035263062]],
