{
"lowlevel": {
    "average_loudness": 0.793642997742,
    "barkbands_crest": {
        "dmean": 3.42601704597,
        "dmean2": 5.45494413376,
        "dvar": 12.3682441711,
        "dvar2": 28.2083759308,
        "max": 26.6081409454,
        "mean": 14.7245483398,
        "median": 14.2739591599,
        "min": 2.50701928139,
        "var": 42.3335876465
    },
    "barkbands_flatness_db": {
        "dmean": 0.0616517439485,
        "dmean2": 0.0805481746793,
        "dvar": 0.00390159338713,
        "dvar2": 0.00754914060235,
        "max": 0.777430832386,
        "mean": 0.278582215309,
        "median": 0.257623642683,
        "min": 0.0211563743651,
        "var": 0.0244793146849
    },
    "barkbands_kurtosis": {
        "dmean": 95.559135437,
        "dmean2": 144.576660156,
        "dvar": 58029.4101562,
        "dvar2": 142561.953125,
        "max": 3630.14477539,
        "mean": 126.13457489,
        "median": 24.30210495,
        "min": -1.96635663509,
        "var": 75849.9609375
    },
    "barkbands_skewness": {
        "dmean": 2.95359873772,
        "dmean2": 4.26251506805,
        "dvar": 17.6076908112,
        "dvar2": 39.5749931335,
        "max": 51.6542015076,
        "mean": 5.48256540298,
        "median": 3.66917967796,
        "min": -5.80299186707,
        "var": 39.4882507324
    },
    "barkbands_spread": {
        "dmean": 9.51916503906,
        "dmean2": 14.8520765305,
        "dvar": 253.53302002,
        "dvar2": 556.748657227,
        "max": 136.501678467,
        "mean": 14.649684906,
        "median": 4.65819454193,
        "min": 0.0385093390942,
        "var": 450.607116699
    },
    "dissonance": {
        "dmean": 0.0231219157577,
        "dmean2": 0.0385764688253,
        "dvar": 0.000886653724592,
        "dvar2": 0.00229129008949,
        "max": 0.500000059605,
        "mean": 0.46166357398,
        "median": 0.477502942085,
        "min": 0.113467685878,
        "var": 0.00200144341215
    },
    "dynamic_complexity": 6.4129152298,
    "erbbands_crest": {
        "dmean": 3.28582000732,
        "dmean2": 4.9427523613,
        "dvar": 9.71672058105,
        "dvar2": 19.6897201538,
        "max": 30.5191631317,
        "mean": 10.8705453873,
        "median": 9.46287441254,
        "min": 2.4648771286,
        "var": 31.2949047089
    },
    "erbbands_flatness_db": {
        "dmean": 0.0361700132489,
        "dmean2": 0.0508363507688,
        "dvar": 0.0013986681588,
        "dvar2": 0.00267781922594,
        "max": 0.501946747303,
        "mean": 0.17403562367,
        "median": 0.15655477345,
        "min": 0.0404518395662,
        "var": 0.00580671802163
    },
    "erbbands_kurtosis": {
        "dmean": 7.35004377365,
        "dmean2": 10.8522863388,
        "dvar": 318.942993164,
        "dvar2": 621.637695312,
        "max": 362.052124023,
        "mean": 9.23307323456,
        "median": 1.28385782242,
        "min": -1.96233022213,
        "var": 724.079711914
    },
    "erbbands_skewness": {
        "dmean": 1.04760921001,
        "dmean2": 1.46806156635,
        "dvar": 1.39484298229,
        "dvar2": 2.720662117,
        "max": 16.1890487671,
        "mean": 1.20165216923,
        "median": 0.675973713398,
        "min": -8.75502681732,
        "var": 5.75153064728
    },
    "erbbands_spread": {
        "dmean": 20.754283905,
        "dmean2": 31.4841346741,
        "dvar": 580.601989746,
        "dvar2": 1281.0201416,
        "max": 234.369003296,
        "mean": 48.5432357788,
        "median": 39.6074409485,
        "min": 0.649717271328,
        "var": 1411.50231934
    },
    "hfc": {
        "dmean": 14.2542524338,
        "dmean2": 23.4913158417,
        "dvar": 772.353149414,
        "dvar2": 1987.15026855,
        "max": 253.73487854,
        "mean": 14.0347414017,
        "median": 4.39371299744,
        "min": 1.15395626213e-16,
        "var": 690.284973145
    },
    "melbands_crest": {
        "dmean": 3.88895797729,
        "dmean2": 5.90477895737,
        "dvar": 17.777885437,
        "dvar2": 38.7315483093,
        "max": 39.9571075439,
        "mean": 22.5748004913,
        "median": 21.1514263153,
        "min": 1.78548336029,
        "var": 105.966941833
    },
    "melbands_flatness_db": {
        "dmean": 0.0693428590894,
        "dmean2": 0.0900077223778,
        "dvar": 0.0051261940971,
        "dvar2": 0.00983435939997,
        "max": 0.931648671627,
        "mean": 0.362311571836,
        "median": 0.347674190998,
        "min": 0.0041645928286,
        "var": 0.0367114283144
    },
    "melbands_kurtosis": {
        "dmean": 150.228683472,
        "dmean2": 222.533554077,
        "dvar": 128592.695312,
        "dvar2": 296729.6875,
        "max": 8406.29003906,
        "mean": 243.61567688,
        "median": 49.389793396,
        "min": -1.92963349819,
        "var": 269373.21875
    },
    "melbands_skewness": {
        "dmean": 3.19404125214,
        "dmean2": 4.66387224197,
        "dvar": 20.5392284393,
        "dvar2": 46.0334663391,
        "max": 66.8083496094,
        "mean": 7.77993774414,
        "median": 4.98505926132,
        "min": -4.02506494522,
        "var": 73.5127792358
    },
    "melbands_spread": {
        "dmean": 11.2885036469,
        "dmean2": 18.3266296387,
        "dvar": 657.897949219,
        "dvar2": 1654.93969727,
        "max": 311.957672119,
        "mean": 17.2566261292,
        "median": 3.35544109344,
        "min": 0.0283532943577,
        "var": 1030.40234375
    },
    "pitch_salience": {
        "dmean": 0.105686351657,
        "dmean2": 0.163324952126,
        "dvar": 0.0138141028583,
        "dvar2": 0.0301215853542,
        "max": 0.95914965868,
        "mean": 0.409403800964,
        "median": 0.453310698271,
        "min": 0.00653261225671,
        "var": 0.0686222314835
    },
    "silence_rate_20dB": {
        "dmean": 0.0182435307652,
        "dmean2": 0.0364896394312,
        "dvar": 0.01791203022,
        "dvar2": 0.052419167012,
        "max": 1,
        "mean": 0.990383923054,
        "median": 1,
        "min": 0,
        "var": 0.0095230396837
    },
    "silence_rate_30dB": {
        "dmean": 0.0790552943945,
        "dmean2": 0.158121779561,
        "dvar": 0.0727989450097,
        "dvar2": 0.150088489056,
        "max": 1,
        "mean": 0.718942224979,
        "median": 1,
        "min": 0,
        "var": 0.202074050903
    },
    "silence_rate_60dB": {
        "dmean": 0.0997030138969,
        "dmean2": 0.199349403381,
        "dvar": 0.0897546559572,
        "dvar2": 0.184674039483,
        "max": 1,
        "mean": 0.305663585663,
        "median": 0,
        "min": 0,
        "var": 0.212246775627
    },
    "spectral_centroid": {
        "dmean": 448.202453613,
        "dmean2": 679.567382812,
        "dvar": 418374.96875,
        "dvar2": 884666.3125,
        "max": 10834.6132812,
        "mean": 1134.94934082,
        "median": 692.156433105,
        "min": 51.7037506104,
        "var": 1219131.25
    },
    "spectral_complexity": {
        "dmean": 3.76283407211,
        "dmean2": 5.94880151749,
        "dvar": 48.2310600281,
        "dvar2": 109.026260376,
        "max": 66,
        "mean": 6.66944789886,
        "median": 3,
        "min": 0,
        "var": 81.2599334717
    },
    "spectral_decrease": {
        "dmean": 9.00939678417e-09,
        "dmean2": 1.265387084e-08,
        "dvar": 2.49154979663e-16,
        "dvar2": 5.20133816151e-16,
        "max": 5.05239010351e-11,
        "mean": -1.84071105025e-08,
        "median": -3.28724070187e-09,
        "min": -1.36214168833e-07,
        "var": 6.92922184644e-16
    },
    "spectral_energy": {
        "dmean": 0.0348944179714,
        "dmean2": 0.0491120032966,
        "dvar": 0.00364102120511,
        "dvar2": 0.00760670239106,
        "max": 0.52414304018,
        "mean": 0.0707455798984,
        "median": 0.0135708339512,
        "min": 1.08646086023e-20,
        "var": 0.0100745754316
    },
    "spectral_energyband_high": {
        "dmean": 0.00103988009505,
        "dmean2": 0.00178468832746,
        "dvar": 5.58509327675e-06,
        "dvar2": 1.45210387927e-05,
        "max": 0.0269700679928,
        "mean": 0.000769402366132,
        "median": 2.74067988357e-05,
        "min": 7.59299295742e-21,
        "var": 4.37100970885e-06
    },
    "spectral_energyband_low": {
        "dmean": 0.0291985012591,
        "dmean2": 0.0401916578412,
        "dvar": 0.00332840438932,
        "dvar2": 0.00698448671028,
        "max": 0.446541488171,
        "mean": 0.058103106916,
        "median": 0.00390955945477,
        "min": 1.00870564789e-22,
        "var": 0.00847252830863
    },
    "spectral_energyband_middle_high": {
        "dmean": 0.00199460075237,
        "dmean2": 0.00344114610925,
        "dvar": 4.19611678808e-05,
        "dvar2": 0.000110527260404,
        "max": 0.0927289500833,
        "mean": 0.00177923683077,
        "median": 0.00011854810873,
        "min": 1.76487990586e-21,
        "var": 3.46150736732e-05
    },
    "spectral_energyband_middle_low": {
        "dmean": 0.00672185001895,
        "dmean2": 0.0122171128169,
        "dvar": 0.000347908207914,
        "dvar2": 0.000970200402662,
        "max": 0.183333471417,
        "mean": 0.00648538256064,
        "median": 0.000670582579914,
        "min": 3.30615265693e-22,
        "var": 0.000279805302853
    },
    "spectral_entropy": {
        "dmean": 0.42014554143,
        "dmean2": 0.594931662083,
        "dvar": 0.221803382039,
        "dvar2": 0.45404869318,
        "max": 9.80208587646,
        "mean": 7.22270202637,
        "median": 7.44526052475,
        "min": 3.54401469231,
        "var": 0.986349642277
    },
    "spectral_flux": {
        "dmean": 0.0593728683889,
        "dmean2": 0.0896403193474,
        "dvar": 0.007941711694,
        "dvar2": 0.0146262384951,
        "max": 0.623718500137,
        "mean": 0.108375191689,
        "median": 0.0649763718247,
        "min": 1.04233434384e-10,
        "var": 0.0155794527382
    },
    "spectral_kurtosis": {
        "dmean": 3.87481212616,
        "dmean2": 5.90543413162,
        "dvar": 62.0909118652,
        "dvar2": 133.483810425,
        "max": 221.459823608,
        "mean": 7.69546604156,
        "median": 3.89884662628,
        "min": -1.26611971855,
        "var": 188.7159729
    },
    "spectral_rms": {
        "dmean": 0.00185474741738,
        "dmean2": 0.00251834071241,
        "dvar": 6.60666319163e-06,
        "dvar2": 1.24714833873e-05,
        "max": 0.0226132497191,
        "mean": 0.00606599124148,
        "median": 0.0036386589054,
        "min": 3.25570538411e-12,
        "var": 3.22235973726e-05
    },
    "spectral_rolloff": {
        "dmean": 982.496704102,
        "dmean2": 1671.50817871,
        "dvar": 5921441,
        "dvar2": 13555498,
        "max": 19143.0175781,
        "mean": 1487.50891113,
        "median": 193.798828125,
        "min": 21.533203125,
        "var": 9636696
    },
    "spectral_skewness": {
        "dmean": 0.500504255295,
        "dmean2": 0.734005451202,
        "dvar": 0.420521885157,
        "dvar2": 0.878495573997,
        "max": 12.9092054367,
        "mean": 1.90149915218,
        "median": 1.58705544472,
        "min": -0.356476575136,
        "var": 1.70470654964
    },
    "spectral_spread": {
        "dmean": 1497281.125,
        "dmean2": 2100404.5,
        "dvar": 3.2273727488e+12,
        "dvar2": 6.27891031245e+12,
        "max": 42811176,
        "mean": 5551126.5,
        "median": 4982822.5,
        "min": 388765.3125,
        "var": 7.45838529741e+12
    },
    "spectral_strongpeak": {
        "dmean": 0.25483494997,
        "dmean2": 0.393486350775,
        "dvar": 0.201308339834,
        "dvar2": 0.50751966238,
        "max": 10.2499608994,
        "mean": 0.430631399155,
        "median": 0.238743051887,
        "min": 0,
        "var": 0.31942281127
    },
    "zerocrossingrate": {
        "dmean": 0.0197454895824,
        "dmean2": 0.0237582102418,
        "dvar": 0.000892047537491,
        "dvar2": 0.00117604248226,
        "max": 0.5078125,
        "mean": 0.0515064038336,
        "median": 0.02197265625,
        "min": 0.00048828125,
        "var": 0.00510033685714
    },
    "barkbands": {
        "dmean": [0.00748700555414, 0.023480636999, 0.00642746919766, 0.00379826733842, 0.00199170270935, 0.000693510693964, 0.000361351296306, 0.000195158136194, 0.000310636416543, 0.000192614534171, 0.000207456105272, 0.000281235261355, 0.000420231168391, 0.000271901895758, 0.000213356732274, 0.000136557093356, 0.000142659424455, 0.000132533445139, 0.000149149229401, 0.000162096970598, 0.000171949635842, 0.000200380149181, 0.000171661900822, 0.000105153478216, 0.00012101730681, 0.00016534277529, 3.75261006411e-05],
        "dmean2": [0.0122190667316, 0.0311723090708, 0.0119320964441, 0.00717620365322, 0.00341885979287, 0.00119498569984, 0.000617276702542, 0.000341404753271, 0.000553552526981, 0.000353013543645, 0.00034739554394, 0.000498955254443, 0.000727829115931, 0.000489098543767, 0.000371945061488, 0.00023700708698, 0.000256124127191, 0.000234713224927, 0.000246297917329, 0.000290693424176, 0.000301152904285, 0.000343197258189, 0.000295862555504, 0.000175540510099, 0.000212509054109, 0.000293473480269, 6.67325730319e-05],
        "dvar": [0.000386391184293, 0.00237327557988, 0.000534659891855, 0.000172884610947, 2.79221676465e-05, 7.40062705518e-06, 1.83123756869e-06, 7.45543957237e-07, 1.44329874274e-06, 5.78176013732e-07, 8.56327062593e-07, 9.84574626273e-07, 3.35929530593e-06, 1.10009375476e-06, 6.4327389282e-07, 2.23489621476e-07, 2.99478614352e-07, 2.09231359349e-07, 2.65778425046e-07, 8.25881897981e-07, 2.96644515174e-07, 2.29814560271e-07, 1.37745772122e-07, 8.01972674935e-08, 8.35523294995e-08, 1.41901736583e-07, 1.14453166944e-08],
        "dvar2": [0.000960944744293, 0.00480267032981, 0.00151329045184, 0.000500229361933, 7.06008504494e-05, 1.88570320461e-05, 4.8597253226e-06, 2.03323270398e-06, 3.69087297258e-06, 1.56578403221e-06, 1.77247432021e-06, 2.6821562642e-06, 8.73699718795e-06, 3.06885749524e-06, 1.62976527918e-06, 5.92495837282e-07, 8.34935917737e-07, 5.59761247132e-07, 6.44487215595e-07, 2.3662150852e-06, 8.0599818375e-07, 5.85113468787e-07, 3.56422930281e-07, 1.9040577115e-07, 2.26447653517e-07, 3.78518507205e-07, 3.11793684205e-08],
        "max": [0.33250617981, 0.366313040257, 0.177250772715, 0.148373454809, 0.0961191430688, 0.0615309290588, 0.0235328376293, 0.0262715201825, 0.0338237099349, 0.0144100897014, 0.0267081819475, 0.0203254092485, 0.0534044094384, 0.0114693976939, 0.0158420745283, 0.00848018191755, 0.00548067037016, 0.00480561517179, 0.0089874798432, 0.0164871569723, 0.00831088330597, 0.00520112738013, 0.00305481743999, 0.0127148795873, 0.00282403244637, 0.00325879803859, 0.00111985648982],
        "mean": [0.0151809807867, 0.0423963740468, 0.00415946496651, 0.00272043631412, 0.00205666013062, 0.000774456420913, 0.000410600128816, 0.000188199090189, 0.000281585584162, 0.000144828925841, 0.000196974520804, 0.000237260130234, 0.00035208335612, 0.000198213630938, 0.000172278800164, 0.000110749548185, 0.000105105245893, 0.000101907047792, 0.000136545626447, 0.000120846125355, 0.000127614781377, 0.000148068444105, 0.000121969511383, 8.63743916852e-05, 8.31940487842e-05, 0.000108171567263, 2.45761693805e-05],
        "median": [0.000535078928806, 0.000685769016854, 6.71460002195e-05, 0.000109064130811, 0.000170325307408, 5.85128800594e-05, 2.39321489062e-05, 9.23040261114e-06, 1.10052778837e-05, 5.35841309102e-06, 7.00106102158e-06, 5.54545431442e-06, 5.91870411881e-06, 4.62219668407e-06, 5.19929153597e-06, 4.67416020911e-06, 4.49848357675e-06, 5.46069759366e-06, 6.87830288371e-06, 4.66153460366e-06, 3.56834425475e-06, 4.37129210695e-06, 2.73557157016e-06, 2.7077512641e-06, 1.04132789147e-06, 6.47728541026e-07, 1.68496839592e-07],
        "min": [6.29898806387e-23, 5.67858682724e-23, 3.15453051439e-24, 5.03578627963e-24, 1.47237401194e-23, 8.75093688908e-23, 4.08767431583e-23, 5.89479088217e-23, 1.05627781011e-22, 6.27470629412e-23, 9.15731448233e-23, 1.67923659691e-22, 1.01333727114e-22, 1.62817697529e-22, 7.31522834315e-23, 9.92979547971e-23, 2.80744817173e-22, 3.20292522188e-22, 2.74298876944e-22, 3.22704896701e-22, 6.30898084895e-22, 6.00424173556e-22, 6.32980677685e-22, 8.78490145313e-22, 1.08876830236e-21, 1.45377073436e-21, 2.38718528864e-21],
        "var": [0.000992307788692, 0.00526780029759, 0.000312611169647, 0.000104602295323, 3.36297307513e-05, 8.27347867016e-06, 2.13979501495e-06, 6.91898321747e-07, 1.4472800558e-06, 4.26165541967e-07, 1.00644626855e-06, 8.15897465145e-07, 2.822587021e-06, 7.18920716736e-07, 5.53198219677e-07, 1.74447222889e-07, 1.99992825856e-07, 1.55735662588e-07, 2.65162043434e-07, 4.98239785429e-07, 2.11059159483e-07, 1.85981178902e-07, 1.06342966433e-07, 8.55892139384e-08, 5.77637990773e-08, 9.72330269633e-08, 7.46867367951e-09]
    },
    "erbbands": {
        "dmean": [1.02860760689, 4.88225793839, 7.36104011536, 11.4769973755, 8.7246723175, 7.09240055084, 4.72060060501, 5.76068592072, 4.65818023682, 5.1114563942, 5.00781488419, 6.71283245087, 6.88530492783, 7.49359178543, 7.49317646027, 12.5130910873, 19.1259860992, 14.327750206, 12.0795564651, 8.90970516205, 7.98462152481, 8.46602535248, 7.63588142395, 6.08123064041, 8.39731407166, 7.83547115326, 7.51016712189, 6.73815536499, 6.75199365616, 6.97875165939, 4.56673669815, 2.26040029526, 1.64467847347, 1.24248898029, 0.953410148621, 0.694979727268, 0.308523207903, 0.0636606663465, 0.00621666060761, 0.000279214960756],
        "dmean2": [1.35926246643, 6.96697568893, 12.9917240143, 21.5247459412, 15.953125, 11.990860939, 8.03988742828, 10.1276702881, 7.94823884964, 9.06571292877, 8.76071834564, 11.8670148849, 12.5815725327, 12.7742891312, 13.2324457169, 22.1203861237, 33.3111190796, 25.2146682739, 21.1840686798, 15.5133962631, 14.1077508926, 15.2184648514, 13.5957813263, 10.2279634476, 14.4101238251, 14.053976059, 13.3535804749, 11.7462854385, 11.6013784409, 11.8933458328, 7.90397071838, 3.79232215881, 2.7839486599, 2.16788244247, 1.67912042141, 1.23913538456, 0.547989070415, 0.113162443042, 0.0110091790557, 0.000471630162792],
        "dvar": [3.746778965, 146.253143311, 616.766662598, 1635.16357422, 648.235778809, 451.770904541, 304.314819336, 544.796691895, 325.546142578, 426.299346924, 413.43447876, 749.671203613, 706.767211914, 1258.60339355, 739.256103516, 1989.19677734, 5879.35546875, 3037.16162109, 1978.14819336, 1049.54125977, 821.588867188, 1092.93908691, 708.639648438, 429.851074219, 1201.48864746, 1856.88208008, 871.302124023, 336.238616943, 280.477416992, 269.343963623, 96.7435150146, 34.0361862183, 19.338312149, 7.40290117264, 5.76240110397, 2.53492236137, 0.493807017803, 0.0291158631444, 0.000295158330118, 4.51158513215e-07],
        "dvar2": [7.88946294785, 342.909301758, 1693.94287109, 4692.19384766, 1840.69384766, 1122.60571289, 759.866394043, 1402.69274902, 874.220703125, 1208.12768555, 1106.73168945, 1777.03991699, 1921.22314453, 2650.92041016, 1905.90893555, 5433.14892578, 15116.7236328, 8141.47216797, 5252.75830078, 2709.48681641, 2237.6784668, 3065.20654297, 1951.3112793, 1016.64459229, 3202.89111328, 5300.19287109, 2443.38476562, 894.036865234, 718.967773438, 673.076538086, 253.33946228, 85.294883728, 44.3030929565, 19.5654449463, 15.7874641418, 6.82122421265, 1.31368350983, 0.0788072422147, 0.000800427980721, 1.19590129088e-06],
        "max": [16.6771965027, 87.3857955933, 193.655609131, 385.441497803, 268.692077637, 542.159912109, 429.664459229, 503.577301025, 357.729492188, 532.032897949, 615.999084473, 914.344421387, 645.350341797, 1048.734375, 534.569335938, 974.079589844, 1773.29553223, 1225.94580078, 658.034790039, 519.505981445, 337.728271484, 342.661834717, 271.362182617, 293.850738525, 598.653991699, 784.305847168, 492.352722168, 244.103759766, 213.609741211, 166.371994019, 84.6684417725, 250.968597412, 165.549682617, 22.2306060791, 25.203912735, 13.7626457214, 5.84538555145, 1.63211858273, 0.177331790328, 0.00711858645082],
        "mean": [2.00328326225, 6.44794893265, 5.73408079147, 8.10217857361, 7.54438114166, 7.36210107803, 5.27877569199, 5.99532079697, 5.23380899429, 5.43367767334, 4.78487110138, 6.22391414642, 5.59791231155, 6.99661445618, 6.63258934021, 10.4099931717, 16.0998477936, 11.3610010147, 9.35659790039, 7.48095798492, 6.25442457199, 6.21889162064, 5.71692800522, 5.57115030289, 7.19168615341, 5.80844497681, 5.38177633286, 5.05948877335, 5.00919961929, 5.14799499512, 3.21846246719, 1.77947998047, 1.3575438261, 0.877539932728, 0.650843858719, 0.452103823423, 0.201266899705, 0.0417432785034, 0.00413041887805, 0.000245658331551],
        "median": [0.0276597775519, 0.128149181604, 0.21188428998, 0.349048852921, 0.545335769653, 0.558243513107, 0.466782838106, 0.440406829119, 0.342230945826, 0.31015971303, 0.234876513481, 0.246418699622, 0.21627625823, 0.261181741953, 0.247954115272, 0.228532418609, 0.282179147005, 0.283371448517, 0.248402774334, 0.284749984741, 0.282551914454, 0.268635600805, 0.282738208771, 0.35645839572, 0.330974519253, 0.221836194396, 0.153508901596, 0.147437408566, 0.15654425323, 0.126992970705, 0.0710749849677, 0.0563862472773, 0.0400865487754, 0.0131249781698, 0.00758901331574, 0.00321201165207, 0.00109046150465, 0.00017844796821, 6.72686364851e-05, 4.17384035245e-05],
        "min": [3.00398434657e-21, 7.86368619729e-21, 5.84804495392e-21, 1.51571993833e-20, 1.81383082277e-20, 3.63807248904e-20, 1.97152527792e-19, 1.01792360212e-18, 8.93603732729e-19, 6.55913797302e-19, 1.04262869528e-18, 2.27259642852e-18, 2.67102596173e-18, 2.62701953955e-18, 5.64487199237e-18, 5.01276207496e-18, 5.20248918334e-18, 6.90442073829e-18, 5.46595820255e-18, 5.86024045897e-18, 6.63978663518e-18, 1.77988406326e-17, 1.57543975743e-17, 1.45695341387e-17, 1.36121048397e-17, 1.63050632886e-17, 2.27102685331e-17, 2.4124497572e-17, 1.87336341342e-17, 2.18573808014e-17, 1.90883192547e-17, 1.5774941432e-17, 1.51163518088e-17, 9.0985805924e-18, 1.00880573499e-17, 5.745050182e-18, 2.69589101095e-18, 1.25410444992e-18, 3.27214193859e-19, 3.45541259209e-20],
        "var": [10.8741521835, 193.019607544, 409.328948975, 966.976074219, 486.93572998, 529.948364258, 343.35043335, 573.824829102, 333.376220703, 432.534332275, 392.869293213, 835.575073242, 572.064941406, 1410.96972656, 672.886535645, 1595.40112305, 5154.01123047, 2294.95263672, 1485.33325195, 875.481140137, 589.51776123, 717.019165039, 490.851409912, 429.187011719, 948.062866211, 1133.18847656, 554.010559082, 259.986480713, 223.729690552, 224.172119141, 72.7925567627, 30.6256828308, 22.8054103851, 5.52108812332, 3.86108493805, 1.70858407021, 0.339129030704, 0.019220136106, 0.000195263710339, 3.39272105521e-07]
    },
    "gfcc": {
        "mean": [-148.061782837, 74.9453964233, -62.9904327393, 45.2149772644, -40.3270187378, 13.4280996323, -25.9081478119, 2.09612822533, -18.1990852356, 0.194245532155, -10.1042881012, 0.923716902733, -9.44023323059],
        "cov": [[25854.2246094, -1601.58642578, -2297.78686523, -448.99041748, -388.098846436, 836.838867188, 5.53808450699, 296.384735107, -324.899353027, 350.457672119, -160.167358398, 317.041473389, -324.960479736], [-1601.58642578, 3785.94873047, 375.7578125, -76.3034667969, 124.36643219, -233.446670532, 348.566314697, -60.766330719, 379.922302246, -187.373687744, 305.425872803, -272.546356201, 269.919219971], [-2297.78686523, 375.7578125, 3689.47216797, 761.69934082, 385.214813232, 260.914764404, 297.341369629, 262.527130127, 301.716552734, 159.715881348, 39.9700393677, 132.561813354, 27.0029354095], [-448.99041748, -76.3034667969, 761.69934082, 1170.14208984, 482.084716797, 137.480407715, 207.873184204, 134.053085327, 168.588241577, 59.3491134644, 127.07183075, -13.5908250809, 79.1465835571], [-388.098846436, 124.36643219, 385.214813232, 482.084716797, 1200.56396484, 604.045166016, 414.346069336, 283.750915527, 284.56072998, 156.574508667, 250.349060059, 28.7718658447, 139.181015015], [836.838867188, -233.446670532, 260.914764404, 137.480407715, 604.045166016, 715.086242676, 350.55291748, 214.012832642, 173.152984619, 166.304107666, 140.054550171, 84.578338623, 66.3400497437], [5.53808450699, 348.566314697, 297.341369629, 207.873184204, 414.346069336, 350.55291748, 501.197174072, 236.081253052, 247.355056763, 104.317718506, 201.379226685, 17.1851520538, 126.775131226], [296.384735107, -60.766330719, 262.527130127, 134.053085327, 283.750915527, 214.012832642, 236.081253052, 357.897674561, 182.8177948, 111.311981201, 139.052536011, 37.0055084229, 65.231262207], [-324.899353027, 379.922302246, 301.716552734, 168.588241577, 284.56072998, 173.152984619, 247.355056763, 182.8177948, 304.911010742, 109.424057007, 180.933059692, 18.28332901, 117.464538574], [350.457672119, -187.373687744, 159.715881348, 59.3491134644, 156.574508667, 166.304107666, 104.317718506, 111.311981201, 109.424057007, 178.723922729, 95.80834198, 65.194229126, 31.5905189514], [-160.167358398, 305.425872803, 39.9700393677, 127.07183075, 250.349060059, 140.054550171, 201.379226685, 139.052536011, 180.933059692, 95.80834198, 249.300689697, 15.8378200531, 120.059913635], [317.041473389, -272.546356201, 132.561813354, -13.5908250809, 28.7718658447, 84.578338623, 17.1851520538, 37.0055084229, 18.28332901, 65.194229126, 15.8378200531, 118.099090576, 12.5777921677], [-324.960479736, 269.919219971, 27.0029354095, 79.1465835571, 139.181015015, 66.3400497437, 126.775131226, 65.231262207, 117.464538574, 31.5905189514, 120.059913635, 12.5777921677, 121.971351624]],
        "icov": [[5.53740719624e-05, -4.70511513413e-05, 6.27901317785e-05, -5.74624391447e-05, 7.64679134591e-05, -0.000125854363432, 9.95423033601e-06, -0.000116899609566, 8.95346456673e-05, -0.000126040293253, 5.14650164405e-05, -0.000202801864361, 0.000225078605581], [-4.70511513413e-05, 0.000683046702761, -0.000220302987145, 0.000375760573661, -0.000126093975268, 0.000387758685974, -0.000337560777552, 0.000663108774461, -0.000807295320556, 0.000895250879694, -0.000638039200567, 0.00139685010072, -0.000873179757036], [6.27901317785e-05, -0.000220302987145, 0.000489240919705, -0.000376460026018, 0.000119630611152, -0.000180636881851, -2.59083681158e-05, -0.000341399776516, -0.000157204209245, -0.00035366701195, 0.000570129021071, -0.000994865898974, 0.000746425706893], [-5.74624391447e-05, 0.000375760573661, -0.000376460026018, 0.00144456699491, -0.000631387927569, 0.000618380610831, -0.000316083518555, 0.000445397570729, -0.000376342679374, 0.00043859280413, -0.000483816722408, 0.0011897913646, -0.000761817849707], [7.64679134591e-05, -0.000126093975268, 0.000119630611152, -0.000631387927569, 0.00210290704854, -0.00167060631793, 0.000186208591913, -0.000499030575156, -0.00014096366067, -1.17284344014e-05, -0.000448969454737, 0.000197742585442, 8.69064479048e-06], [-0.000125854363432, 0.000387758685974, -0.000180636881851, 0.000618380610831, -0.00167060631793, 0.00406984146684, -0.00203235866502, 0.000513085222337, -3.4543525544e-05, -0.000804394832812, 0.000266662187641, -0.000452625885373, 1.85952876564e-06], [9.95423033601e-06, -0.000337560777552, -2.59083681158e-05, -0.000316083518555, 0.000186208591913, -0.00203235866502, 0.00544590782374, -0.00152682326734, -0.00110999506433, 0.000396829651436, -0.000756052439101, 0.000476249348139, -0.00130525033455], [-0.000116899609566, 0.000663108774461, -0.000341399776516, 0.000445397570729, -0.000499030575156, 0.000513085222337, -0.00152682326734, 0.00567908585072, -0.00220972159877, 0.00011894506315, -0.0013837806182, 0.000914731586818, 0.000212820305023], [8.95346456673e-05, -0.000807295320556, -0.000157204209245, -0.000376342679374, -0.00014096366067, -3.4543525544e-05, -0.00110999506433, -0.00220972159877, 0.0102257644758, -0.00376130244695, -0.000890119175892, -0.000107307183498, -0.00316731072962], [-0.000126040293253, 0.000895250879694, -0.00035366701195, 0.00043859280413, -1.17284344014e-05, -0.000804394832812, 0.000396829651436, 0.00011894506315, -0.00376130244695, 0.0126127107069, -0.00435688579455, -0.00271324138157, 0.00237558898516], [5.14650164405e-05, -0.000638039200567, 0.000570129021071, -0.000483816722408, -0.000448969454737, 0.000266662187641, -0.000756052439101, -0.0013837806182, -0.000890119175892, -0.00435688579455, 0.011948145926, -0.000251886347542, -0.00611929781735], [-0.000202801864361, 0.00139685010072, -0.000994865898974, 0.0011897913646, 0.000197742585442, -0.000452625885373, 0.000476249348139, 0.000914731586818, -0.000107307183498, -0.00271324138157, -0.000251886347542, 0.0155642144382, -0.00569796003401], [0.000225078605581, -0.000873179757036, 0.000746425706893, -0.000761817849707, 8.69064479048e-06, 1.85952876564e-06, -0.00130525033455, 0.000212820305023, -0.00316731072962, 0.00237558898516, -0.00611929781735, -0.00569796003401, 0.021337615326]]
    },
    "melbands": {
        "dmean": [0.00738935451955, 0.00458246329799, 0.00190449901856, 0.00054851610912, 0.000179401453352, 0.000128643354401, 7.28601808078e-05, 5.21152978763e-05, 4.19777315983e-05, 4.44172110292e-05, 3.41623963322e-05, 2.93141147267e-05, 2.46287563641e-05, 2.52844929491e-05, 4.57273417851e-05, 3.89110355172e-05, 2.64890113613e-05, 1.99006535695e-05, 1.68867572938e-05, 9.11672668735e-06, 9.1791334853e-06, 8.52046923683e-06, 8.14466511656e-06, 5.78236085857e-06, 4.66660640086e-06, 6.86318480803e-06, 5.0380290304e-06, 5.48997059013e-06, 4.81910092276e-06, 3.81379504688e-06, 4.00463977712e-06, 3.79254151994e-06, 3.94580456486e-06, 3.9900774027e-06, 3.3368255572e-06, 1.08021924916e-06, 1.5026211031e-06, 1.2127594573e-06, 9.2695705689e-07, 1.09303857698e-06],
        "dmean2": [0.0100375171751, 0.00722037348896, 0.00356510886922, 0.00095917127328, 0.000305141118588, 0.000224895367865, 0.000123785270262, 9.24290798139e-05, 7.35856228857e-05, 7.86538003013e-05, 6.27871777397e-05, 5.0425180234e-05, 4.24157406087e-05, 4.53852735518e-05, 8.05780437076e-05, 6.63014579914e-05, 4.74119042337e-05, 3.51416601916e-05, 2.9632148653e-05, 1.56703299581e-05, 1.63762997545e-05, 1.53571472765e-05, 1.46089132613e-05, 1.02117346614e-05, 7.84722124081e-06, 1.14579816e-05, 8.88064550963e-06, 9.95021946437e-06, 8.63203695189e-06, 6.631233191e-06, 6.99306110619e-06, 6.55306394037e-06, 6.73090698911e-06, 6.84453516442e-06, 5.80047708354e-06, 1.8422803123e-06, 2.52044810622e-06, 2.03708123081e-06, 1.60006231908e-06, 1.91678077499e-06],
        "dvar": [0.000203529416467, 0.000171951760422, 4.22490847996e-05, 2.14230908568e-06, 3.80419351131e-07, 2.65052676696e-07, 7.56629390253e-08, 4.52533654993e-08, 2.56700189993e-08, 3.34656071743e-08, 1.75416037251e-08, 1.87097395354e-08, 8.65980709364e-09, 7.34151139881e-09, 2.91990769341e-08, 3.40385994946e-08, 1.01922656981e-08, 5.40847100439e-09, 4.33387681298e-09, 9.152977265e-10, 1.15302511983e-09, 1.13043863159e-09, 8.58796755931e-10, 3.87682441705e-10, 2.79947454107e-10, 5.65768210059e-10, 8.0993883822e-10, 9.34135657715e-10, 3.99142080498e-10, 1.49524864712e-10, 1.0895356839e-10, 9.62159726892e-11, 8.90700707634e-11, 8.62836815885e-11, 5.38383747306e-11, 5.92687184053e-12, 2.18088967024e-11, 1.42994071445e-11, 4.30622074457e-12, 5.68549938032e-12],
        "dvar2": [0.000380773533834, 0.000441489974037, 0.000120953627629, 5.59311411052e-06, 9.22991034713e-07, 6.81724088736e-07, 2.01057858362e-07, 1.27361445834e-07, 6.82669778485e-08, 8.00425254965e-08, 4.82726285611e-08, 4.02815203415e-08, 1.9871594148e-08, 1.99024050573e-08, 7.83528477655e-08, 8.66518092835e-08, 2.81061609542e-08, 1.46197969286e-08, 1.0859873889e-08, 2.35560082551e-09, 3.18742854333e-09, 3.1760476471e-09, 2.38351072213e-09, 1.03335573431e-09, 6.62280452701e-10, 1.41214551164e-09, 2.28669172486e-09, 2.67946420607e-09, 1.12261133722e-09, 4.07362560351e-10, 2.89165857925e-10, 2.49472942304e-10, 2.24429766438e-10, 2.16865830849e-10, 1.42356945676e-10, 1.52096963496e-11, 5.56935712825e-11, 3.14370161847e-11, 1.12174531816e-11, 1.50637367163e-11],
        "max": [0.115342602134, 0.0954082757235, 0.0613358058035, 0.0232822094113, 0.0151968030259, 0.011220513843, 0.00504436157644, 0.00569133833051, 0.00420839851722, 0.00621437607333, 0.00309396558441, 0.00382903846912, 0.00211134925485, 0.00174950307701, 0.00332702836022, 0.00613813148811, 0.00160296098329, 0.000911269686185, 0.00133651623037, 0.00069658405846, 0.000323873653542, 0.000347993132891, 0.000299691600958, 0.00021212536376, 0.000239477420109, 0.000411337125115, 0.000508487632032, 0.000560137850698, 0.000337131030392, 0.000189157624845, 0.000124276062706, 0.00013763269817, 9.06744608073e-05, 9.11118913791e-05, 6.29496935289e-05, 2.43592785409e-05, 0.000247867428698, 0.000173727807123, 2.53493781202e-05, 1.91995441128e-05],
        "mean": [0.015152442269, 0.00483671901748, 0.00136539165396, 0.000555045087822, 0.000197831657715, 0.000137903160066, 8.25382594485e-05, 5.48748212168e-05, 3.913715409e-05, 4.06274666602e-05, 2.70228374575e-05, 2.67848627118e-05, 2.28260396398e-05, 2.15622039832e-05, 3.63370418199e-05, 3.34904725605e-05, 1.98342822841e-05, 1.49585439431e-05, 1.35886821226e-05, 7.73204828874e-06, 6.97486984791e-06, 6.2198505475e-06, 5.89068758927e-06, 4.51098185295e-06, 4.30553291153e-06, 6.08435084359e-06, 4.05277705795e-06, 3.89683009416e-06, 3.42420571542e-06, 2.8111667234e-06, 2.99299040307e-06, 2.77993626696e-06, 2.94002074952e-06, 2.90363300337e-06, 2.31719991461e-06, 7.99218071279e-07, 1.19579738111e-06, 1.03443267108e-06, 6.89231626438e-07, 7.57915472605e-07],
        "median": [0.000299422652461, 0.000194851512788, 6.53200550005e-05, 4.35694892076e-05, 1.81176055776e-05, 1.0394023775e-05, 5.26609710505e-06, 3.07366758534e-06, 1.73306818851e-06, 1.52942584464e-06, 9.99796839096e-07, 9.64203081821e-07, 8.73478768426e-07, 6.10289419001e-07, 5.35427659543e-07, 6.10333415807e-07, 4.68982591428e-07, 3.609815451e-07, 4.05361817002e-07, 3.19434633411e-07, 2.99172768337e-07, 2.63177668103e-07, 2.3153305051e-07, 2.59286679238e-07, 2.66600892473e-07, 2.58653045648e-07, 1.91168140873e-07, 1.31407432491e-07, 9.05090686842e-08, 8.09464424378e-08, 8.23829822139e-08, 8.53055368566e-08, 8.20863377271e-08, 6.74558862102e-08, 4.51030537363e-08, 2.29319194744e-08, 3.80833569125e-08, 3.19746042976e-08, 1.45133229879e-08, 8.85512463356e-09],
        "min": [2.46459726319e-23, 5.56310232388e-24, 2.19541429594e-24, 1.87899212888e-24, 6.14498506023e-24, 2.09482660247e-23, 1.21470379908e-23, 9.31001807428e-24, 7.36680280696e-24, 1.6522991427e-23, 1.34467178866e-23, 1.02548809567e-23, 1.6468631022e-23, 1.98515142859e-23, 9.91048874015e-24, 1.12089624676e-23, 1.36239733542e-23, 1.02270814984e-23, 5.42075631784e-24, 9.02625060718e-24, 7.65547541117e-24, 2.00444854406e-23, 1.5373695241e-23, 1.26996579318e-23, 1.15709549598e-23, 9.55658996084e-24, 1.00286096166e-23, 1.07662205954e-23, 1.27965174292e-23, 1.34699987496e-23, 1.57582885981e-23, 1.07602654845e-23, 1.14208852166e-23, 1.20185104612e-23, 1.15981225405e-23, 9.51672566386e-24, 9.2156868761e-24, 1.15877931958e-23, 7.85166432944e-24, 7.31234852753e-24],
        "var": [0.000597282138187, 0.000159609466209, 2.53191010415e-05, 2.38827442445e-06, 4.47172681106e-07, 2.83069510942e-07, 8.17839307388e-08, 4.56745468114e-08, 2.43998510285e-08, 3.67239003651e-08, 1.36257432004e-08, 2.03365040363e-08, 9.41304278967e-09, 6.40990105438e-09, 2.27999503721e-08, 2.95208160139e-08, 7.02877978043e-09, 3.83468101717e-09, 3.77236064608e-09, 7.98217603126e-10, 7.86264497954e-10, 7.40882133421e-10, 5.73822045435e-10, 2.95190427657e-10, 2.79062301045e-10, 5.33991129092e-10, 5.20661236347e-10, 5.58896040559e-10, 2.5035104545e-10, 1.05502634407e-10, 8.54057727318e-11, 7.42612846216e-11, 7.35287455922e-11, 7.03169189542e-11, 3.91788997078e-11, 4.81086784992e-12, 1.89037396847e-11, 1.80311703069e-11, 3.52024052269e-12, 4.15974589843e-12]
    },
    "mfcc": {
        "mean": [-798.941955566, 108.963180542, 34.963432312, 39.5698547363, 15.5334177017, 17.263885498, 7.30641794205, 8.39319229126, -1.09511554241, 3.5284807682, 2.53938984871, -0.850271821022, 1.4580848217],
        "cov": [[19769.9570312, -902.751159668, -2329.41870117, -1046.04211426, -842.927124023, 71.3771591187, -105.458976746, -42.4460945129, -150.332321167, -52.7572021484, 86.3448791504, -77.3746032715, -7.18461847305], [-902.751159668, 3005.4465332, 349.923950195, -18.4096546173, -23.1061077118, -115.51033783, 43.6090431213, 86.6344146729, 88.5376815796, 199.025680542, 44.3497428894, 72.4069366455, 54.6689987183], [-2329.41870117, 349.923950195, 2448.68652344, 782.254760742, 322.689422607, 116.606872559, 34.5966300964, 158.796340942, 143.6512146, 121.742172241, 100.107719421, 49.7178077698, 45.1040306091], [-1046.04211426, -18.4096546173, 782.254760742, 979.385498047, 360.90927124, 119.039878845, 116.750183105, 106.908798218, 109.295852661, 105.015960693, 75.6336288452, 50.881980896, 38.6827888489], [-842.927124023, -23.1061077118, 322.689422607, 360.90927124, 763.882080078, 388.459564209, 340.18182373, 234.985977173, 195.413009644, 210.573379517, 152.655136108, 118.884384155, 94.2470321655], [71.3771591187, -115.51033783, 116.606872559, 119.039878845, 388.459564209, 540.400390625, 304.149108887, 189.039794922, 157.723083496, 150.239593506, 127.960731506, 82.2773742676, 81.1122512817], [-105.458976746, 43.6090431213, 34.5966300964, 116.750183105, 340.18182373, 304.149108887, 437.692962646, 256.061859131, 182.411834717, 234.353210449, 142.001754761, 104.034637451, 111.234817505], [-42.4460945129, 86.6344146729, 158.796340942, 106.908798218, 234.985977173, 189.039794922, 256.061859131, 279.906036377, 188.328369141, 175.094512939, 119.490097046, 96.2511520386, 81.1783065796], [-150.332321167, 88.5376815796, 143.6512146, 109.295852661, 195.413009644, 157.723083496, 182.411834717, 188.328369141, 208.533721924, 168.833206177, 111.141395569, 84.6008453369, 72.575088501], [-52.7572021484, 199.025680542, 121.742172241, 105.015960693, 210.573379517, 150.239593506, 234.353210449, 175.094512939, 168.833206177, 278.24407959, 150.58821106, 102.334114075, 108.904670715], [86.3448791504, 44.3497428894, 100.107719421, 75.6336288452, 152.655136108, 127.960731506, 142.001754761, 119.490097046, 111.141395569, 150.58821106, 151.281921387, 97.0999298096, 76.1550445557], [-77.3746032715, 72.4069366455, 49.7178077698, 50.881980896, 118.884384155, 82.2773742676, 104.034637451, 96.2511520386, 84.6008453369, 102.334114075, 97.0999298096, 113.847923279, 77.2987747192], [-7.18461847305, 54.6689987183, 45.1040306091, 38.6827888489, 94.2470321655, 81.1122512817, 111.234817505, 81.1783065796, 72.575088501, 108.904670715, 76.1550445557, 77.2987747192, 117.016738892]],
