{
"lowlevel": {
    "average_loudness": 0.925982534885,
    "barkbands_crest": {
        "dmean": 3.0322022438,
        "dmean2": 4.57680988312,
        "dvar": 8.52900695801,
        "dvar2": 15.2947053909,
        "max": 26.8863220215,
        "mean": 16.466917038,
        "median": 15.9584083557,
        "min": 1.99952638149,
        "var": 48.6493034363
    },
    "barkbands_flatness_db": {
        "dmean": 0.058641910553,
        "dmean2": 0.0826993957162,
        "dvar": 0.00326749542728,
        "dvar2": 0.00567762413993,
        "max": 0.957452476025,
        "mean": 0.37711840868,
        "median": 0.37939670682,
        "min": 0.0241822693497,
        "var": 0.0315481089056
    },
    "barkbands_kurtosis": {
        "dmean": 158.708114624,
        "dmean2": 249.023422241,
        "dvar": 211244.3125,
        "dvar2": 510420.25,
        "max": 9109.71875,
        "mean": 175.135772705,
        "median": 18.1648464203,
        "min": -1.9665646553,
        "var": 222724.0625
    },
    "barkbands_skewness": {
        "dmean": 3.52503299713,
        "dmean2": 5.22171831131,
        "dvar": 34.0372161865,
        "dvar2": 74.6605987549,
        "max": 72.8697738647,
        "mean": 6.20450925827,
        "median": 3.207447052,
        "min": -6.92759656906,
        "var": 67.692855835
    },
    "barkbands_spread": {
        "dmean": 7.52937269211,
        "dmean2": 12.3806114197,
        "dvar": 323.281158447,
        "dvar2": 807.238464355,
        "max": 131.443710327,
        "mean": 9.94648933411,
        "median": 1.96369874477,
        "min": 0.0131589388475,
        "var": 423.783691406
    },
    "dissonance": {
        "dmean": 0.0348787158728,
        "dmean2": 0.0591070093215,
        "dvar": 0.00136305543128,
        "dvar2": 0.00390315847471,
        "max": 0.500000119209,
        "mean": 0.424502015114,
        "median": 0.445014804602,
        "min": 0.0811212658882,
        "var": 0.00429871724918
    },
    "dynamic_complexity": 6.07150125504,
    "erbbands_crest": {
        "dmean": 3.1216340065,
        "dmean2": 4.8176202774,
        "dvar": 9.46518325806,
        "dvar2": 18.7774906158,
        "max": 27.987909317,
        "mean": 12.1002807617,
        "median": 10.5986938477,
        "min": 2.07917976379,
        "var": 37.1379241943
    },
    "erbbands_flatness_db": {
        "dmean": 0.0335818678141,
        "dmean2": 0.0508995242417,
        "dvar": 0.00122851983178,
        "dvar2": 0.00252689304762,
        "max": 0.605424821377,
        "mean": 0.246086597443,
        "median": 0.231973871589,
        "min": 0.0453306995332,
        "var": 0.0134731344879
    },
    "erbbands_kurtosis": {
        "dmean": 7.5405330658,
        "dmean2": 11.9860725403,
        "dvar": 242.70892334,
        "dvar2": 580.895446777,
        "max": 381.542694092,
        "mean": 9.69166564941,
        "median": 2.9725189209,
        "min": -1.94881880283,
        "var": 518.944641113
    },
    "erbbands_skewness": {
        "dmean": 1.04901325703,
        "dmean2": 1.5622471571,
        "dvar": 1.45819234848,
        "dvar2": 3.0623216629,
        "max": 15.2956647873,
        "mean": 1.55794978142,
        "median": 1.3080265522,
        "min": -4.45533418655,
        "var": 4.31590890884
    },
    "erbbands_spread": {
        "dmean": 15.1906719208,
        "dmean2": 24.9043312073,
        "dvar": 662.936340332,
        "dvar2": 1593.34729004,
        "max": 238.233551025,
        "mean": 30.4063014984,
        "median": 19.6859359741,
        "min": 0.433326214552,
        "var": 1062.89709473
    },
    "hfc": {
        "dmean": 20.1677589417,
        "dmean2": 33.1592597961,
        "dvar": 3322.35302734,
        "dvar2": 9038.45410156,
        "max": 427.064086914,
        "mean": 17.1164855957,
        "median": 2.30480623245,
        "min": 1.18509517851e-16,
        "var": 2361.43676758
    },
    "melbands_crest": {
        "dmean": 4.41196870804,
        "dmean2": 7.35094928741,
        "dvar": 13.6398096085,
        "dvar2": 35.6046447754,
        "max": 37.8272857666,
        "mean": 20.9846458435,
        "median": 21.6256389618,
        "min": 1.65015590191,
        "var": 46.8255157471
    },
    "melbands_flatness_db": {
        "dmean": 0.0702706575394,
        "dmean2": 0.0988289862871,
        "dvar": 0.00463422806934,
        "dvar2": 0.00807760562748,
        "max": 1,
        "mean": 0.493592947721,
        "median": 0.505905389786,
        "min": 0.00283118826337,
        "var": 0.0456867180765
    },
    "melbands_kurtosis": {
        "dmean": 53.0226821899,
        "dmean2": 83.0838317871,
        "dvar": 11197.1035156,
        "dvar2": 25802.7832031,
        "max": 2960.64257812,
        "mean": 82.8451538086,
        "median": 28.0474185944,
        "min": -1.94542384148,
        "var": 19168.3964844
    },
    "melbands_skewness": {
        "dmean": 1.93032705784,
        "dmean2": 2.9582965374,
        "dvar": 5.93805646896,
        "dvar2": 13.5242881775,
        "max": 45.2227706909,
        "mean": 4.47544240952,
        "median": 3.36301612854,
        "min": -1.52834498882,
        "var": 14.1159467697
    },
    "melbands_spread": {
        "dmean": 10.6812782288,
        "dmean2": 17.6110172272,
        "dvar": 1214.83813477,
        "dvar2": 2914.62719727,
        "max": 315.790283203,
        "mean": 12.9289827347,
        "median": 1.57647204399,
        "min": 0.0979624167085,
        "var": 1478.4263916
    },
    "pitch_salience": {
        "dmean": 0.110868245363,
        "dmean2": 0.174235135317,
        "dvar": 0.0130786849186,
        "dvar2": 0.0272496789694,
        "max": 0.894123375416,
        "mean": 0.365818023682,
        "median": 0.387575536966,
        "min": 0.0124407159165,
        "var": 0.0594006739557
    },
    "silence_rate_20dB": {
        "dmean": 0.0680039823055,
        "dmean2": 0.136017635465,
        "dvar": 0.0633892044425,
        "dvar2": 0.145283967257,
        "max": 1,
        "mean": 0.942172288895,
        "median": 1,
        "min": 0,
        "var": 0.0544931069016
    },
    "silence_rate_30dB": {
        "dmean": 0.0957461968064,
        "dmean2": 0.191506013274,
        "dvar": 0.0865703821182,
        "dvar2": 0.180417910218,
        "max": 1,
        "mean": 0.827939391136,
        "median": 1,
        "min": 0,
        "var": 0.142475649714
    },
    "silence_rate_60dB": {
        "dmean": 0.114667803049,
        "dmean2": 0.229280784726,
        "dvar": 0.101520523429,
        "dvar2": 0.192781478167,
        "max": 1,
        "mean": 0.271996587515,
        "median": 0,
        "min": 0,
        "var": 0.198015034199
    },
    "spectral_centroid": {
        "dmean": 347.800506592,
        "dmean2": 548.644958496,
        "dvar": 695007.25,
        "dvar2": 1580818.5,
        "max": 11498.1210938,
        "mean": 649.551757812,
        "median": 266.355194092,
        "min": 52.0726089478,
        "var": 1100015.25
    },
    "spectral_complexity": {
        "dmean": 2.95461654663,
        "dmean2": 4.33456659317,
        "dvar": 38.5799102783,
        "dvar2": 61.94480896,
        "max": 58,
        "mean": 5.87666273117,
        "median": 3,
        "min": 0,
        "var": 74.8020248413
    },
    "spectral_decrease": {
        "dmean": 1.10291518141e-08,
        "dmean2": 1.47763934422e-08,
        "dvar": 4.79032707056e-16,
        "dvar2": 9.51782653105e-16,
        "max": 6.9943451031e-10,
        "mean": -1.66533880019e-08,
        "median": -2.92743118635e-09,
        "min": -1.9138074947e-07,
        "var": 9.30998582162e-16
    },
    "spectral_energy": {
        "dmean": 0.0428919643164,
        "dmean2": 0.057794611901,
        "dvar": 0.00689054606482,
        "dvar2": 0.0136898634955,
        "max": 0.727663457394,
        "mean": 0.0644062757492,
        "median": 0.0140458522364,
        "min": 1.06016322144e-20,
        "var": 0.0134160062298
    },
    "spectral_energyband_high": {
        "dmean": 0.00138339190744,
        "dmean2": 0.00233576167375,
        "dvar": 2.3049160518e-05,
        "dvar2": 6.11618161201e-05,
        "max": 0.0350436195731,
        "mean": 0.000991750974208,
        "median": 2.19657022171e-06,
        "min": 7.73271297173e-21,
        "var": 1.71413303178e-05
    },
    "spectral_energyband_low": {
        "dmean": 0.0411822982132,
        "dmean2": 0.0563768967986,
        "dvar": 0.00728004286066,
        "dvar2": 0.0148032531142,
        "max": 0.726163446903,
        "mean": 0.0600734092295,
        "median": 0.00730230286717,
        "min": 4.59776723882e-23,
        "var": 0.0133141763508
    },
    "spectral_energyband_middle_high": {
        "dmean": 0.000579979561735,
        "dmean2": 0.000839782529511,
        "dvar": 4.35405081589e-06,
        "dvar2": 8.8680690169e-06,
        "max": 0.0295623037964,
        "mean": 0.000575255602598,
        "median": 1.98333582375e-05,
        "min": 1.54676867557e-21,
        "var": 5.41884764971e-06
    },
    "spectral_energyband_middle_low": {
        "dmean": 0.00468718260527,
        "dmean2": 0.00805041659623,
        "dvar": 0.000180165588972,
        "dvar2": 0.000505411822814,
        "max": 0.0984160751104,
        "mean": 0.00435268227011,
        "median": 0.000617488229182,
        "min": 2.50702494791e-22,
        "var": 0.000127430714201
    },
    "spectral_entropy": {
        "dmean": 0.447974264622,
        "dmean2": 0.653671324253,
        "dvar": 0.273362517357,
        "dvar2": 0.533486902714,
        "max": 9.79732513428,
        "mean": 6.36081314087,
        "median": 6.47919893265,
        "min": 2.37389707565,
        "var": 1.79179441929
    },
    "spectral_flux": {
        "dmean": 0.0582663789392,
        "dmean2": 0.0847976431251,
        "dvar": 0.00751792872325,
        "dvar2": 0.0130582293496,
        "max": 0.683244466782,
        "mean": 0.112932264805,
        "median": 0.061679430306,
        "min": 1.02964227422e-10,
        "var": 0.0190819054842
    },
    "spectral_kurtosis": {
        "dmean": 33.7716598511,
        "dmean2": 54.6079139709,
        "dvar": 8013.10009766,
        "dvar2": 22727.9335938,
        "max": 1837.95593262,
        "mean": 69.433265686,
        "median": 8.92499923706,
        "min": -1.23568403721,
        "var": 21119.1835938
    },
    "spectral_rms": {
        "dmean": 0.0021298697684,
        "dmean2": 0.00269254506566,
        "dvar": 8.01563510322e-06,
        "dvar2": 1.31599108499e-05,
        "max": 0.0266442410648,
        "mean": 0.00565089425072,
        "median": 0.00370179279707,
        "min": 3.21606218219e-12,
        "var": 3.09028328047e-05
    },
    "spectral_rolloff": {
        "dmean": 870.858093262,
        "dmean2": 1541.72412109,
        "dvar": 7525163,
        "dvar2": 16512517,
        "max": 19099.9511719,
        "mean": 1218.02099609,
        "median": 150.732421875,
        "min": 43.06640625,
        "var": 11255760
    },
    "spectral_skewness": {
        "dmean": 1.2752020359,
        "dmean2": 1.97933411598,
        "dvar": 3.32727837563,
        "dvar2": 8.20994949341,
        "max": 34.8099136353,
        "mean": 4.66497898102,
        "median": 2.36128950119,
        "min": -0.170364022255,
        "var": 26.91522789
    },
    "spectral_spread": {
        "dmean": 1330972.75,
        "dmean2": 2139509.5,
        "dvar": 5.90047923405e+12,
        "dvar2": 1.17531874427e+13,
        "max": 41501464,
        "mean": 4173653,
        "median": 2779397.5,
        "min": 65382.5859375,
        "var": 1.59700955955e+13
    },
    "spectral_strongpeak": {
        "dmean": 0.284871935844,
        "dmean2": 0.441567450762,
        "dvar": 0.35451322794,
        "dvar2": 0.980522334576,
        "max": 7.27354955673,
        "mean": 0.482666105032,
        "median": 0.250914305449,
        "min": 0,
        "var": 0.368958085775
    },
    "zerocrossingrate": {
        "dmean": 0.0152021218091,
        "dmean2": 0.0185431204736,
        "dvar": 0.00114820641465,
        "dvar2": 0.00166421756148,
        "max": 0.521484375,
        "mean": 0.0341507904232,
        "median": 0.0087890625,
        "min": 0.00146484375,
        "var": 0.00494582997635
    },
    "barkbands": {
        "dmean": [0.000561561668292, 0.0336544625461, 0.0157948415726, 0.00354370917194, 0.000731528212782, 0.000191045168322, 0.000354267598595, 0.000145709360368, 0.00014771525457, 2.3343218345e-05, 2.92470667773e-05, 2.47555199167e-05, 6.38036581222e-05, 4.21896547778e-05, 4.42941236543e-05, 6.43798412057e-05, 6.43092425889e-05, 0.000114361100714, 0.000105947161501, 7.64900760259e-05, 8.72691016411e-05, 8.37551051518e-05, 0.000153307410073, 0.000139716488775, 0.000391824374674, 0.00043421209557, 0.000122916753753],
        "dmean2": [0.000749601807911, 0.0456939265132, 0.0292548816651, 0.00650218129158, 0.00127454521134, 0.000319080718327, 0.000423714460339, 0.000222655929974, 0.000188395555597, 3.75376548618e-05, 3.79945195164e-05, 3.4214455809e-05, 9.90449261735e-05, 6.09983326285e-05, 6.9679794251e-05, 9.62337653618e-05, 9.94247384369e-05, 0.000184826349141, 0.000162897820701, 0.000114881237096, 0.000138189730933, 0.000132332395879, 0.000264147121925, 0.000243934671744, 0.000711578002665, 0.000806541531347, 0.000229472192586],
        "dvar": [1.48105823428e-06, 0.004795064684, 0.00272974860854, 0.000134857080411, 4.90569345857e-06, 1.90930947497e-07, 7.79470951784e-07, 1.32177845558e-07, 1.95339310949e-07, 4.34302016572e-09, 1.01042907374e-08, 7.49144568601e-09, 5.94569726786e-08, 3.35850636191e-08, 3.92971628571e-08, 8.18439076511e-08, 7.294941895e-08, 2.5148042937e-07, 1.80016456852e-07, 7.04697171727e-08, 9.5968417213e-08, 9.09762150059e-08, 2.53499337077e-07, 2.38565604604e-07, 2.55968825513e-06, 3.37309302267e-06, 2.84057847466e-07],
        "dvar2": [2.65925677922e-06, 0.00986256077886, 0.00768628995866, 0.000379314209567, 1.41410009746e-05, 5.16919840265e-07, 9.43016743804e-07, 2.41330212702e-07, 3.04717048039e-07, 8.952656394e-09, 1.79306347547e-08, 1.18553185047e-08, 1.33163851501e-07, 5.69165194975e-08, 6.97309161524e-08, 1.65460505741e-07, 1.6774944811e-07, 6.03125727139e-07, 4.17409665943e-07, 1.51816777816e-07, 2.27607017678e-07, 2.10208114026e-07, 5.68346138152e-07, 5.39951486189e-07, 7.21085370969e-06, 9.53824292083e-06, 8.04977332791e-07],
        "max": [0.00831423234195, 0.642392396927, 0.372245967388, 0.0844065248966, 0.0261751729995, 0.00713819265366, 0.017975712195, 0.00725620938465, 0.00906196143478, 0.00114832632244, 0.00174132687971, 0.0017208843492, 0.00408649537712, 0.0034669842571, 0.00330374669284, 0.00560776609927, 0.00468976516277, 0.00890442635864, 0.00763691030443, 0.00469431933016, 0.0053262449801, 0.00515171699226, 0.00577509403229, 0.0032808186952, 0.0114788152277, 0.012842155993, 0.00374680571258],
        "mean": [0.000637809047475, 0.04734204337, 0.0105125298724, 0.00240597454831, 0.00077522470383, 0.000256485160207, 0.000519531371538, 0.000188628269825, 0.000196502747713, 3.03135420836e-05, 4.18925701524e-05, 2.82275195786e-05, 5.29156604898e-05, 4.7882720537e-05, 4.56995185232e-05, 6.24870881438e-05, 5.89814226259e-05, 9.14486372494e-05, 8.99618389667e-05, 6.62249731249e-05, 6.97832147125e-05, 6.76620256854e-05, 0.000123157326016, 0.000119430784252, 0.000244973023655, 0.000258461659541, 7.21408578102e-05],
        "median": [1.76322373591e-05, 0.0041570905596, 0.000654989504255, 0.000189170183148, 0.000103489095636, 5.22925911355e-05, 6.00210405537e-05, 2.44485599978e-05, 1.91926519619e-05, 2.67482801064e-06, 2.09177596844e-06, 1.464550337e-06, 1.74708793566e-06, 9.92737909655e-07, 9.3544650781e-07, 1.03301783838e-06, 9.12009681997e-07, 9.98635414362e-07, 8.8154098421e-07, 6.5968782792e-07, 4.55338607708e-07, 2.09943038953e-07, 1.38751914847e-07, 4.16351895183e-08, 2.54580321268e-08, 1.79969799063e-08, 6.62390142736e-09],
        "min": [1.24246539205e-23, 6.52427648321e-24, 1.78005926838e-23, 2.68064275707e-23, 3.43307185688e-23, 7.33838803715e-23, 3.38851131315e-23, 1.99429401094e-23, 5.35821400532e-23, 1.2166045121e-22, 1.49660519993e-22, 8.53607074225e-23, 6.86424792323e-23, 1.02593228747e-22, 1.07097775977e-22, 1.95944718486e-22, 2.14931451893e-22, 1.99584636298e-22, 2.00887834514e-22, 3.11552473472e-22, 3.84559543389e-22, 5.76983417882e-22, 7.07214230671e-22, 8.338753532e-22, 1.16946112417e-21, 1.48796897793e-21, 2.70856999822e-21],
        "var": [2.47680054599e-06, 0.00849342998117, 0.00162313098554, 8.29531709314e-05, 3.91042567571e-06, 3.50965990492e-07, 1.97247982214e-06, 2.3896507173e-07, 3.59886797696e-07, 7.79159581299e-09, 2.01197725147e-08, 1.23100090121e-08, 5.92063997829e-08, 4.97697634216e-08, 5.06162081138e-08, 9.55343182341e-08, 7.94128141024e-08, 2.20687780939e-07, 1.7607295888e-07, 7.49390665078e-08, 8.69859704267e-08, 8.43313259224e-08, 2.45182235403e-07, 2.37810311887e-07, 1.57081819907e-06, 1.9822075501e-06, 1.64966650118e-07]
    },
    "erbbands": {
        "dmean": [0.754656016827, 8.65504550934, 19.7568664551, 12.8108654022, 5.98210763931, 1.89388382435, 1.12999463081, 2.0410387516, 3.22044730186, 4.9005241394, 3.20274162292, 3.88465976715, 1.38574564457, 1.25521123409, 0.912093281746, 1.17913734913, 2.75748848915, 1.91481471062, 2.41791725159, 3.40413022041, 2.46538639069, 4.06940364838, 5.31663179398, 7.03883457184, 4.59793376923, 3.65793228149, 3.29171252251, 3.67609858513, 2.98306798935, 2.98584079742, 4.84947252274, 2.77127671242, 2.96919798851, 2.83243465424, 3.11882805824, 1.90617871284, 0.783807277679, 0.265594214201, 0.0195341985673, 0.000473063177196],
        "dmean2": [0.997209370136, 12.18612957, 34.6148109436, 22.498796463, 10.7712774277, 3.06943392754, 1.79921114445, 3.59768843651, 4.07352781296, 6.13640451431, 4.7260184288, 4.88362789154, 1.76578807831, 1.62118840218, 1.26940882206, 1.60559296608, 4.26162004471, 2.87253403664, 3.52589321136, 5.14325857162, 3.67828941345, 6.32701063156, 8.36640644073, 11.2240047455, 7.11352157593, 5.50274038315, 5.10868883133, 5.8361992836, 4.66645050049, 4.78924274445, 8.25042057037, 4.70801353455, 5.23577260971, 5.04133176804, 5.7214345932, 3.52629518509, 1.45934915543, 0.495826214552, 0.0363704748452, 0.000857090577483],
        "dvar": [2.67505264282, 336.37109375, 3447.52075195, 1684.83886719, 340.898284912, 26.3774909973, 6.30337810516, 22.9053058624, 56.272151947, 146.993515015, 62.1798667908, 135.782348633, 16.8117847443, 16.3317604065, 10.404592514, 16.7712726593, 112.350021362, 63.4062232971, 104.281936646, 252.473861694, 101.385673523, 294.592529297, 527.787231445, 960.777648926, 304.517669678, 166.021072388, 148.878295898, 170.115859985, 112.215866089, 101.674385071, 258.837524414, 81.8464050293, 114.800888062, 123.521858215, 166.78717041, 64.5762557983, 11.0015478134, 1.30755448341, 0.00710088806227, 3.39574603458e-06],
        "dvar2": [4.63746404648, 718.766479492, 9277.640625, 4512.8984375, 969.015625, 72.0925750732, 15.4597034454, 67.4761276245, 73.7895736694, 182.764404297, 109.744316101, 209.599975586, 24.0565891266, 24.9177417755, 19.575252533, 30.5780906677, 252.213912964, 109.541992188, 179.35925293, 523.728149414, 198.73840332, 681.210876465, 1233.12329102, 2340.85839844, 688.399230957, 369.675109863, 357.596466064, 392.226470947, 254.773284912, 238.346374512, 593.785705566, 181.216705322, 281.747161865, 343.178100586, 472.129058838, 182.967941284, 31.0987739563, 3.70444178581, 0.0200559329242, 9.60278248385e-06],
        "max": [14.1082677841, 167.955291748, 409.506195068, 275.072387695, 192.527572632, 101.128616333, 53.384563446, 71.9155502319, 167.87713623, 249.334625244, 134.235198975, 236.199966431, 79.0430221558, 76.4013671875, 56.5414047241, 82.9124679565, 178.006408691, 148.968521118, 183.274795532, 292.960571289, 190.217254639, 293.28717041, 405.27444458, 556.70690918, 317.299163818, 225.521087646, 233.02003479, 222.70765686, 181.480789185, 157.354690552, 140.865707397, 82.8887176514, 74.7572097778, 80.2269821167, 91.7266845703, 57.7603034973, 22.6352233887, 8.01741886139, 0.585827171803, 0.0130421053618],
        "mean": [1.13706552982, 11.1559886932, 16.0837593079, 9.50777339935, 4.66835546494, 2.44635820389, 1.4960873127, 2.44889378548, 4.77693748474, 7.18280935287, 4.32479095459, 5.21392011642, 2.02618694305, 1.72200524807, 1.23683667183, 1.19988775253, 2.30244016647, 2.09999704361, 2.50083708763, 3.15430545807, 2.59951925278, 3.72686314583, 4.42172336578, 5.69654989243, 3.92359900475, 3.13090181351, 2.65951967239, 2.97003126144, 2.45522022247, 2.29046654701, 3.80043029785, 2.26592564583, 2.4202849865, 1.88784122467, 1.91029667854, 1.1454372406, 0.464177757502, 0.155943483114, 0.0115499543026, 0.00032222646405],
        "median": [0.0510749332607, 1.02361869812, 1.71695077419, 0.885053992271, 0.460412204266, 0.40643787384, 0.270799100399, 0.5099132061, 0.741951465607, 0.849591434002, 0.599382221699, 0.502715229988, 0.206545054913, 0.0919564217329, 0.0734312236309, 0.0659006088972, 0.0790485069156, 0.0541331730783, 0.0536426901817, 0.0533589050174, 0.0534745715559, 0.053923163563, 0.053804770112, 0.0528742037714, 0.0396528802812, 0.0298320688307, 0.0225292686373, 0.0149111663923, 0.00833644438535, 0.00537557899952, 0.00363840558566, 0.00128651736304, 0.00065737857949, 0.000357527809683, 0.0002328351693, 0.000129519292386, 8.97971258382e-05, 1.10622668217e-05, 2.63360780082e-05, 2.06346721825e-05],
        "min": [1.44807472948e-22, 1.86477165835e-21, 1.26828364071e-20, 7.22278924362e-20, 5.05674249264e-20, 1.84830858312e-19, 1.51452983222e-19, 8.12866975836e-19, 5.34666800487e-19, 4.40388476581e-19, 8.27545761095e-19, 9.72344606201e-19, 2.45606798351e-18, 3.72324829776e-18, 7.37075662992e-18, 3.40522899189e-18, 3.19818382341e-18, 4.51990015545e-18, 6.402393244e-18, 6.13355044594e-18, 1.26214609304e-17, 1.23297573417e-17, 1.09118374229e-17, 1.17692316345e-17, 8.93291203214e-18, 1.66210611718e-17, 1.36325345465e-17, 1.90148540357e-17, 1.98766174153e-17, 1.89713377181e-17, 2.04319864786e-17, 1.81509416409e-17, 1.39399338872e-17, 1.35342216491e-17, 8.53536572102e-18, 5.82723802048e-18, 2.5734761385e-18, 1.27219478652e-18, 3.72758551591e-19, 3.97640583856e-20],
        "var": [5.53090715408, 508.142547607, 2418.29174805, 1149.83996582, 219.983154297, 37.4969673157, 10.7867879868, 35.3285713196, 142.302810669, 365.671112061, 120.376205444, 253.274475098, 35.5420646667, 33.9934120178, 18.2786808014, 23.5604133606, 112.470977783, 90.771232605, 143.731933594, 273.825134277, 134.392547607, 318.560058594, 489.755981445, 850.279174805, 303.123077393, 169.578033447, 134.071640015, 158.726882935, 107.663139343, 92.8727264404, 242.366165161, 81.5824508667, 104.417053223, 81.1025924683, 100.058937073, 38.1135749817, 6.44438743591, 0.759884119034, 0.00415578158572, 1.99862233785e-06]
    },
    "gfcc": {
        "mean": [-215.096710205, 149.359390259, -38.5141563416, 34.1346321106, -27.9363269806, -0.868483662605, -11.0103130341, 11.2413043976, -1.87155854702, 2.34678077698, -7.78777313232, -8.81251144409, -11.5368289948],
        "cov": [[26764.2871094, -5691.29248047, -3229.70239258, 1567.94470215, -1676.1484375, 994.59161377, -663.194152832, 862.616577148, -495.224700928, 526.336853027, -314.418457031, 346.762420654, -381.141845703], [-5691.29248047, 7671.90380859, 7.0069270134, -1419.69506836, 1057.77990723, -1313.83862305, 928.279785156, -705.059631348, 612.445739746, -534.613220215, 396.17276001, -467.916412354, 451.535827637], [-3229.70239258, 7.0069270134, 3319.9465332, -256.95880127, 276.757873535, 409.04486084, -138.328308105, 144.509963989, -6.57572650909, -17.9769573212, 15.7738542557, -75.710975647, -22.3444213867], [1567.94470215, -1419.69506836, -256.95880127, 1084.54614258, 65.5808029175, 248.992996216, 37.1232910156, 35.7672729492, -34.3479804993, 114.285430908, -14.1811275482, 65.1402740479, -38.4735870361], [-1676.1484375, 1057.77990723, 276.757873535, 65.5808029175, 793.361206055, -1.3465218544, 363.190246582, -35.0489730835, 217.611923218, -41.6904067993, 164.064163208, -91.274887085, 122.98235321], [994.59161377, -1313.83862305, 409.04486084, 248.992996216, -1.3465218544, 531.423950195, -95.1783065796, 241.565567017, -67.2805328369, 121.481910706, -29.2043704987, 49.7526664734, -77.0055999756], [-663.194152832, 928.279785156, -138.328308105, 37.1232910156, 363.190246582, -95.1783065796, 487.946929932, -39.4960517883, 254.021850586, -16.2470855713, 144.242996216, -37.304725647, 137.453094482], [862.616577148, -705.059631348, 144.509963989, 35.7672729492, -35.0489730835, 241.565567017, -39.4960517883, 240.001922607, 9.63180541992, 102.571456909, -0.235144168139, 42.7791023254, -32.953540802], [-495.224700928, 612.445739746, -6.57572650909, -34.3479804993, 217.611923218, -67.2805328369, 254.021850586, 9.63180541992, 222.217468262, 20.51471138, 115.664253235, -22.6332454681, 80.1936264038], [526.336853027, -534.613220215, -17.9769573212, 114.285430908, -41.6904067993, 121.481910706, -16.2470855713, 102.571456909, 20.51471138, 114.37928009, 21.0775718689, 54.2135047913, -16.3776454926], [-314.418457031, 396.17276001, 15.7738542557, -14.1811275482, 164.064163208, -29.2043704987, 144.242996216, -0.235144168139, 115.664253235, 21.0775718689, 107.484580994, -3.25293159485, 64.8563766479], [346.762420654, -467.916412354, -75.710975647, 65.1402740479, -91.274887085, 49.7526664734, -37.304725647, 42.7791023254, -22.6332454681, 54.2135047913, -3.25293159485, 84.2831420898, 3.44719147682], [-381.141845703, 451.535827637, -22.3444213867, -38.4735870361, 122.98235321, -77.0055999756, 137.453094482, -32.953540802, 80.1936264038, -16.3776454926, 64.8563766479, 3.44719147682, 93.7317886353]],
        "icov": [[6.5895030275e-05, -1.81150953722e-05, 6.71257075737e-05, -9.62992271525e-05, 0.000145986210555, -6.48473433102e-05, -1.09289214834e-06, -0.000268113159109, 0.000102562909888, 3.32687013724e-05, -0.000105456114397, 9.78470707196e-05, -1.83538559213e-05], [-1.81150953722e-05, 0.000941723177675, -3.53691830242e-05, 0.000708801846486, -0.000233186510741, 0.000916858494747, -0.000265445996774, 0.000728943035938, -0.000339429650921, 0.000773164851125, -0.00132688588928, 0.00285883829929, -0.00138451287057], [6.71257075737e-05, -3.53691830242e-05, 0.000478896108689, 3.41616250807e-05, 1.15053353511e-06, -0.000636401120573, 0.000442660326371, -0.000143971599755, -0.000260361935943, 0.0002840954985, -6.27758563496e-05, 0.00033637197339, -0.000349117879523], [-9.62992271525e-05, 0.000708801846486, 3.41616250807e-05, 0.00204382068478, -0.000726339756511, -0.000103918384411, -0.000697422714438, 0.00219853036106, -1.13121195682e-05, -0.00133332971018, 9.95719092316e-05, 0.00151727895718, -0.000643725739792], [0.000145986210555, -0.000233186510741, 1.15053353511e-06, -0.000726339756511, 0.00321869668551, -0.00102308706846, -0.000812390702777, -0.000712768698577, 0.000198571156943, 0.00118515908252, -0.00282467552461, 0.00197310023941, -0.000784708128776], [-6.48473433102e-05, 0.000916858494747, -0.000636401120573, -0.000103918384411, -0.00102308706846, 0.00671998551115, -0.00145512772724, -0.00386216328479, 0.00300059909932, -0.000675445015077, -0.00203585997224, 0.00221117027104, 0.00140650756657], [-1.09289214834e-06, -0.000265445996774, 0.000442660326371, -0.000697422714438, -0.000812390702777, -0.00145512772724, 0.00779397273436, 0.000592741125729, -0.00714432727545, 0.00177888770122, 0.00145253539085, -0.000213599763811, -0.00483103841543], [-0.000268113159109, 0.000728943035938, -0.000143971599755, 0.00219853036106, -0.000712768698577, -0.00386216328479, 0.000592741125729, 0.0132624618709, -0.00412547588348, -0.00633995933458, 0.00296589848585, 0.0015211419668, -0.00186427426524], [0.000102562909888, -0.000339429650921, -0.000260361935943, -1.13121195682e-05, 0.000198571156943, 0.00300059909932, -0.00714432727545, -0.00412547588348, 0.0200215000659, -0.00577890267596, -0.00957799702883, 0.00350362970494, 0.00157556810882], [3.32687013724e-05, 0.000773164851125, 0.0002840954985, -0.00133332971018, 0.00118515908252, -0.000675445015077, 0.00177888770122, -0.00633995933458, -0.00577890267596, 0.0301420725882, -0.0122347269207, -0.0106129301712, 0.00805048365146], [-0.000105456114397, -0.00132688588928, -6.27758563496e-05, 9.95719092316e-05, -0.00282467552461, -0.00203585997224, 0.00145253539085, 0.00296589848585, -0.00957799702883, -0.0122347269207, 0.0351084396243, -0.00267478381284, -0.0112022012472], [9.78470707196e-05, 0.00285883829929, 0.00033637197339, 0.00151727895718, 0.00197310023941, 0.00221117027104, -0.000213599763811, 0.0015211419668, 0.00350362970494, -0.0106129301712, -0.00267478381284, 0.0347824692726, -0.0168756917119], [-1.83538559213e-05, -0.00138451287057, -0.000349117879523, -0.000643725739792, -0.000784708128776, 0.00140650756657, -0.00483103841543, -0.00186427426524, 0.00157556810882, 0.00805048365146, -0.0112022012472, -0.0168756917119, 0.0339609533548]]
    },
    "melbands": {
        "dmean": [0.00816039089113, 0.0102963289246, 0.00203287950717, 0.000244382274104, 4.14837268181e-05, 4.12410081481e-05, 6.20403225184e-05, 5.09364181198e-05, 2.21120553761e-05, 2.55818195001e-05, 6.0106563069e-06, 4.74923217553e-06, 3.19984155794e-06, 2.49286654253e-06, 5.73701163376e-06, 5.28554528501e-06, 3.67069810636e-06, 3.99315968025e-06, 3.8334464989e-06, 5.59070258532e-06, 2.18038758248e-06, 3.89547858504e-06, 4.50777861261e-06, 5.42346833754e-06, 5.92388960285e-06, 3.42597786585e-06, 2.91954120257e-06, 2.45987348535e-06, 1.80496260782e-06, 2.12572695091e-06, 2.30204818763e-06, 1.76088838089e-06, 1.36603625833e-06, 1.87195416856e-06, 2.76938931165e-06, 2.58846966972e-06, 1.36193534672e-06, 1.99162150238e-06, 2.32112688536e-06, 2.28362182497e-06],
        "dmean2": [0.0110537111759, 0.0161827486008, 0.0035257586278, 0.000434818153735, 6.57755954308e-05, 7.19786985428e-05, 7.64535216149e-05, 6.64314575261e-05, 3.26798835886e-05, 3.22102459904e-05, 8.00032830739e-06, 6.29121268503e-06, 4.3635423026e-06, 3.55312477041e-06, 8.42654026201e-06, 8.24797007226e-06, 5.35872732144e-06, 5.6669755395e-06, 5.98490714765e-06, 8.5077026597e-06, 3.40005658472e-06, 6.10901133768e-06, 7.12276687409e-06, 8.68801816978e-06, 9.47968874243e-06, 5.23341668668e-06, 4.57032501799e-06, 3.68279893337e-06, 2.71958856501e-06, 3.35804770657e-06, 3.70386669601e-06, 2.7649614367e-06, 2.15661611946e-06, 3.05481034957e-06, 4.67700647278e-06, 4.44144643552e-06, 2.31767444347e-06, 3.46853653355e-06, 4.08831510867e-06, 4.08240248362e-06],
        "dvar": [0.000292799144518, 0.000647427106742, 3.96960567741e-05, 5.54799271413e-07, 8.63180726896e-09, 9.16631748282e-09, 2.23621814399e-08, 1.64229607691e-08, 2.92117441347e-09, 5.99991478722e-09, 3.19886533928e-10, 2.30662683398e-10, 1.23644941508e-10, 7.68504010429e-11, 4.65234767377e-10, 4.12793632609e-10, 2.43961351121e-10, 2.77424888617e-10, 3.02330799284e-10, 7.01407321113e-10, 6.80201658887e-11, 2.64091221114e-10, 4.19274448493e-10, 5.1636506182e-10, 7.04717284528e-10, 1.64347008225e-10, 1.0397418343e-10, 7.90092782865e-11, 4.51884397956e-11, 5.84743919951e-11, 7.01211103071e-11, 3.9797817819e-11, 2.3698994156e-11, 4.16026969818e-11, 8.3099617465e-11, 7.4370481995e-11, 1.98948583302e-11, 5.29334354127e-11, 7.60415272416e-11, 8.25392879045e-11],
        "dvar2": [0.00056491990108, 0.00155853328761, 0.000103982267319, 1.60589615916e-06, 2.1370174963e-08, 2.63729642569e-08, 2.7845684869e-08, 2.08539638891e-08, 5.07392305948e-09, 9.38252942007e-09, 4.945069354e-10, 3.58833518455e-10, 2.30818517077e-10, 1.21088097882e-10, 9.76794978236e-10, 9.27330656708e-10, 4.24131951782e-10, 4.66669314303e-10, 5.69017444274e-10, 1.47823098207e-09, 1.45954026642e-10, 6.14278572453e-10, 9.85345249838e-10, 1.2276745176e-09, 1.73061232012e-09, 3.68401836814e-10, 2.30978097759e-10, 1.77106052046e-10, 1.06226138996e-10, 1.39260367127e-10, 1.65728333834e-10, 9.00623881028e-11, 5.52163245682e-11, 1.0013089663e-10, 1.88673160428e-10, 1.71290578943e-10, 4.31086936981e-11, 1.26553031943e-10, 2.02502764557e-10, 2.30596597373e-10],
        "max": [0.148657411337, 0.179664954543, 0.0419611334801, 0.0082645220682, 0.00222220318392, 0.00148344913032, 0.00322267832235, 0.00276140472852, 0.000869783281814, 0.00155527004972, 0.000352418690454, 0.000292496522889, 0.000192163846805, 0.000166578727658, 0.000436330563389, 0.000308728747768, 0.000302668195218, 0.000310702365823, 0.000306472677039, 0.000511658610776, 0.000156153619173, 0.000280312204268, 0.000344362051692, 0.000394953473005, 0.000479660520796, 0.000235929124756, 0.000183104537427, 0.000161368297995, 0.000137246606755, 0.00013641451369, 0.000141915035783, 0.000111031098641, 7.87129392847e-05, 0.000101314726635, 8.64550311235e-05, 8.03741859272e-05, 3.9354479668e-05, 5.73109791731e-05, 6.53783499729e-05, 6.55518306303e-05],
        "mean": [0.0120016755536, 0.0111546758562, 0.00156154064462, 0.000227233889746, 5.90941708651e-05, 5.06897704327e-05, 9.2304602731e-05, 7.47865633457e-05, 3.00724768749e-05, 3.37893652613e-05, 8.72161308507e-06, 6.44812780592e-06, 4.48346418125e-06, 3.00659303321e-06, 5.02046304973e-06, 4.45625073553e-06, 4.06519438911e-06, 4.19773914473e-06, 3.79467019229e-06, 5.11413009008e-06, 2.26191241381e-06, 3.59500245395e-06, 3.87298268834e-06, 4.3435788939e-06, 4.76861532661e-06, 2.95041672871e-06, 2.43832846536e-06, 2.09702398024e-06, 1.51313986407e-06, 1.69239626757e-06, 1.79496919372e-06, 1.46244246935e-06, 1.08712333713e-06, 1.38948212225e-06, 2.19165417548e-06, 1.98065731638e-06, 1.14312399546e-06, 1.64217851761e-06, 1.70532678112e-06, 1.47753871715e-06],
        "median": [0.000842347100843, 0.00132362963632, 0.000138803079608, 2.8351401852e-05, 1.11786248453e-05, 1.05931676444e-05, 1.31338802021e-05, 9.33208048082e-06, 4.16391139879e-06, 3.10465043185e-06, 9.05780837002e-07, 3.41271032767e-07, 2.54707089198e-07, 1.75082277565e-07, 1.86811092817e-07, 1.42778759482e-07, 9.27753589508e-08, 8.62584670358e-08, 7.03210005781e-08, 7.07164105052e-08, 5.72162903723e-08, 5.44952776238e-08, 5.06018302815e-08, 4.54643256376e-08, 4.24757864437e-08, 2.9200275975e-08, 2.50509568644e-08, 1.83367543372e-08, 1.4537929971e-08, 1.08800897181e-08, 7.70532970762e-09, 4.95762675357e-09, 2.96911939479e-09, 2.5355619826e-09, 2.08799733059e-09, 1.30510413587e-09, 5.36513167226e-10, 4.15517481533e-10, 3.45726114404e-10, 2.179209313e-10],
        "min": [2.2579447361e-24, 5.58825278726e-24, 1.12026152928e-23, 8.2181367627e-24, 6.52208305547e-24, 1.67986541372e-23, 8.66570646361e-24, 4.91340713196e-24, 7.74000027944e-24, 5.95820883029e-24, 1.33524158762e-23, 1.55675972515e-23, 2.10558855849e-23, 1.47057919561e-23, 5.8412538902e-24, 7.23231622211e-24, 8.85863659748e-24, 1.10025798887e-23, 6.37615719864e-24, 1.11909961605e-23, 1.44311689646e-23, 1.25876523051e-23, 1.3059087415e-23, 7.46036092145e-24, 1.00393688905e-23, 7.14382022804e-24, 6.9802428196e-24, 1.21391833027e-23, 8.15816755669e-24, 9.14240248686e-24, 1.15080993117e-23, 1.32088171591e-23, 8.15654171436e-24, 1.11046726894e-23, 9.94545421091e-24, 1.52275019603e-23, 8.90358273642e-24, 1.02233564972e-23, 7.9006636357e-24, 1.28348592247e-23],
        "var": [0.000560465501621, 0.000671212852467, 2.84845737042e-05, 3.89045737847e-07, 1.80359176483e-08, 1.49635059898e-08, 5.68256410816e-08, 3.95803567699e-08, 5.76537173558e-09, 1.09889652933e-08, 6.50436149385e-10, 4.73741157414e-10, 2.29257265949e-10, 1.29360369638e-10, 5.18332488042e-10, 4.13992257142e-10, 3.52263385128e-10, 3.97739813307e-10, 3.65237368127e-10, 7.43766714884e-10, 8.86122009103e-11, 2.89237939155e-10, 3.9652967021e-10, 4.64185551108e-10, 6.15844319984e-10, 1.6816222026e-10, 1.05341603496e-10, 7.92599874622e-11, 4.28623005144e-11, 5.28465118887e-11, 6.21750498309e-11, 3.82625250928e-11, 2.18457855972e-11, 3.61817346917e-11, 7.99855251477e-11, 6.74740818774e-11, 2.05518536217e-11, 5.05645143811e-11, 5.67603394841e-11, 5.25450100097e-11]
    },
    "mfcc": {
        "mean": [-850.081359863, 158.722717285, 58.9246177673, 45.2488746643, 18.3985805511, 5.86352777481, 7.60379648209, 8.93731117249, 10.3336353302, 13.5320510864, 11.4562072754, 9.10825538635, 3.07574439049],
        "cov": [[14047.5302734, -1890.36621094, -2245.15576172, -194.052337646, -615.536254883, -107.794929504, -98.7741775513, 94.235824585, -58.433971405, 74.1699905396, 23.4144325256, 16.4768600464, -52.688243866], [-1890.36621094, 4409.1171875, -49.8248405457, -17.2127532959, -126.749153137, -149.974700928, 89.5188980103, 7.27509737015, 140.211166382, 46.0467605591, 55.5964584351, 8.76778125763, 11.1394271851], [-2245.15576172, -49.8248405457, 1902.96630859, 121.26322937, 217.715484619, 85.5837783813, -7.12948513031, 31.422914505, 0.719291090965, 19.6614513397, -11.3966226578, -2.74805927277, 26.6744861603], [-194.052337646, -17.2127532959, 121.26322937, 584.573425293, 197.049804688, 201.531829834, 103.968185425, 33.5177116394, 52.1185035706, 25.5248718262, 46.7151412964, 37.6455917358, 17.4591331482], [-615.536254883, -126.749153137, 217.715484619, 197.049804688, 358.524719238, 197.780563354, 117.169296265, 77.748336792, 33.977104187, 54.6339378357, 42.5894470215, 37.3601722717, 30.4830608368], [-107.794929504, -149.974700928, 85.5837783813, 201.531829834, 197.780563354, 264.400360107, 149.845550537, 95.3141555786, 64.0653610229, 64.6402282715, 59.7124023438, 45.6070175171, 30.4659252167], [-98.7741775513, 89.5188980103, -7.12948513031, 103.968185425, 117.169296265, 149.845550537, 167.719223022, 104.73840332, 80.0832595825, 65.1625671387, 49.2476615906, 44.6290817261, 33.7812614441], [94.235824585, 7.27509737015, 31.422914505, 33.5177116394, 77.748336792, 95.3141555786, 104.73840332, 128.874984741, 88.6766815186, 76.6084823608, 55.0227661133, 42.3903961182, 35.9722366333], [-58.433971405, 140.211166382, 0.719291090965, 52.1185035706, 33.977104187, 64.0653610229, 80.0832595825, 88.6766815186, 109.984565735, 76.8407058716, 63.8465995789, 49.480632782, 39.1573257446], [74.1699905396, 46.0467605591, 19.6614513397, 25.5248718262, 54.6339378357, 64.6402282715, 65.1625671387, 76.6084823608, 76.8407058716, 98.797706604, 76.5361785889, 56.7029800415, 41.8201637268], [23.4144325256, 55.5964584351, -11.3966226578, 46.7151412964, 42.5894470215, 59.7124023438, 49.2476615906, 55.0227661133, 63.8465995789, 76.5361785889, 92.3273925781, 64.8867340088, 42.1677055359], [16.4768600464, 8.76778125763, -2.74805927277, 37.6455917358, 37.3601722717, 45.6070175171, 44.6290817261, 42.3903961182, 49.480632782, 56.7029800415, 64.8867340088, 68.8989028931, 45.4730224609], [-52.688243866, 11.1394271851, 26.6744861603, 17.4591331482, 30.4830608368, 30.4659252167, 33.7812614441, 35.9722366333, 39.1573257446, 41.8201637268, 42.1677055359, 45.4730224609, 49.7685890198]],
