{
"lowlevel": {
    "average_loudness": 0.823610782623,
    "barkbands_crest": {
        "dmean": 2.71115612984,
        "dmean2": 4.19500494003,
        "dvar": 5.40053367615,
        "dvar2": 12.1381244659,
        "max": 26.2710723877,
        "mean": 11.5223321915,
        "median": 10.4633636475,
        "min": 2.14328575134,
        "var": 25.1872329712
    },
    "barkbands_flatness_db": {
        "dmean": 0.0261680781841,
        "dmean2": 0.039740793407,
        "dvar": 0.000774165033363,
        "dvar2": 0.00164198782295,
        "max": 0.593601822853,
        "mean": 0.216947376728,
        "median": 0.209295243025,
        "min": 0.0175647232682,
        "var": 0.00868322979659
    },
    "barkbands_kurtosis": {
        "dmean": 3.82420969009,
        "dmean2": 5.86364841461,
        "dvar": 63.4330558777,
        "dvar2": 135.423110962,
        "max": 176.799118042,
        "mean": 5.47787857056,
        "median": 2.22188901901,
        "min": -1.93224430084,
        "var": 131.874633789
    },
    "barkbands_skewness": {
        "dmean": 0.601038396358,
        "dmean2": 0.876998186111,
        "dvar": 0.412434101105,
        "dvar2": 0.802087783813,
        "max": 10.6147689819,
        "mean": 1.54720914364,
        "median": 1.31161308289,
        "min": -2.92916560173,
        "var": 1.77865314484
    },
    "barkbands_spread": {
        "dmean": 3.06472420692,
        "dmean2": 4.79725837708,
        "dvar": 15.1315059662,
        "dvar2": 35.0411186218,
        "max": 70.5545883179,
        "mean": 11.7656402588,
        "median": 9.91616439819,
        "min": 0.590224444866,
        "var": 68.3059158325
    },
    "dissonance": {
        "dmean": 0.0356433652341,
        "dmean2": 0.0597410351038,
        "dvar": 0.00107045844197,
        "dvar2": 0.00293227192014,
        "max": 0.499999880791,
        "mean": 0.424114525318,
        "median": 0.432887554169,
        "min": 0.174361288548,
        "var": 0.0024991594255
    },
    "dynamic_complexity": 4.95532894135,
    "erbbands_crest": {
        "dmean": 3.0154838562,
        "dmean2": 4.8818898201,
        "dvar": 7.67674922943,
        "dvar2": 18.7523384094,
        "max": 33.8499526978,
        "mean": 10.7795982361,
        "median": 9.55570602417,
        "min": 2.2944624424,
        "var": 25.9378795624
    },
    "erbbands_flatness_db": {
        "dmean": 0.020730862394,
        "dmean2": 0.0315457768738,
        "dvar": 0.000551268167328,
        "dvar2": 0.001162646804,
        "max": 0.453155875206,
        "mean": 0.220655411482,
        "median": 0.213134258986,
        "min": 0.0465894266963,
        "var": 0.00616872310638
    },
    "erbbands_kurtosis": {
        "dmean": 1.43558681011,
        "dmean2": 2.28032755852,
        "dvar": 8.88510990143,
        "dvar2": 22.7342472076,
        "max": 129.604293823,
        "mean": 1.75003254414,
        "median": 0.620504140854,
        "min": -1.94524276257,
        "var": 25.0089244843
    },
    "erbbands_skewness": {
        "dmean": 0.379853755236,
        "dmean2": 0.588604807854,
        "dvar": 0.126186177135,
        "dvar2": 0.298483937979,
        "max": 7.10095262527,
        "mean": 0.413115948439,
        "median": 0.375715136528,
        "min": -5.16774749756,
        "var": 0.720138967037
    },
    "erbbands_spread": {
        "dmean": 5.17281627655,
        "dmean2": 7.96711921692,
        "dvar": 32.5670280457,
        "dvar2": 75.1570358276,
        "max": 121.92514801,
        "mean": 21.7568645477,
        "median": 19.0460205078,
        "min": 0.833415985107,
        "var": 139.395828247
    },
    "hfc": {
        "dmean": 5.37979841232,
        "dmean2": 8.30298519135,
        "dvar": 218.03968811,
        "dvar2": 568.447937012,
        "max": 214.664459229,
        "mean": 12.6854095459,
        "median": 6.44931602478,
        "min": 1.1571605613e-16,
        "var": 328.965789795
    },
    "melbands_crest": {
        "dmean": 3.45575499535,
        "dmean2": 5.38651609421,
        "dvar": 9.72492694855,
        "dvar2": 24.5163803101,
        "max": 34.4334869385,
        "mean": 15.2188968658,
        "median": 14.369600296,
        "min": 2.29462313652,
        "var": 37.9621315002
    },
    "melbands_flatness_db": {
        "dmean": 0.0301938951015,
        "dmean2": 0.0454430393875,
        "dvar": 0.0010710270144,
        "dvar2": 0.00215504551306,
        "max": 0.769780337811,
        "mean": 0.312601596117,
        "median": 0.302020668983,
        "min": 0.00649764155969,
        "var": 0.0129196867347
    },
    "melbands_kurtosis": {
        "dmean": 6.35548877716,
        "dmean2": 9.64802360535,
        "dvar": 154.015441895,
        "dvar2": 327.41394043,
        "max": 249.647018433,
        "mean": 10.160815239,
        "median": 4.55015182495,
        "min": -1.78837013245,
        "var": 310.351623535
    },
    "melbands_skewness": {
        "dmean": 0.706044316292,
        "dmean2": 1.02167856693,
        "dvar": 0.539443135262,
        "dvar2": 1.07998764515,
        "max": 12.361905098,
        "mean": 2.11994338036,
        "median": 1.80501389503,
        "min": -4.15122652054,
        "var": 2.41509437561
    },
    "melbands_spread": {
        "dmean": 3.91251015663,
        "dmean2": 6.03084850311,
        "dvar": 27.5128078461,
        "dvar2": 59.4575920105,
        "max": 145.817260742,
        "mean": 13.9114351273,
        "median": 11.4132061005,
        "min": 0.53269559145,
        "var": 120.735870361
    },
    "pitch_salience": {
        "dmean": 0.079074382782,
        "dmean2": 0.124046251178,
        "dvar": 0.00578369712457,
        "dvar2": 0.0130460085347,
        "max": 0.841205775738,
        "mean": 0.498413145542,
        "median": 0.513273596764,
        "min": 0.0769487246871,
        "var": 0.0203924886882
    },
    "silence_rate_20dB": {
        "dmean": 0,
        "dmean2": 0,
        "dvar": 0,
        "dvar2": 0,
        "max": 1,
        "mean": 1,
        "median": 1,
        "min": 1,
        "var": 0
    },
    "silence_rate_30dB": {
        "dmean": 0.0500431396067,
        "dmean2": 0.100095875561,
        "dvar": 0.047537215054,
        "dvar2": 0.0904543176293,
        "max": 1,
        "mean": 0.918040633202,
        "median": 1,
        "min": 0,
        "var": 0.0752391889691
    },
    "silence_rate_60dB": {
        "dmean": 0.0151471579447,
        "dmean2": 0.0302972197533,
        "dvar": 0.0149171892554,
        "dvar2": 0.0385813377798,
        "max": 1,
        "mean": 0.0940375775099,
        "median": 0,
        "min": 0,
        "var": 0.0851998478174
    },
    "spectral_centroid": {
        "dmean": 137.276321411,
        "dmean2": 209.350021362,
        "dvar": 43487.9726562,
        "dvar2": 86233.234375,
        "max": 10976.1660156,
        "mean": 742.611816406,
        "median": 645.926391602,
        "min": 134.132873535,
        "var": 205768.40625
    },
    "spectral_complexity": {
        "dmean": 2.51787948608,
        "dmean2": 3.94151496887,
        "dvar": 14.1082038879,
        "dvar2": 25.167137146,
        "max": 61,
        "mean": 13.3184432983,
        "median": 12,
        "min": 0,
        "var": 77.8276596069
    },
    "spectral_decrease": {
        "dmean": 3.39045369557e-09,
        "dmean2": 4.6372270468e-09,
        "dvar": 4.40813217282e-17,
        "dvar2": 7.22243619777e-17,
        "max": -1.38987358516e-28,
        "mean": -8.32132762696e-09,
        "median": -4.0994709849e-09,
        "min": -6.53085407976e-08,
        "var": 1.3202264474e-16
    },
    "spectral_energy": {
        "dmean": 0.013196230866,
        "dmean2": 0.0181353744119,
        "dvar": 0.000656363205053,
        "dvar2": 0.00108912319411,
        "max": 0.249932333827,
        "mean": 0.0325571522117,
        "median": 0.0162399373949,
        "min": 1.10203560488e-20,
        "var": 0.00195860513486
    },
    "spectral_energyband_high": {
        "dmean": 0.000172274958459,
        "dmean2": 0.000279976375168,
        "dvar": 4.18238130351e-07,
        "dvar2": 1.1929895436e-06,
        "max": 0.00858281739056,
        "mean": 0.000210541824345,
        "median": 2.03880590561e-05,
        "min": 7.53448850833e-21,
        "var": 4.66291311341e-07
    },
    "spectral_energyband_low": {
        "dmean": 0.0108897918835,
        "dmean2": 0.014342661947,
        "dvar": 0.000605411478318,
        "dvar2": 0.00102826592047,
        "max": 0.238374203444,
        "mean": 0.0190881248564,
        "median": 0.00400465447456,
        "min": 5.56241222836e-23,
        "var": 0.00148357555736
    },
    "spectral_energyband_middle_high": {
        "dmean": 0.00231486652046,
        "dmean2": 0.00369375385344,
        "dvar": 4.14712594647e-05,
        "dvar2": 0.000104972023109,
        "max": 0.0984647199512,
        "mean": 0.00451366975904,
        "median": 0.00154347741045,
        "min": 1.89149023837e-21,
        "var": 7.23656048649e-05
    },
    "spectral_energyband_middle_low": {
        "dmean": 0.00430383207276,
        "dmean2": 0.00700247613713,
        "dvar": 8.36570106912e-05,
        "dvar2": 0.000224220348173,
        "max": 0.0960990041494,
        "mean": 0.00978605262935,
        "median": 0.00731523893774,
        "min": 4.72767596917e-22,
        "var": 0.000108839121822
    },
    "spectral_entropy": {
        "dmean": 0.191571608186,
        "dmean2": 0.301850765944,
        "dvar": 0.0569792985916,
        "dvar2": 0.133641168475,
        "max": 9.80446529388,
        "mean": 6.82153987885,
        "median": 6.82556152344,
        "min": 4.91568565369,
        "var": 0.431292146444
    },
    "spectral_flux": {
        "dmean": 0.0270780976862,
        "dmean2": 0.0415702797472,
        "dvar": 0.00191204471048,
        "dvar2": 0.00336020952091,
        "max": 0.423995494843,
        "mean": 0.0786950141191,
        "median": 0.0544847212732,
        "min": 1.04977880555e-10,
        "var": 0.00571986893192
    },
    "spectral_kurtosis": {
        "dmean": 9.16478538513,
        "dmean2": 15.71733284,
        "dvar": 286.199707031,
        "dvar2": 818.973266602,
        "max": 449.874694824,
        "mean": 26.0057449341,
        "median": 11.2583198547,
        "min": -1.18941867352,
        "var": 1526.20568848
    },
    "spectral_rms": {
        "dmean": 0.00090988172451,
        "dmean2": 0.0012781934347,
        "dvar": 1.77553908998e-06,
        "dvar2": 2.91039168587e-06,
        "max": 0.0156152620912,
        "mean": 0.00471534254029,
        "median": 0.00398043263704,
        "min": 3.2789582681e-12,
        "var": 9.52866412263e-06
    },
    "spectral_rolloff": {
        "dmean": 233.362686157,
        "dmean2": 382.827880859,
        "dvar": 293409.90625,
        "dvar2": 646262.625,
        "max": 18949.21875,
        "mean": 886.176208496,
        "median": 667.529296875,
        "min": 64.599609375,
        "var": 1474082.875
    },
    "spectral_skewness": {
        "dmean": 0.608013153076,
        "dmean2": 1.03686618805,
        "dvar": 0.685863077641,
        "dvar2": 1.97970271111,
        "max": 16.9878730774,
        "mean": 3.19559621811,
        "median": 2.59284496307,
        "min": -0.0213576052338,
        "var": 3.58549928665
    },
    "spectral_spread": {
        "dmean": 429417.8125,
        "dmean2": 611847,
        "dvar": 466565824512,
        "dvar2": 730811924480,
        "max": 40872944,
        "mean": 2997095,
        "median": 2730984.75,
        "min": 174346.234375,
        "var": 3.47131006157e+12
    },
    "spectral_strongpeak": {
        "dmean": 0.426179140806,
        "dmean2": 0.700845837593,
        "dvar": 0.512019813061,
        "dvar2": 1.18579399586,
        "max": 11.5935602188,
        "mean": 0.779821574688,
        "median": 0.409925401211,
        "min": 0,
        "var": 1.1507089138
    },
    "zerocrossingrate": {
        "dmean": 0.006298083812,
        "dmean2": 0.00710535841063,
        "dvar": 7.21057513147e-05,
        "dvar2": 8.18164699012e-05,
        "max": 0.5078125,
        "mean": 0.0354692414403,
        "median": 0.02685546875,
        "min": 0.00244140625,
        "var": 0.00136030383874
    },
    "barkbands": {
        "dmean": [0.000110865898023, 0.0069739674218, 0.0062318877317, 0.00172460079193, 0.00168098066933, 0.000797255896032, 0.000657185621094, 0.000526997318957, 0.000790204969235, 0.00070441729622, 0.00074073910946, 0.000429330888437, 0.000381570513127, 0.000194747335627, 0.000216298765736, 0.000136157817906, 0.000128946034238, 8.92585885595e-05, 9.75393704721e-05, 7.23554476281e-05, 5.58400788577e-05, 2.44334441959e-05, 2.16136158997e-05, 1.35631480589e-05, 1.22049023048e-05, 1.36325925268e-05, 1.37090110002e-05],
        "dmean2": [0.000180502232979, 0.0101986536756, 0.00987298693508, 0.00305694714189, 0.00272086053155, 0.00121804594528, 0.000987123814411, 0.000821030756924, 0.00120501348283, 0.00112359086052, 0.00114925869275, 0.000697015842889, 0.000620621955022, 0.000329770555254, 0.000365939806215, 0.000236243911786, 0.000215097636101, 0.000159296396305, 0.000168332277099, 0.000128826373839, 9.64458668022e-05, 4.21273798565e-05, 3.70644265786e-05, 2.31102494581e-05, 1.8226530301e-05, 1.93458035938e-05, 1.80837996595e-05],
        "dvar": [6.19577988914e-08, 0.000271517725196, 0.000390540983062, 3.35325967171e-05, 1.41244736369e-05, 1.98742463908e-06, 1.26720249227e-06, 1.38057703225e-06, 2.12428744817e-06, 5.13237273481e-06, 5.21533138453e-06, 1.98844213628e-06, 1.49889956447e-06, 3.61267382232e-07, 5.70284839796e-07, 3.29903087959e-07, 1.43614983017e-07, 2.14297187995e-07, 2.39152910808e-07, 1.34596461976e-07, 7.30455838038e-08, 8.88437412527e-09, 5.30250154895e-09, 2.17216467036e-09, 1.66934299717e-09, 1.90852089688e-09, 1.9530823625e-09],
        "dvar2": [1.66465525808e-07, 0.000618088932242, 0.000889297574759, 9.37587828957e-05, 3.90772293031e-05, 4.92154049425e-06, 2.74152353086e-06, 3.62201330972e-06, 4.63743617729e-06, 1.24377074826e-05, 1.02407157101e-05, 4.50502921012e-06, 3.46519573213e-06, 9.67152686826e-07, 1.50959795064e-06, 9.23929235341e-07, 3.74864782771e-07, 6.0411883851e-07, 6.37119740077e-07, 3.8737732666e-07, 2.22282565687e-07, 2.55795136184e-08, 1.49050372045e-08, 5.93675775207e-09, 4.01515798387e-09, 4.38782654655e-09, 3.79523656946e-09],
        "max": [0.00428838096559, 0.178278326988, 0.166799724102, 0.0589734725654, 0.0532083772123, 0.0292970407754, 0.0343889594078, 0.0353991761804, 0.0289160348475, 0.0944413915277, 0.0887455940247, 0.0531265027821, 0.0509233251214, 0.00879960507154, 0.01291016303, 0.0110781379044, 0.00542036956176, 0.00820144172758, 0.00751599995419, 0.00549163296819, 0.00366818183102, 0.00162691180594, 0.000865745532792, 0.000838508480228, 0.00091750692809, 0.000542934285477, 0.000581679050811],
        "mean": [0.000154788358486, 0.0123909320682, 0.00569096161053, 0.00160160881933, 0.00285201868974, 0.00144249945879, 0.00124884094112, 0.000928868714254, 0.0013303484302, 0.00115184183232, 0.00122708489653, 0.000638957077172, 0.000568342627957, 0.000245961709879, 0.0002795397304, 0.000162707379786, 0.000177564914338, 0.000106330226117, 0.000109155975224, 7.4399409641e-05, 5.73294528294e-05, 2.76213704637e-05, 2.47383522947e-05, 1.67012913153e-05, 1.55976722453e-05, 1.57581453095e-05, 1.67142497958e-05],
        "median": [8.35896207718e-06, 0.00146289891563, 0.000816386775114, 0.000373390968889, 0.00154339254368, 0.000782020390034, 0.000629404443316, 0.000382468511816, 0.000595258665271, 0.000287576025585, 0.000230772508075, 9.87010571407e-05, 0.000150115054566, 5.59622203582e-05, 4.08070300182e-05, 2.47425596172e-05, 1.99157584575e-05, 9.00777013157e-06, 8.60768250277e-06, 6.02739419264e-06, 4.95915082865e-06, 3.07752202389e-06, 2.00144063456e-06, 1.08456038106e-06, 6.33119952909e-07, 2.87789418962e-07, 1.29524522663e-07],
        "min": [4.88149715615e-23, 1.12018579863e-23, 7.07035361194e-24, 1.48510733136e-23, 7.03918508648e-23, 7.06565042322e-23, 9.47066959763e-23, 1.12376012739e-22, 6.21710871953e-23, 8.26860145699e-23, 8.7143602488e-23, 1.67347349468e-22, 1.3258377661e-22, 7.59077619517e-23, 1.86908360993e-22, 1.69323969839e-22, 1.48873123214e-22, 2.71290678944e-22, 4.78123066317e-22, 2.72501182848e-22, 5.70763054007e-22, 5.94175536906e-22, 5.70915626017e-22, 8.92144683871e-22, 1.25908723406e-21, 1.50980565753e-21, 2.1656991978e-21],
        "var": [8.46772749696e-08, 0.000631402712315, 0.000361891987268, 2.22428152483e-05, 1.64784578374e-05, 3.72595263798e-06, 4.44129864263e-06, 3.20802337228e-06, 5.30171018909e-06, 1.37372135214e-05, 1.62811393238e-05, 4.02099340135e-06, 3.14519138556e-06, 3.76274414293e-07, 6.64201536438e-07, 2.73216841151e-07, 2.011801854e-07, 2.11844621845e-07, 2.28710817396e-07, 1.11217140386e-07, 6.36590797853e-08, 9.10616826388e-09, 5.49952705597e-09, 2.40691044873e-09, 2.15836615247e-09, 2.49014409093e-09, 3.05179281845e-09]
    },
    "erbbands": {
        "dmean": [0.143956467509, 1.88042080402, 6.74750089645, 6.51687717438, 6.2467007637, 5.26519680023, 4.89260053635, 6.82674598694, 7.21689653397, 15.7379360199, 9.59090805054, 20.2237262726, 17.2582683563, 24.3053150177, 24.8195705414, 18.4454193115, 19.2663955688, 10.653137207, 9.65426635742, 10.4790840149, 7.77815294266, 6.47826576233, 4.6122546196, 6.79528999329, 4.04477882385, 3.62957835197, 2.5688970089, 1.77268576622, 0.941238760948, 0.773713231087, 0.593258678913, 0.301210522652, 0.234704330564, 0.134035363793, 0.091373808682, 0.0624328665435, 0.0235701370984, 0.010424409993, 0.00231161038391, 0.000140211399412],
        "dmean2": [0.202472612262, 2.70833659172, 10.0705041885, 11.1136636734, 10.756061554, 8.03479099274, 7.35018253326, 10.4868450165, 10.9859056473, 24.1278095245, 14.9524431229, 30.912984848, 26.9275684357, 38.8217506409, 38.1598129272, 29.8482837677, 31.0805511475, 17.9354152679, 16.4706230164, 18.0213165283, 13.3975629807, 10.7494401932, 7.91365718842, 11.9751462936, 6.91850376129, 6.46286201477, 4.50347471237, 3.08332467079, 1.6287624836, 1.35135018826, 1.02503800392, 0.502226173878, 0.406526356936, 0.212196335196, 0.137243151665, 0.0961760729551, 0.0334933102131, 0.0142605938017, 0.00301784439944, 0.000182425574167],
        "dvar": [0.0777812600136, 21.425579071, 408.70980835, 473.743347168, 328.230041504, 97.6515045166, 64.0043716431, 157.650665283, 163.037628174, 1235.84191895, 284.522125244, 1505.76477051, 1934.22167969, 7122.37353516, 4467.79931641, 4136.44238281, 3732.99707031, 1035.99475098, 1072.46240234, 1399.93188477, 1319.80090332, 384.673583984, 297.283081055, 1678.18676758, 334.661987305, 375.257476807, 149.623886108, 71.1095733643, 14.0770139694, 8.85170650482, 3.90670204163, 1.14216303825, 0.661335706711, 0.190018728375, 0.100361220539, 0.0437122695148, 0.00557285966352, 0.00110933184624, 5.45894472452e-05, 1.83400615583e-07],
        "dvar2": [0.174506410956, 47.0767059326, 880.490722656, 1261.72180176, 921.286071777, 248.771972656, 158.810562134, 393.656768799, 359.003723145, 3265.22827148, 653.801391602, 3279.74487305, 4325.87011719, 16733.0703125, 8372.66699219, 9337.484375, 8526.43066406, 2767.7824707, 2860.06201172, 3761.08227539, 3691.79492188, 987.514160156, 804.721984863, 4654.69580078, 921.393066406, 1065.76367188, 464.972808838, 206.437255859, 40.825553894, 25.5217094421, 11.0079050064, 3.12958836555, 1.82829236984, 0.484473407269, 0.235542550683, 0.108097717166, 0.0122687406838, 0.00207417039201, 0.000110121793114, 3.64302849221e-07],
        "max": [3.7980401516, 48.4290161133, 167.531997681, 192.847366333, 201.524307251, 162.161529541, 157.225448608, 241.529891968, 521.62109375, 1266.00390625, 431.131744385, 775.061279297, 1982.27416992, 3453.4296875, 2783.79663086, 2693.5378418, 2617.7277832, 473.971069336, 606.840759277, 546.13104248, 727.993041992, 288.998168945, 277.324676514, 637.682128906, 237.950942993, 304.840484619, 156.185516357, 134.395523071, 55.6966590881, 41.0886993408, 24.2587680817, 18.3160591125, 15.578368187, 8.44382858276, 7.45667982101, 2.46386361122, 1.18544435501, 0.41161569953, 0.113478720188, 0.00768892699853],
        "mean": [0.300280719995, 2.9755089283, 6.7856798172, 6.03270483017, 7.58335924149, 9.75130271912, 9.64410972595, 11.9686231613, 14.2775096893, 27.4379997253, 18.7397346497, 33.8164596558, 30.7653903961, 38.5509033203, 41.9509239197, 29.9280338287, 30.5253658295, 14.6044273376, 12.2750787735, 13.6838712692, 9.09857845306, 9.01534175873, 6.44101285934, 6.80546474457, 4.52337551117, 3.65535211563, 2.64319324493, 1.93809270859, 1.04286384583, 0.844047307968, 0.686177611351, 0.380428373814, 0.272183209658, 0.169187188148, 0.113256499171, 0.0688324868679, 0.028137139976, 0.0123535944149, 0.00286936410703, 0.00019652993069],
        "median": [0.0223459079862, 0.371790319681, 1.13543868065, 1.33984708786, 2.91719388962, 5.26477146149, 5.46228599548, 6.53039360046, 7.86691761017, 11.8986682892, 9.36921691895, 14.9992961884, 10.1117858887, 8.90813064575, 10.62890625, 6.06365966797, 8.42260932922, 3.63578128815, 2.44347834587, 2.19298624992, 1.34647631645, 1.03931832314, 0.719064474106, 0.564170241356, 0.394608914852, 0.321328550577, 0.242352455854, 0.162398532033, 0.108928233385, 0.0847175866365, 0.0531853996217, 0.027158845216, 0.0165805201977, 0.0081068277359, 0.00333846430294, 0.00145435496233, 0.000487094162963, 0.000148347375216, 3.69884292013e-05, 2.49305958278e-05],
        "min": [7.76877641065e-22, 1.45841160937e-21, 6.90793796841e-21, 3.77859399612e-20, 2.16312576944e-20, 1.87232615995e-19, 7.62560280823e-19, 6.94980658754e-19, 1.25233304264e-18, 2.52360252424e-18, 1.59933355184e-18, 1.20422308084e-18, 2.92940864736e-18, 2.02455742965e-18, 5.87883258401e-18, 6.06893978188e-18, 5.25931194192e-18, 4.99909539688e-18, 8.06662149304e-18, 7.8878197862e-18, 8.66921760621e-18, 9.0460678584e-18, 1.16524717823e-17, 2.35313577876e-17, 1.94800107814e-17, 1.39493240415e-17, 2.05325187015e-17, 2.28387710412e-17, 2.2439145198e-17, 1.56152078926e-17, 1.59566233817e-17, 1.63547106689e-17, 1.68886474825e-17, 1.23118248932e-17, 9.42090061707e-18, 5.44960070594e-18, 2.72158510193e-18, 1.13192232542e-18, 3.11785853718e-19, 3.36101706703e-20],
        "var": [0.283627957106, 43.5411300659, 448.855834961, 339.158081055, 249.583297729, 171.459762573, 145.795333862, 269.336608887, 658.662475586, 2662.23803711, 746.504821777, 3590.93261719, 5678.57519531, 16872.8730469, 12972.7685547, 8478.02929688, 8558.37597656, 1161.71484375, 1219.07836914, 1552.8861084, 1033.53210449, 553.206542969, 415.808624268, 1263.06970215, 351.861877441, 292.469451904, 134.291229248, 67.0551528931, 13.8746538162, 8.2448797226, 4.13789653778, 1.28947675228, 0.665478169918, 0.236142486334, 0.125696375966, 0.0498681403697, 0.0078202271834, 0.00168747419957, 8.54776662891e-05, 2.91347816983e-07]
    },
    "gfcc": {
        "mean": [-93.9501266479, 156.011230469, -105.14213562, -3.68475866318, -39.4853286743, 3.47039532661, -21.5638923645, 1.0174189806, -14.9297971725, -4.0659031868, -8.931599617, -3.79394340515, -7.05873012543],
        "cov": [[23814.6992188, -2317.43066406, 296.709106445, 2162.05810547, -464.917694092, 447.312133789, 31.5906734467, 137.043258667, -267.473266602, 402.918884277, -82.5345230103, 360.219238281, -266.598083496], [-2317.43066406, 4597.82958984, -184.586334229, -475.111938477, 1048.84716797, -770.95300293, 173.284591675, -255.729309082, 279.995819092, -347.99597168, 194.418930054, -514.702270508, 109.934547424], [296.709106445, -184.586334229, 847.664367676, -35.9306640625, 29.1636371613, 183.518218994, 27.7195835114, 94.9554290771, 13.7407951355, 72.1874008179, -10.4588108063, 34.5823249817, -45.155380249], [2162.05810547, -475.111938477, -35.9306640625, 770.209899902, -96.1105270386, 65.2733840942, 95.5455780029, 54.8518180847, 80.9463577271, 74.1701507568, 30.974357605, 87.2867889404, 20.2481021881], [-464.917694092, 1048.84716797, 29.1636371613, -96.1105270386, 518.116027832, -196.723266602, 65.3572006226, -29.865436554, 95.2488708496, -70.3125686646, 37.5509414673, -112.752349854, 18.717622757], [447.312133789, -770.95300293, 183.518218994, 65.2733840942, -196.723266602, 362.081298828, 19.9022121429, 70.2152786255, -64.657623291, 80.7978744507, -10.8899259567, 98.3589630127, -11.0994205475], [31.5906734467, 173.284591675, 27.7195835114, 95.5455780029, 65.3572006226, 19.9022121429, 194.471237183, 14.7616624832, 75.0629272461, 5.44777774811, 32.0974807739, 11.5725345612, 19.2475471497], [137.043258667, -255.729309082, 94.9554290771, 54.8518180847, -29.865436554, 70.2152786255, 14.7616624832, 137.352645874, 23.4435214996, 48.0236930847, 2.62370252609, 38.5012779236, 4.6950097084], [-267.473266602, 279.995819092, 13.7407951355, 80.9463577271, 95.2488708496, -64.657623291, 75.0629272461, 23.4435214996, 166.660003662, 19.4631843567, 34.8096580505, -1.9326236248, 31.4295253754], [402.918884277, -347.99597168, 72.1874008179, 74.1701507568, -70.3125686646, 80.7978744507, 5.44777774811, 48.0236930847, 19.4631843567, 120.009094238, 21.3967151642, 55.9271583557, -11.8949432373], [-82.5345230103, 194.418930054, -10.4588108063, 30.974357605, 37.5509414673, -10.8899259567, 32.0974807739, 2.62370252609, 34.8096580505, 21.3967151642, 102.706893921, 11.0266914368, 20.628862381], [360.219238281, -514.702270508, 34.5823249817, 87.2867889404, -112.752349854, 98.3589630127, 11.5725345612, 38.5012779236, -1.9326236248, 55.9271583557, 11.0266914368, 148.361663818, 11.9509992599], [-266.598083496, 109.934547424, -45.155380249, 20.2481021881, 18.717622757, -11.0994205475, 19.2475471497, 4.6950097084, 31.4295253754, -11.8949432373, 20.628862381, 11.9509992599, 81.5111465454]],
        "icov": [[6.928685616e-05, -4.2858064262e-05, -1.24996240629e-05, -0.000228092307225, -1.6844163838e-05, -3.47537775269e-06, 2.26559550356e-05, 3.51861149284e-06, 0.000249296281254, -0.000198408873985, 0.000136096932692, -0.000140609205118, 0.000193090425455], [-4.2858064262e-05, 0.00105197215453, -0.000159416449605, 0.000436129048467, -0.000800581648946, 0.0007114278269, -0.000459332251921, 0.0006370076444, -0.000799604924396, 0.00125323073007, -0.00173141201958, 0.00203262036666, -0.000771772232838], [-1.24996240629e-05, -0.000159416449605, 0.00158437609207, 0.000170446524862, -0.000328376394464, -0.0010251631029, 9.90965927485e-05, -0.000734081258997, -0.000341091013979, -0.000475933251437, 0.000457259360701, -0.000315524550388, 0.000956789008342], [-0.000228092307225, 0.000436129048467, 0.000170446524862, 0.00243507139385, 0.000111494293378, 0.000196522509214, -0.000814491184428, -5.03968876728e-05, -0.00161516899243, 0.000511469203047, -0.000948889297433, 0.000545899674762, -0.00079077918781], [-1.6844163838e-05, -0.000800581648946, -0.000328376394464, 0.000111494293378, 0.00390593637712, 0.000682793208398, -0.000521723763086, -0.000669499568176, -0.000485305383336, 6.2018254539e-05, 0.000360990932677, -7.51386251068e-05, 0.000288686889689], [-3.47537775269e-06, 0.0007114278269, -0.0010251631029, 0.000196522509214, 0.000682793208398, 0.0058999848552, -0.00192637823056, -0.00068854354322, 0.00217542028986, -0.00102449161932, -0.000802749476861, 0.000110968001536, -0.00124787853565], [2.26559550356e-05, -0.000459332251921, 9.90965927485e-05, -0.000814491184428, -0.000521723763086, -0.00192637823056, 0.0074263154529, -4.28816856584e-05, -0.00271748960949, 0.000855457619764, -0.000417104543885, -0.00124860170763, 0.000518473156262], [3.51861149284e-06, 0.0006370076444, -0.000734081258997, -5.03968876728e-05, -0.000669499568176, -0.00068854354322, -4.28816856584e-05, 0.00999670568854, -0.00176343158819, -0.00165934883989, -0.00017267234216, 0.000481976603623, -0.00133663602173], [0.000249296281254, -0.000799604924396, -0.000341091013979, -0.00161516899243, -0.000485305383336, 0.00217542028986, -0.00271748960949, -0.00176343158819, 0.0118165854365, -0.00441027339548, 0.000944539206102, -0.00158774014562, -0.00194914673921], [-0.000198408873985, 0.00125323073007, -0.000475933251437, 0.000511469203047, 6.2018254539e-05, -0.00102449161932, 0.000855457619764, -0.00165934883989, -0.00441027339548, 0.0159283801913, -0.00538608944044, -0.000126504819491, 0.00241657532752], [0.000136096932692, -0.00173141201958, 0.000457259360701, -0.000948889297433, 0.000360990932677, -0.000802749476861, -0.000417104543885, -0.00017267234216, 0.000944539206102, -0.00538608944044, 0.014829932712, -0.00396959623322, -0.00113579002209], [-0.000140609205118, 0.00203262036666, -0.000315524550388, 0.000545899674762, -7.51386251068e-05, 0.000110968001536, -0.00124860170763, 0.000481976603623, -0.00158774014562, -0.000126504819491, -0.00396959623322, 0.0143488561735, -0.00371768092737], [0.000193090425455, -0.000771772232838, 0.000956789008342, -0.00079077918781, 0.000288686889689, -0.00124787853565, 0.000518473156262, -0.00133663602173, -0.00194914673921, 0.00241657532752, -0.00113579002209, -0.00371768092737, 0.0163222551346]]
    },
    "melbands": {
        "dmean": [0.00157285679597, 0.00305196479894, 0.00108585495036, 0.000419906107709, 0.000177713445737, 0.000154609209858, 0.000112067602458, 0.000163320481079, 9.56836302066e-05, 0.000115131224447, 8.86849302333e-05, 0.000100229684904, 9.94258734863e-05, 4.21986151196e-05, 5.80258274567e-05, 3.12392076012e-05, 1.92851111933e-05, 1.48289436765e-05, 1.52255825014e-05, 1.11954395834e-05, 9.73400346993e-06, 7.12489645593e-06, 5.69437270315e-06, 4.48109767603e-06, 6.00014664087e-06, 3.0897592751e-06, 2.70938517133e-06, 2.30085038311e-06, 1.53978396611e-06, 1.50010885136e-06, 8.93711217032e-07, 5.18142087458e-07, 4.96445409226e-07, 4.15249161279e-07, 3.80980537784e-07, 2.46945774052e-07, 1.67512780536e-07, 1.86055771678e-07, 1.16296760666e-07, 1.12623048665e-07],
        "dmean2": [0.0022435260471, 0.00416841823608, 0.0017790463753, 0.000695218099281, 0.000263364840066, 0.00023722932383, 0.0001691464131, 0.000250361306826, 0.000148158680531, 0.000176049768925, 0.000138965406222, 0.000161115211085, 0.000152725580847, 6.95563430781e-05, 9.33092378546e-05, 5.1386992709e-05, 3.25363398588e-05, 2.55818595178e-05, 2.55044797086e-05, 1.94243511942e-05, 1.66532408912e-05, 1.20039039757e-05, 9.23327024793e-06, 7.90352078184e-06, 1.06573115772e-05, 5.19688046552e-06, 4.72894998893e-06, 4.12572535424e-06, 2.66505230684e-06, 2.6322411486e-06, 1.56238479576e-06, 9.04899081888e-07, 8.88021077117e-07, 7.19453282727e-07, 6.56239876662e-07, 4.26776239237e-07, 2.73529281003e-07, 3.27425539126e-07, 1.88793791267e-07, 1.8006380742e-07],
        "dvar": [1.10318924271e-05, 6.41548613203e-05, 1.13036003313e-05, 1.08045480829e-06, 7.82323041904e-08, 7.65187735396e-08, 3.6917629842e-08, 1.36292229058e-07, 2.75543321493e-08, 4.63795224448e-08, 5.64648701129e-08, 1.25604984191e-07, 8.44712815251e-08, 1.72940559651e-08, 3.67352157582e-08, 9.95508742108e-09, 3.28908433822e-09, 2.58794541352e-09, 2.82321321876e-09, 1.47103906833e-09, 2.22913176806e-09, 5.43367517647e-10, 2.43870784677e-10, 5.38883659917e-10, 1.3241432395e-09, 1.83114606811e-10, 1.66086727704e-10, 1.46660628086e-10, 4.85978410292e-11, 5.45648526362e-11, 1.79308252274e-11, 4.38064601954e-12, 4.02858519113e-12, 2.36481450741e-12, 1.46435728127e-12, 8.64757104899e-13, 3.45913862875e-13, 4.38598430578e-13, 1.41492124007e-13, 1.41873668304e-13],
        "dvar2": [2.43120339292e-05, 0.00012696495105, 2.84411926259e-05, 3.01303862216e-06, 1.88849696769e-07, 1.90271322253e-07, 7.9837214173e-08, 3.66018468867e-07, 6.22767615255e-08, 1.0122240468e-07, 1.26967620417e-07, 3.01128295632e-07, 1.5693962041e-07, 3.93247923114e-08, 8.30148394471e-08, 2.33123369497e-08, 8.75893135799e-09, 6.94350932307e-09, 7.28957472163e-09, 4.12071710088e-09, 6.26106944068e-09, 1.42978584527e-09, 5.64395974401e-10, 1.55316004502e-09, 3.68999697464e-09, 4.81832074239e-10, 4.65024990737e-10, 4.21507662107e-10, 1.48355744356e-10, 1.69635458458e-10, 5.11122602576e-11, 1.23237184346e-11, 1.21288135785e-11, 6.7047118725e-12, 4.11429397495e-12, 2.48847145147e-12, 9.19879732282e-13, 1.23156736545e-12, 3.65910020382e-13, 3.6364804939e-13],
        "max": [0.0407932847738, 0.0708603933454, 0.0295603461564, 0.0141559997573, 0.00533736729994, 0.00543001433834, 0.00796028040349, 0.0133271859959, 0.00355226593092, 0.00418790103868, 0.0112959370017, 0.012743441388, 0.0132796633989, 0.00571995880455, 0.00810307171196, 0.00328436191194, 0.000834682956338, 0.000896475452464, 0.000976159004495, 0.000553078367375, 0.00095384020824, 0.000353177834768, 0.000391550653148, 0.000372989947209, 0.000565616879612, 0.000190603968804, 0.000189763028175, 0.00018363003619, 8.71998054208e-05, 0.000100159457361, 6.96681963746e-05, 3.64479892596e-05, 2.83279714495e-05, 2.24378582061e-05, 1.52429965965e-05, 1.14930180644e-05, 1.31839879032e-05, 1.37899314723e-05, 5.44584872841e-06, 8.5235124061e-06],
        "mean": [0.00313528068364, 0.00381317432038, 0.0011181718437, 0.000653540482745, 0.000369204150047, 0.000273910321994, 0.000224764065933, 0.000284039124381, 0.000176494184416, 0.000192475767108, 0.000150965104694, 0.000153959015734, 0.000164699231391, 6.3570070779e-05, 9.3986709544e-05, 4.60287810711e-05, 2.48337910307e-05, 1.79841717909e-05, 2.05277356145e-05, 1.34343054015e-05, 1.03785414467e-05, 9.0572721092e-06, 8.53423625813e-06, 4.86409226141e-06, 5.6525045693e-06, 3.54305825567e-06, 2.77247659142e-06, 2.28868816521e-06, 1.64614698406e-06, 1.43957163345e-06, 1.01232410543e-06, 5.86857538565e-07, 5.0239191296e-07, 4.56391859416e-07, 4.35187331504e-07, 2.77415665551e-07, 2.16938616404e-07, 2.01383514309e-07, 1.51180188368e-07, 1.39152547263e-07],
        "median": [0.000313877768349, 0.000721498858184, 0.000296431739116, 0.000336779514328, 0.000219464607653, 0.000153008746565, 0.0001235245727, 0.0001237525139, 8.95611156011e-05, 8.61242006067e-05, 4.17936207668e-05, 3.23362219206e-05, 3.39932048519e-05, 1.49318020704e-05, 1.97320987354e-05, 1.21303564811e-05, 5.51172888663e-06, 3.33318598678e-06, 2.95973541142e-06, 2.17724118556e-06, 1.05800938854e-06, 9.22841763895e-07, 8.64657977218e-07, 3.26951408169e-07, 4.12389454141e-07, 2.58198895153e-07, 2.23840288527e-07, 1.84971980843e-07, 1.27049474941e-07, 1.12552953624e-07, 8.02339243933e-08, 6.13758359691e-08, 4.91423897131e-08, 4.33295213043e-08, 3.1537311429e-08, 1.93502280865e-08, 1.42286227245e-08, 1.13833440452e-08, 8.60588400542e-09, 5.85894976979e-09],
        "min": [8.35131936047e-24, 2.98120712389e-24, 5.66261160505e-24, 3.99422837735e-24, 2.47347147505e-23, 1.39805290171e-23, 1.84892508991e-23, 2.79519924446e-23, 1.23715470155e-23, 8.02365257285e-24, 1.46469334663e-23, 7.39987106724e-24, 1.59106176389e-23, 2.02721443869e-23, 1.46853651918e-23, 1.12923340212e-23, 8.2128158959e-24, 1.09216451264e-23, 1.44022004145e-23, 1.07876318581e-23, 9.15555437587e-24, 9.70758898216e-24, 6.5004363178e-24, 1.51174889962e-23, 1.96417877257e-23, 1.99334232914e-23, 9.15431428653e-24, 9.17971876312e-24, 1.16096706753e-23, 1.40753974295e-23, 1.29897670518e-23, 1.34531912792e-23, 9.47085655767e-24, 8.87289368062e-24, 9.3824189393e-24, 9.29044406864e-24, 1.07485004129e-23, 1.30914062574e-23, 1.01869821208e-23, 1.06262553716e-23],
        "var": [3.4515207517e-05, 9.81305711321e-05, 9.21543596633e-06, 1.09361951672e-06, 1.96335108171e-07, 1.35429473858e-07, 1.55806958446e-07, 2.96812260103e-07, 7.31269764742e-08, 1.10961792643e-07, 1.66275455626e-07, 2.92308016014e-07, 2.5348307986e-07, 3.34067955521e-08, 9.28434573666e-08, 2.10026716019e-08, 3.58719520754e-09, 2.83462742168e-09, 3.66032026911e-09, 1.43483736004e-09, 1.66339120256e-09, 6.64298116515e-10, 5.02295705029e-10, 5.03688868392e-10, 9.42441791274e-10, 2.19446738559e-10, 1.46824288838e-10, 1.13065383445e-10, 5.0241075189e-11, 4.29459488804e-11, 1.7868997948e-11, 4.32909350728e-12, 3.45904424895e-12, 2.23138131236e-12, 1.57824610585e-12, 8.22414727465e-13, 4.02793033302e-13, 4.01244277604e-13, 1.7831444871e-13, 1.69803082185e-13]
    },
    "mfcc": {
        "mean": [-732.411865234, 186.981307983, 4.64218044281, 6.085978508, 1.73489379883, 5.25329589844, 1.95983099937, 4.70003461838, 0.770248234272, 1.81288826466, -0.224488034844, 1.72916245461, 0.46742644906],
        "cov": [[13040.2851562, -836.809692383, -507.984710693, 840.106201172, -352.621368408, 353.700622559, 129.308990479, 153.950836182, -88.0202560425, 88.7909545898, 23.1762828827, 200.357177734, 93.6889648438], [-836.809692383, 2999.67480469, 97.2165985107, -190.864028931, 308.805725098, -56.781665802, -14.0981626511, -52.1030349731, 22.0705280304, 14.0686264038, 72.4463806152, -7.30801010132, -43.2168884277], [-507.984710693, 97.2165985107, 641.793334961, -54.2159538269, 64.1686401367, 68.427154541, 28.6117286682, 40.923625946, 50.2298164368, 32.9223060608, 37.2501525879, 39.5115203857, 14.6143665314], [840.106201172, -190.864028931, -54.2159538269, 450.236663818, -3.6492099762, 41.4563484192, -13.4154396057, 63.0451774597, 35.2275314331, 65.7035140991, 29.996761322, 41.7326927185, 31.8346691132], [-352.621368408, 308.805725098, 64.1686401367, -3.6492099762, 239.247558594, 11.9646205902, -8.71095657349, 1.02261447906, 32.368309021, 7.28955459595, 16.5726222992, 0.594642519951, -2.08446097374], [353.700622559, -56.781665802, 68.427154541, 41.4563484192, 11.9646205902, 147.080810547, 50.0961875916, 37.7296600342, 18.898273468, 16.4701557159, 9.15301704407, 28.5043888092, 20.940164566], [129.308990479, -14.0981626511, 28.6117286682, -13.4154396057, -8.71095657349, 50.0961875916, 136.940704346, 42.3537216187, 0.648967802525, 4.28035402298, 10.0475111008, 6.85134840012, 10.9171867371], [153.950836182, -52.1030349731, 40.923625946, 63.0451774597, 1.02261447906, 37.7296600342, 42.3537216187, 98.638633728, 38.6819801331, 23.3108882904, 9.58683109283, 11.3799314499, 23.4947929382], [-88.0202560425, 22.0705280304, 50.2298164368, 35.2275314331, 32.368309021, 18.898273468, 0.648967802525, 38.6819801331, 93.461265564, 44.5806083679, 3.60958695412, -2.978328228, 6.69004821777], [88.7909545898, 14.0686264038, 32.9223060608, 65.7035140991, 7.28955459595, 16.4701557159, 4.28035402298, 23.3108882904, 44.5806083679, 89.3659515381, 36.456111908, 8.49671363831, 10.9973096848], [23.1762828827, 72.4463806152, 37.2501525879, 29.996761322, 16.5726222992, 9.15301704407, 10.0475111008, 9.58683109283, 3.60958695412, 36.456111908, 73.7812194824, 38.8258094788, 8.35806846619], [200.357177734, -7.30801010132, 39.5115203857, 41.7326927185, 0.594642519951, 28.5043888092, 6.85134840012, 11.3799314499, -2.978328228, 8.49671363831, 38.8258094788, 91.8427581787, 38.1953353882], [93.6889648438, -43.2168884277, 14.6143665314, 31.8346691132, -2.08446097374, 20.940164566, 10.9171867371, 23.4947929382, 6.69004821777, 10.9973096848, 8.35806846619, 38.1953353882, 81.2502593994]],
