{
"lowlevel": {
    "average_loudness": 0.843668341637,
    "barkbands_crest": {
        "dmean": 2.96891665459,
        "dmean2": 4.63888835907,
        "dvar": 7.46338653564,
        "dvar2": 17.1550655365,
        "max": 26.2657375336,
        "mean": 11.5257644653,
        "median": 10.7856912613,
        "min": 2.02637696266,
        "var": 29.3860378265
    },
    "barkbands_flatness_db": {
        "dmean": 0.0316961966455,
        "dmean2": 0.0470725782216,
        "dvar": 0.000968649343122,
        "dvar2": 0.00199802801944,
        "max": 0.706607758999,
        "mean": 0.141511633992,
        "median": 0.127552941442,
        "min": 0.0145808663219,
        "var": 0.00628241244704
    },
    "barkbands_kurtosis": {
        "dmean": 5.0441827774,
        "dmean2": 7.82701969147,
        "dvar": 206.324981689,
        "dvar2": 471.343139648,
        "max": 473.414367676,
        "mean": 6.80005693436,
        "median": 2.04925203323,
        "min": -1.92268431187,
        "var": 409.318695068
    },
    "barkbands_skewness": {
        "dmean": 0.789668440819,
        "dmean2": 1.19988155365,
        "dvar": 0.907571494579,
        "dvar2": 2.05097365379,
        "max": 17.9086227417,
        "mean": 1.5865945816,
        "median": 1.36414086819,
        "min": -9.1679391861,
        "var": 3.34609794617
    },
    "barkbands_spread": {
        "dmean": 8.44677829742,
        "dmean2": 13.2289705276,
        "dvar": 111.854705811,
        "dvar2": 274.688537598,
        "max": 94.6550140381,
        "mean": 24.2944889069,
        "median": 21.0210266113,
        "min": 0.0588427558541,
        "var": 283.636383057
    },
    "dissonance": {
        "dmean": 0.0196685492992,
        "dmean2": 0.0325717404485,
        "dvar": 0.000470339611638,
        "dvar2": 0.00122397392988,
        "max": 0.500000178814,
        "mean": 0.464282780886,
        "median": 0.474632710218,
        "min": 0.141691043973,
        "var": 0.00136060384102
    },
    "dynamic_complexity": 4.07442045212,
    "erbbands_crest": {
        "dmean": 3.01751565933,
        "dmean2": 4.78524398804,
        "dvar": 10.0088539124,
        "dvar2": 22.2235240936,
        "max": 29.3593540192,
        "mean": 9.59488105774,
        "median": 7.87884092331,
        "min": 2.11911678314,
        "var": 32.2804489136
    },
    "erbbands_flatness_db": {
        "dmean": 0.0227455832064,
        "dmean2": 0.0329049043357,
        "dvar": 0.00057155743707,
        "dvar2": 0.00117880362086,
        "max": 0.628158152103,
        "mean": 0.16133633256,
        "median": 0.152229502797,
        "min": 0.0330622717738,
        "var": 0.00534768588841
    },
    "erbbands_kurtosis": {
        "dmean": 1.35569989681,
        "dmean2": 2.12555217743,
        "dvar": 7.1454834938,
        "dvar2": 16.3810882568,
        "max": 66.7694778442,
        "mean": 0.949957728386,
        "median": -0.0952866077423,
        "min": -1.8104249239,
        "var": 14.5419549942
    },
    "erbbands_skewness": {
        "dmean": 0.476319074631,
        "dmean2": 0.7312926054,
        "dvar": 0.250155955553,
        "dvar2": 0.583978354931,
        "max": 6.17255163193,
        "mean": 0.428236395121,
        "median": 0.375324755907,
        "min": -2.73192954063,
        "var": 0.90644800663
    },
    "erbbands_spread": {
        "dmean": 9.93310070038,
        "dmean2": 15.2296943665,
        "dvar": 107.322944641,
        "dvar2": 242.73979187,
        "max": 166.295776367,
        "mean": 40.8033752441,
        "median": 37.1543197632,
        "min": 0.463847905397,
        "var": 494.152496338
    },
    "hfc": {
        "dmean": 16.3071689606,
        "dmean2": 23.9084300995,
        "dvar": 1031.22875977,
        "dvar2": 2304.69116211,
        "max": 281.469482422,
        "mean": 25.562713623,
        "median": 11.6942310333,
        "min": 1.04884264975e-16,
        "var": 1531.64318848
    },
    "melbands_crest": {
        "dmean": 3.72410798073,
        "dmean2": 5.91061782837,
        "dvar": 13.1282043457,
        "dvar2": 30.3632164001,
        "max": 38.6576347351,
        "mean": 15.8335914612,
        "median": 15.4034786224,
        "min": 1.6232894659,
        "var": 48.5587730408
    },
    "melbands_flatness_db": {
        "dmean": 0.0373321324587,
        "dmean2": 0.0553831383586,
        "dvar": 0.00142799853347,
        "dvar2": 0.00304596289061,
        "max": 0.860315620899,
        "mean": 0.191876217723,
        "median": 0.187314286828,
        "min": 0.00260073808022,
        "var": 0.0100675253198
    },
    "melbands_kurtosis": {
        "dmean": 11.7105798721,
        "dmean2": 18.4454421997,
        "dvar": 853.520507812,
        "dvar2": 1830.62524414,
        "max": 733.720275879,
        "mean": 19.6811790466,
        "median": 7.37695217133,
        "min": -1.77531540394,
        "var": 2110.84912109
    },
    "melbands_skewness": {
        "dmean": 0.977920413017,
        "dmean2": 1.50285589695,
        "dvar": 1.34841680527,
        "dvar2": 3.08035588264,
        "max": 21.5400848389,
        "mean": 2.86501574516,
        "median": 2.27686738968,
        "min": -2.09450149536,
        "var": 5.96485567093
    },
    "melbands_spread": {
        "dmean": 11.1303396225,
        "dmean2": 17.6814231873,
        "dvar": 270.461730957,
        "dvar2": 646.60168457,
        "max": 202.727416992,
        "mean": 28.9038238525,
        "median": 19.5145492554,
        "min": 0.21679584682,
        "var": 838.804382324
    },
    "pitch_salience": {
        "dmean": 0.0860429406166,
        "dmean2": 0.138095334172,
        "dvar": 0.00702970055863,
        "dvar2": 0.0167844537646,
        "max": 0.89141780138,
        "mean": 0.541474878788,
        "median": 0.555427849293,
        "min": 0.0668313279748,
        "var": 0.0233415421098
    },
    "silence_rate_20dB": {
        "dmean": 0,
        "dmean2": 0,
        "dvar": 0,
        "dvar2": 0,
        "max": 1,
        "mean": 1,
        "median": 1,
        "min": 1,
        "var": 0
    },
    "silence_rate_30dB": {
        "dmean": 0.0142455156893,
        "dmean2": 0.0284935366362,
        "dvar": 0.0140429018065,
        "dvar2": 0.0354222692549,
        "max": 1,
        "mean": 0.989096999168,
        "median": 1,
        "min": 0,
        "var": 0.0107858134434
    },
    "silence_rate_60dB": {
        "dmean": 0.0661273300648,
        "dmean2": 0.132178351283,
        "dvar": 0.0617591105402,
        "dvar2": 0.129471480846,
        "max": 1,
        "mean": 0.138749673963,
        "median": 0,
        "min": 0,
        "var": 0.119487151504
    },
    "spectral_centroid": {
        "dmean": 392.73135376,
        "dmean2": 605.454589844,
        "dvar": 227205.921875,
        "dvar2": 498016.46875,
        "max": 11792.1982422,
        "mean": 1744.27807617,
        "median": 1366.97473145,
        "min": 140.258575439,
        "var": 2373942
    },
    "spectral_complexity": {
        "dmean": 6.19715070724,
        "dmean2": 9.01011371613,
        "dvar": 55.5901069641,
        "dvar2": 95.7163543701,
        "max": 63,
        "mean": 16.5900821686,
        "median": 12,
        "min": 0,
        "var": 188.759490967
    },
    "spectral_decrease": {
        "dmean": 2.73633493642e-09,
        "dmean2": 4.24473567406e-09,
        "dvar": 1.85723206798e-17,
        "dvar2": 4.15968252014e-17,
        "max": 2.39451661387e-16,
        "mean": -6.17193585128e-09,
        "median": -3.98305122218e-09,
        "min": -5.00473760212e-08,
        "var": 4.59708140055e-17
    },
    "spectral_energy": {
        "dmean": 0.01147688739,
        "dmean2": 0.0177152175456,
        "dvar": 0.000307546200929,
        "dvar2": 0.000683399790432,
        "max": 0.19398675859,
        "mean": 0.0256130415946,
        "median": 0.0166460797191,
        "min": 9.88198265811e-21,
        "var": 0.00075283733895
    },
    "spectral_energyband_high": {
        "dmean": 0.00161103706341,
        "dmean2": 0.0023819967173,
        "dvar": 1.45062676893e-05,
        "dvar2": 3.32513627654e-05,
        "max": 0.0320993177593,
        "mean": 0.00208582240157,
        "median": 0.000379073549993,
        "min": 6.85406540764e-21,
        "var": 1.91028429981e-05
    },
    "spectral_energyband_low": {
        "dmean": 0.00592763954774,
        "dmean2": 0.00917056482285,
        "dvar": 0.000157523318194,
        "dvar2": 0.000371720991097,
        "max": 0.159087240696,
        "mean": 0.0112300449982,
        "median": 0.00164261879399,
        "min": 1.39683079839e-23,
        "var": 0.000351734546712
    },
    "spectral_energyband_middle_high": {
        "dmean": 0.00264486600645,
        "dmean2": 0.00421894015744,
        "dvar": 1.90601294889e-05,
        "dvar2": 4.35663023381e-05,
        "max": 0.0520850457251,
        "mean": 0.00462580984458,
        "median": 0.00256476039067,
        "min": 1.1621114144e-21,
        "var": 3.69408589904e-05
    },
    "spectral_energyband_middle_low": {
        "dmean": 0.00477783102542,
        "dmean2": 0.00743855163455,
        "dvar": 8.59432693687e-05,
        "dvar2": 0.000199858739506,
        "max": 0.177871778607,
        "mean": 0.00865658838302,
        "median": 0.00497104600072,
        "min": 1.32759332871e-22,
        "var": 0.000135044116178
    },
    "spectral_entropy": {
        "dmean": 0.215498149395,
        "dmean2": 0.316993296146,
        "dvar": 0.0580137558281,
        "dvar2": 0.11573458463,
        "max": 9.82478713989,
        "mean": 7.75297117233,
        "median": 7.8234333992,
        "min": 2.70089673996,
        "var": 0.486685961485
    },
    "spectral_flux": {
        "dmean": 0.0320780575275,
        "dmean2": 0.0493859276175,
        "dvar": 0.00142352585681,
        "dvar2": 0.00301103433594,
        "max": 0.407681524754,
        "mean": 0.0830096080899,
        "median": 0.0674443095922,
        "min": 6.41793701517e-11,
        "var": 0.00347207020968
    },
    "spectral_kurtosis": {
        "dmean": 2.6335041523,
        "dmean2": 4.49171543121,
        "dvar": 230.594863892,
        "dvar2": 712.518615723,
        "max": 598.337585449,
        "mean": 5.63100719452,
        "median": 2.65119075775,
        "min": -1.33868837357,
        "var": 506.307830811
    },
    "spectral_rms": {
        "dmean": 0.00103360111825,
        "dmean2": 0.00154651096091,
        "dvar": 1.52142592924e-06,
        "dvar2": 3.10069663101e-06,
        "max": 0.0137570118532,
        "mean": 0.00431436905637,
        "median": 0.00402989797294,
        "min": 3.10498935591e-12,
        "var": 6.37448829366e-06
    },
    "spectral_rolloff": {
        "dmean": 846.92755127,
        "dmean2": 1388.65844727,
        "dvar": 1919294.75,
        "dvar2": 4287912,
        "max": 19702.8808594,
        "mean": 2261.90844727,
        "median": 1033.59375,
        "min": 43.06640625,
        "var": 10440264
    },
    "spectral_skewness": {
        "dmean": 0.264303147793,
        "dmean2": 0.422687262297,
        "dvar": 0.191065713763,
        "dvar2": 0.495956093073,
        "max": 20.4847831726,
        "mean": 1.44201493263,
        "median": 1.25118887424,
        "min": -0.0864022746682,
        "var": 1.55773305893
    },
    "spectral_spread": {
        "dmean": 678561.75,
        "dmean2": 1053158.75,
        "dvar": 905734258688,
        "dvar2": 1.83504758374e+12,
        "max": 49219584,
        "mean": 5734915.5,
        "median": 4624237,
        "min": 180385.9375,
        "var": 2.65988058644e+13
    },
    "spectral_strongpeak": {
        "dmean": 0.414631038904,
        "dmean2": 0.682847201824,
        "dvar": 0.628024876118,
        "dvar2": 1.44410789013,
        "max": 11.7740869522,
        "mean": 0.757514357567,
        "median": 0.322912573814,
        "min": 0,
        "var": 1.18909370899
    },
    "zerocrossingrate": {
        "dmean": 0.0157792735845,
        "dmean2": 0.017953986302,
        "dvar": 0.000304204120766,
        "dvar2": 0.000379791075829,
        "max": 0.79345703125,
        "mean": 0.0813992246985,
        "median": 0.06103515625,
        "min": 0.0009765625,
        "var": 0.00686443736777
    },
    "barkbands": {
        "dmean": [0.000899342470802, 0.00381658319384, 0.00229311105795, 0.0013054870069, 0.0011641056044, 0.000983246136457, 0.00136294949334, 0.000396553485189, 0.000509302015416, 0.00101278338116, 0.000420130323619, 0.000275018363027, 0.000242865236942, 0.000341897888575, 0.000373934250092, 0.00018855909002, 0.000179532333277, 0.000250248238444, 0.000195028493181, 0.000206775584957, 0.000499782443512, 0.00036372707109, 0.000243825197686, 0.000218316985411, 0.000175227367436, 6.6515400249e-05, 3.06828333123e-05],
        "dmean2": [0.0014957592357, 0.00647148257121, 0.0037822027225, 0.00202354206704, 0.00185030559078, 0.00156698818319, 0.00227534514852, 0.000678163312841, 0.000853233621456, 0.00168155506253, 0.000679521530401, 0.00045646468061, 0.00040402909508, 0.000551031786017, 0.000669220404234, 0.000303614127915, 0.00028471313999, 0.00042670982657, 0.000316436926369, 0.000330062292051, 0.00077683996642, 0.000580369611271, 0.000356334203389, 0.000324709981214, 0.000268726056674, 9.84500584309e-05, 4.75406231999e-05],
        "dvar": [5.62526292924e-06, 6.10408897046e-05, 4.31757434853e-05, 1.64008779393e-05, 2.05163414648e-05, 3.32983427143e-06, 1.00929000837e-05, 1.36170115184e-06, 1.09532822989e-06, 4.29295732829e-06, 1.0099482779e-06, 2.47892870675e-07, 2.69455028956e-07, 6.44049634957e-07, 6.89802163834e-07, 1.07918786796e-07, 1.14213300151e-07, 7.505971098e-07, 1.87915034644e-07, 1.75636657218e-07, 1.98950829144e-06, 7.59831948471e-07, 4.46431954515e-07, 3.63031944062e-07, 3.02539120867e-07, 2.39645867595e-08, 4.85833240305e-09],
        "dvar2": [1.43393945109e-05, 0.000160102863447, 0.000110174252768, 3.70034977095e-05, 4.87375000375e-05, 8.18977514427e-06, 2.67727482424e-05, 3.50885284206e-06, 2.732487701e-06, 1.06086954474e-05, 2.32784373111e-06, 5.91574291775e-07, 6.16811519194e-07, 1.50660162035e-06, 1.9323192646e-06, 2.25881009897e-07, 2.3646960301e-07, 2.08740743801e-06, 4.71439534522e-07, 4.16138078663e-07, 4.87068655275e-06, 1.85590465662e-06, 9.14653469408e-07, 7.78007120061e-07, 7.41408882732e-07, 5.1142446722e-08, 1.21757839366e-08],
        "max": [0.037776812911, 0.088460713625, 0.0724991261959, 0.0532448962331, 0.160012841225, 0.0254424400628, 0.0390425696969, 0.019854478538, 0.0129102170467, 0.0237441603094, 0.019144397229, 0.00946472026408, 0.0150148337707, 0.0267992932349, 0.00823633745313, 0.0028764535673, 0.00341478525661, 0.0208658818156, 0.00461977580562, 0.00606786971912, 0.0137349460274, 0.00731746293604, 0.00903188344091, 0.00640121148899, 0.00699852826074, 0.00208584708162, 0.000626573688351],
        "mean": [0.000974811031483, 0.00713203754276, 0.00254653953016, 0.00143859582022, 0.00191162491683, 0.00162367790472, 0.0018820312107, 0.000354761257768, 0.000681788020302, 0.00171196705196, 0.000523356080521, 0.000390233617509, 0.00031628124998, 0.000535606173798, 0.000395439914428, 0.00022685539443, 0.000222877322813, 0.000273375975667, 0.000261551438598, 0.000267604686087, 0.00056456704624, 0.000432609085692, 0.000347183085978, 0.000279937492451, 0.00021677078621, 7.32985790819e-05, 2.75391230389e-05],
        "median": [0.00011232925317, 0.000640495622065, 9.6572257462e-05, 6.06109606451e-05, 0.000646146596409, 0.000680149707478, 0.000469226448331, 0.00010333708633, 0.000176398927579, 0.000325352273649, 0.000104112179542, 0.000115171438665, 0.000126527622342, 0.00011998329137, 9.88930187305e-05, 6.11380382907e-05, 7.34570348868e-05, 0.000104619284684, 6.41118313069e-05, 8.70021176524e-05, 0.00010228370229, 7.01857788954e-05, 3.93979717046e-05, 2.74850117421e-05, 1.51509993884e-05, 3.09738697979e-06, 5.94188236391e-07],
        "min": [2.83269547962e-25, 7.40532130724e-25, 3.71814007673e-25, 6.80281843707e-25, 9.24892474148e-24, 7.47064845652e-24, 4.33936646187e-24, 7.24753334897e-24, 1.52150632016e-23, 1.36353155963e-23, 1.3526698916e-23, 2.43395001702e-23, 2.23630991023e-23, 3.27384596296e-23, 3.53628168455e-23, 3.16156455042e-23, 5.08899407994e-23, 8.16210334152e-23, 1.28923045491e-22, 1.43694838284e-22, 2.20252110439e-22, 3.15273650269e-22, 3.42171106078e-22, 4.95076583316e-22, 7.72470622286e-22, 1.27935881363e-21, 1.94857943313e-21],
        "var": [6.37681705484e-06, 0.000127629376948, 4.9947630032e-05, 1.88540270756e-05, 4.05791797675e-05, 5.80049072596e-06, 1.13106643767e-05, 1.05971730591e-06, 1.74060710378e-06, 9.61882869888e-06, 2.02698447538e-06, 3.75320610146e-07, 3.8053354956e-07, 2.18836407839e-06, 6.61292517634e-07, 1.6700491301e-07, 1.74410772047e-07, 5.38093274827e-07, 2.63135490286e-07, 2.24113534841e-07, 2.12057193494e-06, 8.69231712386e-07, 7.44797830521e-07, 4.97844609981e-07, 3.7192023683e-07, 3.21913766754e-08, 4.55217152862e-09]
    },
    "erbbands": {
        "dmean": [0.151774927974, 0.808488368988, 2.25602674484, 3.81107521057, 3.85138702393, 3.97421717644, 4.9411034584, 9.73380088806, 19.2114620209, 14.0347757339, 8.4381942749, 10.0895090103, 26.8994178772, 27.8181114197, 13.545750618, 11.353978157, 11.4602165222, 16.5154380798, 18.8940525055, 14.9455032349, 10.3520526886, 11.3116540909, 13.1482973099, 7.66825437546, 10.9081602097, 9.17713260651, 17.0445976257, 17.4421367645, 13.7702569962, 10.1445150375, 7.07212877274, 4.59815883636, 3.64880251884, 1.91473734379, 1.31691801548, 0.363042265177, 0.104625217617, 0.031354341656, 0.00518850935623, 0.000348586821929],
        "dmean2": [0.252549409866, 1.36478424072, 3.74277496338, 5.81297206879, 6.28647899628, 6.38515901566, 7.91467142105, 15.6812286377, 31.6923122406, 23.6502113342, 14.3748188019, 17.0160980225, 44.3230247498, 45.6877593994, 21.738117218, 18.7095851898, 18.8469696045, 26.2609920502, 32.1758651733, 25.9095020294, 16.6199645996, 18.0338077545, 22.3034992218, 11.8916244507, 18.1720809937, 14.813038826, 25.9039745331, 27.3353824615, 22.2377662659, 15.9233283997, 10.4796657562, 6.84014177322, 5.48292303085, 2.92946696281, 2.05855607986, 0.537865817547, 0.153463423252, 0.0480817370117, 0.00807923637331, 0.000543648609892],
        "dvar": [0.106212906539, 2.79070043564, 39.939250946, 146.912322998, 110.419448853, 304.555114746, 495.484405518, 329.848358154, 1483.44006348, 1353.94616699, 462.603118896, 372.558990479, 3691.24194336, 4077.28515625, 927.836364746, 418.661590576, 543.939025879, 1545.29492188, 1691.83752441, 991.257324219, 333.504821777, 577.28314209, 1733.12646484, 206.776748657, 690.737487793, 286.991546631, 1933.50805664, 2460.46850586, 1150.79797363, 622.107971191, 348.300994873, 130.975692749, 117.172592163, 30.867099762, 19.8518505096, 0.882930576801, 0.0553913153708, 0.00518913939595, 0.000136220551212, 6.42845918719e-07],
        "dvar2": [0.286387294531, 7.38713598251, 104.303955078, 335.792297363, 288.820373535, 737.791809082, 1173.13891602, 812.865112305, 3766.82470703, 3743.33911133, 1167.67089844, 964.010375977, 9672.09667969, 9759.62402344, 2106.40209961, 1018.15661621, 1281.36962891, 3311.60839844, 4467.04199219, 2672.49584961, 634.307067871, 1360.20202637, 4811.36035156, 438.815246582, 1760.35974121, 698.429382324, 4517.36376953, 6077.58496094, 2766.58886719, 1434.33239746, 707.238647461, 284.272796631, 243.977310181, 72.451171875, 50.0234985352, 1.93755722046, 0.118608705699, 0.0124428691342, 0.000338866666425, 1.64186474194e-06],
        "max": [5.27120876312, 16.7897701263, 64.8761444092, 184.534225464, 135.56942749, 636.70703125, 788.956665039, 241.159210205, 479.841186523, 518.508544922, 312.0574646, 251.814468384, 858.832580566, 679.763793945, 629.086181641, 433.572570801, 626.384216309, 1585.56091309, 745.90814209, 471.640899658, 168.244613647, 393.65145874, 961.272033691, 218.290969849, 279.301330566, 199.032318115, 423.428771973, 453.153625488, 388.091308594, 246.306625366, 236.467163086, 122.648971558, 113.195098877, 67.2088470459, 56.284954071, 10.7278232574, 2.83117461205, 0.66584020853, 0.110150389373, 0.00772695895284],
        "mean": [0.259046554565, 1.40967535973, 2.68273139, 4.53218984604, 4.57643079758, 6.47533273697, 8.48857879639, 15.800535202, 29.8138217926, 15.8011322021, 7.90371179581, 13.5379362106, 47.5949516296, 41.4071273804, 20.3189086914, 16.416513443, 15.6047935486, 23.7063884735, 25.0032920837, 16.1981983185, 13.4081172943, 13.3731069565, 14.5723104477, 12.1195859909, 13.6992902756, 12.4627351761, 20.5530815125, 19.4506092072, 16.3633041382, 12.7468156815, 9.97928142548, 6.14672899246, 4.58424758911, 2.46460223198, 1.53405201435, 0.429013103247, 0.110610119998, 0.02928170003, 0.00462657166645, 0.000332475232426],
        "median": [0.0316084697843, 0.105590745807, 0.226054102182, 0.211485490203, 0.958528697491, 2.15086174011, 2.97832012177, 6.37082147598, 8.79529571533, 5.60287475586, 2.56976389885, 4.35915756226, 10.8636665344, 7.43606281281, 6.10389661789, 6.36994695663, 6.46131753922, 6.65171575546, 4.9982843399, 4.98781061172, 3.57922697067, 4.77743530273, 5.9172296524, 4.2719335556, 3.21454501152, 4.48919057846, 4.28849315643, 3.4157230854, 2.65438818932, 1.58610451221, 1.08387541771, 0.707291543484, 0.396418273449, 0.21193434298, 0.0761991143227, 0.0212692692876, 0.00426037190482, 0.000661241530906, 0.000111967354314, 4.05989740102e-05],
        "min": [5.73409991577e-23, 2.42389314488e-22, 1.27233767389e-21, 5.11326905918e-21, 9.57318014113e-21, 2.45170178174e-20, 2.62144118214e-20, 7.11212540236e-20, 7.54995597799e-20, 1.1862433021e-19, 2.6931240401e-19, 3.42477201274e-19, 2.74782006563e-19, 4.9677691365e-19, 6.68986559703e-19, 1.08854673186e-18, 1.25398957521e-18, 2.02736426027e-18, 2.28770901831e-18, 2.51212249811e-18, 3.26848197457e-18, 3.59978869621e-18, 5.98460416894e-18, 4.83287097124e-18, 6.4677016349e-18, 8.11362024109e-18, 8.33451882367e-18, 9.27035209122e-18, 9.48014163818e-18, 9.86727788129e-18, 1.00409419694e-17, 1.01676569402e-17, 9.71717024271e-18, 7.29195692322e-18, 5.54989966393e-18, 3.74655162998e-18, 2.25633488486e-18, 8.93378636205e-19, 2.32745851056e-19, 2.62510064855e-20],
        "var": [0.182135224342, 5.34469604492, 46.5451545715, 179.54208374, 110.134681702, 565.428894043, 1006.09692383, 575.452453613, 2082.56445312, 1072.19934082, 377.380828857, 481.571838379, 8553.54882812, 8044.93603516, 2101.23144531, 575.571777344, 780.592346191, 3527.921875, 3289.90673828, 931.909667969, 596.385253906, 676.49621582, 1260.97143555, 447.875305176, 815.948120117, 394.385681152, 2349.26855469, 2532.1809082, 1307.6348877, 836.716491699, 590.876708984, 195.739776611, 159.760894775, 41.1424674988, 22.8191280365, 1.24220240116, 0.0717374831438, 0.00530487997457, 0.000128616797156, 5.85160080391e-07]
    },
    "gfcc": {
        "mean": [-47.6399536133, 69.2621841431, -121.496528625, 25.0268783569, -68.8754043579, 10.2754573822, -31.0715923309, 1.58757603168, -17.6862888336, 3.67984557152, -7.100669384, 4.71451616287, -0.747421324253],
        "cov": [[37752.5820312, -807.213623047, -1269.21179199, 1884.82116699, -1037.69763184, 1497.64257812, -441.747283936, 673.117919922, -632.170349121, 420.913635254, -590.163269043, 198.265655518, -383.567352295], [-807.213623047, 2279.62475586, -200.259933472, -150.458618164, 38.5715408325, -325.240020752, 12.8203754425, -205.175079346, 66.2920913696, -148.873641968, 176.979690552, -53.9630393982, 133.451660156], [-1269.21179199, -200.259933472, 2177.98950195, 329.337219238, 959.784545898, 508.872711182, 539.275695801, 331.596588135, 81.3567504883, 73.8184051514, -69.6770553589, 52.8377037048, -127.810134888], [1884.82116699, -150.458618164, 329.337219238, 797.73815918, 171.037826538, 368.791625977, 20.643283844, 151.337463379, -35.5111923218, 32.2719421387, -65.8058853149, -29.0568332672, -41.658996582], [-1037.69763184, 38.5715408325, 959.784545898, 171.037826538, 784.636901855, 327.112854004, 399.8203125, 200.250549316, 126.372528076, 63.5251274109, -14.2363634109, 14.9153852463, -36.5519142151], [1497.64257812, -325.240020752, 508.872711182, 368.791625977, 327.112854004, 535.941894531, 268.235900879, 258.783569336, 37.1369438171, 93.315322876, -52.6272544861, 50.0234832764, -47.1785087585], [-441.747283936, 12.8203754425, 539.275695801, 20.643283844, 399.8203125, 268.235900879, 424.569458008, 192.574859619, 125.352325439, 54.1342163086, 25.0200595856, 56.6837806702, 1.63895201683], [673.117919922, -205.175079346, 331.596588135, 151.337463379, 200.250549316, 258.783569336, 192.574859619, 232.327728271, 67.5395889282, 80.9417495728, -5.24286222458, 58.4970664978, -31.9231491089], [-632.170349121, 66.2920913696, 81.3567504883, -35.5111923218, 126.372528076, 37.1369438171, 125.352325439, 67.5395889282, 141.562271118, 56.8329620361, 51.7451858521, 26.992269516, 21.3133926392], [420.913635254, -148.873641968, 73.8184051514, 32.2719421387, 63.5251274109, 93.315322876, 54.1342163086, 80.9417495728, 56.8329620361, 124.624671936, 50.3562469482, 37.186088562, -12.9541378021], [-590.163269043, 176.979690552, -69.6770553589, -65.8058853149, -14.2363634109, -52.6272544861, 25.0200595856, -5.24286222458, 51.7451858521, 50.3562469482, 136.212921143, 37.8933143616, 35.3459739685], [198.265655518, -53.9630393982, 52.8377037048, -29.0568332672, 14.9153852463, 50.0234832764, 56.6837806702, 58.4970664978, 26.992269516, 37.186088562, 37.8933143616, 88.6744766235, 14.1616649628], [-383.567352295, 133.451660156, -127.810134888, -41.658996582, -36.5519142151, -47.1785087585, 1.63895201683, -31.9231491089, 21.3133926392, -12.9541378021, 35.3459739685, 14.1616649628, 86.7397689819]],
        "icov": [[5.74169134779e-05, -8.4355015133e-05, 6.97521172697e-05, -8.11572972452e-05, 0.000102889542177, -8.7123036792e-05, -5.58188621653e-05, -7.53388812882e-05, 0.000303341890685, -0.000451901956694, 0.000419752352173, -0.000235551866353, 0.000142167496961], [-8.4355015133e-05, 0.00081689551007, -6.79171644151e-05, -1.06078050521e-05, -0.000367663858924, 0.000317395286402, -3.73845141439e-05, 0.000341164821293, -0.000746351084672, 0.00186712190043, -0.0018391063204, 0.000713656365406, -0.000495895859785], [6.97521172697e-05, -6.79171644151e-05, 0.00131628499366, -0.000333458563546, -0.00117963866796, 0.000231803467614, -0.000645557476673, -0.000394833710743, 0.00119802716654, -0.000417051749537, 0.000629964109976, -0.00100699474569, 0.00123923039064], [-8.11572972452e-05, -1.06078050521e-05, -0.000333458563546, 0.0027519937139, -0.000325984874507, -0.00237769912928, 0.00223267637193, -0.00110524659976, -0.000365374959074, 0.00139288569335, -0.00134176528081, 0.00221927068196, -0.000909538648557], [0.000102889542177, -0.000367663858924, -0.00117963866796, -0.000325984874507, 0.00449263071641, -0.000768082740251, -0.002106531756, 0.00067214446608, -0.00115057348739, -0.00160509732086, 0.0014259374002, 0.00111004279461, 0.000169194987393], [-8.7123036792e-05, 0.000317395286402, 0.000231803467614, -0.00237769912928, -0.000768082740251, 0.00808653328568, -0.00364689272828, -0.00310770515352, 0.00255050859414, -0.00267897616141, 0.00221477029845, -0.00111260148697, -0.000421789678512], [-5.58188621653e-05, -3.73845141439e-05, -0.000645557476673, 0.00223267637193, -0.002106531756, -0.00364689272828, 0.00939178559929, -0.00306056416593, -0.00386028457433, 0.00420381734148, -0.00271215545945, 0.000478457048303, -0.00163992424496], [-7.53388812882e-05, 0.000341164821293, -0.000394833710743, -0.00110524659976, 0.00067214446608, -0.00310770515352, -0.00306056416593, 0.0152886221185, -0.00402289256454, -0.00233739078976, 0.0015292619355, -0.00519520184025, 0.00317128654569], [0.000303341890685, -0.000746351084672, 0.00119802716654, -0.000365374959074, -0.00115057348739, 0.00255050859414, -0.00386028457433, -0.00402289256454, 0.0167438928038, -0.00795156788081, 0.00131947000045, -5.56310333195e-05, -0.00225612032227], [-0.000451901956694, 0.00186712190043, -0.000417051749537, 0.00139288569335, -0.00160509732086, -0.00267897616141, 0.00420381734148, -0.00233739078976, -0.00795156788081, 0.0226055309176, -0.0122689073905, 0.00131579162553, 0.00222486117855], [0.000419752352173, -0.0018391063204, 0.000629964109976, -0.00134176528081, 0.0014259374002, 0.00221477029845, -0.00271215545945, 0.0015292619355, 0.00131947000045, -0.0122689073905, 0.0190894883126, -0.00682250829414, -0.00143239297904], [-0.000235551866353, 0.000713656365406, -0.00100699474569, 0.00221927068196, 0.00111004279461, -0.00111260148697, 0.000478457048303, -0.00519520184025, -5.56310333195e-05, 0.00131579162553, -0.00682250829414, 0.0202971529216, -0.00493949791417], [0.000142167496961, -0.000495895859785, 0.00123923039064, -0.000909538648557, 0.000169194987393, -0.000421789678512, -0.00163992424496, 0.00317128654569, -0.00225612032227, 0.00222486117855, -0.00143239297904, -0.00493949791417, 0.0176263153553]]
    },
    "melbands": {
        "dmean": [0.00117224291898, 0.00106280844193, 0.000625556625891, 0.00025873418781, 0.00017965263396, 0.000215976106119, 0.00029192835791, 0.000136505972478, 6.78288779454e-05, 6.94820992067e-05, 0.000136629212648, 0.00011783312948, 5.28144119016e-05, 3.17694502883e-05, 2.85894784611e-05, 2.3924116249e-05, 3.30132897943e-05, 3.03534525301e-05, 2.6197232728e-05, 1.57151025633e-05, 1.16239052659e-05, 9.86401664704e-06, 1.91257040569e-05, 7.38740391171e-06, 6.13592328591e-06, 8.78389801073e-06, 7.29266730559e-06, 5.96668269282e-06, 7.94518291514e-06, 1.78894460987e-05, 7.11741131454e-06, 7.51760808271e-06, 7.39977167541e-06, 5.020802746e-06, 4.38407414549e-06, 3.36906418852e-06, 2.69641100203e-06, 2.91217111226e-06, 1.79138032763e-06, 1.60030026564e-06],
        "dmean2": [0.00195948174223, 0.00172163697425, 0.00096428784309, 0.000414697016822, 0.000285954360152, 0.000348520523403, 0.000480919406982, 0.000231945698033, 0.000115390386782, 0.000117216353829, 0.000225431271247, 0.000194363601622, 8.48179406603e-05, 5.19788154634e-05, 4.82291216031e-05, 3.97562434955e-05, 5.29863173142e-05, 5.0429465773e-05, 4.65464327135e-05, 2.62971152551e-05, 1.87942405319e-05, 1.53749679157e-05, 3.30061084242e-05, 1.21182947623e-05, 9.58503278525e-06, 1.46267993841e-05, 1.1974924746e-05, 9.78482330538e-06, 1.24722937471e-05, 2.86308477371e-05, 1.10239379865e-05, 1.22145802379e-05, 1.20153144962e-05, 7.72556632e-06, 6.55305666442e-06, 5.18992283105e-06, 4.04270667786e-06, 4.43077533419e-06, 2.71580893241e-06, 2.51245137406e-06],
        "dvar": [5.78184108235e-06, 6.83896269038e-06, 3.45479770658e-06, 4.81871722968e-07, 8.85629731329e-07, 1.54122659524e-07, 3.81673061156e-07, 1.31150684979e-07, 2.88776327295e-08, 1.88744522234e-08, 9.2939913543e-08, 7.61878098388e-08, 1.62433746453e-08, 3.45151773828e-09, 3.11853987078e-09, 3.27492033492e-09, 6.36803898502e-09, 4.5813810523e-09, 3.56828300241e-09, 8.7437912466e-10, 4.45585096598e-10, 3.89662691003e-10, 5.70996450122e-09, 1.77021938774e-10, 1.38147215889e-10, 4.78822703709e-10, 2.32973612624e-10, 1.21609847192e-10, 3.34195865426e-10, 3.1572944259e-09, 3.72373826218e-10, 3.48946899154e-10, 3.26474403067e-10, 1.70681108136e-10, 1.50869775006e-10, 7.39452041265e-11, 4.47168621576e-11, 7.788570483e-11, 2.53257779331e-11, 2.21799731359e-11],
        "dvar2": [1.52628454089e-05, 1.72088002728e-05, 7.72888233769e-06, 1.21910625239e-06, 2.06612662623e-06, 3.77474975721e-07, 9.78027969722e-07, 3.60565849178e-07, 7.2705276466e-08, 4.86943747546e-08, 2.44147940975e-07, 1.82590298436e-07, 3.70240975656e-08, 8.08137734509e-09, 7.70116859172e-09, 7.17265002947e-09, 1.38483580159e-08, 1.12466036484e-08, 9.82814896133e-09, 2.14787365671e-09, 8.86443640713e-10, 7.83824949391e-10, 1.603570432e-08, 4.20387058497e-10, 2.93169877263e-10, 1.2604891575e-09, 5.64283730853e-10, 3.05501790532e-10, 7.29663718335e-10, 7.94906540591e-09, 8.89795848114e-10, 8.39264824304e-10, 8.12602096723e-10, 3.72465308596e-10, 2.95850038912e-10, 1.76904851878e-10, 9.89728576872e-11, 1.60152266448e-10, 5.80507378278e-11, 5.31681261517e-11],
        "max": [0.0354753211141, 0.0271467529237, 0.0261272918433, 0.0179544072598, 0.034668456763, 0.0052315723151, 0.00750806415454, 0.00525796366856, 0.00237772078253, 0.00178495538421, 0.0044440976344, 0.00292859319597, 0.0028741969727, 0.00109273823909, 0.00130850530695, 0.00192594446708, 0.00317612267099, 0.00174122257158, 0.000760013645049, 0.000286284659524, 0.000178884656634, 0.00022209357121, 0.00182866421528, 0.000163132397574, 0.000223107577767, 0.000246888637776, 0.000155297719175, 0.000159186442033, 0.000285699410597, 0.000579086248763, 0.000203207004233, 0.000280704232864, 0.000138386181789, 0.00016340163711, 0.000169057850144, 9.09674708964e-05, 7.10231470293e-05, 9.83857171377e-05, 5.30463985342e-05, 5.8978497691e-05],
        "mean": [0.00219998275861, 0.00157910201233, 0.000790765392594, 0.000374456692953, 0.000322016538121, 0.000349038367858, 0.000450461462606, 0.000144821067806, 6.23878222541e-05, 9.65863364399e-05, 0.000240088702412, 0.000170763523784, 7.31745603844e-05, 4.74605622003e-05, 3.58050856448e-05, 3.15513934765e-05, 4.70251179649e-05, 4.27736413258e-05, 2.70525397355e-05, 1.68093883985e-05, 1.52245538629e-05, 1.22443943837e-05, 1.82714793482e-05, 9.62473859545e-06, 9.53788276092e-06, 1.05938242996e-05, 8.7947692009e-06, 7.91537604528e-06, 1.02062404039e-05, 1.82178027899e-05, 8.48952640808e-06, 8.81465894054e-06, 8.59659758135e-06, 6.59928127789e-06, 6.22004927209e-06, 4.30651562056e-06, 3.54011058334e-06, 3.51404059984e-06, 2.3588431759e-06, 1.97732947527e-06],
        "median": [0.000239260887611, 0.000165358360391, 6.41693623038e-05, 0.000124539452372, 0.000108271764475, 0.000133646011818, 0.000135513735586, 5.06792530359e-05, 1.76487046701e-05, 2.77343042399e-05, 5.45521434105e-05, 2.50363300438e-05, 1.83281954378e-05, 1.38337109092e-05, 1.5673438611e-05, 1.31167953441e-05, 1.16915807666e-05, 7.4988297456e-06, 6.96521692589e-06, 5.28634063812e-06, 3.63795015801e-06, 3.5531904814e-06, 6.03054741077e-06, 4.00255794375e-06, 3.19247578773e-06, 2.04911975743e-06, 2.4326352559e-06, 2.84327757072e-06, 2.54650376519e-06, 2.20535480366e-06, 1.71630790646e-06, 1.50238633978e-06, 1.22162248317e-06, 7.0973169386e-07, 6.14923237663e-07, 4.89264778025e-07, 3.78890234742e-07, 2.81362474652e-07, 2.15127357706e-07, 1.58466491484e-07],
        "min": [7.87994637339e-25, 8.79903539508e-25, 1.14232235976e-24, 8.71610836457e-25, 9.30121537266e-25, 1.68495049e-24, 1.28130121163e-24, 8.08466761121e-25, 1.788169784e-24, 1.9399211814e-24, 1.3908394787e-24, 1.7305567083e-24, 1.72909593511e-24, 2.2929236175e-24, 2.41724967388e-24, 1.85900771835e-24, 3.28169469509e-24, 2.85628370258e-24, 2.5392162473e-24, 2.67394895675e-24, 2.99119883611e-24, 2.91122293425e-24, 3.46649620898e-24, 4.27694271515e-24, 3.0825017945e-24, 4.63535101781e-24, 3.30623813001e-24, 4.03770013526e-24, 4.07216901808e-24, 4.78500937002e-24, 5.49355595205e-24, 4.0996967138e-24, 4.48696785926e-24, 5.27530298869e-24, 5.15083493734e-24, 5.49861570589e-24, 4.84621787651e-24, 5.9029546459e-24, 6.04269898868e-24, 5.80912713541e-24],
        "var": [1.19510204968e-05, 1.02724143289e-05, 4.53372922493e-06, 6.77473849464e-07, 1.8862926936e-06, 2.74360814956e-07, 5.06695926106e-07, 1.00375629586e-07, 2.39315447459e-08, 2.7554559523e-08, 2.14401339349e-07, 1.50088496298e-07, 3.94846395579e-08, 5.99091798392e-09, 3.51143869537e-09, 4.65672478356e-09, 1.53222359245e-08, 1.28952235556e-08, 3.16735770944e-09, 9.49452849675e-10, 8.00473520801e-10, 6.096552152e-10, 3.86926002349e-09, 2.38466912883e-10, 3.10716730123e-10, 5.4081061851e-10, 2.90745150178e-10, 1.55632687293e-10, 4.56005427862e-10, 2.94676771873e-09, 4.18279966219e-10, 3.87574361493e-10, 3.62195440307e-10, 2.54094245644e-10, 2.57339011211e-10, 9.82484718581e-11, 6.56066936888e-11, 1.02637419397e-10, 3.61636068313e-11, 2.7583772072e-11]
    },
    "mfcc": {
        "mean": [-671.209594727, 96.5957717896, 0.036513209343, 13.7391738892, -11.2745704651, 5.81598091125, -4.64092159271, -0.472502678633, -2.84652686119, -1.60013473034, -2.63935518265, 1.32378566265, -1.59614348412],
        "cov": [[14023.9833984, -463.192657471, 616.472045898, 519.328735352, 442.932189941, 651.193054199, 484.356048584, 406.204406738, 374.03503418, 310.829742432, 179.753372192, -64.1098632812, -0.331861048937], [-463.192657471, 1774.78540039, 5.23969459534, 55.0181350708, -58.3021469116, -64.830619812, -26.0219612122, -42.8316688538, -64.0783309937, -69.4316101074, -2.7014939785, 20.07371521, 9.97882080078], [616.472045898, 5.23969459534, 972.205322266, 312.733703613, 395.751495361, 279.599304199, 338.850036621, 277.68057251, 182.504226685, 125.926094055, 114.471984863, 8.77525138855, 77.5235137939], [519.328735352, 55.0181350708, 312.733703613, 375.414306641, 258.984649658, 168.700881958, 145.010559082, 106.185249329, 74.516418457, 56.1526565552, 55.0285720825, -5.15372133255, 25.2805786133], [442.932189941, -58.3021469116, 395.751495361, 258.984649658, 429.929168701, 262.086212158, 255.765914917, 184.130661011, 156.95098877, 130.432235718, 115.339111328, 1.46121764183, 42.5133476257], [651.193054199, -64.830619812, 279.599304199, 168.700881958, 262.086212158, 304.438751221, 249.524978638, 197.867034912, 168.86000061, 135.798171997, 84.4785003662, 19.4773311615, 34.7915802002], [484.356048584, -26.0219612122, 338.850036621, 145.010559082, 255.765914917, 249.524978638, 347.855499268, 238.948608398, 188.354904175, 141.252700806, 116.290206909, 29.8620624542, 47.4167251587], [406.204406738, -42.8316688538, 277.68057251, 106.185249329, 184.130661011, 197.867034912, 238.948608398, 273.814208984, 190.376739502, 120.157730103, 80.8065490723, 41.9242553711, 53.0116500854], [374.03503418, -64.0783309937, 182.504226685, 74.516418457, 156.95098877, 168.86000061, 188.354904175, 190.376739502, 215.347824097, 131.019790649, 73.1248016357, 35.3147468567, 39.500869751], [310.829742432, -69.4316101074, 125.926094055, 56.1526565552, 130.432235718, 135.798171997, 141.252700806, 120.157730103, 131.019790649, 140.740066528, 79.4026565552, 32.4032516479, 33.1145248413], [179.753372192, -2.7014939785, 114.471984863, 55.0285720825, 115.339111328, 84.4785003662, 116.290206909, 80.8065490723, 73.1248016357, 79.4026565552, 119.412216187, 55.8137626648, 44.0242385864], [-64.1098632812, 20.07371521, 8.77525138855, -5.15372133255, 1.46121764183, 19.4773311615, 29.8620624542, 41.9242553711, 35.3147468567, 32.4032516479, 55.8137626648, 118.155044556, 62.8102760315], [-0.331861048937, 9.97882080078, 77.5235137939, 25.2805786133, 42.5133476257, 34.7915802002, 47.4167251587, 53.0116500854, 39.500869751, 33.1145248413, 44.0242385864, 62.8102760315, 97.7421951294]],
