{
"lowlevel": {
    "average_loudness": 0.767430722713,
    "barkbands_crest": {
        "dmean": 2.95179343224,
        "dmean2": 4.76664543152,
        "dvar": 7.76727437973,
        "dvar2": 19.6387481689,
        "max": 26.7626533508,
        "mean": 11.3701133728,
        "median": 10.4830207825,
        "min": 2.31506681442,
        "var": 26.2425174713
    },
    "barkbands_flatness_db": {
        "dmean": 0.0377126261592,
        "dmean2": 0.0552416853607,
        "dvar": 0.0023615884129,
        "dvar2": 0.00450042635202,
        "max": 0.638916373253,
        "mean": 0.209805846214,
        "median": 0.191335439682,
        "min": 0.0272138174623,
        "var": 0.0121067762375
    },
    "barkbands_kurtosis": {
        "dmean": 7.41742897034,
        "dmean2": 12.2452249527,
        "dvar": 631.503723145,
        "dvar2": 1603.37854004,
        "max": 1406.30371094,
        "mean": 10.3438196182,
        "median": 2.69785094261,
        "min": -1.9535330534,
        "var": 786.895263672
    },
    "barkbands_skewness": {
        "dmean": 0.811941444874,
        "dmean2": 1.28491342068,
        "dvar": 1.18942272663,
        "dvar2": 2.96307587624,
        "max": 28.4492416382,
        "mean": 1.48442053795,
        "median": 1.45275902748,
        "min": -11.6506729126,
        "var": 4.78288984299
    },
    "barkbands_spread": {
        "dmean": 7.1442193985,
        "dmean2": 11.5963783264,
        "dvar": 136.734024048,
        "dvar2": 327.297668457,
        "max": 100.246925354,
        "mean": 16.7575454712,
        "median": 13.6323204041,
        "min": 0.0648426562548,
        "var": 225.360870361
    },
    "dissonance": {
        "dmean": 0.0287356618792,
        "dmean2": 0.0467580221593,
        "dvar": 0.00120446633082,
        "dvar2": 0.0030117938295,
        "max": 0.5,
        "mean": 0.438781768084,
        "median": 0.458748400211,
        "min": 0.0963926315308,
        "var": 0.00376076926477
    },
    "dynamic_complexity": 5.23754167557,
    "erbbands_crest": {
        "dmean": 3.14867138863,
        "dmean2": 5.02359342575,
        "dvar": 9.54804706573,
        "dvar2": 22.6136722565,
        "max": 34.5628318787,
        "mean": 10.6405363083,
        "median": 9.2599363327,
        "min": 2.50526547432,
        "var": 31.1414241791
    },
    "erbbands_flatness_db": {
        "dmean": 0.0301533490419,
        "dmean2": 0.0437790118158,
        "dvar": 0.00160929001868,
        "dvar2": 0.0028828473296,
        "max": 0.575263679028,
        "mean": 0.228501811624,
        "median": 0.215325534344,
        "min": 0.0500271096826,
        "var": 0.00909673981369
    },
    "erbbands_kurtosis": {
        "dmean": 2.7989320755,
        "dmean2": 4.57467746735,
        "dvar": 48.2794914246,
        "dvar2": 119.105583191,
        "max": 151.140472412,
        "mean": 2.94463682175,
        "median": 0.260182619095,
        "min": -1.92058849335,
        "var": 74.6010742188
    },
    "erbbands_skewness": {
        "dmean": 0.602177381516,
        "dmean2": 0.939697146416,
        "dvar": 0.631317734718,
        "dvar2": 1.49185419083,
        "max": 9.55030536652,
        "mean": 0.544292211533,
        "median": 0.442289412022,
        "min": -7.39940357208,
        "var": 2.09628820419
    },
    "erbbands_spread": {
        "dmean": 11.2558116913,
        "dmean2": 18.2122459412,
        "dvar": 303.44833374,
        "dvar2": 756.956237793,
        "max": 155.794128418,
        "mean": 30.5547828674,
        "median": 26.2420158386,
        "min": 0.726751923561,
        "var": 502.498382568
    },
    "hfc": {
        "dmean": 6.62333631516,
        "dmean2": 9.85433387756,
        "dvar": 152.429901123,
        "dvar2": 323.535125732,
        "max": 153.235458374,
        "mean": 12.825173378,
        "median": 7.0599565506,
        "min": 1.24508800753e-16,
        "var": 306.746734619
    },
    "melbands_crest": {
        "dmean": 3.29544568062,
        "dmean2": 5.33490514755,
        "dvar": 9.50412750244,
        "dvar2": 23.7571144104,
        "max": 33.6560058594,
        "mean": 13.6191892624,
        "median": 13.0088500977,
        "min": 1.84811747074,
        "var": 29.1509284973
    },
    "melbands_flatness_db": {
        "dmean": 0.046191483736,
        "dmean2": 0.0665943697095,
        "dvar": 0.00382254528813,
        "dvar2": 0.00724039692432,
        "max": 0.761114358902,
        "mean": 0.265318185091,
        "median": 0.254799216986,
        "min": 0.00448367139325,
        "var": 0.0188298616558
    },
    "melbands_kurtosis": {
        "dmean": 10.6836557388,
        "dmean2": 17.9778079987,
        "dvar": 818.738342285,
        "dvar2": 2360.94067383,
        "max": 534.079345703,
        "mean": 14.0788526535,
        "median": 6.44631052017,
        "min": -1.94434201717,
        "var": 788.317199707
    },
    "melbands_skewness": {
        "dmean": 0.922576725483,
        "dmean2": 1.47258853912,
        "dvar": 1.82617974281,
        "dvar2": 5.00955533981,
        "max": 19.9454612732,
        "mean": 2.3197414875,
        "median": 2.01759243011,
        "min": -2.01651501656,
        "var": 3.48831582069
    },
    "melbands_spread": {
        "dmean": 9.87575054169,
        "dmean2": 16.0622005463,
        "dvar": 374.071044922,
        "dvar2": 912.965698242,
        "max": 237.616851807,
        "mean": 24.2349319458,
        "median": 15.0368738174,
        "min": 0.294510126114,
        "var": 779.82232666
    },
    "pitch_salience": {
        "dmean": 0.0830524712801,
        "dmean2": 0.135502070189,
        "dvar": 0.00673521496356,
        "dvar2": 0.0182339530438,
        "max": 0.931567788124,
        "mean": 0.576785326004,
        "median": 0.591591477394,
        "min": 0.0962103977799,
        "var": 0.0171588454396
    },
    "silence_rate_20dB": {
        "dmean": 0,
        "dmean2": 0,
        "dvar": 0,
        "dvar2": 0,
        "max": 1,
        "mean": 1,
        "median": 1,
        "min": 1,
        "var": 0
    },
    "silence_rate_30dB": {
        "dmean": 0.0168886575848,
        "dmean2": 0.0337802544236,
        "dvar": 0.0166044421494,
        "dvar2": 0.0340290591121,
        "max": 1,
        "mean": 0.980414330959,
        "median": 1,
        "min": 0,
        "var": 0.0192008521408
    },
    "silence_rate_60dB": {
        "dmean": 0.0654653087258,
        "dmean2": 0.13094201684,
        "dvar": 0.0611715503037,
        "dvar2": 0.125623375177,
        "max": 1,
        "mean": 0.301357924938,
        "median": 0,
        "min": 0,
        "var": 0.210546508431
    },
    "spectral_centroid": {
        "dmean": 300.166290283,
        "dmean2": 471.443481445,
        "dvar": 243485.125,
        "dvar2": 541224,
        "max": 11450.9736328,
        "mean": 1173.55419922,
        "median": 905.474609375,
        "min": 141.171783447,
        "var": 732495.1875
    },
    "spectral_complexity": {
        "dmean": 3.77487587929,
        "dmean2": 5.31168365479,
        "dvar": 34.7328872681,
        "dvar2": 58.0015716553,
        "max": 69,
        "mean": 12.2412080765,
        "median": 9,
        "min": 0,
        "var": 119.742645264
    },
    "spectral_decrease": {
        "dmean": 1.8483958808e-09,
        "dmean2": 2.73001643514e-09,
        "dvar": 1.83112409718e-17,
        "dvar2": 3.76460650121e-17,
        "max": 4.69471769724e-16,
        "mean": -4.48243087092e-09,
        "median": -2.04886463351e-09,
        "min": -6.20172926347e-08,
        "var": 4.42657399914e-17
    },
    "spectral_energy": {
        "dmean": 0.00743237137794,
        "dmean2": 0.0109310671687,
        "dvar": 0.000279408384813,
        "dvar2": 0.000570352771319,
        "max": 0.23862414062,
        "mean": 0.0180810522288,
        "median": 0.00872751604766,
        "min": 1.09090324018e-20,
        "var": 0.000683683960233
    },
    "spectral_energyband_high": {
        "dmean": 0.000460373878013,
        "dmean2": 0.000771738414187,
        "dvar": 1.13913415589e-06,
        "dvar2": 2.83791814581e-06,
        "max": 0.0157955102623,
        "mean": 0.000493760860991,
        "median": 2.94040091831e-05,
        "min": 8.12064371535e-21,
        "var": 1.36163203024e-06
    },
    "spectral_energyband_low": {
        "dmean": 0.00327881285921,
        "dmean2": 0.00531847216189,
        "dvar": 0.000167055317434,
        "dvar2": 0.00041706050979,
        "max": 0.193721920252,
        "mean": 0.00500685255975,
        "median": 0.000320608640322,
        "min": 3.46468340662e-23,
        "var": 0.000229382858379
    },
    "spectral_energyband_middle_high": {
        "dmean": 0.00176698807627,
        "dmean2": 0.00246161967516,
        "dvar": 1.78591508302e-05,
        "dvar2": 3.61254460586e-05,
        "max": 0.0639195293188,
        "mean": 0.00322347600013,
        "median": 0.00112673197873,
        "min": 1.35252400913e-21,
        "var": 3.22174128087e-05
    },
    "spectral_energyband_middle_low": {
        "dmean": 0.00466707861051,
        "dmean2": 0.00755961053073,
        "dvar": 0.00012032975792,
        "dvar2": 0.000305552821374,
        "max": 0.165320888162,
        "mean": 0.0106196114793,
        "median": 0.00393278803676,
        "min": 3.70290753553e-22,
        "var": 0.000231772806728
    },
    "spectral_entropy": {
        "dmean": 0.355685830116,
        "dmean2": 0.524006843567,
        "dvar": 0.263470590115,
        "dvar2": 0.490551799536,
        "max": 9.79155731201,
        "mean": 6.96938800812,
        "median": 7.00649881363,
        "min": 3.69369149208,
        "var": 1.04055190086
    },
    "spectral_flux": {
        "dmean": 0.0231107622385,
        "dmean2": 0.0348215997219,
        "dvar": 0.00108966836706,
        "dvar2": 0.00218801153824,
        "max": 0.440087944269,
        "mean": 0.0646410137415,
        "median": 0.0511454865336,
        "min": 1.0444631271e-10,
        "var": 0.00343610323034
    },
    "spectral_kurtosis": {
        "dmean": 8.85223007202,
        "dmean2": 14.6654510498,
        "dvar": 334.788879395,
        "dvar2": 795.795471191,
        "max": 304.288604736,
        "mean": 18.2861404419,
        "median": 7.37596607208,
        "min": -1.18052470684,
        "var": 1057.42919922
    },
    "spectral_rms": {
        "dmean": 0.000713588728104,
        "dmean2": 0.00100864912383,
        "dvar": 1.19386993447e-06,
        "dvar2": 2.11529277294e-06,
        "max": 0.0152579173446,
        "mean": 0.0034110895358,
        "median": 0.0029179872945,
        "min": 3.26235479603e-12,
        "var": 6.00422708885e-06
    },
    "spectral_rolloff": {
        "dmean": 747.623168945,
        "dmean2": 1313.29223633,
        "dvar": 2647272.5,
        "dvar2": 6252457.5,
        "max": 20155.078125,
        "mean": 1946.30993652,
        "median": 882.861328125,
        "min": 64.599609375,
        "var": 9726749
    },
    "spectral_skewness": {
        "dmean": 0.719949066639,
        "dmean2": 1.15295279026,
        "dvar": 1.19529461861,
        "dvar2": 2.59142017365,
        "max": 15.3085384369,
        "mean": 2.51802325249,
        "median": 1.86956465244,
        "min": -0.00620572455227,
        "var": 4.2362279892
    },
    "spectral_spread": {
        "dmean": 952514.3125,
        "dmean2": 1448457.75,
        "dvar": 2.16085941453e+12,
        "dvar2": 4.06655519949e+12,
        "max": 39228576,
        "mean": 3844350.5,
        "median": 2926548,
        "min": 374798.71875,
        "var": 7.60459349197e+12
    },
    "spectral_strongpeak": {
        "dmean": 0.400650262833,
        "dmean2": 0.657802522182,
        "dvar": 0.39050295949,
        "dvar2": 0.882685661316,
        "max": 7.38002300262,
        "mean": 0.901457607746,
        "median": 0.446841657162,
        "min": 0,
        "var": 1.40381348133
    },
    "zerocrossingrate": {
        "dmean": 0.0139604145661,
        "dmean2": 0.0168738029897,
        "dvar": 0.00047622382408,
        "dvar2": 0.000569191353861,
        "max": 0.81591796875,
        "mean": 0.0696344003081,
        "median": 0.04443359375,
        "min": 0.00439453125,
        "var": 0.0114908628166
    },
    "barkbands": {
        "dmean": [2.74014109891e-05, 0.00119345053099, 0.00195111450739, 0.00166582851671, 0.0017684136983, 0.00183511630166, 0.000825073977467, 0.00047574765631, 0.000395174167352, 0.000606744608376, 0.000240200039116, 0.000235594954574, 0.000196109729586, 0.000208576224395, 0.000175307766767, 0.000220002853894, 0.00023998785764, 0.000146407066495, 0.000100253411802, 9.56350922934e-05, 6.00206876697e-05, 9.7437929071e-05, 0.000113058878924, 0.000121161356219, 5.54779508093e-05, 1.28093297462e-05, 1.6698379568e-06],
        "dmean2": [4.41887168563e-05, 0.00196387106553, 0.00341860507615, 0.00284599792212, 0.00285967253149, 0.00287025980651, 0.00133447628468, 0.000722324009985, 0.000637228193227, 0.000929368077777, 0.000382261408959, 0.000362903578207, 0.000314669363433, 0.00032958961674, 0.000267641473329, 0.000330224400386, 0.000360016943887, 0.000225794385187, 0.00014633378305, 0.000143986937474, 9.40099998843e-05, 0.000164523051353, 0.000197604065761, 0.000214014653466, 9.50415123953e-05, 1.91478138731e-05, 2.63540732703e-06],
        "dvar": [1.12233902172e-08, 2.30336536333e-05, 9.15789278224e-05, 3.89880769944e-05, 1.52105258167e-05, 1.37942161018e-05, 3.67820643987e-06, 1.13314513328e-06, 8.45832403229e-07, 4.15027398049e-06, 3.26106146531e-07, 2.75373253089e-07, 2.31732116163e-07, 2.93263781259e-07, 1.85251096241e-07, 3.15368765769e-07, 2.91276620601e-07, 1.25094373971e-07, 5.85937911524e-08, 5.48279643908e-08, 1.6723971541e-08, 5.34146167297e-08, 8.00362514042e-08, 1.13110360189e-07, 2.18913154271e-08, 2.37665620517e-09, 8.60659529756e-11],
        "dvar2": [3.01992280072e-08, 6.18613266852e-05, 0.000258403277257, 0.00010364879563, 4.00325661758e-05, 3.22432752e-05, 9.23781954043e-06, 2.58848331214e-06, 2.12846134673e-06, 1.00958959592e-05, 7.61197441079e-07, 6.11076472978e-07, 5.29696762896e-07, 6.95824155628e-07, 3.89781433796e-07, 6.57135444726e-07, 6.44349483991e-07, 2.80164044852e-07, 1.21388026741e-07, 1.13475067565e-07, 3.74775943612e-08, 1.35471196927e-07, 2.15168213913e-07, 2.89384701091e-07, 5.33612123377e-08, 4.4352126416e-09, 1.81928874743e-10],
        "max": [0.00189105095342, 0.0807120576501, 0.134020268917, 0.0875247046351, 0.0537645444274, 0.0540903396904, 0.0258519873023, 0.0222922377288, 0.0140989841893, 0.0286523401737, 0.0135323107243, 0.00564709259197, 0.0108209848404, 0.00871442537755, 0.00651252642274, 0.00837721675634, 0.00818590819836, 0.00522537622601, 0.00452903052792, 0.00312005588785, 0.00174740119837, 0.0031648655422, 0.0025346390903, 0.00666978955269, 0.00330141186714, 0.00167327153031, 0.000276583770756],
        "mean": [4.98698063893e-05, 0.00177871994674, 0.00202314835042, 0.00194154377095, 0.00288199423812, 0.00318608316593, 0.0012232484296, 0.000650286150631, 0.000518981949426, 0.00067957630381, 0.000371253088815, 0.000306210567942, 0.000252141995588, 0.000241019864916, 0.000311017822241, 0.000345073232893, 0.000425488746259, 0.000195146931219, 0.000137014765642, 0.000123590769363, 7.28720478946e-05, 0.000102975354821, 9.47800945141e-05, 9.91522319964e-05, 5.22292430105e-05, 1.55478846864e-05, 2.02555861506e-06],
        "median": [2.00744011636e-07, 1.21197217595e-05, 6.07841466262e-05, 0.000127874096506, 0.00112038734369, 0.000778724905103, 0.000220986505155, 0.000148222636199, 0.00014027277939, 8.48219060572e-05, 5.53062600375e-05, 3.93108020944e-05, 4.40201511083e-05, 2.78030238405e-05, 2.82484124909e-05, 2.96402540698e-05, 4.87834622618e-05, 3.17232261295e-05, 2.18855020648e-05, 1.65017991094e-05, 4.65966058982e-06, 4.17868523073e-06, 2.07877928915e-06, 1.50869300342e-06, 1.09615575639e-06, 4.24745707051e-07, 9.57597947604e-08],
        "min": [1.40214914084e-23, 4.03175488504e-24, 5.35668937385e-24, 3.05560286036e-23, 3.46771831229e-23, 5.78784848024e-23, 6.11935686269e-23, 9.77915397016e-23, 4.45106246073e-23, 1.03643846322e-22, 6.66279114961e-23, 1.48787008002e-23, 1.13792693329e-22, 6.48498000831e-23, 2.55097219961e-22, 1.03040752694e-22, 1.09467640354e-22, 1.75861834452e-22, 2.529317526e-22, 2.58236785389e-22, 4.68006714069e-22, 4.95404547505e-22, 6.96385707419e-22, 8.23742441184e-22, 1.16931289405e-21, 2.05443593332e-21, 2.65219145985e-21],
        "var": [2.27691820953e-08, 2.98380418826e-05, 7.09454761818e-05, 4.06052567996e-05, 2.41764591919e-05, 3.5120989196e-05, 6.10838696957e-06, 1.73432874817e-06, 1.06146273993e-06, 4.2810343075e-06, 6.10165670878e-07, 4.28349153481e-07, 3.95710543444e-07, 3.60743911187e-07, 6.00673899953e-07, 7.11784025498e-07, 8.26865289127e-07, 1.93537431414e-07, 9.49989740207e-08, 9.04822385905e-08, 2.93683086738e-08, 6.51742837476e-08, 6.56686083289e-08, 1.02859047502e-07, 2.74028870706e-08, 4.93464957785e-09, 1.31116145718e-10]
    },
    "erbbands": {
        "dmean": [0.0304234214127, 0.302174240351, 1.7118024826, 4.17023468018, 4.57874298096, 6.84341049194, 12.9847364426, 14.1670513153, 11.2881355286, 11.46002388, 9.92513370514, 9.5178976059, 13.2111587524, 16.6198196411, 9.96020889282, 10.1163234711, 9.31231689453, 9.8295507431, 9.57915210724, 9.17520523071, 11.5832834244, 10.1496458054, 9.09125900269, 5.98353147507, 4.8162817955, 4.38446903229, 2.34330439568, 2.99327778816, 3.45355582237, 3.8252017498, 2.79850268364, 2.36205911636, 1.8511146307, 0.905238986015, 0.243315815926, 0.0785605832934, 0.0201465245336, 0.00335486000404, 0.000285044574412, 1.89576039702e-05],
        "dmean2": [0.0466152951121, 0.523911833763, 3.035364151, 6.78617334366, 7.82541227341, 11.15965271, 20.2079029083, 22.1575679779, 18.0836315155, 18.0158596039, 14.9952507019, 15.0843772888, 20.1480941772, 25.5232620239, 15.4437007904, 15.3832569122, 14.7279729843, 15.3570432663, 13.8851671219, 14.0387878418, 16.6560668945, 15.0326633453, 13.7889976501, 8.94967556, 6.97188472748, 6.47348928452, 3.44069480896, 4.97351837158, 5.82719373703, 6.742146492, 4.8035364151, 4.09485054016, 3.27197504044, 1.57203865051, 0.40807390213, 0.121234335005, 0.0303342472762, 0.00499114859849, 0.000446288118837, 2.86423492071e-05],
        "dvar": [0.0131668355316, 1.57661604881, 61.9339027405, 277.877166748, 196.458786011, 302.623626709, 755.461669922, 919.343200684, 725.944030762, 666.700195312, 614.426513672, 468.766662598, 1191.91247559, 3503.60522461, 483.416900635, 507.078430176, 545.90814209, 552.58984375, 592.872680664, 495.31362915, 753.526245117, 507.654388428, 420.523284912, 219.864303589, 137.183959961, 120.429069519, 29.7550010681, 45.6794586182, 68.8291473389, 87.4584884644, 47.5232009888, 42.125289917, 28.0697803497, 5.68858098984, 0.516146540642, 0.0817194506526, 0.00655080657452, 0.00027802187833, 2.28306612371e-06, 3.97988175749e-09],
        "dvar2": [0.0311232861131, 4.41243600845, 177.943756104, 646.491394043, 529.866516113, 787.518798828, 1716.91027832, 2086.40454102, 1713.51818848, 1646.65686035, 1439.3770752, 1145.99816895, 2912.87866211, 8533.34277344, 1120.47631836, 1113.76245117, 1228.3059082, 1261.98132324, 1147.87084961, 1038.40539551, 1561.33239746, 1108.76281738, 956.798828125, 456.267120361, 269.616760254, 249.729598999, 57.1796112061, 115.326850891, 175.658721924, 237.391113281, 124.028282166, 108.840133667, 68.864440918, 14.4117536545, 1.20019102097, 0.157678291202, 0.012881372124, 0.000557111285161, 4.75169099445e-06, 8.67629790235e-09],
        "max": [1.7589648962, 19.8901519775, 108.478630066, 242.676620483, 266.605163574, 294.775054932, 425.618682861, 488.828552246, 416.914245605, 352.561187744, 538.326416016, 394.160064697, 612.799133301, 941.671203613, 422.927429199, 286.748168945, 555.482421875, 415.18649292, 430.149414062, 473.244506836, 459.64630127, 433.842681885, 330.168609619, 295.898834229, 178.058654785, 172.791412354, 87.2156829834, 80.5816879272, 121.859397888, 98.2944869995, 76.6558151245, 131.435455322, 105.696655273, 40.2842559814, 19.7303066254, 9.43886375427, 3.00457143784, 0.596486032009, 0.0507648214698, 0.002183011733],
        "mean": [0.0471349321306, 0.429944425821, 1.95907247066, 5.19560861588, 6.2272567749, 10.641377449, 23.105840683, 23.0767765045, 17.4610443115, 16.6833381653, 13.7294120789, 13.1143817902, 16.9081993103, 19.2379264832, 15.4255332947, 13.8603229523, 12.5842084885, 12.6363220215, 16.0051860809, 16.718585968, 20.5776157379, 17.3371524811, 13.1189899445, 8.3696603775, 6.69470930099, 5.81321668625, 3.14019656181, 3.29958438873, 3.68381309509, 3.41418290138, 2.42805433273, 1.9892822504, 1.55667734146, 0.803961992264, 0.250859498978, 0.0919043272734, 0.0234887693077, 0.00397830083966, 0.000365076091839, 3.71271344193e-05],
        "median": [0.000236347914324, 0.00588862737641, 0.0902942866087, 0.331799209118, 1.74424219131, 3.85651922226, 4.9890871048, 6.35039043427, 3.65797996521, 3.99996137619, 3.38018298149, 3.79232001305, 3.14092373848, 2.63489675522, 2.92854952812, 2.23147726059, 2.5368013382, 1.89304375648, 1.69895672798, 2.06237030029, 2.5205013752, 2.77356481552, 2.30240797997, 1.56497502327, 1.02697873116, 0.82324296236, 0.309737682343, 0.167920842767, 0.152798801661, 0.076758697629, 0.0557359829545, 0.0350973382592, 0.0237982273102, 0.0157609432936, 0.00519081903622, 0.00235242582858, 0.000641163671389, 0.000128116691485, 2.79652631434e-05, 1.78075697477e-05],
        "min": [1.12461701966e-22, 1.23536556818e-21, 6.36016022597e-21, 6.46766769465e-20, 5.22094624529e-20, 9.35315284469e-20, 3.57897812446e-19, 5.92818114538e-19, 8.42669879716e-19, 1.00355961078e-18, 2.45554086267e-18, 8.20942843554e-19, 3.01233826006e-18, 2.23836748798e-18, 2.77520729193e-18, 8.36515914452e-19, 4.88975700915e-18, 4.6573544122e-18, 1.22552614558e-17, 7.1080126345e-18, 6.08041691288e-18, 7.20338738631e-18, 9.22823040007e-18, 1.25112118168e-17, 1.09773261392e-17, 1.19883592234e-17, 2.24606552027e-17, 1.38552148761e-17, 1.89375804773e-17, 2.00895403225e-17, 1.85440641901e-17, 1.15473214101e-17, 1.78211066804e-17, 1.40437301649e-17, 8.5285017763e-18, 7.03272761823e-18, 3.75276665151e-18, 1.4889164172e-18, 3.14822485445e-19, 4.21954653233e-20],
        "var": [0.0214752554893, 1.79904186726, 52.1913146973, 327.687225342, 204.219863892, 431.946258545, 1991.5637207, 2033.44921875, 1345.32958984, 1015.98223877, 851.342956543, 638.999633789, 1406.60107422, 3714.08251953, 872.514282227, 835.694641113, 974.48059082, 777.912963867, 1874.50927734, 1544.70983887, 1832.68713379, 1158.64074707, 704.240966797, 375.412445068, 241.607955933, 200.165328979, 59.3945350647, 61.6584243774, 85.0161209106, 76.2333831787, 42.6427459717, 37.2259140015, 28.2544746399, 6.27907800674, 0.739858806133, 0.16370549798, 0.0123153971508, 0.000455021188827, 3.53764335159e-06, 6.81109924017e-09]
    },
    "gfcc": {
        "mean": [-124.19303894, 110.097549438, -124.654029846, 3.59847664833, -61.3506546021, -16.9342441559, -47.800113678, -7.85490846634, -25.3380947113, -10.2761192322, -12.3502416611, -1.75960242748, -7.04748630524],
        "cov": [[32558.5996094, -679.297424316, -1550.27282715, 3313.40991211, -787.840332031, 2391.5246582, -683.51159668, 1282.50305176, -795.704772949, 177.50920105, -865.771484375, 49.6270332336, -570.392822266], [-679.297424316, 4774.43847656, -61.0551719666, -777.965454102, 698.654846191, -1213.60498047, 92.4891967773, -303.583740234, 43.5198822021, -399.454650879, 247.135864258, -183.880523682, 128.685806274], [-1550.27282715, -61.0551719666, 2321.10766602, 325.609008789, -37.6684761047, 336.10925293, 10.1597719193, 134.497833252, 170.913452148, 269.482147217, 182.847396851, 130.14100647, -75.5931243896], [3313.40991211, -777.965454102, 325.609008789, 1108.45910645, 87.0420455933, 632.722290039, 86.4355239868, 287.003540039, 42.4390907288, 127.937301636, -51.9350357056, 61.5595626831, -76.3220291138], [-787.840332031, 698.654846191, -37.6684761047, 87.0420455933, 746.23425293, -52.6302604675, 259.959655762, 101.344261169, 93.5316467285, -29.6431941986, 50.4934616089, -45.616317749, 38.0141563416], [2391.5246582, -1213.60498047, 336.10925293, 632.722290039, -52.6302604675, 886.622436523, 129.040969849, 261.861877441, 24.1303405762, 178.181472778, -101.395576477, 55.8409385681, -97.516204834], [-683.51159668, 92.4891967773, 10.1597719193, 86.4355239868, 259.959655762, 129.040969849, 440.963928223, 117.521385193, 52.817741394, 31.8916187286, 71.4666976929, 12.1860361099, 6.23214006424], [1282.50305176, -303.583740234, 134.497833252, 287.003540039, 101.344261169, 261.861877441, 117.521385193, 336.792358398, 42.8481559753, 100.436943054, 38.2140846252, 56.9261322021, -36.4334449768], [-795.704772949, 43.5198822021, 170.913452148, 42.4390907288, 93.5316467285, 24.1303405762, 52.817741394, 42.8481559753, 214.407196045, 57.9339637756, 29.2111320496, 34.7510147095, 31.2519264221], [177.50920105, -399.454650879, 269.482147217, 127.937301636, -29.6431941986, 178.181472778, 31.8916187286, 100.436943054, 57.9339637756, 229.199554443, 68.0230636597, 42.7414855957, -22.9249095917], [-865.771484375, 247.135864258, 182.847396851, -51.9350357056, 50.4934616089, -101.395576477, 71.4666976929, 38.2140846252, 29.2111320496, 68.0230636597, 215.963806152, 47.9513092041, 8.96081066132], [49.6270332336, -183.880523682, 130.14100647, 61.5595626831, -45.616317749, 55.8409385681, 12.1860361099, 56.9261322021, 34.7510147095, 42.7414855957, 47.9513092041, 124.862190247, 21.3668556213], [-570.392822266, 128.685806274, -75.5931243896, -76.3220291138, 38.0141563416, -97.516204834, 6.23214006424, -36.4334449768, 31.2519264221, -22.9249095917, 8.96081066132, 21.3668556213, 94.4896621704]],
        "icov": [[0.000220034082304, -0.000402728677727, 0.000316465593642, -0.000519714900292, 0.000354345596861, -0.000470509316074, 0.00045493451762, -0.000647504464723, 0.000739105977118, -0.000598108395934, 0.000802002672572, -0.00055138656171, 0.000461368152173], [-0.000402728677727, 0.00119984673802, -0.000697209383361, 0.000962979509495, -0.000953866692726, 0.00132317887619, -0.000862726883497, 0.00118251226377, -0.00144802581053, 0.00169891794212, -0.00187576585449, 0.00147046509665, -0.000846470706165], [0.000316465593642, -0.000697209383361, 0.00106988172047, -0.000803662580438, 0.000549110234715, -0.000978655763902, 0.000827285170089, -0.000726893427782, 0.000710737425834, -0.00129810371436, 0.000772372994106, -0.00123035814613, 0.00115587690379], [-0.000519714900292, 0.000962979509495, -0.000803662580438, 0.00292359036393, -0.0011727331439, 4.19907228206e-05, -0.000748713908251, 0.000944867439102, -0.0017834561877, 0.00163356284611, -0.00189318845514, 0.00102885789238, -0.000868323317263], [0.000354345596861, -0.000953866692726, 0.000549110234715, -0.0011727331439, 0.00290382187814, -0.000610006449278, -0.000336483557476, -0.00172847032081, 0.000557133171242, -0.000876442412846, 0.00136580853723, 0.000251564983046, -9.52257614699e-05], [-0.000470509316074, 0.00132317887619, -0.000978655763902, 4.19907228206e-05, -0.000610006449278, 0.00460265856236, -0.0020519180689, 0.000594259530772, -0.00141446560156, 0.00032008960261, 0.000184028802323, 0.000948126311414, 0.000282278604573], [0.00045493451762, -0.000862726883497, 0.000827285170089, -0.000748713908251, -0.000336483557476, -0.0020519180689, 0.00444656005129, -0.00174913334195, 0.00125888548791, -0.000827329407912, 0.000176545334398, -0.00102850282565, 0.000627031142358], [-0.000647504464723, 0.00118251226377, -0.000726893427782, 0.000944867439102, -0.00172847032081, 0.000594259530772, -0.00174913334195, 0.007077798713, -0.00236758892424, 0.000887524511199, -0.00302405236289, -0.000170154278749, 0.000139264695463], [0.000739105977118, -0.00144802581053, 0.000710737425834, -0.0017834561877, 0.000557133171242, -0.00141446560156, 0.00125888548791, -0.00236758892424, 0.00861845258623, -0.00361275440082, 0.00343192974105, -0.00288638682105, -0.000517849635798], [-0.000598108395934, 0.00169891794212, -0.00129810371436, 0.00163356284611, -0.000876442412846, 0.00032008960261, -0.000827329407912, 0.000887524511199, -0.00361275440082, 0.00973781198263, -0.00545640289783, 0.00244588567875, -0.00104175007436], [0.000802002672572, -0.00187576585449, 0.000772372994106, -0.00189318845514, 0.00136580853723, 0.000184028802323, 0.000176545334398, -0.00302405236289, 0.00343192974105, -0.00545640289783, 0.0114025222138, -0.00507829152048, 0.00255555217154], [-0.00055138656171, 0.00147046509665, -0.00123035814613, 0.00102885789238, 0.000251564983046, 0.000948126311414, -0.00102850282565, -0.000170154278749, -0.00288638682105, 0.00244588567875, -0.00507829152048, 0.0139096872881, -0.00572058046237], [0.000461368152173, -0.000846470706165, 0.00115587690379, -0.000868323317263, -9.52257614699e-05, 0.000282278604573, 0.000627031142358, 0.000139264695463, -0.000517849635798, -0.00104175007436, 0.00255555217154, -0.00572058046237, 0.0160561427474]]
    },
    "melbands": {
        "dmean": [0.000294656900223, 0.000722580996808, 0.00070272287121, 0.000381241785362, 0.000407132203691, 0.00032062412356, 0.000170682673343, 0.000117301155115, 7.85784068285e-05, 5.92826108914e-05, 6.91025343258e-05, 7.29343519197e-05, 3.50996306224e-05, 2.54052483797e-05, 2.59362404904e-05, 1.77284819074e-05, 2.00240265258e-05, 1.6443504137e-05, 1.25241876958e-05, 1.63724616868e-05, 1.42477074405e-05, 1.11022500278e-05, 1.31357655846e-05, 6.22562674835e-06, 4.9977325034e-06, 3.37681399287e-06, 3.70042721443e-06, 2.79740106635e-06, 1.65901747096e-06, 1.2126895399e-06, 1.97223334908e-06, 1.91433196051e-06, 1.93838900486e-06, 2.50922630585e-06, 1.90876062334e-06, 1.05219817215e-06, 1.77129868462e-06, 1.59004332545e-06, 9.1881275921e-07, 6.9584780249e-07],
        "dmean2": [0.000469488062663, 0.00129108002875, 0.00113654567394, 0.000626901513897, 0.000637022138108, 0.000502773618791, 0.000274973164778, 0.000182851290447, 0.000120083182992, 9.50033718254e-05, 0.00010550301522, 0.000113293186587, 5.47553354409e-05, 3.92441615986e-05, 4.06808503612e-05, 2.82032724499e-05, 3.19060709444e-05, 2.42988116952e-05, 1.90390492207e-05, 2.48020314757e-05, 2.09046993405e-05, 1.67646139744e-05, 1.9985021936e-05, 9.7365145848e-06, 7.50218441681e-06, 4.97282871947e-06, 5.68357654629e-06, 4.15940576204e-06, 2.4747698717e-06, 1.87779244243e-06, 3.38388713317e-06, 3.17255239679e-06, 3.33347907144e-06, 4.52776839666e-06, 3.34032210958e-06, 1.70741520833e-06, 3.14136127599e-06, 2.84084330815e-06, 1.57962733738e-06, 1.21217919968e-06],
        "dvar": [1.32940624553e-06, 1.01180867205e-05, 7.1359231697e-06, 8.55510222664e-07, 6.57869122733e-07, 4.36177629126e-07, 1.5562828537e-07, 6.39140083081e-08, 3.82839289159e-08, 1.91381062109e-08, 3.35924568162e-08, 7.59085097002e-08, 6.76806521938e-09, 2.89849655388e-09, 3.78247477784e-09, 1.82989134956e-09, 2.4442530222e-09, 1.96352578641e-09, 9.16626885505e-10, 1.69041591835e-09, 1.2321059728e-09, 6.90368318068e-10, 1.01638764072e-09, 2.22616050594e-10, 1.60222210499e-10, 7.84795353703e-11, 8.15046224956e-11, 5.28238355835e-11, 1.72162735457e-11, 7.90152058366e-12, 1.96444509964e-11, 2.03227885909e-11, 2.52237414983e-11, 4.15699384637e-11, 2.32632246799e-11, 8.12510562304e-12, 2.39619730308e-11, 2.03815488792e-11, 7.58828937186e-12, 3.22331094108e-12],
        "dvar2": [3.37064943778e-06, 2.89710096695e-05, 1.68509996001e-05, 2.2479459858e-06, 1.54812823894e-06, 1.00298984762e-06, 3.76698778837e-07, 1.5458165592e-07, 9.11056687869e-08, 4.7894243238e-08, 8.13301923586e-08, 1.86877826991e-07, 1.54991095513e-08, 6.4846372716e-09, 8.69390603953e-09, 4.24228696616e-09, 5.80992232102e-09, 4.0008423241e-09, 2.01721084281e-09, 3.54167029037e-09, 2.66416710915e-09, 1.56467694357e-09, 2.30797780887e-09, 5.17405451816e-10, 3.37344513435e-10, 1.67155317365e-10, 1.73670078318e-10, 1.12131526286e-10, 3.46062727086e-11, 1.7188079085e-11, 5.16945618256e-11, 5.02125459267e-11, 6.6488758943e-11, 1.16007294049e-10, 6.22923171378e-11, 1.92902881169e-11, 6.35102387347e-11, 5.1533912554e-11, 1.85627589688e-11, 8.31883433666e-12],
        "max": [0.0189866516739, 0.0413935184479, 0.0383163355291, 0.012742347084, 0.0115441586822, 0.0100101614371, 0.00569024309516, 0.00329544418491, 0.00364077161066, 0.00232755113393, 0.0030172157567, 0.0042977463454, 0.00199465942569, 0.000621521496214, 0.00123148644343, 0.000841034925543, 0.000923694227822, 0.00079496379476, 0.000615517958067, 0.000849141099025, 0.00065949204145, 0.0005190022639, 0.00085160729941, 0.000306218280457, 0.000261022039922, 0.000188578647794, 0.000147259590449, 0.000126916667796, 6.48271161481e-05, 4.20674077759e-05, 4.93583756906e-05, 5.75971098442e-05, 8.17600594019e-05, 6.41378355795e-05, 4.55228146166e-05, 7.94004372437e-05, 9.70875480562e-05, 9.06677669263e-05, 7.2693452239e-05, 3.65483210771e-05],
        "mean": [0.000454104971141, 0.000879472412635, 0.000909495051019, 0.000588965485804, 0.000743654556572, 0.000536780862603, 0.000261616107309, 0.000170759143657, 0.000106537016109, 7.88663746789e-05, 8.50435244502e-05, 8.00419657025e-05, 5.49242067791e-05, 3.50831141986e-05, 3.27008783643e-05, 2.29558590945e-05, 2.37106942222e-05, 2.48048745561e-05, 2.01552338694e-05, 2.84790221485e-05, 2.45013725362e-05, 1.83789288712e-05, 1.86289944395e-05, 8.22562105895e-06, 6.57780947222e-06, 4.64139611722e-06, 4.76583136333e-06, 3.6296653434e-06, 2.14830492951e-06, 1.53082942234e-06, 2.03124909604e-06, 2.10066264117e-06, 1.91141043615e-06, 2.02310161512e-06, 1.54184397161e-06, 1.03411912278e-06, 1.38118741688e-06, 1.2627410797e-06, 8.26223640615e-07, 6.13977988451e-07],
        "median": [2.5148954137e-06, 3.45604312315e-05, 0.000113068643259, 0.000206284283195, 0.000192181279999, 0.000146219244925, 5.15544270456e-05, 4.1943974793e-05, 2.64150185103e-05, 2.19878620555e-05, 1.39608973768e-05, 9.49291825236e-06, 8.35625905893e-06, 5.80414462092e-06, 5.38927861271e-06, 4.19569278165e-06, 2.82450264422e-06, 2.0551669877e-06, 1.96999712898e-06, 2.24528253057e-06, 2.53059897659e-06, 2.51573328569e-06, 2.20328911382e-06, 1.41678242471e-06, 1.02662670542e-06, 6.7898395173e-07, 6.36519757791e-07, 4.73905799936e-07, 1.88404726487e-07, 8.46241192676e-08, 9.01692516209e-08, 9.90506308085e-08, 4.62235405507e-08, 3.70030761587e-08, 3.07786507392e-08, 2.89432371403e-08, 1.79497448016e-08, 1.47515102356e-08, 1.62695812378e-08, 1.1369892583e-08],
        "min": [2.08911509175e-24, 2.3149955512e-24, 1.05048488894e-23, 3.80470770032e-24, 1.16165400761e-23, 1.20857434984e-23, 1.34001435387e-23, 1.31238670948e-23, 1.90174311405e-23, 4.91152490984e-24, 1.54849766935e-23, 9.30038134946e-24, 9.20762235106e-24, 3.28649136383e-24, 3.71216721639e-24, 1.32234260742e-23, 7.19952721859e-24, 1.65621836145e-23, 1.66353331085e-23, 6.72249040742e-24, 6.96855584529e-24, 7.77134645637e-24, 7.13754878385e-24, 8.85921483252e-24, 1.05509798975e-23, 8.05120432883e-24, 7.48705991879e-24, 7.4324234125e-24, 1.36223088577e-23, 1.18296973924e-23, 6.82595424831e-24, 1.04259407108e-23, 1.07482613881e-23, 1.22473345551e-23, 1.23536990376e-23, 7.14559437622e-24, 6.49384025734e-24, 1.30676189456e-23, 1.06043471266e-23, 1.26554470113e-23],
        "var": [1.91385811377e-06, 9.14502106752e-06, 8.52428365761e-06, 1.27655937376e-06, 1.69962402197e-06, 1.01790396911e-06, 2.84693925323e-07, 1.02180806039e-07, 5.15798319611e-08, 2.43960425195e-08, 3.89326295647e-08, 7.66896093296e-08, 1.33984405792e-08, 4.90202856085e-09, 5.49632339641e-09, 2.88013723981e-09, 3.14211168195e-09, 5.0045030342e-09, 2.13886974798e-09, 5.21311793733e-09, 3.25075255603e-09, 1.53990975527e-09, 1.86846937922e-09, 3.22346427328e-10, 2.5903457157e-10, 1.26539806411e-10, 1.27356278301e-10, 8.37945060561e-11, 3.08152947603e-11, 1.42353897767e-11, 2.31896550573e-11, 2.73674589935e-11, 2.70378441858e-11, 3.0561397163e-11, 1.85844551553e-11, 9.3024641809e-12, 1.91689251278e-11, 1.84452557395e-11, 8.65160460634e-12, 3.49908144993e-12]
    },
    "mfcc": {
        "mean": [-751.129272461, 136.860961914, -7.48109865189, 9.41097545624, -3.21818590164, -14.6624097824, -16.0856723785, -8.81844425201, -14.1434726715, -13.1025524139, -11.2347650528, -5.92793512344, -3.90193200111],
        "cov": [[18815.6152344, -554.514221191, -979.527648926, 987.13269043, 481.824371338, 884.337097168, 873.721618652, 1011.55517578, 663.024536133, 582.581298828, 309.043579102, -9.34702777863, -125.681480408], [-554.514221191, 3671.64941406, -332.247833252, 239.63130188, 201.961593628, -531.339050293, -42.8929290771, -34.2126312256, -128.571640015, -176.608444214, -179.219924927, -10.5709676743, 15.3681154251], [-979.527648926, -332.247833252, 1846.38500977, 123.700401306, 132.078155518, 249.38973999, -71.4532012939, -14.9243440628, -54.3267593384, 42.0620117188, 170.988632202, 97.7004241943, 85.4561386108], [987.13269043, 239.63130188, 123.700401306, 727.53125, 299.276885986, 152.257339478, 226.072814941, 197.373764038, 134.796035767, 136.402603149, 127.019554138, 146.510070801, 125.874000549], [481.824371338, 201.961593628, 132.078155518, 299.276885986, 425.407409668, 144.780197144, 134.902908325, 129.80140686, 112.361503601, 118.673339844, 67.2778091431, 61.7633628845, 84.4129486084], [884.337097168, -531.339050293, 249.38973999, 152.257339478, 144.780197144, 472.020385742, 184.715087891, 161.507766724, 166.9868927, 148.30657959, 124.720970154, 34.4009971619, 9.37959098816], [873.721618652, -42.8929290771, -71.4532012939, 226.072814941, 134.902908325, 184.715087891, 420.188354492, 233.397644043, 129.852905273, 141.100296021, 127.361198425, 108.973251343, 40.5714874268], [1011.55517578, -34.2126312256, -14.9243440628, 197.373764038, 129.80140686, 161.507766724, 233.397644043, 324.022155762, 168.25302124, 101.752479553, 88.4644622803, 78.7628479004, 48.8011779785], [663.024536133, -128.571640015, -54.3267593384, 134.796035767, 112.361503601, 166.9868927, 129.852905273, 168.25302124, 240.75428772, 127.305389404, 66.0182647705, 40.9254112244, 41.0566139221], [582.581298828, -176.608444214, 42.0620117188, 136.402603149, 118.673339844, 148.30657959, 141.100296021, 101.752479553, 127.305389404, 197.127639771, 120.260108948, 50.3195457458, 39.975933075], [309.043579102, -179.219924927, 170.988632202, 127.019554138, 67.2778091431, 124.720970154, 127.361198425, 88.4644622803, 66.0182647705, 120.260108948, 189.48387146, 100.766113281, 59.5365486145], [-9.34702777863, -10.5709676743, 97.7004241943, 146.510070801, 61.7633628845, 34.4009971619, 108.973251343, 78.7628479004, 40.9254112244, 50.3195457458, 100.766113281, 200.202178955, 114.610961914], [-125.681480408, 15.3681154251, 85.4561386108, 125.874000549, 84.4129486084, 9.37959098816, 40.5714874268, 48.8011779785, 41.0566139221, 39.975933075, 59.5365486145, 114.610961914, 168.547332764]],
