{
"lowlevel": {
    "average_loudness": 0.950259387493,
    "barkbands_crest": {
        "dmean": 3.30968546867,
        "dmean2": 5.19691753387,
        "dvar": 9.05557823181,
        "dvar2": 20.7184524536,
        "max": 26.1028766632,
        "mean": 11.8208971024,
        "median": 10.8036422729,
        "min": 2.43624806404,
        "var": 28.8484516144
    },
    "barkbands_flatness_db": {
        "dmean": 0.0313421487808,
        "dmean2": 0.0465714633465,
        "dvar": 0.000998975010589,
        "dvar2": 0.00219207955524,
        "max": 0.648317575455,
        "mean": 0.139798358083,
        "median": 0.131536528468,
        "min": 0.0250629875809,
        "var": 0.00376804871485
    },
    "barkbands_kurtosis": {
        "dmean": 6.40333795547,
        "dmean2": 10.3239221573,
        "dvar": 339.266265869,
        "dvar2": 833.90057373,
        "max": 589.302856445,
        "mean": 6.75558996201,
        "median": 2.1176803112,
        "min": -1.98214280605,
        "var": 370.188079834
    },
    "barkbands_skewness": {
        "dmean": 0.949481666088,
        "dmean2": 1.43557655811,
        "dvar": 1.37498176098,
        "dvar2": 3.12637042999,
        "max": 19.9850330353,
        "mean": 1.75321507454,
        "median": 1.57111477852,
        "min": -6.71227645874,
        "var": 3.43361663818
    },
    "barkbands_spread": {
        "dmean": 13.1704998016,
        "dmean2": 20.0559329987,
        "dvar": 223.055969238,
        "dvar2": 492.230987549,
        "max": 137.972244263,
        "mean": 32.2866401672,
        "median": 26.410949707,
        "min": 0.247071251273,
        "var": 510.484954834
    },
    "dissonance": {
        "dmean": 0.0227843690664,
        "dmean2": 0.0366879589856,
        "dvar": 0.000589489703998,
        "dvar2": 0.00138872978278,
        "max": 0.500000119209,
        "mean": 0.453978389502,
        "median": 0.466173827648,
        "min": 0.0866074636579,
        "var": 0.00174372433685
    },
    "dynamic_complexity": 2.88911294937,
    "erbbands_crest": {
        "dmean": 3.20623421669,
        "dmean2": 5.15442991257,
        "dvar": 8.73842334747,
        "dvar2": 20.6674022675,
        "max": 32.9150276184,
        "mean": 9.28449440002,
        "median": 8.27880954742,
        "min": 2.18688750267,
        "var": 21.0138435364
    },
    "erbbands_flatness_db": {
        "dmean": 0.0272737201303,
        "dmean2": 0.037586774677,
        "dvar": 0.000656262564007,
        "dvar2": 0.00114908150863,
        "max": 0.498276382685,
        "mean": 0.140836521983,
        "median": 0.135890066624,
        "min": 0.0279986914247,
        "var": 0.00343364290893
    },
    "erbbands_kurtosis": {
        "dmean": 1.60073494911,
        "dmean2": 2.52679133415,
        "dvar": 14.9987316132,
        "dvar2": 38.2014045715,
        "max": 183.450073242,
        "mean": 0.772870719433,
        "median": -0.393339157104,
        "min": -1.86538314819,
        "var": 18.3011779785
    },
    "erbbands_skewness": {
        "dmean": 0.576231777668,
        "dmean2": 0.851033687592,
        "dvar": 0.346533834934,
        "dvar2": 0.730206906796,
        "max": 10.7291927338,
        "mean": 0.357170134783,
        "median": 0.36654818058,
        "min": -6.16308641434,
        "var": 1.16849398613
    },
    "erbbands_spread": {
        "dmean": 15.4525098801,
        "dmean2": 23.2958889008,
        "dvar": 243.361755371,
        "dvar2": 536.8515625,
        "max": 196.911422729,
        "mean": 55.0032920837,
        "median": 52.8885498047,
        "min": 0.498562246561,
        "var": 701.72052002
    },
    "hfc": {
        "dmean": 35.7078552246,
        "dmean2": 51.9270057678,
        "dvar": 4207.38476562,
        "dvar2": 9381.50683594,
        "max": 625.958251953,
        "mean": 55.4114723206,
        "median": 28.8800010681,
        "min": 1.27549635799e-16,
        "var": 6381.66796875
    },
    "melbands_crest": {
        "dmean": 3.94548988342,
        "dmean2": 6.38132286072,
        "dvar": 13.7905693054,
        "dvar2": 31.7820606232,
        "max": 33.478225708,
        "mean": 16.335691452,
        "median": 16.146232605,
        "min": 2.96603226662,
        "var": 39.393699646
    },
    "melbands_flatness_db": {
        "dmean": 0.0379143953323,
        "dmean2": 0.0568961575627,
        "dvar": 0.00149789440911,
        "dvar2": 0.00333365728147,
        "max": 0.787743389606,
        "mean": 0.188428729773,
        "median": 0.17771692574,
        "min": 0.00760066090152,
        "var": 0.00620625168085
    },
    "melbands_kurtosis": {
        "dmean": 18.5328578949,
        "dmean2": 29.4371700287,
        "dvar": 1834.30224609,
        "dvar2": 4395.29052734,
        "max": 886.80255127,
        "mean": 26.6294689178,
        "median": 11.9687871933,
        "min": -1.92902541161,
        "var": 2623.45507812
    },
    "melbands_skewness": {
        "dmean": 1.26911604404,
        "dmean2": 1.93410146236,
        "dvar": 2.40155768394,
        "dvar2": 5.44395399094,
        "max": 19.5805969238,
        "mean": 3.56328177452,
        "median": 2.9910800457,
        "min": -3.04352355003,
        "var": 6.48975801468
    },
    "melbands_spread": {
        "dmean": 15.1713418961,
        "dmean2": 23.5570220947,
        "dvar": 643.641113281,
        "dvar2": 1392.43688965,
        "max": 275.73425293,
        "mean": 31.0707931519,
        "median": 20.4666652679,
        "min": 0.213071346283,
        "var": 1312.36425781
    },
    "pitch_salience": {
        "dmean": 0.0960279032588,
        "dmean2": 0.152151122689,
        "dvar": 0.00817797705531,
        "dvar2": 0.0192556772381,
        "max": 0.954229712486,
        "mean": 0.535747826099,
        "median": 0.56461083889,
        "min": 0.0181296318769,
        "var": 0.029138084501
    },
    "silence_rate_20dB": {
        "dmean": 0,
        "dmean2": 0,
        "dvar": 0,
        "dvar2": 0,
        "max": 1,
        "mean": 1,
        "median": 1,
        "min": 1,
        "var": 0
    },
    "silence_rate_30dB": {
        "dmean": 0.0289597585797,
        "dmean2": 0.0579246617854,
        "dvar": 0.028117839247,
        "dvar2": 0.0659428015351,
        "max": 1,
        "mean": 0.973529934883,
        "median": 1,
        "min": 0,
        "var": 0.0257702916861
    },
    "silence_rate_60dB": {
        "dmean": 0.0227414052933,
        "dmean2": 0.0454868525267,
        "dvar": 0.0222257580608,
        "dvar2": 0.0546169318259,
        "max": 1,
        "mean": 0.0545389950275,
        "median": 0,
        "min": 0,
        "var": 0.0515567623079
    },
    "spectral_centroid": {
        "dmean": 487.790588379,
        "dmean2": 740.985961914,
        "dvar": 291312.59375,
        "dvar2": 620152.375,
        "max": 11062.9121094,
        "mean": 1672.01513672,
        "median": 1499.39990234,
        "min": 146.467193604,
        "var": 831760.4375
    },
    "spectral_complexity": {
        "dmean": 5.49276018143,
        "dmean2": 7.79797458649,
        "dvar": 36.1800041199,
        "dvar2": 68.469329834,
        "max": 61,
        "mean": 19.1659259796,
        "median": 18,
        "min": 0,
        "var": 123.571235657
    },
    "spectral_decrease": {
        "dmean": 3.00157432243e-09,
        "dmean2": 4.44798464727e-09,
        "dvar": 1.8113048497e-17,
        "dvar2": 3.5111395018e-17,
        "max": 1.89561227826e-10,
        "mean": -8.9231635414e-09,
        "median": -5.93423088446e-09,
        "min": -5.48313465742e-08,
        "var": 6.60235844954e-17
    },
    "spectral_energy": {
        "dmean": 0.0126383956522,
        "dmean2": 0.0183755382895,
        "dvar": 0.000273172889138,
        "dvar2": 0.000513478997163,
        "max": 0.209779620171,
        "mean": 0.0387040562928,
        "median": 0.0286850314587,
        "min": 1.12385095873e-20,
        "var": 0.00103337632027
    },
    "spectral_energyband_high": {
        "dmean": 0.0031677368097,
        "dmean2": 0.00460077775642,
        "dvar": 3.15830366162e-05,
        "dvar2": 6.727980508e-05,
        "max": 0.0577889420092,
        "mean": 0.00447748508304,
        "median": 0.00181283778511,
        "min": 7.86755552847e-21,
        "var": 5.38148815394e-05
    },
    "spectral_energyband_low": {
        "dmean": 0.00728785945103,
        "dmean2": 0.0115478532389,
        "dvar": 0.000280603562715,
        "dvar2": 0.00059755356051,
        "max": 0.205751612782,
        "mean": 0.0178949199617,
        "median": 0.000861744803842,
        "min": 8.14116697309e-23,
        "var": 0.00083405978512
    },
    "spectral_energyband_middle_high": {
        "dmean": 0.00221349671483,
        "dmean2": 0.0032375883311,
        "dvar": 7.82251026976e-06,
        "dvar2": 1.68229707924e-05,
        "max": 0.0413141399622,
        "mean": 0.00436708889902,
        "median": 0.00282312068157,
        "min": 1.66164065683e-21,
        "var": 1.95974589587e-05
    },
    "spectral_energyband_middle_low": {
        "dmean": 0.00646665506065,
        "dmean2": 0.0102011701092,
        "dvar": 6.9123096182e-05,
        "dvar2": 0.000173806693056,
        "max": 0.100476413965,
        "mean": 0.0126028452069,
        "median": 0.0101811215281,
        "min": 4.18442848451e-22,
        "var": 0.000117557712656
    },
    "spectral_entropy": {
        "dmean": 0.252584695816,
        "dmean2": 0.359176546335,
        "dvar": 0.0740219801664,
        "dvar2": 0.145117908716,
        "max": 9.80150222778,
        "mean": 7.81279850006,
        "median": 7.82448863983,
        "min": 2.75357699394,
        "var": 0.30847889185
    },
    "spectral_flux": {
        "dmean": 0.0378134064376,
        "dmean2": 0.058581482619,
        "dvar": 0.001658033696,
        "dvar2": 0.00346413766965,
        "max": 0.433056712151,
        "mean": 0.107725694776,
        "median": 0.0966685637832,
        "min": 1.06011838197e-10,
        "var": 0.00378646375611
    },
    "spectral_kurtosis": {
        "dmean": 1.39942359924,
        "dmean2": 2.17155146599,
        "dvar": 31.1573524475,
        "dvar2": 66.3152084351,
        "max": 218.63861084,
        "mean": 2.81923413277,
        "median": 2.24930143356,
        "min": -1.45731723309,
        "var": 36.6418914795
    },
    "spectral_rms": {
        "dmean": 0.00104057078715,
        "dmean2": 0.00146552547812,
        "dvar": 1.26976783577e-06,
        "dvar2": 2.15137606574e-06,
        "max": 0.0143060488626,
        "mean": 0.00555735407397,
        "median": 0.00529012270272,
        "min": 3.31125361505e-12,
        "var": 6.87587089487e-06
    },
    "spectral_rolloff": {
        "dmean": 1816.85083008,
        "dmean2": 2927.2668457,
        "dvar": 8442920,
        "dvar2": 17570426,
        "max": 20198.1445312,
        "mean": 3216.42382812,
        "median": 1378.125,
        "min": 64.599609375,
        "var": 16161103
    },
    "spectral_skewness": {
        "dmean": 0.263393670321,
        "dmean2": 0.387566357851,
        "dvar": 0.165810227394,
        "dvar2": 0.340689361095,
        "max": 12.2094106674,
        "mean": 1.2947589159,
        "median": 1.26392817497,
        "min": -0.545626103878,
        "var": 0.362835109234
    },
    "spectral_spread": {
        "dmean": 1245565.25,
        "dmean2": 1748967.125,
        "dvar": 2.12033037926e+12,
        "dvar2": 3.73662600397e+12,
        "max": 41475340,
        "mean": 6907433.5,
        "median": 6316068,
        "min": 617010.25,
        "var": 6.64610065613e+12
    },
    "spectral_strongpeak": {
        "dmean": 0.563713908195,
        "dmean2": 0.929336726665,
        "dvar": 1.34378290176,
        "dvar2": 3.45314002037,
        "max": 24.1713085175,
        "mean": 1.08076334,
        "median": 0.819208562374,
        "min": 0,
        "var": 1.43991029263
    },
    "zerocrossingrate": {
        "dmean": 0.0305251907557,
        "dmean2": 0.0342919528484,
        "dvar": 0.00126686110161,
        "dvar2": 0.00149814097676,
        "max": 0.6328125,
        "mean": 0.105342671275,
        "median": 0.080078125,
        "min": 0.00341796875,
        "var": 0.00703146774322
    },
    "barkbands": {
        "dmean": [0.000113346555736, 0.00634083757177, 0.00267326994799, 0.00100052426569, 0.00173632043879, 0.00256939372048, 0.00164251239039, 0.00155692873523, 0.00099912926089, 0.000490685633849, 0.000489711470436, 0.000532286125235, 0.000369598245015, 0.000314328761306, 0.000256791478023, 0.000290584284812, 0.000173766165972, 0.00015887558402, 0.000252367957728, 0.00038467568811, 0.000403272541007, 0.000227676850045, 0.000425668928074, 0.000584976747632, 0.000647825130727, 0.000511783116963, 0.000542133522686],
        "dmean2": [0.000177743364475, 0.0103216366842, 0.0047333589755, 0.00179257511627, 0.00287177879363, 0.00402751844376, 0.00262305000797, 0.00244212080725, 0.00155018595979, 0.000773455598392, 0.000788039178587, 0.000840032589622, 0.000574939593207, 0.000504990515765, 0.000400183082093, 0.000445734331151, 0.000267027382506, 0.000258510932326, 0.000408693595091, 0.000580263847951, 0.000632295501418, 0.000335317454301, 0.000626343127806, 0.000845138623845, 0.000950670451857, 0.000790546182543, 0.000852511031553],
        "dvar": [1.23143848896e-07, 0.000233881699387, 0.000107920684968, 9.68875792751e-06, 2.18164550461e-05, 1.73467233253e-05, 1.57973827299e-05, 1.10834234874e-05, 3.87487261833e-06, 1.32153058985e-06, 1.81612006145e-06, 1.45141279972e-06, 4.44922619636e-07, 3.87943686064e-07, 2.68469960929e-07, 4.33049365256e-07, 6.75008138273e-08, 1.23323246726e-07, 2.98671182009e-07, 3.95585374235e-07, 4.96128848226e-07, 2.78291906852e-07, 1.00310592188e-06, 1.80543838724e-06, 2.24488508138e-06, 1.48314245507e-06, 1.88987667116e-06],
        "dvar2": [2.44238691494e-07, 0.000570203003008, 0.000295223639114, 2.8648199077e-05, 5.78235121793e-05, 3.80501842301e-05, 3.70038578694e-05, 2.5131057555e-05, 9.07043704501e-06, 3.13559303322e-06, 4.61982244815e-06, 3.504056167e-06, 1.05605272438e-06, 9.89895170278e-07, 5.77298465032e-07, 9.72969814939e-07, 1.5319184854e-07, 3.18914601394e-07, 7.89507282661e-07, 8.35590697079e-07, 1.17612466966e-06, 6.04099113843e-07, 2.00287081498e-06, 3.40559745382e-06, 4.85292548547e-06, 3.28311398334e-06, 4.40784970124e-06],
        "max": [0.00378744746558, 0.190271228552, 0.130593180656, 0.0406325981021, 0.0723794028163, 0.0818288475275, 0.0923484116793, 0.0504933036864, 0.0555327758193, 0.0329487919807, 0.0379281789064, 0.0248529668897, 0.0158873815089, 0.0123145850375, 0.00849918462336, 0.0175071619451, 0.00435969000682, 0.00403157994151, 0.00621318956837, 0.0094208009541, 0.018665349111, 0.0133595708758, 0.0233625676483, 0.0252866521478, 0.0251388698816, 0.0360505245626, 0.0143898772076],
        "mean": [0.000104790728074, 0.0135286962613, 0.00375379994512, 0.000984571990557, 0.00202512741089, 0.00373411481269, 0.00220838398673, 0.00202086102217, 0.00134430325124, 0.000648746092338, 0.000582481385209, 0.0006604125374, 0.000485831202241, 0.000416083465097, 0.00036331708543, 0.000406055274652, 0.000263976253336, 0.000201967850444, 0.000314610311761, 0.000588418683037, 0.000549381307792, 0.000299368693959, 0.000586778682191, 0.000854169891682, 0.00078268640209, 0.000497688481119, 0.000497380096931],
        "median": [7.00655846231e-07, 0.000104027654743, 0.000182681396836, 0.000446220976301, 0.000824201735668, 0.00175687426236, 0.000637362943962, 0.000505367293954, 0.000365068874089, 0.000231293175602, 0.000129844673211, 0.00020908479928, 0.000161513453349, 0.000137192677357, 0.000112774723675, 9.72558918875e-05, 0.000119292395539, 7.7749878983e-05, 0.000125774371554, 0.000266781513346, 0.00024653802393, 7.41073890822e-05, 0.000145333106047, 0.000258611922618, 0.000113695663458, 2.75941456493e-05, 8.73194403539e-06],
        "min": [3.25907564691e-23, 4.6365261839e-23, 1.3381851432e-23, 1.85872006022e-23, 3.17196047497e-23, 8.92430769012e-23, 1.57361872399e-22, 3.32813789481e-23, 6.41478337843e-23, 7.80524160066e-23, 2.03999761412e-23, 6.50935581028e-23, 5.95032795207e-23, 8.91592178315e-23, 1.48625951004e-22, 9.63484606705e-23, 1.04821388462e-22, 1.80588335586e-22, 5.60581018044e-22, 3.30514367228e-22, 4.21144236357e-22, 4.36467474476e-22, 7.82299500999e-22, 6.65425049969e-22, 1.58221445534e-21, 1.53629704561e-21, 2.72263954072e-21],
        "var": [1.51519600422e-07, 0.000574088247959, 0.000104398844996, 5.72515773456e-06, 1.82390267582e-05, 2.91408105113e-05, 2.66720890068e-05, 1.72338895936e-05, 6.38424944555e-06, 2.12209738493e-06, 2.19442836169e-06, 1.91645494851e-06, 7.10122549208e-07, 5.47810827811e-07, 4.56188104181e-07, 7.35983178402e-07, 1.2870795274e-07, 1.31386286739e-07, 2.90559910354e-07, 8.15926853193e-07, 7.27183817162e-07, 4.5279762162e-07, 1.93716164176e-06, 3.78077152163e-06, 3.36517427968e-06, 1.75003697223e-06, 2.01987268156e-06]
    },
    "erbbands": {
        "dmean": [0.15741288662, 1.55234241486, 3.17605018616, 3.06928253174, 4.93499135971, 5.52309894562, 10.3318729401, 24.2780056, 25.9915943146, 21.3064250946, 35.5244140625, 21.2710590363, 18.9399299622, 16.4841270447, 18.8001308441, 19.4998569489, 15.8116283417, 16.2960968018, 16.2737979889, 9.65363311768, 16.9001407623, 9.76145839691, 8.4259185791, 10.518737793, 13.6045608521, 17.0772800446, 23.7353096008, 9.41942882538, 8.12377738953, 9.28532409668, 13.2828598022, 11.6266698837, 10.470998764, 8.03674125671, 4.12698221207, 1.98155510426, 1.00423634052, 0.366056919098, 0.0926828235388, 0.00612712837756],
        "dmean2": [0.238549813628, 2.53182601929, 5.42182970047, 5.49724054337, 8.40781879425, 9.17290115356, 16.3362407684, 38.1749382019, 41.115398407, 33.7746429443, 54.9054069519, 32.5648155212, 28.7709980011, 25.947511673, 29.6219539642, 30.5652122498, 24.3895835876, 25.5640296936, 25.4023990631, 14.7201423645, 25.6118507385, 14.7312917709, 13.3707180023, 17.3817691803, 21.5296382904, 25.6380844116, 36.3017845154, 14.6619939804, 12.1701812744, 13.9000616074, 19.3122024536, 16.7511558533, 15.3278207779, 11.9521617889, 6.06353616714, 2.96743679047, 1.5747500658, 0.585487246513, 0.145464897156, 0.00952995289117],
        "dvar": [0.156992867589, 14.6164207458, 114.998847961, 130.869369507, 158.680496216, 259.264801025, 368.726959229, 1895.05126953, 3683.06835938, 2260.40551758, 6139.99804688, 1832.49743652, 2185.79736328, 1494.17163086, 2144.24267578, 1879.88525391, 847.658508301, 831.507080078, 1154.8638916, 273.386444092, 1705.15661621, 199.104110718, 238.266082764, 701.307189941, 730.163208008, 768.302490234, 1601.71142578, 428.930175781, 347.461303711, 438.93057251, 1069.13830566, 700.659973145, 617.56829834, 376.278106689, 96.1340484619, 30.8665161133, 5.55388116837, 0.643395125866, 0.0540436133742, 0.000299017119687],
        "dvar2": [0.290160775185, 37.569519043, 299.822906494, 378.583068848, 430.422515869, 690.418640137, 868.187194824, 4159.19726562, 8536.52441406, 5204.60791016, 13857.2958984, 4234.35351562, 5086.671875, 3663.57080078, 5286.69140625, 4505.33251953, 2043.07055664, 1979.93359375, 2657.21630859, 608.560546875, 3825.84375, 432.386871338, 597.683349609, 1924.63684082, 1807.1973877, 1610.17272949, 3697.45166016, 948.877319336, 757.951782227, 956.438049316, 2113.91918945, 1352.8013916, 1193.74401855, 813.918518066, 210.142349243, 64.1582794189, 12.8890161514, 1.47123372555, 0.125297486782, 0.000705514103174],
        "max": [6.43194150925, 48.0084533691, 136.498138428, 166.72984314, 185.064529419, 267.442169189, 449.462036133, 973.208862305, 1493.58520508, 1506.11535645, 1306.75354004, 1427.91552734, 1484.05175781, 1159.20117188, 1609.67932129, 937.961425781, 733.761535645, 498.145874023, 507.640289307, 354.183197021, 1151.09985352, 177.502365112, 191.441177368, 334.010742188, 417.846984863, 439.562316895, 630.656860352, 755.819702148, 409.535614014, 532.465393066, 762.428894043, 552.440368652, 553.643127441, 374.961853027, 159.139175415, 302.174285889, 25.91132164, 7.78582525253, 2.49545359612, 0.180983737111],
        "mean": [0.263240337372, 3.42129135132, 5.7117061615, 3.33583211899, 5.49916696548, 6.04555702209, 14.8624382019, 34.2352638245, 36.5367202759, 30.0371227264, 47.006149292, 30.167974472, 26.1670455933, 22.2767868042, 24.2176647186, 25.5047969818, 22.2698554993, 22.6297416687, 22.8264541626, 14.6493844986, 24.2216110229, 15.3510560989, 11.9345197678, 12.6504802704, 18.1520175934, 26.4239826202, 34.5124816895, 12.6270980835, 10.5937995911, 12.1790075302, 18.4772701263, 16.9724521637, 14.6554727554, 9.94942760468, 4.77998352051, 2.14671278, 0.923273146152, 0.313462495804, 0.0845435336232, 0.00603669835255],
        "median": [0.00240157637745, 0.0268205367029, 0.18966576457, 1.29397988319, 2.21035766602, 1.96923303604, 5.97490024567, 13.9092416763, 13.4212322235, 11.0623874664, 13.2113857269, 9.29336166382, 7.62814855576, 8.37809944153, 6.7210187912, 9.1646490097, 8.40407562256, 8.40307807922, 7.50940990448, 4.77031517029, 6.15228366852, 6.88618659973, 4.99142742157, 5.03935956955, 7.91195774078, 12.054646492, 15.4721622467, 5.1933555603, 2.72191095352, 2.99593782425, 4.46624422073, 5.45204019547, 3.80097723007, 1.86596441269, 0.508348464966, 0.164904221892, 0.0342496708035, 0.00844709668308, 0.00143421126995, 0.000137643393828],
        "min": [8.64444634667e-22, 1.18096979951e-20, 2.30444618436e-20, 3.79319114899e-20, 6.65046620897e-20, 9.86697546922e-20, 3.74706794578e-19, 9.41551670526e-19, 2.22548766545e-18, 1.52777994732e-18, 8.866504525e-19, 1.71889713271e-18, 1.64166110757e-18, 2.07784212997e-18, 1.65070312224e-18, 2.47251791756e-18, 2.42579751579e-18, 3.30876670437e-18, 5.77700830496e-18, 8.02894341614e-18, 5.91773240668e-18, 5.982502303e-18, 8.2367659276e-18, 1.8531089035e-17, 3.28222388473e-17, 1.65425882015e-17, 1.65721251668e-17, 1.38214088316e-17, 1.59923807452e-17, 1.78375593027e-17, 2.05763741632e-17, 1.38941941081e-17, 1.4404266761e-17, 1.42827076069e-17, 1.23398630073e-17, 5.57262148818e-18, 3.15706550235e-18, 1.20536066097e-18, 3.4677001016e-19, 4.45087663792e-20],
        "var": [0.306483924389, 36.5381469727, 152.76864624, 81.5712432861, 129.148422241, 209.831970215, 618.665588379, 3107.93579102, 5951.40039062, 4131.48046875, 9462.54980469, 3120.37084961, 3794.38305664, 2149.76123047, 2800.27026367, 2538.45214844, 1399.11938477, 1386.25610352, 1781.81262207, 532.36932373, 2879.97705078, 408.918426514, 319.123321533, 595.191833496, 870.878051758, 1614.77868652, 2683.07910156, 645.481140137, 551.045715332, 718.299743652, 2098.41308594, 1445.60974121, 1205.79052734, 571.64074707, 136.724899292, 41.4286575317, 6.01295948029, 0.666220605373, 0.0582075938582, 0.000328344176523]
    },
    "gfcc": {
        "mean": [17.4510402679, 42.1859359741, -98.4491500854, 16.0946903229, -74.0892181396, 4.25639629364, -41.9624328613, 2.31287622452, -25.6081542969, 3.56057715416, -9.22775268555, -8.56751823425, -8.59867668152],
        "cov": [[11664.0078125, -1334.20605469, 880.856201172, 542.133056641, 902.48638916, 631.594177246, 414.680236816, 693.485473633, 406.168701172, 354.954437256, -51.0056190491, 134.011367798, 22.6856803894], [-1334.20605469, 2090.01538086, -709.595153809, 218.916244507, -132.279144287, 46.5938644409, 138.231323242, 94.4970474243, 17.9300041199, -25.6704216003, 164.741088867, -118.673973083, 92.0728683472], [880.856201172, -709.595153809, 1634.34240723, 287.724884033, 753.569763184, 294.326721191, 427.96081543, 196.546630859, 238.948028564, 154.427963257, 6.94232416153, 212.172363281, -22.2559680939], [542.133056641, 218.916244507, 287.724884033, 876.667053223, 207.639175415, 192.269165039, 96.1971435547, 135.588638306, 127.043540955, 95.3762359619, 101.669517517, 18.0027046204, 54.8036651611], [902.48638916, -132.279144287, 753.569763184, 207.639175415, 903.880859375, 209.813720703, 306.024505615, 148.256958008, 250.895904541, 125.217468262, 25.0553607941, 129.714813232, -3.74275517464], [631.594177246, 46.5938644409, 294.326721191, 192.269165039, 209.813720703, 411.073638916, 208.309890747, 193.898910522, 114.706947327, 65.8961791992, 27.5708732605, 58.2987098694, 21.4940223694], [414.680236816, 138.231323242, 427.96081543, 96.1971435547, 306.024505615, 208.309890747, 503.165588379, 208.559738159, 128.033416748, 65.619140625, 38.5974731445, 69.2876052856, -3.05833387375], [693.485473633, 94.4970474243, 196.546630859, 135.588638306, 148.256958008, 193.898910522, 208.559738159, 300.488800049, 92.268699646, 89.7924880981, 62.81690979, 24.8555240631, 25.7241821289], [406.168701172, 17.9300041199, 238.948028564, 127.043540955, 250.895904541, 114.706947327, 128.033416748, 92.268699646, 255.57093811, 87.9616622925, 43.0670013428, 42.5834388733, 2.22141218185], [354.954437256, -25.6704216003, 154.427963257, 95.3762359619, 125.217468262, 65.8961791992, 65.619140625, 89.7924880981, 87.9616622925, 158.991897583, 59.7982292175, 22.1874790192, 16.4753398895], [-51.0056190491, 164.741088867, 6.94232416153, 101.669517517, 25.0553607941, 27.5708732605, 38.5974731445, 62.81690979, 43.0670013428, 59.7982292175, 149.257095337, 29.9513530731, 31.4411468506], [134.011367798, -118.673973083, 212.172363281, 18.0027046204, 129.714813232, 58.2987098694, 69.2876052856, 24.8555240631, 42.5834388733, 22.1874790192, 29.9513530731, 139.235321045, 25.218870163], [22.6856803894, 92.0728683472, -22.2559680939, 54.8036651611, -3.74275517464, 21.4940223694, -3.05833387375, 25.7241821289, 2.22141218185, 16.4753398895, 31.4411468506, 25.218870163, 101.365371704]],
        "icov": [[0.000125605074572, 0.000113749054435, 9.07680223463e-05, -5.95014935243e-05, -9.48886226979e-05, -5.08486336912e-05, -1.29810393901e-06, -0.000263465801254, -4.29398351116e-05, -9.86015220406e-05, 0.000148420280311, 6.21652634436e-06, -3.58479046554e-05], [0.000113749054435, 0.000933852628805, 0.00059588754084, -0.000238634922425, -0.000249960750807, -0.00013528841373, -0.000600428669713, -0.000131450447952, -0.000136307120556, 0.000337392295478, -0.000685335486196, 0.000662022444885, -0.000583127432037], [9.07680223463e-05, 0.00059588754084, 0.00167376315221, -0.000404632621212, -0.000790283491369, -0.00018163677305, -0.000829270284157, -0.000115023154649, -5.88514512856e-06, -0.000390614906792, 0.000284651701804, -0.000871088297572, 0.000230236328207], [-5.95014935243e-05, -0.000238634922425, -0.000404632621212, 0.00157727347687, -3.40647129633e-05, -0.000476603774587, 0.000379961100407, 6.08899063081e-05, -0.000211733771721, -4.99927264173e-05, -0.000779132649768, 0.000632121053059, -0.000518544344231], [-9.48886226979e-05, -0.000249960750807, -0.000790283491369, -3.40647129633e-05, 0.00235861539841, 2.85820660793e-05, -0.000328976282617, 0.000297604332445, -0.00117085711099, -0.000386401370633, 0.000455244153272, -0.00072943122359, 0.000217493157834], [-5.08486336912e-05, -0.00013528841373, -0.00018163677305, -0.000476603774587, 2.85820660793e-05, 0.00420256424695, -0.000469266931759, -0.00188507244457, -0.000545530347154, 0.000154367167852, 0.000917148718145, -0.000975949515123, -0.00012858901755], [-1.29810393901e-06, -0.000600428669713, -0.000829270284157, 0.000379961100407, -0.000328976282617, -0.000469266931759, 0.00405964581296, -0.00189262116328, -0.000252432713751, 0.000399237615056, 0.000188163365237, -0.000664501916617, 0.00089592038421], [-0.000263465801254, -0.000131450447952, -0.000115023154649, 6.08899063081e-05, 0.000297604332445, -0.00188507244457, -0.00189262116328, 0.00718627730384, 3.18136299029e-05, -0.00156120175961, -0.00166261766572, 0.00123768975027, -0.000889086863026], [-4.29398351116e-05, -0.000136307120556, -5.88514512856e-06, -0.000211733771721, -0.00117085711099, -0.000545530347154, -0.000252432713751, 3.18136299029e-05, 0.00640578661114, -0.00193689251319, -0.00053988257423, -0.000262393703451, 0.000710528518539], [-9.86015220406e-05, 0.000337392295478, -0.000390614906792, -4.99927264173e-05, -0.000386401370633, 0.000154367167852, 0.000399237615056, -0.00156120175961, -0.00193689251319, 0.0101812919602, -0.00334512232803, 0.00120417098515, -0.000856259430293], [0.000148420280311, -0.000685335486196, 0.000284651701804, -0.000779132649768, 0.000455244153272, 0.000917148718145, 0.000188163365237, -0.00166261766572, -0.00053988257423, -0.00334512232803, 0.0106956744567, -0.00314883072861, -0.000655638985336], [6.21652634436e-06, 0.000662022444885, -0.000871088297572, 0.000632121053059, -0.00072943122359, -0.000975949515123, -0.000664501916617, 0.00123768975027, -0.000262393703451, 0.00120417098515, -0.00314883072861, 0.0113523630425, -0.00332752475515], [-3.58479046554e-05, -0.000583127432037, 0.000230236328207, -0.000518544344231, 0.000217493157834, -0.00012858901755, 0.00089592038421, -0.000889086863026, 0.000710528518539, -0.000856259430293, -0.000655638985336, -0.00332752475515, 0.0121766822413]]
    },
    "melbands": {
        "dmean": [0.00158235186245, 0.00167321169283, 0.000566582370084, 0.000408285530284, 0.00031358198612, 0.000533222570084, 0.000385906372685, 0.000254158308962, 0.000279215688352, 0.000132555302116, 9.45603751461e-05, 6.56221673125e-05, 6.41299775452e-05, 6.56243937556e-05, 3.90226232412e-05, 3.65601226804e-05, 3.0572507967e-05, 2.79799405689e-05, 1.62578453455e-05, 1.50682444655e-05, 2.02226510737e-05, 9.22166600503e-06, 1.09092925413e-05, 6.94981372362e-06, 8.86476846063e-06, 1.06140523712e-05, 9.32316015678e-06, 1.25965088955e-05, 1.83346637641e-05, 8.41629935167e-06, 5.02053535456e-06, 4.6836880756e-06, 4.57527539766e-06, 5.62947707294e-06, 8.21794765216e-06, 7.34779132472e-06, 7.29022713131e-06, 7.39562165109e-06, 7.11899429007e-06, 7.13983035894e-06],
        "dmean2": [0.00250313943252, 0.00275848107412, 0.00100101612043, 0.000684643804561, 0.000496517459396, 0.000835456128698, 0.000608853413723, 0.000402966979891, 0.000430531159509, 0.000204346433748, 0.000144671241287, 0.000104405531602, 0.000102202131529, 0.000104045742773, 6.15257740719e-05, 5.72690332774e-05, 4.87398137921e-05, 4.42405616923e-05, 2.54591213888e-05, 2.38165775954e-05, 3.05692738038e-05, 1.41209684443e-05, 1.74194574356e-05, 1.1252065633e-05, 1.49584502651e-05, 1.70600469573e-05, 1.45695776155e-05, 1.89711499843e-05, 2.79253526969e-05, 1.32869445224e-05, 7.93781418906e-06, 7.18298406355e-06, 6.89641274221e-06, 8.61379339767e-06, 1.21908469737e-05, 1.06246061478e-05, 1.0811336324e-05, 1.0924363778e-05, 1.0710562492e-05, 1.07369269244e-05],
        "dvar": [1.41892369356e-05, 2.1537862267e-05, 3.40600468007e-06, 1.51979463681e-06, 3.06912482984e-07, 8.46352008921e-07, 7.65041136219e-07, 2.7464736263e-07, 3.6182981944e-07, 7.09037806246e-08, 5.41467812809e-08, 2.25967493606e-08, 2.62398405226e-08, 2.43850468706e-08, 6.30735286222e-09, 4.01823863072e-09, 3.1676536949e-09, 3.66874530755e-09, 9.0094776084e-10, 9.06694219704e-10, 2.37446484697e-09, 1.74805017683e-10, 3.15328541056e-10, 2.4747429106e-10, 5.25197552115e-10, 5.1403609147e-10, 3.09734321524e-10, 4.56091192591e-10, 1.00467845154e-09, 2.50102771826e-10, 1.54565568677e-10, 1.18846099628e-10, 1.21546578358e-10, 1.70833860946e-10, 4.6176579227e-10, 2.73931405337e-10, 3.11942388587e-10, 3.17611797973e-10, 2.8766769522e-10, 3.17941312167e-10],
        "dvar2": [3.01745385514e-05, 5.36236329935e-05, 9.79147171165e-06, 4.03226977141e-06, 7.2652039762e-07, 1.8466231495e-06, 1.77731067197e-06, 6.29518638107e-07, 8.14443183117e-07, 1.62933176284e-07, 1.26226922248e-07, 5.57970238901e-08, 6.54939285027e-08, 5.93551270356e-08, 1.51424401906e-08, 9.5253795962e-09, 7.70355335078e-09, 8.90569751277e-09, 2.00572114473e-09, 2.12785522535e-09, 5.22154719462e-09, 3.91164239888e-10, 7.69342423101e-10, 6.23264162503e-10, 1.45742351521e-09, 1.3369885199e-09, 6.96283586343e-10, 9.47502409865e-10, 2.25599761094e-09, 5.99149452274e-10, 3.41374234436e-10, 2.67020600075e-10, 2.70459682428e-10, 3.82629344875e-10, 9.44025857486e-10, 5.5523963205e-10, 6.44439279718e-10, 6.19560236448e-10, 6.05389460784e-10, 6.99929780801e-10],
        "max": [0.0544139668345, 0.0578707829118, 0.0254911687225, 0.0197450909764, 0.0119556328282, 0.0195337086916, 0.0218024030328, 0.0145479533821, 0.0113894855604, 0.00772698875517, 0.00723172957078, 0.0042305435054, 0.0045042023994, 0.00351216387935, 0.00195087888278, 0.000877753191162, 0.00101431831717, 0.0011489209719, 0.000520698027685, 0.000858415907715, 0.00132204440888, 0.000181100622285, 0.000297464517644, 0.000217191962292, 0.00028984688106, 0.000269487994956, 0.000326233333908, 0.000347203633282, 0.000527400348801, 0.000427983322879, 0.000433926383266, 0.000248432479566, 0.000307376205456, 0.000330370879965, 0.000561027496587, 0.00038642284926, 0.000387838081224, 0.000365006242646, 0.000326422130456, 0.000345570180798],
        "mean": [0.00320309703238, 0.00371020752937, 0.000652783899568, 0.000438904913608, 0.000447732076282, 0.000760915048886, 0.000545265036635, 0.000350360933226, 0.000365519023035, 0.00018237043696, 0.000126291997731, 8.58649582369e-05, 7.97093598521e-05, 8.01919013611e-05, 5.14461207786e-05, 4.83088697365e-05, 3.99576601922e-05, 3.72424656234e-05, 2.31132398767e-05, 2.03540312214e-05, 2.87247112283e-05, 1.39850335472e-05, 1.50941759784e-05, 8.89317107067e-06, 9.94008132693e-06, 1.31136148411e-05, 1.28420770125e-05, 1.88501508092e-05, 2.63756246568e-05, 1.09636357593e-05, 6.10347160546e-06, 5.88283637626e-06, 5.84796589465e-06, 7.12392466085e-06, 1.09869197331e-05, 1.04992604975e-05, 1.01265286503e-05, 1.02418098322e-05, 9.22877461562e-06, 8.43702309794e-06],
        "median": [2.58786913037e-05, 8.07919277577e-05, 0.000293439574307, 0.000146720180055, 0.000184209842701, 0.000323090876918, 0.000199581554625, 0.000117734874948, 0.000100500248664, 5.10987083544e-05, 3.4610646253e-05, 3.2748819649e-05, 1.997884101e-05, 2.46123199759e-05, 1.80273018486e-05, 1.64230586961e-05, 1.3622258848e-05, 1.12397792691e-05, 7.17286184226e-06, 5.89189676248e-06, 6.87739748173e-06, 6.51717073197e-06, 5.65179880141e-06, 3.41172949447e-06, 3.62542073162e-06, 5.00149417348e-06, 5.38906760994e-06, 7.86709097156e-06, 1.08351241579e-05, 4.43431190433e-06, 1.73379078205e-06, 1.4364134131e-06, 1.31649494506e-06, 1.67234077253e-06, 2.34814865507e-06, 3.10235873258e-06, 3.18101547236e-06, 2.57075930676e-06, 2.16257058128e-06, 1.31371575662e-06],
        "min": [1.20943657481e-23, 1.41841987033e-23, 7.86173729433e-24, 4.64916515556e-24, 1.21032435888e-23, 2.16716199204e-23, 3.22082946142e-23, 1.40557484821e-23, 8.1103349757e-24, 9.58271624516e-24, 7.96246299902e-24, 8.66137877269e-24, 4.53775709092e-24, 7.62013523148e-24, 4.44022548405e-24, 6.0280139485e-24, 6.4803227313e-24, 8.52973682027e-24, 1.40147640026e-23, 6.99378992792e-24, 7.3179525954e-24, 6.79641219627e-24, 4.57833964576e-24, 1.05411854005e-23, 1.50245201608e-23, 1.93096283752e-23, 2.31542887249e-23, 7.56385868336e-24, 9.83859511269e-24, 8.04649167378e-24, 9.16274878733e-24, 9.72236750236e-24, 7.27105560345e-24, 1.1188792872e-23, 1.08330016154e-23, 1.36191234374e-23, 6.37800707746e-24, 9.24692182364e-24, 1.11814927532e-23, 1.24101073254e-23],
        "var": [3.50869886461e-05, 4.32208726124e-05, 2.22484914048e-06, 1.21776179185e-06, 5.12318308665e-07, 1.40672852922e-06, 1.25883798319e-06, 4.89041326546e-07, 5.62629509204e-07, 1.23461092016e-07, 9.23918932472e-08, 3.15296837528e-08, 3.28744569345e-08, 3.1195504846e-08, 9.05758490433e-09, 6.53377485449e-09, 4.95658181165e-09, 5.16743270396e-09, 1.56562507403e-09, 1.36734168432e-09, 4.19719459188e-09, 3.35267924534e-10, 5.07185571319e-10, 2.81011269809e-10, 4.21926243943e-10, 5.18325604659e-10, 4.67681338101e-10, 9.56836720967e-10, 1.76463521573e-09, 3.41361439116e-10, 2.2744270356e-10, 1.77387077249e-10, 1.84924797697e-10, 2.62196903078e-10, 8.46549941258e-10, 5.44763956167e-10, 5.66823143977e-10, 6.15569095697e-10, 4.78581951846e-10, 4.5453027453e-10]
    },
    "mfcc": {
        "mean": [-631.638793945, 83.5205383301, 18.0205783844, 6.3154964447, -6.32096624374, -7.78202533722, -2.60610699654, -12.4048604965, -7.8333325386, 2.59139204025, -10.2962388992, 5.607609272, -1.51916611195],
        "cov": [[8241.96289062, -348.063842773, 116.558853149, 224.003173828, 577.368286133, 278.584289551, 327.754699707, 346.145141602, 366.728515625, 393.903442383, 269.71472168, 238.190750122, 118.615341187], [-348.063842773, 1328.11376953, -253.939422607, -9.03361415863, -54.3077697754, -17.4234218597, 171.839889526, 70.4926834106, 87.9128799438, 67.314666748, 10.7489824295, 125.256584167, 28.5017185211], [116.558853149, -253.939422607, 842.15447998, 275.197021484, 217.403396606, 252.520248413, 207.914871216, 220.485122681, 189.332489014, 89.9381637573, 166.594436646, 64.4421310425, 123.522422791], [224.003173828, -9.03361415863, 275.197021484, 657.290100098, 312.272399902, 212.298461914, 147.294235229, 127.427597046, 102.177978516, 135.633911133, 91.6741104126, 97.6302490234, 87.5240936279], [577.368286133, -54.3077697754, 217.403396606, 312.272399902, 592.859313965, 284.28894043, 104.21018219, 151.057342529, 165.633773804, 139.23677063, 144.700576782, 78.907623291, 100.064712524], [278.584289551, -17.4234218597, 252.520248413, 212.298461914, 284.28894043, 394.695953369, 131.1146698, 198.483657837, 177.279586792, 87.2950286865, 163.428161621, 49.4927597046, 76.0550537109], [327.754699707, 171.839889526, 207.914871216, 147.294235229, 104.21018219, 131.1146698, 379.312469482, 214.013549805, 183.897415161, 104.574073792, 127.657150269, 120.762161255, 64.8211669922], [346.145141602, 70.4926834106, 220.485122681, 127.427597046, 151.057342529, 198.483657837, 214.013549805, 336.077636719, 197.996200562, 91.4744796753, 166.887466431, 64.3723831177, 75.9557571411], [366.728515625, 87.9128799438, 189.332489014, 102.177978516, 165.633773804, 177.279586792, 183.897415161, 197.996200562, 287.403381348, 121.06578064, 152.783111572, 90.3006362915, 60.5434684753], [393.903442383, 67.314666748, 89.9381637573, 135.633911133, 139.23677063, 87.2950286865, 104.574073792, 91.4744796753, 121.06578064, 197.038223267, 98.3898162842, 104.101760864, 53.5648536682], [269.71472168, 10.7489824295, 166.594436646, 91.6741104126, 144.700576782, 163.428161621, 127.657150269, 166.887466431, 152.783111572, 98.3898162842, 243.433288574, 86.3801422119, 61.9024047852], [238.190750122, 125.256584167, 64.4421310425, 97.6302490234, 78.907623291, 49.4927597046, 120.762161255, 64.3723831177, 90.3006362915, 104.101760864, 86.3801422119, 185.35256958, 68.8400650024], [118.615341187, 28.5017185211, 123.522422791, 87.5240936279, 100.064712524, 76.0550537109, 64.8211669922, 75.9557571411, 60.5434684753, 53.5648536682, 61.9024047852, 68.8400650024, 134.580276489]],
