{
"lowlevel": {
    "average_loudness": 0.933646202087,
    "barkbands_crest": {
        "dmean": 3.20160079002,
        "dmean2": 5.15879249573,
        "dvar": 8.73627948761,
        "dvar2": 22.2495803833,
        "max": 26.9164085388,
        "mean": 13.3406410217,
        "median": 12.5671157837,
        "min": 2.92132973671,
        "var": 26.2741394043
    },
    "barkbands_flatness_db": {
        "dmean": 0.0422892719507,
        "dmean2": 0.0624274648726,
        "dvar": 0.00212357379496,
        "dvar2": 0.00452532619238,
        "max": 0.807355761528,
        "mean": 0.217210248113,
        "median": 0.198095738888,
        "min": 0.0316244773567,
        "var": 0.0108892163262
    },
    "barkbands_kurtosis": {
        "dmean": 18.6398334503,
        "dmean2": 30.0742492676,
        "dvar": 22001.4238281,
        "dvar2": 50935.1757812,
        "max": 8479.08691406,
        "mean": 55.3221588135,
        "median": 5.5637793541,
        "min": -1.97466099262,
        "var": 253968.75
    },
    "barkbands_skewness": {
        "dmean": 1.15850329399,
        "dmean2": 1.77139270306,
        "dvar": 4.19182109833,
        "dvar2": 8.77328777313,
        "max": 90.1501312256,
        "mean": 2.86602568626,
        "median": 1.98719847202,
        "min": -8.69511508942,
        "var": 40.7166099548
    },
    "barkbands_spread": {
        "dmean": 10.7712154388,
        "dmean2": 16.3655071259,
        "dvar": 253.338226318,
        "dvar2": 507.398712158,
        "max": 130.638137817,
        "mean": 21.2341403961,
        "median": 11.1815290451,
        "min": 0.0742792785168,
        "var": 588.710388184
    },
    "dissonance": {
        "dmean": 0.0341018028557,
        "dmean2": 0.0539252460003,
        "dvar": 0.00120792014059,
        "dvar2": 0.00288732280023,
        "max": 0.499999910593,
        "mean": 0.423630028963,
        "median": 0.43632376194,
        "min": 0.0524045154452,
        "var": 0.00328873423859
    },
    "dynamic_complexity": 4.05670690536,
    "erbbands_crest": {
        "dmean": 3.64923667908,
        "dmean2": 5.95399236679,
        "dvar": 12.0693216324,
        "dvar2": 30.6632518768,
        "max": 30.4757785797,
        "mean": 11.778968811,
        "median": 10.9010334015,
        "min": 2.19159793854,
        "var": 25.9638938904
    },
    "erbbands_flatness_db": {
        "dmean": 0.0336020775139,
        "dmean2": 0.0507072806358,
        "dvar": 0.0012810935732,
        "dvar2": 0.00274060573429,
        "max": 0.682545959949,
        "mean": 0.183649763465,
        "median": 0.167819514871,
        "min": 0.0462353937328,
        "var": 0.007162631955
    },
    "erbbands_kurtosis": {
        "dmean": 2.6467359066,
        "dmean2": 4.31071805954,
        "dvar": 15.5384540558,
        "dvar2": 39.884098053,
        "max": 59.5688438416,
        "mean": 2.1891810894,
        "median": 0.764994859695,
        "min": -1.9221124649,
        "var": 22.2851257324
    },
    "erbbands_skewness": {
        "dmean": 0.741862356663,
        "dmean2": 1.11441767216,
        "dvar": 0.577145397663,
        "dvar2": 1.29903662205,
        "max": 6.91282606125,
        "mean": 0.73888784647,
        "median": 0.905179738998,
        "min": -5.29368925095,
        "var": 1.59766709805
    },
    "erbbands_spread": {
        "dmean": 19.3563938141,
        "dmean2": 29.8177642822,
        "dvar": 547.93347168,
        "dvar2": 1214.27038574,
        "max": 231.146240234,
        "mean": 46.7575035095,
        "median": 36.4854278564,
        "min": 0.336833834648,
        "var": 1298.18395996
    },
    "hfc": {
        "dmean": 12.3823385239,
        "dmean2": 17.7987136841,
        "dvar": 343.994293213,
        "dvar2": 726.256652832,
        "max": 230.490234375,
        "mean": 22.6410655975,
        "median": 12.1532239914,
        "min": 1.14445003784e-16,
        "var": 771.37298584
    },
    "melbands_crest": {
        "dmean": 3.68193745613,
        "dmean2": 5.89740562439,
        "dvar": 13.1467571259,
        "dvar2": 33.6517753601,
        "max": 39.9995269775,
        "mean": 18.0944728851,
        "median": 16.9742736816,
        "min": 2.61543011665,
        "var": 48.6827659607
    },
    "melbands_flatness_db": {
        "dmean": 0.0512944981456,
        "dmean2": 0.0740163996816,
        "dvar": 0.00301789026707,
        "dvar2": 0.00647695036605,
        "max": 0.800868928432,
        "mean": 0.305673360825,
        "median": 0.29437738657,
        "min": 0.0101317157969,
        "var": 0.0147182308137
    },
    "melbands_kurtosis": {
        "dmean": 112.388671875,
        "dmean2": 176.002441406,
        "dvar": 3779361,
        "dvar2": 7689862,
        "max": 135423.515625,
        "mean": 576.23059082,
        "median": 13.899274826,
        "min": -1.89072680473,
        "var": 58577568
    },
    "melbands_skewness": {
        "dmean": 1.66606593132,
        "dmean2": 2.55734801292,
        "dvar": 30.1443576813,
        "dvar2": 58.0806732178,
        "max": 356.152893066,
        "mean": 5.26600408554,
        "median": 2.97101068497,
        "min": -4.25682401657,
        "var": 492.970245361
    },
    "melbands_spread": {
        "dmean": 10.0242042542,
        "dmean2": 15.3221282959,
        "dvar": 377.104309082,
        "dvar2": 799.465209961,
        "max": 278.902191162,
        "mean": 17.7379570007,
        "median": 9.41878700256,
        "min": 0.00690078781918,
        "var": 726.325256348
    },
    "pitch_salience": {
        "dmean": 0.0886019170284,
        "dmean2": 0.144157662988,
        "dvar": 0.00782057736069,
        "dvar2": 0.0195733495057,
        "max": 0.877166032791,
        "mean": 0.467857450247,
        "median": 0.482723236084,
        "min": 0.000409458734794,
        "var": 0.0233364365995
    },
    "silence_rate_20dB": {
        "dmean": 0,
        "dmean2": 0,
        "dvar": 0,
        "dvar2": 0,
        "max": 1,
        "mean": 1,
        "median": 1,
        "min": 1,
        "var": 0
    },
    "silence_rate_30dB": {
        "dmean": 0.00618614675477,
        "dmean2": 0.0123734530061,
        "dvar": 0.00614778371528,
        "dvar2": 0.0176567472517,
        "max": 1,
        "mean": 0.996532320976,
        "median": 1,
        "min": 0,
        "var": 0.00345536880195
    },
    "silence_rate_60dB": {
        "dmean": 0.020620489493,
        "dmean2": 0.0412448458374,
        "dvar": 0.0201963279396,
        "dvar2": 0.0453572012484,
        "max": 1,
        "mean": 0.112839736044,
        "median": 0,
        "min": 0,
        "var": 0.10012318939
    },
    "spectral_centroid": {
        "dmean": 415.108123779,
        "dmean2": 626.492492676,
        "dvar": 321162.375,
        "dvar2": 689924.5625,
        "max": 10790.5810547,
        "mean": 1099.84289551,
        "median": 794.711181641,
        "min": 75.3281326294,
        "var": 803146.6875
    },
    "spectral_complexity": {
        "dmean": 3.58065414429,
        "dmean2": 5.17997741699,
        "dvar": 21.8859920502,
        "dvar2": 39.4230155945,
        "max": 54,
        "mean": 10.8867855072,
        "median": 8,
        "min": 0,
        "var": 82.7537918091
    },
    "spectral_decrease": {
        "dmean": 3.01125213653e-09,
        "dmean2": 4.70234740035e-09,
        "dvar": 1.54184116987e-17,
        "dvar2": 3.68970231889e-17,
        "max": -1.90344531414e-29,
        "mean": -8.3273388185e-09,
        "median": -6.6724772374e-09,
        "min": -3.90347523194e-08,
        "var": 4.93040871763e-17
    },
    "spectral_energy": {
        "dmean": 0.0118986722082,
        "dmean2": 0.0185361672193,
        "dvar": 0.000230472578551,
        "dvar2": 0.000547909061424,
        "max": 0.149030730128,
        "mean": 0.0334828458726,
        "median": 0.0274169892073,
        "min": 1.04523471165e-20,
        "var": 0.000741605879739
    },
    "spectral_energyband_high": {
        "dmean": 0.00117695191875,
        "dmean2": 0.00168745836709,
        "dvar": 4.68371263196e-06,
        "dvar2": 9.30864007387e-06,
        "max": 0.0247148219496,
        "mean": 0.00164583616424,
        "median": 0.000170540180989,
        "min": 7.48206270584e-21,
        "var": 1.01090563476e-05
    },
    "spectral_energyband_low": {
        "dmean": 0.00702421599999,
        "dmean2": 0.0115384114906,
        "dvar": 0.000175170018338,
        "dvar2": 0.000450556486612,
        "max": 0.14759132266,
        "mean": 0.0173690505326,
        "median": 0.00897821970284,
        "min": 1.20509092941e-22,
        "var": 0.00049833842786
    },
    "spectral_energyband_middle_high": {
        "dmean": 0.00119967863429,
        "dmean2": 0.0016986069968,
        "dvar": 5.10028621648e-06,
        "dvar2": 9.93643152469e-06,
        "max": 0.0486635603011,
        "mean": 0.00189379346557,
        "median": 0.000646356260404,
        "min": 1.42568809392e-21,
        "var": 1.10536057036e-05
    },
    "spectral_energyband_middle_low": {
        "dmean": 0.0074814283289,
        "dmean2": 0.0116110211238,
        "dvar": 0.000115149472549,
        "dvar2": 0.000271514290944,
        "max": 0.103007011116,
        "mean": 0.0134797729552,
        "median": 0.00814388226718,
        "min": 4.61164450121e-22,
        "var": 0.000203016679734
    },
    "spectral_entropy": {
        "dmean": 0.388914495707,
        "dmean2": 0.564700126648,
        "dvar": 0.194571718574,
        "dvar2": 0.410834252834,
        "max": 9.79899597168,
        "mean": 7.16989135742,
        "median": 7.22486686707,
        "min": 3.64256119728,
        "var": 0.795028328896
    },
    "spectral_flux": {
        "dmean": 0.0343049280345,
        "dmean2": 0.0512959063053,
        "dvar": 0.00136862462386,
        "dvar2": 0.00260880962014,
        "max": 0.379698336124,
        "mean": 0.0953757092357,
        "median": 0.0874435007572,
        "min": 1.02236719091e-10,
        "var": 0.00430732313544
    },
    "spectral_kurtosis": {
        "dmean": 6.62262582779,
        "dmean2": 10.8151664734,
        "dvar": 366.862579346,
        "dvar2": 965.026916504,
        "max": 871.802490234,
        "mean": 12.9636974335,
        "median": 5.03627490997,
        "min": -1.62936019897,
        "var": 855.326599121
    },
    "spectral_rms": {
        "dmean": 0.000964643841144,
        "dmean2": 0.0014483211562,
        "dvar": 1.19326875847e-06,
        "dvar2": 2.53432790487e-06,
        "max": 0.0120580196381,
        "mean": 0.00511063775048,
        "median": 0.0051718740724,
        "min": 3.1933386057e-12,
        "var": 6.54768200548e-06
    },
    "spectral_rolloff": {
        "dmean": 969.31829834,
        "dmean2": 1668.90368652,
        "dvar": 4267343,
        "dvar2": 8984143,
        "max": 18949.21875,
        "mean": 1578.71337891,
        "median": 473.73046875,
        "min": 21.533203125,
        "var": 6781274.5
    },
    "spectral_skewness": {
        "dmean": 0.640109479427,
        "dmean2": 0.966232538223,
        "dvar": 0.793271720409,
        "dvar2": 1.89259004593,
        "max": 22.9114971161,
        "mean": 2.09739470482,
        "median": 1.73207974434,
        "min": -0.648854851723,
        "var": 3.05149173737
    },
    "spectral_spread": {
        "dmean": 1497997.25,
        "dmean2": 2011515.375,
        "dvar": 3.73866443571e+12,
        "dvar2": 6.09289240576e+12,
        "max": 40331980,
        "mean": 5594367,
        "median": 4598574.5,
        "min": 148377.03125,
        "var": 1.46468660838e+13
    },
    "spectral_strongpeak": {
        "dmean": 0.405947566032,
        "dmean2": 0.666399538517,
        "dvar": 0.499279260635,
        "dvar2": 1.17799973488,
        "max": 13.0878973007,
        "mean": 0.716858804226,
        "median": 0.430951595306,
        "min": 0,
        "var": 0.716782212257
    },
    "zerocrossingrate": {
        "dmean": 0.0206409469247,
        "dmean2": 0.0221040640026,
        "dvar": 0.000804547569714,
        "dvar2": 0.000871451105922,
        "max": 0.5009765625,
        "mean": 0.057322204113,
        "median": 0.033203125,
        "min": 0,
        "var": 0.00378845771775
    },
    "barkbands": {
        "dmean": [0.000555940903723, 0.00579074118286, 0.00226986827329, 0.00186977826525, 0.00214506895281, 0.00153139512986, 0.00329874642193, 0.0012730685994, 0.00132217805367, 0.000459320814116, 0.000225334137212, 0.000196011911612, 0.000103428770672, 6.04072884016e-05, 0.000163662436535, 0.000107809421024, 0.000117129711725, 9.43009363255e-05, 0.000144740188261, 0.000189754908206, 0.000162288619322, 0.000219854016905, 0.000259568972979, 0.000230910532991, 0.000209741891013, 0.000139990501339, 1.91520321096e-05],
        "dmean2": [0.000745441764593, 0.00935535412282, 0.00409314362332, 0.00325851840898, 0.00354463676922, 0.00244492175989, 0.00530455354601, 0.00195218098816, 0.00211675325409, 0.000711709202733, 0.000350376853021, 0.000320319755701, 0.000163619741215, 9.60179459071e-05, 0.000254248065175, 0.000163218341186, 0.000189981699805, 0.00014265847858, 0.000227603362873, 0.000315411016345, 0.000242810347117, 0.000358741177479, 0.000386335857911, 0.000329554313794, 0.000300552870613, 0.000198833789909, 2.77306244243e-05],
        "dvar": [1.49639981828e-06, 0.00014206423657, 5.37070591236e-05, 2.45887422352e-05, 1.50529776874e-05, 9.55571067607e-06, 5.98586739216e-05, 9.34479430725e-06, 1.72972122527e-05, 3.02362082039e-06, 5.98568590249e-07, 5.7198644754e-07, 1.61766550377e-07, 2.22998775001e-08, 1.72566487322e-07, 6.41114397126e-08, 6.92548880465e-08, 2.74318789906e-08, 8.92430449539e-08, 1.95725107233e-07, 1.5631229644e-07, 2.20368491455e-07, 5.18772708347e-07, 3.7700093003e-07, 4.62426498871e-07, 8.0932977653e-08, 2.37981345741e-09],
        "dvar2": [2.9394620924e-06, 0.000383689563023, 0.000153708810103, 6.67361455271e-05, 3.74515439034e-05, 2.22330527322e-05, 0.000142159653478, 2.06158147193e-05, 4.28091807407e-05, 6.65861853122e-06, 1.35468235385e-06, 1.40292934248e-06, 3.86688867593e-07, 5.35932080936e-08, 4.0542147417e-07, 1.43214606396e-07, 1.81162505442e-07, 6.120335172e-08, 2.37923870827e-07, 5.40402481874e-07, 3.11926896757e-07, 5.2253034255e-07, 1.05919866655e-06, 7.39451195386e-07, 9.37758727559e-07, 1.77805347334e-07, 4.75892569796e-09],
        "max": [0.0272932015359, 0.141654789448, 0.0862046852708, 0.0474114790559, 0.0442724749446, 0.0485975667834, 0.0934552997351, 0.0516940876842, 0.057488180697, 0.0415332950652, 0.0242395158857, 0.0277672447264, 0.0118339955807, 0.00322838430293, 0.00761295529082, 0.0054624103941, 0.0042853471823, 0.00252282083966, 0.00408408371732, 0.00719532324001, 0.00621630996466, 0.00737462565303, 0.0116933649406, 0.0105326799676, 0.0164754502475, 0.00826426502317, 0.00141339737456],
        "mean": [0.00117318949196, 0.0125921592116, 0.0028175523039, 0.00176054658368, 0.00303192180581, 0.00194833788555, 0.00357582024299, 0.00161636178382, 0.001292955596, 0.000492201710586, 0.00025401628227, 0.000188697245903, 0.000109365508251, 7.07975777914e-05, 0.000184061238542, 0.000143317884067, 0.000144208184793, 0.000137654613354, 0.000193211933947, 0.000230366917094, 0.000226775999181, 0.000258822459728, 0.000332480878569, 0.000282571767457, 0.000247879535891, 0.000156296038767, 2.14211704588e-05],
        "median": [3.14484314003e-05, 0.00314703932963, 0.000381659250706, 0.000459224858787, 0.00143952295184, 0.000675003335346, 0.00099571433384, 0.000244878989179, 6.29618152743e-05, 5.34877035534e-05, 3.79253360734e-05, 1.17081326607e-05, 1.18046718853e-05, 1.20193562907e-05, 2.66734841716e-05, 3.26057524944e-05, 3.03382294078e-05, 3.78995391657e-05, 4.53598695458e-05, 3.94316775782e-05, 1.16120272651e-05, 1.26347931655e-05, 1.94398598978e-05, 1.38976938615e-05, 1.11764420581e-05, 8.89121838554e-06, 1.77723404704e-06],
        "min": [2.07694079861e-24, 2.92064075017e-23, 4.89278165362e-23, 6.79876047741e-23, 1.05395010246e-22, 3.21941866258e-23, 2.14307570202e-23, 7.84225495433e-23, 1.41674622303e-22, 4.3507663697e-23, 6.83891349749e-23, 3.89159883576e-23, 1.42466613409e-22, 1.8460553086e-22, 1.32323389402e-22, 7.42318932228e-23, 8.01381200638e-23, 2.40692645075e-22, 3.05107871152e-22, 5.00283267239e-22, 3.67247214584e-22, 5.27155529986e-22, 7.1291992907e-22, 7.58196001191e-22, 9.28941195459e-22, 1.65592501248e-21, 2.34345518194e-21],
        "var": [5.9654666984e-06, 0.000358233985025, 3.92435540562e-05, 1.81056511792e-05, 2.14078681893e-05, 1.33139374157e-05, 6.30855356576e-05, 1.30582029669e-05, 1.7933503841e-05, 3.8707908061e-06, 7.9478979842e-07, 6.26180849395e-07, 1.8203236607e-07, 3.11164569666e-08, 2.21046946081e-07, 1.02228362664e-07, 8.01610227086e-08, 5.5050229264e-08, 1.2482284717e-07, 2.22606459488e-07, 4.02120207355e-07, 3.57249234639e-07, 8.71197869401e-07, 6.24204119504e-07, 7.03992498075e-07, 1.13292294657e-07, 3.39627859169e-09]
    },
    "erbbands": {
        "dmean": [0.227761790156, 1.18901884556, 2.3522040844, 4.58362627029, 8.13404273987, 6.20750665665, 3.71934485435, 16.3069458008, 52.7365455627, 23.5265369415, 32.3871612549, 28.7049884796, 18.9393177032, 8.48508262634, 9.19581508636, 7.51584100723, 4.82174491882, 2.97626709938, 5.63448095322, 8.23783302307, 5.19530200958, 6.3857293129, 5.03222942352, 6.39541816711, 8.19676208496, 8.71935367584, 7.39618349075, 6.29672718048, 8.03994083405, 7.83509540558, 7.42845869064, 6.27945518494, 2.9427511692, 2.41798257828, 1.40951657295, 0.643000900745, 0.264516144991, 0.0483785904944, 0.00276063103229, 0.000140051372],
        "dmean2": [0.329113453627, 1.95630311966, 4.05092287064, 8.21170711517, 12.9057064056, 10.5621957779, 6.21495866776, 25.7687091827, 83.4696655273, 38.9911270142, 48.6707572937, 45.8514289856, 28.1546211243, 12.7009191513, 14.3093366623, 12.0231428146, 7.53298425674, 4.48218488693, 8.80398845673, 12.507147789, 7.75660943985, 10.141462326, 7.5106253624, 10.1486740112, 13.1279993057, 14.3343629837, 11.8491020203, 9.41003608704, 13.417509079, 11.6884880066, 11.1243286133, 9.00943565369, 4.21262550354, 3.49614715576, 2.02326321602, 0.909555733204, 0.382150858641, 0.0698721259832, 0.00398401217535, 0.000211837410461],
        "dvar": [0.226082503796, 6.79771852493, 49.6992797852, 156.135559082, 295.287078857, 123.640220642, 68.6906585693, 1076.13049316, 14596.5888672, 3464.24072266, 6583.79003906, 9981.48828125, 4641.68017578, 1001.17498779, 863.298706055, 793.90814209, 336.067565918, 56.4660224915, 184.786865234, 468.491241455, 112.447113037, 239.036834717, 77.6731643677, 190.442062378, 317.207977295, 425.725921631, 304.267822266, 243.982849121, 302.614959717, 388.3230896, 425.29901123, 309.271453857, 58.3978462219, 66.1924819946, 21.9127197266, 1.97312033176, 0.296924859285, 0.0108887339011, 5.77959181101e-05, 9.91209958556e-08],
        "dvar2": [0.557977020741, 17.3974685669, 135.758285522, 443.590820312, 691.332275391, 335.376159668, 155.788208008, 2473.24536133, 34164.7929688, 9097.98144531, 14096.8544922, 25301.6660156, 10094.6621094, 2272.22460938, 2013.56933594, 1803.02514648, 789.676391602, 125.808525085, 439.087310791, 1074.51538086, 246.022476196, 628.638061523, 164.017211914, 517.778137207, 853.005981445, 1174.73657227, 667.743835449, 494.597198486, 761.004333496, 825.652404785, 878.190002441, 603.649597168, 119.047821045, 138.527282715, 45.3187065125, 4.15124511719, 0.650141358376, 0.023927660659, 0.000112517744128, 2.03898181894e-07],
        "max": [5.66258907318, 33.0285186768, 76.9374542236, 126.835067749, 227.634963989, 182.748474121, 239.923110962, 563.963378906, 1547.67431641, 986.78729248, 1110.07995605, 1641.21960449, 1429.34057617, 839.364868164, 729.731262207, 985.174499512, 472.033630371, 143.9271698, 296.150115967, 483.141937256, 225.670684814, 267.972076416, 165.823623657, 167.542266846, 279.602111816, 350.147918701, 328.198577881, 244.647109985, 213.541519165, 477.726531982, 359.485290527, 352.261291504, 147.902328491, 209.655471802, 158.590515137, 36.4172744751, 17.7041568756, 2.21781563759, 0.261738687754, 0.00858225487173],
        "mean": [0.502295970917, 2.23823690414, 3.28462648392, 5.0843205452, 10.5472917557, 8.42293930054, 5.01281023026, 21.0753154755, 58.8274612427, 31.3958034515, 38.5956916809, 28.1525592804, 20.9391231537, 9.88541793823, 10.4598007202, 7.6296749115, 5.26388549805, 3.84233093262, 6.57363462448, 10.3404140472, 7.30375814438, 8.22907161713, 7.70738554001, 8.34433174133, 10.7223453522, 10.7004108429, 9.80745124817, 8.54848766327, 8.93915081024, 10.313958168, 9.28281497955, 7.74712562561, 3.49149274826, 2.83309984207, 1.65512168407, 0.739607393742, 0.287670552731, 0.0520389191806, 0.00311223673634, 0.000178274000064],
        "median": [0.0591104663908, 0.753950476646, 1.0530616045, 1.36356627941, 3.45771121979, 3.96472072601, 2.3859629631, 7.86714696884, 17.1416301727, 15.6066274643, 3.95597410202, 1.78331673145, 2.02578926086, 1.28081965446, 1.25326824188, 0.591373741627, 0.584972560406, 0.709234416485, 1.176425457, 1.73545575142, 1.74745953083, 1.88399970531, 2.24899959564, 2.15182924271, 2.40498757362, 1.842045784, 0.77827501297, 0.435933411121, 0.409254550934, 0.602079510689, 0.505466163158, 0.381766527891, 0.161658734083, 0.125581175089, 0.0761011242867, 0.0377610251307, 0.0164996851236, 0.00318670924753, 0.000317613303196, 6.58580393065e-05],
        "min": [1.38390083173e-21, 5.09190897779e-21, 3.57296465066e-20, 1.77645631469e-19, 2.10652865021e-19, 4.76956683896e-19, 3.91828838721e-19, 1.45255797772e-19, 2.4602711467e-19, 1.40924506893e-18, 1.65691669621e-18, 3.4132925553e-18, 1.21907355777e-18, 2.71979404911e-18, 1.61095161374e-18, 2.19941286459e-18, 7.28545776515e-18, 5.06710081017e-18, 1.38444317496e-17, 3.04100771971e-18, 4.63321604115e-18, 6.39201460886e-18, 1.07593764555e-17, 1.29414656765e-17, 1.55101609179e-17, 2.51165352806e-17, 1.53420629282e-17, 1.70101338447e-17, 1.66237991396e-17, 2.30244317297e-17, 1.97574901722e-17, 1.5869350864e-17, 1.28708658112e-17, 9.59942108251e-18, 7.54018638042e-18, 4.28735445625e-18, 3.73793364877e-18, 1.31472768983e-18, 3.06395091816e-19, 3.68462046242e-20],
        "var": [0.759792506695, 11.6873750687, 41.4341697693, 113.128044128, 409.813690186, 145.827911377, 95.0867233276, 1491.55334473, 16407.2304688, 3105.54199219, 9211.0703125, 9362.52441406, 5998.34960938, 1279.54577637, 1123.71411133, 988.11126709, 397.155487061, 91.6171722412, 228.727294922, 688.156860352, 187.07925415, 271.535858154, 162.366348267, 260.038635254, 392.086608887, 482.777038574, 639.219787598, 596.497009277, 420.116210938, 691.399536133, 694.465087891, 523.972351074, 90.4466400146, 96.2405319214, 32.2020149231, 2.99772500992, 0.391218811274, 0.0141040189192, 8.60440850374e-05, 1.45369938309e-07]
    },
    "gfcc": {
        "mean": [-66.1242523193, 94.8909988403, -73.8053359985, 27.3524780273, -52.1253623962, -6.87066555023, -36.6656150818, 13.0995855331, -12.9165048599, 5.16294145584, -11.2045955658, 1.96178352833, -12.2414417267],
        "cov": [[26106.6230469, -5478.48095703, 1082.21191406, 3395.32885742, -1890.09179688, 1244.30419922, -400.867004395, 1198.02355957, -527.582885742, 809.120178223, -658.892822266, 260.127380371, -844.680969238], [-5478.48095703, 4787.42578125, -1528.48364258, -1591.26586914, 810.330566406, -1099.66833496, 287.235870361, -399.567962646, 179.540924072, -434.5418396, 239.193664551, -310.857208252, 235.688842773], [1082.21191406, -1528.48364258, 2305.46240234, 860.344177246, 33.0226287842, 674.923950195, -55.64661026, 383.7527771, 42.3874511719, 350.875213623, 10.6089506149, 219.723373413, 4.9175028801], [3395.32885742, -1591.26586914, 860.344177246, 1386.88195801, -154.25138855, 457.974731445, -47.6625785828, 210.707275391, 14.9343233109, 224.780654907, -67.8818130493, 121.100662231, -71.9072952271], [-1890.09179688, 810.330566406, 33.0226287842, -154.25138855, 653.144104004, -111.160018921, 18.7873725891, 10.1864938736, 81.3054733276, 53.849773407, 36.5935935974, -45.97864151, 119.9296875], [1244.30419922, -1099.66833496, 674.923950195, 457.974731445, -111.160018921, 575.03326416, 89.2369003296, 187.371871948, -8.8690776825, 149.399932861, -12.6503505707, 108.697219849, -38.7161521912], [-400.867004395, 287.235870361, -55.64661026, -47.6625785828, 18.7873725891, 89.2369003296, 423.685821533, 98.436882019, 32.4919891357, -18.1452693939, 76.3475494385, 32.0300445557, -1.42697787285], [1198.02355957, -399.567962646, 383.7527771, 210.707275391, 10.1864938736, 187.371871948, 98.436882019, 381.056976318, 49.0109481812, 156.481155396, 51.2040100098, 84.1554489136, -15.8015499115], [-527.582885742, 179.540924072, 42.3874511719, 14.9343233109, 81.3054733276, -8.8690776825, 32.4919891357, 49.0109481812, 182.041656494, 64.3321075439, 65.9251708984, 0.848649442196, 44.9796943665], [809.120178223, -434.5418396, 350.875213623, 224.780654907, 53.849773407, 149.399932861, -18.1452693939, 156.481155396, 64.3321075439, 253.736404419, 28.9165248871, 59.7180328369, 3.72563695908], [-658.892822266, 239.193664551, 10.6089506149, -67.8818130493, 36.5935935974, -12.6503505707, 76.3475494385, 51.2040100098, 65.9251708984, 28.9165248871, 208.501586914, 57.1897544861, 32.4601020813], [260.127380371, -310.857208252, 219.723373413, 121.100662231, -45.97864151, 108.697219849, 32.0300445557, 84.1554489136, 0.848649442196, 59.7180328369, 57.1897544861, 154.883834839, -7.61397457123], [-844.680969238, 235.688842773, 4.9175028801, -71.9072952271, 119.9296875, -38.7161521912, -1.42697787285, -15.8015499115, 44.9796943665, 3.72563695908, 32.4601020813, -7.61397457123, 120.020278931]],
        "icov": [[0.000155278481543, -0.000143755547469, 0.000143979734275, -0.000353913725121, 0.000408942025388, -0.000135796450195, 0.000230035759159, -0.000487358716782, 0.000431764230598, -0.000479033245938, 0.000346885441104, 3.12190022669e-05, 0.000404536898714], [-0.000143755547469, 0.00102424796205, -0.000171338775544, 0.000710713269655, -0.00110437429976, 0.00116053805687, -0.000877069775015, 0.000617976533249, -0.000851455435622, 0.00111891585402, -0.000927697576117, 0.000580531894229, -0.00046932278201], [0.000143979734275, -0.000171338775544, 0.000988649437204, -0.000538227905054, 0.000230251156609, -0.000872557808179, 0.000574731151573, -0.000766436569393, 0.000453585962532, -0.000717975606676, 0.000373094866518, -0.000447399768746, 0.00010418373131], [-0.000353913725121, 0.000710713269655, -0.000538227905054, 0.00213492754847, -0.0010917999316, 0.000249039701885, -0.00064996589208, 0.00114227330778, -0.00144491065294, 0.000988945714198, -0.000623127620202, -4.25444959546e-05, -0.000594686716795], [0.000408942025388, -0.00110437429976, 0.000230251156609, -0.0010917999316, 0.00378274079412, -0.00070072239032, 0.000864299712703, -0.00146399415098, 0.00133146217559, -0.00252736825496, 0.00148689060006, 0.000243145768763, -0.000612435280345], [-0.000135796450195, 0.00116053805687, -0.000872557808179, 0.000249039701885, -0.00070072239032, 0.00495165586472, -0.00198186025955, 0.000390589761082, -0.000412167311879, 0.000394207338104, -0.000468266749522, 0.000116113827971, -0.000448149949079], [0.000230035759159, -0.000877069775015, 0.000574731151573, -0.00064996589208, 0.000864299712703, -0.00198186025955, 0.0039651626721, -0.00180177786388, 0.000509791192599, -8.8507476903e-05, 7.05639613443e-05, -0.000593401840888, 0.000990264466964], [-0.000487358716782, 0.000617976533249, -0.000766436569393, 0.00114227330778, -0.00146399415098, 0.000390589761082, -0.00180177786388, 0.00591190904379, -0.001767668291, -0.000250979152042, -0.00148708175402, -0.000666901702061, -0.000551773642655], [0.000431764230598, -0.000851455435622, 0.000453585962532, -0.00144491065294, 0.00133146217559, -0.000412167311879, 0.000509791192599, -0.001767668291, 0.00911038462073, -0.00357918464579, -0.000721556018107, 0.00114409881644, -0.000899073085748], [-0.000479033245938, 0.00111891585402, -0.000717975606676, 0.000988945714198, -0.00252736825496, 0.000394207338104, -8.8507476903e-05, -0.000250979152042, -0.00357918464579, 0.00919007789344, -0.00175613071769, -0.000492768129334, -0.000828382268082], [0.000346885441104, -0.000927697576117, 0.000373094866518, -0.000623127620202, 0.00148689060006, -0.000468266749522, 7.05639613443e-05, -0.00148708175402, -0.000721556018107, -0.00175613071769, 0.00815650913864, -0.00325603806414, -4.491215077e-05], [3.12190022669e-05, 0.000580531894229, -0.000447399768746, -4.25444959546e-05, 0.000243145768763, 0.000116113827971, -0.000593401840888, -0.000666901702061, 0.00114409881644, -0.000492768129334, -0.00325603806414, 0.0100929699838, -0.000120397351566], [0.000404536898714, -0.00046932278201, 0.00010418373131, -0.000594686716795, -0.000612435280345, -0.000448149949079, 0.000990264466964, -0.000551773642655, -0.000899073085748, -0.000828382268082, -4.491215077e-05, -0.000120397351566, 0.012513753958]]
    },
    "melbands": {
        "dmean": [0.00174158008303, 0.00119982811157, 0.000894631142728, 0.000541284563951, 0.000148166960571, 0.000390588218579, 0.000748539459892, 0.00024559389567, 0.00028472757549, 0.000169235907379, 9.38674784265e-05, 3.54834919563e-05, 3.11790790875e-05, 2.43662743742e-05, 1.50573741848e-05, 9.08911806619e-06, 5.3751264204e-06, 8.13629685581e-06, 1.34835427161e-05, 8.99655515241e-06, 5.9927010625e-06, 7.20197203918e-06, 5.45525472262e-06, 4.35475931226e-06, 5.34805894858e-06, 5.96690460952e-06, 6.80953826304e-06, 5.75745434617e-06, 5.01328804603e-06, 3.88874650525e-06, 3.55736165147e-06, 4.34864477938e-06, 4.87645183966e-06, 4.51972846349e-06, 4.52863878309e-06, 4.22106131737e-06, 3.82078269467e-06, 2.19676962843e-06, 1.64265509284e-06, 2.29925922213e-06],
        "dmean2": [0.00271089072339, 0.00195690244436, 0.00153353763744, 0.000894032418728, 0.000252482539508, 0.000621520215645, 0.00118923559785, 0.00040427307249, 0.000433240260463, 0.000271594471997, 0.000141863143654, 5.48157695448e-05, 4.85428754473e-05, 3.93525442632e-05, 2.42151800194e-05, 1.41801465361e-05, 8.34394541016e-06, 1.30668613565e-05, 2.0941859475e-05, 1.36615617521e-05, 9.14038628252e-06, 1.16096962302e-05, 8.20491550257e-06, 6.75191631672e-06, 8.59775082063e-06, 9.44539988268e-06, 1.12415882541e-05, 9.5144723673e-06, 8.02108115749e-06, 6.08124355495e-06, 5.31004297954e-06, 7.33730621505e-06, 7.93710296421e-06, 6.82647350914e-06, 6.91376453688e-06, 6.30392742096e-06, 5.49871629119e-06, 3.18294064527e-06, 2.414594519e-06, 3.36529478773e-06],
        "dvar": [1.29771860884e-05, 8.47011233418e-06, 4.89540207127e-06, 1.0257580243e-06, 8.34883877587e-08, 5.6995520481e-07, 2.9612670005e-06, 3.40500548646e-07, 5.42673319615e-07, 3.4698243212e-07, 1.18710133279e-07, 2.03794652265e-08, 1.0371399739e-08, 9.70066160733e-09, 3.45530137835e-09, 9.99540228364e-10, 2.00192071254e-10, 4.02711752834e-10, 1.3260941234e-09, 5.3270837741e-10, 1.59247851017e-10, 3.31282029586e-10, 1.05307616793e-10, 6.56237147956e-11, 1.39101147267e-10, 1.59793414611e-10, 2.66812072436e-10, 1.80412726425e-10, 1.29306856889e-10, 9.87523049445e-11, 8.67183824749e-11, 9.10414729716e-11, 1.09876829857e-10, 1.67497932191e-10, 1.72439035273e-10, 1.41954822896e-10, 1.20650628377e-10, 3.48778887715e-11, 2.47050366275e-11, 6.85216189344e-11],
        "dvar2": [3.4508844692e-05, 2.07319590118e-05, 1.33858447953e-05, 2.53752273238e-06, 2.06030875916e-07, 1.31097510803e-06, 6.97173481967e-06, 8.81649270923e-07, 1.1926128991e-06, 8.79424362665e-07, 2.59697429783e-07, 4.70877097314e-08, 2.34071162453e-08, 2.42253044291e-08, 8.2573556881e-09, 2.31255614658e-09, 4.62439808668e-10, 9.7787189457e-10, 3.11450465418e-09, 1.15576659354e-09, 3.58281876389e-10, 8.76457240118e-10, 2.28060043073e-10, 1.63013297305e-10, 3.78036685289e-10, 4.22299500924e-10, 7.45198736052e-10, 4.91058027574e-10, 2.80510392692e-10, 2.17290324622e-10, 1.78158238162e-10, 2.34238406449e-10, 2.59719107332e-10, 3.64741487013e-10, 3.66726121692e-10, 2.84626211489e-10, 2.42746489576e-10, 7.33511862361e-11, 5.3117128751e-11, 1.46097078879e-10],
        "max": [0.042807072401, 0.031222268939, 0.0220917388797, 0.0118934968486, 0.00633230432868, 0.0112023493275, 0.0219014938921, 0.0091050285846, 0.0105846831575, 0.00964448787272, 0.00735396705568, 0.00374059402384, 0.00330224214122, 0.00390415918082, 0.00187584478408, 0.000733233522624, 0.000308987218887, 0.000386062805774, 0.000792852137238, 0.000483732379507, 0.000276594946627, 0.000318646081723, 0.000189402737305, 0.000110081782623, 0.000153775006765, 0.000164067969308, 0.000226860502153, 0.000236108069657, 0.000218278975808, 0.000159986477229, 0.000158702678164, 9.81917619356e-05, 0.000198155030375, 0.000318327132845, 0.000254817772657, 0.000349821319105, 0.00019927660469, 0.000118314776046, 0.000155577567057, 0.000235771367443],
        "mean": [0.00393247045577, 0.00218436936848, 0.00105317402631, 0.000747526646592, 0.000199719244847, 0.000504919444211, 0.000845306436531, 0.000325889850501, 0.000322844658513, 0.00016357905406, 0.000100807352283, 3.9041540731e-05, 3.4712269553e-05, 2.45835999522e-05, 1.48631397678e-05, 1.00073793874e-05, 6.52901780995e-06, 8.9373161245e-06, 1.51348176587e-05, 1.19620681289e-05, 7.9300834841e-06, 8.55735379446e-06, 8.01418809715e-06, 5.97067810304e-06, 6.66451842335e-06, 7.77644891059e-06, 7.86923465057e-06, 6.85591112415e-06, 6.29524993201e-06, 5.25441873833e-06, 4.73235877507e-06, 4.60838145955e-06, 5.70562951907e-06, 5.85410953136e-06, 5.46625460629e-06, 5.05670504936e-06, 4.58188378616e-06, 2.53984671872e-06, 1.90323544302e-06, 2.59750208897e-06],
        "median": [0.000759344897233, 0.00109502021223, 0.00037462025648, 0.000323329353705, 0.000101356417872, 0.000185016950127, 0.000268459174549, 0.000147403741721, 2.4982218747e-05, 9.74666363618e-06, 9.53025482886e-06, 4.55650751974e-06, 4.40188978246e-06, 2.12543045564e-06, 9.71616827883e-07, 1.18659295367e-06, 1.10343057713e-06, 1.54922270212e-06, 2.00575368581e-06, 2.49963977694e-06, 1.7684277509e-06, 1.57173894877e-06, 1.92495372175e-06, 1.65116966855e-06, 1.54686745191e-06, 1.604529416e-06, 1.54146869136e-06, 1.00745864984e-06, 4.28088185345e-07, 2.43115209742e-07, 2.01168376179e-07, 1.89535910522e-07, 2.53685470852e-07, 3.46148965491e-07, 2.70563475624e-07, 2.61428624526e-07, 2.03078400318e-07, 1.06331420113e-07, 8.61991225065e-08, 1.0506019521e-07],
        "min": [9.86536431864e-24, 1.47261493006e-23, 2.9647390214e-23, 2.67409931364e-23, 1.40653063208e-23, 4.0166130944e-24, 3.54037816035e-24, 1.74594923838e-23, 1.71857513388e-23, 1.94682320156e-23, 5.36722855555e-24, 1.0381237541e-23, 6.69259810114e-24, 3.95890713032e-24, 1.06028553906e-23, 1.35675003798e-23, 8.55818629995e-24, 2.6691342231e-23, 6.11820796567e-24, 3.52972419939e-24, 5.26949500028e-24, 6.00224620146e-24, 8.70408849096e-24, 1.02495324797e-23, 9.67405056077e-24, 1.4896861956e-23, 7.87773066033e-24, 2.00384727427e-23, 1.14954136395e-23, 6.18545283581e-24, 1.15524687933e-23, 9.61169426166e-24, 9.92057353796e-24, 1.37116300003e-23, 1.12034783066e-23, 1.02841824061e-23, 9.49765968464e-24, 6.92985354041e-24, 1.16385611282e-23, 6.49590155088e-24],
        "var": [3.81544159609e-05, 1.11721046778e-05, 3.98001884605e-06, 1.4656170606e-06, 1.05814926599e-07, 8.10952258234e-07, 3.27275347445e-06, 3.35940853802e-07, 7.17129353234e-07, 3.28271795524e-07, 1.50141815425e-07, 2.46058231568e-08, 1.40098501689e-08, 1.00063255459e-08, 4.04243705177e-09, 1.22441967676e-09, 3.05190234196e-10, 4.62633320542e-10, 1.68328850858e-09, 8.85615636381e-10, 2.33408986583e-10, 3.44068218361e-10, 2.00502711656e-10, 1.08815012556e-10, 1.8377951938e-10, 2.1316544363e-10, 2.61018040515e-10, 2.08971534521e-10, 2.54576110192e-10, 2.19019261061e-10, 2.01936661837e-10, 1.14990135469e-10, 1.86841195293e-10, 2.65170468916e-10, 2.61378640953e-10, 2.44035874841e-10, 1.88698418002e-10, 5.03924853235e-11, 3.54627091581e-11, 9.37853961158e-11]
    },
    "mfcc": {
        "mean": [-713.905090332, 124.563789368, 32.7435913086, 34.1980209351, 9.04284286499, -7.53363609314, -8.29215049744, 2.59651494026, -1.87235546112, 7.18598651886, -1.20705151558, 0.971967697144, 7.71734333038],
        "cov": [[13830.4804688, -1800.64355469, 248.362869263, 1271.15673828, -256.994506836, 57.7522392273, 204.004684448, 391.692749023, 62.1980400085, 409.62399292, 137.244903564, 191.289230347, 230.786911011], [-1800.64355469, 3628.27978516, -979.81036377, -258.327667236, 10.5703392029, -431.781463623, -25.170249939, -59.5700378418, 12.7270889282, -33.7074890137, 7.63400173187, -50.8573188782, 46.6651649475], [248.362869263, -979.81036377, 1617.67700195, 271.255584717, 261.75692749, 271.007324219, 144.660202026, 89.8269729614, 87.4413452148, 50.9409141541, 14.5813179016, 144.451812744, 53.7741165161], [1271.15673828, -258.327667236, 271.255584717, 768.654724121, 256.512359619, 114.849624634, 84.246887207, 87.4270629883, 73.8582763672, 147.207397461, 32.6340026855, 43.8593292236, 119.526115417], [-256.994506836, 10.5703392029, 261.75692749, 256.512359619, 593.161193848, 96.7700271606, -6.64607810974, -89.595489502, 84.6167526245, 89.4159317017, -3.85423755646, -8.57968044281, 48.0490264893], [57.7522392273, -431.781463623, 271.007324219, 114.849624634, 96.7700271606, 326.85736084, 79.7435836792, 13.5567808151, 55.6117324829, 2.50751662254, 11.8525857925, 37.9491424561, -19.1239299774], [204.004684448, -25.170249939, 144.660202026, 84.246887207, -6.64607810974, 79.7435836792, 297.547088623, 145.006027222, 75.7278442383, 63.6790161133, 51.8127326965, 105.905395508, 53.0443458557], [391.692749023, -59.5700378418, 89.8269729614, 87.4270629883, -89.595489502, 13.5567808151, 145.006027222, 266.578216553, 20.4578895569, 45.7282104492, 48.6069107056, 54.5070762634, 64.7845611572], [62.1980400085, 12.7270889282, 87.4413452148, 73.8582763672, 84.6167526245, 55.6117324829, 75.7278442383, 20.4578895569, 202.186035156, 76.6657791138, 20.6634502411, 42.8190765381, 8.60222530365], [409.62399292, -33.7074890137, 50.9409141541, 147.207397461, 89.4159317017, 2.50751662254, 63.6790161133, 45.7282104492, 76.6657791138, 219.7996521, 45.9198226929, 62.1988945007, 69.2578125], [137.244903564, 7.63400173187, 14.5813179016, 32.6340026855, -3.85423755646, 11.8525857925, 51.8127326965, 48.6069107056, 20.6634502411, 45.9198226929, 129.593643188, 58.9065208435, 47.6681976318], [191.289230347, -50.8573188782, 144.451812744, 43.8593292236, -8.57968044281, 37.9491424561, 105.905395508, 54.5070762634, 42.8190765381, 62.1988945007, 58.9065208435, 173.66784668, 70.7902832031], [230.786911011, 46.6651649475, 53.7741165161, 119.526115417, 48.0490264893, -19.1239299774, 53.0443458557, 64.7845611572, 8.60222530365, 69.2578125, 47.6681976318, 70.7902832031, 170.60256958]],
