{
"lowlevel": {
    "average_loudness": 0.933769285679,
    "barkbands_crest": {
        "dmean": 2.99070191383,
        "dmean2": 4.77590465546,
        "dvar": 7.47902584076,
        "dvar2": 18.2155895233,
        "max": 25.2459316254,
        "mean": 12.8962125778,
        "median": 12.9665870667,
        "min": 2.63415288925,
        "var": 18.6103897095
    },
    "barkbands_flatness_db": {
        "dmean": 0.0288718789816,
        "dmean2": 0.0411794707179,
        "dvar": 0.00112716364674,
        "dvar2": 0.00213147606701,
        "max": 0.515764892101,
        "mean": 0.172264531255,
        "median": 0.158191591501,
        "min": 0.0208521541208,
        "var": 0.0074722385034
    },
    "barkbands_kurtosis": {
        "dmean": 6.46927022934,
        "dmean2": 10.0380554199,
        "dvar": 150.667037964,
        "dvar2": 343.875152588,
        "max": 365.384735107,
        "mean": 13.1146183014,
        "median": 7.75210428238,
        "min": -1.89494562149,
        "var": 414.628326416
    },
    "barkbands_skewness": {
        "dmean": 0.785395622253,
        "dmean2": 1.17631089687,
        "dvar": 0.754951417446,
        "dvar2": 1.66182172298,
        "max": 17.1795330048,
        "mean": 2.79493141174,
        "median": 2.78313612938,
        "min": -2.38966727257,
        "var": 3.24585700035
    },
    "barkbands_spread": {
        "dmean": 9.26603126526,
        "dmean2": 13.8064279556,
        "dvar": 166.166442871,
        "dvar2": 319.364685059,
        "max": 115.350914001,
        "mean": 30.1539993286,
        "median": 20.171962738,
        "min": 0.380366057158,
        "var": 728.083618164
    },
    "dissonance": {
        "dmean": 0.0149302417412,
        "dmean2": 0.024819009006,
        "dvar": 0.000301469815895,
        "dvar2": 0.000785260170233,
        "max": 0.499999970198,
        "mean": 0.467853188515,
        "median": 0.47839525342,
        "min": 0.194107279181,
        "var": 0.00115128909238
    },
    "dynamic_complexity": 3.66515660286,
    "erbbands_crest": {
        "dmean": 1.86466062069,
        "dmean2": 3.07805681229,
        "dvar": 3.92245650291,
        "dvar2": 9.70129871368,
        "max": 28.6297779083,
        "mean": 6.89799833298,
        "median": 6.03702449799,
        "min": 2.3203098774,
        "var": 11.8983469009
    },
    "erbbands_flatness_db": {
        "dmean": 0.0139438686892,
        "dmean2": 0.0195332076401,
        "dvar": 0.000295972509775,
        "dvar2": 0.000477567053167,
        "max": 0.342708081007,
        "mean": 0.119406543672,
        "median": 0.0982788130641,
        "min": 0.0421815142035,
        "var": 0.00299826823175
    },
    "erbbands_kurtosis": {
        "dmean": 1.11620044708,
        "dmean2": 1.64427745342,
        "dvar": 9.3477640152,
        "dvar2": 16.0067405701,
        "max": 90.080947876,
        "mean": 0.583731412888,
        "median": -0.69481575489,
        "min": -1.81202352047,
        "var": 22.3828449249
    },
    "erbbands_skewness": {
        "dmean": 0.380854487419,
        "dmean2": 0.553014039993,
        "dvar": 0.204421952367,
        "dvar2": 0.382195949554,
        "max": 8.323097229,
        "mean": -0.0892780721188,
        "median": -0.204907491803,
        "min": -3.43876290321,
        "var": 1.29292941093
    },
    "erbbands_spread": {
        "dmean": 12.5737314224,
        "dmean2": 19.0924606323,
        "dvar": 176.015426636,
        "dvar2": 382.880889893,
        "max": 161.041351318,
        "mean": 68.4777145386,
        "median": 69.1785507202,
        "min": 3.23184490204,
        "var": 909.129089355
    },
    "hfc": {
        "dmean": 15.6933059692,
        "dmean2": 20.5590496063,
        "dvar": 1053.03283691,
        "dvar2": 2134.29858398,
        "max": 339.278839111,
        "mean": 32.2013320923,
        "median": 11.1700057983,
        "min": 1.12732620802e-16,
        "var": 2098.23413086
    },
    "melbands_crest": {
        "dmean": 3.27945160866,
        "dmean2": 5.45898151398,
        "dvar": 9.7444562912,
        "dvar2": 25.1527347565,
        "max": 39.8308830261,
        "mean": 18.4677944183,
        "median": 18.5634269714,
        "min": 1.0256049633,
        "var": 24.7710094452
    },
    "melbands_flatness_db": {
        "dmean": 0.0350802540779,
        "dmean2": 0.0502341799438,
        "dvar": 0.00164168339688,
        "dvar2": 0.00315174413845,
        "max": 0.65300154686,
        "mean": 0.259362697601,
        "median": 0.249608412385,
        "min": 9.60001671046e-06,
        "var": 0.0107139069587
    },
    "melbands_kurtosis": {
        "dmean": 22.8363800049,
        "dmean2": 35.8260917664,
        "dvar": 1447.43225098,
        "dvar2": 3947.67602539,
        "max": 1313.82116699,
        "mean": 52.3679924011,
        "median": 39.3641662598,
        "min": -1.80209136009,
        "var": 3025.55004883
    },
    "melbands_skewness": {
        "dmean": 1.29559385777,
        "dmean2": 2.00601291656,
        "dvar": 2.0776591301,
        "dvar2": 5.08043146133,
        "max": 33.655040741,
        "mean": 5.63467025757,
        "median": 5.41915273666,
        "min": -0.60185533762,
        "var": 7.38126087189
    },
    "melbands_spread": {
        "dmean": 8.15949344635,
        "dmean2": 12.6676149368,
        "dvar": 187.217453003,
        "dvar2": 430.531890869,
        "max": 204.165740967,
        "mean": 18.8580875397,
        "median": 9.44598388672,
        "min": 0.441157966852,
        "var": 613.659301758
    },
    "pitch_salience": {
        "dmean": 0.0893121808767,
        "dmean2": 0.144056811929,
        "dvar": 0.00715480232611,
        "dvar2": 0.0182167012244,
        "max": 0.997570157051,
        "mean": 0.476777553558,
        "median": 0.473991751671,
        "min": 0.0277516115457,
        "var": 0.0179554969072
    },
    "silence_rate_20dB": {
        "dmean": 0,
        "dmean2": 0,
        "dvar": 0,
        "dvar2": 0,
        "max": 1,
        "mean": 1,
        "median": 1,
        "min": 1,
        "var": 0
    },
    "silence_rate_30dB": {
        "dmean": 0.0288957692683,
        "dmean2": 0.0577969588339,
        "dvar": 0.0280600469559,
        "dvar2": 0.0698472261429,
        "max": 1,
        "mean": 0.975328326225,
        "median": 1,
        "min": 0,
        "var": 0.0240643359721
    },
    "silence_rate_60dB": {
        "dmean": 0.0121962660924,
        "dmean2": 0.0243948213756,
        "dvar": 0.0120440833271,
        "dvar2": 0.0298186708242,
        "max": 1,
        "mean": 0.0381801128387,
        "median": 0,
        "min": 0,
        "var": 0.0367290079594
    },
    "spectral_centroid": {
        "dmean": 351.753387451,
        "dmean2": 526.877258301,
        "dvar": 193016.765625,
        "dvar2": 368687.875,
        "max": 11048.3564453,
        "mean": 1626.87451172,
        "median": 1476.4050293,
        "min": 127.65045929,
        "var": 1105553.375
    },
    "spectral_complexity": {
        "dmean": 4.83103466034,
        "dmean2": 6.76036787033,
        "dvar": 48.1736106873,
        "dvar2": 85.7641296387,
        "max": 61,
        "mean": 15.1854600906,
        "median": 11,
        "min": 0,
        "var": 146.787414551
    },
    "spectral_decrease": {
        "dmean": 3.28909499636e-09,
        "dmean2": 5.12566700195e-09,
        "dvar": 2.68023806542e-17,
        "dvar2": 6.42856978808e-17,
        "max": 4.47129252382e-29,
        "mean": -8.36941627114e-09,
        "median": -6.0412621572e-09,
        "min": -6.37828279082e-08,
        "var": 5.03254004612e-17
    },
    "spectral_energy": {
        "dmean": 0.0134112974629,
        "dmean2": 0.020614573732,
        "dvar": 0.000426904443884,
        "dvar2": 0.00100675108843,
        "max": 0.245602637529,
        "mean": 0.0345087572932,
        "median": 0.024872476235,
        "min": 1.00942126464e-20,
        "var": 0.000831822806504
    },
    "spectral_energyband_high": {
        "dmean": 0.00163366983179,
        "dmean2": 0.00212525459938,
        "dvar": 1.3658482203e-05,
        "dvar2": 2.81996108242e-05,
        "max": 0.0395031124353,
        "mean": 0.00308237527497,
        "median": 0.000732660584617,
        "min": 7.17374567279e-21,
        "var": 2.57561932813e-05
    },
    "spectral_energyband_low": {
        "dmean": 0.00980486162007,
        "dmean2": 0.0155126564205,
        "dvar": 0.000277552986518,
        "dvar2": 0.000684292695951,
        "max": 0.214771479368,
        "mean": 0.0233351550996,
        "median": 0.01690136455,
        "min": 4.19225613039e-23,
        "var": 0.000515337509569
    },
    "spectral_energyband_middle_high": {
        "dmean": 0.00104696175549,
        "dmean2": 0.00157865253277,
        "dvar": 4.26061023973e-06,
        "dvar2": 1.03810243672e-05,
        "max": 0.0199755523354,
        "mean": 0.0018740396481,
        "median": 0.000883756030817,
        "min": 1.25435709786e-21,
        "var": 6.5155863922e-06
    },
    "spectral_energyband_middle_low": {
        "dmean": 0.00498474156484,
        "dmean2": 0.00819175876677,
        "dvar": 0.000115457594802,
        "dvar2": 0.000282820081338,
        "max": 0.133050471544,
        "mean": 0.00754470238462,
        "median": 0.00406960304826,
        "min": 2.45198770027e-22,
        "var": 0.000121518816741
    },
    "spectral_entropy": {
        "dmean": 0.191325634718,
        "dmean2": 0.262659221888,
        "dvar": 0.0746008902788,
        "dvar2": 0.125248759985,
        "max": 9.82199573517,
        "mean": 7.61930465698,
        "median": 7.88895702362,
        "min": 4.65918970108,
        "var": 0.626722514629
    },
    "spectral_flux": {
        "dmean": 0.0324573665857,
        "dmean2": 0.0501074679196,
        "dvar": 0.00170099723618,
        "dvar2": 0.0035175033845,
        "max": 0.430351436138,
        "mean": 0.0872147977352,
        "median": 0.0691413655877,
        "min": 6.5445530939e-11,
        "var": 0.00385593180545
    },
    "spectral_kurtosis": {
        "dmean": 1.63918828964,
        "dmean2": 2.66288733482,
        "dvar": 15.4823551178,
        "dvar2": 39.1454811096,
        "max": 94.7386627197,
        "mean": 3.68553304672,
        "median": 1.51568293571,
        "min": -1.23223125935,
        "var": 45.6990776062
    },
    "spectral_rms": {
        "dmean": 0.00100428052247,
        "dmean2": 0.00150157278404,
        "dvar": 1.57648173627e-06,
        "dvar2": 3.42518956131e-06,
        "max": 0.0154794165865,
        "mean": 0.00534766120836,
        "median": 0.00492603611201,
        "min": 3.138154233e-12,
        "var": 5.06987498738e-06
    },
    "spectral_rolloff": {
        "dmean": 901.662841797,
        "dmean2": 1450.82629395,
        "dvar": 2914720.25,
        "dvar2": 5976375.5,
        "max": 19681.3476562,
        "mean": 1736.44616699,
        "median": 279.931640625,
        "min": 21.533203125,
        "var": 7336066
    },
    "spectral_skewness": {
        "dmean": 0.207975193858,
        "dmean2": 0.322772890329,
        "dvar": 0.114514611661,
        "dvar2": 0.251542717218,
        "max": 7.82788085938,
        "mean": 1.28989291191,
        "median": 1.01282811165,
        "min": -0.00877294316888,
        "var": 0.659988701344
    },
    "spectral_spread": {
        "dmean": 640147.9375,
        "dmean2": 918477.875,
        "dvar": 1.10174758502e+12,
        "dvar2": 2.16841663283e+12,
        "max": 42536808,
        "mean": 6368165,
        "median": 6591630,
        "min": 839432.1875,
        "var": 6.46777982157e+12
    },
    "spectral_strongpeak": {
        "dmean": 0.199233546853,
        "dmean2": 0.339499622583,
        "dvar": 0.140119418502,
        "dvar2": 0.395468652248,
        "max": 15.6425189972,
        "mean": 0.385856181383,
        "median": 0.274960041046,
        "min": 0,
        "var": 0.133587405086
    },
    "zerocrossingrate": {
        "dmean": 0.0175244361162,
        "dmean2": 0.0184473469853,
        "dvar": 0.000505298085045,
        "dvar2": 0.000529354496393,
        "max": 0.6982421875,
        "mean": 0.0698510110378,
        "median": 0.0498046875,
        "min": 0.001953125,
        "var": 0.00396763673052
    },
    "barkbands": {
        "dmean": [0.000264247850282, 0.00633672205731, 0.00598734943196, 0.00209312490188, 0.00219982932322, 0.000710471242201, 0.000458138121758, 0.00038869184209, 0.000245874747634, 0.000171862368006, 9.76699448074e-05, 8.9543107606e-05, 0.000133647306939, 7.02582328813e-05, 0.000122032332001, 9.75850343821e-05, 0.000114671958727, 0.000110981723992, 0.000172943109646, 0.000308026239509, 0.00043243568507, 0.000268367264653, 0.000220406291191, 0.000265304057393, 0.000373720162315, 0.00014620613365, 3.88769003621e-05],
        "dmean2": [0.000452770385891, 0.0101248752326, 0.0100346840918, 0.00360765983351, 0.00371495075524, 0.00119758269284, 0.000792565173469, 0.000628439185675, 0.000415850488935, 0.000277125800494, 0.000169754450326, 0.000153280430823, 0.000225050825975, 0.000112211295345, 0.000186816629139, 0.000157089249115, 0.000191130544408, 0.000177090609213, 0.000277733051917, 0.000456766865682, 0.000624443870038, 0.000406486768043, 0.000319102837238, 0.000389357708627, 0.000520704837982, 0.000192327512195, 5.51556440769e-05],
        "dvar": [1.25116045524e-07, 0.000129978870973, 0.000127325038193, 1.80316183105e-05, 3.23908752762e-05, 2.37997528529e-06, 1.40563281548e-06, 1.03620357095e-06, 3.23548420056e-07, 2.35152612049e-07, 6.26524254699e-08, 4.58088180721e-08, 1.19598752235e-07, 2.44104718661e-08, 1.09208841081e-07, 3.48766207026e-08, 4.24460111503e-08, 4.40950636005e-08, 9.03387373796e-08, 3.68749795143e-07, 9.61651608122e-07, 3.74644571366e-07, 2.30191716355e-07, 3.34449964612e-07, 6.69436019507e-07, 1.11281522663e-07, 8.3826581232e-09],
        "dvar2": [3.48558842234e-07, 0.000313844502671, 0.000341639010003, 4.78971232951e-05, 8.557226829e-05, 6.27688132226e-06, 3.84642544304e-06, 2.51203346124e-06, 8.77231400409e-07, 5.887665111e-07, 1.72710414859e-07, 1.27244206283e-07, 3.11151069354e-07, 5.67016122943e-08, 2.29265964435e-07, 8.79010713106e-08, 1.05348370028e-07, 1.06778912823e-07, 2.1582791021e-07, 8.16333965759e-07, 1.95635720956e-06, 9.23432708078e-07, 5.47686568098e-07, 7.45050556361e-07, 1.43624754401e-06, 2.21508273057e-07, 1.65655720252e-08],
        "max": [0.00475646182895, 0.138144642115, 0.130108624697, 0.0498399287462, 0.0832223370671, 0.020984750241, 0.0151333315298, 0.0131223071367, 0.00695548160002, 0.00548905972391, 0.00305585376918, 0.00238556694239, 0.00404269341379, 0.00325996940956, 0.00980378594249, 0.00467396434397, 0.00349224801175, 0.00300209713168, 0.0041561149992, 0.0193098857999, 0.011412134394, 0.00784429907799, 0.00635018665344, 0.00721571221948, 0.00853369664401, 0.00403369823471, 0.0010169580346],
        "mean": [0.000347930996213, 0.0115927550942, 0.0101312566549, 0.0022286081221, 0.00300441333093, 0.000923225714359, 0.000489414553158, 0.000488751975354, 0.000354506919393, 0.000185504453839, 9.91357228486e-05, 0.000101529643871, 0.00014190057118, 8.75836267369e-05, 0.000206452459679, 0.000136942471727, 0.000171691353898, 0.000177361085662, 0.000285066082142, 0.000522380752955, 0.000664790743031, 0.000443871686002, 0.000385757099139, 0.000446619320428, 0.000609905167948, 0.000233077982557, 4.84683150717e-05],
        "median": [0.000199753703782, 0.00845037773252, 0.00551894074306, 0.000943234597798, 0.00155048747547, 0.000431861088146, 0.000161932781339, 0.000172832369572, 0.000114772206871, 2.872458208e-05, 1.99428450287e-05, 3.50888512912e-05, 5.26012772752e-05, 2.99646417261e-05, 5.29059689143e-05, 5.67390743527e-05, 8.13947990537e-05, 9.66317602433e-05, 0.000122497236589, 0.000182895280886, 0.000124690137454, 0.000111131608719, 0.000127674808027, 0.000105876060843, 0.000107295636553, 2.36116611632e-05, 9.66176685324e-07],
        "min": [3.77261289439e-25, 4.06343593343e-24, 1.06196581279e-23, 5.06614322499e-24, 8.58315059216e-24, 1.77006234967e-23, 1.89761942255e-23, 1.72322830882e-23, 3.62465366969e-23, 2.31347249745e-23, 8.54907653422e-24, 2.17651062485e-23, 4.17396149937e-23, 3.65967940942e-23, 5.06200146858e-23, 7.79496873841e-23, 1.05820269383e-22, 1.1409528775e-22, 2.0427512751e-22, 2.46211440237e-22, 3.21084286101e-22, 3.56029864948e-22, 4.24526871918e-22, 6.6298632119e-22, 8.4169615808e-22, 1.19253918053e-21, 2.1460033731e-21],
        "var": [1.62647324942e-07, 0.000178483052878, 0.00019877111481, 1.51183212438e-05, 2.88452993118e-05, 2.31568492381e-06, 1.2165538692e-06, 1.10721259716e-06, 3.5709328472e-07, 2.51792755535e-07, 5.51047563135e-08, 3.49441613423e-08, 9.92305970726e-08, 2.93105788529e-08, 2.471617222e-07, 5.11463191799e-08, 6.87200127913e-08, 6.44097042368e-08, 1.87592718248e-07, 7.72553050865e-07, 1.57778436005e-06, 5.47929460026e-07, 3.75264448849e-07, 6.01926103627e-07, 1.29765089696e-06, 2.19291038661e-07, 1.34604878355e-08]
    },
    "erbbands": {
        "dmean": [0.174591004848, 1.53967118263, 5.96924161911, 6.59840488434, 8.86190223694, 5.85572814941, 6.14438486099, 5.75752544403, 5.47947454453, 7.38056468964, 9.48160552979, 5.62359476089, 4.32507705688, 6.11667919159, 3.83033108711, 3.79103422165, 6.01244878769, 4.32702922821, 3.80019450188, 6.04871368408, 5.34065055847, 6.72912979126, 5.84267854691, 6.46440124512, 11.3701257706, 15.3373498917, 13.3290615082, 20.4911308289, 10.2158765793, 7.51928758621, 6.32422351837, 4.93819093704, 4.91055583954, 4.46546554565, 2.41915750504, 0.689448535442, 0.281430959702, 0.0696327462792, 0.00707202404737, 0.000160884883371],
        "dmean2": [0.28876632452, 2.44724011421, 10.0901727676, 11.150015831, 14.94069767, 9.90966701508, 10.6337299347, 9.63261795044, 9.38627147675, 12.9530286789, 15.3185195923, 9.40714550018, 7.31521511078, 10.6430339813, 6.54242944717, 6.47294712067, 10.1456165314, 6.95844841003, 5.93697500229, 9.23413085938, 8.61329364777, 11.2058868408, 9.37144088745, 10.2189388275, 17.6616764069, 22.950220108, 20.4938316345, 29.0910644531, 15.199007988, 11.2526721954, 9.36220645905, 7.04590177536, 7.35106134415, 6.37365102768, 3.47232747078, 0.941519856453, 0.370287120342, 0.09483615309, 0.0100741842762, 0.000231473633903],
        "dvar": [0.0743991881609, 8.45424175262, 134.080245972, 150.935821533, 638.130737305, 154.087036133, 144.432769775, 173.07359314, 158.628341675, 532.167541504, 735.317321777, 194.342987061, 106.297927856, 400.645141602, 82.1200714111, 89.9702453613, 270.976409912, 79.2794036865, 106.872009277, 209.922149658, 86.3674697876, 140.479888916, 131.246429443, 135.247390747, 357.193328857, 1249.12023926, 1242.72607422, 2137.6015625, 505.423736572, 296.988006592, 192.225402832, 120.593162537, 114.427490234, 106.237472534, 25.718963623, 2.29708409309, 0.388602346182, 0.0272867493331, 0.000296770391287, 1.44613693465e-07],
        "dvar2": [0.199685454369, 20.0299091339, 364.139984131, 421.717498779, 1674.7208252, 414.307617188, 408.022094727, 439.399047852, 436.262115479, 1483.74707031, 1797.75549316, 522.733886719, 266.765167236, 1111.08056641, 220.870803833, 250.061599731, 710.778808594, 179.785186768, 266.502380371, 485.492858887, 212.113128662, 352.177185059, 313.69229126, 328.601745605, 863.727905273, 2861.99975586, 3224.67138672, 3991.51660156, 1215.00671387, 726.211975098, 462.766265869, 260.407684326, 258.161956787, 229.559234619, 57.8139190674, 4.7764954567, 0.745634555817, 0.0553291290998, 0.000586743524764, 2.95019987107e-07],
        "max": [3.14962911606, 34.1759796143, 137.363693237, 177.071487427, 358.933044434, 172.46522522, 147.42124939, 195.335678101, 232.072952271, 351.964294434, 371.902709961, 178.066879272, 226.609420776, 238.621368408, 118.433105469, 114.9818573, 194.433914185, 194.46697998, 349.075439453, 470.017120361, 98.0039825439, 190.849273682, 148.769790649, 232.204376221, 262.696960449, 1281.38049316, 555.188842773, 517.750183105, 299.398895264, 208.972503662, 153.440689087, 141.197387695, 114.533317566, 105.393600464, 49.6782264709, 15.9920654297, 7.51822757721, 1.83104288578, 0.219559773803, 0.00449734274298],
        "mean": [0.329926162958, 2.7333855629, 10.1669988632, 10.3967409134, 9.76828670502, 8.56710243225, 8.4422082901, 7.60695648193, 6.61281585693, 7.41944313049, 12.8977575302, 7.66766738892, 5.22070455551, 5.9847817421, 3.92956256866, 4.23165893555, 6.39000415802, 5.67152929306, 6.20948934555, 10.096077919, 8.20262050629, 10.4214372635, 9.33967208862, 11.7633523941, 18.676568985, 25.5638332367, 19.8924217224, 30.7431278229, 16.5592346191, 12.6982088089, 10.9689416885, 8.58817005157, 8.25488758087, 7.36477613449, 3.75959229469, 1.11868977547, 0.430926710367, 0.0945025756955, 0.00865938514471, 0.000224728966714],
        "median": [0.268281519413, 1.85247182846, 5.80018997192, 6.01250839233, 3.41531252861, 5.27705764771, 4.63999843597, 3.24500751495, 2.56512188911, 2.15567684174, 4.51391458511, 2.75009059906, 1.62212765217, 0.987462520599, 0.819114923477, 1.59515416622, 2.53777265549, 2.07746696472, 2.2563560009, 3.01907634735, 3.85178995132, 5.29331111908, 4.45679187775, 5.78048086166, 8.17760181427, 7.12988138199, 5.66466236115, 5.16006565094, 4.44346618652, 4.03233194351, 3.32878160477, 1.99673366547, 1.95514631271, 1.29326176643, 0.645506739616, 0.16699630022, 0.0322474129498, 0.00385016109794, 0.000149248575326, 3.85930397897e-05],
        "min": [1.34973924178e-22, 1.02639129092e-21, 1.19589612826e-20, 1.29653088927e-20, 2.73417959884e-20, 3.56814309241e-20, 5.62462395515e-20, 1.9344046432e-19, 1.49554616641e-19, 3.68492548527e-19, 5.02658426299e-19, 8.66018913662e-19, 6.61045212232e-19, 1.07842803822e-18, 4.03584858834e-19, 1.24686144968e-18, 1.66498904841e-18, 2.28581849702e-18, 2.27343229453e-18, 2.73604545981e-18, 6.29404499147e-18, 6.65857893793e-18, 7.01359244912e-18, 1.01091959504e-17, 1.00790377725e-17, 1.16070521221e-17, 1.2721487746e-17, 1.17490864779e-17, 1.18701178908e-17, 1.54638338405e-17, 1.31827517797e-17, 1.10428347078e-17, 1.18695024684e-17, 1.04998278588e-17, 6.19332127623e-18, 4.32484145443e-18, 2.1528556242e-18, 1.05657092791e-18, 2.97396555824e-19, 3.03624140162e-20],
        "var": [0.098837800324, 11.7017707825, 190.745422363, 169.636123657, 513.126708984, 155.190841675, 139.352798462, 175.715545654, 151.035476685, 395.090393066, 741.188232422, 183.842727661, 127.997573853, 320.693054199, 67.0300064087, 66.3899612427, 215.594207764, 101.387535095, 154.452606201, 539.329650879, 124.177955627, 230.776473999, 188.34588623, 306.518280029, 724.850036621, 2366.97924805, 1413.50915527, 3675.95678711, 760.599914551, 437.23034668, 312.786071777, 216.61050415, 209.09223938, 189.920776367, 50.7689476013, 4.63169240952, 0.771433830261, 0.0453917384148, 0.000460785406176, 2.20334541723e-07]
    },
    "gfcc": {
        "mean": [-14.7781352997, 68.8121261597, -71.161491394, 66.8455886841, -47.5571746826, 16.4495067596, -32.5812911987, 13.2271471024, -19.9047622681, 8.90048694611, -15.7822189331, -3.54915452003, -12.2820549011],
        "cov": [[14510.3652344, -3330.35449219, 230.523849487, 98.952583313, -1022.04907227, 328.856964111, -495.176422119, 215.268386841, -739.892944336, 102.523910522, -699.762512207, 118.513084412, -213.753005981], [-3330.35449219, 3396.64624023, -372.972564697, -248.545715332, 388.960388184, -653.741882324, 178.744888306, -326.299804688, 301.331512451, -346.488464355, 225.256469727, -211.204528809, 209.919082642], [230.523849487, -372.972564697, 653.038391113, 38.6438293457, 15.0164785385, 78.1910018921, -73.4936676025, -25.9543170929, -100.777931213, 8.26153469086, -43.8322906494, 48.9304885864, -14.8694429398], [98.952583313, -248.545715332, 38.6438293457, 448.505950928, 36.6970939636, 69.088432312, -54.7281227112, 51.9328041077, -8.93864440918, 30.3498573303, -2.50543093681, -19.2643642426, -34.9837150574], [-1022.04907227, 388.960388184, 15.0164785385, 36.6970939636, 260.52722168, -10.6652202606, 71.5481414795, -38.8536529541, 82.7330627441, -20.6830406189, 63.0723381042, -32.7939376831, 33.1267318726], [328.856964111, -653.741882324, 78.1910018921, 69.088432312, -10.6652202606, 278.724731445, 1.14494371414, 96.792427063, -37.8060951233, 90.5546798706, -27.9266967773, 35.2218475342, -52.3184356689], [-495.176422119, 178.744888306, -73.4936676025, -54.7281227112, 71.5481414795, 1.14494371414, 180.752105713, 28.435760498, 54.0453186035, -12.8977022171, 35.3979682922, -24.2353687286, 13.8718423843], [215.268386841, -326.299804688, -25.9543170929, 51.9328041077, -38.8536529541, 96.792427063, 28.435760498, 132.91835022, 3.65977668762, 51.7115745544, -16.0418281555, 14.8743305206, -33.7622184753], [-739.892944336, 301.331512451, -100.777931213, -8.93864440918, 82.7330627441, -37.8060951233, 54.0453186035, 3.65977668762, 113.575874329, 6.21904325485, 47.8082618713, -29.8236522675, 18.2623195648], [102.523910522, -346.488464355, 8.26153469086, 30.3498573303, -20.6830406189, 90.5546798706, -12.8977022171, 51.7115745544, 6.21904325485, 94.6908721924, 9.95019721985, 21.2117061615, -29.379234314], [-699.762512207, 225.256469727, -43.8322906494, -2.50543093681, 63.0723381042, -27.9266967773, 35.3979682922, -16.0418281555, 47.8082618713, 9.95019721985, 88.2804794312, 12.5469026566, 16.4440174103], [118.513084412, -211.204528809, 48.9304885864, -19.2643642426, -32.7939376831, 35.2218475342, -24.2353687286, 14.8743305206, -29.8236522675, 21.2117061615, 12.5469026566, 79.548576355, 14.1392049789], [-213.753005981, 209.919082642, -14.8694429398, -34.9837150574, 33.1267318726, -52.3184356689, 13.8718423843, -33.7622184753, 18.2623195648, -29.379234314, 16.4440174103, 14.1392049789, 79.6613922119]],
        "icov": [[0.00015636839089, 2.93433349725e-05, 0.000102537160274, -2.60142187472e-05, 0.000142927019624, 0.000132217566716, 2.08660298995e-06, -1.52703614731e-05, 0.000619168626145, -0.000286497088382, 0.000862418382894, -3.95050592488e-05, -4.80820781377e-05], [2.93433349725e-05, 0.00164621451404, 8.57343547978e-05, 0.000531242461875, -0.00038907234557, 0.00113873870578, 0.000670970010106, 0.000152741544298, -0.00159250979777, 0.00409648707137, -0.00332407071255, 0.00294704199769, -0.00111343909521], [0.000102537160274, 8.57343547978e-05, 0.00212782202289, -6.36991826468e-05, -0.0010194403585, -1.08968993118e-06, 0.000257585139479, 0.000638019584585, 0.00196044053882, -0.000404218997573, 0.00146950443741, -0.0011651404202, 0.00037213388714], [-2.60142187472e-05, 0.000531242461875, -6.36991826468e-05, 0.00308528752066, -0.00112495804206, 1.57058875629e-05, 0.00199603824876, -0.00198633898981, 0.000375351228286, 0.00157358555589, -0.0025946740061, 0.00293318391778, -0.00032870384166], [0.000142927019624, -0.00038907234557, -0.0010194403585, -0.00112495804206, 0.00803018454462, -0.00262665492482, -0.00166094349697, 0.00251248502173, -0.00362930702977, 0.00113936944399, -0.00193982210476, 0.00153314182535, -0.00160533667076], [0.000132217566716, 0.00113873870578, -1.08968993118e-06, 1.57058875629e-05, -0.00262665492482, 0.0088180238381, -0.000818648084532, -0.0025416505523, 0.00226785545237, -0.00350504601374, 0.00169767218176, -0.000637301709503, 0.00125979213044], [2.08660298995e-06, 0.000670970010106, 0.000257585139479, 0.00199603824876, -0.00166094349697, -0.000818648084532, 0.00960275158286, -0.00468255858868, -0.00113920262083, 0.00498722633347, -0.00557850115001, 0.00505835469812, -0.00198737881146], [-1.52703614731e-05, 0.000152741544298, 0.000638019584585, -0.00198633898981, 0.00251248502173, -0.0025416505523, -0.00468255858868, 0.0157941244543, -0.00483028963208, -0.00314416061155, 0.00494589470327, -0.00502389110625, 0.00341705745086], [0.000619168626145, -0.00159250979777, 0.00196044053882, 0.000375351228286, -0.00362930702977, 0.00226785545237, -0.00113920262083, -0.00483028963208, 0.0250591430813, -0.0109725184739, 0.000445573561592, 0.00460270373151, -0.00316187506542], [-0.000286497088382, 0.00409648707137, -0.000404218997573, 0.00157358555589, 0.00113936944399, -0.00350504601374, 0.00498722633347, -0.00314416061155, -0.0109725184739, 0.032897144556, -0.0161243658513, 0.00552906049415, 0.00107028486673], [0.000862418382894, -0.00332407071255, 0.00146950443741, -0.0025946740061, -0.00193982210476, 0.00169767218176, -0.00557850115001, 0.00494589470327, 0.000445573561592, -0.0161243658513, 0.0355444587767, -0.0178429167718, 0.00497844675556], [-3.95050592488e-05, 0.00294704199769, -0.0011651404202, 0.00293318391778, 0.00153314182535, -0.000637301709503, 0.00505835469812, -0.00502389110625, 0.00460270373151, 0.00552906049415, -0.0178429167718, 0.0304027684033, -0.0115964738652], [-4.80820781377e-05, -0.00111343909521, 0.00037213388714, -0.00032870384166, -0.00160533667076, 0.00125979213044, -0.00198737881146, 0.00341705745086, -0.00316187506542, 0.00107028486673, 0.00497844675556, -0.0115964738652, 0.0207227244973]]
    },
    "melbands": {
        "dmean": [0.00165650923736, 0.00250935251825, 0.00118829659186, 0.000555471633561, 0.000206392694963, 0.000128632003907, 8.54826139403e-05, 7.8037759522e-05, 7.76986053097e-05, 3.24835818901e-05, 2.15571399167e-05, 2.56226303463e-05, 1.27371540657e-05, 1.0187866792e-05, 1.10007158582e-05, 1.37749148053e-05, 7.61728324505e-06, 4.72730334877e-06, 1.17246390801e-05, 6.64208891976e-06, 6.5826015998e-06, 7.56878353059e-06, 5.76317688683e-06, 5.29059616383e-06, 5.43329542779e-06, 8.11395057099e-06, 1.10718965516e-05, 1.00886973087e-05, 8.46707462188e-06, 8.80990410224e-06, 1.33853945954e-05, 6.16298848399e-06, 5.09036954099e-06, 4.0113804971e-06, 3.79738207812e-06, 3.42088878824e-06, 3.1974243484e-06, 3.66950462194e-06, 3.71662827092e-06, 4.1960956878e-06],
        "dmean2": [0.00267385900952, 0.00411788374186, 0.00199511065148, 0.000935610150918, 0.000353956973413, 0.000215115069295, 0.000147429251228, 0.000135348309414, 0.000127200924908, 5.44621034351e-05, 3.63835097232e-05, 4.48670398328e-05, 2.19026060222e-05, 1.73994358192e-05, 1.86010202015e-05, 2.30084006034e-05, 1.22306782941e-05, 7.71734721638e-06, 1.76858993655e-05, 1.08790054583e-05, 1.06212000901e-05, 1.26289414766e-05, 9.51327820076e-06, 8.48732270242e-06, 8.8039196271e-06, 1.30520193125e-05, 1.6717980543e-05, 1.53174478328e-05, 1.34720294227e-05, 1.30045964397e-05, 1.91329272639e-05, 9.66617153608e-06, 7.95176583779e-06, 6.07050151302e-06, 5.80076311962e-06, 5.08257198817e-06, 4.69422093374e-06, 5.80263122174e-06, 5.55229053134e-06, 6.12129588262e-06],
        "dvar": [8.08907589089e-06, 2.17101460294e-05, 4.79512482343e-06, 2.1889211439e-06, 1.47289455299e-07, 8.24887820272e-08, 4.08475671065e-08, 5.11574285156e-08, 5.05913924087e-08, 6.49189013657e-09, 2.63653232579e-09, 6.88794532522e-09, 9.62205648491e-10, 6.40959341158e-10, 6.63985977312e-10, 1.09270426041e-09, 2.56761945039e-10, 1.83255591257e-10, 9.92055215754e-10, 2.1759447022e-10, 1.3795185827e-10, 1.7722183443e-10, 1.9597228007e-10, 8.39178310175e-11, 1.02070053798e-10, 1.97147312364e-10, 3.96261912172e-10, 5.6527355019e-10, 6.17933759717e-10, 3.13027354037e-10, 9.9335306647e-10, 1.94129892717e-10, 1.41641157136e-10, 7.3799980016e-11, 7.10175529495e-11, 5.50867962357e-11, 5.27006077666e-11, 6.03168001656e-11, 7.62424012812e-11, 9.44325173613e-11],
        "dvar2": [2.04902680707e-05, 5.68206633034e-05, 1.29049449242e-05, 5.74435171075e-06, 4.14633319679e-07, 2.11007332496e-07, 1.12268878638e-07, 1.42043390383e-07, 1.26134366951e-07, 1.75512191447e-08, 6.71755007176e-09, 1.91673521499e-08, 2.6236666173e-09, 1.7679165909e-09, 1.77283676628e-09, 2.78634071371e-09, 5.87400517116e-10, 4.83217299507e-10, 2.00224303804e-09, 5.74871095171e-10, 3.43320122331e-10, 4.39608044411e-10, 5.12475506476e-10, 1.99402827583e-10, 2.59154753213e-10, 4.90951668208e-10, 8.87031670338e-10, 1.33327449081e-09, 1.65921210105e-09, 6.90713375384e-10, 1.90113569332e-09, 5.01317598545e-10, 3.53196888403e-10, 1.78579789845e-10, 1.74716963119e-10, 1.29612084954e-10, 1.16768955616e-10, 1.40156539152e-10, 1.8006508784e-10, 2.07049224987e-10],
        "max": [0.0333968028426, 0.0573456548154, 0.0275436472148, 0.02140831016, 0.00472595449537, 0.00439007021487, 0.00345667568035, 0.00337508367375, 0.00307341874577, 0.00108893844299, 0.00111299788114, 0.000963174039498, 0.000339029502356, 0.000256781146163, 0.000225465279073, 0.000432755157817, 0.000386460887967, 0.000458986382, 0.000846441485919, 0.000441614189185, 0.000167997350218, 0.000242467373027, 0.000202303490369, 0.0001369244128, 0.000230642224778, 0.000160037670867, 0.000451081432402, 0.000867142982315, 0.000422238052124, 0.000327884568833, 0.000391426641727, 0.000194833584828, 0.000145089550642, 0.000126313650981, 9.93022986222e-05, 8.06488023954e-05, 0.000103914630017, 9.16703866096e-05, 8.74248362379e-05, 0.000101976664155],
        "mean": [0.00312470505014, 0.00480249756947, 0.00184772629291, 0.000695059017744, 0.000307817390421, 0.000170549494214, 9.86527229543e-05, 8.2610618847e-05, 0.00010662052955, 4.39367831859e-05, 2.52796780842e-05, 2.44593302341e-05, 1.2928936485e-05, 1.06345760287e-05, 1.22314031614e-05, 1.52287884703e-05, 9.60716261034e-06, 6.42323902866e-06, 2.02283445105e-05, 8.85907047632e-06, 9.37904678722e-06, 1.13650376079e-05, 8.05315539765e-06, 8.48177478474e-06, 9.14983775147e-06, 1.24877451526e-05, 1.69493268913e-05, 1.62655451277e-05, 1.15592229122e-05, 1.37849638122e-05, 1.88588783203e-05, 9.16035787668e-06, 7.98592282081e-06, 6.5193789851e-06, 6.30045906291e-06, 5.73186753172e-06, 5.18506840308e-06, 5.94053653913e-06, 5.59281534152e-06, 6.60974637867e-06],
        "median": [0.0024062928278, 0.00296719139442, 0.00104757025838, 0.000320231891237, 0.000176924892003, 7.54611683078e-05, 3.69701665477e-05, 2.47189200309e-05, 3.43182036886e-05, 1.5372848793e-05, 7.40677114663e-06, 3.61633192369e-06, 2.70590999207e-06, 2.90239040623e-06, 3.75877243641e-06, 5.65060327062e-06, 3.13750479108e-06, 2.66896313406e-06, 4.48570153821e-06, 3.18598017657e-06, 4.0963095671e-06, 5.53458539798e-06, 3.44042473444e-06, 4.48909941042e-06, 4.15523936681e-06, 5.22992377228e-06, 6.04012848271e-06, 4.49176150141e-06, 3.7006848288e-06, 2.88990008812e-06, 2.86461545329e-06, 2.62657545136e-06, 1.78980474175e-06, 2.46348668043e-06, 2.02271553462e-06, 1.41426312439e-06, 1.05109461401e-06, 1.36583071253e-06, 1.23241261463e-06, 1.03803711227e-06],
        "min": [2.14362123878e-24, 4.80620764026e-24, 3.89261678187e-24, 1.67189622252e-24, 1.97548638367e-24, 3.94791317032e-24, 3.19142869437e-24, 3.66933877455e-24, 4.19410364263e-24, 5.81956415961e-24, 2.9973418932e-24, 4.60203978837e-24, 1.21260996502e-24, 1.72182776516e-24, 3.76757246763e-24, 4.10721455822e-24, 3.51703773831e-24, 2.94225573619e-24, 4.31514251562e-24, 3.41303155556e-24, 6.8281559591e-24, 7.01014459221e-24, 6.0016198459e-24, 5.29079463915e-24, 7.87763757474e-24, 6.86212036537e-24, 7.34556824911e-24, 5.58922742491e-24, 6.7726801048e-24, 7.06615766078e-24, 6.54197615534e-24, 7.00188521853e-24, 5.95340585067e-24, 7.7206321665e-24, 7.33655235782e-24, 6.29623375602e-24, 7.4078906272e-24, 6.53675429058e-24, 9.78247475903e-24, 8.56546433066e-24],
        "var": [1.0790730812e-05, 3.36858247465e-05, 5.36457901035e-06, 1.89378852156e-06, 1.60476986366e-07, 8.41688674313e-08, 3.70935708816e-08, 3.97751449555e-08, 4.92399578889e-08, 6.22394402683e-09, 3.09401593235e-09, 5.43194245139e-09, 7.82349074413e-10, 4.8760778748e-10, 5.53213863608e-10, 9.90182380534e-10, 3.23829074667e-10, 1.71368419455e-10, 2.56055909809e-09, 3.77739423074e-10, 1.84254320135e-10, 2.9651464617e-10, 2.157992951e-10, 1.30686336752e-10, 2.18061443902e-10, 3.51476681093e-10, 8.05500888212e-10, 9.9215724525e-10, 5.76603431668e-10, 5.66906965815e-10, 1.58568491671e-09, 2.48425918725e-10, 1.9162882392e-10, 1.12626040438e-10, 1.05779926485e-10, 9.16016845709e-11, 8.83535744567e-11, 1.11699482996e-10, 1.08830063017e-10, 1.63082991556e-10]
    },
    "mfcc": {
        "mean": [-668.577819824, 91.7930831909, 40.1128997803, 52.5060081482, 17.1435947418, 12.4440641403, 6.56865406036, 3.54738688469, 5.09582853317, 6.76066350937, 4.90411901474, 2.97490572929, 0.633540928364],
        "cov": [[11804.6679688, -2850.35742188, 261.331176758, -457.60647583, -431.120635986, -64.1430130005, 43.4957237244, -147.960739136, 98.3700866699, -138.737243652, -169.479187012, -181.175994873, -235.926605225], [-2850.35742188, 2747.68676758, -307.578277588, 231.337112427, 29.5598526001, -152.952774048, -144.360839844, -14.2017030716, -85.5473403931, -9.28295612335, -108.877822876, -96.9195251465, 1.98245465755], [261.331176758, -307.578277588, 495.514770508, 24.4182033539, 75.1182403564, 29.0754489899, 26.8707027435, -22.3252391815, -16.8061752319, -71.0535125732, -8.69068431854, -5.41599702835, -24.901052475], [-457.60647583, 231.337112427, 24.4182033539, 386.147399902, 68.5619277954, -2.79605031013, -11.7043361664, 24.4738388062, -26.6176567078, 24.0453968048, 5.59752464294, 5.19670915604, -11.2913408279], [-431.120635986, 29.5598526001, 75.1182403564, 68.5619277954, 182.270599365, 74.6152267456, 13.1449270248, 2.48895454407, -6.08736276627, 6.30949640274, 12.6002264023, 4.53793144226, 9.44257831573], [-64.1430130005, -152.952774048, 29.0754489899, -2.79605031013, 74.6152267456, 120.60358429, 50.2877426147, 8.22057914734, 16.6185054779, 18.5096988678, 17.8868732452, 14.2467164993, 9.74720573425], [43.4957237244, -144.360839844, 26.8707027435, -11.7043361664, 13.1449270248, 50.2877426147, 102.213035583, 40.2065849304, 26.6515731812, 18.6601524353, 21.6054649353, 18.5704860687, -4.23735284805], [-147.960739136, -14.2017030716, -22.3252391815, 24.4738388062, 2.48895454407, 8.22057914734, 40.2065849304, 77.2723312378, 31.0768184662, 15.6908321381, 20.8772068024, 18.7554187775, -5.4331817627], [98.3700866699, -85.5473403931, -16.8061752319, -26.6176567078, -6.08736276627, 16.6185054779, 26.6515731812, 31.0768184662, 72.8962402344, 37.1178207397, 7.4898557663, -0.64977812767, -7.18444156647], [-138.737243652, -9.28295612335, -71.0535125732, 24.0453968048, 6.30949640274, 18.5096988678, 18.6601524353, 15.6908321381, 37.1178207397, 97.6111221313, 36.256477356, -0.387948721647, 3.27978801727], [-169.479187012, -108.877822876, -8.69068431854, 5.59752464294, 12.6002264023, 17.8868732452, 21.6054649353, 20.8772068024, 7.4898557663, 36.256477356, 81.9587631226, 50.2195205688, 7.03808259964], [-181.175994873, -96.9195251465, -5.41599702835, 5.19670915604, 4.53793144226, 14.2467164993, 18.5704860687, 18.7554187775, -0.64977812767, -0.387948721647, 50.2195205688, 87.1294403076, 28.889623642], [-235.926605225, 1.98245465755, -24.901052475, -11.2913408279, 9.44257831573, 9.74720573425, -4.23735284805, -5.4331817627, -7.18444156647, 3.27978801727, 7.03808259964, 28.889623642, 71.8763580322]],
