{
"lowlevel": {
    "average_loudness": 0.950149595737,
    "barkbands_crest": {
        "dmean": 2.88409781456,
        "dmean2": 4.63151788712,
        "dvar": 6.40206575394,
        "dvar2": 16.4124546051,
        "max": 24.8418750763,
        "mean": 10.3416547775,
        "median": 9.55269622803,
        "min": 2.59130787849,
        "var": 18.5138816833
    },
    "barkbands_flatness_db": {
        "dmean": 0.0312796868384,
        "dmean2": 0.0474250726402,
        "dvar": 0.00104117079172,
        "dvar2": 0.00224270741455,
        "max": 0.450234681368,
        "mean": 0.129077017307,
        "median": 0.11988800019,
        "min": 0.0198461133987,
        "var": 0.00326203135774
    },
    "barkbands_kurtosis": {
        "dmean": 5.30367708206,
        "dmean2": 8.70135211945,
        "dvar": 250.606506348,
        "dvar2": 677.109375,
        "max": 405.887268066,
        "mean": 6.8536067009,
        "median": 2.75827741623,
        "min": -1.93290126324,
        "var": 220.712799072
    },
    "barkbands_skewness": {
        "dmean": 0.751185297966,
        "dmean2": 1.16996204853,
        "dvar": 0.994637310505,
        "dvar2": 2.43804192543,
        "max": 18.0748653412,
        "mean": 1.8536837101,
        "median": 1.70118141174,
        "min": -2.9127395153,
        "var": 2.4597632885
    },
    "barkbands_spread": {
        "dmean": 10.6096477509,
        "dmean2": 16.2717590332,
        "dvar": 190.152526855,
        "dvar2": 420.626098633,
        "max": 121.825973511,
        "mean": 27.1621952057,
        "median": 22.2673091888,
        "min": 0.687397897243,
        "var": 397.894134521
    },
    "dissonance": {
        "dmean": 0.0204772092402,
        "dmean2": 0.0344106145203,
        "dvar": 0.00035385551746,
        "dvar2": 0.000968121399637,
        "max": 0.500000119209,
        "mean": 0.463468700647,
        "median": 0.468746721745,
        "min": 0.30799689889,
        "var": 0.000694994640071
    },
    "dynamic_complexity": 2.76015305519,
    "erbbands_crest": {
        "dmean": 2.65636563301,
        "dmean2": 4.32503938675,
        "dvar": 6.86091661453,
        "dvar2": 16.4761886597,
        "max": 30.6011333466,
        "mean": 7.87461805344,
        "median": 6.98983335495,
        "min": 2.24967980385,
        "var": 14.3081502914
    },
    "erbbands_flatness_db": {
        "dmean": 0.0245727356523,
        "dmean2": 0.0339204035699,
        "dvar": 0.000663296203129,
        "dvar2": 0.00115018291399,
        "max": 0.358398556709,
        "mean": 0.127182990313,
        "median": 0.118820898235,
        "min": 0.0337035506964,
        "var": 0.00334421452135
    },
    "erbbands_kurtosis": {
        "dmean": 1.25083255768,
        "dmean2": 1.97341132164,
        "dvar": 4.54160928726,
        "dvar2": 10.2584381104,
        "max": 54.4820404053,
        "mean": 0.637190997601,
        "median": 0.0923290252686,
        "min": -1.88673067093,
        "var": 6.86559438705
    },
    "erbbands_skewness": {
        "dmean": 0.451832264662,
        "dmean2": 0.689198434353,
        "dvar": 0.191658183932,
        "dvar2": 0.432027846575,
        "max": 4.75364303589,
        "mean": 0.504181146622,
        "median": 0.545118689537,
        "min": -5.44733381271,
        "var": 0.654465913773
    },
    "erbbands_spread": {
        "dmean": 14.8447980881,
        "dmean2": 22.2037906647,
        "dvar": 295.604217529,
        "dvar2": 655.880859375,
        "max": 193.888000488,
        "mean": 49.0745773315,
        "median": 40.3131980896,
        "min": 2.66674160957,
        "var": 881.009643555
    },
    "hfc": {
        "dmean": 21.3639125824,
        "dmean2": 32.9463043213,
        "dvar": 1360.42614746,
        "dvar2": 3330.16967773,
        "max": 372.691345215,
        "mean": 40.0469360352,
        "median": 27.9273452759,
        "min": 1.06012011669e-10,
        "var": 1757.13049316
    },
    "melbands_crest": {
        "dmean": 4.05744886398,
        "dmean2": 6.42016363144,
        "dvar": 11.9474458694,
        "dvar2": 28.6370582581,
        "max": 36.8515548706,
        "mean": 16.4662322998,
        "median": 15.5713310242,
        "min": 2.67517805099,
        "var": 46.7741737366
    },
    "melbands_flatness_db": {
        "dmean": 0.0378135852516,
        "dmean2": 0.057189244777,
        "dvar": 0.00147858192213,
        "dvar2": 0.00326035055332,
        "max": 0.560304224491,
        "mean": 0.214394316077,
        "median": 0.205212414265,
        "min": 0.0166550241411,
        "var": 0.00611594878137
    },
    "melbands_kurtosis": {
        "dmean": 16.6416492462,
        "dmean2": 27.5621128082,
        "dvar": 4563.60400391,
        "dvar2": 12343.1005859,
        "max": 1738.74023438,
        "mean": 26.0846614838,
        "median": 12.9886789322,
        "min": -1.75661110878,
        "var": 3937.17651367
    },
    "melbands_skewness": {
        "dmean": 1.1085010767,
        "dmean2": 1.71982717514,
        "dvar": 2.93061995506,
        "dvar2": 7.15922832489,
        "max": 34.1552238464,
        "mean": 3.3324303627,
        "median": 2.95093727112,
        "min": -2.62797689438,
        "var": 7.31038045883
    },
    "melbands_spread": {
        "dmean": 9.33144760132,
        "dmean2": 14.841504097,
        "dvar": 214.365921021,
        "dvar2": 536.963195801,
        "max": 242.214767456,
        "mean": 22.8329486847,
        "median": 16.4942913055,
        "min": 0.335051566362,
        "var": 545.06652832
    },
    "pitch_salience": {
        "dmean": 0.0911379233003,
        "dmean2": 0.143510013819,
        "dvar": 0.00660081533715,
        "dvar2": 0.0169962551445,
        "max": 0.908946275711,
        "mean": 0.539238035679,
        "median": 0.548267185688,
        "min": 0.0285052787513,
        "var": 0.0189278740436
    },
    "silence_rate_20dB": {
        "dmean": 0,
        "dmean2": 0,
        "dvar": 0,
        "dvar2": 0,
        "max": 1,
        "mean": 1,
        "median": 1,
        "min": 1,
        "var": 0
    },
    "silence_rate_30dB": {
        "dmean": 0.0513401292264,
        "dmean2": 0.102689951658,
        "dvar": 0.0486994087696,
        "dvar2": 0.109891742468,
        "max": 1,
        "mean": 0.919977366924,
        "median": 1,
        "min": 0,
        "var": 0.0736227780581
    },
    "silence_rate_60dB": {
        "dmean": 0.010758777149,
        "dmean2": 0.0214252006263,
        "dvar": 0.0106417778879,
        "dvar2": 0.0270055476576,
        "max": 1,
        "mean": 0.0354817397892,
        "median": 0,
        "min": 0,
        "var": 0.0342236757278
    },
    "spectral_centroid": {
        "dmean": 319.325927734,
        "dmean2": 487.759277344,
        "dvar": 151006.328125,
        "dvar2": 335548.15625,
        "max": 5641.27197266,
        "mean": 1303.703125,
        "median": 1147.46716309,
        "min": 211.62651062,
        "var": 682390.9375
    },
    "spectral_complexity": {
        "dmean": 4.09437513351,
        "dmean2": 6.30136871338,
        "dvar": 19.0223426819,
        "dvar2": 40.2432937622,
        "max": 54,
        "mean": 18.8153247833,
        "median": 18,
        "min": 0,
        "var": 68.4637832642
    },
    "spectral_decrease": {
        "dmean": 4.01299793396e-09,
        "dmean2": 6.31243901594e-09,
        "dvar": 2.72514007605e-17,
        "dvar2": 7.41872814236e-17,
        "max": -1.54826164216e-23,
        "mean": -1.20013066152e-08,
        "median": -9.81347003659e-09,
        "min": -6.57090666323e-08,
        "var": 8.46063491576e-17
    },
    "spectral_energy": {
        "dmean": 0.016123637557,
        "dmean2": 0.0252824835479,
        "dvar": 0.00040981231723,
        "dvar2": 0.00110098428559,
        "max": 0.255370885134,
        "mean": 0.0489279702306,
        "median": 0.0407528467476,
        "min": 9.67404291169e-15,
        "var": 0.0012914664112
    },
    "spectral_energyband_high": {
        "dmean": 0.00185461807996,
        "dmean2": 0.00283189793117,
        "dvar": 1.40617485158e-05,
        "dvar2": 3.46158922184e-05,
        "max": 0.038088016212,
        "mean": 0.00246736151166,
        "median": 0.000917053082958,
        "min": 6.52071627895e-15,
        "var": 1.63793156389e-05
    },
    "spectral_energyband_low": {
        "dmean": 0.0127123612911,
        "dmean2": 0.0203255508095,
        "dvar": 0.000396749179345,
        "dvar2": 0.00111679255497,
        "max": 0.215591371059,
        "mean": 0.0260629095137,
        "median": 0.0153325749561,
        "min": 3.56165310571e-16,
        "var": 0.000866616377607
    },
    "spectral_energyband_middle_high": {
        "dmean": 0.00314278458245,
        "dmean2": 0.00508253322914,
        "dvar": 2.4121351089e-05,
        "dvar2": 5.65361042391e-05,
        "max": 0.0633943080902,
        "mean": 0.00579521851614,
        "median": 0.00342218833975,
        "min": 1.3415747217e-15,
        "var": 4.44424949819e-05
    },
    "spectral_energyband_middle_low": {
        "dmean": 0.00728746224195,
        "dmean2": 0.0120739880949,
        "dvar": 9.70512701315e-05,
        "dvar2": 0.000262128422037,
        "max": 0.0950655788183,
        "mean": 0.0169745907187,
        "median": 0.013289546594,
        "min": 1.55399232072e-16,
        "var": 0.000216458618524
    },
    "spectral_entropy": {
        "dmean": 0.261651724577,
        "dmean2": 0.38097807765,
        "dvar": 0.0765775740147,
        "dvar2": 0.153332784772,
        "max": 8.89745044708,
        "mean": 7.65188026428,
        "median": 7.65779495239,
        "min": 5.03798770905,
        "var": 0.274627238512
    },
    "spectral_flux": {
        "dmean": 0.0331301502883,
        "dmean2": 0.0520353205502,
        "dvar": 0.0013722863514,
        "dvar2": 0.00303986016661,
        "max": 0.443279951811,
        "mean": 0.110797524452,
        "median": 0.0996666699648,
        "min": 1.52955835802e-05,
        "var": 0.0033458545804
    },
    "spectral_kurtosis": {
        "dmean": 2.15843725204,
        "dmean2": 3.25367259979,
        "dvar": 14.7629175186,
        "dvar2": 32.894317627,
        "max": 90.9436187744,
        "mean": 4.99852275848,
        "median": 3.64734649658,
        "min": -0.539923906326,
        "var": 34.382232666
    },
    "spectral_rms": {
        "dmean": 0.00109772221185,
        "dmean2": 0.00166960211936,
        "dvar": 1.27904070268e-06,
        "dvar2": 3.10504265144e-06,
        "max": 0.0157842431217,
        "mean": 0.00639419956133,
        "median": 0.00630546361208,
        "min": 3.07214742534e-09,
        "var": 6.84854512656e-06
    },
    "spectral_rolloff": {
        "dmean": 993.700378418,
        "dmean2": 1697.18164062,
        "dvar": 3435391.25,
        "dvar2": 8110350.5,
        "max": 19336.8164062,
        "mean": 1790.44128418,
        "median": 904.39453125,
        "min": 64.599609375,
        "var": 5791554.5
    },
    "spectral_skewness": {
        "dmean": 0.30023598671,
        "dmean2": 0.448473453522,
        "dvar": 0.131043419242,
        "dvar2": 0.28390622139,
        "max": 7.58852958679,
        "mean": 1.71879076958,
        "median": 1.58081412315,
        "min": 0.0538282506168,
        "var": 0.477573812008
    },
    "spectral_spread": {
        "dmean": 1179725.25,
        "dmean2": 1612165.125,
        "dvar": 1.78958657126e+12,
        "dvar2": 3.38201988301e+12,
        "max": 13852414,
        "mean": 6327268.5,
        "median": 5617960.5,
        "min": 929691.1875,
        "var": 8.51627946803e+12
    },
    "spectral_strongpeak": {
        "dmean": 0.533343076706,
        "dmean2": 0.882952988148,
        "dvar": 0.752482891083,
        "dvar2": 1.79928565025,
        "max": 10.7558641434,
        "mean": 0.84997844696,
        "median": 0.472622781992,
        "min": 0,
        "var": 1.11168479919
    },
    "zerocrossingrate": {
        "dmean": 0.0201100818813,
        "dmean2": 0.0238696020097,
        "dvar": 0.000435431924416,
        "dvar2": 0.000576907943469,
        "max": 0.49560546875,
        "mean": 0.0790792182088,
        "median": 0.06982421875,
        "min": 0.00390625,
        "var": 0.00299340812489
    },
    "barkbands": {
        "dmean": [0.000494272331707, 0.00719929998741, 0.00592633057386, 0.00348482467234, 0.00302280625328, 0.0017396977637, 0.00123900547624, 0.000845340138767, 0.00070883682929, 0.000679271412082, 0.000824671704322, 0.000963584228884, 0.000612846808508, 0.000402695091907, 0.000234993756749, 0.000305200519506, 0.000272763863904, 0.000230312303756, 0.000193334184587, 0.000172509753611, 0.000140303454828, 0.000197399203898, 0.000419937743573, 0.000259762338828, 0.000500810914673, 0.000308940449031, 8.82629683474e-05],
        "dmean2": [0.000664862280246, 0.0113845057786, 0.00957604125142, 0.00612958008423, 0.00501684239134, 0.00273191486485, 0.00206101872027, 0.00139351410326, 0.0011362725636, 0.00105642562266, 0.00144364952575, 0.00161791138817, 0.00102932250593, 0.000662170583382, 0.000381208141334, 0.000476757530123, 0.000436539412476, 0.000380125216907, 0.000317247962812, 0.000302324886434, 0.000228879871429, 0.000319174927427, 0.000639534788206, 0.00042425096035, 0.000814485130832, 0.000467910052976, 0.000129820022266],
        "dvar": [4.57917053609e-07, 0.00012538160081, 0.000134853529744, 4.67939316877e-05, 2.02801620617e-05, 6.08468280916e-06, 3.38981317327e-06, 1.58816897056e-06, 1.17456932003e-06, 1.67381585925e-06, 3.48324351762e-06, 4.74245371151e-06, 2.01163811653e-06, 7.19898991974e-07, 2.03330415616e-07, 7.6114008607e-07, 2.92024509463e-07, 2.37967924477e-07, 1.14129719009e-07, 1.36176950605e-07, 6.31415488783e-08, 1.32205457248e-07, 1.09533607429e-06, 3.19011149941e-07, 2.05761489269e-06, 4.2256880306e-07, 3.57179565924e-08],
        "dvar2": [8.89275383997e-07, 0.000341409730026, 0.000372108799638, 0.000135521098855, 5.78526269237e-05, 1.36736207423e-05, 8.56879159983e-06, 3.95252391172e-06, 2.82081873593e-06, 3.64752690984e-06, 9.67896994553e-06, 1.11610333988e-05, 5.03287219544e-06, 1.80183360499e-06, 5.15761314546e-07, 1.34292486109e-06, 7.19499325896e-07, 6.40341909275e-07, 3.01758007026e-07, 3.86020673204e-07, 1.58035362574e-07, 3.27801842559e-07, 2.46999161391e-06, 8.43319924115e-07, 5.71610962652e-06, 9.00554937289e-07, 6.7662334402e-08],
        "max": [0.00819491967559, 0.175000399351, 0.149372816086, 0.0604441165924, 0.0538270510733, 0.0429678335786, 0.0429393947124, 0.0252670124173, 0.0196418929845, 0.0239213611931, 0.0208613984287, 0.0266540162265, 0.0274882297963, 0.0135229798034, 0.011242124252, 0.0158968195319, 0.0135871190578, 0.00956858042628, 0.00582218170166, 0.00490643782541, 0.00252524693497, 0.00380027270876, 0.0139588816091, 0.00565477460623, 0.0165624897927, 0.0100550698116, 0.00248108501546],
        "mean": [0.000874536985066, 0.0139142069966, 0.00921696145087, 0.00366748566739, 0.00492126960307, 0.00296985311434, 0.0020874904003, 0.0015049703652, 0.00121083727572, 0.000983465695754, 0.00089237827342, 0.00105567881837, 0.0007309805369, 0.000499657995533, 0.000324074382661, 0.000419461604906, 0.000423452991527, 0.000333313510055, 0.000301772553939, 0.000202119597816, 0.000182690811926, 0.00023354984296, 0.000528900709469, 0.000347259425325, 0.000561221619137, 0.000379562552553, 0.000160835523275],
        "median": [0.000432306725997, 0.00773513130844, 0.0020567253232, 0.000703379628249, 0.00273924320936, 0.00166847556829, 0.00128034641966, 0.000961019191891, 0.000757423636969, 0.000468478479888, 0.000336510594934, 0.000279073283309, 0.000208617741009, 0.000173593114596, 0.000118784548249, 0.000151408094098, 0.000154221779667, 9.5800125564e-05, 0.000150012390804, 6.96339920978e-05, 8.89247166924e-05, 0.000106666324427, 0.000181287803571, 7.72238927311e-05, 0.000101971367258, 8.46456969157e-05, 1.48724275277e-05],
        "min": [1.76194579141e-16, 1.92596975118e-16, 6.07032779095e-17, 2.79078330966e-17, 3.99308139646e-17, 8.64458168602e-18, 1.83514700737e-17, 2.0695600668e-17, 3.04309291795e-17, 2.86269905386e-17, 2.18164552134e-17, 7.8451377629e-17, 3.08564626504e-16, 1.31121560503e-16, 3.318476564e-17, 5.89373730331e-17, 2.14634787172e-16, 2.11354281507e-16, 2.04944571437e-16, 1.94985422741e-16, 3.45566810818e-16, 4.87513147984e-16, 6.41635186721e-16, 9.57539724289e-16, 6.08501110709e-16, 1.70060795348e-15, 1.95426509854e-15],
        "var": [1.28287422285e-06, 0.000244855124038, 0.000256487779552, 5.03552037117e-05, 3.8262885937e-05, 1.45549192894e-05, 6.54618270346e-06, 3.18178399539e-06, 2.34630556406e-06, 2.8210340588e-06, 2.86598742605e-06, 5.62032755624e-06, 2.71414910458e-06, 8.59849762946e-07, 3.32963736582e-07, 1.19253127195e-06, 5.6195739262e-07, 3.87036237726e-07, 1.86589630857e-07, 1.33047734607e-07, 7.25742168584e-08, 1.34024702447e-07, 1.38958216667e-06, 3.30382476932e-07, 1.56178020916e-06, 5.60086618862e-07, 8.91377567314e-08]
    },
    "erbbands": {
        "dmean": [0.251777976751, 1.60949015617, 6.31734037399, 8.94449424744, 11.0580501556, 9.30975437164, 11.7616767883, 13.6634311676, 19.0148563385, 19.1480312347, 15.9253902435, 16.5347766876, 24.8094062805, 22.1774787903, 29.0399703979, 39.9804573059, 30.0460605621, 24.498550415, 10.3912506104, 13.3550043106, 16.9481372833, 14.0320510864, 13.9100589752, 11.0159425735, 9.06168460846, 7.06937456131, 5.07142353058, 6.71248435974, 7.4698638916, 8.64337253571, 12.8085317612, 6.0948381424, 5.53077077866, 5.57163476944, 3.14250802994, 1.87117779255, 0.397943586111, 0.0853571817279, 0.0126950563863, 0.00132181448862],
        "dmean2": [0.36328843236, 2.64873957634, 9.99534034729, 15.6094369888, 18.57762146, 15.7839727402, 19.5536212921, 21.7342262268, 30.6623725891, 31.7818508148, 25.5845623016, 26.814907074, 38.3894309998, 37.7815704346, 51.0035057068, 66.7250137329, 49.8598327637, 40.102180481, 17.0077533722, 20.5012607574, 25.6300354004, 22.1096324921, 22.9904689789, 17.7554454803, 15.1176042557, 12.2793426514, 8.42416477203, 10.9868469238, 11.985452652, 13.8367433548, 19.4254245758, 10.0499477386, 9.19772529602, 9.38416290283, 4.83811330795, 2.82654523849, 0.613362550735, 0.140539377928, 0.0188963692635, 0.00193584722001],
        "dvar": [0.135383754969, 7.3698887825, 141.008651733, 353.290893555, 300.88961792, 218.784637451, 310.14074707, 451.476318359, 995.570495605, 833.453735352, 628.598205566, 648.623168945, 2102.40722656, 1960.69494629, 4974.42138672, 8641.55175781, 4428.24023438, 2203.64599609, 301.309997559, 718.522766113, 2043.50598145, 874.093078613, 1052.89343262, 545.058532715, 249.375656128, 214.723052979, 70.6408309937, 190.292251587, 199.652267456, 360.212341309, 1113.86462402, 165.789703369, 218.974395752, 433.155334473, 42.4733123779, 18.3947792053, 0.544817149639, 0.0314014852047, 0.000659988203552, 8.16437386675e-06],
        "dvar2": [0.332157701254, 20.398645401, 377.458404541, 1032.65893555, 823.602478027, 627.520324707, 818.643798828, 1003.33135986, 2271.8449707, 2234.3125, 1428.51245117, 1637.07788086, 4466.23388672, 5122.63916016, 13849.7402344, 20306.9023438, 10813.7304688, 5498.09863281, 751.50793457, 1375.7355957, 3702.33544922, 2014.53234863, 2883.13647461, 1391.50085449, 678.520507812, 605.744812012, 182.773635864, 483.143035889, 496.804351807, 898.803588867, 2473.08227539, 433.804351807, 600.21673584, 1243.37548828, 105.518829346, 39.6971549988, 1.29984140396, 0.0812852010131, 0.00145596731454, 1.30395155793e-05],
        "max": [4.45113039017, 43.0215988159, 146.020874023, 216.084686279, 197.668518066, 263.313781738, 217.542877197, 391.954071045, 777.027832031, 339.316253662, 690.089538574, 506.850036621, 933.465087891, 713.086120605, 1052.76367188, 1185.60046387, 1111.45825195, 722.586547852, 273.066497803, 520.097839355, 945.422912598, 678.779785156, 667.020996094, 450.971588135, 256.53894043, 199.491943359, 80.0380020142, 147.828872681, 152.082962036, 196.092895508, 453.519348145, 123.538032532, 179.198471069, 241.633148193, 68.8188552856, 65.2216720581, 6.90278911591, 1.8634673357, 0.312004417181, 0.0397666729987],
        "mean": [0.505843400955, 2.7581012249, 10.5178308487, 11.2651491165, 15.4855871201, 15.1236362457, 18.8048439026, 22.7448005676, 31.615436554, 32.6391448975, 29.8484897614, 28.4111366272, 37.9205513, 28.2439250946, 29.8775558472, 45.7246551514, 37.5008964539, 31.80219841, 15.4494581223, 19.9474391937, 24.7210922241, 22.7138652802, 20.2008018494, 17.2641277313, 13.7770843506, 8.80585098267, 6.89320325851, 8.01167678833, 9.06136226654, 10.8424081802, 16.1047363281, 6.8294005394, 7.1779551506, 6.23769187927, 3.78630518913, 2.27752041817, 0.459007263184, 0.107040196657, 0.019577678293, 0.00265029259026],
        "median": [0.259477436543, 1.4314467907, 2.50037407875, 3.45650863647, 6.8616232872, 7.79868364334, 9.53108119965, 12.4251098633, 18.9235877991, 20.5453605652, 20.2245426178, 18.1768608093, 20.2744846344, 13.425614357, 11.7578620911, 12.9840993881, 11.3742313385, 12.5322141647, 7.21685695648, 8.27327537537, 10.3536300659, 8.80623722076, 6.43648433685, 6.90522623062, 6.6880402565, 3.50602889061, 3.82745862007, 3.25014472008, 4.02367115021, 4.65681838989, 5.71000432968, 1.7625041008, 1.42395603657, 0.84056019783, 0.877907216549, 0.521267294884, 0.0905285999179, 0.0141964741051, 0.00205926061608, 0.000214304207475],
        "min": [8.18086189205e-15, 3.43772116351e-14, 7.15852277087e-14, 8.8455501604e-14, 1.01009254942e-13, 1.4226459095e-13, 1.32603387363e-13, 5.32334322022e-14, 1.7584538155e-13, 3.92853718306e-13, 4.92007259587e-13, 6.8042414151e-13, 8.98236237994e-13, 8.02784488191e-13, 1.05067473818e-12, 4.70287437465e-12, 1.39763929596e-11, 8.17434921835e-12, 3.73518230234e-12, 1.07284537157e-12, 4.25422674519e-12, 1.25229739772e-11, 1.4722263339e-11, 6.67953062652e-12, 1.29191666046e-11, 8.77804426369e-12, 8.79883579191e-12, 1.64252465795e-11, 9.20219889872e-12, 3.33107881556e-11, 1.45767183046e-11, 1.89726723915e-11, 1.62954181399e-11, 5.58638465348e-12, 5.53802489978e-12, 4.57343581409e-12, 3.64313267054e-12, 1.40056672857e-12, 2.77415839866e-13, 2.72408726571e-14],
        "var": [0.364821910858, 12.027882576, 313.741912842, 410.114837646, 447.946502686, 466.968719482, 631.99987793, 946.047180176, 2033.73901367, 1371.41137695, 1402.47094727, 1228.79589844, 3610.453125, 2162.75463867, 3811.6394043, 10301.5478516, 6138.61035156, 2737.26293945, 492.2762146, 1342.13122559, 3395.26049805, 1747.78442383, 1599.90917969, 888.532409668, 396.587524414, 211.766235352, 77.1242523193, 199.517791748, 207.573822021, 376.431488037, 1437.46508789, 151.287368774, 189.96647644, 282.278778076, 48.1852645874, 23.4089336395, 0.64336591959, 0.0357599407434, 0.00130658573471, 2.49491731665e-05]
    },
    "gfcc": {
        "mean": [27.3136463165, 66.9943161011, -86.176109314, 17.3630943298, -52.182964325, 17.8387775421, -30.2614440918, 13.5776042938, -14.1952981949, 6.6895980835, -10.8257474899, 6.85359859467, -12.0686740875],
        "cov": [[15687.0498047, -253.239059448, 1306.57336426, 375.826477051, 65.0659255981, 351.678283691, -243.359741211, -6.47908353806, -354.720733643, -230.167709351, -262.923400879, -204.806442261, -142.301055908], [-253.239059448, 2717.36352539, -345.790496826, -5.92872571945, 57.7356796265, -326.53729248, -91.8317642212, -207.345535278, -30.4643669128, -208.6355896, -88.6896972656, -100.469436646, 51.3187866211], [1306.57336426, -345.790496826, 2188.83129883, 118.37828064, 28.9177436829, 196.452087402, -134.002288818, -115.689903259, -171.691940308, -150.011505127, -177.074432373, -165.453536987, 1.5160330534], [375.826477051, -5.92872571945, 118.37828064, 430.751037598, 86.7467422485, 79.9962463379, 87.3168792725, 25.42237854, 4.30786371231, 4.00762605667, -24.9729614258, -30.9017734528, -26.1087341309], [65.0659255981, 57.7356796265, 28.9177436829, 86.7467422485, 224.135070801, 45.0622406006, 60.7963142395, 33.9154052734, 17.7335014343, -24.7267093658, 1.3332182169, -36.352432251, -9.00375652313], [351.678283691, -326.53729248, 196.452087402, 79.9962463379, 45.0622406006, 194.465057373, 56.125, 36.1878509521, 7.49143838882, 26.1809520721, -13.8110370636, 19.5976886749, -17.9735202789], [-243.359741211, -91.8317642212, -134.002288818, 87.3168792725, 60.7963142395, 56.125, 153.848449707, 59.7274742126, 66.8528366089, 31.1099834442, 49.0481681824, 8.8210811615, 8.16028499603], [-6.47908353806, -207.345535278, -115.689903259, 25.42237854, 33.9154052734, 36.1878509521, 59.7274742126, 142.185134888, 57.5654144287, 46.3938369751, 24.4748477936, 9.23274993896, 8.53898715973], [-354.720733643, -30.4643669128, -171.691940308, 4.30786371231, 17.7335014343, 7.49143838882, 66.8528366089, 57.5654144287, 126.432617188, 56.9554481506, 57.5391120911, 23.4346694946, 18.5029354095], [-230.167709351, -208.6355896, -150.011505127, 4.00762605667, -24.7267093658, 26.1809520721, 31.1099834442, 46.3938369751, 56.9554481506, 109.377487183, 50.0161209106, 50.0262489319, 3.4466137886], [-262.923400879, -88.6896972656, -177.074432373, -24.9729614258, 1.3332182169, -13.8110370636, 49.0481681824, 24.4748477936, 57.5391120911, 50.0161209106, 119.649475098, 34.6215782166, 25.8726463318], [-204.806442261, -100.469436646, -165.453536987, -30.9017734528, -36.352432251, 19.5976886749, 8.8210811615, 9.23274993896, 23.4346694946, 50.0262489319, 34.6215782166, 110.70123291, 22.7128486633], [-142.301055908, 51.3187866211, 1.5160330534, -26.1087341309, -9.00375652313, -17.9735202789, 8.16028499603, 8.53898715973, 18.5029354095, 3.4466137886, 25.8726463318, 22.7128486633, 80.4020233154]],
        "icov": [[7.78556641308e-05, -1.08453687062e-05, -2.74584135695e-06, -6.79636941641e-05, 3.17719568557e-05, -0.000201792019652, 0.000200719208806, -0.000132047076477, 0.000137293231091, 0.000123315490782, -8.54161989992e-05, 8.57721242937e-05, 4.11739929405e-05], [-1.08453687062e-05, 0.00065025157528, 0.000165599005413, -0.00016523899103, -0.000282278895611, 0.000794833293185, 3.55464471795e-05, 0.000881755433511, -0.000672684866004, 0.000824924965855, 0.00062605086714, 0.000151859872858, -0.000567112176213], [-2.74584135695e-06, 0.000165599005413, 0.000853524601553, -0.000190777485841, 5.20194771525e-05, -0.00116156029981, 0.000852783734445, 0.000631308008451, 5.36788575118e-05, 0.000496946566273, 0.000343453721143, 0.00135691033211, -0.00112352904398], [-6.79636941641e-05, -0.00016523899103, -0.000190777485841, 0.00318003771827, -0.000609871000051, -0.000258809654042, -0.0022717860993, 0.000137345588882, 0.000609700276982, -0.00127968506422, 0.00099796813447, 0.000355083873728, 0.000604358094279], [3.17719568557e-05, -0.000282278895611, 5.20194771525e-05, -0.000609871000051, 0.00613953592256, -0.00164465373382, -0.0011092077475, -0.00139142794069, -0.000326253095409, 0.00225464324467, -0.00103572127409, 0.00149169936776, 0.000507934193593], [-0.000201792019652, 0.000794833293185, -0.00116156029981, -0.000258809654042, -0.00164465373382, 0.0108308773488, -0.00442105764523, -2.74812755379e-05, -0.000155036963406, -0.00163055560552, 0.00296479929239, -0.00414863647893, 0.00208552018739], [0.000200719208806, 3.55464471795e-05, 0.000852783734445, -0.0022717860993, -0.0011092077475, -0.00442105764523, 0.0140775712207, -0.00200246740133, -0.00369233964011, 0.00244729826227, -0.00409107143059, 0.00170284719206, -0.00116962660104], [-0.000132047076477, 0.000881755433511, 0.000631308008451, 0.000137345588882, -0.00139142794069, -2.74812755379e-05, -0.00200246740133, 0.0117983557284, -0.00333400815725, -0.00264365808107, 0.00242710532621, 0.00189762632363, -0.00241206702776], [0.000137293231091, -0.000672684866004, 5.36788575118e-05, 0.000609700276982, -0.000326253095409, -0.000155036963406, -0.00369233964011, -0.00333400815725, 0.0155939245597, -0.00559947034344, -0.00295284343883, 0.00076227763202, -0.00108677346725], [0.000123315490782, 0.000824924965855, 0.000496946566273, -0.00127968506422, 0.00225464324467, -0.00163055560552, 0.00244729826227, -0.00264365808107, -0.00559947034344, 0.0198150835931, -0.00408460153267, -0.0045304116793, 0.00222054217011], [-8.54161989992e-05, 0.00062605086714, 0.000343453721143, 0.00099796813447, -0.00103572127409, 0.00296479929239, -0.00409107143059, 0.00242710532621, -0.00295284343883, -0.00408460153267, 0.0150251742452, -0.001111942227, -0.00319516239688], [8.57721242937e-05, 0.000151859872858, 0.00135691033211, 0.000355083873728, 0.00149169936776, -0.00414863647893, 0.00170284719206, 0.00189762632363, 0.00076227763202, -0.0045304116793, -0.001111942227, 0.0156542044133, -0.00503570493311], [4.11739929405e-05, -0.000567112176213, -0.00112352904398, 0.000604358094279, 0.000507934193593, 0.00208552018739, -0.00116962660104, -0.00241206702776, -0.00108677346725, 0.00222054217011, -0.00319516239688, -0.00503570493311, 0.0165933780372]]
    },
    "melbands": {
        "dmean": [0.00202543381602, 0.00276828929782, 0.00149562722072, 0.00076049414929, 0.000379600940505, 0.000326788518578, 0.000271733762929, 0.00020499175298, 0.000129216641653, 0.000108101790829, 0.000123411184177, 8.30956123536e-05, 0.000102803431218, 8.81727028172e-05, 0.000102595098724, 6.41641308903e-05, 4.67604804726e-05, 1.67072466866e-05, 1.93487649085e-05, 2.31993162743e-05, 2.00302565645e-05, 1.70227885974e-05, 1.23611544041e-05, 1.03355660031e-05, 9.83553491096e-06, 6.614238373e-06, 7.57855696065e-06, 4.1941912059e-06, 3.46442084265e-06, 2.87518923869e-06, 4.46154399469e-06, 4.61161198473e-06, 3.24907864524e-06, 5.862839771e-06, 8.38753112475e-06, 5.33974252903e-06, 3.09676215693e-06, 3.27981706505e-06, 5.9397602854e-06, 4.13228053731e-06],
        "dmean2": [0.00308389635757, 0.00442131608725, 0.00258953939192, 0.00126607483253, 0.000629655143712, 0.000514916493557, 0.000437005975982, 0.000340739119565, 0.000204830925213, 0.000174527842319, 0.000190615231986, 0.000141142343637, 0.000181681039976, 0.000151186963194, 0.000170562780113, 0.000106040097307, 7.63806019677e-05, 2.79177966149e-05, 3.18100464938e-05, 3.67128122889e-05, 2.99157672998e-05, 2.70835407719e-05, 2.01481652766e-05, 1.68912101799e-05, 1.5935049305e-05, 1.07686719275e-05, 1.32162213049e-05, 7.27742599338e-06, 5.9014287217e-06, 4.67276959171e-06, 7.42361635275e-06, 7.49688479118e-06, 5.24014330949e-06, 9.50219055085e-06, 1.25523583847e-05, 8.70975236467e-06, 5.26374606125e-06, 5.15396413903e-06, 1.02171188701e-05, 6.83317557559e-06],
        "dvar": [9.01123166841e-06, 2.40013905568e-05, 8.16926421976e-06, 1.35256300382e-06, 3.01017735183e-07, 2.45008237698e-07, 1.85293799859e-07, 9.34943358288e-08, 4.21651371596e-08, 2.78430576373e-08, 5.354804955e-08, 2.72080633579e-08, 6.30915337752e-08, 3.88765712955e-08, 7.08578369313e-08, 3.11801251485e-08, 9.79901582099e-09, 8.82936335156e-10, 1.71295311269e-09, 3.9080254588e-09, 2.51664178386e-09, 1.34799138518e-09, 5.72058456161e-10, 4.88669327225e-10, 4.93666663104e-10, 1.44849465755e-10, 2.68645827806e-10, 7.67815672154e-11, 3.73610621607e-11, 2.60691346982e-11, 9.0221760618e-11, 7.79397726913e-11, 3.70165287311e-11, 1.95571267514e-10, 5.29508936697e-10, 1.42690748106e-10, 4.18672214952e-11, 3.83410352078e-11, 6.83487655362e-10, 1.74480097037e-10],
        "dvar2": [2.36559644691e-05, 6.41506776446e-05, 2.30178302445e-05, 3.85260500479e-06, 7.99081647074e-07, 5.31316743491e-07, 4.18376515654e-07, 2.48857276119e-07, 9.50448324488e-08, 6.88798067472e-08, 1.1392656063e-07, 7.02785030171e-08, 1.77611127583e-07, 9.84480266197e-08, 1.56578693122e-07, 7.74778641244e-08, 2.42557032237e-08, 2.26972596273e-09, 4.50863923973e-09, 7.64534924258e-09, 4.97624030871e-09, 3.31998606384e-09, 1.44944833913e-09, 1.30921540276e-09, 1.26216759266e-09, 3.79623443791e-10, 7.55394469198e-10, 2.17220685883e-10, 9.9231733941e-11, 6.55112561421e-11, 2.28848009987e-10, 1.95961663563e-10, 9.28585194848e-11, 4.9132736768e-10, 1.17026799362e-09, 3.48496703717e-10, 1.11835624095e-10, 9.7539851196e-11, 1.98038874188e-09, 4.944148424e-10],
        "max": [0.0426646843553, 0.0560174435377, 0.0311487652361, 0.0145166376606, 0.00641030771658, 0.0102606778964, 0.00993892736733, 0.00401231925935, 0.00518647860736, 0.00347572076134, 0.00464078783989, 0.00265607819892, 0.00294814258814, 0.00256405002438, 0.00444600638002, 0.00377840641886, 0.00165863463189, 0.000403716985602, 0.00122765009291, 0.0010819893796, 0.00106851744931, 0.000864178000484, 0.000480388727738, 0.000375589181203, 0.000424032739829, 0.000211662365473, 0.000279119092738, 0.000151178974193, 6.94677655702e-05, 6.73773320159e-05, 8.57633640408e-05, 0.000101605939562, 6.29944115644e-05, 0.000146969090565, 0.000331401446601, 0.000134935398819, 5.37063897355e-05, 6.74817711115e-05, 0.000308287417283, 0.000151489744894],
        "mean": [0.00399023992941, 0.00481506576762, 0.00211009127088, 0.00117068516556, 0.000629198912065, 0.000555324950255, 0.000467599951662, 0.00034962312202, 0.000234157851082, 0.00017940653197, 0.000184414093383, 0.000104997321614, 0.000103781712824, 9.59359385888e-05, 0.00011523997091, 7.812048716e-05, 5.76121456106e-05, 2.23031511268e-05, 2.71038607025e-05, 3.06084730255e-05, 2.83395784209e-05, 2.57837764366e-05, 1.78932550625e-05, 1.53419696289e-05, 1.41209629874e-05, 9.6580997706e-06, 9.3669641501e-06, 4.84679640067e-06, 4.41707288701e-06, 3.75529407393e-06, 5.03484034198e-06, 5.56943678021e-06, 3.59496812052e-06, 7.29504654373e-06, 1.05786921267e-05, 5.75170088268e-06, 3.50937739313e-06, 4.82459518025e-06, 5.61100387131e-06, 5.06304240844e-06],
        "median": [0.00227673118934, 0.00164416839834, 0.00079188181553, 0.000557346560527, 0.00033518471173, 0.000312143674819, 0.000285728427116, 0.000219878987991, 0.000149945466546, 0.000112693342089, 9.49333480094e-05, 4.83729745611e-05, 3.93728987547e-05, 3.28071510012e-05, 2.9507364161e-05, 1.89410966414e-05, 2.0925206627e-05, 9.82031178864e-06, 9.26612756302e-06, 1.0068904885e-05, 1.09006723505e-05, 8.32128807815e-06, 6.59951774651e-06, 4.5950423555e-06, 4.79873278891e-06, 4.56390534964e-06, 2.95493691738e-06, 1.82870803656e-06, 2.3415132091e-06, 1.64279003911e-06, 1.78396237516e-06, 2.42046598942e-06, 1.52871109549e-06, 2.68799885816e-06, 3.58636998499e-06, 1.70624616658e-06, 7.90902959125e-07, 1.00439478956e-06, 6.75083128954e-07, 6.23644552888e-07],
        "min": [7.17450472086e-17, 4.09333998804e-17, 1.57958360142e-17, 8.74667893467e-18, 5.16349216695e-18, 1.29296022522e-18, 2.99913500992e-18, 4.39609355162e-18, 4.13037046524e-18, 4.35692282731e-18, 4.51470918351e-18, 3.24605193828e-18, 3.13695984358e-18, 5.13516329892e-18, 2.6319538787e-17, 2.79720984128e-17, 1.39584180652e-17, 6.83922112164e-18, 2.02634000387e-18, 1.58484362226e-18, 5.20593769931e-18, 9.50180384406e-18, 2.04375021189e-17, 7.77480788937e-18, 4.89630166215e-18, 7.45906395057e-18, 7.75893015751e-18, 6.49392160596e-18, 4.01486751399e-18, 1.13124591915e-17, 7.58826129044e-18, 3.49037089914e-18, 1.25539340411e-17, 1.8741849692e-17, 5.31237557822e-18, 1.53191450621e-17, 8.30138527705e-18, 1.07205337083e-17, 8.12512963213e-18, 4.05918040659e-18],
        "var": [2.04564294108e-05, 5.30754186912e-05, 1.14433505587e-05, 2.42341297962e-06, 6.32444823623e-07, 5.46828118786e-07, 3.95851060375e-07, 1.60814309424e-07, 9.47003542251e-08, 5.35104511812e-08, 9.15230131682e-08, 3.11728811653e-08, 4.61260576401e-08, 3.88968359744e-08, 9.28485874852e-08, 4.29285620385e-08, 1.17337490835e-08, 1.1821096324e-09, 2.64200927802e-09, 5.72746650107e-09, 4.23056034649e-09, 2.49749909642e-09, 9.86194681474e-10, 8.15340683857e-10, 7.59812046613e-10, 2.27534602271e-10, 3.18618548212e-10, 7.07585309789e-11, 3.63649631241e-11, 3.20950106769e-11, 9.30959059842e-11, 8.11768985365e-11, 3.53934798136e-11, 2.03565692081e-10, 6.96204205397e-10, 1.45051803901e-10, 3.72257502601e-11, 5.8247719148e-11, 3.95530386221e-10, 1.34140823449e-10]
    },
    "mfcc": {
        "mean": [-627.713195801, 113.686653137, 18.6980781555, 12.3138208389, 5.18947553635, 6.36126899719, -1.1334631443, 10.1032142639, 0.621464014053, 4.46656608582, 5.11091566086, 5.23149013519, 4.72406482697],
        "cov": [[9013.99121094, 158.51348877, 401.890625, -59.5207099915, 189.432250977, -42.4588088989, 68.9122314453, 42.3738441467, -52.3446578979, 20.8286476135, -4.82743835449, -157.785598755, -58.5168151855], [158.51348877, 2242.6340332, 26.3217220306, 145.112594604, 41.3118057251, -68.1377029419, -143.566009521, -65.3121871948, -36.1456489563, -104.824203491, -197.328521729, -95.6751403809, -67.4949264526], [401.890625, 26.3217220306, 1507.13562012, 37.6281852722, 280.433776855, 117.503372192, 107.416610718, -59.3111190796, 36.4581298828, -30.2818603516, -151.010238647, -121.148864746, -67.2130584717], [-59.5207099915, 145.112594604, 37.6281852722, 318.064422607, 43.1225509644, 66.4726409912, 31.0957698822, 39.9970779419, 16.8043193817, 46.5513153076, 9.91924190521, -24.2330589294, -21.1614723206], [189.432250977, 41.3118057251, 280.433776855, 43.1225509644, 210.142242432, 34.08618927, 70.3316345215, 6.39288043976, 39.3999633789, 1.17352366447, -26.6530685425, -27.8459758759, -16.6723709106], [-42.4588088989, -68.1377029419, 117.503372192, 66.4726409912, 34.08618927, 178.741394043, 31.6202487946, 52.1131515503, 8.6976442337, 3.35433006287, 16.1333065033, 13.6498651505, 2.12908792496], [68.9122314453, -143.566009521, 107.416610718, 31.0957698822, 70.3316345215, 31.6202487946, 128.810882568, 35.3997955322, 28.6675605774, 24.8084621429, 19.3495635986, -7.6124958992, -4.65347957611], [42.3738441467, -65.3121871948, -59.3111190796, 39.9970779419, 6.39288043976, 52.1131515503, 35.3997955322, 107.001083374, 35.0918464661, 29.3062114716, 42.1484947205, 21.0880661011, 6.34311294556], [-52.3446578979, -36.1456489563, 36.4581298828, 16.8043193817, 39.3999633789, 8.6976442337, 28.6675605774, 35.0918464661, 92.9132232666, 39.3817024231, 4.8959312439, 12.5742025375, 5.66267251968], [20.8286476135, -104.824203491, -30.2818603516, 46.5513153076, 1.17352366447, 3.35433006287, 24.8084621429, 29.3062114716, 39.3817024231, 108.185691833, 52.804889679, 5.32006835938, -0.750521361828], [-4.82743835449, -197.328521729, -151.010238647, 9.91924190521, -26.6530685425, 16.1333065033, 19.3495635986, 42.1484947205, 4.8959312439, 52.804889679, 129.848144531, 54.3996925354, 12.2572689056], [-157.785598755, -95.6751403809, -121.148864746, -24.2330589294, -27.8459758759, 13.6498651505, -7.6124958992, 21.0880661011, 12.5742025375, 5.32006835938, 54.3996925354, 101.790802002, 37.6474685669], [-58.5168151855, -67.4949264526, -67.2130584717, -21.1614723206, -16.6723709106, 2.12908792496, -4.65347957611, 6.34311294556, 5.66267251968, -0.750521361828, 12.2572689056, 37.6474685669, 84.2448806763]],
