{
"lowlevel": {
    "average_loudness": 0.149406820536,
    "barkbands_crest": {
        "dmean": 1.87895023823,
        "dmean2": 3.05621147156,
        "dvar": 2.98862743378,
        "dvar2": 8.08821105957,
        "max": 24.1287956238,
        "mean": 10.0564756393,
        "median": 9.50651836395,
        "min": 2.38774657249,
        "var": 14.6971511841
    },
    "barkbands_flatness_db": {
        "dmean": 0.015603098087,
        "dmean2": 0.0244999099523,
        "dvar": 0.000252581026871,
        "dvar2": 0.000557184452191,
        "max": 0.495484858751,
        "mean": 0.217868447304,
        "median": 0.219189792871,
        "min": 0.0245263632387,
        "var": 0.00486398581415
    },
    "barkbands_kurtosis": {
        "dmean": 1.51911628246,
        "dmean2": 2.46120285988,
        "dvar": 4.8222823143,
        "dvar2": 12.7446117401,
        "max": 51.4755706787,
        "mean": 3.00795459747,
        "median": 1.89965009689,
        "min": -1.83706617355,
        "var": 18.6171607971
    },
    "barkbands_skewness": {
        "dmean": 0.34763661027,
        "dmean2": 0.548673987389,
        "dvar": 0.112699612975,
        "dvar2": 0.294221580029,
        "max": 6.0981798172,
        "mean": 1.15695333481,
        "median": 1.17710065842,
        "min": -3.38545918465,
        "var": 1.25593221188
    },
    "barkbands_spread": {
        "dmean": 1.94965517521,
        "dmean2": 3.13596582413,
        "dvar": 6.49884366989,
        "dvar2": 15.6664848328,
        "max": 77.8629989624,
        "mean": 11.7320594788,
        "median": 10.0329494476,
        "min": 1.17052435875,
        "var": 44.5214080811
    },
    "dissonance": {
        "dmean": 0.0271334424615,
        "dmean2": 0.0462357290089,
        "dvar": 0.000799253757577,
        "dvar2": 0.00222114659846,
        "max": 0.500000119209,
        "mean": 0.438451349735,
        "median": 0.447813481092,
        "min": 0.142593860626,
        "var": 0.00217916746624
    },
    "dynamic_complexity": 7.21868658066,
    "erbbands_crest": {
        "dmean": 2.06548309326,
        "dmean2": 3.18999767303,
        "dvar": 4.4942908287,
        "dvar2": 10.4687957764,
        "max": 31.7733249664,
        "mean": 10.4533443451,
        "median": 9.14130306244,
        "min": 2.67349410057,
        "var": 32.0506248474
    },
    "erbbands_flatness_db": {
        "dmean": 0.0139653896913,
        "dmean2": 0.0204192101955,
        "dvar": 0.000251995050348,
        "dvar2": 0.000471895764349,
        "max": 0.445118069649,
        "mean": 0.23967127502,
        "median": 0.238624587655,
        "min": 0.0367115549743,
        "var": 0.00392822222784
    },
    "erbbands_kurtosis": {
        "dmean": 0.959477186203,
        "dmean2": 1.46529471874,
        "dvar": 2.62780165672,
        "dvar2": 5.61596679688,
        "max": 46.3268508911,
        "mean": 1.15203642845,
        "median": 0.126291513443,
        "min": -1.76551830769,
        "var": 11.1510019302
    },
    "erbbands_skewness": {
        "dmean": 0.288983166218,
        "dmean2": 0.449622660875,
        "dvar": 0.0809328854084,
        "dvar2": 0.188787847757,
        "max": 4.04445505142,
        "mean": 0.276175290346,
        "median": 0.370704084635,
        "min": -4.37413311005,
        "var": 0.677048921585
    },
    "erbbands_spread": {
        "dmean": 3.68179798126,
        "dmean2": 5.77381658554,
        "dvar": 20.5833377838,
        "dvar2": 48.5920143127,
        "max": 114.89919281,
        "mean": 22.5056762695,
        "median": 20.1934661865,
        "min": 1.2822535038,
        "var": 143.477081299
    },
    "hfc": {
        "dmean": 3.30731916428,
        "dmean2": 4.65024662018,
        "dvar": 66.9026947021,
        "dvar2": 127.774597168,
        "max": 278.927642822,
        "mean": 12.5284423828,
        "median": 4.9791560173,
        "min": 1.1764369136e-16,
        "var": 390.661773682
    },
    "melbands_crest": {
        "dmean": 2.35764217377,
        "dmean2": 3.90935134888,
        "dvar": 4.58112287521,
        "dvar2": 13.1621618271,
        "max": 33.7252464294,
        "mean": 13.3946561813,
        "median": 12.8546819687,
        "min": 1.52516710758,
        "var": 25.7714500427
    },
    "melbands_flatness_db": {
        "dmean": 0.0164205860347,
        "dmean2": 0.0261367671192,
        "dvar": 0.000291016622214,
        "dvar2": 0.000681885925587,
        "max": 0.655368089676,
        "mean": 0.293857008219,
        "median": 0.296809047461,
        "min": 0.00249135564081,
        "var": 0.00886579230428
    },
    "melbands_kurtosis": {
        "dmean": 2.65752339363,
        "dmean2": 4.32720470428,
        "dvar": 20.3517475128,
        "dvar2": 55.1457176208,
        "max": 136.502151489,
        "mean": 6.2932600975,
        "median": 3.54971218109,
        "min": -1.87132155895,
        "var": 68.4769515991
    },
    "melbands_skewness": {
        "dmean": 0.419920831919,
        "dmean2": 0.666408479214,
        "dvar": 0.17204117775,
        "dvar2": 0.467684417963,
        "max": 7.854845047,
        "mean": 1.73727166653,
        "median": 1.62226033211,
        "min": -3.48159480095,
        "var": 1.56148600578
    },
    "melbands_spread": {
        "dmean": 2.70637178421,
        "dmean2": 4.34581327438,
        "dvar": 10.1044807434,
        "dvar2": 26.0962905884,
        "max": 162.909851074,
        "mean": 16.5231113434,
        "median": 12.5194177628,
        "min": 1.39340412617,
        "var": 235.584747314
    },
    "pitch_salience": {
        "dmean": 0.0525034070015,
        "dmean2": 0.0863109454513,
        "dvar": 0.00236245640554,
        "dvar2": 0.00674336310476,
        "max": 0.871123850346,
        "mean": 0.545899987221,
        "median": 0.536261320114,
        "min": 0.113597638905,
        "var": 0.0166242904961
    },
    "silence_rate_20dB": {
        "dmean": 0,
        "dmean2": 0,
        "dvar": 0,
        "dvar2": 0,
        "max": 1,
        "mean": 1,
        "median": 1,
        "min": 1,
        "var": 0
    },
    "silence_rate_30dB": {
        "dmean": 0.0101037686691,
        "dmean2": 0.0202089156955,
        "dvar": 0.0100024212152,
        "dvar2": 0.0226653851569,
        "max": 1,
        "mean": 0.985391497612,
        "median": 1,
        "min": 0,
        "var": 0.0143952351063
    },
    "silence_rate_60dB": {
        "dmean": 0.0155652649701,
        "dmean2": 0.0311326552182,
        "dvar": 0.0153244147077,
        "dvar2": 0.0365863442421,
        "max": 1,
        "mean": 0.260700374842,
        "median": 0,
        "min": 0,
        "var": 0.192749068141
    },
    "spectral_centroid": {
        "dmean": 90.8433227539,
        "dmean2": 144.558166504,
        "dvar": 13828.6347656,
        "dvar2": 30767.0898438,
        "max": 10639.3320312,
        "mean": 827.858337402,
        "median": 686.897277832,
        "min": 217.218154907,
        "var": 265640.21875
    },
    "spectral_complexity": {
        "dmean": 1.35977602005,
        "dmean2": 2.27241063118,
        "dvar": 1.86815416813,
        "dvar2": 4.72308492661,
        "max": 41,
        "mean": 10.2729883194,
        "median": 10,
        "min": 0,
        "var": 40.2094841003
    },
    "spectral_decrease": {
        "dmean": 1.34040434308e-09,
        "dmean2": 2.0964032732e-09,
        "dvar": 6.46473536523e-18,
        "dvar2": 1.55313681744e-17,
        "max": 4.30256051745e-18,
        "mean": -6.35164143503e-09,
        "median": -3.35614691593e-09,
        "min": -6.55621192891e-08,
        "var": 5.16010750932e-17
    },
    "spectral_energy": {
        "dmean": 0.00530109042302,
        "dmean2": 0.00824825745076,
        "dvar": 0.000101184465166,
        "dvar2": 0.000238861088292,
        "max": 0.25420704484,
        "mean": 0.0251089446247,
        "median": 0.0132091511041,
        "min": 1.02566421612e-20,
        "var": 0.000812877842691
    },
    "spectral_energyband_high": {
        "dmean": 4.14927199017e-05,
        "dmean2": 6.69048677082e-05,
        "dvar": 1.15433358872e-07,
        "dvar2": 2.5491112865e-07,
        "max": 0.0134939029813,
        "mean": 6.6050721216e-05,
        "median": 6.84953238306e-06,
        "min": 7.74713935704e-21,
        "var": 2.15425060901e-07
    },
    "spectral_energyband_low": {
        "dmean": 0.00258071534336,
        "dmean2": 0.00450892280787,
        "dvar": 3.07578629872e-05,
        "dvar2": 9.71571644186e-05,
        "max": 0.101794555783,
        "mean": 0.00938957277685,
        "median": 0.00133550702594,
        "min": 9.76937840582e-23,
        "var": 0.000195127591724
    },
    "spectral_energyband_middle_high": {
        "dmean": 0.00184427492786,
        "dmean2": 0.00252751633525,
        "dvar": 2.72339002549e-05,
        "dvar2": 4.99674024468e-05,
        "max": 0.12571708858,
        "mean": 0.00570804299787,
        "median": 0.00110113364644,
        "min": 1.02471249394e-21,
        "var": 0.000152317341417
    },
    "spectral_energyband_middle_low": {
        "dmean": 0.00289389654063,
        "dmean2": 0.00448142783716,
        "dvar": 5.43926325918e-05,
        "dvar2": 0.000127135557705,
        "max": 0.222435712814,
        "mean": 0.010897597298,
        "median": 0.00614674016833,
        "min": 3.47978233056e-22,
        "var": 0.000179970709723
    },
    "spectral_entropy": {
        "dmean": 0.106225594878,
        "dmean2": 0.165723443031,
        "dvar": 0.0156902745366,
        "dvar2": 0.0327643752098,
        "max": 9.78968811035,
        "mean": 6.74236631393,
        "median": 6.63639307022,
        "min": 5.22514677048,
        "var": 0.388744086027
    },
    "spectral_flux": {
        "dmean": 0.0122425174341,
        "dmean2": 0.0197419971228,
        "dvar": 0.000364211475244,
        "dvar2": 0.000900752667803,
        "max": 0.34128049016,
        "mean": 0.046409510076,
        "median": 0.0340518057346,
        "min": 1.01275078601e-10,
        "var": 0.00157432630658
    },
    "spectral_kurtosis": {
        "dmean": 7.86153888702,
        "dmean2": 13.711016655,
        "dvar": 120.252128601,
        "dvar2": 341.747589111,
        "max": 213.72593689,
        "mean": 19.3502483368,
        "median": 13.2788238525,
        "min": -1.23275959492,
        "var": 401.040008545
    },
    "spectral_rms": {
        "dmean": 0.00042743596714,
        "dmean2": 0.000661724014208,
        "dvar": 3.51531980414e-07,
        "dvar2": 8.20593129447e-07,
        "max": 0.0157482344657,
        "mean": 0.00405681226403,
        "median": 0.00358984363265,
        "min": 3.16330208555e-12,
        "var": 8.03883176559e-06
    },
    "spectral_rolloff": {
        "dmean": 132.433486938,
        "dmean2": 232.140182495,
        "dvar": 92350.25,
        "dvar2": 222053.25,
        "max": 19293.75,
        "mean": 1099.73193359,
        "median": 732.12890625,
        "min": 64.599609375,
        "var": 4084474.75
    },
    "spectral_skewness": {
        "dmean": 0.535892426968,
        "dmean2": 0.933382332325,
        "dvar": 0.383622735739,
        "dvar2": 1.11601901054,
        "max": 11.5087080002,
        "mean": 2.8388736248,
        "median": 2.63325238228,
        "min": 0.0431635640562,
        "var": 1.62946212292
    },
    "spectral_spread": {
        "dmean": 263691.625,
        "dmean2": 426286.4375,
        "dvar": 312747687936,
        "dvar2": 511896387584,
        "max": 40855376,
        "mean": 2381916.5,
        "median": 2175255.5,
        "min": 379587.25,
        "var": 1.8850292695e+12
    },
    "spectral_strongpeak": {
        "dmean": 0.446823388338,
        "dmean2": 0.70704126358,
        "dvar": 1.16600596905,
        "dvar2": 2.4334526062,
        "max": 25.0777111053,
        "mean": 1.23911809921,
        "median": 0.287676185369,
        "min": 0,
        "var": 5.46020746231
    },
    "zerocrossingrate": {
        "dmean": 0.00377697939985,
        "dmean2": 0.00500442460179,
        "dvar": 3.09074530378e-05,
        "dvar2": 4.40804942627e-05,
        "max": 0.53271484375,
        "mean": 0.040415648371,
        "median": 0.03125,
        "min": 0.001953125,
        "var": 0.00294940569438
    },
    "barkbands": {
        "dmean": [6.34016832919e-05, 0.00182106974535, 0.00107144855428, 0.000821634137537, 0.000994041096419, 0.000882142048795, 0.0009602898499, 0.000434518384282, 0.00046713653137, 0.000458121212432, 0.000362069462426, 0.00067168980604, 0.000515466148499, 0.000259928376181, 0.000127254621475, 8.57050399645e-05, 6.87862338964e-05, 1.65162655321e-05, 1.22087776617e-05, 1.39842341014e-05, 8.34662387206e-06, 4.03661033488e-06, 3.27768611896e-06, 7.37858272259e-06, 9.07910998649e-06, 1.09333514047e-05, 1.01754858406e-06],
        "dmean2": [8.06204334367e-05, 0.00318134250119, 0.00186002021655, 0.00135472277179, 0.00159213878214, 0.00137566332705, 0.00142786523793, 0.000669914705213, 0.000609485723544, 0.000641918682959, 0.000489014666528, 0.000959709228482, 0.000693370413501, 0.00037431390956, 0.000198309178813, 0.000110680048238, 0.000103161357401, 2.60047181655e-05, 1.99263668037e-05, 2.30895075219e-05, 1.43983916132e-05, 6.78541664456e-06, 5.26275198354e-06, 1.16937962957e-05, 1.43486950037e-05, 1.74386877916e-05, 1.6072173139e-06],
        "dvar": [7.42977164236e-08, 1.91764720512e-05, 6.03715170655e-06, 3.14975159199e-06, 2.09025201912e-05, 8.89103375812e-06, 4.56101452073e-06, 1.3682304143e-06, 2.19278490476e-06, 2.72488546216e-06, 1.99984697247e-06, 8.97823338164e-06, 6.11417272012e-06, 2.58793215835e-06, 4.39429470589e-07, 6.8578549417e-07, 5.29343964217e-08, 3.41361316991e-09, 2.46659292991e-09, 5.30019272915e-09, 2.81157985782e-09, 7.79301234655e-10, 6.24564455709e-10, 4.29723234774e-09, 6.95244972704e-09, 2.69208015879e-08, 2.189661924e-10],
        "dvar2": [1.60106637281e-07, 6.32205919828e-05, 1.88370268006e-05, 9.00764462131e-06, 4.76440618513e-05, 2.28408425755e-05, 1.04144082798e-05, 3.0644898743e-06, 3.34245783051e-06, 4.83478697788e-06, 3.30215175381e-06, 1.65161327459e-05, 1.14047570605e-05, 4.68774896945e-06, 9.0887664328e-07, 9.48399417666e-07, 1.06024792501e-07, 8.44899084029e-09, 6.44504760672e-09, 1.44740939234e-08, 9.26987198113e-09, 2.08021400105e-09, 1.45508605165e-09, 1.01264587826e-08, 1.56435824294e-08, 6.07285528531e-08, 4.86516327225e-10],
        "max": [0.0181105323136, 0.0695692896843, 0.0360149592161, 0.0373699441552, 0.196025192738, 0.0838583707809, 0.0671440809965, 0.0628709569573, 0.0615995377302, 0.0537377111614, 0.0557171106339, 0.114613801241, 0.115595430136, 0.0983153507113, 0.0458700619638, 0.0859366208315, 0.00562520604581, 0.00305013312027, 0.00276246899739, 0.00302076316439, 0.0019455057336, 0.000720524636563, 0.000712106004357, 0.00240956828929, 0.00291405292228, 0.00762580847368, 0.000647930195555],
        "mean": [0.00060049718013, 0.00602497486398, 0.00188080081716, 0.00154674449004, 0.00225290819071, 0.00207094824873, 0.00269608991221, 0.000986685045063, 0.00119616731536, 0.000959937460721, 0.000856321246829, 0.00171536486596, 0.00108387949876, 0.000552895886358, 0.000239591405261, 0.000185187745956, 0.0001182485139, 3.20140170516e-05, 2.52288773481e-05, 2.47386797128e-05, 1.30955650093e-05, 6.49826915833e-06, 5.7333299992e-06, 9.20853199204e-06, 1.14017002488e-05, 1.27309658637e-05, 1.03221600511e-06],
        "median": [4.83775352222e-07, 7.17369111953e-05, 0.000582364329603, 0.000685129663907, 0.00116608804092, 0.000588923227042, 0.000700254924595, 0.000264999369392, 0.000183425174328, 0.000132411150844, 0.000103007507278, 9.08065630938e-05, 5.824636537e-05, 6.09475719102e-05, 2.72225752269e-05, 1.54342051246e-05, 1.69614504557e-05, 8.9594259407e-06, 6.08956452197e-06, 4.78564288642e-06, 1.74324054569e-06, 5.1176073157e-07, 7.68521829286e-07, 5.12872134095e-07, 6.90402544024e-08, 1.84915940338e-08, 7.25575777238e-09],
        "min": [5.33334658524e-23, 1.30146903232e-23, 3.64790581819e-23, 3.43783847001e-23, 2.14779009256e-23, 2.64989043463e-23, 7.34277157943e-23, 2.82181288705e-23, 1.50278986943e-22, 4.40278133343e-23, 2.86588086603e-23, 6.58034003889e-23, 7.13054464564e-23, 1.00525580138e-22, 6.24273407718e-23, 7.5326062231e-23, 1.63055453895e-22, 1.04133217762e-22, 1.70659025414e-22, 3.49565951312e-22, 5.48499758431e-22, 6.37049836804e-22, 5.61773573784e-22, 7.2462894731e-22, 1.17789166173e-21, 1.51766458017e-21, 2.53725576387e-21],
        "var": [2.72631291409e-06, 9.86187296803e-05, 1.09573184091e-05, 6.20333048573e-06, 3.10751056531e-05, 1.65055262187e-05, 2.50110369961e-05, 5.29358021595e-06, 1.2326317119e-05, 9.69222310232e-06, 1.05932049337e-05, 4.87490724481e-05, 1.99944915948e-05, 9.81022185442e-06, 1.58220916546e-06, 2.9506802548e-06, 1.23631224369e-07, 6.48880771337e-09, 6.29835339439e-09, 9.97893145893e-09, 3.56108253996e-09, 1.01104691286e-09, 1.36035915865e-09, 7.16234360709e-09, 1.30030199941e-08, 3.76828239723e-08, 2.58675886267e-10]
    },
    "erbbands": {
        "dmean": [0.0487944409251, 0.438051909208, 1.12219536304, 1.97675693035, 2.72717690468, 3.4369096756, 5.43703222275, 7.88435983658, 9.97314453125, 17.0105991364, 8.69533538818, 8.83581161499, 12.4288320541, 15.0543985367, 12.5424175262, 24.3404788971, 24.6726379395, 9.65507411957, 8.65667057037, 5.98136425018, 5.15169382095, 4.59668922424, 1.15093898773, 0.71299302578, 0.63731366396, 0.536855459213, 0.272809565067, 0.341602176428, 0.12246632576, 0.129741504788, 0.0910664796829, 0.176349401474, 0.120169050992, 0.136201441288, 0.0459137223661, 0.0451933816075, 0.0213652402163, 0.00352448457852, 0.00024507715716, 1.22182982523e-05],
        "dmean2": [0.0835541337729, 0.766247808933, 1.96192681789, 3.31409311295, 4.34368515015, 5.48606872559, 8.37437820435, 12.5410346985, 14.4992704391, 26.6930770874, 12.3145332336, 11.5211648941, 17.1521167755, 20.0653190613, 17.609457016, 34.7940254211, 34.2747306824, 13.6541090012, 13.0230817795, 9.02271175385, 6.63896942139, 6.77868652344, 1.75736296177, 1.14664447308, 1.03199899197, 0.88584280014, 0.461528450251, 0.597168028355, 0.201975569129, 0.217677995563, 0.144411370158, 0.271079391241, 0.205091074109, 0.226323738694, 0.0678922608495, 0.0712227299809, 0.0343829020858, 0.00576714100316, 0.000393666821765, 1.91281869775e-05],
        "dvar": [0.01440570876, 1.12441396713, 7.05663204193, 18.1298809052, 216.697753906, 138.021835327, 189.928833008, 973.626831055, 602.758850098, 1542.12561035, 626.975463867, 821.188598633, 1597.54968262, 2433.59545898, 2452.02734375, 10329.5146484, 15146.3447266, 3916.73730469, 2928.34545898, 1356.88830566, 3135.78613281, 242.666381836, 11.7671279907, 7.16843175888, 8.18568706512, 7.29388093948, 4.08121109009, 5.81150960922, 0.689511120319, 0.822049677372, 0.549640238285, 2.65473294258, 1.43321311474, 1.79249250889, 0.253559559584, 0.271163463593, 0.165431112051, 0.00270977057517, 1.65995734278e-05, 1.04824202651e-08],
        "dvar2": [0.0458330176771, 3.70747232437, 22.2751998901, 50.918006897, 502.269805908, 329.404327393, 468.088531494, 2500.00732422, 1336.12963867, 3920.25952148, 1107.05749512, 1226.16235352, 2703.03515625, 3843.7722168, 4430.88378906, 19173.7734375, 28936.6035156, 6476.88330078, 5628.78857422, 2158.40185547, 4375.83447266, 472.095794678, 26.5131645203, 18.1671600342, 21.6900234222, 20.731464386, 12.9332199097, 19.7052383423, 1.73084974289, 2.26634430885, 1.26997566223, 6.00416755676, 3.72855424881, 4.62571239471, 0.456698060036, 0.547628819942, 0.407838612795, 0.00643930584192, 3.96708237531e-05, 2.50151312997e-08],
        "max": [3.4959127903, 17.5980644226, 41.8500480652, 80.2779006958, 622.064147949, 461.790618896, 285.600372314, 865.33581543, 640.66607666, 1067.35473633, 1168.50256348, 1757.38293457, 1417.83190918, 1612.34155273, 2072.02880859, 2873.31005859, 6236.81689453, 3663.2043457, 4146.16162109, 4285.44580078, 5924.94482422, 458.851593018, 124.308151245, 119.601081848, 135.149429321, 125.865814209, 114.444885254, 113.437095642, 19.8999271393, 33.0207328796, 17.4757919312, 71.653175354, 25.5314102173, 28.7568721771, 25.566078186, 23.5327205658, 19.2170085907, 2.33831739426, 0.187077984214, 0.00467997603118],
        "mean": [0.274179548025, 0.958728909492, 2.11983132362, 4.04431295395, 5.71499204636, 7.48746585846, 12.8266153336, 18.198091507, 30.0617694855, 40.1177482605, 23.22706604, 22.2803096771, 28.8388519287, 38.3130874634, 32.7448768616, 63.4207992554, 55.5970039368, 21.8546714783, 18.5674362183, 12.6460447311, 11.3030014038, 8.18743515015, 2.38384175301, 1.62861800194, 1.29357171059, 0.987331271172, 0.485305309296, 0.521691381931, 0.22199948132, 0.208968803287, 0.15097784996, 0.237511515617, 0.13585627079, 0.137899488211, 0.0739395990968, 0.0578127130866, 0.0230811405927, 0.00329276942648, 0.000245582050411, 3.51400121872e-05],
        "median": [0.000754616805352, 0.0323087126017, 0.555641531944, 1.84350705147, 2.9237716198, 3.92422652245, 3.94141554832, 4.99977445602, 8.28127098083, 11.084528923, 6.57637310028, 4.52178096771, 4.98398065567, 5.23173618317, 5.50447463989, 5.18298768997, 3.59933519363, 3.60487961769, 2.82974910736, 1.57216870785, 0.938475549221, 0.987164258957, 0.674933731556, 0.426074892282, 0.297708958387, 0.232019007206, 0.103160791099, 0.0487627573311, 0.0196571964771, 0.0188184790313, 0.0219599939883, 0.0142965484411, 0.00636827247217, 0.00123793107923, 0.00035916044726, 0.000123946738313, 3.90982531826e-05, 9.43432587519e-06, 9.66839161265e-06, 1.55895304488e-05],
        "min": [8.29568450337e-22, 2.25550181058e-21, 2.45252637741e-20, 1.09150217064e-19, 6.48924289147e-20, 9.19952149425e-20, 5.77487032742e-20, 2.66439114604e-19, 7.97006976662e-19, 1.11523519733e-18, 9.95474540682e-19, 2.52442060587e-18, 3.13585266233e-18, 1.35412743978e-18, 1.25558220808e-18, 2.94196545586e-18, 2.76927950887e-18, 5.20697870611e-18, 4.02745637574e-18, 3.90725503861e-18, 3.84159675031e-18, 1.00995138013e-17, 5.58184537919e-18, 6.05026287083e-18, 1.22194073121e-17, 1.74589124143e-17, 2.01376011704e-17, 2.25851872439e-17, 2.41212864568e-17, 1.9548001719e-17, 1.32590658086e-17, 1.32220089443e-17, 1.39413136245e-17, 1.14147086414e-17, 8.83749757566e-18, 5.58689779837e-18, 2.83715174608e-18, 1.42642860879e-18, 3.85876757226e-19, 3.51535378281e-20],
        "var": [0.217212215066, 2.71806526184, 14.4269075394, 38.2607078552, 262.324432373, 225.096954346, 574.319091797, 1486.99841309, 3591.2355957, 5486.51806641, 3070.44580078, 4264.78955078, 6447.13720703, 13106.6191406, 14000.5458984, 53201.8867188, 50848.4960938, 14137.8964844, 11656.3535156, 6447.81445312, 13179.0693359, 604.470214844, 26.5779075623, 24.4641914368, 16.4018115997, 14.6555175781, 5.41210889816, 6.78244304657, 1.12966871262, 1.22241318226, 0.931404769421, 5.06583738327, 1.67952644825, 1.7769973278, 0.761843383312, 0.549697816372, 0.1791729182, 0.00282666157, 1.71637730091e-05, 1.32580408874e-08]
    },
    "gfcc": {
        "mean": [-129.315872192, 163.455413818, -133.311294556, 4.80310821533, -47.3475379944, -5.61517047882, -32.471446991, -8.93179130554, -18.0706768036, -11.7093200684, -5.21721601486, -12.8174314499, -9.52446365356],
        "cov": [[18240.4824219, 3592.22363281, 386.029571533, 179.223983765, 254.167022705, 542.779785156, 457.10824585, 219.533325195, 299.003967285, 601.825256348, 28.1045150757, 367.26373291, 355.310760498], [3592.22363281, 2826.32666016, 356.015808105, -158.368942261, 585.127624512, -140.0806427, 552.99609375, -120.234703064, 356.060180664, 151.485443115, 139.241699219, 15.231883049, 228.039733887], [386.029571533, 356.015808105, 892.857055664, 146.946670532, 295.720245361, 155.276931763, 233.030776978, 158.996826172, 167.408950806, 212.807769775, 36.1720314026, 126.994255066, 82.7279052734], [179.223983765, -158.368942261, 146.946670532, 411.914001465, -5.04070472717, 101.044059753, 3.65536832809, 90.2048339844, 114.990249634, -28.4775733948, 32.8773536682, -6.48580551147, 20.2697505951], [254.167022705, 585.127624512, 295.720245361, -5.04070472717, 357.049468994, 57.0990333557, 235.925842285, 22.4932861328, 120.063667297, 119.827049255, 36.5482406616, 53.9514389038, 71.4078521729], [542.779785156, -140.0806427, 155.276931763, 101.044059753, 57.0990333557, 226.440689087, 63.0290107727, 105.317642212, 39.5521087646, 65.1629180908, 25.3343734741, 68.1378860474, 27.0835094452], [457.10824585, 552.99609375, 233.030776978, 3.65536832809, 235.925842285, 63.0290107727, 304.744598389, 34.7149467468, 142.100646973, 116.450141907, 36.9233627319, 71.8861923218, 85.5317459106], [219.533325195, -120.234703064, 158.996826172, 90.2048339844, 22.4932861328, 105.317642212, 34.7149467468, 199.776535034, 92.0727920532, 40.4076271057, -8.40487003326, 43.9088859558, 54.9579963684], [299.003967285, 356.060180664, 167.408950806, 114.990249634, 120.063667297, 39.5521087646, 142.100646973, 92.0727920532, 261.299468994, 80.0852279663, 51.6633529663, 37.4292182922, 93.4651947021], [601.825256348, 151.485443115, 212.807769775, -28.4775733948, 119.827049255, 65.1629180908, 116.450141907, 40.4076271057, 80.0852279663, 230.013641357, 21.1717796326, 77.0828018188, 35.7187309265], [28.1045150757, 139.241699219, 36.1720314026, 32.8773536682, 36.5482406616, 25.3343734741, 36.9233627319, -8.40487003326, 51.6633529663, 21.1717796326, 129.291732788, 35.6471176147, 19.8192367554], [367.26373291, 15.231883049, 126.994255066, -6.48580551147, 53.9514389038, 68.1378860474, 71.8861923218, 43.9088859558, 37.4292182922, 77.0828018188, 35.6471176147, 139.189498901, 60.6887626648], [355.310760498, 228.039733887, 82.7279052734, 20.2697505951, 71.4078521729, 27.0835094452, 85.5317459106, 54.9579963684, 93.4651947021, 35.7187309265, 19.8192367554, 60.6887626648, 127.072250366]],
        "icov": [[0.000246215844527, -0.000797134533059, 0.000273815210676, -0.000492963707075, 0.000745965808164, -0.000945404288359, 0.000615180935711, -0.000398615928134, 0.000582058622967, -0.000819109438453, 0.00072304107016, -0.000866392510943, 0.00028619528166], [-0.000797134533059, 0.003545276355, -0.00105503702071, 0.00203403015621, -0.00309218792245, 0.00359068834223, -0.00293964310549, 0.00207613082603, -0.00251638726331, 0.00288676819764, -0.00292233168148, 0.00378937763162, -0.00203240383416], [0.000273815210676, -0.00105503702071, 0.00255244877189, -0.00145227299072, -0.000468263897346, -0.000858522718772, 0.00064205378294, -0.00180936430115, 0.00108480185736, -0.00203170604073, 0.0010339677101, -0.00207152706571, 0.00109541323036], [-0.000492963707075, 0.00203403015621, -0.00145227299072, 0.00513088842854, -0.00109155080281, 0.000195230531972, -0.00103742233478, 0.00127939705271, -0.00369646050967, 0.00328842434101, -0.00214511924423, 0.00318097113632, -0.000818180327769], [0.000745965808164, -0.00309218792245, -0.000468263897346, -0.00109155080281, 0.00966124050319, -0.00392465479672, -0.00142054096796, -0.000464059150545, 0.00178898044396, -0.00304744346067, 0.00218278146349, -0.0017955545336, 0.00056439085165], [-0.000945404288359, 0.00359068834223, -0.000858522718772, 0.000195230531972, -0.00392465479672, 0.0120196994394, -0.00400359090418, -0.00206556450576, -0.000286991882604, 0.00201630732045, -0.00426797941327, 0.00149878894445, -0.0004465142556], [0.000615180935711, -0.00293964310549, 0.00064205378294, -0.00103742233478, -0.00142054096796, -0.00400359090418, 0.0110091408715, -0.000400183897, -0.000523261434864, -0.00275271828286, 0.00289678992704, -0.00426174653694, 0.00045940183918], [-0.000398615928134, 0.00207613082603, -0.00180936430115, 0.00127939705271, -0.000464059150545, -0.00206556450576, -0.000400183897, 0.0111807323992, -0.00478875776753, 0.00208738702349, 0.0010238904506, 0.00184913119301, -0.00360982702114], [0.000582058622967, -0.00251638726331, 0.00108480185736, -0.00369646050967, 0.00178898044396, -0.000286991882604, -0.000523261434864, -0.00478875776753, 0.0110503062606, -0.00429564062506, -0.000576433551032, -0.000650082307402, -0.00226908689365], [-0.000819109438453, 0.00288676819764, -0.00203170604073, 0.00328842434101, -0.00304744346067, 0.00201630732045, -0.00275271828286, 0.00208738702349, -0.00429564062506, 0.0103447502479, -0.00200942414813, 0.00055915536359, 0.000438923831098], [0.00072304107016, -0.00292233168148, 0.0010339677101, -0.00214511924423, 0.00218278146349, -0.00426797941327, 0.00289678992704, 0.0010238904506, -0.000576433551032, -0.00200942414813, 0.0123339993879, -0.00602439977229, 0.00212434749119], [-0.000866392510943, 0.00378937763162, -0.00207152706571, 0.00318097113632, -0.0017955545336, 0.00149878894445, -0.00426174653694, 0.00184913119301, -0.000650082307402, 0.00055915536359, -0.00602439977229, 0.0175200589001, -0.00788499508053], [0.00028619528166, -0.00203240383416, 0.00109541323036, -0.000818180327769, 0.00056439085165, -0.0004465142556, 0.00045940183918, -0.00360982702114, -0.00226908689365, 0.000438923831098, 0.00212434749119, -0.00788499508053, 0.0161440502852]]
    },
    "melbands": {
        "dmean": [0.000493836472742, 0.000532554229721, 0.00033752899617, 0.000218619636144, 0.000176656249096, 0.000173114181962, 0.000162010866916, 0.000166539073689, 7.72731655161e-05, 5.5341184634e-05, 6.73918693792e-05, 6.52017624816e-05, 4.45998084615e-05, 5.83122673561e-05, 9.78330717771e-05, 2.936110468e-05, 1.75224304257e-05, 1.64533103089e-05, 1.21717193906e-05, 4.50971765531e-06, 6.2196700128e-06, 4.86892531626e-06, 2.04123625736e-06, 9.25187521261e-07, 6.03054388648e-07, 4.81306869915e-07, 6.86098871938e-07, 2.89535620368e-07, 1.94455481051e-07, 2.00827614094e-07, 1.74411454168e-07, 6.29321732504e-08, 9.44135720715e-08, 6.90827022254e-08, 5.03693478038e-08, 7.56648006472e-08, 1.11757913146e-07, 7.79579707455e-08, 1.02149229519e-07, 1.12615175851e-07],
        "dmean2": [0.000861000327859, 0.000932672759518, 0.00056308839703, 0.000343930587405, 0.000276517763268, 0.000272054341622, 0.000239344473812, 0.000260558881564, 0.000106069492176, 7.24307756172e-05, 9.32018592721e-05, 8.75215191627e-05, 6.12075746176e-05, 8.31178185763e-05, 0.000139054798638, 4.02579535148e-05, 2.51068868238e-05, 2.45115497819e-05, 1.89258444152e-05, 6.41954784442e-06, 7.98542805569e-06, 7.36081801733e-06, 2.99292491945e-06, 1.48152480506e-06, 9.76467845248e-07, 7.79672973295e-07, 1.13215889996e-06, 4.76588809306e-07, 3.27041988157e-07, 3.4865090015e-07, 3.05616993046e-07, 1.03688591935e-07, 1.60508520253e-07, 1.14918229599e-07, 8.17769034711e-08, 1.16058224364e-07, 1.76158891918e-07, 1.35532346235e-07, 1.7402359731e-07, 1.86541868175e-07],
        "dvar": [1.40372083024e-06, 1.54965982802e-06, 6.01408885359e-07, 1.42893884458e-06, 1.91795180626e-07, 4.23607161792e-07, 1.45781058336e-07, 1.46479948171e-07, 5.38876072653e-08, 3.49949047518e-08, 4.83953677133e-08, 4.45127206206e-08, 2.70137920921e-08, 1.20365086786e-07, 2.1684361684e-07, 2.90267241354e-08, 1.25512098492e-08, 1.48247734089e-08, 4.65364413671e-09, 1.14203091428e-09, 5.295861083e-09, 2.52931425804e-10, 5.92908361297e-11, 1.54772722416e-11, 5.95643673273e-12, 3.67354584252e-12, 1.61520710001e-11, 2.45678759454e-12, 3.14071099856e-12, 1.55107990254e-12, 1.4241571247e-12, 1.30568217913e-13, 6.42181837221e-13, 1.91374842948e-13, 1.62149224711e-13, 3.44069580769e-13, 1.20631553791e-12, 6.76938648365e-13, 8.96096077115e-13, 1.13875001009e-12],
        "dvar2": [4.63237392978e-06, 4.91889386467e-06, 1.60040360697e-06, 3.24383995576e-06, 4.89895114697e-07, 1.08992765036e-06, 3.2382780546e-07, 3.71444969005e-07, 8.7854772346e-08, 5.09417041883e-08, 8.27621278177e-08, 7.26268609696e-08, 4.72591032974e-08, 2.34303726643e-07, 3.93607393789e-07, 5.52596191028e-08, 2.09405950358e-08, 2.81358687459e-08, 1.014948392e-08, 1.41459821634e-09, 7.39174099706e-09, 5.33741328912e-10, 1.10794727559e-10, 3.91432511404e-11, 1.53087126309e-11, 9.67165930676e-12, 4.3008339945e-11, 7.04671780996e-12, 1.00403539649e-11, 5.17677480744e-12, 4.79130754169e-12, 3.38097009157e-13, 1.66251376815e-12, 5.10552646167e-13, 3.87077007816e-13, 6.84084950145e-13, 2.84212041922e-12, 1.79156277487e-12, 2.32702832698e-12, 2.9090159101e-12],
        "max": [0.02424197644, 0.0214711781591, 0.0185854900628, 0.0515427328646, 0.00877012591809, 0.0182635001838, 0.0112928394228, 0.00955861154944, 0.00897706951946, 0.0119595387951, 0.00697777420282, 0.00595817156136, 0.00851095095277, 0.016557790339, 0.0144980298355, 0.00888278055936, 0.00620625913143, 0.00957632809877, 0.00394269451499, 0.00416880659759, 0.00765845552087, 0.000312753225444, 0.000243684422458, 0.000230752892094, 0.000116285023978, 0.000105228406028, 0.000193400584976, 7.81004855526e-05, 0.00010403059423, 5.17214684805e-05, 5.41412555322e-05, 1.31935785248e-05, 1.75455261342e-05, 1.62911455845e-05, 9.72914858721e-06, 2.1790203391e-05, 4.70321938337e-05, 1.79597027454e-05, 1.86950255738e-05, 2.2358048227e-05],
        "mean": [0.00197371584363, 0.00112871068995, 0.000735245179385, 0.000486432458274, 0.000427876599133, 0.000419866410084, 0.000478490255773, 0.000390996079659, 0.000194678927073, 0.000139585958095, 0.000150573250721, 0.000159828909091, 0.000106433348265, 0.000157032409334, 0.000228402976063, 6.08876616752e-05, 3.7782760046e-05, 3.33681091433e-05, 2.29819142987e-05, 9.95538357529e-06, 1.28671917992e-05, 8.27269013826e-06, 3.48291246155e-06, 1.7010946749e-06, 1.27630528368e-06, 9.43242071116e-07, 1.12284078568e-06, 5.06309504544e-07, 3.13460361667e-07, 3.10254449687e-07, 2.56333009929e-07, 1.12856895385e-07, 1.32156301902e-07, 1.12178412337e-07, 7.80897977393e-08, 1.19343681604e-07, 1.46866241835e-07, 9.30054540049e-08, 9.7504582186e-08, 1.15834644987e-07],
        "median": [1.25072747323e-05, 0.000218906992814, 0.000360360485502, 0.000265362730715, 0.000154163499246, 0.000115960210678, 0.000135745649459, 0.000107347543235, 4.40863441327e-05, 2.4753739126e-05, 2.14909341594e-05, 1.92439038074e-05, 1.78119153134e-05, 9.79937976808e-06, 9.62375906965e-06, 5.09914116265e-06, 5.18240540259e-06, 3.90608374801e-06, 1.92303173208e-06, 1.39539110933e-06, 7.31645286578e-07, 9.69038410403e-07, 7.0881475267e-07, 4.12729065147e-07, 2.99532899817e-07, 2.09026481457e-07, 1.76402451757e-07, 1.20769726664e-07, 6.53048104482e-08, 2.9555229375e-08, 1.99888035013e-08, 9.97931071112e-09, 5.56621992942e-09, 1.15074865192e-08, 1.29424053696e-08, 1.00800408021e-08, 7.22911419615e-09, 4.86281725998e-09, 1.92728011328e-09, 5.90690774072e-10],
        "min": [8.62415479315e-24, 1.00463992189e-23, 1.68752209766e-23, 5.6513632374e-24, 2.35492650693e-24, 6.72939530693e-24, 1.25529952789e-23, 9.80437196004e-24, 9.68621558479e-24, 1.86320347229e-23, 1.57688908887e-23, 5.20235623192e-24, 3.76484143118e-24, 5.97916334251e-24, 8.18105872244e-24, 6.76592903317e-24, 1.00685031015e-23, 6.97963618556e-24, 4.88571732533e-24, 5.48587875772e-24, 3.62330164098e-24, 1.00962339289e-23, 8.03993623966e-24, 4.10349665678e-24, 4.67870562987e-24, 7.33707221716e-24, 9.97735416819e-24, 1.21793300119e-23, 1.15939226451e-23, 1.38077874115e-23, 1.24686597373e-23, 1.53327849145e-23, 9.87811862176e-24, 1.13670233717e-23, 6.84411934837e-24, 8.10234539245e-24, 8.87484768908e-24, 1.02206262496e-23, 9.08914333171e-24, 9.85387850386e-24],
        "var": [1.08754184112e-05, 3.58495276487e-06, 1.19151991385e-06, 1.86559316262e-06, 5.81027961744e-07, 7.0890104098e-07, 8.15945554677e-07, 5.26162750702e-07, 2.65703363311e-07, 1.96465862246e-07, 1.91647416159e-07, 2.21696325298e-07, 1.34693280529e-07, 6.92428557159e-07, 1.00607780951e-06, 8.4635033204e-08, 4.51248318711e-08, 5.78719472344e-08, 1.67877409751e-08, 5.76373127004e-09, 2.18670646035e-08, 5.84465253972e-10, 1.24470073137e-10, 2.58353824445e-11, 1.9359833181e-11, 7.18381300627e-12, 2.57079739441e-11, 4.66886945771e-12, 3.56595417257e-12, 2.07108549061e-12, 1.63321233707e-12, 2.79939970944e-13, 6.64815533354e-13, 3.84959832024e-13, 2.20627335845e-13, 1.01188686336e-12, 2.09015096897e-12, 8.40933280042e-13, 8.40275874055e-13, 1.24040274579e-12]
    },
    "mfcc": {
        "mean": [-763.118408203, 190.098693848, -16.4762325287, 9.75577545166, 0.34485539794, -3.81117391586, -2.8277759552, -3.30548501015, -11.7930421829, -0.222154855728, -7.52221870422, -0.276619315147, -3.59008646011],
        "cov": [[9665.32421875, 2610.31884766, 47.3868789673, 467.869506836, -130.04095459, 677.034606934, 142.985229492, 289.618499756, 455.984741211, 5.89564800262, 502.645355225, 273.237518311, 290.175384521], [2610.31884766, 2573.86376953, 213.085632324, 196.219512939, 78.6915359497, 287.07925415, 166.780136108, 56.8556442261, 288.554046631, -14.6302776337, 320.946929932, 135.861526489, 111.984405518], [47.3868789673, 213.085632324, 512.313354492, 140.317398071, 146.555038452, 128.745910645, 81.8290023804, 78.9521408081, 133.482345581, 79.356048584, 108.301506042, 60.8647842407, 48.3643417358], [467.869506836, 196.219512939, 140.317398071, 274.174621582, 78.6555557251, 86.5556106567, 23.625623703, 56.6024894714, 88.6608047485, 93.6152877808, 45.1098327637, 36.3194198608, 30.8725948334], [-130.04095459, 78.6915359497, 146.555038452, 78.6555557251, 188.04309082, 36.591003418, 40.2016372681, 53.3906974792, 35.6863899231, 81.1039199829, 8.46426582336, 28.6733379364, 24.6673698425], [677.034606934, 287.07925415, 128.745910645, 86.5556106567, 36.591003418, 228.811904907, 76.9750137329, 49.7567100525, 106.997268677, -2.29521870613, 134.929656982, 76.8571624756, 63.9099693298], [142.985229492, 166.780136108, 81.8290023804, 23.625623703, 40.2016372681, 76.9750137329, 143.748458862, 40.338218689, 29.0480690002, -6.01548051834, 40.1120262146, 39.979839325, 15.4114542007], [289.618499756, 56.8556442261, 78.9521408081, 56.6024894714, 53.3906974792, 49.7567100525, 40.338218689, 167.822387695, 79.2919387817, 48.110710144, 14.8051252365, 18.9218902588, 45.5513763428], [455.984741211, 288.554046631, 133.482345581, 88.6608047485, 35.6863899231, 106.997268677, 29.0480690002, 79.2919387817, 247.069854736, 56.7761688232, 113.528800964, 34.1379203796, 39.4382095337], [5.89564800262, -14.6302776337, 79.356048584, 93.6152877808, 81.1039199829, -2.29521870613, -6.01548051834, 48.110710144, 56.7761688232, 184.690979004, 9.15948677063, 7.56678009033, 18.898399353], [502.645355225, 320.946929932, 108.301506042, 45.1098327637, 8.46426582336, 134.929656982, 40.1120262146, 14.8051252365, 113.528800964, 9.15948677063, 209.748321533, 69.6520080566, 53.3877449036], [273.237518311, 135.861526489, 60.8647842407, 36.3194198608, 28.6733379364, 76.8571624756, 39.979839325, 18.9218902588, 34.1379203796, 7.56678009033, 69.6520080566, 112.021110535, 42.7507133484], [290.175384521, 111.984405518, 48.3643417358, 30.8725948334, 24.6673698425, 63.9099693298, 15.4114542007, 45.5513763428, 39.4382095337, 18.898399353, 53.3877449036, 42.7507133484, 120.315597534]],
