{
"lowlevel": {
    "average_loudness": 0.844528675079,
    "barkbands_crest": {
        "dmean": 1.90794301033,
        "dmean2": 3.18503570557,
        "dvar": 3.15486001968,
        "dvar2": 8.44938373566,
        "max": 25.5325298309,
        "mean": 9.20719337463,
        "median": 8.5481338501,
        "min": 3.2562687397,
        "var": 9.97473526001
    },
    "barkbands_flatness_db": {
        "dmean": 0.0219357274473,
        "dmean2": 0.0321850329638,
        "dvar": 0.000596452329773,
        "dvar2": 0.00119628151879,
        "max": 0.442144572735,
        "mean": 0.197241768241,
        "median": 0.189585164189,
        "min": 0.0308203753084,
        "var": 0.00459545385092
    },
    "barkbands_kurtosis": {
        "dmean": 3.14054203033,
        "dmean2": 4.88073062897,
        "dvar": 58.1922531128,
        "dvar2": 144.036468506,
        "max": 408.187438965,
        "mean": 7.90590524673,
        "median": 5.77496528625,
        "min": -1.85525393486,
        "var": 144.560333252
    },
    "barkbands_skewness": {
        "dmean": 0.445281237364,
        "dmean2": 0.68352997303,
        "dvar": 0.263776808977,
        "dvar2": 0.594363629818,
        "max": 18.6239891052,
        "mean": 1.80585563183,
        "median": 1.7120923996,
        "min": -2.24131035805,
        "var": 1.13401401043
    },
    "barkbands_spread": {
        "dmean": 2.03833556175,
        "dmean2": 3.17601752281,
        "dvar": 14.9153747559,
        "dvar2": 34.6566886902,
        "max": 104.321640015,
        "mean": 8.72531414032,
        "median": 6.55557203293,
        "min": 0.502419948578,
        "var": 94.5671844482
    },
    "dissonance": {
        "dmean": 0.0267344601452,
        "dmean2": 0.0447026081383,
        "dvar": 0.000608657835983,
        "dvar2": 0.00165069603827,
        "max": 0.500000059605,
        "mean": 0.435405939817,
        "median": 0.444135993719,
        "min": 0.21730452776,
        "var": 0.00198232289404
    },
    "dynamic_complexity": 3.94991493225,
    "erbbands_crest": {
        "dmean": 1.80185580254,
        "dmean2": 2.8358502388,
        "dvar": 3.0989689827,
        "dvar2": 7.37537193298,
        "max": 27.7422428131,
        "mean": 9.52789783478,
        "median": 8.56739711761,
        "min": 1.93689131737,
        "var": 15.9317150116
    },
    "erbbands_flatness_db": {
        "dmean": 0.0209864657372,
        "dmean2": 0.0282085072249,
        "dvar": 0.000557505874895,
        "dvar2": 0.00110008160118,
        "max": 0.364829391241,
        "mean": 0.194555073977,
        "median": 0.197020441294,
        "min": 0.026099851355,
        "var": 0.00275545590557
    },
    "erbbands_kurtosis": {
        "dmean": 1.16274750233,
        "dmean2": 1.76830303669,
        "dvar": 1.9658292532,
        "dvar2": 4.44905090332,
        "max": 63.8980712891,
        "mean": 3.05557584763,
        "median": 1.95925569534,
        "min": -1.72162556648,
        "var": 30.4325351715
    },
    "erbbands_skewness": {
        "dmean": 0.267300248146,
        "dmean2": 0.411520123482,
        "dvar": 0.0680849701166,
        "dvar2": 0.160943582654,
        "max": 5.79881715775,
        "mean": 1.11915457249,
        "median": 1.11430490017,
        "min": -2.13751482964,
        "var": 0.648498117924
    },
    "erbbands_spread": {
        "dmean": 5.00362110138,
        "dmean2": 7.38019609451,
        "dvar": 51.8286895752,
        "dvar2": 110.359580994,
        "max": 151.00743103,
        "mean": 23.2073459625,
        "median": 19.3536243439,
        "min": 1.91302359104,
        "var": 239.637008667
    },
    "hfc": {
        "dmean": 2.82424163818,
        "dmean2": 3.95230412483,
        "dvar": 18.5553722382,
        "dvar2": 32.1821174622,
        "max": 85.0929718018,
        "mean": 11.6144723892,
        "median": 9.50381565094,
        "min": 1.07140092385e-16,
        "var": 86.0575180054
    },
    "melbands_crest": {
        "dmean": 2.50409388542,
        "dmean2": 4.19939231873,
        "dvar": 5.3866019249,
        "dvar2": 14.1080055237,
        "max": 37.3693771362,
        "mean": 12.3430919647,
        "median": 11.4465780258,
        "min": 1.56216025352,
        "var": 21.8007221222
    },
    "melbands_flatness_db": {
        "dmean": 0.0243175607175,
        "dmean2": 0.0363184772432,
        "dvar": 0.000793676823378,
        "dvar2": 0.00159620842896,
        "max": 0.591289579868,
        "mean": 0.29149761796,
        "median": 0.282678723335,
        "min": 0.00334430253133,
        "var": 0.00777152553201
    },
    "melbands_kurtosis": {
        "dmean": 5.82474088669,
        "dmean2": 8.94114685059,
        "dvar": 416.053466797,
        "dvar2": 907.012207031,
        "max": 989.823547363,
        "mean": 13.0893087387,
        "median": 7.59539413452,
        "min": -1.53737521172,
        "var": 1055.38305664
    },
    "melbands_skewness": {
        "dmean": 0.536268055439,
        "dmean2": 0.824270606041,
        "dvar": 0.497731775045,
        "dvar2": 0.997576475143,
        "max": 23.5062904358,
        "mean": 2.21166992188,
        "median": 1.9350887537,
        "min": -0.322098791599,
        "var": 2.38813066483
    },
    "melbands_spread": {
        "dmean": 2.36396026611,
        "dmean2": 3.75204706192,
        "dvar": 35.876701355,
        "dvar2": 92.6048126221,
        "max": 180.246948242,
        "mean": 10.3323001862,
        "median": 7.67022609711,
        "min": 0.379636913538,
        "var": 247.894317627
    },
    "pitch_salience": {
        "dmean": 0.0581256113946,
        "dmean2": 0.095909409225,
        "dvar": 0.0029201421421,
        "dvar2": 0.00744074489921,
        "max": 0.906599283218,
        "mean": 0.636461734772,
        "median": 0.652718365192,
        "min": 0.0542132295668,
        "var": 0.0103595713153
    },
    "silence_rate_20dB": {
        "dmean": 0,
        "dmean2": 0,
        "dvar": 0,
        "dvar2": 0,
        "max": 1,
        "mean": 1,
        "median": 1,
        "min": 1,
        "var": 0
    },
    "silence_rate_30dB": {
        "dmean": 0.0129944579676,
        "dmean2": 0.0259914007038,
        "dvar": 0.012825127691,
        "dvar2": 0.0302829667926,
        "max": 1,
        "mean": 0.982420921326,
        "median": 1,
        "min": 0,
        "var": 0.0172696728259
    },
    "silence_rate_60dB": {
        "dmean": 0.00649722898379,
        "dmean2": 0.0129957003519,
        "dvar": 0.00645577860996,
        "dvar2": 0.0135902417824,
        "max": 1,
        "mean": 0.0862711369991,
        "median": 0,
        "min": 0,
        "var": 0.0788316503167
    },
    "spectral_centroid": {
        "dmean": 88.4406051636,
        "dmean2": 139.674850464,
        "dvar": 38386.515625,
        "dvar2": 73544.9140625,
        "max": 11692.9580078,
        "mean": 655.048095703,
        "median": 469.492614746,
        "min": 136.910400391,
        "var": 1128707
    },
    "spectral_complexity": {
        "dmean": 1.95012426376,
        "dmean2": 3.15699958801,
        "dvar": 5.64145898819,
        "dvar2": 12.9630880356,
        "max": 38,
        "mean": 12.9002580643,
        "median": 13,
        "min": 0,
        "var": 31.3526649475
    },
    "spectral_decrease": {
        "dmean": 2.42026221287e-09,
        "dmean2": 3.66072971936e-09,
        "dvar": 1.12708048574e-17,
        "dvar2": 2.2979926104e-17,
        "max": 3.60145345979e-22,
        "mean": -8.50173087485e-09,
        "median": -7.22885440396e-09,
        "min": -7.98897445975e-08,
        "var": 4.5291443951e-17
    },
    "spectral_energy": {
        "dmean": 0.00936331320554,
        "dmean2": 0.0141337197274,
        "dvar": 0.00016854115529,
        "dvar2": 0.000341761158779,
        "max": 0.307892620564,
        "mean": 0.0331410057843,
        "median": 0.0281724166125,
        "min": 9.9333292484e-21,
        "var": 0.000682184414472
    },
    "spectral_energyband_high": {
        "dmean": 9.16166536626e-05,
        "dmean2": 0.000123632038594,
        "dvar": 4.14958414297e-08,
        "dvar2": 7.4702775521e-08,
        "max": 0.00218329927884,
        "mean": 0.000145417652675,
        "median": 4.30727741332e-05,
        "min": 7.12101452433e-21,
        "var": 7.73604895699e-08
    },
    "spectral_energyband_low": {
        "dmean": 0.00548776471987,
        "dmean2": 0.00884384568781,
        "dvar": 7.11538887117e-05,
        "dvar2": 0.000171957653947,
        "max": 0.14323271811,
        "mean": 0.0111335013062,
        "median": 0.00661985017359,
        "min": 1.54454389849e-23,
        "var": 0.000172750733327
    },
    "spectral_energyband_middle_high": {
        "dmean": 0.000522007176187,
        "dmean2": 0.000689859385602,
        "dvar": 8.46026011914e-07,
        "dvar2": 1.35928712552e-06,
        "max": 0.0256110262126,
        "mean": 0.00198380253278,
        "median": 0.00127976434305,
        "min": 1.16064446129e-21,
        "var": 5.36454263056e-06
    },
    "spectral_energyband_middle_low": {
        "dmean": 0.00595062831417,
        "dmean2": 0.00894623063505,
        "dvar": 6.34888783679e-05,
        "dvar2": 0.000130015032482,
        "max": 0.187665224075,
        "mean": 0.0222708135843,
        "median": 0.0190832018852,
        "min": 1.45717136857e-22,
        "var": 0.000302388740238
    },
    "spectral_entropy": {
        "dmean": 0.183835729957,
        "dmean2": 0.263945788145,
        "dvar": 0.0489868707955,
        "dvar2": 0.0972412601113,
        "max": 9.82643222809,
        "mean": 6.86820030212,
        "median": 6.88855028152,
        "min": 4.68326854706,
        "var": 0.458479404449
    },
    "spectral_flux": {
        "dmean": 0.0210299007595,
        "dmean2": 0.0321520417929,
        "dvar": 0.000638811150566,
        "dvar2": 0.00134118599817,
        "max": 0.339795947075,
        "mean": 0.0715255960822,
        "median": 0.0672363266349,
        "min": 6.1722786604e-11,
        "var": 0.00172449741513
    },
    "spectral_kurtosis": {
        "dmean": 5.28558635712,
        "dmean2": 8.40625190735,
        "dvar": 78.1557388306,
        "dvar2": 181.380615234,
        "max": 147.701705933,
        "mean": 13.7817335129,
        "median": 8.93460559845,
        "min": -1.25303947926,
        "var": 243.161941528
    },
    "spectral_rms": {
        "dmean": 0.00076300726505,
        "dmean2": 0.00112920894753,
        "dvar": 8.07843491657e-07,
        "dvar2": 1.55043198902e-06,
        "max": 0.0173315629363,
        "mean": 0.00518812332302,
        "median": 0.0052426410839,
        "min": 3.11304562857e-12,
        "var": 5.41599865755e-06
    },
    "spectral_rolloff": {
        "dmean": 126.949386597,
        "dmean2": 214.213592529,
        "dvar": 255014.984375,
        "dvar2": 586379.125,
        "max": 20025.8789062,
        "mean": 787.816894531,
        "median": 495.263671875,
        "min": 43.06640625,
        "var": 3553032
    },
    "spectral_skewness": {
        "dmean": 0.420577555895,
        "dmean2": 0.646728157997,
        "dvar": 0.3144723773,
        "dvar2": 0.717242062092,
        "max": 9.99579906464,
        "mean": 2.70723438263,
        "median": 2.39040660858,
        "min": -0.0790994688869,
        "var": 1.74292492867
    },
    "spectral_spread": {
        "dmean": 596723,
        "dmean2": 808094.8125,
        "dvar": 617374744576,
        "dvar2": 1.08761540198e+12,
        "max": 42541744,
        "mean": 3751922,
        "median": 3055895,
        "min": 689628,
        "var": 1.38893296927e+13
    },
    "spectral_strongpeak": {
        "dmean": 0.324453085661,
        "dmean2": 0.562195301056,
        "dvar": 0.171731904149,
        "dvar2": 0.424930393696,
        "max": 6.9281129837,
        "mean": 0.640318870544,
        "median": 0.43807053566,
        "min": 0,
        "var": 0.373224318027
    },
    "zerocrossingrate": {
        "dmean": 0.00490903202444,
        "dmean2": 0.00603429786861,
        "dvar": 7.54464199417e-05,
        "dvar2": 0.000110914181278,
        "max": 0.52099609375,
        "mean": 0.0331520885229,
        "median": 0.0244140625,
        "min": 0.001953125,
        "var": 0.0024663596414
    },
    "barkbands": {
        "dmean": [0.000181776966201, 0.00245212530717, 0.00310585252009, 0.00195882306434, 0.00347358407453, 0.00150506943464, 0.000932588241994, 0.000885680667125, 0.000382040074328, 0.000340725440765, 0.000157272865181, 0.000109167143819, 7.69205216784e-05, 6.64928666083e-05, 4.65498414997e-05, 2.44319835474e-05, 3.79038901883e-05, 3.09318893414e-05, 2.02312330657e-05, 2.05033920793e-05, 1.73639709828e-05, 1.71104184119e-05, 1.95304255612e-05, 1.89337060874e-05, 1.17216950457e-05, 5.59219415663e-06, 5.7659281083e-07],
        "dmean2": [0.000316892546834, 0.00383418402635, 0.00532361352816, 0.00316454493441, 0.00554670160636, 0.00246161990799, 0.00128402386326, 0.0013075111201, 0.000536254665349, 0.000490442558657, 0.000216701053432, 0.000164681478054, 0.000118381416542, 9.3433955044e-05, 6.50195943308e-05, 3.62888495147e-05, 6.34864263702e-05, 5.17523913004e-05, 3.31294177158e-05, 3.26297194988e-05, 2.51334240602e-05, 2.52275967796e-05, 2.69209976977e-05, 2.65670169028e-05, 1.61820880749e-05, 8.65503352543e-06, 8.78129924331e-07],
        "dvar": [1.10085949245e-07, 2.36751657212e-05, 2.32738329942e-05, 8.56767564983e-06, 2.3421496735e-05, 4.36144591731e-06, 1.94181484403e-06, 2.69134943665e-06, 3.68775829429e-07, 5.73719376007e-07, 6.69253452656e-08, 3.82188787285e-08, 2.55734047272e-08, 2.03639540786e-08, 1.20682273064e-08, 1.88334969842e-09, 7.10196568221e-09, 5.20696818995e-09, 1.94585036972e-09, 2.00360239511e-09, 1.72357261796e-09, 1.88583126892e-09, 1.87484627823e-09, 1.60370383639e-09, 7.29174887137e-10, 1.83421750011e-10, 1.89447784717e-12],
        "dvar2": [3.0015777952e-07, 5.62151872145e-05, 6.30365029792e-05, 2.03218114621e-05, 5.72665921936e-05, 1.13718133434e-05, 3.54759936272e-06, 4.92914477945e-06, 6.51614755043e-07, 1.10018027044e-06, 1.20766543432e-07, 7.63848646557e-08, 5.72829677026e-08, 3.42723325275e-08, 2.04832275585e-08, 3.75021302901e-09, 1.87277855446e-08, 1.40764280232e-08, 5.04989738914e-09, 4.78726525088e-09, 3.1216342844e-09, 3.66219432557e-09, 3.48728157462e-09, 3.0916391669e-09, 1.59746516015e-09, 4.52893167413e-10, 4.50947916161e-12],
        "max": [0.00393892964348, 0.0931900888681, 0.0880633890629, 0.0552503690124, 0.101233206689, 0.0504154190421, 0.035983286798, 0.0885279551148, 0.0242379494011, 0.0277577321976, 0.0090496558696, 0.00799959991127, 0.00535662937909, 0.00378966331482, 0.00361361866817, 0.00155470997561, 0.00176404474769, 0.000830128672533, 0.00103199214209, 0.000521851354279, 0.0010541707743, 0.000402797741117, 0.000347188557498, 0.000320001534419, 0.000212258091778, 0.000111682769784, 1.21458333524e-05],
        "mean": [0.000192493171198, 0.00399120524526, 0.00479970686138, 0.00383124547079, 0.00816476810724, 0.00357778836042, 0.00296008889563, 0.00233919196762, 0.000939009594731, 0.000885452027433, 0.000375075265765, 0.000276027451036, 0.000175042761839, 0.000152170454385, 0.000113060224976, 5.63269713894e-05, 6.37733537587e-05, 4.70331397082e-05, 3.68378641724e-05, 3.53958639607e-05, 3.08599701384e-05, 2.66851729975e-05, 2.7423233405e-05, 2.38337179326e-05, 1.40073516377e-05, 5.81114500164e-06, 6.17031219008e-07],
        "median": [6.35165342828e-05, 0.00161566981114, 0.00247391546145, 0.00227129459381, 0.00587326288223, 0.00250685214996, 0.00192511430942, 0.00123430928215, 0.000559837557375, 0.00038242910523, 0.000216994129005, 0.000142284523463, 8.0703124695e-05, 6.61928788759e-05, 5.44926806469e-05, 3.53342511517e-05, 3.53014511347e-05, 2.71799726761e-05, 2.19106550503e-05, 1.94340609596e-05, 1.33084513436e-05, 7.65040385886e-06, 4.7191451813e-06, 2.78983884527e-06, 1.58353498136e-06, 6.83752318764e-07, 6.80245832996e-08],
        "min": [1.51915616054e-25, 4.2628461652e-24, 1.18580358399e-24, 6.31640039342e-25, 5.66989910209e-24, 4.3897770403e-24, 6.21463950601e-24, 6.26723641244e-24, 1.78159297175e-23, 2.33952163117e-23, 1.39878338691e-23, 1.78459127428e-23, 2.06449931829e-23, 2.92282873477e-23, 4.81771207216e-23, 4.69539950435e-23, 5.18810183091e-23, 6.54533607171e-23, 1.25676245466e-22, 1.64406463392e-22, 2.80330923944e-22, 2.92396532557e-22, 4.45144591024e-22, 6.03004165235e-22, 9.16353550253e-22, 1.35833426631e-21, 1.98665781213e-21],
        "var": [1.14941570928e-07, 3.61754719052e-05, 4.79889640701e-05, 2.49663789873e-05, 7.2378286859e-05, 1.47141972775e-05, 1.03999027488e-05, 1.32319964905e-05, 1.76731907686e-06, 2.81637517219e-06, 2.67722583658e-07, 1.66404319657e-07, 7.24511934891e-08, 6.98835336266e-08, 3.84523097807e-08, 6.2722551597e-09, 9.97332438857e-09, 5.25022647579e-09, 3.00578939516e-09, 2.96624147467e-09, 3.44773964933e-09, 3.06036351816e-09, 3.33938787733e-09, 2.6715856194e-09, 9.80940106921e-10, 1.9433005205e-10, 2.1545948619e-12]
    },
    "erbbands": {
        "dmean": [0.073577709496, 0.626363396645, 3.02065849304, 5.21565341949, 9.66419887543, 12.7149276733, 12.6468248367, 11.6833162308, 13.0738210678, 19.2201366425, 16.785736084, 8.37405395508, 12.1927804947, 6.92681884766, 5.9162812233, 4.8898601532, 3.81789159775, 3.8063211441, 2.53288221359, 1.47606813908, 1.48669457436, 1.90383672714, 1.82849502563, 1.20658826828, 0.998546898365, 1.00706231594, 0.680942952633, 0.726188361645, 0.528662919998, 0.679024457932, 0.598765134811, 0.545234262943, 0.200089693069, 0.171549364924, 0.062516912818, 0.0350861661136, 0.00692294584587, 0.000892989803106, 0.000117974414025, 1.45289468492e-05],
        "dmean2": [0.111290171742, 1.01970803738, 5.20300388336, 8.54262542725, 15.4459867477, 20.5669574738, 19.9531497955, 19.6154270172, 19.5105209351, 28.4715843201, 23.4169712067, 11.4593515396, 17.5182552338, 9.55246829987, 8.19060230255, 7.38082456589, 5.82234811783, 5.28157711029, 3.47384929657, 2.14136242867, 2.27663779259, 3.19586086273, 3.06606435776, 1.99265599251, 1.65203678608, 1.62999248505, 1.0003849268, 1.05164766312, 0.746629834175, 0.997365117073, 0.812577903271, 0.767222940922, 0.275837361813, 0.234679728746, 0.0885976180434, 0.0543652661145, 0.0106424903497, 0.00134099100251, 0.0001799040474, 2.17195702135e-05],
        "dvar": [0.0216594319791, 1.60822117329, 23.7804489136, 54.1738777161, 244.097076416, 330.201446533, 311.9581604, 303.623535156, 380.16708374, 1060.38244629, 1420.03735352, 190.021331787, 696.501403809, 282.866027832, 84.093132019, 74.6988372803, 64.5969848633, 67.3935241699, 36.683391571, 7.82096481323, 7.5232424736, 18.9368515015, 19.8161315918, 7.23605298996, 4.65246343613, 5.8619389534, 2.33182811737, 2.99996423721, 1.61612045765, 3.26979589462, 1.59110546112, 1.35754036903, 0.20124976337, 0.159394666553, 0.0193158145994, 0.00722432509065, 0.000303784909192, 4.93715469929e-06, 7.52278239702e-08, 5.16389986327e-10],
        "dvar2": [0.0480717979372, 4.15028858185, 65.4353485107, 133.12109375, 559.691711426, 849.133300781, 789.706237793, 803.392150879, 775.507385254, 2362.90673828, 2260.88037109, 318.684295654, 1346.39831543, 534.353881836, 155.870132446, 158.684173584, 144.784133911, 110.383338928, 61.6628227234, 14.4339523315, 16.408164978, 51.1314620972, 53.8275794983, 19.0618019104, 12.1748323441, 14.953042984, 4.37712955475, 5.11090517044, 2.51960229874, 7.87168693542, 2.72701931, 2.78857922554, 0.363005429506, 0.33540019393, 0.0423080548644, 0.0179809741676, 0.000747608602978, 1.20756812976e-05, 1.79101363074e-07, 1.08577413727e-09],
        "max": [2.62876319885, 25.5649662018, 89.1772613525, 122.607467651, 435.378082275, 384.993621826, 376.654876709, 427.271911621, 701.702392578, 907.283508301, 2443.90258789, 420.926635742, 1057.04541016, 549.404418945, 289.105621338, 227.434204102, 278.579650879, 247.356964111, 193.990936279, 63.0715675354, 102.981987, 76.0266342163, 54.325630188, 60.1705551147, 32.6643562317, 29.0662193298, 38.3086967468, 34.888130188, 13.1956300735, 16.9075489044, 12.104467392, 11.123459816, 3.84652137756, 3.22125387192, 1.10551738739, 0.713369190693, 0.145729407668, 0.0193779300898, 0.00256818369962, 0.000365544314263],
        "mean": [0.101744197309, 0.979740381241, 4.79528903961, 10.5950450897, 19.9467792511, 27.8849067688, 28.5903263092, 26.9916381836, 38.3687438965, 49.6212615967, 50.5801048279, 22.6235542297, 32.2582893372, 19.2433853149, 15.5415096283, 12.6222171783, 9.48702430725, 9.15671539307, 6.50422668457, 3.5938615799, 3.46957278252, 3.35128569603, 2.80490779877, 2.09828019142, 1.87105083466, 1.6119440794, 1.25993525982, 1.19765341282, 0.896215736866, 0.864628851414, 0.830165147781, 0.681571900845, 0.264996349812, 0.212169185281, 0.0725827887654, 0.0374582074583, 0.00692295376211, 0.000900231127162, 0.000136980466777, 4.3180614739e-05],
        "median": [0.0388444624841, 0.406078606844, 2.39593744278, 6.55325984955, 11.8120508194, 19.0037937164, 19.6547698975, 17.3565101624, 24.9407634735, 27.1430664062, 25.7476768494, 14.6489505768, 16.1576423645, 9.25699329376, 10.0165863037, 6.83000516891, 4.64018011093, 3.89862775803, 2.99435687065, 2.22776961327, 2.17319822311, 2.00099992752, 1.59812521935, 1.26363122463, 1.07158660889, 0.864128649235, 0.621315300465, 0.445366919041, 0.276212364435, 0.181428700686, 0.128338351846, 0.0848584324121, 0.0309207253158, 0.0243771970272, 0.00761189311743, 0.00465864082798, 0.000700350210536, 0.000101754812931, 2.93090561172e-05, 3.39049038303e-05],
        "min": [1.24284442394e-22, 5.87327870839e-22, 2.39222390101e-21, 5.65562771848e-21, 5.17033563572e-21, 1.51188647318e-20, 3.37986030601e-20, 3.50455939894e-20, 5.37661678981e-20, 1.48892109594e-19, 2.45383619852e-19, 3.63528017286e-19, 6.38357457487e-19, 7.54818180483e-19, 1.06269661393e-18, 8.28902854287e-19, 1.31755023688e-18, 2.04178222514e-18, 2.04420462356e-18, 4.091614572e-18, 3.98729882495e-18, 3.68844343272e-18, 3.60260814132e-18, 5.20192835488e-18, 6.99639619137e-18, 7.84139013841e-18, 8.39384090848e-18, 9.51861132693e-18, 9.89472538837e-18, 1.06214457427e-17, 1.15821382692e-17, 1.17846560714e-17, 9.77684884236e-18, 8.15058859702e-18, 6.86031836316e-18, 3.75007004271e-18, 2.38936455251e-18, 1.09303852938e-18, 2.22734845994e-19, 2.7722444473e-20],
        "var": [0.0308014992625, 2.20006632805, 45.4775085449, 163.000839233, 697.203430176, 932.526245117, 939.777893066, 1005.81793213, 1856.53442383, 3956.09716797, 7769.18164062, 855.698303223, 3007.54736328, 1614.57263184, 354.927001953, 309.142913818, 191.705856323, 249.887313843, 124.826194763, 25.032283783, 22.557844162, 24.7924022675, 19.6515522003, 9.65271091461, 7.43667650223, 6.95868635178, 4.54536819458, 5.96952056885, 3.18916034698, 3.92426943779, 3.0382733345, 2.18287444115, 0.346592009068, 0.22362203896, 0.0262780077755, 0.00763960368931, 0.000309201743221, 4.97562223245e-06, 8.44504768338e-08, 1.44399714408e-09]
    },
    "gfcc": {
        "mean": [-65.5757522583, 146.361404419, -89.332572937, 17.1340084076, -62.2693099976, 3.59392571449, -34.7464637756, 0.21184541285, -20.0498123169, -5.1499786377, -12.1002521515, -6.21093130112, -10.0482330322],
        "cov": [[23546.2402344, 1455.86584473, -2870.32202148, 2.38539671898, -1511.33935547, 98.6811065674, -652.096984863, 10.4638462067, -335.400878906, 74.2920303345, -117.52015686, 9.56614398956, -243.014923096], [1455.86584473, 1941.23815918, -237.799850464, -382.663665771, 96.3534927368, -222.057159424, 81.1325454712, -165.917556763, 134.319702148, -175.672454834, 55.4654159546, -121.381614685, 75.1216278076], [-2870.32202148, -237.799850464, 1089.70422363, 30.1363964081, 238.881851196, 146.949981689, 24.6128959656, 110.056922913, 26.3996696472, -1.66202914715, -28.1434822083, 13.8975105286, -5.02884292603], [2.38539671898, -382.663665771, 30.1363964081, 398.184936523, 33.4175987244, 15.0984334946, 58.0006790161, 39.8463134766, -5.12942504883, 40.1761817932, -8.03138542175, -3.5940015316, 2.91251587868], [-1511.33935547, 96.3534927368, 238.881851196, 33.4175987244, 232.219909668, 8.36919879913, 78.9457626343, 2.89150762558, 50.4506568909, -9.0517873764, 14.9614200592, -19.2380046844, 22.5864982605], [98.6811065674, -222.057159424, 146.949981689, 15.0984334946, 8.36919879913, 149.630172729, -14.9453811646, 50.771396637, -19.754617691, 26.8610019684, -6.55839347839, 14.6978445053, -17.6316223145], [-652.096984863, 81.1325454712, 24.6128959656, 58.0006790161, 78.9457626343, -14.9453811646, 126.389846802, 3.87745952606, 35.3626060486, -14.0327425003, 4.73972654343, -13.9907617569, 24.7789611816], [10.4638462067, -165.917556763, 110.056922913, 39.8463134766, 2.89150762558, 50.771396637, 3.87745952606, 92.6025543213, 9.11697006226, 23.2523593903, -7.41489028931, 12.95773983, -9.64398479462], [-335.400878906, 134.319702148, 26.3996696472, -5.12942504883, 50.4506568909, -19.754617691, 35.3626060486, 9.11697006226, 69.6778869629, 8.84264087677, 19.4981975555, -17.0245361328, 11.9046545029], [74.2920303345, -175.672454834, -1.66202914715, 40.1761817932, -9.0517873764, 26.8610019684, -14.0327425003, 23.2523593903, 8.84264087677, 71.9772567749, 14.6686353683, 13.0074977875, -15.5070552826], [-117.52015686, 55.4654159546, -28.1434822083, -8.03138542175, 14.9614200592, -6.55839347839, 4.73972654343, -7.41489028931, 19.4981975555, 14.6686353683, 56.3177986145, 12.564863205, 9.04652309418], [9.56614398956, -121.381614685, 13.8975105286, -3.5940015316, -19.2380046844, 14.6978445053, -13.9907617569, 12.95773983, -17.0245361328, 13.0074977875, 12.564863205, 59.7647972107, 6.65647029877], [-243.014923096, 75.1216278076, -5.02884292603, 2.91251587868, 22.5864982605, -17.6316223145, 24.7789611816, -9.64398479462, 11.9046545029, -15.5070552826, 9.04652309418, 6.65647029877, 49.8457336426]],
        "icov": [[0.000352827482857, -0.00104257557541, 0.000762204523198, -0.00104383414146, 0.00125521013979, -0.00140106293838, 0.00118952663615, -0.0011952216737, 0.000972050009295, -0.00100846646819, 0.00124364090152, -0.000993433175609, 0.000903420033865], [-0.00104257557541, 0.00444684596732, -0.00213254708797, 0.00404139980674, -0.00374425528571, 0.00471734395251, -0.00366542837583, 0.0043278937228, -0.00479095196351, 0.00535477697849, -0.00488615734503, 0.00462135765702, -0.00313147506677], [0.000762204523198, -0.00213254708797, 0.00331022031605, -0.00215275841765, 0.000720652751625, -0.00398668833077, 0.00339213106781, -0.00383552303538, 0.00156366161536, -0.0011838861974, 0.00363467284478, -0.00282036396675, 0.00219980860129], [-0.00104383414146, 0.00404139980674, -0.00215275841765, 0.00702656479552, -0.00407770741731, 0.00514393718913, -0.00552596710622, 0.00266470271163, -0.00175731419586, 0.00189867650624, -0.00417685648426, 0.00523779029027, -0.00380870234221], [0.00125521013979, -0.00374425528571, 0.000720652751625, -0.00407770741731, 0.0131308929995, -0.00548691069707, 0.000562120578252, -0.00184462498873, 0.000462881143903, -0.00347961857915, 0.00251053948887, -0.00199014600366, 0.00216335593723], [-0.00140106293838, 0.00471734395251, -0.00398668833077, 0.00514393718913, -0.00548691069707, 0.0162106920034, -0.00504540745169, 0.000584038556553, 0.000486371689476, 0.00169670628384, -0.00632231775671, 0.00540955364704, -0.00296461465769], [0.00118952663615, -0.00366542837583, 0.00339213106781, -0.00552596710622, 0.000562120578252, -0.00504540745169, 0.0171498991549, -0.00518813729286, -0.00112068036105, -0.000334555312293, 0.00539765926078, -0.00358502403833, 8.26443501865e-05], [-0.0011952216737, 0.0043278937228, -0.00383552303538, 0.00266470271163, -0.00184462498873, 0.000584038556553, -0.00518813729286, 0.0222380813211, -0.0111558856443, 0.00294309481978, -0.00103991280776, -0.00020935718203, -0.00117153325118], [0.000972050009295, -0.00479095196351, 0.00156366161536, -0.00175731419586, 0.000462881143903, 0.000486371689476, -0.00112068036105, -0.0111558856443, 0.0334461443126, -0.0131323263049, -0.00319723086432, 0.00506527069956, -0.00158870860469], [-0.00100846646819, 0.00535477697849, -0.0011838861974, 0.00189867650624, -0.00347961857915, 0.00169670628384, -0.000334555312293, 0.00294309481978, -0.0131323263049, 0.0290991663933, -0.00994600635022, 0.000790310499724, 0.00358425825834], [0.00124364090152, -0.00488615734503, 0.00363467284478, -0.00417685648426, 0.00251053948887, -0.00632231775671, 0.00539765926078, -0.00103991280776, -0.00319723086432, -0.00994600635022, 0.0306753627956, -0.0127386283129, 0.0015826029703], [-0.000993433175609, 0.00462135765702, -0.00282036396675, 0.00523779029027, -0.00199014600366, 0.00540955364704, -0.00358502403833, -0.00020935718203, 0.00506527069956, 0.000790310499724, -0.0127386283129, 0.0295956525952, -0.0104459244758], [0.000903420033865, -0.00313147506677, 0.00219980860129, -0.00380870234221, 0.00216335593723, -0.00296461465769, 8.26443501865e-05, -0.00117153325118, -0.00158870860469, 0.00358425825834, 0.0015826029703, -0.0104459244758, 0.0299358014017]]
    },
    "melbands": {
        "dmean": [0.000634791795164, 0.00128596043214, 0.00095804547891, 0.00077932397835, 0.000474170665257, 0.000270507269306, 0.000198776440811, 0.000199729838641, 0.00013032690913, 5.06723881699e-05, 6.10013776168e-05, 2.90614952974e-05, 2.33765586017e-05, 1.26522718347e-05, 9.5148325272e-06, 7.89069508755e-06, 7.27190627003e-06, 4.12198050981e-06, 2.75602246802e-06, 1.81861810233e-06, 1.92592096937e-06, 2.09462518796e-06, 2.12698932955e-06, 1.61528134868e-06, 9.79369474408e-07, 6.2982462623e-07, 8.69294694894e-07, 6.91220407134e-07, 4.07050663398e-07, 5.15585270477e-07, 4.24085698114e-07, 2.9137470392e-07, 3.78142203772e-07, 3.6253928215e-07, 3.24416504327e-07, 4.44732194183e-07, 2.83881604446e-07, 1.5352321725e-07, 9.67951834241e-08, 1.74317193569e-07],
        "dmean2": [0.000961435551289, 0.00218165433034, 0.00153879250865, 0.00124970450997, 0.000752218358684, 0.000450155639555, 0.000293326884275, 0.000299646519125, 0.000182004529051, 6.97588548064e-05, 8.75914265634e-05, 4.05231949117e-05, 3.20318758895e-05, 1.89825423149e-05, 1.43987917909e-05, 1.17202553156e-05, 1.01945970528e-05, 5.69318081034e-06, 3.93325353798e-06, 2.67251516561e-06, 3.03322508444e-06, 3.51002722709e-06, 3.54772078026e-06, 2.73725572697e-06, 1.61819957611e-06, 1.0099257679e-06, 1.49279162542e-06, 1.11832639504e-06, 6.03140222211e-07, 7.72165719809e-07, 6.38143092146e-07, 4.12987816389e-07, 5.67112351746e-07, 5.39118730103e-07, 4.40477265329e-07, 6.4252071752e-07, 3.9668628915e-07, 2.16948663478e-07, 1.29869519583e-07, 2.43235746211e-07],
        "dvar": [1.5370054598e-06, 4.60199180452e-06, 1.92398465515e-06, 1.23692007037e-06, 4.4423401846e-07, 1.54667560537e-07, 8.51168522331e-08, 1.17270687383e-07, 8.4961776281e-08, 6.86756740365e-09, 1.73896257394e-08, 5.40403277682e-09, 1.46747725083e-09, 5.45943235064e-10, 2.95165641928e-10, 2.44468278954e-10, 2.53276288831e-10, 8.55150117385e-11, 4.20724219352e-11, 1.13512671485e-11, 1.29085882608e-11, 2.07846882067e-11, 2.24866531645e-11, 1.4701743295e-11, 4.37846417109e-12, 1.45821614332e-12, 3.52880571985e-12, 2.7932827492e-12, 7.18735943157e-13, 1.61556597093e-12, 1.00329651271e-12, 4.52041941205e-13, 9.43079490369e-13, 9.44280786376e-13, 4.88851906004e-13, 9.27227695666e-13, 3.70261872377e-13, 1.19636803719e-13, 5.01633104629e-14, 1.65323714462e-13],
        "dvar2": [3.37419101015e-06, 1.24448870338e-05, 4.41934116679e-06, 3.052268994e-06, 1.13965711535e-06, 4.1048605226e-07, 1.68876027828e-07, 2.66974609531e-07, 1.3626880957e-07, 1.19919878472e-08, 3.3494199414e-08, 1.03939674645e-08, 2.633163243e-09, 1.06775577269e-09, 6.21419415925e-10, 4.86890472384e-10, 4.27926860613e-10, 1.45793252471e-10, 7.24059423529e-11, 2.15382277985e-11, 2.98290454837e-11, 5.5727450432e-11, 5.9892181492e-11, 3.99762861703e-11, 1.14432699427e-11, 3.47844994995e-12, 9.65929853464e-12, 7.06386945465e-12, 1.30715674829e-12, 3.505623309e-12, 1.76291641875e-12, 6.91527672798e-13, 2.02233455676e-12, 2.28203632206e-12, 8.39457030364e-13, 1.89927826071e-12, 7.5350690314e-13, 2.16120158336e-13, 9.9763344016e-14, 3.55183655924e-13],
        "max": [0.0208288189024, 0.0384124703705, 0.0309114046395, 0.0244778580964, 0.0104720937088, 0.00952953193337, 0.010210798122, 0.00855073425919, 0.0188647396863, 0.00304888701066, 0.00528140598908, 0.00241086492315, 0.00135249830782, 0.00114371872041, 0.000508073135279, 0.000405434664572, 0.000412448134739, 0.000261658307863, 0.000200227208552, 0.000124836180476, 0.000122001110867, 9.38125231187e-05, 7.13287445251e-05, 5.13198392582e-05, 5.12109400006e-05, 2.44236143772e-05, 1.98125708266e-05, 1.93027335627e-05, 1.94346466742e-05, 3.08442868118e-05, 1.57015729201e-05, 7.10931271897e-06, 9.58798500506e-06, 8.97605787031e-06, 7.93000253907e-06, 7.30381771064e-06, 6.18318108536e-06, 3.02621515402e-06, 1.75574143668e-06, 3.37000483341e-06],
        "mean": [0.000993810361251, 0.00212145736441, 0.00207417574711, 0.00174722215161, 0.00108949933201, 0.000636671611574, 0.000598110433202, 0.000508549332153, 0.000380426936317, 0.000129935273435, 0.000159594143042, 7.64572905609e-05, 5.66643866478e-05, 3.18781821989e-05, 2.48926753557e-05, 1.96447472263e-05, 1.62099768204e-05, 1.04006439869e-05, 6.26272640147e-06, 4.0915460886e-06, 4.00686849389e-06, 3.55244219463e-06, 3.08232802126e-06, 2.27910436479e-06, 1.63248307672e-06, 1.25160215703e-06, 1.39867415783e-06, 9.8881764643e-07, 7.32583771423e-07, 7.86858208812e-07, 6.67121128117e-07, 4.86454837301e-07, 5.25483642377e-07, 4.39840505351e-07, 4.51247728961e-07, 5.5585002201e-07, 3.45497767285e-07, 1.96481707349e-07, 1.28747842609e-07, 2.07434240451e-07],
        "median": [0.000411057349993, 0.00108896009624, 0.00134294002783, 0.00122344109695, 0.000780891859904, 0.000418188865297, 0.000399690819904, 0.000282344815787, 0.000191495375475, 7.98155451776e-05, 7.88017132436e-05, 3.36739212798e-05, 3.40727528965e-05, 1.67989946931e-05, 1.27779076138e-05, 8.98176494957e-06, 6.65965990265e-06, 4.67628797196e-06, 3.24382699546e-06, 2.55242321145e-06, 2.37874041886e-06, 2.0017046154e-06, 1.62813876159e-06, 1.20135530324e-06, 9.63382262853e-07, 7.38535504752e-07, 7.22984339063e-07, 5.06203662098e-07, 3.8541872982e-07, 3.2156810903e-07, 2.1880369161e-07, 1.54805505304e-07, 1.24189995176e-07, 8.43827407948e-08, 6.59870522668e-08, 7.16690919944e-08, 4.00253519217e-08, 2.18676170505e-08, 1.6264808167e-08, 2.2152327972e-08],
        "min": [1.97054988934e-24, 1.18843906967e-24, 9.22775861731e-25, 7.85939161643e-25, 1.04877026032e-24, 7.73541127834e-25, 1.01243542564e-24, 1.46168678078e-24, 2.15466055829e-24, 2.3189136261e-24, 2.79906269075e-24, 2.25438302911e-24, 2.81702505356e-24, 1.8339949112e-24, 2.32569053292e-24, 2.33277489828e-24, 2.8849706294e-24, 2.46794996148e-24, 3.73589536355e-24, 3.6037284242e-24, 3.94743393732e-24, 3.03536281946e-24, 3.64139495471e-24, 3.00447773173e-24, 3.13839298406e-24, 4.01440822817e-24, 4.93581314826e-24, 4.67320214177e-24, 4.21287734888e-24, 4.33384443553e-24, 4.77347425143e-24, 5.24298059639e-24, 4.93965766188e-24, 3.89219040255e-24, 6.08109482109e-24, 5.58674606293e-24, 6.45138731329e-24, 5.99777059912e-24, 5.55355710693e-24, 6.63989114862e-24],
        "var": [2.41422549152e-06, 8.44366422825e-06, 6.10417237112e-06, 3.71583996639e-06, 1.25204212509e-06, 5.27183090071e-07, 4.30832244547e-07, 4.16155927496e-07, 4.61339766389e-07, 3.1173865267e-08, 7.4904470182e-08, 3.02985867506e-08, 5.7623332772e-09, 2.33613550726e-09, 1.18436194185e-09, 8.77360795126e-10, 8.62461713158e-10, 3.04891167868e-10, 1.23380514139e-10, 3.52937609693e-11, 3.24107372884e-11, 2.98937471999e-11, 2.54892391915e-11, 1.41658542535e-11, 6.09946728541e-12, 3.02974594198e-12, 4.82900785331e-12, 3.06940952689e-12, 1.36781200515e-12, 2.60796180658e-12, 1.89948057283e-12, 9.15697205561e-13, 1.33042155851e-12, 1.09073806844e-12, 9.63721507111e-13, 1.37933761635e-12, 6.00918511999e-13, 1.99247777023e-13, 8.12384217514e-14, 2.21461019553e-13]
    },
    "mfcc": {
        "mean": [-706.296325684, 174.278076172, 22.6580543518, 19.2253646851, -2.2321293354, 0.917469620705, -4.89506864548, 0.692120194435, -5.35611963272, -0.283196628094, -2.85272502899, 0.203089922667, -3.8695025444],
        "cov": [[12518.3447266, 1276.67504883, -913.141235352, -286.535339355, -647.840698242, -235.022735596, -306.949279785, -161.838058472, -189.169219971, -60.2981872559, -47.2996673584, 23.1331729889, 14.5443401337], [1276.67504883, 2233.73388672, -159.307754517, -200.986663818, -84.4118118286, -104.456481934, -133.835113525, -35.5584259033, -27.4469718933, -56.0773086548, -27.6181621552, -28.1405296326, -23.8744907379], [-913.141235352, -159.307754517, 624.303588867, 14.9278020859, 191.257888794, 36.5125732422, 67.5664596558, 62.3214797974, 37.7469978333, 39.7090530396, 9.05909633636, 7.98262357712, -14.8312349319], [-286.535339355, -200.986663818, 14.9278020859, 331.755554199, 30.0455112457, 47.9675788879, 40.0582046509, 21.9343204498, 41.9238014221, 22.2739505768, 15.2945652008, 2.85885691643, 7.71950626373], [-647.840698242, -84.4118118286, 191.257888794, 30.0455112457, 179.934005737, 44.8465042114, 48.4716873169, 25.6645145416, 23.7197265625, 28.0944309235, 12.6292581558, 16.7582912445, 2.00361585617], [-235.022735596, -104.456481934, 36.5125732422, 47.9675788879, 44.8465042114, 95.0413284302, 47.3162117004, 10.4372873306, 14.7460203171, 14.0376691818, 10.4016752243, 0.761524856091, 2.55363082886], [-306.949279785, -133.835113525, 67.5664596558, 40.0582046509, 48.4716873169, 47.3162117004, 81.6683197021, 38.5307884216, 21.9294643402, 17.0668811798, 6.90153074265, 5.44080591202, 1.43279254436], [-161.838058472, -35.5584259033, 62.3214797974, 21.9343204498, 25.6645145416, 10.4372873306, 38.5307884216, 67.5389099121, 30.8286743164, 6.6568312645, 0.0337291844189, -0.366156339645, -0.777373969555], [-189.169219971, -27.4469718933, 37.7469978333, 41.9238014221, 23.7197265625, 14.7460203171, 21.9294643402, 30.8286743164, 65.0660552979, 29.3114585876, 7.55490493774, -4.49640226364, -3.8074157238], [-60.2981872559, -56.0773086548, 39.7090530396, 22.2739505768, 28.0944309235, 14.0376691818, 17.0668811798, 6.6568312645, 29.3114585876, 61.2832565308, 20.750043869, 9.41847896576, -1.34053885937], [-47.2996673584, -27.6181621552, 9.05909633636, 15.2945652008, 12.6292581558, 10.4016752243, 6.90153074265, 0.0337291844189, 7.55490493774, 20.750043869, 47.8153533936, 21.4926109314, 5.08010578156], [23.1331729889, -28.1405296326, 7.98262357712, 2.85885691643, 16.7582912445, 0.761524856091, 5.44080591202, -0.366156339645, -4.49640226364, 9.41847896576, 21.4926109314, 49.1906661987, 22.8174991608], [14.5443401337, -23.8744907379, -14.8312349319, 7.71950626373, 2.00361585617, 2.55363082886, 1.43279254436, -0.777373969555, -3.8074157238, -1.34053885937, 5.08010578156, 22.8174991608, 42.3269920349]],
