{
"lowlevel": {
    "average_loudness": 0.848562657833,
    "barkbands_crest": {
        "dmean": 2.25480294228,
        "dmean2": 3.74809861183,
        "dvar": 4.7588596344,
        "dvar2": 12.8420858383,
        "max": 24.7982749939,
        "mean": 10.0005741119,
        "median": 9.21129703522,
        "min": 2.45972681046,
        "var": 13.4651489258
    },
    "barkbands_flatness_db": {
        "dmean": 0.0214216876775,
        "dmean2": 0.0320924967527,
        "dvar": 0.000468890473712,
        "dvar2": 0.00100666144863,
        "max": 0.612724602222,
        "mean": 0.154393017292,
        "median": 0.136554673314,
        "min": 0.0263722222298,
        "var": 0.00567913521081
    },
    "barkbands_kurtosis": {
        "dmean": 3.05718278885,
        "dmean2": 4.90816307068,
        "dvar": 33.1510238647,
        "dvar2": 81.4231262207,
        "max": 166.780059814,
        "mean": 5.17909145355,
        "median": 2.70409679413,
        "min": -1.95077192783,
        "var": 76.44896698
    },
    "barkbands_skewness": {
        "dmean": 0.542695939541,
        "dmean2": 0.860565900803,
        "dvar": 0.367029994726,
        "dvar2": 0.878569543362,
        "max": 9.96831607819,
        "mean": 1.70466339588,
        "median": 1.59324741364,
        "min": -4.96007394791,
        "var": 1.44014835358
    },
    "barkbands_spread": {
        "dmean": 5.41491556168,
        "dmean2": 8.40837669373,
        "dvar": 68.8753890991,
        "dvar2": 144.884460449,
        "max": 106.394668579,
        "mean": 21.3194484711,
        "median": 18.4500026703,
        "min": 0.316125929356,
        "var": 256.066101074
    },
    "dissonance": {
        "dmean": 0.019803578034,
        "dmean2": 0.032943431288,
        "dvar": 0.000458652415546,
        "dvar2": 0.00121999217663,
        "max": 0.500000119209,
        "mean": 0.454762995243,
        "median": 0.468287408352,
        "min": 0.202632457018,
        "var": 0.00185220874846
    },
    "dynamic_complexity": 2.78035354614,
    "erbbands_crest": {
        "dmean": 2.62191748619,
        "dmean2": 4.15116882324,
        "dvar": 6.68248748779,
        "dvar2": 16.1966133118,
        "max": 30.5381412506,
        "mean": 9.90752506256,
        "median": 8.86141681671,
        "min": 2.20247292519,
        "var": 23.5619411469
    },
    "erbbands_flatness_db": {
        "dmean": 0.0172501578927,
        "dmean2": 0.0242867264897,
        "dvar": 0.000352559261955,
        "dvar2": 0.000667652930133,
        "max": 0.52772629261,
        "mean": 0.15713275969,
        "median": 0.140947207808,
        "min": 0.0429126173258,
        "var": 0.00408691866323
    },
    "erbbands_kurtosis": {
        "dmean": 0.93028652668,
        "dmean2": 1.43694782257,
        "dvar": 2.77058124542,
        "dvar2": 6.27266550064,
        "max": 53.1118965149,
        "mean": 0.822475731373,
        "median": -0.0440895557404,
        "min": -1.81104779243,
        "var": 8.81890773773
    },
    "erbbands_skewness": {
        "dmean": 0.332825571299,
        "dmean2": 0.502190947533,
        "dvar": 0.132327646017,
        "dvar2": 0.279090940952,
        "max": 5.81591844559,
        "mean": 0.324644654989,
        "median": 0.260542094707,
        "min": -4.84062433243,
        "var": 0.736089766026
    },
    "erbbands_spread": {
        "dmean": 8.97766208649,
        "dmean2": 13.8834075928,
        "dvar": 121.642372131,
        "dvar2": 277.614685059,
        "max": 159.839691162,
        "mean": 40.5794334412,
        "median": 38.0403251648,
        "min": 0.771525681019,
        "var": 419.268432617
    },
    "hfc": {
        "dmean": 7.61709594727,
        "dmean2": 11.2919473648,
        "dvar": 278.644470215,
        "dvar2": 543.595092773,
        "max": 304.989105225,
        "mean": 27.8530273438,
        "median": 21.8902873993,
        "min": 1.05871005419e-16,
        "var": 953.660217285
    },
    "melbands_crest": {
        "dmean": 3.26975393295,
        "dmean2": 5.45031881332,
        "dvar": 9.76706790924,
        "dvar2": 26.9681568146,
        "max": 32.3663368225,
        "mean": 15.5166721344,
        "median": 14.9499835968,
        "min": 1.00538635254,
        "var": 24.2703819275
    },
    "melbands_flatness_db": {
        "dmean": 0.0259693972766,
        "dmean2": 0.0394399575889,
        "dvar": 0.000702395685948,
        "dvar2": 0.00154629466124,
        "max": 0.743245720863,
        "mean": 0.229982063174,
        "median": 0.214247435331,
        "min": 3.4514704339e-07,
        "var": 0.00866782665253
    },
    "melbands_kurtosis": {
        "dmean": 8.24657058716,
        "dmean2": 13.4332551956,
        "dvar": 220.091003418,
        "dvar2": 562.745239258,
        "max": 320.85559082,
        "mean": 15.5939426422,
        "median": 9.54867267609,
        "min": -1.90505862236,
        "var": 427.363037109
    },
    "melbands_skewness": {
        "dmean": 0.803165853024,
        "dmean2": 1.29141533375,
        "dvar": 0.866324603558,
        "dvar2": 2.19988942146,
        "max": 13.3115158081,
        "mean": 2.93218564987,
        "median": 2.7090036869,
        "min": -2.61782240868,
        "var": 2.54549741745
    },
    "melbands_spread": {
        "dmean": 6.22768449783,
        "dmean2": 9.84906768799,
        "dvar": 120.70740509,
        "dvar2": 240.487701416,
        "max": 276.616821289,
        "mean": 20.5142059326,
        "median": 15.6037120819,
        "min": 0.647343873978,
        "var": 464.776062012
    },
    "pitch_salience": {
        "dmean": 0.0675385296345,
        "dmean2": 0.111369036138,
        "dvar": 0.00423510139808,
        "dvar2": 0.0115691488609,
        "max": 0.995936512947,
        "mean": 0.52134335041,
        "median": 0.51634824276,
        "min": 0.103843763471,
        "var": 0.0128021929413
    },
    "silence_rate_20dB": {
        "dmean": 0,
        "dmean2": 0,
        "dvar": 0,
        "dvar2": 0,
        "max": 1,
        "mean": 1,
        "median": 1,
        "min": 1,
        "var": 0
    },
    "silence_rate_30dB": {
        "dmean": 0.00365390232764,
        "dmean2": 0.00730833876878,
        "dvar": 0.00363939162344,
        "dvar2": 0.00988978613168,
        "max": 1,
        "mean": 0.996930956841,
        "median": 1,
        "min": 0,
        "var": 0.00305858044885
    },
    "silence_rate_60dB": {
        "dmean": 0.00584624381736,
        "dmean2": 0.0116933416575,
        "dvar": 0.00581089407206,
        "dvar2": 0.0130188493058,
        "max": 1,
        "mean": 0.0605042017996,
        "median": 0,
        "min": 0,
        "var": 0.0568444170058
    },
    "spectral_centroid": {
        "dmean": 218.662994385,
        "dmean2": 333.683807373,
        "dvar": 83975.4765625,
        "dvar2": 165468.296875,
        "max": 11825.7119141,
        "mean": 1216.87231445,
        "median": 1069.2244873,
        "min": 168.444290161,
        "var": 1023240.3125
    },
    "spectral_complexity": {
        "dmean": 3.26995038986,
        "dmean2": 5.16889572144,
        "dvar": 12.6146364212,
        "dvar2": 29.503030777,
        "max": 53,
        "mean": 19.9777851105,
        "median": 21,
        "min": 0,
        "var": 110.557952881
    },
    "spectral_decrease": {
        "dmean": 3.21419424409e-09,
        "dmean2": 5.44325784446e-09,
        "dvar": 1.97179046168e-17,
        "dvar2": 5.61080381438e-17,
        "max": 3.23999763794e-17,
        "mean": -1.03075636915e-08,
        "median": -1.00896073718e-08,
        "min": -3.79499951464e-08,
        "var": 4.29837920217e-17
    },
    "spectral_energy": {
        "dmean": 0.0124425776303,
        "dmean2": 0.0210378672928,
        "dvar": 0.000291576609015,
        "dvar2": 0.000829773372971,
        "max": 0.146990269423,
        "mean": 0.0414296016097,
        "median": 0.0410759299994,
        "min": 9.89803270849e-21,
        "var": 0.000666588777676
    },
    "spectral_energyband_high": {
        "dmean": 0.000707398401573,
        "dmean2": 0.0010222379351,
        "dvar": 3.99594591727e-06,
        "dvar2": 7.58526175559e-06,
        "max": 0.0392832532525,
        "mean": 0.00149244582281,
        "median": 0.000475612148875,
        "min": 6.96716377716e-21,
        "var": 1.13142814371e-05
    },
    "spectral_energyband_low": {
        "dmean": 0.00982635840774,
        "dmean2": 0.0170741304755,
        "dvar": 0.000258341227891,
        "dvar2": 0.000748857099097,
        "max": 0.127872049809,
        "mean": 0.0202806461602,
        "median": 0.0170255824924,
        "min": 2.31629220187e-23,
        "var": 0.000380560610211
    },
    "spectral_energyband_middle_high": {
        "dmean": 0.00141288572922,
        "dmean2": 0.00212157727219,
        "dvar": 3.81129711968e-06,
        "dvar2": 8.47458341013e-06,
        "max": 0.0344628505409,
        "mean": 0.00548275234178,
        "median": 0.00454034144059,
        "min": 1.15019454078e-21,
        "var": 2.28311364481e-05
    },
    "spectral_energyband_middle_low": {
        "dmean": 0.00601324671879,
        "dmean2": 0.00962673127651,
        "dvar": 8.13645456219e-05,
        "dvar2": 0.000203795207199,
        "max": 0.117469415069,
        "mean": 0.0173750724643,
        "median": 0.0154391787946,
        "min": 1.95399735507e-22,
        "var": 0.000164217475685
    },
    "spectral_entropy": {
        "dmean": 0.175251111388,
        "dmean2": 0.241671383381,
        "dvar": 0.0429994799197,
        "dvar2": 0.077042773366,
        "max": 9.8209810257,
        "mean": 7.44831752777,
        "median": 7.59855508804,
        "min": 3.9653532505,
        "var": 0.501666605473
    },
    "spectral_flux": {
        "dmean": 0.0281005874276,
        "dmean2": 0.0440068691969,
        "dvar": 0.00106027000584,
        "dvar2": 0.0022771989461,
        "max": 0.334472954273,
        "mean": 0.092748619616,
        "median": 0.0875442326069,
        "min": 6.29417143405e-11,
        "var": 0.00310298847035
    },
    "spectral_kurtosis": {
        "dmean": 2.99137735367,
        "dmean2": 5.14629793167,
        "dvar": 120.556007385,
        "dvar2": 417.589599609,
        "max": 392.518463135,
        "mean": 8.13569927216,
        "median": 3.84638357162,
        "min": -1.25490379333,
        "var": 688.46282959
    },
    "spectral_rms": {
        "dmean": 0.000890621216968,
        "dmean2": 0.00147591985296,
        "dvar": 1.17269382827e-06,
        "dvar2": 3.2721138723e-06,
        "max": 0.0119751887396,
        "mean": 0.00592904537916,
        "median": 0.00633040908724,
        "min": 3.10750990912e-12,
        "var": 5.26561461811e-06
    },
    "spectral_rolloff": {
        "dmean": 463.471466064,
        "dmean2": 782.591674805,
        "dvar": 1113688.25,
        "dvar2": 2302712,
        "max": 20090.4785156,
        "mean": 1557.49731445,
        "median": 753.662109375,
        "min": 107.666015625,
        "var": 7820649.5
    },
    "spectral_skewness": {
        "dmean": 0.275576859713,
        "dmean2": 0.437297135592,
        "dvar": 0.166352108121,
        "dvar2": 0.457459360361,
        "max": 16.3807239532,
        "mean": 1.76272833347,
        "median": 1.5159662962,
        "min": -0.402700781822,
        "var": 2.07945775986
    },
    "spectral_spread": {
        "dmean": 653915.0625,
        "dmean2": 906137.625,
        "dvar": 881745657856,
        "dvar2": 1.62232257741e+12,
        "max": 42057228,
        "mean": 4987262,
        "median": 4591811,
        "min": 238451.265625,
        "var": 1.16732786115e+13
    },
    "spectral_strongpeak": {
        "dmean": 0.444550544024,
        "dmean2": 0.783853948116,
        "dvar": 0.663188636303,
        "dvar2": 1.77288794518,
        "max": 11.721452713,
        "mean": 0.830388247967,
        "median": 0.58557677269,
        "min": 0,
        "var": 0.82202142477
    },
    "zerocrossingrate": {
        "dmean": 0.0104591166601,
        "dmean2": 0.0125343361869,
        "dvar": 0.000261313718511,
        "dvar2": 0.000300675892504,
        "max": 0.671875,
        "mean": 0.0616244822741,
        "median": 0.04541015625,
        "min": 0.00341796875,
        "var": 0.0054124169983
    },
    "barkbands": {
        "dmean": [6.84354527039e-05, 0.00360317132436, 0.0064600086771, 0.00296239880845, 0.00255945231766, 0.00126567436382, 0.000601690844633, 0.000526292133145, 0.00124036509078, 0.000450162391644, 0.000351940805558, 0.000370503461454, 0.000350512098521, 0.000353437935701, 0.000279160478385, 0.000207862307434, 0.000192176827113, 0.000109016626084, 0.000176804940565, 0.000130813117721, 0.000128958039568, 0.000164876095369, 0.000167779668118, 0.000184592659934, 0.000125484802993, 5.31867663085e-05, 8.70729581948e-06],
        "dmean2": [0.000112559580884, 0.00617698812857, 0.0113143390045, 0.00484635261819, 0.00430676992983, 0.00202807108872, 0.000951090711169, 0.000816337123979, 0.00192040135153, 0.000684988975991, 0.000542597030289, 0.000571370823309, 0.000536958454177, 0.00054210156668, 0.000431247288361, 0.00033205098589, 0.00031003926415, 0.000178721398697, 0.000272794684861, 0.000206172364415, 0.000204687865335, 0.000260860077105, 0.000256037572399, 0.000266398943495, 0.000181206487468, 7.59510439821e-05, 1.23736053865e-05],
        "dvar": [1.54704817845e-08, 3.38656136591e-05, 0.000135349357151, 2.03098661586e-05, 3.29874383169e-05, 7.55679548092e-06, 1.97020654014e-06, 1.90199807548e-06, 6.08482469033e-06, 9.56666895036e-07, 6.27820725185e-07, 1.19622563943e-06, 7.07975914338e-07, 7.65962909099e-07, 5.5728952475e-07, 2.4762675821e-07, 9.21607039572e-08, 2.95872535361e-08, 2.09379493299e-07, 1.53193823849e-07, 7.66566614629e-08, 1.63938963738e-07, 4.30801065932e-07, 5.34521461759e-07, 2.41603913764e-07, 3.48366135938e-08, 1.20010457128e-09],
        "dvar2": [4.08605629332e-08, 9.45644860622e-05, 0.000390636589145, 4.97439759783e-05, 8.95496705198e-05, 1.88986796275e-05, 4.70004397357e-06, 4.37932794739e-06, 1.480750052e-05, 2.04902789847e-06, 1.41937437093e-06, 2.68879944088e-06, 1.59519322551e-06, 1.81048687864e-06, 1.15651027954e-06, 5.53398081138e-07, 2.26946440307e-07, 7.75864208435e-08, 4.80489802612e-07, 3.59503815162e-07, 1.82987491826e-07, 3.86784307693e-07, 9.73894884737e-07, 1.04576440663e-06, 4.75113296261e-07, 6.90213255439e-08, 2.26959606664e-09],
        "max": [0.00183733110316, 0.0577615462244, 0.106335155666, 0.0569036826491, 0.0806939229369, 0.0590808726847, 0.0313614495099, 0.0352319143713, 0.0456875190139, 0.0270043537021, 0.0226630996913, 0.0245659891516, 0.0234562736005, 0.020449956879, 0.0192105434835, 0.0172040890902, 0.00839181058109, 0.00616472121328, 0.0199611224234, 0.0151248769835, 0.00615037186071, 0.0109870824963, 0.0288660209626, 0.0169964395463, 0.0141725549474, 0.00680484669283, 0.00111093360465],
        "mean": [9.36757569434e-05, 0.00671998364851, 0.0105285020545, 0.00557325128466, 0.00442869774997, 0.00213001691736, 0.00104892009404, 0.000970907916781, 0.00273643410765, 0.000940190628171, 0.000690066895913, 0.00065327383345, 0.000639642006718, 0.000673276896123, 0.000523237569723, 0.000413837406086, 0.000421178818215, 0.000248517637374, 0.000374945288058, 0.000244763068622, 0.000243310205406, 0.000272265606327, 0.000267451803666, 0.000300020474242, 0.000200083857635, 8.03570073913e-05, 1.27040029838e-05],
        "median": [3.96728100895e-05, 0.00489729736, 0.00557886529714, 0.00309141469188, 0.00262887286954, 0.000917189056054, 0.000427281484008, 0.000258463027421, 0.00103785947431, 0.000360355421435, 0.000213849401916, 0.000174030370545, 0.00019607397553, 0.000175225693965, 0.000181894662092, 0.00022996016196, 0.000302406057017, 0.00020701395988, 0.000209491685382, 0.00013624294661, 0.000115960676339, 7.99132540124e-05, 5.03365590703e-05, 4.66930396215e-05, 3.12726733682e-05, 1.23766321849e-05, 1.11753195142e-06],
        "min": [4.08367701957e-25, 3.10565190384e-24, 6.59381664277e-25, 6.68111889307e-25, 2.87939574938e-24, 7.32872291334e-24, 1.11965410638e-23, 7.56165776143e-24, 1.58269352741e-23, 2.18371402932e-23, 1.20886472954e-23, 2.27854063216e-23, 2.33195045975e-23, 3.69079681669e-23, 4.14595062634e-23, 4.33388064425e-23, 6.26643461421e-23, 7.84209655106e-23, 1.26410075435e-22, 1.70942018219e-22, 2.2133000998e-22, 2.8143674285e-22, 3.66421270906e-22, 5.68584333783e-22, 9.17247373835e-22, 1.32691665014e-21, 1.88380812155e-21],
        "var": [2.06489971788e-08, 5.21771289641e-05, 0.0002019705571, 4.9292732001e-05, 3.4714150388e-05, 1.26404574985e-05, 3.79944367523e-06, 4.90806360176e-06, 1.61745847436e-05, 3.23400649904e-06, 1.71682177097e-06, 2.73541763818e-06, 1.74640115347e-06, 1.98476141122e-06, 1.55626514697e-06, 6.64514061555e-07, 2.64829338903e-07, 6.54746443729e-08, 4.64413574264e-07, 2.57179664231e-07, 1.46326328831e-07, 3.01841396322e-07, 7.51322602355e-07, 1.23084032566e-06, 5.79801962886e-07, 8.57081090544e-08, 3.05513236931e-09]
    },
    "erbbands": {
        "dmean": [0.0518302768469, 1.06070017815, 6.36043357849, 8.40044689178, 10.8222503662, 7.15369701385, 8.07894897461, 10.9683237076, 7.8737154007, 10.0186033249, 14.0878276825, 30.2244911194, 18.4330348969, 10.6893386841, 13.4758291245, 15.6930828094, 16.5147819519, 14.9332199097, 14.8015155792, 15.3675422668, 9.35374069214, 9.22054576874, 6.25544452667, 5.83045339584, 9.60629081726, 5.59961748123, 4.84234189987, 5.83697605133, 6.1488494873, 5.15419960022, 4.65432167053, 4.46173429489, 2.74255943298, 1.70747733116, 0.767807006836, 0.291098147631, 0.0891371890903, 0.0150561695918, 0.00151349825319, 6.62320526317e-05],
        "dmean2": [0.0860635638237, 1.82892203331, 11.1323862076, 14.1953029633, 17.7841320038, 12.0219841003, 13.0558366776, 17.6324882507, 12.5533952713, 15.7208776474, 21.5913639069, 46.3463783264, 28.1680831909, 16.2722473145, 20.7534217834, 24.0530281067, 25.1133422852, 22.6791915894, 22.6781406403, 23.666513443, 14.9399528503, 14.8991174698, 10.2260627747, 9.19058513641, 14.5995540619, 8.68479347229, 7.75065326691, 9.27385234833, 9.80059242249, 8.07512664795, 7.00048589706, 6.52730464935, 4.02795171738, 2.50367045403, 1.10831284523, 0.418329060078, 0.128660812974, 0.021582217887, 0.00215338543057, 9.3381087936e-05],
        "dvar": [0.00774958822876, 2.98074221611, 128.012985229, 150.101516724, 655.796142578, 178.683822632, 238.962692261, 717.387268066, 412.520233154, 555.908508301, 1152.74182129, 4419.95361328, 1421.9786377, 498.654846191, 1002.85473633, 2374.1159668, 1493.20422363, 1362.10742188, 1558.7989502, 1883.39904785, 250.036132812, 195.379684448, 99.1288986206, 116.706573486, 782.079040527, 214.191650391, 118.849998474, 161.969650269, 218.353775024, 319.260437012, 327.450531006, 303.56048584, 127.214065552, 48.4508705139, 8.31056499481, 1.21068239212, 0.0868019014597, 0.00298778526485, 3.85530256608e-05, 3.86086398407e-08],
        "dvar2": [0.0203366857022, 8.45257759094, 372.529693604, 405.156463623, 1695.22753906, 490.672637939, 599.598266602, 1841.89465332, 1004.72143555, 1215.80859375, 2674.74560547, 10660.5068359, 3090.39282227, 1071.50854492, 2311.76586914, 5280.80810547, 3330.27172852, 3264.76733398, 3480.85205078, 4311.47705078, 601.655456543, 482.280883789, 258.908752441, 273.866394043, 1725.57629395, 440.19720459, 287.049987793, 389.540039062, 530.272827148, 771.788208008, 711.88659668, 613.422058105, 254.535736084, 98.1108551025, 16.4997291565, 2.41551136971, 0.171155393124, 0.00583486817777, 7.25028512534e-05, 6.92107491318e-08],
        "max": [1.25402998924, 15.8535823822, 93.3163909912, 148.588256836, 358.596801758, 186.043106079, 288.212768555, 553.570007324, 506.542877197, 734.919677734, 734.144897461, 1395.27648926, 1029.62744141, 820.85723877, 1053.48474121, 1224.23083496, 1172.38000488, 1271.76159668, 1499.18066406, 1321.86682129, 453.173583984, 471.628540039, 366.65802002, 349.147583008, 1028.30297852, 700.510314941, 375.206268311, 297.773590088, 431.345153809, 906.940429688, 611.039916992, 429.27911377, 280.730285645, 226.510986328, 80.5233917236, 40.6852989197, 9.47383499146, 1.75039744377, 0.183772400022, 0.00562068261206],
        "mean": [0.0950403213501, 1.95334792137, 10.772726059, 16.5459766388, 18.2724838257, 12.8316965103, 14.0123300552, 17.7795276642, 13.7576417923, 18.8196754456, 30.8411941528, 64.6891326904, 42.2198982239, 23.9294166565, 27.2579669952, 29.5561923981, 32.7968521118, 31.8663406372, 28.3308029175, 31.2811374664, 21.7185306549, 21.778459549, 15.5124521255, 13.7929840088, 20.1213970184, 11.544005394, 9.38617324829, 10.4868946075, 10.1271343231, 8.2202205658, 7.42428588867, 7.10596466064, 4.29465532303, 2.65051579475, 1.21371209621, 0.444100737572, 0.132529601455, 0.0221075396985, 0.00224418775178, 0.00013706512982],
        "median": [0.0673454925418, 1.45016539097, 6.32473373413, 10.838224411, 10.1598844528, 7.81095170975, 7.08212184906, 6.92677688599, 5.90528106689, 7.61826229095, 9.95574569702, 23.6459388733, 19.5725879669, 12.3458509445, 11.4544563293, 10.8829135895, 12.2670030594, 10.3401050568, 11.6174259186, 11.265663147, 14.8794288635, 17.1212253571, 13.0915966034, 10.842045784, 9.87935352325, 6.61461639404, 4.95352268219, 4.44114494324, 3.13989377022, 1.93643772602, 1.32897460461, 1.1554466486, 0.607565939426, 0.371418654919, 0.203721284866, 0.0738801211119, 0.0184300281107, 0.00255571492016, 0.000231754631386, 6.71697853249e-05],
        "min": [1.11851161491e-22, 5.61166769354e-22, 1.87298287996e-21, 2.89797133638e-21, 9.89914584803e-21, 1.07319511272e-20, 3.57421737692e-20, 8.47318647683e-20, 1.43818726554e-19, 1.57685866686e-19, 2.43081498659e-19, 3.15500851096e-19, 5.43922020964e-19, 5.79822590127e-19, 7.69633295446e-19, 1.14590147098e-18, 1.34941912773e-18, 2.65504503909e-18, 2.33859654921e-18, 2.68137978146e-18, 3.79093193779e-18, 4.31681987044e-18, 6.03214554746e-18, 5.49334615263e-18, 6.13748906642e-18, 7.09670424835e-18, 1.00204121737e-17, 9.89107586751e-18, 1.05937972307e-17, 1.14882507881e-17, 9.43667908726e-18, 1.00673306853e-17, 9.36500885026e-18, 9.50426966947e-18, 6.21101384235e-18, 3.83761925234e-18, 2.07659949789e-18, 8.17456122175e-19, 2.13079140854e-19, 2.66671138766e-20],
        "var": [0.0119188344106, 4.27585697174, 175.553787231, 341.799865723, 758.755249023, 247.832229614, 429.724029541, 1071.96508789, 660.926696777, 1524.54467773, 3475.48168945, 10676.5068359, 5042.42871094, 1552.15917969, 2346.58447266, 5280.62548828, 3898.19287109, 4541.68554688, 3260.69384766, 5924.31884766, 782.429504395, 573.257019043, 239.644104004, 251.817214966, 1894.94482422, 546.483947754, 217.410736084, 297.806091309, 377.329559326, 511.528320312, 615.731994629, 663.420043945, 277.259979248, 108.806518555, 20.2555713654, 2.89662742615, 0.212880760431, 0.00774378841743, 9.65754152276e-05, 9.99760843001e-08]
    },
    "gfcc": {
        "mean": [-8.68616294861, 97.6957015991, -102.639915466, 33.1505432129, -52.4191856384, 11.7523107529, -31.259809494, 6.98945093155, -23.9864788055, -5.49769210815, -22.6027450562, -7.15771436691, -13.4889993668],
        "cov": [[30246.8789062, -914.965515137, -1047.01940918, 1542.8236084, -696.476196289, 1736.84509277, -790.009277344, 438.087371826, -861.11138916, 234.481689453, -626.816711426, 225.47517395, -531.086914062], [-914.965515137, 2797.57958984, -157.018463135, -52.9955558777, 205.273880005, -580.860961914, 211.83682251, -181.771362305, 123.008102417, -246.863418579, 143.179428101, -196.586212158, 138.004470825], [-1047.01940918, -157.018463135, 1055.58825684, -5.00288200378, 80.7132415771, 76.0827636719, -7.85162067413, 36.3178329468, -12.9035577774, -10.8844604492, -2.83304643631, 69.0326080322, -4.67579174042], [1542.8236084, -52.9955558777, -5.00288200378, 422.86541748, 122.585792542, 138.244003296, -14.1205863953, 4.27597093582, 29.662815094, 8.02594661713, -44.7582817078, 9.64672088623, 13.1990633011], [-696.476196289, 205.273880005, 80.7132415771, 122.585792542, 501.996520996, 15.5703086853, 108.683113098, 25.7273235321, 98.6166763306, 26.285074234, -0.226758018136, 10.4015750885, 42.357875824], [1736.84509277, -580.860961914, 76.0827636719, 138.244003296, 15.5703086853, 414.180664062, 21.6476974487, 85.6421585083, -79.2255020142, 53.411819458, -36.4314689636, 57.1237258911, -71.0657730103], [-790.009277344, 211.83682251, -7.85162067413, -14.1205863953, 108.683113098, 21.6476974487, 261.278533936, 50.3655586243, 43.034740448, -27.1970462799, 37.3701820374, -4.67187976837, -4.89696741104], [438.087371826, -181.771362305, 36.3178329468, 4.27597093582, 25.7273235321, 85.6421585083, 50.3655586243, 156.269760132, 4.83005523682, 19.9464950562, -6.98641777039, 27.6025161743, -27.834690094], [-861.11138916, 123.008102417, -12.9035577774, 29.662815094, 98.6166763306, -79.2255020142, 43.034740448, 4.83005523682, 153.271697998, 11.0221910477, 7.71313285828, -15.3210878372, 32.1018180847], [234.481689453, -246.863418579, -10.8844604492, 8.02594661713, 26.285074234, 53.411819458, -27.1970462799, 19.9464950562, 11.0221910477, 118.284011841, 0.358054637909, 18.6235084534, -14.5033550262], [-626.816711426, 143.179428101, -2.83304643631, -44.7582817078, -0.226758018136, -36.4314689636, 37.3701820374, -6.98641777039, 7.71313285828, 0.358054637909, 110.050132751, 10.52293396, 9.47445201874], [225.47517395, -196.586212158, 69.0326080322, 9.64672088623, 10.4015750885, 57.1237258911, -4.67187976837, 27.6025161743, -15.3210878372, 18.6235084534, 10.52293396, 95.5463943481, 2.63111162186], [-531.086914062, 138.004470825, -4.67579174042, 13.1990633011, 42.357875824, -71.0657730103, -4.89696741104, -27.834690094, 32.1018180847, -14.5033550262, 9.47445201874, 2.63111162186, 84.3510665894]],
        "icov": [[0.000147952130646, -0.000287495116936, 0.000181201059604, -0.000412847701227, 0.000224129616981, -0.000499224697705, 0.00048612584942, -0.000446225021733, 0.000461907678982, -0.000381212710636, 0.000670921290293, -0.000543116824701, 0.000524611328728], [-0.000287495116936, 0.00137582747266, -0.000340486614732, 0.000549952732399, -0.000765901640989, 0.00185391248669, -0.00142479222268, 0.00115042470861, -0.000595138233621, 0.00176578469109, -0.0021030860953, 0.00209831097163, -0.00122168438975], [0.000181201059604, -0.000340486614732, 0.0012552367989, -0.000350025249645, 2.36159576161e-05, -0.000775023363531, 0.000800471229013, -0.000628294132184, 0.000516653759405, -4.4921234803e-05, 0.00082483625738, -0.0013379487209, 0.000741346331779], [-0.000412847701227, 0.000549952732399, -0.000350025249645, 0.00452026026323, -0.00121289584786, -0.000526779156644, -0.000553071789909, 0.00162900367286, -0.00250327144749, 0.00147977133747, -0.000881832442246, 0.00132198107895, -0.00229021185078], [0.000224129616981, -0.000765901640989, 2.36159576161e-05, -0.00121289584786, 0.00329712568782, -0.00113276799675, -0.000263885129243, -0.00081598770339, -0.000513107690495, -0.00188602192793, 0.00164755643345, -0.0013457640307, -0.000311393931042], [-0.000499224697705, 0.00185391248669, -0.000775023363531, -0.000526779156644, -0.00113276799675, 0.00737585593015, -0.00308188144118, 0.000519958266523, 0.00122206890956, 0.000696325791068, -0.0022271827329, 0.00130999193061, 0.000502729904838], [0.00048612584942, -0.00142479222268, 0.000800471229013, -0.000553071789909, -0.000263885129243, -0.00308188144118, 0.00740525592119, -0.00310827908106, -0.000129980297061, 0.000447135767899, 0.000636097451206, -0.00171873613726, 0.00257145985961], [-0.000446225021733, 0.00115042470861, -0.000628294132184, 0.00162900367286, -0.00081598770339, 0.000519958266523, -0.00310827908106, 0.00986123923212, -0.00247597252019, 0.000936715223361, -0.00139180978294, 5.48744574189e-05, 0.000198005902348], [0.000461907678982, -0.000595138233621, 0.000516653759405, -0.00250327144749, -0.000513107690495, 0.00122206890956, -0.000129980297061, -0.00247597252019, 0.0113679710776, -0.00306316115893, 0.00194788945373, -0.000187211859156, -0.000301037332974], [-0.000381212710636, 0.00176578469109, -4.4921234803e-05, 0.00147977133747, -0.00188602192793, 0.000696325791068, 0.000447135767899, 0.000936715223361, -0.00306316115893, 0.012938096188, -0.00369937159121, 0.00134740467183, 0.000109469910967], [0.000670921290293, -0.0021030860953, 0.00082483625738, -0.000881832442246, 0.00164755643345, -0.0022271827329, 0.000636097451206, -0.00139180978294, 0.00194788945373, -0.00369937159121, 0.0145027078688, -0.0054476717487, 0.00188621121924], [-0.000543116824701, 0.00209831097163, -0.0013379487209, 0.00132198107895, -0.0013457640307, 0.00130999193061, -0.00171873613726, 5.48744574189e-05, -0.000187211859156, 0.00134740467183, -0.0054476717487, 0.0166077613831, -0.00503899669275], [0.000524611328728, -0.00122168438975, 0.000741346331779, -0.00229021185078, -0.000311393931042, 0.000502729904838, 0.00257145985961, 0.000198005902348, -0.000301037332974, 0.000109469910967, 0.00188621121924, -0.00503899669275, 0.0184297207743]]
    },
    "melbands": {
        "dmean": [0.000693920650519, 0.00263059791178, 0.00148702412844, 0.000634090276435, 0.000273940560874, 0.000240613589995, 0.000121892655443, 0.00010711626237, 0.000138825402246, 0.000186928824405, 9.12486648303e-05, 4.44514444098e-05, 5.0154645578e-05, 4.18222116423e-05, 3.84135564673e-05, 3.48944740836e-05, 3.0390376196e-05, 2.77742165053e-05, 2.03387971851e-05, 1.8149121388e-05, 1.19942478705e-05, 1.12248480946e-05, 8.55784219311e-06, 5.26786925548e-06, 5.10566314915e-06, 8.23646587378e-06, 5.95699884798e-06, 3.75834315491e-06, 3.33510797645e-06, 3.23310382555e-06, 3.80893970942e-06, 3.73829129785e-06, 3.12740212394e-06, 3.0735461678e-06, 2.81343727693e-06, 2.79528262581e-06, 2.87408261102e-06, 2.08897790799e-06, 1.63797551522e-06, 1.460999556e-06],
        "dmean2": [0.00118191330694, 0.00459465011954, 0.00249187718146, 0.00106035964563, 0.000443100812845, 0.000385877821827, 0.000193866333575, 0.000167591744685, 0.000212792918319, 0.000285201676888, 0.000139980314998, 6.76263662172e-05, 7.70679471316e-05, 6.44230822218e-05, 5.9551832237e-05, 5.28283635504e-05, 4.63449796371e-05, 4.30327709182e-05, 3.08706585201e-05, 2.83449790004e-05, 1.94101976376e-05, 1.81374871318e-05, 1.39958983709e-05, 8.70503117767e-06, 8.13562655821e-06, 1.27163411889e-05, 9.13475105335e-06, 5.94083894612e-06, 5.4471720432e-06, 5.14237399329e-06, 6.16293436906e-06, 6.00959583608e-06, 4.97471819472e-06, 4.84162592329e-06, 4.33482955486e-06, 4.20246806243e-06, 4.26014275945e-06, 3.13277200803e-06, 2.42019791585e-06, 2.17307751882e-06],
        "dvar": [1.25663643757e-06, 2.08295696211e-05, 4.52744961876e-06, 2.09636800719e-06, 2.13264314652e-07, 3.18575587244e-07, 8.74392185324e-08, 6.33135428529e-08, 9.38180662047e-08, 1.68386762311e-07, 3.59426870489e-08, 9.00744279164e-09, 1.3171222335e-08, 1.69998681798e-08, 8.0387012602e-09, 7.94280907712e-09, 5.83743275939e-09, 6.00209837387e-09, 2.97324631582e-09, 2.57502308365e-09, 4.26869456449e-10, 3.30892341305e-10, 1.6025564209e-10, 8.58503199086e-11, 8.93190313378e-11, 6.76665112831e-10, 4.44277920009e-10, 9.45453368373e-11, 5.85924156415e-11, 5.27704824282e-11, 7.4331499289e-11, 8.26222146255e-11, 7.03735403285e-11, 1.43103098815e-10, 1.25096502601e-10, 1.25542451435e-10, 1.28945021327e-10, 7.59875357081e-11, 4.55169651969e-11, 3.62253803343e-11],
        "dvar2": [3.43391025126e-06, 6.07397741987e-05, 1.18878015201e-05, 5.62801915294e-06, 5.41262409115e-07, 8.1048648326e-07, 2.12340950156e-07, 1.40645369129e-07, 2.18934061991e-07, 4.04125017894e-07, 7.78659909884e-08, 1.93007760885e-08, 2.96726572202e-08, 3.87690874959e-08, 1.84832522621e-08, 1.78840817711e-08, 1.3732609716e-08, 1.37309461579e-08, 5.73621417033e-09, 5.85284931631e-09, 1.05406572359e-09, 8.00451982474e-10, 4.15210726912e-10, 2.27120766638e-10, 2.12399556276e-10, 1.54810231301e-09, 9.92070647854e-10, 2.04887218302e-10, 1.44574574534e-10, 1.25761234759e-10, 1.81262865828e-10, 2.05438527301e-10, 1.64324095997e-10, 3.56281948388e-10, 2.85764911734e-10, 2.62998844924e-10, 2.67514788099e-10, 1.57620305696e-10, 9.51041884134e-11, 7.46963602083e-11],
        "max": [0.0128752999008, 0.0372026190162, 0.0212785229087, 0.0209168698639, 0.00807328894734, 0.0109975654632, 0.00728086475283, 0.00854752957821, 0.00599921913818, 0.00886029750109, 0.00514726666734, 0.00322045665234, 0.00347054074518, 0.00312251457945, 0.00241931877099, 0.00277303135954, 0.00215183314867, 0.00277122645639, 0.00181763211731, 0.00148314016405, 0.000528766249772, 0.000701558135916, 0.000271605851594, 0.000399456417654, 0.000216633256059, 0.00131807138678, 0.000986767350696, 0.000410338368965, 0.000247210933594, 0.000173925931449, 0.000199319300009, 0.000236812978983, 0.000249614211498, 0.00069207046181, 0.000427601917181, 0.000246930518188, 0.000277737621218, 0.000221127149416, 0.000171394232893, 0.000219202047447],
        "mean": [0.00134514528327, 0.00470861326903, 0.00304807513021, 0.00110111467075, 0.000504711992107, 0.000397942785639, 0.00021390710026, 0.000197387445951, 0.000303947919747, 0.000393348571379, 0.000197998218937, 9.06194836716e-05, 9.91541819531e-05, 7.42725242162e-05, 7.17152070138e-05, 6.44558022032e-05, 5.93789263803e-05, 4.75733577332e-05, 3.99420750909e-05, 3.52110873791e-05, 2.47473362833e-05, 2.378609679e-05, 1.79285689228e-05, 1.11880153781e-05, 1.05427907329e-05, 1.59893297678e-05, 1.1259799976e-05, 6.82210020386e-06, 5.76394404561e-06, 5.77905393584e-06, 6.24363565294e-06, 5.92667947785e-06, 4.75810975331e-06, 4.6035061132e-06, 4.24230438512e-06, 4.32820434071e-06, 4.36791378888e-06, 3.12827955895e-06, 2.40746931013e-06, 2.2093311145e-06],
        "median": [0.0010298989946, 0.0032884767279, 0.00222531287, 0.000677244563121, 0.000283588364255, 0.000160424329806, 9.21140017454e-05, 7.51319748815e-05, 8.53719247971e-05, 0.000149171042722, 7.71353079472e-05, 4.01067954954e-05, 3.4360702557e-05, 2.06318018172e-05, 2.83986173599e-05, 1.9241733753e-05, 1.55080560944e-05, 1.63210388564e-05, 1.33613311846e-05, 1.45729072756e-05, 1.64290413522e-05, 1.72229047166e-05, 1.35104510264e-05, 8.86207362782e-06, 7.77264995122e-06, 7.6100991464e-06, 5.13606482855e-06, 3.84639542972e-06, 3.03080719277e-06, 2.51180108535e-06, 2.43372801378e-06, 1.85973419775e-06, 1.14624026537e-06, 9.770383258e-07, 7.46959699427e-07, 6.5475410338e-07, 7.04036210664e-07, 4.28184961265e-07, 2.92767140309e-07, 3.05237222165e-07],
        "min": [1.87583313539e-24, 1.2118519683e-24, 5.29120415657e-25, 5.13167380178e-25, 1.58661730183e-24, 2.11890307117e-24, 2.19458007553e-24, 1.81431381769e-24, 1.74709044401e-24, 1.79771322602e-24, 2.34916604738e-24, 2.41804583175e-24, 2.04426736321e-24, 3.22468608406e-24, 3.02176049087e-24, 3.0202389754e-24, 3.83767064767e-24, 3.20567848054e-24, 2.4042924363e-24, 2.69867797119e-24, 3.46920555176e-24, 3.63788925684e-24, 5.12553380153e-24, 2.79731950536e-24, 3.54821312686e-24, 4.44355408264e-24, 3.26199111905e-24, 5.17527818692e-24, 5.54380954715e-24, 5.63718109605e-24, 4.90255832237e-24, 5.31809001533e-24, 4.84989712378e-24, 5.46332285785e-24, 5.36759498144e-24, 4.93439398749e-24, 5.75450561747e-24, 4.54529031814e-24, 6.44455577785e-24, 8.11121376675e-24],
        "var": [1.99633973352e-06, 2.7923626476e-05, 9.50338562689e-06, 2.21329491978e-06, 4.24023625101e-07, 4.99393422615e-07, 1.48638918063e-07, 1.68225909647e-07, 3.03855756556e-07, 3.85470571018e-07, 1.28338697891e-07, 2.64685464657e-08, 3.55701139654e-08, 3.83371947521e-08, 1.7541443853e-08, 1.99320915328e-08, 1.76101337956e-08, 1.09518136782e-08, 1.04234789688e-08, 7.7078121663e-09, 1.11989317819e-09, 8.78823236405e-10, 3.75620284876e-10, 1.57322960215e-10, 1.69807126693e-10, 1.21925691765e-09, 7.89325549366e-10, 2.05403485887e-10, 9.24862061935e-11, 1.00434091599e-10, 1.28017638157e-10, 1.36531161377e-10, 1.21302454192e-10, 2.00869654243e-10, 2.05770483985e-10, 2.58108395768e-10, 2.67622063399e-10, 1.54552703968e-10, 9.3104420007e-11, 7.80203124329e-11]
    },
    "mfcc": {
        "mean": [-644.291687012, 125.069000244, 10.1929283142, 26.6094017029, 5.11587524414, 6.61716461182, 1.30455315113, 7.09445524216, 3.33933401108, 1.81327784061, -1.6984859705, -3.82619905472, -8.2069234848],
        "cov": [[13518.4716797, -847.117919922, -493.491638184, 154.444793701, 229.76159668, 695.344116211, 374.563934326, 378.580505371, 128.329177856, 143.131072998, 56.5171852112, 74.9195861816, 62.2439079285], [-847.117919922, 2083.75878906, -116.332214355, 250.485015869, -26.1166801453, -179.831115723, 4.34083938599, -10.9864406586, -15.1604013443, -23.6409187317, 8.81808948517, 2.04359936714, -76.3486175537], [-493.491638184, -116.332214355, 814.268615723, -39.2588500977, 19.55377388, -9.78483104706, -26.298406601, 28.6170806885, -34.1396942139, -40.8829650879, -21.3694114685, -11.4493179321, 11.214925766], [154.444793701, 250.485015869, -39.2588500977, 307.490234375, 127.184204102, 41.8339347839, -5.56717634201, 7.51278400421, 74.5094909668, 22.7802562714, -7.98385047913, -3.13077235222, 13.5089883804], [229.76159668, -26.1166801453, 19.55377388, 127.184204102, 323.073730469, 83.2341384888, 12.0088176727, 10.7629852295, 78.0631408691, 26.0868644714, -14.3307113647, 8.30004501343, 23.9686927795], [695.344116211, -179.831115723, -9.78483104706, 41.8339347839, 83.2341384888, 218.088134766, 73.3427963257, 39.5290489197, 33.7919502258, 21.8751411438, 13.7159090042, 10.9571876526, 2.05870914459], [374.563934326, 4.34083938599, -26.298406601, -5.56717634201, 12.0088176727, 73.3427963257, 195.319869995, 97.9713592529, 16.4076862335, 22.8574028015, 32.1776771545, 30.7880191803, 5.6496591568], [378.580505371, -10.9864406586, 28.6170806885, 7.51278400421, 10.7629852295, 39.5290489197, 97.9713592529, 186.015716553, 39.0655059814, 22.7636299133, 19.1729736328, 25.2641239166, 12.858830452], [128.329177856, -15.1604013443, -34.1396942139, 74.5094909668, 78.0631408691, 33.7919502258, 16.4076862335, 39.0655059814, 136.729324341, 44.9433364868, 4.74736213684, 11.5950717926, 6.43377113342], [143.131072998, -23.6409187317, -40.8829650879, 22.7802562714, 26.0868644714, 21.8751411438, 22.8574028015, 22.7636299133, 44.9433364868, 97.732925415, 23.9897117615, 7.46477651596, -2.92861366272], [56.5171852112, 8.81808948517, -21.3694114685, -7.98385047913, -14.3307113647, 13.7159090042, 32.1776771545, 19.1729736328, 4.74736213684, 23.9897117615, 84.4057998657, 37.2522773743, -0.231803536415], [74.9195861816, 2.04359936714, -11.4493179321, -3.13077235222, 8.30004501343, 10.9571876526, 30.7880191803, 25.2641239166, 11.5950717926, 7.46477651596, 37.2522773743, 87.6502380371, 22.442647934], [62.2439079285, -76.3486175537, 11.214925766, 13.5089883804, 23.9686927795, 2.05870914459, 5.6496591568, 12.858830452, 6.43377113342, -2.92861366272, -0.231803536415, 22.442647934, 77.752166748]],
