{
"lowlevel": {
    "average_loudness": 0.859872758389,
    "barkbands_crest": {
        "dmean": 2.049690485,
        "dmean2": 3.28076052666,
        "dvar": 5.98996257782,
        "dvar2": 16.0556850433,
        "max": 26.7463626862,
        "mean": 10.2685632706,
        "median": 9.16680812836,
        "min": 2.70312190056,
        "var": 20.8290252686
    },
    "barkbands_flatness_db": {
        "dmean": 0.0185482911766,
        "dmean2": 0.0272353161126,
        "dvar": 0.000519722292665,
        "dvar2": 0.00109608878847,
        "max": 0.721102058887,
        "mean": 0.168085187674,
        "median": 0.119486838579,
        "min": 0.0265694782138,
        "var": 0.0122147928923
    },
    "barkbands_kurtosis": {
        "dmean": 3.1823759079,
        "dmean2": 4.88730955124,
        "dvar": 67.1614074707,
        "dvar2": 151.928695679,
        "max": 333.127838135,
        "mean": 6.44798374176,
        "median": 1.42834401131,
        "min": -1.93259716034,
        "var": 262.821655273
    },
    "barkbands_skewness": {
        "dmean": 0.463976204395,
        "dmean2": 0.688672661781,
        "dvar": 0.371732145548,
        "dvar2": 0.836107611656,
        "max": 15.5723628998,
        "mean": 1.5857667923,
        "median": 1.29250061512,
        "min": -6.92226696014,
        "var": 2.45589399338
    },
    "barkbands_spread": {
        "dmean": 4.35344314575,
        "dmean2": 6.56189870834,
        "dvar": 49.3099327087,
        "dvar2": 93.3047103882,
        "max": 106.412528992,
        "mean": 22.7443904877,
        "median": 22.3007202148,
        "min": 0.312644481659,
        "var": 292.649200439
    },
    "dissonance": {
        "dmean": 0.0216590501368,
        "dmean2": 0.0355209670961,
        "dvar": 0.000727146689314,
        "dvar2": 0.00188265857287,
        "max": 0.499999910593,
        "mean": 0.433402866125,
        "median": 0.467647850513,
        "min": 0.0151408631355,
        "var": 0.00577971572056
    },
    "dynamic_complexity": 4.0910859108,
    "erbbands_crest": {
        "dmean": 2.12234854698,
        "dmean2": 3.3201482296,
        "dvar": 4.79303359985,
        "dvar2": 11.4732112885,
        "max": 33.7730064392,
        "mean": 9.45352745056,
        "median": 8.11005210876,
        "min": 2.38028907776,
        "var": 25.4192485809
    },
    "erbbands_flatness_db": {
        "dmean": 0.0156625248492,
        "dmean2": 0.0216891821474,
        "dvar": 0.000399571261369,
        "dvar2": 0.000754492240958,
        "max": 0.594613730907,
        "mean": 0.181689724326,
        "median": 0.143873900175,
        "min": 0.0501649007201,
        "var": 0.0100096249953
    },
    "erbbands_kurtosis": {
        "dmean": 1.03552258015,
        "dmean2": 1.57909786701,
        "dvar": 4.72980165482,
        "dvar2": 10.863196373,
        "max": 54.6906890869,
        "mean": 1.24732780457,
        "median": -0.140689015388,
        "min": -1.81180500984,
        "var": 14.6952400208
    },
    "erbbands_skewness": {
        "dmean": 0.306108593941,
        "dmean2": 0.449561834335,
        "dvar": 0.138933092356,
        "dvar2": 0.281078934669,
        "max": 6.42235279083,
        "mean": 0.305525422096,
        "median": 0.11541043222,
        "min": -5.00711917877,
        "var": 0.971822142601
    },
    "erbbands_spread": {
        "dmean": 6.2229590416,
        "dmean2": 9.44489955902,
        "dvar": 83.3174133301,
        "dvar2": 185.420196533,
        "max": 155.928649902,
        "mean": 35.650428772,
        "median": 36.8255004883,
        "min": 0.698755264282,
        "var": 384.642303467
    },
    "hfc": {
        "dmean": 4.83755397797,
        "dmean2": 7.0725569725,
        "dvar": 121.449409485,
        "dvar2": 221.3462677,
        "max": 253.050537109,
        "mean": 22.8938770294,
        "median": 20.8936233521,
        "min": 1.09181726338e-16,
        "var": 591.407287598
    },
    "melbands_crest": {
        "dmean": 2.49651408195,
        "dmean2": 3.90752220154,
        "dvar": 6.76473474503,
        "dvar2": 16.9273796082,
        "max": 39.0201034546,
        "mean": 15.7188510895,
        "median": 15.3168907166,
        "min": 1.57778871059,
        "var": 27.4581871033
    },
    "melbands_flatness_db": {
        "dmean": 0.0229515824467,
        "dmean2": 0.0333859696984,
        "dvar": 0.000798183958977,
        "dvar2": 0.00166728009935,
        "max": 0.74913328886,
        "mean": 0.243402853608,
        "median": 0.190188854933,
        "min": 0.00301128206775,
        "var": 0.0167980790138
    },
    "melbands_kurtosis": {
        "dmean": 5.98391771317,
        "dmean2": 9.33456993103,
        "dvar": 183.918258667,
        "dvar2": 439.906433105,
        "max": 445.565856934,
        "mean": 13.107219696,
        "median": 6.81739330292,
        "min": -1.90838968754,
        "var": 508.689239502
    },
    "melbands_skewness": {
        "dmean": 0.601541161537,
        "dmean2": 0.913780331612,
        "dvar": 0.603369057178,
        "dvar2": 1.43550598621,
        "max": 16.68359375,
        "mean": 2.53645253181,
        "median": 2.33544826508,
        "min": -3.8316180706,
        "var": 2.54864645004
    },
    "melbands_spread": {
        "dmean": 5.43629360199,
        "dmean2": 8.15359687805,
        "dvar": 97.8938217163,
        "dvar2": 191.95274353,
        "max": 214.244522095,
        "mean": 22.769701004,
        "median": 19.0755119324,
        "min": 0.449872463942,
        "var": 467.167541504
    },
    "pitch_salience": {
        "dmean": 0.0594285018742,
        "dmean2": 0.0949716791511,
        "dvar": 0.00391576299444,
        "dvar2": 0.0105062900111,
        "max": 0.969137847424,
        "mean": 0.528764128685,
        "median": 0.531913399696,
        "min": 0.0416020229459,
        "var": 0.0122607052326
    },
    "silence_rate_20dB": {
        "dmean": 0,
        "dmean2": 0,
        "dvar": 0,
        "dvar2": 0,
        "max": 1,
        "mean": 1,
        "median": 1,
        "min": 1,
        "var": 0
    },
    "silence_rate_30dB": {
        "dmean": 0.000132248896989,
        "dmean2": 0.00026451528538,
        "dvar": 0.000132223081891,
        "dvar2": 0.000396669696784,
        "max": 1,
        "mean": 0.999933898449,
        "median": 1,
        "min": 0,
        "var": 6.61136291455e-05
    },
    "silence_rate_60dB": {
        "dmean": 0.0197050850838,
        "dmean2": 0.0394127778709,
        "dvar": 0.019315732643,
        "dvar2": 0.0431429296732,
        "max": 1,
        "mean": 0.149100765586,
        "median": 0,
        "min": 0,
        "var": 0.126854494214
    },
    "spectral_centroid": {
        "dmean": 177.906616211,
        "dmean2": 265.409301758,
        "dvar": 73661.828125,
        "dvar2": 137607.671875,
        "max": 11532.8955078,
        "mean": 1297.7043457,
        "median": 1307.3338623,
        "min": 130.69140625,
        "var": 754283.25
    },
    "spectral_complexity": {
        "dmean": 2.56893467903,
        "dmean2": 4.18079614639,
        "dvar": 8.58508777618,
        "dvar2": 21.3203220367,
        "max": 56,
        "mean": 20.9076957703,
        "median": 26,
        "min": 0,
        "var": 172.26411438
    },
    "spectral_decrease": {
        "dmean": 1.82663073556e-09,
        "dmean2": 2.91918689221e-09,
        "dvar": 1.22662290435e-17,
        "dvar2": 3.16523142935e-17,
        "max": 7.49063726911e-17,
        "mean": -6.99253632774e-09,
        "median": -7.12064673891e-09,
        "min": -3.7974878353e-08,
        "var": 3.04848977514e-17
    },
    "spectral_energy": {
        "dmean": 0.00711884815246,
        "dmean2": 0.0113498251885,
        "dvar": 0.00017969905457,
        "dvar2": 0.000462770258309,
        "max": 0.145704209805,
        "mean": 0.028467932716,
        "median": 0.0294062420726,
        "min": 1.00585332123e-20,
        "var": 0.000487999699544
    },
    "spectral_energyband_high": {
        "dmean": 0.000445837707957,
        "dmean2": 0.000640738930088,
        "dvar": 1.80732570243e-06,
        "dvar2": 3.1971885619e-06,
        "max": 0.0280638411641,
        "mean": 0.00116021896247,
        "median": 0.000527436845005,
        "min": 7.24037087061e-21,
        "var": 5.7867432588e-06
    },
    "spectral_energyband_low": {
        "dmean": 0.0046619665809,
        "dmean2": 0.00755112571642,
        "dvar": 0.000139947238495,
        "dvar2": 0.000366690917872,
        "max": 0.13600166142,
        "mean": 0.0110877342522,
        "median": 0.00922756269574,
        "min": 2.55614914663e-23,
        "var": 0.000175018314621
    },
    "spectral_energyband_middle_high": {
        "dmean": 0.00096584262792,
        "dmean2": 0.0015077481512,
        "dvar": 1.90583318727e-06,
        "dvar2": 4.62172238258e-06,
        "max": 0.027470735833,
        "mean": 0.00520177138969,
        "median": 0.00493403570727,
        "min": 1.14655946973e-21,
        "var": 2.37611220655e-05
    },
    "spectral_energyband_middle_low": {
        "dmean": 0.00392372859642,
        "dmean2": 0.00618080794811,
        "dvar": 6.74233306199e-05,
        "dvar2": 0.000167251055245,
        "max": 0.101119682193,
        "mean": 0.0113109182566,
        "median": 0.00936418771744,
        "min": 2.01061131477e-22,
        "var": 0.000120999458886
    },
    "spectral_entropy": {
        "dmean": 0.148732095957,
        "dmean2": 0.210096150637,
        "dvar": 0.0461664386094,
        "dvar2": 0.0870755016804,
        "max": 9.82445430756,
        "mean": 7.19407987595,
        "median": 7.66568183899,
        "min": 3.64838242531,
        "var": 1.03072106838
    },
    "spectral_flux": {
        "dmean": 0.0202469620854,
        "dmean2": 0.0321722105145,
        "dvar": 0.000871177064255,
        "dvar2": 0.00203739106655,
        "max": 0.318095773458,
        "mean": 0.0680103674531,
        "median": 0.0632696449757,
        "min": 6.40082015169e-11,
        "var": 0.00273410207592
    },
    "spectral_kurtosis": {
        "dmean": 6.00655412674,
        "dmean2": 9.74663925171,
        "dvar": 318.61630249,
        "dvar2": 816.120666504,
        "max": 726.386108398,
        "mean": 17.2207984924,
        "median": 4.08948993683,
        "min": -1.24638175964,
        "var": 1721.35510254
    },
    "spectral_rms": {
        "dmean": 0.000560245534871,
        "dmean2": 0.000861893582623,
        "dvar": 7.46223292936e-07,
        "dvar2": 1.84887005616e-06,
        "max": 0.0119226863608,
        "mean": 0.00473633687943,
        "median": 0.0053562130779,
        "min": 3.13260333472e-12,
        "var": 5.34071386937e-06
    },
    "spectral_rolloff": {
        "dmean": 400.076171875,
        "dmean2": 640.263305664,
        "dvar": 742917.4375,
        "dvar2": 1382074.5,
        "max": 20391.9433594,
        "mean": 1584.01245117,
        "median": 925.927734375,
        "min": 21.533203125,
        "var": 5122609
    },
    "spectral_skewness": {
        "dmean": 0.407887667418,
        "dmean2": 0.653633832932,
        "dvar": 0.662298262119,
        "dvar2": 1.71290254593,
        "max": 20.0163879395,
        "mean": 2.31624317169,
        "median": 1.46392357349,
        "min": -0.0927560701966,
        "var": 4.62017154694
    },
    "spectral_spread": {
        "dmean": 520363.15625,
        "dmean2": 728214.125,
        "dvar": 671749308416,
        "dvar2": 1.21792508723e+12,
        "max": 42038888,
        "mean": 4258638,
        "median": 4183327,
        "min": 138520.65625,
        "var": 5.845286912e+12
    },
    "spectral_strongpeak": {
        "dmean": 0.301115810871,
        "dmean2": 0.534206807613,
        "dvar": 0.720436453819,
        "dvar2": 1.77009153366,
        "max": 16.3300361633,
        "mean": 0.648791074753,
        "median": 0.454121410847,
        "min": 0,
        "var": 1.09728717804
    },
    "zerocrossingrate": {
        "dmean": 0.00900709908456,
        "dmean2": 0.0104425735772,
        "dvar": 0.000219788358663,
        "dvar2": 0.000208946730709,
        "max": 0.759765625,
        "mean": 0.0602323524654,
        "median": 0.05126953125,
        "min": 0,
        "var": 0.00417550979182
    },
    "barkbands": {
        "dmean": [0.000248538359301, 0.00321317370981, 0.00179660797585, 0.00116212340072, 0.00225192331709, 0.000937486474868, 0.000544780108612, 0.000528921023943, 0.000508517143317, 0.000302792090224, 0.000219779467443, 0.000246000272455, 0.000296329963021, 0.000233474071138, 0.000188930745935, 0.00018080076552, 0.00019915914163, 0.000147999293404, 0.000215008636587, 0.000108134772745, 9.77711824817e-05, 0.000134390182211, 9.96908274828e-05, 0.000110476124974, 6.1496415583e-05, 2.8555165045e-05, 6.5391127464e-06],
        "dmean2": [0.000273689860478, 0.00547967664897, 0.00279708835296, 0.00188833056018, 0.00360459811054, 0.00151154724881, 0.000872192671522, 0.000805484713055, 0.00077977089677, 0.000458320078906, 0.000340625818353, 0.000388623739127, 0.000452003063401, 0.000374518509489, 0.000306434259983, 0.0002996356925, 0.000334244832629, 0.000245088886004, 0.000334708223818, 0.000173498658114, 0.000158097274834, 0.000205918331631, 0.000146930004121, 0.000157882153871, 8.57406776049e-05, 3.99371965614e-05, 9.35172829486e-06],
        "dvar": [7.0907628924e-07, 0.000127227132907, 1.1192245438e-05, 7.60406828704e-06, 2.60973938566e-05, 3.82418238587e-06, 1.55983525474e-06, 1.5962677935e-06, 1.20255242564e-06, 3.10802988679e-07, 2.43564159064e-07, 3.94101249412e-07, 5.38967071861e-07, 3.02323712731e-07, 1.37170616199e-07, 9.70254490085e-08, 9.65638804473e-08, 5.32010950849e-08, 2.22225551738e-07, 6.33638563841e-08, 5.20584073627e-08, 1.75348745302e-07, 1.46140806123e-07, 2.77002641269e-07, 6.0910011257e-08, 1.38939277861e-08, 7.51157747114e-10],
        "dvar2": [1.02244257505e-06, 0.000339870952303, 2.90524931188e-05, 1.93886335182e-05, 6.59179349896e-05, 9.79622200248e-06, 3.93140862798e-06, 3.43531132785e-06, 2.80885137727e-06, 6.87316003223e-07, 5.68934922285e-07, 9.62256422099e-07, 1.20560230243e-06, 7.23626158106e-07, 3.34943536018e-07, 2.63471179096e-07, 2.67000132226e-07, 1.37932644861e-07, 4.76475349842e-07, 1.49977921637e-07, 1.26950027379e-07, 3.68466203327e-07, 2.90125768743e-07, 5.65876462133e-07, 1.11591354823e-07, 2.52738239226e-08, 1.46470713336e-09],
        "max": [0.0405110865831, 0.117366164923, 0.0524921044707, 0.043850466609, 0.0644208416343, 0.0380729921162, 0.0293889939785, 0.0262904949486, 0.0241853389889, 0.0153391901404, 0.0159585457295, 0.0192860737443, 0.016490098089, 0.0149645227939, 0.00945736281574, 0.0101096080616, 0.00800087675452, 0.00676399003714, 0.0151574984193, 0.0081687066704, 0.00780623964965, 0.0119415251538, 0.0122012002394, 0.0220149811357, 0.00739998463541, 0.00435514980927, 0.00121135357767],
        "mean": [0.0011490045581, 0.00395803852007, 0.00579595379531, 0.0019955933094, 0.00392955774441, 0.00198043836281, 0.00102600897662, 0.00104616535828, 0.00112062238622, 0.00069825979881, 0.000445971323643, 0.000466771452921, 0.000657351105474, 0.000481580966152, 0.000426777347457, 0.00045947052422, 0.000491763406899, 0.000398219563067, 0.000625858083367, 0.00025536166504, 0.000236492123804, 0.000272157980362, 0.000179993687198, 0.000202306633582, 0.000110337939986, 4.83462536067e-05, 9.58949567575e-06],
        "median": [1.2568963939e-05, 0.001537125092, 0.00407083751634, 0.000962477060966, 0.00240948866121, 0.00103372661397, 0.000550858443603, 0.000373814313207, 0.000507998513058, 0.000296550046187, 0.00016979535576, 0.000153947737999, 0.000162541749887, 0.000163647186127, 0.000248010532232, 0.000317141617415, 0.000413633242715, 0.000344242085703, 0.000285987509415, 0.000151545595145, 0.000144843041198, 0.000122786295833, 2.71123899438e-05, 3.07881346089e-05, 2.10000798688e-05, 8.22268339107e-06, 1.07766254587e-06],
        "min": [4.49877809309e-25, 4.0296573039e-24, 8.32102315741e-24, 1.15803952582e-24, 1.20308947886e-23, 1.57666568346e-23, 1.11521605381e-23, 1.89794916641e-23, 3.99403053104e-23, 1.65207936605e-23, 2.08117457565e-23, 2.72037136998e-23, 3.37260251305e-23, 4.83770054532e-23, 6.88689706645e-23, 8.45398187645e-23, 8.23217880236e-23, 1.04404529116e-22, 1.27795264697e-22, 1.86227391016e-22, 2.80050442871e-22, 2.69679029804e-22, 3.751694228e-22, 6.09583542863e-22, 9.50381046467e-22, 1.41224237e-21, 2.04966510451e-21],
        "var": [1.45336389323e-05, 9.73522110144e-05, 3.68984765373e-05, 1.03322736322e-05, 3.18700258504e-05, 9.15171403904e-06, 2.77768322121e-06, 4.00431554226e-06, 2.94392953037e-06, 1.26313943838e-06, 6.1859878997e-07, 8.49745106279e-07, 1.97293616111e-06, 1.02485034859e-06, 5.38060191957e-07, 6.3463596689e-07, 2.93998169809e-07, 1.98382494432e-07, 1.55887528308e-06, 1.803555989e-07, 1.22037135952e-07, 4.08332397228e-07, 3.47177206095e-07, 5.87615716086e-07, 1.35972925364e-07, 3.18933253141e-08, 1.64439961647e-09]
    },
    "erbbands": {
        "dmean": [0.0731728821993, 0.785076141357, 1.84042704105, 2.67442846298, 7.38938093185, 7.29292678833, 7.62861442566, 7.80014467239, 6.76521539688, 9.03632068634, 11.8311872482, 11.8042526245, 9.13223552704, 9.25127696991, 8.15769100189, 9.27879524231, 12.8353147507, 11.362742424, 9.82769393921, 7.92248392105, 10.2125759125, 10.3332433701, 8.18784809113, 8.11913967133, 10.983259201, 4.46513938904, 3.92967033386, 3.92047762871, 4.39295434952, 4.69468402863, 2.67397499084, 2.83901381493, 1.47674679756, 0.771869003773, 0.420354813337, 0.154055669904, 0.0491610504687, 0.0101192342117, 0.00111109553836, 5.240889368e-05],
        "dmean2": [0.129033744335, 1.32521629333, 2.89180803299, 4.27023649216, 11.971280098, 11.6903324127, 12.3771629333, 12.4715747833, 10.7693805695, 14.3212337494, 17.921125412, 17.9726352692, 13.6782999039, 14.1138801575, 12.7574577332, 14.5641469955, 19.645898819, 17.867773056, 15.8356304169, 12.9920444489, 17.0327739716, 17.2400283813, 13.5941438675, 13.2094192505, 16.8169193268, 7.17497682571, 6.46234798431, 6.25318813324, 6.80514431, 7.07759380341, 3.90257811546, 4.18978643417, 2.08616924286, 1.07825100422, 0.599849700928, 0.218303561211, 0.0693367272615, 0.0142779182643, 0.00158357725013, 7.46490622987e-05],
        "dvar": [0.0782190263271, 7.02916479111, 13.0588254929, 23.100610733, 578.526489258, 147.622634888, 230.362167358, 286.149475098, 209.134384155, 459.959136963, 889.219726562, 655.429016113, 371.567169189, 243.539245605, 440.645751953, 546.946777344, 1043.53393555, 791.156738281, 452.025390625, 232.220245361, 254.127212524, 287.792449951, 162.746078491, 237.300918579, 746.284667969, 99.8080596924, 76.5459976196, 105.826065063, 196.375076294, 271.434783936, 105.556037903, 196.203521729, 50.982334137, 10.5990409851, 2.54782629013, 0.408693790436, 0.0407350249588, 0.00193434464745, 2.16131084017e-05, 3.98198913842e-08],
        "dvar2": [0.213064923882, 18.7082805634, 34.2029571533, 60.0795860291, 1442.73803711, 394.041870117, 587.624450684, 739.352966309, 516.579040527, 1137.7109375, 1897.83532715, 1526.79602051, 810.446655273, 565.545166016, 1042.09814453, 1269.81103516, 2350.39648438, 1833.09216309, 1061.59606934, 611.32244873, 690.54284668, 785.71875, 427.701446533, 602.112243652, 1499.25244141, 247.091644287, 195.930282593, 252.777816772, 417.059112549, 561.205322266, 207.563751221, 436.39730835, 94.5985717773, 19.526802063, 4.72687578201, 0.756207883358, 0.0759614557028, 0.00365596218035, 4.26033293479e-05, 8.14889844492e-08],
        "max": [2.67978239059, 29.8709449768, 56.3221626282, 87.9901123047, 332.927764893, 149.393478394, 353.114135742, 354.561218262, 430.698852539, 554.672302246, 719.84979248, 638.194458008, 658.54510498, 466.134521484, 751.327758789, 996.494140625, 803.269165039, 904.259155273, 798.325195312, 416.014526367, 399.87310791, 441.626556396, 361.704071045, 459.0809021, 1001.44268799, 318.633270264, 262.296722412, 477.06942749, 440.956726074, 584.32043457, 290.506744385, 624.977233887, 386.333740234, 101.150360107, 61.887046814, 24.957195282, 6.8784866333, 1.88275063038, 0.179889991879, 0.00667085265741],
        "mean": [0.0673977434635, 1.12608468533, 5.94330215454, 7.04474830627, 10.2519683838, 13.2950496674, 15.4718799591, 15.7042360306, 14.3071966171, 16.9742221832, 25.5438919067, 27.1527309418, 21.2029151917, 22.1461391449, 17.6503429413, 20.1811103821, 30.1977443695, 27.358839035, 23.11743927, 21.0008869171, 26.6817150116, 27.6038360596, 23.6699790955, 23.3163433075, 32.0621986389, 11.9455289841, 9.34549808502, 9.33326053619, 9.44754600525, 8.09633255005, 4.91348314285, 5.02245283127, 2.68126368523, 1.34514212608, 0.743236005306, 0.274113088846, 0.0777764543891, 0.0152981476858, 0.00165480875876, 0.000104444392491],
        "median": [0.0233420729637, 0.591164708138, 4.57532978058, 4.8747382164, 4.92303848267, 8.19968032837, 7.58047008514, 7.85121774673, 8.51728534698, 9.31639480591, 10.3397407532, 13.1270389557, 10.4125919342, 11.8803272247, 8.02644348145, 7.54452514648, 9.32418060303, 10.3723096848, 14.2717399597, 15.1665506363, 21.3434867859, 24.5346679688, 21.4149799347, 16.6275482178, 12.335319519, 7.53119707108, 6.40906429291, 5.47622013092, 4.97937822342, 1.51534676552, 0.768850684166, 0.722765147686, 0.420051813126, 0.226046383381, 0.153600201011, 0.0512244962156, 0.0121826902032, 0.00195662514307, 0.000216522268602, 5.0995444326e-05],
        "min": [5.11178364041e-23, 1.36910366917e-21, 7.59707231493e-21, 7.64502698003e-21, 5.2919643053e-21, 3.76237027012e-20, 8.55653590954e-20, 1.4301977348e-19, 2.09770831994e-19, 1.49172226554e-19, 5.018605589e-19, 7.66490681203e-19, 6.88709699132e-19, 9.1385756022e-19, 1.08881298062e-18, 1.13722341577e-18, 1.80462520082e-18, 2.31037459427e-18, 2.45077899068e-18, 3.43805627489e-18, 4.78654678899e-18, 4.46171709834e-18, 6.74481789346e-18, 9.07783572982e-18, 6.04403006491e-18, 9.33140877378e-18, 1.01694965899e-17, 1.13877549612e-17, 9.43543335325e-18, 1.32436240009e-17, 1.17061831011e-17, 1.30923450746e-17, 1.12937053527e-17, 9.26729152296e-18, 7.03934837186e-18, 4.78633130844e-18, 2.47295963201e-18, 1.01412198342e-18, 2.70442332727e-19, 3.04365436162e-20],
        "var": [0.0541242398322, 5.64794111252, 36.3178291321, 60.8262176514, 556.705200195, 246.813461304, 649.87286377, 579.647155762, 435.414398193, 700.083374023, 2442.51367188, 1726.04406738, 1331.58239746, 867.322570801, 1061.98486328, 1385.73449707, 4070.44750977, 3309.30541992, 1529.47045898, 970.443115234, 1140.87072754, 930.229858398, 656.84387207, 884.361328125, 5283.50048828, 307.255950928, 170.291244507, 228.118637085, 435.647247314, 642.545532227, 254.382781982, 354.533996582, 115.329490662, 23.115644455, 5.63928127289, 0.949960052967, 0.0859178751707, 0.00413566129282, 4.60005503555e-05, 8.25452630693e-08]
    },
    "gfcc": {
        "mean": [-41.8186340332, 103.829719543, -107.569381714, 18.5158100128, -55.6173591614, 1.93370866776, -34.9220123291, 5.09112262726, -24.7206554413, -2.75728321075, -18.6496887207, -4.3493065834, -13.2273569107],
        "cov": [[30709.5898438, -4630.14599609, -423.427520752, 5268.74804688, -617.112426758, 1808.97253418, -1097.92248535, 108.431892395, -842.296813965, 263.438903809, -767.390197754, 422.207458496, -631.652648926], [-4630.14599609, 3286.83691406, -240.912200928, -1321.84729004, 354.265319824, -717.583374023, 273.340515137, -125.892410278, 183.759765625, -219.715667725, 183.074417114, -212.30368042, 214.824569702], [-423.427520752, -240.912200928, 1255.21850586, 146.502334595, -242.418716431, 211.619216919, -146.994338989, -231.114868164, -208.762741089, -80.9047775269, -100.590072632, 12.7895736694, -61.6370582581], [5268.74804688, -1321.84729004, 146.502334595, 1674.00524902, -31.4353618622, 408.569091797, -207.63092041, -72.2438278198, -146.681777954, 48.1926498413, -150.119369507, 115.984642029, -98.746307373], [-617.112426758, 354.265319824, -242.418716431, -31.4353618622, 486.857879639, -68.910987854, 148.855270386, 151.037200928, 167.931167603, 58.979221344, 85.0827026367, 2.67352509499, 59.7468261719], [1808.97253418, -717.583374023, 211.619216919, 408.569091797, -68.910987854, 429.606750488, -11.9522151947, 55.343963623, -55.2708473206, 60.3109474182, -41.8355331421, 44.6042480469, -72.2181854248], [-1097.92248535, 273.340515137, -146.994338989, -207.63092041, 148.855270386, -11.9522151947, 287.165405273, 129.310653687, 111.402694702, 42.446762085, 79.15675354, -11.4112033844, 42.1857681274], [108.431892395, -125.892410278, -231.114868164, -72.2438278198, 151.037200928, 55.343963623, 129.310653687, 287.699554443, 145.96585083, 107.078277588, 62.8249130249, 12.3868951797, 19.3131504059], [-842.296813965, 183.759765625, -208.762741089, -146.681777954, 167.931167603, -55.2708473206, 111.402694702, 145.96585083, 258.333953857, 76.0568847656, 90.5950469971, -1.22855269909, 55.5198822021], [263.438903809, -219.715667725, -80.9047775269, 48.1926498413, 58.979221344, 60.3109474182, 42.446762085, 107.078277588, 76.0568847656, 164.242996216, 49.8088035583, 14.681016922, -10.6078395844], [-767.390197754, 183.074417114, -100.590072632, -150.119369507, 85.0827026367, -41.8355331421, 79.15675354, 62.8249130249, 90.5950469971, 49.8088035583, 138.322906494, -0.59287494421, 25.7226066589], [422.207458496, -212.30368042, 12.7895736694, 115.984642029, 2.67352509499, 44.6042480469, -11.4112033844, 12.3868951797, -1.22855269909, 14.681016922, -0.59287494421, 89.7673187256, 6.37182378769], [-631.652648926, 214.824569702, -61.6370582581, -98.746307373, 59.7468261719, -72.2181854248, 42.1857681274, 19.3131504059, 55.5198822021, -10.6078395844, 25.7226066589, 6.37182378769, 94.798500061]],
        "icov": [[0.000144068617374, -0.000168966362253, 0.000202547787922, -0.000384617829695, 0.000169692662894, -0.000342017156072, 0.000382166123018, -0.000411535933381, 0.000278042745776, -0.00018509219808, 0.000327526358888, -0.000328883354086, 0.000369862013031], [-0.000168966362253, 0.00108025269583, -0.000295004545478, 0.000774985936005, -0.000730793399271, 0.00102232210338, -0.000870371761266, 0.00111948652193, -0.000431747961557, 0.00097817578353, -0.000856353610288, 0.00154324818868, -0.00106877752114], [0.000202547787922, -0.000295004545478, 0.00143862504046, -0.000375247647753, 0.000332782248734, -0.00133867864497, 0.000708027626388, 0.00026918752701, 0.000626838766038, -0.000281182932667, 0.000622536696028, -0.000634793716017, 0.000438318878878], [-0.000384617829695, 0.000774985936005, -0.000375247647753, 0.0022018935997, -0.00109686190262, 0.000171736945049, -0.000608405156527, 0.00186999235302, -0.000676586059853, 0.000390470551793, -0.000315050099744, 0.000462573894765, -0.00106311345007], [0.000169692662894, -0.000730793399271, 0.000332782248734, -0.00109686190262, 0.00370913487859, -0.000101058438304, -0.000219882960664, -0.00172421731986, -0.000559512234759, -0.000545396353118, 7.80936752562e-05, -0.000939367746469, 0.000203630275792], [-0.000342017156072, 0.00102232210338, -0.00133867864497, 0.000171736945049, -0.000101058438304, 0.0058112340048, -0.00211359816603, -0.000426098471507, -0.000278972962406, 0.00028471002588, -0.000842962472234, 0.000802284746896, 0.000601041829214], [0.000382166123018, -0.000870371761266, 0.000708027626388, -0.000608405156527, -0.000219882960664, -0.00211359816603, 0.00679498584941, -0.0026480788365, 0.000567982904613, -0.000525080249645, -0.000272829260211, -0.000801859190688, 0.000126029990497], [-0.000411535933381, 0.00111948652193, 0.00026918752701, 0.00186999235302, -0.00172421731986, -0.000426098471507, -0.0026480788365, 0.00918647740036, -0.00294424872845, -0.00145124492701, -0.00053935602773, 0.00108409533277, -0.00145173806231], [0.000278042745776, -0.000431747961557, 0.000626838766038, -0.000676586059853, -0.000559512234759, -0.000278972962406, 0.000567982904613, -0.00294424872845, 0.00834189355373, -0.0019776255358, -0.00132914993446, -0.000360644538887, -0.00170092761982], [-0.00018509219808, 0.00097817578353, -0.000281182932667, 0.000390470551793, -0.000545396353118, 0.00028471002588, -0.000525080249645, -0.00145124492701, -0.0019776255358, 0.0105593660846, -0.00342404842377, 0.00087496911874, 0.00107398245018], [0.000327526358888, -0.000856353610288, 0.000622536696028, -0.000315050099744, 7.80936752562e-05, -0.000842962472234, -0.000272829260211, -0.00053935602773, -0.00132914993446, -0.00342404842377, 0.0123069090769, -0.00223518698476, 0.000945605861489], [-0.000328883354086, 0.00154324818868, -0.000634793716017, 0.000462573894765, -0.000939367746469, 0.000802284746896, -0.000801859190688, 0.00108409533277, -0.000360644538887, 0.00087496911874, -0.00223518698476, 0.0153564913198, -0.00439683161676], [0.000369862013031, -0.00106877752114, 0.000438318878878, -0.00106311345007, 0.000203630275792, 0.000601041829214, 0.000126029990497, -0.00145173806231, -0.00170092761982, 0.00107398245018, 0.000945605861489, -0.00439683161676, 0.0163372140378]]
    },
    "melbands": {
        "dmean": [0.000802347203717, 0.000959937169682, 0.000594958313741, 0.000528224685695, 0.000266779330559, 0.000170609113411, 0.000107437022962, 0.00010193491471, 9.92641798803e-05, 7.4066905654e-05, 4.65071207145e-05, 3.92800357076e-05, 2.72395081993e-05, 2.51565361395e-05, 3.15285069519e-05, 2.83764202322e-05, 2.23926799663e-05, 1.7160868083e-05, 1.40988277053e-05, 1.20338463603e-05, 1.31374281409e-05, 1.22988722069e-05, 1.01469941001e-05, 6.78536480336e-06, 7.30396277504e-06, 1.00259157989e-05, 6.04780552749e-06, 2.8799051961e-06, 2.54282213064e-06, 2.68889743893e-06, 2.5189290227e-06, 2.67231894213e-06, 2.87088414552e-06, 2.56494467976e-06, 1.57845408921e-06, 1.65773565186e-06, 1.89993045296e-06, 1.20172239804e-06, 7.86978489487e-07, 6.35621688616e-07],
        "dmean2": [0.00138744304422, 0.00152348203119, 0.000950789370108, 0.000849459262099, 0.000431754160672, 0.000272785924608, 0.000171667852555, 0.000159583272762, 0.000150348787429, 0.00011248246301, 6.9763904321e-05, 5.98162769165e-05, 4.24293139076e-05, 3.93907466787e-05, 4.88651021442e-05, 4.33438835898e-05, 3.55176489393e-05, 2.75848833553e-05, 2.3036804123e-05, 1.98710695258e-05, 2.19177363761e-05, 2.06676104426e-05, 1.69214999914e-05, 1.12281677502e-05, 1.19611304399e-05, 1.54290228238e-05, 9.31411432248e-06, 4.72635565529e-06, 4.23701294494e-06, 4.34439471064e-06, 4.0699251258e-06, 4.22788525611e-06, 4.42608006779e-06, 3.89330216422e-06, 2.36459754888e-06, 2.45611749961e-06, 2.86115391646e-06, 1.7351266024e-06, 1.13341980068e-06, 9.05421472908e-07],
        "dvar": [8.62971410243e-06, 4.81931829199e-06, 1.8555032284e-06, 1.66324048223e-06, 2.24110337399e-07, 1.29881129851e-07, 5.38071454059e-08, 5.25642285254e-08, 6.13204420574e-08, 2.48405420677e-08, 9.58414148045e-09, 4.36950919891e-09, 4.4906220964e-09, 4.56100179846e-09, 6.97197544142e-09, 5.21545118204e-09, 3.34631100607e-09, 1.61139357413e-09, 8.19006029662e-10, 6.1914373628e-10, 3.96388977197e-10, 4.27012897264e-10, 2.41769826381e-10, 1.15995449357e-10, 2.04508313062e-10, 6.1538746321e-10, 2.31670821416e-10, 4.2490157226e-11, 3.29543024813e-11, 3.90363921743e-11, 5.1235057863e-11, 6.54387238841e-11, 1.0750179219e-10, 8.59262452857e-11, 3.62861719838e-11, 5.33942681735e-11, 1.03651996708e-10, 3.96669294633e-11, 1.04175834625e-11, 7.86673157172e-12],
        "dvar2": [2.31939084188e-05, 1.26172317323e-05, 4.68625739813e-06, 4.21822142016e-06, 5.85406610298e-07, 3.36260200129e-07, 1.34385558681e-07, 1.26063483208e-07, 1.32534452746e-07, 5.75936738301e-08, 2.09079136226e-08, 9.98244065187e-09, 1.06660422716e-08, 1.11990683394e-08, 1.67239608828e-08, 1.17541949507e-08, 7.90021825736e-09, 3.76779185629e-09, 2.03463623727e-09, 1.63605839987e-09, 1.08472397731e-09, 1.17364507002e-09, 6.5502342439e-10, 2.86496271151e-10, 5.23911247718e-10, 1.27800547922e-09, 4.83137641005e-10, 1.10298561951e-10, 8.58442830709e-11, 9.79696809789e-11, 1.27137883554e-10, 1.4480797117e-10, 2.30783531174e-10, 1.84533971437e-10, 7.5323650095e-11, 1.12109009576e-10, 2.45641423868e-10, 7.98114282996e-11, 2.0562641867e-11, 1.48325327715e-11],
        "max": [0.0276632662863, 0.0296968761832, 0.0186905115843, 0.0157974157482, 0.0101006580517, 0.00691870134324, 0.00583067024127, 0.00538077950478, 0.00557629670948, 0.00354032428004, 0.00321512715891, 0.00183018157259, 0.00244553736411, 0.00211031222716, 0.00191009172704, 0.00218283198774, 0.00190278294031, 0.00157396541908, 0.000950802234001, 0.000966132851318, 0.000411239190726, 0.00060582975857, 0.000298295781249, 0.000497822533362, 0.000423730671173, 0.000968427455518, 0.000537092098966, 0.000196587192477, 0.000178429560037, 0.000155663103214, 0.000358035118552, 0.000281141401501, 0.000343555700965, 0.000385926075978, 0.000199589194381, 0.000280682113953, 0.000463880365714, 0.000386147759855, 0.000109969543701, 9.0251895017e-05],
        "mean": [0.000892990268767, 0.00261138193309, 0.00134811946191, 0.000866975344252, 0.00055148138199, 0.000352561328327, 0.000222049493459, 0.000192254505237, 0.000212144790567, 0.000164429162396, 0.000102807447547, 9.05612978386e-05, 5.66947419429e-05, 5.02727598359e-05, 6.72172755003e-05, 6.15130775259e-05, 4.95699205203e-05, 3.57998906111e-05, 3.07034461002e-05, 3.07466616505e-05, 3.04785044136e-05, 2.87284947262e-05, 2.57155952568e-05, 1.74407214217e-05, 1.74601209437e-05, 2.84793059109e-05, 1.4170126633e-05, 6.39852942186e-06, 5.55040423933e-06, 5.67757115277e-06, 5.35430717719e-06, 5.4511633607e-06, 4.99622592542e-06, 4.14029409512e-06, 2.75098477687e-06, 2.76771038443e-06, 3.21222637467e-06, 2.04484535971e-06, 1.33280070713e-06, 1.04030470993e-06],
        "median": [0.000372375303414, 0.0021656206809, 0.000943628954701, 0.000504818395711, 0.000310530886054, 0.000184538715985, 0.00013232154015, 0.000101155019365, 8.13087535789e-05, 7.45768338675e-05, 4.52732856502e-05, 4.45381083409e-05, 2.34468498093e-05, 1.95002266992e-05, 1.53234377649e-05, 1.6031521227e-05, 1.42502412928e-05, 1.80234310392e-05, 1.84149066627e-05, 1.88666090253e-05, 2.40901208599e-05, 2.3074555429e-05, 2.16527296288e-05, 1.47389982885e-05, 1.15608472697e-05, 9.39864912652e-06, 6.22770585323e-06, 4.03202557209e-06, 3.91082267015e-06, 3.03643810184e-06, 3.03742513097e-06, 3.06590800392e-06, 1.53037410655e-06, 5.17875491823e-07, 4.22959573143e-07, 3.87523584777e-07, 4.31560835068e-07, 3.02009539155e-07, 2.03254529652e-07, 1.62874130183e-07],
        "min": [8.78908292868e-25, 4.02870869866e-24, 1.3316398065e-24, 9.62602392e-25, 2.44108766993e-24, 2.93103123158e-24, 3.35618268885e-24, 1.75657235487e-24, 3.71250524328e-24, 5.67321034574e-24, 2.56897582773e-24, 3.3654131503e-24, 3.0521856727e-24, 2.80072758169e-24, 3.95510915949e-24, 4.08095653413e-24, 3.99924198284e-24, 2.76201324669e-24, 5.03054351006e-24, 3.47843364663e-24, 5.29721241704e-24, 5.06347608627e-24, 3.47012773016e-24, 5.69189412185e-24, 6.46835531693e-24, 4.07739009398e-24, 5.29292771904e-24, 5.08843761746e-24, 5.89290968557e-24, 5.59785637992e-24, 6.52425715612e-24, 5.35707394354e-24, 3.90462324485e-24, 7.52526524129e-24, 6.46284078478e-24, 8.54337543646e-24, 6.18685858594e-24, 8.33945252587e-24, 7.66712925332e-24, 6.975385803e-24],
        "var": [6.3073362071e-06, 8.01606438472e-06, 2.79960499938e-06, 1.83707084034e-06, 5.97135169755e-07, 2.70930371471e-07, 1.08536561072e-07, 8.91753373367e-08, 1.65594912005e-07, 6.68426167749e-08, 3.43719150919e-08, 1.57708974768e-08, 1.00880717113e-08, 9.4812344642e-09, 2.31840058262e-08, 1.5559869837e-08, 1.33104300915e-08, 4.5349564104e-09, 2.97783642189e-09, 4.8006736364e-09, 1.24505949994e-09, 1.15370135667e-09, 8.17807044307e-10, 4.46346015703e-10, 5.78739223211e-10, 5.39465450089e-09, 8.94965934695e-10, 9.73356534262e-11, 6.45891257145e-11, 8.5128647187e-11, 9.18054868237e-11, 1.35106772992e-10, 2.24234297796e-10, 1.87612397839e-10, 8.08000680252e-11, 1.06502112684e-10, 1.61245641839e-10, 7.95224788797e-11, 2.23100461716e-11, 1.58991344396e-11]
    },
    "mfcc": {
        "mean": [-678.542419434, 129.873382568, 8.48653507233, 19.0114250183, -1.98353207111, 0.455432623625, -4.08880281448, 2.53975939751, -0.838133454323, -1.44801163673, -0.517013967037, -3.0518784523, -5.66492462158],
        "cov": [[20719.7382812, -3003.24389648, -1400.13671875, 2894.78369141, 1511.80395508, 1081.47485352, 507.761383057, 336.804168701, -30.200510025, -134.464736938, -51.2523727417, 158.177490234, -21.8601741791], [-3003.24389648, 2144.66479492, 263.737792969, -284.986846924, -174.263839722, -186.099441528, -68.6362609863, -113.853820801, -88.3438796997, -140.148025513, -119.680458069, -142.811706543, -54.9941864014], [-1400.13671875, 263.737792969, 1052.55175781, -187.527984619, -59.4864883423, 77.7004318237, -5.7193236351, -64.6297607422, -131.323318481, -66.9604034424, -113.135215759, -75.403137207, -13.8467006683], [2894.78369141, -284.986846924, -187.527984619, 873.172180176, 353.397186279, 204.976333618, 57.6143608093, -3.88184213638, -20.9081611633, -97.5425567627, -61.4613456726, -13.1664495468, 8.19914531708], [1511.80395508, -174.263839722, -59.4864883423, 353.397186279, 368.655822754, 116.047843933, 41.7558097839, 32.2248573303, 17.3881607056, -7.96462488174, -8.90829753876, 20.4936389923, 9.2059545517], [1081.47485352, -186.099441528, 77.7004318237, 204.976333618, 116.047843933, 225.794586182, 84.9478759766, 18.1884422302, -11.3840036392, -17.5077362061, -0.225555747747, 25.9583625793, 7.17463970184], [507.761383057, -68.6362609863, -5.7193236351, 57.6143608093, 41.7558097839, 84.9478759766, 198.595123291, 73.17552948, 31.4839248657, 49.6781654358, 50.1422042847, 34.1156539917, 20.86460495], [336.804168701, -113.853820801, -64.6297607422, -3.88184213638, 32.2248573303, 18.1884422302, 73.17552948, 170.862319946, 102.512039185, 79.8246154785, 61.9866981506, 43.6528358459, 37.138469696], [-30.200510025, -88.3438796997, -131.323318481, -20.9081611633, 17.3881607056, -11.3840036392, 31.4839248657, 102.512039185, 214.879257202, 137.622772217, 97.8145599365, 61.152671814, 47.9027900696], [-134.464736938, -140.148025513, -66.9604034424, -97.5425567627, -7.96462488174, -17.5077362061, 49.6781654358, 79.8246154785, 137.622772217, 225.235244751, 141.737167358, 72.6277313232, 40.2205429077], [-51.2523727417, -119.680458069, -113.135215759, -61.4613456726, -8.90829753876, -0.225555747747, 50.1422042847, 61.9866981506, 97.8145599365, 141.737167358, 187.041885376, 104.680976868, 34.9226036072], [158.177490234, -142.811706543, -75.403137207, -13.1664495468, 20.4936389923, 25.9583625793, 34.1156539917, 43.6528358459, 61.152671814, 72.6277313232, 104.680976868, 149.15284729, 48.4031143188], [-21.8601741791, -54.9941864014, -13.8467006683, 8.19914531708, 9.2059545517, 7.17463970184, 20.86460495, 37.138469696, 47.9027900696, 40.2205429077, 34.9226036072, 48.4031143188, 99.9802093506]],
