{
"lowlevel": {
    "average_loudness": 0.495696902275,
    "barkbands_crest": {
        "dmean": 2.44479179382,
        "dmean2": 3.90710306168,
        "dvar": 5.42861652374,
        "dvar2": 13.4152202606,
        "max": 26.5937023163,
        "mean": 13.5467567444,
        "median": 12.8028373718,
        "min": 4.07889604568,
        "var": 21.0240192413
    },
    "barkbands_flatness_db": {
        "dmean": 0.0325660444796,
        "dmean2": 0.0498178936541,
        "dvar": 0.00139858131297,
        "dvar2": 0.00310717429966,
        "max": 0.63489741087,
        "mean": 0.36667406559,
        "median": 0.369599282742,
        "min": 0.0612589158118,
        "var": 0.00817186944187
    },
    "barkbands_kurtosis": {
        "dmean": 5.78756475449,
        "dmean2": 8.88018894196,
        "dvar": 205.424209595,
        "dvar2": 477.999572754,
        "max": 492.675079346,
        "mean": 10.319111824,
        "median": 3.0037560463,
        "min": -1.91118979454,
        "var": 573.057556152
    },
    "barkbands_skewness": {
        "dmean": 0.689184308052,
        "dmean2": 1.02989053726,
        "dvar": 0.748092055321,
        "dvar2": 1.58568954468,
        "max": 16.3252487183,
        "mean": 1.23793458939,
        "median": 1.046864748,
        "min": -10.4856882095,
        "var": 4.40761995316
    },
    "barkbands_spread": {
        "dmean": 1.67472529411,
        "dmean2": 2.62072920799,
        "dvar": 8.26009178162,
        "dvar2": 20.4285507202,
        "max": 80.2418823242,
        "mean": 6.18227958679,
        "median": 4.80007553101,
        "min": 0.125864490867,
        "var": 27.8149909973
    },
    "dissonance": {
        "dmean": 0.0534169748425,
        "dmean2": 0.0903931558132,
        "dvar": 0.00245776725933,
        "dvar2": 0.00686252582818,
        "max": 0.499999880791,
        "mean": 0.362898498774,
        "median": 0.368604391813,
        "min": 0.0422190651298,
        "var": 0.00505448319018
    },
    "dynamic_complexity": 5.37136554718,
    "erbbands_crest": {
        "dmean": 2.87575769424,
        "dmean2": 4.4137802124,
        "dvar": 7.94982767105,
        "dvar2": 17.6611442566,
        "max": 35.0182609558,
        "mean": 16.0159111023,
        "median": 14.8347501755,
        "min": 2.36889338493,
        "var": 44.7136878967
    },
    "erbbands_flatness_db": {
        "dmean": 0.0274194478989,
        "dmean2": 0.039086330682,
        "dvar": 0.00106820114888,
        "dvar2": 0.00207978649996,
        "max": 0.64594244957,
        "mean": 0.362215667963,
        "median": 0.362716317177,
        "min": 0.0492186062038,
        "var": 0.00992710795254
    },
    "erbbands_kurtosis": {
        "dmean": 3.8522644043,
        "dmean2": 5.88513994217,
        "dvar": 65.8373641968,
        "dvar2": 150.685760498,
        "max": 246.876220703,
        "mean": 7.37147378922,
        "median": 1.95655417442,
        "min": -1.8346310854,
        "var": 255.489517212
    },
    "erbbands_skewness": {
        "dmean": 0.570304751396,
        "dmean2": 0.846632540226,
        "dvar": 0.470944285393,
        "dvar2": 1.01686906815,
        "max": 12.6620464325,
        "mean": 0.316250026226,
        "median": 0.227565050125,
        "min": -9.18161296844,
        "var": 3.61934900284
    },
    "erbbands_spread": {
        "dmean": 3.32407569885,
        "dmean2": 5.016518116,
        "dvar": 41.536605835,
        "dvar2": 94.3253936768,
        "max": 197.93132019,
        "mean": 11.8376750946,
        "median": 9.27872848511,
        "min": 0.331125974655,
        "var": 116.144126892
    },
    "hfc": {
        "dmean": 3.48956799507,
        "dmean2": 5.13770341873,
        "dvar": 37.627407074,
        "dvar2": 82.1413726807,
        "max": 119.962890625,
        "mean": 11.2583045959,
        "median": 6.54884147644,
        "min": 1.25314223207e-16,
        "var": 178.828384399
    },
    "melbands_crest": {
        "dmean": 2.945561409,
        "dmean2": 4.65442371368,
        "dvar": 8.3955783844,
        "dvar2": 19.9245872498,
        "max": 34.8682289124,
        "mean": 16.7132434845,
        "median": 15.9236488342,
        "min": 1.61029005051,
        "var": 34.6334075928
    },
    "melbands_flatness_db": {
        "dmean": 0.0357045270503,
        "dmean2": 0.0548897609115,
        "dvar": 0.0018040810246,
        "dvar2": 0.00405295891687,
        "max": 0.794839739799,
        "mean": 0.471035093069,
        "median": 0.473087340593,
        "min": 0.00306183914654,
        "var": 0.00946071278304
    },
    "melbands_kurtosis": {
        "dmean": 6.39635515213,
        "dmean2": 9.66272449493,
        "dvar": 503.286560059,
        "dvar2": 1088.82434082,
        "max": 810.986694336,
        "mean": 10.7707872391,
        "median": 3.20429968834,
        "min": -1.9468613863,
        "var": 998.119628906
    },
    "melbands_skewness": {
        "dmean": 0.636519789696,
        "dmean2": 0.953942418098,
        "dvar": 0.686031222343,
        "dvar2": 1.42162287235,
        "max": 21.4507465363,
        "mean": 1.36323082447,
        "median": 1.21630597115,
        "min": -6.34555006027,
        "var": 3.61652493477
    },
    "melbands_spread": {
        "dmean": 2.15346884727,
        "dmean2": 3.38746190071,
        "dvar": 12.4852838516,
        "dvar2": 29.7309474945,
        "max": 150.845611572,
        "mean": 9.2068862915,
        "median": 6.79135036469,
        "min": 0.276651084423,
        "var": 155.560958862
    },
    "pitch_salience": {
        "dmean": 0.0676643103361,
        "dmean2": 0.109430596232,
        "dvar": 0.00450832722709,
        "dvar2": 0.0111077344045,
        "max": 0.858336269855,
        "mean": 0.472194910049,
        "median": 0.475134819746,
        "min": 0.0745520070195,
        "var": 0.0165363736451
    },
    "silence_rate_20dB": {
        "dmean": 0,
        "dmean2": 0,
        "dvar": 0,
        "dvar2": 0,
        "max": 1,
        "mean": 1,
        "median": 1,
        "min": 1,
        "var": 0
    },
    "silence_rate_30dB": {
        "dmean": 0.0136223938316,
        "dmean2": 0.0272470507771,
        "dvar": 0.0134355118498,
        "dvar2": 0.0326480343938,
        "max": 1,
        "mean": 0.987956821918,
        "median": 1,
        "min": 0,
        "var": 0.0119005739689
    },
    "silence_rate_60dB": {
        "dmean": 0.0240883789957,
        "dmean2": 0.0481807626784,
        "dvar": 0.0235077310354,
        "dvar2": 0.0548286885023,
        "max": 1,
        "mean": 0.152242526412,
        "median": 0,
        "min": 0,
        "var": 0.129070684314
    },
    "spectral_centroid": {
        "dmean": 65.6288757324,
        "dmean2": 102.571990967,
        "dvar": 15484.3369141,
        "dvar2": 29028.0292969,
        "max": 11070.9560547,
        "mean": 588.029724121,
        "median": 510.854248047,
        "min": 95.5577163696,
        "var": 168878.953125
    },
    "spectral_complexity": {
        "dmean": 1.27153420448,
        "dmean2": 2.09403562546,
        "dvar": 1.67599606514,
        "dvar2": 3.90974354744,
        "max": 20,
        "mean": 8.01079750061,
        "median": 8,
        "min": 0,
        "var": 14.0258798599
    },
    "spectral_decrease": {
        "dmean": 2.0288668523e-09,
        "dmean2": 3.08290593054e-09,
        "dvar": 1.41443666125e-17,
        "dvar2": 3.25238516392e-17,
        "max": 1.90955554307e-18,
        "mean": -6.2123226563e-09,
        "median": -4.31338609275e-09,
        "min": -6.51788525374e-08,
        "var": 4.1503893114e-17
    },
    "spectral_energy": {
        "dmean": 0.00793605111539,
        "dmean2": 0.0120315682143,
        "dvar": 0.000210572048672,
        "dvar2": 0.000481642433442,
        "max": 0.252895057201,
        "mean": 0.0244677271694,
        "median": 0.0170917399228,
        "min": 1.07723925043e-20,
        "var": 0.000638499681372
    },
    "spectral_energyband_high": {
        "dmean": 5.15616011398e-05,
        "dmean2": 7.78999310569e-05,
        "dvar": 5.400635672e-08,
        "dvar2": 1.27640930714e-07,
        "max": 0.00276680290699,
        "mean": 4.64646109322e-05,
        "median": 1.69483058698e-07,
        "min": 7.79655855188e-21,
        "var": 5.0883414815e-08
    },
    "spectral_energyband_low": {
        "dmean": 0.00383626134135,
        "dmean2": 0.00612476002425,
        "dvar": 0.000149827785208,
        "dvar2": 0.000381820922485,
        "max": 0.137866690755,
        "mean": 0.00770166283473,
        "median": 0.000398019416025,
        "min": 3.52633383299e-23,
        "var": 0.000220945643377
    },
    "spectral_energyband_middle_high": {
        "dmean": 0.00175328273326,
        "dmean2": 0.00259341392666,
        "dvar": 1.52135089593e-05,
        "dvar2": 3.43582541973e-05,
        "max": 0.0867138281465,
        "mean": 0.00484353955835,
        "median": 0.00124427652918,
        "min": 1.3388537186e-21,
        "var": 8.46611510497e-05
    },
    "spectral_energyband_middle_low": {
        "dmean": 0.00422325730324,
        "dmean2": 0.00658818800002,
        "dvar": 6.07933325227e-05,
        "dvar2": 0.000144461213495,
        "max": 0.158416762948,
        "mean": 0.0124889295548,
        "median": 0.00688460702077,
        "min": 2.85063332069e-22,
        "var": 0.000247371004662
    },
    "spectral_entropy": {
        "dmean": 0.2450620085,
        "dmean2": 0.369146823883,
        "dvar": 0.0885819345713,
        "dvar2": 0.198621332645,
        "max": 9.80324649811,
        "mean": 5.66872167587,
        "median": 5.64633274078,
        "min": 3.29148650169,
        "var": 0.351939976215
    },
    "spectral_flux": {
        "dmean": 0.0235140454024,
        "dmean2": 0.0372904650867,
        "dvar": 0.00100744713563,
        "dvar2": 0.00237376010045,
        "max": 0.417051047087,
        "mean": 0.0548914261162,
        "median": 0.0435663834214,
        "min": 1.03790136208e-10,
        "var": 0.00214222609065
    },
    "spectral_kurtosis": {
        "dmean": 31.5917053223,
        "dmean2": 51.7589607239,
        "dvar": 1297.99829102,
        "dvar2": 3457.0637207,
        "max": 519.57598877,
        "mean": 86.3345184326,
        "median": 66.1660614014,
        "min": -1.25439202785,
        "var": 5329.67578125
    },
    "spectral_rms": {
        "dmean": 0.000690587738063,
        "dmean2": 0.00102389312815,
        "dvar": 8.9259390279e-07,
        "dvar2": 1.87257558082e-06,
        "max": 0.0157075412571,
        "mean": 0.00424199784175,
        "median": 0.00408348720521,
        "min": 3.241859255e-12,
        "var": 5.87642534811e-06
    },
    "spectral_rolloff": {
        "dmean": 99.3191299438,
        "dmean2": 176.395263672,
        "dvar": 121864.210938,
        "dvar2": 287821.5,
        "max": 19724.4140625,
        "mean": 816.53314209,
        "median": 667.529296875,
        "min": 64.599609375,
        "var": 2673243.25
    },
    "spectral_skewness": {
        "dmean": 1.58616995811,
        "dmean2": 2.61445212364,
        "dvar": 2.42151689529,
        "dvar2": 6.43902206421,
        "max": 17.973487854,
        "mean": 6.44418001175,
        "median": 6.03920459747,
        "min": 0.03017359972,
        "var": 8.99904251099
    },
    "spectral_spread": {
        "dmean": 678180.8125,
        "dmean2": 976496.5625,
        "dvar": 1.37449924198e+12,
        "dvar2": 2.19803090944e+12,
        "max": 43033088,
        "mean": 1975399.875,
        "median": 1155522,
        "min": 155835.859375,
        "var": 5.22641892966e+12
    },
    "spectral_strongpeak": {
        "dmean": 0.517372190952,
        "dmean2": 0.830826759338,
        "dvar": 0.772421419621,
        "dvar2": 1.75828075409,
        "max": 14.1313962936,
        "mean": 1.48379039764,
        "median": 0.745137214661,
        "min": 0,
        "var": 3.22197937965
    },
    "zerocrossingrate": {
        "dmean": 0.00428198184818,
        "dmean2": 0.00530672259629,
        "dvar": 5.74880687054e-05,
        "dvar2": 8.19000415504e-05,
        "max": 0.52880859375,
        "mean": 0.0318720303476,
        "median": 0.02587890625,
        "min": 0.0029296875,
        "var": 0.001955750864
    },
    "barkbands": {
        "dmean": [1.82204294106e-05, 0.00243339524604, 0.00156910601072, 0.00046589737758, 0.00226358301006, 0.000576307997108, 0.000875851430465, 0.00065258028917, 0.000663752201945, 0.000945397361647, 0.000799611851107, 0.000414839509176, 0.000131815031637, 3.14414864988e-05, 3.03290853481e-05, 2.48512333201e-05, 1.09574975795e-05, 4.58468139186e-06, 5.61609613214e-06, 8.50806600283e-07, 7.04985836819e-07, 6.49869662084e-07, 8.14828524653e-07, 3.15569559461e-06, 9.90835542325e-06, 2.32075053646e-05, 1.34405754579e-05],
        "dmean2": [3.11559670081e-05, 0.00403186073527, 0.00239883875474, 0.000786503020208, 0.00381593988277, 0.000868672213983, 0.00130965339486, 0.0010070647113, 0.000871755531989, 0.00134702643845, 0.00120153510943, 0.00061777967494, 0.000213323291973, 5.02793736814e-05, 4.74720654893e-05, 3.740887405e-05, 1.66971876752e-05, 6.8757635745e-06, 9.67743380897e-06, 1.15762532005e-06, 1.02910212263e-06, 1.05500544123e-06, 1.29304180518e-06, 4.91899163535e-06, 1.53214186867e-05, 3.548251334e-05, 2.00395188585e-05],
        "dvar": [2.06286410176e-09, 8.07613760117e-05, 2.23477763939e-05, 1.67933080775e-06, 3.03765918943e-05, 2.56742578131e-06, 6.84109727445e-06, 6.07797983321e-06, 3.30428247253e-06, 6.91846844347e-06, 6.64767549097e-06, 4.99617817695e-06, 1.4012614713e-07, 1.10052491564e-08, 1.30831097067e-08, 2.07489296855e-08, 2.26112550905e-09, 5.93117943648e-10, 9.57038004401e-10, 9.92269669209e-11, 9.35568150728e-11, 7.28249145016e-12, 1.01445683451e-11, 1.80541415151e-10, 2.11393613725e-09, 1.22069110375e-08, 3.91394472388e-09],
        "dvar2": [5.93815441263e-09, 0.000217639506445, 5.50894219487e-05, 4.48999026048e-06, 8.19858105388e-05, 4.77228104501e-06, 1.32436252898e-05, 1.16944893307e-05, 5.82647771807e-06, 1.40458678288e-05, 1.52914144564e-05, 1.02431758933e-05, 3.42366831774e-07, 2.51166909493e-08, 3.11065591063e-08, 4.71524117529e-08, 4.54955539908e-09, 7.25187743189e-10, 2.41655140343e-09, 1.07450930098e-10, 1.47230824754e-10, 1.78309277066e-11, 2.46066274995e-11, 4.02493122165e-10, 5.19255616283e-09, 3.00109626039e-08, 8.88808759925e-09],
        "max": [0.000564888992812, 0.125272810459, 0.0529363937676, 0.0181548632681, 0.131761774421, 0.0749119669199, 0.0646356940269, 0.0878623202443, 0.0784920975566, 0.0780218616128, 0.0753317475319, 0.0865543112159, 0.0105009712279, 0.00371999084018, 0.00403070216998, 0.00570588978007, 0.00250815646723, 0.00123889709357, 0.000857921608258, 0.00082016561646, 0.000743951008189, 3.87350701203e-05, 4.69031656394e-05, 0.000177326088306, 0.000591799675021, 0.00146302464418, 0.000871423748322],
        "mean": [3.78545519197e-05, 0.0036550166551, 0.00385629269294, 0.000642633880489, 0.003843419021, 0.00141751975752, 0.002253691433, 0.00136649527121, 0.00196853023954, 0.0023365272209, 0.00164266757201, 0.00101466604974, 0.000207479053643, 4.75638735224e-05, 5.67540118936e-05, 3.82091384381e-05, 1.99717087526e-05, 7.42870906834e-06, 7.74548971094e-06, 1.11993153951e-06, 7.94053107711e-07, 5.6533139059e-07, 7.40273662814e-07, 2.94468145512e-06, 8.48728541314e-06, 2.06692366191e-05, 1.19697833725e-05],
        "median": [9.4893118785e-07, 7.03807891114e-05, 0.000108507229015, 0.000174402317498, 0.0014650238445, 0.00022237788653, 0.00027971889358, 9.09320588107e-05, 0.000384439714253, 0.000419603253249, 0.000149189610966, 2.41726083914e-05, 2.46256713581e-05, 6.16077841187e-06, 5.74714522372e-06, 2.94321989713e-06, 2.5070371521e-06, 7.0499316962e-07, 3.69067095107e-07, 6.72823787795e-08, 3.39028751739e-08, 1.08610276328e-08, 7.50335082955e-09, 7.79152031782e-09, 6.24852347642e-09, 4.86146856105e-09, 2.22700169417e-09],
        "min": [4.41749731668e-25, 1.32725137329e-23, 1.59865439233e-23, 1.51951839068e-23, 9.63444185472e-24, 2.6276235734e-23, 5.85044049099e-23, 9.47192104657e-23, 7.09389479907e-23, 5.56671183584e-23, 8.94914923557e-23, 5.00336038878e-23, 1.53225590683e-22, 1.1993136908e-22, 3.06059477217e-23, 8.90345525649e-23, 1.36343904203e-22, 2.19096183089e-22, 2.95904199416e-22, 3.77788819659e-22, 4.53862349686e-22, 3.84053107309e-22, 3.6579785622e-22, 1.12084810731e-21, 1.38184610782e-21, 1.56217774176e-21, 2.49728835961e-21],
        "var": [5.64676616577e-09, 8.58545099618e-05, 5.10617210239e-05, 1.82697840501e-06, 4.377026562e-05, 1.45726999108e-05, 3.06866313622e-05, 2.46015570156e-05, 2.77532144537e-05, 3.7186571717e-05, 3.09447132167e-05, 2.81411321339e-05, 3.22618205928e-07, 2.56616274896e-08, 3.6556677685e-08, 3.62275187626e-08, 7.63695506834e-09, 1.98228078396e-09, 1.72226388706e-09, 2.86375007041e-10, 1.82358655954e-10, 6.45986519485e-12, 9.34652789192e-12, 1.82507717272e-10, 1.82745218957e-09, 1.0905387704e-08, 3.84685838739e-09]
    },
    "erbbands": {
        "dmean": [0.0347766205668, 0.678102016449, 2.14618301392, 0.984779417515, 6.52837610245, 6.78327798843, 4.3138833046, 4.73677206039, 12.6242666245, 12.5824260712, 12.5325183868, 16.7504310608, 23.0231208801, 28.3294677734, 25.8834877014, 19.0311965942, 7.62436771393, 1.76066231728, 1.69645261765, 1.16901195049, 0.885704219341, 0.442635446787, 0.31193780899, 0.253074526787, 0.281480908394, 0.0534613206983, 0.0374447405338, 0.015460902825, 0.0204373970628, 0.0245611872524, 0.0237497072667, 0.0460834987462, 0.0639514550567, 0.068472482264, 0.101805157959, 0.0777453035116, 0.0458802878857, 0.0168539714068, 0.00251373439096, 7.01084136381e-05],
        "dmean2": [0.0551738813519, 1.12138652802, 3.31581568718, 1.53119194508, 11.0316104889, 11.4607219696, 6.92248916626, 7.26973295212, 18.5574188232, 19.176776886, 18.5691585541, 21.6443901062, 33.8182907104, 41.3611183167, 39.1954269409, 27.9978733063, 11.8990497589, 2.75969672203, 2.697483778, 1.77510750294, 1.31783568859, 0.678334593773, 0.458486735821, 0.409369528294, 0.48640114069, 0.0745481476188, 0.0522966496646, 0.0252380799502, 0.0334086045623, 0.039819970727, 0.036898188293, 0.0710457414389, 0.101221993566, 0.104161143303, 0.162815362215, 0.121515318751, 0.0698517411947, 0.0256698913872, 0.00370215112343, 0.000104559512693],
        "dvar": [0.014866206795, 6.09128093719, 44.5761413574, 5.31283140182, 416.850616455, 174.528305054, 85.4100341797, 180.475479126, 1456.93994141, 1619.73522949, 3214.30712891, 1730.68664551, 6528.20849609, 6540.57519531, 5867.60302734, 12277.9775391, 447.997344971, 33.6881828308, 49.1185836792, 20.821680069, 19.8775444031, 3.02575850487, 2.03385424614, 1.2063139677, 2.83570766449, 0.297342211008, 0.334155768156, 0.00406599836424, 0.00708322413266, 0.00960546545684, 0.0079700909555, 0.032710108906, 0.0848001912236, 0.101369604468, 0.246888145804, 0.144362494349, 0.0468259565532, 0.00616704579443, 0.00013216419029, 8.77550832001e-08],
        "dvar2": [0.0400068424642, 16.2602062225, 109.604774475, 12.4967899323, 1078.78479004, 492.641723633, 199.668273926, 338.803710938, 2807.6862793, 3259.36108398, 5999.53125, 2789.53637695, 12990.1269531, 14602.7402344, 13584.7333984, 25078.2207031, 978.905456543, 74.60912323, 119.168380737, 47.6963043213, 43.047870636, 6.27604341507, 2.84893250465, 2.49980139732, 7.61294555664, 0.301230639219, 0.498319774866, 0.0102436393499, 0.0173986405134, 0.0230707917362, 0.0189303513616, 0.068916708231, 0.197466731071, 0.247897461057, 0.624185502529, 0.361665993929, 0.113018915057, 0.014702193439, 0.000292730081128, 1.93644609681e-07],
        "max": [1.83817613125, 32.8765525818, 72.0039367676, 35.6030387878, 451.274261475, 306.329467773, 307.55166626, 660.143188477, 921.821350098, 1368.75146484, 2450.5144043, 1556.07495117, 3059.29760742, 2542.41772461, 2924.39160156, 4469.51513672, 554.427612305, 223.16343689, 256.307037354, 158.357467651, 168.378997803, 63.1230316162, 64.6356048584, 47.0491752625, 50.3093528748, 45.2050704956, 44.9949493408, 1.46697533131, 1.18397033215, 1.20507025719, 1.75162148476, 2.27850031853, 3.87247991562, 4.75396156311, 7.08664894104, 5.59103536606, 2.78833031654, 1.03128397465, 0.165477663279, 0.00490036932752],
        "mean": [0.0597835332155, 1.01415014267, 4.64651155472, 2.51176786423, 9.87378978729, 11.7671041489, 10.0816545486, 11.9322595596, 31.8879985809, 29.32721138, 35.8158683777, 51.6904335022, 56.1245689392, 67.0372009277, 55.963809967, 49.3563842773, 15.1131830215, 3.09689068794, 2.90972447395, 2.63427090645, 1.54889595509, 0.812502682209, 0.580703020096, 0.387883573771, 0.376883298159, 0.0749911144376, 0.0451694205403, 0.0143487686291, 0.018154034391, 0.0216661095619, 0.0221303794533, 0.04390059039, 0.0588772334158, 0.0619102418423, 0.0826696231961, 0.0658042728901, 0.0414673276246, 0.0151603557169, 0.00229352898896, 8.47144547151e-05],
        "median": [0.00128232315183, 0.0211952216923, 0.143556147814, 0.694756388664, 1.87097680569, 5.4976849556, 4.13232040405, 2.31073069572, 4.29627609253, 3.70988845825, 4.99092054367, 11.6043167114, 11.204533577, 12.3803424835, 7.78993701935, 2.03744840622, 1.68046855927, 0.536950945854, 0.433369874954, 0.26755797863, 0.18779052794, 0.127375692129, 0.0746056288481, 0.0396970659494, 0.0136201782152, 0.00558515777811, 0.0021445446182, 0.0010695316596, 0.000486996403197, 0.000307067472022, 0.000241742352955, 0.000169981838553, 0.000140001851832, 8.86750494828e-05, 5.4532494687e-05, 3.12131269311e-05, 1.55787347467e-05, 4.28274597652e-06, 1.18332527563e-05, 2.20983438339e-05],
        "min": [6.20487190917e-22, 2.19451783914e-21, 1.08592602011e-20, 3.94524730198e-20, 5.75322598347e-20, 1.96345341686e-20, 5.53072732339e-20, 3.24773416515e-19, 8.97373401575e-19, 6.71498241934e-19, 2.53734985243e-18, 1.82886738303e-18, 1.20521766213e-18, 2.98673557254e-18, 3.30909199315e-18, 2.64707846261e-18, 6.8854510053e-18, 5.45343055218e-18, 4.334058728e-18, 2.56875500516e-18, 5.40633626477e-18, 7.92927973286e-18, 1.33963802718e-17, 1.05718926609e-17, 1.55503106104e-17, 1.53041896366e-17, 2.49556056381e-17, 1.3225139823e-17, 1.15380801482e-17, 1.51342685408e-17, 1.2336962912e-17, 2.12868710242e-17, 1.73832551667e-17, 1.40356502646e-17, 1.10150596372e-17, 6.45756660445e-18, 2.68355443929e-18, 1.12227284999e-18, 3.57946228362e-19, 4.02019148106e-20],
        "var": [0.017989942804, 6.5568819046, 78.8273239136, 13.7257785797, 584.591796875, 282.43258667, 401.285461426, 985.362182617, 6398.93945312, 6180.46777344, 19544.1113281, 14883.375, 33799.9296875, 29607.3808594, 26673.2285156, 70146.5, 1771.7611084, 85.5071716309, 119.10345459, 78.3143997192, 42.7479171753, 8.59876823425, 6.53161811829, 2.59152197838, 4.79924726486, 0.899246573448, 0.688947081566, 0.00362680759281, 0.00630181282759, 0.00878404825926, 0.00772440060973, 0.03611048311, 0.0798978433013, 0.090049430728, 0.198212519288, 0.119635418057, 0.0431410782039, 0.00582384830341, 0.000135932699777, 9.36116393291e-08]
    },
    "gfcc": {
        "mean": [-207.840759277, 190.629333496, -93.0573272705, -54.3852920532, -35.6768913269, -14.7730913162, -27.7566814423, -1.4075807333, -25.0713386536, -19.6950263977, -12.3089723587, -5.90467119217, -4.08286523819],
        "cov": [[22623.9628906, 21.7269077301, 921.746887207, -621.126281738, 52.7012062073, 1064.12573242, -201.850006104, 765.055053711, -522.571838379, -18.3813457489, -445.543762207, 299.973022461, -523.519897461], [21.7269077301, 3896.13134766, -998.460021973, -467.835449219, 658.215881348, -547.577331543, 474.291473389, -91.9407730103, 333.460449219, -311.414733887, 284.921264648, -339.457763672, 242.325210571], [921.746887207, -998.460021973, 4559.42871094, 1655.05212402, 180.285751343, 1200.04638672, -86.5243988037, 442.272064209, 170.379165649, 493.341430664, -301.319702148, 188.07409668, -361.699737549], [-621.126281738, -467.835449219, 1655.05212402, 2142.56274414, 691.860168457, 469.877655029, 261.565795898, 420.251464844, 218.228775024, 176.99420166, -108.107444763, -81.4244308472, -22.4241065979], [52.7012062073, 658.215881348, 180.285751343, 691.860168457, 791.751953125, 177.95072937, 209.625076294, 192.718017578, 137.401397705, -35.6170425415, 53.3014335632, -92.7667999268, 48.5673751831], [1064.12573242, -547.577331543, 1200.04638672, 469.877655029, 177.95072937, 900.03112793, 137.671936035, 123.262626648, 43.5266876221, 168.574951172, -70.56690979, 132.808380127, -114.308753967], [-201.850006104, 474.291473389, -86.5243988037, 261.565795898, 209.625076294, 137.671936035, 524.991943359, 158.412887573, 16.172416687, -105.423561096, 52.5618476868, -33.7269210815, 102.220420837], [765.055053711, -91.9407730103, 442.272064209, 420.251464844, 192.718017578, 123.262626648, 158.412887573, 451.098083496, 123.262519836, 8.65787982941, -80.6578979492, -14.3862171173, 1.96250581741], [-522.571838379, 333.460449219, 170.379165649, 218.228775024, 137.401397705, 43.5266876221, 16.172416687, 123.262519836, 398.048126221, 137.791793823, -23.889213562, -96.4005508423, 30.9315948486], [-18.3813457489, -311.414733887, 493.341430664, 176.99420166, -35.6170425415, 168.574951172, -105.423561096, 8.65787982941, 137.791793823, 293.142425537, 38.5374183655, 42.7029304504, -95.6957397461], [-445.543762207, 284.921264648, -301.319702148, -108.107444763, 53.3014335632, -70.56690979, 52.5618476868, -80.6578979492, -23.889213562, 38.5374183655, 223.976242065, 45.5734291077, -11.4543142319], [299.973022461, -339.457763672, 188.07409668, -81.4244308472, -92.7667999268, 132.808380127, -33.7269210815, -14.3862171173, -96.4005508423, 42.7029304504, 45.5734291077, 201.957351685, -14.3157844543], [-523.519897461, 242.325210571, -361.699737549, -22.4241065979, 48.5673751831, -114.308753967, 102.220420837, 1.96250581741, 30.9315948486, -95.6957397461, -11.4543142319, -14.3157844543, 187.772155762]],
        "icov": [[8.26496252557e-05, -0.000144685953273, 0.000106314713776, -2.74023932434e-05, 6.2159531808e-05, -0.000196122491616, 0.000160308773047, -0.000300625193631, 0.000321167666698, -0.000218487941311, 0.000377041840693, -0.000181415452971, 0.000243987567956], [-0.000144685953273, 0.00114878581371, -0.000613548094407, 0.00071637093788, -0.00102958991192, 0.000986573053524, -0.00105673400685, 0.00109438272193, -0.0015574170975, 0.00128312956076, -0.00167582207359, 0.00110252061859, -0.000659203098621], [0.000106314713776, -0.000613548094407, 0.000946115877014, -0.000717389746569, 0.000661641883198, -0.000954447314143, 0.000677430303767, -0.000798307650257, 0.000847225717735, -0.00100838812068, 0.00154145259876, -0.00102569756564, 0.00107476417907], [-2.74023932434e-05, 0.00071637093788, -0.000717389746569, 0.00164395652246, -0.00154882634524, 0.000745447003283, -0.000998186063953, 0.000259578548139, -0.000499817309901, -9.566519293e-05, -0.000496856693644, 0.0010695165256, -0.000706555903889], [6.2159531808e-05, -0.00102958991192, 0.000661641883198, -0.00154882634524, 0.00368721899576, -0.00178364734165, 0.00147529062815, -0.00146833620965, 0.000727173464838, 0.000441472773673, -0.000820574059617, 0.000373026472516, -0.000152156702825], [-0.000196122491616, 0.000986573053524, -0.000954447314143, 0.000745447003283, -0.00178364734165, 0.00368325621821, -0.00252219149843, 0.00191443099175, -0.00173074111808, 8.18966946099e-05, 0.00039390521124, -0.00126709439792, 0.00074137293268], [0.000160308773047, -0.00105673400685, 0.000677430303767, -0.000998186063953, 0.00147529062815, -0.00252219149843, 0.00493319286034, -0.00259749242105, 0.00181607971899, 0.000484126212541, -0.00129640952218, 0.0008679550956, -0.00164435140323], [-0.000300625193631, 0.00109438272193, -0.000798307650257, 0.000259578548139, -0.00146833620965, 0.00191443099175, -0.00259749242105, 0.00532244378701, -0.00313731911592, 0.00167825073004, 8.13635706436e-05, -0.000691345019732, 0.000470745115308], [0.000321167666698, -0.0015574170975, 0.000847225717735, -0.000499817309901, 0.000727173464838, -0.00173074111808, 0.00181607971899, -0.00313731911592, 0.00755299301818, -0.00554117001593, 0.00261119869538, 0.00154725671746, -0.00151087122504], [-0.000218487941311, 0.00128312956076, -0.00100838812068, -9.566519293e-05, 0.000441472773673, 8.18966946099e-05, 0.000484126212541, 0.00167825073004, -0.00554117001593, 0.0103609124199, -0.00540713127702, 0.000208714031032, 0.00131482840516], [0.000377041840693, -0.00167582207359, 0.00154145259876, -0.000496856693644, -0.000820574059617, 0.00039390521124, -0.00129640952218, 8.13635706436e-05, 0.00261119869538, -0.00540713127702, 0.0124830473214, -0.00597451580688, 0.00440092384815], [-0.000181415452971, 0.00110252061859, -0.00102569756564, 0.0010695165256, 0.000373026472516, -0.00126709439792, 0.0008679550956, -0.000691345019732, 0.00154725671746, 0.000208714031032, -0.00597451580688, 0.0112657854334, -0.00476385373622], [0.000243987567956, -0.000659203098621, 0.00107476417907, -0.000706555903889, -0.000152156702825, 0.00074137293268, -0.00164435140323, 0.000470745115308, -0.00151087122504, 0.00131482840516, 0.00440092384815, -0.00476385373622, 0.0110476333648]]
    },
    "melbands": {
        "dmean": [0.000488886260428, 0.00105880619958, 0.000315285491524, 0.000538579537533, 0.00017709741951, 0.000110002794827, 0.000191382845514, 0.000138692572364, 0.000114588525321, 9.43876366364e-05, 0.000116269031423, 0.000118086907605, 0.000111009088869, 4.60945739178e-05, 3.76661337214e-05, 7.34447530704e-06, 3.5125458453e-06, 2.68978465101e-06, 1.446236638e-06, 2.34572166846e-06, 7.54368102207e-07, 4.23464342703e-07, 5.35525146006e-07, 2.78529682873e-07, 1.86104557542e-07, 2.71714355904e-07, 7.07085163754e-08, 2.58065835368e-08, 3.15220098912e-08, 1.0231616443e-08, 8.27214652332e-09, 1.06083790641e-08, 1.54031649657e-08, 1.30997914738e-08, 1.26094672481e-08, 1.61896096529e-08, 3.4089840284e-08, 4.30105053795e-08, 4.94824625719e-08, 5.61825999057e-08],
        "dmean2": [0.0008092946955, 0.00167633069213, 0.000505185103975, 0.000918226258364, 0.000286004098598, 0.000167113466887, 0.000281719898339, 0.000213348859688, 0.000162711730809, 0.00012385690934, 0.000170639032149, 0.000171063569724, 0.00016643993149, 6.95267517585e-05, 5.52421806788e-05, 1.18876914712e-05, 5.55223232368e-06, 4.31484613728e-06, 2.2577303298e-06, 3.58568627234e-06, 1.11067208763e-06, 6.4718426529e-07, 8.37127458908e-07, 4.05465641506e-07, 3.06791093863e-07, 4.68382808094e-07, 1.13955998415e-07, 3.40705419433e-08, 4.26149568966e-08, 1.71461564946e-08, 1.37704390113e-08, 1.73352106003e-08, 2.50702232307e-08, 2.15966249328e-08, 1.97507930011e-08, 2.48927936042e-08, 5.28859587234e-08, 6.76292657431e-08, 7.86857867752e-08, 8.52841850474e-08],
        "dvar": [3.34767105414e-06, 1.1504073882e-05, 7.28751388124e-07, 1.96621931536e-06, 1.15471593176e-07, 1.01481795411e-07, 3.30760911993e-07, 1.98447068556e-07, 2.22345406087e-07, 5.34469002389e-08, 1.59968593039e-07, 1.16216149593e-07, 1.27716532461e-07, 5.54233885453e-08, 2.93421678066e-08, 4.05693562078e-10, 1.6075060727e-10, 1.18884430078e-10, 2.03076149646e-11, 1.8791972145e-10, 1.11590328991e-11, 2.86142116945e-12, 6.49871259237e-12, 3.50208425627e-12, 8.24825017315e-13, 2.84260570811e-12, 2.26160751368e-13, 8.67476866707e-14, 3.63827078274e-13, 2.14771683578e-15, 1.2524837963e-15, 2.01856315781e-15, 4.53076695289e-15, 2.78649783911e-15, 2.27461401799e-15, 4.1943784058e-15, 1.8535886259e-14, 3.66892829323e-14, 5.89426511072e-14, 6.98152608858e-14],
        "dvar2": [9.2168484116e-06, 2.87343409582e-05, 1.74169292677e-06, 5.38741960554e-06, 2.84456348254e-07, 1.86689675274e-07, 6.27124279617e-07, 4.04456329761e-07, 4.22562351332e-07, 8.92585632073e-08, 3.19516942682e-07, 2.53968835295e-07, 2.93010515406e-07, 1.16051765531e-07, 5.75318281903e-08, 1.00023522798e-09, 3.58416657464e-10, 2.90148682858e-10, 4.66627014806e-11, 4.32584301713e-10, 2.08938664981e-11, 5.41821492187e-12, 1.48216959539e-11, 3.63695532024e-12, 1.69740046671e-12, 7.46450991296e-12, 3.92318393484e-13, 8.40327427868e-14, 5.41128285843e-13, 5.6921965073e-15, 3.31328901659e-15, 5.03939795573e-15, 1.13279238691e-14, 6.90950990745e-15, 5.60925800572e-15, 9.71308689539e-15, 3.91436625409e-14, 8.45130511255e-14, 1.446700561e-13, 1.72265549265e-13],
        "max": [0.0271312892437, 0.0340253002942, 0.0170228835195, 0.0346827507019, 0.0088567584753, 0.0165021065623, 0.0141738345847, 0.0134004354477, 0.019203023985, 0.00835426431149, 0.0151527347043, 0.0106313982978, 0.0123855499551, 0.00836488977075, 0.00655354792252, 0.000465839111712, 0.000469704216812, 0.000408819381846, 0.000132242537802, 0.000543704954907, 0.000152332911966, 0.00010473819566, 0.000102337864519, 0.00010090572323, 4.51043415524e-05, 5.04102972627e-05, 3.09323258989e-05, 2.46958206844e-05, 4.70801023766e-05, 8.12346058865e-07, 8.48335901082e-07, 8.30079727621e-07, 9.87395310403e-07, 7.77690331688e-07, 9.96199219117e-07, 1.06574032088e-06, 1.71242015767e-06, 2.59369380728e-06, 3.72422164219e-06, 4.26343422077e-06],
        "mean": [0.000759681803174, 0.00207753572613, 0.000673827074934, 0.000850398850162, 0.00039961427683, 0.000271586701274, 0.000487560289912, 0.000302856613416, 0.000349549751263, 0.000280733191175, 0.00027387557202, 0.000270128832199, 0.000230363279115, 0.000104642393126, 9.20880993363e-05, 1.14324902825e-05, 5.41759800399e-06, 4.36853861174e-06, 2.9228067433e-06, 4.20990272687e-06, 1.29670831939e-06, 7.73194926751e-07, 8.4884578655e-07, 4.72031615573e-07, 2.58129404074e-07, 3.60170815839e-07, 9.21431535517e-08, 3.53211291326e-08, 3.86699667843e-08, 9.11233843937e-09, 7.34724858731e-09, 9.32574550916e-09, 1.29689388118e-08, 1.14813669683e-08, 1.15386296073e-08, 1.54148640519e-08, 3.19590078846e-08, 3.92824901496e-08, 4.48079866544e-08, 5.17932647881e-08],
        "median": [1.51717304107e-05, 5.85029301874e-05, 0.000171410094481, 0.00029789970722, 0.000179563590791, 4.41388729087e-05, 6.08285190538e-05, 3.35826734954e-05, 5.25242867297e-05, 6.32493611192e-05, 4.31872686022e-05, 4.80580929434e-05, 2.2641470423e-05, 4.99862562719e-06, 4.29624833487e-06, 1.63234358297e-06, 5.96108179707e-07, 5.05306445575e-07, 3.59064131317e-07, 2.62829018993e-07, 1.38733554422e-07, 1.07661435322e-07, 8.45215453182e-08, 3.4288419215e-08, 2.29681109687e-08, 8.8607983173e-09, 4.64895588692e-09, 1.92993132586e-09, 1.07094777491e-09, 6.0475568997e-10, 3.86612825087e-10, 2.38825209609e-10, 1.50463891346e-10, 1.36439942677e-10, 1.23959259524e-10, 1.00535940684e-10, 8.47815706528e-11, 8.95235760523e-11, 6.81232709132e-11, 5.80088407864e-11],
        "min": [4.36967331456e-24, 5.01251882724e-24, 8.16207872906e-24, 2.49028044434e-24, 1.82396789745e-24, 6.64716365731e-24, 1.33199873821e-23, 9.05786578568e-24, 1.95967500789e-23, 1.11192776602e-23, 5.50664788763e-24, 1.11867047572e-23, 1.25553989381e-23, 4.14261587464e-24, 1.3319783856e-23, 1.41784005757e-23, 9.78437828039e-24, 8.66677773672e-24, 2.01128804699e-24, 5.25442499597e-24, 6.70219853836e-24, 8.02192812291e-24, 1.0659703074e-23, 1.08104267828e-23, 7.77160362503e-24, 1.26906515069e-23, 8.60433308519e-24, 1.10573023809e-23, 1.85950655455e-23, 1.05450744847e-23, 5.92215157603e-24, 4.91896071274e-24, 9.85594768602e-24, 7.36083744079e-24, 5.72868974991e-24, 1.06784093326e-23, 1.3591636368e-23, 1.26255641713e-23, 1.04828814798e-23, 1.23982089364e-23],
        "var": [3.47965237779e-06, 1.70958483068e-05, 1.336889909e-06, 2.55969189311e-06, 4.38781967205e-07, 5.72122416997e-07, 1.46548916291e-06, 6.5623635237e-07, 1.56683756813e-06, 4.29732068596e-07, 8.38843391193e-07, 5.12699841693e-07, 5.92781020714e-07, 2.84728031374e-07, 1.63750655702e-07, 9.31132282389e-10, 3.91880167205e-10, 2.82084688941e-10, 7.49472706119e-11, 3.48413492501e-10, 3.67060722095e-11, 1.15692386227e-11, 1.19698678053e-11, 1.25131146764e-11, 1.66315431479e-12, 4.92622132323e-12, 5.074451059e-13, 2.75723861061e-13, 7.4992860229e-13, 1.62103185506e-15, 9.47601486719e-16, 1.74247170986e-15, 3.82926315982e-15, 2.41349946925e-15, 2.06471501849e-15, 4.21129661837e-15, 2.01948392498e-14, 3.52626897137e-14, 5.07916801608e-14, 6.18285465686e-14]
    },
    "mfcc": {
        "mean": [-841.119995117, 217.230651855, 15.1155691147, -25.6390647888, -2.94982242584, -15.8670692444, -3.83126688004, 5.25345420837, -3.38481712341, -9.58459758759, -9.58839416504, -10.3900575638, -6.85055589676],
        "cov": [[7644.03466797, 2674.76538086, -388.777770996, -498.946929932, 427.185150146, -223.176010132, 187.37600708, 298.970275879, 11.191983223, -115.346595764, 53.3494377136, 32.1596641541, -58.3106155396], [2674.76538086, 2966.08764648, 82.8842391968, -169.655258179, 114.444824219, -0.65877443552, 67.6610031128, 217.218429565, 112.540420532, 32.2737388611, 111.702598572, 102.702224731, -22.0865440369], [-388.777770996, 82.8842391968, 2564.84082031, 1092.01733398, 594.735107422, 645.012817383, 318.402832031, 160.289077759, 377.945831299, 297.142883301, 273.92590332, 198.956802368, -3.60165596008], [-498.946929932, -169.655258179, 1092.01733398, 1636.79760742, 928.19329834, 332.201385498, 355.847320557, 376.181793213, 386.630981445, 440.773284912, 259.849090576, 48.3382720947, 21.6890773773], [427.185150146, 114.444824219, 594.735107422, 928.19329834, 922.135375977, 389.909667969, 213.978729248, 242.72253418, 258.816772461, 253.084640503, 214.06048584, 85.6282958984, 34.9516639709], [-223.176010132, -0.65877443552, 645.012817383, 332.201385498, 389.909667969, 627.546569824, 292.055175781, 79.5963058472, 156.402862549, 119.612922668, 111.037284851, 153.993713379, 80.816734314], [187.37600708, 67.6610031128, 318.402832031, 355.847320557, 213.978729248, 292.055175781, 511.167541504, 333.981445312, 104.532943726, 63.8729019165, 46.0044746399, 38.3922462463, 65.8787612915], [298.970275879, 217.218429565, 160.289077759, 376.181793213, 242.72253418, 79.5963058472, 333.981445312, 458.07711792, 246.174346924, 108.111526489, 36.072479248, -18.493473053, 16.5663604736], [11.191983223, 112.540420532, 377.945831299, 386.630981445, 258.816772461, 156.402862549, 104.532943726, 246.174346924, 410.842041016, 282.29888916, 50.0068054199, -0.17767560482, 24.9203586578], [-115.346595764, 32.2737388611, 297.142883301, 440.773284912, 253.084640503, 119.612922668, 63.8729019165, 108.111526489, 282.29888916, 369.227600098, 150.708221436, -15.6634712219, 31.2628765106], [53.3494377136, 111.702598572, 273.92590332, 259.849090576, 214.06048584, 111.037284851, 46.0044746399, 36.072479248, 50.0068054199, 150.708221436, 252.579727173, 147.740753174, 12.3107585907], [32.1596641541, 102.702224731, 198.956802368, 48.3382720947, 85.6282958984, 153.993713379, 38.3922462463, -18.493473053, -0.17767560482, -15.6634712219, 147.740753174, 280.828796387, 92.8059463501], [-58.3106155396, -22.0865440369, -3.60165596008, 21.6890773773, 34.9516639709, 80.816734314, 65.8787612915, 16.5663604736, 24.9203586578, 31.2628765106, 12.3107585907, 92.8059463501, 175.04258728]],
