{
"lowlevel": {
    "average_loudness": 0.773433566093,
    "barkbands_crest": {
        "dmean": 2.23932623863,
        "dmean2": 3.53713440895,
        "dvar": 5.85591745377,
        "dvar2": 13.1131439209,
        "max": 26.1962738037,
        "mean": 11.8193645477,
        "median": 10.8980636597,
        "min": 2.79194450378,
        "var": 22.5232048035
    },
    "barkbands_flatness_db": {
        "dmean": 0.038062479347,
        "dmean2": 0.0554387867451,
        "dvar": 0.0015944680199,
        "dvar2": 0.00342692481354,
        "max": 0.56092196703,
        "mean": 0.247848778963,
        "median": 0.243463024497,
        "min": 0.0326456315815,
        "var": 0.00937552563846
    },
    "barkbands_kurtosis": {
        "dmean": 9.35167121887,
        "dmean2": 14.5604581833,
        "dvar": 527.89239502,
        "dvar2": 1045.1529541,
        "max": 363.096832275,
        "mean": 14.1935682297,
        "median": 7.15339565277,
        "min": -1.8495196104,
        "var": 748.521057129
    },
    "barkbands_skewness": {
        "dmean": 0.86828315258,
        "dmean2": 1.32008373737,
        "dvar": 1.44469964504,
        "dvar2": 2.84032559395,
        "max": 17.2355499268,
        "mean": 2.33684778214,
        "median": 2.0778055191,
        "min": -3.34451293945,
        "var": 4.19578695297
    },
    "barkbands_spread": {
        "dmean": 4.10919761658,
        "dmean2": 6.50056600571,
        "dvar": 37.3205566406,
        "dvar2": 91.5389709473,
        "max": 76.4772872925,
        "mean": 9.89635944366,
        "median": 7.16597366333,
        "min": 0.237908825278,
        "var": 73.7739105225
    },
    "dissonance": {
        "dmean": 0.0275980848819,
        "dmean2": 0.0456993058324,
        "dvar": 0.00101685291156,
        "dvar2": 0.00269193924032,
        "max": 0.500000238419,
        "mean": 0.449059635401,
        "median": 0.464789152145,
        "min": 0.0152567382902,
        "var": 0.00227225734852
    },
    "dynamic_complexity": 5.61727046967,
    "erbbands_crest": {
        "dmean": 2.6324672699,
        "dmean2": 4.27881574631,
        "dvar": 6.658618927,
        "dvar2": 17.0849094391,
        "max": 29.3318271637,
        "mean": 9.2451467514,
        "median": 8.54828453064,
        "min": 2.31328439713,
        "var": 14.0904989243
    },
    "erbbands_flatness_db": {
        "dmean": 0.0251156613231,
        "dmean2": 0.0343853719532,
        "dvar": 0.000695022637956,
        "dvar2": 0.00117584888358,
        "max": 0.527959227562,
        "mean": 0.226573035121,
        "median": 0.241356402636,
        "min": 0.0637385472655,
        "var": 0.00731332413852
    },
    "erbbands_kurtosis": {
        "dmean": 1.57929873466,
        "dmean2": 2.5793671608,
        "dvar": 11.1929254532,
        "dvar2": 30.0347442627,
        "max": 95.975944519,
        "mean": 1.23728859425,
        "median": 0.362253665924,
        "min": -1.8709821701,
        "var": 15.4746599197
    },
    "erbbands_skewness": {
        "dmean": 0.510570645332,
        "dmean2": 0.810848712921,
        "dvar": 0.33781298995,
        "dvar2": 0.887081027031,
        "max": 5.85528230667,
        "mean": 0.557181596756,
        "median": 0.559555709362,
        "min": -3.45921635628,
        "var": 0.827037870884
    },
    "erbbands_spread": {
        "dmean": 8.28331565857,
        "dmean2": 11.9172878265,
        "dvar": 103.885063171,
        "dvar2": 194.830123901,
        "max": 125.612991333,
        "mean": 30.4581985474,
        "median": 23.6192626953,
        "min": 1.54174733162,
        "var": 459.912231445
    },
    "hfc": {
        "dmean": 4.27532672882,
        "dmean2": 6.41936302185,
        "dvar": 104.814559937,
        "dvar2": 248.127853394,
        "max": 99.7041625977,
        "mean": 6.30366754532,
        "median": 2.52185344696,
        "min": 1.2209580241e-16,
        "var": 122.31047821
    },
    "melbands_crest": {
        "dmean": 2.42069292068,
        "dmean2": 3.84914827347,
        "dvar": 7.54087781906,
        "dvar2": 16.5272254944,
        "max": 33.9846687317,
        "mean": 14.3176689148,
        "median": 13.3041725159,
        "min": 2.28918719292,
        "var": 29.0415992737
    },
    "melbands_flatness_db": {
        "dmean": 0.0473361313343,
        "dmean2": 0.0686857998371,
        "dvar": 0.00257516955025,
        "dvar2": 0.00573045248166,
        "max": 0.735375761986,
        "mean": 0.355458319187,
        "median": 0.357461303473,
        "min": 0.00507506402209,
        "var": 0.0161607675254
    },
    "melbands_kurtosis": {
        "dmean": 16.2473392487,
        "dmean2": 25.049282074,
        "dvar": 1509.83447266,
        "dvar2": 3142.15136719,
        "max": 580.744262695,
        "mean": 27.6784114838,
        "median": 13.3069133759,
        "min": -1.77913081646,
        "var": 2351.24023438
    },
    "melbands_skewness": {
        "dmean": 0.955132782459,
        "dmean2": 1.44741106033,
        "dvar": 1.59613227844,
        "dvar2": 3.30862879753,
        "max": 16.9409255981,
        "mean": 3.19111514091,
        "median": 2.8293697834,
        "min": -1.80297577381,
        "var": 5.84603071213
    },
    "melbands_spread": {
        "dmean": 4.57186603546,
        "dmean2": 7.4571723938,
        "dvar": 65.3010101318,
        "dvar2": 169.366012573,
        "max": 140.387161255,
        "mean": 11.0395240784,
        "median": 6.45558404922,
        "min": 0.358236044645,
        "var": 148.945571899
    },
    "pitch_salience": {
        "dmean": 0.071828097105,
        "dmean2": 0.116594545543,
        "dvar": 0.00741659663618,
        "dvar2": 0.0151593787596,
        "max": 0.88386797905,
        "mean": 0.58040958643,
        "median": 0.611187279224,
        "min": 0.0826649367809,
        "var": 0.0254831947386
    },
    "silence_rate_20dB": {
        "dmean": 0.0307873487473,
        "dmean2": 0.061579875648,
        "dvar": 0.0298381000757,
        "dvar2": 0.0788144394755,
        "max": 1,
        "mean": 0.979729175568,
        "median": 1,
        "min": 0,
        "var": 0.0198606960475
    },
    "silence_rate_30dB": {
        "dmean": 0.0452557206154,
        "dmean2": 0.0905190557241,
        "dvar": 0.0432059764862,
        "dvar2": 0.086185477674,
        "max": 1,
        "mean": 0.939271569252,
        "median": 1,
        "min": 0,
        "var": 0.0570381209254
    },
    "silence_rate_60dB": {
        "dmean": 0.0243943464011,
        "dmean2": 0.0487086735666,
        "dvar": 0.0237942487001,
        "dvar2": 0.0552587732673,
        "max": 1,
        "mean": 0.210698962212,
        "median": 0,
        "min": 0,
        "var": 0.166336655617
    },
    "spectral_centroid": {
        "dmean": 206.757736206,
        "dmean2": 328.69039917,
        "dvar": 106354.03125,
        "dvar2": 251103.828125,
        "max": 10981.7128906,
        "mean": 704.414306641,
        "median": 520.726257324,
        "min": 108.979751587,
        "var": 337717.34375
    },
    "spectral_complexity": {
        "dmean": 2.62701892853,
        "dmean2": 4.06292581558,
        "dvar": 12.2462081909,
        "dvar2": 26.2690830231,
        "max": 49,
        "mean": 8.62797546387,
        "median": 7,
        "min": 0,
        "var": 39.6026649475
    },
    "spectral_decrease": {
        "dmean": 5.99151528391e-09,
        "dmean2": 9.20112963598e-09,
        "dvar": 4.44292709516e-16,
        "dvar2": 1.05474459004e-15,
        "max": 1.825115697e-28,
        "mean": -7.13237557903e-09,
        "median": -2.61767985066e-09,
        "min": -2.06895947485e-07,
        "var": 4.16308037958e-16
    },
    "spectral_energy": {
        "dmean": 0.0229687672108,
        "dmean2": 0.0352416373789,
        "dvar": 0.00645629689097,
        "dvar2": 0.0153293386102,
        "max": 0.787877857685,
        "mean": 0.0274910368025,
        "median": 0.0101763792336,
        "min": 1.03856169055e-20,
        "var": 0.00605643028393
    },
    "spectral_energyband_high": {
        "dmean": 8.33938393043e-05,
        "dmean2": 0.000109590451757,
        "dvar": 4.34091944612e-08,
        "dvar2": 7.57924922823e-08,
        "max": 0.00244743959047,
        "mean": 0.00012795405928,
        "median": 2.77800472759e-06,
        "min": 7.89740511636e-21,
        "var": 9.41619688888e-08
    },
    "spectral_energyband_low": {
        "dmean": 0.0176677238196,
        "dmean2": 0.0269711576402,
        "dvar": 0.00581707013771,
        "dvar2": 0.0138356601819,
        "max": 0.778498113155,
        "mean": 0.0191562976688,
        "median": 0.0043485625647,
        "min": 8.13849368126e-23,
        "var": 0.00531899975613
    },
    "spectral_energyband_middle_high": {
        "dmean": 0.000873825803865,
        "dmean2": 0.00134209811222,
        "dvar": 3.8569132812e-06,
        "dvar2": 8.17482487037e-06,
        "max": 0.0342624597251,
        "mean": 0.00134268891998,
        "median": 0.000320835621096,
        "min": 1.09075345505e-21,
        "var": 8.51671302371e-06
    },
    "spectral_energyband_middle_low": {
        "dmean": 0.00673873350024,
        "dmean2": 0.0115156378597,
        "dvar": 0.000640449812636,
        "dvar2": 0.00163616146892,
        "max": 0.427499592304,
        "mean": 0.00818089116365,
        "median": 0.00377839175053,
        "min": 2.80476553978e-22,
        "var": 0.000508701836225
    },
    "spectral_entropy": {
        "dmean": 0.323423832655,
        "dmean2": 0.469608396292,
        "dvar": 0.129434406757,
        "dvar2": 0.268458724022,
        "max": 9.80182170868,
        "mean": 6.74350547791,
        "median": 6.72649431229,
        "min": 4.58973646164,
        "var": 0.583088696003
    },
    "spectral_flux": {
        "dmean": 0.0392457991838,
        "dmean2": 0.0620382353663,
        "dvar": 0.00765203963965,
        "dvar2": 0.0159783568233,
        "max": 0.778669118881,
        "mean": 0.066393353045,
        "median": 0.0289968494326,
        "min": 1.01909848615e-10,
        "var": 0.0122598242015
    },
    "spectral_kurtosis": {
        "dmean": 15.4477558136,
        "dmean2": 25.3806018829,
        "dvar": 451.619781494,
        "dvar2": 1184.99658203,
        "max": 503.199615479,
        "mean": 28.4093112946,
        "median": 12.8570222855,
        "min": -1.22005045414,
        "var": 1737.71801758
    },
    "spectral_rms": {
        "dmean": 0.00114970025606,
        "dmean2": 0.00165177031886,
        "dvar": 8.27169606055e-06,
        "dvar2": 1.67977595993e-05,
        "max": 0.0277247428894,
        "mean": 0.00372974434868,
        "median": 0.00315090059303,
        "min": 3.18312889068e-12,
        "var": 1.29095014927e-05
    },
    "spectral_rolloff": {
        "dmean": 217.886657715,
        "dmean2": 376.196685791,
        "dvar": 255227.21875,
        "dvar2": 554248.875,
        "max": 19250.6835938,
        "mean": 735.544189453,
        "median": 344.53125,
        "min": 64.599609375,
        "var": 2046570.875
    },
    "spectral_skewness": {
        "dmean": 1.01397550106,
        "dmean2": 1.62683367729,
        "dvar": 1.3924870491,
        "dvar2": 3.67013168335,
        "max": 19.27003479,
        "mean": 3.11707043648,
        "median": 2.49747800827,
        "min": -0.345240026712,
        "var": 4.98558616638
    },
    "spectral_spread": {
        "dmean": 546123.625,
        "dmean2": 732721.25,
        "dvar": 633471696896,
        "dvar2": 790063611904,
        "max": 41439540,
        "mean": 2756889,
        "median": 1883154.125,
        "min": 224605.34375,
        "var": 3.89409616691e+12
    },
    "spectral_strongpeak": {
        "dmean": 0.229189619422,
        "dmean2": 0.374487906694,
        "dvar": 0.149438634515,
        "dvar2": 0.346964836121,
        "max": 5.6337428093,
        "mean": 0.405922591686,
        "median": 0.219485610723,
        "min": 0,
        "var": 0.256724089384
    },
    "zerocrossingrate": {
        "dmean": 0.00707806553692,
        "dmean2": 0.0082429042086,
        "dvar": 9.66900333879e-05,
        "dvar2": 0.000100629600638,
        "max": 0.4970703125,
        "mean": 0.0354755707085,
        "median": 0.02734375,
        "min": 0.0029296875,
        "var": 0.00192570325453
    },
    "barkbands": {
        "dmean": [0.000151134299813, 0.0107868993655, 0.00701220426708, 0.00350994477049, 0.00267234235071, 0.000496239052154, 0.000251866003964, 0.000211401929846, 0.000174071858055, 0.000222003844101, 0.000161495088832, 0.000195168162463, 0.000145470447023, 0.000114750298962, 9.69054090092e-05, 7.78222092777e-05, 0.000113909460197, 3.84818740713e-05, 3.2590367482e-05, 2.35420120589e-05, 2.28040389629e-05, 2.54566457443e-05, 1.22095934785e-05, 9.16341923585e-06, 3.91807679989e-06, 1.35301729642e-06, 8.48033494094e-07],
        "dmean2": [0.000258078303887, 0.0159405265003, 0.0126396445557, 0.00618328806013, 0.00460969377309, 0.00080890377285, 0.000409338856116, 0.00032722731703, 0.000275635858998, 0.000352041737642, 0.000257978041191, 0.000300384650473, 0.000225331852562, 0.000189767364645, 0.000166822399478, 0.000132126588142, 0.000211628022953, 6.73181421007e-05, 5.28322198079e-05, 3.40402657457e-05, 3.27805428242e-05, 3.64976913261e-05, 1.57388149091e-05, 1.23612244352e-05, 5.51212224309e-06, 1.88897661246e-06, 1.16585488286e-06],
        "dvar": [2.05277714826e-07, 0.0023108846508, 0.00127077393699, 0.000230585646932, 0.000101806348539, 1.98936822926e-06, 4.44047827841e-07, 4.56904416524e-07, 1.78627701075e-07, 3.60510057362e-07, 4.12387493043e-07, 7.52786490921e-07, 3.65986977613e-07, 1.19029387236e-07, 8.76106867054e-08, 5.13723783513e-08, 1.74548404175e-07, 1.06296065283e-08, 6.54143006429e-09, 3.07651082387e-09, 3.45821216108e-09, 4.9126942514e-09, 1.02286079606e-09, 5.49857603893e-10, 1.175616271e-10, 2.3671052965e-11, 4.46334202236e-12],
        "dvar2": [5.41508597962e-07, 0.00506955059245, 0.00359391677193, 0.000591194489971, 0.000271295604762, 5.11548432769e-06, 1.04826358438e-06, 1.04904790987e-06, 3.79676009743e-07, 7.85664042269e-07, 9.26669486034e-07, 1.64850064266e-06, 8.16701742679e-07, 2.77137729654e-07, 2.18631328153e-07, 1.34693692644e-07, 5.07257482241e-07, 2.96488664731e-08, 1.67551288399e-08, 6.20113338456e-09, 6.3399951955e-09, 1.02563806337e-08, 1.64098112876e-09, 9.46762446219e-10, 2.23044235859e-10, 3.95894463046e-11, 7.30364727031e-12],
        "max": [0.00736549403518, 0.516259074211, 0.335393071175, 0.258367985487, 0.15484431386, 0.0282337740064, 0.0156994201243, 0.0287742651999, 0.0157838203013, 0.0212139710784, 0.0216095149517, 0.0293774828315, 0.0154216475785, 0.0100358873606, 0.00856349524111, 0.0033725600224, 0.00507467472926, 0.00161030131858, 0.000919604033697, 0.00102906522807, 0.000836494436953, 0.000685050617903, 0.000365686049918, 0.000245845527388, 0.000225460564252, 0.000153973975102, 9.78695024969e-05],
        "mean": [0.000228960707318, 0.0120901977643, 0.00558736082166, 0.00311468658037, 0.00338372052647, 0.000674928538501, 0.000328917201841, 0.000301308609778, 0.000245648581767, 0.000290107331239, 0.000205395073863, 0.000260634231381, 0.000167744874489, 0.000127518491354, 9.72440248006e-05, 8.11195277493e-05, 8.70519361342e-05, 4.26771512139e-05, 3.6249319237e-05, 3.0784678529e-05, 3.16388031933e-05, 3.30685797962e-05, 1.89196744032e-05, 1.52782467921e-05, 5.7591746554e-06, 2.22882999878e-06, 1.90099456177e-06],
        "median": [1.68756268977e-05, 0.00223784288391, 0.000735635578167, 0.000685664708726, 0.00109708262607, 0.000192441482795, 0.000107206680696, 9.07424328034e-05, 9.11555835046e-05, 8.95392149687e-05, 3.83621372748e-05, 4.18416857428e-05, 1.7582300643e-05, 2.00597660296e-05, 1.19658625408e-05, 8.03945476946e-06, 8.63085915626e-06, 4.16605871578e-06, 2.90188791041e-06, 1.31090962441e-06, 5.07597746946e-07, 1.37175760528e-07, 4.22945127809e-08, 1.58528976613e-08, 4.92383822603e-09, 4.00693878078e-09, 6.14476562077e-07],
        "min": [9.08899265928e-24, 1.21932115973e-23, 2.9709094914e-23, 4.6913305598e-23, 3.81662265543e-23, 1.46892164108e-23, 3.88627970445e-23, 5.39608753293e-23, 7.23704717873e-23, 7.6782974727e-23, 4.17057981044e-23, 1.0040225909e-22, 1.24879104677e-22, 4.9865355634e-23, 4.63640943249e-23, 1.14143275737e-22, 1.25231504621e-22, 1.39045784358e-22, 2.14422769138e-22, 2.19413141089e-22, 3.94633562205e-22, 7.1322820329e-22, 4.45497546326e-22, 8.14000652715e-22, 1.1975731481e-21, 1.70070434204e-21, 2.77060470714e-21],
        "var": [2.97262857885e-07, 0.00228178454563, 0.000779097666964, 0.000174479500856, 7.80968257459e-05, 2.10186499316e-06, 6.03194052928e-07, 8.09765253962e-07, 3.35114208383e-07, 6.90389299507e-07, 6.00881776336e-07, 1.16004821393e-06, 4.86705516778e-07, 1.64962457916e-07, 1.06501651942e-07, 5.55696075821e-08, 1.04574517934e-07, 1.15555458535e-08, 7.86437404088e-09, 5.47746203949e-09, 7.11596914726e-09, 7.54845075335e-09, 2.24405072302e-09, 1.28288835111e-09, 2.72662559198e-10, 6.73738564938e-11, 3.64901511785e-11]
    },
    "erbbands": {
        "dmean": [0.229731991887, 2.87823557854, 8.62462520599, 8.76825237274, 14.3487615585, 5.94149780273, 3.48691082001, 4.7339887619, 3.60653162003, 4.25384759903, 4.04203510284, 3.7247877121, 7.06386899948, 5.19532442093, 7.25633382797, 7.72186326981, 6.60274553299, 6.20021486282, 4.65109491348, 5.59595918655, 3.93195533752, 6.88296604156, 2.81301951408, 1.73355841637, 1.20591008663, 1.14246571064, 1.1208742857, 0.838823497295, 0.916492879391, 0.558780968189, 0.374369323254, 0.221130788326, 0.14491905272, 0.0610485821962, 0.0172116104513, 0.00555486651137, 0.00266239582561, 0.00103467644658, 0.000146005491843, 3.00690389849e-05],
        "dmean2": [0.366798698902, 4.34693622589, 15.3239002228, 15.6166400909, 24.9308776855, 10.3373126984, 5.66564369202, 7.82978010178, 5.8838095665, 6.60406923294, 6.30499696732, 5.80224514008, 11.4181127548, 7.9523191452, 11.1722421646, 11.5951910019, 9.99468421936, 9.91595458984, 7.71679592133, 9.78782463074, 6.64077615738, 12.8438081741, 5.04017782211, 2.8702917099, 1.88175833225, 1.67193377018, 1.62408709526, 1.16738474369, 1.27617657185, 0.808326900005, 0.482465624809, 0.275723576546, 0.205935791135, 0.0846156924963, 0.0242943521589, 0.00787982624024, 0.00382250221446, 0.00148485077079, 0.000201170551009, 4.47553866252e-05],
        "dvar": [1.00495803356, 171.318527222, 1891.47094727, 1133.75854492, 4268.82568359, 356.211212158, 63.3427124023, 217.028579712, 86.2929534912, 138.046295166, 198.314941406, 72.9755020142, 301.937805176, 418.365997314, 871.521789551, 962.440979004, 675.142944336, 374.821472168, 191.285858154, 329.588439941, 130.933135986, 688.520080566, 72.2079696655, 19.3873977661, 8.44785499573, 7.71802377701, 7.29806375504, 5.30294322968, 6.14095497131, 2.3343102932, 0.91694933176, 0.299174159765, 0.148430883884, 0.0272127259523, 0.00285293255001, 0.000372886890545, 8.72132295626e-05, 6.16257921138e-06, 1.68869419781e-07, 8.62611138075e-09],
        "dvar2": [2.20076847076, 402.071380615, 5311.08300781, 3119.47143555, 11079.6220703, 983.354003906, 159.320144653, 574.879211426, 206.962371826, 305.390686035, 474.116729736, 157.493301392, 720.232543945, 849.983337402, 1924.88366699, 2008.42236328, 1460.1998291, 809.800292969, 459.599395752, 889.941955566, 341.75479126, 2007.25024414, 206.860198975, 51.5537986755, 19.5769042969, 16.3289394379, 14.7601451874, 9.06306171417, 12.0981788635, 4.75510787964, 1.49461090565, 0.45800024271, 0.29981943965, 0.0528786741197, 0.00472463387996, 0.000574893841986, 0.000154788780492, 1.01147970781e-05, 3.03397285961e-07, 2.01510417241e-08],
        "max": [10.1370744705, 141.57371521, 408.757293701, 362.394073486, 1171.31018066, 273.316131592, 106.530952454, 329.101074219, 267.173980713, 389.750701904, 660.021240234, 279.346496582, 487.620300293, 974.934936523, 976.448547363, 823.300720215, 705.255554199, 583.059387207, 453.413482666, 440.195037842, 176.561141968, 320.893890381, 102.976753235, 57.6313362122, 39.2700958252, 45.3265304565, 51.8199157715, 25.703742981, 26.0458679199, 16.5611133575, 12.0660829544, 7.27153682709, 4.42360162735, 2.91419386864, 1.37792479992, 0.577208042145, 0.304447859526, 0.0705922394991, 0.0201697666198, 0.00175932911225],
        "mean": [0.270952522755, 2.9737970829, 6.84098243713, 8.14696121216, 14.619562149, 7.96255683899, 5.82884740829, 6.44727516174, 4.93365478516, 6.06666374207, 5.75078725815, 5.50918006897, 9.36587142944, 7.4384522438, 9.51685619354, 10.5952758789, 8.13455581665, 7.02466917038, 5.25965929031, 5.43867921829, 4.17963933945, 5.17480993271, 2.86154031754, 1.9438598156, 1.46236276627, 1.41832733154, 1.55249154568, 1.16450858116, 1.20699334145, 0.756326436996, 0.574690103531, 0.359951078892, 0.225458949804, 0.0893496572971, 0.0277881734073, 0.00951127521694, 0.00414890935645, 0.00210761209019, 0.000302747968817, 4.39810028183e-05],
        "median": [0.0553123354912, 0.513659834862, 1.00551390648, 2.13004159927, 3.64190220833, 2.8884396553, 2.89159965515, 1.56239616871, 1.59156513214, 2.0198237896, 1.86396789551, 2.13880348206, 3.37099575996, 1.5782917738, 1.66245436668, 1.7857555151, 1.05560898781, 1.08930742741, 0.805382072926, 0.601602375507, 0.528819143772, 0.438363045454, 0.262887954712, 0.203557655215, 0.107038892806, 0.0598404482007, 0.0358957089484, 0.0142837194726, 0.00568096525967, 0.00266823568381, 0.00124364614021, 0.000514624465723, 0.000184392032679, 8.33086887724e-05, 4.26214937761e-05, 2.66405986622e-05, 0.000203069779673, 0.000807847885881, 4.65402590635e-05, 1.28779747683e-05],
        "min": [7.90606951016e-22, 1.52303852785e-21, 2.40891909573e-20, 1.24408145074e-19, 1.09654926484e-19, 1.55908061679e-19, 8.21725227166e-20, 1.85783679905e-19, 5.60035550995e-19, 4.7356074559e-19, 1.53056992412e-18, 2.06075630082e-18, 1.60446517357e-18, 2.40793620483e-18, 2.2605098722e-18, 4.10043728041e-18, 3.6420580391e-18, 5.63517123174e-18, 2.19938846277e-18, 4.63034489724e-18, 5.01164372677e-18, 7.51038471731e-18, 7.76255899886e-18, 9.71780138151e-18, 1.08826999858e-17, 1.17721441375e-17, 1.65997943583e-17, 1.46891775425e-17, 2.67101384354e-17, 1.76331910975e-17, 1.31816011714e-17, 1.55247705819e-17, 1.35569054231e-17, 9.59563011376e-18, 1.0980356929e-17, 7.54599732423e-18, 2.8414857589e-18, 1.43421403271e-18, 3.73188375316e-19, 3.84798249417e-20],
        "var": [0.969753026962, 155.132263184, 1197.59375, 757.447875977, 3206.13500977, 278.29800415, 80.28074646, 224.076416016, 121.263870239, 220.857269287, 306.807098389, 143.575073242, 502.325378418, 811.308349609, 1313.34655762, 1644.26831055, 1000.79571533, 551.997741699, 270.546142578, 309.220214844, 141.07270813, 402.089569092, 62.4637336731, 20.6229686737, 12.8447999954, 12.1694984436, 15.0577735901, 10.6127548218, 10.0754461288, 3.82678747177, 2.04357624054, 0.735270917416, 0.2914686203, 0.0582028515637, 0.00832741335034, 0.00111939676572, 0.000220479487325, 2.46358649747e-05, 1.31309832341e-06, 1.31314790153e-08]
    },
    "gfcc": {
        "mean": [-148.288238525, 164.256240845, -98.6665420532, 4.39633226395, -23.4159965515, -6.34011459351, -15.87682724, -5.5307135582, -14.525229454, -7.16557788849, -10.2083520889, -1.59245598316, -8.37137413025],
        "cov": [[16247.1181641, -2535.06030273, -160.43270874, 3037.90209961, -1250.63208008, 1211.96447754, -623.234375, -112.895599365, -294.097564697, -320.522277832, -506.202850342, -397.134643555, -177.733535767], [-2535.06030273, 3992.15136719, -114.667198181, -1420.20117188, 1482.91320801, -996.559204102, 464.662231445, -112.943893433, 175.927368164, -76.7286605835, 236.196746826, 96.5462265015, 118.661949158], [-160.43270874, -114.667198181, 1864.1340332, 383.221069336, -235.914703369, 313.688995361, 123.443702698, 115.426101685, -22.1498069763, 10.8628568649, -110.351844788, -54.3431358337, -72.9840774536], [3037.90209961, -1420.20117188, 383.221069336, 1900.48413086, -619.984924316, 754.721801758, -245.748626709, 46.2460975647, -89.7976531982, -147.933547974, -148.808792114, -269.356018066, 105.205741882], [-1250.63208008, 1482.91320801, -235.914703369, -619.984924316, 1224.15759277, -583.031188965, 288.008422852, 47.95337677, 114.893966675, 14.5616559982, 54.3954811096, 121.18888855, -28.9475917816], [1211.96447754, -996.559204102, 313.688995361, 754.721801758, -583.031188965, 808.209899902, -148.883071899, 73.959777832, -25.9137268066, -28.8515625, -44.3583984375, -174.800094604, 59.8779335022], [-623.234375, 464.662231445, 123.443702698, -245.748626709, 288.008422852, -148.883071899, 318.220153809, 73.8817901611, 55.9049949646, 17.8969650269, 15.2609186172, 37.4671478271, -27.7694606781], [-112.895599365, -112.943893433, 115.426101685, 46.2460975647, 47.95337677, 73.959777832, 73.8817901611, 199.393676758, 58.0449295044, 19.8164558411, 19.8734741211, 16.1246604919, -1.50143909454], [-294.097564697, 175.927368164, -22.1498069763, -89.7976531982, 114.893966675, -25.9137268066, 55.9049949646, 58.0449295044, 139.41444397, 46.4761276245, 35.0049858093, 22.4645805359, 5.57759857178], [-320.522277832, -76.7286605835, 10.8628568649, -147.933547974, 14.5616559982, -28.8515625, 17.8969650269, 19.8164558411, 46.4761276245, 127.419448853, 51.3666572571, 33.1696853638, -26.8715381622], [-506.202850342, 236.196746826, -110.351844788, -148.808792114, 54.3954811096, -44.3583984375, 15.2609186172, 19.8734741211, 35.0049858093, 51.3666572571, 148.636291504, 40.5357322693, 33.6250228882], [-397.134643555, 96.5462265015, -54.3431358337, -269.356018066, 121.18888855, -174.800094604, 37.4671478271, 16.1246604919, 22.4645805359, 33.1696853638, 40.5357322693, 131.780517578, -16.1558914185], [-177.733535767, 118.661949158, -72.9840774536, 105.205741882, -28.9475917816, 59.8779335022, -27.7694606781, -1.50143909454, 5.57759857178, -26.8715381622, 33.6250228882, -16.1558914185, 114.826759338]],
        "icov": [[0.000134838177473, -0.000208716272027, 0.000169057122548, -0.000345934677171, 0.000166531230207, -0.000206880664336, 9.5501425676e-05, -8.78037681105e-05, 0.000191678394913, -0.000224318428081, 0.000462673167931, -0.000549145683181, 0.000746054109186], [-0.000208716272027, 0.00180976011325, -0.000843278656248, 0.00139732705429, -0.00137342885137, 0.00123639614321, -0.000552656478249, 0.00130734650884, -0.0015517368447, 0.00274925329722, -0.00292591634206, 0.00355335697532, -0.00304153305478], [0.000169057122548, -0.000843278656248, 0.00112364906818, -0.00087360717589, 0.000728708168026, -0.000846357143018, -0.000192448322196, -0.000755780609325, 0.000932887836825, -0.00147462508176, 0.00184314127546, -0.0019487204263, 0.00201203115284], [-0.000345934677171, 0.00139732705429, -0.00087360717589, 0.00248491368257, -0.00102909712587, 0.000539887987543, -2.37704134634e-05, 0.000506242271513, -0.00112555047963, 0.00250731757842, -0.00196767505258, 0.00398796005175, -0.00357279158197], [0.000166531230207, -0.00137342885137, 0.000728708168026, -0.00102909712587, 0.00262113241479, 6.83857288095e-05, -0.000379243982024, -0.00134025281295, 0.000390269444324, -0.00159963208716, 0.00214606174268, -0.00239213253371, 0.00224068132229], [-0.000206880664336, 0.00123639614321, -0.000846357143018, 0.000539887987543, 6.83857288095e-05, 0.00417072698474, -2.2766429538e-05, -0.00053342647152, -0.00142351642717, 0.00146556377877, -0.00231290212832, 0.00498251896352, -0.00301019172184], [9.5501425676e-05, -0.000552656478249, -0.000192448322196, -2.37704134634e-05, -0.000379243982024, -2.2766429538e-05, 0.00513861887157, -0.00189970503561, -0.000196738328668, -0.000391779874917, 0.000848051859066, -0.000304852088448, 0.00137917581014], [-8.78037681105e-05, 0.00130734650884, -0.000755780609325, 0.000506242271513, -0.00134025281295, -0.00053342647152, -0.00189970503561, 0.0082433950156, -0.00332865095697, 0.00221893237904, -0.0027607337106, 0.00025371243828, -0.00131737813354], [0.000191678394913, -0.0015517368447, 0.000932887836825, -0.00112555047963, 0.000390269444324, -0.00142351642717, -0.000196738328668, -0.00332865095697, 0.0116178663447, -0.00581698399037, 0.00243067461997, -0.00310217333026, 0.00120017898735], [-0.000224318428081, 0.00274925329722, -0.00147462508176, 0.00250731757842, -0.00159963208716, 0.00146556377877, -0.000391779874917, 0.00221893237904, -0.00581698399037, 0.0164468754083, -0.00837994553149, 0.00445670261979, -0.000443641096354], [0.000462673167931, -0.00292591634206, 0.00184314127546, -0.00196767505258, 0.00214606174268, -0.00231290212832, 0.000848051859066, -0.0027607337106, 0.00243067461997, -0.00837994553149, 0.0153173785657, -0.00756264477968, 0.00100159877911], [-0.000549145683181, 0.00355335697532, -0.0019487204263, 0.00398796005175, -0.00239213253371, 0.00498251896352, -0.000304852088448, 0.00025371243828, -0.00310217333026, 0.00445670261979, -0.00756264477968, 0.0204917639494, -0.00639474531636], [0.000746054109186, -0.00304153305478, 0.00201203115284, -0.00357279158197, 0.00224068132229, -0.00301019172184, 0.00137917581014, -0.00131737813354, 0.00120017898735, -0.000443641096354, 0.00100159877911, -0.00639474531636, 0.0186546929181]]
    },
    "melbands": {
        "dmean": [0.00248316838406, 0.00433414801955, 0.00184337981045, 0.000721961376257, 0.000139376585139, 0.000100958968687, 5.40590881428e-05, 4.69213409815e-05, 3.19191458402e-05, 2.45803130383e-05, 3.57586504833e-05, 2.12449413084e-05, 2.25778658205e-05, 2.29489360208e-05, 1.81276082003e-05, 1.3586044588e-05, 1.17737736218e-05, 7.52406413085e-06, 7.66679931985e-06, 6.55628673485e-06, 4.23032588515e-06, 7.87347653386e-06, 3.96685527448e-06, 1.49342599798e-06, 1.47035825648e-06, 1.13296641757e-06, 6.90860076702e-07, 7.75468151915e-07, 7.80980712989e-07, 5.38470544598e-07, 4.91138848702e-07, 5.28490488705e-07, 5.2620993074e-07, 2.41096728359e-07, 2.3505236868e-07, 1.60793007353e-07, 1.35617526098e-07, 1.06905041264e-07, 8.31046165217e-08, 4.25218615874e-08],
        "dmean2": [0.00388281443156, 0.00730077037588, 0.00324845709838, 0.00125156529248, 0.000228531484026, 0.00016583026445, 8.80820371094e-05, 7.23854536773e-05, 5.00227288285e-05, 3.87159525417e-05, 5.787317059e-05, 3.26958434016e-05, 3.52547649527e-05, 3.56633427145e-05, 2.76777245745e-05, 2.11594524444e-05, 1.92454717762e-05, 1.25291135191e-05, 1.3274478988e-05, 1.12948273454e-05, 7.17805369277e-06, 1.47477385326e-05, 7.24261599316e-06, 2.55085819845e-06, 2.47259731623e-06, 1.82739211141e-06, 1.0560939927e-06, 1.15012642254e-06, 1.16237879411e-06, 7.73769556872e-07, 6.89590024194e-07, 7.40135078559e-07, 8.1290545495e-07, 3.27667066813e-07, 3.12838949412e-07, 2.08524397749e-07, 1.76007901587e-07, 1.52239095996e-07, 1.20788413938e-07, 6.01391150212e-08],
        "dvar": [0.000120738281112, 0.000439866358647, 5.01869799336e-05, 8.30420594866e-06, 1.01814933373e-07, 9.14148401421e-08, 1.89711997223e-08, 1.66151945535e-08, 1.08360955764e-08, 3.32607075215e-09, 7.79652253868e-09, 7.01744795606e-09, 8.20702172888e-09, 1.09825633032e-08, 5.19553378098e-09, 3.26809868056e-09, 1.33442445982e-09, 5.56319490475e-10, 5.7520421759e-10, 3.90313115162e-10, 1.49962681162e-10, 8.96027418928e-10, 1.79063958106e-10, 1.36748763355e-11, 1.43899371585e-11, 7.60395305749e-12, 3.05330695623e-12, 3.60778963128e-12, 3.47099020533e-12, 1.87102893942e-12, 1.90385164231e-12, 2.06778582972e-12, 2.22470154278e-12, 4.35424645558e-13, 3.68181098673e-13, 1.66294820796e-13, 1.17899234212e-13, 8.08525677507e-14, 4.91262812494e-14, 1.49843567323e-14],
        "dvar2": [0.000247618678259, 0.001183624845, 0.000133387104142, 2.1850108169e-05, 2.63158824509e-07, 2.39557181203e-07, 4.53291413294e-08, 3.59058596189e-08, 2.51200660273e-08, 7.28064986077e-09, 1.85818027632e-08, 1.39957156975e-08, 1.77209589225e-08, 2.46660611936e-08, 1.1029888114e-08, 7.24661886053e-09, 3.00710056855e-09, 1.33994593199e-09, 1.4605113785e-09, 1.05185582466e-09, 3.91482568585e-10, 2.61140598035e-09, 5.17470066796e-10, 3.68616109858e-11, 3.86518664297e-11, 1.85471672742e-11, 6.77033255847e-12, 7.69755960361e-12, 7.34032192667e-12, 3.51164475103e-12, 3.36384869612e-12, 4.05051339691e-12, 5.08164300569e-12, 8.3484884587e-13, 6.18347332972e-13, 2.87053665343e-13, 1.94810232399e-13, 1.63661483454e-13, 1.04715139283e-13, 2.89133510699e-14],
        "max": [0.106962010264, 0.20217192173, 0.103083059192, 0.0467039942741, 0.00432352907956, 0.00652818987146, 0.00360945239663, 0.00356202223338, 0.00441091042012, 0.00192383339163, 0.00250948267058, 0.00408229557797, 0.00347500573844, 0.00363503023982, 0.00202493648976, 0.00184121285565, 0.00118115404621, 0.000758832145948, 0.000755970133469, 0.000319205311825, 0.000206264347071, 0.000360568898031, 0.000184145697858, 6.71393572702e-05, 4.95171516377e-05, 3.9248901885e-05, 2.90328571282e-05, 3.51855560439e-05, 3.41547929565e-05, 2.36806390603e-05, 1.76673438546e-05, 1.68878596014e-05, 1.3202989976e-05, 8.03610146249e-06, 7.94060179032e-06, 5.12503402206e-06, 4.74118132843e-06, 3.50693858309e-06, 2.46638887802e-06, 2.75633692581e-06],
        "mean": [0.00298013887368, 0.00384081783704, 0.0017308377428, 0.000820181157906, 0.000240345441853, 0.00013738074631, 7.35235880711e-05, 6.78345750202e-05, 4.48458740721e-05, 3.52396564267e-05, 4.6913697588e-05, 2.94151359412e-05, 2.93920293188e-05, 3.03550532408e-05, 2.32258989854e-05, 1.5453191736e-05, 1.27991734189e-05, 8.39286894916e-06, 7.55460678192e-06, 6.44551118967e-06, 4.42241116616e-06, 5.72789531361e-06, 3.44400200447e-06, 1.77179151706e-06, 1.57194722306e-06, 1.28470583149e-06, 8.38471692077e-07, 9.54071765591e-07, 1.04251046196e-06, 7.51750178551e-07, 6.49474372949e-07, 6.99620443356e-07, 6.22228697011e-07, 3.36567239856e-07, 3.52416094529e-07, 2.55225245382e-07, 2.06979748896e-07, 1.65774181937e-07, 1.15402670531e-07, 6.27373992756e-08],
        "median": [0.000587489223108, 0.000691124354489, 0.000496472115628, 0.000249685632298, 0.000113899150165, 3.54412113666e-05, 2.40755671257e-05, 2.10434682231e-05, 1.48975532284e-05, 1.33121111503e-05, 1.67742036865e-05, 5.95318124397e-06, 5.03430328536e-06, 5.08218590767e-06, 3.72824229089e-06, 1.50821585976e-06, 1.98187581191e-06, 1.22601852581e-06, 8.62592798967e-07, 6.55917972381e-07, 5.70173199321e-07, 4.95564506764e-07, 2.624769877e-07, 1.88268842294e-07, 1.52263069708e-07, 7.61484173495e-08, 4.88808886701e-08, 3.2698974195e-08, 2.23993836812e-08, 1.28071802052e-08, 5.34245980788e-09, 3.35160121878e-09, 1.87538407026e-09, 1.21080190318e-09, 7.67652164058e-10, 4.14338258148e-10, 2.36592467839e-10, 1.24168425542e-10, 8.29259161339e-11, 4.99415404864e-11],
        "min": [5.31849785642e-24, 8.68255653255e-24, 1.97790258574e-23, 1.01060820684e-23, 3.61655214708e-24, 4.52630598602e-24, 7.73357974053e-24, 6.31681040387e-24, 1.3600029848e-23, 1.10881350093e-23, 8.01565273441e-24, 1.00776412662e-23, 6.36793174598e-24, 1.21516670266e-23, 6.23662032628e-24, 1.26206763892e-23, 9.94632116904e-24, 2.80431117956e-24, 4.12957048185e-24, 8.01470689019e-24, 5.50974101124e-24, 7.76808530539e-24, 6.34702495984e-24, 7.56359362609e-24, 7.87198775294e-24, 7.81823477086e-24, 6.40797511439e-24, 8.63872584293e-24, 8.32636769004e-24, 1.15344488437e-23, 7.7274542356e-24, 1.56119880324e-23, 1.35430409585e-23, 8.30308051612e-24, 7.54883246084e-24, 7.61555273848e-24, 1.05454633931e-23, 8.92043438307e-24, 9.4531576744e-24, 7.41993416664e-24],
        "var": [0.000126224200358, 0.000314066041028, 3.59570949513e-05, 6.28221141596e-06, 1.31192365416e-07, 9.55021377536e-08, 2.66092232692e-08, 3.01652463008e-08, 1.76933436791e-08, 6.30950180991e-09, 1.31996102937e-08, 1.36460025502e-08, 1.25859918043e-08, 1.60918194325e-08, 8.12277178852e-09, 4.30156799069e-09, 1.81453330139e-09, 7.68982766353e-10, 6.5450317388e-10, 3.76861153395e-10, 1.62560853667e-10, 5.17675791123e-10, 1.25554011632e-10, 1.75357818544e-11, 1.45529092249e-11, 1.07434209098e-11, 4.54687286086e-12, 5.60448172246e-12, 6.63893853087e-12, 3.98121292877e-12, 3.55367926926e-12, 3.43459548996e-12, 2.82095527493e-12, 7.83044744497e-13, 7.87585491616e-13, 3.70389835339e-13, 2.61967585211e-13, 1.58107603615e-13, 8.38256669481e-14, 3.39134577083e-14]
    },
    "mfcc": {
        "mean": [-782.524414062, 184.152008057, 8.72998046875, 15.1463003159, 13.0045223236, 6.09140205383, 3.91641426086, 6.91629934311, -0.0944173038006, 0.621842682362, -2.87299966812, 0.278165489435, -2.80712509155],
        "cov": [[10164.1591797, -2365.89624023, 94.1888961792, 1236.74145508, -103.410255432, 770.539550781, 67.223739624, 129.9427948, 45.8379249573, 110.694694519, -217.489730835, -67.1988296509, -276.106323242], [-2365.89624023, 3024.88818359, -534.160827637, -460.510467529, 473.870910645, -339.78237915, 60.2145614624, 66.9379959106, 8.22866153717, -107.109397888, 120.893157959, 26.6685829163, 69.3957595825], [94.1888961792, -534.160827637, 1550.29968262, 437.620574951, -87.5319213867, 296.520263672, 93.0242385864, 104.193595886, 91.8605422974, 106.281745911, -27.2086524963, -6.77211523056, -28.7186965942], [1236.74145508, -460.510467529, 437.620574951, 773.002685547, 132.810653687, 185.325531006, 85.0483551025, 75.5330047607, 90.089553833, 61.8455619812, -51.9441413879, -34.8360328674, -74.5023040771], [-103.410255432, 473.870910645, -87.5319213867, 132.810653687, 401.781707764, 48.5854187012, 18.7190570831, 69.6161117554, 50.9274330139, -0.818547010422, 26.0522060394, 1.27417802811, -10.5658140182], [770.539550781, -339.78237915, 296.520263672, 185.325531006, 48.5854187012, 315.861358643, 79.3538894653, 28.440864563, 55.1924934387, 59.8552894592, -30.8390464783, -4.16401147842, -29.9635391235], [67.223739624, 60.2145614624, 93.0242385864, 85.0483551025, 18.7190570831, 79.3538894653, 172.285354614, 74.0507507324, 39.0736885071, 52.0217857361, 1.93703532219, -3.69506049156, -6.75439453125], [129.9427948, 66.9379959106, 104.193595886, 75.5330047607, 69.6161117554, 28.440864563, 74.0507507324, 184.32144165, 90.5980606079, 28.304485321, 29.2145957947, 17.4914875031, -16.4592247009], [45.8379249573, 8.22866153717, 91.8605422974, 90.089553833, 50.9274330139, 55.1924934387, 39.0736885071, 90.5980606079, 143.575531006, 63.3481140137, 4.90496110916, 16.1788482666, -11.4003915787], [110.694694519, -107.109397888, 106.281745911, 61.8455619812, -0.818547010422, 59.8552894592, 52.0217857361, 28.304485321, 63.3481140137, 126.135147095, 27.8962631226, 18.8360614777, 6.43803501129], [-217.489730835, 120.893157959, -27.2086524963, -51.9441413879, 26.0522060394, -30.8390464783, 1.93703532219, 29.2145957947, 4.90496110916, 27.8962631226, 107.576545715, 48.3408966064, 25.5914287567], [-67.1988296509, 26.6685829163, -6.77211523056, -34.8360328674, 1.27417802811, -4.16401147842, -3.69506049156, 17.4914875031, 16.1788482666, 18.8360614777, 48.3408966064, 94.9464492798, 44.8230247498], [-276.106323242, 69.3957595825, -28.7186965942, -74.5023040771, -10.5658140182, -29.9635391235, -6.75439453125, -16.4592247009, -11.4003915787, 6.43803501129, 25.5914287567, 44.8230247498, 86.7776107788]],
