{
"lowlevel": {
    "average_loudness": 0.937690317631,
    "barkbands_crest": {
        "dmean": 2.76163840294,
        "dmean2": 4.40457057953,
        "dvar": 6.68396806717,
        "dvar2": 14.0923118591,
        "max": 26.3583908081,
        "mean": 10.0557785034,
        "median": 9.24732780457,
        "min": 2.13867020607,
        "var": 16.5458984375
    },
    "barkbands_flatness_db": {
        "dmean": 0.0276380367577,
        "dmean2": 0.0424617081881,
        "dvar": 0.000796506530605,
        "dvar2": 0.00186064885929,
        "max": 0.518192946911,
        "mean": 0.148856505752,
        "median": 0.147313266993,
        "min": 0.0150166479871,
        "var": 0.00389383570291
    },
    "barkbands_kurtosis": {
        "dmean": 3.8242559433,
        "dmean2": 6.04612779617,
        "dvar": 67.3565597534,
        "dvar2": 150.99281311,
        "max": 207.845367432,
        "mean": 5.38760995865,
        "median": 2.44937562943,
        "min": -1.86140310764,
        "var": 142.716415405
    },
    "barkbands_skewness": {
        "dmean": 0.622889757156,
        "dmean2": 0.939046025276,
        "dvar": 0.522558987141,
        "dvar2": 1.09460294247,
        "max": 10.9498558044,
        "mean": 1.4938647747,
        "median": 1.29744780064,
        "min": -2.21415042877,
        "var": 1.52450859547
    },
    "barkbands_spread": {
        "dmean": 5.78026199341,
        "dmean2": 8.61825275421,
        "dvar": 52.3301620483,
        "dvar2": 99.7435913086,
        "max": 132.178634644,
        "mean": 17.6835308075,
        "median": 13.6525669098,
        "min": 0.792581856251,
        "var": 194.268844604
    },
    "dissonance": {
        "dmean": 0.0286642946303,
        "dmean2": 0.0475407317281,
        "dvar": 0.00069344061194,
        "dvar2": 0.00184476538561,
        "max": 0.500000119209,
        "mean": 0.444229602814,
        "median": 0.453301280737,
        "min": 0.0997685343027,
        "var": 0.00185297150165
    },
    "dynamic_complexity": 2.84746646881,
    "erbbands_crest": {
        "dmean": 3.27655339241,
        "dmean2": 5.1863656044,
        "dvar": 8.56906604767,
        "dvar2": 20.1362667084,
        "max": 30.6794872284,
        "mean": 10.946097374,
        "median": 10.0153465271,
        "min": 2.31443834305,
        "var": 25.2623119354
    },
    "erbbands_flatness_db": {
        "dmean": 0.0234073735774,
        "dmean2": 0.0350765250623,
        "dvar": 0.00050809973618,
        "dvar2": 0.00103108223993,
        "max": 0.429248541594,
        "mean": 0.17626708746,
        "median": 0.176364928484,
        "min": 0.0486630126834,
        "var": 0.00289420853369
    },
    "erbbands_kurtosis": {
        "dmean": 1.6712487936,
        "dmean2": 2.63724255562,
        "dvar": 6.71197652817,
        "dvar2": 14.9810380936,
        "max": 103.064910889,
        "mean": 1.93693006039,
        "median": 0.946119189262,
        "min": -1.86559832096,
        "var": 13.4810237885
    },
    "erbbands_skewness": {
        "dmean": 0.462131649256,
        "dmean2": 0.721224546432,
        "dvar": 0.183613359928,
        "dvar2": 0.439578354359,
        "max": 8.36211299896,
        "mean": 0.879870772362,
        "median": 0.833550095558,
        "min": -2.49314379692,
        "var": 0.78042191267
    },
    "erbbands_spread": {
        "dmean": 8.05400753021,
        "dmean2": 12.3959589005,
        "dvar": 78.2584609985,
        "dvar2": 182.230865479,
        "max": 138.63520813,
        "mean": 28.4798431396,
        "median": 25.0717811584,
        "min": 1.53840315342,
        "var": 246.135955811
    },
    "hfc": {
        "dmean": 11.1459674835,
        "dmean2": 17.2479896545,
        "dvar": 378.553894043,
        "dvar2": 674.17791748,
        "max": 229.954162598,
        "mean": 21.8267192841,
        "median": 13.5690059662,
        "min": 1.11043465051e-16,
        "var": 676.344604492
    },
    "melbands_crest": {
        "dmean": 3.49161720276,
        "dmean2": 5.69475269318,
        "dvar": 11.3899288177,
        "dvar2": 26.4679737091,
        "max": 38.1534194946,
        "mean": 13.8147382736,
        "median": 12.7131271362,
        "min": 1.59048342705,
        "var": 28.9951896667
    },
    "melbands_flatness_db": {
        "dmean": 0.0336209274828,
        "dmean2": 0.0510238707066,
        "dvar": 0.00123076117598,
        "dvar2": 0.0027733319439,
        "max": 0.64916986227,
        "mean": 0.225420713425,
        "median": 0.223038643599,
        "min": 0.00378951011226,
        "var": 0.00558265997097
    },
    "melbands_kurtosis": {
        "dmean": 7.68133974075,
        "dmean2": 12.118475914,
        "dvar": 405.98348999,
        "dvar2": 876.559875488,
        "max": 511.960205078,
        "mean": 11.6663274765,
        "median": 5.56223726273,
        "min": -1.7613658905,
        "var": 730.651550293
    },
    "melbands_skewness": {
        "dmean": 0.774335503578,
        "dmean2": 1.18111658096,
        "dvar": 0.953256905079,
        "dvar2": 1.97247886658,
        "max": 16.1386356354,
        "mean": 2.09162688255,
        "median": 1.75574350357,
        "min": -1.8286331892,
        "var": 2.52309036255
    },
    "melbands_spread": {
        "dmean": 6.58391094208,
        "dmean2": 9.85381984711,
        "dvar": 76.6729812622,
        "dvar2": 155.484191895,
        "max": 176.071258545,
        "mean": 19.5055274963,
        "median": 14.8242721558,
        "min": 0.488622844219,
        "var": 269.388061523
    },
    "pitch_salience": {
        "dmean": 0.0787057876587,
        "dmean2": 0.121885120869,
        "dvar": 0.00514052016661,
        "dvar2": 0.011655094102,
        "max": 0.878401935101,
        "mean": 0.554624974728,
        "median": 0.554383158684,
        "min": 0.0472025386989,
        "var": 0.0130639746785
    },
    "silence_rate_20dB": {
        "dmean": 0,
        "dmean2": 0,
        "dvar": 0,
        "dvar2": 0,
        "max": 1,
        "mean": 1,
        "median": 1,
        "min": 1,
        "var": 0
    },
    "silence_rate_30dB": {
        "dmean": 0,
        "dmean2": 0,
        "dvar": 0,
        "dvar2": 0,
        "max": 1,
        "mean": 1,
        "median": 1,
        "min": 1,
        "var": 0
    },
    "silence_rate_60dB": {
        "dmean": 0.0130661381409,
        "dmean2": 0.0261341948062,
        "dvar": 0.0128927268088,
        "dvar2": 0.0314612537622,
        "max": 1,
        "mean": 0.0331033468246,
        "median": 0,
        "min": 0,
        "var": 0.0320100598037
    },
    "spectral_centroid": {
        "dmean": 258.288116455,
        "dmean2": 392.444915771,
        "dvar": 97805.6171875,
        "dvar2": 204723.90625,
        "max": 11134.6923828,
        "mean": 1069.64147949,
        "median": 887.852050781,
        "min": 210.616378784,
        "var": 392660.40625
    },
    "spectral_complexity": {
        "dmean": 5.01666307449,
        "dmean2": 7.42563486099,
        "dvar": 38.4557685852,
        "dvar2": 68.4740371704,
        "max": 61,
        "mean": 17.6646366119,
        "median": 15,
        "min": 0,
        "var": 109.505691528
    },
    "spectral_decrease": {
        "dmean": 3.42251937901e-09,
        "dmean2": 5.67497293602e-09,
        "dvar": 2.51625298314e-17,
        "dvar2": 6.72072733345e-17,
        "max": -1.52415291163e-28,
        "mean": -7.51159312529e-09,
        "median": -6.6627396933e-09,
        "min": -5.6699395401e-08,
        "var": 2.66717258221e-17
    },
    "spectral_energy": {
        "dmean": 0.0137891890481,
        "dmean2": 0.022687645629,
        "dvar": 0.000390334811527,
        "dvar2": 0.0010274858214,
        "max": 0.21840685606,
        "mean": 0.0303302016109,
        "median": 0.0266417935491,
        "min": 1.06472160054e-20,
        "var": 0.000436228554463
    },
    "spectral_energyband_high": {
        "dmean": 0.00068548420677,
        "dmean2": 0.00100615515839,
        "dvar": 3.000127208e-06,
        "dvar2": 4.90153797728e-06,
        "max": 0.0196206402034,
        "mean": 0.000932322698645,
        "median": 0.000195253611309,
        "min": 7.5556381595e-21,
        "var": 5.12634733241e-06
    },
    "spectral_energyband_low": {
        "dmean": 0.0056389006786,
        "dmean2": 0.0092813866213,
        "dvar": 7.70985934651e-05,
        "dvar2": 0.000196204840904,
        "max": 0.0830909758806,
        "mean": 0.00950450077653,
        "median": 0.00707626715302,
        "min": 1.14453796633e-22,
        "var": 8.91545423656e-05
    },
    "spectral_energyband_middle_high": {
        "dmean": 0.00256808940321,
        "dmean2": 0.00401253625751,
        "dvar": 1.92958541447e-05,
        "dvar2": 4.68206089863e-05,
        "max": 0.0523327440023,
        "mean": 0.00503439130262,
        "median": 0.0027989144437,
        "min": 1.80057125488e-21,
        "var": 3.58620673069e-05
    },
    "spectral_energyband_middle_low": {
        "dmean": 0.00923835113645,
        "dmean2": 0.0160348080099,
        "dvar": 0.000276673759799,
        "dvar2": 0.000771122635342,
        "max": 0.192414745688,
        "mean": 0.0167719256133,
        "median": 0.0128510594368,
        "min": 4.65994954677e-22,
        "var": 0.000252013065619
    },
    "spectral_entropy": {
        "dmean": 0.257847130299,
        "dmean2": 0.399995088577,
        "dvar": 0.0673687681556,
        "dvar2": 0.163769215345,
        "max": 9.79737186432,
        "mean": 7.34075546265,
        "median": 7.34927940369,
        "min": 4.67137765884,
        "var": 0.309650272131
    },
    "spectral_flux": {
        "dmean": 0.0390812605619,
        "dmean2": 0.0625226423144,
        "dvar": 0.00208067940548,
        "dvar2": 0.00385862612166,
        "max": 0.429667025805,
        "mean": 0.0999256372452,
        "median": 0.0856160372496,
        "min": 1.03185349154e-10,
        "var": 0.00363857322372
    },
    "spectral_kurtosis": {
        "dmean": 2.78831982613,
        "dmean2": 4.53422117233,
        "dvar": 20.4165000916,
        "dvar2": 49.9048271179,
        "max": 169.579742432,
        "mean": 6.69240188599,
        "median": 4.7869758606,
        "min": -1.15073156357,
        "var": 68.7252883911
    },
    "spectral_rms": {
        "dmean": 0.00115156348329,
        "dmean2": 0.00182869937271,
        "dvar": 1.98304769583e-06,
        "dvar2": 4.93260859002e-06,
        "max": 0.0145972548053,
        "mean": 0.0051048011519,
        "median": 0.00509823393077,
        "min": 3.22296876687e-12,
        "var": 3.53140353582e-06
    },
    "spectral_rolloff": {
        "dmean": 448.652374268,
        "dmean2": 706.257385254,
        "dvar": 683623.25,
        "dvar2": 1268768,
        "max": 18927.6855469,
        "mean": 1191.22521973,
        "median": 775.1953125,
        "min": 21.533203125,
        "var": 2306356.5
    },
    "spectral_skewness": {
        "dmean": 0.343036234379,
        "dmean2": 0.537886381149,
        "dvar": 0.153094574809,
        "dvar2": 0.36577501893,
        "max": 11.1849794388,
        "mean": 1.88064157963,
        "median": 1.76452875137,
        "min": -0.103938117623,
        "var": 0.567536771297
    },
    "spectral_spread": {
        "dmean": 584287.5,
        "dmean2": 890414.0625,
        "dvar": 501252325376,
        "dvar2": 1.15696218931e+12,
        "max": 38665084,
        "mean": 4198095,
        "median": 3968724,
        "min": 401766.40625,
        "var": 2.25128297267e+12
    },
    "spectral_strongpeak": {
        "dmean": 0.54275560379,
        "dmean2": 0.921935081482,
        "dvar": 0.586220562458,
        "dvar2": 1.51096785069,
        "max": 9.34944057465,
        "mean": 1.02574133873,
        "median": 0.555832982063,
        "min": 0,
        "var": 1.17071211338
    },
    "zerocrossingrate": {
        "dmean": 0.0100481351838,
        "dmean2": 0.0121161285788,
        "dvar": 0.000166083991644,
        "dvar2": 0.000193046333152,
        "max": 0.509765625,
        "mean": 0.0486807525158,
        "median": 0.0380859375,
        "min": 0,
        "var": 0.0015709598083
    },
    "barkbands": {
        "dmean": [0.000275242142379, 0.0027295507025, 0.00251421704888, 0.00351973506622, 0.00225985795259, 0.00109220447484, 0.00215787091292, 0.00238608638756, 0.000872345641255, 0.000575757352635, 0.000646531814709, 0.000351983035216, 0.000530942634214, 0.000360965495929, 0.000243887363467, 0.000461687857751, 0.000187256402569, 0.000150896652485, 0.000141110023833, 0.000197470391868, 0.000148975595948, 0.000118056705105, 0.000106110208435, 9.10819144337e-05, 9.21774917515e-05, 6.7855391535e-05, 5.77733908358e-06],
        "dmean2": [0.000484700867673, 0.0042387614958, 0.00438289158046, 0.00656700180843, 0.00405075587332, 0.00179114332423, 0.00358105567284, 0.00392218632624, 0.00146236037835, 0.000875668716617, 0.0010474222945, 0.00052279245574, 0.000810153898783, 0.000574804667849, 0.00039177146391, 0.000796750129666, 0.000298988074064, 0.000238309905399, 0.000218063374632, 0.000294222409138, 0.000229990997468, 0.000174778615474, 0.000159112751135, 0.000135715512442, 0.000133047346026, 9.62018675637e-05, 8.1566058725e-06],
        "dvar": [5.04463855577e-07, 1.28172505356e-05, 1.97914268938e-05, 9.27645596676e-05, 3.05676585413e-05, 3.21694938066e-06, 1.27967223307e-05, 1.8891032596e-05, 4.02117802878e-06, 1.3944852526e-06, 1.89707157006e-06, 3.75093492266e-07, 1.7043371372e-06, 4.51653846767e-07, 1.90834498426e-07, 3.42605380865e-06, 8.43639682557e-08, 9.8832998674e-08, 9.38050348509e-08, 2.43575556169e-07, 1.12813879127e-07, 7.11559380306e-08, 1.10856284152e-07, 5.49027134866e-08, 8.15821437072e-08, 4.7883435883e-08, 2.54979787284e-10],
        "dvar2": [1.48057927163e-06, 2.85821333819e-05, 5.20721914654e-05, 0.000265211099759, 8.74605975696e-05, 8.40155826154e-06, 3.29892136506e-05, 5.00976639159e-05, 1.00183815448e-05, 3.30911234414e-06, 4.59760713056e-06, 7.58856970151e-07, 3.43763645105e-06, 1.05470451217e-06, 4.667049609e-07, 9.48772685661e-06, 2.09350233149e-07, 2.12798781263e-07, 2.09546030305e-07, 4.42024003178e-07, 2.17183213636e-07, 1.19605843452e-07, 1.95081170773e-07, 9.76644045636e-08, 1.33613212938e-07, 8.5497944724e-08, 4.31895103015e-10],
        "max": [0.0127760507166, 0.043159916997, 0.0379020273685, 0.107176855206, 0.0656390190125, 0.0322524830699, 0.0516862943769, 0.0614866092801, 0.0482629202306, 0.0302215348929, 0.0333981476724, 0.0144257694483, 0.0226151477545, 0.0149116413668, 0.00650306558236, 0.0305685084313, 0.00562744867057, 0.00420591561124, 0.00432949699461, 0.0116993673146, 0.00444769021124, 0.00388665683568, 0.004235454835, 0.00238310592249, 0.00300679821521, 0.00230308924802, 0.000173612861545],
        "mean": [0.000271544995485, 0.00475022662431, 0.00293102115393, 0.0027153941337, 0.00253758812323, 0.00195212475955, 0.0035004473757, 0.00397577136755, 0.00140814576298, 0.00100416725036, 0.000975625996944, 0.000515524938237, 0.000763204123359, 0.000530693214387, 0.000337903009495, 0.000463118922198, 0.000250762823271, 0.000181600247743, 0.000160307128681, 0.000332078518113, 0.00017731844855, 0.0001723805035, 0.000136445160024, 0.000111334658868, 0.000100997116533, 6.78970027366e-05, 6.57184864394e-06],
        "median": [8.24158341857e-05, 0.003124573268, 0.00123261311091, 0.000854702026118, 0.00124597153626, 0.000899508595467, 0.00149901781697, 0.00144343136344, 0.000496556400321, 0.000407330458984, 0.000447551545221, 0.000211868435144, 0.000202335708309, 0.000180586663191, 0.000130655243993, 7.49546670704e-05, 0.000111940360512, 5.67905881326e-05, 3.90400382457e-05, 6.38807250652e-05, 4.40789153799e-05, 3.57583267032e-05, 2.08076053241e-05, 1.49073885041e-05, 5.5603832152e-06, 2.57883630184e-06, 5.19434479429e-07],
        "min": [2.10853211407e-23, 8.5302192876e-23, 1.79595860215e-23, 1.38380654708e-23, 1.47697707843e-22, 1.985428161e-23, 8.02031158915e-23, 9.86301114656e-23, 6.99648562341e-23, 4.89879876906e-23, 7.09085863122e-23, 1.60038408031e-22, 7.68827814087e-23, 1.48093880101e-22, 1.61761166652e-22, 3.35931178452e-22, 1.25951665207e-22, 2.50387808709e-22, 3.07515878531e-22, 4.6337841034e-22, 3.77196580756e-22, 3.87504607272e-22, 6.62679864506e-22, 6.9634011757e-22, 1.20616716288e-21, 1.57711899449e-21, 2.45465786191e-21],
        "var": [4.03877606914e-07, 2.25818548643e-05, 1.67799771589e-05, 5.25944051333e-05, 1.97247227334e-05, 7.20320622349e-06, 2.65750240942e-05, 3.96366158384e-05, 1.20263803183e-05, 3.56844316229e-06, 2.85305168291e-06, 7.43823818539e-07, 3.54885582965e-06, 9.7569989066e-07, 2.94582719107e-07, 2.83385020339e-06, 1.2083749823e-07, 1.26883350049e-07, 1.15901102049e-07, 7.84633073181e-07, 1.57571562909e-07, 1.45066834989e-07, 1.62022431027e-07, 8.67641745117e-08, 1.22745106523e-07, 6.41854711603e-08, 3.7485115012e-10]
    },
    "erbbands": {
        "dmean": [0.097538292408, 0.629724979401, 2.29545378685, 8.35733699799, 10.374704361, 6.44670534134, 5.76023292542, 10.485704422, 25.9668827057, 41.8060340881, 46.2395782471, 20.6465358734, 20.6972579956, 15.9403743744, 25.8806362152, 13.6112766266, 24.4232711792, 19.7613430023, 12.2323446274, 20.5519104004, 17.9565753937, 10.2442884445, 8.34700298309, 7.04935884476, 7.91245222092, 10.0269374847, 6.4185500145, 5.85186433792, 4.33079576492, 3.94278383255, 2.67145729065, 1.9372190237, 1.57744240761, 1.00820171833, 0.729326963425, 0.437384516001, 0.0878133922815, 0.00703837210312, 0.00119747663848, 5.82956963626e-05],
        "dmean2": [0.150442436337, 0.977065980434, 4.02115011215, 15.2130298615, 19.48188591, 11.1414165497, 9.47985363007, 17.2369346619, 42.7393608093, 67.7958602905, 78.3100128174, 34.1564903259, 31.2055225372, 26.1003704071, 41.8301200867, 20.1908035278, 36.468547821, 31.125421524, 19.4061050415, 35.1063919067, 29.9218673706, 16.256526947, 13.0244293213, 10.9646186829, 12.2086677551, 14.6719522476, 9.69891166687, 8.81835365295, 6.55248689651, 5.88087701797, 3.96820735931, 2.9585108757, 2.27407073975, 1.46237373352, 1.03412437439, 0.622023642063, 0.122046791017, 0.0103558562696, 0.00166705425363, 8.44236274133e-05],
        "dvar": [0.0152109889314, 0.686081767082, 16.5779838562, 402.221862793, 1005.2010498, 167.79234314, 76.0908355713, 338.985290527, 1848.54211426, 5190.078125, 9227.24707031, 2292.84106445, 1886.26818848, 800.54083252, 4068.42163086, 502.832733154, 3624.44677734, 1197.89477539, 463.322418213, 4295.47070312, 4575.07763672, 267.44934082, 282.540771484, 225.488067627, 282.412506104, 730.258850098, 202.828598022, 178.469833374, 96.5206832886, 126.383865356, 62.5671043396, 28.9679450989, 16.1620101929, 9.8667640686, 5.23486709595, 2.03527617455, 0.0750635638833, 0.000327683897922, 1.22215951706e-05, 1.72539742493e-08],
        "dvar2": [0.034222330898, 1.5997338295, 43.4616394043, 1136.31799316, 2895.11694336, 467.170715332, 203.52571106, 880.878295898, 4711.86621094, 13164.0283203, 24710.8085938, 5569.33642578, 4289.85009766, 2084.02758789, 9726.30175781, 1017.60632324, 7379.95263672, 2835.0168457, 1095.20031738, 11925.7939453, 12080.3007812, 661.893188477, 617.026916504, 516.866699219, 600.480957031, 1286.67407227, 397.568634033, 371.291320801, 165.491256714, 217.107345581, 105.718307495, 53.6212501526, 29.7043037415, 17.1204299927, 8.91999912262, 3.46533584595, 0.136293828487, 0.000602219894063, 2.04947627935e-05, 2.89071113713e-08],
        "max": [1.2401496172, 9.80452537537, 32.8056526184, 206.924606323, 376.368896484, 143.34526062, 165.894851685, 361.759552002, 697.510620117, 1100.86425781, 1322.10449219, 1545.12121582, 1072.50805664, 561.502075195, 1591.01000977, 484.786010742, 1030.30236816, 798.84967041, 373.161743164, 1058.53747559, 1174.30444336, 311.97869873, 237.805130005, 211.717666626, 258.748687744, 668.47088623, 200.308029175, 158.482803345, 169.346939087, 139.166015625, 94.697593689, 62.1032028198, 38.755695343, 34.2265586853, 23.0110569, 15.3807210922, 3.03225040436, 0.187563329935, 0.0379481948912, 0.00152071088087],
        "mean": [0.146587312222, 1.04926085472, 2.57273507118, 7.81265544891, 7.56553840637, 8.31854915619, 10.0057535172, 18.892074585, 46.4362182617, 75.4452133179, 68.2652359009, 34.8144226074, 36.4761886597, 24.0650787354, 37.3971824646, 22.526845932, 36.8393669128, 30.1624565125, 19.3958568573, 24.6022071838, 19.0450992584, 13.7605571747, 10.7615833282, 8.30465984344, 10.7449197769, 16.7355499268, 8.01786613464, 7.13619470596, 6.24690628052, 5.26954841614, 3.4777135849, 2.4001095295, 1.84557569027, 1.11252093315, 0.760484516621, 0.452500194311, 0.0870222374797, 0.00733394175768, 0.00134099030402, 9.05158667592e-05],
        "median": [0.086794257164, 0.647445857525, 1.17628598213, 3.22829341888, 1.71389913559, 4.18228816986, 5.7832403183, 7.96376895905, 18.9433898926, 35.2136535645, 27.7261352539, 13.3149852753, 14.814950943, 11.8185176849, 15.6201648712, 10.7275276184, 11.4154281616, 12.5664653778, 7.31202602386, 7.10404968262, 4.85638952255, 5.77676963806, 3.61862945557, 2.55120944977, 3.03558540344, 2.80640482903, 2.0024702549, 1.69650840759, 1.29424881935, 0.947296202183, 0.56812107563, 0.329784452915, 0.218417108059, 0.0761692076921, 0.034999974072, 0.0159693229944, 0.00350484927185, 0.000605384004302, 9.1265028459e-05, 4.11302535213e-05],
        "min": [3.77312539523e-21, 1.40820616886e-20, 1.99778997489e-20, 3.02034467046e-20, 2.24796490273e-19, 5.22323818182e-19, 4.63224606849e-19, 2.05713407692e-19, 7.27634854205e-19, 2.50174820566e-18, 1.34104837013e-18, 1.29910131748e-18, 2.49155858129e-18, 1.64913468441e-18, 2.48647431565e-18, 8.18711110261e-18, 4.25149948542e-18, 6.99931696611e-18, 6.51690481928e-18, 1.60950884532e-17, 1.25211545278e-17, 9.09652339422e-18, 1.21016374724e-17, 1.34831895684e-17, 1.62037121568e-17, 1.96523273922e-17, 1.80221496195e-17, 1.60517441891e-17, 1.30833825727e-17, 2.03605825938e-17, 1.64626808999e-17, 1.15889534103e-17, 1.36249658439e-17, 1.30857623713e-17, 9.17021856935e-18, 5.40293613886e-18, 3.38269865996e-18, 1.26800790845e-18, 3.50820041535e-19, 3.48139381814e-20],
        "var": [0.024052163586, 1.17018175125, 13.3433198929, 240.68170166, 558.15423584, 146.656326294, 139.976959229, 739.582336426, 5045.92089844, 12030.4072266, 12791.5996094, 8595.98828125, 4721.78759766, 1243.99621582, 5608.49316406, 1072.05126953, 7317.12695312, 2342.42773438, 968.49395752, 3855.82666016, 3853.36694336, 371.322662354, 372.966339111, 276.694488525, 447.236297607, 2362.2409668, 315.410400391, 255.342224121, 194.761688232, 191.039474487, 96.2753677368, 43.3967247009, 25.1359443665, 14.331199646, 7.45855474472, 2.85850334167, 0.100796602666, 0.000444690551376, 1.80700753845e-05, 2.66280846262e-08]
    },
    "gfcc": {
        "mean": [-14.2700481415, 109.977577209, -113.734237671, 20.3197784424, -61.0854530334, 10.1260137558, -28.2857322693, 5.84249401093, -11.9066877365, 7.37539100647, -10.1874513626, -2.51518058777, -11.5769748688],
        "cov": [[13605.7792969, -1161.94677734, -295.923797607, 443.306365967, -109.871200562, 625.262634277, -147.62828064, 398.794799805, -359.785522461, 229.56388855, -347.607879639, -21.2405357361, -263.426635742], [-1161.94677734, 2012.11755371, -56.0723762512, -143.872253418, -19.0136108398, -350.596008301, 75.738067627, -279.554443359, 215.100662231, -172.352081299, 164.737976074, -107.773635864, 97.7507400513], [-295.923797607, -56.0723762512, 564.790039062, 129.684967041, 87.0980224609, 105.641578674, 16.542963028, 19.2218589783, -72.8012542725, 20.1582565308, -2.33280467987, 51.8460044861, -15.1853170395], [443.306365967, -143.872253418, 129.684967041, 410.208435059, 13.667391777, 101.18888092, 50.2061843872, 15.8646659851, 23.6928386688, 6.26079511642, -10.9865694046, -7.65894174576, 2.57809376717], [-109.871200562, -19.0136108398, 87.0980224609, 13.667391777, 363.068634033, 154.691619873, 68.0064163208, 59.2412261963, -20.2657413483, -4.88575172424, 0.945986032486, 61.3287162781, 8.30543804169], [625.262634277, -350.596008301, 105.641578674, 101.18888092, 154.691619873, 327.320709229, 92.8068618774, 122.80040741, -28.5905570984, 31.6638450623, -23.9819126129, 53.3675613403, -6.31629514694], [-147.62828064, 75.738067627, 16.542963028, 50.2061843872, 68.0064163208, 92.8068618774, 199.524627686, 62.7298927307, 49.8777198792, -12.5295000076, 7.68510818481, 27.6226348877, 21.0852127075], [398.794799805, -279.554443359, 19.2218589783, 15.8646659851, 59.2412261963, 122.80040741, 62.7298927307, 181.654449463, 12.1677532196, 49.2071762085, -13.6737775803, 37.8001785278, 0.177012860775], [-359.785522461, 215.100662231, -72.8012542725, 23.6928386688, -20.2657413483, -28.5905570984, 49.8777198792, 12.1677532196, 154.460891724, 5.27491998672, 35.0084381104, -15.2043867111, 26.1205291748], [229.56388855, -172.352081299, 20.1582565308, 6.26079511642, -4.88575172424, 31.6638450623, -12.5295000076, 49.2071762085, 5.27491998672, 132.405471802, 16.3898620605, 6.95295190811, -10.4324302673], [-347.607879639, 164.737976074, -2.33280467987, -10.9865694046, 0.945986032486, -23.9819126129, 7.68510818481, -13.6737775803, 35.0084381104, 16.3898620605, 110.789665222, 22.3104190826, 26.9022197723], [-21.2405357361, -107.773635864, 51.8460044861, -7.65894174576, 61.3287162781, 53.3675613403, 27.6226348877, 37.8001785278, -15.2043867111, 6.95295190811, 22.3104190826, 95.6481399536, 16.5801143646], [-263.426635742, 97.7507400513, -15.1853170395, 2.57809376717, 8.30543804169, -6.31629514694, 21.0852127075, 0.177012860775, 26.1205291748, -10.4324302673, 26.9022197723, 16.5801143646, 80.9827194214]],
        "icov": [[0.000139841053169, -0.000208372905036, 0.000268022355158, -0.000267602590611, 0.000206602853723, -0.000361092679668, 0.000298282859148, -0.000423300225521, 0.000506167649291, -0.000293093238724, 0.000428905856097, -0.000279739702819, 0.000352862960426], [-0.000208372905036, 0.00169283349533, -0.000875093101058, 0.000962179270573, -0.000876594451256, 0.00139650749043, -0.00140295887832, 0.0020416425541, -0.00214078370482, 0.00154080160428, -0.00210939883254, 0.00203867815435, -0.00118390214629], [0.000268022355158, -0.000875093101058, 0.00291918125004, -0.00143842282705, 0.000334355718223, -0.00117681594566, 0.000817030319013, -0.00103775726166, 0.00245976191945, -0.00125527870841, 0.00112350354902, -0.00200713635422, 0.00126738869585], [-0.000267602590611, 0.000962179270573, -0.00143842282705, 0.00377834006213, -0.000273194338661, -0.000112000911031, -0.0012921304442, 0.00189954729285, -0.00238939304836, 0.000979622476734, -0.00112042319961, 0.00198680767789, -0.00120801839512], [0.000206602853723, -0.000876594451256, 0.000334355718223, -0.000273194338661, 0.00430348608643, -0.0024477255065, 0.000391175621189, -0.00112421065569, 0.00138789368793, -0.000355207477696, 0.00111828919034, -0.00234025693499, 0.000684111670125], [-0.000361092679668, 0.00139650749043, -0.00117681594566, -0.000112000911031, -0.0024477255065, 0.0074454843998, -0.00283187138848, -0.000627188535873, -0.000792783626821, 0.0008017080836, -0.00132358504925, 0.000881664396729, -0.000888741924427], [0.000298282859148, -0.00140295887832, 0.000817030319013, -0.0012921304442, 0.000391175621189, -0.00283187138848, 0.00864547025412, -0.00339188985527, -0.000504585914314, 0.000333057687385, 0.00177110393997, -0.00248875748366, 0.000480336108012], [-0.000423300225521, 0.0020416425541, -0.00103775726166, 0.00189954729285, -0.00112421065569, -0.000627188535873, -0.00339188985527, 0.0119852907956, -0.00421762932092, -0.0010933757294, -0.000714871566743, 0.000112064757559, -0.00173901370727], [0.000506167649291, -0.00214078370482, 0.00245976191945, -0.00238939304836, 0.00138789368793, -0.000792783626821, -0.000504585914314, -0.00421762932092, 0.0126248570159, -0.00267001776956, 0.000337966863299, -0.000381356425351, 0.000254042912275], [-0.000293093238724, 0.00154080160428, -0.00125527870841, 0.000979622476734, -0.000355207477696, 0.0008017080836, 0.000333057687385, -0.0010933757294, -0.00267001776956, 0.0109922969714, -0.00442077126354, 0.00231822323985, 0.000206035329029], [0.000428905856097, -0.00210939883254, 0.00112350354902, -0.00112042319961, 0.00111828919034, -0.00132358504925, 0.00177110393997, -0.000714871566743, 0.000337966863299, -0.00442077126354, 0.0149071086198, -0.00614020461217, -0.00086329592159], [-0.000279739702819, 0.00203867815435, -0.00200713635422, 0.00198680767789, -0.00234025693499, 0.000881664396729, -0.00248875748366, 0.000112064757559, -0.000381356425351, 0.00231822323985, -0.00614020461217, 0.0175127722323, -0.00397795019671], [0.000352862960426, -0.00118390214629, 0.00126738869585, -0.00120801839512, 0.000684111670125, -0.000888741924427, 0.000480336108012, -0.00173901370727, 0.000254042912275, 0.000206035329029, -0.00086329592159, -0.00397795019671, 0.0159863550216]]
    },
    "melbands": {
        "dmean": [0.00079251738498, 0.0010150334565, 0.00152115849778, 0.000588451512158, 0.000214619823964, 0.000245893228566, 0.000402180798119, 0.000475778477266, 0.000367278029444, 0.000114477756142, 0.000101996061858, 6.01426545472e-05, 8.29225973575e-05, 4.28832063335e-05, 4.67738900625e-05, 5.37318555871e-05, 3.93627888116e-05, 2.11458209378e-05, 2.21381305892e-05, 3.78386030206e-05, 1.69192917383e-05, 1.08320919026e-05, 9.51185393205e-06, 6.62818365527e-06, 5.72876524529e-06, 5.1809274737e-06, 7.04412605046e-06, 6.86757630319e-06, 4.2816950554e-06, 3.50466552845e-06, 3.50308800989e-06, 2.61187210526e-06, 2.14666056308e-06, 2.27163491218e-06, 1.55567556703e-06, 1.38461030019e-06, 1.20636423162e-06, 1.19325659398e-06, 9.24122161905e-07, 8.05588626918e-07],
        "dmean2": [0.00122875836678, 0.00169687881134, 0.00278479815461, 0.00107855163515, 0.000350184476702, 0.000402241043048, 0.000664701627102, 0.000767403340433, 0.000624940032139, 0.000187178942724, 0.000154227760504, 9.8805896414e-05, 0.000135079942993, 6.81670790073e-05, 6.80516677676e-05, 8.1302561739e-05, 6.22587685939e-05, 3.37690362358e-05, 3.6372224713e-05, 6.53897004668e-05, 2.77534145425e-05, 1.75449622475e-05, 1.49670286191e-05, 1.03219545053e-05, 9.03425188881e-06, 8.10372603155e-06, 1.10396058517e-05, 1.00947481769e-05, 6.60065643387e-06, 5.40575501873e-06, 5.30106581209e-06, 3.99353984903e-06, 3.19488435707e-06, 3.40598262483e-06, 2.23252436626e-06, 2.07094194593e-06, 1.87483135505e-06, 1.7585233536e-06, 1.31961712668e-06, 1.17670322197e-06],
        "dvar": [1.05758010704e-06, 2.58272416431e-06, 1.52525699377e-05, 2.67411110144e-06, 9.40526660997e-08, 1.67466012613e-07, 4.16008333559e-07, 6.47763386041e-07, 6.08384254974e-07, 7.22037256651e-08, 4.74752681612e-08, 1.20781145085e-08, 3.69791806065e-08, 7.38034211523e-09, 7.9952275911e-09, 1.83590067593e-08, 5.43450262569e-09, 1.7245445072e-09, 1.88797821821e-09, 2.14431210566e-08, 3.25502869103e-09, 3.0079769231e-10, 3.04548275487e-10, 2.15068671205e-10, 1.50172860258e-10, 1.26221005869e-10, 2.40833741838e-10, 4.03312855335e-10, 1.02405986468e-10, 6.56426302204e-11, 6.44275049977e-11, 3.52434088857e-11, 2.68551986204e-11, 4.83056268596e-11, 1.84394964575e-11, 1.89605674911e-11, 1.03275330995e-11, 9.02427264859e-12, 7.76458931873e-12, 6.45085590847e-12],
        "dvar2": [2.29792226492e-06, 6.54274754197e-06, 4.32611814176e-05, 7.68199697632e-06, 2.46978629548e-07, 4.35872010485e-07, 1.06715015136e-06, 1.66099516719e-06, 1.63712275025e-06, 1.70727091131e-07, 1.08318083392e-07, 3.16657242649e-08, 9.02493226818e-08, 1.71539760174e-08, 1.58478083989e-08, 3.77170010779e-08, 1.28752724038e-08, 4.03165856255e-09, 4.84459805605e-09, 6.00137042284e-08, 8.37203195658e-09, 7.6339357058e-10, 6.98572644175e-10, 4.70508965122e-10, 3.54238194333e-10, 2.59462784591e-10, 5.23639687167e-10, 7.22104875894e-10, 2.15805470716e-10, 1.47188636279e-10, 1.27799673622e-10, 6.26112009461e-11, 4.86505592756e-11, 8.38476926779e-11, 2.92892654574e-11, 3.92508490987e-11, 1.99933680722e-11, 1.94996727099e-11, 1.33672760361e-11, 1.14135072921e-11],
        "max": [0.0119015192613, 0.0141743142158, 0.0426629818976, 0.0195104442537, 0.0053240484558, 0.00772571749985, 0.00944045558572, 0.0117258001119, 0.0117594199255, 0.00917488429695, 0.00547564821318, 0.00206324085593, 0.00461548333988, 0.00172088632826, 0.00179819948971, 0.00231733685359, 0.00183321069926, 0.000849269854371, 0.000665023748297, 0.00239460496232, 0.000994867761619, 0.000283285946352, 0.000270171032753, 0.000193424260942, 0.00018721743254, 0.000161478776135, 0.000384167477023, 0.000451790809166, 0.000179776063305, 0.000134382033139, 0.000122239638586, 0.000115737078886, 5.64935908187e-05, 9.07854482648e-05, 4.56464804302e-05, 5.79695406486e-05, 3.40667502314e-05, 2.80209005723e-05, 2.97488222714e-05, 2.90253810817e-05],
        "mean": [0.0013623717241, 0.00140963727608, 0.00134964846075, 0.000534439634066, 0.000382620753953, 0.000452602980658, 0.000702184101101, 0.000868879666086, 0.000520887202583, 0.000190493912669, 0.000174641842023, 8.66880873218e-05, 0.000119228912808, 6.45902910037e-05, 7.61389892432e-05, 7.53086205805e-05, 5.5887401686e-05, 3.11694238917e-05, 3.02918288071e-05, 3.85533639928e-05, 1.73935331986e-05, 1.40318188642e-05, 1.28507945192e-05, 7.64728611102e-06, 6.53701545161e-06, 5.8349273786e-06, 1.08285212264e-05, 1.1072171219e-05, 4.92418075737e-06, 4.07756624554e-06, 4.2640731408e-06, 3.72421868633e-06, 2.95452355203e-06, 2.92174013339e-06, 2.00834710995e-06, 1.63459708347e-06, 1.45474632518e-06, 1.39362441587e-06, 1.03608579138e-06, 8.74301747444e-07],
        "median": [0.000856836908497, 0.000820555898827, 0.000570022501051, 0.000216204178287, 0.000230586214457, 0.000191276456462, 0.00029811199056, 0.000371343805455, 0.000202853829251, 7.05557467882e-05, 6.59875368001e-05, 3.87076070183e-05, 5.21110487171e-05, 3.12754928018e-05, 2.51244055107e-05, 1.94900712813e-05, 2.12025206565e-05, 8.94933509699e-06, 1.15936381917e-05, 6.17715522822e-06, 4.97496330354e-06, 6.06753292232e-06, 4.27152417615e-06, 2.26089878197e-06, 1.84082864507e-06, 1.19535275189e-06, 2.50639982369e-06, 1.48499339048e-06, 1.11308929718e-06, 1.0752092976e-06, 8.95375478649e-07, 7.41631765777e-07, 5.83060568715e-07, 4.67446852781e-07, 3.43778481238e-07, 2.08208547292e-07, 1.81998245807e-07, 1.61120169651e-07, 9.15845390637e-08, 4.87911364644e-08],
        "min": [2.84679548083e-23, 1.30592238879e-23, 1.07611450644e-23, 2.62726543055e-23, 2.06511052772e-23, 4.14769219456e-24, 1.22369200135e-23, 2.82027587046e-23, 1.0202288389e-23, 8.58509750087e-24, 1.18630346543e-23, 5.61691959813e-24, 8.7950930627e-24, 1.57416136563e-23, 1.55691875951e-23, 8.30284306899e-24, 1.32237360965e-23, 9.29712966481e-24, 1.65724608944e-23, 2.83943256868e-23, 1.05874852247e-23, 7.81322708183e-24, 1.43608215045e-23, 8.2830237276e-24, 1.07103747654e-23, 1.31075826391e-23, 9.54636080149e-24, 1.4858494917e-23, 1.25445836551e-23, 1.04500364672e-23, 8.9669929537e-24, 7.10826390046e-24, 8.25312353271e-24, 1.31920380876e-23, 1.05674781344e-23, 5.81963555152e-24, 7.53930223224e-24, 9.2539103424e-24, 9.70988535625e-24, 1.18242479413e-23],
        "var": [1.86584793482e-06, 2.70216196441e-06, 8.85067493073e-06, 1.55864813678e-06, 1.88695807424e-07, 4.03468618515e-07, 1.04124512745e-06, 1.64544496783e-06, 7.86231510119e-07, 2.78602584558e-07, 1.18785379755e-07, 1.86365358701e-08, 4.9545047176e-08, 1.10010311971e-08, 1.95064107089e-08, 3.56189993056e-08, 1.02499786436e-08, 3.65521013457e-09, 2.56859400416e-09, 1.80658119575e-08, 2.76116574049e-09, 3.85457304963e-10, 4.70676941866e-10, 2.59340604547e-10, 1.78575418341e-10, 1.67412708696e-10, 6.21997398031e-10, 1.22684795656e-09, 1.42852465967e-10, 7.94822888062e-11, 1.01127370367e-10, 7.45120909418e-11, 4.5566304202e-11, 6.9905033151e-11, 2.99625185773e-11, 2.48421509058e-11, 1.52007035431e-11, 1.29328457665e-11, 1.15297597858e-11, 9.16839694443e-12]
    },
    "mfcc": {
        "mean": [-655.2890625, 141.285217285, 3.59231758118, 15.7304763794, -6.68286561966, 6.4860534668, -5.64436674118, 0.358846068382, 0.751271426678, 5.23475456238, 3.21276664734, 7.26721525192, 3.62275981903],
        "cov": [[8201.66210938, -904.441772461, -371.214813232, 0.6479383111, 18.3966293335, 207.424575806, 185.774353027, 145.405181885, 131.263656616, 194.118377686, 23.103597641, 23.6044483185, -54.3834457397], [-904.441772461, 1683.95532227, 16.4507808685, 75.0281066895, -44.7404975891, -51.4788169861, -106.314781189, -64.9297103882, -74.2809677124, -56.4949531555, -14.2496652603, 13.9190158844, 37.2905006409], [-371.214813232, 16.4507808685, 452.161407471, 91.5661392212, 23.5939102173, 30.9296569824, 24.6879940033, -18.4796295166, -19.8617897034, -33.5953178406, -3.40394234657, 11.2051544189, 1.32282102108], [0.6479383111, 75.0281066895, 91.5661392212, 266.52331543, 24.4758605957, 46.0571212769, -14.1396455765, 2.41084766388, 4.46654415131, -3.73963260651, 1.84501326084, 15.9312505722, 3.3023660183], [18.3966293335, -44.7404975891, 23.5939102173, 24.4758605957, 256.021148682, 80.6670532227, 102.169685364, 52.4236602783, 21.3287239075, -6.65467500687, 6.73515605927, -12.1906175613, 33.0209999084], [207.424575806, -51.4788169861, 30.9296569824, 46.0571212769, 80.6670532227, 177.199584961, 88.3328018188, 75.8113021851, 38.2129592896, 21.0068511963, 19.9743824005, -1.3301807642, 14.5207586288], [185.774353027, -106.314781189, 24.6879940033, -14.1396455765, 102.169685364, 88.3328018188, 214.712814331, 102.637687683, 48.0895767212, 5.38235616684, 21.8776836395, -10.4889993668, 29.3146877289], [145.405181885, -64.9297103882, -18.4796295166, 2.41084766388, 52.4236602783, 75.8113021851, 102.637687683, 211.495742798, 75.6869888306, 25.8019485474, 26.6845779419, -4.24716949463, 2.13368654251], [131.263656616, -74.2809677124, -19.8617897034, 4.46654415131, 21.3287239075, 38.2129592896, 48.0895767212, 75.6869888306, 125.158294678, 56.3431739807, 21.5233516693, 0.208192184567, -2.04538655281], [194.118377686, -56.4949531555, -33.5953178406, -3.73963260651, -6.65467500687, 21.0068511963, 5.38235616684, 25.8019485474, 56.3431739807, 115.146308899, 35.7335128784, 12.3596849442, 6.08348226547], [23.103597641, -14.2496652603, -3.40394234657, 1.84501326084, 6.73515605927, 19.9743824005, 21.8776836395, 26.6845779419, 21.5233516693, 35.7335128784, 83.9385604858, 29.3070335388, 8.46423149109], [23.6044483185, 13.9190158844, 11.2051544189, 15.9312505722, -12.1906175613, -1.3301807642, -10.4889993668, -4.24716949463, 0.208192184567, 12.3596849442, 29.3070335388, 86.5153121948, 27.5051727295], [-54.3834457397, 37.2905006409, 1.32282102108, 3.3023660183, 33.0209999084, 14.5207586288, 29.3146877289, 2.13368654251, -2.04538655281, 6.08348226547, 8.46423149109, 27.5051727295, 91.8628387451]],
