{
"lowlevel": {
    "average_loudness": 0.83477973938,
    "barkbands_crest": {
        "dmean": 2.51359653473,
        "dmean2": 3.84174895287,
        "dvar": 6.03697824478,
        "dvar2": 13.5607919693,
        "max": 26.2708873749,
        "mean": 11.9052848816,
        "median": 10.9268274307,
        "min": 2.12735271454,
        "var": 24.9988861084
    },
    "barkbands_flatness_db": {
        "dmean": 0.0224702805281,
        "dmean2": 0.0338236168027,
        "dvar": 0.00063630391378,
        "dvar2": 0.00129392347299,
        "max": 0.575023770332,
        "mean": 0.188716366887,
        "median": 0.173813909292,
        "min": 0.014297018759,
        "var": 0.00812315940857
    },
    "barkbands_kurtosis": {
        "dmean": 5.8902721405,
        "dmean2": 9.2301530838,
        "dvar": 619.304016113,
        "dvar2": 1550.23474121,
        "max": 2020.71264648,
        "mean": 18.6877326965,
        "median": 5.73541164398,
        "min": -1.79756295681,
        "var": 9555.54589844
    },
    "barkbands_skewness": {
        "dmean": 0.58832859993,
        "dmean2": 0.852679312229,
        "dvar": 0.425239354372,
        "dvar2": 0.877461791039,
        "max": 27.1978797913,
        "mean": 2.30657148361,
        "median": 1.94957542419,
        "min": -1.83710539341,
        "var": 5.40019845963
    },
    "barkbands_spread": {
        "dmean": 5.48087739944,
        "dmean2": 8.65031337738,
        "dvar": 92.4977264404,
        "dvar2": 202.792221069,
        "max": 101.300163269,
        "mean": 15.4801359177,
        "median": 10.7423171997,
        "min": 0.0569382533431,
        "var": 217.099334717
    },
    "dissonance": {
        "dmean": 0.0284033548087,
        "dmean2": 0.0485303886235,
        "dvar": 0.000825263618026,
        "dvar2": 0.00241269217804,
        "max": 0.499990463257,
        "mean": 0.425651818514,
        "median": 0.440148770809,
        "min": 0.107263408601,
        "var": 0.00309480098076
    },
    "dynamic_complexity": 3.73381733894,
    "erbbands_crest": {
        "dmean": 2.40538048744,
        "dmean2": 3.73706674576,
        "dvar": 6.32855653763,
        "dvar2": 13.7594261169,
        "max": 32.8250961304,
        "mean": 11.5506334305,
        "median": 10.0124225616,
        "min": 2.24886035919,
        "var": 34.5994911194
    },
    "erbbands_flatness_db": {
        "dmean": 0.0169654544443,
        "dmean2": 0.0247645005584,
        "dvar": 0.000420176540501,
        "dvar2": 0.000790712889284,
        "max": 0.5067730546,
        "mean": 0.170399188995,
        "median": 0.153603821993,
        "min": 0.0484359934926,
        "var": 0.00649053603411
    },
    "erbbands_kurtosis": {
        "dmean": 2.10264849663,
        "dmean2": 3.17894983292,
        "dvar": 16.8001976013,
        "dvar2": 33.3686294556,
        "max": 161.381729126,
        "mean": 4.51363182068,
        "median": 1.75732946396,
        "min": -1.88938975334,
        "var": 106.528656006
    },
    "erbbands_skewness": {
        "dmean": 0.393778979778,
        "dmean2": 0.5944699049,
        "dvar": 0.178069636226,
        "dvar2": 0.388631403446,
        "max": 8.18006324768,
        "mean": 1.16155910492,
        "median": 1.06429970264,
        "min": -2.49284625053,
        "var": 0.930608093739
    },
    "erbbands_spread": {
        "dmean": 11.2094888687,
        "dmean2": 17.3930740356,
        "dvar": 341.91217041,
        "dvar2": 660.142822266,
        "max": 164.872756958,
        "mean": 35.4106025696,
        "median": 27.9668865204,
        "min": 0.49378412962,
        "var": 717.526672363
    },
    "hfc": {
        "dmean": 12.0351018906,
        "dmean2": 19.0060119629,
        "dvar": 1691.90026855,
        "dvar2": 4474.08154297,
        "max": 531.057006836,
        "mean": 21.6650257111,
        "median": 11.8698301315,
        "min": 1.17609598284e-16,
        "var": 1589.22290039
    },
    "melbands_crest": {
        "dmean": 3.58479166031,
        "dmean2": 5.53609418869,
        "dvar": 12.1546697617,
        "dvar2": 28.3459434509,
        "max": 34.6924667358,
        "mean": 16.838306427,
        "median": 15.540968895,
        "min": 2.95502471924,
        "var": 44.2468261719
    },
    "melbands_flatness_db": {
        "dmean": 0.0283071137965,
        "dmean2": 0.0423532836139,
        "dvar": 0.00112344953232,
        "dvar2": 0.00231921789236,
        "max": 0.731845736504,
        "mean": 0.286018252373,
        "median": 0.278732866049,
        "min": 0.00961404945701,
        "var": 0.00999083090574
    },
    "melbands_kurtosis": {
        "dmean": 10.5625371933,
        "dmean2": 15.9269199371,
        "dvar": 470.708404541,
        "dvar2": 1066.92443848,
        "max": 449.812744141,
        "mean": 20.6842422485,
        "median": 11.8218517303,
        "min": -1.523681283,
        "var": 1006.64294434
    },
    "melbands_skewness": {
        "dmean": 0.853657901287,
        "dmean2": 1.24259114265,
        "dvar": 1.15924096107,
        "dvar2": 2.32993984222,
        "max": 17.4991760254,
        "mean": 2.87491607666,
        "median": 2.54504203796,
        "min": -1.9575304985,
        "var": 3.2877073288
    },
    "melbands_spread": {
        "dmean": 4.77216434479,
        "dmean2": 7.52869510651,
        "dvar": 121.934249878,
        "dvar2": 293.785125732,
        "max": 152.677108765,
        "mean": 13.1082963943,
        "median": 9.99944114685,
        "min": 0.166773408651,
        "var": 185.868865967
    },
    "pitch_salience": {
        "dmean": 0.0689487531781,
        "dmean2": 0.106707535684,
        "dvar": 0.00459262542427,
        "dvar2": 0.0106532452628,
        "max": 0.964992940426,
        "mean": 0.519324958324,
        "median": 0.537800967693,
        "min": 0.0115532521158,
        "var": 0.0196503996849
    },
    "silence_rate_20dB": {
        "dmean": 0,
        "dmean2": 0,
        "dvar": 0,
        "dvar2": 0,
        "max": 1,
        "mean": 1,
        "median": 1,
        "min": 1,
        "var": 0
    },
    "silence_rate_30dB": {
        "dmean": 0.0477099232376,
        "dmean2": 0.0954274386168,
        "dvar": 0.0454345084727,
        "dvar2": 0.0982520133257,
        "max": 1,
        "mean": 0.945376455784,
        "median": 1,
        "min": 0,
        "var": 0.0516440011561
    },
    "silence_rate_60dB": {
        "dmean": 0.00699745537713,
        "dmean2": 0.0139960236847,
        "dvar": 0.00694559793919,
        "dvar2": 0.0160291176289,
        "max": 1,
        "mean": 0.0695714429021,
        "median": 0,
        "min": 0,
        "var": 0.0647421702743
    },
    "spectral_centroid": {
        "dmean": 152.914596558,
        "dmean2": 239.186019897,
        "dvar": 109231.0625,
        "dvar2": 223063.046875,
        "max": 10578.03125,
        "mean": 749.35723877,
        "median": 589.877563477,
        "min": 72.6357269287,
        "var": 259466.328125
    },
    "spectral_complexity": {
        "dmean": 2.61116409302,
        "dmean2": 3.93638181686,
        "dvar": 22.5622558594,
        "dvar2": 40.6257743835,
        "max": 61,
        "mean": 13.8410587311,
        "median": 12,
        "min": 0,
        "var": 76.8502120972
    },
    "spectral_decrease": {
        "dmean": 3.58496254904e-09,
        "dmean2": 5.34338751024e-09,
        "dvar": 2.92223190429e-17,
        "dvar2": 6.26192134966e-17,
        "max": -5.68419806381e-29,
        "mean": -9.90094495279e-09,
        "median": -7.8108897128e-09,
        "min": -6.85763623665e-08,
        "var": 7.68887408076e-17
    },
    "spectral_energy": {
        "dmean": 0.0143786426634,
        "dmean2": 0.0214485432953,
        "dvar": 0.000453468266642,
        "dvar2": 0.000990282162093,
        "max": 0.264340102673,
        "mean": 0.0393335856497,
        "median": 0.0311051029712,
        "min": 1.08820625979e-20,
        "var": 0.00118061725516
    },
    "spectral_energyband_high": {
        "dmean": 0.00124441960361,
        "dmean2": 0.00201919535175,
        "dvar": 2.196443711e-05,
        "dvar2": 5.80944033572e-05,
        "max": 0.0600342787802,
        "mean": 0.00135828659404,
        "median": 0.000184486896615,
        "min": 7.70853732585e-21,
        "var": 1.85766966752e-05
    },
    "spectral_energyband_low": {
        "dmean": 0.0114187505096,
        "dmean2": 0.0169316399843,
        "dvar": 0.00038239263813,
        "dvar2": 0.000814179715235,
        "max": 0.206522330642,
        "mean": 0.0207729302347,
        "median": 0.0114893009886,
        "min": 2.36226606879e-22,
        "var": 0.000732916349079
    },
    "spectral_energyband_middle_high": {
        "dmean": 0.00108292524237,
        "dmean2": 0.00157156982459,
        "dvar": 7.29893736207e-06,
        "dvar2": 1.60262879945e-05,
        "max": 0.0715996325016,
        "mean": 0.002667556284,
        "median": 0.00137944077142,
        "min": 1.53733213209e-21,
        "var": 1.68222268258e-05
    },
    "spectral_energyband_middle_low": {
        "dmean": 0.00405476801097,
        "dmean2": 0.00673764618114,
        "dvar": 3.26455519826e-05,
        "dvar2": 9.29937596084e-05,
        "max": 0.135259404778,
        "mean": 0.0162341669202,
        "median": 0.0136542376131,
        "min": 4.2421299363e-22,
        "var": 0.000164934564964
    },
    "spectral_entropy": {
        "dmean": 0.205972343683,
        "dmean2": 0.309205293655,
        "dvar": 0.0781356170774,
        "dvar2": 0.163504347205,
        "max": 9.78734970093,
        "mean": 7.06582641602,
        "median": 7.1093993187,
        "min": 4.4041428566,
        "var": 0.570300996304
    },
    "spectral_flux": {
        "dmean": 0.0293860826641,
        "dmean2": 0.0472419634461,
        "dvar": 0.00149401207455,
        "dvar2": 0.00347361178137,
        "max": 0.373277872801,
        "mean": 0.0796670466661,
        "median": 0.065587028861,
        "min": 1.04317124383e-10,
        "var": 0.00371239287779
    },
    "spectral_kurtosis": {
        "dmean": 3.36036658287,
        "dmean2": 5.2267742157,
        "dvar": 34.6409072876,
        "dvar2": 91.6594238281,
        "max": 209.707427979,
        "mean": 10.2293424606,
        "median": 5.29960250854,
        "min": -1.40212571621,
        "var": 284.66696167
    },
    "spectral_rms": {
        "dmean": 0.000977720948867,
        "dmean2": 0.00143307540566,
        "dvar": 1.45025023812e-06,
        "dvar2": 3.06437232211e-06,
        "max": 0.0160590410233,
        "mean": 0.0055991881527,
        "median": 0.005508760456,
        "min": 3.25831961238e-12,
        "var": 7.02319130141e-06
    },
    "spectral_rolloff": {
        "dmean": 407.449798584,
        "dmean2": 693.336853027,
        "dvar": 1505042.375,
        "dvar2": 3501289.25,
        "max": 18820.0195312,
        "mean": 857.404296875,
        "median": 538.330078125,
        "min": 64.599609375,
        "var": 1822828.625
    },
    "spectral_skewness": {
        "dmean": 0.373722791672,
        "dmean2": 0.561180651188,
        "dvar": 0.220822975039,
        "dvar2": 0.496538192034,
        "max": 11.836974144,
        "mean": 2.37425065041,
        "median": 2.08882188797,
        "min": 0.00498579675332,
        "var": 1.83461344242
    },
    "spectral_spread": {
        "dmean": 1055443.25,
        "dmean2": 1504710.75,
        "dvar": 2.60665586483e+12,
        "dvar2": 4.6378951639e+12,
        "max": 41655676,
        "mean": 5671061,
        "median": 5201513.5,
        "min": 538747,
        "var": 7.86858455859e+12
    },
    "spectral_strongpeak": {
        "dmean": 0.308531939983,
        "dmean2": 0.534047842026,
        "dvar": 0.32123491168,
        "dvar2": 0.772644340992,
        "max": 10.0071153641,
        "mean": 0.620275914669,
        "median": 0.398429095745,
        "min": 0,
        "var": 0.495602011681
    },
    "zerocrossingrate": {
        "dmean": 0.0115094752982,
        "dmean2": 0.0143386553973,
        "dvar": 0.000256733910646,
        "dvar2": 0.000355492462404,
        "max": 0.513671875,
        "mean": 0.0446345061064,
        "median": 0.0322265625,
        "min": 0.001953125,
        "var": 0.00121811497957
    },
    "barkbands": {
        "dmean": [0.000856462633237, 0.00986575428396, 0.00196775095537, 0.001513457275, 0.00204925076105, 0.000702892779373, 0.000724911224097, 0.00108576833736, 0.000557167222723, 0.000242188194534, 0.000334869168, 0.000208805824514, 0.000215258332901, 0.000102579309896, 0.000127026942209, 8.78648861544e-05, 7.06897262717e-05, 0.000103335944004, 8.04540104582e-05, 0.000139104638947, 0.000170322527993, 0.000166867524968, 0.00014807205298, 0.000512451748364, 0.00012085599883, 6.04461383773e-05, 2.29329270951e-05],
        "dmean2": [0.00124248198699, 0.0141049027443, 0.003408662742, 0.00259853107855, 0.00345544493757, 0.00107743323315, 0.00117593968753, 0.00166521710344, 0.000797491520643, 0.000353044481017, 0.000478607689729, 0.000317247409839, 0.000306262780214, 0.000164384458913, 0.000197384870262, 0.000145303725731, 0.000114683447464, 0.000184567732504, 0.000126221086248, 0.000228933407925, 0.000266876450041, 0.000271400727797, 0.000238486099988, 0.000873057346325, 0.000192012332263, 8.97754507605e-05, 3.32753661496e-05],
        "dvar": [1.57810200108e-06, 0.000296166632324, 2.58885756921e-05, 9.94742549665e-06, 1.24482658066e-05, 2.70842519967e-06, 1.56027738285e-06, 3.86160218113e-06, 1.67008454355e-06, 3.53267296305e-07, 1.70136627275e-06, 4.90066895509e-07, 7.6989755371e-07, 5.63984663415e-08, 1.19860345649e-07, 6.02724128385e-08, 3.0562603115e-08, 2.29750298786e-07, 7.3526571498e-08, 3.38176590731e-07, 4.92764002047e-07, 5.88204386531e-07, 3.58867339401e-07, 3.83471842724e-06, 1.79245105869e-07, 7.02704383571e-08, 1.02130073287e-08],
        "dvar2": [3.50377899849e-06, 0.000619240978267, 7.13925037417e-05, 2.9379127227e-05, 3.64849220205e-05, 8.17115596874e-06, 4.14422902395e-06, 8.86082671059e-06, 3.60419608114e-06, 7.42234590234e-07, 3.29774729835e-06, 1.11709755402e-06, 1.25277938423e-06, 1.40643166446e-07, 2.75962491969e-07, 1.56685288744e-07, 7.73653212605e-08, 6.5508197622e-07, 1.77124150014e-07, 8.86725786131e-07, 1.14035651677e-06, 1.56133421569e-06, 9.07014737095e-07, 1.08040503619e-05, 4.78219533306e-07, 1.73123297031e-07, 2.3609645794e-08],
        "max": [0.0108458949253, 0.190448209643, 0.0661710575223, 0.0453366488218, 0.0733171701431, 0.0975589752197, 0.0262243188918, 0.0591918043792, 0.0588563643396, 0.0225205030292, 0.0620589964092, 0.0307401325554, 0.0469670407474, 0.00375023647211, 0.00964725483209, 0.00617507146671, 0.0042838063091, 0.00475592305884, 0.00488744443282, 0.00672812061384, 0.00936081074178, 0.012958756648, 0.00711416406557, 0.0287807192653, 0.00532431388274, 0.00334439333528, 0.00123067176901],
        "mean": [0.00114058284089, 0.0155805023387, 0.00251434370875, 0.00324258720502, 0.00474660657346, 0.00182642426807, 0.00175098818727, 0.0030003238935, 0.00132471998222, 0.000610105809756, 0.000636592507362, 0.000340562051861, 0.000380086275982, 0.000160516719916, 0.000192012434127, 0.000130340267788, 0.000123698555399, 9.77316303761e-05, 0.000114028021926, 0.000144106888911, 0.000195075379452, 0.000164648285136, 0.0001606108126, 0.000519923341926, 0.000141778902616, 6.66395062581e-05, 2.80356252915e-05],
        "median": [0.000436745176557, 0.00682268012315, 0.00118391227443, 0.0016527188709, 0.00293597718701, 0.00107045285404, 0.00101091468241, 0.00192700861953, 0.00060811440926, 0.000234671664657, 0.000176745204953, 7.6553747931e-05, 8.33783633425e-05, 5.20560606674e-05, 5.86044770898e-05, 3.1670784665e-05, 2.73108144029e-05, 1.57604372362e-05, 1.79436538019e-05, 1.15677885333e-05, 1.43725283124e-05, 1.09675575004e-05, 1.43159259096e-05, 4.47978272859e-05, 2.33736063819e-05, 7.20119260222e-06, 1.67507096194e-06],
        "min": [1.21601116248e-22, 5.0880199945e-23, 6.34190020385e-23, 8.50259274761e-23, 2.09592406577e-23, 1.89908102403e-23, 1.63787643032e-22, 3.34119133398e-23, 7.49679130692e-23, 1.04411079817e-22, 1.15298205968e-22, 4.689514602e-23, 2.09789328347e-22, 1.24431700637e-22, 1.14826328307e-22, 1.63372979875e-22, 1.54132932186e-22, 2.05256129688e-22, 2.13175207704e-22, 2.71432068062e-22, 3.00542171424e-22, 5.11567487037e-22, 6.2182565437e-22, 9.18174518902e-22, 1.36683033613e-21, 1.64615081129e-21, 2.40096947807e-21],
        "var": [2.62245453087e-06, 0.000536149134859, 2.09304434975e-05, 2.07061857509e-05, 3.37618257618e-05, 6.95049948263e-06, 4.90559705213e-06, 1.37447013913e-05, 6.14407281319e-06, 1.47166872466e-06, 4.04516777053e-06, 7.71424083723e-07, 1.87625994386e-06, 9.12049458179e-08, 1.86855345419e-07, 8.97425778135e-08, 6.62488517378e-08, 1.54114246698e-07, 9.00865231301e-08, 2.92049719519e-07, 5.04296735926e-07, 4.76072756328e-07, 3.36446561278e-07, 2.70590339824e-06, 1.6464962016e-07, 6.74385560728e-08, 1.15670939493e-08]
    },
    "erbbands": {
        "dmean": [0.466314017773, 1.63307356834, 2.5825817585, 3.43311667442, 5.63965892792, 8.5592250824, 5.39119577408, 6.09971570969, 8.23100948334, 22.4878559113, 17.8102416992, 15.3753604889, 7.3603386879, 7.1627368927, 12.2729578018, 9.59119510651, 10.0646629333, 5.70485591888, 5.59394931793, 6.02149295807, 4.23109292984, 3.63630127907, 4.96180725098, 4.95475053787, 4.42137289047, 6.49928617477, 7.12623882294, 7.19690084457, 6.97865486145, 3.53965568542, 4.09976768494, 7.96971654892, 9.50244235992, 1.97009420395, 0.753373801708, 0.281362175941, 0.10984698683, 0.0261765085161, 0.00437267171219, 0.000211183563806],
        "dmean2": [0.687124073505, 2.445291996, 4.47285985947, 5.96260166168, 9.64107131958, 14.5408563614, 8.50104808807, 9.56292152405, 13.0504188538, 37.0676231384, 26.2083702087, 21.8454971313, 10.6275157928, 10.7742023468, 17.4673633575, 13.8609714508, 14.2678976059, 8.8734588623, 8.74889278412, 9.71243572235, 6.99152565002, 5.94987154007, 8.77479171753, 8.44785690308, 6.90883922577, 10.6596288681, 11.2015981674, 11.4118003845, 11.8027420044, 5.64545869827, 6.57164144516, 13.5114355087, 16.2081813812, 3.15322875977, 1.22325801849, 0.43375569582, 0.162691116333, 0.0387368686497, 0.00644197501242, 0.000305245310301],
        "dvar": [0.635833501816, 11.1771221161, 56.3157043457, 56.5296859741, 101.578933716, 266.423339844, 79.1412277222, 242.863555908, 268.802978516, 1562.75793457, 1837.49316406, 1266.85266113, 304.422393799, 420.542236328, 2454.9440918, 1037.63171387, 1695.52209473, 176.003067017, 228.1015625, 401.051818848, 135.943405151, 99.8117828369, 428.257598877, 412.374633789, 257.19833374, 695.801147461, 785.649658203, 983.441162109, 1224.57763672, 193.348937988, 253.681137085, 919.522583008, 1340.77954102, 48.3261871338, 7.61162996292, 1.43886601925, 0.21335311234, 0.0148124368861, 0.000420800992288, 7.03767057075e-07],
        "dvar2": [1.46876072884, 23.148349762, 153.267303467, 165.875671387, 296.447052002, 797.860900879, 209.889266968, 766.496154785, 700.77154541, 4273.06298828, 3982.01757812, 2700.92919922, 633.262756348, 898.866577148, 4623.39550781, 2222.98413086, 2798.37036133, 397.408233643, 480.025970459, 1007.41290283, 352.259094238, 260.992584229, 1211.0994873, 1126.1496582, 585.59375, 1818.11962891, 1875.4831543, 2394.45678711, 3391.38427734, 435.609039307, 629.55255127, 2565.52197266, 3803.49584961, 131.750839233, 20.7578697205, 3.55063843727, 0.521328687668, 0.0357972495258, 0.00103827461135, 1.63420747867e-06],
        "max": [7.67224740982, 35.2303466797, 91.035194397, 96.5998077393, 205.693145752, 385.490600586, 366.71774292, 928.078857422, 335.523925781, 999.797912598, 1618.9407959, 1692.31335449, 594.474121094, 910.218200684, 2964.78955078, 1428.14440918, 2227.30957031, 332.714324951, 527.329284668, 815.03515625, 270.383239746, 223.172851562, 222.08164978, 210.084213257, 338.813659668, 328.098175049, 389.559967041, 416.002441406, 635.881835938, 156.912078857, 199.080184937, 420.830230713, 553.185058594, 97.5594406128, 31.8852596283, 15.6832504272, 5.10821008682, 1.44941580296, 0.249909415841, 0.0117227965966],
        "mean": [0.677745461464, 2.54822397232, 3.23277950287, 7.2037820816, 12.6338367462, 17.8527565002, 14.0793361664, 15.7109470367, 21.3950481415, 49.288684845, 54.7717323303, 38.6498146057, 20.7567939758, 15.4890327454, 24.1834964752, 17.8453464508, 18.438993454, 9.81369495392, 9.48948192596, 9.16909694672, 6.87749814987, 6.24181461334, 5.50480031967, 5.60374355316, 6.27695417404, 6.97678470612, 8.08283233643, 7.56214523315, 6.38893556595, 4.06974077225, 4.70164823532, 8.27199840546, 9.40376758575, 2.23294234276, 0.843277513981, 0.317966282368, 0.119604557753, 0.0299043804407, 0.00515423808247, 0.000293308083201],
        "median": [0.299247741699, 1.06468725204, 1.61347591877, 4.18370294571, 7.74350976944, 9.34302139282, 8.58661079407, 9.13029289246, 13.1143836975, 30.0672702789, 27.3259296417, 20.2800693512, 8.68754386902, 6.31415987015, 8.12604618073, 5.05423641205, 4.85865449905, 2.9209792614, 3.30494499207, 2.62875962257, 1.82078754902, 1.30232059956, 1.09389138222, 1.00480270386, 0.813408732414, 0.609739363194, 0.546751379967, 0.527071893215, 0.37770858407, 0.387916088104, 0.447316676378, 0.679405152798, 0.777834177017, 0.325360864401, 0.141899630427, 0.0421846359968, 0.0118214925751, 0.00220223935321, 0.000317865720717, 6.15311219008e-05],
        "min": [3.60105001739e-21, 5.0931751942e-21, 5.30682568745e-20, 2.35652150138e-19, 1.00838777355e-19, 1.09260774923e-19, 7.20617971542e-20, 2.1802387146e-19, 1.58640730381e-18, 2.05819286811e-18, 1.05286081606e-18, 1.62802886088e-18, 2.76046238392e-18, 4.92312588865e-18, 3.87962224307e-18, 2.17697372932e-18, 1.08565412261e-17, 4.07154923829e-18, 8.10845118944e-18, 8.38319095809e-18, 7.4066901829e-18, 7.95712842254e-18, 1.15692086091e-17, 8.67986259351e-18, 1.13754274885e-17, 1.33343351085e-17, 1.46084695301e-17, 1.21017334254e-17, 1.68422360327e-17, 1.91343502014e-17, 1.71131393377e-17, 1.71770622011e-17, 1.59000971674e-17, 1.01668289324e-17, 1.29046668926e-17, 6.71598816757e-18, 2.91829506224e-18, 1.22269733264e-18, 3.7763015426e-19, 3.16347535076e-20],
        "var": [0.985029041767, 18.0273036957, 43.5463180542, 87.6510772705, 233.03717041, 598.797302246, 309.938598633, 586.719482422, 744.789672852, 4069.49194336, 6567.75, 4721.72705078, 1512.28259277, 1142.90966797, 5468.45947266, 1864.64794922, 3995.32470703, 386.629058838, 421.656555176, 536.04119873, 218.70300293, 173.514953613, 320.748504639, 327.899963379, 324.584442139, 609.120910645, 795.187988281, 905.482788086, 888.364318848, 213.162338257, 257.133728027, 731.667114258, 899.767822266, 40.3197021484, 6.56895065308, 1.38526415825, 0.20877289772, 0.014848953113, 0.000429919717135, 8.6643620989e-07]
    },
    "gfcc": {
        "mean": [-30.8734512329, 109.318405151, -72.3105392456, 8.86781215668, -64.0118179321, 17.0482769012, -34.5848007202, 12.7615385056, -15.5180807114, 3.0471572876, -8.13208198547, -7.11870574951, -8.53382015228],
        "cov": [[17302.3730469, -3343.26977539, 552.577758789, 2006.57885742, -191.577346802, 1044.95495605, -304.030426025, 455.259735107, -244.558380127, 310.22265625, -269.246368408, 30.3204078674, -85.9107131958], [-3343.26977539, 1746.89086914, -267.270172119, -424.435699463, 215.623931885, -250.977005005, 76.7741012573, -129.558624268, 5.83482551575, -90.475730896, 73.339050293, -4.29438686371, 93.5703353882], [552.577758789, -267.270172119, 1094.2052002, 263.485626221, 209.032318115, 487.3253479, 45.3258705139, 266.961547852, 66.5962905884, 52.7142372131, 63.8627281189, 65.9370498657, 19.9000053406], [2006.57885742, -424.435699463, 263.485626221, 870.141052246, 319.126220703, 291.469116211, 36.7189865112, 124.967834473, 42.6039047241, 45.5982513428, 29.3280754089, 54.271030426, 66.9632568359], [-191.577346802, 215.623931885, 209.032318115, 319.126220703, 578.357788086, 175.914001465, 84.9741668701, 113.516059875, 41.201374054, 32.4473686218, 55.6720504761, 102.603149414, 87.3717727661], [1044.95495605, -250.977005005, 487.3253479, 291.469116211, 175.914001465, 432.493133545, 47.4366760254, 168.000717163, 38.0796318054, 38.6013832092, 47.2948265076, 37.718006134, 30.006696701], [-304.030426025, 76.7741012573, 45.3258705139, 36.7189865112, 84.9741668701, 47.4366760254, 159.099349976, 56.5885772705, 29.6577510834, 27.5783481598, 14.7476501465, 11.5709924698, 12.4060335159], [455.259735107, -129.558624268, 266.961547852, 124.967834473, 113.516059875, 168.000717163, 56.5885772705, 204.426849365, 61.6287879944, 48.0075111389, 24.7516517639, 14.1023139954, 12.9170799255], [-244.558380127, 5.83482551575, 66.5962905884, 42.6039047241, 41.201374054, 38.0796318054, 29.6577510834, 61.6287879944, 99.8716201782, 37.0936927795, 22.5230789185, -0.759908378124, 9.74259567261], [310.22265625, -90.475730896, 52.7142372131, 45.5982513428, 32.4473686218, 38.6013832092, 27.5783481598, 48.0075111389, 37.0936927795, 100.602020264, 20.7862472534, 13.1700029373, -7.99042272568], [-269.246368408, 73.339050293, 63.8627281189, 29.3280754089, 55.6720504761, 47.2948265076, 14.7476501465, 24.7516517639, 22.5230789185, 20.7862472534, 94.4953689575, 30.9220333099, 8.76722431183], [30.3204078674, -4.29438686371, 65.9370498657, 54.271030426, 102.603149414, 37.718006134, 11.5709924698, 14.1023139954, -0.759908378124, 13.1700029373, 30.9220333099, 87.8116378784, 37.3492202759], [-85.9107131958, 93.5703353882, 19.9000053406, 66.9632568359, 87.3717727661, 30.006696701, 12.4060335159, 12.9170799255, 9.74259567261, -7.99042272568, 8.76722431183, 37.3492202759, 76.9880828857]],
        "icov": [[0.000204735930311, 8.72235905263e-05, 0.000238184555201, -0.000423580873758, 0.000305585737806, -0.000464560522232, 0.000450141320471, -0.000531731639057, 0.000846830022056, -0.000664464489091, 0.000636332610156, -0.00030931076617, 0.000181719427928], [8.72235905263e-05, 0.0012749703601, -3.83813530789e-05, 0.000598912301939, -0.00087807251839, 0.000416729861172, -0.000401703699026, 0.000540706794709, 0.000193378713448, 0.000419294810854, -0.00117232126649, 0.00161535269581, -0.00178627471905], [0.000238184555201, -3.83813530789e-05, 0.00242443243042, -0.000369454995962, 0.000472552026622, -0.00265967450105, 0.00101472157985, -0.00204371940345, 0.000714971218258, -0.000450335326605, 0.000982381287031, -0.00170084973797, 0.00126288132742], [-0.000423580873758, 0.000598912301939, -0.000369454995962, 0.00312577723525, -0.0019672929775, 0.000203683390282, -0.000960534554906, 0.00158708845265, -0.0019908871036, 0.00138269574381, -0.00186797394417, 0.00193595688324, -0.00211312645115], [0.000305585737806, -0.00087807251839, 0.000472552026622, -0.0019672929775, 0.0043114926666, -0.00128017063253, 0.000244548835326, -0.00209196330979, 0.00129120936617, -0.00133176590316, 0.00172148318961, -0.00402386672795, 0.000369158980902], [-0.000464560522232, 0.000416729861172, -0.00265967450105, 0.000203683390282, -0.00128017063253, 0.00752080138773, -0.00172251055483, -9.61282494245e-05, -0.000871534692124, 0.00168020138517, -0.00338098150678, 0.00243027182296, -0.00220863870345], [0.000450141320471, -0.000401703699026, 0.00101472157985, -0.000960534554906, 0.000244548835326, -0.00172251055483, 0.00884746015072, -0.00307357730344, 0.00117591966409, -0.00282887858339, 0.00200983858667, -0.00125341932289, 0.000984309357591], [-0.000531731639057, 0.000540706794709, -0.00204371940345, 0.00158708845265, -0.00209196330979, -9.61282494245e-05, -0.00307357730344, 0.012000169605, -0.00570907723159, 0.000280531996395, -0.00197227951139, 0.003060991643, -0.00171801645774], [0.000846830022056, 0.000193378713448, 0.000714971218258, -0.0019908871036, 0.00129120936617, -0.000871534692124, 0.00117591966409, -0.00570907723159, 0.0181272551417, -0.0067253424786, 5.86304850003e-05, 0.00207971641794, -0.00210807076655], [-0.000664464489091, 0.000419294810854, -0.000450335326605, 0.00138269574381, -0.00133176590316, 0.00168020138517, -0.00282887858339, 0.000280531996395, -0.0067253424786, 0.0160286594182, -0.00375889032148, -0.00130855955649, 0.00250549730845], [0.000636332610156, -0.00117232126649, 0.000982381287031, -0.00186797394417, 0.00172148318961, -0.00338098150678, 0.00200983858667, -0.00197227951139, 5.86304850003e-05, -0.00375889032148, 0.0170064233243, -0.00758857885376, 0.00422410247847], [-0.00030931076617, 0.00161535269581, -0.00170084973797, 0.00193595688324, -0.00402386672795, 0.00243027182296, -0.00125341932289, 0.003060991643, 0.00207971641794, -0.00130855955649, -0.00758857885376, 0.022400887683, -0.0106470650062], [0.000181719427928, -0.00178627471905, 0.00126288132742, -0.00211312645115, 0.000369158980902, -0.00220863870345, 0.000984309357591, -0.00171801645774, -0.00210807076655, 0.00250549730845, 0.00422410247847, -0.0106470650062, 0.022656865418]]
    },
    "melbands": {
        "dmean": [0.00331014650874, 0.00149373349268, 0.000622777675744, 0.000482125906274, 0.000239129993133, 0.000135461770697, 0.000124668644276, 0.000248320196988, 0.000140555916005, 8.4473460447e-05, 3.5937577195e-05, 2.85754886136e-05, 4.73508807772e-05, 2.72730085271e-05, 2.30069563258e-05, 1.85199405678e-05, 1.04299952e-05, 8.98864800547e-06, 7.8885750554e-06, 8.11215886642e-06, 4.79196251035e-06, 3.81688596462e-06, 4.98478721056e-06, 4.56436191598e-06, 4.0302556954e-06, 3.12658949042e-06, 3.43848819284e-06, 4.56675888927e-06, 5.32911144546e-06, 3.85381099477e-06, 4.25076768806e-06, 5.13349186804e-06, 1.62636865753e-06, 2.16057310354e-06, 2.09560221265e-06, 2.87111083708e-06, 6.12903795627e-06, 8.77155343915e-06, 2.63190509031e-06, 1.24228608911e-06],
        "dmean2": [0.00473535200581, 0.00237940601073, 0.00107069173828, 0.000822146539576, 0.000387624691939, 0.000210117577808, 0.000196895183763, 0.000405528320698, 0.000202961557079, 0.000120823206089, 5.20964895259e-05, 4.32546439697e-05, 6.71262387186e-05, 4.07472616644e-05, 3.2718955481e-05, 2.64280315605e-05, 1.66214613273e-05, 1.41618902489e-05, 1.24210537251e-05, 1.30908456413e-05, 7.97833399702e-06, 6.30161594017e-06, 8.44282112666e-06, 8.24666039989e-06, 6.89397529641e-06, 4.97810742672e-06, 5.34064838575e-06, 7.69476446294e-06, 8.69369159773e-06, 6.23950427325e-06, 6.78753622196e-06, 9.06333661987e-06, 2.57529563896e-06, 3.45482294506e-06, 3.3351170714e-06, 4.8065635383e-06, 1.04940909296e-05, 1.52707780217e-05, 4.30332283941e-06, 1.96895507543e-06],
        "dvar": [3.18203674396e-05, 1.51097847265e-05, 1.71910733116e-06, 6.93432525622e-07, 1.78693071007e-07, 1.10460476321e-07, 5.87770010441e-08, 1.83896446515e-07, 1.09181755192e-07, 4.10255616146e-08, 7.55220774806e-09, 6.89621559857e-09, 3.16465111894e-08, 8.53785486754e-09, 7.33703142686e-09, 4.82990003547e-09, 5.81732717553e-10, 5.51599765863e-10, 5.97894678211e-10, 5.55462786878e-10, 1.91321861132e-10, 1.10499838446e-10, 2.66521332781e-10, 3.89202697848e-10, 2.67202260318e-10, 1.12882009295e-10, 1.85853971102e-10, 3.53121670793e-10, 4.83618478597e-10, 2.40656966577e-10, 3.35790228956e-10, 7.30243365776e-10, 3.7010255971e-11, 7.46759182269e-11, 6.41973210702e-11, 1.12906343996e-10, 5.77138226099e-10, 1.30263799747e-09, 5.89209583901e-11, 2.03848153635e-11],
        "dvar2": [7.08465522621e-05, 3.78084841941e-05, 5.01704153066e-06, 2.06104664358e-06, 5.07160052621e-07, 3.42535230402e-07, 1.52003764242e-07, 4.90694617383e-07, 2.36793269437e-07, 8.50142143349e-08, 1.5766881134e-08, 1.48716434722e-08, 5.96038347567e-08, 1.86482100872e-08, 1.24633734444e-08, 7.97298049804e-09, 1.40170319796e-09, 1.18869469823e-09, 1.45871015267e-09, 1.41426637068e-09, 4.94671026363e-10, 2.90417745408e-10, 7.16111669963e-10, 1.11546449855e-09, 7.27888915808e-10, 2.63207955431e-10, 4.25728480247e-10, 9.47568468135e-10, 1.23309540356e-09, 5.30664179266e-10, 8.19827872256e-10, 2.07215355985e-09, 7.62993696002e-11, 1.74635444994e-10, 1.53535420488e-10, 3.00062280578e-10, 1.62581470509e-09, 3.74683795101e-09, 1.50835968715e-10, 5.56080355374e-11],
        "max": [0.0606713742018, 0.0452969558537, 0.0178094021976, 0.0155709376559, 0.0124429389834, 0.0197465457022, 0.00525183835998, 0.0114265885204, 0.0127389021218, 0.00939249992371, 0.00292451772839, 0.00329678715207, 0.00846878066659, 0.00397172942758, 0.00471052806824, 0.0037322640419, 0.000434195186244, 0.000765274919104, 0.000825769791845, 0.00072558404645, 0.000438340182882, 0.000273687794106, 0.00026646401966, 0.000249575881753, 0.000171133491676, 0.000268448609859, 0.000177784648258, 0.000216183048906, 0.000298402417684, 0.000205033138627, 0.000264193600742, 0.000480130460346, 9.14768825169e-05, 9.73888745648e-05, 9.50257526711e-05, 0.000135972964927, 0.000355289783329, 0.000550125259906, 0.000102990299638, 6.52330563753e-05],
        "mean": [0.00500221084803, 0.00222394778393, 0.00141490041278, 0.00113676954061, 0.000586888578255, 0.000352641713107, 0.000322398554999, 0.000569743104279, 0.000428491650382, 0.00020407314878, 9.60823963396e-05, 5.88316615904e-05, 9.14044576348e-05, 4.57544047094e-05, 4.20104224759e-05, 3.35789554811e-05, 1.63582826644e-05, 1.48802246258e-05, 1.14433260023e-05, 1.15152770377e-05, 7.61525097914e-06, 6.6180673457e-06, 6.02809723205e-06, 4.58597560282e-06, 4.3527620619e-06, 4.54447308584e-06, 4.36201298726e-06, 4.57473697679e-06, 5.46773344468e-06, 4.52704716736e-06, 4.31843000115e-06, 4.21951972385e-06, 2.12502004615e-06, 2.30934938372e-06, 2.44477087108e-06, 3.14660883305e-06, 6.12455369264e-06, 8.34001548355e-06, 2.98286363432e-06, 1.44720581829e-06],
        "median": [0.00219347164966, 0.00108329008799, 0.000870449119247, 0.000711325730663, 0.000353192473995, 0.000210060214158, 0.000195665284991, 0.000359897559974, 0.000221110647544, 9.765165305e-05, 3.53170944436e-05, 2.20500824071e-05, 2.61989316641e-05, 1.19479427667e-05, 1.34441388582e-05, 6.97679161021e-06, 4.77302000945e-06, 5.04427862325e-06, 3.37522396876e-06, 3.00462625091e-06, 1.6747767404e-06, 1.25190877043e-06, 1.11156623461e-06, 7.74142506543e-07, 7.23997857222e-07, 5.96948780185e-07, 4.27837534289e-07, 3.61609068023e-07, 3.21801309155e-07, 3.31178029001e-07, 2.81764982901e-07, 2.01014472623e-07, 2.05128699804e-07, 2.01156197477e-07, 2.38812503994e-07, 2.85270232325e-07, 4.28047030709e-07, 6.25286361355e-07, 3.45924604517e-07, 2.30772116083e-07],
        "min": [2.81070761877e-23, 1.99715063405e-23, 3.50883973802e-23, 6.71028357378e-24, 2.79919285279e-24, 4.6435587211e-24, 2.8198820711e-23, 1.84407406866e-23, 9.10823534334e-24, 1.05486858899e-23, 1.34091775738e-23, 1.90936130158e-23, 1.34232177202e-23, 6.33380522879e-24, 1.45460223793e-23, 1.95080016493e-23, 5.29728302009e-24, 1.41994126747e-23, 9.49393862775e-24, 1.37658484103e-23, 7.19735863996e-24, 6.91308472415e-24, 1.17495152034e-23, 9.76967549084e-24, 6.32093614641e-24, 1.00905659633e-23, 6.31620889743e-24, 9.3820718405e-24, 1.05107716571e-23, 5.76509607512e-24, 7.65797057821e-24, 1.06961989349e-23, 8.10842514345e-24, 1.15202643357e-23, 9.49310322405e-24, 1.07893570969e-23, 1.04531067138e-23, 9.21044173994e-24, 1.34879879337e-23, 6.84686931749e-24],
        "var": [5.39285683772e-05, 1.6066014723e-05, 3.06868287225e-06, 1.98755560632e-06, 5.50479967387e-07, 2.7601504371e-07, 1.68758205632e-07, 5.15870056006e-07, 3.85711388162e-07, 1.58045693865e-07, 3.69805590594e-08, 1.89099811365e-08, 7.91672789546e-08, 1.44445948536e-08, 1.4801775805e-08, 1.56813957375e-08, 1.01413433207e-09, 9.99975990901e-10, 7.84683484856e-10, 7.94380394797e-10, 3.19113041547e-10, 2.12365097729e-10, 2.92170065919e-10, 2.76157541279e-10, 2.10811895718e-10, 1.50789561393e-10, 2.13305553776e-10, 2.87549623001e-10, 4.33044294867e-10, 2.57982357699e-10, 3.07766145902e-10, 4.77212214189e-10, 4.96464189204e-11, 7.59465684785e-11, 6.97341281941e-11, 1.09397102488e-10, 4.27917590251e-10, 8.22635737308e-10, 5.55997609064e-11, 1.73896279321e-11]
    },
    "mfcc": {
        "mean": [-686.53717041, 144.375152588, 42.0584793091, 2.93994808197, 4.03809213638, -2.89594554901, 1.44044113159, -0.821395218372, 1.75978839397, 6.88208866119, 1.65254807472, 7.57556200027, -2.37647938728],
        "cov": [[13425.3515625, -1724.0802002, 70.7165298462, 794.876098633, 803.459228516, 563.244262695, 358.807556152, 229.257827759, 294.822143555, 210.44682312, -104.768341064, 211.028579712, -144.33972168], [-1724.0802002, 1646.51696777, -256.477966309, -304.236877441, -187.120361328, -218.833267212, -77.5465087891, -105.674476624, -76.5791015625, -97.2244186401, -15.8873472214, -104.165603638, 12.6481056213], [70.7165298462, -256.477966309, 882.027038574, -47.1243095398, 268.198638916, 133.748245239, 172.657897949, 161.66569519, 104.507194519, 102.035064697, 70.6816940308, 87.7024612427, 13.6856203079], [794.876098633, -304.236877441, -47.1243095398, 532.065979004, 251.791290283, 201.202011108, 121.981452942, 101.644363403, 102.569419861, 50.7088851929, 20.1192874908, 32.9764442444, 27.9528446198], [803.459228516, -187.120361328, 268.198638916, 251.791290283, 509.030090332, 212.90826416, 197.899627686, 170.392379761, 133.257629395, 79.0617370605, 40.4579048157, 52.4393386841, 30.3906822205], [563.244262695, -218.833267212, 133.748245239, 201.202011108, 212.90826416, 248.361480713, 139.327407837, 96.9047698975, 80.9329147339, 36.7533760071, 13.7826366425, 47.8134727478, 21.5896244049], [358.807556152, -77.5465087891, 172.657897949, 121.981452942, 197.899627686, 139.327407837, 212.851425171, 125.161262512, 86.9657592773, 55.401889801, 35.8989295959, 47.3666992188, 34.7549629211], [229.257827759, -105.674476624, 161.66569519, 101.644363403, 170.392379761, 96.9047698975, 125.161262512, 148.122253418, 87.1387329102, 45.3540229797, 25.1296138763, 26.6649799347, 22.1629104614], [294.822143555, -76.5791015625, 104.507194519, 102.569419861, 133.257629395, 80.9329147339, 86.9657592773, 87.1387329102, 151.170318604, 72.0841369629, 26.3978462219, 27.0134353638, 15.7891292572], [210.44682312, -97.2244186401, 102.035064697, 50.7088851929, 79.0617370605, 36.7533760071, 55.401889801, 45.3540229797, 72.0841369629, 109.277549744, 54.880027771, 36.7239227295, 10.5710630417], [-104.768341064, -15.8873472214, 70.6816940308, 20.1192874908, 40.4579048157, 13.7826366425, 35.8989295959, 25.1296138763, 26.3978462219, 54.880027771, 100.368431091, 49.6281967163, 23.3503837585], [211.028579712, -104.165603638, 87.7024612427, 32.9764442444, 52.4393386841, 47.8134727478, 47.3666992188, 26.6649799347, 27.0134353638, 36.7239227295, 49.6281967163, 107.346305847, 32.3923873901], [-144.33972168, 12.6481056213, 13.6856203079, 27.9528446198, 30.3906822205, 21.5896244049, 34.7549629211, 22.1629104614, 15.7891292572, 10.5710630417, 23.3503837585, 32.3923873901, 81.0664672852]],
