{
"lowlevel": {
    "average_loudness": 0.787568092346,
    "barkbands_crest": {
        "dmean": 2.29193282127,
        "dmean2": 3.63200211525,
        "dvar": 5.9728884697,
        "dvar2": 15.9426460266,
        "max": 25.6562652588,
        "mean": 11.765288353,
        "median": 10.781914711,
        "min": 2.55703115463,
        "var": 24.4376487732
    },
    "barkbands_flatness_db": {
        "dmean": 0.0268978215754,
        "dmean2": 0.0383033528924,
        "dvar": 0.000815736479126,
        "dvar2": 0.00176030409057,
        "max": 0.664122521877,
        "mean": 0.23173867166,
        "median": 0.188114985824,
        "min": 0.0198612846434,
        "var": 0.0213283784688
    },
    "barkbands_kurtosis": {
        "dmean": 4.86934185028,
        "dmean2": 7.20791482925,
        "dvar": 187.365661621,
        "dvar2": 383.093322754,
        "max": 1026.87231445,
        "mean": 7.99310350418,
        "median": 3.55840396881,
        "min": -1.8892083168,
        "var": 468.255584717
    },
    "barkbands_skewness": {
        "dmean": 0.60426145792,
        "dmean2": 0.8894713521,
        "dvar": 0.58541560173,
        "dvar2": 1.31315743923,
        "max": 27.0552883148,
        "mean": 1.76399600506,
        "median": 1.51723515987,
        "min": -3.80610799789,
        "var": 2.9355275631
    },
    "barkbands_spread": {
        "dmean": 5.76502132416,
        "dmean2": 8.2287569046,
        "dvar": 97.1310348511,
        "dvar2": 190.582504272,
        "max": 113.102760315,
        "mean": 18.555978775,
        "median": 10.493265152,
        "min": 0.179990142584,
        "var": 446.358337402
    },
    "dissonance": {
        "dmean": 0.0333595536649,
        "dmean2": 0.0560785271227,
        "dvar": 0.00107193156146,
        "dvar2": 0.00296527543105,
        "max": 0.500000059605,
        "mean": 0.436094164848,
        "median": 0.451255738735,
        "min": 0.106255687773,
        "var": 0.00270742434077
    },
    "dynamic_complexity": 5.53372144699,
    "erbbands_crest": {
        "dmean": 2.18992495537,
        "dmean2": 3.29640722275,
        "dvar": 3.78593182564,
        "dvar2": 8.38676261902,
        "max": 29.190776825,
        "mean": 10.1207475662,
        "median": 9.23680210114,
        "min": 2.20746350288,
        "var": 23.9302272797
    },
    "erbbands_flatness_db": {
        "dmean": 0.0188434645534,
        "dmean2": 0.0259410887957,
        "dvar": 0.000489933649078,
        "dvar2": 0.000888358685188,
        "max": 0.640313565731,
        "mean": 0.215828314424,
        "median": 0.156178623438,
        "min": 0.0189558882266,
        "var": 0.0246118865907
    },
    "erbbands_kurtosis": {
        "dmean": 1.56782865524,
        "dmean2": 2.32415509224,
        "dvar": 5.48330640793,
        "dvar2": 12.6266622543,
        "max": 84.691986084,
        "mean": 2.35806179047,
        "median": 1.32893610001,
        "min": -1.86779463291,
        "var": 16.5197105408
    },
    "erbbands_skewness": {
        "dmean": 0.382961541414,
        "dmean2": 0.549442589283,
        "dvar": 0.138996750116,
        "dvar2": 0.304469257593,
        "max": 6.19546556473,
        "mean": 0.748906493187,
        "median": 0.808580994606,
        "min": -2.89013934135,
        "var": 0.71076053381
    },
    "erbbands_spread": {
        "dmean": 8.80535411835,
        "dmean2": 12.9188146591,
        "dvar": 168.941986084,
        "dvar2": 353.057495117,
        "max": 154.97668457,
        "mean": 34.5039825439,
        "median": 24.2665271759,
        "min": 0.827790617943,
        "var": 973.805541992
    },
    "hfc": {
        "dmean": 21.9998970032,
        "dmean2": 30.9379692078,
        "dvar": 4697.29492188,
        "dvar2": 10598.8154297,
        "max": 726.968566895,
        "mean": 39.0530662537,
        "median": 11.7621145248,
        "min": 1.10071018288e-16,
        "var": 7222.671875
    },
    "melbands_crest": {
        "dmean": 2.53916454315,
        "dmean2": 3.94526576996,
        "dvar": 7.75579595566,
        "dvar2": 18.8816947937,
        "max": 34.8555679321,
        "mean": 15.0680837631,
        "median": 13.9208803177,
        "min": 1.71817290783,
        "var": 38.4240531921
    },
    "melbands_flatness_db": {
        "dmean": 0.0315479077399,
        "dmean2": 0.044616766274,
        "dvar": 0.00109200284351,
        "dvar2": 0.00233379937708,
        "max": 0.760994195938,
        "mean": 0.318388700485,
        "median": 0.287300407887,
        "min": 0.00350876688026,
        "var": 0.0233047883958
    },
    "melbands_kurtosis": {
        "dmean": 11.4960441589,
        "dmean2": 17.1960697174,
        "dvar": 804.376281738,
        "dvar2": 1613.2644043,
        "max": 884.670959473,
        "mean": 20.8122367859,
        "median": 7.86116600037,
        "min": -1.82329773903,
        "var": 2237.88769531
    },
    "melbands_skewness": {
        "dmean": 0.797197580338,
        "dmean2": 1.20311737061,
        "dvar": 1.23942875862,
        "dvar2": 2.61307811737,
        "max": 21.05509758,
        "mean": 2.62083506584,
        "median": 2.17532610893,
        "min": -2.79234647751,
        "var": 6.12729787827
    },
    "melbands_spread": {
        "dmean": 4.24446439743,
        "dmean2": 6.64393806458,
        "dvar": 65.7721862793,
        "dvar2": 166.416244507,
        "max": 207.610855103,
        "mean": 13.6546916962,
        "median": 9.78267002106,
        "min": 0.186791747808,
        "var": 296.251556396
    },
    "pitch_salience": {
        "dmean": 0.0693808123469,
        "dmean2": 0.109253406525,
        "dvar": 0.00496984412894,
        "dvar2": 0.0121753104031,
        "max": 0.9893040061,
        "mean": 0.531254053116,
        "median": 0.551307797432,
        "min": 0.0696331188083,
        "var": 0.0180691368878
    },
    "silence_rate_20dB": {
        "dmean": 0.00758620677516,
        "dmean2": 0.0151737220585,
        "dvar": 0.00752943148836,
        "dvar2": 0.0194256827235,
        "max": 1,
        "mean": 0.994483232498,
        "median": 1,
        "min": 0,
        "var": 0.00548639521003
    },
    "silence_rate_30dB": {
        "dmean": 0.0610344819725,
        "dmean2": 0.122079491615,
        "dvar": 0.0573077611625,
        "dvar2": 0.116482175887,
        "max": 1,
        "mean": 0.8948366642,
        "median": 1,
        "min": 0,
        "var": 0.0941053554416
    },
    "silence_rate_60dB": {
        "dmean": 0.0175862070173,
        "dmean2": 0.0351754464209,
        "dvar": 0.0172756332904,
        "dvar2": 0.0391185134649,
        "max": 1,
        "mean": 0.222739413381,
        "median": 0,
        "min": 0,
        "var": 0.173090308905
    },
    "spectral_centroid": {
        "dmean": 152.824737549,
        "dmean2": 236.587722778,
        "dvar": 73158.140625,
        "dvar2": 166294.53125,
        "max": 11686.0849609,
        "mean": 839.254638672,
        "median": 621.91809082,
        "min": 119.621650696,
        "var": 791952.75
    },
    "spectral_complexity": {
        "dmean": 3.38172411919,
        "dmean2": 4.94215011597,
        "dvar": 23.5950584412,
        "dvar2": 44.0883674622,
        "max": 60,
        "mean": 14.0703392029,
        "median": 12,
        "min": 0,
        "var": 111.19052124
    },
    "spectral_decrease": {
        "dmean": 4.63397542561e-09,
        "dmean2": 7.53379048035e-09,
        "dvar": 1.18724095119e-16,
        "dvar2": 2.80340615198e-16,
        "max": 3.7189235778e-20,
        "mean": -1.07741673361e-08,
        "median": -6.69604505177e-09,
        "min": -1.10601973802e-07,
        "var": 2.64216972471e-16
    },
    "spectral_energy": {
        "dmean": 0.0184690505266,
        "dmean2": 0.0300389677286,
        "dvar": 0.00194565195125,
        "dvar2": 0.00458263559267,
        "max": 0.427752792835,
        "mean": 0.0442064516246,
        "median": 0.0285103879869,
        "min": 1.00901752941e-20,
        "var": 0.00423588091508
    },
    "spectral_energyband_high": {
        "dmean": 0.00160354515538,
        "dmean2": 0.00222651707008,
        "dvar": 2.40739555011e-05,
        "dvar2": 5.00164278492e-05,
        "max": 0.0523804277182,
        "mean": 0.00258324015886,
        "median": 0.00016231610789,
        "min": 7.22644127834e-21,
        "var": 4.23932760896e-05
    },
    "spectral_energyband_low": {
        "dmean": 0.0132120857015,
        "dmean2": 0.0205708965659,
        "dvar": 0.00111589534208,
        "dvar2": 0.00233885692433,
        "max": 0.415057271719,
        "mean": 0.0262454170734,
        "median": 0.00620249891654,
        "min": 1.36516213512e-23,
        "var": 0.00310751865618
    },
    "spectral_energyband_middle_high": {
        "dmean": 0.00148915336467,
        "dmean2": 0.00228297687136,
        "dvar": 6.92180856277e-06,
        "dvar2": 1.68674741872e-05,
        "max": 0.0390894711018,
        "mean": 0.00330563588068,
        "median": 0.00175783969462,
        "min": 1.12475550577e-21,
        "var": 1.87733712664e-05
    },
    "spectral_energyband_middle_low": {
        "dmean": 0.00666329497471,
        "dmean2": 0.0115908626467,
        "dvar": 0.000491453625727,
        "dvar2": 0.00137350754812,
        "max": 0.259148836136,
        "mean": 0.0142589900643,
        "median": 0.0109899286181,
        "min": 1.71469721989e-22,
        "var": 0.000472124491353
    },
    "spectral_entropy": {
        "dmean": 0.214678406715,
        "dmean2": 0.282453387976,
        "dvar": 0.0564966574311,
        "dvar2": 0.101782299578,
        "max": 9.8230266571,
        "mean": 6.95475387573,
        "median": 7.20971012115,
        "min": 3.90870308876,
        "var": 1.23509061337
    },
    "spectral_flux": {
        "dmean": 0.0333851538599,
        "dmean2": 0.052643109113,
        "dvar": 0.0036787816789,
        "dvar2": 0.00697918795049,
        "max": 0.546987950802,
        "mean": 0.0788058266044,
        "median": 0.055645827204,
        "min": 6.38827116206e-11,
        "var": 0.00745695596561
    },
    "spectral_kurtosis": {
        "dmean": 17.8249034882,
        "dmean2": 29.4686737061,
        "dvar": 1679.29150391,
        "dvar2": 4750.71533203,
        "max": 730.384399414,
        "mean": 52.9800949097,
        "median": 6.55719852448,
        "min": -1.26127099991,
        "var": 10391.8847656
    },
    "spectral_rms": {
        "dmean": 0.000979306525551,
        "dmean2": 0.00156008289196,
        "dvar": 3.40664473697e-06,
        "dvar2": 7.93959043222e-06,
        "max": 0.0204284060746,
        "mean": 0.00527659198269,
        "median": 0.00527399405837,
        "min": 3.13752669678e-12,
        "var": 1.52859847731e-05
    },
    "spectral_rolloff": {
        "dmean": 648.547302246,
        "dmean2": 1050.29931641,
        "dvar": 3023101.25,
        "dvar2": 6275764,
        "max": 19918.2128906,
        "mean": 1566.79614258,
        "median": 667.529296875,
        "min": 64.599609375,
        "var": 8057321.5
    },
    "spectral_skewness": {
        "dmean": 0.763901531696,
        "dmean2": 1.22070527077,
        "dvar": 1.41089200974,
        "dvar2": 3.70617175102,
        "max": 22.1701488495,
        "mean": 4.16380882263,
        "median": 2.2910759449,
        "min": -0.0729060843587,
        "var": 16.7543411255
    },
    "spectral_spread": {
        "dmean": 716666.875,
        "dmean2": 1044656.5,
        "dvar": 1.12879075328e+12,
        "dvar2": 2.02792121139e+12,
        "max": 42868008,
        "mean": 5207071.5,
        "median": 4944386.5,
        "min": 110015.445312,
        "var": 2.00916305183e+13
    },
    "spectral_strongpeak": {
        "dmean": 0.263188093901,
        "dmean2": 0.435851812363,
        "dvar": 0.240768119693,
        "dvar2": 0.578027784824,
        "max": 6.2464928627,
        "mean": 0.710599005222,
        "median": 0.473757475615,
        "min": 0,
        "var": 0.505646169186
    },
    "zerocrossingrate": {
        "dmean": 0.0127849290147,
        "dmean2": 0.0141076194122,
        "dvar": 0.000406538485549,
        "dvar2": 0.000432817876572,
        "max": 0.521484375,
        "mean": 0.0652717277408,
        "median": 0.03515625,
        "min": 0.001953125,
        "var": 0.00486176460981
    },
    "barkbands": {
        "dmean": [0.000415189628256, 0.0102347712964, 0.00359623343684, 0.00253743492067, 0.00342035270296, 0.0010081671644, 0.000839275482576, 0.000773927837145, 0.000351830560248, 0.000827050185762, 0.000194319465663, 0.000310996052576, 0.000179203052539, 0.000110902772576, 9.13948242669e-05, 8.71049123816e-05, 0.000114186877909, 9.14821139304e-05, 7.4758696428e-05, 7.82806382631e-05, 0.000102065321698, 0.000120732198411, 0.00016499364574, 0.000200126683922, 0.000279284868157, 0.000385733845178, 0.000443556345999],
        "dmean2": [0.00051249016542, 0.0149727715179, 0.0065311989747, 0.00448422133923, 0.00604402879253, 0.00179570028558, 0.0014153602533, 0.00105852715205, 0.000545184710063, 0.00120826240163, 0.000322323059663, 0.000528696808033, 0.000309815281071, 0.000183184893103, 0.000155210960656, 0.000143035998917, 0.000172206346178, 0.000152096137754, 0.000120383461763, 0.000120548465929, 0.000156963564223, 0.000173997032107, 0.00024332322937, 0.000298867933452, 0.00040482651093, 0.000529172539245, 0.000702713266946],
        "dvar": [2.30565160564e-06, 0.00080667732982, 0.000162393058417, 8.52339871926e-05, 0.000161041127285, 4.30258251072e-06, 4.12058943766e-06, 1.33655191803e-06, 2.89036734102e-07, 2.38466759583e-06, 1.3284909528e-07, 5.08330799676e-07, 3.47355779695e-07, 5.64979956152e-08, 5.44979670281e-08, 3.96922317236e-08, 1.07061651988e-07, 8.30742052926e-08, 2.9868292728e-08, 5.46011307279e-08, 8.09432663118e-08, 1.28205570604e-07, 2.3119820014e-07, 3.31646305085e-07, 7.25005975255e-07, 1.2583464013e-06, 4.48798846264e-06],
        "dvar2": [4.15315071223e-06, 0.00157667149324, 0.000457948102849, 0.000244183349423, 0.000447140424512, 1.28202218548e-05, 1.16031751531e-05, 2.50881703323e-06, 6.50697813853e-07, 4.62264506496e-06, 3.58242687071e-07, 1.40500173984e-06, 9.4163635822e-07, 1.43216382753e-07, 1.49377598291e-07, 1.01913407491e-07, 2.08457450412e-07, 2.23669971433e-07, 7.23301596395e-08, 1.27637392211e-07, 1.72985153313e-07, 2.40476168756e-07, 4.26278006671e-07, 6.54089490126e-07, 1.5407116507e-06, 2.41515408561e-06, 1.19944943435e-05],
        "max": [0.0281563792378, 0.394895941019, 0.125378131866, 0.119987860322, 0.157059639692, 0.024740498513, 0.0362032875419, 0.0222387462854, 0.00722350925207, 0.0387509353459, 0.00489772064611, 0.0126255070791, 0.00969193782657, 0.00350108928978, 0.00314154871739, 0.00238858605735, 0.00519691547379, 0.0035554736387, 0.00329549168237, 0.00504635646939, 0.00713220238686, 0.00948097091168, 0.00606355490163, 0.00698233256117, 0.0106155127287, 0.0128307407722, 0.0276678558439],
        "mean": [0.000876886479091, 0.0196922998875, 0.00356157682836, 0.00400133151561, 0.00416651042178, 0.00149195326958, 0.00146999466233, 0.00233886856586, 0.000697345647495, 0.00162479956634, 0.00030504676397, 0.000418338051531, 0.000202075825655, 0.000149562256411, 0.000108891443233, 0.000113365022116, 0.000133295063279, 0.000111035587906, 0.000109631720989, 0.000116083829198, 0.000181819617865, 0.000199126210646, 0.000267999683274, 0.000308540358674, 0.00044817008893, 0.000623432861175, 0.000488370540552],
        "median": [1.73890555288e-06, 0.00150096416473, 0.00116321258247, 0.00169291510247, 0.0016476464225, 0.000678549637087, 0.000831802200992, 0.00134254503064, 0.00045460977708, 0.000593993405346, 0.000155611036462, 0.000184234275366, 5.94633820583e-05, 5.65304726479e-05, 2.67561426881e-05, 2.45854243985e-05, 2.03470717679e-05, 1.50096375364e-05, 2.22544294957e-05, 1.28878882606e-05, 2.12527247641e-05, 1.58667880896e-05, 1.83610045497e-05, 1.91254348465e-05, 1.84915643331e-05, 1.19240721688e-05, 1.39423161727e-06],
        "min": [1.14508928938e-25, 3.74277580837e-24, 2.05607384995e-24, 1.5160049817e-24, 6.19264882499e-24, 9.04512804864e-24, 6.13185328718e-24, 8.71226345652e-24, 2.17168390052e-23, 8.6464164479e-24, 1.38793718055e-23, 2.52732574688e-23, 2.34808645179e-23, 3.58635605046e-23, 3.88516551731e-23, 5.15673451251e-23, 8.15889614862e-23, 8.33691176267e-23, 1.64536707483e-22, 1.9380290433e-22, 2.30368159765e-22, 2.97636512721e-22, 4.23960103757e-22, 5.86353419362e-22, 8.39851965367e-22, 1.24530991088e-21, 2.09408183574e-21],
        "var": [8.51430195326e-06, 0.00236381404102, 0.000105095954495, 7.06906794221e-05, 0.000134177520522, 5.16107320436e-06, 4.44811075795e-06, 7.69278449297e-06, 6.33221418411e-07, 9.11149254534e-06, 1.78166260412e-07, 4.99149223288e-07, 2.83714513216e-07, 6.95801531947e-08, 5.7991368152e-08, 5.83808805743e-08, 1.58061766342e-07, 9.88747004271e-08, 5.09322148901e-08, 8.77417605238e-08, 1.91301197106e-07, 2.91380501949e-07, 5.13444263106e-07, 6.37074720089e-07, 1.27271005113e-06, 2.47344723903e-06, 3.77887226932e-06]
    },
    "erbbands": {
        "dmean": [0.373159348965, 2.08036732674, 4.21434116364, 6.08289670944, 11.5597858429, 11.7596321106, 7.37328577042, 8.28894710541, 12.7167816162, 11.0381326675, 14.1452703476, 8.12314891815, 18.8629722595, 15.129696846, 8.23456096649, 11.3758039474, 9.02838611603, 5.30897569656, 4.89090776443, 4.76508235931, 5.29056739807, 6.20913314819, 4.77319574356, 4.02368164062, 3.37655687332, 3.26468753815, 3.89073014259, 4.44661474228, 4.00576353073, 4.96334266663, 4.71870565414, 3.92563033104, 3.47509837151, 2.62357783318, 2.51781797409, 1.56565880775, 0.647209405899, 0.246664300561, 0.0858104526997, 0.00569816399366],
        "dmean2": [0.527074098587, 3.40585136414, 7.56940937042, 10.6519098282, 20.4379787445, 20.8718929291, 13.0927190781, 14.5304698944, 21.669878006, 17.4440917969, 19.3445243835, 12.7609786987, 27.268699646, 23.4497909546, 13.6544418335, 19.6799373627, 15.490480423, 8.66732692719, 8.24175548553, 8.00419807434, 8.42872238159, 9.41544818878, 7.83164548874, 6.46312713623, 5.34323787689, 5.06069231033, 5.85113620758, 6.84531068802, 5.80833959579, 6.85889863968, 7.10428094864, 5.91377544403, 5.28804731369, 3.85713005066, 3.75332808495, 2.24615764618, 0.876321494579, 0.322694838047, 0.139817282557, 0.00961132068187],
        "dvar": [1.50808143616, 35.1503829956, 237.736419678, 441.597198486, 1597.51843262, 2428.91821289, 395.602203369, 364.491668701, 932.745544434, 423.199645996, 420.151550293, 149.441177368, 1135.92797852, 820.598083496, 196.137130737, 1000.75018311, 849.608642578, 167.438217163, 125.041542053, 128.101501465, 140.5025177, 337.797851562, 203.797134399, 130.259658813, 74.4694824219, 91.6912078857, 149.459289551, 142.453430176, 144.103988647, 217.287506104, 202.951705933, 119.135276794, 102.794891357, 56.0294342041, 65.5865325928, 18.8520298004, 3.8330051899, 0.703485429287, 0.192177653313, 0.00086011341773],
        "dvar2": [2.43860435486, 80.6145553589, 661.756591797, 1257.72021484, 4572.80273438, 6685.84667969, 1140.04968262, 1043.5925293, 2642.01806641, 1126.18273926, 789.486877441, 343.964660645, 2089.1262207, 1970.38110352, 510.188171387, 2817.87207031, 2297.10986328, 431.966369629, 326.601165771, 347.451049805, 336.803436279, 656.527648926, 526.511962891, 298.668731689, 176.011398315, 215.694137573, 322.063354492, 296.958709717, 278.487243652, 370.900848389, 390.432281494, 241.291320801, 207.016204834, 110.2709198, 146.019241333, 34.8508453369, 7.83580732346, 1.37910699844, 0.517177224159, 0.00236003706232],
        "max": [16.9984779358, 68.7557525635, 166.628616333, 285.526519775, 510.83581543, 582.924377441, 298.379699707, 253.017837524, 513.536437988, 399.810180664, 410.970733643, 182.190124512, 880.004882812, 514.945800781, 196.057189941, 579.186523438, 461.060180664, 202.559020996, 194.455703735, 130.605987549, 128.263076782, 308.7550354, 213.218856812, 155.929107666, 186.874420166, 170.110855103, 358.471405029, 280.3359375, 336.996948242, 283.352050781, 193.124298096, 135.825393677, 128.994171143, 98.7851333618, 96.1950759888, 48.4300727844, 24.7883987427, 9.7486782074, 5.95136833191, 0.363876372576],
        "mean": [0.756501853466, 3.6190135479, 4.36947154999, 9.91548442841, 15.6334218979, 12.4405765533, 10.5477981567, 12.7789173126, 21.2842025757, 27.8487796783, 46.1778678894, 17.5401802063, 39.6169281006, 28.3608474731, 15.0129032135, 14.5880060196, 10.5365505219, 7.1094455719, 6.41053438187, 6.14344787598, 6.89062213898, 7.69617843628, 6.13489484787, 5.9143872261, 5.26390790939, 5.03036260605, 6.05925273895, 8.21127033234, 6.51776599884, 8.71664047241, 7.32496976852, 6.38032770157, 5.07407283783, 4.33946657181, 3.71132946014, 2.55035185814, 1.06280219555, 0.410766422749, 0.0837263911963, 0.00514506734908],
        "median": [0.0358136706054, 0.387546002865, 1.53045725822, 3.99897813797, 7.14736557007, 3.93364524841, 5.25119400024, 5.98088741302, 11.5860261917, 18.185874939, 28.3397941589, 12.4902925491, 17.0531082153, 13.3300199509, 8.55172538757, 6.47023916245, 3.49553632736, 2.64051127434, 2.22352862358, 1.55633378029, 1.3904364109, 1.3081651926, 0.970575273037, 1.10259795189, 0.930913329124, 0.640823364258, 0.626620948315, 0.924620389938, 0.607672512531, 0.713722229004, 0.481469064951, 0.47605457902, 0.248339802027, 0.215944424272, 0.118719927967, 0.0579916872084, 0.0188033226877, 0.00389132183045, 0.00021829205798, 5.93136282987e-05],
        "min": [4.22241586052e-23, 1.00201167717e-21, 2.99255931825e-21, 5.82548974195e-21, 1.58757075273e-20, 2.03926031947e-20, 6.03942078189e-20, 1.02721782933e-19, 2.03353021965e-19, 2.52778588679e-19, 1.99756854252e-19, 4.07630418264e-19, 4.6018673435e-19, 7.76893097791e-19, 9.61681007335e-19, 1.00964600573e-18, 1.27079984981e-18, 2.47069543188e-18, 2.80445019454e-18, 3.13015028598e-18, 4.94032959103e-18, 5.68892184153e-18, 5.36311607776e-18, 6.16352498979e-18, 8.08609911493e-18, 8.1702970023e-18, 9.44648117751e-18, 1.06337641164e-17, 1.08109048446e-17, 1.07909102348e-17, 1.25648420718e-17, 9.46736500644e-18, 1.01356276797e-17, 7.70939031062e-18, 7.18304453351e-18, 3.83296429344e-18, 2.39072815975e-18, 1.01695900613e-18, 2.64691307819e-19, 2.79118656021e-20],
        "var": [4.99453306198, 67.7497024536, 162.930297852, 364.501647949, 1450.88806152, 1741.46862793, 350.896759033, 412.565002441, 981.760375977, 996.931396484, 2709.10961914, 355.490081787, 4748.45605469, 2017.27709961, 336.830993652, 777.153076172, 700.302062988, 181.365036011, 142.549865723, 167.778366089, 224.630981445, 523.595458984, 273.951416016, 204.261352539, 132.741989136, 151.280319214, 277.089355469, 370.980529785, 315.712524414, 555.180908203, 401.001373291, 245.059371948, 183.721725464, 113.282310486, 99.5499725342, 39.2996902466, 7.21921682358, 1.33800768852, 0.146156489849, 0.000601394684054]
    },
    "gfcc": {
        "mean": [-93.0366897583, 117.164756775, -81.4105834961, -20.4537467957, -63.5305595398, 4.08692216873, -25.3300819397, 1.53947091103, -19.8182296753, -4.75575065613, -15.9596986771, -4.32071399689, -11.9897413254],
        "cov": [[50162.5976562, -11764.0732422, 4645.32958984, 8248.32421875, 1411.58862305, 2441.6730957, -642.149963379, 2838.85351562, -570.696105957, 1462.10375977, -1394.26477051, 1322.90234375, -1145.32568359], [-11764.0732422, 6629.32275391, -1707.38842773, -2273.00610352, -8.08641719818, -743.120422363, 407.081451416, -800.494750977, 397.33581543, -529.348693848, 552.392822266, -562.000854492, 405.375946045], [4645.32958984, -1707.38842773, 1838.69018555, 1268.43225098, 666.731018066, 558.866638184, 89.6770553589, 476.8644104, -2.32225656509, 323.970275879, -107.898246765, 289.153717041, -121.694824219], [8248.32421875, -2273.00610352, 1268.43225098, 2831.01611328, 829.236206055, 755.780700684, 87.4368515015, 658.848510742, -182.220672607, 223.017349243, -282.859649658, 244.396255493, -254.901535034], [1411.58862305, -8.08641719818, 666.731018066, 829.236206055, 1060.58410645, 310.900787354, 109.503761292, 97.0802993774, -100.61706543, -24.8128547668, -47.3465309143, 83.2512741089, -23.0546760559], [2441.6730957, -743.120422363, 558.866638184, 755.780700684, 310.900787354, 417.215606689, 58.4569282532, 250.330596924, -44.9881973267, 128.749557495, -76.3714294434, 136.069458008, -62.2190666199], [-642.149963379, 407.081451416, 89.6770553589, 87.4368515015, 109.503761292, 58.4569282532, 207.298538208, 54.9962501526, 87.9094467163, 0.756569087505, 64.4232559204, -14.6276874542, 41.1489524841], [2838.85351562, -800.494750977, 476.8644104, 658.848510742, 97.0802993774, 250.330596924, 54.9962501526, 360.387573242, 59.0822410583, 187.900299072, -58.8570671082, 134.975265503, -58.4086685181], [-570.696105957, 397.33581543, -2.32225656509, -182.220672607, -100.61706543, -44.9881973267, 87.9094467163, 59.0822410583, 221.208831787, 83.1169052124, 96.1002120972, -9.0539188385, 52.6015205383], [1462.10375977, -529.348693848, 323.970275879, 223.017349243, -24.8128547668, 128.749557495, 0.756569087505, 187.900299072, 83.1169052124, 213.843338013, 12.8222990036, 113.06728363, -23.4332466125], [-1394.26477051, 552.392822266, -107.898246765, -282.859649658, -47.3465309143, -76.3714294434, 64.4232559204, -58.8570671082, 96.1002120972, 12.8222990036, 134.637695312, -17.2964668274, 64.8683166504], [1322.90234375, -562.000854492, 289.153717041, 244.396255493, 83.2512741089, 136.069458008, -14.6276874542, 134.975265503, -9.0539188385, 113.06728363, -17.2964668274, 140.986953735, -5.43846559525], [-1145.32568359, 405.375946045, -121.694824219, -254.901535034, -23.0546760559, -62.2190666199, 41.1489524841, -58.4086685181, 52.6015205383, -23.4332466125, 64.8683166504, -5.43846559525, 91.3606796265]],
        "icov": [[6.61670346744e-05, 5.34855234946e-06, 6.06796720604e-06, -0.000102101243101, -3.59314799425e-06, 3.93326881749e-05, 0.000190954291611, -0.000217273307499, -6.0756556195e-05, -6.0773716541e-05, 0.000232407182921, -0.000162924523465, 0.000174619286554], [5.34855234946e-06, 0.000586176349316, 0.00023694045376, 0.000210494443309, -0.000424866972025, -0.000215991851292, -0.000238684689975, -0.000131371067255, -0.000414479058236, 0.00044666355825, -0.00122949003708, 0.00143905857112, -0.000549924792722], [6.06796720604e-06, 0.00023694045376, 0.00150214077439, 7.53599233576e-05, -0.000807695905678, -0.000414367881604, -0.000649909954518, -4.27958220826e-05, -0.000401147408411, -0.00104891159572, 0.000122493758681, -0.000610067392699, 0.000853873207234], [-0.000102101243101, 0.000210494443309, 7.53599233576e-05, 0.00146432837937, -0.000655153708067, -0.000780222122557, -0.000608166737948, -0.00146128132474, 0.000636646640487, 0.000523544091266, -0.00057373684831, 0.00116370397154, 0.000859370164108], [-3.59314799425e-06, -0.000424866972025, -0.000807695905678, -0.000655153708067, 0.0022390766535, -0.000580272986554, -0.00013645888248, 0.00110573461279, 0.00026405279641, 0.00124359910842, 0.000299342878861, -0.00165658467449, -0.000269645126536], [3.93326881749e-05, -0.000215991851292, -0.000414367881604, -0.000780222122557, -0.000580272986554, 0.00750533444807, -0.00221539614722, -0.00124041945674, 0.00202578189783, -0.00223218090832, 0.00204447098076, -0.00277921347879, 0.000536387960892], [0.000190954291611, -0.000238684689975, -0.000649909954518, -0.000608166737948, -0.00013645888248, -0.00221539614722, 0.0113454088569, -0.00430009048432, -0.00209590210579, 0.00376979541034, -0.0044552939944, 0.00333726080135, -0.00297620799392], [-0.000217273307499, -0.000131371067255, -4.27958220826e-05, -0.00146128132474, 0.00110573461279, -0.00124041945674, -0.00430009048432, 0.0146303791553, -0.00500129070133, -0.00429373653606, 0.00564515357837, -0.00588562618941, 0.0018692263402], [-6.0756556195e-05, -0.000414479058236, -0.000401147408411, 0.000636646640487, 0.00026405279641, 0.00202578189783, -0.00209590210579, -0.00500129070133, 0.014157188125, -0.0069477185607, -0.00387856923044, 0.00689896894619, -0.0052563897334], [-6.0773716541e-05, 0.00044666355825, -0.00104891159572, 0.000523544091266, 0.00124359910842, -0.00223218090832, 0.00376979541034, -0.00429373653606, -0.0069477185607, 0.0205929297954, -0.00757931731641, -0.00814910326153, 0.00584894279018], [0.000232407182921, -0.00122949003708, 0.000122493758681, -0.00057373684831, 0.000299342878861, 0.00204447098076, -0.0044552939944, 0.00564515357837, -0.00387856923044, -0.00757931731641, 0.0238083880395, -0.00571826659143, -0.00294094765559], [-0.000162924523465, 0.00143905857112, -0.000610067392699, 0.00116370397154, -0.00165658467449, -0.00277921347879, 0.00333726080135, -0.00588562618941, 0.00689896894619, -0.00814910326153, -0.00571826659143, 0.0289759971201, -0.0138475205749], [0.000174619286554, -0.000549924792722, 0.000853873207234, 0.000859370164108, -0.000269645126536, 0.000536387960892, -0.00297620799392, 0.0018692263402, -0.0052563897334, 0.00584894279018, -0.00294094765559, -0.0138475205749, 0.0277330651879]]
    },
    "melbands": {
        "dmean": [0.00304161477834, 0.00231095543131, 0.00119627499953, 0.000862267508637, 0.000304842309561, 0.000191096361959, 0.000181218361831, 0.000138814823003, 9.86640006886e-05, 4.86080716655e-05, 0.000105069681013, 7.67973615439e-05, 2.73344721791e-05, 3.44721738657e-05, 2.95766367344e-05, 1.45390977195e-05, 9.94229048956e-06, 8.48251420393e-06, 7.2703760452e-06, 5.56409440833e-06, 6.75836599839e-06, 7.59700560593e-06, 4.31083753938e-06, 4.49439721706e-06, 3.3557041661e-06, 2.80189578916e-06, 2.43627346208e-06, 2.35998277276e-06, 2.62252819994e-06, 2.59701232608e-06, 2.55714576269e-06, 2.32799197875e-06, 2.54716383097e-06, 2.98446911984e-06, 2.88836668005e-06, 2.52249947152e-06, 2.55820486927e-06, 2.61875447904e-06, 2.27323221225e-06, 2.21954337576e-06],
        "dmean2": [0.00434899888933, 0.00395584153011, 0.00210780859925, 0.00152760162018, 0.000542724854313, 0.000336321973009, 0.000311390467687, 0.000206474331208, 0.000136245551403, 7.65996592236e-05, 0.000151531334268, 0.000116627437819, 4.50411062047e-05, 5.809015056e-05, 5.16169857292e-05, 2.46217859967e-05, 1.62641808856e-05, 1.441747645e-05, 1.25113083413e-05, 9.16135559237e-06, 1.07064024633e-05, 1.15531465781e-05, 7.15230362403e-06, 7.52277310312e-06, 5.42716907148e-06, 4.54977362097e-06, 4.07353445553e-06, 3.71178430214e-06, 4.04366028306e-06, 4.02952900913e-06, 3.95667984776e-06, 3.41899749401e-06, 3.89129536416e-06, 4.09358153775e-06, 4.32750539403e-06, 3.93343088945e-06, 3.9386318349e-06, 4.07228981203e-06, 3.53620384885e-06, 3.29650106323e-06],
        "dvar": [8.04822193459e-05, 5.42717134522e-05, 1.64870707522e-05, 1.0559767361e-05, 1.08114056729e-06, 1.77842309768e-07, 2.04468420861e-07, 4.80523993929e-08, 1.83824528932e-08, 5.74129321862e-09, 3.62758001415e-08, 2.05442063361e-08, 2.22368212732e-09, 5.39149080936e-09, 8.15413159216e-09, 1.9752230962e-09, 6.09766515058e-10, 3.66063651613e-10, 3.90272453243e-10, 1.59460084026e-10, 2.29313609768e-10, 5.30947952271e-10, 1.56398768936e-10, 2.06662173485e-10, 8.90709103696e-11, 4.50978039634e-11, 4.65255091397e-11, 4.8434967842e-11, 8.18336787223e-11, 5.03504841987e-11, 5.18827758533e-11, 4.97743964101e-11, 5.42938263792e-11, 8.10960118502e-11, 8.15757461581e-11, 4.89550518179e-11, 5.19701434665e-11, 6.14335249338e-11, 4.15535869602e-11, 4.14355980083e-11],
        "dvar2": [0.0001450994896, 0.000143770957948, 4.69958795293e-05, 2.96076268569e-05, 3.06569427266e-06, 5.15461579198e-07, 5.8219774246e-07, 1.16150651763e-07, 3.59050744692e-08, 1.32171349421e-08, 6.66033415087e-08, 4.63998830469e-08, 5.86321791118e-09, 1.46358747344e-08, 2.29957848319e-08, 5.40397326887e-09, 1.54868651236e-09, 9.60493351521e-10, 1.10593423308e-09, 4.11597755878e-10, 5.53867729458e-10, 1.08074293959e-09, 3.81163905994e-10, 5.60281321338e-10, 2.04233546741e-10, 1.13525036594e-10, 1.15714972326e-10, 1.17454573845e-10, 1.90179108572e-10, 1.07068832966e-10, 1.12762139903e-10, 9.8110679303e-11, 1.10502676454e-10, 1.36915243032e-10, 1.51996387698e-10, 1.09073021448e-10, 1.1079867579e-10, 1.30615948613e-10, 7.97169413813e-11, 8.80434405937e-11],
        "max": [0.125758379698, 0.086670935154, 0.0502252802253, 0.0398347266018, 0.0146598396823, 0.00548322079703, 0.00769452331588, 0.00436165183783, 0.00275083747692, 0.00103674374986, 0.00499083288014, 0.00298305181786, 0.00065223663114, 0.00123839848675, 0.00153990043327, 0.000753244443331, 0.000425884325523, 0.000356423930498, 0.000276562233921, 0.000165558871231, 0.000164562836289, 0.000387617357774, 0.000194133579498, 0.000190468941582, 0.000131367851282, 0.000149784362293, 8.88277063495e-05, 0.000135754991788, 0.000305103196297, 0.000140522344736, 0.000187180310604, 0.000228358709137, 0.00013481604401, 0.000152176755364, 0.000116560928291, 9.52120826696e-05, 8.82602471393e-05, 0.000106841216621, 8.19779816084e-05, 8.84664987097e-05],
        "mean": [0.00601194985211, 0.00315735628828, 0.00190496118739, 0.00103868823498, 0.000392421905417, 0.00030596376746, 0.000298205646686, 0.000395946583012, 0.000329673232045, 9.13471667445e-05, 0.000217109060031, 0.000145791520481, 4.72956962767e-05, 4.73153595522e-05, 3.2248251955e-05, 1.72506588569e-05, 1.29115232994e-05, 1.08698477561e-05, 8.49525804369e-06, 7.44754743209e-06, 8.18794433144e-06, 8.75946261658e-06, 5.40479595657e-06, 5.40271776117e-06, 4.73335376228e-06, 4.07749530495e-06, 3.61760294254e-06, 3.3212136259e-06, 3.65109735867e-06, 4.45686328021e-06, 4.59771854366e-06, 3.48224193658e-06, 4.15456588598e-06, 5.10481322635e-06, 4.2928700168e-06, 3.79245079785e-06, 4.03213562095e-06, 3.62526225217e-06, 3.38041786563e-06, 3.67675238522e-06],
        "median": [0.000384340819437, 0.000913760450203, 0.00100269669201, 0.000420037424192, 0.000178669273737, 0.000155213550897, 0.000165095145348, 0.000250269717071, 0.000216911474126, 5.77011487621e-05, 8.91648523975e-05, 6.32630908513e-05, 2.63507172349e-05, 1.86202651093e-05, 1.03212851172e-05, 5.27242218595e-06, 4.56131829196e-06, 3.78570871362e-06, 1.86347642739e-06, 1.85898716154e-06, 1.39254939313e-06, 1.28924875753e-06, 8.22047809379e-07, 7.31781597096e-07, 8.35621676742e-07, 8.56395388382e-07, 3.55990437129e-07, 4.02032753755e-07, 2.92047417361e-07, 5.10603740622e-07, 4.89320711949e-07, 2.75934695537e-07, 3.23224213616e-07, 3.59162555696e-07, 2.48744754572e-07, 2.24517648917e-07, 2.69266735131e-07, 1.7578183531e-07, 1.57646368848e-07, 1.81579594027e-07],
        "min": [7.04973584471e-25, 1.4177140962e-24, 8.48235605936e-25, 2.04020650449e-24, 2.67467313106e-24, 2.1019967959e-24, 2.7408183291e-24, 2.78742857012e-24, 1.28747247049e-24, 2.89364277455e-24, 1.78324689752e-24, 2.29498609434e-24, 2.79857714686e-24, 2.48208516561e-24, 2.132254542e-24, 2.82935297735e-24, 3.12955143104e-24, 4.69327667965e-24, 3.0292252844e-24, 3.2643050453e-24, 4.63424740141e-24, 4.69690741197e-24, 5.00127992592e-24, 4.34822181996e-24, 4.33984727259e-24, 6.11322157589e-24, 5.18088146593e-24, 4.4055179708e-24, 5.1967320481e-24, 4.86601867967e-24, 5.74825665581e-24, 5.94676364184e-24, 5.65190005725e-24, 5.43502878377e-24, 6.23514870626e-24, 4.34979756962e-24, 5.73167874388e-24, 6.00247615442e-24, 6.5591788451e-24, 6.12762223171e-24],
        "var": [0.000255811261013, 5.42939160368e-05, 1.41411637742e-05, 8.56028691487e-06, 7.79949289154e-07, 2.06036730788e-07, 1.98886425551e-07, 1.89000076034e-07, 1.25467224166e-07, 1.16912675097e-08, 1.50815779421e-07, 6.00872880341e-08, 3.57254559269e-09, 6.2530718381e-09, 5.92843329983e-09, 1.6735570707e-09, 6.57657039937e-10, 4.06806366371e-10, 4.03145739014e-10, 2.35468672338e-10, 3.42380179763e-10, 7.51684381406e-10, 2.20374066218e-10, 2.3618865197e-10, 1.34944347363e-10, 6.8150034227e-11, 8.00357488617e-11, 7.10210293353e-11, 1.20220625122e-10, 1.15147419377e-10, 1.26079896523e-10, 9.9644417717e-11, 1.21300705591e-10, 1.98521366013e-10, 1.55107801603e-10, 8.77794503751e-11, 9.92493517926e-11, 1.00101468781e-10, 7.76590666773e-11, 7.99115426608e-11]
    },
    "mfcc": {
        "mean": [-725.935974121, 147.901428223, 31.0020179749, -7.67852783203, -15.0158872604, -4.97417497635, -1.18552410603, 2.99516272545, -0.389467030764, -2.26966166496, -0.995318293571, -1.64254331589, -2.2203400135],
        "cov": [[24966.6035156, -3600.68310547, 1266.20336914, 2991.01318359, 2826.51660156, 1443.92858887, 616.342041016, 868.44519043, 867.395202637, 575.850524902, 365.14541626, 142.044815063, 113.667320251], [-3600.68310547, 3728.71557617, -237.49230957, -540.013244629, -331.562957764, -93.0784912109, -73.5659255981, -58.5742607117, -28.687330246, 42.777217865, 72.1725616455, 53.3525161743, 28.7590808868], [1266.20336914, -237.49230957, 747.381408691, 380.549224854, 321.232696533, 235.091598511, 184.416488647, 139.152206421, 136.355667114, 115.69770813, 99.2097167969, 83.5008010864, 68.4375076294], [2991.01318359, -540.013244629, 380.549224854, 948.071899414, 694.92175293, 459.750305176, 263.155792236, 256.638824463, 224.3309021, 149.728530884, 88.4229278564, 61.152305603, 52.1623077393], [2826.51660156, -331.562957764, 321.232696533, 694.92175293, 913.140014648, 549.618774414, 288.689880371, 236.138061523, 181.361206055, 82.2097396851, 31.3690547943, 7.99845838547, 29.2864551544], [1443.92858887, -93.0784912109, 235.091598511, 459.750305176, 549.618774414, 479.591247559, 262.323669434, 175.303222656, 112.135993958, 44.1642341614, 8.02212524414, -1.21920716763, 10.8263559341], [616.342041016, -73.5659255981, 184.416488647, 263.155792236, 288.689880371, 262.323669434, 227.172286987, 133.525405884, 76.4580307007, 33.240814209, 11.9420919418, 8.5493144989, 16.7378921509], [868.44519043, -58.5742607117, 139.152206421, 256.638824463, 236.138061523, 175.303222656, 133.525405884, 163.986160278, 117.224716187, 69.3070068359, 42.7811317444, 26.2195911407, 29.576713562], [867.395202637, -28.687330246, 136.355667114, 224.3309021, 181.361206055, 112.135993958, 76.4580307007, 117.224716187, 154.043304443, 101.820487976, 69.7586135864, 46.3911056519, 41.948600769], [575.850524902, 42.777217865, 115.69770813, 149.728530884, 82.2097396851, 44.1642341614, 33.240814209, 69.3070068359, 101.820487976, 126.856208801, 95.7148284912, 62.1752204895, 47.1340026855], [365.14541626, 72.1725616455, 99.2097167969, 88.4229278564, 31.3690547943, 8.02212524414, 11.9420919418, 42.7811317444, 69.7586135864, 95.7148284912, 124.33177948, 81.7167129517, 55.2492179871], [142.044815063, 53.3525161743, 83.5008010864, 61.152305603, 7.99845838547, -1.21920716763, 8.5493144989, 26.2195911407, 46.3911056519, 62.1752204895, 81.7167129517, 94.7731018066, 57.8286514282], [113.667320251, 28.7590808868, 68.4375076294, 52.1623077393, 29.2864551544, 10.8263559341, 16.7378921509, 29.576713562, 41.948600769, 47.1340026855, 55.2492179871, 57.8286514282, 72.5234527588]],
