{
"lowlevel": {
    "average_loudness": 0.301879405975,
    "barkbands_crest": {
        "dmean": 2.30489945412,
        "dmean2": 3.67190337181,
        "dvar": 4.66126823425,
        "dvar2": 11.9320650101,
        "max": 26.2295970917,
        "mean": 10.3845558167,
        "median": 9.67596817017,
        "min": 2.66923594475,
        "var": 16.6227321625
    },
    "barkbands_flatness_db": {
        "dmean": 0.0261782389134,
        "dmean2": 0.0358988940716,
        "dvar": 0.000760098628234,
        "dvar2": 0.00134997232817,
        "max": 0.542292833328,
        "mean": 0.157045528293,
        "median": 0.142439454794,
        "min": 0.0248677395284,
        "var": 0.00610796129331
    },
    "barkbands_kurtosis": {
        "dmean": 6.52246999741,
        "dmean2": 9.54614543915,
        "dvar": 212.017181396,
        "dvar2": 437.799346924,
        "max": 371.980133057,
        "mean": 11.4930114746,
        "median": 3.61294794083,
        "min": -1.96600544453,
        "var": 635.875305176
    },
    "barkbands_skewness": {
        "dmean": 0.724877655506,
        "dmean2": 1.0561375618,
        "dvar": 0.687275826931,
        "dvar2": 1.4502414465,
        "max": 15.6037244797,
        "mean": 2.23536157608,
        "median": 1.91172385216,
        "min": -3.794465065,
        "var": 3.39798951149
    },
    "barkbands_spread": {
        "dmean": 9.16384887695,
        "dmean2": 13.1337957382,
        "dvar": 181.916152954,
        "dvar2": 379.368988037,
        "max": 129.21723938,
        "mean": 28.2749347687,
        "median": 17.78383255,
        "min": 0.23875015974,
        "var": 718.691650391
    },
    "dissonance": {
        "dmean": 0.0229401160032,
        "dmean2": 0.0384653359652,
        "dvar": 0.000479925220134,
        "dvar2": 0.00128994276747,
        "max": 0.500000059605,
        "mean": 0.455704808235,
        "median": 0.464365005493,
        "min": 0.241811171174,
        "var": 0.00111839419696
    },
    "dynamic_complexity": 4.74962997437,
    "erbbands_crest": {
        "dmean": 2.70200872421,
        "dmean2": 4.1902923584,
        "dvar": 7.17785978317,
        "dvar2": 15.9934644699,
        "max": 32.3875465393,
        "mean": 9.92799282074,
        "median": 8.47936058044,
        "min": 2.08420681953,
        "var": 27.922914505
    },
    "erbbands_flatness_db": {
        "dmean": 0.0214879792184,
        "dmean2": 0.0270920861512,
        "dvar": 0.000595659716055,
        "dvar2": 0.000960279779974,
        "max": 0.41342407465,
        "mean": 0.140388906002,
        "median": 0.120331153274,
        "min": 0.0250625796616,
        "var": 0.00561935454607
    },
    "erbbands_kurtosis": {
        "dmean": 1.61145496368,
        "dmean2": 2.43786644936,
        "dvar": 14.1176204681,
        "dvar2": 29.7227916718,
        "max": 102.051887512,
        "mean": 1.65205645561,
        "median": 0.199464797974,
        "min": -1.84030210972,
        "var": 32.3981285095
    },
    "erbbands_skewness": {
        "dmean": 0.421298950911,
        "dmean2": 0.620111107826,
        "dvar": 0.244773447514,
        "dvar2": 0.503700196743,
        "max": 8.65261745453,
        "mean": 0.705232739449,
        "median": 0.586993098259,
        "min": -3.19533753395,
        "var": 1.15489411354
    },
    "erbbands_spread": {
        "dmean": 11.5444145203,
        "dmean2": 16.2797775269,
        "dvar": 220.223022461,
        "dvar2": 433.752044678,
        "max": 194.300704956,
        "mean": 48.7016677856,
        "median": 39.232208252,
        "min": 1.34751951694,
        "var": 1076.60595703
    },
    "hfc": {
        "dmean": 17.1013908386,
        "dmean2": 20.7693119049,
        "dvar": 1496.73583984,
        "dvar2": 2575.62744141,
        "max": 1070.91870117,
        "mean": 32.9913635254,
        "median": 8.21031475067,
        "min": 1.11131821176e-16,
        "var": 4231.7578125
    },
    "melbands_crest": {
        "dmean": 3.3637816906,
        "dmean2": 5.41633653641,
        "dvar": 10.1568336487,
        "dvar2": 25.2056045532,
        "max": 33.020401001,
        "mean": 16.6649780273,
        "median": 15.8041973114,
        "min": 2.24254488945,
        "var": 38.9819641113
    },
    "melbands_flatness_db": {
        "dmean": 0.0318190455437,
        "dmean2": 0.0444336943328,
        "dvar": 0.00105383084156,
        "dvar2": 0.00196447363123,
        "max": 0.678132236004,
        "mean": 0.250620961189,
        "median": 0.243907272816,
        "min": 0.00476536713541,
        "var": 0.00866753328592
    },
    "melbands_kurtosis": {
        "dmean": 15.3853549957,
        "dmean2": 22.7687091827,
        "dvar": 986.491699219,
        "dvar2": 2058.6328125,
        "max": 1007.69110107,
        "mean": 32.9561920166,
        "median": 15.5172109604,
        "min": -1.7822753191,
        "var": 3452.48388672
    },
    "melbands_skewness": {
        "dmean": 0.959704995155,
        "dmean2": 1.41440963745,
        "dvar": 1.23510956764,
        "dvar2": 2.56560349464,
        "max": 23.3129863739,
        "mean": 3.74095845222,
        "median": 3.26390433311,
        "min": -1.44524860382,
        "var": 6.58688163757
    },
    "melbands_spread": {
        "dmean": 5.71304988861,
        "dmean2": 8.5879611969,
        "dvar": 88.0290603638,
        "dvar2": 191.938781738,
        "max": 230.292404175,
        "mean": 17.2194690704,
        "median": 12.1856336594,
        "min": 0.219670683146,
        "var": 352.994049072
    },
    "pitch_salience": {
        "dmean": 0.0768842697144,
        "dmean2": 0.120144113898,
        "dvar": 0.00512475939468,
        "dvar2": 0.0117818750441,
        "max": 0.837860107422,
        "mean": 0.52284604311,
        "median": 0.54942792654,
        "min": 0.0644522309303,
        "var": 0.0221165996045
    },
    "silence_rate_20dB": {
        "dmean": 0.000302640546579,
        "dmean2": 0.000605326902587,
        "dvar": 0.000302509084577,
        "dvar2": 0.000907464360353,
        "max": 1,
        "mean": 0.999848663807,
        "median": 1,
        "min": 0,
        "var": 0.000151275919052
    },
    "silence_rate_30dB": {
        "dmean": 0.0207308772951,
        "dmean2": 0.0414648912847,
        "dvar": 0.0203001443297,
        "dvar2": 0.0498809069395,
        "max": 1,
        "mean": 0.97276443243,
        "median": 1,
        "min": 0,
        "var": 0.026491381228
    },
    "silence_rate_60dB": {
        "dmean": 0.0541726574302,
        "dmean2": 0.108353510499,
        "dvar": 0.0512340329587,
        "dvar2": 0.112036436796,
        "max": 1,
        "mean": 0.151308819652,
        "median": 0,
        "min": 0,
        "var": 0.128438308835
    },
    "spectral_centroid": {
        "dmean": 182.307800293,
        "dmean2": 268.984710693,
        "dvar": 58368.6523438,
        "dvar2": 118181.46875,
        "max": 10708.5683594,
        "mean": 817.293945312,
        "median": 693.117797852,
        "min": 140.827163696,
        "var": 311421.96875
    },
    "spectral_complexity": {
        "dmean": 3.00113487244,
        "dmean2": 4.08308124542,
        "dvar": 14.7107715607,
        "dvar2": 21.1406555176,
        "max": 58,
        "mean": 11.8412017822,
        "median": 10,
        "min": 0,
        "var": 75.4817886353
    },
    "spectral_decrease": {
        "dmean": 2.46530373893e-09,
        "dmean2": 3.62332963633e-09,
        "dvar": 2.57340256079e-17,
        "dvar2": 5.91595008061e-17,
        "max": 3.17677328887e-10,
        "mean": -5.4128412863e-09,
        "median": -2.68599986697e-09,
        "min": -9.89238984062e-08,
        "var": 5.93295492877e-17
    },
    "spectral_energy": {
        "dmean": 0.0102809341624,
        "dmean2": 0.0145055847242,
        "dvar": 0.000426906568464,
        "dvar2": 0.000940284633543,
        "max": 0.401831716299,
        "mean": 0.0234217699617,
        "median": 0.0116383805871,
        "min": 1.01088078605e-20,
        "var": 0.00106897263322
    },
    "spectral_energyband_high": {
        "dmean": 0.0011296273442,
        "dmean2": 0.00137217948213,
        "dvar": 7.52726327846e-06,
        "dvar2": 1.29641402964e-05,
        "max": 0.0839708298445,
        "mean": 0.00206008553505,
        "median": 0.000209027144592,
        "min": 7.60263074247e-21,
        "var": 2.27498567256e-05
    },
    "spectral_energyband_low": {
        "dmean": 0.00447384640574,
        "dmean2": 0.00669285841286,
        "dvar": 7.34466520953e-05,
        "dvar2": 0.00015705221449,
        "max": 0.204550459981,
        "mean": 0.0100332470611,
        "median": 0.0045118862763,
        "min": 4.36681653368e-23,
        "var": 0.000211867591133
    },
    "spectral_energyband_middle_high": {
        "dmean": 0.000936458003707,
        "dmean2": 0.00127966073342,
        "dvar": 3.33974639943e-06,
        "dvar2": 6.23344976702e-06,
        "max": 0.0597085617483,
        "mean": 0.00228797225282,
        "median": 0.00119253946468,
        "min": 1.43323985306e-21,
        "var": 1.09693683044e-05
    },
    "spectral_energyband_middle_low": {
        "dmean": 0.00678951991722,
        "dmean2": 0.0102443946525,
        "dvar": 0.000240398061578,
        "dvar2": 0.000582552689593,
        "max": 0.375500410795,
        "mean": 0.0132544506341,
        "median": 0.00573716079816,
        "min": 2.90942327431e-22,
        "var": 0.00053298973944
    },
    "spectral_entropy": {
        "dmean": 0.250143259764,
        "dmean2": 0.328190654516,
        "dvar": 0.0832449793816,
        "dvar2": 0.14923723042,
        "max": 9.81106281281,
        "mean": 7.32467937469,
        "median": 7.38101243973,
        "min": 3.59670567513,
        "var": 0.615816831589
    },
    "spectral_flux": {
        "dmean": 0.0240400955081,
        "dmean2": 0.0359142608941,
        "dvar": 0.00132997171022,
        "dvar2": 0.00286924163811,
        "max": 0.484203606844,
        "mean": 0.0687481760979,
        "median": 0.0491574630141,
        "min": 1.00542567327e-10,
        "var": 0.00357087003067
    },
    "spectral_kurtosis": {
        "dmean": 2.88858652115,
        "dmean2": 4.4061164856,
        "dvar": 20.4726486206,
        "dvar2": 47.9422874451,
        "max": 121.113090515,
        "mean": 8.58492469788,
        "median": 5.67568016052,
        "min": -1.21947097778,
        "var": 85.2763366699
    },
    "spectral_rms": {
        "dmean": 0.000884780252818,
        "dmean2": 0.00118667795323,
        "dvar": 1.58721536536e-06,
        "dvar2": 3.09083861794e-06,
        "max": 0.0197997707874,
        "mean": 0.00401002308354,
        "median": 0.00336964637972,
        "min": 3.14042216711e-12,
        "var": 6.77025809637e-06
    },
    "spectral_rolloff": {
        "dmean": 1248.1472168,
        "dmean2": 2096.02050781,
        "dvar": 7796283,
        "dvar2": 17271496,
        "max": 19939.7460938,
        "mean": 2572.98583984,
        "median": 796.728515625,
        "min": 107.666015625,
        "var": 17273018
    },
    "spectral_skewness": {
        "dmean": 0.315262675285,
        "dmean2": 0.464289933443,
        "dvar": 0.145293951035,
        "dvar2": 0.318531662226,
        "max": 9.45221710205,
        "mean": 2.21810102463,
        "median": 2.11937355995,
        "min": 0.059959217906,
        "var": 0.831596314907
    },
    "spectral_spread": {
        "dmean": 1150893.25,
        "dmean2": 1446577.75,
        "dvar": 2.74538378035e+12,
        "dvar2": 4.94243466445e+12,
        "max": 40453280,
        "mean": 6993457.5,
        "median": 6579243.5,
        "min": 968562.0625,
        "var": 1.74059862098e+13
    },
    "spectral_strongpeak": {
        "dmean": 0.289034128189,
        "dmean2": 0.468215018511,
        "dvar": 0.441482305527,
        "dvar2": 0.989367961884,
        "max": 21.4098186493,
        "mean": 0.642903625965,
        "median": 0.410624444485,
        "min": 0,
        "var": 1.06195902824
    },
    "zerocrossingrate": {
        "dmean": 0.0240217968822,
        "dmean2": 0.0253500211984,
        "dvar": 0.000967882398982,
        "dvar2": 0.00111987488344,
        "max": 0.5302734375,
        "mean": 0.0945921689272,
        "median": 0.0595703125,
        "min": 0.00537109375,
        "var": 0.00791024696082
    },
    "barkbands": {
        "dmean": [0.000110256711196, 0.00172317540273, 0.00187059130985, 0.00267879944295, 0.00190539774485, 0.00154910632409, 0.000617382058408, 0.000796165200882, 0.00111967080738, 0.000336261553457, 0.000168917322299, 0.000220804839046, 0.000186142860912, 0.00012491097732, 0.000101717581856, 9.17241632123e-05, 0.000119988719234, 5.18207962159e-05, 5.04851414007e-05, 3.00479423458e-05, 3.66352687706e-05, 4.26540027547e-05, 7.99272747827e-05, 0.000156542402692, 0.00015003416047, 0.000422893179348, 0.000321391533362],
        "dmean2": [0.000182871022844, 0.00282715982758, 0.00291178445332, 0.00428288662806, 0.0031882293988, 0.00237317965366, 0.00100705225486, 0.00125191104598, 0.00175848370418, 0.000494425243232, 0.000265922688413, 0.000337278732331, 0.000284629262751, 0.000188025471289, 0.000150090534589, 0.000139608600875, 0.000182878764463, 7.76425367803e-05, 7.43656128179e-05, 4.28543717135e-05, 5.45615876035e-05, 5.84596200497e-05, 0.000112982444989, 0.000211040533031, 0.000186868157471, 0.000548080308363, 0.000426364509622],
        "dvar": [6.92462407414e-08, 1.92243514903e-05, 1.45325557241e-05, 3.07655282086e-05, 2.46996587521e-05, 3.02158387058e-05, 2.93135758511e-06, 1.33162411657e-05, 8.78318533069e-05, 4.80123503621e-07, 1.26727726979e-07, 3.11766910954e-07, 4.25020544981e-07, 6.92402011282e-08, 5.30478239114e-08, 5.10472801807e-08, 7.38190024663e-08, 4.03685085359e-08, 2.61501398313e-08, 1.38093989577e-08, 5.9715404177e-08, 1.42554457128e-08, 6.6022735723e-08, 2.22161745e-07, 1.60296309559e-07, 1.1886786524e-06, 6.87748524797e-07],
        "dvar2": [1.84788092383e-07, 4.1906205297e-05, 3.67006541637e-05, 7.48808743083e-05, 6.72755631967e-05, 7.38967282814e-05, 7.24569054e-06, 3.21134284604e-05, 0.00022447462834, 1.07803214178e-06, 2.97666190363e-07, 6.90078366006e-07, 1.05184949462e-06, 1.55331022711e-07, 1.18111174174e-07, 1.11039447859e-07, 1.64868225738e-07, 8.64218705487e-08, 6.06608523412e-08, 3.01025195881e-08, 1.74270923026e-07, 3.00451361568e-08, 1.49105289893e-07, 4.23276816264e-07, 2.61970967586e-07, 2.21821255764e-06, 1.34815070396e-06],
        "max": [0.00288485828787, 0.08489497751, 0.123277373612, 0.153051570058, 0.0716503560543, 0.188212573528, 0.0373809561133, 0.112517692149, 0.348696023226, 0.020227715373, 0.00879759900272, 0.0214885435998, 0.0342280343175, 0.00627124030143, 0.00593787338585, 0.00557913864031, 0.00811795797199, 0.0131961563602, 0.0108699202538, 0.00713426945731, 0.0137700103223, 0.00869192369282, 0.00940256752074, 0.0166982710361, 0.0186707861722, 0.0351618267596, 0.0170111618936],
        "mean": [0.000119505479233, 0.00212673470378, 0.00375426840037, 0.00539638660848, 0.00230816192925, 0.00195131101646, 0.000745582277887, 0.000976391078439, 0.00157248857431, 0.000620657054242, 0.00025066229864, 0.000343012157828, 0.000295345089398, 0.000203445248189, 0.000167607751791, 0.000137073613587, 0.000195359956706, 7.81207781984e-05, 8.56907645357e-05, 5.23995258845e-05, 7.46214427636e-05, 9.41814287216e-05, 0.000149854124174, 0.00031914372812, 0.000296095677186, 0.000681633420754, 0.000426038634032],
        "median": [5.57267958357e-06, 0.000250510463957, 0.00154272140935, 0.00218553422019, 0.000746900739614, 0.000543799716979, 0.000140273972647, 0.000151840256876, 9.60578327067e-05, 0.000200768074137, 8.06681200629e-05, 8.18886255729e-05, 6.32732044323e-05, 5.28993114131e-05, 4.95273634442e-05, 3.76389689336e-05, 5.71183481952e-05, 1.40867487062e-05, 1.76673092938e-05, 7.70909537096e-06, 7.89080331742e-06, 1.20169479487e-05, 1.52744833031e-05, 3.13072814606e-05, 2.87401235255e-05, 5.07839140482e-05, 2.23769693548e-05],
        "min": [7.34558481519e-25, 1.5199566818e-23, 1.71889856685e-23, 2.72575518789e-23, 5.00295459873e-23, 5.28808805738e-23, 2.31706433892e-23, 5.93339521051e-23, 3.4571258036e-23, 6.53101477529e-23, 1.26703859858e-22, 6.23910405484e-23, 1.61488056696e-22, 8.89803862197e-23, 6.94129502121e-23, 1.47545299916e-22, 1.32340996778e-22, 2.57380852375e-22, 1.26712202851e-22, 3.27679087538e-22, 4.52646014522e-22, 5.06779543105e-22, 7.16439940025e-22, 7.92529196783e-22, 1.06475936489e-21, 1.84339441135e-21, 2.26976623328e-21],
        "var": [8.83428015186e-08, 2.7382544431e-05, 3.74424125766e-05, 8.71637603268e-05, 2.3541129849e-05, 3.25781402353e-05, 3.64735842595e-06, 2.04022599064e-05, 0.000165954988915, 1.16404294204e-06, 2.13350077161e-07, 6.06291280292e-07, 7.94882851096e-07, 1.52329235448e-07, 1.03592135758e-07, 8.35643945152e-08, 1.47843778109e-07, 8.57507060914e-08, 6.33451904264e-08, 3.37922152482e-08, 1.54194339075e-07, 7.50418607254e-08, 1.84754497923e-07, 7.64946832987e-07, 6.02193892973e-07, 2.6542231808e-06, 1.12987277134e-06]
    },
    "erbbands": {
        "dmean": [0.0630484446883, 0.409299790859, 1.53550553322, 6.883913517, 7.9285492897, 4.6637969017, 9.7654542923, 14.2652730942, 8.46493434906, 10.9864368439, 20.9204330444, 26.1782054901, 11.1678447723, 7.31803846359, 7.4098610878, 9.67666149139, 8.3449420929, 6.52345895767, 5.67349052429, 4.34610652924, 5.55865478516, 5.61540555954, 3.08178424835, 2.6064927578, 2.28415250778, 1.34251272678, 1.66241157055, 1.2255603075, 1.63235962391, 1.61919414997, 2.48396205902, 2.44062852859, 2.99981236458, 1.69477725029, 1.2056787014, 1.2421079874, 0.897802650928, 0.291365683079, 0.0561119355261, 0.00338996457867],
        "dmean2": [0.103619687259, 0.656234383583, 2.39047837257, 10.6213903427, 13.4513750076, 7.62659883499, 15.3668136597, 22.7834224701, 13.4490804672, 17.5310382843, 33.4209747314, 40.2821044922, 16.289440155, 10.9560165405, 11.3946151733, 14.8388967514, 12.6505146027, 9.72149944305, 8.37679862976, 6.40286636353, 8.37554836273, 8.4104757309, 4.55996131897, 3.84719848633, 3.3678278923, 1.87370979786, 2.51486563683, 1.75009131432, 2.33414697647, 2.18139338493, 3.53722023964, 3.29435014725, 4.12690639496, 2.17726397514, 1.54215884209, 1.63131666183, 1.19339430332, 0.386000096798, 0.0750230774283, 0.00459078792483],
        "dvar": [0.0229156110436, 1.21680808067, 12.1999101639, 175.01751709, 550.808898926, 100.212226868, 681.630371094, 3252.56445312, 619.124206543, 1110.97045898, 14178.4794922, 51956.7773438, 953.121948242, 224.125213623, 217.017822266, 678.696655273, 724.686889648, 255.135375977, 164.067962646, 113.441474915, 155.519683838, 160.934112549, 123.945663452, 59.3823661804, 93.1527099609, 16.4502811432, 209.147766113, 23.3028202057, 27.8086032867, 22.5142192841, 68.4537887573, 45.9474906921, 100.280601501, 23.2653064728, 10.6869621277, 10.1239881516, 5.86798429489, 0.545216083527, 0.0213742945343, 8.00077759777e-05],
        "dvar2": [0.0653860196471, 2.74911308289, 31.0886535645, 400.95324707, 1506.18603516, 258.358459473, 1615.68554688, 8414.04199219, 1479.29541016, 2761.29003906, 33805.2851562, 128971.867188, 2286.42871094, 512.703186035, 493.341033936, 1538.20202637, 1716.35522461, 563.643249512, 364.4637146, 246.096450806, 343.573364258, 343.73425293, 254.906585693, 133.481079102, 220.90411377, 33.5407905579, 613.84967041, 58.2492637634, 68.206413269, 49.3888931274, 156.936065674, 85.4998092651, 198.243667603, 42.6542549133, 18.4104537964, 18.2724151611, 11.488243103, 1.03724384308, 0.0424547642469, 0.000162439508131],
        "max": [2.29751729965, 19.1530723572, 90.7984390259, 405.983032227, 289.795043945, 164.676849365, 734.48614502, 1836.01196289, 712.324645996, 843.909973145, 5007.95263672, 8991.27832031, 1590.03588867, 310.71963501, 329.990936279, 1020.58172607, 998.108520508, 960.638061523, 313.638092041, 252.104431152, 285.456787109, 517.659973145, 777.291503906, 201.027435303, 738.030761719, 141.50793457, 850.498535156, 242.774856567, 416.092193604, 315.16305542, 261.270233154, 271.737976074, 332.502655029, 245.61491394, 142.412734985, 95.1685714722, 86.44190979, 19.8000431061, 3.2607820034, 0.16813325882],
        "mean": [0.0640842393041, 0.488212287426, 2.8479821682, 15.5022592545, 9.74117279053, 6.5479259491, 13.1789121628, 16.0170574188, 11.3274078369, 13.6106548309, 29.3971996307, 38.5759124756, 20.3178272247, 12.5081529617, 12.2550678253, 15.6563920975, 13.9740409851, 11.4451112747, 9.61631393433, 7.12361907959, 9.38791179657, 9.44098472595, 5.01451730728, 4.37151622772, 4.13212251663, 2.51727557182, 3.14126014709, 2.45256400108, 3.35578918457, 3.41543245316, 4.61714172363, 4.98681545258, 5.97535514832, 3.37161779404, 2.2959690094, 2.14381670952, 1.38195955753, 0.417676150799, 0.0741217955947, 0.00435711350292],
        "median": [0.0054276525043, 0.0887697041035, 1.19735729694, 6.93880367279, 3.05802345276, 2.40384578705, 4.00033569336, 4.19483089447, 2.88495707512, 2.580493927, 2.93818616867, 2.82396697998, 5.11690378189, 5.02972364426, 4.84195518494, 4.14234304428, 3.52438497543, 3.21578359604, 3.34789896011, 2.16023445129, 3.02427530289, 2.91530990601, 1.09812259674, 0.920005440712, 0.675118744373, 0.440341025591, 0.261271625757, 0.370359301567, 0.403581351042, 0.394014775753, 0.46891862154, 0.500172376633, 0.560025393963, 0.344016075134, 0.204400613904, 0.173152208328, 0.0956727862358, 0.02763864398, 0.00402604881674, 0.000219098947127],
        "min": [7.1470328483e-22, 2.60052983007e-21, 1.73585499443e-20, 5.4431469911e-20, 1.00571901747e-19, 1.66131031773e-19, 3.56219514682e-19, 5.08651143042e-19, 2.56814092695e-19, 8.56129452451e-19, 1.25978769771e-18, 9.3777600462e-19, 2.12258515648e-18, 1.64220642639e-18, 5.44666049245e-18, 4.08913964761e-18, 6.64666133325e-18, 4.52214925953e-18, 4.57449366229e-18, 5.01722967744e-18, 7.89232461181e-18, 8.157655201e-18, 1.31892186777e-17, 6.25765566196e-18, 1.0910825781e-17, 1.4909915652e-17, 1.42058641824e-17, 2.11545122001e-17, 1.51744794448e-17, 1.75679629431e-17, 2.44168777944e-17, 1.70069558168e-17, 1.31770260355e-17, 1.19427857076e-17, 8.22686953875e-18, 6.6097790041e-18, 3.61389667514e-18, 1.34648273996e-18, 2.92830234499e-19, 3.33395598254e-20],
        "var": [0.0255230460316, 1.48532366753, 20.9935188293, 636.187194824, 469.924957275, 133.243377686, 916.025146484, 2907.98706055, 791.785766602, 1480.66003418, 30311.3359375, 106027.164062, 2175.80395508, 486.713623047, 425.744598389, 1277.2154541, 1392.35046387, 622.82232666, 302.631591797, 203.703231812, 297.14541626, 353.859161377, 303.196960449, 123.333618164, 284.999206543, 53.0389823914, 422.038543701, 65.5754165649, 106.888908386, 105.521324158, 179.326599121, 200.174377441, 302.790802002, 79.2581329346, 35.119594574, 26.5010261536, 11.8134717941, 1.01581406593, 0.0345207639039, 0.00012298427464]
    },
    "gfcc": {
        "mean": [-43.3048973083, 76.9559402466, -70.7813949585, -2.22978019714, -40.0114860535, 7.94853925705, -41.8565444946, -0.523527503014, -26.3990325928, -10.0268983841, -20.9880981445, -1.85263359547, -15.5774393082],
        "cov": [[13844.1289062, -4938.62109375, 1818.64172363, -189.249160767, -160.398880005, 550.867675781, 117.222091675, 288.207000732, -28.6904087067, 489.964630127, -121.112243652, 174.779830933, -366.674865723], [-4938.62109375, 3669.65185547, -1394.24816895, 102.385620117, 211.410018921, -346.339904785, -3.59299516678, -49.5831680298, 98.9532699585, -279.343658447, 84.8839492798, -138.753158569, 247.868392944], [1818.64172363, -1394.24816895, 1836.4128418, 262.807617188, 25.2952251434, 380.376037598, 119.429229736, 74.9014282227, 60.1647605896, 117.916137695, -47.2186431885, 28.8120689392, -154.513168335], [-189.249160767, 102.385620117, 262.807617188, 435.495483398, 90.6180038452, 149.745346069, 74.2186126709, 37.1436805725, 23.4161338806, 3.63312840462, -2.2483215332, -32.6991920471, -9.25464725494], [-160.398880005, 211.410018921, 25.2952251434, 90.6180038452, 288.192810059, 115.048019409, 52.1210784912, 1.3690943718, 8.7740688324, -29.4915008545, -10.2355308533, -4.33899354935, 2.86092543602], [550.867675781, -346.339904785, 380.376037598, 149.745346069, 115.048019409, 307.278839111, 99.3313369751, 26.694196701, -7.67031526566, 25.4341564178, -13.2369537354, 18.9369468689, -38.0146064758], [117.222091675, -3.59299516678, 119.429229736, 74.2186126709, 52.1210784912, 99.3313369751, 137.233352661, 49.3096656799, 8.35399150848, -2.294069767, -9.93363666534, -16.428527832, -7.54292154312], [288.207000732, -49.5831680298, 74.9014282227, 37.1436805725, 1.3690943718, 26.694196701, 49.3096656799, 125.393356323, 54.1356201172, 11.9279651642, -10.6311483383, 4.09444236755, -6.54498529434], [-28.6904087067, 98.9532699585, 60.1647605896, 23.4161338806, 8.7740688324, -7.67031526566, 8.35399150848, 54.1356201172, 95.5389251709, 27.6696071625, 8.47747707367, -1.40420675278, 11.1890459061], [489.964630127, -279.343658447, 117.916137695, 3.63312840462, -29.4915008545, 25.4341564178, -2.294069767, 11.9279651642, 27.6696071625, 105.237792969, 36.1152915955, 21.0577812195, -19.6207485199], [-121.112243652, 84.8839492798, -47.2186431885, -2.2483215332, -10.2355308533, -13.2369537354, -9.93363666534, -10.6311483383, 8.47747707367, 36.1152915955, 87.6401443481, 35.5942993164, 11.7768115997], [174.779830933, -138.753158569, 28.8120689392, -32.6991920471, -4.33899354935, 18.9369468689, -16.428527832, 4.09444236755, -1.40420675278, 21.0577812195, 35.5942993164, 83.0283126831, 28.9692325592], [-366.674865723, 247.868392944, -154.513168335, -9.25464725494, 2.86092543602, -38.0146064758, -7.54292154312, -6.54498529434, 11.1890459061, -19.6207485199, 11.7768115997, 28.9692325592, 89.7786560059]],
        "icov": [[0.000154629015015, 0.000184971751878, 1.71903357113e-05, 7.46286168578e-05, -8.4602899733e-05, -3.67792417819e-05, -1.13460382636e-05, -0.0003015032853, 7.64606811572e-05, -0.000285273388727, 7.65580189181e-05, 5.67449424125e-05, 2.20923866436e-05], [0.000184971751878, 0.0011180912843, 0.000397215015255, -0.000191028331756, -0.000548667274415, 0.000245590752456, -0.000205732241739, 2.30266005019e-06, -0.00138893106487, 0.00181880278978, -0.00188859854825, 0.00194417161401, -0.00137216772418], [1.71903357113e-05, 0.000397215015255, 0.00118693476543, -0.000528538483195, 0.000231510697631, -0.000673522881698, -0.000490616075695, 0.000735851412173, -0.0018022506265, 0.000527214782778, 0.000290911761113, -0.000667193962727, 0.00119864952285], [7.46286168578e-05, -0.000191028331756, -0.000528538483195, 0.00348258810118, -0.000365655549103, -0.0015630380949, 0.000346188957337, -0.00127769075334, 0.000759894086514, -0.000586128735449, -0.00101455650292, 0.00262135779485, -0.00136823521461], [-8.4602899733e-05, -0.000548667274415, 0.000231510697631, -0.000365655549103, 0.00506313843653, -0.00217421725392, -0.000727442267817, 0.00136974814814, -0.00143001438119, 0.00102861074265, 0.00107060465962, -0.00159975595307, 0.00126557506155], [-3.67792417819e-05, 0.000245590752456, -0.000673522881698, -0.0015630380949, -0.00217421725392, 0.0077761602588, -0.00397271104157, 0.000899353821296, 0.00107131514233, -0.000775345601141, 0.0013183549745, -0.00352231855504, 0.00160581164528], [-1.13460382636e-05, -0.000205732241739, -0.000490616075695, 0.000346188957337, -0.000727442267817, -0.00397271104157, 0.0130281532183, -0.00605532387272, 0.00318058626726, -0.000104986465885, -0.00224193744361, 0.00593578023836, -0.00333341909572], [-0.0003015032853, 2.30266005019e-06, 0.000735851412173, -0.00127769075334, 0.00136974814814, 0.000899353821296, -0.00605532387272, 0.0156278014183, -0.0101667810231, 0.00237467791885, 0.00327158533037, -0.0058306735009, 0.00410297140479], [7.64606811572e-05, -0.00138893106487, -0.0018022506265, 0.000759894086514, -0.00143001438119, 0.00107131514233, 0.00318058626726, -0.0101667810231, 0.021692218259, -0.00886654760689, 0.000464570475742, 0.00327972928062, -0.00461167749017], [-0.000285273388727, 0.00181880278978, 0.000527214782778, -0.000586128735449, 0.00102861074265, -0.000775345601141, -0.000104986465885, 0.00237467791885, -0.00886654760689, 0.0209165159613, -0.010286710225, 0.0019770343788, 0.000851219811011], [7.65580189181e-05, -0.00188859854825, 0.000290911761113, -0.00101455650292, 0.00107060465962, 0.0013183549745, -0.00224193744361, 0.00327158533037, 0.000464570475742, -0.010286710225, 0.023019252345, -0.0138918571174, 0.00565416878089], [5.67449424125e-05, 0.00194417161401, -0.000667193962727, 0.00262135779485, -0.00159975595307, -0.00352231855504, 0.00593578023836, -0.0058306735009, 0.00327972928062, 0.0019770343788, -0.0138918571174, 0.0293662399054, -0.0150108663365], [2.20923866436e-05, -0.00137216772418, 0.00119864952285, -0.00136823521461, 0.00126557506155, 0.00160581164528, -0.00333341909572, 0.00410297140479, -0.00461167749017, 0.000851219811011, 0.00565416878089, -0.0150108663365, 0.0224603842944]]
    },
    "melbands": {
        "dmean": [0.000488168152515, 0.000696883595083, 0.00115363125224, 0.000438243267126, 0.000298471219139, 0.000302689557429, 0.000126990882563, 0.000125210965052, 0.000194529362489, 0.000150077408762, 5.28988421138e-05, 3.12755728373e-05, 2.38946231548e-05, 2.52258705586e-05, 2.39411619987e-05, 1.52202364916e-05, 1.28449219119e-05, 9.49922559812e-06, 7.51734705773e-06, 6.17483237875e-06, 7.23256334823e-06, 7.11521443009e-06, 3.78833647119e-06, 2.53290477303e-06, 2.22552375817e-06, 2.14639567275e-06, 1.3257279079e-06, 8.05617901278e-07, 1.15662953704e-06, 7.45868931062e-07, 8.07468381936e-07, 1.0228584415e-06, 9.20309048524e-07, 9.60286456575e-07, 1.30942817123e-06, 1.73573948814e-06, 1.56027158482e-06, 2.08780443245e-06, 2.20481456381e-06, 1.29857062348e-06],
        "dmean2": [0.000779649242759, 0.00105639558751, 0.00181323534343, 0.000739098875783, 0.000466062163468, 0.000476655201055, 0.000202657989576, 0.00019821251044, 0.000310103554511, 0.000231371886912, 7.76122615207e-05, 4.7263551096e-05, 3.73088369088e-05, 3.86520150641e-05, 3.66498643416e-05, 2.30346704484e-05, 1.93992764252e-05, 1.4218954675e-05, 1.10796499939e-05, 9.48115666688e-06, 1.10652472358e-05, 1.08904077933e-05, 5.70247811993e-06, 3.84901204598e-06, 3.34110836775e-06, 3.2346270018e-06, 1.953836545e-06, 1.11990061669e-06, 1.82060205134e-06, 1.10888379368e-06, 1.18672073768e-06, 1.53732617036e-06, 1.2758127923e-06, 1.33795651891e-06, 1.86821841908e-06, 2.54872838923e-06, 2.13578277908e-06, 2.94027336167e-06, 3.09294341605e-06, 1.71098963619e-06],
        "dvar": [1.39600876992e-06, 2.52888662544e-06, 5.80474625167e-06, 1.64271227732e-06, 5.73865065689e-07, 1.36805317652e-06, 1.29791601466e-07, 1.56942704166e-07, 1.63267407061e-06, 1.71077272171e-06, 1.77882082397e-08, 4.16707424122e-09, 2.40303354992e-09, 3.95976451628e-09, 5.88976467597e-09, 2.5474171661e-09, 8.9427715233e-10, 4.68322547409e-10, 2.95143853801e-10, 2.6942306719e-10, 2.62852961619e-10, 2.76005052147e-10, 1.42795414382e-10, 1.42975895012e-10, 4.46692821621e-11, 7.28068647038e-11, 4.52016792052e-11, 5.83131633258e-12, 1.07021363993e-10, 1.9365635831e-11, 1.38854544182e-11, 1.39075582647e-11, 6.19461600071e-12, 9.75840935835e-12, 1.54786617551e-11, 3.72926758918e-11, 1.87951616076e-11, 4.22653127774e-11, 7.11679534748e-11, 1.33454748988e-11],
        "dvar2": [3.34660762746e-06, 5.96906966166e-06, 1.43400993693e-05, 4.48370337836e-06, 1.34734978019e-06, 3.48137450601e-06, 3.10576439233e-07, 3.84396344089e-07, 3.93058780901e-06, 4.23058054366e-06, 4.23513419889e-08, 9.64902824308e-09, 5.57172130655e-09, 9.35504385069e-09, 1.4089220457e-08, 5.99450622474e-09, 1.9943566798e-09, 1.05757780311e-09, 6.55571097408e-10, 5.9345411918e-10, 6.01045158088e-10, 6.03980199188e-10, 3.09873765536e-10, 2.74765404873e-10, 1.02742640784e-10, 1.72771782991e-10, 1.02128722146e-10, 1.1659575215e-11, 3.16704551473e-10, 5.50277531874e-11, 3.56712784311e-11, 3.7113465079e-11, 1.26242462664e-11, 2.2199915517e-11, 3.45964853987e-11, 8.85247986027e-11, 3.54346552101e-11, 8.05342320609e-11, 1.52508811135e-10, 2.4813769095e-11],
        "max": [0.0228445474058, 0.0368142202497, 0.0611130036414, 0.0192591063678, 0.0213607847691, 0.0382109470665, 0.0102954469621, 0.0107198609039, 0.0508408024907, 0.0595995225012, 0.00513414572924, 0.00129307131283, 0.00113162666094, 0.00255042384379, 0.00328187528066, 0.00352684245445, 0.00144878344145, 0.000522556540091, 0.000542367226444, 0.000518755055964, 0.000458573456854, 0.000743818993215, 0.000575020501856, 0.000992542947643, 0.000200260430574, 0.000694023678079, 0.000475701643154, 0.000101337413071, 0.00057530158665, 0.000304825458443, 0.000198511494091, 0.000303243752569, 0.000168057755218, 0.000226187577937, 0.000136626869789, 0.000173821506905, 0.00016798665456, 0.000314896402415, 0.000349914829712, 0.000209529083804],
        "mean": [0.000581113388762, 0.00125070370268, 0.00239169877023, 0.000532413600013, 0.000418262992753, 0.000354332209099, 0.000167790873093, 0.000152864566189, 0.000280077889329, 0.000217044886085, 9.4482464192e-05, 5.08434786752e-05, 3.69670597138e-05, 4.05720056733e-05, 3.82384932891e-05, 2.47822226811e-05, 2.12237973756e-05, 1.52242255353e-05, 1.21346865853e-05, 8.78574610397e-06, 1.17548497656e-05, 1.13686292025e-05, 5.67025153941e-06, 3.71727492166e-06, 3.4252052501e-06, 3.49603192262e-06, 2.25845474233e-06, 1.38095379043e-06, 1.97304689209e-06, 1.47960724917e-06, 1.40820759498e-06, 1.88813976365e-06, 1.94220797312e-06, 1.8218098603e-06, 2.35668926507e-06, 3.13942291541e-06, 3.04378249893e-06, 4.04665615861e-06, 4.07917377743e-06, 2.48652304435e-06],
        "median": [5.8713114413e-05, 0.000488903489895, 0.00107713846955, 0.000163094809977, 0.00014582904987, 9.72772977548e-05, 4.12821536884e-05, 2.95627614832e-05, 2.21164918912e-05, 1.60305935424e-05, 2.48268279393e-05, 1.90557911992e-05, 1.27989305838e-05, 1.16343780974e-05, 8.90357023309e-06, 5.85110865359e-06, 5.19211153005e-06, 5.07078129885e-06, 3.24404959429e-06, 2.25318581215e-06, 3.51286371369e-06, 3.31798810294e-06, 1.15305977033e-06, 6.39704353489e-07, 6.90739682341e-07, 5.86185819884e-07, 2.94690210012e-07, 2.59510215983e-07, 1.4906001411e-07, 1.55154140202e-07, 2.13788950987e-07, 2.02499222723e-07, 2.57085304156e-07, 1.80419377216e-07, 2.51570639875e-07, 2.80642041162e-07, 2.94297223036e-07, 4.03040871788e-07, 3.32122851887e-07, 2.61095294718e-07],
        "min": [4.7758660777e-24, 6.68825621072e-24, 1.15237771334e-23, 8.4422860669e-24, 1.23714200089e-23, 1.0605705545e-23, 3.91778302247e-24, 9.95108746663e-24, 1.02025581794e-23, 5.32202998112e-24, 1.04838580896e-23, 5.52892374187e-24, 1.61565907801e-23, 7.46974442192e-24, 2.13322882466e-23, 1.12312540991e-23, 7.90696821206e-24, 7.41328959124e-24, 5.53212612272e-24, 9.16415848177e-24, 9.26262173338e-24, 7.02892815922e-24, 1.46228321879e-23, 9.40172709882e-24, 4.30242647226e-24, 4.73572844041e-24, 1.25827053583e-23, 8.81777123601e-24, 7.69686378742e-24, 1.1245529326e-23, 1.22149249937e-23, 7.42950936031e-24, 1.0857124193e-23, 9.00410728157e-24, 1.39606465668e-23, 1.21127469961e-23, 1.00853744697e-23, 7.60477926509e-24, 1.26004050305e-23, 8.91469778657e-24],
        "var": [1.98342809199e-06, 4.24935751653e-06, 1.45504764077e-05, 1.49335073729e-06, 7.91346565165e-07, 1.29470083721e-06, 1.67949707475e-07, 2.14176040458e-07, 3.550554311e-06, 3.39908388014e-06, 3.95202057746e-08, 8.70938521302e-09, 4.31059277162e-09, 6.99629332246e-09, 1.04771809006e-08, 5.41533262677e-09, 2.08939687774e-09, 8.13333844718e-10, 5.91184101673e-10, 4.05024153105e-10, 4.89356610789e-10, 5.75645475731e-10, 2.6957833188e-10, 3.01249830637e-10, 8.1906488536e-11, 1.80759560098e-10, 1.13541016866e-10, 1.31927758648e-11, 1.85131160402e-10, 5.26197037332e-11, 2.43446200698e-11, 4.005671142e-11, 2.93661275852e-11, 3.5530474396e-11, 4.20636789289e-11, 9.18969483843e-11, 7.46563852405e-11, 1.32274552422e-10, 1.70942149325e-10, 4.43204570266e-11]
    },
    "mfcc": {
        "mean": [-711.218261719, 134.536560059, 21.9065265656, 2.45229625702, 17.6697101593, 2.20992159843, -1.94926309586, 3.19486427307, -3.10960912704, -6.74188423157, -6.94130992889, -4.71235275269, -5.19476556778],
        "cov": [[11437.2050781, -2831.3503418, 564.908508301, -399.007385254, -15.7760791779, 70.0978622437, 173.203109741, 23.607673645, 30.6978607178, 254.47026062, 246.311325073, 125.339126587, 119.751075745], [-2831.3503418, 2223.54492188, -798.132202148, 165.246292114, 17.5755081177, -141.470977783, -95.8678512573, 27.3763389587, 47.4233131409, -69.1084442139, -76.2113113403, -61.8048706055, -78.6447067261], [564.908508301, -798.132202148, 1322.63317871, 129.635421753, 152.949188232, 211.364044189, 121.738960266, 100.550521851, 57.1573219299, 137.003067017, 73.8766479492, 60.5724258423, 95.7974395752], [-399.007385254, 165.246292114, 129.635421753, 294.249938965, 90.9823684692, 57.8309249878, 44.4722900391, 47.3715057373, 54.0168151855, 47.8453407288, 14.2507381439, 7.95374488831, 2.03745269775], [-15.7760791779, 17.5755081177, 152.949188232, 90.9823684692, 230.809295654, 138.60508728, 68.6414794922, 76.0670471191, 46.7391662598, 28.7878780365, 13.491104126, 14.5494556427, 25.7268333435], [70.0978622437, -141.470977783, 211.364044189, 57.8309249878, 138.60508728, 245.704818726, 140.604293823, 57.4962120056, 32.8191146851, 27.2435665131, 12.9465055466, 24.0889835358, 28.4204082489], [173.203109741, -95.8678512573, 121.738960266, 44.4722900391, 68.6414794922, 140.604293823, 163.98576355, 80.2541046143, 24.6156177521, 31.017326355, 15.5205106735, 14.8876190186, 22.4241104126], [23.607673645, 27.3763389587, 100.550521851, 47.3715057373, 76.0670471191, 57.4962120056, 80.2541046143, 136.728759766, 72.9821472168, 31.136100769, 9.74233627319, 9.86910438538, 13.3033428192], [30.6978607178, 47.4233131409, 57.1573219299, 54.0168151855, 46.7391662598, 32.8191146851, 24.6156177521, 72.9821472168, 113.031265259, 55.096496582, 3.23948717117, -3.36988282204, -0.389428704977], [254.47026062, -69.1084442139, 137.003067017, 47.8453407288, 28.7878780365, 27.2435665131, 31.017326355, 31.136100769, 55.096496582, 108.684646606, 46.4857521057, 5.74025440216, 14.4086961746], [246.311325073, -76.2113113403, 73.8766479492, 14.2507381439, 13.491104126, 12.9465055466, 15.5205106735, 9.74233627319, 3.23948717117, 46.4857521057, 84.4206771851, 44.2342567444, 12.1224184036], [125.339126587, -61.8048706055, 60.5724258423, 7.95374488831, 14.5494556427, 24.0889835358, 14.8876190186, 9.86910438538, -3.36988282204, 5.74025440216, 44.2342567444, 77.4870223999, 32.7172431946], [119.751075745, -78.6447067261, 95.7974395752, 2.03745269775, 25.7268333435, 28.4204082489, 22.4241104126, 13.3033428192, -0.389428704977, 14.4086961746, 12.1224184036, 32.7172431946, 69.4338150024]],
