{
"lowlevel": {
    "average_loudness": 0.937463581562,
    "barkbands_crest": {
        "dmean": 2.50245594978,
        "dmean2": 3.9300673008,
        "dvar": 5.57316160202,
        "dvar2": 13.5500087738,
        "max": 26.7481899261,
        "mean": 11.181476593,
        "median": 10.3898677826,
        "min": 2.33641004562,
        "var": 21.6398143768
    },
    "barkbands_flatness_db": {
        "dmean": 0.0240863990039,
        "dmean2": 0.0338884182274,
        "dvar": 0.000569714873563,
        "dvar2": 0.00109749357216,
        "max": 0.440953701735,
        "mean": 0.150368958712,
        "median": 0.141559511423,
        "min": 0.0264056064188,
        "var": 0.00402499968186
    },
    "barkbands_kurtosis": {
        "dmean": 3.50411725044,
        "dmean2": 5.41771221161,
        "dvar": 83.6270217896,
        "dvar2": 181.778381348,
        "max": 323.918304443,
        "mean": 5.3471364975,
        "median": 1.45431566238,
        "min": -1.96633660793,
        "var": 240.425949097
    },
    "barkbands_skewness": {
        "dmean": 0.591361701488,
        "dmean2": 0.889159798622,
        "dvar": 0.492249876261,
        "dvar2": 1.08905637264,
        "max": 14.15666008,
        "mean": 1.35843002796,
        "median": 1.10531115532,
        "min": -4.4875998497,
        "var": 2.11836624146
    },
    "barkbands_spread": {
        "dmean": 6.61694765091,
        "dmean2": 9.97296333313,
        "dvar": 75.4894638062,
        "dvar2": 157.968811035,
        "max": 106.092086792,
        "mean": 22.6242618561,
        "median": 18.9599761963,
        "min": 0.191589966416,
        "var": 265.447753906
    },
    "dissonance": {
        "dmean": 0.0257362574339,
        "dmean2": 0.0425086803734,
        "dvar": 0.000717083574273,
        "dvar2": 0.00184777623508,
        "max": 0.500000119209,
        "mean": 0.448544174433,
        "median": 0.462776452303,
        "min": 0.170151442289,
        "var": 0.00211140792817
    },
    "dynamic_complexity": 3.13279676437,
    "erbbands_crest": {
        "dmean": 2.96061587334,
        "dmean2": 4.64253330231,
        "dvar": 7.47502946854,
        "dvar2": 17.3573436737,
        "max": 34.500793457,
        "mean": 11.6536922455,
        "median": 10.3236494064,
        "min": 2.44047451019,
        "var": 32.7379760742
    },
    "erbbands_flatness_db": {
        "dmean": 0.0213528014719,
        "dmean2": 0.0302758812904,
        "dvar": 0.000420443626354,
        "dvar2": 0.00080346694449,
        "max": 0.471363663673,
        "mean": 0.179534569383,
        "median": 0.173385962844,
        "min": 0.0382641218603,
        "var": 0.00319111905992
    },
    "erbbands_kurtosis": {
        "dmean": 2.008705616,
        "dmean2": 3.07072997093,
        "dvar": 18.6124172211,
        "dvar2": 40.2247657776,
        "max": 196.604049683,
        "mean": 2.56851172447,
        "median": 0.779014110565,
        "min": -1.89097929001,
        "var": 44.6557769775
    },
    "erbbands_skewness": {
        "dmean": 0.491207242012,
        "dmean2": 0.723997712135,
        "dvar": 0.260099023581,
        "dvar2": 0.544443964958,
        "max": 9.42605018616,
        "mean": 0.6697691679,
        "median": 0.605972886086,
        "min": -6.29749584198,
        "var": 1.35794496536
    },
    "erbbands_spread": {
        "dmean": 9.586977005,
        "dmean2": 14.5428800583,
        "dvar": 130.729660034,
        "dvar2": 289.606384277,
        "max": 161.011184692,
        "mean": 34.1961174011,
        "median": 29.0146713257,
        "min": 0.592528939247,
        "var": 491.958557129
    },
    "hfc": {
        "dmean": 8.54614543915,
        "dmean2": 12.3669366837,
        "dvar": 208.154052734,
        "dvar2": 407.604797363,
        "max": 358.223022461,
        "mean": 27.7087841034,
        "median": 23.1781826019,
        "min": 1.20969619167e-16,
        "var": 664.821716309
    },
    "melbands_crest": {
        "dmean": 3.00161147118,
        "dmean2": 4.73717737198,
        "dvar": 7.63727664948,
        "dvar2": 18.5953979492,
        "max": 34.9466667175,
        "mean": 14.9305400848,
        "median": 14.2469787598,
        "min": 3.11816215515,
        "var": 31.7893352509
    },
    "melbands_flatness_db": {
        "dmean": 0.0305524840951,
        "dmean2": 0.0421566329896,
        "dvar": 0.000955209834501,
        "dvar2": 0.00182049511932,
        "max": 0.582096159458,
        "mean": 0.21484182775,
        "median": 0.202718749642,
        "min": 0.00789910368621,
        "var": 0.00691207079217
    },
    "melbands_kurtosis": {
        "dmean": 7.9814915657,
        "dmean2": 12.4337978363,
        "dvar": 384.793060303,
        "dvar2": 913.367858887,
        "max": 703.58416748,
        "mean": 14.0517177582,
        "median": 5.36446475983,
        "min": -1.86660969257,
        "var": 926.817016602
    },
    "melbands_skewness": {
        "dmean": 0.777571678162,
        "dmean2": 1.18220710754,
        "dvar": 0.944848537445,
        "dvar2": 2.1488776207,
        "max": 20.6165046692,
        "mean": 2.26123070717,
        "median": 1.82393705845,
        "min": -2.97886323929,
        "var": 3.95024013519
    },
    "melbands_spread": {
        "dmean": 8.36426544189,
        "dmean2": 12.5415296555,
        "dvar": 180.508560181,
        "dvar2": 364.547241211,
        "max": 245.99822998,
        "mean": 25.9991359711,
        "median": 20.7332363129,
        "min": 0.307471036911,
        "var": 533.192687988
    },
    "pitch_salience": {
        "dmean": 0.0685221031308,
        "dmean2": 0.107393279672,
        "dvar": 0.0040102628991,
        "dvar2": 0.00981301441789,
        "max": 0.917073607445,
        "mean": 0.519938409328,
        "median": 0.516978263855,
        "min": 0.0558157488704,
        "var": 0.015380945988
    },
    "silence_rate_20dB": {
        "dmean": 0,
        "dmean2": 0,
        "dvar": 0,
        "dvar2": 0,
        "max": 1,
        "mean": 1,
        "median": 1,
        "min": 1,
        "var": 0
    },
    "silence_rate_30dB": {
        "dmean": 0,
        "dmean2": 0,
        "dvar": 0,
        "dvar2": 0,
        "max": 1,
        "mean": 1,
        "median": 1,
        "min": 1,
        "var": 0
    },
    "silence_rate_60dB": {
        "dmean": 0.00827472098172,
        "dmean2": 0.0165505819023,
        "dvar": 0.00820644851774,
        "dvar2": 0.0184841509908,
        "max": 1,
        "mean": 0.0463352426887,
        "median": 0,
        "min": 0,
        "var": 0.0441883392632
    },
    "spectral_centroid": {
        "dmean": 279.730804443,
        "dmean2": 413.988952637,
        "dvar": 132121.890625,
        "dvar2": 244585.8125,
        "max": 11934.0146484,
        "mean": 1324.50109863,
        "median": 1187.0213623,
        "min": 116.462387085,
        "var": 515124.375
    },
    "spectral_complexity": {
        "dmean": 4.05199289322,
        "dmean2": 6.03434228897,
        "dvar": 23.2861919403,
        "dvar2": 44.2708091736,
        "max": 58,
        "mean": 17.1385231018,
        "median": 16,
        "min": 0,
        "var": 96.9354171753
    },
    "spectral_decrease": {
        "dmean": 1.48754697449e-09,
        "dmean2": 2.33005414962e-09,
        "dvar": 3.63848006936e-18,
        "dvar2": 9.08443993983e-18,
        "max": -4.79469227267e-29,
        "mean": -7.10718328634e-09,
        "median": -7.0429058141e-09,
        "min": -3.18130481958e-08,
        "var": 1.27157438038e-17
    },
    "spectral_energy": {
        "dmean": 0.00605514226481,
        "dmean2": 0.00940556358546,
        "dvar": 5.61151173315e-05,
        "dvar2": 0.00013785592455,
        "max": 0.121218495071,
        "mean": 0.0293373800814,
        "median": 0.0291235167533,
        "min": 1.11532510153e-20,
        "var": 0.000212705388549
    },
    "spectral_energyband_high": {
        "dmean": 0.000750972772948,
        "dmean2": 0.0010658724932,
        "dvar": 3.83725455322e-06,
        "dvar2": 7.13647705197e-06,
        "max": 0.053753182292,
        "mean": 0.00141812907532,
        "median": 0.000458913418697,
        "min": 7.90419866026e-21,
        "var": 9.92634613795e-06
    },
    "spectral_energyband_low": {
        "dmean": 0.0032583810389,
        "dmean2": 0.00523665687069,
        "dvar": 4.87637553306e-05,
        "dvar2": 0.000128084779135,
        "max": 0.118049956858,
        "mean": 0.00812871009111,
        "median": 0.00649240007624,
        "min": 1.26359058222e-22,
        "var": 7.96980821178e-05
    },
    "spectral_energyband_middle_high": {
        "dmean": 0.00282842619345,
        "dmean2": 0.00439852802083,
        "dvar": 2.00526919798e-05,
        "dvar2": 4.86871431349e-05,
        "max": 0.0846923366189,
        "mean": 0.00759012531489,
        "median": 0.00464491266757,
        "min": 1.64867021845e-21,
        "var": 7.38262533559e-05
    },
    "spectral_energyband_middle_low": {
        "dmean": 0.00367660727352,
        "dmean2": 0.00565728358924,
        "dvar": 2.08530891541e-05,
        "dvar2": 4.92421968374e-05,
        "max": 0.0881586745381,
        "mean": 0.0128571102396,
        "median": 0.00974394194782,
        "min": 4.74225159434e-22,
        "var": 0.000131376611535
    },
    "spectral_entropy": {
        "dmean": 0.215273469687,
        "dmean2": 0.295719742775,
        "dvar": 0.0532635785639,
        "dvar2": 0.0937857851386,
        "max": 9.78427600861,
        "mean": 7.49057483673,
        "median": 7.56784772873,
        "min": 4.39233064651,
        "var": 0.342630416155
    },
    "spectral_flux": {
        "dmean": 0.0218123886734,
        "dmean2": 0.0342440977693,
        "dvar": 0.000589236035012,
        "dvar2": 0.00130989472382,
        "max": 0.322561085224,
        "mean": 0.0796177983284,
        "median": 0.0762962251902,
        "min": 1.05608952139e-10,
        "var": 0.00160072557628
    },
    "spectral_kurtosis": {
        "dmean": 2.04608130455,
        "dmean2": 3.1837451458,
        "dvar": 9.03251743317,
        "dvar2": 21.0421466827,
        "max": 59.8570823669,
        "mean": 4.85298776627,
        "median": 3.28577804565,
        "min": -1.18008232117,
        "var": 29.1302261353
    },
    "spectral_rms": {
        "dmean": 0.000553182908334,
        "dmean2": 0.000845855334774,
        "dvar": 3.86060747815e-07,
        "dvar2": 8.96641381587e-07,
        "max": 0.0108748311177,
        "mean": 0.00511784246191,
        "median": 0.00533040240407,
        "min": 3.29866949728e-12,
        "var": 2.42955252361e-06
    },
    "spectral_rolloff": {
        "dmean": 574.617126465,
        "dmean2": 970.475463867,
        "dvar": 1281720,
        "dvar2": 2831142.5,
        "max": 18690.8203125,
        "mean": 1594.20373535,
        "median": 1076.66015625,
        "min": 64.599609375,
        "var": 2657884
    },
    "spectral_skewness": {
        "dmean": 0.294983804226,
        "dmean2": 0.433047682047,
        "dvar": 0.106272153556,
        "dvar2": 0.215381085873,
        "max": 6.46978998184,
        "mean": 1.59387493134,
        "median": 1.48676121235,
        "min": -0.45643851161,
        "var": 0.51590359211
    },
    "spectral_spread": {
        "dmean": 692773.125,
        "dmean2": 988661.75,
        "dvar": 669287448576,
        "dvar2": 1.20993939456e+12,
        "max": 39757756,
        "mean": 4833121.5,
        "median": 4615762.5,
        "min": 1223443.125,
        "var": 3.23378374246e+12
    },
    "spectral_strongpeak": {
        "dmean": 0.619888961315,
        "dmean2": 1.04906105995,
        "dvar": 1.28051519394,
        "dvar2": 3.17407059669,
        "max": 19.6243801117,
        "mean": 1.43172514439,
        "median": 0.596378028393,
        "min": 5.48309835036e-11,
        "var": 3.10631394386
    },
    "zerocrossingrate": {
        "dmean": 0.0120042031631,
        "dmean2": 0.0133260274306,
        "dvar": 0.000227300974075,
        "dvar2": 0.000244879745878,
        "max": 0.5029296875,
        "mean": 0.0629770383239,
        "median": 0.0546875,
        "min": 0.001953125,
        "var": 0.00165266694967
    },
    "barkbands": {
        "dmean": [0.000111325185571, 0.00228170445189, 0.00126751360949, 0.000451919710031, 0.000763588643167, 0.00138053286355, 0.000817204127088, 0.000732634332962, 0.00142224179581, 0.000769793929067, 0.00085193128325, 0.000763119373005, 0.000554031401407, 0.000494862499181, 0.000296904036077, 0.000245141331106, 0.000236674095504, 0.000290601688903, 0.000174409724423, 0.000116284601972, 0.00011073112546, 0.000253975274973, 0.00026929777232, 0.000110223249067, 5.50607874175e-05, 1.53538730956e-05, 7.01457429386e-06],
        "dmean2": [0.000177982190507, 0.00358474021778, 0.00222632242367, 0.000780052796472, 0.00121560529806, 0.00215449160896, 0.00127859227359, 0.00112342648208, 0.00212706928141, 0.00123668368906, 0.00135594629683, 0.00121191563085, 0.000899777805898, 0.000794820894953, 0.000476471090224, 0.00038815732114, 0.00037795768003, 0.000458176044049, 0.000273660523817, 0.000182393021532, 0.000167799662449, 0.000373376678908, 0.000394764414523, 0.000166889411048, 8.50090145832e-05, 2.4220216801e-05, 1.13257910925e-05],
        "dvar": [4.93164051818e-08, 2.42123551288e-05, 1.11912331704e-05, 1.01864725366e-06, 2.33765354096e-06, 5.98291444476e-06, 2.97511587632e-06, 3.30971192852e-06, 9.66070547292e-06, 3.93679692934e-06, 3.85835255656e-06, 3.34397668666e-06, 1.74707963652e-06, 1.18172420116e-06, 6.4938393507e-07, 4.26070613457e-07, 4.73249684774e-07, 6.12594362792e-07, 1.54389269369e-07, 7.55140519004e-08, 2.19959716219e-07, 7.18580338344e-07, 7.36098286325e-07, 6.70845636819e-08, 1.62094000444e-08, 1.56512647287e-09, 3.93260618514e-10],
        "dvar2": [1.19118276132e-07, 6.21012513875e-05, 3.20998733514e-05, 2.87318221126e-06, 5.71622922507e-06, 1.46624252011e-05, 6.9046373028e-06, 6.82180325384e-06, 2.09718145925e-05, 1.03628362922e-05, 9.43900886341e-06, 8.10873461887e-06, 4.21494314651e-06, 2.86543240691e-06, 1.56388989581e-06, 9.75684997684e-07, 1.06496520402e-06, 1.41874238579e-06, 3.65224366305e-07, 1.74933362018e-07, 5.18634976743e-07, 1.3459409729e-06, 1.51963286044e-06, 1.56991433187e-07, 4.02670892186e-08, 3.99563404585e-09, 9.85046710866e-10],
        "max": [0.00446143280715, 0.0896157324314, 0.0595310553908, 0.02010217309, 0.0530095510185, 0.0588996894658, 0.0608379989862, 0.0681183114648, 0.0874897688627, 0.0803165584803, 0.0558301992714, 0.0481811501086, 0.0414428450167, 0.0292182005942, 0.0221450421959, 0.0196869075298, 0.0221404135227, 0.0320364199579, 0.0105119235814, 0.00697005912662, 0.0305496007204, 0.0359647199512, 0.02665348351, 0.00746297463775, 0.00261272792704, 0.000745020806789, 0.00032380502671],
        "mean": [0.00027879854315, 0.00580034730956, 0.00172141403891, 0.00060763314832, 0.00147807050962, 0.0030012934003, 0.00166174559854, 0.00187500577886, 0.00354015873745, 0.00143406481948, 0.00151207682211, 0.00131196447182, 0.00086404196918, 0.000821684428956, 0.000421975855716, 0.000350856105797, 0.000364745123079, 0.0004890942364, 0.000289984687697, 0.000174928121851, 0.000163534394233, 0.000424497586209, 0.000468015350634, 0.00017453887267, 7.96264575911e-05, 2.02079136216e-05, 7.11369511919e-06],
        "median": [5.11914004164e-05, 0.00413467688486, 0.000818534055725, 0.000258387532085, 0.000581628177315, 0.00128006958403, 0.000493156025186, 0.000334182550432, 0.000765515549574, 0.000366818276234, 0.000414013047703, 0.000300451065414, 0.000222060858505, 0.000148295337567, 8.59976935317e-05, 7.72442144807e-05, 8.67686976562e-05, 0.000144404402818, 9.98198374873e-05, 5.80122323299e-05, 3.73469993065e-05, 9.95938535198e-05, 0.000106816914922, 4.46272388217e-05, 1.68372225744e-05, 3.19379296343e-06, 1.96689470044e-07],
        "min": [1.23113332626e-23, 3.69539303587e-23, 3.58542645677e-23, 1.13482475356e-22, 4.12938202298e-23, 2.86713263051e-23, 9.08679284175e-23, 5.22526696142e-23, 7.34230141833e-23, 1.35013203141e-22, 7.84402074058e-23, 3.88774761682e-23, 1.20083713898e-22, 1.33708200011e-22, 9.84811240396e-23, 2.14757599571e-22, 2.23744000081e-22, 3.13845597461e-22, 1.94997492176e-22, 2.42821736482e-22, 2.95839020573e-22, 8.67962373703e-22, 5.9579147745e-22, 8.928442331e-22, 1.22019843616e-21, 1.87930568216e-21, 2.21669318619e-21],
        "var": [2.174937066e-07, 4.67546742584e-05, 9.68547192315e-06, 1.48516210174e-06, 6.59569195705e-06, 1.9965453248e-05, 1.12501165859e-05, 2.77075414488e-05, 5.97759571974e-05, 1.23178015201e-05, 1.1248636838e-05, 8.90205228643e-06, 4.44681063527e-06, 2.8936419767e-06, 1.1180832189e-06, 8.12450480225e-07, 1.00676300008e-06, 1.44655768963e-06, 3.41168885143e-07, 1.35117318223e-07, 2.83248056121e-07, 1.58372438364e-06, 1.70117550624e-06, 1.30016104549e-07, 2.56411425426e-08, 2.10218065178e-09, 4.41013447983e-10]
    },
    "erbbands": {
        "dmean": [0.0695489048958, 0.53392547369, 1.40983366966, 1.46707892418, 1.62997722626, 2.91707777977, 5.66189670563, 13.2143774033, 12.8145456314, 15.0482387543, 17.2555961609, 32.4461784363, 25.5477046967, 22.4306735992, 33.0090713501, 30.14153862, 24.9696235657, 23.9839038849, 18.7345905304, 12.6299600601, 12.9130401611, 13.2070684433, 15.8389797211, 10.9465608597, 7.48038196564, 5.19692373276, 4.13581323624, 5.14569091797, 7.47922468185, 11.0478973389, 7.19115972519, 3.1724755764, 1.50541484356, 0.845626175404, 0.272811830044, 0.0896934196353, 0.0232237949967, 0.0056187286973, 0.00132379075512, 8.01821734058e-05],
        "dmean2": [0.104557164013, 0.862857103348, 2.45651197433, 2.54790115356, 2.65277695656, 4.65361881256, 8.87236690521, 20.7041721344, 19.8004398346, 23.2865829468, 25.9506778717, 48.3969078064, 40.1173858643, 35.8769302368, 52.9372138977, 47.8351287842, 39.9853858948, 38.5875473022, 29.882270813, 20.0405864716, 20.2378406525, 20.9089412689, 24.8786296844, 17.0026836395, 11.6994390488, 8.16400718689, 6.29192399979, 7.74536848068, 11.0626840591, 16.2010669708, 10.5797042847, 4.74836349487, 2.30813527107, 1.30916857719, 0.42410376668, 0.140875607729, 0.036932464689, 0.00897323992103, 0.00214437767863, 0.000129574953462],
        "dvar": [0.0182312019169, 1.59014558792, 13.8468236923, 11.7943792343, 16.4418582916, 41.9197044373, 153.519378662, 666.30682373, 757.991638184, 1414.83703613, 1408.06506348, 5625.61767578, 4176.24609375, 3379.30786133, 5760.72607422, 5852.37841797, 3376.98974609, 2823.8137207, 1901.43371582, 1032.24511719, 1202.7208252, 1472.2668457, 1817.17541504, 580.41973877, 285.598358154, 163.905685425, 136.140335083, 591.74432373, 597.074401855, 1478.81298828, 505.978027344, 70.3468093872, 12.0991678238, 3.89620637894, 0.412527263165, 0.0485000573099, 0.00409113941714, 0.000239385102759, 1.4136214304e-05, 4.93854983574e-08],
        "dvar2": [0.0406884215772, 4.25396776199, 39.387512207, 33.468120575, 42.9598579407, 102.047386169, 366.633148193, 1665.33654785, 1778.14318848, 3024.52636719, 2997.44482422, 12194.8398438, 10914.3232422, 8032.82519531, 15314.3544922, 14433.2304688, 8002.38037109, 6899.51367188, 4658.31640625, 2479.25512695, 2682.64477539, 3260.46386719, 4188.54736328, 1342.5189209, 661.881103516, 387.091247559, 285.065612793, 1448.43530273, 1177.64428711, 2851.91357422, 1055.20300293, 153.36579895, 29.4235725403, 9.63886737823, 1.03868043423, 0.122335329652, 0.0106729036197, 0.000608198402915, 3.56239761459e-05, 1.24038322724e-07],
        "max": [2.89939045906, 24.5511226654, 61.0520858765, 85.4551315308, 201.632720947, 209.653457642, 255.096038818, 720.20135498, 909.018066406, 1277.0657959, 1230.87780762, 2574.08300781, 2784.30957031, 1781.75939941, 2173.63720703, 2424.48364258, 2157.05322266, 1182.24047852, 907.084472656, 863.523620605, 1346.43103027, 1383.59216309, 1360.6998291, 868.609680176, 512.257873535, 379.223419189, 517.416809082, 1779.2857666, 817.046813965, 1212.84326172, 623.708557129, 266.084320068, 90.9430847168, 46.2378349304, 12.9233808517, 3.65046930313, 1.24865067005, 0.267932236195, 0.0641753226519, 0.00407703500241],
        "mean": [0.192665576935, 1.1763869524, 2.15453720093, 2.07531762123, 2.96270513535, 5.27930164337, 10.6869382858, 27.7001190186, 29.1263847351, 37.1892356873, 42.7838478088, 82.4774856567, 55.2420959473, 42.1547622681, 59.7502250671, 54.540473938, 43.8517150879, 40.6628723145, 30.1972255707, 19.4897842407, 19.8814945221, 21.4115428925, 26.6800136566, 19.5818939209, 12.5597915649, 7.95495605469, 6.16784143448, 7.75728940964, 12.3279752731, 19.0519695282, 12.2343587875, 5.22148227692, 2.31267118454, 1.22309875488, 0.384473413229, 0.121395692229, 0.0294463466853, 0.00652003800496, 0.00135651498567, 0.00010934509919],
        "median": [0.0846481919289, 0.805172562599, 1.20229780674, 1.10689592361, 1.06055867672, 1.9060240984, 3.86835050583, 11.1749734879, 9.3422460556, 7.72042703629, 12.6446876526, 18.9375514984, 18.9894886017, 13.7142553329, 18.3966293335, 15.0936775208, 13.1121587753, 9.74708747864, 7.97871303558, 5.30183839798, 4.95810937881, 5.58083057404, 8.14524936676, 6.72831583023, 4.71994161606, 2.72816228867, 1.62867450714, 1.86053073406, 2.93701338768, 4.1573266983, 2.84369730949, 1.31534576416, 0.545446932316, 0.259953677654, 0.07610591501, 0.0205162148923, 0.00473957788199, 0.000685315695591, 5.10056197527e-05, 4.24240206485e-05],
        "min": [9.23092467111e-22, 8.99103078242e-21, 4.78697530732e-20, 1.90265861452e-19, 3.21002610296e-19, 8.86511111341e-20, 1.35069520893e-19, 2.36467336632e-19, 1.05421883983e-18, 1.36146546239e-18, 1.36495213207e-18, 1.40145240718e-18, 4.5312639627e-18, 3.68637548119e-18, 2.1544342984e-18, 2.21275094518e-18, 5.53339865148e-18, 6.97554544967e-18, 5.60126799356e-18, 7.23524293888e-18, 1.12720977407e-17, 1.39695866578e-17, 1.52872820649e-17, 1.37870394772e-17, 9.88195702844e-18, 1.10316429541e-17, 1.40320272136e-17, 1.21380143942e-17, 3.27337900787e-17, 2.0640042255e-17, 1.91592913512e-17, 1.324839187e-17, 1.74843101678e-17, 1.21919540148e-17, 9.99553388962e-18, 7.50578311157e-18, 3.23714113513e-18, 1.33713415147e-18, 2.85807652044e-19, 3.30468154367e-20],
        "var": [0.0600434206426, 2.2950322628, 12.4449043274, 12.1150617599, 57.8916130066, 97.7034301758, 351.435394287, 2023.01708984, 3285.48022461, 10159.6630859, 7952.16503906, 35326.0703125, 14263.8007812, 10221.3486328, 14073.3955078, 15210.5166016, 9454.55273438, 6339.65820312, 3683.23071289, 1967.80603027, 2408.76928711, 3157.95996094, 3983.2590332, 1603.40771484, 594.348632812, 279.419708252, 235.888320923, 693.742553711, 1255.72399902, 3396.67333984, 1138.19689941, 150.792144775, 20.8915538788, 6.1076593399, 0.624866485596, 0.0706532150507, 0.00490752421319, 0.000281455897493, 1.57601734827e-05, 5.47464367173e-08]
    },
    "gfcc": {
        "mean": [-5.00287342072, 89.4478759766, -114.683532715, 26.1360321045, -63.6145133972, 22.0795192719, -28.4016952515, 10.8704004288, -13.7544736862, -0.744855523109, -5.00974035263, 6.35324144363, -12.9262676239],
        "cov": [[7348.25341797, -1132.4029541, -1012.0223999, -59.9554786682, -730.13861084, 316.258605957, -245.487930298, 3.00958538055, 207.624572754, -50.7953224182, 34.3745269775, -13.3277931213, -7.09572601318], [-1132.4029541, 1627.47973633, -125.706588745, -239.405838013, 364.868408203, -229.953720093, 70.324256897, 38.2235908508, 13.0742063522, -50.2175254822, 99.0290985107, -23.2536964417, -17.4046287537], [-1012.0223999, -125.706588745, 1168.14440918, 323.25982666, -19.9330120087, 89.3369979858, 118.279411316, 63.2669296265, 3.57882165909, 70.0092544556, -46.7680778503, 41.0671577454, 42.6407012939], [-59.9554786682, -239.405838013, 323.25982666, 719.498474121, 195.707672119, 66.7316589355, -12.3448410034, -41.2604141235, 8.07735824585, -31.6115684509, -3.01891136169, 91.2838287354, 4.4869852066], [-730.13861084, 364.868408203, -19.9330120087, 195.707672119, 624.779174805, -2.24288058281, 48.1028862, -11.8559322357, -72.1572418213, -8.52331542969, 17.7786331177, 10.464384079, 7.07729816437], [316.258605957, -229.953720093, 89.3369979858, 66.7316589355, -2.24288058281, 357.670349121, 85.4626617432, 29.319152832, -3.52326846123, -4.67696285248, -10.9224042892, -2.62225961685, -7.10867404938], [-245.487930298, 70.324256897, 118.279411316, -12.3448410034, 48.1028862, 85.4626617432, 239.59223938, 99.4201660156, 5.77093553543, 24.0267009735, -12.390832901, -33.7528686523, 3.98104000092], [3.00958538055, 38.2235908508, 63.2669296265, -41.2604141235, -11.8559322357, 29.319152832, 99.4201660156, 196.312744141, 74.6043548584, 27.0393314362, -10.9862546921, -31.1353282928, 0.796129465103], [207.624572754, 13.0742063522, 3.57882165909, 8.07735824585, -72.1572418213, -3.52326846123, 5.77093553543, 74.6043548584, 216.258178711, 57.2584953308, -1.1259291172, -18.081943512, -17.3748989105], [-50.7953224182, -50.2175254822, 70.0092544556, -31.6115684509, -8.52331542969, -4.67696285248, 24.0267009735, 27.0393314362, 57.2584953308, 163.633056641, 27.0878200531, -28.6537590027, 4.59943294525], [34.3745269775, 99.0290985107, -46.7680778503, -3.01891136169, 17.7786331177, -10.9224042892, -12.390832901, -10.9862546921, -1.1259291172, 27.0878200531, 129.420501709, 53.1223754883, -13.1121301651], [-13.3277931213, -23.2536964417, 41.0671577454, 91.2838287354, 10.464384079, -2.62225961685, -33.7528686523, -31.1353282928, -18.081943512, -28.6537590027, 53.1223754883, 138.985336304, 36.9929924011], [-7.09572601318, -17.4046287537, 42.6407012939, 4.4869852066, 7.07729816437, -7.10867404938, 3.98104000092, 0.796129465103, -17.3748989105, 4.59943294525, -13.1121301651, 36.9929924011, 105.255027771]],
        "icov": [[0.000224331393838, 8.46298717079e-05, 0.000234626539168, -0.000120055672596, 0.000231951737078, -0.000219956535148, 0.000168561906321, -9.98827745207e-05, -0.000142939941725, 8.83944376255e-05, -0.00019707721367, 0.000172900094185, -0.000209664605791], [8.46298717079e-05, 0.00114245468285, -0.000120565251564, 0.000574305246118, -0.000757975736633, 0.000622809107881, -0.00035625291639, 0.000109817636258, -0.00071205169661, 0.00111156702042, -0.00127398734912, 0.000538474996574, -0.000189422789845], [0.000234626539168, -0.000120565251564, 0.001482964959, -0.000853273435496, 0.00068829220254, -0.000392103771446, -0.000245692790486, -0.000451633386547, 0.000368870736565, -0.00094263657229, 0.000707096827682, -0.000436230184278, -0.000285086716758], [-0.000120055672596, 0.000574305246118, -0.000853273435496, 0.00254461332224, -0.0013689781772, 0.000166959711351, -5.22558439116e-05, 0.000671147310641, -0.000987458624877, 0.000964521954302, -7.64828946558e-05, -0.00115490600001, 0.000615522090811], [0.000231951737078, -0.000757975736633, 0.00068829220254, -0.0013689781772, 0.00287593551911, -0.000539649510756, -7.94125517132e-05, -0.000336051074555, 0.0011720478069, -0.000946347485296, 0.000358377117664, 0.000180362272658, -0.000338374695275], [-0.000219956535148, 0.000622809107881, -0.000392103771446, 0.000166959711351, -0.000539649510756, 0.0038370070979, -0.00164328608662, 0.000191855346202, -0.000115101211122, 0.000704672536813, -0.000394756061723, -5.37499545317e-06, 0.000498938257806], [0.000168561906321, -0.00035625291639, -0.000245692790486, -5.22558439116e-05, -7.94125517132e-05, -0.00164328608662, 0.00664901873097, -0.00308037758805, 0.000908695801627, -0.000602294981945, 3.07618320221e-05, 0.00107217975892, -0.000476287532365], [-9.98827745207e-05, 0.000109817636258, -0.000451633386547, 0.000671147310641, -0.000336051074555, 0.000191855346202, -0.00308037758805, 0.00798110291362, -0.00286191725172, 0.000655482057482, -0.000307911570417, 0.000800639740191, -0.00056334969122], [-0.000142939941725, -0.00071205169661, 0.000368870736565, -0.000987458624877, 0.0011720478069, -0.000115101211122, 0.000908695801627, -0.00286191725172, 0.00707325898111, -0.00313158263452, 0.00156446127221, -0.000813793216366, 0.00145134190097], [8.83944376255e-05, 0.00111156702042, -0.00094263657229, 0.000964521954302, -0.000946347485296, 0.000704672536813, -0.000602294981945, 0.000655482057482, -0.00313158263452, 0.00970563851297, -0.00495015410706, 0.00402583461255, -0.00231307535432], [-0.00019707721367, -0.00127398734912, 0.000707096827682, -7.64828946558e-05, 0.000358377117664, -0.000394756061723, 3.07618320221e-05, -0.000307911570417, 0.00156446127221, -0.00495015410706, 0.0135050471872, -0.00760265672579, 0.00427224952728], [0.000172900094185, 0.000538474996574, -0.000436230184278, -0.00115490600001, 0.000180362272658, -5.37499545317e-06, 0.00107217975892, 0.000800639740191, -0.000813793216366, 0.00402583461255, -0.00760265672579, 0.0137994615361, -0.0058397683315], [-0.000209664605791, -0.000189422789845, -0.000285086716758, 0.000615522090811, -0.000338374695275, 0.000498938257806, -0.000476287532365, -0.00056334969122, 0.00145134190097, -0.00231307535432, 0.00427224952728, -0.0058397683315, 0.0125485751778]]
    },
    "melbands": {
        "dmean": [0.000616491015535, 0.000698519463185, 0.000250693497946, 0.000147280501551, 0.000186299308552, 0.000291651522275, 0.000185043769307, 0.000167306745425, 0.000173203588929, 0.000200152615434, 0.000127847291878, 9.13555923034e-05, 0.00010971071606, 8.47899063956e-05, 8.01035348559e-05, 5.11340913363e-05, 4.76106724818e-05, 3.42078164977e-05, 2.18203058466e-05, 1.7011358068e-05, 1.52640750457e-05, 1.4263243429e-05, 1.49680090544e-05, 1.40562233355e-05, 9.02047031559e-06, 6.35062224319e-06, 4.85137434225e-06, 3.3891435578e-06, 2.68176700047e-06, 2.72523902822e-06, 3.28011060446e-06, 3.79735752176e-06, 6.37174116491e-06, 6.28289808446e-06, 4.65558059659e-06, 2.97250448966e-06, 1.68348992702e-06, 1.10105725071e-06, 8.85504334747e-07, 6.97834366292e-07],
        "dmean2": [0.000949305656832, 0.00117853144184, 0.00043106888188, 0.000234555307543, 0.000292333104881, 0.0004555855121, 0.000286565104034, 0.000257406732999, 0.000259777996689, 0.000298891303828, 0.000201792427106, 0.000146623555338, 0.000175019871676, 0.000135618553031, 0.000126461294712, 8.27961412142e-05, 7.68889003666e-05, 5.46173796465e-05, 3.50115915353e-05, 2.70788295893e-05, 2.41346042458e-05, 2.26672582357e-05, 2.37942786043e-05, 2.21094724111e-05, 1.40869815368e-05, 1.00971992651e-05, 7.63023035688e-06, 5.38321546628e-06, 4.19697971665e-06, 4.19435946242e-06, 5.01030854139e-06, 5.70577549297e-06, 9.43974646361e-06, 9.39541587286e-06, 6.99148677086e-06, 4.51379128208e-06, 2.58088311966e-06, 1.69914892467e-06, 1.38826430884e-06, 1.0909386674e-06],
        "dvar": [1.5742460846e-06, 3.0983042052e-06, 3.19047785524e-07, 9.82306360697e-08, 1.47005863482e-07, 2.92387426271e-07, 1.43494887084e-07, 1.87473588653e-07, 1.63843225209e-07, 2.15585458818e-07, 1.07821968243e-07, 5.68151286018e-08, 6.07831438515e-08, 3.97089223725e-08, 3.79899240954e-08, 1.73106400325e-08, 1.19592291625e-08, 6.45408704258e-09, 4.01742683565e-09, 2.2162194302e-09, 1.80977710595e-09, 2.03336125715e-09, 1.71330671872e-09, 2.12288697732e-09, 3.96610772002e-10, 2.41664799283e-10, 1.44792830503e-10, 7.87089768362e-11, 4.80899833843e-11, 1.14038695154e-10, 2.72094763387e-10, 1.47266657202e-10, 5.719127949e-10, 4.8401882502e-10, 2.18488130366e-10, 8.01815974727e-11, 2.00011725932e-11, 6.50926187951e-12, 4.49544828446e-12, 2.69041451444e-12],
        "dvar2": [3.85570047001e-06, 8.59129249875e-06, 9.01451926438e-07, 2.39517532918e-07, 3.57576510623e-07, 7.24903770788e-07, 3.37059475441e-07, 3.96074824494e-07, 3.51457373426e-07, 4.61515298866e-07, 2.8258148177e-07, 1.38396444527e-07, 1.56386633421e-07, 9.8068632326e-08, 9.0034447453e-08, 4.07693256932e-08, 2.93897421955e-08, 1.58192907662e-08, 9.35754762565e-09, 5.40229638801e-09, 4.10121847594e-09, 4.51658532796e-09, 3.97653954209e-09, 4.96768981506e-09, 9.15489739572e-10, 5.84184645103e-10, 3.29866717275e-10, 1.90327656413e-10, 1.03031062848e-10, 2.61981103478e-10, 6.86962042806e-10, 3.06892927737e-10, 1.13536824387e-09, 9.90547421864e-10, 4.80470052633e-10, 1.67646230231e-10, 4.77536621357e-11, 1.59001319056e-11, 1.12397070817e-11, 6.76952894782e-12],
        "max": [0.0242577362806, 0.0294042509049, 0.0133137246594, 0.0134304780513, 0.00905584543943, 0.0140429483727, 0.0117107722908, 0.0159815177321, 0.0108495624736, 0.0173115190119, 0.0136714018881, 0.00654273340479, 0.00641430309042, 0.00565053150058, 0.00580363534391, 0.00572375580668, 0.00268936459906, 0.00204301229678, 0.00237687397748, 0.001807971159, 0.00157711922657, 0.00179252540693, 0.00148314039689, 0.00250911992043, 0.000690764922183, 0.000499784713611, 0.000358388875611, 0.000269841955742, 0.000257143838098, 0.000439250288764, 0.00123391509987, 0.000393816881115, 0.00121898343787, 0.000746546604205, 0.000393545778934, 0.000291947333608, 0.00016026259982, 6.1426886532e-05, 5.52506717213e-05, 3.52556235157e-05],
        "mean": [0.00164662708994, 0.0013096613111, 0.000390649511246, 0.000282398134004, 0.000356800650479, 0.000637865043245, 0.000417532399297, 0.000420355296228, 0.00041293547838, 0.000504167575855, 0.000261840585154, 0.000160704090376, 0.000196412191144, 0.000145294747199, 0.000140572694363, 7.7582175436e-05, 7.77870445745e-05, 5.28694727109e-05, 3.11999392579e-05, 2.40311073867e-05, 2.23211955017e-05, 2.19173762162e-05, 2.26585780183e-05, 2.35994339164e-05, 1.51621006808e-05, 1.00561783256e-05, 7.36584797778e-06, 4.75479009765e-06, 3.78859726879e-06, 3.7991840145e-06, 4.70956683785e-06, 5.89211049373e-06, 1.02558569779e-05, 1.05350900412e-05, 7.51246170694e-06, 4.7698454182e-06, 2.56924477071e-06, 1.64343157394e-06, 1.25689939523e-06, 9.66985112427e-07],
        "median": [0.000984142185189, 0.000898574769963, 0.00020521384431, 0.000106393948954, 0.000136239745189, 0.000262656336417, 0.000134500369313, 6.57902710373e-05, 9.93259018287e-05, 0.000113301473903, 7.34996428946e-05, 4.2987827328e-05, 5.71455821046e-05, 4.21961485699e-05, 3.1273222703e-05, 1.79844500963e-05, 1.43383567774e-05, 1.11487106551e-05, 6.11455789112e-06, 5.51446146346e-06, 5.06550713908e-06, 4.84905785925e-06, 6.06458115726e-06, 6.56151678413e-06, 4.7098669711e-06, 3.33449770551e-06, 2.56072303273e-06, 1.32260731789e-06, 9.58070813795e-07, 7.73639101226e-07, 1.04623632069e-06, 1.35878303809e-06, 2.1051598651e-06, 2.15552040572e-06, 1.64718323958e-06, 1.08800122689e-06, 6.27856934443e-07, 3.64695637245e-07, 2.59072095332e-07, 1.92629187268e-07],
        "min": [9.88963993528e-24, 1.97381234194e-23, 4.14159074989e-23, 1.40773664264e-23, 4.12051435866e-24, 7.10283022655e-24, 1.60324587835e-23, 1.4545899317e-23, 1.10531797938e-23, 9.22582689417e-24, 2.22660329234e-23, 1.411857652e-23, 8.69312332437e-24, 2.73239329463e-24, 1.22729386135e-23, 1.21622448624e-23, 1.26755298322e-23, 8.6758764584e-24, 6.87192353984e-24, 1.36305855864e-23, 1.30178434002e-23, 1.62068633078e-23, 1.05600423315e-23, 1.6033351774e-23, 1.08060722707e-23, 6.73622842009e-24, 8.08090415305e-24, 7.0257040847e-24, 8.71981127766e-24, 7.79995923026e-24, 6.30669957365e-24, 1.90456408064e-23, 1.63269042718e-23, 9.04154583127e-24, 1.13747029327e-23, 9.77651412603e-24, 6.84999715098e-24, 1.05573957032e-23, 1.38674316068e-23, 9.33882490796e-24],
        "var": [3.8709722503e-06, 3.19423861583e-06, 4.09818227354e-07, 3.01799417457e-07, 3.35986442224e-07, 9.77347667686e-07, 6.23550249657e-07, 1.47716389165e-06, 8.94406184671e-07, 1.36572509746e-06, 3.65482918596e-07, 1.65389479889e-07, 1.59349539786e-07, 1.02821843484e-07, 1.06214351092e-07, 4.51924258016e-08, 2.69506781336e-08, 1.32543096498e-08, 7.48695061503e-09, 4.22864143701e-09, 3.5955805e-09, 4.33131619459e-09, 3.07972647384e-09, 5.19236120766e-09, 1.05552944163e-09, 4.70564254229e-10, 2.7271787606e-10, 1.27287999585e-10, 8.03622307588e-11, 1.60131588545e-10, 2.88434498508e-10, 2.81794226842e-10, 1.14741993684e-09, 1.04196284934e-09, 4.48015652355e-10, 1.70768801877e-10, 3.60149826628e-11, 1.08399730164e-11, 6.89298618184e-12, 3.95577624476e-12]
    },
    "mfcc": {
        "mean": [-648.346130371, 118.088790894, 7.1731595993, 10.5410633087, -2.43561196327, 7.46818876266, -1.16743755341, 16.1423587799, -6.93829774857, 3.36239886284, 6.30347919464, 0.953964412212, 3.42773151398],
        "cov": [[7323.19140625, -1336.54736328, -510.944824219, -643.41784668, -353.490325928, -37.4563522339, -403.141174316, 39.4845046997, -146.315704346, 50.856338501, 62.6790351868, -63.0135192871, -35.1682815552], [-1336.54736328, 1802.77392578, -382.406463623, 20.4531803131, 87.3475723267, -182.704345703, 94.8020706177, 2.54861187935, -35.5221328735, 21.2057857513, 56.0319213867, 1.55239570141, 6.21866178513], [-510.944824219, -382.406463623, 1105.81982422, 120.600151062, -73.4927749634, 84.1440658569, 13.6587028503, 46.1360168457, 121.54108429, 18.7192821503, -5.28061580658, 48.8866653442, 50.410987854], [-643.41784668, 20.4531803131, 120.600151062, 630.927124023, 242.294754028, 88.674621582, 31.4378147125, 39.7403945923, 12.9169082642, -49.8540992737, -33.5175933838, 8.42353439331, 71.7222976685], [-353.490325928, 87.3475723267, -73.4927749634, 242.294754028, 382.815612793, 129.922729492, 52.4424781799, 43.5600128174, -16.2783489227, -34.7546882629, -23.8124885559, 7.08190107346, 23.2992973328], [-37.4563522339, -182.704345703, 84.1440658569, 88.674621582, 129.922729492, 273.914398193, 92.2092895508, 35.8933029175, 10.9622964859, -10.8834037781, -11.4252891541, 11.5726861954, 0.827190160751], [-403.141174316, 94.8020706177, 13.6587028503, 31.4378147125, 52.4424781799, 92.2092895508, 305.325531006, 48.6477470398, 47.6701202393, -0.798678874969, -22.3259105682, 32.6899108887, -9.10852336884], [39.4845046997, 2.54861187935, 46.1360168457, 39.7403945923, 43.5600128174, 35.8933029175, 48.6477470398, 221.234771729, 17.6866836548, 7.44949436188, 8.42846298218, -17.7080097198, 26.5411605835], [-146.315704346, -35.5221328735, 121.54108429, 12.9169082642, -16.2783489227, 10.9622964859, 47.6701202393, 17.6866836548, 222.343811035, 83.3171005249, 6.71277284622, 29.0294704437, -18.6038742065], [50.856338501, 21.2057857513, 18.7192821503, -49.8540992737, -34.7546882629, -10.8834037781, -0.798678874969, 7.44949436188, 83.3171005249, 208.720016479, 77.6978530884, 7.63612985611, -15.3470230103], [62.6790351868, 56.0319213867, -5.28061580658, -33.5175933838, -23.8124885559, -11.4252891541, -22.3259105682, 8.42846298218, 6.71277284622, 77.6978530884, 147.755172729, 35.7305221558, -2.17921090126], [-63.0135192871, 1.55239570141, 48.8866653442, 8.42353439331, 7.08190107346, 11.5726861954, 32.6899108887, -17.7080097198, 29.0294704437, 7.63612985611, 35.7305221558, 128.56149292, 39.891330719], [-35.1682815552, 6.21866178513, 50.410987854, 71.7222976685, 23.2992973328, 0.827190160751, -9.10852336884, 26.5411605835, -18.6038742065, -15.3470230103, -2.17921090126, 39.891330719, 148.43170166]],
