{
"lowlevel": {
    "average_loudness": 0.95571243763,
    "barkbands_crest": {
        "dmean": 3.13660335541,
        "dmean2": 4.85953950882,
        "dvar": 8.80566883087,
        "dvar2": 22.2164726257,
        "max": 26.6783790588,
        "mean": 11.729309082,
        "median": 10.9800186157,
        "min": 2.28466057777,
        "var": 25.5174922943
    },
    "barkbands_flatness_db": {
        "dmean": 0.0356860160828,
        "dmean2": 0.0527829714119,
        "dvar": 0.00197879807092,
        "dvar2": 0.00440551713109,
        "max": 0.767610132694,
        "mean": 0.187513396144,
        "median": 0.160662189126,
        "min": 0.0178700461984,
        "var": 0.0131325647235
    },
    "barkbands_kurtosis": {
        "dmean": 12.5822591782,
        "dmean2": 18.8950595856,
        "dvar": 993.114135742,
        "dvar2": 1952.39428711,
        "max": 688.455871582,
        "mean": 20.1797447205,
        "median": 4.16939210892,
        "min": -1.9221496582,
        "var": 2403.859375
    },
    "barkbands_skewness": {
        "dmean": 1.09193372726,
        "dmean2": 1.59633731842,
        "dvar": 2.4535806179,
        "dvar2": 4.93982076645,
        "max": 20.5860271454,
        "mean": 2.56872653961,
        "median": 1.94904613495,
        "min": -10.2005271912,
        "var": 9.30024814606
    },
    "barkbands_spread": {
        "dmean": 9.23501300812,
        "dmean2": 13.8527040482,
        "dvar": 145.529876709,
        "dvar2": 321.936676025,
        "max": 113.294914246,
        "mean": 24.1597290039,
        "median": 17.6308059692,
        "min": 0.120099551976,
        "var": 441.98815918
    },
    "dissonance": {
        "dmean": 0.0240174587816,
        "dmean2": 0.0392690710723,
        "dvar": 0.000898812548257,
        "dvar2": 0.00232136505656,
        "max": 0.500000119209,
        "mean": 0.447925567627,
        "median": 0.466251522303,
        "min": 0.0673897117376,
        "var": 0.00356251024641
    },
    "dynamic_complexity": 3.2789337635,
    "erbbands_crest": {
        "dmean": 3.01221990585,
        "dmean2": 4.77293014526,
        "dvar": 10.0351285934,
        "dvar2": 23.8246364594,
        "max": 33.4248924255,
        "mean": 9.5723733902,
        "median": 8.11832618713,
        "min": 2.02856302261,
        "var": 29.5501327515
    },
    "erbbands_flatness_db": {
        "dmean": 0.0213871449232,
        "dmean2": 0.0313686653972,
        "dvar": 0.000738444272429,
        "dvar2": 0.00152896216605,
        "max": 0.615950465202,
        "mean": 0.161418393254,
        "median": 0.122153833508,
        "min": 0.0440060421824,
        "var": 0.0104872891679
    },
    "erbbands_kurtosis": {
        "dmean": 1.64516448975,
        "dmean2": 2.583994627,
        "dvar": 23.224899292,
        "dvar2": 54.7531700134,
        "max": 149.982650757,
        "mean": 0.872441589832,
        "median": -0.403565645218,
        "min": -1.94903409481,
        "var": 34.2319984436
    },
    "erbbands_skewness": {
        "dmean": 0.544950842857,
        "dmean2": 0.789377272129,
        "dvar": 0.385894238949,
        "dvar2": 0.881120979786,
        "max": 10.5836448669,
        "mean": 0.428068101406,
        "median": 0.362214744091,
        "min": -5.400847435,
        "var": 1.22424447536
    },
    "erbbands_spread": {
        "dmean": 13.3706521988,
        "dmean2": 19.7449378967,
        "dvar": 195.690551758,
        "dvar2": 428.664398193,
        "max": 161.916320801,
        "mean": 55.0416030884,
        "median": 54.1218605042,
        "min": 0.408666819334,
        "var": 919.154174805
    },
    "hfc": {
        "dmean": 17.7310447693,
        "dmean2": 28.055103302,
        "dvar": 1211.07885742,
        "dvar2": 2946.046875,
        "max": 388.472747803,
        "mean": 30.4102935791,
        "median": 18.5621833801,
        "min": 1.11831549799e-16,
        "var": 1541.52026367
    },
    "melbands_crest": {
        "dmean": 3.95051383972,
        "dmean2": 6.13237571716,
        "dvar": 15.2291212082,
        "dvar2": 36.4110641479,
        "max": 38.232421875,
        "mean": 17.263923645,
        "median": 16.1047668457,
        "min": 1.55189299583,
        "var": 50.1879463196
    },
    "melbands_flatness_db": {
        "dmean": 0.0432501584291,
        "dmean2": 0.0621012151241,
        "dvar": 0.00274242507294,
        "dvar2": 0.00600752979517,
        "max": 0.902567923069,
        "mean": 0.262149184942,
        "median": 0.245837345719,
        "min": 0.00309829087928,
        "var": 0.0183885861188
    },
    "melbands_kurtosis": {
        "dmean": 36.9776802063,
        "dmean2": 54.1187057495,
        "dvar": 8645.31347656,
        "dvar2": 16457.3417969,
        "max": 1061.35961914,
        "mean": 59.3456115723,
        "median": 17.7323703766,
        "min": -1.86444532871,
        "var": 16457.1171875
    },
    "melbands_skewness": {
        "dmean": 1.53166127205,
        "dmean2": 2.21653151512,
        "dvar": 4.7228603363,
        "dvar2": 9.25028800964,
        "max": 24.610458374,
        "mean": 4.42634248734,
        "median": 3.58686184883,
        "min": -3.38117814064,
        "var": 15.4128541946
    },
    "melbands_spread": {
        "dmean": 10.4208459854,
        "dmean2": 15.7031698227,
        "dvar": 317.680877686,
        "dvar2": 704.83795166,
        "max": 238.844848633,
        "mean": 23.5070991516,
        "median": 13.0742073059,
        "min": 0.143559411168,
        "var": 878.438598633
    },
    "pitch_salience": {
        "dmean": 0.097583539784,
        "dmean2": 0.152253374457,
        "dvar": 0.0106023317203,
        "dvar2": 0.0255805011839,
        "max": 0.970629155636,
        "mean": 0.529614210129,
        "median": 0.552419960499,
        "min": 0.0238887369633,
        "var": 0.0287728663534
    },
    "silence_rate_20dB": {
        "dmean": 0,
        "dmean2": 0,
        "dvar": 0,
        "dvar2": 0,
        "max": 1,
        "mean": 1,
        "median": 1,
        "min": 1,
        "var": 0
    },
    "silence_rate_30dB": {
        "dmean": 0.0490713939071,
        "dmean2": 0.0981511473656,
        "dvar": 0.0466630421579,
        "dvar2": 0.105564974248,
        "max": 1,
        "mean": 0.936536312103,
        "median": 1,
        "min": 0,
        "var": 0.059436339885
    },
    "silence_rate_60dB": {
        "dmean": 0.0172090642154,
        "dmean2": 0.0344210602343,
        "dvar": 0.0169092081487,
        "dvar2": 0.0363082550466,
        "max": 1,
        "mean": 0.0639747828245,
        "median": 0,
        "min": 0,
        "var": 0.0598788782954
    },
    "spectral_centroid": {
        "dmean": 352.381652832,
        "dmean2": 525.001037598,
        "dvar": 203228.359375,
        "dvar2": 461525.28125,
        "max": 11255.6425781,
        "mean": 1329.90234375,
        "median": 1068.23474121,
        "min": 119.954238892,
        "var": 1029855.6875
    },
    "spectral_complexity": {
        "dmean": 4.47589015961,
        "dmean2": 7.06364488602,
        "dvar": 36.800567627,
        "dvar2": 86.0960922241,
        "max": 56,
        "mean": 13.9632844925,
        "median": 11,
        "min": 0,
        "var": 108.008605957
    },
    "spectral_decrease": {
        "dmean": 4.18944612335e-09,
        "dmean2": 6.12008133061e-09,
        "dvar": 4.28299430452e-17,
        "dvar2": 9.2116619724e-17,
        "max": 2.5626389899e-10,
        "mean": -1.11204698783e-08,
        "median": -9.17256670618e-09,
        "min": -7.17018977525e-08,
        "var": 1.09273834553e-16
    },
    "spectral_energy": {
        "dmean": 0.016445921734,
        "dmean2": 0.0241701975465,
        "dvar": 0.000624511798378,
        "dvar2": 0.00133832462598,
        "max": 0.273645728827,
        "mean": 0.0447296537459,
        "median": 0.0382308810949,
        "min": 1.0358454039e-20,
        "var": 0.00158947217278
    },
    "spectral_energyband_high": {
        "dmean": 0.00167360820342,
        "dmean2": 0.00264809466898,
        "dvar": 1.44219702634e-05,
        "dvar2": 3.43187712133e-05,
        "max": 0.040077868849,
        "mean": 0.00218148552813,
        "median": 0.000605448149145,
        "min": 7.25967309789e-21,
        "var": 1.74164524651e-05
    },
    "spectral_energyband_low": {
        "dmean": 0.0126997521147,
        "dmean2": 0.0180825740099,
        "dvar": 0.000683296413627,
        "dvar2": 0.00151283887681,
        "max": 0.271248430014,
        "mean": 0.0266088824719,
        "median": 0.0169716477394,
        "min": 1.81328151431e-23,
        "var": 0.00141803990118
    },
    "spectral_energyband_middle_high": {
        "dmean": 0.00150604953524,
        "dmean2": 0.00246281712316,
        "dvar": 8.26954874356e-06,
        "dvar2": 2.06416789297e-05,
        "max": 0.0761603266001,
        "mean": 0.00272589479573,
        "median": 0.00153564591892,
        "min": 1.27687050652e-21,
        "var": 1.517063356e-05
    },
    "spectral_energyband_middle_low": {
        "dmean": 0.00813579931855,
        "dmean2": 0.0132158342749,
        "dvar": 0.000201570117497,
        "dvar2": 0.000521743786521,
        "max": 0.125100076199,
        "mean": 0.0156309008598,
        "median": 0.0103726452217,
        "min": 1.68162400556e-22,
        "var": 0.000277864543023
    },
    "spectral_entropy": {
        "dmean": 0.272371202707,
        "dmean2": 0.40111798048,
        "dvar": 0.128742605448,
        "dvar2": 0.283597201109,
        "max": 9.81269359589,
        "mean": 7.41917943954,
        "median": 7.6052274704,
        "min": 3.54415106773,
        "var": 0.933102786541
    },
    "spectral_flux": {
        "dmean": 0.04243574664,
        "dmean2": 0.0658577010036,
        "dvar": 0.00300039793365,
        "dvar2": 0.00720932008699,
        "max": 0.504243850708,
        "mean": 0.102331824601,
        "median": 0.0835057124496,
        "min": 6.653538831e-11,
        "var": 0.0053221359849
    },
    "spectral_kurtosis": {
        "dmean": 4.55313253403,
        "dmean2": 7.26278924942,
        "dvar": 354.732543945,
        "dvar2": 899.206298828,
        "max": 625.380615234,
        "mean": 11.0483484268,
        "median": 2.41035842896,
        "min": -1.27678072453,
        "var": 1510.57446289
    },
    "spectral_rms": {
        "dmean": 0.00112727889791,
        "dmean2": 0.00164746295195,
        "dvar": 1.94801555153e-06,
        "dvar2": 4.34606408817e-06,
        "max": 0.0163392610848,
        "mean": 0.00594986230135,
        "median": 0.0061072432436,
        "min": 3.17896360277e-12,
        "var": 8.23773370939e-06
    },
    "spectral_rolloff": {
        "dmean": 979.639221191,
        "dmean2": 1583.79772949,
        "dvar": 3442235.75,
        "dvar2": 7236937,
        "max": 19530.6152344,
        "mean": 2247.55664062,
        "median": 645.99609375,
        "min": 43.06640625,
        "var": 12092775
    },
    "spectral_skewness": {
        "dmean": 0.393753349781,
        "dmean2": 0.597673118114,
        "dvar": 0.604160070419,
        "dvar2": 1.4343957901,
        "max": 20.0203266144,
        "mean": 1.86614000797,
        "median": 1.41546165943,
        "min": -0.286209404469,
        "var": 3.72483587265
    },
    "spectral_spread": {
        "dmean": 902026.125,
        "dmean2": 1222573.25,
        "dvar": 1.2377807913e+12,
        "dvar2": 2.28844240896e+12,
        "max": 42156004,
        "mean": 6499381.5,
        "median": 6745956.5,
        "min": 162695.828125,
        "var": 1.02043442217e+13
    },
    "spectral_strongpeak": {
        "dmean": 0.430719524622,
        "dmean2": 0.716197788715,
        "dvar": 0.433833777905,
        "dvar2": 1.06734967232,
        "max": 11.0818452835,
        "mean": 0.803696393967,
        "median": 0.571959555149,
        "min": 0,
        "var": 0.772348642349
    },
    "zerocrossingrate": {
        "dmean": 0.0187056902796,
        "dmean2": 0.0203406140208,
        "dvar": 0.00063953967765,
        "dvar2": 0.000691688735969,
        "max": 0.5322265625,
        "mean": 0.0797654986382,
        "median": 0.04931640625,
        "min": 0.00146484375,
        "var": 0.00825430545956
    },
    "barkbands": {
        "dmean": [0.00100120971911, 0.00880316086113, 0.00574540346861, 0.00340390298516, 0.0022165379487, 0.00207618111745, 0.000871095282491, 0.000812937563751, 0.00124443206005, 0.000333798787324, 0.000156455702381, 0.000210768295801, 0.000183285781532, 0.000195776228793, 0.000209655743674, 0.000223036113312, 0.000234396415181, 0.000191272833035, 0.000155131405336, 0.000121674886032, 0.000220281479415, 0.000294012221275, 0.000369619432604, 0.000273507786915, 0.000347141787643, 0.000170389379491, 4.40605763288e-05],
        "dmean2": [0.00165311561432, 0.0125523395836, 0.00990739744157, 0.00526222819462, 0.00361963780597, 0.00325701851398, 0.00143615924753, 0.00134185142815, 0.00190618738998, 0.000515346240718, 0.000251412508078, 0.000361265556421, 0.000312962918542, 0.00033395702485, 0.000368038367014, 0.000357328419341, 0.000390679342672, 0.000309016817482, 0.000273208366707, 0.00020324230718, 0.000353258248651, 0.000474375061458, 0.00059096358018, 0.000430329702795, 0.000563180423342, 0.00027149982634, 6.79351505823e-05],
        "dvar": [3.28276496475e-06, 0.000373415037757, 0.000241189452936, 6.01625251875e-05, 2.2035503207e-05, 1.78355330718e-05, 6.37733455733e-06, 5.57383600608e-06, 1.00960742202e-05, 1.43030263189e-06, 5.6019831618e-07, 3.1782101928e-07, 3.6715891838e-07, 4.28375926731e-07, 3.88962718034e-07, 2.80637181049e-07, 2.79109485746e-07, 1.1806563549e-07, 1.23218143244e-07, 4.94237184512e-08, 2.10280589386e-07, 4.7292806471e-07, 7.93621211415e-07, 3.46908223037e-07, 8.12157225027e-07, 2.28787840229e-07, 2.70853384166e-08],
        "dvar2": [8.89943657967e-06, 0.00089345528977, 0.000689106585924, 0.000151172789629, 5.74832520215e-05, 4.27496670454e-05, 1.62791566254e-05, 1.40870542964e-05, 2.36059131566e-05, 2.48888204624e-06, 1.18866660159e-06, 8.45893680435e-07, 1.00356828625e-06, 1.12101599825e-06, 1.07096002466e-06, 6.28479028819e-07, 6.95401013218e-07, 2.98309004165e-07, 3.55729071089e-07, 1.32671090114e-07, 4.82278494474e-07, 1.17524473353e-06, 1.93922187464e-06, 8.15762689399e-07, 2.01288276003e-06, 5.55301653549e-07, 5.917222623e-08],
        "max": [0.0352725796402, 0.194290876389, 0.152044758201, 0.0851157009602, 0.0625144839287, 0.0864627063274, 0.0668679401278, 0.0550207905471, 0.0646183863282, 0.0527774617076, 0.0425328314304, 0.0188200511038, 0.0173390638083, 0.0302540976554, 0.0221112687141, 0.0179887134582, 0.0110204117373, 0.00911518931389, 0.00622935080901, 0.00273673492484, 0.00466579804197, 0.00725598121062, 0.0138378916308, 0.00790502596647, 0.0108553096652, 0.00974979996681, 0.00541322026402],
        "mean": [0.00134717056062, 0.0151330372319, 0.00775238266215, 0.00468488456681, 0.00374208716676, 0.00356310652569, 0.00097046745941, 0.000834887614474, 0.0017636861885, 0.000408287713071, 0.000205967458896, 0.000221447015065, 0.000195021944819, 0.000213392515434, 0.000229232988204, 0.000328507274389, 0.000350807269569, 0.000322967214743, 0.000205658638151, 0.000163165474078, 0.000282932567643, 0.000347187480656, 0.000412518245867, 0.000356842559995, 0.000392020301661, 0.000225784999202, 7.61051342124e-05],
        "median": [0.000459469563793, 0.00519020389766, 0.0024591924157, 0.00117162824608, 0.00127909239382, 0.00130945537239, 0.000127244769828, 0.000170742612681, 0.000420536613092, 4.91460232297e-05, 5.07126824232e-05, 5.69146613998e-05, 5.60481930734e-05, 4.33744899055e-05, 6.64047329337e-05, 0.000110243956442, 0.000142167045851, 0.000165004414157, 9.1489397164e-05, 6.62703823764e-05, 6.21708022663e-05, 7.3177536251e-05, 7.75066582719e-05, 0.00010047647811, 9.26237771637e-05, 4.06181716244e-05, 9.90818898572e-06],
        "min": [1.84421184322e-24, 6.79244895908e-24, 2.66070674316e-24, 1.78829126858e-24, 9.15899144284e-24, 8.96681309341e-24, 1.15916507256e-23, 1.49524829607e-23, 2.5836873342e-23, 3.6960042453e-23, 2.78180154639e-23, 3.1055415422e-23, 4.41853614789e-23, 6.02813172543e-23, 6.13049620976e-23, 7.13242592113e-23, 8.70172774581e-23, 1.09067896134e-22, 1.56888353908e-22, 1.95331918713e-22, 2.52001906474e-22, 4.24531769167e-22, 4.77441490495e-22, 6.7848005424e-22, 9.91365462828e-22, 1.36127705828e-21, 2.09096173309e-21],
        "var": [5.69507892578e-06, 0.000665021536406, 0.000240202527493, 7.17169750715e-05, 3.09835886583e-05, 4.12198241975e-05, 7.72456405684e-06, 5.77781838729e-06, 1.59977898875e-05, 2.87141597255e-06, 1.05393166905e-06, 3.29509362018e-07, 3.49401176436e-07, 4.50347016567e-07, 3.91559723312e-07, 5.1520805755e-07, 4.15880236915e-07, 2.21134072831e-07, 1.22524824064e-07, 5.7721788238e-08, 2.79450432572e-07, 5.34192054147e-07, 8.23199968636e-07, 4.48907513828e-07, 8.29825694382e-07, 3.42232709727e-07, 6.97644608749e-08]
    },
    "erbbands": {
        "dmean": [0.235975325108, 2.18311738968, 6.09341049194, 8.8665561676, 8.58688640594, 6.99926137924, 14.2514886856, 18.0187149048, 13.724861145, 11.5290241241, 21.6461048126, 28.9955787659, 13.9248008728, 8.09193325043, 5.98411893845, 7.8722205162, 7.95028543472, 8.98375225067, 10.6106853485, 9.85024547577, 12.2463521957, 14.2192134857, 11.5709810257, 7.93418741226, 7.4906873703, 5.6758389473, 7.56288337708, 9.69141769409, 10.5712461472, 11.5808897018, 9.51698112488, 6.12930345535, 4.69594764709, 4.07715511322, 2.36649417877, 0.933520793915, 0.295647382736, 0.0591696389019, 0.00756862992421, 0.000455523171695],
        "dmean2": [0.319632411003, 3.11483550072, 10.0550880432, 13.8428764343, 14.0520219803, 11.1182661057, 22.71717453, 27.680524826, 22.4027519226, 19.0581645966, 34.8439445496, 44.3798866272, 21.3317680359, 12.8374900818, 9.90468502045, 13.322599411, 13.4355745316, 14.9842033386, 18.6111831665, 16.8240470886, 19.3967380524, 23.5728302002, 18.9078044891, 13.5118293762, 12.9486055374, 9.47968387604, 12.4102287292, 15.8179664612, 17.2722034454, 18.7959003448, 15.2917480469, 9.76766204834, 7.46089076996, 6.61974143982, 3.85446071625, 1.51766395569, 0.476177960634, 0.0974214598536, 0.0118248686194, 0.000694702612236],
        "dvar": [0.253805756569, 26.5863666534, 283.390045166, 321.509033203, 365.444915771, 247.747268677, 812.124023438, 1516.44897461, 1411.91552734, 1161.76745605, 3642.38720703, 5894.63134766, 1829.25012207, 964.259399414, 392.172637939, 444.944671631, 715.342224121, 863.567382812, 947.73223877, 620.798156738, 776.943786621, 1047.65576172, 451.738769531, 229.341964722, 349.601776123, 117.407600403, 281.558807373, 460.947479248, 676.246520996, 875.137695312, 481.132232666, 179.519271851, 101.321723938, 114.71346283, 36.2884712219, 6.51403903961, 0.782600522041, 0.0401559323072, 0.00080203008838, 3.65870869246e-06],
        "dvar2": [0.519126713276, 62.6048965454, 698.551147461, 871.402893066, 950.603393555, 623.633361816, 2012.31420898, 3432.22363281, 3677.00805664, 2949.09375, 9163.45117188, 13403.2900391, 3919.30688477, 1972.30651855, 953.409912109, 1174.71948242, 1950.81945801, 2180.54785156, 2507.68896484, 1677.59643555, 1664.56933594, 2542.40136719, 1141.7520752, 635.427978516, 1005.85131836, 317.981719971, 719.072570801, 1024.36938477, 1716.99243164, 2164.21289062, 1170.8449707, 424.994476318, 243.158370972, 283.688323975, 90.298789978, 16.2389793396, 1.90058815479, 0.0990265831351, 0.00183697417378, 8.0840100054e-06],
        "max": [8.32968330383, 53.514667511, 175.971908569, 170.768249512, 198.647506714, 213.229049683, 487.058807373, 1031.8380127, 868.703430176, 1159.67626953, 1426.99353027, 1914.57995605, 1457.80566406, 1782.76367188, 919.195983887, 738.160583496, 847.239013672, 1552.1463623, 1058.90576172, 565.652770996, 1079.58618164, 761.281738281, 595.818664551, 277.956695557, 256.404846191, 155.849975586, 151.683807373, 255.92199707, 247.776260376, 337.644134521, 352.447418213, 234.344314575, 113.830909729, 145.074737549, 61.5096664429, 28.9171199799, 20.7325611115, 6.16357803345, 0.962079823017, 0.0612601675093],
        "mean": [0.4509306252, 3.30638718605, 8.97293376923, 13.4219694138, 12.3271856308, 11.8993234634, 22.8223628998, 30.4598045349, 17.4443664551, 12.3812437057, 25.322807312, 41.1777610779, 18.8508968353, 10.9360351562, 7.19576358795, 8.64418315887, 9.04102420807, 10.6724662781, 11.5220775604, 12.8143539429, 19.4341850281, 22.2084255219, 18.7677574158, 12.5171260834, 9.67094421387, 7.63920354843, 9.87445068359, 12.1439657211, 12.5163707733, 12.8459005356, 10.9166297913, 7.80983400345, 5.92268180847, 4.59740877151, 2.66360735893, 1.13291060925, 0.393038749695, 0.089190505445, 0.0125512974337, 0.000830102770124],
        "median": [0.116078652442, 1.15300548077, 2.97574186325, 5.33857297897, 3.94077587128, 3.92086958885, 8.88505077362, 8.73345184326, 3.45443868637, 2.33595061302, 6.44013166428, 9.26246643066, 3.97389388084, 2.63149738312, 2.20459270477, 2.39188456535, 2.95016169548, 2.49838972092, 3.32974290848, 4.83756875992, 6.91963720322, 9.89810371399, 9.65235805511, 6.84068584442, 4.20058870316, 2.99150490761, 2.45957183838, 2.50415945053, 2.41171383858, 2.4586956501, 2.19311785698, 1.95355772972, 1.73402917385, 1.10511028767, 0.597773432732, 0.232078135014, 0.0619035027921, 0.0125832911581, 0.00169038330205, 0.000168507234775],
        "min": [1.66836331685e-22, 1.66922089069e-21, 4.57708194273e-21, 8.65902358743e-21, 1.95710205916e-20, 1.36116382581e-20, 5.05802591506e-20, 8.42759266921e-20, 1.76944143536e-19, 2.07634340794e-19, 4.61527594123e-19, 5.12640945329e-19, 9.51873437004e-19, 1.12245875883e-18, 1.62258373771e-18, 1.72403247675e-18, 2.38976945742e-18, 2.67310301225e-18, 3.5465335676e-18, 4.00406494878e-18, 5.43053584718e-18, 6.34922290141e-18, 6.34834195406e-18, 5.8828522682e-18, 8.38016264987e-18, 8.95609625035e-18, 8.20979074065e-18, 1.19102179525e-17, 1.50072913537e-17, 1.36534936488e-17, 1.36175716764e-17, 1.36767680297e-17, 1.1901262068e-17, 9.61058388488e-18, 7.53767588726e-18, 5.16141180771e-18, 2.40057284981e-18, 9.01404976483e-19, 2.71778539609e-19, 3.08550323827e-20],
        "var": [0.745401859283, 38.3511123657, 356.457550049, 399.809020996, 407.690765381, 380.691680908, 1416.16625977, 3989.75341797, 1972.6685791, 1224.45410156, 3858.5222168, 10288.3007812, 2851.41333008, 1890.42419434, 515.098999023, 474.500854492, 675.567810059, 1223.08654785, 898.823913574, 743.350708008, 1676.20751953, 1694.6953125, 782.19720459, 329.868408203, 307.05670166, 133.101196289, 323.217407227, 581.028869629, 731.21661377, 892.947937012, 513.150695801, 223.103439331, 125.24874115, 117.015991211, 37.1220283508, 7.25604772568, 1.28910195827, 0.0780798494816, 0.00184889347292, 8.94465938472e-06]
    },
    "gfcc": {
        "mean": [-24.7213993073, 59.3056106567, -82.5114364624, 27.626581192, -49.8932876587, 5.79154443741, -37.1169242859, 13.746881485, -15.3186321259, -1.00420320034, -13.6897525787, 3.24503397942, -7.11037778854],
        "cov": [[21403.0136719, 164.82989502, 2451.34179688, 2487.61450195, -638.503723145, 640.709838867, -715.065368652, -8.72381496429, -615.078308105, -121.597229004, -937.403991699, -213.452362061, -643.723449707], [164.82989502, 5198.51611328, -22.3772411346, -227.452911377, 537.124389648, -333.79296875, 394.991149902, -11.5911092758, 227.692108154, -277.256500244, 370.248413086, -159.039886475, 151.824111938], [2451.34179688, -22.3772411346, 3252.35131836, 1139.92456055, 40.977306366, 662.404052734, 57.3476066589, 25.2928848267, -202.249069214, 138.586532593, -197.153945923, 8.77509403229, -211.49961853], [2487.61450195, -227.452911377, 1139.92456055, 1580.48205566, 233.504348755, 314.106567383, -36.4681472778, 71.6846008301, -145.517349243, -59.7981834412, -213.094421387, -90.8948745728, -195.641052246], [-638.503723145, 537.124389648, 40.977306366, 233.504348755, 577.608032227, 110.829093933, 148.252426147, 108.112625122, 55.4018783569, -57.8806228638, -17.5065193176, -45.6507492065, -9.72405433655], [640.709838867, -333.79296875, 662.404052734, 314.106567383, 110.829093933, 662.327087402, 135.595703125, 88.5745315552, 13.7970085144, 44.642074585, -109.674377441, -47.7665481567, -81.1968154907], [-715.065368652, 394.991149902, 57.3476066589, -36.4681472778, 148.252426147, 135.595703125, 331.207183838, 90.9779968262, 79.1297073364, -4.73257875443, 40.9035987854, -37.6185722351, 8.20394229889], [-8.72381496429, -11.5911092758, 25.2928848267, 71.6846008301, 108.112625122, 88.5745315552, 90.9779968262, 259.545593262, 89.6089401245, 4.86927938461, -32.0818748474, -3.0275759697, -13.8349142075], [-615.078308105, 227.692108154, -202.249069214, -145.517349243, 55.4018783569, 13.7970085144, 79.1297073364, 89.6089401245, 232.552856445, 62.1647605896, 67.2660369873, -14.4814968109, 47.9861564636], [-121.597229004, -277.256500244, 138.586532593, -59.7981834412, -57.8806228638, 44.642074585, -4.73257875443, 4.86927938461, 62.1647605896, 199.693603516, 71.7931060791, 47.8262786865, 3.96479010582], [-937.403991699, 370.248413086, -197.153945923, -213.094421387, -17.5065193176, -109.674377441, 40.9035987854, -32.0818748474, 67.2660369873, 71.7931060791, 232.556884766, 72.0112457275, 74.9466705322], [-213.452362061, -159.039886475, 8.77509403229, -90.8948745728, -45.6507492065, -47.7665481567, -37.6185722351, -3.0275759697, -14.4814968109, 47.8262786865, 72.0112457275, 133.88394165, 64.0620803833], [-643.723449707, 151.824111938, -211.49961853, -195.641052246, -9.72405433655, -81.1968154907, 8.20394229889, -13.8349142075, 47.9861564636, 3.96479010582, 74.9466705322, 64.0620803833, 139.430908203]],
        "icov": [[0.000101730038295, -0.00012140317267, 5.15158426424e-05, -0.000137600232847, 0.000225903189857, -0.000102455676824, 0.000162350974279, -4.43000499217e-05, 0.000106226434582, -0.000239468150539, 0.000504317926243, -0.000293934892397, 0.000263293535681], [-0.00012140317267, 0.000556152604986, -0.000266487710178, 0.000242789159529, -0.000549588003196, 0.000379697390599, -0.000331023649778, 0.000100814882899, -0.00040442039608, 0.00111499626655, -0.00156899017747, 0.00120543676894, -0.000620377832092], [5.15158426424e-05, -0.000266487710178, 0.000682949728798, -0.000424677913543, 0.000342742685461, -0.000516421510838, -7.27496808395e-05, 7.8086843132e-05, 0.000495529035106, -0.000989584601484, 0.000931032816879, -0.000994859728962, 0.000517521926668], [-0.000137600232847, 0.000242789159529, -0.000424677913543, 0.00131209136453, -0.000790703983512, 9.23439802136e-05, 0.000174096727278, -0.000183037729585, 5.99916456849e-05, 0.000751867366489, -0.000755977875087, 0.000817773747258, 0.000256044761045], [0.000225903189857, -0.000549588003196, 0.000342742685461, -0.000790703983512, 0.00300490250811, -0.000546447408851, -0.000310712581268, -0.000602130661719, 8.89428993105e-05, -0.000448092498118, 0.00155785353854, -0.00104301248211, 0.000525669311173], [-0.000102455676824, 0.000379697390599, -0.000516421510838, 9.23439802136e-05, -0.000546447408851, 0.0026551883202, -0.001173042343, -2.28938934015e-05, -0.00059720070567, 7.64169817558e-05, -1.32846234919e-05, 0.000785815238487, -0.000115913753689], [0.000162350974279, -0.000331023649778, -7.27496808395e-05, 0.000174096727278, -0.000310712581268, -0.001173042343, 0.00502779055387, -0.00140993227251, 0.000113695306936, -6.35225933365e-06, -0.000779904657975, 0.00134275888558, -0.000133266890771], [-4.43000499217e-05, 0.000100814882899, 7.8086843132e-05, -0.000183037729585, -0.000602130661719, -2.28938934015e-05, -0.00140993227251, 0.0059505389072, -0.00307398103178, 0.000670308363624, 0.0015860227868, -0.00275412457995, 0.00161714071874], [0.000106226434582, -0.00040442039608, 0.000495529035106, 5.99916456849e-05, 8.89428993105e-05, -0.00059720070567, 0.000113695306936, -0.00307398103178, 0.00867875479162, -0.00387156265788, -0.000606214161962, 0.00360511755571, -0.00309395138174], [-0.000239468150539, 0.00111499626655, -0.000989584601484, 0.000751867366489, -0.000448092498118, 7.64169817558e-05, -6.35225933365e-06, 0.000670308363624, -0.00387156265788, 0.0103224441409, -0.00511886179447, -0.000609697366599, 0.00138486723881], [0.000504317926243, -0.00156899017747, 0.000931032816879, -0.000755977875087, 0.00155785353854, -1.32846234919e-05, -0.000779904657975, 0.0015860227868, -0.000606214161962, -0.00511886179447, 0.0129135623574, -0.0071357768029, 0.00138394511305], [-0.000293934892397, 0.00120543676894, -0.000994859728962, 0.000817773747258, -0.00104301248211, 0.000785815238487, 0.00134275888558, -0.00275412457995, 0.00360511755571, -0.000609697366599, -0.0071357768029, 0.0178468264639, -0.00858622882515], [0.000263293535681, -0.000620377832092, 0.000517521926668, 0.000256044761045, 0.000525669311173, -0.000115913753689, -0.000133266890771, 0.00161714071874, -0.00309395138174, 0.00138486723881, 0.00138394511305, -0.00858622882515, 0.0145713528618]]
    },
    "melbands": {
        "dmean": [0.00222299667075, 0.00292192935012, 0.00154687010217, 0.000512245402206, 0.000449814397143, 0.000393914699089, 0.000201293325517, 0.000132190602017, 0.000193069005036, 0.000182758813025, 6.90785163897e-05, 3.58554061677e-05, 1.91693125089e-05, 2.16093030758e-05, 2.21353529923e-05, 1.8237180484e-05, 1.71956635313e-05, 1.73161388375e-05, 1.67491471075e-05, 1.47141372508e-05, 1.35911523103e-05, 1.63581116794e-05, 1.21989087347e-05, 8.54748668644e-06, 6.70156759952e-06, 5.53382369617e-06, 5.23307653566e-06, 3.59572936759e-06, 4.87430361318e-06, 5.11995904162e-06, 5.82293932894e-06, 6.52408880342e-06, 5.35695926374e-06, 7.34714058126e-06, 5.91144271311e-06, 4.59109833173e-06, 3.48261005456e-06, 3.19734726872e-06, 3.4043305277e-06, 3.57639169124e-06],
        "dmean2": [0.00316230766475, 0.00442659761757, 0.00245349342003, 0.000834051636048, 0.000715898640919, 0.000610022631008, 0.000328715104843, 0.000217762353714, 0.00030885761953, 0.000278934312519, 0.000105790197267, 5.61519773328e-05, 3.15319593938e-05, 3.74880983145e-05, 3.65138221241e-05, 3.12842712447e-05, 2.89074505417e-05, 3.05056037178e-05, 2.92070126306e-05, 2.40151748585e-05, 2.18186814891e-05, 2.67892373813e-05, 2.04101997952e-05, 1.4081793779e-05, 1.14605791168e-05, 9.73554324446e-06, 8.90348474059e-06, 6.05361356065e-06, 8.19385786599e-06, 8.40436860017e-06, 9.46201998886e-06, 1.09204902401e-05, 8.68974530022e-06, 1.19115466077e-05, 9.53670405579e-06, 7.5265961641e-06, 5.53790141566e-06, 5.08965149493e-06, 5.50362574359e-06, 5.85791622143e-06],
        "dvar": [1.95199136215e-05, 5.72482495045e-05, 9.99518761091e-06, 1.17538968425e-06, 8.0252442558e-07, 6.83297230353e-07, 3.00665675468e-07, 1.51053470177e-07, 2.95676102269e-07, 2.50284102776e-07, 4.92040008737e-08, 1.72727556702e-08, 5.17177634052e-09, 3.81814491135e-09, 5.52341061777e-09, 4.18502477117e-09, 3.88653464967e-09, 3.00785463203e-09, 2.90129342773e-09, 1.48684209389e-09, 9.39502475816e-10, 1.49089918189e-09, 5.35876731877e-10, 2.59440524619e-10, 1.65595662183e-10, 1.85528925556e-10, 1.220963608e-10, 4.75666867006e-11, 1.45251657924e-10, 1.10793138552e-10, 1.82721615616e-10, 2.86164619778e-10, 1.54256954432e-10, 3.83848869356e-10, 2.03450839509e-10, 9.29099228109e-11, 5.64605723286e-11, 4.17791877483e-11, 7.02100530492e-11, 9.08612976525e-11],
        "dvar2": [4.68368343718e-05, 0.000122802797705, 2.70484251814e-05, 3.12519318868e-06, 1.97146346181e-06, 1.59459148108e-06, 7.81223661761e-07, 3.81227152957e-07, 7.41038547858e-07, 5.62947263916e-07, 1.028674248e-07, 3.3916336406e-08, 1.20507364088e-08, 1.00525792135e-08, 1.45993217515e-08, 1.14172120647e-08, 9.97179050444e-09, 7.88816389985e-09, 8.07948996595e-09, 3.57989016209e-09, 2.09914974292e-09, 3.46490414138e-09, 1.42499179123e-09, 6.71552702336e-10, 4.57599041992e-10, 5.3557885904e-10, 3.38661015897e-10, 1.28234062258e-10, 3.88935689211e-10, 2.58173454837e-10, 4.0093736664e-10, 7.49111273013e-10, 3.78622133645e-10, 9.55442169825e-10, 5.0430454257e-10, 2.21983154081e-10, 1.34450242606e-10, 9.89933690576e-11, 1.75607722808e-10, 2.24883972555e-10],
        "max": [0.0587707087398, 0.0800145715475, 0.0284974295646, 0.0128629729152, 0.0133965425193, 0.0199478119612, 0.0111945047975, 0.0105401333421, 0.0136814741418, 0.0128123760223, 0.00782085116953, 0.00667271437123, 0.00288651348092, 0.002372486284, 0.00432437425479, 0.00223562028259, 0.00357259484008, 0.00172211043537, 0.00204093940556, 0.00113065249752, 0.00111107807606, 0.00102820119355, 0.000491741171572, 0.000306778325466, 0.000242301699473, 0.000236132080317, 0.000155969319167, 0.000133917113999, 0.000118035124615, 9.55238792812e-05, 0.000178953778232, 0.000145838959725, 0.000137875103974, 0.000236675594351, 0.000231002544751, 0.000172536078026, 0.000121290111565, 6.49688881822e-05, 0.000116896721011, 0.00012134687131],
        "mean": [0.00410100491717, 0.00468721799552, 0.00232707266696, 0.000821080699097, 0.000744432792999, 0.000670533569064, 0.000251608667895, 0.000138216695632, 0.000227010154049, 0.000259764143266, 8.89953589649e-05, 4.72726169392e-05, 2.38723478105e-05, 2.22731123358e-05, 2.38618886215e-05, 1.99145924853e-05, 1.95672346308e-05, 1.777883881e-05, 1.85583357961e-05, 2.03611034522e-05, 2.07001794479e-05, 2.43092781602e-05, 1.81197428901e-05, 1.35323789436e-05, 9.89244199445e-06, 7.30657984604e-06, 6.10055667494e-06, 4.78379661217e-06, 5.98856922807e-06, 6.48055674901e-06, 7.15833994036e-06, 7.33147408027e-06, 6.27478402748e-06, 7.73206738813e-06, 6.51621849102e-06, 5.44829390492e-06, 4.45129808213e-06, 4.07987408835e-06, 3.9156029743e-06, 3.89856404581e-06],
        "median": [0.00136114703491, 0.00171770132147, 0.00101253646426, 0.000287873466732, 0.000305811467115, 0.000216828280827, 4.29059618909e-05, 2.10515263461e-05, 5.19123132108e-05, 5.30894576514e-05, 1.43374581967e-05, 8.85504141479e-06, 6.90404795023e-06, 5.60251282877e-06, 5.84744157095e-06, 5.13463783136e-06, 3.79793686989e-06, 4.29778538091e-06, 5.36833022124e-06, 7.0822111411e-06, 6.78713104207e-06, 9.07680623641e-06, 8.44172427605e-06, 7.06003356754e-06, 4.87089891976e-06, 3.08691051032e-06, 2.25041526392e-06, 1.71923500147e-06, 1.49578386299e-06, 1.46714751281e-06, 1.35747109198e-06, 1.3334013147e-06, 1.3082778878e-06, 1.29885961542e-06, 1.21026425859e-06, 1.22486312648e-06, 1.11803558411e-06, 1.18511513847e-06, 1.04618834484e-06, 8.45953138651e-07],
        "min": [2.06377234352e-24, 2.97641183566e-24, 3.20750134088e-24, 2.56595133502e-24, 1.96289912185e-24, 1.8673236928e-24, 2.7959652284e-24, 2.30909723821e-24, 3.20166238968e-24, 3.47206043937e-24, 5.23295575201e-24, 4.61585195396e-24, 4.47196727472e-24, 3.54106486377e-24, 2.38278631309e-24, 5.84688044061e-24, 4.31816937492e-24, 3.82135305985e-24, 5.19111299187e-24, 3.70409953591e-24, 4.79449305582e-24, 4.92626674801e-24, 6.9952493206e-24, 4.67773217552e-24, 3.94911973307e-24, 5.69624074544e-24, 5.55303054227e-24, 4.87557927941e-24, 3.91001037597e-24, 5.71228578182e-24, 6.07842571022e-24, 7.72126246636e-24, 5.59053851174e-24, 7.41683394329e-24, 6.84948044709e-24, 7.33094197906e-24, 8.55885683172e-24, 8.51540952851e-24, 7.42596264168e-24, 7.59029814546e-24],
        "var": [4.56118141301e-05, 8.62999513629e-05, 1.17151712402e-05, 1.48339972839e-06, 1.39682299505e-06, 1.71642500391e-06, 4.07998584251e-07, 1.66435555116e-07, 3.200276808e-07, 4.44633769803e-07, 7.75961268573e-08, 3.45522188638e-08, 7.79871989209e-09, 4.08111633377e-09, 4.94490715042e-09, 4.48010828435e-09, 4.70140859576e-09, 2.71681122044e-09, 2.8982263256e-09, 2.18314699652e-09, 1.90752214024e-09, 2.52941223522e-09, 7.71628372309e-10, 4.02803540522e-10, 2.2982123149e-10, 1.81178974601e-10, 1.15407954027e-10, 5.32973942757e-11, 1.40053912911e-10, 1.36961914032e-10, 2.30168883952e-10, 2.78956469035e-10, 1.77877726437e-10, 3.72999020559e-10, 2.02954930639e-10, 1.09796741143e-10, 7.17584047738e-11, 5.55265000646e-11, 7.19859380438e-11, 9.16794487549e-11]
    },
    "mfcc": {
        "mean": [-678.374206543, 99.1462554932, 23.6954746246, 25.6830596924, 13.5928459167, -2.23325681686, -3.51800298691, 8.21594715118, 2.85545706749, 0.510377883911, 1.51397120953, 1.54025316238, -2.81561803818],
        "cov": [[14143.6220703, -1263.91333008, 1196.85119629, 1418.53027344, 575.388122559, 527.566711426, -157.067672729, 3.46837759018, 64.923828125, -87.4162139893, -192.403579712, -252.721923828, -320.911407471], [-1263.91333008, 3189.71826172, -185.058486938, 147.154098511, 171.075424194, -124.998191833, 195.364868164, 173.284393311, -3.17732930183, 52.2908859253, 87.2115097046, 114.729660034, 108.701698303], [1196.85119629, -185.058486938, 2546.29516602, 690.689086914, 336.005523682, 604.697143555, 263.20010376, 68.6634292603, 63.98802948, 22.7337150574, 51.2550964355, 37.9394874573, -6.27496385574], [1418.53027344, 147.154098511, 690.689086914, 1075.73388672, 401.126525879, 178.448257446, 144.933364868, 86.3024520874, 29.7289409637, -41.69764328, -23.8438034058, -23.0768413544, -27.8178958893], [575.388122559, 171.075424194, 336.005523682, 401.126525879, 485.457519531, 199.103744507, 105.197784424, 127.46685791, 94.1072158813, 31.646905899, -1.80934631824, -20.7569961548, -24.1354885101], [527.566711426, -124.998191833, 604.697143555, 178.448257446, 199.103744507, 479.148742676, 195.378509521, 91.6922683716, 82.6816940308, 73.8031997681, 21.207660675, -0.195768371224, -19.8982524872], [-157.067672729, 195.364868164, 263.20010376, 144.933364868, 105.197784424, 195.378509521, 280.45098877, 148.328842163, 54.0191001892, 44.9024467468, 35.1278533936, 7.75997209549, -11.885966301], [3.46837759018, 173.284393311, 68.6634292603, 86.3024520874, 127.46685791, 91.6922683716, 148.328842163, 251.14491272, 129.962280273, 63.6932182312, 28.344455719, -2.48934698105, -27.1802558899], [64.923828125, -3.17732930183, 63.98802948, 29.7289409637, 94.1072158813, 82.6816940308, 54.0191001892, 129.962280273, 209.972381592, 108.336799622, 37.9845275879, 1.56029057503, -20.3721637726], [-87.4162139893, 52.2908859253, 22.7337150574, -41.69764328, 31.646905899, 73.8031997681, 44.9024467468, 63.6932182312, 108.336799622, 171.906219482, 90.151260376, 31.8694629669, 4.06608200073], [-192.403579712, 87.2115097046, 51.2550964355, -23.8438034058, -1.80934631824, 21.207660675, 35.1278533936, 28.344455719, 37.9845275879, 90.151260376, 125.180931091, 70.7430267334, 30.6751441956], [-252.721923828, 114.729660034, 37.9394874573, -23.0768413544, -20.7569961548, -0.195768371224, 7.75997209549, -2.48934698105, 1.56029057503, 31.8694629669, 70.7430267334, 119.468223572, 82.3594436646], [-320.911407471, 108.701698303, -6.27496385574, -27.8178958893, -24.1354885101, -19.8982524872, -11.885966301, -27.1802558899, -20.3721637726, 4.06608200073, 30.6751441956, 82.3594436646, 127.043373108]],
