{
"lowlevel": {
    "average_loudness": 0.953867197037,
    "barkbands_crest": {
        "dmean": 2.3734664917,
        "dmean2": 3.79321479797,
        "dvar": 5.34106349945,
        "dvar2": 13.5611028671,
        "max": 26.7339305878,
        "mean": 11.2796440125,
        "median": 10.5561113358,
        "min": 2.50981783867,
        "var": 21.651473999
    },
    "barkbands_flatness_db": {
        "dmean": 0.0306344553828,
        "dmean2": 0.044127818197,
        "dvar": 0.00126966170501,
        "dvar2": 0.00298670493066,
        "max": 0.562246918678,
        "mean": 0.178745612502,
        "median": 0.159014984965,
        "min": 0.0190357379615,
        "var": 0.00885362736881
    },
    "barkbands_kurtosis": {
        "dmean": 9.30766391754,
        "dmean2": 15.2498626709,
        "dvar": 2521.71826172,
        "dvar2": 7213.69580078,
        "max": 2313.75683594,
        "mean": 13.5550765991,
        "median": 5.15270709991,
        "min": -1.91595995426,
        "var": 1872.69763184
    },
    "barkbands_skewness": {
        "dmean": 0.865694642067,
        "dmean2": 1.33334505558,
        "dvar": 1.68154406548,
        "dvar2": 4.43386602402,
        "max": 40.8942108154,
        "mean": 2.47639870644,
        "median": 2.11635065079,
        "min": -4.10172748566,
        "var": 3.97774720192
    },
    "barkbands_spread": {
        "dmean": 6.62620162964,
        "dmean2": 9.9246711731,
        "dvar": 75.5150299072,
        "dvar2": 166.697616577,
        "max": 95.6150360107,
        "mean": 19.1384868622,
        "median": 14.4751691818,
        "min": 0.077428817749,
        "var": 255.378753662
    },
    "dissonance": {
        "dmean": 0.0217144023627,
        "dmean2": 0.0355063267052,
        "dvar": 0.000659876037389,
        "dvar2": 0.00161924981512,
        "max": 0.500000059605,
        "mean": 0.45830193162,
        "median": 0.470855653286,
        "min": 0.0909733325243,
        "var": 0.00190240552183
    },
    "dynamic_complexity": 3.06734704971,
    "erbbands_crest": {
        "dmean": 2.66795325279,
        "dmean2": 4.31969356537,
        "dvar": 7.28890609741,
        "dvar2": 18.3133773804,
        "max": 30.9870319366,
        "mean": 8.88309288025,
        "median": 7.77242708206,
        "min": 1.91853988171,
        "var": 22.0676345825
    },
    "erbbands_flatness_db": {
        "dmean": 0.0198988057673,
        "dmean2": 0.0264122579247,
        "dvar": 0.000495755986776,
        "dvar2": 0.000860499916598,
        "max": 0.524538457394,
        "mean": 0.158328011632,
        "median": 0.135513842106,
        "min": 0.0488249137998,
        "var": 0.00550531083718
    },
    "erbbands_kurtosis": {
        "dmean": 1.80893039703,
        "dmean2": 2.90129065514,
        "dvar": 48.5312156677,
        "dvar2": 129.951583862,
        "max": 275.000152588,
        "mean": 1.3314666748,
        "median": -0.336271047592,
        "min": -1.87518441677,
        "var": 51.8415031433
    },
    "erbbands_skewness": {
        "dmean": 0.472570359707,
        "dmean2": 0.718167126179,
        "dvar": 0.368681788445,
        "dvar2": 0.84179610014,
        "max": 11.8042936325,
        "mean": 0.588499367237,
        "median": 0.452660351992,
        "min": -4.28388214111,
        "var": 1.07738697529
    },
    "erbbands_spread": {
        "dmean": 11.9666118622,
        "dmean2": 16.1516342163,
        "dvar": 168.400360107,
        "dvar2": 292.04473877,
        "max": 161.814224243,
        "mean": 48.9045524597,
        "median": 45.1727981567,
        "min": 0.417136192322,
        "var": 796.366088867
    },
    "hfc": {
        "dmean": 7.29172182083,
        "dmean2": 11.1070337296,
        "dvar": 127.03792572,
        "dvar2": 294.19229126,
        "max": 228.145217896,
        "mean": 22.7852306366,
        "median": 16.2754802704,
        "min": 1.08596671417e-16,
        "var": 384.307037354
    },
    "melbands_crest": {
        "dmean": 3.29226732254,
        "dmean2": 5.34582519531,
        "dvar": 10.1478157043,
        "dvar2": 26.820148468,
        "max": 34.0592918396,
        "mean": 17.523525238,
        "median": 17.530122757,
        "min": 1.0018351078,
        "var": 38.1674919128
    },
    "melbands_flatness_db": {
        "dmean": 0.0372942015529,
        "dmean2": 0.0526164658368,
        "dvar": 0.00184694246855,
        "dvar2": 0.00430746562779,
        "max": 0.68010866642,
        "mean": 0.254037886858,
        "median": 0.235484614968,
        "min": 2.15716724483e-07,
        "var": 0.0144731635228
    },
    "melbands_kurtosis": {
        "dmean": 19.7642250061,
        "dmean2": 31.7815189362,
        "dvar": 1482.14880371,
        "dvar2": 3928.14868164,
        "max": 724.767822266,
        "mean": 34.4235610962,
        "median": 16.4966487885,
        "min": -1.80398130417,
        "var": 2361.9140625
    },
    "melbands_skewness": {
        "dmean": 1.15099799633,
        "dmean2": 1.74963784218,
        "dvar": 2.06054401398,
        "dvar2": 4.88826131821,
        "max": 23.3691101074,
        "mean": 3.99018836021,
        "median": 3.39772248268,
        "min": -3.26633000374,
        "var": 6.46636962891
    },
    "melbands_spread": {
        "dmean": 6.62417984009,
        "dmean2": 10.245967865,
        "dvar": 134.614761353,
        "dvar2": 319.42276001,
        "max": 232.890380859,
        "mean": 17.9361152649,
        "median": 10.6400194168,
        "min": 0.21197925508,
        "var": 518.377746582
    },
    "pitch_salience": {
        "dmean": 0.0776496976614,
        "dmean2": 0.127215996385,
        "dvar": 0.00578401703387,
        "dvar2": 0.0154941622168,
        "max": 0.996083438396,
        "mean": 0.515536606312,
        "median": 0.523553669453,
        "min": 0.0565057322383,
        "var": 0.0190385356545
    },
    "silence_rate_20dB": {
        "dmean": 0,
        "dmean2": 0,
        "dvar": 0,
        "dvar2": 0,
        "max": 1,
        "mean": 1,
        "median": 1,
        "min": 1,
        "var": 0
    },
    "silence_rate_30dB": {
        "dmean": 0.0380482636392,
        "dmean2": 0.076103232801,
        "dvar": 0.0365975610912,
        "dvar2": 0.0947941541672,
        "max": 1,
        "mean": 0.972787320614,
        "median": 1,
        "min": 0,
        "var": 0.0264717824757
    },
    "silence_rate_60dB": {
        "dmean": 0.0176149383187,
        "dmean2": 0.0352329798043,
        "dvar": 0.017301671207,
        "dvar2": 0.0362875275314,
        "max": 1,
        "mean": 0.0940554812551,
        "median": 0,
        "min": 0,
        "var": 0.0852126702666
    },
    "spectral_centroid": {
        "dmean": 267.084289551,
        "dmean2": 406.040466309,
        "dvar": 121454.851562,
        "dvar2": 274917.3125,
        "max": 11761.0742188,
        "mean": 1103.93701172,
        "median": 812.087402344,
        "min": 134.582489014,
        "var": 1066892.5
    },
    "spectral_complexity": {
        "dmean": 3.90734553337,
        "dmean2": 6.36924171448,
        "dvar": 24.8403587341,
        "dvar2": 66.2030334473,
        "max": 54,
        "mean": 18.2315273285,
        "median": 14,
        "min": 0,
        "var": 157.343566895
    },
    "spectral_decrease": {
        "dmean": 3.15565085174e-09,
        "dmean2": 4.95669016942e-09,
        "dvar": 2.27026584714e-17,
        "dvar2": 5.27743977048e-17,
        "max": 6.07871509217e-19,
        "mean": -1.09051159214e-08,
        "median": -1.00381400969e-08,
        "min": -4.95411107693e-08,
        "var": 5.33912726097e-17
    },
    "spectral_energy": {
        "dmean": 0.012139255181,
        "dmean2": 0.0190822687,
        "dvar": 0.00033142886241,
        "dvar2": 0.000765199889429,
        "max": 0.190214440227,
        "mean": 0.0432250760496,
        "median": 0.0404566898942,
        "min": 1.00591592523e-20,
        "var": 0.000795155181549
    },
    "spectral_energyband_high": {
        "dmean": 0.000626220309641,
        "dmean2": 0.000894404016435,
        "dvar": 1.27163116304e-06,
        "dvar2": 2.70495047516e-06,
        "max": 0.0278903674334,
        "mean": 0.00121940230019,
        "median": 0.000443305732915,
        "min": 7.07562298822e-21,
        "var": 3.19930791193e-06
    },
    "spectral_energyband_low": {
        "dmean": 0.00980392843485,
        "dmean2": 0.0158703457564,
        "dvar": 0.000285144487862,
        "dvar2": 0.000762569950894,
        "max": 0.168954327703,
        "mean": 0.024333819747,
        "median": 0.0188036952168,
        "min": 1.53663446351e-23,
        "var": 0.000516852538567
    },
    "spectral_energyband_middle_high": {
        "dmean": 0.00139673636295,
        "dmean2": 0.00238300464116,
        "dvar": 6.22216066404e-06,
        "dvar2": 1.67409270944e-05,
        "max": 0.0651522353292,
        "mean": 0.00335596571676,
        "median": 0.00193567597307,
        "min": 1.29158204296e-21,
        "var": 1.60720792337e-05
    },
    "spectral_energyband_middle_low": {
        "dmean": 0.00778275635093,
        "dmean2": 0.0126896901056,
        "dvar": 0.000159149931278,
        "dvar2": 0.000414235284552,
        "max": 0.126855775714,
        "mean": 0.0197220910341,
        "median": 0.0150549681857,
        "min": 1.68861747836e-22,
        "var": 0.000313211319735
    },
    "spectral_entropy": {
        "dmean": 0.256099164486,
        "dmean2": 0.343854725361,
        "dvar": 0.103701904416,
        "dvar2": 0.190212339163,
        "max": 9.81746292114,
        "mean": 7.3011097908,
        "median": 7.5772190094,
        "min": 3.65959668159,
        "var": 0.766263246536
    },
    "spectral_flux": {
        "dmean": 0.0295611042529,
        "dmean2": 0.0448848754168,
        "dvar": 0.00146420369856,
        "dvar2": 0.00274374755099,
        "max": 0.355540663004,
        "mean": 0.0868779271841,
        "median": 0.0756279602647,
        "min": 6.42172495735e-11,
        "var": 0.0034179831855
    },
    "spectral_kurtosis": {
        "dmean": 3.48556089401,
        "dmean2": 5.30282497406,
        "dvar": 56.0647087097,
        "dvar2": 127.027328491,
        "max": 154.490692139,
        "mean": 9.36342906952,
        "median": 2.90542030334,
        "min": -1.24492895603,
        "var": 343.808532715
    },
    "spectral_rms": {
        "dmean": 0.000859987281729,
        "dmean2": 0.00132405583281,
        "dvar": 1.16889327728e-06,
        "dvar2": 2.5820143037e-06,
        "max": 0.013622594066,
        "mean": 0.00600911490619,
        "median": 0.00628251070157,
        "min": 3.13270069607e-12,
        "var": 6.06152070759e-06
    },
    "spectral_rolloff": {
        "dmean": 549.776733398,
        "dmean2": 910.628723145,
        "dvar": 1293827.5,
        "dvar2": 2889437.25,
        "max": 20499.609375,
        "mean": 1339.90612793,
        "median": 559.86328125,
        "min": 86.1328125,
        "var": 4899389
    },
    "spectral_skewness": {
        "dmean": 0.366902410984,
        "dmean2": 0.538893461227,
        "dvar": 0.277431041002,
        "dvar2": 0.578886330128,
        "max": 10.5899591446,
        "mean": 1.98656737804,
        "median": 1.42523527145,
        "min": -0.262817502022,
        "var": 2.41682434082
    },
    "spectral_spread": {
        "dmean": 927322.25,
        "dmean2": 1118360.125,
        "dvar": 1.18197059584e+12,
        "dvar2": 1.66571016192e+12,
        "max": 41907756,
        "mean": 5349906.5,
        "median": 4884865,
        "min": 641394.8125,
        "var": 1.14938337034e+13
    },
    "spectral_strongpeak": {
        "dmean": 0.315309673548,
        "dmean2": 0.521509408951,
        "dvar": 0.311995536089,
        "dvar2": 0.800871908665,
        "max": 13.7236652374,
        "mean": 0.794798970222,
        "median": 0.680683493614,
        "min": 0,
        "var": 0.478116065264
    },
    "zerocrossingrate": {
        "dmean": 0.0134694064036,
        "dmean2": 0.0144475428388,
        "dvar": 0.000274695426924,
        "dvar2": 0.000338640267728,
        "max": 0.521484375,
        "mean": 0.0590626373887,
        "median": 0.04638671875,
        "min": 0.00341796875,
        "var": 0.00334963575006
    },
    "barkbands": {
        "dmean": [2.05932847166e-05, 0.00360586936586, 0.00573322596028, 0.00485393032432, 0.00279744551517, 0.00135218305513, 0.000866839371156, 0.000655527808703, 0.000505285104737, 0.000266587536316, 0.000238538152189, 0.000337339995895, 0.000321002677083, 0.000201507340535, 0.000151668631588, 0.00012319466623, 0.000180850358447, 0.000182102274266, 0.000217673747102, 0.000154885012307, 0.000108567459392, 0.00011918474047, 9.40907120821e-05, 0.000170302897459, 0.000127341816551, 3.80686433346e-05, 1.90919035958e-06],
        "dmean2": [3.57274184353e-05, 0.00616074446589, 0.00940698198974, 0.00793377496302, 0.00461055058986, 0.00215294980444, 0.00134634727146, 0.00104639062192, 0.000800964713562, 0.00043417874258, 0.00038928174763, 0.000577301892918, 0.000566124799661, 0.000353064853698, 0.000258683343418, 0.00021277515043, 0.000305319321342, 0.000300165993394, 0.000372126494767, 0.000262850982836, 0.000181528812391, 0.000198793408344, 0.0001360969909, 0.000236701074755, 0.000165550954989, 4.98548361065e-05, 2.80829704025e-06],
        "dvar": [1.57055701777e-09, 6.90530359861e-05, 8.95632183529e-05, 8.84917099029e-05, 2.53987018368e-05, 8.65413403517e-06, 2.27606324188e-06, 1.89724664779e-06, 8.03530895155e-07, 2.58220296701e-07, 7.20141940747e-07, 6.39254437829e-07, 5.46155945358e-07, 2.59370580125e-07, 1.17769054953e-07, 2.16832020783e-07, 3.8468067487e-07, 6.79549998495e-07, 1.93072466459e-07, 1.56464665224e-07, 5.61502950802e-08, 4.81447379741e-08, 2.56645105168e-08, 1.60623088163e-07, 5.98417742026e-08, 5.58205659473e-09, 2.56936659448e-11],
        "dvar2": [4.50672432706e-09, 0.000191816623555, 0.00024326008861, 0.000221197740757, 6.84245314915e-05, 1.86783727258e-05, 5.303699254e-06, 4.37972494183e-06, 1.86429645055e-06, 6.53976258036e-07, 1.72563613887e-06, 1.97165081772e-06, 1.56552039243e-06, 7.27851215743e-07, 3.20580426205e-07, 5.95747792431e-07, 1.04627429209e-06, 1.65798076068e-06, 5.28983321146e-07, 4.14263894299e-07, 1.39546500577e-07, 1.32429619271e-07, 5.53100285572e-08, 3.45713914385e-07, 1.00771167411e-07, 1.0131612882e-08, 5.52072866589e-11],
        "max": [0.000583875691518, 0.0894430950284, 0.11373142153, 0.113826856017, 0.0772035047412, 0.0829553380609, 0.0465629324317, 0.0306191015989, 0.0181367378682, 0.0123712960631, 0.0264398120344, 0.017975775525, 0.0138739198446, 0.013433448039, 0.00813271477818, 0.0168583281338, 0.027905844152, 0.0449091307819, 0.015253146179, 0.0197300445288, 0.00941815320402, 0.00330099021085, 0.00461066141725, 0.0104524372146, 0.00391985289752, 0.00117017549928, 0.000111091132567],
        "mean": [2.52240770351e-05, 0.00594870513305, 0.013007347472, 0.00856913812459, 0.00517810322344, 0.0022075145971, 0.00173124216963, 0.000997389550321, 0.000885369372554, 0.000434158369899, 0.000290419207886, 0.000515566440299, 0.000423841760494, 0.000263655791059, 0.0002435122733, 0.000175308363396, 0.000271678844001, 0.000335674791131, 0.000367102533346, 0.000260730041191, 0.000201356378966, 0.000179850205313, 0.000171317209606, 0.000273270678008, 0.00021436518, 5.11193175043e-05, 2.10777875509e-06],
        "median": [1.20872427942e-05, 0.00268105929717, 0.00818835850805, 0.00275455811061, 0.00321018509567, 0.00120871141553, 0.00081955967471, 0.00047917990014, 0.000390590634197, 0.000199800168048, 7.92947612354e-05, 0.000179051421583, 0.000139421579661, 0.000108088672278, 8.72654636623e-05, 6.39921054244e-05, 9.75820294116e-05, 9.50685862335e-05, 0.000118006588309, 6.34287425783e-05, 5.73223405809e-05, 6.83086473146e-05, 4.65532903036e-05, 5.96569880145e-05, 2.95855170407e-05, 7.62965100876e-06, 3.63532308256e-07],
        "min": [1.06909407825e-24, 1.63208044048e-24, 2.45761489754e-24, 9.9371309395e-25, 1.39696411589e-23, 6.91846475553e-24, 6.26769000746e-24, 1.60332255563e-23, 1.52439118449e-23, 1.93763738964e-23, 2.24995925493e-23, 2.48390053177e-23, 1.61072822403e-23, 2.42310775497e-23, 5.21133504675e-23, 6.53808801771e-23, 6.20360468301e-23, 9.25003025115e-23, 1.65936058376e-22, 1.89562379379e-22, 2.68415262012e-22, 3.11759142408e-22, 3.96530766372e-22, 6.26732041035e-22, 8.53952607923e-22, 1.20123376562e-21, 1.67193760143e-21],
        "var": [1.55194701534e-09, 7.89555924712e-05, 0.000206567201531, 0.000196419656277, 4.54925757367e-05, 1.60082254297e-05, 6.25055827186e-06, 3.06821334561e-06, 2.08159053727e-06, 4.60730859686e-07, 7.22213940207e-07, 1.00536408354e-06, 6.67466281357e-07, 2.466167075e-07, 2.06003306857e-07, 1.9137308982e-07, 3.88626148151e-07, 1.735494493e-06, 3.68768098724e-07, 2.19788873324e-07, 1.30217600258e-07, 6.51333849078e-08, 6.87790375764e-08, 2.6924826102e-07, 1.43602278513e-07, 9.5820444912e-09, 2.88912366253e-11]
    },
    "erbbands": {
        "dmean": [0.0396905168891, 1.05826818943, 5.84921121597, 11.2646770477, 13.1429452896, 8.9697971344, 7.12442016602, 12.8522853851, 12.9882421494, 11.8151922226, 17.0177383423, 9.44826126099, 9.82942295074, 8.94722270966, 8.74052333832, 15.5852947235, 13.4404697418, 12.7355642319, 8.92057037354, 5.11884832382, 8.73795127869, 8.70466327667, 9.77459526062, 10.6850748062, 10.4856863022, 7.31362867355, 5.60086679459, 3.42962384224, 4.33287334442, 4.03358268738, 2.54087996483, 2.67987656593, 3.38544297218, 1.77758789062, 0.758456349373, 0.258373051882, 0.055790681392, 0.00584620796144, 0.00035346893128, 2.30630867009e-05],
        "dmean2": [0.0658596083522, 1.81149756908, 9.76737880707, 17.9011859894, 21.8704853058, 14.7898273468, 11.6764039993, 20.2313518524, 20.600736618, 18.095331192, 26.8986606598, 15.0000247955, 15.6637248993, 14.6327590942, 14.3420228958, 26.8202400208, 23.5659046173, 22.4190006256, 15.266327858, 8.79639053345, 15.1367120743, 14.8178787231, 16.0816059113, 18.1545124054, 18.0336971283, 12.5412406921, 9.30584335327, 5.71528673172, 7.28429079056, 6.61529445648, 3.51069998741, 3.57684993744, 4.84345769882, 2.44874024391, 0.986015021801, 0.332337915897, 0.0752089172602, 0.00811930466443, 0.000509910227265, 3.43236533809e-05],
        "dvar": [0.00670136185363, 5.99803352356, 113.950592041, 373.103149414, 699.38079834, 204.553268433, 130.393539429, 1047.11938477, 662.383544922, 372.660247803, 1533.53466797, 232.217010498, 327.495483398, 632.674316406, 625.013183594, 1540.61743164, 951.973693848, 1270.4744873, 412.060913086, 165.021179199, 1458.81726074, 727.973815918, 2551.03442383, 470.477111816, 489.642333984, 314.58581543, 247.441635132, 39.2143516541, 59.5255622864, 72.40990448, 17.3898162842, 28.8001098633, 71.1762466431, 11.8909893036, 2.36118078232, 0.265948325396, 0.0117944376543, 0.000179270820809, 8.34268064409e-07, 1.48672429923e-09],
        "dvar2": [0.0176597163081, 16.7321128845, 314.808746338, 900.164367676, 1871.66540527, 538.521484375, 351.607452393, 2130.91894531, 1588.44055176, 793.497680664, 3506.27490234, 549.940979004, 782.852050781, 1521.30004883, 1539.49829102, 4789.47998047, 2729.61816406, 3586.36352539, 1122.64648438, 424.15045166, 4146.82275391, 1954.68688965, 6209.70166016, 1220.85437012, 1327.77905273, 850.461975098, 608.19909668, 101.901863098, 156.852767944, 205.454696655, 32.3316574097, 53.0711975098, 161.180419922, 21.512845993, 4.49836444855, 0.482011407614, 0.0226578898728, 0.000372550915927, 1.78098264314e-06, 3.16572212888e-09],
        "max": [1.00395488739, 26.1195373535, 105.467376709, 236.883804321, 319.495147705, 299.180938721, 205.226348877, 934.756225586, 744.553344727, 527.367004395, 833.82421875, 311.569732666, 357.289886475, 602.323730469, 708.649597168, 927.290466309, 713.933044434, 906.201721191, 516.633972168, 548.883666992, 1849.10852051, 971.717773438, 2798.76123047, 985.014221191, 892.345825195, 814.976867676, 784.86706543, 136.884872437, 121.299179077, 125.18157959, 117.017738342, 101.683013916, 233.638931274, 65.5345306396, 23.7355651855, 9.07441139221, 1.52359116077, 0.157931298018, 0.0192172750831, 0.00110301491804],
        "mean": [0.0685131624341, 1.8445725441, 12.6343774796, 25.4471855164, 21.5420913696, 17.1598796844, 12.6848154068, 20.0041923523, 22.7534828186, 24.934513092, 26.4440631866, 17.3301582336, 18.5353965759, 13.410574913, 12.9304590225, 24.3433952332, 19.1711959839, 16.8487415314, 14.2071676254, 8.28410148621, 12.7970247269, 13.9394006729, 17.8881072998, 19.5785770416, 17.5555419922, 12.2677621841, 9.90966701508, 6.42388725281, 6.80794620514, 5.68712520599, 4.89751720428, 4.8890337944, 4.9807806015, 3.01872205734, 1.14252007008, 0.358658879995, 0.0726829841733, 0.00714288419113, 0.000423888530349, 6.76711206324e-05],
        "median": [0.0408698059618, 0.979216635227, 8.06816482544, 11.8703985214, 10.2612104416, 10.8785104752, 8.85896205902, 9.46249103546, 12.1894350052, 10.7170610428, 12.169506073, 9.07587528229, 8.24707126617, 6.152156353, 5.84963035583, 7.96273326874, 6.49581813812, 7.42252349854, 5.51477718353, 2.55265522003, 5.16313409805, 4.63274049759, 4.95957946777, 5.85160493851, 5.44591331482, 3.22608971596, 2.80399847031, 1.61048746109, 2.51299142838, 1.97417807579, 1.37238872051, 1.23905026913, 0.9365645051, 0.459011375904, 0.153549909592, 0.0479854121804, 0.011354050599, 0.00125553784892, 0.000102203135611, 5.9619469539e-05],
        "min": [1.25122263163e-22, 4.90779323489e-22, 3.23194490285e-21, 7.03914383853e-21, 1.73881410383e-20, 3.67425679407e-20, 4.24828718121e-20, 8.24329165885e-20, 1.05221606755e-19, 2.26935811982e-19, 3.67485637077e-19, 4.30360152425e-19, 6.00042761707e-19, 8.19564708954e-19, 1.0489383256e-18, 9.52456806131e-19, 7.9622627326e-19, 1.66544306717e-18, 2.65836099937e-18, 3.29756481772e-18, 2.98986665795e-18, 3.7252434574e-18, 4.76418023881e-18, 7.57907379538e-18, 8.88379239301e-18, 7.22188810789e-18, 8.14919148897e-18, 1.17758763764e-17, 1.30916295634e-17, 1.12344577141e-17, 1.15499204115e-17, 8.62683618034e-18, 1.06586167579e-17, 8.992009951e-18, 6.51413335064e-18, 4.38219857169e-18, 2.15660047763e-18, 9.55975632457e-19, 2.36940639039e-19, 2.65761078533e-20],
        "var": [0.00806447118521, 6.76652240753, 190.214889526, 1066.43933105, 1055.06091309, 454.58303833, 199.04447937, 2039.48352051, 1124.32104492, 1876.89770508, 2427.79858398, 597.034362793, 893.710876465, 731.085754395, 669.413513184, 2391.04882812, 1366.28637695, 1113.79968262, 741.368713379, 237.765274048, 1090.5111084, 923.553527832, 5663.96777344, 1367.48779297, 893.357971191, 445.88067627, 459.594177246, 98.2535858154, 95.747718811, 78.4525680542, 56.6184844971, 71.6904602051, 100.912353516, 27.545167923, 4.59505605698, 0.479179829359, 0.0189024340361, 0.000227792101214, 9.70770543063e-07, 2.62300092757e-09]
    },
    "gfcc": {
        "mean": [-22.7974834442, 97.218536377, -90.7297744751, 34.6058883667, -62.0779724121, 11.1552858353, -40.2475509644, 6.73888492584, -28.7753601074, -2.22665858269, -14.0661725998, -7.66654348373, -17.1091690063],
        "cov": [[21846.4707031, -851.512695312, -402.575744629, 1831.57849121, -271.41619873, 1278.12646484, -442.916900635, 852.658813477, -574.618652344, 262.833129883, -380.51348877, -255.420425415, -409.862213135], [-851.512695312, 2545.33764648, 527.013427734, -457.726928711, 563.397583008, -254.580856323, 248.80607605, -263.900085449, 207.217483521, -145.931274414, 113.508987427, -144.789154053, 90.6119613647], [-402.575744629, 527.013427734, 1860.76745605, 7.77656555176, 245.347167969, 230.190643311, 63.9639015198, 141.345504761, -75.1865844727, 51.6201019287, -46.3352127075, -79.3618087769, -43.4129142761], [1831.57849121, -457.726928711, 7.77656555176, 820.036010742, 25.5825996399, 232.681503296, -15.9491138458, 106.631912231, -58.8094024658, -12.5937290192, -59.5206375122, -84.8481063843, -49.6450080872], [-271.41619873, 563.397583008, 245.347167969, 25.5825996399, 457.838653564, 26.8876171112, 89.0699996948, -17.9422912598, 56.7682266235, -34.9627990723, -12.9898796082, -70.0016098022, -4.19442033768], [1278.12646484, -254.580856323, 230.190643311, 232.681503296, 26.8876171112, 326.990020752, 0.035441800952, 147.514373779, -77.9135665894, 38.1116333008, -43.9034919739, -36.343132019, -43.6623573303], [-442.916900635, 248.80607605, 63.9639015198, -15.9491138458, 89.0699996948, 0.035441800952, 154.040206909, -13.9820165634, 33.411441803, -16.1666984558, 21.3825683594, -33.098815918, 6.39324331284], [852.658813477, -263.900085449, 141.345504761, 106.631912231, -17.9422912598, 147.514373779, -13.9820165634, 210.178665161, -59.1573448181, 53.2928276062, -37.0974197388, -12.2930517197, -38.399230957], [-574.618652344, 207.217483521, -75.1865844727, -58.8094024658, 56.7682266235, -77.9135665894, 33.411441803, -59.1573448181, 129.789199829, -4.60027694702, 22.2412815094, 4.34074306488, 18.4747467041], [262.833129883, -145.931274414, 51.6201019287, -12.5937290192, -34.9627990723, 38.1116333008, -16.1666984558, 53.2928276062, -4.60027694702, 93.1459960938, 14.4955568314, 23.3503398895, -13.0133905411], [-380.51348877, 113.508987427, -46.3352127075, -59.5206375122, -12.9898796082, -43.9034919739, 21.3825683594, -37.0974197388, 22.2412815094, 14.4955568314, 85.2984771729, 30.8142700195, 32.2187232971], [-255.420425415, -144.789154053, -79.3618087769, -84.8481063843, -70.0016098022, -36.343132019, -33.098815918, -12.2930517197, 4.34074306488, 23.3503398895, 30.8142700195, 113.477012634, 33.498134613], [-409.862213135, 90.6119613647, -43.4129142761, -49.6450080872, -4.19442033768, -43.6623573303, 6.39324331284, -38.399230957, 18.4747467041, -13.0133905411, 32.2187232971, 33.498134613, 75.9774398804]],
        "icov": [[0.00011815434118, -0.000244715600275, 0.000152063716087, -0.000241605317569, 0.000164937024238, -0.000303599110339, 0.000305786670651, -0.000188751277165, 0.000349094101693, -0.000445194280474, 0.000404674967285, -0.000171904393937, 0.000314813660225], [-0.000244715600275, 0.00158891757019, -0.000599410908762, 0.00100099435076, -0.00115725002252, 0.00085818185471, -0.000955092429649, 0.000751046696678, -0.00135232810862, 0.00191902043298, -0.00215267087333, 0.00177268823609, -0.00122548185755], [0.000152063716087, -0.000599410908762, 0.000950098445173, -0.000274628720945, 6.59602228552e-05, -0.000797927903477, 0.000329940434312, -0.000447305792477, 0.000987638952211, -0.00123400241137, 0.00102282781154, -0.000324216845911, 0.00044756376883], [-0.000241605317569, 0.00100099435076, -0.000274628720945, 0.00242552766576, -0.000707693980075, -0.000476079556393, -0.000420995085733, 0.000358027609764, -0.0010701501742, 0.00193896971177, -0.00139552273322, 0.00195122300647, -0.000841653905809], [0.000164937024238, -0.00115725002252, 6.59602228552e-05, -0.000707693980075, 0.00385594344698, -0.000973469112068, -0.000308573973598, -0.000368982000509, -0.000492960796691, -0.000577182334382, 0.00187724130228, -0.000218186934944, 0.000659256475046], [-0.000303599110339, 0.00085818185471, -0.000797927903477, -0.000476079556393, -0.000973469112068, 0.00684395432472, -0.00149149284698, -0.00185238406993, 0.0008499136311, 6.87579085934e-05, -0.0005834531039, 0.00075384817319, -0.000639490492176], [0.000305786670651, -0.000955092429649, 0.000329940434312, -0.000420995085733, -0.000308573973598, -0.00149149284698, 0.00957239419222, -0.00112739787437, -0.000684554455802, 0.000138365823659, -0.00190751627088, 0.00169531768188, 0.000704230973497], [-0.000188751277165, 0.000751046696678, -0.000447305792477, 0.000358027609764, -0.000368982000509, -0.00185238406993, -0.00112739787437, 0.00914748106152, 0.000986783066764, -0.00310109811835, 0.0014739431208, 0.000506629177835, 7.80544360168e-05], [0.000349094101693, -0.00135232810862, 0.000987638952211, -0.0010701501742, -0.000492960796691, 0.0008499136311, -0.000684554455802, 0.000986783066764, 0.0123443873599, -0.00429051462561, 0.0019712226931, -0.0014269403182, 0.000435287482105], [-0.000445194280474, 0.00191902043298, -0.00123400241137, 0.00193896971177, -0.000577182334382, 6.87579085934e-05, 0.000138365823659, -0.00310109811835, -0.00429051462561, 0.0190920494497, -0.00800204928964, -0.00089713971829, 0.00240252353251], [0.000404674967285, -0.00215267087333, 0.00102282781154, -0.00139552273322, 0.00187724130228, -0.0005834531039, -0.00190751627088, 0.0014739431208, 0.0019712226931, -0.00800204928964, 0.0209626443684, -0.00465015368536, -0.00359232141636], [-0.000171904393937, 0.00177268823609, -0.000324216845911, 0.00195122300647, -0.000218186934944, 0.00075384817319, 0.00169531768188, 0.000506629177835, -0.0014269403182, -0.00089713971829, -0.00465015368536, 0.0159301012754, -0.00627547502518], [0.000314813660225, -0.00122548185755, 0.00044756376883, -0.000841653905809, 0.000659256475046, -0.000639490492176, 0.000704230973497, 7.80544360168e-05, 0.000435287482105, 0.00240252353251, -0.00359232141636, -0.00627547502518, 0.0202723070979]]
    },
    "melbands": {
        "dmean": [0.000658134755213, 0.00245067663491, 0.00193019432481, 0.000744150951505, 0.000253641366726, 0.000279071158729, 0.000193451938685, 0.000118686075439, 0.000134943024023, 6.21249928372e-05, 4.9712441978e-05, 3.72834365407e-05, 3.35257973347e-05, 4.00420030928e-05, 3.36836019414e-05, 2.7668531402e-05, 2.35402912949e-05, 1.48410135807e-05, 7.68515019445e-06, 6.65067864247e-06, 1.18671550808e-05, 9.81694756774e-06, 8.33788999444e-06, 1.08428748717e-05, 9.23890911508e-06, 8.37666902953e-06, 6.6279812927e-06, 4.88640580443e-06, 4.05094124289e-06, 2.81529219137e-06, 1.82425458206e-06, 2.62386947725e-06, 2.38700977206e-06, 2.29549868891e-06, 1.51316476149e-06, 1.65447545442e-06, 1.7331719846e-06, 2.48819355875e-06, 2.09143490792e-06, 1.40815336636e-06],
        "dmean2": [0.00110872974619, 0.00412614876404, 0.00309006869793, 0.00123748916667, 0.00041270093061, 0.000440442265244, 0.000304793269606, 0.000183534575626, 0.00021375270444, 9.8640244687e-05, 7.91323327576e-05, 6.1097467551e-05, 5.46756891708e-05, 6.8410015956e-05, 5.86255482631e-05, 4.90138299938e-05, 4.14304086007e-05, 2.54132046393e-05, 1.31312317535e-05, 1.13982505354e-05, 2.06822205655e-05, 1.68571114045e-05, 1.40080092024e-05, 1.81330051419e-05, 1.57919766934e-05, 1.44627783811e-05, 1.14577869681e-05, 8.40237771627e-06, 6.75821274854e-06, 4.75972001368e-06, 3.07654204335e-06, 4.43822955276e-06, 4.01319402954e-06, 3.76844081984e-06, 2.20154083763e-06, 2.30249565902e-06, 2.35661764236e-06, 3.61397019333e-06, 3.01118802781e-06, 1.94037261281e-06],
        "dvar": [2.13837734009e-06, 2.26282227231e-05, 1.13485293696e-05, 1.83385520813e-06, 1.54937310981e-07, 4.46450883373e-07, 1.34314078082e-07, 3.34915206679e-08, 9.96650797447e-08, 1.07389768189e-08, 8.27001045423e-09, 1.00220347576e-08, 1.29193455933e-08, 8.87766926638e-09, 4.42567316128e-09, 5.59898216679e-09, 3.985330288e-09, 1.08037800928e-09, 2.88663870585e-10, 3.61366575552e-10, 3.57696716691e-09, 1.0278176088e-09, 8.59730175939e-10, 3.08834380292e-09, 2.9842486815e-10, 3.11795450569e-10, 1.90731985761e-10, 1.88975279869e-10, 1.89289028896e-10, 3.00622721161e-11, 1.11452990934e-11, 2.37221076116e-11, 2.34789878512e-11, 2.17579079753e-11, 6.4087068985e-12, 9.7292174317e-12, 1.21134716841e-11, 4.09052895722e-11, 2.02022652079e-11, 7.1729900665e-12],
        "dvar2": [5.85201269132e-06, 6.30842187093e-05, 2.78195129795e-05, 4.98294002682e-06, 4.11172351278e-07, 9.27853818666e-07, 3.17311730669e-07, 7.33789917717e-08, 2.28434984706e-07, 2.53398582117e-08, 1.97247906897e-08, 2.42922517657e-08, 3.1301333081e-08, 2.75642886294e-08, 1.30227295614e-08, 1.59140292055e-08, 1.12411910891e-08, 2.94901725262e-09, 7.65738139563e-10, 9.09291864026e-10, 1.02728963114e-08, 2.83378032151e-09, 1.97919813871e-09, 7.99662824846e-09, 7.89781795518e-10, 8.47861170161e-10, 5.18551923623e-10, 5.11948983206e-10, 4.78800776804e-10, 7.59767387892e-11, 3.05306439852e-11, 6.18268283792e-11, 6.60390700458e-11, 6.0888322162e-11, 1.38108144712e-11, 1.96766544031e-11, 2.37097407679e-11, 9.32864757663e-11, 4.26701798895e-11, 1.30193668346e-11],
        "max": [0.0156736187637, 0.0486989095807, 0.0399808846414, 0.0221694558859, 0.00657711690292, 0.0193340349942, 0.0109693482518, 0.00472831632942, 0.00627019628882, 0.0019564689137, 0.00179820810445, 0.00243601831608, 0.00357546797022, 0.00204030913301, 0.00112341076601, 0.00181236327626, 0.00150422367733, 0.000840431137476, 0.000596082943957, 0.000907625304535, 0.00307376380078, 0.00141052040271, 0.00116194388829, 0.0030022172723, 0.000677305040881, 0.000700885488186, 0.00042717528413, 0.000731299456675, 0.000715465168469, 0.000163740682183, 7.05469356035e-05, 6.71886373311e-05, 9.45347055676e-05, 9.27106157178e-05, 8.77677593962e-05, 4.35372494394e-05, 6.81525634718e-05, 0.000192263702047, 0.000101544086647, 4.26284168498e-05],
        "mean": [0.00110999972094, 0.00528647471219, 0.0043307794258, 0.0013574709883, 0.000489543424919, 0.000437245005742, 0.00036055961391, 0.000245978095336, 0.000203698786208, 0.000112425565021, 9.3285292678e-05, 5.38976782991e-05, 4.31386833952e-05, 6.07478687016e-05, 5.18441156601e-05, 3.61611091648e-05, 2.99479324894e-05, 2.26832598855e-05, 1.23636282297e-05, 1.02275898826e-05, 1.62704000104e-05, 1.44164368976e-05, 1.3678230971e-05, 1.86433953786e-05, 1.54007029778e-05, 1.32866653075e-05, 1.07078749352e-05, 7.53422273192e-06, 6.60322029944e-06, 4.86397175337e-06, 3.21872948916e-06, 3.92182028008e-06, 3.41508439305e-06, 3.04860304823e-06, 2.7448425044e-06, 2.8228625979e-06, 3.02288685816e-06, 3.55113661499e-06, 3.24869779433e-06, 2.33031278185e-06],
        "median": [0.000561300839763, 0.00356761412695, 0.00235254201107, 0.000817394233309, 0.000358026853064, 0.000212421902688, 0.000200115042389, 0.000113988528028, 9.0284163889e-05, 5.33539096068e-05, 4.05463797506e-05, 2.28441695072e-05, 1.40168885991e-05, 2.1288444259e-05, 1.45075828186e-05, 1.42123590194e-05, 1.21241455417e-05, 8.17715772428e-06, 4.73095769848e-06, 2.88724299935e-06, 6.39460313323e-06, 4.97329529026e-06, 2.8817846669e-06, 5.40474547961e-06, 3.75358399651e-06, 4.26777296525e-06, 2.64501591118e-06, 1.97846111405e-06, 1.82960241091e-06, 1.12404688934e-06, 8.69589598551e-07, 1.3826288523e-06, 1.25407416363e-06, 8.70318672241e-07, 7.76014530857e-07, 7.36429228709e-07, 7.03109265032e-07, 6.46072749078e-07, 5.64865445085e-07, 3.11054691338e-07],
        "min": [1.33064663062e-24, 1.36486051416e-24, 1.85488355354e-24, 1.67852009033e-24, 1.77285404953e-24, 1.82365294473e-24, 1.57188433835e-24, 3.42654513729e-24, 2.95522303175e-24, 2.35717535215e-24, 2.65538035433e-24, 2.88589241337e-24, 2.97677569775e-24, 2.29685904734e-24, 2.46704967397e-24, 1.73605132172e-24, 2.52729912282e-24, 3.36900365072e-24, 4.23838161638e-24, 3.3574772096e-24, 2.98587343336e-24, 3.80538651513e-24, 2.90156431854e-24, 4.42917314833e-24, 5.4660641495e-24, 6.24205597234e-24, 5.4729016014e-24, 4.46838347963e-24, 3.96301749007e-24, 6.08282873736e-24, 6.0568677194e-24, 6.33760990493e-24, 5.80394944685e-24, 6.27440913022e-24, 6.34385926102e-24, 5.2507741477e-24, 4.80659142109e-24, 6.77099825335e-24, 6.9899868295e-24, 7.63256610162e-24],
        "var": [2.48063270192e-06, 3.30586481141e-05, 2.76146638498e-05, 3.2693412777e-06, 2.59425945615e-07, 8.51398795021e-07, 2.50316958272e-07, 1.5697935396e-07, 1.54016774445e-07, 2.9338998786e-08, 2.28236434197e-08, 1.20131913306e-08, 1.30074031546e-08, 1.36129623129e-08, 8.29321411544e-09, 5.14366860216e-09, 3.65042507333e-09, 1.9250874228e-09, 4.5218084832e-10, 4.72403061114e-10, 2.41285436076e-09, 1.02538166846e-09, 1.87575110999e-09, 6.33653751692e-09, 7.08174130448e-10, 5.57307811011e-10, 3.22966708932e-10, 2.17011922321e-10, 2.95484525736e-10, 6.9761668664e-11, 2.34365721274e-11, 3.54848476991e-11, 2.63191742705e-11, 2.52155935021e-11, 1.86250025819e-11, 2.22568196512e-11, 2.85921026438e-11, 5.6053418851e-11, 3.51603364479e-11, 1.68440209697e-11]
    },
    "mfcc": {
        "mean": [-667.58972168, 125.171951294, 26.3532218933, 24.2247714996, 5.66086578369, 0.644654333591, 3.18052649498, 0.205635920167, -6.18576478958, -1.12292969227, 1.21792387962, -0.978628873825, -2.63396143913],
        "cov": [[14432.5087891, -1743.88195801, -126.201408386, 610.713684082, 526.475402832, 320.673583984, 602.096679688, 337.349029541, 197.646408081, 386.629852295, 189.445861816, 156.340789795, -267.580841064], [-1743.88195801, 3104.98266602, 318.750915527, -13.4761066437, 209.647399902, 95.552482605, 35.1239814758, -21.821264267, 37.7462730408, 23.616437912, 8.50033283234, 42.9375343323, -25.8025779724], [-126.201408386, 318.750915527, 1215.98156738, 118.257034302, 207.859603882, 70.2931518555, 213.235794067, 37.3156776428, 72.3013153076, 85.8758773804, 0.121495805681, 44.9911117554, -51.9680252075], [610.713684082, -13.4761066437, 118.257034302, 446.476165771, 160.548431396, 125.115760803, 74.8814315796, 62.907283783, 36.5418243408, 70.0641708374, 13.3105173111, -8.91377449036, -27.985244751], [526.475402832, 209.647399902, 207.859603882, 160.548431396, 329.84362793, 117.352333069, 109.82775116, 66.7723693848, 70.0185012817, 69.1339187622, 23.7621135712, 27.3478984833, -74.7781219482], [320.673583984, 95.552482605, 70.2931518555, 125.115760803, 117.352333069, 184.564331055, 67.5106811523, 43.9072952271, 29.9987678528, 35.7957725525, 28.5427570343, -4.79291534424, -21.8382148743], [602.096679688, 35.1239814758, 213.235794067, 74.8814315796, 109.82775116, 67.5106811523, 225.155807495, 69.1959609985, 50.0441131592, 80.9557571411, 12.8288516998, 24.5901451111, -49.6659049988], [337.349029541, -21.821264267, 37.3156776428, 62.907283783, 66.7723693848, 43.9072952271, 69.1959609985, 96.3416213989, 47.6104354858, 27.8622093201, 12.256529808, 12.7412023544, -24.1609897614], [197.646408081, 37.7462730408, 72.3013153076, 36.5418243408, 70.0185012817, 29.9987678528, 50.0441131592, 47.6104354858, 86.2690353394, 51.1099815369, 14.1698188782, 12.1147050858, -22.5861854553], [386.629852295, 23.616437912, 85.8758773804, 70.0641708374, 69.1339187622, 35.7957725525, 80.9557571411, 27.8622093201, 51.1099815369, 118.54309082, 43.9505996704, -2.01535487175, -52.685874939], [189.445861816, 8.50033283234, 0.121495805681, 13.3105173111, 23.7621135712, 28.5427570343, 12.8288516998, 12.256529808, 14.1698188782, 43.9505996704, 86.6791534424, 22.2461128235, -19.4188480377], [156.340789795, 42.9375343323, 44.9911117554, -8.91377449036, 27.3478984833, -4.79291534424, 24.5901451111, 12.7412023544, 12.1147050858, -2.01535487175, 22.2461128235, 107.986480713, 22.6277198792], [-267.580841064, -25.8025779724, -51.9680252075, -27.985244751, -74.7781219482, -21.8382148743, -49.6659049988, -24.1609897614, -22.5861854553, -52.685874939, -19.4188480377, 22.6277198792, 141.729888916]],
