{
"lowlevel": {
    "average_loudness": 0.353227138519,
    "barkbands_crest": {
        "dmean": 2.18279504776,
        "dmean2": 3.40709471703,
        "dvar": 5.94500923157,
        "dvar2": 17.4106273651,
        "max": 26.8649330139,
        "mean": 15.2851753235,
        "median": 15.0905017853,
        "min": 3.20088863373,
        "var": 20.6346282959
    },
    "barkbands_flatness_db": {
        "dmean": 0.019981443882,
        "dmean2": 0.0308593586087,
        "dvar": 0.000539079366717,
        "dvar2": 0.00127481971867,
        "max": 0.562434434891,
        "mean": 0.340768098831,
        "median": 0.344763755798,
        "min": 0.0401990525424,
        "var": 0.00676281843334
    },
    "barkbands_kurtosis": {
        "dmean": 12.7126722336,
        "dmean2": 20.1707611084,
        "dvar": 1006.91345215,
        "dvar2": 2701.13476562,
        "max": 898.161132812,
        "mean": 33.0296211243,
        "median": 10.9718389511,
        "min": -1.65624010563,
        "var": 3110.44140625
    },
    "barkbands_skewness": {
        "dmean": 0.799506366253,
        "dmean2": 1.24040985107,
        "dvar": 1.20912504196,
        "dvar2": 3.19183111191,
        "max": 22.99335289,
        "mean": 3.77400040627,
        "median": 2.98696446419,
        "min": -2.09920310974,
        "var": 9.56569576263
    },
    "barkbands_spread": {
        "dmean": 1.35033094883,
        "dmean2": 2.13875198364,
        "dvar": 6.82639074326,
        "dvar2": 18.0514297485,
        "max": 87.6635360718,
        "mean": 5.62173652649,
        "median": 4.18950080872,
        "min": 0.111607514322,
        "var": 30.2959976196
    },
    "dissonance": {
        "dmean": 0.0326674841344,
        "dmean2": 0.0544103011489,
        "dvar": 0.000769059523009,
        "dvar2": 0.00210431171581,
        "max": 0.499996811152,
        "mean": 0.401571512222,
        "median": 0.410532683134,
        "min": 0.125674217939,
        "var": 0.00302569079213
    },
    "dynamic_complexity": 4.86911678314,
    "erbbands_crest": {
        "dmean": 2.740244627,
        "dmean2": 4.3955655098,
        "dvar": 6.40976428986,
        "dvar2": 17.4924278259,
        "max": 31.2835006714,
        "mean": 11.2017908096,
        "median": 10.2519540787,
        "min": 2.62747478485,
        "var": 21.1741542816
    },
    "erbbands_flatness_db": {
        "dmean": 0.0182946808636,
        "dmean2": 0.0278563480824,
        "dvar": 0.000405939819757,
        "dvar2": 0.000902103085537,
        "max": 0.452758014202,
        "mean": 0.235819756985,
        "median": 0.245271608233,
        "min": 0.0323740392923,
        "var": 0.00566101772711
    },
    "erbbands_kurtosis": {
        "dmean": 1.38484752178,
        "dmean2": 2.20765519142,
        "dvar": 5.39954328537,
        "dvar2": 12.6845722198,
        "max": 130.423843384,
        "mean": 1.47523105145,
        "median": 0.427096605301,
        "min": -1.84054589272,
        "var": 14.1552658081
    },
    "erbbands_skewness": {
        "dmean": 0.395698368549,
        "dmean2": 0.617229640484,
        "dvar": 0.129491209984,
        "dvar2": 0.331251233816,
        "max": 9.18094921112,
        "mean": 0.508990824223,
        "median": 0.402642071247,
        "min": -2.94071340561,
        "var": 0.837443947792
    },
    "erbbands_spread": {
        "dmean": 6.42496871948,
        "dmean2": 9.97688961029,
        "dvar": 106.209564209,
        "dvar2": 243.928604126,
        "max": 192.566711426,
        "mean": 27.3323612213,
        "median": 19.8609275818,
        "min": 1.34089791775,
        "var": 565.688903809
    },
    "hfc": {
        "dmean": 2.9781692028,
        "dmean2": 4.70174455643,
        "dvar": 73.1113204956,
        "dvar2": 156.869140625,
        "max": 506.428314209,
        "mean": 13.4338769913,
        "median": 12.5814313889,
        "min": 1.04769439071e-16,
        "var": 188.048706055
    },
    "melbands_crest": {
        "dmean": 2.11246013641,
        "dmean2": 3.30924224854,
        "dvar": 4.87595033646,
        "dvar2": 13.1341352463,
        "max": 39.0003890991,
        "mean": 26.1155204773,
        "median": 28.0645942688,
        "min": 1.44899964333,
        "var": 60.5382652283
    },
    "melbands_flatness_db": {
        "dmean": 0.019025111571,
        "dmean2": 0.0295573808253,
        "dvar": 0.000596436148044,
        "dvar2": 0.00140024162829,
        "max": 0.673783183098,
        "mean": 0.424572229385,
        "median": 0.436278700829,
        "min": 0.00121868413407,
        "var": 0.0088447034359
    },
    "melbands_kurtosis": {
        "dmean": 19.3879203796,
        "dmean2": 28.9636077881,
        "dvar": 1719.37548828,
        "dvar2": 3776.26855469,
        "max": 1374.41564941,
        "mean": 56.2163772583,
        "median": 14.5207996368,
        "min": -1.60852336884,
        "var": 12100.5966797
    },
    "melbands_skewness": {
        "dmean": 0.918546617031,
        "dmean2": 1.3681460619,
        "dvar": 1.17574512959,
        "dvar2": 2.47558760643,
        "max": 32.3476829529,
        "mean": 4.65959405899,
        "median": 3.26942181587,
        "min": -0.796384751797,
        "var": 16.3141670227
    },
    "melbands_spread": {
        "dmean": 1.4298043251,
        "dmean2": 2.28626227379,
        "dvar": 8.78980445862,
        "dvar2": 23.7767753601,
        "max": 163.770263672,
        "mean": 6.73168802261,
        "median": 4.46428871155,
        "min": 0.221852824092,
        "var": 123.533432007
    },
    "pitch_salience": {
        "dmean": 0.0461642071605,
        "dmean2": 0.0719549953938,
        "dvar": 0.00196100724861,
        "dvar2": 0.00526341982186,
        "max": 0.982670366764,
        "mean": 0.310598403215,
        "median": 0.285050809383,
        "min": 0.0236071385443,
        "var": 0.024714762345
    },
    "silence_rate_20dB": {
        "dmean": 0.0261194035411,
        "dmean2": 0.0522422865033,
        "dvar": 0.0254335198551,
        "dvar2": 0.0640481337905,
        "max": 1,
        "mean": 0.915917098522,
        "median": 1,
        "min": 0,
        "var": 0.0770207196474
    },
    "silence_rate_30dB": {
        "dmean": 0.042777184397,
        "dmean2": 0.0855600684881,
        "dvar": 0.0409483835101,
        "dvar2": 0.0925017297268,
        "max": 1,
        "mean": 0.444933027029,
        "median": 0,
        "min": 0,
        "var": 0.246978193521
    },
    "silence_rate_60dB": {
        "dmean": 0.00159914710093,
        "dmean2": 0.00319850747474,
        "dvar": 0.00159649329726,
        "dvar2": 0.00385475973599,
        "max": 1,
        "mean": 0.129122525454,
        "median": 0,
        "min": 0,
        "var": 0.112453579903
    },
    "spectral_centroid": {
        "dmean": 84.3793945312,
        "dmean2": 136.74005127,
        "dvar": 27340.8339844,
        "dvar2": 68371.0859375,
        "max": 11751.8720703,
        "mean": 625.336120605,
        "median": 505.055450439,
        "min": 187.888442993,
        "var": 661031.25
    },
    "spectral_complexity": {
        "dmean": 1.47148191929,
        "dmean2": 2.47031378746,
        "dvar": 3.14803719521,
        "dvar2": 7.77036094666,
        "max": 63,
        "mean": 10.1104669571,
        "median": 10,
        "min": 0,
        "var": 26.5269184113
    },
    "spectral_decrease": {
        "dmean": 8.91033913319e-09,
        "dmean2": 1.36764652936e-08,
        "dvar": 3.59787699909e-16,
        "dvar2": 9.83358029675e-16,
        "max": 1.76880126469e-28,
        "mean": -4.30128785922e-08,
        "median": -3.35819478892e-08,
        "min": -3.40786129982e-07,
        "var": 1.72905523737e-15
    },
    "spectral_energy": {
        "dmean": 0.0337641015649,
        "dmean2": 0.0518338121474,
        "dvar": 0.00513651687652,
        "dvar2": 0.0140207223594,
        "max": 1.29204595089,
        "mean": 0.163559123874,
        "median": 0.128190159798,
        "min": 1.0053971602e-20,
        "var": 0.024800889194
    },
    "spectral_energyband_high": {
        "dmean": 0.000110303924885,
        "dmean2": 0.000181271592737,
        "dvar": 6.81163442096e-07,
        "dvar2": 1.46221350406e-06,
        "max": 0.0461631864309,
        "mean": 0.000177665657247,
        "median": 6.26561313766e-06,
        "min": 6.85899375619e-21,
        "var": 1.09657253233e-06
    },
    "spectral_energyband_low": {
        "dmean": 0.0152404736727,
        "dmean2": 0.0226621050388,
        "dvar": 0.00100943620782,
        "dvar2": 0.00247750757262,
        "max": 0.711880326271,
        "mean": 0.0931039080024,
        "median": 0.0661028847098,
        "min": 8.04057521699e-24,
        "var": 0.00880022905767
    },
    "spectral_energyband_middle_high": {
        "dmean": 0.000742552336305,
        "dmean2": 0.00114104163367,
        "dvar": 1.37084623475e-06,
        "dvar2": 3.22408595821e-06,
        "max": 0.0421119444072,
        "mean": 0.00189029518515,
        "median": 0.00123517832253,
        "min": 1.17721180247e-21,
        "var": 4.2445726649e-06
    },
    "spectral_energyband_middle_low": {
        "dmean": 0.00518691306934,
        "dmean2": 0.00808782596141,
        "dvar": 9.5611292636e-05,
        "dvar2": 0.000259113410721,
        "max": 0.355883449316,
        "mean": 0.0165768209845,
        "median": 0.0101038254797,
        "min": 1.71318689835e-22,
        "var": 0.000389011402149
    },
    "spectral_entropy": {
        "dmean": 0.17078755796,
        "dmean2": 0.265399694443,
        "dvar": 0.0507633574307,
        "dvar2": 0.121970064938,
        "max": 9.82921409607,
        "mean": 6.52639055252,
        "median": 6.50981044769,
        "min": 3.82850885391,
        "var": 0.473096877337
    },
    "spectral_flux": {
        "dmean": 0.0395665727556,
        "dmean2": 0.0689059793949,
        "dvar": 0.00439753988758,
        "dvar2": 0.0134121561423,
        "max": 0.757242023945,
        "mean": 0.0938347578049,
        "median": 0.0684898793697,
        "min": 6.27007612497e-11,
        "var": 0.00875340774655
    },
    "spectral_kurtosis": {
        "dmean": 10.2802734375,
        "dmean2": 17.7518386841,
        "dvar": 196.234085083,
        "dvar2": 563.256530762,
        "max": 304.183044434,
        "mean": 26.798204422,
        "median": 17.5895023346,
        "min": -1.27135848999,
        "var": 897.510559082
    },
    "spectral_rms": {
        "dmean": 0.00104164786171,
        "dmean2": 0.00156542402692,
        "dvar": 2.85010855805e-06,
        "dvar2": 7.45908300814e-06,
        "max": 0.0355039797723,
        "mean": 0.0109560629353,
        "median": 0.0111831827089,
        "min": 3.13189274861e-12,
        "var": 3.95348652091e-05
    },
    "spectral_rolloff": {
        "dmean": 63.0089225769,
        "dmean2": 109.694404602,
        "dvar": 62302.4140625,
        "dvar2": 138200.515625,
        "max": 19616.7480469,
        "mean": 398.124389648,
        "median": 129.19921875,
        "min": 21.533203125,
        "var": 2046343.875
    },
    "spectral_skewness": {
        "dmean": 0.660121023655,
        "dmean2": 1.13588953018,
        "dvar": 0.531331717968,
        "dvar2": 1.52417254448,
        "max": 14.1900682449,
        "mean": 3.37450766563,
        "median": 2.96450233459,
        "min": -0.08329641819,
        "var": 3.34100627899
    },
    "spectral_spread": {
        "dmean": 465139.875,
        "dmean2": 715875.0625,
        "dvar": 780304187392,
        "dvar2": 1.56125613261e+12,
        "max": 42675804,
        "mean": 3062647,
        "median": 1954281.5,
        "min": 289871.625,
        "var": 1.27018467328e+13
    },
    "spectral_strongpeak": {
        "dmean": 0.157949119806,
        "dmean2": 0.290563225746,
        "dvar": 0.155777230859,
        "dvar2": 0.36502790451,
        "max": 5.44130277634,
        "mean": 0.293226420879,
        "median": 0,
        "min": 0,
        "var": 0.299680620432
    },
    "zerocrossingrate": {
        "dmean": 0.00292724743485,
        "dmean2": 0.00414415961131,
        "dvar": 2.96732087008e-05,
        "dvar2": 5.13350169058e-05,
        "max": 0.5205078125,
        "mean": 0.0165978539735,
        "median": 0.00927734375,
        "min": 0,
        "var": 0.00155290029943
    },
    "barkbands": {
        "dmean": [0.0354543402791, 0.0121036367491, 0.0010484084487, 0.0010069811251, 0.00239141588099, 0.00146769627463, 0.00199028709903, 0.00021521517192, 0.000298960396321, 0.000182251707884, 0.00039852570626, 0.00023737786978, 0.000212454338907, 3.62977953046e-05, 5.54801263206e-05, 2.41731231654e-05, 1.83782631211e-05, 2.24542018259e-05, 9.31401973503e-06, 8.79065555637e-06, 1.27364310174e-05, 2.72291144938e-05, 3.35059048666e-05, 1.37853376145e-05, 2.25901530939e-05, 7.11177199264e-06, 3.27186648974e-06],
        "dmean2": [0.0543519258499, 0.0197327230126, 0.00181202252861, 0.00182372878771, 0.00329366442747, 0.0026066985447, 0.00299308728427, 0.000276039500022, 0.00040623935638, 0.000267714087386, 0.000590848794673, 0.000391746521927, 0.000349585054209, 5.9067238908e-05, 9.35680145631e-05, 4.07862789871e-05, 3.08075905195e-05, 3.9593767724e-05, 1.61795524036e-05, 1.51247149915e-05, 2.19825615204e-05, 4.6080291213e-05, 5.65925001865e-05, 2.301567838e-05, 3.59716068488e-05, 1.10676755867e-05, 5.1417555369e-06],
        "dvar": [0.00741121452302, 0.000925544358324, 1.18062698675e-05, 1.6137941202e-05, 3.64012521459e-05, 1.38096711453e-05, 1.70254497789e-05, 1.5603961856e-07, 2.08910279298e-07, 9.89012747254e-08, 4.87883710321e-07, 2.08319264061e-07, 1.7220300208e-07, 7.89654830413e-09, 1.20512639867e-08, 4.24848245473e-08, 2.17612727837e-09, 1.16293294994e-08, 4.63836125064e-09, 1.1636645425e-08, 1.37725919558e-08, 3.97656556572e-08, 4.46627019812e-08, 1.71750969002e-08, 2.53205634237e-08, 3.61785401637e-09, 1.18263576709e-09],
        "dvar2": [0.0214202143252, 0.00252165133134, 3.18003585562e-05, 4.521736264e-05, 8.74695469975e-05, 4.79085829284e-05, 4.57849419035e-05, 2.67490833039e-07, 3.77042226773e-07, 1.99265556944e-07, 9.83872041616e-07, 5.59962415991e-07, 4.53749208873e-07, 2.15986446506e-08, 3.39136931871e-08, 1.21388055163e-07, 5.28196286709e-09, 3.27423386182e-08, 1.14318208233e-08, 2.61781014643e-08, 3.04094172066e-08, 9.63576383128e-08, 1.00835372052e-07, 3.517926217e-08, 5.51207470778e-08, 7.77281794484e-09, 2.61468247054e-09],
        "max": [1.2079102993, 0.565607964993, 0.10357478261, 0.155164495111, 0.161915898323, 0.040768083185, 0.104586862028, 0.0106205325574, 0.00879242550582, 0.0104032577947, 0.0113209728152, 0.00649680802599, 0.00736468611285, 0.00212961994112, 0.00278087984771, 0.0156776867807, 0.00313520547934, 0.00436794571579, 0.00477039488032, 0.00803953967988, 0.00852081738412, 0.0141376564279, 0.00986851938069, 0.00845817662776, 0.0085639283061, 0.00274394848384, 0.00182117742952],
        "mean": [0.0786393806338, 0.0642223358154, 0.00207511964254, 0.00112323148642, 0.00724113918841, 0.00271438062191, 0.0041314070113, 0.000649053894449, 0.000643362407573, 0.000390225934098, 0.000621502113063, 0.000338089594152, 0.000330355076585, 6.52985690976e-05, 8.73943790793e-05, 3.6531870137e-05, 3.02677926811e-05, 2.69151296379e-05, 1.20615413834e-05, 9.53131075221e-06, 1.97763038159e-05, 3.09595125145e-05, 5.10471472808e-05, 1.67773687281e-05, 4.05142855016e-05, 8.98671351024e-06, 4.03126159654e-06],
        "median": [0.0379924401641, 0.0420174077153, 0.00110075937118, 0.00010717335681, 0.00242640729994, 0.000721069111023, 0.00117892620619, 0.000178916903678, 0.000279681727989, 0.000147612809087, 0.000295859732432, 6.72666137689e-05, 0.000127343155327, 3.29565409629e-05, 4.70153863716e-05, 1.96590754058e-05, 1.78259706445e-05, 8.60646014189e-06, 5.11400867254e-06, 2.19953972191e-06, 1.55054237894e-06, 1.01176351563e-06, 5.04774448018e-07, 2.04262221359e-07, 1.74759620108e-07, 3.7799452457e-08, 4.64236205033e-09],
        "min": [6.83645053569e-25, 2.98981004649e-24, 1.40300322082e-24, 2.3040522755e-24, 7.53488382231e-24, 8.46412173675e-24, 3.64547770432e-24, 1.06680642107e-23, 2.30385312757e-23, 1.11226453074e-23, 1.08678053696e-23, 2.32543178654e-23, 2.55040734365e-23, 3.16377840966e-23, 4.2048034364e-23, 3.40466466014e-23, 5.0078509006e-23, 7.58873209879e-23, 1.40389851879e-22, 1.83821642934e-22, 2.59431486831e-22, 3.46152897274e-22, 4.72167709219e-22, 5.86902517039e-22, 8.28251494387e-22, 1.35178003126e-21, 1.90672360946e-21],
        "var": [0.0145580796525, 0.0051299422048, 1.27843477458e-05, 1.53733944899e-05, 0.000178279180545, 2.27747896133e-05, 6.4154053689e-05, 1.48695517055e-06, 8.90481373972e-07, 4.30272422136e-07, 8.90905766937e-07, 3.65610361541e-07, 2.89078656124e-07, 9.89267956442e-09, 1.64719899942e-08, 2.65916373365e-08, 2.86342261013e-09, 8.06343436466e-09, 4.2013383883e-09, 1.18496039647e-08, 1.66704570148e-08, 3.72070729782e-08, 8.39837070998e-08, 2.55411354289e-08, 5.60298225594e-08, 6.26507912216e-09, 2.09344297453e-09]
    },
    "erbbands": {
        "dmean": [0.588824808598, 1.82737088203, 1.29140889645, 2.78091478348, 4.13116931915, 11.552072525, 15.6098899841, 5.63742923737, 19.4113578796, 20.8156070709, 5.31064510345, 8.62128925323, 3.3413131237, 17.4753494263, 6.21011400223, 11.8079423904, 9.69584465027, 3.35339736938, 3.30841565132, 1.25857567787, 1.03800261021, 0.797010481358, 1.41798532009, 0.538639783859, 0.441416501999, 0.455631792545, 0.350599318743, 0.591846585274, 0.626771509647, 1.39666545391, 0.913753569126, 0.335967689753, 0.233006715775, 0.174495533109, 0.229462519288, 0.0481856651604, 0.0093643181026, 0.00230284105055, 0.000453687971458, 8.09779085102e-05],
        "dmean2": [0.907583415508, 2.89531183243, 2.10417604446, 5.09864091873, 5.81422567368, 15.4148273468, 27.9997291565, 8.98006343842, 31.9286670685, 27.7906932831, 6.49305963516, 11.6522378922, 4.69209575653, 25.7004318237, 9.56161308289, 19.466053009, 16.1284236908, 5.40393161774, 5.6479382515, 2.13485145569, 1.72224080563, 1.32637238503, 2.49045395851, 0.932742297649, 0.77332264185, 0.795139729977, 0.613434612751, 1.00887465477, 1.03915274143, 2.34239673615, 1.55455231667, 0.557817041874, 0.393041312695, 0.295176774263, 0.356750875711, 0.0768140852451, 0.0141013944522, 0.00353515311144, 0.00070396537194, 0.000128252795548],
        "dvar": [1.92611241341, 19.1715507507, 11.0084590912, 79.6699142456, 394.29473877, 652.034484863, 1746.30114746, 124.330215454, 1797.72302246, 1551.91601562, 99.65259552, 174.149475098, 34.3314743042, 910.539489746, 100.61920166, 514.165039062, 356.363800049, 34.9861984253, 55.0350914001, 67.85105896, 46.3147773743, 6.47729730606, 34.3429069519, 13.1115226746, 13.1650485992, 37.3605918884, 19.6982479095, 19.4418468475, 20.6965427399, 97.4873199463, 27.9973335266, 10.8444156647, 4.35661649704, 2.98362994194, 2.23191285133, 0.117950350046, 0.00934722926468, 0.000500905094668, 2.5394714612e-05, 2.59205364728e-07],
        "dvar2": [4.95028305054, 54.1182327271, 28.3238792419, 234.129241943, 1069.84338379, 1405.04077148, 6065.27783203, 364.733123779, 5694.43212891, 3095.72485352, 152.08972168, 308.702545166, 69.1671142578, 1808.71374512, 230.842208862, 1382.59313965, 956.715087891, 90.0922546387, 156.718597412, 193.801605225, 126.846839905, 15.6859016418, 97.7911224365, 32.766834259, 30.8712997437, 89.3954925537, 38.8378829956, 45.223323822, 45.9416770935, 243.870239258, 62.199672699, 21.6380252838, 10.0051431656, 6.51014661789, 4.88314819336, 0.261183351278, 0.0194346513599, 0.0010100066429, 5.49719879928e-05, 5.95736821651e-07],
        "max": [32.491809845, 84.3596572876, 116.685317993, 273.303405762, 860.436157227, 791.700134277, 496.473175049, 300.445800781, 889.88482666, 1241.51782227, 299.101776123, 258.494384766, 130.885803223, 636.739807129, 187.849685669, 323.768676758, 324.150878906, 131.894058228, 166.153274536, 569.856750488, 583.876586914, 195.272079468, 187.84223938, 215.189376831, 257.14755249, 439.087158203, 319.612945557, 309.974945068, 260.196960449, 704.123413086, 258.876068115, 232.247817993, 132.238754272, 116.70916748, 56.0890922546, 16.9391975403, 4.62358570099, 1.07960951328, 0.293769270182, 0.0263359677047],
        "mean": [3.64618802071, 7.81507349014, 3.22512221336, 3.4652531147, 10.1144208908, 36.054271698, 24.9841213226, 16.9175891876, 37.781047821, 49.1631965637, 18.4265766144, 19.5258178711, 8.77645492554, 30.7123374939, 12.0477905273, 17.1744346619, 15.5873537064, 6.70222330093, 5.53864908218, 2.30675244331, 1.8426579237, 1.45092868805, 1.79120218754, 0.722424030304, 0.540397644043, 0.476219683886, 0.497572332621, 0.964327454567, 0.90150731802, 1.65933144093, 1.41874456406, 0.440299212933, 0.269578933716, 0.243803918362, 0.441980630159, 0.0665610209107, 0.0140417609364, 0.00318062864244, 0.000667945307214, 0.000230367761105],
        "median": [2.45067095757, 5.07372283936, 2.14292883873, 0.773088097572, 3.05157876015, 9.65571498871, 8.12669754028, 5.43191099167, 12.4178066254, 16.035987854, 5.33786773682, 8.74248313904, 3.80141711235, 13.6245746613, 7.35843038559, 3.86304283142, 6.51785945892, 3.64437770844, 3.03584432602, 1.48340964317, 1.07684934139, 0.94748789072, 0.611188232899, 0.346286773682, 0.192447885871, 0.108759924769, 0.0785084664822, 0.0512828789651, 0.0416307151318, 0.023139750585, 0.0154755720869, 0.0066072512418, 0.00283200852573, 0.00193068594672, 0.00132473325357, 0.000361763028195, 0.000104892576928, 1.25470814965e-05, 6.55570402159e-05, 0.000147854792885],
        "min": [1.00678152148e-22, 4.54420787476e-22, 1.83800683215e-21, 7.243460681e-21, 1.094333374e-20, 2.478756727e-20, 3.6591200351e-20, 7.9527909976e-20, 7.97047779931e-20, 6.17184528938e-20, 3.23414436317e-19, 4.39818238947e-19, 2.80014906215e-19, 7.22006820715e-19, 7.18588755327e-19, 1.18340459918e-18, 1.26596105002e-18, 1.9187697147e-18, 2.87042508622e-18, 2.60429833569e-18, 3.53709915912e-18, 3.9650207831e-18, 4.08967276551e-18, 6.24486910405e-18, 6.8629661683e-18, 9.60167680404e-18, 8.45715413975e-18, 1.07811825908e-17, 1.00347033732e-17, 1.2444424427e-17, 1.23685421863e-17, 1.04761291342e-17, 1.00485859454e-17, 7.13143921663e-18, 6.24404109626e-18, 4.09199714303e-18, 2.26595210025e-18, 9.73114814749e-19, 2.61925474345e-19, 2.82228144266e-20],
        "var": [15.2269678116, 84.9273300171, 18.59333992, 81.5318069458, 478.616851807, 5217.59228516, 2331.3059082, 818.414611816, 4798.80712891, 8517.41796875, 1142.11437988, 798.714904785, 162.284423828, 2163.09594727, 220.031982422, 907.619384766, 602.078552246, 70.8731536865, 67.8796005249, 44.1248054504, 34.5826683044, 7.52835893631, 24.5572719574, 11.4224042892, 13.0304803848, 33.6786384583, 24.4863643646, 25.7843666077, 26.0115585327, 98.14087677, 58.285533905, 16.5954322815, 5.5886631012, 3.88955640793, 6.19847297668, 0.198639124632, 0.0185646302998, 0.00104687770363, 5.10792706336e-05, 4.17948569975e-07]
    },
    "gfcc": {
        "mean": [-110.532180786, 171.580886841, -94.2453308105, 6.41589975357, -34.0389900208, 9.97292518616, -13.7769994736, -0.703992664814, -0.0698196366429, 2.86712765694, 6.0964846611, 4.23836612701, 4.02982711792],
        "cov": [[21063.5175781, 965.000183105, 1473.43103027, 1400.06298828, -194.907104492, 1264.51306152, 114.809715271, 202.683364868, 58.2395706177, 13.7131500244, -74.7708892822, 31.7072849274, -18.4431228638], [965.000183105, 3104.61108398, -346.962677002, -871.880615234, 711.706665039, -540.366882324, 333.328094482, -182.863342285, 154.746154785, -186.616958618, 273.332672119, -202.283996582, 211.608627319], [1473.43103027, -346.962677002, 2117.27539062, 689.320556641, -11.5177726746, 650.541442871, 77.1036224365, 109.669487, -125.390228271, -51.9902992249, -237.558700562, 28.1301345825, -44.2480201721], [1400.06298828, -871.880615234, 689.320556641, 809.299987793, -64.528465271, 480.346008301, 35.7515907288, 102.310707092, 18.6750488281, 46.2036895752, -100.860107422, 60.2378005981, -56.1777038574], [-194.907104492, 711.706665039, -11.5177726746, -64.528465271, 632.216674805, 5.70983600616, 318.062286377, 90.7199020386, 196.821838379, 57.5907211304, 149.143295288, -45.4374389648, 58.5338058472], [1264.51306152, -540.366882324, 650.541442871, 480.346008301, 5.70983600616, 586.608154297, 97.373626709, 156.371856689, 38.7919273376, 70.1228179932, -50.4276885986, 52.7887306213, -39.3858222961], [114.809715271, 333.328094482, 77.1036224365, 35.7515907288, 318.062286377, 97.373626709, 328.172454834, 111.199569702, 174.805633545, 75.0189666748, 90.7890930176, -13.9730758667, 37.5851631165], [202.683364868, -182.863342285, 109.669487, 102.310707092, 90.7199020386, 156.371856689, 111.199569702, 210.232620239, 123.192749023, 122.161468506, 60.817779541, 30.0912590027, -22.0335979462], [58.2395706177, 154.746154785, -125.390228271, 18.6750488281, 196.821838379, 38.7919273376, 174.805633545, 123.192749023, 251.314102173, 134.667236328, 133.906784058, 9.6180229187, 9.64857292175], [13.7131500244, -186.616958618, -51.9902992249, 46.2036895752, 57.5907211304, 70.1228179932, 75.0189666748, 122.161468506, 134.667236328, 189.818252563, 84.1765670776, 39.1816215515, -22.1409301758], [-74.7708892822, 273.332672119, -237.558700562, -100.860107422, 149.143295288, -50.4276885986, 90.7890930176, 60.817779541, 133.906784058, 84.1765670776, 180.963439941, 13.5233535767, 12.405591011], [31.7072849274, -202.283996582, 28.1301345825, 60.2378005981, -45.4374389648, 52.7887306213, -13.9730758667, 30.0912590027, 9.6180229187, 39.1816215515, 13.5233535767, 75.0671005249, -0.155829980969], [-18.4431228638, 211.608627319, -44.2480201721, -56.1777038574, 58.5338058472, -39.3858222961, 37.5851631165, -22.0335979462, 9.64857292175, -22.1409301758, 12.405591011, -0.155829980969, 75.4145736694]],
        "icov": [[8.45905815368e-05, -0.000220799964154, 7.69859252614e-05, -0.000276467675576, 0.000166251644259, -0.000184209362487, 7.78437606641e-05, -0.000136552698677, 0.000101358746178, -0.000162256299518, 0.000134821835672, -9.0712113888e-05, 9.25576750888e-05], [-0.000220799964154, 0.00183290429413, -0.000666138890665, 0.00175145792309, -0.000975274073426, 0.000647608248983, -0.000561348744668, 0.00127454707399, -0.000925945641939, 0.00166495423764, -0.00203745928593, 0.00182878575288, -0.00158961536363], [7.69859252614e-05, -0.000666138890665, 0.00115002354141, -0.000918158679269, 0.000129102656501, -0.000878634338733, -2.29229790421e-05, -0.000729050952941, 0.000872031261679, -0.000425696867751, 0.0015026035253, -0.000696659379173, 0.000632951036096], [-0.000276467675576, 0.00175145792309, -0.000918158679269, 0.00457178987563, -0.000982689904049, -0.00110169639811, -0.000328337686369, 0.00179079105146, -0.00212797895074, 0.00169514142908, -0.000569262134377, 0.000402449484682, -0.000376589101506], [0.000166251644259, -0.000975274073426, 0.000129102656501, -0.000982689904049, 0.00431040721014, -0.000150090840179, -0.00253764516674, -0.000765909731854, 0.000127701903693, -0.000376538839191, -0.000872203905601, 0.000927936111111, -0.000243564601988], [-0.000184209362487, 0.000647608248983, -0.000878634338733, -0.00110169639811, -0.000150090840179, 0.00512068066746, -0.00123431812972, -0.00158697098959, 0.000320742430631, 0.000414586480474, -0.000511367688887, -0.000414746813476, -9.21400351217e-05], [7.78437606641e-05, -0.000561348744668, -2.29229790421e-05, -0.000328337686369, -0.00253764516674, -0.00123431812972, 0.0086716292426, -0.00158100249246, -0.00311607122421, -0.000338222831488, 0.00114596274216, 0.000671569840051, -0.00201033614576], [-0.000136552698677, 0.00127454707399, -0.000729050952941, 0.00179079105146, -0.000765909731854, -0.00158697098959, -0.00158100249246, 0.0115300910547, -0.00273198238574, -0.00253232056275, -0.00171321711969, 4.72853607789e-05, 0.00110683613457], [0.000101358746178, -0.000925945641939, 0.000872031261679, -0.00212797895074, 0.000127701903693, 0.000320742430631, -0.00311607122421, -0.00273198238574, 0.0131551818922, -0.00538033246994, -0.00341528863646, 0.000947070075199, -0.000326322042383], [-0.000162256299518, 0.00166495423764, -0.000425696867751, 0.00169514142908, -0.000376538839191, 0.000414586480474, -0.000338222831488, -0.00253232056275, -0.00538033246994, 0.0140046058223, -0.00322147971019, -0.00224977615289, 0.00156426185276], [0.000134821835672, -0.00203745928593, 0.0015026035253, -0.000569262134377, -0.000872203905601, -0.000511367688887, 0.00114596274216, -0.00171321711969, -0.00341528863646, -0.00322147971019, 0.0151567747816, -0.00552802812308, 0.00253222999163], [-9.0712113888e-05, 0.00182878575288, -0.000696659379173, 0.000402449484682, 0.000927936111111, -0.000414746813476, 0.000671569840051, 4.72853607789e-05, 0.000947070075199, -0.00224977615289, -0.00552802812308, 0.0212209057063, -0.00634879479185], [9.25576750888e-05, -0.00158961536363, 0.000632951036096, -0.000376589101506, -0.000243564601988, -9.21400351217e-05, -0.00201033614576, 0.00110683613457, -0.000326322042383, 0.00156426185276, 0.00253222999163, -0.00634879479185, 0.0193714294583]]
    },
    "melbands": {
        "dmean": [0.00356067693792, 0.00119716045447, 0.000451339088613, 0.000581744243391, 0.000470365572255, 0.000157297632541, 0.000361578015145, 0.000188145844731, 3.86617248296e-05, 5.72426433791e-05, 1.46478168972e-05, 6.69087021379e-05, 3.003331949e-05, 2.96556881949e-05, 1.33890425786e-05, 2.79184423562e-05, 4.15645035901e-06, 5.31104342372e-06, 2.87011448563e-06, 2.14274814425e-06, 1.15427769742e-06, 9.27764176595e-07, 1.29630859647e-06, 9.03378406747e-07, 4.19242752514e-07, 3.90225125102e-07, 2.49003619501e-07, 3.31653495778e-07, 1.98769740223e-07, 3.17894972568e-07, 3.30133246962e-07, 2.36816958932e-07, 8.27615053822e-07, 7.76468539243e-07, 6.53722679544e-07, 2.81760492271e-07, 1.78263348971e-07, 1.60930213156e-07, 1.59832637792e-07, 1.34308038469e-07],
        "dmean2": [0.00524772936478, 0.00188479817007, 0.000799313362222, 0.000746941601392, 0.000813923194073, 0.000263063528109, 0.000573415192775, 0.000252141762758, 4.92684121127e-05, 7.70944097894e-05, 2.08131805266e-05, 9.8156851891e-05, 4.51110681752e-05, 4.8773468734e-05, 2.22592570935e-05, 4.58863760286e-05, 6.65229845254e-06, 9.08019410417e-06, 4.80896278532e-06, 3.63851177099e-06, 1.9303922727e-06, 1.53119094648e-06, 2.26443557949e-06, 1.60010142736e-06, 7.22395157027e-07, 6.84273459228e-07, 4.39709737066e-07, 5.83971029755e-07, 3.44811667219e-07, 5.54637040295e-07, 5.62152820294e-07, 3.86474255265e-07, 1.42930673519e-06, 1.29032218865e-06, 1.1149547845e-06, 4.79744983295e-07, 2.96912276099e-07, 2.75579310482e-07, 2.68571170636e-07, 2.31586170685e-07],
        "dvar": [7.06781938788e-05, 6.92675939717e-06, 2.85087935481e-06, 2.2958045065e-06, 1.30971659473e-06, 1.15758361119e-07, 5.98671590524e-07, 1.23791423334e-07, 5.98224403348e-09, 7.77707409583e-09, 7.91987253557e-10, 1.30498172268e-08, 2.53315057819e-09, 2.9683802083e-09, 5.7023380462e-10, 3.08920400371e-09, 6.56710727465e-11, 1.53785734147e-10, 4.37677359633e-11, 2.31298216691e-10, 4.86692977586e-11, 6.99787667049e-12, 2.43603748284e-11, 2.5330954348e-11, 7.11401250408e-12, 9.96506176187e-12, 6.04509411278e-12, 1.90944898781e-11, 7.59913833248e-12, 1.08047286396e-11, 5.16136916193e-12, 3.78075392174e-12, 3.82288541101e-11, 2.90766230537e-11, 1.18716529662e-11, 6.60537813682e-12, 3.24901455566e-12, 2.166023437e-12, 2.22260664734e-12, 2.14532861961e-12],
        "dvar2": [0.000170933679328, 1.88520534721e-05, 7.87284898252e-06, 5.26130497747e-06, 4.45419027528e-06, 3.78950346658e-07, 1.78470179435e-06, 2.49074815883e-07, 9.64218749289e-09, 1.36354172398e-08, 1.61868451976e-09, 2.59265373614e-08, 5.40500044721e-09, 7.93868970561e-09, 1.54238433137e-09, 8.06894817629e-09, 1.69093156144e-10, 4.38047209617e-10, 1.19706675128e-10, 6.65020094548e-10, 1.32221122939e-10, 1.60328764154e-11, 7.02692695698e-11, 7.05789524047e-11, 1.7392169302e-11, 2.41244593746e-11, 1.34241498126e-11, 4.67582778052e-11, 1.44541748362e-11, 2.70533404706e-11, 1.12728429022e-11, 7.4458364821e-12, 9.72878513861e-11, 6.97463198307e-11, 2.73013989888e-11, 1.37823745472e-11, 6.66572482974e-12, 5.16708637682e-12, 4.90251372484e-12, 4.76092646209e-12],
        "max": [0.22209982574, 0.0584412254393, 0.0712522938848, 0.0442369766533, 0.0192145518959, 0.00586396688595, 0.0173917692155, 0.0110596148297, 0.00226393062621, 0.00174203177448, 0.000630052061751, 0.0025049354881, 0.000856632832438, 0.000781880109571, 0.000373102608137, 0.000998073839583, 0.000220647663809, 0.000303788809106, 0.000373470276827, 0.00104386219755, 0.000618333753664, 0.000210441299714, 0.000126654398628, 0.000232188918744, 0.000162060474395, 0.000230314704822, 0.000166334590176, 0.000314874021569, 0.000232488862821, 0.000233873710386, 0.000159011004143, 0.000150322492118, 0.000472424639156, 0.00032564040157, 0.000143424709677, 0.000177506488399, 0.000119889060443, 9.33114934014e-05, 9.510145901e-05, 0.000101394260128],
        "mean": [0.0266315881163, 0.00416781473905, 0.000662792939693, 0.00176307128277, 0.00096914957976, 0.000396282121073, 0.00072625791654, 0.000453123589978, 0.000124344136566, 0.000122554367408, 3.62575956387e-05, 0.000118567222671, 5.04515919602e-05, 4.38604001829e-05, 2.31690755754e-05, 4.13015695813e-05, 7.98446853878e-06, 8.74923534866e-06, 4.66546089228e-06, 3.08399876303e-06, 1.91325989363e-06, 1.59419812462e-06, 1.73609328158e-06, 1.08069457383e-06, 5.33185982476e-07, 4.36611429677e-07, 2.96943483136e-07, 3.23561749838e-07, 2.59272496805e-07, 4.54650091797e-07, 5.61937383736e-07, 4.0573837623e-07, 7.9735974623e-07, 9.76946466835e-07, 1.02093463283e-06, 3.61758594636e-07, 2.19721343342e-07, 1.83402832477e-07, 1.8299171245e-07, 1.62228118938e-07],
        "median": [0.0185062550008, 0.0028693114873, 0.000165812394698, 0.000497083121445, 0.000365951418644, 0.000116360228276, 0.000223093345994, 0.000164712357218, 2.37470285356e-05, 5.22536502103e-05, 1.25835722429e-05, 5.18453634868e-05, 2.72411525657e-05, 1.23322824948e-05, 7.12376140655e-06, 1.55969792104e-05, 4.19848629463e-06, 4.55323242932e-06, 2.61007721747e-06, 1.64746916198e-06, 9.8893917766e-07, 9.42689780459e-07, 7.1128710033e-07, 3.43601499253e-07, 2.33189297205e-07, 1.3623056816e-07, 9.06416417479e-08, 6.55323759702e-08, 5.19404927957e-08, 3.63555656691e-08, 2.60044270561e-08, 2.49689406928e-08, 1.50998538118e-08, 1.03755617431e-08, 9.74810454579e-09, 4.63686422592e-09, 3.20172000023e-09, 1.86514581557e-09, 1.73347081134e-09, 1.30843136326e-09],
        "min": [8.9353298519e-25, 8.81592885136e-25, 1.53308401751e-24, 1.1047807651e-24, 1.15718509086e-24, 1.83904362099e-24, 1.13369478525e-24, 7.91214373124e-25, 2.71934494361e-24, 2.82353848084e-24, 1.23310654349e-24, 1.91537281611e-24, 1.77154177941e-24, 2.95382950896e-24, 3.35757266177e-24, 2.37003398212e-24, 2.75919523832e-24, 3.93546573409e-24, 3.32337475267e-24, 2.29244063741e-24, 3.22578457287e-24, 3.89034959563e-24, 3.60759108163e-24, 3.72778114028e-24, 4.25350802424e-24, 4.13114149834e-24, 3.74516566248e-24, 5.4434534238e-24, 4.74422131691e-24, 5.7167061639e-24, 5.68156832703e-24, 4.86448237305e-24, 5.95162578603e-24, 6.74197606064e-24, 5.80767287033e-24, 6.52261001455e-24, 6.14528719396e-24, 5.47782764332e-24, 5.65408875183e-24, 5.29714378614e-24],
        "var": [0.000747906859033, 2.38285119849e-05, 3.06671699946e-06, 1.18798161566e-05, 2.67360724138e-06, 4.27536008374e-07, 1.86663692148e-06, 6.74478769724e-07, 6.28692404803e-08, 3.38593793003e-08, 3.39835981578e-09, 3.29226885754e-08, 4.75704009517e-09, 5.35323074757e-09, 1.27341459599e-09, 4.91586016338e-09, 1.16510426307e-10, 1.81451090264e-10, 5.11617068155e-11, 1.44444151084e-10, 3.84634407657e-11, 9.47332837176e-12, 1.7415844808e-11, 1.7321663201e-11, 6.52165431034e-12, 9.21945245841e-12, 6.37135613366e-12, 1.65253088991e-11, 9.78320636308e-12, 1.02490758935e-11, 8.07108373191e-12, 5.93414163294e-12, 3.06762983071e-11, 3.64163491029e-11, 2.67958450567e-11, 9.3782603211e-12, 5.02931810781e-12, 2.74303431531e-12, 2.66525820511e-12, 2.49486195592e-12]
    },
    "mfcc": {
        "mean": [-754.807312012, 200.698394775, 10.4755907059, 14.5272808075, 8.18269062042, 15.9101638794, 2.04501795769, 8.55441761017, 2.07409119606, 2.07921934128, 8.41352844238, 8.67943096161, 8.61535358429],
        "cov": [[9681.36035156, 1578.09924316, 700.194946289, 688.212646484, 85.6326904297, 798.348083496, 66.9233169556, 441.048919678, 124.379440308, 86.3756637573, 148.618896484, 19.7473220825, 75.5768280029], [1578.09924316, 3847.05126953, -516.441589355, -120.363739014, 109.986976624, -137.745101929, 196.056838989, -62.6371917725, 68.6644058228, -12.7851066589, -1.65089142323, 91.489982605, 7.66378879547], [700.194946289, -516.441589355, 1456.4095459, 322.499145508, 40.4926757812, 377.219818115, 60.2475967407, 195.826858521, 47.021194458, -50.7908630371, -81.1187667847, -139.567398071, -65.6954498291], [688.212646484, -120.363739014, 322.499145508, 431.209594727, 102.919502258, 258.45703125, 81.5900497437, 140.185836792, 93.6506958008, 61.8720397949, 45.1279792786, 4.81760311127, 36.0034599304], [85.6326904297, 109.986976624, 40.4926757812, 102.919502258, 219.917922974, 100.493644714, 91.1126480103, 74.5534667969, 60.117401123, 60.1662788391, 51.4916954041, 54.3799476624, 38.7983398438], [798.348083496, -137.745101929, 377.219818115, 258.45703125, 100.493644714, 407.150482178, 122.796173096, 186.202713013, 117.328407288, 63.8199691772, 53.8328895569, 20.5248699188, 44.770111084], [66.9233169556, 196.056838989, 60.2475967407, 81.5900497437, 91.1126480103, 122.796173096, 188.330535889, 99.9735488892, 87.9148635864, 57.0279159546, 44.8895225525, 48.261089325, 23.6262512207], [441.048919678, -62.6371917725, 195.826858521, 140.185836792, 74.5534667969, 186.202713013, 99.9735488892, 178.817306519, 96.0218276978, 56.6736831665, 49.8094558716, 36.1244010925, 38.6346092224], [124.379440308, 68.6644058228, 47.021194458, 93.6506958008, 60.117401123, 117.328407288, 87.9148635864, 96.0218276978, 152.642486572, 91.9910888672, 64.6138153076, 52.3830223083, 50.3390312195], [86.3756637573, -12.7851066589, -50.7908630371, 61.8720397949, 60.1662788391, 63.8199691772, 57.0279159546, 56.6736831665, 91.9910888672, 138.245864868, 97.8752365112, 69.8605728149, 59.2578964233], [148.618896484, -1.65089142323, -81.1187667847, 45.1279792786, 51.4916954041, 53.8328895569, 44.8895225525, 49.8094558716, 64.6138153076, 97.8752365112, 158.852249146, 115.286758423, 78.3811721802], [19.7473220825, 91.489982605, -139.567398071, 4.81760311127, 54.3799476624, 20.5248699188, 48.261089325, 36.1244010925, 52.3830223083, 69.8605728149, 115.286758423, 157.762069702, 96.5777053833], [75.5768280029, 7.66378879547, -65.6954498291, 36.0034599304, 38.7983398438, 44.770111084, 23.6262512207, 38.6346092224, 50.3390312195, 59.2578964233, 78.3811721802, 96.5777053833, 127.960357666]],
