{
"lowlevel": {
    "average_loudness": 0.0341205559671,
    "barkbands_crest": {
        "dmean": 1.49456131458,
        "dmean2": 2.31120967865,
        "dvar": 2.40867996216,
        "dvar2": 5.74765205383,
        "max": 25.0766563416,
        "mean": 12.2653989792,
        "median": 11.6887359619,
        "min": 2.08773064613,
        "var": 17.3385467529
    },
    "barkbands_flatness_db": {
        "dmean": 0.0164818242192,
        "dmean2": 0.0278969742358,
        "dvar": 0.000227295779041,
        "dvar2": 0.000592838099692,
        "max": 0.516712844372,
        "mean": 0.356080412865,
        "median": 0.363011717796,
        "min": 0.010280248709,
        "var": 0.00399457989261
    },
    "barkbands_kurtosis": {
        "dmean": 0.958386659622,
        "dmean2": 1.43742489815,
        "dvar": 1.85512971878,
        "dvar2": 4.11698770523,
        "max": 97.4216156006,
        "mean": 3.01045393944,
        "median": 1.29558324814,
        "min": -1.75205266476,
        "var": 53.4848632812
    },
    "barkbands_skewness": {
        "dmean": 0.247434109449,
        "dmean2": 0.373005509377,
        "dvar": 0.0675623565912,
        "dvar2": 0.151187822223,
        "max": 7.53700017929,
        "mean": 1.17617726326,
        "median": 1.08185636997,
        "min": -2.22265982628,
        "var": 0.936314761639
    },
    "barkbands_spread": {
        "dmean": 1.00276720524,
        "dmean2": 1.52271640301,
        "dvar": 2.28468179703,
        "dvar2": 4.78115177155,
        "max": 74.058883667,
        "mean": 7.36979007721,
        "median": 6.17543983459,
        "min": 0.541281282902,
        "var": 27.4999256134
    },
    "dissonance": {
        "dmean": 0.0343989692628,
        "dmean2": 0.0583645179868,
        "dvar": 0.00117513444275,
        "dvar2": 0.00307367835194,
        "max": 0.500000059605,
        "mean": 0.401416450739,
        "median": 0.410787403584,
        "min": 0.143368795514,
        "var": 0.00328593701124
    },
    "dynamic_complexity": 6.7991642952,
    "erbbands_crest": {
        "dmean": 1.50279653072,
        "dmean2": 2.2314851284,
        "dvar": 2.30899524689,
        "dvar2": 5.42488050461,
        "max": 30.790014267,
        "mean": 12.8193273544,
        "median": 12.1791982651,
        "min": 2.55699419975,
        "var": 18.8776416779
    },
    "erbbands_flatness_db": {
        "dmean": 0.0102694742382,
        "dmean2": 0.0167001672089,
        "dvar": 0.000108594540507,
        "dvar2": 0.000246106792474,
        "max": 0.539522469044,
        "mean": 0.379749685526,
        "median": 0.385100722313,
        "min": 0.053835850209,
        "var": 0.00316077517346
    },
    "erbbands_kurtosis": {
        "dmean": 0.445904642344,
        "dmean2": 0.659921228886,
        "dvar": 0.399045318365,
        "dvar2": 0.846582114697,
        "max": 31.3920593262,
        "mean": 0.437825083733,
        "median": -0.229725599289,
        "min": -1.820276618,
        "var": 7.82144403458
    },
    "erbbands_skewness": {
        "dmean": 0.195580124855,
        "dmean2": 0.287897229195,
        "dvar": 0.0402294434607,
        "dvar2": 0.0946378260851,
        "max": 4.27467298508,
        "mean": 0.311479777098,
        "median": 0.269771337509,
        "min": -2.48057556152,
        "var": 0.597875058651
    },
    "erbbands_spread": {
        "dmean": 1.45368409157,
        "dmean2": 2.11089873314,
        "dvar": 2.73041296005,
        "dvar2": 5.64880180359,
        "max": 63.1217765808,
        "mean": 15.1339111328,
        "median": 14.2204465866,
        "min": 1.84339380264,
        "var": 42.6471366882
    },
    "hfc": {
        "dmean": 1.2360047102,
        "dmean2": 1.62718272209,
        "dvar": 15.2513942719,
        "dvar2": 25.9329967499,
        "max": 152.958511353,
        "mean": 7.26855516434,
        "median": 1.98959898949,
        "min": 1.21736528091e-16,
        "var": 161.883300781
    },
    "melbands_crest": {
        "dmean": 1.81284236908,
        "dmean2": 2.82182884216,
        "dvar": 3.22829318047,
        "dvar2": 8.1125535965,
        "max": 30.8250961304,
        "mean": 15.3149576187,
        "median": 14.9681453705,
        "min": 2.56959867477,
        "var": 21.3276500702
    },
    "melbands_flatness_db": {
        "dmean": 0.0169708840549,
        "dmean2": 0.0284007415175,
        "dvar": 0.00029982230626,
        "dvar2": 0.000728357408661,
        "max": 0.651430845261,
        "mean": 0.446239203215,
        "median": 0.461954116821,
        "min": 0.00820267572999,
        "var": 0.00705758063123
    },
    "melbands_kurtosis": {
        "dmean": 1.35192918777,
        "dmean2": 2.01721119881,
        "dvar": 3.43325185776,
        "dvar2": 7.28856801987,
        "max": 76.8736953735,
        "mean": 4.45307683945,
        "median": 2.57710313797,
        "min": -1.62255382538,
        "var": 36.5388908386
    },
    "melbands_skewness": {
        "dmean": 0.268058866262,
        "dmean2": 0.403264760971,
        "dvar": 0.0809557288885,
        "dvar2": 0.179076090455,
        "max": 6.38923835754,
        "mean": 1.54581737518,
        "median": 1.49170351028,
        "min": -1.63221907616,
        "var": 0.972008824348
    },
    "melbands_spread": {
        "dmean": 1.61514735222,
        "dmean2": 2.46819424629,
        "dvar": 6.68612861633,
        "dvar2": 14.4415531158,
        "max": 135.55430603,
        "mean": 10.8858251572,
        "median": 9.48477077484,
        "min": 0.965575397015,
        "var": 50.6311683655
    },
    "pitch_salience": {
        "dmean": 0.041204649955,
        "dmean2": 0.065333917737,
        "dvar": 0.00184469891246,
        "dvar2": 0.00465314462781,
        "max": 0.812079012394,
        "mean": 0.476429641247,
        "median": 0.479011833668,
        "min": 0.158074706793,
        "var": 0.0112205259502
    },
    "silence_rate_20dB": {
        "dmean": 0,
        "dmean2": 0,
        "dvar": 0,
        "dvar2": 0,
        "max": 1,
        "mean": 1,
        "median": 1,
        "min": 1,
        "var": 0
    },
    "silence_rate_30dB": {
        "dmean": 0.00410256395116,
        "dmean2": 0.00820577517152,
        "dvar": 0.00408537918702,
        "dvar2": 0.00908565800637,
        "max": 1,
        "mean": 0.990691065788,
        "median": 1,
        "min": 0,
        "var": 0.00922149326652
    },
    "silence_rate_60dB": {
        "dmean": 0.0426035486162,
        "dmean2": 0.0852138251066,
        "dvar": 0.0407820865512,
        "dvar2": 0.0899410843849,
        "max": 1,
        "mean": 0.402808457613,
        "median": 0,
        "min": 0,
        "var": 0.240574643016
    },
    "spectral_centroid": {
        "dmean": 46.7351036072,
        "dmean2": 69.8187255859,
        "dvar": 11173.3134766,
        "dvar2": 16622.1542969,
        "max": 11392.4746094,
        "mean": 590.589477539,
        "median": 536.688964844,
        "min": 191.588180542,
        "var": 72716.2265625
    },
    "spectral_complexity": {
        "dmean": 1.06461536884,
        "dmean2": 1.74641001225,
        "dvar": 1.766238451,
        "dvar2": 3.63279914856,
        "max": 43,
        "mean": 8.90927696228,
        "median": 7,
        "min": 0,
        "var": 35.1615066528
    },
    "spectral_decrease": {
        "dmean": 6.03008143418e-10,
        "dmean2": 8.40953529035e-10,
        "dvar": 2.88901741805e-18,
        "dvar2": 5.21767166989e-18,
        "max": -1.38678797456e-29,
        "mean": -3.33071992209e-09,
        "median": -1.12109876937e-09,
        "min": -7.08960286033e-08,
        "var": 3.08739406458e-17
    },
    "spectral_energy": {
        "dmean": 0.0023784164805,
        "dmean2": 0.00330717628822,
        "dvar": 4.52354433946e-05,
        "dvar2": 8.11859354144e-05,
        "max": 0.278228789568,
        "mean": 0.0132301934063,
        "median": 0.00440671294928,
        "min": 1.10942134224e-20,
        "var": 0.000486896868097
    },
    "spectral_energyband_high": {
        "dmean": 4.48436730949e-06,
        "dmean2": 6.1823498072e-06,
        "dvar": 1.44849310324e-09,
        "dvar2": 2.9720266248e-09,
        "max": 0.00284116156399,
        "mean": 1.02761787275e-05,
        "median": 1.11712523676e-08,
        "min": 8.24613444597e-21,
        "var": 3.79429465625e-09
    },
    "spectral_energyband_low": {
        "dmean": 0.000560998800211,
        "dmean2": 0.000906890491024,
        "dvar": 5.53643894818e-06,
        "dvar2": 1.28457959363e-05,
        "max": 0.118005312979,
        "mean": 0.00169189576991,
        "median": 0.000264352362137,
        "min": 1.25038694394e-22,
        "var": 2.86697031697e-05
    },
    "spectral_energyband_middle_high": {
        "dmean": 0.000483991607325,
        "dmean2": 0.000611955416389,
        "dvar": 3.74096248379e-06,
        "dvar2": 6.10481220065e-06,
        "max": 0.120478667319,
        "mean": 0.0024986169301,
        "median": 0.000614490592852,
        "min": 1.59657338989e-21,
        "var": 3.02022599499e-05
    },
    "spectral_energyband_middle_low": {
        "dmean": 0.00190081470646,
        "dmean2": 0.00266423053108,
        "dvar": 2.48944506893e-05,
        "dvar2": 4.5424727432e-05,
        "max": 0.195593670011,
        "mean": 0.00929348636419,
        "median": 0.00309397908859,
        "min": 2.32093026223e-22,
        "var": 0.000239468296058
    },
    "spectral_entropy": {
        "dmean": 0.106501892209,
        "dmean2": 0.174002721906,
        "dvar": 0.021084478125,
        "dvar2": 0.0526050888002,
        "max": 9.81427764893,
        "mean": 5.80098152161,
        "median": 5.73487234116,
        "min": 4.20958805084,
        "var": 0.237705603242
    },
    "spectral_flux": {
        "dmean": 0.00886563491076,
        "dmean2": 0.0142183890566,
        "dvar": 0.000285193731543,
        "dvar2": 0.000659426557831,
        "max": 0.384230941534,
        "mean": 0.0235765911639,
        "median": 0.0152937602252,
        "min": 1.05329071853e-10,
        "var": 0.000664940918796
    },
    "spectral_kurtosis": {
        "dmean": 29.4026069641,
        "dmean2": 52.2677345276,
        "dvar": 994.320800781,
        "dvar2": 2832.45166016,
        "max": 308.249328613,
        "mean": 95.3269958496,
        "median": 85.8829345703,
        "min": -1.28076648712,
        "var": 4562.38671875
    },
    "spectral_rms": {
        "dmean": 0.000263266963884,
        "dmean2": 0.000364533480024,
        "dvar": 2.09428506537e-07,
        "dvar2": 3.59201322908e-07,
        "max": 0.0164755191654,
        "mean": 0.0028287533205,
        "median": 0.00207345886156,
        "min": 3.28992757516e-12,
        "var": 4.90568163514e-06
    },
    "spectral_rolloff": {
        "dmean": 83.7244949341,
        "dmean2": 142.698471069,
        "dvar": 59252.46875,
        "dvar2": 94691.7734375,
        "max": 18389.3554688,
        "mean": 824.818786621,
        "median": 796.728515625,
        "min": 107.666015625,
        "var": 235054.40625
    },
    "spectral_skewness": {
        "dmean": 1.71743941307,
        "dmean2": 3.09766149521,
        "dvar": 2.53324580193,
        "dvar2": 7.48752260208,
        "max": 13.9274835587,
        "mean": 6.16841602325,
        "median": 5.92527008057,
        "min": -0.0313312411308,
        "var": 9.49812412262
    },
    "spectral_spread": {
        "dmean": 249531.890625,
        "dmean2": 448507.40625,
        "dvar": 161713750016,
        "dvar2": 287921045504,
        "max": 42295912,
        "mean": 1058411.625,
        "median": 928801,
        "min": 244626.390625,
        "var": 544585744384
    },
    "spectral_strongpeak": {
        "dmean": 0.224610105157,
        "dmean2": 0.377304047346,
        "dvar": 0.199620679021,
        "dvar2": 0.482737600803,
        "max": 10.4666700363,
        "mean": 0.862873494625,
        "median": 0.495110958815,
        "min": 0,
        "var": 1.04121899605
    },
    "zerocrossingrate": {
        "dmean": 0.0024091238156,
        "dmean2": 0.00304426439106,
        "dvar": 2.74850881397e-05,
        "dvar2": 3.3305688703e-05,
        "max": 0.65673828125,
        "mean": 0.028264651075,
        "median": 0.0263671875,
        "min": 0.00439453125,
        "var": 0.000306593021378
    },
    "barkbands": {
        "dmean": [6.98014446243e-08, 0.000202568480745, 0.000376395095373, 0.000118124342407, 0.000834193080664, 0.000767950317822, 0.000270249001915, 0.000260398286628, 0.000377250544261, 0.000189198588487, 0.000162981130416, 5.76584425289e-05, 6.7190725531e-05, 7.10416425136e-05, 8.30891585792e-05, 2.62615776592e-05, 4.86140561407e-05, 1.51326612468e-05, 1.60454055731e-05, 4.95040558235e-06, 1.82855774256e-06, 7.8012413951e-07, 2.80319852664e-07, 1.77059593653e-08, 7.9468720493e-10, 6.18360196381e-10, 6.56630638751e-10],
        "dmean2": [1.10203458803e-07, 0.000345857668435, 0.000600969593506, 0.000192953753867, 0.00124040001538, 0.0010907939868, 0.000460052571725, 0.000383326987503, 0.000508291937876, 0.00025753735099, 0.000204078256502, 8.03396396805e-05, 7.59170943638e-05, 0.000100076365925, 0.000120371616504, 3.96076211473e-05, 7.08769293851e-05, 2.20897836698e-05, 2.22962044063e-05, 6.74999319017e-06, 2.52075165008e-06, 1.14754243441e-06, 3.84394979847e-07, 2.97970093044e-08, 1.43586453838e-09, 1.15985299143e-09, 1.23140730945e-09],
        "dvar": [2.90626626497e-14, 6.57493103517e-07, 3.13957707476e-06, 1.59962752377e-07, 9.08044967218e-06, 4.16331886299e-06, 7.1344453545e-07, 1.72312138602e-06, 3.56101463694e-06, 2.48642254519e-06, 5.58657291094e-07, 3.48062911826e-08, 8.50117984896e-08, 1.17394073129e-07, 1.20066459885e-07, 1.2241127223e-08, 5.38641948822e-08, 9.17213416329e-09, 8.33079472073e-09, 1.37378475262e-09, 2.15865283981e-10, 7.26400536943e-11, 1.64607199399e-11, 9.95199202995e-14, 2.10556674256e-17, 2.53858876219e-18, 2.79655723713e-18],
        "dvar2": [6.52066291587e-14, 1.81180291747e-06, 7.08715879227e-06, 3.82503174023e-07, 1.8439226551e-05, 8.17821637611e-06, 1.73236276169e-06, 3.85761495636e-06, 6.88676573191e-06, 4.2325746108e-06, 9.35814057357e-07, 7.00656457298e-08, 1.12016422804e-07, 2.03472581006e-07, 2.52184776173e-07, 2.8718492473e-08, 1.23923626916e-07, 2.05698658107e-08, 1.58361181946e-08, 2.55739007748e-09, 4.20672885415e-10, 1.57788809796e-10, 3.22656311391e-11, 2.7612761795e-13, 4.87424149968e-17, 8.33441459891e-18, 9.26581252402e-18],
        "max": [4.90355705551e-06, 0.0323766507208, 0.102022662759, 0.0237578805536, 0.127073541284, 0.0789682120085, 0.0704891383648, 0.0765177160501, 0.104611746967, 0.133912235498, 0.0724010467529, 0.0117811746895, 0.013597836718, 0.0183448605239, 0.0189018398523, 0.0035272622481, 0.0106489155442, 0.00660269567743, 0.00540656130761, 0.00241589685902, 0.000905094784684, 0.000638246012386, 0.000264809787041, 1.56616242748e-05, 2.74116843002e-07, 4.50134862717e-08, 4.33076294826e-08],
        "mean": [9.55052783524e-08, 0.000314066797728, 0.00122112350073, 0.000340628932463, 0.00221238937229, 0.00321261584759, 0.000714802474249, 0.000827913288958, 0.00176195940003, 0.000734417175408, 0.000673776085023, 0.000256705185166, 0.000234847568208, 0.000205510426895, 0.000214388332097, 8.43297675601e-05, 0.000123362173326, 3.44236941601e-05, 4.56526249764e-05, 1.15141328934e-05, 3.7936638364e-06, 1.4505052377e-06, 4.21244493509e-07, 1.83262667264e-08, 7.81934572647e-10, 5.81907466657e-10, 6.28804563974e-10],
        "median": [2.13921573788e-08, 2.88838327833e-05, 9.63452766882e-05, 4.41479714937e-05, 0.000637579825707, 0.000713942106813, 0.000113788242743, 0.000104391772766, 0.000158494338393, 0.000139227602631, 0.000115275499411, 4.45462392236e-05, 2.73682271654e-05, 1.4639348592e-05, 2.12117884075e-05, 5.94657194597e-06, 3.28272335537e-06, 4.54151745544e-07, 2.05246152518e-07, 1.23327357215e-08, 2.81432854798e-09, 7.10189407283e-10, 3.52769702339e-10, 2.1874957401e-10, 1.56655494132e-10, 1.75401138058e-10, 2.02500211044e-10],
        "min": [2.20091419473e-23, 8.21080004074e-23, 2.88598293516e-23, 5.402487877e-24, 2.7293672242e-23, 9.16608346015e-23, 3.40623733324e-23, 1.72701436784e-23, 5.1200758307e-23, 1.80409964669e-23, 2.65405814457e-23, 1.6275539645e-22, 1.20339809702e-22, 7.51018300964e-23, 2.62407726498e-22, 1.97913210434e-22, 1.96586964859e-22, 1.50991107459e-22, 2.36015141669e-22, 5.06757783165e-22, 3.78321458542e-22, 5.88158333113e-22, 6.06002593981e-22, 7.37613522079e-22, 1.31036142585e-21, 1.76928965095e-21, 2.71905738015e-21],
        "var": [6.04608729618e-14, 1.22838991956e-06, 1.89834081539e-05, 1.04175387605e-06, 3.02036023641e-05, 5.08474549861e-05, 6.04189654041e-06, 1.16979254017e-05, 2.64951395366e-05, 1.72764630406e-05, 3.41644204127e-06, 4.01157819852e-07, 5.58208625989e-07, 4.8832447419e-07, 3.94405674342e-07, 5.72543967792e-08, 1.65370792615e-07, 2.81570446958e-08, 3.70097197333e-08, 4.33372493447e-09, 6.33752328394e-10, 1.19144472066e-10, 2.68870568171e-11, 6.85104371238e-14, 2.40662855636e-17, 2.05413720156e-18, 2.13341936135e-18]
    },
    "erbbands": {
        "dmean": [0.00170357036404, 0.0623934492469, 0.393159300089, 0.395109146833, 0.573196828365, 3.77565431595, 6.14269161224, 5.70949745178, 3.48411560059, 4.46088838577, 6.4530916214, 9.98483848572, 5.92977523804, 5.95459508896, 5.36157560349, 2.5588862896, 2.95570850372, 3.49615836143, 4.97679805756, 1.91333937645, 1.9780715704, 2.17668485641, 1.06425082684, 0.796570360661, 0.460457384586, 0.260107576847, 0.103837929666, 0.0613386072218, 0.0276572965086, 0.0174074992537, 0.00642666826025, 0.00092140835477, 9.19621961657e-05, 1.42171111293e-05, 5.32648664375e-06, 3.00329088532e-06, 1.49968934693e-06, 4.86415501655e-07, 1.15702277981e-06, 2.68527742264e-06],
        "dmean2": [0.0028149546124, 0.10640142858, 0.653416454792, 0.612010061741, 0.897796273232, 5.80367851257, 8.42537021637, 8.40077877045, 6.07691812515, 7.08319330215, 9.22363090515, 13.4716682434, 7.92895841599, 8.35672855377, 5.96454763412, 3.34859848022, 3.45955228806, 4.72834587097, 7.10952949524, 2.73191261292, 2.95051670074, 3.0910012722, 1.54416179657, 1.10553073883, 0.637189149857, 0.350891649723, 0.140124708414, 0.0874639675021, 0.0411506295204, 0.0238937363029, 0.00875665806234, 0.00146258424502, 0.000150583073264, 2.38254287979e-05, 9.28153440327e-06, 5.13021132065e-06, 2.49528284257e-06, 8.34837635466e-07, 1.59547255407e-06, 3.71851365344e-06],
        "dvar": [3.6449473555e-05, 0.0640391930938, 3.18785810471, 2.40592050552, 3.71224832535, 228.63142395, 306.219116211, 293.164093018, 92.3496246338, 412.419952393, 1247.37402344, 2785.9453125, 2578.52954102, 941.905334473, 338.648712158, 63.8443145752, 143.039978027, 238.494995117, 449.222045898, 53.0814361572, 66.3567047119, 83.9868927002, 43.2769470215, 19.8719005585, 6.59755420685, 3.79065847397, 0.468488365412, 0.348002970219, 0.0889426544309, 0.04672126472, 0.00890143308789, 0.000175772453076, 1.79970948011e-06, 2.49520528683e-08, 2.67287386668e-10, 5.86674597791e-11, 1.44053779322e-11, 1.54773253675e-12, 1.10003629469e-11, 5.8333657349e-11],
        "dvar2": [9.54889910645e-05, 0.176017343998, 8.02252388, 4.20189762115, 7.84541988373, 485.432434082, 565.16015625, 656.369506836, 292.563079834, 863.071777344, 2753.93457031, 5408.60986328, 4731.85302734, 1555.93383789, 382.626953125, 116.050163269, 194.341506958, 398.474975586, 893.371704102, 102.113304138, 149.686309814, 182.990615845, 95.3515396118, 37.7609901428, 12.6516141891, 7.18915367126, 0.879011332989, 0.721808075905, 0.208183735609, 0.0875570625067, 0.0163388457149, 0.000455008150311, 4.4244725359e-06, 6.41458441919e-08, 7.07693237345e-10, 1.5346326987e-10, 3.53192232405e-11, 4.18870884158e-12, 1.91549848899e-11, 1.03812208829e-10],
        "max": [0.23117403686, 9.98570346832, 81.1749954224, 108.230377197, 83.9682235718, 769.468933105, 756.317993164, 530.65045166, 278.604980469, 1760.87768555, 2244.93017578, 2902.96044922, 4377.09814453, 2884.63623047, 1112.76806641, 604.172607422, 549.500244141, 953.536499023, 1276.05554199, 285.468963623, 355.018890381, 419.988311768, 450.000793457, 242.102783203, 117.034934998, 100.960243225, 42.398979187, 35.5108718872, 16.2553367615, 18.7887458801, 7.7197842598, 0.619471251965, 0.0906612426043, 0.0124630136415, 0.000844850146677, 0.000373997667339, 0.000183525320608, 4.95548083563e-05, 0.000141618365888, 0.000315728684654],
        "mean": [0.00340049318038, 0.112461775541, 1.15987420082, 1.31121861935, 1.89674723148, 10.3672685623, 26.9023647308, 17.6811351776, 8.43349456787, 13.9371128082, 23.9273948669, 46.7634277344, 24.2374191284, 23.37981987, 26.3180885315, 13.0743331909, 11.0297870636, 10.2743988037, 14.681854248, 5.6586098671, 6.24185323715, 6.15427970886, 2.65873074532, 2.27465677261, 1.27799105644, 0.625040650368, 0.241232007742, 0.116599999368, 0.0534228943288, 0.0300086643547, 0.00985598284751, 0.00123358890414, 0.000124558020616, 2.56113326031e-05, 1.36653907248e-05, 9.54099596129e-06, 5.4902679949e-06, 1.44229204579e-06, 6.58870794723e-06, 1.50609548655e-05],
        "median": [0.000372248206986, 0.0132859805599, 0.106560707092, 0.274916350842, 0.324448466301, 2.75935411453, 6.05375242233, 4.5645532608, 1.91782772541, 1.88985323906, 3.68174600601, 3.98482775688, 4.7214884758, 5.42582178116, 4.6017165184, 2.48914194107, 1.64547741413, 1.30304467678, 1.46491575241, 0.593323349953, 0.443897604942, 0.195138573647, 0.0470753982663, 0.0138653833419, 0.00594513909891, 0.000950706074946, 0.000310248637106, 7.2854818427e-05, 3.02507833112e-05, 1.99694550247e-05, 1.26761551655e-05, 8.77137972566e-06, 6.47978504276e-06, 5.20246976521e-06, 4.19098432758e-06, 3.11626104121e-06, 1.81471318683e-06, 4.32509295933e-07, 2.1505939003e-06, 4.96080110679e-06],
        "min": [9.99282344655e-22, 2.25512634813e-20, 4.35489266759e-20, 2.81623139196e-20, 1.93919036772e-20, 1.17737760614e-19, 2.05800869117e-19, 1.01935648574e-18, 5.87970215763e-19, 6.91616515202e-19, 4.39454020983e-19, 1.03334462688e-18, 6.3301045861e-19, 1.07226916157e-18, 3.31736979634e-18, 6.33976036879e-18, 5.87924658791e-18, 3.32600018526e-18, 1.16873986565e-17, 1.11178558535e-17, 1.02486122796e-17, 1.18187483204e-17, 7.37684054332e-18, 1.10779294997e-17, 1.65583162136e-17, 2.18781579241e-17, 1.5979734808e-17, 2.17994351452e-17, 1.97842792436e-17, 1.67706137722e-17, 1.61308921388e-17, 1.65005575002e-17, 1.28651309681e-17, 1.22736703603e-17, 1.07481615407e-17, 7.17140196639e-18, 3.33354055693e-18, 1.51492369944e-18, 3.71026616334e-19, 3.61498477954e-20],
        "var": [8.9315311925e-05, 0.14353069663, 15.8632898331, 16.0474853516, 22.9892272949, 768.400939941, 3670.0546875, 1390.63000488, 335.482330322, 3741.19287109, 8737.39550781, 20897.0214844, 16090.0722656, 4994.61962891, 4886.36425781, 946.077148438, 973.325439453, 874.55847168, 1690.2298584, 214.138305664, 312.237335205, 318.928436279, 135.06312561, 90.250617981, 27.825012207, 12.2027626038, 1.53737521172, 0.807487428188, 0.142169758677, 0.0798188596964, 0.0156964231282, 0.000171934370883, 1.80530594207e-06, 2.53055869592e-08, 7.40057848336e-10, 2.78563366818e-10, 8.75469696737e-11, 6.66565934393e-12, 1.21120585783e-10, 6.32109586896e-10]
    },
    "gfcc": {
        "mean": [-247.602157593, 243.332611084, -144.93421936, -54.1592788696, -17.9996013641, -29.6941642761, -27.5567760468, -20.4164924622, -12.9383478165, -19.251077652, -7.83847475052, -6.12064886093, 2.43699622154],
        "cov": [[15857.3681641, 153.641845703, -3305.05932617, 3283.12109375, 678.058288574, -912.855529785, 1513.86450195, -129.207138062, 465.864776611, 129.679870605, -93.5907287598, -187.35319519, -129.700195312], [153.641845703, 991.857666016, 306.292266846, -637.048217773, 398.900512695, 118.485877991, -116.40372467, 55.5084724426, -64.9256668091, -144.7918396, -38.5310325623, -111.500953674, 47.1961593628], [-3305.05932617, 306.292266846, 1222.63452148, -740.422668457, -79.4827880859, 342.930664062, -331.540435791, -3.15704703331, -139.321182251, -108.565055847, -60.5917701721, -54.8544425964, 8.7803812027], [3283.12109375, -637.048217773, -740.422668457, 1639.00524902, -19.751001358, -227.014099121, 521.729431152, -97.0213623047, 154.674636841, 192.099899292, -15.4606122971, -22.0834102631, -205.194198608], [678.058288574, 398.900512695, -79.4827880859, -19.751001358, 370.610931396, 2.00222826004, 17.8405094147, 69.1555099487, -0.60864007473, -14.6007223129, -1.85240018368, -59.8164749146, -8.79679393768], [-912.855529785, 118.485877991, 342.930664062, -227.014099121, 2.00222826004, 294.596954346, -13.2394008636, -13.7704076767, 22.4489574432, -43.4509811401, -41.4013900757, -16.3604755402, -37.2895126343], [1513.86450195, -116.40372467, -331.540435791, 521.729431152, 17.8405094147, -13.2394008636, 325.466247559, 7.41760158539, 62.0053901672, 49.3894882202, -36.2155456543, -30.096244812, -67.7819213867], [-129.207138062, 55.5084724426, -3.15704703331, -97.0213623047, 69.1555099487, -13.7704076767, 7.41760158539, 126.647132874, 8.55755805969, -5.21132135391, 13.8816347122, -13.2120628357, 5.51732110977], [465.864776611, -64.9256668091, -139.321182251, 154.674636841, -0.60864007473, 22.4489574432, 62.0053901672, 8.55755805969, 125.614151001, 51.4799308777, -11.5776834488, 14.8052129745, -15.3628034592], [129.679870605, -144.7918396, -108.565055847, 192.099899292, -14.6007223129, -43.4509811401, 49.3894882202, -5.21132135391, 51.4799308777, 116.142784119, 34.9865493774, 17.6166744232, -15.223367691], [-93.5907287598, -38.5310325623, -60.5917701721, -15.4606122971, -1.85240018368, -41.4013900757, -36.2155456543, 13.8816347122, -11.5776834488, 34.9865493774, 129.507034302, 60.8568000793, -19.4966087341], [-187.35319519, -111.500953674, -54.8544425964, -22.0834102631, -59.8164749146, -16.3604755402, -30.096244812, -13.2120628357, 14.8052129745, 17.6166744232, 60.8568000793, 105.144706726, 36.797832489], [-129.700195312, 47.1961593628, 8.7803812027, -205.194198608, -8.79679393768, -37.2895126343, -67.7819213867, 5.51732110977, -15.3628034592, -15.223367691, -19.4966087341, 36.797832489, 139.899673462]],
        "icov": [[0.000704473874066, -0.00109745096415, 0.00100103765726, -0.00120060332119, 0.000250159326242, 0.000634491909295, -0.00115540542174, 0.000977084273472, -0.00175182835665, 0.00231697456911, -0.00165720877703, 0.00186912249774, -0.00187675131019], [-0.00109745096415, 0.0107316998765, -0.00641867658123, 0.00835864432156, -0.01115071401, 0.00764993485063, -0.00909255072474, 0.00907837133855, -0.00759759172797, 0.00499477051198, -0.00348144141026, 0.00234222784638, 0.00320725468919], [0.00100103765726, -0.00641867658123, 0.00734945805743, -0.00601910566911, 0.00720024621114, -0.00848222058266, 0.00836537498981, -0.00658952910453, 0.00735744601116, -0.00298979133368, 0.00249276356772, 0.00100607576314, -0.00312603078783], [-0.00120060332119, 0.00835864432156, -0.00601910566911, 0.00987863540649, -0.00881511904299, 0.00899812765419, -0.0103062884882, 0.00899719912559, -0.00665493262932, 0.00101072376128, -0.000281211629044, -0.00133690156508, 0.00712157133967], [0.000250159326242, -0.01115071401, 0.00720024621114, -0.00881511904299, 0.0167291425169, -0.0120699200779, 0.0141001902521, -0.014605476521, 0.0125689906999, -0.00909875705838, 0.00523284310475, -0.00203690072522, -0.00249003968202], [0.000634491909295, 0.00764993485063, -0.00848222058266, 0.00899812765419, -0.0120699200779, 0.0222888812423, -0.0198446847498, 0.0168298762292, -0.01998334378, 0.0129942949861, -0.00644086534157, 0.00261180009693, 0.00427605165169], [-0.00115540542174, -0.00909255072474, 0.00836537498981, -0.0103062884882, 0.0141001902521, -0.0198446847498, 0.0284425150603, -0.0206420253962, 0.0211407989264, -0.0159062091261, 0.0127400234342, -0.00696642696857, 0.000744982331526], [0.000977084273472, 0.00907837133855, -0.00658952910453, 0.00899719912559, -0.014605476521, 0.0168298762292, -0.0206420253962, 0.0271374136209, -0.0206748675555, 0.0150341568515, -0.0127732083201, 0.00977966748178, -0.00103751639836], [-0.00175182835665, -0.00759759172797, 0.00735744601116, -0.00665493262932, 0.0125689906999, -0.01998334378, 0.0211407989264, -0.0206748675555, 0.0351192802191, -0.0236364994198, 0.0180324353278, -0.0143485274166, 0.004809953738], [0.00231697456911, 0.00499477051198, -0.00298979133368, 0.00101072376128, -0.00909875705838, 0.0129942949861, -0.0159062091261, 0.0150341568515, -0.0236364994198, 0.0317874103785, -0.0188839007169, 0.0142703838646, -0.00879679713398], [-0.00165720877703, -0.00348144141026, 0.00249276356772, -0.000281211629044, 0.00523284310475, -0.00644086534157, 0.0127400234342, -0.0127732083201, 0.0180324353278, -0.0188839007169, 0.0290271379054, -0.022553678602, 0.0142606627196], [0.00186912249774, 0.00234222784638, 0.00100607576314, -0.00133690156508, -0.00203690072522, 0.00261180009693, -0.00696642696857, 0.00977966748178, -0.0143485274166, 0.0142703838646, -0.022553678602, 0.0323132388294, -0.0159394610673], [-0.00187675131019, 0.00320725468919, -0.00312603078783, 0.00712157133967, -0.00249003968202, 0.00427605165169, 0.000744982331526, -0.00103751639836, 0.004809953738, -0.00879679713398, 0.0142606627196, -0.0159394610673, 0.0221035946161]]
    },
    "melbands": {
        "dmean": [3.48102330463e-05, 0.000160699506523, 6.70103254379e-05, 0.000136321192258, 0.000214035113459, 0.000131959110149, 5.20614084962e-05, 4.65572848043e-05, 5.37649757462e-05, 6.45210457151e-05, 2.86130889435e-05, 2.47181760642e-05, 1.79035087058e-05, 8.59004103404e-06, 5.51459470444e-06, 8.61855187395e-06, 6.75662658978e-06, 8.06559364719e-06, 5.23692278875e-06, 1.81781717856e-06, 2.69011934506e-06, 3.01505042444e-06, 1.03301090348e-06, 6.19587126494e-07, 7.52823211769e-07, 5.33305296813e-07, 1.86701100802e-07, 1.62082073984e-07, 7.63928795777e-08, 3.54108742329e-08, 3.98602786333e-08, 1.7080159509e-08, 1.30113004815e-08, 9.13953979165e-09, 5.15530018674e-09, 1.10048825608e-09, 2.79205658593e-10, 6.06189543007e-11, 2.12312546016e-11, 6.73323679798e-12],
        "dmean2": [5.95611963945e-05, 0.000267880008323, 0.00010221368575, 0.000212212253246, 0.000297251390293, 0.000193604573724, 8.99028673302e-05, 7.33287088224e-05, 7.65121803852e-05, 8.68759816512e-05, 3.84100239899e-05, 3.46367705788e-05, 2.15415257117e-05, 9.6950761872e-06, 8.00851739768e-06, 9.70810924628e-06, 9.61486875894e-06, 1.14452177513e-05, 7.45846637074e-06, 2.75976731245e-06, 4.02031719204e-06, 4.29533383794e-06, 1.53077712639e-06, 8.81970549926e-07, 1.05470542167e-06, 7.40485575079e-07, 2.57944492432e-07, 2.2214527462e-07, 1.05446581244e-07, 4.90190430469e-08, 5.95263180969e-08, 2.62337511714e-08, 1.88092030839e-08, 1.22850414286e-08, 7.0924301987e-09, 1.71838376861e-09, 4.68802940912e-10, 1.01750885495e-10, 3.65972321892e-11, 1.23011375391e-11],
        "dvar": [1.80927095528e-08, 5.02209161368e-07, 5.85925832297e-08, 2.78424806766e-07, 4.03174453822e-07, 1.33619877829e-07, 1.98550189623e-08, 4.16243501888e-08, 8.24511019459e-08, 1.27603769329e-07, 6.73677575946e-08, 1.74867089697e-08, 4.68936756093e-09, 6.58880783266e-10, 3.92857690823e-10, 1.61090529804e-09, 1.13873011021e-09, 1.24994392614e-09, 4.45809111849e-10, 5.80089969116e-11, 1.5231951811e-10, 1.66851588101e-10, 4.38185321361e-11, 1.41158282979e-11, 1.83792234904e-11, 1.03924837486e-11, 2.75682883639e-12, 1.57960569538e-12, 2.26264658594e-13, 9.57970478659e-14, 1.80515636618e-13, 4.79231861443e-14, 1.68616358533e-14, 1.6821291674e-14, 6.53056896619e-15, 2.02900204479e-16, 2.17592705633e-17, 1.10703473554e-18, 1.6942667443e-19, 9.81752315485e-22],
        "dvar2": [4.98347176858e-08, 1.2664767155e-06, 1.05515574944e-07, 5.90388196997e-07, 7.61353703638e-07, 2.92979507321e-07, 5.86932351609e-08, 8.96984033716e-08, 1.79188702987e-07, 2.4698664447e-07, 1.22313736028e-07, 2.7423697091e-08, 6.94349200359e-09, 7.9383999374e-10, 9.2942875618e-10, 2.12168704827e-09, 1.95485627685e-09, 2.39212227804e-09, 8.96950846929e-10, 1.42968664685e-10, 3.54557910809e-10, 3.71533026566e-10, 9.82494155477e-11, 3.05742792195e-11, 3.53331287839e-11, 1.97472645874e-11, 5.27228304417e-12, 3.09901019777e-12, 4.24862076943e-13, 1.89863112753e-13, 4.02247110403e-13, 1.1959991374e-13, 3.53138030699e-14, 3.16178696723e-14, 1.2155383579e-14, 4.92090990487e-16, 5.96819679333e-17, 2.76109848581e-18, 4.65209633523e-19, 2.57752084006e-21],
        "max": [0.00509647140279, 0.0300659164786, 0.0164783522487, 0.02739453502, 0.0199963338673, 0.0113590518013, 0.0071041341871, 0.0159339997917, 0.018591882661, 0.0194457191974, 0.0226386282593, 0.0112730935216, 0.00504249613732, 0.00142171944026, 0.00102363107726, 0.00188561412506, 0.00217996770516, 0.00202118582092, 0.000810967874713, 0.000294729834422, 0.000572247838136, 0.000557700463105, 0.000400037679356, 0.000278346560663, 0.000246448034886, 0.00021458179981, 0.000118880998343, 5.76501224714e-05, 2.83773024421e-05, 2.02660794457e-05, 2.98830473184e-05, 1.363024694e-05, 8.20271816337e-06, 1.07284295154e-05, 6.03237640462e-06, 7.01348255916e-07, 2.25287706712e-07, 7.04027627307e-08, 3.24467634982e-08, 1.70553426937e-09],
        "mean": [5.66903981962e-05, 0.000451864703791, 0.000243342670728, 0.000386526691727, 0.000852456782013, 0.000453563727206, 0.000128645333461, 0.000144669131259, 0.00019150270964, 0.000304434128338, 0.000112146466563, 9.43223494687e-05, 8.41825240059e-05, 4.33669119957e-05, 2.26944612223e-05, 2.77681374428e-05, 1.78136651812e-05, 2.39612836594e-05, 1.29358286358e-05, 5.82692518947e-06, 7.3660585258e-06, 7.99507688498e-06, 2.55068016486e-06, 1.50404218857e-06, 2.00202453016e-06, 1.45486501424e-06, 4.44643006858e-07, 3.75751739057e-07, 1.68310620552e-07, 7.38036973758e-08, 6.6612990679e-08, 3.07526271115e-08, 2.46970870421e-08, 1.36611175705e-08, 7.48950057528e-09, 1.51125556513e-09, 2.93387508732e-10, 6.62560492581e-11, 2.16305012096e-11, 6.47598901587e-12],
        "median": [5.22844538864e-06, 4.69660953968e-05, 5.06523902004e-05, 9.5531642728e-05, 0.000226037052926, 0.000118115160149, 2.48547694355e-05, 1.82671064977e-05, 2.76430037047e-05, 2.12660415855e-05, 2.21515692829e-05, 1.81907435035e-05, 1.31677552417e-05, 8.39902531879e-06, 4.08758614867e-06, 2.54510814557e-06, 1.86876877706e-06, 1.97488725462e-06, 1.34704896482e-06, 4.44057235427e-07, 4.30606036161e-07, 2.15908499968e-07, 4.52925021932e-08, 2.10986996763e-08, 8.48693826327e-09, 6.16867090741e-09, 6.4115374121e-10, 3.87145759895e-10, 2.02888442158e-10, 5.46199752094e-11, 2.72776835841e-11, 1.3846614827e-11, 1.18065071608e-11, 7.6704840396e-12, 5.80997836647e-12, 4.10465671868e-12, 3.03644349248e-12, 2.17649834787e-12, 1.70404207238e-12, 1.43374700133e-12],
        "min": [1.77686532834e-23, 2.76601707077e-23, 4.32158908694e-24, 4.17641107025e-24, 7.33225701019e-24, 2.05439117019e-23, 9.66316112484e-24, 6.86338569826e-24, 4.78255443488e-24, 6.40661827363e-24, 3.02257972292e-24, 3.91276192281e-24, 7.04320496389e-24, 1.99360817527e-23, 1.47033228215e-23, 9.31157449685e-24, 5.03886362603e-24, 1.58261117033e-23, 1.97397169184e-23, 1.32847394992e-23, 1.01399691663e-23, 1.2803562746e-23, 9.00211777437e-24, 6.2895047725e-24, 8.61536293836e-24, 1.13665689879e-23, 1.0614717492e-23, 1.74258238004e-23, 1.09132445467e-23, 1.02970021847e-23, 1.40385055604e-23, 1.2183271161e-23, 8.29660870125e-24, 1.03336842168e-23, 9.06131074125e-24, 9.83905107429e-24, 9.67625306042e-24, 8.67192426527e-24, 9.43476459353e-24, 1.02347981358e-23],
        "var": [3.2712957676e-08, 2.33061405197e-06, 4.61408063757e-07, 1.07376433789e-06, 3.20921208186e-06, 8.81529501839e-07, 9.87592727597e-08, 3.39161260854e-07, 5.49524202142e-07, 9.53256915182e-07, 4.22873824846e-07, 1.05159543295e-07, 5.52530572406e-08, 1.00920578561e-08, 3.33200267377e-09, 9.50063316907e-09, 3.67549879421e-09, 5.17652720688e-09, 1.42395095715e-09, 2.52014797919e-10, 5.55694545934e-10, 5.89697013442e-10, 1.26924915023e-10, 5.41920328057e-11, 7.90491769265e-11, 4.19718287903e-11, 8.00277899504e-12, 4.83784410102e-12, 7.10282039348e-13, 2.77254564793e-13, 3.06494982389e-13, 6.24431807802e-14, 3.63778018125e-14, 2.69686498204e-14, 1.11954868797e-14, 2.6871834378e-16, 1.56155172581e-17, 9.71502949928e-19, 1.33411217635e-19, 9.77953767211e-22]
    },
    "mfcc": {
        "mean": [-835.24407959, 222.42578125, -13.7817468643, -21.9228591919, 0.180850446224, -4.07670307159, -11.7574882507, -7.66061592102, -5.07654666901, -10.2789411545, -12.5682935715, -10.0727491379, -4.76957035065],
        "cov": [[9133.03515625, 2145.91772461, -3026.66064453, 2019.35546875, 351.033660889, -95.1574478149, 272.957305908, 348.204498291, 236.418701172, 257.868530273, 308.832733154, 83.1546630859, 111.665008545], [2145.91772461, 1425.28491211, -385.355743408, -18.1534023285, 281.305175781, 23.702331543, 72.4414825439, 106.239830017, 128.04335022, 61.3834571838, -44.0260124207, -31.8023967743, -25.0427589417], [-3026.66064453, -385.355743408, 1399.81506348, -737.211608887, -130.721572876, 188.982025146, -47.485370636, -88.1594161987, -48.6181373596, -74.1842269897, -136.353118896, -65.9216766357, -66.35597229], [2019.35546875, -18.1534023285, -737.211608887, 1000.35186768, 111.687179565, -43.2974472046, 137.8699646, 84.5403823853, 3.62062335014, 77.2622451782, 181.665863037, 81.5011672974, 50.6864929199], [351.033660889, 281.305175781, -130.721572876, 111.687179565, 318.830718994, 7.53630065918, 10.9739408493, 51.3676490784, 30.4201202393, 17.6517944336, 40.4786148071, 52.6928443909, -0.807283759117], [-95.1574478149, 23.702331543, 188.982025146, -43.2974472046, 7.53630065918, 224.072143555, 42.8792686462, 18.5786571503, 44.5519638062, 7.32651233673, 9.87408256531, -0.738391578197, -9.28801059723], [272.957305908, 72.4414825439, -47.485370636, 137.8699646, 10.9739408493, 42.8792686462, 159.902816772, 56.1706161499, -2.08384156227, 35.4754943848, 44.8890647888, 12.0467777252, -1.71169316769], [348.204498291, 106.239830017, -88.1594161987, 84.5403823853, 51.3676490784, 18.5786571503, 56.1706161499, 113.959884644, 37.0719070435, 12.7771711349, 43.6211929321, 16.8186912537, -3.52747416496], [236.418701172, 128.04335022, -48.6181373596, 3.62062335014, 30.4201202393, 44.5519638062, -2.08384156227, 37.0719070435, 146.802581787, 54.2518348694, -36.2049674988, 3.08169460297, 0.460096657276], [257.868530273, 61.3834571838, -74.1842269897, 77.2622451782, 17.6517944336, 7.32651233673, 35.4754943848, 12.7771711349, 54.2518348694, 103.06577301, 31.8440647125, -4.22477579117, 4.9336400032], [308.832733154, -44.0260124207, -136.353118896, 181.665863037, 40.4786148071, 9.87408256531, 44.8890647888, 43.6211929321, -36.2049674988, 31.8440647125, 162.727386475, 60.7980804443, -1.85027980804], [83.1546630859, -31.8023967743, -65.9216766357, 81.5011672974, 52.6928443909, -0.738391578197, 12.0467777252, 16.8186912537, 3.08169460297, -4.22477579117, 60.7980804443, 96.8240356445, 27.5209236145], [111.665008545, -25.0427589417, -66.35597229, 50.6864929199, -0.807283759117, -9.28801059723, -1.71169316769, -3.52747416496, 0.460096657276, 4.9336400032, -1.85027980804, 27.5209236145, 61.9967651367]],
