{
"lowlevel": {
    "average_loudness": 0.61352533102,
    "barkbands_crest": {
        "dmean": 2.51444005966,
        "dmean2": 4.12415075302,
        "dvar": 6.17151355743,
        "dvar2": 16.5117092133,
        "max": 26.1100521088,
        "mean": 11.8517332077,
        "median": 10.8700885773,
        "min": 2.50765562057,
        "var": 25.7683029175
    },
    "barkbands_flatness_db": {
        "dmean": 0.0273679811507,
        "dmean2": 0.0437991209328,
        "dvar": 0.00104350328911,
        "dvar2": 0.00255174725316,
        "max": 0.63260859251,
        "mean": 0.156916379929,
        "median": 0.14037977159,
        "min": 0.014493229799,
        "var": 0.00766086392105
    },
    "barkbands_kurtosis": {
        "dmean": 7.37027263641,
        "dmean2": 11.9288873672,
        "dvar": 300.43182373,
        "dvar2": 807.688964844,
        "max": 365.217376709,
        "mean": 13.0631504059,
        "median": 4.99294281006,
        "min": -1.80271112919,
        "var": 665.575683594
    },
    "barkbands_skewness": {
        "dmean": 0.798124969006,
        "dmean2": 1.26618206501,
        "dvar": 1.20211875439,
        "dvar2": 3.12878775597,
        "max": 18.3963317871,
        "mean": 2.48609805107,
        "median": 2.05418753624,
        "min": -2.05452418327,
        "var": 4.43150234222
    },
    "barkbands_spread": {
        "dmean": 7.06610822678,
        "dmean2": 11.754278183,
        "dvar": 123.899589539,
        "dvar2": 336.278259277,
        "max": 112.875915527,
        "mean": 20.0953578949,
        "median": 16.0624961853,
        "min": 0.243397295475,
        "var": 243.949386597
    },
    "dissonance": {
        "dmean": 0.0178155433387,
        "dmean2": 0.0301848743111,
        "dvar": 0.00038690076326,
        "dvar2": 0.00105509941932,
        "max": 0.500000059605,
        "mean": 0.464027434587,
        "median": 0.474357783794,
        "min": 0.241722583771,
        "var": 0.00107388454489
    },
    "dynamic_complexity": 3.16373825073,
    "erbbands_crest": {
        "dmean": 2.30910992622,
        "dmean2": 3.70588946342,
        "dvar": 6.24449729919,
        "dvar2": 15.4665641785,
        "max": 31.4669380188,
        "mean": 8.13265419006,
        "median": 7.03379583359,
        "min": 2.22821426392,
        "var": 18.8460788727
    },
    "erbbands_flatness_db": {
        "dmean": 0.016057992354,
        "dmean2": 0.024439804256,
        "dvar": 0.000269481097348,
        "dvar2": 0.000574455189053,
        "max": 0.416746675968,
        "mean": 0.141976818442,
        "median": 0.115742601454,
        "min": 0.0322597585618,
        "var": 0.00536601152271
    },
    "erbbands_kurtosis": {
        "dmean": 1.06564104557,
        "dmean2": 1.70690214634,
        "dvar": 2.88300251961,
        "dvar2": 7.20903968811,
        "max": 67.0401153564,
        "mean": 1.34002792835,
        "median": -0.175165653229,
        "min": -1.86177575588,
        "var": 25.868314743
    },
    "erbbands_skewness": {
        "dmean": 0.402069240808,
        "dmean2": 0.635388672352,
        "dvar": 0.202844381332,
        "dvar2": 0.519360303879,
        "max": 6.35274934769,
        "mean": 0.509623408318,
        "median": 0.358957111835,
        "min": -3.1631526947,
        "var": 1.11716926098
    },
    "erbbands_spread": {
        "dmean": 10.0025997162,
        "dmean2": 15.4514093399,
        "dvar": 150.269546509,
        "dvar2": 362.496917725,
        "max": 184.523635864,
        "mean": 48.7071037292,
        "median": 43.7680931091,
        "min": 1.49394834042,
        "var": 911.10168457
    },
    "hfc": {
        "dmean": 13.1734848022,
        "dmean2": 22.6900787354,
        "dvar": 1014.42510986,
        "dvar2": 2860.14135742,
        "max": 320.03527832,
        "mean": 24.0396499634,
        "median": 17.3222007751,
        "min": 4.89493032774e-08,
        "var": 842.993652344
    },
    "melbands_crest": {
        "dmean": 3.28612804413,
        "dmean2": 5.43860244751,
        "dvar": 10.9212665558,
        "dvar2": 31.0948448181,
        "max": 37.8709144592,
        "mean": 17.0188827515,
        "median": 16.1856956482,
        "min": 2.3428106308,
        "var": 45.0784912109
    },
    "melbands_flatness_db": {
        "dmean": 0.0328659974039,
        "dmean2": 0.0517651811242,
        "dvar": 0.00165763590485,
        "dvar2": 0.00401725573465,
        "max": 0.781721949577,
        "mean": 0.236366733909,
        "median": 0.22572030127,
        "min": 0.0064426609315,
        "var": 0.0105778221041
    },
    "melbands_kurtosis": {
        "dmean": 26.8503723145,
        "dmean2": 44.5279121399,
        "dvar": 7145.11279297,
        "dvar2": 21267.3320312,
        "max": 1514.71276855,
        "mean": 47.9271697998,
        "median": 15.5214481354,
        "min": -1.80364239216,
        "var": 12968.3173828
    },
    "melbands_skewness": {
        "dmean": 1.23107933998,
        "dmean2": 1.96382522583,
        "dvar": 3.95735168457,
        "dvar2": 10.9324359894,
        "max": 31.5985736847,
        "mean": 4.32895278931,
        "median": 3.13904690742,
        "min": -1.98120629787,
        "var": 14.9720277786
    },
    "melbands_spread": {
        "dmean": 6.78756999969,
        "dmean2": 11.2246799469,
        "dvar": 141.055877686,
        "dvar2": 380.255554199,
        "max": 146.376495361,
        "mean": 16.9935302734,
        "median": 11.1726875305,
        "min": 0.269481062889,
        "var": 298.070648193
    },
    "pitch_salience": {
        "dmean": 0.0808599069715,
        "dmean2": 0.133083209395,
        "dvar": 0.00623954553157,
        "dvar2": 0.0167492888868,
        "max": 0.894043564796,
        "mean": 0.51550412178,
        "median": 0.542876005173,
        "min": 0.0566849187016,
        "var": 0.0233918204904
    },
    "silence_rate_20dB": {
        "dmean": 0,
        "dmean2": 0,
        "dvar": 0,
        "dvar2": 0,
        "max": 1,
        "mean": 1,
        "median": 1,
        "min": 1,
        "var": 0
    },
    "silence_rate_30dB": {
        "dmean": 0.0275132283568,
        "dmean2": 0.0550317503512,
        "dvar": 0.0267572049052,
        "dvar2": 0.0660529285669,
        "max": 1,
        "mean": 0.93535977602,
        "median": 1,
        "min": 0,
        "var": 0.0604578889906
    },
    "silence_rate_60dB": {
        "dmean": 0.00711880717427,
        "dmean2": 0.0141427749768,
        "dvar": 0.00706878211349,
        "dvar2": 0.0152883687988,
        "max": 1,
        "mean": 0.0858984217048,
        "median": 0,
        "min": 0,
        "var": 0.0785189196467
    },
    "spectral_centroid": {
        "dmean": 320.776733398,
        "dmean2": 525.422363281,
        "dvar": 247615.765625,
        "dvar2": 667955.75,
        "max": 4023.13745117,
        "mean": 1234.26867676,
        "median": 1072.83825684,
        "min": 98.855506897,
        "var": 550443.875
    },
    "spectral_complexity": {
        "dmean": 4.84579133987,
        "dmean2": 7.35558986664,
        "dvar": 42.5549850464,
        "dvar2": 89.6574554443,
        "max": 62,
        "mean": 19.0002880096,
        "median": 18,
        "min": 0,
        "var": 158.010101318
    },
    "spectral_decrease": {
        "dmean": 2.90417667692e-09,
        "dmean2": 4.74734695999e-09,
        "dvar": 1.66994001389e-17,
        "dvar2": 4.79585720309e-17,
        "max": 1.52531975708e-20,
        "mean": -1.04966009218e-08,
        "median": -8.17273360099e-09,
        "min": -5.391773783e-08,
        "var": 8.02375054169e-17
    },
    "spectral_energy": {
        "dmean": 0.0116109941155,
        "dmean2": 0.0190143398941,
        "dvar": 0.000269541866146,
        "dvar2": 0.000763221294619,
        "max": 0.204978942871,
        "mean": 0.0417970865965,
        "median": 0.0329933129251,
        "min": 4.3822723228e-12,
        "var": 0.00121040421072
    },
    "spectral_energyband_high": {
        "dmean": 0.00129577307962,
        "dmean2": 0.00228462298401,
        "dvar": 1.42467697515e-05,
        "dvar2": 4.09618915e-05,
        "max": 0.0393764153123,
        "mean": 0.00161203439347,
        "median": 0.000729513471015,
        "min": 3.0860416219e-12,
        "var": 9.78589014267e-06
    },
    "spectral_energyband_low": {
        "dmean": 0.0089932186529,
        "dmean2": 0.014734457247,
        "dvar": 0.000222309026867,
        "dvar2": 0.000634107913356,
        "max": 0.171447649598,
        "mean": 0.026033712551,
        "median": 0.0117047484964,
        "min": 7.55205089003e-14,
        "var": 0.00109237525612
    },
    "spectral_energyband_middle_high": {
        "dmean": 0.00212132441811,
        "dmean2": 0.0034491927363,
        "dvar": 1.4856935195e-05,
        "dvar2": 3.82693506253e-05,
        "max": 0.0490578971803,
        "mean": 0.00391149939969,
        "median": 0.00259439554065,
        "min": 5.3188904019e-13,
        "var": 2.0872155801e-05
    },
    "spectral_energyband_middle_low": {
        "dmean": 0.00437671970576,
        "dmean2": 0.00708706583828,
        "dvar": 4.5023210987e-05,
        "dvar2": 0.000116169117973,
        "max": 0.0857935398817,
        "mean": 0.0104518411681,
        "median": 0.00843394733965,
        "min": 8.53380137823e-14,
        "var": 8.34385500639e-05
    },
    "spectral_entropy": {
        "dmean": 0.170307308435,
        "dmean2": 0.267286330462,
        "dvar": 0.0404182299972,
        "dvar2": 0.0941264107823,
        "max": 8.80034542084,
        "mean": 7.54084444046,
        "median": 7.74115180969,
        "min": 4.05828142166,
        "var": 0.493188858032
    },
    "spectral_flux": {
        "dmean": 0.0256553478539,
        "dmean2": 0.0403448045254,
        "dvar": 0.00108760560397,
        "dvar2": 0.00234852265567,
        "max": 0.352350354195,
        "mean": 0.0880601555109,
        "median": 0.0817497223616,
        "min": 5.59723639526e-06,
        "var": 0.00323866074905
    },
    "spectral_kurtosis": {
        "dmean": 2.21574401855,
        "dmean2": 3.64769649506,
        "dvar": 35.4629135132,
        "dvar2": 86.8863677979,
        "max": 232.353424072,
        "mean": 6.28827905655,
        "median": 3.40569472313,
        "min": -0.512592792511,
        "var": 142.537490845
    },
    "spectral_rms": {
        "dmean": 0.000814665283542,
        "dmean2": 0.0013087518746,
        "dvar": 9.55937480285e-07,
        "dvar2": 2.54781184594e-06,
        "max": 0.0141414096579,
        "mean": 0.00574023136869,
        "median": 0.00567349977791,
        "min": 6.53864518085e-08,
        "var": 7.82741790317e-06
    },
    "spectral_rolloff": {
        "dmean": 524.405578613,
        "dmean2": 910.518737793,
        "dvar": 997881.8125,
        "dvar2": 2574434.25,
        "max": 19358.3496094,
        "mean": 1202.25109863,
        "median": 602.9296875,
        "min": 43.06640625,
        "var": 3529019.5
    },
    "spectral_skewness": {
        "dmean": 0.266020298004,
        "dmean2": 0.420363545418,
        "dvar": 0.138811931014,
        "dvar2": 0.328726768494,
        "max": 12.094493866,
        "mean": 1.72563552856,
        "median": 1.5090367794,
        "min": 0.0395339615643,
        "var": 0.921866059303
    },
    "spectral_spread": {
        "dmean": 612394.0625,
        "dmean2": 928076.5,
        "dvar": 436863762432,
        "dvar2": 913769365504,
        "max": 11746101,
        "mean": 5330404,
        "median": 5394791,
        "min": 425247.09375,
        "var": 4.31819246797e+12
    },
    "spectral_strongpeak": {
        "dmean": 0.326272875071,
        "dmean2": 0.556067764759,
        "dvar": 0.329049021006,
        "dvar2": 0.863994479179,
        "max": 8.30957889557,
        "mean": 0.671930074692,
        "median": 0.533578574657,
        "min": 0,
        "var": 0.432583123446
    },
    "zerocrossingrate": {
        "dmean": 0.00997667293996,
        "dmean2": 0.0127076674253,
        "dvar": 0.000114092857984,
        "dvar2": 0.000169420731254,
        "max": 0.51318359375,
        "mean": 0.0539206974208,
        "median": 0.0439453125,
        "min": 0.0029296875,
        "var": 0.00218002614565
    },
    "barkbands": {
        "dmean": [0.00213173008524, 0.00621284823865, 0.00353332376108, 0.00112318701576, 0.00228341552429, 0.000627681554761, 0.000828780874144, 0.00079111463856, 0.00072661228478, 0.000425551465014, 0.000332520226948, 0.000347609951859, 0.000332813535351, 0.000221631198656, 0.00024993243278, 0.00028397407732, 0.000262304849457, 0.000177643320058, 0.000227823693422, 0.000378227938199, 0.000454921508208, 0.000266980438028, 0.000130880769575, 0.000122735655168, 8.93556934898e-05, 9.07259964151e-05, 6.71152738505e-05],
        "dmean2": [0.00385168450885, 0.0101788323373, 0.00587576068938, 0.00192580698058, 0.00364224798977, 0.00101138348691, 0.00130227115005, 0.00131590664387, 0.00124153529759, 0.000667901884299, 0.000534166116267, 0.000561526103411, 0.000556728511583, 0.000367857777746, 0.000415342365159, 0.000486365839606, 0.000430595275247, 0.000313008786179, 0.000386768340832, 0.000683272082824, 0.000830653880257, 0.000473544758279, 0.00023141723068, 0.000225538926315, 0.000159483810421, 0.000158038630616, 0.000118142452266],
        "dvar": [5.66392518522e-05, 0.000138008414069, 4.18901872763e-05, 3.89263595935e-06, 2.18791519728e-05, 8.90739102033e-07, 1.99540477297e-06, 2.47152092925e-06, 2.27687655752e-06, 1.18825755635e-06, 8.53100345921e-07, 1.00324098185e-06, 1.03727438727e-06, 2.20833598519e-07, 1.91279951878e-07, 4.67366504608e-07, 2.88313628971e-07, 1.40779050639e-07, 3.16971664915e-07, 1.33039577577e-06, 2.32559364122e-06, 6.01025874403e-07, 9.80844703236e-08, 9.06803307998e-08, 3.97438668642e-08, 3.18346131678e-08, 2.26840288775e-08],
        "dvar2": [0.000193894607946, 0.000391169334762, 0.000110483211756, 1.08385211206e-05, 5.43261303392e-05, 2.29560350817e-06, 4.53199709227e-06, 6.63089622321e-06, 6.3714164753e-06, 2.73706882581e-06, 2.0788349957e-06, 2.43853037318e-06, 2.60593742496e-06, 5.68866141748e-07, 5.05477203205e-07, 1.27363318825e-06, 6.7552798555e-07, 3.96018805304e-07, 8.42894337438e-07, 3.83095402867e-06, 6.7316368586e-06, 1.67512973803e-06, 2.77745897392e-07, 2.64916479864e-07, 1.13601977603e-07, 9.00667060932e-08, 6.08332726415e-08],
        "max": [0.137282729149, 0.142433702946, 0.0994715616107, 0.0361173376441, 0.0711003988981, 0.0154851777479, 0.0382465049624, 0.0236255079508, 0.0248470231891, 0.0275389738381, 0.0174604691565, 0.0232867375016, 0.0348991341889, 0.0202678199857, 0.0064507345669, 0.00906786415726, 0.00723408162594, 0.00603605993092, 0.0107383597642, 0.0156471244991, 0.0157490763813, 0.00770529126748, 0.00317696435377, 0.00299797183834, 0.00220370921306, 0.00206266343594, 0.00139280455187],
        "mean": [0.00259834318422, 0.016372365877, 0.00695311417803, 0.00160696578678, 0.00392589438707, 0.00116114260163, 0.00158937636297, 0.00106567377225, 0.000922462786548, 0.000570505566429, 0.000419848453021, 0.00047472116421, 0.000412378081819, 0.000306943547912, 0.000351569586201, 0.000375760602765, 0.000368610548321, 0.000230309000472, 0.000294351048069, 0.000386423169402, 0.000423446064815, 0.000310488016112, 0.000203279792913, 0.000180435396032, 0.000144391946378, 9.27315340959e-05, 5.54945145268e-05],
        "median": [0.000276844657492, 0.00334531255066, 0.00210890872404, 0.000704324920662, 0.00194344099145, 0.000671715824865, 0.000850814627483, 0.000374306808226, 0.000356351491064, 0.000182815536391, 0.000120879951282, 0.000181086623343, 0.000161911157193, 0.000124432364828, 0.000146718724864, 0.000151397078298, 0.000152661945322, 0.000103652200778, 0.000108010979602, 0.000124654121464, 9.84192884061e-05, 8.75806290423e-05, 9.59193494054e-05, 8.50876967888e-05, 8.20270070108e-05, 3.16062250931e-05, 1.0280047718e-05],
        "min": [4.87360463943e-14, 7.41468162774e-15, 2.49959888603e-15, 3.70701343564e-15, 6.27871981295e-15, 5.70586296039e-15, 3.25169511001e-14, 1.6364806984e-14, 1.39520327867e-14, 1.48015263647e-14, 1.59086119793e-14, 7.25100182805e-14, 6.16153517639e-14, 3.18307934264e-14, 3.71026959969e-14, 4.90602228439e-14, 4.66608664955e-14, 6.37126866565e-14, 7.81890760362e-14, 1.5933366009e-13, 2.17709043068e-13, 2.20573749153e-13, 2.10915716858e-13, 3.18790350021e-13, 5.07530053141e-13, 7.00259945516e-13, 9.15065332535e-13],
        "var": [7.38824892323e-05, 0.000646678556222, 0.000118406002002, 7.62169156587e-06, 3.50921727659e-05, 2.06710728889e-06, 4.73069667351e-06, 3.13963209919e-06, 2.35915808844e-06, 1.63722745583e-06, 1.01359944438e-06, 1.23377503769e-06, 1.10850385227e-06, 2.76652201592e-07, 2.72075027397e-07, 4.51696109849e-07, 3.89846746884e-07, 1.34178776534e-07, 2.93705994636e-07, 8.37901040995e-07, 1.39124949783e-06, 4.56835579143e-07, 1.00721742058e-07, 8.02252202448e-08, 4.04516988795e-08, 2.6309997736e-08, 1.71341270061e-08]
    },
    "erbbands": {
        "dmean": [0.25158265233, 1.3674236536, 3.93348693848, 3.51179766655, 5.42201185226, 9.95358181, 5.34976387024, 5.4954457283, 10.6967687607, 14.6580247879, 15.6150159836, 17.9240570068, 10.893491745, 13.6446056366, 15.093123436, 14.8034238815, 15.975112915, 11.7755298615, 9.92884540558, 16.8591899872, 14.0954217911, 14.1891222, 10.9668931961, 10.812130928, 12.2160129547, 18.4892864227, 19.8940505981, 15.966958046, 10.0026397705, 5.0126748085, 3.9686255455, 2.85775828362, 1.8517729044, 1.02433860302, 0.661126732826, 0.340569019318, 0.173453807831, 0.0674679428339, 0.0107561079785, 0.000642598781269],
        "dmean2": [0.422903239727, 2.21969246864, 6.4369225502, 6.01494598389, 8.92340373993, 15.8944730759, 8.43648910522, 9.05439472198, 16.9647808075, 23.5695571899, 26.2844047546, 30.8281078339, 17.8604278564, 21.215959549, 24.1777076721, 23.7443256378, 26.5871810913, 19.6537761688, 16.1101284027, 28.522731781, 24.0409526825, 23.5918598175, 19.2044410706, 18.8049201965, 20.5448112488, 33.6000137329, 36.5132293701, 28.9266376495, 17.5189094543, 8.73212623596, 7.09220695496, 5.22469615936, 3.34928274155, 1.81565344334, 1.19585824013, 0.596349775791, 0.299410194159, 0.119438380003, 0.0187494903803, 0.00114112661686],
        "dvar": [0.409643352032, 5.79760217667, 52.2287406921, 37.1582984924, 88.2447357178, 572.515136719, 96.9313735962, 75.3850250244, 383.590911865, 662.213684082, 1137.17431641, 1454.76782227, 450.783538818, 1512.10083008, 1879.78259277, 2262.77636719, 2571.61694336, 713.156433105, 306.115722656, 1058.42260742, 1339.95605469, 962.131286621, 598.800842285, 624.229187012, 873.133605957, 3247.89379883, 4248.87060547, 2840.69604492, 793.721984863, 157.945617676, 89.599822998, 42.1849060059, 22.3018283844, 5.18014764786, 2.17928647995, 0.464536786079, 0.105650790036, 0.020695194602, 0.000576323887799, 2.13569501284e-06],
        "dvar2": [1.28244686127, 15.7615966797, 136.2159729, 104.393302917, 226.85987854, 1461.30883789, 245.805007935, 197.432312012, 863.082458496, 1668.52856445, 3093.61254883, 4104.20654297, 1129.9329834, 3390.45605469, 4681.86669922, 5429.42333984, 6434.76367188, 1835.20471191, 795.016784668, 2792.70874023, 3681.5534668, 2390.02636719, 1662.70214844, 1723.44104004, 2335.68066406, 9353.58984375, 12324.65625, 8185.91113281, 2190.671875, 432.498657227, 257.087310791, 123.963058472, 64.0403442383, 14.7167625427, 6.25161886215, 1.31154918671, 0.296578258276, 0.0565078668296, 0.00154125702102, 5.82645998293e-06],
        "max": [7.89592266083, 29.7815666199, 97.2734069824, 105.916168213, 200.113708496, 315.93258667, 171.670608521, 154.476135254, 635.828552246, 377.864532471, 635.342224121, 613.934387207, 466.183074951, 1048.36560059, 978.238525391, 1179.83654785, 1746.89306641, 1295.6484375, 387.676483154, 538.521179199, 481.837219238, 452.16583252, 384.034820557, 374.265350342, 298.824829102, 995.478820801, 668.476318359, 535.080200195, 282.566314697, 126.830963135, 97.7073059082, 78.7369995117, 46.1506347656, 21.8356742859, 18.2590236664, 7.26343536377, 3.84426045418, 1.45747089386, 0.22325836122, 0.0167160574347],
        "mean": [0.516398429871, 3.45695877075, 8.63969993591, 6.29050207138, 8.69760322571, 15.3575849533, 9.43877029419, 10.0758228302, 21.0331249237, 25.5435237885, 20.8362808228, 22.3951301575, 16.1521320343, 18.0879249573, 20.5013027191, 20.8203830719, 20.6402072906, 16.5975933075, 15.7064933777, 22.8347473145, 19.3337841034, 19.3183364868, 14.1349754333, 14.1392841339, 15.2334728241, 18.9090023041, 18.2853450775, 15.4323387146, 11.3366069794, 7.28343820572, 5.7801156044, 4.32313251495, 2.69679117203, 1.74542629719, 0.938375234604, 0.395498603582, 0.174902409315, 0.0566516555846, 0.00898856669664, 0.000577489496209],
        "median": [0.0750829875469, 0.884888887405, 3.03056383133, 3.09528112411, 4.35613775253, 6.48155021667, 4.75653934479, 6.05537748337, 11.4167470932, 11.8933954239, 9.013463974, 8.65677261353, 7.1040019989, 5.90714645386, 7.3150806427, 8.48759746552, 8.6353225708, 7.23568201065, 7.02233791351, 9.03405666351, 8.67622566223, 8.15312671661, 6.36384391785, 5.97280406952, 5.06123161316, 6.30871295929, 4.39000225067, 3.60334134102, 3.09105038643, 2.88978624344, 2.68055391312, 2.26582288742, 1.23903942108, 1.00078105927, 0.470363974571, 0.177254259586, 0.0515636131167, 0.0122028514743, 0.00166003056802, 0.000146177975694],
        "min": [6.8559979742e-13, 1.84953593239e-12, 3.76814378311e-12, 9.6673242328e-12, 7.93007760153e-12, 1.87077558306e-11, 4.02483185669e-11, 7.38733102468e-11, 3.80203951655e-10, 4.50320891687e-10, 3.69100167097e-10, 3.15030418419e-10, 4.84423612335e-10, 4.98107555202e-10, 1.054874188e-09, 3.18733883731e-09, 2.91294699473e-09, 1.77240966348e-09, 2.2199564409e-09, 1.26856258831e-09, 3.3272706812e-09, 2.66809241367e-09, 3.4407976468e-09, 3.59927643245e-09, 4.78894701672e-09, 6.36222319272e-09, 9.55608481235e-09, 7.61606866462e-09, 7.68112506933e-09, 7.65433050276e-09, 5.42403544301e-09, 5.40295008733e-09, 6.58408572107e-09, 5.96459459601e-09, 3.32745697662e-09, 2.38372210859e-09, 1.37832367741e-09, 4.43450387522e-10, 1.17105478092e-10, 1.55734956181e-11],
        "var": [1.22743320465, 26.5882434845, 149.189117432, 86.9667358398, 177.211975098, 730.610534668, 187.167251587, 155.8203125, 869.28137207, 1369.87719727, 1229.58557129, 1449.14758301, 704.348266602, 2031.47766113, 2185.39526367, 2751.79077148, 2761.20263672, 847.911437988, 504.354187012, 1335.78515625, 1207.96618652, 1144.20629883, 553.1171875, 559.492492676, 815.041381836, 2032.58117676, 2549.84741211, 1732.76184082, 622.820922852, 159.104476929, 84.6058654785, 40.1481170654, 19.4329166412, 5.68560934067, 2.06721568108, 0.412406742573, 0.0935341194272, 0.0153578240424, 0.000443785917014, 1.57832323566e-06]
    },
    "gfcc": {
        "mean": [-17.5552215576, 77.7385025024, -93.8569335938, 28.5855102539, -54.0818595886, 6.01712369919, -33.0003204346, 3.83668780327, -18.3591651917, 1.58058929443, -13.9494094849, -2.91453075409, -10.5676965714],
        "cov": [[26170.6152344, -2386.70043945, 738.805297852, 1552.13269043, 1279.02453613, 1878.08654785, 112.903617859, 380.702514648, -612.735351562, 177.68522644, -538.611083984, 24.0605506897, -625.336669922], [-2386.70043945, 2714.54394531, -442.449890137, -372.1769104, -263.463745117, -545.583129883, -59.4992408752, -359.488372803, 85.1353683472, -275.824493408, 113.119842529, -198.27204895, 194.03086853], [738.805297852, -442.449890137, 1522.94042969, 566.69934082, 599.91607666, 461.165161133, 204.087860107, 176.630691528, -6.96073293686, 66.5158538818, -12.4733381271, 62.459602356, -84.6819992065], [1552.13269043, -372.1769104, 566.69934082, 919.683105469, 486.786712646, 359.875091553, 127.152236938, 63.1561012268, -27.9626140594, 6.29914903641, -34.216594696, 9.74434566498, -14.1311368942], [1279.02453613, -263.463745117, 599.91607666, 486.786712646, 713.182189941, 415.951568604, 175.204956055, 129.128921509, 29.1818599701, 53.8793907166, 0.505228817463, 24.1498794556, -67.8219146729], [1878.08654785, -545.583129883, 461.165161133, 359.875091553, 415.951568604, 533.660583496, 149.716567993, 176.507629395, -22.8683433533, 76.4246520996, -27.7998218536, 56.3304176331, -78.9526519775], [112.903617859, -59.4992408752, 204.087860107, 127.152236938, 175.204956055, 149.716567993, 258.684448242, 87.4629364014, 52.9370498657, 33.5653572083, 34.1630897522, 27.4157943726, 9.59752655029], [380.702514648, -359.488372803, 176.630691528, 63.1561012268, 129.128921509, 176.507629395, 87.4629364014, 200.835266113, 68.2610015869, 81.8837051392, 1.22314429283, 50.003818512, -37.0079307556], [-612.735351562, 85.1353683472, -6.96073293686, -27.9626140594, 29.1818599701, -22.8683433533, 52.9370498657, 68.2610015869, 143.678649902, 46.7221260071, 47.1239547729, 6.94532585144, 24.7003135681], [177.68522644, -275.824493408, 66.5158538818, 6.29914903641, 53.8793907166, 76.4246520996, 33.5653572083, 81.8837051392, 46.7221260071, 119.926506042, 30.7322006226, 38.4246177673, -30.2665195465], [-538.611083984, 113.119842529, -12.4733381271, -34.216594696, 0.505228817463, -27.7998218536, 34.1630897522, 1.22314429283, 47.1239547729, 30.7322006226, 91.5280456543, 30.4820804596, 26.8002433777], [24.0605506897, -198.27204895, 62.459602356, 9.74434566498, 24.1498794556, 56.3304176331, 27.4157943726, 50.003818512, 6.94532585144, 38.4246177673, 30.4820804596, 83.5534439087, 16.9011440277], [-625.336669922, 194.03086853, -84.6819992065, -14.1311368942, -67.8219146729, -78.9526519775, 9.59752655029, -37.0079307556, 24.7003135681, -30.2665195465, 26.8002433777, 16.9011440277, 96.409538269]],
        "icov": [[6.93201218382e-05, -3.8250702346e-05, 7.30866086087e-05, -7.75957669248e-05, 2.98049440062e-06, -0.00020383685478, -1.96080327441e-06, 2.6313105991e-05, 0.000166472018464, -0.000139086288982, 0.000304171291646, -0.000152493346832, 0.000280760665191], [-3.8250702346e-05, 0.000976968673058, -0.000126771541545, 0.000414363923483, -0.000243455593591, 0.000185005876119, -3.33179596055e-05, 0.000637656368781, -0.000737602473237, 0.00167193077505, -0.00177312165033, 0.00213357363828, -0.00120387971401], [7.30866086087e-05, -0.000126771541545, 0.00119380990509, -0.000425150996307, -0.000504190917127, -0.000268054747721, -0.000264371745288, -0.000318769685691, 0.000445350277005, -0.000120468219393, 0.000453354849014, -0.000894689932466, 0.000924119958654], [-7.75957669248e-05, 0.000414363923483, -0.000425150996307, 0.00227101542987, -0.0010610697791, -0.000450364692369, 3.00561387121e-05, 0.000563986308407, -3.24969223584e-05, 0.000554137048312, -0.000384842569474, 0.0016716546379, -0.00228334008716], [2.98049440062e-06, -0.000243455593591, -0.000504190917127, -0.0010610697791, 0.00388402957469, -0.00203115516342, -0.000548632000573, 0.000802671944257, -0.00170964398421, 0.000316123099765, -0.000262162357103, -0.000450111663667, 0.00203164317645], [-0.00020383685478, 0.000185005876119, -0.000268054747721, -0.000450364692369, -0.00203115516342, 0.00661042984575, -0.00111359835137, -0.00345028634183, 0.00266909180209, -0.00050046260003, -0.000174237124156, -0.000635853037238, 9.40620157053e-05], [-1.96080327441e-06, -3.33179596055e-05, -0.000264371745288, 3.00561387121e-05, -0.000548632000573, -0.00111359835137, 0.00595339015126, -0.00173211807851, -0.000563219247852, 0.000428935338277, -0.00217071152292, 0.001164429239, -0.00205068406649], [2.6313105991e-05, 0.000637656368781, -0.000318769685691, 0.000563986308407, 0.000802671944257, -0.00345028634183, -0.00173211807851, 0.0153025891632, -0.00912094023079, -0.00124268780928, 0.00485476898029, -0.00609670812264, 0.00414156680927], [0.000166472018464, -0.000737602473237, 0.000445350277005, -3.24969223584e-05, -0.00170964398421, 0.00266909180209, -0.000563219247852, -0.00912094023079, 0.0174250695854, -0.005832482595, -0.00430893152952, 0.00616743881255, -0.00569008430466], [-0.000139086288982, 0.00167193077505, -0.000120468219393, 0.000554137048312, 0.000316123099765, -0.00050046260003, 0.000428935338277, -0.00124268780928, -0.005832482595, 0.0193018522114, -0.00729230465367, -0.00184156524483, 0.00490503804758], [0.000304171291646, -0.00177312165033, 0.000453354849014, -0.000384842569474, -0.000262162357103, -0.000174237124156, -0.00217071152292, 0.00485476898029, -0.00430893152952, -0.00729230465367, 0.0235594604164, -0.0118734324351, 0.00198277807795], [-0.000152493346832, 0.00213357363828, -0.000894689932466, 0.0016716546379, -0.000450111663667, -0.000635853037238, 0.001164429239, -0.00609670812264, 0.00616743881255, -0.00184156524483, -0.0118734324351, 0.0286702848971, -0.0130011793226], [0.000280760665191, -0.00120387971401, 0.000924119958654, -0.00228334008716, 0.00203164317645, 9.40620157053e-05, -0.00205068406649, 0.00414156680927, -0.00569008430466, 0.00490503804758, 0.00198277807795, -0.0130011793226, 0.0231192857027]]
    },
    "melbands": {
        "dmean": [0.00192353094462, 0.0018504310865, 0.000620617880486, 0.000552237499505, 0.000237901258515, 0.000122969649965, 0.000164937198861, 0.000162808093592, 0.000128468702314, 0.000107852247311, 5.30914949195e-05, 5.70132615394e-05, 4.82983305119e-05, 4.0580649511e-05, 3.85138882848e-05, 2.98297763948e-05, 2.27131931752e-05, 1.61413627211e-05, 1.85651042557e-05, 2.1577690859e-05, 1.66815189004e-05, 1.55422185344e-05, 1.36842290885e-05, 8.52174616739e-06, 9.15688997338e-06, 8.78294940776e-06, 1.12611496661e-05, 1.23650252135e-05, 1.17120707728e-05, 1.13257810881e-05, 1.01577879832e-05, 6.19935599389e-06, 3.89573870052e-06, 2.5333231406e-06, 2.72403281087e-06, 1.66050199368e-06, 1.76768469373e-06, 1.40238751101e-06, 1.07487039713e-06, 8.8686027766e-07],
        "dmean2": [0.00322073930874, 0.00300431228243, 0.00104835175443, 0.00087899126811, 0.000383149919799, 0.000201650851523, 0.000260214408627, 0.000264593050815, 0.000217519016587, 0.000185262499144, 8.66465488798e-05, 8.85393819772e-05, 7.76747692726e-05, 6.55602998449e-05, 6.22146471869e-05, 5.00725109305e-05, 3.81362442567e-05, 2.63127203652e-05, 3.08368980768e-05, 3.63126200682e-05, 2.83225108433e-05, 2.5644663765e-05, 2.35301704379e-05, 1.50673049575e-05, 1.60675190273e-05, 1.4736947378e-05, 2.01661914616e-05, 2.25496769417e-05, 2.13764687942e-05, 2.07720131584e-05, 1.84344553418e-05, 1.09657721623e-05, 6.73507383908e-06, 4.42082910013e-06, 4.9327591114e-06, 2.9271063795e-06, 3.24949178321e-06, 2.53869075095e-06, 1.90921082321e-06, 1.57903014042e-06],
        "dvar": [1.83054635272e-05, 9.99267831503e-06, 9.50183505211e-07, 1.28324859361e-06, 2.46138455395e-07, 3.56859253259e-08, 8.46476950755e-08, 8.57525748188e-08, 8.16651777313e-08, 4.94514296179e-08, 1.11917266565e-08, 2.87644876806e-08, 1.90870057537e-08, 1.25629560088e-08, 1.16786171844e-08, 6.27612539716e-09, 2.59771826272e-09, 7.9857703783e-10, 1.08446318592e-09, 1.87102355831e-09, 1.95796467928e-09, 1.06480890771e-09, 1.02061559204e-09, 2.9640762067e-10, 4.62064941864e-10, 5.0164672416e-10, 9.89475057445e-10, 1.50190793136e-09, 1.26541865875e-09, 1.57278501334e-09, 1.13757392395e-09, 2.94505198006e-10, 1.07343856026e-10, 3.53444842838e-11, 4.53994480898e-11, 1.31704707904e-11, 1.58147037133e-11, 1.20984385704e-11, 6.56958385262e-12, 3.97201065441e-12],
        "dvar2": [5.61069464311e-05, 2.5836236091e-05, 2.62749563262e-06, 3.09239817398e-06, 6.61025012505e-07, 9.33587287477e-08, 1.87281656849e-07, 2.19279755242e-07, 2.25371124429e-07, 1.38410740647e-07, 2.79089462651e-08, 6.45249258469e-08, 4.68540157783e-08, 3.14416084279e-08, 2.84141279394e-08, 1.58633426395e-08, 6.73871713985e-09, 2.07661887686e-09, 2.835659485e-09, 4.78608841448e-09, 5.37376809717e-09, 2.61121080314e-09, 2.77169065477e-09, 8.34311342235e-10, 1.28560984081e-09, 1.29367738744e-09, 2.82835377341e-09, 4.33074287542e-09, 3.64200314351e-09, 4.5746602062e-09, 3.26977289689e-09, 8.10083167213e-10, 2.95904523107e-10, 9.69859401123e-11, 1.31177721463e-10, 3.76421081805e-11, 4.69834865457e-11, 3.48746725942e-11, 1.84683310311e-11, 1.13401319585e-11],
        "max": [0.0505288057029, 0.040905483067, 0.0154492221773, 0.0202030781657, 0.00812366884202, 0.00328310183249, 0.00910954084247, 0.00487329484895, 0.00595126207918, 0.00329592893831, 0.0022750061471, 0.00452763820067, 0.00275332457386, 0.00263630738482, 0.00290936697274, 0.00253062648699, 0.00226526893675, 0.000585862610023, 0.000461169198388, 0.000753250147682, 0.000575283134822, 0.000483669224195, 0.00070256809704, 0.000162486147019, 0.000343380292179, 0.00049397390103, 0.000324280699715, 0.000682046927977, 0.000373941002181, 0.000426344922744, 0.00033278495539, 0.000171702136868, 0.000111745946924, 5.95212150074e-05, 6.91028108122e-05, 5.89894953009e-05, 4.56759771623e-05, 3.77434880647e-05, 3.00481660815e-05, 2.19622470468e-05],
        "mean": [0.00462841661647, 0.004658552818, 0.00116719573271, 0.000931402668357, 0.000400982535211, 0.000224407063797, 0.000328516180161, 0.000273340148851, 0.000167561127455, 0.000133961133542, 7.72238854552e-05, 7.26728831069e-05, 6.27938497928e-05, 5.75636040594e-05, 5.10236350237e-05, 3.74653245672e-05, 3.05060220853e-05, 2.44502189162e-05, 2.58724285231e-05, 2.94316087093e-05, 2.1781283067e-05, 2.0630810468e-05, 1.64832872542e-05, 1.08042750071e-05, 1.13403330033e-05, 1.14490794658e-05, 1.17517211038e-05, 1.23544741655e-05, 1.08560097942e-05, 1.0286390534e-05, 9.28608460526e-06, 6.86299790686e-06, 4.82888162878e-06, 3.71785404241e-06, 3.40559699907e-06, 2.94080905405e-06, 2.47457705882e-06, 1.87792682027e-06, 1.73057503616e-06, 1.382841333e-06],
        "median": [0.000848366937134, 0.00190810079221, 0.000641790335067, 0.000428307830589, 0.000206722907024, 0.00013297732221, 0.000179715803824, 0.000117619827506, 7.05562561052e-05, 5.11545440531e-05, 3.12784031848e-05, 2.07071734621e-05, 2.01416114578e-05, 2.21440950554e-05, 1.94349577214e-05, 1.50272808241e-05, 1.20367240015e-05, 1.02264311863e-05, 1.08017147795e-05, 1.15366765385e-05, 9.41661164688e-06, 8.4050843725e-06, 6.28888028587e-06, 4.74757871416e-06, 4.58063959741e-06, 3.84290297006e-06, 3.76688331016e-06, 3.93962727685e-06, 2.69373913397e-06, 2.09566701415e-06, 1.98243424165e-06, 1.69104100678e-06, 1.56045416588e-06, 1.51484573507e-06, 1.29328805087e-06, 1.69959389495e-06, 1.17299282465e-06, 7.79771880843e-07, 9.37500317377e-07, 7.21373055512e-07],
        "min": [1.12395783327e-14, 2.16973799835e-15, 1.49283892421e-15, 7.76787975543e-16, 1.46083484309e-15, 1.95888354569e-15, 5.69098906184e-15, 4.35019011644e-15, 2.76934690424e-15, 2.10642779125e-15, 2.33573655073e-15, 1.86829612484e-15, 2.53088934189e-15, 8.01818497936e-15, 6.33632355908e-15, 7.0885366736e-15, 2.59595904817e-15, 3.57526381344e-15, 2.50805841583e-15, 1.28443896127e-15, 4.67628763674e-15, 2.69085659618e-15, 2.82972256568e-15, 3.45730664048e-15, 2.64344265641e-15, 3.73659055561e-15, 3.82114943121e-15, 4.27916259217e-15, 6.96846170651e-15, 4.74650582103e-15, 4.23874768564e-15, 3.8228638259e-15, 5.33655278374e-15, 4.23801584917e-15, 3.18266615997e-15, 2.49923635593e-15, 3.706585684e-15, 3.93071483701e-15, 6.26422072647e-15, 4.4468590221e-15],
        "var": [6.75599003443e-05, 3.57482786058e-05, 2.43032809522e-06, 2.1970704438e-06, 3.32843001161e-07, 7.49687032453e-08, 2.05093357408e-07, 1.65885538195e-07, 8.47417140903e-08, 5.00532486569e-08, 1.75220016274e-08, 3.81151785689e-08, 2.22360228008e-08, 1.5212343385e-08, 1.42084122245e-08, 6.90046730867e-09, 3.11621639604e-09, 1.27580879195e-09, 1.48091805485e-09, 2.3810549088e-09, 1.72200942394e-09, 1.30542099352e-09, 1.0574393583e-09, 2.83102347121e-10, 3.93924004527e-10, 4.97858976267e-10, 6.67990551761e-10, 9.31491883627e-10, 7.93009991007e-10, 9.33380039925e-10, 6.91195656266e-10, 2.34159552859e-10, 9.15418019165e-11, 3.88086229819e-11, 3.78798242773e-11, 1.58701871089e-11, 1.42638019451e-11, 9.90245559163e-12, 7.18006426884e-12, 3.87144396402e-12]
    },
    "mfcc": {
        "mean": [-661.331054688, 112.964057922, 14.7175836563, 24.9023075104, 4.41325330734, 4.52670192719, -1.74597048759, -0.194171994925, 0.304567247629, 1.68708384037, -1.99754488468, 2.94348406792, 0.374698221684],
        "cov": [[15548.4277344, -1704.7980957, -240.269241333, 213.921112061, 659.371276855, 921.698242188, 612.627807617, 533.497924805, 268.904449463, 397.350799561, 273.683502197, 56.6103286743, 121.224052429], [-1704.7980957, 2352.33398438, -111.160644531, -148.290496826, -263.510070801, -305.505950928, -239.259643555, -213.103683472, -101.86492157, -144.074783325, -137.868270874, 1.77654898167, -44.9353065491], [-240.269241333, -111.160644531, 893.297546387, 285.933837891, 312.160064697, 221.087631226, 222.30847168, 163.600601196, 77.2972793579, 83.1851577759, 54.3038101196, 10.0943822861, 12.435172081], [213.921112061, -148.290496826, 285.933837891, 557.502807617, 295.446777344, 238.717605591, 163.865722656, 102.406196594, 81.3218765259, 29.6546325684, 29.431974411, 18.1790618896, -28.6838569641], [659.371276855, -263.510070801, 312.160064697, 295.446777344, 580.312683105, 334.607055664, 239.501037598, 195.664978027, 93.6480941772, 118.507507324, 90.3133392334, 25.601732254, 32.7791023254], [921.698242188, -305.505950928, 221.087631226, 238.717605591, 334.607055664, 375.105926514, 269.90322876, 180.222915649, 95.8703613281, 84.939781189, 70.5407791138, 31.5158252716, 17.7967510223], [612.627807617, -239.259643555, 222.30847168, 163.865722656, 239.501037598, 269.90322876, 290.709289551, 190.719314575, 93.3614730835, 84.801902771, 74.8653717041, 39.5586624146, 30.3327713013], [533.497924805, -213.103683472, 163.600601196, 102.406196594, 195.664978027, 180.222915649, 190.719314575, 218.165542603, 109.784996033, 95.392829895, 80.7152099609, 25.9805469513, 34.6654472351], [268.904449463, -101.86492157, 77.2972793579, 81.3218765259, 93.6480941772, 95.8703613281, 93.3614730835, 109.784996033, 124.037460327, 81.9015808105, 55.7395324707, 23.6241092682, 15.3788318634], [397.350799561, -144.074783325, 83.1851577759, 29.6546325684, 118.507507324, 84.939781189, 84.801902771, 95.392829895, 81.9015808105, 136.535705566, 94.4691772461, 34.5089263916, 29.5738964081], [273.683502197, -137.868270874, 54.3038101196, 29.431974411, 90.3133392334, 70.5407791138, 74.8653717041, 80.7152099609, 55.7395324707, 94.4691772461, 134.046173096, 57.6808815002, 34.4114723206], [56.6103286743, 1.77654898167, 10.0943822861, 18.1790618896, 25.601732254, 31.5158252716, 39.5586624146, 25.9805469513, 23.6241092682, 34.5089263916, 57.6808815002, 91.9806900024, 40.3061904907], [121.224052429, -44.9353065491, 12.435172081, -28.6838569641, 32.7791023254, 17.7967510223, 30.3327713013, 34.6654472351, 15.3788318634, 29.5738964081, 34.4114723206, 40.3061904907, 72.7278747559]],
