{
"lowlevel": {
    "average_loudness": 0.948731899261,
    "barkbands_crest": {
        "dmean": 2.83939170837,
        "dmean2": 4.60637044907,
        "dvar": 7.00790596008,
        "dvar2": 16.4082183838,
        "max": 24.1863384247,
        "mean": 9.40410327911,
        "median": 8.44600296021,
        "min": 1.99572086334,
        "var": 19.1213130951
    },
    "barkbands_flatness_db": {
        "dmean": 0.0195313747972,
        "dmean2": 0.0305396728218,
        "dvar": 0.000372208945919,
        "dvar2": 0.000885594170541,
        "max": 0.445263683796,
        "mean": 0.0952518209815,
        "median": 0.0873485207558,
        "min": 0.0178392473608,
        "var": 0.00184283219278
    },
    "barkbands_kurtosis": {
        "dmean": 1.61066234112,
        "dmean2": 2.58416771889,
        "dvar": 11.2686433792,
        "dvar2": 26.2486896515,
        "max": 194.124526978,
        "mean": 1.45991611481,
        "median": 0.416556358337,
        "min": -1.95062959194,
        "var": 21.9427871704
    },
    "barkbands_skewness": {
        "dmean": 0.489766150713,
        "dmean2": 0.752369046211,
        "dvar": 0.272703319788,
        "dvar2": 0.593475937843,
        "max": 12.1036968231,
        "mean": 0.862450957298,
        "median": 0.779513716698,
        "min": -3.61959409714,
        "var": 1.01188063622
    },
    "barkbands_spread": {
        "dmean": 7.38528776169,
        "dmean2": 11.6284866333,
        "dvar": 66.6977462769,
        "dvar2": 151.23059082,
        "max": 106.600311279,
        "mean": 31.5534439087,
        "median": 29.9827156067,
        "min": 0.584794521332,
        "var": 235.231002808
    },
    "dissonance": {
        "dmean": 0.015597499907,
        "dmean2": 0.0265029650182,
        "dvar": 0.000291252858005,
        "dvar2": 0.000791815167759,
        "max": 0.500000178814,
        "mean": 0.477553933859,
        "median": 0.484014302492,
        "min": 0.231934532523,
        "var": 0.000517356966157
    },
    "dynamic_complexity": 1.97494459152,
    "erbbands_crest": {
        "dmean": 2.67210674286,
        "dmean2": 4.40798854828,
        "dvar": 6.82571363449,
        "dvar2": 17.0879898071,
        "max": 31.4493846893,
        "mean": 8.53664588928,
        "median": 7.52308702469,
        "min": 2.34476947784,
        "var": 17.1814308167
    },
    "erbbands_flatness_db": {
        "dmean": 0.0184305384755,
        "dmean2": 0.0275858137757,
        "dvar": 0.00031899366877,
        "dvar2": 0.000672469264828,
        "max": 0.484746515751,
        "mean": 0.138179168105,
        "median": 0.130814552307,
        "min": 0.0404047779739,
        "var": 0.00247106072493
    },
    "erbbands_kurtosis": {
        "dmean": 1.21523666382,
        "dmean2": 1.95224440098,
        "dvar": 3.14897704124,
        "dvar2": 7.80136013031,
        "max": 34.7498474121,
        "mean": 1.18715631962,
        "median": 0.199085712433,
        "min": -1.85733520985,
        "var": 7.94132757187
    },
    "erbbands_skewness": {
        "dmean": 0.404158145189,
        "dmean2": 0.618409395218,
        "dvar": 0.151027977467,
        "dvar2": 0.326404362917,
        "max": 4.5354218483,
        "mean": 0.256204128265,
        "median": 0.312161803246,
        "min": -5.5986533165,
        "var": 0.814987838268
    },
    "erbbands_spread": {
        "dmean": 7.66654872894,
        "dmean2": 11.8926239014,
        "dvar": 64.6704101562,
        "dvar2": 145.248748779,
        "max": 136.265930176,
        "mean": 34.0780105591,
        "median": 33.2034835815,
        "min": 1.3283406496,
        "var": 265.769836426
    },
    "hfc": {
        "dmean": 10.7120428085,
        "dmean2": 16.1861915588,
        "dvar": 332.256347656,
        "dvar2": 592.007995605,
        "max": 367.890960693,
        "mean": 36.465007782,
        "median": 29.3560199738,
        "min": 1.20723953143e-16,
        "var": 1048.30151367
    },
    "melbands_crest": {
        "dmean": 3.61633706093,
        "dmean2": 5.74236011505,
        "dvar": 10.4650735855,
        "dvar2": 23.9928646088,
        "max": 36.3908348083,
        "mean": 13.9756441116,
        "median": 12.9860887527,
        "min": 1.98583221436,
        "var": 36.4436569214
    },
    "melbands_flatness_db": {
        "dmean": 0.0268080700189,
        "dmean2": 0.0415756292641,
        "dvar": 0.000732382351998,
        "dvar2": 0.00169256061781,
        "max": 0.60053819418,
        "mean": 0.158754169941,
        "median": 0.155118972063,
        "min": 0.00332156987861,
        "var": 0.00347203528509
    },
    "melbands_kurtosis": {
        "dmean": 4.47064733505,
        "dmean2": 7.04296398163,
        "dvar": 71.6280288696,
        "dvar2": 162.767608643,
        "max": 413.051239014,
        "mean": 7.01807689667,
        "median": 3.22536373138,
        "min": -1.86041748524,
        "var": 147.915496826
    },
    "melbands_skewness": {
        "dmean": 0.665381550789,
        "dmean2": 1.03018987179,
        "dvar": 0.538145720959,
        "dvar2": 1.16423881054,
        "max": 16.5846939087,
        "mean": 1.88051688671,
        "median": 1.60066044331,
        "min": -2.17114210129,
        "var": 2.10260510445
    },
    "melbands_spread": {
        "dmean": 11.2152118683,
        "dmean2": 17.1282463074,
        "dvar": 237.038284302,
        "dvar2": 444.793151855,
        "max": 260.906188965,
        "mean": 37.7488059998,
        "median": 30.713684082,
        "min": 0.664476692677,
        "var": 844.112182617
    },
    "pitch_salience": {
        "dmean": 0.0796302929521,
        "dmean2": 0.126993581653,
        "dvar": 0.00515001453459,
        "dvar2": 0.0123129216954,
        "max": 0.947053492069,
        "mean": 0.566692590714,
        "median": 0.579902946949,
        "min": 0.125760480762,
        "var": 0.0157722849399
    },
    "silence_rate_20dB": {
        "dmean": 0,
        "dmean2": 0,
        "dvar": 0,
        "dvar2": 0,
        "max": 1,
        "mean": 1,
        "median": 1,
        "min": 1,
        "var": 0
    },
    "silence_rate_30dB": {
        "dmean": 0,
        "dmean2": 0,
        "dvar": 0,
        "dvar2": 0,
        "max": 1,
        "mean": 1,
        "median": 1,
        "min": 1,
        "var": 0
    },
    "silence_rate_60dB": {
        "dmean": 0.00138195778709,
        "dmean2": 0.00276412768289,
        "dvar": 0.00138004554901,
        "dvar2": 0.00306360260583,
        "max": 1,
        "mean": 0.00744664529338,
        "median": 0,
        "min": 0,
        "var": 0.00738918269053
    },
    "spectral_centroid": {
        "dmean": 312.145599365,
        "dmean2": 477.987670898,
        "dvar": 125803.890625,
        "dvar2": 259809.09375,
        "max": 10581.7001953,
        "mean": 1822.32592773,
        "median": 1760.17163086,
        "min": 148.179412842,
        "var": 524176.90625
    },
    "spectral_complexity": {
        "dmean": 4.70203447342,
        "dmean2": 7.27088451385,
        "dvar": 19.0468215942,
        "dvar2": 42.3762397766,
        "max": 61,
        "mean": 26.904499054,
        "median": 27,
        "min": 0,
        "var": 88.0690231323
    },
    "spectral_decrease": {
        "dmean": 1.7075958425e-09,
        "dmean2": 2.63765675967e-09,
        "dvar": 3.08265750432e-18,
        "dvar2": 7.04030955573e-18,
        "max": 8.54107620062e-29,
        "mean": -7.50168283048e-09,
        "median": -6.9777135181e-09,
        "min": -2.49757459159e-08,
        "var": 1.14651004843e-17
    },
    "spectral_energy": {
        "dmean": 0.00689686788246,
        "dmean2": 0.0106162447482,
        "dvar": 4.80572743982e-05,
        "dvar2": 0.000108772161184,
        "max": 0.0956444218755,
        "mean": 0.0316206403077,
        "median": 0.0301746800542,
        "min": 1.06276625543e-20,
        "var": 0.000184810516657
    },
    "spectral_energyband_high": {
        "dmean": 0.000996429589577,
        "dmean2": 0.0014721378684,
        "dvar": 5.98537417318e-06,
        "dvar2": 9.91546494333e-06,
        "max": 0.0495919436216,
        "mean": 0.00217393273488,
        "median": 0.00115311262198,
        "min": 8.11486960693e-21,
        "var": 1.87285968423e-05
    },
    "spectral_energyband_low": {
        "dmean": 0.00469317846,
        "dmean2": 0.00741080706939,
        "dvar": 3.85114799428e-05,
        "dvar2": 9.36122523854e-05,
        "max": 0.08822799474,
        "mean": 0.0111027183011,
        "median": 0.00821491889656,
        "min": 2.27770617509e-23,
        "var": 9.24561682041e-05
    },
    "spectral_energyband_middle_high": {
        "dmean": 0.00337329180911,
        "dmean2": 0.00527269532904,
        "dvar": 1.885018537e-05,
        "dvar2": 4.24927966378e-05,
        "max": 0.0721966028214,
        "mean": 0.00986343342811,
        "median": 0.00757329538465,
        "min": 1.33125803569e-21,
        "var": 6.24133463134e-05
    },
    "spectral_energyband_middle_low": {
        "dmean": 0.00382759235799,
        "dmean2": 0.00612862827256,
        "dvar": 2.25430139835e-05,
        "dvar2": 5.64213987673e-05,
        "max": 0.0621848851442,
        "mean": 0.00933613814414,
        "median": 0.00720640923828,
        "min": 2.9495059911e-22,
        "var": 5.33017046109e-05
    },
    "spectral_entropy": {
        "dmean": 0.143175899982,
        "dmean2": 0.214182749391,
        "dvar": 0.0223019625992,
        "dvar2": 0.0476976446807,
        "max": 9.79040527344,
        "mean": 7.88862848282,
        "median": 7.96359062195,
        "min": 5.38629817963,
        "var": 0.148954629898
    },
    "spectral_flux": {
        "dmean": 0.0218303520232,
        "dmean2": 0.0336100012064,
        "dvar": 0.000458649243228,
        "dvar2": 0.000960506731644,
        "max": 0.262362152338,
        "mean": 0.0985670089722,
        "median": 0.0952742323279,
        "min": 1.03090556924e-10,
        "var": 0.00131900073029
    },
    "spectral_kurtosis": {
        "dmean": 1.24977338314,
        "dmean2": 1.99369239807,
        "dvar": 3.34606456757,
        "dvar2": 8.60574150085,
        "max": 57.8912124634,
        "mean": 4.18659687042,
        "median": 3.29187345505,
        "min": -1.1775996685,
        "var": 14.8155021667
    },
    "spectral_rms": {
        "dmean": 0.000606322137173,
        "dmean2": 0.000927714398131,
        "dvar": 3.30628495249e-07,
        "dvar2": 7.22878439774e-07,
        "max": 0.00965979415923,
        "mean": 0.00541128590703,
        "median": 0.00542574562132,
        "min": 3.22000781074e-12,
        "var": 1.56736359713e-06
    },
    "spectral_rolloff": {
        "dmean": 623.104614258,
        "dmean2": 1032.28405762,
        "dvar": 983167.625,
        "dvar2": 1990134.625,
        "max": 18927.6855469,
        "mean": 2072.91162109,
        "median": 1464.2578125,
        "min": 21.533203125,
        "var": 2915111.5
    },
    "spectral_skewness": {
        "dmean": 0.203215554357,
        "dmean2": 0.310242950916,
        "dvar": 0.049888715148,
        "dvar2": 0.113637857139,
        "max": 6.12610197067,
        "mean": 1.53026342392,
        "median": 1.44605922699,
        "min": 0.0186721459031,
        "var": 0.310796350241
    },
    "spectral_spread": {
        "dmean": 631016.5,
        "dmean2": 920583.8125,
        "dvar": 505791905792,
        "dvar2": 1.00581651251e+12,
        "max": 39575716,
        "mean": 5054324,
        "median": 4844944,
        "min": 1188205.25,
        "var": 2.17233437491e+12
    },
    "spectral_strongpeak": {
        "dmean": 0.712755978107,
        "dmean2": 1.2508906126,
        "dvar": 2.03361964226,
        "dvar2": 5.5375752449,
        "max": 20.9671363831,
        "mean": 1.017801404,
        "median": 0.332569956779,
        "min": 0,
        "var": 2.49955940247
    },
    "zerocrossingrate": {
        "dmean": 0.0127481333911,
        "dmean2": 0.0149772325531,
        "dvar": 0.000245810457272,
        "dvar2": 0.000274228455964,
        "max": 0.5078125,
        "mean": 0.082124248147,
        "median": 0.07373046875,
        "min": 0.00390625,
        "var": 0.0018676945474
    },
    "barkbands": {
        "dmean": [0.000151683663717, 0.00399945117533, 0.00156546582002, 0.000835104146972, 0.000483678159071, 0.000707078317646, 0.000911067589186, 0.000857374863699, 0.00180241314229, 0.00110971787944, 0.00103983446024, 0.000979755539447, 0.000531450787093, 0.000413630419644, 0.000367191823898, 0.000339605758199, 0.00048185812193, 0.000444373145001, 0.00042585778283, 0.000206700860872, 0.000161642921739, 0.000252984027611, 0.000334767362801, 0.000215134641621, 9.40350728342e-05, 2.93853372568e-05, 1.07820515041e-05],
        "dmean2": [0.000259034830378, 0.00636272924021, 0.00266198464669, 0.00143005838618, 0.000771798717324, 0.00114978931379, 0.00150232564192, 0.00141644966789, 0.0029319061432, 0.00182303797919, 0.00173957238439, 0.00160018843599, 0.000866564922035, 0.000670171168167, 0.000589032249991, 0.000532066158485, 0.000736557121854, 0.000712415378075, 0.00071101624053, 0.000354300602339, 0.000261224486167, 0.000379080622224, 0.000485408003442, 0.000322097796015, 0.000148379054735, 4.29133033322e-05, 1.58599414135e-05],
        "dvar": [6.87167158731e-08, 2.99839903164e-05, 7.49680157242e-06, 2.6499787964e-06, 7.68323161537e-07, 2.01798525268e-06, 3.47405762113e-06, 2.60505794358e-06, 1.12774505396e-05, 3.64695733879e-06, 4.97833161717e-06, 4.43720364274e-06, 1.60019169471e-06, 1.16965384223e-06, 9.52366463025e-07, 8.57865984472e-07, 1.58895215918e-06, 8.96834080777e-07, 1.02809985947e-06, 2.032623172e-07, 1.18680127059e-07, 5.53942015813e-07, 1.26798261135e-06, 4.3085674406e-07, 4.4767578089e-08, 2.83664625123e-09, 5.61383994846e-10],
        "dvar2": [1.8295979487e-07, 7.23851335351e-05, 2.02564497158e-05, 7.12416567694e-06, 1.59093360708e-06, 4.64585627924e-06, 8.62369233801e-06, 6.6022921601e-06, 2.95146091958e-05, 9.28199915506e-06, 1.30713642648e-05, 1.10705650513e-05, 3.82867938242e-06, 2.85822011392e-06, 2.25607186621e-06, 1.92219749806e-06, 3.48145681528e-06, 1.99134751711e-06, 2.68746202892e-06, 5.51085065581e-07, 2.7040147188e-07, 1.08087931494e-06, 2.27495092986e-06, 8.11941902157e-07, 9.8013316574e-08, 5.62237323365e-09, 1.1343255224e-09],
        "max": [0.00571544561535, 0.0630422234535, 0.0459453351796, 0.0162704456598, 0.0306730307639, 0.0519702471793, 0.0387624502182, 0.0381641387939, 0.0602746382356, 0.0379561819136, 0.050817117095, 0.045783188194, 0.0471855141222, 0.0283408965915, 0.0266701616347, 0.0416245572269, 0.0296837557107, 0.0207413267344, 0.017666278407, 0.00660038553178, 0.00981152337044, 0.0180056653917, 0.0286312513053, 0.0168027933687, 0.00662703998387, 0.00173360109329, 0.000674852461088],
        "mean": [0.000201533621293, 0.00800825376064, 0.00234026415274, 0.000976002193056, 0.000981283606961, 0.00105852913111, 0.00125479872804, 0.00132603093516, 0.00315592694096, 0.00180995953269, 0.00173847121187, 0.00174676370807, 0.000811596459243, 0.00063796894392, 0.000537753105164, 0.000560973538086, 0.000857434992213, 0.000717088463716, 0.000612407107837, 0.000296578189591, 0.000301820371533, 0.000477968424093, 0.000601654697675, 0.000369289686205, 0.000151229760377, 6.70579393045e-05, 2.19898029172e-05],
        "median": [0.000117720512208, 0.00485668890178, 0.00133227033075, 0.000483901356347, 0.000471613166155, 0.000569391995668, 0.000580731662922, 0.000737677386496, 0.0013694226509, 0.00107953732368, 0.000704510952346, 0.000733459426556, 0.000390758737922, 0.00027673272416, 0.000219581183046, 0.000255109480349, 0.000303911860101, 0.000338243960869, 0.000335667165928, 0.000154016044689, 0.000194255932001, 0.00020978070097, 0.000172736909008, 0.000141095239087, 7.54102657083e-05, 4.03832818847e-05, 1.0820769603e-05],
        "min": [1.00383102392e-23, 6.62967224446e-24, 7.91278842782e-24, 9.66147848452e-24, 6.7054060468e-23, 9.91111083585e-23, 5.46522393375e-23, 1.86211910409e-23, 3.03027916313e-23, 2.21552658082e-23, 4.36955324993e-23, 9.52654303783e-23, 4.18261625013e-23, 1.7408985091e-22, 7.88674229176e-23, 1.48937304937e-22, 1.03032567473e-22, 1.8178874207e-22, 2.80005938494e-22, 4.78270135234e-22, 4.45448169944e-22, 3.33830864691e-22, 5.89255367264e-22, 8.74003154971e-22, 1.30674796328e-21, 1.81291171525e-21, 2.66349451134e-21],
        "var": [7.70168853137e-08, 6.9006367994e-05, 1.0394801393e-05, 2.33956643569e-06, 3.12678503178e-06, 3.33964590027e-06, 4.87711122332e-06, 4.01058014177e-06, 2.65720082098e-05, 5.78083563596e-06, 1.0798034964e-05, 1.06577654151e-05, 2.45276896749e-06, 1.86709587524e-06, 1.48712513237e-06, 1.61618584116e-06, 3.26987310473e-06, 1.76585376721e-06, 1.03555044006e-06, 2.13158244833e-07, 2.28281109571e-07, 1.41211398841e-06, 3.40099290952e-06, 1.07613277578e-06, 7.97614916337e-08, 7.28892990409e-09, 1.24626009512e-09]
    },
    "erbbands": {
        "dmean": [0.13435292244, 0.876178026199, 1.65652096272, 2.28084206581, 1.79860496521, 1.5560785532, 3.53974866867, 7.00301885605, 12.2052688599, 13.4242744446, 20.4247093201, 45.024055481, 35.9539871216, 31.8806743622, 40.0904045105, 36.7239341736, 22.9316596985, 20.4152488708, 21.174036026, 16.5306549072, 17.7071647644, 26.6425895691, 27.1338729858, 26.5578136444, 11.509847641, 10.4198226929, 7.57705783844, 6.4655213356, 7.97225809097, 11.5688505173, 9.21868610382, 6.66359519958, 2.39236688614, 1.39385306835, 0.484297543764, 0.154562219977, 0.0560458600521, 0.0093760387972, 0.00219747493975, 0.000111755318358],
        "dmean2": [0.206141874194, 1.42904806137, 2.81078386307, 3.90944552422, 3.04659581184, 2.46682310104, 5.77701282501, 11.3596115112, 19.9610004425, 22.5958366394, 33.6234054565, 73.5679626465, 58.6419258118, 51.9579048157, 66.4451980591, 59.5089492798, 37.0774803162, 32.8716659546, 33.7240219116, 26.0320720673, 26.9102210999, 40.1294021606, 43.3093566895, 44.2771263123, 18.9312839508, 17.9882602692, 12.7605323792, 10.1628961563, 12.164522171, 16.9870548248, 13.3751306534, 9.64902877808, 3.65502595901, 2.22570085526, 0.744218409061, 0.231464222074, 0.082367375493, 0.0140557922423, 0.0032431287691, 0.000163313205121],
        "dvar": [0.0304209031165, 1.62023663521, 9.65779209137, 15.7159976959, 10.5766963959, 8.96511745453, 54.6904373169, 237.857376099, 679.471252441, 750.057495117, 1287.38537598, 8497.43554688, 4120.62890625, 3386.95483398, 8182.59423828, 6785.64013672, 2898.24365234, 2774.47436523, 2984.46533203, 1660.78710938, 2420.52758789, 5018.25976562, 3153.09838867, 4332.13037109, 430.841522217, 565.110412598, 224.334838867, 232.332595825, 460.840423584, 1553.99572754, 997.034851074, 499.516693115, 38.3572731018, 12.1036167145, 0.910425543785, 0.0734050273895, 0.013256361708, 0.000324385240674, 2.10773960134e-05, 8.00864512485e-08],
        "dvar2": [0.0664521679282, 4.15554475784, 25.6416950226, 43.6655158997, 27.6599273682, 17.8406219482, 131.891174316, 529.853027344, 1620.55993652, 1954.06896973, 3212.06347656, 22455.8183594, 10596.3232422, 8413.79101562, 21844.0351562, 16992.5273438, 6754.47607422, 6926.20654297, 6964.80566406, 3873.55932617, 5181.72460938, 10768.8339844, 6893.95507812, 11386.5898438, 1036.6697998, 1553.40576172, 570.282958984, 510.342834473, 906.086853027, 2997.34277344, 1891.25134277, 943.724365234, 71.2389755249, 26.4030685425, 2.02457714081, 0.150410965085, 0.0269445292652, 0.000669535249472, 4.34480316471e-05, 1.65929336049e-07],
        "max": [2.26255893707, 16.0529537201, 53.3620796204, 46.5105934143, 31.9195346832, 113.076072693, 176.856307983, 641.696594238, 620.674072266, 541.431518555, 1021.14385986, 1570.30102539, 1442.83117676, 1868.17150879, 2612.875, 2269.26196289, 2221.06494141, 1463.59887695, 1797.85327148, 1405.60998535, 1619.93566895, 1687.23352051, 1146.65490723, 1106.23632812, 473.401519775, 307.390014648, 378.859893799, 496.365325928, 557.534973145, 888.200073242, 740.818725586, 552.870117188, 171.196533203, 112.604919434, 24.1976623535, 8.65754508972, 3.99207639694, 0.501565873623, 0.130415558815, 0.0103642651811],
        "mean": [0.287258863449, 1.59564781189, 2.62764263153, 3.20419216156, 2.42647004128, 3.07563400269, 6.61855077744, 10.2983541489, 17.4579658508, 19.1233482361, 34.4658737183, 78.1984176636, 63.459777832, 60.3482055664, 74.657875061, 68.6518249512, 38.3604240417, 33.4207649231, 33.5787200928, 27.2890930176, 33.0370521545, 48.7997322083, 45.2887077332, 37.1492271423, 19.8941631317, 14.7029542923, 12.4644498825, 12.4162569046, 14.9330291748, 20.9118347168, 16.1449184418, 11.3229284286, 4.07742404938, 2.13125348091, 0.837875902653, 0.339047640562, 0.118521519005, 0.0207742583007, 0.0045101926662, 0.000239903543843],
        "median": [0.165358483791, 0.976710796356, 1.52142047882, 2.18159723282, 1.44495344162, 1.31698393822, 2.84696388245, 5.50429725647, 8.45389270782, 9.51217842102, 21.1937961578, 32.0246009827, 37.866985321, 33.4948196411, 30.7150936127, 28.9949207306, 20.4609680176, 14.4104003906, 15.5372467041, 12.8901596069, 14.96068573, 18.1873168945, 21.8231887817, 18.9582366943, 13.2855815887, 7.78489494324, 7.71894454956, 7.73211860657, 7.39396095276, 6.16189956665, 4.83336353302, 3.51026582718, 1.81562161446, 0.955312490463, 0.454145252705, 0.213834166527, 0.0650606974959, 0.0125154741108, 0.00219010422006, 0.000121848017443],
        "min": [2.40555446386e-22, 1.34656380527e-21, 6.10165739882e-21, 2.13259488846e-20, 6.67914740424e-20, 3.09868991895e-19, 3.55187244977e-19, 1.09193445006e-18, 9.27808374841e-19, 5.668362681e-19, 3.09689881443e-19, 5.23191995934e-19, 1.2138161012e-18, 6.43960468764e-19, 3.18436473731e-18, 3.37329465037e-18, 1.80567923572e-18, 7.83116453168e-18, 5.78726699892e-18, 7.52237552747e-18, 6.23140053573e-18, 7.19711156701e-18, 9.91981046763e-18, 1.35058071679e-17, 1.4190263556e-17, 2.40267182061e-17, 1.85847796742e-17, 1.70843650329e-17, 1.27074124407e-17, 1.121142487e-17, 1.86036129224e-17, 1.66925163418e-17, 1.48474850225e-17, 1.28107934736e-17, 1.08000547165e-17, 6.42557415349e-18, 3.5788271123e-18, 1.66099480003e-18, 3.42809727881e-19, 3.56775955203e-20],
        "var": [0.0959568992257, 2.84472632408, 13.9276399612, 14.1638612747, 10.144900322, 36.9713630676, 152.183853149, 378.308654785, 981.338806152, 993.110168457, 2255.87329102, 19051.5761719, 6753.80419922, 7474.14355469, 21331.1464844, 16223.8662109, 4622.21289062, 4482.03369141, 5005.15722656, 3003.97387695, 5182.22070312, 10530.8769531, 6412.84082031, 4268.32226562, 657.265075684, 545.720153809, 313.663208008, 476.346069336, 1097.11132812, 4097.13183594, 2468.33398438, 1245.29138184, 93.7678756714, 21.596496582, 1.67575454712, 0.175376340747, 0.0296761058271, 0.000765041389968, 4.81588685943e-05, 1.58448813181e-07]
    },
    "gfcc": {
        "mean": [50.1606864929, 63.5337486267, -112.629493713, 23.6802253723, -54.6283912659, 26.24933815, -20.7880191803, 21.3538646698, -14.827881813, 0.813720583916, -11.9455776215, 6.73397922516, -13.3415355682],
        "cov": [[2330.22338867, -586.711425781, -97.8872833252, 141.300979614, -182.789581299, 13.6979436874, -3.23828220367, 14.3905982971, 44.5580406189, 96.0047683716, -1.37786531448, -4.26608419418, -21.394695282], [-586.711425781, 1118.53686523, -168.988235474, -253.435699463, -36.5008163452, -52.2215385437, -72.3110809326, 40.3139457703, -12.9986791611, -100.991950989, 16.1847801208, 0.70880317688, -2.02110910416], [-97.8872833252, -168.988235474, 669.383972168, 83.4139251709, 48.829864502, 40.3045730591, 112.10030365, -1.49942326546, -31.7288990021, 93.4377822876, 10.9765357971, -11.1216287613, 42.7809944153], [141.300979614, -253.435699463, 83.4139251709, 427.018615723, 47.4004745483, -36.9482765198, -48.1813049316, -64.5728149414, -4.0329208374, 52.8783874512, -12.6130342484, -13.4377689362, -2.05590486526], [-182.789581299, -36.5008163452, 48.829864502, 47.4004745483, 316.704101562, -3.72138977051, 41.0967292786, 16.8979225159, 24.5739250183, 39.1196098328, -10.78972435, 17.6742534637, 15.6699228287], [13.6979436874, -52.2215385437, 40.3045730591, -36.9482765198, -3.72138977051, 149.22718811, 51.7660942078, 13.8481140137, -1.91752064228, 6.65850877762, 13.2535648346, -7.7117190361, -0.298339813948], [-3.23828220367, -72.3110809326, 112.10030365, -48.1813049316, 41.0967292786, 51.7660942078, 199.512924194, 58.7291908264, -24.5875701904, 28.2181892395, -4.35367059708, -7.26974868774, 12.8730039597], [14.3905982971, 40.3139457703, -1.49942326546, -64.5728149414, 16.8979225159, 13.8481140137, 58.7291908264, 115.013252258, 30.3438167572, -7.55812454224, 4.57800388336, 9.54174137115, 3.40868997574], [44.5580406189, -12.9986791611, -31.7288990021, -4.0329208374, 24.5739250183, -1.91752064228, -24.5875701904, 30.3438167572, 118.997306824, 7.9159154892, 13.2411146164, 19.3011665344, -7.4878821373], [96.0047683716, -100.991950989, 93.4377822876, 52.8783874512, 39.1196098328, 6.65850877762, 28.2181892395, -7.55812454224, 7.9159154892, 113.818733215, 18.3523845673, -15.4086179733, 8.46604061127], [-1.37786531448, 16.1847801208, 10.9765357971, -12.6130342484, -10.78972435, 13.2535648346, -4.35367059708, 4.57800388336, 13.2411146164, 18.3523845673, 67.4866333008, 19.3984165192, -1.0347982645], [-4.26608419418, 0.70880317688, -11.1216287613, -13.4377689362, 17.6742534637, -7.7117190361, -7.26974868774, 9.54174137115, 19.3011665344, -15.4086179733, 19.3984165192, 87.9621810913, 22.8073196411], [-21.394695282, -2.02110910416, 42.7809944153, -2.05590486526, 15.6699228287, -0.298339813948, 12.8730039597, 3.40868997574, -7.4878821373, 8.46604061127, -1.0347982645, 22.8073196411, 62.8922309875]],
        "icov": [[0.000579142826609, 0.000286082620732, 0.000190651946468, -7.55684086471e-05, 0.000453780870885, -6.05180593993e-06, 5.8662131778e-05, -0.000323724118061, -8.55468897498e-05, -0.000612306990661, 0.000234784907661, -0.000181807146873, 0.000108529900899], [0.000286082620732, 0.00134409463499, 0.000154687528266, 0.000631462724414, 4.95992280776e-05, 0.000463680131361, 0.000592033145949, -0.00057731353445, 0.000311269919621, 0.000447606871603, -0.000546542403754, 0.000454461696791, -0.000241107845795], [0.000190651946468, 0.000154687528266, 0.00200509652495, -0.000335259799613, 0.00014517501404, -0.000208529207157, -0.000883805449121, 9.7398624348e-05, 0.000247139541898, -0.0012216179166, -0.000186715216842, 0.000116121249448, -0.00101790600456], [-7.55684086471e-05, 0.000631462724414, -0.000335259799613, 0.00329811638221, -0.00052135711303, 0.000710321299266, 0.00096651277272, 0.000998619012535, 0.000157378366566, -0.000717804417945, 0.000374400930014, 0.000289224524749, 0.000228404605878], [0.000453780870885, 4.95992280776e-05, 0.00014517501404, -0.00052135711303, 0.00402151467279, 8.25083843665e-05, -0.000773023115471, -0.000404775957577, -0.000882484251633, -0.00177756557241, 0.00149872351903, -0.00126643339172, -0.000163125616382], [-6.05180593993e-06, 0.000463680131361, -0.000208529207157, 0.000710321299266, 8.25083843665e-05, 0.00793347600847, -0.00188029347919, 0.000361753482139, -0.00037766280002, 0.000810186145827, -0.00215293420479, 0.00128687499091, -9.58780219662e-05], [5.8662131778e-05, 0.000592033145949, -0.000883805449121, 0.00096651277272, -0.000773023115471, -0.00188029347919, 0.00860924459994, -0.00466686999425, 0.00290278531611, -0.00168991333339, 0.00116850412451, 7.4500007031e-05, -8.84897672222e-05], [-0.000323724118061, -0.00057731353445, 9.7398624348e-05, 0.000998619012535, -0.000404775957577, 0.000361753482139, -0.00466686999425, 0.0131690278649, -0.00419196952134, 0.0018131636316, -0.000705003039911, -6.46525995762e-06, -0.000570653413888], [-8.55468897498e-05, 0.000311269919621, 0.000247139541898, 0.000157378366566, -0.000882484251633, -0.00037766280002, 0.00290278531611, -0.00419196952134, 0.0110614644364, -0.0016976109473, -0.000729759747628, -0.00219426420517, 0.00199827551842], [-0.000612306990661, 0.000447606871603, -0.0012216179166, -0.000717804417945, -0.00177756557241, 0.000810186145827, -0.00168991333339, 0.0018131636316, -0.0016976109473, 0.0139340683818, -0.00550841586664, 0.00446558091789, -0.00247988221236], [0.000234784907661, -0.000546542403754, -0.000186715216842, 0.000374400930014, 0.00149872351903, -0.00215293420479, 0.00116850412451, -0.000705003039911, -0.000729759747628, -0.00550841586664, 0.0192595180124, -0.00604010280222, 0.00277885375544], [-0.000181807146873, 0.000454461696791, 0.000116121249448, 0.000289224524749, -0.00126643339172, 0.00128687499091, 7.4500007031e-05, -6.46525995762e-06, -0.00219426420517, 0.00446558091789, -0.00604010280222, 0.0160986427218, -0.00660981237888], [0.000108529900899, -0.000241107845795, -0.00101790600456, 0.000228404605878, -0.000163125616382, -9.58780219662e-05, -8.84897672222e-05, -0.000570653413888, 0.00199827551842, -0.00247988221236, 0.00277885375544, -0.00660981237888, 0.0197329372168]]
    },
    "melbands": {
        "dmean": [0.00115852616727, 0.000858057290316, 0.000382717815228, 0.000100448283774, 0.000114834343549, 0.000153930828674, 0.000184706397704, 0.000153390457854, 0.00017214458785, 0.000299425068079, 0.000181358453119, 0.000133009583806, 0.000138294111821, 0.000120954522572, 7.06104183337e-05, 5.03136834595e-05, 3.94197813876e-05, 3.73744987883e-05, 2.56058101513e-05, 2.41870002355e-05, 2.19673984247e-05, 2.85122860078e-05, 2.95809622912e-05, 2.1214793378e-05, 2.50504635915e-05, 9.99640360533e-06, 5.95752499066e-06, 8.07187552709e-06, 5.20998128195e-06, 4.15820613853e-06, 3.90985587728e-06, 4.29988494943e-06, 6.28062025498e-06, 6.93620904713e-06, 5.49007609152e-06, 5.35694471182e-06, 3.87077261621e-06, 1.8329088789e-06, 1.42670899095e-06, 1.11876261144e-06],
        "dmean2": [0.00180855719373, 0.0014276051661, 0.000652428716421, 0.000166356621776, 0.000183900177944, 0.000249827018706, 0.000302647531498, 0.00025803578319, 0.00028392978129, 0.000488553312607, 0.000295535166515, 0.000217241424252, 0.000230864970945, 0.000198621186428, 0.000114137139462, 8.198319847e-05, 6.43892344669e-05, 6.00124549237e-05, 4.07438310503e-05, 3.87670370401e-05, 3.37673263857e-05, 4.35253896285e-05, 4.58225840703e-05, 3.47985951521e-05, 4.20965261583e-05, 1.64737466548e-05, 9.88739429886e-06, 1.40737520269e-05, 8.83758093551e-06, 6.79050708641e-06, 6.22205743639e-06, 6.82912650518e-06, 9.37272579904e-06, 1.03474294519e-05, 8.18935586722e-06, 7.74242562329e-06, 5.87127851759e-06, 2.86876411337e-06, 2.28321277973e-06, 1.81004202204e-06],
        "dvar": [2.34535173149e-06, 2.06622780752e-06, 4.57002499843e-07, 2.22896598956e-08, 5.91121107618e-08, 1.03493832171e-07, 1.48406229528e-07, 9.16419153896e-08, 8.86011193302e-08, 3.74506413436e-07, 1.03694020481e-07, 5.65640831951e-08, 8.86152022872e-08, 7.33198177727e-08, 2.45931062182e-08, 1.86580830785e-08, 1.12876437086e-08, 9.60800772276e-09, 4.98637175994e-09, 4.43665371108e-09, 3.77276077046e-09, 6.0200662233e-09, 5.34285460319e-09, 2.1189348054e-09, 4.49762982413e-09, 3.06186576093e-10, 1.5122895991e-10, 3.83226950174e-10, 1.01843290745e-10, 7.67949939751e-11, 9.21968543177e-11, 1.2559442375e-10, 4.05672301307e-10, 5.710062978e-10, 3.63405777692e-10, 3.69710900783e-10, 1.74437769784e-10, 2.13654233194e-11, 1.65272517894e-11, 7.66693653009e-12],
        "dvar2": [5.36686548003e-06, 5.46697174286e-06, 1.25593714984e-06, 5.57582211513e-08, 1.31919875912e-07, 2.32872693573e-07, 3.58509964826e-07, 2.38394179064e-07, 2.25085898364e-07, 9.80397885542e-07, 2.65519872755e-07, 1.40725873621e-07, 2.33764794189e-07, 1.86041731354e-07, 6.15369017964e-08, 4.4731198301e-08, 2.85068875172e-08, 2.24807159555e-08, 1.18805703053e-08, 1.06446194081e-08, 8.05708655349e-09, 1.31577770901e-08, 1.11475975118e-08, 4.88770757201e-09, 1.18742082833e-08, 7.4451778076e-10, 3.68573116472e-10, 1.07154662921e-09, 2.680384803e-10, 1.82725889974e-10, 2.08169731453e-10, 2.69888694726e-10, 8.09090461296e-10, 1.14721343536e-09, 7.39758032609e-10, 7.11739223114e-10, 3.5223332584e-10, 4.17437473477e-11, 3.70897722257e-11, 1.72719200053e-11],
        "max": [0.0181288365275, 0.0234112609178, 0.00766694173217, 0.00298804650083, 0.00672527262941, 0.0126484595239, 0.00891064293683, 0.00719965063035, 0.00734723685309, 0.0111238956451, 0.00720300525427, 0.00760184042156, 0.00687813200057, 0.00594528065994, 0.00439681345597, 0.00606633536518, 0.00312943430617, 0.00311033776961, 0.00206568301655, 0.00324403145351, 0.001839177683, 0.00183855323121, 0.00179534917697, 0.00136138789821, 0.00113241409417, 0.000401965371566, 0.00029878175701, 0.000253034580965, 0.000231769372476, 0.000267668539891, 0.000336701632477, 0.000365925865481, 0.000518938584719, 0.000612545467447, 0.000523865106516, 0.000458698661532, 0.000338971323799, 0.000142472432344, 0.000215831110836, 7.40280593163e-05],
        "mean": [0.00240131653845, 0.00161609973293, 0.000552208628505, 0.000171082501765, 0.00022889484535, 0.000229178476729, 0.000262693269178, 0.000225814757869, 0.00027972238604, 0.000516717555001, 0.000310246861773, 0.000239946850343, 0.000243420523475, 0.000220023997827, 0.000118349751574, 7.5257550634e-05, 5.90505660512e-05, 5.6230048358e-05, 3.72953581973e-05, 3.78950426239e-05, 3.86508727388e-05, 4.97539404023e-05, 4.92610670335e-05, 3.17553567584e-05, 3.17294434353e-05, 1.70048188011e-05, 9.49047262111e-06, 1.01456707853e-05, 7.81195558375e-06, 7.08556854079e-06, 7.16993736205e-06, 7.33583465262e-06, 1.12489869935e-05, 1.16225846796e-05, 9.0508874564e-06, 8.93995456863e-06, 6.08262735113e-06, 2.875737664e-06, 2.19189450945e-06, 1.63301126577e-06],
        "median": [0.00142975279596, 0.00115121155977, 0.000376839889213, 0.000102506812254, 9.32016846491e-05, 0.00012591315317, 0.000126805651234, 0.000118014562759, 0.000162688345881, 0.000204831390874, 0.000186683784705, 0.000133289082441, 0.000101132973214, 8.83108150447e-05, 5.8213412558e-05, 3.42352614098e-05, 2.36297328229e-05, 2.52676818491e-05, 1.50794712681e-05, 1.64365810633e-05, 1.51832819029e-05, 1.77941619768e-05, 1.91631770576e-05, 1.52300972331e-05, 1.39432850119e-05, 1.1456680113e-05, 5.23034350408e-06, 4.95651420351e-06, 4.56309589936e-06, 4.2906890485e-06, 4.37458129454e-06, 3.83964470529e-06, 4.01831448471e-06, 3.0204214454e-06, 2.68817620963e-06, 2.32749221141e-06, 1.92636980501e-06, 1.25181395561e-06, 1.02647322819e-06, 7.07198239525e-07],
        "min": [2.66975221673e-24, 3.12251479176e-24, 5.38660337381e-24, 1.16537979766e-23, 1.46102624782e-23, 2.28110285238e-23, 1.39991414013e-23, 5.66606760468e-24, 2.19366164423e-24, 4.27168337949e-24, 6.05893374611e-24, 1.98485351527e-24, 8.20782713953e-24, 1.1191997225e-23, 5.19077890928e-24, 5.73869013961e-24, 1.55717529708e-23, 9.82677876519e-24, 7.80210019876e-24, 9.24224703392e-24, 7.0471192917e-24, 6.38233555725e-24, 1.00770401542e-23, 7.45761805209e-24, 1.16323425377e-23, 9.47474327535e-24, 1.17939572602e-23, 1.75264098767e-23, 1.1003026384e-23, 1.18489952967e-23, 9.07796990585e-24, 7.76261061071e-24, 5.27855191233e-24, 6.31052515461e-24, 1.11031296774e-23, 1.18945307148e-23, 9.06951726125e-24, 9.730740472e-24, 1.14398328667e-23, 1.01646960114e-23],
        "var": [6.39140080239e-06, 3.146251629e-06, 4.16873604081e-07, 4.03476896338e-08, 2.10849663063e-07, 1.67014164276e-07, 2.13587952658e-07, 1.25675143181e-07, 1.60400716709e-07, 8.48958961797e-07, 1.65926351769e-07, 1.17716332682e-07, 2.08845435168e-07, 1.84793705671e-07, 4.52769093329e-08, 2.68904685186e-08, 1.67766707193e-08, 1.5690757138e-08, 7.47191286621e-09, 7.16271308931e-09, 8.10799871687e-09, 1.18272751592e-08, 1.17488161422e-08, 3.58384255605e-09, 4.16182643903e-09, 4.671875109e-10, 2.27022817212e-10, 3.20877741045e-10, 1.25028140618e-10, 1.33639169175e-10, 1.7727089241e-10, 2.39155917292e-10, 1.02313946204e-09, 1.38408684514e-09, 8.00352006891e-10, 8.48919101681e-10, 3.85175918938e-10, 4.70282944531e-11, 2.81328189911e-11, 1.27786097676e-11]
    },
    "mfcc": {
        "mean": [-595.452453613, 101.641578674, 0.819824576378, 8.45864295959, -1.80983626842, 6.38524341583, 6.24798679352, 21.2041873932, 5.02134799957, 5.55477523804, 5.85903978348, 4.34585857391, 1.13971495628],
        "cov": [[2182.76708984, -658.158996582, -93.3596038818, 21.7368240356, -127.536773682, -10.2574853897, -116.00038147, -54.0829734802, -33.5209159851, 70.4014816284, 15.4111280441, 39.9429016113, -17.4995117188], [-658.158996582, 1108.39221191, -107.397377014, -224.397018433, -6.20588111877, -155.580825806, 7.15625953674, 55.6236724854, 27.5408706665, -90.8746337891, -9.35642910004, 53.3306808472, 4.23888111115], [-93.3596038818, -107.397377014, 545.71685791, 53.428062439, -44.0169296265, 45.4054374695, 78.6497421265, -50.5506973267, 4.91179656982, 38.654586792, -4.23264312744, -15.3378295898, -3.30347895622], [21.7368240356, -224.397018433, 53.428062439, 387.595275879, 84.3723297119, 74.1333999634, 3.49357628822, -65.6666030884, 7.85444688797, 8.77653312683, 22.0739498138, -55.2222747803, -5.74388360977], [-127.536773682, -6.20588111877, -44.0169296265, 84.3723297119, 213.325164795, 42.0362815857, -42.136631012, -5.64383840561, 1.55038762093, -1.54923164845, 18.3288574219, -3.32041573524, -0.541060626507], [-10.2574853897, -155.580825806, 45.4054374695, 74.1333999634, 42.0362815857, 156.194671631, 46.2777442932, -30.7717075348, 1.16919660568, 26.7131881714, 9.95813560486, -20.8361988068, -1.57401967049], [-116.00038147, 7.15625953674, 78.6497421265, 3.49357628822, -42.136631012, 46.2777442932, 213.398529053, -4.57703590393, 54.3596076965, 12.9835519791, 11.0508708954, 11.1024084091, -0.342388540506], [-54.0829734802, 55.6236724854, -50.5506973267, -65.6666030884, -5.64383840561, -30.7717075348, -4.57703590393, 146.006561279, 25.4191646576, -23.4022750854, -0.330433994532, 23.410987854, 13.3553371429], [-33.5209159851, 27.5408706665, 4.91179656982, 7.85444688797, 1.55038762093, 1.16919660568, 54.3596076965, 25.4191646576, 116.717964172, 16.9034557343, 4.59406423569, 13.1580066681, 16.3209152222], [70.4014816284, -90.8746337891, 38.654586792, 8.77653312683, -1.54923164845, 26.7131881714, 12.9835519791, -23.4022750854, 16.9034557343, 100.298721313, 28.2676124573, -10.080291748, -2.69348597527], [15.4111280441, -9.35642910004, -4.23264312744, 22.0739498138, 18.3288574219, 9.95813560486, 11.0508708954, -0.330433994532, 4.59406423569, 28.2676124573, 78.4806976318, 17.5226383209, 0.543648600578], [39.9429016113, 53.3306808472, -15.3378295898, -55.2222747803, -3.32041573524, -20.8361988068, 11.1024084091, 23.410987854, 13.1580066681, -10.080291748, 17.5226383209, 83.0771331787, 23.7478981018], [-17.4995117188, 4.23888111115, -3.30347895622, -5.74388360977, -0.541060626507, -1.57401967049, -0.342388540506, 13.3553371429, 16.3209152222, -2.69348597527, 0.543648600578, 23.7478981018, 65.3955917358]],
