{
"lowlevel": {
    "average_loudness": 0.905719697475,
    "barkbands_crest": {
        "dmean": 2.41755747795,
        "dmean2": 3.7348048687,
        "dvar": 7.1087346077,
        "dvar2": 15.3491449356,
        "max": 26.9278583527,
        "mean": 10.6052541733,
        "median": 9.44597911835,
        "min": 2.20592093468,
        "var": 22.5370540619
    },
    "barkbands_flatness_db": {
        "dmean": 0.0343634337187,
        "dmean2": 0.0449988767505,
        "dvar": 0.00174366310239,
        "dvar2": 0.00284072407521,
        "max": 0.62889701128,
        "mean": 0.179406642914,
        "median": 0.162287890911,
        "min": 0.015544665046,
        "var": 0.00929585658014
    },
    "barkbands_kurtosis": {
        "dmean": 6.08487892151,
        "dmean2": 8.12610149384,
        "dvar": 1332.00817871,
        "dvar2": 1669.02026367,
        "max": 4492.91210938,
        "mean": 10.3458147049,
        "median": 1.93002653122,
        "min": -1.85979282856,
        "var": 5133.63769531
    },
    "barkbands_skewness": {
        "dmean": 0.666524112225,
        "dmean2": 0.923362970352,
        "dvar": 0.788329839706,
        "dvar2": 1.30792176723,
        "max": 56.9395027161,
        "mean": 1.68965196609,
        "median": 1.25764644146,
        "min": -3.98250293732,
        "var": 4.51317358017
    },
    "barkbands_spread": {
        "dmean": 5.13308620453,
        "dmean2": 7.34739112854,
        "dvar": 36.2766418457,
        "dvar2": 69.2076644897,
        "max": 95.0470352173,
        "mean": 18.5031070709,
        "median": 15.6743717194,
        "min": 0.0222940240055,
        "var": 193.905654907
    },
    "dissonance": {
        "dmean": 0.0291090905666,
        "dmean2": 0.0464190095663,
        "dvar": 0.0010101380758,
        "dvar2": 0.00241263769567,
        "max": 0.499979585409,
        "mean": 0.431920289993,
        "median": 0.449806749821,
        "min": 0.123778782785,
        "var": 0.0034132997971
    },
    "dynamic_complexity": 3.92539811134,
    "erbbands_crest": {
        "dmean": 3.18755245209,
        "dmean2": 4.89867639542,
        "dvar": 9.76509380341,
        "dvar2": 21.3966197968,
        "max": 33.4470100403,
        "mean": 11.840546608,
        "median": 10.4510755539,
        "min": 2.41607522964,
        "var": 35.2805252075
    },
    "erbbands_flatness_db": {
        "dmean": 0.0233148559928,
        "dmean2": 0.0331539995968,
        "dvar": 0.000614357937593,
        "dvar2": 0.00116438092664,
        "max": 0.539313495159,
        "mean": 0.185948967934,
        "median": 0.172081798315,
        "min": 0.0613071657717,
        "var": 0.00474051665515
    },
    "erbbands_kurtosis": {
        "dmean": 1.73384487629,
        "dmean2": 2.42133641243,
        "dvar": 8.77636528015,
        "dvar2": 13.7651863098,
        "max": 160.865356445,
        "mean": 2.44146299362,
        "median": 0.656062602997,
        "min": -1.84738004208,
        "var": 55.7267494202
    },
    "erbbands_skewness": {
        "dmean": 0.436536163092,
        "dmean2": 0.614700615406,
        "dvar": 0.179728969932,
        "dvar2": 0.332264125347,
        "max": 9.55283069611,
        "mean": 0.395854383707,
        "median": 0.313456147909,
        "min": -5.34479188919,
        "var": 1.06195354462
    },
    "erbbands_spread": {
        "dmean": 8.47039985657,
        "dmean2": 12.3839902878,
        "dvar": 91.9024658203,
        "dvar2": 185.837844849,
        "max": 144.737014771,
        "mean": 32.0886459351,
        "median": 27.7666778564,
        "min": 0.44274109602,
        "var": 410.312255859
    },
    "hfc": {
        "dmean": 11.3117055893,
        "dmean2": 17.3960075378,
        "dvar": 836.296813965,
        "dvar2": 2182.3671875,
        "max": 362.59677124,
        "mean": 17.9210624695,
        "median": 9.78872966766,
        "min": 1.12008447336e-16,
        "var": 816.542724609
    },
    "melbands_crest": {
        "dmean": 3.30957698822,
        "dmean2": 4.83130121231,
        "dvar": 13.8828277588,
        "dvar2": 27.9470119476,
        "max": 38.4037895203,
        "mean": 16.0862426758,
        "median": 14.6752595901,
        "min": 1.75564110279,
        "var": 50.7089080811
    },
    "melbands_flatness_db": {
        "dmean": 0.0402692034841,
        "dmean2": 0.0526509582996,
        "dvar": 0.00245367805474,
        "dvar2": 0.00403190916404,
        "max": 0.693202733994,
        "mean": 0.25570127368,
        "median": 0.241833388805,
        "min": 0.00405749585479,
        "var": 0.0136397257447
    },
    "melbands_kurtosis": {
        "dmean": 10.5033874512,
        "dmean2": 15.0433912277,
        "dvar": 925.11706543,
        "dvar2": 1635.90698242,
        "max": 1427.51342773,
        "mean": 18.5484848022,
        "median": 6.16320133209,
        "min": -1.89758324623,
        "var": 1981.92468262
    },
    "melbands_skewness": {
        "dmean": 0.885269284248,
        "dmean2": 1.23135125637,
        "dvar": 1.29543459415,
        "dvar2": 2.27623033524,
        "max": 33.1321678162,
        "mean": 2.67494511604,
        "median": 2.08028435707,
        "min": -2.91881394386,
        "var": 5.40457201004
    },
    "melbands_spread": {
        "dmean": 6.37111282349,
        "dmean2": 9.14521980286,
        "dvar": 70.3279418945,
        "dvar2": 137.75617981,
        "max": 172.992828369,
        "mean": 20.9738178253,
        "median": 16.4720687866,
        "min": 0.120884649456,
        "var": 340.508880615
    },
    "pitch_salience": {
        "dmean": 0.0713576748967,
        "dmean2": 0.11028727144,
        "dvar": 0.00611031241715,
        "dvar2": 0.01350116916,
        "max": 0.860398232937,
        "mean": 0.512894451618,
        "median": 0.517805039883,
        "min": 0.0337601006031,
        "var": 0.0201278869063
    },
    "silence_rate_20dB": {
        "dmean": 0,
        "dmean2": 0,
        "dvar": 0,
        "dvar2": 0,
        "max": 1,
        "mean": 1,
        "median": 1,
        "min": 1,
        "var": 0
    },
    "silence_rate_30dB": {
        "dmean": 0.0814597606659,
        "dmean2": 0.162932783365,
        "dvar": 0.0748277008533,
        "dvar2": 0.168789058924,
        "max": 1,
        "mean": 0.883929312229,
        "median": 1,
        "min": 0,
        "var": 0.102589853108
    },
    "silence_rate_60dB": {
        "dmean": 0.0345389395952,
        "dmean2": 0.0690835043788,
        "dvar": 0.0333436727524,
        "dvar2": 0.0735898539424,
        "max": 1,
        "mean": 0.117536857724,
        "median": 0,
        "min": 0,
        "var": 0.103723555803
    },
    "spectral_centroid": {
        "dmean": 241.850585938,
        "dmean2": 350.179931641,
        "dvar": 91794.8515625,
        "dvar2": 175811.046875,
        "max": 11322.9521484,
        "mean": 1165.75439453,
        "median": 959.495239258,
        "min": 133.500961304,
        "var": 617195.9375
    },
    "spectral_complexity": {
        "dmean": 4.41674804688,
        "dmean2": 6.21474552155,
        "dvar": 34.8415527344,
        "dvar2": 62.4231529236,
        "max": 63,
        "mean": 13.9037227631,
        "median": 11,
        "min": 0,
        "var": 102.54876709
    },
    "spectral_decrease": {
        "dmean": 4.2485699403e-09,
        "dmean2": 6.50255316259e-09,
        "dvar": 6.30693056289e-17,
        "dvar2": 1.41050229248e-16,
        "max": 9.80248284643e-21,
        "mean": -9.78134018226e-09,
        "median": -4.75100669917e-09,
        "min": -7.40720338399e-08,
        "var": 1.54479830747e-16
    },
    "spectral_energy": {
        "dmean": 0.016898792237,
        "dmean2": 0.0259265508503,
        "dvar": 0.000963328056969,
        "dvar2": 0.00218700408004,
        "max": 0.284690618515,
        "mean": 0.0385425575078,
        "median": 0.0192969944328,
        "min": 1.03353325638e-20,
        "var": 0.00228787423111
    },
    "spectral_energyband_high": {
        "dmean": 0.000619763333816,
        "dmean2": 0.00096216914244,
        "dvar": 3.40466931448e-06,
        "dvar2": 8.69153609528e-06,
        "max": 0.0245961099863,
        "mean": 0.000768981873989,
        "median": 0.000175049557583,
        "min": 7.26054470715e-21,
        "var": 3.4723036606e-06
    },
    "spectral_energyband_low": {
        "dmean": 0.0112306401134,
        "dmean2": 0.0171414781362,
        "dvar": 0.000677719071973,
        "dvar2": 0.00142160104588,
        "max": 0.255101382732,
        "mean": 0.0235835947096,
        "median": 0.00569097418338,
        "min": 4.04773365711e-23,
        "var": 0.00160750420764
    },
    "spectral_energyband_middle_high": {
        "dmean": 0.00411929702386,
        "dmean2": 0.00633956445381,
        "dvar": 8.53201345308e-05,
        "dvar2": 0.000224753413931,
        "max": 0.105937346816,
        "mean": 0.00596717279404,
        "median": 0.00273865112104,
        "min": 1.26562026454e-21,
        "var": 9.10318121896e-05
    },
    "spectral_energyband_middle_low": {
        "dmean": 0.00422741612419,
        "dmean2": 0.00697223097086,
        "dvar": 0.000103784594103,
        "dvar2": 0.000284582056338,
        "max": 0.109258890152,
        "mean": 0.00795327406377,
        "median": 0.00452374620363,
        "min": 2.1671798834e-22,
        "var": 0.000111003391794
    },
    "spectral_entropy": {
        "dmean": 0.269637733698,
        "dmean2": 0.373259246349,
        "dvar": 0.113593176007,
        "dvar2": 0.21375644207,
        "max": 9.81581497192,
        "mean": 7.18773794174,
        "median": 7.33436393738,
        "min": 3.23782348633,
        "var": 0.573085129261
    },
    "spectral_flux": {
        "dmean": 0.0393168143928,
        "dmean2": 0.0641402229667,
        "dvar": 0.00312188290991,
        "dvar2": 0.00781560502946,
        "max": 0.453360557556,
        "mean": 0.0836341753602,
        "median": 0.0527574159205,
        "min": 6.72546116021e-11,
        "var": 0.00617225049064
    },
    "spectral_kurtosis": {
        "dmean": 3.90880990028,
        "dmean2": 6.32891082764,
        "dvar": 45.2672691345,
        "dvar2": 116.068832397,
        "max": 112.769348145,
        "mean": 7.91026306152,
        "median": 4.04051303864,
        "min": -1.23151350021,
        "var": 118.331993103
    },
    "spectral_rms": {
        "dmean": 0.00112845934927,
        "dmean2": 0.00166027387604,
        "dvar": 2.98200416182e-06,
        "dvar2": 6.54343875794e-06,
        "max": 0.0166657418013,
        "mean": 0.00515339663252,
        "median": 0.00433893268928,
        "min": 3.17541370802e-12,
        "var": 1.10448881969e-05
    },
    "spectral_rolloff": {
        "dmean": 388.785705566,
        "dmean2": 618.813049316,
        "dvar": 501194.90625,
        "dvar2": 1014339.375,
        "max": 19745.9472656,
        "mean": 1251.54138184,
        "median": 882.861328125,
        "min": 43.06640625,
        "var": 2509663.5
    },
    "spectral_skewness": {
        "dmean": 0.423662155867,
        "dmean2": 0.648474276066,
        "dvar": 0.280017018318,
        "dvar2": 0.645302653313,
        "max": 8.5839509964,
        "mean": 1.85959339142,
        "median": 1.55783069134,
        "min": -0.149990648031,
        "var": 1.08440601826
    },
    "spectral_spread": {
        "dmean": 632129.9375,
        "dmean2": 850152,
        "dvar": 526261157888,
        "dvar2": 912608329728,
        "max": 42142436,
        "mean": 4179758,
        "median": 4137611,
        "min": 675816.5,
        "var": 3.9219190825e+12
    },
    "spectral_strongpeak": {
        "dmean": 0.574644684792,
        "dmean2": 0.948368549347,
        "dvar": 1.23343443871,
        "dvar2": 2.8453772068,
        "max": 13.8745603561,
        "mean": 1.01469063759,
        "median": 0.510222375393,
        "min": 0,
        "var": 1.87018680573
    },
    "zerocrossingrate": {
        "dmean": 0.0103819826618,
        "dmean2": 0.0114227980375,
        "dvar": 0.000134409841849,
        "dvar2": 0.000181487135706,
        "max": 0.52197265625,
        "mean": 0.050943877548,
        "median": 0.041015625,
        "min": 0.00146484375,
        "var": 0.00186996383127
    },
    "barkbands": {
        "dmean": [0.00314457411878, 0.00763304019347, 0.00381585583091, 0.00194974802434, 0.00103615561966, 0.000366850261344, 0.000612628704403, 0.000585719302762, 0.000553405436222, 0.000819428008981, 0.000466998608317, 0.00177281326614, 0.000347555294866, 0.000203463423532, 0.000521063280758, 0.000212163329707, 0.000177028690814, 0.000205897493288, 0.000232365608099, 0.00019939574122, 0.000152458858793, 0.000165550998645, 0.000114809867227, 6.75080300425e-05, 4.56717680208e-05, 2.799691174e-05, 8.86421639734e-06],
        "dmean2": [0.00415746169165, 0.0114170350134, 0.00622756732628, 0.0034610175062, 0.00181477109436, 0.000544404319953, 0.000947354419623, 0.000842083478346, 0.000799455679953, 0.0012067144271, 0.000797167071141, 0.00272113434039, 0.000542261172086, 0.000328750407789, 0.000900758081116, 0.0003498881415, 0.000291125063086, 0.000342459214153, 0.00039495981764, 0.000334283191478, 0.000248595897574, 0.000261694280198, 0.000185030454304, 9.71497647697e-05, 7.11494722054e-05, 4.6652090532e-05, 1.27343646454e-05],
        "dvar": [7.12763212505e-05, 0.0003066440986, 0.000180366958375, 3.60540507245e-05, 9.64821629168e-06, 6.48596994779e-07, 1.99257374334e-06, 2.67669997811e-06, 1.44065040786e-06, 2.71354383585e-06, 2.42864621214e-06, 1.72203544935e-05, 8.63735294843e-07, 3.58223132935e-07, 4.03841750085e-06, 3.45768455645e-07, 2.04857826702e-07, 4.03312895969e-07, 7.09804453436e-07, 5.45928173779e-07, 2.01189465088e-07, 1.73012196569e-07, 1.10031464828e-07, 2.56872194626e-08, 2.10563122494e-08, 1.35450104466e-08, 1.79201908868e-09],
        "dvar2": [0.000120545104437, 0.000622725114226, 0.000475993729196, 0.000103018443042, 2.70600976364e-05, 1.61311629654e-06, 4.63748074253e-06, 5.63953153687e-06, 3.19688206218e-06, 6.76719082549e-06, 6.65707648295e-06, 4.19164243795e-05, 1.96491100724e-06, 8.92908360584e-07, 1.12721909318e-05, 8.91208401299e-07, 5.39829215995e-07, 1.07111850411e-06, 1.92177435565e-06, 1.43639806538e-06, 5.31655530267e-07, 4.51312160976e-07, 2.80303481759e-07, 5.60685293749e-08, 4.88286069356e-08, 3.64664174413e-08, 3.45150752423e-09],
        "max": [0.116450063884, 0.1688824296, 0.179338574409, 0.0680920854211, 0.0466661155224, 0.0114982817322, 0.0272469874471, 0.0428612232208, 0.0383680090308, 0.032463748008, 0.0251433439553, 0.0616343282163, 0.0187513958663, 0.0130609516054, 0.0254785660654, 0.0113398805261, 0.00661108689383, 0.00830535497516, 0.0141747314483, 0.0117646595463, 0.00629676505923, 0.00529101351276, 0.00464445585385, 0.00190862326417, 0.00187952781562, 0.00145347742364, 0.00113968609367],
        "mean": [0.00484436238185, 0.0131462989375, 0.00591137213632, 0.00286891357973, 0.00148767069913, 0.000890880590305, 0.000995875452645, 0.000810901343357, 0.000812506186776, 0.00111368694343, 0.00043590524001, 0.00235430779867, 0.000439601601101, 0.000221180118388, 0.000461289775558, 0.000230118559557, 0.000190798760741, 0.000212932456634, 0.000225994866923, 0.000214112660615, 0.000180293151061, 0.000189534650417, 0.000125944730826, 8.65817055455e-05, 5.26952971995e-05, 2.75414240605e-05, 1.13319829325e-05],
        "median": [0.00129583000671, 0.00173453637399, 0.00120307237376, 0.000715537113138, 0.000646194443107, 0.000496338354424, 0.000439621071564, 0.000149785133544, 0.000244948780164, 0.000248273368925, 6.66788764647e-05, 0.000295287725748, 6.23632513452e-05, 3.40625447279e-05, 7.62983690947e-05, 6.02761319897e-05, 4.58156646346e-05, 3.93439586333e-05, 4.13284105889e-05, 3.30998955178e-05, 3.11647090712e-05, 4.18068448198e-05, 1.25132901303e-05, 1.44699843077e-05, 3.26251802107e-06, 1.00935983482e-06, 3.9187193579e-07],
        "min": [1.68754939225e-24, 8.48844231846e-24, 4.78001588049e-24, 5.07590261768e-24, 1.17319433268e-23, 1.75439856976e-23, 1.10063545882e-23, 1.20067043689e-23, 4.15970394291e-23, 4.01287294708e-23, 3.24749674655e-23, 3.57742740719e-23, 4.8505690755e-23, 3.02792520219e-23, 5.04010931628e-23, 9.39503108968e-23, 7.18639410446e-23, 9.65254242596e-23, 1.95359509912e-22, 2.0005167982e-22, 3.15612570158e-22, 4.23632694927e-22, 5.12908474845e-22, 6.84899943126e-22, 8.7687122603e-22, 1.400229167e-21, 2.24844028117e-21],
        "var": [0.000138257033541, 0.000759572489187, 0.000178204005351, 3.57917597285e-05, 7.70976203057e-06, 1.36788344207e-06, 2.93016955766e-06, 4.767217888e-06, 2.55118789028e-06, 4.10237453252e-06, 1.8288242245e-06, 2.36644391407e-05, 1.71212911937e-06, 4.08336774171e-07, 2.78873108073e-06, 3.44839605759e-07, 1.96881032366e-07, 3.51083400574e-07, 5.30902866558e-07, 4.51110622635e-07, 1.94731399006e-07, 1.7461981372e-07, 1.28074091776e-07, 3.87246359423e-08, 2.73031481868e-08, 1.07359641177e-08, 3.89381149546e-09]
    },
    "erbbands": {
        "dmean": [0.38836941123, 1.44089841843, 3.84151601791, 5.98203897476, 4.94120597839, 2.8768222332, 2.85363531113, 3.09905338287, 7.34916305542, 9.17698192596, 14.6522026062, 13.8694238663, 12.5208463669, 30.9319934845, 32.6342544556, 67.6319885254, 18.8359260559, 9.321641922, 20.3292198181, 19.5571022034, 13.4560661316, 9.71714115143, 10.2320423126, 13.0126934052, 10.5409555435, 8.8082408905, 7.09901952744, 5.27242517471, 4.88958263397, 6.68263196945, 2.79681801796, 1.22857689857, 1.26192855835, 0.605842828751, 0.312180906534, 0.158023551106, 0.0432192496955, 0.0102429809049, 0.0014859829098, 7.00602831785e-05],
        "dmean2": [0.569523513317, 2.39278078079, 6.10196352005, 10.5025568008, 8.7392950058, 5.05450153351, 4.58654117584, 4.63282632828, 11.4394025803, 14.4729938507, 20.738073349, 19.6790657043, 20.5726470947, 44.7462081909, 51.0847358704, 104.566627502, 29.2731056213, 14.7721071243, 33.8537712097, 33.6502380371, 22.2822246552, 15.8832845688, 16.8661251068, 22.0898265839, 17.8146476746, 14.5708236694, 11.7084789276, 8.62082004547, 7.8922586441, 10.6218223572, 4.43406486511, 1.83579432964, 1.79896748066, 0.910298526287, 0.48865661025, 0.265019446611, 0.072447784245, 0.015205536969, 0.00215594773181, 0.000105283499579],
        "dvar": [1.02460765839, 11.3831624985, 162.620651245, 351.369384766, 285.359069824, 68.0288467407, 55.8308830261, 46.5601921082, 272.886230469, 771.472167969, 1629.50817871, 793.883911133, 1579.1184082, 3052.60351562, 5795.18652344, 28266.6542969, 2176.76464844, 702.841064453, 4481.69335938, 5325.08349609, 1554.4786377, 687.11541748, 968.127075195, 2261.85498047, 1349.75683594, 893.70880127, 587.254211426, 203.710006714, 159.941619873, 325.741668701, 71.4563598633, 10.5472068787, 8.86508560181, 3.26328802109, 1.05333125591, 0.448156088591, 0.031888756901, 0.00164732185658, 5.46244773432e-05, 7.29399474153e-08],
        "dvar2": [1.73542797565, 29.6037883759, 396.086914062, 994.133361816, 810.406982422, 191.680328369, 145.922683716, 115.247383118, 655.146789551, 1895.1784668, 3290.33740234, 1784.61242676, 4412.74951172, 7027.86865234, 14699.5839844, 69291.46875, 4908.56494141, 1723.81994629, 11997.328125, 14749.359375, 4086.08007812, 1815.390625, 2567.28295898, 6164.80126953, 3618.01196289, 2323.33984375, 1571.42626953, 534.299743652, 417.871490479, 867.817077637, 179.752426147, 22.9250869751, 18.4781455994, 7.49806022644, 2.51696252823, 1.19588053226, 0.0860924944282, 0.00330779189244, 0.000112287147203, 1.35102496301e-07],
        "max": [8.73243045807, 30.8418598175, 159.775421143, 222.485565186, 232.588851929, 229.708129883, 116.129669189, 133.84815979, 427.684539795, 727.901306152, 1112.58093262, 662.962890625, 1075.45129395, 884.959777832, 1021.82415771, 2928.52099609, 940.041015625, 1019.5055542, 1178.88427734, 899.992004395, 787.62713623, 398.970306396, 427.980285645, 804.540588379, 548.939208984, 484.650878906, 357.608032227, 197.208435059, 163.271011353, 237.000518799, 132.408432007, 57.1336631775, 33.2292442322, 23.4000587463, 16.1111946106, 8.33008289337, 2.38311314583, 0.946143448353, 0.212372899055, 0.00915290322155],
        "mean": [0.580730557442, 2.20153188705, 6.09324455261, 9.4790058136, 6.27233409882, 4.7564163208, 6.59058475494, 7.39413070679, 12.8264818192, 12.6929016113, 21.5714683533, 21.2418231964, 14.9875850677, 43.4261016846, 41.4361801147, 89.9878005981, 25.423324585, 11.1528043747, 20.2023582458, 17.7760620117, 14.558423996, 10.5083837509, 11.0948104858, 12.4182424545, 10.9158267975, 9.96235752106, 8.05973911285, 6.17028713226, 5.70685911179, 6.99227380753, 3.25373411179, 1.62971675396, 1.56580531597, 0.727055191994, 0.351080000401, 0.154442027211, 0.0404832102358, 0.0123708695173, 0.00187199772336, 0.00011798273772],
        "median": [0.0310905370861, 0.424887597561, 1.65493607521, 2.56925439835, 2.09947395325, 2.21322488785, 2.80205631256, 4.21170425415, 6.08207798004, 4.1906042099, 5.3367099762, 6.78010129929, 4.89836025238, 12.3429145813, 12.8628444672, 12.9124441147, 5.48659229279, 2.17679738998, 3.76037597656, 3.26559948921, 3.65637159348, 2.41717839241, 2.28949737549, 2.19697594643, 1.88811695576, 1.68628644943, 1.33183288574, 1.06445932388, 1.20732879639, 1.22938966751, 0.321388930082, 0.158777847886, 0.265338122845, 0.0729592218995, 0.0215267986059, 0.00593965919688, 0.00161374895833, 0.000479424081277, 9.25238055061e-05, 3.46625165548e-05],
        "min": [2.77100229304e-22, 2.24404022961e-21, 5.98275058966e-21, 1.68048898491e-20, 2.22327440155e-20, 2.06689105999e-20, 8.76731574678e-20, 1.1909321237e-19, 1.87663602943e-19, 2.77149992013e-19, 5.69903867402e-19, 7.14383317394e-19, 1.11516281903e-18, 1.3765389679e-18, 1.21254327703e-18, 1.69706194269e-18, 2.2588672983e-18, 2.31826196821e-18, 2.73031971561e-18, 4.37191299437e-18, 4.80196791715e-18, 4.55313089579e-18, 5.98785292079e-18, 1.11187533444e-17, 1.08431648885e-17, 1.02750779233e-17, 1.07905330404e-17, 1.21499745987e-17, 1.45347478852e-17, 1.26059405406e-17, 1.39400927059e-17, 1.04033479937e-17, 1.09988568234e-17, 6.77658700565e-18, 7.48685142889e-18, 5.22764994962e-18, 2.52947426582e-18, 1.06896209348e-18, 2.87265661272e-19, 3.1744823459e-20],
        "var": [2.20765662193, 19.0045795441, 174.002914429, 345.688446045, 208.52154541, 60.5513725281, 115.523796082, 88.3787536621, 429.977935791, 871.580932617, 3113.69970703, 1425.28796387, 1395.67138672, 5418.38867188, 6747.60400391, 37531.078125, 4424.40869141, 956.092834473, 3660.94067383, 3831.92431641, 1473.31384277, 629.133850098, 870.51739502, 1652.09899902, 1064.56030273, 803.151611328, 505.999633789, 205.647796631, 165.674453735, 291.453033447, 91.5189819336, 19.8096542358, 12.3878097534, 4.25095367432, 1.32155930996, 0.362533509731, 0.0237387549132, 0.00296189798974, 0.000109503293061, 2.04013886673e-07]
    },
    "gfcc": {
        "mean": [-49.9128608704, 111.574226379, -109.474304199, 27.3972053528, -54.643245697, 13.7478017807, -19.3255901337, 1.24031198025, -16.5195713043, -4.23592615128, -9.39999961853, -0.173364654183, -7.87720918655],
        "cov": [[15632.2597656, -2499.33789062, 206.105026245, 943.365661621, 31.7775707245, 1375.3203125, -468.606109619, 319.55255127, -639.098571777, 195.787017822, -441.138397217, 155.39680481, -438.734161377], [-2499.33789062, 3074.80444336, 120.913772583, -12.0835857391, 486.616882324, -339.297088623, 377.177185059, -201.888336182, 371.991699219, -303.021514893, 237.195327759, -211.562057495, 268.568054199], [206.105026245, 120.913772583, 1136.2878418, 180.060302734, 31.2523784637, 231.130432129, 3.38110589981, -19.8275527954, 45.90076828, 33.2944984436, 5.54377317429, 36.0635528564, 0.318468987942], [943.365661621, -12.0835857391, 180.060302734, 623.731323242, 110.562721252, -1.86180007458, -8.12358760834, 50.4710502625, 15.1475439072, 37.1925086975, -40.7434539795, -76.9586410522, -23.7233829498], [31.7775707245, 486.616882324, 31.2523784637, 110.562721252, 428.971984863, 34.7730827332, 118.276359558, 9.68997859955, 55.2870292664, -58.3740539551, 33.3499336243, -28.1755046844, 42.2255821228], [1375.3203125, -339.297088623, 231.130432129, -1.86180007458, 34.7730827332, 479.077941895, 14.371465683, 33.9633483887, -92.082862854, -10.132982254, -50.7531661987, 59.4847831726, -29.5887508392], [-468.606109619, 377.177185059, 3.38110589981, -8.12358760834, 118.276359558, 14.371465683, 278.453063965, 9.45935821533, 39.1116218567, -49.4070892334, 33.2989959717, -43.9711952209, 56.3990592957], [319.55255127, -201.888336182, -19.8275527954, 50.4710502625, 9.68997859955, 33.9633483887, 9.45935821533, 149.708221436, 22.8915290833, 33.1302757263, -39.30128479, -24.8626174927, -26.9470386505], [-639.098571777, 371.991699219, 45.90076828, 15.1475439072, 55.2870292664, -92.082862854, 39.1116218567, 22.8915290833, 194.922637939, 21.4406013489, 33.795501709, -54.774772644, 27.2830963135], [195.787017822, -303.021514893, 33.2944984436, 37.1925086975, -58.3740539551, -10.132982254, -49.4070892334, 33.1302757263, 21.4406013489, 146.228622437, 9.5373134613, 8.15171718597, -47.0258178711], [-441.138397217, 237.195327759, 5.54377317429, -40.7434539795, 33.3499336243, -50.7531661987, 33.2989959717, -39.30128479, 33.795501709, 9.5373134613, 121.00869751, 26.9019851685, 28.2555770874], [155.39680481, -211.562057495, 36.0635528564, -76.9586410522, -28.1755046844, 59.4847831726, -43.9711952209, -24.8626174927, -54.774772644, 8.15171718597, 26.9019851685, 124.481628418, 19.9317817688], [-438.734161377, 268.568054199, 0.318468987942, -23.7233829498, 42.2255821228, -29.5887508392, 56.3990592957, -26.9470386505, 27.2830963135, -47.0258178711, 28.2555770874, 19.9317817688, 125.181777954]],
        "icov": [[0.000131213149871, -6.38279598206e-05, 8.21003850433e-05, -0.000202481460292, -1.61160496646e-05, -0.000345360167557, 0.000154734414537, -0.000147133163409, 0.00027288167621, -0.000191054161405, 0.000228141609114, -0.00018778249796, 0.000227806594921], [-6.38279598206e-05, 0.0013416914735, -0.000274132180493, 0.000217483000597, -0.000642866420094, 0.0004575176863, -0.000336505123414, 0.00122494157404, -0.00158092065249, 0.00214624032378, -0.00185339595191, 0.00207289634272, -0.00108089973219], [8.21003850433e-05, -0.000274132180493, 0.00123843178153, -0.000582361768465, 0.000243785732891, -0.000954516290221, 7.4550480349e-05, 0.000221390029765, -0.000351013528416, -0.000609363487456, 0.000443867815193, -0.00097527645994, 0.000371267000446], [-0.000202481460292, 0.000217483000597, -0.000582361768465, 0.00246321060695, -0.000774735002778, 0.000795594591182, 0.000154941473738, -0.000118109463074, 0.000202944735065, -0.000348884321284, -0.000137131195515, 0.00206370488741, -0.000826737377793], [-1.61160496646e-05, -0.000642866420094, 0.000243785732891, -0.000774735002778, 0.00349031551741, -0.000589521543588, -0.000766530225519, -0.000765987264458, -0.000248572381679, 0.000345816515619, -0.000121237178973, -0.00114933343139, 0.000433533161413], [-0.000345360167557, 0.0004575176863, -0.000954516290221, 0.000795594591182, -0.000589521543588, 0.00411273585632, -0.00107073644176, -0.000170630388311, 0.000158016264322, 0.00114616483916, 0.000280080450466, -0.000601040024776, 6.47470233162e-06], [0.000154734414537, -0.000336505123414, 7.4550480349e-05, 0.000154941473738, -0.000766530225519, -0.00107073644176, 0.00547493062913, -0.00131089740898, 0.000992333632894, 6.34234384052e-05, -0.00129136501346, 0.00230607017875, -0.00171809142921], [-0.000147133163409, 0.00122494157404, 0.000221390029765, -0.000118109463074, -0.000765987264458, -0.000170630388311, -0.00131089740898, 0.0100448662415, -0.0033392899204, -4.47018355771e-05, 0.00131999072619, 0.00184012530372, -7.56239533075e-05], [0.00027288167621, -0.00158092065249, -0.000351013528416, 0.000202944735065, -0.000248572381679, 0.000158016264322, 0.000992333632894, -0.0033392899204, 0.0105775846168, -0.00460622692481, 0.000197656278033, 0.00182950834278, -0.00102887582034], [-0.000191054161405, 0.00214624032378, -0.000609363487456, -0.000348884321284, 0.000345816515619, 0.00114616483916, 6.34234384052e-05, -4.47018355771e-05, -0.00460622692481, 0.0135420532897, -0.00513357529417, 0.00129523454234, 0.00182093202602], [0.000228141609114, -0.00185339595191, 0.000443867815193, -0.000137131195515, -0.000121237178973, 0.000280080450466, -0.00129136501346, 0.00131999072619, 0.000197656278033, -0.00513357529417, 0.015184042044, -0.00709274644032, 0.00145231990609], [-0.00018778249796, 0.00207289634272, -0.00097527645994, 0.00206370488741, -0.00114933343139, -0.000601040024776, 0.00230607017875, 0.00184012530372, 0.00182950834278, 0.00129523454234, -0.00709274644032, 0.0178131051362, -0.00625651096925], [0.000227806594921, -0.00108089973219, 0.000371267000446, -0.000826737377793, 0.000433533161413, 6.47470233162e-06, -0.00171809142921, -7.56239533075e-05, -0.00102887582034, 0.00182093202602, 0.00145231990609, -0.00625651096925, 0.0131379002705]]
    },
    "melbands": {
        "dmean": [0.00261070975102, 0.00178536924068, 0.00100051576737, 0.000265918468358, 0.000100011624454, 6.88227155479e-05, 0.000115885442938, 0.000102073070593, 0.000120320102724, 7.99940462457e-05, 6.44275787636e-05, 0.000131202541525, 8.31825236673e-05, 0.000224771138164, 8.23413138278e-05, 2.60307097051e-05, 1.70970233739e-05, 2.93917764793e-05, 4.15420872741e-05, 1.43448924064e-05, 1.60584113473e-05, 1.00751267382e-05, 9.50754656515e-06, 9.97699225991e-06, 1.07419709821e-05, 9.46922864387e-06, 7.11070333637e-06, 5.44880958842e-06, 5.33201182407e-06, 3.28007990902e-06, 2.99755129163e-06, 2.19649655264e-06, 4.44601982963e-06, 3.23971380567e-06, 1.67948974195e-06, 1.08500330498e-06, 6.15258670678e-07, 7.29820044398e-07, 1.04259493128e-06, 3.87164817539e-07],
        "dmean2": [0.00371052045375, 0.00290796835907, 0.00175579497591, 0.000468905607704, 0.000164397337358, 0.000102601479739, 0.000179255381227, 0.000159746443387, 0.000169145234395, 0.000115053764603, 0.000106448096631, 0.000188522069948, 0.000134388115839, 0.00034513065475, 0.000130160638946, 4.07206898672e-05, 2.72157158179e-05, 4.85659875267e-05, 7.39971656003e-05, 2.3460630473e-05, 2.6686288038e-05, 1.66137051565e-05, 1.56854748639e-05, 1.66979480127e-05, 1.8327469661e-05, 1.61214902619e-05, 1.20271834021e-05, 9.02520332602e-06, 8.99831411516e-06, 5.28204282091e-06, 4.99834823131e-06, 3.5633565858e-06, 7.18636147212e-06, 5.17981061421e-06, 2.7074117952e-06, 1.63392678587e-06, 9.47114415339e-07, 1.05355195501e-06, 1.54778058459e-06, 6.00725627464e-07],
        "dvar": [4.05563587265e-05, 2.72499873972e-05, 9.84575490293e-06, 6.86626208335e-07, 7.04900813275e-08, 2.25317897673e-08, 6.45467039817e-08, 8.85724418254e-08, 9.34368671324e-08, 2.84406844742e-08, 4.10733598244e-08, 5.42464562159e-08, 4.64645673048e-08, 2.8777657235e-07, 3.96718213835e-08, 4.52432491471e-09, 2.52046783444e-09, 8.17375500617e-09, 3.32631628908e-08, 1.29847077535e-09, 2.29762320281e-09, 7.27619520191e-10, 6.79924783142e-10, 9.59445745075e-10, 1.59267210531e-09, 1.15895515407e-09, 6.43794795252e-10, 3.25255516964e-10, 4.22957863178e-10, 6.53570253473e-11, 7.02837926747e-11, 2.86898109436e-11, 1.434813518e-10, 7.30139976257e-11, 2.74802975514e-11, 1.14301935972e-11, 2.83084623451e-12, 2.57020923641e-12, 8.09232542087e-12, 1.4163527122e-12],
        "dvar2": [6.99777738191e-05, 6.50831643725e-05, 2.76686951111e-05, 1.94831568479e-06, 1.87795947681e-07, 5.5819334932e-08, 1.53153919769e-07, 2.23659199605e-07, 1.89292165942e-07, 6.39218526999e-08, 1.14653317951e-07, 1.22018221305e-07, 1.24078610497e-07, 7.04325771039e-07, 9.62728350373e-08, 1.042626252e-08, 6.19401774316e-09, 2.14395150522e-08, 9.47815266272e-08, 3.27136628897e-09, 6.06797989633e-09, 1.92871474347e-09, 1.76318859513e-09, 2.56789034481e-09, 4.3453751708e-09, 3.11707970546e-09, 1.73040903828e-09, 8.3794537975e-10, 1.15639575693e-09, 1.62471078258e-10, 1.87158427645e-10, 7.34214633535e-11, 3.80553921708e-10, 1.94611715632e-10, 7.05782723931e-11, 2.33149367868e-11, 6.67182541852e-12, 4.91265665301e-12, 1.86976233107e-11, 3.2230214591e-12],
        "max": [0.0621604956686, 0.0632455125451, 0.0330726057291, 0.0106200110167, 0.00550292106345, 0.00271740905009, 0.0064244302921, 0.00922668911517, 0.00847199186683, 0.00447630370036, 0.00549683347344, 0.00390651728958, 0.00279858591966, 0.0070772562176, 0.00320652569644, 0.00187885505147, 0.00169198669028, 0.00177982239984, 0.00231068441644, 0.000598013284616, 0.00101472612005, 0.000389047054341, 0.000395217328332, 0.0006048027426, 0.000690440530889, 0.000514094193932, 0.000446723832283, 0.000279853818938, 0.000311702606268, 0.000126331127831, 0.000115949580504, 7.20394236851e-05, 0.000152045860887, 0.000108128158899, 9.22633262235e-05, 9.14271513466e-05, 2.39190958382e-05, 1.64911707543e-05, 3.2497842767e-05, 1.52984139277e-05],
        "mean": [0.00443834718317, 0.00310528068803, 0.00157227995805, 0.000367494794773, 0.000231634025113, 0.000164179335115, 0.000198541718419, 0.000139872397995, 0.000181537136086, 0.000117461677291, 7.45399665902e-05, 0.000183686061064, 9.43590202951e-05, 0.000296143058222, 0.000106733379653, 3.34210089932e-05, 1.90209921129e-05, 2.99323237414e-05, 3.37588498951e-05, 1.54045010277e-05, 1.70625207829e-05, 1.0489390661e-05, 1.02443464129e-05, 1.02539243017e-05, 9.84393227554e-06, 9.28641111386e-06, 7.32562784833e-06, 6.16031093159e-06, 5.51446328245e-06, 3.99521104555e-06, 3.33539287567e-06, 2.65644280262e-06, 4.64058030047e-06, 3.31950491272e-06, 1.89671152384e-06, 1.43704130551e-06, 7.66627294979e-07, 9.43850125168e-07, 1.16516810067e-06, 4.58515216906e-07],
        "median": [0.000446990161436, 0.000889878778253, 0.000500704278238, 0.000159789895406, 0.000109860986413, 9.32822294999e-05, 9.33723058552e-05, 4.17148366978e-05, 4.65378507215e-05, 3.57573771907e-05, 2.031495751e-05, 4.62714961031e-05, 2.61243712885e-05, 3.57495773642e-05, 1.45792118929e-05, 5.01148906551e-06, 2.70200553132e-06, 5.40829705642e-06, 4.86861927129e-06, 3.52929600922e-06, 4.00316639571e-06, 2.27546684073e-06, 1.98516568162e-06, 1.78336836143e-06, 1.62422884387e-06, 1.63562037869e-06, 1.08512153929e-06, 1.0338736729e-06, 7.60716432069e-07, 7.54982522722e-07, 5.11724294938e-07, 5.27284214513e-07, 9.04637147414e-07, 5.27471854639e-07, 1.59283260359e-07, 9.75708687179e-08, 6.78598794934e-08, 1.67843353438e-07, 1.49536987237e-07, 2.73376574711e-08],
        "min": [3.20443602462e-24, 3.01213106302e-24, 2.9338965716e-24, 1.72838931296e-24, 3.14553592234e-24, 3.11443744774e-24, 4.0178318845e-24, 2.37520930409e-24, 4.48908437307e-24, 5.15883714237e-24, 5.28150777414e-24, 4.96606083637e-24, 4.75165790867e-24, 4.61278683491e-24, 3.86429904196e-24, 4.59469785992e-24, 2.94828835274e-24, 4.30742903369e-24, 4.55497950221e-24, 6.8860591384e-24, 4.97665129403e-24, 3.99741300883e-24, 4.70529931428e-24, 4.87194263063e-24, 8.56477565509e-24, 8.34889992408e-24, 5.75954288878e-24, 5.15084834798e-24, 6.83177367521e-24, 5.85330374053e-24, 7.0945803192e-24, 7.0580458041e-24, 5.73107842074e-24, 5.93513780425e-24, 7.16082964688e-24, 6.14213845566e-24, 6.23384787463e-24, 6.67454028616e-24, 7.28157821906e-24, 4.98342958136e-24],
        "var": [0.000102685415186, 3.49957881554e-05, 9.16280168894e-06, 5.21977597145e-07, 1.25623557778e-07, 4.39938396823e-08, 1.02474331243e-07, 9.6260642124e-08, 1.81962974466e-07, 4.95662852984e-08, 3.67191574924e-08, 1.00953400306e-07, 4.25506456736e-08, 3.88004906426e-07, 5.68844633619e-08, 8.84012685276e-09, 3.23720428241e-09, 7.26453208699e-09, 2.12523776355e-08, 1.33728361718e-09, 2.18089191151e-09, 6.66863342325e-10, 6.61267707258e-10, 8.40226499488e-10, 1.14560416709e-09, 8.86590190152e-10, 5.17189069349e-10, 2.98986224667e-10, 3.25783705568e-10, 7.74765807066e-11, 6.67865832082e-11, 3.44817681353e-11, 1.28478880312e-10, 6.65912602837e-11, 3.38579476955e-11, 2.34137657179e-11, 4.30203138738e-12, 4.01043868253e-12, 9.46637906951e-12, 1.98259529453e-12]
    },
    "mfcc": {
        "mean": [-692.74609375, 139.16317749, 9.05158615112, 22.4496574402, -3.56083297729, 10.6731710434, 4.45727825165, 8.85830211639, 3.20522904396, -2.1955871582, -0.184546098113, -0.640148758888, 8.57827663422],
        "cov": [[11358.4179688, -2179.3984375, -590.727905273, -152.543014526, 108.34790802, 624.234680176, 354.871124268, 288.804077148, -42.0357437134, 40.7931556702, 60.9446983337, -13.0062236786, -149.036117554], [-2179.3984375, 2553.57250977, 137.597900391, 120.38483429, 201.011886597, -5.95389938354, 95.5419845581, 115.429100037, 189.669616699, -16.8162822723, 15.8455486298, -33.5325775146, 138.652832031], [-590.727905273, 137.597900391, 903.690368652, 25.8750972748, 32.7582206726, 149.642333984, -15.3144693375, 29.1833324432, 15.0312728882, -10.010848999, 39.1092758179, -13.3158655167, 33.6183395386], [-152.543014526, 120.38483429, 25.8750972748, 578.848999023, 118.892181396, 2.1856675148, 21.8684139252, -24.4183006287, 23.0468616486, 108.124275208, 13.0241718292, 41.3499641418, -64.5547790527], [108.34790802, 201.011886597, 32.7582206726, 118.892181396, 290.128387451, 87.3663635254, 24.6268997192, 49.9010467529, 27.1447849274, 1.90182495117, 19.4887523651, 3.72984695435, 13.1866559982], [624.234680176, -5.95389938354, 149.642333984, 2.1856675148, 87.3663635254, 272.167755127, 107.52205658, 74.2680435181, 31.0766506195, -11.9032058716, 9.09349822998, -6.98727941513, -0.736829400063], [354.871124268, 95.5419845581, -15.3144693375, 21.8684139252, 24.6268997192, 107.52205658, 218.124465942, 92.863494873, 35.5033454895, -6.45713710785, -23.0174884796, -15.471704483, 2.52040195465], [288.804077148, 115.429100037, 29.1833324432, -24.4183006287, 49.9010467529, 74.2680435181, 92.863494873, 156.490463257, 63.0503234863, -11.7826576233, -17.229391098, -38.809589386, 5.04274749756], [-42.0357437134, 189.669616699, 15.0312728882, 23.0468616486, 27.1447849274, 31.0766506195, 35.5033454895, 63.0503234863, 133.204650879, 50.2712593079, 2.87981987, -30.0769920349, -10.2381887436], [40.7931556702, -16.8162822723, -10.010848999, 108.124275208, 1.90182495117, -11.9032058716, -6.45713710785, -11.7826576233, 50.2712593079, 156.776580811, 46.9466438293, 10.1410932541, -61.0891952515], [60.9446983337, 15.8455486298, 39.1092758179, 13.0241718292, 19.4887523651, 9.09349822998, -23.0174884796, -17.229391098, 2.87981987, 46.9466438293, 128.951828003, 49.2358932495, -3.71306276321], [-13.0062236786, -33.5325775146, -13.3158655167, 41.3499641418, 3.72984695435, -6.98727941513, -15.471704483, -38.809589386, -30.0769920349, 10.1410932541, 49.2358932495, 140.317932129, 29.4808387756], [-149.036117554, 138.652832031, 33.6183395386, -64.5547790527, 13.1866559982, -0.736829400063, 2.52040195465, 5.04274749756, -10.2381887436, -61.0891952515, -3.71306276321, 29.4808387756, 118.363319397]],
