{
"lowlevel": {
    "average_loudness": 0.905712962151,
    "barkbands_crest": {
        "dmean": 2.4817276001,
        "dmean2": 3.69278454781,
        "dvar": 8.41619873047,
        "dvar2": 18.8370018005,
        "max": 26.2038516998,
        "mean": 14.280371666,
        "median": 13.8361244202,
        "min": 1.83670949936,
        "var": 35.8036766052
    },
    "barkbands_flatness_db": {
        "dmean": 0.032098993659,
        "dmean2": 0.0436769016087,
        "dvar": 0.00168234936427,
        "dvar2": 0.00345870666206,
        "max": 0.611346423626,
        "mean": 0.174535140395,
        "median": 0.144511386752,
        "min": 0.0142998723313,
        "var": 0.0108222393319
    },
    "barkbands_kurtosis": {
        "dmean": 8.64387702942,
        "dmean2": 12.3588876724,
        "dvar": 409.247344971,
        "dvar2": 780.561950684,
        "max": 578.350158691,
        "mean": 15.9617557526,
        "median": 5.04438972473,
        "min": -1.85933256149,
        "var": 1135.0300293
    },
    "barkbands_skewness": {
        "dmean": 0.802038192749,
        "dmean2": 1.14619255066,
        "dvar": 1.17311096191,
        "dvar2": 2.24309182167,
        "max": 18.6258583069,
        "mean": 2.73650050163,
        "median": 2.1504034996,
        "min": -1.90989637375,
        "var": 4.96005582809
    },
    "barkbands_spread": {
        "dmean": 7.11022043228,
        "dmean2": 10.6538181305,
        "dvar": 118.975502014,
        "dvar2": 262.664611816,
        "max": 104.385612488,
        "mean": 19.6407604218,
        "median": 15.1189575195,
        "min": 0.117692865431,
        "var": 304.72442627
    },
    "dissonance": {
        "dmean": 0.0218128133565,
        "dmean2": 0.0363091491163,
        "dvar": 0.000678690033965,
        "dvar2": 0.00185155193321,
        "max": 0.5,
        "mean": 0.460480779409,
        "median": 0.469781607389,
        "min": 0.154467925429,
        "var": 0.00123454735149
    },
    "dynamic_complexity": 4.99872970581,
    "erbbands_crest": {
        "dmean": 2.65033054352,
        "dmean2": 4.21878433228,
        "dvar": 6.44645595551,
        "dvar2": 16.2771186829,
        "max": 31.1717624664,
        "mean": 8.50889015198,
        "median": 7.40075063705,
        "min": 2.18075489998,
        "var": 20.2418422699
    },
    "erbbands_flatness_db": {
        "dmean": 0.0193793866783,
        "dmean2": 0.0282147843391,
        "dvar": 0.000537630810868,
        "dvar2": 0.00106292089913,
        "max": 0.51828879118,
        "mean": 0.14164468646,
        "median": 0.116868034005,
        "min": 0.0330996103585,
        "var": 0.00725979357958
    },
    "erbbands_kurtosis": {
        "dmean": 1.02957284451,
        "dmean2": 1.67741930485,
        "dvar": 7.18004989624,
        "dvar2": 20.2771873474,
        "max": 94.7540664673,
        "mean": 0.630278944969,
        "median": -0.159225225449,
        "min": -1.73054516315,
        "var": 15.3985929489
    },
    "erbbands_skewness": {
        "dmean": 0.341175407171,
        "dmean2": 0.523141920567,
        "dvar": 0.107577368617,
        "dvar2": 0.261095643044,
        "max": 7.73343086243,
        "mean": 0.388973474503,
        "median": 0.34905308485,
        "min": -2.74241924286,
        "var": 0.45857205987
    },
    "erbbands_spread": {
        "dmean": 9.32215213776,
        "dmean2": 14.1287431717,
        "dvar": 103.358039856,
        "dvar2": 225.985778809,
        "max": 129.137481689,
        "mean": 41.8315048218,
        "median": 40.7805175781,
        "min": 0.984062433243,
        "var": 401.319610596
    },
    "hfc": {
        "dmean": 12.6120328903,
        "dmean2": 19.1782283783,
        "dvar": 635.528442383,
        "dvar2": 1559.02539062,
        "max": 242.93586731,
        "mean": 25.5524654388,
        "median": 15.086309433,
        "min": 1.18567392349e-07,
        "var": 1039.52697754
    },
    "melbands_crest": {
        "dmean": 3.35918498039,
        "dmean2": 4.88640213013,
        "dvar": 12.6368484497,
        "dvar2": 28.4173908234,
        "max": 38.2848548889,
        "mean": 22.3754520416,
        "median": 22.8563728333,
        "min": 2.4495215416,
        "var": 57.7616386414
    },
    "melbands_flatness_db": {
        "dmean": 0.0384335294366,
        "dmean2": 0.050957262516,
        "dvar": 0.00230526272207,
        "dvar2": 0.00469436496496,
        "max": 0.767909109592,
        "mean": 0.270264387131,
        "median": 0.242648914456,
        "min": 0.00938795506954,
        "var": 0.015393522568
    },
    "melbands_kurtosis": {
        "dmean": 16.4224262238,
        "dmean2": 23.3305091858,
        "dvar": 1071.42541504,
        "dvar2": 2011.88989258,
        "max": 726.82409668,
        "mean": 34.615234375,
        "median": 15.0542068481,
        "min": -1.50259566307,
        "var": 3005.79052734
    },
    "melbands_skewness": {
        "dmean": 0.990292191505,
        "dmean2": 1.37616229057,
        "dvar": 1.50283229351,
        "dvar2": 2.71971583366,
        "max": 21.8027763367,
        "mean": 4.04469203949,
        "median": 3.36600041389,
        "min": -2.10534834862,
        "var": 7.62083148956
    },
    "melbands_spread": {
        "dmean": 5.73403167725,
        "dmean2": 8.63824272156,
        "dvar": 81.173210144,
        "dvar2": 182.300689697,
        "max": 134.782730103,
        "mean": 15.7262687683,
        "median": 11.20682621,
        "min": 0.151394218206,
        "var": 278.238739014
    },
    "pitch_salience": {
        "dmean": 0.0785212218761,
        "dmean2": 0.120869927108,
        "dvar": 0.00737524451688,
        "dvar2": 0.0180782359093,
        "max": 0.867247402668,
        "mean": 0.425328522921,
        "median": 0.432727456093,
        "min": 0.0231166221201,
        "var": 0.0269464142621
    },
    "silence_rate_20dB": {
        "dmean": 0,
        "dmean2": 0,
        "dvar": 0,
        "dvar2": 0,
        "max": 1,
        "mean": 1,
        "median": 1,
        "min": 1,
        "var": 0
    },
    "silence_rate_30dB": {
        "dmean": 0.0802377387881,
        "dmean2": 0.160488724709,
        "dvar": 0.0737900957465,
        "dvar2": 0.143651366234,
        "max": 1,
        "mean": 0.880973994732,
        "median": 1,
        "min": 0,
        "var": 0.104853831232
    },
    "silence_rate_60dB": {
        "dmean": 0.0277365036309,
        "dmean2": 0.0553950294852,
        "dvar": 0.0269640218467,
        "dvar2": 0.055802565068,
        "max": 1,
        "mean": 0.118943460286,
        "median": 0,
        "min": 0,
        "var": 0.104802839458
    },
    "spectral_centroid": {
        "dmean": 277.929382324,
        "dmean2": 410.187683105,
        "dvar": 124216.53125,
        "dvar2": 268154.375,
        "max": 4568.30517578,
        "mean": 1200.95373535,
        "median": 1083.43603516,
        "min": 93.0193252563,
        "var": 490964.625
    },
    "spectral_complexity": {
        "dmean": 4.27059602737,
        "dmean2": 6.39915800095,
        "dvar": 27.482378006,
        "dvar2": 59.0010986328,
        "max": 57,
        "mean": 17.6249275208,
        "median": 17,
        "min": 0,
        "var": 128.794235229
    },
    "spectral_decrease": {
        "dmean": 4.03290956186e-09,
        "dmean2": 5.30665333898e-09,
        "dvar": 4.61099027712e-17,
        "dvar2": 1.01788611016e-16,
        "max": -3.04227558079e-18,
        "mean": -1.41745477578e-08,
        "median": -1.38687923368e-08,
        "min": -7.23914936884e-08,
        "var": 1.30615246559e-16
    },
    "spectral_energy": {
        "dmean": 0.0158520527184,
        "dmean2": 0.0208660010248,
        "dvar": 0.000665344821755,
        "dvar2": 0.00145901320502,
        "max": 0.275333464146,
        "mean": 0.0558156296611,
        "median": 0.0546999201179,
        "min": 2.22366534908e-11,
        "var": 0.00195982470177
    },
    "spectral_energyband_high": {
        "dmean": 0.0011218781583,
        "dmean2": 0.00178359879646,
        "dvar": 6.73484555591e-06,
        "dvar2": 1.62427277246e-05,
        "max": 0.0328617170453,
        "mean": 0.001582881785,
        "median": 0.000471641367767,
        "min": 8.2304085422e-12,
        "var": 9.98124960461e-06
    },
    "spectral_energyband_low": {
        "dmean": 0.0125454608351,
        "dmean2": 0.0169618371874,
        "dvar": 0.000665471190587,
        "dvar2": 0.00150387687609,
        "max": 0.262599378824,
        "mean": 0.0402223393321,
        "median": 0.0360708422959,
        "min": 8.49043112292e-13,
        "var": 0.00152402347885
    },
    "spectral_energyband_middle_high": {
        "dmean": 0.00175691593904,
        "dmean2": 0.00268921884708,
        "dvar": 7.72244038671e-06,
        "dvar2": 1.77891142812e-05,
        "max": 0.0336668156087,
        "mean": 0.00401373254135,
        "median": 0.00234640948474,
        "min": 2.99596588857e-12,
        "var": 2.16453936446e-05
    },
    "spectral_energyband_middle_low": {
        "dmean": 0.00463612610474,
        "dmean2": 0.00678843259811,
        "dvar": 4.22780540248e-05,
        "dvar2": 9.31753675104e-05,
        "max": 0.0879674181342,
        "mean": 0.0113667659461,
        "median": 0.00748926540837,
        "min": 1.03718787031e-11,
        "var": 0.000134810179588
    },
    "spectral_entropy": {
        "dmean": 0.215192064643,
        "dmean2": 0.305999755859,
        "dvar": 0.0740421116352,
        "dvar2": 0.156446918845,
        "max": 8.81432819366,
        "mean": 7.53712749481,
        "median": 7.71887016296,
        "min": 4.6048412323,
        "var": 0.586225509644
    },
    "spectral_flux": {
        "dmean": 0.0337809771299,
        "dmean2": 0.0512019917369,
        "dvar": 0.00262089073658,
        "dvar2": 0.00482028350234,
        "max": 0.470039248466,
        "mean": 0.0853260681033,
        "median": 0.0718490183353,
        "min": 2.21507634706e-05,
        "var": 0.00452411593869
    },
    "spectral_kurtosis": {
        "dmean": 5.5424580574,
        "dmean2": 8.89133739471,
        "dvar": 299.683959961,
        "dvar2": 773.847106934,
        "max": 410.859710693,
        "mean": 14.6190547943,
        "median": 3.63779211044,
        "min": -1.19545078278,
        "var": 1376.93395996
    },
    "spectral_rms": {
        "dmean": 0.000980910030194,
        "dmean2": 0.00122667429969,
        "dvar": 1.65464018664e-06,
        "dvar2": 3.25806581714e-06,
        "max": 0.0163895711303,
        "mean": 0.00657805474475,
        "median": 0.00730518857017,
        "min": 1.47289838992e-07,
        "var": 1.11834660856e-05
    },
    "spectral_rolloff": {
        "dmean": 516.743041992,
        "dmean2": 858.221679688,
        "dvar": 1346418.75,
        "dvar2": 3212415.75,
        "max": 15137.8417969,
        "mean": 1032.24047852,
        "median": 538.330078125,
        "min": 43.06640625,
        "var": 2888961.75
    },
    "spectral_skewness": {
        "dmean": 0.407942980528,
        "dmean2": 0.626956820488,
        "dvar": 0.546785354614,
        "dvar2": 1.44592797756,
        "max": 15.4667348862,
        "mean": 2.21190094948,
        "median": 1.62013077736,
        "min": 0.0477528758347,
        "var": 3.84496903419
    },
    "spectral_spread": {
        "dmean": 733474.875,
        "dmean2": 1072679.5,
        "dvar": 881076600832,
        "dvar2": 1.65229546701e+12,
        "max": 16289101,
        "mean": 5183064.5,
        "median": 5465404.5,
        "min": 229796.421875,
        "var": 5.12060607693e+12
    },
    "spectral_strongpeak": {
        "dmean": 0.121617510915,
        "dmean2": 0.189567685127,
        "dvar": 0.0934768691659,
        "dvar2": 0.234461471438,
        "max": 5.49234008789,
        "mean": 0.417954653502,
        "median": 0.353230297565,
        "min": 0,
        "var": 0.126792550087
    },
    "zerocrossingrate": {
        "dmean": 0.011512699537,
        "dmean2": 0.0136057250202,
        "dvar": 0.000201691771508,
        "dvar2": 0.000277562794508,
        "max": 0.50341796875,
        "mean": 0.0461402609944,
        "median": 0.03466796875,
        "min": 0.00146484375,
        "var": 0.00177483679727
    },
    "barkbands": {
        "dmean": [0.000890675990377, 0.0110848564655, 0.00214797724038, 0.00172481616028, 0.00112061726395, 0.00136358884629, 0.000740313029382, 0.00108160462696, 0.000571494863834, 0.000397429277655, 0.000202826573513, 0.000294797617244, 0.000491866783705, 0.000214467407204, 0.000350549002178, 0.000247663003393, 0.000222574919462, 0.000146020756802, 0.000192707884707, 0.000150449894136, 0.000170221916051, 0.000214881714783, 0.00025540596107, 0.000211439139093, 0.000164732380654, 0.000104037906567, 3.5532295442e-05],
        "dmean2": [0.0013078636257, 0.0148180965334, 0.00387847912498, 0.00279611349106, 0.00177525705658, 0.00213996553794, 0.00106160819996, 0.0014829802094, 0.000840598309878, 0.000613167474512, 0.000323563494021, 0.000473846856039, 0.000805949675851, 0.000353107054252, 0.000576105841901, 0.000414886628278, 0.000376201671315, 0.000249969481956, 0.000327053392539, 0.000245522154728, 0.000269871379714, 0.000338082754752, 0.000424056139309, 0.000342706451192, 0.00026342520141, 0.000168876722455, 5.95574056206e-05],
        "dvar": [2.62168418885e-06, 0.000565091148019, 4.89589438075e-05, 8.02543308964e-06, 3.79302446163e-06, 6.54903897157e-06, 2.18842978938e-06, 4.0481418182e-06, 1.32789557483e-06, 7.62887736983e-07, 1.81039851554e-07, 3.83196947951e-07, 9.92778154796e-07, 1.88231780385e-07, 5.11187522534e-07, 2.97736022503e-07, 2.01900249408e-07, 1.10568706191e-07, 2.49282180675e-07, 9.58137604812e-08, 1.42876118048e-07, 2.656682625e-07, 3.94926018998e-07, 2.77344753385e-07, 1.73389324232e-07, 8.44742018558e-08, 1.1556210211e-08],
        "dvar2": [6.49519961371e-06, 0.00127979472745, 0.000142092525493, 2.00335489353e-05, 9.28741610551e-06, 1.61957505043e-05, 3.84302757084e-06, 6.96436836733e-06, 2.44832176577e-06, 1.64199138908e-06, 4.28346709214e-07, 9.69586722022e-07, 2.58484010374e-06, 5.05232094383e-07, 1.31959961891e-06, 7.95955429567e-07, 5.31401667558e-07, 3.03349111164e-07, 6.71701059218e-07, 2.37841177864e-07, 3.24000268392e-07, 5.75272224523e-07, 9.86702502814e-07, 6.76906893204e-07, 4.25827778372e-07, 2.04525889558e-07, 2.96970164015e-08],
        "max": [0.0236704163253, 0.246783941984, 0.0705445930362, 0.0473069027066, 0.0328351221979, 0.0534732937813, 0.0388555936515, 0.0485311746597, 0.0266432967037, 0.0237920247018, 0.0118566919118, 0.0135781457648, 0.0172562338412, 0.0123965302482, 0.0171504486352, 0.0124399345368, 0.00963723100722, 0.00768152298406, 0.011662540026, 0.00638782326132, 0.0115859182552, 0.0139614753425, 0.0114659583196, 0.00883233640343, 0.00780052086338, 0.00618146173656, 0.00117463851348],
        "mean": [0.00345535995439, 0.0332897938788, 0.00214238488115, 0.00261872727424, 0.0019137840718, 0.00236063287593, 0.00138335418887, 0.00205999682657, 0.00096614897484, 0.000572746328544, 0.000285633665044, 0.000415120943217, 0.000716740614735, 0.000312328571454, 0.000523796479683, 0.000348909525201, 0.00031517734169, 0.000196706707356, 0.000252277590334, 0.00022562254162, 0.000235421393882, 0.000291634030873, 0.000297072139801, 0.000264759437414, 0.000214376341319, 0.000120727680041, 3.64247243851e-05],
        "median": [0.00296467542648, 0.0282836724073, 0.00063334783772, 0.00128884904552, 0.000957291515078, 0.00102474377491, 0.000519239925779, 0.00077079096809, 0.000373843620764, 0.000195804634131, 0.000114612346806, 0.0001670467027, 0.000261468929239, 0.000119087912026, 0.000202241222723, 0.000118739109894, 0.000121854238387, 7.62776035117e-05, 9.32422699407e-05, 8.57644918142e-05, 6.95002818247e-05, 6.41778460704e-05, 5.53237296117e-05, 5.82765605941e-05, 4.96173379361e-05, 2.16297466977e-05, 3.14146541314e-06],
        "min": [1.37638842381e-13, 1.63842040385e-14, 1.43029387162e-13, 5.4171066504e-13, 1.80604576433e-12, 1.73961170989e-12, 3.26636151937e-13, 2.91897192181e-12, 2.60199630939e-12, 8.27791394459e-13, 5.98239502641e-13, 4.83311199222e-13, 4.39443186701e-13, 1.23292137133e-13, 1.97690293497e-13, 1.2522185437e-13, 1.98285384965e-13, 8.45339287936e-14, 1.46308868341e-13, 1.12303639695e-13, 3.59475199174e-13, 3.31451879831e-13, 4.14419312669e-13, 8.45964899694e-13, 1.18736737022e-12, 2.0817095877e-12, 3.00828372629e-12],
        "var": [1.17952622531e-05, 0.00126795028336, 2.94082601613e-05, 1.32453496917e-05, 7.13924282536e-06, 1.46550937643e-05, 6.78338665239e-06, 1.29613481477e-05, 3.49586093762e-06, 1.32352579385e-06, 2.74642502518e-07, 5.97975144956e-07, 1.6252243995e-06, 3.35148598651e-07, 8.65640402026e-07, 4.77894900541e-07, 3.0674365803e-07, 1.42479791521e-07, 2.73429947129e-07, 1.5079665161e-07, 2.70211245379e-07, 5.60199509891e-07, 5.28663463228e-07, 3.59480566203e-07, 2.12223753238e-07, 9.23947638398e-08, 1.02159409821e-08]
    },
    "erbbands": {
        "dmean": [0.422405511141, 2.39762949944, 2.91732645035, 4.16982221603, 4.76893424988, 2.73968243599, 9.43574047089, 11.5324020386, 10.4389839172, 12.5349645615, 24.5515727997, 15.6758422852, 6.80314540863, 13.6557693481, 9.59930610657, 15.0558595657, 21.8861598969, 12.9496021271, 20.275894165, 11.9693288803, 11.6187744141, 9.8644733429, 8.5482006073, 10.503153801, 8.14705276489, 7.55704212189, 6.69252824783, 6.9582901001, 7.25694227219, 8.32180500031, 6.86397409439, 4.60650205612, 3.61149835587, 1.98429965973, 1.20580339432, 0.538480222225, 0.163053631783, 0.0406175814569, 0.0060177128762, 0.000393666123273],
        "dmean2": [0.526948392391, 3.5277068615, 5.18278932571, 6.83747768402, 7.7809586525, 4.27942752838, 13.6656274796, 18.7605953217, 14.6082639694, 18.0744838715, 33.8572311401, 22.7378082275, 10.2691411972, 21.1095046997, 15.1813325882, 24.0826663971, 35.8602218628, 20.98695755, 33.4161720276, 19.7216339111, 19.1892662048, 16.4468822479, 14.4091815948, 18.3013248444, 13.3044290543, 12.3053445816, 10.9615354538, 10.7967967987, 11.263379097, 13.7299880981, 11.3827991486, 7.40366363525, 5.94262552261, 3.17658448219, 1.95705354214, 0.878085196018, 0.261482179165, 0.0660250261426, 0.0101351123303, 0.000670208886731],
        "dvar": [0.594346106052, 37.5142631531, 92.2300415039, 59.4198455811, 67.8664169312, 27.5396175385, 330.985107422, 587.561035156, 459.215911865, 617.31060791, 2442.73803711, 1027.64196777, 135.765808105, 959.976623535, 396.279663086, 996.40423584, 2028.10083008, 669.17779541, 1807.70153809, 548.629333496, 632.281860352, 390.261810303, 354.438262939, 1149.36071777, 325.742523193, 245.792449951, 203.288330078, 281.92074585, 316.179168701, 406.120605469, 278.301086426, 131.390045166, 85.2427444458, 24.8212833405, 9.96777057648, 2.13013887405, 0.209738522768, 0.0136266844347, 0.000328827271005, 1.62936350989e-06],
        "dvar2": [1.00924229622, 96.0639190674, 263.485565186, 156.319198608, 173.788009644, 62.8324699402, 635.050964355, 1518.43701172, 765.160461426, 1235.21020508, 4172.98828125, 1874.10778809, 292.114929199, 2068.18432617, 935.611633301, 2504.6262207, 5246.296875, 1742.76318359, 4718.08398438, 1397.5246582, 1649.0078125, 1004.51226807, 983.835144043, 3255.61621094, 815.306945801, 612.724609375, 505.278625488, 602.161682129, 648.721435547, 1002.29553223, 694.077758789, 316.61026001, 214.766967773, 60.4654693604, 25.3746776581, 5.26681900024, 0.488647341728, 0.0329662561417, 0.000843480229378, 4.342187367e-06],
        "max": [8.04139232635, 57.615398407, 84.8137664795, 101.88470459, 156.45362854, 145.825531006, 559.352722168, 669.870849609, 604.941772461, 606.575378418, 1336.44824219, 732.356079102, 242.546142578, 857.432800293, 616.6796875, 692.231384277, 821.485717773, 931.078796387, 1057.75500488, 430.73248291, 716.454162598, 382.324035645, 471.869293213, 565.016235352, 462.894958496, 323.580200195, 438.544586182, 546.612182617, 498.616119385, 348.563690186, 330.24017334, 204.202209473, 129.755447388, 97.4140396118, 49.4802284241, 31.0241641998, 11.6487007141, 2.11214900017, 0.214716807008, 0.012175754644],
        "mean": [1.59340441227, 4.9057636261, 3.14818954468, 6.33319091797, 6.74601745605, 4.90381193161, 17.9425106049, 18.1588134766, 20.2441291809, 24.069601059, 45.9884643555, 28.2710990906, 11.9114923477, 19.8911151886, 14.6868267059, 22.7721385956, 32.6307220459, 20.8752155304, 29.4953727722, 19.6124343872, 17.8959598541, 14.642539978, 12.4156522751, 12.1812295914, 12.3148508072, 11.4248371124, 9.07336521149, 9.89858341217, 10.354757309, 9.93315601349, 8.09560394287, 5.71084976196, 4.38043069839, 2.62057423592, 1.44989681244, 0.629834651947, 0.194342076778, 0.045241445303, 0.00617618160322, 0.000420150812715],
        "median": [1.46099174023, 3.02084875107, 1.37454009056, 3.01379990578, 3.15874028206, 2.28439354897, 7.30754327774, 6.99460601807, 7.53500938416, 9.95762729645, 16.8151073456, 11.9960489273, 5.78649950027, 6.95247793198, 6.63258361816, 9.58792114258, 12.2433824539, 8.93607807159, 11.7785434723, 7.93867540359, 6.6810259819, 6.04699897766, 5.14388513565, 4.23407077789, 4.89122390747, 4.37187385559, 3.19487118721, 2.57722592354, 2.42633509636, 1.96900177002, 1.50048661232, 1.09195256233, 1.00640130043, 0.633809387684, 0.293246507645, 0.120334997773, 0.0338644459844, 0.00650310888886, 0.000565322756302, 0.000100071891211],
        "min": [5.23345125916e-12, 1.25567898093e-11, 1.92012253319e-10, 1.1453235027e-09, 2.64813149187e-09, 6.40057384871e-09, 1.57145407798e-08, 1.18060690113e-08, 4.11656309041e-09, 2.03809271682e-08, 7.70722863308e-08, 5.40507834046e-08, 4.1792379335e-08, 2.57661358916e-08, 1.69902154568e-08, 2.148499334e-08, 2.00305017017e-08, 1.12508091732e-08, 8.57308180002e-09, 8.79741524074e-09, 5.96804827779e-09, 1.13518252576e-08, 5.87072879199e-09, 5.24865750862e-09, 7.71528707588e-09, 6.34550501033e-09, 8.36730773557e-09, 1.62551163641e-08, 1.27715873433e-08, 1.03935899887e-08, 1.22091092791e-08, 1.13412363945e-08, 1.76721695055e-08, 9.73747305011e-09, 1.07771018776e-08, 7.48593897981e-09, 3.71513708686e-09, 1.8327170892e-09, 5.26636734222e-10, 3.6246654983e-11],
        "var": [2.18898916245, 48.4531822205, 57.1461143494, 83.8317184448, 96.6805267334, 62.1777076721, 1002.24682617, 1215.39904785, 1483.08178711, 1704.67126465, 7638.95654297, 2751.26831055, 309.04107666, 1644.8347168, 633.384216309, 1656.8807373, 3349.59399414, 1282.72631836, 2758.703125, 1150.61474609, 1150.59326172, 603.857299805, 503.205627441, 900.997497559, 534.463928223, 384.258178711, 278.132476807, 625.753723145, 746.425842285, 595.640136719, 379.784881592, 185.620239258, 96.9067993164, 32.1972389221, 10.5869226456, 2.25565171242, 0.25102058053, 0.0142036164179, 0.000289702933514, 1.29813588501e-06]
    },
    "gfcc": {
        "mean": [-25.3081207275, 98.5956344604, -87.660118103, 19.6158046722, -44.2810554504, 16.3809928894, -28.1189956665, 11.0618524551, -11.5960788727, 11.713467598, -8.42166900635, 0.583001613617, -9.99824237823],
        "cov": [[32227.4570312, -6457.00585938, -412.638977051, 4553.30761719, -21.3638114929, 2258.96191406, 21.0579090118, 1378.98132324, 15.100356102, 1139.50366211, 147.024169922, 898.512573242, 120.300331116], [-6457.00585938, 4189.71630859, -240.528991699, -1013.27636719, 748.592529297, -825.4140625, 273.678466797, -383.270477295, 209.420837402, -412.516876221, 165.839492798, -333.040313721, 122.554206848], [-412.638977051, -240.528991699, 524.565673828, -36.0212974548, 16.1294326782, 104.653434753, 13.4324903488, 27.2683963776, 22.8153495789, 42.9753723145, 9.8543510437, 31.9923458099, 5.28729724884], [4553.30761719, -1013.27636719, -36.0212974548, 994.606140137, 45.1508674622, 391.596954346, 89.0356369019, 206.794570923, 26.7334594727, 167.696990967, 41.3342170715, 134.027755737, 33.4678916931], [-21.3638114929, 748.592529297, 16.1294326782, 45.1508674622, 404.4921875, -74.5168228149, 155.594543457, 8.75977993011, 102.899856567, -37.5441207886, 89.6080474854, -20.7018699646, 78.1917419434], [2258.96191406, -825.4140625, 104.653434753, 391.596954346, -74.5168228149, 361.389709473, 14.5136642456, 125.912033081, -13.2210102081, 136.393371582, -3.09050321579, 92.3752288818, -15.811797142], [21.0579090118, 273.678466797, 13.4324903488, 89.0356369019, 155.594543457, 14.5136642456, 207.304916382, 5.80950975418, 66.434387207, -20.4718284607, 60.9510383606, 8.77941036224, 39.6126174927], [1378.98132324, -383.270477295, 27.2683963776, 206.794570923, 8.75977993011, 125.912033081, 5.80950975418, 173.410873413, 37.6715393066, 98.345993042, 18.9617462158, 51.8501586914, 22.6573562622], [15.100356102, 209.420837402, 22.8153495789, 26.7334594727, 102.899856567, -13.2210102081, 66.434387207, 37.6715393066, 117.410705566, 29.1942901611, 38.4787559509, 5.16193771362, 41.0825386047], [1139.50366211, -412.516876221, 42.9753723145, 167.696990967, -37.5441207886, 136.393371582, -20.4718284607, 98.345993042, 29.1942901611, 157.276611328, 21.6778488159, 55.8838386536, 2.57558226585], [147.024169922, 165.839492798, 9.8543510437, 41.3342170715, 89.6080474854, -3.09050321579, 60.9510383606, 18.9617462158, 38.4787559509, 21.6778488159, 105.479537964, 32.4620094299, 44.9727287292], [898.512573242, -333.040313721, 31.9923458099, 134.027755737, -20.7018699646, 92.3752288818, 8.77941036224, 51.8501586914, 5.16193771362, 55.8838386536, 32.4620094299, 95.3550262451, 31.7454891205], [120.300331116, 122.554206848, 5.28729724884, 33.4678916931, 78.1917419434, -15.811797142, 39.6126174927, 22.6573562622, 41.0825386047, 2.57558226585, 44.9727287292, 31.7454891205, 85.0441894531]],
        "icov": [[0.000133348119562, 2.89464824164e-05, 0.000176168963662, -0.000381386606023, -0.000217690962018, -0.000226520729484, 0.000235033483477, -0.000288094772259, 8.34706515889e-05, -5.97740363446e-05, 4.97910805279e-05, -0.000396775431, 0.000117372845125], [2.89464824164e-05, 0.00121098686941, 0.000418394309236, 0.000531843863428, -0.00143051100895, 0.000430734740803, -9.61950790952e-05, 0.000966163352132, -0.000941384525504, 0.000542964204215, -0.00129432056565, 0.00217339536175, -0.000527153664734], [0.000176168963662, 0.000418394309236, 0.00265881721862, 0.000417927687522, -0.00111809535883, -0.00160830130335, 0.000363496423233, 6.72592650517e-05, -0.000711934641004, 7.07094659447e-05, -0.000275165366475, -0.00033259022166, -2.87193051918e-05], [-0.000381386606023, 0.000531843863428, 0.000417927687522, 0.00369858462363, -0.000701189099345, -0.0013293317752, -0.00121745991055, 0.000436852074927, -0.000450518535217, 0.000315146375215, -0.00058099522721, 0.00145577196963, -0.000888289592694], [-0.000217690962018, -0.00143051100895, -0.00111809535883, -0.000701189099345, 0.00701542617753, 0.000601425417699, -0.00212566601112, -0.00115698273294, -0.000783592287917, 0.000472215149784, -0.000871885975357, 0.00084819807671, -0.00181645096745], [-0.000226520729484, 0.000430734740803, -0.00160830130335, -0.0013293317752, 0.000601425417699, 0.00928153842688, -0.00253353849985, -0.000576770689804, 0.00176916876808, -0.00322912912816, 0.001299065887, -0.00156888808124, 0.00197112443857], [0.000235033483477, -9.61950790952e-05, 0.000363496423233, -0.00121745991055, -0.00212566601112, -0.00253353849985, 0.00944173242897, 0.000346070970409, -0.00368987862021, 0.003422527574, -0.00290929968469, -0.00114099052735, 0.000899183854926], [-0.000288094772259, 0.000966163352132, 6.72592650517e-05, 0.000436852074927, -0.00115698273294, -0.000576770689804, 0.000346070970409, 0.0125715536997, -0.00324523402378, -0.00351168122143, -0.000428006489528, 0.00214204471558, -0.00261405762285], [8.34706515889e-05, -0.000941384525504, -0.000711934641004, -0.000450518535217, -0.000783592287917, 0.00176916876808, -0.00368987862021, -0.00324523402378, 0.0166703034192, -0.00593641353771, 0.00170873187017, 0.000273429119261, -0.00378609751351], [-5.97740363446e-05, 0.000542964204215, 7.07094659447e-05, 0.000315146375215, 0.000472215149784, -0.00322912912816, 0.003422527574, -0.00351168122143, -0.00593641353771, 0.0155872544274, -0.00454848026857, -0.00137800606899, 0.00279590371065], [4.97910805279e-05, -0.00129432056565, -0.000275165366475, -0.00058099522721, -0.000871885975357, 0.001299065887, -0.00290929968469, -0.000428006489528, 0.00170873187017, -0.00454848026857, 0.0181275326759, -0.00767519837245, -0.00285597750917], [-0.000396775431, 0.00217339536175, -0.00033259022166, 0.00145577196963, 0.00084819807671, -0.00156888808124, -0.00114099052735, 0.00214204471558, 0.000273429119261, -0.00137800606899, -0.00767519837245, 0.027429157868, -0.0105041339993], [0.000117372845125, -0.000527153664734, -2.87193051918e-05, -0.000888289592694, -0.00181645096745, 0.00197112443857, 0.000899183854926, -0.00261405762285, -0.00378609751351, 0.00279590371065, -0.00285597750917, -0.0105041339993, 0.022193338722]]
    },
    "melbands": {
        "dmean": [0.00326684350148, 0.00204681628384, 0.000748701801058, 0.00024365419813, 0.000281004293356, 0.000249259814154, 0.000158392300364, 0.000145706071635, 0.000187448546058, 9.41125763347e-05, 3.44125000993e-05, 6.02108666499e-05, 2.91240066872e-05, 3.61477068509e-05, 3.95933529944e-05, 4.65223020001e-05, 2.35855459323e-05, 3.20926010318e-05, 1.73967146111e-05, 2.07876437344e-05, 1.36323542392e-05, 1.07758150989e-05, 1.04936807475e-05, 7.71437771618e-06, 9.25963468035e-06, 6.76831132296e-06, 4.76919831272e-06, 5.39786515219e-06, 4.34445064457e-06, 3.9905930862e-06, 4.36638629253e-06, 4.19843399868e-06, 4.46906915386e-06, 4.83714757138e-06, 4.29616147812e-06, 3.28488613377e-06, 2.68948656412e-06, 2.68299913841e-06, 2.01533089239e-06, 1.58318221111e-06],
        "dmean2": [0.00421767821535, 0.00331049901433, 0.00122431025375, 0.000395415932871, 0.000409845262766, 0.00040282405098, 0.000222412360017, 0.000207524994039, 0.000259930151515, 0.000137556780828, 5.24825518369e-05, 9.31471658987e-05, 4.64462827949e-05, 5.77913560846e-05, 6.44929314149e-05, 7.59766408009e-05, 3.84827217204e-05, 5.30110410182e-05, 2.88346382149e-05, 3.49120309693e-05, 2.28469853027e-05, 1.81217637873e-05, 1.80955939868e-05, 1.31676861201e-05, 1.65064811881e-05, 1.12620937216e-05, 7.71584927861e-06, 8.90508636076e-06, 7.20024945622e-06, 6.48954164717e-06, 6.83530788592e-06, 6.5265885496e-06, 7.18829778634e-06, 8.14960822026e-06, 7.20012712918e-06, 5.38674657946e-06, 4.33631203123e-06, 4.42671034762e-06, 3.27575389747e-06, 2.53265693573e-06],
        "dvar": [4.17488408857e-05, 3.54302683263e-05, 1.83655720321e-06, 1.88283067359e-07, 2.77868025478e-07, 2.54723858006e-07, 1.06706394831e-07, 8.20652488187e-08, 1.39484001238e-07, 3.90601044842e-08, 3.61486107714e-09, 1.918158965e-08, 3.61233465362e-09, 5.32417931964e-09, 6.6222698436e-09, 9.80095027359e-09, 2.35773711665e-09, 4.42339675999e-09, 1.10650499874e-09, 2.18890927606e-09, 9.20116816072e-10, 5.04208952368e-10, 4.7011633475e-10, 2.99784974622e-10, 1.01696040478e-09, 2.36503955309e-10, 1.17558254797e-10, 1.25597962586e-10, 8.4619165841e-11, 8.08306546696e-11, 1.2395558191e-10, 1.19086657202e-10, 1.10902141637e-10, 1.41021402889e-10, 1.07500383595e-10, 7.08239578096e-11, 4.44466581595e-11, 4.65153054963e-11, 2.58015449284e-11, 1.55849031597e-11],
        "dvar2": [8.32444493426e-05, 9.68157983152e-05, 4.80380367662e-06, 4.6947408805e-07, 5.48159562186e-07, 6.57968541873e-07, 1.78091013936e-07, 1.57898867315e-07, 2.42467706357e-07, 7.07769558517e-08, 7.92736720712e-09, 4.13805061328e-08, 8.6088522977e-09, 1.34002027252e-08, 1.67942886264e-08, 2.57694132699e-08, 6.18871398572e-09, 1.16125056238e-08, 2.84559820152e-09, 5.9111240347e-09, 2.4357973416e-09, 1.31748567611e-09, 1.30912136687e-09, 7.92560628238e-10, 2.92374702227e-09, 6.15897388645e-10, 2.90954649262e-10, 3.19679921423e-10, 2.12742531924e-10, 1.95569116457e-10, 2.69459871083e-10, 2.49957526899e-10, 2.54882143169e-10, 3.57778945359e-10, 2.70830330384e-10, 1.76880052272e-10, 1.06550164525e-10, 1.17359622021e-10, 6.42636707737e-11, 3.7760055499e-11],
        "max": [0.0705058798194, 0.0510752089322, 0.0174937713891, 0.00905861612409, 0.0159291420132, 0.0129736894742, 0.00906312651932, 0.00720857037231, 0.0100246630609, 0.00490443827584, 0.00126575957984, 0.00383429648355, 0.00164347153623, 0.00162479397841, 0.00175630766898, 0.00182788912207, 0.00156621006317, 0.00166680978145, 0.000602911401074, 0.000897195597645, 0.000784154806752, 0.000537983432878, 0.000358732242603, 0.000491862243507, 0.000504120253026, 0.00042485629092, 0.000282143999357, 0.000239148852415, 0.000255874998402, 0.000254267884884, 0.0004014307342, 0.000333814881742, 0.000265516515356, 0.000206720302231, 0.000220288115088, 0.000154816181748, 0.000122059282148, 9.46053332882e-05, 9.07356734388e-05, 9.13417025004e-05],
        "mean": [0.0113625982776, 0.00314192706719, 0.00112121109851, 0.000371422647731, 0.000539278844371, 0.000401524011977, 0.00030379043892, 0.000285313348286, 0.000347694120137, 0.00015965809871, 5.6844586652e-05, 8.45881877467e-05, 4.1665884055e-05, 5.28261625732e-05, 6.14183300058e-05, 6.72882742947e-05, 3.46015331161e-05, 4.59974835394e-05, 2.77717444988e-05, 2.90535663225e-05, 1.93457435671e-05, 1.52584179887e-05, 1.38744535434e-05, 1.01960431493e-05, 9.49709647102e-06, 9.72673115029e-06, 7.17138254913e-06, 7.76208253228e-06, 5.69166286368e-06, 5.18338265465e-06, 6.08775553701e-06, 5.96360132477e-06, 5.56436543775e-06, 5.4828692555e-06, 4.98242616231e-06, 3.75670879293e-06, 3.34082278641e-06, 3.1667393614e-06, 2.56772977991e-06, 2.08332448892e-06],
        "median": [0.0103460848331, 0.00183375156485, 0.000577339611482, 0.000167902268004, 0.000232490521739, 0.000161013784236, 0.000110139451863, 0.000120187331049, 0.000127095641801, 6.05219902354e-05, 2.62108806055e-05, 2.72686575045e-05, 1.73933985934e-05, 2.23485676543e-05, 2.48493088293e-05, 2.44928087341e-05, 1.28640358525e-05, 1.83915362868e-05, 1.12539837573e-05, 9.65702656686e-06, 6.87428155288e-06, 6.03148737355e-06, 5.23144262843e-06, 3.75598074243e-06, 2.69453539659e-06, 3.58811394108e-06, 2.67506993623e-06, 2.72001079793e-06, 1.95089182853e-06, 1.41176963098e-06, 1.42826206684e-06, 1.33184732931e-06, 1.12610803171e-06, 1.00619979548e-06, 8.74462500633e-07, 5.69909104797e-07, 6.62611739699e-07, 6.64582898935e-07, 6.37226264644e-07, 4.72285563546e-07],
        "min": [4.55951906276e-14, 4.0939345284e-14, 2.39087937816e-13, 2.93266712997e-13, 5.14048330812e-13, 2.73629697459e-13, 5.96120646335e-14, 2.97300161919e-13, 6.46615627795e-13, 3.29185897291e-13, 2.0008864357e-13, 9.8141174278e-14, 6.98770807384e-14, 4.7580971281e-14, 5.67101195918e-14, 4.00700726397e-14, 1.73305753158e-14, 1.15607207103e-14, 1.25948657767e-14, 1.11117204034e-14, 6.31358411257e-15, 1.08815214123e-14, 8.87851295576e-15, 4.34085369578e-15, 3.75222593678e-15, 6.79446758662e-15, 3.8208224765e-15, 4.1721094861e-15, 4.42980994294e-15, 6.47872292652e-15, 1.08914842138e-14, 5.78061022985e-15, 8.58180239653e-15, 5.22783102276e-15, 7.52396497156e-15, 6.67368153537e-15, 6.65534369558e-15, 1.23171914359e-14, 1.21569446607e-14, 6.37975983213e-15],
        "var": [0.000123181307572, 2.97459519061e-05, 2.38622965298e-06, 3.23308967154e-07, 8.22829463232e-07, 5.26872952378e-07, 3.42261586184e-07, 2.35443010865e-07, 4.30772331583e-07, 1.0208797363e-07, 7.58647988874e-09, 3.24187325873e-08, 5.47750911295e-09, 8.72337047042e-09, 1.14402158857e-08, 1.53646286805e-08, 4.27054036578e-09, 6.65960619983e-09, 2.22803997474e-09, 3.36566130521e-09, 1.46535761303e-09, 7.38083427709e-10, 5.96930060937e-10, 4.1679004692e-10, 7.15193626544e-10, 3.6436523243e-10, 1.91030843921e-10, 1.86108406464e-10, 1.08799212695e-10, 1.29722302344e-10, 2.67785016383e-10, 2.74392980559e-10, 2.00468128209e-10, 1.85860840607e-10, 1.43547895792e-10, 9.228604686e-11, 6.25819882027e-11, 5.22335473485e-11, 3.17539466943e-11, 2.06192736496e-11]
    },
    "mfcc": {
        "mean": [-665.449279785, 126.946144104, 19.0566768646, 17.2670669556, 10.4866781235, 9.99353885651, 2.85681629181, 2.34268784523, 4.26166200638, 8.70346641541, 8.57331466675, 6.42192840576, 4.73075342178],
        "cov": [[18736.1640625, -1949.03857422, -400.069000244, 808.133911133, 557.291992188, 666.026489258, 299.825805664, 412.534088135, 289.346496582, 322.814117432, 254.575408936, 255.932952881, 289.595336914], [-1949.03857422, 2625.54833984, -99.6913146973, 95.4522018433, 180.869262695, -49.4199523926, 122.495277405, -12.2398710251, 27.8834648132, 31.7336807251, 8.92967033386, -1.77212643623, 46.083770752], [-400.069000244, -99.6913146973, 427.694458008, -65.0885848999, -24.0386772156, 55.2984657288, -26.6362419128, -7.95666217804, -5.04706096649, -13.1422605515, 13.9889001846, 5.97606897354, -13.3923158646], [808.133911133, 95.4522018433, -65.0885848999, 255.758026123, 125.10962677, 65.2082901001, 72.1137771606, 64.9908599854, 52.1767845154, 47.6218948364, 15.8266611099, 29.714548111, 42.5075378418], [557.291992188, 180.869262695, -24.0386772156, 125.10962677, 204.987884521, 53.9976387024, 62.3070869446, 41.2798080444, 58.3194198608, 53.2331390381, 12.7359056473, 27.0625076294, 43.5031051636], [666.026489258, -49.4199523926, 55.2984657288, 65.2082901001, 53.9976387024, 188.603240967, 66.4849090576, 55.4843940735, 32.2233123779, 19.0186538696, 42.5178337097, 22.3955516815, 20.3335571289], [299.825805664, 122.495277405, -26.6362419128, 72.1137771606, 62.3070869446, 66.4849090576, 129.094711304, 64.3644561768, 19.7971115112, 25.7861442566, 10.7831411362, 19.504278183, 36.0995483398], [412.534088135, -12.2398710251, -7.95666217804, 64.9908599854, 41.2798080444, 55.4843940735, 64.3644561768, 106.173774719, 38.9429855347, 16.1562366486, 4.70642137527, 22.5549468994, 20.7446918488], [289.346496582, 27.8834648132, -5.04706096649, 52.1767845154, 58.3194198608, 32.2233123779, 19.7971115112, 38.9429855347, 96.1240386963, 49.4543876648, 22.368106842, 18.1163158417, 17.8022384644], [322.814117432, 31.7336807251, -13.1422605515, 47.6218948364, 53.2331390381, 19.0186538696, 25.7861442566, 16.1562366486, 49.4543876648, 79.9562606812, 36.0762710571, 20.0904254913, 29.4492969513], [254.575408936, 8.92967033386, 13.9889001846, 15.8266611099, 12.7359056473, 42.5178337097, 10.7831411362, 4.70642137527, 22.368106842, 36.0762710571, 85.2693405151, 27.2672405243, 6.99396800995], [255.932952881, -1.77212643623, 5.97606897354, 29.714548111, 27.0625076294, 22.3955516815, 19.504278183, 22.5549468994, 18.1163158417, 20.0904254913, 27.2672405243, 57.5827903748, 36.3324928284], [289.595336914, 46.083770752, -13.3923158646, 42.5075378418, 43.5031051636, 20.3335571289, 36.0995483398, 20.7446918488, 17.8022384644, 29.4492969513, 6.99396800995, 36.3324928284, 81.0801010132]],
