{
"lowlevel": {
    "average_loudness": 0.21996499598,
    "barkbands_crest": {
        "dmean": 1.73805582523,
        "dmean2": 2.71559858322,
        "dvar": 4.22056150436,
        "dvar2": 9.66711425781,
        "max": 26.9169082642,
        "mean": 12.8803472519,
        "median": 11.5802640915,
        "min": 3.57924890518,
        "var": 29.7352924347
    },
    "barkbands_flatness_db": {
        "dmean": 0.019283356145,
        "dmean2": 0.0308419279754,
        "dvar": 0.000434950867202,
        "dvar2": 0.000965875107795,
        "max": 0.848430752754,
        "mean": 0.347017765045,
        "median": 0.340654462576,
        "min": 0.0652787238359,
        "var": 0.00452868407592
    },
    "barkbands_kurtosis": {
        "dmean": 22.6077880859,
        "dmean2": 36.872592926,
        "dvar": 188253.96875,
        "dvar2": 392109.59375,
        "max": 41122.7460938,
        "mean": 183.349487305,
        "median": 2.38895392418,
        "min": -1.68665587902,
        "var": 3591577.75
    },
    "barkbands_skewness": {
        "dmean": 0.434990018606,
        "dmean2": 0.657314181328,
        "dvar": 2.84336638451,
        "dvar2": 4.78724384308,
        "max": 168.415359497,
        "mean": 2.56888246536,
        "median": 1.07764697075,
        "min": -9.1482334137,
        "var": 146.707733154
    },
    "barkbands_spread": {
        "dmean": 0.96237385273,
        "dmean2": 1.47430157661,
        "dvar": 1.68544340134,
        "dvar2": 3.67421483994,
        "max": 29.1089076996,
        "mean": 5.52234697342,
        "median": 5.01392126083,
        "min": 0.00938288588077,
        "var": 10.4291553497
    },
    "dissonance": {
        "dmean": 0.0358003340662,
        "dmean2": 0.0604229792953,
        "dvar": 0.00139753927942,
        "dvar2": 0.00369452498853,
        "max": 0.500000059605,
        "mean": 0.386291861534,
        "median": 0.39616766572,
        "min": 0.0873778685927,
        "var": 0.00476633012295
    },
    "dynamic_complexity": 7.52969455719,
    "erbbands_crest": {
        "dmean": 1.86251819134,
        "dmean2": 2.86417651176,
        "dvar": 5.19131183624,
        "dvar2": 11.5615606308,
        "max": 34.4536933899,
        "mean": 13.751247406,
        "median": 12.0688934326,
        "min": 2.19998979568,
        "var": 37.4718322754
    },
    "erbbands_flatness_db": {
        "dmean": 0.0139644397423,
        "dmean2": 0.0217259638011,
        "dvar": 0.000288614013698,
        "dvar2": 0.000621990126092,
        "max": 0.614633977413,
        "mean": 0.379825294018,
        "median": 0.383594274521,
        "min": 0.0359295234084,
        "var": 0.0041883373633
    },
    "erbbands_kurtosis": {
        "dmean": 1.27042198181,
        "dmean2": 1.81853175163,
        "dvar": 7.65353298187,
        "dvar2": 13.6711425781,
        "max": 101.398925781,
        "mean": 3.44029593468,
        "median": 0.898458600044,
        "min": -1.74816823006,
        "var": 64.3292236328
    },
    "erbbands_skewness": {
        "dmean": 0.271205842495,
        "dmean2": 0.395331412554,
        "dvar": 0.124788686633,
        "dvar2": 0.243117570877,
        "max": 8.2804813385,
        "mean": 0.860165715218,
        "median": 0.665967822075,
        "min": -5.07092475891,
        "var": 1.29117262363
    },
    "erbbands_spread": {
        "dmean": 1.77001273632,
        "dmean2": 2.64212322235,
        "dvar": 7.04956865311,
        "dvar2": 14.5493497849,
        "max": 177.057571411,
        "mean": 13.1292600632,
        "median": 10.7660160065,
        "min": 0.296886473894,
        "var": 292.430603027
    },
    "hfc": {
        "dmean": 3.23926997185,
        "dmean2": 4.21699380875,
        "dvar": 81.2667770386,
        "dvar2": 163.95690918,
        "max": 334.676757812,
        "mean": 9.74620914459,
        "median": 3.52675914764,
        "min": 1.1921275372e-16,
        "var": 286.043731689
    },
    "melbands_crest": {
        "dmean": 2.01024341583,
        "dmean2": 3.15281248093,
        "dvar": 5.55569696426,
        "dvar2": 12.9534072876,
        "max": 39.9996337891,
        "mean": 15.2708721161,
        "median": 13.6306724548,
        "min": 1.58927261829,
        "var": 43.89220047
    },
    "melbands_flatness_db": {
        "dmean": 0.020635118708,
        "dmean2": 0.0325404219329,
        "dvar": 0.000574578298256,
        "dvar2": 0.00123849499505,
        "max": 0.828741312027,
        "mean": 0.434487462044,
        "median": 0.429899811745,
        "min": 0.00405262270942,
        "var": 0.00601494172588
    },
    "melbands_kurtosis": {
        "dmean": 75.8263931274,
        "dmean2": 134.844451904,
        "dvar": 3323399,
        "dvar2": 7427598.5,
        "max": 164074.3125,
        "mean": 411.440643311,
        "median": 3.1833486557,
        "min": -1.78062093258,
        "var": 33012188
    },
    "melbands_skewness": {
        "dmean": 0.542802751064,
        "dmean2": 0.852432072163,
        "dvar": 16.394115448,
        "dvar2": 33.783454895,
        "max": 389.610687256,
        "mean": 3.2519659996,
        "median": 1.24637007713,
        "min": -6.21043157578,
        "var": 366.576721191
    },
    "melbands_spread": {
        "dmean": 1.5103546381,
        "dmean2": 2.31096768379,
        "dvar": 5.76360559464,
        "dvar2": 11.0721960068,
        "max": 125.130874634,
        "mean": 8.51127243042,
        "median": 7.75883769989,
        "min": 0.00545351672918,
        "var": 25.4751224518
    },
    "pitch_salience": {
        "dmean": 0.0491138584912,
        "dmean2": 0.0789992660284,
        "dvar": 0.00368773541413,
        "dvar2": 0.00896851811558,
        "max": 0.836855053902,
        "mean": 0.50747781992,
        "median": 0.526383936405,
        "min": 0.000337324338034,
        "var": 0.0212975852191
    },
    "silence_rate_20dB": {
        "dmean": 0,
        "dmean2": 0,
        "dvar": 0,
        "dvar2": 0,
        "max": 1,
        "mean": 1,
        "median": 1,
        "min": 1,
        "var": 0
    },
    "silence_rate_30dB": {
        "dmean": 0.00676231365651,
        "dmean2": 0.0135258641094,
        "dvar": 0.00671662110835,
        "dvar2": 0.0155363995582,
        "max": 1,
        "mean": 0.989948809147,
        "median": 1,
        "min": 0,
        "var": 0.00994933582842
    },
    "silence_rate_60dB": {
        "dmean": 0.0593987032771,
        "dmean2": 0.11880826205,
        "dvar": 0.0558772906661,
        "dvar2": 0.110545188189,
        "max": 1,
        "mean": 0.358095765114,
        "median": 0,
        "min": 0,
        "var": 0.229839503765
    },
    "spectral_centroid": {
        "dmean": 54.028968811,
        "dmean2": 81.9651565552,
        "dvar": 16839.1855469,
        "dvar2": 29517.9238281,
        "max": 10527.5117188,
        "mean": 674.697875977,
        "median": 603.609741211,
        "min": 248.491729736,
        "var": 172419.875
    },
    "spectral_complexity": {
        "dmean": 1.37640500069,
        "dmean2": 2.04423332214,
        "dvar": 4.05935001373,
        "dvar2": 7.28152704239,
        "max": 36,
        "mean": 8.5240316391,
        "median": 8,
        "min": 0,
        "var": 33.8094749451
    },
    "spectral_decrease": {
        "dmean": 1.12620790471e-09,
        "dmean2": 1.48576173586e-09,
        "dvar": 6.6069674172e-18,
        "dvar2": 1.25745854323e-17,
        "max": 2.03362689363e-29,
        "mean": -3.57315999011e-09,
        "median": -1.63017077615e-09,
        "min": -7.96823727001e-08,
        "var": 2.88239521686e-17
    },
    "spectral_energy": {
        "dmean": 0.00453843921423,
        "dmean2": 0.00598113145679,
        "dvar": 0.000109916094516,
        "dvar2": 0.000209997888305,
        "max": 0.331095337868,
        "mean": 0.0143699590117,
        "median": 0.00647935178131,
        "min": 1.07361985058e-20,
        "var": 0.00047304132022
    },
    "spectral_energyband_high": {
        "dmean": 5.73981196794e-06,
        "dmean2": 8.10856272437e-06,
        "dvar": 1.23425902832e-09,
        "dvar2": 2.49089482374e-09,
        "max": 0.00116313481703,
        "mean": 7.78782668931e-06,
        "median": 1.01533927932e-07,
        "min": 7.53640217129e-21,
        "var": 1.99031080506e-09
    },
    "spectral_energyband_low": {
        "dmean": 0.000228159799008,
        "dmean2": 0.000311914307531,
        "dvar": 7.7047849345e-07,
        "dvar2": 1.36681853746e-06,
        "max": 0.0301489457488,
        "mean": 0.000637413177174,
        "median": 3.30822440446e-05,
        "min": 5.58740271075e-23,
        "var": 3.28180908582e-06
    },
    "spectral_energyband_middle_high": {
        "dmean": 0.00178760185372,
        "dmean2": 0.00236449297518,
        "dvar": 4.91136124765e-05,
        "dvar2": 0.000107945190393,
        "max": 0.300910115242,
        "mean": 0.00412177434191,
        "median": 0.000826175906695,
        "min": 1.81538376552e-21,
        "var": 0.000109707543743
    },
    "spectral_energyband_middle_low": {
        "dmean": 0.00317227398045,
        "dmean2": 0.00424977811053,
        "dvar": 4.83742151118e-05,
        "dvar2": 8.59987267177e-05,
        "max": 0.181488960981,
        "mean": 0.0103495689109,
        "median": 0.00440005492419,
        "min": 3.99007057551e-22,
        "var": 0.000281592539977
    },
    "spectral_entropy": {
        "dmean": 0.158007711172,
        "dmean2": 0.246029987931,
        "dvar": 0.0547056496143,
        "dvar2": 0.128097400069,
        "max": 9.80357933044,
        "mean": 5.8613448143,
        "median": 5.85859870911,
        "min": 3.09250187874,
        "var": 0.426932215691
    },
    "spectral_flux": {
        "dmean": 0.0155932232738,
        "dmean2": 0.0246200878173,
        "dvar": 0.000833317113575,
        "dvar2": 0.00195943005383,
        "max": 0.498046427965,
        "mean": 0.0316164605319,
        "median": 0.0194341447204,
        "min": 1.03615629965e-10,
        "var": 0.00137079076376
    },
    "spectral_kurtosis": {
        "dmean": 26.0418300629,
        "dmean2": 45.6753883362,
        "dvar": 679.500915527,
        "dvar2": 1888.41687012,
        "max": 427.978424072,
        "mean": 76.6974105835,
        "median": 58.3993110657,
        "min": -1.2107874155,
        "var": 4139.45849609
    },
    "spectral_rms": {
        "dmean": 0.000499418063555,
        "dmean2": 0.000627512985375,
        "dvar": 6.95952792285e-07,
        "dvar2": 1.13974726901e-06,
        "max": 0.0179727524519,
        "mean": 0.00294784316793,
        "median": 0.00251422333531,
        "min": 3.236408537e-12,
        "var": 5.32968078915e-06
    },
    "spectral_rolloff": {
        "dmean": 71.6696014404,
        "dmean2": 123.521514893,
        "dvar": 54168.3945312,
        "dvar2": 81241.4296875,
        "max": 18906.1523438,
        "mean": 764.942871094,
        "median": 753.662109375,
        "min": 21.533203125,
        "var": 114387.015625
    },
    "spectral_skewness": {
        "dmean": 1.51183354855,
        "dmean2": 2.68121027946,
        "dvar": 1.73880469799,
        "dvar2": 5.02817296982,
        "max": 16.4595069885,
        "mean": 5.57565689087,
        "median": 4.93529891968,
        "min": 0.0484833791852,
        "var": 8.80543231964
    },
    "spectral_spread": {
        "dmean": 295563.375,
        "dmean2": 530662.75,
        "dvar": 311726931968,
        "dvar2": 717838876672,
        "max": 41438548,
        "mean": 1296766.375,
        "median": 1085131,
        "min": 183287.8125,
        "var": 1.64189110272e+12
    },
    "spectral_strongpeak": {
        "dmean": 0.407040625811,
        "dmean2": 0.594716131687,
        "dvar": 0.677094578743,
        "dvar2": 1.37015235424,
        "max": 13.5893573761,
        "mean": 1.314204216,
        "median": 0.658056616783,
        "min": 0,
        "var": 2.98795795441
    },
    "zerocrossingrate": {
        "dmean": 0.00228938437067,
        "dmean2": 0.00292022712529,
        "dvar": 2.48466349149e-05,
        "dvar2": 2.45869323408e-05,
        "max": 0.49853515625,
        "mean": 0.0285775251687,
        "median": 0.02880859375,
        "min": 0,
        "var": 0.000117050774861
    },
    "barkbands": {
        "dmean": [2.52005111179e-06, 8.91323943506e-05, 0.000107397798274, 0.000117422852782, 0.000655751733575, 0.000584183144383, 0.000417980045313, 0.000594381766859, 0.00115111656487, 0.000997612602077, 0.000754684617277, 0.000117020004836, 8.1040772784e-05, 0.000178702845005, 4.845246076e-05, 3.57262215402e-05, 6.88149957568e-05, 1.39714165925e-05, 1.6853606212e-05, 8.69618997967e-06, 1.99394457923e-06, 5.86817634485e-07, 1.94430114675e-07, 3.13709200839e-08, 4.00976629678e-09, 1.04739306117e-09, 8.12892197999e-10],
        "dmean2": [4.4844846343e-06, 0.000129604988615, 0.000147954880958, 0.000184206306585, 0.000987711362541, 0.000855283287819, 0.000643238134217, 0.000799222907517, 0.00158712500706, 0.00131420139223, 0.00109188526403, 0.000183147581993, 0.00011521315173, 0.000240144974669, 6.69478686177e-05, 5.24999632034e-05, 0.000101085141068, 2.02400988201e-05, 2.30340119742e-05, 1.19927481137e-05, 3.08976154884e-06, 9.1301114935e-07, 3.0602308243e-07, 5.03238801741e-08, 6.94278101676e-09, 1.86383508627e-09, 1.50072376748e-09],
        "dvar": [1.34493093745e-11, 2.54131066413e-07, 2.14866872739e-07, 1.79493554242e-07, 3.7627232814e-06, 2.36088612837e-06, 1.09187612907e-06, 6.57669534121e-06, 2.00746890187e-05, 1.57390368258e-05, 1.9437258743e-05, 4.70127332619e-07, 4.45971096497e-07, 1.29629290768e-06, 3.81642202285e-08, 1.57479735918e-08, 9.54033581024e-08, 4.29085522669e-09, 4.33102087527e-09, 3.99018773578e-09, 2.06509212508e-10, 2.24172624907e-11, 4.07233404984e-12, 5.68182003183e-13, 2.77879365094e-15, 2.43935331031e-17, 4.63406266051e-18],
        "dvar2": [3.88287110797e-11, 4.63468495582e-07, 3.75098096583e-07, 4.13999998727e-07, 8.393324606e-06, 5.39002121513e-06, 2.91084893433e-06, 1.09342608994e-05, 4.02604819101e-05, 2.65283215413e-05, 4.72088686365e-05, 1.19799335607e-06, 9.19439685276e-07, 2.78298193734e-06, 9.27934991068e-08, 3.5482244698e-08, 2.18348375824e-07, 8.64821281255e-09, 8.08674194275e-09, 8.57439719226e-09, 4.99897179207e-10, 5.36326850986e-11, 1.04848820598e-11, 1.49786660939e-12, 7.61364289079e-15, 6.58927311399e-17, 1.47880421693e-17],
        "max": [4.20264877903e-05, 0.0254376549274, 0.0173844434321, 0.0121416011825, 0.0742033049464, 0.0348350591958, 0.0237397402525, 0.135675951838, 0.13323828578, 0.159061104059, 0.203740537167, 0.0280837956816, 0.0522065162659, 0.0481980107725, 0.0130157591775, 0.00527144130319, 0.00861311424524, 0.00361072993837, 0.00231797853485, 0.00467342976481, 0.00070990837412, 0.000206177632208, 0.000114473514259, 6.30896320217e-05, 3.06070182887e-06, 2.49333709235e-07, 8.8471729498e-08],
        "mean": [2.55956479123e-06, 0.000206647426239, 0.00028580284561, 0.000281028071186, 0.00149983156007, 0.00133420026395, 0.000956919917371, 0.00157534959726, 0.00345325330272, 0.00240556849167, 0.00129615154583, 0.00019312153745, 0.000169581544469, 0.000362058228347, 0.000101467667264, 7.15237401891e-05, 0.000107311694592, 2.49691911449e-05, 2.65961934929e-05, 1.28329547806e-05, 2.27061059377e-06, 6.92929575052e-07, 2.10765009001e-07, 3.19819548622e-08, 3.5962062217e-09, 1.19324017334e-09, 8.92459106616e-10],
        "median": [1.34565118515e-06, 7.90531794337e-06, 5.99165878157e-06, 1.73554635694e-05, 0.000263982772594, 0.000303969834931, 0.000268398493063, 0.000245751114562, 0.000320808030665, 0.000198246940272, 9.87620078376e-05, 2.86172107735e-05, 2.83371064143e-05, 3.61166894436e-05, 1.38792056532e-05, 1.20841523312e-05, 8.60665568325e-06, 2.06723211704e-06, 1.24081770991e-06, 2.50546264624e-07, 2.0786377064e-08, 3.09999759196e-09, 1.04230024611e-09, 4.10120215566e-10, 2.86475843048e-10, 2.85869161676e-10, 2.93772894899e-10],
        "min": [2.8921928482e-23, 2.77671623345e-23, 8.72558573948e-24, 2.45556512137e-23, 9.90247060013e-23, 3.53579858613e-23, 4.15370733785e-23, 6.84870420796e-23, 9.74181055709e-23, 1.00887200288e-22, 9.60255451921e-23, 9.80653249228e-23, 6.74108275456e-23, 1.58987733658e-22, 1.18258605307e-22, 1.62963365428e-22, 2.22544022737e-22, 2.93298509805e-22, 3.28427987905e-22, 3.01602097558e-22, 3.3133102128e-22, 4.34344996879e-22, 5.84767872051e-22, 5.23754820043e-22, 1.29352286798e-21, 2.05512154811e-21, 2.39323182544e-21],
        "var": [1.26459624022e-11, 8.03968021046e-07, 8.56822111928e-07, 7.47649323785e-07, 1.20756130855e-05, 6.59288571114e-06, 2.9941536468e-06, 2.61839795712e-05, 0.000108889878902, 7.05117709003e-05, 3.1347215554e-05, 5.82678183036e-07, 7.41383644254e-07, 2.25325470637e-06, 7.0297588195e-08, 3.62014276334e-08, 1.5938985598e-07, 9.65380042572e-09, 9.07303743247e-09, 5.83118353603e-09, 2.16260953589e-10, 2.49136961061e-11, 3.86987967713e-12, 4.6031375326e-13, 1.98626557977e-15, 2.23827662219e-17, 4.40474668801e-18]
    },
    "erbbands": {
        "dmean": [0.000870567804668, 0.0258779358119, 0.112952679396, 0.26559612155, 1.14399182796, 2.60867238045, 3.43381118774, 4.99249219894, 6.70669269562, 7.59602308273, 12.4274253845, 23.7142410278, 35.7945480347, 33.411529541, 18.250623703, 4.01833724976, 3.79746508598, 6.62601470947, 5.65256118774, 2.41839122772, 2.5732023716, 2.97031331062, 0.967496991158, 0.749320268631, 0.781488358974, 0.397008627653, 0.113164737821, 0.0644767358899, 0.0195044446737, 0.00843506865203, 0.0042553790845, 0.00106806121767, 0.000404839665862, 7.90378253441e-05, 1.46218098962e-05, 6.48219656796e-06, 2.95779409498e-06, 8.61550233822e-07, 2.3059844807e-06, 5.24215329278e-06],
        "dmean2": [0.00129059446044, 0.0372069999576, 0.154500469565, 0.393535196781, 1.79651296139, 3.87436676025, 5.14812469482, 7.27694511414, 10.2600278854, 10.6059875488, 16.4166851044, 32.1029129028, 46.881778717, 46.6795845032, 26.4334049225, 5.79766988754, 5.33718156815, 9.1686296463, 7.32286787033, 3.3576772213, 3.75476098061, 4.33661031723, 1.38695788383, 1.03825640678, 1.06385469437, 0.529683530331, 0.173033624887, 0.0986315086484, 0.0296753160655, 0.013559746556, 0.00666649546474, 0.00161882303655, 0.00066588644404, 0.000133392110001, 2.38270931732e-05, 1.0174466297e-05, 4.51174855698e-06, 1.34758363401e-06, 3.01572981698e-06, 6.89658145347e-06],
        "dvar": [1.84896525752e-05, 0.0204962193966, 0.250792890787, 0.855399608612, 16.9272727966, 76.3058547974, 117.277610779, 172.607803345, 327.587921143, 485.094268799, 3506.64794922, 6701.45458984, 20084.7089844, 30684.5585938, 10462.7685547, 362.389892578, 841.608581543, 2922.06005859, 690.71673584, 79.4978637695, 90.5930252075, 151.221130371, 16.279838562, 7.81696796417, 15.2015190125, 7.65203905106, 0.675211429596, 0.140112221241, 0.0192968212068, 0.00488597713411, 0.00311174336821, 0.000370093650417, 7.8513417975e-05, 1.60738170507e-06, 8.93609009012e-09, 7.96252008772e-10, 1.24581289729e-10, 8.8793972175e-12, 3.03867972451e-11, 1.51111956281e-10],
        "dvar2": [3.17030353472e-05, 0.0373778678477, 0.444328606129, 1.74804389477, 47.8868370056, 148.671478271, 267.66003418, 362.290740967, 887.012145996, 975.678405762, 5419.10400391, 13345.5605469, 33480.3007812, 72332.34375, 23462.1796875, 773.786682129, 1734.30029297, 6593.21289062, 1194.72253418, 191.502426147, 205.014755249, 357.700500488, 36.3769607544, 15.211066246, 28.086812973, 14.549952507, 1.63763463497, 0.318395495415, 0.0443163216114, 0.0126061057672, 0.00817690510303, 0.000939284916967, 0.000216561864363, 4.52073527413e-06, 2.32777050968e-08, 2.05088923622e-09, 3.00454355839e-10, 2.21881263363e-11, 5.79846205773e-11, 2.89796242559e-10],
        "max": [0.231593981385, 7.03242921829, 19.6714305878, 34.9475288391, 121.571342468, 450.034484863, 449.146728516, 285.445831299, 421.317382812, 855.167785645, 3517.27856445, 2178.75341797, 4867.10791016, 8228.86425781, 3412.36083984, 607.374755859, 2174.14282227, 2683.41186523, 883.399719238, 494.350982666, 271.457397461, 280.736541748, 175.62437439, 95.7944641113, 155.430038452, 166.811782837, 41.8972511292, 17.899723053, 6.75839805603, 3.177693367, 4.02297973633, 1.61828565598, 0.63674479723, 0.0898762345314, 0.00535045517609, 0.00134492199868, 0.000400944642024, 0.000131174354465, 0.000185052515008, 0.000397177966079],
        "mean": [0.0017050828319, 0.0623763464391, 0.306487649679, 0.723597347736, 2.49418449402, 5.79796648026, 8.19350814819, 11.1318511963, 14.5042142868, 21.0101585388, 33.740524292, 72.7445144653, 107.302574158, 66.3461914062, 28.3398952484, 8.14721775055, 8.17759132385, 13.3804683685, 12.6292514801, 5.25029611588, 4.87683296204, 4.80974292755, 1.84921550751, 1.29953658581, 1.19428539276, 0.593357145786, 0.138075307012, 0.0768876746297, 0.0252569653094, 0.00956819392741, 0.00454417336732, 0.00122196855955, 0.000375405914383, 7.94707375462e-05, 2.35257666645e-05, 1.35938998937e-05, 7.20396519682e-06, 1.99387864086e-06, 7.3451510616e-06, 1.65648434631e-05],
        "median": [0.000227167911362, 0.00224385713227, 0.00909301824868, 0.0533671490848, 0.279037415981, 0.898103654385, 1.7257668972, 2.68285179138, 4.14560985565, 5.67683506012, 7.04034233093, 8.7705821991, 10.3164806366, 7.47240877151, 3.8349571228, 1.56195366383, 1.73566901684, 2.34426522255, 1.55590593815, 1.1479254961, 0.881800293922, 0.51297223568, 0.217080980539, 0.0932837948203, 0.0489959046245, 0.0134723559022, 0.00254626665264, 0.000584325520322, 0.00015608954709, 6.63007158437e-05, 3.40819970006e-05, 1.84640121006e-05, 1.19751957754e-05, 8.85164627107e-06, 6.89754506311e-06, 4.95225140185e-06, 2.83274584945e-06, 7.38673747946e-07, 3.24642496707e-06, 7.37564187148e-06],
        "min": [1.15953091785e-21, 5.01178474168e-21, 1.30498630688e-20, 3.51579613057e-20, 1.81368991126e-19, 3.40276202911e-19, 4.07368021064e-19, 3.38705412778e-19, 2.77220845202e-19, 1.49049416082e-18, 1.42636936198e-18, 2.27179861282e-18, 3.11354959827e-18, 3.11629687188e-18, 4.07428472457e-18, 3.33806916398e-18, 3.27652423807e-18, 6.84369203285e-18, 8.67946058373e-18, 4.87543768556e-18, 1.07147070481e-17, 1.29682721186e-17, 1.445272631e-17, 1.48309711887e-17, 1.89751013899e-17, 1.56905458484e-17, 1.26984408397e-17, 1.27333354539e-17, 1.66003254082e-17, 1.17452971635e-17, 1.81557425972e-17, 1.02432364328e-17, 1.09428715851e-17, 1.34258791868e-17, 9.29874010267e-18, 6.48387136152e-18, 4.4441618442e-18, 1.32632321106e-18, 3.17990871535e-19, 3.73125212322e-20],
        "var": [5.31990954187e-05, 0.0664874389768, 0.998934626579, 4.77163982391, 41.5758514404, 237.014022827, 375.664916992, 482.726745605, 791.710266113, 1901.90588379, 13932.2285156, 37124.328125, 125776.445312, 55837.5898438, 14009.1708984, 762.426696777, 1408.36560059, 4066.08105469, 2062.4440918, 152.381576538, 174.010513306, 239.893386841, 34.3198394775, 18.3976593018, 28.0407447815, 13.9278383255, 0.693562746048, 0.183719113469, 0.0241082981229, 0.00491703022271, 0.00254557956941, 0.000328123831423, 5.4804226238e-05, 1.09205063836e-06, 8.23324874943e-09, 1.02131991753e-09, 2.13008000127e-10, 1.60844150499e-11, 1.27750351964e-10, 6.39527542035e-10]
    },
    "gfcc": {
        "mean": [-257.709960938, 219.975875854, -153.879150391, -51.1508636475, -29.3079490662, -39.2390022278, -21.4681663513, -7.02610683441, -10.2058429718, -14.5133104324, -8.04714870453, -12.3813447952, 1.47002017498],
        "cov": [[23685.1582031, 1973.35009766, -6540.06542969, 231.183868408, 102.845199585, -1897.55224609, 685.323608398, -599.765625, -1.39749193192, -821.528076172, -166.054824829, -589.638366699, -16.817615509], [1973.35009766, 2281.01879883, 246.713943481, -770.811645508, 356.5262146, -297.699890137, -413.482696533, -224.837432861, -211.262130737, -189.927368164, -5.87186193466, -140.996063232, -31.2767353058], [-6540.06542969, 246.713943481, 2770.00390625, -122.469024658, -8.50639820099, 736.635498047, -267.01159668, 20.1136989594, -138.510787964, 91.3525619507, -76.5623855591, 71.146736145, -43.7478179932], [231.183868408, -770.811645508, -122.469024658, 801.592773438, -28.9740810394, 120.886047363, 244.541687012, 15.3229131699, 36.1220016479, 7.3021736145, -41.7220230103, 24.7034282684, -51.2235603333], [102.845199585, 356.5262146, -8.50639820099, -28.9740810394, 373.885101318, -22.7239303589, -76.7703399658, 37.8189353943, -16.9602813721, 14.7254390717, 65.655921936, 5.59407997131, -8.26198291779], [-1897.55224609, -297.699890137, 736.635498047, 120.886047363, -22.7239303589, 513.789367676, 138.004730225, 36.1169090271, 26.5593681335, 30.3216133118, -57.4503860474, 28.0462913513, -6.52731847763], [685.323608398, -413.482696533, -267.01159668, 244.541687012, -76.7703399658, 138.004730225, 389.299499512, 98.8637924194, 81.7978439331, 19.6032485962, -70.8348617554, -39.7226448059, -0.120649963617], [-599.765625, -224.837432861, 20.1136989594, 15.3229131699, 37.8189353943, 36.1169090271, 98.8637924194, 203.52015686, 114.336273193, 96.5029220581, 57.9761543274, 20.2676525116, -10.3149166107], [-1.39749193192, -211.262130737, -138.510787964, 36.1220016479, -16.9602813721, 26.5593681335, 81.7978439331, 114.336273193, 167.184127808, 96.9238357544, 47.9944725037, 15.3969488144, -16.3418731689], [-821.528076172, -189.927368164, 91.3525619507, 7.3021736145, 14.7254390717, 30.3216133118, 19.6032485962, 96.5029220581, 96.9238357544, 166.46321106, 93.0204391479, 36.744972229, -5.39258289337], [-166.054824829, -5.87186193466, -76.5623855591, -41.7220230103, 65.655921936, -57.4503860474, -70.8348617554, 57.9761543274, 47.9944725037, 93.0204391479, 175.414413452, 75.5863800049, 4.17937374115], [-589.638366699, -140.996063232, 71.146736145, 24.7034282684, 5.59407997131, 28.0462913513, -39.7226448059, 20.2676525116, 15.3969488144, 36.744972229, 75.5863800049, 137.106185913, 68.9886932373], [-16.817615509, -31.2767353058, -43.7478179932, -51.2235603333, -8.26198291779, -6.52731847763, -0.120649963617, -10.3149166107, -16.3418731689, -5.39258289337, 4.17937374115, 68.9886932373, 118.776237488]],
        "icov": [[0.000457301182905, -0.000621331389993, 0.000796116190031, -0.000503374903928, 0.000242130670813, 0.000250410434091, -0.000803589762654, 0.000915908021852, -0.00101234903559, 0.00150220561773, -0.000993875204585, 0.00114388891961, -0.000613908923697], [-0.000621331389993, 0.00256116734818, -0.00206725741737, 0.00217948132195, -0.00225816550665, 0.00155284255743, -0.000368879002053, 0.00148837745655, -0.000298520026263, 0.00036490074126, -0.000120585609693, -0.0004406736698, 0.00105778942816], [0.000796116190031, -0.00206725741737, 0.00344090652652, -0.0017112394562, 0.0019670415204, -0.00301756314002, 0.0016544922255, -0.00177018844988, 0.00176337489393, -0.000745723489672, 0.000885856687091, 0.000797901127953, -0.000369178043911], [-0.000503374903928, 0.00217948132195, -0.0017112394562, 0.00387076451443, -0.00227444339544, 0.00155151006766, -0.00213139061816, 0.00230407738127, -0.000151050757268, 5.61303204449e-05, 0.000740346848033, -0.00302113802172, 0.00337712559849], [0.000242130670813, -0.00225816550665, 0.0019670415204, -0.00227444339544, 0.00569039769471, -0.00299328588881, 0.00282111600973, -0.00461810547858, 0.00305408309214, -0.00189708766993, -0.00010338753782, 0.000756953028031, -0.00108553981408], [0.000250410434091, 0.00155284255743, -0.00301756314002, 0.00155151006766, -0.00299328588881, 0.00861094798893, -0.00664002681151, 0.00655544362962, -0.00605594879016, 0.00534904049709, -0.0027744169347, 4.88187506562e-05, 0.000308494898491], [-0.000803589762654, -0.000368879002053, 0.0016544922255, -0.00213139061816, 0.00282111600973, -0.00664002681151, 0.0117211975157, -0.00951688177884, 0.00551849370822, -0.00684914877638, 0.00611171824858, 0.000313666212605, -0.00145288894419], [0.000915908021852, 0.00148837745655, -0.00177018844988, 0.00230407738127, -0.00461810547858, 0.00655544362962, -0.00951688177884, 0.0187961906195, -0.0119911730289, 0.00680696452036, -0.00699622789398, 0.00274712638929, -0.000165252655279], [-0.00101234903559, -0.000298520026263, 0.00176337489393, -0.000151050757268, 0.00305408309214, -0.00605594879016, 0.00551849370822, -0.0119911730289, 0.0207991525531, -0.013617769815, 0.00673053786159, -0.0057504917495, 0.00455291057006], [0.00150220561773, 0.00036490074126, -0.000745723489672, 5.61303204449e-05, -0.00189708766993, 0.00534904049709, -0.00684914877638, 0.00680696452036, -0.013617769815, 0.0240400582552, -0.0137879503891, 0.00796544458717, -0.00411906046793], [-0.000993875204585, -0.000120585609693, 0.000885856687091, 0.000740346848033, -0.00010338753782, -0.0027744169347, 0.00611171824858, -0.00699622789398, 0.00673053786159, -0.0137879503891, 0.0203319974244, -0.0134659428149, 0.00711808400229], [0.00114388891961, -0.0004406736698, 0.000797901127953, -0.00302113802172, 0.000756953028031, 4.88187506562e-05, 0.000313666212605, 0.00274712638929, -0.0057504917495, 0.00796544458717, -0.0134659428149, 0.0251265782863, -0.0152188325301], [-0.000613908923697, 0.00105778942816, -0.000369178043911, 0.00337712559849, -0.00108553981408, 0.000308494898491, -0.00145288894419, -0.000165252655279, 0.00455291057006, -0.00411906046793, 0.00711808400229, -0.0152188325301, 0.0188853554428]]
    },
    "melbands": {
        "dmean": [1.63455151778e-05, 5.13598570251e-05, 6.36118566035e-05, 0.000137724156957, 0.000119671363791, 0.000116125222121, 9.52697446337e-05, 9.56989460974e-05, 9.87066232483e-05, 0.000170115279616, 0.000180899427505, 0.000135134643642, 7.38321541576e-05, 2.12766444747e-05, 5.61181332159e-06, 1.1918623386e-05, 1.28319261421e-05, 1.14063423098e-05, 3.81335826205e-06, 3.1779575238e-06, 3.45407693203e-06, 3.96502946387e-06, 1.1453442994e-06, 7.22488380234e-07, 6.46512091862e-07, 6.3107859205e-07, 4.55163757351e-07, 2.24439801855e-07, 6.70538540248e-08, 6.95877631074e-08, 2.76863438842e-08, 1.43996716773e-08, 4.89990403807e-09, 4.61957760933e-09, 2.748001382e-09, 1.23067733782e-09, 4.51062048823e-10, 3.10530628989e-10, 1.4741396992e-10, 4.13335130012e-11],
        "dmean2": [2.38981647271e-05, 7.01491226209e-05, 9.7696618468e-05, 0.000208530385862, 0.000178881178726, 0.000169746344909, 0.000145105645061, 0.000131880558911, 0.000129584223032, 0.000232855745708, 0.000236544001382, 0.000188639649423, 0.000107312043838, 3.16566729452e-05, 7.81885319157e-06, 1.67842263181e-05, 1.76732628461e-05, 1.47357568494e-05, 5.32524609298e-06, 4.64187587568e-06, 5.09474784849e-06, 5.78808521823e-06, 1.71125861925e-06, 1.02498563592e-06, 8.98959058304e-07, 8.72902830906e-07, 6.26965231731e-07, 2.99964057149e-07, 1.07371661784e-07, 1.06149038004e-07, 4.35758416018e-08, 2.22086224966e-08, 8.27787083324e-09, 7.51815498745e-09, 4.41761827119e-09, 1.81337900251e-09, 7.23622717302e-10, 5.14674358687e-10, 2.51437509702e-10, 7.22855247881e-11],
        "dvar": [8.16286949146e-09, 5.33313873063e-08, 3.78626694442e-08, 2.01313653747e-07, 1.19609040894e-07, 8.86870168415e-08, 6.0846531369e-08, 9.74512417429e-08, 2.01093584451e-07, 3.71433998225e-07, 5.04132856349e-07, 4.66653034437e-07, 1.66851364725e-07, 1.80765926672e-08, 6.12645489895e-10, 1.11922089374e-08, 8.9452072416e-09, 3.52931328607e-09, 3.79430348252e-10, 1.41594014291e-10, 2.4169335977e-10, 2.95901220193e-10, 2.651631692e-11, 1.39339685623e-11, 6.21219352001e-12, 9.03773410277e-12, 1.12257139348e-11, 2.46389757555e-12, 2.73397271619e-13, 3.12712177116e-13, 2.97186998318e-14, 1.44798876258e-14, 1.09381292594e-15, 1.84936959715e-15, 1.54629580878e-15, 2.96797168344e-16, 1.49496312402e-16, 6.12175063178e-17, 6.86038246966e-18, 3.97366942169e-19],
        "dvar2": [1.45596912304e-08, 9.52774854568e-08, 9.26774887944e-08, 4.70348766157e-07, 2.63974811787e-07, 1.91487245615e-07, 1.63644600093e-07, 1.93660540049e-07, 3.09701732704e-07, 7.60572618219e-07, 8.43443842768e-07, 1.08111089503e-06, 3.87788617218e-07, 4.17556584864e-08, 1.08851405667e-09, 2.3324847831e-08, 2.01067518191e-08, 6.04124705816e-09, 9.64655466618e-10, 3.18319315351e-10, 5.48756373675e-10, 6.8823136079e-10, 6.90120252611e-11, 2.5235286083e-11, 1.25589989797e-11, 1.67411588065e-11, 2.55227835394e-11, 4.30086391848e-12, 6.57491476628e-13, 7.09485747062e-13, 7.30577368892e-14, 3.31994699202e-14, 2.90834585791e-15, 4.83151150652e-15, 4.1634227397e-15, 7.06309328617e-16, 4.00370821887e-16, 1.70023613248e-16, 1.88472192672e-17, 1.13635766787e-18],
        "max": [0.00473242904991, 0.00766839645803, 0.00508833257481, 0.0162381008267, 0.0131843658164, 0.0056248283945, 0.00564642157406, 0.0169292315841, 0.0260099694133, 0.0183100830764, 0.0241240598261, 0.0305750705302, 0.0151053834707, 0.00559139950201, 0.000932851224206, 0.00720359710976, 0.00462481798604, 0.00202864781022, 0.00144770310726, 0.000503103947267, 0.000450369378086, 0.000439942290541, 0.000301546242554, 0.000245086965151, 7.26111975382e-05, 0.000102517748019, 0.000260976725258, 6.14869568381e-05, 2.08499750443e-05, 3.83545302611e-05, 5.44279282622e-06, 6.19657885181e-06, 1.234731144e-06, 2.04410594051e-06, 2.60062893176e-06, 1.31325487018e-06, 1.035905143e-06, 5.99806185164e-07, 1.42049444207e-07, 4.65693332785e-08],
        "mean": [3.5776552977e-05, 0.000138222545502, 0.000159476592671, 0.000308682734612, 0.000284755253233, 0.000260931876255, 0.000209053003346, 0.000262076035142, 0.000259708758676, 0.000519715016708, 0.000531540776137, 0.000261836481513, 0.000119371608889, 3.33920943376e-05, 1.24959515233e-05, 2.28644130402e-05, 2.57629999396e-05, 2.49366294156e-05, 7.79101446824e-06, 6.37540733806e-06, 5.92645073993e-06, 6.19184584139e-06, 1.9834556042e-06, 1.26238285247e-06, 1.06638344732e-06, 9.49013951868e-07, 6.72612600283e-07, 3.12441926553e-07, 7.26898292669e-08, 7.94236072466e-08, 3.15398729356e-08, 1.7327403512e-08, 5.68622393615e-09, 5.01027086486e-09, 2.80026934973e-09, 1.3881054084e-09, 4.81405026953e-10, 2.74635203468e-10, 1.20619028654e-10, 3.67462900386e-11],
        "median": [2.2791803076e-06, 3.65210644304e-06, 1.34211168188e-05, 4.3200179789e-05, 6.68667271384e-05, 6.55477488181e-05, 5.91012067162e-05, 5.89819428569e-05, 4.51712949143e-05, 5.00136557093e-05, 4.48168575531e-05, 2.61669702013e-05, 1.19649457702e-05, 4.60861792817e-06, 2.12593135984e-06, 3.01129557556e-06, 3.62541550203e-06, 2.14166766455e-06, 1.04322407424e-06, 1.01514831385e-06, 7.62023660172e-07, 4.65995697141e-07, 2.30684861435e-07, 1.00948298609e-07, 5.952171378e-08, 2.95854487575e-08, 1.54907482397e-08, 3.7584406698e-09, 1.23801047192e-09, 5.62431212714e-10, 1.54844442823e-10, 6.68189531483e-11, 4.03998501319e-11, 2.44353426382e-11, 1.58286994623e-11, 8.19861539769e-12, 5.67257222098e-12, 4.08347401032e-12, 3.11424540669e-12, 2.60231766691e-12],
        "min": [1.04431189459e-23, 6.69114265277e-24, 1.16486995686e-23, 1.71114690405e-23, 1.67208424752e-23, 7.33591732479e-24, 4.79427454135e-24, 1.63936797697e-23, 1.18172578448e-23, 1.46235468959e-23, 1.54616090557e-23, 1.28032771783e-23, 1.30009885981e-23, 1.13663954385e-23, 8.6269505162e-24, 5.90258585343e-24, 1.40985631189e-23, 1.42834310943e-23, 8.49530225289e-24, 7.82899798905e-24, 1.30292566398e-23, 1.32126092134e-23, 1.05178848159e-23, 1.69373911046e-23, 1.1205903265e-23, 1.21193671168e-23, 1.46156425096e-23, 9.2887843053e-24, 7.40915201579e-24, 8.65079068162e-24, 6.47726510643e-24, 9.60643650372e-24, 8.16408716892e-24, 5.88889280584e-24, 1.14128348911e-23, 8.76152703119e-24, 5.14860561643e-24, 6.23969609495e-24, 1.09362895403e-23, 1.16037636848e-23],
        "var": [2.47767744099e-08, 2.04192986075e-07, 1.49941598693e-07, 6.32160720215e-07, 3.83397605219e-07, 2.46024626449e-07, 1.50119475961e-07, 3.778320945e-07, 8.13094970908e-07, 2.05527157959e-06, 3.12475481223e-06, 8.50987589729e-07, 2.52722543337e-07, 2.17185061047e-08, 1.79428127911e-09, 1.78654548932e-08, 1.28645192277e-08, 1.05094244418e-08, 4.90283647014e-10, 3.39258954263e-10, 4.18817203141e-10, 4.84304041315e-10, 3.66311633804e-11, 3.27755253493e-11, 1.36099334927e-11, 1.80223752588e-11, 1.39720917128e-11, 5.02455846027e-12, 2.72525410442e-13, 3.6141708658e-13, 3.45262657169e-14, 1.73681734142e-14, 1.10576244325e-15, 1.76696896149e-15, 1.16511827702e-15, 2.95701292999e-16, 1.16325006645e-16, 4.22233086363e-17, 4.71272919112e-18, 2.61212392958e-19]
    },
    "mfcc": {
        "mean": [-843.403991699, 207.530426025, -23.804977417, -18.3144855499, -6.70783424377, -23.0253295898, -13.7698335648, -4.13976573944, -2.72394585609, -0.920752882957, -5.69192647934, -9.61231136322, -6.48471784592],
        "cov": [[10827.8574219, 4035.70751953, -3920.76220703, 113.175262451, -145.559051514, -758.487609863, -52.4346160889, 25.2123165131, -75.7928771973, -11.1312856674, -247.105545044, -273.135986328, -148.830444336], [4035.70751953, 2687.02172852, -841.45526123, -348.16595459, 196.909011841, -283.930755615, -153.232940674, -82.2165756226, -163.682525635, -141.067840576, -165.161468506, -131.509796143, -74.2748260498], [-3920.76220703, -841.45526123, 2195.11962891, -37.8653717041, 58.7061462402, 462.791687012, 41.6986999512, -27.3149871826, 5.86153888702, -66.7445526123, 15.9736318588, 56.374961853, -12.6044406891], [113.175262451, -348.16595459, -37.8653717041, 464.656341553, 15.0181283951, 45.4810295105, 145.078445435, 51.7096557617, 40.4911651611, 34.8447914124, 9.6540813446, 14.1820268631, 4.00457334518], [-145.559051514, 196.909011841, 58.7061462402, 15.0181283951, 358.08380127, 24.2054309845, -43.0325164795, -3.30428338051, -95.4356689453, -71.9822921753, -12.9824829102, 35.4080085754, 61.9816932678], [-758.487609863, -283.930755615, 462.791687012, 45.4810295105, 24.2054309845, 323.307922363, 121.231040955, 32.3767929077, 63.9397201538, -9.1699962616, -17.235294342, 3.95673561096, -19.4801959991], [-52.4346160889, -153.232940674, 41.6986999512, 145.078445435, -43.0325164795, 121.231040955, 224.767913818, 90.9918365479, 69.7932357788, 57.9930076599, -0.274785816669, -13.0649700165, -23.3012332916], [25.2123165131, -82.2165756226, -27.3149871826, 51.7096557617, -3.30428338051, 32.3767929077, 90.9918365479, 136.13633728, 83.5702819824, 40.651096344, 17.9859733582, -1.46826171875, 0.360938489437], [-75.7928771973, -163.682525635, 5.86153888702, 40.4911651611, -95.4356689453, 63.9397201538, 69.7932357788, 83.5702819824, 185.551208496, 98.9923324585, 21.8646278381, 4.71087312698, -18.0262413025], [-11.1312856674, -141.067840576, -66.7445526123, 34.8447914124, -71.9822921753, -9.1699962616, 57.9930076599, 40.651096344, 98.9923324585, 177.636520386, 99.662147522, 19.5802783966, 6.01806926727], [-247.105545044, -165.161468506, 15.9736318588, 9.6540813446, -12.9824829102, -17.235294342, -0.274785816669, 17.9859733582, 21.8646278381, 99.662147522, 179.142120361, 90.2113494873, 30.7209720612], [-273.135986328, -131.509796143, 56.374961853, 14.1820268631, 35.4080085754, 3.95673561096, -13.0649700165, -1.46826171875, 4.71087312698, 19.5802783966, 90.2113494873, 143.160720825, 93.0487442017], [-148.830444336, -74.2748260498, -12.6044406891, 4.00457334518, 61.9816932678, -19.4801959991, -23.3012332916, 0.360938489437, -18.0262413025, 6.01806926727, 30.7209720612, 93.0487442017, 156.245223999]],
