{
"lowlevel": {
    "average_loudness": 0.92215937376,
    "barkbands_crest": {
        "dmean": 2.41373538971,
        "dmean2": 3.94495773315,
        "dvar": 6.06145000458,
        "dvar2": 15.5079212189,
        "max": 26.2960262299,
        "mean": 9.92207145691,
        "median": 9.18456840515,
        "min": 2.38349509239,
        "var": 14.4167423248
    },
    "barkbands_flatness_db": {
        "dmean": 0.021080346778,
        "dmean2": 0.0315764844418,
        "dvar": 0.00045970568317,
        "dvar2": 0.00105610117316,
        "max": 0.447954595089,
        "mean": 0.139597117901,
        "median": 0.132324069738,
        "min": 0.0250451620668,
        "var": 0.00296707008965
    },
    "barkbands_kurtosis": {
        "dmean": 3.69541859627,
        "dmean2": 5.78423643112,
        "dvar": 46.6587715149,
        "dvar2": 114.382209778,
        "max": 299.722564697,
        "mean": 7.24516677856,
        "median": 4.21109390259,
        "min": -1.92673897743,
        "var": 120.902687073
    },
    "barkbands_skewness": {
        "dmean": 0.559865772724,
        "dmean2": 0.850940525532,
        "dvar": 0.420337945223,
        "dvar2": 0.969054222107,
        "max": 15.864563942,
        "mean": 2.01222038269,
        "median": 1.90929567814,
        "min": -4.55141067505,
        "var": 1.5416687727
    },
    "barkbands_spread": {
        "dmean": 5.17377996445,
        "dmean2": 8.08257579803,
        "dvar": 76.7130126953,
        "dvar2": 162.125274658,
        "max": 113.909248352,
        "mean": 18.1962757111,
        "median": 14.843957901,
        "min": 0.761096954346,
        "var": 233.938980103
    },
    "dissonance": {
        "dmean": 0.0196676906198,
        "dmean2": 0.0325559005141,
        "dvar": 0.000342712999554,
        "dvar2": 0.000905891181901,
        "max": 0.500000238419,
        "mean": 0.454414814711,
        "median": 0.459232509136,
        "min": 0.231984362006,
        "var": 0.000789243145846
    },
    "dynamic_complexity": 2.93779325485,
    "erbbands_crest": {
        "dmean": 2.29242682457,
        "dmean2": 3.52325797081,
        "dvar": 5.28031635284,
        "dvar2": 12.0066585541,
        "max": 32.4215316772,
        "mean": 8.90471839905,
        "median": 7.73878002167,
        "min": 2.23732352257,
        "var": 19.1129226685
    },
    "erbbands_flatness_db": {
        "dmean": 0.0181577466428,
        "dmean2": 0.0256324838847,
        "dvar": 0.000390821165638,
        "dvar2": 0.000838538515382,
        "max": 0.427329003811,
        "mean": 0.139431476593,
        "median": 0.135020673275,
        "min": 0.0406877286732,
        "var": 0.00182669714559
    },
    "erbbands_kurtosis": {
        "dmean": 0.940609812737,
        "dmean2": 1.44572210312,
        "dvar": 3.09317779541,
        "dvar2": 7.47188472748,
        "max": 78.1463851929,
        "mean": 1.10812711716,
        "median": 0.0721027851105,
        "min": -1.859126091,
        "var": 28.1152572632
    },
    "erbbands_skewness": {
        "dmean": 0.313724696636,
        "dmean2": 0.457370370626,
        "dvar": 0.117576152086,
        "dvar2": 0.241774052382,
        "max": 6.80442523956,
        "mean": 0.593320131302,
        "median": 0.544910550117,
        "min": -3.96109104156,
        "var": 0.742005467415
    },
    "erbbands_spread": {
        "dmean": 8.31348991394,
        "dmean2": 12.7303380966,
        "dvar": 108.877342224,
        "dvar2": 266.747772217,
        "max": 169.665039062,
        "mean": 40.4603233337,
        "median": 37.8420524597,
        "min": 1.15061914921,
        "var": 335.091247559
    },
    "hfc": {
        "dmean": 7.5848197937,
        "dmean2": 10.4337463379,
        "dvar": 472.408721924,
        "dvar2": 917.634277344,
        "max": 867.409606934,
        "mean": 18.921585083,
        "median": 10.9119157791,
        "min": 1.15834031938e-16,
        "var": 981.799377441
    },
    "melbands_crest": {
        "dmean": 3.1323466301,
        "dmean2": 5.15150594711,
        "dvar": 9.10967636108,
        "dvar2": 24.2555179596,
        "max": 33.7956619263,
        "mean": 14.0536155701,
        "median": 13.4912652969,
        "min": 1.70719778538,
        "var": 23.0546550751
    },
    "melbands_flatness_db": {
        "dmean": 0.0250513013452,
        "dmean2": 0.0375465676188,
        "dvar": 0.000681702571455,
        "dvar2": 0.0015204292722,
        "max": 0.588993608952,
        "mean": 0.222181081772,
        "median": 0.215271800756,
        "min": 0.00436035031453,
        "var": 0.00485061714426
    },
    "melbands_kurtosis": {
        "dmean": 8.49455356598,
        "dmean2": 13.5444164276,
        "dvar": 271.505310059,
        "dvar2": 676.501342773,
        "max": 865.768371582,
        "mean": 17.9679431915,
        "median": 11.531247139,
        "min": -1.84411323071,
        "var": 570.074157715
    },
    "melbands_skewness": {
        "dmean": 0.736432254314,
        "dmean2": 1.14641082287,
        "dvar": 0.736717820168,
        "dvar2": 1.82423424721,
        "max": 18.5034770966,
        "mean": 3.02477455139,
        "median": 2.82054495811,
        "min": -2.19919610023,
        "var": 2.41974282265
    },
    "melbands_spread": {
        "dmean": 5.46724224091,
        "dmean2": 8.3097743988,
        "dvar": 134.76385498,
        "dvar2": 260.772796631,
        "max": 270.825042725,
        "mean": 17.3867397308,
        "median": 13.3458862305,
        "min": 0.382437050343,
        "var": 368.726257324
    },
    "pitch_salience": {
        "dmean": 0.0658993795514,
        "dmean2": 0.107695616782,
        "dvar": 0.0038835266605,
        "dvar2": 0.0104031814262,
        "max": 0.85376560688,
        "mean": 0.576566159725,
        "median": 0.584171891212,
        "min": 0.0937160775065,
        "var": 0.00959392264485
    },
    "silence_rate_20dB": {
        "dmean": 0,
        "dmean2": 0,
        "dvar": 0,
        "dvar2": 0,
        "max": 1,
        "mean": 1,
        "median": 1,
        "min": 1,
        "var": 0
    },
    "silence_rate_30dB": {
        "dmean": 0.00310398335569,
        "dmean2": 0.00620850222185,
        "dvar": 0.00309451995417,
        "dvar2": 0.00806665513664,
        "max": 1,
        "mean": 0.997758448124,
        "median": 1,
        "min": 0,
        "var": 0.0022367357742
    },
    "silence_rate_60dB": {
        "dmean": 0.0065528540872,
        "dmean2": 0.0131068378687,
        "dvar": 0.00651124818251,
        "dvar2": 0.0163822509348,
        "max": 1,
        "mean": 0.0370721630752,
        "median": 0,
        "min": 0,
        "var": 0.0356973670423
    },
    "spectral_centroid": {
        "dmean": 197.805511475,
        "dmean2": 297.873931885,
        "dvar": 90485.7890625,
        "dvar2": 163729.5,
        "max": 10501.7519531,
        "mean": 934.131469727,
        "median": 819.634094238,
        "min": 150.401062012,
        "var": 329825.8125
    },
    "spectral_complexity": {
        "dmean": 2.86066555977,
        "dmean2": 4.1760802269,
        "dvar": 11.3642110825,
        "dvar2": 20.2842235565,
        "max": 51,
        "mean": 15.9614620209,
        "median": 15,
        "min": 0,
        "var": 54.9181022644
    },
    "spectral_decrease": {
        "dmean": 2.85863022143e-09,
        "dmean2": 4.44825865031e-09,
        "dvar": 2.08555393482e-17,
        "dvar2": 5.14770774106e-17,
        "max": 1.05329911839e-18,
        "mean": -6.76539224642e-09,
        "median": -5.2393485106e-09,
        "min": -3.98018222825e-08,
        "var": 3.08395266236e-17
    },
    "spectral_energy": {
        "dmean": 0.0112421251833,
        "dmean2": 0.0173975694925,
        "dvar": 0.000313236261718,
        "dvar2": 0.000768748228438,
        "max": 0.154634475708,
        "mean": 0.027250347659,
        "median": 0.0214152988046,
        "min": 1.03073909843e-20,
        "var": 0.000482739560539
    },
    "spectral_energyband_high": {
        "dmean": 0.000514570856467,
        "dmean2": 0.00072442664532,
        "dvar": 4.48571563538e-06,
        "dvar2": 8.49101525091e-06,
        "max": 0.0823498144746,
        "mean": 0.000924811931327,
        "median": 0.000213834297028,
        "min": 7.62101935522e-21,
        "var": 9.24082451093e-06
    },
    "spectral_energyband_low": {
        "dmean": 0.00513904495165,
        "dmean2": 0.00863408483565,
        "dvar": 0.000156486785272,
        "dvar2": 0.000412904802943,
        "max": 0.133446976542,
        "mean": 0.00788404792547,
        "median": 0.00496916053817,
        "min": 2.73735144319e-23,
        "var": 0.00013536370534
    },
    "spectral_energyband_middle_high": {
        "dmean": 0.00131697708275,
        "dmean2": 0.00177172839176,
        "dvar": 5.54302641831e-06,
        "dvar2": 1.02391832115e-05,
        "max": 0.0493092872202,
        "mean": 0.00361432461068,
        "median": 0.00215450045653,
        "min": 1.39160576872e-21,
        "var": 2.03186118597e-05
    },
    "spectral_energyband_middle_low": {
        "dmean": 0.00706424564123,
        "dmean2": 0.0109053570777,
        "dvar": 0.00015037151752,
        "dvar2": 0.000367533240933,
        "max": 0.129104748368,
        "mean": 0.0165864806622,
        "median": 0.0123791890219,
        "min": 3.84988683721e-22,
        "var": 0.000241541798459
    },
    "spectral_entropy": {
        "dmean": 0.19619654119,
        "dmean2": 0.280734658241,
        "dvar": 0.0508287660778,
        "dvar2": 0.104948945343,
        "max": 9.80346870422,
        "mean": 7.33180189133,
        "median": 7.33318281174,
        "min": 4.56622362137,
        "var": 0.298921197653
    },
    "spectral_flux": {
        "dmean": 0.0280151106417,
        "dmean2": 0.042391333729,
        "dvar": 0.0012848690385,
        "dvar2": 0.00265442882665,
        "max": 0.326272547245,
        "mean": 0.0762910693884,
        "median": 0.0619537048042,
        "min": 1.01525322871e-10,
        "var": 0.00281907059252
    },
    "spectral_kurtosis": {
        "dmean": 1.7242538929,
        "dmean2": 2.78151416779,
        "dvar": 6.66745615005,
        "dvar2": 16.0496902466,
        "max": 76.7667160034,
        "mean": 5.68212080002,
        "median": 4.79510784149,
        "min": -1.26347076893,
        "var": 20.0453643799
    },
    "spectral_rms": {
        "dmean": 0.000937253236771,
        "dmean2": 0.00139042444061,
        "dvar": 1.47686125729e-06,
        "dvar2": 3.39419011652e-06,
        "max": 0.0122826257721,
        "mean": 0.0047751464881,
        "median": 0.0045708832331,
        "min": 3.17111831585e-12,
        "var": 3.78367644771e-06
    },
    "spectral_rolloff": {
        "dmean": 406.921417236,
        "dmean2": 674.643371582,
        "dvar": 1394877.75,
        "dvar2": 2800629.75,
        "max": 19035.3515625,
        "mean": 1229.13781738,
        "median": 667.529296875,
        "min": 86.1328125,
        "var": 4949172
    },
    "spectral_skewness": {
        "dmean": 0.219145581126,
        "dmean2": 0.341291934252,
        "dvar": 0.064490839839,
        "dvar2": 0.145399272442,
        "max": 6.73872804642,
        "mean": 1.8708255291,
        "median": 1.83000707626,
        "min": 0.0400074161589,
        "var": 0.310068100691
    },
    "spectral_spread": {
        "dmean": 750774.6875,
        "dmean2": 1103286.75,
        "dvar": 1.17324015206e+12,
        "dvar2": 2.46280486912e+12,
        "max": 40171252,
        "mean": 5119775,
        "median": 4784937,
        "min": 1034387.1875,
        "var": 4.00620519424e+12
    },
    "spectral_strongpeak": {
        "dmean": 0.414854943752,
        "dmean2": 0.700057566166,
        "dvar": 0.597677946091,
        "dvar2": 1.467461586,
        "max": 17.63139534,
        "mean": 0.741096794605,
        "median": 0.439888954163,
        "min": 0,
        "var": 0.982965350151
    },
    "zerocrossingrate": {
        "dmean": 0.0110906111076,
        "dmean2": 0.0128655815497,
        "dvar": 0.000352140545147,
        "dvar2": 0.00035254372051,
        "max": 0.525390625,
        "mean": 0.0560522787273,
        "median": 0.0439453125,
        "min": 0.0048828125,
        "var": 0.00302033359185
    },
    "barkbands": {
        "dmean": [0.000167918522493, 0.00350370840169, 0.00127827515826, 0.00222813570872, 0.00396814150736, 0.000936866505072, 0.000921507074963, 0.000758583541028, 0.000750314269681, 0.000396548188291, 0.000357109849574, 0.000331797869876, 0.000302314234432, 0.000158598690177, 0.000142709468491, 0.000104237929918, 0.000129917199956, 9.15137061384e-05, 8.56478727655e-05, 5.66357339267e-05, 6.9342313509e-05, 9.35334828682e-05, 6.51281152386e-05, 0.000104951082903, 0.000134228146635, 8.41814180603e-05, 1.72029413079e-05],
        "dmean2": [0.000263697933406, 0.00597407715395, 0.00222149351612, 0.00355335907079, 0.00650412170216, 0.00147496664431, 0.00143375678454, 0.00116401293781, 0.00105800107121, 0.000575192272663, 0.00053483969532, 0.000485015392769, 0.000429975858424, 0.000231569923926, 0.00021791443578, 0.000153550150571, 0.000195218730369, 0.000140039846883, 0.000131079519633, 8.80730585777e-05, 0.000104403261503, 0.000134526533657, 9.64186256169e-05, 0.000154143737745, 0.000203675750527, 0.00012227150728, 2.68752392003e-05],
        "dvar": [3.02545686282e-07, 0.000103252721601, 6.80640550854e-06, 1.22675355669e-05, 7.3388677265e-05, 4.80771859657e-06, 6.50436322758e-06, 4.47302090834e-06, 4.24032714363e-06, 1.02315073036e-06, 8.31885870411e-07, 1.43234217376e-06, 9.88763417809e-07, 2.69506756467e-07, 9.80751693191e-08, 4.05292013284e-08, 6.73196538514e-08, 3.75293964794e-08, 2.63196398009e-08, 3.35875824931e-08, 4.78420858485e-08, 1.11504114386e-07, 5.66818165737e-08, 3.92214190015e-07, 6.42758664071e-07, 1.95991233909e-07, 5.30376098595e-09],
        "dvar2": [7.92795219695e-07, 0.000272355566267, 1.948703175e-05, 3.09288880089e-05, 0.000191993283806, 1.163478737e-05, 1.48864246512e-05, 9.62513877312e-06, 8.57261875353e-06, 2.11751284951e-06, 1.68708254478e-06, 2.99940484183e-06, 1.82766802936e-06, 5.94837899826e-07, 2.1666055261e-07, 9.39665483202e-08, 1.56216245273e-07, 8.63874163315e-08, 6.02500449531e-08, 7.58164873105e-08, 1.0329779343e-07, 2.07489605941e-07, 1.21348620041e-07, 8.64045318849e-07, 1.38103882819e-06, 3.63459747632e-07, 1.12902549532e-08],
        "max": [0.0164894163609, 0.10611205548, 0.0458081439137, 0.0691631287336, 0.101274400949, 0.0867888405919, 0.0616438835859, 0.0684823989868, 0.0849277898669, 0.0527635253966, 0.0359324738383, 0.0454386696219, 0.0317875593901, 0.0180941782892, 0.0079695135355, 0.00633641984314, 0.00669420603663, 0.00540789030492, 0.00476317247376, 0.0124901030213, 0.007832438685, 0.0119864633307, 0.0162060018629, 0.0295203588903, 0.0317318327725, 0.0191175229847, 0.00254620821215],
        "mean": [0.000161509771715, 0.00420643016696, 0.00191424705554, 0.00413950718939, 0.00660481024534, 0.00158023578115, 0.00135266711004, 0.00108643027488, 0.00151309918147, 0.000756288180128, 0.000600664992817, 0.000564477406442, 0.00051576748956, 0.000268984469585, 0.000242624402745, 0.000204113675863, 0.000250661658356, 0.000156418420374, 0.000161662828759, 0.000100726538221, 0.000113041773147, 0.000159809394972, 0.000109845663246, 0.000159600676852, 0.000190885039046, 0.000116317794891, 1.95560314751e-05],
        "median": [1.37741772051e-05, 0.00157314795069, 0.00117982528172, 0.00267212605104, 0.00366511754692, 0.000760416616686, 0.000517381879035, 0.000376625626814, 0.000605922949035, 0.00026622848236, 0.000255148333963, 0.000153635017341, 0.0001131116951, 8.4570798208e-05, 9.09054360818e-05, 0.000103088452306, 0.000123895981233, 5.67516508454e-05, 9.14604243007e-05, 5.11517391715e-05, 3.08423404931e-05, 2.8973670851e-05, 2.49488239206e-05, 2.77336221188e-05, 2.22527596634e-05, 9.74886370386e-06, 1.41858572533e-06],
        "min": [1.37527476001e-24, 1.69159403988e-23, 5.02580206159e-24, 9.07870906851e-24, 8.7259180077e-23, 3.37702928491e-23, 1.33334166346e-22, 3.73621627217e-23, 3.33639537522e-23, 1.22499584643e-22, 4.78272262003e-23, 3.98639246421e-23, 4.1080035769e-23, 1.33611870629e-22, 1.93147922587e-22, 9.08628860186e-23, 1.44642720926e-22, 1.99548702106e-22, 2.48156329468e-22, 2.74852341755e-22, 4.22320080867e-22, 3.65698876265e-22, 5.67567826553e-22, 8.55655840659e-22, 1.49150388258e-21, 1.57060777445e-21, 2.4119150809e-21],
        "var": [2.59334541397e-07, 8.23653681437e-05, 6.50309857519e-06, 2.38229695242e-05, 8.49707357702e-05, 8.79026083567e-06, 8.93802734936e-06, 7.599181572e-06, 1.35455020427e-05, 2.77554454442e-06, 1.65141841535e-06, 2.84931684291e-06, 2.64373102254e-06, 5.09076983235e-07, 2.20973603859e-07, 8.68431584422e-08, 1.4175519425e-07, 7.71393260379e-08, 4.90785687646e-08, 4.2908826714e-08, 8.56356692225e-08, 2.84491704861e-07, 1.3688881495e-07, 5.81871972827e-07, 9.73548480943e-07, 3.38691592106e-07, 7.68410224339e-09]
    },
    "erbbands": {
        "dmean": [0.115455791354, 0.747398614883, 1.47371649742, 4.1373963356, 12.3971261978, 14.1313762665, 6.316177845, 8.63319015503, 12.6080207825, 16.0962409973, 13.8475856781, 19.707490921, 10.7949714661, 10.7830162048, 15.2768421173, 14.1278495789, 13.8725938797, 8.99659538269, 6.55348491669, 7.45245599747, 5.69465446472, 5.99803638458, 4.97928094864, 4.61088514328, 3.91770410538, 2.6483476162, 2.61764264107, 3.10750818253, 3.44573020935, 2.30381441116, 1.93116974831, 1.83787274361, 2.00527429581, 1.53176426888, 0.961736142635, 0.444717526436, 0.149166673422, 0.0267246309668, 0.00290142185986, 0.000138764997246],
        "dmean2": [0.190464809537, 1.30208158493, 2.58133196831, 6.71177148819, 20.3922805786, 22.9929027557, 9.78951835632, 13.7037582397, 19.4463348389, 25.450296402, 20.8419513702, 27.6075553894, 15.7203006744, 15.7093982697, 22.6428413391, 19.9000377655, 19.5470600128, 12.8482532501, 9.70950984955, 11.463768959, 8.24485492706, 8.84390449524, 7.52310180664, 6.98185491562, 6.07147789001, 4.10213565826, 3.95762205124, 4.63329219818, 4.9809794426, 3.43019318581, 2.84681248665, 2.6933991909, 2.98203492165, 2.31639623642, 1.47588682175, 0.654680252075, 0.217590913177, 0.040634997189, 0.0045283860527, 0.00021325997659],
        "dvar": [0.120056003332, 4.65052366257, 11.0970335007, 39.8356056213, 580.704406738, 925.98223877, 235.514007568, 395.594360352, 1062.5189209, 1683.50561523, 2180.65917969, 3119.97485352, 884.937988281, 902.454650879, 1425.69421387, 2614.30004883, 1935.67272949, 785.83782959, 282.869476318, 212.339706421, 95.5622329712, 146.238204956, 108.405014038, 73.0904541016, 68.6595458984, 88.4366378784, 41.8754043579, 126.582771301, 164.734390259, 61.2115135193, 63.2188644409, 67.3376312256, 175.126174927, 103.413208008, 28.4742984772, 5.24116277695, 0.634453356266, 0.0177967138588, 0.000147375380038, 3.68614109902e-07],
        "dvar2": [0.303278774023, 12.7465372086, 31.7956771851, 104.927871704, 1539.38867188, 2367.390625, 506.132202148, 982.716918945, 2501.99414062, 4061.60522461, 4310.49414062, 6422.34863281, 1733.98193359, 1880.89245605, 3025.6953125, 4746.29443359, 3544.24389648, 1665.45092773, 612.858947754, 489.550109863, 216.354980469, 329.510131836, 249.255630493, 166.698150635, 163.90953064, 193.947845459, 95.419128418, 266.750701904, 315.426116943, 119.102355957, 137.391464233, 136.420623779, 390.76940918, 221.67300415, 61.3687362671, 10.2933263779, 1.20912182331, 0.0345862805843, 0.000305007852148, 8.49933314839e-07],
        "max": [3.94894599915, 24.1854400635, 50.0684242249, 135.620651245, 283.491760254, 496.573120117, 710.689025879, 513.555297852, 723.33770752, 990.18157959, 1880.95861816, 2464.60205078, 2097.24072266, 965.062988281, 1258.94543457, 2343.65209961, 1559.22509766, 990.465332031, 459.696960449, 366.87600708, 206.415237427, 285.082977295, 271.948699951, 191.803482056, 273.145294189, 678.846313477, 223.565628052, 353.910095215, 477.656311035, 311.766693115, 627.587768555, 321.795135498, 622.740966797, 406.311523438, 211.683883667, 90.2329101562, 32.0855026245, 5.74562120438, 0.409918367863, 0.0328021347523],
        "mean": [0.111060060561, 0.96045601368, 2.32263612747, 7.98308229446, 19.658208847, 23.2633533478, 13.252743721, 13.8394012451, 18.9719486237, 23.0002422333, 24.2825870514, 40.1411399841, 21.7013053894, 21.2012825012, 27.553155899, 26.2567253113, 24.867931366, 16.4712562561, 11.8123636246, 13.1930999756, 12.3070363998, 12.168129921, 9.05134773254, 8.87926769257, 7.04544496536, 4.64468860626, 4.62433671951, 5.00859022141, 5.79874324799, 4.01257801056, 3.17433285713, 2.9359254837, 2.9415769577, 2.16489958763, 1.33399140835, 0.627351880074, 0.193365201354, 0.0325191393495, 0.00336375646293, 0.000180353221367],
        "median": [0.0286326166242, 0.402032494545, 1.52260363102, 5.43861913681, 11.9061164856, 11.937748909, 7.48974227905, 6.92024183273, 7.3787856102, 9.36391544342, 9.60471343994, 16.4420871735, 8.91845226288, 7.62663173676, 13.2321929932, 7.38694238663, 6.41507863998, 5.07813835144, 4.55271100998, 6.3491024971, 7.21374702454, 6.09563350677, 3.95556974411, 4.83909749985, 3.75760197639, 2.21506237984, 1.98047530651, 1.11961889267, 1.01586198807, 0.789082705975, 0.716395318508, 0.612149178982, 0.444640278816, 0.241960436106, 0.151064500213, 0.0614376589656, 0.0137441484258, 0.00232562422752, 0.000258677377133, 4.11540495406e-05],
        "min": [6.11236995321e-22, 3.25942947312e-21, 5.74464576177e-21, 1.96127851346e-20, 5.08119214209e-20, 4.33946238874e-19, 3.27890439859e-19, 4.98593764167e-19, 2.04965305546e-18, 8.01801056999e-19, 8.85635295093e-19, 6.9096169835e-19, 3.8457826978e-18, 1.74839408317e-18, 2.46042784573e-18, 1.94386554731e-18, 2.40724261388e-18, 5.55972987833e-18, 5.45224023927e-18, 1.16317988845e-17, 6.22063023056e-18, 8.9918436877e-18, 1.23037102514e-17, 1.09606245354e-17, 1.33163017439e-17, 1.21562810237e-17, 1.12709694664e-17, 1.86845178037e-17, 1.27272424415e-17, 1.98073294585e-17, 1.47004669035e-17, 1.50722812801e-17, 1.6070562548e-17, 1.76615303053e-17, 9.49730977179e-18, 6.07810742461e-18, 2.96454934774e-18, 1.27500037636e-18, 2.89348631301e-19, 3.79481125977e-20],
        "var": [0.0998913571239, 3.52758860588, 9.20763015747, 72.4537277222, 654.461242676, 1188.71105957, 719.941955566, 506.124542236, 1465.41992188, 2225.40014648, 5345.42529297, 8770.52929688, 2483.33666992, 2471.13842773, 2697.65869141, 6505.93652344, 5132.86328125, 1758.93005371, 619.092834473, 428.261962891, 243.152755737, 312.829071045, 213.913375854, 152.723526001, 112.18132782, 113.553077698, 71.983505249, 243.19833374, 407.992858887, 151.933959961, 137.456054688, 141.438598633, 237.191604614, 152.198043823, 42.6311035156, 8.91485214233, 1.04085242748, 0.0274078641087, 0.000224414427066, 4.59056224145e-07]
    },
    "gfcc": {
        "mean": [-10.0670690536, 95.6636886597, -92.9405975342, 24.3632793427, -54.4469985962, 9.95966053009, -39.3734474182, 6.7337141037, -29.4522190094, -5.15542125702, -19.9561576843, -2.99775838852, -13.4693899155],
        "cov": [[15455.3222656, -731.797546387, -659.919311523, -317.174865723, -788.477661133, 122.359718323, -397.323669434, 268.610809326, -152.242279053, 174.312561035, -164.122116089, 239.167251587, -92.6357345581], [-731.797546387, 1568.74621582, -395.134338379, 64.1494216919, 176.842102051, -82.0665054321, 126.799102783, 15.2882375717, 82.920501709, -123.528831482, 102.358840942, -140.732254028, 81.6876220703], [-659.919311523, -395.134338379, 702.528381348, 91.5651626587, 65.2921447754, 26.8285236359, 1.45035171509, -2.09961271286, 4.26840782166, 37.1472053528, -16.4659404755, 63.8925514221, -24.3211135864], [-317.174865723, 64.1494216919, 91.5651626587, 240.78616333, 44.4317245483, 4.96875238419, 21.5273075104, -10.9939727783, 26.253988266, -8.97219848633, 7.9501543045, -2.84741616249, 14.0739831924], [-788.477661133, 176.842102051, 65.2921447754, 44.4317245483, 235.037597656, 35.3166351318, 56.756072998, -2.47226071358, 26.0747089386, 9.97670841217, 33.1757316589, -14.6552314758, 2.42745780945], [122.359718323, -82.0665054321, 26.8285236359, 4.96875238419, 35.3166351318, 132.487503052, 40.2057304382, 4.60640716553, -10.5226240158, 32.2451858521, 17.1059036255, 7.84852838516, -9.68952465057], [-397.323669434, 126.799102783, 1.45035171509, 21.5273075104, 56.756072998, 40.2057304382, 141.839935303, 31.0155773163, 13.0654478073, 4.88007259369, 30.5055580139, -18.9127616882, 13.8480377197], [268.610809326, 15.2882375717, -2.09961271286, -10.9939727783, -2.47226071358, 4.60640716553, 31.0155773163, 113.980300903, 32.9936752319, 8.8569278717, -2.86368536949, 9.18658638, 16.6460285187], [-152.242279053, 82.920501709, 4.26840782166, 26.253988266, 26.0747089386, -10.5226240158, 13.0654478073, 32.9936752319, 109.226074219, 11.0476703644, 1.25386106968, -1.33409523964, 13.1704645157], [174.312561035, -123.528831482, 37.1472053528, -8.97219848633, 9.97670841217, 32.2451858521, 4.88007259369, 8.8569278717, 11.0476703644, 91.2373123169, 25.7760314941, 17.0546264648, -8.94222545624], [-164.122116089, 102.358840942, -16.4659404755, 7.9501543045, 33.1757316589, 17.1059036255, 30.5055580139, -2.86368536949, 1.25386106968, 25.7760314941, 89.0293502808, 11.9912042618, 0.191624030471], [239.167251587, -140.732254028, 63.8925514221, -2.84741616249, -14.6552314758, 7.84852838516, -18.9127616882, 9.18658638, -1.33409523964, 17.0546264648, 11.9912042618, 93.235244751, 7.09720849991], [-92.6357345581, 81.6876220703, -24.3211135864, 14.0739831924, 2.42745780945, -9.68952465057, 13.8480377197, 16.6460285187, 13.1704645157, -8.94222545624, 0.191624030471, 7.09720849991, 71.9011001587]],
        "icov": [[0.000108455365989, -7.75113003328e-05, 9.55820432864e-05, -1.84473337868e-05, 0.000299481733236, -0.000228711316595, 0.000269515905529, -0.000331560848281, 0.000184995544259, -0.00030831026379, 0.000264070753474, -0.000298063707305, 0.000204141906579], [-7.75113003328e-05, 0.00151677755639, 0.000512639351655, -0.000126394894323, -0.00106982886791, 0.000887323752977, -0.000598842627369, 0.000153435146785, -0.000912767427508, 0.00209071277641, -0.00216436665505, 0.00172230892349, -0.00112645910122], [9.55820432864e-05, 0.000512639351655, 0.00210325163789, -0.000778711342718, -0.00064119847957, 0.000166074416484, -0.000133470515721, -0.000297621940263, 5.70751835767e-05, -0.000257443462033, 0.000510883051902, -0.00111319182906, 0.000609281938523], [-1.84473337868e-05, -0.000126394894323, -0.000778711342718, 0.0048446408473, -0.00034324650187, -0.00024724638206, -0.000381950987503, 0.00102188135497, -0.00122479500715, 0.000810236495454, -0.000379705656087, 0.000284414098132, -0.000978557160124], [0.000299481733236, -0.00106982886791, -0.00064119847957, -0.00034324650187, 0.00672414014116, -0.00203469954431, -0.000372294947738, -0.000142191114719, -0.000343538529705, -0.00159504485782, 0.000248712254688, -0.000607082212809, 0.000978810363449], [-0.000228711316595, 0.000887323752977, 0.000166074416484, -0.00024724638206, -0.00203469954431, 0.0104918833822, -0.00352545292117, 0.000649314722978, 0.000912673887797, -0.00164773373399, -0.000985730206594, 0.000231754820561, 0.000420724914875], [0.000269515905529, -0.000598842627369, -0.000133470515721, -0.000381950987503, -0.000372294947738, -0.00352545292117, 0.0110782617703, -0.00369655666873, 0.00064805423608, -0.000159907140187, -0.00209597102366, 0.00171735300682, -0.000985701917671], [-0.000331560848281, 0.000153435146785, -0.000297621940263, 0.00102188135497, -0.000142191114719, 0.000649314722978, -0.00369655666873, 0.0120560061187, -0.00367588899098, 1.59916071425e-05, 0.000793613726273, -0.000691579072736, -0.00214758957736], [0.000184995544259, -0.000912767427508, 5.70751835767e-05, -0.00122479500715, -0.000343538529705, 0.000912673887797, 0.00064805423608, -0.00367588899098, 0.0119424825534, -0.003567840904, 0.00212315912358, -0.00100470567122, -0.000142582939588], [-0.00030831026379, 0.00209071277641, -0.000257443462033, 0.000810236495454, -0.00159504485782, -0.00164773373399, -0.000159907140187, 1.59916071425e-05, -0.003567840904, 0.0174687989056, -0.00736642861739, 0.0017397106858, -0.000485271826619], [0.000264070753474, -0.00216436665505, 0.000510883051902, -0.000379705656087, 0.000248712254688, -0.000985730206594, -0.00209597102366, 0.000793613726273, 0.00212315912358, -0.00736642861739, 0.0180566683412, -0.00581033946946, 0.00234537408687], [-0.000298063707305, 0.00172230892349, -0.00111319182906, 0.000284414098132, -0.000607082212809, 0.000231754820561, 0.00171735300682, -0.000691579072736, -0.00100470567122, 0.0017397106858, -0.00581033946946, 0.0158854853362, -0.0040440284647], [0.000204141906579, -0.00112645910122, 0.000609281938523, -0.000978557160124, 0.000978810363449, 0.000420724914875, -0.000985701917671, -0.00214758957736, -0.000142582939588, -0.000485271826619, 0.00234537408687, -0.0040440284647, 0.0169178079814]]
    },
    "melbands": {
        "dmean": [0.000994630390778, 0.000833153666463, 0.000917697383557, 0.00103752862196, 0.00027433258947, 0.000192133928067, 0.000191685961909, 0.000176750909304, 0.000118912255857, 0.000115262708277, 5.35993967787e-05, 4.50632796856e-05, 5.13080449309e-05, 4.29558458563e-05, 3.1414849218e-05, 2.69088741334e-05, 1.74160832103e-05, 1.08147623905e-05, 8.83995380718e-06, 1.00568540802e-05, 7.05290040059e-06, 7.27928772903e-06, 5.27595693711e-06, 4.91887021781e-06, 3.91189314541e-06, 3.3716210055e-06, 2.1484345325e-06, 1.77750837338e-06, 1.73266539605e-06, 1.71618228251e-06, 2.01388434107e-06, 2.10003508982e-06, 1.79205449058e-06, 1.12326267754e-06, 1.08322831238e-06, 1.26059637751e-06, 1.15643319987e-06, 1.4033238358e-06, 1.45806131968e-06, 1.31752483412e-06],
        "dmean2": [0.00167493661866, 0.00145868735854, 0.00147608551197, 0.00170654628891, 0.000425942271249, 0.000303753622575, 0.000295709498459, 0.000279849686194, 0.000176545741851, 0.000162575539434, 7.86119708209e-05, 6.60337682348e-05, 7.67548335716e-05, 6.26368419034e-05, 4.44585311925e-05, 3.79887060262e-05, 2.54344413406e-05, 1.61500011018e-05, 1.3533868696e-05, 1.51879557961e-05, 1.03650290839e-05, 1.07677678898e-05, 8.01778696768e-06, 7.58198393669e-06, 6.03128501098e-06, 5.28056352778e-06, 3.36829884873e-06, 2.79619666799e-06, 2.65472999672e-06, 2.64138520834e-06, 3.06369543068e-06, 3.13275177177e-06, 2.65610765382e-06, 1.71658803083e-06, 1.61714206115e-06, 1.89620050151e-06, 1.71838951246e-06, 2.08743404073e-06, 2.20011543206e-06, 2.04462730835e-06],
        "dvar": [8.69908762979e-06, 4.40463372797e-06, 1.93850473806e-06, 5.28856844539e-06, 3.02732587443e-07, 1.91484716083e-07, 2.58670070252e-07, 1.89844641341e-07, 1.47647625681e-07, 1.07567245777e-07, 2.26652048241e-08, 1.6358061572e-08, 1.65468581059e-08, 2.03146850453e-08, 8.4878220008e-09, 1.0752373214e-08, 3.44670314512e-09, 7.67299057625e-10, 3.27551458179e-10, 3.6879532761e-10, 1.78745546142e-10, 2.32261071487e-10, 1.32567623545e-10, 1.2546519379e-10, 5.66279662051e-11, 5.33552438342e-11, 5.18292700424e-11, 3.15807657802e-11, 1.36993237934e-11, 3.17608439548e-11, 5.89889526115e-11, 6.76765588015e-11, 3.88488859138e-11, 1.43881130968e-11, 1.86378707606e-11, 2.85528198307e-11, 3.36765511311e-11, 7.25254370448e-11, 1.07169537134e-10, 8.00854035865e-11],
        "dvar2": [2.25600670092e-05, 1.24083189803e-05, 4.90326010549e-06, 1.39097273859e-05, 6.85780491949e-07, 4.73182581118e-07, 5.98021870246e-07, 4.60135396452e-07, 2.82995671341e-07, 2.28781942724e-07, 4.49595880525e-08, 3.46917303773e-08, 3.38172263525e-08, 4.31108198029e-08, 1.58152992924e-08, 1.88938571455e-08, 7.60405871603e-09, 1.70521641252e-09, 7.57697071752e-10, 8.47301062645e-10, 4.1150358121e-10, 5.18552811801e-10, 3.07993269777e-10, 2.93950142005e-10, 1.32562308353e-10, 1.29993876774e-10, 1.23588320133e-10, 6.91275647835e-11, 3.19215175126e-11, 7.39954278406e-11, 1.27864316357e-10, 1.37258357458e-10, 7.5905073893e-11, 2.93350656266e-11, 4.02082013518e-11, 6.5322317e-11, 7.16318115934e-11, 1.60113311498e-10, 2.42226072533e-10, 1.77247688748e-10],
        "max": [0.0321116149426, 0.0251101758331, 0.0253041107208, 0.0260703936219, 0.0205985121429, 0.0118537424132, 0.0123933106661, 0.00918717589229, 0.0149153266102, 0.0135355358943, 0.0103455306962, 0.00431640306488, 0.00486313644797, 0.00485556852072, 0.00299984938465, 0.00433143600821, 0.0019825398922, 0.000681096047629, 0.000424837548053, 0.000578936713282, 0.00033192007686, 0.000349139823811, 0.000276683713309, 0.000400726130465, 0.000174127635546, 0.000294561090413, 0.000438904593466, 0.000392049085349, 7.29543535272e-05, 0.000241335786995, 0.000258548156125, 0.000273226934951, 0.000270627264399, 0.000140342788654, 0.000316427584039, 0.000362465769285, 0.000266042508883, 0.0003982441267, 0.000452930515166, 0.000402542063966],
        "mean": [0.00108111836016, 0.00125758373179, 0.00175961025525, 0.00167917553335, 0.000570958829485, 0.000310040399199, 0.000286489666905, 0.000247392774327, 0.000224119605264, 0.000230116973398, 0.000101259916846, 8.42216832098e-05, 8.87250134838e-05, 7.4425341154e-05, 5.68188588659e-05, 4.64714794361e-05, 2.98133145407e-05, 1.86170746019e-05, 1.50062387547e-05, 1.80746901606e-05, 1.41965765579e-05, 1.4222138816e-05, 8.70654275786e-06, 8.31891520647e-06, 7.02298530086e-06, 5.6942089941e-06, 3.59827072316e-06, 2.96738380712e-06, 3.03741330754e-06, 2.62441812993e-06, 3.00992269331e-06, 3.37508049597e-06, 2.94264987133e-06, 1.87987177469e-06, 1.70557018464e-06, 1.93568939721e-06, 1.75229990873e-06, 2.031297754e-06, 2.01865236704e-06, 1.78128402695e-06],
        "median": [0.000366755994037, 0.000773617124651, 0.00121000711806, 0.000951596128289, 0.000337503006449, 0.000151757107233, 0.000109692948172, 9.85554215731e-05, 8.93782198546e-05, 9.34673153097e-05, 3.59631194442e-05, 2.63844140136e-05, 4.01456127292e-05, 2.4493514502e-05, 1.61252628459e-05, 9.73324858933e-06, 8.43769339554e-06, 6.87152032697e-06, 5.85604720982e-06, 8.73706994753e-06, 7.38256903787e-06, 6.19053116679e-06, 3.77299079446e-06, 3.08520634462e-06, 3.67218626707e-06, 2.90889306598e-06, 1.75191041762e-06, 1.38494044677e-06, 1.40537156312e-06, 7.5655668752e-07, 5.66875769437e-07, 5.56829775178e-07, 5.20604942267e-07, 3.88581582911e-07, 3.8223194565e-07, 4.08341122693e-07, 3.33951362563e-07, 3.22222973637e-07, 2.33616475498e-07, 1.77931326562e-07],
        "min": [5.05072336088e-24, 3.49149363334e-24, 3.69396701201e-24, 1.56617067798e-23, 1.53282442311e-23, 1.15147833302e-23, 2.88941542673e-23, 8.19302889781e-24, 6.33423989115e-24, 4.42928201114e-24, 2.00012116867e-23, 7.41283757394e-24, 7.93001399454e-24, 4.91600169548e-24, 5.2523076933e-24, 5.41880112609e-24, 1.06810646384e-23, 8.75849149442e-24, 1.34421756255e-23, 1.08799767046e-23, 6.24498974605e-24, 7.83613481366e-24, 1.21203618704e-23, 1.0029900982e-23, 8.85418189995e-24, 8.13119876892e-24, 1.08880033643e-23, 7.6586789753e-24, 6.37227245311e-24, 7.65830742182e-24, 1.27556741559e-23, 6.44843421249e-24, 8.31144086399e-24, 1.17836847135e-23, 8.0199125833e-24, 1.03379969194e-23, 7.54545771388e-24, 1.01147808376e-23, 1.35917578526e-23, 1.61468893687e-23],
        "var": [6.95460857969e-06, 3.46005140273e-06, 3.50761206391e-06, 5.76687898501e-06, 8.19079389203e-07, 2.6331778713e-07, 3.6050619201e-07, 2.47965601829e-07, 4.58014710603e-07, 2.7946768455e-07, 6.13324644405e-08, 4.35715676872e-08, 3.21282875859e-08, 3.80557523272e-08, 2.12338200356e-08, 3.20199156079e-08, 6.6087335604e-09, 1.53756163357e-09, 6.81147527271e-10, 7.58613283303e-10, 4.2357783947e-10, 5.23722898382e-10, 2.13635401036e-10, 2.53254250904e-10, 1.05821768015e-10, 7.94353263722e-11, 5.97453059248e-11, 4.23342610967e-11, 2.42617436558e-11, 4.84441792237e-11, 1.06513110831e-10, 1.51172796503e-10, 9.34032087785e-11, 3.31423291589e-11, 3.81355433343e-11, 6.04229999368e-11, 6.08440242633e-11, 1.01892203008e-10, 1.43424300214e-10, 1.09899991885e-10]
    },
    "mfcc": {
        "mean": [-658.031188965, 131.720535278, 15.7326831818, 20.4670352936, 6.63955354691, 1.28680145741, 1.21054720879, 4.5432009697, -2.47442865372, -2.47196149826, -5.36473417282, -2.4987680912, -3.59594941139],
        "cov": [[8388.84667969, -152.55355835, -268.744903564, -368.516387939, -268.806640625, -153.485580444, -189.150482178, -39.679485321, -41.1515312195, -122.031829834, 2.31330990791, -22.8969783783, -15.9394884109], [-152.55355835, 1259.83972168, -279.741638184, 78.3064346313, 28.1495914459, -44.5485420227, 69.8993988037, 68.3589096069, 4.21213579178, 89.4997940063, -41.499912262, 24.2103939056, 24.2950935364], [-268.744903564, -279.741638184, 506.649841309, 79.4280395508, 60.0918045044, 35.64585495, -8.32534790039, 11.2232484818, 12.4561281204, -34.7350234985, 27.507314682, -8.96333694458, 5.1756734848], [-368.516387939, 78.3064346313, 79.4280395508, 209.374847412, 58.3160667419, 20.2627506256, 9.60720825195, 25.9740524292, 21.3548088074, 11.5889081955, -6.6817317009, 7.6334066391, 12.7146854401], [-268.806640625, 28.1495914459, 60.0918045044, 58.3160667419, 155.506332397, 43.9796638489, 3.00084400177, 10.6874580383, 5.85458564758, 12.3394184113, 11.4292297363, 7.70984363556, 11.3481903076], [-153.485580444, -44.5485420227, 35.64585495, 20.2627506256, 43.9796638489, 145.259689331, 48.8415603638, -0.965332210064, -12.3981142044, 8.67356681824, 21.0806179047, 7.79444932938, 8.72063922882], [-189.150482178, 69.8993988037, -8.32534790039, 9.60720825195, 3.00084400177, 48.8415603638, 161.254943848, 15.5547199249, -6.83991336823, 29.577878952, 8.35844993591, 12.6200695038, 9.5681476593], [-39.679485321, 68.3589096069, 11.2232484818, 25.9740524292, 10.6874580383, -0.965332210064, 15.5547199249, 98.8526992798, 26.4491291046, 7.19107437134, 2.47126841545, 3.32554578781, 5.47360658646], [-41.1515312195, 4.21213579178, 12.4561281204, 21.3548088074, 5.85458564758, -12.3981142044, -6.83991336823, 26.4491291046, 104.554016113, 30.8249588013, -7.44178342819, 1.90027236938, 2.15362262726], [-122.031829834, 89.4997940063, -34.7350234985, 11.5889081955, 12.3394184113, 8.67356681824, 29.577878952, 7.19107437134, 30.8249588013, 105.445617676, 9.65459060669, 6.0704741478, 2.42199873924], [2.31330990791, -41.499912262, 27.507314682, -6.6817317009, 11.4292297363, 21.0806179047, 8.35844993591, 2.47126841545, -7.44178342819, 9.65459060669, 92.9370498657, 21.2818012238, -3.52810025215], [-22.8969783783, 24.2103939056, -8.96333694458, 7.6334066391, 7.70984363556, 7.79444932938, 12.6200695038, 3.32554578781, 1.90027236938, 6.0704741478, 21.2818012238, 74.507850647, 23.5785884857], [-15.9394884109, 24.2950935364, 5.1756734848, 12.7146854401, 11.3481903076, 8.72063922882, 9.5681476593, 5.47360658646, 2.15362262726, 2.42199873924, -3.52810025215, 23.5785884857, 73.7566146851]],
