{
"lowlevel": {
    "average_loudness": 0.740891218185,
    "barkbands_crest": {
        "dmean": 2.27335143089,
        "dmean2": 3.73621368408,
        "dvar": 4.28799295425,
        "dvar2": 11.7052526474,
        "max": 25.3372688293,
        "mean": 11.5799598694,
        "median": 11.1566343307,
        "min": 3.04465484619,
        "var": 10.8166904449
    },
    "barkbands_flatness_db": {
        "dmean": 0.0278179328889,
        "dmean2": 0.0438789278269,
        "dvar": 0.000758401700296,
        "dvar2": 0.00187956250738,
        "max": 0.755895078182,
        "mean": 0.288542002439,
        "median": 0.262196719646,
        "min": 0.0335467010736,
        "var": 0.016585573554
    },
    "barkbands_kurtosis": {
        "dmean": 6.30286312103,
        "dmean2": 10.1934022903,
        "dvar": 84.3226623535,
        "dvar2": 219.47354126,
        "max": 211.652069092,
        "mean": 15.4657430649,
        "median": 10.3705711365,
        "min": -1.73677623272,
        "var": 287.12902832
    },
    "barkbands_skewness": {
        "dmean": 0.629157185555,
        "dmean2": 1.00509679317,
        "dvar": 0.420331776142,
        "dvar2": 1.0806453228,
        "max": 11.3982868195,
        "mean": 2.56031084061,
        "median": 2.39359378815,
        "min": -1.65817344189,
        "var": 2.31277060509
    },
    "barkbands_spread": {
        "dmean": 2.61341285706,
        "dmean2": 4.17421913147,
        "dvar": 31.7283382416,
        "dvar2": 75.9252548218,
        "max": 86.1091384888,
        "mean": 6.51163339615,
        "median": 3.82412719727,
        "min": 0.498894780874,
        "var": 57.5629348755
    },
    "dissonance": {
        "dmean": 0.027582090348,
        "dmean2": 0.0459475852549,
        "dvar": 0.00073023349978,
        "dvar2": 0.00199722964317,
        "max": 0.500000238419,
        "mean": 0.40725722909,
        "median": 0.429740846157,
        "min": 0.0907174125314,
        "var": 0.00511926086619
    },
    "dynamic_complexity": 3.50386571884,
    "erbbands_crest": {
        "dmean": 2.42522549629,
        "dmean2": 3.94048428535,
        "dvar": 5.06350946426,
        "dvar2": 13.900970459,
        "max": 29.389383316,
        "mean": 10.9681482315,
        "median": 10.1346139908,
        "min": 2.74474668503,
        "var": 19.5306549072
    },
    "erbbands_flatness_db": {
        "dmean": 0.019874451682,
        "dmean2": 0.0297346562147,
        "dvar": 0.000449545652373,
        "dvar2": 0.00095487589715,
        "max": 0.548659443855,
        "mean": 0.225586146116,
        "median": 0.202329143882,
        "min": 0.0409060008824,
        "var": 0.0104527026415
    },
    "erbbands_kurtosis": {
        "dmean": 1.67671084404,
        "dmean2": 2.65401315689,
        "dvar": 4.38480997086,
        "dvar2": 10.7471046448,
        "max": 39.064239502,
        "mean": 3.13954091072,
        "median": 1.92338943481,
        "min": -1.78135848045,
        "var": 18.982624054
    },
    "erbbands_skewness": {
        "dmean": 0.385615587234,
        "dmean2": 0.610702395439,
        "dvar": 0.125422164798,
        "dvar2": 0.322712749243,
        "max": 5.56420135498,
        "mean": 1.35562980175,
        "median": 1.29415738583,
        "min": -2.34509134293,
        "var": 0.735756158829
    },
    "erbbands_spread": {
        "dmean": 7.47211456299,
        "dmean2": 11.5144891739,
        "dvar": 130.900848389,
        "dvar2": 298.569763184,
        "max": 153.371932983,
        "mean": 28.125869751,
        "median": 25.1919059753,
        "min": 1.14583063126,
        "var": 405.605926514
    },
    "hfc": {
        "dmean": 5.69500255585,
        "dmean2": 9.23695278168,
        "dvar": 290.036682129,
        "dvar2": 745.043334961,
        "max": 192.920700073,
        "mean": 12.3759384155,
        "median": 6.38623857498,
        "min": 1.20624453241e-16,
        "var": 362.195251465
    },
    "melbands_crest": {
        "dmean": 2.88058614731,
        "dmean2": 4.71803712845,
        "dvar": 7.15891551971,
        "dvar2": 19.1664409637,
        "max": 34.2356071472,
        "mean": 15.9390850067,
        "median": 15.3280534744,
        "min": 2.36503100395,
        "var": 21.3729877472
    },
    "melbands_flatness_db": {
        "dmean": 0.0306371897459,
        "dmean2": 0.0488252416253,
        "dvar": 0.000940115540288,
        "dvar2": 0.00239325850271,
        "max": 0.952169120312,
        "mean": 0.394015789032,
        "median": 0.363792598248,
        "min": 0.00829150434583,
        "var": 0.0222396291792
    },
    "melbands_kurtosis": {
        "dmean": 11.6936817169,
        "dmean2": 18.8498783112,
        "dvar": 331.151947021,
        "dvar2": 826.886535645,
        "max": 391.710296631,
        "mean": 28.5292682648,
        "median": 19.0900173187,
        "min": -1.45193648338,
        "var": 940.224914551
    },
    "melbands_skewness": {
        "dmean": 0.762817144394,
        "dmean2": 1.20596635342,
        "dvar": 0.741526484489,
        "dvar2": 1.83396625519,
        "max": 13.267947197,
        "mean": 3.2721221447,
        "median": 3.0140171051,
        "min": -0.94768935442,
        "var": 3.32150673866
    },
    "melbands_spread": {
        "dmean": 1.72072041035,
        "dmean2": 2.82653021812,
        "dvar": 11.6292037964,
        "dvar2": 29.3503341675,
        "max": 117.246887207,
        "mean": 5.47403764725,
        "median": 3.37564587593,
        "min": 0.469279378653,
        "var": 36.4161987305
    },
    "pitch_salience": {
        "dmean": 0.0709404349327,
        "dmean2": 0.115728452802,
        "dvar": 0.00394547684118,
        "dvar2": 0.0106555735692,
        "max": 0.968755841255,
        "mean": 0.545302569866,
        "median": 0.548427402973,
        "min": 0.112598486245,
        "var": 0.0118846725672
    },
    "silence_rate_20dB": {
        "dmean": 0,
        "dmean2": 0,
        "dvar": 0,
        "dvar2": 0,
        "max": 1,
        "mean": 1,
        "median": 1,
        "min": 1,
        "var": 0
    },
    "silence_rate_30dB": {
        "dmean": 0.0347141176462,
        "dmean2": 0.0694333016872,
        "dvar": 0.033505178988,
        "dvar2": 0.0749665126204,
        "max": 1,
        "mean": 0.902938842773,
        "median": 1,
        "min": 0,
        "var": 0.0876358747482
    },
    "silence_rate_60dB": {
        "dmean": 0.00481330230832,
        "dmean2": 0.00962730683386,
        "dvar": 0.00478994334117,
        "dvar2": 0.010846702382,
        "max": 1,
        "mean": 0.0565886385739,
        "median": 0,
        "min": 0,
        "var": 0.0533868931234
    },
    "spectral_centroid": {
        "dmean": 88.52759552,
        "dmean2": 146.321914673,
        "dvar": 31787.9257812,
        "dvar2": 71363.6484375,
        "max": 11024.3994141,
        "mean": 457.441192627,
        "median": 344.01651001,
        "min": 133.898696899,
        "var": 105349.625
    },
    "spectral_complexity": {
        "dmean": 1.93801045418,
        "dmean2": 3.2659907341,
        "dvar": 9.01485538483,
        "dvar2": 22.6069831848,
        "max": 54,
        "mean": 10.1390647888,
        "median": 8,
        "min": 0,
        "var": 45.0209655762
    },
    "spectral_decrease": {
        "dmean": 4.14094802892e-09,
        "dmean2": 6.85405820988e-09,
        "dvar": 6.33770035819e-17,
        "dvar2": 1.76357302111e-16,
        "max": 4.35371119052e-29,
        "mean": -1.20978187468e-08,
        "median": -8.52619841396e-09,
        "min": -1.11443192452e-07,
        "var": 1.50884625872e-16
    },
    "spectral_energy": {
        "dmean": 0.0159372240305,
        "dmean2": 0.0264229103923,
        "dvar": 0.00092497235164,
        "dvar2": 0.00257635372691,
        "max": 0.423296391964,
        "mean": 0.0467825457454,
        "median": 0.032857440412,
        "min": 1.07766673479e-20,
        "var": 0.00223716069013
    },
    "spectral_energyband_high": {
        "dmean": 0.000350063375663,
        "dmean2": 0.000567521085031,
        "dvar": 1.66935433299e-06,
        "dvar2": 4.16768534706e-06,
        "max": 0.0144160473719,
        "mean": 0.000332816271111,
        "median": 2.49098775384e-05,
        "min": 7.77995435511e-21,
        "var": 1.49750269429e-06
    },
    "spectral_energyband_low": {
        "dmean": 0.0141271995381,
        "dmean2": 0.0230345260352,
        "dvar": 0.000894646567758,
        "dvar2": 0.00244310754351,
        "max": 0.401953071356,
        "mean": 0.0287400502712,
        "median": 0.0165832340717,
        "min": 3.63239428843e-23,
        "var": 0.00159517617431
    },
    "spectral_energyband_middle_high": {
        "dmean": 0.000650339119602,
        "dmean2": 0.00108675728552,
        "dvar": 3.74248611479e-06,
        "dvar2": 1.01125824585e-05,
        "max": 0.0426582358778,
        "mean": 0.00141217047349,
        "median": 0.000363726285286,
        "min": 1.67993445482e-21,
        "var": 8.00421912572e-06
    },
    "spectral_energyband_middle_low": {
        "dmean": 0.00558397732675,
        "dmean2": 0.00914209336042,
        "dvar": 8.26774048619e-05,
        "dvar2": 0.00022141590307,
        "max": 0.180481389165,
        "mean": 0.018077570945,
        "median": 0.0144319012761,
        "min": 2.12931834649e-22,
        "var": 0.000236372172367
    },
    "spectral_entropy": {
        "dmean": 0.207798823714,
        "dmean2": 0.321177065372,
        "dvar": 0.0603276118636,
        "dvar2": 0.138383358717,
        "max": 9.7965555191,
        "mean": 6.37612533569,
        "median": 6.54258728027,
        "min": 3.65191650391,
        "var": 0.921688914299
    },
    "spectral_flux": {
        "dmean": 0.0242725852877,
        "dmean2": 0.0401707962155,
        "dvar": 0.00125641445629,
        "dvar2": 0.00313259894028,
        "max": 0.510438323021,
        "mean": 0.079692825675,
        "median": 0.0614370368421,
        "min": 1.03810730845e-10,
        "var": 0.00408270116895
    },
    "spectral_kurtosis": {
        "dmean": 28.4473457336,
        "dmean2": 49.3770256042,
        "dvar": 10653.8154297,
        "dvar2": 32785.2460938,
        "max": 1920.61669922,
        "mean": 60.6066131592,
        "median": 8.1708984375,
        "min": -1.16763174534,
        "var": 27148.2792969
    },
    "spectral_rms": {
        "dmean": 0.000955737952609,
        "dmean2": 0.00155504187569,
        "dvar": 1.57126601152e-06,
        "dvar2": 4.25041253038e-06,
        "max": 0.0203217156231,
        "mean": 0.0060594053939,
        "median": 0.00566180516034,
        "min": 3.24250240373e-12,
        "var": 8.92501975613e-06
    },
    "spectral_rolloff": {
        "dmean": 122.095664978,
        "dmean2": 219.517211914,
        "dvar": 258509.734375,
        "dvar2": 683984.0625,
        "max": 18626.2207031,
        "mean": 383.9659729,
        "median": 279.931640625,
        "min": 64.599609375,
        "var": 250834.40625
    },
    "spectral_skewness": {
        "dmean": 0.814126968384,
        "dmean2": 1.37717938423,
        "dvar": 2.24993872643,
        "dvar2": 6.78224754333,
        "max": 33.7435874939,
        "mean": 4.12437915802,
        "median": 2.25855493546,
        "min": -0.0118809435517,
        "var": 24.2134819031
    },
    "spectral_spread": {
        "dmean": 638159.1875,
        "dmean2": 926232.625,
        "dvar": 1.07300795187e+12,
        "dvar2": 1.90023401472e+12,
        "max": 39920396,
        "mean": 3201774.75,
        "median": 3039200.5,
        "min": 57518.1328125,
        "var": 4.16342632038e+12
    },
    "spectral_strongpeak": {
        "dmean": 0.277154624462,
        "dmean2": 0.481702148914,
        "dvar": 0.154779702425,
        "dvar2": 0.395141065121,
        "max": 10.6359987259,
        "mean": 0.575974881649,
        "median": 0.458421051502,
        "min": 0,
        "var": 0.24030290544
    },
    "zerocrossingrate": {
        "dmean": 0.00557264499366,
        "dmean2": 0.00711068697274,
        "dvar": 0.000108559252112,
        "dvar2": 0.00014516034571,
        "max": 0.501953125,
        "mean": 0.0213189087808,
        "median": 0.015625,
        "min": 0.0029296875,
        "var": 0.000353768205969
    },
    "barkbands": {
        "dmean": [0.000883223721758, 0.0099199200049, 0.00557742035016, 0.00270505691878, 0.00315986806527, 0.00107018917333, 0.000401239580242, 0.00040197049384, 0.000150507956278, 0.000162085649208, 0.000102331658127, 8.63572568051e-05, 0.000215569685679, 7.2863054811e-05, 0.000115598151751, 3.65244995919e-05, 6.48415007163e-05, 6.16264514974e-05, 4.7182860726e-05, 3.25904074998e-05, 3.03130327666e-05, 3.09116767312e-05, 3.0937466363e-05, 4.6961602493e-05, 9.03799882508e-05, 9.41404650803e-05, 2.4885930543e-05],
        "dmean2": [0.00152170471847, 0.016239669174, 0.00893465150148, 0.00459308130667, 0.00524064851925, 0.00160510255955, 0.000601146137342, 0.000621769228019, 0.000236587409745, 0.000244682247285, 0.000161527845194, 0.00014803664817, 0.000353048468241, 0.000126368991914, 0.000195720931515, 6.27551562502e-05, 0.000112127607281, 0.000109649859951, 8.32145597087e-05, 5.5213295127e-05, 5.20482171851e-05, 5.070052066e-05, 4.81425195176e-05, 7.75416338001e-05, 0.000152078762767, 0.000151776490384, 4.23895617132e-05],
        "dvar": [1.53594191943e-05, 0.000669573841151, 9.27182773012e-05, 2.11153819691e-05, 3.89478445868e-05, 2.67001428256e-06, 8.00613861429e-07, 4.20695215553e-07, 1.17553994983e-07, 9.82226566748e-08, 1.1483570006e-07, 1.13353436859e-07, 1.4317432715e-06, 1.02941470459e-07, 2.1308969167e-07, 1.21048344681e-08, 5.15748155294e-08, 3.1472268347e-08, 2.28976766437e-08, 8.91294504868e-09, 1.04857420524e-08, 9.64774127254e-09, 9.91992354926e-09, 3.35757910364e-08, 1.47832523112e-07, 1.65340964031e-07, 1.21912320239e-08],
        "dvar2": [4.3193318561e-05, 0.00181616679765, 0.000247018935625, 5.82415887038e-05, 0.000110758999654, 6.16392389929e-06, 1.71892099843e-06, 1.05038714082e-06, 2.87489854145e-07, 2.29862891388e-07, 2.59918635948e-07, 3.16783939525e-07, 3.57915291715e-06, 2.79827219174e-07, 5.53624317945e-07, 3.38064438665e-08, 1.42070788911e-07, 9.03760550841e-08, 6.54468621519e-08, 2.43417304091e-08, 2.91390467311e-08, 2.45589522052e-08, 2.28874696973e-08, 8.64464269057e-08, 3.84147909926e-07, 4.05341893384e-07, 3.19381001646e-08],
        "max": [0.0576438829303, 0.350359320641, 0.159297719598, 0.0919888615608, 0.13886846602, 0.0460310764611, 0.0342075191438, 0.0132414773107, 0.00894132908434, 0.00677726604044, 0.0136735038832, 0.00721907522529, 0.0391031317413, 0.009815919213, 0.0143267270178, 0.00235262839124, 0.00726551143453, 0.00245992373675, 0.00259890523739, 0.00165906280745, 0.0019558146596, 0.00165075424593, 0.00144152157009, 0.00233740452677, 0.0038277155254, 0.00409229984507, 0.0012026343029],
        "mean": [0.000910402217414, 0.0149244843051, 0.0111882817, 0.00487169856206, 0.00823935400695, 0.00289973150939, 0.000928515335545, 0.000732093059923, 0.000271767232334, 0.000308940885589, 0.000163885080838, 0.000109056294605, 0.000315579236485, 9.31827526074e-05, 0.000153957647854, 5.78015096835e-05, 9.74451686488e-05, 8.91900926945e-05, 6.68178035994e-05, 5.61983943044e-05, 3.97353032895e-05, 3.59673285857e-05, 3.14923672704e-05, 3.86013562093e-05, 6.7094239057e-05, 7.33343840693e-05, 1.77840174729e-05],
        "median": [8.67421113071e-06, 0.0059808017686, 0.00618489598855, 0.00271623814479, 0.00615933118388, 0.00130665290635, 0.000291664124234, 0.000329400994815, 9.33997580432e-05, 0.000112175403046, 3.32349445671e-05, 2.54324513662e-05, 2.17482702283e-05, 2.02350347536e-05, 1.53358250827e-05, 7.69159305491e-06, 1.44837395055e-05, 1.56583482749e-05, 1.14848271551e-05, 9.037824384e-06, 7.14383440936e-06, 3.55688848686e-06, 1.6809360659e-06, 1.079055437e-06, 5.838570587e-07, 1.9677285934e-07, 2.78954477295e-08],
        "min": [8.55639874114e-24, 1.08274369905e-23, 1.49668828276e-23, 1.53052994228e-23, 2.79484488814e-23, 1.65635073231e-23, 5.79266873591e-23, 1.27138787274e-23, 5.27709796279e-23, 1.09031482315e-22, 6.51728480901e-23, 1.92604428978e-22, 1.65570822088e-22, 1.49579361983e-22, 2.49765757176e-22, 1.37725988509e-22, 1.22798304179e-22, 1.62054118038e-22, 2.60174480208e-22, 1.76967388301e-22, 4.47076378852e-22, 5.43730292776e-22, 7.11089872744e-22, 7.80215696519e-22, 1.21681085287e-21, 1.61103269279e-21, 2.62411053598e-21],
        "var": [1.4506232219e-05, 0.000923295039684, 0.000201523973374, 4.32171909779e-05, 6.87437495799e-05, 1.59389019245e-05, 3.74309774998e-06, 1.05499952952e-06, 3.09200146376e-07, 2.75896184121e-07, 3.00993121982e-07, 1.05608499723e-07, 2.98412714983e-06, 1.36189129307e-07, 3.28179993403e-07, 1.84740542863e-08, 8.07031526051e-08, 3.68683785723e-08, 2.37953461379e-08, 1.55533612656e-08, 1.01762189786e-08, 1.01112105355e-08, 1.06105160214e-08, 2.70716800088e-08, 1.11067251396e-07, 1.38005702865e-07, 8.83665229878e-09]
    },
    "erbbands": {
        "dmean": [0.344325840473, 2.08634352684, 5.93348646164, 6.49928045273, 13.0070924759, 8.23469161987, 11.3277873993, 7.5963101387, 5.90350818634, 8.21003055573, 6.90916156769, 3.8500752449, 4.41347551346, 4.05624341965, 4.51326370239, 4.70064353943, 10.0174102783, 4.34523057938, 7.0373840332, 2.25916743279, 2.9941368103, 2.61956739426, 2.91853189468, 3.51922869682, 1.8215457201, 1.69251489639, 1.26360583305, 1.10708463192, 1.06393027306, 0.953923940659, 0.942683935165, 0.979138493538, 0.809121489525, 0.831779003143, 0.769937634468, 0.457238078117, 0.158066079021, 0.0368876829743, 0.00432646088302, 0.000176536559593],
        "dmean2": [0.580937922001, 3.42806148529, 9.55363178253, 10.5557584763, 22.3500175476, 13.2245388031, 16.1882419586, 12.2857732773, 8.7657327652, 13.2466964722, 10.4267349243, 5.92627096176, 6.90794754028, 6.11716413498, 7.24368953705, 7.8297533989, 16.3136463165, 7.39345121384, 11.9999189377, 3.86651039124, 5.14290809631, 4.55962848663, 5.17615938187, 6.38311719894, 3.08104944229, 2.90790772438, 2.15776085854, 1.87118422985, 1.76435244083, 1.56630146503, 1.46878147125, 1.56458187103, 1.3660941124, 1.37064361572, 1.31197679043, 0.752585828304, 0.25139477849, 0.06058075279, 0.00731057021767, 0.000298170780297],
        "dvar": [1.74718046188, 18.4484977722, 95.5615539551, 111.990562439, 591.974060059, 317.687988281, 362.09161377, 147.74848938, 153.596282959, 335.461242676, 152.384811401, 69.6688537598, 96.4577941895, 79.8710403442, 212.061904907, 252.194320679, 3242.46826172, 293.33380127, 834.95880127, 50.3713569641, 87.9752044678, 60.9697380066, 70.5316696167, 161.415145874, 28.2390651703, 25.6312103271, 19.4750080109, 10.8345537186, 11.5078239441, 9.14820194244, 9.9223613739, 13.7696647644, 10.5433855057, 11.5458288193, 11.4948320389, 3.98852682114, 0.470032989979, 0.0260259639472, 0.000364292034646, 5.22980258211e-07],
        "dvar2": [4.85191965103, 48.8107681274, 254.911132812, 291.686462402, 1723.39709473, 886.433654785, 773.622924805, 396.909088135, 334.447235107, 843.329467773, 351.360839844, 163.292953491, 245.333267212, 178.108520508, 505.837860107, 676.731628418, 7983.52929688, 789.222473145, 2190.8762207, 136.783660889, 244.229354858, 171.509475708, 202.164230347, 467.87487793, 77.4896469116, 72.5461273193, 54.0198936462, 29.004240036, 29.8852500916, 21.8838882446, 23.2845516205, 33.8962402344, 27.7593955994, 29.415719986, 30.2427520752, 9.99465274811, 1.14793491364, 0.0655800998211, 0.000945986132137, 1.36533992645e-06],
        "max": [17.4911937714, 56.6171417236, 179.830444336, 174.754318237, 484.426330566, 376.616546631, 560.072143555, 323.08215332, 423.953460693, 799.406188965, 322.640136719, 252.986236572, 257.800933838, 217.04737854, 660.786315918, 367.691711426, 1923.55163574, 545.727600098, 861.212585449, 141.800201416, 247.721694946, 187.927047729, 118.948287964, 197.061523438, 111.172981262, 81.6861343384, 100.651596069, 51.061416626, 49.0539207458, 58.2759971619, 45.7266349792, 53.7601318359, 35.1757164001, 38.767124176, 34.2777786255, 19.2654342651, 7.21943759918, 1.67127382755, 0.210815563798, 0.00907460041344],
        "mean": [0.426284044981, 3.45581316948, 12.2817993164, 13.6881446838, 26.3670635223, 21.2869873047, 35.9473495483, 16.5894145966, 13.5902175903, 16.2329425812, 13.4584331512, 7.77431440353, 8.04623889923, 7.72243452072, 7.2977514267, 6.82069587708, 14.9804515839, 6.25436306, 9.19197273254, 3.64572477341, 4.68357801437, 4.19170761108, 4.68487119675, 4.39021492004, 2.98927688599, 2.85204458237, 1.84728574753, 1.42235612869, 1.2607845068, 1.0323060751, 0.937135338783, 0.853112459183, 0.638182997704, 0.652231574059, 0.555377364159, 0.349048346281, 0.123973183334, 0.0277033690363, 0.00314037525095, 0.000169668594026],
        "median": [0.0827807337046, 1.77954101562, 7.20179796219, 8.78618049622, 18.2449131012, 14.0711555481, 18.0438117981, 9.23690414429, 5.00981998444, 5.46253013611, 5.71131563187, 3.02050089836, 3.35615038872, 1.94724559784, 1.69497978687, 1.44881975651, 1.12531602383, 1.33817219734, 1.01737010479, 0.553368210793, 0.540508985519, 0.787472784519, 0.850789546967, 0.809071242809, 0.523653209209, 0.459731161594, 0.365620911121, 0.218182265759, 0.131132215261, 0.0748461857438, 0.044577550143, 0.0278275832534, 0.0152804246172, 0.00779729848728, 0.00339993950911, 0.00120649172459, 0.000292778655421, 5.81951899221e-05, 2.4073802706e-05, 3.81846984965e-05],
        "min": [6.54187833659e-22, 1.34019576664e-21, 1.09760841146e-20, 3.92495455822e-20, 1.16730060758e-19, 5.07110538538e-20, 4.28564731056e-20, 2.2711295788e-19, 4.99191350461e-19, 8.48042314397e-19, 4.92828522092e-19, 1.15276686327e-18, 2.11398516645e-18, 5.02641634533e-18, 3.8444856786e-18, 7.25266088104e-18, 7.41675614378e-18, 6.7929002481e-18, 1.33543487434e-17, 9.82252244706e-18, 7.27504604278e-18, 7.08743817113e-18, 8.76317043454e-18, 1.17113198927e-17, 1.09152867661e-17, 9.03769761778e-18, 9.02440730687e-18, 2.21402749166e-17, 2.18290316675e-17, 1.69592705089e-17, 2.3281674974e-17, 1.63236086779e-17, 1.36656077089e-17, 1.15664367268e-17, 9.18913536278e-18, 6.57292190395e-18, 3.25854009079e-18, 1.31243319421e-18, 3.88306884619e-19, 3.34244266175e-20],
        "var": [1.78211700916, 30.8421001434, 227.599746704, 245.724380493, 895.696655273, 567.745056152, 2412.33300781, 548.488464355, 542.103393555, 1349.14953613, 419.68572998, 223.987579346, 206.585067749, 231.177307129, 473.023162842, 368.335876465, 6827.8984375, 452.437988281, 1224.56176758, 73.9908676147, 141.168212891, 92.3859939575, 95.1043624878, 133.14050293, 42.427230835, 39.6208076477, 21.1518650055, 12.3194189072, 11.9339036942, 9.7176322937, 10.1970529556, 12.3042726517, 7.9853348732, 9.22501277924, 8.32425689697, 3.19756507874, 0.395859748125, 0.020503718406, 0.000269163312623, 3.98200484142e-07]
    },
    "gfcc": {
        "mean": [-93.906211853, 167.596038818, -71.7869338989, 28.1975574493, -40.0767250061, -5.13994121552, -25.07654953, -4.93984889984, -20.4707775116, -7.32747173309, -10.7582607269, -9.08389568329, -7.60193777084],
        "cov": [[15036.1210938, -6063.62353516, -1445.18261719, 1962.85253906, -820.301330566, 940.634338379, -844.290771484, 830.81842041, -495.30581665, 693.694458008, -302.22088623, 745.17565918, -399.980651855], [-6063.62353516, 3638.91430664, 725.806091309, -942.696960449, 652.633117676, -500.877655029, 489.206390381, -496.698608398, 295.310699463, -416.603240967, 232.333175659, -392.949523926, 247.655380249], [-1445.18261719, 725.806091309, 1877.88476562, -366.353637695, 294.328460693, 229.121383667, -1.86864304543, -76.4887771606, 83.6234054565, -138.716262817, -4.80654239655, 36.10364151, 20.2242507935], [1962.85253906, -942.696960449, -366.353637695, 709.63092041, -144.794708252, 139.874664307, -58.2040138245, 125.969329834, -36.548625946, 98.6428375244, -33.0720558167, 76.3640060425, -32.5939750671], [-820.301330566, 652.633117676, 294.328460693, -144.794708252, 349.615753174, -29.620470047, 103.058815002, -68.2364807129, 69.2469940186, -53.6225662231, 50.9273986816, -46.0081481934, 50.9880409241], [940.634338379, -500.877655029, 229.121383667, 139.874664307, -29.620470047, 257.128814697, -72.2529067993, 78.5734481812, -12.8539810181, 57.2146568298, -35.5877151489, 91.5335540771, -31.0881252289], [-844.290771484, 489.206390381, -1.86864304543, -58.2040138245, 103.058815002, -72.2529067993, 169.202346802, -41.455280304, 56.4501914978, -43.9673423767, 39.6779403687, -69.2766571045, 33.6984291077], [830.81842041, -496.698608398, -76.4887771606, 125.969329834, -68.2364807129, 78.5734481812, -41.455280304, 156.524032593, -6.0963549614, 65.4270858765, -23.7871437073, 65.2967453003, -37.9746704102], [-495.30581665, 295.310699463, 83.6234054565, -36.548625946, 69.2469940186, -12.8539810181, 56.4501914978, -6.0963549614, 107.878608704, -7.669444561, 22.6951694489, -23.7978687286, 29.6958885193], [693.694458008, -416.603240967, -138.716262817, 98.6428375244, -53.6225662231, 57.2146568298, -43.9673423767, 65.4270858765, -7.669444561, 123.573638916, -3.86698269844, 59.3397903442, -15.1153821945], [-302.22088623, 232.333175659, -4.80654239655, -33.0720558167, 50.9273986816, -35.5877151489, 39.6779403687, -23.7871437073, 22.6951694489, -3.86698269844, 76.3397445679, 1.61670672894, 21.0227661133], [745.17565918, -392.949523926, 36.10364151, 76.3640060425, -46.0081481934, 91.5335540771, -69.2766571045, 65.2967453003, -23.7978687286, 59.3397903442, 1.61670672894, 121.223754883, 0.0243991948664], [-399.980651855, 247.655380249, 20.2242507935, -32.5939750671, 50.9880409241, -31.0881252289, 33.6984291077, -37.9746704102, 29.6958885193, -15.1153821945, 21.0227661133, 0.0243991948664, 78.1028671265]],
        "icov": [[0.000258987070993, 0.000256865925621, 0.000126543542137, -0.000250061770203, -0.000310227274895, -0.000182460877113, 0.000299870211165, -2.82353976218e-05, 0.000142612218042, 8.92166499398e-05, -1.8752842152e-05, -0.000448430510005, 0.000329727714416], [0.000256865925621, 0.00427027512342, -0.000398742355173, 0.00173877470661, -0.00169615994673, 0.00131768197753, -0.00220797327347, 0.0034399672877, -0.00390581926331, 0.0046384036541, -0.00502769136801, 0.00356364855543, -0.00340429623611], [0.000126543542137, -0.000398742355173, 0.00118573906366, 0.00012887835328, -0.000591724878177, -0.00161300587934, 0.000716660928447, -3.56669152097e-05, -0.000154808629304, 0.000817306514364, 0.00093693722738, -0.00152577564586, 0.00104218593333], [-0.000250061770203, 0.00173877470661, 0.00012887835328, 0.00334592489526, -0.000134850401082, -0.000518900516909, -0.00173800310586, 0.00101215834729, -0.00199843989685, 0.00208627805114, -0.00242298468947, 0.00244876486249, -0.00249260175042], [-0.000310227274895, -0.00169615994673, -0.000591724878177, -0.000134850401082, 0.00552829960361, -0.000624305859674, -0.00107072934043, -0.000828663760331, 0.000535082945134, -0.00185385264922, 3.59809237125e-05, 8.61932130647e-05, -0.000483872980112], [-0.000182460877113, 0.00131768197753, -0.00161300587934, -0.000518900516909, -0.000624305859674, 0.00920564681292, -0.00104473659303, 0.000907810637727, -0.00219587166794, -0.000182554009371, 0.00100988836493, -0.00242909719236, 0.000580936379265], [0.000299870211165, -0.00220797327347, 0.000716660928447, -0.00173800310586, -0.00107072934043, -0.00104473659303, 0.0132907154039, -0.00393005879596, 0.000339676538715, -0.0014224225888, -0.000970434746705, 0.00275149941444, 0.000119837262901], [-2.82353976218e-05, 0.0034399672877, -3.56669152097e-05, 0.00101215834729, -0.000828663760331, 0.000907810637727, -0.00393005879596, 0.0155525058508, -0.00672475760803, 0.00190064019989, -0.000859976396896, -0.00316550652497, 0.0026962722186], [0.000142612218042, -0.00390581926331, -0.000154808629304, -0.00199843989685, 0.000535082945134, -0.00219587166794, 0.000339676538715, -0.00672475760803, 0.0183020588011, -0.00668877642602, 0.0024788537994, 0.00027940745349, -0.00123876088765], [8.92166499398e-05, 0.0046384036541, 0.000817306514364, 0.00208627805114, -0.00185385264922, -0.000182554009371, -0.0014224225888, 0.00190064019989, -0.00668877642602, 0.0193631146103, -0.00656451191753, -0.000176332730916, -0.00285895867273], [-1.8752842152e-05, -0.00502769136801, 0.00093693722738, -0.00242298468947, 3.59809237125e-05, 0.00100988836493, -0.000970434746705, -0.000859976396896, 0.0024788537994, -0.00656451191753, 0.025595093146, -0.0124175809324, 0.00587305892259], [-0.000448430510005, 0.00356364855543, -0.00152577564586, 0.00244876486249, 8.61932130647e-05, -0.00242909719236, 0.00275149941444, -0.00316550652497, 0.00027940745349, -0.000176332730916, -0.0124175809324, 0.0269229635596, -0.0127352094278], [0.000329727714416, -0.00340429623611, 0.00104218593333, -0.00249260175042, -0.000483872980112, 0.000580936379265, 0.000119837262901, 0.0026962722186, -0.00123876088765, -0.00285895867273, 0.00587305892259, -0.0127352094278, 0.0241240058094]]
    },
    "melbands": {
        "dmean": [0.00281330780126, 0.00274241762236, 0.00128923822194, 0.000739945389796, 0.000387408130337, 0.000174586166395, 8.75105106388e-05, 8.95850316738e-05, 5.1652561524e-05, 2.21091868298e-05, 2.20231831918e-05, 1.71917399712e-05, 1.47478313011e-05, 1.15977209134e-05, 2.02351984626e-05, 1.67664256878e-05, 7.9223755165e-06, 1.09870479719e-05, 5.52455594516e-06, 2.45873047788e-06, 4.20198648499e-06, 3.05328194372e-06, 2.83265057988e-06, 2.96971029456e-06, 3.06519018523e-06, 1.4752546349e-06, 1.1889749203e-06, 1.17160311675e-06, 8.4750803353e-07, 7.4241125958e-07, 6.59866486785e-07, 5.88406237512e-07, 6.35879587207e-07, 4.88133878207e-07, 5.19460741089e-07, 5.12852807333e-07, 6.96934307598e-07, 5.38751862678e-07, 6.80291861954e-07, 6.7132316417e-07],
        "dmean2": [0.00464378669858, 0.00440907524899, 0.00211567617953, 0.00125044956803, 0.000563955167308, 0.000276270875474, 0.000129365129396, 0.000144310077303, 7.81640701462e-05, 3.44749350916e-05, 3.44522159139e-05, 2.58600539382e-05, 2.34337785514e-05, 1.94675594685e-05, 3.31227201968e-05, 2.77482777165e-05, 1.35524569487e-05, 1.88554222404e-05, 9.4815659395e-06, 4.1767411858e-06, 7.21822107153e-06, 5.26526855538e-06, 5.0227167776e-06, 5.24068400409e-06, 5.58016381547e-06, 2.54282440437e-06, 1.98966267817e-06, 2.02997534871e-06, 1.45874196278e-06, 1.25977578591e-06, 1.12476652703e-06, 9.73033934315e-07, 1.07796256543e-06, 7.9779619e-07, 8.18618559606e-07, 7.93392700871e-07, 1.14616466362e-06, 9.16155499908e-07, 1.1540964806e-06, 1.09193206299e-06],
        "dvar": [8.05749950814e-05, 1.86101369763e-05, 3.7587180941e-06, 2.43205590778e-06, 4.00143562729e-07, 7.34756113729e-08, 3.36788765765e-08, 3.54069626951e-08, 8.99138363764e-09, 2.41610842444e-09, 2.37346009513e-09, 1.43956746523e-09, 2.46432718676e-09, 1.6526319202e-09, 1.24827437276e-08, 7.57552776065e-09, 1.28424137991e-09, 1.97559502091e-09, 4.17438056344e-10, 4.59203855496e-11, 2.09956080299e-10, 1.00662478353e-10, 7.42877079296e-11, 6.93263502161e-11, 1.31168367834e-10, 1.71001563604e-11, 1.33181226464e-11, 1.2985686311e-11, 9.1114824019e-12, 5.51731056675e-12, 3.56382436582e-12, 3.33015841465e-12, 4.8386923808e-12, 2.26642294342e-12, 3.1481831031e-12, 2.92624388262e-12, 7.996029186e-12, 4.84435451822e-12, 7.85849683937e-12, 7.19623796316e-12],
        "dvar2": [0.000220478978008, 4.84622032673e-05, 9.82162055152e-06, 6.99643169355e-06, 9.08186109427e-07, 1.90933647559e-07, 7.17454682331e-08, 9.08619455231e-08, 2.10447783644e-08, 5.79966430436e-09, 6.03372241059e-09, 3.17561377194e-09, 5.67437830057e-09, 4.56583659769e-09, 3.1962215985e-08, 1.87023285747e-08, 3.43362560606e-09, 5.23417709175e-09, 1.11504949718e-09, 1.24197277462e-10, 5.80600623135e-10, 2.79098660849e-10, 2.13795703363e-10, 1.98127139694e-10, 3.80942832834e-10, 4.79521838903e-11, 3.49108415787e-11, 3.74214929877e-11, 2.54483500245e-11, 1.51266898313e-11, 9.54255251207e-12, 8.61698126048e-12, 1.26550991908e-11, 5.24617892531e-12, 7.54600201769e-12, 6.7119092402e-12, 2.03984606983e-11, 1.28703861804e-11, 2.07231835858e-11, 1.80799680782e-11],
        "max": [0.12363627553, 0.0819318369031, 0.0346347428858, 0.0340498574078, 0.0161216333508, 0.00741732865572, 0.00645083421841, 0.00721483305097, 0.00241387216374, 0.00135800102726, 0.00126514967997, 0.000952029600739, 0.00208795000799, 0.000840459833853, 0.00377063057385, 0.0024981200695, 0.00125010835472, 0.00125157739967, 0.00058104051277, 0.000119890130009, 0.000445317273261, 0.000311279902235, 0.000132631394081, 0.000117529183626, 0.000176312256372, 8.92068492249e-05, 7.5129137258e-05, 6.40237194602e-05, 6.57119162497e-05, 4.37821254309e-05, 2.58270538325e-05, 2.41653197008e-05, 4.6064335038e-05, 2.48128744715e-05, 2.42412043008e-05, 2.31702106248e-05, 3.95452079829e-05, 2.5389741495e-05, 3.79736156901e-05, 2.99957446259e-05],
        "mean": [0.00401136511937, 0.00583164067939, 0.00297434814274, 0.00169489474501, 0.00121420773212, 0.000402086385293, 0.000202668306883, 0.000173523934791, 9.88374595181e-05, 4.2852567276e-05, 3.91629728256e-05, 3.13752570946e-05, 2.35506850004e-05, 1.57052782015e-05, 2.90675088763e-05, 2.46004346991e-05, 1.03717784441e-05, 1.4016055502e-05, 7.51238985686e-06, 4.05460059483e-06, 6.13414204054e-06, 4.65282255391e-06, 4.2179403863e-06, 4.21337608714e-06, 3.5043394746e-06, 2.26498809752e-06, 1.93814776139e-06, 1.88674141555e-06, 1.17796605537e-06, 9.66962488747e-07, 8.00398254341e-07, 7.08865400156e-07, 6.75920091453e-07, 5.14869270773e-07, 5.09644905833e-07, 5.07587287757e-07, 5.61636113616e-07, 4.21775411041e-07, 5.17761179708e-07, 5.344286933e-07],
        "median": [0.00125135609414, 0.00362899363972, 0.00212782854214, 0.00123234908096, 0.000675923423842, 0.000216075699427, 7.02997785993e-05, 6.32846640656e-05, 4.15250760852e-05, 1.52637148858e-05, 1.57452013809e-05, 6.94968503012e-06, 4.89305966767e-06, 4.38499955635e-06, 2.96629036711e-06, 2.10735129258e-06, 2.36553250943e-06, 1.54504459715e-06, 8.69882683219e-07, 6.12246481069e-07, 5.98616281877e-07, 7.15413705166e-07, 6.91738364367e-07, 7.36022286674e-07, 5.41620636341e-07, 3.54542834202e-07, 2.76284538359e-07, 2.88062778964e-07, 2.20303320475e-07, 1.67877615809e-07, 1.07512974523e-07, 7.4171211395e-08, 5.29748795941e-08, 3.35044205713e-08, 2.56983376801e-08, 2.03482493077e-08, 1.45928407136e-08, 1.09793578673e-08, 7.78192976725e-09, 5.91564264241e-09],
        "min": [4.55216445207e-24, 4.50775749956e-24, 9.47223311995e-24, 6.6388261864e-24, 1.42389975177e-24, 4.77338077141e-24, 8.73055635205e-24, 7.75456186289e-24, 3.9840757375e-24, 7.85170219476e-24, 1.01995975844e-23, 1.99429779747e-23, 9.74977962995e-24, 2.36282978879e-23, 1.57268635351e-23, 1.46146785216e-23, 1.2905953736e-23, 2.12373157045e-23, 1.74057993551e-23, 1.0192919088e-23, 8.37016051433e-24, 7.13131126067e-24, 7.86563978923e-24, 7.34377990144e-24, 9.94108471035e-24, 8.69842131421e-24, 6.37790018681e-24, 6.00203399788e-24, 4.78881404616e-24, 8.7641034509e-24, 1.4135857307e-23, 1.15033172369e-23, 1.10152316399e-23, 8.74550447734e-24, 1.28277563211e-23, 1.21063832552e-23, 9.98084803314e-24, 9.18472960759e-24, 1.05875136237e-23, 8.96398344935e-24],
        "var": [9.69535758486e-05, 4.74731859867e-05, 9.2623558885e-06, 3.34796118295e-06, 2.2256253942e-06, 3.04386162497e-07, 1.30035758161e-07, 1.26852143012e-07, 2.393545806e-08, 7.21925585978e-09, 5.05570962872e-09, 4.06920497298e-09, 6.1563656395e-09, 1.74404812814e-09, 2.46504985313e-08, 1.58739457135e-08, 1.87887994052e-09, 2.78634026962e-09, 5.85791970487e-10, 7.83163464635e-11, 3.21733722997e-10, 1.61236676788e-10, 8.86044224102e-11, 8.53669288037e-11, 1.010967976e-10, 2.34758532058e-11, 2.09105961713e-11, 1.89042635712e-11, 9.33407171e-12, 6.01686539134e-12, 4.05196796255e-12, 3.63953051724e-12, 4.38707056793e-12, 2.47459843415e-12, 3.08512959103e-12, 3.12918159266e-12, 6.4649735218e-12, 3.58036560469e-12, 5.84411772447e-12, 5.94735762374e-12]
    },
    "mfcc": {
        "mean": [-741.782470703, 185.687683105, 34.7522735596, 40.7579956055, 8.9804983139, 6.49576759338, 4.36417007446, 0.784394025803, -2.37506532669, -1.34650146961, -0.912583291531, -1.49765813351, -5.79889678955],
        "cov": [[11439.3183594, -3213.9699707, -1732.41821289, 371.907684326, 70.4579772949, 58.1574630737, -113.426689148, 77.4641113281, -79.900390625, 9.50553035736, 43.0204277039, 73.3717727661, 190.370223999], [-3213.9699707, 2029.73156738, 349.906951904, -92.7299804688, 97.9351882935, 16.7042827606, 106.915893555, -31.1229019165, -1.10603284836, -8.71979904175, -34.2941665649, -38.5074882507, -25.0834903717], [-1732.41821289, 349.906951904, 1394.86474609, -81.0825881958, 194.496734619, 156.328475952, 30.4737911224, 129.202865601, 19.1302089691, -37.6630477905, -32.6126785278, -41.9051055908, 40.4795837402], [371.907684326, -92.7299804688, -81.0825881958, 349.490966797, 20.6437911987, 43.4349555969, 39.530506134, 15.3490934372, 25.6081733704, 5.88289117813, 6.95316553116, 17.6644420624, 6.49002790451], [70.4579772949, 97.9351882935, 194.496734619, 20.6437911987, 212.707351685, 81.0275878906, 32.1288414001, 43.8381652832, 15.6405248642, 3.25807762146, -4.41438055038, -12.8548612595, 39.4079780579], [58.1574630737, 16.7042827606, 156.328475952, 43.4349555969, 81.0275878906, 153.545440674, 29.2799091339, 26.7065429688, 23.4711799622, -1.11459207535, -5.76883554459, -5.76495742798, 29.1920166016], [-113.426689148, 106.915893555, 30.4737911224, 39.530506134, 32.1288414001, 29.2799091339, 91.7749862671, 18.553024292, 0.479342937469, 0.0552729219198, -1.43231487274, 9.38474655151, 4.14978408813], [77.4641113281, -31.1229019165, 129.202865601, 15.3490934372, 43.8381652832, 26.7065429688, 18.553024292, 99.8235092163, 21.4820861816, 3.90593266487, 11.0339107513, 2.88369369507, 19.9514598846], [-79.900390625, -1.10603284836, 19.1302089691, 25.6081733704, 15.6405248642, 23.4711799622, 0.479342937469, 21.4820861816, 78.3270492554, 32.5149879456, 3.67708230019, -3.57302856445, -0.422179847956], [9.50553035736, -8.71979904175, -37.6630477905, 5.88289117813, 3.25807762146, -1.11459207535, 0.0552729219198, 3.90593266487, 32.5149879456, 66.8268508911, 27.0823326111, -6.10538911819, -0.89772361517], [43.0204277039, -34.2941665649, -32.6126785278, 6.95316553116, -4.41438055038, -5.76883554459, -1.43231487274, 11.0339107513, 3.67708230019, 27.0823326111, 60.3966178894, 24.3773994446, -1.32330667973], [73.3717727661, -38.5074882507, -41.9051055908, 17.6644420624, -12.8548612595, -5.76495742798, 9.38474655151, 2.88369369507, -3.57302856445, -6.10538911819, 24.3773994446, 80.0241088867, 16.7424526215], [190.370223999, -25.0834903717, 40.4795837402, 6.49002790451, 39.4079780579, 29.1920166016, 4.14978408813, 19.9514598846, -0.422179847956, -0.89772361517, -1.32330667973, 16.7424526215, 73.4522399902]],
