{
"lowlevel": {
    "average_loudness": 0.896041452885,
    "barkbands_crest": {
        "dmean": 1.50109994411,
        "dmean2": 2.41146111488,
        "dvar": 3.11286568642,
        "dvar2": 8.21471977234,
        "max": 25.3581752777,
        "mean": 8.9979095459,
        "median": 8.58899497986,
        "min": 2.47244477272,
        "var": 9.7347536087
    },
    "barkbands_flatness_db": {
        "dmean": 0.0139038674533,
        "dmean2": 0.0198348201811,
        "dvar": 0.000297941005556,
        "dvar2": 0.000631173374131,
        "max": 0.547408759594,
        "mean": 0.131895199418,
        "median": 0.109735153615,
        "min": 0.0313125513494,
        "var": 0.00341059081256
    },
    "barkbands_kurtosis": {
        "dmean": 1.37308990955,
        "dmean2": 2.32504343987,
        "dvar": 147.762557983,
        "dvar2": 412.984375,
        "max": 1217.85791016,
        "mean": 1.53446030617,
        "median": 0.451437711716,
        "min": -1.91449344158,
        "var": 160.25604248
    },
    "barkbands_skewness": {
        "dmean": 0.318466156721,
        "dmean2": 0.515239715576,
        "dvar": 0.245059087873,
        "dvar2": 0.669075071812,
        "max": 19.4811058044,
        "mean": 1.05142128468,
        "median": 1.17488908768,
        "min": -6.61076021194,
        "var": 1.17377841473
    },
    "barkbands_spread": {
        "dmean": 3.70998716354,
        "dmean2": 5.74884748459,
        "dvar": 22.5575370789,
        "dvar2": 51.3031654358,
        "max": 110.476860046,
        "mean": 27.1098308563,
        "median": 25.7033195496,
        "min": 0.109646447003,
        "var": 107.373046875
    },
    "dissonance": {
        "dmean": 0.00985726341605,
        "dmean2": 0.0165133923292,
        "dvar": 9.51752008405e-05,
        "dvar2": 0.000256822386291,
        "max": 0.499999970198,
        "mean": 0.477512836456,
        "median": 0.480609595776,
        "min": 0.330043286085,
        "var": 0.000223655268201
    },
    "dynamic_complexity": 2.86343002319,
    "erbbands_crest": {
        "dmean": 1.71402812004,
        "dmean2": 2.78791570663,
        "dvar": 2.66604757309,
        "dvar2": 6.56244468689,
        "max": 30.5448722839,
        "mean": 7.51225423813,
        "median": 6.57859134674,
        "min": 2.54870271683,
        "var": 11.7061862946
    },
    "erbbands_flatness_db": {
        "dmean": 0.012514244765,
        "dmean2": 0.0161117091775,
        "dvar": 0.000252794474363,
        "dvar2": 0.000361349259038,
        "max": 0.4390835464,
        "mean": 0.161868065596,
        "median": 0.133691459894,
        "min": 0.0470607988536,
        "var": 0.00517770927399
    },
    "erbbands_kurtosis": {
        "dmean": 0.495219349861,
        "dmean2": 0.777008116245,
        "dvar": 0.663686871529,
        "dvar2": 1.28551518917,
        "max": 33.6744613647,
        "mean": 0.143768951297,
        "median": -0.252229213715,
        "min": -1.63807427883,
        "var": 3.81297063828
    },
    "erbbands_skewness": {
        "dmean": 0.207211390138,
        "dmean2": 0.321113795042,
        "dvar": 0.036954768002,
        "dvar2": 0.084617882967,
        "max": 5.53817033768,
        "mean": -0.397678971291,
        "median": -0.385287821293,
        "min": -5.24625492096,
        "var": 0.44399613142
    },
    "erbbands_spread": {
        "dmean": 4.94065189362,
        "dmean2": 7.96650505066,
        "dvar": 35.3067550659,
        "dvar2": 92.6036605835,
        "max": 129.689666748,
        "mean": 35.838306427,
        "median": 35.7565383911,
        "min": 3.24452137947,
        "var": 130.390716553
    },
    "hfc": {
        "dmean": 4.2631354332,
        "dmean2": 6.6894197464,
        "dvar": 55.7010536194,
        "dvar2": 136.523925781,
        "max": 164.950134277,
        "mean": 27.5572547913,
        "median": 25.2436847687,
        "min": 1.24389170584e-16,
        "var": 328.189880371
    },
    "melbands_crest": {
        "dmean": 2.06674456596,
        "dmean2": 3.27134466171,
        "dvar": 5.21118021011,
        "dvar2": 12.9714155197,
        "max": 37.743812561,
        "mean": 14.8158273697,
        "median": 14.8311100006,
        "min": 1.78929209709,
        "var": 23.5665340424
    },
    "melbands_flatness_db": {
        "dmean": 0.0171009842306,
        "dmean2": 0.0250833462924,
        "dvar": 0.000491210550535,
        "dvar2": 0.00118003180251,
        "max": 0.6860268116,
        "mean": 0.196901500225,
        "median": 0.184923395514,
        "min": 0.00458307657391,
        "var": 0.00383135396987
    },
    "melbands_kurtosis": {
        "dmean": 3.67953872681,
        "dmean2": 6.24645757675,
        "dvar": 169.987487793,
        "dvar2": 527.750183105,
        "max": 917.172058105,
        "mean": 7.445540905,
        "median": 6.11431598663,
        "min": -1.8477615118,
        "var": 194.882629395
    },
    "melbands_skewness": {
        "dmean": 0.460414618254,
        "dmean2": 0.740329086781,
        "dvar": 0.537040889263,
        "dvar2": 1.46796226501,
        "max": 14.2871303558,
        "mean": 2.32420802116,
        "median": 2.40459513664,
        "min": -1.72191512585,
        "var": 1.34371244907
    },
    "melbands_spread": {
        "dmean": 4.76720237732,
        "dmean2": 7.60938835144,
        "dvar": 34.3808326721,
        "dvar2": 84.7401123047,
        "max": 189.793045044,
        "mean": 28.4081993103,
        "median": 25.4439868927,
        "min": 0.0732640251517,
        "var": 267.74508667
    },
    "pitch_salience": {
        "dmean": 0.0477103032172,
        "dmean2": 0.0772561430931,
        "dvar": 0.00238575623371,
        "dvar2": 0.00610521389171,
        "max": 0.905463695526,
        "mean": 0.53863799572,
        "median": 0.526304721832,
        "min": 0.0411338433623,
        "var": 0.0122329052538
    },
    "silence_rate_20dB": {
        "dmean": 0,
        "dmean2": 0,
        "dvar": 0,
        "dvar2": 0,
        "max": 1,
        "mean": 1,
        "median": 1,
        "min": 1,
        "var": 0
    },
    "silence_rate_30dB": {
        "dmean": 0.0189990065992,
        "dmean2": 0.0380007103086,
        "dvar": 0.0186390895396,
        "dvar2": 0.0481868125498,
        "max": 1,
        "mean": 0.986815035343,
        "median": 1,
        "min": 0,
        "var": 0.0130103984848
    },
    "silence_rate_60dB": {
        "dmean": 0.0014178364072,
        "dmean2": 0.00283587374724,
        "dvar": 0.0014157689875,
        "dvar2": 0.00311130378395,
        "max": 1,
        "mean": 0.052314452827,
        "median": 0,
        "min": 0,
        "var": 0.0495769940317
    },
    "spectral_centroid": {
        "dmean": 150.632583618,
        "dmean2": 237.352386475,
        "dvar": 27807.2832031,
        "dvar2": 59407.9726562,
        "max": 10879.2792969,
        "mean": 1555.85717773,
        "median": 1490.01513672,
        "min": 103.147895813,
        "var": 245570.1875
    },
    "spectral_complexity": {
        "dmean": 3.13001561165,
        "dmean2": 5.13676023483,
        "dvar": 8.19393253326,
        "dvar2": 20.4396381378,
        "max": 57,
        "mean": 29.8053455353,
        "median": 30,
        "min": 0,
        "var": 101.396072388
    },
    "spectral_decrease": {
        "dmean": 2.41886466412e-09,
        "dmean2": 4.07425249094e-09,
        "dvar": 3.05283181161e-17,
        "dvar2": 8.61588745232e-17,
        "max": 6.96332683397e-17,
        "mean": -9.60221857582e-09,
        "median": -9.52944478883e-09,
        "min": -5.8835990302e-08,
        "var": 4.11877744624e-17
    },
    "spectral_energy": {
        "dmean": 0.0093510011211,
        "dmean2": 0.0157334748656,
        "dvar": 0.000446601916337,
        "dvar2": 0.00125903857406,
        "max": 0.227103590965,
        "mean": 0.0387404300272,
        "median": 0.0384250916541,
        "min": 1.11463476114e-20,
        "var": 0.00063963397406
    },
    "spectral_energyband_high": {
        "dmean": 0.000307596405037,
        "dmean2": 0.000446887366707,
        "dvar": 4.69810402137e-07,
        "dvar2": 9.77277977654e-07,
        "max": 0.0173439774662,
        "mean": 0.00111236027442,
        "median": 0.000683713355102,
        "min": 8.32146281168e-21,
        "var": 2.3884363145e-06
    },
    "spectral_energyband_low": {
        "dmean": 0.00773226143792,
        "dmean2": 0.0131753524765,
        "dvar": 0.000405670376495,
        "dvar2": 0.00116026320029,
        "max": 0.204844668508,
        "mean": 0.0190821662545,
        "median": 0.0184540431947,
        "min": 7.09529834039e-23,
        "var": 0.000348639849108
    },
    "spectral_energyband_middle_high": {
        "dmean": 0.00124749704264,
        "dmean2": 0.00204653595574,
        "dvar": 2.50865991802e-06,
        "dvar2": 6.64594927002e-06,
        "max": 0.0307323895395,
        "mean": 0.0072122416459,
        "median": 0.00672859279439,
        "min": 1.34204308955e-21,
        "var": 1.64809844136e-05
    },
    "spectral_energyband_middle_low": {
        "dmean": 0.0035116923973,
        "dmean2": 0.00563153484836,
        "dvar": 4.14851383539e-05,
        "dvar2": 0.000107358930109,
        "max": 0.0866473913193,
        "mean": 0.0121336728334,
        "median": 0.0103326141834,
        "min": 3.20645427002e-22,
        "var": 9.30924215936e-05
    },
    "spectral_entropy": {
        "dmean": 0.0828619077802,
        "dmean2": 0.112469024956,
        "dvar": 0.00945679750293,
        "dvar2": 0.0157338865101,
        "max": 9.81478977203,
        "mean": 7.66274499893,
        "median": 7.79219198227,
        "min": 5.59432935715,
        "var": 0.212932735682
    },
    "spectral_flux": {
        "dmean": 0.0202150121331,
        "dmean2": 0.0304263867438,
        "dvar": 0.0012895661639,
        "dvar2": 0.00235871295445,
        "max": 0.426207661629,
        "mean": 0.0772100761533,
        "median": 0.067549020052,
        "min": 1.0557626301e-10,
        "var": 0.00278854323551
    },
    "spectral_kurtosis": {
        "dmean": 2.53622508049,
        "dmean2": 4.44004631042,
        "dvar": 17.915719986,
        "dvar2": 58.2125015259,
        "max": 71.081199646,
        "mean": 6.48040294647,
        "median": 4.65161418915,
        "min": -1.18759763241,
        "var": 35.4244346619
    },
    "spectral_rms": {
        "dmean": 0.000616437231656,
        "dmean2": 0.00100462790579,
        "dvar": 1.32553157073e-06,
        "dvar2": 3.6414967326e-06,
        "max": 0.0148850418627,
        "mean": 0.00574397854507,
        "median": 0.00612273579463,
        "min": 3.29764839567e-12,
        "var": 4.80226390209e-06
    },
    "spectral_rolloff": {
        "dmean": 340.008544922,
        "dmean2": 564.287658691,
        "dvar": 276712.53125,
        "dvar2": 611970.875,
        "max": 20198.1445312,
        "mean": 1856.81396484,
        "median": 1550.390625,
        "min": 43.06640625,
        "var": 4570929
    },
    "spectral_skewness": {
        "dmean": 0.250103235245,
        "dmean2": 0.430855989456,
        "dvar": 0.114473819733,
        "dvar2": 0.373001456261,
        "max": 5.50808191299,
        "mean": 1.54975306988,
        "median": 1.53139567375,
        "min": 0.0262867789716,
        "var": 0.207563951612
    },
    "spectral_spread": {
        "dmean": 345597.8125,
        "dmean2": 440772.375,
        "dvar": 239604924416,
        "dvar2": 323429072896,
        "max": 40006208,
        "mean": 3924839,
        "median": 4146215.25,
        "min": 855357.3125,
        "var": 3.8458252329e+12
    },
    "spectral_strongpeak": {
        "dmean": 0.242082595825,
        "dmean2": 0.429319113493,
        "dvar": 0.250111818314,
        "dvar2": 0.619084358215,
        "max": 8.55742835999,
        "mean": 0.597198307514,
        "median": 0.426834732294,
        "min": 0,
        "var": 0.46237975359
    },
    "zerocrossingrate": {
        "dmean": 0.00690045999363,
        "dmean2": 0.00842737779021,
        "dvar": 6.73056929372e-05,
        "dvar2": 7.62768977438e-05,
        "max": 0.7197265625,
        "mean": 0.0679101347923,
        "median": 0.05859375,
        "min": 0.001953125,
        "var": 0.0049911425449
    },
    "barkbands": {
        "dmean": [0.000175188979483, 0.00466293282807, 0.00320157990791, 0.00128668081015, 0.0015259681968, 0.000788101751823, 0.00089914817363, 0.000797854096163, 0.000519135326613, 0.000221379479626, 0.000120809461805, 0.000311594922096, 0.000453188346, 0.000323572574416, 0.000413186731748, 0.000454573106254, 0.000386869185604, 0.000210862941458, 0.000142204749864, 9.8148600955e-05, 9.94477813947e-05, 9.57914744504e-05, 8.38907872094e-05, 4.14342321164e-05, 2.56645562331e-05, 2.71412864095e-05, 5.92399919697e-06],
        "dmean2": [0.000311123410938, 0.00789514183998, 0.00553472479805, 0.0021802901756, 0.00254270946607, 0.00126624619588, 0.0015176468296, 0.00116863462608, 0.00074947217945, 0.000332632887876, 0.000189796875929, 0.00049881672021, 0.000719078117982, 0.000525912968442, 0.000679758086335, 0.000755974964704, 0.000650997506455, 0.000354949530447, 0.000242343128775, 0.0001660620037, 0.000161554853548, 0.000148251128849, 0.000126256840304, 6.07196125202e-05, 3.57895660272e-05, 3.70587986254e-05, 8.36216986499e-06],
        "dvar": [4.82793893752e-07, 0.000167219215655, 5.6907068938e-05, 1.16178043754e-05, 6.34477146377e-06, 1.95504253497e-06, 5.99570648774e-06, 2.22862854571e-06, 1.17817342016e-06, 2.82762300685e-07, 9.50227487806e-08, 2.96715512604e-07, 3.86455354828e-07, 2.32166115666e-07, 2.65538290023e-07, 2.71474760893e-07, 1.92247213704e-07, 8.93757103881e-08, 4.6441002155e-08, 3.70168855568e-08, 4.45890968592e-08, 4.841950485e-08, 6.23619769158e-08, 1.23510215388e-08, 5.39027933399e-09, 6.69231825512e-09, 1.99098501574e-10],
        "dvar2": [1.34068761781e-06, 0.000478131667478, 0.000165191464475, 2.90604857582e-05, 1.78701920959e-05, 5.233576303e-06, 1.73959961103e-05, 4.62865318696e-06, 2.49455683843e-06, 6.16744102899e-07, 2.20752667701e-07, 6.77689683926e-07, 9.76443857326e-07, 5.92008461808e-07, 6.86388432314e-07, 7.22070467418e-07, 5.40499854651e-07, 2.37534038661e-07, 1.29241541913e-07, 1.02458749041e-07, 1.14590221756e-07, 1.03821250264e-07, 1.28940840227e-07, 2.68839421835e-08, 1.01247428219e-08, 1.34592506029e-08, 4.38437869343e-10],
        "max": [0.00758982822299, 0.153718978167, 0.10564647615, 0.0421548336744, 0.0361666604877, 0.0266031771898, 0.0399151742458, 0.043817140162, 0.0322580598295, 0.0192332360893, 0.0111081115901, 0.0202095974237, 0.0110135218129, 0.0109956264496, 0.00897608324885, 0.00798497814685, 0.0075658694841, 0.00907524768263, 0.00413761474192, 0.00390759669244, 0.00831291079521, 0.00716104265302, 0.00776326330379, 0.00352914840914, 0.00324955233373, 0.0032372600399, 0.000358796445653],
        "mean": [0.000162747615832, 0.0100987572223, 0.00806094799191, 0.00144054088742, 0.00316020823084, 0.001842770027, 0.00185556046199, 0.00236678076908, 0.00138458132278, 0.000504227937199, 0.000224173083552, 0.000724479556084, 0.00104795128573, 0.000734636385459, 0.000952178204898, 0.00109498761594, 0.00100908661261, 0.000533623504452, 0.00034520792542, 0.000225466603297, 0.000247459975071, 0.000253530131886, 0.00021807810117, 0.000114105598186, 6.763892452e-05, 6.05350796832e-05, 1.01355735751e-05],
        "median": [5.01703179907e-05, 0.00872287712991, 0.00750944251195, 0.000406219420256, 0.00217527686618, 0.00122983870097, 0.00104925606865, 0.000808673736174, 0.00058582413476, 0.000220676156459, 7.03996556695e-05, 0.000454103224911, 0.000720936397556, 0.000542242312804, 0.000717124377843, 0.000887385918759, 0.000819240231067, 0.000386688858271, 0.000260364671703, 0.000110343433334, 0.000124292229884, 0.000125240752823, 0.000103494276118, 6.71862289892e-05, 3.82161342714e-05, 2.2902564524e-05, 1.78052243882e-06],
        "min": [3.12718997592e-24, 2.83457981194e-23, 3.49624730916e-23, 4.65631381308e-24, 3.52433990817e-23, 5.19043401929e-23, 2.97111333306e-23, 7.0918166239e-23, 1.05728048388e-22, 9.24107510215e-23, 4.75779366879e-23, 5.19677898532e-23, 1.5534507692e-22, 1.15554453233e-22, 9.96041211808e-23, 1.5605416821e-22, 1.341495456e-22, 1.9163602333e-22, 1.89258888811e-22, 3.62056459341e-22, 5.12566172321e-22, 4.57656101686e-22, 7.54514280061e-22, 1.10925616865e-21, 1.34518540653e-21, 1.66478539719e-21, 2.57980326078e-21],
        "var": [3.15853100119e-07, 0.000141155032907, 6.41714359517e-05, 1.20399117804e-05, 1.08844988063e-05, 3.9756246224e-06, 6.97812129147e-06, 1.81439900189e-05, 6.92590401741e-06, 9.90221565189e-07, 2.38269606712e-07, 9.17917589049e-07, 1.2463137864e-06, 5.61352578643e-07, 6.73592921885e-07, 7.13829479082e-07, 5.37827816061e-07, 2.50273075153e-07, 9.39562099234e-08, 8.13634812857e-08, 1.18162738261e-07, 1.77464173134e-07, 2.28006939551e-07, 4.50365540416e-08, 1.97022878012e-08, 1.86844530958e-08, 3.62483043581e-10]
    },
    "erbbands": {
        "dmean": [0.110529460013, 1.15423369408, 3.52880597115, 3.98228120804, 4.2275056839, 5.63574886322, 7.24232387543, 6.08618497849, 13.1017389297, 10.2526416779, 18.8675251007, 11.4053812027, 7.97132921219, 6.8690328598, 6.8344707489, 11.928445816, 19.5513420105, 16.9535884857, 20.9008293152, 18.7735271454, 27.2809505463, 18.2636528015, 11.6840782166, 9.24973773956, 5.16713476181, 4.80370235443, 4.26710367203, 3.76750445366, 3.34342885017, 3.26780843735, 2.1998360157, 1.20268416405, 0.570910096169, 0.294672876596, 0.191451385617, 0.134891420603, 0.0475299656391, 0.00956273823977, 0.00106135883834, 3.81867102988e-05],
        "dmean2": [0.189562961459, 1.95288646221, 6.0170955658, 6.97174358368, 6.90808343887, 9.38270378113, 11.7091321945, 9.97356414795, 22.4674720764, 16.1202716827, 27.4458885193, 16.5321846008, 11.6217660904, 10.3162870407, 10.6639137268, 19.192199707, 30.7017326355, 27.5795059204, 33.4371299744, 31.4958686829, 45.6050567627, 30.9058170319, 19.6022071838, 15.7427120209, 8.78610801697, 8.12842178345, 6.9853053093, 6.11867952347, 5.23568868637, 4.96382379532, 3.31817722321, 1.78176093102, 0.835216760635, 0.422239840031, 0.26872459054, 0.188583657146, 0.0656853914261, 0.0132467737421, 0.00149237457663, 5.33127022209e-05],
        "dvar": [0.121954426169, 9.44370079041, 70.4574050903, 92.6671295166, 108.013923645, 82.4349746704, 144.971786499, 184.273849487, 1596.22644043, 340.514434814, 1326.05273438, 508.59753418, 385.302307129, 337.737426758, 201.992538452, 365.552612305, 665.802062988, 829.027038574, 834.897460938, 509.960266113, 1055.51330566, 439.547790527, 250.853393555, 168.602935791, 101.949249268, 88.9472808838, 77.9284591675, 65.2808609009, 61.0466346741, 74.4392776489, 51.8226127625, 12.2870235443, 2.48669791222, 0.838002026081, 0.278744608164, 0.162419751287, 0.0228348728269, 0.000706461840309, 6.65617835693e-06, 6.63314425609e-09],
        "dvar2": [0.342661291361, 27.2592258453, 203.666107178, 260.834197998, 278.050079346, 231.109375, 378.794128418, 511.329559326, 4648.92089844, 855.526672363, 2727.52978516, 1079.81103516, 813.657287598, 763.162658691, 466.741546631, 828.533508301, 1599.90405273, 2248.96923828, 2069.96264648, 1395.34155273, 2822.01098633, 1243.1048584, 666.110473633, 461.539581299, 282.910247803, 247.351165771, 204.627151489, 172.433441162, 137.710662842, 153.725570679, 107.851257324, 25.3484973907, 5.5757651329, 1.65706813335, 0.535654246807, 0.341679811478, 0.0458169989288, 0.00153846037574, 1.48880308188e-05, 1.44386138601e-08],
        "max": [3.90741014481, 39.3521766663, 122.501853943, 108.784210205, 190.436294556, 161.051269531, 290.719329834, 257.181182861, 578.205322266, 384.28125, 1200.7668457, 807.260009766, 719.744628906, 817.02545166, 422.007263184, 641.019836426, 556.170349121, 764.792419434, 553.20123291, 376.196044922, 506.540710449, 346.679901123, 514.895446777, 263.456817627, 248.62210083, 185.722290039, 329.570648193, 294.676177979, 201.258026123, 422.530792236, 235.045761108, 127.945648193, 70.0738220215, 36.1468544006, 23.762922287, 15.6125106812, 7.26813745499, 1.08863925934, 0.077330969274, 0.00164384860545],
        "mean": [0.219912946224, 2.58782124519, 9.24745464325, 6.44950437546, 6.8654088974, 11.3199710846, 15.3549013138, 14.061375618, 25.7166252136, 27.2360649109, 58.3000564575, 32.3619384766, 21.165309906, 16.0185642242, 16.0500774384, 30.4088401794, 47.6998596191, 42.0641822815, 47.8295288086, 47.4124221802, 66.9052047729, 52.5422744751, 33.5998497009, 24.398229599, 12.6497507095, 11.0930089951, 10.3735513687, 9.41901397705, 8.87229919434, 8.61988449097, 5.57385873795, 3.16716885567, 1.55132246017, 0.781309306622, 0.467044562101, 0.305542081594, 0.101009726524, 0.0180886406451, 0.00185190909542, 0.000103853533801],
        "median": [0.161427825689, 2.23660302162, 7.86517477036, 4.26696968079, 3.29710030556, 6.94984436035, 8.97537136078, 8.80355167389, 14.7224626541, 16.7107391357, 19.6202449799, 14.5980195999, 7.67347717285, 7.19555902481, 8.24543952942, 21.3528995514, 33.6259155273, 31.017162323, 34.8306159973, 38.9346046448, 54.8200302124, 43.4694709778, 26.0309429169, 18.4850769043, 8.21842288971, 5.16832637787, 5.16636419296, 4.9762711525, 4.10016441345, 4.38338565826, 2.62613153458, 1.70733642578, 0.934112966061, 0.423835575581, 0.240574508905, 0.133020505309, 0.0352071858943, 0.00422490900382, 0.000376970972866, 6.94602931617e-05],
        "min": [1.15493457246e-21, 5.32403047873e-21, 3.14400720268e-20, 3.59344932616e-20, 1.90290573472e-20, 1.24938975307e-19, 3.83437892738e-19, 3.91603328607e-19, 1.83660526992e-19, 1.44253660705e-18, 1.481006089e-18, 1.56481737283e-18, 3.6374928293e-18, 1.96214127576e-18, 2.43887565487e-18, 2.94141951665e-18, 7.02581983294e-18, 6.19687691209e-18, 4.56389871941e-18, 6.32104458025e-18, 1.00489201264e-17, 7.49604636858e-18, 1.05856842433e-17, 7.57134213819e-18, 1.13525402281e-17, 1.75801406961e-17, 2.56901866898e-17, 1.5705034744e-17, 1.63359601388e-17, 2.21562312306e-17, 1.98495057436e-17, 1.94029241658e-17, 1.88123304433e-17, 1.1804118804e-17, 1.1892175489e-17, 6.1082213484e-18, 3.44037941164e-18, 1.25719665784e-18, 3.37772999281e-19, 3.73918304046e-20],
        "var": [0.0994355008006, 8.22290229797, 80.4410400391, 82.4999313354, 126.87184906, 177.145065308, 361.669830322, 318.033843994, 1579.20861816, 1098.85852051, 11944.5839844, 2614.79956055, 2412.67919922, 873.58001709, 588.404602051, 1185.45825195, 2415.92602539, 2042.76489258, 2020.6550293, 1253.38684082, 2569.1887207, 1305.59716797, 801.812011719, 423.324493408, 185.377029419, 201.353683472, 197.206970215, 172.051467896, 209.937652588, 271.07611084, 173.59992981, 43.5401191711, 8.35690784454, 2.94522476196, 0.916592359543, 0.438848823309, 0.0610415041447, 0.00150384951849, 1.15849024951e-05, 1.31933957093e-08]
    },
    "gfcc": {
        "mean": [6.460958004, 102.356491089, -128.946685791, 30.7732868195, -33.4840011597, 3.73585152626, -38.9572906494, 6.50866222382, -8.44743824005, 4.4878950119, -14.7069683075, 1.56194639206, -17.5864925385],
        "cov": [[25303.4160156, -832.953552246, 1677.57922363, 1671.73937988, -1636.93469238, 2198.83789062, -112.423522949, 475.283599854, -308.786346436, 679.594299316, -513.357177734, 225.997711182, -520.078430176], [-832.953552246, 2711.20043945, -1481.71496582, -167.475234985, 504.08984375, -803.84387207, 140.961074829, -296.319396973, 213.669769287, -323.296936035, 291.474365234, -209.043197632, 138.771438599], [1677.57922363, -1481.71496582, 1441.32775879, 280.467315674, -165.794128418, 741.49609375, -16.3625240326, 281.447692871, -81.8472900391, 295.920928955, -168.844070435, 182.003936768, -124.03327179], [1671.73937988, -167.475234985, 280.467315674, 355.064575195, -105.322822571, 245.859939575, 46.3206863403, 45.8630905151, 3.45246291161, 84.8140029907, -14.601187706, 13.6262369156, -17.6595573425], [-1636.93469238, 504.08984375, -165.794128418, -105.322822571, 407.77130127, -224.140792847, 44.5624923706, -27.3380050659, 79.2103042603, -60.0657730103, 81.6453704834, -19.167678833, 52.6476325989], [2198.83789062, -803.84387207, 741.49609375, 245.859939575, -224.140792847, 613.433898926, 44.119304657, 204.313308716, -53.7815895081, 180.59425354, -98.0421447754, 90.7110900879, -89.2964324951], [-112.423522949, 140.961074829, -16.3625240326, 46.3206863403, 44.5624923706, 44.119304657, 180.275253296, 21.9017181396, 34.4143867493, -5.13091278076, 27.5899047852, -33.1353034973, 16.0353603363], [475.283599854, -296.319396973, 281.447692871, 45.8630905151, -27.3380050659, 204.313308716, 21.9017181396, 191.379180908, 25.6023330688, 83.0574111938, -44.5396537781, 33.9992713928, -28.0468254089], [-308.786346436, 213.669769287, -81.8472900391, 3.45246291161, 79.2103042603, -53.7815895081, 34.4143867493, 25.6023330688, 104.552467346, 5.08976793289, 27.4159469604, -20.1549568176, 17.022600174], [679.594299316, -323.296936035, 295.920928955, 84.8140029907, -60.0657730103, 180.59425354, -5.13091278076, 83.0574111938, 5.08976793289, 123.257904053, -26.2209091187, 34.1080818176, -34.1421852112], [-513.357177734, 291.474365234, -168.844070435, -14.601187706, 81.6453704834, -98.0421447754, 27.5899047852, -44.5396537781, 27.4159469604, -26.2209091187, 96.31665802, -7.11277484894, 28.9987125397], [225.997711182, -209.043197632, 182.003936768, 13.6262369156, -19.167678833, 90.7110900879, -33.1353034973, 33.9992713928, -20.1549568176, 34.1080818176, -7.11277484894, 84.5406570435, -6.45829057693], [-520.078430176, 138.771438599, -124.03327179, -17.6595573425, 52.6476325989, -89.2964324951, 16.0353603363, -28.0468254089, 17.022600174, -34.1421852112, 28.9987125397, -6.45829057693, 67.4704818726]],
        "icov": [[0.000168372847838, -0.000392636255128, 0.000165580480825, -0.000447437399998, 0.000362623133697, -0.00047041408834, 0.000171999374288, 6.00186149313e-06, 0.000483613373945, -0.000738032336812, 0.000983275938779, -0.000528538483195, 0.000380089943064], [-0.000392636255128, 0.00242823618464, 0.000884661276359, 0.000340236234479, -0.00197355914861, 0.000837508123368, -0.000595877761953, 0.000322553532897, -0.00237509747967, 0.00277310237288, -0.00354137900285, 0.00142348918598, 0.000279450468952], [0.000165580480825, 0.000884661276359, 0.00468143448234, -0.00145185657311, -0.00228109559976, -0.00302915205248, -0.00011352605361, 0.00048389082076, 0.000834909966215, -0.00369547959417, 0.00323090027086, -0.00350038148463, 0.00187748705503], [-0.000447437399998, 0.000340236234479, -0.00145185657311, 0.00629788497463, 0.000183935218956, -0.000993753084913, -0.000496408727486, 0.00170945120044, -0.00232324725948, 0.000538820342626, -0.00322223245166, 0.00308243907057, -0.00326074124314], [0.000362623133697, -0.00197355914861, -0.00228109559976, 0.000183935218956, 0.0064338799566, 0.0016683281865, -0.000375487667043, -0.00129208201542, -0.000300546933431, -0.000198288806132, -0.000172874308191, -0.000978717813268, -0.000595068733674], [-0.00047041408834, 0.000837508123368, -0.00302915205248, -0.000993753084913, 0.0016683281865, 0.0104625187814, -0.00346836540848, -0.00422819936648, 0.00112834398169, 0.00097897904925, -0.00288327317685, -0.000726838945411, 0.00181495444849], [0.000171999374288, -0.000595877761953, -0.00011352605361, -0.000496408727486, -0.000375487667043, -0.00346836540848, 0.00876529328525, -0.000473904132377, -0.000994910718873, 0.00150247942656, -0.00182892149314, 0.00449315877631, -0.00213730870746], [6.00186149313e-06, 0.000322553532897, 0.00048389082076, 0.00170945120044, -0.00129208201542, -0.00422819936648, -0.000473904132377, 0.0117579130456, -0.00506772333756, -0.00286303693429, 0.00327912578359, -0.00102510058787, -0.000545351067558], [0.000483613373945, -0.00237509747967, 0.000834909966215, -0.00232324725948, -0.000300546933431, 0.00112834398169, -0.000994910718873, -0.00506772333756, 0.0185982473195, -0.00793554726988, 0.00292020523921, -0.000384218932595, -0.00060247106012], [-0.000738032336812, 0.00277310237288, -0.00369547959417, 0.000538820342626, -0.000198288806132, 0.00097897904925, 0.00150247942656, -0.00286303693429, -0.00793554726988, 0.0258709304035, -0.0102219451219, 0.00428842287511, 0.00175559124909], [0.000983275938779, -0.00354137900285, 0.00323090027086, -0.00322223245166, -0.000172874308191, -0.00288327317685, -0.00182892149314, 0.00327912578359, 0.00292020523921, -0.0102219451219, 0.0264766458422, -0.00976610276848, -0.000147905913764], [-0.000528538483195, 0.00142348918598, -0.00350038148463, 0.00308243907057, -0.000978717813268, -0.000726838945411, 0.00449315877631, -0.00102510058787, -0.000384218932595, 0.00428842287511, -0.00976610276848, 0.0234595369548, -0.00561220385134], [0.000380089943064, 0.000279450468952, 0.00187748705503, -0.00326074124314, -0.000595068733674, 0.00181495444849, -0.00213730870746, -0.000545351067558, -0.00060247106012, 0.00175559124909, -0.000147905913764, -0.00561220385134, 0.0234887711704]]
    },
    "melbands": {
        "dmean": [0.00113719364163, 0.00171738164499, 0.000687790161464, 0.000348253292032, 0.000237763058976, 0.00014187261695, 0.00019547365082, 0.000118542389828, 0.000143488126923, 7.06053251633e-05, 4.08069354307e-05, 3.00580832118e-05, 2.00276572286e-05, 3.83210317523e-05, 3.65036612493e-05, 4.18903728132e-05, 3.19144783134e-05, 3.39468606398e-05, 2.72769993899e-05, 2.65222624876e-05, 3.55358533852e-05, 2.20466899918e-05, 1.79922080861e-05, 1.04837781691e-05, 8.32514797366e-06, 5.01558042743e-06, 3.16046066473e-06, 3.59854516319e-06, 3.17763169733e-06, 2.81641860056e-06, 2.39672613134e-06, 2.09862605516e-06, 1.99365968001e-06, 1.94776066564e-06, 1.44313548844e-06, 1.09780467028e-06, 6.87607951022e-07, 4.45649959602e-07, 3.63754054433e-07, 2.34109236885e-07],
        "dmean2": [0.00193504092749, 0.0029233484529, 0.00118549575564, 0.000572706921957, 0.000388011540053, 0.000232690290431, 0.000333316478645, 0.000181542010978, 0.000207702410989, 0.000102312893432, 5.93118056713e-05, 4.47809834441e-05, 3.12371303153e-05, 6.12711519352e-05, 5.78566359763e-05, 6.67707354296e-05, 5.18400884175e-05, 5.42808120372e-05, 4.58269460069e-05, 4.41611773567e-05, 5.95631099714e-05, 3.74358678528e-05, 3.02738681057e-05, 1.77449619514e-05, 1.42372118717e-05, 8.56989663589e-06, 5.40520068171e-06, 6.08561776971e-06, 5.28581495018e-06, 4.62754314867e-06, 3.93071059079e-06, 3.36025573233e-06, 3.0963469726e-06, 3.0116070775e-06, 2.22883727474e-06, 1.68821304669e-06, 1.03736078927e-06, 6.7061239406e-07, 5.33808020009e-07, 3.43208711229e-07],
        "dvar": [1.12484294732e-05, 1.7816093532e-05, 2.67634209195e-06, 3.84836880585e-07, 1.4789434033e-07, 9.99223104259e-08, 3.28984214093e-07, 3.96820958315e-08, 7.28965900976e-08, 2.08650590139e-08, 1.00546051485e-08, 6.46134479254e-09, 2.06431050032e-09, 5.13995113138e-09, 2.29409913288e-09, 4.15675849297e-09, 2.61399946133e-09, 2.32243735354e-09, 1.03333241963e-09, 1.01379782347e-09, 1.75592018703e-09, 6.20227869064e-10, 5.83865178427e-10, 2.46281578464e-10, 1.30345054195e-10, 6.89758181127e-11, 5.0572733501e-11, 4.72480631009e-11, 3.73403842568e-11, 4.33718339021e-11, 2.52652065935e-11, 2.13258143783e-11, 2.77671531601e-11, 2.7196168928e-11, 2.15941865084e-11, 1.36731494182e-11, 3.62012633412e-12, 1.3598785726e-12, 1.34611332497e-12, 5.36526064462e-13],
        "dvar2": [3.19414175465e-05, 5.15525207447e-05, 7.24723167878e-06, 1.0557458836e-06, 3.94079563648e-07, 2.78212212379e-07, 9.56874600888e-07, 9.15724029937e-08, 1.48432135916e-07, 4.50378863093e-08, 2.10942499024e-08, 1.44027429982e-08, 4.65741667455e-09, 1.17073453154e-08, 5.7054503344e-09, 1.03636130788e-08, 7.01151359195e-09, 5.77245939937e-09, 2.78653855545e-09, 2.72395683787e-09, 4.6958015254e-09, 1.76647108052e-09, 1.56846680088e-09, 6.78338551996e-10, 3.61257829207e-10, 1.9283273589e-10, 1.39283418132e-10, 1.30659066899e-10, 1.02175205796e-10, 1.05662624483e-10, 6.70191749319e-11, 5.06938969969e-11, 5.99330238216e-11, 5.95594545905e-11, 4.60502816435e-11, 2.98946770116e-11, 8.15197562232e-12, 3.20316082686e-12, 2.88769876067e-12, 1.10191521706e-12],
        "max": [0.0387588553131, 0.0534026548266, 0.0167067423463, 0.0092450780794, 0.00859632622451, 0.00571631267667, 0.0085212783888, 0.0042040636763, 0.00898934993893, 0.00434845779091, 0.00364207080565, 0.00348965520971, 0.00173316767905, 0.00275687454268, 0.00103260751348, 0.00135662674438, 0.00128217623569, 0.00106888986193, 0.000631555623841, 0.000565367576201, 0.000643993844278, 0.000467079080408, 0.000543015950825, 0.000446301826742, 0.000242738722591, 0.000174900167622, 0.000163207267178, 0.00014765036758, 0.000110977773147, 0.000370405410649, 0.000192684237845, 0.000136166840093, 0.000172679268871, 0.000251440476859, 0.000134420275572, 0.000135851354571, 6.79911026964e-05, 5.38199456059e-05, 6.98282165104e-05, 2.63683486992e-05],
        "mean": [0.00241982750595, 0.00442152051255, 0.00117408961523, 0.00068076106254, 0.00051903561689, 0.00031726717134, 0.000398051022785, 0.000331918272423, 0.000447365629952, 0.000188391903066, 0.000103914695501, 6.68926877552e-05, 4.32147498941e-05, 8.48767667776e-05, 8.68606293807e-05, 0.000101365891169, 7.36347137718e-05, 7.2376235039e-05, 6.47699926049e-05, 6.44218162051e-05, 8.07463002275e-05, 5.52250021428e-05, 4.25825564889e-05, 2.42291662289e-05, 1.96595683519e-05, 1.12211901069e-05, 6.35601873e-06, 7.64341803006e-06, 6.81667006575e-06, 5.78949357077e-06, 5.39593838766e-06, 5.06433752889e-06, 4.82486711917e-06, 4.76118248116e-06, 3.33021853294e-06, 2.51828942055e-06, 1.68574115378e-06, 1.10340249648e-06, 8.84624057562e-07, 5.69203507439e-07],
        "median": [0.00186966743786, 0.00403512688354, 0.000841474626213, 0.000414377864217, 0.000322610285366, 0.000202448922209, 0.000234077626374, 0.000188318328583, 0.000158693976118, 8.09790581116e-05, 3.4380274883e-05, 2.7516614864e-05, 1.84335294762e-05, 5.06951582793e-05, 6.36203330941e-05, 6.89968946972e-05, 5.2907726058e-05, 5.12051119586e-05, 5.17713924637e-05, 5.21938600286e-05, 6.56015326967e-05, 4.52701278846e-05, 3.15849829349e-05, 1.63064050867e-05, 1.49800634972e-05, 7.8633065641e-06, 3.11463122671e-06, 3.31629689754e-06, 3.13413556796e-06, 2.86933095595e-06, 2.74127683042e-06, 2.32040042647e-06, 2.15760405808e-06, 2.34682011069e-06, 1.47619664403e-06, 1.12938357688e-06, 9.12133202746e-07, 6.62797617679e-07, 4.82490861486e-07, 2.87131456389e-07],
        "min": [8.57908480305e-24, 1.361115752e-23, 5.58582782884e-24, 4.01514660198e-24, 1.30093229136e-23, 9.18048711365e-24, 3.23583880232e-24, 1.55129039472e-23, 1.33695026034e-23, 1.11531860573e-23, 1.83810933358e-23, 8.19325845634e-24, 7.85462098011e-24, 5.95689853232e-24, 1.43588982617e-23, 1.22509435938e-23, 1.2019464194e-23, 6.86011508095e-24, 8.3285962221e-24, 7.90206465267e-24, 1.35428958081e-23, 8.50142933554e-24, 7.72301768187e-24, 8.78997493315e-24, 5.6342157679e-24, 7.1953036573e-24, 9.04244907701e-24, 1.18802207779e-23, 1.71759994403e-23, 1.29239074214e-23, 7.72696356412e-24, 8.36449412645e-24, 1.00845650984e-23, 1.38243377133e-23, 1.05679632839e-23, 1.31257114516e-23, 1.1158252122e-23, 1.47177226884e-23, 1.03820863554e-23, 9.19333371349e-24],
        "var": [9.31537852011e-06, 1.73636362888e-05, 2.59063449448e-06, 6.80223820382e-07, 3.54624063448e-07, 1.55329217932e-07, 3.45557367609e-07, 1.76840757149e-07, 6.63242417431e-07, 1.12923444817e-07, 6.33588470578e-08, 1.74135248443e-08, 6.03832850388e-09, 1.49476253597e-08, 7.06820735275e-09, 1.31244304313e-08, 6.35629815449e-09, 5.40364819557e-09, 2.55625765e-09, 2.51636445014e-09, 4.00179223092e-09, 1.59833546398e-09, 1.50856038772e-09, 6.23650464604e-10, 2.81884821041e-10, 1.25763885417e-10, 7.69362906716e-11, 1.09401397663e-10, 8.68775329455e-11, 9.07964953223e-11, 6.00860819433e-11, 6.47236847451e-11, 8.92301510458e-11, 8.78764214174e-11, 6.72344888097e-11, 3.8774476685e-11, 1.14227976036e-11, 4.12589970869e-12, 3.91054289645e-12, 1.74770864014e-12]
    },
    "mfcc": {
        "mean": [-624.47265625, 131.438674927, -23.2342891693, 27.8855724335, 18.5024662018, 6.87997484207, -12.4560155869, 4.6388001442, -0.479162991047, 3.42013311386, 7.82591533661, 6.35945081711, 0.272834897041],
        "cov": [[12270.9580078, -603.30657959, 1738.49169922, 306.619934082, -237.611206055, 995.402038574, 310.475067139, 334.894500732, 207.034393311, 255.786621094, 71.8201446533, 374.277923584, 70.4035797119], [-603.30657959, 2009.75366211, -1049.23083496, 215.974319458, 153.420837402, -232.443008423, -37.8570404053, -27.9173374176, -134.211730957, -54.2864456177, 71.6059494019, -102.054992676, 15.4949235916], [1738.49169922, -1049.23083496, 1034.08837891, -46.1877670288, -1.28283286095, 337.487945557, 96.1533813477, 136.515609741, 131.595108032, 124.610343933, 4.19351291656, 152.568496704, 41.0114784241], [306.619934082, 215.974319458, -46.1877670288, 206.206771851, 53.4756622314, 41.5160827637, 22.1024932861, -13.3396968842, 0.029889408499, 0.400597512722, 18.0257148743, 14.7298250198, 9.82222747803], [-237.611206055, 153.420837402, -1.28283286095, 53.4756622314, 227.360839844, -1.56214916706, -13.1078453064, 27.8553962708, 17.8170604706, 24.6651077271, 25.5808696747, 12.7108297348, 17.0729999542], [995.402038574, -232.443008423, 337.487945557, 41.5160827637, -1.56214916706, 232.668045044, 82.2324447632, 63.7193069458, 34.0939025879, 44.1423950195, 11.1780776978, 66.4506988525, 25.2820720673], [310.475067139, -37.8570404053, 96.1533813477, 22.1024932861, -13.1078453064, 82.2324447632, 135.139526367, 42.5795669556, 32.2817001343, 21.8215827942, 14.3109579086, 29.8698978424, 7.02604103088], [334.894500732, -27.9173374176, 136.515609741, -13.3396968842, 27.8553962708, 63.7193069458, 42.5795669556, 130.941162109, 41.4026565552, 57.4198760986, 14.6159849167, 21.9945716858, 24.703754425], [207.034393311, -134.211730957, 131.595108032, 0.029889408499, 17.8170604706, 34.0939025879, 32.2817001343, 41.4026565552, 108.162101746, 58.5475959778, 21.9692687988, 26.2601280212, -1.59999585152], [255.786621094, -54.2864456177, 124.610343933, 0.400597512722, 24.6651077271, 44.1423950195, 21.8215827942, 57.4198760986, 58.5475959778, 103.056838989, 43.0587501526, 31.5290374756, 6.45965862274], [71.8201446533, 71.6059494019, 4.19351291656, 18.0257148743, 25.5808696747, 11.1780776978, 14.3109579086, 14.6159849167, 21.9692687988, 43.0587501526, 74.6738815308, 26.8182983398, 5.38278579712], [374.277923584, -102.054992676, 152.568496704, 14.7298250198, 12.7108297348, 66.4506988525, 29.8698978424, 21.9945716858, 26.2601280212, 31.5290374756, 26.8182983398, 76.2875137329, 22.6831016541], [70.4035797119, 15.4949235916, 41.0114784241, 9.82222747803, 17.0729999542, 25.2820720673, 7.02604103088, 24.703754425, -1.59999585152, 6.45965862274, 5.38278579712, 22.6831016541, 51.8207931519]],
