{
"lowlevel": {
    "average_loudness": 0.801203966141,
    "barkbands_crest": {
        "dmean": 1.70120155811,
        "dmean2": 2.71609449387,
        "dvar": 3.90205478668,
        "dvar2": 10.3578882217,
        "max": 22.5534420013,
        "mean": 10.1061067581,
        "median": 9.57362270355,
        "min": 2.42672777176,
        "var": 13.1334791183
    },
    "barkbands_flatness_db": {
        "dmean": 0.0197301879525,
        "dmean2": 0.0266035608947,
        "dvar": 0.000533182406798,
        "dvar2": 0.00108536810149,
        "max": 0.348846405745,
        "mean": 0.141534522176,
        "median": 0.136132821441,
        "min": 0.0264441352338,
        "var": 0.00276057003066
    },
    "barkbands_kurtosis": {
        "dmean": 1.77535676956,
        "dmean2": 2.9411714077,
        "dvar": 15.0345659256,
        "dvar2": 41.4945755005,
        "max": 59.9677505493,
        "mean": 2.78796267509,
        "median": 1.39486312866,
        "min": -1.92801487446,
        "var": 25.9757175446
    },
    "barkbands_skewness": {
        "dmean": 0.379088044167,
        "dmean2": 0.60499382019,
        "dvar": 0.305626511574,
        "dvar2": 0.805258750916,
        "max": 7.15080165863,
        "mean": 1.46872985363,
        "median": 1.41578793526,
        "min": -6.37124967575,
        "var": 1.13166153431
    },
    "barkbands_spread": {
        "dmean": 4.57186937332,
        "dmean2": 6.68529176712,
        "dvar": 40.1194458008,
        "dvar2": 87.3883361816,
        "max": 115.242889404,
        "mean": 22.6592884064,
        "median": 19.8340988159,
        "min": 2.89769673347,
        "var": 149.545776367
    },
    "dissonance": {
        "dmean": 0.0127184139565,
        "dmean2": 0.0210008211434,
        "dvar": 0.00015384357539,
        "dvar2": 0.000400903780246,
        "max": 0.500000059605,
        "mean": 0.471953809261,
        "median": 0.477204084396,
        "min": 0.318725794554,
        "var": 0.000431482301792
    },
    "dynamic_complexity": 2.70252847672,
    "erbbands_crest": {
        "dmean": 1.78173041344,
        "dmean2": 2.78941369057,
        "dvar": 3.16070795059,
        "dvar2": 7.68433856964,
        "max": 27.912437439,
        "mean": 8.32296562195,
        "median": 7.32381772995,
        "min": 2.64922451973,
        "var": 15.1170969009
    },
    "erbbands_flatness_db": {
        "dmean": 0.0166983362287,
        "dmean2": 0.0204717088491,
        "dvar": 0.000398645177484,
        "dvar2": 0.000614146876615,
        "max": 0.376315385103,
        "mean": 0.163496389985,
        "median": 0.155026137829,
        "min": 0.0368408970535,
        "var": 0.00371699500829
    },
    "erbbands_kurtosis": {
        "dmean": 0.406427532434,
        "dmean2": 0.638440430164,
        "dvar": 0.276255875826,
        "dvar2": 0.677657544613,
        "max": 14.5978145599,
        "mean": -0.353506416082,
        "median": -0.599777936935,
        "min": -1.6140884161,
        "var": 0.832193255424
    },
    "erbbands_skewness": {
        "dmean": 0.226139247417,
        "dmean2": 0.341778427362,
        "dvar": 0.0470452345908,
        "dvar2": 0.103093877435,
        "max": 2.45986557007,
        "mean": 0.0475734956563,
        "median": 0.0158309862018,
        "min": -3.66659784317,
        "var": 0.331547021866
    },
    "erbbands_spread": {
        "dmean": 5.78834581375,
        "dmean2": 8.82154941559,
        "dvar": 47.3690719604,
        "dvar2": 113.880699158,
        "max": 128.539916992,
        "mean": 40.2481498718,
        "median": 38.331703186,
        "min": 5.07752037048,
        "var": 215.289916992
    },
    "hfc": {
        "dmean": 4.89249277115,
        "dmean2": 7.30764818192,
        "dvar": 107.412460327,
        "dvar2": 277.859710693,
        "max": 169.885696411,
        "mean": 21.8762569427,
        "median": 15.8022947311,
        "min": 1.27692824072e-16,
        "var": 339.297424316
    },
    "melbands_crest": {
        "dmean": 2.24086499214,
        "dmean2": 3.56064224243,
        "dvar": 6.34135580063,
        "dvar2": 15.912519455,
        "max": 29.4999580383,
        "mean": 15.7183122635,
        "median": 15.0485715866,
        "min": 2.22274899483,
        "var": 32.1970024109
    },
    "melbands_flatness_db": {
        "dmean": 0.0234250780195,
        "dmean2": 0.0322195775807,
        "dvar": 0.000809463090263,
        "dvar2": 0.00178584677633,
        "max": 0.45642504096,
        "mean": 0.197602570057,
        "median": 0.192879766226,
        "min": 0.00638595502824,
        "var": 0.00400085281581
    },
    "melbands_kurtosis": {
        "dmean": 4.79645013809,
        "dmean2": 8.04598617554,
        "dvar": 137.692962646,
        "dvar2": 388.006378174,
        "max": 170.89263916,
        "mean": 11.2441663742,
        "median": 7.22054767609,
        "min": -1.86995697021,
        "var": 186.95640564
    },
    "melbands_skewness": {
        "dmean": 0.521820604801,
        "dmean2": 0.837088227272,
        "dvar": 0.693104803562,
        "dvar2": 1.87028479576,
        "max": 11.3953313828,
        "mean": 2.66685700417,
        "median": 2.37930083275,
        "min": -2.48654842377,
        "var": 2.12918519974
    },
    "melbands_spread": {
        "dmean": 5.22973394394,
        "dmean2": 7.92290401459,
        "dvar": 66.5603027344,
        "dvar2": 145.362426758,
        "max": 191.6121521,
        "mean": 23.5111541748,
        "median": 20.0519313812,
        "min": 1.86049163342,
        "var": 301.572113037
    },
    "pitch_salience": {
        "dmean": 0.051529597491,
        "dmean2": 0.0829516947269,
        "dvar": 0.00321160792373,
        "dvar2": 0.00837747100741,
        "max": 0.852840125561,
        "mean": 0.523505330086,
        "median": 0.526978909969,
        "min": 0.177421957254,
        "var": 0.0144954165444
    },
    "silence_rate_20dB": {
        "dmean": 0,
        "dmean2": 0,
        "dvar": 0,
        "dvar2": 0,
        "max": 1,
        "mean": 1,
        "median": 1,
        "min": 1,
        "var": 0
    },
    "silence_rate_30dB": {
        "dmean": 0.0177391953766,
        "dmean2": 0.0354817397892,
        "dvar": 0.0174241606146,
        "dvar2": 0.0453583709896,
        "max": 1,
        "mean": 0.98782902956,
        "median": 1,
        "min": 0,
        "var": 0.0120221273974
    },
    "silence_rate_60dB": {
        "dmean": 0.00301943765953,
        "dmean2": 0.00603944528848,
        "dvar": 0.00301071628928,
        "dvar2": 0.00713555468246,
        "max": 1,
        "mean": 0.0148127181455,
        "median": 0,
        "min": 0,
        "var": 0.0145936561748
    },
    "spectral_centroid": {
        "dmean": 202.463241577,
        "dmean2": 301.639434814,
        "dvar": 64479.8984375,
        "dvar2": 131384.828125,
        "max": 11192.2314453,
        "mean": 1380.2364502,
        "median": 1285.75476074,
        "min": 287.94128418,
        "var": 336686.03125
    },
    "spectral_complexity": {
        "dmean": 3.48197770119,
        "dmean2": 5.40851163864,
        "dvar": 14.1028699875,
        "dvar2": 29.3592090607,
        "max": 57,
        "mean": 22.7521457672,
        "median": 20,
        "min": 0,
        "var": 94.4627990723
    },
    "spectral_decrease": {
        "dmean": 2.21498952513e-09,
        "dmean2": 3.83029519213e-09,
        "dvar": 3.67772077315e-17,
        "dvar2": 1.04373444551e-16,
        "max": 7.79894270354e-17,
        "mean": -7.88953613551e-09,
        "median": -6.16359363548e-09,
        "min": -6.3285760632e-08,
        "var": 5.11906280732e-17
    },
    "spectral_energy": {
        "dmean": 0.00863904040307,
        "dmean2": 0.0148788373917,
        "dvar": 0.000540298642591,
        "dvar2": 0.00153110688552,
        "max": 0.242387875915,
        "mean": 0.0317611917853,
        "median": 0.0253031440079,
        "min": 1.1188247056e-20,
        "var": 0.000787070661318
    },
    "spectral_energyband_high": {
        "dmean": 0.000417511473643,
        "dmean2": 0.000612723291852,
        "dvar": 1.17926720122e-06,
        "dvar2": 2.98709528579e-06,
        "max": 0.0190717410296,
        "mean": 0.00112014147453,
        "median": 0.000284378300421,
        "min": 7.73459755412e-21,
        "var": 3.03037018057e-06
    },
    "spectral_energyband_low": {
        "dmean": 0.00677451211959,
        "dmean2": 0.0119301266968,
        "dvar": 0.000503712682985,
        "dvar2": 0.00144157849718,
        "max": 0.224302336574,
        "mean": 0.0156609192491,
        "median": 0.00189237389714,
        "min": 1.02466827986e-22,
        "var": 0.000527941214386
    },
    "spectral_energyband_middle_high": {
        "dmean": 0.00102451757994,
        "dmean2": 0.00161949323956,
        "dvar": 2.81801590063e-06,
        "dvar2": 7.3473820521e-06,
        "max": 0.0316151119769,
        "mean": 0.0044523421675,
        "median": 0.00351482932456,
        "min": 1.78749146144e-21,
        "var": 1.1454120795e-05
    },
    "spectral_energyband_middle_low": {
        "dmean": 0.00303483824246,
        "dmean2": 0.00493330042809,
        "dvar": 3.3501553844e-05,
        "dvar2": 8.76826234162e-05,
        "max": 0.0961739867926,
        "mean": 0.0115246074274,
        "median": 0.00893915258348,
        "min": 2.88482141636e-22,
        "var": 8.87184214662e-05
    },
    "spectral_entropy": {
        "dmean": 0.140921205282,
        "dmean2": 0.176673337817,
        "dvar": 0.028356552124,
        "dvar2": 0.0465817451477,
        "max": 9.80527591705,
        "mean": 7.6116104126,
        "median": 7.62214660645,
        "min": 6.22801351547,
        "var": 0.17679181695
    },
    "spectral_flux": {
        "dmean": 0.0216204933822,
        "dmean2": 0.0327323377132,
        "dvar": 0.00167274533305,
        "dvar2": 0.00313609512523,
        "max": 0.455581784248,
        "mean": 0.0670439749956,
        "median": 0.0520802624524,
        "min": 1.05774507209e-10,
        "var": 0.00307299010456
    },
    "spectral_kurtosis": {
        "dmean": 2.03566813469,
        "dmean2": 3.35310912132,
        "dvar": 9.56838512421,
        "dvar2": 26.2716426849,
        "max": 43.7756843567,
        "mean": 5.52141284943,
        "median": 4.48853540421,
        "min": -1.16954779625,
        "var": 17.450428009
    },
    "spectral_rms": {
        "dmean": 0.000600420869887,
        "dmean2": 0.000995661364868,
        "dvar": 1.64811910963e-06,
        "dvar2": 4.48016317023e-06,
        "max": 0.0153777748346,
        "mean": 0.00505318818614,
        "median": 0.00496850023046,
        "min": 3.30384049112e-12,
        "var": 5.45176590094e-06
    },
    "spectral_rolloff": {
        "dmean": 417.424499512,
        "dmean2": 673.443786621,
        "dvar": 552983.0625,
        "dvar2": 1181045.625,
        "max": 19595.2148438,
        "mean": 1607.77624512,
        "median": 1335.05859375,
        "min": 86.1328125,
        "var": 3544400.75
    },
    "spectral_skewness": {
        "dmean": 0.222306966782,
        "dmean2": 0.35874196887,
        "dvar": 0.071463227272,
        "dvar2": 0.194445490837,
        "max": 4.89652824402,
        "mean": 1.59113848209,
        "median": 1.58694040775,
        "min": -0.393054515123,
        "var": 0.214209705591
    },
    "spectral_spread": {
        "dmean": 537660,
        "dmean2": 665286.75,
        "dvar": 555623710720,
        "dvar2": 852397195264,
        "max": 40081124,
        "mean": 4335417.5,
        "median": 4142373,
        "min": 1086671.875,
        "var": 3.60069411635e+12
    },
    "spectral_strongpeak": {
        "dmean": 0.289143621922,
        "dmean2": 0.50280046463,
        "dvar": 0.30292224884,
        "dvar2": 0.794793307781,
        "max": 7.66391420364,
        "mean": 0.895858407021,
        "median": 0.652323365211,
        "min": 1.11189535357e-09,
        "var": 0.700255870819
    },
    "zerocrossingrate": {
        "dmean": 0.00990633200854,
        "dmean2": 0.010663902387,
        "dvar": 0.000154068708071,
        "dvar2": 0.00015581632033,
        "max": 0.7060546875,
        "mean": 0.0646042749286,
        "median": 0.05517578125,
        "min": 0.00439453125,
        "var": 0.00333403074183
    },
    "barkbands": {
        "dmean": [9.67631640378e-05, 0.00407218420878, 0.00278544821776, 0.000998961506411, 0.00103629182559, 0.000904900778551, 0.000595436431468, 0.00087974924827, 0.000374930910766, 0.000156468071509, 9.01838866412e-05, 0.000313534314046, 0.000271551165497, 0.00024877517717, 0.000245707167778, 0.000234435021412, 0.000197696062969, 0.000177042398718, 0.000144065605127, 0.000111513640149, 0.000136409900733, 0.000109387132397, 7.80586415203e-05, 4.98807421536e-05, 4.79550071759e-05, 3.4044340282e-05, 8.62282013259e-06],
        "dmean2": [0.000172649815795, 0.00725597888231, 0.00485926866531, 0.00171583297197, 0.00173827586696, 0.00148183887359, 0.000888483365998, 0.00132868089713, 0.000534964026883, 0.000238193955738, 0.000141095209983, 0.000492616207339, 0.000437248556409, 0.000409683067119, 0.000387312175008, 0.000379981036531, 0.000324860331602, 0.00029165414162, 0.000242333015194, 0.000187192155863, 0.000225984680583, 0.000170729283127, 0.000118955213111, 7.31400868972e-05, 6.79387230775e-05, 4.55913796031e-05, 1.19856294987e-05],
        "dvar": [1.84903797162e-07, 0.000226157731959, 6.6457221692e-05, 7.68724567024e-06, 2.92034883387e-06, 7.22039794709e-06, 1.09538996185e-06, 4.94511959914e-06, 8.40476729991e-07, 1.35052530936e-07, 7.36094207809e-08, 3.09937803422e-07, 1.99137517143e-07, 1.96139737341e-07, 1.91438530805e-07, 1.2938149041e-07, 8.19613248382e-08, 8.46461247761e-08, 1.03152522968e-07, 1.2251278747e-07, 1.85660226748e-07, 1.26667586642e-07, 4.03781221792e-08, 1.04932178502e-08, 1.16291607455e-08, 7.63533059001e-09, 7.37451988364e-10],
        "dvar2": [5.13427607984e-07, 0.000649900990538, 0.000191438040929, 2.1049314455e-05, 8.38561936689e-06, 1.97237968678e-05, 2.51496612691e-06, 1.12947736852e-05, 1.77883998731e-06, 2.97760323065e-07, 1.50712068603e-07, 6.91236721195e-07, 4.66586328685e-07, 4.94916548632e-07, 4.79999755498e-07, 3.3939230093e-07, 2.14204959548e-07, 2.32278935641e-07, 2.85351859475e-07, 3.43160536431e-07, 5.21187473623e-07, 2.98633921147e-07, 9.16462923328e-08, 2.35197568088e-08, 2.54164707059e-08, 1.52559671562e-08, 1.59044177828e-09],
        "max": [0.00501794042066, 0.15432189405, 0.114272624254, 0.0399108082056, 0.0288445726037, 0.0391848348081, 0.0210184045136, 0.0521666966379, 0.0233511589468, 0.0114384591579, 0.0110259614885, 0.015905905515, 0.0158304590732, 0.0154668241739, 0.0100001208484, 0.00668924581259, 0.00743901915848, 0.00702745467424, 0.00656723789871, 0.00937305577099, 0.00834379903972, 0.0105116674677, 0.00443583773449, 0.00261478917673, 0.00188340805471, 0.00130679795984, 0.000437208655057],
        "mean": [9.90648404695e-05, 0.00774321798235, 0.00685259187594, 0.00145027728286, 0.00238855578937, 0.00211721612141, 0.0016570573207, 0.00290720583871, 0.000942694954574, 0.000354021933163, 0.00015820444969, 0.000678768497892, 0.000575280108023, 0.000461144954897, 0.000520025321748, 0.000513625971507, 0.000439991679741, 0.000392334681237, 0.000302159343846, 0.000215084088268, 0.000306741450913, 0.000231418918702, 0.000181405688636, 0.000109448141302, 8.95865523489e-05, 6.12341391388e-05, 1.28015417431e-05],
        "median": [3.27711688897e-07, 7.32639018679e-05, 0.000610220362432, 0.000509918085299, 0.00177978514694, 0.00100019772071, 0.000801004003733, 0.000516936241183, 0.000294439145364, 0.000167472433532, 7.40151517675e-05, 0.000418488343712, 0.000390820758184, 0.000302828411805, 0.000281846005237, 0.000283770030364, 0.000313225551508, 0.000240849607508, 0.000158357055625, 5.71355958527e-05, 5.48465868633e-05, 5.3444855439e-05, 4.15401846112e-05, 2.12023987842e-05, 2.10139260162e-05, 9.03268119146e-06, 5.06620608576e-07],
        "min": [8.44163762323e-24, 3.34597751087e-23, 4.60572179664e-23, 2.46930944492e-23, 1.96516642642e-23, 2.06695961768e-23, 5.31341932768e-23, 7.33797972274e-23, 4.49474074242e-23, 7.97762916547e-23, 1.04837058395e-22, 1.03409276954e-22, 1.47387123839e-22, 8.96213830369e-23, 1.13672483549e-22, 1.3464595999e-22, 9.01940329452e-23, 5.26691805991e-22, 2.75985146015e-22, 2.761785116e-22, 4.80397106182e-22, 3.76159701983e-22, 5.74747798698e-22, 9.88352493798e-22, 1.09639851845e-21, 1.62036977668e-21, 2.8842941796e-21],
        "var": [1.29699913032e-07, 0.000198725421797, 0.000102392739791, 7.12109340384e-06, 4.94851110489e-06, 1.20459344544e-05, 4.86413273393e-06, 3.65954983863e-05, 4.40183748651e-06, 6.81426058691e-07, 1.85438324252e-07, 9.9215640148e-07, 5.26951680513e-07, 3.71850632064e-07, 4.62893893882e-07, 3.66171235555e-07, 1.8952873404e-07, 2.0064665307e-07, 1.81534645094e-07, 1.71360170498e-07, 3.37854061172e-07, 3.09361638529e-07, 1.287563407e-07, 3.07084455642e-08, 2.38146267151e-08, 1.66831277681e-08, 1.29880073363e-09]
    },
    "erbbands": {
        "dmean": [0.0846937224269, 1.04068946838, 3.08784723282, 3.52975344658, 2.9730951786, 3.79264259338, 5.75963163376, 8.14830207825, 8.02283477783, 10.8167982101, 20.0457134247, 8.05476474762, 5.97067642212, 5.16679382324, 5.2294716835, 12.6771726608, 10.9358196259, 14.1064414978, 11.875207901, 10.2066402435, 13.3090753555, 9.61151981354, 10.3599758148, 7.38518333435, 6.32226610184, 4.7559967041, 5.95530462265, 4.95801258087, 4.10732030869, 2.95702910423, 2.0010342598, 1.32807266712, 0.752421021461, 0.567877292633, 0.331956297159, 0.18240198493, 0.0526919402182, 0.0138008622453, 0.00148717255797, 5.18936176377e-05],
        "dmean2": [0.149242371321, 1.8624112606, 5.42546224594, 6.10898256302, 4.9977388382, 6.42943334579, 9.39675331116, 13.461265564, 12.261724472, 15.6904430389, 30.1074485779, 11.7744350433, 8.72185993195, 7.75339794159, 7.99052190781, 19.9445915222, 17.5404319763, 23.2424926758, 18.6075706482, 16.1693401337, 21.9966163635, 15.6820135117, 16.9774150848, 12.2056922913, 10.6127443314, 7.91037845612, 9.93841457367, 8.13423728943, 6.44840431213, 4.52151966095, 3.05991148949, 1.97599005699, 1.11910283566, 0.831459403038, 0.469566762447, 0.251620352268, 0.0716012343764, 0.0190889313817, 0.00205451645888, 7.14588677511e-05],
        "dvar": [0.111819989979, 14.1823940277, 89.864906311, 92.7495040894, 37.723197937, 39.5405578613, 114.870246887, 774.891296387, 260.330780029, 491.554077148, 2497.45410156, 427.707244873, 209.871200562, 171.475509644, 137.247940063, 565.987792969, 260.476348877, 575.213928223, 505.815734863, 375.576934814, 416.981658936, 211.005569458, 253.873931885, 202.1065979, 287.145965576, 234.368850708, 328.712738037, 271.083862305, 180.756698608, 75.4070205688, 29.2125778198, 8.2431306839, 2.61907029152, 1.73417139053, 0.572946608067, 0.196873128414, 0.018718065694, 0.00179426069371, 2.12536742765e-05, 2.00761149927e-08],
        "dvar2": [0.312949448824, 41.1504554749, 259.932403564, 261.251617432, 105.680854797, 114.4815979, 313.670837402, 2124.71655273, 608.324890137, 1053.29675293, 5731.34716797, 984.112487793, 397.321929932, 371.184143066, 279.173065186, 1277.72680664, 645.800231934, 1424.75073242, 1276.68481445, 935.05859375, 1146.56982422, 549.945922852, 691.974243164, 543.199462891, 802.383789062, 656.18182373, 927.196105957, 751.004272461, 438.525390625, 165.700790405, 68.0832214355, 18.8665962219, 6.04640293121, 4.09752702713, 1.19789338112, 0.397950798273, 0.0369834043086, 0.00391544215381, 4.54480104963e-05, 4.28312496581e-08],
        "max": [3.42173266411, 39.8169517517, 122.246528625, 110.59211731, 114.535766602, 116.152702332, 177.934387207, 392.656677246, 297.641265869, 576.247375488, 1038.4921875, 593.438049316, 530.997741699, 449.546905518, 436.613128662, 808.973693848, 345.282928467, 805.798095703, 596.8203125, 594.653076172, 426.145507812, 306.256378174, 330.380950928, 334.687805176, 362.503448486, 340.125366211, 464.74118042, 304.227233887, 432.621368408, 218.083221436, 143.628845215, 74.6415634155, 38.0448913574, 24.024597168, 11.78647995, 6.38914203644, 2.1924226284, 0.724913418293, 0.0726617798209, 0.00222434289753],
        "mean": [0.11958720535, 2.11225914955, 8.17436790466, 6.16850042343, 5.58639907837, 7.85127258301, 13.0860338211, 18.7604427338, 22.6144752502, 33.5356559753, 65.405166626, 23.1976909637, 14.3413705826, 12.2073745728, 12.1298589706, 28.0832271576, 25.3586521149, 28.3354148865, 26.3742637634, 24.6079120636, 29.0396442413, 23.8542442322, 24.9491844177, 16.5412273407, 13.1839313507, 10.032661438, 13.8092918396, 9.83326435089, 8.50695514679, 6.84738397598, 4.58990383148, 2.92926096916, 1.54416298866, 1.02817606926, 0.611509203911, 0.329355895519, 0.0941783040762, 0.0212273932993, 0.00224948883988, 0.000107570012915],
        "median": [0.00088776787743, 0.0281472057104, 0.440857946873, 2.66226768494, 3.32858395576, 5.44525957108, 8.10508155823, 5.74476385117, 10.7726621628, 15.9531078339, 13.1644201279, 6.68495512009, 7.01709842682, 5.29000377655, 6.88148784637, 17.4837112427, 18.0156517029, 18.8471317291, 14.1113739014, 14.0756511688, 17.352771759, 17.4146614075, 16.8335494995, 10.4861240387, 5.08381986618, 2.71051931381, 2.25895524025, 2.12646245956, 1.91429591179, 1.56677782536, 1.05135381222, 0.584288597107, 0.319427251816, 0.246547996998, 0.129339382052, 0.0579019263387, 0.011870666407, 0.0014165166067, 0.000116306575364, 4.31297194154e-05],
        "min": [4.26979737084e-22, 9.88368387136e-21, 4.86847618523e-20, 8.16992138475e-20, 5.07660775204e-20, 7.47013111018e-20, 1.72599170573e-19, 1.46760348833e-19, 5.55597106623e-19, 9.02794536515e-19, 1.7921804753e-18, 1.19637117227e-18, 2.70359392361e-18, 1.73685946311e-18, 4.66434781068e-18, 4.60138489041e-18, 6.81382998555e-18, 5.69655051473e-18, 5.48032881133e-18, 6.58136700442e-18, 6.74414704998e-18, 9.0457220969e-18, 2.68484777754e-17, 1.48882005066e-17, 1.48024533099e-17, 1.30181420106e-17, 1.91146947357e-17, 1.74473451206e-17, 1.48428825895e-17, 1.13436240483e-17, 1.8985054027e-17, 1.7800839101e-17, 1.715459763e-17, 1.14219266195e-17, 9.11928575032e-18, 5.81935457565e-18, 2.728724291e-18, 1.35552092892e-18, 3.79512171099e-19, 4.53482577657e-20],
        "var": [0.0868618488312, 13.0912351608, 131.340652466, 104.379211426, 52.2586288452, 69.5797805786, 223.599960327, 1344.91503906, 905.895263672, 2455.14941406, 17807.859375, 2169.05029297, 1052.96496582, 879.3125, 480.037078857, 1715.31616211, 657.91003418, 1557.14733887, 1260.50061035, 1002.96508789, 1067.09814453, 504.058013916, 634.040710449, 387.106719971, 489.712341309, 341.799499512, 715.684143066, 369.021118164, 410.569915771, 235.262191772, 85.3864974976, 24.6260242462, 6.11166238785, 3.05006361008, 1.25291287899, 0.425243228674, 0.0417666509748, 0.00318956351839, 3.80782694265e-05, 3.83409108906e-08]
    },
    "gfcc": {
        "mean": [-2.93626332283, 89.4757080078, -130.415863037, 21.4023647308, -53.3570137024, 0.517382323742, -47.82421875, 0.987904429436, -22.3502635956, -0.181653901935, -16.0279102325, -2.70941400528, -20.7662830353],
        "cov": [[12661.9111328, -1269.23706055, 1385.26745605, 1233.31677246, -453.380767822, 1099.66418457, 7.31207895279, 676.243469238, 181.135650635, 687.998657227, -372.673797607, 98.6799621582, -180.207580566], [-1269.23706055, 2308.95214844, -930.696655273, -195.9793396, 412.686981201, -410.652801514, 143.194747925, -205.5962677, 125.007476807, -316.374298096, 250.327392578, -129.187667847, 60.2627754211], [1385.26745605, -930.696655273, 1390.54052734, 507.058563232, 269.526824951, 598.652832031, 195.092773438, 345.583526611, 141.056762695, 346.274902344, -108.185150146, 128.947921753, -25.3850879669], [1233.31677246, -195.9793396, 507.058563232, 656.596984863, 176.201904297, 349.804748535, 204.273773193, 178.838821411, 153.563537598, 184.359802246, -23.3458824158, 20.839963913, 17.2998542786], [-453.380767822, 412.686981201, 269.526824951, 176.201904297, 497.697052002, 119.113739014, 191.065719604, 68.3935699463, 112.314147949, 31.2356891632, 82.6991882324, 11.2613983154, 32.9344940186], [1099.66418457, -410.652801514, 598.652832031, 349.804748535, 119.113739014, 435.443237305, 136.656204224, 210.898895264, 86.4868621826, 174.72618103, -41.5693130493, 47.4080581665, -10.4632673264], [7.31207895279, 143.194747925, 195.092773438, 204.273773193, 191.065719604, 136.656204224, 266.197937012, 94.3171615601, 98.1644973755, 58.0130805969, 26.6010456085, -10.13920784, 17.5491828918], [676.243469238, -205.5962677, 345.583526611, 178.838821411, 68.3935699463, 210.898895264, 94.3171615601, 199.983978271, 82.7687911987, 116.525123596, -27.4346313477, 16.3762950897, -6.37720870972], [181.135650635, 125.007476807, 141.056762695, 153.563537598, 112.314147949, 86.4868621826, 98.1644973755, 82.7687911987, 150.362930298, 62.4563407898, 4.21459150314, -6.67231559753, 5.2569231987], [687.998657227, -316.374298096, 346.274902344, 184.359802246, 31.2356891632, 174.72618103, 58.0130805969, 116.525123596, 62.4563407898, 171.784286499, -36.8799285889, 22.398601532, -7.38982725143], [-372.673797607, 250.327392578, -108.185150146, -23.3458824158, 82.6991882324, -41.5693130493, 26.6010456085, -27.4346313477, 4.21459150314, -36.8799285889, 106.949302673, 18.0014724731, 17.2384243011], [98.6799621582, -129.187667847, 128.947921753, 20.839963913, 11.2613983154, 47.4080581665, -10.13920784, 16.3762950897, -6.67231559753, 22.398601532, 18.0014724731, 87.5596542358, 10.2700242996], [-180.207580566, 60.2627754211, -25.3850879669, 17.2998542786, 32.9344940186, -10.4632673264, 17.5491828918, -6.37720870972, 5.2569231987, -7.38982725143, 17.2384243011, 10.2700242996, 62.6743354797]],
        "icov": [[0.000169248174643, -0.000200553418836, 5.39060711162e-05, -0.000257684616372, 0.000276853796095, -0.000260372034973, 0.000226656586165, -0.000316301826388, 0.000316937715979, -0.000501644972246, 0.000413243746152, -0.000285733782221, 0.00033526509651], [-0.000200553418836, 0.00169024453498, 0.000717891438399, 0.000291249656584, -0.00149092741776, 0.00057807128178, -0.000506208336446, 0.000411381159211, -0.0019520977512, 0.00193799368571, -0.00164838030469, 0.00106093171053, -0.000256138417171], [5.39060711162e-05, 0.000717891438399, 0.00384127581492, -6.72842070344e-05, -0.00225245696492, -0.00188982486725, -0.000111995272164, -0.00116235390306, 6.43485964247e-06, -0.00236866204068, 0.0026226376649, -0.00321585847996, 0.00134614738636], [-0.000257684616372, 0.000291249656584, -6.72842070344e-05, 0.00388900376856, -0.000406372972066, -0.00183374376502, -0.00129940081388, 0.00157989398576, -0.00212114979513, -0.0006693538744, -0.000493580882903, 0.000789660552982, -0.00158433173783], [0.000276853796095, -0.00149092741776, -0.00225245696492, -0.000406372972066, 0.00566124124452, -0.000416570488596, -0.00090602086857, 0.000345329259289, -3.29985268763e-05, 7.23611447029e-06, -0.00212390162051, 0.000763618038036, -0.000863501685672], [-0.000260372034973, 0.00057807128178, -0.00188982486725, -0.00183374376502, -0.000416570488596, 0.00912495981902, -0.00102950131986, -0.0036915098317, 0.000857870152686, 0.00098004762549, -0.0011713646818, 5.30100878677e-05, 0.000448276638053], [0.000226656586165, -0.000506208336446, -0.000111995272164, -0.00129940081388, -0.00090602086857, -0.00102950131986, 0.00743742380291, -0.0016963116359, -0.000763011048548, -0.000479433336295, -0.000722301774658, 0.00160248938482, -0.000555601669475], [-0.000316301826388, 0.000411381159211, -0.00116235390306, 0.00157989398576, 0.000345329259289, -0.0036915098317, -0.0016963116359, 0.0140593722463, -0.00450496235862, -0.00145802146289, -0.00104876456317, 0.00177853705827, -0.00090113870101], [0.000316937715979, -0.0019520977512, 6.43485964247e-06, -0.00212114979513, -3.29985268763e-05, 0.000857870152686, -0.000763011048548, -0.00450496235862, 0.0143949696794, -0.00473839230835, 0.00237366487272, -0.000743669283111, 0.000995088252239], [-0.000501644972246, 0.00193799368571, -0.00236866204068, -0.0006693538744, 7.23611447029e-06, 0.00098004762549, -0.000479433336295, -0.00145802146289, -0.00473839230835, 0.0178329497576, -0.00260926387273, 0.00250367354602, -0.00112721975893], [0.000413243746152, -0.00164838030469, 0.0026226376649, -0.000493580882903, -0.00212390162051, -0.0011713646818, -0.000722301774658, -0.00104876456317, 0.00237366487272, -0.00260926387273, 0.0186361260712, -0.00869732815772, 0.00078031088924], [-0.000285733782221, 0.00106093171053, -0.00321585847996, 0.000789660552982, 0.000763618038036, 5.30100878677e-05, 0.00160248938482, 0.00177853705827, -0.000743669283111, 0.00250367354602, -0.00869732815772, 0.0191912204027, -0.00441730860621], [0.00033526509651, -0.000256138417171, 0.00134614738636, -0.00158433173783, -0.000863501685672, 0.000448276638053, -0.000555601669475, -0.00090113870101, 0.000995088252239, -0.00112721975893, 0.00078031088924, -0.00441730860621, 0.0190336313099]]
    },
    "melbands": {
        "dmean": [0.000946416112129, 0.00153421075083, 0.000567738956306, 0.000239415079704, 0.000182707473869, 0.000175542212673, 0.000124072292238, 0.000132935878355, 0.00014832164743, 4.97678374813e-05, 3.04163859255e-05, 2.22261387535e-05, 1.44663799801e-05, 3.5071378079e-05, 2.88157516479e-05, 2.77760991594e-05, 2.5739074772e-05, 1.93166506506e-05, 1.60655818036e-05, 1.48815061038e-05, 1.65510900842e-05, 9.73548048933e-06, 1.4395587641e-05, 7.72826388129e-06, 6.49384764984e-06, 5.93286540607e-06, 3.94239896195e-06, 3.39322127729e-06, 4.35681749877e-06, 3.63129402103e-06, 2.8423535241e-06, 2.65248309006e-06, 2.06527602131e-06, 1.73321870989e-06, 1.32706622935e-06, 1.10909854811e-06, 7.35462151624e-07, 5.48328500827e-07, 5.26150529367e-07, 4.91579442041e-07],
        "dmean2": [0.00167360110208, 0.00271429657005, 0.000978279975243, 0.000404406135203, 0.000299483159324, 0.000288459821604, 0.000188390113181, 0.000194968728465, 0.000222894144827, 7.19892705092e-05, 4.43069657194e-05, 3.33036914526e-05, 2.20992387767e-05, 5.47088238818e-05, 4.52287749795e-05, 4.52993299405e-05, 4.24143945565e-05, 3.04267960018e-05, 2.55759478023e-05, 2.33934188145e-05, 2.75486399914e-05, 1.60449471878e-05, 2.36775395024e-05, 1.28099381982e-05, 1.07976957224e-05, 1.00265560832e-05, 6.61078047415e-06, 5.67051984035e-06, 7.31432783141e-06, 6.11255700278e-06, 4.67202835353e-06, 4.22477614848e-06, 3.19103287438e-06, 2.69486918114e-06, 2.08978372029e-06, 1.71104602487e-06, 1.11685767479e-06, 8.3835186615e-07, 7.87322790075e-07, 7.33059607683e-07],
        "dvar": [1.31160086312e-05, 2.49321619776e-05, 2.14832243728e-06, 1.75523922508e-07, 1.06614940876e-07, 3.35309266575e-07, 5.46582299421e-08, 8.58332143139e-08, 1.27482863377e-07, 1.56546704488e-08, 5.50676215738e-09, 3.21853854679e-09, 1.37409517098e-09, 4.56858062492e-09, 1.78099901493e-09, 1.94490290539e-09, 1.95904670264e-09, 1.38147693285e-09, 8.73498939846e-10, 7.38479166706e-10, 6.55242471392e-10, 2.4256849307e-10, 4.04596856018e-10, 1.83771498019e-10, 1.52055215641e-10, 1.86364645938e-10, 1.58018542695e-10, 1.13745110553e-10, 1.58663526761e-10, 1.7247217543e-10, 7.70760261171e-11, 6.95373342241e-11, 5.07443809195e-11, 2.12752558626e-11, 1.32816006457e-11, 7.17101421646e-12, 2.36773643227e-12, 1.39229253127e-12, 1.33573631756e-12, 1.31244732963e-12],
        "dvar2": [3.73529655917e-05, 7.22777404008e-05, 6.05250079388e-06, 5.08351376993e-07, 2.93249343031e-07, 9.13048097573e-07, 1.28546190581e-07, 1.88423030067e-07, 2.91322436397e-07, 3.51102684704e-08, 1.0417167573e-08, 6.94363455622e-09, 2.70153166504e-09, 9.77359349008e-09, 4.20772394705e-09, 4.71532679569e-09, 4.88529794396e-09, 3.50932305437e-09, 2.24496532475e-09, 1.79194681316e-09, 1.80419224005e-09, 6.45435316304e-10, 1.06826536506e-09, 5.09023545536e-10, 4.06794431473e-10, 5.21864051972e-10, 4.3408571182e-10, 3.19514859015e-10, 4.46963549505e-10, 4.88838136636e-10, 2.08473405205e-10, 1.74447872814e-10, 1.16862242105e-10, 4.89864468434e-11, 3.2345039841e-11, 1.70600686356e-11, 5.45756669024e-12, 3.28820629579e-12, 3.16131582717e-12, 3.13504495801e-12],
        "max": [0.0372073985636, 0.0548645406961, 0.0164643339813, 0.00666425703093, 0.00490458123386, 0.00835084170103, 0.00443037645891, 0.00687192799523, 0.00690759764984, 0.00316668790765, 0.00267322058789, 0.00193408306222, 0.00182289630175, 0.00230370694771, 0.00108064780943, 0.00164347689133, 0.00147132063285, 0.00111137062777, 0.000861485139467, 0.000516314175911, 0.000453252112493, 0.000318894075463, 0.000536212755833, 0.000209640071262, 0.000306921225274, 0.000247326446697, 0.00024101222516, 0.000240708090132, 0.000340929022059, 0.000299127685139, 0.000183727330295, 0.000263333815383, 0.000208396755625, 0.000102318961581, 9.90168264252e-05, 8.21215362521e-05, 4.1154838982e-05, 2.98308204947e-05, 1.87603018276e-05, 2.49190015893e-05],
        "mean": [0.00158944597933, 0.00389696541242, 0.00107651704457, 0.000470344151836, 0.000428652856499, 0.000400874152547, 0.000359029945685, 0.00043334934162, 0.00047529238509, 0.000128847284941, 6.97864306858e-05, 5.00880960317e-05, 3.01643904095e-05, 7.32572225388e-05, 6.34825410089e-05, 5.84376903134e-05, 4.95872009196e-05, 4.0161110519e-05, 3.35282747983e-05, 3.47162458638e-05, 3.25427063217e-05, 2.13614384847e-05, 3.09131974063e-05, 1.63177610375e-05, 1.29935187942e-05, 1.15710045065e-05, 6.7827586463e-06, 6.46242642688e-06, 1.0037998436e-05, 6.33078707324e-06, 5.34248965778e-06, 5.07607546751e-06, 4.03468948207e-06, 3.83033739126e-06, 2.79111850432e-06, 2.24855421038e-06, 1.54082169956e-06, 1.07076846234e-06, 9.42357928579e-07, 8.44956218771e-07],
        "median": [1.24561647681e-05, 0.000181420487934, 0.000541196088307, 0.000318519538268, 0.000286735739792, 0.00013734906679, 0.000180104689207, 0.00017058220692, 9.29361631279e-05, 3.98374577344e-05, 3.27643574565e-05, 2.01579059649e-05, 1.63437161973e-05, 4.11455039284e-05, 4.35590409325e-05, 4.01741053793e-05, 3.25319233525e-05, 2.12616869248e-05, 1.96473811229e-05, 1.72077598108e-05, 1.86036922969e-05, 1.46559696077e-05, 2.2271531634e-05, 9.37385539146e-06, 8.34819911688e-06, 4.97734026794e-06, 1.87900570836e-06, 1.58441548592e-06, 1.36727476274e-06, 1.3239459804e-06, 1.1194738363e-06, 1.09313145913e-06, 8.9511678425e-07, 8.09039931937e-07, 6.02843840625e-07, 4.97731377891e-07, 2.83724460814e-07, 2.00382643811e-07, 2.16056804447e-07, 1.97054049522e-07],
        "min": [7.21961871698e-24, 2.17977051366e-23, 1.28385558269e-23, 4.07508780343e-24, 5.31149592702e-24, 3.44891486598e-24, 9.48250645551e-24, 1.08332556286e-23, 1.49345079761e-23, 6.79646426109e-24, 1.34276810952e-23, 5.75607150636e-24, 1.53421770924e-23, 1.04356389668e-23, 1.32678278991e-23, 1.69720536527e-23, 9.15151304146e-24, 8.21748831904e-24, 8.44136309964e-24, 8.89380717208e-24, 7.03933875659e-24, 5.23951710259e-24, 2.39841909076e-23, 2.17462240739e-23, 1.06858214697e-23, 1.17688020637e-23, 9.56415119262e-24, 8.09381465062e-24, 1.05221541311e-23, 1.42124557009e-23, 8.53235583847e-24, 8.74559598521e-24, 6.06858545929e-24, 6.51665608687e-24, 1.15155524696e-23, 9.202966494e-24, 1.15968122425e-23, 1.32699246914e-23, 9.10035304517e-24, 9.80029276029e-24],
        "var": [1.06619754661e-05, 3.04781515297e-05, 2.522417617e-06, 2.67005162868e-07, 2.0550305635e-07, 5.75934677727e-07, 2.0757670427e-07, 5.46124624634e-07, 9.04349121811e-07, 7.93958179202e-08, 2.73644822357e-08, 1.69372498249e-08, 4.53262760658e-09, 1.54063339863e-08, 4.60201698971e-09, 5.86015547199e-09, 4.87093743118e-09, 3.13977888133e-09, 1.81554893341e-09, 2.16044093726e-09, 1.50404599886e-09, 4.96938656891e-10, 9.58500612214e-10, 3.92144650085e-10, 2.6371516082e-10, 3.38328781657e-10, 2.04287281536e-10, 1.6250650825e-10, 4.44072612016e-10, 1.82747442179e-10, 1.16924775417e-10, 1.39378480979e-10, 1.29250429803e-10, 6.45778638897e-11, 3.49711926084e-11, 1.74514326601e-11, 7.06042776327e-12, 3.13009796034e-12, 2.43261639131e-12, 2.2424202252e-12]
    },
    "mfcc": {
        "mean": [-639.32208252, 123.291717529, -18.351354599, 17.5753383636, 6.83762168884, -0.828567743301, -12.0363178253, -2.77143073082, -10.10197258, -5.16193342209, 4.31265497208, 2.18334269524, -4.34310007095],
        "cov": [[6552.46972656, -1352.11535645, 1412.44030762, 522.857055664, 145.559082031, 613.638122559, 146.947479248, 178.277267456, 516.329467773, 482.82925415, 152.885955811, 331.116119385, 166.910720825], [-1352.11535645, 1821.99023438, -748.291015625, -34.4005126953, 127.475669861, -191.036331177, 6.27137041092, 51.3686561584, -165.271636963, -113.764167786, 42.8569374084, -78.3514099121, -21.512845993], [1412.44030762, -748.291015625, 899.19909668, 233.908569336, 183.046264648, 352.744232178, 144.007247925, 146.059524536, 285.584686279, 226.243865967, 78.4082336426, 167.093399048, 108.217987061], [522.857055664, -34.4005126953, 233.908569336, 370.70098877, 162.57800293, 221.636657715, 117.854393005, 102.214401245, 159.881820679, 132.14781189, 63.3481254578, 105.539001465, 72.8793945312], [145.559082031, 127.475669861, 183.046264648, 162.57800293, 316.900085449, 161.709136963, 120.439308167, 97.4832305908, 106.559410095, 92.9730758667, 57.6314277649, 61.8754348755, 60.2564811707], [613.638122559, -191.036331177, 352.744232178, 221.636657715, 161.709136963, 304.160247803, 134.340621948, 118.013725281, 161.1849823, 143.933105469, 62.2761306763, 95.4343414307, 65.9698638916], [146.947479248, 6.27137041092, 144.007247925, 117.854393005, 120.439308167, 134.340621948, 210.472564697, 89.025680542, 92.7113571167, 76.3099136353, 47.4508285522, 58.5254631042, 33.7217597961], [178.277267456, 51.3686561584, 146.059524536, 102.214401245, 97.4832305908, 118.013725281, 89.025680542, 161.449783325, 75.8404769897, 84.1688079834, 45.696598053, 43.2388877869, 49.3083152771], [516.329467773, -165.271636963, 285.584686279, 159.881820679, 106.559410095, 161.1849823, 92.7113571167, 75.8404769897, 229.175064087, 143.402450562, 54.0985984802, 101.080993652, 50.1588096619], [482.82925415, -113.764167786, 226.243865967, 132.14781189, 92.9730758667, 143.933105469, 76.3099136353, 84.1688079834, 143.402450562, 181.491424561, 62.5085868835, 77.467590332, 43.3716545105], [152.885955811, 42.8569374084, 78.4082336426, 63.3481254578, 57.6314277649, 62.2761306763, 47.4508285522, 45.696598053, 54.0985984802, 62.5085868835, 84.4228820801, 52.1649894714, 28.1245422363], [331.116119385, -78.3514099121, 167.093399048, 105.539001465, 61.8754348755, 95.4343414307, 58.5254631042, 43.2388877869, 101.080993652, 77.467590332, 52.1649894714, 117.569564819, 49.0120353699], [166.910720825, -21.512845993, 108.217987061, 72.8793945312, 60.2564811707, 65.9698638916, 33.7217597961, 49.3083152771, 50.1588096619, 43.3716545105, 28.1245422363, 49.0120353699, 80.0731430054]],
