{
"lowlevel": {
    "average_loudness": 0.965008318424,
    "barkbands_crest": {
        "dmean": 2.2629404068,
        "dmean2": 3.59940838814,
        "dvar": 4.24844694138,
        "dvar2": 10.5692424774,
        "max": 25.9593505859,
        "mean": 10.3202104568,
        "median": 9.79893684387,
        "min": 2.50264453888,
        "var": 12.4220476151
    },
    "barkbands_flatness_db": {
        "dmean": 0.0258630625904,
        "dmean2": 0.0381950847805,
        "dvar": 0.000752031104639,
        "dvar2": 0.00155547191389,
        "max": 0.464145392179,
        "mean": 0.156341388822,
        "median": 0.149147450924,
        "min": 0.0220164246857,
        "var": 0.00364545732737
    },
    "barkbands_kurtosis": {
        "dmean": 4.85717391968,
        "dmean2": 7.82291316986,
        "dvar": 126.082984924,
        "dvar2": 336.65133667,
        "max": 805.035949707,
        "mean": 8.92065620422,
        "median": 3.28416824341,
        "min": -1.95889294147,
        "var": 1218.26013184
    },
    "barkbands_skewness": {
        "dmean": 0.635347008705,
        "dmean2": 0.950735867023,
        "dvar": 0.623161971569,
        "dvar2": 1.34592747688,
        "max": 23.883392334,
        "mean": 1.97326743603,
        "median": 1.77729558945,
        "min": -6.48843383789,
        "var": 2.9717464447
    },
    "barkbands_spread": {
        "dmean": 5.7177491188,
        "dmean2": 8.66051864624,
        "dvar": 67.9006500244,
        "dvar2": 136.497833252,
        "max": 113.143249512,
        "mean": 17.7424812317,
        "median": 13.9498577118,
        "min": 0.235023349524,
        "var": 204.904251099
    },
    "dissonance": {
        "dmean": 0.0180203523487,
        "dmean2": 0.029568688944,
        "dvar": 0.000431589753134,
        "dvar2": 0.00114982726518,
        "max": 0.5,
        "mean": 0.45240342617,
        "median": 0.464371144772,
        "min": 0.176863461733,
        "var": 0.00149162311573
    },
    "dynamic_complexity": 2.63122868538,
    "erbbands_crest": {
        "dmean": 2.06096291542,
        "dmean2": 3.14415740967,
        "dvar": 3.97895145416,
        "dvar2": 9.4497013092,
        "max": 29.3428382874,
        "mean": 9.09294509888,
        "median": 8.08414077759,
        "min": 2.43082952499,
        "var": 18.2422466278
    },
    "erbbands_flatness_db": {
        "dmean": 0.0201615225524,
        "dmean2": 0.0256183110178,
        "dvar": 0.000402323697926,
        "dvar2": 0.000612775911577,
        "max": 0.420618265867,
        "mean": 0.164743244648,
        "median": 0.160344198346,
        "min": 0.062351282686,
        "var": 0.00273973285221
    },
    "erbbands_kurtosis": {
        "dmean": 0.797518610954,
        "dmean2": 1.26169204712,
        "dvar": 2.60293054581,
        "dvar2": 7.61102056503,
        "max": 104.606086731,
        "mean": 1.13354206085,
        "median": -0.424711704254,
        "min": -1.76901853085,
        "var": 60.549407959
    },
    "erbbands_skewness": {
        "dmean": 0.320224225521,
        "dmean2": 0.484361201525,
        "dvar": 0.119352482259,
        "dvar2": 0.254050374031,
        "max": 8.26029682159,
        "mean": 0.438428401947,
        "median": 0.360462427139,
        "min": -4.5825138092,
        "var": 0.971074223518
    },
    "erbbands_spread": {
        "dmean": 8.09142112732,
        "dmean2": 11.7427692413,
        "dvar": 93.0371017456,
        "dvar2": 197.460479736,
        "max": 163.13949585,
        "mean": 40.2563972473,
        "median": 39.8519210815,
        "min": 1.18692982197,
        "var": 399.715087891
    },
    "hfc": {
        "dmean": 7.6929397583,
        "dmean2": 11.3736352921,
        "dvar": 131.282302856,
        "dvar2": 287.54864502,
        "max": 125.498748779,
        "mean": 22.436340332,
        "median": 19.4347763062,
        "min": 1.10439590117e-16,
        "var": 280.083282471
    },
    "melbands_crest": {
        "dmean": 3.37082743645,
        "dmean2": 5.17112779617,
        "dvar": 10.1651592255,
        "dvar2": 22.7229652405,
        "max": 31.3627262115,
        "mean": 15.3280792236,
        "median": 14.3214683533,
        "min": 2.09137201309,
        "var": 29.3893661499
    },
    "melbands_flatness_db": {
        "dmean": 0.0306891035289,
        "dmean2": 0.0448829829693,
        "dvar": 0.00115349516273,
        "dvar2": 0.00229495437816,
        "max": 0.575234234333,
        "mean": 0.225878998637,
        "median": 0.215798407793,
        "min": 0.00426195980981,
        "var": 0.00574058527127
    },
    "melbands_kurtosis": {
        "dmean": 10.6005620956,
        "dmean2": 16.3036308289,
        "dvar": 506.926605225,
        "dvar2": 1180.5045166,
        "max": 500.728271484,
        "mean": 18.8529758453,
        "median": 10.2560844421,
        "min": -1.89896714687,
        "var": 1264.58789062
    },
    "melbands_skewness": {
        "dmean": 0.830117166042,
        "dmean2": 1.19862210751,
        "dvar": 1.12522542477,
        "dvar2": 2.34957528114,
        "max": 16.9682121277,
        "mean": 3.04168963432,
        "median": 2.81000566483,
        "min": -1.50122094154,
        "var": 3.74006414413
    },
    "melbands_spread": {
        "dmean": 6.01714611053,
        "dmean2": 9.14030170441,
        "dvar": 116.409629822,
        "dvar2": 227.256149292,
        "max": 214.5730896,
        "mean": 17.9109458923,
        "median": 14.2003355026,
        "min": 0.384744852781,
        "var": 355.176971436
    },
    "pitch_salience": {
        "dmean": 0.0707510113716,
        "dmean2": 0.111879311502,
        "dvar": 0.00477000232786,
        "dvar2": 0.01137664821,
        "max": 0.849554359913,
        "mean": 0.558852493763,
        "median": 0.56441283226,
        "min": 0.108599871397,
        "var": 0.0119779109955
    },
    "silence_rate_20dB": {
        "dmean": 0,
        "dmean2": 0,
        "dvar": 0,
        "dvar2": 0,
        "max": 1,
        "mean": 1,
        "median": 1,
        "min": 1,
        "var": 0
    },
    "silence_rate_30dB": {
        "dmean": 0.0580724477768,
        "dmean2": 0.11615588516,
        "dvar": 0.054702501744,
        "dvar2": 0.103426188231,
        "max": 1,
        "mean": 0.93200302124,
        "median": 1,
        "min": 0,
        "var": 0.0633825883269
    },
    "silence_rate_60dB": {
        "dmean": 0.00245909392834,
        "dmean2": 0.0049186530523,
        "dvar": 0.00245308526792,
        "dvar2": 0.00527260499075,
        "max": 1,
        "mean": 0.0272366181016,
        "median": 0,
        "min": 0,
        "var": 0.0264946483076
    },
    "spectral_centroid": {
        "dmean": 208.745269775,
        "dmean2": 314.900390625,
        "dvar": 98160.8359375,
        "dvar2": 178555.5,
        "max": 11313.8125,
        "mean": 936.978881836,
        "median": 809.700622559,
        "min": 179.804367065,
        "var": 358446.15625
    },
    "spectral_complexity": {
        "dmean": 3.07386732101,
        "dmean2": 4.70128631592,
        "dvar": 11.2459068298,
        "dvar2": 23.3977680206,
        "max": 46,
        "mean": 18.664932251,
        "median": 19,
        "min": 0,
        "var": 45.2945899963
    },
    "spectral_decrease": {
        "dmean": 5.68992319927e-09,
        "dmean2": 9.12410502707e-09,
        "dvar": 1.92002569747e-16,
        "dvar2": 4.9036606083e-16,
        "max": 1.0083209906e-16,
        "mean": -1.04544222168e-08,
        "median": -7.88365728255e-09,
        "min": -1.11007921078e-07,
        "var": 1.75340941984e-16
    },
    "spectral_energy": {
        "dmean": 0.0219067130238,
        "dmean2": 0.0350542776287,
        "dvar": 0.00277804862708,
        "dvar2": 0.00708822440356,
        "max": 0.424078732729,
        "mean": 0.0414925478399,
        "median": 0.0317784585059,
        "min": 1.0031392964e-20,
        "var": 0.00255764857866
    },
    "spectral_energyband_high": {
        "dmean": 0.000592607480939,
        "dmean2": 0.00087428704137,
        "dvar": 1.46198385664e-06,
        "dvar2": 3.01766795019e-06,
        "max": 0.0184892080724,
        "mean": 0.000918524805456,
        "median": 0.000262247631326,
        "min": 7.42447752583e-21,
        "var": 3.25170321958e-06
    },
    "spectral_energyband_low": {
        "dmean": 0.0168020892888,
        "dmean2": 0.0274214409292,
        "dvar": 0.00266131642275,
        "dvar2": 0.00684670591727,
        "max": 0.397564083338,
        "mean": 0.0160242691636,
        "median": 0.00379120092839,
        "min": 7.44957577293e-23,
        "var": 0.00222307490185
    },
    "spectral_energyband_middle_high": {
        "dmean": 0.00118664768524,
        "dmean2": 0.00173636584077,
        "dvar": 2.85908367914e-06,
        "dvar2": 5.74495015826e-06,
        "max": 0.0441123135388,
        "mean": 0.00473787076771,
        "median": 0.00371411303058,
        "min": 1.4011898355e-21,
        "var": 1.69351060322e-05
    },
    "spectral_energyband_middle_low": {
        "dmean": 0.00758034922183,
        "dmean2": 0.0120620941743,
        "dvar": 9.85974038485e-05,
        "dvar2": 0.000233169470448,
        "max": 0.129026502371,
        "mean": 0.0220508947968,
        "median": 0.0212607011199,
        "min": 2.7018821743e-22,
        "var": 0.00021859240951
    },
    "spectral_entropy": {
        "dmean": 0.204939767718,
        "dmean2": 0.28407356143,
        "dvar": 0.04708673805,
        "dvar2": 0.0775174945593,
        "max": 9.79981708527,
        "mean": 7.33459854126,
        "median": 7.33425807953,
        "min": 4.40690135956,
        "var": 0.334934860468
    },
    "spectral_flux": {
        "dmean": 0.0410721935332,
        "dmean2": 0.0631591007113,
        "dvar": 0.00494119850919,
        "dvar2": 0.0115953367203,
        "max": 0.587918460369,
        "mean": 0.0931952446699,
        "median": 0.0718880146742,
        "min": 1.00156841154e-10,
        "var": 0.00666687497869
    },
    "spectral_kurtosis": {
        "dmean": 2.09858894348,
        "dmean2": 3.35072040558,
        "dvar": 9.40773963928,
        "dvar2": 24.6005191803,
        "max": 119.571586609,
        "mean": 6.29374599457,
        "median": 4.66230678558,
        "min": -1.17825031281,
        "var": 53.4909133911
    },
    "spectral_rms": {
        "dmean": 0.00125527509954,
        "dmean2": 0.00188412610441,
        "dvar": 4.6648146963e-06,
        "dvar2": 1.08338645077e-05,
        "max": 0.0203404854983,
        "mean": 0.00574588635936,
        "median": 0.00556806754321,
        "min": 3.12837429572e-12,
        "var": 7.46534078644e-06
    },
    "spectral_rolloff": {
        "dmean": 499.892730713,
        "dmean2": 833.94342041,
        "dvar": 977108.375,
        "dvar2": 2134423.75,
        "max": 19638.28125,
        "mean": 1308.55151367,
        "median": 882.861328125,
        "min": 107.666015625,
        "var": 3914733.5
    },
    "spectral_skewness": {
        "dmean": 0.243603944778,
        "dmean2": 0.371912807226,
        "dvar": 0.0674710571766,
        "dvar2": 0.147979721427,
        "max": 8.66091156006,
        "mean": 1.83586585522,
        "median": 1.70219826698,
        "min": -0.220924422145,
        "var": 0.567214787006
    },
    "spectral_spread": {
        "dmean": 762578.625,
        "dmean2": 988013.9375,
        "dvar": 811317133312,
        "dvar2": 1.28937780838e+12,
        "max": 39743952,
        "mean": 4589914.5,
        "median": 4185331,
        "min": 741859.25,
        "var": 3.84169069773e+12
    },
    "spectral_strongpeak": {
        "dmean": 0.444163262844,
        "dmean2": 0.73858910799,
        "dvar": 0.342093676329,
        "dvar2": 0.855591058731,
        "max": 7.68448114395,
        "mean": 1.13989281654,
        "median": 0.799054861069,
        "min": 3.19835846696e-09,
        "var": 0.953709244728
    },
    "zerocrossingrate": {
        "dmean": 0.0116623621434,
        "dmean2": 0.0136606516317,
        "dvar": 0.000235038460232,
        "dvar2": 0.000263713358436,
        "max": 0.70263671875,
        "mean": 0.0538439750671,
        "median": 0.04150390625,
        "min": 0.00390625,
        "var": 0.00340930675156
    },
    "barkbands": {
        "dmean": [0.000308278686134, 0.00863473210484, 0.00662945955992, 0.00435482943431, 0.00287088984624, 0.00138219306245, 0.00132549530827, 0.000961532292422, 0.000393753376557, 0.000259507680312, 0.000310587376589, 0.000416881317506, 0.000378288328648, 0.000261326727923, 0.000183338124771, 0.00021134938288, 0.000119046082546, 7.95418818598e-05, 6.82457903167e-05, 7.36226284062e-05, 9.7902782727e-05, 0.000141940952744, 0.000146838967339, 9.71972403931e-05, 8.03352741059e-05, 5.90853342146e-05, 1.18836387628e-05],
        "dmean2": [0.000455152563518, 0.0143563579768, 0.0107913464308, 0.00692034093663, 0.00481964461505, 0.00226372922771, 0.00195992924273, 0.00129369355273, 0.000555343867745, 0.000373384769773, 0.000437387847342, 0.000625301618129, 0.000579041487072, 0.000389521068428, 0.000289722782327, 0.000322966749081, 0.000185036828043, 0.000125139864394, 0.000106971718196, 0.000113393347419, 0.000144762074342, 0.000208556695725, 0.000221350201173, 0.000150094769197, 0.000126807455672, 9.51547553996e-05, 1.96259370568e-05],
        "dvar": [1.10999553726e-06, 0.000940897269174, 0.000387691194192, 5.0071048463e-05, 1.52609027282e-05, 7.73132887844e-06, 5.86769965594e-06, 3.85048952012e-06, 8.55284611134e-07, 4.81509744077e-07, 9.40161612561e-07, 6.73815293339e-07, 4.99707425661e-07, 3.74026200234e-07, 1.03827524356e-07, 9.84844561458e-08, 3.91708923075e-08, 2.36403678855e-08, 2.21954810087e-08, 3.13271719676e-08, 8.61130970975e-08, 1.57968671033e-07, 1.1631993857e-07, 4.51058355111e-08, 3.35097141146e-08, 2.16447606505e-08, 1.14063347656e-09],
        "dvar2": [2.25518851948e-06, 0.00248160189949, 0.000979968695901, 0.0001148702504, 4.1441693611e-05, 1.949905527e-05, 1.20792237794e-05, 6.65657307763e-06, 1.63720108048e-06, 8.47520539082e-07, 1.79902258424e-06, 1.47953642227e-06, 1.12157863441e-06, 7.89662351508e-07, 2.52018566016e-07, 2.2999377336e-07, 8.68282157285e-08, 6.15834707673e-08, 5.39983098236e-08, 7.25681985614e-08, 1.79818712809e-07, 3.24381744576e-07, 2.47637188977e-07, 1.04449647154e-07, 8.0691528126e-08, 5.37380699939e-08, 2.87927437448e-09],
        "max": [0.0124686677009, 0.252055168152, 0.170307770371, 0.101982817054, 0.0814171731472, 0.0384095534682, 0.0492952279747, 0.0462083034217, 0.0238395407796, 0.0166672673076, 0.0306029822677, 0.0266939345747, 0.0154001498595, 0.0135086309165, 0.00968541484326, 0.00671418942511, 0.00497027533129, 0.00579335866496, 0.00622973497957, 0.00544456858188, 0.00915776751935, 0.0105261141434, 0.0083247050643, 0.00313454703428, 0.00282516865991, 0.00166033487767, 0.000427252525697],
        "mean": [0.000283535860945, 0.00718386936933, 0.00647161109373, 0.00578512856737, 0.00639790296555, 0.00255439733155, 0.0031626119744, 0.00287027540617, 0.00097207253566, 0.000559311592951, 0.000708603882231, 0.000936969299801, 0.000774525164161, 0.000488992140163, 0.000366962776752, 0.000436441099737, 0.000254216953181, 0.00015943760809, 0.000125745136756, 0.000139510331792, 0.000153495799168, 0.000225462732487, 0.00020951985789, 0.000115839509817, 9.01927778614e-05, 5.63025569136e-05, 9.52665141085e-06],
        "median": [1.38678092299e-06, 0.000227148004342, 0.00167700520251, 0.00303060840815, 0.00505359191447, 0.00080525665544, 0.000957426382229, 0.000720010371879, 0.000313205644488, 0.000119652853755, 0.000162898562849, 0.000448484293884, 0.000381124991691, 0.000199315196369, 0.000217538909055, 0.000272341480013, 0.000147125741933, 0.000107950661913, 8.18037806312e-05, 7.7648946899e-05, 4.55240297015e-05, 5.88334769418e-05, 4.54830005765e-05, 2.3595548555e-05, 1.58162838488e-05, 7.67103301769e-06, 6.01408942202e-07],
        "min": [4.54478150285e-24, 3.11469674632e-23, 2.42158462233e-23, 2.37504656209e-23, 3.43869138642e-23, 3.67283224507e-23, 5.35560508454e-23, 5.53549250774e-23, 3.9583361528e-23, 7.95779278469e-23, 2.74644259181e-23, 7.39348397604e-23, 4.39083671715e-23, 1.40123494572e-22, 7.17230820414e-23, 1.15910046486e-22, 2.68013056546e-22, 2.25686011546e-22, 2.86498427828e-22, 2.07064009557e-22, 4.01146877466e-22, 6.46760525221e-22, 5.38919074291e-22, 8.74348082824e-22, 1.39973833143e-21, 1.34490974697e-21, 2.4284330457e-21],
        "var": [1.23018151044e-06, 0.000735506764613, 0.00033970354707, 6.78817232256e-05, 2.94971778203e-05, 1.59847531904e-05, 2.684851097e-05, 2.31546746363e-05, 4.12513008996e-06, 1.91487197299e-06, 3.84336135539e-06, 2.45024716605e-06, 1.55935288149e-06, 8.86420139068e-07, 2.39756190012e-07, 2.83078293251e-07, 1.26507728737e-07, 3.57444669419e-08, 2.9054529449e-08, 5.38891420376e-08, 1.9407555385e-07, 3.63452130614e-07, 2.2640580255e-07, 6.01459575478e-08, 4.04880040605e-08, 1.94908640339e-08, 9.02067642805e-10]
    },
    "erbbands": {
        "dmean": [0.110490716994, 2.39837121964, 8.66854953766, 9.34247779846, 13.9671850204, 8.88257408142, 8.90802955627, 11.8398761749, 19.0085849762, 17.8255138397, 16.921705246, 10.7061138153, 8.0678653717, 6.73977184296, 14.2122478485, 16.4665336609, 17.3526191711, 13.3890781403, 9.14755916595, 9.68500518799, 9.03761959076, 5.64123773575, 4.95968961716, 3.88374638557, 2.79407501221, 3.66798949242, 3.21867132187, 4.54750585556, 5.141269207, 4.27304792404, 4.37373828888, 2.76553678513, 1.27133107185, 0.842286944389, 0.623760640621, 0.287160933018, 0.105884201825, 0.0218070391566, 0.00206739129499, 8.59927895362e-05],
        "dmean2": [0.193183720112, 3.96484494209, 14.1044654846, 15.2258472443, 22.9498291016, 14.3990478516, 14.7426233292, 18.9936542511, 27.5855674744, 25.6930656433, 22.5469551086, 14.9376831055, 11.1413516998, 9.79510688782, 19.8276176453, 24.4820022583, 26.1659164429, 19.8876934052, 14.0917472839, 15.0636587143, 13.8638143539, 8.6924495697, 7.7740073204, 6.05911016464, 4.31084060669, 5.65605401993, 4.76016283035, 6.69827365875, 7.56853103638, 6.31053638458, 6.66579914093, 4.23189592361, 1.97902536392, 1.33048820496, 0.990282297134, 0.456964790821, 0.17222969234, 0.0358413867652, 0.0034095312003, 0.000137795504997],
        "dvar": [0.18033182621, 70.7537841797, 747.776855469, 268.590362549, 422.043029785, 193.70930481, 265.281860352, 614.473205566, 1259.56958008, 1314.8972168, 1265.78039551, 597.948669434, 534.028259277, 344.482299805, 1865.64099121, 880.167907715, 1032.29382324, 1011.07965088, 300.625, 215.011535645, 205.954391479, 88.2345809937, 73.9374313354, 52.2090301514, 62.1805381775, 68.6273651123, 116.037239075, 199.483612061, 231.178573608, 113.041885376, 105.301605225, 34.7144470215, 8.84336853027, 3.86388969421, 2.09724569321, 0.464515268803, 0.0759698301554, 0.00374930119142, 3.36206649081e-05, 3.62050016633e-08],
        "dvar2": [0.494151711464, 185.460113525, 1891.2322998, 684.549560547, 1084.52392578, 458.280090332, 693.296691895, 1461.26794434, 2525.59960938, 2470.24829102, 2155.13427734, 1188.46826172, 868.755859375, 686.002990723, 3550.16796875, 1959.82312012, 2270.33984375, 2136.57226562, 727.866455078, 528.219421387, 469.932556152, 195.854003906, 187.63494873, 121.716041565, 154.673477173, 155.71446228, 263.310241699, 404.616577148, 471.824249268, 224.584320068, 234.638427734, 78.2394561768, 21.1369800568, 9.34447860718, 5.12689161301, 1.1421006918, 0.191689968109, 0.00947668403387, 8.48939816933e-05, 8.93178224715e-08],
        "max": [3.33125972748, 70.1895523071, 224.511901855, 171.678985596, 290.832550049, 264.889404297, 229.752349854, 414.24508667, 680.645507812, 753.692443848, 730.268310547, 688.534301758, 640.623352051, 858.226074219, 1489.02380371, 613.273010254, 717.230224609, 910.063110352, 636.300109863, 281.854064941, 405.465393066, 245.508621216, 328.473327637, 243.065917969, 359.452636719, 283.217681885, 418.302093506, 533.427490234, 474.750915527, 378.566223145, 207.717712402, 86.9288101196, 47.2895240784, 34.5061950684, 20.8200702667, 8.01803970337, 3.47554659843, 0.750890552998, 0.0712924301624, 0.00211516511627],
        "mean": [0.0788015946746, 2.04584288597, 8.2201128006, 12.0034685135, 22.5456142426, 20.3460559845, 17.0492839813, 25.0173301697, 47.2809944153, 50.1216621399, 52.2200813293, 29.5294589996, 19.0399456024, 16.4151802063, 35.4047584534, 39.5059623718, 39.2582435608, 28.5990371704, 19.4841022491, 21.5771923065, 20.9248104095, 13.198679924, 10.8200712204, 7.65993404388, 5.3508477211, 6.96450042725, 5.11980962753, 7.11562347412, 8.07159423828, 6.75324726105, 6.05452251434, 3.43811535835, 1.44391262531, 0.957047760487, 0.67766469717, 0.288324594498, 0.097906626761, 0.0181826725602, 0.0016807874199, 0.000101845849713],
        "median": [0.00206642784178, 0.0938352122903, 1.49817752838, 6.58179855347, 14.7913408279, 14.4876384735, 11.1545600891, 8.53934669495, 15.4171466827, 19.3533687592, 12.0251913071, 10.3285045624, 4.27085781097, 5.04425239563, 10.8959960938, 20.4304027557, 20.5129508972, 12.7867050171, 11.7339839935, 14.8596763611, 13.3874607086, 7.86541366577, 7.40242147446, 5.24341821671, 3.44274330139, 3.86364793777, 1.88459730148, 1.886967659, 2.05554294586, 1.83464729786, 1.26549458504, 0.642027497292, 0.299130499363, 0.170401126146, 0.115906491876, 0.0426336079836, 0.0129610011354, 0.00165671319701, 0.000135358175612, 4.64020849904e-05],
        "min": [9.42116712432e-22, 7.01335664449e-21, 2.35629813031e-20, 6.96860568867e-20, 7.81884848444e-20, 1.28466577502e-19, 1.39450527911e-19, 4.53212826304e-19, 9.19541945389e-19, 4.70222813325e-19, 1.29314582387e-18, 8.0139227468e-19, 2.06745853174e-18, 2.30987290923e-18, 1.78125403979e-18, 2.63319754475e-18, 1.8439683923e-18, 4.8941534741e-18, 6.54651085418e-18, 5.36201220524e-18, 5.39890446056e-18, 1.37677405263e-17, 1.57832512884e-17, 1.37039483575e-17, 1.23878543721e-17, 9.02990309486e-18, 1.69075998447e-17, 1.76229869975e-17, 2.18227715646e-17, 1.6549936874e-17, 1.53385176321e-17, 1.81360226114e-17, 1.44880932443e-17, 1.39686552525e-17, 1.1350300223e-17, 4.79610651533e-18, 2.79808503972e-18, 1.11624921737e-18, 3.17378551086e-19, 3.43971457815e-20],
        "var": [0.121031373739, 56.4989700317, 652.390319824, 273.792358398, 651.113342285, 453.022644043, 348.341552734, 1718.69152832, 5447.92431641, 6707.53759766, 9487.23925781, 2999.28833008, 2563.78833008, 1137.68237305, 8264.6796875, 3607.52563477, 3538.20361328, 2577.33398438, 697.704589844, 516.340881348, 694.422302246, 308.961639404, 144.350311279, 80.258354187, 74.0773010254, 128.783615112, 215.958877563, 468.627716064, 514.828369141, 253.968017578, 191.915176392, 53.6654815674, 10.1287918091, 4.81036567688, 2.31578993797, 0.454001456499, 0.0652564018965, 0.00299266213551, 2.6615221941e-05, 3.17462038879e-08]
    },
    "gfcc": {
        "mean": [-2.60198760033, 97.2783584595, -111.545227051, 20.7516365051, -58.9371871948, 4.5932970047, -50.3121795654, -10.5630197525, -27.9123210907, -3.78074717522, -21.1976585388, -5.45801782608, -23.814332962],
        "cov": [[16251.6708984, -492.406890869, -733.23626709, 329.521026611, -886.5859375, 860.916503906, -211.345291138, 515.827453613, 72.4136657715, 192.29675293, -350.303283691, -35.7695274353, -510.037963867], [-492.406890869, 1953.83898926, -480.091400146, -114.352935791, 263.963409424, -143.010467529, 262.903137207, -58.4576644897, 148.644332886, -111.999504089, 200.197479248, -126.822937012, 85.4245452881], [-733.23626709, -480.091400146, 644.327392578, 84.5759124756, 71.4262237549, 87.7958221436, 14.6899032593, 53.3917160034, 7.79606676102, 77.2266082764, 7.76349115372, 104.326530457, 35.4644813538], [329.521026611, -114.352935791, 84.5759124756, 527.674865723, 199.172515869, 49.0662879944, -16.3516159058, -35.7764892578, 50.7671089172, 43.6532249451, 8.42079734802, 16.9829673767, 64.3226470947], [-886.5859375, 263.963409424, 71.4262237549, 199.172515869, 380.823425293, -12.3770112991, 69.7403793335, -18.6292057037, 54.4864273071, 1.07480013371, 70.9575653076, -3.32062220573, 74.4822158813], [860.916503906, -143.010467529, 87.7958221436, 49.0662879944, -12.3770112991, 279.847717285, 113.223197937, 97.1296463013, 29.1083660126, 42.736618042, 1.56142580509, 14.0744581223, -41.932308197], [-211.345291138, 262.903137207, 14.6899032593, -16.3516159058, 69.7403793335, 113.223197937, 224.651992798, 59.4169273376, 43.0594482422, -11.4711618423, 55.9994850159, -7.21305942535, 15.7569150925], [515.827453613, -58.4576644897, 53.3917160034, -35.7764892578, -18.6292057037, 97.1296463013, 59.4169273376, 153.169754028, 52.5078315735, 32.6124267578, 3.62461161613, 19.2264328003, -19.5866470337], [72.4136657715, 148.644332886, 7.79606676102, 50.7671089172, 54.4864273071, 29.1083660126, 43.0594482422, 52.5078315735, 122.194999695, 35.4885635376, 28.2503662109, 4.72086381912, 15.3119869232], [192.29675293, -111.999504089, 77.2266082764, 43.6532249451, 1.07480013371, 42.736618042, -11.4711618423, 32.6124267578, 35.4885635376, 96.5586776733, 3.48552250862, 14.4259128571, -8.64330101013], [-350.303283691, 200.197479248, 7.76349115372, 8.42079734802, 70.9575653076, 1.56142580509, 55.9994850159, 3.62461161613, 28.2503662109, 3.48552250862, 93.0316848755, 11.4495697021, 28.1063194275], [-35.7695274353, -126.822937012, 104.326530457, 16.9829673767, -3.32062220573, 14.0744581223, -7.21305942535, 19.2264328003, 4.72086381912, 14.4259128571, 11.4495697021, 78.5241165161, 18.5062942505], [-510.037963867, 85.4245452881, 35.4644813538, 64.3226470947, 74.4822158813, -41.932308197, 15.7569150925, -19.5866470337, 15.3119869232, -8.64330101013, 28.1063194275, 18.5062942505, 82.047996521]],
        "icov": [[0.0001603422279, -0.000192336126929, 0.000166564903338, -0.000346483575413, 0.000331439019646, -0.000477157678688, 0.000440574222011, -0.00053487950936, 0.00019328010967, -7.10691529093e-05, 0.000363471539458, -0.000291150499834, 0.000537194369826], [-0.000192336126929, 0.00166909536347, 0.000548515818082, 0.00086287909653, -0.000875067140441, 0.00120311742648, -0.00174924626481, 0.00130584882572, -0.00180662621278, 0.000754191249143, -0.00215965742245, 0.00147222389933, -0.000965693616308], [0.000166564903338, 0.000548515818082, 0.00292010745034, -1.50724363266e-05, -0.000536946812645, -0.000650577247143, -0.000280788779492, -0.000456035690149, 0.000238492124481, -0.00137707521208, 0.00021091887902, -0.00243287417106, -0.000399118609494], [-0.000346483575413, 0.00086287909653, -1.50724363266e-05, 0.00405282061547, -0.00239964341745, -0.00046194071183, -0.000153812870849, 0.00274828192778, -0.00187103147618, -0.000563018315006, -0.000173087129951, 0.000717875955161, -0.00340786133893], [0.000331439019646, -0.000875067140441, -0.000536946812645, -0.00239964341745, 0.00544844381511, -0.000500033434946, 0.000352877250407, -0.00119915150572, 0.000128040148411, 0.000292917742627, -0.000972379406448, 0.000768024707213, -0.000304050889099], [-0.000477157678688, 0.00120311742648, -0.000650577247143, -0.00046194071183, -0.000500033434946, 0.00923490244895, -0.00607115728781, -0.000698916672263, -0.000248889293289, -0.00115729391109, -0.00116446847096, 0.000354994728696, 0.00284061068669], [0.000440574222011, -0.00174924626481, -0.000280788779492, -0.000153812870849, 0.000352877250407, -0.00607115728781, 0.0112175531685, -0.00341911823489, 0.000541829853319, 0.00218143360689, -0.00130897969939, 0.000791222322732, -0.00119305390399], [-0.00053487950936, 0.00130584882572, -0.000456035690149, 0.00274828192778, -0.00119915150572, -0.000698916672263, -0.00341911823489, 0.0134444590658, -0.00583303999156, -0.000676939846016, -0.000462427735329, -0.00095814751694, -0.000652737973724], [0.00019328010967, -0.00180662621278, 0.000238492124481, -0.00187103147618, 0.000128040148411, -0.000248889293289, 0.000541829853319, -0.00583303999156, 0.014778951183, -0.00500986445695, 0.000569286989048, -0.00114336167462, -0.00051672704285], [-7.10691529093e-05, 0.000754191249143, -0.00137707521208, -0.000563018315006, 0.000292917742627, -0.00115729391109, 0.00218143360689, -0.000676939846016, -0.00500986445695, 0.0156485028565, -0.00293766660616, 0.00117804296315, 0.00169574341271], [0.000363471539458, -0.00215965742245, 0.00021091887902, -0.000173087129951, -0.000972379406448, -0.00116446847096, -0.00130897969939, -0.000462427735329, 0.000569286989048, -0.00293766660616, 0.0191757474095, -0.00551628135145, -0.000759217655286], [-0.000291150499834, 0.00147222389933, -0.00243287417106, 0.000717875955161, 0.000768024707213, 0.000354994728696, 0.000791222322732, -0.00095814751694, -0.00114336167462, 0.00117804296315, -0.00551628135145, 0.0204351693392, -0.00613247230649], [0.000537194369826, -0.000965693616308, -0.000399118609494, -0.00340786133893, -0.000304050889099, 0.00284061068669, -0.00119305390399, -0.000652737973724, -0.00051672704285, 0.00169574341271, -0.000759217655286, -0.00613247230649, 0.02309637703]]
    },
    "melbands": {
        "dmean": [0.00166162790265, 0.00421055639163, 0.00185862416402, 0.000753735483158, 0.000318418082315, 0.000271692202659, 0.000282866734779, 0.000197969100554, 0.000126988918055, 6.39729914838e-05, 3.98995071009e-05, 2.71557273663e-05, 4.48670325568e-05, 4.72503670608e-05, 3.90172026528e-05, 3.80411838705e-05, 2.73843907053e-05, 1.63730746863e-05, 1.30260741571e-05, 1.76304456545e-05, 9.85876431514e-06, 6.26816563454e-06, 5.99384293309e-06, 3.73598140868e-06, 3.46403226104e-06, 2.37832296079e-06, 2.31991657529e-06, 2.47580646828e-06, 1.97745316655e-06, 2.40776444116e-06, 3.05863704853e-06, 3.05601179207e-06, 2.89276499643e-06, 2.32613865592e-06, 2.70961140814e-06, 2.2758454179e-06, 1.52352060923e-06, 9.19638694086e-07, 7.45711986383e-07, 7.11090308414e-07],
        "dmean2": [0.00279388064519, 0.00687448121607, 0.00298691401258, 0.00124720938038, 0.000515530642588, 0.000432684435509, 0.000413319881773, 0.000280360050965, 0.000169341510627, 8.95256380318e-05, 5.51926095795e-05, 4.00989192713e-05, 6.30856666248e-05, 6.86774146743e-05, 5.88455150137e-05, 5.8627454564e-05, 4.04814345529e-05, 2.53804191743e-05, 2.05380565603e-05, 2.67211653409e-05, 1.54607278091e-05, 9.73514033831e-06, 9.46386808209e-06, 5.89709088672e-06, 5.46898172615e-06, 3.78787467525e-06, 3.61113188774e-06, 3.86789815821e-06, 3.01359887089e-06, 3.64754237125e-06, 4.55195367977e-06, 4.55151848655e-06, 4.38549841419e-06, 3.49435572389e-06, 4.15197837356e-06, 3.53720338353e-06, 2.35384618463e-06, 1.43853333157e-06, 1.18085074519e-06, 1.12877069114e-06],
        "dvar": [3.6587138311e-05, 0.000188457241165, 8.88352769834e-06, 1.06377638076e-06, 2.83087700836e-07, 2.97910077052e-07, 2.61200284513e-07, 1.60562251494e-07, 7.12162417926e-08, 2.20157865272e-08, 1.32500987959e-08, 5.83426906786e-09, 1.87403337293e-08, 1.05037569753e-08, 4.87952434014e-09, 4.95254592892e-09, 4.66106886421e-09, 1.02866892782e-09, 5.71670988325e-10, 6.61601662344e-10, 2.96055679971e-10, 1.10715783763e-10, 9.48334674677e-11, 5.98342625446e-11, 4.02054535498e-11, 4.979967827e-11, 4.33289133739e-11, 3.30771590673e-11, 5.77339669128e-11, 6.62603166779e-11, 1.05343164747e-10, 9.43035927126e-11, 6.97239210812e-11, 3.51512742525e-11, 4.42808775758e-11, 2.60568667337e-11, 1.07563489365e-11, 4.7430245495e-12, 3.30143594754e-12, 2.83309031616e-12],
        "dvar2": [9.77138115559e-05, 0.000481785769807, 2.15411491808e-05, 2.80448762169e-06, 7.09127220944e-07, 7.02442719103e-07, 5.3107265785e-07, 2.96171464242e-07, 1.21130653952e-07, 4.32768381131e-08, 2.15580335805e-08, 1.16627019153e-08, 3.68118726612e-08, 2.10840358505e-08, 1.07904654101e-08, 1.09954765293e-08, 9.59007273593e-09, 2.49682674536e-09, 1.3974088553e-09, 1.49795631454e-09, 6.98950175515e-10, 2.40629904891e-10, 2.35162889162e-10, 1.58685675711e-10, 9.49689840657e-11, 1.30566085721e-10, 1.03437924892e-10, 7.65014301907e-11, 1.41623976435e-10, 1.45627371273e-10, 2.19785564748e-10, 1.97137403624e-10, 1.54316545653e-10, 7.22125831354e-11, 1.00129238234e-10, 6.10817021962e-11, 2.4598186335e-11, 1.14075138224e-11, 8.18337324987e-12, 6.87297397814e-12],
        "max": [0.0477807037532, 0.109243489802, 0.0346707031131, 0.0209900550544, 0.00885729305446, 0.00831572897732, 0.00920967012644, 0.00993650127202, 0.00514199864119, 0.00404470507056, 0.00317121529952, 0.00328257400542, 0.00396857131273, 0.00376222538762, 0.00161281367764, 0.00186374189798, 0.00176491169259, 0.0010488886619, 0.000514218467288, 0.000659339188132, 0.000575567595661, 0.000275169557426, 0.000270839518635, 0.000341565639246, 0.00018781478866, 0.000362944731023, 0.000312730466248, 0.00018841327983, 0.00036828123848, 0.000263677851763, 0.000446864927653, 0.000358616787707, 0.000220899397391, 0.000249345554039, 0.000152582098963, 7.95833257143e-05, 5.44244212506e-05, 4.01835750381e-05, 2.95009394904e-05, 3.3000294934e-05],
        "mean": [0.00131941132713, 0.00387339689769, 0.0026092575863, 0.00151717034169, 0.000705717480741, 0.00054973346414, 0.000715775473509, 0.000563980138395, 0.000386448286008, 0.00016283581499, 8.88179638423e-05, 6.04349734203e-05, 0.00010655697406, 0.000112608846393, 8.69065697771e-05, 7.80514383223e-05, 5.16903783137e-05, 3.09952592943e-05, 2.54116202996e-05, 3.57704993803e-05, 2.16379939957e-05, 1.3614544514e-05, 1.22125175039e-05, 7.50511617298e-06, 6.16173292656e-06, 4.00563385483e-06, 4.30440468335e-06, 4.47345883003e-06, 2.91536025543e-06, 3.5044690776e-06, 4.47502861789e-06, 4.55401368527e-06, 4.37645530837e-06, 3.51393509845e-06, 3.73125953956e-06, 2.77146818917e-06, 1.82493931788e-06, 1.01479167824e-06, 8.14172665287e-07, 8.00200723461e-07],
        "median": [3.70696870959e-05, 0.000554123311304, 0.00152637739666, 0.00113568431698, 0.000487815996166, 0.000163425211213, 0.000220661677304, 0.000214987871004, 8.14466766315e-05, 5.69706025999e-05, 1.80088100024e-05, 1.82362273335e-05, 2.79465511994e-05, 4.73383479402e-05, 4.74307307741e-05, 3.89891501982e-05, 1.90401224245e-05, 1.70092280314e-05, 1.47534956341e-05, 2.28844237427e-05, 1.30327080115e-05, 7.92923310655e-06, 7.26568760001e-06, 5.2088053053e-06, 3.98792781198e-06, 2.41488532993e-06, 2.47764751293e-06, 2.40127019424e-06, 1.07236428448e-06, 1.0023543382e-06, 1.11431359073e-06, 1.09239977064e-06, 1.14421391118e-06, 8.75869659467e-07, 7.58059115924e-07, 4.9201253205e-07, 3.3266326227e-07, 2.0020522129e-07, 1.4910624202e-07, 1.28960238044e-07],
        "min": [8.72531437133e-24, 1.13779475176e-23, 1.1845097535e-23, 6.79419155282e-24, 5.92039083849e-24, 1.06875885181e-23, 1.19136771578e-23, 5.38178461697e-24, 1.07813367481e-23, 5.3130551106e-24, 1.02659289537e-23, 9.59073580513e-24, 4.6820243677e-24, 9.42472633851e-24, 3.71280303828e-24, 4.96164755404e-24, 1.01515953984e-23, 1.26231873334e-23, 4.76601517714e-24, 1.03247811326e-23, 5.29347873838e-24, 1.2202888554e-23, 1.96851261661e-23, 1.02104751875e-23, 1.14732860911e-23, 9.16074429177e-24, 7.70936407733e-24, 5.59648257866e-24, 1.03098156524e-23, 1.01416975606e-23, 1.07566138473e-23, 1.3298726003e-23, 1.17089172658e-23, 7.83698441685e-24, 7.60068744358e-24, 1.09337407307e-23, 1.10102697048e-23, 1.03336573955e-23, 9.17024375479e-24, 1.28246631975e-23],
        "var": [2.72681500064e-05, 0.000160488852998, 1.08106032712e-05, 1.93400228454e-06, 5.23630887983e-07, 8.06575883416e-07, 1.24389748635e-06, 8.67289600137e-07, 5.32396029485e-07, 1.04675507373e-07, 6.26626430744e-08, 1.77379284594e-08, 7.649824596e-08, 4.46551879918e-08, 1.48523611188e-08, 1.53691797067e-08, 1.16308020992e-08, 2.0630559483e-09, 1.15765375064e-09, 1.72741876359e-09, 8.90121532038e-10, 3.5737299231e-10, 2.36062530634e-10, 7.93552376588e-11, 5.91608290135e-11, 4.88256969577e-11, 6.1507549054e-11, 5.85091072813e-11, 8.76385561344e-11, 1.16196260946e-10, 2.19291806935e-10, 1.94716937019e-10, 1.28625804452e-10, 7.13602649194e-11, 7.91795864985e-11, 3.87158707871e-11, 1.56090990827e-11, 5.32254145272e-12, 3.56819109849e-12, 3.59672643231e-12]
    },
    "mfcc": {
        "mean": [-642.436157227, 130.663238525, 0.462848037481, 16.4960346222, 4.29654121399, 9.16367721558, -13.437048912, -4.68068742752, -13.9163761139, -6.8103890419, -4.36473751068, -1.57454037666, -2.13096475601],
        "cov": [[7646.68798828, -203.080154419, 242.810562134, -190.912368774, -43.4034881592, 49.8222351074, -165.120544434, 121.267997742, 33.2598609924, 123.731712341, 87.3183898926, 74.7868041992, 58.0893363953], [-203.080154419, 1713.4576416, -416.67767334, -19.5807132721, -52.8049049377, -31.5220756531, 107.574127197, 104.386528015, 8.83997058868, 63.8899497986, 102.802505493, 39.2800140381, 52.2276611328], [242.810562134, -416.67767334, 487.677612305, -27.7851581573, 9.48546218872, 62.7420730591, 16.3625679016, 40.2078056335, 30.5724048615, 16.2466564178, 16.5170154572, 26.1059684753, 23.5453891754], [-190.912368774, -19.5807132721, -27.7851581573, 423.508178711, 222.791030884, 106.588775635, 10.0663833618, -37.3854064941, 53.2090835571, -11.3555898666, -41.5287132263, 46.2171554565, 25.6573429108], [-43.4034881592, -52.8049049377, 9.48546218872, 222.791030884, 277.331756592, 88.6460647583, 25.7088661194, -8.54177284241, 38.7940673828, 20.5879955292, -8.67730426788, 40.5113983154, 18.7212486267], [49.8222351074, -31.5220756531, 62.7420730591, 106.588775635, 88.6460647583, 186.318847656, 74.2422409058, 31.5248394012, 38.5634269714, 25.038444519, 33.1733703613, 27.7079029083, 12.060338974], [-165.120544434, 107.574127197, 16.3625679016, 10.0663833618, 25.7088661194, 74.2422409058, 181.405944824, 75.8081054688, 28.5532016754, 27.2814235687, 33.4840049744, 25.7408103943, 15.5287923813], [121.267997742, 104.386528015, 40.2078056335, -37.3854064941, -8.54177284241, 31.5248394012, 75.8081054688, 150.307479858, 45.6962280273, 38.5260314941, 41.2653884888, 26.7113494873, 35.5056114197], [33.2598609924, 8.83997058868, 30.5724048615, 53.2090835571, 38.7940673828, 38.5634269714, 28.5532016754, 45.6962280273, 102.072555542, 43.0590744019, 25.8844051361, 28.4462871552, 15.0420484543], [123.731712341, 63.8899497986, 16.2466564178, -11.3555898666, 20.5879955292, 25.038444519, 27.2814235687, 38.5260314941, 43.0590744019, 105.907501221, 55.1087493896, 19.5631923676, 13.0688085556], [87.3183898926, 102.802505493, 16.5170154572, -41.5287132263, -8.67730426788, 33.1733703613, 33.4840049744, 41.2653884888, 25.8844051361, 55.1087493896, 112.940795898, 22.5044689178, 7.43187999725], [74.7868041992, 39.2800140381, 26.1059684753, 46.2171554565, 40.5113983154, 27.7079029083, 25.7408103943, 26.7113494873, 28.4462871552, 19.5631923676, 22.5044689178, 79.3078918457, 32.007484436], [58.0893363953, 52.2276611328, 23.5453891754, 25.6573429108, 18.7212486267, 12.060338974, 15.5287923813, 35.5056114197, 15.0420484543, 13.0688085556, 7.43187999725, 32.007484436, 79.9404754639]],
