{
"lowlevel": {
    "average_loudness": 0.642462074757,
    "barkbands_crest": {
        "dmean": 1.90415036678,
        "dmean2": 3.05384492874,
        "dvar": 4.42550039291,
        "dvar2": 12.1839923859,
        "max": 25.8459377289,
        "mean": 12.6787214279,
        "median": 11.8446178436,
        "min": 3.20860338211,
        "var": 19.5963935852
    },
    "barkbands_flatness_db": {
        "dmean": 0.0205914471298,
        "dmean2": 0.0309457909316,
        "dvar": 0.000678669195622,
        "dvar2": 0.0013558602659,
        "max": 0.70001155138,
        "mean": 0.289756298065,
        "median": 0.268574804068,
        "min": 0.0364703647792,
        "var": 0.0173178724945
    },
    "barkbands_kurtosis": {
        "dmean": 4.94337129593,
        "dmean2": 7.79250097275,
        "dvar": 108.906211853,
        "dvar2": 261.358459473,
        "max": 452.701629639,
        "mean": 14.2949619293,
        "median": 6.29584407806,
        "min": -1.9403924942,
        "var": 828.937133789
    },
    "barkbands_skewness": {
        "dmean": 0.535415351391,
        "dmean2": 0.826915979385,
        "dvar": 0.493445068598,
        "dvar2": 1.13819634914,
        "max": 17.0483169556,
        "mean": 2.22169017792,
        "median": 1.90296471119,
        "min": -7.60472249985,
        "var": 3.22350740433
    },
    "barkbands_spread": {
        "dmean": 2.83683156967,
        "dmean2": 4.31918048859,
        "dvar": 59.9253311157,
        "dvar2": 119.704872131,
        "max": 117.900428772,
        "mean": 9.00085163116,
        "median": 5.18515062332,
        "min": 0.18462279439,
        "var": 187.429443359
    },
    "dissonance": {
        "dmean": 0.0365474745631,
        "dmean2": 0.0608822256327,
        "dvar": 0.00125103001483,
        "dvar2": 0.00328984111547,
        "max": 0.500000298023,
        "mean": 0.40122589469,
        "median": 0.413409352303,
        "min": 0.0588268712163,
        "var": 0.00439353985712
    },
    "dynamic_complexity": 5.11467075348,
    "erbbands_crest": {
        "dmean": 2.28862571716,
        "dmean2": 3.61687302589,
        "dvar": 5.91940498352,
        "dvar2": 14.9909515381,
        "max": 32.4238204956,
        "mean": 11.7239294052,
        "median": 10.6608018875,
        "min": 2.48682713509,
        "var": 25.1170349121
    },
    "erbbands_flatness_db": {
        "dmean": 0.0174359176308,
        "dmean2": 0.0257189366966,
        "dvar": 0.000520920148119,
        "dvar2": 0.000963796221185,
        "max": 0.522553741932,
        "mean": 0.258429586887,
        "median": 0.239007025957,
        "min": 0.0391984432936,
        "var": 0.0115149505436
    },
    "erbbands_kurtosis": {
        "dmean": 1.84187686443,
        "dmean2": 2.88166689873,
        "dvar": 9.39482212067,
        "dvar2": 21.8779010773,
        "max": 92.8803482056,
        "mean": 3.76806402206,
        "median": 1.95113182068,
        "min": -1.85864555836,
        "var": 42.1810951233
    },
    "erbbands_skewness": {
        "dmean": 0.390759170055,
        "dmean2": 0.591338515282,
        "dvar": 0.213352054358,
        "dvar2": 0.434977382421,
        "max": 8.26284599304,
        "mean": 1.05209863186,
        "median": 0.981846690178,
        "min": -3.92985653877,
        "var": 1.36736953259
    },
    "erbbands_spread": {
        "dmean": 5.58329296112,
        "dmean2": 8.35064888,
        "dvar": 130.401229858,
        "dvar2": 252.114120483,
        "max": 186.366043091,
        "mean": 22.8434829712,
        "median": 14.582116127,
        "min": 0.773048818111,
        "var": 523.558898926
    },
    "hfc": {
        "dmean": 3.37134027481,
        "dmean2": 4.86152791977,
        "dvar": 94.6150054932,
        "dvar2": 185.45161438,
        "max": 186.996429443,
        "mean": 12.2006549835,
        "median": 7.0208697319,
        "min": 1.19244490986e-16,
        "var": 315.475646973
    },
    "melbands_crest": {
        "dmean": 2.29472661018,
        "dmean2": 3.6748213768,
        "dvar": 6.38709449768,
        "dvar2": 17.3341827393,
        "max": 32.7537727356,
        "mean": 16.123632431,
        "median": 15.2852220535,
        "min": 1.98455810547,
        "var": 28.9803600311
    },
    "melbands_flatness_db": {
        "dmean": 0.023610714823,
        "dmean2": 0.0349899418652,
        "dvar": 0.000991571461782,
        "dvar2": 0.00189879990648,
        "max": 0.892453849316,
        "mean": 0.403272211552,
        "median": 0.37877741456,
        "min": 0.00508481962606,
        "var": 0.0255656838417
    },
    "melbands_kurtosis": {
        "dmean": 7.43745946884,
        "dmean2": 11.7819862366,
        "dvar": 298.682891846,
        "dvar2": 731.450561523,
        "max": 386.07699585,
        "mean": 18.6998252869,
        "median": 9.59388446808,
        "min": -1.83416485786,
        "var": 808.95300293
    },
    "melbands_skewness": {
        "dmean": 0.589259386063,
        "dmean2": 0.913425624371,
        "dvar": 0.635759413242,
        "dvar2": 1.47520363331,
        "max": 15.0755844116,
        "mean": 2.58734607697,
        "median": 2.18133401871,
        "min": -3.74986553192,
        "var": 3.37665748596
    },
    "melbands_spread": {
        "dmean": 2.72266554832,
        "dmean2": 4.10362958908,
        "dvar": 85.9011459351,
        "dvar2": 153.05430603,
        "max": 254.396438599,
        "mean": 9.12146282196,
        "median": 5.70563459396,
        "min": 0.28279158473,
        "var": 283.708953857
    },
    "pitch_salience": {
        "dmean": 0.0557520017028,
        "dmean2": 0.0901213660836,
        "dvar": 0.00371230812743,
        "dvar2": 0.00991499982774,
        "max": 0.862246632576,
        "mean": 0.522088170052,
        "median": 0.541028738022,
        "min": 0.0497492328286,
        "var": 0.0225553624332
    },
    "silence_rate_20dB": {
        "dmean": 0,
        "dmean2": 0,
        "dvar": 0,
        "dvar2": 0,
        "max": 1,
        "mean": 1,
        "median": 1,
        "min": 1,
        "var": 0
    },
    "silence_rate_30dB": {
        "dmean": 0.00574523955584,
        "dmean2": 0.0114914225414,
        "dvar": 0.00571193825454,
        "dvar2": 0.014972104691,
        "max": 1,
        "mean": 0.995404183865,
        "median": 1,
        "min": 0,
        "var": 0.0045752087608
    },
    "silence_rate_60dB": {
        "dmean": 0.0201904140413,
        "dmean2": 0.0403841435909,
        "dvar": 0.0197853539139,
        "dvar2": 0.0435067042708,
        "max": 1,
        "mean": 0.13820271194,
        "median": 0,
        "min": 0,
        "var": 0.119084365666
    },
    "spectral_centroid": {
        "dmean": 95.1141891479,
        "dmean2": 141.549468994,
        "dvar": 66752.0859375,
        "dvar2": 118067.09375,
        "max": 10780.6230469,
        "mean": 545.827087402,
        "median": 411.974914551,
        "min": 91.2164993286,
        "var": 271985.25
    },
    "spectral_complexity": {
        "dmean": 1.57140517235,
        "dmean2": 2.52712798119,
        "dvar": 4.9446387291,
        "dvar2": 10.3579702377,
        "max": 50,
        "mean": 9.37505149841,
        "median": 9,
        "min": 0,
        "var": 30.2467460632
    },
    "spectral_decrease": {
        "dmean": 1.48799816913e-09,
        "dmean2": 2.35800401427e-09,
        "dvar": 7.85673516596e-18,
        "dvar2": 2.05786025878e-17,
        "max": 2.37666248283e-16,
        "mean": -7.30400095961e-09,
        "median": -6.34640828778e-09,
        "min": -4.41052776523e-08,
        "var": 3.77772393136e-17
    },
    "spectral_energy": {
        "dmean": 0.00577120482922,
        "dmean2": 0.00912694633007,
        "dvar": 0.000115473354526,
        "dvar2": 0.000302836502669,
        "max": 0.169002458453,
        "mean": 0.0286735445261,
        "median": 0.0249270759523,
        "min": 1.0727761102e-20,
        "var": 0.000571870303247
    },
    "spectral_energyband_high": {
        "dmean": 0.000223890674533,
        "dmean2": 0.000316911377013,
        "dvar": 1.03200750345e-06,
        "dvar2": 1.98964403353e-06,
        "max": 0.0188282802701,
        "mean": 0.000393670197809,
        "median": 1.52779139171e-05,
        "min": 8.1418830316e-21,
        "var": 2.59143780568e-06
    },
    "spectral_energyband_low": {
        "dmean": 0.00332859298214,
        "dmean2": 0.00540127698332,
        "dvar": 6.74521288602e-05,
        "dvar2": 0.000192242965568,
        "max": 0.134273946285,
        "mean": 0.0116876102984,
        "median": 0.00739934667945,
        "min": 1.02462410365e-22,
        "var": 0.000188443897059
    },
    "spectral_energyband_middle_high": {
        "dmean": 0.000556223967578,
        "dmean2": 0.000850377313327,
        "dvar": 1.27857538246e-06,
        "dvar2": 3.0836527003e-06,
        "max": 0.0228560045362,
        "mean": 0.0017653714167,
        "median": 0.000682152516674,
        "min": 1.32310022943e-21,
        "var": 6.42304667053e-06
    },
    "spectral_energyband_middle_low": {
        "dmean": 0.00421988079324,
        "dmean2": 0.00674231117591,
        "dvar": 7.90158082964e-05,
        "dvar2": 0.000214346175198,
        "max": 0.142390355468,
        "mean": 0.017050575465,
        "median": 0.0104132480919,
        "min": 2.48961825872e-22,
        "var": 0.000334604876116
    },
    "spectral_entropy": {
        "dmean": 0.18059502542,
        "dmean2": 0.25907176733,
        "dvar": 0.0720856338739,
        "dvar2": 0.125328436494,
        "max": 9.79898262024,
        "mean": 6.27892971039,
        "median": 6.26504802704,
        "min": 3.56691884995,
        "var": 0.993477761745
    },
    "spectral_flux": {
        "dmean": 0.0174538008869,
        "dmean2": 0.0272225532681,
        "dvar": 0.000618217163719,
        "dvar2": 0.00131800957024,
        "max": 0.37950861454,
        "mean": 0.0532256253064,
        "median": 0.0407477356493,
        "min": 1.03574905597e-10,
        "var": 0.00219918345101
    },
    "spectral_kurtosis": {
        "dmean": 16.272726059,
        "dmean2": 27.6083965302,
        "dvar": 896.242126465,
        "dvar2": 2526.95849609,
        "max": 615.660888672,
        "mean": 59.1596794128,
        "median": 17.1170349121,
        "min": -1.22860610485,
        "var": 7770.17529297
    },
    "spectral_rms": {
        "dmean": 0.000481430499349,
        "dmean2": 0.000740561983548,
        "dvar": 5.18806416494e-07,
        "dvar2": 1.26186648686e-06,
        "max": 0.0128405783325,
        "mean": 0.004723245278,
        "median": 0.00493143964559,
        "min": 3.23513655101e-12,
        "var": 5.66512017031e-06
    },
    "spectral_rolloff": {
        "dmean": 234.219421387,
        "dmean2": 400.045257568,
        "dvar": 1035623.875,
        "dvar2": 2147357.25,
        "max": 19810.546875,
        "mean": 772.507080078,
        "median": 409.130859375,
        "min": 64.599609375,
        "var": 2875230.75
    },
    "spectral_skewness": {
        "dmean": 0.821801364422,
        "dmean2": 1.36712276936,
        "dvar": 1.28954017162,
        "dvar2": 3.5529654026,
        "max": 20.3261432648,
        "mean": 4.81033182144,
        "median": 3.39027833939,
        "min": -0.288749307394,
        "var": 14.2840261459
    },
    "spectral_spread": {
        "dmean": 575163.6875,
        "dmean2": 828120.625,
        "dvar": 1.11924831846e+12,
        "dvar2": 1.77720800051e+12,
        "max": 41466332,
        "mean": 3344007.25,
        "median": 2765922,
        "min": 167594.046875,
        "var": 8.2783019991e+12
    },
    "spectral_strongpeak": {
        "dmean": 0.267605006695,
        "dmean2": 0.45354321599,
        "dvar": 0.253332257271,
        "dvar2": 0.659005224705,
        "max": 7.97172832489,
        "mean": 0.775744557381,
        "median": 0.483526080847,
        "min": 0,
        "var": 0.659229636192
    },
    "zerocrossingrate": {
        "dmean": 0.00686879968271,
        "dmean2": 0.00775514729321,
        "dvar": 0.000299297476886,
        "dvar2": 0.000277765298961,
        "max": 0.79150390625,
        "mean": 0.0314891524613,
        "median": 0.02001953125,
        "min": 0.001953125,
        "var": 0.00253274478018
    },
    "barkbands": {
        "dmean": [9.16886638151e-05, 0.00185584509745, 0.00167566584423, 0.00163735297974, 0.0018763365224, 0.00152925797738, 0.000733388762455, 0.000487707031425, 0.00051300280029, 0.000235171813983, 0.0001882075303, 0.000216899832594, 5.49229262106e-05, 5.424633855e-05, 2.61890472757e-05, 2.24078830797e-05, 2.62879821094e-05, 3.88820481021e-05, 3.55936899723e-05, 2.33815680986e-05, 2.59075131908e-05, 2.97408678307e-05, 3.21399093082e-05, 4.98512818012e-05, 6.64224862703e-05, 3.46452798112e-05, 9.2154232334e-06],
        "dmean2": [0.000129505657242, 0.00299113965593, 0.00272620166652, 0.00271241506562, 0.00302548171021, 0.00223724613898, 0.00109589053318, 0.000730720465071, 0.000777952896897, 0.000351566472091, 0.000290815252811, 0.000353668583557, 8.74441393535e-05, 8.68439019541e-05, 4.18021627411e-05, 3.59399709851e-05, 4.10724387621e-05, 6.06707071711e-05, 5.44876820641e-05, 3.74405863113e-05, 4.04192251153e-05, 4.51176965726e-05, 4.7781275498e-05, 7.31186446501e-05, 9.63689017226e-05, 4.85666932946e-05, 1.30976941364e-05],
        "dvar": [8.67104787972e-08, 2.74235953839e-05, 3.70133893739e-05, 2.29637043958e-05, 1.95287084352e-05, 1.20631138998e-05, 4.73976479043e-06, 1.55998077389e-06, 2.53433518083e-06, 3.9313721345e-07, 1.87880928593e-07, 4.03151574346e-07, 4.2638887976e-08, 2.5568455797e-08, 8.21713808108e-09, 1.88219075881e-08, 2.52457805772e-08, 3.22463264979e-08, 4.48175931922e-08, 1.83413799704e-08, 1.7899244753e-08, 2.15084785538e-08, 2.89474133552e-08, 6.5128865856e-08, 1.16460483923e-07, 2.99030986639e-08, 2.09600425904e-09],
        "dvar2": [1.47807810436e-07, 7.6337455539e-05, 9.88801257336e-05, 6.58153512632e-05, 5.16579930263e-05, 2.54595252045e-05, 1.06756688183e-05, 3.40354722539e-06, 6.29748546999e-06, 7.97683867404e-07, 4.4114284492e-07, 1.11132419534e-06, 1.07354438228e-07, 5.80116008564e-08, 1.92717202196e-08, 4.84002562473e-08, 5.86333719355e-08, 7.06432601305e-08, 9.48206846374e-08, 4.8927159213e-08, 4.06986160328e-08, 4.77798671739e-08, 6.41837090143e-08, 1.28923232978e-07, 2.30935128798e-07, 5.89420210417e-08, 4.23247570325e-09],
        "max": [0.00738379871473, 0.0840214192867, 0.102389991283, 0.0803690701723, 0.0770486444235, 0.104032665491, 0.059632346034, 0.034045688808, 0.0351562984288, 0.020981201902, 0.0117957694456, 0.020082520321, 0.00682305917144, 0.00499125244096, 0.00317971990444, 0.00820020586252, 0.00695204176009, 0.00635754363611, 0.00905466359109, 0.00902939960361, 0.00382787943818, 0.00375761603937, 0.00519931735471, 0.00647946074605, 0.00925112236291, 0.00615020515397, 0.0018375874497],
        "mean": [0.000189447964658, 0.00573679432273, 0.00367890833877, 0.00402325438336, 0.00438369903713, 0.00418162532151, 0.00191345217172, 0.000981525168754, 0.00126384408213, 0.000527789467014, 0.000472458603326, 0.000443445402198, 0.000101249606814, 9.02078099898e-05, 4.65862722194e-05, 3.42752864526e-05, 5.00057722093e-05, 7.64313444961e-05, 6.09817107033e-05, 3.75454437744e-05, 3.78361764888e-05, 4.38606257376e-05, 5.06133947056e-05, 8.07936812635e-05, 0.000103612357634, 5.10044665134e-05, 1.22902492876e-05],
        "median": [1.42541348396e-05, 0.00101735000499, 0.00142648559995, 0.000912034360226, 0.00166992517188, 0.00169346365146, 0.000419818388764, 0.000211346137803, 0.000116385315778, 0.000133050707518, 9.62191552389e-05, 8.90550509212e-05, 1.54979261424e-05, 2.4107444915e-05, 1.29704976644e-05, 4.56279531136e-06, 4.04978072766e-06, 3.81045788345e-06, 5.86278156334e-06, 1.6362888573e-06, 1.04371713405e-06, 1.23318989154e-06, 1.54672613917e-06, 1.78064215106e-06, 1.72981640389e-06, 9.28070619466e-07, 1.28107913611e-07],
        "min": [2.1910591921e-24, 5.26751645824e-23, 4.76520075714e-23, 1.23673684193e-23, 3.65554199175e-23, 7.35302172249e-23, 1.58757641864e-23, 5.50360296342e-23, 2.94100692993e-23, 4.78093253686e-23, 1.27824988976e-22, 4.96207677326e-23, 3.70456149285e-23, 8.07177750569e-23, 1.39994247601e-22, 9.37884871262e-23, 1.41043710284e-22, 2.46469807961e-22, 2.03723694805e-22, 3.5080621736e-22, 4.13928216423e-22, 4.20903034246e-22, 5.96554741396e-22, 1.20112279498e-21, 1.42419256511e-21, 1.75759623322e-21, 2.4794716647e-21],
        "var": [3.25825368463e-07, 7.87170720287e-05, 4.52754720754e-05, 4.53495777037e-05, 5.22793889104e-05, 5.66107046325e-05, 2.17717497435e-05, 4.78936635773e-06, 1.04891232695e-05, 1.4524598555e-06, 1.05526248717e-06, 1.15977240966e-06, 9.11146003091e-08, 5.72561269507e-08, 1.51403209969e-08, 2.05943617715e-08, 7.72610420086e-08, 8.42496206133e-08, 9.10838053869e-08, 2.35814834326e-08, 2.88394623738e-08, 3.78364930498e-08, 5.28460404325e-08, 1.52191745428e-07, 2.82533420659e-07, 6.34099635022e-08, 3.97465171886e-09]
    },
    "erbbands": {
        "dmean": [0.0549318864942, 0.427882641554, 1.59757757187, 3.74748778343, 6.0090918541, 5.97796154022, 11.2910642624, 11.4853315353, 10.3384780884, 9.82920742035, 11.5125961304, 11.4949874878, 8.88327980042, 6.78273630142, 6.78107261658, 8.00179958344, 2.68572568893, 2.75168704987, 1.60986125469, 1.17307424545, 1.23711645603, 1.45333719254, 2.03993058205, 1.74005961418, 1.80563259125, 0.941022634506, 1.01489520073, 1.02149963379, 1.03398430347, 1.01925003529, 0.930074095726, 0.906276702881, 0.946094214916, 0.845039308071, 0.437498807907, 0.17294344306, 0.0640002340078, 0.0134762758389, 0.0014828229323, 8.11121499282e-05],
        "dmean2": [0.0852867588401, 0.701393187046, 2.55612754822, 6.07037973404, 10.022726059, 9.53108692169, 16.7598438263, 16.5491600037, 15.2272758484, 14.5889854431, 17.1160621643, 17.3875465393, 13.2001638412, 10.5046291351, 10.7627229691, 12.90533638, 4.30454444885, 4.36267566681, 2.58161282539, 1.82314789295, 1.97938394547, 2.2268948555, 3.12936115265, 2.66671586037, 2.79856991768, 1.49741613865, 1.59912252426, 1.56909584999, 1.59820997715, 1.52393448353, 1.38260126114, 1.33921909332, 1.36716091633, 1.22508311272, 0.646374642849, 0.247683539987, 0.0906448364258, 0.0188329257071, 0.00212710839696, 0.000116637733299],
        "dvar": [0.0355958454311, 1.39266777039, 31.1864814758, 113.468330383, 289.278717041, 224.54624939, 616.981018066, 1028.07055664, 881.191711426, 765.147399902, 1072.35668945, 1611.63110352, 548.423583984, 303.578582764, 492.72543335, 653.383117676, 89.4659194946, 65.4607162476, 26.0265274048, 17.57396698, 73.3346252441, 77.1802368164, 92.3152008057, 91.4003829956, 107.194313049, 32.139503479, 26.4630298615, 30.246963501, 27.4971599579, 26.9009513855, 25.4360637665, 22.4903278351, 23.4064655304, 20.7035293579, 4.68660116196, 0.690207004547, 0.113459415734, 0.00476147281006, 6.07225738349e-05, 1.35639353971e-07],
        "dvar2": [0.0967303141952, 3.7678103447, 81.148109436, 310.138336182, 856.783935547, 539.755371094, 1424.98498535, 2083.62792969, 2002.41174316, 1691.49743652, 2484.00878906, 4013.96118164, 1128.83398438, 740.111816406, 1234.88879395, 1805.37145996, 225.961746216, 146.278427124, 61.5953521729, 40.4646263123, 191.664474487, 178.333724976, 195.950912476, 200.495788574, 228.109832764, 82.1989440918, 62.2390403748, 66.7469940186, 62.1996688843, 61.433631897, 55.57239151, 46.587688446, 46.2458686829, 41.6934509277, 9.78343963623, 1.43278217316, 0.222111180425, 0.00901484116912, 0.00012667493138, 2.81422302351e-07],
        "max": [3.11117315292, 19.2705936432, 94.8807373047, 184.303314209, 350.709350586, 424.484558105, 877.825378418, 813.798400879, 775.018005371, 979.833496094, 1169.5526123, 1000.2010498, 787.185058594, 626.289794922, 870.921813965, 901.32043457, 306.693664551, 282.482879639, 161.856185913, 145.467636108, 515.266418457, 405.534393311, 328.114135742, 400.300750732, 576.995788574, 364.216461182, 182.049667358, 178.980239868, 144.817626953, 170.418624878, 177.55960083, 148.259155273, 122.80166626, 145.321777344, 55.5292510986, 29.8434963226, 11.6926727295, 2.74835276604, 0.318259805441, 0.014565827325],
        "mean": [0.136393517256, 1.38740980625, 4.13467264175, 9.64696311951, 13.7480049133, 13.6641511917, 29.2326755524, 29.9507713318, 25.9736633301, 25.9549732208, 25.5280590057, 29.5400524139, 21.4091358185, 19.007276535, 15.5857391357, 17.465719223, 5.49383735657, 5.0097117424, 2.97387480736, 2.23883318901, 1.98981380463, 2.99494504929, 4.08582448959, 3.32890176773, 3.20463705063, 1.55612015724, 1.45660758018, 1.50391495228, 1.50841152668, 1.56052839756, 1.4540002346, 1.45216071606, 1.49449026585, 1.30646646023, 0.637339413166, 0.240836560726, 0.0938799530268, 0.0194444041699, 0.00198952644132, 0.000136266258778],
        "median": [0.0156074445695, 0.298831731081, 1.80810725689, 4.23948383331, 4.38539171219, 5.38874721527, 11.5678653717, 10.4904317856, 8.05159759521, 5.7985458374, 5.07784605026, 3.01139760017, 4.02754592896, 4.42716789246, 3.87839865685, 3.28865528107, 1.14600086212, 1.37690603733, 0.851181864738, 0.624734520912, 0.306125968695, 0.228853657842, 0.231756106019, 0.312001138926, 0.22668170929, 0.0833555087447, 0.0503378547728, 0.0410357415676, 0.0443403571844, 0.0451887249947, 0.0449791513383, 0.0368245467544, 0.0270823147148, 0.0188596732914, 0.0107712876052, 0.00432953750715, 0.00150172866415, 0.000259153777733, 3.71160604118e-05, 3.72218455595e-05],
        "min": [2.53135422602e-21, 8.57828462042e-21, 4.74350179625e-20, 3.77190029551e-20, 8.36085987329e-20, 1.1976029476e-19, 2.55303169758e-19, 7.80047654455e-19, 3.97308677635e-19, 6.3296909958e-19, 9.56350758865e-19, 7.89750689835e-19, 1.54339722068e-18, 2.4862375352e-18, 4.0321853673e-18, 2.28935986402e-18, 1.89907206278e-18, 3.80560364032e-18, 4.09359815111e-18, 7.82160149662e-18, 6.47510324703e-18, 7.41279643019e-18, 1.33597800113e-17, 1.27235556975e-17, 1.20455463551e-17, 1.48009577674e-17, 2.14100167107e-17, 1.4590488278e-17, 1.55431935485e-17, 1.35868394351e-17, 1.70495754707e-17, 2.02573752687e-17, 2.21353680812e-17, 1.60066463021e-17, 9.8115044013e-18, 6.75334571198e-18, 3.19287063555e-18, 1.52958609618e-18, 3.65948425306e-19, 3.10425503502e-20],
        "var": [0.0813182517886, 4.14840078354, 46.0826530457, 205.946731567, 576.82220459, 724.007080078, 2703.93017578, 4108.63916016, 2923.21801758, 3537.13134766, 3300.30004883, 6493.31298828, 2171.1262207, 1792.2677002, 1346.39331055, 2123.52734375, 210.691894531, 155.322509766, 55.351776123, 36.9821777344, 74.1355056763, 279.366455078, 285.142791748, 173.723815918, 237.209030151, 42.4414596558, 41.7038993835, 50.0157661438, 46.3372383118, 44.957118988, 47.8094902039, 51.3196640015, 54.1095046997, 48.2124595642, 10.0757198334, 1.35302221775, 0.240011230111, 0.0101781738922, 0.000110377899546, 2.5139397053e-07]
    },
    "gfcc": {
        "mean": [-132.306274414, 164.202102661, -66.0255203247, -7.88848161697, -47.2650527954, -2.79365229607, -29.6576290131, -2.85459637642, -24.0272808075, -6.45916795731, -6.24746656418, -2.65658593178, -7.3770647049],
        "cov": [[27351.78125, -7958.03027344, -2683.30541992, 2495.70507812, -2451.74243164, 1268.25622559, -1440.7376709, 973.005554199, -1422.38378906, 145.392578125, -993.276672363, 227.380477905, -1243.68151855], [-7958.03027344, 6093.84130859, -403.670593262, -1749.99145508, 1649.00769043, -680.134277344, 787.783569336, -553.724609375, 530.038635254, -298.588378906, 504.29901123, -234.288574219, 575.141601562], [-2683.30541992, -403.670593262, 2502.35644531, 407.672119141, -101.140533447, 484.62979126, 95.9053497314, 151.075256348, 231.906433105, 149.699234009, -71.1494216919, 13.4141206741, -8.24464511871], [2495.70507812, -1749.99145508, 407.672119141, 1232.51428223, -234.927124023, 318.887634277, -72.376914978, 243.05418396, -52.8240203857, 146.550369263, -136.48348999, 41.9644889832, -183.661605835], [-2451.74243164, 1649.00769043, -101.140533447, -234.927124023, 904.643066406, -119.364845276, 320.443115234, -98.044631958, 232.828765869, -42.2591514587, 157.404296875, -75.6800994873, 187.628631592], [1268.25622559, -680.134277344, 484.62979126, 318.887634277, -119.364845276, 457.080871582, 4.14962482452, 148.456390381, -9.24994659424, 78.0261764526, -81.8879318237, 25.374124527, -87.7210617065], [-1440.7376709, 787.783569336, 95.9053497314, -72.376914978, 320.443115234, 4.14962482452, 408.450256348, 24.2359390259, 127.567314148, 22.2916069031, 115.001991272, -14.6239356995, 62.0954933167], [973.005554199, -553.724609375, 151.075256348, 243.05418396, -98.044631958, 148.456390381, 24.2359390259, 259.990997314, 27.0036258698, 66.038772583, -26.0781478882, 28.9681568146, -101.206825256], [-1422.38378906, 530.038635254, 231.906433105, -52.8240203857, 232.828765869, -9.24994659424, 127.567314148, 27.0036258698, 237.182983398, 48.2053527832, 54.2441864014, -20.9535961151, 73.8461380005], [145.392578125, -298.588378906, 149.699234009, 146.550369263, -42.2591514587, 78.0261764526, 22.2916069031, 66.038772583, 48.2053527832, 132.172134399, 8.17887878418, 14.7468490601, -15.5231704712], [-993.276672363, 504.29901123, -71.1494216919, -136.48348999, 157.404296875, -81.8879318237, 115.001991272, -26.0781478882, 54.2441864014, 8.17887878418, 146.517272949, 14.3986234665, 49.6259918213], [227.380477905, -234.288574219, 13.4141206741, 41.9644889832, -75.6800994873, 25.374124527, -14.6239356995, 28.9681568146, -20.9535961151, 14.7468490601, 14.3986234665, 105.561721802, 21.0952281952], [-1243.68151855, 575.141601562, -8.24464511871, -183.661605835, 187.628631592, -87.7210617065, 62.0954933167, -101.206825256, 73.8461380005, -15.5231704712, 49.6259918213, 21.0952281952, 185.242324829]],
        "icov": [[0.000187912417459, -0.000118913092592, 0.000309700291837, -0.00021801769617, 0.000118651558296, -0.000448703882284, 0.000305905181449, -0.000388579705032, 0.000549625023268, -0.000300186482491, 0.000651270442177, -0.000296361948131, 0.000395945447963], [-0.000118913092592, 0.00115651381202, -0.000245933159022, 0.000898323778529, -0.000784472096711, 0.000389442284359, -0.000946815765928, 0.000862696382683, -0.00122362736147, 0.00156212341972, -0.00159435044043, 0.00140045606531, -0.00085534574464], [0.000309700291837, -0.000245933159022, 0.00113074597903, -0.000501406437252, 0.0005121412687, -0.00138745433651, 0.00043545011431, -0.000461094488855, 9.65363942669e-05, -0.000481702736579, 0.00114812096581, -0.00043697541696, 0.000485724478494], [-0.00021801769617, 0.000898323778529, -0.000501406437252, 0.00213007768616, -0.000956617644988, 0.000431396154454, -0.000850278651342, 0.00041242086445, -0.000807575241197, 0.000110001266876, -0.000561673368793, 0.00057344493689, -6.336664228e-05], [0.000118651558296, -0.000784472096711, 0.0005121412687, -0.000956617644988, 0.00322409509681, -0.00080212688772, -0.000342006678693, -0.000402609584853, -0.000803638540674, 0.000417271541664, -0.000292203738354, 0.000931085727643, -0.00111663213465], [-0.000448703882284, 0.000389442284359, -0.00138745433651, 0.000431396154454, -0.00080212688772, 0.0050925668329, -0.00126568472479, -6.62143720547e-05, -0.000355207652319, -0.000446097925305, 0.000271153781796, -0.000126365805045, -0.000197593966732], [0.000305905181449, -0.000946815765928, 0.00043545011431, -0.000850278651342, -0.000342006678693, -0.00126568472479, 0.00522845750675, -0.00191037682816, 0.00114987127017, -0.00151894043665, -0.000555988692213, -0.000808813725598, 0.000775880180299], [-0.000388579705032, 0.000862696382683, -0.000461094488855, 0.00041242086445, -0.000402609584853, -6.62143720547e-05, -0.00191037682816, 0.00862568058074, -0.00416302680969, 0.00050728500355, -0.00138956983574, -0.00158225372434, 0.00308500486426], [0.000549625023268, -0.00122362736147, 9.65363942669e-05, -0.000807575241197, -0.000803638540674, -0.000355207652319, 0.00114987127017, -0.00416302680969, 0.0113580767065, -0.00517333112657, 0.00267373374663, 3.29736467393e-05, -0.00100273091812], [-0.000300186482491, 0.00156212341972, -0.000481702736579, 0.000110001266876, 0.000417271541664, -0.000446097925305, -0.00151894043665, 0.00050728500355, -0.00517333112657, 0.0139321181923, -0.00529334833845, 0.0023861983791, -0.00224926904775], [0.000651270442177, -0.00159435044043, 0.00114812096581, -0.000561673368793, -0.000292203738354, 0.000271153781796, -0.000555988692213, -0.00138956983574, 0.00267373374663, -0.00529334833845, 0.0161498561502, -0.00648054713383, 0.00357046863064], [-0.000296361948131, 0.00140045606531, -0.00043697541696, 0.00057344493689, 0.000931085727643, -0.000126365805045, -0.000808813725598, -0.00158225372434, 3.29736467393e-05, 0.0023861983791, -0.00648054713383, 0.0160819999874, -0.00729348044842], [0.000395945447963, -0.00085534574464, 0.000485724478494, -6.336664228e-05, -0.00111663213465, -0.000197593966732, 0.000775880180299, 0.00308500486426, -0.00100273091812, -0.00224926904775, 0.00357046863064, -0.00729348044842, 0.0132192634046]]
    },
    "melbands": {
        "dmean": [0.000494388747029, 0.000681990874, 0.000691855791956, 0.000426895188866, 0.000349806970917, 0.000264011090621, 0.000159048708156, 0.000104699785879, 0.000101802143035, 7.2261907917e-05, 4.37914641225e-05, 2.67829545919e-05, 2.19986632146e-05, 2.68176318059e-05, 1.13782080007e-05, 5.48997786609e-06, 5.69069197809e-06, 2.97348765343e-06, 1.93333107745e-06, 1.48438789438e-06, 1.56090050041e-06, 1.49561662965e-06, 1.83498559636e-06, 1.96065730051e-06, 1.43083741477e-06, 1.49798722759e-06, 1.14349097657e-06, 5.64475442388e-07, 6.21970741577e-07, 6.81450558204e-07, 6.00165662945e-07, 5.70460940708e-07, 6.54590962768e-07, 5.77837738547e-07, 5.71390842197e-07, 5.35515596312e-07, 5.93630716139e-07, 6.56958491163e-07, 7.41941221349e-07, 7.48497313907e-07],
        "dmean2": [0.000783969473559, 0.00108884985093, 0.00112458935473, 0.000704060075805, 0.000523212482221, 0.000383428792702, 0.000234799910686, 0.000155446963618, 0.000152288062964, 0.000109529675683, 6.50915826554e-05, 4.16861439589e-05, 3.42986677424e-05, 4.34220492025e-05, 1.85299631994e-05, 8.60240470502e-06, 9.10509515961e-06, 4.81310644318e-06, 3.05889989249e-06, 2.37783683588e-06, 2.53042253462e-06, 2.31829380937e-06, 2.82815221908e-06, 3.05973321701e-06, 2.22485437007e-06, 2.33449532061e-06, 1.80774429737e-06, 9.23300490285e-07, 1.00602051134e-06, 1.07754078726e-06, 9.29822419948e-07, 8.92349078185e-07, 1.0152455161e-06, 8.76289561802e-07, 8.57976374391e-07, 8.18332409835e-07, 8.84464043338e-07, 9.51839808749e-07, 1.11340307285e-06, 1.09363293177e-06],
        "dvar": [2.3233687898e-06, 4.32963179264e-06, 3.59804880645e-06, 1.17792626497e-06, 5.44636009181e-07, 4.52561152997e-07, 2.00513426307e-07, 7.53122151309e-08, 9.1179359174e-08, 6.53880647405e-08, 1.36732936085e-08, 4.9236956734e-09, 3.42916384177e-09, 6.48079456766e-09, 1.08960129808e-09, 4.24347695871e-10, 2.87737195181e-10, 8.90794590869e-11, 4.68168767642e-11, 4.02965126545e-11, 1.37374153719e-10, 9.00101798651e-11, 9.63212079541e-11, 8.15330511439e-11, 6.82064058011e-11, 9.75257374858e-11, 3.53773850492e-11, 1.34555743284e-11, 1.14577479449e-11, 1.2419725838e-11, 1.10279849488e-11, 8.47438525603e-12, 1.11104086001e-11, 8.52410503294e-12, 9.41653092307e-12, 9.20587044095e-12, 9.64375541229e-12, 1.10529346092e-11, 1.54198129959e-11, 1.72062000064e-11],
        "dvar2": [6.45526552034e-06, 1.11864092105e-05, 9.98694304144e-06, 3.21262632497e-06, 1.2527546005e-06, 9.31303077323e-07, 4.54040389286e-07, 1.647028256e-07, 2.18277051545e-07, 1.63402091857e-07, 2.79516410018e-08, 1.19245262553e-08, 8.3748092905e-09, 1.74706524803e-08, 2.95210611512e-09, 9.96609683668e-10, 6.53853027277e-10, 2.08194420037e-10, 1.079692169e-10, 9.82302780783e-11, 3.65127511559e-10, 2.13113221514e-10, 2.08684958203e-10, 1.72016123567e-10, 1.55974844152e-10, 2.15187950792e-10, 9.02177152429e-11, 3.46483709779e-11, 2.78680793719e-11, 2.95910379533e-11, 2.42201467215e-11, 1.93403695836e-11, 2.59380728701e-11, 2.02273198191e-11, 2.133543342e-11, 2.10676042584e-11, 2.01154388285e-11, 2.25993859043e-11, 3.09065585624e-11, 3.62261470821e-11],
        "max": [0.0248865690082, 0.038299202919, 0.0301006939262, 0.018885569647, 0.0226252581924, 0.0164511837065, 0.0109315095469, 0.00856275763363, 0.0109195653349, 0.00615308433771, 0.00393999787048, 0.00263620191254, 0.00208686199039, 0.00274974037893, 0.000798524299171, 0.000721576565411, 0.000576822494622, 0.000288936163997, 0.000254224461969, 0.000255750201177, 0.00068073766306, 0.000436952424934, 0.000497754721437, 0.000377553107683, 0.000353657494998, 0.000544579001144, 0.000271427736152, 0.00024919846328, 0.000161868636496, 0.000111931876745, 0.000106650208181, 8.08530749055e-05, 8.62704255269e-05, 0.000104895465483, 0.000100515317172, 0.000131212640554, 0.000114434325951, 8.96703204489e-05, 9.65770304902e-05, 0.000139124880661],
        "mean": [0.00142030487768, 0.00210247864015, 0.00182944221888, 0.000955227995291, 0.000929330068175, 0.000705562764779, 0.000418124778662, 0.000264946254902, 0.000214800340473, 0.000184848497156, 9.95733644231e-05, 7.15121786925e-05, 5.16270483786e-05, 5.66294111195e-05, 2.18088971451e-05, 1.00918596218e-05, 9.41610687732e-06, 5.00427540828e-06, 3.55045790457e-06, 2.44152079176e-06, 2.27329087465e-06, 2.85613691631e-06, 3.52218239641e-06, 3.8011532979e-06, 2.52540235124e-06, 2.44094189839e-06, 1.90438242953e-06, 8.15314024294e-07, 8.55986570514e-07, 9.23221477933e-07, 8.55321275139e-07, 8.08647882877e-07, 9.14726456358e-07, 8.5160877461e-07, 8.3977857912e-07, 8.14510428881e-07, 9.15684893243e-07, 9.96855533231e-07, 1.14882050184e-06, 1.09829443318e-06],
        "median": [0.000222066926653, 0.000889643910341, 0.000891475414392, 0.00037415639963, 0.000370280118659, 0.000265295966528, 0.000116453687951, 5.55544756935e-05, 3.69713707187e-05, 1.69648756128e-05, 1.90703922271e-05, 1.57250942721e-05, 1.239600806e-05, 1.10391838462e-05, 3.62359560313e-06, 1.50472396854e-06, 2.48310288953e-06, 1.24132270685e-06, 9.79303422355e-07, 4.67828641604e-07, 3.06009667383e-07, 2.16455973145e-07, 1.86688680515e-07, 1.70536409883e-07, 2.2564663027e-07, 1.70505998653e-07, 8.9923233304e-08, 3.42814736598e-08, 2.741919225e-08, 2.24382450398e-08, 2.03353014427e-08, 2.13372786106e-08, 2.27923173668e-08, 2.15993463115e-08, 2.3109423708e-08, 2.04801153814e-08, 1.77223640208e-08, 1.6719541307e-08, 1.62021720485e-08, 1.2884219025e-08],
        "min": [1.68910723477e-23, 1.95019558193e-23, 9.11973141331e-24, 7.06529701354e-24, 7.90335838456e-24, 1.59359590067e-23, 5.86680706707e-24, 9.01934018565e-24, 7.01807974405e-24, 4.92219543688e-24, 7.54819900553e-24, 9.2281508784e-24, 1.67196260517e-23, 7.12278761859e-24, 3.23952159945e-24, 4.78426271317e-24, 7.4062703069e-24, 5.18098993431e-24, 1.22279601313e-23, 7.64599409195e-24, 7.49085039544e-24, 6.63558239036e-24, 1.16145655572e-23, 1.11931955047e-23, 1.04002285785e-23, 7.14485126925e-24, 1.10019874542e-23, 9.46709605773e-24, 1.29449857848e-23, 9.90215758013e-24, 8.81468600101e-24, 9.75399214718e-24, 6.39084184439e-24, 8.28700353087e-24, 9.97562814053e-24, 9.66785011406e-24, 1.36860551298e-23, 1.58977749834e-23, 1.54275413087e-23, 1.30296084718e-23],
        "var": [5.93780441704e-06, 8.78043283592e-06, 6.68627717459e-06, 2.65809740085e-06, 2.43175259129e-06, 1.91654680748e-06, 7.96043082119e-07, 3.30788537894e-07, 2.62398884843e-07, 2.71729703627e-07, 5.09243029967e-08, 2.70504152411e-08, 1.22064722774e-08, 1.99718037663e-08, 2.73926525907e-09, 9.69603508594e-10, 6.24585827502e-10, 1.89652293869e-10, 9.24223267362e-11, 6.72966474213e-11, 1.25516541605e-10, 2.64677557649e-10, 3.31811994547e-10, 2.05808897702e-10, 1.15329967798e-10, 1.89528476247e-10, 5.66147753678e-11, 1.57231363346e-11, 1.6758783597e-11, 1.75685022086e-11, 1.78975861909e-11, 1.41384742455e-11, 1.74727697588e-11, 1.31139240092e-11, 1.60060714682e-11, 1.74596500452e-11, 2.13078894806e-11, 2.37104953726e-11, 3.62135356424e-11, 3.62720478653e-11]
    },
    "mfcc": {
        "mean": [-770.123413086, 184.381622314, 41.6887702942, 7.26366710663, 2.80407428741, -1.20918035507, 2.58296275139, 0.651507019997, -9.10064792633, -4.02812957764, -3.59479641914, -5.97440433502, -0.886544406414],
        "cov": [[15158.8027344, -2502.16333008, -1427.54797363, 126.085273743, -357.128356934, -654.643859863, -137.932098389, 139.350616455, -402.178924561, 3.10305333138, 90.305267334, -179.811264038, -342.314849854], [-2502.16333008, 3486.47412109, -319.333679199, -537.287780762, 86.0535583496, 68.4203338623, 98.4514007568, 41.8619728088, -18.2362422943, 6.28823471069, -62.3412094116, -44.3786354065, 60.9100608826], [-1427.54797363, -319.333679199, 1365.6361084, 232.18182373, 6.16438961029, 236.138565063, 35.1927566528, 8.03281021118, 129.573181152, 60.9384422302, -7.77478170395, 18.1503124237, 56.8955459595], [126.085273743, -537.287780762, 232.18182373, 672.664550781, 210.482223511, 133.667221069, 120.262237549, 87.4073181152, 118.333442688, 56.071975708, 79.8249206543, 94.1781616211, 41.1921806335], [-357.128356934, 86.0535583496, 6.16438961029, 210.482223511, 408.015991211, 158.087280273, 59.2034721375, 63.2428092957, 117.87121582, 57.4179611206, 70.8971786499, 82.8893814087, 9.94827079773], [-654.643859863, 68.4203338623, 236.138565063, 133.667221069, 158.087280273, 299.647277832, 105.120124817, 30.3116950989, 126.356536865, 58.8918457031, 43.6553268433, 53.0987243652, 28.66913414], [-137.932098389, 98.4514007568, 35.1927566528, 120.262237549, 59.2034721375, 105.120124817, 233.466003418, 107.31476593, 50.3397903442, 54.5800323486, 62.2614021301, 48.5004959106, 34.6076812744], [139.350616455, 41.8619728088, 8.03281021118, 87.4073181152, 63.2428092957, 30.3116950989, 107.31476593, 185.865158081, 65.4586486816, 50.8005943298, 64.8561019897, 42.1484909058, 29.5726737976], [-402.178924561, -18.2362422943, 129.573181152, 118.333442688, 117.87121582, 126.356536865, 50.3397903442, 65.4586486816, 187.43548584, 66.025680542, 42.032875061, 62.5830459595, 31.2862434387], [3.10305333138, 6.28823471069, 60.9384422302, 56.071975708, 57.4179611206, 58.8918457031, 54.5800323486, 50.8005943298, 66.025680542, 161.268280029, 76.0864868164, 34.3205070496, 34.8933753967], [90.305267334, -62.3412094116, -7.77478170395, 79.8249206543, 70.8971786499, 43.6553268433, 62.2614021301, 64.8561019897, 42.032875061, 76.0864868164, 147.602279663, 71.7296829224, 23.7548866272], [-179.811264038, -44.3786354065, 18.1503124237, 94.1781616211, 82.8893814087, 53.0987243652, 48.5004959106, 42.1484909058, 62.5830459595, 34.3205070496, 71.7296829224, 133.315765381, 48.2162322998], [-342.314849854, 60.9100608826, 56.8955459595, 41.1921806335, 9.94827079773, 28.66913414, 34.6076812744, 29.5726737976, 31.2862434387, 34.8933753967, 23.7548866272, 48.2162322998, 116.60786438]],
