{
"lowlevel": {
    "average_loudness": 0.919335842133,
    "barkbands_crest": {
        "dmean": 2.85563540459,
        "dmean2": 4.52850103378,
        "dvar": 7.68025064468,
        "dvar2": 15.9980821609,
        "max": 25.3902721405,
        "mean": 11.8516654968,
        "median": 10.9527044296,
        "min": 2.23597335815,
        "var": 25.8268909454
    },
    "barkbands_flatness_db": {
        "dmean": 0.0243197437376,
        "dmean2": 0.0359227582812,
        "dvar": 0.000640221580397,
        "dvar2": 0.00124625035096,
        "max": 0.373579144478,
        "mean": 0.122012794018,
        "median": 0.108958490193,
        "min": 0.0167496204376,
        "var": 0.00371524505317
    },
    "barkbands_kurtosis": {
        "dmean": 3.40974998474,
        "dmean2": 5.20115470886,
        "dvar": 33.3527526855,
        "dvar2": 78.2147598267,
        "max": 159.580108643,
        "mean": 6.10036325455,
        "median": 3.12042474747,
        "min": -1.89535200596,
        "var": 90.8365631104
    },
    "barkbands_skewness": {
        "dmean": 0.567163705826,
        "dmean2": 0.852326273918,
        "dvar": 0.324579000473,
        "dvar2": 0.690584361553,
        "max": 10.4566612244,
        "mean": 2.0364408493,
        "median": 1.88837349415,
        "min": -3.23678302765,
        "var": 1.50948894024
    },
    "barkbands_spread": {
        "dmean": 7.52989196777,
        "dmean2": 10.8865098953,
        "dvar": 67.2584762573,
        "dvar2": 129.077026367,
        "max": 111.186355591,
        "mean": 31.3800106049,
        "median": 23.8116817474,
        "min": 0.801956057549,
        "var": 520.627441406
    },
    "dissonance": {
        "dmean": 0.0155237084255,
        "dmean2": 0.0264604762197,
        "dvar": 0.000183212367119,
        "dvar2": 0.000519558205269,
        "max": 0.500000059605,
        "mean": 0.470992386341,
        "median": 0.474262714386,
        "min": 0.339401096106,
        "var": 0.000338405516231
    },
    "dynamic_complexity": 2.46649909019,
    "erbbands_crest": {
        "dmean": 2.14149427414,
        "dmean2": 3.54243278503,
        "dvar": 4.69312047958,
        "dvar2": 11.8731575012,
        "max": 27.5695800781,
        "mean": 6.45022344589,
        "median": 5.576130867,
        "min": 2.00058627129,
        "var": 10.5820541382
    },
    "erbbands_flatness_db": {
        "dmean": 0.012510552071,
        "dmean2": 0.0192375443876,
        "dvar": 0.000203385308851,
        "dvar2": 0.000446414138423,
        "max": 0.417709767818,
        "mean": 0.106428205967,
        "median": 0.0982340797782,
        "min": 0.0425671599805,
        "var": 0.00191686314065
    },
    "erbbands_kurtosis": {
        "dmean": 0.521842122078,
        "dmean2": 0.848158717155,
        "dvar": 0.553086161613,
        "dvar2": 1.50460934639,
        "max": 17.4960613251,
        "mean": -0.441120535135,
        "median": -0.686229705811,
        "min": -1.84290206432,
        "var": 1.23675608635
    },
    "erbbands_skewness": {
        "dmean": 0.298620253801,
        "dmean2": 0.464650005102,
        "dvar": 0.0730663612485,
        "dvar2": 0.171224325895,
        "max": 4.02713537216,
        "mean": 0.292638510466,
        "median": 0.306480526924,
        "min": -2.32456851006,
        "var": 0.338941544294
    },
    "erbbands_spread": {
        "dmean": 9.14227867126,
        "dmean2": 13.979552269,
        "dvar": 65.3399353027,
        "dvar2": 149.41003418,
        "max": 147.464553833,
        "mean": 62.1318206787,
        "median": 56.7508811951,
        "min": 6.41554927826,
        "var": 704.842834473
    },
    "hfc": {
        "dmean": 19.8515453339,
        "dmean2": 27.8578243256,
        "dvar": 881.084106445,
        "dvar2": 1726.3470459,
        "max": 279.243865967,
        "mean": 46.8272132874,
        "median": 23.1670875549,
        "min": 1.07412790672e-16,
        "var": 2788.25585938
    },
    "melbands_crest": {
        "dmean": 3.60846996307,
        "dmean2": 5.51949834824,
        "dvar": 11.1853046417,
        "dvar2": 23.4037799835,
        "max": 30.5464820862,
        "mean": 16.2663784027,
        "median": 15.7940578461,
        "min": 1.58774268627,
        "var": 33.0038833618
    },
    "melbands_flatness_db": {
        "dmean": 0.0304399579763,
        "dmean2": 0.0442300923169,
        "dvar": 0.000947483931668,
        "dvar2": 0.00175390788354,
        "max": 0.483459889889,
        "mean": 0.19631703198,
        "median": 0.187625706196,
        "min": 0.00297740940005,
        "var": 0.00572299119085
    },
    "melbands_kurtosis": {
        "dmean": 10.2362995148,
        "dmean2": 15.8228416443,
        "dvar": 172.975128174,
        "dvar2": 389.858734131,
        "max": 250.460174561,
        "mean": 24.8686084747,
        "median": 18.4850788116,
        "min": -1.57637917995,
        "var": 504.776031494
    },
    "melbands_skewness": {
        "dmean": 0.863409876823,
        "dmean2": 1.32058310509,
        "dvar": 0.68984246254,
        "dvar2": 1.48339176178,
        "max": 13.0140666962,
        "mean": 3.9382750988,
        "median": 3.73170256615,
        "min": -1.87823140621,
        "var": 2.88713431358
    },
    "melbands_spread": {
        "dmean": 7.21895885468,
        "dmean2": 11.021697998,
        "dvar": 101.824211121,
        "dvar2": 213.354415894,
        "max": 172.952774048,
        "mean": 20.9782390594,
        "median": 16.2430839539,
        "min": 0.63771378994,
        "var": 349.347869873
    },
    "pitch_salience": {
        "dmean": 0.0836939513683,
        "dmean2": 0.127424359322,
        "dvar": 0.00650200992823,
        "dvar2": 0.01291293744,
        "max": 0.885073661804,
        "mean": 0.525932788849,
        "median": 0.540849506855,
        "min": 0.0896529406309,
        "var": 0.0222757235169
    },
    "silence_rate_20dB": {
        "dmean": 0,
        "dmean2": 0,
        "dvar": 0,
        "dvar2": 0,
        "max": 1,
        "mean": 1,
        "median": 1,
        "min": 1,
        "var": 0
    },
    "silence_rate_30dB": {
        "dmean": 0.0194907262921,
        "dmean2": 0.0389845147729,
        "dvar": 0.0191121120006,
        "dvar2": 0.0476868599653,
        "max": 1,
        "mean": 0.982632637024,
        "median": 1,
        "min": 0,
        "var": 0.0170674268156
    },
    "silence_rate_60dB": {
        "dmean": 0.00691606430337,
        "dmean2": 0.0138332154602,
        "dvar": 0.00686713913456,
        "dvar2": 0.0180484950542,
        "max": 1,
        "mean": 0.0256974454969,
        "median": 0,
        "min": 0,
        "var": 0.0250373277813
    },
    "spectral_centroid": {
        "dmean": 279.03817749,
        "dmean2": 430.820800781,
        "dvar": 87978.453125,
        "dvar2": 189850.546875,
        "max": 11942.0234375,
        "mean": 1418.39941406,
        "median": 1278.02612305,
        "min": 185.651489258,
        "var": 1052037.375
    },
    "spectral_complexity": {
        "dmean": 6.05894374847,
        "dmean2": 9.02475833893,
        "dvar": 35.0171356201,
        "dvar2": 71.3790206909,
        "max": 62,
        "mean": 22.2451076508,
        "median": 20,
        "min": 0,
        "var": 137.75340271
    },
    "spectral_decrease": {
        "dmean": 3.67839025905e-09,
        "dmean2": 5.68418823121e-09,
        "dvar": 1.51921976535e-17,
        "dvar2": 3.94222567065e-17,
        "max": 2.77054676224e-28,
        "mean": -1.05347321977e-08,
        "median": -1.01214450154e-08,
        "min": -5.67312170574e-08,
        "var": 4.4655901234e-17
    },
    "spectral_energy": {
        "dmean": 0.0150457695127,
        "dmean2": 0.0232186429203,
        "dvar": 0.000250703102211,
        "dvar2": 0.000650184403639,
        "max": 0.229761481285,
        "mean": 0.0440077446401,
        "median": 0.042102675885,
        "min": 1.00162120995e-20,
        "var": 0.000761945731938
    },
    "spectral_energyband_high": {
        "dmean": 0.00179066357668,
        "dmean2": 0.00246243807487,
        "dvar": 8.05310628493e-06,
        "dvar2": 1.57696595124e-05,
        "max": 0.0260068979114,
        "mean": 0.0040345126763,
        "median": 0.00120816042181,
        "min": 7.22724099397e-21,
        "var": 2.7103777029e-05
    },
    "spectral_energyband_low": {
        "dmean": 0.00879462249577,
        "dmean2": 0.01226745639,
        "dvar": 0.000118630596262,
        "dvar2": 0.000249229255132,
        "max": 0.162186682224,
        "mean": 0.0233864411712,
        "median": 0.0165872909129,
        "min": 1.65444168892e-23,
        "var": 0.000462288619019
    },
    "spectral_energyband_middle_high": {
        "dmean": 0.00162886991166,
        "dmean2": 0.00262726983055,
        "dvar": 4.55158897239e-06,
        "dvar2": 1.12040261229e-05,
        "max": 0.024723181501,
        "mean": 0.0034672957845,
        "median": 0.00256850430742,
        "min": 1.2286760277e-21,
        "var": 9.03882300918e-06
    },
    "spectral_energyband_middle_low": {
        "dmean": 0.0079710027203,
        "dmean2": 0.0124804526567,
        "dvar": 0.00012673290621,
        "dvar2": 0.000316644785926,
        "max": 0.168906778097,
        "mean": 0.0154777066782,
        "median": 0.012060531415,
        "min": 1.58920017838e-22,
        "var": 0.000182049625437
    },
    "spectral_entropy": {
        "dmean": 0.146662920713,
        "dmean2": 0.220979139209,
        "dvar": 0.0235541239381,
        "dvar2": 0.0505194738507,
        "max": 9.82719135284,
        "mean": 7.94567918777,
        "median": 8.00077629089,
        "min": 5.87324953079,
        "var": 0.219117313623
    },
    "spectral_flux": {
        "dmean": 0.0319353304803,
        "dmean2": 0.0502522103488,
        "dvar": 0.000993479159661,
        "dvar2": 0.00207974761724,
        "max": 0.403825283051,
        "mean": 0.10327989608,
        "median": 0.0962792560458,
        "min": 6.3195441935e-11,
        "var": 0.00250440649688
    },
    "spectral_kurtosis": {
        "dmean": 0.867652833462,
        "dmean2": 1.43017339706,
        "dvar": 1.70381116867,
        "dvar2": 4.83945465088,
        "max": 21.0982589722,
        "mean": 2.42647576332,
        "median": 2.08090925217,
        "min": -1.26456928253,
        "var": 4.36343669891
    },
    "spectral_rms": {
        "dmean": 0.0011279451428,
        "dmean2": 0.00172848091461,
        "dvar": 1.07805817606e-06,
        "dvar2": 2.82101655102e-06,
        "max": 0.0149718914181,
        "mean": 0.00616023642942,
        "median": 0.00640903925523,
        "min": 3.12600618134e-12,
        "var": 4.98600456922e-06
    },
    "spectral_rolloff": {
        "dmean": 1048.98449707,
        "dmean2": 1562.65380859,
        "dvar": 2598271.5,
        "dvar2": 4737578,
        "max": 19767.4804688,
        "mean": 2197.21313477,
        "median": 796.728515625,
        "min": 64.599609375,
        "var": 8790704
    },
    "spectral_skewness": {
        "dmean": 0.149517431855,
        "dmean2": 0.231215685606,
        "dvar": 0.0243993196636,
        "dvar2": 0.0619010031223,
        "max": 3.18823647499,
        "mean": 1.25968945026,
        "median": 1.23823010921,
        "min": -0.0873272195458,
        "var": 0.128081828356
    },
    "spectral_spread": {
        "dmean": 557645,
        "dmean2": 783096.4375,
        "dvar": 436300316672,
        "dvar2": 670878334976,
        "max": 42434552,
        "mean": 6787324,
        "median": 6158562.5,
        "min": 1883816.875,
        "var": 1.41724200468e+13
    },
    "spectral_strongpeak": {
        "dmean": 0.265392899513,
        "dmean2": 0.447992891073,
        "dvar": 0.11860280484,
        "dvar2": 0.312983959913,
        "max": 4.28756380081,
        "mean": 0.595115125179,
        "median": 0.501901268959,
        "min": 0,
        "var": 0.147573843598
    },
    "zerocrossingrate": {
        "dmean": 0.0157755054533,
        "dmean2": 0.0185150057077,
        "dvar": 0.000350077578332,
        "dvar2": 0.000475816428661,
        "max": 0.5244140625,
        "mean": 0.0820696204901,
        "median": 0.06103515625,
        "min": 0.0029296875,
        "var": 0.00467882072553
    },
    "barkbands": {
        "dmean": [7.90370031609e-05, 0.00708425510675, 0.00329920765944, 0.0021827633027, 0.00387186836451, 0.00203599012457, 0.000743864220567, 0.00112906389404, 0.000853041128721, 0.000438424904132, 0.000376064126613, 0.000295557256322, 0.000312337477226, 0.000183433672646, 0.000172369051143, 0.00014441422536, 0.000166572965099, 0.000134757458, 0.000176874003955, 0.000243381829932, 0.00021686933178, 0.000192378138308, 0.000423053483246, 0.000385381048545, 0.000347303925082, 0.000264495669398, 5.75555313844e-05],
        "dmean2": [0.000124274782138, 0.00869118981063, 0.0051385788247, 0.00338266557083, 0.00638312287629, 0.00342325912789, 0.00126362382434, 0.00184454384726, 0.00143592408858, 0.00075973640196, 0.00062922493089, 0.000499504909385, 0.000521557696629, 0.0003100183676, 0.000291645032121, 0.00024182976631, 0.000284811365418, 0.00022181001259, 0.000304590008454, 0.000396372372052, 0.000336117431289, 0.000296980055282, 0.00061450508656, 0.000576129299589, 0.000468238053145, 0.000368485954823, 8.33850572235e-05],
        "dvar": [1.64432094607e-08, 8.57080376591e-05, 3.1727435271e-05, 1.0362185094e-05, 5.24083443452e-05, 1.74819033418e-05, 1.74255831098e-06, 2.87813418254e-06, 2.65617541118e-06, 3.82186243542e-07, 3.10586386831e-07, 1.5677817089e-07, 2.47876926096e-07, 6.73579307886e-08, 4.49836150551e-08, 4.09319902417e-08, 5.43958655896e-08, 3.45958710568e-08, 8.443436883e-08, 1.5726416791e-07, 1.04300376336e-07, 8.11425167058e-08, 4.56228377743e-07, 3.98856343509e-07, 3.82747288086e-07, 3.41040362173e-07, 2.16413056364e-08],
        "dvar2": [4.05957649718e-08, 0.000158955794177, 7.63943899074e-05, 2.2666356017e-05, 0.000135941940243, 4.80185881315e-05, 4.56936368209e-06, 7.1071272032e-06, 6.84782708049e-06, 1.06818356471e-06, 8.05883814792e-07, 4.03758235734e-07, 6.36194897652e-07, 1.66043435001e-07, 1.17438418101e-07, 1.01011160325e-07, 1.42011487014e-07, 8.46127647947e-08, 2.27479176829e-07, 4.03668764193e-07, 2.26568644734e-07, 1.70645790831e-07, 1.00932368241e-06, 9.48787260313e-07, 7.32265789338e-07, 5.8980282347e-07, 4.3706396724e-08],
        "max": [0.00295020011254, 0.142523765564, 0.0750811696053, 0.0527902022004, 0.116307199001, 0.0832051709294, 0.0268063545227, 0.0342601239681, 0.0295393485576, 0.0101446136832, 0.0093510504812, 0.0070450566709, 0.0065966299735, 0.00399854034185, 0.00257455580868, 0.00367618864402, 0.00270026200451, 0.00209084246308, 0.00311797950417, 0.00486880354583, 0.00286410818808, 0.00316750933416, 0.00548780383542, 0.00572946900502, 0.00552365044132, 0.00500379735604, 0.00121391133871],
        "mean": [0.000118254865811, 0.0165243353695, 0.00447819568217, 0.00342977745458, 0.00549095589668, 0.00276330742054, 0.000907824549358, 0.00156655663159, 0.00113659433555, 0.000592614000197, 0.000538996479008, 0.000420409691287, 0.000422312441515, 0.000264064292423, 0.000255203805864, 0.000215612890315, 0.000236407911871, 0.000215040985495, 0.000263461028226, 0.000460330309579, 0.000366079999367, 0.000435188005213, 0.000684781116433, 0.000838199746795, 0.000817858148366, 0.000481925177155, 8.34703896544e-05],
        "median": [4.22362863901e-05, 0.00818789657205, 0.00198780186474, 0.00157512677833, 0.00302657228895, 0.00157431827392, 0.000428618222941, 0.000876122270711, 0.000617646262981, 0.000345969834598, 0.00025709575857, 0.000269202631898, 0.000254788988968, 0.000164560129633, 0.000177920723218, 0.000145685946336, 0.000153546716319, 0.000142269433127, 0.000158699811436, 0.00026747744414, 0.00019415144925, 0.000179573835339, 0.00017931725597, 0.00016213717754, 0.000110660927021, 4.65306475235e-05, 9.43520899455e-06],
        "min": [2.73770153966e-24, 3.67024162586e-24, 1.03300783336e-24, 6.62042023724e-26, 1.0120285509e-23, 5.49069357025e-24, 8.04471594788e-24, 9.69561012931e-24, 1.83592907981e-23, 1.60529234131e-23, 8.03118225019e-24, 2.40844298851e-23, 1.21095300213e-23, 4.6222967109e-23, 5.22073826874e-23, 4.48845446764e-23, 8.52367047991e-23, 9.53254090506e-23, 1.35162758547e-22, 1.58104386149e-22, 2.40956541136e-22, 3.5344454688e-22, 3.67403017769e-22, 5.38232045863e-22, 8.19420594139e-22, 1.2355317717e-21, 1.89056753617e-21],
        "var": [2.96098665586e-08, 0.000345140200807, 4.25318139605e-05, 2.3552458515e-05, 5.93446929997e-05, 1.60691233759e-05, 1.95423626792e-06, 4.45543810201e-06, 3.03370575239e-06, 4.93899108278e-07, 5.11265568548e-07, 2.17845979478e-07, 2.9495603826e-07, 9.5018449997e-08, 6.27536564934e-08, 5.42905560508e-08, 6.4492489571e-08, 5.05400485906e-08, 9.78188055001e-08, 2.76021921763e-07, 2.10831316849e-07, 2.94094775199e-07, 9.34963566124e-07, 1.33539288072e-06, 1.41576038004e-06, 8.48632964789e-07, 3.59340788236e-08]
    },
    "erbbands": {
        "dmean": [0.146024495363, 1.87635958195, 3.8288807869, 5.82067298889, 6.63333368301, 15.8638181686, 21.5840167999, 14.5603179932, 9.35875511169, 17.371049881, 23.7352523804, 23.4691829681, 11.752240181, 14.2018070221, 14.7002468109, 13.2490386963, 13.8178806305, 10.0001602173, 8.89978218079, 8.97986793518, 7.32995271683, 8.42224025726, 7.54820728302, 8.87982177734, 8.46022033691, 10.9189176559, 8.78491210938, 8.69115352631, 7.15901851654, 9.6027469635, 12.534945488, 8.86074447632, 6.19465017319, 4.40527486801, 2.31105613708, 1.11883032322, 0.490160763264, 0.124788634479, 0.0080301463604, 0.000558051513508],
        "dmean2": [0.162665426731, 2.29678940773, 5.65397548676, 8.77237892151, 10.3980340958, 26.6495399475, 36.065662384, 24.7493877411, 15.6770143509, 29.4741821289, 38.3464355469, 39.441986084, 20.2036380768, 24.6422519684, 24.6111030579, 22.3332748413, 23.073802948, 16.4770011902, 14.9373235703, 15.4106550217, 12.2034158707, 14.2472438812, 12.6185331345, 15.2168598175, 13.8793239594, 17.5060062408, 14.0370826721, 14.0156593323, 10.8327045441, 14.1915388107, 18.5773773193, 13.2104625702, 9.14672851562, 6.20342445374, 3.26147580147, 1.49313914776, 0.711377859116, 0.185797289014, 0.0111606642604, 0.000828760676086],
        "dvar": [0.0376916825771, 6.30621147156, 39.8139076233, 70.0075073242, 98.1805343628, 1184.50476074, 1961.37780762, 1031.53686523, 225.011123657, 1173.31896973, 1395.22741699, 2066.94848633, 293.272918701, 399.841003418, 456.496032715, 341.721191406, 496.089782715, 180.614959717, 123.357711792, 164.372467041, 103.840118408, 149.885818481, 107.573860168, 263.276153564, 142.702545166, 327.034790039, 146.356491089, 192.617904663, 117.201118469, 217.190246582, 460.170776367, 212.703598022, 99.0373764038, 53.9490890503, 21.3399429321, 5.77506780624, 1.37616062164, 0.0972558483481, 0.000423147866968, 2.59188573182e-06],
        "dvar2": [0.0523395165801, 11.7512264252, 89.4649047852, 154.346786499, 225.703903198, 3059.75610352, 5390.86621094, 2803.46044922, 573.332336426, 3106.56738281, 3321.53393555, 5331.02636719, 812.004577637, 1099.49755859, 1196.31811523, 879.039306641, 1275.77709961, 421.104797363, 313.781829834, 438.291595459, 246.881164551, 379.706085205, 275.86428833, 705.963989258, 346.308929443, 833.951843262, 334.751983643, 424.568115234, 241.477310181, 521.0703125, 1037.68945312, 527.207946777, 211.183227539, 113.903381348, 37.6119689941, 9.64700603485, 2.43704509735, 0.20225931704, 0.000820905785076, 5.7634301811e-06],
        "max": [2.82515692711, 38.2339744568, 89.2074203491, 150.124298096, 182.055404663, 593.476379395, 786.970947266, 577.62286377, 292.435852051, 805.445129395, 949.480041504, 814.454833984, 299.155273438, 364.788726807, 482.530487061, 350.33996582, 331.517120361, 206.510848999, 144.108535767, 169.730651855, 139.820083618, 139.262786865, 111.501564026, 193.372436523, 118.416664124, 208.228225708, 126.560287476, 127.911491394, 113.167510986, 159.013870239, 179.246383667, 130.39213562, 102.678642273, 57.4954605103, 43.9573440552, 22.1785202026, 9.93577194214, 2.3367433548, 0.176534712315, 0.0159135833383],
        "mean": [0.351795315742, 4.07382488251, 6.16578054428, 9.78764533997, 11.0787620544, 20.0262947083, 29.1481876373, 18.5149116516, 12.4876718521, 21.312078476, 34.8163642883, 31.8364658356, 16.910610199, 20.9727954865, 22.1769275665, 19.826789856, 19.4572982788, 15.5905847549, 13.9897689819, 13.1067686081, 11.3684034348, 12.2934045792, 11.9842338562, 13.3916711807, 13.7752790451, 20.2258625031, 16.5298995972, 15.7971906662, 15.5270023346, 17.4551486969, 20.0615711212, 19.4477596283, 12.3824205399, 9.52117538452, 5.32723712921, 2.456782341, 0.798204302788, 0.170981660485, 0.0121368104592, 0.000841372471768],
        "median": [0.121678702533, 1.90907394886, 2.86096930504, 5.25005817413, 5.60622739792, 9.52538585663, 16.1047687531, 9.51906013489, 6.99548149109, 8.41092395782, 19.3917388916, 17.3957977295, 10.5657110214, 11.3134469986, 12.5633935928, 13.0954360962, 12.1217279434, 10.216340065, 9.94431209564, 8.59088039398, 7.73938417435, 7.82252073288, 7.96143436432, 8.24962711334, 7.99491024017, 12.2191524506, 10.0382843018, 7.70931386948, 6.28340387344, 6.26986837387, 4.92917919159, 3.86944103241, 2.30120968819, 1.4125828743, 0.683408200741, 0.244961544871, 0.0774157196283, 0.0138368401676, 0.00173705036286, 0.000130545216962],
        "min": [1.11878588607e-22, 5.86180955435e-22, 1.12516879315e-21, 1.44755920572e-21, 9.92893000464e-21, 2.45842795565e-20, 5.9032784853e-20, 5.26608316487e-20, 9.80927768279e-20, 1.6053237612e-19, 2.75872747599e-19, 4.83085316753e-19, 4.69055919974e-19, 3.55209010166e-19, 8.03603483553e-19, 1.19189209265e-18, 7.85965046063e-19, 2.21949825743e-18, 2.4169098737e-18, 3.17180648125e-18, 3.08542276911e-18, 4.79646054863e-18, 4.75268532343e-18, 7.26760472599e-18, 7.7490279784e-18, 7.95665692959e-18, 8.16844908081e-18, 1.03804797585e-17, 1.18196243046e-17, 1.27300407935e-17, 1.11689003419e-17, 8.42742857725e-18, 8.41851487897e-18, 8.56584153633e-18, 6.73410879966e-18, 4.43637021642e-18, 2.19714184022e-18, 9.00178681225e-19, 2.48944632389e-19, 2.88884557128e-20],
        "var": [0.182942420244, 22.2935256958, 65.717880249, 154.093200684, 239.483673096, 1173.27270508, 1851.95776367, 934.946350098, 273.07711792, 1371.82006836, 2340.17089844, 2345.45922852, 360.638244629, 621.815368652, 710.564819336, 464.581604004, 583.422180176, 289.484191895, 179.746429443, 203.593551636, 143.53024292, 182.363891602, 144.275619507, 295.943603516, 235.232254028, 537.214355469, 328.555297852, 417.908050537, 405.445709229, 516.570678711, 848.629882812, 711.698059082, 292.55279541, 173.15045166, 73.1933898926, 18.8746643066, 2.72568202019, 0.147784978151, 0.000733787135687, 3.90565310227e-06]
    },
    "gfcc": {
        "mean": [36.6323394775, 67.8986053467, -87.7575912476, 34.5321807861, -58.6093673706, 18.1806488037, -32.2642631531, 7.68066358566, -23.7226371765, 3.03997850418, -15.2663154602, -1.0296639204, -11.0430879593],
        "cov": [[16840.9140625, -1865.56213379, 628.416381836, -107.990371704, -794.257019043, 651.801940918, -552.966918945, 351.121673584, -522.471740723, 306.327148438, -301.371276855, 190.700088501, -249.645507812], [-1865.56213379, 2514.75415039, -702.443359375, 185.730651855, 267.627258301, -277.241912842, 231.593170166, -188.71446228, 181.097412109, -153.588943481, 102.904281616, -111.061485291, 111.420875549], [628.416381836, -702.443359375, 865.33203125, 40.8067817688, 102.090209961, 259.152374268, 13.6935462952, 147.093811035, -33.3159561157, 116.243850708, 11.2117128372, 49.7022323608, 1.89545345306], [-107.990371704, 185.730651855, 40.8067817688, 246.864318848, 63.9560127258, 48.798614502, 36.4833335876, 4.44385957718, 33.0861854553, -2.73983812332, 22.7016124725, -9.94504451752, 24.00639534], [-794.257019043, 267.627258301, 102.090209961, 63.9560127258, 233.777801514, 60.084197998, 141.181915283, 33.9465141296, 83.5729217529, 10.6937837601, 59.9455451965, -1.99038434029, 44.0613441467], [651.801940918, -277.241912842, 259.152374268, 48.798614502, 60.084197998, 212.730255127, 54.8137626648, 114.702384949, 0.721979677677, 71.6421051025, 8.50192451477, 34.166721344, 3.1079416275], [-552.966918945, 231.593170166, 13.6935462952, 36.4833335876, 141.181915283, 54.8137626648, 154.599197388, 56.6684608459, 82.237121582, 17.3627853394, 50.8260040283, 6.33512163162, 37.0862693787], [351.121673584, -188.71446228, 147.093811035, 4.44385957718, 33.9465141296, 114.702384949, 56.6684608459, 130.231002808, 41.970539093, 76.4323730469, 22.2267341614, 32.5148429871, 7.43591785431], [-522.471740723, 181.097412109, -33.3159561157, 33.0861854553, 83.5729217529, 0.721979677677, 82.237121582, 41.970539093, 111.384742737, 31.578081131, 57.2591819763, 5.23869943619, 30.6618690491], [306.327148438, -153.588943481, 116.243850708, -2.73983812332, 10.6937837601, 71.6421051025, 17.3627853394, 76.4323730469, 31.578081131, 95.5044326782, 33.7527351379, 35.060043335, 7.17665290833], [-301.371276855, 102.904281616, 11.2117128372, 22.7016124725, 59.9455451965, 8.50192451477, 50.8260040283, 22.2267341614, 57.2591819763, 33.7527351379, 73.4790039062, 31.4563446045, 37.6339187622], [190.700088501, -111.061485291, 49.7022323608, -9.94504451752, -1.99038434029, 34.166721344, 6.33512163162, 32.5148429871, 5.23869943619, 35.060043335, 31.4563446045, 62.6106414795, 30.7705917358], [-249.645507812, 111.420875549, 1.89545345306, 24.00639534, 44.0613441467, 3.1079416275, 37.0862693787, 7.43591785431, 30.6618690491, 7.17665290833, 37.6339187622, 30.7705917358, 62.51171875]],
        "icov": [[0.000114476002636, -9.40207755775e-05, 2.79932464764e-05, 3.28517018033e-07, 0.000235752682784, -0.000423545978265, 0.000359756493708, -0.000283267727355, 0.000269077892881, -0.000140869553434, 0.000160150768352, -0.000336366385454, 0.000252274097875], [-9.40207755775e-05, 0.00105936732143, 0.000530015444383, -0.000476787914522, -0.000723755045328, 0.0010081876535, -0.00143397902139, 0.000944950326812, 9.12257091841e-05, -0.000210649639484, -0.000669943052344, 0.00191339943558, -0.00145740364678], [2.79932464764e-05, 0.000530015444383, 0.00266671553254, -0.000236571708228, -0.00244368240237, -0.00140546751209, 0.00176499364898, -0.00124600133859, 0.00210511381738, -0.00132364116143, -0.00071021495387, 0.00127697072458, -0.00101110653486], [3.28517018033e-07, -0.000476787914522, -0.000236571708228, 0.00554838497192, 0.000224881790928, -0.00369941070676, 0.00191926793195, 0.00134860735852, -0.00229915301315, 0.00157025631052, -0.00147278513759, 0.00231721345335, -0.00185258127749], [0.000235752682784, -0.000723755045328, -0.00244368240237, 0.000224881790928, 0.0148723125458, -0.00399732310325, -0.00888653937727, 0.00464888336137, -0.00341364857741, 0.00167849299032, -0.00329556246288, 0.00271102553234, -0.00121438817587], [-0.000423545978265, 0.0010081876535, -0.00140546751209, -0.00369941070676, -0.00399732310325, 0.0186654962599, -0.00637518940493, -0.00854003150016, 0.0074468976818, -0.00374139333144, 0.00261174608022, -0.00184820464347, 0.000776656728704], [0.000359756493708, -0.00143397902139, 0.00176499364898, 0.00191926793195, -0.00888653937727, -0.00637518940493, 0.0268589761108, -0.0105942515656, -0.00491708470508, 0.00664565293118, -0.00344205321744, 0.000316065590596, -0.00132618576754], [-0.000283267727355, 0.000944950326812, -0.00124600133859, 0.00134860735852, 0.00464888336137, -0.00854003150016, -0.0105942515656, 0.0325665548444, -0.0127489510924, -0.0115184839815, 0.00870833359659, -0.00456252461299, 0.000842424866278], [0.000269077892881, 9.12257091841e-05, 0.00210511381738, -0.00229915301315, -0.00341364857741, 0.0074468976818, -0.00491708470508, -0.0127489510924, 0.031537797302, -0.00630477955565, -0.0136618763208, 0.00947363488376, -0.00298318872228], [-0.000140869553434, -0.000210649639484, -0.00132364116143, 0.00157025631052, 0.00167849299032, -0.00374139333144, 0.00664565293118, -0.0115184839815, -0.00630477955565, 0.0303652305156, -0.0124011756852, -0.00374425924383, 0.00459576165304], [0.000160150768352, -0.000669943052344, -0.00071021495387, -0.00147278513759, -0.00329556246288, 0.00261174608022, -0.00344205321744, 0.00870833359659, -0.0136618763208, -0.0124011756852, 0.044323220849, -0.0196185726672, -0.00328204897232], [-0.000336366385454, 0.00191339943558, 0.00127697072458, 0.00231721345335, 0.00271102553234, -0.00184820464347, 0.000316065590596, -0.00456252461299, 0.00947363488376, -0.00374425924383, -0.0196185726672, 0.0450045913458, -0.0217050202191], [0.000252274097875, -0.00145740364678, -0.00101110653486, -0.00185258127749, -0.00121438817587, 0.000776656728704, -0.00132618576754, 0.000842424866278, -0.00298318872228, 0.00459576165304, -0.00328204897232, -0.0217050202191, 0.0354437232018]]
    },
    "melbands": {
        "dmean": [0.00165756815113, 0.00196930579841, 0.000935650896281, 0.000773760199081, 0.000760687922593, 0.000328034133418, 0.000144369885675, 0.000196789391339, 0.000188840029296, 0.000139244730235, 5.71529744775e-05, 5.90754461882e-05, 5.13167287863e-05, 3.75947311113e-05, 3.18083257298e-05, 2.99123785226e-05, 1.87021450984e-05, 1.51044350787e-05, 1.12005354822e-05, 1.2562187294e-05, 8.90450974111e-06, 9.55394625635e-06, 7.56470535634e-06, 7.25933523427e-06, 7.64807282394e-06, 6.260576356e-06, 6.39270365355e-06, 8.73976841831e-06, 6.190152817e-06, 5.98743235969e-06, 4.77093317386e-06, 4.38448796558e-06, 3.922349606e-06, 6.25107350061e-06, 8.00152974989e-06, 6.18204057901e-06, 5.4483139138e-06, 4.79765822092e-06, 4.21671620643e-06, 4.11791506849e-06],
        "dmean2": [0.0019872339908, 0.00286085391417, 0.00139201700222, 0.00127103936393, 0.00127304240596, 0.000555390724912, 0.00024255826429, 0.000332330906531, 0.000305741938064, 0.00023447276908, 9.8709075246e-05, 0.000102622820123, 8.58245548443e-05, 6.36994082015e-05, 5.40132496099e-05, 4.97792352689e-05, 3.11992589559e-05, 2.54566402873e-05, 1.90953469428e-05, 2.13259645534e-05, 1.49775023601e-05, 1.63719596458e-05, 1.27399134726e-05, 1.21135899462e-05, 1.33137737066e-05, 1.04586251837e-05, 1.05504486783e-05, 1.44611358337e-05, 1.02776739368e-05, 9.55123414315e-06, 7.6915275713e-06, 6.84865108269e-06, 5.94621860728e-06, 9.42837596085e-06, 1.1779919987e-05, 9.34833315114e-06, 8.34266575112e-06, 7.45247689338e-06, 5.8369364524e-06, 6.25651546216e-06],
        "dvar": [4.61641866423e-06, 8.80405241332e-06, 1.60500815127e-06, 2.1218575057e-06, 2.37823041971e-06, 4.86281351186e-07, 5.50102470243e-08, 1.35157705472e-07, 8.60417657123e-08, 7.32903728817e-08, 7.11920833396e-09, 7.06436686926e-09, 5.87530868401e-09, 2.43328424077e-09, 2.08005834779e-09, 2.32649965959e-09, 6.8722405544e-10, 3.63746199827e-10, 2.04856270836e-10, 2.91164203858e-10, 1.73868544562e-10, 2.10641823428e-10, 9.92965154545e-11, 1.0916384463e-10, 2.21545809476e-10, 7.79920919514e-11, 8.78197653487e-11, 2.3654742054e-10, 7.83420411876e-11, 9.03495750437e-11, 5.61531585119e-11, 4.56473817079e-11, 3.46625159131e-11, 9.6781707648e-11, 1.81009707223e-10, 1.07858590115e-10, 8.56511875313e-11, 6.60218407722e-11, 4.9232708188e-11, 4.90162181677e-11],
        "dvar2": [8.01810620032e-06, 1.73825355887e-05, 3.47004129253e-06, 5.36094148629e-06, 6.47228307571e-06, 1.32627212679e-06, 1.41520658303e-07, 3.56662468448e-07, 2.06482809517e-07, 1.8950811409e-07, 1.98590601741e-08, 1.95899119149e-08, 1.53429837724e-08, 6.41724007266e-09, 5.47821032981e-09, 5.96183102886e-09, 1.64506996914e-09, 9.32038224377e-10, 5.33690702742e-10, 7.67912899935e-10, 4.31908842025e-10, 5.44775946576e-10, 2.61373561683e-10, 2.7279647985e-10, 6.06570904615e-10, 1.95103086464e-10, 2.19733328755e-10, 6.18084528003e-10, 1.93873000986e-10, 2.13717099573e-10, 1.21277904386e-10, 1.03475901458e-10, 7.86128454e-11, 2.37850794615e-10, 4.12761075319e-10, 2.492516471e-10, 2.12913076059e-10, 1.56507695692e-10, 9.75598560271e-11, 1.15033593762e-10],
        "max": [0.0307432953268, 0.0383532904088, 0.0209056232125, 0.0223228037357, 0.025830373168, 0.0129905398935, 0.00440513156354, 0.00774491531774, 0.00728115579113, 0.00445804512128, 0.00146224268246, 0.00155325816013, 0.00138091226108, 0.00087068619905, 0.000629268935882, 0.000756972411182, 0.0004643277789, 0.000224656629143, 0.000160986019182, 0.000313014839776, 0.000196520180907, 0.000181155017344, 0.000150973282871, 0.000139037758345, 0.000181690615136, 0.00010364116315, 9.18425939744e-05, 0.000176040062797, 9.92796267383e-05, 9.64905557339e-05, 7.64746364439e-05, 7.3183029599e-05, 7.45774959796e-05, 9.56984295044e-05, 0.00010953596211, 7.96486347099e-05, 8.02374415798e-05, 8.82512904354e-05, 5.61583983654e-05, 5.15149804414e-05],
        "mean": [0.00406088121235, 0.00419817119837, 0.00165367813315, 0.00109888473526, 0.00101670739241, 0.000426684797276, 0.000187974132132, 0.000247110700002, 0.000276930397376, 0.000183612544788, 7.85147494753e-05, 8.30370408949e-05, 7.43886703276e-05, 5.35478684469e-05, 4.49277904409e-05, 4.02175573981e-05, 2.73854911939e-05, 2.24342347792e-05, 1.66869358509e-05, 1.77257588803e-05, 1.26789200294e-05, 1.29642467073e-05, 1.16387554954e-05, 1.06320185296e-05, 1.0805666534e-05, 9.67874075286e-06, 9.62847570918e-06, 1.56228652486e-05, 1.14722233775e-05, 9.76669798547e-06, 8.73152839631e-06, 9.04674288904e-06, 7.88210581959e-06, 1.04748105514e-05, 1.22957399071e-05, 1.05626331788e-05, 1.21651155496e-05, 9.07649427973e-06, 7.52589085096e-06, 8.3412787717e-06],
        "median": [0.00194107706193, 0.00245650089346, 0.000967305735685, 0.000512555358, 0.000584881287068, 0.000232302714721, 0.000100873003248, 0.000108705251478, 0.000154158886289, 9.72739653662e-05, 4.63735013909e-05, 4.30602012784e-05, 3.80746241717e-05, 3.53784162144e-05, 2.96377074847e-05, 2.45894025284e-05, 1.69873383129e-05, 1.55585821631e-05, 1.13879577839e-05, 1.18070138342e-05, 8.0997861005e-06, 7.96686799731e-06, 7.83726864029e-06, 6.74131479173e-06, 6.38296933175e-06, 5.77284436076e-06, 4.91421860715e-06, 8.72249074746e-06, 6.57848113406e-06, 5.10068639414e-06, 4.09061976825e-06, 3.39715711561e-06, 3.25340897689e-06, 3.33331740876e-06, 2.94507344734e-06, 2.34053322856e-06, 2.36505616158e-06, 1.75027412297e-06, 1.19248431929e-06, 1.09358177269e-06],
        "min": [1.51666703321e-24, 8.86749668874e-25, 5.44203978506e-25, 1.82781181943e-24, 2.05206288668e-24, 1.29823411096e-24, 1.23046030958e-24, 1.66385398281e-24, 1.78931008244e-24, 2.83653496425e-24, 1.9705066992e-24, 1.18227727714e-24, 2.17412077074e-24, 2.83135195089e-24, 3.05736474175e-24, 1.52993350427e-24, 2.99768603377e-24, 3.63140797565e-24, 4.16424762395e-24, 3.33814696198e-24, 2.93123751871e-24, 4.97946239986e-24, 4.24443336281e-24, 4.67646368718e-24, 4.98929870649e-24, 5.2527324949e-24, 3.99657642184e-24, 4.57609336434e-24, 4.53843866675e-24, 5.70840576946e-24, 4.74359022819e-24, 5.7674311034e-24, 6.16797207258e-24, 6.23406047264e-24, 5.0045462045e-24, 4.55730743074e-24, 4.63988341814e-24, 4.95628921634e-24, 5.75025405162e-24, 6.49561046121e-24],
        "var": [2.11539500015e-05, 2.1633302822e-05, 3.84098029826e-06, 2.73199975709e-06, 2.17301703742e-06, 4.39774282768e-07, 6.50963940529e-08, 1.62167324902e-07, 1.42256027402e-07, 8.28235613426e-08, 8.67410587801e-09, 1.04018953451e-08, 9.28179133552e-09, 3.33760641347e-09, 2.56741294891e-09, 2.68666355829e-09, 1.02998198859e-09, 5.03332819868e-10, 2.9190733164e-10, 3.6070180176e-10, 2.12198494887e-10, 2.35200775522e-10, 1.32901134542e-10, 1.40659817127e-10, 2.28920368772e-10, 1.17503354269e-10, 1.35264313639e-10, 3.58770679831e-10, 1.62680049987e-10, 1.5345542892e-10, 1.33078922882e-10, 1.45755713055e-10, 9.70570221415e-11, 2.0317436622e-10, 3.25605348239e-10, 2.19465265405e-10, 3.01971225802e-10, 1.62990954067e-10, 1.22547402781e-10, 1.34780533956e-10]
    },
    "mfcc": {
        "mean": [-609.196350098, 101.729057312, 24.0095233917, 22.1554374695, 3.61959767342, 9.6659488678, 4.06757974625, 3.58715748787, 0.0878516659141, 3.5718357563, -1.18212687969, 1.73728728294, -1.84631681442],
        "cov": [[7500.93603516, -1134.20007324, 904.923461914, -450.505554199, 35.953289032, -3.66287374496, 102.514389038, -55.5785675049, -16.4343070984, 48.8754310608, -71.3622283936, 32.6257095337, 28.6700496674], [-1134.20007324, 1705.01574707, -489.839996338, 308.095367432, -41.3224449158, 60.098690033, -25.6659488678, 38.9944076538, 27.8072090149, -8.08924293518, 56.4809570312, 8.35687065125, 13.6262989044], [904.923461914, -489.839996338, 593.784729004, -49.0499153137, 158.261657715, 58.7349739075, 116.972106934, 17.8560848236, 42.9067230225, 61.9109611511, 4.84884166718, 32.2274665833, 19.6943244934], [-450.505554199, 308.095367432, -49.0499153137, 214.808547974, 43.1825942993, 52.7490158081, 1.4899148941, 22.558052063, 11.6577014923, 4.22569942474, 25.7926540375, 4.46273231506, 2.45860671997], [35.953289032, -41.3224449158, 158.261657715, 43.1825942993, 130.229904175, 67.20652771, 73.48828125, 37.4676551819, 41.1308555603, 43.2158088684, 19.8737220764, 30.2616920471, 16.2958316803], [-3.66287374496, 60.098690033, 58.7349739075, 52.7490158081, 67.20652771, 93.1123046875, 69.0993423462, 42.0062713623, 38.370716095, 26.3940830231, 22.8746395111, 19.6915569305, 13.9024686813], [102.514389038, -25.6659488678, 116.972106934, 1.4899148941, 73.48828125, 69.0993423462, 120.646614075, 61.8371734619, 58.9491958618, 43.9384040833, 25.4555568695, 34.7704620361, 23.9356269836], [-55.5785675049, 38.9944076538, 17.8560848236, 22.558052063, 37.4676551819, 42.0062713623, 61.8371734619, 78.4801330566, 51.7488212585, 31.657119751, 24.806804657, 23.0472145081, 18.5596675873], [-16.4343070984, 27.8072090149, 42.9067230225, 11.6577014923, 41.1308555603, 38.370716095, 58.9491958618, 51.7488212585, 76.6498718262, 53.1590957642, 33.0383644104, 31.4880580902, 20.7270565033], [48.8754310608, -8.08924293518, 61.9109611511, 4.22569942474, 43.2158088684, 26.3940830231, 43.9384040833, 31.657119751, 53.1590957642, 76.9647827148, 45.5007209778, 41.246471405, 22.7302932739], [-71.3622283936, 56.4809570312, 4.84884166718, 25.7926540375, 19.8737220764, 22.8746395111, 25.4555568695, 24.806804657, 33.0383644104, 45.5007209778, 59.2952232361, 39.94008255, 21.0275096893], [32.6257095337, 8.35687065125, 32.2274665833, 4.46273231506, 30.2616920471, 19.6915569305, 34.7704620361, 23.0472145081, 31.4880580902, 41.246471405, 39.94008255, 60.3028793335, 34.5670623779], [28.6700496674, 13.6262989044, 19.6943244934, 2.45860671997, 16.2958316803, 13.9024686813, 23.9356269836, 18.5596675873, 20.7270565033, 22.7302932739, 21.0275096893, 34.5670623779, 46.7397079468]],
