{
"lowlevel": {
    "average_loudness": 0.940967798233,
    "barkbands_crest": {
        "dmean": 2.31112504005,
        "dmean2": 3.62478232384,
        "dvar": 4.86832427979,
        "dvar2": 11.40812397,
        "max": 25.5996627808,
        "mean": 11.3281917572,
        "median": 10.4538116455,
        "min": 1.93063020706,
        "var": 21.9064464569
    },
    "barkbands_flatness_db": {
        "dmean": 0.0218118056655,
        "dmean2": 0.0310971327126,
        "dvar": 0.000549477001186,
        "dvar2": 0.00108114327304,
        "max": 0.509465932846,
        "mean": 0.143830686808,
        "median": 0.0991370230913,
        "min": 0.012797483243,
        "var": 0.0117958923802
    },
    "barkbands_kurtosis": {
        "dmean": 3.35385537148,
        "dmean2": 5.05123615265,
        "dvar": 25.524980545,
        "dvar2": 58.3341522217,
        "max": 118.441551208,
        "mean": 6.10178661346,
        "median": 2.94689178467,
        "min": -1.85180151463,
        "var": 82.8673629761
    },
    "barkbands_skewness": {
        "dmean": 0.551452279091,
        "dmean2": 0.80787563324,
        "dvar": 0.2689204216,
        "dvar2": 0.591826617718,
        "max": 9.13510036469,
        "mean": 2.05917525291,
        "median": 1.82895576954,
        "min": -1.75124323368,
        "var": 1.44664287567
    },
    "barkbands_spread": {
        "dmean": 7.15147733688,
        "dmean2": 10.7267570496,
        "dvar": 67.2613677979,
        "dvar2": 150.07472229,
        "max": 103.846199036,
        "mean": 28.8872356415,
        "median": 28.53698349,
        "min": 0.574380218983,
        "var": 407.064300537
    },
    "dissonance": {
        "dmean": 0.0192150808871,
        "dmean2": 0.0307275038213,
        "dvar": 0.000446160498541,
        "dvar2": 0.00110458408017,
        "max": 0.499915331602,
        "mean": 0.449725389481,
        "median": 0.462561100721,
        "min": 0.208931148052,
        "var": 0.00178968359251
    },
    "dynamic_complexity": 3.46288442612,
    "erbbands_crest": {
        "dmean": 2.10722970963,
        "dmean2": 3.30571293831,
        "dvar": 4.54710197449,
        "dvar2": 10.4994516373,
        "max": 31.1345367432,
        "mean": 7.13826990128,
        "median": 5.79562091827,
        "min": 2.11961603165,
        "var": 18.0609264374
    },
    "erbbands_flatness_db": {
        "dmean": 0.0136371068656,
        "dmean2": 0.0196276139468,
        "dvar": 0.000299171806546,
        "dvar2": 0.000544876616914,
        "max": 0.421149760485,
        "mean": 0.121637389064,
        "median": 0.0847556740046,
        "min": 0.0467968471348,
        "var": 0.00598122738302
    },
    "erbbands_kurtosis": {
        "dmean": 0.691978037357,
        "dmean2": 1.05774211884,
        "dvar": 1.23536324501,
        "dvar2": 2.75964736938,
        "max": 36.0879936218,
        "mean": -0.038528021425,
        "median": -0.74289894104,
        "min": -1.84661722183,
        "var": 4.45344352722
    },
    "erbbands_skewness": {
        "dmean": 0.329609870911,
        "dmean2": 0.489395260811,
        "dvar": 0.0913937836885,
        "dvar2": 0.19553424418,
        "max": 3.53339195251,
        "mean": 0.319779008627,
        "median": 0.313639551401,
        "min": -2.56605267525,
        "var": 0.369534015656
    },
    "erbbands_spread": {
        "dmean": 9.98901176453,
        "dmean2": 13.8423299789,
        "dvar": 100.39780426,
        "dvar2": 175.087432861,
        "max": 159.460342407,
        "mean": 59.9797134399,
        "median": 62.1535263062,
        "min": 3.49875020981,
        "var": 957.407653809
    },
    "hfc": {
        "dmean": 12.6390323639,
        "dmean2": 16.6280651093,
        "dvar": 345.828826904,
        "dvar2": 630.835693359,
        "max": 156.44140625,
        "mean": 34.1619377136,
        "median": 27.0831317902,
        "min": 1.043768393e-16,
        "var": 1008.93560791
    },
    "melbands_crest": {
        "dmean": 3.16439080238,
        "dmean2": 5.05240631104,
        "dvar": 8.8601398468,
        "dvar2": 20.9558792114,
        "max": 36.2556724548,
        "mean": 17.0057640076,
        "median": 16.434425354,
        "min": 1.64322400093,
        "var": 33.0152549744
    },
    "melbands_flatness_db": {
        "dmean": 0.0284733455628,
        "dmean2": 0.0403100475669,
        "dvar": 0.000856304657646,
        "dvar2": 0.00166379427537,
        "max": 0.665572881699,
        "mean": 0.230304658413,
        "median": 0.187343418598,
        "min": 0.00486623076722,
        "var": 0.0161091461778
    },
    "melbands_kurtosis": {
        "dmean": 10.8824071884,
        "dmean2": 16.1007728577,
        "dvar": 225.779693604,
        "dvar2": 500.536804199,
        "max": 339.669708252,
        "mean": 26.3208293915,
        "median": 17.3085041046,
        "min": -1.3775331974,
        "var": 825.24597168
    },
    "melbands_skewness": {
        "dmean": 0.883825659752,
        "dmean2": 1.27810454369,
        "dvar": 0.740666747093,
        "dvar2": 1.52602136135,
        "max": 15.9473657608,
        "mean": 3.9445066452,
        "median": 3.57668352127,
        "min": -0.532929718494,
        "var": 3.92532515526
    },
    "melbands_spread": {
        "dmean": 6.99687671661,
        "dmean2": 10.4815359116,
        "dvar": 102.951683044,
        "dvar2": 220.629608154,
        "max": 173.285324097,
        "mean": 19.8085384369,
        "median": 15.593870163,
        "min": 0.645709574223,
        "var": 324.97869873
    },
    "pitch_salience": {
        "dmean": 0.0716628804803,
        "dmean2": 0.11381239444,
        "dvar": 0.00441054720432,
        "dvar2": 0.0105159087107,
        "max": 0.931967198849,
        "mean": 0.527684092522,
        "median": 0.540168821812,
        "min": 0.0887391641736,
        "var": 0.0210812818259
    },
    "silence_rate_20dB": {
        "dmean": 0,
        "dmean2": 0,
        "dvar": 0,
        "dvar2": 0,
        "max": 1,
        "mean": 1,
        "median": 1,
        "min": 1,
        "var": 0
    },
    "silence_rate_30dB": {
        "dmean": 0.0276923067868,
        "dmean2": 0.0553890988231,
        "dvar": 0.0269233565778,
        "dvar2": 0.0690009221435,
        "max": 1,
        "mean": 0.978463292122,
        "median": 1,
        "min": 0,
        "var": 0.0210696235299
    },
    "silence_rate_60dB": {
        "dmean": 0.00842105224729,
        "dmean2": 0.0168434698135,
        "dvar": 0.00834806542844,
        "dvar2": 0.018671033904,
        "max": 1,
        "mean": 0.0439640507102,
        "median": 0,
        "min": 0,
        "var": 0.042021587491
    },
    "spectral_centroid": {
        "dmean": 262.476043701,
        "dmean2": 386.452911377,
        "dvar": 93385.3828125,
        "dvar2": 187872.03125,
        "max": 11410.9794922,
        "mean": 1232.08288574,
        "median": 1191.99987793,
        "min": 142.549346924,
        "var": 514213.28125
    },
    "spectral_complexity": {
        "dmean": 3.87789463997,
        "dmean2": 5.92501401901,
        "dvar": 19.651140213,
        "dvar2": 39.2440109253,
        "max": 53,
        "mean": 19.203950882,
        "median": 18,
        "min": 0,
        "var": 130.114761353
    },
    "spectral_decrease": {
        "dmean": 3.42130324071e-09,
        "dmean2": 4.93178342609e-09,
        "dvar": 1.65428810234e-17,
        "dvar2": 3.25049654515e-17,
        "max": -5.27796707732e-29,
        "mean": -9.56601198254e-09,
        "median": -7.92387488957e-09,
        "min": -4.65027376606e-08,
        "var": 5.39462744048e-17
    },
    "spectral_energy": {
        "dmean": 0.0137439733371,
        "dmean2": 0.019514689222,
        "dvar": 0.000261861947365,
        "dvar2": 0.000512939703185,
        "max": 0.182350039482,
        "mean": 0.0392029359937,
        "median": 0.0332261659205,
        "min": 1.00318905649e-20,
        "var": 0.000870862568263
    },
    "spectral_energyband_high": {
        "dmean": 0.00122426380403,
        "dmean2": 0.00165059207939,
        "dvar": 3.74129717784e-06,
        "dvar2": 6.98627536622e-06,
        "max": 0.0151091804728,
        "mean": 0.00282694911584,
        "median": 0.00205315439962,
        "min": 6.6679901595e-21,
        "var": 9.37157165026e-06
    },
    "spectral_energyband_low": {
        "dmean": 0.00948502402753,
        "dmean2": 0.0145661430433,
        "dvar": 0.000153116154252,
        "dvar2": 0.000331824092427,
        "max": 0.154532849789,
        "mean": 0.0204129870981,
        "median": 0.0137933893129,
        "min": 4.4156362952e-23,
        "var": 0.000408217892982
    },
    "spectral_energyband_middle_high": {
        "dmean": 0.00100656738505,
        "dmean2": 0.0016302409349,
        "dvar": 2.0656984816e-06,
        "dvar2": 4.8742663239e-06,
        "max": 0.0171202793717,
        "mean": 0.00307454774156,
        "median": 0.0022303618025,
        "min": 1.64127244497e-21,
        "var": 8.88601789484e-06
    },
    "spectral_energyband_middle_low": {
        "dmean": 0.0061172619462,
        "dmean2": 0.00877216178924,
        "dvar": 7.77128589107e-05,
        "dvar2": 0.000162208758411,
        "max": 0.107318975031,
        "mean": 0.0141958734021,
        "median": 0.00910267047584,
        "min": 2.57290657174e-22,
        "var": 0.000199194502784
    },
    "spectral_entropy": {
        "dmean": 0.173707947135,
        "dmean2": 0.242936983705,
        "dvar": 0.0399716086686,
        "dvar2": 0.0724879726768,
        "max": 9.81231498718,
        "mean": 7.68708992004,
        "median": 8.06205368042,
        "min": 4.68610429764,
        "var": 0.723073959351
    },
    "spectral_flux": {
        "dmean": 0.0309056453407,
        "dmean2": 0.0500934645534,
        "dvar": 0.00118350051343,
        "dvar2": 0.00303003075533,
        "max": 0.268818557262,
        "mean": 0.0905349776149,
        "median": 0.0831028446555,
        "min": 6.60676791053e-11,
        "var": 0.00293379439972
    },
    "spectral_kurtosis": {
        "dmean": 2.93478393555,
        "dmean2": 4.68363666534,
        "dvar": 61.6875915527,
        "dvar2": 142.740020752,
        "max": 228.149261475,
        "mean": 7.41828489304,
        "median": 1.5914182663,
        "min": -1.22038698196,
        "var": 248.578125
    },
    "spectral_rms": {
        "dmean": 0.00106255954597,
        "dmean2": 0.00148632505443,
        "dvar": 1.30423018163e-06,
        "dvar2": 2.36087976191e-06,
        "max": 0.0133380088955,
        "mean": 0.00568445306271,
        "median": 0.00569348502904,
        "min": 3.12845170776e-12,
        "var": 5.93360755374e-06
    },
    "spectral_rolloff": {
        "dmean": 804.549743652,
        "dmean2": 1302.31506348,
        "dvar": 1757565.875,
        "dvar2": 3870420.25,
        "max": 19078.4179688,
        "mean": 1502.64611816,
        "median": 667.529296875,
        "min": 64.599609375,
        "var": 3971406.5
    },
    "spectral_skewness": {
        "dmean": 0.261511713266,
        "dmean2": 0.399031043053,
        "dvar": 0.222186505795,
        "dvar2": 0.481945186853,
        "max": 11.9829092026,
        "mean": 1.76894235611,
        "median": 1.21316719055,
        "min": -0.0272710751742,
        "var": 1.83753859997
    },
    "spectral_spread": {
        "dmean": 525866.625,
        "dmean2": 735500.6875,
        "dvar": 441272205312,
        "dvar2": 641818296320,
        "max": 40865672,
        "mean": 6393451.5,
        "median": 7448339.5,
        "min": 388052.0625,
        "var": 7.0987326423e+12
    },
    "spectral_strongpeak": {
        "dmean": 0.262778133154,
        "dmean2": 0.441221505404,
        "dvar": 0.125924497843,
        "dvar2": 0.30634984374,
        "max": 5.27929544449,
        "mean": 0.512713134289,
        "median": 0.317377388477,
        "min": 0,
        "var": 0.212943732738
    },
    "zerocrossingrate": {
        "dmean": 0.0135363424197,
        "dmean2": 0.0165673997253,
        "dvar": 0.000255865394138,
        "dvar2": 0.000342648563674,
        "max": 0.501953125,
        "mean": 0.0791260749102,
        "median": 0.0859375,
        "min": 0.001953125,
        "var": 0.00272705941461
    },
    "barkbands": {
        "dmean": [0.000516952364706, 0.00541543075815, 0.00416751066223, 0.0026370047126, 0.00249138707295, 0.00132536154706, 0.000583651300985, 0.00114121136721, 0.000552018347662, 0.000269887561444, 0.00040286310832, 0.000193532643607, 0.000211909893551, 0.000189457743545, 8.72076197993e-05, 0.000112169000204, 0.000137120805448, 7.55676301196e-05, 0.000112021101813, 0.000120686992886, 0.000130127999, 0.000230420337175, 0.000345826061675, 0.000261325680185, 0.000253243226325, 9.39608798944e-05, 3.83486039937e-05],
        "dmean2": [0.000916890625376, 0.00797035824507, 0.00669768918306, 0.0044908747077, 0.00385849969462, 0.00166266644374, 0.000860302883666, 0.00171494751703, 0.00085279304767, 0.000448790960945, 0.000679872813635, 0.000331528950483, 0.000362046936061, 0.000312470685458, 0.000145081736264, 0.000189220168977, 0.000238730484853, 0.000119901123981, 0.000181975279702, 0.000192555016838, 0.000193024490727, 0.000382181577152, 0.000535724277142, 0.000351818685886, 0.000343754538335, 0.000129301741254, 5.18433953403e-05],
        "dvar": [8.48168156153e-07, 6.30430440651e-05, 4.65850789624e-05, 4.03589656344e-05, 1.88195117516e-05, 4.30872159995e-06, 1.16116564186e-06, 3.08292874251e-06, 7.64630385675e-07, 2.31238573178e-07, 3.70736842115e-07, 1.02110718103e-07, 1.31886821464e-07, 7.88609213487e-08, 1.89765536618e-08, 2.75488023505e-08, 5.17751708173e-08, 1.1883933837e-08, 2.16509938866e-08, 2.72298947834e-08, 3.62784362551e-08, 9.63923412201e-08, 4.13142885236e-07, 1.17347447315e-07, 1.34687539344e-07, 2.90622459431e-08, 3.87111098732e-09],
        "dvar2": [2.38374968831e-06, 0.000147418482811, 0.000111150351586, 0.000107415638922, 3.76533062081e-05, 6.46143507765e-06, 2.38940742747e-06, 6.4492041929e-06, 1.73807336523e-06, 6.30316549177e-07, 1.01356010873e-06, 2.6201161063e-07, 3.4582706121e-07, 2.09897564218e-07, 4.99997305781e-08, 7.46723856082e-08, 1.43238253258e-07, 2.75098877012e-08, 5.05100992143e-08, 5.61812392164e-08, 6.34251335896e-08, 2.33900522062e-07, 9.36921651373e-07, 1.65956777209e-07, 1.99405263857e-07, 6.10318764416e-08, 5.97549387749e-09],
        "max": [0.0114744640887, 0.0999406725168, 0.0843040943146, 0.0727165937424, 0.0732971131802, 0.043201841414, 0.0430434569716, 0.0255428627133, 0.0138584263623, 0.00918718986213, 0.00793587695807, 0.00455226749182, 0.00671290652826, 0.00442763837054, 0.00286239548586, 0.00268784235232, 0.00304746557958, 0.00155195419211, 0.00163273757789, 0.0015158331953, 0.00173730845563, 0.00256361556239, 0.00450063496828, 0.0028430391103, 0.00283444230445, 0.00128827814478, 0.000428149505751],
        "mean": [0.000707698462065, 0.0114784836769, 0.00699760532007, 0.0028959561605, 0.00497049279511, 0.00261838268489, 0.00100726436358, 0.00175962236244, 0.000821364927106, 0.000417461327743, 0.000621668004896, 0.000308705319185, 0.000311729585519, 0.000343043036992, 0.000151247877511, 0.000212073180592, 0.000223137671128, 0.000167103105923, 0.000235050261836, 0.000265179609414, 0.000294898229185, 0.000518045155331, 0.000533842481673, 0.000616540375631, 0.000484897667775, 0.000158014372573, 8.33892772789e-05],
        "median": [0.000338999496307, 0.00775899738073, 0.00267535657622, 0.000283326604404, 0.00150239374489, 0.00119133503176, 0.000481915223645, 0.00094336894108, 0.000362835184205, 0.000189213751582, 0.00030086224433, 0.000142071206938, 0.000143364581163, 0.000198105655727, 8.38324704091e-05, 0.000123970996356, 0.00012277039059, 0.000126506740344, 0.000165983728948, 0.000165820165421, 0.000199076734134, 0.000416138384026, 0.000324598688167, 0.000486832170282, 0.000265857757768, 7.25321660866e-05, 4.181573604e-05],
        "min": [9.32595937546e-24, 9.07077391667e-24, 7.62022516162e-24, 6.94517243033e-24, 1.56126412092e-23, 2.94236976603e-23, 1.35084572964e-23, 3.28074786479e-23, 4.17589136868e-23, 4.4652297715e-23, 4.76023566661e-23, 1.01712184711e-22, 7.9345762927e-23, 6.04118327134e-23, 1.31832124696e-22, 1.9190289813e-22, 1.44903625626e-22, 2.28275292851e-22, 1.86158248935e-22, 2.56811080231e-22, 3.06953174581e-22, 4.31705329451e-22, 6.32844160572e-22, 9.38212444175e-22, 9.20167850502e-22, 1.38329215928e-21, 1.94129212541e-21],
        "var": [1.03700688214e-06, 0.000158882408869, 8.54689569678e-05, 3.73474722437e-05, 5.48155185243e-05, 1.47903911056e-05, 2.41312659455e-06, 5.7465390455e-06, 1.38024449825e-06, 3.73502814455e-07, 6.92783999057e-07, 1.79124896249e-07, 1.95864302555e-07, 1.76595847279e-07, 3.62006353782e-08, 6.34913703834e-08, 8.04807243071e-08, 3.10605443588e-08, 5.84513983881e-08, 8.3393238981e-08, 9.92437847458e-08, 2.57442792417e-07, 5.6361687939e-07, 3.88247116234e-07, 3.54165621275e-07, 5.21453209501e-08, 1.07164073171e-08]
    },
    "erbbands": {
        "dmean": [0.173693820834, 1.26158475876, 4.36419343948, 6.84987354279, 8.9925327301, 7.72350883484, 9.25537204742, 10.05057621, 6.03843307495, 22.547952652, 13.614525795, 15.8457746506, 6.04110145569, 9.48093223572, 18.2517929077, 7.52414560318, 10.1551351547, 9.14698505402, 5.37899017334, 5.27264308929, 6.83523893356, 5.85384654999, 3.60733556747, 7.37193012238, 4.34287309647, 5.90459823608, 4.19686794281, 6.3152384758, 7.87653970718, 10.0168514252, 9.62461471558, 7.07282114029, 4.29918670654, 2.88667440414, 1.71368670464, 0.521165251732, 0.178598850965, 0.0300072673708, 0.0076039112173, 0.000525013136212],
        "dmean2": [0.269459635019, 1.85174238682, 6.80976247787, 11.3041200638, 14.5927553177, 11.8644361496, 12.0344171524, 12.8205337524, 8.57339191437, 33.6989212036, 20.6697502136, 24.4038105011, 10.1124258041, 15.7712812424, 30.8586902618, 12.9881887436, 17.346206665, 15.3252983093, 8.92851448059, 8.80648136139, 11.8549127579, 10.1270275116, 5.66651105881, 12.0695972443, 6.88446235657, 9.56694793701, 6.21042966843, 9.40273475647, 12.7068824768, 15.786907196, 14.8738355637, 9.88666820526, 5.94544839859, 4.0324382782, 2.37125825882, 0.700273573399, 0.258416622877, 0.0408865921199, 0.0101809520274, 0.000706859631464],
        "dvar": [0.0822730436921, 3.29202389717, 41.4208106995, 228.813690186, 283.782440186, 205.416564941, 236.262283325, 279.21774292, 121.638015747, 1368.98132324, 344.515106201, 632.72644043, 120.774345398, 252.039703369, 807.626403809, 199.32611084, 320.600769043, 183.249130249, 63.3970832825, 61.9811477661, 117.951171875, 86.5348815918, 26.195098877, 91.3047027588, 36.5063552856, 65.3523330688, 37.053691864, 83.5967788696, 140.761260986, 252.715209961, 307.079284668, 82.7132720947, 35.2260818481, 16.9536590576, 6.43950843811, 0.862481951714, 0.110345229506, 0.00238991901278, 0.000143928889884, 6.69145492793e-07],
        "dvar2": [0.182540401816, 8.01930427551, 93.5654296875, 595.023681641, 648.411865234, 399.767822266, 384.764831543, 410.402069092, 247.924362183, 2929.24975586, 763.428955078, 1431.70666504, 327.107330322, 687.882446289, 2223.70483398, 537.787719727, 834.980224609, 502.91809082, 160.542556763, 167.039733887, 323.683258057, 237.269256592, 58.8210067749, 227.574645996, 82.287147522, 140.665542603, 71.9642562866, 155.893875122, 335.52822876, 570.641967773, 704.45892334, 147.601715088, 56.8182411194, 23.4893436432, 10.7111959457, 1.73520648479, 0.229047209024, 0.004686600063, 0.000211261140066, 1.19034598356e-06],
        "max": [3.04134702682, 22.2975387573, 97.718788147, 168.38621521, 298.574829102, 161.664657593, 447.953216553, 408.304412842, 248.734222412, 1164.12194824, 273.136138916, 404.673217773, 280.548919678, 349.009460449, 406.403198242, 231.0443573, 341.401245117, 269.066802979, 151.280960083, 106.727516174, 173.042373657, 101.828399658, 68.1529464722, 110.068641663, 63.8884124756, 78.4487228394, 70.0798492432, 88.0487136841, 100.653396606, 126.772377014, 127.728904724, 76.5810623169, 46.8253974915, 32.4464836121, 18.8970756531, 7.20615816116, 2.3525094986, 0.33330988884, 0.0819777026772, 0.00647992314771],
        "mean": [0.379077553749, 2.428139925, 8.04967880249, 8.33337783813, 14.8655090332, 16.0160560608, 18.8271350861, 19.6361961365, 11.5195970535, 35.1069030762, 24.5199394226, 23.8364963531, 9.64114761353, 15.4009485245, 28.9200363159, 12.8255090714, 15.4899396896, 16.6518154144, 10.6868543625, 10.2819356918, 11.9705181122, 10.5671615601, 8.23601436615, 15.3009729385, 9.84622764587, 13.0334358215, 10.1316261292, 12.8089475632, 17.2069149017, 19.4111366272, 15.7077274323, 14.5392227173, 9.16985702515, 5.74335384369, 3.16822552681, 0.960815906525, 0.270307987928, 0.0459594726562, 0.0140030542389, 0.00133016740438],
        "median": [0.217064574361, 1.41510307789, 3.57391571999, 1.86046278477, 3.28413939476, 5.02003765106, 9.40087413788, 8.70979213715, 6.40262937546, 17.4237995148, 15.566075325, 11.2341985703, 5.64723682404, 8.04971218109, 14.5477733612, 6.2220954895, 7.51037120819, 9.88555335999, 6.71008634567, 6.31862163544, 7.00222110748, 6.16876506805, 5.72442388535, 11.9305210114, 6.63045740128, 8.37261104584, 7.01507472992, 8.31275463104, 13.5463466644, 13.9045305252, 10.1086616516, 11.1406383514, 6.56624794006, 3.47537612915, 1.65700948238, 0.467803627253, 0.101975291967, 0.020385036245, 0.00682963477448, 0.000736068759579],
        "min": [2.09396071719e-22, 2.65988670332e-21, 1.115133089e-20, 1.43152490732e-20, 4.47070538505e-20, 6.01053666888e-20, 1.56330479554e-19, 2.28220630268e-19, 2.38340538828e-19, 2.11509087428e-19, 1.2049754016e-18, 7.34566782835e-19, 1.84332856809e-18, 1.19220735186e-18, 1.88905201043e-18, 4.617632372e-18, 3.91582752489e-18, 3.47980987067e-18, 6.37438159974e-18, 7.33721941916e-18, 6.96973946895e-18, 9.83427172048e-18, 1.31638507027e-17, 1.10001017302e-17, 1.07061093328e-17, 1.23060172581e-17, 1.31645240277e-17, 1.42657239346e-17, 1.35157705584e-17, 1.96792372319e-17, 1.53104166523e-17, 1.92618319687e-17, 1.37498833512e-17, 1.05050796285e-17, 6.31529608858e-18, 4.65114435375e-18, 2.72900470523e-18, 8.34169358151e-19, 2.5724140903e-19, 3.25654867931e-20],
        "var": [0.213486358523, 7.26792621613, 95.6976089478, 206.315032959, 546.844543457, 631.168640137, 800.342590332, 947.045654297, 275.714141846, 2528.05224609, 747.821533203, 1127.76806641, 160.948822021, 441.38671875, 1502.97045898, 305.315429688, 479.00213623, 395.525024414, 147.38772583, 140.527175903, 210.807571411, 161.40914917, 79.5563812256, 221.126586914, 109.819633484, 192.079208374, 116.121276855, 198.285827637, 335.218963623, 489.510284424, 432.893707275, 232.011230469, 94.6052017212, 45.895111084, 15.5086746216, 1.81319200993, 0.177249714732, 0.00406738789752, 0.000354456831701, 2.28083990805e-06]
    },
    "gfcc": {
        "mean": [13.4459142685, 79.1613845825, -75.3358154297, 27.796869278, -58.3803749084, 18.8207988739, -28.65325737, 4.72376012802, -11.24522686, -1.2693554163, -7.93198633194, -3.67159223557, -10.6975021362],
        "cov": [[15100.4394531, -7380.98193359, 367.156036377, 838.545898438, -586.549377441, 314.866241455, -910.323791504, 446.350769043, -1212.49023438, 661.147155762, -380.648284912, 570.635314941, -238.625350952], [-7380.98193359, 4724.0546875, -164.694671631, -474.468933105, 448.965698242, -234.438598633, 463.000152588, -358.775024414, 612.700256348, -450.977661133, 186.195159912, -366.175354004, 134.680465698], [367.156036377, -164.694671631, 627.690307617, 232.628509521, 10.1043157578, 124.516304016, 55.4819297791, 50.1408805847, 57.9625091553, 12.6798667908, -4.56820201874, -17.0937137604, -3.75396227837], [838.545898438, -474.468933105, 232.628509521, 297.453125, -10.406785965, 86.4047775269, -34.9745864868, 74.6188659668, -73.9636001587, 63.5683441162, -35.2312545776, 41.5363006592, -15.3154697418], [-586.549377441, 448.965698242, 10.1043157578, -10.406785965, 177.072875977, 21.0159053802, 89.7503433228, -27.2320518494, 61.4067192078, -44.2246322632, 28.694814682, -32.2596588135, 24.1669578552], [314.866241455, -234.438598633, 124.516304016, 86.4047775269, 21.0159053802, 163.866531372, 69.6323547363, 73.3253250122, 23.4070110321, 37.9838371277, 25.9756889343, 30.6830272675, 9.60973072052], [-910.323791504, 463.000152588, 55.4819297791, -34.9745864868, 89.7503433228, 69.6323547363, 167.094696045, 33.1524734497, 142.472488403, -25.6763858795, 60.3057746887, -30.754447937, 35.3942108154], [446.350769043, -358.775024414, 50.1408805847, 74.6188659668, -27.2320518494, 73.3253250122, 33.1524734497, 127.688148499, 29.6712150574, 83.2500686646, 5.75302839279, 40.0137825012, 1.27867865562], [-1212.49023438, 612.700256348, 57.9625091553, -73.9636001587, 61.4067192078, 23.4070110321, 142.472488403, 29.6712150574, 242.350814819, -9.02530956268, 88.3706054688, -50.1151199341, 34.2566452026], [661.147155762, -450.977661133, 12.6798667908, 63.5683441162, -44.2246322632, 37.9838371277, -25.6763858795, 83.2500686646, -9.02530956268, 126.261207581, 14.6195230484, 55.6027946472, -6.47281551361], [-380.648284912, 186.195159912, -4.56820201874, -35.2312545776, 28.694814682, 25.9756889343, 60.3057746887, 5.75302839279, 88.3706054688, 14.6195230484, 91.7171478271, 17.4365329742, 33.4299354553], [570.635314941, -366.175354004, -17.0937137604, 41.5363006592, -32.2596588135, 30.6830272675, -30.754447937, 40.0137825012, -50.1151199341, 55.6027946472, 17.4365329742, 86.5362625122, 22.1737327576], [-238.625350952, 134.680465698, -3.75396227837, -15.3154697418, 24.1669578552, 9.60973072052, 35.3942108154, 1.27867865562, 34.2566452026, -6.47281551361, 33.4299354553, 22.1737327576, 54.7896995544]],
        "icov": [[0.000378745695343, 0.000429053441621, -0.000272834324278, 0.000299522624118, -0.000604195287451, -0.000252691155765, 0.00115242274478, -0.000692104513291, 0.000789166486356, -7.06154096406e-05, -0.000411946093664, 0.000336658762535, -0.000144239878864], [0.000429053441621, 0.0015556026483, 0.000177562760655, -0.000402047327952, -0.00102101685479, 0.000926051696297, -0.000851927208714, 0.00190961139742, -0.00113481492735, 0.000768580124713, 8.19925480755e-05, 0.00117152242456, -0.00098555337172], [-0.000272834324278, 0.000177562760655, 0.00346860452555, -0.00342441513203, 0.00129943178035, -0.000871173047926, -0.00234300107695, 0.00373210106045, -0.0035335405264, 0.000527408032212, 0.00189338438213, 0.00045110748033, -0.000404407997848], [0.000299522624118, -0.000402047327952, -0.00342441513203, 0.00895899627358, -0.00275875907391, -0.00252249231562, 0.00584983127192, -0.0072029531002, 0.00493142334744, -0.00118939322419, -0.00108888791874, 0.000500857713632, -0.000151270141941], [-0.000604195287451, -0.00102101685479, 0.00129943178035, -0.00275875907391, 0.0110357152298, 2.64998998318e-05, -0.00861105974764, 0.00560736143962, -0.000290599273285, -0.00116626161616, 0.00121677375864, 0.000305194233079, -0.00106625200715], [-0.000252691155765, 0.000926051696297, -0.000871173047926, -0.00252249231562, 2.64998998318e-05, 0.0153843974695, -0.0115183638409, -0.000521126377862, 0.00102558336221, 0.00122210779227, -0.00230030692182, -0.00311081693508, 0.00276696705259], [0.00115242274478, -0.000851927208714, -0.00234300107695, 0.00584983127192, -0.00861105974764, -0.0115183638409, 0.036780744791, -0.0204541888088, 0.000864312634803, 0.00663076713681, -0.00953717343509, 0.00871531572193, -0.00634169764817], [-0.000692104513291, 0.00190961139742, 0.00373210106045, -0.0072029531002, 0.00560736143962, -0.000521126377862, -0.0204541888088, 0.0397485867143, -0.0154974162579, -0.0125047033653, 0.0183786302805, -0.0117385024205, 0.00218691769987], [0.000789166486356, -0.00113481492735, -0.0035335405264, 0.00493142334744, -0.000290599273285, 0.00102558336221, 0.000864312634803, -0.0154974162579, 0.0240184552968, -0.00319200358354, -0.0163577161729, 0.0142262978479, -0.00405658269301], [-7.06154096406e-05, 0.000768580124713, 0.000527408032212, -0.00118939322419, -0.00116626161616, 0.00122210779227, 0.00663076713681, -0.0125047033653, -0.00319200358354, 0.0235811732709, -0.00744843948632, -0.0051779942587, 0.00523711973801], [-0.000411946093664, 8.19925480755e-05, 0.00189338438213, -0.00108888791874, 0.00121677375864, -0.00230030692182, -0.00953717343509, 0.0183786302805, -0.0163577161729, -0.00744843948632, 0.03491871804, -0.0180697161704, -0.0012166883098], [0.000336658762535, 0.00117152242456, 0.00045110748033, 0.000500857713632, 0.000305194233079, -0.00311081693508, 0.00871531572193, -0.0117385024205, 0.0142262978479, -0.0051779942587, -0.0180697161704, 0.0449480526149, -0.0228598285466], [-0.000144239878864, -0.00098555337172, -0.000404407997848, -0.000151270141941, -0.00106625200715, 0.00276696705259, -0.00634169764817, 0.00218691769987, -0.00405658269301, 0.00523711973801, -0.0012166883098, -0.0228598285466, 0.0371556542814]]
    },
    "melbands": {
        "dmean": [0.00148786557838, 0.00197969865985, 0.00122637138702, 0.000628047215287, 0.000306605797959, 0.000228012082516, 9.65466606431e-05, 0.00026653893292, 0.000103864142147, 8.71831798577e-05, 2.93038665404e-05, 3.86140491173e-05, 6.16765973973e-05, 3.03418200929e-05, 2.07446482818e-05, 1.94446984096e-05, 1.90609280253e-05, 1.02694057205e-05, 6.42589975541e-06, 8.21362209535e-06, 9.53606468101e-06, 6.9230736699e-06, 5.27857264387e-06, 4.00704493586e-06, 6.84961514708e-06, 3.12238876177e-06, 3.75848549083e-06, 4.16400325776e-06, 2.96256735055e-06, 2.78992661151e-06, 4.60415503767e-06, 4.12601639255e-06, 5.31429259354e-06, 5.47704121345e-06, 5.86031910643e-06, 5.77262244406e-06, 3.72719728148e-06, 3.03577394334e-06, 2.8875699627e-06, 2.50519246947e-06],
        "dmean2": [0.00222336384468, 0.00305257108994, 0.00199589901604, 0.000983678619377, 0.000408190535381, 0.000288930372335, 0.000138861461892, 0.000398766685976, 0.000158796392498, 0.000134744099341, 4.95510576002e-05, 6.43291205051e-05, 0.000103691483673, 5.1660972531e-05, 3.56833043043e-05, 3.32608506142e-05, 3.16618097713e-05, 1.70660969161e-05, 1.07053601823e-05, 1.36785347422e-05, 1.6880891053e-05, 1.21889506772e-05, 9.05192609935e-06, 6.29753367321e-06, 1.12832813102e-05, 4.99601674164e-06, 5.95807205173e-06, 6.87779220243e-06, 4.4341022658e-06, 4.51475307273e-06, 6.78895639794e-06, 6.39416975901e-06, 9.01604744286e-06, 8.43333509692e-06, 9.20631282497e-06, 8.71073370945e-06, 5.45503962712e-06, 4.23001756644e-06, 4.20447759097e-06, 3.37434494213e-06],
        "dvar": [5.32590138391e-06, 7.13115286999e-06, 6.39839618088e-06, 1.31684748794e-06, 2.25015909905e-07, 1.38917286563e-07, 3.1399469691e-08, 1.86099839539e-07, 1.8419090253e-08, 1.91214777345e-08, 3.04575586973e-09, 4.68001415399e-09, 8.73346905905e-09, 2.36002262177e-09, 1.26731536376e-09, 1.08283504385e-09, 7.90538745576e-10, 2.26745899834e-10, 9.98300886401e-11, 1.49589410303e-10, 2.52430770731e-10, 1.3518205999e-10, 8.16898007572e-11, 3.74014777482e-11, 7.90958826213e-11, 2.0999120845e-11, 2.67879399218e-11, 3.12161511917e-11, 2.04111484658e-11, 1.66165727011e-11, 4.43430812902e-11, 3.91637902664e-11, 5.54830278943e-11, 7.80022782476e-11, 1.2536720273e-10, 6.66368418778e-11, 2.26219078192e-11, 1.70164125846e-11, 1.40104134891e-11, 1.26081462978e-11],
        "dvar2": [1.21171733554e-05, 1.606481419e-05, 1.61312709679e-05, 2.63214064944e-06, 3.85734892916e-07, 2.05724418834e-07, 6.37956532046e-08, 3.94827907257e-07, 4.14843945862e-08, 4.33365059394e-08, 8.2871780549e-09, 1.28126877996e-08, 2.38779378492e-08, 6.26831964112e-09, 3.47052875327e-09, 2.87511947583e-09, 2.17248308232e-09, 5.80121228833e-10, 2.6340801762e-10, 4.09702910487e-10, 7.16483095076e-10, 3.81494391632e-10, 2.26117388702e-10, 8.47096559564e-11, 2.03118674658e-10, 4.83206773205e-11, 5.54264030506e-11, 7.30260921178e-11, 4.52430766462e-11, 3.84992870917e-11, 8.72495825588e-11, 8.81860418023e-11, 1.43326933655e-10, 1.70856245818e-10, 2.86422052742e-10, 1.47314382914e-10, 3.6751393595e-11, 2.86496677077e-11, 2.35455873548e-11, 1.76109734434e-11],
        "max": [0.0276997350156, 0.041987195611, 0.0291492994875, 0.0181390717626, 0.0126175554469, 0.00873796269298, 0.00380675285123, 0.0107147973031, 0.00171731435694, 0.00221905205399, 0.00138125335798, 0.00153580342885, 0.00117408507504, 0.000549562100787, 0.000523045891896, 0.000537735875696, 0.000454507535324, 0.000217265696847, 0.000183720127097, 0.00018928287318, 0.000211321981624, 0.000122788798762, 0.000122605051729, 0.000105555067421, 0.000105120001535, 4.79840855405e-05, 5.57200110052e-05, 5.20501889696e-05, 5.35477447556e-05, 3.79398516088e-05, 6.85989289195e-05, 5.51738557988e-05, 6.03725675319e-05, 7.16994982213e-05, 8.51924341987e-05, 6.84763799654e-05, 3.7671867176e-05, 3.43854735547e-05, 2.87996226689e-05, 3.01027230307e-05],
        "mean": [0.00321959890425, 0.00385243585333, 0.00166930782143, 0.00124269525986, 0.000643329054583, 0.000446843128884, 0.000173938984517, 0.00041229306953, 0.000191516606719, 0.000128697385662, 4.27138184023e-05, 5.84250410611e-05, 9.62771009654e-05, 4.65957273263e-05, 3.11045005219e-05, 2.86990580207e-05, 3.28598180204e-05, 1.88910180441e-05, 1.14209042295e-05, 1.53054988914e-05, 1.41709733725e-05, 1.11405743155e-05, 8.92199477676e-06, 8.44791702548e-06, 1.33219073177e-05, 6.35260767012e-06, 8.13137376099e-06, 8.5084757302e-06, 6.15360249867e-06, 6.05992681812e-06, 8.15007388155e-06, 8.38353207655e-06, 1.20851582324e-05, 9.59038152359e-06, 8.82569111127e-06, 9.80329878075e-06, 7.98228666099e-06, 6.45650379738e-06, 5.52547453481e-06, 4.64337153971e-06],
        "median": [0.00222572823986, 0.00212111719884, 0.00038381118793, 0.000328290450852, 0.000341155129718, 0.000204067473533, 8.61081134644e-05, 0.000203669100301, 0.000125547565403, 5.7996767282e-05, 2.13489311136e-05, 2.70958371402e-05, 4.70890481665e-05, 2.1476236725e-05, 1.53518249135e-05, 1.38533778227e-05, 1.88447629625e-05, 1.13647492981e-05, 6.56919337416e-06, 8.70917483553e-06, 7.92563605501e-06, 6.51530672258e-06, 4.61543049823e-06, 6.23217783868e-06, 1.02298181446e-05, 3.78239587917e-06, 4.29361170973e-06, 5.75963213123e-06, 3.87144518754e-06, 4.5190572564e-06, 4.82390623802e-06, 5.19023933521e-06, 1.02556487036e-05, 6.3673310251e-06, 4.70509166917e-06, 7.732175618e-06, 5.78018625674e-06, 4.88618616146e-06, 3.96153063775e-06, 2.56460930359e-06],
        "min": [4.17388119333e-24, 4.74860817241e-24, 3.7242687371e-24, 3.50463723932e-24, 4.89141250664e-24, 5.36750544572e-24, 4.10101095607e-24, 2.41488821876e-24, 8.57021011787e-24, 5.40465014474e-24, 9.63112311689e-24, 4.68547721188e-24, 6.30982898486e-24, 8.79201098315e-24, 1.25189070215e-23, 6.7385910585e-24, 6.06134213845e-24, 8.5612565466e-24, 9.90422518456e-24, 6.79042000883e-24, 6.08402267834e-24, 8.71498818208e-24, 1.17403928159e-23, 1.08851074559e-23, 7.70076233802e-24, 7.29741539059e-24, 8.45876931551e-24, 7.94077169071e-24, 7.9723687254e-24, 7.44030097749e-24, 9.17098922835e-24, 7.27422366884e-24, 8.2999795039e-24, 1.17213512914e-23, 8.47281182849e-24, 9.28298381106e-24, 1.17566843713e-23, 9.68723163764e-24, 8.67514676207e-24, 8.35330176793e-24],
        "var": [1.34949768835e-05, 1.772408541e-05, 6.8213821578e-06, 3.70080215362e-06, 7.493654266e-07, 4.70737489877e-07, 6.92228425692e-08, 3.43628670407e-07, 4.09893203823e-08, 3.39951817807e-08, 3.99385369221e-09, 7.63997931585e-09, 1.64205093967e-08, 4.07702183125e-09, 1.80835812991e-09, 1.58214408241e-09, 1.62273872117e-09, 4.97803631649e-10, 1.95428256911e-10, 3.49082429629e-10, 3.44404865738e-10, 2.00221061952e-10, 1.44395925772e-10, 8.88675799615e-11, 1.7299217614e-10, 5.49287386409e-11, 8.15636030937e-11, 8.15833997581e-11, 5.13935838331e-11, 3.75255139462e-11, 9.30481525163e-11, 9.25820808906e-11, 1.38623973411e-10, 1.37961489455e-10, 1.63097840788e-10, 1.22906337885e-10, 6.78692588241e-11, 4.59147650456e-11, 3.61255227121e-11, 3.33274761954e-11]
    },
    "mfcc": {
        "mean": [-640.940429688, 113.616783142, 37.878074646, 15.4479475021, 6.20679855347, 10.3563203812, -0.287346422672, 7.24006986618, -1.38553798199, 6.47798061371, 3.58119058609, 2.50906896591, 1.74457514286],
        "cov": [[13509.3544922, -5838.62744141, -357.792419434, 285.489929199, -36.2881469727, -140.176544189, 140.041763306, -314.134155273, -190.681564331, -747.524475098, -62.7468109131, 65.8699493408, 70.6573410034], [-5838.62744141, 3483.61743164, 12.109503746, -106.23613739, 81.7960205078, 76.5587234497, -67.1594009399, 118.414886475, 43.0971412659, 295.885314941, -42.3440208435, -70.0111465454, -70.652381897], [-357.792419434, 12.109503746, 533.640014648, 118.058097839, 55.2136878967, 75.7739105225, 21.8446331024, 60.3768577576, 47.8604240417, 102.353240967, 46.8268814087, -10.5938682556, -2.10959029198], [285.489929199, -106.23613739, 118.058097839, 204.200790405, 57.4457473755, 27.1431827545, 10.9269218445, -0.732792496681, 7.48898983002, -7.90068244934, -8.38702201843, -5.84702634811, -9.80288505554], [-36.2881469727, 81.7960205078, 55.2136878967, 57.4457473755, 83.2193756104, 45.3121299744, 25.0376205444, 17.5005302429, 9.95370292664, 8.84482383728, 2.26334810257, -1.45849502087, -5.02137136459], [-140.176544189, 76.5587234497, 75.7739105225, 27.1431827545, 45.3121299744, 86.818321228, 53.787437439, 40.1128692627, 16.5799694061, 27.9128112793, 9.65167808533, 4.27110099792, 2.82419371605], [140.041763306, -67.1594009399, 21.8446331024, 10.9269218445, 25.0376205444, 53.787437439, 88.7587738037, 41.9143104553, 23.4968757629, -1.23501348495, 1.64495229721, 5.90657567978, 9.24191570282], [-314.134155273, 118.414886475, 60.3768577576, -0.732792496681, 17.5005302429, 40.1128692627, 41.9143104553, 86.2570571899, 44.1197128296, 48.9712295532, 18.2464637756, 10.3487291336, 7.8791885376], [-190.681564331, 43.0971412659, 47.8604240417, 7.48898983002, 9.95370292664, 16.5799694061, 23.4968757629, 44.1197128296, 70.7657775879, 56.9416313171, 28.6423225403, 12.7178821564, 13.4698200226], [-747.524475098, 295.885314941, 102.353240967, -7.90068244934, 8.84482383728, 27.9128112793, -1.23501348495, 48.9712295532, 56.9416313171, 134.152633667, 59.2922782898, 18.6967830658, 13.5272397995], [-62.7468109131, -42.3440208435, 46.8268814087, -8.38702201843, 2.26334810257, 9.65167808533, 1.64495229721, 18.2464637756, 28.6423225403, 59.2922782898, 74.8125610352, 39.1813240051, 18.1813926697], [65.8699493408, -70.0111465454, -10.5938682556, -5.84702634811, -1.45849502087, 4.27110099792, 5.90657567978, 10.3487291336, 12.7178821564, 18.6967830658, 39.1813240051, 52.4662132263, 31.2133350372], [70.6573410034, -70.652381897, -2.10959029198, -9.80288505554, -5.02137136459, 2.82419371605, 9.24191570282, 7.8791885376, 13.4698200226, 13.5272397995, 18.1813926697, 31.2133350372, 50.6738624573]],
