{
"lowlevel": {
    "average_loudness": 0.96265655756,
    "barkbands_crest": {
        "dmean": 3.006483078,
        "dmean2": 4.06045246124,
        "dvar": 9.24694156647,
        "dvar2": 15.5953302383,
        "max": 26.6749019623,
        "mean": 14.5503225327,
        "median": 12.8419895172,
        "min": 2.38243055344,
        "var": 54.6382789612
    },
    "barkbands_flatness_db": {
        "dmean": 0.058669578284,
        "dmean2": 0.0800835564733,
        "dvar": 0.00324692367576,
        "dvar2": 0.00572854047641,
        "max": 1,
        "mean": 0.183127433062,
        "median": 0.14608040452,
        "min": 0.0228914376348,
        "var": 0.0148569522426
    },
    "barkbands_kurtosis": {
        "dmean": 99.155708313,
        "dmean2": 147.482528687,
        "dvar": 242225.90625,
        "dvar2": 442859.0625,
        "max": 8396.63183594,
        "mean": 104.236701965,
        "median": 4.5619969368,
        "min": -1.91657459736,
        "var": 334354.40625
    },
    "barkbands_skewness": {
        "dmean": 2.17637372017,
        "dmean2": 3.09303641319,
        "dvar": 23.1057014465,
        "dvar2": 41.7225494385,
        "max": 63.3894996643,
        "mean": 3.73067164421,
        "median": 2.1587061882,
        "min": -4.66455078125,
        "var": 45.9731407166
    },
    "barkbands_spread": {
        "dmean": 14.566652298,
        "dmean2": 21.6470088959,
        "dvar": 195.51008606,
        "dvar2": 328.076843262,
        "max": 107.143371582,
        "mean": 26.8712444305,
        "median": 24.1883888245,
        "min": 0.0215173214674,
        "var": 426.704925537
    },
    "dissonance": {
        "dmean": 0.0241450872272,
        "dmean2": 0.0374825596809,
        "dvar": 0.000636032782495,
        "dvar2": 0.00145217543468,
        "max": 0.500000119209,
        "mean": 0.456905931234,
        "median": 0.467479616404,
        "min": 0.235368445516,
        "var": 0.00142694695387
    },
    "dynamic_complexity": 2.95558142662,
    "erbbands_crest": {
        "dmean": 3.00696730614,
        "dmean2": 4.74678373337,
        "dvar": 10.310049057,
        "dvar2": 21.4585895538,
        "max": 28.4613285065,
        "mean": 8.65222930908,
        "median": 7.29771709442,
        "min": 2.13437342644,
        "var": 23.4604530334
    },
    "erbbands_flatness_db": {
        "dmean": 0.0306688752025,
        "dmean2": 0.0468855090439,
        "dvar": 0.000914084084798,
        "dvar2": 0.00184943934437,
        "max": 0.572846412659,
        "mean": 0.13765771687,
        "median": 0.125817000866,
        "min": 0.0547149851918,
        "var": 0.00270982412621
    },
    "erbbands_kurtosis": {
        "dmean": 3.00332379341,
        "dmean2": 4.78887653351,
        "dvar": 124.175285339,
        "dvar2": 253.775466919,
        "max": 447.426422119,
        "mean": 2.04061937332,
        "median": -0.348303556442,
        "min": -1.9229195118,
        "var": 202.99987793
    },
    "erbbands_skewness": {
        "dmean": 0.749891757965,
        "dmean2": 1.12569189072,
        "dvar": 1.0597281456,
        "dvar2": 1.8777821064,
        "max": 16.0832653046,
        "mean": 0.192977458239,
        "median": 0.103081710637,
        "min": -3.61442255974,
        "var": 2.35521364212
    },
    "erbbands_spread": {
        "dmean": 23.1816501617,
        "dmean2": 35.9830932617,
        "dvar": 571.509887695,
        "dvar2": 1317.29077148,
        "max": 204.909164429,
        "mean": 58.220375061,
        "median": 53.1319503784,
        "min": 0.389134854078,
        "var": 926.641662598
    },
    "hfc": {
        "dmean": 19.50274086,
        "dmean2": 28.7306499481,
        "dvar": 455.18548584,
        "dvar2": 1054.16577148,
        "max": 158.145645142,
        "mean": 28.3562660217,
        "median": 18.9913978577,
        "min": 1.07800314863e-16,
        "var": 670.349365234
    },
    "melbands_crest": {
        "dmean": 3.66542625427,
        "dmean2": 5.07777833939,
        "dvar": 16.1468009949,
        "dvar2": 33.5216217041,
        "max": 35.672504425,
        "mean": 20.6252918243,
        "median": 20.8255882263,
        "min": 1.48255598545,
        "var": 89.5219268799
    },
    "melbands_flatness_db": {
        "dmean": 0.0726267918944,
        "dmean2": 0.0962711796165,
        "dvar": 0.00448421435431,
        "dvar2": 0.0082195661962,
        "max": 1,
        "mean": 0.251337110996,
        "median": 0.220951348543,
        "min": 0.00365951401182,
        "var": 0.0220301486552
    },
    "melbands_kurtosis": {
        "dmean": 61.4108428955,
        "dmean2": 99.0399169922,
        "dvar": 33205.0976562,
        "dvar2": 79922.1796875,
        "max": 2710.24633789,
        "mean": 75.3741455078,
        "median": 22.5230312347,
        "min": -1.84692203999,
        "var": 33230.1640625
    },
    "melbands_skewness": {
        "dmean": 2.09682846069,
        "dmean2": 3.08661866188,
        "dvar": 9.89782428741,
        "dvar2": 21.661113739,
        "max": 40.8190765381,
        "mean": 5.37222766876,
        "median": 4.01752948761,
        "min": -1.69074702263,
        "var": 21.6896438599
    },
    "melbands_spread": {
        "dmean": 14.2542562485,
        "dmean2": 20.3631191254,
        "dvar": 447.546539307,
        "dvar2": 826.828857422,
        "max": 250.476791382,
        "mean": 25.7589874268,
        "median": 14.6133003235,
        "min": 0.100350245833,
        "var": 1148.234375
    },
    "pitch_salience": {
        "dmean": 0.0984414517879,
        "dmean2": 0.133190184832,
        "dvar": 0.0104015730321,
        "dvar2": 0.0210878755897,
        "max": 0.963159561157,
        "mean": 0.412743896246,
        "median": 0.454865276814,
        "min": 0.004568583332,
        "var": 0.0522328056395
    },
    "silence_rate_20dB": {
        "dmean": 0,
        "dmean2": 0,
        "dvar": 0,
        "dvar2": 0,
        "max": 1,
        "mean": 1,
        "median": 1,
        "min": 1,
        "var": 0
    },
    "silence_rate_30dB": {
        "dmean": 0.0968162640929,
        "dmean2": 0.193647384644,
        "dvar": 0.0874556303024,
        "dvar2": 0.180545881391,
        "max": 1,
        "mean": 0.913163542747,
        "median": 1,
        "min": 0,
        "var": 0.0793081894517
    },
    "silence_rate_60dB": {
        "dmean": 0.0460299178958,
        "dmean2": 0.0919901803136,
        "dvar": 0.0439114645123,
        "dvar2": 0.103468485177,
        "max": 1,
        "mean": 0.058453515172,
        "median": 0,
        "min": 0,
        "var": 0.0550380945206
    },
    "spectral_centroid": {
        "dmean": 597.347290039,
        "dmean2": 903.47668457,
        "dvar": 427231.34375,
        "dvar2": 824571.375,
        "max": 11665.1523438,
        "mean": 1670.12133789,
        "median": 1377.96191406,
        "min": 50.942565918,
        "var": 1430819.125
    },
    "spectral_complexity": {
        "dmean": 5.80514001846,
        "dmean2": 9.28164768219,
        "dvar": 59.8307685852,
        "dvar2": 138.426834106,
        "max": 60,
        "mean": 13.2403345108,
        "median": 11,
        "min": 0,
        "var": 105.320716858
    },
    "spectral_decrease": {
        "dmean": 4.93064433726e-09,
        "dmean2": 6.81597223107e-09,
        "dvar": 3.74736541026e-17,
        "dvar2": 7.94299124413e-17,
        "max": 2.9542858571e-22,
        "mean": -1.18264349425e-08,
        "median": -9.66384394729e-09,
        "min": -5.14094047332e-08,
        "var": 9.20953314038e-17
    },
    "spectral_energy": {
        "dmean": 0.0194880589843,
        "dmean2": 0.0272404439747,
        "dvar": 0.000544679991435,
        "dvar2": 0.00117716612294,
        "max": 0.199121177197,
        "mean": 0.0472078472376,
        "median": 0.0389736369252,
        "min": 1.0136823757e-20,
        "var": 0.00134556996636
    },
    "spectral_energyband_high": {
        "dmean": 0.00202343123965,
        "dmean2": 0.00299004814588,
        "dvar": 4.37226026406e-06,
        "dvar2": 8.79823346622e-06,
        "max": 0.0131878787652,
        "mean": 0.00231585837901,
        "median": 0.0011508630123,
        "min": 6.99572897327e-21,
        "var": 6.52654125588e-06
    },
    "spectral_energyband_low": {
        "dmean": 0.016223333776,
        "dmean2": 0.021328356117,
        "dvar": 0.000519335269928,
        "dvar2": 0.00103327666875,
        "max": 0.167050018907,
        "mean": 0.0319038964808,
        "median": 0.0254480913281,
        "min": 1.80835618236e-23,
        "var": 0.00129704724532
    },
    "spectral_energyband_middle_high": {
        "dmean": 0.0021298348438,
        "dmean2": 0.00360232661478,
        "dvar": 1.4936417756e-05,
        "dvar2": 4.00165081373e-05,
        "max": 0.0320735350251,
        "mean": 0.00298368558288,
        "median": 0.00164526340086,
        "min": 1.18271954096e-21,
        "var": 1.51757294589e-05
    },
    "spectral_energyband_middle_low": {
        "dmean": 0.00627642404288,
        "dmean2": 0.00996536388993,
        "dvar": 0.000137185968924,
        "dvar2": 0.000354667310603,
        "max": 0.099909208715,
        "mean": 0.0111268525943,
        "median": 0.00536505226046,
        "min": 1.45924399016e-22,
        "var": 0.000205329008168
    },
    "spectral_entropy": {
        "dmean": 0.485839754343,
        "dmean2": 0.708437144756,
        "dvar": 0.253508538008,
        "dvar2": 0.494972884655,
        "max": 9.82168006897,
        "mean": 7.78452444077,
        "median": 8.03521156311,
        "min": 2.45805859566,
        "var": 0.624234199524
    },
    "spectral_flux": {
        "dmean": 0.0385755561292,
        "dmean2": 0.062672637403,
        "dvar": 0.00190504838247,
        "dvar2": 0.00359083153307,
        "max": 0.312298029661,
        "mean": 0.103153303266,
        "median": 0.0855602920055,
        "min": 6.47242676122e-11,
        "var": 0.00439901975915
    },
    "spectral_kurtosis": {
        "dmean": 3.35106134415,
        "dmean2": 5.28634977341,
        "dvar": 91.7736358643,
        "dvar2": 215.067367554,
        "max": 300.927612305,
        "mean": 3.2910835743,
        "median": 0.980875015259,
        "min": -1.26085412502,
        "var": 103.952476501
    },
    "spectral_rms": {
        "dmean": 0.00136800145265,
        "dmean2": 0.00188209477346,
        "dvar": 2.01079319595e-06,
        "dvar2": 4.08494906878e-06,
        "max": 0.0139378821477,
        "mean": 0.00620887381956,
        "median": 0.00616628397256,
        "min": 3.14477090202e-12,
        "var": 7.50631943447e-06
    },
    "spectral_rolloff": {
        "dmean": 1106.67407227,
        "dmean2": 1816.0526123,
        "dvar": 3103682.75,
        "dvar2": 5665196.5,
        "max": 19315.2832031,
        "mean": 1870.08227539,
        "median": 624.462890625,
        "min": 64.599609375,
        "var": 7781922.5
    },
    "spectral_skewness": {
        "dmean": 0.525599002838,
        "dmean2": 0.778446614742,
        "dvar": 0.455741673708,
        "dvar2": 0.954137682915,
        "max": 16.2740421295,
        "mean": 1.25536513329,
        "median": 1.0614387989,
        "min": -0.102592766285,
        "var": 0.818449735641
    },
    "spectral_spread": {
        "dmean": 1602842.375,
        "dmean2": 2497070.5,
        "dvar": 2.42275083878e+12,
        "dvar2": 4.68611288269e+12,
        "max": 42046984,
        "mean": 7009783,
        "median": 7431304,
        "min": 389923.375,
        "var": 8.59774281318e+12
    },
    "spectral_strongpeak": {
        "dmean": 0.346173018217,
        "dmean2": 0.563816726208,
        "dvar": 0.349820464849,
        "dvar2": 0.875170588493,
        "max": 7.26940822601,
        "mean": 0.639686703682,
        "median": 0.420429229736,
        "min": 0,
        "var": 0.417797803879
    },
    "zerocrossingrate": {
        "dmean": 0.0274411439896,
        "dmean2": 0.028300607577,
        "dvar": 0.000577111786697,
        "dvar2": 0.000588857801631,
        "max": 0.51806640625,
        "mean": 0.0794781893492,
        "median": 0.06201171875,
        "min": 0.001953125,
        "var": 0.00508696306497
    },
    "barkbands": {
        "dmean": [0.000633630435914, 0.0153519054875, 0.00254158303142, 0.00266169640236, 0.00232024793513, 0.000890379247721, 0.000911340757739, 0.000800448062364, 0.000825739116408, 0.000352421717253, 0.000320010789437, 0.000256192026427, 0.000429362495197, 0.000124931961182, 0.00012803520076, 0.000165996287251, 0.000346423243172, 0.000340513710398, 0.000215520485654, 0.000173689419171, 0.000201923612622, 0.000450493505923, 0.000630197697319, 0.000440670002718, 0.000252340949373, 4.95792701258e-05, 4.89221793032e-06],
        "dmean2": [0.000990640604869, 0.0183913297951, 0.00428458303213, 0.00477719865739, 0.00375385140069, 0.00147942826152, 0.00137990224175, 0.00116303586401, 0.00114864786156, 0.0005490668118, 0.000529265962541, 0.000424185505835, 0.000722193042748, 0.000216766595258, 0.000217562701437, 0.000288686482236, 0.000609499169514, 0.000622357823886, 0.000381890073186, 0.000299497594824, 0.000318989827065, 0.000695018214174, 0.000951251655351, 0.000666102743708, 0.00038577162195, 7.25931604393e-05, 7.58447322369e-06],
        "dvar": [1.0840184359e-06, 0.000554095546249, 2.98792238027e-05, 5.10164900334e-05, 2.25531293836e-05, 3.05274807033e-06, 2.65083963313e-06, 2.88000387627e-06, 4.25281132266e-06, 7.76586830398e-07, 3.78794510425e-07, 3.52893351874e-07, 7.76688239057e-07, 9.64709272466e-08, 9.41501241414e-08, 1.09652738445e-07, 5.73214947508e-07, 7.9023948274e-07, 2.43952456458e-07, 1.24057493167e-07, 8.86679103473e-08, 2.84008478957e-07, 4.38830369376e-07, 2.05027589573e-07, 7.9419940846e-08, 3.70324171328e-09, 3.59611888878e-11],
        "dvar2": [3.25560426973e-06, 0.000920708465856, 8.16271276562e-05, 0.000145357684232, 5.82799402764e-05, 7.82601364335e-06, 6.16093893768e-06, 5.11582175022e-06, 7.17163811714e-06, 1.81561415502e-06, 9.24930475321e-07, 8.64448225002e-07, 2.06446225093e-06, 2.62856445943e-07, 2.34989030901e-07, 2.94755636787e-07, 1.55150121373e-06, 2.27199097935e-06, 6.87261945131e-07, 3.44245506767e-07, 2.34243245245e-07, 6.69301527978e-07, 8.27762619338e-07, 3.27484883655e-07, 1.77561730652e-07, 7.52513518165e-09, 8.26681431643e-11],
        "max": [0.0123043200001, 0.162426948547, 0.0494397170842, 0.062699303031, 0.0634107738733, 0.0409205816686, 0.0235151331872, 0.0436249487102, 0.0537813939154, 0.0195871125907, 0.0119455698878, 0.0219573173672, 0.0232779439539, 0.0102198449895, 0.0063622132875, 0.00646258890629, 0.00817288178951, 0.00740539841354, 0.00381454452872, 0.00269032130018, 0.00309279351495, 0.0035473278258, 0.00408847536892, 0.00319162453525, 0.00203646742739, 0.000558870087843, 8.36634280859e-05],
        "mean": [0.000994787551463, 0.0272464640439, 0.00257504521869, 0.0024569327943, 0.00332132447511, 0.00158918905072, 0.00132956262678, 0.00111439393368, 0.00123439030722, 0.000441769574536, 0.000361112470273, 0.000289797026198, 0.000568457180634, 0.000119777061627, 0.000149550382048, 0.00018229422858, 0.000361318670912, 0.000277608633041, 0.000180735616595, 0.000189963262528, 0.000222206799663, 0.000463196309283, 0.000659352750517, 0.000519807566889, 0.000279505446088, 7.32799089747e-05, 5.92904461882e-06],
        "median": [0.000775722844992, 0.0177886039019, 0.000155322151841, 0.000133638182888, 0.000797619635705, 0.000309533352265, 0.000431058579125, 0.000337501027388, 0.00035382527858, 0.000150114428834, 0.000113346541184, 7.08180596121e-05, 0.00025967892725, 3.29710383085e-05, 3.91300345655e-05, 5.72975441173e-05, 8.86361376615e-05, 8.95535049494e-05, 5.97233083681e-05, 9.81201301329e-05, 0.000112136141979, 0.000211521983147, 0.000250971410424, 0.000264309463091, 0.000146251870319, 3.77723481506e-05, 2.580524324e-06],
        "min": [6.09704627885e-25, 2.22746748946e-24, 2.01064394206e-24, 2.2046603374e-24, 1.83164020084e-23, 8.97855765457e-24, 1.39847935991e-23, 2.16414641346e-24, 1.53756784373e-23, 1.55151348459e-23, 2.73455477351e-23, 3.37332290083e-23, 2.94275725451e-23, 4.24357247891e-23, 4.28546225515e-23, 5.86879002673e-23, 9.58992327839e-23, 6.65636161769e-23, 1.40461720263e-22, 1.55234674258e-22, 2.32758673365e-22, 3.20670771526e-22, 4.32510750124e-22, 5.8174081712e-22, 1.03080739737e-21, 1.40702069141e-21, 1.99116065542e-21],
        "var": [1.31576609874e-06, 0.0013151577441, 2.58425206994e-05, 3.82156540581e-05, 3.29992290062e-05, 1.31326778501e-05, 4.96044640386e-06, 5.49333026356e-06, 8.18340959086e-06, 1.00641636891e-06, 4.91505659284e-07, 4.54182639942e-07, 9.52167113155e-07, 8.11109401866e-08, 1.22514407508e-07, 1.23550634612e-07, 6.316054737e-07, 4.72339792168e-07, 1.58551756613e-07, 9.51862233478e-08, 8.86020856683e-08, 3.30407516458e-07, 6.05236436968e-07, 3.25052042172e-07, 1.07069382693e-07, 9.25050969158e-09, 6.87919443632e-11]
    },
    "erbbands": {
        "dmean": [0.545652449131, 3.10451507568, 2.78910756111, 6.07716703415, 8.54179763794, 7.73455190659, 6.71905088425, 7.75467967987, 11.4676332474, 15.3340578079, 15.9444198608, 23.6010456085, 8.55311775208, 12.2945041656, 13.6987218857, 12.2065038681, 20.1498584747, 7.64629220963, 6.04361581802, 7.12231731415, 10.981669426, 19.4007701874, 16.3617153168, 17.7766571045, 9.32606887817, 6.61678171158, 8.46587467194, 8.3704996109, 14.4177923203, 18.400188446, 20.2916851044, 10.3203372955, 7.14554405212, 3.68667292595, 1.20305502415, 0.311469703913, 0.0732899233699, 0.0140537833795, 0.000611269730143, 4.01078796131e-05],
        "dmean2": [0.657215535641, 3.78557634354, 4.58938503265, 10.5385723114, 14.7805662155, 11.9428043365, 10.2936296463, 13.3091554642, 16.9251422882, 24.0230808258, 22.7952899933, 32.6219367981, 13.4409990311, 18.8075942993, 22.8499641418, 19.8123207092, 33.8721046448, 13.0151634216, 10.2711372375, 12.0937595367, 19.3264274597, 34.325630188, 29.6473045349, 32.437084198, 16.6161766052, 10.943441391, 14.0091962814, 12.7743082047, 22.5395698547, 28.165063858, 30.0105438232, 15.3777780533, 10.7305498123, 5.51090574265, 1.82784986496, 0.463290095329, 0.108790315688, 0.0207036416978, 0.000937470642384, 5.89219998801e-05],
        "dvar": [0.658297419548, 23.2425346375, 24.7585086823, 222.109436035, 453.691192627, 249.965454102, 203.638702393, 253.816879272, 414.120941162, 1044.90466309, 1511.40124512, 3709.39648438, 715.341369629, 601.198486328, 796.715209961, 786.186218262, 1599.8203125, 303.516998291, 242.726013184, 245.347366333, 554.436523438, 1947.5012207, 1612.35131836, 2116.72900391, 431.023498535, 130.775604248, 235.516220093, 112.319786072, 354.114929199, 392.660827637, 441.9246521, 108.076255798, 55.1715774536, 16.7802810669, 1.79949402809, 0.142830073833, 0.00799618288875, 0.00041283731116, 5.8706029904e-07, 1.30120325625e-09],
        "dvar2": [0.922282278538, 42.3707771301, 73.1034011841, 621.099487305, 1280.41699219, 539.089782715, 377.478118896, 696.542175293, 867.925354004, 2556.18334961, 2416.43603516, 6244.51269531, 1734.17260742, 1323.97680664, 1966.81530762, 1885.46081543, 4244.10107422, 826.412353516, 615.700256348, 628.363464355, 1510.16369629, 5257.88623047, 4622.00537109, 6053.88232422, 1219.26867676, 349.462799072, 653.638427734, 282.46295166, 883.258789062, 846.691589355, 877.132019043, 191.572433472, 87.0292434692, 37.319694519, 3.88453602791, 0.301078826189, 0.015185537748, 0.000861476175487, 1.38423524731e-06, 3.19585824471e-09],
        "max": [5.49816513062, 33.7450408936, 52.2633247375, 115.447563171, 187.351928711, 277.820678711, 218.069992065, 384.405212402, 386.206542969, 591.502624512, 1201.24499512, 1639.29736328, 841.282958984, 495.834197998, 560.073486328, 1037.79174805, 970.274169922, 586.48034668, 429.611297607, 255.891586304, 320.356384277, 495.224731445, 352.581726074, 354.282348633, 167.832214355, 101.56363678, 140.834365845, 103.868934631, 127.978591919, 116.690048218, 116.528106689, 72.6403961182, 50.075843811, 30.1052761078, 10.6375188828, 3.48893332481, 0.878142476082, 0.205391362309, 0.0145424976945, 0.000377996475436],
        "mean": [1.08540356159, 4.93792438507, 3.56404280663, 5.90960550308, 9.57322788239, 12.1371612549, 11.9130687714, 13.1758079529, 17.7871074677, 20.5815658569, 24.2710514069, 35.5284805298, 11.3219089508, 16.4997806549, 15.6196098328, 15.8369073868, 27.0346851349, 9.07513904572, 6.51988506317, 8.93656539917, 11.6609735489, 19.9462947845, 14.550994873, 13.8300466537, 9.0264339447, 8.05971908569, 9.02471351624, 9.3085603714, 14.422542572, 18.6681003571, 20.4868659973, 11.7261142731, 8.4523935318, 4.06457948685, 1.43141293526, 0.422229707241, 0.115673109889, 0.02057059668, 0.000820185756311, 8.17125255708e-05],
        "median": [0.593336343765, 2.86877894402, 1.3430249691, 0.790564894676, 1.58717131615, 2.54512858391, 2.33316993713, 2.86671495438, 5.88928222656, 6.8363366127, 8.09861850739, 10.0394115448, 4.15704059601, 6.75274848938, 5.21064090729, 6.06335544586, 12.7280101776, 4.0970659256, 2.12179851532, 2.68116807938, 3.88637495041, 4.57611465454, 5.30133533478, 4.23814105988, 3.67404270172, 4.91700649261, 4.89746618271, 4.4439496994, 6.45070457458, 7.79712677002, 7.92493963242, 6.05411672592, 4.01759719849, 2.08588409424, 0.797607421875, 0.23974108696, 0.0540313720703, 0.00771628832445, 0.000400100718252, 6.76411436871e-05],
        "min": [6.6057880606e-23, 7.57762872377e-22, 1.98578822236e-21, 7.32528047581e-21, 9.6343365765e-21, 4.25476956302e-20, 3.5588980566e-20, 7.43697344608e-20, 1.96704570716e-19, 1.63505327865e-19, 1.5875915938e-19, 3.34153929005e-19, 6.51822045005e-19, 9.72125403339e-19, 1.29720676369e-18, 1.54326145966e-18, 1.36903757712e-18, 1.91862309694e-18, 2.6562051599e-18, 2.51215579213e-18, 4.20705217597e-18, 6.04249440411e-18, 6.81532387374e-18, 6.09293711863e-18, 8.06724105132e-18, 8.22663792818e-18, 1.00829842512e-17, 7.06758087334e-18, 1.12572845903e-17, 1.22847901493e-17, 1.34801496797e-17, 1.22088673767e-17, 9.04251429048e-18, 9.21050805545e-18, 6.95400814806e-18, 4.29562998469e-18, 2.55642112184e-18, 1.00490822538e-18, 2.58088984814e-19, 2.91810902415e-20],
        "var": [1.83558821678, 50.0156555176, 25.9951248169, 168.565765381, 383.931610107, 581.814880371, 601.882263184, 951.079711914, 959.27935791, 1380.02441406, 3165.02539062, 6990.20361328, 845.594787598, 905.902526855, 995.031982422, 1063.48278809, 2004.29174805, 284.96307373, 250.895584106, 356.230682373, 520.147766113, 2150.71362305, 1006.73443604, 1254.40563965, 291.237640381, 123.217453003, 184.824508667, 138.715209961, 375.680145264, 498.313354492, 605.605834961, 170.275238037, 86.8662872314, 22.5347576141, 2.71630191803, 0.260922640562, 0.0258577391505, 0.00118742277846, 1.21592722735e-06, 3.29354765682e-09]
    },
    "gfcc": {
        "mean": [-11.2756700516, 58.8392753601, -85.7142791748, 40.719329834, -62.8642501831, 33.659614563, -27.145242691, 19.6830749512, -13.7290344238, 5.6192111969, -6.97380828857, 4.67354631424, -11.8398351669],
        "cov": [[16961.9082031, -915.772155762, -620.925415039, 222.152130127, -1747.65185547, 195.538833618, -1266.60510254, -76.8313751221, -928.775085449, -208.068969727, -550.493103027, 258.546569824, -626.603210449], [-915.772155762, 3302.95751953, 88.9707717896, -377.031555176, 658.238464355, -386.382751465, 254.880310059, -203.136230469, 199.760818481, -167.690231323, 319.704559326, -173.941238403, 326.913116455], [-620.925415039, 88.9707717896, 1380.16943359, 367.941619873, 179.483032227, 463.687408447, 234.295516968, 54.5398445129, 122.031547546, -24.6334934235, 16.5617580414, 35.9133758545, 25.1837406158], [222.152130127, -377.031555176, 367.941619873, 623.21295166, 226.662872314, 257.668762207, 187.540817261, 153.905593872, 112.833572388, 64.0536422729, 38.9572067261, 39.7479324341, 27.2327766418], [-1747.65185547, 658.238464355, 179.483032227, 226.662872314, 739.905700684, 129.144668579, 385.056121826, 103.768432617, 268.412567139, 60.1429290771, 179.015106201, -32.9052085876, 189.164840698], [195.538833618, -386.382751465, 463.687408447, 257.668762207, 129.144668579, 516.067382812, 197.747528076, 150.368331909, 127.425765991, 66.3434906006, 38.5473251343, 51.8050308228, 17.7332344055], [-1266.60510254, 254.880310059, 234.295516968, 187.540817261, 385.056121826, 197.747528076, 424.083251953, 161.441848755, 231.074447632, 101.647277832, 161.146179199, -17.6569881439, 124.168861389], [-76.8313751221, -203.136230469, 54.5398445129, 153.905593872, 103.768432617, 150.368331909, 161.441848755, 194.743499756, 140.973022461, 101.044700623, 74.4934921265, 33.2293243408, 34.6709785461], [-928.775085449, 199.760818481, 122.031547546, 112.833572388, 268.412567139, 127.425765991, 231.074447632, 140.973022461, 263.664916992, 107.507774353, 130.047485352, 5.49059247971, 109.644477844], [-208.068969727, -167.690231323, -24.6334934235, 64.0536422729, 60.1429290771, 66.3434906006, 101.647277832, 101.044700623, 107.507774353, 154.326065063, 78.3190994263, 19.2754898071, 29.7165927887], [-550.493103027, 319.704559326, 16.5617580414, 38.9572067261, 179.015106201, 38.5473251343, 161.146179199, 74.4934921265, 130.047485352, 78.3190994263, 184.623687744, 31.2302856445, 102.636566162], [258.546569824, -173.941238403, 35.9133758545, 39.7479324341, -32.9052085876, 51.8050308228, -17.6569881439, 33.2293243408, 5.49059247971, 19.2754898071, 31.2302856445, 104.387802124, 20.6763877869], [-626.603210449, 326.913116455, 25.1837406158, 27.2327766418, 189.164840698, 17.7332344055, 124.168861389, 34.6709785461, 109.644477844, 29.7165927887, 102.636566162, 20.6763877869, 145.796722412]],
        "icov": [[0.000222696617129, -0.000488187040901, 0.000306947797071, -0.00050617539091, 0.000456031353679, -0.00065793225076, 0.000431017047958, -0.000662332167849, 0.000735464855097, -0.000618095917162, 0.000762532930821, -0.00077930430416, 0.000518640503287], [-0.000488187040901, 0.00211777864024, -0.00103839894291, 0.00164688541554, -0.001487797359, 0.0020802654326, -0.000629105546977, 0.00189936254174, -0.00204511312768, 0.00300127989613, -0.00384387397207, 0.0033669071272, -0.00205876957625], [0.000306947797071, -0.00103839894291, 0.00188474240713, -0.00142501492519, 0.00112180027645, -0.00213885679841, -0.000288224488031, 0.000402797042625, 0.000297681690427, -0.000601152190939, 0.00192557019182, -0.00211337767541, 0.00138533918653], [-0.00050617539091, 0.00164688541554, -0.00142501492519, 0.00414268253371, -0.00230168830603, 0.00156862626318, -0.000686884042807, -0.000300571729895, -0.000929327914491, 0.00179059279617, -0.00216755899601, 0.00202451925725, -0.00137108901981], [0.000456031353679, -0.001487797359, 0.00112180027645, -0.00230168830603, 0.00492442911491, -0.00166209868621, -0.00153255753685, 0.000245129573159, -0.000396565679694, -0.00079744780669, 0.00213615293615, -0.00150207558181, -0.000238052394707], [-0.00065793225076, 0.0020802654326, -0.00213885679841, 0.00156862626318, -0.00166209868621, 0.00634233187884, -0.00211316137575, 0.000515657302458, -0.00261284550652, 0.00251161237247, -0.00254591321573, 0.00174528011121, -0.00135576317552], [0.000431017047958, -0.000629105546977, -0.000288224488031, -0.000686884042807, -0.00153255753685, -0.00211316137575, 0.00976328738034, -0.00520165124908, 0.00115265592467, -0.00124941428658, -0.00230366038159, 0.00314091821201, -0.000827343203127], [-0.000662332167849, 0.00189936254174, 0.000402797042625, -0.000300571729895, 0.000245129573159, 0.000515657302458, -0.00520165124908, 0.0178805533797, -0.00833135470748, -0.000120976554172, -0.00276503525674, -0.000887476664502, 0.00104085798375], [0.000735464855097, -0.00204511312768, 0.000297681690427, -0.000929327914491, -0.000396565679694, -0.00261284550652, 0.00115265592467, -0.00833135470748, 0.0158146172762, -0.00640591653064, 0.00218985322863, -0.000804859388154, -0.00231437128969], [-0.000618095917162, 0.00300127989613, -0.000601152190939, 0.00179059279617, -0.00079744780669, 0.00251161237247, -0.00124941428658, -0.000120976554172, -0.00640591653064, 0.016778357327, -0.00891486462206, 0.00444091716781, -0.000750995415729], [0.000762532930821, -0.00384387397207, 0.00192557019182, -0.00216755899601, 0.00213615293615, -0.00254591321573, -0.00230366038159, -0.00276503525674, 0.00218985322863, -0.00891486462206, 0.0206049140543, -0.0101855108514, -0.000764614902437], [-0.00077930430416, 0.0033669071272, -0.00211337767541, 0.00202451925725, -0.00150207558181, 0.00174528011121, 0.00314091821201, -0.000887476664502, -0.000804859388154, 0.00444091716781, -0.0101855108514, 0.0203358326107, -0.00765272090212], [0.000518640503287, -0.00205876957625, 0.00138533918653, -0.00137108901981, -0.000238052394707, -0.00135576317552, -0.000827343203127, 0.00104085798375, -0.00231437128969, -0.000750995415729, -0.000764614902437, -0.00765272090212, 0.0181689281017]]
    },
    "melbands": {
        "dmean": [0.0046712984331, 0.00212298566476, 0.0011100351112, 0.000597102858592, 0.000239212007727, 0.000167118661921, 0.000182161194971, 0.000169877021108, 0.000122681929497, 0.000143171404488, 4.02410587412e-05, 5.16711697855e-05, 4.32981796621e-05, 3.60533704225e-05, 3.43600113411e-05, 3.98985175707e-05, 1.30994185383e-05, 9.89117143035e-06, 8.48197760206e-06, 1.11954113891e-05, 1.31703654915e-05, 2.14199917536e-05, 1.55266352522e-05, 1.71303690877e-05, 1.47278569784e-05, 6.48296918371e-06, 6.9930679274e-06, 3.86150577469e-06, 5.64597758057e-06, 4.78529091197e-06, 4.87385068482e-06, 7.51361403672e-06, 1.0344241673e-05, 1.0130618648e-05, 1.22356468637e-05, 8.46500643092e-06, 5.87993781664e-06, 5.95922529101e-06, 3.55588667844e-06, 2.92803338198e-06],
        "dmean2": [0.00557520193979, 0.00308959255926, 0.00188751739915, 0.000973564048763, 0.000369893590687, 0.000286396127194, 0.000270772958174, 0.000263714464381, 0.000174118220457, 0.000198791836738, 6.48252535029e-05, 7.89479963714e-05, 7.27798542357e-05, 5.86025926168e-05, 5.68039249629e-05, 6.76261406625e-05, 2.27616455959e-05, 1.69867162185e-05, 1.44069035741e-05, 1.90121136256e-05, 2.33585196838e-05, 3.73913171643e-05, 2.80059994111e-05, 3.14624194289e-05, 2.69099909929e-05, 1.13051719381e-05, 1.25948354253e-05, 6.16595980318e-06, 9.56555049925e-06, 7.8559778558e-06, 7.41477606425e-06, 1.18675325211e-05, 1.59580959007e-05, 1.55635480041e-05, 1.85103235708e-05, 1.24356893139e-05, 8.89160128281e-06, 9.10717062652e-06, 5.12682663611e-06, 4.45747309641e-06],
        "dvar": [5.06036267325e-05, 7.96803487901e-06, 7.28791656002e-06, 1.64809898706e-06, 2.14246156816e-07, 1.15796375155e-07, 1.02501687138e-07, 1.25041367482e-07, 8.40814919911e-08, 1.47541925344e-07, 1.67591718281e-08, 1.1813011902e-08, 7.49745332485e-09, 5.90421711522e-09, 7.20693549283e-09, 5.9480047554e-09, 1.37955691315e-09, 6.5007521588e-10, 3.45148576386e-10, 5.763253208e-10, 9.32284915933e-10, 2.49759213311e-09, 1.20104914902e-09, 2.01758498797e-09, 1.44621603582e-09, 1.72804812126e-10, 2.78662426467e-10, 2.93376642424e-11, 1.20575605056e-10, 6.09129344187e-11, 3.49882449402e-11, 9.50801173905e-11, 1.55768412058e-10, 1.22268792313e-10, 1.67775113247e-10, 7.43621345056e-11, 3.57055912614e-11, 3.97931410046e-11, 1.38929926591e-11, 1.102975003e-11],
        "dvar2": [7.8546720033e-05, 2.13902130781e-05, 2.01312977879e-05, 4.19704520027e-06, 4.41101207116e-07, 3.15363848813e-07, 2.21979220782e-07, 2.94945436963e-07, 1.34209784619e-07, 2.49685427889e-07, 4.15217655814e-08, 2.61946642155e-08, 1.87375821525e-08, 1.42321221475e-08, 1.88737754314e-08, 1.60366120383e-08, 3.80174736136e-09, 1.66119840106e-09, 8.84367745702e-10, 1.55791324286e-09, 2.56842591639e-09, 6.48319531393e-09, 3.43333139696e-09, 5.80469894373e-09, 4.1243626292e-09, 4.83751094738e-10, 7.91709753312e-10, 7.38145516932e-11, 3.38513272968e-10, 1.64649904821e-10, 8.6384038811e-11, 2.35589103781e-10, 3.73829300848e-10, 2.69370498129e-10, 3.353899658e-10, 1.30756058758e-10, 6.54130083433e-11, 6.17936535274e-11, 2.82765460352e-11, 2.49632606253e-11],
        "max": [0.0486683696508, 0.0232469514012, 0.0233647283167, 0.0178417880088, 0.00615408923477, 0.0082813128829, 0.00551354698837, 0.00703177275136, 0.00865226611495, 0.0107514662668, 0.00411352375522, 0.00228602741845, 0.00172887416556, 0.0028766784817, 0.00265711103566, 0.00100963620935, 0.00130146299489, 0.000701110169757, 0.000294493773254, 0.000683024991304, 0.000544397276826, 0.000715508125722, 0.000382817001082, 0.000367122440366, 0.000293046468869, 0.000106983454316, 0.000142574906931, 5.59932050237e-05, 0.000101814664959, 6.66560881655e-05, 5.51989360247e-05, 6.63529863232e-05, 8.19912092993e-05, 6.81078890921e-05, 7.03206824255e-05, 5.26068652107e-05, 4.45044279331e-05, 4.25189209636e-05, 2.72167635558e-05, 2.4359089366e-05],
        "mean": [0.00860066525638, 0.00336770876311, 0.00113392458297, 0.000838084844872, 0.000425666978117, 0.000288186711259, 0.000274463469395, 0.000228280783631, 0.000191368671949, 0.0002110851201, 4.89300837216e-05, 6.72570022289e-05, 4.75042725157e-05, 4.24452409789e-05, 4.7112829634e-05, 5.17652661074e-05, 1.29825239128e-05, 9.8859100035e-06, 1.00544193629e-05, 1.37456081575e-05, 1.29353129523e-05, 2.23872593779e-05, 1.44167406688e-05, 1.3979403775e-05, 1.10128075903e-05, 6.10976394455e-06, 6.65550987833e-06, 4.99420866618e-06, 5.68687573832e-06, 5.30668012289e-06, 5.36130619366e-06, 7.56701547289e-06, 1.01298401205e-05, 1.01045361589e-05, 1.21071252579e-05, 9.33069077291e-06, 6.63452374283e-06, 6.8396379902e-06, 4.19372918259e-06, 3.13205441671e-06],
        "median": [0.00520064635202, 0.00190086732619, 0.000158040624228, 0.000163190677995, 9.44662751863e-05, 6.09971320955e-05, 8.87866626726e-05, 7.4751500506e-05, 6.3048217271e-05, 5.74910736759e-05, 1.61811894941e-05, 2.54352489719e-05, 1.41401487781e-05, 1.27572875499e-05, 2.03541385417e-05, 2.3489461455e-05, 3.69065628547e-06, 2.80224162452e-06, 2.44701459451e-06, 3.84319264413e-06, 3.81291783924e-06, 3.80710457648e-06, 5.17620901519e-06, 4.11009341406e-06, 2.98850250147e-06, 2.42594887823e-06, 2.45367709795e-06, 3.18687898471e-06, 2.88886872113e-06, 2.80778658635e-06, 2.42046257881e-06, 3.55957331521e-06, 4.39594396084e-06, 4.00278577217e-06, 4.1188322939e-06, 4.40626445197e-06, 3.48235880665e-06, 3.05585467686e-06, 2.19234743781e-06, 1.57865645178e-06],
        "min": [1.0391827407e-24, 1.35016038701e-24, 1.28561460446e-24, 8.96909211257e-25, 1.2334926909e-24, 1.78850406381e-24, 3.06713103698e-24, 1.41040480688e-24, 1.02324853928e-24, 2.2452864768e-24, 2.76666614552e-24, 2.93177788843e-24, 3.88696459349e-24, 3.56031898631e-24, 3.32679919786e-24, 3.0463688096e-24, 3.59558185763e-24, 3.13818847187e-24, 3.48064600704e-24, 3.84532654276e-24, 4.3497687762e-24, 5.85578668023e-24, 6.04928873825e-24, 3.60608790717e-24, 3.67937702957e-24, 5.21338371852e-24, 4.39676555906e-24, 5.56501649487e-24, 5.42335088136e-24, 5.17831451255e-24, 3.08268658517e-24, 5.87074111641e-24, 4.22524629345e-24, 4.59254190307e-24, 6.6781635243e-24, 6.60771075128e-24, 6.12792988746e-24, 6.1136258671e-24, 6.9191897187e-24, 7.59915074254e-24],
        "var": [0.000126744431327, 1.58681668836e-05, 6.015101917e-06, 2.43636327468e-06, 5.84630868161e-07, 4.62484933905e-07, 2.21429218072e-07, 1.73663053715e-07, 1.79291134828e-07, 2.71777707894e-07, 1.86247159917e-08, 1.73807510606e-08, 9.19863563098e-09, 7.88790366357e-09, 8.78635297852e-09, 7.26068183354e-09, 1.14226095249e-09, 6.45597741933e-10, 4.58947602144e-10, 7.53514806107e-10, 8.06028022104e-10, 3.43965655958e-09, 8.70360672423e-10, 1.2301913932e-09, 8.57641013763e-10, 1.24067034424e-10, 1.85905832395e-10, 3.67151933856e-11, 8.82218603726e-11, 5.43991414415e-11, 4.54752450973e-11, 1.01224077731e-10, 1.74604997127e-10, 1.50974885371e-10, 2.19897461351e-10, 1.1352098428e-10, 5.50780671071e-11, 5.95537993919e-11, 2.18153706905e-11, 1.41069022783e-11]
    },
    "mfcc": {
        "mean": [-657.145507812, 85.7105865479, 36.3136329651, 15.3252086639, 5.08316707611, 10.4022283554, 6.82351827621, 16.3481006622, 3.64314603806, 5.61687898636, 8.14162921906, 12.8660364151, 3.96497893333],
        "cov": [[11144.7470703, -1065.63549805, -239.460601807, -287.664489746, -531.386535645, -516.052734375, -676.851501465, -309.949432373, -661.47857666, -482.542449951, -289.003723145, -315.270080566, -259.675201416], [-1065.63549805, 2969.1237793, -182.993515015, 143.464324951, 185.073699951, -96.3225479126, 101.0051651, -116.094070435, 11.6063499451, -59.6606063843, -42.5226860046, 106.277626038, 69.2658843994], [-239.460601807, -182.993515015, 1128.93359375, 33.0933074951, 118.11265564, 269.04901123, 77.1849136353, 192.231246948, 58.616973877, 37.5357780457, 48.8063468933, 8.08794498444, -20.0094490051], [-287.664489746, 143.464324951, 33.0933074951, 455.18649292, 184.00881958, 99.5266876221, 141.816452026, 73.2836685181, 105.653770447, 77.4292373657, 45.6265602112, 76.0035552979, 52.0545692444], [-531.386535645, 185.073699951, 118.11265564, 184.00881958, 306.742645264, 214.656219482, 132.072174072, 127.818382263, 133.324996948, 92.3866348267, 45.5566101074, 61.296749115, 69.2468719482], [-516.052734375, -96.3225479126, 269.04901123, 99.5266876221, 214.656219482, 308.459991455, 182.486343384, 160.103500366, 152.862182617, 129.592803955, 74.8819656372, 55.3700141907, 52.800693512], [-676.851501465, 101.0051651, 77.1849136353, 141.816452026, 132.072174072, 182.486343384, 241.701828003, 135.432052612, 137.386962891, 130.903167725, 88.5915985107, 91.9933319092, 54.396270752], [-309.949432373, -116.094070435, 192.231246948, 73.2836685181, 127.818382263, 160.103500366, 135.432052612, 199.868942261, 129.457580566, 91.8307952881, 87.4468078613, 72.6034927368, 41.1659622192], [-661.47857666, 11.6063499451, 58.616973877, 105.653770447, 133.324996948, 152.862182617, 137.386962891, 129.457580566, 192.575668335, 161.554992676, 88.0597610474, 76.5354232788, 64.2875595093], [-482.542449951, -59.6606063843, 37.5357780457, 77.4292373657, 92.3866348267, 129.592803955, 130.903167725, 91.8307952881, 161.554992676, 221.939102173, 120.95526123, 68.4306488037, 60.9110946655], [-289.003723145, -42.5226860046, 48.8063468933, 45.6265602112, 45.5566101074, 74.8819656372, 88.5915985107, 87.4468078613, 88.0597610474, 120.95526123, 134.942123413, 89.5124206543, 35.7957839966], [-315.270080566, 106.277626038, 8.08794498444, 76.0035552979, 61.296749115, 55.3700141907, 91.9933319092, 72.6034927368, 76.5354232788, 68.4306488037, 89.5124206543, 167.181838989, 79.5949859619], [-259.675201416, 69.2658843994, -20.0094490051, 52.0545692444, 69.2468719482, 52.800693512, 54.396270752, 41.1659622192, 64.2875595093, 60.9110946655, 35.7957839966, 79.5949859619, 118.533973694]],
