{
"lowlevel": {
    "average_loudness": 0.954049408436,
    "barkbands_crest": {
        "dmean": 3.05673289299,
        "dmean2": 5.17263269424,
        "dvar": 8.80098724365,
        "dvar2": 22.3315258026,
        "max": 24.6824874878,
        "mean": 9.57712364197,
        "median": 8.68996429443,
        "min": 2.46985793114,
        "var": 16.3072013855
    },
    "barkbands_flatness_db": {
        "dmean": 0.026925900951,
        "dmean2": 0.0417331643403,
        "dvar": 0.000882193504367,
        "dvar2": 0.0021806221921,
        "max": 0.328608304262,
        "mean": 0.117115721107,
        "median": 0.115270920098,
        "min": 0.0148877007887,
        "var": 0.00230779172853
    },
    "barkbands_kurtosis": {
        "dmean": 2.77899503708,
        "dmean2": 4.74409818649,
        "dvar": 23.1784076691,
        "dvar2": 58.0548629761,
        "max": 89.8258666992,
        "mean": 3.30823755264,
        "median": 1.77903795242,
        "min": -1.70690894127,
        "var": 30.2449989319
    },
    "barkbands_skewness": {
        "dmean": 0.544310808182,
        "dmean2": 0.899505794048,
        "dvar": 0.478153318167,
        "dvar2": 1.20132708549,
        "max": 7.80740308762,
        "mean": 1.43997395039,
        "median": 1.26299762726,
        "min": -2.16258692741,
        "var": 0.875687122345
    },
    "barkbands_spread": {
        "dmean": 10.1155347824,
        "dmean2": 16.7286567688,
        "dvar": 175.50100708,
        "dvar2": 492.203796387,
        "max": 85.3978118896,
        "mean": 23.2906360626,
        "median": 18.0913715363,
        "min": 1.36628234386,
        "var": 243.377883911
    },
    "dissonance": {
        "dmean": 0.020699152723,
        "dmean2": 0.0342415012419,
        "dvar": 0.000326132052578,
        "dvar2": 0.000871753611136,
        "max": 0.500000059605,
        "mean": 0.460131943226,
        "median": 0.464694797993,
        "min": 0.296736598015,
        "var": 0.000645950378384
    },
    "dynamic_complexity": 3.08550882339,
    "erbbands_crest": {
        "dmean": 2.93597531319,
        "dmean2": 4.62273406982,
        "dvar": 6.57811832428,
        "dvar2": 15.3603115082,
        "max": 27.5774002075,
        "mean": 9.31322193146,
        "median": 8.45946979523,
        "min": 2.40385484695,
        "var": 18.4969329834
    },
    "erbbands_flatness_db": {
        "dmean": 0.0221604947001,
        "dmean2": 0.0305991582572,
        "dvar": 0.000433648412582,
        "dvar2": 0.000805565097835,
        "max": 0.347921699286,
        "mean": 0.141425460577,
        "median": 0.137190744281,
        "min": 0.0544208921492,
        "var": 0.0024737205822
    },
    "erbbands_kurtosis": {
        "dmean": 1.00773572922,
        "dmean2": 1.58349692822,
        "dvar": 1.04177367687,
        "dvar2": 2.46166229248,
        "max": 18.3826904297,
        "mean": 0.698307871819,
        "median": 0.417479991913,
        "min": -1.73349285126,
        "var": 2.75557565689
    },
    "erbbands_skewness": {
        "dmean": 0.385125935078,
        "dmean2": 0.607561886311,
        "dvar": 0.114880405366,
        "dvar2": 0.27884554863,
        "max": 3.56380748749,
        "mean": 0.665452003479,
        "median": 0.674121618271,
        "min": -1.80355787277,
        "var": 0.319458633661
    },
    "erbbands_spread": {
        "dmean": 11.9329833984,
        "dmean2": 17.8258209229,
        "dvar": 210.090606689,
        "dvar2": 470.728637695,
        "max": 118.83744812,
        "mean": 38.9067497253,
        "median": 31.9594230652,
        "min": 4.54196548462,
        "var": 490.603393555
    },
    "hfc": {
        "dmean": 15.1945419312,
        "dmean2": 24.6723155975,
        "dvar": 823.494812012,
        "dvar2": 2270.52319336,
        "max": 186.5728302,
        "mean": 22.9648933411,
        "median": 14.3589935303,
        "min": 1.06371350428e-16,
        "var": 741.231811523
    },
    "melbands_crest": {
        "dmean": 3.5860376358,
        "dmean2": 5.9474067688,
        "dvar": 10.9759559631,
        "dvar2": 26.0554447174,
        "max": 29.3001899719,
        "mean": 12.9725656509,
        "median": 11.9848842621,
        "min": 1.46612155437,
        "var": 25.7911510468
    },
    "melbands_flatness_db": {
        "dmean": 0.0326306335628,
        "dmean2": 0.0517493598163,
        "dvar": 0.00149119680282,
        "dvar2": 0.00386601989157,
        "max": 0.417074114084,
        "mean": 0.190083503723,
        "median": 0.19113008678,
        "min": 0.00292087811977,
        "var": 0.00297851790674
    },
    "melbands_kurtosis": {
        "dmean": 6.37050104141,
        "dmean2": 9.98861408234,
        "dvar": 122.227401733,
        "dvar2": 282.584289551,
        "max": 162.630371094,
        "mean": 10.8035831451,
        "median": 6.40904331207,
        "min": -1.31918883324,
        "var": 213.978057861
    },
    "melbands_skewness": {
        "dmean": 0.746812641621,
        "dmean2": 1.10553216934,
        "dvar": 0.701851308346,
        "dvar2": 1.36620771885,
        "max": 10.2873573303,
        "mean": 2.3109869957,
        "median": 1.99317765236,
        "min": -1.28934788704,
        "var": 2.22947263718
    },
    "melbands_spread": {
        "dmean": 7.92398309708,
        "dmean2": 13.6033115387,
        "dvar": 117.14074707,
        "dvar2": 337.476196289,
        "max": 152.014648438,
        "mean": 21.3719768524,
        "median": 19.5518932343,
        "min": 1.19807136059,
        "var": 164.864608765
    },
    "pitch_salience": {
        "dmean": 0.082055144012,
        "dmean2": 0.13803870976,
        "dvar": 0.00747412955388,
        "dvar2": 0.019357515499,
        "max": 0.824805080891,
        "mean": 0.545822024345,
        "median": 0.561560034752,
        "min": 0.132137447596,
        "var": 0.0130552938208
    },
    "silence_rate_20dB": {
        "dmean": 0,
        "dmean2": 0,
        "dvar": 0,
        "dvar2": 0,
        "max": 1,
        "mean": 1,
        "median": 1,
        "min": 1,
        "var": 0
    },
    "silence_rate_30dB": {
        "dmean": 0.00818135309964,
        "dmean2": 0.0163641013205,
        "dvar": 0.00811549928039,
        "dvar2": 0.021725114435,
        "max": 1,
        "mean": 0.99463146925,
        "median": 1,
        "min": 0,
        "var": 0.00534062646329
    },
    "silence_rate_60dB": {
        "dmean": 0.0153400376439,
        "dmean2": 0.0305974595249,
        "dvar": 0.0151055734605,
        "dvar2": 0.0340941473842,
        "max": 1,
        "mean": 0.0579463131726,
        "median": 0,
        "min": 0,
        "var": 0.0545872598886
    },
    "spectral_centroid": {
        "dmean": 296.203826904,
        "dmean2": 490.405395508,
        "dvar": 156260.625,
        "dvar2": 444364.34375,
        "max": 11907.5878906,
        "mean": 1154.98181152,
        "median": 1059.00073242,
        "min": 230.039413452,
        "var": 470287.46875
    },
    "spectral_complexity": {
        "dmean": 3.52292490005,
        "dmean2": 5.49595165253,
        "dvar": 19.945016861,
        "dvar2": 45.6459388733,
        "max": 49,
        "mean": 16.9133358002,
        "median": 16,
        "min": 0,
        "var": 59.3078231812
    },
    "spectral_decrease": {
        "dmean": 3.11096215455e-09,
        "dmean2": 4.62615501462e-09,
        "dvar": 2.18678380187e-17,
        "dvar2": 5.18664743383e-17,
        "max": 1.9805661695e-28,
        "mean": -7.30317362141e-09,
        "median": -5.61200108606e-09,
        "min": -4.06246947193e-08,
        "var": 4.43324769233e-17
    },
    "spectral_energy": {
        "dmean": 0.0124358152971,
        "dmean2": 0.0180734880269,
        "dvar": 0.00031398786814,
        "dvar2": 0.000710565247573,
        "max": 0.158198803663,
        "mean": 0.0296468939632,
        "median": 0.0235225185752,
        "min": 9.93942081969e-21,
        "var": 0.00069785467349
    },
    "spectral_energyband_high": {
        "dmean": 0.00140654610004,
        "dmean2": 0.00245499610901,
        "dvar": 9.98994892143e-06,
        "dvar2": 2.84222605842e-05,
        "max": 0.0188028626144,
        "mean": 0.00131965731271,
        "median": 0.000298482482322,
        "min": 7.21912670759e-21,
        "var": 6.73390150041e-06
    },
    "spectral_energyband_low": {
        "dmean": 0.00663504656404,
        "dmean2": 0.0102302152663,
        "dvar": 0.00020488804148,
        "dvar2": 0.000528083881363,
        "max": 0.10698133707,
        "mean": 0.0123574407771,
        "median": 0.00669942051172,
        "min": 1.01717231844e-23,
        "var": 0.000288549228571
    },
    "spectral_energyband_middle_high": {
        "dmean": 0.00190116267186,
        "dmean2": 0.00283049070276,
        "dvar": 6.89758462613e-06,
        "dvar2": 1.45664089359e-05,
        "max": 0.0417498499155,
        "mean": 0.0050252834335,
        "median": 0.00362033257261,
        "min": 1.33281778409e-21,
        "var": 2.16812750296e-05
    },
    "spectral_energyband_middle_low": {
        "dmean": 0.00842535682023,
        "dmean2": 0.0141300233081,
        "dvar": 0.000206945594982,
        "dvar2": 0.000553978490643,
        "max": 0.0984229296446,
        "mean": 0.0125488350168,
        "median": 0.00727296667174,
        "min": 1.81283618655e-22,
        "var": 0.000220313595491
    },
    "spectral_entropy": {
        "dmean": 0.255176901817,
        "dmean2": 0.384601354599,
        "dvar": 0.0712047070265,
        "dvar2": 0.182177051902,
        "max": 9.81898880005,
        "mean": 7.7053360939,
        "median": 7.6803650856,
        "min": 5.95926856995,
        "var": 0.215426385403
    },
    "spectral_flux": {
        "dmean": 0.0381883867085,
        "dmean2": 0.0571575053036,
        "dvar": 0.00157940026838,
        "dvar2": 0.00277119199745,
        "max": 0.342291384935,
        "mean": 0.0909890457988,
        "median": 0.07294896245,
        "min": 6.50165685179e-11,
        "var": 0.00442820042372
    },
    "spectral_kurtosis": {
        "dmean": 1.69107115269,
        "dmean2": 2.72964930534,
        "dvar": 3.40668439865,
        "dvar2": 9.16525745392,
        "max": 30.7746543884,
        "mean": 3.96732926369,
        "median": 3.53956604004,
        "min": -1.27777040005,
        "var": 9.32454872131
    },
    "spectral_rms": {
        "dmean": 0.000989762251265,
        "dmean2": 0.00138103496283,
        "dvar": 1.20719755614e-06,
        "dvar2": 2.35380753111e-06,
        "max": 0.0124233765528,
        "mean": 0.00486463028938,
        "median": 0.00479049049318,
        "min": 3.11399994332e-12,
        "var": 5.25913173988e-06
    },
    "spectral_rolloff": {
        "dmean": 1020.90423584,
        "dmean2": 1904.22998047,
        "dvar": 3655245.75,
        "dvar2": 10085254,
        "max": 19702.8808594,
        "mean": 1532.12036133,
        "median": 990.52734375,
        "min": 86.1328125,
        "var": 3924628.5
    },
    "spectral_skewness": {
        "dmean": 0.255715489388,
        "dmean2": 0.409107118845,
        "dvar": 0.0583194829524,
        "dvar2": 0.152795687318,
        "max": 4.12273597717,
        "mean": 1.56232786179,
        "median": 1.56980752945,
        "min": -0.0959857702255,
        "var": 0.196824535728
    },
    "spectral_spread": {
        "dmean": 1121561.5,
        "dmean2": 1612441.375,
        "dvar": 2.46825458074e+12,
        "dvar2": 5.2044586025e+12,
        "max": 56336200,
        "mean": 5543937,
        "median": 4904741,
        "min": 1648925.625,
        "var": 8.98916732109e+12
    },
    "spectral_strongpeak": {
        "dmean": 0.486211240292,
        "dmean2": 0.811879098415,
        "dvar": 0.392168462276,
        "dvar2": 0.858383536339,
        "max": 8.64725017548,
        "mean": 0.799567520618,
        "median": 0.515095472336,
        "min": 0,
        "var": 0.69695186615
    },
    "zerocrossingrate": {
        "dmean": 0.0155245894566,
        "dmean2": 0.0180729404092,
        "dvar": 0.000248212221777,
        "dvar2": 0.000297412858345,
        "max": 0.51904296875,
        "mean": 0.0612424090505,
        "median": 0.0478515625,
        "min": 0.0068359375,
        "var": 0.00197072303854
    },
    "barkbands": {
        "dmean": [9.89956679405e-05, 0.00365402549505, 0.00395473139361, 0.00360646704212, 0.00123266724404, 0.0034422648605, 0.000768325582612, 0.000945428968407, 0.000532446778379, 0.000876163772773, 0.000403130834457, 0.000386418687413, 0.000214481246076, 0.000303223554511, 0.000326214852976, 0.000103119447886, 6.94016271154e-05, 0.000100212695543, 9.09684458748e-05, 0.000139769748785, 9.62142730714e-05, 0.000219127658056, 0.000343809981132, 0.000296065438306, 0.00030106556369, 0.000106947707536, 1.63580880326e-05],
        "dmean2": [0.000150180290802, 0.005913535133, 0.00639697769657, 0.00687428936362, 0.00214394251816, 0.00537307700142, 0.00126373919193, 0.00146651943214, 0.000748646096326, 0.00132912653498, 0.00062711071223, 0.000606540590525, 0.000351236871211, 0.000457325484604, 0.000502786133438, 0.00016972515732, 0.000114060552733, 0.000174730812432, 0.000157387315994, 0.000244180933805, 0.000169568069396, 0.000400855089538, 0.000621970393695, 0.000519798020832, 0.000535777304322, 0.00016702224093, 2.91946525977e-05],
        "dvar": [5.32713748669e-08, 4.32844717579e-05, 0.000110222121293, 0.000104088278022, 9.18537716643e-06, 2.89077033813e-05, 1.2166194665e-06, 4.10853272115e-06, 1.28087128815e-06, 1.80650636139e-06, 5.90252852817e-07, 4.41431183162e-07, 1.23084376469e-07, 4.03610243893e-07, 6.29388352991e-07, 3.82219269568e-08, 1.02488728615e-08, 4.55360904539e-08, 3.44043797895e-08, 1.35718394745e-07, 4.6472592885e-08, 2.71100191185e-07, 6.76364663832e-07, 4.07997873708e-07, 4.62769946807e-07, 4.10275546869e-08, 1.90132221078e-09],
        "dvar2": [1.33112379785e-07, 0.000115792186989, 0.000294319994282, 0.000310736766551, 2.63463098236e-05, 6.30493450444e-05, 3.09219899464e-06, 6.51755954095e-06, 1.98622433345e-06, 3.875828952e-06, 1.30611977056e-06, 1.0165842923e-06, 2.92007825919e-07, 7.69208099882e-07, 1.08750725758e-06, 9.81545440482e-08, 2.8334422808e-08, 1.29706066332e-07, 9.85312169632e-08, 3.8687053916e-07, 1.29867629539e-07, 7.7289547562e-07, 1.9281681034e-06, 1.14477734314e-06, 1.31055446673e-06, 1.05599568201e-07, 5.28396393307e-09],
        "max": [0.00309339095838, 0.0410432182252, 0.0655514746904, 0.0654779151082, 0.0263561829925, 0.0592243038118, 0.010905418545, 0.0439812317491, 0.0189185999334, 0.0179642103612, 0.0122353844345, 0.00890905130655, 0.00635802047327, 0.0119936624542, 0.0163673292845, 0.00282290857285, 0.00104168767575, 0.00209411024116, 0.00151014875155, 0.00255509768613, 0.00192142592277, 0.00337115582079, 0.00609438121319, 0.00330365099944, 0.00395529903471, 0.00117693445645, 0.000268335366854],
        "mean": [0.0002396828786, 0.0061110118404, 0.00446560559794, 0.00267865415663, 0.00192580476869, 0.00371932401322, 0.00126818299759, 0.00182853930164, 0.00103314348962, 0.001908255741, 0.00060248473892, 0.00060956494417, 0.000341517064953, 0.000458920956589, 0.000475245789858, 0.000158886876306, 0.000129206571728, 0.000150942461914, 0.000136685164762, 0.000157463422511, 0.000123176345369, 0.000208156125154, 0.000293749995762, 0.000263460446149, 0.000242505833739, 0.000105349732621, 1.14186996143e-05],
        "median": [0.00010262845899, 0.00339986057952, 0.00102589069866, 0.00059448229149, 0.00105477334, 0.00136337720323, 0.000779111578595, 0.00075222295709, 0.000381628022296, 0.0010159437079, 0.000212101236684, 0.000289712392259, 0.000189717044123, 0.000184587857802, 0.000197179877432, 9.71168337855e-05, 0.000100740209746, 0.000102918573248, 9.6457755717e-05, 7.22626718925e-05, 6.33353920421e-05, 6.22223888058e-05, 4.80118396808e-05, 3.23036802001e-05, 2.08838537219e-05, 6.69143128107e-06, 7.25600386886e-07],
        "min": [6.95327787753e-25, 5.19797253187e-24, 1.44544009183e-24, 1.50583784653e-24, 9.95834577582e-24, 8.05292562332e-24, 8.82992758256e-24, 1.66840231813e-23, 1.61329659737e-23, 1.60174483382e-23, 1.46037180881e-23, 2.46448776929e-23, 2.62680221143e-23, 3.49150152195e-23, 7.52287041736e-23, 6.55653095459e-23, 8.00198287933e-23, 8.06969617508e-23, 1.23812337541e-22, 2.15310963408e-22, 2.13686137135e-22, 3.17130313296e-22, 3.69237516959e-22, 6.59211249416e-22, 9.30989053125e-22, 1.35440505743e-21, 2.09041990555e-21],
        "var": [1.19153320099e-07, 5.76395214011e-05, 9.53496273723e-05, 6.11780633335e-05, 7.86433520261e-06, 3.45092084899e-05, 2.15353043131e-06, 1.46919819599e-05, 4.11058454119e-06, 5.85081761528e-06, 1.0478712511e-06, 8.21460616862e-07, 2.13991384612e-07, 8.82716335582e-07, 1.21269908959e-06, 4.59568418876e-08, 1.44161740323e-08, 3.79904108172e-08, 3.0230982162e-08, 9.81989884963e-08, 3.86664424923e-08, 1.74737962766e-07, 4.26219031624e-07, 2.87893840323e-07, 3.01543195746e-07, 4.34825331297e-08, 1.23767607274e-09]
    },
    "erbbands": {
        "dmean": [0.0804927647114, 0.939546585083, 3.61017823219, 10.0426435471, 7.4406785965, 3.16516780853, 3.22371554375, 39.6726913452, 18.2373886108, 12.6772069931, 18.8827152252, 13.6378993988, 15.5899391174, 26.0849475861, 16.3059024811, 11.8115530014, 10.8014850616, 9.109623909, 23.3750724792, 8.82266044617, 5.27983427048, 4.22923755646, 5.08679151535, 3.77512168884, 6.55793857574, 5.39688777924, 3.58155345917, 5.50094556808, 8.37641239166, 7.76873826981, 10.3461122513, 6.51480340958, 5.44342041016, 4.17512893677, 1.65307176113, 0.594404995441, 0.179811030626, 0.0410627946258, 0.00269020465203, 6.99149240972e-05],
        "dmean2": [0.101799741387, 1.55257928371, 5.42186307907, 19.0224132538, 13.5917787552, 5.26062726974, 4.78262376785, 62.1459732056, 27.9393119812, 19.9733829498, 27.4520072937, 18.6777687073, 24.159992218, 39.7164764404, 25.1395988464, 18.5000457764, 17.5841197968, 14.919503212, 34.3607063293, 14.350440979, 8.47313213348, 7.05960559845, 8.79378700256, 6.36308526993, 11.7140359879, 9.17949676514, 6.07489442825, 10.030046463, 15.3370008469, 13.8452444077, 18.6570854187, 11.0634851456, 9.76558303833, 7.72665500641, 2.85352182388, 0.995633125305, 0.27495470643, 0.0715273022652, 0.00463945465162, 0.000111111417937],
        "dvar": [0.0182900764048, 3.00536036491, 73.8748474121, 806.808776855, 467.606872559, 39.7236175537, 23.1297798157, 3915.62207031, 661.094848633, 329.739471436, 2818.09912109, 996.860839844, 757.98638916, 1595.35754395, 687.843139648, 426.768066406, 319.843109131, 338.13684082, 2432.7512207, 369.797454834, 79.5600891113, 41.480178833, 120.58190918, 46.5691642761, 240.795806885, 177.505203247, 57.7747306824, 202.446594238, 491.316009521, 242.55090332, 688.976196289, 185.282058716, 158.544876099, 89.3946456909, 13.5765628815, 1.53728926182, 0.122921049595, 0.00966465007514, 4.58384856756e-05, 1.7881960801e-08],
        "dvar2": [0.0359543189406, 8.43156337738, 182.526275635, 2421.64013672, 1349.93066406, 108.893455505, 46.5202674866, 8687.703125, 1379.77978516, 775.811279297, 4128.03320312, 1505.59411621, 1714.49499512, 3526.35571289, 1549.08325195, 961.353088379, 751.64666748, 749.186767578, 4041.3840332, 914.705688477, 201.397109985, 114.402984619, 345.412902832, 129.443084717, 698.968811035, 499.093109131, 157.473678589, 578.25793457, 1415.89001465, 687.265808105, 1977.69396973, 515.363891602, 452.074066162, 251.7056427, 38.1522674561, 4.17497777939, 0.308653771877, 0.0263972133398, 0.000126112572616, 4.82484523445e-08],
        "max": [1.01428496838, 12.0129394531, 57.4614601135, 165.490386963, 161.452545166, 54.1197052002, 76.0486984253, 686.153686523, 223.525558472, 240.913345337, 1207.20935059, 533.491577148, 412.474609375, 528.818237305, 372.83883667, 297.305755615, 327.432220459, 360.409515381, 1001.00244141, 330.734680176, 100.450462341, 68.8279190063, 100.657302856, 65.9018249512, 109.074691772, 96.5549087524, 64.1807937622, 106.300010681, 149.571380615, 100.422737122, 198.579864502, 72.5090713501, 67.8506088257, 54.0176734924, 21.3428020477, 6.77758455276, 2.2001478672, 0.574467241764, 0.0414236113429, 0.000836868828628],
        "mean": [0.148967757821, 1.48038506508, 4.87226724625, 7.77337169647, 7.57708787918, 5.80429887772, 7.35631036758, 40.5694580078, 25.4030189514, 25.3982791901, 41.2508277893, 27.804933548, 31.9639720917, 58.1499900818, 28.3650379181, 20.8572597504, 18.0777492523, 15.4816350937, 36.2460632324, 12.9301605225, 8.67337226868, 7.77111673355, 8.16463279724, 6.64827489853, 8.18268966675, 6.80498886108, 5.15673017502, 5.54591274261, 7.61046361923, 7.5791516304, 8.69134998322, 5.92059755325, 4.48056221008, 3.15773749352, 1.43460869789, 0.571297228336, 0.17923912406, 0.0304467808455, 0.0020911199972, 8.6395724793e-05],
        "median": [0.0932824611664, 0.757215738297, 1.77684557438, 1.77114295959, 3.18785357475, 3.14190459251, 4.22358560562, 13.5541772842, 13.755525589, 15.6098604202, 15.5168132782, 8.8809261322, 19.1218891144, 30.8989162445, 14.2255144119, 11.4080705643, 10.3918046951, 7.99893188477, 16.0177955627, 6.62555646896, 5.49968957901, 5.95016145706, 5.73617124557, 5.0714173317, 4.69820165634, 3.38937401772, 2.82389307022, 2.2707195282, 2.14836144447, 2.0277466774, 1.29368746281, 0.837319731712, 0.4550332129, 0.261444687843, 0.11517727375, 0.0395487844944, 0.0114262485877, 0.00163718650583, 0.000163638513186, 4.67458994535e-05],
        "min": [9.16371182872e-23, 9.51253261571e-22, 2.58313157223e-21, 9.44799314089e-21, 2.11024453293e-20, 2.65917935888e-20, 3.19768056156e-20, 7.05258649283e-20, 1.05801169559e-19, 2.12906583224e-19, 4.57109105484e-19, 4.97677403144e-19, 6.4098427292e-19, 4.8415253484e-19, 1.29220707727e-18, 8.47294129533e-19, 1.24538544927e-18, 2.03313674017e-18, 3.3992983137e-18, 4.41152501954e-18, 3.46934065924e-18, 4.44839370021e-18, 5.6213064439e-18, 8.13861102176e-18, 7.25772157203e-18, 1.09610133103e-17, 8.2020532932e-18, 1.10582947135e-17, 8.80127616382e-18, 1.31301240675e-17, 1.09770283542e-17, 9.84405064969e-18, 9.83359591392e-18, 8.55290277719e-18, 6.66359702911e-18, 4.44968451556e-18, 2.59755081664e-18, 1.04449409096e-18, 2.70282324977e-19, 2.84499304347e-20],
        "var": [0.0296318847686, 3.80739045143, 79.0333328247, 490.339294434, 295.207000732, 54.8609390259, 81.857131958, 4473.09667969, 979.933898926, 845.373168945, 10363.8710938, 3308.34301758, 1525.99365234, 5570.29003906, 1389.69934082, 786.973327637, 566.949951172, 649.325012207, 5263.82177734, 467.093566895, 107.986053467, 53.5372276306, 102.752128601, 48.9824523926, 175.971084595, 140.94392395, 57.3771095276, 134.523025513, 301.510559082, 179.330673218, 419.842315674, 137.645217896, 101.19670105, 55.9394226074, 9.44912147522, 1.26850414276, 0.136408865452, 0.00694298837334, 3.28357964463e-05, 1.57816426594e-08]
    },
    "gfcc": {
        "mean": [3.98216676712, 89.3497314453, -107.23197937, 21.5191555023, -62.0651741028, 19.9389953613, -31.46118927, 10.8399801254, -18.5227031708, 5.4747505188, -12.626791954, 4.18783807755, -10.7968273163],
        "cov": [[13479.4541016, -765.868408203, 907.900817871, 709.817260742, -470.518920898, 644.066162109, -477.469268799, 277.494598389, -217.169937134, 160.237258911, -236.229507446, 37.6895332336, -245.789749146], [-765.868408203, 1387.01965332, -659.195983887, -34.8936424255, 125.718711853, -274.892242432, 183.025695801, -143.850265503, 138.542892456, -62.8511543274, 69.8713150024, -114.92074585, 99.0821762085], [907.900817871, -659.195983887, 748.631469727, 204.534835815, 66.2496643066, 225.115219116, -67.8644561768, 131.580718994, -52.8691520691, 77.5314483643, -35.3959770203, 84.2784423828, -78.6581878662], [709.817260742, -34.8936424255, 204.534835815, 412.797851562, 103.69758606, 155.677810669, 62.759727478, 55.5316390991, 2.23462438583, 24.9727306366, 3.7531452179, -20.1098499298, -10.829580307], [-470.518920898, 125.718711853, 66.2496643066, 103.69758606, 198.592681885, 56.5865097046, 104.629737854, 19.6432952881, 12.0478096008, 14.2689313889, 7.84243392944, 14.7936019897, -2.9172809124], [644.066162109, -274.892242432, 225.115219116, 155.677810669, 56.5865097046, 248.497680664, 43.6984710693, 80.6421051025, -35.4885292053, 12.2713241577, -36.6389198303, 10.9294719696, -29.4523582458], [-477.469268799, 183.025695801, -67.8644561768, 62.759727478, 104.629737854, 43.6984710693, 155.925888062, 33.6032829285, 36.222202301, -4.860496521, 18.1959857941, 5.46579837799, 20.9444007874], [277.494598389, -143.850265503, 131.580718994, 55.5316390991, 19.6432952881, 80.6421051025, 33.6032829285, 103.356048584, 3.37003540993, 33.6209907532, -8.98770904541, 36.982383728, -16.8733615875], [-217.169937134, 138.542892456, -52.8691520691, 2.23462438583, 12.0478096008, -35.4885292053, 36.222202301, 3.37003540993, 81.7652893066, 21.0056228638, 29.5156898499, -10.3075380325, 21.9170284271], [160.237258911, -62.8511543274, 77.5314483643, 24.9727306366, 14.2689313889, 12.2713241577, -4.860496521, 33.6209907532, 21.0056228638, 72.8558959961, 25.3092384338, 37.1947212219, -8.75345516205], [-236.229507446, 69.8713150024, -35.3959770203, 3.7531452179, 7.84243392944, -36.6389198303, 18.1959857941, -8.98770904541, 29.5156898499, 25.3092384338, 69.9909057617, 27.6703166962, 18.6677684784], [37.6895332336, -114.92074585, 84.2784423828, -20.1098499298, 14.7936019897, 10.9294719696, 5.46579837799, 36.982383728, -10.3075380325, 37.1947212219, 27.6703166962, 96.9532318115, 7.92731380463], [-245.789749146, 99.0821762085, -78.6581878662, -10.829580307, -2.9172809124, -29.4523582458, 20.9444007874, -16.8733615875, 21.9170284271, -8.75345516205, 18.6677684784, 7.92731380463, 54.9354438782]],
        "icov": [[0.000196537876036, -0.000412704364862, -3.29284484906e-05, -0.00038307585055, 0.000818814092781, -0.000757328758482, 0.000782447401434, -0.00015682457888, 7.92739683675e-06, -0.000271309720119, 0.000586418027524, -0.000756310124416, 0.000655483745504], [-0.000412704364862, 0.00317716225982, 0.00132693443447, 0.000209808495129, -0.00327543960884, 0.00342354876921, -0.00284941866994, 0.00100694736466, -0.00133115984499, 0.000703323632479, -0.00114961946383, 0.00278272316791, -0.0019461606862], [-3.29284484906e-05, 0.00132693443447, 0.00431260280311, -0.00131743017118, -0.00287082185969, -0.000847443181556, 0.00355636351742, -0.00177005876321, -0.00211965991184, 0.000611529976595, 0.000571987417061, -0.00220964499749, 0.00193585047964], [-0.00038307585055, 0.000209808495129, -0.00131743017118, 0.005236745812, -0.00245792977512, -0.000603649357799, -0.00182621390559, -0.000846594281029, 0.00169378658757, -0.000802641385235, -0.00378972664475, 0.00533327134326, -0.00324974255636], [0.000818814092781, -0.00327543960884, -0.00287082185969, -0.00245792977512, 0.0154795255512, -0.00349581125192, -0.00596867268905, 0.00460420828313, 0.00186282547656, -0.00448204437271, 0.00489704310894, -0.0055151511915, 0.00528804864734], [-0.000757328758482, 0.00342354876921, -0.000847443181556, -0.000603649357799, -0.00349581125192, 0.0135353505611, -0.00802791211754, -0.00176453765016, 0.00316103245132, 0.000131884822622, 0.00030271752621, 0.00557855889201, -0.00345380138606], [0.000782447401434, -0.00284941866994, 0.00355636351742, -0.00182621390559, -0.00596867268905, -0.00802791211754, 0.0248278360814, -0.0103601934388, -0.00603273371235, 0.00709131266922, -0.00202407012694, -0.00566178932786, 0.00114491116256], [-0.00015682457888, 0.00100694736466, -0.00177005876321, -0.000846594281029, 0.00460420828313, -0.00176453765016, -0.0103601934388, 0.0242807138711, -0.00444430904463, -0.0062720743008, 0.0077378177084, -0.00722052063793, 0.00467327190563], [7.92739683675e-06, -0.00133115984499, -0.00211965991184, 0.00169378658757, 0.00186282547656, 0.00316103245132, -0.00603273371235, -0.00444430904463, 0.0261952597648, -0.0110743297264, -0.00656291143969, 0.0116668539122, -0.00920498464257], [-0.000271309720119, 0.000703323632479, 0.000611529976595, -0.000802641385235, -0.00448204437271, 0.000131884822622, 0.00709131266922, -0.0062720743008, -0.0110743297264, 0.0295031946152, -0.00794277247041, -0.00784856639802, 0.00638850638643], [0.000586418027524, -0.00114961946383, 0.000571987417061, -0.00378972664475, 0.00489704310894, 0.00030271752621, -0.00202407012694, 0.0077378177084, -0.00656291143969, -0.00794277247041, 0.0292447209358, -0.0126185277477, 0.0015756781213], [-0.000756310124416, 0.00278272316791, -0.00220964499749, 0.00533327134326, -0.0055151511915, 0.00557855889201, -0.00566178932786, -0.00722052063793, 0.0116668539122, -0.00784856639802, -0.0126185277477, 0.029193110764, -0.0137064214796], [0.000655483745504, -0.0019461606862, 0.00193585047964, -0.00324974255636, 0.00528804864734, -0.00345380138606, 0.00114491116256, 0.00467327190563, -0.00920498464257, 0.00638850638643, 0.0015756781213, -0.0137064214796, 0.0323380418122]]
    },
    "melbands": {
        "dmean": [0.000832297431771, 0.00148135004565, 0.00162836106028, 0.000359708530596, 9.73073401838e-05, 0.000807498232462, 0.000274056277703, 0.000151773740072, 0.000145022684592, 7.64142096159e-05, 8.49969146657e-05, 0.000116337490908, 6.17090190644e-05, 4.81145361846e-05, 2.66122133326e-05, 1.83842821571e-05, 1.85175176739e-05, 4.05911268899e-05, 1.70670264197e-05, 8.8696478997e-06, 5.80879486733e-06, 4.41554402641e-06, 4.90167349199e-06, 5.16772161063e-06, 2.78273728327e-06, 4.4956173042e-06, 5.58066858503e-06, 3.19390665027e-06, 2.76065429716e-06, 1.52112409069e-06, 3.908445251e-06, 5.20896492162e-06, 3.80660412702e-06, 4.49951630799e-06, 6.02884665568e-06, 5.10254085384e-06, 3.74346996068e-06, 3.42230941897e-06, 3.79018251806e-06, 3.53030122824e-06],
        "dmean2": [0.00123262417037, 0.00233624363318, 0.00305939349346, 0.000633799587376, 0.000146287798998, 0.00126019364689, 0.000418066221755, 0.000243889531703, 0.000206096388865, 0.000106374100142, 0.000131767184939, 0.000176729881787, 9.41592952586e-05, 7.60547263781e-05, 4.24505306e-05, 2.99465846183e-05, 3.01014970319e-05, 5.95391102252e-05, 2.6854175303e-05, 1.47235969052e-05, 9.42422775552e-06, 7.41261965231e-06, 8.444823834e-06, 8.9861368906e-06, 4.64782215204e-06, 7.9253459262e-06, 1.00893721537e-05, 5.33712000106e-06, 4.70813120046e-06, 2.56105431617e-06, 7.20841853763e-06, 9.57350766839e-06, 6.8797453423e-06, 8.13822771306e-06, 1.10455221147e-05, 9.03151430975e-06, 6.35737342236e-06, 6.03193120696e-06, 7.07822437107e-06, 6.50059746476e-06],
        "dvar": [2.16770763473e-06, 1.05925937532e-05, 2.08127294172e-05, 8.89133843884e-07, 2.18817053366e-08, 1.60150318607e-06, 1.46437272974e-07, 4.27351345422e-08, 1.64159416727e-07, 2.83987589e-08, 2.25251124419e-08, 3.13009920205e-08, 1.23824248632e-08, 8.24676771316e-09, 1.44892331466e-09, 9.3954555247e-10, 1.40252265357e-09, 6.50703269045e-09, 1.32638799943e-09, 4.32765712155e-10, 9.73393865511e-11, 4.20939706702e-11, 9.69141433771e-11, 1.0497427233e-10, 2.05960404981e-11, 9.14492509496e-11, 2.15802459236e-10, 5.8361385169e-11, 3.83865057796e-11, 7.08512372036e-12, 1.13376183442e-10, 2.15505557843e-10, 5.77179658234e-11, 8.30578453237e-11, 2.5569252271e-10, 1.32872171599e-10, 5.8704874295e-11, 5.42758199495e-11, 8.06211486459e-11, 6.26163912387e-11],
        "dvar2": [4.78971287521e-06, 2.53998532571e-05, 6.15480530541e-05, 2.54907808994e-06, 4.37015295063e-08, 3.50455638909e-06, 3.0842792853e-07, 1.00814524728e-07, 2.38955209397e-07, 4.3423888485e-08, 5.08919164588e-08, 6.80247111973e-08, 2.70818070192e-08, 1.88093718378e-08, 3.2281974871e-09, 2.27248930784e-09, 3.16932191602e-09, 1.07526672011e-08, 2.50130027801e-09, 1.11230491484e-09, 2.52224491293e-10, 1.13908271704e-10, 2.8138019692e-10, 2.97772223545e-10, 5.64218290144e-11, 2.63810612244e-10, 6.24204465893e-10, 1.61209823268e-10, 1.0691737079e-10, 1.83939200676e-11, 3.25080823371e-10, 6.26154683658e-10, 1.61422430978e-10, 2.34143149314e-10, 7.34465377406e-10, 3.74515612966e-10, 1.61145832789e-10, 1.53643084366e-10, 2.2853570425e-10, 1.75632758337e-10],
        "max": [0.0101010063663, 0.0218508802354, 0.0272820163518, 0.00772870425135, 0.00230050995015, 0.0138421384618, 0.00340092461556, 0.0022794243414, 0.00910290144384, 0.00286344601773, 0.00223368615843, 0.00236318120733, 0.00177876546513, 0.00121966085862, 0.000627816421911, 0.000411891494878, 0.000704133417457, 0.00147058931179, 0.000672301161103, 0.000317319267197, 0.00011773447477, 6.6701490141e-05, 0.000108766813355, 0.000114803944598, 4.39617251686e-05, 8.07160758995e-05, 9.78817261057e-05, 5.82725187996e-05, 5.7287121308e-05, 2.63690853899e-05, 8.43001107569e-05, 0.000105895269371, 4.3509156967e-05, 6.0608574131e-05, 0.000130976201035, 6.87919891789e-05, 4.15020112996e-05, 4.2716950702e-05, 4.91557657369e-05, 4.6094020945e-05],
        "mean": [0.00152945646551, 0.00240912707523, 0.00136781868059, 0.000479705166072, 0.000241011599428, 0.000841917179059, 0.000390235538362, 0.000310094357701, 0.000322366337059, 0.000147755345097, 0.00016980082728, 0.000260768138105, 9.86009981716e-05, 7.193213969e-05, 4.71568419016e-05, 2.98132708849e-05, 2.86628801405e-05, 6.25187894912e-05, 2.50870616583e-05, 1.24628895719e-05, 9.12144514587e-06, 7.65320146456e-06, 7.71433678892e-06, 7.43692453398e-06, 4.89559033667e-06, 6.02070485911e-06, 5.96445670453e-06, 4.09201493312e-06, 3.5717719129e-06, 2.44195825871e-06, 3.47918262378e-06, 4.48361288363e-06, 3.83831320505e-06, 4.28716339229e-06, 5.04770878251e-06, 4.32537080997e-06, 3.45870193996e-06, 2.951374654e-06, 2.93571883958e-06, 2.61480886365e-06],
        "median": [0.000890195951797, 0.00113252387382, 0.000403936923249, 0.000241963163717, 0.000143572193338, 0.000289422809146, 0.000218950954149, 0.00018861508579, 0.000113952017273, 4.92681465403e-05, 9.61534606176e-05, 0.000136694477987, 3.94272101403e-05, 2.63598067249e-05, 2.80086878774e-05, 1.57933136506e-05, 1.35232367029e-05, 2.71351564152e-05, 1.17564195534e-05, 6.84513179294e-06, 5.67456299905e-06, 5.78175422561e-06, 5.10383188157e-06, 4.90409456688e-06, 3.75425065613e-06, 3.72564431927e-06, 2.79949722426e-06, 1.95180450646e-06, 1.82972667062e-06, 1.36119763283e-06, 1.23350014292e-06, 1.14971010134e-06, 1.15532589007e-06, 1.00338058928e-06, 7.44445685541e-07, 6.35178480479e-07, 4.39526615992e-07, 3.18699932222e-07, 2.67184162794e-07, 1.987543925e-07],
        "min": [1.6474536632e-24, 1.4165224232e-24, 1.72990964514e-24, 1.94671544316e-24, 1.04714392496e-24, 1.74306823947e-24, 1.82069905507e-24, 1.94584434351e-24, 3.55964372138e-24, 2.72529946294e-24, 2.90308386186e-24, 1.65037649146e-24, 3.17619894573e-24, 2.33574910111e-24, 2.60032732948e-24, 2.82881241042e-24, 3.4662516621e-24, 4.01980403676e-24, 6.03327762289e-24, 4.98847040254e-24, 3.81562869069e-24, 4.38894873635e-24, 5.02049657757e-24, 3.34877094622e-24, 5.67186336575e-24, 4.21782705663e-24, 6.78101915343e-24, 6.47739881835e-24, 4.60980730727e-24, 5.4058334361e-24, 6.22438036047e-24, 3.70924330344e-24, 6.06525409968e-24, 7.34152533697e-24, 5.66847284158e-24, 6.47217853131e-24, 5.91926513398e-24, 6.66703664123e-24, 6.83745741803e-24, 6.63841282328e-24],
        "var": [3.42168891621e-06, 1.34925485327e-05, 1.30786811496e-05, 6.60761827476e-07, 8.29376958222e-08, 1.86692625448e-06, 2.21171916337e-07, 1.19447761904e-07, 6.0829256654e-07, 9.22417342508e-08, 4.59334579261e-08, 1.12228654814e-07, 2.32809806988e-08, 1.51981680574e-08, 3.07998826443e-09, 1.59251400955e-09, 2.59807886316e-09, 1.45861056566e-08, 2.45657183484e-09, 4.80306960871e-10, 1.27711050069e-10, 5.46498540865e-11, 8.85443732224e-11, 9.10879358051e-11, 2.44578454711e-11, 7.45317557671e-11, 1.43172848577e-10, 5.03518234052e-11, 3.37253905358e-11, 1.00112270904e-11, 7.06438657572e-11, 1.2839777852e-10, 4.26496164774e-11, 6.11222808478e-11, 1.52836965306e-10, 8.75893593766e-11, 4.57462817627e-11, 3.77033543275e-11, 4.90107537887e-11, 3.95162860767e-11]
    },
    "mfcc": {
        "mean": [-638.379821777, 122.71245575, 9.34694194794, 10.5733184814, -2.94862556458, 6.42326593399, -1.02302336693, 6.58113670349, -1.04239714146, 5.42403793335, 1.40755236149, -1.02536296844, 2.22090959549],
        "cov": [[6790.62207031, -495.022155762, 1042.77319336, 46.2720947266, 344.540893555, 154.834014893, 103.008903503, 59.5194892883, 13.8795804977, 120.633651733, 10.7856826782, -41.9168739319, 13.152089119], [-495.022155762, 1204.18811035, -549.099914551, 112.156593323, -179.135177612, -37.7931900024, -97.7385559082, -47.5653266907, -2.8157544136, 7.56795549393, 6.63021564484, 4.56265687943, -18.3365974426], [1042.77319336, -549.099914551, 560.367248535, 13.3079328537, 195.327270508, 58.5206031799, 73.6766433716, 47.7470703125, 21.0114364624, 20.0217323303, 19.1577339172, 15.461523056, 29.6220817566], [46.2720947266, 112.156593323, 13.3079328537, 270.955352783, 72.1424026489, 88.6162567139, 66.2874526978, 35.0707015991, 37.541103363, 18.5207996368, 31.2327213287, 49.4664535522, 14.7484312057], [344.540893555, -179.135177612, 195.327270508, 72.1424026489, 150.040466309, 78.5511627197, 69.3546981812, 37.6011428833, 19.1927700043, 17.9151287079, 16.9064292908, 8.44106769562, 13.563826561], [154.834014893, -37.7931900024, 58.5206031799, 88.6162567139, 78.5511627197, 141.472839355, 95.3410263062, 60.9634971619, 36.1139755249, 36.337677002, 19.3609275818, 1.72580862045, -2.94747138023], [103.008903503, -97.7385559082, 73.6766433716, 66.2874526978, 69.3546981812, 95.3410263062, 131.206939697, 85.0922317505, 35.9980621338, 24.8429756165, 17.6759185791, 8.22119522095, 10.453537941], [59.5194892883, -47.5653266907, 47.7470703125, 35.0707015991, 37.6011428833, 60.9634971619, 85.0922317505, 101.057472229, 47.4809150696, 23.155008316, 12.1703052521, 4.33847045898, 13.2705774307], [13.8795804977, -2.8157544136, 21.0114364624, 37.541103363, 19.1927700043, 36.1139755249, 35.9980621338, 47.4809150696, 71.9559326172, 37.0094566345, 7.09482574463, 5.78646707535, 3.96977472305], [120.633651733, 7.56795549393, 20.0217323303, 18.5207996368, 17.9151287079, 36.337677002, 24.8429756165, 23.155008316, 37.0094566345, 62.1353721619, 19.9686737061, -2.60440635681, -5.10461139679], [10.7856826782, 6.63021564484, 19.1577339172, 31.2327213287, 16.9064292908, 19.3609275818, 17.6759185791, 12.1703052521, 7.09482574463, 19.9686737061, 54.8845977783, 29.5111408234, 9.20492172241], [-41.9168739319, 4.56265687943, 15.461523056, 49.4664535522, 8.44106769562, 1.72580862045, 8.22119522095, 4.33847045898, 5.78646707535, -2.60440635681, 29.5111408234, 72.8433456421, 38.7684783936], [13.152089119, -18.3365974426, 29.6220817566, 14.7484312057, 13.563826561, -2.94747138023, 10.453537941, 13.2705774307, 3.96977472305, -5.10461139679, 9.20492172241, 38.7684783936, 57.7003898621]],
