{
"lowlevel": {
    "average_loudness": 0.973388433456,
    "barkbands_crest": {
        "dmean": 3.14549684525,
        "dmean2": 3.9285595417,
        "dvar": 5.92684650421,
        "dvar2": 11.4202098846,
        "max": 25.7165737152,
        "mean": 11.8938007355,
        "median": 9.99293899536,
        "min": 1.86576938629,
        "var": 42.8320808411
    },
    "barkbands_flatness_db": {
        "dmean": 0.0352894887328,
        "dmean2": 0.0435188338161,
        "dvar": 0.00103158061393,
        "dvar2": 0.00173374393489,
        "max": 0.5338717103,
        "mean": 0.130120798945,
        "median": 0.108928270638,
        "min": 0.0110973119736,
        "var": 0.00691314134747
    },
    "barkbands_kurtosis": {
        "dmean": 13.4934949875,
        "dmean2": 18.5950317383,
        "dvar": 1035.40039062,
        "dvar2": 2199.55493164,
        "max": 665.065429688,
        "mean": 18.1974525452,
        "median": 4.26477479935,
        "min": -1.60115325451,
        "var": 1885.5168457
    },
    "barkbands_skewness": {
        "dmean": 1.08250439167,
        "dmean2": 1.35996592045,
        "dvar": 1.47829008102,
        "dvar2": 2.74791193008,
        "max": 22.8752326965,
        "mean": 2.74285650253,
        "median": 1.96543002129,
        "min": -2.83359050751,
        "var": 6.77722501755
    },
    "barkbands_spread": {
        "dmean": 7.76524925232,
        "dmean2": 11.4199647903,
        "dvar": 73.1800613403,
        "dvar2": 182.108032227,
        "max": 86.8204956055,
        "mean": 20.4838008881,
        "median": 18.2154865265,
        "min": 0.120357215405,
        "var": 197.518707275
    },
    "dissonance": {
        "dmean": 0.0168930198997,
        "dmean2": 0.0281283631921,
        "dvar": 0.000220415196964,
        "dvar2": 0.000582387670875,
        "max": 0.500000059605,
        "mean": 0.4697445333,
        "median": 0.474079012871,
        "min": 0.321784466505,
        "var": 0.00041983378469
    },
    "dynamic_complexity": 3.01823544502,
    "erbbands_crest": {
        "dmean": 2.62258839607,
        "dmean2": 4.3010931015,
        "dvar": 6.19583320618,
        "dvar2": 15.459107399,
        "max": 29.5092582703,
        "mean": 7.4475440979,
        "median": 6.38040685654,
        "min": 2.10191369057,
        "var": 14.8321456909
    },
    "erbbands_flatness_db": {
        "dmean": 0.0163841601461,
        "dmean2": 0.0239784959704,
        "dvar": 0.000255629594903,
        "dvar2": 0.000492918246891,
        "max": 0.357665807009,
        "mean": 0.11258443445,
        "median": 0.104498744011,
        "min": 0.0489788837731,
        "var": 0.00129524827935
    },
    "erbbands_kurtosis": {
        "dmean": 0.672967731953,
        "dmean2": 1.08756971359,
        "dvar": 0.772538840771,
        "dvar2": 1.95364975929,
        "max": 23.7757282257,
        "mean": -0.0360126160085,
        "median": -0.296277046204,
        "min": -1.85951149464,
        "var": 1.48925960064
    },
    "erbbands_skewness": {
        "dmean": 0.342289686203,
        "dmean2": 0.550321519375,
        "dvar": 0.101984597743,
        "dvar2": 0.257306456566,
        "max": 4.48055839539,
        "mean": 0.411315351725,
        "median": 0.381089359522,
        "min": -1.86305832863,
        "var": 0.271355837584
    },
    "erbbands_spread": {
        "dmean": 11.7798070908,
        "dmean2": 17.0284671783,
        "dvar": 149.43572998,
        "dvar2": 275.733856201,
        "max": 163.336151123,
        "mean": 48.3124961853,
        "median": 43.698299408,
        "min": 5.00869560242,
        "var": 492.352355957
    },
    "hfc": {
        "dmean": 10.798871994,
        "dmean2": 16.6638050079,
        "dvar": 231.336639404,
        "dvar2": 541.727172852,
        "max": 161.532501221,
        "mean": 27.6171760559,
        "median": 20.0236587524,
        "min": 1.110790272e-16,
        "var": 547.726074219
    },
    "melbands_crest": {
        "dmean": 4.84224462509,
        "dmean2": 6.70155477524,
        "dvar": 12.8089361191,
        "dvar2": 28.5642871857,
        "max": 36.5899047852,
        "mean": 17.9151325226,
        "median": 16.0484237671,
        "min": 1.90069496632,
        "var": 75.5400924683
    },
    "melbands_flatness_db": {
        "dmean": 0.0434370748699,
        "dmean2": 0.0541640482843,
        "dvar": 0.00167361018248,
        "dvar2": 0.00318034226075,
        "max": 0.672729730606,
        "mean": 0.215996459126,
        "median": 0.197140917182,
        "min": 0.00417316658422,
        "var": 0.010713821277
    },
    "melbands_kurtosis": {
        "dmean": 26.3288593292,
        "dmean2": 35.7121543884,
        "dvar": 2236.48706055,
        "dvar2": 4124.74853516,
        "max": 1114.46484375,
        "mean": 43.4072685242,
        "median": 12.9242782593,
        "min": -1.50911092758,
        "var": 5872.47558594
    },
    "melbands_skewness": {
        "dmean": 1.39027655125,
        "dmean2": 1.85625851154,
        "dvar": 2.25089406967,
        "dvar2": 3.52935934067,
        "max": 22.3759860992,
        "mean": 4.24477005005,
        "median": 2.98774218559,
        "min": -1.72919666767,
        "var": 11.2687749863
    },
    "melbands_spread": {
        "dmean": 8.59359169006,
        "dmean2": 13.6615943909,
        "dvar": 139.565063477,
        "dvar2": 359.672180176,
        "max": 154.939819336,
        "mean": 19.798538208,
        "median": 14.1848077774,
        "min": 0.168857261539,
        "var": 343.926452637
    },
    "pitch_salience": {
        "dmean": 0.101774059236,
        "dmean2": 0.138822317123,
        "dvar": 0.00785228703171,
        "dvar2": 0.012832400389,
        "max": 0.876656115055,
        "mean": 0.490338981152,
        "median": 0.545578598976,
        "min": 0.0396312475204,
        "var": 0.0419687740505
    },
    "silence_rate_20dB": {
        "dmean": 0,
        "dmean2": 0,
        "dvar": 0,
        "dvar2": 0,
        "max": 1,
        "mean": 1,
        "median": 1,
        "min": 1,
        "var": 0
    },
    "silence_rate_30dB": {
        "dmean": 0.10105496645,
        "dmean2": 0.202128648758,
        "dvar": 0.0908369123936,
        "dvar2": 0.164613232017,
        "max": 1,
        "mean": 0.744795024395,
        "median": 1,
        "min": 0,
        "var": 0.190092608333
    },
    "silence_rate_60dB": {
        "dmean": 0.000740329443943,
        "dmean2": 0.00148079590872,
        "dvar": 0.000739711278584,
        "dvar2": 0.00166342279408,
        "max": 1,
        "mean": 0.0371055789292,
        "median": 0,
        "min": 0,
        "var": 0.0357289128006
    },
    "spectral_centroid": {
        "dmean": 318.367431641,
        "dmean2": 533.084594727,
        "dvar": 150454.859375,
        "dvar2": 382466.09375,
        "max": 11903.9306641,
        "mean": 1299.27307129,
        "median": 1200.83093262,
        "min": 106.466209412,
        "var": 578341.5625
    },
    "spectral_complexity": {
        "dmean": 5.2548584938,
        "dmean2": 8.19565010071,
        "dvar": 33.3559761047,
        "dvar2": 71.2370605469,
        "max": 60,
        "mean": 22.0033302307,
        "median": 21,
        "min": 0,
        "var": 129.73928833
    },
    "spectral_decrease": {
        "dmean": 7.64581642443e-09,
        "dmean2": 1.04313313543e-08,
        "dvar": 8.94973159184e-17,
        "dvar2": 2.07404130123e-16,
        "max": 4.68565091678e-19,
        "mean": -1.58914268411e-08,
        "median": -8.93850149453e-09,
        "min": -7.76697817173e-08,
        "var": 2.4797593627e-16
    },
    "spectral_energy": {
        "dmean": 0.0293284766376,
        "dmean2": 0.0400209277868,
        "dvar": 0.0012656126637,
        "dvar2": 0.00296695018187,
        "max": 0.295041322708,
        "mean": 0.0624827742577,
        "median": 0.0371180474758,
        "min": 1.00817386981e-20,
        "var": 0.00356495054439
    },
    "spectral_energyband_high": {
        "dmean": 0.000868573843036,
        "dmean2": 0.00135901453905,
        "dvar": 1.87586431366e-06,
        "dvar2": 4.27326040153e-06,
        "max": 0.0138170216233,
        "mean": 0.00158687564544,
        "median": 0.000760946364608,
        "min": 7.32139256537e-21,
        "var": 3.6375952277e-06
    },
    "spectral_energyband_low": {
        "dmean": 0.0275625158101,
        "dmean2": 0.0400779955089,
        "dvar": 0.00161159480922,
        "dvar2": 0.00357237667777,
        "max": 0.287218034267,
        "mean": 0.0444755405188,
        "median": 0.0132272643968,
        "min": 1.60280111857e-23,
        "var": 0.0038004454691
    },
    "spectral_energyband_middle_high": {
        "dmean": 0.00245912652463,
        "dmean2": 0.00422501238063,
        "dvar": 1.40192114486e-05,
        "dvar2": 3.7700872781e-05,
        "max": 0.0588930025697,
        "mean": 0.00499468669295,
        "median": 0.00342322140932,
        "min": 1.17103127292e-21,
        "var": 2.54629230767e-05
    },
    "spectral_energyband_middle_low": {
        "dmean": 0.0082439975813,
        "dmean2": 0.0139530533925,
        "dvar": 0.000188844234799,
        "dvar2": 0.00050524744438,
        "max": 0.106745667756,
        "mean": 0.0131001370028,
        "median": 0.00970080588013,
        "min": 1.7112468054e-22,
        "var": 0.00017114802904
    },
    "spectral_entropy": {
        "dmean": 0.187621995807,
        "dmean2": 0.282540917397,
        "dvar": 0.043715570122,
        "dvar2": 0.0951036661863,
        "max": 9.81640434265,
        "mean": 7.78591299057,
        "median": 7.87658691406,
        "min": 5.76085996628,
        "var": 0.166753813624
    },
    "spectral_flux": {
        "dmean": 0.041306167841,
        "dmean2": 0.0583618059754,
        "dvar": 0.001682856353,
        "dvar2": 0.00370889971964,
        "max": 0.437434852123,
        "mean": 0.132093459368,
        "median": 0.11916256696,
        "min": 6.59698823346e-11,
        "var": 0.00543932709843
    },
    "spectral_kurtosis": {
        "dmean": 1.0766119957,
        "dmean2": 1.59944558144,
        "dvar": 1.69095599651,
        "dvar2": 3.76333212852,
        "max": 24.8792247772,
        "mean": 3.86908698082,
        "median": 3.28680229187,
        "min": -1.2491350174,
        "var": 5.86407804489
    },
    "spectral_rms": {
        "dmean": 0.00160891993437,
        "dmean2": 0.00201302068308,
        "dvar": 2.15764066525e-06,
        "dvar2": 4.4622288442e-06,
        "max": 0.016966002062,
        "mean": 0.00696834828705,
        "median": 0.00601770123467,
        "min": 3.13621481215e-12,
        "var": 1.24010311993e-05
    },
    "spectral_rolloff": {
        "dmean": 602.520751953,
        "dmean2": 1008.07397461,
        "dvar": 886265.625,
        "dvar2": 2217788,
        "max": 19466.015625,
        "mean": 1212.03857422,
        "median": 689.0625,
        "min": 64.599609375,
        "var": 2310060.5
    },
    "spectral_skewness": {
        "dmean": 0.18661788106,
        "dmean2": 0.27700099349,
        "dvar": 0.0400069989264,
        "dvar2": 0.0849812030792,
        "max": 3.86667943001,
        "mean": 1.55495858192,
        "median": 1.49139773846,
        "min": -0.0997807085514,
        "var": 0.169426083565
    },
    "spectral_spread": {
        "dmean": 682696.0625,
        "dmean2": 961387.75,
        "dvar": 612519641088,
        "dvar2": 1.18299675853e+12,
        "max": 42275972,
        "mean": 5560804.5,
        "median": 5529862,
        "min": 1746832.5,
        "var": 3.71248280371e+12
    },
    "spectral_strongpeak": {
        "dmean": 0.47635486722,
        "dmean2": 0.781442701817,
        "dvar": 0.406974822283,
        "dvar2": 1.07717311382,
        "max": 9.94915771484,
        "mean": 0.748404800892,
        "median": 0.536168694496,
        "min": 0,
        "var": 0.59306538105
    },
    "zerocrossingrate": {
        "dmean": 0.0137885455042,
        "dmean2": 0.0165045391768,
        "dvar": 0.000186845150893,
        "dvar2": 0.000265413575107,
        "max": 0.51318359375,
        "mean": 0.057744871825,
        "median": 0.0517578125,
        "min": 0.001953125,
        "var": 0.00187987973914
    },
    "barkbands": {
        "dmean": [0.00155265058856, 0.02201455459, 0.00742222182453, 0.00391055596992, 0.00316363340244, 0.00128141883761, 0.000951523659751, 0.000842197041493, 0.000649719382636, 0.000715447182301, 0.000480494491057, 0.000449316343293, 0.00031548232073, 0.000406777922763, 0.000369794375729, 0.00031630625017, 0.000260248634731, 0.000265360285994, 0.000251136807492, 0.000188540463569, 0.000158519280376, 0.000187744881259, 0.000211172126001, 0.000175951747224, 9.93589346763e-05, 7.35404682928e-05, 2.11522456084e-05],
        "dmean2": [0.002032533288, 0.03059101291, 0.0115084946156, 0.00706310989335, 0.00543524231762, 0.00206402386539, 0.00154731713701, 0.00133234355599, 0.00107653497253, 0.00117830769159, 0.000805199379101, 0.000760532624554, 0.000541888002772, 0.000700539851096, 0.000648080022074, 0.00055977224838, 0.000445040030172, 0.000469823571621, 0.000431684748037, 0.000320783350617, 0.000253889564192, 0.000311932904879, 0.000362444727216, 0.000294806086458, 0.000144800942508, 0.000109232081741, 3.57839089702e-05],
        "dvar": [6.15474164078e-06, 0.00126617727801, 0.000194926251424, 7.50439648982e-05, 3.07336704282e-05, 3.8063883494e-06, 2.59838566308e-06, 2.15301861317e-06, 1.49256948134e-06, 2.05641617868e-06, 9.68487256614e-07, 8.2476208263e-07, 3.76125427692e-07, 7.15325086276e-07, 3.8725511331e-07, 3.37283921681e-07, 1.61978931601e-07, 2.31591229749e-07, 1.90629364738e-07, 1.02466650276e-07, 5.71721194831e-08, 9.24776912825e-08, 1.27023739083e-07, 8.21584436039e-08, 2.47588953783e-08, 1.57376724985e-08, 1.31119071156e-09],
        "dvar2": [8.16081410449e-06, 0.0026942724362, 0.000471818551887, 0.000207301505725, 8.37604748085e-05, 9.56249823503e-06, 6.46688522465e-06, 5.03391220263e-06, 3.61612046618e-06, 5.04789022671e-06, 2.36746427618e-06, 2.09287350117e-06, 1.01223633919e-06, 1.82144890459e-06, 1.06106449493e-06, 9.27274470541e-07, 4.32723368249e-07, 6.51300354093e-07, 5.34988032541e-07, 2.79470668829e-07, 1.39578034464e-07, 2.320059167e-07, 3.47729212535e-07, 2.0358271513e-07, 5.06413613266e-08, 2.96856317306e-08, 2.46181963703e-09],
        "max": [0.0221955887973, 0.26978674531, 0.112927094102, 0.079374589026, 0.0526981391013, 0.049941316247, 0.0328922010958, 0.0364789254963, 0.0382805839181, 0.0430228710175, 0.0378296971321, 0.028134861961, 0.0180915873498, 0.0214975997806, 0.010762902908, 0.0117326416075, 0.00540641834959, 0.0104934601113, 0.0102099152282, 0.00325248716399, 0.00531473197043, 0.00433312216774, 0.00235045561567, 0.00411602295935, 0.00171970354859, 0.00132684258278, 0.00058748095762],
        "mean": [0.00209112372249, 0.0338729172945, 0.00705704884604, 0.00320851826109, 0.00377524876967, 0.00206016260199, 0.0014041243121, 0.00129793363158, 0.000886855414137, 0.00100372813176, 0.000624786189292, 0.000600363942795, 0.00042181374738, 0.000533271289896, 0.000466508674435, 0.000362101418432, 0.000361627986422, 0.000361112848623, 0.000380354467779, 0.000280404288787, 0.00029542815173, 0.000296002370305, 0.000265412993031, 0.000262179237325, 0.000169574617757, 0.000110819564725, 3.33680873155e-05],
        "median": [0.000338554556947, 0.00501643819734, 0.00196220399812, 0.000948901637457, 0.00203279173002, 0.0013236325467, 0.000817039050162, 0.000702518038452, 0.000457603106042, 0.000489949365146, 0.000291370961349, 0.000297161983326, 0.000212692873902, 0.00021136997384, 0.0002255277941, 0.000172828018549, 0.000190144535736, 0.000188194404473, 0.000186667952221, 0.000153350760229, 0.000154313253006, 0.000134235669975, 9.73278001766e-05, 9.83324789559e-05, 8.18609987618e-05, 3.82228463423e-05, 8.80268089531e-06],
        "min": [1.60301624094e-24, 3.08015552495e-24, 1.35912431209e-24, 4.12462905714e-24, 1.26330930598e-23, 1.49877008669e-23, 2.05576205268e-23, 1.3282761036e-23, 2.09701821584e-23, 1.47946445153e-23, 2.08420553702e-23, 4.1644083938e-23, 2.47312642729e-23, 3.43225144154e-23, 5.98482452391e-23, 8.83055125599e-23, 6.39606086925e-23, 1.4075881159e-22, 1.53444111465e-22, 1.82690529992e-22, 2.65104419104e-22, 3.58353003515e-22, 4.46312155651e-22, 6.46488904634e-22, 8.92500718886e-22, 1.39366907544e-21, 2.07188124514e-21],
        "var": [1.43932657011e-05, 0.00297330389731, 0.000191825340153, 5.05131029058e-05, 2.7082835004e-05, 6.06029834671e-06, 3.89597062167e-06, 3.78552294933e-06, 2.22478706746e-06, 2.92337313113e-06, 1.29901854962e-06, 1.2100050526e-06, 4.93922186706e-07, 1.13297028292e-06, 5.10242841756e-07, 3.44113516348e-07, 2.34452429027e-07, 2.75515446901e-07, 3.02944414443e-07, 1.30424567146e-07, 1.31985586904e-07, 1.51770251478e-07, 1.3920804065e-07, 1.30239257601e-07, 5.09534352489e-08, 2.66708077845e-08, 2.65650101916e-09]
    },
    "erbbands": {
        "dmean": [1.00687456131, 4.10495328903, 9.88742351532, 8.3277463913, 14.7235202789, 8.31561946869, 9.03935050964, 10.9989128113, 14.5913352966, 13.9921979904, 17.7649517059, 15.5503883362, 20.6627464294, 21.0596885681, 18.4986171722, 18.1600646973, 14.6547088623, 20.2112083435, 19.4272937775, 15.1400022507, 18.137588501, 12.9954986572, 14.103222847, 14.5229940414, 10.2007350922, 8.99777793884, 7.99202775955, 5.32382774353, 6.66477680206, 6.37410402298, 6.36791849136, 4.8886680603, 2.04236769676, 1.31544041634, 0.622369468212, 0.328582048416, 0.134141758084, 0.0309036485851, 0.00369793060236, 0.000224325267482],
        "dmean2": [1.04601824284, 6.71077823639, 15.2795648575, 13.7653007507, 26.5456562042, 14.0598230362, 14.5623579025, 17.794960022, 23.3580570221, 22.4418621063, 28.322599411, 25.6982650757, 34.1675224304, 35.0371551514, 31.1415424347, 30.6705799103, 25.1493377686, 34.4785804749, 34.1763343811, 26.7041683197, 31.9914588928, 22.2347450256, 25.1669750214, 25.1432819366, 17.3703861237, 15.4157524109, 13.4943170547, 8.24552249908, 11.153427124, 10.6832141876, 11.054192543, 8.59100055695, 3.09321856499, 1.89556610584, 0.885371923447, 0.478166431189, 0.200637504458, 0.0512437671423, 0.00618591019884, 0.000374015566194],
        "dvar": [2.81005692482, 47.169002533, 399.465606689, 234.305892944, 1046.01965332, 186.754379272, 196.546356201, 336.389587402, 592.803100586, 540.982116699, 1084.23596191, 951.390808105, 1923.04309082, 2272.140625, 1390.42443848, 1321.82495117, 808.599853516, 1879.37109375, 1205.33105469, 582.276245117, 1097.93823242, 443.294219971, 706.817749023, 822.16027832, 280.35256958, 240.610839844, 182.649261475, 54.2734069824, 117.010398865, 101.271507263, 107.784896851, 67.5096817017, 9.56814479828, 4.18509864807, 0.827401638031, 0.287414133549, 0.0535475201905, 0.00344020989724, 4.3552256102e-05, 1.22787199075e-07],
        "dvar2": [5.24313497543, 100.540054321, 951.683044434, 591.315673828, 2933.8581543, 493.904266357, 476.574859619, 862.349853516, 1435.73132324, 1312.93725586, 2591.95605469, 2259.87939453, 4833.38964844, 5426.06298828, 3636.89819336, 3291.04345703, 2143.26831055, 4772.22753906, 3280.75512695, 1611.29736328, 2980.93408203, 1174.22607422, 1984.13183594, 2356.33007812, 773.77532959, 653.619140625, 466.587280273, 123.024887085, 301.957794189, 259.205291748, 298.251861572, 178.120941162, 19.8952846527, 8.67508792877, 1.63071417809, 0.582999646664, 0.109838999808, 0.00647968519479, 8.11188729131e-05, 2.67417732402e-07],
        "max": [12.9856653214, 42.202381134, 156.942779541, 162.215835571, 219.986236572, 186.922241211, 254.037643433, 464.848266602, 372.312927246, 506.153381348, 740.512329102, 1107.9942627, 1524.7142334, 1630.39868164, 944.007507324, 1129.21679688, 922.690673828, 1147.94287109, 658.241577148, 300.85534668, 796.735107422, 255.215896606, 676.690551758, 791.795288086, 261.576202393, 166.860321045, 332.274200439, 102.261367798, 103.46849823, 204.530700684, 73.3600387573, 96.4527511597, 48.879119873, 22.7591266632, 12.6969432831, 9.14784526825, 1.8791757822, 0.625897347927, 0.0978578180075, 0.0076796784997],
        "mean": [1.31140649319, 6.11991786957, 9.73457050323, 8.84808158875, 13.4169301987, 10.4120531082, 13.2723236084, 16.7986412048, 22.0958747864, 21.7377872467, 27.9552669525, 22.2550506592, 29.9857883453, 28.6961727142, 25.6828041077, 25.5859622955, 20.7639102936, 28.9239406586, 25.4129734039, 19.7130947113, 22.0044307709, 18.1477565765, 19.2374725342, 21.7003192902, 16.6978874207, 13.4267158508, 13.3024168015, 10.3081521988, 10.169336319, 9.30348300934, 7.70685863495, 6.18325281143, 3.6803753376, 2.16809463501, 1.09938061237, 0.515713691711, 0.18877735734, 0.0459203831851, 0.00564330630004, 0.000383727281587],
        "median": [0.0945478603244, 1.183983922, 2.9788775444, 3.54688286781, 5.016685009, 5.45838689804, 7.97275829315, 10.081243515, 12.4708623886, 12.6500682831, 15.9719715118, 12.0880537033, 14.7898378372, 13.8464956284, 12.8868923187, 13.3936424255, 11.0000171661, 12.634853363, 12.2197971344, 11.3815879822, 11.0300951004, 9.96465015411, 10.2266550064, 10.1978063583, 8.75029277802, 7.40427207947, 6.65381860733, 5.51169490814, 4.70572137833, 3.87058186531, 2.75330638885, 2.00937485695, 1.73837924004, 1.00744056702, 0.506784439087, 0.202468857169, 0.0636970847845, 0.0120589956641, 0.00151267647743, 0.000186348435818],
        "min": [1.08126071944e-22, 5.34050300515e-22, 1.85653135618e-21, 8.94304138219e-21, 2.62171146987e-20, 4.07713220336e-20, 9.16394432686e-20, 1.19772120858e-19, 2.00508011796e-19, 2.14099946354e-19, 6.86714125904e-19, 5.18542310313e-19, 6.13290989795e-19, 7.10603515585e-19, 1.37328049667e-18, 1.57651287951e-18, 1.41955928739e-18, 2.36934636809e-18, 2.72757761188e-18, 3.64160763925e-18, 4.94290046837e-18, 5.07338903718e-18, 6.8327203092e-18, 8.2497576263e-18, 8.40548595714e-18, 9.98601552232e-18, 1.13186878616e-17, 9.82085650531e-18, 1.04958300949e-17, 1.51122688453e-17, 1.21675968544e-17, 1.13654880863e-17, 1.11011170266e-17, 8.9433667679e-18, 6.84561564136e-18, 4.60805031178e-18, 2.61573038535e-18, 9.96975046314e-19, 2.75493226794e-19, 3.05478543386e-20],
        "var": [6.36000776291, 94.8670959473, 398.621459961, 215.978973389, 716.992736816, 197.380859375, 290.975067139, 511.617919922, 928.018859863, 921.097229004, 1788.15380859, 1448.04382324, 2809.84423828, 3049.83056641, 1848.68493652, 1893.6809082, 1086.34204102, 3113.75024414, 1614.46911621, 615.714172363, 1184.52709961, 567.719909668, 793.476623535, 1405.10571289, 499.018310547, 292.94909668, 310.09072876, 144.874130249, 169.432357788, 168.291809082, 118.327880859, 80.7399291992, 22.149892807, 8.50842857361, 2.08119750023, 0.562634587288, 0.0807958766818, 0.00521371793002, 7.5009666034e-05, 2.64400114247e-07]
    },
    "gfcc": {
        "mean": [24.1382637024, 73.3956985474, -92.0427017212, 28.4671401978, -48.4446334839, 16.5831642151, -27.864780426, 10.6507720947, -18.3541622162, 4.87998771667, -12.8492641449, 1.69068515301, -11.3215837479],
        "cov": [[19626.3574219, -240.612228394, 635.856445312, 441.069641113, -857.316772461, -116.930030823, -715.051452637, -82.2262420654, -104.880729675, 6.25125074387, -311.556610107, 97.7595062256, -80.7750396729], [-240.612228394, 1498.6673584, 292.708099365, 101.14163208, 129.35949707, -33.2403907776, 109.299591064, -26.4653263092, 134.926895142, 14.4247541428, 106.657981873, -1.11380410194, 126.595123291], [635.856445312, 292.708099365, 605.066894531, 200.414749146, 74.5590896606, 77.5635757446, 36.3686599731, 1.05103564262, 64.8006286621, 13.2788658142, 13.3253793716, 12.8418588638, 23.6881961823], [441.069641113, 101.14163208, 200.414749146, 284.020050049, 72.2674636841, 122.768486023, 76.3323440552, 42.0213775635, 74.6824645996, 34.2875595093, 38.9175415039, 16.304063797, 21.4729404449], [-857.316772461, 129.35949707, 74.5590896606, 72.2674636841, 190.924057007, 74.8438568115, 107.054458618, 34.9759292603, 50.9400634766, 26.222284317, 48.8353118896, 4.80346012115, 22.1480503082], [-116.930030823, -33.2403907776, 77.5635757446, 122.768486023, 74.8438568115, 167.688034058, 97.3292160034, 65.0063247681, 58.0965538025, 39.3120117188, 37.4734535217, 16.5968666077, 13.8046646118], [-715.051452637, 109.299591064, 36.3686599731, 76.3323440552, 107.054458618, 97.3292160034, 167.796661377, 74.6672058105, 82.2989883423, 35.1583518982, 61.6061325073, 15.7229623795, 34.2334060669], [-82.2262420654, -26.4653263092, 1.05103564262, 42.0213775635, 34.9759292603, 65.0063247681, 74.6672058105, 101.596542358, 56.2746505737, 40.9615058899, 27.5263023376, 13.4514322281, 12.8538560867], [-104.880729675, 134.926895142, 64.8006286621, 74.6824645996, 50.9400634766, 58.0965538025, 82.2989883423, 56.2746505737, 128.021286011, 56.2507476807, 64.435836792, 21.5443992615, 39.2185783386], [6.25125074387, 14.4247541428, 13.2788658142, 34.2875595093, 26.222284317, 39.3120117188, 35.1583518982, 40.9615058899, 56.2507476807, 77.8748474121, 53.2973823547, 21.8444652557, 13.8950376511], [-311.556610107, 106.657981873, 13.3253793716, 38.9175415039, 48.8353118896, 37.4734535217, 61.6061325073, 27.5263023376, 64.435836792, 53.2973823547, 96.5849456787, 43.0867271423, 38.1522407532], [97.7595062256, -1.11380410194, 12.8418588638, 16.304063797, 4.80346012115, 16.5968666077, 15.7229623795, 13.4514322281, 21.5443992615, 21.8444652557, 43.0867271423, 58.3025627136, 38.5913925171], [-80.7750396729, 126.595123291, 23.6881961823, 21.4729404449, 22.1480503082, 13.8046646118, 34.2334060669, 12.8538560867, 39.2185783386, 13.8950376511, 38.1522407532, 38.5913925171, 73.6253890991]],
        "icov": [[9.36461074161e-05, -5.41956615052e-05, -4.20937903982e-05, -0.000234629173065, 0.000334844575264, -4.62098760181e-05, 0.000363202765584, -0.00013664078142, -9.87259918475e-05, -0.000194693027879, 0.000448353384854, -0.000487407931359, 0.000153291592142], [-5.41956615052e-05, 0.00122260313947, -0.000494862673804, 1.67586385942e-05, -0.000362911116099, 0.00101810565684, -0.000573190336581, 0.000551665434614, -0.000347641296685, 0.000614423071966, -0.00192021951079, 0.00286182179116, -0.00235463259742], [-4.20937903982e-05, -0.000494862673804, 0.00259364722297, -0.00135033449624, -0.00081342557678, -0.000512794475071, 0.000460882147308, 0.000851019110996, -0.00101948052179, -4.29753308708e-05, 0.00181790313218, -0.00177397881635, 0.000881016254425], [-0.000234629173065, 1.67586385942e-05, -0.00135033449624, 0.00717084342614, -0.00101364892907, -0.00382485613227, -0.000498820503708, 0.000686689745635, -0.00141441181768, 0.000883351138327, -0.00135139806662, 0.00108462048229, -9.05400956981e-05], [0.000334844575264, -0.000362911116099, -0.00081342557678, -0.00101364892907, 0.0103734554723, -0.00138516153675, -0.00390636315569, 0.000754105101805, 0.00129347876646, -0.00134411954787, -0.00102264469024, 0.00120289612096, -0.000163364107721], [-4.62098760181e-05, 0.00101810565684, -0.000512794475071, -0.00382485613227, -0.00138516153675, 0.0139188626781, -0.00520527223125, -0.00243885093369, 0.000742317410186, -0.00208742986433, 0.000499882153235, -0.000580228050239, 0.00017584944726], [0.000363202765584, -0.000573190336581, 0.000460882147308, -0.000498820503708, -0.00390636315569, -0.00520527223125, 0.0201620627195, -0.00850407779217, -0.00411215750501, 0.00579359428957, -0.00521622179076, 0.00202009826899, -0.00161646807101], [-0.00013664078142, 0.000551665434614, 0.000851019110996, 0.000686689745635, 0.000754105101805, -0.00243885093369, -0.00850407779217, 0.021031294018, -0.00424419436604, -0.0074963294901, 0.00657224049792, -0.00309892254882, 0.000834430858959], [-9.87259918475e-05, -0.000347641296685, -0.00101948052179, -0.00141441181768, 0.00129347876646, 0.000742317410186, -0.00411215750501, -0.00424419436604, 0.020073659718, -0.00657902797684, -0.00658764829859, 0.00649366201833, -0.00608651759103], [-0.000194693027879, 0.000614423071966, -4.29753308708e-05, 0.000883351138327, -0.00134411954787, -0.00208742986433, 0.00579359428957, -0.0074963294901, -0.00657902797684, 0.029633346945, -0.0157313700765, 0.00199865060858, 0.00291297235526], [0.000448353384854, -0.00192021951079, 0.00181790313218, -0.00135139806662, -0.00102264469024, 0.000499882153235, -0.00521622179076, 0.00657224049792, -0.00658764829859, -0.0157313700765, 0.0378404483199, -0.0234221909195, 0.00424098828807], [-0.000487407931359, 0.00286182179116, -0.00177397881635, 0.00108462048229, 0.00120289612096, -0.000580228050239, 0.00202009826899, -0.00309892254882, 0.00649366201833, 0.00199865060858, -0.0234221909195, 0.0472976528108, -0.0223428532481], [0.000153291592142, -0.00235463259742, 0.000881016254425, -9.05400956981e-05, -0.000163364107721, 0.00017584944726, -0.00161646807101, 0.000834430858959, -0.00608651759103, 0.00291297235526, 0.00424098828807, -0.0223428532481, 0.0303701087832]]
    },
    "melbands": {
        "dmean": [0.00711522437632, 0.00511200726032, 0.00166892702691, 0.000838111678604, 0.000300574232824, 0.000250254990533, 0.000219960129471, 0.00015438850096, 0.000140377218486, 9.95857335511e-05, 0.000102908365079, 8.684219938e-05, 6.07137662882e-05, 5.55220576643e-05, 3.69769695681e-05, 3.09525239572e-05, 4.22441917181e-05, 3.09912320517e-05, 2.6558753234e-05, 2.11465867324e-05, 2.22240414587e-05, 1.47570062836e-05, 1.21269458759e-05, 1.41096370498e-05, 1.23291110867e-05, 9.15338932828e-06, 6.04718115937e-06, 6.54443510939e-06, 5.16003092343e-06, 4.6129121074e-06, 3.0249016163e-06, 3.78913000532e-06, 4.12974259234e-06, 3.4628751564e-06, 3.96705172534e-06, 3.48227035829e-06, 2.9861839721e-06, 1.5225888319e-06, 1.39216774642e-06, 1.05983735921e-06],
        "dmean2": [0.008166895248, 0.00819321349263, 0.00276645342819, 0.00148109649308, 0.000481066905195, 0.00040331936907, 0.00035277887946, 0.000246969051659, 0.000224170566071, 0.000165614779689, 0.000170271887328, 0.000144643563544, 0.00010225387814, 9.36795040616e-05, 6.34762764093e-05, 5.30498509761e-05, 7.17900766176e-05, 5.45993170817e-05, 4.68791731691e-05, 3.73416733055e-05, 3.91397516069e-05, 2.51996461884e-05, 2.11232836591e-05, 2.53661728493e-05, 2.13059629459e-05, 1.59164101206e-05, 1.01893529063e-05, 1.13782698463e-05, 8.77669663168e-06, 7.51127663534e-06, 4.64434242531e-06, 6.31787588645e-06, 7.02367697158e-06, 5.7879619817e-06, 7.0122928264e-06, 5.91072739553e-06, 5.32439298695e-06, 2.45678370447e-06, 1.9942747258e-06, 1.55516522682e-06],
        "dvar": [0.000132793240482, 9.11844908842e-05, 1.05554909169e-05, 2.70591363005e-06, 2.04471106713e-07, 1.6747361542e-07, 1.32563556576e-07, 6.80768295069e-08, 6.69495108241e-08, 4.20736085971e-08, 4.72871199975e-08, 3.99929334094e-08, 1.32010962162e-08, 1.27103954028e-08, 4.87467932686e-09, 4.35208624694e-09, 9.51231804436e-09, 3.07445646719e-09, 1.97087324239e-09, 1.39530831333e-09, 1.65891289594e-09, 5.60686053142e-10, 4.86017226464e-10, 7.1820421832e-10, 6.40965946985e-10, 2.56197951742e-10, 9.61983201431e-11, 1.43601019964e-10, 8.83743078717e-11, 5.86080906029e-11, 2.00555735214e-11, 3.9101027971e-11, 4.59017025778e-11, 3.00660538133e-11, 4.02902364249e-11, 4.24966659085e-11, 2.97088985357e-11, 5.93468156562e-12, 4.29073573546e-12, 2.92656914327e-12],
        "dvar2": [0.000272291043075, 0.000210109254112, 2.7343237889e-05, 7.52017967898e-06, 5.02686418713e-07, 4.24711885216e-07, 3.22275553799e-07, 1.60388211157e-07, 1.61615915317e-07, 9.97897373622e-08, 1.18780775438e-07, 9.5543612133e-08, 3.40305703617e-08, 3.20879429694e-08, 1.28746728834e-08, 1.18808216598e-08, 2.40681856667e-08, 8.36911606683e-09, 5.46054357287e-09, 3.88909482396e-09, 4.45755787837e-09, 1.47451484356e-09, 1.33678845771e-09, 2.05392303165e-09, 1.84439208351e-09, 7.16993187044e-10, 2.6185173474e-10, 3.92181731534e-10, 2.30164276527e-10, 1.51163581652e-10, 4.54450435616e-11, 1.03121088058e-10, 1.16955112262e-10, 7.87242701583e-11, 1.13161528759e-10, 1.16024391483e-10, 7.95946711318e-11, 1.36799972392e-11, 9.1835063859e-12, 6.26084080413e-12],
        "max": [0.0920015871525, 0.0742814540863, 0.0297687705606, 0.0150574203581, 0.00769220944494, 0.0098284445703, 0.00546558760107, 0.00590281980112, 0.00677630584687, 0.00749403517693, 0.0074855289422, 0.00718467636034, 0.00254722125828, 0.00382460164838, 0.00160217867233, 0.00207527028397, 0.00259366352111, 0.000980229233392, 0.000789567711763, 0.000504513387568, 0.00103262858465, 0.000281309941784, 0.000613397685811, 0.000328207126586, 0.000743503740523, 0.000253152480582, 0.000218086017412, 0.000159399016411, 0.000281989836367, 0.000217090608203, 6.39684949419e-05, 7.62862182455e-05, 0.000109328822873, 8.75131008797e-05, 5.08900993736e-05, 6.78930591675e-05, 4.23730707553e-05, 2.40471781581e-05, 5.74234982196e-05, 1.62334617926e-05],
        "mean": [0.01019672025, 0.00616115657613, 0.00174101535231, 0.000869482813869, 0.000453428452602, 0.000390084926039, 0.000332946161507, 0.000243245987804, 0.000217258289922, 0.000135923415655, 0.000146324484376, 0.000113294801849, 8.13827646198e-05, 7.56562367314e-05, 5.00515707245e-05, 4.18410891143e-05, 5.72159842704e-05, 3.9027119783e-05, 3.21417574014e-05, 2.53854705079e-05, 2.6167197575e-05, 1.9592085664e-05, 1.68544320331e-05, 1.7765292796e-05, 1.76134144567e-05, 1.3426231817e-05, 9.52167374635e-06, 8.82433232618e-06, 8.0654026533e-06, 7.61234241509e-06, 5.56062559554e-06, 5.7591737459e-06, 5.68886980545e-06, 4.88128898724e-06, 4.54058954347e-06, 4.14633768742e-06, 3.6341057239e-06, 2.57376814261e-06, 2.31409399021e-06, 1.65304720667e-06],
        "median": [0.00114306376781, 0.00175438378938, 0.000715265981853, 0.000398744450649, 0.000281413813354, 0.000237029482378, 0.000190621518414, 0.000139798983582, 0.000123242643895, 6.98852454661e-05, 7.04717240296e-05, 5.0750644732e-05, 4.05503924412e-05, 3.82544167223e-05, 2.57486681221e-05, 2.08090841625e-05, 2.15792751987e-05, 1.81517843885e-05, 1.5761670511e-05, 1.30271891976e-05, 1.22042865769e-05, 1.00992601801e-05, 8.83293614606e-06, 8.51040658745e-06, 7.81910330261e-06, 6.42342502033e-06, 5.28984310222e-06, 4.48468699688e-06, 3.78226241082e-06, 3.83430142392e-06, 2.75255592896e-06, 2.63663105216e-06, 2.30384989663e-06, 2.00624072022e-06, 1.53820496962e-06, 1.36179096444e-06, 1.15428736081e-06, 1.16106616588e-06, 1.03507625226e-06, 7.24221024484e-07],
        "min": [1.35961813901e-24, 8.52083275001e-25, 2.90365736374e-24, 2.16037999706e-24, 3.06565488101e-24, 3.25147698369e-24, 3.32846961082e-24, 1.74381588239e-24, 5.13832320896e-24, 3.22395776822e-24, 2.82902402236e-24, 2.54633315317e-24, 4.02177934447e-24, 4.20332306003e-24, 3.24989630365e-24, 2.80862743201e-24, 3.29365086819e-24, 4.356257946e-24, 4.92328485379e-24, 5.11705630781e-24, 4.43999474223e-24, 3.34637911995e-24, 4.72030936515e-24, 6.65548377327e-24, 5.73730647758e-24, 5.89484436694e-24, 5.94900795112e-24, 6.22725102531e-24, 6.21463635057e-24, 6.22217431095e-24, 4.82994683148e-24, 5.14090712285e-24, 7.72415837474e-24, 7.36205228658e-24, 7.24803900881e-24, 6.22247131708e-24, 5.88454184352e-24, 7.6478210938e-24, 6.55373609929e-24, 8.01843820227e-24],
        "var": [0.000315451761708, 0.000113116271677, 9.04033913685e-06, 2.05053015634e-06, 3.02161737409e-07, 2.58778356965e-07, 2.07779081052e-07, 1.22732970453e-07, 1.09810585514e-07, 6.26194776032e-08, 6.86939785055e-08, 5.28278931711e-08, 1.74801400021e-08, 1.92049061098e-08, 6.53060405753e-09, 5.71174663122e-09, 1.55138639713e-08, 3.93796817377e-09, 2.23640994612e-09, 1.4107002233e-09, 1.85669890573e-09, 7.15481396352e-10, 6.74031608305e-10, 7.15856596223e-10, 1.13382248035e-09, 4.09983796912e-10, 1.62381913471e-10, 1.53561816041e-10, 1.29143418182e-10, 1.1401694866e-10, 5.03728621315e-11, 5.74939158782e-11, 6.53525705774e-11, 4.50638658334e-11, 4.28785860984e-11, 4.25102314461e-11, 3.12978462591e-11, 1.14029705817e-11, 1.0915362364e-11, 5.31993850014e-12]
    },
    "mfcc": {
        "mean": [-622.783630371, 111.443656921, 14.6854009628, 21.5237140656, 6.53839111328, 8.9433555603, 3.69090414047, 6.79453516006, 2.46868228912, 4.73121118546, 2.90628027916, 2.00212883949, 0.540958166122],
        "cov": [[11003.0107422, 9.23754882812, 131.523574829, 143.265426636, -51.5906944275, -70.7729949951, -198.336090088, -76.9904251099, -49.1385002136, -58.7260665894, -208.667572021, -1.67073774338, 63.7374038696], [9.23754882812, 1429.71630859, 143.885894775, 194.501205444, 66.0811080933, 61.5068130493, 39.2168159485, 9.64921855927, 39.1117477417, 12.602060318, 23.8395633698, 45.4711914062, 47.4506340027], [131.523574829, 143.885894775, 391.432067871, 141.19720459, 93.9303665161, 113.073074341, 37.118106842, 52.4404563904, 42.9808883667, 30.3414916992, 11.2059297562, 37.5651054382, 31.4854946136], [143.265426636, 194.501205444, 141.19720459, 183.067947388, 75.1672897339, 83.7543869019, 42.9389076233, 43.8493385315, 38.5505981445, 32.6073913574, 24.9742565155, 37.2037391663, 28.643409729], [-51.5906944275, 66.0811080933, 93.9303665161, 75.1672897339, 107.039329529, 70.9707565308, 38.8113327026, 30.7188358307, 26.1857395172, 22.3423786163, 25.3431434631, 20.6420078278, 12.4986495972], [-70.7729949951, 61.5068130493, 113.073074341, 83.7543869019, 70.9707565308, 131.592590332, 60.5213241577, 57.6870155334, 36.5689697266, 41.2609786987, 34.9101753235, 40.0523376465, 23.5894107819], [-198.336090088, 39.2168159485, 37.118106842, 42.9389076233, 38.8113327026, 60.5213241577, 94.7939758301, 56.6831436157, 36.6227455139, 28.3834075928, 38.1236305237, 23.8056354523, 11.3521156311], [-76.9904251099, 9.64921855927, 52.4404563904, 43.8493385315, 30.7188358307, 57.6870155334, 56.6831436157, 92.7734222412, 50.0946044922, 41.2699737549, 34.9742736816, 25.9690704346, 15.9218130112], [-49.1385002136, 39.1117477417, 42.9808883667, 38.5505981445, 26.1857395172, 36.5689697266, 36.6227455139, 50.0946044922, 78.621925354, 45.582901001, 29.6239528656, 26.3241195679, 19.5174541473], [-58.7260665894, 12.602060318, 30.3414916992, 32.6073913574, 22.3423786163, 41.2609786987, 28.3834075928, 41.2699737549, 45.582901001, 78.1842346191, 53.5626449585, 30.0063018799, 16.3654212952], [-208.667572021, 23.8395633698, 11.2059297562, 24.9742565155, 25.3431434631, 34.9101753235, 38.1236305237, 34.9742736816, 29.6239528656, 53.5626449585, 85.6764678955, 43.0001678467, 9.37970638275], [-1.67073774338, 45.4711914062, 37.5651054382, 37.2037391663, 20.6420078278, 40.0523376465, 23.8056354523, 25.9690704346, 26.3241195679, 30.0063018799, 43.0001678467, 72.3822021484, 45.0540771484], [63.7374038696, 47.4506340027, 31.4854946136, 28.643409729, 12.4986495972, 23.5894107819, 11.3521156311, 15.9218130112, 19.5174541473, 16.3654212952, 9.37970638275, 45.0540771484, 71.7606277466]],
