{
"lowlevel": {
    "average_loudness": 0.891730546951,
    "barkbands_crest": {
        "dmean": 2.14365506172,
        "dmean2": 3.49713921547,
        "dvar": 4.73532342911,
        "dvar2": 12.8286027908,
        "max": 26.1353416443,
        "mean": 8.51163482666,
        "median": 7.52460861206,
        "min": 2.78714323044,
        "var": 14.5712690353
    },
    "barkbands_flatness_db": {
        "dmean": 0.0132762631401,
        "dmean2": 0.0214437041432,
        "dvar": 0.000197602668777,
        "dvar2": 0.000511584163178,
        "max": 0.505690395832,
        "mean": 0.147804632783,
        "median": 0.137109994888,
        "min": 0.0622543245554,
        "var": 0.00237451470457
    },
    "barkbands_kurtosis": {
        "dmean": 1.00775527954,
        "dmean2": 1.64297425747,
        "dvar": 5.25806760788,
        "dvar2": 13.3535900116,
        "max": 76.1898422241,
        "mean": 0.617033660412,
        "median": -0.113913536072,
        "min": -1.80886411667,
        "var": 10.6465349197
    },
    "barkbands_skewness": {
        "dmean": 0.331293940544,
        "dmean2": 0.529943585396,
        "dvar": 0.143428191543,
        "dvar2": 0.358218878508,
        "max": 7.25898742676,
        "mean": 0.717125117779,
        "median": 0.650680780411,
        "min": -4.65743017197,
        "var": 0.516841232777
    },
    "barkbands_spread": {
        "dmean": 3.31394124031,
        "dmean2": 5.25350809097,
        "dvar": 8.86284351349,
        "dvar2": 21.923500061,
        "max": 46.7675476074,
        "mean": 20.54246521,
        "median": 20.4233989716,
        "min": 0.795098364353,
        "var": 49.2129592896
    },
    "dissonance": {
        "dmean": 0.0187209993601,
        "dmean2": 0.0316744185984,
        "dvar": 0.000324219756294,
        "dvar2": 0.000895524746738,
        "max": 0.500000178814,
        "mean": 0.464057058096,
        "median": 0.469731509686,
        "min": 0.228014498949,
        "var": 0.000677740143146
    },
    "dynamic_complexity": 2.56770038605,
    "erbbands_crest": {
        "dmean": 2.60588717461,
        "dmean2": 4.23265552521,
        "dvar": 5.83410310745,
        "dvar2": 14.9943275452,
        "max": 34.2129936218,
        "mean": 9.69710063934,
        "median": 8.62490653992,
        "min": 3.02824926376,
        "var": 19.3861732483
    },
    "erbbands_flatness_db": {
        "dmean": 0.0123621877283,
        "dmean2": 0.0193169061095,
        "dvar": 0.000136316884891,
        "dvar2": 0.000329356495058,
        "max": 0.511492311954,
        "mean": 0.201422393322,
        "median": 0.194910958409,
        "min": 0.103958405554,
        "var": 0.00200099172071
    },
    "erbbands_kurtosis": {
        "dmean": 0.705032587051,
        "dmean2": 1.14602947235,
        "dvar": 2.61375427246,
        "dvar2": 6.85205745697,
        "max": 86.0302200317,
        "mean": 0.183451786637,
        "median": -0.35419356823,
        "min": -1.83815097809,
        "var": 8.5078163147
    },
    "erbbands_skewness": {
        "dmean": 0.31151881814,
        "dmean2": 0.481592595577,
        "dvar": 0.0834763497114,
        "dvar2": 0.19245672226,
        "max": 4.91940402985,
        "mean": 0.0673350542784,
        "median": 0.0481894388795,
        "min": -3.15872693062,
        "var": 0.320758789778
    },
    "erbbands_spread": {
        "dmean": 4.13210296631,
        "dmean2": 6.53351306915,
        "dvar": 13.1459636688,
        "dvar2": 32.2976150513,
        "max": 68.8616943359,
        "mean": 25.4173355103,
        "median": 25.3395462036,
        "min": 0.922836363316,
        "var": 69.5792236328
    },
    "hfc": {
        "dmean": 5.07161664963,
        "dmean2": 8.01454639435,
        "dvar": 39.2750205994,
        "dvar2": 100.5131073,
        "max": 131.599197388,
        "mean": 23.6936988831,
        "median": 21.4579963684,
        "min": 1.18476126224e-16,
        "var": 207.780456543
    },
    "melbands_crest": {
        "dmean": 2.56973743439,
        "dmean2": 4.27383708954,
        "dvar": 6.22861337662,
        "dvar2": 18.0743579865,
        "max": 36.510635376,
        "mean": 11.4558897018,
        "median": 10.4451446533,
        "min": 2.66199541092,
        "var": 20.6042919159
    },
    "melbands_flatness_db": {
        "dmean": 0.0154579300433,
        "dmean2": 0.0250835046172,
        "dvar": 0.000286526948912,
        "dvar2": 0.000749725848436,
        "max": 0.488643556833,
        "mean": 0.21166986227,
        "median": 0.20446062088,
        "min": 0.0124758323655,
        "var": 0.00241468800232
    },
    "melbands_kurtosis": {
        "dmean": 2.12563753128,
        "dmean2": 3.47171664238,
        "dvar": 23.6039638519,
        "dvar2": 61.0956077576,
        "max": 130.636520386,
        "mean": 3.38692092896,
        "median": 1.7794907093,
        "min": -1.70917153358,
        "var": 41.1232910156
    },
    "melbands_skewness": {
        "dmean": 0.424731612206,
        "dmean2": 0.681606888771,
        "dvar": 0.235392302275,
        "dvar2": 0.613549530506,
        "max": 9.35429859161,
        "mean": 1.44528746605,
        "median": 1.32284843922,
        "min": -3.74947452545,
        "var": 0.927078306675
    },
    "melbands_spread": {
        "dmean": 5.0475320816,
        "dmean2": 7.95444965363,
        "dvar": 26.2805747986,
        "dvar2": 57.5087852478,
        "max": 149.11567688,
        "mean": 26.7921276093,
        "median": 26.0217952728,
        "min": 1.52161371708,
        "var": 116.455871582
    },
    "pitch_salience": {
        "dmean": 0.0532763302326,
        "dmean2": 0.0881054997444,
        "dvar": 0.00238483096473,
        "dvar2": 0.00657334504649,
        "max": 0.829648673534,
        "mean": 0.524492323399,
        "median": 0.532673478127,
        "min": 0.0825112983584,
        "var": 0.0102429520339
    },
    "silence_rate_20dB": {
        "dmean": 0,
        "dmean2": 0,
        "dvar": 0,
        "dvar2": 0,
        "max": 1,
        "mean": 1,
        "median": 1,
        "min": 1,
        "var": 0
    },
    "silence_rate_30dB": {
        "dmean": 0.00174965371843,
        "dmean2": 0.00349956261925,
        "dvar": 0.00174669676926,
        "dvar2": 0.00509107112885,
        "max": 1,
        "mean": 0.999052345753,
        "median": 1,
        "min": 0,
        "var": 0.000946812855545
    },
    "silence_rate_60dB": {
        "dmean": 0.000437413429609,
        "dmean2": 0.000874890654813,
        "dvar": 0.000437244802015,
        "dvar2": 0.00087408098625,
        "max": 1,
        "mean": 0.0368129462004,
        "median": 0,
        "min": 0,
        "var": 0.0354459173977
    },
    "spectral_centroid": {
        "dmean": 162.274108887,
        "dmean2": 255.435058594,
        "dvar": 31864.3203125,
        "dvar2": 67503.5625,
        "max": 11466.6904297,
        "mean": 1377.45532227,
        "median": 1358.12158203,
        "min": 269.223358154,
        "var": 218300.03125
    },
    "spectral_complexity": {
        "dmean": 2.27542471886,
        "dmean2": 3.83712458611,
        "dvar": 3.45610976219,
        "dvar2": 9.51431560516,
        "max": 41,
        "mean": 22.4122314453,
        "median": 23,
        "min": 0,
        "var": 39.6343269348
    },
    "spectral_decrease": {
        "dmean": 1.95865434982e-09,
        "dmean2": 3.23488746901e-09,
        "dvar": 7.71081554282e-18,
        "dvar2": 2.1849327371e-17,
        "max": -8.59879270994e-30,
        "mean": -8.14723311038e-09,
        "median": -7.29559257451e-09,
        "min": -4.44816237177e-08,
        "var": 2.21029392924e-17
    },
    "spectral_energy": {
        "dmean": 0.00772529793903,
        "dmean2": 0.0127325737849,
        "dvar": 0.00011462677503,
        "dvar2": 0.000324181397445,
        "max": 0.169810414314,
        "mean": 0.0328985974193,
        "median": 0.029621263966,
        "min": 1.0778588281e-20,
        "var": 0.000348050816683
    },
    "spectral_energyband_high": {
        "dmean": 5.20948124176e-05,
        "dmean2": 8.68949355208e-05,
        "dvar": 3.61720031705e-09,
        "dvar2": 1.00196899666e-08,
        "max": 0.00114849710371,
        "mean": 0.000199405767489,
        "median": 0.000179862588993,
        "min": 7.93144876845e-21,
        "var": 2.09090682546e-08
    },
    "spectral_energyband_low": {
        "dmean": 0.00456557422876,
        "dmean2": 0.00778028136119,
        "dvar": 9.56121803029e-05,
        "dvar2": 0.000275708734989,
        "max": 0.158102676272,
        "mean": 0.010168639943,
        "median": 0.00614889059216,
        "min": 3.80755012393e-23,
        "var": 0.000161275587743
    },
    "spectral_energyband_middle_high": {
        "dmean": 0.00347767071798,
        "dmean2": 0.00553503166884,
        "dvar": 2.67351151706e-05,
        "dvar2": 6.89472362865e-05,
        "max": 0.118063382804,
        "mean": 0.0111700305715,
        "median": 0.00840953737497,
        "min": 1.51062132709e-21,
        "var": 9.80982003966e-05
    },
    "spectral_energyband_middle_low": {
        "dmean": 0.00300868763588,
        "dmean2": 0.00464351149276,
        "dvar": 1.1907894077e-05,
        "dvar2": 3.07155423798e-05,
        "max": 0.0689081847668,
        "mean": 0.0119804348797,
        "median": 0.0109732272103,
        "min": 3.32347326562e-22,
        "var": 4.22095909016e-05
    },
    "spectral_entropy": {
        "dmean": 0.0866864845157,
        "dmean2": 0.13673402369,
        "dvar": 0.0097805056721,
        "dvar2": 0.0217547062784,
        "max": 9.81640625,
        "mean": 7.16130828857,
        "median": 7.22065353394,
        "min": 4.46532773972,
        "var": 0.0929430797696
    },
    "spectral_flux": {
        "dmean": 0.016133017838,
        "dmean2": 0.0269107650965,
        "dvar": 0.000358078075806,
        "dvar2": 0.00093803240452,
        "max": 0.29590523243,
        "mean": 0.0791971608996,
        "median": 0.0737098529935,
        "min": 1.0381998039e-10,
        "var": 0.0012553735869
    },
    "spectral_kurtosis": {
        "dmean": 2.55990791321,
        "dmean2": 4.51741552353,
        "dvar": 6.26508808136,
        "dvar2": 18.9568405151,
        "max": 88.3387374878,
        "mean": 7.2575712204,
        "median": 6.42098045349,
        "min": -1.31282413006,
        "var": 14.8435277939
    },
    "spectral_rms": {
        "dmean": 0.000607685477007,
        "dmean2": 0.000989246414974,
        "dvar": 4.77429296097e-07,
        "dvar2": 1.33278035719e-06,
        "max": 0.0128712356091,
        "mean": 0.00539460126311,
        "median": 0.0053757596761,
        "min": 3.24279145203e-12,
        "var": 2.99444354823e-06
    },
    "spectral_rolloff": {
        "dmean": 316.03213501,
        "dmean2": 553.908081055,
        "dvar": 251621.984375,
        "dvar2": 493293.71875,
        "max": 18410.8886719,
        "mean": 1517.30029297,
        "median": 1291.9921875,
        "min": 86.1328125,
        "var": 955595.25
    },
    "spectral_skewness": {
        "dmean": 0.243141263723,
        "dmean2": 0.422719657421,
        "dvar": 0.0457361079752,
        "dvar2": 0.134699508548,
        "max": 7.83126544952,
        "mean": 1.72089183331,
        "median": 1.66620624065,
        "min": -0.0854254662991,
        "var": 0.149680182338
    },
    "spectral_spread": {
        "dmean": 171037.21875,
        "dmean2": 279980.3125,
        "dvar": 139765530624,
        "dvar2": 182471753728,
        "max": 41481980,
        "mean": 2770801.25,
        "median": 2701660.75,
        "min": 941921.25,
        "var": 579508699136
    },
    "spectral_strongpeak": {
        "dmean": 0.870638906956,
        "dmean2": 1.51688635349,
        "dvar": 1.88754105568,
        "dvar2": 4.85113525391,
        "max": 14.7825336456,
        "mean": 1.40205228329,
        "median": 0.570307254791,
        "min": 0,
        "var": 3.27717995644
    },
    "zerocrossingrate": {
        "dmean": 0.00521076563746,
        "dmean2": 0.00647257454693,
        "dvar": 7.38966991776e-05,
        "dvar2": 7.53755666665e-05,
        "max": 0.65478515625,
        "mean": 0.0521847307682,
        "median": 0.048828125,
        "min": 0.0068359375,
        "var": 0.000769393052906
    },
    "barkbands": {
        "dmean": [0.000415731017711, 0.00359763810411, 0.0011140818242, 0.000645151594654, 0.00115521403495, 0.000811714911833, 0.000912012881599, 0.000893570075277, 0.000924475432839, 0.00126242067199, 0.0018077546265, 0.000527107622474, 0.000360299221938, 0.000135707101435, 0.000817035790533, 0.00062162760878, 0.00044376324513, 0.00023695595155, 0.000163942473591, 7.72157582105e-05, 2.75007314485e-05, 1.22607343656e-05, 6.31446300758e-06, 2.99175508189e-06, 1.54802808083e-06, 5.8710901385e-07, 1.83354600836e-07],
        "dmean2": [0.00077810883522, 0.00613216031343, 0.00182227697223, 0.00101717072539, 0.00187061331235, 0.00126261974219, 0.00133709446527, 0.00129707052838, 0.00138649658766, 0.00208631926216, 0.00272036972456, 0.00081591156777, 0.00058928161161, 0.000220344329136, 0.00127889937721, 0.000986346160062, 0.000724739860743, 0.000409044674598, 0.00027184485225, 0.000130648288177, 4.58040085505e-05, 2.02305800485e-05, 1.04670334622e-05, 4.8469282774e-06, 2.51010669672e-06, 9.56189069257e-07, 3.11405443654e-07],
        "dvar": [1.05452625121e-06, 7.04571939423e-05, 1.08995018309e-05, 2.57972988038e-06, 3.30835155182e-06, 1.02267904367e-06, 1.58302168529e-06, 1.90470325379e-06, 1.67668713402e-06, 8.12871348899e-06, 1.65469300555e-05, 2.05318747248e-06, 2.74933540823e-07, 3.35336807211e-08, 3.98245401811e-06, 1.15559009828e-06, 4.37684036569e-07, 1.20216938626e-07, 5.46590896988e-08, 1.0188631272e-08, 1.33667565905e-09, 3.00779845475e-10, 1.05992083166e-10, 2.05870681613e-10, 2.14915012869e-11, 9.32007400943e-13, 1.46008828942e-13],
        "dvar2": [3.66140511687e-06, 0.000206779004657, 2.93708235404e-05, 6.87587680659e-06, 9.54287952482e-06, 2.83814188151e-06, 3.95841743739e-06, 3.8094528918e-06, 4.05120545111e-06, 2.28891512961e-05, 4.01566139772e-05, 3.73993202629e-06, 7.28715974674e-07, 8.71969660921e-08, 9.43010945775e-06, 2.61088234765e-06, 1.1178033219e-06, 3.48319503019e-07, 1.46179075955e-07, 2.76411995515e-08, 3.59029139751e-09, 7.82801989896e-10, 2.74922890009e-10, 4.34072000566e-10, 5.09537100013e-11, 2.40822401083e-12, 4.10718334343e-13],
        "max": [0.0116829620674, 0.144297584891, 0.0665799155831, 0.0444701202214, 0.0501556098461, 0.0193408466876, 0.0311169438064, 0.0323938429356, 0.0231936089694, 0.048428054899, 0.110150724649, 0.0667634829879, 0.00942788645625, 0.00489988457412, 0.0299456678331, 0.031110253185, 0.0120281446725, 0.00690420530736, 0.00444603012875, 0.00211024936289, 0.000523308000993, 0.000386478001019, 0.000231180907576, 0.000717763672583, 0.000187154844753, 2.3403457817e-05, 6.0002621467e-06],
        "mean": [0.000583683082368, 0.0069967075251, 0.00209622690454, 0.00121298932936, 0.00272390595637, 0.0019425911596, 0.00205376162194, 0.00186438078526, 0.00184803188313, 0.00195338320918, 0.0034260477405, 0.000950950954575, 0.00063720945036, 0.000251242978266, 0.00117430102546, 0.00126790883951, 0.000828908872791, 0.000460983545054, 0.000320678111166, 0.00017592360382, 6.39073550701e-05, 3.13268647005e-05, 1.66572735907e-05, 8.68278493726e-06, 5.26892517883e-06, 2.40782173933e-06, 5.74238299578e-07],
        "median": [2.35511288338e-05, 0.0039900559932, 0.000914242002182, 0.000582735869102, 0.00198907032609, 0.00140336225741, 0.00140416389331, 0.000926273060031, 0.00116064376198, 0.00081471708836, 0.000877538812347, 0.000375829811674, 0.000416831375333, 0.000182563235285, 0.000460729730548, 0.000662865815684, 0.000477768131532, 0.000314949604217, 0.000208324810956, 0.000130706903292, 5.1114569942e-05, 2.32911152125e-05, 1.2369232536e-05, 6.31223520031e-06, 3.19530317938e-06, 1.48671301758e-06, 2.64687457729e-07],
        "min": [1.5645156478e-23, 1.98981900024e-24, 8.85976861288e-24, 3.93688513152e-23, 2.17906369429e-23, 7.69584678794e-23, 1.26320587054e-22, 2.73414267258e-23, 1.87209803677e-23, 2.75781922824e-23, 5.31035160539e-23, 8.40844440738e-23, 4.63233796359e-23, 4.60547220105e-23, 1.13868676411e-22, 2.62994765229e-22, 2.38173086453e-22, 1.65388121902e-22, 2.12298625466e-22, 3.87649303295e-22, 5.13780992872e-22, 5.54628336762e-22, 8.43211275889e-22, 9.42513742971e-22, 1.04133870308e-21, 1.84770580756e-21, 2.19777243942e-21],
        "var": [1.33751325393e-06, 0.00010375030979, 1.56480546138e-05, 4.33210971096e-06, 7.61969431551e-06, 3.41706845575e-06, 5.2861983022e-06, 7.49976288716e-06, 4.28164366895e-06, 1.1751090824e-05, 4.74856351502e-05, 6.02390946369e-06, 5.1284877145e-07, 5.99687055569e-08, 5.32431749889e-06, 3.36991638505e-06, 1.21762752769e-06, 2.60678689301e-07, 1.16534167205e-07, 2.49671998631e-08, 3.42094819139e-09, 9.43737643588e-10, 3.10617059851e-10, 2.88860546593e-10, 5.01188431035e-11, 7.79921179722e-12, 5.81247777773e-13]
    },
    "erbbands": {
        "dmean": [0.120174847543, 0.812982201576, 1.35861933231, 1.61622881889, 3.51551032066, 3.9121594429, 4.24869394302, 7.46148777008, 11.4011564255, 16.126958847, 19.9864120483, 22.6313724518, 20.6971931458, 63.2147636414, 47.2554893494, 19.9915027618, 14.6568174362, 8.17023563385, 14.0371189117, 57.6193809509, 29.6190490723, 20.8773403168, 11.5869827271, 11.6384496689, 5.68554544449, 3.89596986771, 1.41307723522, 0.864382922649, 0.45348149538, 0.303691715002, 0.167863741517, 0.0801653638482, 0.0401672013104, 0.0227158069611, 0.00947137642652, 0.00367995142005, 0.00106425676495, 0.000244622875471, 3.10438990709e-05, 9.13993426366e-06],
        "dmean2": [0.208414286375, 1.37712204456, 2.23699450493, 2.62829327583, 5.63278436661, 6.3968911171, 6.40957117081, 11.8919467926, 16.4987869263, 23.7197246552, 29.2540607452, 33.8813591003, 33.2161445618, 98.3813552856, 73.515586853, 31.7943077087, 24.1418533325, 13.0875530243, 23.2526016235, 88.4805221558, 46.4410934448, 34.513874054, 19.7554740906, 19.598033905, 9.59844875336, 6.60371732712, 2.3919403553, 1.4469512701, 0.740963101387, 0.501851558685, 0.279301673174, 0.130376577377, 0.0654158517718, 0.036663968116, 0.0155935566872, 0.00606453372166, 0.00173746678047, 0.0004037853505, 5.23372182215e-05, 1.49806191985e-05],
        "dvar": [0.0634474158287, 3.89566516876, 11.2435836792, 27.6870670319, 42.6740531921, 35.3495521545, 28.6437034607, 99.4325637817, 368.838012695, 650.006835938, 1115.32836914, 1065.60229492, 1537.77453613, 15870.1484375, 8213.77148438, 1358.14294434, 434.626373291, 153.944732666, 321.446777344, 18277.8867188, 3700.79150391, 857.624389648, 213.977233887, 356.986846924, 74.1206359863, 25.3341808319, 4.04757261276, 1.46224749088, 0.418332785368, 0.228763535619, 0.0748602300882, 0.243277549744, 0.0126441717148, 0.00645196717232, 0.000457296875538, 4.49081089755e-05, 2.9383893434e-06, 1.80431456442e-07, 3.91632504204e-09, 1.52845333612e-10],
        "dvar2": [0.19182254374, 11.4613523483, 30.4571876526, 76.8302383423, 115.698699951, 107.04977417, 69.4361953735, 296.846466064, 912.817810059, 1446.70007324, 2322.02905273, 2561.00732422, 4114.54785156, 41028.1054688, 20566.1777344, 2981.46289062, 1147.65759277, 395.710968018, 851.352722168, 42324.453125, 7923.19677734, 2321.29541016, 598.432067871, 1010.48492432, 201.49331665, 68.9752044678, 11.1740436554, 3.86392307281, 1.04330348969, 0.590731441975, 0.198432922363, 0.519330382347, 0.0270029194653, 0.0152486488223, 0.00110961019527, 0.000110850247438, 7.77826517151e-06, 4.78741753795e-07, 1.10017754906e-08, 4.29952046188e-10],
        "max": [3.58830022812, 34.2039718628, 74.5747833252, 144.221908569, 184.370498657, 140.326629639, 135.322372437, 169.365982056, 586.029052734, 697.89654541, 890.516052246, 574.864807129, 696.770019531, 2808.59106445, 2135.81494141, 1151.37353516, 433.703613281, 406.51159668, 270.791107178, 1990.16516113, 2094.18530273, 572.379211426, 221.762405396, 467.416809082, 262.153045654, 105.050498962, 32.4310417175, 21.2609062195, 13.5957355499, 12.679265976, 10.5248394012, 28.1785316467, 7.86104822159, 4.04443740845, 0.898982167244, 0.152997151017, 0.0442330762744, 0.0103507246822, 0.00126057781745, 0.000198458044906],
        "mean": [0.192006960511, 1.57389998436, 2.81576609612, 3.27260684967, 7.35849475861, 9.06901264191, 10.3293104172, 17.1665859222, 26.8986797333, 36.2991523743, 43.3947601318, 46.0093307495, 38.6726341248, 108.728416443, 99.4213638306, 39.2500152588, 27.5402240753, 17.1677875519, 24.6415882111, 92.4373626709, 64.8488235474, 41.370262146, 25.5432529449, 24.5252914429, 12.1461439133, 9.07762813568, 3.60785269737, 2.00294017792, 1.19729614258, 0.825982511044, 0.452101051807, 0.207950979471, 0.12149117887, 0.0675879865885, 0.0311499796808, 0.0127624105662, 0.00405517965555, 0.000890632334631, 0.000114939488412, 4.24384197686e-05],
        "median": [0.0797840952873, 0.883210062981, 1.48529148102, 1.74804961681, 4.82816791534, 6.25527381897, 7.1644821167, 12.1424541473, 16.5101394653, 20.8062438965, 25.54246521, 27.8228912354, 22.4852828979, 38.6000061035, 38.3298721313, 21.9246139526, 19.3408126831, 12.2988576889, 18.0906486511, 40.4215774536, 33.2252540588, 28.8244094849, 20.1230545044, 15.2115249634, 9.14203834534, 6.75915908813, 2.84678554535, 1.61292254925, 0.95883846283, 0.625884771347, 0.359976172447, 0.148570865393, 0.0900233387947, 0.0412551537156, 0.0187148768455, 0.00750567112118, 0.00247415155172, 0.000492044724524, 6.56993797747e-05, 3.91585999751e-05],
        "min": [1.46290581937e-22, 3.90253427806e-22, 6.40665601589e-21, 8.33874507037e-20, 1.02784816681e-19, 7.19060351674e-20, 2.04131437695e-19, 7.6661537868e-19, 1.67079337477e-18, 1.24956219438e-18, 6.25542827136e-19, 4.80252223155e-19, 1.02336820831e-18, 7.45395352535e-19, 4.02822565371e-18, 2.29411987485e-18, 2.09497159289e-18, 1.68679508032e-18, 4.20464259885e-18, 1.06654500969e-17, 1.40858071883e-17, 1.31467611512e-17, 8.61550049723e-18, 8.44142778194e-18, 1.65323989907e-17, 1.62601457269e-17, 1.80460121258e-17, 1.9250365591e-17, 2.29295408786e-17, 2.0533789251e-17, 2.12876386478e-17, 2.2525461495e-17, 1.50426483618e-17, 1.05217307742e-17, 7.67531625965e-18, 5.38516333622e-18, 4.05282517794e-18, 1.27998579391e-18, 3.38754113036e-19, 3.20286982743e-20],
        "var": [0.090246103704, 5.51248168945, 18.2819633484, 34.9976158142, 75.3086013794, 92.7358398438, 104.505714417, 276.638549805, 1370.09460449, 2238.625, 3898.13769531, 2749.76489258, 2484.42285156, 31525.0058594, 25355.3398438, 3770.08959961, 821.569702148, 322.29901123, 494.907562256, 26422.828125, 10520.6201172, 1831.55969238, 499.838867188, 893.208679199, 144.455703735, 64.7958602905, 10.5912942886, 3.49706792831, 1.31257021427, 0.713631987572, 0.190931513906, 0.302828013897, 0.0262461286038, 0.0112564917654, 0.00143629522063, 0.000241426561843, 2.3767735911e-05, 1.18871810173e-06, 1.78619856683e-08, 5.49764733737e-10]
    },
    "gfcc": {
        "mean": [-5.58660078049, 129.09425354, -147.281723022, 22.0907840729, -43.0640029907, -0.213631555438, -26.2021160126, 11.7185640335, -14.9413433075, -3.67491054535, -12.5706100464, 0.634050309658, -3.78421521187],
        "cov": [[9193.66699219, 1633.06872559, 604.911071777, 784.194335938, 342.317260742, -22.0087165833, 354.927490234, 49.2304458618, -196.56362915, -17.0744247437, 84.0577011108, 394.727172852, -89.9262390137], [1633.06872559, 2268.02148438, 343.66116333, 134.923629761, 291.245849609, -279.231750488, 289.541687012, -187.947982788, -24.58070755, -75.739692688, 239.704177856, -37.1307449341, 37.25623703], [604.911071777, 343.66116333, 438.124053955, 159.522659302, 112.957069397, 26.5163593292, 58.3971748352, -19.3033046722, -35.1220741272, 24.9209403992, 28.9397659302, 59.1678695679, -13.5097818375], [784.194335938, 134.923629761, 159.522659302, 195.210174561, 89.5436630249, 30.2741012573, 28.5176372528, 15.859662056, -0.180903688073, 14.0353488922, 9.58964920044, 35.758731842, -8.4546251297], [342.317260742, 291.245849609, 112.957069397, 89.5436630249, 145.233596802, 18.9417705536, 56.5763092041, 0.256037205458, 11.1239280701, -10.1167116165, 25.1951560974, 17.4049720764, 15.7085800171], [-22.0087165833, -279.231750488, 26.5163593292, 30.2741012573, 18.9417705536, 141.839599609, 20.0780525208, 43.5989723206, 10.6924724579, 12.2226266861, -27.6174888611, 27.7871513367, 10.411898613], [354.927490234, 289.541687012, 58.3971748352, 28.5176372528, 56.5763092041, 20.0780525208, 138.542572021, 21.4132556915, -4.01233148575, -10.1835565567, 37.9073219299, 16.8331928253, 13.1214189529], [49.2304458618, -187.947982788, -19.3033046722, 15.859662056, 0.256037205458, 43.5989723206, 21.4132556915, 100.876037598, 34.9303016663, 7.37859487534, -16.3489151001, 17.0729293823, -0.788831889629], [-196.56362915, -24.58070755, -35.1220741272, -0.180903688073, 11.1239280701, 10.6924724579, -4.01233148575, 34.9303016663, 81.2013473511, 26.4406719208, 4.24429988861, -15.564455986, 10.5859251022], [-17.0744247437, -75.739692688, 24.9209403992, 14.0353488922, -10.1167116165, 12.2226266861, -10.1835565567, 7.37859487534, 26.4406719208, 75.3273010254, 13.2736301422, -2.16536307335, -3.03322052956], [84.0577011108, 239.704177856, 28.9397659302, 9.58964920044, 25.1951560974, -27.6174888611, 37.9073219299, -16.3489151001, 4.24429988861, 13.2736301422, 83.0691757202, 7.0403637886, -1.50838029385], [394.727172852, -37.1307449341, 59.1678695679, 35.758731842, 17.4049720764, 27.7871513367, 16.8331928253, 17.0729293823, -15.564455986, -2.16536307335, 7.0403637886, 107.608627319, -0.367066144943], [-89.9262390137, 37.25623703, -13.5097818375, -8.4546251297, 15.7085800171, 10.411898613, 13.1214189529, -0.788831889629, 10.5859251022, -3.03322052956, -1.50838029385, -0.367066144943, 69.3541259766]],
        "icov": [[0.000327233487042, -0.000632733339444, 0.000536644714884, -0.00124193995725, 0.000572695978917, -0.000527377531398, 0.00029557957896, -0.000882850028574, 0.00117258972023, -0.000814973842353, 0.000961887999438, -0.00107201957144, 0.000401451543439], [-0.000632733339444, 0.00455563236028, -0.00241431151517, 0.00179986760486, -0.00397520232946, 0.00690318178385, -0.0063443123363, 0.00651591038331, -0.00506384205073, 0.00442643091083, -0.00493380287662, 0.00311564304866, -0.0015043860767], [0.000536644714884, -0.00241431151517, 0.00556025840342, -0.00386090762913, 0.000212765167817, -0.00331024592742, 0.00206109159626, -0.00241792760789, 0.00502660870552, -0.00468916073442, 0.00315088569187, -0.00326187978499, 0.0017154669622], [-0.00124193995725, 0.00179986760486, -0.00386090762913, 0.0142609924078, -0.00652978010476, 0.000665505591314, 0.000886723340955, 0.000625622691587, -0.0031116430182, 0.000850771495607, -0.00254234508611, 0.00294067524374, 0.000100061617559], [0.000572695978917, -0.00397520232946, 0.000212765167817, -0.00652978010476, 0.0175421293825, -0.00712302513421, 0.00231648399495, -0.00320504745468, -0.000514856772497, 0.00108946976252, 0.00223643449135, -0.00247396621853, -0.0010934084421], [-0.000527377531398, 0.00690318178385, -0.00331024592742, 0.000665505591314, -0.00712302513421, 0.021057004109, -0.0121540408581, 0.00707448506728, -0.00640777312219, 0.00373199745081, -0.00267992983572, 0.00172222836409, -0.00303162471391], [0.00029557957896, -0.0063443123363, 0.00206109159626, 0.000886723340955, 0.00231648399495, -0.0121540408581, 0.021737774834, -0.0134216379374, 0.00866275187582, -0.00376581656747, 0.000212679748074, -0.00204575574026, -0.000157574570039], [-0.000882850028574, 0.00651591038331, -0.00241792760789, 0.000625622691587, -0.00320504745468, 0.00707448506728, -0.0134216379374, 0.0257669202983, -0.0153243402019, 0.00708458153531, -0.00308897951618, 0.00143969734199, 4.5839959057e-05], [0.00117258972023, -0.00506384205073, 0.00502660870552, -0.0031116430182, -0.000514856772497, -0.00640777312219, 0.00866275187582, -0.0153243402019, 0.0274191442877, -0.0126302922145, 0.00382507382892, -0.00150468852371, -0.000556482933462], [-0.000814973842353, 0.00442643091083, -0.00468916073442, 0.000850771495607, 0.00108946976252, 0.00373199745081, -0.00376581656747, 0.00708458153531, -0.0126302922145, 0.0235176365823, -0.00990458857268, 0.00442688213661, -0.00149383337703], [0.000961887999438, -0.00493380287662, 0.00315088569187, -0.00254234508611, 0.00223643449135, -0.00267992983572, 0.000212679748074, -0.00308897951618, 0.00382507382892, -0.00990458857268, 0.024229189381, -0.00655067665502, 0.00349711347371], [-0.00107201957144, 0.00311564304866, -0.00326187978499, 0.00294067524374, -0.00247396621853, 0.00172222836409, -0.00204575574026, 0.00143969734199, -0.00150468852371, 0.00442688213661, -0.00655067665502, 0.0154559761286, -0.0022727760952], [0.000401451543439, -0.0015043860767, 0.0017154669622, 0.000100061617559, -0.0010934084421, -0.00303162471391, -0.000157574570039, 4.5839959057e-05, -0.000556482933462, -0.00149383337703, 0.00349711347371, -0.0022727760952, 0.0169105362147]]
    },
    "melbands": {
        "dmean": [0.00103026337456, 0.000823450856842, 0.000310995965265, 0.000291484320769, 0.000137564915349, 0.000164353099535, 0.00017126982857, 0.000176167988684, 0.000167518621311, 0.000134132176754, 0.000112876674393, 0.000263230671408, 0.000219118315727, 6.81336387061e-05, 4.41990232503e-05, 2.59836433543e-05, 1.5411991626e-05, 2.22240159928e-05, 5.50024014956e-05, 7.03195910319e-05, 3.41961094819e-05, 2.12295162783e-05, 1.90715527424e-05, 1.10893761303e-05, 1.03057363958e-05, 6.40250163997e-06, 3.51436005985e-06, 2.52377822108e-06, 1.0154018355e-06, 7.77947434472e-07, 5.77561309001e-07, 2.72956071967e-07, 3.23033930272e-07, 1.53746498199e-07, 1.34754372993e-07, 6.60157724042e-08, 4.82962256854e-08, 3.5936270848e-08, 2.42078002088e-08, 2.16854303403e-08],
        "dmean2": [0.00176181760617, 0.00137837254442, 0.000499232672155, 0.000472817657283, 0.000212619168451, 0.000258985353867, 0.000247392337769, 0.000258055340964, 0.000247333053267, 0.000201276314328, 0.000182333911653, 0.000412672117818, 0.000336116005201, 0.000105390674435, 7.26137732272e-05, 4.24034842581e-05, 2.4787726943e-05, 3.71209862351e-05, 8.62392626004e-05, 0.000108453707071, 5.39510510862e-05, 3.49709189322e-05, 3.18533056998e-05, 1.92647858057e-05, 1.72367217601e-05, 1.08051626739e-05, 5.90683521295e-06, 4.30365071225e-06, 1.72294699041e-06, 1.32166030653e-06, 9.57930978984e-07, 4.53870342199e-07, 5.25099835613e-07, 2.54584108461e-07, 2.242550039e-07, 1.09704032525e-07, 7.77122792783e-08, 5.94790137143e-08, 3.96018720039e-08, 3.53136009323e-08],
        "dvar": [5.22625350641e-06, 3.43707688444e-06, 7.02738134351e-07, 2.26748568366e-07, 2.66282071948e-08, 4.62798510625e-08, 6.95542112794e-08, 7.32003258008e-08, 7.02329074898e-08, 3.58887675134e-08, 4.7923006008e-08, 2.75443483133e-07, 2.18597321577e-07, 3.19261097559e-08, 4.72714578592e-09, 1.61425461886e-09, 5.55496093568e-10, 9.20633069779e-10, 1.83355695071e-08, 1.53197028396e-08, 5.71405101013e-09, 8.71058947194e-10, 8.43779157655e-10, 2.93979229848e-10, 2.951264233e-10, 8.88641174535e-11, 3.48236439685e-11, 9.71094992613e-12, 2.28403775927e-12, 1.25362860284e-12, 8.66278999489e-13, 1.71070094397e-13, 2.49759604274e-13, 8.05597044152e-14, 4.42581796136e-14, 3.69704741539e-14, 1.08660971117e-13, 1.59556697417e-14, 2.40212699314e-15, 6.22887022994e-15],
        "dvar2": [1.53445016622e-05, 9.82357778412e-06, 1.89109721305e-06, 6.53419419905e-07, 6.7718332275e-08, 1.3078192751e-07, 1.71870539134e-07, 1.57897929398e-07, 1.56981414534e-07, 8.59873452441e-08, 1.30065345161e-07, 7.24905930838e-07, 5.49147273432e-07, 5.78523788874e-08, 1.26584049909e-08, 4.04887989802e-09, 1.43110967521e-09, 2.46818410155e-09, 4.45072814159e-08, 3.51708706603e-08, 1.23743761904e-08, 2.26960050753e-09, 2.21844076442e-09, 8.61067217528e-10, 8.25705837038e-10, 2.48740694708e-10, 9.22982315577e-11, 2.73630285097e-11, 6.49675539061e-12, 3.52098298434e-12, 2.17642917577e-12, 4.47553533947e-13, 6.32845230213e-13, 2.0203837789e-13, 1.16313846033e-13, 8.87426389968e-14, 2.29210151293e-13, 3.31700338312e-14, 6.09354231705e-15, 1.4710859958e-14],
        "max": [0.0376279354095, 0.0317524448037, 0.0203078258783, 0.0130807030946, 0.00357848987915, 0.0038193447981, 0.00751826679334, 0.00791604071856, 0.00667870603502, 0.00328324106522, 0.00368989445269, 0.0107973767444, 0.0124917486683, 0.0082553839311, 0.00142032280564, 0.00124464998953, 0.000661432684865, 0.000497653498314, 0.00210109027103, 0.00192851794418, 0.00236325478181, 0.0004433838767, 0.000711390224751, 0.000273983605439, 0.000417265837314, 0.000171527848579, 0.000173588618054, 5.78118160774e-05, 2.7899075576e-05, 1.88919966604e-05, 1.94467575056e-05, 1.21688381114e-05, 7.29567955204e-06, 8.77550428413e-06, 6.5977947088e-06, 7.93846174929e-06, 1.7886128262e-05, 9.67698724708e-06, 1.84960208571e-06, 3.50025788975e-06],
        "mean": [0.00189122906886, 0.00174878037069, 0.000670006498694, 0.000665014551487, 0.000350892922143, 0.000388865126297, 0.000408439460443, 0.000395707349526, 0.000358517485438, 0.000266038085101, 0.0001927750709, 0.000436206959421, 0.000436582689872, 0.000126123777591, 7.79531110311e-05, 4.82426803501e-05, 2.81857901427e-05, 3.39382095262e-05, 8.09048651718e-05, 0.000126089827972, 6.80411394569e-05, 4.14765891037e-05, 3.32429190166e-05, 2.13177791011e-05, 1.96670280275e-05, 1.15175726023e-05, 6.63525861455e-06, 5.62078002986e-06, 2.23352321882e-06, 1.54639189986e-06, 1.11062468022e-06, 5.98629185333e-07, 6.90530725933e-07, 3.7704018041e-07, 3.07299217184e-07, 1.4913550217e-07, 1.12081671944e-07, 9.12486868287e-08, 6.60197656543e-08, 5.49266800931e-08],
        "median": [0.000987887964584, 0.00105834461283, 0.000401621218771, 0.000451888772659, 0.000260620552581, 0.000273997487966, 0.000267036433797, 0.000222395989113, 0.000215550098801, 0.000165183708305, 0.00010120254592, 0.000154239110998, 0.000131105771288, 5.67494316783e-05, 4.78821384604e-05, 3.2267998904e-05, 1.8359742171e-05, 2.25601470447e-05, 2.88822266157e-05, 6.45951367915e-05, 2.54405931628e-05, 2.62899484369e-05, 2.15398576984e-05, 1.29152485897e-05, 1.0580968592e-05, 7.43071177567e-06, 3.87863292417e-06, 4.13581392422e-06, 1.56734813572e-06, 1.06667027922e-06, 7.33611784653e-07, 4.128696105e-07, 4.39558277776e-07, 2.69053998636e-07, 2.17095447397e-07, 9.56541583719e-08, 7.51255910814e-08, 6.09805965723e-08, 4.44767920271e-08, 3.00066851366e-08],
        "min": [1.75220581255e-24, 2.17404346237e-24, 1.53628010719e-23, 5.65416290475e-24, 5.94307492825e-24, 1.76023866482e-23, 2.64011644802e-23, 1.20217826562e-23, 4.45369725616e-24, 3.08724304575e-24, 4.9725657834e-24, 2.31458179365e-24, 1.00194872291e-23, 1.14700817381e-23, 3.69807461075e-24, 4.51617937858e-24, 2.97825362866e-24, 5.9007553017e-24, 1.04920764425e-23, 1.98126691972e-23, 1.57264943482e-23, 1.35507560182e-23, 1.19170369164e-23, 5.50535139473e-24, 6.40261401567e-24, 1.00442408955e-23, 1.66194801598e-23, 8.80912768707e-24, 8.9612784453e-24, 1.4685931594e-23, 9.35342356787e-24, 1.17477371109e-23, 1.19401300305e-23, 1.24575360097e-23, 1.14470462108e-23, 1.44960906394e-23, 1.3593400261e-23, 1.05162534515e-23, 1.02610995472e-23, 8.05012043395e-24],
        "var": [7.87862700236e-06, 5.37439518666e-06, 9.76865976554e-07, 5.47926731542e-07, 9.60686392659e-08, 1.51189013309e-07, 2.52806330536e-07, 2.71971941856e-07, 2.22463413024e-07, 9.13693796178e-08, 7.39568122299e-08, 5.13446764216e-07, 6.70460281071e-07, 9.26927228306e-08, 9.33378530021e-09, 3.39766836888e-09, 1.10495745886e-09, 1.34374045224e-09, 2.49462956958e-08, 3.14638199939e-08, 1.6751206644e-08, 2.47073739246e-09, 1.48711587489e-09, 6.37176089668e-10, 7.11303904666e-10, 1.6465467878e-10, 6.90395518532e-11, 2.48866378894e-11, 5.57933733936e-12, 2.58219248934e-12, 1.67309634029e-12, 4.23503354781e-13, 6.34372166342e-13, 2.21772266892e-13, 1.03569611925e-13, 5.4255939883e-14, 1.33382223994e-13, 2.59441295894e-14, 6.31266719941e-15, 1.0236609161e-14]
    },
    "mfcc": {
        "mean": [-641.090759277, 159.219055176, -34.7597122192, 26.8716278076, -0.248120650649, -2.91117453575, -1.44960701466, 9.93081474304, 4.83795452118, 2.62166905403, -4.51980113983, -0.126927897334, 6.98187828064],
        "cov": [[7071.8671875, 1435.59204102, 63.1294937134, 658.860107422, -67.5187454224, 94.8419036865, 236.153793335, 278.483825684, -111.687095642, -236.835220337, 67.6244659424, -12.8072319031, 93.5015182495], [1435.59204102, 1584.99182129, -90.0222930908, 295.572479248, -61.4045257568, 0.0827048271894, 150.145797729, 4.54215288162, -118.999488831, -30.7956485748, 35.1447677612, -7.77175807953, -3.07170510292], [63.1294937134, -90.0222930908, 224.235275269, 58.6699714661, 48.319896698, 59.5673294067, 35.351524353, 10.8136014938, 4.95670700073, -5.38176202774, 16.9120006561, 3.52720308304, 8.28288936615], [658.860107422, 295.572479248, 58.6699714661, 180.127639771, 34.24766922, 27.8860054016, 44.1656036377, 22.9492282867, -21.8763427734, -17.219877243, 20.9499473572, 10.1106147766, 6.23361825943], [-67.5187454224, -61.4045257568, 48.319896698, 34.24766922, 103.444702148, 42.3604507446, -2.03207302094, 11.8040390015, 22.6342201233, 13.5568246841, -2.19548225403, 9.20639324188, 8.12381839752], [94.8419036865, 0.0827048271894, 59.5673294067, 27.8860054016, 42.3604507446, 91.8608016968, 34.9582023621, 10.9899682999, 11.6682529449, 1.36345124245, -3.17181181908, -1.56009447575, 24.1216239929], [236.153793335, 150.145797729, 35.351524353, 44.1656036377, -2.03207302094, 34.9582023621, 106.152763367, 40.1461448669, -5.66247081757, -3.2016222477, 5.87446022034, 0.903293550014, 11.5937871933], [278.483825684, 4.54215288162, 10.8136014938, 22.9492282867, 11.8040390015, 10.9899682999, 40.1461448669, 122.074195862, 34.3215370178, -20.2348651886, -3.88083529472, 6.19630336761, 30.6572818756], [-111.687095642, -118.999488831, 4.95670700073, -21.8763427734, 22.6342201233, 11.6682529449, -5.66247081757, 34.3215370178, 95.9349746704, 28.4359111786, -12.0795793533, -6.49956655502, 11.9763202667], [-236.835220337, -30.7956485748, -5.38176202774, -17.219877243, 13.5568246841, 1.36345124245, -3.2016222477, -20.2348651886, 28.4359111786, 94.666557312, 14.512465477, -2.2757730484, -17.4958534241], [67.6244659424, 35.1447677612, 16.9120006561, 20.9499473572, -2.19548225403, -3.17181181908, 5.87446022034, -3.88083529472, -12.0795793533, 14.512465477, 84.0586700439, 21.8162841797, -9.23774528503], [-12.8072319031, -7.77175807953, 3.52720308304, 10.1106147766, 9.20639324188, -1.56009447575, 0.903293550014, 6.19630336761, -6.49956655502, -2.2757730484, 21.8162841797, 79.34009552, 11.2128047943], [93.5015182495, -3.07170510292, 8.28288936615, 6.23361825943, 8.12381839752, 24.1216239929, 11.5937871933, 30.6572818756, 11.9763202667, -17.4958534241, -9.23774528503, 11.2128047943, 99.7369308472]],
