{
"lowlevel": {
    "average_loudness": 0.950925052166,
    "barkbands_crest": {
        "dmean": 2.93819236755,
        "dmean2": 4.09888982773,
        "dvar": 11.466006279,
        "dvar2": 25.9109859467,
        "max": 26.8434410095,
        "mean": 13.2169094086,
        "median": 12.2961063385,
        "min": 2.27572202682,
        "var": 38.2222213745
    },
    "barkbands_flatness_db": {
        "dmean": 0.0394587740302,
        "dmean2": 0.0546225383878,
        "dvar": 0.00253716669977,
        "dvar2": 0.00494963815436,
        "max": 0.752422630787,
        "mean": 0.222581520677,
        "median": 0.215173602104,
        "min": 0.0280295740813,
        "var": 0.0110649839044
    },
    "barkbands_kurtosis": {
        "dmean": 15.5095500946,
        "dmean2": 22.5870475769,
        "dvar": 2879.96923828,
        "dvar2": 5865.41259766,
        "max": 1805.68200684,
        "mean": 24.7776412964,
        "median": 6.14856147766,
        "min": -1.94138598442,
        "var": 4845.05957031
    },
    "barkbands_skewness": {
        "dmean": 1.16537129879,
        "dmean2": 1.66741967201,
        "dvar": 3.18156552315,
        "dvar2": 6.23626852036,
        "max": 33.9492263794,
        "mean": 2.86617994308,
        "median": 2.12230730057,
        "min": -3.52657079697,
        "var": 10.0895309448
    },
    "barkbands_spread": {
        "dmean": 9.65570068359,
        "dmean2": 14.315495491,
        "dvar": 380.693969727,
        "dvar2": 679.595214844,
        "max": 134.900009155,
        "mean": 17.2009620667,
        "median": 8.52626419067,
        "min": 0.0203746296465,
        "var": 593.104125977
    },
    "dissonance": {
        "dmean": 0.0310682114214,
        "dmean2": 0.0511068552732,
        "dvar": 0.000912877905648,
        "dvar2": 0.00237373705022,
        "max": 0.500000119209,
        "mean": 0.439378559589,
        "median": 0.448044717312,
        "min": 0.106898002326,
        "var": 0.00200440525077
    },
    "dynamic_complexity": 3.83126211166,
    "erbbands_crest": {
        "dmean": 3.22065353394,
        "dmean2": 4.82581043243,
        "dvar": 10.6044416428,
        "dvar2": 21.1645107269,
        "max": 32.7207450867,
        "mean": 11.7980566025,
        "median": 9.85848140717,
        "min": 2.25329589844,
        "var": 42.9847602844
    },
    "erbbands_flatness_db": {
        "dmean": 0.0253802035004,
        "dmean2": 0.0342019721866,
        "dvar": 0.000869366514962,
        "dvar2": 0.00149724213406,
        "max": 0.455795764923,
        "mean": 0.173680648208,
        "median": 0.158721864223,
        "min": 0.0315987505019,
        "var": 0.00610497081652
    },
    "erbbands_kurtosis": {
        "dmean": 2.11744570732,
        "dmean2": 3.18149352074,
        "dvar": 62.9928703308,
        "dvar2": 118.298713684,
        "max": 379.380828857,
        "mean": 2.59326124191,
        "median": 0.860691785812,
        "min": -1.83011806011,
        "var": 180.852233887
    },
    "erbbands_skewness": {
        "dmean": 0.577797174454,
        "dmean2": 0.838472366333,
        "dvar": 0.503484070301,
        "dvar2": 1.09709072113,
        "max": 15.0086269379,
        "mean": 0.647084236145,
        "median": 0.594851136208,
        "min": -3.23139762878,
        "var": 1.3475266695
    },
    "erbbands_spread": {
        "dmean": 12.7872514725,
        "dmean2": 18.8727588654,
        "dvar": 305.851531982,
        "dvar2": 620.335144043,
        "max": 216.209411621,
        "mean": 36.0225753784,
        "median": 27.8388175964,
        "min": 0.836701571941,
        "var": 681.291625977
    },
    "hfc": {
        "dmean": 31.6541843414,
        "dmean2": 51.4438667297,
        "dvar": 6434.94042969,
        "dvar2": 16405.109375,
        "max": 543.715270996,
        "mean": 32.1484642029,
        "median": 10.0657949448,
        "min": 1.08869468965e-16,
        "var": 5205.98291016
    },
    "melbands_crest": {
        "dmean": 3.65446782112,
        "dmean2": 5.06896018982,
        "dvar": 16.520860672,
        "dvar2": 34.7096786499,
        "max": 39.1805915833,
        "mean": 20.7130565643,
        "median": 19.3668556213,
        "min": 1.62701308727,
        "var": 79.8213043213
    },
    "melbands_flatness_db": {
        "dmean": 0.047113545239,
        "dmean2": 0.0640028119087,
        "dvar": 0.00351429707371,
        "dvar2": 0.00722679076716,
        "max": 0.93360799551,
        "mean": 0.319860905409,
        "median": 0.322435736656,
        "min": 0.00293907290325,
        "var": 0.0168132651597
    },
    "melbands_kurtosis": {
        "dmean": 30.5994949341,
        "dmean2": 45.8420791626,
        "dvar": 38840.2890625,
        "dvar2": 109250.960938,
        "max": 12728.3144531,
        "mean": 50.3634529114,
        "median": 13.4741544724,
        "min": -1.47109544277,
        "var": 32070.7480469
    },
    "melbands_skewness": {
        "dmean": 1.32671785355,
        "dmean2": 1.94384479523,
        "dvar": 5.73986339569,
        "dvar2": 13.7199392319,
        "max": 92.2256774902,
        "mean": 4.07703638077,
        "median": 3.04747343063,
        "min": -3.72651767731,
        "var": 15.8136529922
    },
    "melbands_spread": {
        "dmean": 9.28720474243,
        "dmean2": 14.9804725647,
        "dvar": 419.926361084,
        "dvar2": 1064.24755859,
        "max": 216.349899292,
        "mean": 16.4418010712,
        "median": 8.07740402222,
        "min": 0.0234068166465,
        "var": 621.26159668
    },
    "pitch_salience": {
        "dmean": 0.0981434807181,
        "dmean2": 0.153896823525,
        "dvar": 0.0171813778579,
        "dvar2": 0.0399661920965,
        "max": 0.980099618435,
        "mean": 0.446823745966,
        "median": 0.460499405861,
        "min": 0.0111592719331,
        "var": 0.0382621213794
    },
    "silence_rate_20dB": {
        "dmean": 0,
        "dmean2": 0,
        "dvar": 0,
        "dvar2": 0,
        "max": 1,
        "mean": 1,
        "median": 1,
        "min": 1,
        "var": 0
    },
    "silence_rate_30dB": {
        "dmean": 0.0835284218192,
        "dmean2": 0.167072489858,
        "dvar": 0.0765468776226,
        "dvar2": 0.140663996339,
        "max": 1,
        "mean": 0.830805242062,
        "median": 1,
        "min": 0,
        "var": 0.140580713749
    },
    "silence_rate_60dB": {
        "dmean": 0.013484409079,
        "dmean2": 0.0269713420421,
        "dvar": 0.0133034475148,
        "dvar2": 0.0288699213415,
        "max": 1,
        "mean": 0.084363296628,
        "median": 0,
        "min": 0,
        "var": 0.0772588253021
    },
    "spectral_centroid": {
        "dmean": 302.740997314,
        "dmean2": 450.443054199,
        "dvar": 260002.703125,
        "dvar2": 576144.5,
        "max": 11559.3291016,
        "mean": 1051.78320312,
        "median": 711.850463867,
        "min": 41.3596725464,
        "var": 1406960.125
    },
    "spectral_complexity": {
        "dmean": 3.40387678146,
        "dmean2": 5.34201145172,
        "dvar": 20.5773925781,
        "dvar2": 46.7232017517,
        "max": 38,
        "mean": 10.8810863495,
        "median": 10,
        "min": 0,
        "var": 44.7611122131
    },
    "spectral_decrease": {
        "dmean": 5.24187449003e-09,
        "dmean2": 6.29075147529e-09,
        "dvar": 7.42237898671e-17,
        "dvar2": 1.40404498974e-16,
        "max": 2.1047366508e-28,
        "mean": -1.45624436954e-08,
        "median": -9.74105507368e-09,
        "min": -8.0018857318e-08,
        "var": 2.13865562142e-16
    },
    "spectral_energy": {
        "dmean": 0.0211335700005,
        "dmean2": 0.0263743326068,
        "dvar": 0.00109145697206,
        "dvar2": 0.00207339692861,
        "max": 0.304366737604,
        "mean": 0.0578780025244,
        "median": 0.0412320196629,
        "min": 1.0017341395e-20,
        "var": 0.00307959574275
    },
    "spectral_energyband_high": {
        "dmean": 0.00256331590936,
        "dmean2": 0.00423636613414,
        "dvar": 5.6163611589e-05,
        "dvar2": 0.000142971883179,
        "max": 0.0513617023826,
        "mean": 0.00198272429407,
        "median": 8.09587145341e-05,
        "min": 6.97175931476e-21,
        "var": 4.40320000052e-05
    },
    "spectral_energyband_low": {
        "dmean": 0.0178337022662,
        "dmean2": 0.0221924446523,
        "dvar": 0.00106816808693,
        "dvar2": 0.00223623332568,
        "max": 0.299228698015,
        "mean": 0.0410243794322,
        "median": 0.022982083261,
        "min": 1.58051627131e-23,
        "var": 0.00249026878737
    },
    "spectral_energyband_middle_high": {
        "dmean": 0.00189231580589,
        "dmean2": 0.00300716934726,
        "dvar": 1.41626433106e-05,
        "dvar2": 3.71902424376e-05,
        "max": 0.0443495437503,
        "mean": 0.0033738783095,
        "median": 0.00144203088712,
        "min": 1.17456405711e-21,
        "var": 2.34598555835e-05
    },
    "spectral_energyband_middle_low": {
        "dmean": 0.00769369583577,
        "dmean2": 0.0131181413308,
        "dvar": 0.000328811933286,
        "dvar2": 0.000938251090702,
        "max": 0.157019436359,
        "mean": 0.01294652652,
        "median": 0.00724180880934,
        "min": 1.16304148772e-22,
        "var": 0.000315341865644
    },
    "spectral_entropy": {
        "dmean": 0.35598269105,
        "dmean2": 0.4761762321,
        "dvar": 0.185316592455,
        "dvar2": 0.362348437309,
        "max": 9.82132339478,
        "mean": 7.12874317169,
        "median": 7.11241674423,
        "min": 3.70328617096,
        "var": 0.747970700264
    },
    "spectral_flux": {
        "dmean": 0.0472914278507,
        "dmean2": 0.0661668926477,
        "dvar": 0.00449697673321,
        "dvar2": 0.00811581127346,
        "max": 0.52752405405,
        "mean": 0.100688107312,
        "median": 0.0697898417711,
        "min": 6.36344102412e-11,
        "var": 0.00831873528659
    },
    "spectral_kurtosis": {
        "dmean": 5.03465747833,
        "dmean2": 7.48378753662,
        "dvar": 136.846481323,
        "dvar2": 300.538116455,
        "max": 345.589385986,
        "mean": 10.8026809692,
        "median": 6.02993679047,
        "min": -1.26229190826,
        "var": 341.711700439
    },
    "spectral_rms": {
        "dmean": 0.00123280088883,
        "dmean2": 0.00149022357073,
        "dvar": 2.43756699092e-06,
        "dvar2": 4.59050488644e-06,
        "max": 0.0172320380807,
        "mean": 0.00667248852551,
        "median": 0.0063424250111,
        "min": 3.12618247261e-12,
        "var": 1.19439964692e-05
    },
    "spectral_rolloff": {
        "dmean": 1159.07214355,
        "dmean2": 1978.29626465,
        "dvar": 8874854,
        "dvar2": 18718768,
        "max": 19487.5488281,
        "mean": 1689.76782227,
        "median": 409.130859375,
        "min": 21.533203125,
        "var": 12769639
    },
    "spectral_skewness": {
        "dmean": 0.512182056904,
        "dmean2": 0.723317444324,
        "dvar": 0.516021430492,
        "dvar2": 1.14262080193,
        "max": 16.4330615997,
        "mean": 2.22746038437,
        "median": 2.00552797318,
        "min": -0.068434342742,
        "var": 1.76742327213
    },
    "spectral_spread": {
        "dmean": 1256984.25,
        "dmean2": 1663124.125,
        "dvar": 4.01014443213e+12,
        "dvar2": 6.54331609088e+12,
        "max": 43057300,
        "mean": 5419028.5,
        "median": 4212501.5,
        "min": 383053.46875,
        "var": 2.11306854482e+13
    },
    "spectral_strongpeak": {
        "dmean": 0.308238506317,
        "dmean2": 0.497755348682,
        "dvar": 0.315573990345,
        "dvar2": 0.712100088596,
        "max": 7.30383682251,
        "mean": 0.614343702793,
        "median": 0.280138492584,
        "min": 0,
        "var": 0.668552875519
    },
    "zerocrossingrate": {
        "dmean": 0.0217357631773,
        "dmean2": 0.0255372282118,
        "dvar": 0.001499692793,
        "dvar2": 0.00198755227029,
        "max": 0.52587890625,
        "mean": 0.05285031721,
        "median": 0.02099609375,
        "min": 0.00146484375,
        "var": 0.00622855033726
    },
    "barkbands": {
        "dmean": [0.00136426638346, 0.0161829646677, 0.00473433593288, 0.00194427662063, 0.00293919467367, 0.00151036866009, 0.00117311463691, 0.000910584989469, 0.000593845848925, 0.000869260402396, 0.000495366228279, 0.000289610325126, 0.000196214270545, 0.000173588909092, 0.000190056016436, 9.36212745728e-05, 9.34854760999e-05, 4.77474459331e-05, 4.40534095105e-05, 3.856380863e-05, 6.80961238686e-05, 0.000160320909345, 0.000351158261765, 0.000550589466002, 0.000589492614381, 0.000528238422703, 0.000329333066475],
        "dmean2": [0.00175001041498, 0.0197917148471, 0.0085051804781, 0.00342487613671, 0.00496816029772, 0.00251990929246, 0.00185873860028, 0.00135367386974, 0.00100441125687, 0.0012645496754, 0.000793152314145, 0.000502764771227, 0.000353777519194, 0.000303584994981, 0.000310052768327, 0.000160775045515, 0.000154887107783, 7.76940141805e-05, 6.46491898806e-05, 6.10049792158e-05, 0.00010781356832, 0.000264726375462, 0.000584501540288, 0.000918863224797, 0.000986955710687, 0.000879138009623, 0.00054827175336],
        "dvar": [2.04933030545e-06, 0.000957155716605, 0.00018599833129, 2.88777337119e-05, 5.55124352104e-05, 1.15960046969e-05, 6.43630619379e-06, 4.90540423925e-06, 2.49712456935e-06, 3.60081139661e-06, 1.49164577579e-06, 4.88625460093e-07, 2.60263959717e-07, 1.63659095165e-07, 1.53434342565e-07, 4.94958030117e-08, 3.62602357029e-08, 9.55586809681e-09, 7.13630043947e-09, 6.16319884017e-09, 2.38752164705e-08, 2.09681729757e-07, 1.12235716188e-06, 2.78582433566e-06, 3.20599247061e-06, 2.53578537013e-06, 9.77568333838e-07],
        "dvar2": [4.09215408581e-06, 0.00195982912555, 0.00053932913579, 8.32548976177e-05, 0.000152741049533, 3.22352352669e-05, 1.5508641809e-05, 9.07265075512e-06, 6.22052539256e-06, 6.74915554555e-06, 3.24398411067e-06, 1.24503071675e-06, 7.24192375401e-07, 4.41835936726e-07, 3.78399988676e-07, 1.34096509896e-07, 8.75810073353e-08, 2.14221920203e-08, 1.35196831508e-08, 1.41971909784e-08, 5.89491016001e-08, 5.3825942814e-07, 2.88367050416e-06, 7.17668399375e-06, 8.29416148918e-06, 6.51191976431e-06, 2.49149047704e-06],
        "max": [0.0219251103699, 0.278404176235, 0.116919338703, 0.0599473044276, 0.103786148131, 0.0643368884921, 0.0649850070477, 0.0588137172163, 0.0357153713703, 0.0403963290155, 0.0374618396163, 0.0164428558201, 0.00543525535613, 0.0042822943069, 0.0124294087291, 0.004675692413, 0.00378804118372, 0.00249142874964, 0.00243356451392, 0.00179276545532, 0.00148161035031, 0.00442803837359, 0.0114726917818, 0.0132841449231, 0.014616121538, 0.0123260300606, 0.00878567062318],
        "mean": [0.00342736952007, 0.03173257038, 0.00462336977944, 0.00223255739547, 0.00377660500817, 0.00221661198884, 0.00182692834642, 0.00177221675403, 0.00070601614425, 0.00147203588858, 0.000797514512669, 0.000295800098684, 0.000173108783201, 0.000206147669815, 0.000269190379186, 0.000101967161754, 0.000116028670163, 5.82094726269e-05, 6.89406806487e-05, 4.99447414768e-05, 7.30697502149e-05, 0.000132830129587, 0.000266276794719, 0.000408324500313, 0.000433706823969, 0.000394071714254, 0.000246618961683],
        "median": [0.00240420317277, 0.0136140966788, 0.00108329800423, 0.000605706009082, 0.00154357496649, 0.000722675933503, 0.000434422370745, 0.00028776092222, 0.000129016087158, 0.000299710489344, 0.000112537047244, 7.89317855379e-05, 3.30063630827e-05, 4.73850996059e-05, 7.93760918896e-05, 2.47632488026e-05, 3.35560616804e-05, 2.18876339204e-05, 2.31254198297e-05, 1.93539290194e-05, 2.0044240955e-05, 1.19505621115e-05, 7.76859633334e-06, 7.17634247849e-06, 5.28305281478e-06, 3.32155059368e-06, 6.10441134086e-07],
        "min": [1.30932352314e-24, 2.00909738026e-24, 8.41978262628e-25, 4.06928671755e-25, 8.10024465586e-24, 8.20966834089e-24, 4.46807030185e-24, 3.84521255236e-24, 1.1616829588e-23, 1.36590287551e-23, 1.03030835134e-23, 2.76153286984e-23, 1.84334547673e-23, 3.44030855128e-23, 3.42292300356e-23, 4.2297655198e-23, 7.76219503878e-23, 7.46206880531e-23, 6.70758077854e-23, 1.90682953139e-22, 2.15086674476e-22, 2.93621425283e-22, 4.04241862788e-22, 5.58084178616e-22, 8.973083023e-22, 1.26477097057e-21, 1.91929873386e-21],
        "var": [1.06210163722e-05, 0.00209739315324, 0.000117941417557, 2.12509821722e-05, 4.83956100652e-05, 1.62755186466e-05, 1.58362217917e-05, 2.63390993496e-05, 4.95054882776e-06, 1.20343538583e-05, 3.72922067982e-06, 5.17435523761e-07, 1.94316285729e-07, 1.94816905719e-07, 2.56708290181e-07, 4.68703333922e-08, 4.98212351374e-08, 1.32584165868e-08, 1.85959905252e-08, 8.07003708303e-09, 2.43794691102e-08, 1.6464696273e-07, 8.59201861658e-07, 2.11758037949e-06, 2.41853535954e-06, 1.94988274416e-06, 7.64745664128e-07]
    },
    "erbbands": {
        "dmean": [0.512442111969, 3.77415299416, 5.831553936, 6.25955581665, 7.67123699188, 10.3264989853, 12.0045185089, 12.4420375824, 16.7795639038, 18.039899826, 20.1898326874, 12.4395780563, 22.0961112976, 26.4131183624, 18.6212444305, 12.0633106232, 8.90069007874, 9.82135105133, 10.2457876205, 7.24835968018, 4.88523817062, 4.20818805695, 2.93351578712, 2.37762737274, 2.09546709061, 2.01076126099, 2.25274467468, 3.24685978889, 5.13884305954, 8.1493024826, 10.4928979874, 10.9343185425, 9.38805198669, 6.79471826553, 4.08816146851, 2.23702263832, 0.966906249523, 0.300850123167, 0.0576358810067, 0.00326604302973],
        "dmean2": [0.574799954891, 4.86729860306, 9.7438211441, 11.0051269531, 13.0594301224, 17.5614433289, 19.6596603394, 20.9440593719, 26.7872619629, 28.2237281799, 29.9933300018, 21.2411403656, 34.1305351257, 38.3985366821, 29.4024448395, 20.6337242126, 16.043138504, 17.0504989624, 16.6768112183, 12.1694135666, 8.42326831818, 7.12700748444, 4.73482370377, 3.58661031723, 3.10425424576, 3.16517353058, 3.5361058712, 5.22760343552, 8.50055408478, 13.5142364502, 17.5005207062, 18.2804164886, 15.692070961, 11.3993721008, 6.8600358963, 3.72763586044, 1.6131490469, 0.50145059824, 0.0956245735288, 0.00547823449597],
        "dvar": [0.582151353359, 64.8498077393, 240.276687622, 298.775878906, 393.413574219, 740.170593262, 710.379699707, 840.350891113, 1351.32678223, 1646.82739258, 2805.47998047, 1009.31689453, 2708.3425293, 3769.58056641, 1846.89880371, 799.67779541, 554.19152832, 495.182220459, 514.244567871, 233.081558228, 133.373565674, 81.1184005737, 35.0079421997, 24.4534854889, 17.4652671814, 17.2110710144, 23.0364494324, 65.236869812, 214.646682739, 578.10357666, 1019.44555664, 1104.34960938, 828.01574707, 436.708648682, 156.378707886, 46.2052764893, 8.62143039703, 0.827360510826, 0.0299768727273, 9.89668478724e-05],
        "dvar2": [0.985848605633, 133.79675293, 669.995361328, 863.377197266, 1088.85546875, 2035.23913574, 1933.55529785, 2289.98168945, 3269.07275391, 3691.453125, 5070.45117188, 2722.65014648, 5777.44580078, 6750.38037109, 4016.13061523, 2007.83605957, 1548.08032227, 1340.54528809, 1256.78808594, 611.755981445, 364.782287598, 209.798049927, 78.4577026367, 46.4104995728, 35.4380187988, 39.9786643982, 55.8102073669, 164.615188599, 553.610900879, 1479.73681641, 2625.74609375, 2842.01586914, 2145.88085938, 1135.56530762, 405.565307617, 119.191635132, 22.1822471619, 2.1180794239, 0.0763709321618, 0.000255169026786],
        "max": [8.05252075195, 66.1775665283, 136.306167603, 198.435546875, 267.590820312, 422.231079102, 387.710083008, 642.558837891, 976.059143066, 1071.54064941, 1597.59985352, 573.910888672, 1144.10839844, 1477.62341309, 1037.33093262, 832.207214355, 243.339385986, 263.998504639, 735.409118652, 224.690795898, 281.714508057, 156.418640137, 148.675918579, 132.875274658, 136.701873779, 93.0088043213, 59.9696922302, 83.4046401978, 154.372116089, 196.130599976, 295.993225098, 327.930328369, 254.285415649, 233.40007019, 103.657295227, 60.7308959961, 22.8013114929, 7.37837696075, 1.42455208302, 0.0901534631848],
        "mean": [1.24076271057, 5.75550174713, 6.503657341, 7.16088867188, 9.34210300446, 11.9350423813, 16.8497142792, 16.7370605469, 26.5525398254, 30.1406517029, 38.0906791687, 15.8073892593, 32.8234596252, 48.131401062, 30.5635471344, 13.5216598511, 8.25557041168, 12.227850914, 14.4738531113, 9.20185756683, 5.47223138809, 4.94991970062, 3.86270403862, 3.54851388931, 3.21439242363, 2.68649792671, 2.57304954529, 3.18790078163, 4.30201387405, 6.37963247299, 7.92332315445, 8.14907646179, 6.90969228745, 4.97364425659, 3.00552964211, 1.65587711334, 0.720913827419, 0.226087138057, 0.0433242022991, 0.00244077597745],
        "median": [0.600983023643, 1.88656449318, 2.21888041496, 2.21386027336, 2.98613166809, 4.27210998535, 5.21781396866, 5.1858625412, 6.60142993927, 6.7458114624, 5.83234453201, 3.91701030731, 7.50202083588, 11.2010068893, 6.94010925293, 4.10667228699, 2.05927228928, 3.46222734451, 3.84144067764, 3.13305020332, 1.73215699196, 1.581569314, 1.44929027557, 1.22377455235, 1.13803696632, 1.08971869946, 0.778324365616, 0.698332548141, 0.436110198498, 0.317734539509, 0.215661853552, 0.156683638692, 0.108868300915, 0.0657884925604, 0.0343466699123, 0.0161063764244, 0.0056623602286, 0.00125026644673, 0.000124298996525, 6.62469828967e-05],
        "min": [8.81555343246e-23, 6.19360066456e-22, 2.39021713984e-21, 3.27894859297e-21, 1.03594952849e-20, 2.13126719895e-20, 2.42646792629e-20, 8.50917464959e-20, 9.16493112748e-20, 1.72492063609e-19, 2.50120857371e-19, 3.74853774233e-19, 3.75037434178e-19, 6.11219057457e-19, 9.09937137707e-19, 1.30569818627e-18, 1.24237399486e-18, 2.30611854323e-18, 3.12492333169e-18, 3.26762336109e-18, 4.69687751545e-18, 5.16912774846e-18, 4.65791234552e-18, 4.92703928013e-18, 5.81734039086e-18, 9.33112835955e-18, 8.38552278024e-18, 9.91782854288e-18, 1.06936288317e-17, 1.19318197742e-17, 1.22712889073e-17, 1.11959905069e-17, 9.19786873569e-18, 8.53177162126e-18, 6.16787802777e-18, 4.20183390708e-18, 2.166389333e-18, 9.51953983717e-19, 2.4670847885e-19, 2.67068864006e-20],
        "var": [2.34982967377, 106.136222839, 182.595336914, 211.453414917, 356.580535889, 601.817382812, 942.417297363, 1177.48010254, 3403.82202148, 5549.33740234, 14957.375, 1365.83691406, 6541.01367188, 13571.1953125, 4428.88525391, 944.842529297, 411.149169922, 591.580688477, 874.126281738, 288.41229248, 118.845474243, 85.8520889282, 53.4292945862, 57.3798751831, 41.1866950989, 22.3925819397, 26.5605335236, 58.3961791992, 167.731246948, 448.514984131, 775.356689453, 839.832214355, 622.154785156, 325.781921387, 117.311607361, 35.1624221802, 6.59853458405, 0.64130038023, 0.023528303951, 7.52977502998e-05]
    },
    "gfcc": {
        "mean": [-51.4234313965, 101.533462524, -82.2896728516, 17.2762298584, -38.6868133545, 15.7243461609, -16.7214393616, 11.3180675507, -12.3781995773, 5.8753695488, -9.80696868896, 4.53441476822, -1.20706105232],
        "cov": [[21119.5605469, -617.778747559, 901.566650391, 356.112731934, -1264.45874023, 465.289825439, -998.240966797, -89.5450210571, -372.675567627, -48.1015472412, -189.668655396, 87.3113098145, -463.408660889], [-617.778747559, 4681.77001953, -139.907470703, 207.420211792, 776.475769043, -495.714752197, 277.144714355, -275.056488037, 54.2039756775, -166.752349854, 130.074859619, -128.591201782, 286.009765625], [901.566650391, -139.907470703, 2112.83837891, 291.903808594, -27.8039665222, 199.890914917, -230.385848999, -125.05657959, -55.9067459106, -26.8663291931, 22.5256938934, 13.0086221695, -87.8558044434], [356.112731934, 207.420211792, 291.903808594, 566.070373535, 162.584823608, 135.753601074, 75.6524581909, 23.108171463, -36.0165176392, -14.0441198349, 13.7728691101, 41.8898773193, 76.0122756958], [-1264.45874023, 776.475769043, -27.8039665222, 162.584823608, 587.350769043, 18.2749633789, 294.901245117, 12.1424217224, 50.3410682678, -68.793006897, 13.9066476822, -17.9447917938, 154.932479858], [465.289825439, -495.714752197, 199.890914917, 135.753601074, 18.2749633789, 291.615661621, 72.4669265747, 102.999786377, 20.1156044006, 31.4179077148, 1.17031216621, 44.5728645325, 12.6155118942], [-998.240966797, 277.144714355, -230.385848999, 75.6524581909, 294.901245117, 72.4669265747, 373.626800537, 101.792640686, 77.0492248535, -3.3954076767, 26.5578975677, 19.6960678101, 134.830551147], [-89.5450210571, -275.056488037, -125.05657959, 23.108171463, 12.1424217224, 102.999786377, 101.792640686, 213.325424194, 98.5466079712, 68.1749954224, 19.7006759644, 9.80525970459, 8.95360088348], [-372.675567627, 54.2039756775, -55.9067459106, -36.0165176392, 50.3410682678, 20.1156044006, 77.0492248535, 98.5466079712, 201.545654297, 106.556091309, 65.0713806152, -12.3135509491, -9.85133266449], [-48.1015472412, -166.752349854, -26.8663291931, -14.0441198349, -68.793006897, 31.4179077148, -3.3954076767, 68.1749954224, 106.556091309, 182.875778198, 86.4320831299, 35.579120636, -17.3492012024], [-189.668655396, 130.074859619, 22.5256938934, 13.7728691101, 13.9066476822, 1.17031216621, 26.5578975677, 19.7006759644, 65.0713806152, 86.4320831299, 143.173171997, 59.0518493652, 23.3651885986], [87.3113098145, -128.591201782, 13.0086221695, 41.8898773193, -17.9447917938, 44.5728645325, 19.6960678101, 9.80525970459, -12.3135509491, 35.579120636, 59.0518493652, 126.577346802, 56.9491539001], [-463.408660889, 286.009765625, -87.8558044434, 76.0122756958, 154.932479858, 12.6155118942, 134.830551147, 8.95360088348, -9.85133266449, -17.3492012024, 23.3651885986, 56.9491539001, 180.439666748]],
        "icov": [[7.07082581357e-05, -6.06748944847e-05, 1.37170918606e-05, -3.86950159736e-05, 0.000143132798257, -0.000229058088735, 0.000137612689286, -3.89158922189e-05, 4.24427198595e-05, 3.15084216709e-05, 0.000113148635137, -0.000130092026666, 0.000124719343148], [-6.06748944847e-05, 0.000506593845785, -2.17990145757e-05, -0.000181214301847, -0.000459551665699, 0.000880506646354, -0.000139309442602, 0.000409651052905, -0.000289543299004, 0.000271924451226, -0.000757967180107, 0.000755178683903, -0.000606149493251], [1.37170918606e-05, -2.17990145757e-05, 0.000683662947267, -0.000270999473287, -0.000140583215398, -0.000763115414884, 0.000632569543086, 0.000525883107912, -0.000233776634559, 0.000257078005234, -0.000319622282404, 4.79223344882e-05, 0.000230327001191], [-3.86950159736e-05, -0.000181214301847, -0.000270999473287, 0.00255290116183, -0.00063915445935, -0.00101330538746, 0.000110512504762, -0.000508865225129, 0.00103602511808, -0.000490653503221, 3.98153642891e-05, -0.000305427704006, -0.000356579315849], [0.000143132798257, -0.000459551665699, -0.000140583215398, -0.00063915445935, 0.00447192415595, -0.000722421216778, -0.00225781695917, 0.000655192823615, -0.00101929169614, 0.00138519436587, 5.7427896536e-05, 0.000791879778262, -0.0010176616488], [-0.000229058088735, 0.000880506646354, -0.000763115414884, -0.00101330538746, -0.000722421216778, 0.00765521125868, -0.00183845078573, -0.00197095819749, 6.5919753979e-05, -0.000367604632629, 0.000303462875308, -0.000845663482323, -0.000176135101356], [0.000137612689286, -0.000139309442602, 0.000632569543086, 0.000110512504762, -0.00225781695917, -0.00183845078573, 0.00726806139573, -0.00182602391578, -0.00119763426483, 0.000907970010303, -0.0001902187214, -0.000241835674387, -0.00231459410861], [-3.89158922189e-05, 0.000409651052905, 0.000525883107912, -0.000508865225129, 0.000655192823615, -0.00197095819749, -0.00182602391578, 0.00919278338552, -0.00359799759462, -0.000747904996388, 0.000405368162319, 0.000745555851609, -0.000351463037077], [4.24427198595e-05, -0.000289543299004, -0.000233776634559, 0.00103602511808, -0.00101929169614, 6.5919753979e-05, -0.00119763426483, -0.00359799759462, 0.0114449998364, -0.00522051611915, -0.00230975961313, 0.00261185923591, 0.00155938719399], [3.15084216709e-05, 0.000271924451226, 0.000257078005234, -0.000490653503221, 0.00138519436587, -0.000367604632629, 0.000907970010303, -0.000747904996388, -0.00522051611915, 0.0121943820268, -0.00498019391671, -0.000988678424619, 2.11222049984e-05], [0.000113148635137, -0.000757967180107, -0.000319622282404, 3.98153642891e-05, 5.7427896536e-05, 0.000303462875308, -0.0001902187214, 0.000405368162319, -0.00230975961313, -0.00498019391671, 0.0146368043497, -0.00707949604839, 0.00110523356125], [-0.000130092026666, 0.000755178683903, 4.79223344882e-05, -0.000305427704006, 0.000791879778262, -0.000845663482323, -0.000241835674387, 0.000745555851609, 0.00261185923591, -0.000988678424619, -0.00707949604839, 0.0157102439553, -0.00585031881928], [0.000124719343148, -0.000606149493251, 0.000230327001191, -0.000356579315849, -0.0010176616488, -0.000176135101356, -0.00231459410861, -0.000351463037077, 0.00155938719399, 2.11222049984e-05, 0.00110523356125, -0.00585031881928, 0.0115090636536]]
    },
    "melbands": {
        "dmean": [0.00453563593328, 0.00352828623727, 0.00109315733425, 0.000674442911986, 0.000418531475589, 0.00028278346872, 0.000252874247963, 0.000188991849427, 0.000154035617015, 8.1367281382e-05, 0.000111149987788, 0.00011071778863, 7.14290727046e-05, 3.55618722097e-05, 2.4030376153e-05, 1.8874212401e-05, 1.83480842679e-05, 1.5935389456e-05, 1.15730927064e-05, 8.18737862573e-06, 5.82347456657e-06, 4.70337226943e-06, 3.83723590858e-06, 2.61952277469e-06, 2.00422300622e-06, 1.6549989823e-06, 1.25212989133e-06, 1.39629560181e-06, 1.37395772981e-06, 1.56407759277e-06, 2.04736852538e-06, 2.68760663857e-06, 3.66487347492e-06, 4.90091997563e-06, 5.88083548791e-06, 6.60953082843e-06, 6.73596878187e-06, 6.53957522445e-06, 6.38454321233e-06, 5.53373411094e-06],
        "dmean2": [0.00535035971552, 0.00503789912909, 0.00192338018678, 0.00113855767995, 0.00069772975985, 0.000475235341582, 0.000402614678023, 0.000295305566397, 0.00023144883744, 0.000138263625558, 0.000171421197592, 0.000160685551236, 0.000112564594019, 6.06406138104e-05, 4.26673905167e-05, 3.38654062944e-05, 3.16848781949e-05, 2.61712757492e-05, 1.94498588826e-05, 1.37546521728e-05, 1.01038531284e-05, 7.9964293036e-06, 6.32545970802e-06, 4.21788081439e-06, 3.04606055579e-06, 2.51438700616e-06, 1.93502978618e-06, 2.22389826376e-06, 2.18464970203e-06, 2.509649903e-06, 3.32536751557e-06, 4.47269030701e-06, 6.07325591773e-06, 8.1810158008e-06, 9.84472171695e-06, 1.11002118501e-05, 1.12811967483e-05, 1.09440079541e-05, 1.07688392745e-05, 9.30197802518e-06],
        "dvar": [6.20394494035e-05, 6.38119963696e-05, 8.84191013029e-06, 3.32893318955e-06, 8.75126715982e-07, 4.24308666425e-07, 3.01981202711e-07, 1.81286992529e-07, 1.63667152719e-07, 4.52112480787e-08, 6.7532880621e-08, 7.07182934434e-08, 3.00243208073e-08, 7.15685244401e-09, 3.60812490996e-09, 2.32488828189e-09, 1.67166724907e-09, 1.2478917899e-09, 6.03724681358e-10, 3.09381936736e-10, 1.89923826666e-10, 1.06204794958e-10, 7.18711756775e-11, 3.65842807437e-11, 2.20823134084e-11, 1.2444621722e-11, 7.54378504109e-12, 8.99255236247e-12, 8.80759441074e-12, 1.30941698456e-11, 2.73750536128e-11, 5.9516447326e-11, 1.15939868817e-10, 2.187049708e-10, 3.28093524571e-10, 4.15682821497e-10, 4.28268753794e-10, 4.0728082018e-10, 4.03948346994e-10, 2.93951002428e-10],
        "dvar2": [0.000118982527056, 0.000156507536303, 2.55342329183e-05, 9.05254728423e-06, 2.43301678893e-06, 1.16204421374e-06, 7.31591796921e-07, 4.03876072141e-07, 3.04123517481e-07, 1.16400229899e-07, 1.43536325936e-07, 1.24763303688e-07, 6.38747224002e-08, 1.7667970198e-08, 9.9571400014e-09, 6.4786815912e-09, 4.45250902814e-09, 3.10681791404e-09, 1.59699420355e-09, 7.88129783658e-10, 5.08536157628e-10, 2.75220179979e-10, 1.64690081017e-10, 7.37597413702e-11, 4.32756816493e-11, 2.67728426234e-11, 1.71170300156e-11, 2.11613140205e-11, 2.14970992396e-11, 3.25068513773e-11, 6.98303914692e-11, 1.5537179876e-10, 2.9815894198e-10, 5.62492663558e-10, 8.48111803009e-10, 1.0779837023e-09, 1.1056381366e-09, 1.05720221466e-09, 1.05610498125e-09, 7.66781971251e-10],
        "max": [0.075891315937, 0.0687792897224, 0.0301322788, 0.0270673446357, 0.0141837056726, 0.0141273802146, 0.0150123769417, 0.00984284467995, 0.0119919087738, 0.0040824576281, 0.00572476070374, 0.00644139526412, 0.00524723529816, 0.00198005675338, 0.000834134349134, 0.000530693971086, 0.000469545891974, 0.00105100939982, 0.000544163456652, 0.000298582424875, 0.00034443475306, 0.00018279372307, 0.000178100191988, 0.000197317654965, 0.000123630292364, 0.000118020441732, 7.28792874725e-05, 7.1248250606e-05, 4.77342982776e-05, 3.94093549403e-05, 5.73928628e-05, 8.40284774313e-05, 0.00010636953084, 0.0001502953819, 0.000182615636731, 0.000183291311259, 0.000226421761909, 0.000189326819964, 0.000209068894037, 0.000179390102858],
        "mean": [0.00997951254249, 0.00488959578797, 0.00125531689264, 0.000794917345047, 0.000560045940802, 0.000390627770685, 0.000406815350289, 0.000325382425217, 0.000277826009551, 9.78198077064e-05, 0.000165582459886, 0.000198481546249, 0.000118630858196, 3.9652655687e-05, 2.28069238801e-05, 1.74559099833e-05, 2.29187917284e-05, 2.17216838792e-05, 1.50921459863e-05, 9.80193999567e-06, 6.18835474597e-06, 5.26042822457e-06, 4.69268661618e-06, 3.26234635395e-06, 2.7931951081e-06, 2.38604843616e-06, 1.75202615083e-06, 1.761480803e-06, 1.55043551331e-06, 1.61846492119e-06, 1.92846846403e-06, 2.24704785978e-06, 2.94192636829e-06, 3.77226206183e-06, 4.44690067525e-06, 4.88664591103e-06, 5.00423357153e-06, 4.8088809308e-06, 4.65914126835e-06, 4.03695139539e-06],
        "median": [0.00471903383732, 0.00195381278172, 0.000441896379925, 0.000267417693976, 0.00018982772599, 0.000120892407722, 0.000101861864096, 7.03499681549e-05, 3.94901362597e-05, 2.06415606954e-05, 3.67424618162e-05, 4.10045795434e-05, 1.9867944502e-05, 1.07693122118e-05, 5.50089043827e-06, 3.62481637239e-06, 5.44249269296e-06, 5.15419060321e-06, 4.80115431856e-06, 2.57841793427e-06, 1.56899000103e-06, 1.52440202328e-06, 1.10494431738e-06, 1.22871369967e-06, 7.80246523391e-07, 7.87840974681e-07, 6.79678237248e-07, 6.46056605547e-07, 4.51659957434e-07, 4.01312178155e-07, 3.74780000811e-07, 2.30883529184e-07, 2.14210729155e-07, 1.50977029989e-07, 1.31336094e-07, 9.63669251064e-08, 8.78013892702e-08, 7.70334978029e-08, 6.42019557517e-08, 5.01072072723e-08],
        "min": [1.04957085553e-24, 1.47821588193e-24, 1.43057154288e-24, 9.87607211936e-25, 1.21323592615e-24, 1.96647364783e-24, 1.05738807267e-24, 2.20413574489e-24, 2.19774873258e-24, 1.96142158537e-24, 1.59451212316e-24, 2.02691419823e-24, 2.28523399861e-24, 2.2057069586e-24, 3.48691508465e-24, 2.23262447041e-24, 3.80515419559e-24, 3.83279351513e-24, 2.73547142988e-24, 2.32819713845e-24, 4.63849186751e-24, 4.69907677946e-24, 4.03432972704e-24, 3.00036066667e-24, 3.09537107409e-24, 2.5188176848e-24, 3.98371483364e-24, 4.53974225939e-24, 4.00453011191e-24, 4.82549489496e-24, 5.37252536209e-24, 6.32638401982e-24, 4.26991830322e-24, 5.65198091549e-24, 5.94500487646e-24, 5.48937775026e-24, 5.34619673495e-24, 6.37900695866e-24, 5.14262092317e-24, 6.34485046475e-24],
        "var": [0.000171928084455, 7.55559522077e-05, 6.2109324972e-06, 2.8207584819e-06, 9.87730800261e-07, 6.18301669419e-07, 7.67220569742e-07, 6.62205252411e-07, 8.3693794295e-07, 7.52545261662e-08, 1.65437896271e-07, 2.5951149496e-07, 7.91848222548e-08, 8.77863914894e-09, 2.91099544469e-09, 1.79809866996e-09, 2.27551311127e-09, 1.96971616795e-09, 7.21072868082e-10, 3.97252647444e-10, 1.80904069502e-10, 1.1030276692e-10, 1.12731754487e-10, 5.49170604824e-11, 4.79253373098e-11, 2.61403138718e-11, 1.12568114552e-11, 1.0864654662e-11, 9.94325021625e-12, 1.32959867075e-11, 2.34296141516e-11, 4.56363558055e-11, 8.97903626451e-11, 1.67160660314e-10, 2.47454057245e-10, 3.10863723652e-10, 3.23416571302e-10, 3.04862940448e-10, 2.96762725505e-10, 2.17834500438e-10]
    },
    "mfcc": {
        "mean": [-706.674804688, 143.139846802, 19.1379985809, 18.7072811127, 7.09251499176, 10.9712734222, 7.91208362579, 9.45774841309, 10.2964258194, 8.209608078, 1.17993068695, 0.156667158008, 4.59865379333],
        "cov": [[11257.3242188, -326.771331787, 1099.44555664, -172.732940674, -19.6532554626, 9.29441070557, -361.671539307, -168.650161743, -464.041534424, -268.143798828, 15.8301019669, 82.6811141968, -141.232131958], [-326.771331787, 3743.04589844, -101.013320923, 593.594726562, 262.561889648, 34.5336875916, 78.1504211426, -94.1725692749, -22.1251220703, -62.0130615234, -86.464225769, -92.1329956055, -22.8838806152], [1099.44555664, -101.013320923, 1564.93811035, 140.116760254, 251.417190552, 151.799377441, -32.2791213989, -47.5745849609, -150.890655518, -79.6498565674, -4.8341345787, 18.7082805634, -36.4170646667], [-172.732940674, 593.594726562, 140.116760254, 520.107543945, 181.071395874, 137.076431274, 122.116081238, 50.6338882446, 49.7394523621, -8.79681777954, -36.3124923706, -45.2926712036, -10.5330038071], [-19.6532554626, 262.561889648, 251.417190552, 181.071395874, 269.012115479, 111.579734802, 74.9639205933, 45.9450111389, 23.3753929138, 9.51990318298, -6.05913066864, -21.038860321, -22.8444633484], [9.29441070557, 34.5336875916, 151.799377441, 137.076431274, 111.579734802, 209.026412964, 117.538459778, 67.5786819458, 48.8103294373, -2.52504634857, -13.4344453812, 4.9366440773, 33.3960113525], [-361.671539307, 78.1504211426, -32.2791213989, 122.116081238, 74.9639205933, 117.538459778, 227.024002075, 122.381271362, 103.615753174, 31.3397350311, -44.730266571, -33.7023582458, 28.5668010712], [-168.650161743, -94.1725692749, -47.5745849609, 50.6338882446, 45.9450111389, 67.5786819458, 122.381271362, 186.232055664, 114.270706177, 55.3922653198, 1.99510502815, -23.9438819885, 4.71145057678], [-464.041534424, -22.1251220703, -150.890655518, 49.7394523621, 23.3753929138, 48.8103294373, 103.615753174, 114.270706177, 216.800537109, 104.255500793, 6.65816688538, -16.063741684, 19.134721756], [-268.143798828, -62.0130615234, -79.6498565674, -8.79681777954, 9.51990318298, -2.52504634857, 31.3397350311, 55.3922653198, 104.255500793, 184.820648193, 76.8541030884, 11.6547622681, 7.20306444168], [15.8301019669, -86.464225769, -4.8341345787, -36.3124923706, -6.05913066864, -13.4344453812, -44.730266571, 1.99510502815, 6.65816688538, 76.8541030884, 184.343154907, 104.185974121, 15.1370973587], [82.6811141968, -92.1329956055, 18.7082805634, -45.2926712036, -21.038860321, 4.9366440773, -33.7023582458, -23.9438819885, -16.063741684, 11.6547622681, 104.185974121, 189.926956177, 96.1707077026], [-141.232131958, -22.8838806152, -36.4170646667, -10.5330038071, -22.8444633484, 33.3960113525, 28.5668010712, 4.71145057678, 19.134721756, 7.20306444168, 15.1370973587, 96.1707077026, 169.702011108]],
