{
"lowlevel": {
    "average_loudness": 0.736054360867,
    "barkbands_crest": {
        "dmean": 3.23008108139,
        "dmean2": 4.77452802658,
        "dvar": 14.0118913651,
        "dvar2": 26.3569278717,
        "max": 26.9371795654,
        "mean": 14.2851581573,
        "median": 13.1312665939,
        "min": 2.82098293304,
        "var": 41.0747451782
    },
    "barkbands_flatness_db": {
        "dmean": 0.0475770719349,
        "dmean2": 0.0666684135795,
        "dvar": 0.00392881873995,
        "dvar2": 0.00684705656022,
        "max": 0.756365478039,
        "mean": 0.171387761831,
        "median": 0.139428630471,
        "min": 0.0124336183071,
        "var": 0.0141935935244
    },
    "barkbands_kurtosis": {
        "dmean": 33.494228363,
        "dmean2": 55.420337677,
        "dvar": 13542.5820312,
        "dvar2": 34926.8007812,
        "max": 2646.83764648,
        "mean": 35.9169692993,
        "median": 6.86106395721,
        "min": -1.86288428307,
        "var": 11896.2070312
    },
    "barkbands_skewness": {
        "dmean": 1.65108823776,
        "dmean2": 2.46282315254,
        "dvar": 9.8094329834,
        "dvar2": 22.2147865295,
        "max": 50.7245445251,
        "mean": 3.51480770111,
        "median": 2.50533986092,
        "min": -3.03601408005,
        "var": 14.1826238632
    },
    "barkbands_spread": {
        "dmean": 10.4428224564,
        "dmean2": 14.9944133759,
        "dvar": 194.823806763,
        "dvar2": 365.598754883,
        "max": 118.270088196,
        "mean": 24.1088294983,
        "median": 18.7661590576,
        "min": 0.0243105068803,
        "var": 434.999938965
    },
    "dissonance": {
        "dmean": 0.0243139956146,
        "dmean2": 0.0403483882546,
        "dvar": 0.000933070201427,
        "dvar2": 0.00249506602995,
        "max": 0.500000178814,
        "mean": 0.453450530767,
        "median": 0.465007483959,
        "min": 0.0796912759542,
        "var": 0.001725330716
    },
    "dynamic_complexity": 2.9698677063,
    "erbbands_crest": {
        "dmean": 3.02318286896,
        "dmean2": 4.7769112587,
        "dvar": 9.30338001251,
        "dvar2": 20.8826389313,
        "max": 33.669002533,
        "mean": 9.28010749817,
        "median": 8.02960968018,
        "min": 1.74072146416,
        "var": 26.0340576172
    },
    "erbbands_flatness_db": {
        "dmean": 0.0219308324158,
        "dmean2": 0.0334671661258,
        "dvar": 0.00100429821759,
        "dvar2": 0.00207056012005,
        "max": 0.414487421513,
        "mean": 0.121196016669,
        "median": 0.0903905704618,
        "min": 0.0183412302285,
        "var": 0.00575009826571
    },
    "erbbands_kurtosis": {
        "dmean": 1.79963886738,
        "dmean2": 3.08200716972,
        "dvar": 57.7797813416,
        "dvar2": 158.008392334,
        "max": 196.801864624,
        "mean": 0.847621202469,
        "median": -0.58070731163,
        "min": -1.78883051872,
        "var": 47.2963676453
    },
    "erbbands_skewness": {
        "dmean": 0.490794122219,
        "dmean2": 0.77976167202,
        "dvar": 0.561021745205,
        "dvar2": 1.41165888309,
        "max": 10.6779499054,
        "mean": 0.575447559357,
        "median": 0.437575221062,
        "min": -2.72922825813,
        "var": 0.921591639519
    },
    "erbbands_spread": {
        "dmean": 11.9916381836,
        "dmean2": 18.4750804901,
        "dvar": 175.46635437,
        "dvar2": 424.897674561,
        "max": 174.519638062,
        "mean": 58.2546424866,
        "median": 59.805847168,
        "min": 1.15783536434,
        "var": 692.654296875
    },
    "hfc": {
        "dmean": 25.4155330658,
        "dmean2": 38.0659217834,
        "dvar": 1974.55249023,
        "dvar2": 4323.24462891,
        "max": 488.316345215,
        "mean": 41.6204299927,
        "median": 20.4796352386,
        "min": 1.29270317057e-16,
        "var": 2714.06469727
    },
    "melbands_crest": {
        "dmean": 4.11004734039,
        "dmean2": 6.264108181,
        "dvar": 22.6832523346,
        "dvar2": 48.026714325,
        "max": 39.9858818054,
        "mean": 21.2521591187,
        "median": 21.1394252777,
        "min": 1.00157499313,
        "var": 64.6000595093
    },
    "melbands_flatness_db": {
        "dmean": 0.0556828603148,
        "dmean2": 0.0749677792192,
        "dvar": 0.00506213866174,
        "dvar2": 0.00836169999093,
        "max": 0.834152817726,
        "mean": 0.259944975376,
        "median": 0.223505049944,
        "min": -1.38058368293e-07,
        "var": 0.0193835292011
    },
    "melbands_kurtosis": {
        "dmean": 48.0033607483,
        "dmean2": 76.2159881592,
        "dvar": 21997.9707031,
        "dvar2": 57756.0429688,
        "max": 4462.65039062,
        "mean": 70.9521636963,
        "median": 25.0014972687,
        "min": -1.78346776962,
        "var": 20712.71875
    },
    "melbands_skewness": {
        "dmean": 1.96887481213,
        "dmean2": 2.99314928055,
        "dvar": 11.1408433914,
        "dvar2": 26.8614997864,
        "max": 64.9765014648,
        "mean": 5.40162277222,
        "median": 4.08832550049,
        "min": -2.88057088852,
        "var": 17.8804931641
    },
    "melbands_spread": {
        "dmean": 8.66465091705,
        "dmean2": 12.7843351364,
        "dvar": 167.036453247,
        "dvar2": 359.360961914,
        "max": 197.99786377,
        "mean": 16.4834938049,
        "median": 11.1370992661,
        "min": 0.0315557532012,
        "var": 318.424835205
    },
    "pitch_salience": {
        "dmean": 0.106332749128,
        "dmean2": 0.159747764468,
        "dvar": 0.0150185022503,
        "dvar2": 0.0314576029778,
        "max": 0.996068477631,
        "mean": 0.409588843584,
        "median": 0.435707718134,
        "min": 0.00224344106391,
        "var": 0.0353458076715
    },
    "silence_rate_20dB": {
        "dmean": 0.0214592274278,
        "dmean2": 0.0429224595428,
        "dvar": 0.020996293053,
        "dvar2": 0.0451763048768,
        "max": 1,
        "mean": 0.970053195953,
        "median": 1,
        "min": 0,
        "var": 0.0290411319584
    },
    "silence_rate_30dB": {
        "dmean": 0.0903153568506,
        "dmean2": 0.180647566915,
        "dvar": 0.0821638181806,
        "dvar2": 0.156220078468,
        "max": 1,
        "mean": 0.693721413612,
        "median": 1,
        "min": 0,
        "var": 0.212448626757
    },
    "silence_rate_60dB": {
        "dmean": 0.0391864143312,
        "dmean2": 0.0782868340611,
        "dvar": 0.0376499779522,
        "dvar2": 0.0868790224195,
        "max": 1,
        "mean": 0.0785521045327,
        "median": 0,
        "min": 0,
        "var": 0.0723759606481
    },
    "spectral_centroid": {
        "dmean": 367.951873779,
        "dmean2": 538.429626465,
        "dvar": 183790.1875,
        "dvar2": 364839.15625,
        "max": 11059.7294922,
        "mean": 1394.10327148,
        "median": 1324.52539062,
        "min": 62.656879425,
        "var": 602265.8125
    },
    "spectral_complexity": {
        "dmean": 7.47471523285,
        "dmean2": 10.9883365631,
        "dvar": 75.9304580688,
        "dvar2": 138.864059448,
        "max": 62,
        "mean": 16.9613761902,
        "median": 13,
        "min": 0,
        "var": 165.083816528
    },
    "spectral_decrease": {
        "dmean": 7.34772953592e-09,
        "dmean2": 9.7386916309e-09,
        "dvar": 1.09276137424e-16,
        "dvar2": 1.85443451006e-16,
        "max": 1.35359408923e-19,
        "mean": -2.23806377875e-08,
        "median": -1.30873090143e-08,
        "min": -1.90596793459e-07,
        "var": 6.03270735199e-16
    },
    "spectral_energy": {
        "dmean": 0.0283966492862,
        "dmean2": 0.0379427298903,
        "dvar": 0.0015268754214,
        "dvar2": 0.00267905020155,
        "max": 0.723636209965,
        "mean": 0.0882448405027,
        "median": 0.0547520890832,
        "min": 1.19076575054e-20,
        "var": 0.00872595235705
    },
    "spectral_energyband_high": {
        "dmean": 0.00214699981734,
        "dmean2": 0.00319842481986,
        "dvar": 1.75329350895e-05,
        "dvar2": 3.80085984943e-05,
        "max": 0.0459046438336,
        "mean": 0.00306402659044,
        "median": 0.000962002086453,
        "min": 8.29124083096e-21,
        "var": 2.43871363637e-05
    },
    "spectral_energyband_low": {
        "dmean": 0.0240492019802,
        "dmean2": 0.0292375944555,
        "dvar": 0.00165998318698,
        "dvar2": 0.0023524267599,
        "max": 0.719135284424,
        "mean": 0.0704254582524,
        "median": 0.0284214541316,
        "min": 1.90556331497e-22,
        "var": 0.00878243800253
    },
    "spectral_energyband_middle_high": {
        "dmean": 0.00317140994594,
        "dmean2": 0.00496914796531,
        "dvar": 3.65312371287e-05,
        "dvar2": 8.73449607752e-05,
        "max": 0.0813310071826,
        "mean": 0.00392714561895,
        "median": 0.00173665140755,
        "min": 1.92587659688e-21,
        "var": 3.64879560948e-05
    },
    "spectral_energyband_middle_low": {
        "dmean": 0.00629850570112,
        "dmean2": 0.00948919635266,
        "dvar": 0.000108216176159,
        "dvar2": 0.000233328450122,
        "max": 0.147508770227,
        "mean": 0.011004185304,
        "median": 0.00878339167684,
        "min": 3.2684026965e-22,
        "var": 0.000124413927551
    },
    "spectral_entropy": {
        "dmean": 0.284029066563,
        "dmean2": 0.404512107372,
        "dvar": 0.153673037887,
        "dvar2": 0.295696675777,
        "max": 9.80260658264,
        "mean": 7.69260787964,
        "median": 7.85095453262,
        "min": 4.47125434875,
        "var": 0.594709575176
    },
    "spectral_flux": {
        "dmean": 0.0583662502468,
        "dmean2": 0.0831274986267,
        "dvar": 0.00433630030602,
        "dvar2": 0.00855974107981,
        "max": 0.688145518303,
        "mean": 0.131092712283,
        "median": 0.100062437356,
        "min": 1.09122211267e-10,
        "var": 0.0108020221815
    },
    "spectral_kurtosis": {
        "dmean": 3.54278182983,
        "dmean2": 5.38434839249,
        "dvar": 176.895172119,
        "dvar2": 311.214874268,
        "max": 284.460205078,
        "mean": 7.36328887939,
        "median": 2.29198551178,
        "min": -1.20620775223,
        "var": 573.26940918
    },
    "spectral_rms": {
        "dmean": 0.00160899397451,
        "dmean2": 0.00218535587192,
        "dvar": 3.61260845239e-06,
        "dvar2": 6.92112962497e-06,
        "max": 0.0265704076737,
        "mean": 0.00795182958245,
        "median": 0.00730867078528,
        "min": 3.40840528544e-12,
        "var": 2.28606368182e-05
    },
    "spectral_rolloff": {
        "dmean": 952.414001465,
        "dmean2": 1530.73828125,
        "dvar": 3066813,
        "dvar2": 6479006,
        "max": 19509.0820312,
        "mean": 1370.20361328,
        "median": 538.330078125,
        "min": 21.533203125,
        "var": 4515613
    },
    "spectral_skewness": {
        "dmean": 0.342483311892,
        "dmean2": 0.524480462074,
        "dvar": 0.630688667297,
        "dvar2": 1.16920113564,
        "max": 14.2176742554,
        "mean": 1.67001795769,
        "median": 1.31220781803,
        "min": -0.0115141207352,
        "var": 2.25057816505
    },
    "spectral_spread": {
        "dmean": 823782.5625,
        "dmean2": 1260562.75,
        "dvar": 1.86352572826e+12,
        "dvar2": 4.236214272e+12,
        "max": 40223724,
        "mean": 6719314.5,
        "median": 7262261,
        "min": 361928.75,
        "var": 5.30535468237e+12
    },
    "spectral_strongpeak": {
        "dmean": 0.348489522934,
        "dmean2": 0.551267683506,
        "dvar": 0.31776714325,
        "dvar2": 0.745486676693,
        "max": 12.44227314,
        "mean": 0.784150004387,
        "median": 0.674882292747,
        "min": 0,
        "var": 0.497584015131
    },
    "zerocrossingrate": {
        "dmean": 0.0224769730121,
        "dmean2": 0.0253494828939,
        "dvar": 0.000833592435811,
        "dvar2": 0.00144863245077,
        "max": 0.513671875,
        "mean": 0.0634038150311,
        "median": 0.05322265625,
        "min": 0,
        "var": 0.0027614440769
    },
    "barkbands": {
        "dmean": [0.00444259541109, 0.0209504831582, 0.00567537499592, 0.00230653677136, 0.00184186524712, 0.000907941372134, 0.000672686903272, 0.00128736754414, 0.00176867574919, 0.000989861320704, 0.000655192881823, 0.000452053092886, 0.000338351761457, 0.00020527545712, 0.000188324556802, 0.000263980677119, 0.000240447043325, 0.000306636822643, 0.000335882679792, 0.000298421771731, 0.000294310942991, 0.000331911287503, 0.000394672621042, 0.000358411314664, 0.000413197412854, 0.000229876706726, 0.000141937125591],
        "dmean2": [0.00755038810894, 0.0275022871792, 0.00914965197444, 0.00391306495294, 0.0031537974719, 0.00138195487671, 0.00108274619561, 0.0021496291738, 0.00283200852573, 0.00163360359147, 0.00109841278754, 0.000760974886362, 0.000529151817318, 0.000322772248182, 0.000308024114929, 0.000436670088675, 0.000397001364036, 0.000492632912938, 0.000543101283256, 0.000463023665361, 0.000466043158667, 0.000507416494656, 0.000606646237429, 0.000539491767995, 0.0006136604934, 0.000344070722349, 0.000219975612708],
        "dvar": [9.5876690466e-05, 0.00172467110679, 0.000190210761502, 3.83738479286e-05, 2.82511336991e-05, 2.20223546421e-06, 1.45648255057e-06, 5.31874320586e-06, 1.28493475131e-05, 5.03343608216e-06, 2.62983894572e-06, 2.29560350817e-06, 5.02463365137e-07, 2.55129236848e-07, 2.82668565887e-07, 2.82716740685e-07, 2.06931218827e-07, 7.39768665881e-07, 6.3515489046e-07, 3.49786432707e-07, 2.93182466748e-07, 4.422900588e-07, 7.06817274931e-07, 4.86999056193e-07, 7.30702822693e-07, 2.66873456667e-07, 9.50818801471e-08],
        "dvar2": [0.000251882884186, 0.0023278137669, 0.000476629851619, 0.000108917411126, 7.81407215982e-05, 5.85116140428e-06, 3.68270502804e-06, 1.38887444336e-05, 3.06730289594e-05, 1.24336320368e-05, 6.70900772093e-06, 6.18352078163e-06, 1.14966167075e-06, 5.81754932227e-07, 7.54498785227e-07, 7.21572575912e-07, 5.30216993866e-07, 1.78919503924e-06, 1.56987482569e-06, 7.87795556789e-07, 6.85849101956e-07, 1.01531600194e-06, 1.59811077083e-06, 9.97740471576e-07, 1.6146566395e-06, 5.99167094606e-07, 2.1926940974e-07],
        "max": [0.0911978036165, 0.702081561089, 0.210214599967, 0.123798921704, 0.0866145789623, 0.0174965020269, 0.0156222777441, 0.0573107674718, 0.0579778887331, 0.0364225171506, 0.0309707038105, 0.0274821929634, 0.0193985402584, 0.0191501807421, 0.0164309851825, 0.00607903813943, 0.00925740413368, 0.0251459665596, 0.0159069001675, 0.00742888636887, 0.00829012971371, 0.0153328683227, 0.00848434958607, 0.00772306043655, 0.00940575823188, 0.00566609948874, 0.00322541687638],
        "mean": [0.00512221083045, 0.0573549456894, 0.00803682487458, 0.0025878183078, 0.00223407708108, 0.00131445401348, 0.000849652627949, 0.00164096162189, 0.00174658279866, 0.0010423194617, 0.000560264161322, 0.000397021882236, 0.000349249108694, 0.000269397016382, 0.000192286737729, 0.000256016908679, 0.000275412487099, 0.000346704153344, 0.00037481583422, 0.000406197912525, 0.000424526137067, 0.000491183716804, 0.000492162827868, 0.000507648626808, 0.00053627602756, 0.000277312792605, 0.000158397684572],
        "median": [0.000316737889079, 0.0158173553646, 0.00269355392084, 0.00102118554059, 0.000937676755711, 0.000573688419536, 0.000328395195538, 0.000497749366332, 0.000404136109864, 0.000172956264578, 0.00010771235975, 9.7130316135e-05, 8.33644444356e-05, 6.59566285321e-05, 6.65033585392e-05, 7.08274747012e-05, 0.00012418620463, 0.000114767623018, 0.00014374035527, 0.000126530125272, 0.000137161143357, 0.000156654365128, 0.000124442391098, 0.000125299804495, 0.000149666884681, 9.41103644436e-05, 3.79359516955e-05],
        "min": [8.61119301962e-23, 2.44530109436e-23, 1.06139316288e-22, 4.96294010263e-23, 6.82991101684e-23, 5.92617492442e-23, 3.68491885631e-23, 4.49974716927e-23, 6.41206212385e-23, 5.04537953822e-23, 1.94481791714e-23, 9.04137969716e-23, 6.84268362153e-23, 2.57656915826e-22, 1.67005349867e-22, 1.12498709009e-22, 3.35614826296e-22, 2.84610689992e-22, 3.05895267931e-22, 4.19164031401e-22, 4.55402711044e-22, 6.91548942463e-22, 6.82545780236e-22, 7.4302674872e-22, 1.33852413882e-21, 1.84763391393e-21, 2.61302801214e-21],
        "var": [8.86993366294e-05, 0.00751608470455, 0.000189293947187, 2.52458758041e-05, 1.96435521502e-05, 3.51525682163e-06, 1.70842019998e-06, 7.06811033524e-06, 1.26062013805e-05, 5.84508006796e-06, 2.10255325328e-06, 1.60554088779e-06, 5.70563543079e-07, 3.13678896191e-07, 2.1381809745e-07, 2.43504473474e-07, 1.95954172e-07, 6.64333470013e-07, 5.51276514216e-07, 4.21635320436e-07, 4.57583269053e-07, 6.07833840149e-07, 8.72664884355e-07, 7.34501156785e-07, 9.26297047954e-07, 3.05902744913e-07, 9.86199495401e-08]
    },
    "erbbands": {
        "dmean": [0.980885148048, 4.12629938126, 7.32185649872, 6.13442564011, 6.41772651672, 6.89455604553, 5.3041844368, 9.25424766541, 8.70011711121, 17.5699863434, 32.2158241272, 38.8384056091, 30.4804592133, 28.7141513824, 24.9920864105, 15.8337345123, 15.0623035431, 11.8974142075, 9.64191818237, 10.7007770538, 13.2766580582, 12.1164875031, 13.6717071533, 18.1201705933, 18.1317272186, 14.9390411377, 12.4650993347, 11.6297931671, 12.1329135895, 10.3237686157, 11.9568929672, 8.33649921417, 6.04304552078, 4.58627080917, 2.96858119965, 1.11373710632, 0.435138821602, 0.105635099113, 0.0261218231171, 0.00165642425418],
        "dmean2": [1.21527409554, 6.217856884, 11.0541715622, 10.0664415359, 10.6710348129, 12.3210525513, 9.41355133057, 13.5892696381, 13.406578064, 28.1808319092, 53.4072723389, 63.2123336792, 47.4231872559, 48.8274078369, 41.3718261719, 25.5040473938, 23.3164844513, 18.5379047394, 15.4727945328, 17.7217540741, 21.4555110931, 19.7039642334, 22.1655883789, 28.9127254486, 29.0726528168, 23.5384712219, 19.7604541779, 18.4512462616, 18.4944019318, 15.7665567398, 18.5900650024, 12.2700080872, 9.2538394928, 6.9396033287, 4.46795463562, 1.67901313305, 0.653227984905, 0.162139281631, 0.0408341102302, 0.00257691298611],
        "dvar": [4.48719978333, 65.0039749146, 251.853652954, 262.536193848, 300.46963501, 499.096832275, 186.21697998, 211.946868896, 202.699890137, 843.861083984, 4240.49462891, 7348.91748047, 3714.09619141, 6657.91503906, 4159.07763672, 1780.72753906, 1106.56530762, 733.275817871, 529.612915039, 638.083007812, 598.680236816, 589.394836426, 807.530883789, 2439.36743164, 2763.68676758, 915.08984375, 480.181976318, 486.218383789, 528.711364746, 509.845733643, 766.097290039, 267.022033691, 139.254745483, 82.1098861694, 42.9066352844, 6.22656393051, 1.03700757027, 0.0523936748505, 0.00335831963457, 1.28415449581e-05],
        "dvar2": [5.08393192291, 119.940559387, 567.284851074, 690.196289062, 836.451904297, 1433.35620117, 550.616821289, 503.61505127, 471.385986328, 2005.58874512, 10681.7539062, 18208.5585938, 7155.26708984, 17800.1894531, 10817.0361328, 4541.83203125, 2511.14892578, 1786.62792969, 1208.19067383, 1659.11633301, 1497.9296875, 1468.4206543, 1956.20336914, 5543.87939453, 6891.93847656, 2106.12451172, 1069.03674316, 1111.27539062, 1166.58691406, 1230.42297363, 1775.41845703, 577.106079102, 278.972595215, 179.113998413, 96.4828872681, 14.2297401428, 2.3355281353, 0.116918206215, 0.00786732044071, 2.98876311717e-05],
        "max": [31.6336269379, 152.812408447, 305.669891357, 374.284667969, 195.361083984, 372.771636963, 151.600372314, 168.357666016, 186.503814697, 522.695373535, 1274.69055176, 1597.47106934, 940.575439453, 1157.57263184, 909.438354492, 801.453063965, 966.467041016, 1052.66491699, 661.284912109, 776.15612793, 380.983123779, 410.138061523, 669.798522949, 1426.79321289, 1140.0201416, 412.781158447, 321.139678955, 293.1746521, 432.207336426, 608.486083984, 291.726745605, 189.12802124, 117.657951355, 93.1001968384, 74.7329864502, 27.2278614044, 12.5758171082, 2.50232076645, 0.618411123753, 0.0392675623298],
        "mean": [2.22996330261, 10.2069473267, 12.7560539246, 7.68773269653, 8.48624801636, 6.68694257736, 6.11365509033, 13.9731655121, 13.5117168427, 23.5821666718, 35.0290794373, 39.7025909424, 41.4955215454, 23.2691764832, 22.3986911774, 15.8012514114, 16.565071106, 16.5061225891, 10.9063262939, 10.7994394302, 15.4702005386, 14.143951416, 15.7139835358, 21.3288192749, 20.4098148346, 20.2227611542, 17.8368701935, 16.004491806, 18.4572887421, 13.7447957993, 14.7021102905, 11.3273477554, 8.2547082901, 5.9634771347, 3.83491492271, 1.43405032158, 0.49644395709, 0.123147442937, 0.0278687775135, 0.00191971228924],
        "median": [0.159921959043, 3.92637300491, 5.08974647522, 3.67756390572, 3.643897295, 1.93986916542, 2.1799519062, 5.42863416672, 5.82163953781, 8.58906173706, 10.2549438477, 12.1930618286, 8.41374206543, 3.98587226868, 5.38993358612, 4.73349380493, 5.18867063522, 4.41922903061, 3.57215070724, 4.37320804596, 5.38601016998, 6.44331073761, 6.59232234955, 6.82426977158, 7.19086933136, 6.81598377228, 5.73025465012, 5.48067474365, 5.78482484818, 4.19821977615, 3.57790207863, 2.6257276535, 2.07087659836, 1.56014752388, 1.03373539448, 0.488713115454, 0.154262989759, 0.0377388894558, 0.0063044060953, 0.000500922324136],
        "min": [1.34318036192e-21, 5.5087845805e-21, 8.65988437226e-20, 1.69523234842e-19, 1.80143303329e-19, 2.30464952216e-19, 5.25554320366e-19, 3.46906779304e-19, 4.49390424694e-19, 6.52278131715e-19, 1.26722094949e-18, 1.37220371431e-18, 1.34994190588e-18, 1.66754720785e-18, 1.10052410033e-18, 4.52894206672e-18, 4.40924324182e-18, 1.36671214494e-17, 7.40986242055e-18, 7.85384995998e-18, 9.54416128169e-18, 2.08664101558e-17, 1.52922964338e-17, 1.48641212789e-17, 1.87865753477e-17, 1.70576735689e-17, 1.53543515233e-17, 1.9751049744e-17, 2.2798998543e-17, 2.34507606174e-17, 2.18083074844e-17, 1.783346145e-17, 1.17850646986e-17, 1.41229277454e-17, 9.30342608084e-18, 7.152833416e-18, 2.79834539482e-18, 1.1802592449e-18, 3.77811229266e-19, 4.31842014181e-20],
        "var": [19.4834575653, 185.121017456, 379.891296387, 209.652679443, 218.853759766, 308.858276367, 135.347259521, 417.151611328, 445.396270752, 1355.77770996, 4139.12011719, 6699.63476562, 7528.16699219, 4709.8828125, 3303.75439453, 1516.02355957, 1295.18969727, 893.741882324, 549.203674316, 508.469726562, 616.985168457, 554.454650879, 760.588317871, 2392.6472168, 2305.35839844, 1065.07739258, 737.735961914, 668.020751953, 864.078918457, 601.510498047, 850.56640625, 395.69708252, 201.010543823, 105.944992065, 52.5726203918, 7.31518793106, 1.13974618912, 0.0564035736024, 0.00334773981012, 1.33862249641e-05]
    },
    "gfcc": {
        "mean": [2.19549679756, 54.512676239, -73.6733627319, 29.3517494202, -48.9721641541, 15.3432006836, -17.3383865356, 18.4708576202, -11.8967132568, 4.88054800034, -12.7467536926, -2.33579492569, -12.4325380325],
        "cov": [[27131.2226562, -2878.0859375, 692.329101562, 1312.65490723, -288.087463379, 642.267150879, -814.326904297, -75.6694488525, -524.967163086, 275.899993896, -428.779937744, -101.876983643, -458.45223999], [-2878.0859375, 2726.65283203, 491.602264404, -38.1933746338, 365.426605225, -215.314651489, 310.903015137, -57.13621521, 227.97567749, -111.779159546, 192.760421753, -93.1056365967, 90.776763916], [692.329101562, 491.602264404, 1614.1796875, 358.572387695, 502.801361084, 93.696472168, -83.1094360352, -169.442428589, -4.85246706009, 139.752746582, -33.8743209839, -48.7262420654, -128.82484436], [1312.65490723, -38.1933746338, 358.572387695, 482.716217041, 231.223251343, 178.344711304, 42.7527885437, 45.1999664307, 13.4399452209, 33.4553451538, -7.09505558014, 27.0488758087, 10.8218727112], [-288.087463379, 365.426605225, 502.801361084, 231.223251343, 429.682830811, 151.911743164, 129.858886719, 13.1251869202, 89.3203582764, 43.633518219, 15.6197805405, -37.3912734985, 7.31543302536], [642.267150879, -215.314651489, 93.696472168, 178.344711304, 151.911743164, 232.486312866, 96.5447387695, 88.67993927, 35.6938514709, 60.2657546997, -5.7724905014, 15.4457626343, 27.703874588], [-814.326904297, 310.903015137, -83.1094360352, 42.7527885437, 129.858886719, 96.5447387695, 258.437713623, 129.300231934, 102.502403259, -28.6754322052, 57.7416572571, -10.9381809235, 80.2791595459], [-75.6694488525, -57.13621521, -169.442428589, 45.1999664307, 13.1251869202, 88.67993927, 129.300231934, 169.641357422, 84.9897537231, 4.78797197342, 13.0187549591, 10.5106191635, 52.2644424438], [-524.967163086, 227.97567749, -4.85246706009, 13.4399452209, 89.3203582764, 35.6938514709, 102.502403259, 84.9897537231, 167.801086426, 23.7730712891, 28.5003643036, -30.2251682281, 39.8254356384], [275.899993896, -111.779159546, 139.752746582, 33.4553451538, 43.633518219, 60.2657546997, -28.6754322052, 4.78797197342, 23.7730712891, 124.780448914, 15.4111166, 19.8591690063, -29.4812355042], [-428.779937744, 192.760421753, -33.8743209839, -7.09505558014, 15.6197805405, -5.7724905014, 57.7416572571, 13.0187549591, 28.5003643036, 15.4111166, 97.4351654053, 33.9898872375, 35.0149993896], [-101.876983643, -93.1056365967, -48.7262420654, 27.0488758087, -37.3912734985, 15.4457626343, -10.9381809235, 10.5106191635, -30.2251682281, 19.8591690063, 33.9898872375, 103.797035217, 39.2234458923], [-458.45223999, 90.776763916, -128.82484436, 10.8218727112, 7.31543302536, 27.703874588, 80.2791595459, 52.2644424438, 39.8254356384, -29.4812355042, 35.0149993896, 39.2234458923, 131.15296936]],
        "icov": [[6.51787631796e-05, -1.08331141746e-05, -6.30276554148e-06, -0.00019809762307, 0.000190806953469, -0.00027257585316, 0.000248381838901, -8.61793450895e-05, 0.000129167863633, -1.79207036126e-05, -4.49477447546e-05, 0.000280341861071, 5.96384816163e-05], [-1.08331141746e-05, 0.000918208912481, -0.000272502482403, -4.07660445489e-05, -0.000456081528682, 0.00158669543453, -0.0013408876257, 0.000775256427005, -0.000780294416472, 0.000407349521993, -0.000917624274734, 0.000148905950482, -0.000206643206184], [-6.30276554148e-06, -0.000272502482403, 0.00163752690423, -0.000591468589846, -0.00169343862217, 0.00042569290963, 0.000516964239068, 0.000806980009656, 0.000458827824332, -0.00149176875129, 0.000868880015332, -8.6461295723e-05, 0.000509593286552], [-0.00019809762307, -4.07660445489e-05, -0.000591468589846, 0.00469451630488, -0.00196232623421, -0.00192787544802, 0.00127785094082, -0.00162950274535, -6.83076796122e-05, 0.00222142832354, -0.000609445152804, -0.00212388322689, 6.92680841894e-05], [0.000190806953469, -0.000456081528682, -0.00169343862217, -0.00196232623421, 0.00878538284451, -0.00451946584508, -0.00268175452948, 0.00341356825083, -0.00234446511604, 0.000161744377692, 0.000398632284487, 0.00172621104866, 0.000352617789758], [-0.00027257585316, 0.00158669543453, 0.00042569290963, -0.00192787544802, -0.00451946584508, 0.0162275061011, -0.00670922361314, -0.00189929176122, 0.00204344163649, -0.00693081086501, 0.00332267652266, -0.000889561430085, -0.00258540385403], [0.000248381838901, -0.0013408876257, 0.000516964239068, 0.00127785094082, -0.00268175452948, -0.00670922361314, 0.0170896891505, -0.00948489550501, 0.00108533806633, 0.00553757417947, -0.00683986255899, 0.00372788053937, -0.00128905812744], [-8.61793450895e-05, 0.000775256427005, 0.000806980009656, -0.00162950274535, 0.00341356825083, -0.00189929176122, -0.00948489550501, 0.0189303327352, -0.00774303916842, -0.00106611475348, 0.00415088655427, -0.00364791369066, 0.000656417338178], [0.000129167863633, -0.000780294416472, 0.000458827824332, -6.83076796122e-05, -0.00234446511604, 0.00204344163649, 0.00108533806633, -0.00774303916842, 0.0145938936621, -0.00568068493158, -0.00113714335021, 0.00655340030789, -0.00379647500813], [-1.79207036126e-05, 0.000407349521993, -0.00149176875129, 0.00222142832354, 0.000161744377692, -0.00693081086501, 0.00553757417947, -0.00106611475348, -0.00568068493158, 0.0178390666842, -0.00641286140308, -0.00406767707318, 0.00516063626856], [-4.49477447546e-05, -0.000917624274734, 0.000868880015332, -0.000609445152804, 0.000398632284487, 0.00332267652266, -0.00683986255899, 0.00415088655427, -0.00113714335021, -0.00641286140308, 0.0199715159833, -0.00700466195121, -0.00114308332559], [0.000280341861071, 0.000148905950482, -8.6461295723e-05, -0.00212388322689, 0.00172621104866, -0.000889561430085, 0.00372788053937, -0.00364791369066, 0.00655340030789, -0.00406767707318, -0.00700466195121, 0.0195676572621, -0.00665559712797], [5.96384816163e-05, -0.000206643206184, 0.000509593286552, 6.92680841894e-05, 0.000352617789758, -0.00258540385403, -0.00128905812744, 0.000656417338178, -0.00379647500813, 0.00516063626856, -0.00114308332559, -0.00665559712797, 0.0141334244981]]
    },
    "melbands": {
        "dmean": [0.00700127054006, 0.00398329878226, 0.00103200611193, 0.000433592911577, 0.000223892217036, 0.000197710003704, 0.00013462374045, 0.00020600501739, 0.000290334195597, 0.000242252805037, 0.00014987414761, 0.000116811257612, 8.44341921038e-05, 5.74691439397e-05, 3.0968014471e-05, 3.48275752913e-05, 2.25404455705e-05, 1.59766022989e-05, 1.28841711557e-05, 1.87972891581e-05, 1.52910142788e-05, 1.45161502587e-05, 9.87264593277e-06, 1.62583910424e-05, 1.5181452909e-05, 1.24496855278e-05, 1.36817798193e-05, 9.29524867388e-06, 8.29944019642e-06, 6.2031044763e-06, 7.63415027905e-06, 6.90082652e-06, 6.56929614706e-06, 5.67659481021e-06, 7.48345564716e-06, 6.07246920481e-06, 4.70149279863e-06, 4.39613268099e-06, 3.80273854717e-06, 4.00262024414e-06],
        "dmean2": [0.00881741009653, 0.00583114568144, 0.00162613135763, 0.000736459740438, 0.000398674834287, 0.000291289732559, 0.00021041528089, 0.000331433664542, 0.000480665912619, 0.000391395791667, 0.000234122679103, 0.000200767666684, 0.000140569958603, 9.69852262642e-05, 4.82281830045e-05, 5.55521000933e-05, 3.48477442458e-05, 2.58128711721e-05, 2.13545117731e-05, 3.20037142956e-05, 2.46143263212e-05, 2.40240624407e-05, 1.59194514708e-05, 2.62764333456e-05, 2.43250797212e-05, 2.04255393328e-05, 2.15360087168e-05, 1.49189127114e-05, 1.30326316139e-05, 1.0168551853e-05, 1.21298680824e-05, 1.06126844912e-05, 1.01205341707e-05, 8.82241693034e-06, 1.18271127576e-05, 9.17661418498e-06, 6.89330454406e-06, 6.78327796777e-06, 5.85702628086e-06, 6.09444214206e-06],
        "dvar": [0.000196747729206, 5.67732058698e-05, 6.33076206213e-06, 1.63011736731e-06, 3.69987617432e-07, 9.36004838081e-08, 5.1649095667e-08, 1.18227795554e-07, 3.83823930861e-07, 2.57207915411e-07, 9.42100584211e-08, 1.14932205975e-07, 4.05640641077e-08, 3.74717430418e-08, 5.46856515626e-09, 4.28449276058e-09, 2.93945978669e-09, 1.36140809737e-09, 1.8035090088e-09, 1.60845059494e-09, 7.3907724385e-10, 1.05687691931e-09, 2.53071702483e-10, 2.19755902364e-09, 1.71310332586e-09, 1.05884678803e-09, 1.41060152448e-09, 2.94390539723e-10, 2.10188852434e-10, 1.09367535861e-10, 2.38234959538e-10, 1.61048729908e-10, 2.63130323086e-10, 1.38307837405e-10, 3.15349163449e-10, 1.57372365139e-10, 8.2966133963e-11, 7.14361902965e-11, 5.50682832667e-11, 6.32725677407e-11],
        "dvar2": [0.000243050904828, 0.000106792613224, 1.56678397616e-05, 4.47625507149e-06, 1.08404128696e-06, 2.29578702715e-07, 1.24584801142e-07, 2.82232633708e-07, 9.4215693025e-07, 6.33807417216e-07, 1.85056322266e-07, 3.0876859114e-07, 1.03366964765e-07, 1.01574634925e-07, 1.22934453728e-08, 9.85766224204e-09, 7.18403470046e-09, 3.02744229685e-09, 4.93548668601e-09, 4.17655643403e-09, 1.82722403874e-09, 2.7006483716e-09, 6.11990402799e-10, 5.41535927212e-09, 3.85308451811e-09, 2.69091771088e-09, 3.38656147569e-09, 6.85338008566e-10, 4.7437553885e-10, 2.57711324503e-10, 5.45282319298e-10, 3.48278295093e-10, 6.46207198862e-10, 3.32810584647e-10, 7.47989337135e-10, 3.39549943718e-10, 1.8283707881e-10, 1.46730835815e-10, 1.17593879079e-10, 1.3869468074e-10],
        "max": [0.20948214829, 0.155197322369, 0.056319501251, 0.0209503080696, 0.00702166138217, 0.00329772918485, 0.00307844066992, 0.00686489138752, 0.0086778383702, 0.00886225048453, 0.00464711384848, 0.00483458070084, 0.00325710093603, 0.0034283886198, 0.00226780446246, 0.00141309655737, 0.0020494768396, 0.000823688576929, 0.00147777132224, 0.000705035577994, 0.000618432066403, 0.00048040720867, 0.000262466608547, 0.00133674195968, 0.0011745733209, 0.000717914837878, 0.00071335665416, 0.000188862875802, 0.000197023138753, 0.000129746767925, 0.000237534040934, 0.000241163914325, 0.000528896634933, 0.000252103200182, 0.000199298840016, 0.000144494202686, 0.000118231793749, 8.74787001521e-05, 7.54267821321e-05, 8.25878523756e-05],
        "mean": [0.017334356904, 0.00918958801776, 0.0014512015041, 0.000515636929777, 0.000252559751971, 0.000300941057503, 0.000195972490474, 0.000279967294773, 0.00029876321787, 0.000248980126344, 0.000200028676772, 8.8506283646e-05, 7.44979915908e-05, 5.06382020831e-05, 3.39684447681e-05, 3.55984848284e-05, 3.04531968141e-05, 1.71748451976e-05, 1.29287191157e-05, 1.71444880834e-05, 1.86720535567e-05, 1.60087456607e-05, 1.13337455332e-05, 1.73070802703e-05, 1.73191019712e-05, 1.32526474772e-05, 1.61392017617e-05, 1.22052197185e-05, 1.08666918095e-05, 9.14450811251e-06, 9.75810417003e-06, 1.07281684905e-05, 8.91716081242e-06, 7.04757758285e-06, 8.69440464157e-06, 7.87486533227e-06, 6.38728079139e-06, 5.90472791373e-06, 5.05681191498e-06, 5.0792282309e-06],
        "median": [0.00313720991835, 0.00543881440535, 0.000790955557022, 0.000214015075471, 7.28023514966e-05, 0.000122061559523, 8.16960746306e-05, 9.27359142224e-05, 7.78184039518e-05, 6.28501293249e-05, 3.60545236617e-05, 1.19717005873e-05, 1.62948927027e-05, 1.21699686133e-05, 1.14887916425e-05, 8.44456917548e-06, 7.4802051131e-06, 5.24005326952e-06, 4.5862029765e-06, 5.77537866775e-06, 6.25635311735e-06, 6.23802134214e-06, 5.37991763849e-06, 5.60976332054e-06, 5.05518892169e-06, 4.2265232878e-06, 4.67793779535e-06, 4.1288653847e-06, 3.30522607328e-06, 3.29949398292e-06, 3.03415026792e-06, 3.38890527019e-06, 2.66215783995e-06, 2.14864144255e-06, 2.07993434742e-06, 1.8743273813e-06, 1.48072899719e-06, 1.45748947489e-06, 1.34103095206e-06, 1.29036175167e-06],
        "min": [1.31725745225e-23, 3.31824053035e-23, 3.13103121577e-23, 1.27463293096e-23, 1.63850086106e-23, 8.81221528865e-24, 7.26314963945e-24, 7.94750856284e-24, 9.71600691688e-24, 8.83864528442e-24, 6.76004965284e-24, 7.17157156583e-24, 3.05489008509e-24, 8.33970496136e-24, 1.00722249472e-23, 1.24965917242e-23, 2.59840905641e-23, 1.04150575858e-23, 1.13922266888e-23, 7.22403949349e-24, 1.1616381515e-23, 2.52720063354e-23, 1.09806258897e-23, 1.5598378604e-23, 1.09949713253e-23, 1.15927030661e-23, 1.74388368499e-23, 1.00030418459e-23, 8.33487082174e-24, 1.42967928203e-23, 9.76794946318e-24, 1.21737456656e-23, 1.45036069061e-23, 1.25281643042e-23, 1.36707054743e-23, 1.03341669997e-23, 1.07878771939e-23, 6.99339391975e-24, 1.05447171307e-23, 1.26105237493e-23],
        "var": [0.000887526839506, 0.000133031964651, 5.69305211684e-06, 1.10709083856e-06, 2.71849415867e-07, 1.85150554444e-07, 9.16212670177e-08, 2.05136160503e-07, 3.66490297665e-07, 2.44567985419e-07, 1.8523412848e-07, 7.99536081786e-08, 3.37149472784e-08, 2.56985188685e-08, 6.1648068872e-09, 4.90060703129e-09, 3.59970897534e-09, 1.45201872748e-09, 1.23824361875e-09, 1.25812082974e-09, 8.70360727934e-10, 9.29864685251e-10, 2.6661964303e-10, 1.88522775169e-09, 1.70651681675e-09, 8.70135685727e-10, 1.30206212479e-09, 3.59125895688e-10, 3.09409942112e-10, 1.61248139841e-10, 3.14604120533e-10, 2.82124407169e-10, 2.84405721196e-10, 1.66769709153e-10, 3.24628574022e-10, 2.21126325584e-10, 1.21887791527e-10, 1.0272811074e-10, 7.40805056187e-11, 7.9701724387e-11]
    },
    "mfcc": {
        "mean": [-651.329711914, 95.4113082886, 30.462064743, 25.5969867706, 3.94569587708, 6.22714853287, 7.63548612595, 11.9028520584, 10.2330350876, 10.00436306, 9.02342796326, 6.4521074295, 1.84912848473],
        "cov": [[17104.8828125, -1835.38439941, 189.830886841, 409.99230957, 353.543792725, 374.5128479, 83.3248672485, -118.660514832, -127.414886475, -40.868938446, -126.013839722, -16.8560295105, -7.52848577499], [-1835.38439941, 2308.67773438, 492.615447998, 347.51574707, 175.536880493, 71.1448364258, 87.231590271, 42.4442520142, 30.4641456604, 19.9277420044, 76.6270065308, 93.7408447266, 96.9779891968], [189.830886841, 492.615447998, 828.819580078, 326.208099365, 342.405578613, 212.673217773, 40.1963310242, -72.7088241577, -15.1715326309, 13.5861644745, 23.2762336731, 17.1492176056, 27.0651245117], [409.99230957, 347.51574707, 326.208099365, 377.613067627, 251.337356567, 168.93989563, 93.338432312, 57.8156776428, 45.4353294373, 12.9929647446, 26.0462303162, 30.0337924957, 21.6787471771], [353.543792725, 175.536880493, 342.405578613, 251.337356567, 343.102661133, 215.26159668, 61.8882904053, -3.54951834679, 43.2746582031, 50.7872200012, 40.897769928, 19.7862205505, 18.7068939209], [374.5128479, 71.1448364258, 212.673217773, 168.93989563, 215.26159668, 224.351699829, 97.2222518921, 20.7209281921, 44.1452255249, 37.879486084, 38.6639251709, 26.2265701294, 31.6954879761], [83.3248672485, 87.231590271, 40.1963310242, 93.338432312, 61.8882904053, 97.2222518921, 166.025115967, 98.3091888428, 57.8396720886, 38.2499237061, 25.4118804932, 14.8699970245, 16.4049758911], [-118.660514832, 42.4442520142, -72.7088241577, 57.8156776428, -3.54951834679, 20.7209281921, 98.3091888428, 178.806259155, 109.467399597, 51.7584495544, 33.4788322449, 12.6253395081, -10.2586421967], [-127.414886475, 30.4641456604, -15.1715326309, 45.4353294373, 43.2746582031, 44.1452255249, 57.8396720886, 109.467399597, 157.533920288, 102.678955078, 55.9626617432, 4.66961336136, -32.8821792603], [-40.868938446, 19.9277420044, 13.5861644745, 12.9929647446, 50.7872200012, 37.879486084, 38.2499237061, 51.7584495544, 102.678955078, 141.820846558, 82.0237426758, 16.6538772583, -27.8220233917], [-126.013839722, 76.6270065308, 23.2762336731, 26.0462303162, 40.897769928, 38.6639251709, 25.4118804932, 33.4788322449, 55.9626617432, 82.0237426758, 95.3320083618, 47.7864303589, 6.92274665833], [-16.8560295105, 93.7408447266, 17.1492176056, 30.0337924957, 19.7862205505, 26.2265701294, 14.8699970245, 12.6253395081, 4.66961336136, 16.6538772583, 47.7864303589, 82.8576889038, 53.0522880554], [-7.52848577499, 96.9779891968, 27.0651245117, 21.6787471771, 18.7068939209, 31.6954879761, 16.4049758911, -10.2586421967, -32.8821792603, -27.8220233917, 6.92274665833, 53.0522880554, 119.621025085]],
