{
"lowlevel": {
    "average_loudness": 0.820815503597,
    "barkbands_crest": {
        "dmean": 3.22726893425,
        "dmean2": 5.02387523651,
        "dvar": 9.58831310272,
        "dvar2": 19.3229351044,
        "max": 26.8043441772,
        "mean": 16.8430938721,
        "median": 17.1923370361,
        "min": 1.91600120068,
        "var": 35.249168396
    },
    "barkbands_flatness_db": {
        "dmean": 0.0476655885577,
        "dmean2": 0.0660602301359,
        "dvar": 0.00260036229156,
        "dvar2": 0.0050701117143,
        "max": 0.633013129234,
        "mean": 0.210952654481,
        "median": 0.180405348539,
        "min": 0.0125353429466,
        "var": 0.00941121112555
    },
    "barkbands_kurtosis": {
        "dmean": 30.7443370819,
        "dmean2": 42.1658325195,
        "dvar": 3850.51025391,
        "dvar2": 6871.13378906,
        "max": 2206.28808594,
        "mean": 60.0716247559,
        "median": 15.917640686,
        "min": -1.81172859669,
        "var": 10045.2324219
    },
    "barkbands_skewness": {
        "dmean": 1.76284015179,
        "dmean2": 2.43109846115,
        "dvar": 5.2186217308,
        "dvar2": 8.66513729095,
        "max": 39.1111679077,
        "mean": 5.26587295532,
        "median": 3.80647945404,
        "min": -2.82848072052,
        "var": 22.1849021912
    },
    "barkbands_spread": {
        "dmean": 8.0360212326,
        "dmean2": 12.2122039795,
        "dvar": 139.281616211,
        "dvar2": 313.976928711,
        "max": 89.346786499,
        "mean": 15.6878938675,
        "median": 11.1052246094,
        "min": 0.0685130730271,
        "var": 246.476272583
    },
    "dissonance": {
        "dmean": 0.0167969521135,
        "dmean2": 0.0281553287059,
        "dvar": 0.000280766165815,
        "dvar2": 0.000731290783733,
        "max": 0.500000119209,
        "mean": 0.46750497818,
        "median": 0.473396092653,
        "min": 0.318123459816,
        "var": 0.0005846224376
    },
    "dynamic_complexity": 2.94529771805,
    "erbbands_crest": {
        "dmean": 3.00569677353,
        "dmean2": 4.16953802109,
        "dvar": 7.71868133545,
        "dvar2": 14.4207468033,
        "max": 32.4908370972,
        "mean": 10.5022592545,
        "median": 9.06103515625,
        "min": 2.01889252663,
        "var": 32.7838935852
    },
    "erbbands_flatness_db": {
        "dmean": 0.0227901656181,
        "dmean2": 0.0311058089137,
        "dvar": 0.000828674528748,
        "dvar2": 0.00165299954824,
        "max": 0.504449009895,
        "mean": 0.125257849693,
        "median": 0.106530547142,
        "min": 0.0370378419757,
        "var": 0.00504168262705
    },
    "erbbands_kurtosis": {
        "dmean": 1.01234519482,
        "dmean2": 1.46943795681,
        "dvar": 6.13801336288,
        "dvar2": 11.1509590149,
        "max": 158.956130981,
        "mean": 0.337649822235,
        "median": -0.308564543724,
        "min": -1.89936590195,
        "var": 10.9486942291
    },
    "erbbands_skewness": {
        "dmean": 0.433747798204,
        "dmean2": 0.571472465992,
        "dvar": 0.155747964978,
        "dvar2": 0.285650342703,
        "max": 10.1260595322,
        "mean": 0.342938005924,
        "median": 0.276877909899,
        "min": -2.70684790611,
        "var": 0.94979518652
    },
    "erbbands_spread": {
        "dmean": 13.3003730774,
        "dmean2": 18.9940986633,
        "dvar": 155.952590942,
        "dvar2": 313.099334717,
        "max": 171.475616455,
        "mean": 64.1139755249,
        "median": 65.8818664551,
        "min": 1.28973865509,
        "var": 924.153808594
    },
    "hfc": {
        "dmean": 19.019701004,
        "dmean2": 28.4483528137,
        "dvar": 1530.55859375,
        "dvar2": 3668.01928711,
        "max": 483.330169678,
        "mean": 28.862947464,
        "median": 16.6952095032,
        "min": 1.24040232715e-16,
        "var": 1553.65393066
    },
    "melbands_crest": {
        "dmean": 4.19859218597,
        "dmean2": 6.20730161667,
        "dvar": 13.7012615204,
        "dvar2": 33.9006462097,
        "max": 35.8491134644,
        "mean": 22.0300979614,
        "median": 22.7053546906,
        "min": 2.71918225288,
        "var": 52.5324134827
    },
    "melbands_flatness_db": {
        "dmean": 0.0495204851031,
        "dmean2": 0.0686785653234,
        "dvar": 0.00273430277593,
        "dvar2": 0.0052841999568,
        "max": 0.758600533009,
        "mean": 0.303206861019,
        "median": 0.284196078777,
        "min": 0.00756499357522,
        "var": 0.0129368742928
    },
    "melbands_kurtosis": {
        "dmean": 62.9789886475,
        "dmean2": 89.7605743408,
        "dvar": 8477.06445312,
        "dvar2": 15007.1464844,
        "max": 961.534362793,
        "mean": 143.844955444,
        "median": 72.3610534668,
        "min": -1.74506902695,
        "var": 28446.9082031
    },
    "melbands_skewness": {
        "dmean": 2.10253357887,
        "dmean2": 3.03480195999,
        "dvar": 5.64173078537,
        "dvar2": 10.5739402771,
        "max": 24.7496795654,
        "mean": 7.89719486237,
        "median": 7.41848564148,
        "min": -2.04434871674,
        "var": 27.1751785278
    },
    "melbands_spread": {
        "dmean": 5.3905248642,
        "dmean2": 8.29591369629,
        "dvar": 83.0755081177,
        "dvar2": 174.194244385,
        "max": 174.912246704,
        "mean": 12.4218320847,
        "median": 5.92022371292,
        "min": 0.212479278445,
        "var": 349.074401855
    },
    "pitch_salience": {
        "dmean": 0.095524340868,
        "dmean2": 0.14439868927,
        "dvar": 0.0107436692342,
        "dvar2": 0.0188435222954,
        "max": 0.87400841713,
        "mean": 0.325621902943,
        "median": 0.33267134428,
        "min": 0.0157794654369,
        "var": 0.0388203784823
    },
    "silence_rate_20dB": {
        "dmean": 0.00330058927648,
        "dmean2": 0.00660169776529,
        "dvar": 0.00328992214054,
        "dvar2": 0.00907316990197,
        "max": 1,
        "mean": 0.997328281403,
        "median": 1,
        "min": 0,
        "var": 0.00266474159434
    },
    "silence_rate_30dB": {
        "dmean": 0.126208245754,
        "dmean2": 0.252436339855,
        "dvar": 0.110267564654,
        "dvar2": 0.230989187956,
        "max": 1,
        "mean": 0.660537481308,
        "median": 1,
        "min": 0,
        "var": 0.22421862185
    },
    "silence_rate_60dB": {
        "dmean": 0.0163457766175,
        "dmean2": 0.0326155312359,
        "dvar": 0.0160814486444,
        "dvar2": 0.0359548479319,
        "max": 1,
        "mean": 0.0271884333342,
        "median": 0,
        "min": 0,
        "var": 0.0264468751848
    },
    "spectral_centroid": {
        "dmean": 325.77645874,
        "dmean2": 423.797637939,
        "dvar": 153963.703125,
        "dvar2": 265968.625,
        "max": 10764.8056641,
        "mean": 1211.33862305,
        "median": 992.129516602,
        "min": 94.8550872803,
        "var": 732536.1875
    },
    "spectral_complexity": {
        "dmean": 4.6917090416,
        "dmean2": 6.72406482697,
        "dvar": 29.1373767853,
        "dvar2": 57.6358299255,
        "max": 51,
        "mean": 11.6911830902,
        "median": 10,
        "min": 0,
        "var": 52.8666343689
    },
    "spectral_decrease": {
        "dmean": 7.24177962041e-09,
        "dmean2": 8.76871109057e-09,
        "dvar": 7.22510898376e-17,
        "dvar2": 1.15321801998e-16,
        "max": 6.41390719052e-30,
        "mean": -2.24055476394e-08,
        "median": -1.44833069982e-08,
        "min": -1.12328550017e-07,
        "var": 4.63625071866e-16
    },
    "spectral_energy": {
        "dmean": 0.0284477844834,
        "dmean2": 0.0347796939313,
        "dvar": 0.00105739478022,
        "dvar2": 0.00173101131804,
        "max": 0.428456902504,
        "mean": 0.087181687355,
        "median": 0.0572062321007,
        "min": 1.12266002867e-20,
        "var": 0.00672228494659
    },
    "spectral_energyband_high": {
        "dmean": 0.00174862134736,
        "dmean2": 0.00263446196914,
        "dvar": 1.63550666912e-05,
        "dvar2": 3.88577864214e-05,
        "max": 0.0486208312213,
        "mean": 0.00187945750076,
        "median": 0.000452366366517,
        "min": 7.74889065349e-21,
        "var": 1.65435940289e-05
    },
    "spectral_energyband_low": {
        "dmean": 0.0278604775667,
        "dmean2": 0.0337750315666,
        "dvar": 0.00137501803692,
        "dvar2": 0.00200155377388,
        "max": 0.425517290831,
        "mean": 0.0768675655127,
        "median": 0.0399980172515,
        "min": 3.14683083752e-23,
        "var": 0.00700691342354
    },
    "spectral_energyband_middle_high": {
        "dmean": 0.00104534940328,
        "dmean2": 0.00156611343846,
        "dvar": 2.12743816519e-06,
        "dvar2": 4.87583429276e-06,
        "max": 0.0234205126762,
        "mean": 0.00224284688011,
        "median": 0.00132949906401,
        "min": 1.74627904535e-21,
        "var": 5.63476123716e-06
    },
    "spectral_energyband_middle_low": {
        "dmean": 0.00661395769566,
        "dmean2": 0.00961450953037,
        "dvar": 0.000203141826205,
        "dvar2": 0.000369838584447,
        "max": 0.262583464384,
        "mean": 0.0081867929548,
        "median": 0.00286552635953,
        "min": 4.3724679332e-22,
        "var": 0.000255499762716
    },
    "spectral_entropy": {
        "dmean": 0.319575190544,
        "dmean2": 0.432312995195,
        "dvar": 0.124696068466,
        "dvar2": 0.235566109419,
        "max": 9.8039932251,
        "mean": 7.48007154465,
        "median": 7.57529640198,
        "min": 3.43968462944,
        "var": 0.592557549477
    },
    "spectral_flux": {
        "dmean": 0.0606024563313,
        "dmean2": 0.0909701362252,
        "dvar": 0.00470914645121,
        "dvar2": 0.011502854526,
        "max": 0.683336555958,
        "mean": 0.13163870573,
        "median": 0.0998930931091,
        "min": 1.05955653973e-10,
        "var": 0.0103891398758
    },
    "spectral_kurtosis": {
        "dmean": 1.31995820999,
        "dmean2": 2.00335001945,
        "dvar": 3.73092031479,
        "dvar2": 9.32048416138,
        "max": 63.260848999,
        "mean": 3.41984963417,
        "median": 2.82226490974,
        "min": -1.19279336929,
        "var": 9.10163021088
    },
    "spectral_rms": {
        "dmean": 0.0014254724374,
        "dmean2": 0.00176426372491,
        "dvar": 1.76564503818e-06,
        "dvar2": 3.07241521114e-06,
        "max": 0.0204452127218,
        "mean": 0.008155929856,
        "median": 0.00747067295015,
        "min": 3.30949850857e-12,
        "var": 1.85356093425e-05
    },
    "spectral_rolloff": {
        "dmean": 417.793151855,
        "dmean2": 747.62286377,
        "dvar": 1257339.5,
        "dvar2": 3141657.75,
        "max": 18992.2851562,
        "mean": 856.240600586,
        "median": 150.732421875,
        "min": 64.599609375,
        "var": 2765071.25
    },
    "spectral_skewness": {
        "dmean": 0.222628474236,
        "dmean2": 0.314020544291,
        "dvar": 0.0523950979114,
        "dvar2": 0.113481126726,
        "max": 7.06792974472,
        "mean": 1.45653045177,
        "median": 1.44126772881,
        "min": -0.00216949055903,
        "var": 0.204652443528
    },
    "spectral_spread": {
        "dmean": 886774.8125,
        "dmean2": 1301588,
        "dvar": 1.22878335386e+12,
        "dvar2": 2.24671852134e+12,
        "max": 40736456,
        "mean": 6877813.5,
        "median": 7181687,
        "min": 1809714,
        "var": 5.9173329961e+12
    },
    "spectral_strongpeak": {
        "dmean": 0.441636264324,
        "dmean2": 0.668792188168,
        "dvar": 0.590163946152,
        "dvar2": 1.26186025143,
        "max": 12.3137836456,
        "mean": 1.14283204079,
        "median": 0.661789298058,
        "min": 0,
        "var": 1.8886743784
    },
    "zerocrossingrate": {
        "dmean": 0.0131405787542,
        "dmean2": 0.014846643433,
        "dvar": 0.000251355668297,
        "dvar2": 0.000289735035039,
        "max": 0.50244140625,
        "mean": 0.0476879961789,
        "median": 0.03564453125,
        "min": 0.00244140625,
        "var": 0.00200262549333
    },
    "barkbands": {
        "dmean": [0.00186982238665, 0.0229739062488, 0.0132843973115, 0.00463850516826, 0.00316599407233, 0.00139426928945, 0.000328309455654, 0.000351588532794, 0.000461510906462, 0.000281429296592, 0.000181224313565, 0.000150843028678, 0.00014204820036, 9.57098091021e-05, 0.00011969357729, 0.000156362788402, 0.000111554181785, 0.000115662296594, 0.000136086629936, 0.000119351832836, 0.000101589677797, 0.00019854286802, 0.000416064431192, 0.000308128655888, 0.000372871931177, 0.000262838439085, 7.27948863641e-05],
        "dmean2": [0.00321507966146, 0.0318897403777, 0.0179400704801, 0.00835893396288, 0.00568646984175, 0.00259024719708, 0.000553731631953, 0.000612113683019, 0.000793806102592, 0.00045385278645, 0.000302912143525, 0.000227534445003, 0.000218307977775, 0.000148446270032, 0.000183760712389, 0.000242822279688, 0.000171216917806, 0.000179709895747, 0.000214922547457, 0.000181181792868, 0.000155599729624, 0.000288883922622, 0.000662563834339, 0.00044481921941, 0.000573875673581, 0.00040760403499, 0.000111642373668],
        "dvar": [1.13211781354e-05, 0.000901878229342, 0.000816538289655, 0.000183640833711, 8.40556895128e-05, 1.55373927555e-05, 4.33447922887e-07, 6.24879021416e-07, 1.10314294943e-06, 2.9963902648e-07, 1.44859924944e-07, 7.94832430984e-08, 7.4726550281e-08, 4.33571472058e-08, 6.93338932933e-08, 1.12789670936e-07, 7.74269395265e-08, 9.65647188877e-08, 1.45995898038e-07, 4.37669100961e-08, 3.28159757146e-08, 1.47112601212e-07, 1.0940274251e-06, 5.14761268278e-07, 8.69506095569e-07, 4.11574490045e-07, 3.11107122286e-08],
        "dvar2": [3.16833320539e-05, 0.00178578170016, 0.00125855451915, 0.000511269900016, 0.00023148105538, 4.48770078947e-05, 1.16825526675e-06, 1.7629586182e-06, 3.07571599478e-06, 7.11203711035e-07, 3.71449573322e-07, 1.85400480746e-07, 1.78896755187e-07, 1.03722328504e-07, 1.50478115302e-07, 2.44614255962e-07, 1.52367292117e-07, 1.98923274297e-07, 3.31806944587e-07, 1.00992131991e-07, 7.17746928558e-08, 3.46089507275e-07, 2.63365018327e-06, 1.09425775463e-06, 2.16554212784e-06, 1.03081833913e-06, 7.38273797651e-08],
        "max": [0.0243866164237, 0.36940523982, 0.327237725258, 0.243682175875, 0.169789791107, 0.0325909145176, 0.0081756291911, 0.010844762437, 0.0106685953215, 0.0172303169966, 0.00911142025143, 0.00445553241298, 0.0052048927173, 0.0136655876413, 0.00738270347938, 0.00972270499915, 0.00782672222704, 0.00834187678993, 0.00942553393543, 0.00283988658339, 0.00688516208902, 0.00450798450038, 0.00977276824415, 0.00820383895189, 0.0123147489503, 0.00914009008557, 0.00229249545373],
        "mean": [0.00189007853623, 0.0539020374417, 0.0191711969674, 0.00350019219331, 0.00229749199934, 0.00108244875446, 0.000370669557014, 0.000358112127287, 0.000461258372525, 0.000329453585437, 0.000212985542021, 0.000228983859415, 0.000226363990805, 0.000150107647642, 0.000218559624045, 0.000290515599772, 0.000161068310263, 0.00018143352645, 0.000214446947211, 0.0001506441331, 0.000133042572998, 0.000245928327786, 0.000381036777981, 0.000331810908392, 0.000367734930478, 0.000250195938861, 7.37918526283e-05],
        "median": [0.000727349251974, 0.027630481869, 0.00240585766733, 0.000650262401905, 0.000407759740483, 0.000293485936709, 0.000113042347948, 0.00010989864677, 0.00013791496167, 0.000102691265056, 7.03079131199e-05, 8.60402797116e-05, 6.60196092213e-05, 5.52562050871e-05, 5.6378528825e-05, 7.2118054959e-05, 5.23933304066e-05, 5.92527103436e-05, 7.0538946602e-05, 6.02867767157e-05, 5.39052089152e-05, 6.97823707014e-05, 6.62122765789e-05, 5.40857545275e-05, 5.50410368305e-05, 4.80160160805e-05, 1.57028553076e-05],
        "min": [1.6009633882e-23, 1.54040837408e-23, 6.56854735721e-24, 9.55882401493e-24, 6.30332806103e-23, 1.37921398821e-22, 2.99572673994e-23, 5.96757876235e-23, 1.14118852603e-22, 4.76502941655e-23, 9.64195023282e-23, 3.63682295356e-23, 1.50725709407e-22, 6.66093637985e-23, 1.16550323862e-22, 1.41064132315e-22, 2.89665912621e-22, 3.12052346229e-22, 2.24802664037e-22, 4.51040171398e-22, 5.31217570424e-22, 4.44639063712e-22, 5.52478495158e-22, 7.81505086513e-22, 1.53414538647e-21, 1.6465166408e-21, 2.32975379136e-21],
        "var": [1.07332116386e-05, 0.00363452523015, 0.00163220532704, 0.000114890353871, 5.27383126609e-05, 8.76041121955e-06, 4.28555409826e-07, 4.57107802276e-07, 8.59486192439e-07, 3.89362611486e-07, 1.51675479287e-07, 1.60445409847e-07, 2.14064314719e-07, 1.04775274679e-07, 2.90467284003e-07, 4.83618123326e-07, 2.11666900896e-07, 2.72410659363e-07, 3.91588031334e-07, 5.55605375041e-08, 4.65139322614e-08, 1.92852056102e-07, 9.78280127129e-07, 5.95227106714e-07, 8.16696228867e-07, 3.72775360802e-07, 3.0046560795e-08]
    },
    "erbbands": {
        "dmean": [0.552409052849, 5.89426088333, 16.8001861572, 14.4743833542, 11.5347299576, 10.6406469345, 12.8714132309, 9.4593963623, 4.65646934509, 5.61237001419, 8.31336688995, 10.9277381897, 8.97479343414, 8.89418983459, 7.02971458435, 5.82424402237, 6.06923055649, 5.43535614014, 6.23034858704, 5.52464199066, 7.80574369431, 5.25076580048, 7.32485103607, 8.26195716858, 4.00050640106, 6.60371446609, 4.45674753189, 4.49844074249, 6.33891630173, 7.62229824066, 13.832821846, 7.7573132515, 4.99115562439, 3.54413890839, 2.95429086685, 1.25351667404, 0.500606656075, 0.0939934626222, 0.0139759825543, 0.000631662551314],
        "dmean2": [0.878425419331, 7.83290147781, 20.7825450897, 23.9039649963, 20.2085151672, 19.4468021393, 23.8078899384, 17.3976192474, 7.85011720657, 9.81082439423, 14.6672172546, 18.6870098114, 14.5854139328, 14.7091875076, 11.1261539459, 8.91723155975, 9.28507137299, 8.21674919128, 9.43385410309, 8.46558856964, 12.0928707123, 8.12338352203, 11.1280441284, 12.9946117401, 6.15849542618, 10.1373195648, 6.74484014511, 6.93898773193, 9.35265827179, 11.4651441574, 22.0049381256, 11.4474258423, 7.39482212067, 5.26739835739, 4.54437685013, 1.95927608013, 0.771898388863, 0.146337360144, 0.0218307506293, 0.00097042019479],
        "dvar": [0.684410631657, 69.6059646606, 1085.31030273, 1377.01184082, 1030.08435059, 1051.06567383, 1512.69262695, 583.840759277, 84.9021682739, 149.572189331, 383.569641113, 600.219116211, 318.550384521, 396.417999268, 172.306381226, 152.075302124, 133.633331299, 95.9270019531, 193.242324829, 77.079750061, 234.699172974, 106.620651245, 470.654327393, 776.418334961, 25.574848175, 151.363510132, 53.2175827026, 65.6282577515, 148.549804688, 266.45880127, 1249.40063477, 345.996612549, 137.523269653, 70.9949493408, 54.6778488159, 9.77197647095, 1.4839963913, 0.0508153662086, 0.00123070983682, 2.26114798352e-06],
        "dvar2": [1.45236444473, 124.577857971, 1333.01965332, 3619.00585938, 2787.24438477, 2966.48168945, 4312.2890625, 1685.9230957, 227.374298096, 419.949432373, 1082.98413086, 1671.02966309, 789.995544434, 994.198730469, 396.950531006, 367.493835449, 328.419830322, 220.927001953, 410.423400879, 166.991516113, 495.581970215, 221.132446289, 936.307678223, 1724.36901855, 56.8076286316, 359.120330811, 112.653175354, 151.212600708, 355.710632324, 634.021240234, 2998.07739258, 783.047546387, 308.523040771, 171.646697998, 133.350692749, 24.7117118835, 3.70538687706, 0.123660162091, 0.00304230791517, 5.51611719857e-06],
        "max": [11.1437139511, 95.1904678345, 348.440948486, 648.354797363, 318.606262207, 689.553405762, 438.490386963, 214.934356689, 156.398651123, 157.345474243, 155.364181519, 250.045303345, 602.572875977, 347.683776855, 286.356414795, 219.848495483, 249.137664795, 589.472412109, 400.712402344, 188.075515747, 436.772399902, 287.555603027, 567.678100586, 683.765441895, 84.3150024414, 156.045074463, 235.021606445, 247.876083374, 145.977279663, 181.982223511, 313.136260986, 217.885742188, 132.9871521, 117.839675903, 96.6600036621, 44.3604888916, 17.799905777, 2.98352622986, 0.459029048681, 0.0208574812859],
        "mean": [1.25762367249, 12.8593416214, 27.0270843506, 14.2260971069, 9.139793396, 7.44988155365, 9.03711414337, 8.12357997894, 5.54124736786, 5.96749210358, 7.66794681549, 11.3327922821, 10.4766235352, 10.3644542694, 9.91033554077, 8.79780101776, 10.1084356308, 9.38380241394, 11.2954854965, 11.1558742523, 13.8336391449, 8.07282733917, 12.499162674, 13.1041097641, 6.11678981781, 7.98617076874, 6.10768938065, 5.7821893692, 7.64943265915, 8.4133348465, 12.5245952606, 7.93850851059, 5.24076986313, 3.71869969368, 2.8415081501, 1.19674348831, 0.471154391766, 0.0889525264502, 0.0134823285043, 0.000762055220548],
        "median": [0.613539934158, 5.93937349319, 5.80855464935, 3.07766270638, 1.96959352493, 1.23961675167, 1.27738595009, 2.62661385536, 2.00961685181, 2.01873445511, 2.3755569458, 3.6750626564, 3.55058526993, 3.61281824112, 3.65332961082, 3.31649518013, 3.60289740562, 4.49213886261, 4.22574996948, 3.81916809082, 4.25231456757, 3.47207856178, 3.62606215477, 3.07376933098, 3.42552638054, 3.16859340668, 2.49484729767, 2.44718885422, 2.39287304878, 1.97941827774, 2.00461149216, 1.19497466087, 0.863344788551, 0.640805780888, 0.382075160742, 0.215768605471, 0.0871665403247, 0.0175752975047, 0.00270355818793, 0.000296725600492],
        "min": [5.19319831412e-22, 3.10260907484e-21, 8.39692042435e-21, 2.19208904622e-20, 8.10083629397e-20, 1.89756020926e-19, 1.20639856585e-18, 6.56882891089e-19, 3.28438266069e-19, 7.03442406227e-19, 1.95072204741e-18, 2.98765105468e-18, 1.434705378e-18, 1.99176840376e-18, 3.94429866799e-18, 1.63346292052e-18, 6.86484593624e-18, 4.42835442269e-18, 5.71006209645e-18, 5.29016660595e-18, 1.09642417963e-17, 1.72238111406e-17, 1.9853721056e-17, 1.03008346732e-17, 1.9454641152e-17, 1.90085079061e-17, 1.84129527543e-17, 2.0777135861e-17, 1.80754762993e-17, 1.56919338575e-17, 1.50767728708e-17, 1.58159811709e-17, 1.43745825575e-17, 1.54849269461e-17, 1.17559189897e-17, 5.90004439005e-18, 2.87856164831e-18, 1.36834636432e-18, 3.21861197922e-19, 3.48771431813e-20],
        "var": [2.12248921394, 261.121551514, 2648.80493164, 1191.13464355, 695.464477539, 620.877563477, 868.884155273, 346.311279297, 83.5886535645, 116.452957153, 254.927719116, 475.429443359, 395.709533691, 408.162139893, 281.990509033, 309.64642334, 357.333129883, 251.442718506, 708.212646484, 358.000183105, 853.213012695, 301.927032471, 1467.34838867, 2118.70263672, 52.0739479065, 167.807266235, 91.3218002319, 85.1233901978, 176.917053223, 296.004119873, 1120.84399414, 367.300415039, 148.404342651, 73.4732971191, 51.839805603, 8.76033306122, 1.34612178802, 0.0469650737941, 0.00110283319373, 2.15778550228e-06]
    },
    "gfcc": {
        "mean": [0.966728806496, 53.7907981873, -76.9788742065, 39.4036064148, -35.6190032959, 25.7543544769, -21.0709457397, 13.4020385742, -14.8558731079, 4.3434047699, -15.3665370941, 1.53085649014, -11.672949791],
        "cov": [[5345.07714844, -568.136352539, 2018.51391602, 132.275863647, -129.565093994, 360.97555542, -226.408874512, 119.79775238, -159.197235107, 254.347930908, 51.6450920105, 87.30128479, -85.2437820435], [-568.136352539, 1764.6307373, 228.880279541, 186.14163208, 229.671218872, -82.5889282227, 92.1074142456, -29.9232540131, 104.63344574, -14.1280574799, 54.488658905, -147.899902344, -20.7385883331], [2018.51391602, 228.880279541, 2387.11401367, 585.055603027, 504.933013916, 603.242126465, 284.513000488, 336.286193848, 131.984085083, 304.184295654, 218.348724365, 70.7270812988, -51.0610198975], [132.275863647, 186.14163208, 585.055603027, 460.668884277, 372.791870117, 243.353439331, 196.963119507, 103.272132874, 84.1538391113, 14.4271526337, 54.8754615784, -0.200641706586, -7.63812398911], [-129.565093994, 229.671218872, 504.933013916, 372.791870117, 625.931213379, 331.492462158, 296.250518799, 141.782577515, 121.072929382, 54.2992935181, 39.2830047607, -45.5035820007, -24.458562851], [360.97555542, -82.5889282227, 603.242126465, 243.353439331, 331.492462158, 360.542510986, 233.403396606, 160.2084198, 92.6371612549, 107.083625793, 75.7687454224, 16.7024059296, -16.9748306274], [-226.408874512, 92.1074142456, 284.513000488, 196.963119507, 296.250518799, 233.403396606, 301.121124268, 166.228225708, 137.647842407, 61.7672195435, 81.0629501343, 12.975317955, 11.0589675903], [119.79775238, -29.9232540131, 336.286193848, 103.272132874, 141.782577515, 160.2084198, 166.228225708, 196.12852478, 131.919128418, 93.3629150391, 78.2964859009, 54.5607872009, 14.9289245605], [-159.197235107, 104.63344574, 131.984085083, 84.1538391113, 121.072929382, 92.6371612549, 137.647842407, 131.919128418, 183.66583252, 87.5630264282, 75.7881546021, 38.6751289368, 42.3692321777], [254.347930908, -14.1280574799, 304.184295654, 14.4271526337, 54.2992935181, 107.083625793, 61.7672195435, 93.3629150391, 87.5630264282, 174.212219238, 92.5870361328, 16.5451431274, 9.11686992645], [51.6450920105, 54.488658905, 218.348724365, 54.8754615784, 39.2830047607, 75.7687454224, 81.0629501343, 78.2964859009, 75.7881546021, 92.5870361328, 145.999954224, 69.5241699219, 18.9671230316], [87.30128479, -147.899902344, 70.7270812988, -0.200641706586, -45.5035820007, 16.7024059296, 12.975317955, 54.5607872009, 38.6751289368, 16.5451431274, 69.5241699219, 139.486587524, 61.2622337341], [-85.2437820435, -20.7385883331, -51.0610198975, -7.63812398911, -24.458562851, -16.9748306274, 11.0589675903, 14.9289245605, 42.3692321777, 9.11686992645, 18.9671230316, 61.2622337341, 106.070716858]],
        "icov": [[0.000420758151449, 5.92794604017e-05, -0.00038717512507, 8.48350900924e-05, 0.000243883143412, -0.000500675057992, 0.000731520645786, -0.000209051082493, 0.000216879459913, -7.94589068391e-05, 0.000217337030335, -1.46109960042e-06, -1.90941937035e-05], [5.92794604017e-05, 0.00108318112325, -0.000538450491149, 0.000182124596904, -0.000534024380613, 0.00150260864757, -0.000290679308819, 0.000749178638216, -0.00121507642325, 0.00111020589247, -0.0014807661064, 0.00187032716349, -0.00036998844007], [-0.00038717512507, -0.000538450491149, 0.00183272734284, -0.00152989802882, 0.000163893026183, -0.00140487262979, 0.000678535667248, -0.00183514051605, 0.0017109119799, -0.0018450388452, 9.58776581683e-05, -0.000811181089375, 0.000282693275949], [8.48350900924e-05, 0.000182124596904, -0.00152989802882, 0.00663895765319, -0.00240884092636, -0.000910011702217, 0.000143178476719, 0.00147510506213, -0.00255646952428, 0.00496035767719, -0.00240502413362, 0.00134090567008, -0.000827818468679], [0.000243883143412, -0.000534024380613, 0.000163893026183, -0.00240884092636, 0.0057811094448, -0.00352090736851, -0.0018905143952, 0.000652443326544, -0.000246910902206, -0.000947726599406, 0.00229502934963, 0.000238388471189, 0.000503901799675], [-0.000500675057992, 0.00150260864757, -0.00140487262979, -0.000910011702217, -0.00352090736851, 0.0151602597907, -0.00777449132875, 0.000959417782724, 0.00111281918362, -0.0036845242139, 0.00102439150214, -0.00117380602751, 0.00180635217112], [0.000731520645786, -0.000290679308819, 0.000678535667248, 0.000143178476719, -0.0018905143952, -0.00777449132875, 0.0171842724085, -0.00899549759924, -0.00142804393545, 0.00555118499324, -0.006346934475, 0.00545796798542, -0.00326174870133], [-0.000209051082493, 0.000749178638216, -0.00183514051605, 0.00147510506213, 0.000652443326544, 0.000959417782724, -0.00899549759924, 0.0220027193427, -0.00999770499766, -0.00265558762476, 0.00401022424921, -0.00683262199163, 0.0047972924076], [0.000216879459913, -0.00121507642325, 0.0017109119799, -0.00255646952428, -0.000246910902206, 0.00111281918362, -0.00142804393545, -0.00999770499766, 0.018498884514, -0.00715879583731, 0.000472964398796, -0.00128468812909, -0.00386312277988], [-7.94589068391e-05, 0.00111020589247, -0.0018450388452, 0.00496035767719, -0.000947726599406, -0.0036845242139, 0.00555118499324, -0.00265558762476, -0.00715879583731, 0.0202718582004, -0.012572735548, 0.0104561233893, -0.00406465213746], [0.000217337030335, -0.0014807661064, 9.58776581683e-05, -0.00240502413362, 0.00229502934963, 0.00102439150214, -0.006346934475, 0.00401022424921, 0.000472964398796, -0.012572735548, 0.0220931917429, -0.0142825013027, 0.00573868211359], [-1.46109960042e-06, 0.00187032716349, -0.000811181089375, 0.00134090567008, 0.000238388471189, -0.00117380602751, 0.00545796798542, -0.00683262199163, -0.00128468812909, 0.0104561233893, -0.0142825013027, 0.0228945091367, -0.010724272579], [-1.90941937035e-05, -0.00036998844007, 0.000282693275949, -0.000827818468679, 0.000503901799675, 0.00180635217112, -0.00326174870133, 0.0047972924076, -0.00386312277988, -0.00406465213746, 0.00573868211359, -0.010724272579, 0.0165468137711]]
    },
    "melbands": {
        "dmean": [0.00554288551211, 0.00786417443305, 0.0022438110318, 0.000762106501497, 0.000443874014309, 0.000219172346988, 6.9101472036e-05, 6.36194672552e-05, 6.98213625583e-05, 6.95126072969e-05, 4.41507145297e-05, 3.63357648894e-05, 2.38140437432e-05, 1.70864786924e-05, 1.24529187815e-05, 1.51759104483e-05, 1.04188857222e-05, 9.67962841969e-06, 8.61513308337e-06, 1.13472087833e-05, 8.43859925226e-06, 5.54558391741e-06, 7.5689190453e-06, 5.27893553226e-06, 7.72269322624e-06, 2.81048937723e-06, 2.96499524666e-06, 4.97426162838e-06, 2.61742525254e-06, 2.74548801826e-06, 2.85838973468e-06, 3.40222345585e-06, 4.11596874983e-06, 4.17456521973e-06, 8.9862905952e-06, 5.90587478655e-06, 4.54137671113e-06, 3.32974650519e-06, 3.34730430041e-06, 2.87298462354e-06],
        "dmean2": [0.00806933548301, 0.00928796082735, 0.00352545594797, 0.00136016204488, 0.000817616353743, 0.00040430232184, 0.000116316856293, 0.000111372799438, 0.000123252582853, 0.000118345160445, 7.16214199201e-05, 6.02239160798e-05, 3.87368781958e-05, 2.56795283349e-05, 1.95724733203e-05, 2.33046685025e-05, 1.58194125106e-05, 1.4696251128e-05, 1.32300556288e-05, 1.75027671503e-05, 1.31563701871e-05, 8.77946422406e-06, 1.15675920824e-05, 8.0541076386e-06, 1.2236882867e-05, 4.27341501563e-06, 4.54333303423e-06, 7.81130165706e-06, 4.03404146709e-06, 4.4455268835e-06, 4.51234882348e-06, 5.06653577759e-06, 6.01219744567e-06, 6.43985413262e-06, 1.45078192872e-05, 9.21254286368e-06, 6.58215640215e-06, 5.01023032484e-06, 4.90566026201e-06, 4.32856904808e-06],
        "dvar": [4.9216690968e-05, 0.000179546783329, 2.86002123175e-05, 4.72047304356e-06, 1.78745631274e-06, 3.3478445971e-07, 1.83964594669e-08, 1.97298124505e-08, 2.76531579857e-08, 2.36871482429e-08, 7.82065878724e-09, 6.57196919107e-09, 2.13957851436e-09, 9.55505674582e-10, 6.25660356857e-10, 8.92479978809e-10, 4.40191938456e-10, 4.07676836733e-10, 2.84425233366e-10, 6.59806931314e-10, 2.28222524212e-10, 1.08813583144e-10, 6.13898709645e-10, 2.22100837721e-10, 7.90567944442e-10, 1.58994501592e-11, 1.76498295146e-11, 9.59425525138e-11, 1.89674578127e-11, 3.00009392329e-11, 2.65401155913e-11, 3.71159145085e-11, 7.43124520253e-11, 8.36794383785e-11, 5.60467283695e-10, 2.20701276699e-10, 1.14877635182e-10, 6.0956864556e-11, 6.11167921827e-11, 4.80302082828e-11],
        "dvar2": [0.000108475833258, 0.000213100240217, 7.0495341788e-05, 1.28872652567e-05, 5.07505910718e-06, 9.67809910435e-07, 4.92201621682e-08, 5.56598465096e-08, 7.80835307523e-08, 6.52987566241e-08, 1.91814724104e-08, 1.648307979e-08, 5.27152677066e-09, 2.13291873052e-09, 1.50640411256e-09, 2.14249662456e-09, 1.0395782013e-09, 8.65154670127e-10, 6.25019980216e-10, 1.41871525638e-09, 4.69229655131e-10, 2.22085197454e-10, 1.24084353903e-09, 4.43796138727e-10, 1.77415881986e-09, 3.32336727582e-11, 3.59248360227e-11, 2.37158320759e-10, 3.94512790491e-11, 6.83206408114e-11, 6.19885184849e-11, 8.59470966619e-11, 1.79403089606e-10, 2.01162711488e-10, 1.37208211459e-09, 5.1422704983e-10, 2.60937049745e-10, 1.40067693555e-10, 1.36120129057e-10, 1.19792120667e-10],
        "max": [0.0947466641665, 0.135356754065, 0.100548513234, 0.0375961251557, 0.0188473369926, 0.00504691805691, 0.00201902794652, 0.00203753402457, 0.00143027759623, 0.00161463348195, 0.00310602178797, 0.00143344711978, 0.000919282610994, 0.000627789297141, 0.000408529216656, 0.000591943156905, 0.00137535145041, 0.000553908233996, 0.000433983979747, 0.000699993921444, 0.000388866232242, 0.000443010241725, 0.000860386760905, 0.000470272352686, 0.000695545284543, 8.73492099345e-05, 7.12051041774e-05, 0.000122727491544, 0.000106100684206, 0.000238028937019, 0.00011129588529, 6.96894639987e-05, 0.000103282429336, 9.92073473753e-05, 0.000184404634638, 0.00016347609926, 0.000138048635563, 8.61132648424e-05, 0.000104272658064, 9.83846111922e-05],
        "mean": [0.0132902460173, 0.0157643090934, 0.00246674590744, 0.000565462163649, 0.000313541531796, 0.000184051255928, 8.21082940092e-05, 6.76204945194e-05, 6.21436411166e-05, 7.29693638277e-05, 5.12804435857e-05, 4.13466877944e-05, 3.04098994093e-05, 2.66643637588e-05, 1.75909572135e-05, 2.50130560744e-05, 1.69147533597e-05, 1.65019137057e-05, 1.61453062901e-05, 2.22253929678e-05, 1.36876205943e-05, 7.62111130825e-06, 1.2520985365e-05, 8.10637175164e-06, 1.19456763059e-05, 3.96058294427e-06, 4.1544171836e-06, 5.64729725738e-06, 3.62859441339e-06, 3.43598730979e-06, 3.47932632394e-06, 4.10523034589e-06, 4.87870784127e-06, 4.33671448263e-06, 7.81031303632e-06, 5.63372122997e-06, 4.70970053357e-06, 3.4497386423e-06, 3.55711745215e-06, 2.96386951959e-06],
        "median": [0.0076253018342, 0.00568818300962, 0.00056306226179, 0.000110082051833, 4.56397901871e-05, 5.73983852519e-05, 2.93202883768e-05, 2.15404506889e-05, 1.84011405508e-05, 2.22942126129e-05, 1.62185260706e-05, 1.38150899147e-05, 1.08284775706e-05, 9.70194560068e-06, 6.0331003624e-06, 7.37395430406e-06, 7.11368738848e-06, 6.27239933237e-06, 4.37891731053e-06, 5.08765788254e-06, 4.63759351987e-06, 3.0075034374e-06, 3.12098609356e-06, 2.23591541726e-06, 2.0871734705e-06, 2.10735151995e-06, 2.00244289772e-06, 2.10287635127e-06, 1.49159700413e-06, 1.28411375044e-06, 1.26598229144e-06, 1.42905469147e-06, 1.0681249023e-06, 9.82486881185e-07, 1.16843079923e-06, 8.57466488924e-07, 6.74528848776e-07, 6.26216433375e-07, 5.12386236551e-07, 5.31973398665e-07],
        "min": [4.78430965039e-24, 4.44554635085e-24, 5.42939434475e-24, 7.52689976109e-24, 3.45470684052e-23, 1.76371170384e-23, 5.85125743534e-24, 7.79546745627e-24, 1.93680545693e-23, 1.67492477787e-23, 6.41037088496e-24, 7.01075517055e-24, 1.38391793424e-23, 5.5207590315e-24, 6.85291672519e-24, 1.57552514837e-23, 7.29277609961e-24, 8.70232775342e-24, 7.5402433433e-24, 6.99813418493e-24, 1.4372326252e-23, 1.91831676612e-23, 1.57684759479e-23, 1.54138687715e-23, 7.32381067648e-24, 9.38701247635e-24, 1.88336644149e-23, 1.12293734547e-23, 9.72138142622e-24, 1.21524685092e-23, 1.19025518524e-23, 1.11749964836e-23, 7.15471597486e-24, 8.73395397597e-24, 7.69551404641e-24, 1.09829561848e-23, 8.8884736835e-24, 9.59560781008e-24, 1.09822982749e-23, 1.32589153486e-23],
        "var": [0.000199155969312, 0.000584242574405, 2.99372586596e-05, 3.03797401102e-06, 1.03451520772e-06, 1.94336905679e-07, 1.84815505122e-08, 1.52726382652e-08, 1.81848527347e-08, 2.01985965731e-08, 1.00763806188e-08, 6.79008804738e-09, 2.68415023541e-09, 1.99406158252e-09, 1.10507147877e-09, 2.78452483293e-09, 1.12623110837e-09, 1.38334499411e-09, 1.36413480512e-09, 2.99559799188e-09, 7.23200166419e-10, 3.52733064979e-10, 1.89607352041e-09, 6.40215214176e-10, 2.17171769457e-09, 2.94730559403e-11, 2.9581968819e-11, 9.64897328704e-11, 3.42857617297e-11, 4.17947482179e-11, 3.35377073335e-11, 4.6117089314e-11, 8.98548388473e-11, 8.54732118416e-11, 4.80440687234e-10, 2.10034600823e-10, 1.26010063495e-10, 6.33898211699e-11, 6.89269266663e-11, 4.73827470315e-11]
    },
    "mfcc": {
        "mean": [-662.10333252, 94.5875396729, 24.0336322784, 28.7703227997, 15.8161878586, 19.4570121765, 9.66445541382, 13.7654953003, 9.66521072388, 9.16744422913, 3.4862844944, 2.74396634102, 3.30697035789],
        "cov": [[4654.39111328, -171.170684814, 1181.14343262, -204.176071167, 230.556732178, 7.05744886398, 74.2326660156, -147.208938599, -174.823806763, 48.7308044434, -2.4107644558, 51.0493621826, -27.8354129791], [-171.170684814, 1385.03186035, 116.898643494, 218.817092896, 166.00340271, 65.8141479492, 82.1689071655, -31.601102829, 22.7623062134, 97.6792373657, 89.7219543457, 82.503692627, -22.5897846222], [1181.14343262, 116.898643494, 1253.20678711, 245.987304688, 434.139221191, 246.855300903, 309.97177124, 168.159561157, 84.584236145, 187.499847412, 177.315185547, 189.681732178, 140.582778931], [-204.176071167, 218.817092896, 245.987304688, 337.266418457, 263.033508301, 190.03994751, 176.821456909, 140.87852478, 108.250106812, 83.3987121582, 87.7073440552, 55.3646621704, 33.4925956726], [230.556732178, 166.00340271, 434.139221191, 263.033508301, 425.34274292, 280.514251709, 267.843566895, 157.196395874, 128.348220825, 155.877182007, 134.579238892, 98.7311782837, 53.8037719727], [7.05744886398, 65.8141479492, 246.855300903, 190.03994751, 280.514251709, 285.930755615, 241.247756958, 140.197998047, 120.082221985, 121.741912842, 106.700675964, 71.4329833984, 40.3588676453], [74.2326660156, 82.1689071655, 309.97177124, 176.821456909, 267.843566895, 241.247756958, 320.659362793, 152.927658081, 116.59185791, 151.335952759, 131.700592041, 109.600723267, 63.4536437988], [-147.208938599, -31.601102829, 168.159561157, 140.87852478, 157.196395874, 140.197998047, 152.927658081, 260.697418213, 130.739990234, 58.6082305908, 77.5699920654, 58.7059783936, 84.193397522], [-174.823806763, 22.7623062134, 84.584236145, 108.250106812, 128.348220825, 120.082221985, 116.59185791, 130.739990234, 194.799789429, 115.683479309, 67.8890991211, 54.9852867126, 31.1126918793], [48.7308044434, 97.6792373657, 187.499847412, 83.3987121582, 155.877182007, 121.741912842, 151.335952759, 58.6082305908, 115.683479309, 213.070724487, 129.222824097, 96.6901473999, 49.0830001831], [-2.4107644558, 89.7219543457, 177.315185547, 87.7073440552, 134.579238892, 106.700675964, 131.700592041, 77.5699920654, 67.8890991211, 129.222824097, 158.286956787, 107.671447754, 53.3837242126], [51.0493621826, 82.503692627, 189.681732178, 55.3646621704, 98.7311782837, 71.4329833984, 109.600723267, 58.7059783936, 54.9852867126, 96.6901473999, 107.671447754, 159.241439819, 98.6896438599], [-27.8354129791, -22.5897846222, 140.582778931, 33.4925956726, 53.8037719727, 40.3588676453, 63.4536437988, 84.193397522, 31.1126918793, 49.0830001831, 53.3837242126, 98.6896438599, 158.593078613]],
