{
"lowlevel": {
    "average_loudness": 0.640895545483,
    "barkbands_crest": {
        "dmean": 2.12822675705,
        "dmean2": 3.4444463253,
        "dvar": 4.58093595505,
        "dvar2": 12.2190628052,
        "max": 25.6513271332,
        "mean": 11.9087686539,
        "median": 11.175989151,
        "min": 2.00018715858,
        "var": 18.1903419495
    },
    "barkbands_flatness_db": {
        "dmean": 0.0177354775369,
        "dmean2": 0.0266177468002,
        "dvar": 0.000321105355397,
        "dvar2": 0.000668229477014,
        "max": 0.425110787153,
        "mean": 0.215114340186,
        "median": 0.211088001728,
        "min": 0.014962086454,
        "var": 0.00313892471604
    },
    "barkbands_kurtosis": {
        "dmean": 3.33593153954,
        "dmean2": 5.28105163574,
        "dvar": 25.1238899231,
        "dvar2": 62.4679832458,
        "max": 153.781295776,
        "mean": 8.52760314941,
        "median": 5.66507339478,
        "min": -1.91080832481,
        "var": 104.43296051
    },
    "barkbands_skewness": {
        "dmean": 0.456441283226,
        "dmean2": 0.713143825531,
        "dvar": 0.240225821733,
        "dvar2": 0.576209187508,
        "max": 9.80515575409,
        "mean": 2.0022354126,
        "median": 1.95254409313,
        "min": -2.37004709244,
        "var": 1.42997074127
    },
    "barkbands_spread": {
        "dmean": 2.30493021011,
        "dmean2": 3.50907158852,
        "dvar": 20.0810108185,
        "dvar2": 39.6404647827,
        "max": 104.814331055,
        "mean": 9.86423969269,
        "median": 8.18738555908,
        "min": 0.801775813103,
        "var": 63.2489013672
    },
    "dissonance": {
        "dmean": 0.0274288225919,
        "dmean2": 0.0462469309568,
        "dvar": 0.000725155987311,
        "dvar2": 0.00195131346118,
        "max": 0.499447792768,
        "mean": 0.423880070448,
        "median": 0.431827038527,
        "min": 0.147667571902,
        "var": 0.00195196806453
    },
    "dynamic_complexity": 5.35236787796,
    "erbbands_crest": {
        "dmean": 2.245200634,
        "dmean2": 3.53199625015,
        "dvar": 5.05419397354,
        "dvar2": 12.3808803558,
        "max": 33.6310653687,
        "mean": 12.3995018005,
        "median": 11.2106285095,
        "min": 2.86732745171,
        "var": 30.0428695679
    },
    "erbbands_flatness_db": {
        "dmean": 0.0148908998817,
        "dmean2": 0.0215379521251,
        "dvar": 0.000262257352006,
        "dvar2": 0.000499869929627,
        "max": 0.432963401079,
        "mean": 0.219582423568,
        "median": 0.215795144439,
        "min": 0.0736437514424,
        "var": 0.00248621823266
    },
    "erbbands_kurtosis": {
        "dmean": 1.21456730366,
        "dmean2": 1.89312529564,
        "dvar": 3.24547481537,
        "dvar2": 7.31096744537,
        "max": 54.6537094116,
        "mean": 1.99778282642,
        "median": 0.673552274704,
        "min": -1.82735586166,
        "var": 21.533290863
    },
    "erbbands_skewness": {
        "dmean": 0.330656439066,
        "dmean2": 0.50290542841,
        "dvar": 0.120165705681,
        "dvar2": 0.267234116793,
        "max": 5.71019220352,
        "mean": 0.86913383007,
        "median": 0.863047361374,
        "min": -4.78619718552,
        "var": 0.95547670126
    },
    "erbbands_spread": {
        "dmean": 4.85488128662,
        "dmean2": 7.34426021576,
        "dvar": 51.4552574158,
        "dvar2": 100.963302612,
        "max": 157.673934937,
        "mean": 26.6802845001,
        "median": 24.285068512,
        "min": 1.49294662476,
        "var": 239.922744751
    },
    "hfc": {
        "dmean": 2.11281728745,
        "dmean2": 2.83618092537,
        "dvar": 15.4775009155,
        "dvar2": 25.8498382568,
        "max": 110.917076111,
        "mean": 10.5808897018,
        "median": 6.31219244003,
        "min": 2.7809290426e-09,
        "var": 153.631835938
    },
    "melbands_crest": {
        "dmean": 2.67521190643,
        "dmean2": 4.31938934326,
        "dvar": 7.38645362854,
        "dvar2": 19.2764091492,
        "max": 32.8883056641,
        "mean": 15.5533781052,
        "median": 14.7843723297,
        "min": 2.97790336609,
        "var": 27.5831642151
    },
    "melbands_flatness_db": {
        "dmean": 0.0193638075143,
        "dmean2": 0.0287432521582,
        "dvar": 0.000412874040194,
        "dvar2": 0.000825289112981,
        "max": 0.559615910053,
        "mean": 0.296634316444,
        "median": 0.289908111095,
        "min": 0.0366748459637,
        "var": 0.00492126541212
    },
    "melbands_kurtosis": {
        "dmean": 5.23788547516,
        "dmean2": 8.2837562561,
        "dvar": 76.7394256592,
        "dvar2": 198.142745972,
        "max": 343.291015625,
        "mean": 14.0109157562,
        "median": 10.3588571548,
        "min": -1.88831174374,
        "var": 204.701370239
    },
    "melbands_skewness": {
        "dmean": 0.539260089397,
        "dmean2": 0.844511926174,
        "dvar": 0.336077034473,
        "dvar2": 0.805705904961,
        "max": 15.5894327164,
        "mean": 2.52913141251,
        "median": 2.41970467567,
        "min": -1.85575795174,
        "var": 1.88703382015
    },
    "melbands_spread": {
        "dmean": 2.48287010193,
        "dmean2": 3.80899548531,
        "dvar": 22.1273651123,
        "dvar2": 45.9008483887,
        "max": 154.504974365,
        "mean": 11.1226358414,
        "median": 8.67323493958,
        "min": 1.01858794689,
        "var": 85.4383392334
    },
    "pitch_salience": {
        "dmean": 0.0589617080986,
        "dmean2": 0.0971145257354,
        "dvar": 0.0035036795307,
        "dvar2": 0.00939005799592,
        "max": 0.94045317173,
        "mean": 0.517122983932,
        "median": 0.519852995872,
        "min": 0.139462932944,
        "var": 0.0121887559071
    },
    "silence_rate_20dB": {
        "dmean": 0,
        "dmean2": 0,
        "dvar": 0,
        "dvar2": 0,
        "max": 1,
        "mean": 1,
        "median": 1,
        "min": 1,
        "var": 0
    },
    "silence_rate_30dB": {
        "dmean": 0.00212807115167,
        "dmean2": 0.00425655394793,
        "dvar": 0.00212334981188,
        "dvar2": 0.00443208171055,
        "max": 1,
        "mean": 0.997775435448,
        "median": 1,
        "min": 0,
        "var": 0.00221997732297
    },
    "silence_rate_60dB": {
        "dmean": 0.00928612891585,
        "dmean2": 0.0184773150831,
        "dvar": 0.0091999201104,
        "dvar2": 0.0208414327353,
        "max": 1,
        "mean": 0.0710900500417,
        "median": 0,
        "min": 0,
        "var": 0.0660336017609
    },
    "spectral_centroid": {
        "dmean": 92.881439209,
        "dmean2": 142.364303589,
        "dvar": 31253.1289062,
        "dvar2": 56011.78125,
        "max": 11155.9892578,
        "mean": 642.902709961,
        "median": 569.307189941,
        "min": 223.13899231,
        "var": 105704.265625
    },
    "spectral_complexity": {
        "dmean": 1.51421940327,
        "dmean2": 2.4510011673,
        "dvar": 2.24343466759,
        "dvar2": 5.09920787811,
        "max": 29,
        "mean": 10.6457099915,
        "median": 11,
        "min": 0,
        "var": 18.7321739197
    },
    "spectral_decrease": {
        "dmean": 1.28016319767e-09,
        "dmean2": 1.87959248166e-09,
        "dvar": 4.04917813862e-18,
        "dvar2": 8.5171015731e-18,
        "max": -2.19025044344e-19,
        "mean": -5.42582689889e-09,
        "median": -3.84038623125e-09,
        "min": -4.21927204286e-08,
        "var": 2.37975660154e-17
    },
    "spectral_energy": {
        "dmean": 0.00498520210385,
        "dmean2": 0.00729947350919,
        "dvar": 6.09007329331e-05,
        "dvar2": 0.00012698219507,
        "max": 0.16153241694,
        "mean": 0.0214379765093,
        "median": 0.015110113658,
        "min": 1.07889034078e-12,
        "var": 0.000373309158022
    },
    "spectral_energyband_high": {
        "dmean": 4.90704624099e-05,
        "dmean2": 6.76240233588e-05,
        "dvar": 5.79932972755e-08,
        "dvar2": 1.09520918556e-07,
        "max": 0.00912676565349,
        "mean": 0.000117779018183,
        "median": 2.45469527727e-05,
        "min": 1.6547589579e-13,
        "var": 1.35891951913e-07
    },
    "spectral_energyband_low": {
        "dmean": 0.00194230896886,
        "dmean2": 0.00313690630719,
        "dvar": 2.63138226728e-05,
        "dvar2": 6.60682635498e-05,
        "max": 0.121473774314,
        "mean": 0.00351967429742,
        "median": 0.00186302827206,
        "min": 1.03333994464e-13,
        "var": 3.66021267837e-05
    },
    "spectral_energyband_middle_high": {
        "dmean": 0.000719632487744,
        "dmean2": 0.000930217909627,
        "dvar": 4.39491486759e-06,
        "dvar2": 5.98317137701e-06,
        "max": 0.0771941691637,
        "mean": 0.00314604747109,
        "median": 0.000911655544769,
        "min": 3.96812221753e-13,
        "var": 4.52933381894e-05
    },
    "spectral_energyband_middle_low": {
        "dmean": 0.00369195104577,
        "dmean2": 0.00546203786507,
        "dvar": 3.33869465976e-05,
        "dvar2": 7.37486989237e-05,
        "max": 0.11010286957,
        "mean": 0.0153204798698,
        "median": 0.0094968797639,
        "min": 4.03294829173e-13,
        "var": 0.000229642013437
    },
    "spectral_entropy": {
        "dmean": 0.14850962162,
        "dmean2": 0.216883912683,
        "dvar": 0.0310354679823,
        "dvar2": 0.0554036721587,
        "max": 9.80770492554,
        "mean": 6.54661893845,
        "median": 6.54557991028,
        "min": 4.87396192551,
        "var": 0.293524861336
    },
    "spectral_flux": {
        "dmean": 0.0159263107926,
        "dmean2": 0.0251790545881,
        "dvar": 0.000441548705567,
        "dvar2": 0.000961913901847,
        "max": 0.341511040926,
        "mean": 0.0473641827703,
        "median": 0.0395345240831,
        "min": 2.60576143774e-05,
        "var": 0.00109044124838
    },
    "spectral_kurtosis": {
        "dmean": 4.29760599136,
        "dmean2": 7.35535335541,
        "dvar": 28.0502147675,
        "dvar2": 78.2272872925,
        "max": 145.995773315,
        "mean": 13.1946439743,
        "median": 10.1409778595,
        "min": -1.35143840313,
        "var": 155.776824951
    },
    "spectral_rms": {
        "dmean": 0.000505239586346,
        "dmean2": 0.000734597619157,
        "dvar": 4.10363213632e-07,
        "dvar2": 7.9501177197e-07,
        "max": 0.0125535894185,
        "mean": 0.00410714559257,
        "median": 0.00383947580121,
        "min": 3.24434275001e-08,
        "var": 4.04643833463e-06
    },
    "spectral_rolloff": {
        "dmean": 154.542373657,
        "dmean2": 265.10534668,
        "dvar": 277903.4375,
        "dvar2": 609574.4375,
        "max": 13695.1171875,
        "mean": 700.196716309,
        "median": 516.796875,
        "min": 64.599609375,
        "var": 476144.0625
    },
    "spectral_skewness": {
        "dmean": 0.364427119493,
        "dmean2": 0.603892922401,
        "dvar": 0.131056472659,
        "dvar2": 0.340330064297,
        "max": 10.3504934311,
        "mean": 2.63232707977,
        "median": 2.44354891777,
        "min": -0.180148929358,
        "var": 1.12969839573
    },
    "spectral_spread": {
        "dmean": 400323.34375,
        "dmean2": 588326,
        "dvar": 580322852864,
        "dvar2": 866230337536,
        "max": 41533988,
        "mean": 3200060.75,
        "median": 2862991.25,
        "min": 612858.0625,
        "var": 2.24302071808e+12
    },
    "spectral_strongpeak": {
        "dmean": 0.325404703617,
        "dmean2": 0.53633916378,
        "dvar": 0.366873413324,
        "dvar2": 0.846180200577,
        "max": 11.4896039963,
        "mean": 1.12261343002,
        "median": 0.697041273117,
        "min": 0,
        "var": 1.82778501511
    },
    "zerocrossingrate": {
        "dmean": 0.00473629962653,
        "dmean2": 0.00576310744509,
        "dvar": 8.94547338248e-05,
        "dvar2": 0.000103409853182,
        "max": 0.498046875,
        "mean": 0.030477553606,
        "median": 0.02685546875,
        "min": 0.0029296875,
        "var": 0.000376191310352
    },
    "barkbands": {
        "dmean": [0.000159029150382, 0.00131458416581, 0.000604747387115, 0.000636914453935, 0.00194010010455, 0.00124887446873, 0.000468057463877, 0.000586790090892, 0.000332972005708, 0.000246575305937, 0.00020760485495, 0.000130229571369, 0.000142602657434, 0.000106790052087, 0.000124017708004, 6.05006571277e-05, 6.85626000632e-05, 3.3178319427e-05, 1.20458826132e-05, 1.64014600159e-05, 7.33199840397e-06, 7.63104617363e-06, 1.23035524666e-05, 1.14698023026e-05, 6.92073626851e-06, 1.51807159909e-06, 4.3678272732e-07],
        "dmean2": [0.000210373633308, 0.00224207388237, 0.0010112846503, 0.00104319781531, 0.00293974555098, 0.00187187746633, 0.000675546762068, 0.000837974075694, 0.000473602733109, 0.000310099218041, 0.000284553534584, 0.000184301097761, 0.000191835322767, 0.000150003834278, 0.000174256580067, 8.91091840458e-05, 0.00010889400437, 4.76619425172e-05, 1.87596324395e-05, 2.35767529375e-05, 1.11850740723e-05, 1.12941615953e-05, 1.72447744262e-05, 1.63117783814e-05, 1.02953817986e-05, 2.14582064473e-06, 6.21090691766e-07],
        "dvar": [4.22599697458e-07, 2.04347034014e-05, 1.27778150727e-06, 1.52566133238e-06, 1.39406201924e-05, 7.24530900698e-06, 1.34791559958e-06, 2.12986219594e-06, 1.55076054398e-06, 1.05847107079e-06, 7.52132052639e-07, 2.26952963089e-07, 5.58968508813e-07, 2.09127463791e-07, 2.72142386848e-07, 3.31453229307e-08, 2.24595790854e-08, 1.06116972987e-08, 1.83338511039e-09, 2.05149852661e-09, 5.17318299309e-10, 1.60531532511e-09, 7.33570715283e-09, 7.85101050838e-09, 2.3904569435e-09, 3.25620572172e-11, 6.12508264594e-12],
        "dvar2": [9.03204067981e-07, 5.62788118259e-05, 3.55122983819e-06, 3.8494117689e-06, 3.34636242769e-05, 1.55532306962e-05, 2.80256290353e-06, 4.49498975286e-06, 3.27393058797e-06, 1.50171456426e-06, 1.15621571695e-06, 4.06659523833e-07, 8.01527903604e-07, 3.57591318334e-07, 5.35399749424e-07, 5.454949914e-08, 5.14103781768e-08, 1.71640870406e-08, 3.20284110344e-09, 3.51361117978e-09, 1.17424314716e-09, 3.44001893637e-09, 1.40550273642e-08, 1.64093396648e-08, 5.37159028369e-09, 6.00269070561e-11, 1.25773731707e-11],
        "max": [0.0203103832901, 0.110416278243, 0.0271771531552, 0.0364505685866, 0.0832903906703, 0.0667147636414, 0.0442541874945, 0.0400018543005, 0.0407904274762, 0.0526083298028, 0.0554078444839, 0.0263999644667, 0.0415485426784, 0.0231033656746, 0.0259066876024, 0.00718786008656, 0.00682029500604, 0.00587205542251, 0.00298999901861, 0.00243272236548, 0.000720068055671, 0.00188967294525, 0.00446710269898, 0.00354290986434, 0.00213288026862, 0.000245963077759, 0.000158997136168],
        "mean": [0.000209394653211, 0.00167638680432, 0.00105649570469, 0.00148545007687, 0.00591555749997, 0.00389340310358, 0.00139895244502, 0.00149198574945, 0.000873786688317, 0.000785300740972, 0.000698906951584, 0.000308596761897, 0.000389046326745, 0.000264987786068, 0.000413386413129, 0.000143146651681, 0.000160693089128, 0.000114152862807, 2.76651480817e-05, 4.48084065283e-05, 1.53165437951e-05, 1.30799335238e-05, 2.33857972489e-05, 2.04003135877e-05, 1.10754872367e-05, 2.12397753785e-06, 5.4132084415e-07],
        "median": [2.09347217606e-06, 0.000451217580121, 0.000627987086773, 0.000721109041478, 0.0024912240915, 0.000778903486207, 0.000406908162404, 0.000540649809409, 0.000122307363199, 7.72025960032e-05, 6.00437961111e-05, 6.19540660409e-05, 4.56520174339e-05, 4.25957041443e-05, 5.65251430089e-05, 3.75986892323e-05, 5.40431465197e-05, 1.59857645485e-05, 1.19640935736e-05, 1.42389289977e-05, 3.89336946682e-06, 2.42436044573e-06, 2.24043219532e-06, 2.30289174397e-06, 6.18345040948e-07, 2.01338025363e-07, 1.33739694874e-08],
        "min": [4.59306800493e-14, 3.56917051253e-14, 3.38753954358e-14, 2.61918308223e-14, 7.09888894087e-14, 7.23669035937e-14, 6.69670346736e-14, 6.55181814292e-14, 7.92485109653e-14, 7.40475389338e-14, 6.32923075929e-14, 6.90864330804e-14, 5.7331736743e-14, 4.2147424331e-14, 3.10908288318e-14, 1.66127572446e-14, 8.05794809404e-15, 6.3421574985e-15, 2.30403126049e-14, 2.68697926051e-14, 9.57228630264e-15, 1.85416257543e-14, 2.06011812833e-14, 2.02663389949e-14, 1.89091059163e-14, 3.30536752211e-14, 3.41122190716e-14],
        "var": [6.70836072914e-07, 2.02242808882e-05, 1.8654654923e-06, 6.97110363035e-06, 7.27191436454e-05, 5.28599011886e-05, 9.00864870346e-06, 8.09800530988e-06, 8.80278457771e-06, 9.43121631281e-06, 8.60694581206e-06, 1.02209514807e-06, 3.5818145534e-06, 1.08355061457e-06, 2.26685187954e-06, 1.88815036495e-07, 1.12416550735e-07, 1.43603543279e-07, 6.58014132071e-09, 1.31512560841e-08, 1.48652290477e-09, 2.67650657193e-09, 1.34938016316e-08, 1.35786102362e-08, 3.52116513724e-09, 6.04623504041e-11, 9.24637710148e-12]
    },
    "erbbands": {
        "dmean": [0.0523035041988, 0.246843859553, 0.598464071751, 1.40554094315, 3.16693472862, 8.03816699982, 12.2075080872, 8.14233779907, 6.20706939697, 10.9076719284, 11.4756689072, 7.19805860519, 5.92922782898, 7.84116458893, 7.17827367783, 6.27645254135, 6.2243938446, 6.16588544846, 6.32588529587, 4.23213338852, 3.19686436653, 2.71598577499, 2.05970096588, 0.896715044975, 0.560432076454, 0.715962409973, 0.464652121067, 0.247202605009, 0.27243745327, 0.375249326229, 0.325624108315, 0.240561902523, 0.200946584344, 0.105167493224, 0.0320722572505, 0.00876754894853, 0.00247790431604, 0.000533396494575, 7.42407573853e-05, 8.99341830518e-06],
        "dmean2": [0.0862239226699, 0.427786529064, 0.999744534492, 2.32315516472, 4.92383813858, 12.379981041, 18.3982105255, 12.2525758743, 8.94498634338, 15.6111660004, 16.6130104065, 10.1826963425, 7.61112546921, 10.2010316849, 9.6524810791, 8.66582679749, 8.3809261322, 8.47419834137, 8.73923587799, 6.18606805801, 4.80402946472, 4.29581880569, 2.96923208237, 1.33553934097, 0.85880625248, 1.03922736645, 0.673938810825, 0.372617900372, 0.405479490757, 0.550009071827, 0.472189456224, 0.335535675287, 0.297020226717, 0.157379418612, 0.0483851805329, 0.0124461734667, 0.00360815809108, 0.000784330302849, 0.00010610283789, 1.2791093468e-05],
        "dvar": [0.0410078689456, 0.646364450455, 1.35790503025, 7.27293205261, 43.2965164185, 288.450195312, 889.585510254, 310.762634277, 292.881011963, 630.581665039, 1278.08166504, 651.307006836, 735.250793457, 939.53918457, 1051.4699707, 461.167480469, 1016.6887207, 637.048583984, 732.373352051, 402.8828125, 66.3893280029, 32.6876754761, 36.7450714111, 5.67371273041, 4.49712705612, 3.58825969696, 2.13451123238, 0.961554884911, 2.05269193649, 6.16492605209, 5.99666404724, 3.64407777786, 2.35222816467, 0.55450707674, 0.0496131144464, 0.00125228299294, 9.98442119453e-05, 5.3955891417e-06, 1.74877456516e-07, 1.19183107827e-09],
        "dvar2": [0.107146844268, 1.86392843723, 3.74712491035, 19.3015422821, 95.9341049194, 682.250732422, 2093.70068359, 615.039978027, 574.487548828, 1338.35290527, 2909.48803711, 1313.53051758, 1019.62738037, 1434.5703125, 1553.06164551, 747.804992676, 1417.05603027, 985.55847168, 1386.2355957, 833.149291992, 109.94278717, 77.7401351929, 61.4401893616, 9.84804821014, 7.71543979645, 6.57634305954, 3.72584366798, 2.26350164413, 4.35110712051, 12.6573257446, 12.1028547287, 6.89132261276, 5.34796953201, 1.26437222958, 0.109120741487, 0.00234451983124, 0.000189707847312, 1.12694351628e-05, 3.67799771084e-07, 2.55425791629e-09],
        "max": [4.41931438446, 25.5538024902, 27.5274486542, 70.9008255005, 217.76361084, 444.399505615, 920.178649902, 598.664794922, 722.060302734, 827.237426758, 1082.54284668, 1107.62438965, 1213.1887207, 1533.12646484, 2756.03369141, 1279.09191895, 2154.47753906, 909.997436523, 1510.70410156, 1530.83508301, 412.896789551, 163.327026367, 351.199188232, 109.706001282, 151.22492981, 80.4979400635, 77.0939025879, 38.6338615417, 77.5191345215, 106.054702759, 132.910629272, 82.094543457, 60.7955169678, 34.1848373413, 8.78172969818, 0.975400745869, 0.561595022678, 0.0983982309699, 0.0264986231923, 0.00251693185419],
        "mean": [0.0598350204527, 0.330943852663, 1.1128308773, 3.21570467949, 9.58099842072, 22.5357551575, 38.3357963562, 24.041973114, 20.5150909424, 28.0234069824, 30.0876903534, 20.3085899353, 18.5853614807, 26.9598312378, 25.835849762, 16.2641868591, 17.7185211182, 16.5829544067, 23.3967170715, 11.5388422012, 8.95712471008, 6.88107919693, 6.84631156921, 2.84850358963, 1.38827681541, 2.01131701469, 1.28618121147, 0.484581768513, 0.466970473528, 0.668174445629, 0.614198684692, 0.458252638578, 0.328946888447, 0.175016522408, 0.047154456377, 0.0126836150885, 0.00346390227787, 0.000701686076354, 0.000102632606286, 2.93717039312e-05],
        "median": [0.005159010645, 0.128998875618, 0.69431000948, 1.98788821697, 4.60662078857, 7.93587875366, 8.24085235596, 6.84833669662, 6.32669496536, 11.5388650894, 9.82264995575, 3.9781434536, 2.61525440216, 2.96835422516, 2.99425983429, 3.4292781353, 2.64449310303, 3.04695153236, 2.64826130867, 3.1378698349, 2.86536192894, 2.49632525444, 1.32227158546, 0.733533263206, 0.657327711582, 0.656137406826, 0.314805090427, 0.108692534268, 0.0749455690384, 0.0851333215833, 0.0642125159502, 0.058982565999, 0.0265893358737, 0.00847128219903, 0.00369504722767, 0.00131048145704, 0.000264575966867, 2.92743952741e-05, 1.2843193872e-05, 1.92055686057e-05],
        "min": [1.36109103589e-12, 7.4063220834e-12, 3.40163799906e-11, 7.01612240528e-11, 1.47813206119e-10, 2.46680204041e-10, 4.24475316008e-10, 6.21935170031e-10, 8.26336554738e-10, 1.22078602782e-09, 1.56135215867e-09, 1.83287418576e-09, 2.18268092489e-09, 2.43198483574e-09, 2.69050781654e-09, 2.72823652558e-09, 2.74273825873e-09, 2.29686114572e-09, 1.84986703733e-09, 1.35609301566e-09, 8.56877901967e-10, 4.41122804951e-10, 3.23637172617e-10, 6.95710322685e-10, 1.42618106214e-09, 1.29003208116e-09, 6.05995031933e-10, 3.49230172558e-10, 5.1367393672e-10, 7.31928850861e-10, 5.23556198395e-10, 4.44362907581e-10, 4.15706774559e-10, 2.01587802007e-10, 1.40683936722e-10, 1.07791588155e-10, 6.74297770398e-11, 1.87393035117e-11, 4.77523706341e-12, 5.76745086151e-13],
        "var": [0.0468519516289, 0.543925583363, 1.95699894428, 19.6811962128, 331.439575195, 1570.64685059, 5456.7421875, 1956.09106445, 2384.53393555, 2332.96459961, 4445.4765625, 4703.81640625, 5717.12548828, 9750.63085938, 14279.4853516, 2267.00268555, 6595.34326172, 3349.26123047, 7581.59179688, 1814.79772949, 517.609191895, 156.263977051, 440.510162354, 60.7095565796, 16.6174430847, 21.1127376556, 13.0839586258, 1.91247189045, 3.49572753906, 10.0531148911, 9.94763183594, 7.18214273453, 3.37657237053, 0.832215368748, 0.073510825634, 0.00242329807952, 0.000168879603734, 8.54319023347e-06, 2.58632525174e-07, 1.98580130117e-09]
    },
    "gfcc": {
        "mean": [-95.1482925415, 145.403869629, -109.540771484, 18.6790161133, -56.6552124023, -2.93473124504, -45.8758583069, -4.31142187119, -18.6822128296, -7.88643407822, -8.60295772552, -11.0152826309, -7.19107627869],
        "cov": [[19911.8925781, -1413.71496582, -3067.06469727, 544.521057129, 190.307022095, 650.826904297, -676.554626465, 258.121307373, 193.108398438, 15.7646112442, -0.64012414217, 110.566368103, 142.225311279], [-1413.71496582, 1065.30541992, -105.673957825, -86.7233734131, 250.1925354, -143.020935059, 191.64704895, -128.484191895, 85.7073898315, -44.5762481689, 146.295898438, -117.374755859, 45.8269348145], [-3067.06469727, -105.673957825, 1101.37060547, -64.4600067139, -130.350204468, -7.64784860611, 31.4206600189, 25.4923152924, -70.8110961914, 89.1878356934, -33.134262085, 54.5651664734, -43.6603813171], [544.521057129, -86.7233734131, -64.4600067139, 410.203948975, 78.448059082, -21.9336204529, -19.1678905487, 40.4874191284, 107.955444336, -6.05875635147, -12.0438699722, 47.6586265564, 5.76449346542], [190.307022095, 250.1925354, -130.350204468, 78.448059082, 275.727966309, -10.362622261, 53.7234039307, -8.76888561249, 87.0526123047, 14.3754491806, 15.7059316635, -7.61242866516, 7.30005741119], [650.826904297, -143.020935059, -7.64784860611, -21.9336204529, -10.362622261, 269.810699463, 61.2429199219, 7.7460474968, 8.9491853714, 39.1540184021, 9.63028621674, 12.1543960571, -5.08065700531], [-676.554626465, 191.64704895, 31.4206600189, -19.1678905487, 53.7234039307, 61.2429199219, 206.891784668, -7.03654909134, 5.72624444962, -3.41199326515, 35.8441429138, 12.5566577911, -1.65155255795], [258.121307373, -128.484191895, 25.4923152924, 40.4874191284, -8.76888561249, 7.7460474968, -7.03654909134, 134.764556885, 18.2734870911, 1.703815341, -16.5648212433, 16.4090518951, 1.47047305107], [193.108398438, 85.7073898315, -70.8110961914, 107.955444336, 87.0526123047, 8.9491853714, 5.72624444962, 18.2734870911, 174.327987671, 36.7099609375, -8.65545272827, -6.53019142151, 6.32830238342], [15.7646112442, -44.5762481689, 89.1878356934, -6.05875635147, 14.3754491806, 39.1540184021, -3.41199326515, 1.703815341, 36.7099609375, 120.116127014, 21.8491439819, -2.16023850441, -15.3106565475], [-0.64012414217, 146.295898438, -33.134262085, -12.0438699722, 15.7059316635, 9.63028621674, 35.8441429138, -16.5648212433, -8.65545272827, 21.8491439819, 124.027770996, 18.3901863098, 15.648815155], [110.566368103, -117.374755859, 54.5651664734, 47.6586265564, -7.61242866516, 12.1543960571, 12.5566577911, 16.4090518951, -6.53019142151, -2.16023850441, 18.3901863098, 140.172439575, 24.8469772339], [142.225311279, 45.8269348145, -43.6603813171, 5.76449346542, 7.30005741119, -5.08065700531, -1.65155255795, 1.47047305107, 6.32830238342, -15.3106565475, 15.648815155, 24.8469772339, 82.0837936401]],
        "icov": [[0.000175760025741, -7.45362558519e-06, 0.000513926846907, -0.000140872696647, -5.28187338205e-05, -0.000516200903803, 0.000639260164462, -0.000324730732245, 0.000230125297094, -0.000308532267809, 6.66223713779e-05, -0.000271593598882, -3.14781063935e-05], [-7.45362558519e-06, 0.00443057576194, -0.000671135727316, 0.00129819242284, -0.00270456355065, 0.00257632532157, -0.00314501835965, 0.00275943335146, -0.0028971072752, 0.00315745268017, -0.00495558325201, 0.00405904604122, -0.00209314888343], [0.000513926846907, -0.000671135727316, 0.00279135839082, -0.000575607409701, 0.000760886643548, -0.00151777057908, 0.00178443384357, -0.00150619994383, 0.00159810145851, -0.00268178177066, 0.00158887275029, -0.00194581109099, 0.000573305762373], [-0.000140872696647, 0.00129819242284, -0.000575607409701, 0.00380797637627, -0.00125768978614, 0.00132365094032, -0.000897603051271, 0.000459678063635, -0.00302782235667, 0.0020069705788, -0.00151141372044, 6.08604714216e-05, -9.28711597226e-06], [-5.28187338205e-05, -0.00270456355065, 0.000760886643548, -0.00125768978614, 0.0066656107083, -0.00074486079393, 0.000151184824063, -0.00109599495772, -0.000146456251969, -0.00254207965918, 0.00291391112842, -0.00217688875273, 0.00111883145291], [-0.000516200903803, 0.00257632532157, -0.00151777057908, 0.00132365094032, -0.00074486079393, 0.00740169687197, -0.00529365707189, 0.00227120658383, -0.00236129085533, 0.000807111675385, -0.00253295502625, 0.00265303323977, -0.00105460651685], [0.000639260164462, -0.00314501835965, 0.00178443384357, -0.000897603051271, 0.000151184824063, -0.00529365707189, 0.0107821319252, -0.00302382558584, 0.0024372918997, -0.00144141062628, 0.00175756460521, -0.00417677965015, 0.00206288392656], [-0.000324730732245, 0.00275943335146, -0.00150619994383, 0.000459678063635, -0.00109599495772, 0.00227120658383, -0.00302382558584, 0.0102984886616, -0.00295343878679, 0.00253776274621, -0.00221468089148, 0.00224125082605, -0.00137379416265], [0.000230125297094, -0.0028971072752, 0.00159810145851, -0.00302782235667, -0.000146456251969, -0.00236129085533, 0.0024372918997, -0.00295343878679, 0.0112551571801, -0.00589418085292, 0.00478544970974, -0.00206971843727, -2.75571528618e-06], [-0.000308532267809, 0.00315745268017, -0.00268178177066, 0.0020069705788, -0.00254207965918, 0.000807111675385, -0.00144141062628, 0.00253776274621, -0.00589418085292, 0.0148231498897, -0.0068941344507, 0.00357945403084, 0.000856105412822], [6.66223713779e-05, -0.00495558325201, 0.00158887275029, -0.00151141372044, 0.00291391112842, -0.00253295502625, 0.00175756460521, -0.00221468089148, 0.00478544970974, -0.0068941344507, 0.0155714759603, -0.00582443922758, 0.000401208788389], [-0.000271593598882, 0.00405904604122, -0.00194581109099, 6.08604714216e-05, -0.00217688875273, 0.00265303323977, -0.00417677965015, 0.00224125082605, -0.00206971843727, 0.00357945403084, -0.00582443922758, 0.0127733545378, -0.00453009316698], [-3.14781063935e-05, -0.00209314888343, 0.000573305762373, -9.28711597226e-06, 0.00111883145291, -0.00105460651685, 0.00206288392656, -0.00137379416265, -2.75571528618e-06, 0.000856105412822, 0.000401208788389, -0.00453009316698, 0.0150674199685]]
    },
    "melbands": {
        "dmean": [0.000400654011173, 0.000300992687698, 0.000278524064925, 0.000368763285223, 0.000416717637563, 0.000192071354832, 9.48991801124e-05, 0.000121652396047, 9.41943799262e-05, 4.15507347498e-05, 2.9959512176e-05, 3.25627879647e-05, 2.64608206635e-05, 1.40140464282e-05, 1.98050311155e-05, 1.13200694614e-05, 1.24730204334e-05, 9.99034455162e-06, 6.90548540661e-06, 5.54948246645e-06, 4.08456298828e-06, 3.50863797394e-06, 1.93617279365e-06, 1.9863405214e-06, 6.80523669416e-07, 4.30886103686e-07, 3.7986799839e-07, 5.74331863845e-07, 4.20525736899e-07, 1.52337293002e-07, 1.53948775505e-07, 1.63465671221e-07, 1.5797344588e-07, 2.46014138838e-07, 1.89282459928e-07, 1.81281805567e-07, 1.47317592791e-07, 1.5570228129e-07, 1.27219124124e-07, 8.07049502782e-08],
        "dmean2": [0.00067000411218, 0.000499426620081, 0.000452204083558, 0.00056655582739, 0.000629391346592, 0.000287942937575, 0.000136234535603, 0.000173697306309, 0.000137532595545, 5.80945306865e-05, 3.8479345676e-05, 4.22172888648e-05, 3.61493766832e-05, 1.89191359823e-05, 2.72283068625e-05, 1.51245212692e-05, 1.72669933818e-05, 1.38793366204e-05, 9.91009073914e-06, 8.40011489345e-06, 6.21168192083e-06, 5.61937395105e-06, 2.95455856758e-06, 2.8343415579e-06, 1.03918796412e-06, 6.68810855586e-07, 5.86306441619e-07, 8.38069411202e-07, 6.07271033459e-07, 2.38304252775e-07, 2.36946831933e-07, 2.51613698765e-07, 2.36115752728e-07, 3.68788363403e-07, 2.77531228221e-07, 2.66326395604e-07, 2.14227185324e-07, 2.3328364307e-07, 1.863366208e-07, 1.23771059179e-07],
        "dvar": [2.15812610804e-06, 4.65674304451e-07, 2.67720423608e-07, 5.8428253169e-07, 8.3682056129e-07, 1.62194851328e-07, 6.44072244427e-08, 7.77906663529e-08, 9.56036814159e-08, 2.15960795913e-08, 1.85607689218e-08, 1.82678583371e-08, 1.36482789515e-08, 2.75028333441e-09, 7.16352088759e-09, 3.08181524744e-09, 2.88104828883e-09, 1.7819317133e-09, 1.00794028679e-09, 3.55196427826e-10, 1.14809863005e-10, 5.67682532926e-11, 2.94671197165e-11, 5.14915089733e-11, 3.22678992901e-12, 5.19758932074e-12, 1.2929776607e-12, 2.52335630689e-12, 2.05437121308e-12, 2.46402507773e-13, 4.81175700413e-13, 8.47995447733e-13, 7.23873814622e-13, 2.8051113949e-12, 1.86862873265e-12, 1.97303089665e-12, 1.56792601905e-12, 1.53593023716e-12, 8.53011454874e-13, 3.32236571154e-13],
        "dvar2": [5.72201042814e-06, 1.30377236474e-06, 6.75840908571e-07, 1.37527229072e-06, 2.0015500013e-06, 3.22309517742e-07, 1.27672194594e-07, 1.62810110282e-07, 2.24417178174e-07, 4.22819717016e-08, 2.5938188486e-08, 2.77283209726e-08, 2.12818509482e-08, 3.66009178521e-09, 1.19878684757e-08, 4.30643165572e-09, 4.5927777137e-09, 3.39258221516e-09, 2.2088788576e-09, 6.56603771354e-10, 2.07308156752e-10, 1.37807862344e-10, 6.32077237772e-11, 8.46684319877e-11, 6.23385674678e-12, 8.4307413481e-12, 2.53926350433e-12, 4.43914913509e-12, 3.40647540557e-12, 5.66937610139e-13, 1.16475557498e-12, 1.86329489164e-12, 1.64075860103e-12, 5.76653395173e-12, 3.81644021941e-12, 4.16946728879e-12, 3.13318685233e-12, 3.59225344783e-12, 1.98281126761e-12, 7.57721088564e-13],
        "max": [0.0296340882778, 0.020161665976, 0.0152156706899, 0.0229694042355, 0.0254436191171, 0.0143756745383, 0.010601750575, 0.00997150875628, 0.0108678340912, 0.00595436617732, 0.00592899415642, 0.00685522472486, 0.00739671988413, 0.00336096831597, 0.00498727383092, 0.00362801086158, 0.0020604187157, 0.00223237648606, 0.00231239292771, 0.000932188937441, 0.000629716785625, 0.000253733654972, 0.000292194570648, 0.000460644980194, 7.36251968192e-05, 0.000210352183785, 8.34429229144e-05, 7.90654012235e-05, 8.07874603197e-05, 1.39625708471e-05, 3.44452710124e-05, 5.38128697372e-05, 3.16575387842e-05, 6.5574364271e-05, 7.39143724786e-05, 7.30681640562e-05, 5.30699835508e-05, 5.22732079844e-05, 4.19290881837e-05, 2.49342901952e-05],
        "mean": [0.000491880171467, 0.000538138090633, 0.000735909328796, 0.0011017936049, 0.00131218065508, 0.000582989596296, 0.000304417335428, 0.000308896356728, 0.000244466646109, 0.000113809175673, 9.0946094133e-05, 0.000108529930003, 9.02457395568e-05, 3.92933834519e-05, 5.29675380676e-05, 2.95229347103e-05, 3.08075977955e-05, 3.5462762753e-05, 2.11455771932e-05, 1.26443437694e-05, 1.08907133836e-05, 8.10425899544e-06, 4.93739753438e-06, 6.99452994013e-06, 1.65172900779e-06, 9.6293479146e-07, 8.94528909612e-07, 1.53264977598e-06, 1.12249244921e-06, 2.94589682426e-07, 2.57000721149e-07, 2.56787103581e-07, 2.63159535052e-07, 4.22190794325e-07, 3.3965616808e-07, 3.37312741294e-07, 2.6027464628e-07, 2.38391805851e-07, 2.02971961016e-07, 1.29015916173e-07],
        "median": [9.00796294445e-05, 0.000329764327034, 0.000440440460807, 0.000456860201666, 0.000348386034602, 0.00014359348279, 8.76213598531e-05, 0.000127864288515, 6.71129455441e-05, 1.74729320861e-05, 1.05284907477e-05, 1.02416361187e-05, 8.66799564392e-06, 7.2792336141e-06, 7.50152321416e-06, 4.13442830904e-06, 4.94453161082e-06, 3.50529103343e-06, 3.6283342979e-06, 3.42327143699e-06, 2.81911820821e-06, 2.78442576018e-06, 1.45013893871e-06, 8.00513134891e-07, 4.46549847766e-07, 3.55675979336e-07, 4.14651537994e-07, 4.26565719636e-07, 2.13550990225e-07, 7.6491694756e-08, 3.90293486419e-08, 3.54458222773e-08, 4.85672124739e-08, 4.07657623214e-08, 3.37943113493e-08, 3.17839905506e-08, 3.72087320955e-08, 2.1899170477e-08, 7.86437670541e-09, 6.27744123349e-09],
        "min": [1.32437836468e-14, 1.52868830197e-14, 1.41690299223e-14, 1.43573948032e-14, 1.41741663301e-14, 1.41480480692e-14, 1.30080738593e-14, 1.33303410966e-14, 1.27127973269e-14, 1.16137093974e-14, 1.08950756335e-14, 9.76858788223e-15, 9.07478319513e-15, 7.55451236777e-15, 6.90737665497e-15, 5.28939337737e-15, 4.25445548813e-15, 3.05670706676e-15, 2.21557539805e-15, 1.43737954786e-15, 9.3543407019e-16, 4.88759609906e-16, 2.55580465722e-16, 3.3753193569e-16, 5.5152808649e-16, 8.82845076748e-16, 1.16465410297e-15, 7.92723629896e-16, 4.25987930479e-16, 2.06274002883e-16, 2.09796799675e-16, 2.52420344614e-16, 4.19412810756e-16, 3.80047933914e-16, 2.46101293539e-16, 3.93668832511e-16, 2.13837014485e-16, 2.92343469108e-16, 2.47959630886e-16, 1.42557497907e-16],
        "var": [2.36265987041e-06, 5.5598070503e-07, 1.34963488563e-06, 3.24699612975e-06, 4.85333384859e-06, 1.12650707251e-06, 4.91903449529e-07, 2.88320080699e-07, 3.27546786139e-07, 1.49335676269e-07, 1.4156631778e-07, 1.84354192356e-07, 1.51639071078e-07, 2.30877716945e-08, 4.37426450617e-08, 1.73386016655e-08, 1.38518005954e-08, 1.78915779969e-08, 5.06577091386e-09, 1.82142168015e-09, 9.08010666656e-10, 2.38779079842e-10, 1.27789487325e-10, 7.7230638551e-10, 1.97993600681e-11, 1.8988139186e-11, 4.46097629322e-12, 1.54856301393e-11, 1.36505893394e-11, 6.28882254432e-13, 7.47173427729e-13, 1.31707275294e-12, 1.04701533901e-12, 4.62061161902e-12, 3.01218642043e-12, 3.20332822767e-12, 2.83628307472e-12, 2.03445355181e-12, 1.15024038471e-12, 4.89938656052e-13]
    },
    "mfcc": {
        "mean": [-732.774719238, 168.146865845, 5.41356229782, 19.7056541443, 9.63732910156, -3.04052352905, -9.86632919312, -5.88923406601, -9.5291852951, 1.16275954247, -10.4081296921, 2.31663870811, -0.576728820801],
        "cov": [[9601.1640625, 1028.68066406, -730.28729248, -410.732543945, -25.564371109, -214.131851196, -135.498336792, 97.5022354126, -95.7761154175, 163.02180481, -105.251449585, 26.9602928162, -8.06049919128], [1028.68066406, 1625.28149414, -348.23739624, 33.2451858521, 11.7077388763, 10.1659355164, 56.0480918884, -44.0673408508, -41.9833984375, 114.253723145, -35.6285972595, 81.7401504517, 58.8931236267], [-730.28729248, -348.23739624, 631.131713867, -8.80143356323, 31.0750293732, 52.5767555237, 0.0730246528983, -24.2454910278, 26.9678573608, -40.5436553955, 58.6875419617, 25.9464893341, 10.5320777893], [-410.732543945, 33.2451858521, -8.80143356323, 380.640167236, 66.6832885742, -18.8327999115, -57.0511054993, 44.8159446716, 45.2609977722, -55.2577018738, 20.0914974213, 45.4469337463, 56.6704101562], [-25.564371109, 11.7077388763, 31.0750293732, 66.6832885742, 177.643783569, -16.6051826477, -37.9833908081, -13.6653852463, 34.5710754395, 16.6161231995, 17.9211921692, 12.6948184967, 26.2957649231], [-214.131851196, 10.1659355164, 52.5767555237, -18.8327999115, -16.6051826477, 232.543258667, 35.593372345, 15.9450817108, 30.7429180145, 15.1637582779, 54.5281677246, -0.0150407925248, 12.8073072433], [-135.498336792, 56.0480918884, 0.0730246528983, -57.0511054993, -37.9833908081, 35.593372345, 170.314651489, 23.0306797028, -29.2671451569, 15.6363630295, -1.40063881874, 11.5127458572, -9.69526004791], [97.5022354126, -44.0673408508, -24.2454910278, 44.8159446716, -13.6653852463, 15.9450817108, 23.0306797028, 151.775619507, 34.5426826477, -23.2129135132, 2.77049946785, 4.68238067627, 11.1464185715], [-95.7761154175, -41.9833984375, 26.9678573608, 45.2609977722, 34.5710754395, 30.7429180145, -29.2671451569, 34.5426826477, 139.57723999, 17.9545116425, 15.7622938156, -6.70161676407, 19.1270217896], [163.02180481, 114.253723145, -40.5436553955, -55.2577018738, 16.6161231995, 15.1637582779, 15.6363630295, -23.2129135132, 17.9545116425, 148.823165894, 26.1378231049, -8.30442619324, -7.73510742188], [-105.251449585, -35.6285972595, 58.6875419617, 20.0914974213, 17.9211921692, 54.5281677246, -1.40063881874, 2.77049946785, 15.7622938156, 26.1378231049, 117.513542175, 24.5269355774, -7.94275617599], [26.9602928162, 81.7401504517, 25.9464893341, 45.4469337463, 12.6948184967, -0.0150407925248, 11.5127458572, 4.68238067627, -6.70161676407, -8.30442619324, 24.5269355774, 106.63822937, 43.4055862427], [-8.06049919128, 58.8931236267, 10.5320777893, 56.6704101562, 26.2957649231, 12.8073072433, -9.69526004791, 11.1464185715, 19.1270217896, -7.73510742188, -7.94275617599, 43.4055862427, 110.375915527]],
