{
"lowlevel": {
    "average_loudness": 0.855752170086,
    "barkbands_crest": {
        "dmean": 3.41283798218,
        "dmean2": 5.54668521881,
        "dvar": 10.0450410843,
        "dvar2": 27.4724292755,
        "max": 25.0111675262,
        "mean": 10.5677022934,
        "median": 9.68664932251,
        "min": 2.41979908943,
        "var": 19.3252048492
    },
    "barkbands_flatness_db": {
        "dmean": 0.0297357998788,
        "dmean2": 0.046329215169,
        "dvar": 0.000743903394323,
        "dvar2": 0.00186753249727,
        "max": 0.353848904371,
        "mean": 0.127042576671,
        "median": 0.123819954693,
        "min": 0.0249198954552,
        "var": 0.00212305178866
    },
    "barkbands_kurtosis": {
        "dmean": 5.23172426224,
        "dmean2": 8.67279529572,
        "dvar": 56.9661140442,
        "dvar2": 147.304443359,
        "max": 146.955322266,
        "mean": 6.92984867096,
        "median": 3.99809074402,
        "min": -1.89970529079,
        "var": 85.0330963135
    },
    "barkbands_skewness": {
        "dmean": 0.7454033494,
        "dmean2": 1.20243895054,
        "dvar": 0.596166849136,
        "dvar2": 1.58667171001,
        "max": 10.2403450012,
        "mean": 2.14554262161,
        "median": 1.9748967886,
        "min": -2.19730472565,
        "var": 1.48200511932
    },
    "barkbands_spread": {
        "dmean": 7.81125020981,
        "dmean2": 12.199098587,
        "dvar": 76.9474716187,
        "dvar2": 173.01399231,
        "max": 128.34185791,
        "mean": 21.7406959534,
        "median": 17.8495883942,
        "min": 0.768608629704,
        "var": 234.26524353
    },
    "dissonance": {
        "dmean": 0.0163282006979,
        "dmean2": 0.0260898582637,
        "dvar": 0.000227129261475,
        "dvar2": 0.000568308983929,
        "max": 0.500000059605,
        "mean": 0.462801426649,
        "median": 0.469349682331,
        "min": 0.194362968206,
        "var": 0.00073995575076
    },
    "dynamic_complexity": 2.94200778008,
    "erbbands_crest": {
        "dmean": 2.71490478516,
        "dmean2": 4.32523679733,
        "dvar": 7.31120586395,
        "dvar2": 16.3655586243,
        "max": 31.8246860504,
        "mean": 7.97632360458,
        "median": 6.90667295456,
        "min": 2.37124061584,
        "var": 16.5728244781
    },
    "erbbands_flatness_db": {
        "dmean": 0.0208387859166,
        "dmean2": 0.0294933188707,
        "dvar": 0.000485007854877,
        "dvar2": 0.00090488709975,
        "max": 0.327495753765,
        "mean": 0.124473623931,
        "median": 0.115848772228,
        "min": 0.0298786275089,
        "var": 0.00198648800142
    },
    "erbbands_kurtosis": {
        "dmean": 0.775710225105,
        "dmean2": 1.23447883129,
        "dvar": 1.57951402664,
        "dvar2": 3.49863409996,
        "max": 34.6883964539,
        "mean": -0.0839022621512,
        "median": -0.4490442276,
        "min": -1.77835440636,
        "var": 2.6044716835
    },
    "erbbands_skewness": {
        "dmean": 0.390738099813,
        "dmean2": 0.574089586735,
        "dvar": 0.140124872327,
        "dvar2": 0.291230589151,
        "max": 5.50494146347,
        "mean": 0.390352904797,
        "median": 0.343651622534,
        "min": -2.6990070343,
        "var": 0.421263992786
    },
    "erbbands_spread": {
        "dmean": 12.349360466,
        "dmean2": 19.7194976807,
        "dvar": 167.639831543,
        "dvar2": 426.736785889,
        "max": 138.591781616,
        "mean": 52.277217865,
        "median": 51.0288963318,
        "min": 6.41093921661,
        "var": 543.706787109
    },
    "hfc": {
        "dmean": 9.36743164062,
        "dmean2": 15.4584207535,
        "dvar": 225.412612915,
        "dvar2": 568.801513672,
        "max": 186.498046875,
        "mean": 19.7388496399,
        "median": 15.5558023453,
        "min": 1.19919707497e-09,
        "var": 318.103179932
    },
    "melbands_crest": {
        "dmean": 3.89139819145,
        "dmean2": 6.23970460892,
        "dvar": 11.2326622009,
        "dvar2": 30.2582740784,
        "max": 32.7624855042,
        "mean": 15.5704231262,
        "median": 15.1537818909,
        "min": 2.06869339943,
        "var": 25.2505474091
    },
    "melbands_flatness_db": {
        "dmean": 0.0356269180775,
        "dmean2": 0.055511251092,
        "dvar": 0.00106757914182,
        "dvar2": 0.00271905772388,
        "max": 0.457166671753,
        "mean": 0.210853740573,
        "median": 0.209257408977,
        "min": 0.00533913262188,
        "var": 0.00345321628265
    },
    "melbands_kurtosis": {
        "dmean": 17.1313743591,
        "dmean2": 28.6647586823,
        "dvar": 648.027526855,
        "dvar2": 1732.62646484,
        "max": 371.767242432,
        "mean": 25.555973053,
        "median": 15.21002388,
        "min": -1.41856360435,
        "var": 876.72479248
    },
    "melbands_skewness": {
        "dmean": 1.22198927402,
        "dmean2": 1.96376240253,
        "dvar": 1.93212354183,
        "dvar2": 5.16768217087,
        "max": 16.904378891,
        "mean": 3.72766518593,
        "median": 3.34993982315,
        "min": -0.229942753911,
        "var": 4.30896568298
    },
    "melbands_spread": {
        "dmean": 6.18494987488,
        "dmean2": 9.83308029175,
        "dvar": 56.3394088745,
        "dvar2": 140.889801025,
        "max": 177.005706787,
        "mean": 16.9799156189,
        "median": 14.2952432632,
        "min": 0.759348273277,
        "var": 182.744934082
    },
    "pitch_salience": {
        "dmean": 0.0868302285671,
        "dmean2": 0.142413467169,
        "dvar": 0.00640506483614,
        "dvar2": 0.0176744665951,
        "max": 0.891531646252,
        "mean": 0.541334033012,
        "median": 0.551394879818,
        "min": 0.140945270658,
        "var": 0.0110556418076
    },
    "silence_rate_20dB": {
        "dmean": 0,
        "dmean2": 0,
        "dvar": 0,
        "dvar2": 0,
        "max": 1,
        "mean": 1,
        "median": 1,
        "min": 1,
        "var": 0
    },
    "silence_rate_30dB": {
        "dmean": 0.0760906934738,
        "dmean2": 0.152194455266,
        "dvar": 0.0703060626984,
        "dvar2": 0.176628410816,
        "max": 1,
        "mean": 0.947187662125,
        "median": 1,
        "min": 0,
        "var": 0.0500197559595
    },
    "silence_rate_60dB": {
        "dmean": 0.0101339742541,
        "dmean2": 0.0202696900815,
        "dvar": 0.0100286705419,
        "dvar2": 0.0244926977903,
        "max": 1,
        "mean": 0.0528982393444,
        "median": 0,
        "min": 0,
        "var": 0.0501019060612
    },
    "spectral_centroid": {
        "dmean": 295.104858398,
        "dmean2": 450.164001465,
        "dvar": 94959.0078125,
        "dvar2": 206691.234375,
        "max": 11150.0498047,
        "mean": 1137.09667969,
        "median": 1037.47009277,
        "min": 217.204101562,
        "var": 297971.4375
    },
    "spectral_complexity": {
        "dmean": 4.21332883835,
        "dmean2": 6.41432619095,
        "dvar": 21.7949867249,
        "dvar2": 44.5375099182,
        "max": 48,
        "mean": 18.449634552,
        "median": 17,
        "min": 0,
        "var": 72.754119873
    },
    "spectral_decrease": {
        "dmean": 6.78481226757e-09,
        "dmean2": 1.17847154257e-08,
        "dvar": 1.18888326867e-16,
        "dvar2": 3.37536091445e-16,
        "max": 4.57438375066e-20,
        "mean": -9.81417880297e-09,
        "median": -6.38727515323e-09,
        "min": -6.94700403869e-08,
        "var": 1.09108305787e-16
    },
    "spectral_energy": {
        "dmean": 0.0262907538563,
        "dmean2": 0.0455904453993,
        "dvar": 0.00177715963218,
        "dvar2": 0.00504317739978,
        "max": 0.270731538534,
        "mean": 0.0388314351439,
        "median": 0.0259880553931,
        "min": 1.03527409356e-13,
        "var": 0.00163450289983
    },
    "spectral_energyband_high": {
        "dmean": 0.000602921645623,
        "dmean2": 0.000984397018328,
        "dvar": 9.04252715372e-07,
        "dvar2": 2.18744526137e-06,
        "max": 0.0137791922316,
        "mean": 0.00104801158886,
        "median": 0.000561689201277,
        "min": 7.39629643881e-14,
        "var": 1.70501334651e-06
    },
    "spectral_energyband_low": {
        "dmean": 0.0180526394397,
        "dmean2": 0.0316071510315,
        "dvar": 0.0011306196684,
        "dvar2": 0.00309867621399,
        "max": 0.21058793366,
        "mean": 0.0179433710873,
        "median": 0.00751760462299,
        "min": 8.86358781171e-16,
        "var": 0.000890032155439
    },
    "spectral_energyband_middle_high": {
        "dmean": 0.00106635282282,
        "dmean2": 0.00167817075271,
        "dvar": 2.72105944532e-06,
        "dvar2": 6.77218667988e-06,
        "max": 0.0209190901369,
        "mean": 0.00289844116196,
        "median": 0.00243850587867,
        "min": 1.90396811273e-14,
        "var": 5.1194392654e-06
    },
    "spectral_energyband_middle_low": {
        "dmean": 0.011407696642,
        "dmean2": 0.018930753693,
        "dvar": 0.000500980415381,
        "dvar2": 0.00138936482836,
        "max": 0.216783747077,
        "mean": 0.0177236218005,
        "median": 0.0108955558389,
        "min": 1.70803410308e-15,
        "var": 0.000489087426104
    },
    "spectral_entropy": {
        "dmean": 0.20695181191,
        "dmean2": 0.296213984489,
        "dvar": 0.0479150079191,
        "dvar2": 0.0947938486934,
        "max": 9.79835796356,
        "mean": 7.63530015945,
        "median": 7.71578741074,
        "min": 5.41648244858,
        "var": 0.193457558751
    },
    "spectral_flux": {
        "dmean": 0.0449309907854,
        "dmean2": 0.0743746086955,
        "dvar": 0.0035670415964,
        "dvar2": 0.00717908143997,
        "max": 0.421521306038,
        "mean": 0.11125215888,
        "median": 0.0839950293303,
        "min": 1.77628135134e-06,
        "var": 0.00759875308722
    },
    "spectral_kurtosis": {
        "dmean": 1.43108737469,
        "dmean2": 2.33829879761,
        "dvar": 5.17090368271,
        "dvar2": 13.9139528275,
        "max": 51.9680671692,
        "mean": 4.14831209183,
        "median": 3.04370594025,
        "min": -1.16561996937,
        "var": 12.5127000809
    },
    "spectral_rms": {
        "dmean": 0.00168725883123,
        "dmean2": 0.00280449097045,
        "dvar": 4.95199128636e-06,
        "dvar2": 1.40308911796e-05,
        "max": 0.0162520259619,
        "mean": 0.00549216428772,
        "median": 0.00503529561684,
        "min": 1.00499928379e-08,
        "var": 7.72046223574e-06
    },
    "spectral_rolloff": {
        "dmean": 599.405395508,
        "dmean2": 1012.54248047,
        "dvar": 1830119.25,
        "dvar2": 4026996.75,
        "max": 19315.2832031,
        "mean": 1228.06420898,
        "median": 645.99609375,
        "min": 64.599609375,
        "var": 4725334
    },
    "spectral_skewness": {
        "dmean": 0.201508402824,
        "dmean2": 0.315430045128,
        "dvar": 0.0530598089099,
        "dvar2": 0.130108222365,
        "max": 4.81241178513,
        "mean": 1.524928689,
        "median": 1.39801955223,
        "min": 0.00901817530394,
        "var": 0.246906176209
    },
    "spectral_spread": {
        "dmean": 714207.0625,
        "dmean2": 1062347,
        "dvar": 876001230848,
        "dvar2": 1.55397010227e+12,
        "max": 40412780,
        "mean": 5327371,
        "median": 5212714,
        "min": 1092940,
        "var": 3.16878225408e+12
    },
    "spectral_strongpeak": {
        "dmean": 0.413674116135,
        "dmean2": 0.682292163372,
        "dvar": 0.23665560782,
        "dvar2": 0.581034779549,
        "max": 5.39223575592,
        "mean": 0.690059423447,
        "median": 0.494401991367,
        "min": 0,
        "var": 0.376248091459
    },
    "zerocrossingrate": {
        "dmean": 0.0145262833685,
        "dmean2": 0.0174340680242,
        "dvar": 0.000342026178259,
        "dvar2": 0.000411232700571,
        "max": 0.49853515625,
        "mean": 0.0623869970441,
        "median": 0.04931640625,
        "min": 0.0087890625,
        "var": 0.00267947977409
    },
    "barkbands": {
        "dmean": [0.000992218614556, 0.0124444849789, 0.00564055657014, 0.00193570286501, 0.00869031902403, 0.00113449129276, 0.00132647075225, 0.000540226057637, 0.000367414118955, 0.000447613798315, 0.000156888621859, 0.00025625503622, 0.000169248523889, 0.000148917213664, 0.000120088086987, 0.00010288147314, 0.000135289985337, 0.000162974582054, 0.000107419917185, 0.000108097279735, 0.000110616747406, 0.000187011522939, 9.39190431382e-05, 7.29434686946e-05, 4.18411182181e-05, 6.57567434246e-05, 7.35364592401e-05],
        "dmean2": [0.00175632897299, 0.0220164209604, 0.0101770590991, 0.00341195845976, 0.0143738137558, 0.0017963743303, 0.00214311107993, 0.000932554656174, 0.000605358218309, 0.000708094157744, 0.000246670126216, 0.000432401284343, 0.000284435081994, 0.00025173969334, 0.000200136113563, 0.000166573314345, 0.000221553069423, 0.000273719691904, 0.000179213529918, 0.000173948516021, 0.000182785996003, 0.000326319481246, 0.000160402632901, 0.00011959629046, 6.66234409437e-05, 9.82076089713e-05, 0.00011393774912],
        "dvar": [2.93071548185e-06, 0.000587995979004, 0.000127687395434, 1.20208269436e-05, 0.0003317539813, 3.68898940906e-06, 7.87257522461e-06, 1.69325062416e-06, 6.51550180919e-07, 5.39123959697e-07, 1.75721950768e-07, 1.69551398699e-07, 7.7602805959e-08, 4.08143421282e-08, 3.60868206428e-08, 2.83925043476e-08, 3.37677583673e-08, 5.56602621771e-08, 1.95090201771e-08, 2.40024586873e-08, 3.36718031235e-08, 1.03390362938e-07, 1.84565234207e-08, 1.23769048344e-08, 4.29686997094e-09, 2.75159344199e-08, 4.06217814941e-08],
        "dvar2": [8.20843251859e-06, 0.00160271627828, 0.000364001520211, 3.44850814145e-05, 0.000901622115634, 9.17096895137e-06, 2.06847216759e-05, 4.85253076477e-06, 1.71873909949e-06, 1.26469558381e-06, 3.56522519951e-07, 4.36577323626e-07, 2.040610525e-07, 1.12174816991e-07, 9.15574958071e-08, 7.11284400268e-08, 8.73761720754e-08, 1.49159518514e-07, 5.25915524463e-08, 6.15483628508e-08, 8.59179536405e-08, 2.88523750669e-07, 5.18740748134e-08, 3.17022177398e-08, 9.44163591754e-09, 5.43784075546e-08, 7.76237101263e-08],
        "max": [0.0166617389768, 0.148385643959, 0.0947332084179, 0.050840139389, 0.185431525111, 0.0396943353117, 0.044154945761, 0.0220637153834, 0.0136694116518, 0.0108547816053, 0.011499366723, 0.0114005524665, 0.0053826845251, 0.00318346824497, 0.00399965140969, 0.00354942516424, 0.00285427295603, 0.00262314337306, 0.0019174789777, 0.00245719286613, 0.00341798528098, 0.00264455773868, 0.00157763669267, 0.00163970841095, 0.0018798148958, 0.00308099878021, 0.00427740253508],
        "mean": [0.0010988174472, 0.0109060807154, 0.00532493880019, 0.00214928295463, 0.0105042699724, 0.00167414743919, 0.00181720824912, 0.000643306353595, 0.00058253784664, 0.000699072901625, 0.000296342273941, 0.000379008299205, 0.000268195901299, 0.000259935040958, 0.000197748711798, 0.000161777745234, 0.00023524754215, 0.000269579264568, 0.00020294728165, 0.000218786793994, 0.000175223511178, 0.000241502668359, 0.000157855436555, 0.000117550327559, 7.78742323746e-05, 8.59019273776e-05, 8.62885281094e-05],
        "median": [0.000182062445674, 0.00314003881067, 0.00211876165122, 0.000810067809653, 0.00420077191666, 0.000843181449454, 0.000839096377604, 0.000298056111205, 0.000311142968712, 0.000309643131914, 8.32485238789e-05, 0.000247774005402, 0.000181616604095, 0.000180284987437, 0.000125263642985, 9.05337801669e-05, 0.00016405088536, 0.000165281133377, 0.00014382955851, 0.000132441826281, 7.58685782785e-05, 0.000112385605462, 8.46238253871e-05, 5.53814570594e-05, 3.87959225918e-05, 1.25290007418e-05, 2.59791295321e-06],
        "min": [3.987887761e-16, 4.44296521164e-16, 1.69477343172e-16, 1.50333922108e-16, 2.59476605521e-16, 2.35818922364e-16, 1.6022509641e-16, 3.89007107276e-16, 4.08488150379e-16, 4.74693833723e-16, 4.65158148561e-16, 1.38180494857e-16, 1.28819354069e-15, 1.3283225736e-15, 1.33742447201e-15, 3.202449885e-15, 1.34145179604e-15, 4.11663475728e-15, 4.28108027476e-15, 3.25889933698e-15, 4.15298136456e-15, 3.52492782176e-15, 4.02998074568e-15, 8.0638883361e-15, 7.1624699444e-15, 1.18097331502e-14, 3.54313509142e-14],
        "var": [3.81883273803e-06, 0.000443820405053, 8.98338039406e-05, 1.15053790068e-05, 0.000315229815897, 6.21224626229e-06, 9.36955984798e-06, 1.33076162001e-06, 7.93270828581e-07, 1.00673980796e-06, 6.37556865968e-07, 2.28212243769e-07, 9.7259707843e-08, 6.66298873853e-08, 5.41735225568e-08, 4.2839378267e-08, 5.52633743212e-08, 8.86922109089e-08, 4.18954080317e-08, 5.91079185597e-08, 6.16340187776e-08, 1.06775310371e-07, 3.57792799832e-08, 2.17752162968e-08, 1.513072867e-08, 6.05254584229e-08, 7.61989724651e-08]
    },
    "erbbands": {
        "dmean": [0.327407687902, 2.98638081551, 7.12713479996, 5.90970420837, 25.2110366821, 28.1203517914, 7.70448684692, 9.75137233734, 21.1745357513, 14.100810051, 11.8889436722, 8.18038368225, 13.9149065018, 9.9780626297, 3.38294911385, 11.8196258545, 8.51462650299, 7.53888750076, 5.61935472488, 5.80411434174, 6.59499311447, 6.80988740921, 8.40802764893, 6.97975158691, 4.78019237518, 5.00960111618, 4.21789979935, 4.89487695694, 5.99332952499, 5.68491268158, 2.31544137001, 1.77193021774, 1.08252024651, 0.558493673801, 0.275914102793, 0.190262451768, 0.12953594327, 0.0497134290636, 0.0108630163595, 0.00114971934818],
        "dmean2": [0.569596529007, 5.39438819885, 12.8825645447, 10.6680002213, 40.7805480957, 48.2271766663, 13.2389011383, 15.5389347076, 33.0865097046, 24.7731800079, 19.4065647125, 13.4616670609, 21.9564361572, 15.853811264, 5.57071876526, 19.9062480927, 14.1584978104, 12.7005977631, 9.35300636292, 9.46333408356, 10.8147974014, 11.0010671616, 13.9144258499, 11.7090730667, 7.83221483231, 8.02667999268, 6.84737825394, 8.31993865967, 10.3427324295, 9.96502685547, 3.9050617218, 2.97829461098, 1.73467648029, 0.90214163065, 0.432845175266, 0.275319904089, 0.194921553135, 0.0767961367965, 0.0168764255941, 0.00179562438279],
        "dvar": [0.331815868616, 37.978717804, 199.104019165, 138.413116455, 1849.03881836, 5913.35205078, 357.168457031, 288.352081299, 1471.67810059, 1902.35571289, 512.832946777, 288.494598389, 581.003173828, 538.969482422, 53.2195129395, 349.926696777, 185.016143799, 110.203422546, 57.7471694946, 88.6755065918, 96.9858322144, 87.2118606567, 150.899002075, 95.9812164307, 40.8617134094, 55.176990509, 47.432384491, 77.0520553589, 102.235992432, 86.3414535522, 10.5875787735, 8.28147697449, 2.41575336456, 0.625127971172, 0.25695386529, 0.187700301409, 0.10599526763, 0.0189692098647, 0.000865975744091, 1.03187057903e-05],
        "dvar2": [0.895707666874, 105.027786255, 567.207946777, 399.530822754, 4655.11474609, 16332.6757812, 986.354614258, 727.184570312, 3680.69873047, 5452.36376953, 1326.87243652, 772.678527832, 1366.2578125, 1239.5793457, 133.456329346, 894.796630859, 486.580505371, 298.219329834, 150.930175781, 218.870742798, 245.399963379, 219.665512085, 393.815856934, 258.412322998, 108.766525269, 142.386764526, 120.586883545, 204.48840332, 279.487854004, 249.873458862, 28.6576938629, 21.2496395111, 6.17723560333, 1.55954325199, 0.530106544495, 0.340974420309, 0.209634959698, 0.0400612726808, 0.00162102188915, 2.02452411031e-05],
        "max": [4.402156353, 37.8604812622, 102.947212219, 158.100479126, 515.523742676, 751.185302734, 368.969512939, 343.570159912, 656.221496582, 604.503662109, 538.573364258, 299.741821289, 431.769378662, 535.278259277, 124.717155457, 569.707641602, 273.548095703, 188.120132446, 126.479682922, 175.632858276, 150.304702759, 153.45954895, 143.833236694, 177.986557007, 117.610847473, 138.842025757, 218.533172607, 85.6053543091, 83.3987197876, 74.9794540405, 48.0951957703, 47.5994300842, 22.790102005, 19.4951667786, 14.4798660278, 10.6063308716, 6.66844892502, 3.0326166153, 0.615892291069, 0.063038803637],
        "mean": [0.314928799868, 2.42584276199, 6.62718296051, 6.45873022079, 31.5640830994, 30.1903762817, 9.90159225464, 13.8148565292, 30.2728424072, 16.1205463409, 16.7232398987, 13.6787166595, 22.5629882812, 17.7348213196, 6.83526945114, 17.7705364227, 14.1035432816, 13.5571069717, 10.2130022049, 10.0914497375, 10.9264774323, 12.3838071823, 14.2369699478, 12.9090585709, 9.77142715454, 10.2464094162, 7.99775981903, 6.63580846786, 8.02229595184, 7.56353902817, 4.12458086014, 2.67070674896, 1.81894469261, 1.00142216682, 0.496180206537, 0.292399257421, 0.163746669888, 0.0600527115166, 0.0127481501549, 0.0012628006516],
        "median": [0.0556042194366, 0.728692114353, 2.60720920563, 2.94918751717, 12.1543455124, 10.7364530563, 4.4786233902, 7.07145595551, 14.9552326202, 6.50672197342, 8.23670291901, 8.16964530945, 10.425655365, 6.31630468369, 3.85656499863, 11.6877346039, 9.87905788422, 9.66823959351, 7.07071208954, 6.79586935043, 6.82795572281, 8.57787036896, 8.98169231415, 8.92567539215, 7.27353334427, 5.9220957756, 3.80310559273, 2.69367098808, 3.72252130508, 3.78504943848, 2.19305372238, 1.17796826363, 0.928908586502, 0.537376999855, 0.198191016912, 0.0730776712298, 0.0173665545881, 0.00323477620259, 0.000442136195488, 7.80451737228e-05],
        "min": [1.87910498522e-14, 7.9980842099e-14, 1.88096974519e-13, 3.82005381104e-13, 6.71904589258e-13, 8.7724874023e-13, 1.38996745971e-12, 2.0424263409e-12, 1.21135187384e-12, 5.75710356124e-12, 9.92335640743e-12, 9.74637731632e-12, 9.28845542147e-12, 2.52276567692e-11, 9.90937280149e-12, 6.35385537587e-12, 5.4782851866e-11, 7.28135746142e-11, 7.24551668663e-11, 1.48951906365e-10, 1.08406991717e-10, 8.60564813854e-11, 2.1786741855e-10, 2.31098029602e-10, 1.47276538187e-10, 1.67692831843e-10, 1.95981425533e-10, 1.20085746902e-10, 9.02447352957e-11, 1.41198816528e-10, 1.25241941817e-10, 1.69415134699e-10, 1.22538215686e-10, 8.41723843403e-11, 4.90366323935e-11, 3.96272771541e-11, 2.35971363977e-11, 1.1812782523e-11, 4.46250415093e-12, 5.86557386863e-13],
        "var": [0.30972725153, 25.7570476532, 137.137252808, 104.144775391, 2422.20068359, 4533.18310547, 336.335205078, 447.449859619, 2228.85400391, 1430.37255859, 623.13269043, 357.676483154, 1048.24755859, 1362.84020996, 99.7442474365, 476.947906494, 243.094177246, 173.387161255, 98.637046814, 136.184814453, 144.50894165, 152.983337402, 244.25138855, 187.969726562, 95.4858169556, 144.07484436, 117.416351318, 96.326751709, 116.549194336, 95.3107452393, 24.7082462311, 13.1222639084, 4.70939254761, 1.74633455276, 0.896544158459, 0.581050634384, 0.236635118723, 0.0347844399512, 0.00164895900525, 1.65203000506e-05]
    },
    "gfcc": {
        "mean": [7.2345032692, 83.9906005859, -94.5221328735, 35.2395896912, -51.0177230835, 10.8663949966, -33.8814315796, 3.17258787155, -21.1758174896, -3.34910917282, -14.3818817139, -3.09418201447, -14.798661232],
        "cov": [[13724.6503906, -599.686401367, 396.573394775, 448.912231445, -247.165145874, 189.050842285, -184.621246338, -85.8651199341, -34.792766571, 312.057830811, 103.852973938, 176.469451904, -41.9606895447], [-599.686401367, 1566.31970215, -613.229919434, -12.2987442017, 6.77771282196, 27.3248023987, -58.4584655762, -14.9994897842, -0.0770976468921, -61.1431007385, 74.5593566895, -98.034828186, 40.8897132874], [396.573394775, -613.229919434, 745.46862793, 106.364105225, 142.372589111, -45.5172958374, 81.7223587036, -29.9669685364, 27.5864658356, 60.3715362549, 25.1353778839, 69.4874191284, -31.8012046814], [448.912231445, -12.2987442017, 106.364105225, 654.568237305, -18.1919670105, 42.3303031921, -34.6711997986, 31.39868927, 3.2586555481, 32.6281547546, 87.7488479614, 24.2438144684, 3.24578118324], [-247.165145874, 6.77771282196, 142.372589111, -18.1919670105, 248.079971313, 20.4833202362, 97.4928207397, -19.484834671, 34.8836326599, 22.3433094025, 7.91169023514, 3.96957135201, 12.7411432266], [189.050842285, 27.3248023987, -45.5172958374, 42.3303031921, 20.4833202362, 150.517120361, 21.1397209167, 49.7245788574, 10.4797592163, 4.60442638397, -7.25815725327, -0.408763796091, 7.77817487717], [-184.621246338, -58.4584655762, 81.7223587036, -34.6711997986, 97.4928207397, 21.1397209167, 121.891990662, 17.4908466339, 26.7405719757, 6.99832248688, -8.62537574768, -3.00991368294, 9.8322429657], [-85.8651199341, -14.9994897842, -29.9669685364, 31.39868927, -19.484834671, 49.7245788574, 17.4908466339, 87.1648025513, 23.9520168304, 6.23793649673, -1.72898256779, 6.60826587677, -2.50995469093], [-34.792766571, -0.0770976468921, 27.5864658356, 3.2586555481, 34.8836326599, 10.4797592163, 26.7405719757, 23.9520168304, 72.0169525146, 28.5808563232, 15.3329277039, 9.37225627899, 1.86322855949], [312.057830811, -61.1431007385, 60.3715362549, 32.6281547546, 22.3433094025, 4.60442638397, 6.99832248688, 6.23793649673, 28.5808563232, 86.1316070557, 41.9909667969, 18.5711746216, -1.79282581806], [103.852973938, 74.5593566895, 25.1353778839, 87.7488479614, 7.91169023514, -7.25815725327, -8.62537574768, -1.72898256779, 15.3329277039, 41.9909667969, 84.0840606689, 26.2333145142, -0.471963822842], [176.469451904, -98.034828186, 69.4874191284, 24.2438144684, 3.96957135201, -0.408763796091, -3.00991368294, 6.60826587677, 9.37225627899, 18.5711746216, 26.2333145142, 59.8925132751, 11.3964853287], [-41.9606895447, 40.8897132874, -31.8012046814, 3.24578118324, 12.7411432266, 7.77817487717, 9.8322429657, -2.50995469093, 1.86322855949, -1.79282581806, -0.471963822842, 11.3964853287, 48.6661911011]],
        "icov": [[9.5996838354e-05, -2.60399046965e-05, -3.90605564462e-05, -5.6567176216e-05, 0.000175386216142, -0.000226070696954, 7.36336187401e-06, 0.000310857954901, 6.70523440931e-05, -0.00045134514221, 0.000258896616288, -0.000315872108331, 0.000144943158375], [-2.60399046965e-05, 0.00141774280928, 0.000963256577961, 0.000143917422974, -0.000835153332446, -3.70936322724e-05, 0.000662487989757, -5.02604598296e-05, -0.000499635643791, 0.00162834033836, -0.00299555412494, 0.00239418819547, -0.00101626152173], [-3.90605564462e-05, 0.000963256577961, 0.00299554201774, -0.000529490644112, -0.00139711995143, 0.000812747748569, -0.00111968221609, 0.00105441058986, -0.000238021762925, -2.86057293124e-05, -0.000403056823416, -0.00182005937677, 0.00209659198299], [-5.6567176216e-05, 0.000143917422974, -0.000529490644112, 0.00212258752435, -6.67882486596e-05, -0.000574323406909, 0.00106488564052, -0.00125372549519, 0.000319108366966, 0.000974270922597, -0.00312378932722, 0.00159580050968, -0.00120810361113], [0.000175386216142, -0.000835153332446, -0.00139711995143, -6.67882486596e-05, 0.00803814921528, -0.00198846613057, -0.00533855892718, 0.00430910009891, -0.00180871551856, -0.0018359310925, 0.00123301381245, -0.00116510433145, -0.000254985119682], [-0.000226070696954, -3.70936322724e-05, 0.000812747748569, -0.000574323406909, -0.00198846613057, 0.00966364052147, -0.000345311505953, -0.00591801898554, 0.00103588332422, -0.000174461732968, 0.00136296672281, 0.000200939495699, -0.000933653791435], [7.36336187401e-06, 0.000662487989757, -0.00111968221609, 0.00106488564052, -0.00533855892718, -0.000345311505953, 0.0152997625992, -0.00481984671205, -0.00187658518553, 0.0014928575838, -0.00136106705759, 0.00481937639415, -0.00425470573828], [0.000310857954901, -5.02604598296e-05, 0.00105441058986, -0.00125372549519, 0.00430910009891, -0.00591801898554, -0.00481984671205, 0.0201960261911, -0.0057766251266, -0.00173381273635, 0.00326392636634, -0.00532680470496, 0.0043523311615], [6.70523440931e-05, -0.000499635643791, -0.000238021762925, 0.000319108366966, -0.00180871551856, 0.00103588332422, -0.00187658518553, -0.0057766251266, 0.0198463909328, -0.00570995779708, -0.000276999140624, -0.00142173585482, 5.00330206705e-05], [-0.00045134514221, 0.00162834033836, -2.86057293124e-05, 0.000974270922597, -0.0018359310925, -0.000174461732968, 0.0014928575838, -0.00173381273635, -0.00570995779708, 0.0217133276165, -0.0127067957073, 0.00408695265651, -0.00178524432704], [0.000258896616288, -0.00299555412494, -0.000403056823416, -0.00312378932722, 0.00123301381245, 0.00136296672281, -0.00136106705759, 0.00326392636634, -0.000276999140624, -0.0127067957073, 0.0283132977784, -0.0139313014224, 0.00566720543429], [-0.000315872108331, 0.00239418819547, -0.00182005937677, 0.00159580050968, -0.00116510433145, 0.000200939495699, 0.00481937639415, -0.00532680470496, -0.00142173585482, 0.00408695265651, -0.0139313014224, 0.0312223490328, -0.0117968749255], [0.000144943158375, -0.00101626152173, 0.00209659198299, -0.00120810361113, -0.000254985119682, -0.000933653791435, -0.00425470573828, 0.0043523311615, 5.00330206705e-05, -0.00178524432704, 0.00566720543429, -0.0117968749255, 0.027027470991]]
    },
    "melbands": {
        "dmean": [0.0031805280596, 0.00383410858922, 0.00140617834404, 0.00224438216537, 0.000378548225854, 0.000241810208536, 0.000308825605316, 0.000141674870974, 9.32680995902e-05, 5.17310618307e-05, 7.06440259819e-05, 4.23084456997e-05, 1.50312234837e-05, 2.00112353923e-05, 3.1126968679e-05, 1.56545829668e-05, 1.51179265231e-05, 9.23964853428e-06, 9.53380640567e-06, 7.1898762144e-06, 8.86050293047e-06, 7.85211977927e-06, 7.87898261478e-06, 7.78073354013e-06, 6.01619740337e-06, 3.92728634324e-06, 3.91800358557e-06, 3.40354472428e-06, 2.71472777058e-06, 2.79242794932e-06, 3.02254898088e-06, 2.8902734357e-06, 5.03795808982e-06, 2.59567696048e-06, 1.42232568123e-06, 1.0369312804e-06, 1.18366097013e-06, 8.260385016e-07, 6.55040196307e-07, 4.32188983268e-07],
        "dmean2": [0.00556567497551, 0.0069524012506, 0.00244325422682, 0.00372808426619, 0.000657641969156, 0.000381695892429, 0.000484348885948, 0.000251711753663, 0.000149401967064, 8.57310224092e-05, 0.000111564004328, 6.73711110721e-05, 2.44625025516e-05, 3.3704451198e-05, 5.16878135386e-05, 2.62889316218e-05, 2.56350122072e-05, 1.54751487571e-05, 1.59800656547e-05, 1.15937373266e-05, 1.48191502376e-05, 1.28581250465e-05, 1.30106591314e-05, 1.30625348902e-05, 1.01119394458e-05, 6.55776239e-06, 6.3429556576e-06, 5.53158997718e-06, 4.43304725195e-06, 4.61568606624e-06, 5.15698866366e-06, 4.83565963805e-06, 9.0831244961e-06, 4.47561615147e-06, 2.36951996158e-06, 1.7366260181e-06, 1.98007592189e-06, 1.32590344037e-06, 1.04652053778e-06, 6.96426354807e-07],
        "dvar": [3.47324858012e-05, 5.92657670495e-05, 4.817601166e-06, 2.27659857046e-05, 1.07344339995e-06, 1.73773116785e-07, 3.24074363789e-07, 1.98809175345e-07, 2.85930692456e-08, 1.2782239267e-08, 1.47302623432e-08, 9.56303125577e-09, 1.24525878498e-09, 1.01773256489e-09, 2.82988232847e-09, 7.54513895806e-10, 4.86428675117e-10, 1.59726745719e-10, 2.87589729808e-10, 1.53591972474e-10, 1.77145145774e-10, 1.22532525793e-10, 1.32106312001e-10, 1.32032704214e-10, 7.67796451417e-11, 3.21664223035e-11, 2.84510644211e-11, 2.88645427005e-11, 2.03562548762e-11, 2.10580754223e-11, 2.94973906412e-11, 2.13313099823e-11, 8.58858678621e-11, 1.57744720064e-11, 4.11570560618e-12, 2.44020450547e-12, 3.81180764036e-12, 1.53385941101e-12, 7.8512722582e-13, 4.02858329378e-13],
        "dvar2": [9.3823618954e-05, 0.000166405792697, 1.36989729072e-05, 6.21319704806e-05, 2.94525193567e-06, 4.28631636851e-07, 8.23070934075e-07, 5.75500735067e-07, 6.99714064467e-08, 3.47762245667e-08, 3.46275079721e-08, 2.24675265059e-08, 2.84859980049e-09, 2.515582187e-09, 7.48403561346e-09, 2.00544469919e-09, 1.33766386856e-09, 4.35727592896e-10, 7.32731375575e-10, 3.81182613252e-10, 4.61674615204e-10, 3.13992276624e-10, 3.48997719612e-10, 3.4924546588e-10, 2.08376357835e-10, 8.68307092894e-11, 7.20910553476e-11, 7.61583157649e-11, 5.2452615168e-11, 5.39292881185e-11, 7.84107223595e-11, 5.50528476972e-11, 2.46824727324e-10, 4.58174991003e-11, 1.10881599041e-11, 6.18968635027e-12, 9.89786204386e-12, 3.95292219096e-12, 1.9862208666e-12, 1.00692522896e-12],
        "max": [0.0413010753691, 0.0516833774745, 0.0263708736748, 0.0488620065153, 0.0156035907567, 0.00924347247928, 0.00845265947282, 0.0053293290548, 0.00400671875104, 0.0020215366967, 0.00212090346031, 0.00208571529947, 0.000822948873974, 0.00094399927184, 0.00143569847569, 0.000578475475777, 0.000387863779906, 0.000190021150047, 0.000437783804955, 0.000288943643682, 0.000190839942661, 0.000167579288245, 0.000138847608468, 0.000178870686796, 0.00016947297263, 0.000102943464299, 6.45433028694e-05, 0.000106663945189, 0.000139115494676, 8.02229769761e-05, 5.3272506193e-05, 4.95003914693e-05, 6.62898091832e-05, 3.25461151078e-05, 3.68017390429e-05, 2.85455207631e-05, 3.13937853207e-05, 2.10636389966e-05, 1.23719391922e-05, 1.89450584003e-05],
        "mean": [0.00293988222256, 0.00344142853282, 0.00174988340586, 0.00265407236293, 0.000426827638876, 0.000348193629179, 0.00044326679199, 0.000155322821229, 0.000135514404974, 8.32973164506e-05, 0.000111949244456, 7.18668452464e-05, 2.76227092399e-05, 3.13402779284e-05, 4.78520560137e-05, 2.46405852522e-05, 2.60182150669e-05, 1.60703220899e-05, 1.51211843331e-05, 1.18067127914e-05, 1.36424387165e-05, 1.33086077767e-05, 1.26650429593e-05, 1.25544220282e-05, 1.03643815237e-05, 7.01936005498e-06, 7.46751265979e-06, 6.51933942208e-06, 5.05607431478e-06, 4.08567075283e-06, 3.79545031137e-06, 4.11724613514e-06, 5.5038285609e-06, 3.67154279957e-06, 2.51607775681e-06, 1.67719542787e-06, 1.61483592365e-06, 1.29459931486e-06, 1.0944886526e-06, 7.55316989398e-07],
        "median": [0.000701504177414, 0.00127899239305, 0.000837783853058, 0.00101407396141, 0.000170512517798, 0.000175635228516, 0.000223611656111, 6.13640222582e-05, 6.66364867357e-05, 4.75900124002e-05, 4.9899379519e-05, 2.39318233071e-05, 1.12646230264e-05, 2.20293804887e-05, 3.03874367091e-05, 1.6010237232e-05, 1.71997871803e-05, 1.07048063001e-05, 9.33589672059e-06, 7.2363613981e-06, 8.21875437396e-06, 8.91914805834e-06, 7.65442291595e-06, 7.52177083996e-06, 6.94958453096e-06, 4.7696562433e-06, 4.87569650431e-06, 3.18946604239e-06, 2.33582636611e-06, 1.76606999958e-06, 1.36929293149e-06, 1.88561932646e-06, 2.40301233134e-06, 1.86634497368e-06, 1.31361309741e-06, 7.89912576238e-07, 6.40478390324e-07, 5.90899162489e-07, 5.87708996136e-07, 3.7974297129e-07],
        "min": [1.64709143249e-16, 1.023192176e-16, 7.50516586939e-17, 5.62813027037e-17, 4.72026381389e-17, 4.41201462775e-17, 2.28617021422e-17, 6.7878096959e-17, 8.76557868818e-17, 5.49131724403e-17, 4.36738194713e-17, 1.00937150998e-16, 4.69336224601e-17, 1.56019730028e-17, 3.17378580038e-17, 1.65911268289e-16, 1.26458948531e-16, 1.1281503446e-16, 1.13480445015e-16, 2.95205964013e-16, 8.58240251938e-17, 7.40801913128e-17, 1.77399457039e-16, 1.75328739416e-16, 1.9436706222e-16, 1.51435700214e-16, 7.3887160445e-17, 1.21897093775e-16, 1.10848270279e-16, 1.29241795869e-16, 4.87997518481e-17, 3.61319903101e-17, 9.14492967279e-17, 7.26248232733e-17, 8.28020366311e-17, 6.04147705467e-17, 1.21045124213e-16, 6.92489006701e-17, 9.02218334908e-17, 7.09733538716e-17],
        "var": [2.90537864203e-05, 4.01167599193e-05, 5.37422965863e-06, 2.1222185751e-05, 8.34782440506e-07, 2.9081388675e-07, 4.59773644934e-07, 1.40853913422e-07, 4.14655900727e-08, 1.46566936365e-08, 2.63812136581e-08, 2.17059739072e-08, 3.28778093639e-09, 1.47377443582e-09, 4.01569799635e-09, 9.16212050672e-10, 7.74587172181e-10, 2.77371653423e-10, 3.9447722866e-10, 2.3206739308e-10, 2.46997505782e-10, 1.95152144444e-10, 2.09649117511e-10, 2.12107401087e-10, 1.3908682539e-10, 6.28466237385e-11, 6.24520712922e-11, 7.20894177686e-11, 4.98607578836e-11, 3.36720686056e-11, 3.44912258476e-11, 3.05077525742e-11, 6.82858422585e-11, 2.15927570962e-11, 9.7852255812e-12, 5.02747626516e-12, 5.2835852013e-12, 2.67616419476e-12, 1.66955772124e-12, 1.23928037971e-12]
    },
    "mfcc": {
        "mean": [-638.629211426, 116.183425903, 14.6569452286, 27.3934249878, 8.33184623718, 8.54257965088, 0.344243556261, 5.92645788193, -3.649548769, 0.639709293842, 2.33684539795, -1.70514976978, -2.91500711441],
        "cov": [[7038.3984375, -256.965057373, 576.265563965, 638.989929199, 88.8500900269, 103.558074951, -97.4736557007, -5.10740089417, -126.80393219, -121.366226196, 96.5205383301, 94.1042633057, 159.227218628], [-256.965057373, 1287.421875, -338.994812012, -181.642410278, 4.95273113251, -39.5238952637, 19.0733356476, -6.77401924133, -16.6802978516, 9.86280441284, -35.9050331116, -11.4270372391, -23.2057247162], [576.265563965, -338.994812012, 401.210144043, 200.616500854, 55.1391448975, 45.2168273926, 12.2464036942, 9.61163425446, -22.2845954895, -13.442404747, 27.0348320007, 35.4457092285, 47.2570571899], [638.989929199, -181.642410278, 200.616500854, 425.112365723, 104.458763123, 72.2387466431, 30.5160923004, -8.92916870117, -47.6726493835, -7.85637187958, 27.8965778351, 61.8343925476, 55.7586898804], [88.8500900269, 4.95273113251, 55.1391448975, 104.458763123, 127.278877258, 63.9362297058, 30.7590522766, 16.7246456146, -0.167010605335, 2.49083447456, 22.5397853851, 31.6824607849, 18.739364624], [103.558074951, -39.5238952637, 45.2168273926, 72.2387466431, 63.9362297058, 103.649551392, 47.9745941162, 11.5659017563, 24.2302265167, 9.2583065033, 8.74870204926, 36.5727119446, -7.46096897125], [-97.4736557007, 19.0733356476, 12.2464036942, 30.5160923004, 30.7590522766, 47.9745941162, 84.4222259521, 25.8445301056, 17.3828544617, 18.2990570068, 0.995700240135, 15.4812326431, 4.09214353561], [-5.10740089417, -6.77401924133, 9.61163425446, -8.92916870117, 16.7246456146, 11.5659017563, 25.8445301056, 83.5134735107, 34.1677322388, 7.37972259521, 18.7561798096, -16.7677459717, -6.08482503891], [-126.80393219, -16.6802978516, -22.2845954895, -47.6726493835, -0.167010605335, 24.2302265167, 17.3828544617, 34.1677322388, 89.4629135132, 27.2922801971, 3.11079406738, 1.89933097363, -32.3426589966], [-121.366226196, 9.86280441284, -13.442404747, -7.85637187958, 2.49083447456, 9.2583065033, 18.2990570068, 7.37972259521, 27.2922801971, 61.0080451965, 14.2161655426, 6.11555624008, -5.33458852768], [96.5205383301, -35.9050331116, 27.0348320007, 27.8965778351, 22.5397853851, 8.74870204926, 0.995700240135, 18.7561798096, 3.11079406738, 14.2161655426, 68.2514801025, 17.6442298889, 15.2624769211], [94.1042633057, -11.4270372391, 35.4457092285, 61.8343925476, 31.6824607849, 36.5727119446, 15.4812326431, -16.7677459717, 1.89933097363, 6.11555624008, 17.6442298889, 92.7631912231, 26.8071842194], [159.227218628, -23.2057247162, 47.2570571899, 55.7586898804, 18.739364624, -7.46096897125, 4.09214353561, -6.08482503891, -32.3426589966, -5.33458852768, 15.2624769211, 26.8071842194, 86.9466171265]],
