{
"lowlevel": {
    "average_loudness": 0.857731282711,
    "barkbands_crest": {
        "dmean": 1.88737416267,
        "dmean2": 3.00458693504,
        "dvar": 3.47298693657,
        "dvar2": 9.12659072876,
        "max": 25.7595558167,
        "mean": 9.72465133667,
        "median": 9.13280677795,
        "min": 2.76215481758,
        "var": 11.4718894958
    },
    "barkbands_flatness_db": {
        "dmean": 0.0174208898097,
        "dmean2": 0.0267264377326,
        "dvar": 0.00030080974102,
        "dvar2": 0.000690640474204,
        "max": 0.426745086908,
        "mean": 0.18409883976,
        "median": 0.180546194315,
        "min": 0.0467242524028,
        "var": 0.00231324345805
    },
    "barkbands_kurtosis": {
        "dmean": 2.67088389397,
        "dmean2": 4.2616853714,
        "dvar": 45.8522911072,
        "dvar2": 135.675674438,
        "max": 383.915039062,
        "mean": 5.40419197083,
        "median": 2.70477771759,
        "min": -1.89517402649,
        "var": 90.9901580811
    },
    "barkbands_skewness": {
        "dmean": 0.450093597174,
        "dmean2": 0.696591556072,
        "dvar": 0.255119860172,
        "dvar2": 0.660561919212,
        "max": 15.667725563,
        "mean": 1.79719293118,
        "median": 1.67255651951,
        "min": -2.34684801102,
        "var": 1.325517416
    },
    "barkbands_spread": {
        "dmean": 4.02450609207,
        "dmean2": 6.13129711151,
        "dvar": 26.6892280579,
        "dvar2": 59.7396888733,
        "max": 119.61138916,
        "mean": 18.2165355682,
        "median": 15.8536157608,
        "min": 0.31750062108,
        "var": 136.655166626
    },
    "dissonance": {
        "dmean": 0.0179131384939,
        "dmean2": 0.0296660922468,
        "dvar": 0.000314399745548,
        "dvar2": 0.000839061802253,
        "max": 0.499999761581,
        "mean": 0.450545608997,
        "median": 0.455507904291,
        "min": 0.229826927185,
        "var": 0.000882320164237
    },
    "dynamic_complexity": 3.07002544403,
    "erbbands_crest": {
        "dmean": 2.31584525108,
        "dmean2": 3.70269489288,
        "dvar": 5.08382034302,
        "dvar2": 13.0909605026,
        "max": 30.3369235992,
        "mean": 8.97477436066,
        "median": 8.23009395599,
        "min": 2.36605477333,
        "var": 13.316614151
    },
    "erbbands_flatness_db": {
        "dmean": 0.015450976789,
        "dmean2": 0.0215041972697,
        "dvar": 0.000299326726235,
        "dvar2": 0.000549379794393,
        "max": 0.382988035679,
        "mean": 0.177308648825,
        "median": 0.179678365588,
        "min": 0.0551744550467,
        "var": 0.0018862709403
    },
    "erbbands_kurtosis": {
        "dmean": 0.696590304375,
        "dmean2": 1.07540345192,
        "dvar": 0.829091250896,
        "dvar2": 1.86922979355,
        "max": 19.9828910828,
        "mean": 0.196625724435,
        "median": -0.317426919937,
        "min": -1.88063251972,
        "var": 2.84578204155
    },
    "erbbands_skewness": {
        "dmean": 0.300587236881,
        "dmean2": 0.45778131485,
        "dvar": 0.0743937119842,
        "dvar2": 0.172880962491,
        "max": 3.82746386528,
        "mean": 0.35391536355,
        "median": 0.372786909342,
        "min": -2.96613502502,
        "var": 0.518481373787
    },
    "erbbands_spread": {
        "dmean": 7.5238070488,
        "dmean2": 11.2819976807,
        "dvar": 84.8738327026,
        "dvar2": 191.785415649,
        "max": 171.573760986,
        "mean": 41.0499572754,
        "median": 38.4808082581,
        "min": 2.92311525345,
        "var": 389.136322021
    },
    "hfc": {
        "dmean": 4.44934606552,
        "dmean2": 6.48300695419,
        "dvar": 51.1441421509,
        "dvar2": 104.399513245,
        "max": 137.762039185,
        "mean": 18.16771698,
        "median": 13.5361413956,
        "min": 1.23365743026e-16,
        "var": 243.123519897
    },
    "melbands_crest": {
        "dmean": 2.49636697769,
        "dmean2": 3.98886561394,
        "dvar": 5.50948095322,
        "dvar2": 14.9897422791,
        "max": 32.738079071,
        "mean": 14.0191755295,
        "median": 13.6427631378,
        "min": 1.8087952137,
        "var": 19.0572662354
    },
    "melbands_flatness_db": {
        "dmean": 0.0196449290961,
        "dmean2": 0.0294637475163,
        "dvar": 0.00043615870527,
        "dvar2": 0.000971037137788,
        "max": 0.539779245853,
        "mean": 0.222088173032,
        "median": 0.216830417514,
        "min": 0.00457180757076,
        "var": 0.00416596885771
    },
    "melbands_kurtosis": {
        "dmean": 6.37421512604,
        "dmean2": 10.1047182083,
        "dvar": 136.956802368,
        "dvar2": 357.390380859,
        "max": 312.233673096,
        "mean": 16.1829032898,
        "median": 9.62357807159,
        "min": -1.77494931221,
        "var": 552.267700195
    },
    "melbands_skewness": {
        "dmean": 0.616358160973,
        "dmean2": 0.947845935822,
        "dvar": 0.496606916189,
        "dvar2": 1.26592159271,
        "max": 13.9712648392,
        "mean": 2.90865540504,
        "median": 2.71238207817,
        "min": -1.70458745956,
        "var": 2.66333150864
    },
    "melbands_spread": {
        "dmean": 4.58027505875,
        "dmean2": 7.10795354843,
        "dvar": 35.0900802612,
        "dvar2": 83.8728713989,
        "max": 199.099151611,
        "mean": 18.6053085327,
        "median": 15.3867712021,
        "min": 0.421244084835,
        "var": 195.636398315
    },
    "pitch_salience": {
        "dmean": 0.0521889813244,
        "dmean2": 0.0837912037969,
        "dvar": 0.002309957752,
        "dvar2": 0.00633439933881,
        "max": 0.956893503666,
        "mean": 0.520919382572,
        "median": 0.517921686172,
        "min": 0.167825132608,
        "var": 0.00847956445068
    },
    "silence_rate_20dB": {
        "dmean": 0,
        "dmean2": 0,
        "dvar": 0,
        "dvar2": 0,
        "max": 1,
        "mean": 1,
        "median": 1,
        "min": 1,
        "var": 0
    },
    "silence_rate_30dB": {
        "dmean": 0.000178603324457,
        "dmean2": 0.000357238546712,
        "dvar": 0.000178552727448,
        "dvar2": 0.00053565541748,
        "max": 1,
        "mean": 0.999910712242,
        "median": 1,
        "min": 0,
        "var": 8.92810421647e-05
    },
    "silence_rate_60dB": {
        "dmean": 0.00357206654735,
        "dmean2": 0.00714477105066,
        "dvar": 0.00355908367783,
        "dvar2": 0.00763019779697,
        "max": 1,
        "mean": 0.0402714535594,
        "median": 0,
        "min": 0,
        "var": 0.0386490635574
    },
    "spectral_centroid": {
        "dmean": 178.724899292,
        "dmean2": 277.760345459,
        "dvar": 45360.4453125,
        "dvar2": 102441.328125,
        "max": 10524.7099609,
        "mean": 1057.61975098,
        "median": 935.179077148,
        "min": 153.552520752,
        "var": 329616.75
    },
    "spectral_complexity": {
        "dmean": 2.18503308296,
        "dmean2": 3.42966866493,
        "dvar": 5.59235095978,
        "dvar2": 11.1482629776,
        "max": 48,
        "mean": 16.0937576294,
        "median": 16,
        "min": 0,
        "var": 45.4988327026
    },
    "spectral_decrease": {
        "dmean": 1.82204584753e-09,
        "dmean2": 2.92999735585e-09,
        "dvar": 8.34720611991e-18,
        "dvar2": 2.31283570475e-17,
        "max": 4.92861782988e-29,
        "mean": -7.44858263957e-09,
        "median": -6.37887254129e-09,
        "min": -3.17609014644e-08,
        "var": 2.59250133395e-17
    },
    "spectral_energy": {
        "dmean": 0.0071468888782,
        "dmean2": 0.011445498094,
        "dvar": 0.000125956066768,
        "dvar2": 0.000346278422512,
        "max": 0.121673166752,
        "mean": 0.0297605544329,
        "median": 0.025554548949,
        "min": 1.10036137193e-20,
        "var": 0.000405749422498
    },
    "spectral_energyband_high": {
        "dmean": 0.000265387294348,
        "dmean2": 0.000386874919059,
        "dvar": 3.86706574318e-07,
        "dvar2": 7.96637152689e-07,
        "max": 0.0110715692863,
        "mean": 0.000568478484638,
        "median": 0.000220630216063,
        "min": 8.14689054392e-21,
        "var": 9.58005102802e-07
    },
    "spectral_energyband_low": {
        "dmean": 0.0040156361647,
        "dmean2": 0.00668841227889,
        "dvar": 8.02206704975e-05,
        "dvar2": 0.000232859048992,
        "max": 0.100232198834,
        "mean": 0.00960700400174,
        "median": 0.00632791640237,
        "min": 5.06299985094e-23,
        "var": 0.000114681868581
    },
    "spectral_energyband_middle_high": {
        "dmean": 0.00159065029584,
        "dmean2": 0.00224307528697,
        "dvar": 6.81555729898e-06,
        "dvar2": 1.37501638164e-05,
        "max": 0.0652418881655,
        "mean": 0.00508663151413,
        "median": 0.00301593216136,
        "min": 1.52278144755e-21,
        "var": 3.6281413486e-05
    },
    "spectral_energyband_middle_low": {
        "dmean": 0.0044811735861,
        "dmean2": 0.00710974959657,
        "dvar": 4.66776182293e-05,
        "dvar2": 0.000123717225506,
        "max": 0.0921257957816,
        "mean": 0.016594780609,
        "median": 0.0138193937019,
        "min": 3.23368120463e-22,
        "var": 0.000148142236867
    },
    "spectral_entropy": {
        "dmean": 0.146616607904,
        "dmean2": 0.213019907475,
        "dvar": 0.0283251330256,
        "dvar2": 0.0549712367356,
        "max": 9.80901527405,
        "mean": 7.19185161591,
        "median": 7.13434553146,
        "min": 5.73759412766,
        "var": 0.203069001436
    },
    "spectral_flux": {
        "dmean": 0.0195267647505,
        "dmean2": 0.0312630943954,
        "dvar": 0.000774596177507,
        "dvar2": 0.00168953405228,
        "max": 0.290336608887,
        "mean": 0.0655818656087,
        "median": 0.0547472164035,
        "min": 1.04898111031e-10,
        "var": 0.00193404883612
    },
    "spectral_kurtosis": {
        "dmean": 2.14018273354,
        "dmean2": 3.63591504097,
        "dvar": 8.30126857758,
        "dvar2": 24.5833873749,
        "max": 73.1650848389,
        "mean": 4.97078943253,
        "median": 3.94475650787,
        "min": -1.20085024834,
        "var": 23.5107326508
    },
    "spectral_rms": {
        "dmean": 0.000604702741839,
        "dmean2": 0.000945795734879,
        "dvar": 6.98257395015e-07,
        "dvar2": 1.86387467238e-06,
        "max": 0.010895206593,
        "mean": 0.00503564951941,
        "median": 0.00499312207103,
        "min": 3.27646655467e-12,
        "var": 3.67687880498e-06
    },
    "spectral_rolloff": {
        "dmean": 350.629058838,
        "dmean2": 594.660583496,
        "dvar": 482844.71875,
        "dvar2": 1084099.125,
        "max": 18690.8203125,
        "mean": 1202.234375,
        "median": 861.328125,
        "min": 86.1328125,
        "var": 1934804.625
    },
    "spectral_skewness": {
        "dmean": 0.247995838523,
        "dmean2": 0.404122233391,
        "dvar": 0.0674476251006,
        "dvar2": 0.184019342065,
        "max": 6.35635948181,
        "mean": 1.60761272907,
        "median": 1.52247416973,
        "min": 0.0421235598624,
        "var": 0.336749702692
    },
    "spectral_spread": {
        "dmean": 504871.46875,
        "dmean2": 723023.875,
        "dvar": 623285305344,
        "dvar2": 1.01915171226e+12,
        "max": 40918364,
        "mean": 4255201,
        "median": 3746822.5,
        "min": 1064523.75,
        "var": 2.76519269171e+12
    },
    "spectral_strongpeak": {
        "dmean": 0.474227011204,
        "dmean2": 0.816776752472,
        "dvar": 0.913272023201,
        "dvar2": 2.3281288147,
        "max": 15.4370613098,
        "mean": 0.955604791641,
        "median": 0.608021557331,
        "min": 0,
        "var": 1.4819766283
    },
    "zerocrossingrate": {
        "dmean": 0.00743035180494,
        "dmean2": 0.0087636820972,
        "dvar": 8.47980627441e-05,
        "dvar2": 9.65487633948e-05,
        "max": 0.5078125,
        "mean": 0.0504360646009,
        "median": 0.04345703125,
        "min": 0.0048828125,
        "var": 0.00125140685122
    },
    "barkbands": {
        "dmean": [1.33225739773e-05, 0.00172444095369, 0.00184565689415, 0.00179813650902, 0.00237719784491, 0.000776077969931, 0.000928605499212, 0.000557684979867, 0.00074368447531, 0.000300033862004, 0.000376194075216, 0.000479967246065, 0.000319992657751, 0.000229991303058, 0.000316304765875, 0.000197216897504, 0.00027955303085, 0.00013467806275, 0.000118044714327, 8.13695223769e-05, 6.70500303386e-05, 7.56254958105e-05, 6.48073328193e-05, 3.60091362381e-05, 3.70622183254e-05, 1.47900518641e-05, 1.58359159119e-09],
        "dmean2": [1.92633269762e-05, 0.00279552745633, 0.00316183711402, 0.00293914601207, 0.00390406814404, 0.00122264411766, 0.00138975703157, 0.000827722367831, 0.00104624731466, 0.000419739779318, 0.000556318322197, 0.000672276190016, 0.000484857067931, 0.00035959680099, 0.000490754027851, 0.000305671681417, 0.00044949745643, 0.000214010156924, 0.00019271983183, 0.000132185741677, 0.000106573330413, 0.000119220327178, 9.4073911896e-05, 5.30740107934e-05, 5.48633215658e-05, 2.45581195486e-05, 2.93334290191e-09],
        "dvar": [1.97169502947e-09, 1.99380792765e-05, 1.6991949451e-05, 8.92286789167e-06, 2.52558093052e-05, 2.0384900381e-06, 3.457965704e-06, 2.41008297053e-06, 3.79791481464e-06, 6.76951628975e-07, 1.93759115064e-06, 1.93097889678e-06, 6.21176070581e-07, 5.80221581004e-07, 8.18503792743e-07, 5.05802972839e-07, 3.32092497501e-07, 1.48007643475e-07, 7.05930105482e-08, 3.46620012692e-08, 2.40907507276e-08, 3.66955106301e-08, 3.49044135817e-08, 9.84469217258e-09, 2.02143013439e-08, 6.86839918274e-09, 1.2691479784e-16],
        "dvar2": [3.57349128066e-09, 5.44026879652e-05, 5.05300995428e-05, 2.45179326157e-05, 7.06636492396e-05, 5.33330603503e-06, 7.86571763456e-06, 5.31363957634e-06, 7.43031478123e-06, 1.38368147873e-06, 4.23979690822e-06, 3.55684710485e-06, 1.38953430451e-06, 1.43197701163e-06, 1.92979791791e-06, 1.13985981898e-06, 8.30105079785e-07, 3.53269030029e-07, 1.90069158634e-07, 8.98310190678e-08, 5.86032200545e-08, 9.43552294075e-08, 7.49354711616e-08, 1.99691516656e-08, 4.69463579122e-08, 2.03054266734e-08, 3.67188041481e-16],
        "max": [0.000392762798583, 0.0588135123253, 0.045734167099, 0.0459392219782, 0.0631818473339, 0.0381251052022, 0.0449252836406, 0.0432288460433, 0.0514768995345, 0.0324286073446, 0.0508976988494, 0.0629361569881, 0.0334014520049, 0.0226903464645, 0.0253712590784, 0.023462690413, 0.0195567253977, 0.0194771531969, 0.00589965842664, 0.00413923105225, 0.00363856530748, 0.00318024936132, 0.00494667701423, 0.00266083795577, 0.00422037951648, 0.00327631505206, 5.5103333807e-07],
        "mean": [1.34332813104e-05, 0.00403955299407, 0.00351666333154, 0.00453158933669, 0.00539383804426, 0.0017692099791, 0.00209577265196, 0.00102193688508, 0.00169456878211, 0.000635646574665, 0.000698993739206, 0.00095295952633, 0.000526254530996, 0.00037036370486, 0.000530192628503, 0.000349186564563, 0.000494453124702, 0.000250157783739, 0.000208498036955, 0.000151608939632, 0.000125263788505, 0.000126633793116, 0.000126902406919, 6.62523598294e-05, 5.3387000662e-05, 1.72164618562e-05, 1.17140463995e-09],
        "median": [2.52334444895e-07, 0.000770483748056, 0.00184424570762, 0.00291561032645, 0.00357612967491, 0.00101382867433, 0.000955861061811, 0.000337483681506, 0.000415566115407, 0.00019513189909, 0.000102557809441, 0.000244546215981, 0.000140054951771, 0.000115218288556, 0.000157735776156, 0.000112195593829, 0.00015943555627, 9.9591932667e-05, 8.11506106402e-05, 5.51543926122e-05, 4.95360873174e-05, 4.46997655672e-05, 3.49973415723e-05, 1.38133709697e-05, 4.97514747622e-06, 6.84220481162e-07, 3.50340118027e-10],
        "min": [1.24019221047e-23, 3.04404005276e-23, 3.91323366163e-24, 2.60232811739e-23, 2.42354904376e-23, 4.05142110853e-23, 6.10367998769e-23, 3.4758278024e-23, 1.11769107335e-22, 8.50017567779e-23, 4.67422174449e-23, 5.45560992813e-23, 8.90861314464e-23, 1.62914001668e-22, 1.54419181409e-22, 1.03965928763e-22, 1.535590201e-22, 2.48335987806e-22, 2.62886243212e-22, 4.24839336567e-22, 3.66228788845e-22, 5.43372995584e-22, 5.73054562408e-22, 9.74352926412e-22, 1.26524756878e-21, 1.82586327146e-21, 2.53918699634e-21],
        "var": [2.52735410378e-09, 4.25610123784e-05, 2.04743973882e-05, 2.46605632128e-05, 3.81003555958e-05, 5.65422351428e-06, 9.91599699773e-06, 5.22137452208e-06, 1.47748542076e-05, 2.39671271629e-06, 5.49777587366e-06, 6.69466362524e-06, 1.47888783886e-06, 1.06527886601e-06, 1.63099412021e-06, 1.03737909285e-06, 7.9647173834e-07, 3.54147744019e-07, 1.27241605696e-07, 6.84268428586e-08, 4.30430304732e-08, 5.23341512348e-08, 7.92692063101e-08, 2.65313335746e-08, 3.09547658617e-08, 7.32659710678e-09, 7.15600366841e-17]
    },
    "erbbands": {
        "dmean": [0.0263252723962, 0.484334766865, 1.92888915539, 4.27966070175, 6.0398607254, 8.36993312836, 10.4122772217, 5.88854598999, 13.7538347244, 9.01940917969, 15.3703298569, 15.6727485657, 9.32351207733, 10.8599863052, 16.3473796844, 15.9403238297, 15.3887062073, 10.2459020615, 12.8454351425, 15.9882707596, 10.7537202835, 13.2811536789, 10.0427503586, 5.42612743378, 4.58350563049, 4.51828241348, 2.39622139931, 3.15328168869, 2.6673874855, 2.28140640259, 1.65994679928, 0.82468855381, 0.638411819935, 0.442167758942, 0.255851209164, 0.0936731994152, 0.0215628426522, 0.000683206424583, 2.22779253818e-05, 9.21908122109e-06],
        "dmean2": [0.041028637439, 0.799399673939, 3.27628040314, 7.08856916428, 9.69505119324, 13.8581981659, 17.0546016693, 9.30065536499, 21.0226516724, 13.0519599915, 22.5331764221, 22.2154140472, 12.8255243301, 15.3561935425, 23.774805069, 22.6091594696, 23.0286312103, 15.5905122757, 20.1661891937, 24.6128349304, 16.3246479034, 21.1223640442, 16.0135002136, 8.78424072266, 7.43420648575, 7.38828897476, 3.7515912056, 5.18677139282, 4.28401947021, 3.38409519196, 2.36041069031, 1.19909322262, 0.96618783474, 0.653287708759, 0.384250342846, 0.153721436858, 0.0358599685133, 0.00112634093966, 3.59164951078e-05, 1.46773427332e-05],
        "dvar": [0.00688989460468, 1.50574028492, 19.0063743591, 58.8827629089, 111.716552734, 421.849914551, 544.530517578, 156.156478882, 857.945678711, 636.838439941, 1866.87084961, 1586.82019043, 733.821655273, 1182.0567627, 2220.07250977, 1983.04248047, 1464.31994629, 1144.89306641, 1377.39233398, 1722.61193848, 1648.83850098, 742.393371582, 567.449829102, 158.632781982, 86.4084777832, 125.835945129, 25.7913265228, 76.9914321899, 51.5563316345, 36.2316207886, 21.0613212585, 4.95201015472, 3.47030615807, 1.89988934994, 1.51133835316, 0.317921638489, 0.0113305095583, 1.01876994449e-05, 9.19394871346e-09, 2.51217796565e-10],
        "dvar2": [0.0141693195328, 4.33824920654, 57.2665939331, 170.406051636, 306.789276123, 1181.15112305, 1534.12390137, 415.063903809, 2006.76794434, 1531.42248535, 3813.7746582, 3146.06958008, 1455.39233398, 2186.02636719, 4845.65917969, 3758.62109375, 3208.72485352, 2658.515625, 3264.90625, 3877.52294922, 3531.08178711, 1839.06726074, 1410.04650879, 432.055877686, 227.24647522, 333.270263672, 60.5448951721, 206.545562744, 135.199111938, 76.7570800781, 43.2784156799, 9.71950721741, 7.64615249634, 4.14746570587, 3.51786327362, 0.945390105247, 0.0328049696982, 2.91507913062e-05, 2.62670027951e-08, 6.73110012173e-10],
        "max": [0.88907712698, 16.2902240753, 46.0352783203, 107.689498901, 213.635803223, 285.676940918, 361.268005371, 312.50479126, 705.09576416, 988.200683594, 1594.71166992, 1169.79333496, 979.521179199, 1535.1126709, 1535.34448242, 1383.23413086, 1820.95690918, 1257.99914551, 871.777770996, 1297.84460449, 1469.19909668, 770.658996582, 1058.46008301, 290.817657471, 209.244552612, 271.805725098, 95.7658538818, 182.268417358, 123.155693054, 127.063842773, 139.366973877, 62.812625885, 53.3761558533, 32.5366325378, 37.961566925, 22.4345397949, 3.99824357033, 0.120929852128, 0.00364286452532, 0.000353591312887],
        "mean": [0.0462257824838, 1.13802349567, 4.11304044724, 9.86140537262, 16.5870018005, 17.0753116608, 20.587846756, 13.8519353867, 29.8324184418, 21.2080097198, 30.3778877258, 35.2923698425, 22.8062057495, 23.6453151703, 33.9858665466, 31.9785308838, 26.7475891113, 19.1701431274, 21.7869777679, 27.7926540375, 21.2760314941, 25.4720115662, 18.9875793457, 10.3793716431, 9.13925170898, 8.32139492035, 4.89282083511, 5.0354142189, 4.4179315567, 4.47152137756, 3.28722190857, 1.5833646059, 1.07398343086, 0.683030366898, 0.339960664511, 0.114636264741, 0.0241576097906, 0.000756042078137, 3.96894320147e-05, 3.71031055693e-05],
        "median": [0.00957480538636, 0.28941872716, 2.22004318237, 7.202896595, 9.745470047, 10.6022100449, 10.8375806808, 7.59992027283, 11.8837604523, 10.1903238297, 10.5843496323, 9.80863952637, 6.76295757294, 7.10624027252, 10.2441797256, 9.7327747345, 7.80974912643, 6.13885974884, 7.53170156479, 8.07506370544, 7.45421075821, 9.16648578644, 7.81044578552, 4.59538698196, 4.08702802658, 2.92691850662, 2.08569049835, 1.79537189007, 1.57163536549, 1.34488391876, 0.915081202984, 0.421192109585, 0.162067890167, 0.0748291760683, 0.0253810100257, 0.00580946262926, 0.00077154149767, 3.10115574393e-05, 1.78903355845e-05, 3.20680810546e-05],
        "min": [5.63690669867e-22, 7.65281976457e-21, 7.2538699089e-21, 5.01297074419e-20, 5.94396995532e-20, 5.50506275242e-20, 3.14985853616e-19, 3.4119869024e-19, 8.08986981775e-19, 7.26548145675e-19, 8.80557543505e-19, 2.17089808772e-18, 3.19563776149e-18, 2.73295635381e-18, 1.48940972704e-18, 2.57441416132e-18, 3.98143204645e-18, 4.67169813761e-18, 1.15299216659e-17, 7.63390015356e-18, 4.74342545006e-18, 1.01492232203e-17, 1.10162226531e-17, 1.56690011022e-17, 1.45759398253e-17, 1.97223780096e-17, 1.62430363232e-17, 1.53561663576e-17, 1.6957301819e-17, 1.84099567061e-17, 1.70177621043e-17, 1.25936982675e-17, 2.04537744159e-17, 1.14064186373e-17, 1.08692144603e-17, 6.4382540051e-18, 3.76802482509e-18, 1.53034431061e-18, 3.49007559566e-19, 3.47137200803e-20],
        "var": [0.00930069480091, 3.20556282997, 26.9197673798, 97.7304000854, 400.539276123, 500.993133545, 802.631225586, 397.886901855, 2446.89550781, 1267.13830566, 4496.71777344, 5987.43701172, 3196.56640625, 3599.54638672, 6774.82128906, 5696.12646484, 3629.41577148, 2835.6784668, 2342.59423828, 4079.12768555, 3728.02612305, 2141.23095703, 1336.50231934, 294.719116211, 182.579421997, 228.139938354, 60.9650917053, 87.9865646362, 66.2681808472, 85.606300354, 51.2953262329, 13.131439209, 8.23529624939, 3.74162483215, 2.03220510483, 0.324596375227, 0.0125887654722, 1.11050658234e-05, 1.04684705349e-08, 6.95553448171e-10]
    },
    "gfcc": {
        "mean": [-22.7268486023, 119.374137878, -129.143005371, 41.9386062622, -67.3031845093, 9.5545835495, -43.4075241089, -2.79715967178, -23.7003269196, -12.5028839111, -15.7393112183, -8.76079082489, -11.3132476807],
        "cov": [[10815.9121094, -747.28918457, 84.1693725586, 641.542602539, -358.198272705, 777.128601074, -240.835617065, 505.842468262, 38.9351043701, 433.27545166, -202.016540527, 151.342346191, -91.2613220215], [-747.28918457, 1338.9552002, -211.824539185, -103.720588684, 239.489501953, -234.425842285, 189.44229126, -232.425216675, 209.257385254, -237.153579712, 163.725921631, -154.753143311, 106.423667908], [84.1693725586, -211.824539185, 919.698059082, 118.585449219, 96.0040512085, 295.95993042, 0.0712687447667, 150.524078369, 20.2618923187, 184.809692383, -75.9899978638, 63.1635627747, -15.4882621765], [641.542602539, -103.720588684, 118.585449219, 460.359313965, 76.387802124, 55.9918746948, 53.5552902222, 10.7519178391, 22.777141571, 24.8149204254, 24.0382633209, 1.41524195671, 17.3389453888], [-358.198272705, 239.489501953, 96.0040512085, 76.387802124, 301.072814941, -21.5457954407, 54.6645889282, 15.4857749939, 47.0491104126, 11.3191423416, 18.4218673706, -17.9159450531, 15.7175359726], [777.128601074, -234.425842285, 295.95993042, 55.9918746948, -21.5457954407, 333.931488037, 36.8349609375, 120.058280945, 32.5563621521, 102.861534119, -20.8718833923, 31.0160179138, -21.6595630646], [-240.835617065, 189.44229126, 0.0712687447667, 53.5552902222, 54.6645889282, 36.8349609375, 228.281387329, -24.6135044098, 4.04625272751, -26.3258457184, 49.2981491089, -18.3805236816, 2.20536851883], [505.842468262, -232.425216675, 150.524078369, 10.7519178391, 15.4857749939, 120.058280945, -24.6135044098, 181.472015381, 16.7904014587, 95.4392623901, -38.756652832, 40.4398345947, -11.4833869934], [38.9351043701, 209.257385254, 20.2618923187, 22.777141571, 47.0491104126, 32.5563621521, 4.04625272751, 16.7904014587, 213.797424316, 11.0812797546, 37.9499359131, -37.7031593323, 41.5764503479], [433.27545166, -237.153579712, 184.809692383, 24.8149204254, 11.3191423416, 102.861534119, -26.3258457184, 95.4392623901, 11.0812797546, 186.660690308, -22.8454265594, 42.9564476013, -26.9445495605], [-202.016540527, 163.725921631, -75.9899978638, 24.0382633209, 18.4218673706, -20.8718833923, 49.2981491089, -38.756652832, 37.9499359131, -22.8454265594, 107.31943512, -2.77116560936, 18.5442276001], [151.342346191, -154.753143311, 63.1635627747, 1.41524195671, -17.9159450531, 31.0160179138, -18.3805236816, 40.4398345947, -37.7031593323, 42.9564476013, -2.77116560936, 88.4080963135, -0.728915154934], [-91.2613220215, 106.423667908, -15.4882621765, 17.3389453888, 15.7175359726, -21.6595630646, 2.20536851883, -11.4833869934, 41.5764503479, -26.9445495605, 18.5442276001, -0.728915154934, 74.5003662109]],
        "icov": [[0.00028982188087, -0.000789460493252, 0.000557894352823, -0.00082623527851, 0.000685236358549, -0.00098167208489, 0.000691513996571, -0.000777916749939, 0.000476621091366, -0.000824380782433, 0.000992637476884, -0.000642276136205, 0.000403193320381], [-0.000789460493252, 0.00511463126168, -0.00208849669434, 0.00350100407377, -0.00354784308001, 0.00372380577028, -0.00336314574815, 0.0038286447525, -0.00329407327808, 0.00406778370962, -0.00473652547225, 0.00371429813094, -0.00247664190829], [0.000557894352823, -0.00208849669434, 0.00311955669895, -0.00203741178848, 0.000887726026122, -0.00354112661444, 0.00169492745772, -0.00150603416841, 0.00130352703854, -0.002898221137, 0.00349405361339, -0.00226471107453, 0.000622892112006], [-0.00082623527851, 0.00350100407377, -0.00203741178848, 0.0053066466935, -0.00313249160536, 0.00293805985712, -0.00289842439815, 0.00311232055537, -0.00206305668689, 0.00288385432214, -0.00414362829179, 0.00279137375765, -0.00233827903867], [0.000685236358549, -0.00354784308001, 0.000887726026122, -0.00313249160536, 0.006810862571, -0.0014273255365, 0.00139279512223, -0.00382324075326, 0.00161545316223, -0.00314473640174, 0.00301549071446, -0.00172395503614, 0.00153231469449], [-0.00098167208489, 0.00372380577028, -0.00354112661444, 0.00293805985712, -0.0014273255365, 0.00953719578683, -0.00436044624075, 0.000638755969703, -0.00328996544704, 0.00291790254414, -0.00439343694597, 0.00288410321809, -0.000627375440672], [0.000691513996571, -0.00336314574815, 0.00169492745772, -0.00289842439815, 0.00139279512223, -0.00436044624075, 0.00811981689185, -0.00219452753663, 0.00305030378513, -0.00208185077645, 0.000791344384197, -0.00137867359444, 0.00187239726074], [-0.000777916749939, 0.0038286447525, -0.00150603416841, 0.00311232055537, -0.00382324075326, 0.000638755969703, -0.00219452753663, 0.0130400918424, -0.00353868654929, 0.000497865024954, -0.000868154224008, -0.000155217421707, -0.00202286522835], [0.000476621091366, -0.00329407327808, 0.00130352703854, -0.00206305668689, 0.00161545316223, -0.00328996544704, 0.00305030378513, -0.00353868654929, 0.00926566310227, -0.00369339203462, 0.000116146708024, 0.00198401673697, -0.00240866071545], [-0.000824380782433, 0.00406778370962, -0.002898221137, 0.00288385432214, -0.00314473640174, 0.00291790254414, -0.00208185077645, 0.000497865024954, -0.00369339203462, 0.0127539224923, -0.00441266177222, 0.000335165910656, 0.00133130908944], [0.000992637476884, -0.00473652547225, 0.00349405361339, -0.00414362829179, 0.00301549071446, -0.00439343694597, 0.000791344384197, -0.000868154224008, 0.000116146708024, -0.00441266177222, 0.0183820445091, -0.00692572398111, 0.0012980470201], [-0.000642276136205, 0.00371429813094, -0.00226471107453, 0.00279137375765, -0.00172395503614, 0.00288410321809, -0.00137867359444, -0.000155217421707, 0.00198401673697, 0.000335165910656, -0.00692572398111, 0.0193332582712, -0.00506695872173], [0.000403193320381, -0.00247664190829, 0.000622892112006, -0.00233827903867, 0.00153231469449, -0.000627375440672, 0.00187239726074, -0.00202286522835, -0.00240866071545, 0.00133130908944, 0.0012980470201, -0.00506695872173, 0.0187083501369]]
    },
    "melbands": {
        "dmean": [0.000352610426489, 0.000894386495929, 0.000762827985454, 0.000474186614156, 0.000387966167182, 0.000132831395604, 0.000200849448447, 9.55158830038e-05, 0.000143223485793, 9.20191741898e-05, 4.83029216412e-05, 4.53987886431e-05, 5.73065917706e-05, 5.30465804331e-05, 4.36096961494e-05, 2.68518524535e-05, 1.9839802917e-05, 2.22219841817e-05, 2.21171867452e-05, 1.77449655894e-05, 1.27265966512e-05, 1.34801575769e-05, 1.73209464265e-05, 5.52427309231e-06, 4.64147296952e-06, 4.8627293836e-06, 2.89359650196e-06, 2.97978704111e-06, 1.69165093666e-06, 1.41098792028e-06, 2.18627360482e-06, 1.77282549885e-06, 1.20411311855e-06, 1.46206843965e-06, 1.08570168322e-06, 7.11296820555e-07, 4.70280724585e-07, 4.71346538689e-07, 4.36190191522e-07, 3.63363000133e-07],
        "dmean2": [0.000567187031265, 0.00150639400817, 0.00125376274809, 0.000765746983234, 0.000642535218503, 0.000209225574508, 0.000303479522699, 0.000137561073643, 0.000208599769394, 0.000129532112624, 6.65831103106e-05, 6.38083802187e-05, 8.47279443406e-05, 7.25083154975e-05, 6.48733475828e-05, 4.08929881814e-05, 3.02668740915e-05, 3.52028946509e-05, 3.4284483263e-05, 2.74745398201e-05, 1.9581444576e-05, 2.15040690819e-05, 2.78514980891e-05, 8.98441612662e-06, 7.57149655328e-06, 7.94647803559e-06, 4.72431474918e-06, 4.87628176415e-06, 2.69767315331e-06, 2.21622440222e-06, 3.7087236251e-06, 2.95356062452e-06, 1.78496895842e-06, 2.2367191832e-06, 1.57905685683e-06, 1.03592776668e-06, 7.1512414479e-07, 7.37995094369e-07, 6.54627001495e-07, 5.4101758451e-07],
        "dvar": [9.59188241723e-07, 4.28419252785e-06, 1.62547826221e-06, 8.00198392881e-07, 8.9987327101e-07, 7.05454112904e-08, 1.76495333903e-07, 7.47349986341e-08, 1.6907972622e-07, 5.26644186039e-08, 1.98637319926e-08, 1.78885777302e-08, 3.52303608508e-08, 2.57286405514e-08, 1.49067833632e-08, 4.38970282346e-09, 4.88142504196e-09, 4.23299795216e-09, 5.53034640305e-09, 2.37266450931e-09, 2.48037679285e-09, 9.0407281661e-10, 1.68409974854e-09, 2.08041403549e-10, 1.37174896442e-10, 1.10517477114e-10, 4.13468981275e-11, 5.18762845181e-11, 1.29467001356e-11, 1.38643515071e-11, 3.99938936135e-11, 2.81547736514e-11, 7.40002156774e-12, 1.82805680315e-11, 8.43266428907e-12, 4.93594488199e-12, 1.56776501503e-12, 2.06995011409e-12, 1.85859595943e-12, 1.2813801669e-12],
        "dvar2": [2.43532690547e-06, 1.28385145217e-05, 4.59991952084e-06, 2.21810432777e-06, 2.5364506655e-06, 1.84975846196e-07, 4.03435649332e-07, 1.79940840894e-07, 3.34993131901e-07, 1.03179587541e-07, 3.88233907245e-08, 3.30065148546e-08, 8.13918461517e-08, 4.49741541786e-08, 3.17482182766e-08, 9.88593118478e-09, 1.11776019551e-08, 1.02381516598e-08, 1.32680781917e-08, 5.30356336625e-09, 5.20917708968e-09, 2.19243490029e-09, 4.28082902459e-09, 5.72096481299e-10, 3.74450720431e-10, 2.95449775756e-10, 1.04970011849e-10, 1.36858996358e-10, 3.1677840906e-11, 3.36828620551e-11, 1.11764895949e-10, 7.80478598417e-11, 1.56379492688e-11, 4.1703012571e-11, 1.78311584248e-11, 1.05234701162e-11, 3.36536896441e-12, 4.95344477242e-12, 4.1296467114e-12, 2.78257668643e-12],
        "max": [0.0120932292193, 0.0220204349607, 0.0177802182734, 0.0132878813893, 0.0127101903781, 0.00708114309236, 0.0105670979246, 0.010789103806, 0.0163575448096, 0.00630153249949, 0.00519770570099, 0.00575595209375, 0.00746147101745, 0.00870234612375, 0.00384893664159, 0.00281415553764, 0.00253057316877, 0.00153868761845, 0.00240065995604, 0.00123542861547, 0.00174628954846, 0.00099520792719, 0.00147319457028, 0.000343296909705, 0.000272797653452, 0.000191266837646, 0.000230564372032, 0.00017067079898, 7.42856282159e-05, 0.000103784128441, 0.000104787453893, 9.5206007245e-05, 8.99715159903e-05, 9.95262234937e-05, 8.45894901431e-05, 9.4809991424e-05, 2.94364253932e-05, 4.88685036544e-05, 2.82915534626e-05, 2.49915719905e-05],
        "mean": [0.00076227489626, 0.00201598717831, 0.00198713806458, 0.00119845196605, 0.000751667364966, 0.000313834432745, 0.000442937656771, 0.000215564272366, 0.000281517306576, 0.000210685364436, 0.000113736852654, 9.66535153566e-05, 0.000112395689939, 0.00010958690109, 7.06075152266e-05, 4.64795266453e-05, 3.4232478356e-05, 3.41477461916e-05, 3.66024396499e-05, 3.02941225527e-05, 2.30227688007e-05, 2.46245072049e-05, 2.86519079964e-05, 1.01538926174e-05, 7.90845933807e-06, 8.43613270263e-06, 5.45342891201e-06, 5.14087150805e-06, 3.11238204631e-06, 2.55318786913e-06, 3.07342475026e-06, 2.584430149e-06, 2.24499990509e-06, 2.64481150225e-06, 2.0495890567e-06, 1.30524324504e-06, 8.3830497033e-07, 7.59651413773e-07, 6.7822895744e-07, 5.3585358728e-07],
        "median": [0.000146430102177, 0.00101805105805, 0.00146938289981, 0.000790019170381, 0.000408779655118, 0.000171327599674, 0.000188107122085, 9.49088789639e-05, 8.89765578904e-05, 5.47791860299e-05, 3.13257696689e-05, 2.92832610285e-05, 2.62236499111e-05, 2.77382769127e-05, 1.74330089067e-05, 1.34674191941e-05, 9.81891298579e-06, 1.1250778698e-05, 9.67484538705e-06, 9.67526921158e-06, 7.21810692994e-06, 8.80813877302e-06, 8.30928638607e-06, 4.12213648815e-06, 2.95163772535e-06, 3.31833871314e-06, 2.14127135223e-06, 1.63140521181e-06, 1.18800949167e-06, 9.73248234004e-07, 9.99914050226e-07, 8.77152899648e-07, 7.40841130664e-07, 7.18451474313e-07, 5.69260805605e-07, 3.25703467752e-07, 2.01788935783e-07, 1.13882116182e-07, 7.76071900077e-08, 5.53981109874e-08],
        "min": [7.66163483712e-24, 6.58742164323e-24, 9.41503597115e-24, 2.99104599431e-24, 9.96891177879e-24, 7.70222488613e-24, 1.22119020787e-23, 8.11700637238e-24, 7.31759918571e-24, 1.54220082383e-23, 1.64314598962e-23, 1.13390046101e-23, 5.47215612784e-24, 5.54338908429e-24, 9.37566550109e-24, 7.32898323744e-24, 8.56880436774e-24, 2.08629128525e-23, 1.17293448189e-23, 8.22404848633e-24, 4.54406206171e-24, 1.17685796049e-23, 6.81513423213e-24, 1.17454620361e-23, 1.2924068349e-23, 1.03933694329e-23, 1.13133753082e-23, 1.43413729278e-23, 1.17182621121e-23, 6.0578482735e-24, 1.06678141418e-23, 8.68774013756e-24, 1.12514812815e-23, 9.75150565761e-24, 1.13121068198e-23, 6.28759967342e-24, 8.04085841806e-24, 1.46449218709e-23, 1.3351617549e-23, 8.27260918593e-24],
        "var": [1.61885986927e-06, 6.96449933457e-06, 3.65532946489e-06, 1.72866282355e-06, 1.08631172679e-06, 1.93134241044e-07, 5.16625334512e-07, 1.52101307549e-07, 4.33908468267e-07, 2.19749509256e-07, 8.75661498867e-08, 5.58939809991e-08, 9.74959419864e-08, 9.67445288325e-08, 3.26878648593e-08, 1.176460529e-08, 1.15043379267e-08, 6.41902664356e-09, 9.92303483827e-09, 4.75851003046e-09, 5.40667688398e-09, 2.44983433539e-09, 3.52411722027e-09, 3.88764687109e-10, 2.37897979094e-10, 1.98086588798e-10, 9.14073330915e-11, 9.1183560702e-11, 2.85928589833e-11, 2.3186621026e-11, 3.66853977751e-11, 2.68723012592e-11, 1.80040114761e-11, 3.64377902851e-11, 1.95822715682e-11, 1.04239160706e-11, 3.82669286883e-12, 4.24336434046e-12, 3.82195186957e-12, 2.38763175897e-12]
    },
    "mfcc": {
        "mean": [-652.657409668, 131.490005493, 0.688741445541, 26.0282363892, -0.385658830404, 5.68152523041, -9.21016693115, 4.2594499588, -7.47596263885, -5.2036113739, -6.49394893646, -4.14194250107, -3.89422154427],
        "cov": [[6675.48632812, -145.066589355, 41.7024154663, -76.5287322998, 142.789276123, 156.657226562, -26.8437480927, 172.931991577, 172.181442261, 227.672668457, 193.431503296, 84.5063552856, 108.090202332], [-145.066589355, 1111.20483398, -134.805938721, 67.4180603027, 39.4826202393, 68.6463241577, -36.7645530701, 57.2446975708, -1.80029284954, 57.4495887756, 15.2026586533, -20.8051071167, -4.58534240723], [41.7024154663, -134.805938721, 666.541870117, -8.20535755157, 147.371948242, 148.819290161, 95.5147094727, 49.2502861023, 105.541000366, 102.916671753, 92.5966110229, 9.95217227936, 20.8550949097], [-76.5287322998, 67.4180603027, -8.20535755157, 382.694458008, 85.4811096191, 58.5666618347, 53.6520423889, 4.16443395615, 7.6092300415, -14.9937543869, -13.9015731812, 26.9871101379, 9.89387607574], [142.789276123, 39.4826202393, 147.371948242, 85.4811096191, 293.173522949, 63.8298988342, -8.71988487244, 17.0107898712, 85.7906417847, 84.5663452148, 52.0510787964, 16.0833644867, 42.7152099609], [156.657226562, 68.6463241577, 148.819290161, 58.5666618347, 63.8298988342, 186.574325562, 86.2071456909, 46.787689209, 37.6354942322, 65.3567504883, 58.1804962158, 27.301858902, 6.89930772781], [-26.8437480927, -36.7645530701, 95.5147094727, 53.6520423889, -8.71988487244, 86.2071456909, 203.23487854, 49.0126991272, 14.2553358078, 3.2086763382, 32.6330528259, 29.6455783844, -0.352691441774], [172.931991577, 57.2446975708, 49.2502861023, 4.16443395615, 17.0107898712, 46.787689209, 49.0126991272, 129.7421875, 34.1457557678, 26.8870410919, 18.734746933, 9.09509277344, 14.8674678802], [172.181442261, -1.80029284954, 105.541000366, 7.6092300415, 85.7906417847, 37.6354942322, 14.2553358078, 34.1457557678, 128.017562866, 72.0858383179, 41.4074821472, 0.285733103752, 13.282327652], [227.672668457, 57.4495887756, 102.916671753, -14.9937543869, 84.5663452148, 65.3567504883, 3.2086763382, 26.8870410919, 72.0858383179, 151.189437866, 75.1900863647, 9.10336494446, 13.592581749], [193.431503296, 15.2026586533, 92.5966110229, -13.9015731812, 52.0510787964, 58.1804962158, 32.6330528259, 18.734746933, 41.4074821472, 75.1900863647, 114.974594116, 34.060508728, 12.4305877686], [84.5063552856, -20.8051071167, 9.95217227936, 26.9871101379, 16.0833644867, 27.301858902, 29.6455783844, 9.09509277344, 0.285733103752, 9.10336494446, 34.060508728, 82.4916534424, 30.9017906189], [108.090202332, -4.58534240723, 20.8550949097, 9.89387607574, 42.7152099609, 6.89930772781, -0.352691441774, 14.8674678802, 13.282327652, 13.592581749, 12.4305877686, 30.9017906189, 83.0024795532]],
