{
"lowlevel": {
    "average_loudness": 0.640300869942,
    "barkbands_crest": {
        "dmean": 1.9829338789,
        "dmean2": 3.12085866928,
        "dvar": 5.78094387054,
        "dvar2": 14.0227994919,
        "max": 25.7962665558,
        "mean": 9.59195041656,
        "median": 8.47009849548,
        "min": 2.22663378716,
        "var": 18.9092731476
    },
    "barkbands_flatness_db": {
        "dmean": 0.0152668189257,
        "dmean2": 0.0240254011005,
        "dvar": 0.000383676582715,
        "dvar2": 0.00097881059628,
        "max": 0.633004069328,
        "mean": 0.14209009707,
        "median": 0.115233913064,
        "min": 0.0219613667578,
        "var": 0.00786491204053
    },
    "barkbands_kurtosis": {
        "dmean": 2.09113073349,
        "dmean2": 3.32906150818,
        "dvar": 26.2843952179,
        "dvar2": 65.0602111816,
        "max": 319.276550293,
        "mean": 4.38545894623,
        "median": 2.28732681274,
        "min": -1.85910212994,
        "var": 55.6007957458
    },
    "barkbands_skewness": {
        "dmean": 0.387519329786,
        "dmean2": 0.597493052483,
        "dvar": 0.278013527393,
        "dvar2": 0.675848305225,
        "max": 12.3722429276,
        "mean": 1.43762123585,
        "median": 1.33263731003,
        "min": -3.32022237778,
        "var": 1.40631854534
    },
    "barkbands_spread": {
        "dmean": 4.22915410995,
        "dmean2": 6.76052379608,
        "dvar": 35.4462928772,
        "dvar2": 90.6384658813,
        "max": 84.6832199097,
        "mean": 22.9843921661,
        "median": 22.4399757385,
        "min": 0.170193433762,
        "var": 184.805587769
    },
    "dissonance": {
        "dmean": 0.0200088787824,
        "dmean2": 0.0338893458247,
        "dvar": 0.000569388445001,
        "dvar2": 0.00156322470866,
        "max": 0.500000059605,
        "mean": 0.445433527231,
        "median": 0.458944022655,
        "min": 0.10293930769,
        "var": 0.00209263944998
    },
    "dynamic_complexity": 4.7428612709,
    "erbbands_crest": {
        "dmean": 2.06542181969,
        "dmean2": 3.14454245567,
        "dvar": 4.80377578735,
        "dvar2": 11.4424629211,
        "max": 34.5300369263,
        "mean": 11.0398044586,
        "median": 9.95845031738,
        "min": 2.38398432732,
        "var": 33.2388305664
    },
    "erbbands_flatness_db": {
        "dmean": 0.0123186893761,
        "dmean2": 0.0182882212102,
        "dvar": 0.000218364380999,
        "dvar2": 0.000473960244562,
        "max": 0.636450052261,
        "mean": 0.167899534106,
        "median": 0.134200662374,
        "min": 0.0379115976393,
        "var": 0.00897655356675
    },
    "erbbands_kurtosis": {
        "dmean": 0.937873899937,
        "dmean2": 1.40856659412,
        "dvar": 8.06872844696,
        "dvar2": 17.9082756042,
        "max": 244.153106689,
        "mean": 1.66974639893,
        "median": 0.105689287186,
        "min": -1.86884868145,
        "var": 20.2000541687
    },
    "erbbands_skewness": {
        "dmean": 0.284542858601,
        "dmean2": 0.428429931402,
        "dvar": 0.116872958839,
        "dvar2": 0.271065592766,
        "max": 11.7393398285,
        "mean": 0.740203022957,
        "median": 0.573199152946,
        "min": -1.97925424576,
        "var": 0.904135406017
    },
    "erbbands_spread": {
        "dmean": 5.69595241547,
        "dmean2": 8.6475944519,
        "dvar": 57.8108482361,
        "dvar2": 129.393692017,
        "max": 152.153762817,
        "mean": 36.0014190674,
        "median": 34.5940666199,
        "min": 0.335960835218,
        "var": 448.160430908
    },
    "hfc": {
        "dmean": 10.0702209473,
        "dmean2": 17.1408805847,
        "dvar": 1135.5703125,
        "dvar2": 3183.89550781,
        "max": 436.307830811,
        "mean": 19.6906032562,
        "median": 10.8476791382,
        "min": 1.07400468989e-16,
        "var": 1004.79266357
    },
    "melbands_crest": {
        "dmean": 2.25133657455,
        "dmean2": 3.55062818527,
        "dvar": 6.06953525543,
        "dvar2": 14.6987848282,
        "max": 32.1742362976,
        "mean": 12.8711967468,
        "median": 11.9816589355,
        "min": 1.48066985607,
        "var": 25.0582008362
    },
    "melbands_flatness_db": {
        "dmean": 0.0191374383867,
        "dmean2": 0.0297498255968,
        "dvar": 0.000681182718836,
        "dvar2": 0.00164368306287,
        "max": 0.68799507618,
        "mean": 0.215983837843,
        "median": 0.191630572081,
        "min": 0.00283679226413,
        "var": 0.010751507245
    },
    "melbands_kurtosis": {
        "dmean": 5.10990762711,
        "dmean2": 8.10190200806,
        "dvar": 143.98866272,
        "dvar2": 353.43371582,
        "max": 258.445037842,
        "mean": 11.9021921158,
        "median": 6.132999897,
        "min": -1.58254313469,
        "var": 342.083587646
    },
    "melbands_skewness": {
        "dmean": 0.53739708662,
        "dmean2": 0.821886241436,
        "dvar": 0.657910346985,
        "dvar2": 1.53246688843,
        "max": 12.2938375473,
        "mean": 2.22444343567,
        "median": 1.94650447369,
        "min": -3.03832983971,
        "var": 2.50986242294
    },
    "melbands_spread": {
        "dmean": 5.11395263672,
        "dmean2": 8.08311271667,
        "dvar": 69.4290466309,
        "dvar2": 176.275009155,
        "max": 177.284484863,
        "mean": 24.2896709442,
        "median": 18.6817588806,
        "min": 0.311591207981,
        "var": 506.300354004
    },
    "pitch_salience": {
        "dmean": 0.0541294105351,
        "dmean2": 0.0863570943475,
        "dvar": 0.00367184588686,
        "dvar2": 0.00940218102187,
        "max": 0.942913532257,
        "mean": 0.537726283073,
        "median": 0.541349589825,
        "min": 0.0242762770504,
        "var": 0.0138128977269
    },
    "silence_rate_20dB": {
        "dmean": 0,
        "dmean2": 0,
        "dvar": 0,
        "dvar2": 0,
        "max": 1,
        "mean": 1,
        "median": 1,
        "min": 1,
        "var": 0
    },
    "silence_rate_30dB": {
        "dmean": 0.043186109513,
        "dmean2": 0.0863787382841,
        "dvar": 0.0413241460919,
        "dvar2": 0.101561285555,
        "max": 1,
        "mean": 0.966706931591,
        "median": 1,
        "min": 0,
        "var": 0.0321807637811
    },
    "silence_rate_60dB": {
        "dmean": 0.0149490376934,
        "dmean2": 0.0299003329128,
        "dvar": 0.0147261070088,
        "dvar2": 0.0330833494663,
        "max": 1,
        "mean": 0.187226325274,
        "median": 0,
        "min": 0,
        "var": 0.152160450816
    },
    "spectral_centroid": {
        "dmean": 176.375701904,
        "dmean2": 278.282287598,
        "dvar": 70675.2734375,
        "dvar2": 166426.4375,
        "max": 12045.578125,
        "mean": 1513.66088867,
        "median": 1322.17382812,
        "min": 202.975296021,
        "var": 2515560.25
    },
    "spectral_complexity": {
        "dmean": 3.10517168045,
        "dmean2": 4.77182102203,
        "dvar": 25.7768173218,
        "dvar2": 53.1362419128,
        "max": 65,
        "mean": 15.8963460922,
        "median": 12,
        "min": 0,
        "var": 142.697677612
    },
    "spectral_decrease": {
        "dmean": 2.8638416083e-09,
        "dmean2": 4.76171768682e-09,
        "dvar": 6.03042658343e-17,
        "dvar2": 1.60545645441e-16,
        "max": 2.3670668463e-28,
        "mean": -5.65122171281e-09,
        "median": -3.34011041048e-09,
        "min": -7.50440349861e-08,
        "var": 6.40250168738e-17
    },
    "spectral_energy": {
        "dmean": 0.0116208586842,
        "dmean2": 0.019319742918,
        "dvar": 0.000948700879235,
        "dvar2": 0.00252201897092,
        "max": 0.292570263147,
        "mean": 0.0231149289757,
        "median": 0.0136198047549,
        "min": 1.00170756309e-20,
        "var": 0.00102738908026
    },
    "spectral_energyband_high": {
        "dmean": 0.000805613643024,
        "dmean2": 0.00141581962816,
        "dvar": 9.34494983085e-06,
        "dvar2": 2.65502221737e-05,
        "max": 0.0396944619715,
        "mean": 0.00105936313048,
        "median": 0.000404340738896,
        "min": 7.05141260722e-21,
        "var": 6.6889019763e-06
    },
    "spectral_energyband_low": {
        "dmean": 0.0079462621361,
        "dmean2": 0.0135108223185,
        "dvar": 0.000720400945283,
        "dvar2": 0.00194623367861,
        "max": 0.25108975172,
        "mean": 0.00990585330874,
        "median": 0.00345259578899,
        "min": 1.31454992385e-23,
        "var": 0.000577178085223
    },
    "spectral_energyband_middle_high": {
        "dmean": 0.00180862296838,
        "dmean2": 0.00294045987539,
        "dvar": 2.58153686445e-05,
        "dvar2": 7.12468608981e-05,
        "max": 0.0669069364667,
        "mean": 0.00435889465734,
        "median": 0.00197190186009,
        "min": 1.17697683552e-21,
        "var": 3.89074994018e-05
    },
    "spectral_energyband_middle_low": {
        "dmean": 0.00259283860214,
        "dmean2": 0.00411028880626,
        "dvar": 2.94346500596e-05,
        "dvar2": 7.37408627174e-05,
        "max": 0.0851006433368,
        "mean": 0.0084615284577,
        "median": 0.0059630391188,
        "min": 1.53499874465e-22,
        "var": 7.97037864686e-05
    },
    "spectral_entropy": {
        "dmean": 0.141633972526,
        "dmean2": 0.21582429111,
        "dvar": 0.0406434461474,
        "dvar2": 0.0888494104147,
        "max": 9.8338470459,
        "mean": 7.27176856995,
        "median": 7.54192781448,
        "min": 3.07762002945,
        "var": 0.82653015852
    },
    "spectral_flux": {
        "dmean": 0.0250567477196,
        "dmean2": 0.0382258817554,
        "dvar": 0.00257675652392,
        "dvar2": 0.00517975632101,
        "max": 0.498351097107,
        "mean": 0.0593030974269,
        "median": 0.0366206467152,
        "min": 6.32091046171e-11,
        "var": 0.00472386740148
    },
    "spectral_kurtosis": {
        "dmean": 3.68867707253,
        "dmean2": 6.3299331665,
        "dvar": 102.893127441,
        "dvar2": 287.633575439,
        "max": 236.871490479,
        "mean": 11.6900396347,
        "median": 3.57707190514,
        "min": -1.26783359051,
        "var": 733.302001953
    },
    "spectral_rms": {
        "dmean": 0.000791333732195,
        "dmean2": 0.00123255432118,
        "dvar": 2.76705964097e-06,
        "dvar2": 6.90746901455e-06,
        "max": 0.0168948043138,
        "mean": 0.00397153943777,
        "median": 0.00364521797746,
        "min": 3.12614083925e-12,
        "var": 6.77795787851e-06
    },
    "spectral_rolloff": {
        "dmean": 381.742095947,
        "dmean2": 648.078613281,
        "dvar": 586977.4375,
        "dvar2": 1475520,
        "max": 19853.6132812,
        "mean": 1740.85070801,
        "median": 1033.59375,
        "min": 86.1328125,
        "var": 7846269.5
    },
    "spectral_skewness": {
        "dmean": 0.304663032293,
        "dmean2": 0.515920996666,
        "dvar": 0.328051835299,
        "dvar2": 0.913979351521,
        "max": 12.4637231827,
        "mean": 2.04717373848,
        "median": 1.53633379936,
        "min": -0.124661900103,
        "var": 2.55601549149
    },
    "spectral_spread": {
        "dmean": 494511.75,
        "dmean2": 746327.9375,
        "dvar": 561148723200,
        "dvar2": 1.14383074099e+12,
        "max": 42815144,
        "mean": 6110272,
        "median": 4947264,
        "min": 375745.09375,
        "var": 3.47839754404e+13
    },
    "spectral_strongpeak": {
        "dmean": 0.387338191271,
        "dmean2": 0.655188500881,
        "dvar": 0.628816068172,
        "dvar2": 1.49026429653,
        "max": 13.8143949509,
        "mean": 0.841459453106,
        "median": 0.43950599432,
        "min": 0,
        "var": 1.22362565994
    },
    "zerocrossingrate": {
        "dmean": 0.0085993539542,
        "dmean2": 0.0107472753152,
        "dvar": 0.000103671722172,
        "dvar2": 0.000165773119079,
        "max": 0.53125,
        "mean": 0.0777785629034,
        "median": 0.06689453125,
        "min": 0.00537109375,
        "var": 0.00514549575746
    },
    "barkbands": {
        "dmean": [0.000273294892395, 0.00631331373006, 0.00174853368662, 0.000652548798826, 0.000857095525134, 0.000656073039863, 0.000589613278862, 0.00049893168034, 0.000346891989466, 0.000385428284062, 0.000283249391941, 0.000153550397954, 0.000216153741349, 0.00023560988484, 0.000252283964073, 0.000246958778007, 0.00030580238672, 0.000266622344498, 0.00031516305171, 0.00023628983763, 0.000187026787899, 0.000205650518183, 0.000136076268973, 9.73939168034e-05, 0.000111291126814, 4.1355680878e-05, 9.03395357454e-06],
        "dmean2": [0.000451471598353, 0.0107412729412, 0.00316656101495, 0.00113231141586, 0.00141882081516, 0.00107326335274, 0.00096806709189, 0.000736473593861, 0.000482653151266, 0.000551250996068, 0.000414557231124, 0.000235933272052, 0.000332242023433, 0.000368343811715, 0.00041703126044, 0.000419455522206, 0.000515981228091, 0.000456120964373, 0.000556675600819, 0.000417165370891, 0.000332755153067, 0.000376632146072, 0.0002452742483, 0.000165072720847, 0.000185023076483, 7.0331763709e-05, 1.56734495249e-05],
        "dvar": [5.62663558412e-07, 0.000478668691358, 3.46151791746e-05, 2.97060842058e-06, 4.18002264269e-06, 2.13653197534e-06, 2.67971427093e-06, 1.86415968528e-06, 8.18995999907e-07, 7.62512797792e-07, 5.88208479257e-07, 2.35786188796e-07, 3.5915746821e-07, 4.67981777774e-07, 7.37483276225e-07, 7.6111365388e-07, 8.46997579629e-07, 9.41563826018e-07, 1.48103436004e-06, 9.85213546301e-07, 6.49470166536e-07, 8.24000665034e-07, 2.25535160325e-07, 7.86775586903e-08, 1.79360085895e-07, 1.5042388668e-08, 5.42399958281e-10],
        "dvar2": [1.5349022533e-06, 0.00129052833654, 0.00010069039854, 8.33952344692e-06, 1.13738815344e-05, 5.8315977185e-06, 6.97030100127e-06, 4.30158661402e-06, 1.52882751081e-06, 1.52068798798e-06, 1.19900403206e-06, 4.46585744385e-07, 7.56107169764e-07, 1.04754190033e-06, 1.84862255992e-06, 1.99383794097e-06, 2.31093781622e-06, 2.67285872724e-06, 4.28799239671e-06, 2.82751580016e-06, 1.85721546586e-06, 2.38960160459e-06, 6.45450029424e-07, 2.11868623978e-07, 4.74076500723e-07, 4.14814138594e-08, 1.46372580723e-09],
        "max": [0.0132826389745, 0.217327862978, 0.0680905357003, 0.030190333724, 0.0327039845288, 0.0343996398151, 0.0386494323611, 0.0415303967893, 0.037038937211, 0.0202746521682, 0.0300188306719, 0.0240011718124, 0.0216409116983, 0.0192484594882, 0.0396181680262, 0.0309006888419, 0.0198029261082, 0.019289534539, 0.0207105241716, 0.0168109517545, 0.0107971997932, 0.0110023356974, 0.00781700853258, 0.00418417807668, 0.00582045037299, 0.00154646881856, 0.000327634828864],
        "mean": [0.000537105894182, 0.00654449872673, 0.00237497943453, 0.00107833265793, 0.00187038187869, 0.00159858388361, 0.00126427633222, 0.00130084296688, 0.000907031004317, 0.000860752130393, 0.000607768946793, 0.000275925354799, 0.000398977659643, 0.000393908238038, 0.000353286508471, 0.000332361407345, 0.000425317528425, 0.000377638789359, 0.000415629474446, 0.000267525436357, 0.000213506136788, 0.000206396973226, 0.000141839744174, 0.000144916208228, 0.000151025305968, 6.05136701779e-05, 1.1570933566e-05],
        "median": [4.86326025566e-05, 0.00183419068344, 0.000643081380986, 0.000462365860585, 0.000951081921812, 0.000815415172838, 0.000437107752077, 0.000408657942899, 0.000240838024183, 0.000216510350583, 0.000149597937707, 6.03026564931e-05, 6.81515593897e-05, 5.5137767049e-05, 6.55936819385e-05, 7.02164543327e-05, 0.000101451238152, 5.41105800949e-05, 8.15287057776e-05, 5.96228710492e-05, 5.77693463129e-05, 3.84985978599e-05, 2.37928506976e-05, 4.32533452113e-05, 3.78697004635e-05, 1.41499131132e-05, 2.28609724218e-06],
        "min": [8.044609994e-26, 1.6016584141e-24, 7.44892510073e-25, 5.7541200617e-25, 2.15059812184e-24, 8.30011913228e-24, 7.30835215818e-24, 5.14477688002e-24, 1.38607262891e-23, 1.09990323812e-23, 4.11864830819e-24, 2.87670593091e-23, 1.97602493901e-23, 2.12576462277e-23, 2.69311811897e-23, 4.7814285726e-23, 6.35428847551e-23, 6.14658581678e-23, 1.09167204256e-22, 1.56027081882e-22, 2.57469962103e-22, 2.47419066376e-22, 3.65800708741e-22, 5.40948403193e-22, 7.36541024658e-22, 1.25475574398e-21, 1.83639851516e-21],
        "var": [1.02688022707e-06, 0.000364476116374, 2.63762212853e-05, 3.15524584948e-06, 8.06364187156e-06, 5.34763421456e-06, 5.9119006437e-06, 6.28160705674e-06, 3.86956253351e-06, 2.65434891844e-06, 2.09803215512e-06, 7.45719262341e-07, 1.32193065383e-06, 1.39744190619e-06, 1.25281576402e-06, 8.94513846106e-07, 8.71414613357e-07, 8.05688785022e-07, 1.09106088075e-06, 6.44266890504e-07, 4.26321861369e-07, 5.04749607444e-07, 1.5589230884e-07, 9.25166432353e-08, 1.73868031084e-07, 1.28265895682e-08, 4.81413131581e-10]
    },
    "erbbands": {
        "dmean": [0.169784203172, 1.46024894714, 2.26706075668, 2.05545568466, 1.9866642952, 3.81858158112, 3.11908626556, 6.46788978577, 8.76855754852, 9.63059425354, 8.29236698151, 9.48655319214, 11.2190055847, 10.3790683746, 10.937962532, 7.2295589447, 9.64062404633, 13.1994199753, 12.2502784729, 10.1850700378, 15.0791063309, 13.2720432281, 14.3306894302, 17.0062580109, 14.2591190338, 11.1052150726, 8.11573219299, 7.10026359558, 6.99335956573, 5.91893482208, 3.86179304123, 2.13221120834, 1.6277422905, 1.4944050312, 0.700939536095, 0.203034132719, 0.0803831890225, 0.0158248823136, 0.00145280442666, 6.50872461847e-05],
        "dmean2": [0.290071308613, 2.47073554993, 4.06777048111, 3.61535429955, 3.41511917114, 6.29025363922, 5.05632209778, 10.6379938126, 14.3397893906, 14.7020168304, 12.3760032654, 12.7726564407, 15.9785661697, 15.3599290848, 15.8392848969, 10.8748416901, 14.7618761063, 20.6833820343, 19.8596534729, 16.9628429413, 26.0344219208, 22.7552433014, 24.2336578369, 29.4401741028, 25.3046779633, 19.6055221558, 14.3956718445, 12.7665309906, 12.8435869217, 10.7432289124, 6.95907640457, 3.83093643188, 2.69127488136, 2.43488907814, 1.1948236227, 0.346496254206, 0.139079630375, 0.0264227148145, 0.00252611306496, 0.000113042646262],
        "dvar": [0.320662468672, 26.0038814545, 61.9106674194, 36.1673927307, 19.943321228, 93.0775375366, 41.7674598694, 213.673477173, 578.366271973, 628.187194824, 655.381408691, 615.366210938, 748.078308105, 851.067443848, 850.919677734, 553.31640625, 698.743164062, 1317.45910645, 1772.34191895, 965.482849121, 2827.18920898, 1956.39318848, 2460.90405273, 3348.16015625, 3027.22143555, 2270.79248047, 1193.64807129, 1178.09765625, 1043.62927246, 561.557617188, 175.051147461, 47.9710769653, 26.1804237366, 31.3884792328, 7.56806993484, 0.457932084799, 0.0512882433832, 0.00137516856194, 1.36733506224e-05, 4.20133616785e-08],
        "dvar2": [0.880259156227, 69.5919647217, 177.168502808, 102.954666138, 55.8393630981, 250.10786438, 107.169929504, 595.639831543, 1509.39855957, 1518.0534668, 1514.07385254, 1090.77307129, 1458.71704102, 1823.91235352, 1712.41711426, 1012.10913086, 1481.55273438, 3044.80786133, 4309.05517578, 2499.09960938, 7867.8359375, 5448.26269531, 6907.36572266, 9626.31933594, 8691.58886719, 6543.76806641, 3404.58129883, 3399.20019531, 3028.56469727, 1627.25817871, 499.951477051, 136.151763916, 68.4565887451, 80.3136444092, 20.808549881, 1.2535957098, 0.141809567809, 0.00361117371358, 3.6590052332e-05, 1.17924003007e-07],
        "max": [5.65048027039, 53.6314353943, 83.933883667, 87.3393173218, 70.5288467407, 164.889450073, 169.979217529, 356.254882812, 512.56060791, 676.826477051, 1125.34936523, 1038.61303711, 668.038452148, 1067.6237793, 941.743347168, 1234.34814453, 1038.72790527, 1017.17565918, 2366.34448242, 960.346557617, 961.665527344, 773.720092773, 956.390197754, 908.065429688, 692.785461426, 963.299072266, 763.262329102, 579.776123047, 407.879425049, 272.21673584, 236.846817017, 113.752487183, 73.3678970337, 78.3829116821, 45.0542755127, 10.9841098785, 2.74004125595, 0.430838257074, 0.0438700430095, 0.00361862941645],
        "mean": [0.191650286317, 1.44563734531, 2.80220866203, 3.34229254723, 4.21796655655, 7.61838102341, 6.90262079239, 15.3573379517, 20.5113258362, 26.2943229675, 18.2575321198, 26.3549995422, 25.6439609528, 22.954410553, 25.2146244049, 14.3029975891, 18.9075660706, 23.0580596924, 19.1642055511, 15.7789258957, 20.336971283, 18.3091659546, 20.931722641, 25.4025382996, 16.841627121, 13.1146583557, 9.46727085114, 7.64934921265, 6.81580781937, 6.15236330032, 4.146296978, 2.67201948166, 2.48398065567, 2.0566983223, 0.927519619465, 0.311170190573, 0.107312805951, 0.0223672036082, 0.00193094939459, 8.91575982678e-05],
        "median": [0.040659956634, 0.361770838499, 0.887883424759, 1.36500155926, 2.02167105675, 2.96779870987, 3.64708852768, 7.31615924835, 8.21144866943, 8.87270736694, 7.12707662582, 7.90093231201, 9.21008110046, 5.89724111557, 7.36959695816, 3.54035758972, 3.74102687836, 4.51369190216, 3.98889398575, 4.4731798172, 4.97361278534, 4.90757656097, 4.71006965637, 3.89189863205, 3.77439188957, 3.36145830154, 2.30578708649, 2.08503746986, 1.28334879875, 1.02407813072, 0.792593955994, 0.664564669132, 0.770753502846, 0.489906966686, 0.242254376411, 0.081397973001, 0.0222470276058, 0.00443754531443, 0.000397937285015, 4.3756863306e-05],
        "min": [5.2364981319e-23, 4.30852854802e-22, 1.04065076588e-21, 2.53742216934e-21, 7.24881150559e-21, 1.47601736919e-20, 1.60778449427e-20, 6.65482570929e-20, 6.84508048135e-20, 1.31355337771e-19, 1.54179771187e-19, 4.15400591047e-19, 4.0560951263e-19, 4.77325347956e-19, 6.78391603268e-19, 1.1639823984e-18, 9.60366307149e-19, 1.42015930353e-18, 2.10812728014e-18, 2.53703883252e-18, 2.32001745227e-18, 4.25910251602e-18, 5.17313461135e-18, 5.51624333917e-18, 6.20836396926e-18, 7.56177910313e-18, 8.96706135655e-18, 8.43109629609e-18, 8.54792066836e-18, 9.69996819469e-18, 1.03400901835e-17, 1.02243659615e-17, 9.36729269593e-18, 7.81545140877e-18, 5.53208053918e-18, 4.2319420406e-18, 2.26254225497e-18, 9.21010604567e-19, 2.46592673565e-19, 2.51778737345e-20],
        "var": [0.252546787262, 19.6373996735, 43.6345596313, 34.1198883057, 36.746925354, 189.403045654, 106.661567688, 540.285888672, 1262.20239258, 2315.70581055, 1492.11938477, 3100.80273438, 2484.47412109, 2730.96142578, 3389.50805664, 1915.12036133, 2673.31469727, 3534.05493164, 3548.47338867, 1352.7833252, 2416.11181641, 1694.26757812, 2227.91064453, 3117.31201172, 2125.0690918, 1480.39086914, 796.997009277, 725.252929688, 627.274902344, 361.348052979, 122.014511108, 39.3788833618, 32.8275146484, 36.2035255432, 6.18525981903, 0.404587358236, 0.042146705091, 0.00148347765207, 1.23952022477e-05, 2.94248430066e-08]
    },
    "gfcc": {
        "mean": [-63.826625824, 86.8030319214, -102.68460083, 16.8585510254, -55.5803985596, 3.57669711113, -33.4636039734, 11.6712789536, -20.0389156342, 2.72168493271, -13.307559967, 1.9462749958, -9.32602500916],
        "cov": [[48346.1132812, -2193.53662109, -428.967407227, 3406.75073242, -2049.51513672, 1897.28149414, -1490.16186523, 1428.2890625, -955.061889648, 969.027038574, -691.527526855, 154.812942505, -803.064575195], [-2193.53662109, 3251.57055664, -696.468933105, -767.09362793, 66.5609054565, -811.534301758, 24.89610672, -468.557495117, 335.840454102, -190.980377197, 189.285812378, -148.895782471, 72.8881454468], [-428.967407227, -696.468933105, 2324.34106445, -82.2731323242, 161.673233032, 246.048828125, -185.426635742, 259.709716797, -147.535522461, 287.504486084, -162.897949219, -21.9557094574, -132.441131592], [3406.75073242, -767.09362793, -82.2731323242, 844.01159668, -89.3305206299, 390.646087646, -6.87873125076, 155.403594971, -77.8808059692, 30.8085479736, -20.5235118866, 25.7084827423, -62.6955223083], [-2049.51513672, 66.5609054565, 161.673233032, -89.3305206299, 353.568603516, 64.5855331421, 119.371170044, -27.3980579376, 19.6819324493, -43.1550102234, 26.6144504547, 14.2879829407, 22.988658905], [1897.28149414, -811.534301758, 246.048828125, 390.646087646, 64.5855331421, 498.088043213, 24.7682495117, 194.932861328, -138.566543579, 47.6416435242, -35.9795875549, 61.5357627869, -31.2693023682], [-1490.16186523, 24.89610672, -185.426635742, -6.87873125076, 119.371170044, 24.7682495117, 212.527770996, -27.1784591675, 24.9864273071, -89.229095459, 48.4297599792, 36.0557250977, 52.4126091003], [1428.2890625, -468.557495117, 259.709716797, 155.403594971, -27.3980579376, 194.932861328, -27.1784591675, 212.433013916, -49.0718955994, 64.4350585938, -58.1314048767, 26.3625869751, -20.1845016479], [-955.061889648, 335.840454102, -147.535522461, -77.8808059692, 19.6819324493, -138.566543579, 24.9864273071, -49.0718955994, 170.902008057, 9.94510269165, 36.4289245605, -39.3011360168, 20.602104187], [969.027038574, -190.980377197, 287.504486084, 30.8085479736, -43.1550102234, 47.6416435242, -89.229095459, 64.4350585938, 9.94510269165, 168.450439453, -7.25871896744, -16.5532684326, -44.8118858337], [-691.527526855, 189.285812378, -162.897949219, -20.5235118866, 26.6144504547, -35.9795875549, 48.4297599792, -58.1314048767, 36.4289245605, -7.25871896744, 128.067245483, 39.2261238098, 18.9367446899], [154.812942505, -148.895782471, -21.9557094574, 25.7084827423, 14.2879829407, 61.5357627869, 36.0557250977, 26.3625869751, -39.3011360168, -16.5532684326, 39.2261238098, 106.723442078, 37.5688743591], [-803.064575195, 72.8881454468, -132.441131592, -62.6955223083, 22.988658905, -31.2693023682, 52.4126091003, -20.1845016479, 20.602104187, -44.8118858337, 18.9367446899, 37.5688743591, 98.3721847534]],
        "icov": [[0.000150086154463, -0.00033170968527, 0.000258905638475, -0.000416354479967, 0.000371549540432, -0.000295167759759, 0.000362216203939, -0.000510181242134, 0.000581805594265, -0.000938821700402, 0.00100338051561, -0.000947715947405, 0.000695178925525], [-0.00033170968527, 0.00144717574585, -0.00058509723749, 0.00116820237599, -0.000925501459278, 0.0010919427732, -0.00033366860589, 0.00145692424849, -0.00188761437312, 0.00289730844088, -0.00312694557942, 0.0027881001588, -0.00153101200704], [0.000258905638475, -0.00058509723749, 0.00126318901312, -0.000512579572387, -7.3432805948e-05, -0.000389703433029, 0.000828333431855, -0.00146941759158, 0.00165354448836, -0.00285469647497, 0.0023825687822, -0.00177982775494, 0.00164590554778], [-0.000416354479967, 0.00116820237599, -0.000512579572387, 0.00360423559323, -0.000119594122225, -0.00132214627229, -0.000819590350147, 0.00149352650624, -0.00268348120153, 0.00339547544718, -0.00324468920007, 0.0029198101256, -0.000688429048751], [0.000371549540432, -0.000925501459278, -7.3432805948e-05, -0.000119594122225, 0.00584793137386, -0.00302336597815, -0.00128587358631, 0.000375337403966, -0.000238707027165, -0.00110152410343, 0.00227292231284, -0.00230134371668, 0.00196787132882], [-0.000295167759759, 0.0010919427732, -0.000389703433029, -0.00132214627229, -0.00302336597815, 0.00772244622931, -0.0014563659206, -0.00255139404908, 0.00253277574666, 0.000571613956708, -0.00274411658756, 0.00186699081678, -0.00162712077145], [0.000362216203939, -0.00033366860589, 0.000828333431855, -0.000819590350147, -0.00128587358631, -0.0014563659206, 0.0101100886241, -0.00172027165536, -0.000552696816158, 0.00214406405576, -0.000378949160222, -0.00231392867863, -5.59068212169e-05], [-0.000510181242134, 0.00145692424849, -0.00146941759158, 0.00149352650624, 0.000375337403966, -0.00255139404908, -0.00172027165536, 0.0126958340406, -0.00450547644868, 0.00160655856598, 0.000756631430704, 3.94762209908e-05, -0.00213329307735], [0.000581805594265, -0.00188761437312, 0.00165354448836, -0.00268348120153, -0.000238707027165, 0.00253277574666, -0.000552696816158, -0.00450547644868, 0.014185551554, -0.00793852843344, 0.00184661301319, 0.000821366906166, -0.000361269689165], [-0.000938821700402, 0.00289730844088, -0.00285469647497, 0.00339547544718, -0.00110152410343, 0.000571613956708, 0.00214406405576, 0.00160655856598, -0.00793852843344, 0.0190799236298, -0.0107452301309, 0.00749131478369, -0.0023021416273], [0.00100338051561, -0.00312694557942, 0.0023825687822, -0.00324468920007, 0.00227292231284, -0.00274411658756, -0.000378949160222, 0.000756631430704, 0.00184661301319, -0.0107452301309, 0.0219960864633, -0.0147657943889, 0.00672483863309], [-0.000947715947405, 0.0027881001588, -0.00177982775494, 0.0029198101256, -0.00230134371668, 0.00186699081678, -0.00231392867863, 3.94762209908e-05, 0.000821366906166, 0.00749131478369, -0.0147657943889, 0.0244038328528, -0.0112026603892], [0.000695178925525, -0.00153101200704, 0.00164590554778, -0.000688429048751, 0.00196787132882, -0.00162712077145, -5.59068212169e-05, -0.00213329307735, -0.000361269689165, -0.0023021416273, 0.00672483863309, -0.0112026603892, 0.0193779151887]]
    },
    "melbands": {
        "dmean": [0.00167376967147, 0.00144702394027, 0.000344262749422, 0.000197124478291, 0.000125112084788, 0.000142537261127, 0.00013230535842, 0.000107955107524, 6.2480190536e-05, 6.0336147726e-05, 5.51881348656e-05, 4.20131873398e-05, 3.3690710552e-05, 2.3461483579e-05, 1.4792384718e-05, 2.4781034881e-05, 2.72613942798e-05, 1.80407041626e-05, 1.76192315848e-05, 1.68377409864e-05, 1.93850119103e-05, 1.50171608766e-05, 1.43549559652e-05, 1.30164198708e-05, 1.45731883094e-05, 1.17777199193e-05, 9.14135398489e-06, 7.19760646462e-06, 5.22482014276e-06, 4.81235520056e-06, 4.24529707743e-06, 4.00004591938e-06, 4.19955449615e-06, 2.95177619591e-06, 2.38837969846e-06, 1.83441306945e-06, 1.13102680643e-06, 9.95119648906e-07, 1.34106733185e-06, 1.36538460538e-06],
        "dmean2": [0.0028343803715, 0.00250538159162, 0.00060214579571, 0.000330951879732, 0.000203351286473, 0.000234835795709, 0.000215114137973, 0.000163531309227, 9.33202463784e-05, 8.15184539533e-05, 7.89840050857e-05, 6.21473955107e-05, 4.94385603815e-05, 3.47973509633e-05, 2.29439192481e-05, 3.8177229726e-05, 4.27320374001e-05, 2.92245495075e-05, 2.94163692161e-05, 2.75852034974e-05, 3.37335659424e-05, 2.58387681242e-05, 2.38830689341e-05, 2.2098849513e-05, 2.52151530731e-05, 2.09749341593e-05, 1.63358545251e-05, 1.26224231281e-05, 9.2005575425e-06, 8.54994414112e-06, 7.63183743402e-06, 7.30347210265e-06, 7.73683586885e-06, 5.34035962119e-06, 4.30531645179e-06, 3.31133787768e-06, 2.02835144592e-06, 1.67103371496e-06, 2.20322704081e-06, 2.23191091209e-06],
        "dvar": [3.26735716953e-05, 2.50824250543e-05, 9.30124144816e-07, 2.44263304694e-07, 6.32546814927e-08, 1.06902014352e-07, 1.30029548018e-07, 8.14250356029e-08, 3.84716791757e-08, 2.39511948052e-08, 1.84204971276e-08, 1.42655141033e-08, 7.847329897e-09, 4.02525079934e-09, 1.95868898878e-09, 5.10147035726e-09, 6.40651576234e-09, 3.89588761252e-09, 3.81119624748e-09, 3.05887049024e-09, 4.6426844591e-09, 2.44739872812e-09, 1.9741364099e-09, 2.46288411887e-09, 2.40601583101e-09, 2.37580022322e-09, 1.53235402145e-09, 8.79397943354e-10, 5.06953090618e-10, 3.93335780613e-10, 4.23697799068e-10, 3.54548751469e-10, 3.12030595806e-10, 1.37734629257e-10, 6.27556548394e-11, 3.88383769589e-11, 1.20967558886e-11, 8.51799360213e-12, 2.18063293117e-11, 2.69064579644e-11],
        "dvar2": [8.80076331669e-05, 6.90934539307e-05, 2.63867013928e-06, 6.61398416923e-07, 1.67340232338e-07, 2.9419936709e-07, 3.37238930115e-07, 1.94097211192e-07, 8.88130600174e-08, 4.23061443655e-08, 3.59885419243e-08, 3.02603915259e-08, 1.61812998556e-08, 7.66360752635e-09, 4.23742729794e-09, 1.05620845403e-08, 1.46402010515e-08, 9.4201002554e-09, 9.65734248126e-09, 7.10317271668e-09, 1.31055086783e-08, 6.843311251e-09, 5.24900167775e-09, 6.96045177051e-09, 6.92597224017e-09, 6.87734447169e-09, 4.40487690767e-09, 2.52940801637e-09, 1.44644773936e-09, 1.12385190043e-09, 1.22421017767e-09, 1.03025121767e-09, 9.04871233498e-10, 3.998517073e-10, 1.78814851814e-10, 1.10909247064e-10, 3.41364471412e-11, 2.25991170222e-11, 5.60669496941e-11, 6.89899387618e-11],
        "max": [0.0524747520685, 0.0507613793015, 0.0133942728862, 0.00800140108913, 0.0051478468813, 0.00695759057999, 0.00798256881535, 0.00772885559127, 0.00847817026079, 0.00568878091872, 0.00330603308976, 0.00393475824967, 0.00272756442428, 0.00267514772713, 0.00166753632948, 0.00298015563749, 0.00233451579697, 0.00341799110174, 0.00274137710221, 0.00289190839976, 0.000957531738095, 0.000915419310331, 0.00145287241321, 0.000946397136431, 0.000830780249089, 0.000787502038293, 0.000706971564796, 0.000606230983976, 0.000630572845694, 0.000284320150968, 0.00034846534254, 0.000285108515527, 0.000240507026319, 0.000156399473781, 0.000155668880325, 0.00013131563901, 5.28603050043e-05, 4.3332180212e-05, 7.87376920925e-05, 7.5112329796e-05],
        "mean": [0.00182382646017, 0.00167562568095, 0.000620077946223, 0.000419532618253, 0.000276278908132, 0.00034169643186, 0.00030638021417, 0.000300545681966, 0.000129488587845, 0.000166644502315, 0.000122128723888, 8.93314063433e-05, 7.40282412153e-05, 4.99201814819e-05, 2.83286353806e-05, 4.39849063696e-05, 4.4491578592e-05, 2.84323068627e-05, 2.4048904379e-05, 2.52341123996e-05, 2.44118218689e-05, 1.95612647076e-05, 2.00777412829e-05, 1.88527246792e-05, 2.10934704228e-05, 1.35718364618e-05, 9.52416576183e-06, 8.52753055369e-06, 5.9274184423e-06, 5.28478540218e-06, 4.31565104009e-06, 3.91376806874e-06, 3.91226558349e-06, 3.03211527353e-06, 2.50696120929e-06, 1.96207861336e-06, 1.45969920595e-06, 1.5689039401e-06, 1.92207335203e-06, 1.75547779691e-06],
        "median": [0.000494381878525, 0.000498894893099, 0.000290678930469, 0.000206998141948, 0.00014692399418, 0.000162297626957, 0.00011655734852, 9.90771659417e-05, 4.51763698948e-05, 4.61218660348e-05, 4.06240324082e-05, 1.80087554327e-05, 2.04253719858e-05, 1.35482041514e-05, 5.61857268622e-06, 7.00351392879e-06, 6.50849506201e-06, 5.48174512005e-06, 4.49357185062e-06, 5.73617217015e-06, 5.07972890773e-06, 4.51574942417e-06, 4.51792584499e-06, 2.64203822553e-06, 2.48732021646e-06, 1.99277246793e-06, 2.17401020564e-06, 1.9778508431e-06, 1.23680547404e-06, 1.25986457533e-06, 9.77809349934e-07, 6.21332787887e-07, 6.50587480777e-07, 4.58426683281e-07, 4.37291419075e-07, 4.32169031228e-07, 3.67103609733e-07, 5.00826331518e-07, 5.03619219216e-07, 3.49853166881e-07],
        "min": [8.22691303749e-25, 1.00904874716e-24, 6.71718314847e-25, 4.01977903973e-25, 8.03013513595e-25, 1.61950846284e-24, 1.27234468213e-24, 1.38910043484e-24, 1.17636910339e-24, 2.22846441243e-24, 2.03853865532e-24, 1.61397549106e-24, 1.64040331746e-24, 2.06221947083e-24, 2.42502665912e-24, 1.5875999267e-24, 1.77052513492e-24, 2.70411085624e-24, 2.09097246475e-24, 3.53986816177e-24, 2.40084866402e-24, 3.54656046326e-24, 2.54759730277e-24, 3.08399609427e-24, 3.61066211713e-24, 3.31271763627e-24, 3.2805705683e-24, 4.10037947291e-24, 3.8997461123e-24, 4.70973389586e-24, 4.10212364437e-24, 4.37326539269e-24, 4.68533679464e-24, 3.91825515572e-24, 3.84646447461e-24, 5.12090910447e-24, 5.49683919113e-24, 5.2958804254e-24, 5.77228969772e-24, 5.77115728789e-24],
        "var": [2.56773346337e-05, 1.84925047506e-05, 9.79873902907e-07, 4.58767573264e-07, 1.53260273805e-07, 2.64711786713e-07, 2.92194783924e-07, 3.16937075695e-07, 8.51796997381e-08, 1.26633551645e-07, 6.04614527333e-08, 4.63935343475e-08, 2.84586558763e-08, 1.44214906683e-08, 6.33280450302e-09, 1.84965855965e-08, 1.71444973773e-08, 8.35437141689e-09, 6.07436678735e-09, 5.45385958617e-09, 3.59297702701e-09, 2.02729810717e-09, 2.38378983219e-09, 2.09672856855e-09, 2.27040164447e-09, 1.62160529449e-09, 9.73724656461e-10, 5.96411808829e-10, 3.38070876849e-10, 2.65293287338e-10, 2.60240079486e-10, 2.13698336804e-10, 1.9035703569e-10, 8.91478071918e-11, 4.42145590973e-11, 2.79049925528e-11, 1.10960511612e-11, 1.12679301653e-11, 2.63155244123e-11, 3.03141643732e-11]
    },
    "mfcc": {
        "mean": [-693.405456543, 117.175987244, 13.2613935471, 15.7476396561, 1.69654285908, -5.62729883194, -2.58424067497, 1.24993610382, 1.51457870007, -0.31426808238, -0.29026901722, 0.481795698404, 1.42125368118],
        "cov": [[20363.9101562, -969.435546875, -117.142524719, 1441.76464844, 639.882873535, 762.011413574, 541.547363281, 530.357666016, 175.146377563, 517.617492676, 428.694519043, 118.600357056, -176.181213379], [-969.435546875, 1842.39575195, 230.145248413, -250.898773193, -39.9850654602, -205.360336304, -214.863464355, -207.721176147, -48.4797668457, -47.0291442871, 17.3648223877, 41.6157569885, -12.9949884415], [-117.142524719, 230.145248413, 906.966186523, -31.9221363068, 175.599380493, -15.1691160202, 119.508331299, -90.8857040405, 71.1425170898, 8.69523620605, 35.4240608215, 8.19836330414, -0.867734313011], [1441.76464844, -250.898773193, -31.9221363068, 277.273712158, 64.1508483887, 90.5269241333, 60.5543708801, 82.9527359009, 18.2787246704, 48.1865997314, 26.8933181763, 1.94618499279, -23.045337677], [639.882873535, -39.9850654602, 175.599380493, 64.1508483887, 218.537582397, 97.7169418335, 114.889457703, 42.9334259033, 22.6962738037, 24.3005809784, 28.8874130249, 6.76857185364, -3.13352584839], [762.011413574, -205.360336304, -15.1691160202, 90.5269241333, 97.7169418335, 190.851470947, 113.781227112, 76.8617019653, -4.20187282562, 29.8923358917, 16.8944911957, 2.34264421463, -9.41229629517], [541.547363281, -214.863464355, 119.508331299, 60.5543708801, 114.889457703, 113.781227112, 220.061828613, 113.570869446, 25.0759735107, -13.00066185, -0.434843748808, -2.24822711945, 17.312412262], [530.357666016, -207.721176147, -90.8857040405, 82.9527359009, 42.9334259033, 76.8617019653, 113.570869446, 200.592163086, 36.3339080811, -18.9425468445, -29.4531974792, -11.5282030106, 12.6479625702], [175.146377563, -48.4797668457, 71.1425170898, 18.2787246704, 22.6962738037, -4.20187282562, 25.0759735107, 36.3339080811, 105.598480225, 34.7476043701, -12.2996759415, -14.3773956299, -1.36742186546], [517.617492676, -47.0291442871, 8.69523620605, 48.1865997314, 24.3005809784, 29.8923358917, -13.00066185, -18.9425468445, 34.7476043701, 123.266891479, 54.2924842834, -3.29389095306, -32.012424469], [428.694519043, 17.3648223877, 35.4240608215, 26.8933181763, 28.8874130249, 16.8944911957, -0.434843748808, -29.4531974792, -12.2996759415, 54.2924842834, 103.32283783, 36.1429672241, -21.228975296], [118.600357056, 41.6157569885, 8.19836330414, 1.94618499279, 6.76857185364, 2.34264421463, -2.24822711945, -11.5282030106, -14.3773956299, -3.29389095306, 36.1429672241, 83.2135925293, 32.5178375244], [-176.181213379, -12.9949884415, -0.867734313011, -23.045337677, -3.13352584839, -9.41229629517, 17.312412262, 12.6479625702, -1.36742186546, -32.012424469, -21.228975296, 32.5178375244, 122.673294067]],
