{
"lowlevel": {
    "average_loudness": 0.245079010725,
    "barkbands_crest": {
        "dmean": 1.5400762558,
        "dmean2": 2.34409403801,
        "dvar": 2.99430084229,
        "dvar2": 7.11972379684,
        "max": 25.4029102325,
        "mean": 10.9214601517,
        "median": 10.2809247971,
        "min": 3.12736606598,
        "var": 14.6018104553
    },
    "barkbands_flatness_db": {
        "dmean": 0.0201060082763,
        "dmean2": 0.0272322241217,
        "dvar": 0.000508938683197,
        "dvar2": 0.000916601682547,
        "max": 0.452493190765,
        "mean": 0.199316173792,
        "median": 0.197029367089,
        "min": 0.0209655724466,
        "var": 0.00390657642856
    },
    "barkbands_kurtosis": {
        "dmean": 2.82487607002,
        "dmean2": 4.28957843781,
        "dvar": 39.1303138733,
        "dvar2": 95.2890853882,
        "max": 208.417373657,
        "mean": 6.4251408577,
        "median": 3.57294154167,
        "min": -1.93206930161,
        "var": 102.142906189
    },
    "barkbands_skewness": {
        "dmean": 0.401714503765,
        "dmean2": 0.59280538559,
        "dvar": 0.275625348091,
        "dvar2": 0.63830447197,
        "max": 12.2935056686,
        "mean": 1.65582478046,
        "median": 1.4826540947,
        "min": -3.23165988922,
        "var": 1.28495585918
    },
    "barkbands_spread": {
        "dmean": 2.66532468796,
        "dmean2": 4.0303144455,
        "dvar": 35.027961731,
        "dvar2": 79.9676895142,
        "max": 122.439254761,
        "mean": 10.924955368,
        "median": 9.07092666626,
        "min": 0.509910881519,
        "var": 77.4864425659
    },
    "dissonance": {
        "dmean": 0.03057728149,
        "dmean2": 0.0507201552391,
        "dvar": 0.000763167568948,
        "dvar2": 0.00200438639149,
        "max": 0.5,
        "mean": 0.392513990402,
        "median": 0.397140145302,
        "min": 0.161276847124,
        "var": 0.0028354357928
    },
    "dynamic_complexity": 5.35165929794,
    "erbbands_crest": {
        "dmean": 1.7721259594,
        "dmean2": 2.5709528923,
        "dvar": 4.29839611053,
        "dvar2": 9.32150554657,
        "max": 31.9467506409,
        "mean": 11.2909498215,
        "median": 10.2868700027,
        "min": 2.3702685833,
        "var": 21.1413574219
    },
    "erbbands_flatness_db": {
        "dmean": 0.0191650018096,
        "dmean2": 0.0250825528055,
        "dvar": 0.000481227820273,
        "dvar2": 0.000839012325741,
        "max": 0.385631352663,
        "mean": 0.199593499303,
        "median": 0.200463205576,
        "min": 0.0450709983706,
        "var": 0.00307478033938
    },
    "erbbands_kurtosis": {
        "dmean": 1.13707911968,
        "dmean2": 1.71131932735,
        "dvar": 3.80462050438,
        "dvar2": 8.69037723541,
        "max": 59.4851112366,
        "mean": 2.42888450623,
        "median": 1.53693914413,
        "min": -1.83735740185,
        "var": 12.1655282974
    },
    "erbbands_skewness": {
        "dmean": 0.27747541666,
        "dmean2": 0.397218555212,
        "dvar": 0.101485796273,
        "dvar2": 0.217593237758,
        "max": 6.94650936127,
        "mean": 0.876316070557,
        "median": 0.798315525055,
        "min": -2.07036399841,
        "var": 0.511502504349
    },
    "erbbands_spread": {
        "dmean": 4.34441328049,
        "dmean2": 6.37522125244,
        "dvar": 61.2377128601,
        "dvar2": 136.271759033,
        "max": 176.631668091,
        "mean": 22.2646331787,
        "median": 19.2009849548,
        "min": 1.05292761326,
        "var": 172.350494385
    },
    "hfc": {
        "dmean": 2.88869929314,
        "dmean2": 3.6903488636,
        "dvar": 65.2856140137,
        "dvar2": 126.277580261,
        "max": 218.808792114,
        "mean": 10.6603937149,
        "median": 5.74944019318,
        "min": 1.22791891439e-16,
        "var": 271.651092529
    },
    "melbands_crest": {
        "dmean": 1.95686256886,
        "dmean2": 3.08006358147,
        "dvar": 5.09250545502,
        "dvar2": 12.7725896835,
        "max": 33.0655937195,
        "mean": 14.6616945267,
        "median": 14.0519065857,
        "min": 2.01355290413,
        "var": 23.936252594
    },
    "melbands_flatness_db": {
        "dmean": 0.0218461286277,
        "dmean2": 0.0299464575946,
        "dvar": 0.000677173316944,
        "dvar2": 0.00124740833417,
        "max": 0.605459034443,
        "mean": 0.293529778719,
        "median": 0.28738796711,
        "min": 0.0041790488176,
        "var": 0.00598027324304
    },
    "melbands_kurtosis": {
        "dmean": 3.91051125526,
        "dmean2": 5.90189695358,
        "dvar": 86.5007705688,
        "dvar2": 220.025405884,
        "max": 412.56842041,
        "mean": 9.85042190552,
        "median": 5.85818052292,
        "min": -1.73321080208,
        "var": 187.988388062
    },
    "melbands_skewness": {
        "dmean": 0.414423882961,
        "dmean2": 0.603976786137,
        "dvar": 0.305851757526,
        "dvar2": 0.686402320862,
        "max": 13.9733076096,
        "mean": 2.07569217682,
        "median": 1.86729931831,
        "min": -2.62194991112,
        "var": 1.52804720402
    },
    "melbands_spread": {
        "dmean": 2.00227117538,
        "dmean2": 2.91103005409,
        "dvar": 11.6090259552,
        "dvar2": 24.1794528961,
        "max": 131.897171021,
        "mean": 11.3375597,
        "median": 10.0286560059,
        "min": 0.651015460491,
        "var": 55.8756637573
    },
    "pitch_salience": {
        "dmean": 0.0442383661866,
        "dmean2": 0.0695647150278,
        "dvar": 0.00220232899301,
        "dvar2": 0.00546087790281,
        "max": 0.880982339382,
        "mean": 0.500368893147,
        "median": 0.497225314379,
        "min": 0.152358844876,
        "var": 0.00883143767715
    },
    "silence_rate_20dB": {
        "dmean": 0,
        "dmean2": 0,
        "dvar": 0,
        "dvar2": 0,
        "max": 1,
        "mean": 1,
        "median": 1,
        "min": 1,
        "var": 0
    },
    "silence_rate_30dB": {
        "dmean": 0.0139676276594,
        "dmean2": 0.0279375519603,
        "dvar": 0.013774250634,
        "dvar2": 0.0307780075818,
        "max": 1,
        "mean": 0.97387444973,
        "median": 1,
        "min": 0,
        "var": 0.0254381913692
    },
    "silence_rate_60dB": {
        "dmean": 0.0218552295119,
        "dmean2": 0.0437140502036,
        "dvar": 0.0213774964213,
        "dvar2": 0.0472237728536,
        "max": 1,
        "mean": 0.172444954515,
        "median": 0,
        "min": 0,
        "var": 0.14270336926
    },
    "spectral_centroid": {
        "dmean": 79.3562469482,
        "dmean2": 115.15222168,
        "dvar": 27097.6171875,
        "dvar2": 47258.9414062,
        "max": 11420.2324219,
        "mean": 629.364013672,
        "median": 566.811218262,
        "min": 150.624572754,
        "var": 99653.109375
    },
    "spectral_complexity": {
        "dmean": 1.23983240128,
        "dmean2": 1.96450293064,
        "dvar": 2.28473067284,
        "dvar2": 4.64537525177,
        "max": 37,
        "mean": 10.3913898468,
        "median": 10,
        "min": 0,
        "var": 30.3273601532
    },
    "spectral_decrease": {
        "dmean": 1.32394029073e-09,
        "dmean2": 1.80630577162e-09,
        "dvar": 8.09622711435e-18,
        "dvar2": 1.57255670212e-17,
        "max": 1.05780340813e-13,
        "mean": -6.3114078408e-09,
        "median": -3.83849174668e-09,
        "min": -7.12682819426e-08,
        "var": 5.32424826699e-17
    },
    "spectral_energy": {
        "dmean": 0.00520376255736,
        "dmean2": 0.00704903062433,
        "dvar": 0.000123625402921,
        "dvar2": 0.000238387161517,
        "max": 0.273260802031,
        "mean": 0.0247875414789,
        "median": 0.0150673603639,
        "min": 1.09265259792e-20,
        "var": 0.00082259462215
    },
    "spectral_energyband_high": {
        "dmean": 0.000137634255225,
        "dmean2": 0.000193032537936,
        "dvar": 4.04328176273e-07,
        "dvar2": 8.43944235385e-07,
        "max": 0.0259228684008,
        "mean": 0.00022707862081,
        "median": 2.49162403634e-05,
        "min": 7.5286530076e-21,
        "var": 7.75986336521e-07
    },
    "spectral_energyband_low": {
        "dmean": 0.00274999928661,
        "dmean2": 0.00440611736849,
        "dvar": 4.67146892333e-05,
        "dvar2": 0.000113051602966,
        "max": 0.161208599806,
        "mean": 0.0104859620333,
        "median": 0.00491825770587,
        "min": 5.05966296931e-23,
        "var": 0.000225867974223
    },
    "spectral_energyband_middle_high": {
        "dmean": 0.000772032130044,
        "dmean2": 0.000952745322138,
        "dvar": 5.03633737026e-06,
        "dvar2": 7.76495380705e-06,
        "max": 0.126521974802,
        "mean": 0.00286991288885,
        "median": 0.00120468053501,
        "min": 1.60279016918e-21,
        "var": 3.21244078805e-05
    },
    "spectral_energyband_middle_low": {
        "dmean": 0.00334076373838,
        "dmean2": 0.00442760111764,
        "dvar": 6.14745513303e-05,
        "dvar2": 0.000117001538456,
        "max": 0.220231935382,
        "mean": 0.0132664078847,
        "median": 0.00742046069354,
        "min": 4.08792062976e-22,
        "var": 0.000318940903526
    },
    "spectral_entropy": {
        "dmean": 0.215896353126,
        "dmean2": 0.300779759884,
        "dvar": 0.0735541060567,
        "dvar2": 0.144033432007,
        "max": 9.8169670105,
        "mean": 6.48567152023,
        "median": 6.45070552826,
        "min": 4.56323337555,
        "var": 0.341055631638
    },
    "spectral_flux": {
        "dmean": 0.0150250876322,
        "dmean2": 0.0227409843355,
        "dvar": 0.000520727713592,
        "dvar2": 0.00114835298155,
        "max": 0.340689569712,
        "mean": 0.0384482815862,
        "median": 0.0271148271859,
        "min": 1.04530023526e-10,
        "var": 0.00142803799827
    },
    "spectral_kurtosis": {
        "dmean": 5.35939407349,
        "dmean2": 8.71050262451,
        "dvar": 43.9249191284,
        "dvar2": 109.443214417,
        "max": 158.681991577,
        "mean": 15.3219966888,
        "median": 11.5885219574,
        "min": -1.20648157597,
        "var": 187.204940796
    },
    "spectral_rms": {
        "dmean": 0.000442810327513,
        "dmean2": 0.00057964323787,
        "dvar": 4.90115837692e-07,
        "dvar2": 8.5451938503e-07,
        "max": 0.0163277648389,
        "mean": 0.00418939860538,
        "median": 0.00383404013701,
        "min": 3.26496945799e-12,
        "var": 6.63197351969e-06
    },
    "spectral_rolloff": {
        "dmean": 200.54725647,
        "dmean2": 353.010009766,
        "dvar": 1008257.625,
        "dvar2": 2453055,
        "max": 19466.015625,
        "mean": 804.42565918,
        "median": 645.99609375,
        "min": 107.666015625,
        "var": 1535560
    },
    "spectral_skewness": {
        "dmean": 0.446157872677,
        "dmean2": 0.713376402855,
        "dvar": 0.217303827405,
        "dvar2": 0.514653265476,
        "max": 10.3750705719,
        "mean": 2.96721816063,
        "median": 2.74989390373,
        "min": -0.0251754969358,
        "var": 1.1824991703
    },
    "spectral_spread": {
        "dmean": 835312.5625,
        "dmean2": 1203401.25,
        "dvar": 1.80566884352e+12,
        "dvar2": 3.45955447603e+12,
        "max": 41150692,
        "mean": 3747236,
        "median": 3141350,
        "min": 588244.4375,
        "var": 4.89664964198e+12
    },
    "spectral_strongpeak": {
        "dmean": 0.244932845235,
        "dmean2": 0.397779464722,
        "dvar": 0.25151142478,
        "dvar2": 0.531723558903,
        "max": 13.256778717,
        "mean": 0.783580780029,
        "median": 0.50296485424,
        "min": 0,
        "var": 0.977739214897
    },
    "zerocrossingrate": {
        "dmean": 0.00656866841018,
        "dmean2": 0.00782786682248,
        "dvar": 0.000126175698824,
        "dvar2": 0.000150623949594,
        "max": 0.517578125,
        "mean": 0.0347515679896,
        "median": 0.02880859375,
        "min": 0.00390625,
        "var": 0.000890770927072
    },
    "barkbands": {
        "dmean": [5.01983340655e-05, 0.001021352713, 0.00155890593305, 0.00153104728088, 0.000737484602723, 0.000808603712358, 0.000643071136437, 0.000216100539546, 0.000431115215179, 0.000426021200838, 0.000280861073406, 0.000210430574953, 7.49290702515e-05, 4.36586378783e-05, 6.45237669232e-05, 2.4064534955e-05, 3.71926653315e-05, 3.01867130474e-05, 4.06720537285e-05, 2.92281529255e-05, 1.53618930199e-05, 1.70936491486e-05, 1.92112402146e-05, 2.79498271993e-05, 2.44445054705e-05, 2.44363327511e-05, 9.17843863135e-06],
        "dmean2": [8.30294957268e-05, 0.00166827253997, 0.00253392383456, 0.00225269491784, 0.00107274390757, 0.00111552944873, 0.000920939957723, 0.000299550767522, 0.000534848077223, 0.000517765525728, 0.000337952078553, 0.000294216297334, 9.69585162238e-05, 6.09678900219e-05, 9.36732758419e-05, 3.68458568119e-05, 5.44616195839e-05, 4.2780127842e-05, 5.74067598791e-05, 4.08457417507e-05, 2.26225583901e-05, 2.5119717975e-05, 2.66507067863e-05, 4.04713464377e-05, 3.72886570403e-05, 3.94122980651e-05, 1.51254944285e-05],
        "dvar": [2.39815367564e-08, 6.82774907546e-06, 1.87053447007e-05, 2.37856402237e-05, 4.53399752587e-06, 4.31508669863e-06, 2.59547846326e-06, 2.99213269273e-07, 2.07451739698e-06, 8.44293936098e-06, 5.80497328428e-07, 3.70657687654e-07, 6.38567101419e-08, 4.95759238106e-08, 5.58366366477e-08, 1.58583439713e-08, 1.83192092607e-08, 2.21536229361e-08, 6.54801297628e-08, 3.20339985649e-08, 4.27155910643e-09, 5.76933567586e-09, 1.36249420635e-08, 4.6597183001e-08, 1.95765927913e-08, 1.26324994909e-08, 1.29487121026e-09],
        "dvar2": [5.68579743288e-08, 1.55556845129e-05, 4.66326710011e-05, 5.14761341037e-05, 9.3001890491e-06, 8.68763436301e-06, 5.40848304809e-06, 6.50548201975e-07, 4.37401467934e-06, 1.32093018692e-05, 1.00782142454e-06, 7.29436465008e-07, 1.01570620359e-07, 8.97125644883e-08, 1.10062892134e-07, 3.49013511425e-08, 3.93285795042e-08, 3.68867105749e-08, 1.31197040787e-07, 5.08827611156e-08, 8.9542986359e-09, 1.22974981309e-08, 2.45387141717e-08, 1.10647107476e-07, 4.81545150421e-08, 3.23590789719e-08, 3.36875127793e-09],
        "max": [0.00262692756951, 0.0701651871204, 0.122278094292, 0.142967790365, 0.0865322202444, 0.095271922648, 0.0582360364497, 0.0180232487619, 0.056450907141, 0.187419757247, 0.0344780832529, 0.0198289919645, 0.0114293480292, 0.0120302354917, 0.00953358598053, 0.00753569044173, 0.00745323207229, 0.00857611652464, 0.015635965392, 0.0132956448942, 0.00352310948074, 0.00338050792925, 0.00593197019771, 0.00957357231528, 0.00696962093934, 0.00447867251933, 0.000558250758331],
        "mean": [5.73499382881e-05, 0.00404423801228, 0.00488861463964, 0.00346453511156, 0.00234630401246, 0.0024905113969, 0.00188771041576, 0.000498365610838, 0.00139973708428, 0.00148486008402, 0.000784844334703, 0.000474844360724, 0.000175183187821, 9.39526653383e-05, 0.000181767623872, 4.98700683238e-05, 7.8907389252e-05, 6.14596137893e-05, 7.57046727813e-05, 6.1933453253e-05, 3.11929179588e-05, 3.06983274641e-05, 3.17635131069e-05, 3.61872953363e-05, 2.73658260994e-05, 2.20101956074e-05, 7.61657065596e-06],
        "median": [1.17791114462e-05, 0.00181356235407, 0.00125270907301, 0.000731579493731, 0.000879180966876, 0.00108468625695, 0.000761034665629, 0.000159279836225, 0.000525923154783, 0.000130794898723, 0.000255015911534, 0.000134635498398, 3.70457491954e-05, 1.14760841825e-05, 4.65250959678e-05, 7.69878352003e-06, 1.45302856254e-05, 9.16283897823e-06, 8.10767232906e-06, 6.62112870486e-06, 4.31930402556e-06, 3.04662944473e-06, 2.57270767179e-06, 1.53363748723e-06, 1.40162433127e-06, 6.64055846755e-07, 1.50881191985e-07],
        "min": [5.69447409144e-24, 3.64830750616e-23, 8.82141340681e-24, 8.50221740759e-24, 1.0232187795e-23, 3.70717735562e-23, 4.85801939343e-23, 1.00609622223e-22, 1.65739120829e-22, 1.06910342626e-22, 1.34049379198e-22, 5.47393863794e-23, 1.42953675064e-22, 9.79156243666e-23, 1.3321497893e-22, 1.57460776624e-22, 1.59390418751e-22, 2.81122056769e-22, 2.41575437226e-22, 2.66915088384e-22, 3.62910069949e-22, 5.14105019067e-22, 6.95196332366e-22, 1.01158716114e-21, 1.09490127307e-21, 1.51999567046e-21, 2.4855169898e-21],
        "var": [2.68050630581e-08, 3.60521225957e-05, 9.94483634713e-05, 7.34776331228e-05, 1.59606461239e-05, 2.09564223042e-05, 1.05229364635e-05, 1.09103336854e-06, 7.8870643847e-06, 5.31540863449e-05, 2.53537427852e-06, 1.09844609142e-06, 2.31650844285e-07, 1.24490668441e-07, 1.90043849102e-07, 3.77010707098e-08, 5.97308371653e-08, 6.86741046252e-08, 1.27164611285e-07, 1.20624633837e-07, 1.0467107181e-08, 1.20451533192e-08, 3.11740251391e-08, 5.51330145981e-08, 1.92683273781e-08, 1.07491588963e-08, 1.00971409012e-09]
    },
    "erbbands": {
        "dmean": [0.0130195906386, 0.291793346405, 1.52504432201, 3.37366008759, 4.41004371643, 1.98869335651, 5.2270655632, 5.8592300415, 8.26077365875, 6.66934347153, 5.71322250366, 10.2643404007, 16.4808940887, 9.68442821503, 6.87913370132, 9.09466171265, 4.20792913437, 2.65122032166, 1.9096467495, 2.98764872551, 1.67420327663, 1.51789987087, 1.79338097572, 2.46046376228, 1.28180992603, 1.16874468327, 0.807285070419, 0.653367757797, 0.633433043957, 0.612814605236, 0.523713231087, 0.496916264296, 0.497636586428, 0.257451504469, 0.190229177475, 0.126637861133, 0.0383670963347, 0.00868682563305, 0.0015252531739, 0.000101365731098],
        "dmean2": [0.0208113528788, 0.478517442942, 2.50632929802, 5.19654750824, 6.11352157593, 2.98284196854, 7.48231363297, 8.07809734344, 12.1643266678, 9.1569480896, 7.38438463211, 12.9094753265, 19.9808654785, 11.7123241425, 8.97525024414, 12.5615720749, 5.445353508, 3.62666296959, 2.68193554878, 4.45637083054, 2.50901293755, 2.17032718658, 2.54095602036, 3.38367056847, 1.85304796696, 1.60982906818, 1.14242684841, 0.954106211662, 0.908660650253, 0.862860918045, 0.739521801472, 0.721346735954, 0.72669762373, 0.384498178959, 0.293881088495, 0.203125849366, 0.0622298941016, 0.0141098713502, 0.0025207393337, 0.000166201294633],
        "dvar": [0.0014361506328, 0.558191716671, 17.5797557831, 88.8593978882, 244.004150391, 25.4324264526, 122.176269531, 501.413085938, 500.489440918, 295.165283203, 153.319793701, 1233.06091309, 13489.1611328, 637.178405762, 874.384033203, 628.187194824, 175.753860474, 143.444656372, 29.2328357697, 143.4947052, 40.2032966614, 31.3367118835, 80.7995986938, 227.484512329, 89.4581451416, 51.1149902344, 17.9503479004, 9.53629684448, 11.3503551483, 14.9128704071, 6.23899030685, 11.8678913116, 16.4259414673, 2.7999124527, 0.810421645641, 0.410325676203, 0.0223755426705, 0.00110914744437, 3.58952092938e-05, 1.62895631206e-07],
        "dvar2": [0.00343468249775, 1.28690493107, 45.1419258118, 220.462554932, 445.333496094, 54.9805755615, 249.63734436, 1053.19848633, 1024.23693848, 646.157287598, 275.530639648, 2481.11865234, 22416.296875, 1082.20251465, 1749.87036133, 1219.49731445, 287.084442139, 252.533798218, 54.8331413269, 288.547546387, 95.1174468994, 59.9224128723, 134.78237915, 431.973449707, 185.640533447, 77.8210601807, 32.3026580811, 19.7965774536, 23.6810703278, 25.6927947998, 12.5267772675, 26.3171596527, 39.886390686, 6.77416181564, 1.87898981571, 1.04597043991, 0.0571301393211, 0.00285395048559, 9.37739387155e-05, 4.22797000965e-07],
        "max": [0.945895791054, 20.2295093536, 111.683456421, 326.754821777, 649.483520508, 222.609176636, 608.421203613, 897.883483887, 702.898193359, 633.165649414, 322.340301514, 1530.71472168, 7163.98681641, 852.413391113, 1889.59875488, 941.615966797, 483.621185303, 670.451782227, 186.105926514, 580.072265625, 277.083496094, 344.104797363, 542.396728516, 1088.23535156, 704.085693359, 567.704040527, 263.604980469, 202.408401489, 201.366516113, 253.413146973, 109.612380981, 143.993377686, 154.308868408, 70.6667404175, 35.2167854309, 22.0681686401, 3.04025793076, 0.813301682472, 0.0867038592696, 0.00581540539861],
        "mean": [0.0632091984153, 1.13674855232, 5.20678424835, 8.61976051331, 10.5481872559, 8.57411766052, 16.5753650665, 16.1223812103, 25.2018909454, 18.8903808594, 15.2939081192, 35.8019104004, 58.8592758179, 28.653711319, 20.0676422119, 21.2298564911, 10.2524557114, 5.93063211441, 5.42289113998, 8.49885463715, 3.97642064095, 3.46628141403, 3.72673988342, 4.96538877487, 2.44561505318, 2.50002503395, 1.6380084753, 1.32342338562, 1.15989518166, 1.04808390141, 0.852884352207, 0.685136973858, 0.62478274107, 0.306478142738, 0.201926082373, 0.117683522403, 0.0338984727859, 0.00759841827676, 0.00127077708021, 0.000108291227662],
        "median": [0.0351947173476, 0.488745331764, 1.75321185589, 2.4529504776, 2.73885035515, 3.09613537788, 8.00181388855, 6.3171710968, 8.35964584351, 8.41141986847, 6.54031038284, 12.8418903351, 7.20130157471, 10.6431922913, 6.39137649536, 6.37376880646, 2.84977412224, 1.42269849777, 1.91839194298, 1.88380134106, 0.96466255188, 0.711570084095, 0.613092899323, 0.534631431103, 0.288277208805, 0.29079669714, 0.208817601204, 0.157195821404, 0.110977217555, 0.0950106233358, 0.074310824275, 0.0362196415663, 0.0243503525853, 0.0149657614529, 0.00914674066007, 0.0037364019081, 0.00102574308403, 0.00019614410121, 3.88276603189e-05, 2.50570265052e-05],
        "min": [1.05568037104e-21, 8.20379475395e-21, 1.29332459505e-20, 1.48363276226e-20, 2.77165637358e-20, 2.7960572323e-20, 2.52791229033e-19, 2.48519616651e-19, 5.95540831223e-19, 1.37012800796e-18, 2.60192019143e-18, 3.16215514465e-18, 3.32583061323e-18, 4.59072625463e-18, 5.31169232703e-18, 2.65345106205e-18, 6.25849607746e-18, 4.62778394607e-18, 8.73662041842e-18, 9.71413118114e-18, 5.63861892053e-18, 8.00811831704e-18, 1.42918181742e-17, 1.68068939139e-17, 9.05099371894e-18, 1.19188686073e-17, 1.19087091751e-17, 1.70200600121e-17, 1.91380758229e-17, 2.12617363141e-17, 1.57155068506e-17, 2.32687147082e-17, 1.54084309374e-17, 9.57408784907e-18, 9.01153720372e-18, 5.97222623825e-18, 2.90660865455e-18, 1.10287298308e-18, 3.46144894261e-19, 3.91630987459e-20],
        "var": [0.00660124793649, 2.93531990051, 86.9892807007, 277.600921631, 677.540161133, 229.099075317, 861.345031738, 1324.03515625, 2417.34716797, 1065.49182129, 645.516540527, 5598.90917969, 81209.015625, 2814.72387695, 2952.02392578, 1965.14111328, 631.497131348, 365.786102295, 109.756462097, 500.937164307, 106.768280029, 114.081672668, 247.250045776, 570.521362305, 158.49041748, 192.725387573, 55.4288063049, 23.8406181335, 22.9577255249, 35.2241592407, 12.6661510468, 16.1201877594, 18.1819000244, 2.95725178719, 0.924769639969, 0.353714823723, 0.0189545769244, 0.000913294614293, 2.76883620245e-05, 1.2886373213e-07]
    },
    "gfcc": {
        "mean": [-89.9309768677, 130.252639771, -92.4445571899, 1.0021417141, -57.7382278442, 6.61471319199, -28.0752105713, 2.65505623817, -19.9587268829, -3.13886022568, -13.8291721344, 0.561075806618, -7.25369644165],
        "cov": [[19579.7890625, 688.645202637, -98.1501693726, 1650.29956055, 446.171295166, 934.776794434, 317.739959717, 664.987854004, -175.444046021, -209.088317871, -281.770599365, -355.112854004, -299.152038574], [688.645202637, 1972.45703125, -146.174468994, 280.813934326, 359.016967773, -67.4567337036, 262.706451416, -89.6653289795, 177.08782959, -185.847717285, 47.146774292, -163.704421997, 59.169757843], [-98.1501693726, -146.174468994, 1091.08508301, -41.9564247131, 241.531280518, 46.7983512878, -11.1308450699, 127.353157043, -83.1590881348, 57.7562942505, -101.605888367, 8.0790643692, -68.8447265625], [1650.29956055, 280.813934326, -41.9564247131, 602.704833984, 138.560577393, 147.487167358, 102.998962402, 54.8685455322, 38.9414176941, -79.5798950195, -25.2418136597, -125.349845886, -41.4049949646], [446.171295166, 359.016967773, 241.531280518, 138.560577393, 358.463470459, 59.1068382263, 88.6617355347, 48.4201850891, 2.03936624527, -35.298614502, -48.0205307007, -66.947303772, -32.3372116089], [934.776794434, -67.4567337036, 46.7983512878, 147.487167358, 59.1068382263, 198.363174438, 38.233997345, 52.2266044617, -6.48495149612, -2.0072722435, -28.4927577972, -33.4363288879, -31.7302761078], [317.739959717, 262.706451416, -11.1308450699, 102.998962402, 88.6617355347, 38.233997345, 161.137191772, 29.0234966278, 16.9894866943, -29.9106349945, 1.67385137081, -36.2193145752, -9.88039875031], [664.987854004, -89.6653289795, 127.353157043, 54.8685455322, 48.4201850891, 52.2266044617, 29.0234966278, 150.272033691, -15.9200325012, -4.55341100693, -33.2325515747, 0.419835031033, -20.3818626404], [-175.444046021, 177.08782959, -83.1590881348, 38.9414176941, 2.03936624527, -6.48495149612, 16.9894866943, -15.9200325012, 116.290489197, 13.9332199097, 19.0190868378, -17.0131340027, 18.4130840302], [-209.088317871, -185.847717285, 57.7562942505, -79.5798950195, -35.298614502, -2.0072722435, -29.9106349945, -4.55341100693, 13.9332199097, 127.306808472, 28.6343002319, 34.7553062439, 1.3457839489], [-281.770599365, 47.146774292, -101.605888367, -25.2418136597, -48.0205307007, -28.4927577972, 1.67385137081, -33.2325515747, 19.0190868378, 28.6343002319, 106.669204712, 37.1264190674, 5.96262645721], [-355.112854004, -163.704421997, 8.0790643692, -125.349845886, -66.947303772, -33.4363288879, -36.2193145752, 0.419835031033, -17.0131340027, 34.7553062439, 37.1264190674, 124.533668518, 27.4828739166], [-299.152038574, 59.169757843, -68.8447265625, -41.4049949646, -32.3372116089, -31.7302761078, -9.88039875031, -20.3818626404, 18.4130840302, 1.3457839489, 5.96262645721, 27.4828739166, 98.7972869873]],
        "icov": [[0.000100376790215, -0.000134269022965, 9.29693196667e-05, -0.000188840334886, 9.28114313865e-05, -0.000297171442071, 0.000154408728122, -0.000387200969271, 0.000342827348504, -0.000217831184273, 0.000218541681534, -6.85098493705e-05, 0.000185432072612], [-0.000134269022965, 0.00151398277376, -0.000201549308258, 0.000238127904595, -0.00120680872351, 0.001055119792, -0.00146886333823, 0.00126545585226, -0.00193880137522, 0.00190050911624, -0.00143390672747, 0.000946304819081, -0.00113714311738], [9.29693196667e-05, -0.000201549308258, 0.00157589558512, -5.64237234357e-05, -0.000911004142836, -0.00012441513536, 0.000573880737647, -0.00113294797484, 0.00108188879676, -0.00132041948382, 0.00133320968598, -0.000582246226259, 0.000860078725964], [-0.000188840334886, 0.000238127904595, -5.64237234357e-05, 0.00319386878982, -0.000525663082954, -0.00104043481406, -0.000642902276013, 0.000105161081592, -0.00135452230461, 0.00163100811187, -0.00126395642292, 0.00202930462547, -0.000222004920943], [9.28114313865e-05, -0.00120680872351, -0.000911004142836, -0.000525663082954, 0.0054273637943, -0.00104171037674, -0.00066292664269, -0.000866116490215, 0.00106921885163, -0.000792014528997, 0.00153752346523, 0.000351799884811, 0.000966418359894], [-0.000297171442071, 0.001055119792, -0.00012441513536, -0.00104043481406, -0.00104171037674, 0.0083092674613, -0.0017227436183, 0.000182844916708, -0.00102594064083, -0.000174065949977, 0.000279930391116, 0.000452904001577, 0.000189360187505], [0.000154408728122, -0.00146886333823, 0.000573880737647, -0.000642902276013, -0.00066292664269, -0.0017227436183, 0.00987655017525, -0.00278597092256, 0.0012305296259, -0.000626179680694, -0.000494578271173, 0.000184561518836, 0.000878115941305], [-0.000387200969271, 0.00126545585226, -0.00113294797484, 0.000105161081592, -0.000866116490215, 0.000182844916708, -0.00278597092256, 0.0107994358987, -0.00196442217566, 0.0017137149116, 0.000845943170134, -0.00146789103746, -0.00025111346622], [0.000342827348504, -0.00193880137522, 0.00108188879676, -0.00135452230461, 0.00106921885163, -0.00102594064083, 0.0012305296259, -0.00196442217566, 0.0134507725015, -0.00495251547545, 0.000738265691325, 0.000786654069088, -0.000579071813263], [-0.000217831184273, 0.00190050911624, -0.00132041948382, 0.00163100811187, -0.000792014528997, -0.000174065949977, -0.000626179680694, 0.0017137149116, -0.00495251547545, 0.0131450034678, -0.00482855411246, 0.000281551008811, -0.001101532951], [0.000218541681534, -0.00143390672747, 0.00133320968598, -0.00126395642292, 0.00153752346523, 0.000279930391116, -0.000494578271173, 0.000845943170134, 0.000738265691325, -0.00482855411246, 0.0155898528174, -0.00577813899145, 0.0032326397486], [-6.85098493705e-05, 0.000946304819081, -0.000582246226259, 0.00202930462547, 0.000351799884811, 0.000452904001577, 0.000184561518836, -0.00146789103746, 0.000786654069088, 0.000281551008811, -0.00577813899145, 0.0141847562045, -0.00410077208653], [0.000185432072612, -0.00113714311738, 0.000860078725964, -0.000222004920943, 0.000966418359894, 0.000189360187505, 0.000878115941305, -0.00025111346622, -0.000579071813263, -0.001101532951, 0.0032326397486, -0.00410077208653, 0.0133522413671]]
    },
    "melbands": {
        "dmean": [0.000190332502825, 0.000653815513942, 0.000640382349957, 0.000205537988222, 0.00014719615865, 0.000138651725138, 0.000129494044813, 6.44422107143e-05, 5.18660708622e-05, 6.87616120558e-05, 8.08768163552e-05, 3.60993035429e-05, 2.55033301073e-05, 1.94916283363e-05, 2.29562465393e-05, 6.79124241287e-06, 5.11685175297e-06, 2.4036457944e-06, 5.68390487388e-06, 2.70388500212e-06, 2.13013572647e-06, 1.95097891265e-06, 1.55303882821e-06, 1.48595131577e-06, 2.21157324631e-06, 1.08324172743e-06, 7.22951995158e-07, 9.52578147917e-07, 6.6505384666e-07, 4.47059790076e-07, 3.59527291494e-07, 3.70144249473e-07, 3.72714595187e-07, 3.68037092358e-07, 3.10291028427e-07, 3.28313575437e-07, 3.0972893228e-07, 4.10697083453e-07, 2.57235427625e-07, 2.10491336361e-07],
        "dmean2": [0.000308077782393, 0.00107392971404, 0.00093885906972, 0.000288082519546, 0.000210735495784, 0.000190293721971, 0.0001893282315, 8.80940060597e-05, 6.53846364003e-05, 8.73932149261e-05, 9.82137789833e-05, 4.39008326794e-05, 3.19153041346e-05, 2.75310248981e-05, 3.05790854327e-05, 8.90493538463e-06, 7.15673695595e-06, 3.39173152497e-06, 8.23888785817e-06, 4.13318366554e-06, 3.19278433381e-06, 2.82809196506e-06, 2.2329506919e-06, 2.10051462091e-06, 3.06908918901e-06, 1.57696899805e-06, 1.06567460989e-06, 1.3297943724e-06, 9.50445837589e-07, 6.64752519697e-07, 5.35262131507e-07, 5.35043398031e-07, 5.73726026687e-07, 5.07301990638e-07, 4.51101129784e-07, 4.87269176119e-07, 4.55782270592e-07, 6.03358500939e-07, 3.88467043422e-07, 3.18646101505e-07],
        "dvar": [2.51248962968e-07, 2.91741002911e-06, 3.45122521139e-06, 3.90910344095e-07, 9.04024517467e-08, 2.03589095804e-07, 1.0831340802e-07, 2.84954353447e-08, 1.32802373543e-08, 6.22055651434e-08, 3.30675675286e-07, 8.43177172527e-09, 6.92757540222e-09, 3.72245967384e-09, 6.45498721141e-09, 8.30090218784e-10, 7.18201553784e-10, 4.82171837179e-11, 5.0524817663e-10, 1.54704013489e-10, 6.13941675276e-11, 5.32926723584e-11, 6.46480508015e-11, 4.21837009768e-11, 1.96073268732e-10, 1.37114541943e-10, 1.49041595038e-11, 4.39226294224e-11, 1.76481364245e-11, 4.03402224819e-12, 2.68592808585e-12, 5.21489622318e-12, 2.94452353125e-12, 1.0628191903e-11, 2.185724041e-12, 6.67813981198e-12, 6.40602891913e-12, 1.35051900219e-11, 7.00169262846e-12, 1.71033597441e-12],
        "dvar2": [5.72363774154e-07, 7.3159085332e-06, 7.44680710341e-06, 7.41210556043e-07, 1.86184109907e-07, 4.24792403919e-07, 2.27256578e-07, 6.29645739991e-08, 2.17732569752e-08, 1.2951565509e-07, 5.45948580566e-07, 1.47908991721e-08, 1.32839304001e-08, 7.64849961143e-09, 1.12219229464e-08, 1.31307764661e-09, 1.2814163064e-09, 9.4153337904e-11, 1.00375285861e-09, 3.28648552816e-10, 1.56792606676e-10, 1.11262936364e-10, 1.05802866468e-10, 7.14779208044e-11, 3.78667291967e-10, 2.81672768443e-10, 2.64338620437e-11, 6.82052053724e-11, 3.10191490549e-11, 8.61691100418e-12, 5.85710299705e-12, 1.09145895447e-11, 6.99698632367e-12, 1.76957112158e-11, 4.56175331884e-12, 1.53922933427e-11, 1.48220134083e-11, 3.30682634053e-11, 1.79837672531e-11, 4.04593893111e-12],
        "max": [0.0116147873923, 0.0406249016523, 0.0582270808518, 0.0254114884883, 0.0159487780184, 0.0190986730158, 0.010876246728, 0.00553134270012, 0.00366628472693, 0.010661335662, 0.0357246920466, 0.00251522613689, 0.00482972990721, 0.00272132037207, 0.00318557559513, 0.00159283203539, 0.0014817758929, 0.00022290070774, 0.0010203984566, 0.000638839206658, 0.00030096777482, 0.000504545285366, 0.000529707758687, 0.000346344022546, 0.00102646590676, 0.000994591740891, 0.000230216173804, 0.000552826269995, 0.000296045822324, 8.81371888681e-05, 9.22272593016e-05, 0.000136279384606, 7.37514637876e-05, 0.000228070421144, 7.32793851057e-05, 0.000156774462084, 0.000132102970383, 0.000175147550181, 0.00017658235447, 6.1999708123e-05],
        "mean": [0.000852790952194, 0.00235961191356, 0.00167443021201, 0.000649556226563, 0.000501767441165, 0.000411015294958, 0.000387679057894, 0.000176609013579, 0.000133397537866, 0.000236725289142, 0.000284695706796, 0.00010380603635, 7.23591147107e-05, 4.91539612995e-05, 4.92083272547e-05, 1.61967400345e-05, 1.04127038867e-05, 6.54689847579e-06, 1.52004195115e-05, 6.62202364765e-06, 4.57068790638e-06, 4.19159096054e-06, 3.02330681734e-06, 3.09708912027e-06, 4.30307363786e-06, 1.82529402082e-06, 1.4669903976e-06, 1.88843739579e-06, 1.2515730532e-06, 8.66466734806e-07, 6.73960528275e-07, 6.48828461181e-07, 6.16340571469e-07, 5.97140910941e-07, 4.95154608871e-07, 4.60804272961e-07, 4.08659758477e-07, 5.13808629421e-07, 2.92299546345e-07, 2.45760901407e-07],
        "median": [0.00045507636969, 0.000945767271332, 0.000490816950332, 0.000220675749006, 0.0002718801843, 0.000167941907421, 0.000146357080666, 7.15080241207e-05, 4.87932848046e-05, 7.93298167991e-05, 2.76193859463e-05, 3.88265252695e-05, 2.38695392909e-05, 1.66723057191e-05, 1.00409924926e-05, 2.70923965218e-06, 1.57034855874e-06, 2.03395848075e-06, 3.48644334736e-06, 9.68380390987e-07, 9.46577529248e-07, 7.86901296124e-07, 4.35514209585e-07, 4.61830808263e-07, 4.03770286539e-07, 1.82658254744e-07, 1.57311006888e-07, 1.79956032298e-07, 1.23272400288e-07, 1.17512726661e-07, 6.75922819937e-08, 5.13836937444e-08, 5.79038825776e-08, 4.1020307151e-08, 4.39845635469e-08, 2.65766573193e-08, 1.69381291215e-08, 1.77412911029e-08, 1.10156674893e-08, 1.17331477867e-08],
        "min": [1.04119194971e-23, 8.2119118613e-24, 3.5146853551e-24, 1.37531430166e-24, 6.6746081282e-24, 6.16490064265e-24, 9.24498280353e-24, 1.63210682788e-23, 2.38604754296e-23, 2.07709868912e-23, 1.55778871532e-23, 1.69759285375e-23, 1.95689080221e-23, 6.54842745983e-24, 9.5829718361e-24, 1.46954736555e-23, 7.0101043603e-24, 1.43476017735e-23, 1.05513561841e-23, 1.34075509426e-23, 5.60533675346e-24, 8.83817196788e-24, 7.44688323289e-24, 1.76230863583e-23, 1.36160216363e-23, 6.95720255914e-24, 7.10698515693e-24, 8.26604034117e-24, 6.94942991264e-24, 8.60301568747e-24, 1.0422213343e-23, 1.15558072527e-23, 9.95974837051e-24, 1.23945233783e-23, 6.78636526378e-24, 1.15694411357e-23, 1.7226737396e-23, 1.21571235774e-23, 7.36347144735e-24, 7.90845837031e-24],
        "var": [1.25793110328e-06, 1.41789087138e-05, 1.10168293759e-05, 1.37979520787e-06, 6.33578110865e-07, 6.57122143366e-07, 4.86313581405e-07, 1.04251277833e-07, 6.44338840061e-08, 2.66066592758e-07, 1.99614032681e-06, 3.40347199312e-08, 2.6524311636e-08, 1.10614433169e-08, 2.00899670233e-08, 3.18093773544e-09, 1.7464294455e-09, 1.93761451328e-10, 1.54510881867e-09, 4.35423475054e-10, 1.45394987716e-10, 1.72669781251e-10, 2.16373960416e-10, 1.33427754956e-10, 4.78504236234e-10, 2.06166347883e-10, 5.54377724282e-11, 1.57169471882e-10, 5.62950346061e-11, 9.10119809377e-12, 6.273651737e-12, 1.03563919593e-11, 5.10324898659e-12, 2.53211913243e-11, 4.4227638045e-12, 9.05707713689e-12, 8.09840649402e-12, 1.47000103062e-11, 5.9850865583e-12, 1.8906393378e-12]
    },
    "mfcc": {
        "mean": [-743.341369629, 170.368362427, 18.0804824829, 8.59470844269, -6.16163635254, 0.701088249683, -0.630056619644, 5.28879451752, 0.18204843998, -2.78402280807, -5.93263053894, -0.929259300232, 1.74026548862],
        "cov": [[13426.6738281, 716.33380127, -37.1065940857, 870.780639648, 414.608551025, 472.973022461, 459.661071777, 577.143310547, 284.398254395, 336.793243408, 6.77680540085, -139.74458313, -159.93309021], [716.33380127, 2013.28466797, 31.8498535156, 271.51159668, 162.581726074, 111.254737854, 80.9590759277, 114.453834534, 95.1274642944, 50.9090042114, -14.6836833954, -57.6422691345, -12.0230989456], [-37.1065940857, 31.8498535156, 522.917602539, 38.9844970703, 121.651130676, 17.8973770142, 48.1491470337, 1.18774402142, 34.33644104, 8.47095394135, 31.6281356812, 15.7523803711, -16.3695602417], [870.780639648, 271.51159668, 38.9844970703, 381.237365723, 144.761962891, 113.135147095, 92.9086456299, 87.8436431885, 60.7884101868, 75.1510543823, 12.4479103088, -33.0876655579, -31.756275177], [414.608551025, 162.581726074, 121.651130676, 144.761962891, 266.918273926, 81.1396102905, 72.5927200317, 54.0185470581, 60.558429718, 58.7680397034, 6.8905582428, -34.3822669983, -23.1642780304], [472.973022461, 111.254737854, 17.8973770142, 113.135147095, 81.1396102905, 179.203399658, 59.4470252991, 36.8189544678, 36.7175216675, 50.7413482666, 7.5060749054, -9.54699516296, -4.04857063293], [459.661071777, 80.9590759277, 48.1491470337, 92.9086456299, 72.5927200317, 59.4470252991, 161.929275513, 67.9475402832, 29.8821868896, 30.6373500824, 10.8975934982, -12.6901531219, -23.5969963074], [577.143310547, 114.453834534, 1.18774402142, 87.8436431885, 54.0185470581, 36.8189544678, 67.9475402832, 152.936431885, 43.4338035583, 12.970741272, 12.1643829346, -17.4194145203, -25.9458694458], [284.398254395, 95.1274642944, 34.33644104, 60.7884101868, 60.558429718, 36.7175216675, 29.8821868896, 43.4338035583, 129.345336914, 43.8677558899, -19.7325744629, -7.31125974655, -17.5768718719], [336.793243408, 50.9090042114, 8.47095394135, 75.1510543823, 58.7680397034, 50.7413482666, 30.6373500824, 12.970741272, 43.8677558899, 134.468795776, 5.81317281723, -31.598192215, -13.7212896347], [6.77680540085, -14.6836833954, 31.6281356812, 12.4479103088, 6.8905582428, 7.5060749054, 10.8975934982, 12.1643829346, -19.7325744629, 5.81317281723, 108.857322693, 15.9800872803, -12.336148262], [-139.74458313, -57.6422691345, 15.7523803711, -33.0876655579, -34.3822669983, -9.54699516296, -12.6901531219, -17.4194145203, -7.31125974655, -31.598192215, 15.9800872803, 123.956970215, 38.5297698975], [-159.93309021, -12.0230989456, -16.3695602417, -31.756275177, -23.1642780304, -4.04857063293, -23.5969963074, -25.9458694458, -17.5768718719, -13.7212896347, -12.336148262, 38.5297698975, 117.511459351]],
