{
"lowlevel": {
    "average_loudness": 0.87726444006,
    "barkbands_crest": {
        "dmean": 2.46146082878,
        "dmean2": 3.983314991,
        "dvar": 7.29688596725,
        "dvar2": 19.164226532,
        "max": 25.9132137299,
        "mean": 12.8731822968,
        "median": 12.5475254059,
        "min": 3.62515377998,
        "var": 18.6463661194
    },
    "barkbands_flatness_db": {
        "dmean": 0.0266221091151,
        "dmean2": 0.0389353111386,
        "dvar": 0.000883887812961,
        "dvar2": 0.00204111565836,
        "max": 0.410235434771,
        "mean": 0.192175671458,
        "median": 0.192519754171,
        "min": 0.0354924760759,
        "var": 0.00326088373549
    },
    "barkbands_kurtosis": {
        "dmean": 5.20234251022,
        "dmean2": 8.31460666656,
        "dvar": 150.181777954,
        "dvar2": 387.17980957,
        "max": 297.352813721,
        "mean": 8.1807641983,
        "median": 4.40487098694,
        "min": -1.93659234047,
        "var": 188.001068115
    },
    "barkbands_skewness": {
        "dmean": 0.676232039928,
        "dmean2": 1.00240731239,
        "dvar": 0.822734594345,
        "dvar2": 1.85890316963,
        "max": 15.3063011169,
        "mean": 1.90999686718,
        "median": 1.81450271606,
        "min": -3.4215939045,
        "var": 2.41764307022
    },
    "barkbands_spread": {
        "dmean": 4.85700941086,
        "dmean2": 7.20018100739,
        "dvar": 51.6438941956,
        "dvar2": 105.66847229,
        "max": 114.896957397,
        "mean": 15.1127901077,
        "median": 11.8183288574,
        "min": 0.73946839571,
        "var": 145.338653564
    },
    "dissonance": {
        "dmean": 0.0326263941824,
        "dmean2": 0.0541214048862,
        "dvar": 0.000929470988922,
        "dvar2": 0.00249239942059,
        "max": 0.5,
        "mean": 0.413910776377,
        "median": 0.418358176947,
        "min": 0.188324511051,
        "var": 0.0020912035834
    },
    "dynamic_complexity": 4.6090054512,
    "erbbands_crest": {
        "dmean": 2.82455849648,
        "dmean2": 4.25683784485,
        "dvar": 8.93166828156,
        "dvar2": 19.6291866302,
        "max": 34.2325782776,
        "mean": 12.4603757858,
        "median": 11.3121643066,
        "min": 2.46421575546,
        "var": 35.1463394165
    },
    "erbbands_flatness_db": {
        "dmean": 0.0249635148793,
        "dmean2": 0.0331781469285,
        "dvar": 0.000770594400819,
        "dvar2": 0.00139425962698,
        "max": 0.373260706663,
        "mean": 0.174707382917,
        "median": 0.174571186304,
        "min": 0.0328535474837,
        "var": 0.00333201000467
    },
    "erbbands_kurtosis": {
        "dmean": 1.85567593575,
        "dmean2": 2.76337456703,
        "dvar": 10.0811710358,
        "dvar2": 20.6121501923,
        "max": 101.814201355,
        "mean": 2.80713653564,
        "median": 1.43559265137,
        "min": -1.86046171188,
        "var": 25.5964355469
    },
    "erbbands_skewness": {
        "dmean": 0.437026023865,
        "dmean2": 0.64311414957,
        "dvar": 0.233813792467,
        "dvar2": 0.48738861084,
        "max": 8.96173191071,
        "mean": 0.690250337124,
        "median": 0.663747787476,
        "min": -6.28568935394,
        "var": 1.0871732235
    },
    "erbbands_spread": {
        "dmean": 8.83075332642,
        "dmean2": 12.9409246445,
        "dvar": 178.144683838,
        "dvar2": 369.982086182,
        "max": 170.469589233,
        "mean": 30.2627315521,
        "median": 24.1603164673,
        "min": 1.24095714092,
        "var": 502.103668213
    },
    "hfc": {
        "dmean": 4.6718249321,
        "dmean2": 6.0559668541,
        "dvar": 65.7464294434,
        "dvar2": 108.032348633,
        "max": 133.296234131,
        "mean": 13.3572711945,
        "median": 5.62223720551,
        "min": 1.08412600569e-16,
        "var": 326.336486816
    },
    "melbands_crest": {
        "dmean": 2.53953647614,
        "dmean2": 4.0640501976,
        "dvar": 7.75689315796,
        "dvar2": 19.3466529846,
        "max": 35.9848632812,
        "mean": 15.4059877396,
        "median": 15.2999753952,
        "min": 1.53658676147,
        "var": 22.7440357208
    },
    "melbands_flatness_db": {
        "dmean": 0.0304382126778,
        "dmean2": 0.0441846773028,
        "dvar": 0.00125436950475,
        "dvar2": 0.00268761184998,
        "max": 0.549901306629,
        "mean": 0.282997876406,
        "median": 0.284251153469,
        "min": 0.00294195325114,
        "var": 0.00630914419889
    },
    "melbands_kurtosis": {
        "dmean": 9.48523902893,
        "dmean2": 14.8346261978,
        "dvar": 439.437591553,
        "dvar2": 1070.76501465,
        "max": 509.805419922,
        "mean": 16.6241035461,
        "median": 8.92032623291,
        "min": -1.92506074905,
        "var": 651.748596191
    },
    "melbands_skewness": {
        "dmean": 0.824990868568,
        "dmean2": 1.22804129124,
        "dvar": 1.19830977917,
        "dvar2": 2.57797455788,
        "max": 18.3695240021,
        "mean": 2.63457012177,
        "median": 2.3736872673,
        "min": -2.59185194969,
        "var": 3.45800948143
    },
    "melbands_spread": {
        "dmean": 4.4026222229,
        "dmean2": 6.45903491974,
        "dvar": 51.4577980042,
        "dvar2": 109.075508118,
        "max": 203.130142212,
        "mean": 16.1275005341,
        "median": 10.8432235718,
        "min": 0.544312298298,
        "var": 336.274353027
    },
    "pitch_salience": {
        "dmean": 0.0591835342348,
        "dmean2": 0.095304466784,
        "dvar": 0.00433343742043,
        "dvar2": 0.0105987861753,
        "max": 0.951156198978,
        "mean": 0.455242365599,
        "median": 0.440052211285,
        "min": 0.109799690545,
        "var": 0.0128658525646
    },
    "silence_rate_20dB": {
        "dmean": 0,
        "dmean2": 0,
        "dvar": 0,
        "dvar2": 0,
        "max": 1,
        "mean": 1,
        "median": 1,
        "min": 1,
        "var": 0
    },
    "silence_rate_30dB": {
        "dmean": 0.0104911774397,
        "dmean2": 0.0209843572229,
        "dvar": 0.0103796981275,
        "dvar2": 0.0268365424126,
        "max": 1,
        "mean": 0.992180049419,
        "median": 1,
        "min": 0,
        "var": 0.00775868911296
    },
    "silence_rate_60dB": {
        "dmean": 0.0385312363505,
        "dmean2": 0.0770698189735,
        "dvar": 0.0370472334325,
        "dvar2": 0.0800958499312,
        "max": 1,
        "mean": 0.137612059712,
        "median": 0,
        "min": 0,
        "var": 0.118678316474
    },
    "spectral_centroid": {
        "dmean": 167.124633789,
        "dmean2": 241.946914673,
        "dvar": 70630.3828125,
        "dvar2": 132860.78125,
        "max": 11800.4257812,
        "mean": 951.94744873,
        "median": 716.138549805,
        "min": 173.911865234,
        "var": 1096931
    },
    "spectral_complexity": {
        "dmean": 1.43557465076,
        "dmean2": 2.15146899223,
        "dvar": 2.48087453842,
        "dvar2": 4.55960559845,
        "max": 33,
        "mean": 9.08315849304,
        "median": 9,
        "min": 0,
        "var": 18.663110733
    },
    "spectral_decrease": {
        "dmean": 2.11698281127e-09,
        "dmean2": 3.33227756499e-09,
        "dvar": 2.27992103012e-17,
        "dvar2": 5.88640054215e-17,
        "max": 3.81272690616e-18,
        "mean": -5.97899907362e-09,
        "median": -4.57750459759e-09,
        "min": -5.60198927246e-08,
        "var": 3.59686453002e-17
    },
    "spectral_energy": {
        "dmean": 0.00831250753254,
        "dmean2": 0.0129716601223,
        "dvar": 0.000335724733304,
        "dvar2": 0.000858126964886,
        "max": 0.220686107874,
        "mean": 0.0237776860595,
        "median": 0.0179315172136,
        "min": 1.0006783533e-20,
        "var": 0.000567208102439
    },
    "spectral_energyband_high": {
        "dmean": 0.000165546531207,
        "dmean2": 0.000230224584811,
        "dvar": 1.3636623919e-07,
        "dvar2": 2.52219052754e-07,
        "max": 0.00857386458665,
        "mean": 0.000261503446382,
        "median": 4.38525858044e-05,
        "min": 6.98023710824e-21,
        "var": 2.8955011544e-07
    },
    "spectral_energyband_low": {
        "dmean": 0.00569436978549,
        "dmean2": 0.00979425664991,
        "dvar": 0.000288400973659,
        "dvar2": 0.000786669610534,
        "max": 0.165205881,
        "mean": 0.0116221290082,
        "median": 0.00958281569183,
        "min": 3.16661767783e-23,
        "var": 0.000253752456047
    },
    "spectral_energyband_middle_high": {
        "dmean": 0.00201498065144,
        "dmean2": 0.00242374883965,
        "dvar": 2.86876274913e-05,
        "dvar2": 4.80201488244e-05,
        "max": 0.117861613631,
        "mean": 0.00533791817725,
        "median": 0.000819437147584,
        "min": 1.22615258157e-21,
        "var": 0.000129164851387
    },
    "spectral_energyband_middle_low": {
        "dmean": 0.00238496623933,
        "dmean2": 0.00350185902789,
        "dvar": 2.38730444835e-05,
        "dvar2": 5.1925493608e-05,
        "max": 0.0764333754778,
        "mean": 0.00701294420287,
        "median": 0.00446329265833,
        "min": 1.80002937686e-22,
        "var": 6.74703915138e-05
    },
    "spectral_entropy": {
        "dmean": 0.256436824799,
        "dmean2": 0.353059232235,
        "dvar": 0.0837767720222,
        "dvar2": 0.166656881571,
        "max": 9.82809734344,
        "mean": 6.97412109375,
        "median": 6.86396741867,
        "min": 5.50638484955,
        "var": 0.393789201975
    },
    "spectral_flux": {
        "dmean": 0.0279874037951,
        "dmean2": 0.0433000214398,
        "dvar": 0.00163298274856,
        "dvar2": 0.00351914810017,
        "max": 0.404723465443,
        "mean": 0.0612555481493,
        "median": 0.0411228872836,
        "min": 6.12544737155e-11,
        "var": 0.00358955492266
    },
    "spectral_kurtosis": {
        "dmean": 2.76745820045,
        "dmean2": 4.33389663696,
        "dvar": 12.2730855942,
        "dvar2": 29.4420127869,
        "max": 64.1626739502,
        "mean": 7.9316649437,
        "median": 6.91975355148,
        "min": -1.4118796587,
        "var": 32.7331466675
    },
    "spectral_rms": {
        "dmean": 0.000717412505765,
        "dmean2": 0.00105949479621,
        "dvar": 1.51552762873e-06,
        "dvar2": 3.40013184541e-06,
        "max": 0.0146732246503,
        "mean": 0.00425326125696,
        "median": 0.00418260227889,
        "min": 3.12453448531e-12,
        "var": 5.10747622684e-06
    },
    "spectral_rolloff": {
        "dmean": 271.367584229,
        "dmean2": 462.373901367,
        "dvar": 628314.1875,
        "dvar2": 1377722.875,
        "max": 19552.1484375,
        "mean": 1038.4666748,
        "median": 581.396484375,
        "min": 21.533203125,
        "var": 4708549.5
    },
    "spectral_skewness": {
        "dmean": 0.337532758713,
        "dmean2": 0.512326002121,
        "dvar": 0.137650161982,
        "dvar2": 0.309107154608,
        "max": 6.12064266205,
        "mean": 2.20483732224,
        "median": 2.21163702011,
        "min": -0.172723993659,
        "var": 0.520046174526
    },
    "spectral_spread": {
        "dmean": 937997.3125,
        "dmean2": 1214184.125,
        "dvar": 1.73312298189e+12,
        "dvar2": 2.77286223872e+12,
        "max": 43108836,
        "mean": 5203541.5,
        "median": 4215368.5,
        "min": 1239371.375,
        "var": 1.59529272607e+13
    },
    "spectral_strongpeak": {
        "dmean": 0.511918604374,
        "dmean2": 0.837280154228,
        "dvar": 1.24691689014,
        "dvar2": 2.69854998589,
        "max": 14.4569644928,
        "mean": 1.0148307085,
        "median": 0.296321570873,
        "min": 0,
        "var": 3.19581198692
    },
    "zerocrossingrate": {
        "dmean": 0.0107528055087,
        "dmean2": 0.012065586634,
        "dvar": 0.000225218173,
        "dvar2": 0.000255320075667,
        "max": 0.52490234375,
        "mean": 0.0470470115542,
        "median": 0.03466796875,
        "min": 0.0029296875,
        "var": 0.00343313906342
    },
    "barkbands": {
        "dmean": [0.000227218362852, 0.00500728935003, 0.00080715684453, 0.000258027605014, 0.000410517968703, 0.000723831413779, 0.000837890256662, 0.000510728918016, 0.000523063295987, 0.000491604267154, 0.000752330524847, 0.000706612481736, 0.000345474138157, 0.000182676041732, 0.000180258401087, 9.56741132541e-05, 0.000104174192529, 5.99979575782e-05, 0.000136476242915, 3.5690558434e-05, 2.23843489948e-05, 2.65242124442e-05, 2.67941777565e-05, 2.7786460123e-05, 3.19299797411e-05, 2.6798734325e-05, 2.44726888923e-05],
        "dmean2": [0.000357470446033, 0.00879911985248, 0.00137079006527, 0.00042435323121, 0.000639689504169, 0.0010918333428, 0.00127507233992, 0.000771609484218, 0.000765278877225, 0.000665670260787, 0.00100275222212, 0.000921398634091, 0.000444780627731, 0.000264343543677, 0.000255291641224, 0.000136295668199, 0.000146888094605, 8.51970253279e-05, 0.000186464443686, 5.29107674083e-05, 3.31619739882e-05, 4.34787543782e-05, 3.91401445086e-05, 3.94616690755e-05, 4.44367833552e-05, 3.81034042221e-05, 3.8294303522e-05],
        "dvar": [6.4116483145e-07, 0.000239876724663, 4.52087942904e-06, 1.99809221613e-07, 7.77799584739e-07, 3.99352256863e-06, 7.98106157163e-06, 5.63936009712e-06, 6.21590606897e-06, 5.50838240088e-06, 9.82163692242e-06, 1.0414373719e-05, 3.61016236639e-06, 1.13878138563e-06, 5.84185499974e-07, 1.85871812164e-07, 2.30405362345e-07, 4.89245515212e-08, 1.8897456755e-07, 1.16470060263e-08, 3.66478114522e-09, 9.61221768847e-09, 8.54593373845e-09, 6.25636653595e-09, 7.90250975768e-09, 5.63107205309e-09, 6.52440235172e-09],
        "dvar2": [1.55658563017e-06, 0.000676745548844, 1.21344119179e-05, 5.00480780374e-07, 1.71240731106e-06, 8.85027839104e-06, 1.71059946297e-05, 1.29872314574e-05, 1.46731808854e-05, 1.14365839181e-05, 1.92136049009e-05, 1.88058747881e-05, 5.35086610398e-06, 2.38165989686e-06, 1.08017434286e-06, 3.49586997572e-07, 4.1155379904e-07, 1.01889980897e-07, 3.35234432214e-07, 2.33543246964e-08, 7.5067854155e-09, 2.34535786348e-08, 1.69725957733e-08, 1.22961685278e-08, 1.55864334772e-08, 1.14643334825e-08, 1.49224348434e-08],
        "max": [0.0121608823538, 0.14736109972, 0.0286591090262, 0.00648579932749, 0.0241647772491, 0.0609055012465, 0.0738871619105, 0.0628671050072, 0.0648097321391, 0.0742707252502, 0.0974198207259, 0.10141723603, 0.0738927200437, 0.0568903945386, 0.021729066968, 0.0211349185556, 0.0206669159234, 0.00548185734078, 0.0111315008253, 0.00258300057612, 0.00184284278657, 0.00312284938991, 0.00466401875019, 0.0048427246511, 0.00221700803377, 0.0010169603629, 0.000638944038656],
        "mean": [0.000314877630444, 0.00876900553703, 0.00216869660653, 0.000676267140079, 0.001083923853, 0.00173948740121, 0.00161429634318, 0.000845803355332, 0.000871004594956, 0.00086657673819, 0.0013757153647, 0.00126007688232, 0.00064904865576, 0.000262604065938, 0.000296351994621, 0.000141269163578, 0.000165049350471, 0.000108486572572, 0.000272449949989, 5.36723964615e-05, 3.68473301933e-05, 2.81988177449e-05, 3.99624514102e-05, 4.50889019703e-05, 4.27653321822e-05, 2.95121499221e-05, 2.06323311431e-05],
        "median": [1.80472270586e-05, 0.00690397340804, 0.00140294758603, 0.000481610477436, 0.000634227821138, 0.000752340070903, 0.000444369157776, 0.000149245170178, 0.000115250586532, 3.97587427869e-05, 5.68671603105e-05, 3.81282661692e-05, 3.34064789058e-05, 2.53477992374e-05, 2.61367240455e-05, 1.55949182954e-05, 1.32736731757e-05, 1.24996859086e-05, 9.73607529886e-06, 7.02366196492e-06, 6.72384157951e-06, 3.03861543216e-06, 5.61037359148e-06, 7.06116088622e-06, 4.48736909675e-06, 1.64660320934e-06, 4.79952859678e-07],
        "min": [1.20012190246e-24, 3.16999810459e-24, 1.55705247143e-24, 1.01023992713e-24, 1.06772000089e-23, 7.54072928162e-24, 1.13792964697e-23, 1.39607775177e-23, 1.57803183278e-23, 1.03001308071e-23, 1.62874249389e-23, 1.68777374429e-23, 2.71729260364e-23, 3.19544707293e-23, 5.94733343608e-23, 5.09774633392e-23, 5.34231624927e-23, 7.64009956549e-23, 1.43620445545e-22, 1.0725598992e-22, 2.35366685383e-22, 2.87863245546e-22, 3.6980307343e-22, 4.34732434869e-22, 8.86163376405e-22, 1.13192699608e-21, 1.89479774913e-21],
        "var": [6.56089753193e-07, 0.000182721472811, 6.62607726554e-06, 5.47262573036e-07, 2.27114196605e-06, 1.03632391983e-05, 1.93469331862e-05, 1.03016509456e-05, 9.67361029325e-06, 1.11765466499e-05, 2.68589956249e-05, 2.70781074505e-05, 1.32995055537e-05, 2.04197885978e-06, 1.36953781293e-06, 4.19462452328e-07, 6.23681387424e-07, 1.37218265195e-07, 6.33657350591e-07, 2.28543814984e-08, 9.15655640199e-09, 1.34905286941e-08, 1.5835846412e-08, 1.53211043852e-08, 1.5328719627e-08, 7.42540473553e-09, 6.20763929149e-09]
    },
    "erbbands": {
        "dmean": [0.159663528204, 1.0771484375, 1.24442899227, 0.774954378605, 0.879333674908, 1.45609605312, 3.34453868866, 7.43690919876, 10.3768854141, 12.6969804764, 10.5180807114, 11.6263475418, 11.8315725327, 25.8007411957, 27.3608551025, 23.0621967316, 16.2407073975, 9.11437988281, 9.79461288452, 6.01700210571, 5.65201425552, 5.38870334625, 2.77266454697, 6.6242609024, 4.69802331924, 1.53982841969, 1.00266242027, 0.729963898659, 0.844991266727, 0.960285604, 0.791343212128, 0.605140030384, 0.482709825039, 0.383963406086, 0.220664933324, 0.127066090703, 0.044506650418, 0.0183856263757, 0.0040089301765, 0.000256411207374],
        "dmean2": [0.280561447144, 1.90640366077, 2.16268897057, 1.24315619469, 1.43555772305, 2.24661540985, 5.01502943039, 11.252779007, 15.5098705292, 19.4482555389, 15.5232572556, 17.2724380493, 15.9175987244, 33.4187545776, 34.6848831177, 28.7487449646, 20.1298217773, 12.5772275925, 13.9222431183, 8.44194984436, 7.94412612915, 7.61562347412, 3.65734648705, 9.05243301392, 6.25800037384, 2.25981616974, 1.46582448483, 1.09958314896, 1.33767127991, 1.56966638565, 1.14118421078, 0.882181584835, 0.680484652519, 0.546985507011, 0.308591514826, 0.179335176945, 0.0641792342067, 0.0275100618601, 0.00632701907307, 0.00039806382847],
        "dvar": [0.248521864414, 11.4103298187, 12.464682579, 2.19211196899, 2.61058235168, 13.7954845428, 58.0363388062, 481.323028564, 1247.92443848, 2236.10327148, 2541.62963867, 3885.51757812, 2539.24560547, 14091.5849609, 12224.5595703, 10983.2880859, 6869.19921875, 2307.21459961, 2283.9699707, 616.014648438, 595.469177246, 736.295349121, 114.975379944, 513.221862793, 230.419021606, 17.9768924713, 7.7960152626, 4.55619382858, 8.88210201263, 13.2584943771, 8.17957115173, 2.94305467606, 2.33587145805, 1.28635036945, 0.441277265549, 0.128246203065, 0.0159691479057, 0.00345043488778, 0.000178481175681, 7.04664273599e-07],
        "dvar2": [0.703630924225, 32.4953308105, 34.0967407227, 5.25712108612, 6.70845746994, 31.3740520477, 115.974975586, 1045.79870605, 2615.76171875, 5296.77050781, 5799.60693359, 9265.89160156, 4770.09472656, 29611.15625, 23641.96875, 18771.2363281, 9490.98632812, 4055.29956055, 4899.48486328, 1113.7043457, 1091.34069824, 1435.36535645, 220.537597656, 935.222351074, 392.723327637, 34.1824455261, 16.7309379578, 8.87710762024, 20.1892642975, 33.1998786926, 15.9292354584, 6.71503543854, 4.85893821716, 2.73281288147, 0.846195876598, 0.262553066015, 0.0330177806318, 0.00750019121915, 0.00041196483653, 1.62424987593e-06],
        "max": [5.40861749649, 32.9015007019, 45.6240539551, 21.3678665161, 30.4104747772, 107.036315918, 280.190643311, 686.068786621, 1010.01623535, 1198.80517578, 1658.94372559, 1966.33056641, 2464.45556641, 3679.46240234, 3030.08496094, 4154.40576172, 3118.73974609, 3394.37792969, 1772.40893555, 847.389282227, 818.923461914, 1124.90771484, 373.715148926, 669.077819824, 481.937347412, 127.403404236, 69.6943588257, 82.4252624512, 102.082832336, 131.91758728, 161.13218689, 93.9308013916, 91.2902984619, 41.6958656311, 20.2778644562, 8.63049697876, 1.39264798164, 0.516263246536, 0.129154354334, 0.00722295837477],
        "mean": [0.24896043539, 1.93257904053, 3.00114631653, 2.36697936058, 2.53007292747, 3.38632011414, 8.25847911835, 16.8426990509, 20.8298110962, 23.435377121, 17.6600284576, 19.2225055695, 22.1806583405, 49.4910163879, 54.5814781189, 43.2596969604, 31.2195663452, 16.2934055328, 15.9478931427, 10.6400241852, 9.16600513458, 9.06088733673, 6.02784347534, 13.0526762009, 9.39957714081, 2.57943463326, 1.74430954456, 1.10317635536, 0.962905883789, 1.08288860321, 1.20683515072, 0.968927204609, 0.725545883179, 0.518867075443, 0.28449934721, 0.144254595041, 0.0480064488947, 0.0170540884137, 0.003360143397, 0.000236549021793],
        "median": [0.144229650497, 1.53242993355, 2.06490182877, 1.82286906242, 1.72434866428, 1.77389156818, 3.76523351669, 7.02238512039, 6.29085540771, 6.52906799316, 3.81106233597, 2.96142196655, 2.81221294403, 3.43413615227, 3.26931190491, 1.93064415455, 2.02022504807, 2.01171135902, 1.53559648991, 1.53829622269, 1.15857207775, 0.808421254158, 0.742214798927, 0.656453192234, 0.444446086884, 0.31804805994, 0.338656753302, 0.176900550723, 0.116128601134, 0.125665143132, 0.17025090754, 0.182137429714, 0.0865922048688, 0.056148648262, 0.026296172291, 0.00943771004677, 0.00253595295362, 0.000580419087783, 9.12199029699e-05, 3.05614739773e-05],
        "min": [1.00392382552e-22, 3.65111509368e-22, 3.13787108158e-21, 6.76473232487e-21, 1.84001286631e-20, 3.78396550022e-20, 3.65560580997e-20, 6.54695037142e-20, 1.1686200899e-19, 1.41753010995e-19, 3.3388406133e-19, 3.68624664781e-19, 4.6022685261e-19, 5.78907521574e-19, 8.70569647801e-19, 8.3240730835e-19, 1.52333984858e-18, 2.1760061348e-18, 2.60105371974e-18, 3.16211730114e-18, 3.44007273443e-18, 3.61135309476e-18, 4.30100004122e-18, 5.11589329937e-18, 7.40721709696e-18, 5.93152440262e-18, 9.17742579403e-18, 1.15440780349e-17, 1.08294849755e-17, 1.16988799234e-17, 9.15617221537e-18, 8.89360192789e-18, 9.27236627602e-18, 8.59455959284e-18, 6.73248793925e-18, 3.74799423297e-18, 1.92318954751e-18, 8.9009441898e-19, 2.4642005131e-19, 2.78304367794e-20],
        "var": [0.1944693923, 8.39441585541, 13.8891019821, 5.57727193832, 8.83124065399, 30.2903194427, 212.401733398, 1184.14013672, 3129.90234375, 4050.38134766, 4298.98583984, 5733.44873047, 5654.92871094, 31911.0253906, 37196.3164062, 31399.9101562, 26469.4414062, 5621.02490234, 4415.82128906, 1610.12512207, 1380.0111084, 1837.31030273, 429.443786621, 1680.92297363, 755.805969238, 41.7683410645, 18.0559177399, 10.2954292297, 13.6440906525, 18.1971626282, 15.4232711792, 6.12465906143, 4.95972824097, 2.37672710419, 0.791824758053, 0.185680016875, 0.0201084893197, 0.00362209975719, 0.000166560857906, 6.63496791731e-07]
    },
    "gfcc": {
        "mean": [-78.0989303589, 108.063217163, -83.8380813599, 15.6592407227, -47.9049377441, 13.9493055344, -30.9644584656, 12.6106309891, -15.2974863052, 4.60071706772, -2.44585943222, 1.95853424072, -6.73450708389],
        "cov": [[24673.6582031, 1009.61468506, -943.372314453, 491.125640869, -435.817932129, 312.983154297, -367.444915771, 405.633056641, -495.247741699, -12.2426319122, 108.92401886, -101.491645813, -188.823455811], [1009.61468506, 1929.74682617, -213.510894775, 115.176528931, 251.765075684, 72.6314468384, 161.668807983, 12.332657814, 70.8015060425, -125.90019989, 55.1904640198, -165.352783203, 36.3769569397], [-943.372314453, -213.510894775, 1308.8807373, 209.781402588, 107.867225647, 132.080337524, 16.8383712769, -13.0726633072, 141.473556519, 66.8371963501, -173.265716553, 73.2152709961, -72.0268707275], [491.125640869, 115.176528931, 209.781402588, 425.902954102, 59.5719299316, 11.4657878876, 30.8839569092, 60.1566505432, 71.4046554565, -27.1259899139, -12.004989624, -20.6687393188, -29.5957431793], [-435.817932129, 251.765075684, 107.867225647, 59.5719299316, 394.294708252, 157.682830811, 149.838134766, 22.8915405273, -10.7869720459, -28.6263713837, 7.06257247925, -46.1469078064, -15.8740520477], [312.983154297, 72.6314468384, 132.080337524, 11.4657878876, 157.682830811, 299.919799805, 113.023857117, 7.60756206512, -71.1298370361, 7.95649576187, 5.91169834137, -14.038435936, -13.8611917496], [-367.444915771, 161.668807983, 16.8383712769, 30.8839569092, 149.838134766, 113.023857117, 264.496429443, 26.788564682, -28.0678920746, -34.6142120361, 11.6837358475, -27.8205318451, 8.38549900055], [405.633056641, 12.332657814, -13.0726633072, 60.1566505432, 22.8915405273, 7.60756206512, 26.788564682, 157.986755371, 26.8776683807, -20.0758113861, 1.69435870647, -17.2585086823, -2.68514657021], [-495.247741699, 70.8015060425, 141.473556519, 71.4046554565, -10.7869720459, -71.1298370361, -28.0678920746, 26.8776683807, 199.119369507, 30.5787830353, -57.2634010315, -3.62074923515, -8.4173374176], [-12.2426319122, -125.90019989, 66.8371963501, -27.1259899139, -28.6263713837, 7.95649576187, -34.6142120361, -20.0758113861, 30.5787830353, 114.710655212, 10.0941934586, 2.94270348549, -20.0261917114], [108.92401886, 55.1904640198, -173.265716553, -12.004989624, 7.06257247925, 5.91169834137, 11.6837358475, 1.69435870647, -57.2634010315, 10.0941934586, 155.567672729, 4.32806968689, -9.20114135742], [-101.491645813, -165.352783203, 73.2152709961, -20.6687393188, -46.1469078064, -14.038435936, -27.8205318451, -17.2585086823, -3.62074923515, 2.94270348549, 4.32806968689, 133.923980713, 9.84838199615], [-188.823455811, 36.3769569397, -72.0268707275, -29.5957431793, -15.8740520477, -13.8611917496, 8.38549900055, -2.68514657021, -8.4173374176, -20.0261917114, -9.20114135742, 9.84838199615, 94.3853302002]],
        "icov": [[6.25872853561e-05, -7.29130624677e-05, 6.1957995058e-05, -0.000118512980407, 0.000111764093162, -0.000104923274193, 0.000133039924549, -0.000210704718484, 0.000269323354587, -0.000154048204422, 0.00015392556088, -7.30515603209e-05, 0.000162965880008], [-7.29130624677e-05, 0.000841571192723, 1.24298821902e-05, 7.72473649704e-05, -0.000382322061341, -0.000107537678559, -0.000254456448602, 0.000616403995082, -0.0010769541841, 0.00111061753705, -0.000716274196748, 0.000878780439962, -0.000498377135955], [6.1957995058e-05, 1.24298821902e-05, 0.00136662297882, -0.000677185191307, -0.000154794004629, -0.00068756157998, 0.000119668373372, 8.75600453583e-05, -0.000268006202532, -0.000755806919187, 0.00147479295265, -0.000981354503892, 0.000876464997418], [-0.000118512980407, 7.72473649704e-05, -0.000677185191307, 0.00326464674436, -0.00026398935006, 0.000223381983233, -0.000307105685351, -0.00039909032057, -0.00144468795042, 0.00150202377699, -0.00104713311885, 0.000639096309897, 0.000265464390395], [0.000111764093162, -0.000382322061341, -0.000154794004629, -0.00026398935006, 0.00424124626443, -0.00168646511156, -0.00109336792957, -0.000381925987313, 6.14428136032e-05, 0.000513173174113, -0.000160274445079, 0.000604690576438, 0.000757591507863], [-0.000104923274193, -0.000107537678559, -0.00068756157998, 0.000223381983233, -0.00168646511156, 0.00583452591673, -0.00156165799126, -0.000253230624367, 0.00233488692902, -0.00167064822745, 0.000304990098812, -3.62229111488e-05, -3.10881332553e-05], [0.000133039924549, -0.000254456448602, 0.000119668373372, -0.000307105685351, -0.00109336792957, -0.00156165799126, 0.00573480920866, -0.000921949686017, 0.000615768774878, 0.000761596136726, -5.82118991588e-05, 0.000237366533838, -0.000403643149184], [-0.000210704718484, 0.000616403995082, 8.75600453583e-05, -0.00039909032057, -0.000381925987313, -0.000253230624367, -0.000921949686017, 0.00807975418866, -0.00268668239005, 0.00227163522504, -0.0011937324889, 0.00113624194637, -0.000499615853187], [0.000269323354587, -0.0010769541841, -0.000268006202532, -0.00144468795042, 6.14428136032e-05, 0.00233488692902, 0.000615768774878, -0.00268668239005, 0.00984301045537, -0.00453586317599, 0.00367238372564, -0.000973017944489, 0.000893372634891], [-0.000154048204422, 0.00111061753705, -0.000755806919187, 0.00150202377699, 0.000513173174113, -0.00167064822745, 0.000761596136726, 0.00227163522504, -0.00453586317599, 0.0132064856589, -0.0035863572266, 0.00199378933758, 0.000835830287542], [0.00015392556088, -0.000716274196748, 0.00147479295265, -0.00104713311885, -0.000160274445079, 0.000304990098812, -5.82118991588e-05, -0.0011937324889, 0.00367238372564, -0.0035863572266, 0.00992194097489, -0.00222440552898, 0.00213604560122], [-7.30515603209e-05, 0.000878780439962, -0.000981354503892, 0.000639096309897, 0.000604690576438, -3.62229111488e-05, 0.000237366533838, 0.00113624194637, -0.000973017944489, 0.00199378933758, -0.00222440552898, 0.00966724287719, -0.00181499833707], [0.000162965880008, -0.000498377135955, 0.000876464997418, 0.000265464390395, 0.000757591507863, -3.10881332553e-05, -0.000403643149184, -0.000499615853187, 0.000893372634891, 0.000835830287542, 0.00213604560122, -0.00181499833707, 0.0126641755924]]
    },
    "melbands": {
        "dmean": [0.0014064477291, 0.000926653563511, 0.000134866335429, 7.20650932635e-05, 0.000109214466647, 0.000156307971338, 0.000165897363331, 0.000133888257551, 8.45908361953e-05, 7.53112035454e-05, 5.92764517933e-05, 0.000101603312942, 9.47259104578e-05, 8.46440234454e-05, 4.5472614147e-05, 3.2023544918e-05, 1.67002926901e-05, 1.69181093952e-05, 1.31459155455e-05, 6.1755954448e-06, 7.59232989367e-06, 6.8825352173e-06, 3.20234062201e-06, 2.76986929748e-06, 6.30078238828e-06, 5.17360467711e-06, 2.07444850275e-06, 8.98250959835e-07, 6.60606360725e-07, 6.47631168249e-07, 3.75329051394e-07, 4.09277674862e-07, 6.78419041833e-07, 4.9933498758e-07, 4.89621299948e-07, 4.33613621453e-07, 3.68866892586e-07, 3.39520937587e-07, 3.65568411098e-07, 3.26878023316e-07],
        "dmean2": [0.00245809648186, 0.00161509600002, 0.00021769781597, 0.000113710906589, 0.000165313773323, 0.000235815576161, 0.000248959288001, 0.000206590193557, 0.00012506605708, 0.000110373817733, 8.03145376267e-05, 0.000132719855173, 0.000121015531477, 0.000105040016933, 5.76080492465e-05, 4.20616197516e-05, 2.34461604123e-05, 2.46345807682e-05, 1.84140044439e-05, 8.71174597705e-06, 1.06919942482e-05, 9.84923372016e-06, 4.41328347733e-06, 3.82235975849e-06, 8.75699879543e-06, 7.01990938978e-06, 2.88933756565e-06, 1.37224628816e-06, 9.90726334749e-07, 9.63072693594e-07, 5.76573881972e-07, 6.32012699953e-07, 1.15470584205e-06, 7.96952122073e-07, 7.12732628472e-07, 6.27873873782e-07, 5.54112489226e-07, 4.89306330564e-07, 5.21409504017e-07, 4.75741614991e-07],
        "dvar": [1.89692382264e-05, 7.63318985264e-06, 5.98424207965e-08, 2.23586908987e-08, 5.7087547134e-08, 2.07606518643e-07, 3.00878582493e-07, 2.57830095052e-07, 1.69171556763e-07, 1.45618741954e-07, 6.64662138661e-08, 2.26872572284e-07, 1.42846261042e-07, 1.45844111898e-07, 5.45050973244e-08, 2.71585545164e-08, 1.02152490911e-08, 9.04486352482e-09, 3.18384740794e-09, 8.87711126829e-10, 1.24493704234e-09, 1.28722088544e-09, 2.64519350868e-10, 1.13989373496e-10, 5.0502446669e-10, 3.17664311522e-10, 4.61510621386e-11, 7.07408220543e-12, 4.42232058265e-12, 4.26848443744e-12, 1.22325467897e-12, 2.13183702462e-12, 7.46271620888e-12, 3.20844848085e-12, 3.72847672875e-12, 1.77608611412e-12, 1.15502052367e-12, 1.42098290599e-12, 1.17805906089e-12, 1.0234958497e-12],
        "dvar2": [5.33621569048e-05, 2.12533632293e-05, 1.44118686762e-07, 5.16980520615e-08, 1.1767897945e-07, 4.53761515473e-07, 6.33687136542e-07, 6.14632142515e-07, 3.91881201267e-07, 3.36663106282e-07, 1.25456068645e-07, 4.7891290933e-07, 2.71824944775e-07, 2.62516380189e-07, 8.3558056474e-08, 4.24714201586e-08, 1.85669097874e-08, 2.06151522519e-08, 5.7324864855e-09, 1.6392828206e-09, 2.2209047934e-09, 2.39394748469e-09, 5.01886032733e-10, 2.32480382167e-10, 9.4274343887e-10, 5.52305590151e-10, 8.72310904065e-11, 1.4403164425e-11, 1.02052559112e-11, 9.43268206599e-12, 2.49834159437e-12, 4.66852034461e-12, 1.95924838853e-11, 7.74423580818e-12, 7.3127285477e-12, 3.90734580108e-12, 2.6864753911e-12, 3.14066329367e-12, 2.54269131791e-12, 2.20922845989e-12],
        "max": [0.0431510284543, 0.0318150743842, 0.00346884550527, 0.00368942832574, 0.00779624003917, 0.0142238978297, 0.0154837416485, 0.0133902644739, 0.0126507775858, 0.0120212938637, 0.0124716376886, 0.0151499928907, 0.0119156641886, 0.0125057091936, 0.0088148843497, 0.00655141845345, 0.00742042157799, 0.00403505098075, 0.00170455127954, 0.00209013931453, 0.00131433771458, 0.00164487597067, 0.000943306251429, 0.000330218841555, 0.000646225060336, 0.000630597351119, 0.000177192807314, 0.000101359197288, 6.91670284141e-05, 6.18189369561e-05, 4.00891658501e-05, 5.47322742932e-05, 7.64617798268e-05, 7.24458441255e-05, 0.000119790383906, 4.14468013332e-05, 5.91491661908e-05, 8.08412296465e-05, 4.33390123362e-05, 3.78436052415e-05],
        "mean": [0.00236518518068, 0.00198834971525, 0.000429149717093, 0.000193354586372, 0.00026811636053, 0.000361391808838, 0.000335558259394, 0.000244942930294, 0.000133940891828, 0.000126455153804, 0.000106897299702, 0.000191466926481, 0.000183667332749, 0.000156064998009, 8.20162895252e-05, 5.84001245443e-05, 2.60571341641e-05, 2.48386804742e-05, 2.13409384742e-05, 9.49393506744e-06, 1.10940845843e-05, 1.05846420411e-05, 5.66288326809e-06, 4.93251263833e-06, 1.14543681775e-05, 9.6017620308e-06, 3.37515734827e-06, 1.2513735328e-06, 1.03766171833e-06, 1.02032402083e-06, 4.87946692829e-07, 4.75069640515e-07, 6.5741517119e-07, 5.86109138112e-07, 7.07721653725e-07, 6.73695296882e-07, 5.59128636723e-07, 4.96852692322e-07, 5.04193337747e-07, 4.11804222722e-07],
        "median": [0.00170692219399, 0.00164321286138, 0.000367510481738, 0.000128075902467, 0.000127878185594, 0.000151218133396, 0.000103580030554, 6.3149673224e-05, 2.35775587498e-05, 1.61824336828e-05, 1.01020013972e-05, 9.48716660787e-06, 9.44702514971e-06, 4.53071515949e-06, 2.35051356867e-06, 4.14700480178e-06, 2.60262095253e-06, 1.59003820954e-06, 1.98808629648e-06, 1.17119168408e-06, 1.14128442874e-06, 7.76435513217e-07, 4.78773131363e-07, 6.56121187603e-07, 4.66156450329e-07, 3.41074041899e-07, 2.7993323215e-07, 1.55148171643e-07, 2.00327136213e-07, 1.44393339951e-07, 6.67598740733e-08, 5.76521657081e-08, 5.78266821094e-08, 7.03623541654e-08, 8.59765521e-08, 1.25651823168e-07, 9.35486781373e-08, 5.87912509786e-08, 4.92180163292e-08, 4.01072952627e-08],
        "min": [1.29401045107e-24, 8.27292828017e-25, 1.73466332095e-24, 1.88208209705e-24, 1.46870221942e-24, 1.54669620686e-24, 2.02036763879e-24, 1.57048982949e-24, 2.57878511588e-24, 2.0247714548e-24, 2.23810587041e-24, 1.49566400604e-24, 2.29061245226e-24, 1.94634014259e-24, 1.39849024619e-24, 3.78225001364e-24, 3.58570847454e-24, 3.58773150834e-24, 3.67814443441e-24, 4.61864333827e-24, 2.6391793207e-24, 2.96350094365e-24, 4.32941182611e-24, 3.38384133548e-24, 3.9065382047e-24, 4.19301225357e-24, 3.4959124377e-24, 3.8164810549e-24, 4.96269200588e-24, 4.4963458377e-24, 6.01170819359e-24, 5.12981494966e-24, 4.82308137502e-24, 6.21436419356e-24, 4.29575389229e-24, 5.48011810096e-24, 3.50565210887e-24, 4.77994488301e-24, 6.45608103568e-24, 6.88271910133e-24],
        "var": [1.47814871525e-05, 6.59242641632e-06, 1.53823179971e-07, 5.88856750028e-08, 1.97588093442e-07, 5.24877918906e-07, 7.66800610563e-07, 4.66941116883e-07, 2.68217291932e-07, 2.39060511831e-07, 1.46447220573e-07, 5.04249271671e-07, 4.3065838895e-07, 3.99224660441e-07, 1.95995681906e-07, 9.17878324458e-08, 2.20913030091e-08, 1.48845780146e-08, 7.63908580836e-09, 2.10052930605e-09, 2.80213674486e-09, 3.09792347331e-09, 6.68472388554e-10, 2.7416155457e-10, 1.52365986494e-09, 9.45118205919e-10, 1.12432327337e-10, 1.28994618806e-11, 7.73634715318e-12, 8.83421721193e-12, 2.45528597453e-12, 3.34961073635e-12, 8.84584419603e-12, 4.6517728905e-12, 6.74250455815e-12, 3.29546351145e-12, 2.36202832467e-12, 2.68167172496e-12, 2.30143573469e-12, 1.7474311928e-12]
    },
    "mfcc": {
        "mean": [-729.422668457, 147.06803894, 23.8157196045, 15.7111415863, 10.3442201614, 0.223477452993, 3.88816046715, 5.08332967758, -3.02443671227, 7.74022340775, -0.378791093826, 5.4685716629, 5.2601647377],
        "cov": [[10644.8496094, 213.938705444, -245.97253418, 250.498382568, 188.461273193, -233.907531738, 353.840240479, 103.343826294, -192.966171265, 166.759216309, -58.4986419678, -87.3686218262, 72.4614257812], [213.938705444, 1652.29907227, -36.6044273376, 77.0656738281, 139.292526245, 123.995635986, 135.795425415, 86.1754150391, 74.8669891357, 82.0386276245, 9.99974346161, 65.0210037231, -44.8062133789], [-245.97253418, -36.6044273376, 863.45904541, 148.826721191, 121.046409607, 167.749420166, -103.555809021, 52.522026062, 110.169967651, 14.4414176941, 28.0857143402, 32.7710456848, 33.5648498535], [250.498382568, 77.0656738281, 148.826721191, 366.623626709, 96.6990280151, 13.0227689743, -17.3452243805, 81.9015197754, 45.7901268005, 45.0312309265, 20.3775367737, 32.5529136658, -3.00982642174], [188.461273193, 139.292526245, 121.046409607, 96.6990280151, 265.471710205, 66.4286499023, 63.7297515869, 53.8038024902, 36.5239677429, 27.5315036774, 30.3386001587, 25.4405670166, 5.45607423782], [-233.907531738, 123.995635986, 167.749420166, 13.0227689743, 66.4286499023, 290.225311279, 99.3500823975, 40.6051597595, 57.3594856262, -4.68185806274, 27.9275474548, 6.82040691376, 8.68869972229], [353.840240479, 135.795425415, -103.555809021, -17.3452243805, 63.7297515869, 99.3500823975, 365.086578369, 71.4009475708, -6.76252317429, 7.20743227005, 5.54203128815, -5.32949447632, 18.5362644196], [103.343826294, 86.1754150391, 52.522026062, 81.9015197754, 53.8038024902, 40.6051597595, 71.4009475708, 172.681396484, 58.049785614, -5.99773788452, 1.45616090298, 7.6858382225, 15.2350101471], [-192.966171265, 74.8669891357, 110.169967651, 45.7901268005, 36.5239677429, 57.3594856262, -6.76252317429, 58.049785614, 171.390060425, 41.7456741333, 10.9044446945, -18.9306049347, -21.0578155518], [166.759216309, 82.0386276245, 14.4414176941, 45.0312309265, 27.5315036774, -4.68185806274, 7.20743227005, -5.99773788452, 41.7456741333, 150.770095825, 24.1014251709, -15.8239374161, -37.2791862488], [-58.4986419678, 9.99974346161, 28.0857143402, 20.3775367737, 30.3386001587, 27.9275474548, 5.54203128815, 1.45616090298, 10.9044446945, 24.1014251709, 121.529472351, 34.17237854, -6.94788408279], [-87.3686218262, 65.0210037231, 32.7710456848, 32.5529136658, 25.4405670166, 6.82040691376, -5.32949447632, 7.6858382225, -18.9306049347, -15.8239374161, 34.17237854, 116.034683228, 34.9797782898], [72.4614257812, -44.8062133789, 33.5648498535, -3.00982642174, 5.45607423782, 8.68869972229, 18.5362644196, 15.2350101471, -21.0578155518, -37.2791862488, -6.94788408279, 34.9797782898, 146.216674805]],
