{
"lowlevel": {
    "average_loudness": 0.744983196259,
    "barkbands_crest": {
        "dmean": 2.20021796227,
        "dmean2": 3.57303762436,
        "dvar": 5.5727596283,
        "dvar2": 14.495426178,
        "max": 26.8873634338,
        "mean": 11.0226383209,
        "median": 10.1351003647,
        "min": 2.70098733902,
        "var": 19.1134357452
    },
    "barkbands_flatness_db": {
        "dmean": 0.0218298882246,
        "dmean2": 0.0324341058731,
        "dvar": 0.00062766316114,
        "dvar2": 0.00130066007841,
        "max": 0.674506008625,
        "mean": 0.22383004427,
        "median": 0.205356299877,
        "min": 0.0334642119706,
        "var": 0.01069515571
    },
    "barkbands_kurtosis": {
        "dmean": 5.67057704926,
        "dmean2": 8.95298480988,
        "dvar": 269.837615967,
        "dvar2": 632.61907959,
        "max": 812.836853027,
        "mean": 12.7707700729,
        "median": 7.08391284943,
        "min": -1.94189691544,
        "var": 902.373657227
    },
    "barkbands_skewness": {
        "dmean": 0.584155440331,
        "dmean2": 0.89442974329,
        "dvar": 0.623320400715,
        "dvar2": 1.44863700867,
        "max": 26.3637981415,
        "mean": 2.08315587044,
        "median": 1.89882266521,
        "min": -4.22371053696,
        "var": 2.94440507889
    },
    "barkbands_spread": {
        "dmean": 3.36307287216,
        "dmean2": 5.02066230774,
        "dvar": 48.8561820984,
        "dvar2": 91.5369262695,
        "max": 107.913352966,
        "mean": 11.8100271225,
        "median": 7.14478063583,
        "min": 0.0806184634566,
        "var": 196.904800415
    },
    "dissonance": {
        "dmean": 0.0292013306171,
        "dmean2": 0.047988217324,
        "dvar": 0.000869662151672,
        "dvar2": 0.00225897389464,
        "max": 0.499999970198,
        "mean": 0.412792533636,
        "median": 0.429391145706,
        "min": 0.0388574413955,
        "var": 0.00424759229645
    },
    "dynamic_complexity": 4.59849214554,
    "erbbands_crest": {
        "dmean": 2.59152507782,
        "dmean2": 4.0777053833,
        "dvar": 6.68223619461,
        "dvar2": 16.0728416443,
        "max": 33.0282363892,
        "mean": 12.3410634995,
        "median": 11.2928771973,
        "min": 2.57208228111,
        "var": 28.7277526855
    },
    "erbbands_flatness_db": {
        "dmean": 0.0189895685762,
        "dmean2": 0.0271398611367,
        "dvar": 0.000456750771264,
        "dvar2": 0.000876817153767,
        "max": 0.573578894138,
        "mean": 0.209937378764,
        "median": 0.196258842945,
        "min": 0.0461933277547,
        "var": 0.00699490169063
    },
    "erbbands_kurtosis": {
        "dmean": 2.2493519783,
        "dmean2": 3.44437217712,
        "dvar": 23.7740440369,
        "dvar2": 54.1845741272,
        "max": 224.4765625,
        "mean": 4.30151462555,
        "median": 1.97712659836,
        "min": -1.92506504059,
        "var": 74.9529266357
    },
    "erbbands_skewness": {
        "dmean": 0.444802105427,
        "dmean2": 0.655106365681,
        "dvar": 0.269220620394,
        "dvar2": 0.551545321941,
        "max": 9.67540454865,
        "mean": 1.2957123518,
        "median": 1.2468804121,
        "min": -8.13839530945,
        "var": 1.57925534248
    },
    "erbbands_spread": {
        "dmean": 7.17318248749,
        "dmean2": 10.6708421707,
        "dvar": 147.129608154,
        "dvar2": 292.864990234,
        "max": 166.948684692,
        "mean": 29.759262085,
        "median": 22.1953792572,
        "min": 0.400737434626,
        "var": 653.128601074
    },
    "hfc": {
        "dmean": 3.24074935913,
        "dmean2": 4.71200752258,
        "dvar": 33.1473274231,
        "dvar2": 70.163482666,
        "max": 108.685218811,
        "mean": 12.4885454178,
        "median": 6.42481517792,
        "min": 1.19589286335e-16,
        "var": 221.31060791
    },
    "melbands_crest": {
        "dmean": 2.76505875587,
        "dmean2": 4.45765113831,
        "dvar": 9.29612636566,
        "dvar2": 23.5944824219,
        "max": 39.0140686035,
        "mean": 14.3861446381,
        "median": 13.4101705551,
        "min": 1.40883827209,
        "var": 30.5803089142
    },
    "melbands_flatness_db": {
        "dmean": 0.0252156071365,
        "dmean2": 0.0366608723998,
        "dvar": 0.000879441737197,
        "dvar2": 0.00172944902442,
        "max": 0.825606167316,
        "mean": 0.313158303499,
        "median": 0.297626644373,
        "min": 0.00280718551949,
        "var": 0.0144662726671
    },
    "melbands_kurtosis": {
        "dmean": 8.32242107391,
        "dmean2": 13.0978956223,
        "dvar": 281.225097656,
        "dvar2": 674.6640625,
        "max": 605.949645996,
        "mean": 19.2007923126,
        "median": 12.0336952209,
        "min": -1.90916085243,
        "var": 647.95324707
    },
    "melbands_skewness": {
        "dmean": 0.678326666355,
        "dmean2": 1.03401935101,
        "dvar": 0.768526315689,
        "dvar2": 1.74519693851,
        "max": 14.3490638733,
        "mean": 2.63023924828,
        "median": 2.28613734245,
        "min": -3.09222173691,
        "var": 3.03075480461
    },
    "melbands_spread": {
        "dmean": 3.22521781921,
        "dmean2": 4.86173439026,
        "dvar": 55.8688659668,
        "dvar2": 117.313575745,
        "max": 295.512817383,
        "mean": 12.1114006042,
        "median": 7.12259674072,
        "min": 0.0336490683258,
        "var": 330.382598877
    },
    "pitch_salience": {
        "dmean": 0.0619345083833,
        "dmean2": 0.0995337665081,
        "dvar": 0.00396200828254,
        "dvar2": 0.0100177666172,
        "max": 0.852301597595,
        "mean": 0.563564956188,
        "median": 0.579573571682,
        "min": 0.0126738483086,
        "var": 0.0151071287692
    },
    "silence_rate_20dB": {
        "dmean": 0,
        "dmean2": 0,
        "dvar": 0,
        "dvar2": 0,
        "max": 1,
        "mean": 1,
        "median": 1,
        "min": 1,
        "var": 0
    },
    "silence_rate_30dB": {
        "dmean": 0.0195979904383,
        "dmean2": 0.0391992628574,
        "dvar": 0.0192128103226,
        "dvar2": 0.0487162284553,
        "max": 1,
        "mean": 0.985847055912,
        "median": 1,
        "min": 0,
        "var": 0.0139521826059
    },
    "silence_rate_60dB": {
        "dmean": 0.0224455613643,
        "dmean2": 0.0448948815465,
        "dvar": 0.0219418499619,
        "dvar2": 0.0477362312376,
        "max": 1,
        "mean": 0.134327113628,
        "median": 0,
        "min": 0,
        "var": 0.116300374269
    },
    "spectral_centroid": {
        "dmean": 123.515548706,
        "dmean2": 183.689651489,
        "dvar": 55312.9179688,
        "dvar2": 105867.984375,
        "max": 10884.9951172,
        "mean": 706.833190918,
        "median": 512.256469727,
        "min": 62.5439529419,
        "var": 349380.6875
    },
    "spectral_complexity": {
        "dmean": 1.80737018585,
        "dmean2": 2.80190968513,
        "dvar": 5.50259304047,
        "dvar2": 11.3903551102,
        "max": 51,
        "mean": 10.8625745773,
        "median": 8,
        "min": 0,
        "var": 68.4472351074
    },
    "spectral_decrease": {
        "dmean": 2.17778151068e-09,
        "dmean2": 3.38984795789e-09,
        "dvar": 2.12690072317e-17,
        "dvar2": 5.1986739782e-17,
        "max": 1.79467173651e-18,
        "mean": -6.40954578301e-09,
        "median": -4.57272975041e-09,
        "min": -6.34606251992e-08,
        "var": 4.33311516307e-17
    },
    "spectral_energy": {
        "dmean": 0.0084364246577,
        "dmean2": 0.0131032969803,
        "dvar": 0.000311245763442,
        "dvar2": 0.000759518879931,
        "max": 0.241857290268,
        "mean": 0.0253238081932,
        "median": 0.0180097203702,
        "min": 1.08817273636e-20,
        "var": 0.000663613318466
    },
    "spectral_energyband_high": {
        "dmean": 0.000152363980305,
        "dmean2": 0.000216246291529,
        "dvar": 2.17251894696e-07,
        "dvar2": 4.22761019081e-07,
        "max": 0.0102807059884,
        "mean": 0.000374649680452,
        "median": 3.67324973922e-05,
        "min": 7.92486605867e-21,
        "var": 7.69820019286e-07
    },
    "spectral_energyband_low": {
        "dmean": 0.00480066612363,
        "dmean2": 0.00781533401459,
        "dvar": 0.000257425999735,
        "dvar2": 0.000646492582746,
        "max": 0.209511607885,
        "mean": 0.00823034718633,
        "median": 0.00379235087894,
        "min": 3.29529540652e-23,
        "var": 0.00026331259869
    },
    "spectral_energyband_middle_high": {
        "dmean": 0.000789075158536,
        "dmean2": 0.00109515944496,
        "dvar": 3.78787854061e-06,
        "dvar2": 7.1079512054e-06,
        "max": 0.0485771298409,
        "mean": 0.00259573943913,
        "median": 0.000450438266853,
        "min": 1.73948913652e-21,
        "var": 2.71181525022e-05
    },
    "spectral_energyband_middle_low": {
        "dmean": 0.00462809251621,
        "dmean2": 0.00721984822303,
        "dvar": 6.38379788143e-05,
        "dvar2": 0.000163166434504,
        "max": 0.1312174052,
        "mean": 0.0148877231404,
        "median": 0.0108595425263,
        "min": 3.24877230308e-22,
        "var": 0.000207322314964
    },
    "spectral_entropy": {
        "dmean": 0.20819568634,
        "dmean2": 0.301570981741,
        "dvar": 0.0648186504841,
        "dvar2": 0.121254958212,
        "max": 9.79417705536,
        "mean": 6.69069480896,
        "median": 6.78439283371,
        "min": 3.47306370735,
        "var": 0.908687710762
    },
    "spectral_flux": {
        "dmean": 0.0228414237499,
        "dmean2": 0.0360282361507,
        "dvar": 0.00118555000518,
        "dvar2": 0.00257289246656,
        "max": 0.425969034433,
        "mean": 0.0629943981767,
        "median": 0.0497420243919,
        "min": 1.04315521499e-10,
        "var": 0.00307818246074
    },
    "spectral_kurtosis": {
        "dmean": 6.66345977783,
        "dmean2": 10.6352071762,
        "dvar": 227.912338257,
        "dvar2": 540.081298828,
        "max": 579.714782715,
        "mean": 19.4321804047,
        "median": 7.80302333832,
        "min": -1.42046368122,
        "var": 1251.36401367
    },
    "spectral_rms": {
        "dmean": 0.000688993022777,
        "dmean2": 0.00102873099968,
        "dvar": 1.13887779207e-06,
        "dvar2": 2.54615724771e-06,
        "max": 0.0153609355912,
        "mean": 0.0043755704537,
        "median": 0.00419171294197,
        "min": 3.25826952224e-12,
        "var": 5.5603304645e-06
    },
    "spectral_rolloff": {
        "dmean": 241.834945679,
        "dmean2": 413.759979248,
        "dvar": 800643.75,
        "dvar2": 1698256.125,
        "max": 19035.3515625,
        "mean": 1020.51422119,
        "median": 430.6640625,
        "min": 43.06640625,
        "var": 5828085.5
    },
    "spectral_skewness": {
        "dmean": 0.48403391242,
        "dmean2": 0.751669645309,
        "dvar": 0.533488094807,
        "dvar2": 1.2282449007,
        "max": 21.2489795685,
        "mean": 2.83003926277,
        "median": 2.25780820847,
        "min": -0.300033777952,
        "var": 4.23057699203
    },
    "spectral_spread": {
        "dmean": 569236.75,
        "dmean2": 800452.4375,
        "dvar": 821196292096,
        "dvar2": 1.22249202893e+12,
        "max": 40307860,
        "mean": 4011789.25,
        "median": 3518642,
        "min": 259895.03125,
        "var": 5.9724660736e+12
    },
    "spectral_strongpeak": {
        "dmean": 0.380959063768,
        "dmean2": 0.636613368988,
        "dvar": 0.462226778269,
        "dvar2": 1.12314033508,
        "max": 14.0047063828,
        "mean": 0.866975545883,
        "median": 0.529978334904,
        "min": 0,
        "var": 1.01073551178
    },
    "zerocrossingrate": {
        "dmean": 0.00719441939145,
        "dmean2": 0.00840564351529,
        "dvar": 0.000150930776726,
        "dvar2": 0.000151435713633,
        "max": 0.5263671875,
        "mean": 0.0420587174594,
        "median": 0.02587890625,
        "min": 0.00146484375,
        "var": 0.00381279061548
    },
    "barkbands": {
        "dmean": [0.00059893791331, 0.00373687432148, 0.000870735791977, 0.000825865659863, 0.00229036225937, 0.00145574554335, 0.00101913756225, 0.000900896033272, 0.000528043194208, 0.000292878161417, 0.000198028195882, 0.000153443208546, 0.000161723291967, 0.000126679806272, 0.000131158507429, 9.8364893347e-05, 7.30483807274e-05, 5.27573756699e-05, 4.58920876554e-05, 3.40925580531e-05, 2.78665684164e-05, 3.88941443816e-05, 3.43630599673e-05, 3.58505712938e-05, 2.17172091652e-05, 8.89118473424e-06, 1.87406578789e-06],
        "dmean2": [0.000914574775379, 0.0063216611743, 0.00144220446236, 0.00131947663613, 0.00370139535517, 0.00225153448991, 0.00159275031183, 0.00136855931487, 0.000797814805992, 0.000419618620072, 0.000291903852485, 0.00021949360962, 0.000251796096563, 0.000186246761587, 0.000199806905584, 0.000149009807501, 0.000108150685264, 8.02311624284e-05, 6.87944848323e-05, 5.37282212463e-05, 4.43350509158e-05, 6.01177380304e-05, 5.17785629199e-05, 5.12542646902e-05, 3.09767310682e-05, 1.21027642308e-05, 2.48670949077e-06],
        "dvar": [2.78355446426e-06, 0.000198412555619, 8.33768353914e-06, 3.23559925164e-06, 2.38467509917e-05, 7.01378894519e-06, 6.93830088494e-06, 7.101925803e-06, 3.49475885741e-06, 9.24296955418e-07, 4.98721931308e-07, 3.00833534084e-07, 3.9130696905e-07, 2.44767164759e-07, 4.64146552304e-07, 2.74059715366e-07, 9.27904437731e-08, 2.66379682756e-08, 1.45301397581e-08, 1.00654071744e-08, 8.54495052494e-09, 2.8122020268e-08, 1.69464531297e-08, 2.32904273645e-08, 8.36655278391e-09, 8.86042739179e-10, 5.74789556229e-11],
        "dvar2": [6.49785533824e-06, 0.000521188485436, 2.330098323e-05, 8.49500156619e-06, 6.30514914519e-05, 1.75340319402e-05, 1.7276046492e-05, 1.72277013917e-05, 7.9570345406e-06, 1.66634708876e-06, 1.02180331396e-06, 6.12026610725e-07, 9.28625240704e-07, 4.96796360494e-07, 1.13186160888e-06, 5.31297473572e-07, 1.75428169769e-07, 5.91766031732e-08, 3.03339291463e-08, 2.53493190883e-08, 2.08847961147e-08, 6.08519670209e-08, 3.7717260426e-08, 4.31521982591e-08, 1.54822341614e-08, 1.6645766987e-09, 1.02678476832e-10],
        "max": [0.0231777243316, 0.192423522472, 0.0513540953398, 0.0531571432948, 0.094604626298, 0.0527916252613, 0.0873571708798, 0.0737786963582, 0.064243324101, 0.0339871309698, 0.0265231877565, 0.0195904728025, 0.0158324483782, 0.0136902397498, 0.0393866747618, 0.0263318028301, 0.0137397032231, 0.00672544585541, 0.00334409996867, 0.00264587812126, 0.00293836300261, 0.00758680514991, 0.00348358321935, 0.00343652255833, 0.00274510425515, 0.000953734852374, 0.000297804595903],
        "mean": [0.000761964125559, 0.00489593483508, 0.00190679798834, 0.00162436591927, 0.0047424514778, 0.00365408579819, 0.00183383701369, 0.00172093859874, 0.00111792213283, 0.000603461870924, 0.000452296633739, 0.000269233511062, 0.000311285286443, 0.00022308647749, 0.000218057713937, 0.000187790894415, 0.000145833197166, 0.000127090053866, 0.000115630791697, 7.64807482483e-05, 5.75438898522e-05, 7.51067855163e-05, 6.89837761456e-05, 7.14916022844e-05, 4.21018594352e-05, 1.61810021382e-05, 3.85785324397e-06],
        "median": [1.68761071109e-05, 0.00166191067547, 0.000839809654281, 0.000718536146451, 0.00270754983649, 0.00194594613276, 0.000408736610552, 0.000280439388007, 0.000105953047751, 8.01827191026e-05, 3.38456375175e-05, 2.54158476309e-05, 1.46222992043e-05, 1.34128313221e-05, 1.39587427839e-05, 1.44850218931e-05, 1.98152283701e-05, 1.52750235429e-05, 9.87724797596e-06, 9.32999228098e-06, 4.53201027995e-06, 5.48833259018e-06, 5.07403137817e-06, 4.57283886135e-06, 2.12546751754e-06, 5.53715779006e-07, 6.76507966091e-07],
        "min": [1.04590823352e-23, 1.3106687282e-23, 5.16880755535e-24, 1.53025384096e-23, 3.33278176119e-23, 3.60448975386e-23, 1.34807266268e-22, 4.70743752176e-24, 6.97015533966e-23, 5.2081502575e-23, 5.66759452384e-23, 3.70474356195e-23, 1.83466201143e-22, 7.09139758099e-23, 9.59866070178e-23, 2.98336617308e-22, 1.83192750398e-22, 2.75169022077e-22, 2.50944201772e-22, 4.15194786249e-22, 3.27309269546e-22, 4.29903596387e-22, 7.95344003954e-22, 9.67032095263e-22, 1.17893906707e-21, 1.84787403057e-21, 2.45039978007e-21],
        "var": [4.04754609917e-06, 0.000165646764799, 1.02804269773e-05, 6.48365312372e-06, 4.07406587328e-05, 2.21422960749e-05, 1.40308156915e-05, 1.81799878192e-05, 1.33852618092e-05, 3.26747635881e-06, 2.16641046791e-06, 8.06589696367e-07, 1.34359754611e-06, 6.24732365395e-07, 7.07654237431e-07, 7.15101521109e-07, 2.56790514186e-07, 9.50651184439e-08, 7.70759029933e-08, 3.66604488988e-08, 2.20833289433e-08, 7.52301403395e-08, 3.65338514996e-08, 6.73495179626e-08, 2.46945504045e-08, 2.28277863279e-09, 1.39769043561e-10]
    },
    "erbbands": {
        "dmean": [0.161988288164, 0.673831820488, 0.996328234673, 1.83456492424, 6.82921648026, 6.95162343979, 8.69683551788, 13.4573802948, 15.3781585693, 13.2788848877, 19.02709198, 13.1424951553, 8.43821620941, 8.24360561371, 7.67868518829, 5.97869634628, 6.84703540802, 6.72031641006, 6.64185237885, 5.76501703262, 4.67788410187, 3.36248064041, 3.00854754448, 2.18565917015, 2.14778542519, 1.52520442009, 1.30823004246, 1.06367814541, 1.40993928909, 1.35247123241, 0.92459833622, 0.872177600861, 0.532084822655, 0.301815241575, 0.130807906389, 0.0531978011131, 0.0136528266594, 0.00213322136551, 0.000332244089805, 2.70735508821e-05],
        "dmean2": [0.274553865194, 1.14494478703, 1.66609919071, 2.90795850754, 10.8285121918, 11.5914487839, 12.9751758575, 21.4449596405, 23.791021347, 21.0615177155, 28.7004699707, 19.7911071777, 12.1349582672, 11.5945940018, 11.2649078369, 8.54379653931, 10.5132398605, 9.78785419464, 9.98488426208, 8.73845291138, 6.89548587799, 4.95708227158, 4.54999446869, 3.24028921127, 3.22077012062, 2.38342261314, 2.12087583542, 1.66885817051, 2.19516468048, 2.08812689781, 1.38756227493, 1.28045141697, 0.757249355316, 0.442254632711, 0.184796780348, 0.0738443210721, 0.0187069959939, 0.00279866019264, 0.000441297859652, 3.79069424525e-05],
        "dvar": [0.362066626549, 6.96065282822, 12.1819381714, 18.4770812988, 207.311279297, 322.264343262, 228.412536621, 781.55291748, 1426.51843262, 1775.47155762, 3309.5078125, 2275.46679688, 701.447570801, 883.620117188, 651.762878418, 520.481506348, 715.187927246, 682.290649414, 740.78503418, 1319.19519043, 682.655273438, 163.480331421, 81.8837509155, 36.7190284729, 33.0959358215, 19.6816673279, 17.2135162354, 15.4220161438, 35.6987762451, 33.2866439819, 12.5571899414, 14.7098417282, 5.64646196365, 1.97360599041, 0.246051624417, 0.0301224440336, 0.00228577572852, 6.1210943386e-05, 1.85724491075e-06, 6.91993529145e-09],
        "dvar2": [0.976378321648, 18.5391082764, 34.1071929932, 49.288482666, 499.953796387, 903.724609375, 549.160217285, 2010.12817383, 3463.31542969, 4440.77539062, 8308.68261719, 5213.85791016, 1327.41931152, 1556.15490723, 1343.71496582, 1013.45153809, 1713.43395996, 1390.33007812, 1625.72790527, 3321.18164062, 1191.9329834, 305.855499268, 180.145782471, 75.1091918945, 69.8427047729, 48.3478775024, 44.4864044189, 35.6943092346, 76.9386901855, 77.9868087769, 28.6354408264, 31.3884353638, 10.1874036789, 3.75272059441, 0.468488454819, 0.0554490350187, 0.0044600982219, 0.000109786553367, 3.33976413458e-06, 1.3232984486e-08],
        "max": [7.06994056702, 40.175037384, 59.4273872375, 98.1990280151, 372.427307129, 447.945465088, 286.31741333, 665.67767334, 873.359558105, 1123.42419434, 1972.34143066, 1826.18103027, 844.801940918, 1362.21252441, 963.002868652, 1004.69921875, 877.664367676, 863.781799316, 1142.53039551, 2274.38378906, 1536.63415527, 713.971801758, 402.782409668, 210.891296387, 153.784301758, 115.908058167, 103.275894165, 173.672714233, 292.428375244, 270.102630615, 114.021400452, 117.842521667, 72.8459777832, 44.3758010864, 13.6805686951, 4.90355968475, 1.37940609455, 0.269721150398, 0.0504515692592, 0.00337955332361],
        "mean": [0.176527455449, 0.956969261169, 2.17614197731, 4.15488862991, 12.0803585052, 14.215130806, 23.4660720825, 30.5107517242, 30.7895870209, 24.6661949158, 37.8748474121, 30.1428279877, 18.4138736725, 18.0550899506, 19.9600429535, 11.7733068466, 13.9705543518, 13.1200351715, 12.1936759949, 10.7242422104, 9.71332836151, 7.40953445435, 7.32237863541, 6.07833242416, 5.43873739243, 3.61187982559, 2.6757683754, 2.19486689568, 2.67854905128, 2.48248457909, 1.88802742958, 1.7074893713, 1.01404190063, 0.571440756321, 0.248507782817, 0.0987296849489, 0.0237675458193, 0.00382055714726, 0.000642753380816, 7.78414832894e-05],
        "median": [0.0280528981239, 0.380543529987, 1.04802072048, 2.12347722054, 5.44639492035, 7.61773061752, 12.2614545822, 13.8303575516, 8.61189079285, 5.57693576813, 6.30815982819, 3.42164540291, 2.35983514786, 2.26935744286, 1.6145825386, 1.27745389938, 0.823464155197, 0.791230142117, 0.789446949959, 0.872178852558, 0.969155967236, 1.06258738041, 1.09408211708, 0.560068249702, 0.558409571648, 0.422861009836, 0.264941722155, 0.178763091564, 0.194628804922, 0.157430902123, 0.148998111486, 0.115757979453, 0.0540793724358, 0.0284853875637, 0.0124509530142, 0.00394382979721, 0.000730004801881, 0.00014454513439, 9.56855074037e-05, 4.16700422647e-05],
        "min": [2.59846616994e-22, 3.30210722674e-21, 8.86959355991e-21, 3.47397374955e-20, 6.99562089049e-20, 1.28655963088e-19, 1.86224153581e-19, 3.62310019683e-19, 2.27564210753e-18, 4.68131080351e-19, 2.89102726015e-19, 1.86094317244e-18, 1.95246243541e-18, 1.16293053485e-18, 2.26092925277e-18, 2.76935126679e-18, 6.40123229601e-18, 5.25111003256e-18, 4.59646027063e-18, 1.33208115326e-17, 1.1766490358e-17, 9.89032644188e-18, 1.6380834687e-17, 1.03225233489e-17, 1.52340000529e-17, 2.05312134105e-17, 1.41539949949e-17, 1.21217900737e-17, 1.62127830194e-17, 1.68841277677e-17, 2.42744918868e-17, 1.79650493418e-17, 1.76623260531e-17, 1.11211918729e-17, 1.05420355767e-17, 5.61875583248e-18, 3.83852501511e-18, 1.22075666352e-18, 3.50945798838e-19, 3.76581373254e-20],
        "var": [0.294045627117, 5.57844543457, 12.7505884171, 36.615978241, 430.954559326, 430.540100098, 943.781677246, 2019.64294434, 3456.84326172, 3872.67626953, 8715.98828125, 9606.39355469, 2356.60400391, 3119.55541992, 4030.05883789, 1392.75695801, 2507.48022461, 1957.96032715, 1820.76245117, 1810.44250488, 1786.24755859, 541.624084473, 284.749389648, 220.798660278, 161.713607788, 79.4254684448, 42.3188476562, 39.5717773438, 95.5481414795, 71.4660568237, 27.3755836487, 35.2533226013, 16.1574382782, 5.60476446152, 0.705037295818, 0.0830593928695, 0.00532121071592, 0.000155813017045, 4.44243414677e-06, 1.77720824723e-08]
    },
    "gfcc": {
        "mean": [-97.17212677, 130.878082275, -82.4070129395, 21.6440238953, -59.7166938782, -6.10640621185, -36.3429603577, -1.80401837826, -17.5979652405, -7.98975086212, -8.49938201904, -1.92883789539, -4.4395866394],
        "cov": [[26124.1464844, -1719.16638184, -1380.07824707, 1559.97351074, -901.49420166, 1144.86340332, -835.719848633, 1039.47827148, -56.8332023621, 414.343048096, -352.240692139, 15.4300966263, -594.526367188], [-1719.16638184, 3206.43652344, -113.272674561, -645.000305176, 494.442504883, -528.994750977, 379.790405273, -399.056488037, 32.2717819214, -434.021697998, 187.618743896, -186.14982605, 186.573287964], [-1380.07824707, -113.272674561, 1242.23095703, 228.398895264, 76.9271697998, 137.141586304, -0.696352601051, 14.236620903, 11.4705314636, 90.9841918945, -62.8460121155, 61.2688827515, 42.4196891785], [1559.97351074, -645.000305176, 228.398895264, 757.642028809, -69.4695281982, 203.309677124, -106.484085083, 191.325332642, 64.8228149414, 104.128349304, -42.2978019714, 29.9057846069, -11.368227005], [-901.49420166, 494.442504883, 76.9271697998, -69.4695281982, 510.325408936, -49.4250106812, 114.908546448, -51.6475028992, 78.5230865479, -0.779320538044, 46.6904563904, -18.4194755554, 58.311668396], [1144.86340332, -528.994750977, 137.141586304, 203.309677124, -49.4250106812, 563.869506836, -17.2898311615, 158.60546875, -27.0118751526, 93.5457611084, -18.5999393463, -15.5130233765, -77.7921676636], [-835.719848633, 379.790405273, -0.696352601051, -106.484085083, 114.908546448, -17.2898311615, 336.510375977, -27.8181266785, -8.23016548157, -28.2598190308, 54.507270813, 2.94934821129, 50.018863678], [1039.47827148, -399.056488037, 14.236620903, 191.325332642, -51.6475028992, 158.60546875, -27.8181266785, 323.172668457, 81.9126663208, 79.9271392822, -5.49437570572, 25.910533905, -44.9334487915], [-56.8332023621, 32.2717819214, 11.4705314636, 64.8228149414, 78.5230865479, -27.0118751526, -8.23016548157, 81.9126663208, 185.147903442, 40.0800361633, 20.7770462036, 2.76688194275, 26.044588089], [414.343048096, -434.021697998, 90.9841918945, 104.128349304, -0.779320538044, 93.5457611084, -28.2598190308, 79.9271392822, 40.0800361633, 188.224838257, -6.73928165436, 43.9380073547, -19.1328773499], [-352.240692139, 187.618743896, -62.8460121155, -42.2978019714, 46.6904563904, -18.5999393463, 54.507270813, -5.49437570572, 20.7770462036, -6.73928165436, 143.540344238, 22.4283447266, 17.9083709717], [15.4300966263, -186.14982605, 61.2688827515, 29.9057846069, -18.4194755554, -15.5130233765, 2.94934821129, 25.910533905, 2.76688194275, 43.9380073547, 22.4283447266, 126.020065308, 32.7180099487], [-594.526367188, 186.573287964, 42.4196891785, -11.368227005, 58.311668396, -77.7921676636, 50.018863678, -44.9334487915, 26.044588089, -19.1328773499, 17.9083709717, 32.7180099487, 140.965652466]],
        "icov": [[8.06331590866e-05, -0.000136655740789, 0.000155150904902, -0.000171696970938, 8.85204135557e-05, -0.000132513931021, 0.00016041714116, -0.000154217050294, 0.000117522016808, -0.000255959515925, 0.000262793968432, -0.000236366831814, 0.000209604157135], [-0.000136655740789, 0.00112622859888, -0.000427908293204, 0.000589559786022, -0.000589164614212, 0.000581421540119, -0.00071274646325, 0.000496166408993, -0.000505612697452, 0.00182005681563, -0.00123705505393, 0.00144044868648, -0.000751734478399], [0.000155150904902, -0.000427908293204, 0.00128579535522, -0.00062736851396, 5.49363103346e-05, -0.000544918177184, 0.00032938158256, -9.62287085713e-05, 0.000281354761682, -0.000977112911642, 0.00115769950207, -0.00110752449837, 0.000237577143707], [-0.000171696970938, 0.000589559786022, -0.00062736851396, 0.00229620398022, -0.00018433626974, 9.90520402411e-06, -4.21890035796e-05, -0.000320885970723, -0.00065466191154, 0.000712450651918, -0.000597928359639, 0.000834636564832, -0.00103617296554], [8.85204135557e-05, -0.000589164614212, 5.49363103346e-05, -0.00018433626974, 0.00283238827251, -0.00035531661706, -0.000287825474516, 0.000235749655985, -0.000931742251851, -0.00120582140516, 0.000212011640542, -0.000116830153274, -6.00612183916e-05], [-0.000132513931021, 0.000581421540119, -0.000544918177184, 9.90520402411e-06, -0.00035531661706, 0.00294490461238, -0.000623738451395, -0.000745259749237, 0.000822638103273, 5.43830938113e-05, -0.00102209614124, 0.00171431188937, 0.000179609502084], [0.00016041714116, -0.00071274646325, 0.00032938158256, -4.21890035796e-05, -0.000287825474516, -0.000623738451395, 0.00422939425334, -0.000820302520879, 0.00107077800203, -0.000953410926741, -0.000171589766978, -0.000777894689236, -0.000594843528233], [-0.000154217050294, 0.000496166408993, -9.62287085713e-05, -0.000320885970723, 0.000235749655985, -0.000745259749237, -0.000820302520879, 0.00553650362417, -0.00289718480781, 0.000448962382507, -0.000409317988669, -0.000588636903558, 0.00102786906064], [0.000117522016808, -0.000505612697452, 0.000281354761682, -0.00065466191154, -0.000931742251851, 0.000822638103273, 0.00107077800203, -0.00289718480781, 0.00834184605628, -0.0023720767349, -0.000507872086018, 0.00090239092242, -0.0014447546564], [-0.000255959515925, 0.00182005681563, -0.000977112911642, 0.000712450651918, -0.00120582140516, 5.43830938113e-05, -0.000953410926741, 0.000448962382507, -0.0023720767349, 0.0103565864265, -0.00154156214558, -0.000506137788761, 3.052667671e-05], [0.000262793968432, -0.00123705505393, 0.00115769950207, -0.000597928359639, 0.000212011640542, -0.00102209614124, -0.000171589766978, -0.000409317988669, -0.000507872086018, -0.00154156214558, 0.00985825806856, -0.00378877460025, 0.00113927177154], [-0.000236366831814, 0.00144044868648, -0.00110752449837, 0.000834636564832, -0.000116830153274, 0.00171431188937, -0.000777894689236, -0.000588636903558, 0.00090239092242, -0.000506137788761, -0.00378877460025, 0.0126644531265, -0.00411352002993], [0.000209604157135, -0.000751734478399, 0.000237577143707, -0.00103617296554, -6.00612183916e-05, 0.000179609502084, -0.000594843528233, 0.00102786906064, -0.0014447546564, 3.052667671e-05, 0.00113927177154, -0.00411352002993, 0.0105615854263]]
    },
    "melbands": {
        "dmean": [0.00121330213733, 0.000623704923782, 0.000429378414992, 0.000547238683794, 0.000286649621557, 0.000295167061267, 0.000222845235839, 0.000150339066749, 0.00014857907081, 8.01923015388e-05, 4.29129067925e-05, 3.52922688762e-05, 2.66095903498e-05, 1.86605575436e-05, 1.25014430523e-05, 1.83299052878e-05, 1.26571621877e-05, 1.12087136586e-05, 8.59924693941e-06, 8.15468229121e-06, 5.37979849469e-06, 3.89779916077e-06, 3.5300847685e-06, 2.55564918916e-06, 1.85749809134e-06, 1.9126166535e-06, 1.29444549657e-06, 1.09535699266e-06, 1.00418787952e-06, 6.43386840693e-07, 6.78233618601e-07, 8.5548572315e-07, 8.25245649594e-07, 7.69730490902e-07, 5.52842152501e-07, 5.44420117876e-07, 5.67400434193e-07, 4.20491858222e-07, 2.87465951487e-07, 2.75235322533e-07],
        "dmean2": [0.00204691663384, 0.00103328528348, 0.000673942908179, 0.000892307492904, 0.000435984577052, 0.000465262506623, 0.000345494947396, 0.000236536099692, 0.000224278439418, 0.000120771990623, 6.14465097897e-05, 4.99197813042e-05, 3.88508378819e-05, 2.67133273155e-05, 1.84643395187e-05, 2.84184297925e-05, 1.85822646017e-05, 1.71501560544e-05, 1.29338486659e-05, 1.23323052321e-05, 8.04067985882e-06, 5.80359301239e-06, 5.34859464096e-06, 3.84853638025e-06, 2.80652579931e-06, 2.88620162792e-06, 2.03200033866e-06, 1.73519333657e-06, 1.66258541867e-06, 1.03612489966e-06, 1.07947801098e-06, 1.36180472055e-06, 1.27847943077e-06, 1.20048139252e-06, 8.4740361217e-07, 8.22327024252e-07, 8.44631415475e-07, 6.1161603071e-07, 4.32651376059e-07, 4.06911937034e-07],
        "dvar": [2.03123308893e-05, 5.0268454288e-06, 7.79630738634e-07, 1.51995584474e-06, 2.66073016064e-07, 3.34975482019e-07, 3.02259877571e-07, 2.29190007417e-07, 2.04089886324e-07, 9.59560324532e-08, 1.88400282042e-08, 1.65332938451e-08, 8.39300628996e-09, 4.09199296669e-09, 2.27327245916e-09, 5.42690381522e-09, 2.60319232837e-09, 2.09009498597e-09, 2.83161827319e-09, 1.81573300839e-09, 8.95837792836e-10, 2.87449369862e-10, 1.45014958375e-10, 5.65067714842e-11, 2.83112283617e-11, 2.60439066146e-11, 1.45116306124e-11, 1.14754247771e-11, 1.10424516753e-11, 4.11857657354e-12, 7.37998290951e-12, 1.26676533846e-11, 1.4313694327e-11, 1.04271920959e-11, 4.66491255346e-12, 5.11539725509e-12, 6.62893568162e-12, 3.66032941804e-12, 1.78719723482e-12, 1.77936311518e-12],
        "dvar2": [5.36351435585e-05, 1.35612299346e-05, 2.01290913537e-06, 4.04546472055e-06, 6.80148048104e-07, 8.52467962886e-07, 7.36744595997e-07, 5.62076536426e-07, 5.14828059295e-07, 2.13974331587e-07, 3.5342068827e-08, 2.94055215733e-08, 1.76072063596e-08, 8.2500051235e-09, 5.10882891547e-09, 1.27322321575e-08, 5.33969179983e-09, 4.65871607958e-09, 7.20883885919e-09, 3.86514553696e-09, 1.59645063835e-09, 5.45476219749e-10, 3.27058768956e-10, 1.20194007525e-10, 6.0092708587e-11, 5.57149812397e-11, 3.38790835663e-11, 2.95944622974e-11, 2.98089400386e-11, 9.85754013139e-12, 1.79886643775e-11, 2.8206041669e-11, 3.12526046709e-11, 2.51157896564e-11, 1.11393498592e-11, 1.10739299675e-11, 1.4210297869e-11, 6.77646307123e-12, 3.68583245522e-12, 3.52627345726e-12],
        "max": [0.0562617592514, 0.0344336852431, 0.0208498761058, 0.0230652429163, 0.00894180592149, 0.0129713062197, 0.0157974995673, 0.0141072850674, 0.0141670266166, 0.0124642727897, 0.00416951905936, 0.00521237775683, 0.00355516001582, 0.00215666904114, 0.00164962839335, 0.00197817850858, 0.001525972737, 0.00173339666799, 0.00356096122414, 0.00176617503166, 0.00174820562825, 0.000768645608332, 0.000558594649192, 0.000304097571643, 0.000180764647666, 0.000137692099088, 0.000123444842757, 0.000109907945443, 9.79979304248e-05, 5.28955788468e-05, 0.000126247367007, 0.000159888673807, 0.000201342889341, 0.000142709031934, 8.01250353106e-05, 7.16538488632e-05, 7.22514814697e-05, 6.44918254693e-05, 4.85912496515e-05, 4.32530832768e-05],
        "mean": [0.00149050634354, 0.00120169075672, 0.000927194720134, 0.00101525697391, 0.000767528428696, 0.000688831030857, 0.00043916577124, 0.000277133221971, 0.000292148906738, 0.000180760776857, 8.80066218087e-05, 7.30012325221e-05, 6.34593234281e-05, 3.93397640437e-05, 2.17337346839e-05, 3.65216583305e-05, 2.21936152229e-05, 1.95637585421e-05, 1.44339082908e-05, 1.52307175085e-05, 1.04366827145e-05, 7.86469354352e-06, 7.06679247742e-06, 6.20924265604e-06, 4.69851647722e-06, 4.4478451855e-06, 3.01566933558e-06, 2.29550119002e-06, 1.82197629783e-06, 1.2807179246e-06, 1.24349560338e-06, 1.51568383444e-06, 1.47387538618e-06, 1.33469097818e-06, 1.0654171092e-06, 1.0592457329e-06, 1.04224602637e-06, 7.61854778375e-07, 5.07887591539e-07, 4.87908494051e-07],
        "median": [0.000388676446164, 0.000622020568699, 0.000494695443194, 0.000508971395902, 0.000431293621659, 0.000326051493175, 0.000113659945782, 5.31912082806e-05, 4.61727140646e-05, 1.72327709151e-05, 1.01889399957e-05, 8.68730694492e-06, 5.06330343342e-06, 3.55885981662e-06, 2.26224801736e-06, 1.5549425143e-06, 1.29788247705e-06, 1.18928846859e-06, 9.56095618676e-07, 1.1329212839e-06, 1.01230261862e-06, 1.0035773812e-06, 1.10720134217e-06, 6.84158010245e-07, 3.7912030848e-07, 3.66616717429e-07, 3.43384840562e-07, 2.22174577402e-07, 1.70931542698e-07, 9.43483797755e-08, 9.63947073274e-08, 1.03751823133e-07, 9.94257547404e-08, 7.47639319343e-08, 8.62169997617e-08, 6.81594229945e-08, 6.70672477554e-08, 3.83580811558e-08, 2.30211032459e-08, 2.25761862538e-08],
        "min": [3.46172793924e-24, 4.57623575373e-24, 6.47707025778e-24, 7.00963735465e-24, 6.46624156414e-24, 9.56886226995e-24, 3.20387526284e-23, 3.12538723153e-24, 3.32325879011e-24, 1.18093416256e-23, 9.47371538959e-24, 4.17186762586e-24, 8.32155879396e-24, 3.10100787969e-24, 1.50176854699e-23, 1.42451997394e-23, 8.99796205512e-24, 6.78920358532e-24, 1.01895001649e-23, 2.07158265813e-23, 1.27325557982e-23, 6.51111867774e-24, 2.17375276713e-23, 1.00261057721e-23, 7.84187929877e-24, 1.03926886459e-23, 1.42425822989e-23, 1.29181069271e-23, 8.02895529586e-24, 9.55369957449e-24, 6.13489947356e-24, 8.52837445748e-24, 9.43452635754e-24, 9.87025052309e-24, 1.2788646964e-23, 1.32690427449e-23, 1.05390578426e-23, 1.36613101409e-23, 6.83090435049e-24, 1.08353539986e-23],
        "var": [1.7232447135e-05, 4.62226216769e-06, 1.60934609994e-06, 2.36941173171e-06, 9.00355132671e-07, 9.3043513516e-07, 7.1812803526e-07, 5.32843273504e-07, 5.28385555754e-07, 4.26219685323e-07, 5.86743063025e-08, 5.79401522316e-08, 3.91557897217e-08, 1.47727154953e-08, 4.57428894762e-09, 2.12936388522e-08, 6.23572171676e-09, 5.05717734356e-09, 3.56740215146e-09, 4.36661462544e-09, 2.19662421586e-09, 8.18064560537e-10, 3.51232182227e-10, 2.46735187837e-10, 1.50195980653e-10, 1.15733943262e-10, 5.86312873252e-11, 3.73447800461e-11, 2.18355663412e-11, 1.0978835896e-11, 1.55374133698e-11, 3.16433719505e-11, 3.40843533952e-11, 1.94155941324e-11, 9.23283498266e-12, 1.2075973034e-11, 1.55893284393e-11, 9.88154610221e-12, 4.25793861974e-12, 4.68977157456e-12]
    },
    "mfcc": {
        "mean": [-740.230773926, 156.623016357, 32.3315505981, 25.8191814423, 2.70109033585, -3.97456526756, -8.19632816315, 1.04260754585, -7.33354663849, -3.2360355854, -6.04575490952, -2.78030133247, -2.18421411514],
        "cov": [[15866.1611328, -1489.41662598, -1503.73864746, 345.509857178, 76.6835327148, 99.4473190308, -213.590133667, 376.556945801, 66.3348922729, 593.031188965, 498.48815918, 149.698928833, 183.22227478], [-1489.41662598, 2517.25976562, -108.167053223, -66.9124984741, 81.0708007812, -43.1325531006, 164.947280884, 68.9420166016, -62.9921073914, -69.025680542, -57.600643158, -38.9789924622, -43.4047966003], [-1503.73864746, -108.167053223, 1113.34472656, 139.003723145, 52.5980682373, 115.61995697, 22.8171539307, -25.9750022888, 74.0143051147, -53.7166862488, -58.9093742371, 9.66173267365, -13.4930706024], [345.509857178, -66.9124984741, 139.003723145, 542.162353516, 148.747039795, 1.14758503437, -38.24036026, 16.5760536194, 103.914047241, 41.6870384216, 1.06737840176, 80.0028533936, 66.9715881348], [76.6835327148, 81.0708007812, 52.5980682373, 148.747039795, 352.922454834, 88.023223877, -25.4545612335, 13.2860927582, 58.4636001587, 69.9598999023, 17.0282287598, 21.1158218384, 27.577255249], [99.4473190308, -43.1325531006, 115.61995697, 1.14758503437, 88.023223877, 303.083221436, 121.74307251, 0.279033303261, 30.0660705566, 48.7516593933, 29.6721134186, -8.3362865448, -1.79096603394], [-213.590133667, 164.947280884, 22.8171539307, -38.24036026, -25.4545612335, 121.74307251, 253.396652222, 69.2116088867, 9.60559940338, 26.4321784973, 27.332983017, -6.20358514786, 0.400954902172], [376.556945801, 68.9420166016, -25.9750022888, 16.5760536194, 13.2860927582, 0.279033303261, 69.2116088867, 185.7474823, 30.2190227509, 56.8799972534, 52.2679595947, 14.759552002, 17.9591426849], [66.3348922729, -62.9921073914, 74.0143051147, 103.914047241, 58.4636001587, 30.0660705566, 9.60559940338, 30.2190227509, 183.22567749, 67.2327041626, 1.5870257616, 33.3677902222, 27.9447517395], [593.031188965, -69.025680542, -53.7166862488, 41.6870384216, 69.9598999023, 48.7516593933, 26.4321784973, 56.8799972534, 67.2327041626, 203.317153931, 96.2750549316, -3.15369224548, 8.78800582886], [498.48815918, -57.600643158, -58.9093742371, 1.06737840176, 17.0282287598, 29.6721134186, 27.332983017, 52.2679595947, 1.5870257616, 96.2750549316, 171.41734314, 24.5815982819, 2.88138961792], [149.698928833, -38.9789924622, 9.66173267365, 80.0028533936, 21.1158218384, -8.3362865448, -6.20358514786, 14.759552002, 33.3677902222, -3.15369224548, 24.5815982819, 131.848388672, 60.2403755188], [183.22227478, -43.4047966003, -13.4930706024, 66.9715881348, 27.577255249, -1.79096603394, 0.400954902172, 17.9591426849, 27.9447517395, 8.78800582886, 2.88138961792, 60.2403755188, 107.760795593]],
