{
"lowlevel": {
    "average_loudness": 0.978931128979,
    "barkbands_crest": {
        "dmean": 2.93825316429,
        "dmean2": 4.61956167221,
        "dvar": 9.47904014587,
        "dvar2": 21.167016983,
        "max": 26.0262489319,
        "mean": 15.4580802917,
        "median": 16.3600101471,
        "min": 2.51279640198,
        "var": 22.8771781921
    },
    "barkbands_flatness_db": {
        "dmean": 0.0446573421359,
        "dmean2": 0.0561638623476,
        "dvar": 0.00184966030065,
        "dvar2": 0.00312959821895,
        "max": 1,
        "mean": 0.242160618305,
        "median": 0.232304304838,
        "min": 0.0270130224526,
        "var": 0.0106604518369
    },
    "barkbands_kurtosis": {
        "dmean": 30.4721488953,
        "dmean2": 47.571849823,
        "dvar": 3268.70507812,
        "dvar2": 7720.87255859,
        "max": 811.084289551,
        "mean": 46.5849113464,
        "median": 20.9326686859,
        "min": -1.96930468082,
        "var": 5320.73925781
    },
    "barkbands_skewness": {
        "dmean": 1.69027137756,
        "dmean2": 2.49831175804,
        "dvar": 3.67737531662,
        "dvar2": 8.05080986023,
        "max": 22.780298233,
        "mean": 4.44132804871,
        "median": 3.84411907196,
        "min": -8.85959625244,
        "var": 10.1148548126
    },
    "barkbands_spread": {
        "dmean": 8.55926036835,
        "dmean2": 12.6853218079,
        "dvar": 186.966262817,
        "dvar2": 394.388427734,
        "max": 129.269699097,
        "mean": 14.7244138718,
        "median": 7.70670080185,
        "min": 0.134320601821,
        "var": 377.353149414
    },
    "dissonance": {
        "dmean": 0.0293153822422,
        "dmean2": 0.0458444133401,
        "dvar": 0.000868908304255,
        "dvar2": 0.0020005539991,
        "max": 0.499955177307,
        "mean": 0.432022690773,
        "median": 0.445482462645,
        "min": 0.151127889752,
        "var": 0.00274921115488
    },
    "dynamic_complexity": 2.58526206017,
    "erbbands_crest": {
        "dmean": 3.53653001785,
        "dmean2": 5.60034704208,
        "dvar": 10.3692064285,
        "dvar2": 23.974149704,
        "max": 31.7362384796,
        "mean": 11.6889419556,
        "median": 10.5359306335,
        "min": 2.95768380165,
        "var": 27.1986656189
    },
    "erbbands_flatness_db": {
        "dmean": 0.0263695325702,
        "dmean2": 0.0372673198581,
        "dvar": 0.000618048827164,
        "dvar2": 0.00117206189316,
        "max": 0.62030339241,
        "mean": 0.148949831724,
        "median": 0.142134398222,
        "min": 0.0391804426908,
        "var": 0.00254282308742
    },
    "erbbands_kurtosis": {
        "dmean": 3.54021811485,
        "dmean2": 5.39602804184,
        "dvar": 54.6470756531,
        "dvar2": 119.215415955,
        "max": 173.852020264,
        "mean": 3.77431702614,
        "median": 1.03556632996,
        "min": -1.95249736309,
        "var": 91.8526916504
    },
    "erbbands_skewness": {
        "dmean": 0.767877280712,
        "dmean2": 1.10557508469,
        "dvar": 0.751667201519,
        "dvar2": 1.45427238941,
        "max": 11.3322668076,
        "mean": 1.10044789314,
        "median": 1.04342019558,
        "min": -6.5182299614,
        "var": 2.30937981606
    },
    "erbbands_spread": {
        "dmean": 22.5818080902,
        "dmean2": 33.4592895508,
        "dvar": 709.626708984,
        "dvar2": 1423.07910156,
        "max": 218.137405396,
        "mean": 58.1384277344,
        "median": 48.2955474854,
        "min": 0.587141871452,
        "var": 1505.30883789
    },
    "hfc": {
        "dmean": 13.098154068,
        "dmean2": 17.8479385376,
        "dvar": 563.167480469,
        "dvar2": 1020.95544434,
        "max": 515.104980469,
        "mean": 26.2919826508,
        "median": 17.7373924255,
        "min": 1.15483704405e-16,
        "var": 1305.40356445
    },
    "melbands_crest": {
        "dmean": 3.50573086739,
        "dmean2": 5.45532035828,
        "dvar": 12.53332901,
        "dvar2": 29.1757545471,
        "max": 38.4333457947,
        "mean": 20.3195228577,
        "median": 20.8034095764,
        "min": 3.10505127907,
        "var": 32.3532600403
    },
    "melbands_flatness_db": {
        "dmean": 0.053424410522,
        "dmean2": 0.0661344081163,
        "dvar": 0.00268318131566,
        "dvar2": 0.00444709230214,
        "max": 1,
        "mean": 0.339132666588,
        "median": 0.334049195051,
        "min": 0.00987804401666,
        "var": 0.016018750146
    },
    "melbands_kurtosis": {
        "dmean": 66.6588287354,
        "dmean2": 100.726455688,
        "dvar": 13071.2333984,
        "dvar2": 27512.1445312,
        "max": 1689.20959473,
        "mean": 104.944038391,
        "median": 51.4967651367,
        "min": -1.91838562489,
        "var": 23088.1210938
    },
    "melbands_skewness": {
        "dmean": 2.386105299,
        "dmean2": 3.52321457863,
        "dvar": 8.12244033813,
        "dvar2": 16.4865989685,
        "max": 35.3635787964,
        "mean": 6.26784849167,
        "median": 5.21755170822,
        "min": -2.55242085457,
        "var": 19.3017234802
    },
    "melbands_spread": {
        "dmean": 7.47801399231,
        "dmean2": 11.2983980179,
        "dvar": 337.320343018,
        "dvar2": 694.56036377,
        "max": 315.411773682,
        "mean": 12.4587602615,
        "median": 4.63486528397,
        "min": 0.0974489971995,
        "var": 722.082946777
    },
    "pitch_salience": {
        "dmean": 0.0829837843776,
        "dmean2": 0.124382600188,
        "dvar": 0.00680371141061,
        "dvar2": 0.0152011839673,
        "max": 0.867923617363,
        "mean": 0.400673389435,
        "median": 0.370184957981,
        "min": 0.0651260390878,
        "var": 0.0227920096368
    },
    "silence_rate_20dB": {
        "dmean": 0,
        "dmean2": 0,
        "dvar": 0,
        "dvar2": 0,
        "max": 1,
        "mean": 1,
        "median": 1,
        "min": 1,
        "var": 0
    },
    "silence_rate_30dB": {
        "dmean": 0.138043895364,
        "dmean2": 0.276114374399,
        "dvar": 0.118978962302,
        "dvar2": 0.219139918685,
        "max": 1,
        "mean": 0.515256524086,
        "median": 1,
        "min": 0,
        "var": 0.249751329422
    },
    "silence_rate_60dB": {
        "dmean": 0.0179052744061,
        "dmean2": 0.035813998431,
        "dvar": 0.0175845008343,
        "dvar2": 0.0385740883648,
        "max": 1,
        "mean": 0.0453364141285,
        "median": 0,
        "min": 0,
        "var": 0.043282341212
    },
    "spectral_centroid": {
        "dmean": 360.95135498,
        "dmean2": 524.58392334,
        "dvar": 295845.9375,
        "dvar2": 552215.5625,
        "max": 11364.8496094,
        "mean": 913.109069824,
        "median": 640.48425293,
        "min": 70.0431442261,
        "var": 852964.3125
    },
    "spectral_complexity": {
        "dmean": 3.66923379898,
        "dmean2": 5.48146724701,
        "dvar": 32.7638931274,
        "dvar2": 73.1554412842,
        "max": 48,
        "mean": 9.36519432068,
        "median": 8,
        "min": 0,
        "var": 55.0830154419
    },
    "spectral_decrease": {
        "dmean": 8.06257105523e-09,
        "dmean2": 1.09666205006e-08,
        "dvar": 1.05832888937e-16,
        "dvar2": 2.15198778766e-16,
        "max": 9.15488605292e-22,
        "mean": -2.41053541572e-08,
        "median": -2.38403270458e-08,
        "min": -9.78038343646e-08,
        "var": 3.33293382822e-16
    },
    "spectral_energy": {
        "dmean": 0.030824534595,
        "dmean2": 0.0419410541654,
        "dvar": 0.00151915871538,
        "dvar2": 0.00308504258282,
        "max": 0.372943431139,
        "mean": 0.0933639258146,
        "median": 0.0922049432993,
        "min": 1.03408497938e-20,
        "var": 0.00480678351596
    },
    "spectral_energyband_high": {
        "dmean": 0.00120410043746,
        "dmean2": 0.00169020576868,
        "dvar": 6.67192443871e-06,
        "dvar2": 1.19987307698e-05,
        "max": 0.0478148646653,
        "mean": 0.00164287420921,
        "median": 0.000481957802549,
        "min": 7.72010573753e-21,
        "var": 1.46564061652e-05
    },
    "spectral_energyband_low": {
        "dmean": 0.028675403446,
        "dmean2": 0.0402140021324,
        "dvar": 0.00162621669006,
        "dvar2": 0.00340508599766,
        "max": 0.361033648252,
        "mean": 0.0772688239813,
        "median": 0.0764260366559,
        "min": 2.63394440029e-23,
        "var": 0.004738740623
    },
    "spectral_energyband_middle_high": {
        "dmean": 0.0013001775369,
        "dmean2": 0.00198464537971,
        "dvar": 6.68798202241e-06,
        "dvar2": 1.59536339197e-05,
        "max": 0.0413348115981,
        "mean": 0.00188583903946,
        "median": 0.000720357464161,
        "min": 1.29400592853e-21,
        "var": 9.82851997833e-06
    },
    "spectral_energyband_middle_low": {
        "dmean": 0.00732475100085,
        "dmean2": 0.0112172421068,
        "dvar": 0.000152515131049,
        "dvar2": 0.000378314842237,
        "max": 0.162432938814,
        "mean": 0.0135019468144,
        "median": 0.00992456730455,
        "min": 4.58669024332e-22,
        "var": 0.000206966826227
    },
    "spectral_entropy": {
        "dmean": 0.369173318148,
        "dmean2": 0.493206828833,
        "dvar": 0.135373666883,
        "dvar2": 0.221250444651,
        "max": 9.81701278687,
        "mean": 7.26121807098,
        "median": 7.32725143433,
        "min": 2.79093313217,
        "var": 0.560926556587
    },
    "spectral_flux": {
        "dmean": 0.0532729141414,
        "dmean2": 0.082543104887,
        "dvar": 0.00321772205643,
        "dvar2": 0.00682921614498,
        "max": 0.513747990131,
        "mean": 0.121277153492,
        "median": 0.100534059107,
        "min": 1.01689968945e-10,
        "var": 0.00682584336028
    },
    "spectral_kurtosis": {
        "dmean": 2.45352387428,
        "dmean2": 3.66708946228,
        "dvar": 134.754180908,
        "dvar2": 338.840270996,
        "max": 545.819030762,
        "mean": 4.12545633316,
        "median": 2.43947935104,
        "min": -1.63152980804,
        "var": 196.761016846
    },
    "spectral_rms": {
        "dmean": 0.00166201253887,
        "dmean2": 0.00216117687523,
        "dvar": 3.45284342984e-06,
        "dvar2": 5.74757586946e-06,
        "max": 0.0190747808665,
        "mean": 0.00866264756769,
        "median": 0.0094845155254,
        "min": 3.17626112044e-12,
        "var": 1.60451636475e-05
    },
    "spectral_rolloff": {
        "dmean": 571.308776855,
        "dmean2": 1001.34179688,
        "dvar": 2379702.25,
        "dvar2": 5275664,
        "max": 18884.6191406,
        "mean": 945.186645508,
        "median": 193.798828125,
        "min": 21.533203125,
        "var": 5404312
    },
    "spectral_skewness": {
        "dmean": 0.38117903471,
        "dmean2": 0.52153980732,
        "dvar": 0.330778628588,
        "dvar2": 0.630027651787,
        "max": 21.2029533386,
        "mean": 1.56549572945,
        "median": 1.46125340462,
        "min": -0.688939809799,
        "var": 0.962794959545
    },
    "spectral_spread": {
        "dmean": 1349233.375,
        "dmean2": 1847778.5,
        "dvar": 2.14976154829e+12,
        "dvar2": 3.46923047322e+12,
        "max": 39530020,
        "mean": 6984036,
        "median": 6564256.5,
        "min": 343986.5,
        "var": 6.68956884992e+12
    },
    "spectral_strongpeak": {
        "dmean": 0.350179344416,
        "dmean2": 0.604820132256,
        "dvar": 0.346829384565,
        "dvar2": 0.910459935665,
        "max": 13.3214511871,
        "mean": 0.653684437275,
        "median": 0.454497456551,
        "min": 0,
        "var": 0.444459974766
    },
    "zerocrossingrate": {
        "dmean": 0.0174446795136,
        "dmean2": 0.0191674958915,
        "dvar": 0.000548862619326,
        "dvar2": 0.000572396675125,
        "max": 0.56884765625,
        "mean": 0.0459872670472,
        "median": 0.02880859375,
        "min": 0.00146484375,
        "var": 0.00357108842582
    },
    "barkbands": {
        "dmean": [0.00254535512067, 0.0211264435202, 0.00904280506074, 0.00243134796619, 0.00294044124894, 0.00136812322307, 0.0013397509465, 0.000963295635302, 0.000556834798772, 0.000296415033517, 0.000414946378442, 0.000238117063418, 0.000161167467013, 0.000128620697069, 9.83179052128e-05, 5.30654688191e-05, 6.74459224683e-05, 8.72929231264e-05, 0.00012893389794, 0.000199181915377, 0.00017641375598, 0.000132690824103, 0.000148724793689, 0.000389052263927, 0.000245491566602, 0.000122811863548, 3.55375527761e-06],
        "dmean2": [0.00407107919455, 0.0298668351024, 0.0147182755172, 0.00427281623706, 0.00454288488254, 0.00209397519939, 0.00201961770654, 0.00149567215703, 0.00085183250485, 0.000470985600259, 0.000691716326401, 0.00037819633144, 0.000257238018094, 0.00020311375556, 0.000160781230079, 8.25070455903e-05, 0.000104274869955, 0.000143502984429, 0.000214609171962, 0.000318507460179, 0.000291968492093, 0.00018638727488, 0.000211637307075, 0.000557471823413, 0.000342979910783, 0.00017382200167, 5.09866231369e-06],
        "dvar": [1.3880437109e-05, 0.000864653557073, 0.000728921208065, 5.81993153901e-05, 2.54402639257e-05, 1.0833052329e-05, 9.65113667917e-06, 8.4501452875e-06, 5.17898251928e-06, 9.19762896956e-07, 1.85220699223e-06, 5.02929651702e-07, 3.25056646489e-07, 2.07655574513e-07, 1.37665495004e-07, 5.03176593725e-08, 2.3637179325e-08, 4.08561540155e-08, 8.85516442395e-08, 2.20328146838e-07, 2.65295966528e-07, 3.33839096811e-07, 1.87786255879e-07, 8.55451162352e-07, 9.36849346544e-07, 1.36039545851e-07, 2.66749983213e-10],
        "dvar2": [2.97767601296e-05, 0.00182771682739, 0.00192816182971, 0.000163653458003, 5.82386564929e-05, 2.38073243963e-05, 2.17368542508e-05, 2.0530738766e-05, 1.29168001877e-05, 2.07009838959e-06, 4.68968892164e-06, 1.22925666801e-06, 7.7080602523e-07, 4.51421243497e-07, 3.31133719556e-07, 1.20574881635e-07, 5.38162261421e-08, 1.04181367533e-07, 2.19628674358e-07, 5.62460002129e-07, 7.1754794817e-07, 6.16858301328e-07, 3.66945954511e-07, 1.74571653133e-06, 1.61524542364e-06, 2.42739787382e-07, 4.5808040694e-10],
        "max": [0.0480096191168, 0.289682656527, 0.266713649035, 0.11079184711, 0.0707594528794, 0.0581634901464, 0.0665697753429, 0.0639403313398, 0.0665636956692, 0.0305825415999, 0.0392338894308, 0.0161325223744, 0.0129157751799, 0.0154780475423, 0.0109348921105, 0.00862124282867, 0.00266527687199, 0.0032021808438, 0.00502444198355, 0.00927417911589, 0.0103354426101, 0.0234826058149, 0.0128955934197, 0.0243152249604, 0.0306532010436, 0.013862920925, 0.00058997864835],
        "mean": [0.00552184320986, 0.0558740757406, 0.0149994250387, 0.00253331451677, 0.0046876296401, 0.00187341182027, 0.00242194067687, 0.00114057899918, 0.000718827999663, 0.000339902675478, 0.00041894800961, 0.000302856817143, 0.000175443492481, 0.000135616632178, 0.000100074023067, 6.71066809446e-05, 8.66877817316e-05, 9.73632268142e-05, 0.000127824532683, 0.000215219362872, 0.000164829194546, 0.000176304922206, 0.00020944912103, 0.000488926947583, 0.000342615792761, 0.000139187381137, 4.62430034531e-06],
        "median": [0.00215282058343, 0.0542555749416, 0.00639358535409, 0.0011044871062, 0.00240205926821, 0.000353338138666, 0.000340817699907, 0.000107718871732, 0.00012180453632, 5.61457454751e-05, 4.18638555857e-05, 2.5944211302e-05, 2.40273802774e-05, 1.54103036039e-05, 1.47806758832e-05, 1.24848302221e-05, 1.87187397387e-05, 2.38782031374e-05, 3.0837545637e-05, 6.29318456049e-05, 3.67696557078e-05, 4.36718364654e-05, 6.63088794681e-05, 0.00011686378275, 5.49061041966e-05, 1.4281004951e-05, 4.04693793143e-07],
        "min": [1.50771703154e-23, 8.49149599903e-24, 9.27130866966e-24, 3.17302772489e-24, 1.06252760797e-22, 1.36637638138e-22, 1.0756170192e-22, 5.63688006673e-23, 3.95475630201e-23, 1.90124060965e-23, 3.67636823519e-23, 5.91335183263e-23, 6.68911070485e-23, 5.63354665609e-23, 1.76524288286e-22, 1.51469889231e-22, 2.41072459513e-22, 1.59638057966e-22, 2.3837450473e-22, 2.39639761891e-22, 4.22026397419e-22, 5.4953767219e-22, 5.75761276702e-22, 8.73743348365e-22, 1.06535117465e-21, 1.82743907476e-21, 2.4979864952e-21],
        "var": [4.45810983365e-05, 0.00263477675617, 0.000715833215509, 4.10027278122e-05, 4.49196086265e-05, 1.65414530784e-05, 2.38469419855e-05, 9.86383929558e-06, 5.18277693118e-06, 1.16652972793e-06, 1.83487327376e-06, 8.50720539347e-07, 4.06888688076e-07, 2.90014611437e-07, 1.42894151622e-07, 7.17307457876e-08, 3.58039429216e-08, 4.25696491391e-08, 8.55666968391e-08, 2.09524046113e-07, 2.07635849847e-07, 5.71553869122e-07, 3.45594685314e-07, 1.56093199166e-06, 2.12750137507e-06, 2.40991340661e-07, 5.58935953077e-10]
    },
    "erbbands": {
        "dmean": [0.803004920483, 4.40326452255, 9.98584461212, 7.99933958054, 10.0483016968, 9.68053340912, 11.4722394943, 10.51608181, 15.1624412537, 23.5248069763, 20.0424175262, 12.4496583939, 9.94401264191, 11.1105918884, 14.8015518188, 8.89620399475, 6.98487758636, 6.88687992096, 6.06162309647, 3.3182387352, 2.60489583015, 3.66649365425, 4.66307878494, 4.39267206192, 8.36962604523, 9.4166431427, 7.94968366623, 6.21412420273, 4.76377105713, 4.31809186935, 4.36526918411, 7.01910924911, 6.8570599556, 3.68830919266, 1.31690752506, 0.73509645462, 0.189579844475, 0.0128883272409, 0.000733112043235, 5.62566820008e-05],
        "dmean2": [1.14066803455, 6.36611890793, 15.8396444321, 12.6476783752, 17.0758285522, 14.5800628662, 17.441740036, 16.0302639008, 22.970243454, 35.2398109436, 31.0783042908, 18.9251995087, 15.4585189819, 17.5757732391, 24.4733715057, 14.042388916, 10.9967308044, 10.796833992, 9.74129390717, 5.24216508865, 3.98759675026, 5.5980963707, 7.48967552185, 7.2407374382, 13.8517227173, 15.0552883148, 13.0968379974, 9.99003791809, 6.63530874252, 6.08557987213, 6.22745370865, 10.1437187195, 10.02090168, 5.28972005844, 1.83373713493, 1.02712643147, 0.272078365088, 0.0181057043374, 0.00103923934512, 7.63629141147e-05],
        "dvar": [1.44510400295, 40.2025909424, 560.483398438, 675.327941895, 537.816223145, 344.029663086, 828.06640625, 742.480102539, 1477.40002441, 3370.10668945, 4750.21240234, 2874.07348633, 1193.90014648, 1155.28271484, 2211.71362305, 795.955810547, 541.237304688, 548.747619629, 463.758361816, 169.343444824, 75.8722229004, 68.904838562, 104.317008972, 122.65637207, 341.62020874, 519.90435791, 523.928222656, 384.385131836, 355.056549072, 436.310119629, 129.57321167, 213.210647583, 354.556793213, 169.633209229, 40.0835571289, 5.96587085724, 0.281050026417, 0.00229389057495, 9.16937369766e-06, 1.23382042361e-08],
        "dvar2": [2.86620688438, 87.6772384644, 1433.59179688, 1583.01452637, 1470.47033691, 688.638366699, 1862.45214844, 1604.00390625, 3343.73168945, 7315.77880859, 11823.6474609, 7211.51513672, 2839.41723633, 2599.73413086, 5828.4296875, 1999.70654297, 1250.49768066, 1279.04541016, 1113.11865234, 364.697143555, 176.143188477, 155.428390503, 259.20010376, 306.541809082, 848.201782227, 1323.46923828, 1427.6496582, 976.228759766, 649.23223877, 832.228149414, 255.24911499, 419.406768799, 751.730651855, 302.888000488, 73.7898864746, 10.4279985428, 0.512282013893, 0.00404665106907, 1.63507120305e-05, 2.03598666815e-08],
        "max": [14.7102689743, 56.0311355591, 236.635116577, 266.092193604, 297.282745361, 432.657226562, 695.959594727, 491.851257324, 987.167541504, 1075.49365234, 2278.34741211, 1638.86901855, 1220.04724121, 935.006408691, 1146.95092773, 750.091186523, 529.222595215, 483.501556396, 598.34173584, 627.413879395, 235.346481323, 138.430267334, 199.805999756, 135.125061035, 287.986358643, 403.990753174, 275.497711182, 603.934265137, 721.188293457, 906.56854248, 283.540008545, 357.772460938, 571.170288086, 629.045898438, 222.251174927, 92.2642745972, 18.389503479, 1.5956248045, 0.115064576268, 0.00416149199009],
        "mean": [2.08520412445, 10.3784532547, 19.6781349182, 11.3766126633, 12.8492937088, 16.1338214874, 16.1918010712, 14.1594762802, 24.4222545624, 41.20262146, 24.9543952942, 16.5825634003, 12.2380895615, 13.1466741562, 16.3972911835, 11.0162305832, 8.11170959473, 7.67096042633, 6.43109226227, 4.16554164886, 3.47960996628, 4.90642213821, 5.58597230911, 4.73620176315, 8.53853702545, 10.1240100861, 7.69709396362, 6.11693429947, 6.23111248016, 6.00144290924, 6.16764068604, 9.03578567505, 8.46405124664, 4.94820356369, 1.8044577837, 0.865240097046, 0.209336519241, 0.0161921214312, 0.000993632595055, 0.000145054902532],
        "median": [1.82684707642, 9.20782184601, 13.122964859, 5.36020040512, 5.26576042175, 5.23235702515, 3.77638101578, 3.60020494461, 5.35253095627, 5.77386426926, 3.88485956192, 3.50576090813, 2.547519207, 2.32050251961, 1.9530056715, 1.3789396286, 1.45319473743, 0.922344565392, 0.938542723656, 0.761181592941, 0.751958906651, 1.11073029041, 1.43675732613, 1.29568529129, 2.29267716408, 2.89358210564, 1.93544971943, 1.27069675922, 1.56657803059, 1.40343999863, 2.02928328514, 2.53088736534, 1.62787389755, 0.76099139452, 0.260720551014, 0.106530219316, 0.018245825544, 0.0018932899693, 0.000174322267412, 0.000124468060676],
        "min": [5.87914783353e-22, 9.10290453688e-22, 8.65750089656e-21, 1.4345079274e-20, 1.92912710165e-19, 3.69879446071e-19, 3.74110500754e-19, 1.45036721571e-18, 1.2479316146e-18, 2.23111414798e-18, 9.70520259361e-19, 1.02684898433e-18, 7.28981452543e-19, 8.09292004626e-19, 1.54579532067e-18, 2.82983285202e-18, 2.67583043353e-18, 2.95896773976e-18, 8.06857446647e-18, 9.83009197685e-18, 9.19252018585e-18, 1.28282883436e-17, 9.79616516403e-18, 1.09292313768e-17, 1.04925643858e-17, 1.0549488474e-17, 1.42010020147e-17, 2.08779493253e-17, 1.82450516335e-17, 2.01750062777e-17, 1.52880182557e-17, 1.58357309352e-17, 1.54637875184e-17, 1.17842598519e-17, 7.58179273805e-18, 7.05751822119e-18, 3.09064620788e-18, 1.33764752044e-18, 2.93721418212e-19, 3.9798793509e-20],
        "var": [4.33039712906, 101.510879517, 727.307434082, 651.271240234, 472.373382568, 885.182434082, 1261.24694824, 1111.72961426, 2591.54956055, 8928.86621094, 5169.58251953, 2810.14379883, 1346.04211426, 1482.5814209, 2148.54296875, 960.862670898, 665.350769043, 722.794921875, 526.502624512, 253.813583374, 112.248146057, 105.44733429, 122.834777832, 113.550308228, 341.77947998, 489.367156982, 391.865936279, 374.538574219, 625.131225586, 718.597961426, 240.148254395, 409.368469238, 612.970397949, 376.545410156, 83.5130233765, 10.8012142181, 0.497019588947, 0.00448509631678, 1.92340376088e-05, 3.29522045206e-08]
    },
    "gfcc": {
        "mean": [-32.0160369873, 81.4816818237, -50.4790153503, 51.9982719421, -55.6862602234, 27.7267093658, -27.3880157471, 19.2641983032, -21.6967144012, 6.33256244659, -5.96319723129, -1.91847789288, -9.01039600372],
        "cov": [[19618.3476562, 1306.6262207, -237.623291016, 365.827819824, -1331.69934082, 221.994995117, -620.841247559, 686.772399902, 16.5177707672, 89.8029632568, -320.276947021, 107.5679245, -76.9113006592], [1306.6262207, 2187.95385742, -82.3198318481, -156.092559814, 242.165405273, -223.078460693, 203.84022522, -40.925567627, 230.983108521, -153.956420898, 119.808601379, -85.0140380859, 93.6685333252], [-237.623291016, -82.3198318481, 1232.51831055, 434.272369385, 282.563873291, 244.920150757, 134.160812378, 35.4959793091, 53.8140449524, -16.3660926819, 16.1901988983, 4.99227762222, 36.8796615601], [365.827819824, -156.092559814, 434.272369385, 664.921081543, 297.852203369, -10.0553331375, -40.6946220398, 30.9708881378, 89.4204940796, 2.31190347672, -21.7069416046, -8.3660326004, 82.6011657715], [-1331.69934082, 242.165405273, 282.563873291, 297.852203369, 694.736938477, 84.7279205322, 117.779640198, -25.7137107849, 164.104858398, -1.60331976414, 12.4724006653, -53.2786216736, 82.4122161865], [221.994995117, -223.078460693, 244.920150757, -10.0553331375, 84.7279205322, 402.485015869, 181.495895386, 90.5037231445, 35.5722503662, 27.746553421, 4.72224998474, -6.52879810333, -41.0964889526], [-620.841247559, 203.84022522, 134.160812378, -40.6946220398, 117.779640198, 181.495895386, 371.027709961, 66.0366744995, 31.2288150787, -12.9889059067, 89.7500457764, -12.8448476791, -21.7924022675], [686.772399902, -40.925567627, 35.4959793091, 30.9708881378, -25.7137107849, 90.5037231445, 66.0366744995, 202.064407349, 83.7968978882, 31.5273761749, 7.32900953293, -0.16129937768, -0.0504920370877], [16.5177707672, 230.983108521, 53.8140449524, 89.4204940796, 164.104858398, 35.5722503662, 31.2288150787, 83.7968978882, 280.230102539, 23.7405395508, 10.5065307617, -11.5455255508, 36.1355819702], [89.8029632568, -153.956420898, -16.3660926819, 2.31190347672, -1.60331976414, 27.746553421, -12.9889059067, 31.5273761749, 23.7405395508, 130.088058472, 25.5467605591, -4.69012784958, -13.3336763382], [-320.276947021, 119.808601379, 16.1901988983, -21.7069416046, 12.4724006653, 4.72224998474, 89.7500457764, 7.32900953293, 10.5065307617, 25.5467605591, 145.602859497, 16.3702106476, -7.34484863281], [107.5679245, -85.0140380859, 4.99227762222, -8.3660326004, -53.2786216736, -6.52879810333, -12.8448476791, -0.16129937768, -11.5455255508, -4.69012784958, 16.3702106476, 102.305580139, 19.8634777069], [-76.9113006592, 93.6685333252, 36.8796615601, 82.6011657715, 82.4122161865, -41.0964889526, -21.7924022675, -0.0504920370877, 36.1355819702, -13.3336763382, -7.34484863281, 19.8634777069, 109.515213013]],
        "icov": [[0.000186349570868, -0.000461677554995, 0.000136075745104, -0.000542959314771, 0.000477523542941, -0.000664083869196, 0.000580630381592, -0.000612621370237, 0.000398539850721, -0.000441612501163, 0.000464805722004, -0.000465412915219, 0.000326472072629], [-0.000461677554995, 0.00201604072936, -0.000444688572315, 0.00182242179289, -0.0013091355795, 0.00238620233722, -0.00193209073041, 0.00165369501337, -0.00179345509969, 0.0020955412183, -0.00174614216667, 0.00200902624056, -0.0014110612683], [0.000136075745104, -0.000444688572315, 0.00142667465843, -0.00134404178243, 0.000327975925757, -0.00141368631739, 0.000333726056851, -0.00021311159071, 0.000475901179016, -0.000149171115481, 0.000201023023692, -0.000603015883826, 0.000245873641688], [-0.000542959314771, 0.00182242179289, -0.00134404178243, 0.0045280684717, -0.00242129783146, 0.00298307579942, -0.00128804694396, 0.000955682538915, -0.00152265978977, 0.0016953147715, -0.0015020200517, 0.00181281229015, -0.00193777657114], [0.000477523542941, -0.0013091355795, 0.000327975925757, -0.00242129783146, 0.00399643648416, -0.00233229319565, 0.000605688604992, 5.11117286806e-05, -0.000210145270103, -0.0014852473978, 0.00132995215245, 1.9784178221e-05, -0.000617072975729], [-0.000664083869196, 0.00238620233722, -0.00141368631739, 0.00298307579942, -0.00233229319565, 0.00739869242534, -0.00422256626189, 0.000946732412558, -0.00200077728368, 0.00132344372105, -0.000588951748796, 0.00167366024107, -0.00011125439778], [0.000580630381592, -0.00193209073041, 0.000333726056851, -0.00128804694396, 0.000605688604992, -0.00422256626189, 0.00716137234122, -0.00339168333448, 0.00209261197597, -0.000150259496877, -0.00141423777677, -0.00127837399486, 0.00173078617081], [-0.000612621370237, 0.00165369501337, -0.00021311159071, 0.000955682538915, 5.11117286806e-05, 0.000946732412558, -0.00339168333448, 0.00955169741064, -0.0038719184231, 0.000261972163571, -0.0010466495296, 0.00190497282892, -0.00195363722742], [0.000398539850721, -0.00179345509969, 0.000475901179016, -0.00152265978977, -0.000210145270103, -0.00200077728368, 0.00209261197597, -0.0038719184231, 0.00672669243068, -0.00220476998948, 0.00117545400281, -0.00166808906943, 0.000517398701049], [-0.000441612501163, 0.0020955412183, -0.000149171115481, 0.0016953147715, -0.0014852473978, 0.00132344372105, -0.000150259496877, 0.000261972163571, -0.00220476998948, 0.0113694500178, -0.00442394893616, 0.00270639080554, -0.000422216078732], [0.000464805722004, -0.00174614216667, 0.000201023023692, -0.0015020200517, 0.00132995215245, -0.000588951748796, -0.00141423777677, -0.0010466495296, 0.00117545400281, -0.00442394893616, 0.0111262919381, -0.00381459691562, 0.00189298414625], [-0.000465412915219, 0.00200902624056, -0.000603015883826, 0.00181281229015, 1.9784178221e-05, 0.00167366024107, -0.00127837399486, 0.00190497282892, -0.00166808906943, 0.00270639080554, -0.00381459691562, 0.0135253788903, -0.00467885844409], [0.000326472072629, -0.0014110612683, 0.000245873641688, -0.00193777657114, -0.000617072975729, -0.00011125439778, 0.00173078617081, -0.00195363722742, 0.000517398701049, -0.000422216078732, 0.00189298414625, -0.00467885844409, 0.013465651311]]
    },
    "melbands": {
        "dmean": [0.0062812003307, 0.00528303161263, 0.00142331526149, 0.000678528565913, 0.000407267070841, 0.000243544011028, 0.000245330971666, 0.000247327174293, 0.000156470123329, 7.411428669e-05, 4.94481864735e-05, 4.38097704318e-05, 5.53192912776e-05, 3.11863805109e-05, 1.89643160411e-05, 1.39869171107e-05, 1.34326792249e-05, 1.04744376586e-05, 6.0026227402e-06, 4.12109147874e-06, 3.01960676552e-06, 3.7261813759e-06, 4.59771263195e-06, 4.2094602577e-06, 3.41480517818e-06, 5.61738215765e-06, 6.45418185741e-06, 6.57630562273e-06, 5.55269889446e-06, 4.21721279054e-06, 3.33761954607e-06, 2.74286708191e-06, 2.65304151981e-06, 2.38875099967e-06, 2.27936675401e-06, 3.64339598491e-06, 4.61915306005e-06, 5.13204304298e-06, 4.2084634515e-06, 2.87017633127e-06],
        "dmean2": [0.00898389518261, 0.00794755667448, 0.002276053885, 0.00106788473204, 0.000614575401414, 0.000371450238163, 0.000370643974748, 0.000374093098799, 0.000242636393523, 0.000112756875751, 7.70797560108e-05, 6.94126210874e-05, 9.12361792871e-05, 5.01281538163e-05, 2.99673902191e-05, 2.22187027248e-05, 2.11525657505e-05, 1.67896760104e-05, 9.74091653916e-06, 6.41064161755e-06, 4.73382806376e-06, 5.73180750507e-06, 7.17161674402e-06, 7.01789531377e-06, 5.66491053178e-06, 9.41434973356e-06, 1.04421433207e-05, 1.06501229311e-05, 9.2145128292e-06, 7.04971171217e-06, 5.29155659024e-06, 3.88988246414e-06, 3.80554229196e-06, 3.38062250194e-06, 3.28263308802e-06, 5.37706910109e-06, 6.70187773721e-06, 7.55049541112e-06, 6.24694075668e-06, 4.12988038079e-06],
        "dvar": [7.78529210947e-05, 9.13142721402e-05, 1.65644141816e-05, 1.63135848652e-06, 8.0115472656e-07, 3.70799341454e-07, 3.4706539509e-07, 3.67470420315e-07, 3.39714063102e-07, 1.10032132739e-07, 2.99978388796e-08, 1.83771025064e-08, 3.12641503797e-08, 9.18291576113e-09, 4.39491509852e-09, 2.94315261051e-09, 2.31306618304e-09, 1.46048906302e-09, 4.9556436732e-10, 4.34738522959e-10, 1.06985850734e-10, 8.25775836599e-11, 9.76021832799e-11, 1.09704502427e-10, 7.60021004464e-11, 1.80216855328e-10, 2.12422066048e-10, 2.76846323644e-10, 3.02524033602e-10, 1.47865095168e-10, 1.33751024145e-10, 1.04885815311e-10, 1.91580334929e-10, 1.24440249771e-10, 4.56032329954e-11, 5.6059233644e-11, 1.05969323594e-10, 1.94394639275e-10, 1.87356283265e-10, 1.27050162058e-10],
        "dvar2": [0.000157069560373, 0.000216007465497, 3.74120354536e-05, 3.99319787903e-06, 1.75269042302e-06, 7.97585187229e-07, 7.90574574694e-07, 8.20168736482e-07, 8.5819300466e-07, 2.75632288549e-07, 7.0779854866e-08, 4.07412663606e-08, 7.9476038195e-08, 2.29719674394e-08, 1.1035139913e-08, 6.75300260156e-09, 5.35680166891e-09, 3.39558514639e-09, 1.17019549606e-09, 1.0410013962e-09, 2.66405453253e-10, 1.91631696622e-10, 2.25252802522e-10, 2.89180929203e-10, 1.88832560699e-10, 4.55098597696e-10, 5.22093812627e-10, 7.21005699589e-10, 8.38776270662e-10, 3.98868105211e-10, 3.25138083124e-10, 1.89394000483e-10, 3.8448771944e-10, 2.44593623133e-10, 9.27582038956e-11, 1.17234805197e-10, 2.14179743385e-10, 4.10918049587e-10, 4.19382140127e-10, 2.32112606913e-10],
        "max": [0.102297283709, 0.101145341992, 0.0453996956348, 0.0177961569279, 0.019102614373, 0.010916126892, 0.0127385435626, 0.0126590691507, 0.021613240242, 0.0102508813143, 0.00606179842725, 0.00377430510707, 0.00566676305607, 0.00209927535616, 0.00224540056661, 0.00143262825441, 0.00109561218414, 0.00102691235952, 0.000777828739956, 0.0008720488986, 0.000281248270767, 0.000171531341039, 0.000153095359565, 0.000148978535435, 0.000112073423225, 0.000261423090706, 0.000386406754842, 0.000290868803859, 0.000228905948461, 0.000179426962859, 0.000478805537568, 0.000371149828425, 0.000554869999178, 0.000465244142106, 0.000192292951397, 0.000189598154975, 0.000226694246521, 0.000325881439494, 0.000505876203533, 0.000563409470487],
        "mean": [0.016676818952, 0.0117540843785, 0.00215324969031, 0.00103792909067, 0.000605273933616, 0.000326092005707, 0.000414839712903, 0.000406134873629, 0.000187777943211, 9.67290034168e-05, 5.91293319303e-05, 5.10494646733e-05, 5.94034609094e-05, 3.66696694982e-05, 2.24681625696e-05, 1.53942528414e-05, 1.41379232446e-05, 1.06572779259e-05, 6.29655369266e-06, 5.20637740919e-06, 3.77915898753e-06, 4.7480352805e-06, 5.77562059334e-06, 4.47486672783e-06, 3.53463565261e-06, 5.41374629393e-06, 7.01957287674e-06, 6.77238267599e-06, 5.27584279553e-06, 3.79565017283e-06, 3.34104220201e-06, 3.43836472894e-06, 3.52017491423e-06, 3.22802702613e-06, 3.23927520185e-06, 4.54086193713e-06, 5.83433256907e-06, 6.2013018578e-06, 5.19937293575e-06, 3.81178460884e-06],
        "median": [0.015738107264, 0.0105877034366, 0.00115777319297, 0.00049751449842, 0.000165462930454, 7.26151629351e-05, 8.03372167866e-05, 5.72596327402e-05, 2.10924426938e-05, 1.79495928023e-05, 1.1165543583e-05, 8.15784096631e-06, 6.51511027172e-06, 3.66908125216e-06, 3.34788023792e-06, 2.05926653507e-06, 1.48890046603e-06, 1.41615578286e-06, 1.02894205156e-06, 8.81955827481e-07, 7.75215312387e-07, 9.9552357824e-07, 1.38196526223e-06, 1.09040274765e-06, 8.4315905724e-07, 1.21853088331e-06, 2.03764943763e-06, 1.65954986642e-06, 1.20162553685e-06, 7.04384547134e-07, 6.47768104045e-07, 7.62712431879e-07, 8.27115627544e-07, 5.91316052123e-07, 9.78132334239e-07, 1.2967686871e-06, 1.55037139393e-06, 1.11346298581e-06, 8.60083957832e-07, 5.10082202254e-07],
        "min": [4.33314787135e-24, 3.21815549905e-24, 5.33445730139e-24, 2.39571661107e-23, 1.34602878719e-23, 3.14492337185e-23, 2.00080022014e-23, 2.15494632315e-23, 7.26946052669e-24, 6.06648077839e-24, 3.5425988038e-24, 2.97466628369e-24, 5.48653114569e-24, 6.6429606064e-24, 6.6806011045e-24, 6.14588436167e-24, 4.5345562878e-24, 1.30791063381e-23, 1.0714698512e-23, 1.27363249756e-23, 1.06006308028e-23, 1.47649439022e-23, 1.11114426936e-23, 6.29952212271e-24, 9.45699863814e-24, 7.09517433146e-24, 7.51040467956e-24, 6.97412599214e-24, 9.97802706655e-24, 7.12037449308e-24, 1.47535353958e-23, 1.04551482858e-23, 9.1999498899e-24, 1.24148578458e-23, 8.0584326613e-24, 9.06725480817e-24, 1.00655243627e-23, 1.15191812297e-23, 9.28168929032e-24, 1.02253554707e-23],
        "var": [0.000241873087361, 0.000162517782883, 1.74403103301e-05, 2.50922516898e-06, 1.35633661102e-06, 5.67736435642e-07, 6.5556548634e-07, 8.16082945221e-07, 3.47039929238e-07, 1.05336624756e-07, 3.38936843036e-08, 2.39437483174e-08, 3.16561497016e-08, 1.33444295614e-08, 4.76637884717e-09, 3.79452869126e-09, 2.92990209871e-09, 1.74805647735e-09, 5.4954835127e-10, 6.12103867592e-10, 1.30994590175e-10, 1.19163789947e-10, 1.36637617887e-10, 1.01154987164e-10, 7.03694255644e-11, 1.66501978871e-10, 2.25169341506e-10, 2.44988279663e-10, 2.14256251629e-10, 1.13499216969e-10, 1.43513700923e-10, 1.87242873984e-10, 2.86988377507e-10, 2.02232217084e-10, 7.86512036055e-11, 9.73490663081e-11, 1.91587287701e-10, 3.29739235916e-10, 3.08717051922e-10, 2.71952071973e-10]
    },
    "mfcc": {
        "mean": [-687.175354004, 109.681991577, 60.5923156738, 34.0004196167, 15.1800060272, 9.25369739532, 16.5098628998, 9.38404178619, 3.10622739792, 9.56556987762, 1.40822184086, 7.95951080322, 2.03206300735],
        "cov": [[10921.6835938, 24.8934059143, 105.7527771, -336.053039551, -542.927612305, -432.690734863, -24.8373851776, -146.857696533, -144.491210938, 115.845062256, -16.5811481476, 116.077323914, -11.9765205383], [24.8934059143, 1955.72839355, -207.017562866, 68.9534683228, -27.6823596954, 11.4780025482, 59.4578437805, 99.6162033081, 17.2624721527, 15.6480197906, 52.7282981873, 89.7040252686, 76.5080108643], [105.7527771, -207.017562866, 980.383056641, 157.848556519, 117.144386292, 160.172393799, 182.974899292, 113.092308044, 44.4654693604, 39.8764305115, 1.18226921558, 23.0235900879, 58.7451438904], [-336.053039551, 68.9534683228, 157.848556519, 679.026123047, 337.079711914, 73.4638595581, -3.39568185806, -15.8733692169, 55.7206497192, 28.2870044708, -55.746673584, -5.26979351044, -6.53558254242], [-542.927612305, -27.6823596954, 117.144386292, 337.079711914, 549.286254883, 185.271194458, -19.5138549805, 12.0331897736, 140.881240845, 72.665725708, 21.7995033264, -11.1373605728, -25.6328029633], [-432.690734863, 11.4780025482, 160.172393799, 73.4638595581, 185.271194458, 309.875335693, 126.34828949, 83.4632492065, 86.1042633057, 25.8237171173, 79.801902771, 1.94408273697, -3.67516684532], [-24.8373851776, 59.4578437805, 182.974899292, -3.39568185806, -19.5138549805, 126.34828949, 356.14630127, 81.2395706177, 29.9983463287, 24.1098690033, 27.8261604309, 54.6073188782, -0.694645047188], [-146.857696533, 99.6162033081, 113.092308044, -15.8733692169, 12.0331897736, 83.4632492065, 81.2395706177, 241.512756348, 74.8417205811, 36.5132408142, 60.6686630249, 26.0861606598, 70.2494812012], [-144.491210938, 17.2624721527, 44.4654693604, 55.7206497192, 140.881240845, 86.1042633057, 29.9983463287, 74.8417205811, 208.760879517, 60.1677398682, 48.7272377014, 16.8944644928, -2.853058815], [115.845062256, 15.6480197906, 39.8764305115, 28.2870044708, 72.665725708, 25.8237171173, 24.1098690033, 36.5132408142, 60.1677398682, 163.207305908, 58.4986152649, 42.7796936035, 23.8505268097], [-16.5811481476, 52.7282981873, 1.18226921558, -55.746673584, 21.7995033264, 79.801902771, 27.8261604309, 60.6686630249, 48.7272377014, 58.4986152649, 145.854003906, 43.1266593933, 20.9460411072], [116.077323914, 89.7040252686, 23.0235900879, -5.26979351044, -11.1373605728, 1.94408273697, 54.6073188782, 26.0861606598, 16.8944644928, 42.7796936035, 43.1266593933, 117.742370605, 47.980266571], [-11.9765205383, 76.5080108643, 58.7451438904, -6.53558254242, -25.6328029633, -3.67516684532, -0.694645047188, 70.2494812012, -2.853058815, 23.8505268097, 20.9460411072, 47.980266571, 142.435943604]],
