{
"lowlevel": {
    "average_loudness": 0.906633973122,
    "barkbands_crest": {
        "dmean": 3.19834494591,
        "dmean2": 4.9962105751,
        "dvar": 9.40671539307,
        "dvar2": 22.5698242188,
        "max": 26.2149600983,
        "mean": 14.1380720139,
        "median": 13.6944551468,
        "min": 2.12031269073,
        "var": 24.4592018127
    },
    "barkbands_flatness_db": {
        "dmean": 0.0351703725755,
        "dmean2": 0.0470747053623,
        "dvar": 0.00124909833539,
        "dvar2": 0.00222062482499,
        "max": 0.623865365982,
        "mean": 0.180597305298,
        "median": 0.172853186727,
        "min": 0.0086963288486,
        "var": 0.00490638846532
    },
    "barkbands_kurtosis": {
        "dmean": 11.4289731979,
        "dmean2": 17.5510501862,
        "dvar": 1038.81262207,
        "dvar2": 2333.66064453,
        "max": 1051.44116211,
        "mean": 14.7820730209,
        "median": 3.90356731415,
        "min": -1.95379817486,
        "var": 1467.7923584
    },
    "barkbands_skewness": {
        "dmean": 1.07446873188,
        "dmean2": 1.55109572411,
        "dvar": 1.97610449791,
        "dvar2": 3.99180817604,
        "max": 23.1185741425,
        "mean": 2.34354519844,
        "median": 1.74605929852,
        "min": -4.56028461456,
        "var": 5.49139022827
    },
    "barkbands_spread": {
        "dmean": 7.93934059143,
        "dmean2": 11.5329198837,
        "dvar": 122.535217285,
        "dvar2": 258.202270508,
        "max": 137.3722229,
        "mean": 18.392326355,
        "median": 14.1012792587,
        "min": 0.144952252507,
        "var": 243.995544434
    },
    "dissonance": {
        "dmean": 0.0282586570829,
        "dmean2": 0.0451036393642,
        "dvar": 0.000799281289801,
        "dvar2": 0.00200686068274,
        "max": 0.500000119209,
        "mean": 0.434393852949,
        "median": 0.446214318275,
        "min": 0.18870075047,
        "var": 0.00234167417511
    },
    "dynamic_complexity": 3.62394547462,
    "erbbands_crest": {
        "dmean": 3.72509837151,
        "dmean2": 5.87145662308,
        "dvar": 12.1727790833,
        "dvar2": 29.1528491974,
        "max": 32.8890953064,
        "mean": 13.0640821457,
        "median": 11.6699800491,
        "min": 2.28597331047,
        "var": 39.7086296082
    },
    "erbbands_flatness_db": {
        "dmean": 0.0289039108902,
        "dmean2": 0.0394638516009,
        "dvar": 0.000629484595265,
        "dvar2": 0.00119409954641,
        "max": 0.36489123106,
        "mean": 0.165272638202,
        "median": 0.164909079671,
        "min": 0.0297707542777,
        "var": 0.00311800697818
    },
    "erbbands_kurtosis": {
        "dmean": 2.39827156067,
        "dmean2": 3.73876094818,
        "dvar": 13.5898962021,
        "dvar2": 31.8606319427,
        "max": 100.795150757,
        "mean": 2.58904790878,
        "median": 0.906400680542,
        "min": -1.911003232,
        "var": 26.245847702
    },
    "erbbands_skewness": {
        "dmean": 0.6273214221,
        "dmean2": 0.934029042721,
        "dvar": 0.361913055182,
        "dvar2": 0.783217906952,
        "max": 9.12373638153,
        "mean": 0.830314338207,
        "median": 0.73177677393,
        "min": -5.69797897339,
        "var": 1.50470399857
    },
    "erbbands_spread": {
        "dmean": 13.1267604828,
        "dmean2": 19.5014400482,
        "dvar": 282.582611084,
        "dvar2": 611.83782959,
        "max": 205.494384766,
        "mean": 36.9172210693,
        "median": 29.8293056488,
        "min": 1.91685128212,
        "var": 749.735229492
    },
    "hfc": {
        "dmean": 9.59177780151,
        "dmean2": 13.6162862778,
        "dvar": 198.422897339,
        "dvar2": 433.878601074,
        "max": 137.900115967,
        "mean": 18.9030628204,
        "median": 12.1609239578,
        "min": 2.87285115402e-13,
        "var": 377.921051025
    },
    "melbands_crest": {
        "dmean": 3.71587562561,
        "dmean2": 5.89195871353,
        "dvar": 12.5709972382,
        "dvar2": 30.6412410736,
        "max": 38.0395240784,
        "mean": 18.285484314,
        "median": 18.1900615692,
        "min": 1.02990031242,
        "var": 30.8968830109
    },
    "melbands_flatness_db": {
        "dmean": 0.0413344725966,
        "dmean2": 0.0549923628569,
        "dvar": 0.00183956185356,
        "dvar2": 0.0032210436184,
        "max": 0.760761618614,
        "mean": 0.268930912018,
        "median": 0.262032181025,
        "min": 8.45657723403e-06,
        "var": 0.0077276234515
    },
    "melbands_kurtosis": {
        "dmean": 24.1745204926,
        "dmean2": 37.1766242981,
        "dvar": 3527.83154297,
        "dvar2": 7890.44091797,
        "max": 1258.31835938,
        "mean": 34.3007164001,
        "median": 10.030043602,
        "min": -1.92888641357,
        "var": 5597.69873047
    },
    "melbands_skewness": {
        "dmean": 1.43120777607,
        "dmean2": 2.0860812664,
        "dvar": 3.50395011902,
        "dvar2": 7.1824297905,
        "max": 29.2278213501,
        "mean": 3.40974497795,
        "median": 2.51226687431,
        "min": -1.38195383549,
        "var": 10.217461586
    },
    "melbands_spread": {
        "dmean": 6.96995782852,
        "dmean2": 10.403222084,
        "dvar": 134.619979858,
        "dvar2": 293.054931641,
        "max": 313.586181641,
        "mean": 16.6009559631,
        "median": 12.7090892792,
        "min": 0.0757395550609,
        "var": 282.186523438
    },
    "pitch_salience": {
        "dmean": 0.0749233737588,
        "dmean2": 0.11636403203,
        "dvar": 0.00562680605799,
        "dvar2": 0.0134959882125,
        "max": 0.99757039547,
        "mean": 0.422739565372,
        "median": 0.41967818141,
        "min": 0.0487702526152,
        "var": 0.0139410207048
    },
    "silence_rate_20dB": {
        "dmean": 0,
        "dmean2": 0,
        "dvar": 0,
        "dvar2": 0,
        "max": 1,
        "mean": 1,
        "median": 1,
        "min": 1,
        "var": 0
    },
    "silence_rate_30dB": {
        "dmean": 0.00572578143328,
        "dmean2": 0.0114524494857,
        "dvar": 0.00569266220555,
        "dvar2": 0.0151931159198,
        "max": 1,
        "mean": 0.995589971542,
        "median": 1,
        "min": 0,
        "var": 0.00439027603716
    },
    "silence_rate_60dB": {
        "dmean": 0.0239863824099,
        "dmean2": 0.047976475209,
        "dvar": 0.0234127826989,
        "dvar2": 0.0527926012874,
        "max": 1,
        "mean": 0.0533849112689,
        "median": 0,
        "min": 0,
        "var": 0.0505327992141
    },
    "spectral_centroid": {
        "dmean": 284.994934082,
        "dmean2": 413.08291626,
        "dvar": 121669.023438,
        "dvar2": 239735.15625,
        "max": 6925.47998047,
        "mean": 1118.68457031,
        "median": 960.579956055,
        "min": 72.1185302734,
        "var": 386839.65625
    },
    "spectral_complexity": {
        "dmean": 3.89105534554,
        "dmean2": 5.63352155685,
        "dvar": 25.3052864075,
        "dvar2": 54.4938049316,
        "max": 53,
        "mean": 12.4385299683,
        "median": 11,
        "min": 0,
        "var": 63.1594429016
    },
    "spectral_decrease": {
        "dmean": 2.77749090394e-09,
        "dmean2": 3.99736954648e-09,
        "dvar": 1.21789234386e-17,
        "dvar2": 2.60795918893e-17,
        "max": -7.45002704081e-25,
        "mean": -8.21712564658e-09,
        "median": -7.11278991261e-09,
        "min": -3.86736331848e-08,
        "var": 3.44960917563e-17
    },
    "spectral_energy": {
        "dmean": 0.0110028227791,
        "dmean2": 0.0157776456326,
        "dvar": 0.000186150864465,
        "dvar2": 0.000396381336031,
        "max": 0.147344172001,
        "mean": 0.0327277816832,
        "median": 0.028232222423,
        "min": 2.88694669547e-17,
        "var": 0.000537034473382
    },
    "spectral_energyband_high": {
        "dmean": 0.00048972904915,
        "dmean2": 0.000730757194106,
        "dvar": 1.02296235127e-06,
        "dvar2": 2.34420554079e-06,
        "max": 0.0105594722554,
        "mean": 0.000591416261159,
        "median": 0.000199052839889,
        "min": 2.28472082835e-17,
        "var": 1.18637149171e-06
    },
    "spectral_energyband_low": {
        "dmean": 0.00694363936782,
        "dmean2": 0.0103170163929,
        "dvar": 0.000133388588438,
        "dvar2": 0.000289021758363,
        "max": 0.142266124487,
        "mean": 0.0161453969777,
        "median": 0.0150259099901,
        "min": 2.19894954005e-19,
        "var": 0.000231304831686
    },
    "spectral_energyband_middle_high": {
        "dmean": 0.00207289331593,
        "dmean2": 0.00299013988115,
        "dvar": 1.30309408632e-05,
        "dvar2": 2.77197668765e-05,
        "max": 0.0574936121702,
        "mean": 0.00361665803939,
        "median": 0.00165524845943,
        "min": 4.64847173319e-18,
        "var": 2.96640191664e-05
    },
    "spectral_energyband_middle_low": {
        "dmean": 0.00551097420976,
        "dmean2": 0.00803290680051,
        "dvar": 7.14733250788e-05,
        "dvar2": 0.000154733555974,
        "max": 0.139221161604,
        "mean": 0.012793011032,
        "median": 0.00686096632853,
        "min": 9.75939533144e-19,
        "var": 0.000250990124187
    },
    "spectral_entropy": {
        "dmean": 0.2831415236,
        "dmean2": 0.384962558746,
        "dvar": 0.0717330127954,
        "dvar2": 0.13362236321,
        "max": 9.09091758728,
        "mean": 7.30351543427,
        "median": 7.31257867813,
        "min": 5.05966091156,
        "var": 0.296204447746
    },
    "spectral_flux": {
        "dmean": 0.0316303893924,
        "dmean2": 0.0476351752877,
        "dvar": 0.000978733180091,
        "dvar2": 0.00207119621336,
        "max": 0.33766913414,
        "mean": 0.083831615746,
        "median": 0.0749793276191,
        "min": 1.63738457104e-06,
        "var": 0.00259917741641
    },
    "spectral_kurtosis": {
        "dmean": 1.8433880806,
        "dmean2": 2.92036223412,
        "dvar": 4.1008067131,
        "dvar2": 10.1353397369,
        "max": 47.2770195007,
        "mean": 5.12826967239,
        "median": 4.75020742416,
        "min": -1.37659943104,
        "var": 8.86614990234
    },
    "spectral_rms": {
        "dmean": 0.000944492523558,
        "dmean2": 0.00131063605659,
        "dvar": 1.01629916571e-06,
        "dvar2": 2.01381135412e-06,
        "max": 0.0119895962998,
        "mean": 0.00524790445343,
        "median": 0.00524820294231,
        "min": 1.67825309205e-10,
        "var": 4.38925690105e-06
    },
    "spectral_rolloff": {
        "dmean": 635.985656738,
        "dmean2": 1083.32714844,
        "dvar": 2698259,
        "dvar2": 6551988.5,
        "max": 17571.09375,
        "mean": 1095.02380371,
        "median": 559.86328125,
        "min": 21.533203125,
        "var": 3323351.75
    },
    "spectral_skewness": {
        "dmean": 0.282240778208,
        "dmean2": 0.426864594221,
        "dvar": 0.076258033514,
        "dvar2": 0.172311916947,
        "max": 5.52210187912,
        "mean": 1.74085605145,
        "median": 1.72974944115,
        "min": -0.33673992753,
        "var": 0.238374993205
    },
    "spectral_spread": {
        "dmean": 1050646.75,
        "dmean2": 1446026.25,
        "dvar": 1.84724409549e+12,
        "dvar2": 3.44827415757e+12,
        "max": 17952606,
        "mean": 5233121,
        "median": 4429304.5,
        "min": 1700739.75,
        "var": 5.22382684979e+12
    },
    "spectral_strongpeak": {
        "dmean": 0.585091531277,
        "dmean2": 0.983349323273,
        "dvar": 1.0862839222,
        "dvar2": 2.53043580055,
        "max": 11.9064998627,
        "mean": 1.06952035427,
        "median": 0.377431213856,
        "min": 0,
        "var": 2.10198354721
    },
    "zerocrossingrate": {
        "dmean": 0.015514113009,
        "dmean2": 0.0177177749574,
        "dvar": 0.000473633816,
        "dvar2": 0.000592041993514,
        "max": 0.65478515625,
        "mean": 0.0499194189906,
        "median": 0.037109375,
        "min": 0.001953125,
        "var": 0.00211724312976
    },
    "barkbands": {
        "dmean": [0.000554418074898, 0.00597805390134, 0.00124614289962, 0.000348574190866, 0.000739195151255, 0.000988699845038, 0.00172983855009, 0.00162909051869, 0.00165434170049, 0.000435865920736, 0.000322366278851, 0.000316388875945, 0.000460986309918, 0.000348885776475, 0.000367030559573, 0.000264840724412, 0.000182598261745, 0.000172681946424, 0.000113687216071, 0.000105925588286, 6.34503740002e-05, 4.50488696515e-05, 4.61502349935e-05, 4.00158169214e-05, 7.36883885111e-05, 0.000134707821417, 8.17668696982e-05],
        "dmean2": [0.00090957217617, 0.00914012175053, 0.00216627703048, 0.0005985852913, 0.00115900824312, 0.00148962344974, 0.00249524530955, 0.00226608966477, 0.00253916252404, 0.000660965917632, 0.00051280594198, 0.000498412642628, 0.000711009721272, 0.000535570201464, 0.000583321845625, 0.000426342856372, 0.000271631666692, 0.000289257994154, 0.000171715379111, 0.000173010645085, 9.94820366031e-05, 6.79455697536e-05, 6.93948022672e-05, 5.9381902247e-05, 0.000112489367893, 0.000209559992072, 0.00012869440252],
        "dvar": [1.63668869391e-06, 0.000110074237455, 1.00030101748e-05, 6.09238725247e-07, 2.64713116849e-06, 1.05278440969e-05, 2.4378326998e-05, 1.79926428245e-05, 2.39735309151e-05, 2.84509269477e-06, 1.00296472283e-06, 1.11511690193e-06, 2.97234737445e-06, 1.65541769093e-06, 1.1749340274e-06, 6.5466980459e-07, 1.84715673868e-07, 1.50495850448e-07, 1.07286446394e-07, 8.94010057095e-08, 1.7073917391e-08, 7.85618325949e-09, 9.48077882867e-09, 7.35353067327e-09, 3.28332703248e-08, 1.33672855895e-07, 5.65365496641e-08],
        "dvar2": [3.98299971494e-06, 0.000257949082879, 2.89301824523e-05, 1.70645034814e-06, 6.25477196081e-06, 2.27648306463e-05, 5.09064848302e-05, 3.44851323462e-05, 5.38125204912e-05, 6.41340375296e-06, 2.3088555281e-06, 2.54479550676e-06, 6.8486579039e-06, 3.71981718672e-06, 2.63492961494e-06, 1.55238910793e-06, 3.41654384783e-07, 4.0339537577e-07, 2.33031727248e-07, 2.27486296467e-07, 4.1814899987e-08, 1.66537663659e-08, 2.13376178948e-08, 1.57708033299e-08, 7.77542652486e-08, 3.17495675972e-07, 1.36295156494e-07],
        "max": [0.0187726356089, 0.118799246848, 0.0472990199924, 0.0105496011674, 0.0559853054583, 0.119528248906, 0.128289654851, 0.119345508516, 0.130668193102, 0.066587895155, 0.0377432331443, 0.0339053049684, 0.0484100133181, 0.05482519418, 0.0368929244578, 0.0217400956899, 0.0222715251148, 0.00456332461908, 0.0148016698658, 0.0108073232695, 0.00279546086676, 0.0036054532975, 0.00202699122019, 0.00181730033364, 0.002692515729, 0.00422430364415, 0.00260740634985],
        "mean": [0.000694383226801, 0.0131724029779, 0.00201313919388, 0.000470039027277, 0.00116265460383, 0.00160836044233, 0.00310553843156, 0.00364366476424, 0.00242955493741, 0.00058662542142, 0.000367188185919, 0.000374302704586, 0.000567333714571, 0.000435836554971, 0.000449950108305, 0.000357842334779, 0.000269179377938, 0.000190757476958, 0.000172758649569, 0.000131384120323, 9.11594252102e-05, 6.19241327513e-05, 5.98049773544e-05, 5.25656469108e-05, 7.55351065891e-05, 0.000116562034236, 6.73237736919e-05],
        "median": [0.000168006226886, 0.0120140742511, 0.00142341526225, 0.000256286846707, 0.000559910957236, 0.000496320484672, 0.000309274240863, 0.00022387651552, 0.000332688417984, 7.72426355979e-05, 5.79606676183e-05, 5.07804252265e-05, 5.32323065272e-05, 7.09255109541e-05, 9.3328220828e-05, 0.000101343001006, 6.00645180384e-05, 4.52641761512e-05, 6.21224826318e-05, 5.05084644828e-05, 3.80737474188e-05, 2.34936469496e-05, 1.99019650609e-05, 1.49338602569e-05, 1.11151821329e-05, 4.69009773951e-06, 5.9227335214e-07],
        "min": [6.35081227726e-20, 9.36778683295e-20, 6.24381000267e-20, 6.37843364737e-20, 1.5722767325e-19, 1.57431392325e-19, 1.56152157508e-19, 1.583156484e-19, 2.19403867215e-19, 2.20686048864e-19, 2.19546685118e-19, 2.83691698188e-19, 3.12002187297e-19, 3.43178159295e-19, 4.04094815682e-19, 4.62297492478e-19, 5.21207848138e-19, 6.41269960424e-19, 8.01952637846e-19, 1.0123309306e-18, 1.34928026479e-18, 1.58039845704e-18, 1.85222138006e-18, 2.65500926353e-18, 3.5718043489e-18, 5.13163661438e-18, 6.29597149511e-18],
        "var": [1.92468132809e-06, 0.000165922087035, 7.97536267783e-06, 5.09188225806e-07, 4.1825860535e-06, 2.16178850678e-05, 6.75224364386e-05, 7.82760398579e-05, 4.16905786551e-05, 5.22955542692e-06, 1.3847864011e-06, 1.52353220528e-06, 3.96258928959e-06, 2.45934324994e-06, 1.92423772205e-06, 9.1586889539e-07, 3.1862774108e-07, 1.43300781019e-07, 2.04876315024e-07, 9.7382809372e-08, 2.55182932563e-08, 1.27501396108e-08, 1.21545937759e-08, 1.17763141461e-08, 3.5157547984e-08, 1.2651958059e-07, 5.14692040099e-08]
    },
    "erbbands": {
        "dmean": [0.236490294337, 1.21480441093, 1.51288485527, 1.38027024269, 1.3416005373, 3.02022004128, 5.04200363159, 9.06741142273, 16.1821746826, 40.3402671814, 27.1939659119, 38.7299423218, 23.872303009, 7.86642599106, 13.8498506546, 12.8750133514, 20.937871933, 16.0666294098, 18.8329639435, 17.9475460052, 10.5129756927, 9.67230129242, 9.54427433014, 6.45178413391, 5.80355167389, 4.99421358109, 3.3526391983, 2.07519125938, 1.70826137066, 1.43175923824, 1.30619204044, 0.776248693466, 0.707388520241, 0.588310241699, 0.69370174408, 0.525073945522, 0.23430852592, 0.0914743468165, 0.0145803373307, 0.000544323702343],
        "dmean2": [0.373683661222, 1.8651548624, 2.56710457802, 2.37287473679, 2.19500184059, 4.73035097122, 7.66092061996, 13.7787075043, 23.6065387726, 56.849822998, 39.1402282715, 58.6950149536, 35.7904930115, 11.9035329819, 21.715587616, 19.8456439972, 31.938911438, 24.1128177643, 28.8911724091, 28.4761238098, 16.2045135498, 14.288898468, 15.5825929642, 10.3212127686, 8.65256309509, 8.13063049316, 5.38048791885, 3.20498251915, 2.57045769691, 2.15584778786, 1.96559298038, 1.14933514595, 1.06740105152, 0.890969514847, 1.07097542286, 0.817256689072, 0.36478433013, 0.144148483872, 0.0229554176331, 0.0008542505675],
        "dvar": [0.200414702296, 4.83487415314, 12.753780365, 11.9403209686, 7.30031204224, 60.7766990662, 238.064743042, 1019.94519043, 2696.61816406, 11410.9150391, 5517.39257812, 14430.4882812, 8063.97021484, 473.350585938, 1995.61120605, 1829.70825195, 5925.18359375, 2801.81835938, 3819.33422852, 2622.70605469, 656.674865723, 421.485443115, 408.884918213, 230.262237549, 338.428344727, 239.8409729, 58.9927978516, 19.6349411011, 12.1934127808, 8.07721996307, 7.98478221893, 2.39238023758, 2.67081737518, 1.95032668114, 3.20908355713, 2.06420087814, 0.404536694288, 0.0684556514025, 0.00178706285078, 2.42359305958e-06],
        "dvar2": [0.490087389946, 12.1283597946, 36.1241340637, 34.22423172, 18.071937561, 145.808120728, 525.336486816, 2182.42553711, 5390.82275391, 22835.2675781, 11711.0478516, 31375.5410156, 18784.0449219, 1068.16577148, 4619.5625, 4153.76855469, 13756.5703125, 5967.32470703, 8676.3984375, 6055.36425781, 1427.58898926, 792.514770508, 1063.70837402, 534.461608887, 766.172241211, 609.744506836, 152.606948853, 47.7983474731, 25.6537017822, 17.8735752106, 18.0687141418, 5.19801902771, 5.82671022415, 4.54783058167, 7.64115858078, 4.92674255371, 0.962205529213, 0.16531175375, 0.00430480996147, 5.85983389101e-06],
        "max": [5.73678398132, 29.8072509766, 52.3129844666, 44.9249458313, 86.5486831665, 296.550445557, 631.835388184, 1197.05126953, 1860.9005127, 2593.29833984, 2086.11914062, 3840.78027344, 3260.79321289, 685.984680176, 2061.3359375, 1603.3026123, 1942.39489746, 1682.42358398, 1785.98022461, 1860.08056641, 1288.53356934, 690.644775391, 298.825286865, 522.393920898, 1038.10583496, 731.994567871, 154.02192688, 83.3315658569, 143.348403931, 70.189743042, 57.068862915, 35.7922172546, 38.7557792664, 31.7159061432, 20.5774860382, 16.3512744904, 8.45848083496, 3.30135846138, 0.411958754063, 0.0179834067822],
        "mean": [0.446521788836, 2.65573072433, 2.81322264671, 2.12498760223, 1.87987089157, 4.64430952072, 8.50161933899, 14.4607315063, 27.6023674011, 95.581161499, 52.0449523926, 57.0162277222, 33.1361999512, 10.3477115631, 16.5220413208, 16.813501358, 26.5547122955, 21.8690929413, 24.7693977356, 24.549249649, 15.2555971146, 14.7266674042, 11.3858509064, 7.94444799423, 9.37724971771, 6.21117067337, 4.42167139053, 3.04136443138, 2.34302520752, 1.91945648193, 1.67764735222, 1.06238353252, 0.882498025894, 0.663813948631, 0.660076439381, 0.467235505581, 0.201143085957, 0.0757052749395, 0.0120237153023, 0.000477607885841],
        "median": [0.37245580554, 2.34077048302, 2.35977888107, 1.47154009342, 0.984135150909, 1.88752365112, 3.57040023804, 3.93913984299, 4.6453166008, 7.40503787994, 8.37056827545, 8.78093528748, 5.53287553787, 1.92508780956, 2.82760381699, 2.63868904114, 3.06912636757, 4.30346870422, 5.08425569534, 7.10321712494, 5.68288707733, 3.68188428879, 2.93720316887, 2.46934771538, 3.29543280602, 2.48002076149, 1.86703336239, 1.25940477848, 0.877482652664, 0.699045240879, 0.545946002007, 0.373146086931, 0.197261199355, 0.121811188757, 0.0713845640421, 0.0289194025099, 0.00682130968198, 0.00104562414344, 0.000122999685118, 4.66462843178e-05],
        "min": [3.35440494711e-18, 1.93740142033e-17, 6.46919891453e-17, 1.5733241272e-16, 3.16695189885e-16, 5.61923086577e-16, 9.12393291717e-16, 1.39789987159e-15, 2.01813159452e-15, 2.80487316011e-15, 3.76791044586e-15, 4.92080699037e-15, 6.30301187084e-15, 7.91434551629e-15, 9.76628225855e-15, 1.18669544609e-14, 1.4253885683e-14, 1.68940196169e-14, 1.98110333748e-14, 2.29609693346e-14, 2.63620387049e-14, 3.00059591974e-14, 3.39345522168e-14, 3.82178995753e-14, 4.29067249937e-14, 4.78180185335e-14, 5.22953330488e-14, 5.51981081827e-14, 5.57059620329e-14, 5.45412578491e-14, 5.34573131746e-14, 5.18796160545e-14, 4.61962655358e-14, 3.66311188739e-14, 2.72485704925e-14, 1.81525902979e-14, 9.87778991089e-15, 3.85400710979e-15, 1.03885149909e-15, 7.93175085222e-17],
        "var": [0.257360190153, 6.93529367447, 11.6951780319, 8.98533630371, 9.6426820755, 90.820274353, 415.231170654, 2028.88989258, 7002.45214844, 49835.8671875, 16279.3271484, 23755.9804688, 15116.8515625, 737.552124023, 3017.88647461, 2550.56347656, 8083.62011719, 4647.82958984, 6420.57617188, 4004.19848633, 1053.42504883, 753.437194824, 446.049255371, 304.214508057, 660.185241699, 239.651397705, 66.7536468506, 30.5279197693, 19.3172054291, 11.6064605713, 10.0430021286, 3.71476387978, 4.18125200272, 2.45494842529, 3.18296694756, 1.95195257664, 0.381646335125, 0.0621679499745, 0.00162839982659, 2.21040590986e-06]
    },
    "gfcc": {
        "mean": [-29.7343673706, 86.3672561646, -91.7903060913, 30.5280818939, -44.1665725708, 10.833404541, -28.4154930115, 16.5415821075, -8.6436882019, 12.9362516403, -11.8153247833, 0.55868178606, -8.71716976166],
        "cov": [[11056.703125, -319.435638428, -432.844787598, -384.987243652, -202.180664062, 93.3944091797, 102.156005859, 331.886291504, 204.268508911, 322.128631592, -105.627685547, -54.0922203064, -228.710037231], [-319.435638428, 1645.32739258, -297.268737793, 231.976715088, -28.9909572601, -12.9080429077, 215.698501587, -7.10850191116, 77.3673706055, 15.7590694427, 119.280540466, -185.780517578, 35.1474151611], [-432.844787598, -297.268737793, 1405.03527832, 232.60534668, 302.956451416, 53.7511940002, -4.4874587059, 36.9360466003, 21.8255138397, 59.7456054688, -19.7088375092, 113.153244019, -8.55548763275], [-384.987243652, 231.976715088, 232.60534668, 697.139526367, 307.118835449, 127.196640015, 16.1505241394, -0.813449800014, 54.0621681213, -43.8214416504, 1.41507709026, -15.2012901306, 76.679359436], [-202.180664062, -28.9909572601, 302.956451416, 307.118835449, 582.060974121, 201.608505249, 87.7517242432, 35.7961273193, 26.4321231842, -53.6321868896, -38.0219497681, 48.9129486084, 9.92677974701], [93.3944091797, -12.9080429077, 53.7511940002, 127.196640015, 201.608505249, 472.2315979, 183.071289062, 64.4900360107, -73.1801223755, -67.6848983765, 34.5468521118, -28.4057865143, -22.9705028534], [102.156005859, 215.698501587, -4.4874587059, 16.1505241394, 87.7517242432, 183.071289062, 359.521820068, 86.8397750854, -63.1484832764, -19.068365097, 32.8111610413, -38.9261474609, -60.4638786316], [331.886291504, -7.10850191116, 36.9360466003, -0.813449800014, 35.7961273193, 64.4900360107, 86.8397750854, 174.245788574, 75.3247146606, 1.06713676453, -24.3766975403, -17.0746097565, -23.0711688995], [204.268508911, 77.3673706055, 21.8255138397, 54.0621681213, 26.4321231842, -73.1801223755, -63.1484832764, 75.3247146606, 285.841827393, 81.7609024048, -42.5231170654, -29.0514011383, 11.5543041229], [322.128631592, 15.7590694427, 59.7456054688, -43.8214416504, -53.6321868896, -67.6848983765, -19.068365097, 1.06713676453, 81.7609024048, 170.197052002, 24.0631790161, -34.8747520447, -25.5377616882], [-105.627685547, 119.280540466, -19.7088375092, 1.41507709026, -38.0219497681, 34.5468521118, 32.8111610413, -24.3766975403, -42.5231170654, 24.0631790161, 138.666275024, 22.690404892, -20.6697998047], [-54.0922203064, -185.780517578, 113.153244019, -15.2012901306, 48.9129486084, -28.4057865143, -38.9261474609, -17.0746097565, -29.0514011383, -34.8747520447, 22.690404892, 149.993896484, 28.4056053162], [-228.710037231, 35.1474151611, -8.55548763275, 76.679359436, 9.92677974701, -22.9705028534, -60.4638786316, -23.0711688995, 11.5543041229, -25.5377616882, -20.6697998047, 28.4056053162, 116.298019409]],
        "icov": [[0.000114461297926, -1.9983819584e-05, 6.96710267221e-05, -1.41632999657e-05, 4.70001468784e-05, -9.93267458398e-05, 5.60900807614e-05, -0.000216475164052, 6.18713238509e-05, -0.000337711302564, 0.00024985318305, -0.00022925727535, 0.000228285993217], [-1.9983819584e-05, 0.00113953766413, 6.33985400782e-05, -0.000200837865123, -0.000119063879538, 0.000628658919595, -0.000969807326328, 0.000424520549132, -0.000637124583591, 0.000704203557689, -0.00163217261434, 0.00177432957571, -0.00103779626079], [6.96710267221e-05, 6.33985400782e-05, 0.00100567110348, -0.000346840533894, -0.000282775785308, -6.73024260323e-05, 9.92969507934e-05, -0.000402344536269, 0.000308247748762, -0.00102883216459, 0.000492879771627, -0.000974219059572, 0.000472178595373], [-1.41632999657e-05, -0.000200837865123, -0.000346840533894, 0.00243249209598, -0.00115472427569, -0.000146277016029, 0.000194575433852, 0.000287381670205, -0.000499542686157, 0.000767039775383, -0.000911965267733, 0.00121050805319, -0.00160834239796], [4.70001468784e-05, -0.000119063879538, -0.000282775785308, -0.00115472427569, 0.00323977530934, -0.00121857412159, -0.000464826327516, 0.000411009095842, -0.000549621356186, -3.41039121849e-05, 0.00180062185973, -0.00197948189452, 0.0010422389023], [-9.93267458398e-05, 0.000628658919595, -6.73024260323e-05, -0.000146277016029, -0.00121857412159, 0.00393998017535, -0.00140434096102, -0.000681835983414, 0.000372611131752, 0.00167851848528, -0.00246274494566, 0.00250358972698, -0.000994643196464], [5.60900807614e-05, -0.000969807326328, 9.92969507934e-05, 0.000194575433852, -0.000464826327516, -0.00140434096102, 0.00538958236575, -0.00278891180642, 0.00197976711206, -0.000908803136554, 0.000523485883605, -0.000580106745474, 0.0021319934167], [-0.000216475164052, 0.000424520549132, -0.000402344536269, 0.000287381670205, 0.000411009095842, -0.000681835983414, -0.00278891180642, 0.00959549937397, -0.00379145611078, 0.00196332437918, 0.000501082569826, 0.000476978922961, 0.000291101023322], [6.18713238509e-05, -0.000637124583591, 0.000308247748762, -0.000499542686157, -0.000549621356186, 0.000372611131752, 0.00197976711206, -0.00379145611078, 0.00654575973749, -0.00361207569949, 0.00202081026509, -0.000620570906904, 0.000131156368298], [-0.000337711302564, 0.000704203557689, -0.00102883216459, 0.000767039775383, -3.41039121849e-05, 0.00167851848528, -0.000908803136554, 0.00196332437918, -0.00361207569949, 0.0108107188717, -0.00466816825792, 0.00451825838536, -0.000407428917242], [0.00024985318305, -0.00163217261434, 0.000492879771627, -0.000911965267733, 0.00180062185973, -0.00246274494566, 0.000523485883605, 0.000501082569826, 0.00202081026509, -0.00466816825792, 0.0130940070376, -0.00670632626861, 0.00409300299361], [-0.00022925727535, 0.00177432957571, -0.000974219059572, 0.00121050805319, -0.00197948189452, 0.00250358972698, -0.000580106745474, 0.000476978922961, -0.000620570906904, 0.00451825838536, -0.00670632626861, 0.0135247176513, -0.00484191067517], [0.000228285993217, -0.00103779626079, 0.000472178595373, -0.00160834239796, 0.0010422389023, -0.000994643196464, 0.0021319934167, 0.000291101023322, 0.000131156368298, -0.000407428917242, 0.00409300299361, -0.00484191067517, 0.0131447063759]]
    },
    "melbands": {
        "dmean": [0.00184617238119, 0.00103150494397, 0.000227134281886, 0.000146760372445, 0.00017351655697, 0.000202291004825, 0.000276033824775, 0.000436689588241, 0.000221968366532, 0.000247590942308, 0.000114896640298, 3.02446223941e-05, 4.49098588433e-05, 3.31365154125e-05, 4.41567390226e-05, 4.55719491583e-05, 3.04327604681e-05, 3.22571249853e-05, 2.74060894299e-05, 2.44599123107e-05, 1.04763821582e-05, 1.13430724014e-05, 9.18915702641e-06, 8.06290336186e-06, 5.10064819537e-06, 4.45519071945e-06, 3.85341627407e-06, 3.52471852239e-06, 2.44734678745e-06, 1.54451652179e-06, 1.12900067961e-06, 1.06851894088e-06, 8.15861483261e-07, 8.67442395247e-07, 9.03454974832e-07, 5.2043458254e-07, 4.59155359067e-07, 5.21346350979e-07, 4.68074659921e-07, 5.0103386684e-07],
        "dmean2": [0.00283395941369, 0.00161268282682, 0.000387389300158, 0.000233135011513, 0.000264139380306, 0.000305696681608, 0.000400995835662, 0.000615252763964, 0.000325649423758, 0.000375836825697, 0.000173690219526, 4.5964250603e-05, 7.08266234142e-05, 5.25733048562e-05, 6.76551208016e-05, 7.01228855178e-05, 4.66357669211e-05, 4.98929730384e-05, 4.35145811934e-05, 3.92982219637e-05, 1.61005664268e-05, 1.68914448295e-05, 1.48717990669e-05, 1.36623611979e-05, 8.16813007987e-06, 6.65216794005e-06, 5.95383198743e-06, 5.91491470914e-06, 4.01242186854e-06, 2.41943371293e-06, 1.77457548034e-06, 1.63111064921e-06, 1.26641782572e-06, 1.33383741741e-06, 1.37473273298e-06, 7.90989190591e-07, 6.86720113663e-07, 7.90775231962e-07, 7.09402286247e-07, 7.65199445141e-07],
        "dvar": [1.0975096302e-05, 4.01739998779e-06, 2.91223130944e-07, 1.0409844009e-07, 2.15342652155e-07, 4.57862284975e-07, 7.34944819669e-07, 1.27483690449e-06, 3.97381626271e-07, 5.99100360432e-07, 2.01668768796e-07, 8.21100609727e-09, 1.93934130976e-08, 1.043767206e-08, 2.31702497189e-08, 4.02222362084e-08, 1.25237686888e-08, 1.43390002094e-08, 7.67208607755e-09, 6.00027894038e-09, 7.60701168723e-10, 6.14999218218e-10, 4.05408095983e-10, 3.80198900141e-10, 1.58894022939e-10, 1.92872398608e-10, 1.28477770089e-10, 1.42237568945e-10, 3.47568120118e-11, 1.04399770079e-11, 6.19654414585e-12, 5.47263926884e-12, 2.90833850058e-12, 3.40230773242e-12, 4.28931890006e-12, 1.11078659291e-12, 9.8310986088e-13, 1.60143480508e-12, 1.1012086425e-12, 1.57875980084e-12],
        "dvar2": [2.58469317487e-05, 1.06197476271e-05, 8.3234374415e-07, 2.49483747439e-07, 4.72742044622e-07, 9.83342488325e-07, 1.48649098719e-06, 2.50608854913e-06, 8.94646404959e-07, 1.31064768993e-06, 4.69434922934e-07, 1.86235435962e-08, 4.50647377193e-08, 2.5277733684e-08, 5.08506232677e-08, 9.2724185663e-08, 2.7149129167e-08, 3.30027347673e-08, 1.68968021796e-08, 1.39830280688e-08, 1.51912293855e-09, 1.11710118933e-09, 1.01930397456e-09, 1.03032682386e-09, 3.56814161551e-10, 4.17931106389e-10, 2.97961849638e-10, 3.75945330422e-10, 9.17771414422e-11, 2.51487060343e-11, 1.51511182073e-11, 1.18813067024e-11, 6.25469294413e-12, 7.92294094915e-12, 9.88268755026e-12, 2.55595653149e-12, 2.18330952276e-12, 3.54839118158e-12, 2.45999206248e-12, 3.7651041139e-12],
        "max": [0.0393699742854, 0.028751110658, 0.00707833375782, 0.00953451544046, 0.0173990428448, 0.023454811424, 0.0291383191943, 0.0308479834348, 0.0174206867814, 0.0256252568215, 0.0157478675246, 0.00252192351036, 0.00527810445055, 0.00317835784517, 0.00452006654814, 0.00640496984124, 0.00388827826828, 0.0043801125139, 0.00324891577475, 0.00230348994955, 0.002057550475, 0.00103905727156, 0.000316026475048, 0.000263013818767, 0.000517555396073, 0.000616377335973, 0.000450881168945, 0.000565085501876, 0.000103523336293, 7.95283413026e-05, 6.43473904347e-05, 7.25278587197e-05, 8.4497500211e-05, 5.04183590238e-05, 3.9989783545e-05, 3.30468501488e-05, 3.45163316524e-05, 2.92373879347e-05, 2.30019668379e-05, 3.19157770718e-05],
        "mean": [0.00388686242513, 0.00222832313739, 0.000358505290933, 0.000221056543523, 0.000293718127068, 0.00032520267996, 0.000471121136798, 0.00105151056778, 0.000386404368328, 0.000355152151315, 0.000152598993736, 3.69890694856e-05, 5.2088915254e-05, 3.94225899072e-05, 5.72472745262e-05, 5.46052469872e-05, 3.9066948375e-05, 4.01823745051e-05, 3.37248020514e-05, 3.31501032633e-05, 1.4359812667e-05, 1.68867136381e-05, 1.10915098048e-05, 8.49914522405e-06, 6.00578187004e-06, 7.02925262885e-06, 5.62369814361e-06, 3.85813564208e-06, 2.90790512736e-06, 2.23784491027e-06, 1.55980239924e-06, 1.39817541367e-06, 1.06576885628e-06, 1.09675772819e-06, 1.09522272851e-06, 6.94732705142e-07, 6.13355041423e-07, 6.35559160855e-07, 5.59505735964e-07, 5.45569832866e-07],
        "median": [0.003564450657, 0.00212469580583, 0.00026484078262, 0.000103288446553, 0.000132701301482, 8.76791309565e-05, 6.46876869723e-05, 6.93381662131e-05, 5.49306460016e-05, 4.69040533062e-05, 2.00965841941e-05, 5.42153748029e-06, 8.353499652e-06, 6.19000229563e-06, 6.86737439537e-06, 4.83727944811e-06, 6.50896618026e-06, 6.60016121401e-06, 7.43419877836e-06, 8.78512855707e-06, 4.68876805826e-06, 3.69333088202e-06, 2.89511172014e-06, 1.92892321138e-06, 1.68430017311e-06, 2.15205022869e-06, 2.02519345294e-06, 1.30972716761e-06, 1.11401175218e-06, 8.45837291763e-07, 6.12277403889e-07, 4.69817166504e-07, 3.96294126404e-07, 3.64705442735e-07, 3.19655612202e-07, 2.48707095807e-07, 2.02958702289e-07, 1.3415143485e-07, 1.14581695243e-07, 9.39170519132e-08],
        "min": [3.13127346801e-20, 3.14539176085e-20, 3.14750818e-20, 3.14420204249e-20, 3.13903797977e-20, 3.14882843781e-20, 3.14479431673e-20, 3.14555655074e-20, 3.14855508046e-20, 3.14001670246e-20, 3.15026695659e-20, 3.14699313082e-20, 3.14650910092e-20, 3.14109914584e-20, 3.1367690492e-20, 3.13107022715e-20, 3.12528416339e-20, 3.11465489251e-20, 3.09995369583e-20, 3.08760382466e-20, 3.07319504925e-20, 3.06164812489e-20, 3.05311685547e-20, 3.0559302389e-20, 3.06571197276e-20, 3.09264542587e-20, 3.12821289974e-20, 3.17155522514e-20, 3.20613686774e-20, 3.21870968993e-20, 3.19570696032e-20, 3.13621134852e-20, 3.06265980555e-20, 3.01400672213e-20, 3.0275488966e-20, 3.10701801213e-20, 3.19668891418e-20, 3.21830708562e-20, 3.14655562983e-20, 3.06358715256e-20],
        "var": [1.5824316506e-05, 4.91146920467e-06, 2.24869623366e-07, 1.58253556037e-07, 3.86738179259e-07, 9.49786681304e-07, 1.97871327146e-06, 5.91077059653e-06, 1.01108548733e-06, 9.84855773822e-07, 3.66507038052e-07, 1.21757386395e-08, 2.8465912294e-08, 1.41749403326e-08, 3.51422144718e-08, 5.10081328287e-08, 1.97920382305e-08, 2.22575256004e-08, 1.1572184988e-08, 8.80543105097e-09, 1.21222687444e-09, 1.13500109311e-09, 4.42156145031e-10, 3.27815385948e-10, 2.16370907302e-10, 4.23367646496e-10, 2.15481396615e-10, 1.18293791429e-10, 3.40199327042e-11, 1.73320802155e-11, 8.97942657729e-12, 7.92919896409e-12, 4.46985330693e-12, 4.21865580663e-12, 4.97162380708e-12, 1.5717220277e-12, 1.4279813226e-12, 2.39811122349e-12, 1.66182779343e-12, 1.83514748536e-12]
    },
    "mfcc": {
        "mean": [-684.069763184, 123.910263062, 11.7451114655, 29.9960269928, 10.7895898819, 6.59444570541, -1.29939341545, 3.6647131443, 7.43063402176, 12.249335289, 5.79240465164, 6.13542366028, 4.67589950562],
        "cov": [[7659.57958984, -10.2715997696, -800.466430664, -369.789337158, -403.856018066, -175.967391968, -189.106933594, 8.3953332901, 115.290496826, 279.809570312, 226.367980957, 109.099807739, 32.3377304077], [-10.2715997696, 1170.08886719, -34.7037773132, 121.783119202, -155.700317383, -13.0113801956, 65.5645751953, -36.9520378113, 13.1003761292, 89.8684616089, 71.8227157593, 71.7520370483, 41.8068885803], [-800.466430664, -34.7037773132, 873.948059082, 172.006347656, 177.642044067, 65.8704452515, 42.8165168762, -6.95025253296, 24.377954483, -1.30210399628, 8.84029197693, 14.8371200562, 84.8452911377], [-369.789337158, 121.783119202, 172.006347656, 562.979309082, 237.321075439, 93.9183044434, -24.7790699005, 12.6876564026, 85.75440979, 21.623456955, -62.8768997192, 30.2828006744, 59.0388565063], [-403.856018066, -155.700317383, 177.642044067, 237.321075439, 562.686889648, 188.661392212, 12.5286073685, 106.773170471, 106.613777161, -15.5799617767, -42.2088317871, 1.7572016716, -1.84751355648], [-175.967391968, -13.0113801956, 65.8704452515, 93.9183044434, 188.661392212, 315.643768311, 215.569671631, 104.590393066, 32.2998466492, 25.4801311493, 19.6182022095, -14.7787256241, -22.7297878265], [-189.106933594, 65.5645751953, 42.8165168762, -24.7790699005, 12.5286073685, 215.569671631, 485.539703369, 190.520370483, -31.3834438324, -14.5503387451, 55.2292327881, -27.9306507111, -51.4164505005], [8.3953332901, -36.9520378113, -6.95025253296, 12.6876564026, 106.773170471, 104.590393066, 190.520370483, 296.444091797, 66.8013458252, -20.615562439, 26.937543869, -2.76617002487, -32.4042015076], [115.290496826, 13.1003761292, 24.377954483, 85.75440979, 106.613777161, 32.2998466492, -31.3834438324, 66.8013458252, 208.906951904, 89.6041641235, 11.7377128601, 9.08544921875, 7.34242296219], [279.809570312, 89.8684616089, -1.30210399628, 21.623456955, -15.5799617767, 25.4801311493, -14.5503387451, -20.615562439, 89.6041641235, 201.15335083, 65.5670700073, 18.0023288727, 12.5531244278], [226.367980957, 71.8227157593, 8.84029197693, -62.8768997192, -42.2088317871, 19.6182022095, 55.2292327881, 26.937543869, 11.7377128601, 65.5670700073, 158.120269775, 52.5959129333, 3.66865038872], [109.099807739, 71.7520370483, 14.8371200562, 30.2828006744, 1.7572016716, -14.7787256241, -27.9306507111, -2.76617002487, 9.08544921875, 18.0023288727, 52.5959129333, 136.802658081, 58.7852096558], [32.3377304077, 41.8068885803, 84.8452911377, 59.0388565063, -1.84751355648, -22.7297878265, -51.4164505005, -32.4042015076, 7.34242296219, 12.5531244278, 3.66865038872, 58.7852096558, 136.878494263]],
