{
"lowlevel": {
    "average_loudness": 0.881261348724,
    "barkbands_crest": {
        "dmean": 2.67631864548,
        "dmean2": 4.33735942841,
        "dvar": 7.29254055023,
        "dvar2": 17.6405200958,
        "max": 26.970621109,
        "mean": 12.6698312759,
        "median": 12.0687227249,
        "min": 2.08960652351,
        "var": 22.4563293457
    },
    "barkbands_flatness_db": {
        "dmean": 0.042964823544,
        "dmean2": 0.0596203245223,
        "dvar": 0.00243110652082,
        "dvar2": 0.00401599658653,
        "max": 0.627963900566,
        "mean": 0.210442975163,
        "median": 0.198278009892,
        "min": 0.0184148550034,
        "var": 0.0105483084917
    },
    "barkbands_kurtosis": {
        "dmean": 11.5929899216,
        "dmean2": 18.0527591705,
        "dvar": 1099.21838379,
        "dvar2": 1901.37097168,
        "max": 1920.91003418,
        "mean": 20.1409931183,
        "median": 8.40647220612,
        "min": -1.97709131241,
        "var": 2940.92602539
    },
    "barkbands_skewness": {
        "dmean": 1.02594101429,
        "dmean2": 1.56096339226,
        "dvar": 1.76127517223,
        "dvar2": 3.56960344315,
        "max": 17.4455947876,
        "mean": 2.6493499279,
        "median": 2.55813479424,
        "min": -37.8398323059,
        "var": 7.73808002472
    },
    "barkbands_spread": {
        "dmean": 7.23234367371,
        "dmean2": 11.4405612946,
        "dvar": 129.303329468,
        "dvar2": 302.639892578,
        "max": 114.190330505,
        "mean": 17.8616104126,
        "median": 13.0200557709,
        "min": 0.0611451156437,
        "var": 272.447509766
    },
    "dissonance": {
        "dmean": 0.0215381123126,
        "dmean2": 0.034510564059,
        "dvar": 0.000725320889615,
        "dvar2": 0.00176154158544,
        "max": 0.499999821186,
        "mean": 0.448049455881,
        "median": 0.458710044622,
        "min": 0.0956544354558,
        "var": 0.00170019711368
    },
    "dynamic_complexity": 4.20577144623,
    "erbbands_crest": {
        "dmean": 2.67888379097,
        "dmean2": 4.18632650375,
        "dvar": 9.87069511414,
        "dvar2": 21.7905216217,
        "max": 34.7165641785,
        "mean": 11.4251050949,
        "median": 9.65615844727,
        "min": 2.23239040375,
        "var": 38.3873329163
    },
    "erbbands_flatness_db": {
        "dmean": 0.0324714146554,
        "dmean2": 0.0434438548982,
        "dvar": 0.00160856568255,
        "dvar2": 0.00277930335142,
        "max": 0.63868612051,
        "mean": 0.16747559607,
        "median": 0.144240692258,
        "min": 0.0451451987028,
        "var": 0.00716288806871
    },
    "erbbands_kurtosis": {
        "dmean": 4.4877948761,
        "dmean2": 6.54871416092,
        "dvar": 208.450561523,
        "dvar2": 437.189971924,
        "max": 338.87890625,
        "mean": 5.90488576889,
        "median": -0.165900230408,
        "min": -1.9174041748,
        "var": 479.242919922
    },
    "erbbands_skewness": {
        "dmean": 0.64637118578,
        "dmean2": 0.91163122654,
        "dvar": 0.96718788147,
        "dvar2": 1.72686135769,
        "max": 10.0618257523,
        "mean": 0.0881825909019,
        "median": 0.252579122782,
        "min": -14.6307296753,
        "var": 4.51676082611
    },
    "erbbands_spread": {
        "dmean": 13.023068428,
        "dmean2": 19.7674942017,
        "dvar": 317.282165527,
        "dvar2": 711.034545898,
        "max": 178.251342773,
        "mean": 46.9581642151,
        "median": 45.2982292175,
        "min": 0.179855212569,
        "var": 810.915100098
    },
    "hfc": {
        "dmean": 8.27646064758,
        "dmean2": 11.7866182327,
        "dvar": 229.945602417,
        "dvar2": 468.356048584,
        "max": 205.662780762,
        "mean": 14.3714723587,
        "median": 5.45921421051,
        "min": 1.10455346253e-16,
        "var": 547.778259277
    },
    "melbands_crest": {
        "dmean": 3.3766336441,
        "dmean2": 5.60352087021,
        "dvar": 10.5746231079,
        "dvar2": 26.6174926758,
        "max": 37.8262214661,
        "mean": 17.2370891571,
        "median": 16.7416725159,
        "min": 1.68961191177,
        "var": 30.802028656
    },
    "melbands_flatness_db": {
        "dmean": 0.047821059823,
        "dmean2": 0.0665352717042,
        "dvar": 0.00320695480332,
        "dvar2": 0.00531595526263,
        "max": 0.686352372169,
        "mean": 0.302682757378,
        "median": 0.293024033308,
        "min": 0.00413331016898,
        "var": 0.0145520968363
    },
    "melbands_kurtosis": {
        "dmean": 23.5362224579,
        "dmean2": 37.5709457397,
        "dvar": 1546.42858887,
        "dvar2": 3756.51660156,
        "max": 812.948486328,
        "mean": 46.641620636,
        "median": 26.4108467102,
        "min": -1.98074150085,
        "var": 3354.97314453
    },
    "melbands_skewness": {
        "dmean": 1.30702471733,
        "dmean2": 2.02236509323,
        "dvar": 2.4417579174,
        "dvar2": 5.49348258972,
        "max": 21.6929321289,
        "mean": 4.41569280624,
        "median": 4.14699649811,
        "min": -17.4610748291,
        "var": 8.79944705963
    },
    "melbands_spread": {
        "dmean": 7.27263832092,
        "dmean2": 11.5157232285,
        "dvar": 159.123703003,
        "dvar2": 340.727294922,
        "max": 200.672058105,
        "mean": 18.1240119934,
        "median": 8.3673286438,
        "min": 0.322513014078,
        "var": 553.46307373
    },
    "pitch_salience": {
        "dmean": 0.080350600183,
        "dmean2": 0.130402356386,
        "dvar": 0.00644375570118,
        "dvar2": 0.0160221979022,
        "max": 0.896800637245,
        "mean": 0.489097177982,
        "median": 0.500214874744,
        "min": 0.02497863397,
        "var": 0.0176011361182
    },
    "silence_rate_20dB": {
        "dmean": 0,
        "dmean2": 0,
        "dvar": 0,
        "dvar2": 0,
        "max": 1,
        "mean": 1,
        "median": 1,
        "min": 1,
        "var": 0
    },
    "silence_rate_30dB": {
        "dmean": 0.0131964813918,
        "dmean2": 0.0263951122761,
        "dvar": 0.013021771796,
        "dvar2": 0.0344995521009,
        "max": 1,
        "mean": 0.990714371204,
        "median": 1,
        "min": 0,
        "var": 0.00919853057712
    },
    "silence_rate_60dB": {
        "dmean": 0.0428478345275,
        "dmean2": 0.085702650249,
        "dvar": 0.0410080067813,
        "dvar2": 0.0904064550996,
        "max": 1,
        "mean": 0.0976622924209,
        "median": 0,
        "min": 0,
        "var": 0.0881244316697
    },
    "spectral_centroid": {
        "dmean": 251.921615601,
        "dmean2": 385.828704834,
        "dvar": 133773.53125,
        "dvar2": 276342.4375,
        "max": 11410.7177734,
        "mean": 1014.69934082,
        "median": 842.19329834,
        "min": 122.260803223,
        "var": 613526.6875
    },
    "spectral_complexity": {
        "dmean": 2.87520360947,
        "dmean2": 4.2325053215,
        "dvar": 25.0501842499,
        "dvar2": 47.5388298035,
        "max": 51,
        "mean": 9.56552886963,
        "median": 7,
        "min": 0,
        "var": 63.9430274963
    },
    "spectral_decrease": {
        "dmean": 2.84238521608e-09,
        "dmean2": 4.60158444682e-09,
        "dvar": 2.52919637449e-17,
        "dvar2": 6.59899546404e-17,
        "max": 2.28426274517e-22,
        "mean": -5.56004176033e-09,
        "median": -3.53548657017e-09,
        "min": -5.74942085052e-08,
        "var": 3.83465811118e-17
    },
    "spectral_energy": {
        "dmean": 0.0113529553637,
        "dmean2": 0.0182085353881,
        "dvar": 0.000382304540835,
        "dvar2": 0.00098592787981,
        "max": 0.219753697515,
        "mean": 0.022288441658,
        "median": 0.0141431028023,
        "min": 1.01370224742e-20,
        "var": 0.000598662358243
    },
    "spectral_energyband_high": {
        "dmean": 0.000390907225665,
        "dmean2": 0.000588781374972,
        "dvar": 7.92616333456e-07,
        "dvar2": 1.80310428277e-06,
        "max": 0.0106002669781,
        "mean": 0.000460858253064,
        "median": 9.83997742878e-05,
        "min": 7.4116982316e-21,
        "var": 9.43600753089e-07
    },
    "spectral_energyband_low": {
        "dmean": 0.00728000933304,
        "dmean2": 0.0127025833353,
        "dvar": 0.000273112993455,
        "dvar2": 0.000796626554802,
        "max": 0.19776147604,
        "mean": 0.0120891714469,
        "median": 0.00609827274457,
        "min": 2.21667563562e-23,
        "var": 0.000333835021593
    },
    "spectral_energyband_middle_high": {
        "dmean": 0.00212874123827,
        "dmean2": 0.00296527775936,
        "dvar": 3.01349282381e-05,
        "dvar2": 6.13935626461e-05,
        "max": 0.0806943327188,
        "mean": 0.00390906864777,
        "median": 0.000758457405027,
        "min": 1.3652295922e-21,
        "var": 8.14790910226e-05
    },
    "spectral_energyband_middle_low": {
        "dmean": 0.00405287928879,
        "dmean2": 0.00626566912979,
        "dvar": 6.54707255308e-05,
        "dvar2": 0.000155858753715,
        "max": 0.116302035749,
        "mean": 0.00674262596294,
        "median": 0.00369823770598,
        "min": 2.04516051942e-22,
        "var": 8.00400885055e-05
    },
    "spectral_entropy": {
        "dmean": 0.408262640238,
        "dmean2": 0.552919268608,
        "dvar": 0.247889071703,
        "dvar2": 0.440629065037,
        "max": 9.81546974182,
        "mean": 6.90390872955,
        "median": 7.09796571732,
        "min": 2.88362765312,
        "var": 0.867924809456
    },
    "spectral_flux": {
        "dmean": 0.0324954837561,
        "dmean2": 0.0497941598296,
        "dvar": 0.00161530682817,
        "dvar2": 0.00346336234361,
        "max": 0.397200733423,
        "mean": 0.0676603093743,
        "median": 0.049844827503,
        "min": 6.57449789054e-11,
        "var": 0.00358889601193
    },
    "spectral_kurtosis": {
        "dmean": 4.15319633484,
        "dmean2": 6.3374376297,
        "dvar": 68.6547546387,
        "dvar2": 146.503768921,
        "max": 197.614395142,
        "mean": 8.23908805847,
        "median": 4.28240060806,
        "min": -1.23288416862,
        "var": 149.559906006
    },
    "spectral_rms": {
        "dmean": 0.00104299827944,
        "dmean2": 0.00158183230087,
        "dvar": 1.88304613857e-06,
        "dvar2": 4.21098138759e-06,
        "max": 0.0146421939135,
        "mean": 0.00409280089661,
        "median": 0.00371458590962,
        "min": 3.14480169336e-12,
        "var": 4.99370526086e-06
    },
    "spectral_rolloff": {
        "dmean": 494.583618164,
        "dmean2": 888.676513672,
        "dvar": 1616399.375,
        "dvar2": 4210219,
        "max": 19315.2832031,
        "mean": 1091.22521973,
        "median": 301.46484375,
        "min": 64.599609375,
        "var": 3376582
    },
    "spectral_skewness": {
        "dmean": 0.422539114952,
        "dmean2": 0.629843890667,
        "dvar": 0.401107013226,
        "dvar2": 0.846793115139,
        "max": 10.7842712402,
        "mean": 1.9917910099,
        "median": 1.69198107719,
        "min": -0.0411182530224,
        "var": 1.05887162685
    },
    "spectral_spread": {
        "dmean": 1130459.25,
        "dmean2": 1566667.125,
        "dvar": 1.90499887514e+12,
        "dvar2": 3.96838489293e+12,
        "max": 41391420,
        "mean": 5095208,
        "median": 4914716,
        "min": 458928.84375,
        "var": 5.98491109786e+12
    },
    "spectral_strongpeak": {
        "dmean": 0.744080543518,
        "dmean2": 1.19956660271,
        "dvar": 4.10098314285,
        "dvar2": 9.00769710541,
        "max": 38.3057403564,
        "mean": 1.30791890621,
        "median": 0.30218437314,
        "min": 0,
        "var": 10.939950943
    },
    "zerocrossingrate": {
        "dmean": 0.0128767676651,
        "dmean2": 0.0154997771606,
        "dvar": 0.000251083256444,
        "dvar2": 0.000343023333699,
        "max": 0.52001953125,
        "mean": 0.0501110106707,
        "median": 0.03955078125,
        "min": 0.001953125,
        "var": 0.00221083778888
    },
    "barkbands": {
        "dmean": [0.000362619350199, 0.00450981082395, 0.00309529341757, 0.00147124798968, 0.00232934043743, 0.00043099100003, 0.000218662447878, 0.000116562310723, 7.21472897567e-05, 8.31468933029e-05, 0.000123135832837, 0.000175592576852, 0.000108706604806, 6.50175352348e-05, 0.000149379760842, 0.000935291231144, 0.000674388662446, 0.000166725905729, 5.92985961703e-05, 4.7709352657e-05, 4.17825613113e-05, 8.79764556885e-05, 4.75653760077e-05, 0.00010394466517, 6.32097144262e-05, 4.0952116251e-05, 7.98933342594e-06],
        "dmean2": [0.000576742982958, 0.00799331162125, 0.00543356081471, 0.00253038853407, 0.00369331683032, 0.00061160052428, 0.000340465456247, 0.000171290652361, 0.000116143608466, 0.000136163231218, 0.000180177739821, 0.00024010213383, 0.000155689122039, 8.99871083675e-05, 0.000241163783357, 0.0014345718082, 0.000943154620472, 0.000237238258705, 9.00550658116e-05, 7.32017651899e-05, 6.30978902336e-05, 0.000129408173962, 7.19338204362e-05, 0.000171097970451, 9.97514071059e-05, 6.23164014542e-05, 1.18587886391e-05],
        "dvar": [1.19250648822e-06, 0.000147038721479, 4.83485964651e-05, 1.27695129777e-05, 2.53015641647e-05, 1.17307149594e-06, 3.30948921601e-07, 9.39319804161e-08, 4.22656789567e-08, 4.43156231711e-08, 6.70839241934e-08, 7.06523394456e-07, 1.69286764162e-07, 3.8404014191e-08, 1.12828445253e-06, 1.81953164429e-05, 1.01111209005e-05, 1.68279427726e-06, 1.71479097588e-08, 1.00708170692e-08, 1.50761678697e-08, 8.87701787633e-08, 2.10475832318e-08, 1.03116832406e-07, 2.27696261845e-08, 8.32942870233e-09, 3.13579745503e-10],
        "dvar2": [3.00908095596e-06, 0.000448364182375, 0.000141605894896, 3.39036450896e-05, 6.07304027653e-05, 2.18548461817e-06, 7.26880614366e-07, 1.92838669477e-07, 1.04103186516e-07, 1.14158325459e-07, 1.4888294686e-07, 1.28964416035e-06, 3.27455438764e-07, 7.43614236853e-08, 2.83262147605e-06, 4.11902656197e-05, 1.85239823622e-05, 3.06349397761e-06, 3.95105033135e-08, 2.23138787447e-08, 3.94309971341e-08, 1.87919894756e-07, 4.97527565813e-08, 2.73790249139e-07, 5.48477991913e-08, 1.83490662664e-08, 6.57191301379e-10],
        "max": [0.0130600025877, 0.137606948614, 0.0712758898735, 0.0643105357885, 0.0696117132902, 0.0274943280965, 0.00864556524903, 0.00734465243295, 0.0036583673209, 0.00331766647287, 0.00466213515028, 0.0209602564573, 0.0121299838647, 0.00488102668896, 0.0311510078609, 0.080682836473, 0.07159948349, 0.0557467639446, 0.0021499004215, 0.0011448514415, 0.00304357847199, 0.00558109860867, 0.00354653224349, 0.00485796062276, 0.00180245481897, 0.00136146508157, 0.000392902380554],
        "mean": [0.000383039645385, 0.00642043026164, 0.004394098185, 0.00197417172603, 0.00322054931894, 0.000910254893824, 0.000328962632921, 0.000183831405593, 8.07096002973e-05, 9.81701450655e-05, 0.000227508789976, 0.000263537716819, 0.000172997592017, 0.000105654413346, 0.000156893045641, 0.0014739560429, 0.0010387316579, 0.000268800533377, 9.21530081541e-05, 6.26582914265e-05, 6.22586449026e-05, 0.000115759088658, 5.61457418371e-05, 9.30300593609e-05, 5.81626663916e-05, 3.79254706786e-05, 7.99701501819e-06],
        "median": [1.62289161381e-05, 0.00318049569614, 0.0016578262439, 0.00085130246589, 0.00142682821024, 0.00026752546546, 5.4519616242e-05, 3.81363388442e-05, 1.10731371024e-05, 1.94968743017e-05, 4.1843715735e-05, 2.3558297471e-05, 1.94833301066e-05, 1.85684384633e-05, 1.86537690752e-05, 3.76183597837e-05, 2.93400935334e-05, 1.70624607563e-05, 1.65260044014e-05, 1.40999727591e-05, 1.44134983202e-05, 1.45209633047e-05, 9.43758914218e-06, 1.0135764569e-05, 6.80763605487e-06, 3.52403299075e-06, 7.37310642762e-07],
        "min": [2.89973475289e-24, 1.00382053207e-23, 1.78545353869e-24, 5.07786372589e-24, 1.38587131161e-23, 1.43948624303e-23, 1.24318388657e-23, 2.23067413015e-23, 3.78696211648e-23, 2.26123255058e-23, 2.34028035759e-23, 3.08875205778e-23, 2.98375624902e-23, 2.76697222355e-23, 5.20551577762e-23, 8.26729573442e-23, 1.02366478568e-22, 1.47970363416e-22, 1.76523581466e-22, 2.31476301078e-22, 2.49704945466e-22, 3.62992641598e-22, 5.02408925524e-22, 7.2803717983e-22, 9.91028309988e-22, 1.44417636821e-21, 2.009585215e-21],
        "var": [1.29791317249e-06, 0.000145105252159, 5.69655530853e-05, 1.17306835818e-05, 2.85948444798e-05, 3.42639168593e-06, 5.86756812027e-07, 1.92402652033e-07, 4.26172377388e-08, 4.78159556394e-08, 1.76461128376e-07, 1.41116197483e-06, 3.72492024781e-07, 8.98501681945e-08, 9.17680438306e-07, 4.61427662231e-05, 2.43777030846e-05, 4.50622383141e-06, 2.92900388388e-08, 1.39358320439e-08, 1.62265170189e-08, 1.23199882296e-07, 2.28923688894e-08, 7.87130858271e-08, 2.14688462563e-08, 8.98415120076e-09, 3.81927683923e-10]
    },
    "erbbands": {
        "dmean": [0.13946056366, 1.01805436611, 3.3833193779, 3.691167593, 8.44485473633, 6.61654472351, 4.78939580917, 3.65803670883, 3.52599191666, 3.09949707985, 1.81614005566, 1.73638653755, 2.47485208511, 2.35610842705, 5.79388523102, 8.63781929016, 5.36165094376, 3.85489177704, 4.37818384171, 30.7512378693, 42.2719268799, 26.6070346832, 14.0178918839, 3.64337849617, 2.75265932083, 2.26112031937, 1.65818226337, 1.75902545452, 3.66511297226, 2.33966994286, 1.20423662663, 1.06782960892, 2.25685334206, 0.812212586403, 0.49786990881, 0.197859987617, 0.0743856653571, 0.0148873627186, 0.00150272983592, 5.07428885612e-05],
        "dmean2": [0.242836669087, 1.79312801361, 5.94537401199, 6.25730514526, 13.7383728027, 10.6962566376, 7.34653091431, 5.22912168503, 5.3637804985, 4.64846944809, 2.69604277611, 2.77230453491, 3.99837470055, 3.76038956642, 8.33765888214, 11.5247592926, 7.57258033752, 5.31325435638, 6.44523334503, 45.544128418, 60.1295127869, 37.0706520081, 19.8203868866, 5.53955459595, 4.14781618118, 3.46843409538, 2.53372907639, 2.61116480827, 5.40630865097, 3.5161190033, 1.83087182045, 1.66228818893, 3.77996468544, 1.28863096237, 0.80194491148, 0.306704193354, 0.114004611969, 0.022412372753, 0.0022488180548, 7.67274323152e-05],
        "dvar": [0.18870344758, 7.71113681793, 58.8720054626, 60.0874214172, 424.901306152, 250.39050293, 138.205429077, 85.7840118408, 83.3819656372, 65.4953536987, 24.0893764496, 26.0676860809, 38.8528213501, 36.4217720032, 153.662506104, 1815.41809082, 330.077209473, 129.890716553, 397.750640869, 22763.4511719, 29644.0527344, 15499.4394531, 8627.23339844, 68.7912979126, 40.7828865051, 22.6705532074, 16.7269096375, 27.1520595551, 235.970840454, 52.0210151672, 10.4802408218, 8.36728954315, 55.9463119507, 4.08106374741, 1.84501934052, 0.198941528797, 0.0283837616444, 0.00135890464298, 1.20007634905e-05, 1.10834301736e-08],
        "dvar2": [0.536828517914, 22.7984828949, 165.261993408, 160.33253479, 1065.51489258, 610.592651367, 309.095336914, 155.912704468, 180.43963623, 134.676315308, 48.1477394104, 64.4327011108, 96.0018234253, 93.8179931641, 331.011108398, 3279.98632812, 639.073425293, 262.778900146, 937.920959473, 48402.3007812, 61482.8984375, 30357.8652344, 15813.3183594, 145.367797852, 93.7111434937, 50.1992759705, 41.2244110107, 70.835975647, 491.332427979, 116.697463989, 25.7751789093, 20.440788269, 150.892120361, 10.0820941925, 4.59489250183, 0.447388589382, 0.0634629353881, 0.00312423543073, 2.62382927758e-05, 2.48748364129e-08],
        "max": [5.67215967178, 35.3654403687, 102.222122192, 96.52684021, 321.043945312, 259.765411377, 236.085037231, 210.106414795, 169.196166992, 157.837692261, 157.011428833, 97.2869491577, 114.786407471, 83.4462585449, 204.504821777, 1075.63330078, 508.427734375, 256.21295166, 572.703674316, 2740.1171875, 2799.27001953, 3070.38378906, 3750.82739258, 183.771453857, 129.287872314, 56.8611335754, 90.1248931885, 118.30544281, 320.423919678, 151.671340942, 50.1704673767, 62.4706573486, 111.977058411, 30.8170604706, 21.6315078735, 6.23541259766, 1.98939490318, 1.09272897243, 0.081554248929, 0.00248332181945],
        "mean": [0.170354917645, 1.47748351097, 4.78910493851, 6.15240955353, 10.8223028183, 8.48077297211, 8.61884689331, 7.38944530487, 5.93408298492, 4.71630811691, 2.74809646606, 2.15012788773, 2.90015435219, 3.22323846817, 10.9373178482, 13.8478145599, 8.83336353302, 6.75097703934, 6.27771949768, 47.2745475769, 65.1962432861, 40.4202880859, 24.1502971649, 5.6096663475, 4.1518573761, 3.05561900139, 2.39979600906, 2.59313511848, 4.76036500931, 2.93859863281, 1.44003582001, 1.17288184166, 1.88484728336, 0.760725855827, 0.429030001163, 0.181772112846, 0.0674786567688, 0.0145539101213, 0.00147614011075, 6.46829066682e-05],
        "median": [0.0348432064056, 0.848732829094, 2.40373301506, 2.20945048332, 4.41496419907, 3.31690835953, 3.14844298363, 1.70210266113, 1.08582401276, 0.92961204052, 0.606495440006, 0.393224895, 0.658035933971, 0.761496961117, 2.04514956474, 1.58113205433, 1.31195914745, 1.44954073429, 1.19005405903, 2.84400248528, 3.04318737984, 2.2963578701, 1.59358406067, 1.04129302502, 0.79354673624, 0.713466465473, 0.600210487843, 0.593965947628, 0.538950681686, 0.394841641188, 0.273805439472, 0.196441784501, 0.152504175901, 0.092502348125, 0.0429076887667, 0.0165755543858, 0.00598210468888, 0.00150169385597, 0.00014478097728, 2.61289933405e-05],
        "min": [3.58478817364e-22, 1.68103426576e-21, 2.75564437028e-21, 1.15905209822e-20, 2.72241909386e-20, 3.46988049799e-20, 6.46858987179e-20, 1.0901724778e-19, 1.37939204308e-19, 2.77374804193e-19, 5.65806841828e-19, 8.67183635663e-19, 8.54986702434e-19, 1.02516784313e-18, 2.05528946416e-18, 1.37519707415e-18, 1.15875017083e-18, 2.04126006738e-18, 3.32660092518e-18, 4.70117471874e-18, 5.81161092435e-18, 5.57974309966e-18, 7.65175319272e-18, 8.82953430791e-18, 9.77748908016e-18, 1.09282420688e-17, 1.03104647099e-17, 9.69078318117e-18, 1.13198756929e-17, 1.39531323811e-17, 1.45991290066e-17, 1.28530293157e-17, 1.16980486069e-17, 8.61523083635e-18, 7.31429410848e-18, 4.90051656097e-18, 2.67060596078e-18, 1.09488169458e-18, 2.70424108904e-19, 2.8784609003e-20],
        "var": [0.188757300377, 6.94392204285, 58.48097229, 100.871841431, 427.866546631, 257.419128418, 265.229431152, 262.150726318, 172.84552002, 120.977325439, 48.9484291077, 27.6705226898, 43.2571640015, 43.6571807861, 415.427459717, 3682.70556641, 740.371643066, 304.342376709, 551.437988281, 48153.3125, 62700.4921875, 31769.2285156, 23387.1640625, 136.054428101, 68.5607833862, 31.9266719818, 20.7881336212, 28.6745796204, 325.616149902, 63.713306427, 11.3284492493, 8.60163497925, 40.1704940796, 3.76742362976, 1.53858089447, 0.207700580359, 0.0297072436661, 0.00139934325125, 1.3546567061e-05, 1.27968657893e-08]
    },
    "gfcc": {
        "mean": [-81.0288162231, 94.0944442749, -76.8637619019, 46.5136795044, -31.4692611694, 13.3101730347, -40.7508773804, -1.16662943363, -24.3863315582, -4.05042457581, -14.9718465805, 5.1959028244, -8.97490787506],
        "cov": [[15654.0771484, -2396.36206055, -731.856384277, 280.024078369, -657.911743164, 398.938568115, -525.072692871, 223.311767578, -536.876281738, 214.004821777, -381.1144104, 454.02911377, -248.747146606], [-2396.36206055, 2391.38671875, 145.498168945, 37.3953514099, 563.435791016, -109.652236938, 237.061157227, -264.415679932, 138.288452148, -207.681304932, 203.296600342, -186.424362183, 127.521308899], [-731.856384277, 145.498168945, 1286.62255859, 190.88885498, 64.4992752075, 159.325958252, 109.607635498, 33.1517066956, -65.3256149292, 51.5581626892, 16.7410831451, -58.0275382996, -5.00246429443], [280.024078369, 37.3953514099, 190.88885498, 511.109100342, 160.662460327, 43.832988739, -50.7566680908, 13.4688138962, 52.892539978, -66.8690719604, -32.2867240906, 5.73365831375, 89.9999008179], [-657.911743164, 563.435791016, 64.4992752075, 160.662460327, 590.921081543, 6.20993947983, -47.5042610168, -46.4605751038, 141.032516479, -139.193481445, -40.8118934631, -6.53609418869, 129.739486694], [398.938568115, -109.652236938, 159.325958252, 43.832988739, 6.20993947983, 276.492858887, 47.0780448914, -17.4998035431, -60.7002449036, 35.2235450745, -0.210931152105, -8.94309425354, 6.13325214386], [-525.072692871, 237.061157227, 109.607635498, -50.7566680908, -47.5042610168, 47.0780448914, 238.269790649, 8.7574005127, -25.0324268341, 25.8266963959, 79.5222702026, -42.0323600769, -50.9110374451], [223.311767578, -264.415679932, 33.1517066956, 13.4688138962, -46.4605751038, -17.4998035431, 8.7574005127, 174.728149414, 31.2036743164, 1.4950658083, -19.99010849, 27.5469818115, -22.7419452667], [-536.876281738, 138.288452148, -65.3256149292, 52.892539978, 141.032516479, -60.7002449036, -25.0324268341, 31.2036743164, 226.24697876, 7.73033189774, -37.8759078979, -12.7690639496, 73.8168563843], [214.004821777, -207.681304932, 51.5581626892, -66.8690719604, -139.193481445, 35.2235450745, 25.8266963959, 1.4950658083, 7.73033189774, 162.564605713, 39.2489471436, -2.60823607445, -36.9699172974], [-381.1144104, 203.296600342, 16.7410831451, -32.2867240906, -40.8118934631, -0.210931152105, 79.5222702026, -19.99010849, -37.8759078979, 39.2489471436, 171.932159424, 22.8596115112, -43.6058769226], [454.02911377, -186.424362183, -58.0275382996, 5.73365831375, -6.53609418869, -8.94309425354, -42.0323600769, 27.5469818115, -12.7690639496, -2.60823607445, 22.8596115112, 149.167709351, -0.660024762154], [-248.747146606, 127.521308899, -5.00246429443, 89.9999008179, 129.739486694, 6.13325214386, -50.9110374451, -22.7419452667, 73.8168563843, -36.9699172974, -43.6058769226, -0.660024762154, 154.364807129]],
        "icov": [[0.000127743929625, -0.000117386349302, 0.000142728356877, -0.00019728760526, 4.03851809097e-05, -0.00019418275042, 0.000239829794737, -0.000286915979814, 0.000459193863207, -0.000513367005624, 0.000573642260861, -0.000418196053943, 0.000250796816545], [-0.000117386349302, 0.00158545572776, -0.000369717134163, 0.000491048383992, -0.000784201489296, 0.000779736787081, -0.00134099728893, 0.00205776467919, -0.00135733117349, 0.00239162123762, -0.00261809141375, 0.00175377586856, -0.000818397733383], [0.000142728356877, -0.000369717134163, 0.00120861956384, -0.000698871037457, -0.00020962873532, -0.000515733030625, 3.40076185239e-05, -0.00103180983569, 0.00133824371733, -0.00166139041539, 0.00111517868936, -0.000323442654917, 0.00031373204547], [-0.00019728760526, 0.000491048383992, -0.000698871037457, 0.00294679496437, -0.000301940512145, -8.71690644999e-05, -2.64175014308e-06, 0.000533641374204, -0.00142912915908, 0.00225545349531, -0.00170294661075, 0.000883258762769, -0.0013830170501], [4.03851809097e-05, -0.000784201489296, -0.00020962873532, -0.000301940512145, 0.0037102769129, -0.00113713310566, 0.000992572400719, 0.00016269813932, -0.00187482673209, 0.00200891192071, 0.00061317323707, -0.00104951905087, -0.000293329183478], [-0.00019418275042, 0.000779736787081, -0.000515733030625, -8.71690644999e-05, -0.00113713310566, 0.00539420265704, -0.00209056423046, 0.00123929569963, 0.00118762534112, -0.000702381832525, -0.000583277840633, 0.000995644950308, -0.00158509495668], [0.000239829794737, -0.00134099728893, 3.40076185239e-05, -2.64175014308e-06, 0.000992572400719, -0.00209056423046, 0.0076482151635, -0.0026319923345, 0.000731374777388, -0.00136060721707, -0.000544384645764, 0.000298059545457, 0.00205233087763], [-0.000286915979814, 0.00205776467919, -0.00103180983569, 0.000533641374204, 0.00016269813932, 0.00123929569963, -0.0026319923345, 0.0101276021451, -0.00452833203599, 0.00468348897994, -0.00244030775502, 0.000563216395676, 0.000531354104169], [0.000459193863207, -0.00135733117349, 0.00133824371733, -0.00142912915908, -0.00187482673209, 0.00118762534112, 0.000731374777388, -0.00452833203599, 0.010785558261, -0.00736132077873, 0.00471665104851, -0.00142312666867, -0.00175385980401], [-0.000513367005624, 0.00239162123762, -0.00166139041539, 0.00225545349531, 0.00200891192071, -0.000702381832525, -0.00136060721707, 0.00468348897994, -0.00736132077873, 0.0154835972935, -0.00745371729136, 0.00339699815959, -0.000453700165963], [0.000573642260861, -0.00261809141375, 0.00111517868936, -0.00170294661075, 0.00061317323707, -0.000583277840633, -0.000544384645764, -0.00244030775502, 0.00471665104851, -0.00745371729136, 0.0141895636916, -0.00611729267985, 0.00302652688697], [-0.000418196053943, 0.00175377586856, -0.000323442654917, 0.000883258762769, -0.00104951905087, 0.000995644950308, 0.000298059545457, 0.000563216395676, -0.00142312666867, 0.00339699815959, -0.00611729267985, 0.0108694825321, -0.00181179703213], [0.000250796816545, -0.000818397733383, 0.00031373204547, -0.0013830170501, -0.000293329183478, -0.00158509495668, 0.00205233087763, 0.000531354104169, -0.00175385980401, -0.000453700165963, 0.00302652688697, -0.00181179703213, 0.0110168056563]]
    },
    "melbands": {
        "dmean": [0.00122001674026, 0.00158285279758, 0.000792732229456, 0.000544852518942, 0.00020101168775, 8.1090911408e-05, 5.1414459449e-05, 3.2343523344e-05, 1.33774674396e-05, 1.10393966679e-05, 1.24213192976e-05, 9.26557368075e-06, 1.76877565536e-05, 2.17864999286e-05, 1.48457147588e-05, 1.04179580376e-05, 7.40588029657e-06, 5.76835509492e-06, 1.28887304527e-05, 7.98761975602e-05, 5.12815277034e-05, 3.05327375827e-05, 2.33232785831e-05, 6.19025422566e-06, 2.74557169178e-06, 2.144465725e-06, 1.73754722255e-06, 1.52344023263e-06, 1.0773565009e-06, 1.11956592264e-06, 9.4084526836e-07, 1.94527478925e-06, 1.94940162146e-06, 1.11075667064e-06, 6.83189227857e-07, 5.9302436739e-07, 6.53575114029e-07, 1.66916868238e-06, 1.24369705645e-06, 5.57692146685e-07],
        "dmean2": [0.00215304270387, 0.00277754897252, 0.00131147331558, 0.000875760859344, 0.000314673030516, 0.000115534217912, 7.84401418059e-05, 4.82244504383e-05, 2.00582053367e-05, 1.77922920557e-05, 2.01760158234e-05, 1.51192361955e-05, 2.61358891294e-05, 2.97093920381e-05, 2.05096421269e-05, 1.46270622281e-05, 1.01847026599e-05, 8.77270667843e-06, 2.07448338188e-05, 0.000116551513202, 7.17723451089e-05, 4.23689671152e-05, 3.54532639903e-05, 8.89582315722e-06, 4.29084502684e-06, 3.28992473442e-06, 2.64831965069e-06, 2.37577341977e-06, 1.68548990587e-06, 1.72583509084e-06, 1.42365274769e-06, 2.8658678275e-06, 2.96991333926e-06, 1.67178529864e-06, 1.04643947907e-06, 9.07821856799e-07, 1.03003196728e-06, 2.82951282315e-06, 2.0324957859e-06, 8.78272487626e-07],
        "dvar": [1.17123090604e-05, 1.40312558869e-05, 2.71878570857e-06, 1.49735660671e-06, 2.42817662865e-07, 4.09124787382e-08, 1.76559957765e-08, 7.14665526758e-09, 1.34633426629e-09, 1.05492137248e-09, 9.95487137168e-10, 6.38409936027e-10, 1.39914058117e-09, 8.6913471975e-09, 2.68193267594e-09, 2.75294387286e-09, 5.40650912928e-10, 7.37723049316e-10, 8.77636452401e-09, 1.51168549678e-07, 6.0868728724e-08, 2.15766622347e-08, 2.09848369792e-08, 1.79621495455e-09, 3.86478488101e-11, 2.8764310378e-11, 1.41757508509e-11, 1.08959690229e-11, 6.09460919232e-12, 1.18167949384e-11, 7.83090519513e-12, 7.46323419731e-11, 3.50665954607e-11, 1.50269328231e-11, 3.53170531014e-12, 2.43027755038e-12, 4.11328002908e-12, 3.37242872517e-11, 1.51463910858e-11, 2.57473946677e-12],
        "dvar2": [3.5339162423e-05, 3.89148262911e-05, 6.85735494699e-06, 3.68139671991e-06, 5.59955310564e-07, 7.47045802996e-08, 3.81819340589e-08, 1.47223637725e-08, 2.76798806098e-09, 2.61460453288e-09, 2.47740850057e-09, 1.67449409894e-09, 3.14467119011e-09, 1.60515458703e-08, 4.87325690912e-09, 5.27114307758e-09, 1.05219277735e-09, 1.89656068628e-09, 2.07118695528e-08, 3.1179726534e-07, 1.20266150816e-07, 3.84409126752e-08, 4.50642296812e-08, 2.94686297586e-09, 8.87204754108e-11, 7.01205413178e-11, 3.09561022649e-11, 2.48457938251e-11, 1.46266575241e-11, 3.15347782609e-11, 2.04090685324e-11, 1.5465381753e-10, 7.92905532898e-11, 3.39283670603e-11, 8.87196306004e-12, 5.8732060014e-12, 1.01391603446e-11, 9.20433937401e-11, 4.0205307833e-11, 6.53402202136e-12],
        "max": [0.0438106283545, 0.0541831329465, 0.0236334055662, 0.0191636774689, 0.00990820955485, 0.00476788915694, 0.00223784870468, 0.00188506196719, 0.00113742030226, 0.000602887303103, 0.000566260539927, 0.000357291457476, 0.000673384987749, 0.00235993554816, 0.00132926832885, 0.00163518206682, 0.000574940291699, 0.000712581095286, 0.00249400315806, 0.00790533889085, 0.00458268774673, 0.00300897238776, 0.00400239229202, 0.00191893405281, 0.000117585972475, 0.00012446634355, 4.92659710289e-05, 4.70926279377e-05, 4.2439547542e-05, 9.06284622033e-05, 6.0766858951e-05, 0.000184013100807, 9.79559554253e-05, 9.56646181294e-05, 3.16150726576e-05, 2.21534919547e-05, 5.25694558746e-05, 7.57110974519e-05, 7.02358593117e-05, 3.13353084493e-05],
        "mean": [0.00163548055571, 0.00241278647445, 0.00126246921718, 0.000702413031831, 0.000330130715156, 0.00016616533685, 8.46366529004e-05, 4.95041604154e-05, 1.93904215848e-05, 1.30192638608e-05, 1.42151666296e-05, 1.13456435429e-05, 3.21012121276e-05, 3.58186480298e-05, 2.31430694839e-05, 1.70850053109e-05, 1.23611789604e-05, 7.91906404629e-06, 1.25470778585e-05, 0.000131614346174, 6.75666815368e-05, 4.40669318778e-05, 3.96733485104e-05, 9.32809052756e-06, 3.87687805414e-06, 3.1490631045e-06, 2.43829344981e-06, 1.90954028767e-06, 1.46516231325e-06, 1.59643172992e-06, 1.33766320687e-06, 2.53655321103e-06, 2.40608369495e-06, 1.35638742904e-06, 8.05590900654e-07, 6.80132643538e-07, 7.100595667e-07, 1.35095547193e-06, 1.09150460048e-06, 5.19418392741e-07],
        "median": [0.000630796363112, 0.00133650237694, 0.00053613469936, 0.000295064819511, 0.00011629160872, 4.02906734962e-05, 1.5026967958e-05, 9.18594105315e-06, 4.12194231103e-06, 2.03132321985e-06, 2.99641737911e-06, 2.20045376409e-06, 6.02186992182e-06, 4.4457765398e-06, 3.10274481308e-06, 2.05880746762e-06, 2.23865617954e-06, 1.3377933783e-06, 1.26007057588e-06, 3.97246731154e-06, 2.49091340265e-06, 1.50196740378e-06, 1.25389249206e-06, 8.04241437891e-07, 6.74639409226e-07, 4.9273512559e-07, 4.95655513078e-07, 4.45913769909e-07, 3.48787011717e-07, 3.38847939929e-07, 2.91035604505e-07, 2.9989391237e-07, 2.63488743713e-07, 1.78409777618e-07, 1.47138734974e-07, 1.2647069525e-07, 1.05610745038e-07, 1.03639401061e-07, 9.09018567086e-08, 5.84234953749e-08],
        "min": [3.8275759891e-24, 1.83845966671e-24, 2.62085072922e-24, 9.88723055686e-25, 2.69364779963e-24, 2.93411705823e-24, 1.99248337795e-24, 3.03248939361e-24, 4.39331350373e-24, 4.94133478016e-24, 4.02117665474e-24, 3.87298085065e-24, 4.46162767484e-24, 4.78761931632e-24, 3.95057873131e-24, 2.21411483535e-24, 2.73266722658e-24, 5.94448698927e-24, 4.91008444983e-24, 4.66900619061e-24, 6.87640111434e-24, 4.9512787663e-24, 7.02624208784e-24, 6.42452857162e-24, 7.18105761821e-24, 6.1428267368e-24, 6.04020184949e-24, 6.59047769038e-24, 5.45152978175e-24, 4.717641832e-24, 5.89950850704e-24, 5.24125220215e-24, 6.29528870066e-24, 6.69899734081e-24, 7.82168524845e-24, 7.50917484541e-24, 7.85593522238e-24, 7.28822437219e-24, 6.96903152841e-24, 7.11381038149e-24],
        "var": [1.18278676382e-05, 1.4026266399e-05, 3.62284913535e-06, 1.54060353452e-06, 3.81548176165e-07, 1.23875068425e-07, 3.5609254212e-08, 1.34613040714e-08, 2.57292320782e-09, 1.0716765253e-09, 1.08232622864e-09, 7.10289493888e-10, 3.45717454664e-09, 1.74865615321e-08, 5.67540103802e-09, 5.85717252477e-09, 1.27389088167e-09, 9.60334922695e-10, 7.68083463498e-09, 4.22561669211e-07, 1.03605870549e-07, 4.46901218254e-08, 5.00229297984e-08, 5.04489383601e-09, 6.04496869228e-11, 4.2951798368e-11, 2.38981473499e-11, 1.37660377889e-11, 7.71835980545e-12, 1.20546342006e-11, 8.10373122773e-12, 1.03201988622e-10, 4.48043373236e-11, 1.7429953314e-11, 3.67767578544e-12, 2.61873053624e-12, 4.10373644788e-12, 2.32950915502e-11, 1.15894628963e-11, 2.26296195324e-12]
    },
    "mfcc": {
        "mean": [-739.282226562, 125.717498779, 27.7368354797, 39.6673698425, 27.7817802429, 17.7761726379, 3.90798163414, 5.82386255264, -0.841732621193, -10.6934299469, -6.69379472733, 2.36898589134, 4.57828378677],
        "cov": [[13697.9277344, -1926.8248291, -1239.77575684, -262.613861084, -556.007873535, -179.869171143, -160.938537598, -0.810627698898, -255.619766235, -150.276855469, 110.258010864, -178.950775146, -56.730140686], [-1926.8248291, 1861.30664062, 81.3976745605, 122.954719543, 298.096221924, 181.598022461, 124.906944275, 38.0013046265, 0.322285205126, 8.46709632874, 2.83282923698, 45.4234008789, -48.5120506287], [-1239.77575684, 81.3976745605, 910.150634766, 180.177078247, 111.151313782, 79.5807571411, 146.753997803, -0.0935561582446, 43.0619773865, 76.9483413696, 38.7846107483, -9.03035640717, -18.4182491302], [-262.613861084, 122.954719543, 180.177078247, 354.497467041, 154.72819519, 48.4742698669, -5.731300354, 52.229095459, 60.5220489502, -6.3297162056, -29.1073970795, 27.4059619904, 16.8274345398], [-556.007873535, 298.096221924, 111.151313782, 154.72819519, 367.387268066, 114.908798218, -9.0422744751, 60.8981285095, 128.688339233, -42.5543937683, -90.3138122559, 26.4275741577, 37.062122345], [-179.869171143, 181.598022461, 79.5807571411, 48.4742698669, 114.908798218, 215.571868896, 81.5926895142, 7.8430519104, 24.7218818665, 12.3652706146, -17.0258617401, -16.5978012085, 28.4824562073], [-160.938537598, 124.906944275, 146.753997803, -5.731300354, -9.0422744751, 81.5926895142, 221.339172363, 35.2941513062, -62.4829025269, 26.8134593964, 47.1162528992, 0.0218369886279, -61.7085380554], [-0.810627698898, 38.0013046265, -0.0935561582446, 52.229095459, 60.8981285095, 7.8430519104, 35.2941513062, 145.319030762, 44.7901496887, -45.8546905518, 13.2440137863, 34.6483802795, -15.4556188583], [-255.619766235, 0.322285205126, 43.0619773865, 60.5220489502, 128.688339233, 24.7218818665, -62.4829025269, 44.7901496887, 215.393066406, 44.6644096375, -96.3925476074, -11.9101076126, 60.5954551697], [-150.276855469, 8.46709632874, 76.9483413696, -6.3297162056, -42.5543937683, 12.3652706146, 26.8134593964, -45.8546905518, 44.6644096375, 179.999404907, 28.6717758179, -53.1491088867, -23.2985839844], [110.258010864, 2.83282923698, 38.7846107483, -29.1073970795, -90.3138122559, -17.0258617401, 47.1162528992, 13.2440137863, -96.3925476074, 28.6717758179, 204.094024658, 35.3507156372, -66.2173995972], [-178.950775146, 45.4234008789, -9.03035640717, 27.4059619904, 26.4275741577, -16.5978012085, 0.0218369886279, 34.6483802795, -11.9101076126, -53.1491088867, 35.3507156372, 142.553924561, 28.2315368652], [-56.730140686, -48.5120506287, -18.4182491302, 16.8274345398, 37.062122345, 28.4824562073, -61.7085380554, -15.4556188583, 60.5954551697, -23.2985839844, -66.2173995972, 28.2315368652, 183.022903442]],
