{
"lowlevel": {
    "average_loudness": 0.961742758751,
    "barkbands_crest": {
        "dmean": 2.91440176964,
        "dmean2": 4.86526441574,
        "dvar": 7.62286663055,
        "dvar2": 20.7481441498,
        "max": 26.1080551147,
        "mean": 9.36278629303,
        "median": 8.64670944214,
        "min": 2.70932507515,
        "var": 13.214184761
    },
    "barkbands_flatness_db": {
        "dmean": 0.0196370910853,
        "dmean2": 0.0318270586431,
        "dvar": 0.000326778594172,
        "dvar2": 0.000859577499796,
        "max": 0.460073560476,
        "mean": 0.113279700279,
        "median": 0.103073820472,
        "min": 0.0226407386363,
        "var": 0.00246649375185
    },
    "barkbands_kurtosis": {
        "dmean": 1.65532624722,
        "dmean2": 2.7504837513,
        "dvar": 6.01808357239,
        "dvar2": 15.7715806961,
        "max": 35.5256118774,
        "mean": 1.17819201946,
        "median": 0.134958267212,
        "min": -1.87803339958,
        "var": 9.15301990509
    },
    "barkbands_skewness": {
        "dmean": 0.510686278343,
        "dmean2": 0.826688706875,
        "dvar": 0.26242390275,
        "dvar2": 0.679508566856,
        "max": 5.71176147461,
        "mean": 1.20506942272,
        "median": 1.06321597099,
        "min": -3.83618688583,
        "var": 0.639767050743
    },
    "barkbands_spread": {
        "dmean": 5.84367227554,
        "dmean2": 9.51522254944,
        "dvar": 35.6885375977,
        "dvar2": 90.7092819214,
        "max": 134.020370483,
        "mean": 30.2886600494,
        "median": 29.7701206207,
        "min": 0.902976214886,
        "var": 137.667663574
    },
    "dissonance": {
        "dmean": 0.0103390151635,
        "dmean2": 0.0176243167371,
        "dvar": 0.000113777925435,
        "dvar2": 0.000319764425512,
        "max": 0.500000059605,
        "mean": 0.481836348772,
        "median": 0.485660970211,
        "min": 0.347680419683,
        "var": 0.000203927338589
    },
    "dynamic_complexity": 1.74373161793,
    "erbbands_crest": {
        "dmean": 2.23557257652,
        "dmean2": 3.65429186821,
        "dvar": 5.38559055328,
        "dvar2": 13.4847917557,
        "max": 33.5723991394,
        "mean": 7.94710206985,
        "median": 6.87976455688,
        "min": 2.28427124023,
        "var": 15.428196907
    },
    "erbbands_flatness_db": {
        "dmean": 0.0150416977704,
        "dmean2": 0.0222997087985,
        "dvar": 0.000233910890529,
        "dvar2": 0.000467431673314,
        "max": 0.539904952049,
        "mean": 0.144041255116,
        "median": 0.136742562056,
        "min": 0.0388856492937,
        "var": 0.00220347591676
    },
    "erbbands_kurtosis": {
        "dmean": 0.684368014336,
        "dmean2": 1.10540342331,
        "dvar": 0.854519963264,
        "dvar2": 2.25481009483,
        "max": 27.8667430878,
        "mean": 0.348072350025,
        "median": 0.0911118984222,
        "min": -1.74373722076,
        "var": 1.62331080437
    },
    "erbbands_skewness": {
        "dmean": 0.256770253181,
        "dmean2": 0.402938812971,
        "dvar": 0.0571452453732,
        "dvar2": 0.13639819622,
        "max": 4.64343690872,
        "mean": -0.240088447928,
        "median": -0.277812570333,
        "min": -2.20398402214,
        "var": 0.235366985202
    },
    "erbbands_spread": {
        "dmean": 7.77236032486,
        "dmean2": 12.5797243118,
        "dvar": 71.7351379395,
        "dvar2": 182.990081787,
        "max": 165.677276611,
        "mean": 36.6707382202,
        "median": 34.8342437744,
        "min": 1.78867602348,
        "var": 165.518600464
    },
    "hfc": {
        "dmean": 7.42657089233,
        "dmean2": 11.9967927933,
        "dvar": 130.317840576,
        "dvar2": 334.679443359,
        "max": 141.611785889,
        "mean": 32.317489624,
        "median": 30.9184684753,
        "min": 1.25250616327e-16,
        "var": 309.67401123
    },
    "melbands_crest": {
        "dmean": 3.81693077087,
        "dmean2": 6.3609919548,
        "dvar": 11.057767868,
        "dvar2": 30.1881332397,
        "max": 31.399723053,
        "mean": 15.068819046,
        "median": 14.6037425995,
        "min": 1.82785964012,
        "var": 22.6543560028
    },
    "melbands_flatness_db": {
        "dmean": 0.0268372762948,
        "dmean2": 0.0437147095799,
        "dvar": 0.000598396523856,
        "dvar2": 0.00161430251319,
        "max": 0.437705487013,
        "mean": 0.183441117406,
        "median": 0.174378708005,
        "min": 0.00629918370396,
        "var": 0.00292353122495
    },
    "melbands_kurtosis": {
        "dmean": 6.01873397827,
        "dmean2": 10.0157928467,
        "dvar": 79.3503570557,
        "dvar2": 209.274688721,
        "max": 260.777770996,
        "mean": 9.02218055725,
        "median": 5.53832912445,
        "min": -1.72012865543,
        "var": 110.707176208
    },
    "melbands_skewness": {
        "dmean": 0.807965278625,
        "dmean2": 1.31243765354,
        "dvar": 0.719535887241,
        "dvar2": 1.86804413795,
        "max": 15.1077804565,
        "mean": 2.56930232048,
        "median": 2.34324359894,
        "min": -1.57205033302,
        "var": 1.61777806282
    },
    "melbands_spread": {
        "dmean": 8.6687746048,
        "dmean2": 14.1328516006,
        "dvar": 77.4164733887,
        "dvar2": 197.84727478,
        "max": 169.325836182,
        "mean": 28.9559593201,
        "median": 28.0121135712,
        "min": 1.85689520836,
        "var": 199.529220581
    },
    "pitch_salience": {
        "dmean": 0.0836818143725,
        "dmean2": 0.138847216964,
        "dvar": 0.00542585598305,
        "dvar2": 0.0152491731569,
        "max": 0.845218122005,
        "mean": 0.539778649807,
        "median": 0.542315006256,
        "min": 0.0876832678914,
        "var": 0.0113896448165
    },
    "silence_rate_20dB": {
        "dmean": 0,
        "dmean2": 0,
        "dvar": 0,
        "dvar2": 0,
        "max": 1,
        "mean": 1,
        "median": 1,
        "min": 1,
        "var": 0
    },
    "silence_rate_30dB": {
        "dmean": 0.00994598306715,
        "dmean2": 0.0198936723173,
        "dvar": 0.00984729174525,
        "dvar2": 0.0287595130503,
        "max": 1,
        "mean": 0.994684517384,
        "median": 1,
        "min": 0,
        "var": 0.00528667587787
    },
    "silence_rate_60dB": {
        "dmean": 0.00205778959207,
        "dmean2": 0.0041159321554,
        "dvar": 0.00205314042978,
        "dvar2": 0.00444032810628,
        "max": 1,
        "mean": 0.0236625522375,
        "median": 0,
        "min": 0,
        "var": 0.0231071263552
    },
    "spectral_centroid": {
        "dmean": 234.263397217,
        "dmean2": 374.463989258,
        "dvar": 54450.2929688,
        "dvar2": 124543.382812,
        "max": 11566.8369141,
        "mean": 1663.15563965,
        "median": 1656.67114258,
        "min": 310.144866943,
        "var": 206063.828125
    },
    "spectral_complexity": {
        "dmean": 4.32838869095,
        "dmean2": 6.81032419205,
        "dvar": 16.6216564178,
        "dvar2": 38.7477073669,
        "max": 59,
        "mean": 31.4272117615,
        "median": 32,
        "min": 0,
        "var": 82.3276138306
    },
    "spectral_decrease": {
        "dmean": 4.15819023658e-09,
        "dmean2": 6.81968659322e-09,
        "dvar": 3.03599835528e-17,
        "dvar2": 7.82208258486e-17,
        "max": 1.0602037604e-17,
        "mean": -1.05279349683e-08,
        "median": -9.23067666747e-09,
        "min": -4.3769443181e-08,
        "var": 3.82294093237e-17
    },
    "spectral_energy": {
        "dmean": 0.0160885546356,
        "dmean2": 0.026330653578,
        "dvar": 0.00045550786308,
        "dvar2": 0.00117068307009,
        "max": 0.172006815672,
        "mean": 0.0426660366356,
        "median": 0.0377408079803,
        "min": 1.12187897307e-20,
        "var": 0.000585747708101
    },
    "spectral_energyband_high": {
        "dmean": 0.000617504760157,
        "dmean2": 0.00101637409534,
        "dvar": 1.38250300097e-06,
        "dvar2": 3.47729587702e-06,
        "max": 0.0151872690767,
        "mean": 0.0014180111466,
        "median": 0.00094426254509,
        "min": 8.26156976545e-21,
        "var": 2.71153157883e-06
    },
    "spectral_energyband_low": {
        "dmean": 0.0136221488938,
        "dmean2": 0.0227784942836,
        "dvar": 0.000349812442437,
        "dvar2": 0.00092920975294,
        "max": 0.141839280725,
        "mean": 0.021278090775,
        "median": 0.0158114880323,
        "min": 2.51158734073e-23,
        "var": 0.000372266804334
    },
    "spectral_energyband_middle_high": {
        "dmean": 0.00223777350038,
        "dmean2": 0.00358908972703,
        "dvar": 5.38296580999e-06,
        "dvar2": 1.38793657243e-05,
        "max": 0.0412516221404,
        "mean": 0.00998191069812,
        "median": 0.0094092246145,
        "min": 1.62910444852e-21,
        "var": 2.60497872659e-05
    },
    "spectral_energyband_middle_low": {
        "dmean": 0.00556376669556,
        "dmean2": 0.00936060678214,
        "dvar": 0.000104676531919,
        "dvar2": 0.000286949478323,
        "max": 0.114023223519,
        "mean": 0.0117607414722,
        "median": 0.0091578932479,
        "min": 1.74355816942e-22,
        "var": 0.000111739253043
    },
    "spectral_entropy": {
        "dmean": 0.107228823006,
        "dmean2": 0.162031650543,
        "dvar": 0.0134776765481,
        "dvar2": 0.028765687719,
        "max": 9.79141998291,
        "mean": 7.81403779984,
        "median": 7.84790325165,
        "min": 5.34107255936,
        "var": 0.120713673532
    },
    "spectral_flux": {
        "dmean": 0.0310166366398,
        "dmean2": 0.0485672317445,
        "dvar": 0.00125773856416,
        "dvar2": 0.00257811439224,
        "max": 0.339986205101,
        "mean": 0.113002695143,
        "median": 0.103630796075,
        "min": 1.0591878763e-10,
        "var": 0.00287526729517
    },
    "spectral_kurtosis": {
        "dmean": 1.36650669575,
        "dmean2": 2.34921789169,
        "dvar": 3.33080410957,
        "dvar2": 10.2947463989,
        "max": 31.4333229065,
        "mean": 3.79709672928,
        "median": 3.45938682556,
        "min": -1.21866095066,
        "var": 5.27454423904
    },
    "spectral_rms": {
        "dmean": 0.00110460422002,
        "dmean2": 0.00176695466507,
        "dvar": 1.55116435963e-06,
        "dvar2": 3.88266653317e-06,
        "max": 0.0129542089999,
        "mean": 0.00619249325246,
        "median": 0.00606797356158,
        "min": 3.30834708587e-12,
        "var": 3.27839438796e-06
    },
    "spectral_rolloff": {
        "dmean": 537.116882324,
        "dmean2": 897.322937012,
        "dvar": 523332.1875,
        "dvar2": 1192932.5,
        "max": 19035.3515625,
        "mean": 1634.49584961,
        "median": 1507.32421875,
        "min": 86.1328125,
        "var": 1472521.5
    },
    "spectral_skewness": {
        "dmean": 0.19094568491,
        "dmean2": 0.316410213709,
        "dvar": 0.0410304963589,
        "dvar2": 0.118296265602,
        "max": 3.28362727165,
        "mean": 1.35645842552,
        "median": 1.37293457985,
        "min": -0.031073782593,
        "var": 0.102374114096
    },
    "spectral_spread": {
        "dmean": 438274.28125,
        "dmean2": 651839.8125,
        "dvar": 310648307712,
        "dvar2": 568529059840,
        "max": 41345788,
        "mean": 4373535.5,
        "median": 4356049,
        "min": 1274050.125,
        "var": 1.79668634829e+12
    },
    "spectral_strongpeak": {
        "dmean": 0.466687113047,
        "dmean2": 0.829917669296,
        "dvar": 0.841908335686,
        "dvar2": 2.22748494148,
        "max": 11.4077758789,
        "mean": 0.674834787846,
        "median": 0.38250502944,
        "min": 0,
        "var": 0.941383242607
    },
    "zerocrossingrate": {
        "dmean": 0.00889674108475,
        "dmean2": 0.0112598612905,
        "dvar": 9.06179557205e-05,
        "dvar2": 0.000118400872452,
        "max": 0.607421875,
        "mean": 0.0634848475456,
        "median": 0.06005859375,
        "min": 0.0068359375,
        "var": 0.000903197331354
    },
    "barkbands": {
        "dmean": [0.000380695302738, 0.0100126722828, 0.00465194508433, 0.00240724836476, 0.00314722862095, 0.000502096256241, 0.000456499605207, 0.000575679528993, 0.000597167236265, 0.000700242177118, 0.000570594740566, 0.000664091377985, 0.000643410428893, 0.000654001487419, 0.000489311118145, 0.000382162601454, 0.000488126795972, 0.000273004756309, 0.000281871267362, 0.000181038180017, 0.000168065584148, 0.000181175098987, 0.00012589529797, 0.0001090790538, 7.11355314706e-05, 2.34455947066e-05, 8.01436726761e-06],
        "dmean2": [0.000647421285976, 0.0170016828924, 0.00799022056162, 0.00412745261565, 0.00533171137795, 0.000825534807518, 0.000736688962206, 0.000907744397409, 0.000946421117987, 0.00112612755038, 0.000919968704693, 0.00106468365993, 0.00102253386285, 0.00104921055026, 0.000780519447289, 0.000610575370956, 0.000789904617704, 0.000441117212176, 0.000460288196336, 0.000302615953842, 0.000289740710286, 0.000308404210955, 0.000210848054849, 0.000175278895767, 0.000107779378595, 3.39692269336e-05, 1.229515874e-05],
        "dvar": [5.98249357608e-07, 0.000225756739383, 4.37066264567e-05, 2.39071632677e-05, 4.44858997071e-05, 6.24373797109e-07, 8.99994120118e-07, 1.44790374179e-06, 1.6377433667e-06, 1.97685926651e-06, 1.12204236302e-06, 1.33151775117e-06, 1.06611548745e-06, 1.08555411771e-06, 6.48388663649e-07, 3.67503020016e-07, 4.16562954797e-07, 1.58858185273e-07, 1.78096343006e-07, 8.9425022054e-08, 9.26777943278e-08, 1.27940523953e-07, 7.16358456998e-08, 5.39025357682e-08, 2.10919850474e-08, 2.94284885349e-09, 2.77363632062e-10],
        "dvar2": [1.52973609602e-06, 0.000602389394771, 0.000122495068354, 6.54382893117e-05, 0.000120728531328, 1.62227877354e-06, 2.13286034523e-06, 3.29399267684e-06, 3.96325185648e-06, 4.86780390929e-06, 2.6505013011e-06, 3.07226400764e-06, 2.47787829721e-06, 2.61475520347e-06, 1.57979445703e-06, 8.75084424479e-07, 1.02734475149e-06, 3.58964911129e-07, 4.35635968188e-07, 2.35934081161e-07, 2.53514429005e-07, 3.31446557311e-07, 1.78262283157e-07, 1.20459930031e-07, 4.39767049443e-08, 5.83382053776e-09, 6.75191791366e-10],
        "max": [0.00702682463452, 0.122411184013, 0.0859742835164, 0.0878228098154, 0.0778925791383, 0.011696614325, 0.0297140795738, 0.0302620325238, 0.0363904833794, 0.0372254513204, 0.0247416645288, 0.0243593715131, 0.0174122080207, 0.0227790512145, 0.0150838298723, 0.0146105000749, 0.0163097903132, 0.0112954853103, 0.00766761088744, 0.00490382732823, 0.00450979173183, 0.00720099266618, 0.00442097010091, 0.00379537325352, 0.00255791540258, 0.00136988773011, 0.000200578011572],
        "mean": [0.000358353805495, 0.0128499884158, 0.00646085105836, 0.00313683133572, 0.00459548132494, 0.0008196918061, 0.000807711796369, 0.00108299322892, 0.00103636085987, 0.00122450175695, 0.000975421979092, 0.00124672078528, 0.00122712866869, 0.00127275008708, 0.000936326570809, 0.000792481703684, 0.00106201379094, 0.000591020041611, 0.000600670406129, 0.000345218781149, 0.000318556994898, 0.000323431770084, 0.000208524390473, 0.000195465923753, 0.000142504359246, 4.50042716693e-05, 1.00727056633e-05],
        "median": [0.000113757007057, 0.0082922950387, 0.004274379462, 0.00167555222288, 0.00282749044709, 0.000509976525791, 0.000322836567648, 0.000290006399155, 0.000422200391768, 0.000542587484233, 0.000473990716273, 0.000742565258406, 0.0006554776337, 0.000722740311176, 0.000547929783352, 0.000483736454044, 0.000839722109959, 0.000445750833023, 0.000416625698563, 0.000234375911532, 0.000220177258598, 0.000210483689443, 9.88375686575e-05, 8.38995983941e-05, 6.26699984423e-05, 1.59417068062e-05, 2.14534748011e-06],
        "min": [4.32082625845e-24, 1.39811995488e-23, 8.29789691111e-24, 1.1717649956e-23, 3.33493787581e-23, 2.26350794098e-23, 3.63914883105e-23, 3.69137615614e-23, 2.48432273012e-23, 7.4710189056e-23, 7.13606099218e-23, 1.16949260288e-22, 8.77237686631e-23, 8.93906885538e-23, 1.73810303849e-22, 2.11396572488e-22, 1.07108479241e-22, 2.4911068708e-22, 2.75796223295e-22, 3.17023608814e-22, 3.94999164525e-22, 5.86057766916e-22, 8.49819330189e-22, 9.50763233799e-22, 1.31586593317e-21, 1.89501423781e-21, 2.4223689394e-21],
        "var": [5.0309455446e-07, 0.000215562075027, 5.09506571689e-05, 2.38695556618e-05, 4.13224697695e-05, 1.02715023331e-06, 3.50908271685e-06, 7.0117521318e-06, 3.99052942157e-06, 5.01760587213e-06, 2.54639871855e-06, 2.96557277579e-06, 2.61224954556e-06, 2.72254214906e-06, 1.51477831878e-06, 1.14625356673e-06, 1.05350090962e-06, 3.80538892841e-07, 4.31517435118e-07, 1.41580542845e-07, 1.29382385694e-07, 1.84929234592e-07, 1.33578765826e-07, 1.32505221018e-07, 6.36133208332e-08, 8.91946960735e-09, 3.79709486076e-10]
    },
    "erbbands": {
        "dmean": [0.284364432096, 2.33646655083, 5.41836071014, 6.3159160614, 10.1775569916, 11.5113067627, 5.52417564392, 4.53305387497, 4.90389966965, 9.60522079468, 12.2335481644, 12.9059000015, 19.9985923767, 19.0841369629, 23.1411037445, 24.4435825348, 27.8000545502, 29.647102356, 27.3582210541, 22.5566883087, 20.808221817, 25.9036464691, 15.1519317627, 13.6257238388, 11.889585495, 8.53248214722, 7.1331615448, 6.58362722397, 6.75440740585, 4.82784748077, 3.46244430542, 2.54016256332, 1.7510163784, 0.970015883446, 0.462277799845, 0.147031188011, 0.036434520036, 0.0110713224858, 0.00124706584029, 4.06542349083e-05],
        "dmean2": [0.488916873932, 3.99936723709, 9.31107234955, 10.71916008, 17.4278774261, 19.6717853546, 9.04088020325, 7.47749185562, 8.07880306244, 15.3084201813, 19.0597190857, 20.4860935211, 32.0273094177, 30.836019516, 37.074382782, 39.3828010559, 43.8025016785, 47.0250549316, 44.0827331543, 35.9651985168, 33.1317481995, 41.9319343567, 24.5479125977, 22.2101974487, 19.3404388428, 14.2403697968, 12.229719162, 11.296128273, 11.5738372803, 8.20661640167, 5.78556442261, 4.12749671936, 2.79373407364, 1.48927032948, 0.707313597202, 0.219920605421, 0.0523606799543, 0.0165893938392, 0.00190413591918, 6.33426534478e-05],
        "dvar": [0.284814149141, 10.9992227554, 53.5334014893, 132.364685059, 431.450195312, 585.281005859, 72.4741516113, 61.1891593933, 72.1843643188, 378.059387207, 644.717285156, 888.731567383, 1759.27929688, 1135.43115234, 1581.53051758, 1670.18212891, 2096.53173828, 2682.9597168, 1836.30725098, 1521.22900391, 934.374084473, 1201.56396484, 459.611450195, 381.301818848, 368.503723145, 184.32043457, 174.517089844, 151.32069397, 176.164581299, 102.783340454, 55.7421913147, 32.9858703613, 12.8391304016, 4.15114116669, 0.956973969936, 0.108704760671, 0.00763321621343, 0.000481059832964, 6.5035519583e-06, 4.47463799347e-09],
        "dvar2": [0.750268220901, 30.0976886749, 150.792770386, 360.23626709, 1182.93579102, 1605.59667969, 188.187362671, 156.543395996, 177.646789551, 909.864868164, 1440.36730957, 2163.74780273, 4265.31005859, 2792.69067383, 3734.08886719, 4147.17089844, 4761.54785156, 6130.890625, 4600.22119141, 3877.30053711, 2195.84033203, 2887.25610352, 1084.63183594, 940.693603516, 906.515930176, 480.346160889, 482.778625488, 410.223968506, 463.674163818, 260.630096436, 137.045684814, 73.2901000977, 28.3560943604, 8.6137638092, 2.15025472641, 0.225932702422, 0.0154092917219, 0.00111111626029, 1.58513503266e-05, 1.08551763134e-08],
        "max": [3.74818181992, 28.8395709991, 77.7109985352, 202.639007568, 257.536376953, 317.278442383, 177.048187256, 131.696472168, 224.54548645, 517.61315918, 524.355041504, 649.465881348, 841.075317383, 753.147094727, 1119.42456055, 924.583251953, 869.329345703, 1357.89831543, 815.049072266, 836.764831543, 931.680175781, 824.995788574, 498.68182373, 374.874633789, 450.072357178, 229.849639893, 195.05809021, 237.492401123, 214.469070435, 205.725189209, 123.475357056, 129.444549561, 73.3625259399, 36.691242218, 22.2647151947, 7.10416221619, 2.37602686882, 0.389781355858, 0.037361536175, 0.00112434907351],
        "mean": [0.293059200048, 3.09340596199, 7.93393421173, 9.21692466736, 13.3682203293, 16.1287498474, 9.05249118805, 7.32827091217, 8.78101539612, 17.7917423248, 23.1881885529, 22.0769710541, 36.0765380859, 37.6240234375, 46.3027420044, 48.6279411316, 57.8535003662, 62.315032959, 54.930141449, 47.1956596375, 48.1667938232, 58.8835830688, 36.4538192749, 31.0238628387, 25.5960521698, 17.0451526642, 13.7524862289, 12.3867683411, 11.8702573776, 8.00046730042, 5.69502162933, 4.38399457932, 3.13263201714, 1.88925361633, 0.854766070843, 0.274469017982, 0.0684700906277, 0.0163891743869, 0.00165960146114, 8.93165779416e-05],
        "median": [0.128352478147, 2.14192676544, 5.62664318085, 5.57318162918, 7.6336107254, 8.8474187851, 5.76842594147, 4.31771945953, 4.4428486824, 6.42158937454, 7.4293384552, 10.255613327, 16.2965774536, 20.4071292877, 26.5755653381, 32.2915000916, 33.3072052002, 35.4113273621, 36.6132087708, 26.8498764038, 34.0442123413, 47.0640602112, 28.9811592102, 23.0216522217, 16.9359302521, 12.2241230011, 8.99813938141, 9.04333114624, 8.01638412476, 4.27488517761, 2.66522455215, 1.86897969246, 1.29276323318, 0.795069098473, 0.354344308376, 0.103649586439, 0.0234687253833, 0.00448687653989, 0.000411873334087, 6.28860434517e-05],
        "min": [1.42506889491e-22, 4.02260193707e-21, 1.25624687032e-20, 1.75950476669e-20, 1.04494721792e-19, 1.1374251703e-19, 8.3878731364e-20, 2.03085416112e-19, 3.15813628765e-19, 6.8055421528e-19, 8.89658598195e-19, 4.1172010261e-19, 1.44386050962e-18, 3.00727239919e-18, 4.43836744401e-18, 3.75719620369e-18, 3.1001043978e-18, 4.88237524936e-18, 6.65144864105e-18, 1.55984723744e-17, 6.99179954871e-18, 6.07166865072e-18, 1.41080335313e-17, 1.15120247861e-17, 1.5147349575e-17, 1.54122839447e-17, 1.25851923692e-17, 1.79894247001e-17, 2.05172721085e-17, 2.17158022221e-17, 2.54965155842e-17, 2.36577460221e-17, 1.54077361057e-17, 1.50613773853e-17, 8.41021494871e-18, 6.59519374195e-18, 3.97868043015e-18, 1.38853577512e-18, 3.08547312373e-19, 3.39632766255e-20],
        "var": [0.237508863211, 10.7363386154, 60.6152420044, 142.444381714, 395.15447998, 575.520751953, 110.060134888, 101.925239563, 235.865829468, 1184.70263672, 2637.88183594, 1703.99267578, 3814.49682617, 3149.4675293, 3935.08325195, 3152.54418945, 5349.29638672, 7615.04394531, 3615.26513672, 3998.8527832, 3453.56079102, 3130.43139648, 1102.30737305, 917.692565918, 922.754699707, 314.23614502, 309.313171387, 176.853561401, 231.048553467, 171.35295105, 102.603912354, 77.6994552612, 31.7680835724, 12.0841398239, 2.38119196892, 0.299749612808, 0.0223106499761, 0.000937460456043, 9.40036807151e-06, 7.13112857653e-09]
    },
    "gfcc": {
        "mean": [42.3791999817, 89.6701202393, -125.500473022, 44.2715110779, -37.1508102417, 23.3435249329, -28.8092937469, 6.71225643158, -23.5818729401, -1.77295207977, -17.3981838226, -0.051205419004, -10.446144104],
        "cov": [[8144.53710938, -1547.14221191, 1078.29016113, 191.517196655, -505.572753906, 913.003173828, -480.530395508, 315.209716797, -230.201599121, 62.1588020325, -318.929443359, 42.1918792725, -168.654922485], [-1547.14221191, 1518.12573242, -608.673217773, 148.582382202, 206.276748657, -411.44342041, 314.265655518, -190.565383911, 137.290466309, -148.288299561, 85.4776687622, -47.3712425232, 135.460479736], [1078.29016113, -608.673217773, 691.817199707, 13.6968698502, -75.5122146606, 293.549102783, -187.011062622, 87.1165924072, -52.4863815308, 27.6638202667, -107.78238678, 67.882774353, -22.3797512054], [191.517196655, 148.582382202, 13.6968698502, 232.533828735, 19.8609142303, -2.52980589867, 39.9342269897, -39.483997345, 5.55976963043, -54.6938667297, -9.01186466217, -3.8026227951, 37.4372444153], [-505.572753906, 206.276748657, -75.5122146606, 19.8609142303, 168.427627563, -53.570098877, 59.3359489441, -41.4312477112, 22.1541690826, -10.829419136, 32.8884277344, 4.87010526657, 34.1263008118], [913.003173828, -411.44342041, 293.549102783, -2.52980589867, -53.570098877, 300.326568604, -71.5944900513, 70.0866317749, -52.8016548157, 7.50168323517, -57.2021827698, 25.0581455231, -24.2669849396], [-480.530395508, 314.265655518, -187.011062622, 39.9342269897, 59.3359489441, -71.5944900513, 236.969223022, -23.1766223907, 6.18832397461, -59.8682975769, 34.5021400452, -12.1846542358, 32.5898017883], [315.209716797, -190.565383911, 87.1165924072, -39.483997345, -41.4312477112, 70.0866317749, -23.1766223907, 120.585105896, 11.1095666885, 19.7852840424, -24.9245185852, -1.78099799156, -22.0323047638], [-230.201599121, 137.290466309, -52.4863815308, 5.55976963043, 22.1541690826, -52.8016548157, 6.18832397461, 11.1095666885, 121.274368286, 34.8547325134, 7.54606437683, -14.7157306671, 7.24159049988], [62.1588020325, -148.288299561, 27.6638202667, -54.6938667297, -10.829419136, 7.50168323517, -59.8682975769, 19.7852840424, 34.8547325134, 111.776977539, 27.5231666565, -3.28009009361, -32.1236152649], [-318.929443359, 85.4776687622, -107.78238678, -9.01186466217, 32.8884277344, -57.2021827698, 34.5021400452, -24.9245185852, 7.54606437683, 27.5231666565, 105.692893982, 11.2318277359, -3.71780729294], [42.1918792725, -47.3712425232, 67.882774353, -3.8026227951, 4.87010526657, 25.0581455231, -12.1846542358, -1.78099799156, -14.7157306671, -3.28009009361, 11.2318277359, 75.7292633057, 25.9647331238], [-168.654922485, 135.460479736, -22.3797512054, 37.4372444153, 34.1263008118, -24.2669849396, 32.5898017883, -22.0323047638, 7.24159049988, -32.1236152649, -3.71780729294, 25.9647331238, 78.9305877686]],
        "icov": [[0.000262448826106, -0.000113670750579, 3.44642648997e-05, -0.000419507879997, 0.000432541506598, -0.000591477670241, 0.000260621513007, -0.000339555874234, 0.000388916145312, -0.000362981605576, 0.000356476579327, -0.000155767978868, 0.000277986138826], [-0.000113670750579, 0.00236982107162, 0.000560175161809, -1.92241150216e-05, -0.000869173265528, 0.00146992097143, -0.00112620438449, 0.00176180514973, -0.00248904735781, 0.00247186934575, -0.000420079857577, 0.000619854137767, -0.00134683423676], [3.44642648997e-05, 0.000560175161809, 0.00375458830968, -0.000979618518613, -0.000449322949862, -0.00199863896705, 0.00130803708453, -0.00038947921712, -0.000137841649121, -0.000299569277558, 0.00233127688989, -0.00274020573124, 0.000474414613564], [-0.000419507879997, -1.92241150216e-05, -0.000979618518613, 0.00636632042006, -0.000309830589686, 0.000445832876721, -0.000789561134297, 0.00231814663857, -0.00180984498002, 0.00302154198289, -0.0015129315434, 0.00199368875474, -0.00224795378745], [0.000432541506598, -0.000869173265528, -0.000449322949862, -0.000309830589686, 0.00870318803936, -0.00123299960978, -0.00061782047851, 0.000941227306612, -1.58930160978e-05, -0.00121503288392, -0.00118375138845, 0.00010045243107, -0.00177053967491], [-0.000591477670241, 0.00146992097143, -0.00199863896705, 0.000445832876721, -0.00123299960978, 0.00855574477464, -0.00151769386139, -0.000552137324121, 4.82759096485e-05, 0.00145720085129, -2.20202928176e-05, 0.000278108782368, -0.000432496395661], [0.000260621513007, -0.00112620438449, 0.00130803708453, -0.000789561134297, -0.00061782047851, -0.00151769386139, 0.00760765001178, -0.00228286394849, 0.00115285429638, 0.00211564986967, -0.00134648615494, 0.000206589087611, -0.000118925418064], [-0.000339555874234, 0.00176180514973, -0.00038947921712, 0.00231814663857, 0.000941227306612, -0.000552137324121, -0.00228286394849, 0.0135063147172, -0.00486791785806, 0.00170787458774, 0.00050278386334, 0.000862704124302, 5.84533227084e-05], [0.000388916145312, -0.00248904735781, -0.000137841649121, -0.00180984498002, -1.58930160978e-05, 4.82759096485e-05, 0.00115285429638, -0.00486791785806, 0.0145644005388, -0.00820116233081, 0.00240011117421, 0.000663880608045, -0.000670369539876], [-0.000362981605576, 0.00247186934575, -0.000299569277558, 0.00302154198289, -0.00121503288392, 0.00145720085129, 0.00211564986967, 0.00170787458774, -0.00820116233081, 0.0194049347192, -0.00685998750851, 0.00180094107054, 0.00177504785825], [0.000356476579327, -0.000420079857577, 0.00233127688989, -0.0015129315434, -0.00118375138845, -2.20202928176e-05, -0.00134648615494, 0.00050278386334, 0.00240011117421, -0.00685998750851, 0.0164691191167, -0.00636598374695, 0.00392031669617], [-0.000155767978868, 0.000619854137767, -0.00274020573124, 0.00199368875474, 0.00010045243107, 0.000278108782368, 0.000206589087611, 0.000862704124302, 0.000663880608045, 0.00180094107054, -0.00636598374695, 0.0205319169909, -0.00930352509022], [0.000277986138826, -0.00134683423676, 0.000474414613564, -0.00224795378745, -0.00177053967491, -0.000432496395661, -0.000118925418064, 5.84533227084e-05, -0.000670369539876, 0.00177504785825, 0.00392031669617, -0.00930352509022, 0.0215025041252]]
    },
    "melbands": {
        "dmean": [0.00262593547814, 0.00283086346462, 0.0011450338643, 0.000785122159868, 0.000253594625974, 9.79893884505e-05, 7.9591445683e-05, 0.000113770372991, 9.53898270382e-05, 8.535321831e-05, 0.000104929553345, 8.31406723591e-05, 8.06890020613e-05, 7.71517879912e-05, 6.73992108204e-05, 6.59639772493e-05, 5.68911709706e-05, 5.05709031131e-05, 3.59562327503e-05, 2.8207035939e-05, 2.77985091088e-05, 3.13802302117e-05, 1.99296428036e-05, 1.32602590384e-05, 1.21967759696e-05, 1.15224829642e-05, 7.22330833014e-06, 5.94215907768e-06, 4.99698262502e-06, 4.06352182836e-06, 4.06890649174e-06, 4.34469893662e-06, 3.29928934661e-06, 2.62321714217e-06, 2.10295570469e-06, 1.9785902623e-06, 1.51638403167e-06, 1.3027508885e-06, 1.13985981898e-06, 7.91355489582e-07],
        "dmean2": [0.00448031304404, 0.00481618894264, 0.00194296694826, 0.00133900018409, 0.000420463707997, 0.000161292482517, 0.000130432643346, 0.000180072529474, 0.00014881559764, 0.000135458642035, 0.000168208207469, 0.000134771558805, 0.000129639738589, 0.000123746285681, 0.000107539410237, 0.00010470693087, 9.07369685592e-05, 8.20996137918e-05, 5.70582851651e-05, 4.49168437626e-05, 4.47911770607e-05, 5.09270939801e-05, 3.25729815813e-05, 2.12992072193e-05, 1.99967471417e-05, 1.8851378627e-05, 1.19368705782e-05, 9.95925711322e-06, 8.60731324792e-06, 6.96985534887e-06, 6.98090843798e-06, 7.48938464312e-06, 5.60283979212e-06, 4.48130731456e-06, 3.58870602213e-06, 3.20972503687e-06, 2.50577159022e-06, 2.12184613702e-06, 1.79005644441e-06, 1.22433311844e-06],
        "dvar": [1.92000970856e-05, 1.41084492498e-05, 4.22755647378e-06, 2.91600099445e-06, 1.72253777464e-07, 2.67762967354e-08, 2.10843555948e-08, 4.58279636462e-08, 3.61712544361e-08, 3.57170542031e-08, 4.79645514417e-08, 2.27947545284e-08, 2.17481126441e-08, 2.05444639079e-08, 1.1618833895e-08, 1.13785461053e-08, 9.39324173999e-09, 6.63827348646e-09, 4.2673171663e-09, 2.32337060702e-09, 1.76579550981e-09, 1.94891636163e-09, 7.15305592536e-10, 5.05033459497e-10, 3.22590870683e-10, 3.25003884916e-10, 1.7449877654e-10, 8.54187415245e-11, 8.64843821557e-11, 5.65769757432e-11, 5.50526256526e-11, 6.7912300783e-11, 5.07570790953e-11, 3.05618239049e-11, 2.20895975123e-11, 1.92587629871e-11, 1.2298924032e-11, 7.13930043555e-12, 5.96957943147e-12, 2.95228121464e-12],
        "dvar2": [5.07909717271e-05, 3.91914181819e-05, 1.14979602586e-05, 7.91226921137e-06, 4.59785667317e-07, 6.86804568772e-08, 5.05939219408e-08, 1.09756520317e-07, 8.14206160271e-08, 8.72018617315e-08, 1.16122926386e-07, 5.59996493621e-08, 5.13500815202e-08, 4.63836258291e-08, 2.78480865035e-08, 2.65889621431e-08, 2.15363211709e-08, 1.68389622246e-08, 1.04597077666e-08, 5.88644999411e-09, 4.16484624566e-09, 4.65608263056e-09, 1.77150161207e-09, 1.06051212256e-09, 7.92221899193e-10, 7.90079501822e-10, 4.42592851257e-10, 2.24843685337e-10, 2.39434472249e-10, 1.54530430119e-10, 1.50457993287e-10, 1.81187925774e-10, 1.30829583278e-10, 7.8853985841e-11, 5.72233822826e-11, 4.22733584249e-11, 2.92538077096e-11, 1.64288808252e-11, 1.32981750611e-11, 6.41918332725e-12],
        "max": [0.0313566178083, 0.0342045202851, 0.031090233475, 0.020097207278, 0.00599467288703, 0.00272852182388, 0.00473326677456, 0.00491993874311, 0.00346551951952, 0.00483292667195, 0.00477079907432, 0.00316159846261, 0.00396319059655, 0.00329448422417, 0.0017736419104, 0.00225664908066, 0.00231152260676, 0.00175248913001, 0.00141165102832, 0.000932398892473, 0.00144525058568, 0.0011665772181, 0.000667184940539, 0.000877430953551, 0.000341514300089, 0.000360292906407, 0.000387145613786, 0.00016395538114, 0.000160467505339, 0.000147213970195, 0.000128555242554, 0.000128071798827, 0.000168828264577, 9.80326949502e-05, 8.26971008792e-05, 0.00012598343892, 6.34463649476e-05, 5.13526319992e-05, 4.59286566183e-05, 3.46452616213e-05],
        "mean": [0.00309446197934, 0.00432122405618, 0.00175576668698, 0.00109454418998, 0.000407890212955, 0.000159246308613, 0.000145645899465, 0.000219470501179, 0.000173408145201, 0.000144300807733, 0.000185403798241, 0.000155399378855, 0.000149206127389, 0.000145637066453, 0.000122728888527, 0.000129020423628, 0.000111580913654, 9.1710666311e-05, 6.86197745381e-05, 5.50823424419e-05, 5.68846007809e-05, 6.46327534923e-05, 4.26298720413e-05, 2.72083398158e-05, 2.47535317612e-05, 2.27558848565e-05, 1.34275214805e-05, 1.07337918962e-05, 8.9326813395e-06, 6.96458437233e-06, 7.31451746105e-06, 7.35011735742e-06, 5.17224225405e-06, 4.07153902415e-06, 3.1838455925e-06, 3.23188260154e-06, 2.43338786277e-06, 2.17736192099e-06, 1.99314263227e-06, 1.47404921336e-06],
        "median": [0.00174078624696, 0.00324200512841, 0.00111689744517, 0.000644238316454, 0.000252172438195, 9.45608771872e-05, 6.87079882482e-05, 7.39761890145e-05, 5.61046254006e-05, 6.04240231041e-05, 8.02811046015e-05, 7.94604420662e-05, 7.71294289734e-05, 8.16901301732e-05, 7.29893799871e-05, 6.58810895402e-05, 6.13266020082e-05, 5.72538556298e-05, 3.79199300369e-05, 3.07283262373e-05, 3.98867632612e-05, 4.98277804581e-05, 3.30136390403e-05, 1.88748417713e-05, 1.79382423084e-05, 1.46693282659e-05, 7.61941919336e-06, 7.4285262599e-06, 5.38235963177e-06, 4.77698267787e-06, 5.24705910721e-06, 5.06963442604e-06, 2.81699112747e-06, 2.00095155378e-06, 1.42869657793e-06, 1.35130949275e-06, 9.82095798463e-07, 8.84984501681e-07, 7.62853460401e-07, 5.96310201217e-07],
        "min": [2.76216391912e-24, 6.32770457298e-24, 6.32733893595e-24, 7.90094368132e-24, 3.4468957765e-24, 4.38306935602e-24, 6.47507956729e-24, 7.15972681933e-24, 6.85816186135e-24, 2.80863019302e-24, 7.71090393381e-24, 1.25623275034e-23, 1.26734006966e-23, 1.48259165393e-23, 7.88174201803e-24, 7.18454753886e-24, 9.05372584365e-24, 9.3224213343e-24, 1.66260371716e-23, 1.77042916999e-23, 7.38949596862e-24, 5.63795457417e-24, 1.04935019142e-23, 1.23679403435e-23, 8.62555186581e-24, 1.10833269021e-23, 1.08595207524e-23, 9.75361112737e-24, 8.94909133318e-24, 6.26565237974e-24, 1.20802317273e-23, 1.03776490128e-23, 1.30728909031e-23, 1.15916870132e-23, 1.40175502594e-23, 1.49492959626e-23, 1.50912041509e-23, 1.00580775158e-23, 1.28351156045e-23, 1.19378612666e-23],
        "var": [1.70936782524e-05, 1.54795925482e-05, 4.50655579698e-06, 2.63889205598e-06, 2.30547911428e-07, 4.54489494928e-08, 8.38069524889e-08, 1.81710106517e-07, 1.27794180571e-07, 7.69656267607e-08, 1.05847426823e-07, 6.30525534007e-08, 5.25828056652e-08, 4.80121045143e-08, 2.4448000957e-08, 2.84500316639e-08, 2.51958969244e-08, 1.18192202692e-08, 9.99212002029e-09, 5.74925529406e-09, 5.7393103603e-09, 4.73185179928e-09, 2.02426675422e-09, 1.36420608143e-09, 6.96275870293e-10, 7.77291564447e-10, 3.33954863763e-10, 1.35090591491e-10, 1.61047675196e-10, 6.53507387094e-11, 6.49121381646e-11, 8.23448045861e-11, 7.50350753753e-11, 4.87320774012e-11, 3.25811495838e-11, 4.52071227675e-11, 2.49570503152e-11, 1.54168049854e-11, 1.49900265811e-11, 7.7945809529e-12]
    },
    "mfcc": {
        "mean": [-594.658447266, 114.208282471, -14.3219652176, 28.1226425171, 14.469037056, 18.3395690918, 8.89254760742, 10.7101593018, 4.92664289474, -2.07306337357, 2.02014970779, -0.128532573581, -3.2930150032],
        "cov": [[5118.00927734, -679.119750977, 761.183288574, -183.160598755, 93.9665145874, 295.798278809, 54.4944953918, 138.142196655, 45.8006668091, 75.7751312256, -43.3739395142, -101.352676392, -108.722854614], [-679.119750977, 1016.22827148, -426.576965332, 300.980316162, -103.476615906, 2.51451206207, 9.30821800232, 21.2897701263, 75.6218032837, -96.2568359375, 37.0998535156, 1.19084787369, -15.9003419876], [761.183288574, -426.576965332, 539.24786377, -165.371734619, 108.521949768, 72.3739395142, -25.034160614, 35.7617530823, 3.3365020752, 29.8590888977, -58.6169471741, -36.3135566711, -18.1643066406], [-183.160598755, 300.980316162, -165.371734619, 307.009277344, -52.1520233154, 15.3199272156, 11.3240413666, 8.24192428589, 21.8135128021, -47.7391815186, 0.14393261075, -19.0802288055, -2.24370980263], [93.9665145874, -103.476615906, 108.521949768, -52.1520233154, 176.104217529, 24.8733100891, -42.6775169373, -24.5328826904, -7.35441827774, 19.2471618652, -11.639093399, -10.2976055145, 15.8316106796], [295.798278809, 2.51451206207, 72.3739395142, 15.3199272156, 24.8733100891, 147.851654053, 34.9413757324, 33.5232315063, 15.7232122421, -18.0316581726, -11.0517158508, -25.5307598114, -29.3228874207], [54.4944953918, 9.30821800232, -25.034160614, 11.3240413666, -42.6775169373, 34.9413757324, 149.805084229, 55.6053161621, -11.0489645004, -19.0520706177, -7.85069513321, -7.08021354675, -24.6486263275], [138.142196655, 21.2897701263, 35.7617530823, 8.24192428589, -24.5328826904, 33.5232315063, 55.6053161621, 118.22883606, 34.9750518799, -14.6280841827, -20.7281780243, -19.7198238373, -26.6036014557], [45.8006668091, 75.6218032837, 3.3365020752, 21.8135128021, -7.35441827774, 15.7232122421, -11.0489645004, 34.9750518799, 100.23551178, 14.6280908585, -2.11992263794, -19.7521095276, -18.4202804565], [75.7751312256, -96.2568359375, 29.8590888977, -47.7391815186, 19.2471618652, -18.0316581726, -19.0520706177, -14.6280841827, 14.6280908585, 98.8416061401, 27.5453968048, 9.41190624237, 3.3614757061], [-43.3739395142, 37.0998535156, -58.6169471741, 0.14393261075, -11.639093399, -11.0517158508, -7.85069513321, -20.7281780243, -2.11992263794, 27.5453968048, 82.2325973511, 38.6734580994, 7.64218235016], [-101.352676392, 1.19084787369, -36.3135566711, -19.0802288055, -10.2976055145, -25.5307598114, -7.08021354675, -19.7198238373, -19.7521095276, 9.41190624237, 38.6734580994, 85.7126998901, 32.6452980042], [-108.722854614, -15.9003419876, -18.1643066406, -2.24370980263, 15.8316106796, -29.3228874207, -24.6486263275, -26.6036014557, -18.4202804565, 3.3614757061, 7.64218235016, 32.6452980042, 79.5661315918]],
