{
"lowlevel": {
    "average_loudness": 0.955332100391,
    "barkbands_crest": {
        "dmean": 2.17721509933,
        "dmean2": 3.51619124413,
        "dvar": 4.36370134354,
        "dvar2": 10.7799072266,
        "max": 26.5861492157,
        "mean": 9.77127075195,
        "median": 8.96870803833,
        "min": 2.74805140495,
        "var": 16.1872692108
    },
    "barkbands_flatness_db": {
        "dmean": 0.0203939415514,
        "dmean2": 0.0301699414849,
        "dvar": 0.00042406731518,
        "dvar2": 0.000890226801857,
        "max": 0.406994223595,
        "mean": 0.130419611931,
        "median": 0.120916448534,
        "min": 0.0236731413752,
        "var": 0.0033238097094
    },
    "barkbands_kurtosis": {
        "dmean": 3.43688774109,
        "dmean2": 5.50293254852,
        "dvar": 150.012496948,
        "dvar2": 391.309143066,
        "max": 608.139038086,
        "mean": 9.52177619934,
        "median": 2.31955862045,
        "min": -1.91098940372,
        "var": 2089.14599609
    },
    "barkbands_skewness": {
        "dmean": 0.497903048992,
        "dmean2": 0.759075164795,
        "dvar": 0.317753940821,
        "dvar2": 0.686550617218,
        "max": 11.3794403076,
        "mean": 1.36659812927,
        "median": 1.55157446861,
        "min": -21.4730358124,
        "var": 6.20352697372
    },
    "barkbands_spread": {
        "dmean": 5.70037889481,
        "dmean2": 8.45275497437,
        "dvar": 58.4951324463,
        "dvar2": 119.216110229,
        "max": 114.641311646,
        "mean": 22.8167362213,
        "median": 20.2038478851,
        "min": 0.3641923666,
        "var": 208.070617676
    },
    "dissonance": {
        "dmean": 0.0180094856769,
        "dmean2": 0.0300196316093,
        "dvar": 0.000320160062984,
        "dvar2": 0.000834534119349,
        "max": 0.500000059605,
        "mean": 0.462227195501,
        "median": 0.46879145503,
        "min": 0.0737402364612,
        "var": 0.000750726147089
    },
    "dynamic_complexity": 3.06546521187,
    "erbbands_crest": {
        "dmean": 2.61423969269,
        "dmean2": 4.13818645477,
        "dvar": 6.69791603088,
        "dvar2": 15.1975679398,
        "max": 29.7386894226,
        "mean": 9.13249874115,
        "median": 7.92535924911,
        "min": 2.06784415245,
        "var": 21.2409706116
    },
    "erbbands_flatness_db": {
        "dmean": 0.0198929831386,
        "dmean2": 0.0273592583835,
        "dvar": 0.000424084602855,
        "dvar2": 0.000762800802477,
        "max": 0.435190975666,
        "mean": 0.140099525452,
        "median": 0.13461266458,
        "min": 0.0347270593047,
        "var": 0.00257254112512
    },
    "erbbands_kurtosis": {
        "dmean": 0.820605814457,
        "dmean2": 1.26206576824,
        "dvar": 1.46309030056,
        "dvar2": 3.23018288612,
        "max": 34.9485588074,
        "mean": 0.501673579216,
        "median": -0.0463631153107,
        "min": -1.73274695873,
        "var": 3.90055751801
    },
    "erbbands_skewness": {
        "dmean": 0.334245711565,
        "dmean2": 0.499262005091,
        "dvar": 0.11345756799,
        "dvar2": 0.229902327061,
        "max": 4.85687112808,
        "mean": 0.294225901365,
        "median": 0.280176877975,
        "min": -3.33659052849,
        "var": 0.594424068928
    },
    "erbbands_spread": {
        "dmean": 8.09264564514,
        "dmean2": 12.0953817368,
        "dvar": 84.2178115845,
        "dvar2": 185.449905396,
        "max": 148.959365845,
        "mean": 40.4680862427,
        "median": 38.1888923645,
        "min": 2.14015316963,
        "var": 326.203735352
    },
    "hfc": {
        "dmean": 8.53945541382,
        "dmean2": 12.0872945786,
        "dvar": 145.942825317,
        "dvar2": 296.195495605,
        "max": 237.486038208,
        "mean": 29.1137619019,
        "median": 25.1831493378,
        "min": 1.21988361575e-16,
        "var": 480.336791992
    },
    "melbands_crest": {
        "dmean": 3.10329604149,
        "dmean2": 5.14661979675,
        "dvar": 9.06406116486,
        "dvar2": 23.6366958618,
        "max": 33.7801895142,
        "mean": 14.688284874,
        "median": 14.6313400269,
        "min": 2.0190372467,
        "var": 24.5740852356
    },
    "melbands_flatness_db": {
        "dmean": 0.0234185755253,
        "dmean2": 0.0349728129804,
        "dvar": 0.000584253109992,
        "dvar2": 0.0012440297287,
        "max": 0.581773936749,
        "mean": 0.19817006588,
        "median": 0.195208713412,
        "min": 0.00703204842284,
        "var": 0.00452769268304
    },
    "melbands_kurtosis": {
        "dmean": 6.12047386169,
        "dmean2": 9.71094799042,
        "dvar": 95.1382293701,
        "dvar2": 235.294250488,
        "max": 383.53616333,
        "mean": 12.8244218826,
        "median": 8.46101856232,
        "min": -1.85231149197,
        "var": 231.768692017
    },
    "melbands_skewness": {
        "dmean": 0.689617335796,
        "dmean2": 1.0674084425,
        "dvar": 0.587193906307,
        "dvar2": 1.40636217594,
        "max": 16.8576087952,
        "mean": 2.67148590088,
        "median": 2.53810739517,
        "min": -2.29868030548,
        "var": 2.2545671463
    },
    "melbands_spread": {
        "dmean": 6.28504276276,
        "dmean2": 9.58005619049,
        "dvar": 100.186462402,
        "dvar2": 196.363189697,
        "max": 213.936584473,
        "mean": 23.28657341,
        "median": 18.5057086945,
        "min": 0.958276093006,
        "var": 466.696624756
    },
    "pitch_salience": {
        "dmean": 0.0687330216169,
        "dmean2": 0.112737908959,
        "dvar": 0.00429215095937,
        "dvar2": 0.011045419611,
        "max": 0.945835888386,
        "mean": 0.536432981491,
        "median": 0.529473781586,
        "min": 0.102932192385,
        "var": 0.0119438683614
    },
    "silence_rate_20dB": {
        "dmean": 0,
        "dmean2": 0,
        "dvar": 0,
        "dvar2": 0,
        "max": 1,
        "mean": 1,
        "median": 1,
        "min": 1,
        "var": 0
    },
    "silence_rate_30dB": {
        "dmean": 0.000159387956955,
        "dmean2": 0.000318801321555,
        "dvar": 0.000159349365276,
        "dvar2": 0.000478047557408,
        "max": 1,
        "mean": 0.99992030859,
        "median": 1,
        "min": 0,
        "var": 7.96779786469e-05
    },
    "silence_rate_60dB": {
        "dmean": 0.0030283711385,
        "dmean2": 0.00605722470209,
        "dvar": 0.00301897898316,
        "dvar2": 0.00745648797601,
        "max": 1,
        "mean": 0.0349828675389,
        "median": 0,
        "min": 0,
        "var": 0.0337558910251
    },
    "spectral_centroid": {
        "dmean": 208.996139526,
        "dmean2": 307.976379395,
        "dvar": 69460.4765625,
        "dvar2": 123949.3125,
        "max": 11302.0371094,
        "mean": 1254.81677246,
        "median": 1124.98510742,
        "min": 176.964752197,
        "var": 496877.9375
    },
    "spectral_complexity": {
        "dmean": 3.49904370308,
        "dmean2": 5.29273939133,
        "dvar": 11.23138237,
        "dvar2": 23.3417778015,
        "max": 51,
        "mean": 20.9410305023,
        "median": 21,
        "min": 0,
        "var": 65.8876800537
    },
    "spectral_decrease": {
        "dmean": 2.49353582227e-09,
        "dmean2": 3.96413746273e-09,
        "dvar": 9.86605944424e-18,
        "dvar2": 2.48655802633e-17,
        "max": 2.21291338525e-15,
        "mean": -9.22173537532e-09,
        "median": -9.5677545886e-09,
        "min": -3.16129096234e-08,
        "var": 2.56916739605e-17
    },
    "spectral_energy": {
        "dmean": 0.00986788515002,
        "dmean2": 0.0156112769619,
        "dvar": 0.000149196494021,
        "dvar2": 0.000374945520889,
        "max": 0.122501648962,
        "mean": 0.0374456904829,
        "median": 0.0388304553926,
        "min": 1.09215402774e-20,
        "var": 0.00039884497528
    },
    "spectral_energyband_high": {
        "dmean": 0.00064102478791,
        "dmean2": 0.000900149927475,
        "dvar": 2.14278406929e-06,
        "dvar2": 4.16774855694e-06,
        "max": 0.0336080342531,
        "mean": 0.00136132084299,
        "median": 0.000651654612739,
        "min": 7.343162602e-21,
        "var": 5.67082452108e-06
    },
    "spectral_energyband_low": {
        "dmean": 0.00645470293239,
        "dmean2": 0.0109693203121,
        "dvar": 0.00012390819029,
        "dvar2": 0.000331016111886,
        "max": 0.108542345464,
        "mean": 0.0148638086393,
        "median": 0.0149346692488,
        "min": 8.07193275352e-23,
        "var": 0.000187676938367
    },
    "spectral_energyband_middle_high": {
        "dmean": 0.00207092054188,
        "dmean2": 0.00300795258954,
        "dvar": 7.54571192374e-06,
        "dvar2": 1.47882556121e-05,
        "max": 0.0574039742351,
        "mean": 0.00659698154777,
        "median": 0.00486929621547,
        "min": 2.08516258307e-21,
        "var": 3.65209125448e-05
    },
    "spectral_energyband_middle_low": {
        "dmean": 0.00541818886995,
        "dmean2": 0.00828105770051,
        "dvar": 4.50000516139e-05,
        "dvar2": 0.000100688550447,
        "max": 0.101562544703,
        "mean": 0.0164135843515,
        "median": 0.0135600939393,
        "min": 1.72941799547e-22,
        "var": 0.000155229921802
    },
    "spectral_entropy": {
        "dmean": 0.170588210225,
        "dmean2": 0.240526661277,
        "dvar": 0.0331669002771,
        "dvar2": 0.0628768652678,
        "max": 9.79484462738,
        "mean": 7.60711717606,
        "median": 7.60914850235,
        "min": 5.44546556473,
        "var": 0.227981358767
    },
    "spectral_flux": {
        "dmean": 0.0287752747536,
        "dmean2": 0.0453344583511,
        "dvar": 0.000944227329455,
        "dvar2": 0.00212004221976,
        "max": 0.304613411427,
        "mean": 0.0918893814087,
        "median": 0.0861055031419,
        "min": 1.04506174547e-10,
        "var": 0.00228296313435
    },
    "spectral_kurtosis": {
        "dmean": 1.4923273325,
        "dmean2": 2.43742489815,
        "dvar": 6.98189163208,
        "dvar2": 19.8599052429,
        "max": 123.453666687,
        "mean": 5.42174243927,
        "median": 4.41564178467,
        "min": -1.22656106949,
        "var": 52.8216629028
    },
    "spectral_rms": {
        "dmean": 0.000785208190791,
        "dmean2": 0.00121545302682,
        "dvar": 8.44391706778e-07,
        "dvar2": 2.01153420676e-06,
        "max": 0.0109322369099,
        "mean": 0.00574029004201,
        "median": 0.00615494698286,
        "min": 3.26422439426e-12,
        "var": 3.58136958312e-06
    },
    "spectral_rolloff": {
        "dmean": 473.040924072,
        "dmean2": 773.05871582,
        "dvar": 1030595.3125,
        "dvar2": 2171608.25,
        "max": 20435.0097656,
        "mean": 1748.69519043,
        "median": 1119.7265625,
        "min": 107.666015625,
        "var": 8151318.5
    },
    "spectral_skewness": {
        "dmean": 0.199054226279,
        "dmean2": 0.308767408133,
        "dvar": 0.0516733303666,
        "dvar2": 0.125656664371,
        "max": 8.88423252106,
        "mean": 1.74581170082,
        "median": 1.7018456459,
        "min": 0.00844320748001,
        "var": 0.388519465923
    },
    "spectral_spread": {
        "dmean": 722901.25,
        "dmean2": 986036.75,
        "dvar": 788765999104,
        "dvar2": 1.42786913894e+12,
        "max": 40642068,
        "mean": 5537224.5,
        "median": 5121634,
        "min": 746715.875,
        "var": 6.63356650291e+12
    },
    "spectral_strongpeak": {
        "dmean": 0.567555069923,
        "dmean2": 0.953259944916,
        "dvar": 1.02342617512,
        "dvar2": 2.5018184185,
        "max": 16.224615097,
        "mean": 1.09590673447,
        "median": 0.610210835934,
        "min": 0,
        "var": 1.76955020428
    },
    "zerocrossingrate": {
        "dmean": 0.0126034775749,
        "dmean2": 0.0138508118689,
        "dvar": 0.000260089465883,
        "dvar2": 0.000278885941952,
        "max": 0.853515625,
        "mean": 0.0787419602275,
        "median": 0.0576171875,
        "min": 0.00390625,
        "var": 0.0110720135272
    },
    "barkbands": {
        "dmean": [4.29713800258e-05, 0.00329839717597, 0.00345435086638, 0.00139569689054, 0.00216035079211, 0.00152402708773, 0.00129302009009, 0.00128906453028, 0.00108918582555, 0.000590329233091, 0.000418057577917, 0.00045535308891, 0.000478117406601, 0.00054966082098, 0.000457423448097, 0.000270339718554, 0.000224784947932, 0.000150163512444, 0.000129750842461, 0.000136447531986, 0.000101225632534, 0.00012050676014, 0.0001254005183, 0.000125615129946, 0.000105584680568, 0.000121051962196, 1.97700082936e-05],
        "dmean2": [7.3771137977e-05, 0.0057670045644, 0.00582928117365, 0.00231378269382, 0.00342056760564, 0.00237684138119, 0.00202940357849, 0.0020092271734, 0.00162204517983, 0.000899553997442, 0.000642906699795, 0.000682474114001, 0.000750071136281, 0.000835258804727, 0.000714502355549, 0.000423580233473, 0.000350161513779, 0.000235459126998, 0.000201740404009, 0.000211706312257, 0.000154650246259, 0.000181428404176, 0.000190885475604, 0.000178655784111, 0.000147972968989, 0.00017217065033, 2.73561545328e-05],
        "dvar": [9.34362809346e-09, 3.85862840631e-05, 3.43979772879e-05, 4.06241815654e-06, 1.45324383993e-05, 8.16473402665e-06, 1.25162578115e-05, 1.00897395896e-05, 8.43324596644e-06, 2.39439714278e-06, 1.02117667211e-06, 1.55191855811e-06, 9.98810492092e-07, 1.38477093969e-06, 1.00073896192e-06, 4.5124056669e-07, 1.69772064851e-07, 6.75695517316e-08, 5.06528365918e-08, 9.71201572497e-08, 6.16455579916e-08, 2.69904745664e-07, 1.48990309867e-07, 1.18498178381e-07, 6.01128533617e-08, 5.18376452874e-08, 1.79315762239e-09],
        "dvar2": [2.49489513493e-08, 0.000106028441223, 9.16246863198e-05, 1.08233216451e-05, 3.40989536198e-05, 1.83318534255e-05, 2.76321570709e-05, 2.19432640733e-05, 1.70974963112e-05, 4.65059201815e-06, 2.03352328754e-06, 3.05822345581e-06, 2.27346390602e-06, 2.92381196232e-06, 2.32648653764e-06, 1.01000114228e-06, 3.87015404613e-07, 1.51686066374e-07, 1.1383819043e-07, 2.32418301493e-07, 1.23014146425e-07, 6.05127183917e-07, 3.33215893988e-07, 2.43608610617e-07, 1.1916679199e-07, 1.10064334535e-07, 3.9538536889e-09],
        "max": [0.00186734367162, 0.0609236210585, 0.0872796922922, 0.0349922478199, 0.0943458154798, 0.0782656148076, 0.0793508067727, 0.0693186074495, 0.0815300568938, 0.0390828549862, 0.0291499774903, 0.0523277446628, 0.0194569621235, 0.0289609637111, 0.018830774352, 0.0234260428697, 0.0116870794445, 0.00654281582683, 0.00768693629652, 0.0157635752112, 0.00979543477297, 0.0213125012815, 0.0101669235155, 0.00917212758213, 0.00656629074365, 0.00377505086362, 0.000521376088727],
        "mean": [4.19701136707e-05, 0.00551386736333, 0.00762421963736, 0.00290913460776, 0.00431783311069, 0.00304311397485, 0.00199512112886, 0.00200094562024, 0.00192545820028, 0.0010281864088, 0.000695468566846, 0.000779216061346, 0.000800488633104, 0.000973363523372, 0.00080933625577, 0.000496629043482, 0.000426369922934, 0.000298056023894, 0.000271210010396, 0.000263825408183, 0.000205599179026, 0.000202513881959, 0.000206914759474, 0.00023061039974, 0.000189944330486, 0.000171158011653, 2.50712600973e-05],
        "median": [1.67169710039e-05, 0.00312457047403, 0.0057488377206, 0.00234724162146, 0.0027301213704, 0.00163317134138, 0.000431789725553, 0.000613277836237, 0.000549816759303, 0.000295923760859, 0.000300149433315, 0.000303468783386, 0.000329208152834, 0.000320170045597, 0.000389113673009, 0.000225247247727, 0.00022840796737, 0.000170614337549, 0.000159704970429, 0.000144816818647, 9.59169265116e-05, 6.25805114396e-05, 7.23426564946e-05, 7.08231236786e-05, 6.45123946015e-05, 4.55760200566e-05, 3.35139384333e-06],
        "min": [1.77861612624e-23, 3.72345060946e-23, 2.55456227403e-23, 2.61446845006e-24, 2.93513969806e-23, 1.52724733428e-23, 3.93757901357e-23, 2.70878331883e-23, 5.63422255211e-23, 2.29772020735e-23, 4.42624016349e-23, 9.4727698609e-23, 1.66466766128e-22, 8.06469037932e-23, 1.73389077369e-22, 3.088830439e-22, 2.39807076134e-22, 2.79914683065e-22, 4.79102667478e-22, 3.71922067418e-22, 2.91273699499e-22, 3.58307741832e-22, 5.02140485624e-22, 9.93673732946e-22, 1.16870472647e-21, 1.75263496708e-21, 2.47173845493e-21],
        "var": [7.29727567261e-09, 4.41562588094e-05, 6.1232902226e-05, 8.88881186256e-06, 3.60886588169e-05, 1.90648552234e-05, 2.49900276685e-05, 2.14687715925e-05, 2.18393652176e-05, 6.87375768393e-06, 2.41134898715e-06, 3.90391687688e-06, 2.24701580009e-06, 4.01675833928e-06, 1.94186850422e-06, 9.60760758062e-07, 4.13107272834e-07, 1.72901010842e-07, 1.31994198682e-07, 1.73414704818e-07, 1.62752854749e-07, 4.81109054817e-07, 2.44004610295e-07, 2.69401368769e-07, 1.45159148701e-07, 8.49839025818e-08, 2.54978660408e-09]
    },
    "erbbands": {
        "dmean": [0.0458058789372, 0.92381799221, 3.68017649651, 4.22115898132, 5.5519618988, 8.5190486908, 8.65803432465, 15.523059845, 17.644033432, 23.3064632416, 25.1298789978, 23.2246990204, 20.347864151, 17.858587265, 17.3933601379, 14.0074663162, 21.4629821777, 22.1584510803, 25.3401222229, 19.434211731, 13.8441858292, 11.8671274185, 8.4391002655, 5.60680246353, 6.80230426788, 6.22828578949, 4.70717430115, 3.7775349617, 3.99464797974, 4.90838432312, 3.2699906826, 2.71350336075, 2.08688783646, 1.08042490482, 0.848682701588, 0.517788350582, 0.248155117035, 0.0417438149452, 0.00315583334304, 0.000121110140753],
        "dmean2": [0.0769741013646, 1.6239606142, 6.30230093002, 6.94427680969, 8.83257865906, 13.7277469635, 13.9198217392, 24.1168403625, 27.8360557556, 35.6996383667, 38.1543540955, 34.5465621948, 30.2672119141, 27.1821479797, 25.8745441437, 20.7565574646, 33.2624092102, 33.5969772339, 38.6343040466, 30.4806785583, 21.3662014008, 18.1807727814, 12.9827060699, 8.73388385773, 10.3987112045, 9.63001251221, 7.24983453751, 5.79224014282, 6.01179647446, 7.40037965775, 4.98507881165, 3.97051906586, 2.99262428284, 1.5349214077, 1.20127558708, 0.757887363434, 0.353836536407, 0.0578032173216, 0.00427897134796, 0.000164768178365],
        "dvar": [0.00862483773381, 3.00098466873, 42.4593811035, 36.0307655334, 86.4433288574, 326.077911377, 231.032516479, 1044.2956543, 2138.56689453, 4447.11523438, 4146.41894531, 4683.64697266, 3409.39428711, 1691.38305664, 1968.79321289, 1064.78662109, 2091.83398438, 2263.74682617, 3130.27490234, 1980.74328613, 1107.12890625, 432.690307617, 210.105407715, 73.3606643677, 182.662322998, 200.244247437, 114.830467224, 133.459991455, 296.020050049, 361.257720947, 82.7986373901, 62.5769996643, 31.1448764801, 8.94232368469, 3.51383876801, 1.07520461082, 0.227899044752, 0.00693915877491, 4.29251231253e-05, 5.92449644898e-08],
        "dvar2": [0.0226130057126, 8.34969711304, 116.175735474, 91.4048461914, 203.613632202, 780.253601074, 568.121643066, 2382.08398438, 5065.67871094, 9150.82324219, 8747.76074219, 9772.58984375, 7294.95556641, 3167.50878906, 3930.65332031, 2078.38916016, 4710.93847656, 4860.20507812, 6766.81640625, 4491.05371094, 2450.62524414, 922.286499023, 452.711639404, 165.174591064, 425.246063232, 480.675964355, 253.772262573, 267.816741943, 672.94708252, 790.761962891, 184.867843628, 140.054412842, 61.7760772705, 17.4496936798, 7.28732776642, 2.34470677376, 0.48151832819, 0.0146252028644, 8.77677302924e-05, 1.23997963897e-07],
        "max": [0.945810258389, 17.7999095917, 87.5224685669, 74.6672286987, 245.120742798, 484.393157959, 309.066223145, 954.980529785, 1206.46044922, 1712.58312988, 1657.45068359, 1830.95556641, 1557.55761719, 1941.68200684, 1197.50524902, 1108.2935791, 1047.18249512, 1413.05200195, 1528.22180176, 1403.39477539, 1297.72192383, 692.703430176, 371.675415039, 183.417861938, 523.789978027, 617.878112793, 523.050170898, 396.992340088, 860.547973633, 547.021057129, 222.45640564, 230.92010498, 213.170913696, 107.446792603, 64.5292205811, 22.8657646179, 5.99127101898, 0.904107451439, 0.0776410698891, 0.00321320071816],
        "mean": [0.0666059404612, 1.60704493523, 7.98060703278, 10.1532335281, 11.5400457382, 14.2069215775, 16.243844986, 30.3031997681, 29.4941596985, 37.4172210693, 42.0573234558, 40.9513168335, 37.0745239258, 34.6768798828, 32.1123123169, 26.3201732635, 38.3039054871, 41.2965393066, 48.8437728882, 37.8842201233, 27.4004402161, 24.758687973, 18.365354538, 12.7019176483, 14.5383968353, 12.3948221207, 9.59245491028, 7.10189008713, 6.73463010788, 7.92643165588, 5.44026708603, 4.70033073425, 3.76914930344, 1.94855725765, 1.45514857769, 0.787358164787, 0.331201195717, 0.0535322614014, 0.00417551212013, 0.000193463667529],
        "median": [0.0464221425354, 1.01348686218, 6.66458368301, 8.79576683044, 7.64249372482, 7.41644573212, 10.0928554535, 14.3846855164, 11.0284919739, 9.93997478485, 15.5376310349, 12.4499340057, 12.0061159134, 16.3347835541, 13.8034896851, 12.7863759995, 16.4837856293, 16.4385662079, 19.5926475525, 20.971654892, 12.9795637131, 14.2331008911, 10.8819026947, 8.31530189514, 8.44832134247, 6.82768678665, 5.22301673889, 2.85806894302, 2.12136173248, 2.59806466103, 1.86611902714, 1.43312704563, 1.16660916805, 0.653039455414, 0.479955971241, 0.254499554634, 0.0707906931639, 0.0086324699223, 0.000635986158159, 7.66293960623e-05],
        "min": [1.85394419533e-21, 5.67826370981e-21, 2.68936078836e-20, 1.84739561483e-20, 2.78562829424e-20, 1.25376592625e-19, 2.03902825654e-19, 1.0932210261e-19, 6.80454178125e-19, 3.81468504947e-19, 6.44135417464e-19, 1.07036985149e-18, 1.05313585362e-18, 9.88590123239e-19, 2.09759747774e-18, 4.98591468741e-18, 7.42209973054e-18, 4.26002689035e-18, 4.60432634467e-18, 1.48955574509e-17, 1.65789924202e-17, 1.57138409088e-17, 1.34093628716e-17, 1.69525835808e-17, 2.78041178827e-17, 1.66270516138e-17, 1.16002477344e-17, 1.22413664758e-17, 1.18824494993e-17, 1.49267289251e-17, 1.47121632373e-17, 1.7274530547e-17, 1.81546804973e-17, 1.27157876444e-17, 8.60621953075e-18, 6.12099756655e-18, 3.19515179288e-18, 1.21869874156e-18, 3.44263135916e-19, 3.82628095843e-20],
        "var": [0.00809493660927, 3.48147916794, 64.0938720703, 93.3875732422, 226.14276123, 643.811401367, 437.942657471, 2333.29345703, 3912.12524414, 9702.31640625, 8773.00390625, 11549.3789062, 7576.4296875, 4645.91796875, 4876.38427734, 2742.72094727, 4916.63769531, 5484.83496094, 8536.95507812, 4233.06347656, 2596.68286133, 1251.55969238, 602.889953613, 221.311859131, 433.717559814, 375.985290527, 254.747924805, 331.48651123, 510.282775879, 641.324951172, 141.502120972, 112.351379395, 75.7308425903, 20.5013046265, 8.22034645081, 1.97472047806, 0.345760166645, 0.010518765077, 6.69330183882e-05, 9.07758135327e-08]
    },
    "gfcc": {
        "mean": [18.7952232361, 77.1858520508, -103.357955933, 18.8736419678, -49.2433815002, 10.3984556198, -42.0319900513, 6.08719062805, -26.1384620667, 2.90638279915, -19.8546142578, -1.31829488277, -14.4997243881],
        "cov": [[21277.6191406, 1248.25720215, -423.423095703, 827.206665039, -952.987304688, 485.356903076, -806.068359375, 468.752197266, -642.783813477, 324.351470947, -549.512023926, 130.613815308, -542.233764648], [1248.25720215, 2262.10620117, -486.202789307, 258.833068848, 296.810913086, -45.0662918091, 110.364547729, -55.8950767517, 53.7192726135, -95.531288147, 78.6488800049, -105.928108215, 62.2106323242], [-423.423095703, -486.202789307, 1123.28088379, 107.155883789, 186.308319092, 214.211486816, 64.274597168, 120.909240723, 45.2361793518, 61.5983276367, -26.799861908, 57.345993042, -80.876449585], [827.206665039, 258.833068848, 107.155883789, 489.9949646, 157.53515625, 129.786682129, 77.2821731567, 23.0534572601, 32.1844100952, 21.7142505646, -26.3890171051, -11.8140716553, 8.23909378052], [-952.987304688, 296.810913086, 186.308319092, 157.53515625, 464.27331543, 75.1858139038, 184.986434937, 13.1420583725, 80.3504486084, 2.563382864, 12.5904397964, -16.9489459991, 24.1554031372], [485.356903076, -45.0662918091, 214.211486816, 129.786682129, 75.1858139038, 263.891265869, 82.2330245972, 56.8204536438, 3.91116809845, -3.55256533623, -7.68588447571, -2.18960189819, -37.0015602112], [-806.068359375, 110.364547729, 64.274597168, 77.2821731567, 184.986434937, 82.2330245972, 255.376495361, 25.5842342377, 46.7325973511, 2.69776129723, 20.3992424011, -12.3435506821, 16.2612705231], [468.752197266, -55.8950767517, 120.909240723, 23.0534572601, 13.1420583725, 56.8204536438, 25.5842342377, 141.961334229, 9.03950786591, 24.3444652557, -29.8410263062, -10.0688753128, -33.774055481], [-642.783813477, 53.7192726135, 45.2361793518, 32.1844100952, 80.3504486084, 3.91116809845, 46.7325973511, 9.03950786591, 136.293273926, 14.9734477997, 33.6587638855, -10.158987999, 8.1170091629], [324.351470947, -95.531288147, 61.5983276367, 21.7142505646, 2.563382864, -3.55256533623, 2.69776129723, 24.3444652557, 14.9734477997, 115.686073303, -0.340719878674, 9.60085868835, -15.2660150528], [-549.512023926, 78.6488800049, -26.799861908, -26.3890171051, 12.5904397964, -7.68588447571, 20.3992424011, -29.8410263062, 33.6587638855, -0.340719878674, 120.675712585, 30.3476257324, 13.1805620193], [130.613815308, -105.928108215, 57.345993042, -11.8140716553, -16.9489459991, -2.18960189819, -12.3435506821, -10.0688753128, -10.158987999, 9.60085868835, 30.3476257324, 97.1981506348, 14.6316814423], [-542.233764648, 62.2106323242, -80.876449585, 8.23909378052, 24.1554031372, -37.0015602112, 16.2612705231, -33.774055481, 8.1170091629, -15.2660150528, 13.1805620193, 14.6316814423, 100.556472778]],
        "icov": [[0.000202741954126, -0.000256159197306, 0.00019015277212, -0.000277808838291, 0.000297306425637, -0.000469842430903, 0.000519953202456, -0.000435813155491, 0.000503680435941, -0.000648258952424, 0.000806679658126, -0.000896809389815, 0.000838345091324], [-0.000256159197306, 0.000997549388558, 7.16111098882e-05, -2.29287797993e-05, -0.000855277467053, 0.00077414792031, -0.000559977837838, 0.000399687560275, -0.000515947351232, 0.00126436783466, -0.00164538261015, 0.00171398103703, -0.0010239824187], [0.00019015277212, 7.16111098882e-05, 0.00166015012655, -0.000311879906803, -0.000513285514899, -0.00121119245887, 0.000834352162201, -0.00101428106427, 0.000146491423948, -0.000799715518951, 0.000930052541662, -0.00173893605825, 0.00154176994693], [-0.000277808838291, -2.29287797993e-05, -0.000311879906803, 0.00327019789256, -0.000870878982823, -0.000821319292299, -0.000615417957306, 0.000894808967132, -0.00111343630124, -2.98743070744e-05, 3.11094918288e-05, 0.000913886644412, -0.00174730678555], [0.000297306425637, -0.000855277467053, -0.000513285514899, -0.000870878982823, 0.00445100245997, -0.000521448033396, -0.00148814369459, -7.87727476563e-05, -0.000406528299209, -0.000939015939366, 0.00167204078753, -0.00112631474622, 0.000578920124099], [-0.000469842430903, 0.00077414792031, -0.00121119245887, -0.000821319292299, -0.000521448033396, 0.00719310948625, -0.00280957482755, -0.000237204571022, -0.000327725661919, 0.00290618487634, -0.00261482759379, 0.00231976876967, -0.000299711478874], [0.000519953202456, -0.000559977837838, 0.000834352162201, -0.000615417957306, -0.00148814369459, -0.00280957482755, 0.00760746560991, -0.00203560711816, 0.000787133700214, -0.0018754893681, 0.00104963814374, -0.00165991554968, 0.0010370798409], [-0.000435813155491, 0.000399687560275, -0.00101428106427, 0.000894808967132, -7.87727476563e-05, -0.000237204571022, -0.00203560711816, 0.010248972103, -0.00199762242846, -0.00011059478129, 0.000622790830676, 0.00212465645745, -2.95771169476e-05], [0.000503680435941, -0.000515947351232, 0.000146491423948, -0.00111343630124, -0.000406528299209, -0.000327725661919, 0.000787133700214, -0.00199762242846, 0.0107611929998, -0.00251907738857, -0.00132762722205, -6.20343489572e-05, 0.00135504780337], [-0.000648258952424, 0.00126436783466, -0.000799715518951, -2.98743070744e-05, -0.000939015939366, 0.00290618487634, -0.0018754893681, -0.00011059478129, -0.00251907738857, 0.0121014686301, -0.00303073180839, 0.00204011774622, -0.00121656770352], [0.000806679658126, -0.00164538261015, 0.000930052541662, 3.11094918288e-05, 0.00167204078753, -0.00261482759379, 0.00104963814374, 0.000622790830676, -0.00132762722205, -0.00303073180839, 0.0148609792814, -0.00802123174071, 0.00365519686602], [-0.000896809389815, 0.00171398103703, -0.00173893605825, 0.000913886644412, -0.00112631474622, 0.00231976876967, -0.00165991554968, 0.00212465645745, -6.20343489572e-05, 0.00204011774622, -0.00802123174071, 0.0176328476518, -0.00646313792095], [0.000838345091324, -0.0010239824187, 0.00154176994693, -0.00174730678555, 0.000578920124099, -0.000299711478874, 0.0010370798409, -2.95771169476e-05, 0.00135504780337, -0.00121656770352, 0.00365519686602, -0.00646313792095, 0.0162222441286]]
    },
    "melbands": {
        "dmean": [0.000665203784592, 0.00166669907048, 0.000720126612578, 0.000492214865517, 0.000313647789881, 0.00032850538264, 0.000267325260211, 0.000268188683549, 0.000199911257369, 0.00014837172057, 0.000104020662548, 7.62406998547e-05, 5.78301987844e-05, 5.66757917113e-05, 4.01279285143e-05, 4.89747908432e-05, 4.35352449131e-05, 4.6984248911e-05, 3.23017338815e-05, 2.04255211429e-05, 1.72574691533e-05, 1.36663920784e-05, 1.13141313705e-05, 6.73896784065e-06, 4.80515291201e-06, 5.58860347155e-06, 5.05965499542e-06, 4.41807469542e-06, 3.41864893016e-06, 2.64212462753e-06, 2.19530534196e-06, 2.23985784942e-06, 2.82504311144e-06, 2.90708931061e-06, 1.99894770958e-06, 1.61033722179e-06, 1.79051198756e-06, 1.63497406902e-06, 1.21216555726e-06, 8.55756013607e-07],
        "dmean2": [0.00115245080087, 0.00287223653868, 0.00117066362873, 0.000787185155787, 0.000502385024447, 0.000510126701556, 0.000419219286414, 0.000414842012106, 0.000302553235088, 0.000220517307753, 0.00015519700537, 0.000116009090561, 8.66913323989e-05, 8.43299931148e-05, 6.14726668573e-05, 7.5497358921e-05, 6.66082851239e-05, 7.15995993232e-05, 5.06820942974e-05, 3.2092048059e-05, 2.6785173759e-05, 2.1288957214e-05, 1.74718024937e-05, 1.05499648271e-05, 7.62831132306e-06, 8.6516047304e-06, 7.77909644967e-06, 6.91503828421e-06, 5.31078421773e-06, 4.12149938711e-06, 3.40816882272e-06, 3.4665313251e-06, 4.32780780102e-06, 4.50414972875e-06, 3.08486823997e-06, 2.4835289878e-06, 2.65142489297e-06, 2.36804589804e-06, 1.78901518666e-06, 1.22868391372e-06],
        "dvar": [1.65058384027e-06, 8.83924258233e-06, 9.83882500805e-07, 8.35580351577e-07, 3.17646026815e-07, 4.36339945509e-07, 4.53373473874e-07, 4.93748359531e-07, 2.58450910451e-07, 1.77461984663e-07, 8.7943242022e-08, 3.29419087564e-08, 2.12382467168e-08, 2.64919357562e-08, 7.64088081695e-09, 1.13391696033e-08, 9.50095468966e-09, 1.18424097195e-08, 5.28917576403e-09, 2.72393352319e-09, 1.71499392465e-09, 6.40676733887e-10, 4.6078885152e-10, 1.49457904386e-10, 6.17022960503e-11, 1.15178665216e-10, 1.14396186968e-10, 1.33178981732e-10, 6.47426487421e-11, 4.76567708907e-11, 5.73234654189e-11, 1.05683364837e-10, 1.71036268481e-10, 1.18546616967e-10, 3.22704085676e-11, 2.58702000794e-11, 2.66553862316e-11, 1.97689382225e-11, 1.13342338987e-11, 5.86293383634e-12],
        "dvar2": [4.47662250735e-06, 2.42901151069e-05, 2.45191176873e-06, 1.95666302716e-06, 7.75867590619e-07, 9.87900648397e-07, 1.05253081983e-06, 1.04544881196e-06, 5.42203849818e-07, 3.68293797237e-07, 1.86873066355e-07, 5.94928728503e-08, 4.07208666786e-08, 5.17197022987e-08, 1.63047992885e-08, 2.53597320921e-08, 2.07268957553e-08, 2.51454448374e-08, 1.25629364689e-08, 6.04605521204e-09, 3.8107921263e-09, 1.38822864315e-09, 1.04735664586e-09, 3.18910148289e-10, 1.42565584338e-10, 2.61985655392e-10, 2.61342919528e-10, 3.26748739177e-10, 1.49955062256e-10, 1.00383500123e-10, 1.19350931915e-10, 2.56431653689e-10, 3.96056715202e-10, 2.65115540632e-10, 7.30416352401e-11, 6.32081678664e-11, 5.90262075328e-11, 4.07818744053e-11, 2.24586182984e-11, 1.1996995411e-11],
        "max": [0.0115820905194, 0.0326063930988, 0.0130623569712, 0.0260781534016, 0.0115461722016, 0.0186496321112, 0.0158619098365, 0.0158188678324, 0.0132006630301, 0.0114991245791, 0.00757128000259, 0.00789888203144, 0.0048464811407, 0.00710794981569, 0.00238583586179, 0.00237035914324, 0.0023764220532, 0.00332160154358, 0.00170712952968, 0.00175419880543, 0.00138989416882, 0.000784064875916, 0.000565480848309, 0.000427681545261, 0.000168919548742, 0.00043377361726, 0.000441072857939, 0.000563309178688, 0.000427334045526, 0.000316885911161, 0.000268757285085, 0.000619965372607, 0.000578429317102, 0.000334677053615, 0.000152146225446, 0.000193473373656, 0.000169676117366, 0.000164795477758, 0.00012660693028, 7.85332667874e-05],
        "mean": [0.00104805279989, 0.00361166149378, 0.00183234584983, 0.000924234802369, 0.000591237738263, 0.000643781619146, 0.000451651285402, 0.000428048428148, 0.000332879833877, 0.000258530926658, 0.000184862452443, 0.000142755379784, 0.000103284881334, 9.68746971921e-05, 6.67175336275e-05, 8.40890861582e-05, 7.56995505071e-05, 8.40094071464e-05, 5.84069239267e-05, 3.73764742108e-05, 3.09580718749e-05, 2.54097631114e-05, 2.174283145e-05, 1.3025575754e-05, 9.67326013779e-06, 1.10478486022e-05, 9.78009302344e-06, 7.84418534749e-06, 6.19151569481e-06, 4.99016368849e-06, 3.73003831555e-06, 3.51939365828e-06, 4.43215958512e-06, 4.42714963356e-06, 3.1400206808e-06, 2.64360755864e-06, 3.00244414575e-06, 2.85407577394e-06, 2.03125046028e-06, 1.4683499785e-06],
        "median": [0.000671489804517, 0.00325288344175, 0.00157758628484, 0.000560858577956, 0.000366881547961, 0.000311470328597, 0.000161954259966, 0.000117568088172, 0.000114510272397, 7.09622545401e-05, 5.41057597729e-05, 6.10723363934e-05, 4.2704941734e-05, 3.72658942069e-05, 2.90608895739e-05, 3.26237059198e-05, 2.60054330283e-05, 2.75861839327e-05, 2.98238264804e-05, 1.84038090083e-05, 1.34292777147e-05, 1.35776626848e-05, 1.12642574095e-05, 7.06523405825e-06, 5.89663704886e-06, 6.12203166384e-06, 5.21614219906e-06, 3.80269352718e-06, 3.1385670809e-06, 2.11912424675e-06, 1.25817098251e-06, 1.00018962712e-06, 1.27955252083e-06, 1.44761213505e-06, 1.07076164113e-06, 7.87207625308e-07, 8.70284907251e-07, 8.28625218219e-07, 6.22736649802e-07, 4.67759065259e-07],
        "min": [1.40830730461e-23, 1.18421069633e-23, 3.12416568042e-24, 5.77855759204e-24, 6.52667028163e-24, 3.0258343658e-24, 9.08561396802e-24, 4.51490852367e-24, 6.31695200441e-24, 6.90842807823e-24, 5.32437881447e-24, 3.8825311952e-24, 6.39164135491e-24, 1.13138935898e-23, 1.5236436599e-23, 1.34531739242e-23, 7.66158592774e-24, 7.00458706713e-24, 1.28110506137e-23, 2.42290438662e-23, 1.6902555007e-23, 1.54208975221e-23, 1.12570380178e-23, 1.56902698554e-23, 1.23015182553e-23, 2.26932594792e-23, 1.54384165451e-23, 1.04130830669e-23, 7.31866335908e-24, 6.2153944459e-24, 7.44207433681e-24, 5.7377561283e-24, 8.50563001986e-24, 8.39126096583e-24, 8.49774141081e-24, 8.18202034388e-24, 1.18193814583e-23, 1.23286795251e-23, 1.1574265809e-23, 1.06778563411e-23],
        "var": [1.65719939105e-06, 1.24642274386e-05, 2.81547613667e-06, 2.12617987927e-06, 6.19580021066e-07, 9.97591769192e-07, 8.74797194683e-07, 1.08845222258e-06, 5.46561352621e-07, 4.48371594075e-07, 2.0160133829e-07, 9.47795797401e-08, 5.33957980053e-08, 6.80627678662e-08, 1.60967914553e-08, 2.73203539791e-08, 2.24107594704e-08, 3.38998660254e-08, 9.94750326555e-09, 5.7952629362e-09, 3.84073217674e-09, 1.67263580764e-09, 1.08598552373e-09, 4.09651867983e-10, 1.61037544411e-10, 2.78330025694e-10, 2.42274589279e-10, 2.14656778463e-10, 1.19153131806e-10, 1.07335959565e-10, 1.31012950488e-10, 1.53558596394e-10, 2.83243956067e-10, 1.92427240808e-10, 5.17987285009e-11, 3.60738348915e-11, 4.91097648658e-11, 4.5845278962e-11, 2.5139768739e-11, 1.22961554133e-11]
    },
    "mfcc": {
        "mean": [-624.53112793, 119.404045105, 2.06607556343, 15.1527547836, 8.99396896362, 3.54881429672, -1.93305456638, -0.594130992889, -3.27920532227, 2.60887932777, -4.08056926727, -2.98596835136, -1.69315218925],
        "cov": [[8785.4140625, 213.696929932, 249.23374939, 173.907974243, 111.767822266, 59.5281829834, 69.7251358032, 82.4147949219, 51.5142097473, 146.896774292, 16.7026844025, 78.3225097656, 5.76046466827], [213.696929932, 1343.23193359, -220.442977905, 201.248321533, 154.86100769, 81.5614776611, 107.927032471, 91.7667236328, 29.7612438202, 47.0392036438, 35.9111022949, 5.85844802856, 19.7116069794], [249.23374939, -220.442977905, 768.657653809, 19.4277458191, 143.729721069, 86.0366897583, 50.5609893799, 82.4160003662, 38.3915290833, 33.2786483765, 6.02619886398, 77.5174789429, 57.6576499939], [173.907974243, 201.248321533, 19.4277458191, 383.903930664, 141.914123535, 142.896453857, 82.2971801758, 37.2511100769, 113.912078857, 21.3371829987, 30.3575897217, 27.7772388458, 46.9084625244], [111.767822266, 154.86100769, 143.729721069, 141.914123535, 274.656677246, 111.84828186, 59.0514831543, 73.5224533081, 58.1529388428, 44.1606826782, 15.6418151855, 29.7689838409, 23.5547599792], [59.5281829834, 81.5614776611, 86.0366897583, 142.896453857, 111.84828186, 251.076339722, 114.375488281, 75.5312271118, 74.6738357544, 25.6840190887, 45.67137146, 26.7013988495, 10.7573843002], [69.7251358032, 107.927032471, 50.5609893799, 82.2971801758, 59.0514831543, 114.375488281, 196.59703064, 84.8218612671, 60.2200698853, 34.8973922729, 29.2072639465, 17.9945430756, 3.16038250923], [82.4147949219, 91.7667236328, 82.4160003662, 37.2511100769, 73.5224533081, 75.5312271118, 84.8218612671, 161.26399231, 40.4660797119, 31.0678825378, 23.6774158478, 15.4070291519, 13.4011011124], [51.5142097473, 29.7612438202, 38.3915290833, 113.912078857, 58.1529388428, 74.6738357544, 60.2200698853, 40.4660797119, 153.68913269, 45.3696937561, 23.8217124939, -0.113642245531, -2.38769245148], [146.896774292, 47.0392036438, 33.2786483765, 21.3371829987, 44.1606826782, 25.6840190887, 34.8973922729, 31.0678825378, 45.3696937561, 120.478591919, 43.3790550232, 10.1226892471, -7.74642801285], [16.7026844025, 35.9111022949, 6.02619886398, 30.3575897217, 15.6418151855, 45.67137146, 29.2072639465, 23.6774158478, 23.8217124939, 43.3790550232, 101.500396729, 23.2865390778, 1.92912852764], [78.3225097656, 5.85844802856, 77.5174789429, 27.7772388458, 29.7689838409, 26.7013988495, 17.9945430756, 15.4070291519, -0.113642245531, 10.1226892471, 23.2865390778, 114.629394531, 38.189540863], [5.76046466827, 19.7116069794, 57.6576499939, 46.9084625244, 23.5547599792, 10.7573843002, 3.16038250923, 13.4011011124, -2.38769245148, -7.74642801285, 1.92912852764, 38.189540863, 99.6178207397]],
