{
"lowlevel": {
    "average_loudness": 0.888663113117,
    "barkbands_crest": {
        "dmean": 1.97897875309,
        "dmean2": 2.98111891747,
        "dvar": 2.8451499939,
        "dvar2": 7.09115791321,
        "max": 23.9485340118,
        "mean": 12.0196590424,
        "median": 11.5378074646,
        "min": 4.81448507309,
        "var": 10.7323350906
    },
    "barkbands_flatness_db": {
        "dmean": 0.0229323543608,
        "dmean2": 0.03710706532,
        "dvar": 0.000328339432599,
        "dvar2": 0.000923658313695,
        "max": 0.594042539597,
        "mean": 0.449781090021,
        "median": 0.452019482851,
        "min": 0.0573005080223,
        "var": 0.00275072874501
    },
    "barkbands_kurtosis": {
        "dmean": 1.4914265871,
        "dmean2": 2.26000595093,
        "dvar": 4.13404512405,
        "dvar2": 9.9944524765,
        "max": 50.5756340027,
        "mean": 2.53884220123,
        "median": 1.65140581131,
        "min": -1.66311764717,
        "var": 12.1037769318
    },
    "barkbands_skewness": {
        "dmean": 0.401620775461,
        "dmean2": 0.607411324978,
        "dvar": 0.124301239848,
        "dvar2": 0.315208017826,
        "max": 4.68062591553,
        "mean": 0.250920534134,
        "median": 0.205122068524,
        "min": -2.55149579048,
        "var": 0.56309312582
    },
    "barkbands_spread": {
        "dmean": 0.564877450466,
        "dmean2": 0.881377279758,
        "dvar": 0.502827525139,
        "dvar2": 1.30334079266,
        "max": 39.9289245605,
        "mean": 2.42354559898,
        "median": 1.98992788792,
        "min": 0.257455706596,
        "var": 6.01539611816
    },
    "dissonance": {
        "dmean": 0.0570144355297,
        "dmean2": 0.0950163826346,
        "dvar": 0.00224170600995,
        "dvar2": 0.00595165044069,
        "max": 0.500000119209,
        "mean": 0.29371714592,
        "median": 0.29035076499,
        "min": 0.0822664573789,
        "var": 0.00531856808811
    },
    "dynamic_complexity": 2.05649256706,
    "erbbands_crest": {
        "dmean": 2.81190729141,
        "dmean2": 4.36501026154,
        "dvar": 5.73879241943,
        "dvar2": 14.5630502701,
        "max": 30.4726886749,
        "mean": 13.8129711151,
        "median": 13.3163490295,
        "min": 2.61894583702,
        "var": 16.7896442413
    },
    "erbbands_flatness_db": {
        "dmean": 0.0166667308658,
        "dmean2": 0.0251503493637,
        "dvar": 0.00018060952425,
        "dvar2": 0.000442871358246,
        "max": 0.517675578594,
        "mean": 0.408369779587,
        "median": 0.41054803133,
        "min": 0.048776011914,
        "var": 0.00169974192977
    },
    "erbbands_kurtosis": {
        "dmean": 2.61682009697,
        "dmean2": 4.20566749573,
        "dvar": 9.63870620728,
        "dvar2": 25.2662563324,
        "max": 73.9945755005,
        "mean": 4.32486200333,
        "median": 3.17491531372,
        "min": -1.65848124027,
        "var": 20.0860786438
    },
    "erbbands_skewness": {
        "dmean": 0.453535586596,
        "dmean2": 0.695800662041,
        "dvar": 0.15842244029,
        "dvar2": 0.403553366661,
        "max": 5.91778326035,
        "mean": 0.773706614971,
        "median": 0.733387410641,
        "min": -2.72837996483,
        "var": 0.663588106632
    },
    "erbbands_spread": {
        "dmean": 1.46379959583,
        "dmean2": 2.29906249046,
        "dvar": 2.49296975136,
        "dvar2": 6.28992033005,
        "max": 74.8498382568,
        "mean": 4.92763900757,
        "median": 4.24378871918,
        "min": 0.675972104073,
        "var": 13.4077148438
    },
    "hfc": {
        "dmean": 2.22225117683,
        "dmean2": 3.20871162415,
        "dvar": 4.94818258286,
        "dvar2": 12.0261697769,
        "max": 37.0593719482,
        "mean": 9.61786079407,
        "median": 8.78895664215,
        "min": 1.09140148932e-16,
        "var": 28.251750946
    },
    "melbands_crest": {
        "dmean": 2.21126532555,
        "dmean2": 3.35523962975,
        "dvar": 4.05811834335,
        "dvar2": 11.158744812,
        "max": 32.0220947266,
        "mean": 13.8989295959,
        "median": 13.3255109787,
        "min": 1.55565750599,
        "var": 14.9596509933
    },
    "melbands_flatness_db": {
        "dmean": 0.0231723245233,
        "dmean2": 0.0370095781982,
        "dvar": 0.000352302071406,
        "dvar2": 0.000976347015239,
        "max": 0.731333076954,
        "mean": 0.562714993954,
        "median": 0.566237747669,
        "min": 0.00315032387152,
        "var": 0.00454482901841
    },
    "melbands_kurtosis": {
        "dmean": 1.53015351295,
        "dmean2": 2.34700059891,
        "dvar": 4.27498006821,
        "dvar2": 10.8845348358,
        "max": 63.6066665649,
        "mean": 2.2355120182,
        "median": 1.3896727562,
        "min": -1.72087919712,
        "var": 10.5825433731
    },
    "melbands_skewness": {
        "dmean": 0.385817497969,
        "dmean2": 0.572384178638,
        "dvar": 0.112941898406,
        "dvar2": 0.287025809288,
        "max": 5.87467622757,
        "mean": 0.674061596394,
        "median": 0.630131602287,
        "min": -1.72946727276,
        "var": 0.482445180416
    },
    "melbands_spread": {
        "dmean": 0.888554334641,
        "dmean2": 1.40147066116,
        "dvar": 5.52167415619,
        "dvar2": 13.9564266205,
        "max": 165.416061401,
        "mean": 4.27776241302,
        "median": 3.02790641785,
        "min": 0.357030004263,
        "var": 125.861366272
    },
    "pitch_salience": {
        "dmean": 0.0584929250181,
        "dmean2": 0.0900165811181,
        "dvar": 0.00256646657363,
        "dvar2": 0.00674424786121,
        "max": 0.886754989624,
        "mean": 0.588486731052,
        "median": 0.596214950085,
        "min": 0.167649075389,
        "var": 0.00956166069955
    },
    "silence_rate_20dB": {
        "dmean": 0,
        "dmean2": 0,
        "dvar": 0,
        "dvar2": 0,
        "max": 1,
        "mean": 1,
        "median": 1,
        "min": 1,
        "var": 0
    },
    "silence_rate_30dB": {
        "dmean": 0.000448631675681,
        "dmean2": 0.000897330464795,
        "dvar": 0.000448427308584,
        "dvar2": 0.00119574333075,
        "max": 1,
        "mean": 0.999626159668,
        "median": 1,
        "min": 0,
        "var": 0.0003737481602
    },
    "silence_rate_60dB": {
        "dmean": 0.000897263351362,
        "dmean2": 0.00179466092959,
        "dvar": 0.00089660496451,
        "dvar2": 0.00268935691565,
        "max": 1,
        "mean": 0.02026168257,
        "median": 0,
        "min": 0,
        "var": 0.0198525432497
    },
    "spectral_centroid": {
        "dmean": 28.1728897095,
        "dmean2": 42.4811096191,
        "dvar": 10120.1787109,
        "dvar2": 15080.5390625,
        "max": 11649.4658203,
        "mean": 383.794952393,
        "median": 300.89831543,
        "min": 156.870635986,
        "var": 825649
    },
    "spectral_complexity": {
        "dmean": 1.11499929428,
        "dmean2": 1.91236066818,
        "dvar": 0.996549487114,
        "dvar2": 2.5122013092,
        "max": 12,
        "mean": 6.91140174866,
        "median": 7,
        "min": 0,
        "var": 3.24586820602
    },
    "spectral_decrease": {
        "dmean": 1.902229263e-09,
        "dmean2": 2.77295630902e-09,
        "dvar": 4.20591562981e-18,
        "dvar2": 1.25511340347e-17,
        "max": 1.95157947939e-28,
        "mean": -9.34517352391e-09,
        "median": -8.60801296909e-09,
        "min": -3.67667638557e-08,
        "var": 2.43559311268e-17
    },
    "spectral_energy": {
        "dmean": 0.00736999418586,
        "dmean2": 0.0107422489673,
        "dvar": 6.26074688626e-05,
        "dvar2": 0.000186100995052,
        "max": 0.141087979078,
        "mean": 0.0361432731152,
        "median": 0.033298548311,
        "min": 9.9399216517e-21,
        "var": 0.000362963910447
    },
    "spectral_energyband_high": {
        "dmean": 5.53747590004e-08,
        "dmean2": 9.4058123068e-08,
        "dvar": 5.46379957879e-15,
        "dvar2": 1.53916847122e-14,
        "max": 1.3497016198e-06,
        "mean": 1.9069408097e-07,
        "median": 1.21878571235e-07,
        "min": 7.26147690092e-21,
        "var": 3.07835659361e-14
    },
    "spectral_energyband_low": {
        "dmean": 0.00182291970123,
        "dmean2": 0.00236266106367,
        "dvar": 6.26888640909e-06,
        "dvar2": 1.39864068842e-05,
        "max": 0.0790980309248,
        "mean": 0.00818968284875,
        "median": 0.00556116132066,
        "min": 1.88456219685e-23,
        "var": 7.23209086573e-05
    },
    "spectral_energyband_middle_high": {
        "dmean": 0.000279769621557,
        "dmean2": 0.000474551285151,
        "dvar": 3.16842545089e-07,
        "dvar2": 8.49593163821e-07,
        "max": 0.00914810970426,
        "mean": 0.000306977628497,
        "median": 0.000108661421109,
        "min": 1.1592400112e-21,
        "var": 3.21932759562e-07
    },
    "spectral_energyband_middle_low": {
        "dmean": 0.00697857514024,
        "dmean2": 0.0102174021304,
        "dvar": 6.04883935011e-05,
        "dvar2": 0.000182372939889,
        "max": 0.118488743901,
        "mean": 0.0290859211236,
        "median": 0.0265314932913,
        "min": 1.60233906696e-22,
        "var": 0.000275057536783
    },
    "spectral_entropy": {
        "dmean": 0.169890269637,
        "dmean2": 0.272866785526,
        "dvar": 0.0190386381,
        "dvar2": 0.0508845746517,
        "max": 9.82220363617,
        "mean": 4.95370435715,
        "median": 4.92430448532,
        "min": 3.90095233917,
        "var": 0.250166118145
    },
    "spectral_flux": {
        "dmean": 0.0155312921852,
        "dmean2": 0.0262420587242,
        "dvar": 0.000184302800335,
        "dvar2": 0.00052077928558,
        "max": 0.24673332274,
        "mean": 0.0588479042053,
        "median": 0.0552017055452,
        "min": 6.39304859051e-11,
        "var": 0.000652687856928
    },
    "spectral_kurtosis": {
        "dmean": 42.8584976196,
        "dmean2": 72.7688980103,
        "dvar": 1386.93701172,
        "dvar2": 4094.03100586,
        "max": 461.245422363,
        "mean": 171.444412231,
        "median": 167.600982666,
        "min": -1.25011503696,
        "var": 3883.97460938
    },
    "spectral_rms": {
        "dmean": 0.00060282391496,
        "dmean2": 0.000875308003742,
        "dvar": 3.26219208091e-07,
        "dvar2": 9.68109475252e-07,
        "max": 0.0117322979495,
        "mean": 0.00569912558421,
        "median": 0.00569968344644,
        "min": 3.11407843956e-12,
        "var": 2.78178572444e-06
    },
    "spectral_rolloff": {
        "dmean": 43.8993377686,
        "dmean2": 76.5501556396,
        "dvar": 54030.0625,
        "dvar2": 111222.976562,
        "max": 19595.2148438,
        "mean": 517.230773926,
        "median": 387.59765625,
        "min": 129.19921875,
        "var": 2453707
    },
    "spectral_skewness": {
        "dmean": 1.60243320465,
        "dmean2": 2.74259710312,
        "dvar": 1.84246456623,
        "dvar2": 5.26900291443,
        "max": 17.5299339294,
        "mean": 10.3390607834,
        "median": 10.5106582642,
        "min": -0.0766956284642,
        "var": 5.37332820892
    },
    "spectral_spread": {
        "dmean": 306605.21875,
        "dmean2": 549564.625,
        "dvar": 205688143872,
        "dvar2": 463243149312,
        "max": 42372972,
        "mean": 1039106,
        "median": 705667.75,
        "min": 192475.609375,
        "var": 1.15045878989e+13
    },
    "spectral_strongpeak": {
        "dmean": 0.377933770418,
        "dmean2": 0.615832209587,
        "dvar": 0.191883817315,
        "dvar2": 0.425921261311,
        "max": 4.85778188705,
        "mean": 1.02282142639,
        "median": 0.809988498688,
        "min": 0,
        "var": 0.527156412601
    },
    "zerocrossingrate": {
        "dmean": 0.00138707796577,
        "dmean2": 0.00191504252143,
        "dvar": 2.60551696556e-05,
        "dvar2": 4.78438450955e-05,
        "max": 0.53125,
        "mean": 0.0171142667532,
        "median": 0.01318359375,
        "min": 0.00439453125,
        "var": 0.00175258121453
    },
    "barkbands": {
        "dmean": [1.07898063106e-06, 0.000638818310108, 0.000892243755516, 0.00198780465871, 0.0038027158007, 0.00244500045665, 0.00178111647256, 0.000583329587243, 0.000266879156698, 0.000205700926017, 0.000132803543238, 2.17908072955e-05, 5.78999652134e-06, 2.33546779782e-06, 1.27895111746e-06, 5.72422209189e-07, 4.95957181101e-07, 3.63343616527e-07, 1.05015992347e-07, 4.68248018137e-08, 2.50743834584e-08, 1.19864509429e-08, 6.36156638478e-09, 3.44490502791e-09, 2.01818917134e-09, 1.44146594661e-09, 1.40714595531e-09],
        "dmean2": [1.90841728909e-06, 0.000692953763064, 0.00100633152761, 0.0032123986166, 0.00539823714644, 0.00297257700004, 0.00229370524175, 0.000882539257873, 0.000449133309303, 0.000348618021235, 0.000226041855058, 3.6340286897e-05, 9.32916191232e-06, 3.90066134059e-06, 2.18777950067e-06, 9.88894612419e-07, 8.56431938701e-07, 6.33095169178e-07, 1.83021128919e-07, 8.15231757656e-08, 4.27747508525e-08, 2.0126170952e-08, 1.0675198503e-08, 5.8252829227e-09, 3.523807246e-09, 2.60883115111e-09, 2.59386334633e-09],
        "dvar": [9.8798573489e-12, 1.39234532526e-06, 2.10833627534e-06, 1.77390902536e-05, 2.08220881177e-05, 7.77877539804e-06, 6.54532050248e-06, 1.54124688834e-06, 2.86246233827e-07, 2.02541173167e-07, 1.2320077758e-07, 9.98449767309e-09, 1.06142324097e-10, 3.17010688533e-11, 6.97232289265e-12, 1.48467143527e-12, 1.10387057568e-12, 8.14863801435e-13, 8.57739918046e-14, 4.48431693661e-15, 1.30803242874e-15, 2.91857139847e-16, 8.03594384567e-17, 2.09664725401e-17, 5.75458840164e-18, 3.10545687675e-18, 3.36953759603e-18],
        "dvar2": [2.94109528398e-11, 2.21715004045e-06, 3.69176223103e-06, 6.34122407064e-05, 5.42201487406e-05, 1.23192276078e-05, 1.07545538413e-05, 2.97700285046e-06, 7.58432406656e-07, 5.38817062079e-07, 3.26886009816e-07, 2.79412599724e-08, 2.57187132702e-10, 8.15844405921e-11, 1.86893625576e-11, 4.14756553754e-12, 3.04332665839e-12, 2.30750553214e-12, 2.46900454725e-13, 1.3506404518e-14, 3.77145866688e-15, 8.03762269144e-16, 2.2189753883e-16, 5.71899572978e-17, 1.69225023306e-17, 9.81489170591e-18, 1.07246232892e-17],
        "max": [0.000106950865302, 0.0462586730719, 0.0486016049981, 0.0580305755138, 0.0837667360902, 0.0753536969423, 0.0574560239911, 0.0362479090691, 0.011665198952, 0.00850082561374, 0.00741376401857, 0.0029699720908, 0.000173319145688, 0.000148667066242, 8.32846126286e-05, 2.5940085834e-05, 2.27967484534e-05, 1.95317516045e-05, 1.41607542901e-05, 9.34505521855e-07, 6.77890739098e-07, 3.01476063669e-07, 1.50542774691e-07, 9.83173293889e-08, 3.8042440309e-08, 2.43897613217e-08, 1.91027318408e-08],
        "mean": [1.42059184327e-06, 0.00289149209857, 0.0039075827226, 0.0040745367296, 0.0122816627845, 0.00728830788285, 0.00421711336821, 0.000852802651934, 0.000261598208454, 0.000200909504201, 0.000126524435473, 2.4600614779e-05, 7.94637162471e-06, 2.8496071991e-06, 1.69640566128e-06, 7.14043380867e-07, 6.49124672236e-07, 4.52444680832e-07, 1.92839038959e-07, 1.06703950564e-07, 6.36802965914e-08, 3.38622072604e-08, 1.93917184532e-08, 1.16494067726e-08, 5.90130255773e-09, 2.61706567528e-09, 1.31893418409e-09],
        "median": [4.74690665442e-07, 0.00140134699177, 0.00204557995312, 0.00213251099922, 0.0100726354867, 0.00497936271131, 0.00208549504168, 0.000195839980734, 8.14148370409e-05, 4.99076959386e-05, 1.85139288078e-05, 7.67386427469e-06, 2.95021050079e-06, 9.50395417476e-07, 8.68610356974e-07, 3.86641914929e-07, 3.52893550826e-07, 2.21244278009e-07, 1.12695119014e-07, 6.58405525655e-08, 4.02735658156e-08, 2.11085833257e-08, 1.17677787514e-08, 6.88579637753e-09, 3.86974852162e-09, 2.00839211928e-09, 6.91692925159e-10],
        "min": [2.44886805713e-25, 3.85140511046e-24, 5.09927479136e-25, 2.03877748296e-24, 1.12444083547e-23, 7.85358441688e-24, 8.20668013578e-24, 6.01511765042e-24, 1.12998195224e-23, 1.05777846021e-23, 1.3712193247e-23, 2.02581326395e-23, 2.59965119679e-23, 3.15263212062e-23, 4.31926967811e-23, 5.60840345023e-23, 5.34572980818e-23, 1.0521180519e-22, 1.04435755386e-22, 1.44195657673e-22, 2.59474350378e-22, 3.14345747896e-22, 3.92166156755e-22, 6.43637746752e-22, 8.44790310364e-22, 1.33869397742e-21, 1.97067420277e-21],
        "var": [1.00468652495e-11, 1.99639671337e-05, 2.72036995739e-05, 3.12687479891e-05, 9.92663844954e-05, 5.32675730938e-05, 3.21511288348e-05, 4.92142817166e-06, 2.88331818865e-07, 1.93990871367e-07, 1.15391387112e-07, 8.80243256063e-09, 1.68043814974e-10, 4.20692126968e-11, 1.05361830371e-11, 1.37131690552e-12, 1.0512427517e-12, 6.86992780372e-13, 8.57490009445e-14, 1.26606150151e-14, 3.93085332689e-15, 1.04019468159e-15, 3.47701810301e-16, 1.33507771429e-16, 2.98238679454e-17, 5.64049703411e-18, 2.98206923991e-18]
    },
    "erbbands": {
        "dmean": [0.00566614372656, 0.185899764299, 0.889405012131, 3.40279197693, 11.6887998581, 12.7950181961, 18.881521225, 20.5516643524, 23.4402942657, 23.5699958801, 10.4300956726, 5.54123401642, 8.14994430542, 5.98673200607, 2.8322930336, 0.897364795208, 0.287079662085, 0.16443400085, 0.072332970798, 0.042329993099, 0.0347352921963, 0.022399071604, 0.0218052547425, 0.00798626616597, 0.0036528815981, 0.00211053295061, 0.00128834997304, 0.000851113116369, 0.000465360382805, 0.00028818618739, 0.000166429963429, 9.26719440031e-05, 5.05903772137e-05, 2.75649599644e-05, 1.41510126923e-05, 7.42469683246e-06, 3.52597885467e-06, 9.70440055426e-07, 3.37919209414e-06, 8.12075268186e-06],
        "dmean2": [0.00625652866438, 0.199017584324, 0.986623346806, 5.36591959, 18.033416748, 16.5412559509, 23.0887851715, 26.0190029144, 29.6553573608, 31.9065475464, 16.2001075745, 9.27270317078, 13.7489099503, 10.2333259583, 4.78997039795, 1.49522459507, 0.463195800781, 0.27002364397, 0.122956261039, 0.072538472712, 0.0597325190902, 0.0386471934617, 0.0379330068827, 0.0138953477144, 0.00631675450131, 0.00365392584354, 0.00221012253314, 0.00145039195195, 0.000783693103585, 0.000485838216264, 0.000279484986095, 0.000155968169565, 8.59082574607e-05, 4.72662104585e-05, 2.43707418122e-05, 1.26901368276e-05, 5.93372033109e-06, 1.72193949766e-06, 4.91499076816e-06, 1.18330135592e-05],
        "dvar": [0.000125029080664, 0.110778570175, 1.97716975212, 41.6211547852, 436.566619873, 244.279418945, 549.659118652, 693.428771973, 1084.07275391, 1477.05383301, 497.31048584, 143.368865967, 297.599853516, 185.973937988, 98.6887741089, 19.7346420288, 0.34633398056, 0.102578006685, 0.0243976358324, 0.0052239280194, 0.00435379007831, 0.00207823212259, 0.00308913714252, 0.000570817210246, 7.06105493009e-05, 9.61148271017e-06, 3.40853921443e-06, 1.67809400864e-06, 4.32656577232e-07, 1.67249552874e-07, 5.6720985242e-08, 1.624808732e-08, 4.16259204883e-09, 1.10766096295e-09, 2.52839527093e-10, 6.43121944588e-11, 1.41115617455e-11, 1.34035339251e-12, 1.28918785369e-11, 7.53260509523e-11],
        "dvar2": [0.000197198372916, 0.175897598267, 3.28905463219, 144.348297119, 1503.6328125, 486.147521973, 887.415100098, 1191.51037598, 1777.24951172, 2583.15551758, 1027.68908691, 378.770874023, 783.948425293, 496.608398438, 265.881225586, 55.8959274292, 0.902245223522, 0.26188158989, 0.0653594434261, 0.0143748698756, 0.0120027111843, 0.00582298683003, 0.00876961648464, 0.00163017853629, 0.000203222502023, 2.85346613964e-05, 9.86419763649e-06, 4.86868611915e-06, 1.20036725093e-06, 4.60230779709e-07, 1.55944960056e-07, 4.4527084242e-08, 1.14374110183e-08, 3.16139137091e-09, 7.45234651767e-10, 1.91149193696e-10, 4.1377897636e-11, 4.17829529656e-12, 3.77801886997e-11, 2.22899240732e-10],
        "max": [0.660437941551, 12.5230836868, 50.8630752563, 98.3214416504, 349.01071167, 349.515258789, 668.551452637, 614.159423828, 1042.70715332, 1023.10247803, 980.78692627, 361.959442139, 299.292907715, 228.185150146, 330.323486328, 146.377151489, 20.1166801453, 7.81732749939, 4.96516275406, 1.12934470177, 1.23299312592, 1.10589623451, 1.31392228603, 1.13406848907, 0.305119216442, 0.0473168008029, 0.026977268979, 0.0282992683351, 0.0105451308191, 0.00637543806806, 0.00563922477886, 0.00248658237979, 0.0011950902408, 0.000680896569975, 0.00029454313335, 0.00015121071192, 6.18689955445e-05, 1.52938464453e-05, 6.33844465483e-05, 0.000153838234837],
        "mean": [0.0314696095884, 0.87139493227, 4.35944652557, 8.60981655121, 28.0531711578, 40.6610221863, 55.5744171143, 56.2689704895, 61.0383720398, 49.538433075, 15.4024219513, 5.96436023712, 7.96716308594, 5.97236061096, 2.85468578339, 1.06670892239, 0.41602319479, 0.230561256409, 0.0983895733953, 0.0612087212503, 0.0463980399072, 0.0320161171257, 0.0275962185115, 0.0133505593985, 0.00773197878152, 0.00491232704371, 0.0031707463786, 0.00218454562128, 0.00133236998226, 0.000855163030792, 0.000525594281498, 0.000314813427394, 0.000180282586371, 9.97769020614e-05, 5.37667110621e-05, 2.91872456728e-05, 1.41747668749e-05, 2.32580464399e-06, 1.66624849953e-05, 3.97638505092e-05],
        "median": [0.0115133021027, 0.429153382778, 2.35539603233, 5.78163528442, 18.26537323, 31.0384864807, 36.4905853271, 35.412109375, 36.5027313232, 18.3505268097, 5.32158613205, 2.00939416885, 2.1798620224, 1.52733635902, 0.585879504681, 0.365900993347, 0.179707571864, 0.106958068907, 0.050077997148, 0.0382085926831, 0.0269021894783, 0.018847392872, 0.0138151925057, 0.00792197789997, 0.00469598080963, 0.00306159700267, 0.00198307912797, 0.00135283358395, 0.000839145970531, 0.00053279713029, 0.000319075537845, 0.000193284184206, 0.000116003320727, 7.06369901309e-05, 4.29736101069e-05, 2.55965023825e-05, 1.293648711e-05, 2.00959675567e-06, 1.53857763507e-05, 3.66965177818e-05],
        "min": [9.15149963082e-23, 8.62895589528e-22, 1.74203227262e-21, 5.61239703016e-21, 1.82721192321e-20, 3.94211403229e-20, 2.82799803617e-20, 3.70918708038e-20, 1.22405398639e-19, 1.74480334383e-19, 1.51729364944e-19, 3.23907823703e-19, 3.64463196667e-19, 4.22962391864e-19, 9.61328214804e-19, 1.12165070677e-18, 1.74672917539e-18, 1.87619824409e-18, 2.35499829998e-18, 2.76618854171e-18, 3.20744390358e-18, 3.51397697946e-18, 5.09079043573e-18, 6.33651161693e-18, 7.56774307535e-18, 6.7105982587e-18, 9.57860260085e-18, 1.00978420693e-17, 1.18743629817e-17, 1.10236209565e-17, 1.10362197444e-17, 1.11207394051e-17, 1.08220395228e-17, 8.38838482516e-18, 6.24011322912e-18, 4.37033680171e-18, 2.42543004081e-18, 9.30801734683e-19, 2.51757253267e-19, 2.68025840889e-20],
        "var": [0.00352230807766, 1.5834274292, 32.9840011597, 83.1287384033, 963.376281738, 1348.19458008, 3399.35351562, 3854.87451172, 5660.73144531, 6083.83203125, 1521.67871094, 155.568572998, 286.524841309, 177.481460571, 93.4943237305, 17.5084056854, 0.478906661272, 0.145413026214, 0.0358923338354, 0.00589140690863, 0.00429805135354, 0.0020769147668, 0.00257821939886, 0.000517770065926, 9.82098645181e-05, 2.62335506704e-05, 1.01194527815e-05, 4.91667560709e-06, 1.58002387707e-06, 6.56536712995e-07, 2.50659667245e-07, 8.95192115991e-08, 2.73873848045e-08, 6.92693502558e-09, 1.46726730765e-09, 3.20111243068e-10, 6.36957361855e-11, 2.48901658832e-12, 7.63565322082e-11, 4.37589325886e-10]
    },
    "gfcc": {
        "mean": [-213.398788452, 248.887237549, -43.7488365173, -17.4506530762, -47.9634513855, -32.2636413574, -25.2131137848, -21.8513069153, -12.8435907364, -17.5553627014, -2.5962395668, -10.0308885574, -0.878739476204],
        "cov": [[9042.07128906, 1701.13769531, -731.808227539, -205.748168945, -571.727294922, -263.545166016, -161.423782349, -127.532142639, -77.4030151367, -161.715499878, 26.2677650452, -58.5406608582, -12.3503484726], [1701.13769531, 644.768188477, -51.2517776489, -115.333358765, -36.7609825134, -59.7858543396, 6.64468622208, -7.44384336472, 5.47612333298, -16.1601581573, 9.93441772461, -3.40984249115, 3.64018893242], [-731.808227539, -51.2517776489, 482.367980957, 271.740386963, 198.955291748, 37.8434028625, -26.2425003052, -47.4649848938, -7.56015443802, 6.31523227692, -30.632478714, -22.1485118866, 34.9298858643], [-205.748168945, -115.333358765, 271.740386963, 327.655761719, 141.466140747, 71.2715530396, -10.9292182922, -26.8219890594, -1.17446219921, -1.36537432671, -20.792098999, -30.0930976868, 27.6338329315], [-571.727294922, -36.7609825134, 198.955291748, 141.466140747, 175.633331299, 73.8503036499, 33.2832145691, 3.71728134155, 10.9788532257, 13.817284584, -4.63519334793, -3.18103456497, 18.0349330902], [-263.545166016, -59.7858543396, 37.8434028625, 71.2715530396, 73.8503036499, 108.614532471, 70.0555038452, 40.2388267517, 23.2200889587, 20.4736919403, 9.61196517944, 4.54022884369, 5.19923734665], [-161.423782349, 6.64468622208, -26.2425003052, -10.9292182922, 33.2832145691, 70.0555038452, 108.178688049, 81.5606842041, 38.0107688904, 24.862247467, 18.1725082397, 11.8591794968, 1.1486440897], [-127.532142639, -7.44384336472, -47.4649848938, -26.8219890594, 3.71728134155, 40.2388267517, 81.5606842041, 109.692245483, 68.4370040894, 29.0207843781, 13.2421388626, 9.89336109161, -0.3787509799], [-77.4030151367, 5.47612333298, -7.56015443802, -1.17446219921, 10.9788532257, 23.2200889587, 38.0107688904, 68.4370040894, 92.1058044434, 64.679977417, 18.0863494873, -3.71776103973, -9.3542842865], [-161.715499878, -16.1601581573, 6.31523227692, -1.36537432671, 13.817284584, 20.4736919403, 24.862247467, 29.0207843781, 64.679977417, 108.094894409, 66.0932006836, 5.07073640823, -26.9185752869], [26.2677650452, 9.93441772461, -30.632478714, -20.792098999, -4.63519334793, 9.61196517944, 18.1725082397, 13.2421388626, 18.0863494873, 66.0932006836, 93.5061187744, 45.1726493835, -13.5798015594], [-58.5406608582, -3.40984249115, -22.1485118866, -30.0930976868, -3.18103456497, 4.54022884369, 11.8591794968, 9.89336109161, -3.71776103973, 5.07073640823, 45.1726493835, 69.5083312988, 29.8619823456], [-12.3503484726, 3.64018893242, 34.9298858643, 27.6338329315, 18.0349330902, 5.19923734665, 1.1486440897, -0.3787509799, -9.3542842865, -26.9185752869, -13.5798015594, 29.8619823456, 62.8138656616]],
        "icov": [[0.000664397957735, -0.0018749749288, 0.0010110453004, -0.00178550777491, 0.00217408314347, -0.000675901013892, 0.000666425388772, 0.00040448809159, -0.000494050735142, 0.00113430595957, -0.00122230744455, 0.000829630880617, -0.00036158785224], [-0.0018749749288, 0.00751530798152, -0.00331881432794, 0.00634046690539, -0.00637339241803, 0.00360075361095, -0.00487982202321, 0.00250331545249, -0.00306368013844, 0.00154731411021, -0.00133305799682, 0.0013811403187, -0.000849761127029], [0.0010110453004, -0.00331881432794, 0.00823012832552, -0.00680192932487, -0.00255800178275, 0.00290172826499, 0.00169128843118, -0.00022213414195, 0.00258651073091, -0.00395536469296, 0.00388597068377, -0.00223663146608, -0.000137601455208], [-0.00178550777491, 0.00634046690539, -0.00680192932487, 0.0146025074646, -0.00660278135911, -0.00449482863769, 0.00166949187405, 0.000701831653714, -0.00382123119198, 0.00512370606884, -0.00767992250621, 0.0093955276534, -0.00561896897852], [0.00217408314347, -0.00637339241803, -0.00255800178275, -0.00660278135911, 0.0238521043211, -0.00974122434855, -0.00150360760745, 0.00483081722632, -0.00394347310066, 0.00454959692433, -0.00376536860131, 0.00148309639189, -0.00101802905556], [-0.000675901013892, 0.00360075361095, 0.00290172826499, -0.00449482863769, -0.00974122434855, 0.0300877224654, -0.0216299649328, 0.00716379471123, -0.00258368719369, -0.00233391509391, 0.00447065429762, -0.00524987932295, 0.00284480187111], [0.000666425388772, -0.00487982202321, 0.00169128843118, 0.00166949187405, -0.00150360760745, -0.0216299649328, 0.0482604503632, -0.0376491397619, 0.0226962361485, -0.0124214719981, 0.00289738038555, 0.00115501310211, -0.00201452779584], [0.00040448809159, 0.00250331545249, -0.00022213414195, 0.000701831653714, 0.00483081722632, 0.00716379471123, -0.0376491397619, 0.0586139857769, -0.0481918901205, 0.0303172059357, -0.016527986154, 0.00506426068023, -0.001354105887], [-0.000494050735142, -0.00306368013844, 0.00258651073091, -0.00382123119198, -0.00394347310066, -0.00258368719369, 0.0226962361485, -0.0481918901205, 0.0695718973875, -0.0551202334464, 0.0364734865725, -0.0156923122704, 0.00304827070795], [0.00113430595957, 0.00154731411021, -0.00395536469296, 0.00512370606884, 0.00454959692433, -0.00233391509391, -0.0124214719981, 0.0303172059357, -0.0551202334464, 0.0722981616855, -0.0597414411604, 0.0336652807891, -0.00677004829049], [-0.00122230744455, -0.00133305799682, 0.00388597068377, -0.00767992250621, -0.00376536860131, 0.00447065429762, 0.00289738038555, -0.016527986154, 0.0364734865725, -0.0597414411604, 0.078734010458, -0.0577905103564, 0.025938257575], [0.000829630880617, 0.0013811403187, -0.00223663146608, 0.0093955276534, 0.00148309639189, -0.00524987932295, 0.00115501310211, 0.00506426068023, -0.0156923122704, 0.0336652807891, -0.0577905103564, 0.067400701344, -0.0352346152067], [-0.00036158785224, -0.000849761127029, -0.000137601455208, -0.00561896897852, -0.00101802905556, 0.00284480187111, -0.00201452779584, -0.001354105887, 0.00304827070795, -0.00677004829049, 0.025938257575, -0.0352346152067, 0.0384431704879]]
    },
    "melbands": {
        "dmean": [0.000114204623969, 0.00037726960727, 0.000855238700751, 0.000785898650065, 0.000658573873807, 0.000469262158731, 0.000367774307961, 0.000229054377996, 7.72514322307e-05, 3.50100854121e-05, 4.02441401093e-05, 2.33424379985e-05, 1.31318001877e-05, 3.22190226143e-06, 1.03497063719e-06, 7.09339417426e-07, 2.64469974809e-07, 1.17643011777e-07, 8.78574510921e-08, 4.00282900159e-08, 4.57424995659e-08, 2.77506480018e-08, 2.21600711114e-08, 1.46705669835e-08, 6.63268817647e-09, 3.33078142845e-09, 2.15107132107e-09, 1.48321299687e-09, 9.77907199662e-10, 6.96061874805e-10, 5.19533693843e-10, 3.1933522493e-10, 2.22260793104e-10, 1.6115385415e-10, 1.1365824254e-10, 7.62279267486e-11, 5.65561486532e-11, 4.0489771258e-11, 2.96267455013e-11, 2.26012802224e-11],
        "dmean2": [0.000125289487187, 0.000406053528422, 0.00134716881439, 0.00112411356531, 0.000827838142868, 0.000588824681472, 0.000462079857243, 0.000313328113407, 0.000122105600894, 5.88939547015e-05, 6.79151780787e-05, 3.99224409193e-05, 2.22559283429e-05, 5.41609142601e-06, 1.71468695953e-06, 1.1428628568e-06, 4.40015213599e-07, 2.00594172384e-07, 1.50576624947e-07, 6.92154387139e-08, 7.87669591773e-08, 4.79769326489e-08, 3.86728942203e-08, 2.5530084713e-08, 1.15837623937e-08, 5.77526160228e-09, 3.72298725182e-09, 2.5807500581e-09, 1.68829761282e-09, 1.19265641807e-09, 8.91568319172e-10, 5.43054934354e-10, 3.76253112e-10, 2.72516398336e-10, 1.92203114535e-10, 1.28683660949e-10, 9.5737237582e-11, 6.89490756156e-11, 5.1008308688e-11, 3.91645743614e-11],
        "dvar": [4.57388225072e-08, 3.6276821902e-07, 2.70363534582e-06, 1.04559626379e-06, 6.48669356451e-07, 3.22339843706e-07, 2.45770138463e-07, 1.40378560332e-07, 2.94779383125e-08, 5.6874402965e-09, 7.30543447958e-09, 2.88783597036e-09, 1.47925005578e-09, 1.98276201013e-10, 3.47760882591e-11, 1.81913967397e-12, 4.05182804626e-13, 6.41335942686e-14, 2.55913014033e-14, 8.55686320547e-15, 8.09033948098e-15, 3.61585236172e-15, 2.93953466982e-15, 1.65548280261e-15, 4.93494577021e-16, 6.55571141869e-17, 1.33102161761e-17, 5.38283606357e-18, 2.2164918695e-18, 1.1508072724e-18, 6.75254003807e-19, 2.15375523482e-19, 1.07115378606e-19, 5.50344070294e-20, 2.67430723213e-20, 1.21079991957e-20, 6.35771705433e-21, 2.87854369914e-21, 1.4809576327e-21, 7.99045415052e-22],
        "dvar2": [7.3968934089e-08, 5.88326372508e-07, 9.68427593762e-06, 2.86395493276e-06, 1.2366615465e-06, 5.40903613455e-07, 3.96327976659e-07, 2.48667959113e-07, 6.2943755097e-08, 1.51690411343e-08, 1.9252651029e-08, 7.71875274808e-09, 3.92834076379e-09, 5.46340250818e-10, 9.72500899254e-11, 4.45894710044e-12, 1.03914880173e-12, 1.73090491593e-13, 6.97009792006e-14, 2.43003334062e-14, 2.21492610494e-14, 1.00521956888e-14, 8.32193184128e-15, 4.63404102146e-15, 1.41409344747e-15, 1.91043556398e-16, 3.78468118206e-17, 1.62469902465e-17, 6.56273517471e-18, 3.29463721874e-18, 1.95235738348e-18, 6.03377540346e-19, 2.95782287009e-19, 1.53591542374e-19, 7.41555011445e-20, 3.31304349956e-20, 1.74728559652e-20, 7.89704403264e-21, 4.20728091403e-21, 2.30830364098e-21],
        "max": [0.0100545929745, 0.021559137851, 0.0227829031646, 0.0206474587321, 0.0184354074299, 0.013808157295, 0.0134140299633, 0.009426494129, 0.00734348315746, 0.00202339049429, 0.0015235041501, 0.000839540327433, 0.00100628531072, 0.000495089334436, 0.000266432180069, 2.39437267737e-05, 1.79865764949e-05, 7.36164656701e-06, 3.88734497392e-06, 2.68049825536e-06, 1.57307817972e-06, 1.2671737295e-06, 1.17321098969e-06, 1.17203353511e-06, 1.08505003027e-06, 2.50249286182e-07, 1.35717996841e-07, 4.05110860413e-08, 2.6097669803e-08, 2.78900884609e-08, 1.94725391367e-08, 7.93133381194e-09, 5.55252333001e-09, 4.13134904065e-09, 3.89749565954e-09, 2.09601735968e-09, 1.59254542886e-09, 9.15442610605e-10, 9.57477319652e-10, 7.01019575722e-10],
        "mean": [0.000547941075638, 0.00191237276886, 0.00213750591502, 0.00246253609657, 0.00197699968703, 0.0013145810226, 0.000969045504462, 0.000463226926513, 0.000101779958641, 3.48679786839e-05, 3.87606123695e-05, 2.30456807913e-05, 1.27507637444e-05, 3.54382086698e-06, 1.26273016576e-06, 9.49027992192e-07, 3.3960080259e-07, 1.48156686919e-07, 1.1544646128e-07, 5.4709303754e-08, 5.66165354599e-08, 3.62231382667e-08, 2.78845710966e-08, 1.83875137338e-08, 1.01463859536e-08, 6.3621379276e-09, 4.18022461091e-09, 3.08117731329e-09, 2.12295980795e-09, 1.50484025241e-09, 1.17722276372e-09, 7.69375008147e-10, 5.80711423392e-10, 4.19474538438e-10, 3.11388109742e-10, 2.20270315876e-10, 1.65697761068e-10, 1.20325929776e-10, 8.48581760415e-11, 6.22956963792e-11],
        "median": [0.000249899923801, 0.0010826572543, 0.00144490413368, 0.00192934065126, 0.00139772216789, 0.000854929501656, 0.000574005942326, 0.000166252197232, 2.68217208941e-05, 1.08631047624e-05, 1.00352708614e-05, 5.56072473046e-06, 2.08830124393e-06, 9.96246058094e-07, 3.73840236989e-07, 2.84586093358e-07, 1.32513207518e-07, 6.54235705611e-08, 6.11646555626e-08, 3.18212762807e-08, 2.9228740317e-08, 1.93846076968e-08, 1.42446578977e-08, 9.14863829138e-09, 5.6946425353e-09, 3.66456442968e-09, 2.54655563303e-09, 1.84202131326e-09, 1.29929700332e-09, 9.21462073311e-10, 7.06803171546e-10, 4.70451899659e-10, 3.60558999324e-10, 2.53945142692e-10, 1.83917811536e-10, 1.27250918136e-10, 9.67392208007e-11, 7.13949802056e-11, 5.15419616709e-11, 3.95600739667e-11],
        "min": [1.06351209849e-24, 1.63601409539e-24, 1.61210076312e-24, 1.42398031419e-24, 9.9351272328e-25, 8.04634573451e-25, 2.25212215376e-24, 1.68204136819e-24, 8.56309597301e-25, 1.96404277295e-24, 1.57668475417e-24, 1.23010374445e-24, 2.03319096724e-24, 2.21368865324e-24, 2.69036199674e-24, 2.6216380124e-24, 2.82335270409e-24, 2.91505029015e-24, 2.92401845535e-24, 2.94988382392e-24, 3.29104092188e-24, 3.53300309975e-24, 3.39946906444e-24, 4.20180529165e-24, 3.8664703816e-24, 4.34609268438e-24, 3.69500120866e-24, 3.85157471556e-24, 5.32606855452e-24, 4.65189500872e-24, 5.13614634729e-24, 5.92101837734e-24, 5.1221606323e-24, 5.72638193734e-24, 5.48099965302e-24, 5.46784224198e-24, 5.74723113663e-24, 5.96099469258e-24, 6.91399349191e-24, 6.15056230683e-24],
        "var": [8.63124284933e-07, 5.57963721803e-06, 5.05376829096e-06, 4.69053611596e-06, 3.53675500264e-06, 1.92589118342e-06, 1.36010385177e-06, 5.61699209811e-07, 8.46917274089e-08, 5.66285152104e-09, 6.99956714811e-09, 2.74568767722e-09, 1.39692268863e-09, 1.80358755708e-10, 2.98431591939e-11, 2.79906154678e-12, 5.40450930536e-13, 8.7327145298e-14, 3.2820930896e-14, 8.12824589943e-15, 7.81612696386e-15, 3.42625885956e-15, 2.52472273028e-15, 1.34034260639e-15, 4.1521128911e-16, 7.88687332614e-17, 2.3311013416e-17, 1.19291057946e-17, 5.21754966075e-18, 2.54349911311e-18, 1.61714450819e-18, 5.80036571411e-19, 3.32169884607e-19, 1.73622625635e-19, 9.58586977028e-20, 4.94746320956e-20, 2.83931037729e-20, 1.47429353772e-20, 7.21135088671e-21, 3.63240815976e-21]
    },
    "mfcc": {
        "mean": [-859.77923584, 262.375762939, 71.6996841431, 13.3585300446, 2.79312181473, -10.8645114899, -10.0527057648, -7.34557962418, -9.85776042938, -11.516204834, -8.21167564392, -4.33495807648, -2.63741493225],
        "cov": [[1801.07019043, 1116.96520996, -305.442687988, -132.289703369, -185.842422485, -233.100753784, -17.771572113, 1.41973805428, -27.3976573944, -43.2454528809, -3.68198490143, 45.2344436646, 32.0294952393], [1116.96520996, 905.893737793, 49.1035499573, -66.9481124878, -59.4894371033, -93.564781189, -28.1547546387, 4.86192941666, -17.5561389923, -30.3949317932, -6.99290180206, 15.6711950302, 12.6433124542], [-305.442687988, 49.1035499573, 398.88659668, 167.319366455, 153.95173645, 138.59413147, 7.05346441269, -8.50098514557, 9.49528598785, 16.4223499298, -6.81396913528, -28.7271709442, -20.0770893097], [-132.289703369, -66.9481124878, 167.319366455, 246.316604614, 161.586624146, 101.101333618, 40.6538543701, -14.0845317841, 10.159204483, 27.0843658447, -3.78139829636, -21.0033988953, -18.2488040924], [-185.842422485, -59.4894371033, 153.95173645, 161.586624146, 172.416061401, 120.858268738, 27.3784294128, -0.404168993235, 11.9960613251, 22.4047870636, 0.956290185452, -19.0978889465, -16.5969295502], [-233.100753784, -93.564781189, 138.59413147, 101.101333618, 120.858268738, 140.099975586, 57.3220901489, 4.20349693298, 11.4141235352, 22.9362678528, 10.2019205093, -1.60545444489, 0.754984736443], [-17.771572113, -28.1547546387, 7.05346441269, 40.6538543701, 27.3784294128, 57.3220901489, 87.939704895, 46.2482376099, 11.0895729065, 11.404718399, 12.6251764297, 14.6102075577, 17.6113433838], [1.41973805428, 4.86192941666, -8.50098514557, -14.0845317841, -0.404168993235, 4.20349693298, 46.2482376099, 88.7161865234, 56.8494758606, 13.9088077545, 3.59026789665, 0.755039393902, 2.00760960579], [-27.3976573944, -17.5561389923, 9.49528598785, 10.159204483, 11.9960613251, 11.4141235352, 11.0895729065, 56.8494758606, 96.9172821045, 66.2547683716, 15.0998878479, -7.09319877625, -11.1903581619], [-43.2454528809, -30.3949317932, 16.4223499298, 27.0843658447, 22.4047870636, 22.9362678528, 11.404718399, 13.9088077545, 66.2547683716, 102.614494324, 64.1889266968, 15.2218227386, 1.92859005928], [-3.68198490143, -6.99290180206, -6.81396913528, -3.78139829636, 0.956290185452, 10.2019205093, 12.6251764297, 3.59026789665, 15.0998878479, 64.1889266968, 93.5351333618, 65.8940429688, 31.2243061066], [45.2344436646, 15.6711950302, -28.7271709442, -21.0033988953, -19.0978889465, -1.60545444489, 14.6102075577, 0.755039393902, -7.09319877625, 15.2218227386, 65.8940429688, 96.4235610962, 71.0707702637], [32.0294952393, 12.6433124542, -20.0770893097, -18.2488040924, -16.5969295502, 0.754984736443, 17.6113433838, 2.00760960579, -11.1903581619, 1.92859005928, 31.2243061066, 71.0707702637, 88.9306640625]],
