{
"lowlevel": {
    "average_loudness": 0.824653089046,
    "barkbands_crest": {
        "dmean": 1.54823505878,
        "dmean2": 2.34946322441,
        "dvar": 1.9575304985,
        "dvar2": 4.9425535202,
        "max": 23.4699821472,
        "mean": 10.1606206894,
        "median": 9.5801153183,
        "min": 3.62013149261,
        "var": 10.2503271103
    },
    "barkbands_flatness_db": {
        "dmean": 0.0121021401137,
        "dmean2": 0.0185327921063,
        "dvar": 9.59279423114e-05,
        "dvar2": 0.000236968233366,
        "max": 0.513605892658,
        "mean": 0.326407074928,
        "median": 0.321077555418,
        "min": 0.0525599941611,
        "var": 0.00331517728046
    },
    "barkbands_kurtosis": {
        "dmean": 1.83523178101,
        "dmean2": 2.84490180016,
        "dvar": 4.93540048599,
        "dvar2": 11.7533855438,
        "max": 69.6578674316,
        "mean": 4.10314273834,
        "median": 2.70087814331,
        "min": -1.8009622097,
        "var": 27.5825767517
    },
    "barkbands_skewness": {
        "dmean": 0.349229693413,
        "dmean2": 0.525485217571,
        "dvar": 0.096093557775,
        "dvar2": 0.236769586802,
        "max": 7.1099190712,
        "mean": 1.09570550919,
        "median": 1.05816936493,
        "min": -3.3612537384,
        "var": 0.795048415661
    },
    "barkbands_spread": {
        "dmean": 1.1250821352,
        "dmean2": 1.76960837841,
        "dvar": 2.5767056942,
        "dvar2": 7.15007257462,
        "max": 95.2844161987,
        "mean": 6.02023601532,
        "median": 4.89531612396,
        "min": 0.516098797321,
        "var": 16.7209739685
    },
    "dissonance": {
        "dmean": 0.0411217324436,
        "dmean2": 0.0684261992574,
        "dvar": 0.00122173212003,
        "dvar2": 0.00319721759297,
        "max": 0.500000119209,
        "mean": 0.370523989201,
        "median": 0.375866115093,
        "min": 0.141114532948,
        "var": 0.00416847411543
    },
    "dynamic_complexity": 3.07623362541,
    "erbbands_crest": {
        "dmean": 2.60870313644,
        "dmean2": 4.00619697571,
        "dvar": 6.28731107712,
        "dvar2": 16.6409759521,
        "max": 32.3323936462,
        "mean": 13.4298582077,
        "median": 12.79728508,
        "min": 2.72199940681,
        "var": 20.1565551758
    },
    "erbbands_flatness_db": {
        "dmean": 0.0125981373712,
        "dmean2": 0.0184079837054,
        "dvar": 0.000122455210658,
        "dvar2": 0.000299492530758,
        "max": 0.473677664995,
        "mean": 0.331597059965,
        "median": 0.328546404839,
        "min": 0.0367293022573,
        "var": 0.00173862162046
    },
    "erbbands_kurtosis": {
        "dmean": 1.5772446394,
        "dmean2": 2.46130394936,
        "dvar": 3.53219389915,
        "dvar2": 8.2491607666,
        "max": 46.1365814209,
        "mean": 2.80995988846,
        "median": 1.34337043762,
        "min": -1.77115058899,
        "var": 18.8753261566
    },
    "erbbands_skewness": {
        "dmean": 0.398848950863,
        "dmean2": 0.615663349628,
        "dvar": 0.115178667009,
        "dvar2": 0.283816874027,
        "max": 5.19086313248,
        "mean": 0.834072053432,
        "median": 0.822828114033,
        "min": -4.48845243454,
        "var": 1.06154751778
    },
    "erbbands_spread": {
        "dmean": 2.47564053535,
        "dmean2": 3.75529551506,
        "dvar": 5.88976097107,
        "dvar2": 14.2798013687,
        "max": 92.6365966797,
        "mean": 12.7678995132,
        "median": 12.3450603485,
        "min": 1.42057478428,
        "var": 37.3296890259
    },
    "hfc": {
        "dmean": 2.44460868835,
        "dmean2": 3.53983664513,
        "dvar": 14.5860977173,
        "dvar2": 35.0721817017,
        "max": 119.592849731,
        "mean": 12.1773023605,
        "median": 10.8952388763,
        "min": 1.0359922335e-16,
        "var": 85.1501464844
    },
    "melbands_crest": {
        "dmean": 1.7240190506,
        "dmean2": 2.58307385445,
        "dvar": 2.34708118439,
        "dvar2": 5.58167123795,
        "max": 28.7160720825,
        "mean": 12.5202760696,
        "median": 12.0292835236,
        "min": 1.6136174202,
        "var": 12.8869276047
    },
    "melbands_flatness_db": {
        "dmean": 0.0122876949608,
        "dmean2": 0.0188221223652,
        "dvar": 0.000106139064883,
        "dvar2": 0.000261078501353,
        "max": 0.654774487019,
        "mean": 0.425653904676,
        "median": 0.420360267162,
        "min": 0.00371223827824,
        "var": 0.00562523491681
    },
    "melbands_kurtosis": {
        "dmean": 2.20477962494,
        "dmean2": 3.3278427124,
        "dvar": 8.25430965424,
        "dvar2": 18.7208881378,
        "max": 91.2158355713,
        "mean": 5.22315740585,
        "median": 3.53370285034,
        "min": -1.85904633999,
        "var": 42.0550804138
    },
    "melbands_skewness": {
        "dmean": 0.352878093719,
        "dmean2": 0.517250418663,
        "dvar": 0.102375768125,
        "dvar2": 0.239722251892,
        "max": 7.61088228226,
        "mean": 1.36377954483,
        "median": 1.28920209408,
        "min": -1.30844628811,
        "var": 0.796865403652
    },
    "melbands_spread": {
        "dmean": 1.76274657249,
        "dmean2": 2.77576375008,
        "dvar": 8.08710384369,
        "dvar2": 19.7634925842,
        "max": 162.006515503,
        "mean": 8.9351234436,
        "median": 6.47884988785,
        "min": 0.719619631767,
        "var": 134.709686279
    },
    "pitch_salience": {
        "dmean": 0.0475289598107,
        "dmean2": 0.0743225589395,
        "dvar": 0.00152939651161,
        "dvar2": 0.00381782487966,
        "max": 0.934866786003,
        "mean": 0.54199308157,
        "median": 0.545103728771,
        "min": 0.0866234973073,
        "var": 0.0104762474075
    },
    "silence_rate_20dB": {
        "dmean": 0,
        "dmean2": 0,
        "dvar": 0,
        "dvar2": 0,
        "max": 1,
        "mean": 1,
        "median": 1,
        "min": 1,
        "var": 0
    },
    "silence_rate_30dB": {
        "dmean": 0.000461254618131,
        "dmean2": 0.000922580133192,
        "dvar": 0.00046102021588,
        "dvar2": 0.00107550492976,
        "max": 1,
        "mean": 0.999461889267,
        "median": 1,
        "min": 0,
        "var": 0.000537818006705
    },
    "silence_rate_60dB": {
        "dmean": 0.0107626076788,
        "dmean2": 0.0215268693864,
        "dvar": 0.0106467846781,
        "dvar2": 0.0247512143105,
        "max": 1,
        "mean": 0.0645706802607,
        "median": 0,
        "min": 0,
        "var": 0.0603987053037
    },
    "spectral_centroid": {
        "dmean": 42.9283866882,
        "dmean2": 67.9139862061,
        "dvar": 12685.9306641,
        "dvar2": 27932.3007812,
        "max": 11852.9199219,
        "mean": 520.706726074,
        "median": 418.320800781,
        "min": 148.651077271,
        "var": 739394.75
    },
    "spectral_complexity": {
        "dmean": 1.23093485832,
        "dmean2": 2.1054816246,
        "dvar": 1.24910116196,
        "dvar2": 3.35430932045,
        "max": 22,
        "mean": 9.712890625,
        "median": 10,
        "min": 0,
        "var": 10.3236751556
    },
    "spectral_decrease": {
        "dmean": 1.22662557889e-09,
        "dmean2": 1.71779646063e-09,
        "dvar": 1.63266996451e-18,
        "dvar2": 3.45412136315e-18,
        "max": 1.99545528992e-21,
        "mean": -8.15852185809e-09,
        "median": -8.14398060101e-09,
        "min": -2.93721704736e-08,
        "var": 2.4132526187e-17
    },
    "spectral_energy": {
        "dmean": 0.00482575781643,
        "dmean2": 0.00676518073305,
        "dvar": 2.57048359344e-05,
        "dvar2": 5.45710972801e-05,
        "max": 0.119487255812,
        "mean": 0.0318965986371,
        "median": 0.0317843221128,
        "min": 9.85076143675e-21,
        "var": 0.000369517336367
    },
    "spectral_energyband_high": {
        "dmean": 1.11100530376e-06,
        "dmean2": 1.9427038751e-06,
        "dvar": 1.7951334863e-11,
        "dvar2": 5.4546391709e-11,
        "max": 9.41068792599e-05,
        "mean": 2.35976949625e-06,
        "median": 7.91865375049e-07,
        "min": 7.03893623558e-21,
        "var": 3.18996704052e-11
    },
    "spectral_energyband_low": {
        "dmean": 0.00138715468347,
        "dmean2": 0.00196891347878,
        "dvar": 4.65670154881e-06,
        "dvar2": 1.22676810861e-05,
        "max": 0.0750747323036,
        "mean": 0.00797658506781,
        "median": 0.00558599922806,
        "min": 1.08929605662e-23,
        "var": 7.65255390434e-05
    },
    "spectral_energyband_middle_high": {
        "dmean": 0.00137853634078,
        "dmean2": 0.00225277151912,
        "dvar": 8.882900147e-06,
        "dvar2": 2.2514777811e-05,
        "max": 0.0786681100726,
        "mean": 0.00288585620001,
        "median": 0.00110399292316,
        "min": 1.19439983204e-21,
        "var": 2.49940476351e-05
    },
    "spectral_energyband_middle_low": {
        "dmean": 0.00379276508465,
        "dmean2": 0.00485926307738,
        "dvar": 1.77762558451e-05,
        "dvar2": 3.36709272233e-05,
        "max": 0.106776043773,
        "mean": 0.0230789836496,
        "median": 0.0216980874538,
        "min": 1.58669412505e-22,
        "var": 0.000248102995101
    },
    "spectral_entropy": {
        "dmean": 0.0945886150002,
        "dmean2": 0.140172258019,
        "dvar": 0.00607498874888,
        "dvar2": 0.0139763215557,
        "max": 9.82293605804,
        "mean": 5.84902477264,
        "median": 5.87999296188,
        "min": 4.4722533226,
        "var": 0.279239147902
    },
    "spectral_flux": {
        "dmean": 0.0115022631362,
        "dmean2": 0.0195798166096,
        "dvar": 0.000122135053971,
        "dvar2": 0.000363083789125,
        "max": 0.181103244424,
        "mean": 0.0482869707048,
        "median": 0.0477448701859,
        "min": 6.3790403515e-11,
        "var": 0.000478610454593
    },
    "spectral_kurtosis": {
        "dmean": 21.2659606934,
        "dmean2": 36.8526725769,
        "dvar": 349.29196167,
        "dvar2": 1010.80224609,
        "max": 280.42791748,
        "mean": 58.6871681213,
        "median": 49.4534492493,
        "min": -1.24502909184,
        "var": 1535.1529541
    },
    "spectral_rms": {
        "dmean": 0.000408392283134,
        "dmean2": 0.0005729853292,
        "dvar": 1.34332424295e-07,
        "dvar2": 2.9682200875e-07,
        "max": 0.0107968943194,
        "mean": 0.00523342331871,
        "median": 0.00556858116761,
        "min": 3.10008052215e-12,
        "var": 3.7297304516e-06
    },
    "spectral_rolloff": {
        "dmean": 89.5616455078,
        "dmean2": 161.554992676,
        "dvar": 74495.140625,
        "dvar2": 163342.65625,
        "max": 19487.5488281,
        "mean": 712.051147461,
        "median": 516.796875,
        "min": 107.666015625,
        "var": 2306366.5
    },
    "spectral_skewness": {
        "dmean": 1.19537043571,
        "dmean2": 2.07497048378,
        "dvar": 0.898553013802,
        "dvar2": 2.61502671242,
        "max": 14.1094274521,
        "mean": 5.12749910355,
        "median": 4.745033741,
        "min": -0.0911611393094,
        "var": 4.05705499649
    },
    "spectral_spread": {
        "dmean": 218065.140625,
        "dmean2": 379892.90625,
        "dvar": 261610373120,
        "dvar2": 623488139264,
        "max": 51300760,
        "mean": 1415140.125,
        "median": 1155182.25,
        "min": 324041.5,
        "var": 1.03102524948e+13
    },
    "spectral_strongpeak": {
        "dmean": 0.448342233896,
        "dmean2": 0.745654284954,
        "dvar": 0.712531447411,
        "dvar2": 1.74900817871,
        "max": 14.7069158554,
        "mean": 1.15568983555,
        "median": 0.827001392841,
        "min": 0,
        "var": 1.39306712151
    },
    "zerocrossingrate": {
        "dmean": 0.0022138194181,
        "dmean2": 0.00295360037126,
        "dvar": 1.53346954903e-05,
        "dvar2": 1.55406978593e-05,
        "max": 0.54248046875,
        "mean": 0.0245859678835,
        "median": 0.01953125,
        "min": 0.00537109375,
        "var": 0.00161755294539
    },
    "barkbands": {
        "dmean": [2.07316520573e-06, 0.000782720919233, 0.000695269845892, 0.000505909149069, 0.00192371639423, 0.00175807729829, 0.000844882451929, 0.000923325947952, 0.000291669362923, 0.000293539138511, 0.000352750270395, 0.000646781933028, 0.000392665038817, 3.39331636496e-05, 8.99784863577e-05, 3.85804960388e-05, 2.59492062469e-05, 8.56604492583e-06, 7.54604388931e-06, 1.11737438147e-06, 1.71599012333e-07, 7.4598560218e-08, 3.79842290954e-08, 2.47265656839e-08, 1.05063433509e-08, 4.56758852962e-09, 1.7702925792e-09],
        "dmean2": [3.14595740747e-06, 0.00120169343427, 0.000862833228894, 0.000724271638319, 0.00306862639263, 0.00173473590985, 0.000772908329964, 0.000949205597863, 0.000341978942743, 0.000454994675238, 0.000580735795666, 0.00107639993075, 0.000637685530819, 5.76518068556e-05, 0.000152415712364, 6.52308008284e-05, 4.45124496764e-05, 1.47920109157e-05, 1.31321985464e-05, 1.95172424355e-06, 2.86275394501e-07, 1.2405438099e-07, 6.52218830055e-08, 4.01858422094e-08, 1.75220105092e-08, 7.58320606309e-09, 3.03143310454e-09],
        "dvar": [2.28986569289e-11, 2.63200604422e-06, 1.49048412368e-06, 4.80333881114e-07, 7.68345398683e-06, 6.26341170573e-06, 1.47711659793e-06, 1.78228424375e-06, 7.61563285323e-07, 4.02078370598e-07, 8.54051222632e-07, 4.33976128988e-06, 4.3443587856e-06, 4.75349493101e-09, 4.36769660439e-08, 5.78023140463e-09, 2.87488433059e-09, 4.030645262e-10, 2.4229968032e-10, 1.90467294714e-11, 4.15295510654e-13, 3.14667928758e-14, 1.77165106316e-14, 9.63945686239e-15, 1.81118386958e-15, 8.12939077034e-17, 9.52878482128e-18],
        "dvar2": [5.29899700508e-11, 7.85584961704e-06, 3.26191570821e-06, 1.16455657917e-06, 2.01786442631e-05, 8.73896988196e-06, 1.32616855808e-06, 1.89077218238e-06, 8.30238036542e-07, 1.0234207366e-06, 2.25274493459e-06, 1.17387453429e-05, 1.04044265754e-05, 1.29655397529e-08, 1.17287960677e-07, 1.507370051e-08, 8.06985234192e-09, 1.16901111014e-09, 7.28537619121e-10, 5.7632381506e-11, 1.01359057866e-12, 7.89038430947e-14, 4.91296185592e-14, 1.98435001476e-14, 4.43224304508e-15, 2.05303726641e-16, 2.41840893177e-17],
        "max": [0.000666321546305, 0.0269351899624, 0.0515501201153, 0.0254230573773, 0.0494072400033, 0.0925143659115, 0.0462124496698, 0.040106471628, 0.0575007796288, 0.0183368101716, 0.0291434340179, 0.0592265613377, 0.0759246572852, 0.00223767734133, 0.00518525764346, 0.00191705033649, 0.00157678476535, 0.00031820544973, 0.000244201277383, 9.84151774901e-05, 2.84190100501e-05, 6.30795193501e-06, 4.09705080529e-06, 3.9316028051e-06, 3.025489832e-06, 5.2303295206e-07, 1.85190884849e-07],
        "mean": [9.60950092121e-06, 0.00240040756762, 0.00360152055509, 0.00298976409249, 0.00561835989356, 0.007585094776, 0.00336592574604, 0.00266726431437, 0.000669183209538, 0.000519630732015, 0.000520644185599, 0.000962675025221, 0.000634608848486, 5.44652793906e-05, 0.000156834415975, 6.67924905429e-05, 4.48227656307e-05, 1.42654307638e-05, 1.2043768038e-05, 1.90017067325e-06, 4.21710609544e-07, 2.22117193971e-07, 9.65483408777e-08, 6.81825298443e-08, 3.75468083291e-08, 1.70364451435e-08, 3.89657195399e-09],
        "median": [1.70482780959e-06, 0.00111973227467, 0.00158788380213, 0.00171779666562, 0.00372134381905, 0.00468491017818, 0.00178892689291, 0.00120078981854, 0.00011569387425, 0.000184516247828, 8.5392544861e-05, 6.32776718703e-05, 1.54965164256e-05, 2.60816759692e-05, 6.32064329693e-05, 2.88503651973e-05, 2.00151625904e-05, 3.90499508285e-06, 3.70791531168e-06, 4.77370178942e-07, 1.97095815224e-07, 1.0729827693e-07, 5.02584391882e-08, 3.1221574659e-08, 2.41651605393e-08, 1.15790754762e-08, 2.55548204819e-09],
        "min": [2.63513808489e-25, 2.91410345985e-24, 1.6475365922e-24, 2.5120087305e-25, 5.60394599168e-24, 7.47258432118e-24, 1.19603737791e-23, 8.12354208498e-24, 2.39351584692e-23, 1.85734491789e-23, 1.08794623672e-23, 2.08644479758e-23, 2.94376731201e-23, 2.33695215343e-23, 5.694148213e-23, 6.72669014511e-23, 6.60218769943e-23, 1.01113003833e-22, 1.35047559611e-22, 1.74333640484e-22, 2.06438562766e-22, 3.39108710178e-22, 4.18243828311e-22, 5.68034781722e-22, 8.86578077427e-22, 1.30612697198e-21, 1.91587651642e-21],
        "var": [1.21438548106e-09, 9.79329070105e-06, 3.20810977428e-05, 1.20729619084e-05, 3.54041912942e-05, 7.85860611359e-05, 1.72984437086e-05, 1.28653446154e-05, 4.40963003712e-06, 9.9259716535e-07, 1.88170201909e-06, 8.81894720806e-06, 1.11209501483e-05, 8.00893129593e-09, 8.81218724658e-08, 1.22591323759e-08, 5.20443776963e-09, 7.56614937369e-10, 4.1661646355e-10, 3.32876677611e-11, 1.17883827699e-12, 1.10859021615e-13, 2.5513343879e-14, 2.04821206382e-14, 3.30177423895e-15, 3.56513599931e-16, 2.23579838907e-17]
    },
    "erbbands": {
        "dmean": [0.0117351524532, 0.210466086864, 0.614612817764, 1.35079669952, 2.68110704422, 7.86133289337, 12.8394603729, 15.4120616913, 16.5302238464, 13.3707437515, 16.4041042328, 9.0587272644, 6.16705083847, 8.49082374573, 18.5205955505, 33.8318481445, 20.6439285278, 3.06925797462, 4.68976831436, 2.50841140747, 1.52565157413, 1.05051577091, 0.431155949831, 0.355109602213, 0.278926879168, 0.0786333531141, 0.0157718807459, 0.00480603752658, 0.00314110820182, 0.00167486432474, 0.000885117624421, 0.00060181732988, 0.000379266712116, 0.000168618440512, 6.82239115122e-05, 2.67512805294e-05, 7.69079997553e-06, 1.79365110853e-06, 2.34755839301e-06, 5.42167072126e-06],
        "dmean2": [0.0192937422544, 0.318717867136, 0.767521679401, 1.8700504303, 4.55931711197, 12.4792327881, 17.9145183563, 14.5538911819, 13.419137001, 13.8877716064, 17.3957328796, 10.3890180588, 9.18886375427, 13.2489881516, 30.4858760834, 56.0530128479, 33.5089149475, 5.10440587997, 7.97208738327, 4.24847269058, 2.55642580986, 1.80217039585, 0.738276600838, 0.615735530853, 0.485395342112, 0.137332543731, 0.0269712936133, 0.00804749876261, 0.00528952665627, 0.00279444735497, 0.00149983097799, 0.000993929454125, 0.000613306008745, 0.000275394966593, 0.000114763781312, 4.45075020252e-05, 1.25744709294e-05, 2.99102794088e-06, 3.30632406076e-06, 7.61315186537e-06],
        "dvar": [0.000797539891209, 0.181748569012, 1.13906705379, 3.32546114922, 17.6549110413, 153.114349365, 504.389770508, 449.331054688, 531.129089355, 428.220214844, 964.281921387, 620.783447266, 128.264694214, 481.997680664, 2079.52685547, 10979.7392578, 10388.5078125, 121.088272095, 138.101913452, 40.9010276794, 7.88958358765, 3.88101768494, 0.925949931145, 0.762088358402, 0.612440168858, 0.0818994194269, 0.00421950407326, 0.00019872726989, 6.11642099102e-05, 2.97117294394e-05, 7.4254876381e-06, 4.83536450702e-06, 4.22515449827e-06, 6.44848739739e-07, 2.92655801815e-08, 2.55614973632e-09, 2.50466425378e-10, 1.1573768853e-11, 6.64950126211e-12, 3.32980795714e-11],
        "dvar2": [0.00251831486821, 0.536827147007, 2.65398073196, 6.64676761627, 60.3290405273, 426.673675537, 952.538024902, 620.840881348, 362.470062256, 616.254333496, 1028.00927734, 684.822875977, 310.399291992, 1195.15393066, 5464.76025391, 29638.3359375, 24876.1035156, 315.856628418, 375.563079834, 103.187110901, 20.3385562897, 10.9750881195, 2.62263822556, 2.25555992126, 1.87385439873, 0.247137859464, 0.0125762186944, 0.00050907896366, 0.000159840274137, 7.71695413277e-05, 1.96937962755e-05, 1.06389607026e-05, 8.57066606841e-06, 1.47745595314e-06, 7.64050369639e-08, 6.65436861169e-09, 5.82250248016e-10, 2.9232984089e-11, 1.43194327923e-11, 7.10947758997e-11],
        "max": [0.469136893749, 7.17298746109, 35.4767570496, 84.5121078491, 80.3218994141, 263.803649902, 672.336303711, 846.48248291, 806.654296875, 734.254821777, 1037.74499512, 1669.00854492, 390.333282471, 643.752746582, 1470.89611816, 3023.71606445, 3757.66088867, 673.839477539, 318.220336914, 280.008087158, 66.6073303223, 37.5854949951, 20.7705402374, 17.5120372772, 16.0244464874, 6.8812251091, 2.51572012901, 0.530786275864, 0.335631847382, 0.237563565373, 0.087327003479, 0.121273078024, 0.0913601890206, 0.0568948797882, 0.00984182301909, 0.00242233159952, 0.000927226617932, 0.000223533425014, 6.68930806569e-05, 0.000142910444993],
        "mean": [0.0350381620228, 0.67362010479, 3.14764356613, 9.17541790009, 9.91541099548, 21.5959415436, 35.9448547363, 66.510307312, 69.5512161255, 46.3346252441, 44.6751174927, 22.0005302429, 12.3566961288, 14.9015140533, 28.9651832581, 51.4520339966, 33.0794906616, 5.57323408127, 8.03414535522, 5.30215883255, 3.21587467194, 2.02924227715, 0.879679501057, 0.608029842377, 0.448954284191, 0.13765232265, 0.0343147926033, 0.0129030756652, 0.00887247454375, 0.00462264753878, 0.00243111187592, 0.00165311340243, 0.00104142318014, 0.000528885284439, 0.000259260414168, 0.000109413158498, 3.51336166204e-05, 7.00920236341e-06, 1.56159039761e-05, 3.5584125726e-05],
        "median": [0.0120303956792, 0.346307843924, 1.70386946201, 4.77501249313, 7.00956964493, 12.2623672485, 17.6589450836, 38.2952079773, 38.015411377, 22.4324836731, 17.5267238617, 5.86306142807, 5.96773481369, 3.55806231499, 7.81256628036, 4.71973419189, 1.50527763367, 1.99009585381, 3.37139821053, 2.87348079681, 1.8124127388, 1.02974545956, 0.321433842182, 0.204302102327, 0.08819129318, 0.0301953814924, 0.0112978667021, 0.00703251035884, 0.00454624090344, 0.0024117694702, 0.00134144851472, 0.000800872163381, 0.000502751674503, 0.000308173766825, 0.000178276575753, 7.7795375546e-05, 2.88436549454e-05, 5.35378831046e-06, 1.55811430886e-05, 3.54712756234e-05],
        "min": [9.17753835158e-23, 5.7383529489e-22, 2.69686607917e-21, 3.80956375134e-21, 1.14313888807e-20, 1.61089142989e-20, 4.07011376973e-20, 6.77333548791e-20, 1.10985756692e-19, 1.05964259849e-19, 1.73354554494e-19, 4.37028107042e-19, 5.69240003261e-19, 4.67051351157e-19, 1.11381761656e-18, 9.18217422434e-19, 1.62491514626e-18, 2.02269296455e-18, 2.96356148729e-18, 2.78474489119e-18, 3.48683511561e-18, 4.27328287326e-18, 4.4071963834e-18, 7.14691493871e-18, 7.61659139924e-18, 8.73564269094e-18, 9.13148335563e-18, 9.00901843876e-18, 1.18541433788e-17, 1.04455499214e-17, 1.2529499953e-17, 1.02902211187e-17, 9.67288133835e-18, 8.57636823681e-18, 6.51065422898e-18, 4.13047179486e-18, 2.28632969464e-18, 9.55442307757e-19, 2.42596434778e-19, 2.65073452337e-20],
        "var": [0.00269397557713, 0.712987482548, 17.8025035858, 133.99079895, 100.061508179, 698.136657715, 2649.99682617, 6358.81298828, 7050.05224609, 3465.87036133, 5606.57763672, 3554.37768555, 370.884552002, 1148.56066895, 4663.18847656, 22070.6542969, 25651.4863281, 286.460998535, 271.03302002, 85.6420516968, 21.2073516846, 8.26277446747, 2.20739603043, 1.29865276814, 1.04709565639, 0.145911216736, 0.00772471120581, 0.000655763491523, 0.000172482250491, 5.55839396839e-05, 1.37855022331e-05, 9.86702525552e-06, 6.70289591653e-06, 1.05957258256e-06, 9.2249152317e-08, 1.24321468675e-08, 1.09404107995e-09, 4.64449242954e-11, 8.9330133568e-11, 4.61466392876e-10]
    },
    "gfcc": {
        "mean": [-145.39352417, 225.021728516, -109.853408813, -15.9123573303, -29.9334373474, -25.7870483398, -37.1280975342, -12.3007764816, -8.94040393829, -12.0496406555, -3.23621106148, -10.0670461655, -2.90224337578],
        "cov": [[12435.7138672, 1093.3638916, -1988.11499023, -268.668060303, -396.345367432, 25.937582016, -205.917419434, -51.4223175049, -329.822723389, -138.930160522, 94.0716171265, -91.861038208, -186.693664551], [1093.3638916, 746.87322998, 301.29586792, 78.4575805664, 120.829689026, -59.1360321045, -4.02329111099, 18.995634079, 140.526443481, 6.78748893738, -21.7597637177, -6.32815217972, 69.6055374146], [-1988.11499023, 301.29586792, 973.254943848, 232.04486084, 258.764709473, -45.7457427979, 22.5850124359, 42.1301345825, 243.232513428, 61.8241386414, -62.1404075623, 15.8226547241, 140.143447876], [-268.668060303, 78.4575805664, 232.04486084, 212.734298706, 171.903671265, 93.0980453491, 67.1533813477, 55.7422294617, 68.0716552734, 50.8698921204, 6.23047876358, -15.2262077332, 14.0048446655], [-396.345367432, 120.829689026, 258.764709473, 171.903671265, 259.689300537, 121.511985779, 36.3266410828, 42.8061256409, 92.1333084106, 39.3960342407, -5.41736793518, -0.445775330067, 46.1964569092], [25.937582016, -59.1360321045, -45.7457427979, 93.0980453491, 121.511985779, 242.590148926, 148.662918091, 39.5410766602, -9.24115371704, 58.2427177429, 41.9153404236, -30.2557029724, -54.3125114441], [-205.917419434, -4.02329111099, 22.5850124359, 67.1533813477, 36.3266410828, 148.662918091, 236.374481201, 75.8896942139, -5.36885976791, 53.566318512, 65.7840805054, -25.1251583099, -75.0678863525], [-51.4223175049, 18.995634079, 42.1301345825, 55.7422294617, 42.8061256409, 39.5410766602, 75.8896942139, 106.630195618, 57.170085907, 14.3986597061, 20.3636131287, 21.6916446686, 5.50166988373], [-329.822723389, 140.526443481, 243.232513428, 68.0716552734, 92.1333084106, -9.24115371704, -5.36885976791, 57.170085907, 159.984603882, 53.8008956909, -23.7697048187, 15.7246265411, 64.7437896729], [-138.930160522, 6.78748893738, 61.8241386414, 50.8698921204, 39.3960342407, 58.2427177429, 53.566318512, 14.3986597061, 53.8008956909, 112.74899292, 44.7609634399, -24.2605724335, -8.4455575943], [94.0716171265, -21.7597637177, -62.1404075623, 6.23047876358, -5.41736793518, 41.9153404236, 65.7840805054, 20.3636131287, -23.7697048187, 44.7609634399, 110.712226868, 39.3167877197, -27.531703949], [-91.861038208, -6.32815217972, 15.8226547241, -15.2262077332, -0.445775330067, -30.2557029724, -25.1251583099, 21.6916446686, 15.7246265411, -24.2605724335, 39.3167877197, 113.663085938, 66.6283111572], [-186.693664551, 69.6055374146, 140.143447876, 14.0048446655, 46.1964569092, -54.3125114441, -75.0678863525, 5.50166988373, 64.7437896729, -8.4455575943, -27.531703949, 66.6283111572, 129.125839233]],
        "icov": [[0.000320801220369, -0.000911072187591, 0.000832196383271, -0.000651722657494, 0.000687502673827, -0.000580231833737, 0.000785070296843, -0.000428417755757, 0.000237658736296, 1.82640778803e-05, -0.000163006217917, 0.000233839295106, -0.000166323472513], [-0.000911072187591, 0.0047727576457, -0.00196893024258, 0.00135752349161, -0.00267285155132, 0.00288556725718, -0.0038024794776, 0.00361244240776, -0.00463656289503, 0.00347413984127, -0.00259639928117, 0.00222306069918, -0.00124354078434], [0.000832196383271, -0.00196893024258, 0.0055465544574, -0.00404386408627, -0.000284537411062, 0.00191943021491, -0.00182631576899, 0.00339252781123, -0.0042151203379, 0.00176089745946, -0.000525233335793, 0.00104092492256, -0.00203425530344], [-0.000651722657494, 0.00135752349161, -0.00404386408627, 0.0155361751094, -0.00886840559542, 0.00108783796895, -0.000412090448663, -0.00669383909553, 0.00640697497874, -0.00658690650016, 0.00340200844221, -0.00126581639051, 0.00244103535078], [0.000687502673827, -0.00267285155132, -0.000284537411062, -0.00886840559542, 0.0184827726334, -0.0122027490288, 0.00692486483604, -0.000102867394162, -0.00505284871906, 0.00744569534436, -0.00649342127144, 0.0051019443199, -0.00500605069101], [-0.000580231833737, 0.00288556725718, 0.00191943021491, 0.00108783796895, -0.0122027490288, 0.0178533345461, -0.0112306056544, 0.00389769580215, 0.00122948200442, -0.00585882179439, 0.00530914729461, -0.00376891065389, 0.00266157090664], [0.000785070296843, -0.0038024794776, -0.00182631576899, -0.000412090448663, 0.00692486483604, -0.0112306056544, 0.0185775049031, -0.0133489714935, 0.00756613118574, -0.0033639438916, -0.0027016827371, 0.000968854757957, 0.00428963219747], [-0.000428417755757, 0.00361244240776, 0.00339252781123, -0.00669383909553, -0.000102867394162, 0.00389769580215, -0.0133489714935, 0.0300437100232, -0.0222881175578, 0.0149580901489, -0.00811044499278, 0.00195524888113, -0.00347157311626], [0.000237658736296, -0.00463656289503, -0.0042151203379, 0.00640697497874, -0.00505284871906, 0.00122948200442, 0.00756613118574, -0.0222881175578, 0.0376286916435, -0.0286203566939, 0.0211289580911, -0.0142407342792, 0.00551013834774], [1.82640778803e-05, 0.00347413984127, 0.00176089745946, -0.00658690650016, 0.00744569534436, -0.00585882179439, -0.0033639438916, 0.0149580901489, -0.0286203566939, 0.0415590405464, -0.031681895256, 0.0258129537106, -0.0137701369822], [-0.000163006217917, -0.00259639928117, -0.000525233335793, 0.00340200844221, -0.00649342127144, 0.00530914729461, -0.0027016827371, -0.00811044499278, 0.0211289580911, -0.031681895256, 0.0418715067208, -0.0317397378385, 0.0173351168633], [0.000233839295106, 0.00222306069918, 0.00104092492256, -0.00126581639051, 0.0051019443199, -0.00376891065389, 0.000968854757957, 0.00195524888113, -0.0142407342792, 0.0258129537106, -0.0317397378385, 0.039723675698, -0.0232193395495], [-0.000166323472513, -0.00124354078434, -0.00203425530344, 0.00244103535078, -0.00500605069101, 0.00266157090664, 0.00428963219747, -0.00347157311626, 0.00551013834774, -0.0137701369822, 0.0173351168633, -0.0232193395495, 0.0276832710952]]
    },
    "melbands": {
        "dmean": [0.000173631065991, 0.000298503699014, 0.00025178163196, 0.000322293519275, 0.000447161262855, 0.000351153110387, 0.00023362133652, 0.00015552455443, 0.000121789402328, 5.06875185238e-05, 3.0369428714e-05, 3.5846947867e-05, 4.8780500947e-05, 8.65091205924e-05, 6.20087812422e-05, 3.19738574035e-05, 3.77818264496e-06, 7.05038837623e-06, 4.93809011459e-06, 3.50277719008e-06, 1.72001057308e-06, 1.49284267081e-06, 8.47704711759e-07, 1.77049614081e-07, 3.47086370311e-07, 1.77842736093e-07, 1.17140309897e-07, 5.49211662815e-08, 1.09056523812e-08, 5.87963278065e-09, 2.23848073411e-09, 2.40618125424e-09, 1.19219933925e-09, 1.02889241571e-09, 4.80991413365e-10, 5.71985292463e-10, 4.53227150254e-10, 3.24406612684e-10, 2.21236556852e-10, 1.34386321515e-10],
        "dmean2": [0.000275540660368, 0.000398467498599, 0.00037459275336, 0.000530793215148, 0.000650480797049, 0.000327516230755, 0.000191744809854, 0.000160605108249, 0.00012977886945, 5.93996373937e-05, 4.59979892184e-05, 5.59860200156e-05, 8.04241208243e-05, 0.000143492827192, 0.000101300727692, 5.20358189533e-05, 6.38595292912e-06, 1.19747046483e-05, 8.37238894746e-06, 5.91554089624e-06, 2.8975002806e-06, 2.56602629634e-06, 1.45851197431e-06, 2.93865127787e-07, 6.05936065767e-07, 3.07897664698e-07, 2.05495055638e-07, 9.61793205079e-08, 1.87700379684e-08, 9.8381143232e-09, 3.77264086637e-09, 4.07362676924e-09, 1.99828553704e-09, 1.73266556658e-09, 8.10356504122e-10, 9.65097890493e-10, 7.60367269148e-10, 5.31083343969e-10, 3.64772323458e-10, 2.24237434177e-10],
        "dvar": [1.48673066747e-07, 2.39535381752e-07, 1.08951262234e-07, 2.15231992229e-07, 5.29272426775e-07, 2.22027182417e-07, 1.04167881432e-07, 5.55760450993e-08, 5.50507088803e-08, 2.48759111088e-08, 3.14010883962e-09, 9.61607504735e-09, 1.6323330243e-08, 5.91965054753e-08, 4.45127099624e-08, 2.88504633517e-08, 6.95999716194e-11, 3.32975452766e-10, 1.11406571468e-10, 5.39249339626e-11, 1.26698261257e-11, 8.86307693904e-12, 4.40413157332e-12, 2.47329094054e-13, 8.23141739232e-13, 2.38431263665e-13, 1.05796387005e-13, 5.22821870974e-14, 3.84922899693e-15, 5.04329822482e-16, 7.7012096598e-17, 3.50672103384e-17, 7.50926140604e-18, 1.54845679497e-17, 1.87370822365e-18, 3.51874195338e-18, 2.31290845529e-18, 3.98258679059e-18, 5.97342430597e-19, 4.38458509116e-19],
        "dvar2": [4.54052667465e-07, 6.0583136019e-07, 2.69218759286e-07, 6.08002153513e-07, 1.11820338589e-06, 2.88550978667e-07, 7.32006739668e-08, 7.29909430675e-08, 5.83900714446e-08, 2.71181690437e-08, 7.84525244768e-09, 2.39684254666e-08, 4.30007780494e-08, 1.59072840233e-07, 1.07014045625e-07, 7.26458893041e-08, 1.86771695332e-10, 8.93232321442e-10, 2.9633309695e-10, 1.37264533073e-10, 3.22383092444e-11, 2.52776306831e-11, 1.25721672656e-11, 6.34711413202e-13, 2.44766923743e-12, 7.21700097687e-13, 3.25031912192e-13, 1.57481503966e-13, 1.21618599929e-14, 1.29168797511e-15, 2.02390052417e-16, 9.07060517865e-17, 1.95506371165e-17, 4.10340280563e-17, 4.71460027367e-18, 9.26670587908e-18, 5.70718143997e-18, 8.20428089059e-18, 1.33794199674e-18, 1.05615764779e-18],
        "max": [0.00596846360713, 0.0153463454917, 0.0121277291328, 0.0134315341711, 0.0187276434153, 0.0177603121847, 0.0115201994777, 0.00912788696587, 0.00780055532232, 0.0113090006635, 0.00191405497026, 0.00287836464122, 0.00398294441402, 0.00652216374874, 0.00708734290674, 0.00927907694131, 0.000276782084256, 0.000550810596906, 0.000343966850778, 0.000183142983587, 0.000108958127385, 6.17733458057e-05, 4.96500215377e-05, 2.11129627132e-05, 1.82194307854e-05, 9.79194737738e-06, 6.64210483592e-06, 5.05299567521e-06, 2.97183601106e-06, 7.47233798393e-07, 4.31804579648e-07, 1.921138022e-07, 9.54535721576e-08, 1.66109643374e-07, 4.97635568308e-08, 6.97587125842e-08, 6.54611511663e-08, 9.18529181604e-08, 3.39398908977e-08, 4.71687719994e-08],
        "mean": [0.000499994843267, 0.00148235738743, 0.00154897489119, 0.00106775877066, 0.00124981917907, 0.00152477668598, 0.000980065320618, 0.000514426850714, 0.000321441038977, 0.000118351876154, 5.79124534852e-05, 5.85019843129e-05, 7.33852139092e-05, 0.000129898704472, 9.54033093876e-05, 5.04015988554e-05, 5.98069073021e-06, 1.18544539873e-05, 9.11643928703e-06, 6.38910569251e-06, 3.33261959895e-06, 2.45722389991e-06, 1.42021769989e-06, 3.86619234405e-07, 5.26916437593e-07, 2.96002269806e-07, 1.76539217023e-07, 8.54125872252e-08, 2.05259382824e-08, 1.27185835197e-08, 5.59630297658e-09, 5.71482328127e-09, 3.23827675786e-09, 2.27258478702e-09, 1.29179189567e-09, 1.19456800007e-09, 1.03585551248e-09, 7.51698370216e-10, 5.84654935576e-10, 3.71791458731e-10],
        "median": [0.000216133135837, 0.00089457834838, 0.000993666471913, 0.000666551990435, 0.000698748161085, 0.000902994535863, 0.000535077298991, 0.000242543508648, 0.000113017500553, 2.42988753598e-05, 2.54034021054e-05, 8.29381224321e-06, 1.26959375848e-05, 1.93560699699e-05, 3.74989372176e-06, 1.63229458394e-06, 2.66476354227e-06, 4.97529026688e-06, 4.27742179454e-06, 2.93801394946e-06, 1.70630312368e-06, 1.03621300696e-06, 3.61841074437e-07, 1.16846962328e-07, 1.1472820205e-07, 5.85551092058e-08, 2.81120762224e-08, 1.49253533976e-08, 6.68163524509e-09, 4.5972350371e-09, 3.17358095359e-09, 2.79061374009e-09, 1.42438461026e-09, 1.03664632434e-09, 7.12987280327e-10, 5.49287393348e-10, 4.37459984903e-10, 3.3607996941e-10, 2.74156169988e-10, 2.16221693328e-10],
        "min": [1.00947788749e-24, 1.85253136754e-24, 6.34644218884e-25, 1.53618453669e-24, 1.31217831215e-24, 1.7061909643e-24, 2.20469465285e-24, 1.28858200336e-24, 1.12799812483e-24, 2.69908640392e-24, 2.31799006719e-24, 1.86635773262e-24, 2.74714006318e-24, 3.03045531577e-24, 3.32743068101e-24, 2.46709345575e-24, 3.51770117034e-24, 3.39504118818e-24, 4.49008385984e-24, 3.08997644879e-24, 3.28889423414e-24, 3.95151826465e-24, 3.58433585657e-24, 4.52580150948e-24, 4.45996515048e-24, 4.05810086713e-24, 4.96711633227e-24, 4.17684928248e-24, 4.62686957979e-24, 3.66531085077e-24, 4.24708866862e-24, 5.57954257958e-24, 5.47645068661e-24, 5.47740441944e-24, 6.62420228294e-24, 5.7455832062e-24, 5.38978445541e-24, 6.15080448713e-24, 6.11702230773e-24, 6.71063540574e-24],
        "var": [4.51844613281e-07, 3.2515699786e-06, 2.90404068437e-06, 1.52734844505e-06, 2.54406495515e-06, 3.18601064464e-06, 1.40608403854e-06, 4.57353024785e-07, 3.15945897e-07, 1.44170471117e-07, 8.44863468075e-09, 2.18711715405e-08, 3.69760613239e-08, 1.21059699154e-07, 1.08251349218e-07, 6.72255424661e-08, 1.19721094149e-10, 6.35066832455e-10, 2.20029799936e-10, 1.2111658898e-10, 2.89379006868e-11, 1.51419467243e-11, 8.13889407258e-12, 1.04527031562e-12, 1.29049603035e-12, 4.51877196685e-13, 1.66157615011e-13, 8.53502720431e-14, 5.63664808662e-15, 1.64373710261e-15, 2.52808153355e-16, 8.94390559335e-17, 2.15636059525e-17, 2.030413248e-17, 3.93760677683e-18, 5.51738071251e-18, 4.54954175911e-18, 5.47395042163e-18, 1.53820066528e-18, 5.98808401438e-19]
    },
    "mfcc": {
        "mean": [-786.992858887, 251.076751709, -2.58823370934, 10.577922821, 16.9650878906, -11.1224813461, -16.1875076294, -9.49263954163, -6.23431921005, -5.34527301788, -7.21173381805, -2.98172187805, 6.47456455231],
        "cov": [[4303.39013672, 1260.8404541, -1484.81140137, 14.7080554962, -311.577636719, -139.606872559, 156.578582764, 7.62897968292, -195.560821533, -109.589904785, -31.8520145416, 60.944355011, 113.885223389], [1260.8404541, 947.622131348, 1.69231820107, 86.779548645, 115.674934387, -30.2190341949, -60.2847976685, -1.05425691605, 57.5567626953, 25.9291706085, -8.14139652252, -10.5461978912, 23.945016861], [-1484.81140137, 1.69231820107, 1005.37402344, 162.083404541, 279.746398926, 110.138626099, -108.886878967, 6.35378360748, 179.940246582, 120.688613892, 40.4762268066, -15.9391202927, -26.796377182], [14.7080554962, 86.779548645, 162.083404541, 189.855392456, 133.56463623, 55.0863876343, 11.4945650101, 19.0413417816, 70.9914398193, 57.9120559692, 26.6159362793, 5.20690107346, 9.25628471375], [-311.577636719, 115.674934387, 279.746398926, 133.56463623, 308.718414307, 121.610572815, -51.2536048889, 13.1342601776, 121.10093689, 82.7649307251, 7.89988183975, -25.3382530212, -32.3950920105], [-139.606872559, -30.2190341949, 110.138626099, 55.0863876343, 121.610572815, 200.615249634, 110.462097168, 15.4674854279, 48.6317710876, 87.5166168213, 77.2990722656, 58.7530479431, 0.00822159741074], [156.578582764, -60.2847976685, -108.886878967, 11.4945650101, -51.2536048889, 110.462097168, 246.207550049, 88.5338821411, -29.608165741, 33.0007972717, 97.1407470703, 108.59312439, 65.0808334351], [7.62897968292, -1.05425691605, 6.35378360748, 19.0413417816, 13.1342601776, 15.4674854279, 88.5338821411, 134.665786743, 46.0144805908, -1.56241762638, 16.7934780121, 25.8000431061, 42.2960624695], [-195.560821533, 57.5567626953, 179.940246582, 70.9914398193, 121.10093689, 48.6317710876, -29.608165741, 46.0144805908, 145.522293091, 79.951385498, 10.0820446014, -13.4366750717, -26.9112567902], [-109.589904785, 25.9291706085, 120.688613892, 57.9120559692, 82.7649307251, 87.5166168213, 33.0007972717, -1.56241762638, 79.951385498, 132.10118103, 82.2528457642, 33.340133667, -11.9651947021], [-31.8520145416, -8.14139652252, 40.4762268066, 26.6159362793, 7.89988183975, 77.2990722656, 97.1407470703, 16.7934780121, 10.0820446014, 82.2528457642, 135.146453857, 94.9648132324, 27.8855495453], [60.944355011, -10.5461978912, -15.9391202927, 5.20690107346, -25.3382530212, 58.7530479431, 108.59312439, 25.8000431061, -13.4366750717, 33.340133667, 94.9648132324, 131.636230469, 64.6309814453], [113.885223389, 23.945016861, -26.796377182, 9.25628471375, -32.3950920105, 0.00822159741074, 65.0808334351, 42.2960624695, -26.9112567902, -11.9651947021, 27.8855495453, 64.6309814453, 115.900169373]],
