{
"lowlevel": {
    "average_loudness": 0.801996290684,
    "barkbands_crest": {
        "dmean": 1.69792473316,
        "dmean2": 2.46846723557,
        "dvar": 2.08575582504,
        "dvar2": 4.55529403687,
        "max": 25.517698288,
        "mean": 12.1648368835,
        "median": 11.5828523636,
        "min": 4.63883543015,
        "var": 12.7108316422
    },
    "barkbands_flatness_db": {
        "dmean": 0.0258725807071,
        "dmean2": 0.0437194146216,
        "dvar": 0.000422686542151,
        "dvar2": 0.00125719665084,
        "max": 0.700270116329,
        "mean": 0.548799395561,
        "median": 0.549623787403,
        "min": 0.0570041723549,
        "var": 0.00376183516346
    },
    "barkbands_kurtosis": {
        "dmean": 1.06146001816,
        "dmean2": 1.39959740639,
        "dvar": 2.36524367332,
        "dvar2": 4.67966890335,
        "max": 57.1916313171,
        "mean": 1.80582821369,
        "median": 0.859372138977,
        "min": -1.79839134216,
        "var": 11.8404254913
    },
    "barkbands_skewness": {
        "dmean": 0.286936163902,
        "dmean2": 0.371742248535,
        "dvar": 0.0638295486569,
        "dvar2": 0.126563370228,
        "max": 5.37817287445,
        "mean": 0.0736959576607,
        "median": 0.0386569164693,
        "min": -2.61004376411,
        "var": 0.614967942238
    },
    "barkbands_spread": {
        "dmean": 0.310274630785,
        "dmean2": 0.40657517314,
        "dvar": 0.243124783039,
        "dvar2": 0.494753181934,
        "max": 44.0115280151,
        "mean": 2.24289298058,
        "median": 1.68677389622,
        "min": 0.22463876009,
        "var": 6.22180271149
    },
    "dissonance": {
        "dmean": 0.0651562362909,
        "dmean2": 0.109802506864,
        "dvar": 0.00429524714127,
        "dvar2": 0.00958654936403,
        "max": 0.499517351389,
        "mean": 0.238198578358,
        "median": 0.224621117115,
        "min": 0.030723830685,
        "var": 0.0106110787019
    },
    "dynamic_complexity": 2.82681393623,
    "erbbands_crest": {
        "dmean": 2.26832580566,
        "dmean2": 3.18021941185,
        "dvar": 3.61919760704,
        "dvar2": 7.5589799881,
        "max": 31.1508865356,
        "mean": 15.6114377975,
        "median": 15.1773386002,
        "min": 2.71123838425,
        "var": 17.6311340332
    },
    "erbbands_flatness_db": {
        "dmean": 0.0165970437229,
        "dmean2": 0.0256710480899,
        "dvar": 0.000183032345376,
        "dvar2": 0.000490949314553,
        "max": 0.613189995289,
        "mean": 0.506954848766,
        "median": 0.511503398418,
        "min": 0.0398075804114,
        "var": 0.0023265783675
    },
    "erbbands_kurtosis": {
        "dmean": 1.25259077549,
        "dmean2": 1.70376610756,
        "dvar": 1.81199753284,
        "dvar2": 3.43185400963,
        "max": 35.9669113159,
        "mean": 3.13865184784,
        "median": 2.49412345886,
        "min": -1.39138066769,
        "var": 8.33022689819
    },
    "erbbands_skewness": {
        "dmean": 0.340553939342,
        "dmean2": 0.43265709281,
        "dvar": 0.077695146203,
        "dvar2": 0.135544925928,
        "max": 4.18561792374,
        "mean": 0.298682510853,
        "median": 0.302110433578,
        "min": -2.90861725807,
        "var": 0.706761538982
    },
    "erbbands_spread": {
        "dmean": 0.645648956299,
        "dmean2": 0.838014483452,
        "dvar": 0.701493918896,
        "dvar2": 1.29496645927,
        "max": 71.9574737549,
        "mean": 3.49118709564,
        "median": 2.92014217377,
        "min": 0.549064278603,
        "var": 11.5554265976
    },
    "hfc": {
        "dmean": 1.54216873646,
        "dmean2": 1.81304073334,
        "dvar": 2.60436654091,
        "dvar2": 3.6079313755,
        "max": 47.2657585144,
        "mean": 8.98910236359,
        "median": 7.48745059967,
        "min": 1.07795252517e-16,
        "var": 42.1051559448
    },
    "melbands_crest": {
        "dmean": 2.0331788063,
        "dmean2": 2.92646980286,
        "dvar": 3.12237095833,
        "dvar2": 6.85462760925,
        "max": 31.8362045288,
        "mean": 14.4985361099,
        "median": 13.8725471497,
        "min": 1.61849975586,
        "var": 17.1568851471
    },
    "melbands_flatness_db": {
        "dmean": 0.0255808010697,
        "dmean2": 0.0432366840541,
        "dvar": 0.000463595002657,
        "dvar2": 0.00140515994281,
        "max": 0.845785677433,
        "mean": 0.677578389645,
        "median": 0.677073597908,
        "min": 0.00285580963828,
        "var": 0.00629191240296
    },
    "melbands_kurtosis": {
        "dmean": 0.93691110611,
        "dmean2": 1.25205755234,
        "dvar": 1.79474043846,
        "dvar2": 3.17939543724,
        "max": 112.965576172,
        "mean": 1.24309337139,
        "median": 0.541213750839,
        "min": -1.7591599226,
        "var": 8.81897640228
    },
    "melbands_skewness": {
        "dmean": 0.278048157692,
        "dmean2": 0.366673082113,
        "dvar": 0.0568451359868,
        "dvar2": 0.114862605929,
        "max": 6.47419261932,
        "mean": 0.281156271696,
        "median": 0.234345570207,
        "min": -2.21673464775,
        "var": 0.394138365984
    },
    "melbands_spread": {
        "dmean": 0.534911751747,
        "dmean2": 0.714987397194,
        "dvar": 3.84587860107,
        "dvar2": 9.9267950058,
        "max": 157.739044189,
        "mean": 4.05080795288,
        "median": 2.7048573494,
        "min": 0.361779719591,
        "var": 108.885520935
    },
    "pitch_salience": {
        "dmean": 0.0479026287794,
        "dmean2": 0.0719628706574,
        "dvar": 0.00161335244775,
        "dvar2": 0.00379659794271,
        "max": 0.838402211666,
        "mean": 0.560943126678,
        "median": 0.566106259823,
        "min": 0.200155481696,
        "var": 0.00824873242527
    },
    "silence_rate_20dB": {
        "dmean": 0,
        "dmean2": 0,
        "dvar": 0,
        "dvar2": 0,
        "max": 1,
        "mean": 1,
        "median": 1,
        "min": 1,
        "var": 0
    },
    "silence_rate_30dB": {
        "dmean": 0.000299087783787,
        "dmean2": 0.000598220271058,
        "dvar": 0.00029897224158,
        "dvar2": 0.000747313199099,
        "max": 1,
        "mean": 0.999551415443,
        "median": 1,
        "min": 0,
        "var": 0.000448331527878
    },
    "silence_rate_60dB": {
        "dmean": 0.0023927022703,
        "dmean2": 0.00478576216847,
        "dvar": 0.0023869741708,
        "dvar2": 0.00595928402618,
        "max": 1,
        "mean": 0.0257196258754,
        "median": 0,
        "min": 0,
        "var": 0.0250528231263
    },
    "spectral_centroid": {
        "dmean": 19.2020225525,
        "dmean2": 25.5364494324,
        "dvar": 7893.328125,
        "dvar2": 11744.4111328,
        "max": 11609.8291016,
        "mean": 416.418945312,
        "median": 345.69619751,
        "min": 178.826751709,
        "var": 687029
    },
    "spectral_complexity": {
        "dmean": 0.788245856762,
        "dmean2": 1.34106040001,
        "dvar": 0.602362275124,
        "dvar2": 1.3362814188,
        "max": 12,
        "mean": 6.51327085495,
        "median": 7,
        "min": 0,
        "var": 2.69555687904
    },
    "spectral_decrease": {
        "dmean": 1.1236979125e-09,
        "dmean2": 1.41800626796e-09,
        "dvar": 1.28488197936e-18,
        "dvar2": 2.20059986877e-18,
        "max": 9.91891033518e-22,
        "mean": -6.97817048589e-09,
        "median": -6.41744168917e-09,
        "min": -3.40802692733e-08,
        "var": 1.87757409361e-17
    },
    "spectral_energy": {
        "dmean": 0.00437632622197,
        "dmean2": 0.00551136024296,
        "dvar": 1.94927124539e-05,
        "dvar2": 3.31704031851e-05,
        "max": 0.131552621722,
        "mean": 0.027152646333,
        "median": 0.0249565448612,
        "min": 9.86992149236e-21,
        "var": 0.000285670626909
    },
    "spectral_energyband_high": {
        "dmean": 2.84186434385e-08,
        "dmean2": 4.90158065247e-08,
        "dvar": 2.3133060595e-15,
        "dvar2": 6.76921414633e-15,
        "max": 1.24619418784e-06,
        "mean": 7.78961606329e-08,
        "median": 3.22128208552e-08,
        "min": 7.00921347128e-21,
        "var": 1.23804224454e-14
    },
    "spectral_energyband_low": {
        "dmean": 0.000512708851602,
        "dmean2": 0.000455401837826,
        "dvar": 5.85605448578e-07,
        "dvar2": 4.72951143138e-07,
        "max": 0.0375459119678,
        "mean": 0.00389244174585,
        "median": 0.00160089903511,
        "min": 1.64496652281e-23,
        "var": 2.76336359093e-05
    },
    "spectral_energyband_middle_high": {
        "dmean": 6.76754279993e-05,
        "dmean2": 8.48954368848e-05,
        "dvar": 1.21904841777e-08,
        "dvar2": 1.91084019718e-08,
        "max": 0.00285483407788,
        "mean": 0.000164977478562,
        "median": 8.27626645332e-05,
        "min": 1.22372384924e-21,
        "var": 5.32269908149e-08
    },
    "spectral_energyband_middle_low": {
        "dmean": 0.0043154633604,
        "dmean2": 0.0054584024474,
        "dvar": 1.93948344531e-05,
        "dvar2": 3.30482107529e-05,
        "max": 0.122048340738,
        "mean": 0.0238305199891,
        "median": 0.0202987287194,
        "min": 1.38528253738e-22,
        "var": 0.000276531267446
    },
    "spectral_entropy": {
        "dmean": 0.0844729095697,
        "dmean2": 0.123941063881,
        "dvar": 0.00486254831776,
        "dvar2": 0.0105399601161,
        "max": 9.82248210907,
        "mean": 4.52398395538,
        "median": 4.47267198563,
        "min": 3.59183335304,
        "var": 0.233312293887
    },
    "spectral_flux": {
        "dmean": 0.0115496367216,
        "dmean2": 0.0195035301149,
        "dvar": 0.000113217036414,
        "dvar2": 0.00034709618194,
        "max": 0.150406584144,
        "mean": 0.0386871434748,
        "median": 0.0368432663381,
        "min": 6.42276648533e-11,
        "var": 0.000256428844295
    },
    "spectral_kurtosis": {
        "dmean": 155.407531738,
        "dmean2": 273.890808105,
        "dvar": 22829.7441406,
        "dvar2": 69460.5078125,
        "max": 1468.92626953,
        "mean": 392.667877197,
        "median": 352.787445068,
        "min": -1.25499999523,
        "var": 32159.4492188
    },
    "spectral_rms": {
        "dmean": 0.000406475999625,
        "dmean2": 0.000514965387993,
        "dvar": 1.17228225349e-07,
        "dvar2": 2.05361956773e-07,
        "max": 0.0113289020956,
        "mean": 0.00486424798146,
        "median": 0.00493435375392,
        "min": 3.10309395367e-12,
        "var": 2.82934047391e-06
    },
    "spectral_rolloff": {
        "dmean": 29.2364845276,
        "dmean2": 51.1611595154,
        "dvar": 54600.84375,
        "dvar2": 112606.5,
        "max": 19745.9472656,
        "mean": 551.692199707,
        "median": 430.6640625,
        "min": 129.19921875,
        "var": 2059441.75
    },
    "spectral_skewness": {
        "dmean": 2.76677751541,
        "dmean2": 4.8399014473,
        "dvar": 6.073158741,
        "dvar2": 18.5424499512,
        "max": 30.9167842865,
        "mean": 16.4720039368,
        "median": 16.0774936676,
        "min": -0.071203365922,
        "var": 13.4127836227
    },
    "spectral_spread": {
        "dmean": 337653.46875,
        "dmean2": 593793.8125,
        "dvar": 227455647744,
        "dvar2": 526660665344,
        "max": 43735192,
        "mean": 801550.8125,
        "median": 493769.84375,
        "min": 75553.3828125,
        "var": 9.84758091776e+12
    },
    "spectral_strongpeak": {
        "dmean": 0.348551601171,
        "dmean2": 0.552543103695,
        "dvar": 0.193701446056,
        "dvar2": 0.412836790085,
        "max": 5.84558963776,
        "mean": 1.15329349041,
        "median": 0.976782679558,
        "min": 0,
        "var": 0.679679989815
    },
    "zerocrossingrate": {
        "dmean": 0.00118408387061,
        "dmean2": 0.00153629865963,
        "dvar": 1.32726590891e-05,
        "dvar2": 1.6461697669e-05,
        "max": 0.52392578125,
        "mean": 0.018946480006,
        "median": 0.015625,
        "min": 0.005859375,
        "var": 0.00147683906835
    },
    "barkbands": {
        "dmean": [2.37212020693e-06, 0.000169475155417, 0.000320944353007, 0.000250887824222, 0.0022073588334, 0.00220744335093, 0.00130958645605, 0.000692997127771, 0.000280008127447, 3.2967847801e-05, 4.66660385428e-05, 8.22587298899e-06, 8.29793521007e-07, 4.05077678067e-08, 3.73054369618e-08, 5.2231037273e-09, 3.71425201706e-09, 8.40348057807e-09, 1.46204586216e-08, 2.42473845447e-08, 1.95346920862e-08, 1.05835624709e-08, 1.52375889684e-09, 9.9195185399e-10, 9.51830392282e-10, 9.3044905114e-10, 9.92717796855e-10],
        "dmean2": [3.27526231558e-06, 0.000138930859976, 0.000262731453404, 0.000319119862979, 0.00351966335438, 0.00217796396464, 0.00135232449975, 0.00071023683995, 0.000313810975058, 3.8915030018e-05, 5.80704690947e-05, 1.12001780508e-05, 1.13032206173e-06, 5.90401469935e-08, 5.30648733843e-08, 8.25077783873e-09, 6.07904437899e-09, 1.31734703146e-08, 2.36202168935e-08, 3.98558981374e-08, 3.35308385502e-08, 1.83882633564e-08, 2.67405719789e-09, 1.78257597572e-09, 1.71287073414e-09, 1.67414382357e-09, 1.78646586413e-09],
        "dvar": [1.21615989848e-11, 1.11861574226e-07, 2.60362185145e-07, 1.13288940895e-07, 8.5628225861e-06, 6.82730569679e-06, 4.86886347062e-06, 1.88654155409e-06, 7.4015821383e-07, 1.83622028693e-09, 1.00770476408e-08, 3.96932015034e-10, 7.44969971128e-12, 8.39146816405e-15, 1.12121132894e-14, 1.56875292862e-16, 2.22163441001e-17, 1.57965874251e-16, 6.01872283803e-16, 1.50166500752e-15, 1.10744147431e-15, 7.90662534038e-16, 1.06868277527e-17, 1.97059299367e-18, 1.82617263539e-18, 1.74988259468e-18, 1.99453883843e-18],
        "dvar2": [2.31459643119e-11, 8.13243516973e-08, 1.72427391476e-07, 2.30216642194e-07, 2.17295655602e-05, 6.71258885632e-06, 5.73950092075e-06, 1.89282673091e-06, 9.34461695579e-07, 2.5229924816e-09, 1.55233692567e-08, 7.73974884183e-10, 1.40930886752e-11, 1.75542377536e-14, 2.27124159866e-14, 3.37793007126e-16, 5.91769443909e-17, 3.76232368124e-16, 1.57640984176e-15, 3.9166570547e-15, 3.22860012142e-15, 2.36819040635e-15, 3.08077132573e-17, 6.21021478588e-18, 5.7494574003e-18, 5.51062388768e-18, 6.2814656423e-18],
        "max": [9.54649294727e-05, 0.022054085508, 0.0270480215549, 0.0194867923856, 0.0816606283188, 0.0752515494823, 0.0920721739531, 0.0632980242372, 0.0288873724639, 0.00096701743314, 0.002329276409, 0.000532550562639, 7.78956746217e-05, 1.61479454164e-06, 2.54087194662e-06, 3.19343115507e-07, 7.60545333378e-08, 2.86747848577e-07, 5.00581279539e-07, 7.47655292344e-07, 5.68806171941e-07, 6.01853798798e-07, 8.06863766911e-08, 1.56767328008e-08, 1.49252414872e-08, 1.45209044788e-08, 1.54987223056e-08],
        "mean": [4.67097379442e-06, 0.00133123423439, 0.00183648976963, 0.00120557099581, 0.00604471517727, 0.00883152335882, 0.00488391006365, 0.00216271937825, 0.000667354615871, 7.33463239158e-05, 9.41008111113e-05, 1.52747070388e-05, 1.44905891375e-06, 6.73760922609e-08, 6.59930137203e-08, 8.26138357723e-09, 7.53363682549e-09, 2.02313561459e-08, 2.99169435891e-08, 4.58272495507e-08, 3.80949849443e-08, 1.80892367752e-08, 2.36107444707e-09, 1.10089204419e-09, 9.77537162328e-10, 9.16977438425e-10, 9.16923370564e-10],
        "median": [1.90423384083e-06, 0.000204946118174, 0.00058202346554, 0.000597255828325, 0.00420375168324, 0.00598648469895, 0.00238218531013, 0.000390208209865, 4.98091467307e-05, 4.11345463363e-05, 5.82734992349e-06, 1.56664862061e-06, 5.44146416814e-08, 9.44623135268e-09, 5.75392400393e-09, 2.94448021521e-09, 4.28105284556e-09, 1.04746318286e-08, 1.37242235354e-08, 2.35847466001e-08, 1.64224367438e-08, 1.76298176058e-09, 8.96215379687e-10, 5.99665539447e-10, 4.86708617853e-10, 4.28072466363e-10, 3.91665005983e-10],
        "min": [3.29820969536e-25, 1.22430364465e-24, 2.32114748297e-24, 2.74280108168e-25, 8.74384629172e-24, 7.50084762969e-24, 4.80728009666e-24, 9.59306057821e-24, 1.20921269609e-23, 1.67567798226e-23, 8.66079659334e-24, 1.66690253578e-23, 3.4002366261e-23, 3.78791853144e-23, 4.05354251327e-23, 4.81821915195e-23, 5.99344077827e-23, 1.04578375126e-22, 1.03379464323e-22, 1.81890700764e-22, 2.47983108235e-22, 3.44634548291e-22, 3.92198998612e-22, 5.15997628907e-22, 8.27615912311e-22, 1.30099566529e-21, 1.77871034147e-21],
        "var": [5.1512100141e-11, 6.01545298196e-06, 8.42482768348e-06, 3.07165305458e-06, 3.72197864635e-05, 8.34121165099e-05, 5.7538272813e-05, 1.72018590092e-05, 3.85899875255e-06, 7.99122545914e-09, 3.47221877917e-08, 1.15768694631e-09, 2.06649610618e-11, 2.11880209558e-14, 3.08553841657e-14, 4.43037486097e-16, 7.36975640312e-17, 7.14160318187e-16, 1.78286289947e-15, 3.8521127206e-15, 3.02864740631e-15, 1.71580457158e-15, 2.68003838402e-17, 1.90392533823e-18, 1.71336722352e-18, 1.61542211136e-18, 1.80559527688e-18]
    },
    "erbbands": {
        "dmean": [0.00132071482949, 0.0493358559906, 0.271203875542, 0.674613714218, 2.41199803352, 8.23751735687, 17.7704296112, 16.8811225891, 22.5590858459, 17.4756259918, 10.4101228714, 6.19935894012, 1.48691380024, 1.451369524, 1.48599994183, 0.389672607183, 0.0926409289241, 0.00671948073432, 0.0016790535301, 0.00103366735857, 0.000239416476688, 0.000197615023353, 0.000417688745074, 0.000765536678955, 0.000885910936631, 0.00123615853954, 0.000686076062266, 0.000652115966659, 0.000335482764058, 0.000317987345625, 5.33085913048e-05, 2.24909508688e-05, 1.62262276717e-05, 1.12557345346e-05, 7.33871866032e-06, 4.41655765826e-06, 2.24459199671e-06, 6.59655711388e-07, 2.03800436793e-06, 4.84924157718e-06],
        "dmean2": [0.00120679754764, 0.0407698899508, 0.227429524064, 0.703569293022, 4.01439523697, 13.2616605759, 22.4519462585, 15.6143732071, 21.6791000366, 18.2478580475, 11.4005451202, 6.89244651794, 1.63995373249, 1.77408897877, 1.89788615704, 0.524159133434, 0.12512396276, 0.00917732901871, 0.00238810223527, 0.00148194271605, 0.00038351022522, 0.000324386608554, 0.000653692288324, 0.00121085171122, 0.00144952535629, 0.00202739075758, 0.00117666821461, 0.00113054469693, 0.00058406277094, 0.00055192632135, 9.27329238039e-05, 4.00207536586e-05, 2.87321272481e-05, 1.9684615836e-05, 1.25237593238e-05, 7.25079644326e-06, 3.55584325007e-06, 1.13341695851e-06, 2.5585570711e-06, 6.09308517596e-06],
        "dvar": [7.8295588537e-06, 0.00928698200732, 0.21160197258, 0.777785420418, 11.6089096069, 157.022277832, 661.187072754, 515.702026367, 1023.16845703, 1006.20422363, 441.204193115, 369.482543945, 12.5957660675, 10.642572403, 10.4376821518, 0.684959113598, 0.0957609415054, 0.000297956983559, 1.45892499859e-05, 1.01860423456e-05, 1.69879101009e-07, 6.46472102517e-08, 4.38057611518e-07, 1.50274729549e-06, 2.10755433727e-06, 4.10259735872e-06, 1.96125574803e-06, 1.58840998665e-06, 5.22616403487e-07, 1.15364230169e-06, 1.61214881444e-08, 9.86877468634e-10, 5.15423592695e-10, 2.41113656818e-10, 9.67342109193e-11, 3.16629535091e-11, 7.49016994261e-12, 8.08324923923e-13, 4.24285780121e-12, 2.39425580056e-11],
        "dvar2": [7.43421514926e-06, 0.00683160312474, 0.150528296828, 0.889940559864, 41.4133262634, 441.038421631, 1131.96289062, 412.798858643, 1096.51586914, 1073.90344238, 585.838867188, 444.845245361, 14.2618093491, 15.9690284729, 16.8946208954, 1.3010944128, 0.187067478895, 0.000546147814021, 2.96262624033e-05, 2.062978092e-05, 3.93706983459e-07, 1.70077697703e-07, 1.03574063814e-06, 3.74468754671e-06, 5.60405851502e-06, 1.07033283712e-05, 5.68072346141e-06, 4.66306073577e-06, 1.54129190832e-06, 3.4647987377e-06, 4.62268516799e-08, 3.08586489695e-09, 1.59817781231e-09, 7.39746985889e-10, 2.90618307197e-10, 9.13098971433e-11, 2.05643956724e-11, 2.44335975064e-12, 7.05656106464e-12, 4.04294445144e-11],
        "max": [0.1710973382, 6.19474315643, 25.9007568359, 58.0327072144, 63.9519996643, 247.011734009, 714.996154785, 831.189025879, 1310.86035156, 1245.24780273, 643.2734375, 642.840209961, 132.413650513, 91.9724502563, 92.7761688232, 19.3784427643, 9.94872951508, 0.507704436779, 0.106572814286, 0.0894803628325, 0.00955717079341, 0.00419710343704, 0.012102054432, 0.0279995966703, 0.0287121701986, 0.041364107281, 0.0305861271918, 0.0181509274989, 0.017466366291, 0.026677576825, 0.00321773719043, 0.000395546841901, 0.000295865786029, 0.000214686850086, 0.000152557375259, 0.000101696590718, 5.55018486921e-05, 1.3743881027e-05, 5.97323341935e-05, 0.000144338278915],
        "mean": [0.010892839171, 0.3967204988, 1.78632152081, 3.80010652542, 7.40651273727, 21.5335559845, 53.9206733704, 70.1078338623, 84.5029983521, 61.6517791748, 30.3919620514, 15.3723936081, 3.68895244598, 3.06937479973, 2.97147655487, 0.758941590786, 0.168373152614, 0.014239215292, 0.00366407865658, 0.00202465779148, 0.00052452692762, 0.000489103607833, 0.000962581369095, 0.00148285983596, 0.00179918529466, 0.00227079121396, 0.00143479357939, 0.00123064045329, 0.00064704468241, 0.0005242069019, 0.000102404876088, 4.03237609135e-05, 3.18881029671e-05, 2.63363399426e-05, 2.12324594031e-05, 1.58666007337e-05, 9.27888140723e-06, 1.68237545495e-06, 1.26690729303e-05, 3.00675255858e-05],
        "median": [0.00125545903575, 0.0720699205995, 0.624240219593, 1.86663115025, 4.75345277786, 14.0830287933, 31.6683921814, 40.2727127075, 48.6744194031, 20.0621109009, 6.25676679611, 2.1851940155, 1.3855342865, 0.836103379726, 0.378974556923, 0.108180776238, 0.0135796656832, 0.00201508263126, 0.000782859569881, 0.000416423601564, 0.000288426643237, 0.000284671114059, 0.000458382361103, 0.000748066988308, 0.000882696534973, 0.00115431298036, 0.000636260490865, 0.000283463275991, 0.000156448993948, 6.22967054369e-05, 4.02269761253e-05, 2.97117167065e-05, 2.45829669439e-05, 2.13335551962e-05, 1.7898664737e-05, 1.38249070005e-05, 8.21358207759e-06, 1.33756282139e-06, 1.15878356155e-05, 2.7543743272e-05],
        "min": [5.74945367334e-23, 1.84850910778e-22, 2.51203604481e-21, 3.48943314128e-21, 1.09403432882e-20, 3.12843843571e-20, 3.01890324362e-20, 5.92468242988e-20, 9.89632164016e-20, 1.69516643246e-19, 2.03278446463e-19, 3.43309060627e-19, 5.23371390729e-19, 7.96912419578e-19, 9.63067362041e-19, 1.1393853557e-18, 1.1382802424e-18, 1.68102859748e-18, 2.80748780854e-18, 2.88777251123e-18, 3.45508688972e-18, 4.04709571143e-18, 6.16707359462e-18, 6.58748814095e-18, 6.35826894859e-18, 8.56072542424e-18, 8.26017348458e-18, 1.09531418596e-17, 1.16947473291e-17, 9.97542430175e-18, 1.05916300175e-17, 1.05807707905e-17, 9.37270907458e-18, 6.7486560115e-18, 6.22941943816e-18, 4.57031391865e-18, 2.34116453142e-18, 9.86731965391e-19, 2.34731575665e-19, 2.74923008546e-20],
        "var": [0.000413808244048, 0.496201515198, 7.34312486649, 26.4263801575, 58.2923469543, 552.212158203, 4265.55322266, 7741.04541016, 11125.2734375, 9752.24316406, 2814.51147461, 1986.65344238, 70.6938018799, 37.91015625, 36.9178352356, 2.1677839756, 0.269412100315, 0.00105667929165, 4.64802105853e-05, 2.94262208627e-05, 5.53385859803e-07, 2.88423052552e-07, 1.74342642367e-06, 4.01598026656e-06, 5.77155697101e-06, 9.43508257478e-06, 5.60675107408e-06, 3.79335847356e-06, 1.29653676595e-06, 2.22274684347e-06, 4.26311999036e-08, 1.36145839047e-09, 7.63582364005e-10, 4.40728370465e-10, 2.42799030881e-10, 1.18808934912e-10, 3.80135506406e-11, 1.83678549801e-12, 6.28530352764e-11, 3.52220391742e-10]
    },
    "gfcc": {
        "mean": [-291.97567749, 257.709197998, -3.78553581238, -43.1557617188, -87.5141906738, -52.6800804138, -3.39026165009, -20.589345932, -29.7554740906, -12.8192882538, 3.58401894569, -9.16824913025, -2.2595205307],
        "cov": [[8348.65527344, 1350.95471191, -1045.69885254, -749.830932617, -851.434204102, -273.24887085, 133.974655151, -450.335449219, -62.7043838501, 112.906112671, -57.25938797, -92.5110626221, -163.115005493], [1350.95471191, 790.728881836, 436.910949707, 121.501777649, 92.0080184937, 30.102514267, 116.788360596, 143.777984619, -21.535320282, -63.5222663879, 52.263874054, -23.7225818634, 42.0619010925], [-1045.69885254, 436.910949707, 1376.30847168, 652.997924805, 550.653930664, 44.5399627686, -72.736618042, 457.141906738, 14.6599998474, -203.948852539, 123.837532043, 27.6606063843, 199.589508057], [-749.830932617, 121.501777649, 652.997924805, 459.699371338, 367.547668457, 65.0902328491, -7.64252519608, 260.309387207, 40.2507133484, -84.3325195312, 73.1076202393, 24.4010105133, 74.5097045898], [-851.434204102, 92.0080184937, 550.653930664, 367.547668457, 387.073059082, 130.807815552, 34.5935974121, 237.581817627, 42.4530601501, -59.3280563354, 79.5778961182, 25.2453575134, 58.4405899048], [-273.24887085, 30.102514267, 44.5399627686, 65.0902328491, 130.807815552, 324.85333252, 169.08581543, 34.6620407104, 138.879180908, 54.0185089111, -43.0246429443, 2.20605611801, -7.86917495728], [133.974655151, 116.788360596, -72.736618042, -7.64252519608, 34.5935974121, 169.08581543, 190.332885742, 35.3919677734, 65.6224365234, 50.5787849426, -15.9137907028, -10.6557970047, -21.1956710815], [-450.335449219, 143.777984619, 457.141906738, 260.309387207, 237.581817627, 34.6620407104, 35.3919677734, 268.882873535, 48.2120666504, -65.7205657959, 67.4247360229, 14.4200820923, 58.1579818726], [-62.7043838501, -21.535320282, 14.6599998474, 40.2507133484, 42.4530601501, 138.879180908, 65.6224365234, 48.2120666504, 160.842697144, 68.3524169922, -26.8995189667, -2.97473502159, -15.6727933884], [112.906112671, -63.5222663879, -203.948852539, -84.3325195312, -59.3280563354, 54.0185089111, 50.5787849426, -65.7205657959, 68.3524169922, 109.719139099, -0.314646840096, -4.14402866364, -42.9159317017], [-57.25938797, 52.263874054, 123.837532043, 73.1076202393, 79.5778961182, -43.0246429443, -15.9137907028, 67.4247360229, -26.8995189667, -0.314646840096, 94.1135787964, 34.5265388489, 10.6497955322], [-92.5110626221, -23.7225818634, 27.6606063843, 24.4010105133, 25.2453575134, 2.20605611801, -10.6557970047, 14.4200820923, -2.97473502159, -4.14402866364, 34.5265388489, 47.7015609741, 21.6779098511], [-163.115005493, 42.0619010925, 199.589508057, 74.5097045898, 58.4405899048, -7.86917495728, -21.1956710815, 58.1579818726, -15.6727933884, -42.9159317017, 10.6497955322, 21.6779098511, 85.5465393066]],
        "icov": [[0.000472188636195, -0.00128457078245, 0.00100032391492, -0.000621785584372, 0.000720593787264, 0.000116825569421, 0.000331248011207, 0.00109407596756, -0.0018571044784, 0.00183540838771, -0.00200742739253, 0.00127538549714, -0.000896355835721], [-0.00128457078245, 0.00681357691064, -0.00528093706816, 0.00212783948518, 0.000307157664793, 0.00100964913145, -0.00685346731916, 0.00101878331043, 0.00182442471851, 0.000474718108308, -0.000877739628777, 0.000363316125004, 0.00275018950924], [0.00100032391492, -0.00528093706816, 0.00931999180466, -0.0054769879207, 0.00037384784082, -0.00335761485621, 0.00792921427637, -0.0018318494549, -0.00373678631149, 0.00516337482259, -0.00669515645131, 0.00822175014764, -0.00916881952435], [-0.000621785584372, 0.00212783948518, -0.0054769879207, 0.0159849915653, -0.0130744641647, 0.00593971787021, -0.00316328462213, -0.0010937723564, -8.67283015396e-05, -0.00337184476666, 0.00979932304472, -0.00869695749134, 0.00533836241812], [0.000720593787264, 0.000307157664793, 0.00037384784082, -0.0130744641647, 0.0261132195592, -0.0131561122835, 0.00325287226588, -0.00385214202106, 0.00285183382221, 0.004890083801, -0.0178487636149, 0.0108795231208, -0.00144532509148], [0.000116825569421, 0.00100964913145, -0.00335761485621, 0.00593971787021, -0.0131561122835, 0.0213312078267, -0.0174637455493, 0.0141960671172, -0.0154749397188, 0.00773982284591, 0.00518817920238, -0.00736626982689, 0.0016267679166], [0.000331248011207, -0.00685346731916, 0.00792921427637, -0.00316328462213, 0.00325287226588, -0.0174637455493, 0.0314499251544, -0.0227012466639, 0.0188659597188, -0.0218820180744, 0.0132985580713, -0.00274566328153, -0.000827231444418], [0.00109407596756, 0.00101878331043, -0.0018318494549, -0.0010937723564, -0.00385214202106, 0.0141960671172, -0.0227012466639, 0.0408271886408, -0.0375795140862, 0.0415182486176, -0.0370630398393, 0.0205238740891, -0.00927473977208], [-0.0018571044784, 0.00182442471851, -0.00373678631149, -8.67283015396e-05, 0.00285183382221, -0.0154749397188, 0.0188659597188, -0.0375795140862, 0.0546566359699, -0.0553230792284, 0.0475987903774, -0.0282297357917, 0.0146941943094], [0.00183540838771, 0.000474718108308, 0.00516337482259, -0.00337184476666, 0.004890083801, 0.00773982284591, -0.0218820180744, 0.0415182486176, -0.0553230792284, 0.0782428011298, -0.0658840760589, 0.0399595312774, -0.0149274533615], [-0.00200742739253, -0.000877739628777, -0.00669515645131, 0.00979932304472, -0.0178487636149, 0.00518817920238, 0.0132985580713, -0.0370630398393, 0.0475987903774, -0.0658840760589, 0.0905522555113, -0.0616820640862, 0.0248779598624], [0.00127538549714, 0.000363316125004, 0.00822175014764, -0.00869695749134, 0.0108795231208, -0.00736626982689, -0.00274566328153, 0.0205238740891, -0.0282297357917, 0.0399595312774, -0.0616820640862, 0.0697957724333, -0.0272304788232], [-0.000896355835721, 0.00275018950924, -0.00916881952435, 0.00533836241812, -0.00144532509148, 0.0016267679166, -0.000827231444418, -0.00927473977208, 0.0146941943094, -0.0149274533615, 0.0248779598624, -0.0272304788232, 0.0316145420074]]
    },
    "melbands": {
        "dmean": [2.90637708531e-05, 0.000114822003525, 0.000135931695695, 0.000348416826455, 0.00058624567464, 0.00039964352618, 0.000329998729285, 0.000187989353435, 8.22788715595e-05, 3.64775623893e-05, 6.48283594273e-06, 5.57043495064e-06, 4.80810513181e-06, 1.85082035387e-06, 7.42369081763e-07, 4.21044212828e-08, 5.37855404659e-09, 2.10446904347e-09, 3.08701264551e-09, 4.56394394499e-10, 2.4160271006e-10, 2.33969010832e-10, 3.92157084583e-10, 3.39605649158e-10, 6.94358293085e-10, 8.15442380286e-10, 8.85091611114e-10, 8.05472966103e-10, 4.09916045552e-10, 4.2391609667e-10, 4.76625350299e-10, 1.6501520983e-10, 2.8799893026e-10, 1.0984255866e-10, 3.55412782538e-11, 1.48431406055e-11, 1.29280830832e-11, 1.13308798108e-11, 9.96925111907e-12, 8.80122016933e-12],
        "dmean2": [2.44784914685e-05, 9.71326589934e-05, 0.000173616484972, 0.000582926440984, 0.000782152405009, 0.000374376424588, 0.000320612773066, 0.000193249725271, 9.17456127354e-05, 4.03110971092e-05, 7.19407080396e-06, 6.82211339154e-06, 6.07994024904e-06, 2.41061866291e-06, 1.01132400232e-06, 5.58201946887e-08, 7.78245556887e-09, 3.01880120901e-09, 4.37113190088e-09, 7.04901081949e-10, 3.96902399835e-10, 3.79261844152e-10, 6.1753563374e-10, 5.39603361993e-10, 1.10135711662e-09, 1.33509758804e-09, 1.45208878255e-09, 1.32191368962e-09, 7.01814939497e-10, 7.2846473298e-10, 8.27882706833e-10, 2.86744405997e-10, 5.0094078885e-10, 1.9087659231e-10, 6.18196882574e-11, 2.66431616353e-11, 2.32193847483e-11, 2.03476714644e-11, 1.79146732171e-11, 1.58311957293e-11],
        "dvar": [3.41258132863e-09, 3.8457319107e-08, 2.55033594243e-08, 2.24804395543e-07, 6.56462020743e-07, 2.52726067629e-07, 2.20425079078e-07, 1.23186538303e-07, 3.49970399327e-08, 1.5523440311e-08, 1.88969451198e-10, 1.5302570322e-10, 9.63126661757e-11, 1.47610430823e-11, 7.11319848509e-12, 3.16348543769e-14, 1.43914232931e-16, 2.62140103932e-17, 1.07914287116e-16, 1.39142635777e-18, 1.05744391365e-19, 1.00732348937e-19, 3.75621320293e-19, 2.40724809395e-19, 1.27081215412e-18, 2.41909818001e-18, 2.15086666842e-18, 1.75970246932e-18, 4.7590011576e-19, 1.06108888501e-18, 9.65344797063e-19, 1.0565861015e-19, 6.70551792217e-19, 1.5032947808e-19, 1.23454250731e-20, 4.34831490555e-22, 3.32735850024e-22, 2.55472414829e-22, 1.98467407308e-22, 1.55181284152e-22],
        "dvar2": [2.67739430626e-09, 2.85080261619e-08, 4.9661647239e-08, 7.00881230387e-07, 1.26333418393e-06, 2.1007798523e-07, 2.4383626851e-07, 1.25113672311e-07, 4.81433666266e-08, 1.83121837694e-08, 2.13446690878e-10, 2.29875257718e-10, 1.5349582716e-10, 2.4202032739e-11, 1.39849217276e-11, 5.58817891321e-14, 3.00010070192e-16, 5.3425435169e-17, 2.18060003122e-16, 2.94657326546e-18, 2.79464133174e-19, 2.57159750794e-19, 9.07542863424e-19, 5.83849925734e-19, 3.15414162568e-18, 6.42603944258e-18, 5.66056402218e-18, 4.59109352282e-18, 1.37523936376e-18, 3.08880180191e-18, 2.81837660733e-18, 3.08135893415e-19, 2.00631747676e-18, 4.51151026929e-19, 3.49662945105e-20, 1.37110194851e-21, 1.04923953001e-21, 8.0491342947e-22, 6.25605875828e-22, 4.88716269206e-22],
        "max": [0.00374522618949, 0.0101888021454, 0.00827852543443, 0.00856591109186, 0.024679960683, 0.0178826898336, 0.0190662629902, 0.0152699043974, 0.00697114691138, 0.0043733259663, 0.000491759856232, 0.000346493907273, 0.000252637895755, 0.000103819264041, 8.37324914755e-05, 5.27754809809e-06, 2.36095473838e-07, 1.56007175178e-07, 2.76791013221e-07, 3.08577341457e-08, 5.34079847014e-09, 5.02378627587e-09, 1.19588658976e-08, 1.01968780086e-08, 2.42954651952e-08, 3.11023029553e-08, 2.68375934809e-08, 2.36219523941e-08, 1.43356349014e-08, 1.97014067282e-08, 1.64314624129e-08, 7.82021292167e-09, 1.66760347753e-08, 1.01484447512e-08, 2.88349744082e-09, 2.3653248804e-10, 2.04081071487e-10, 1.78276698959e-10, 1.56629265113e-10, 1.37549402424e-10],
        "mean": [0.000234048711718, 0.000851006479934, 0.000712906068657, 0.000957111944444, 0.00174884905573, 0.00165540026501, 0.00123852002434, 0.000640017096885, 0.000221489099204, 8.80205916474e-05, 1.49788675117e-05, 1.14483218567e-05, 9.74046724878e-06, 3.60066746907e-06, 1.2871095123e-06, 8.03137751859e-08, 9.53762580025e-09, 3.95571753131e-09, 5.39458389071e-09, 7.95667698394e-10, 4.30639524041e-10, 4.45289999318e-10, 7.99572075216e-10, 7.67525210055e-10, 1.14889453506e-09, 1.34457878165e-09, 1.45817136143e-09, 1.43019729393e-09, 8.38044300622e-10, 7.75270736497e-10, 7.69048325022e-10, 2.91343726921e-10, 4.58517668278e-10, 1.73922432012e-10, 5.85992365743e-11, 1.71663620818e-11, 1.44672459776e-11, 1.2312320434e-11, 1.0627165814e-11, 9.1425252785e-12],
        "median": [3.11252224492e-05, 0.000270511285635, 0.000421219912823, 0.000655993819237, 0.00113542727195, 0.00102589896414, 0.00070000969572, 0.000175243927515, 3.84230188502e-05, 8.91517902346e-06, 5.55189808438e-06, 1.82015730843e-06, 9.36308765631e-07, 3.64751741699e-07, 2.92677455604e-08, 3.77654352235e-09, 1.12146869569e-09, 8.64971372305e-10, 3.79600739731e-10, 2.77841943896e-10, 2.62521948624e-10, 2.24387286529e-10, 3.55376172934e-10, 4.0993813899e-10, 5.28102339636e-10, 5.1219506414e-10, 7.26959770159e-10, 6.89967638579e-10, 4.26336521642e-10, 9.21122900177e-11, 1.22616389264e-10, 7.460952689e-11, 3.0591477268e-11, 2.03373012875e-11, 1.41178223625e-11, 9.86837261213e-12, 7.96298530586e-12, 6.6057571739e-12, 5.5358890215e-12, 4.61455136255e-12],
        "min": [5.2316086734e-25, 1.16117800894e-24, 7.24086500913e-25, 1.85505276421e-24, 9.71573219607e-25, 1.25095590198e-24, 1.31249139132e-24, 1.43174231107e-24, 1.78372849711e-24, 1.98267172322e-24, 2.5698936674e-24, 2.85695502321e-24, 1.60480478582e-24, 2.76566054508e-24, 1.69427364261e-24, 3.14591299786e-24, 3.02442269921e-24, 4.60402771785e-24, 3.00413891597e-24, 3.76356229322e-24, 3.33891886237e-24, 3.8471961431e-24, 5.73545738762e-24, 4.9224703549e-24, 4.6093466125e-24, 3.5181618651e-24, 4.71235804166e-24, 5.0161333879e-24, 3.68879129561e-24, 5.34709761411e-24, 5.92795956445e-24, 5.19906273765e-24, 5.26633521792e-24, 5.24210732737e-24, 5.36397765976e-24, 6.1191254109e-24, 5.90691117777e-24, 5.86743973352e-24, 5.54918445093e-24, 4.62992917681e-24],
        "var": [1.87327458434e-07, 1.66305994753e-06, 6.67388178499e-07, 9.55408609116e-07, 3.73477450921e-06, 3.72655404135e-06, 2.49723075285e-06, 1.16474018341e-06, 1.9312103916e-07, 8.43923615435e-08, 1.03362074455e-09, 5.65362201499e-10, 3.41211697785e-10, 5.28389901278e-11, 1.94460784281e-11, 1.04322027904e-13, 3.89848925677e-16, 7.10590166958e-17, 2.9506228605e-16, 3.9648929837e-18, 2.67631262812e-19, 3.12106644699e-19, 1.34494211607e-18, 9.50874926608e-19, 2.73789462207e-18, 4.92379383699e-18, 4.21354554378e-18, 4.07006031319e-18, 1.48551205199e-18, 2.91951246531e-18, 1.91373983619e-18, 2.52916546896e-19, 1.3165550352e-18, 2.90101417357e-19, 3.23076972477e-20, 4.30578760347e-22, 3.23343331298e-22, 2.46126192773e-22, 1.891774405e-22, 1.46396743682e-22]
    },
    "mfcc": {
        "mean": [-919.385864258, 247.150863647, 122.03793335, 15.5038366318, -38.2265548706, -32.7570610046, -11.5617322922, -8.18032360077, -13.5975160599, -16.0842151642, -12.3455944061, -3.74891161919, 3.7972407341],
        "cov": [[1145.71801758, 941.919555664, -10.2619495392, -438.921234131, -483.808166504, -121.613838196, 58.1669692993, -87.6768341064, -143.152664185, -67.004699707, 26.7984809875, 64.6997375488, 49.4320106506], [941.919555664, 945.120605469, 286.265228271, -129.436294556, -235.300033569, -65.7425308228, 61.7712478638, 19.0319728851, -26.5976219177, -18.2081279755, 18.018239975, 39.8524475098, 31.7843132019], [-10.2619495392, 286.265228271, 570.740356445, 511.453613281, 332.406311035, 60.0805435181, 17.1687107086, 151.61038208, 158.177185059, 67.0664138794, -16.8461532593, -40.2831382751, -15.7282371521], [-438.921234131, -129.436294556, 511.453613281, 693.647888184, 523.120605469, 110.388031006, 4.23276042938, 154.364074707, 176.154144287, 89.6335220337, -19.3562316895, -63.9945220947, -26.737241745], [-483.808166504, -235.300033569, 332.406311035, 523.120605469, 486.39050293, 180.605133057, 44.82056427, 150.806137085, 171.809402466, 101.686302185, 26.4716701508, -14.6516494751, -13.5568933487], [-121.613838196, -65.7425308228, 60.0805435181, 110.388031006, 180.605133057, 171.819366455, 98.2763977051, 89.5996780396, 92.5569076538, 65.717300415, 58.1495819092, 50.6619529724, 19.9766273499], [58.1669692993, 61.7712478638, 17.1687107086, 4.23276042938, 44.82056427, 98.2763977051, 120.884346008, 97.0727310181, 60.172088623, 39.4113082886, 39.9525871277, 43.7976989746, 27.2746162415], [-87.6768341064, 19.0319728851, 151.61038208, 154.364074707, 150.806137085, 89.5996780396, 97.0727310181, 162.282028198, 140.729492188, 72.9867706299, 27.8617630005, 6.0837059021, -1.87344503403], [-143.152664185, -26.5976219177, 158.177185059, 176.154144287, 171.809402466, 92.5569076538, 60.172088623, 140.729492188, 173.048400879, 109.024703979, 37.7453269958, 0.0917725935578, -20.9849128723], [-67.004699707, -18.2081279755, 67.0664138794, 89.6335220337, 101.686302185, 65.717300415, 39.4113082886, 72.9867706299, 109.024703979, 101.784255981, 63.5579376221, 24.5974884033, -5.81118488312], [26.7984809875, 18.018239975, -16.8461532593, -19.3562316895, 26.4716701508, 58.1495819092, 39.9525871277, 27.8617630005, 37.7453269958, 63.5579376221, 93.0506744385, 75.9937362671, 29.5033226013], [64.6997375488, 39.8524475098, -40.2831382751, -63.9945220947, -14.6516494751, 50.6619529724, 43.7976989746, 6.0837059021, 0.0917725935578, 24.5974884033, 75.9937362671, 100.325073242, 63.7357940674], [49.4320106506, 31.7843132019, -15.7282371521, -26.737241745, -13.5568933487, 19.9766273499, 27.2746162415, -1.87344503403, -20.9849128723, -5.81118488312, 29.5033226013, 63.7357940674, 72.3587265015]],
