{
"lowlevel": {
    "average_loudness": 0.947319328785,
    "barkbands_crest": {
        "dmean": 2.46750378609,
        "dmean2": 4.02512550354,
        "dvar": 4.15163421631,
        "dvar2": 11.0076007843,
        "max": 24.8581581116,
        "mean": 11.2681131363,
        "median": 10.7039260864,
        "min": 3.94440174103,
        "var": 12.3033847809
    },
    "barkbands_flatness_db": {
        "dmean": 0.018901379779,
        "dmean2": 0.0308559313416,
        "dvar": 0.000219967376324,
        "dvar2": 0.000601882871706,
        "max": 0.554195761681,
        "mean": 0.422781825066,
        "median": 0.423978567123,
        "min": 0.0592000037432,
        "var": 0.00183604471385
    },
    "barkbands_kurtosis": {
        "dmean": 1.25888562202,
        "dmean2": 2.05263400078,
        "dvar": 2.19888114929,
        "dvar2": 5.78439998627,
        "max": 37.8586502075,
        "mean": 1.79845285416,
        "median": 1.12698173523,
        "min": -1.63636291027,
        "var": 7.17858028412
    },
    "barkbands_skewness": {
        "dmean": 0.385803312063,
        "dmean2": 0.611347675323,
        "dvar": 0.100183293223,
        "dvar2": 0.248954132199,
        "max": 4.21647834778,
        "mean": -0.0982252657413,
        "median": -0.129006460309,
        "min": -2.40479016304,
        "var": 0.390964359045
    },
    "barkbands_spread": {
        "dmean": 0.780095458031,
        "dmean2": 1.23025989532,
        "dvar": 0.672586560249,
        "dvar2": 1.72829079628,
        "max": 43.2734947205,
        "mean": 3.68096661568,
        "median": 3.30140066147,
        "min": 0.33369359374,
        "var": 5.11585283279
    },
    "dissonance": {
        "dmean": 0.0670614615083,
        "dmean2": 0.113499902189,
        "dvar": 0.00280272145756,
        "dvar2": 0.00789600238204,
        "max": 0.500000178814,
        "mean": 0.313274770975,
        "median": 0.311573147774,
        "min": 0.0830694809556,
        "var": 0.00559653202072
    },
    "dynamic_complexity": 1.97668421268,
    "erbbands_crest": {
        "dmean": 3.18515586853,
        "dmean2": 5.21376991272,
        "dvar": 6.84886837006,
        "dvar2": 17.3433170319,
        "max": 29.2770862579,
        "mean": 13.3634805679,
        "median": 12.8070697784,
        "min": 2.72154760361,
        "var": 15.2365961075
    },
    "erbbands_flatness_db": {
        "dmean": 0.0172556452453,
        "dmean2": 0.0272411871701,
        "dvar": 0.000181138966582,
        "dvar2": 0.000451623258414,
        "max": 0.522275984287,
        "mean": 0.416395008564,
        "median": 0.418499827385,
        "min": 0.0409421548247,
        "var": 0.00116624590009
    },
    "erbbands_kurtosis": {
        "dmean": 1.7728344202,
        "dmean2": 2.84469342232,
        "dvar": 3.48004937172,
        "dvar2": 8.46837711334,
        "max": 44.8786506653,
        "mean": 2.35106158257,
        "median": 1.62415671349,
        "min": -1.6079672575,
        "var": 8.12461280823
    },
    "erbbands_skewness": {
        "dmean": 0.39122492075,
        "dmean2": 0.614750623703,
        "dvar": 0.0978762358427,
        "dvar2": 0.247903108597,
        "max": 4.98013830185,
        "mean": 0.752360641956,
        "median": 0.727809786797,
        "min": -2.03765535355,
        "var": 0.373144119978
    },
    "erbbands_spread": {
        "dmean": 1.68269908428,
        "dmean2": 2.6717903614,
        "dvar": 2.43349647522,
        "dvar2": 5.85197687149,
        "max": 88.4512329102,
        "mean": 5.90804767609,
        "median": 5.34081935883,
        "min": 0.863700509071,
        "var": 13.802321434
    },
    "hfc": {
        "dmean": 2.92852377892,
        "dmean2": 4.44359779358,
        "dvar": 7.21179389954,
        "dvar2": 16.8215503693,
        "max": 43.3556785583,
        "mean": 10.9385900497,
        "median": 10.0427131653,
        "min": 1.09552859118e-16,
        "var": 31.7912559509
    },
    "melbands_crest": {
        "dmean": 2.84274315834,
        "dmean2": 4.64556646347,
        "dvar": 5.59871006012,
        "dvar2": 14.8786401749,
        "max": 30.4766139984,
        "mean": 13.540430069,
        "median": 12.9550962448,
        "min": 1.28781986237,
        "var": 14.5324363708
    },
    "melbands_flatness_db": {
        "dmean": 0.018881784752,
        "dmean2": 0.0302435886115,
        "dvar": 0.000226767035201,
        "dvar2": 0.000606623594649,
        "max": 0.700770974159,
        "mean": 0.553494155407,
        "median": 0.556845486164,
        "min": 0.000650930218399,
        "var": 0.0030133894179
    },
    "melbands_kurtosis": {
        "dmean": 1.64226603508,
        "dmean2": 2.65280866623,
        "dvar": 3.75476002693,
        "dvar2": 9.39549255371,
        "max": 92.0174407959,
        "mean": 2.30794405937,
        "median": 1.59373664856,
        "min": -1.54753339291,
        "var": 10.8273553848
    },
    "melbands_skewness": {
        "dmean": 0.436849862337,
        "dmean2": 0.687256455421,
        "dvar": 0.123981773853,
        "dvar2": 0.301257193089,
        "max": 6.42810773849,
        "mean": 0.71188300848,
        "median": 0.66150277853,
        "min": -1.3930696249,
        "var": 0.413442522287
    },
    "melbands_spread": {
        "dmean": 1.00651836395,
        "dmean2": 1.60862469673,
        "dvar": 3.28340792656,
        "dvar2": 6.95240211487,
        "max": 153.100631714,
        "mean": 4.67042541504,
        "median": 3.73434185982,
        "min": 0.630301058292,
        "var": 57.5867462158
    },
    "pitch_salience": {
        "dmean": 0.0642629191279,
        "dmean2": 0.104897931218,
        "dvar": 0.0026544732973,
        "dvar2": 0.00700802821666,
        "max": 0.983552277088,
        "mean": 0.626667261124,
        "median": 0.631883978844,
        "min": 0.269524842501,
        "var": 0.00689528835937
    },
    "silence_rate_20dB": {
        "dmean": 0,
        "dmean2": 0,
        "dvar": 0,
        "dvar2": 0,
        "max": 1,
        "mean": 1,
        "median": 1,
        "min": 1,
        "var": 0
    },
    "silence_rate_30dB": {
        "dmean": 0.000295748614008,
        "dmean2": 0.000591540941969,
        "dvar": 0.000295650417684,
        "dvar2": 0.000738959177397,
        "max": 1,
        "mean": 0.999778211117,
        "median": 1,
        "min": 0,
        "var": 0.000221718932153
    },
    "silence_rate_60dB": {
        "dmean": 0.000443622906459,
        "dmean2": 0.000887311471161,
        "dvar": 0.000443464377895,
        "dvar2": 0.00088668812532,
        "max": 1,
        "mean": 0.02343634516,
        "median": 0,
        "min": 0,
        "var": 0.0228870976716
    },
    "spectral_centroid": {
        "dmean": 28.524148941,
        "dmean2": 44.7227706909,
        "dvar": 9586.22363281,
        "dvar2": 19360.6582031,
        "max": 11818.6171875,
        "mean": 377.359802246,
        "median": 334.655731201,
        "min": 164.982208252,
        "var": 330253.09375
    },
    "spectral_complexity": {
        "dmean": 0.996672809124,
        "dmean2": 1.74741196632,
        "dvar": 0.816457867622,
        "dvar2": 2.12842464447,
        "max": 15,
        "mean": 8.24160861969,
        "median": 8,
        "min": 0,
        "var": 4.04975366592
    },
    "spectral_decrease": {
        "dmean": 2.28572472061e-09,
        "dmean2": 3.49319595472e-09,
        "dvar": 4.1403173121e-18,
        "dvar2": 1.00038925497e-17,
        "max": 1.25400067203e-28,
        "mean": -9.49195921862e-09,
        "median": -9.01563446121e-09,
        "min": -3.11177466017e-08,
        "var": 1.83841867213e-17
    },
    "spectral_energy": {
        "dmean": 0.00887786410749,
        "dmean2": 0.0135638946667,
        "dvar": 6.23555970378e-05,
        "dvar2": 0.000150430088979,
        "max": 0.12137798965,
        "mean": 0.0368169695139,
        "median": 0.0349795892835,
        "min": 1.02173373496e-20,
        "var": 0.000276547594694
    },
    "spectral_energyband_high": {
        "dmean": 3.07016598811e-08,
        "dmean2": 5.21015550703e-08,
        "dvar": 1.23498970721e-15,
        "dvar2": 3.52536002032e-15,
        "max": 1.15638954412e-06,
        "mean": 1.31260733838e-07,
        "median": 1.13142910152e-07,
        "min": 7.38662674266e-21,
        "var": 9.11855701081e-15
    },
    "spectral_energyband_low": {
        "dmean": 0.00239306688309,
        "dmean2": 0.00391987478361,
        "dvar": 8.33594094729e-06,
        "dvar2": 2.30891746469e-05,
        "max": 0.0585627146065,
        "mean": 0.00618375604972,
        "median": 0.00448087882251,
        "min": 3.41579958959e-23,
        "var": 3.38654317602e-05
    },
    "spectral_energyband_middle_high": {
        "dmean": 0.000334141106578,
        "dmean2": 0.000549826014321,
        "dvar": 1.88039095406e-07,
        "dvar2": 4.93024799653e-07,
        "max": 0.00590725149959,
        "mean": 0.000633792253211,
        "median": 0.000418481387896,
        "min": 1.26149122772e-21,
        "var": 4.58960016658e-07
    },
    "spectral_energyband_middle_low": {
        "dmean": 0.00837325397879,
        "dmean2": 0.0126499468461,
        "dvar": 5.86922542425e-05,
        "dvar2": 0.000139728072099,
        "max": 0.116847544909,
        "mean": 0.0297393780202,
        "median": 0.0271860901266,
        "min": 1.79861447594e-22,
        "var": 0.000254728482105
    },
    "spectral_entropy": {
        "dmean": 0.128688678145,
        "dmean2": 0.201368555427,
        "dvar": 0.0105073824525,
        "dvar2": 0.0264409519732,
        "max": 9.81966018677,
        "mean": 5.18277406693,
        "median": 5.16192960739,
        "min": 4.30165290833,
        "var": 0.14001826942
    },
    "spectral_flux": {
        "dmean": 0.0190445315093,
        "dmean2": 0.0325715206563,
        "dvar": 0.000249328149948,
        "dvar2": 0.000715343165211,
        "max": 0.213182330132,
        "mean": 0.0755068585277,
        "median": 0.0741532891989,
        "min": 6.32800409295e-11,
        "var": 0.000588142662309
    },
    "spectral_kurtosis": {
        "dmean": 48.4457397461,
        "dmean2": 82.8469924927,
        "dvar": 1678.1796875,
        "dvar2": 4814.51318359,
        "max": 427.634094238,
        "mean": 185.804199219,
        "median": 189.059875488,
        "min": -1.25809586048,
        "var": 3148.33837891
    },
    "spectral_rms": {
        "dmean": 0.000715154339559,
        "dmean2": 0.00109011121094,
        "dvar": 3.36556183811e-07,
        "dvar2": 8.18355658794e-07,
        "max": 0.0108819827437,
        "mean": 0.0058028944768,
        "median": 0.00584178324789,
        "min": 3.15723510703e-12,
        "var": 2.24547693506e-06
    },
    "spectral_rolloff": {
        "dmean": 44.5735816956,
        "dmean2": 78.7576828003,
        "dvar": 54507.9453125,
        "dvar2": 111759.859375,
        "max": 19315.2832031,
        "mean": 485.13079834,
        "median": 409.130859375,
        "min": 107.666015625,
        "var": 1067447
    },
    "spectral_skewness": {
        "dmean": 1.85743939877,
        "dmean2": 3.22664809227,
        "dvar": 2.58498382568,
        "dvar2": 7.34679317474,
        "max": 16.2425060272,
        "mean": 10.4931926727,
        "median": 10.9383630753,
        "min": -0.0819434598088,
        "var": 4.64864397049
    },
    "spectral_spread": {
        "dmean": 277595.90625,
        "dmean2": 494999.40625,
        "dvar": 189968990208,
        "dvar2": 437498150912,
        "max": 42279672,
        "mean": 786399.125,
        "median": 606304.5625,
        "min": 195666.359375,
        "var": 4.72861638656e+12
    },
    "spectral_strongpeak": {
        "dmean": 0.507958650589,
        "dmean2": 0.842079341412,
        "dvar": 0.247657388449,
        "dvar2": 0.611954927444,
        "max": 4.88180875778,
        "mean": 1.09732091427,
        "median": 0.986554980278,
        "min": 0,
        "var": 0.527115046978
    },
    "zerocrossingrate": {
        "dmean": 0.00146545749158,
        "dmean2": 0.0019588295836,
        "dvar": 1.20014456115e-05,
        "dvar2": 1.51404028657e-05,
        "max": 0.53076171875,
        "mean": 0.0171568449587,
        "median": 0.01513671875,
        "min": 0.00439453125,
        "var": 0.000795959669631
    },
    "barkbands": {
        "dmean": [0.000149425002746, 0.000909269670956, 0.00143337470945, 0.000986448372714, 0.00460279546678, 0.00427341135219, 0.00234785326757, 0.00120534305461, 0.000638583791442, 0.000245118426392, 0.000162344193086, 6.37478733552e-05, 3.13194614137e-05, 1.70261273524e-06, 1.37474501116e-06, 4.4297689783e-07, 2.373421637e-07, 1.00555666904e-07, 5.67466997836e-08, 3.11471914927e-08, 1.72348233463e-08, 6.73877442736e-09, 3.26877680479e-09, 1.69716729559e-09, 1.25421106834e-09, 1.21353505023e-09, 1.32236266381e-09],
        "dmean2": [0.00024250226852, 0.00143941654824, 0.00244422839023, 0.00140155269764, 0.00684235803783, 0.00653710030019, 0.00359386252239, 0.00182876328472, 0.00103793444578, 0.00039770686999, 0.000269805081189, 0.000108635591459, 5.24898132426e-05, 2.87016018774e-06, 2.35649008573e-06, 7.5735391647e-07, 4.08774297966e-07, 1.72287911937e-07, 9.75866853992e-08, 5.28742667427e-08, 2.9214080044e-08, 1.14257172612e-08, 5.53142021076e-09, 3.00757463378e-09, 2.27528218488e-09, 2.20994511579e-09, 2.4113566699e-09],
        "dvar": [2.47799842867e-08, 3.18373145092e-06, 3.04228365167e-06, 1.9077547222e-06, 3.06271758745e-05, 2.31936010096e-05, 1.14882304842e-05, 4.24093059337e-06, 2.63551737589e-06, 1.13578764172e-07, 8.62648406041e-08, 2.64781423454e-08, 1.22721113271e-08, 8.05549810884e-12, 3.3694076175e-12, 4.49230523657e-13, 8.02025004569e-14, 1.27183004999e-14, 3.59080813857e-15, 1.07795922203e-15, 4.82011827811e-16, 9.34274627669e-17, 3.16751279348e-17, 6.09683438009e-18, 4.11711034643e-18, 5.9828265578e-18, 1.45876129981e-17],
        "dvar2": [6.44683453288e-08, 7.71926261223e-06, 9.25215044845e-06, 5.25635914528e-06, 7.72670755396e-05, 5.45976836293e-05, 2.47328425758e-05, 9.35931439017e-06, 7.04784588379e-06, 2.84473969714e-07, 2.26555854965e-07, 7.27028393044e-08, 3.32913892009e-08, 2.15778003104e-11, 9.41996133874e-12, 1.23042776055e-12, 2.28705455182e-13, 3.56912849969e-14, 1.03754548017e-14, 3.0576631552e-15, 1.34851774489e-15, 2.59862005512e-16, 8.42225241185e-17, 1.8206326346e-17, 1.25847456917e-17, 1.81126878463e-17, 4.3726550581e-17],
        "max": [0.0054057338275, 0.0450519919395, 0.0324464291334, 0.023718520999, 0.0916964039207, 0.0858744233847, 0.0702172219753, 0.0359086059034, 0.0391678772867, 0.00470324791968, 0.00476989382878, 0.00232236390002, 0.00229845847934, 5.29158460267e-05, 3.84495142498e-05, 1.62648157129e-05, 4.02006162403e-06, 1.97572603611e-06, 7.39514121051e-07, 4.81136396502e-07, 3.88039950394e-07, 1.79841265435e-07, 1.52849892743e-07, 9.95785427449e-08, 1.01153624144e-07, 1.4745157273e-07, 2.70732755325e-07],
        "mean": [0.00186924659647, 0.00212136167102, 0.00253253220581, 0.00222611031495, 0.011303788051, 0.00876317732036, 0.00420943181962, 0.00204022112302, 0.00102048797999, 0.000358506425982, 0.000223409486352, 9.00313243619e-05, 5.15511746926e-05, 2.71807880381e-06, 2.49076606451e-06, 9.14618169645e-07, 5.06275455336e-07, 2.51011272212e-07, 1.49538223582e-07, 9.04929109424e-08, 5.15386098243e-08, 2.12024584556e-08, 1.03051727152e-08, 4.27906021727e-09, 1.84542925386e-09, 1.52583301549e-09, 1.52646251195e-09],
        "median": [0.00119358371012, 0.000741258671042, 0.00172729347833, 0.00131248496473, 0.00809996575117, 0.00676835048944, 0.00234664557502, 0.000688718922902, 0.000307661655825, 0.000194450985873, 4.40108997282e-05, 1.55095367518e-05, 5.48032585357e-06, 1.42572946515e-06, 1.86963166016e-06, 6.74004809298e-07, 4.27960515026e-07, 2.23057625703e-07, 1.34129351181e-07, 8.24856414283e-08, 4.20291854653e-08, 1.23234578098e-08, 5.36692468245e-09, 2.99616820243e-09, 1.22917298562e-09, 1.04148734081e-09, 9.93443549646e-10],
        "min": [7.88215025355e-25, 4.29206320655e-24, 9.99304638654e-25, 2.73780211943e-24, 7.79706726619e-24, 8.9663350437e-24, 4.57643296895e-24, 2.91175995131e-24, 2.34084423536e-23, 2.02517128895e-23, 2.19692476736e-23, 2.19727533715e-23, 2.37104766839e-23, 4.32332410762e-23, 4.47359295927e-23, 5.87327201885e-23, 8.33363893655e-23, 9.92728248441e-23, 9.6693754555e-23, 1.39356481958e-22, 2.4598505609e-22, 3.18984174288e-22, 3.56920684547e-22, 6.56575318033e-22, 8.57665429105e-22, 1.29426916826e-21, 1.93639972368e-21],
        "var": [2.00512954507e-06, 1.49737907122e-05, 6.82835207044e-06, 6.56288148093e-06, 0.000114773087262, 6.11437280895e-05, 2.93582888844e-05, 1.01769055618e-05, 5.55400902158e-06, 2.02144889272e-07, 1.3601110993e-07, 4.52497701531e-08, 2.80067578018e-08, 1.26135091955e-11, 5.33519929624e-12, 8.59533581463e-13, 1.33036444816e-13, 2.58090312224e-14, 7.92584483559e-15, 3.02744313722e-15, 2.01205561544e-15, 4.92810439097e-16, 2.18940533576e-16, 1.94187927986e-17, 4.00258140036e-18, 4.14278561905e-18, 8.82729099408e-18]
    },
    "erbbands": {
        "dmean": [0.00812205113471, 0.272482931614, 1.45485830307, 2.40331363678, 7.1119222641, 19.783531189, 24.8937320709, 42.6820335388, 36.5404396057, 28.9034767151, 19.0686473846, 18.3480548859, 8.04111671448, 6.75637769699, 5.79088830948, 3.11464095116, 1.54651153088, 0.309076935053, 0.0796265900135, 0.0362019240856, 0.0184325352311, 0.00978037063032, 0.00640847161412, 0.00316737871617, 0.00256936461665, 0.00146210670937, 0.000877340033185, 0.000511996622663, 0.000292475015158, 0.000155830522999, 9.29772577365e-05, 4.42001328338e-05, 2.44320690399e-05, 1.54939680215e-05, 1.02785215859e-05, 6.49592357149e-06, 3.46676688423e-06, 9.17604268125e-07, 4.08601727031e-06, 9.80746517598e-06],
        "dmean2": [0.0120842196047, 0.436575055122, 2.47606444359, 3.64368200302, 10.6200332642, 29.2017612457, 37.1744918823, 65.4215316772, 54.8252029419, 43.9414329529, 29.5661029816, 29.6633644104, 13.0169448853, 11.0247774124, 9.65490627289, 5.28359460831, 2.59631419182, 0.527071475983, 0.136003941298, 0.061910469085, 0.0315023697913, 0.0167852584273, 0.0109768677503, 0.00542537169531, 0.00441602850333, 0.00248190853745, 0.00148543866817, 0.000868813775014, 0.000495406915434, 0.000264762202278, 0.000159217204782, 7.67124292906e-05, 4.30282379966e-05, 2.71044864348e-05, 1.76354678842e-05, 1.08087906483e-05, 5.63471348869e-06, 1.59688067924e-06, 6.22165407549e-06, 1.49767729454e-05],
        "dvar": [0.000394960312406, 0.247317671776, 3.16905808449, 8.89410114288, 111.4009552, 644.118896484, 830.380126953, 2766.24389648, 2343.56738281, 1899.82629395, 1411.33325195, 2103.75415039, 143.169387817, 136.261688232, 134.785202026, 66.4962005615, 26.6783390045, 0.92607742548, 0.0121692530811, 0.00214452762157, 0.000532688922249, 0.000102106823761, 5.35294275323e-05, 1.08362901301e-05, 8.97416884982e-06, 2.6465800147e-06, 1.15058128358e-06, 5.48106186216e-07, 1.9387653083e-07, 5.98574416699e-08, 2.96001054778e-08, 4.59833060518e-09, 1.1610794548e-09, 5.10107178719e-10, 2.17590612195e-10, 8.23307394482e-11, 2.43040882558e-11, 4.41897733683e-12, 1.33645455813e-11, 7.59680929274e-11],
        "dvar2": [0.000758130452596, 0.613911628723, 9.50408840179, 25.1796474457, 346.740539551, 1544.52246094, 1754.15942383, 6465.93896484, 4819.53710938, 4220.48144531, 3283.61035156, 5602.62011719, 365.189727783, 351.276519775, 354.254058838, 182.590194702, 72.0752563477, 2.59253978729, 0.0336563922465, 0.00598119013011, 0.00148670410272, 0.000294417666737, 0.000150984255015, 3.09360548272e-05, 2.62451139861e-05, 7.48942829887e-06, 3.19835407936e-06, 1.54045903855e-06, 5.44801196156e-07, 1.64218405985e-07, 8.30103843441e-08, 1.30093562589e-08, 3.51018414335e-09, 1.53851376083e-09, 6.46643683044e-10, 2.3912324898e-10, 6.9532893332e-11, 1.31811245946e-11, 3.21648818691e-11, 1.82957524131e-10],
        "max": [0.833087384701, 11.9333276749, 33.8314666748, 51.9925041199, 161.941604614, 416.066009521, 615.502075195, 988.704772949, 1040.74560547, 877.319458008, 682.093139648, 1053.96325684, 183.334487915, 169.552597046, 250.603271484, 115.239341736, 111.817176819, 20.0645313263, 2.37422370911, 0.816741704941, 0.501962542534, 0.182477742434, 0.133263453841, 0.0525127872825, 0.0412044525146, 0.02673554793, 0.0195837896317, 0.0145021677017, 0.00855987984687, 0.00523604499176, 0.00403692992404, 0.00220641214401, 0.00157611339819, 0.00111529917922, 0.000761932344176, 0.000505856936797, 0.00029180580168, 0.00014314474538, 5.94616249145e-05, 0.000134798843646],
        "mean": [0.0287093240768, 0.618351578712, 2.75000786781, 5.65526008606, 16.9523925781, 45.2098045349, 52.3361968994, 81.1035385132, 69.635597229, 54.1403007507, 33.7003250122, 29.8648548126, 13.0171699524, 10.1392030716, 8.3733921051, 4.64501285553, 2.62015843391, 0.523046255112, 0.151300981641, 0.0819075629115, 0.0440603271127, 0.0251019820571, 0.0168051682413, 0.00910097546875, 0.00681619392708, 0.00431291479617, 0.00264886324294, 0.00154622248374, 0.000910731847398, 0.000493286177516, 0.000293955235975, 0.000144671983435, 7.26863945602e-05, 4.31243606727e-05, 3.15006400342e-05, 2.26469728659e-05, 1.30063044708e-05, 2.40091094383e-06, 1.7112110072e-05, 4.06418330385e-05],
        "median": [0.0106530161574, 0.250290572643, 1.84919905663, 3.97476959229, 11.5046081543, 29.0211410522, 37.4250793457, 56.3461608887, 44.1790466309, 24.8648014069, 12.8245887756, 9.9305267334, 6.67572259903, 3.87572860718, 2.41310882568, 0.861793220043, 0.362676501274, 0.162055447698, 0.108794622123, 0.0667848885059, 0.0361513718963, 0.0227896180004, 0.0149006685242, 0.00827380642295, 0.00604498013854, 0.00388556602411, 0.00231043668464, 0.00117860338651, 0.00054571009241, 0.000250581011642, 0.000159629125847, 0.000101100129541, 5.94846278545e-05, 3.71118330804e-05, 2.82808941847e-05, 2.10853268072e-05, 1.22401470435e-05, 2.12529221244e-06, 1.6256733943e-05, 3.85973507946e-05],
        "min": [1.13890448972e-22, 7.30504787229e-22, 2.65209028371e-21, 9.88309337427e-21, 1.74854381578e-20, 3.66698309768e-20, 3.94552647543e-20, 9.12446002354e-20, 8.65476231481e-20, 2.02862154895e-19, 1.3521639715e-19, 6.64269510561e-19, 9.16363607283e-19, 7.88554896862e-19, 1.03357685784e-18, 9.8506374889e-19, 1.57300067063e-18, 2.2413318965e-18, 3.55931640319e-18, 2.9473822481e-18, 4.68552818386e-18, 5.28765032253e-18, 6.38633311882e-18, 5.73013942428e-18, 6.9196987642e-18, 6.39479641726e-18, 9.40931843413e-18, 1.08992634504e-17, 1.16260392259e-17, 9.57808313143e-18, 1.14322159191e-17, 1.17232602448e-17, 1.07192036019e-17, 8.81965694421e-18, 5.89262416636e-18, 4.10767841949e-18, 2.31583067759e-18, 8.60676722772e-19, 2.77321709538e-19, 2.68988957003e-20],
        "var": [0.00435484247282, 1.06122374535, 8.00456619263, 31.1669311523, 299.765838623, 2298.91625977, 2525.23120117, 6746.65527344, 6219.35644531, 5058.99316406, 3270.45385742, 4323.16503906, 277.662384033, 227.523696899, 212.894744873, 114.315795898, 61.9425468445, 1.76755857468, 0.0208577401936, 0.00410189433023, 0.00116523611359, 0.000210763188079, 0.000112404864922, 2.65597464022e-05, 1.82068906724e-05, 7.11547227183e-06, 3.94910557588e-06, 2.11033807318e-06, 9.21504863527e-07, 3.2491800539e-07, 1.66615350849e-07, 2.47627340855e-08, 2.70638023103e-09, 7.64113106122e-10, 3.45007522551e-10, 1.40153083583e-10, 4.36932712233e-11, 3.79879417853e-12, 5.94343324556e-11, 3.36863037464e-10]
    },
    "gfcc": {
        "mean": [-204.523910522, 263.375061035, -58.3671951294, -38.0116348267, -46.2966156006, -34.1576309204, -17.3334674835, -20.0338439941, -14.1392784119, -15.08248806, -2.41260504723, -9.77353000641, 0.479351639748],
        "cov": [[6713.52441406, 1242.51318359, -664.945495605, -514.820800781, -515.233215332, -44.9510307312, 227.871139526, -180.292739868, 52.571811676, 36.4000892639, 41.8299751282, -40.5814743042, -75.8354415894], [1242.51318359, 422.473022461, -9.42815113068, -41.0044326782, 13.2163486481, -47.1501617432, 21.112203598, 7.95811033249, -0.635090827942, -14.4284439087, 11.4356584549, -16.5881214142, 17.3851108551], [-664.945495605, -9.42815113068, 329.798736572, 174.97869873, 188.766357422, -81.4730987549, -94.7253265381, 63.8054428101, -37.2038879395, -30.3772830963, -3.73648238182, 1.48936545849, 70.0857009888], [-514.820800781, -41.0044326782, 174.97869873, 178.936187744, 158.944824219, -22.861322403, -48.1124763489, 48.7663154602, -9.8609085083, -17.4998111725, -2.11392998695, -0.581685423851, 40.2040786743], [-515.233215332, 13.2163486481, 188.766357422, 158.944824219, 221.39125061, -2.90682482719, -55.1744995117, 61.006893158, -7.89818954468, -27.1314811707, 7.40945625305, -12.7982730865, 36.784324646], [-44.9510307312, -47.1501617432, -81.4730987549, -22.861322403, -2.90682482719, 186.420394897, 97.9631347656, 5.61150074005, 59.5193977356, 30.1568813324, 9.40597057343, -2.27681326866, -66.4043807983], [227.871139526, 21.112203598, -94.7253265381, -48.1124763489, -55.1744995117, 97.9631347656, 132.934234619, 22.3778896332, 45.4364814758, 41.9035987854, 12.4616107941, 11.4704380035, -23.1344776154], [-180.292739868, 7.95811033249, 63.8054428101, 48.7663154602, 61.006893158, 5.61150074005, 22.3778896332, 79.2665252686, 31.9529743195, 10.6311597824, 8.98802757263, -2.70978069305, 17.9081058502], [52.571811676, -0.635090827942, -37.2038879395, -9.8609085083, -7.89818954468, 59.5193977356, 45.4364814758, 31.9529743195, 71.5120697021, 41.5003204346, 13.7082138062, -3.4168305397, -27.4441585541], [36.4000892639, -14.4284439087, -30.3772830963, -17.4998111725, -27.1314811707, 30.1568813324, 41.9035987854, 10.6311597824, 41.5003204346, 63.3270378113, 32.0208206177, 12.3837718964, -8.96342277527], [41.8299751282, 11.4356584549, -3.73648238182, -2.11392998695, 7.40945625305, 9.40597057343, 12.4616107941, 8.98802757263, 13.7082138062, 32.0208206177, 44.207321167, 23.1713638306, 2.69480609894], [-40.5814743042, -16.5881214142, 1.48936545849, -0.581685423851, -12.7982730865, -2.27681326866, 11.4704380035, -2.70978069305, -3.4168305397, 12.3837718964, 23.1713638306, 44.3171806335, 25.1630992889], [-75.8354415894, 17.3851108551, 70.0857009888, 40.2040786743, 36.784324646, -66.4043807983, -23.1344776154, 17.9081058502, -27.4441585541, -8.96342277527, 2.69480609894, 25.1630992889, 74.9704666138]],
        "icov": [[0.000783847994171, -0.00222680927254, 0.000480260321638, -0.00101038056891, 0.00244347029366, -0.000405156082707, -0.000290107534966, 0.00159116578288, -0.00142284319736, 0.00177755684126, -0.00280740042217, 0.00252807885408, -0.00168116344139], [-0.00222680927254, 0.0102814249694, -0.00253780768253, 0.0051470855251, -0.00871852319688, 0.00468707084656, -0.00456931209192, 0.000169560167706, -0.00149777927436, 0.00198569661006, 0.000837748055346, -0.00141615443863, 0.00208866130561], [0.000480260321638, -0.00253780768253, 0.0110806599259, -0.00403704401106, -0.00319715193473, -0.000448600796517, 0.00645086495206, -0.0082369511947, 0.00846433546394, -0.00909857824445, 0.00866987276822, -0.00645890086889, 0.00187696248759], [-0.00101038056891, 0.0051470855251, -0.00403704401106, 0.0233727730811, -0.0188364293426, 0.00496716052294, -0.00212164525874, -0.00163749908097, 0.000535167811904, -0.00694322213531, 0.0140523323789, -0.0115820877254, 0.00515064084902], [0.00244347029366, -0.00871852319688, -0.00319715193473, -0.0188364293426, 0.0370499826968, -0.0152180073783, 0.00731197698042, 0.000100141020084, -0.00566671648994, 0.0200486257672, -0.0334644280374, 0.0298743229359, -0.020343342796], [-0.000405156082707, 0.00468707084656, -0.000448600796517, 0.00496716052294, -0.0152180073783, 0.0252142325044, -0.0193585511297, 0.0110032763332, -0.0123897921294, 0.00533277448267, 0.00397388404235, -0.00999874528497, 0.0167721360922], [-0.000290107534966, -0.00456931209192, 0.00645086495206, -0.00212164525874, 0.00731197698042, -0.0193585511297, 0.0343215800822, -0.0247105192393, 0.0187772251666, -0.0236874427646, 0.0180225465447, -0.0123917236924, -0.000814371393062], [0.00159116578288, 0.000169560167706, -0.0082369511947, -0.00163749908097, 0.000100141020084, 0.0110032763332, -0.0247105192393, 0.0504177510738, -0.0396688990295, 0.0313969887793, -0.0314016267657, 0.0269419867545, -0.0185046382248], [-0.00142284319736, -0.00149777927436, 0.00846433546394, 0.000535167811904, -0.00566671648994, -0.0123897921294, 0.0187772251666, -0.0396688990295, 0.0647618621588, -0.0508403144777, 0.0370949283242, -0.0245724041015, 0.0223272461444], [0.00177755684126, 0.00198569661006, -0.00909857824445, -0.00694322213531, 0.0200486257672, 0.00533277448267, -0.0236874427646, 0.0313969887793, -0.0508403144777, 0.0834645405412, -0.0729924067855, 0.0427983142436, -0.0267290063202], [-0.00280740042217, 0.000837748055346, 0.00866987276822, 0.0140523323789, -0.0334644280374, 0.00397388404235, 0.0180225465447, -0.0314016267657, 0.0370949283242, -0.0729924067855, 0.11164227128, -0.0767654031515, 0.0409315079451], [0.00252807885408, -0.00141615443863, -0.00645890086889, -0.0115820877254, 0.0298743229359, -0.00999874528497, -0.0123917236924, 0.0269419867545, -0.0245724041015, 0.0427983142436, -0.0767654031515, 0.0925155058503, -0.0508096069098], [-0.00168116344139, 0.00208866130561, 0.00187696248759, 0.00515064084902, -0.020343342796, 0.0167721360922, -0.000814371393062, -0.0185046382248, 0.0223272461444, -0.0267290063202, 0.0409315079451, -0.0508096069098, 0.0562030375004]]
    },
    "melbands": {
        "dmean": [0.000159625284141, 0.000620869628619, 0.00046467766515, 0.00098193588201, 0.000860029191244, 0.000899482285604, 0.000551399774849, 0.000304515677271, 0.000142744946061, 0.000112176356197, 3.76246898668e-05, 2.74588837783e-05, 1.92564348254e-05, 1.07877112896e-05, 4.28921157436e-06, 3.21947641169e-06, 2.79257449165e-07, 1.25040131138e-07, 7.14290777637e-08, 4.52774528981e-08, 2.01114964682e-08, 1.18235723434e-08, 8.89457751896e-09, 5.15799181144e-09, 2.75574696396e-09, 2.73887423852e-09, 1.31711241913e-09, 1.00273611636e-09, 6.9618311116e-10, 4.81930606533e-10, 3.61669305615e-10, 1.92725946313e-10, 1.20575494034e-10, 8.56923143555e-11, 6.96694577029e-11, 3.56181820149e-11, 2.71201689578e-11, 1.86409533642e-11, 1.35530874718e-11, 1.19092131989e-11],
        "dmean2": [0.000248553114943, 0.00104153691791, 0.000701441371348, 0.00145726709161, 0.00127379363403, 0.00137576076668, 0.000827765325084, 0.000463519332698, 0.000223100432777, 0.000181776893442, 6.11341456533e-05, 4.48302853329e-05, 3.207298505e-05, 1.81945724762e-05, 7.27860833649e-06, 5.42897578271e-06, 4.7536266834e-07, 2.13592130649e-07, 1.22715917428e-07, 7.72185799747e-08, 3.44688508847e-08, 2.03297876311e-08, 1.536831995e-08, 8.82582362749e-09, 4.7274881787e-09, 4.72315697664e-09, 2.23955831657e-09, 1.70610670036e-09, 1.17594156634e-09, 8.19636969407e-10, 6.17882134346e-10, 3.27236210351e-10, 2.06495154309e-10, 1.45031084364e-10, 1.19167592461e-10, 6.17671122582e-11, 4.73523234512e-11, 3.32099764355e-11, 2.44008736827e-11, 2.15294535671e-11],
        "dvar": [1.15743972628e-07, 6.20169544163e-07, 2.83752910946e-07, 1.73786838786e-06, 8.99341273453e-07, 1.12534110031e-06, 5.46499450138e-07, 2.23049951842e-07, 8.57612363347e-08, 8.09912634736e-08, 3.17976889264e-09, 2.42934872219e-09, 1.31574162676e-09, 4.63647148452e-10, 1.2472142763e-10, 1.43244069384e-10, 2.85725842942e-13, 2.79913980585e-14, 7.3440483973e-15, 4.64201795424e-15, 5.22468927168e-16, 1.67292408449e-16, 1.22150674263e-16, 3.54263986302e-17, 8.94184392839e-18, 1.132979607e-17, 1.84730585927e-18, 1.18807103521e-18, 8.08127386022e-19, 4.06873884046e-19, 3.62322323995e-19, 8.67732237355e-20, 3.590752265e-20, 2.19472633066e-20, 2.07728590917e-20, 3.81544125734e-21, 1.77543958532e-21, 6.70950610402e-22, 4.25549992958e-22, 3.43013003679e-22],
        "dvar2": [2.61860378714e-07, 1.77950221314e-06, 7.88613704117e-07, 4.69576798423e-06, 1.87519242445e-06, 2.63051947513e-06, 1.13622638764e-06, 4.91625769428e-07, 2.04497240475e-07, 2.14110585262e-07, 8.11253109134e-09, 6.23969409475e-09, 3.47407302925e-09, 1.24872356899e-09, 3.4038377672e-10, 3.92622989676e-10, 8.01180627917e-13, 7.77481039076e-14, 2.07862562883e-14, 1.26761961862e-14, 1.4913817099e-15, 4.77799321206e-16, 3.53015115631e-16, 1.00151289712e-16, 2.54119330579e-17, 3.2863548247e-17, 5.26459679886e-18, 3.37602372601e-18, 2.22508420811e-18, 1.13330413063e-18, 1.02566011899e-18, 2.46114046183e-19, 9.99782445614e-20, 5.82887617414e-20, 5.77709208285e-20, 1.06070056572e-20, 5.12911433389e-21, 2.03249928926e-21, 1.2998647543e-21, 1.05005792587e-21],
        "max": [0.0103340614587, 0.0158177632838, 0.00889848638326, 0.0221788045019, 0.0199586562812, 0.0192535892129, 0.0161064602435, 0.0100555103272, 0.00521080521867, 0.00568997999653, 0.000897545425687, 0.000757024623454, 0.000655120413285, 0.000330890266923, 0.000192423918634, 0.000226963180467, 1.48876224557e-05, 3.67709299098e-06, 1.22241397094e-06, 1.6097075104e-06, 3.86423550935e-07, 1.74275072595e-07, 2.18938225771e-07, 1.16237039549e-07, 4.61712730271e-08, 4.85794195981e-08, 2.07825312515e-08, 1.64894711219e-08, 1.40275471239e-08, 1.29054544828e-08, 1.24710313187e-08, 5.52062484616e-09, 3.74293573913e-09, 3.81002740468e-09, 3.25133120427e-09, 1.86243109823e-09, 1.30102684182e-09, 1.09659425984e-09, 1.00057717667e-09, 8.95767016118e-10],
        "mean": [0.000491079175845, 0.00126094080042, 0.00116669456474, 0.00234893942252, 0.00195036781952, 0.00175020250026, 0.00103655934799, 0.000559841864742, 0.000243333721301, 0.000176505753188, 5.79052102694e-05, 3.94815142499e-05, 2.70417203865e-05, 1.55472116603e-05, 6.66982896291e-06, 5.06481273987e-06, 4.31849059623e-07, 2.14443133473e-07, 1.42565852457e-07, 8.80381989532e-08, 4.31484785679e-08, 2.67102180374e-08, 1.97779979061e-08, 1.18252554415e-08, 6.57177157137e-09, 5.9182481138e-09, 3.49220985463e-09, 2.65097455099e-09, 1.79922055032e-09, 1.18330978349e-09, 8.43138392437e-10, 5.35552158176e-10, 3.32792599034e-10, 2.30595542661e-10, 1.79736725503e-10, 9.71565675134e-11, 6.88165080476e-11, 4.13461660742e-11, 2.2923881543e-11, 1.78819424546e-11],
        "median": [0.0002296394523, 0.000794347492047, 0.000865801936015, 0.00150650483556, 0.00145907117985, 0.00128230045084, 0.000649752211757, 0.000248503463808, 8.49034549901e-05, 5.37727864867e-05, 2.8492668207e-05, 1.12980314952e-05, 6.35942888039e-06, 2.79021855931e-06, 9.37703475756e-07, 5.08223365614e-07, 2.02163420226e-07, 1.58934085448e-07, 1.13449502237e-07, 6.25043412583e-08, 3.5746463567e-08, 2.32883188289e-08, 1.62316187158e-08, 1.01757047233e-08, 5.56098811444e-09, 4.94258589612e-09, 3.10776515633e-09, 2.32280084056e-09, 1.45608969326e-09, 9.15855391526e-10, 5.41072742166e-10, 3.13087722414e-10, 1.59090240981e-10, 1.22264948166e-10, 8.14996958809e-11, 6.08896821852e-11, 4.41168594711e-11, 2.90388459806e-11, 1.63187935387e-11, 1.19747978894e-11],
        "min": [1.79455127429e-24, 1.31653410624e-24, 1.92846593498e-24, 1.70870802223e-24, 1.55783797968e-24, 2.09223543106e-24, 1.27328875142e-24, 2.27546198415e-24, 9.2007776022e-25, 3.8658720306e-24, 4.40540910799e-24, 2.19998712539e-24, 3.54316007833e-24, 2.97527094558e-24, 2.31414003154e-24, 2.82161740732e-24, 3.61994543226e-24, 5.13113550282e-24, 3.09740061598e-24, 3.85126942639e-24, 4.65074524395e-24, 4.55371416932e-24, 4.9671751024e-24, 4.57664438368e-24, 3.92439249357e-24, 4.60020450347e-24, 5.61587238528e-24, 3.2447225594e-24, 4.87948374646e-24, 4.66848633128e-24, 5.67925144255e-24, 6.22737408761e-24, 3.86808754646e-24, 5.07353958484e-24, 6.0909697819e-24, 5.43143473348e-24, 6.96686294978e-24, 6.86581933415e-24, 7.71412169745e-24, 6.59878873445e-24],
        "var": [7.41966800888e-07, 1.9395149593e-06, 1.04494529296e-06, 6.10264532952e-06, 3.10230348077e-06, 2.80556082544e-06, 1.44540535985e-06, 5.88305567817e-07, 1.95794854108e-07, 1.63779631634e-07, 5.87115911443e-09, 4.01342292733e-09, 2.05155514799e-09, 7.93569210344e-10, 2.60205967884e-10, 2.89172186196e-10, 4.4150130058e-13, 4.00381191688e-14, 1.30437059943e-14, 8.70618325561e-15, 1.00010736505e-15, 3.05205002667e-16, 2.27067166195e-16, 6.692858626e-17, 1.94106037106e-17, 1.89975858133e-17, 4.52779848953e-18, 3.0742744424e-18, 2.23133810713e-18, 1.1974024597e-18, 9.4753621886e-19, 3.46792007994e-19, 1.46946283525e-19, 9.55150493947e-20, 8.36864700328e-20, 1.65722566109e-20, 7.0567141564e-21, 1.58080647115e-21, 4.8189485643e-22, 3.57220174012e-22]
    },
    "mfcc": {
        "mean": [-843.243530273, 274.590332031, 62.2981796265, -2.83532738686, -4.91307735443, -11.9252882004, -7.96301984787, -5.47630310059, -8.02641487122, -8.33327388763, -7.16181850433, -3.22966122627, 0.277566850185],
        "cov": [[1548.7487793, 1149.49645996, -162.251571655, -338.285217285, -228.932556152, -89.4063415527, 21.5036754608, -18.4058971405, -20.5819683075, -0.302589088678, 41.7344093323, 98.8761520386, 63.946308136], [1149.49645996, 941.084350586, -0.599750161171, -202.640197754, -131.727935791, -61.7119674683, -1.32675516605, -7.88004541397, -13.6312589645, -6.26768350601, 17.9336338043, 51.945526123, 41.2234230042], [-162.251571655, -0.599750161171, 218.343643188, 173.492904663, 104.720565796, 5.59102869034, -30.5153274536, 5.71048212051, 3.82477021217, -6.00861644745, -36.1864624023, -60.660610199, -23.6275558472], [-338.285217285, -202.640197754, 173.492904663, 270.848419189, 175.782806396, 5.22876501083, -33.5842056274, 3.19696259499, -0.215803772211, 1.0700930357, -43.109085083, -86.7497024536, -46.0830192566], [-228.932556152, -131.727935791, 104.720565796, 175.782806396, 169.250061035, 46.8680267334, -18.1834793091, 14.1585683823, 6.90039920807, 3.62383699417, -9.7461643219, -47.2772979736, -39.1802444458], [-89.4063415527, -61.7119674683, 5.59102869034, 5.22876501083, 46.8680267334, 78.696144104, 38.6578865051, 19.9453697205, 18.5153064728, 9.85735797882, 21.482673645, 20.3689231873, 0.635855674744], [21.5036754608, -1.32675516605, -30.5153274536, -33.5842056274, -18.1834793091, 38.6578865051, 61.1152420044, 31.8394012451, 14.6232385635, 11.9905176163, 17.1429386139, 24.2077617645, 16.0125026703], [-18.4058971405, -7.88004541397, 5.71048212051, 3.19696259499, 14.1585683823, 19.9453697205, 31.8394012451, 50.093120575, 33.49243927, 12.6563358307, 12.3583974838, 7.51030778885, 1.82524800301], [-20.5819683075, -13.6312589645, 3.82477021217, -0.215803772211, 6.90039920807, 18.5153064728, 14.6232385635, 33.49243927, 53.1490402222, 34.9263916016, 15.3613414764, 8.32356739044, 0.759665429592], [-0.302589088678, -6.26768350601, -6.00861644745, 1.0700930357, 3.62383699417, 9.85735797882, 11.9905176163, 12.6563358307, 34.9263916016, 57.3135910034, 39.899356842, 7.60996961594, -6.65362644196], [41.7344093323, 17.9336338043, -36.1864624023, -43.109085083, -9.7461643219, 21.482673645, 17.1429386139, 12.3583974838, 15.3613414764, 39.899356842, 73.4317474365, 51.5464019775, 1.76047074795], [98.8761520386, 51.945526123, -60.660610199, -86.7497024536, -47.2772979736, 20.3689231873, 24.2077617645, 7.51030778885, 8.32356739044, 7.60996961594, 51.5464019775, 85.4871902466, 45.5934638977], [63.946308136, 41.2234230042, -23.6275558472, -46.0830192566, -39.1802444458, 0.635855674744, 16.0125026703, 1.82524800301, 0.759665429592, -6.65362644196, 1.76047074795, 45.5934638977, 66.2325286865]],
