{
"lowlevel": {
    "average_loudness": 0.87314081192,
    "barkbands_crest": {
        "dmean": 2.23664593697,
        "dmean2": 3.64840531349,
        "dvar": 4.21176958084,
        "dvar2": 10.5039730072,
        "max": 23.4642620087,
        "mean": 8.79840946198,
        "median": 8.12405586243,
        "min": 3.22810220718,
        "var": 8.80728435516
    },
    "barkbands_flatness_db": {
        "dmean": 0.0187379643321,
        "dmean2": 0.0306493174285,
        "dvar": 0.00022533799347,
        "dvar2": 0.000602856336627,
        "max": 0.51968562603,
        "mean": 0.392226994038,
        "median": 0.391916751862,
        "min": 0.0485455431044,
        "var": 0.00130842556246
    },
    "barkbands_kurtosis": {
        "dmean": 0.668669104576,
        "dmean2": 1.0843372345,
        "dvar": 0.676200807095,
        "dvar2": 1.63367116451,
        "max": 22.0743026733,
        "mean": -0.469793140888,
        "median": -0.756861686707,
        "min": -1.77457427979,
        "var": 1.17524123192
    },
    "barkbands_skewness": {
        "dmean": 0.409029096365,
        "dmean2": 0.622747123241,
        "dvar": 0.115093201399,
        "dvar2": 0.265849858522,
        "max": 2.86080789566,
        "mean": 0.0660596638918,
        "median": 0.101001419127,
        "min": -4.25764322281,
        "var": 0.393968105316
    },
    "barkbands_spread": {
        "dmean": 1.24241554737,
        "dmean2": 1.89131343365,
        "dvar": 1.27972316742,
        "dvar2": 2.95476961136,
        "max": 57.7346229553,
        "mean": 7.08468961716,
        "median": 6.83990907669,
        "min": 1.20397973061,
        "var": 5.90702724457
    },
    "dissonance": {
        "dmean": 0.0535680688918,
        "dmean2": 0.0896913856268,
        "dvar": 0.00191116367932,
        "dvar2": 0.0052507435903,
        "max": 0.499999821186,
        "mean": 0.365280270576,
        "median": 0.37215334177,
        "min": 0.102378867567,
        "var": 0.00410247035325
    },
    "dynamic_complexity": 2.35149240494,
    "erbbands_crest": {
        "dmean": 3.92293596268,
        "dmean2": 6.33740663528,
        "dvar": 10.1281442642,
        "dvar2": 23.8289890289,
        "max": 31.8526306152,
        "mean": 13.5242128372,
        "median": 12.5575551987,
        "min": 2.35357427597,
        "var": 23.2093734741
    },
    "erbbands_flatness_db": {
        "dmean": 0.0205340627581,
        "dmean2": 0.0317743308842,
        "dvar": 0.000268118979875,
        "dvar2": 0.0006205351674,
        "max": 0.550537824631,
        "mean": 0.425288170576,
        "median": 0.424383968115,
        "min": 0.0482005216181,
        "var": 0.00128672865685
    },
    "erbbands_kurtosis": {
        "dmean": 1.54616582394,
        "dmean2": 2.41689348221,
        "dvar": 4.17984676361,
        "dvar2": 9.48865413666,
        "max": 36.7528610229,
        "mean": 1.269790411,
        "median": 0.468660354614,
        "min": -1.61462450027,
        "var": 7.74507665634
    },
    "erbbands_skewness": {
        "dmean": 0.500022351742,
        "dmean2": 0.751176118851,
        "dvar": 0.170964151621,
        "dvar2": 0.379754722118,
        "max": 2.36191034317,
        "mean": -0.846561551094,
        "median": -0.778611600399,
        "min": -5.37969303131,
        "var": 0.516340196133
    },
    "erbbands_spread": {
        "dmean": 2.15070843697,
        "dmean2": 3.32525658607,
        "dvar": 3.44970369339,
        "dvar2": 8.14541721344,
        "max": 77.5560302734,
        "mean": 8.53791809082,
        "median": 8.28883743286,
        "min": 0.832350254059,
        "var": 11.5887174606
    },
    "hfc": {
        "dmean": 5.45569372177,
        "dmean2": 8.25951480865,
        "dvar": 34.3951416016,
        "dvar2": 76.1443328857,
        "max": 110.447746277,
        "mean": 16.7819805145,
        "median": 14.7958164215,
        "min": 1.07625501821e-16,
        "var": 118.888587952
    },
    "melbands_crest": {
        "dmean": 2.28711462021,
        "dmean2": 3.66755461693,
        "dvar": 4.4264922142,
        "dvar2": 11.9561634064,
        "max": 27.5187358856,
        "mean": 10.6450967789,
        "median": 10.044919014,
        "min": 1.63449048996,
        "var": 10.2314176559
    },
    "melbands_flatness_db": {
        "dmean": 0.0168140567839,
        "dmean2": 0.02771695517,
        "dvar": 0.000193090963876,
        "dvar2": 0.000526758551132,
        "max": 0.661542952061,
        "mean": 0.505327641964,
        "median": 0.505666792393,
        "min": 0.00360451103188,
        "var": 0.00208135903813
    },
    "melbands_kurtosis": {
        "dmean": 0.856960892677,
        "dmean2": 1.37388145924,
        "dvar": 1.00436162949,
        "dvar2": 2.41740584373,
        "max": 19.0311698914,
        "mean": -0.272801995277,
        "median": -0.678669929504,
        "min": -1.85456573963,
        "var": 1.90555930138
    },
    "melbands_skewness": {
        "dmean": 0.40704163909,
        "dmean2": 0.617631852627,
        "dvar": 0.110331691802,
        "dvar2": 0.258288234472,
        "max": 3.95691418648,
        "mean": 0.539627611637,
        "median": 0.551932692528,
        "min": -3.10392308235,
        "var": 0.411067962646
    },
    "melbands_spread": {
        "dmean": 2.45709180832,
        "dmean2": 3.77353644371,
        "dvar": 5.84108352661,
        "dvar2": 11.9033355713,
        "max": 150.834869385,
        "mean": 12.4749898911,
        "median": 12.0899391174,
        "min": 1.86755299568,
        "var": 40.6555519104
    },
    "pitch_salience": {
        "dmean": 0.059932641685,
        "dmean2": 0.0948680639267,
        "dvar": 0.0023057020735,
        "dvar2": 0.00568445399404,
        "max": 0.992512822151,
        "mean": 0.56288343668,
        "median": 0.566475570202,
        "min": 0.236699938774,
        "var": 0.00693104183301
    },
    "silence_rate_20dB": {
        "dmean": 0,
        "dmean2": 0,
        "dvar": 0,
        "dvar2": 0,
        "max": 1,
        "mean": 1,
        "median": 1,
        "min": 1,
        "var": 0
    },
    "silence_rate_30dB": {
        "dmean": 0.00139060569927,
        "dmean2": 0.00278142630123,
        "dvar": 0.00138864805922,
        "dvar2": 0.00370073621161,
        "max": 1,
        "mean": 0.998918473721,
        "median": 1,
        "min": 0,
        "var": 0.00108021253254
    },
    "silence_rate_60dB": {
        "dmean": 0.000772558734752,
        "dmean2": 0.00154523679521,
        "dvar": 0.000771931780037,
        "dvar2": 0.00185218721163,
        "max": 1,
        "mean": 0.0186944771558,
        "median": 0,
        "min": 0,
        "var": 0.0183464791626
    },
    "spectral_centroid": {
        "dmean": 70.0974197388,
        "dmean2": 108.110603333,
        "dvar": 7938.04150391,
        "dvar2": 15117.4902344,
        "max": 11345.2841797,
        "mean": 562.742126465,
        "median": 537.644287109,
        "min": 217.877532959,
        "var": 189318.125
    },
    "spectral_complexity": {
        "dmean": 1.16022872925,
        "dmean2": 1.9955188036,
        "dvar": 1.00484549999,
        "dvar2": 2.605052948,
        "max": 19,
        "mean": 11.1941289902,
        "median": 11,
        "min": 0,
        "var": 4.50036334991
    },
    "spectral_decrease": {
        "dmean": 1.87059678858e-09,
        "dmean2": 2.79086354027e-09,
        "dvar": 3.3159077546e-18,
        "dvar2": 7.29356165361e-18,
        "max": 5.05885083385e-20,
        "mean": -8.51002379676e-09,
        "median": -7.95055665748e-09,
        "min": -3.43204931141e-08,
        "var": 2.28922697745e-17
    },
    "spectral_energy": {
        "dmean": 0.00751928472891,
        "dmean2": 0.0112316189334,
        "dvar": 5.40777145943e-05,
        "dvar2": 0.000118761214253,
        "max": 0.135856151581,
        "mean": 0.03364090994,
        "median": 0.031413372606,
        "min": 1.00270761152e-20,
        "var": 0.000358516757842
    },
    "spectral_energyband_high": {
        "dmean": 4.25280504146e-08,
        "dmean2": 6.88990766662e-08,
        "dvar": 9.85743232103e-15,
        "dvar2": 2.67788229606e-14,
        "max": 3.8590674194e-06,
        "mean": 1.53476847231e-07,
        "median": 6.05629111305e-08,
        "min": 6.76306221167e-21,
        "var": 7.94552615434e-14
    },
    "spectral_energyband_low": {
        "dmean": 0.00103691930417,
        "dmean2": 0.00115103088319,
        "dvar": 2.45945716415e-06,
        "dvar2": 4.73865293316e-06,
        "max": 0.0576516874135,
        "mean": 0.00582250393927,
        "median": 0.00404661474749,
        "min": 2.49479754077e-23,
        "var": 3.47526474798e-05
    },
    "spectral_energyband_middle_high": {
        "dmean": 0.00482906261459,
        "dmean2": 0.00748878577724,
        "dvar": 3.53100003849e-05,
        "dvar2": 7.78639659984e-05,
        "max": 0.11760187149,
        "mean": 0.00838559214026,
        "median": 0.00583022227511,
        "min": 1.19203572319e-21,
        "var": 7.66925004427e-05
    },
    "spectral_energyband_middle_low": {
        "dmean": 0.00501259136945,
        "dmean2": 0.00720611447468,
        "dvar": 2.44593884418e-05,
        "dvar2": 5.37359483133e-05,
        "max": 0.0944373086095,
        "mean": 0.0215350482613,
        "median": 0.0196720194072,
        "min": 1.87679715497e-22,
        "var": 0.000169983599335
    },
    "spectral_entropy": {
        "dmean": 0.101083807647,
        "dmean2": 0.157044783235,
        "dvar": 0.00724846543744,
        "dvar2": 0.0168689079583,
        "max": 9.81918811798,
        "mean": 5.5926399231,
        "median": 5.59265422821,
        "min": 4.76575756073,
        "var": 0.0706929713488
    },
    "spectral_flux": {
        "dmean": 0.018505172804,
        "dmean2": 0.0322221554816,
        "dvar": 0.000257111591054,
        "dvar2": 0.000804360606708,
        "max": 0.195872992277,
        "mean": 0.0718665346503,
        "median": 0.0701191201806,
        "min": 6.48398140735e-11,
        "var": 0.000672120950185
    },
    "spectral_kurtosis": {
        "dmean": 51.8021087646,
        "dmean2": 89.0620117188,
        "dvar": 2131.28637695,
        "dvar2": 6091.45166016,
        "max": 528.095947266,
        "mean": 183.826202393,
        "median": 185.160446167,
        "min": -1.23439979553,
        "var": 4591.29052734
    },
    "spectral_rms": {
        "dmean": 0.00063019519439,
        "dmean2": 0.000938383163884,
        "dvar": 2.86202691768e-07,
        "dvar2": 6.29305134225e-07,
        "max": 0.0115127144381,
        "mean": 0.00546652404591,
        "median": 0.00553599046543,
        "min": 3.12770100618e-12,
        "var": 2.93743528346e-06
    },
    "spectral_rolloff": {
        "dmean": 98.6926345825,
        "dmean2": 172.820968628,
        "dvar": 57629.8984375,
        "dvar2": 93184.8046875,
        "max": 19745.9472656,
        "mean": 861.859069824,
        "median": 882.861328125,
        "min": 150.732421875,
        "var": 622209.75
    },
    "spectral_skewness": {
        "dmean": 2.25804400444,
        "dmean2": 3.98870015144,
        "dvar": 3.80590343475,
        "dvar2": 10.7889871597,
        "max": 17.6748809814,
        "mean": 9.64985942841,
        "median": 10.05356884,
        "min": -0.0517054013908,
        "var": 6.73263311386
    },
    "spectral_spread": {
        "dmean": 233494.109375,
        "dmean2": 416263.3125,
        "dvar": 103388037120,
        "dvar2": 232301920256,
        "max": 42082484,
        "mean": 668905.625,
        "median": 558239.8125,
        "min": 168545.421875,
        "var": 2.7269964759e+12
    },
    "spectral_strongpeak": {
        "dmean": 0.955442130566,
        "dmean2": 1.60102140903,
        "dvar": 1.1361849308,
        "dvar2": 2.62287163734,
        "max": 12.1410732269,
        "mean": 1.60247242451,
        "median": 1.17076790333,
        "min": 0,
        "var": 1.92892992496
    },
    "zerocrossingrate": {
        "dmean": 0.0028446984943,
        "dmean2": 0.00369434570894,
        "dvar": 2.63394576905e-05,
        "dvar2": 3.24043357978e-05,
        "max": 0.51953125,
        "mean": 0.027738109231,
        "median": 0.0263671875,
        "min": 0.0078125,
        "var": 0.000479286973132
    },
    "barkbands": {
        "dmean": [4.627229373e-06, 0.000340286962455, 0.000546667026356, 0.000891271629371, 0.00195456645451, 0.00148739246652, 0.00110791740008, 0.00155056372751, 0.00179112271871, 0.00347917899489, 0.00218437844887, 0.00043153137085, 0.000262895395281, 4.50041698059e-05, 2.08279798244e-05, 2.05407491194e-06, 9.51039794472e-07, 2.56716788272e-07, 1.63636329376e-07, 7.59137464001e-08, 2.33971544361e-08, 4.78255524072e-09, 1.8708861127e-09, 1.2851687492e-09, 1.20108489821e-09, 1.16614662371e-09, 1.24738741558e-09],
        "dmean2": [7.43982582208e-06, 0.000290029740427, 0.00054402416572, 0.00127188966144, 0.00300718052313, 0.00192659161985, 0.00130364112556, 0.00206988817081, 0.00253824447282, 0.00524992868304, 0.00352747947909, 0.000700014119502, 0.000445800367743, 7.63424031902e-05, 3.62560604117e-05, 3.47773857357e-06, 1.59697583513e-06, 4.36823142991e-07, 2.78724371583e-07, 1.28110130504e-07, 3.96355623877e-08, 7.91979282155e-09, 3.28801785798e-09, 2.34667973942e-09, 2.20729123868e-09, 2.14524642494e-09, 2.29377139505e-09],
        "dvar": [6.90991014407e-11, 2.88640734425e-07, 7.926077501e-07, 2.58824320554e-06, 6.86269777361e-06, 4.30607406088e-06, 2.38515917772e-06, 4.0952627387e-06, 5.90129457123e-06, 2.65837479674e-05, 1.6364372641e-05, 7.13149120202e-07, 3.688697916e-07, 2.69882338699e-08, 1.53652894852e-08, 9.40634289209e-12, 1.52169834892e-12, 1.50308205552e-13, 6.34866101747e-14, 3.36965630637e-14, 7.12391215761e-15, 2.26721312055e-16, 7.40339717689e-18, 3.14964259032e-18, 2.74740823309e-18, 2.60853225966e-18, 2.95220698582e-18],
        "dvar2": [1.62928920355e-10, 2.39956932546e-07, 8.08162553767e-07, 8.19702472654e-06, 2.2269827241e-05, 8.86118323251e-06, 2.99267503578e-06, 6.89258786224e-06, 1.09795755634e-05, 5.63952962693e-05, 3.89231354347e-05, 1.7981859628e-06, 1.01093360172e-06, 7.60217773177e-08, 4.50780710537e-08, 2.50305366711e-11, 4.12185693563e-12, 4.16349219641e-13, 1.82787880426e-13, 9.25252984039e-14, 1.99366720778e-14, 5.65171775567e-16, 2.17454715364e-17, 9.62963716311e-18, 8.536570096e-18, 8.09963758001e-18, 9.18240542132e-18],
        "max": [0.000179187903996, 0.0278316140175, 0.033318772912, 0.0323080122471, 0.0460761077702, 0.0508552528918, 0.0422155335546, 0.0341327413917, 0.047184035182, 0.112386196852, 0.0610001161695, 0.0140655199066, 0.00833839643747, 0.00505429692566, 0.00472741667181, 5.20017310919e-05, 2.26888623729e-05, 6.95065455147e-06, 5.21441825185e-06, 3.88984381061e-06, 2.75802767646e-06, 9.2324802381e-07, 9.26259531298e-08, 4.74164885134e-08, 2.58196681813e-08, 2.61370054488e-08, 2.50023468595e-08],
        "mean": [5.71039527131e-06, 0.00186006759759, 0.00246786908247, 0.00276593305171, 0.00540877319872, 0.00380951515399, 0.00245246617123, 0.00270432792604, 0.00303823291324, 0.00535503216088, 0.0027060136199, 0.00061249017017, 0.000355778756784, 6.11298019066e-05, 3.15990546369e-05, 3.03267734125e-06, 1.67320001765e-06, 5.13845634487e-07, 4.07024543847e-07, 1.88349929431e-07, 6.83419969505e-08, 1.7125454832e-08, 5.24052934381e-09, 2.16769846517e-09, 1.70333358529e-09, 1.71526959303e-09, 1.38224698354e-09],
        "median": [1.73115836333e-06, 0.00080750475172, 0.00144418072887, 0.00166282965802, 0.00404973421246, 0.00234823580831, 0.00134762213565, 0.00152788020205, 0.00176330574322, 0.00287114595994, 0.000622937863227, 0.000186453369679, 4.94699888804e-05, 1.63081713254e-05, 8.72980126587e-06, 1.75369746103e-06, 1.16437138331e-06, 3.07452694415e-07, 2.24406733196e-07, 6.18385271878e-08, 1.97824885362e-08, 6.23965723534e-09, 2.47816278609e-09, 1.34373645544e-09, 1.22084831133e-09, 1.2825831508e-09, 8.31065660734e-10],
        "min": [2.60461044976e-24, 9.76601438738e-24, 7.05038640844e-26, 4.98557962175e-24, 1.64511956183e-23, 1.1956546226e-23, 5.54643250966e-24, 1.11903729604e-23, 2.74076090003e-23, 3.34670105409e-23, 1.94580730649e-23, 1.89182381925e-23, 2.11759328597e-23, 3.49961448305e-23, 6.89277944445e-23, 5.0882355113e-23, 6.92232954287e-23, 1.02586236284e-22, 1.61369853778e-22, 2.18978346202e-22, 2.80381915913e-22, 4.02992963446e-22, 3.73163974296e-22, 5.0466554734e-22, 9.58600043089e-22, 1.30804689534e-21, 2.09296809036e-21],
        "var": [1.16262437178e-10, 8.98017151485e-06, 9.22750950849e-06, 1.11229710456e-05, 2.31949252338e-05, 1.87605965039e-05, 1.01574796645e-05, 1.08655030999e-05, 1.32896448122e-05, 5.39232969459e-05, 2.43150370807e-05, 1.23343920677e-06, 6.07481808856e-07, 4.61206717262e-08, 3.06408622919e-08, 1.39946101582e-11, 2.81410008143e-12, 3.65731560705e-13, 2.24180157944e-13, 1.0596799588e-13, 3.27537476308e-14, 2.14299822699e-15, 5.24356176132e-17, 9.69445917181e-18, 2.82437614831e-18, 2.63266794237e-18, 2.62928663482e-18]
    },
    "erbbands": {
        "dmean": [0.00276053044945, 0.0987326279283, 0.478801369667, 1.80126821995, 5.32540655136, 6.98595619202, 10.0665903091, 11.9149522781, 14.5928373337, 19.5831108093, 36.8402862549, 41.9821624756, 59.4473648071, 123.552619934, 74.4291763306, 21.3682956696, 13.422337532, 3.02483725548, 1.35396635532, 0.403692215681, 0.0835377499461, 0.0342153087258, 0.0179200693965, 0.00928305462003, 0.00735710095614, 0.00462358817458, 0.00131894659717, 0.000411317218095, 0.000183148484211, 8.70642325026e-05, 4.59296279587e-05, 2.99421426462e-05, 2.1637246391e-05, 1.51624562932e-05, 1.02727390185e-05, 6.5066424213e-06, 3.4654153751e-06, 1.09703125872e-06, 3.75397576136e-06, 8.64355297381e-06],
        "dmean2": [0.00236246781424, 0.08476819098, 0.467045515776, 2.48271226883, 8.93904495239, 9.96429347992, 11.3760671616, 16.2578010559, 17.4572601318, 24.8304691315, 49.140296936, 59.0107002258, 87.9708328247, 189.295608521, 119.905006409, 35.0724449158, 22.7846565247, 5.09339666367, 2.34729957581, 0.686171710491, 0.139156982303, 0.0572431944311, 0.0302884019911, 0.015716150403, 0.0126348752528, 0.00777680333704, 0.0022454073187, 0.000694838061463, 0.000309480761643, 0.000150844090967, 8.09488992672e-05, 5.34901191713e-05, 3.85506973544e-05, 2.65755315922e-05, 1.75480345206e-05, 1.07537189251e-05, 5.59555473956e-06, 1.83009342436e-06, 5.6126018535e-06, 1.29277987071e-05],
        "dvar": [2.084229709e-05, 0.0233363695443, 0.505208611488, 10.6914300919, 59.2753829956, 92.5983886719, 210.177825928, 353.106506348, 446.431671143, 950.362731934, 2644.33032227, 2911.13232422, 6460.94189453, 34676.3046875, 16275.6064453, 1586.86157227, 918.821044922, 105.983711243, 58.9952697754, 0.978390038013, 0.017863297835, 0.0019083248917, 0.000549903372303, 0.000188564838027, 0.000182520831004, 0.000135371257784, 2.26401552936e-05, 2.3022730602e-06, 2.27669914921e-07, 2.19169287163e-08, 3.86810139474e-09, 1.59031721125e-09, 8.24465107296e-10, 3.5474986837e-10, 1.45204293034e-10, 5.09267107651e-11, 1.31750348478e-11, 1.45390871651e-12, 1.37880418888e-11, 7.22957457788e-11],
        "dvar2": [1.60423078341e-05, 0.0198603831232, 0.525200545788, 31.7901287079, 203.9425354, 258.837585449, 274.163421631, 846.076477051, 569.104064941, 1465.25268555, 4551.41796875, 5431.99951172, 13459.4462891, 73564.65625, 38685.0859375, 4065.57666016, 2524.79394531, 290.114685059, 173.531051636, 2.81460046768, 0.0474083647132, 0.00511521054432, 0.00151975406334, 0.00052299129311, 0.00053498178022, 0.000372675451217, 6.48568966426e-05, 6.02256932325e-06, 6.12243979958e-07, 6.44420268259e-08, 1.14095008996e-08, 4.81138551223e-09, 2.50507281585e-09, 1.07708697517e-09, 4.29550811587e-10, 1.42520287238e-10, 3.49273769629e-11, 4.03860712234e-12, 3.00615400628e-11, 1.58542012851e-10],
        "max": [0.274183988571, 7.69334745407, 26.5643138885, 88.4669494629, 101.347213745, 263.915405273, 407.716827393, 416.543273926, 640.82623291, 709.277648926, 941.931030273, 856.379760742, 1653.3125, 4138.01416016, 1851.64135742, 702.349853516, 407.737487793, 328.858184814, 285.445495605, 35.004108429, 3.17224502563, 0.896809995174, 0.553928375244, 0.295129030943, 0.320154756308, 0.242522343993, 0.160165011883, 0.100149139762, 0.0285674650222, 0.00714352168143, 0.0019579497166, 0.00123578333296, 0.000783607829362, 0.000354792311555, 0.000209309728234, 0.000125360762468, 6.31358198007e-05, 1.90534410649e-05, 6.83325124555e-05, 0.000153583983774],
        "mean": [0.0188172273338, 0.55563044548, 2.57385993004, 6.84123516083, 12.3520383835, 19.1401958466, 29.2747249603, 28.0760402679, 33.5120811462, 39.7465667725, 67.7642288208, 76.5385971069, 101.673912048, 178.713485718, 99.6416702271, 32.0480651855, 18.8885574341, 4.71473264694, 2.22036457062, 0.591476023197, 0.15220952034, 0.0704695954919, 0.0393521562219, 0.0234356112778, 0.0186507478356, 0.0115604456514, 0.00404186360538, 0.00157733995002, 0.000710494117811, 0.000331611605361, 0.000146767590195, 7.79125766712e-05, 5.44536560483e-05, 4.10163811466e-05, 3.22694359056e-05, 2.3526023142e-05, 1.35032696562e-05, 3.20055210068e-06, 1.63657714438e-05, 3.79649391107e-05],
        "median": [0.00706905964762, 0.26707687974, 1.53075957298, 4.5664396286, 8.53319644928, 13.0856466293, 16.991897583, 16.2102985382, 18.2392482758, 20.8207969666, 38.9552383423, 48.3503494263, 61.500415802, 93.3593978882, 36.8020706177, 14.4125356674, 4.31240415573, 1.43633663654, 0.683441877365, 0.257650405169, 0.095840908587, 0.0513601861894, 0.0273872297257, 0.0145819820464, 0.00893164612353, 0.00351973483339, 0.00130551401526, 0.000526452728081, 0.000278385763522, 0.000150704319822, 8.08016848168e-05, 5.55278165848e-05, 4.3725121941e-05, 3.60767407983e-05, 2.93124685413e-05, 2.17192573473e-05, 1.25696178657e-05, 2.8756210213e-06, 1.52482998601e-05, 3.54024959961e-05],
        "min": [1.1461324751e-22, 8.22891632609e-22, 1.52128258658e-21, 1.51134767487e-20, 3.69799655454e-20, 5.62319706859e-20, 4.49434594846e-20, 1.44105641904e-19, 1.38819466651e-19, 3.22658600033e-19, 5.15542901713e-19, 4.64784049098e-19, 1.0890953594e-18, 1.01366713748e-18, 8.3767396731e-19, 7.10604084272e-19, 1.27300242499e-18, 2.02440874394e-18, 2.91576657791e-18, 3.74029069992e-18, 3.90537733862e-18, 4.3967987231e-18, 4.86973965191e-18, 5.94609808424e-18, 8.69679167193e-18, 9.09547701074e-18, 1.15656608314e-17, 1.24456800871e-17, 1.22575155229e-17, 1.29166246155e-17, 1.03547850471e-17, 9.13576980556e-18, 9.43887525178e-18, 9.35481963948e-18, 6.33988485947e-18, 4.29800771536e-18, 2.42805468489e-18, 1.05953192431e-18, 2.80651111503e-19, 2.91411303094e-20],
        "var": [0.000895555014722, 0.703819513321, 9.15885448456, 60.1060295105, 148.376068115, 383.210510254, 1349.72546387, 1214.96936035, 2020.39025879, 3016.0534668, 6849.3046875, 6907.38183594, 14157.7773438, 65414.6640625, 25068.2441406, 2622.04443359, 1512.73937988, 208.594268799, 127.771583557, 1.98981702328, 0.0393706001341, 0.00441755959764, 0.00148229056504, 0.00067500397563, 0.000597158621531, 0.000414700276451, 8.60575746628e-05, 2.50716839219e-05, 2.83112171928e-06, 2.46755661237e-07, 3.48793776084e-08, 7.87362264276e-09, 2.84716339394e-09, 7.60149609924e-10, 3.83601761467e-10, 1.8555769421e-10, 5.8844901174e-11, 4.03098127794e-12, 8.50872775016e-11, 4.58334703524e-10]
    },
    "gfcc": {
        "mean": [-180.505142212, 274.274627686, -96.6774215698, -71.9437026978, -33.4301185608, -15.5440320969, -3.42946076393, -14.2600269318, -24.167011261, -21.5554695129, -8.06483650208, -13.7790050507, -1.52093613148],
        "cov": [[5267.41699219, 707.514526367, -541.038269043, 12.3850984573, -74.664642334, -71.6445541382, 207.435165405, -174.949768066, -47.6331443787, 57.6551589966, 68.2608032227, -37.6045379639, -10.1968650818], [707.514526367, 374.156860352, 116.537895203, -47.9895706177, 54.627166748, -21.2437152863, 0.318680822849, 51.0471801758, 23.5985546112, -13.1252393723, 16.160194397, -3.66646885872, 13.9697322845], [-541.038269043, 116.537895203, 446.761322021, 47.1346588135, 35.1632270813, 7.53528165817, -23.493396759, 134.994018555, 66.6979522705, -15.5750713348, 9.8010597229, 20.531452179, 14.950135231], [12.3850984573, -47.9895706177, 47.1346588135, 206.808578491, 37.6448364258, 17.5611667633, 46.0306739807, -7.95681715012, 31.6861381531, 71.2457885742, 40.0683288574, 12.6302967072, -13.7427968979], [-74.664642334, 54.627166748, 35.1632270813, 37.6448364258, 107.792999268, 47.0149154663, 5.6687746048, 17.6960334778, 17.167842865, 8.64859104156, 7.5225725174, 5.67006492615, 16.3408145905], [-71.6445541382, -21.2437152863, 7.53528165817, 17.5611667633, 47.0149154663, 105.293060303, 49.2821235657, 2.43783020973, 4.57835960388, 13.1247644424, 7.56420373917, 7.43847846985, 7.68226718903], [207.435165405, 0.318680822849, -23.493396759, 46.0306739807, 5.6687746048, 49.2821235657, 116.417556763, 23.7459201813, -7.12206363678, 18.5221824646, 26.8297958374, 17.6079292297, -3.97291302681], [-174.949768066, 51.0471801758, 134.994018555, -7.95681715012, 17.6960334778, 2.43783020973, 23.7459201813, 112.913749695, 48.8115234375, -14.9570808411, -2.82629299164, 14.5876598358, 10.1275997162], [-47.6331443787, 23.5985546112, 66.6979522705, 31.6861381531, 17.167842865, 4.57835960388, -7.12206363678, 48.8115234375, 84.7306594849, 46.039680481, 0.558791935444, -8.68674468994, 4.02804136276], [57.6551589966, -13.1252393723, -15.5750713348, 71.2457885742, 8.64859104156, 13.1247644424, 18.5221824646, -14.9570808411, 46.039680481, 91.2207489014, 46.5402908325, -0.148078963161, -11.5394630432], [68.2608032227, 16.160194397, 9.8010597229, 40.0683288574, 7.5225725174, 7.56420373917, 26.8297958374, -2.82629299164, 0.558791935444, 46.5402908325, 68.5032653809, 38.375579834, -4.91672945023], [-37.6045379639, -3.66646885872, 20.531452179, 12.6302967072, 5.67006492615, 7.43847846985, 17.6079292297, 14.5876598358, -8.68674468994, -0.148078963161, 38.375579834, 64.6753616333, 31.1600074768], [-10.1968650818, 13.9697322845, 14.950135231, -13.7427968979, 16.3408145905, 7.68226718903, -3.97291302681, 10.1275997162, 4.02804136276, -11.5394630432, -4.91672945023, 31.1600074768, 60.2461776733]],
        "icov": [[0.000678417505696, -0.00181493500713, 0.00119519082364, -0.00104607641697, 0.00159710342996, -8.68144852575e-05, -0.00136561028194, 0.00189393328037, -0.00281613459811, 0.00343597354367, -0.00267769885249, 0.0016607203288, -0.001061157207], [-0.00181493500713, 0.0100100357085, -0.00488226581365, 0.00560050969943, -0.00844653695822, 0.00459693511948, -0.000993085675873, -0.000230728910537, 0.000149539599079, -0.000737577269319, -0.00328834168613, 0.00257441983558, -0.000212257378735], [0.00119519082364, -0.00488226581365, 0.00838451180607, -0.00694513367489, 0.00702141271904, -0.00547114340588, 0.00501217320561, -0.00647722464055, -0.00347482180223, 0.0103945881128, -0.0113868815824, 0.00790257845074, -0.00491123367101], [-0.00104607641697, 0.00560050969943, -0.00694513367489, 0.0151211665943, -0.011645548977, 0.00856623332947, -0.00857803691179, 0.00730765564367, 0.00121819647029, -0.0154574625194, 0.0141144869849, -0.0127388015389, 0.00866768416017], [0.00159710342996, -0.00844653695822, 0.00702141271904, -0.011645548977, 0.0248614419252, -0.0146091468632, 0.00842485018075, -0.00639550248161, -0.00293106306344, 0.0131090721115, -0.01552383136, 0.0131982685998, -0.0108060175553], [-8.68144852575e-05, 0.00459693511948, -0.00547114340588, 0.00856623332947, -0.0146091468632, 0.0239026863128, -0.0173167996109, 0.0144560094923, -0.00853060465306, -0.00105260056444, 0.00526336766779, -0.00558158755302, 0.00325874472037], [-0.00136561028194, -0.000993085675873, 0.00501217320561, -0.00857803691179, 0.00842485018075, -0.0173167996109, 0.0322124175727, -0.030943358317, 0.0293788257986, -0.0203429274261, 0.00749870808795, -0.00169824878685, -0.000322796258843], [0.00189393328037, -0.000230728910537, -0.00647722464055, 0.00730765564367, -0.00639550248161, 0.0144560094923, -0.030943358317, 0.0577821843326, -0.0580971501768, 0.049064591527, -0.026139607653, 0.00321276998147, 0.00127288664225], [-0.00281613459811, 0.000149539599079, -0.00347482180223, 0.00121819647029, -0.00293106306344, -0.00853060465306, 0.0293788257986, -0.0580971501768, 0.10154838115, -0.104224085808, 0.079645909369, -0.0337891466916, 0.0114390105009], [0.00343597354367, -0.000737577269319, 0.0103945881128, -0.0154574625194, 0.0131090721115, -0.00105260056444, -0.0203429274261, 0.049064591527, -0.104224085808, 0.150432348251, -0.133873954415, 0.0769447684288, -0.0333039723337], [-0.00267769885249, -0.00328834168613, -0.0113868815824, 0.0141144869849, -0.01552383136, 0.00526336766779, 0.00749870808795, -0.026139607653, 0.079645909369, -0.133873954415, 0.16346770525, -0.108560614288, 0.0533050782979], [0.0016607203288, 0.00257441983558, 0.00790257845074, -0.0127388015389, 0.0131982685998, -0.00558158755302, -0.00169824878685, 0.00321276998147, -0.0337891466916, 0.0769447684288, -0.108560614288, 0.101357601583, -0.0529888980091], [-0.001061157207, -0.000212257378735, -0.00491123367101, 0.00866768416017, -0.0108060175553, 0.00325874472037, -0.000322796258843, 0.00127288664225, 0.0114390105009, -0.0333039723337, 0.0533050782979, -0.0529888980091, 0.0465571731329]]
    },
    "melbands": {
        "dmean": [5.86496171309e-05, 0.000211052029044, 0.00038138666423, 0.000466782221338, 0.000323896878399, 0.000268605333986, 0.00022500596242, 0.000216091997572, 0.0003029149957, 0.000261269655311, 0.000303322944092, 0.000527123454958, 0.000324998894939, 6.22178122285e-05, 3.92235633626e-05, 1.86775669135e-05, 4.92757180837e-06, 2.20444439947e-06, 9.39220740293e-07, 3.14163230541e-07, 9.41593256698e-08, 4.02464728211e-08, 3.64171377498e-08, 1.70169123237e-08, 7.54775353329e-09, 6.83081013975e-09, 3.32137140013e-09, 2.95193625099e-09, 1.0919236626e-09, 3.73666514397e-10, 2.69213179527e-10, 1.34078054215e-10, 6.51791537409e-11, 4.82468266727e-11, 2.80770649785e-11, 2.25149204836e-11, 1.73398639197e-11, 1.50653847036e-11, 1.26876790324e-11, 1.12311600992e-11],
        "dmean2": [4.9312315241e-05, 0.000198908703169, 0.000567963987123, 0.00074877566658, 0.000374778115656, 0.000361588608939, 0.000267151277512, 0.000277883053059, 0.000405461643822, 0.000369374378351, 0.000448874081485, 0.00080602435628, 0.00052475213306, 0.000100647295767, 6.54877003399e-05, 3.17217127304e-05, 8.31449415273e-06, 3.80171582037e-06, 1.61953971656e-06, 5.29631506652e-07, 1.58494330549e-07, 6.74817854929e-08, 6.24286329298e-08, 2.91809243436e-08, 1.28130537291e-08, 1.16871810008e-08, 5.66218938403e-09, 4.97661067911e-09, 1.87806525886e-09, 6.38593899982e-10, 4.52318765776e-10, 2.26773960721e-10, 1.12607298486e-10, 8.32961200015e-11, 4.98260356585e-11, 4.03826312667e-11, 3.14816193947e-11, 2.74303132292e-11, 2.323828803e-11, 2.06022941762e-11],
        "dvar": [8.65863736266e-09, 9.57305275051e-08, 3.44618001691e-07, 4.52063261491e-07, 1.82417267069e-07, 1.60833238283e-07, 1.03826870657e-07, 1.05097512915e-07, 1.54982103595e-07, 1.14857058975e-07, 1.65967563248e-07, 6.83311327521e-07, 3.58455537253e-07, 1.1569690983e-08, 4.29095425858e-09, 1.6540188108e-09, 3.4622285594e-10, 1.37149791524e-10, 2.04070076809e-11, 2.80338388137e-13, 2.89016111933e-14, 2.86149286571e-15, 2.86714998701e-15, 6.74850313198e-16, 1.3488642343e-16, 1.71150511175e-16, 3.61866073916e-17, 5.0448322809e-17, 1.97624234774e-17, 1.63211182439e-18, 1.79240381407e-18, 1.33891150411e-19, 1.51893204867e-20, 6.80896548501e-21, 1.55055631863e-21, 1.10599157193e-21, 5.68096123546e-22, 4.82278962271e-22, 3.01552569715e-22, 2.34079213899e-22],
        "dvar2": [6.71735200797e-09, 9.39319875215e-08, 1.03697448139e-06, 1.53677967774e-06, 2.65058815785e-07, 3.72969907403e-07, 1.31548929971e-07, 1.66111760791e-07, 2.6686353749e-07, 2.15450072005e-07, 3.4658904724e-07, 1.4476298702e-06, 8.52394578033e-07, 2.85330017391e-08, 1.13725153739e-08, 4.51973702909e-09, 9.63349511274e-10, 4.00899535791e-10, 6.05123520736e-11, 7.40712450143e-13, 7.58384308586e-14, 7.58960240168e-15, 7.88221162737e-15, 1.86517205557e-15, 3.75524063292e-16, 5.02054850804e-16, 1.01648413828e-16, 1.38425816775e-16, 5.64407698909e-17, 4.95802670664e-18, 4.60293998996e-18, 3.61923674638e-19, 4.52880189838e-20, 1.96328119527e-20, 4.62626889692e-21, 3.2755546483e-21, 1.72077639659e-21, 1.46276753521e-21, 9.37400813589e-22, 7.27434818265e-22],
        "max": [0.00525218900293, 0.0105660557747, 0.013453415595, 0.0107054375112, 0.0117392316461, 0.00933023914695, 0.00976952258497, 0.00673569180071, 0.007130025886, 0.00537199992687, 0.0082089509815, 0.0184475444257, 0.00898687075824, 0.00167313124985, 0.000886362511665, 0.000542139052413, 0.000554143858608, 0.000422713928856, 0.000185047814739, 7.65479489928e-06, 3.0369049e-06, 9.11175902729e-07, 1.53287373905e-06, 4.32554827512e-07, 2.63921435817e-07, 3.11032010814e-07, 1.2664261817e-07, 1.48504241793e-07, 1.5403314535e-07, 7.66641718997e-08, 7.57181624067e-08, 2.07210018033e-08, 5.04480679453e-09, 3.44424622156e-09, 1.0228664582e-09, 1.1372640607e-09, 6.77360612045e-10, 7.15490666714e-10, 2.86207696432e-10, 2.26635307743e-10],
        "mean": [0.000351010501618, 0.00116965034977, 0.00131113198586, 0.00116264028475, 0.000990347471088, 0.000645111955237, 0.000514195358846, 0.00043387466576, 0.000563861452974, 0.000458847818663, 0.000507728662342, 0.000744524935726, 0.000407506217016, 8.76611447893e-05, 5.62865498068e-05, 2.53763355431e-05, 7.05935462975e-06, 3.42046428159e-06, 1.36882692914e-06, 3.9972044874e-07, 1.43879347547e-07, 7.30557658812e-08, 5.80354750923e-08, 2.92293709236e-08, 1.65561431231e-08, 1.5662795505e-08, 8.84024231596e-09, 6.73907862847e-09, 2.77290324036e-09, 1.14461917722e-09, 8.49243952938e-10, 4.40762065734e-10, 2.09715092514e-10, 1.52127879738e-10, 7.33027527566e-11, 4.77889811057e-11, 3.02567276789e-11, 2.40631577164e-11, 1.80858765464e-11, 1.55977383787e-11],
        "median": [0.000145897472976, 0.000716838170774, 0.000930175301619, 0.000848527182825, 0.000642248021904, 0.000383793318179, 0.000284689216642, 0.000246590003371, 0.000346017244738, 0.000277166487649, 0.000299280101899, 0.000358678866178, 0.000104676990304, 3.12604279316e-05, 1.95891370822e-05, 4.48331820735e-06, 1.78512595994e-06, 9.52554216838e-07, 4.55522069842e-07, 1.90621292973e-07, 8.02586797022e-08, 5.19055625148e-08, 3.60834775393e-08, 1.643081049e-08, 9.90717818894e-09, 7.29255589249e-09, 3.74696274008e-09, 1.89589477451e-09, 8.552482611e-10, 4.15498885298e-10, 2.20149912189e-10, 1.5982033752e-10, 9.0372903605e-11, 6.12476458439e-11, 3.51671157472e-11, 2.50686693626e-11, 1.83825697719e-11, 1.44972731736e-11, 1.24508927474e-11, 1.0944065966e-11],
        "min": [2.2477356927e-24, 1.02003373388e-24, 3.65841344544e-24, 3.45592626171e-24, 2.32981055621e-24, 2.67127353499e-24, 1.87408896392e-24, 4.28108265718e-24, 3.74227922043e-24, 3.25121902617e-24, 5.88139665509e-24, 3.88711802693e-24, 2.19753514849e-24, 2.69158828102e-24, 2.54033130219e-24, 2.96210939302e-24, 3.78424188742e-24, 3.60957940554e-24, 5.26068697384e-24, 5.44303808854e-24, 3.81568469981e-24, 3.85739335359e-24, 3.8960909253e-24, 5.23292104213e-24, 3.23026037243e-24, 6.10547022863e-24, 6.15812669405e-24, 5.55701389542e-24, 6.49630465881e-24, 6.73626470769e-24, 6.98082815439e-24, 5.96661138222e-24, 7.71874915552e-24, 6.49288455235e-24, 6.5578926074e-24, 4.63200545871e-24, 6.04697619251e-24, 6.13931906678e-24, 7.59218825619e-24, 7.19528156919e-24],
        "var": [3.21605369891e-07, 1.80352708412e-06, 1.74434944711e-06, 1.21204300285e-06, 1.18060165732e-06, 5.94379685026e-07, 4.66001267796e-07, 3.25467595985e-07, 4.18141809178e-07, 2.68001798531e-07, 3.65733143326e-07, 1.27440262077e-06, 5.31145701643e-07, 1.97845047012e-08, 7.75974751122e-09, 2.7491005028e-09, 6.50769271804e-10, 3.09292730316e-10, 3.8071570202e-11, 3.37968883565e-13, 4.43890394277e-14, 5.08122486619e-15, 4.83836357955e-15, 1.33900990593e-15, 4.18639522615e-16, 5.05104381173e-16, 1.47068385103e-16, 1.51963441445e-16, 5.90789532668e-17, 8.68221344081e-18, 1.34882709389e-17, 1.34545672581e-18, 1.19396813504e-19, 5.38047222695e-20, 1.07361581161e-20, 5.72394362823e-21, 1.91782572229e-21, 1.65478713426e-21, 3.73929611136e-22, 2.43842661333e-22]
    },
    "mfcc": {
        "mean": [-808.672241211, 287.65536499, 25.6072330475, -38.4160270691, -14.7826814651, -5.50362968445, 6.33198404312, 5.86814832687, -3.42846298218, -5.47641324997, -8.48889350891, -9.32177639008, -5.45076656342],
        "cov": [[1705.96264648, 949.846618652, -428.383178711, -30.4445781708, 9.55631732941, -51.8832778931, 161.609298706, -35.6820106506, -108.67855835, 35.1077346802, 8.64105987549, 30.2965831757, 62.2971420288], [949.846618652, 740.301452637, -4.09448671341, -28.0195407867, 16.7371749878, -28.3644046783, 47.4009780884, 34.5131950378, -11.5738286972, 21.3805713654, 16.6630744934, 15.9087486267, 33.3990211487], [-428.383178711, -4.09448671341, 430.916290283, 88.4181365967, 21.4948310852, 9.91822624207, -67.5121688843, 68.4121246338, 87.3898925781, 17.1769180298, 34.671245575, 18.0960597992, 1.41704022884], [-30.4445781708, -28.0195407867, 88.4181365967, 174.673629761, 64.0829849243, -10.4871034622, 25.2607536316, 10.1085977554, 3.6690518856, 39.0880393982, 42.6767234802, 45.6123886108, 40.3258476257], [9.55631732941, 16.7371749878, 21.4948310852, 64.0829849243, 100.210289001, 42.9938735962, -7.32587862015, 6.17478513718, 15.207695961, 19.6672954559, 21.1621265411, 13.6413326263, 16.7762756348], [-51.8832778931, -28.3644046783, 9.91822624207, -10.4871034622, 42.9938735962, 105.752105713, 34.3301353455, -13.6551837921, 17.4721031189, 14.9402208328, 6.94836425781, 5.71488189697, -0.926841259003], [161.609298706, 47.4009780884, -67.5121688843, 25.2607536316, -7.32587862015, 34.3301353455, 133.459579468, 35.5841522217, -32.4673156738, 7.87478685379, 7.90061235428, 25.7370281219, 37.4870758057], [-35.6820106506, 34.5131950378, 68.4121246338, 10.1085977554, 6.17478513718, -13.6551837921, 35.5841522217, 109.01449585, 46.7929077148, -10.5171051025, -1.91888189316, -0.380533605814, 15.7764215469], [-108.67855835, -11.5738286972, 87.3898925781, 3.6690518856, 15.207695961, 17.4721031189, -32.4673156738, 46.7929077148, 99.8701248169, 37.2993469238, 3.59428143501, -10.3566055298, -11.6527376175], [35.1077346802, 21.3805713654, 17.1769180298, 39.0880393982, 19.6672954559, 14.9402208328, 7.87478685379, -10.5171051025, 37.2993469238, 80.0956878662, 45.9997634888, 13.177693367, 6.63172864914], [8.64105987549, 16.6630744934, 34.671245575, 42.6767234802, 21.1621265411, 6.94836425781, 7.90061235428, -1.91888189316, 3.59428143501, 45.9997634888, 72.2316818237, 45.4555778503, 7.83556938171], [30.2965831757, 15.9087486267, 18.0960597992, 45.6123886108, 13.6413326263, 5.71488189697, 25.7370281219, -0.380533605814, -10.3566055298, 13.177693367, 45.4555778503, 77.8368911743, 43.7801017761], [62.2971420288, 33.3990211487, 1.41704022884, 40.3258476257, 16.7762756348, -0.926841259003, 37.4870758057, 15.7764215469, -11.6527376175, 6.63172864914, 7.83556938171, 43.7801017761, 83.586730957]],
