{
"lowlevel": {
    "average_loudness": 0.834141790867,
    "barkbands_crest": {
        "dmean": 1.94648396969,
        "dmean2": 2.94108486176,
        "dvar": 2.92874836922,
        "dvar2": 8.18565940857,
        "max": 25.2936840057,
        "mean": 13.2988414764,
        "median": 12.6857366562,
        "min": 4.74785518646,
        "var": 14.7736244202
    },
    "barkbands_flatness_db": {
        "dmean": 0.0442764572799,
        "dmean2": 0.0771293267608,
        "dvar": 0.00111568870489,
        "dvar2": 0.00331102358177,
        "max": 0.788326561451,
        "mean": 0.602377533913,
        "median": 0.604129076004,
        "min": 0.0559412315488,
        "var": 0.00420726137236
    },
    "barkbands_kurtosis": {
        "dmean": 1.40552711487,
        "dmean2": 2.08461976051,
        "dvar": 3.57729649544,
        "dvar2": 8.52941799164,
        "max": 85.0266799927,
        "mean": 2.41706943512,
        "median": 1.45718097687,
        "min": -1.73319852352,
        "var": 14.9169874191
    },
    "barkbands_skewness": {
        "dmean": 0.360036373138,
        "dmean2": 0.505084753036,
        "dvar": 0.102338857949,
        "dvar2": 0.246422499418,
        "max": 5.67668914795,
        "mean": 0.624381363392,
        "median": 0.551911115646,
        "min": -2.16590929031,
        "var": 0.692321240902
    },
    "barkbands_spread": {
        "dmean": 0.285402685404,
        "dmean2": 0.406596004963,
        "dvar": 0.320423334837,
        "dvar2": 0.74900996685,
        "max": 51.054058075,
        "mean": 1.56310558319,
        "median": 1.13763475418,
        "min": 0.0955205708742,
        "var": 4.49298286438
    },
    "dissonance": {
        "dmean": 0.0716036260128,
        "dmean2": 0.120552055538,
        "dvar": 0.00375463394448,
        "dvar2": 0.00976120028645,
        "max": 0.499999970198,
        "mean": 0.272753983736,
        "median": 0.268610984087,
        "min": 0.0297203138471,
        "var": 0.00869643408805
    },
    "dynamic_complexity": 2.37532448769,
    "erbbands_crest": {
        "dmean": 2.78057384491,
        "dmean2": 4.21106386185,
        "dvar": 5.29910087585,
        "dvar2": 13.0572290421,
        "max": 30.5324440002,
        "mean": 15.2807731628,
        "median": 14.6955604553,
        "min": 2.73900699615,
        "var": 20.4265632629
    },
    "erbbands_flatness_db": {
        "dmean": 0.0242411792278,
        "dmean2": 0.0412154719234,
        "dvar": 0.000355732481694,
        "dvar2": 0.00102237181272,
        "max": 0.625016510487,
        "mean": 0.511003911495,
        "median": 0.516113519669,
        "min": 0.0444085560739,
        "var": 0.00230893888511
    },
    "erbbands_kurtosis": {
        "dmean": 1.43738114834,
        "dmean2": 2.12764787674,
        "dvar": 2.64165520668,
        "dvar2": 5.98937511444,
        "max": 57.4592094421,
        "mean": 2.29925298691,
        "median": 1.69415926933,
        "min": -1.53544390202,
        "var": 8.1073513031
    },
    "erbbands_skewness": {
        "dmean": 0.354319810867,
        "dmean2": 0.51866954565,
        "dvar": 0.0900658592582,
        "dvar2": 0.212849184871,
        "max": 6.75067710876,
        "mean": 0.811156570911,
        "median": 0.819286108017,
        "min": -2.74775385857,
        "var": 0.512400448322
    },
    "erbbands_spread": {
        "dmean": 0.914553821087,
        "dmean2": 1.30120182037,
        "dvar": 1.27772140503,
        "dvar2": 2.71926522255,
        "max": 94.9324264526,
        "mean": 4.11866569519,
        "median": 3.53443932533,
        "min": 0.632803976536,
        "var": 11.4548435211
    },
    "hfc": {
        "dmean": 1.94523775578,
        "dmean2": 2.82512044907,
        "dvar": 3.97768497467,
        "dvar2": 10.4189729691,
        "max": 30.90583992,
        "mean": 8.15708351135,
        "median": 7.68563938141,
        "min": 1.11213242218e-16,
        "var": 22.016456604
    },
    "melbands_crest": {
        "dmean": 2.47991418839,
        "dmean2": 3.70362401009,
        "dvar": 4.88859319687,
        "dvar2": 12.8575172424,
        "max": 33.466381073,
        "mean": 17.6470241547,
        "median": 17.0256690979,
        "min": 1.00203597546,
        "var": 24.3517742157
    },
    "melbands_flatness_db": {
        "dmean": 0.0519063025713,
        "dmean2": 0.0907327979803,
        "dvar": 0.00154323282186,
        "dvar2": 0.00458479067311,
        "max": 0.969628155231,
        "mean": 0.757399022579,
        "median": 0.759003937244,
        "min": 1.33744293862e-07,
        "var": 0.00620285887271
    },
    "melbands_kurtosis": {
        "dmean": 1.99079191685,
        "dmean2": 2.93301725388,
        "dvar": 5.45039272308,
        "dvar2": 12.3218832016,
        "max": 76.6343612671,
        "mean": 3.98477482796,
        "median": 2.78271055222,
        "min": -1.68022894859,
        "var": 20.1378192902
    },
    "melbands_skewness": {
        "dmean": 0.389837145805,
        "dmean2": 0.547628700733,
        "dvar": 0.112342439592,
        "dvar2": 0.258984088898,
        "max": 5.6918053627,
        "mean": 1.20702576637,
        "median": 1.15076088905,
        "min": -1.31056559086,
        "var": 0.690924525261
    },
    "melbands_spread": {
        "dmean": 0.438855707645,
        "dmean2": 0.64534753561,
        "dvar": 2.86607336998,
        "dvar2": 6.67076778412,
        "max": 153.520278931,
        "mean": 2.53359532356,
        "median": 1.55923581123,
        "min": 0.273592382669,
        "var": 81.3533096313
    },
    "pitch_salience": {
        "dmean": 0.0617301054299,
        "dmean2": 0.0946412459016,
        "dvar": 0.00289546721615,
        "dvar2": 0.00742785213515,
        "max": 0.996075749397,
        "mean": 0.508344709873,
        "median": 0.517399787903,
        "min": 0.100646525621,
        "var": 0.0134606324136
    },
    "silence_rate_20dB": {
        "dmean": 0,
        "dmean2": 0,
        "dvar": 0,
        "dvar2": 0,
        "max": 1,
        "mean": 1,
        "median": 1,
        "min": 1,
        "var": 0
    },
    "silence_rate_30dB": {
        "dmean": 0.00799360498786,
        "dmean2": 0.0159883722663,
        "dvar": 0.0079291947186,
        "dvar2": 0.0203858632594,
        "max": 1,
        "mean": 0.991643667221,
        "median": 1,
        "min": 0,
        "var": 0.00828604400158
    },
    "silence_rate_60dB": {
        "dmean": 0.00145338277798,
        "dmean2": 0.00290697673336,
        "dvar": 0.00145106844138,
        "dvar2": 0.00377005012706,
        "max": 1,
        "mean": 0.0196919050068,
        "median": 0,
        "min": 0,
        "var": 0.0192979108542
    },
    "spectral_centroid": {
        "dmean": 18.3735179901,
        "dmean2": 26.5553665161,
        "dvar": 8179.91894531,
        "dvar2": 13105.921875,
        "max": 11703.6074219,
        "mean": 300.695953369,
        "median": 243.37210083,
        "min": 131.580810547,
        "var": 542009.125
    },
    "spectral_complexity": {
        "dmean": 0.796744406223,
        "dmean2": 1.3870639801,
        "dvar": 0.611196100712,
        "dvar2": 1.44868040085,
        "max": 12,
        "mean": 5.87545394897,
        "median": 6,
        "min": 0,
        "var": 2.44287252426
    },
    "spectral_decrease": {
        "dmean": 2.42127429217e-09,
        "dmean2": 3.59470098132e-09,
        "dvar": 7.11695445693e-18,
        "dvar2": 2.01212163768e-17,
        "max": 4.15747415607e-28,
        "mean": -1.00874864017e-08,
        "median": -9.32609189874e-09,
        "min": -4.18186409945e-08,
        "var": 3.62978201706e-17
    },
    "spectral_energy": {
        "dmean": 0.00930892396718,
        "dmean2": 0.0138174444437,
        "dvar": 0.00010487484542,
        "dvar2": 0.000296276499284,
        "max": 0.1605887115,
        "mean": 0.0388123467565,
        "median": 0.0359082072973,
        "min": 1.02838017965e-20,
        "var": 0.000534513674211
    },
    "spectral_energyband_high": {
        "dmean": 1.04913633336e-08,
        "dmean2": 1.89348572377e-08,
        "dvar": 1.95098263411e-16,
        "dvar2": 5.93981166048e-16,
        "max": 1.49145989781e-07,
        "mean": 9.46422673564e-09,
        "median": 4.31482938268e-09,
        "min": 7.05593463561e-21,
        "var": 1.84477423165e-16
    },
    "spectral_energyband_low": {
        "dmean": 0.00335245835595,
        "dmean2": 0.00441964389756,
        "dvar": 1.80053830263e-05,
        "dvar2": 4.11600776715e-05,
        "max": 0.119061768055,
        "mean": 0.0128503637388,
        "median": 0.00788665749133,
        "min": 1.64459575819e-23,
        "var": 0.000212264931179
    },
    "spectral_energyband_middle_high": {
        "dmean": 2.92146123684e-05,
        "dmean2": 4.36412337876e-05,
        "dvar": 4.28566693245e-09,
        "dvar2": 9.12751474402e-09,
        "max": 0.00170065916609,
        "mean": 5.43479727639e-05,
        "median": 1.63944678206e-05,
        "min": 1.07592387978e-21,
        "var": 1.18402194715e-08
    },
    "spectral_energyband_middle_low": {
        "dmean": 0.00867121946067,
        "dmean2": 0.0130040403455,
        "dvar": 9.93965586531e-05,
        "dvar2": 0.000284959911369,
        "max": 0.159316495061,
        "mean": 0.0303015969694,
        "median": 0.0272544026375,
        "min": 1.52725768414e-22,
        "var": 0.000405582599342
    },
    "spectral_entropy": {
        "dmean": 0.116244412959,
        "dmean2": 0.180993899703,
        "dvar": 0.00976189598441,
        "dvar2": 0.0261365771294,
        "max": 9.82727336884,
        "mean": 4.37619352341,
        "median": 4.33947086334,
        "min": 3.36987662315,
        "var": 0.230904728174
    },
    "spectral_flux": {
        "dmean": 0.0181367490441,
        "dmean2": 0.0306713320315,
        "dvar": 0.000305759545881,
        "dvar2": 0.000907066452783,
        "max": 0.224033802748,
        "mean": 0.0566400364041,
        "median": 0.0512371957302,
        "min": 6.46000614113e-11,
        "var": 0.000733582535759
    },
    "spectral_kurtosis": {
        "dmean": 345.476776123,
        "dmean2": 609.984313965,
        "dvar": 88457.953125,
        "dvar2": 249850.5,
        "max": 2227.52490234,
        "mean": 602.727355957,
        "median": 517.988891602,
        "min": -1.27818596363,
        "var": 112246.46875
    },
    "spectral_rms": {
        "dmean": 0.000729337683879,
        "dmean2": 0.0010757324053,
        "dvar": 4.63933105266e-07,
        "dvar2": 1.32608829517e-06,
        "max": 0.0125168655068,
        "mean": 0.00583713594824,
        "median": 0.00591881759465,
        "min": 3.16748753962e-12,
        "var": 3.79378616344e-06
    },
    "spectral_rolloff": {
        "dmean": 30.696844101,
        "dmean2": 52.9321670532,
        "dvar": 45547.484375,
        "dvar2": 85585.90625,
        "max": 20025.8789062,
        "mean": 382.882965088,
        "median": 301.46484375,
        "min": 64.599609375,
        "var": 1651495.5
    },
    "spectral_skewness": {
        "dmean": 4.92317914963,
        "dmean2": 8.62007141113,
        "dvar": 14.4333820343,
        "dvar2": 42.0324172974,
        "max": 37.7261619568,
        "mean": 20.3299503326,
        "median": 20.0675830841,
        "min": -0.0842798277736,
        "var": 23.795583725
    },
    "spectral_spread": {
        "dmean": 344569.9375,
        "dmean2": 603399.0625,
        "dvar": 223063785472,
        "dvar2": 526497513472,
        "max": 42564960,
        "mean": 675813.375,
        "median": 423581.90625,
        "min": 39873.0898438,
        "var": 7.59637527757e+12
    },
    "spectral_strongpeak": {
        "dmean": 0.316682755947,
        "dmean2": 0.528772950172,
        "dvar": 0.123680785298,
        "dvar2": 0.311676830053,
        "max": 4.91066646576,
        "mean": 0.876585364342,
        "median": 0.761054337025,
        "min": 0,
        "var": 0.305713415146
    },
    "zerocrossingrate": {
        "dmean": 0.00106037326623,
        "dmean2": 0.00138606585097,
        "dvar": 1.12427624117e-05,
        "dvar2": 1.08063986772e-05,
        "max": 0.5234375,
        "mean": 0.0130131104961,
        "median": 0.01025390625,
        "min": 0.00244140625,
        "var": 0.00120333593804
    },
    "barkbands": {
        "dmean": [6.49021676509e-05, 0.000525117851794, 0.00125264795497, 0.00449099438265, 0.00436335848644, 0.00194956280757, 0.000595420133322, 0.000207040138775, 4.79816735606e-05, 3.21286970575e-05, 7.91772799857e-06, 5.66488211007e-07, 2.99516557334e-07, 8.33864675087e-08, 3.35749916758e-08, 9.97875382325e-09, 7.03585012474e-09, 4.79513895257e-09, 2.67779776131e-09, 2.12276929368e-09, 1.83241277707e-09, 1.54391555096e-09, 1.29941790661e-09, 1.23947019315e-09, 1.19474918847e-09, 1.16934961714e-09, 1.2483393208e-09],
        "dmean2": [6.28611669526e-05, 0.000623179599643, 0.00139692879748, 0.00674342177808, 0.00645242072642, 0.00234101270325, 0.000752555264626, 0.000274706690107, 6.37690391159e-05, 4.74600528833e-05, 1.15949223982e-05, 9.5121532695e-07, 4.97804080624e-07, 1.39068831118e-07, 5.63249571428e-08, 1.70745231287e-08, 1.19373639862e-08, 8.02864974503e-09, 4.72658534534e-09, 3.79157638619e-09, 3.31150018518e-09, 2.79170375705e-09, 2.34980968017e-09, 2.24112395308e-09, 2.16049800272e-09, 2.11452699794e-09, 2.25754837047e-09],
        "dvar": [4.86689053503e-08, 2.43473732553e-06, 2.89577087642e-06, 4.94310479553e-05, 3.04552140733e-05, 5.47570152776e-06, 1.91372964764e-06, 2.09822360375e-07, 1.51659644843e-08, 5.12386799656e-09, 1.14992837474e-09, 1.34721671752e-12, 7.04707993349e-13, 3.77956400986e-14, 4.32889104947e-15, 1.7766054171e-16, 6.69160131147e-17, 3.36174572009e-17, 1.17003878737e-17, 7.64871247679e-18, 6.01596589468e-18, 4.26720226858e-18, 3.02497923418e-18, 2.75055999802e-18, 2.5549977508e-18, 2.44749156813e-18, 2.78997887652e-18],
        "dvar2": [5.12921118911e-08, 3.81670588467e-06, 5.46791943634e-06, 0.000148344130139, 8.49808711791e-05, 9.60049237619e-06, 2.96281336887e-06, 2.74289050139e-07, 2.39104487321e-08, 1.01093817761e-08, 2.36525576902e-09, 3.64923282564e-12, 1.88842322855e-12, 9.36199495748e-14, 1.15404012369e-14, 5.07528536528e-16, 1.83213226491e-16, 8.30523083972e-17, 3.47581657354e-17, 2.3040503849e-17, 1.82565064307e-17, 1.29863393976e-17, 9.20484683134e-18, 8.3693158305e-18, 7.77535713729e-18, 7.4481617101e-18, 8.48960112645e-18],
        "max": [0.00580348260701, 0.107684202492, 0.0420586243272, 0.107648819685, 0.111237756908, 0.0547277480364, 0.0483382120728, 0.0305098239332, 0.0042001446709, 0.0019838900771, 0.0013414133573, 2.43529011641e-05, 1.91291037481e-05, 9.63101047091e-06, 1.18651598768e-06, 2.69339324177e-07, 1.84681823612e-07, 9.71438893771e-08, 4.54717934417e-08, 3.78874567275e-08, 2.59753960563e-08, 2.20432951892e-08, 1.85703168398e-08, 1.77218542063e-08, 1.70884035811e-08, 1.67483786839e-08, 1.78711054843e-08],
        "mean": [0.000141986689414, 0.00379479443654, 0.0045279902406, 0.0102085238323, 0.0124630751088, 0.00578069314361, 0.00129575456958, 0.000421928678406, 0.000102595928183, 6.09832350165e-05, 1.24013013192e-05, 8.59090391714e-07, 4.55424753909e-07, 1.36315165378e-07, 5.38129363292e-08, 1.87347097835e-08, 1.36138105233e-08, 7.92173526776e-09, 3.80010245493e-09, 2.3963055984e-09, 1.63464919378e-09, 1.31513488988e-09, 1.09802966719e-09, 1.04730590866e-09, 1.01180375189e-09, 1.00450681106e-09, 1.06759490137e-09],
        "median": [1.24994357975e-06, 6.12024741713e-05, 0.00294793606736, 0.00592501088977, 0.00936865434051, 0.00384432636201, 0.000312666554237, 0.000235946281464, 1.35625432449e-05, 1.47583796206e-05, 6.98601411386e-07, 3.73476495952e-07, 9.77012035719e-08, 6.92170232242e-08, 2.24925820191e-08, 1.30805020149e-08, 1.01857500212e-08, 5.2673394535e-09, 2.05253680718e-09, 1.19135057375e-09, 7.06331215738e-10, 5.37091315866e-10, 4.44131009747e-10, 4.23175050557e-10, 4.1087794278e-10, 4.15344869609e-10, 4.39918601547e-10],
        "min": [4.43572493397e-25, 2.92666074495e-24, 1.63746145793e-24, 1.06300259295e-24, 3.51907181616e-24, 1.28493009013e-23, 5.12591876565e-24, 8.05632876927e-24, 1.89477195023e-23, 4.84516198619e-24, 1.10633876539e-23, 2.3344172278e-23, 2.5837513897e-23, 3.63815107978e-23, 4.12130787384e-23, 7.18731864944e-23, 7.05542867916e-23, 1.19186305732e-22, 1.22798834294e-22, 1.56297351939e-22, 2.4710647551e-22, 3.43969936133e-22, 4.01791799655e-22, 6.17855954834e-22, 9.373428544e-22, 1.31089790176e-21, 2.01539405854e-21],
        "var": [2.70502823696e-07, 0.000131254637381, 2.3889097065e-05, 0.000147099752212, 0.000130392567371, 3.57935714419e-05, 7.88530996942e-06, 9.520993558e-07, 6.21249895971e-08, 1.63330717839e-08, 2.64694555163e-09, 2.263300658e-12, 1.1877458652e-12, 6.91676601519e-14, 7.46832845946e-15, 3.57830180298e-16, 1.49447237431e-16, 6.78640150362e-17, 2.18574684826e-17, 1.00380071325e-17, 5.72078732027e-18, 3.91492837957e-18, 2.76665507158e-18, 2.51314737489e-18, 2.33083077082e-18, 2.23239669152e-18, 2.54115777838e-18]
    },
    "erbbands": {
        "dmean": [0.00835314858705, 0.151169762015, 1.02079665661, 8.10561656952, 18.8897762299, 11.7098941803, 24.2785263062, 10.1298961639, 8.39910793304, 5.94616365433, 4.5366973877, 1.53682279587, 0.915638148785, 0.864195168018, 0.148874938488, 0.0297784693539, 0.0144581403583, 0.00541252782568, 0.00215622223914, 0.000734666187782, 0.000428631174145, 0.000310512899887, 0.000275906961178, 0.000150657084305, 0.000121388227853, 0.000101808240288, 8.15268067527e-05, 6.78614087519e-05, 5.63010289625e-05, 4.58379945485e-05, 3.63668077625e-05, 2.79607611446e-05, 2.07222619792e-05, 1.47418932102e-05, 1.00430834209e-05, 6.44072133582e-06, 3.4672482343e-06, 8.33858507576e-07, 4.18865693064e-06, 1.0169586858e-05],
        "dmean2": [0.00973082985729, 0.178849935532, 1.16303622723, 11.6172599792, 29.6744117737, 15.7606344223, 29.4375, 12.5630674362, 10.376326561, 7.60485887527, 6.14855146408, 2.0281457901, 1.28629982471, 1.30394303799, 0.222007289529, 0.048680793494, 0.0240961778909, 0.00899609550834, 0.00360114243813, 0.00122844800353, 0.000731104519218, 0.000530187913682, 0.000467060861411, 0.000265128648607, 0.000215511347051, 0.000181658208021, 0.000146525082528, 0.000122488927445, 0.00010154859774, 8.25195456855e-05, 6.52608359815e-05, 4.99079178553e-05, 3.66561325791e-05, 2.57126903307e-05, 1.71241572389e-05, 1.06523975774e-05, 5.5990067267e-06, 1.45431681631e-06, 6.19583079242e-06, 1.50884270624e-05],
        "dvar": [0.00108865264338, 0.159013345838, 1.58942627907, 140.896133423, 800.965759277, 266.9190979, 847.869689941, 317.182952881, 317.662750244, 240.147125244, 37.5965538025, 12.6795406342, 5.880402565, 4.886698246, 0.746129512787, 0.0068010748364, 0.00148980575614, 0.000137823764817, 1.22890141938e-05, 1.45110789163e-06, 2.85765025865e-07, 1.25884213276e-07, 9.42770626011e-08, 3.81307359021e-08, 2.61139518898e-08, 1.76332726198e-08, 1.17377085829e-08, 8.22072365736e-09, 5.64488056298e-09, 3.71982800118e-09, 2.31567875986e-09, 1.33860267315e-09, 7.05733083084e-10, 3.33048921775e-10, 1.38742739519e-10, 5.07249034443e-11, 1.37659753388e-11, 1.07788745377e-12, 2.10531279909e-11, 1.24740009988e-10],
        "dvar2": [0.00139436777681, 0.254855334759, 2.61927056313, 389.670593262, 2301.97875977, 652.718383789, 1411.67370605, 578.321166992, 470.820648193, 342.694396973, 64.689201355, 19.4444122314, 10.5363483429, 10.5179634094, 1.44222271442, 0.0153248356655, 0.00398430787027, 0.000342477549566, 3.26883382513e-05, 3.72984732167e-06, 8.03550051387e-07, 3.4489997347e-07, 2.53164927244e-07, 1.13281636516e-07, 7.75364341621e-08, 5.27223562585e-08, 3.55175160394e-08, 2.49518290474e-08, 1.71488956369e-08, 1.12949978259e-08, 7.0223729054e-09, 4.0501277887e-09, 2.12693729296e-09, 9.9424224409e-10, 4.06501915462e-10, 1.44481940301e-10, 3.84190283753e-11, 3.22544833724e-12, 5.92041901615e-11, 3.520705949e-10],
        "max": [4.22973585129, 28.7548007965, 37.9698295593, 197.985458374, 509.506103516, 342.157562256, 706.100219727, 689.813415527, 690.216796875, 536.660461426, 230.232025146, 131.022918701, 90.3380661011, 55.0997505188, 63.635799408, 4.92207050323, 0.866312265396, 0.559344232082, 0.0635206252337, 0.0433186553419, 0.0103625478223, 0.00780444266275, 0.00464597065002, 0.00254126242362, 0.00228913337924, 0.00179352983832, 0.0012715467019, 0.000977795105428, 0.000819484412204, 0.000673936447129, 0.000541069661267, 0.000422237353632, 0.000317664031172, 0.000232849386521, 0.000163437318406, 0.000108322790766, 5.93468539591e-05, 1.32307650347e-05, 7.28677623556e-05, 0.000175340770511],
        "mean": [0.0707818120718, 1.02429568768, 4.24634027481, 21.1639766693, 40.3818855286, 38.0566635132, 67.0124816895, 29.1737384796, 20.5928421021, 12.749879837, 9.1509885788, 3.45031404495, 1.96260070801, 1.49808430672, 0.262144595385, 0.0504365339875, 0.0238464586437, 0.0099912174046, 0.00392726343125, 0.0015280614607, 0.000903546751942, 0.000678505050018, 0.000552665558644, 0.000237017229665, 0.000163819582667, 0.000123891775729, 8.52633238537e-05, 6.69287110213e-05, 5.75563062739e-05, 5.06907999807e-05, 4.5017888624e-05, 4.00421849918e-05, 3.55237971235e-05, 3.11195399263e-05, 2.63479741989e-05, 2.04281404876e-05, 1.21367002066e-05, 1.72264606135e-06, 1.76355006261e-05, 4.24541904067e-05],
        "median": [0.00183462304994, 0.102658823133, 2.89389753342, 13.4618835449, 25.1871852875, 24.0075073242, 44.4290390015, 15.657365799, 5.95597457886, 4.10235595703, 5.66318559647, 1.11045575142, 0.298149168491, 0.403953909874, 0.0468215942383, 0.0199995003641, 0.00739017175511, 0.00587235204875, 0.00237228465267, 0.00105871295091, 0.000685522216372, 0.000536459614523, 0.000434769026469, 0.000135470269015, 8.58773564687e-05, 6.47274137009e-05, 4.37837115896e-05, 3.26986701111e-05, 2.93885568681e-05, 2.84497073153e-05, 2.83307417703e-05, 2.79041360045e-05, 2.71871303994e-05, 2.58647469309e-05, 2.29789075092e-05, 1.83512092917e-05, 1.10251048682e-05, 1.4300218254e-06, 1.63249933394e-05, 3.92851106881e-05],
        "min": [1.04333790381e-22, 8.34386686528e-22, 2.01460080525e-21, 6.30835278945e-21, 1.03205919467e-20, 1.49835690028e-20, 2.93962735231e-20, 7.51471743766e-20, 8.73668356849e-20, 1.26388583481e-19, 1.60528240216e-19, 3.37243112551e-19, 2.40709351458e-19, 4.22596080099e-19, 7.19224908917e-19, 1.07259589791e-18, 1.5028892555e-18, 2.15549308958e-18, 2.08680980178e-18, 3.13071338919e-18, 3.88476937443e-18, 5.15595034771e-18, 6.38584384149e-18, 6.04506859017e-18, 6.20432650069e-18, 7.18991509568e-18, 8.56566038378e-18, 9.75719006792e-18, 1.12260899551e-17, 9.54496033816e-18, 1.12125506628e-17, 1.15248270605e-17, 1.06208311475e-17, 8.01990646795e-18, 5.86748573396e-18, 4.41699806006e-18, 2.50087304857e-18, 1.01885573127e-18, 2.63673487925e-19, 2.89575802239e-20],
        "var": [0.0831458196044, 7.8199338913, 18.7299919128, 516.409912109, 2111.45288086, 1720.75317383, 4867.43408203, 1895.54077148, 1672.6348877, 956.706176758, 133.650650024, 53.3540763855, 19.9772701263, 12.5455245972, 1.68760943413, 0.0143078556284, 0.00256173545495, 0.000262034067418, 2.28559401876e-05, 2.84741440737e-06, 6.26684254712e-07, 3.02385842588e-07, 2.05137766329e-07, 7.70095169855e-08, 4.3746847922e-08, 2.54552219303e-08, 1.25249410843e-08, 7.98045540762e-09, 5.49161294217e-09, 3.74027564476e-09, 2.46326314901e-09, 1.56129420503e-09, 9.54596734992e-10, 5.66978797245e-10, 3.25774102139e-10, 1.68245334331e-10, 5.59492382979e-11, 1.70891697061e-12, 1.08967057599e-10, 6.35945740513e-10]
    },
    "gfcc": {
        "mean": [-308.34475708, 270.664154053, 25.7488307953, -45.8832511902, -51.4718055725, -34.7315139771, -31.6988239288, -20.2142696381, -17.7073993683, -26.6346073151, -12.6256113052, -17.8096618652, -4.71726751328],
        "cov": [[6372.34130859, 1388.84729004, 119.036636353, -179.754135132, -300.194702148, -122.021713257, 129.782211304, -22.7244129181, -81.020149231, -64.0445785522, 79.1148147583, -21.7780170441, 52.7472419739], [1388.84729004, 693.918701172, 66.1572189331, -256.400665283, -19.4813899994, -1.63314056396, 37.4575920105, 65.1796646118, 15.3411607742, -15.9478826523, 62.1371307373, 19.6116256714, 23.0824871063], [119.036636353, 66.1572189331, 248.297454834, 101.942817688, 98.9324798584, 48.0305328369, -18.912229538, 3.99541783333, 33.0615081787, -4.79436063766, -14.1108636856, -11.0650043488, 2.70598077774], [-179.754135132, -256.400665283, 101.942817688, 326.21295166, 71.1089019775, 55.6799621582, 40.2536010742, -0.826502025127, 31.3463630676, 41.0123405457, -15.6506280899, -3.71913123131, 0.195521354675], [-300.194702148, -19.4813899994, 98.9324798584, 71.1089019775, 180.028701782, 90.4269866943, -17.6624774933, 0.625580787659, 34.9084625244, 8.43119239807, -6.54852390289, -11.1756296158, -7.41413164139], [-122.021713257, -1.63314056396, 48.0305328369, 55.6799621582, 90.4269866943, 137.868057251, 119.022644043, 57.2765235901, 34.4581794739, 59.2027778625, 59.6055107117, 39.1684341431, 18.4407901764], [129.782211304, 37.4575920105, -18.912229538, 40.2536010742, -17.6624774933, 119.022644043, 268.632415771, 165.924057007, 42.2277641296, 96.4555664062, 139.527236938, 100.996391296, 54.4664344788], [-22.7244129181, 65.1796646118, 3.99541783333, -0.826502025127, 0.625580787659, 57.2765235901, 165.924057007, 165.711746216, 68.869178772, 60.1094703674, 93.5769577026, 76.8833847046, 40.0089302063], [-81.020149231, 15.3411607742, 33.0615081787, 31.3463630676, 34.9084625244, 34.4581794739, 42.2277641296, 68.869178772, 78.2729415894, 55.4442481995, 30.7275543213, 20.8173027039, 13.1988172531], [-64.0445785522, -15.9478826523, -4.79436063766, 41.0123405457, 8.43119239807, 59.2027778625, 96.4555664062, 60.1094703674, 55.4442481995, 102.553512573, 87.5720443726, 47.4178962708, 22.0347251892], [79.1148147583, 62.1371307373, -14.1108636856, -15.6506280899, -6.54852390289, 59.6055107117, 139.527236938, 93.5769577026, 30.7275543213, 87.5720443726, 136.485641479, 95.5225601196, 41.7309913635], [-21.7780170441, 19.6116256714, -11.0650043488, -3.71913123131, -11.1756296158, 39.1684341431, 100.996391296, 76.8833847046, 20.8173027039, 47.4178962708, 95.5225601196, 96.8741226196, 54.8251266479], [52.7472419739, 23.0824871063, 2.70598077774, 0.195521354675, -7.41413164139, 18.4407901764, 54.4664344788, 40.0089302063, 13.1988172531, 22.0347251892, 41.7309913635, 54.8251266479, 59.130191803]],
        "icov": [[0.000690917484462, -0.00152802257799, 0.000610693881754, -0.00190238072537, 0.00225473358296, -0.000695138354786, -0.00127067544963, 0.00395386759192, -0.00519658206031, 0.00714177731425, -0.00726019078866, 0.00528450496495, -0.00232412759215], [-0.00152802257799, 0.0072098528035, -0.00244163582101, 0.00585412001237, -0.001773301512, -0.00166815286502, 0.00305252382532, -0.00553565053269, 0.00144705513958, -0.00125386042055, -0.00106696225703, 0.00156272377353, -0.000679045391735], [0.000610693881754, -0.00244163582101, 0.00968450587243, -0.0079821748659, 0.00691063096747, -0.0120945544913, 0.00894922669977, 0.00115169549827, -0.0136918239295, 0.0244282130152, -0.0274569019675, 0.0207781791687, -0.0103273047134], [-0.00190238072537, 0.00585412001237, -0.0079821748659, 0.0172381922603, -0.0186466127634, 0.0208562072366, -0.016702035442, -0.000959108292591, 0.0194779690355, -0.0427578724921, 0.0525270327926, -0.0395815595984, 0.0181260611862], [0.00225473358296, -0.001773301512, 0.00691063096747, -0.0186466127634, 0.0502361133695, -0.0586568713188, 0.0411884747446, -0.00383939943276, -0.0418596975505, 0.082515694201, -0.10184019804, 0.0799438729882, -0.0359790623188], [-0.000695138354786, -0.00166815286502, -0.0120945544913, 0.0208562072366, -0.0586568713188, 0.0948277488351, -0.0782087817788, 0.0365198850632, 0.0216515455395, -0.0812443718314, 0.112678140402, -0.095146894455, 0.0462971255183], [-0.00127067544963, 0.00305252382532, 0.00894922669977, -0.016702035442, 0.0411884747446, -0.0782087817788, 0.0991484671831, -0.0807302594185, 0.0392028875649, 0.0124448956922, -0.061333604157, 0.0628599524498, -0.0359470173717], [0.00395386759192, -0.00553565053269, 0.00115169549827, -0.000959108292591, -0.00383939943276, 0.0365198850632, -0.0807302594185, 0.117919445038, -0.117681249976, 0.0951224491, -0.0580289922655, 0.0126857236028, 0.00130215124227], [-0.00519658206031, 0.00144705513958, -0.0136918239295, 0.0194779690355, -0.0418596975505, 0.0216515455395, 0.0392028875649, -0.117681249976, 0.198412954807, -0.219331994653, 0.198090314865, -0.118816047907, 0.0439552590251], [0.00714177731425, -0.00125386042055, 0.0244282130152, -0.0427578724921, 0.082515694201, -0.0812443718314, 0.0124448956922, 0.0951224491, -0.219331994653, 0.321954727173, -0.331333965063, 0.226430162787, -0.0941231697798], [-0.00726019078866, -0.00106696225703, -0.0274569019675, 0.0525270327926, -0.10184019804, 0.112678140402, -0.061333604157, -0.0580289922655, 0.198090314865, -0.331333965063, 0.401577323675, -0.29932564497, 0.129200011492], [0.00528450496495, 0.00156272377353, 0.0207781791687, -0.0395815595984, 0.0799438729882, -0.095146894455, 0.0628599524498, 0.0126857236028, -0.118816047907, 0.226430162787, -0.29932564497, 0.264725625515, -0.124992951751], [-0.00232412759215, -0.000679045391735, -0.0103273047134, 0.0181260611862, -0.0359790623188, 0.0462971255183, -0.0359470173717, 0.00130215124227, 0.0439552590251, -0.0941231697798, 0.129200011492, -0.124992951751, 0.0829169675708]]
    },
    "melbands": {
        "dmean": [0.000111223489512, 0.000414900510805, 0.00175695319194, 0.00103808881249, 0.000740315357689, 0.00025210462627, 0.000133436580654, 5.8231085859e-05, 3.22545784002e-05, 8.54560221342e-06, 4.38276993009e-06, 3.64845254808e-06, 6.47822787414e-07, 1.23120344142e-07, 4.14609644395e-08, 2.65456634452e-08, 9.09705111241e-09, 3.57193719047e-09, 2.12321471516e-09, 8.51309800431e-10, 4.28887786397e-10, 3.04015118635e-10, 5.34686017684e-10, 1.37848094051e-10, 1.25773558235e-10, 9.28073035089e-11, 7.52594653264e-11, 6.67484886807e-11, 5.29575272523e-11, 4.42123317124e-11, 3.76705125427e-11, 3.24237720006e-11, 2.8014398093e-11, 2.42752033752e-11, 2.10997452149e-11, 1.83996689412e-11, 1.60940705207e-11, 1.41322118938e-11, 1.24543214283e-11, 1.10223496996e-11],
        "dmean2": [0.000130276966956, 0.000468925602036, 0.00265371310525, 0.00156364054419, 0.000928049033973, 0.000311613373924, 0.000166340571013, 7.45969300624e-05, 4.40434268967e-05, 1.12515008368e-05, 6.22756488156e-06, 5.53429663341e-06, 9.60873194344e-07, 1.94846123236e-07, 6.920623008e-08, 4.44928538457e-08, 1.51123433767e-08, 5.96272853315e-09, 3.54923690438e-09, 1.44820744286e-09, 7.3298384029e-10, 5.23215804016e-10, 8.94231855231e-10, 2.43075670703e-10, 2.21111823295e-10, 1.65062200019e-10, 1.34495081738e-10, 1.18596993337e-10, 9.48347511631e-11, 7.9752475457e-11, 6.81109335599e-11, 5.86284076842e-11, 5.06551849078e-11, 4.38991516749e-11, 3.81562802187e-11, 3.32711358464e-11, 2.91003835612e-11, 2.55525045567e-11, 2.25204611903e-11, 1.99313447691e-11],
        "dvar": [1.31664307901e-07, 3.20266451581e-07, 6.68352367938e-06, 1.98297084353e-06, 8.04418846201e-07, 1.44989840578e-07, 8.12594365129e-08, 2.28991101636e-08, 1.77894432518e-09, 5.25439414201e-10, 1.38709377318e-10, 8.71866814856e-11, 9.43121795938e-12, 4.70410819672e-13, 7.64935210578e-15, 5.80538297895e-15, 5.53739477757e-16, 2.82819834313e-17, 1.82400852412e-17, 1.29169029618e-18, 2.55489647287e-19, 1.78062297853e-19, 3.94223629992e-19, 3.40700410856e-20, 2.84731270348e-20, 1.49660318045e-20, 9.82882499465e-21, 7.60914236641e-21, 4.96265796811e-21, 3.51632216574e-21, 2.54041423671e-21, 1.88252918239e-21, 1.40438990971e-21, 1.0555510231e-21, 7.97706699163e-22, 6.06568503862e-22, 4.63901810084e-22, 3.57415559081e-22, 2.77629258359e-22, 2.17473780197e-22],
        "dvar2": [1.99488567887e-07, 5.25910422766e-07, 1.96079763555e-05, 5.8003729464e-06, 1.49076561229e-06, 2.66542826921e-07, 1.23914347228e-07, 3.16090229546e-08, 3.17073256539e-09, 7.96453847318e-10, 2.50903187116e-10, 1.88853765959e-10, 1.87617317515e-11, 9.27693360499e-13, 2.0819055098e-14, 1.55325852549e-14, 1.3654134052e-15, 7.4197743604e-17, 4.74032426723e-17, 3.65256778237e-18, 7.16869150231e-19, 4.90770651825e-19, 1.04195712802e-18, 1.0003354934e-19, 8.36642783279e-20, 4.48763803068e-20, 2.94913023583e-20, 2.24725504606e-20, 1.4888843898e-20, 1.06154115571e-20, 7.7262619323e-21, 5.72837558764e-21, 4.27423124876e-21, 3.21235489911e-21, 2.42740835956e-21, 1.84563119173e-21, 1.41143851443e-21, 1.08757912926e-21, 8.44889063128e-22, 6.61895395978e-22],
        "max": [0.0343084745109, 0.0261774975806, 0.0376334115863, 0.0280249584466, 0.0191759634763, 0.0132856350392, 0.010919675231, 0.00687735248357, 0.00130913604517, 0.00084635685198, 0.000436172907939, 0.000253801612416, 0.000192268475075, 5.04303643538e-05, 2.1419841687e-06, 2.08689652936e-06, 1.22826850202e-06, 8.86224285068e-08, 9.72478204631e-08, 2.22448193199e-08, 8.61056204116e-09, 1.00443591222e-08, 1.0565637254e-08, 3.14685810743e-09, 2.41671926915e-09, 1.65455149581e-09, 1.27169763608e-09, 1.21630117089e-09, 9.11073771981e-10, 7.19094228607e-10, 5.36827804432e-10, 4.62762411724e-10, 4.0016462366e-10, 3.4701461149e-10, 3.01558417126e-10, 2.6301624767e-10, 2.30262642287e-10, 2.02096978041e-10, 1.7809313746e-10, 1.57626758868e-10],
        "mean": [0.000884641718585, 0.00195267330855, 0.00441368669271, 0.00275167799555, 0.00213131355122, 0.000734492903575, 0.000311308336677, 0.000126110593555, 6.25432221568e-05, 1.85529825103e-05, 8.9217128334e-06, 6.14318241787e-06, 1.04543346424e-06, 1.92948675704e-07, 6.44616946488e-08, 4.16139229742e-08, 1.54502668437e-08, 5.96832139266e-09, 3.43902550881e-09, 1.62300362039e-09, 8.27061474862e-10, 5.63054824987e-10, 1.00228492173e-09, 1.96729368906e-10, 1.81034354174e-10, 1.18381332515e-10, 8.75771885567e-11, 7.793024559e-11, 5.3269257061e-11, 3.96844397621e-11, 3.26448625076e-11, 2.76879543598e-11, 2.37863461566e-11, 2.05252481678e-11, 1.78421010605e-11, 1.55342336217e-11, 1.36028324021e-11, 1.19401788803e-11, 1.05314142823e-11, 9.31647294033e-12],
        "median": [8.66372101882e-06, 0.0010814369889, 0.00303262518719, 0.00194194447249, 0.00151164631825, 0.000437887036242, 8.5338295321e-05, 4.75013366668e-05, 3.76910393243e-05, 2.88412775262e-06, 1.27112639348e-06, 1.61762568496e-06, 1.03211874602e-07, 5.59469626182e-08, 2.29867609391e-08, 1.25381554028e-08, 8.20577739091e-09, 3.53442897172e-09, 1.43370593175e-09, 1.14054965472e-09, 6.04554961647e-10, 3.63417018701e-10, 7.47451822658e-10, 1.11643118361e-10, 8.90872930981e-11, 6.0120110279e-11, 4.62696200798e-11, 3.57313970079e-11, 2.38052424995e-11, 1.6714506515e-11, 1.37735361311e-11, 1.13273574548e-11, 9.64562631156e-12, 8.27046590934e-12, 7.22731379951e-12, 6.26602242315e-12, 5.48443191903e-12, 4.82185992523e-12, 4.26458651379e-12, 3.77893853362e-12],
        "min": [1.53841671723e-24, 1.3404809651e-24, 1.35849785792e-24, 1.0581020904e-24, 1.03047835087e-24, 1.68063719578e-24, 1.08830175661e-24, 1.23354978471e-24, 1.23627214369e-24, 2.5171559493e-24, 7.67553279133e-25, 1.30093753729e-24, 2.04670849328e-24, 2.94364235644e-24, 3.49068899522e-24, 2.60873540343e-24, 3.24326651939e-24, 2.70412821118e-24, 3.4774282434e-24, 4.12003749224e-24, 3.78626176577e-24, 4.77735110835e-24, 5.1561175444e-24, 4.27712375873e-24, 4.56766911873e-24, 4.33482932837e-24, 2.97132506333e-24, 4.01265340709e-24, 4.87523533605e-24, 5.17100019423e-24, 4.46326219463e-24, 5.84089101419e-24, 5.15025196913e-24, 5.08240440926e-24, 5.16603865357e-24, 5.05595390311e-24, 6.5304895517e-24, 6.54377633593e-24, 6.37715471325e-24, 6.23636946851e-24],
        "var": [8.46659077069e-06, 6.65385323373e-06, 2.05231626751e-05, 7.61593128118e-06, 4.29265173807e-06, 8.93807282409e-07, 3.93498510221e-07, 9.55983523454e-08, 5.9598370683e-09, 2.18659756968e-09, 4.5560338835e-10, 2.23300308799e-10, 2.14606214743e-11, 1.03655408909e-12, 1.35855267127e-14, 9.59297931754e-15, 1.00164409458e-15, 5.07092221916e-17, 3.15163324183e-17, 2.60197189022e-18, 5.76022367296e-19, 4.09453317539e-19, 8.39838233684e-19, 6.17677089144e-20, 6.03936972934e-20, 2.36053936965e-20, 1.29069296516e-20, 1.18585501189e-20, 5.8483115258e-21, 3.57241413934e-21, 2.35076450204e-21, 1.72820022142e-21, 1.28781358499e-21, 9.65833531558e-22, 7.29598190411e-22, 5.5435732202e-22, 4.24027504032e-22, 3.26536867435e-22, 2.53464643919e-22, 1.98340507988e-22]
    },
    "mfcc": {
        "mean": [-927.006774902, 244.853546143, 126.542304993, 26.723739624, -14.9581403732, -17.2411766052, -12.2036676407, -11.7436590195, -12.4724206924, -11.7197208405, -11.5324544907, -13.039516449, -13.3373737335],
        "cov": [[825.671081543, 879.663696289, 293.64175415, -103.273002625, -144.765258789, -15.3178358078, 75.5811691284, 72.7117385864, 28.1061611176, 8.66875934601, 31.7248458862, 58.6399345398, 59.1874504089], [879.663696289, 958.625549316, 364.867736816, -64.1332015991, -139.749267578, -17.7582569122, 86.4566879272, 92.1808624268, 43.2156486511, 17.2364463806, 39.6049194336, 68.642829895, 68.5755157471], [293.64175415, 364.867736816, 236.681488037, 94.2424621582, 8.72639083862, 3.41613841057, 36.7441329956, 53.5963287354, 41.8481216431, 26.7831115723, 25.9040317535, 30.5382919312, 28.3268604279], [-103.273002625, -64.1332015991, 94.2424621582, 177.045059204, 138.149398804, 50.203289032, -3.9518725872, -2.62046027184, 23.0958919525, 32.0961952209, 13.4213218689, -9.06391811371, -13.2808208466], [-144.765258789, -139.749267578, 8.72639083862, 138.149398804, 168.261535645, 99.8042984009, 9.4911699295, -23.4127979279, 4.70844984055, 31.3908729553, 16.4493598938, -13.0817966461, -17.5794334412], [-15.3178358078, -17.7582569122, 3.41613841057, 50.203289032, 99.8042984009, 110.93624115, 74.7659606934, 31.2787246704, 18.9618053436, 30.181722641, 35.9286384583, 30.9044151306, 28.5763587952], [75.5811691284, 86.4566879272, 36.7441329956, -3.9518725872, 9.4911699295, 74.7659606934, 128.728378296, 118.087005615, 65.4713668823, 35.8448638916, 53.027130127, 81.5018920898, 84.3806381226], [72.7117385864, 92.1808624268, 53.5963287354, -2.62046027184, -23.4127979279, 31.2787246704, 118.087005615, 148.824966431, 103.156784058, 51.5860824585, 54.063709259, 86.7556686401, 95.10496521], [28.1061611176, 43.2156486511, 41.8481216431, 23.0958919525, 4.70844984055, 18.9618053436, 65.4713668823, 103.156784058, 99.6127853394, 70.0342483521, 51.8920211792, 55.3951034546, 60.3205490112], [8.66875934601, 17.2364463806, 26.7831115723, 32.0961952209, 31.3908729553, 30.181722641, 35.8448638916, 51.5860824585, 70.0342483521, 76.3309020996, 64.6586837769, 46.4268989563, 35.8665351868], [31.7248458862, 39.6049194336, 25.9040317535, 13.4213218689, 16.4493598938, 35.9286384583, 53.027130127, 54.063709259, 51.8920211792, 64.6586837769, 83.1481781006, 82.4536209106, 60.8925666809], [58.6399345398, 68.642829895, 30.5382919312, -9.06391811371, -13.0817966461, 30.9044151306, 81.5018920898, 86.7556686401, 55.3951034546, 46.4268989563, 82.4536209106, 117.43145752, 107.700973511], [59.1874504089, 68.5755157471, 28.3268604279, -13.2808208466, -17.5794334412, 28.5763587952, 84.3806381226, 95.10496521, 60.3205490112, 35.8665351868, 60.8925666809, 107.700973511, 122.366722107]],
