{
"lowlevel": {
    "average_loudness": 0.943832993507,
    "barkbands_crest": {
        "dmean": 2.56472826004,
        "dmean2": 4.19191884995,
        "dvar": 4.38825798035,
        "dvar2": 11.3768339157,
        "max": 25.3237686157,
        "mean": 11.7333993912,
        "median": 11.2094917297,
        "min": 4.11121511459,
        "var": 12.738492012
    },
    "barkbands_flatness_db": {
        "dmean": 0.0200717784464,
        "dmean2": 0.0330040194094,
        "dvar": 0.000262397894403,
        "dvar2": 0.000735508569051,
        "max": 0.59405875206,
        "mean": 0.425729691982,
        "median": 0.425523966551,
        "min": 0.0584942065179,
        "var": 0.00235014338978
    },
    "barkbands_kurtosis": {
        "dmean": 1.58039414883,
        "dmean2": 2.57545256615,
        "dvar": 3.98160481453,
        "dvar2": 9.84753990173,
        "max": 62.0283584595,
        "mean": 2.05232286453,
        "median": 1.2597360611,
        "min": -1.70836091042,
        "var": 10.4178638458
    },
    "barkbands_skewness": {
        "dmean": 0.418688863516,
        "dmean2": 0.660808682442,
        "dvar": 0.119036018848,
        "dvar2": 0.297586292028,
        "max": 5.14283704758,
        "mean": 0.000152883760165,
        "median": -0.0481769964099,
        "min": -3.22437310219,
        "var": 0.599564433098
    },
    "barkbands_spread": {
        "dmean": 0.703270614147,
        "dmean2": 1.11258089542,
        "dvar": 0.839118599892,
        "dvar2": 2.11230039597,
        "max": 69.8007354736,
        "mean": 3.24790525436,
        "median": 2.77841758728,
        "min": 0.25376778841,
        "var": 6.14403009415
    },
    "dissonance": {
        "dmean": 0.0749454274774,
        "dmean2": 0.128126963973,
        "dvar": 0.00366213591769,
        "dvar2": 0.0100305275992,
        "max": 0.499840199947,
        "mean": 0.3327280581,
        "median": 0.339765697718,
        "min": 0.0760800689459,
        "var": 0.00674862787127
    },
    "dynamic_complexity": 1.8677175045,
    "erbbands_crest": {
        "dmean": 3.40654397011,
        "dmean2": 5.62761259079,
        "dvar": 7.62480115891,
        "dvar2": 19.8469104767,
        "max": 32.336101532,
        "mean": 14.2206325531,
        "median": 13.6201267242,
        "min": 2.21171236038,
        "var": 16.4374656677
    },
    "erbbands_flatness_db": {
        "dmean": 0.0187901481986,
        "dmean2": 0.0299203954637,
        "dvar": 0.000212945946259,
        "dvar2": 0.00054843298858,
        "max": 0.544939219952,
        "mean": 0.426739275455,
        "median": 0.428821831942,
        "min": 0.0314294360578,
        "var": 0.00150166009553
    },
    "erbbands_kurtosis": {
        "dmean": 1.64678990841,
        "dmean2": 2.64799189568,
        "dvar": 3.04584670067,
        "dvar2": 7.59650087357,
        "max": 34.6306648254,
        "mean": 2.52852106094,
        "median": 1.91505289078,
        "min": -1.71056580544,
        "var": 7.27039480209
    },
    "erbbands_skewness": {
        "dmean": 0.446011245251,
        "dmean2": 0.708725273609,
        "dvar": 0.128728851676,
        "dvar2": 0.319104850292,
        "max": 4.58789825439,
        "mean": 0.3914693892,
        "median": 0.376047134399,
        "min": -2.18462109566,
        "var": 0.496264785528
    },
    "erbbands_spread": {
        "dmean": 1.29277718067,
        "dmean2": 2.05064606667,
        "dvar": 1.75172412395,
        "dvar2": 4.26837491989,
        "max": 87.4872665405,
        "mean": 4.91941976547,
        "median": 4.37465667725,
        "min": 0.748750329018,
        "var": 9.55874347687
    },
    "hfc": {
        "dmean": 3.53070759773,
        "dmean2": 5.47189569473,
        "dvar": 10.4280729294,
        "dvar2": 24.533662796,
        "max": 52.5949935913,
        "mean": 12.5587463379,
        "median": 11.9890861511,
        "min": 1.07671817318e-16,
        "var": 37.4424133301
    },
    "melbands_crest": {
        "dmean": 2.94495487213,
        "dmean2": 4.82297277451,
        "dvar": 6.06407546997,
        "dvar2": 15.9856805801,
        "max": 30.7215671539,
        "mean": 13.4940948486,
        "median": 12.8304567337,
        "min": 1.65759158134,
        "var": 16.651386261
    },
    "melbands_flatness_db": {
        "dmean": 0.0188382416964,
        "dmean2": 0.0302903670818,
        "dvar": 0.000237371321418,
        "dvar2": 0.000642038125079,
        "max": 0.754066228867,
        "mean": 0.544935762882,
        "median": 0.546365022659,
        "min": 0.00401690928265,
        "var": 0.00385842472315
    },
    "melbands_kurtosis": {
        "dmean": 1.38804805279,
        "dmean2": 2.24680256844,
        "dvar": 2.58899760246,
        "dvar2": 6.19714689255,
        "max": 64.0030593872,
        "mean": 1.36715555191,
        "median": 0.692686676979,
        "min": -1.67260050774,
        "var": 6.64995861053
    },
    "melbands_skewness": {
        "dmean": 0.417647778988,
        "dmean2": 0.653957486153,
        "dvar": 0.115865819156,
        "dvar2": 0.290669739246,
        "max": 4.74490499496,
        "mean": 0.468822479248,
        "median": 0.419889509678,
        "min": -2.26435756683,
        "var": 0.471416950226
    },
    "melbands_spread": {
        "dmean": 1.08868968487,
        "dmean2": 1.72657561302,
        "dvar": 3.39955401421,
        "dvar2": 7.39763307571,
        "max": 155.571411133,
        "mean": 5.26330566406,
        "median": 4.26967525482,
        "min": 0.465642660856,
        "var": 77.635017395
    },
    "pitch_salience": {
        "dmean": 0.0662073120475,
        "dmean2": 0.107745110989,
        "dvar": 0.00280218874104,
        "dvar2": 0.00724208587781,
        "max": 0.871057033539,
        "mean": 0.59978467226,
        "median": 0.605693459511,
        "min": 0.154765084386,
        "var": 0.00895430427045
    },
    "silence_rate_20dB": {
        "dmean": 0,
        "dmean2": 0,
        "dvar": 0,
        "dvar2": 0,
        "max": 1,
        "mean": 1,
        "median": 1,
        "min": 1,
        "var": 0
    },
    "silence_rate_30dB": {
        "dmean": 0.000774533371441,
        "dmean2": 0.00154918665066,
        "dvar": 0.000774067477323,
        "dvar2": 0.00232128379866,
        "max": 1,
        "mean": 0.999612748623,
        "median": 1,
        "min": 0,
        "var": 0.000387045060052
    },
    "silence_rate_60dB": {
        "dmean": 0.0020137866959,
        "dmean2": 0.00402788538486,
        "dvar": 0.00200949353166,
        "dvar2": 0.00494199898094,
        "max": 1,
        "mean": 0.0299721192569,
        "median": 0,
        "min": 0,
        "var": 0.0290755704045
    },
    "spectral_centroid": {
        "dmean": 31.5309505463,
        "dmean2": 48.4550209045,
        "dvar": 9786.81542969,
        "dvar2": 14244.0400391,
        "max": 11613.7392578,
        "mean": 429.546203613,
        "median": 378.353790283,
        "min": 126.351860046,
        "var": 491613.34375
    },
    "spectral_complexity": {
        "dmean": 1.13221287727,
        "dmean2": 1.9787760973,
        "dvar": 0.995408177376,
        "dvar2": 2.65562176704,
        "max": 16,
        "mean": 8.69431495667,
        "median": 9,
        "min": 0,
        "var": 4.70439863205
    },
    "spectral_decrease": {
        "dmean": 2.38017672238e-09,
        "dmean2": 3.71949226974e-09,
        "dvar": 4.64662670683e-18,
        "dvar2": 1.14728776365e-17,
        "max": 1.34222716167e-28,
        "mean": -9.40227451451e-09,
        "median": -9.03971031363e-09,
        "min": -3.39695844787e-08,
        "var": 1.80281450246e-17
    },
    "spectral_energy": {
        "dmean": 0.00928643532097,
        "dmean2": 0.0145078925416,
        "dvar": 7.05526690581e-05,
        "dvar2": 0.000173774213181,
        "max": 0.131708532572,
        "mean": 0.0366254560649,
        "median": 0.0352408364415,
        "min": 1.00802095449e-20,
        "var": 0.000272346573183
    },
    "spectral_energyband_high": {
        "dmean": 4.01241493364e-08,
        "dmean2": 6.84867345058e-08,
        "dvar": 1.63022798589e-15,
        "dvar2": 4.54813493995e-15,
        "max": 8.13492988527e-07,
        "mean": 1.93364797951e-07,
        "median": 1.80992628884e-07,
        "min": 6.99027717449e-21,
        "var": 1.38623099748e-14
    },
    "spectral_energyband_low": {
        "dmean": 0.00191637699027,
        "dmean2": 0.00323033519089,
        "dvar": 7.75668468123e-06,
        "dvar2": 2.39519322349e-05,
        "max": 0.0655089467764,
        "mean": 0.00555440317839,
        "median": 0.00320387119427,
        "min": 1.2875816094e-23,
        "var": 4.89006815769e-05
    },
    "spectral_energyband_middle_high": {
        "dmean": 0.000376126350602,
        "dmean2": 0.000615685828961,
        "dvar": 6.53840459108e-07,
        "dvar2": 1.71604472143e-06,
        "max": 0.0210554040968,
        "mean": 0.000774292915594,
        "median": 0.000409876840422,
        "min": 1.17775898164e-21,
        "var": 1.79914400178e-06
    },
    "spectral_energyband_middle_low": {
        "dmean": 0.00892396364361,
        "dmean2": 0.0137742292136,
        "dvar": 6.78405922372e-05,
        "dvar2": 0.000165282021044,
        "max": 0.130722731352,
        "mean": 0.0311073902994,
        "median": 0.0294059291482,
        "min": 1.6810083154e-22,
        "var": 0.000251054181717
    },
    "spectral_entropy": {
        "dmean": 0.128069132566,
        "dmean2": 0.202751681209,
        "dvar": 0.010764259845,
        "dvar2": 0.027397878468,
        "max": 9.82183933258,
        "mean": 5.16663885117,
        "median": 5.15552997589,
        "min": 3.96874380112,
        "var": 0.170901536942
    },
    "spectral_flux": {
        "dmean": 0.0204536952078,
        "dmean2": 0.034959744662,
        "dvar": 0.000294412078802,
        "dvar2": 0.000859471445438,
        "max": 0.216748937964,
        "mean": 0.0780903249979,
        "median": 0.0773939564824,
        "min": 6.40096378679e-11,
        "var": 0.000676502822898
    },
    "spectral_kurtosis": {
        "dmean": 46.8754463196,
        "dmean2": 80.0117721558,
        "dvar": 1539.3067627,
        "dvar2": 4500.70898438,
        "max": 477.055053711,
        "mean": 180.710617065,
        "median": 181.953308105,
        "min": -1.24723124504,
        "var": 3066.96313477
    },
    "spectral_rms": {
        "dmean": 0.000748691090848,
        "dmean2": 0.00116524740588,
        "dvar": 3.88224350445e-07,
        "dvar2": 9.54439542511e-07,
        "max": 0.011335613206,
        "mean": 0.00577775156125,
        "median": 0.00586355663836,
        "min": 3.1359769382e-12,
        "var": 2.34967433244e-06
    },
    "spectral_rolloff": {
        "dmean": 55.3421516418,
        "dmean2": 97.6697845459,
        "dvar": 46200.6054688,
        "dvar2": 84333.90625,
        "max": 19638.28125,
        "mean": 574.870727539,
        "median": 495.263671875,
        "min": 86.1328125,
        "var": 1480305.25
    },
    "spectral_skewness": {
        "dmean": 1.72881984711,
        "dmean2": 2.98239040375,
        "dvar": 2.13548398018,
        "dvar2": 6.11505317688,
        "max": 17.8877162933,
        "mean": 10.5448732376,
        "median": 10.8824310303,
        "min": -0.0822436958551,
        "var": 4.47960758209
    },
    "spectral_spread": {
        "dmean": 299306.25,
        "dmean2": 540803.8125,
        "dvar": 214856204288,
        "dvar2": 492504252416,
        "max": 42436684,
        "mean": 871807,
        "median": 641920,
        "min": 185891.609375,
        "var": 6.91674284032e+12
    },
    "spectral_strongpeak": {
        "dmean": 0.540362656116,
        "dmean2": 0.896894514561,
        "dvar": 0.312417924404,
        "dvar2": 0.787711679935,
        "max": 6.78514862061,
        "mean": 1.21468782425,
        "median": 1.08109545708,
        "min": 0,
        "var": 0.605712115765
    },
    "zerocrossingrate": {
        "dmean": 0.00152183696628,
        "dmean2": 0.00202910928056,
        "dvar": 1.40286902024e-05,
        "dvar2": 1.38424920806e-05,
        "max": 0.525390625,
        "mean": 0.0194880645722,
        "median": 0.01708984375,
        "min": 0.00341796875,
        "var": 0.00107392319478
    },
    "barkbands": {
        "dmean": [3.92158435716e-05, 0.000842604669742, 0.000969615823124, 0.000934234063607, 0.00343342195265, 0.00428796419874, 0.00425380002707, 0.00147984840441, 0.0012243312085, 0.000305669818772, 0.000154544992256, 3.44460058841e-05, 3.1402829336e-05, 8.17462250779e-07, 5.07057757204e-06, 4.40652115685e-07, 2.46175545726e-07, 7.15215620062e-08, 6.69369484285e-08, 3.35562191367e-08, 2.59175187978e-08, 1.11061986274e-08, 6.83558543102e-09, 3.09326675385e-09, 1.8404175961e-09, 1.40544209604e-09, 1.49176404562e-09],
        "dmean2": [6.47774868412e-05, 0.00137190206442, 0.00169787695631, 0.00124900136143, 0.00524860620499, 0.00644975993782, 0.00647079758346, 0.00235843029805, 0.00196501868777, 0.000500521098729, 0.0002579613938, 5.8061319578e-05, 5.32665289938e-05, 1.37680046919e-06, 8.54187692312e-06, 7.57609029733e-07, 4.2061569161e-07, 1.22183109852e-07, 1.14975243548e-07, 5.77005998537e-08, 4.41316494459e-08, 1.87037070276e-08, 1.17317497939e-08, 5.39267475119e-09, 3.28045168807e-09, 2.59476862219e-09, 2.75817235718e-09],
        "dvar": [2.7981923445e-09, 3.11417124976e-06, 1.93423352357e-06, 2.57791134572e-06, 2.66630559054e-05, 2.59791540884e-05, 2.62777030002e-05, 4.67283416583e-06, 5.30509487362e-06, 4.94542121032e-07, 1.7853201939e-07, 5.72907232765e-09, 5.19878717853e-09, 1.07638995373e-12, 3.06896091873e-10, 3.28562264201e-12, 1.03985593194e-13, 9.6078354284e-15, 5.75785384269e-15, 1.41745172135e-15, 8.11574401077e-16, 1.57562249817e-16, 1.05941984133e-16, 2.03468050735e-17, 6.24233172752e-18, 3.09137185207e-18, 3.51808517197e-18],
        "dvar2": [7.49671880129e-09, 8.8509023044e-06, 5.97078678766e-06, 6.63937862555e-06, 7.64235082897e-05, 5.87140202697e-05, 5.89505252719e-05, 1.14792128443e-05, 1.28806632347e-05, 1.28401416077e-06, 4.93454479056e-07, 1.54556669685e-08, 1.41844482826e-08, 2.90137141742e-12, 8.29015189829e-10, 9.38164736869e-12, 2.9013369398e-13, 2.69314464393e-14, 1.65736700622e-14, 4.09990289196e-15, 2.28092801333e-15, 4.37169665355e-16, 2.9352616533e-16, 5.78731555442e-17, 1.77661554179e-17, 9.65544106232e-18, 1.0970625149e-17],
        "max": [0.00198980281129, 0.0554366447031, 0.0254827998579, 0.0480251945555, 0.084610030055, 0.094488106668, 0.104357801378, 0.0333753079176, 0.0409474782646, 0.0145104629919, 0.0189086645842, 0.00144741497934, 0.00123814621475, 1.29376921905e-05, 0.000337359204423, 6.30836584605e-05, 6.17137447989e-06, 2.60423053078e-06, 1.21166976896e-06, 6.44950148398e-07, 4.51118012279e-07, 2.04699375672e-07, 2.62185722022e-07, 1.05277692342e-07, 6.93868500434e-08, 1.97912424227e-08, 2.00540508644e-08],
        "mean": [0.000366877444321, 0.00271238014102, 0.00168399780523, 0.00252625183202, 0.00740794511512, 0.0085487337783, 0.00829200912267, 0.00239326292649, 0.00189747242257, 0.000446405814728, 0.000245948933298, 4.91800092277e-05, 4.33916211477e-05, 1.30974649437e-06, 8.37371317175e-06, 7.75711839651e-07, 5.09524738845e-07, 1.70290107349e-07, 1.74194724423e-07, 9.18618496826e-08, 8.41889544745e-08, 3.5328767467e-08, 2.22516458592e-08, 8.89717632901e-09, 3.84143916676e-09, 1.67432201437e-09, 1.45640688398e-09],
        "median": [0.000308637972921, 0.000579957384616, 0.000946507032495, 0.00104914896656, 0.00444442406297, 0.00594305898994, 0.00582653004676, 0.00121101154946, 0.000580115476623, 0.000187740995898, 8.50007927511e-05, 5.26389339939e-06, 4.63833293907e-06, 9.28915710574e-07, 1.32885475068e-06, 4.30586794664e-07, 3.97182162715e-07, 1.4104708157e-07, 1.54492553861e-07, 8.33534414824e-08, 7.83186209219e-08, 3.09812620003e-08, 1.14659961525e-08, 5.15862463857e-09, 2.16408646558e-09, 1.06506736763e-09, 8.21499646086e-10],
        "min": [9.25358925136e-26, 7.6978802347e-25, 1.00607493876e-24, 2.35475769069e-25, 6.98932181975e-24, 6.18806238769e-24, 1.02007863978e-23, 1.59065912929e-23, 1.6325241353e-23, 1.77044400058e-23, 1.61173496832e-23, 1.83910156283e-23, 4.40620088768e-23, 3.7205744226e-23, 5.84494560147e-23, 5.37956563013e-23, 7.94873855476e-23, 1.08574119695e-22, 1.18336115624e-22, 1.78172616302e-22, 2.54913244976e-22, 3.11452761454e-22, 4.64456158419e-22, 5.82617929473e-22, 9.72027288733e-22, 1.25328848794e-21, 1.89254885184e-21],
        "var": [1.85743175507e-07, 3.11718758894e-05, 4.63344531454e-06, 1.50254600157e-05, 7.15277637937e-05, 7.76306551415e-05, 7.39761162549e-05, 1.02633730421e-05, 1.08112935777e-05, 8.10722440292e-07, 3.68702387732e-07, 1.00156674065e-08, 7.76913111622e-09, 1.6111592312e-12, 6.67763011553e-10, 4.56858812933e-12, 1.8870725837e-13, 1.77199123159e-14, 1.27022170383e-14, 3.16743502527e-15, 3.08282956285e-15, 6.66976506678e-16, 6.50020177624e-16, 1.19531899853e-16, 3.487951644e-17, 2.97342727046e-18, 3.07565934954e-18]
    },
    "erbbands": {
        "dmean": [0.00736021576449, 0.245495855808, 1.06786549091, 2.02143144608, 4.07685375214, 16.5339775085, 25.5961704254, 35.0988273621, 55.5567779541, 54.3729324341, 31.6862945557, 34.0914421082, 4.28036403656, 10.7593727112, 4.46689510345, 1.6662260294, 1.57248198986, 0.104921661317, 0.288913488388, 0.107274949551, 0.0163187365979, 0.0107676181942, 0.00545940548182, 0.00324985641055, 0.00280333776027, 0.00182547711302, 0.00117171078455, 0.000891419884283, 0.000435736932559, 0.000267849274678, 0.000171065184986, 8.4679464635e-05, 4.06133440265e-05, 2.36368614424e-05, 1.2875894754e-05, 7.3007595347e-06, 3.82356984119e-06, 1.04877869944e-06, 4.31407852375e-06, 1.0309913705e-05],
        "dmean2": [0.0110920984298, 0.404287755489, 1.87067723274, 3.01077127457, 5.4439496994, 25.661907196, 39.3722076416, 52.9559745789, 84.1243286133, 83.2991790771, 50.088760376, 54.3519859314, 6.91470098495, 17.5126304626, 7.47656297684, 2.7958407402, 2.67285776138, 0.176607847214, 0.487432837486, 0.182046547532, 0.0278599318117, 0.0184341762215, 0.00928240083158, 0.0055468948558, 0.00482410844415, 0.0031471143011, 0.0019975011237, 0.00151652051136, 0.000738239090424, 0.000453158689197, 0.000292928772978, 0.000146857317304, 7.12385444785e-05, 4.11886103393e-05, 2.23274200835e-05, 1.23622348838e-05, 6.33965737507e-06, 1.84390125924e-06, 6.71367433824e-06, 1.60994241014e-05],
        "dvar": [0.000368053937564, 0.242715910077, 2.30841875076, 12.3513212204, 31.4540672302, 830.319946289, 1113.37512207, 1944.49658203, 5138.02783203, 5053.35791016, 2885.59765625, 3972.83276367, 43.5361289978, 665.710144043, 135.999206543, 10.6705617905, 12.4911422729, 0.0278401784599, 1.06502354145, 0.229963958263, 0.00163626344875, 0.000173047184944, 5.7048011513e-05, 1.40278325489e-05, 1.27673101815e-05, 4.6529435167e-06, 1.85074918591e-06, 1.02124147361e-06, 2.69426692512e-07, 1.5004413001e-07, 6.25083060868e-08, 1.77082117858e-08, 4.7808232928e-09, 1.20278376148e-09, 2.04976369211e-10, 5.76366072924e-11, 1.44023100737e-11, 1.39963767572e-12, 1.51426701039e-11, 8.67287283657e-11],
        "dvar2": [0.000977480551228, 0.699794530869, 7.3525094986, 37.3004264832, 67.5383529663, 2511.97021484, 2564.15429688, 4575.07275391, 11623.2294922, 11366.4345703, 7129.19335938, 9602.25, 111.966369629, 1718.14916992, 370.86932373, 28.8929920197, 34.1110038757, 0.0762660577893, 2.86155080795, 0.637521624565, 0.00460024969652, 0.000482644943986, 0.000157879854669, 3.96670911869e-05, 3.75861491193e-05, 1.34762785819e-05, 5.23863263879e-06, 2.93099378723e-06, 7.5925049714e-07, 4.10555230701e-07, 1.73822968463e-07, 5.05613186874e-08, 1.33955033732e-08, 3.37158745367e-09, 5.88677440128e-10, 1.63935393038e-10, 3.93336647975e-11, 4.1797021573e-12, 3.6817320026e-11, 2.13001422056e-10],
        "max": [0.765044629574, 14.7662010193, 24.3424797058, 102.431396484, 123.121574402, 403.761383057, 535.615539551, 956.264709473, 1498.77172852, 1407.96496582, 918.531555176, 1099.57043457, 158.61920166, 573.331237793, 512.457519531, 56.729133606, 60.4410095215, 2.89245939255, 20.7331523895, 15.9517841339, 1.45056140423, 0.26822373271, 0.169039905071, 0.102279759943, 0.0591947101057, 0.040293738246, 0.0257461238652, 0.0159397702664, 0.00873088929802, 0.00855041015893, 0.00598621740937, 0.00362439756282, 0.00160329684149, 0.0010196500225, 0.000326342793414, 0.000120536795293, 6.37339544483e-05, 1.60042145581e-05, 6.07658803347e-05, 0.00014523381833],
        "mean": [0.0299421492964, 0.765752792358, 2.15308237076, 5.19971227646, 11.7531986237, 32.5189247131, 52.0667648315, 70.6175613403, 101.658477783, 101.144882202, 56.4513626099, 54.2965621948, 8.15550613403, 17.8344726562, 7.59699630737, 2.67755556107, 2.23009419441, 0.189184725285, 0.436034590006, 0.18716545403, 0.037523355335, 0.0250302385539, 0.0136144440621, 0.00887652952224, 0.00743456557393, 0.00480745173991, 0.00356397870928, 0.00281740678474, 0.00146551325452, 0.000868720177095, 0.000581620668527, 0.000276557489997, 0.000124348021927, 7.24934216123e-05, 4.08310370403e-05, 2.37928652496e-05, 1.33864514282e-05, 2.62147705143e-06, 1.71727297129e-05, 4.06173094234e-05],
        "median": [0.00612484849989, 0.19487889111, 1.19148278236, 2.87864565849, 7.24728107452, 16.7587032318, 36.2209396362, 47.7716445923, 65.8913497925, 64.9640350342, 27.290599823, 18.9136047363, 4.49458837509, 6.96514129639, 3.19141483307, 0.745105206966, 0.375328242779, 0.10698081553, 0.0658259540796, 0.0487836524844, 0.0253289546818, 0.020655291155, 0.0109353363514, 0.00791283883154, 0.00649586971849, 0.00429079914466, 0.00324586988427, 0.00255024200305, 0.00128642143682, 0.000553290708922, 0.000333409174345, 0.000171243504155, 7.99606641522e-05, 5.07018157805e-05, 3.43775391229e-05, 2.22190283239e-05, 1.27294306367e-05, 2.34993080994e-06, 1.65303808899e-05, 3.9052007196e-05],
        "min": [5.82009648295e-23, 3.72433526963e-22, 2.04082198639e-21, 3.34167073422e-21, 1.82425652966e-20, 1.94860293992e-20, 2.97837171672e-20, 6.92539196402e-20, 1.41535979482e-19, 2.21461892579e-19, 2.50882768263e-19, 3.69456834326e-19, 4.8204312088e-19, 4.81725121634e-19, 8.26843484755e-19, 9.55101405947e-19, 2.1660822422e-18, 2.14021175495e-18, 3.18896220715e-18, 3.58388863047e-18, 3.94850322704e-18, 4.9172868207e-18, 6.1512157151e-18, 6.52394329911e-18, 7.8596600766e-18, 9.49064765914e-18, 9.77534337365e-18, 1.06660936435e-17, 1.18629900754e-17, 1.10016510395e-17, 1.30125635045e-17, 1.27910858955e-17, 9.92844623322e-18, 9.5432348394e-18, 7.04593769262e-18, 4.41859617301e-18, 2.22471197683e-18, 1.05963325393e-18, 2.46354109506e-19, 2.88048135357e-20],
        "var": [0.00387771963142, 2.33060288429, 7.19816493988, 48.8543357849, 174.467086792, 1755.67785645, 2868.30639648, 5557.1015625, 12842.7939453, 12202.2568359, 6281.09179688, 8122.36425781, 102.065315247, 1385.88122559, 315.782806396, 20.2152690887, 18.6792984009, 0.0542092770338, 1.92052197456, 0.460600554943, 0.00382586591877, 0.000354928924935, 0.000127546532894, 3.08478811348e-05, 2.66249935521e-05, 9.42958376982e-06, 5.62951481697e-06, 3.71779469788e-06, 1.11891802135e-06, 7.2648049354e-07, 4.04474064908e-07, 9.51310568098e-08, 2.4740963056e-08, 6.9805121683e-09, 8.78181083408e-10, 1.41129566367e-10, 4.01630707858e-11, 2.36473514381e-12, 5.89963980446e-11, 3.33363225913e-10]
    },
    "gfcc": {
        "mean": [-202.258041382, 254.02671814, -60.3504486084, -39.0368499756, -62.4469795227, -35.1473999023, -14.3447885513, -18.8284816742, -8.40141105652, -12.7965087891, -2.75367569923, -9.74444293976, -0.953116357327],
        "cov": [[7765.15673828, 1376.1159668, -725.020080566, -420.617370605, -511.17767334, -13.7602701187, 146.324386597, -97.5324783325, 168.432281494, 58.9580764771, 85.1725082397, -67.2672653198, -65.2189788818], [1376.1159668, 525.547119141, 101.472816467, 61.5436935425, 41.4487113953, -36.1622314453, 56.0746116638, 9.17893981934, 9.4214220047, -2.40980052948, 10.1383714676, -4.02903556824, 2.41223025322], [-725.020080566, 101.472816467, 533.02166748, 295.589385986, 250.123306274, -105.514358521, -16.1627388, 58.8088302612, -57.2869148254, -17.3388347626, 2.01553940773, 42.4605293274, 47.9634170532], [-420.617370605, 61.5436935425, 295.589385986, 260.779632568, 206.788345337, -0.0390158519149, 22.8812999725, 51.0186958313, -9.7865562439, -7.60097932816, 5.55691003799, 30.0392017365, 33.1010894775], [-511.17767334, 41.4487113953, 250.123306274, 206.788345337, 256.832092285, 69.865486145, 17.244966507, 63.7110557556, -4.26036071777, -16.6287326813, 1.14080321789, 10.201918602, 35.2722587585], [-13.7602701187, -36.1622314453, -105.514358521, -0.0390158519149, 69.865486145, 303.947906494, 114.542823792, 46.7936820984, 94.383682251, 25.2476501465, 3.11719727516, -21.3281288147, -45.2851638794], [146.324386597, 56.0746116638, -16.1627388, 22.8812999725, 17.244966507, 114.542823792, 142.492721558, 60.4233665466, 76.1250610352, 59.3721694946, 29.834980011, 21.9203052521, -9.7831401825], [-97.5324783325, 9.17893981934, 58.8088302612, 51.0186958313, 63.7110557556, 46.7936820984, 60.4233665466, 95.1660079956, 54.5259437561, 29.9668750763, 18.2395534515, 14.7286348343, 21.5334968567], [168.432281494, 9.4214220047, -57.2869148254, -9.7865562439, -4.26036071777, 94.383682251, 76.1250610352, 54.5259437561, 106.418151855, 65.7711715698, 29.5740795135, 8.33146762848, -17.0510921478], [58.9580764771, -2.40980052948, -17.3388347626, -7.60097932816, -16.6287326813, 25.2476501465, 59.3721694946, 29.9668750763, 65.7711715698, 91.037437439, 53.7186279297, 32.1582374573, 4.64369058609], [85.1725082397, 10.1383714676, 2.01553940773, 5.55691003799, 1.14080321789, 3.11719727516, 29.834980011, 18.2395534515, 29.5740795135, 53.7186279297, 66.8163452148, 46.0750999451, 12.967508316], [-67.2672653198, -4.02903556824, 42.4605293274, 30.0392017365, 10.201918602, -21.3281288147, 21.9203052521, 14.7286348343, 8.33146762848, 32.1582374573, 46.0750999451, 67.8358459473, 42.7719917297], [-65.2189788818, 2.41223025322, 47.9634170532, 33.1010894775, 35.2722587585, -45.2851638794, -9.7831401825, 21.5334968567, -17.0510921478, 4.64369058609, 12.967508316, 42.7719917297, 91.6006011963]],
        "icov": [[0.000564032699913, -0.00162811332848, 0.00056477333419, -0.000530750083271, 0.00139866117388, -0.000294149940601, 0.000377448275685, 0.000202358103707, -0.000904076267034, 0.000968610693235, -0.00180161080789, 0.00134403072298, -0.000940652447753], [-0.00162811332848, 0.00751234358177, -0.00274728913791, 0.00207618717104, -0.00453861616552, 0.00269526150078, -0.00519524980336, 0.00282680545934, -0.000944570696447, 0.00171714066528, 0.000852684839629, 0.000623699801508, 0.000517155393027], [0.00056477333419, -0.00274728913791, 0.00982823129743, -0.00576130626723, -0.00373470620252, 0.00273127132095, 0.00269881612621, -0.00558388233185, 0.00607772963122, -0.00629774434492, 0.00623523304239, -0.00698951538652, 0.00563106266782], [-0.000530750083271, 0.00207618717104, -0.00576130626723, 0.0190570503473, -0.0128500796854, 0.00380354374647, -0.00588714424521, 0.0047179912217, -0.00503673963249, 0.00326217524707, 0.00352672440931, -0.00572485197335, 0.00185921799857], [0.00139866117388, -0.00453861616552, -0.00373470620252, -0.0128500796854, 0.0265368502587, -0.0110643077642, 0.00707440450788, -0.00535773858428, 0.00166845729109, 0.00472923042253, -0.0137535016984, 0.014077144675, -0.0105141829699], [-0.000294149940601, 0.00269526150078, 0.00273127132095, 0.00380354374647, -0.0110643077642, 0.0127008389682, -0.0101125519723, 0.00560089945793, -0.0087861744687, 0.00626601325348, 0.000243557995418, 0.000270462653134, 0.00294383475557], [0.000377448275685, -0.00519524980336, 0.00269881612621, -0.00588714424521, 0.00707440450788, -0.0101125519723, 0.0263756252825, -0.0152848642319, 0.00830873288214, -0.0165393389761, 0.0110751967877, -0.0135487355292, 0.00695011625066], [0.000202358103707, 0.00282680545934, -0.00558388233185, 0.0047179912217, -0.00535773858428, 0.00560089945793, -0.0152848642319, 0.034617010504, -0.0254411660135, 0.0174072626978, -0.0143017619848, 0.015473337844, -0.0144683849066], [-0.000904076267034, -0.000944570696447, 0.00607772963122, -0.00503673963249, 0.00166845729109, -0.0087861744687, 0.00830873288214, -0.0254411660135, 0.0483916178346, -0.034593757242, 0.0182213895023, -0.0137721896172, 0.0145137496293], [0.000968610693235, 0.00171714066528, -0.00629774434492, 0.00326217524707, 0.00472923042253, 0.00626601325348, -0.0165393389761, 0.0174072626978, -0.034593757242, 0.0559226945043, -0.0408516675234, 0.0215663034469, -0.0153801180422], [-0.00180161080789, 0.000852684839629, 0.00623523304239, 0.00352672440931, -0.0137535016984, 0.000243557995418, 0.0110751967877, -0.0143017619848, 0.0182213895023, -0.0408516675234, 0.0721498280764, -0.0524474568665, 0.0238555409014], [0.00134403072298, 0.000623699801508, -0.00698951538652, -0.00572485197335, 0.014077144675, 0.000270462653134, -0.0135487355292, 0.015473337844, -0.0137721896172, 0.0215663034469, -0.0524474568665, 0.0695272833109, -0.0323996022344], [-0.000940652447753, 0.000517155393027, 0.00563106266782, 0.00185921799857, -0.0105141829699, 0.00294383475557, 0.00695011625066, -0.0144683849066, 0.0145137496293, -0.0153801180422, 0.0238555409014, -0.0323996022344, 0.0314936935902]]
    },
    "melbands": {
        "dmean": [0.000148382299813, 0.000478027446661, 0.000367055210518, 0.000718666706234, 0.000821997819003, 0.000783473020419, 0.00085654045688, 0.000511505641043, 0.000266732822638, 0.000182038580533, 1.87838231795e-05, 4.72942519991e-05, 2.04391235457e-05, 4.6509094318e-06, 4.0109262045e-06, 1.96251698981e-06, 8.26681088029e-08, 4.47389112423e-07, 2.08504744137e-07, 8.3251848082e-08, 1.41328175829e-08, 1.2231405222e-08, 1.08831423873e-08, 4.55804771704e-09, 2.87626034101e-09, 2.97902191804e-09, 1.30491495387e-09, 1.16198162203e-09, 1.03861996781e-09, 7.17793269267e-10, 5.73766978373e-10, 2.65442445802e-10, 2.31115404592e-10, 1.89756974023e-10, 1.26473873041e-10, 6.21409868007e-11, 4.67503466495e-11, 3.55826236531e-11, 2.27200827596e-11, 1.89742336426e-11],
        "dmean2": [0.000234513368923, 0.000826690928079, 0.000515196647029, 0.00108514842577, 0.00125869968906, 0.0011762205977, 0.00129534665029, 0.00078783481149, 0.000422941695433, 0.000291377335088, 3.08172384393e-05, 7.70649057813e-05, 3.41905215464e-05, 7.77795503382e-06, 6.75174942444e-06, 3.35035088028e-06, 1.39225633689e-07, 7.54544942083e-07, 3.53753108584e-07, 1.41734616932e-07, 2.4302931223e-08, 2.09983035404e-08, 1.86362161259e-08, 7.77319986156e-09, 4.92634333327e-09, 5.14418996289e-09, 2.24180873865e-09, 2.00605132505e-09, 1.77145276226e-09, 1.22253662749e-09, 9.85183379321e-10, 4.49249942802e-10, 3.93803434307e-10, 3.21798726555e-10, 2.17764486998e-10, 1.05811380491e-10, 8.19185413947e-11, 6.1985180877e-11, 3.993745612e-11, 3.36754617247e-11],
        "dvar": [1.13046127126e-07, 5.21055994795e-07, 3.20589634839e-07, 1.66755762621e-06, 1.01614273262e-06, 9.08349534257e-07, 1.16428373076e-06, 4.36351996314e-07, 1.86303395822e-07, 1.18019805484e-07, 1.25539723062e-09, 1.30477628701e-08, 2.99497093792e-09, 1.11104285494e-10, 5.31022552319e-11, 2.00818025403e-11, 1.19738263019e-14, 2.52944410209e-12, 4.95728349863e-13, 1.76347394261e-13, 2.63952036446e-16, 1.82276500696e-16, 3.67495064455e-16, 5.42867022403e-17, 1.0588417248e-17, 1.41544085852e-17, 1.82950596647e-18, 1.80932730901e-18, 1.63792752448e-18, 6.66536657524e-19, 4.5670776779e-19, 8.77590550046e-20, 8.68857138364e-20, 1.05914028014e-19, 3.82370765125e-20, 8.5061591562e-21, 4.50074868183e-21, 5.60812864895e-21, 1.38893601098e-21, 7.75782323475e-22],
        "dvar2": [3.12091572141e-07, 1.6340276261e-06, 8.567441796e-07, 4.9111295084e-06, 2.40838903665e-06, 2.08450205719e-06, 2.59323405771e-06, 9.91479396362e-07, 4.60536313085e-07, 2.86486226742e-07, 3.32672756009e-09, 3.36999299577e-08, 8.20820389436e-09, 2.93009755348e-10, 1.43115450046e-10, 5.51646506253e-11, 3.19408230063e-14, 6.78913826199e-12, 1.36614233381e-12, 4.8967335178e-13, 7.52916840084e-16, 5.1931971161e-16, 1.00284455202e-15, 1.5142532406e-16, 3.00553560942e-17, 4.15583050547e-17, 5.26930428372e-18, 5.25753846669e-18, 4.66223146909e-18, 1.87981964082e-18, 1.33177526187e-18, 2.48402105305e-19, 2.42851258106e-19, 2.93285985167e-19, 1.08976664232e-19, 2.25727507902e-20, 1.32114064341e-20, 1.53878438337e-20, 3.77778151735e-21, 2.22837892988e-21],
        "max": [0.0117435008287, 0.0149332862347, 0.0175086781383, 0.0230690464377, 0.0154702067375, 0.0193282682449, 0.0231635831296, 0.0131529038772, 0.00697964709252, 0.00587306078523, 0.000885672343429, 0.00249859178439, 0.00252940063365, 0.00034442145261, 0.000120457276353, 7.51272382331e-05, 1.81995494586e-06, 3.1796786061e-05, 1.54737408593e-05, 1.46369711729e-05, 2.53094299296e-07, 1.84220979804e-07, 4.09521902611e-07, 1.76568221377e-07, 6.90909160994e-08, 5.96773830353e-08, 2.31918235727e-08, 2.41180053706e-08, 2.24339942179e-08, 1.23518395512e-08, 1.2125049409e-08, 4.31538094148e-09, 5.24577536964e-09, 6.97504676239e-09, 4.05594091646e-09, 3.10724090902e-09, 1.72532788056e-09, 1.69039360287e-09, 9.17117159993e-10, 7.58317020289e-10],
        "mean": [0.000538646010682, 0.00114393106196, 0.00105039519258, 0.00161121773999, 0.00181877671275, 0.00158057408407, 0.00159391155466, 0.000939550809562, 0.000461909163278, 0.000281686458038, 3.0133234759e-05, 7.55329747335e-05, 3.22658670484e-05, 6.95667085893e-06, 6.12377061771e-06, 2.68955204774e-06, 1.30745661409e-07, 6.54150596802e-07, 3.74498597466e-07, 1.35197211648e-07, 2.96637328034e-08, 2.60110954997e-08, 1.99474818885e-08, 9.02351260379e-09, 6.59349863597e-09, 6.87582746295e-09, 3.59795260252e-09, 2.85688073198e-09, 2.44642350822e-09, 1.86876603081e-09, 1.55149038061e-09, 8.20957246628e-10, 5.98410099251e-10, 4.68643179818e-10, 3.6936745329e-10, 1.92133725596e-10, 1.2972753427e-10, 8.15155581924e-11, 4.9285228676e-11, 4.07984757089e-11],
        "median": [0.000124726779177, 0.000535868399311, 0.000615240947809, 0.000817195221316, 0.00134191988036, 0.00107707129791, 0.00106535688974, 0.000615101191215, 0.000193034764379, 8.57191043906e-05, 1.30757498482e-05, 2.83268200292e-05, 1.2393702491e-05, 8.54177301335e-07, 1.73076750798e-06, 3.72975819118e-07, 9.12948721066e-08, 9.51797574089e-08, 7.52552296035e-08, 4.52265709328e-08, 2.40793198714e-08, 2.18596074575e-08, 1.24895871423e-08, 6.68768596057e-09, 5.70449021353e-09, 5.80340131506e-09, 3.31210658899e-09, 2.50964182769e-09, 2.08130157553e-09, 1.63026725453e-09, 1.3712000424e-09, 7.22516269036e-10, 4.64794203126e-10, 2.13970730023e-10, 1.90331278516e-10, 1.14716527944e-10, 8.46718667402e-11, 4.18074325159e-11, 2.60398629742e-11, 2.25070170834e-11],
        "min": [6.88308651329e-25, 1.57026815957e-24, 9.25141359763e-25, 9.41856040446e-25, 1.28719755247e-24, 1.39867740344e-24, 2.85797995074e-24, 2.10862046649e-24, 1.70019266319e-24, 2.05790834598e-24, 2.38942733862e-24, 1.77020978777e-24, 2.51755807115e-24, 3.40899416544e-24, 2.96817770553e-24, 5.2716868503e-24, 3.61157798464e-24, 4.04732147729e-24, 4.85539548429e-24, 4.49320814345e-24, 3.68323140395e-24, 4.21034983854e-24, 4.58311974842e-24, 4.79924988708e-24, 3.43650253407e-24, 4.69877859004e-24, 5.41400564064e-24, 6.16585989751e-24, 5.68145749207e-24, 4.85356966572e-24, 6.45879471719e-24, 5.97517486178e-24, 5.30319277156e-24, 4.30703657539e-24, 6.82435049409e-24, 6.23965428532e-24, 5.74475174681e-24, 6.32740007267e-24, 5.61063119342e-24, 7.01953598129e-24],
        "var": [1.17280546874e-06, 2.81953907688e-06, 1.73780290424e-06, 4.36292975792e-06, 2.8824488254e-06, 2.72935335488e-06, 3.04143350149e-06, 1.02376964151e-06, 4.25460939368e-07, 2.37406254655e-07, 2.25116303376e-09, 2.58299923672e-08, 5.96485971727e-09, 2.41537206902e-10, 9.33241608991e-11, 2.89305177037e-11, 1.76261660974e-14, 4.43516837839e-12, 1.25176973821e-12, 3.0134277235e-13, 5.01646580924e-16, 3.33700355683e-16, 6.05476197235e-16, 8.378127951e-17, 1.91651924577e-17, 2.72412512544e-17, 4.35770120426e-18, 3.63014870623e-18, 3.59201154409e-18, 1.85150586883e-18, 1.30469274823e-18, 3.40176631045e-19, 2.87602065287e-19, 3.41230846886e-19, 1.95598862882e-19, 5.55185403323e-20, 1.98437963233e-20, 1.95517288656e-20, 5.90009876748e-21, 4.1449398494e-21]
    },
    "mfcc": {
        "mean": [-846.47442627, 270.712646484, 64.0182647705, -4.27974414825, -16.1961727142, -19.7203636169, -11.8187656403, -7.99139690399, -6.20104789734, -6.38150548935, -5.58037900925, -0.366458296776, 2.45936608315],
        "cov": [[1764.78503418, 1251.54528809, -219.317504883, -344.019348145, -206.962997437, -58.7251319885, 9.29337596893, -15.3216247559, 43.4780921936, 70.380065918, 74.8572998047, 101.884757996, 82.8790588379], [1251.54528809, 1039.22729492, 64.744682312, -128.838928223, -78.0839767456, -35.3088874817, 3.4261932373, 3.4209830761, 23.3779945374, 35.2851257324, 47.738368988, 71.2880020142, 56.8896179199], [-219.317504883, 64.744682312, 396.972045898, 292.409973145, 154.504821777, 19.1607036591, 2.19524908066, 26.825006485, -8.24126625061, -31.1427955627, -27.5941200256, -15.8400011063, -6.61974334717], [-344.019348145, -128.838928223, 292.409973145, 324.772094727, 192.128646851, 32.051109314, 11.8875484467, 31.8369674683, 1.19011247158, -22.9805221558, -40.6933288574, -37.8121185303, -13.5234498978], [-206.962997437, -78.0839767456, 154.504821777, 192.128646851, 192.924621582, 95.3238067627, 37.4104652405, 55.4626426697, 28.028886795, 1.9735802412, -12.493927002, -21.8997554779, -7.64073228836], [-58.7251319885, -35.3088874817, 19.1607036591, 32.051109314, 95.3238067627, 134.962173462, 82.7579116821, 58.5151824951, 54.2495880127, 27.0908794403, 19.7172431946, 26.8657646179, 22.3460063934], [9.29337596893, 3.4261932373, 2.19524908066, 11.8875484467, 37.4104652405, 82.7579116821, 89.6814651489, 62.8275947571, 45.2102661133, 30.1938591003, 20.783411026, 28.3969936371, 28.118188858], [-15.3216247559, 3.4209830761, 26.825006485, 31.8369674683, 55.4626426697, 58.5151824951, 62.8275947571, 85.2667312622, 62.4472770691, 29.3418254852, 17.0102710724, 14.0692033768, 17.7274799347], [43.4780921936, 23.3779945374, -8.24126625061, 1.19011247158, 28.028886795, 54.2495880127, 45.2102661133, 62.4472770691, 92.7265625, 59.656539917, 15.7882757187, 16.5549812317, 27.7441616058], [70.380065918, 35.2851257324, -31.1427955627, -22.9805221558, 1.9735802412, 27.0908794403, 30.1938591003, 29.3418254852, 59.656539917, 76.9206237793, 43.922908783, 17.5914726257, 18.2768344879], [74.8572998047, 47.738368988, -27.5941200256, -40.6933288574, -12.493927002, 19.7172431946, 20.783411026, 17.0102710724, 15.7882757187, 43.922908783, 94.5253448486, 79.0258483887, 18.9446601868], [101.884757996, 71.2880020142, -15.8400011063, -37.8121185303, -21.8997554779, 26.8657646179, 28.3969936371, 14.0692033768, 16.5549812317, 17.5914726257, 79.0258483887, 120.038291931, 60.8949546814], [82.8790588379, 56.8896179199, -6.61974334717, -13.5234498978, -7.64073228836, 22.3460063934, 28.118188858, 17.7274799347, 27.7441616058, 18.2768344879, 18.9446601868, 60.8949546814, 81.8952331543]],
