{
"lowlevel": {
    "average_loudness": 0.762018203735,
    "barkbands_crest": {
        "dmean": 1.71294569969,
        "dmean2": 2.65625596046,
        "dvar": 2.34094071388,
        "dvar2": 6.45987939835,
        "max": 23.4226512909,
        "mean": 9.11963367462,
        "median": 8.5628156662,
        "min": 2.80011177063,
        "var": 10.7931451797
    },
    "barkbands_flatness_db": {
        "dmean": 0.0119382943958,
        "dmean2": 0.0183891430497,
        "dvar": 9.59894241532e-05,
        "dvar2": 0.000249379460001,
        "max": 0.390695214272,
        "mean": 0.182110443711,
        "median": 0.174929663539,
        "min": 0.0625903457403,
        "var": 0.00262665725313
    },
    "barkbands_kurtosis": {
        "dmean": 1.26147830486,
        "dmean2": 1.97625768185,
        "dvar": 2.43208956718,
        "dvar2": 6.16748857498,
        "max": 51.3213996887,
        "mean": 2.25331664085,
        "median": 1.34607744217,
        "min": -1.61181223392,
        "var": 11.3009605408
    },
    "barkbands_skewness": {
        "dmean": 0.309913188219,
        "dmean2": 0.476488173008,
        "dvar": 0.0716115012765,
        "dvar2": 0.185062035918,
        "max": 4.99178600311,
        "mean": 1.15079784393,
        "median": 1.10384321213,
        "min": -2.68004512787,
        "var": 0.454266637564
    },
    "barkbands_spread": {
        "dmean": 2.00755929947,
        "dmean2": 3.13390946388,
        "dvar": 3.30867552757,
        "dvar2": 8.12597751617,
        "max": 65.8992156982,
        "mean": 12.2314014435,
        "median": 11.4217433929,
        "min": 1.23462378979,
        "var": 32.5838699341
    },
    "dissonance": {
        "dmean": 0.0207577235997,
        "dmean2": 0.0344106443226,
        "dvar": 0.00031063114875,
        "dvar2": 0.000820536457468,
        "max": 0.499923884869,
        "mean": 0.442156016827,
        "median": 0.447184950113,
        "min": 0.267892509699,
        "var": 0.000979611999355
    },
    "dynamic_complexity": 2.12192630768,
    "erbbands_crest": {
        "dmean": 2.03888463974,
        "dmean2": 3.14694476128,
        "dvar": 3.12285256386,
        "dvar2": 7.59907913208,
        "max": 25.8202667236,
        "mean": 9.03740787506,
        "median": 8.41038894653,
        "min": 2.54942178726,
        "var": 10.1983442307
    },
    "erbbands_flatness_db": {
        "dmean": 0.0103101646528,
        "dmean2": 0.0152138238773,
        "dvar": 6.64533945383e-05,
        "dvar2": 0.000149714367581,
        "max": 0.373541384935,
        "mean": 0.234258979559,
        "median": 0.231538817286,
        "min": 0.0437182895839,
        "var": 0.00103438529186
    },
    "erbbands_kurtosis": {
        "dmean": 0.587032139301,
        "dmean2": 0.907483100891,
        "dvar": 0.57016146183,
        "dvar2": 1.21621358395,
        "max": 28.0787982941,
        "mean": 0.00764922052622,
        "median": -0.431549310684,
        "min": -1.64795517921,
        "var": 3.44531178474
    },
    "erbbands_skewness": {
        "dmean": 0.27667838335,
        "dmean2": 0.420279473066,
        "dvar": 0.0490742251277,
        "dvar2": 0.117774635553,
        "max": 4.70164823532,
        "mean": 0.444274157286,
        "median": 0.393751740456,
        "min": -1.96223402023,
        "var": 0.339802116156
    },
    "erbbands_spread": {
        "dmean": 3.12752771378,
        "dmean2": 4.67973804474,
        "dvar": 6.43051242828,
        "dvar2": 14.4165048599,
        "max": 89.6396484375,
        "mean": 22.776052475,
        "median": 22.7659454346,
        "min": 5.07884740829,
        "var": 35.6740531921
    },
    "hfc": {
        "dmean": 3.09726381302,
        "dmean2": 4.6960310936,
        "dvar": 10.7511301041,
        "dvar2": 26.1720256805,
        "max": 83.318069458,
        "mean": 18.3057956696,
        "median": 17.1879749298,
        "min": 1.07452217409e-16,
        "var": 109.510696411
    },
    "melbands_crest": {
        "dmean": 2.0870449543,
        "dmean2": 3.21246504784,
        "dvar": 3.58014464378,
        "dvar2": 9.57201862335,
        "max": 29.4015216827,
        "mean": 11.5473651886,
        "median": 11.0628318787,
        "min": 1.58028233051,
        "var": 13.5904626846
    },
    "melbands_flatness_db": {
        "dmean": 0.0123968627304,
        "dmean2": 0.0189314428717,
        "dvar": 0.000109373097075,
        "dvar2": 0.00028571288567,
        "max": 0.520627915859,
        "mean": 0.249033853412,
        "median": 0.241321966052,
        "min": 0.00404539564624,
        "var": 0.00442225253209
    },
    "melbands_kurtosis": {
        "dmean": 1.93107402325,
        "dmean2": 2.91839599609,
        "dvar": 4.74328565598,
        "dvar2": 10.9785909653,
        "max": 95.4722366333,
        "mean": 4.89846849442,
        "median": 3.77965164185,
        "min": -1.67046236992,
        "var": 21.5107135773
    },
    "melbands_skewness": {
        "dmean": 0.32497048378,
        "dmean2": 0.4818187356,
        "dvar": 0.075790271163,
        "dvar2": 0.178507432342,
        "max": 7.22597551346,
        "mean": 1.69643616676,
        "median": 1.63660788536,
        "min": -0.319579333067,
        "var": 0.477957397699
    },
    "melbands_spread": {
        "dmean": 3.00965023041,
        "dmean2": 4.63008975983,
        "dvar": 10.6767072678,
        "dvar2": 25.9463272095,
        "max": 162.782363892,
        "mean": 16.536895752,
        "median": 14.3922300339,
        "min": 1.49624359608,
        "var": 128.246047974
    },
    "pitch_salience": {
        "dmean": 0.0460970066488,
        "dmean2": 0.0720839500427,
        "dvar": 0.00140969105996,
        "dvar2": 0.00365499849431,
        "max": 0.963309764862,
        "mean": 0.579648196697,
        "median": 0.578505456448,
        "min": 0.253309607506,
        "var": 0.00678684934974
    },
    "silence_rate_20dB": {
        "dmean": 0,
        "dmean2": 0,
        "dvar": 0,
        "dvar2": 0,
        "max": 1,
        "mean": 1,
        "median": 1,
        "min": 1,
        "var": 0
    },
    "silence_rate_30dB": {
        "dmean": 0.000153374232468,
        "dmean2": 0.000306771980831,
        "dvar": 0.000153346409206,
        "dvar2": 0.000306660716888,
        "max": 1,
        "mean": 0.999693274498,
        "median": 1,
        "min": 0,
        "var": 0.000306613685098
    },
    "silence_rate_60dB": {
        "dmean": 0.0026073618792,
        "dmean2": 0.00521512376145,
        "dvar": 0.00260136206634,
        "dvar2": 0.00672496575862,
        "max": 1,
        "mean": 0.0276052448899,
        "median": 0,
        "min": 0,
        "var": 0.0268441382796
    },
    "spectral_centroid": {
        "dmean": 100.958396912,
        "dmean2": 160.782577515,
        "dvar": 17372.1992188,
        "dvar2": 37878.9882812,
        "max": 11886.8603516,
        "mean": 905.33392334,
        "median": 779.319213867,
        "min": 232.527404785,
        "var": 524547.4375
    },
    "spectral_complexity": {
        "dmean": 1.74739265442,
        "dmean2": 2.96985960007,
        "dvar": 2.10871076584,
        "dvar2": 5.77478027344,
        "max": 34,
        "mean": 18.9389610291,
        "median": 20,
        "min": 0,
        "var": 30.6555290222
    },
    "spectral_decrease": {
        "dmean": 1.21211374271e-09,
        "dmean2": 1.78318293464e-09,
        "dvar": 1.43265231572e-18,
        "dvar2": 3.61563789033e-18,
        "max": 8.27013156947e-21,
        "mean": -7.27724769334e-09,
        "median": -6.67996813419e-09,
        "min": -3.29073266414e-08,
        "var": 1.46610352037e-17
    },
    "spectral_energy": {
        "dmean": 0.00480650458485,
        "dmean2": 0.00708167999983,
        "dvar": 2.21569025598e-05,
        "dvar2": 5.55073202122e-05,
        "max": 0.129903271794,
        "mean": 0.0291264113039,
        "median": 0.0269310306758,
        "min": 9.93641744321e-21,
        "var": 0.00022872313275
    },
    "spectral_energyband_high": {
        "dmean": 1.94585099962e-05,
        "dmean2": 3.29921385855e-05,
        "dvar": 1.40173950225e-09,
        "dvar2": 4.08680822517e-09,
        "max": 0.000980913406238,
        "mean": 6.9588473707e-05,
        "median": 3.79278280889e-05,
        "min": 6.98098431729e-21,
        "var": 7.68370078674e-09
    },
    "spectral_energyband_low": {
        "dmean": 0.00074612890603,
        "dmean2": 0.00115178246051,
        "dvar": 1.36511448545e-06,
        "dvar2": 3.42265093423e-06,
        "max": 0.0294671915472,
        "mean": 0.00295367464423,
        "median": 0.00158054754138,
        "min": 2.2830871531e-23,
        "var": 1.36341159305e-05
    },
    "spectral_energyband_middle_high": {
        "dmean": 0.00171147286892,
        "dmean2": 0.0024708553683,
        "dvar": 3.72534418602e-06,
        "dvar2": 7.8856410255e-06,
        "max": 0.0586172603071,
        "mean": 0.00698992656544,
        "median": 0.00605304678902,
        "min": 1.26636807943e-21,
        "var": 2.58784784819e-05
    },
    "spectral_energyband_middle_low": {
        "dmean": 0.00415894808248,
        "dmean2": 0.00602632993832,
        "dvar": 1.92792049347e-05,
        "dvar2": 5.02030925418e-05,
        "max": 0.105910301208,
        "mean": 0.0200121253729,
        "median": 0.0173841454089,
        "min": 1.63213566864e-22,
        "var": 0.000155375731993
    },
    "spectral_entropy": {
        "dmean": 0.0829585641623,
        "dmean2": 0.128747776151,
        "dvar": 0.005069012288,
        "dvar2": 0.0130045125261,
        "max": 9.81931400299,
        "mean": 6.75125312805,
        "median": 6.80226945877,
        "min": 5.23102378845,
        "var": 0.151308968663
    },
    "spectral_flux": {
        "dmean": 0.0105134062469,
        "dmean2": 0.0176087357104,
        "dvar": 8.46512484713e-05,
        "dvar2": 0.00023670947121,
        "max": 0.158435821533,
        "mean": 0.0609003566206,
        "median": 0.0608588010073,
        "min": 6.27944848897e-11,
        "var": 0.000410092412494
    },
    "spectral_kurtosis": {
        "dmean": 5.59850502014,
        "dmean2": 9.88636112213,
        "dvar": 40.0299758911,
        "dvar2": 120.120750427,
        "max": 115.747955322,
        "mean": 14.04758358,
        "median": 11.0490036011,
        "min": -1.25080740452,
        "var": 127.280250549
    },
    "spectral_rms": {
        "dmean": 0.000432065484347,
        "dmean2": 0.000637224118691,
        "dvar": 1.39890985906e-07,
        "dvar2": 3.58088271923e-07,
        "max": 0.0112576596439,
        "mean": 0.00512239523232,
        "median": 0.00512583414093,
        "min": 3.11352939958e-12,
        "var": 2.17692763727e-06
    },
    "spectral_rolloff": {
        "dmean": 188.944473267,
        "dmean2": 323.251586914,
        "dvar": 95447.3359375,
        "dvar2": 203617.09375,
        "max": 19896.6796875,
        "mean": 1139.87658691,
        "median": 904.39453125,
        "min": 86.1328125,
        "var": 1464212.375
    },
    "spectral_skewness": {
        "dmean": 0.429216355085,
        "dmean2": 0.751164019108,
        "dvar": 0.168735578656,
        "dvar2": 0.51436829567,
        "max": 8.66265678406,
        "mean": 2.4522395134,
        "median": 2.28761005402,
        "min": -0.0829218700528,
        "var": 0.776796519756
    },
    "spectral_spread": {
        "dmean": 188877.484375,
        "dmean2": 318203.6875,
        "dvar": 161518174208,
        "dvar2": 325034672128,
        "max": 42062552,
        "mean": 2377080.75,
        "median": 2263265.75,
        "min": 627488.875,
        "var": 5.42441996288e+12
    },
    "spectral_strongpeak": {
        "dmean": 0.510513424873,
        "dmean2": 0.851845324039,
        "dvar": 0.583225190639,
        "dvar2": 1.48147070408,
        "max": 11.6742277145,
        "mean": 1.22319102287,
        "median": 1.0207272768,
        "min": 0,
        "var": 0.980919718742
    },
    "zerocrossingrate": {
        "dmean": 0.00345151941292,
        "dmean2": 0.0045493026264,
        "dvar": 1.99329770112e-05,
        "dvar2": 2.93258381134e-05,
        "max": 0.52685546875,
        "mean": 0.0401267893612,
        "median": 0.03662109375,
        "min": 0.0078125,
        "var": 0.00101434311364
    },
    "barkbands": {
        "dmean": [0.000297650054563, 0.000360258563887, 0.000407985120546, 0.000362570222933, 0.0015969609376, 0.00216242554598, 0.00136286613997, 0.000750086037442, 0.000298415950965, 0.00101649190765, 0.000472448562505, 0.000374945462681, 0.000357157754479, 0.00026470827288, 0.000578178558499, 0.000373190414393, 0.000288958428428, 0.000129612875753, 9.54968709266e-05, 3.00260526274e-05, 9.93974117591e-06, 4.00529825129e-06, 1.96706810129e-06, 1.74847332346e-06, 1.01035413991e-06, 4.13111592934e-07, 5.72744518479e-08],
        "dmean2": [0.000550427532289, 0.000565512338653, 0.00061293534236, 0.000543713278603, 0.00246874988079, 0.00319136958569, 0.0015307511203, 0.0010200724937, 0.00037561886711, 0.00121617433615, 0.00068590848241, 0.000546552299056, 0.000549728283659, 0.000427541875979, 0.000934881682042, 0.000613120675553, 0.000497049302794, 0.000220226982492, 0.000164156983374, 5.18920314789e-05, 1.69989489223e-05, 6.77098432789e-06, 3.24225766235e-06, 2.76500691143e-06, 1.55954649017e-06, 6.4349802642e-07, 9.14016169418e-08],
        "dvar": [2.50275093094e-07, 3.6956842564e-07, 5.60763169233e-07, 4.5777292712e-07, 7.82452389103e-06, 8.82980202732e-06, 2.88517708213e-06, 1.2801323237e-06, 1.85020383014e-07, 1.82848032182e-06, 4.6037013135e-07, 3.38902736985e-07, 3.69495694486e-07, 1.95671447045e-07, 7.16613840268e-07, 5.99579607297e-07, 2.01270111688e-07, 5.86359014676e-08, 3.24572333454e-08, 4.59851756673e-09, 5.85891724025e-10, 5.14228416792e-11, 6.91222599991e-12, 7.54265313402e-12, 4.58379905213e-12, 1.22194051752e-12, 4.37347403572e-14],
        "dvar2": [8.17444288259e-07, 9.43359623307e-07, 1.28675310407e-06, 1.17696106372e-06, 2.21321861318e-05, 2.61121276708e-05, 4.17442879552e-06, 2.67612358584e-06, 2.69881951453e-07, 2.62781736637e-06, 9.60224838309e-07, 6.50550077808e-07, 8.35038747482e-07, 4.69351363108e-07, 1.74346746462e-06, 1.51866288434e-06, 5.65993730106e-07, 1.61158666856e-07, 9.18492304436e-08, 1.33606938846e-08, 1.63053015534e-09, 1.48990042526e-10, 1.84906447792e-11, 1.84208551191e-11, 1.06900668873e-11, 2.83812405001e-12, 1.17687963866e-13],
        "max": [0.00632396852598, 0.0156259480864, 0.0185458213091, 0.0211304519325, 0.0793319046497, 0.071087539196, 0.0400196872652, 0.0299322418869, 0.0133684128523, 0.039044585079, 0.011942516081, 0.0129338791594, 0.0229091271758, 0.0112024480477, 0.0234614219517, 0.021442912519, 0.00758256437257, 0.00483249453828, 0.00351332360879, 0.00130504765548, 0.000736607762519, 0.000197558576474, 5.33574420842e-05, 8.17365653347e-05, 5.72121498408e-05, 2.75418206002e-05, 5.87284876019e-06],
        "mean": [0.000268361327471, 0.00124279351439, 0.00111290754285, 0.00105246971361, 0.00536347413436, 0.00582581153139, 0.00408464111388, 0.00184784876183, 0.000688162865117, 0.00256781419739, 0.000871411932167, 0.000655669602565, 0.000577963364776, 0.000414202426327, 0.000941905891523, 0.000600261846557, 0.000506224227138, 0.0002163391473, 0.000181614668691, 5.89157061768e-05, 2.16158932744e-05, 1.19169808386e-05, 5.71742748434e-06, 5.1552729019e-06, 2.35020934269e-06, 8.21293951958e-07, 8.28961077559e-08],
        "median": [0.000102975951449, 0.000468754267786, 0.000566955597606, 0.000428099068813, 0.00273514678702, 0.00404329504818, 0.00269742147066, 0.00105227623135, 0.000387882086216, 0.00160434714053, 0.000477280351333, 0.000343065505149, 0.000305266061332, 0.000221954353037, 0.000548355223145, 0.000298023165669, 0.000277916406048, 0.000105947518023, 7.98390465206e-05, 2.04771095014e-05, 8.62818160385e-06, 7.33307024348e-06, 4.32895376434e-06, 3.3356664062e-06, 1.03595323253e-06, 2.6527470709e-07, 1.54111052808e-08],
        "min": [8.51844644578e-25, 2.26560161726e-24, 1.05667947837e-24, 2.22331019249e-24, 7.64620392895e-24, 9.79634451146e-24, 1.60194473117e-23, 1.10736176021e-23, 1.03494062146e-23, 1.26080262157e-23, 1.86111819738e-23, 2.21814386353e-23, 2.33870878889e-23, 4.5577483251e-23, 3.51716285165e-23, 6.76027984246e-23, 5.20617589643e-23, 8.81829425079e-23, 1.58224166788e-22, 1.70802282554e-22, 2.39993424012e-22, 3.54471126286e-22, 3.66364119511e-22, 5.95697924857e-22, 7.44718672346e-22, 1.37892169316e-21, 1.9287745563e-21],
        "var": [2.23845191272e-07, 4.58080967292e-06, 2.30463797379e-06, 3.46156002706e-06, 5.17560547451e-05, 3.57984972652e-05, 1.88698686543e-05, 5.36820425623e-06, 7.81584788001e-07, 8.5877654783e-06, 1.24053269701e-06, 8.47132923809e-07, 7.20292234746e-07, 3.6181802443e-07, 1.45790284023e-06, 1.08114238628e-06, 4.12176262898e-07, 1.05978138265e-07, 7.19864132748e-08, 1.19886678362e-08, 1.46121481581e-09, 2.27379670648e-10, 2.68397231523e-11, 3.46518334859e-11, 1.39329641574e-11, 2.83477082953e-12, 5.21856016245e-14]
    },
    "erbbands": {
        "dmean": [0.00578050361946, 0.100117370486, 0.412863016129, 0.788978397846, 2.26075315475, 6.53436517715, 10.188867569, 21.0489196777, 21.6574440002, 20.3991203308, 10.094370842, 8.15709209442, 20.5842456818, 28.7104415894, 19.840303421, 19.3111305237, 17.568189621, 14.3059129715, 25.7163085938, 25.7557163239, 15.3933010101, 11.4402971268, 7.83214759827, 6.74117565155, 3.14681100845, 1.70596075058, 0.522631585598, 0.212374210358, 0.140978515148, 0.0992015376687, 0.053141400218, 0.0400002785027, 0.0263410657644, 0.0138613106683, 0.00640769349411, 0.00218723993748, 0.000929188041482, 9.99642652459e-05, 9.30441092351e-06, 5.70664997213e-06],
        "dmean2": [0.00992850307375, 0.155434787273, 0.62590777874, 1.19386851788, 3.70284104347, 10.1730117798, 13.8853168488, 31.8261585236, 24.6049308777, 28.0632343292, 12.7256784439, 10.2320642471, 23.4358730316, 35.8714981079, 29.0557155609, 28.095659256, 26.8485355377, 22.9368476868, 41.073841095, 42.6993217468, 25.3438968658, 19.6420097351, 13.3029651642, 11.5814180374, 5.38697957993, 2.96504592896, 0.891679525375, 0.362783193588, 0.239360362291, 0.165736734867, 0.086765833199, 0.0656155049801, 0.0409062877297, 0.0212175175548, 0.0102941254154, 0.00352680822834, 0.00141853839159, 0.000158908020239, 1.45010444612e-05, 8.49253956403e-06],
        "dvar": [8.24644521344e-05, 0.0288545005023, 0.539621174335, 1.95673978329, 18.357755661, 175.147354126, 230.261947632, 977.551147461, 722.005126953, 1210.54309082, 174.75189209, 137.188735962, 884.587280273, 2026.14550781, 822.790039062, 866.19342041, 909.485961914, 554.653930664, 1782.53942871, 1930.99658203, 666.20300293, 309.11138916, 177.389968872, 190.861907959, 35.5512466431, 15.2000217438, 1.42244148254, 0.193963676691, 0.0618544332683, 0.0291904360056, 0.00514225102961, 0.00400634808466, 0.00201666448265, 0.000824624323286, 0.000266362272669, 3.8106496504e-05, 8.60215732246e-06, 1.31245613488e-07, 8.15506051577e-10, 3.37726513422e-11],
        "dvar2": [0.000240596564254, 0.0730932727456, 1.28342378139, 5.30650281906, 55.571723938, 517.180908203, 503.482177734, 2916.77124023, 1136.07922363, 2762.34008789, 275.965576172, 204.764434814, 1098.46655273, 2998.29370117, 1792.33410645, 1648.3347168, 2049.19726562, 1330.7923584, 4157.59375, 5141.38330078, 1722.89733887, 884.378967285, 485.688049316, 554.437011719, 101.457702637, 44.6315460205, 4.02281427383, 0.540616810322, 0.180234745145, 0.081988953054, 0.013804346323, 0.0107582202181, 0.0047291116789, 0.00186068855692, 0.000667091575451, 9.42289480008e-05, 1.9053246433e-05, 3.40624893624e-07, 2.10919837151e-09, 8.53297155157e-11],
        "max": [0.169831961393, 4.40095090866, 17.0947055817, 57.2490081787, 141.188858032, 412.305175781, 310.318328857, 887.430419922, 683.736755371, 715.264770508, 369.842010498, 383.383209229, 1105.69592285, 1471.17285156, 574.829284668, 661.319152832, 1170.49572754, 616.429626465, 1374.0625, 914.783630371, 655.105834961, 287.016815186, 275.011352539, 338.1902771, 120.806983948, 77.8383712769, 31.7731895447, 14.164978981, 6.19848966599, 4.47317457199, 1.44032406807, 1.61241877079, 1.49459636211, 0.836365759373, 0.456700503826, 0.20098413527, 0.0911270827055, 0.0125424647704, 0.00098886678461, 0.000165188786923],
        "mean": [0.0133542325348, 0.353859633207, 1.26991343498, 2.59294629097, 6.48472118378, 21.1534328461, 32.4718399048, 54.0468940735, 66.1091995239, 50.7336006165, 29.7316703796, 21.2310256958, 57.7573890686, 61.4984512329, 39.5698242188, 35.6217498779, 30.1453018188, 25.4351940155, 41.9217567444, 43.0388832092, 29.3619403839, 21.6106071472, 14.8683729172, 12.1116075516, 6.56876802444, 3.44143652916, 1.23906254768, 0.564776837826, 0.413932919502, 0.296402901411, 0.161744594574, 0.111977472901, 0.0747804939747, 0.0357561856508, 0.0132210599259, 0.00439626257867, 0.0017298880266, 0.000167378035258, 2.76951686828e-05, 3.44199652318e-05],
        "median": [0.00618647504598, 0.137361496687, 0.652443826199, 1.23662173748, 3.06651163101, 9.90187931061, 19.3247509003, 34.2227210999, 44.5077590942, 30.9231243134, 18.1752986908, 14.0224132538, 31.7525157928, 33.4600982666, 24.4375419617, 20.4394378662, 16.9018936157, 15.70200634, 22.6310863495, 24.9146404266, 18.1910953522, 12.3083677292, 7.90606355667, 5.7754611969, 2.86547446251, 1.24073708057, 0.480693936348, 0.252603173256, 0.247879058123, 0.211320161819, 0.125860452652, 0.073586255312, 0.0465957149863, 0.0179050322622, 0.00501815183088, 0.00150547549129, 0.000346585176885, 4.23531200795e-05, 2.03081108339e-05, 3.21823608829e-05],
        "min": [6.29004995427e-23, 3.59442742281e-22, 2.36611439734e-21, 6.22813565708e-21, 1.80336828049e-20, 2.05036505764e-20, 5.12919155896e-20, 8.81390669479e-20, 1.86694948597e-19, 1.870574605e-19, 2.46279844197e-19, 3.44677837746e-19, 4.57472496266e-19, 6.53016752303e-19, 1.11218548581e-18, 1.3177667514e-18, 8.68051193029e-19, 2.6448090926e-18, 3.4222438903e-18, 3.1359477881e-18, 3.91035200283e-18, 3.24058799675e-18, 5.19254440442e-18, 7.1574242684e-18, 8.967315301e-18, 9.34442446072e-18, 7.75271968547e-18, 1.16768802279e-17, 1.24585402641e-17, 1.01406494932e-17, 1.09244560632e-17, 1.17270007555e-17, 1.03767648903e-17, 7.30682218601e-18, 5.90856641831e-18, 4.59496762322e-18, 2.38517674386e-18, 9.10255188652e-19, 2.52592292096e-19, 2.92019830144e-20],
        "var": [0.000380456709536, 0.361406415701, 2.84574341774, 14.7298164368, 96.0932617188, 928.668151855, 1319.52246094, 4201.07568359, 4701.01074219, 3664.97729492, 1156.00476074, 578.003540039, 5578.90039062, 7111.94091797, 2049.55639648, 2180.63989258, 1794.39916992, 1080.27148438, 3446.77563477, 3473.52661133, 1441.59838867, 686.616210938, 381.691802979, 358.429443359, 90.8287887573, 36.8176994324, 4.4003663063, 0.748199999332, 0.272400051355, 0.10043554008, 0.0219501461834, 0.0152146769688, 0.00844172853976, 0.00309230689891, 0.000566432019696, 9.60918914643e-05, 1.79813850991e-05, 1.69496615854e-07, 1.16271792194e-09, 3.11073583559e-10]
    },
    "gfcc": {
        "mean": [-40.3837928772, 155.924346924, -149.211914062, 6.68857240677, -54.1855239868, -7.80240726471, -43.6363983154, -3.93621230125, -14.9539022446, -10.485326767, -4.19267129898, -3.4171602726, -1.00176918507],
        "cov": [[10671.3457031, -628.072998047, -1718.20800781, -9.42262649536, -345.357299805, 110.61026001, -459.016174316, 540.281188965, -188.415679932, 248.92427063, -47.2497558594, 71.4524230957, -230.770507812], [-628.072998047, 1218.68554688, 305.793609619, 32.4745521545, 123.065353394, -75.7312469482, 124.71194458, -330.815155029, 103.194465637, -259.215637207, 65.3505020142, -74.1541671753, 165.758209229], [-1718.20800781, 305.793609619, 628.354064941, 40.7416305542, 86.0365905762, 72.4824371338, 68.9740905762, -95.004196167, 29.0512313843, -63.3689575195, -8.24648094177, -10.6982736588, 41.4963874817], [-9.42262649536, 32.4745521545, 40.7416305542, 171.506973267, 42.8866043091, 34.2962036133, 46.0450019836, 8.408618927, 23.6000595093, 5.22520494461, 3.34538817406, -24.0954036713, -3.03728675842], [-345.357299805, 123.065353394, 86.0365905762, 42.8866043091, 159.235870361, 13.369761467, 67.13646698, 1.47642469406, 14.6342182159, -0.0254374220967, -1.95423066616, -20.2776317596, -4.04420471191], [110.61026001, -75.7312469482, 72.4824371338, 34.2962036133, 13.369761467, 145.329971313, 14.500579834, 60.6891403198, 8.98194789886, 22.7833652496, -3.12132048607, 8.72427940369, -16.5214271545], [-459.016174316, 124.71194458, 68.9740905762, 46.0450019836, 67.13646698, 14.500579834, 136.250396729, 3.45397734642, 30.0908679962, -6.92659664154, 2.62847995758, -18.817533493, 6.18332767487], [540.281188965, -330.815155029, -95.004196167, 8.408618927, 1.47642469406, 60.6891403198, 3.45397734642, 206.528335571, -4.71015644073, 103.726493835, -19.3815078735, 20.1934700012, -68.786819458], [-188.415679932, 103.194465637, 29.0512313843, 23.6000595093, 14.6342182159, 8.98194789886, 30.0908679962, -4.71015644073, 83.2474060059, -0.701016187668, 23.1577739716, -4.41509866714, 16.2464904785], [248.92427063, -259.215637207, -63.3689575195, 5.22520494461, -0.0254374220967, 22.7833652496, -6.92659664154, 103.726493835, -0.701016187668, 128.378082275, 1.97841763496, 15.7446365356, -54.2354660034], [-47.2497558594, 65.3505020142, -8.24648094177, 3.34538817406, -1.95423066616, -3.12132048607, 2.62847995758, -19.3815078735, 23.1577739716, 1.97841763496, 70.6427078247, 17.7839412689, 17.9838447571], [71.4524230957, -74.1541671753, -10.6982736588, -24.0954036713, -20.2776317596, 8.72427940369, -18.817533493, 20.1934700012, -4.41509866714, 15.7446365356, 17.7839412689, 58.7166252136, 7.61075878143], [-230.770507812, 165.758209229, 41.4963874817, -3.03728675842, -4.04420471191, -16.5214271545, 6.18332767487, -68.786819458, 16.2464904785, -54.2354660034, 17.9838447571, 7.61075878143, 87.9969024658]],
        "icov": [[0.000521675334312, -0.00139208743349, 0.00150835444219, -0.000723176402971, 0.000731579377316, -0.00103455630597, 0.00177793751936, -0.00165075622499, 0.00139487662818, -0.00106348912232, 0.000922231818549, -0.000844464753754, 0.000649715890177], [-0.00139208743349, 0.00674492260441, -0.00441065896302, 0.00242422078736, -0.00339819164947, 0.00310303783044, -0.00586025463417, 0.00649409368634, -0.00587522704154, 0.00625731283799, -0.00435353675857, 0.0042207762599, -0.00281182443723], [0.00150835444219, -0.00441065896302, 0.00664300611243, -0.00213303370401, 0.00140678393655, -0.00460388977081, 0.00470280926675, -0.00347575265914, 0.00386027060449, -0.00339963985607, 0.00387756736018, -0.00341793498956, 0.00190565106459], [-0.000723176402971, 0.00242422078736, -0.00213303370401, 0.00833210442215, -0.00211286148988, -0.000114445057989, -0.003931180574, 0.00267136632465, -0.00316095189191, 0.0014822082594, -0.00230818311684, 0.00431707967073, -0.00132821500301], [0.000731579377316, -0.00339819164947, 0.00140678393655, -0.00211286148988, 0.0103005785495, -0.00129754445516, -0.000370454188669, -0.00361612113193, 0.00329949310981, -0.00349772255868, 0.00180592772085, -0.000528016302269, 0.00192411453463], [-0.00103455630597, 0.00310303783044, -0.00460388977081, -0.000114445057989, -0.00129754445516, 0.0116221047938, -0.00341637828387, -0.000248877331614, -0.00338684953749, 0.00343614211306, -0.00248482031748, 0.000819544540718, -0.001043174183], [0.00177793751936, -0.00586025463417, 0.00470280926675, -0.003931180574, -0.000370454188669, -0.00341637828387, 0.0171009451151, -0.0078142452985, 0.00313649396412, -0.00404128292575, 0.00348073616624, -0.00173470028676, 0.00174846174195], [-0.00165075622499, 0.00649409368634, -0.00347575265914, 0.00267136632465, -0.00361612113193, -0.000248877331614, -0.0078142452985, 0.0183794163167, -0.00685273203999, -0.00038711578236, -0.000473473104648, 0.000241705070948, 0.000975101429503], [0.00139487662818, -0.00587522704154, 0.00386027060449, -0.00316095189191, 0.00329949310981, -0.00338684953749, 0.00313649396412, -0.00685273203999, 0.020617492497, -0.00619407743216, -0.00127288210206, -0.00103980232961, -0.000539830711205], [-0.00106348912232, 0.00625731283799, -0.00339963985607, 0.0014822082594, -0.00349772255868, 0.00343614211306, -0.00404128292575, -0.00038711578236, -0.00619407743216, 0.0213928800076, -0.00665408093482, 0.00171837164089, 0.00308430218138], [0.000922231818549, -0.00435353675857, 0.00387756736018, -0.00230818311684, 0.00180592772085, -0.00248482031748, 0.00348073616624, -0.000473473104648, -0.00127288210206, -0.00665408093482, 0.0220161303878, -0.00959246978164, 0.000176895264303], [-0.000844464753754, 0.0042207762599, -0.00341793498956, 0.00431707967073, -0.000528016302269, 0.000819544540718, -0.00173470028676, 0.000241705070948, -0.00103980232961, 0.00171837164089, -0.00959246978164, 0.02687843889, -0.00707718916237], [0.000649715890177, -0.00281182443723, 0.00190565106459, -0.00132821500301, 0.00192411453463, -0.001043174183, 0.00174846174195, 0.000975101429503, -0.000539830711205, 0.00308430218138, 0.000176895264303, -0.00707718916237, 0.0205285232514]]
    },
    "melbands": {
        "dmean": [7.85558950156e-05, 0.000183109965292, 0.000161408883287, 0.000291961070616, 0.000354580522981, 0.000456274370663, 0.000322687730659, 0.000211924765608, 7.25406571291e-05, 5.10973150085e-05, 0.000104457496491, 0.000124985468574, 6.47588894935e-05, 4.80794769828e-05, 4.1932988097e-05, 3.08314738504e-05, 3.05711873807e-05, 3.83595615858e-05, 3.21608495142e-05, 4.07612897106e-05, 1.61759708135e-05, 1.32973136715e-05, 1.19559599625e-05, 7.93752315076e-06, 5.84682447879e-06, 3.31410024046e-06, 1.35729442263e-06, 1.17404420052e-06, 3.12217025566e-07, 3.61580731578e-07, 1.17356364626e-07, 8.96718503895e-08, 8.84414887992e-08, 5.32738155812e-08, 4.25145110228e-08, 2.29553407394e-08, 2.60343888669e-08, 1.63671476372e-08, 2.39547350844e-08, 1.21996093227e-08],
        "dmean2": [0.00012880860595, 0.000276361795841, 0.000246255163802, 0.000473181571579, 0.000499113113619, 0.00068096735049, 0.000364662642824, 0.00029599951813, 8.9014560217e-05, 6.41268852632e-05, 0.000119415693916, 0.000156165318913, 9.40854370128e-05, 6.990483962e-05, 6.27152840025e-05, 4.78388283227e-05, 4.935058314e-05, 6.15562530584e-05, 5.22349764651e-05, 6.72147216392e-05, 2.70777672995e-05, 2.28435346799e-05, 2.05131418625e-05, 1.34869233079e-05, 1.01266505226e-05, 5.68940640733e-06, 2.34093977269e-06, 2.04278899218e-06, 5.34523337592e-07, 6.24443543984e-07, 2.02498597446e-07, 1.52817023036e-07, 1.47755244484e-07, 8.89925928504e-08, 7.01381921431e-08, 3.77929616491e-08, 4.25142623328e-08, 2.61243275901e-08, 3.58280445312e-08, 1.90508799847e-08],
        "dvar": [1.55860302442e-08, 9.53595034048e-08, 7.12865855235e-08, 3.07564135937e-07, 3.08895664602e-07, 4.28787558349e-07, 1.57477188623e-07, 1.3317064429e-07, 9.32991817137e-09, 5.72523362052e-09, 2.20291092035e-08, 4.04362943129e-08, 8.51808934499e-09, 4.34372848801e-09, 3.76822573145e-09, 2.58277443876e-09, 2.87568768798e-09, 3.86353349313e-09, 2.81537926305e-09, 6.1522418271e-09, 6.05856975699e-10, 4.38638736444e-10, 4.50659010109e-10, 2.61917904032e-10, 1.59619858997e-10, 4.54215623447e-11, 7.79032480885e-12, 6.36610989618e-12, 3.93776997771e-13, 1.02197742456e-12, 4.52201210505e-14, 3.77871765453e-14, 1.75898436306e-14, 7.34139040792e-15, 3.59427716201e-15, 1.18351339742e-15, 1.76187829347e-15, 8.817531454e-16, 2.38671141702e-15, 9.93860814705e-16],
        "dvar2": [4.20655403843e-08, 2.31683614516e-07, 1.85221139759e-07, 9.61910018304e-07, 7.36837137083e-07, 1.27026794416e-06, 2.46144963967e-07, 3.05859742866e-07, 1.36331417266e-08, 8.40475866681e-09, 2.7475184794e-08, 6.01203282713e-08, 1.77232575282e-08, 8.50403747421e-09, 8.16772605106e-09, 5.91853943632e-09, 6.88767176626e-09, 9.06064290263e-09, 7.20928250431e-09, 1.57042769899e-08, 1.62601465625e-09, 1.24886578856e-09, 1.28302302116e-09, 7.05345948315e-10, 4.66127469956e-10, 1.28905761065e-10, 2.25507546664e-11, 1.8688807446e-11, 1.12613173994e-12, 2.83346306487e-12, 1.29548024326e-13, 1.10339505816e-13, 4.90239156236e-14, 2.04756899641e-14, 9.7445855096e-15, 3.13747631696e-15, 4.68123939135e-15, 2.27378561976e-15, 5.09181447209e-15, 2.27365581196e-15],
        "max": [0.00277991779149, 0.00675720721483, 0.00869989860803, 0.0149426292628, 0.0129443490878, 0.0171680990607, 0.00971135124564, 0.00771250901744, 0.00279754237272, 0.0026121607516, 0.00547720026225, 0.00645219860598, 0.00175214651972, 0.00150989869144, 0.00215994520113, 0.00152438809164, 0.00139098055661, 0.00202464754693, 0.00102975789923, 0.00200903299265, 0.00049315294018, 0.000373270362616, 0.000390653847717, 0.000334568758262, 0.000306317117065, 0.000132188331918, 5.97378930252e-05, 4.6598011977e-05, 1.56972182594e-05, 3.37662931997e-05, 4.52532867712e-06, 5.42315274288e-06, 2.75071306532e-06, 1.99173609872e-06, 1.14478450541e-06, 6.55393478155e-07, 1.04795151401e-06, 1.05270896711e-06, 1.75230616151e-06, 8.97351640106e-07],
        "mean": [0.000244376889896, 0.0006333423662, 0.000527036609128, 0.000952555797994, 0.00119983078912, 0.00118267326616, 0.000985122518614, 0.000516887521371, 0.000210957383388, 0.000126445971546, 0.000288402108708, 0.000253840233199, 0.000122151279356, 9.16658827919e-05, 7.57174930186e-05, 5.08918092237e-05, 4.77098728879e-05, 6.02897489443e-05, 5.25582763657e-05, 6.41256556264e-05, 2.82590772258e-05, 2.33208666032e-05, 1.84454875125e-05, 1.2506384337e-05, 9.24216055864e-06, 5.82326720178e-06, 2.7339499411e-06, 2.13063890442e-06, 6.74302611969e-07, 6.53292602237e-07, 2.58989899748e-07, 2.33672167838e-07, 2.29126669637e-07, 1.35389029765e-07, 1.07600115484e-07, 6.12155730551e-08, 6.70767192901e-08, 4.39794654028e-08, 5.47696892284e-08, 2.52673686418e-08],
        "median": [0.000102840742329, 0.000309653638396, 0.000260750239249, 0.000463276228402, 0.000694856978953, 0.000775453110691, 0.000669173896313, 0.000305417052004, 0.000125089311041, 7.9523480963e-05, 0.000159078364959, 0.000125723003293, 6.86519342707e-05, 5.82682550885e-05, 4.51559426438e-05, 2.80690419459e-05, 2.48256019404e-05, 3.26613262587e-05, 3.01809377561e-05, 3.15271827276e-05, 1.73044936673e-05, 1.25380893223e-05, 8.6157460828e-06, 5.38099493497e-06, 3.93221853301e-06, 2.33128344007e-06, 1.05335141143e-06, 6.8715883117e-07, 2.976352107e-07, 1.94777229012e-07, 1.21425827615e-07, 1.21696530186e-07, 1.58172866804e-07, 9.09995065967e-08, 7.78866890982e-08, 4.03549869077e-08, 4.12731893107e-08, 2.49565168531e-08, 2.94039264048e-08, 7.17208203938e-09],
        "min": [1.10428555767e-24, 2.35285160553e-24, 1.67771722714e-24, 1.36342182908e-24, 1.53158863306e-24, 2.42837280986e-24, 3.19496318565e-24, 1.78719199091e-24, 2.00331286045e-24, 1.39122838713e-24, 1.78871567575e-24, 2.15965187845e-24, 3.65405222793e-24, 2.83190928112e-24, 1.80358274558e-24, 2.78725442907e-24, 4.53624800001e-24, 4.37553533994e-24, 3.64784349817e-24, 4.04263761566e-24, 4.19082355899e-24, 3.28369110483e-24, 3.74992722691e-24, 4.82525587011e-24, 5.2628740907e-24, 6.18918690891e-24, 5.23852077126e-24, 4.87064534887e-24, 3.88191430597e-24, 4.62029008541e-24, 6.16759065833e-24, 5.54723320348e-24, 5.95041803999e-24, 5.03783337368e-24, 5.0001009733e-24, 7.28568739552e-24, 5.50358237415e-24, 6.443449006e-24, 6.26316312915e-24, 5.06026266137e-24],
        "var": [1.51099428081e-07, 7.66898551774e-07, 5.87402496421e-07, 1.71289912032e-06, 2.02059118237e-06, 1.76450441813e-06, 1.0439007383e-06, 4.02837656566e-07, 6.30530365697e-08, 2.41404993773e-08, 1.38882839451e-07, 1.38935931204e-07, 2.32256329724e-08, 1.1876277739e-08, 8.98880969658e-09, 4.90328311287e-09, 5.26526422462e-09, 7.27921101173e-09, 5.20578957719e-09, 1.11237525857e-08, 1.21883225734e-09, 9.13123243684e-10, 7.55845219746e-10, 4.16799983416e-10, 2.62630139858e-10, 8.84037495985e-11, 2.20622114327e-11, 1.41345043309e-11, 1.09238887467e-12, 2.0942262681e-12, 1.3289751786e-13, 1.29148834639e-13, 5.81669451103e-14, 2.21075192658e-14, 1.13299440427e-14, 4.33926296791e-15, 6.32651068238e-15, 3.03227503667e-15, 8.09173115611e-15, 2.82412854834e-15]
    },
    "mfcc": {
        "mean": [-670.477600098, 183.064819336, -31.1069583893, 12.3047189713, 2.04479765892, -7.82849121094, -14.7579841614, -1.52971589565, -9.35159111023, -4.22184467316, -7.61157894135, -5.76617336273, 2.0400352478],
        "cov": [[5531.89990234, -280.227386475, -1260.98461914, 7.37280416489, -151.574249268, -271.901245117, -75.6220855713, 37.638343811, -15.9894475937, 106.632377625, 121.01525116, 154.58265686, 139.940734863], [-280.227386475, 1005.42431641, 238.298873901, 28.5954704285, 94.4464111328, 119.358596802, -33.5303230286, 32.2228775024, -43.9160995483, -60.8167381287, -86.6644439697, -112.655586243, -65.9552230835], [-1260.98461914, 238.298873901, 572.813842773, 3.3815112114, 91.590423584, 115.737289429, 29.8553314209, 22.9996833801, 17.7923469543, -23.4530849457, -24.588760376, -52.6630516052, -30.2164573669], [7.37280416489, 28.5954704285, 3.3815112114, 156.126083374, 17.3817691803, 26.3549804688, 24.192325592, 1.38173246384, 20.955039978, 11.7899875641, 6.58204030991, 6.40593767166, -4.62361431122], [-151.574249268, 94.4464111328, 91.590423584, 17.3817691803, 113.235839844, 40.9630851746, 23.8621120453, 12.8772468567, 13.0257129669, 7.33513116837, 6.90675258636, -4.17672920227, -0.982200741768], [-271.901245117, 119.358596802, 115.737289429, 26.3549804688, 40.9630851746, 119.219039917, 19.7992076874, 21.6117706299, 3.93194246292, 0.33375453949, -4.88523340225, -21.9153175354, -11.0740594864], [-75.6220855713, -33.5303230286, 29.8553314209, 24.192325592, 23.8621120453, 19.7992076874, 108.53730011, 19.2100372314, 37.0475540161, 14.8677978516, 25.7910690308, 23.4240245819, 5.75495147705], [37.638343811, 32.2228775024, 22.9996833801, 1.38173246384, 12.8772468567, 21.6117706299, 19.2100372314, 85.8510437012, 20.2683849335, 15.6436901093, 3.10679101944, 3.19364833832, 5.921646595], [-15.9894475937, -43.9160995483, 17.7923469543, 20.955039978, 13.0257129669, 3.93194246292, 37.0475540161, 20.2683849335, 90.3036270142, 33.2456207275, 25.1644897461, 11.5200223923, 8.11869716644], [106.632377625, -60.8167381287, -23.4530849457, 11.7899875641, 7.33513116837, 0.33375453949, 14.8677978516, 15.6436901093, 33.2456207275, 79.2801895142, 26.6669425964, 23.1359500885, 6.40508651733], [121.01525116, -86.6644439697, -24.588760376, 6.58204030991, 6.90675258636, -4.88523340225, 25.7910690308, 3.10679101944, 25.1644897461, 26.6669425964, 87.4524002075, 28.6426792145, 22.5736427307], [154.58265686, -112.655586243, -52.6630516052, 6.40593767166, -4.17672920227, -21.9153175354, 23.4240245819, 3.19364833832, 11.5200223923, 23.1359500885, 28.6426792145, 107.747901917, 31.0380001068], [139.940734863, -65.9552230835, -30.2164573669, -4.62361431122, -0.982200741768, -11.0740594864, 5.75495147705, 5.921646595, 8.11869716644, 6.40508651733, 22.5736427307, 31.0380001068, 78.5015563965]],
