{
"lowlevel": {
    "average_loudness": 0.912879228592,
    "barkbands_crest": {
        "dmean": 1.88329172134,
        "dmean2": 2.98775744438,
        "dvar": 2.5727584362,
        "dvar2": 6.87873506546,
        "max": 26.2556056976,
        "mean": 9.23123645782,
        "median": 8.54879570007,
        "min": 3.80604815483,
        "var": 10.0723323822
    },
    "barkbands_flatness_db": {
        "dmean": 0.0157092288136,
        "dmean2": 0.0262116901577,
        "dvar": 0.000157260350534,
        "dvar2": 0.000437374575995,
        "max": 0.515973985195,
        "mean": 0.327117055655,
        "median": 0.325799703598,
        "min": 0.0599044300616,
        "var": 0.00116231595166
    },
    "barkbands_kurtosis": {
        "dmean": 1.30709934235,
        "dmean2": 2.03555822372,
        "dvar": 2.48974514008,
        "dvar2": 5.78109264374,
        "max": 52.4604988098,
        "mean": 1.90833938122,
        "median": 1.3510684967,
        "min": -1.50438416004,
        "var": 6.52944993973
    },
    "barkbands_skewness": {
        "dmean": 0.326314479113,
        "dmean2": 0.498695015907,
        "dvar": 0.082596950233,
        "dvar2": 0.190679252148,
        "max": 7.04962062836,
        "mean": 0.91922301054,
        "median": 0.873637676239,
        "min": -2.53779244423,
        "var": 0.341078519821
    },
    "barkbands_spread": {
        "dmean": 1.09904372692,
        "dmean2": 1.70475208759,
        "dvar": 0.909194111824,
        "dvar2": 2.20101928711,
        "max": 38.4672660828,
        "mean": 6.05987119675,
        "median": 5.80684661865,
        "min": 0.720537900925,
        "var": 5.21273231506
    },
    "dissonance": {
        "dmean": 0.0364227704704,
        "dmean2": 0.0602028034627,
        "dvar": 0.000897027086467,
        "dvar2": 0.00241846079007,
        "max": 0.5,
        "mean": 0.410518407822,
        "median": 0.415720045567,
        "min": 0.128398016095,
        "var": 0.00222671893425
    },
    "dynamic_complexity": 2.15447282791,
    "erbbands_crest": {
        "dmean": 2.50708985329,
        "dmean2": 4.00452804565,
        "dvar": 4.83015775681,
        "dvar2": 11.7069320679,
        "max": 32.3657531738,
        "mean": 10.1242427826,
        "median": 9.27664756775,
        "min": 1.97687220573,
        "var": 13.0604486465
    },
    "erbbands_flatness_db": {
        "dmean": 0.0121225044131,
        "dmean2": 0.0189650990069,
        "dvar": 9.65907238424e-05,
        "dvar2": 0.000235478510149,
        "max": 0.522444844246,
        "mean": 0.35124963522,
        "median": 0.351221144199,
        "min": 0.043682910502,
        "var": 0.000805788324215
    },
    "erbbands_kurtosis": {
        "dmean": 0.765635371208,
        "dmean2": 1.19808375835,
        "dvar": 0.780170142651,
        "dvar2": 1.87487149239,
        "max": 24.9893474579,
        "mean": 0.542264163494,
        "median": 0.285210371017,
        "min": -1.54230546951,
        "var": 1.50226104259
    },
    "erbbands_skewness": {
        "dmean": 0.330817937851,
        "dmean2": 0.49756860733,
        "dvar": 0.0699686035514,
        "dvar2": 0.159661114216,
        "max": 3.63023519516,
        "mean": 0.46238258481,
        "median": 0.445110797882,
        "min": -1.53157067299,
        "var": 0.26826775074
    },
    "erbbands_spread": {
        "dmean": 2.1051299572,
        "dmean2": 3.22480392456,
        "dvar": 3.06062412262,
        "dvar2": 7.13935899734,
        "max": 74.2709197998,
        "mean": 12.2840566635,
        "median": 11.9691104889,
        "min": 1.12593281269,
        "var": 12.5937223434
    },
    "hfc": {
        "dmean": 2.72146940231,
        "dmean2": 4.0518283844,
        "dvar": 6.82254076004,
        "dvar2": 15.4225664139,
        "max": 64.0660476685,
        "mean": 14.2072544098,
        "median": 13.6735095978,
        "min": 1.11041943039e-16,
        "var": 47.2175979614
    },
    "melbands_crest": {
        "dmean": 2.20722985268,
        "dmean2": 3.52661252022,
        "dvar": 3.86858153343,
        "dvar2": 10.345328331,
        "max": 33.9477348328,
        "mean": 11.3336400986,
        "median": 10.6010198593,
        "min": 1.70809435844,
        "var": 14.1726484299
    },
    "melbands_flatness_db": {
        "dmean": 0.0144391488284,
        "dmean2": 0.0232790391892,
        "dvar": 0.000142182529089,
        "dvar2": 0.000375024188543,
        "max": 0.598954498768,
        "mean": 0.427862524986,
        "median": 0.426756292582,
        "min": 0.00336751248688,
        "var": 0.00190658203792
    },
    "melbands_kurtosis": {
        "dmean": 1.61702203751,
        "dmean2": 2.5110142231,
        "dvar": 4.11850786209,
        "dvar2": 9.9733543396,
        "max": 81.9853515625,
        "mean": 2.80819201469,
        "median": 2.15150308609,
        "min": -1.44033408165,
        "var": 9.29141998291
    },
    "melbands_skewness": {
        "dmean": 0.337116211653,
        "dmean2": 0.512719750404,
        "dvar": 0.0933218747377,
        "dvar2": 0.216109782457,
        "max": 8.19873523712,
        "mean": 1.20681464672,
        "median": 1.15480434895,
        "min": -2.36554503441,
        "var": 0.354084551334
    },
    "melbands_spread": {
        "dmean": 1.66881334782,
        "dmean2": 2.57734036446,
        "dvar": 4.99362659454,
        "dvar2": 12.0224933624,
        "max": 166.112976074,
        "mean": 8.94889831543,
        "median": 8.26664161682,
        "min": 1.19900262356,
        "var": 57.7238883972
    },
    "pitch_salience": {
        "dmean": 0.0527111850679,
        "dmean2": 0.0839439630508,
        "dvar": 0.0018744925037,
        "dvar2": 0.00474095065147,
        "max": 0.986358940601,
        "mean": 0.630893528461,
        "median": 0.63756942749,
        "min": 0.0995079278946,
        "var": 0.00666804751381
    },
    "silence_rate_20dB": {
        "dmean": 0,
        "dmean2": 0,
        "dvar": 0,
        "dvar2": 0,
        "max": 1,
        "mean": 1,
        "median": 1,
        "min": 1,
        "var": 0
    },
    "silence_rate_30dB": {
        "dmean": 0.00101574405562,
        "dmean2": 0.00203163549304,
        "dvar": 0.00101465161424,
        "dvar2": 0.00275284890085,
        "max": 1,
        "mean": 0.999347090721,
        "median": 1,
        "min": 0,
        "var": 0.000652478658594
    },
    "silence_rate_60dB": {
        "dmean": 0.00493361381814,
        "dmean2": 0.00986794382334,
        "dvar": 0.00490788230672,
        "dvar2": 0.0110710803419,
        "max": 1,
        "mean": 0.0432385392487,
        "median": 0,
        "min": 0,
        "var": 0.041361708194
    },
    "spectral_centroid": {
        "dmean": 41.0144805908,
        "dmean2": 62.4803733826,
        "dvar": 9233.61523438,
        "dvar2": 15421.8564453,
        "max": 11732.6582031,
        "mean": 497.56036377,
        "median": 456.950195312,
        "min": 224.120254517,
        "var": 359678.6875
    },
    "spectral_complexity": {
        "dmean": 1.57919180393,
        "dmean2": 2.69975328445,
        "dvar": 1.71281278133,
        "dvar2": 4.64719820023,
        "max": 23,
        "mean": 13.9094600677,
        "median": 14,
        "min": 0,
        "var": 12.4135980606
    },
    "spectral_decrease": {
        "dmean": 1.69947789175e-09,
        "dmean2": 2.56900745121e-09,
        "dvar": 2.47598421792e-18,
        "dvar2": 6.05093743662e-18,
        "max": 1.92974451443e-19,
        "mean": -9.12911168882e-09,
        "median": -8.87732198862e-09,
        "min": -3.80596674177e-08,
        "var": 1.78921813473e-17
    },
    "spectral_energy": {
        "dmean": 0.00663184840232,
        "dmean2": 0.0100208530203,
        "dvar": 3.76566567866e-05,
        "dvar2": 9.17663201108e-05,
        "max": 0.148419931531,
        "mean": 0.0357440337539,
        "median": 0.0347982123494,
        "min": 9.97077048023e-21,
        "var": 0.00027293257881
    },
    "spectral_energyband_high": {
        "dmean": 1.70355335172e-07,
        "dmean2": 2.94722838134e-07,
        "dvar": 5.11595397935e-14,
        "dvar2": 1.49880894371e-13,
        "max": 5.05150183017e-06,
        "mean": 6.22532468242e-07,
        "median": 4.79466621073e-07,
        "min": 6.95517612062e-21,
        "var": 2.85821469574e-13
    },
    "spectral_energyband_low": {
        "dmean": 0.00211592623964,
        "dmean2": 0.00319161242805,
        "dvar": 7.90884405433e-06,
        "dvar2": 1.8898072085e-05,
        "max": 0.0667794719338,
        "mean": 0.0067197047174,
        "median": 0.00510410452262,
        "min": 1.61009035111e-23,
        "var": 3.64058505511e-05
    },
    "spectral_energyband_middle_high": {
        "dmean": 0.00129170459695,
        "dmean2": 0.00191507244017,
        "dvar": 1.99214514396e-06,
        "dvar2": 4.10909160564e-06,
        "max": 0.0235688611865,
        "mean": 0.00359857245348,
        "median": 0.00307268020697,
        "min": 1.23291371275e-21,
        "var": 6.41294172965e-06
    },
    "spectral_energyband_middle_low": {
        "dmean": 0.00587921217084,
        "dmean2": 0.00884167850018,
        "dvar": 3.20605759043e-05,
        "dvar2": 7.8167868196e-05,
        "max": 0.135042324662,
        "mean": 0.0271824523807,
        "median": 0.0255857072771,
        "min": 1.84529143881e-22,
        "var": 0.000209858510061
    },
    "spectral_entropy": {
        "dmean": 0.0978244543076,
        "dmean2": 0.153755545616,
        "dvar": 0.006599587854,
        "dvar2": 0.0161721389741,
        "max": 9.82837581635,
        "mean": 6.08700418472,
        "median": 6.09980201721,
        "min": 4.29660987854,
        "var": 0.102999731898
    },
    "spectral_flux": {
        "dmean": 0.0137620372698,
        "dmean2": 0.0235762167722,
        "dvar": 0.000138071161928,
        "dvar2": 0.000403859477956,
        "max": 0.174228355289,
        "mean": 0.0697769001126,
        "median": 0.0697839558125,
        "min": 6.3864240285e-11,
        "var": 0.00051038962556
    },
    "spectral_kurtosis": {
        "dmean": 28.5946788788,
        "dmean2": 50.569984436,
        "dvar": 495.171813965,
        "dvar2": 1448.62060547,
        "max": 177.727844238,
        "mean": 66.0545654297,
        "median": 66.9398803711,
        "min": -1.24603974819,
        "var": 910.687255859
    },
    "spectral_rms": {
        "dmean": 0.000538121501449,
        "dmean2": 0.000812524522189,
        "dvar": 1.98895790504e-07,
        "dvar2": 4.9370976285e-07,
        "max": 0.0120332846418,
        "mean": 0.00568575970829,
        "median": 0.00582661805674,
        "min": 3.11890704235e-12,
        "var": 2.54441329162e-06
    },
    "spectral_rolloff": {
        "dmean": 103.186653137,
        "dmean2": 176.186676025,
        "dvar": 62948.3515625,
        "dvar2": 133864.53125,
        "max": 19509.0820312,
        "mean": 701.949768066,
        "median": 645.99609375,
        "min": 21.533203125,
        "var": 1115198.375
    },
    "spectral_skewness": {
        "dmean": 1.6020257473,
        "dmean2": 2.84316897392,
        "dvar": 1.3880366087,
        "dvar2": 4.16400766373,
        "max": 10.1839113235,
        "mean": 5.25968647003,
        "median": 5.27217912674,
        "min": -0.096360988915,
        "var": 2.57802796364
    },
    "spectral_spread": {
        "dmean": 210383.09375,
        "dmean2": 375622.90625,
        "dvar": 159666388992,
        "dvar2": 331401363456,
        "max": 41816624,
        "mean": 1064611.125,
        "median": 905594.9375,
        "min": 449758.65625,
        "var": 4.96420205363e+12
    },
    "spectral_strongpeak": {
        "dmean": 0.441728055477,
        "dmean2": 0.741601347923,
        "dvar": 0.272410184145,
        "dvar2": 0.674589753151,
        "max": 5.03237247467,
        "mean": 0.977289617062,
        "median": 0.80913734436,
        "min": 0,
        "var": 0.527692258358
    },
    "zerocrossingrate": {
        "dmean": 0.00215834984556,
        "dmean2": 0.00285854632966,
        "dvar": 1.6585629055e-05,
        "dvar2": 1.93042305909e-05,
        "max": 0.5224609375,
        "mean": 0.023803923279,
        "median": 0.02197265625,
        "min": 0.00732421875,
        "var": 0.000790956546552
    },
    "barkbands": {
        "dmean": [1.95783959498e-05, 0.00114556087647, 0.00117767800111, 0.000940787838772, 0.00267066806555, 0.00266721611843, 0.0017398474738, 0.00136272865348, 0.000847411633004, 0.00132311228663, 0.000609654991422, 0.000197254994418, 0.000144914214616, 9.85950537142e-05, 6.92453832016e-05, 2.67590439762e-05, 1.53091496031e-05, 4.07174775319e-06, 1.61476714311e-06, 3.35253446337e-07, 1.24122522038e-07, 2.49995313339e-08, 6.11702644093e-09, 1.84435611228e-09, 1.37358013852e-09, 1.31339206177e-09, 1.38420186424e-09],
        "dmean2": [3.42796010955e-05, 0.00185419560876, 0.00165814196225, 0.00139689829666, 0.0040312227793, 0.0038788751699, 0.00234628655016, 0.00201973132789, 0.00123223604169, 0.00191161059774, 0.0009371417691, 0.000319122802466, 0.000240547204157, 0.000164399403729, 0.000119155047287, 4.5541622967e-05, 2.63768797595e-05, 6.97869199939e-06, 2.7849584967e-06, 5.78671972562e-07, 2.16458744262e-07, 4.32125304428e-08, 1.07742188504e-08, 3.3068916494e-09, 2.50465870266e-09, 2.41183184535e-09, 2.54480947426e-09],
        "dvar": [1.33282607173e-09, 3.48179105458e-06, 2.84392558569e-06, 1.50448738623e-06, 1.11807057692e-05, 1.00435927379e-05, 4.58050362795e-06, 4.06727895097e-06, 1.11958422622e-06, 2.47179332291e-06, 7.28757299839e-07, 6.45625561901e-08, 3.51262983145e-08, 1.81320931603e-08, 6.52406306756e-09, 1.2648205816e-09, 3.4976044283e-10, 2.00084636359e-11, 4.07692239343e-12, 1.75070935938e-13, 3.14150391627e-14, 1.13190156236e-15, 5.8395854282e-17, 6.80061949758e-18, 6.10150298746e-18, 8.50360446704e-18, 6.19643891996e-18],
        "dvar2": [3.96136101699e-09, 8.96118854143e-06, 6.1675964389e-06, 3.74585670215e-06, 3.07900991174e-05, 2.6039644581e-05, 8.57576378621e-06, 9.0277644631e-06, 2.23650590669e-06, 4.61010313302e-06, 1.57224667419e-06, 1.56752349767e-07, 8.87802968919e-08, 4.71940211355e-08, 1.86400104241e-08, 3.54255846879e-09, 9.89233917004e-10, 5.68003456769e-11, 1.13035535793e-11, 5.10248093777e-13, 9.33616113022e-14, 3.32402452392e-15, 1.77850105037e-16, 2.06368427204e-17, 1.83959393034e-17, 2.53875312298e-17, 1.86265787649e-17],
        "max": [0.0007738682325, 0.0538922585547, 0.0346790477633, 0.0236995443702, 0.0883895456791, 0.0653469711542, 0.0593781843781, 0.0453488975763, 0.0216095279902, 0.0261654946953, 0.0135425273329, 0.0047169579193, 0.00307772890665, 0.00226433482021, 0.00106614455581, 0.000725867401343, 0.000309940922307, 6.33142990409e-05, 3.7134217564e-05, 8.50370179251e-06, 3.21484139931e-06, 7.22061258784e-07, 1.34134182872e-07, 1.41374854934e-07, 1.55206492991e-07, 2.05768671435e-07, 1.4943709914e-07],
        "mean": [2.51089422818e-05, 0.00258469185792, 0.00299653434195, 0.00228560948744, 0.00751528143883, 0.00716693373397, 0.00472299242392, 0.0024972197134, 0.00161819136702, 0.00245323963463, 0.000969398184679, 0.00030187034281, 0.000221129579586, 0.000169981241925, 0.000120094468002, 5.15661922691e-05, 3.06783113047e-05, 8.673046068e-06, 3.72342901755e-06, 7.26392102024e-07, 3.0831668596e-07, 8.18111800527e-08, 1.97198968266e-08, 4.51774395671e-09, 2.11396389282e-09, 1.5271363063e-09, 1.17664156196e-09],
        "median": [1.24077359942e-05, 0.00137150310911, 0.0020185415633, 0.00143832014874, 0.00523385219276, 0.00553293526173, 0.00333276344463, 0.00139820831828, 0.00106604676694, 0.00168945803307, 0.000527770025656, 0.000202338735107, 0.000147358834511, 0.000115989416372, 9.2183239758e-05, 3.81255449611e-05, 2.33204918914e-05, 7.46389741835e-06, 2.95787663163e-06, 5.70414840695e-07, 2.25527060138e-07, 6.25818188382e-08, 1.53890233889e-08, 3.72831543416e-09, 1.63782509777e-09, 9.72862679305e-10, 5.19870479998e-10],
        "min": [2.37484455453e-25, 1.82278914204e-24, 9.2113000206e-25, 5.63619275194e-25, 5.68293108425e-24, 1.15471376713e-23, 9.28857525716e-24, 1.53253159794e-23, 1.64752448318e-23, 2.73638461527e-23, 1.65779592549e-23, 3.93599876741e-23, 2.940434848e-23, 2.76232078411e-23, 5.88649648307e-23, 6.52854848056e-23, 4.56093974078e-23, 9.88020137232e-23, 1.39181001428e-22, 1.64898270835e-22, 3.13513114677e-22, 3.32611424571e-22, 4.60474897338e-22, 6.26530395566e-22, 8.40084559427e-22, 1.35386666302e-21, 1.82848678302e-21],
        "var": [1.7733625679e-09, 1.18451453091e-05, 9.99538497126e-06, 6.88172031005e-06, 6.06682879152e-05, 4.01813158533e-05, 2.22382041102e-05, 1.17347199193e-05, 2.91539754471e-06, 6.29876012681e-06, 1.54647250383e-06, 1.09382256142e-07, 5.41700551082e-08, 3.35998819878e-08, 1.08497566487e-08, 2.26656315938e-09, 7.20339732307e-10, 3.96768555511e-11, 9.26263926671e-12, 3.69281048882e-13, 9.28238944584e-14, 5.42546667925e-15, 2.71582532752e-16, 1.30684370734e-17, 5.1695955191e-18, 5.64814266452e-18, 4.39139682011e-18]
    },
    "erbbands": {
        "dmean": [0.0187407247722, 0.311172276735, 1.13249480724, 2.15485239029, 4.85387706757, 11.3022356033, 15.4170455933, 22.637550354, 22.7603302002, 42.868270874, 19.4493675232, 21.1865558624, 39.5117759705, 28.177898407, 21.1758213043, 9.67442703247, 6.71835947037, 5.88432312012, 3.06111216545, 3.50593662262, 1.15719592571, 0.72699213028, 0.258451789618, 0.14306782186, 0.0587106533349, 0.0201961621642, 0.00712213758379, 0.00226001208648, 0.0010050367564, 0.000411976419855, 0.000128879750264, 4.99234483868e-05, 2.4900684366e-05, 1.66063146025e-05, 1.05808057924e-05, 6.34410798739e-06, 3.25669702761e-06, 9.66018092186e-07, 3.10074051413e-06, 7.3701189649e-06],
        "dmean2": [0.0327643454075, 0.496218770742, 1.62865924835, 3.11548352242, 8.12946033478, 16.75248909, 20.2514514923, 34.4405975342, 31.136220932, 63.6903190613, 27.7172336578, 30.5218982697, 56.3404922485, 41.8741912842, 32.4476203918, 15.6052236557, 11.1232709885, 9.80635547638, 5.23305654526, 6.06617927551, 1.97245645523, 1.24151730537, 0.443200469017, 0.244944155216, 0.102067060769, 0.0350600257516, 0.0123896328732, 0.00392256258056, 0.0017385261599, 0.000722390715964, 0.000227191179874, 8.86961133801e-05, 4.46256744908e-05, 2.95558129437e-05, 1.85380267794e-05, 1.0858542737e-05, 5.46005094293e-06, 1.69420673046e-06, 4.66883420813e-06, 1.11294530143e-05],
        "dvar": [0.00118309084792, 0.244415566325, 2.81926131248, 6.16858530045, 53.5449905396, 261.169891357, 366.178833008, 812.520507812, 691.34387207, 4714.48144531, 621.840515137, 703.989685059, 2634.34619141, 1577.62683105, 934.33380127, 158.045333862, 81.4932632446, 67.9263458252, 13.8769760132, 20.4390621185, 2.04857373238, 1.01890766621, 0.0768187791109, 0.0312691144645, 0.00540499808267, 0.00064700137591, 9.92390050669e-05, 9.71126064542e-06, 1.82678638794e-06, 2.95254466209e-07, 2.4554934086e-08, 4.08280742548e-09, 1.58670265815e-09, 7.53950624155e-10, 3.33225974591e-10, 1.29342439537e-10, 3.29173840963e-11, 3.59184448677e-12, 8.31324158818e-12, 4.64474951556e-11],
        "dvar2": [0.00332819181494, 0.620579719543, 6.33862733841, 14.2869539261, 173.979598999, 745.68560791, 636.178588867, 2372.79174805, 1509.08898926, 11541.5380859, 1204.01782227, 1382.95410156, 4683.25927734, 3183.3425293, 1998.17236328, 382.813964844, 204.201675415, 176.532730103, 38.7750778198, 58.2855644226, 5.72481393814, 2.8297097683, 0.218832626939, 0.086321733892, 0.015819452703, 0.00188997515943, 0.000293198478175, 2.83243007289e-05, 5.36106290383e-06, 8.81704011135e-07, 7.46848698441e-08, 1.23862395895e-08, 4.76584816056e-09, 2.26011342974e-09, 9.860773309e-10, 3.78599485096e-10, 9.5364383057e-11, 1.06068721514e-11, 2.00353240942e-11, 1.12786287254e-10],
        "max": [1.06284308434, 13.3912830353, 34.6179885864, 69.6052856445, 176.944839478, 388.786346436, 518.366821289, 576.190551758, 655.921386719, 2011.61425781, 520.551574707, 595.81463623, 985.366271973, 856.888916016, 638.424255371, 242.027832031, 154.862869263, 136.687820435, 48.8057403564, 74.4884490967, 22.8362026215, 17.5301952362, 3.50999832153, 2.7864921093, 0.984885692596, 0.515118062496, 0.169506296515, 0.0657454356551, 0.0265608597547, 0.0106177311391, 0.0036265430972, 0.00291357794777, 0.00242511532269, 0.00169567170087, 0.00120306247845, 0.000794097082689, 0.000408871099353, 0.000133610854391, 7.37090158509e-05, 0.000165218763868],
        "mean": [0.038054972887, 0.723221838474, 3.07159113884, 6.08510732651, 10.7319669724, 29.5923233032, 46.2897605896, 57.6476020813, 63.8143806458, 85.3199462891, 40.8667068481, 42.3489952087, 72.2203903198, 50.9534034729, 37.2423248291, 16.0459461212, 10.9429035187, 10.2574996948, 5.80369853973, 5.7978758812, 2.4807779789, 1.52573990822, 0.621314167976, 0.323004096746, 0.136035993695, 0.0452002100646, 0.0181026607752, 0.00729422131553, 0.00336433318444, 0.00142336066347, 0.000485953380121, 0.000165309291333, 7.32695989427e-05, 4.88560035592e-05, 3.38429490512e-05, 2.31673438975e-05, 1.32772711368e-05, 2.70884629572e-06, 1.69600825757e-05, 3.99000564357e-05],
        "median": [0.0151644367725, 0.416101515293, 2.11894321442, 4.48076248169, 7.0534696579, 18.0596046448, 33.5476074219, 43.9030838013, 47.7212753296, 47.826133728, 28.4120025635, 29.1849365234, 46.5236358643, 32.5870132446, 21.9489936829, 11.3729133606, 7.53942489624, 6.80033111572, 4.5379486084, 4.2300863266, 1.91909492016, 1.10049390793, 0.536584675312, 0.266018629074, 0.107609763741, 0.0355007089674, 0.0137692112476, 0.00542039377615, 0.00254575861618, 0.00110943627078, 0.000393254274968, 0.000141696102219, 6.59028592054e-05, 4.4338285079e-05, 3.13157688652e-05, 2.17925444304e-05, 1.2649295968e-05, 2.46477839028e-06, 1.65218007169e-05, 3.88552325603e-05],
        "min": [6.63814082404e-23, 4.36553554978e-22, 1.3244628762e-21, 5.08563969191e-21, 1.08145270168e-20, 2.1410978851e-20, 4.31843694391e-20, 1.22576198511e-19, 2.31065743835e-19, 2.20742167898e-19, 3.92446173952e-19, 4.12221348212e-19, 5.22773494243e-19, 7.01557675202e-19, 1.62438792202e-18, 1.82555121596e-18, 2.16940936942e-18, 1.68444692136e-18, 1.75010655383e-18, 3.5930219452e-18, 3.48113749555e-18, 3.51719760717e-18, 5.95400344936e-18, 5.81584691627e-18, 7.88840791161e-18, 8.73301391095e-18, 1.14523602485e-17, 1.21023943427e-17, 1.12639814446e-17, 9.29095302438e-18, 1.26292786144e-17, 1.17995866815e-17, 1.10577223045e-17, 7.56547660047e-18, 6.19700636586e-18, 4.36195415338e-18, 2.47957066626e-18, 9.91827501362e-19, 2.5142219342e-19, 2.79860792127e-20],
        "var": [0.00475278822705, 0.812360286713, 9.85176086426, 33.5574569702, 141.914779663, 1167.1217041, 2020.08642578, 2682.9855957, 3436.87792969, 12299.9794922, 1766.65393066, 1763.05480957, 6501.54345703, 3379.2824707, 2058.95239258, 266.052398682, 123.814277649, 128.185012817, 23.0074882507, 30.6249675751, 4.13940620422, 2.06583023071, 0.188789248466, 0.0643875896931, 0.012121505104, 0.00142527732532, 0.000279658532236, 4.58373106085e-05, 9.34560193855e-06, 1.49401705585e-06, 1.45700369103e-07, 1.37823690238e-08, 2.37004993409e-09, 1.01910779815e-09, 4.39059399948e-10, 1.80158693519e-10, 5.27592761146e-11, 3.62259159302e-12, 6.06781291879e-11, 3.38128441912e-10]
    },
    "gfcc": {
        "mean": [-136.517028809, 258.750061035, -131.911895752, -35.2080612183, -20.9043102264, -33.1455345154, -16.6486873627, -15.9071826935, -8.53506755829, -15.2891263962, -6.20269775391, -8.08910655975, 0.110622525215],
        "cov": [[7746.29150391, 1463.08337402, -683.36114502, 36.9421234131, -23.2856845856, -171.152236938, 117.52646637, -72.762336731, 138.299438477, -13.8962059021, 25.4223270416, -10.5186100006, 24.3415718079], [1463.08337402, 591.156799316, 104.401351929, 17.785987854, 125.024078369, 6.73715877533, 41.1170845032, 23.4115257263, 0.356563717127, -28.536485672, -21.9277076721, -42.2716064453, 2.25270080566], [-683.36114502, 104.401351929, 461.060241699, 82.3452835083, 142.367889404, 83.1979598999, 18.5715503693, 60.5270042419, -17.58826828, -2.91596055031, -22.5057430267, -28.3078231812, 2.26919674873], [36.9421234131, 17.785987854, 82.3452835083, 122.603622437, 59.4609336853, 37.7614593506, 26.781961441, 11.0741167068, 27.9246120453, 24.9352016449, 11.3132915497, 5.39800071716, -1.07177317142], [-23.2856845856, 125.024078369, 142.367889404, 59.4609336853, 120.124038696, 58.0017471313, 28.9816379547, 28.3493728638, 3.04949712753, 0.161386117339, -2.10893750191, -11.5436115265, 4.25158834457], [-171.152236938, 6.73715877533, 83.1979598999, 37.7614593506, 58.0017471313, 83.9364318848, 44.6458854675, 30.834438324, 9.23951721191, 9.00205898285, 5.19862890244, 5.03593015671, 0.63346272707], [117.52646637, 41.1170845032, 18.5715503693, 26.781961441, 28.9816379547, 44.6458854675, 76.6731262207, 42.8680610657, 19.2810306549, 7.03138017654, 9.44812393188, 4.70904397964, 1.74112141132], [-72.762336731, 23.4115257263, 60.5270042419, 11.0741167068, 28.3493728638, 30.834438324, 42.8680610657, 67.6519927979, 30.2737503052, 5.59416055679, 2.4343764782, 0.561740338802, 0.289481699467], [138.299438477, 0.356563717127, -17.58826828, 27.9246120453, 3.04949712753, 9.23951721191, 19.2810306549, 30.2737503052, 71.283416748, 43.5582618713, 15.7240133286, 13.0210447311, 2.27965974808], [-13.8962059021, -28.536485672, -2.91596055031, 24.9352016449, 0.161386117339, 9.00205898285, 7.03138017654, 5.59416055679, 43.5582618713, 64.3068389893, 34.6987915039, 14.4354057312, 2.81985783577], [25.4223270416, -21.9277076721, -22.5057430267, 11.3132915497, -2.10893750191, 5.19862890244, 9.44812393188, 2.4343764782, 15.7240133286, 34.6987915039, 48.8719177246, 32.2788009644, 5.82691812515], [-10.5186100006, -42.2716064453, -28.3078231812, 5.39800071716, -11.5436115265, 5.03593015671, 4.70904397964, 0.561740338802, 13.0210447311, 14.4354057312, 32.2788009644, 50.2552375793, 25.7839431763], [24.3415718079, 2.25270080566, 2.26919674873, -1.07177317142, 4.25158834457, 0.63346272707, 1.74112141132, 0.289481699467, 2.27965974808, 2.81985783577, 5.82691812515, 25.7839431763, 41.6621513367]],
        "icov": [[0.000710979744326, -0.0022548828274, 0.0010295053944, -0.00130716513377, 0.00206477567554, -0.000335362623446, -0.000427805120125, 0.00110154459253, -0.00174246984534, 0.00151372258551, -0.00151427229866, 0.00100986543112, -0.00099887046963], [-0.0022548828274, 0.0102093107998, -0.0036923752632, 0.00581152271479, -0.0111013287678, 0.0042669493705, -0.00177729746792, -0.000709690910298, 0.00216472242028, -0.00145152024925, 0.00221447553486, 7.34658897272e-05, 0.00188785092905], [0.0010295053944, -0.0036923752632, 0.00692128855735, -0.00456260610372, -0.000376339216018, -0.00210817297921, 0.00408467743546, -0.00689984112978, 0.00588324852288, -0.00482448050752, 0.00411569140851, -0.00100350147113, -0.000898462720215], [-0.00130716513377, 0.00581152271479, -0.00456260610372, 0.0183692537248, -0.0125146694481, 0.00332145858556, -0.00691539421678, 0.00849558506161, -0.00589477736503, -0.00244417227805, 0.0038403167855, -0.00607013702393, 0.00633470760658], [0.00206477567554, -0.0111013287678, -0.000376339216018, -0.0125146694481, 0.0363418497145, -0.0178968831897, 0.00585548765957, 0.000624750682618, -0.00788726657629, 0.0146281486377, -0.020758477971, 0.020719408989, -0.0150712216273], [-0.000335362623446, 0.0042669493705, -0.00210817297921, 0.00332145858556, -0.0178968831897, 0.0334746353328, -0.0169062931091, -9.91572378553e-05, 0.00688389223069, -0.0126088606194, 0.0175753477961, -0.0197265315801, 0.0124171348289], [-0.000427805120125, -0.00177729746792, 0.00408467743546, -0.00691539421678, 0.00585548765957, -0.0169062931091, 0.0348648838699, -0.0219545233995, 0.00653622485697, 0.00053118634969, -0.00715163489804, 0.0070108147338, -0.00543155753985], [0.00110154459253, -0.000709690910298, -0.00689984112978, 0.00849558506161, 0.000624750682618, -9.91572378553e-05, -0.0219545233995, 0.0496794730425, -0.0371884144843, 0.027840455994, -0.0207193829119, 0.014090240933, -0.00517261726782], [-0.00174246984534, 0.00216472242028, 0.00588324852288, -0.00589477736503, -0.00788726657629, 0.00688389223069, 0.00653622485697, -0.0371884144843, 0.0662074461579, -0.0588780716062, 0.0493592359126, -0.0387649275362, 0.0185642205179], [0.00151372258551, -0.00145152024925, -0.00482448050752, -0.00244417227805, 0.0146281486377, -0.0126088606194, 0.00053118634969, 0.027840455994, -0.0588780716062, 0.086273252964, -0.079200565815, 0.0571398586035, -0.0290261115879], [-0.00151427229866, 0.00221447553486, 0.00411569140851, 0.0038403167855, -0.020758477971, 0.0175753477961, -0.00715163489804, -0.0207193829119, 0.0493592359126, -0.079200565815, 0.118405967951, -0.0917839631438, 0.0458364076912], [0.00100986543112, 7.34658897272e-05, -0.00100350147113, -0.00607013702393, 0.020719408989, -0.0197265315801, 0.0070108147338, 0.014090240933, -0.0387649275362, 0.0571398586035, -0.0917839631438, 0.109251447022, -0.0594238825142], [-0.00099887046963, 0.00188785092905, -0.000898462720215, 0.00633470760658, -0.0150712216273, 0.0124171348289, -0.00543155753985, -0.00517261726782, 0.0185642205179, -0.0290261115879, 0.0458364076912, -0.0594238825142, 0.0576225891709]]
    },
    "melbands": {
        "dmean": [0.00024627050152, 0.00050668604672, 0.000428358645877, 0.000526891555637, 0.000534044462256, 0.000515826162882, 0.000343418010743, 0.000436327769421, 0.000150682360982, 0.000125564620248, 0.000197109926376, 0.000120600372611, 8.7504980911e-05, 2.850142846e-05, 1.77059828275e-05, 1.18809348351e-05, 1.15442999231e-05, 4.97681321576e-06, 3.92082210965e-06, 3.70379825654e-06, 1.24615019104e-06, 9.43116731378e-07, 5.30761042228e-07, 2.32253100307e-07, 1.16725914268e-07, 6.32592360716e-08, 2.22838139052e-08, 1.22170309425e-08, 6.5053886722e-09, 2.75208877909e-09, 1.2389372861e-09, 6.96990076765e-10, 4.03515998393e-10, 2.11564307739e-10, 9.87405365804e-11, 4.69770576605e-11, 2.7849923756e-11, 1.82526060238e-11, 1.53297062544e-11, 1.32615420381e-11],
        "dmean2": [0.000412034511101, 0.000747242709622, 0.000646291358862, 0.000848181254696, 0.000706382154021, 0.000769761390984, 0.000469531223644, 0.000650863570627, 0.000212791128433, 0.00018123855989, 0.000281207787339, 0.000179666472832, 0.00013438356109, 4.52556996606e-05, 2.88610954158e-05, 1.96288146981e-05, 1.92698425963e-05, 8.46464899951e-06, 6.72787064104e-06, 6.38008032183e-06, 2.13563384932e-06, 1.60908052749e-06, 9.19276260447e-07, 4.00019757762e-07, 2.00448312171e-07, 1.10119572128e-07, 3.89013550262e-08, 2.1157195107e-08, 1.1364829966e-08, 4.78459138975e-09, 2.15073958643e-09, 1.20645193835e-09, 7.0355965498e-10, 3.70380948134e-10, 1.73893663358e-10, 8.30373825256e-11, 4.95545202095e-11, 3.28990411302e-11, 2.77276743232e-11, 2.4062156781e-11],
        "dvar": [1.74013479182e-07, 5.39030736491e-07, 2.66466713583e-07, 5.53528991531e-07, 4.12798073057e-07, 4.03774379265e-07, 1.53859275542e-07, 4.97766563967e-07, 3.45667352519e-08, 2.3123755355e-08, 6.46590549991e-08, 3.10402725745e-08, 1.4728573916e-08, 1.30447164182e-09, 4.02019029178e-10, 2.12663248123e-10, 2.66918792624e-10, 3.3832863594e-11, 2.08859665674e-11, 2.23113350711e-11, 2.12018575439e-12, 1.87019215218e-12, 4.667417711e-13, 8.52662938085e-14, 2.38350429617e-14, 6.7937497262e-15, 1.12486303621e-15, 2.41368126369e-16, 8.61749019747e-17, 1.65688412597e-17, 3.22382083893e-18, 8.86813096888e-19, 2.79624787158e-19, 7.57844524151e-20, 1.51200634974e-20, 3.36310957549e-21, 1.35299162063e-21, 7.9938938365e-22, 6.56911360157e-22, 4.93279848475e-22],
        "dvar2": [4.72491706205e-07, 1.25065685097e-06, 7.10835422524e-07, 1.73490502675e-06, 7.83363361734e-07, 1.15303555503e-06, 3.28388154003e-07, 1.22335200103e-06, 6.54573639736e-08, 4.59355149474e-08, 1.14864000977e-07, 6.25438119073e-08, 3.17514547987e-08, 3.02663227814e-09, 9.9729258185e-10, 5.36723832045e-10, 6.98213709072e-10, 9.46066905372e-11, 5.97906515964e-11, 6.33566116237e-11, 5.95906093567e-12, 5.17322035903e-12, 1.33204699441e-12, 2.39683625594e-13, 6.56028372901e-14, 1.98409454963e-14, 3.2723044804e-15, 7.04175440865e-16, 2.53935421859e-16, 4.89621737245e-17, 9.4459443373e-18, 2.6012046802e-18, 8.26990981398e-19, 2.28515339211e-19, 4.59036998535e-20, 1.02930057964e-20, 4.10706967919e-21, 2.41968585306e-21, 1.9835861771e-21, 1.49363393325e-21],
        "max": [0.0128575349227, 0.0155779356137, 0.0113662034273, 0.0127285029739, 0.0170766636729, 0.0132704805583, 0.00965631473809, 0.0204260908067, 0.00409391708672, 0.0031493937131, 0.00487590627745, 0.00377161288634, 0.0018623478245, 0.000686387706082, 0.000298648606986, 0.000209956022445, 0.000269583310001, 7.51875195419e-05, 7.04311969457e-05, 8.08813783806e-05, 1.78055288416e-05, 2.21368554776e-05, 9.18372552405e-06, 4.29229794463e-06, 2.55662689597e-06, 1.09482527932e-06, 5.44513738987e-07, 3.20700593193e-07, 1.49176329955e-07, 7.74263568815e-08, 3.81301568098e-08, 1.82692225792e-08, 8.53797832434e-09, 5.32745270121e-09, 1.97155691772e-09, 1.8699104487e-09, 1.78973702525e-09, 1.6703920469e-09, 1.58259572114e-09, 1.33961153281e-09],
        "mean": [0.000536244479008, 0.00144163321238, 0.00118418596685, 0.00134537927806, 0.0017011766322, 0.0013427187223, 0.000980466837063, 0.000853980134707, 0.000308295740979, 0.000250727811363, 0.000355336640496, 0.000203779301955, 0.00014209728397, 4.59675538877e-05, 2.94829642371e-05, 1.94539898075e-05, 1.92260322365e-05, 8.95909579413e-06, 7.06943183104e-06, 6.28221278021e-06, 2.33144464801e-06, 1.75166314875e-06, 9.15342752705e-07, 4.28382918471e-07, 2.32244175891e-07, 1.25555686736e-07, 4.68380676466e-08, 2.35968151685e-08, 1.32262458763e-08, 6.33719299259e-09, 3.3485074713e-09, 2.02006411598e-09, 1.15349929608e-09, 6.1799421136e-10, 2.95300284225e-10, 1.30602945125e-10, 6.79310080409e-11, 3.71212678651e-11, 2.71403212404e-11, 2.15633847583e-11],
        "median": [0.000257885345491, 0.00103366817348, 0.00089239468798, 0.00092652044259, 0.0012312552426, 0.00103088538162, 0.00074027699884, 0.000468671350973, 0.000222454138566, 0.000175646739081, 0.00022775902471, 0.000119215583254, 7.991057646e-05, 3.02692042169e-05, 2.21133614104e-05, 1.36405578814e-05, 1.24737925944e-05, 7.0216142376e-06, 5.50485310669e-06, 4.43251929028e-06, 1.80631093372e-06, 1.16100386549e-06, 6.67548647471e-07, 3.33271373165e-07, 1.8253066969e-07, 9.69909876858e-08, 3.37749739288e-08, 1.76593104584e-08, 9.36981692234e-09, 4.23602397603e-09, 2.40403075225e-09, 1.50795909093e-09, 8.67551586126e-10, 4.65067873101e-10, 2.28739027719e-10, 1.03170333388e-10, 5.54379042672e-11, 3.09815784139e-11, 2.20048562705e-11, 1.68687373098e-11],
        "min": [6.86180255303e-25, 8.66216506979e-25, 1.62794848567e-24, 7.25958024107e-25, 1.42268352547e-24, 2.72977250149e-24, 3.19568952933e-24, 2.47923639166e-24, 2.3920215077e-24, 2.43777603185e-24, 2.59919314471e-24, 2.26751164673e-24, 4.01476084899e-24, 3.04011866464e-24, 3.97741262387e-24, 4.05839629554e-24, 2.39584511651e-24, 1.85462973754e-24, 4.39130664159e-24, 3.284190651e-24, 3.40709932155e-24, 3.25394690718e-24, 2.88856980728e-24, 4.01682529798e-24, 3.58330757638e-24, 5.23482298577e-24, 4.57034887922e-24, 5.12703421497e-24, 5.42032126105e-24, 6.15157757082e-24, 6.10959281572e-24, 5.11697268856e-24, 4.89313380113e-24, 4.48670398529e-24, 6.62114071377e-24, 5.98696872674e-24, 6.37702336791e-24, 6.3682390073e-24, 6.45398148238e-24, 5.92787673405e-24],
        "var": [6.29448209111e-07, 2.0274264898e-06, 1.1716060726e-06, 1.89538263839e-06, 2.77612366517e-06, 1.42562760175e-06, 7.96603103481e-07, 1.29002387439e-06, 9.43015194821e-08, 6.10172534721e-08, 1.60085093626e-07, 6.45745927841e-08, 3.13220631654e-08, 2.54179943759e-09, 6.99613034172e-10, 3.67324642925e-10, 4.86342799366e-10, 5.55651705203e-11, 3.57156006159e-11, 3.78938998236e-11, 3.75695958718e-12, 3.32140283159e-12, 7.29392728941e-13, 1.36621250879e-13, 4.07833726371e-14, 1.18495716508e-14, 2.00392706376e-15, 4.49839187133e-16, 1.76931947792e-16, 4.17674130048e-17, 1.10742692254e-17, 3.55328212063e-18, 1.08761977258e-18, 3.01699782015e-19, 6.22346782195e-20, 1.14869634625e-20, 2.90271894112e-21, 9.7878256341e-22, 6.56376651303e-22, 4.7070913696e-22]
    },
    "mfcc": {
        "mean": [-761.432556152, 274.940063477, -18.5432949066, -6.70147943497, 10.1469697952, -15.7481832504, -5.32766485214, -2.73874998093, -3.7760477066, -3.82960581779, -6.2483215332, -5.63350391388, -2.07591104507],
        "cov": [[2733.38598633, 1490.74182129, -495.506164551, 157.83795166, 20.7397880554, -76.8523254395, 73.6128158569, -44.7199630737, 47.0437660217, 26.2605819702, 34.6557922363, 65.8305664062, 25.3367557526], [1490.74182129, 1070.91943359, -52.4582214355, 66.5189819336, 108.935401917, -8.88029193878, 67.0437698364, 49.1529502869, 27.9663715363, 49.1935844421, 28.0301074982, 2.48205208778, -16.0930728912], [-495.506164551, -52.4582214355, 332.104888916, 18.6990146637, 86.7515487671, 69.5240936279, 20.4907970428, 63.7937965393, 5.72041606903, 30.4361190796, 15.4047679901, -28.7388343811, -29.5883636475], [157.83795166, 66.5189819336, 18.6990146637, 110.418716431, 38.2269172668, 24.2498531342, 23.5223331451, -6.26810598373, 14.7377185822, 13.31665802, 17.6591529846, 19.5708694458, 6.58530902863], [20.7397880554, 108.935401917, 86.7515487671, 38.2269172668, 103.528068542, 46.9741401672, 21.371969223, 35.8745651245, 6.4156036377, 22.771188736, 13.9605321884, -5.81380033493, -5.95002222061], [-76.8523254395, -8.88029193878, 69.5240936279, 24.2498531342, 46.9741401672, 78.5837554932, 35.0410385132, 10.382519722, 9.88423347473, 9.73800468445, 15.2874498367, 8.79695415497, 0.27592971921], [73.6128158569, 67.0437698364, 20.4907970428, 23.5223331451, 21.371969223, 35.0410385132, 74.8512878418, 43.237487793, 6.55762195587, 15.6766395569, 8.65295410156, 6.54662370682, 5.38392019272], [-44.7199630737, 49.1529502869, 63.7937965393, -6.26810598373, 35.8745651245, 10.382519722, 43.237487793, 83.9101715088, 27.1124229431, 18.8077907562, 8.26342868805, -9.20930957794, -1.31045019627], [47.0437660217, 27.9663715363, 5.72041606903, 14.7377185822, 6.4156036377, 9.88423347473, 6.55762195587, 27.1124229431, 52.9599456787, 29.7971954346, 10.0369205475, 6.78643321991, 4.71294975281], [26.2605819702, 49.1935844421, 30.4361190796, 13.31665802, 22.771188736, 9.73800468445, 15.6766395569, 18.8077907562, 29.7971954346, 55.4924087524, 29.392950058, 1.97245705128, 1.16779649258], [34.6557922363, 28.0301074982, 15.4047679901, 17.6591529846, 13.9605321884, 15.2874498367, 8.65295410156, 8.26342868805, 10.0369205475, 29.392950058, 54.0925445557, 30.1226978302, 4.17401266098], [65.8305664062, 2.48205208778, -28.7388343811, 19.5708694458, -5.81380033493, 8.79695415497, 6.54662370682, -9.20930957794, 6.78643321991, 1.97245705128, 30.1226978302, 56.0265312195, 30.7580718994], [25.3367557526, -16.0930728912, -29.5883636475, 6.58530902863, -5.95002222061, 0.27592971921, 5.38392019272, -1.31045019627, 4.71294975281, 1.16779649258, 4.17401266098, 30.7580718994, 50.8776473999]],
