{
"lowlevel": {
    "average_loudness": 0.912546873093,
    "barkbands_crest": {
        "dmean": 2.26401543617,
        "dmean2": 3.51203608513,
        "dvar": 3.96088886261,
        "dvar2": 11.0822668076,
        "max": 26.2949619293,
        "mean": 15.1165161133,
        "median": 14.6731719971,
        "min": 4.07185220718,
        "var": 16.2096691132
    },
    "barkbands_flatness_db": {
        "dmean": 0.0228798296303,
        "dmean2": 0.0356900393963,
        "dvar": 0.00037881793105,
        "dvar2": 0.00108168134466,
        "max": 0.640933215618,
        "mean": 0.393843322992,
        "median": 0.394979953766,
        "min": 0.0625370070338,
        "var": 0.00416926247999
    },
    "barkbands_kurtosis": {
        "dmean": 6.67254686356,
        "dmean2": 10.1176719666,
        "dvar": 75.7979354858,
        "dvar2": 181.632873535,
        "max": 219.533828735,
        "mean": 16.5520305634,
        "median": 12.2595863342,
        "min": -1.74794614315,
        "var": 236.621795654
    },
    "barkbands_skewness": {
        "dmean": 0.58619093895,
        "dmean2": 0.877837002277,
        "dvar": 0.300878256559,
        "dvar2": 0.723672568798,
        "max": 11.2526674271,
        "mean": 2.22808909416,
        "median": 2.0719192028,
        "min": -2.36231184006,
        "var": 1.91697609425
    },
    "barkbands_spread": {
        "dmean": 0.562878966331,
        "dmean2": 0.844967365265,
        "dvar": 0.541866481304,
        "dvar2": 1.26046442986,
        "max": 38.1724700928,
        "mean": 2.11138820648,
        "median": 1.64178872108,
        "min": 0.14500169456,
        "var": 4.0002579689
    },
    "dissonance": {
        "dmean": 0.0472106486559,
        "dmean2": 0.0781318172812,
        "dvar": 0.00155896134675,
        "dvar2": 0.00424961885437,
        "max": 0.500000178814,
        "mean": 0.348771840334,
        "median": 0.350187182426,
        "min": 0.147268608212,
        "var": 0.00396826351061
    },
    "dynamic_complexity": 2.1629242897,
    "erbbands_crest": {
        "dmean": 2.56950235367,
        "dmean2": 4.03751659393,
        "dvar": 5.18729400635,
        "dvar2": 15.5162649155,
        "max": 29.1059455872,
        "mean": 13.6022491455,
        "median": 13.1693572998,
        "min": 2.53195357323,
        "var": 15.0463953018
    },
    "erbbands_flatness_db": {
        "dmean": 0.017930842936,
        "dmean2": 0.0270890966058,
        "dvar": 0.000240245019086,
        "dvar2": 0.000622300547548,
        "max": 0.519256770611,
        "mean": 0.363467037678,
        "median": 0.365131556988,
        "min": 0.0362999923527,
        "var": 0.00240707560442
    },
    "erbbands_kurtosis": {
        "dmean": 3.23720526695,
        "dmean2": 4.92357969284,
        "dvar": 14.6113100052,
        "dvar2": 35.2758598328,
        "max": 66.6281204224,
        "mean": 6.42744922638,
        "median": 4.65879583359,
        "min": -1.83038985729,
        "var": 42.029800415
    },
    "erbbands_skewness": {
        "dmean": 0.485551834106,
        "dmean2": 0.721090078354,
        "dvar": 0.175329729915,
        "dvar2": 0.434696853161,
        "max": 6.55920362473,
        "mean": 1.84891986847,
        "median": 1.79576659203,
        "min": -1.71850466728,
        "var": 0.851773917675
    },
    "erbbands_spread": {
        "dmean": 2.06829118729,
        "dmean2": 3.05851364136,
        "dvar": 5.09291887283,
        "dvar2": 11.29063797,
        "max": 68.7397155762,
        "mean": 8.85069084167,
        "median": 7.4514465332,
        "min": 0.993151366711,
        "var": 30.7075366974
    },
    "hfc": {
        "dmean": 2.0970184803,
        "dmean2": 3.14848899841,
        "dvar": 5.2714176178,
        "dvar2": 15.4150114059,
        "max": 43.850227356,
        "mean": 8.83882904053,
        "median": 7.87417984009,
        "min": 1.10611987791e-16,
        "var": 26.1717185974
    },
    "melbands_crest": {
        "dmean": 2.53762078285,
        "dmean2": 4.00327157974,
        "dvar": 4.87502336502,
        "dvar2": 13.8021011353,
        "max": 33.8974266052,
        "mean": 16.7022666931,
        "median": 16.2260532379,
        "min": 1.63245975971,
        "var": 17.6281852722
    },
    "melbands_flatness_db": {
        "dmean": 0.0250137280673,
        "dmean2": 0.0386624895036,
        "dvar": 0.000482537259813,
        "dvar2": 0.00130109931342,
        "max": 0.781973659992,
        "mean": 0.504620075226,
        "median": 0.507081031799,
        "min": 0.0038771640975,
        "var": 0.00681945029646
    },
    "melbands_kurtosis": {
        "dmean": 5.68739795685,
        "dmean2": 8.59258937836,
        "dvar": 50.4604263306,
        "dvar2": 117.483680725,
        "max": 157.047592163,
        "mean": 15.2273702621,
        "median": 11.6121711731,
        "min": -1.36962044239,
        "var": 176.733734131
    },
    "melbands_skewness": {
        "dmean": 0.512903988361,
        "dmean2": 0.768074512482,
        "dvar": 0.202078655362,
        "dvar2": 0.479613661766,
        "max": 9.25161266327,
        "mean": 2.22270870209,
        "median": 2.08826112747,
        "min": -1.9627250433,
        "var": 1.32456409931
    },
    "melbands_spread": {
        "dmean": 0.755409300327,
        "dmean2": 1.13710677624,
        "dvar": 2.99753975868,
        "dvar2": 6.0821890831,
        "max": 159.350921631,
        "mean": 3.12647557259,
        "median": 2.29299664497,
        "min": 0.263752102852,
        "var": 46.4502372742
    },
    "pitch_salience": {
        "dmean": 0.0622239150107,
        "dmean2": 0.0973218530416,
        "dvar": 0.00303887552582,
        "dvar2": 0.00843446981162,
        "max": 0.956143379211,
        "mean": 0.546357810497,
        "median": 0.556554019451,
        "min": 0.0738975405693,
        "var": 0.0119303418323
    },
    "silence_rate_20dB": {
        "dmean": 0,
        "dmean2": 0,
        "dvar": 0,
        "dvar2": 0,
        "max": 1,
        "mean": 1,
        "median": 1,
        "min": 1,
        "var": 0
    },
    "silence_rate_30dB": {
        "dmean": 0.000434625137132,
        "dmean2": 0.000869313254952,
        "dvar": 0.000434316607425,
        "dvar2": 0.0011584564345,
        "max": 1,
        "mean": 0.999710261822,
        "median": 1,
        "min": 0,
        "var": 0.00028959143674
    },
    "silence_rate_60dB": {
        "dmean": 0.00144875049591,
        "dmean2": 0.00289771077223,
        "dvar": 0.00144646200351,
        "dvar2": 0.00332335196435,
        "max": 1,
        "mean": 0.0228885989636,
        "median": 0,
        "min": 0,
        "var": 0.0223669391125
    },
    "spectral_centroid": {
        "dmean": 23.5651779175,
        "dmean2": 35.165096283,
        "dvar": 9443.15625,
        "dvar2": 15307.7607422,
        "max": 11888.0224609,
        "mean": 341.068817139,
        "median": 293.469329834,
        "min": 169.18006897,
        "var": 283485.75
    },
    "spectral_complexity": {
        "dmean": 1.07758057117,
        "dmean2": 1.81077945232,
        "dvar": 0.898018181324,
        "dvar2": 2.19884467125,
        "max": 17,
        "mean": 8.13696956635,
        "median": 8,
        "min": 0,
        "var": 4.87791728973
    },
    "spectral_decrease": {
        "dmean": 2.03328043291e-09,
        "dmean2": 3.12052739204e-09,
        "dvar": 5.03387006983e-18,
        "dvar2": 1.58631172309e-17,
        "max": 1.65770893104e-28,
        "mean": -7.989288342e-09,
        "median": -7.20456272418e-09,
        "min": -3.54285845106e-08,
        "var": 1.99622306087e-17
    },
    "spectral_energy": {
        "dmean": 0.00785943306983,
        "dmean2": 0.0120568899438,
        "dvar": 7.50431863707e-05,
        "dvar2": 0.000236167834373,
        "max": 0.137128189206,
        "mean": 0.0309550948441,
        "median": 0.0279338806868,
        "min": 9.76447777469e-21,
        "var": 0.000298617087537
    },
    "spectral_energyband_high": {
        "dmean": 2.40685130848e-06,
        "dmean2": 3.81680820283e-06,
        "dvar": 8.7124911452e-11,
        "dvar2": 2.01722055726e-10,
        "max": 0.000352734175976,
        "mean": 3.01050363305e-06,
        "median": 5.54964913135e-07,
        "min": 6.89329509443e-21,
        "var": 1.02365949051e-10
    },
    "spectral_energyband_low": {
        "dmean": 0.000839095737319,
        "dmean2": 0.00121606921311,
        "dvar": 3.32950639859e-06,
        "dvar2": 9.41427242651e-06,
        "max": 0.0789157301188,
        "mean": 0.00272209290415,
        "median": 0.00150398479309,
        "min": 1.67353149174e-23,
        "var": 1.705134855e-05
    },
    "spectral_energyband_middle_high": {
        "dmean": 0.000170991683262,
        "dmean2": 0.00024978077272,
        "dvar": 8.68867147119e-08,
        "dvar2": 1.83097284889e-07,
        "max": 0.0108758667484,
        "mean": 0.000485445867525,
        "median": 0.000253342674114,
        "min": 1.32227224102e-21,
        "var": 4.34916671566e-07
    },
    "spectral_energyband_middle_low": {
        "dmean": 0.00776901096106,
        "dmean2": 0.011908528395,
        "dvar": 7.39154274925e-05,
        "dvar2": 0.00023290819081,
        "max": 0.136460855603,
        "mean": 0.0288404151797,
        "median": 0.0257521402091,
        "min": 1.59503396254e-22,
        "var": 0.000280702952296
    },
    "spectral_entropy": {
        "dmean": 0.170913755894,
        "dmean2": 0.265259474516,
        "dvar": 0.0251375809312,
        "dvar2": 0.0681497678161,
        "max": 9.81679916382,
        "mean": 5.16170167923,
        "median": 5.1327495575,
        "min": 3.57210659981,
        "var": 0.21363799274
    },
    "spectral_flux": {
        "dmean": 0.01627943106,
        "dmean2": 0.0267969220877,
        "dvar": 0.000233734332141,
        "dvar2": 0.000645783147775,
        "max": 0.211283221841,
        "mean": 0.0553972385824,
        "median": 0.0492720678449,
        "min": 6.43474024065e-11,
        "var": 0.000775310210884
    },
    "spectral_kurtosis": {
        "dmean": 34.6317634583,
        "dmean2": 57.4513320923,
        "dvar": 1275.61547852,
        "dvar2": 3696.16162109,
        "max": 598.508605957,
        "mean": 103.79599762,
        "median": 86.9726638794,
        "min": -1.26280593872,
        "var": 5398.43798828
    },
    "spectral_rms": {
        "dmean": 0.000682582322042,
        "dmean2": 0.00103778333869,
        "dvar": 4.36604295828e-07,
        "dvar2": 1.39797464271e-06,
        "max": 0.0115664862096,
        "mean": 0.00525888521224,
        "median": 0.00522039923817,
        "min": 3.08647378489e-12,
        "var": 2.54401743405e-06
    },
    "spectral_rolloff": {
        "dmean": 43.9426651001,
        "dmean2": 77.1693725586,
        "dvar": 51304.03125,
        "dvar2": 99917.8125,
        "max": 19616.7480469,
        "mean": 410.766937256,
        "median": 344.53125,
        "min": 129.19921875,
        "var": 895257.875
    },
    "spectral_skewness": {
        "dmean": 1.50317788124,
        "dmean2": 2.50722146034,
        "dvar": 1.68278026581,
        "dvar2": 4.68911647797,
        "max": 19.9202861786,
        "mean": 7.50698852539,
        "median": 7.16095161438,
        "min": -0.0805638432503,
        "var": 8.42593383789
    },
    "spectral_spread": {
        "dmean": 353721.90625,
        "dmean2": 595845.3125,
        "dvar": 271801319424,
        "dvar2": 576488275968,
        "max": 42442772,
        "mean": 1224005.125,
        "median": 991081.5,
        "min": 166647.953125,
        "var": 4.13188305715e+12
    },
    "spectral_strongpeak": {
        "dmean": 0.361504912376,
        "dmean2": 0.598418295383,
        "dvar": 0.14739190042,
        "dvar2": 0.383978158236,
        "max": 5.17834615707,
        "mean": 0.999138236046,
        "median": 0.874223470688,
        "min": 0,
        "var": 0.399156779051
    },
    "zerocrossingrate": {
        "dmean": 0.00150721683167,
        "dmean2": 0.00205460865982,
        "dvar": 2.50216671702e-05,
        "dvar2": 4.46044978162e-05,
        "max": 0.5185546875,
        "mean": 0.0161897093058,
        "median": 0.013671875,
        "min": 0.0048828125,
        "var": 0.000639663659967
    },
    "barkbands": {
        "dmean": [3.2050669688e-05, 0.000159302624525, 0.000385207298677, 0.00158947543241, 0.00495529035106, 0.00301208999008, 0.000513361825142, 0.00035900704097, 0.000209410092793, 0.000147947939695, 4.19267926191e-05, 4.77114590467e-05, 5.53738209419e-05, 1.33826160891e-05, 7.84090661909e-06, 2.01008197109e-06, 9.37926688493e-06, 2.25452959057e-06, 2.92277127301e-06, 6.25017491984e-07, 2.48080141318e-07, 3.22722769397e-07, 1.11559415927e-06, 5.53269273951e-07, 1.37136225931e-07, 5.13997875373e-08, 4.78460204789e-09],
        "dmean2": [5.28288765054e-05, 0.000226266274694, 0.000538513646461, 0.00242746504955, 0.00735353352502, 0.00442163692787, 0.000540269655176, 0.000492398161441, 0.000274528807495, 0.00020903685072, 6.60504956613e-05, 7.32725166017e-05, 8.28418560559e-05, 2.06140484806e-05, 1.10791988845e-05, 2.87430430035e-06, 1.14008607852e-05, 2.75755974144e-06, 3.16780528919e-06, 9.73562350737e-07, 3.84033540968e-07, 5.56015208986e-07, 1.72552847744e-06, 9.38534242323e-07, 2.40491090153e-07, 9.18335203437e-08, 8.8879987814e-09],
        "dvar": [2.08387884726e-09, 1.42428817185e-07, 1.14318163469e-06, 8.68354527483e-06, 4.35752044723e-05, 2.83794870484e-05, 9.0892120852e-07, 3.71204379235e-07, 2.0712231219e-07, 1.18663834314e-07, 1.03178390276e-08, 2.90872979036e-08, 2.6696586275e-08, 3.88375687166e-09, 1.15651821453e-09, 6.38271518971e-11, 2.71987476985e-09, 1.14172019061e-10, 1.88298182602e-10, 2.32832086944e-11, 3.76664758411e-12, 2.21850619472e-12, 1.80336023892e-11, 9.37858471439e-12, 1.86856107844e-12, 1.36028680182e-13, 1.80857310227e-15],
        "dvar2": [5.0028363674e-09, 3.79691130092e-07, 2.83424151348e-06, 2.63831843768e-05, 0.000129764783196, 8.61054213601e-05, 8.1640814642e-07, 5.38415008577e-07, 3.40154883816e-07, 2.0481090246e-07, 2.51706993026e-08, 7.0759071491e-08, 5.28931387578e-08, 8.45453484999e-09, 2.0871819828e-09, 1.14378846672e-10, 3.51635054407e-09, 1.54072227199e-10, 2.0767296216e-10, 4.46333872639e-11, 7.99021526027e-12, 5.64368300357e-12, 4.21306010912e-11, 2.38353677073e-11, 4.92261570048e-12, 3.78948527288e-13, 5.31462606535e-15],
        "max": [0.000595176476054, 0.0127228144556, 0.0694472715259, 0.0524498447776, 0.114815160632, 0.0956564471126, 0.0633606538177, 0.0439374595881, 0.0106451390311, 0.0135645167902, 0.00265656830743, 0.0106715885922, 0.00818173680454, 0.0031569104176, 0.00164744060021, 0.000478953646962, 0.00580807495862, 0.000711260829121, 0.000978933414444, 0.000332262832671, 8.35405444377e-05, 7.22910990589e-05, 8.66377886268e-05, 0.000101220139186, 7.71421618992e-05, 8.56426777318e-06, 2.5360482141e-06],
        "mean": [3.11059775413e-05, 0.000502436596435, 0.00117219390813, 0.0040815398097, 0.0143161658198, 0.00762274488807, 0.00151410547551, 0.000681112054735, 0.000424387719249, 0.000277345970972, 6.60174700897e-05, 7.92543869466e-05, 0.000104854101664, 2.37921394728e-05, 1.53734654305e-05, 3.8910038711e-06, 2.2763171728e-05, 5.2828340813e-06, 7.18913497622e-06, 8.91479487564e-07, 2.93317356181e-07, 3.56141129032e-07, 1.3271953776e-06, 5.18848594311e-07, 1.25650046812e-07, 4.34319247233e-08, 3.84881060356e-09],
        "median": [1.32835029945e-05, 0.000209150879527, 0.000146665290231, 0.00212336680852, 0.010920391418, 0.00401423312724, 0.000619828351773, 0.000357039854862, 0.000133835943416, 9.10901871976e-05, 2.48469732469e-05, 1.50421292346e-05, 1.39540152304e-05, 1.9893825538e-06, 1.82497251444e-06, 7.90771935044e-07, 1.25335770917e-06, 5.30298734702e-07, 6.49774733574e-07, 1.42786660717e-07, 3.51122295683e-08, 6.02288139362e-08, 1.8206230834e-07, 2.63100048414e-08, 1.02747517161e-08, 5.37325695049e-09, 9.17044717941e-10],
        "min": [8.51567853007e-25, 1.93606562373e-24, 5.84366810039e-25, 7.9572507978e-25, 1.23034154657e-23, 8.36095608529e-24, 1.32628628085e-23, 8.80886105208e-24, 2.88924755713e-23, 2.3798127019e-23, 1.57238863741e-23, 3.16039956064e-23, 4.51463581445e-23, 5.14186511553e-23, 6.17701691506e-23, 5.54396487387e-23, 1.16227774415e-22, 9.04900640439e-23, 1.26985918652e-22, 2.14435037502e-22, 2.5204328065e-22, 3.07434266138e-22, 4.79062681697e-22, 4.75841200952e-22, 9.4382600362e-22, 1.41834323092e-21, 2.00457851047e-21],
        "var": [2.35741559607e-09, 7.55879796088e-07, 1.00396409835e-05, 3.23429012496e-05, 0.000163350923685, 8.59103529365e-05, 8.18853368401e-06, 1.56679664087e-06, 7.15277792551e-07, 4.00657654609e-07, 1.86483397613e-08, 7.50349400391e-08, 9.80701173603e-08, 1.00687342908e-08, 4.48719328361e-09, 2.45536341259e-10, 1.76383192496e-08, 6.44193198784e-10, 1.21634868844e-09, 3.07350499218e-11, 5.52117119385e-12, 2.16908435657e-12, 2.07910876016e-11, 8.48486211846e-12, 1.43476506717e-12, 8.75777044201e-14, 9.92586771273e-16]
    },
    "erbbands": {
        "dmean": [0.00113320513628, 0.0518062338233, 0.402587234974, 2.37243819237, 11.8060369492, 18.8969230652, 22.1028728485, 26.5203170776, 10.307352066, 6.85277843475, 5.57804107666, 6.03022289276, 5.37533807755, 1.84546279907, 1.77340710163, 2.5597550869, 2.723985672, 0.887473702431, 0.512776255608, 0.176496058702, 0.243679001927, 0.300408601761, 0.1709395051, 0.185589268804, 0.108907721937, 0.0305256042629, 0.012838919647, 0.00906445086002, 0.0108431121334, 0.0136983050033, 0.038571100682, 0.0169897731394, 0.00722919357941, 0.00225237803534, 0.000731317792088, 0.000158729002578, 0.000110272609163, 2.27086875384e-05, 4.19908019467e-06, 8.63844616106e-06],
        "dmean2": [0.00161846319679, 0.073239788413, 0.561681270599, 3.63589334488, 19.5684432983, 26.3610668182, 29.4398002625, 41.1429595947, 10.8173875809, 9.11944580078, 7.59990310669, 7.90094280243, 7.54532766342, 2.6662364006, 2.80825209618, 3.89886951447, 4.06723928452, 1.35901451111, 0.732446372509, 0.257451504469, 0.326224803925, 0.359610974789, 0.198767051101, 0.197654947639, 0.1263987571, 0.0439770743251, 0.0191840101033, 0.0146281216294, 0.018381645903, 0.0237123500556, 0.0595869384706, 0.0277479030192, 0.0120035512373, 0.00385750434361, 0.00121677923016, 0.000285496877041, 0.000197555418708, 4.08625601267e-05, 6.64541903461e-06, 1.32484610731e-05],
        "dvar": [4.97596238347e-06, 0.0148027390242, 1.09727978706, 21.3092803955, 428.352630615, 748.732727051, 755.227661133, 2866.24072266, 396.370727539, 165.438613892, 82.5358200073, 175.538604736, 185.989944458, 14.8944482803, 18.606678009, 75.6355667114, 63.1282691956, 11.6054773331, 4.24738836288, 0.64579218626, 1.43360137939, 3.00652647018, 0.946737349033, 1.80754029751, 0.238872632384, 0.0718774572015, 0.0117322588339, 0.00300598773174, 0.00272374995984, 0.00333544053137, 0.0222682543099, 0.00573964742944, 0.00252239638939, 0.000402025296353, 8.26343748486e-05, 1.97720510187e-06, 6.69600751735e-07, 2.87900263629e-08, 6.98185328996e-11, 9.03557922927e-11],
        "dvar2": [1.33247622216e-05, 0.0395037047565, 2.75598025322, 64.1599731445, 1547.7565918, 1963.64807129, 1604.59936523, 9187.88183594, 353.133605957, 240.372207642, 141.034408569, 290.686462402, 317.15020752, 26.6317901611, 45.8153839111, 183.229766846, 124.348236084, 25.188627243, 7.57162618637, 1.42667508125, 2.59445405006, 3.32305455208, 1.00573277473, 1.81137287617, 0.32577675581, 0.135255023837, 0.0219326782972, 0.007231450174, 0.006465384271, 0.00925222504884, 0.0515173636377, 0.0145881753415, 0.00619866047055, 0.001040338655, 0.000200949929422, 5.65651043871e-06, 1.86121781098e-06, 7.97395216523e-08, 2.06846151318e-10, 2.83851830929e-10],
        "max": [0.0592054016888, 3.94470095634, 63.1128997803, 93.3436889648, 316.806793213, 547.085510254, 681.921630859, 1052.95776367, 987.658508301, 930.023864746, 301.699554443, 310.505004883, 567.959106445, 159.845870972, 129.788467407, 544.007873535, 405.901062012, 168.967773438, 101.710365295, 59.2302055359, 64.5999145508, 223.416717529, 126.843429565, 110.361236572, 38.2109413147, 19.9890823364, 4.86739301682, 2.53461074829, 3.0634291172, 1.10799765587, 3.16207814217, 2.68312263489, 1.76205432415, 0.630140185356, 0.690456271172, 0.0914755240083, 0.0196498371661, 0.00398826878518, 0.000456127512734, 0.000150944266352],
        "mean": [0.00389564200304, 0.167854383588, 1.30283010006, 6.64305877686, 29.0078907013, 52.5598564148, 60.243560791, 61.699256897, 31.1506900787, 17.0069675446, 11.4554824829, 12.508108139, 10.2590103149, 3.75560975075, 3.04931926727, 4.63068199158, 5.30241966248, 1.71839785576, 1.04274082184, 0.377666026354, 0.519400238991, 0.769390583038, 0.459252923727, 0.487072318792, 0.234615266323, 0.0496491342783, 0.0169062539935, 0.0105479890481, 0.0125727104023, 0.0149684771895, 0.0450005345047, 0.0181364286691, 0.00690270308405, 0.00210454268381, 0.000768378551584, 0.000163585078553, 9.80070908554e-05, 1.87911373359e-05, 1.49413290274e-05, 3.4150587453e-05],
        "median": [0.00210146419704, 0.072188206017, 0.365789890289, 3.9365696907, 19.828338623, 35.4826278687, 44.7766723633, 26.0121269226, 12.6866111755, 8.57494354248, 6.56582069397, 4.39949989319, 2.95726418495, 1.81694841385, 1.3532640934, 1.23769330978, 0.946843862534, 0.289986729622, 0.155895352364, 0.100561767817, 0.0693817809224, 0.071187749505, 0.0516704246402, 0.0346093699336, 0.023687068373, 0.00748358154669, 0.00232587498613, 0.00170683825854, 0.00217289547436, 0.00266796490178, 0.00542058050632, 0.00164718646556, 0.000272066186881, 8.61568551045e-05, 0.000110073495307, 4.9101163313e-05, 1.78045393113e-05, 2.41792440647e-06, 1.32766717797e-05, 3.08176822728e-05],
        "min": [9.88774098931e-23, 3.25312378605e-22, 2.74103623141e-21, 5.15577677226e-21, 2.77893491674e-20, 3.90762609374e-20, 4.45874002362e-20, 4.76705317925e-20, 1.21045733432e-19, 2.71567453456e-19, 4.21056748678e-19, 8.25767012585e-19, 4.63613381736e-19, 1.00587096021e-18, 1.07273569144e-18, 1.48740071212e-18, 1.69796067442e-18, 2.45004900379e-18, 2.96476379431e-18, 2.90387006634e-18, 3.84978294324e-18, 6.63309887993e-18, 4.70305035078e-18, 5.8699201265e-18, 6.81106678872e-18, 1.11232101936e-17, 9.70735160884e-18, 8.99229698268e-18, 1.02601961169e-17, 1.24307734653e-17, 1.44046290661e-17, 8.71153451198e-18, 9.4381704939e-18, 9.09607919823e-18, 6.78139002988e-18, 4.14491230041e-18, 2.41230475244e-18, 1.0016686759e-18, 2.3503856307e-19, 2.87636483755e-20],
        "var": [2.49659260589e-05, 0.0818888321519, 8.97350978851, 70.4193649292, 947.241271973, 2997.01538086, 3116.06420898, 7209.64404297, 3017.72753906, 958.996582031, 254.488265991, 595.674804688, 635.55291748, 47.5167350769, 32.5810279846, 198.754974365, 233.846481323, 31.0918827057, 16.7476825714, 1.96786510944, 4.01007795334, 23.3553276062, 7.78367948532, 12.048330307, 1.25633442402, 0.0964684188366, 0.0192763768137, 0.00331309018657, 0.00315411505289, 0.00266231037676, 0.0258075166494, 0.00546056777239, 0.00244010426104, 0.00034286477603, 7.01607496012e-05, 1.18200864563e-06, 4.33208185768e-07, 1.87050357425e-08, 9.81293657443e-11, 3.61407598293e-10]
    },
    "gfcc": {
        "mean": [-179.771255493, 218.880447388, -75.7019348145, -18.9719562531, -56.8136062622, -26.2696285248, -41.301525116, -25.1478939056, -18.4729652405, -30.3368015289, 0.934090256691, -8.50616550446, -11.9851045609],
        "cov": [[6471.21777344, -145.159439087, -1033.20495605, 195.182693481, -578.147460938, 252.871002197, -221.274353027, -93.4655227661, -11.2846755981, 25.9592037201, 319.453918457, 12.9928684235, 18.0543289185], [-145.159439087, 943.19708252, 340.315704346, -227.712295532, 344.223205566, -235.360336304, 171.959365845, -6.91851472855, -17.2655487061, -96.9817886353, -149.235794067, -47.5567359924, -24.0237636566], [-1033.20495605, 340.315704346, 743.566772461, 76.0207061768, 193.330535889, -32.3522720337, 89.0933837891, -24.7992973328, -5.93980503082, -102.810775757, -184.930770874, -28.4258155823, -55.2520828247], [195.182693481, -227.712295532, 76.0207061768, 484.190155029, -43.4242935181, 93.7747802734, 52.7634735107, -26.3502979279, 5.9119477272, -10.668633461, 10.5049066544, -53.0237579346, -13.5048236847], [-578.147460938, 344.223205566, 193.330535889, -43.4242935181, 430.694244385, -144.263259888, 64.2775115967, 80.066368103, -36.3228569031, -13.8682384491, -127.967254639, 30.5609416962, -10.7538328171], [252.871002197, -235.360336304, -32.3522720337, 93.7747802734, -144.263259888, 366.369110107, -33.9201545715, -65.5427932739, 104.156745911, 31.9840927124, 54.3058547974, -13.9530286789, -11.1949701309], [-221.274353027, 171.959365845, 89.0933837891, 52.7634735107, 64.2775115967, -33.9201545715, 196.192733765, 7.49907493591, -43.1881103516, 28.8918228149, -10.2588195801, -51.0123291016, -4.744576931], [-93.4655227661, -6.91851472855, -24.7992973328, -26.3502979279, 80.066368103, -65.5427932739, 7.49907493591, 206.309631348, -4.72045660019, 23.1992874146, 14.6067800522, 35.0474586487, 12.2549686432], [-11.2846755981, -17.2655487061, -5.93980503082, 5.9119477272, -36.3228569031, 104.156745911, -43.1881103516, -4.72045660019, 192.46472168, 14.1191720963, -21.2188873291, 28.7892189026, 23.3056697845], [25.9592037201, -96.9817886353, -102.810775757, -10.668633461, -13.8682384491, 31.9840927124, 28.8918228149, 23.1992874146, 14.1191720963, 224.121963501, 71.7137832642, -35.1935386658, 47.9101219177], [319.453918457, -149.235794067, -184.930770874, 10.5049066544, -127.967254639, 54.3058547974, -10.2588195801, 14.6067800522, -21.2188873291, 71.7137832642, 230.535247803, 7.04194355011, 5.25170135498], [12.9928684235, -47.5567359924, -28.4258155823, -53.0237579346, 30.5609416962, -13.9530286789, -51.0123291016, 35.0474586487, 28.7892189026, -35.1935386658, 7.04194355011, 146.353317261, 6.31370258331], [18.0543289185, -24.0237636566, -55.2520828247, -13.5048236847, -10.7538328171, -11.1949701309, -4.744576931, 12.2549686432, 23.3056697845, 47.9101219177, 5.25170135498, 6.31370258331, 92.4993133545]],
        "icov": [[0.000378326309146, -0.00098147103563, 0.000707534025423, -0.000750676437747, 0.000818190921564, -0.000509935256559, 0.00090772396652, -0.000249791512033, 0.000739181879908, -0.000409379805205, 0.000282856955891, -0.000594142184127, 0.000147632628796], [-0.00098147103563, 0.00615905178711, -0.00262259854935, 0.00395816285163, -0.0043557472527, 0.002790852217, -0.00503778038546, 0.00181703013368, -0.00402000220492, 0.00307808467187, -0.00177682307549, 0.00363978440873, -0.000594224140514], [0.000707534025423, -0.00262259854935, 0.00349295558408, -0.00206274189986, 0.00144516897853, -0.00143361755181, 0.00161006953567, -0.000525792245753, 0.00171209138352, -0.00071360799484, 0.00186066434253, -0.00137801386882, 0.0010394473793], [-0.000750676437747, 0.00395816285163, -0.00206274189986, 0.00498282816261, -0.00273692980409, 0.00120066420641, -0.0038790886756, 0.00106202391908, -0.00262394570746, 0.0023226486519, -0.00136520643719, 0.00299949431792, -0.00051179039292], [0.000818190921564, -0.0043557472527, 0.00144516897853, -0.00273692980409, 0.00700548617169, -0.00119876058307, 0.00277865328826, -0.00237796525471, 0.0033199544996, -0.00298782764003, 0.00310226669535, -0.00380611699075, 0.00109434977639], [-0.000509935256559, 0.002790852217, -0.00143361755181, 0.00120066420641, -0.00119876058307, 0.00550971971825, -0.00200882973149, 0.00170772674028, -0.0040806569159, 0.000704537262209, -0.00152355397586, 0.00177875743248, 0.000969813612755], [0.00090772396652, -0.00503778038546, 0.00161006953567, -0.0038790886756, 0.00277865328826, -0.00200882973149, 0.010854465887, -0.00160075293388, 0.00425156531855, -0.00337315537035, 0.00101419258863, -0.00113113841508, 0.000454122782685], [-0.000249791512033, 0.00181703013368, -0.000525792245753, 0.00106202391908, -0.00237796525471, 0.00170772674028, -0.00160075293388, 0.00643948279321, -0.00160809420049, 0.000394925533328, -0.00141042098403, -5.07413315063e-05, -0.000359219324309], [0.000739181879908, -0.00402000220492, 0.00171209138352, -0.00262394570746, 0.0033199544996, -0.0040806569159, 0.00425156531855, -0.00160809420049, 0.0100058261305, -0.00263944966719, 0.00285148527473, -0.0038904431276, -0.00127579411492], [-0.000409379805205, 0.00307808467187, -0.00071360799484, 0.0023226486519, -0.00298782764003, 0.000704537262209, -0.00337315537035, 0.000394925533328, -0.00263944966719, 0.00818072631955, -0.00294920313172, 0.00393385859206, -0.0033685087692], [0.000282856955891, -0.00177682307549, 0.00186066434253, -0.00136520643719, 0.00310226669535, -0.00152355397586, 0.00101419258863, -0.00141042098403, 0.00285148527473, -0.00294920313172, 0.00779249845073, -0.00254082330503, 0.00135067675728], [-0.000594142184127, 0.00363978440873, -0.00137801386882, 0.00299949431792, -0.00380611699075, 0.00177875743248, -0.00113113841508, -5.07413315063e-05, -0.0038904431276, 0.00393385859206, -0.00254082330503, 0.0113587751985, -0.00129080982879], [0.000147632628796, -0.000594224140514, 0.0010394473793, -0.00051179039292, 0.00109434977639, 0.000969813612755, 0.000454122782685, -0.000359219324309, -0.00127579411492, -0.0033685087692, 0.00135067675728, -0.00129080982879, 0.013566984795]]
    },
    "melbands": {
        "dmean": [2.59981752606e-05, 0.000156699636136, 0.000704483129084, 0.00106379017234, 0.000828363583423, 0.000574769626837, 0.000144334626384, 7.62035269872e-05, 4.14987698605e-05, 3.65217892977e-05, 2.57674728346e-05, 7.44230874261e-06, 5.74744035475e-06, 6.25706434221e-06, 6.25966049483e-06, 4.30327872891e-06, 1.65578160249e-06, 8.27519386348e-07, 3.46643332705e-07, 2.26195069786e-07, 3.79864388833e-07, 3.43669711356e-07, 3.27836431779e-07, 8.80431727524e-08, 1.62954336247e-07, 7.62005925026e-08, 5.47625731429e-08, 1.79821721957e-08, 8.12672595885e-09, 6.00575456033e-09, 5.74466385572e-09, 6.31480912006e-09, 6.26588869679e-09, 8.12015965579e-09, 2.05662811226e-08, 2.15367528256e-08, 8.26078583316e-09, 5.18280840467e-09, 3.72630060141e-09, 1.42135625492e-09],
        "dmean2": [3.69595400116e-05, 0.000218192348257, 0.00111854891293, 0.00165184494108, 0.00109470635653, 0.000872226140928, 0.000145045356476, 0.000102814257843, 5.59605286981e-05, 4.79769514641e-05, 3.63158251275e-05, 1.07797832243e-05, 9.0892017397e-06, 9.67429969023e-06, 9.35460684559e-06, 6.48894547339e-06, 2.55036570707e-06, 1.2012761772e-06, 4.97810788147e-07, 3.27161501446e-07, 5.05839523157e-07, 4.33129144994e-07, 3.65780181255e-07, 1.03282850716e-07, 1.73422165517e-07, 8.75005596868e-08, 7.07209437678e-08, 2.80301346578e-08, 1.27864314692e-08, 8.95574370219e-09, 9.67182867129e-09, 1.05144408735e-08, 1.11937721314e-08, 1.40368996426e-08, 3.21410880133e-08, 3.34192478135e-08, 1.42665950165e-08, 8.92128326768e-09, 6.07460615143e-09, 2.56320009662e-09],
        "dvar": [3.38816019685e-09, 1.60069106414e-07, 1.58585305599e-06, 2.38108032136e-06, 1.00806164482e-06, 1.23995187096e-06, 8.01338586598e-08, 2.13509245839e-08, 4.45140280192e-09, 7.14460712814e-09, 4.47329551179e-09, 2.84862466948e-10, 1.9962353992e-10, 3.67553265601e-10, 2.78830764033e-10, 1.67714953037e-10, 5.86767509581e-11, 9.90873876006e-12, 1.95093182061e-12, 9.60774970866e-13, 4.59996710861e-12, 3.13950644995e-12, 7.34514619266e-12, 2.16059022886e-13, 1.53440498155e-12, 1.84131681256e-13, 4.81099501329e-14, 6.02585608364e-14, 5.17621114089e-15, 2.56485133967e-15, 1.17719654334e-15, 1.17390338512e-15, 7.83454707173e-16, 1.13609649303e-15, 6.42987114832e-15, 6.78667234241e-15, 2.3920430659e-15, 1.2529624758e-15, 1.14024790739e-15, 2.1678847432e-16],
        "dvar2": [9.10149555722e-09, 4.05395354619e-07, 5.22757818544e-06, 7.9450519479e-06, 2.14309557123e-06, 3.90498007619e-06, 6.92261110657e-08, 3.09392405029e-08, 7.58393081668e-09, 1.19299103929e-08, 7.66352847847e-09, 5.08283359846e-10, 4.91373941536e-10, 8.83770556737e-10, 5.80704817565e-10, 3.57975593612e-10, 1.26923305199e-10, 1.80972892921e-11, 3.76328959314e-12, 1.90304586326e-12, 8.30080101877e-12, 4.700055449e-12, 6.83603737853e-12, 2.54758914702e-13, 1.53161066729e-12, 2.39772123597e-13, 8.57172541497e-14, 1.18144412981e-13, 1.12585112132e-14, 4.67042786281e-15, 2.78015250354e-15, 2.47872206498e-15, 2.24750663433e-15, 3.1283624542e-15, 1.51922169235e-14, 1.58408781426e-14, 5.96573266861e-15, 3.26343943358e-15, 2.65774311365e-15, 5.78282098585e-16],
        "max": [0.00185403763317, 0.0228729397058, 0.0212708041072, 0.0216911882162, 0.0235973633826, 0.0212843324989, 0.0149165680632, 0.011147197336, 0.00174733134918, 0.00205015693791, 0.00277450843714, 0.000716323498636, 0.000362806371413, 0.00120571500156, 0.000770261511207, 0.000507778662723, 0.000387206295272, 0.000151530111907, 6.00560597377e-05, 5.28584350832e-05, 0.000116422525025, 0.000151818167069, 0.000391512177885, 3.40256920026e-05, 0.000101710560557, 3.73553593818e-05, 1.0749368812e-05, 1.91036797332e-05, 3.48318462784e-06, 2.71220937975e-06, 1.7713575744e-06, 2.74272315437e-06, 7.18335456895e-07, 5.92090771079e-07, 1.58496550284e-06, 1.74923559371e-06, 2.02880892175e-06, 1.14607303203e-06, 1.28234398744e-06, 5.84125700698e-07],
        "mean": [8.42438821564e-05, 0.000497363042086, 0.00186253350694, 0.00296466215514, 0.00233711581677, 0.00138242915273, 0.000434456043877, 0.000173989043105, 8.55007092468e-05, 7.39090610296e-05, 4.7901088692e-05, 1.42093094837e-05, 9.16485169e-06, 1.0606032447e-05, 1.20930153571e-05, 8.10801520856e-06, 2.92116396849e-06, 1.61301181834e-06, 6.86477278578e-07, 4.40699068349e-07, 7.78163325776e-07, 8.08021582088e-07, 9.06022705749e-07, 2.09113537153e-07, 4.20954307856e-07, 1.697502654e-07, 9.62482857858e-08, 2.17691322746e-08, 9.99148763725e-09, 7.2846328969e-09, 6.26189855524e-09, 7.28531945882e-09, 6.27084473237e-09, 8.73305250337e-09, 2.34034569502e-08, 2.45873987836e-08, 7.62295293555e-09, 4.67291538797e-09, 3.55752960424e-09, 1.21046628276e-09],
        "median": [3.87081963709e-05, 0.000131089647766, 0.00116311735474, 0.00231332425028, 0.00175303826109, 0.000614708289504, 0.000168427592143, 8.67185590323e-05, 4.84246083943e-05, 2.2552720111e-05, 1.30335001813e-05, 6.19119282419e-06, 3.47152081304e-06, 3.12980046147e-06, 3.12878546538e-06, 1.05437072762e-06, 2.53302147257e-07, 2.17868432628e-07, 1.03629943737e-07, 7.63800613868e-08, 5.80074654977e-08, 5.23971799282e-08, 4.74894967795e-08, 1.24847066019e-08, 1.90432380975e-08, 1.73503540424e-08, 9.20317688724e-09, 2.71382583072e-09, 1.28612864803e-09, 8.06346600601e-10, 7.89676879442e-10, 1.12242848349e-09, 8.99566532375e-10, 1.36045152921e-09, 2.85187651272e-09, 2.50504861299e-09, 4.2999481753e-10, 1.71614611411e-10, 7.09660108456e-11, 3.1803018552e-11],
        "min": [9.73030048483e-25, 1.95417215087e-24, 1.42260316027e-24, 2.50607541181e-24, 1.39417902274e-24, 1.10059930926e-24, 1.88020658024e-24, 2.82842547414e-24, 3.29666293634e-24, 4.89298943958e-24, 1.65653512855e-24, 3.7026862916e-24, 2.84439537152e-24, 3.02148517842e-24, 2.26638140627e-24, 3.93898523702e-24, 3.63972730275e-24, 3.91788399667e-24, 4.65654810477e-24, 3.73986372834e-24, 4.02058540349e-24, 6.66976294452e-24, 5.24552427838e-24, 3.4820198083e-24, 4.0739553936e-24, 4.55313317326e-24, 4.33534760999e-24, 7.02290283963e-24, 6.44929367645e-24, 5.54154551636e-24, 4.22066025057e-24, 5.47052634121e-24, 5.10426137836e-24, 6.70160294838e-24, 7.82441549605e-24, 6.655485351e-24, 4.520220713e-24, 5.96598226565e-24, 6.79480528661e-24, 6.50857262917e-24],
        "var": [1.73434688833e-08, 1.26157272007e-06, 4.94248070027e-06, 7.07119124854e-06, 4.56009593108e-06, 3.39413054462e-06, 6.2853689542e-07, 1.11343489095e-07, 1.37698146219e-08, 2.34128485488e-08, 1.51187702357e-08, 8.77775241381e-10, 3.58202245643e-10, 9.59387569388e-10, 9.86678849735e-10, 5.59850721338e-10, 1.51556225902e-10, 3.81586741371e-11, 6.99148594921e-12, 3.35116526543e-12, 1.26666576533e-11, 1.60982546737e-11, 6.48793588298e-11, 1.33178515958e-12, 1.02521550277e-11, 1.08143073489e-12, 1.20684183675e-13, 7.12371378249e-14, 6.77683363121e-15, 4.5076192365e-15, 1.31511034193e-15, 1.55596394872e-15, 5.47222618019e-16, 9.94646014247e-16, 7.16161867629e-15, 7.79920493964e-15, 2.15941541958e-15, 1.06732186464e-15, 1.18968646766e-15, 1.67793335793e-16]
    },
    "mfcc": {
        "mean": [-830.169494629, 241.740707397, 45.3332748413, 2.55561757088, -0.726381421089, -12.4802837372, -14.7833490372, -4.38144350052, -26.5888252258, -12.1936540604, -11.8237419128, -8.52922344208, -5.80370140076],
        "cov": [[2462.67602539, 285.158325195, -603.85925293, -181.283279419, -102.15737915, -20.00340271, -58.9502983093, 53.2858009338, -317.545806885, 156.318984985, 61.4663238525, 92.108581543, -17.5637207031], [285.158325195, 981.830871582, 78.7587203979, -66.841255188, 86.0532989502, -55.1477050781, 45.9023933411, 26.4569377899, 111.963890076, -60.7056427002, 22.9203529358, -50.0601005554, -25.5324172974], [-603.85925293, 78.7587203979, 634.342651367, 148.773590088, 28.2353878021, 137.696685791, 15.8476886749, 30.1325244904, 117.82485199, -27.4488010406, -36.1815605164, -39.4787406921, 18.884393692], [-181.283279419, -66.841255188, 148.773590088, 388.542297363, 84.301902771, -20.306060791, 104.328308105, 49.5886878967, 36.010307312, 10.7094192505, -20.1455307007, -34.5703239441, 26.4986171722], [-102.15737915, 86.0532989502, 28.2353878021, 84.301902771, 209.464431763, 53.5192756653, -10.013964653, 41.2275810242, 100.90763092, -17.5236434937, -11.7508249283, 25.5858058929, 30.2239761353], [-20.00340271, -55.1477050781, 137.696685791, -20.306060791, 53.5192756653, 230.853607178, 11.061542511, -0.436846792698, 30.8062667847, 40.9071159363, 2.13378143311, 14.2082395554, 32.4508094788], [-58.9502983093, 45.9023933411, 15.8476886749, 104.328308105, -10.013964653, 11.061542511, 204.77305603, 2.38854885101, -22.3023910522, 47.6938972473, 51.6419639587, -39.3215370178, -7.34927892685], [53.2858009338, 26.4569377899, 30.1325244904, 49.5886878967, 41.2275810242, -0.436846792698, 2.38854885101, 178.87739563, 11.3788938522, -46.8857078552, -24.4053726196, 41.0199737549, 11.1476221085], [-317.545806885, 111.963890076, 117.82485199, 36.010307312, 100.90763092, 30.8062667847, -22.3023910522, 11.3788938522, 252.720443726, 0.360393643379, -34.0347976685, -2.15248632431, 55.3651275635], [156.318984985, -60.7056427002, -27.4488010406, 10.7094192505, -17.5236434937, 40.9071159363, 47.6938972473, -46.8857078552, 0.360393643379, 181.78729248, 60.2560806274, -55.6686439514, 31.5080718994], [61.4663238525, 22.9203529358, -36.1815605164, -20.1455307007, -11.7508249283, 2.13378143311, 51.6419639587, -24.4053726196, -34.0347976685, 60.2560806274, 137.099227905, 7.37485790253, -44.2123451233], [92.108581543, -50.0601005554, -39.4787406921, -34.5703239441, 25.5858058929, 14.2082395554, -39.3215370178, 41.0199737549, -2.15248632431, -55.6686439514, 7.37485790253, 188.956069946, 33.0443687439], [-17.5637207031, -25.5324172974, 18.884393692, 26.4986171722, 30.2239761353, 32.4508094788, -7.34927892685, 11.1476221085, 55.3651275635, 31.5080718994, -44.2123451233, 33.0443687439, 180.741973877]],
