{
"lowlevel": {
    "average_loudness": 0.701319217682,
    "barkbands_crest": {
        "dmean": 1.5454647541,
        "dmean2": 2.40713238716,
        "dvar": 1.98149812222,
        "dvar2": 5.40852117538,
        "max": 24.799123764,
        "mean": 11.0772066116,
        "median": 10.3816223145,
        "min": 3.65319418907,
        "var": 13.9688024521
    },
    "barkbands_flatness_db": {
        "dmean": 0.0110820177943,
        "dmean2": 0.017278527841,
        "dvar": 8.63595778355e-05,
        "dvar2": 0.00022944418015,
        "max": 0.372462332249,
        "mean": 0.23071423173,
        "median": 0.229668229818,
        "min": 0.0591854713857,
        "var": 0.0017125523882
    },
    "barkbands_kurtosis": {
        "dmean": 2.38102865219,
        "dmean2": 3.72931790352,
        "dvar": 7.23213243484,
        "dvar2": 18.6825180054,
        "max": 69.9049453735,
        "mean": 8.42471122742,
        "median": 6.79382133484,
        "min": -0.934320211411,
        "var": 41.269657135
    },
    "barkbands_skewness": {
        "dmean": 0.3518242836,
        "dmean2": 0.561601936817,
        "dvar": 0.104249551892,
        "dvar2": 0.286858975887,
        "max": 7.23568916321,
        "mean": 2.12839317322,
        "median": 2.02883219719,
        "min": -2.14506340027,
        "var": 0.709490418434
    },
    "barkbands_spread": {
        "dmean": 1.17041170597,
        "dmean2": 1.85382115841,
        "dvar": 1.35924065113,
        "dvar2": 3.38889884949,
        "max": 40.1354217529,
        "mean": 6.7899107933,
        "median": 6.09049415588,
        "min": 0.954330265522,
        "var": 13.4228906631
    },
    "dissonance": {
        "dmean": 0.0217066332698,
        "dmean2": 0.0361909493804,
        "dvar": 0.000338115612976,
        "dvar2": 0.000907854351681,
        "max": 0.500000178814,
        "mean": 0.432554632425,
        "median": 0.434816241264,
        "min": 0.286730974913,
        "var": 0.000943671911955
    },
    "dynamic_complexity": 2.07726311684,
    "erbbands_crest": {
        "dmean": 1.85611510277,
        "dmean2": 2.83526086807,
        "dvar": 2.79724383354,
        "dvar2": 7.32715034485,
        "max": 26.1320075989,
        "mean": 10.3720817566,
        "median": 9.78955841064,
        "min": 2.79177474976,
        "var": 13.5544061661
    },
    "erbbands_flatness_db": {
        "dmean": 0.00871968735009,
        "dmean2": 0.0133852660656,
        "dvar": 5.27701085957e-05,
        "dvar2": 0.000140110554639,
        "max": 0.337489336729,
        "mean": 0.241197258234,
        "median": 0.239613682032,
        "min": 0.0487950481474,
        "var": 0.000798750552349
    },
    "erbbands_kurtosis": {
        "dmean": 0.909414350986,
        "dmean2": 1.44687628746,
        "dvar": 1.00332593918,
        "dvar2": 2.51266050339,
        "max": 19.623632431,
        "mean": 0.971790671349,
        "median": 0.337610840797,
        "min": -1.60088801384,
        "var": 4.37310600281
    },
    "erbbands_skewness": {
        "dmean": 0.274285525084,
        "dmean2": 0.423260241747,
        "dvar": 0.0482836030424,
        "dvar2": 0.119551487267,
        "max": 3.99890160561,
        "mean": 1.0816334486,
        "median": 1.02049612999,
        "min": -0.900180876255,
        "var": 0.374010980129
    },
    "erbbands_spread": {
        "dmean": 3.38735389709,
        "dmean2": 5.32070827484,
        "dvar": 7.45128726959,
        "dvar2": 19.2550430298,
        "max": 73.247543335,
        "mean": 23.5912704468,
        "median": 23.4244689941,
        "min": 5.35211992264,
        "var": 47.2117347717
    },
    "hfc": {
        "dmean": 1.55967390537,
        "dmean2": 2.33818364143,
        "dvar": 2.36892485619,
        "dvar2": 6.10289430618,
        "max": 38.389289856,
        "mean": 11.239812851,
        "median": 10.5048913956,
        "min": 1.05040886661e-16,
        "var": 28.0866832733
    },
    "melbands_crest": {
        "dmean": 1.8657361269,
        "dmean2": 2.84755301476,
        "dvar": 2.82627272606,
        "dvar2": 7.38311386108,
        "max": 31.4462985992,
        "mean": 14.4434118271,
        "median": 13.6381912231,
        "min": 1.63569509983,
        "var": 20.7803573608
    },
    "melbands_flatness_db": {
        "dmean": 0.0116682210937,
        "dmean2": 0.0178790185601,
        "dvar": 9.71452827798e-05,
        "dvar2": 0.000250279350439,
        "max": 0.499160081148,
        "mean": 0.326620489359,
        "median": 0.325514614582,
        "min": 0.00363477226347,
        "var": 0.00290709594265
    },
    "melbands_kurtosis": {
        "dmean": 3.29400777817,
        "dmean2": 4.94583749771,
        "dvar": 12.2796230316,
        "dvar2": 29.8443698883,
        "max": 88.4998474121,
        "mean": 13.7178602219,
        "median": 11.7116470337,
        "min": -1.3532705307,
        "var": 75.0324630737
    },
    "melbands_skewness": {
        "dmean": 0.370025128126,
        "dmean2": 0.560891330242,
        "dvar": 0.102572798729,
        "dvar2": 0.259394705296,
        "max": 7.58022403717,
        "mean": 2.63335156441,
        "median": 2.51397919655,
        "min": -0.235191389918,
        "var": 0.768722057343
    },
    "melbands_spread": {
        "dmean": 1.24067091942,
        "dmean2": 1.90705811977,
        "dvar": 4.4552989006,
        "dvar2": 10.7719163895,
        "max": 154.328277588,
        "mean": 7.91791582108,
        "median": 6.54297494888,
        "min": 1.09655189514,
        "var": 100.799751282
    },
    "pitch_salience": {
        "dmean": 0.0456813126802,
        "dmean2": 0.0710243433714,
        "dvar": 0.00146897835657,
        "dvar2": 0.00376153900288,
        "max": 0.99037116766,
        "mean": 0.590822219849,
        "median": 0.598569095135,
        "min": 0.156737610698,
        "var": 0.00960655231029
    },
    "silence_rate_20dB": {
        "dmean": 0,
        "dmean2": 0,
        "dvar": 0,
        "dvar2": 0,
        "max": 1,
        "mean": 1,
        "median": 1,
        "min": 1,
        "var": 0
    },
    "silence_rate_30dB": {
        "dmean": 0.00471462262794,
        "dmean2": 0.00942991860211,
        "dvar": 0.00469299778342,
        "dvar2": 0.0113436859101,
        "max": 1,
        "mean": 0.993214309216,
        "median": 1,
        "min": 0,
        "var": 0.00673942640424
    },
    "silence_rate_60dB": {
        "dmean": 0.000428602041211,
        "dmean2": 0.000857265316881,
        "dvar": 0.000428470142651,
        "dvar2": 0.000856746919453,
        "max": 1,
        "mean": 0.0187857151031,
        "median": 0,
        "min": 0,
        "var": 0.0184309240431
    },
    "spectral_centroid": {
        "dmean": 45.8305778503,
        "dmean2": 72.2760314941,
        "dvar": 11436.8603516,
        "dvar2": 24324.8671875,
        "max": 11821.5195312,
        "mean": 539.088623047,
        "median": 456.211975098,
        "min": 187.968383789,
        "var": 611066.6875
    },
    "spectral_complexity": {
        "dmean": 1.76398313046,
        "dmean2": 2.96385192871,
        "dvar": 2.05641365051,
        "dvar2": 5.47296333313,
        "max": 27,
        "mean": 14.3765716553,
        "median": 14,
        "min": 0,
        "var": 12.6660871506
    },
    "spectral_decrease": {
        "dmean": 1.35657385325e-09,
        "dmean2": 2.04913397361e-09,
        "dvar": 2.0363267622e-18,
        "dvar2": 5.50359285247e-18,
        "max": 2.37705664492e-28,
        "mean": -9.16407483231e-09,
        "median": -8.19774115257e-09,
        "min": -3.80871405525e-08,
        "var": 2.73249999827e-17
    },
    "spectral_energy": {
        "dmean": 0.00524028018117,
        "dmean2": 0.00791236199439,
        "dvar": 3.0293733289e-05,
        "dvar2": 8.1775135186e-05,
        "max": 0.14599289,
        "mean": 0.0356068126857,
        "median": 0.0319633185863,
        "min": 9.9649099379e-21,
        "var": 0.000405190745369
    },
    "spectral_energyband_high": {
        "dmean": 3.54904796041e-06,
        "dmean2": 6.09682638242e-06,
        "dvar": 2.35179081071e-11,
        "dvar2": 6.85798293154e-11,
        "max": 0.000126491053379,
        "mean": 1.38176783366e-05,
        "median": 1.02613630588e-05,
        "min": 7.09339121551e-21,
        "var": 1.2383287451e-10
    },
    "spectral_energyband_low": {
        "dmean": 0.00201261416078,
        "dmean2": 0.00293838605285,
        "dvar": 7.2418461059e-06,
        "dvar2": 1.66634927155e-05,
        "max": 0.11031075567,
        "mean": 0.011185426265,
        "median": 0.00588035630062,
        "min": 1.75481098624e-23,
        "var": 0.000168482030858
    },
    "spectral_energyband_middle_high": {
        "dmean": 0.000456383597339,
        "dmean2": 0.000668427266646,
        "dvar": 2.6627645866e-07,
        "dvar2": 5.26040309978e-07,
        "max": 0.0151541028172,
        "mean": 0.00200617220253,
        "median": 0.00168285041582,
        "min": 1.16852024661e-21,
        "var": 1.91103231373e-06
    },
    "spectral_energyband_middle_low": {
        "dmean": 0.00446740118787,
        "dmean2": 0.00661411322653,
        "dvar": 2.61609075096e-05,
        "dvar2": 7.24417914171e-05,
        "max": 0.125887274742,
        "mean": 0.0261510163546,
        "median": 0.0225261375308,
        "min": 1.78009542976e-22,
        "var": 0.000262979592662
    },
    "spectral_entropy": {
        "dmean": 0.0901741907001,
        "dmean2": 0.141107782722,
        "dvar": 0.00597437052056,
        "dvar2": 0.0154876466841,
        "max": 9.8233795166,
        "mean": 6.51208639145,
        "median": 6.52729082108,
        "min": 5.32235908508,
        "var": 0.137412428856
    },
    "spectral_flux": {
        "dmean": 0.0114443516359,
        "dmean2": 0.0190514065325,
        "dvar": 0.000124751299154,
        "dvar2": 0.000344626343576,
        "max": 0.170396313071,
        "mean": 0.0535424239933,
        "median": 0.0503101944923,
        "min": 6.31545093999e-11,
        "var": 0.000359391444363
    },
    "spectral_kurtosis": {
        "dmean": 6.99278450012,
        "dmean2": 12.3246431351,
        "dvar": 35.2705955505,
        "dvar2": 108.635566711,
        "max": 67.7511367798,
        "mean": 16.2928199768,
        "median": 14.5438737869,
        "min": -1.24196302891,
        "var": 70.7521057129
    },
    "spectral_rms": {
        "dmean": 0.000428113155067,
        "dmean2": 0.000644931744318,
        "dvar": 1.50425151446e-07,
        "dvar2": 4.10679888319e-07,
        "max": 0.0119344918057,
        "mean": 0.00564286811277,
        "median": 0.00558423902839,
        "min": 3.117990241e-12,
        "var": 2.89658328256e-06
    },
    "spectral_rolloff": {
        "dmean": 62.3618087769,
        "dmean2": 107.059127808,
        "dvar": 56031.6875,
        "dvar2": 116999.085938,
        "max": 19789.0136719,
        "mean": 562.190490723,
        "median": 430.6640625,
        "min": 150.732421875,
        "var": 1876983.75
    },
    "spectral_skewness": {
        "dmean": 0.514424979687,
        "dmean2": 0.902859210968,
        "dvar": 0.174805939198,
        "dvar2": 0.537968933582,
        "max": 6.35481405258,
        "mean": 2.69017910957,
        "median": 2.58088254929,
        "min": -0.0546641610563,
        "var": 0.470592975616
    },
    "spectral_spread": {
        "dmean": 177172.8125,
        "dmean2": 304587.25,
        "dvar": 122679902208,
        "dvar2": 220547547136,
        "max": 42662752,
        "mean": 2243767.25,
        "median": 2024083.5,
        "min": 952919.8125,
        "var": 7.91972098867e+12
    },
    "spectral_strongpeak": {
        "dmean": 0.257488548756,
        "dmean2": 0.425265341997,
        "dvar": 0.107696980238,
        "dvar2": 0.274184376001,
        "max": 4.63445806503,
        "mean": 0.976403534412,
        "median": 0.874770879745,
        "min": 0,
        "var": 0.403705179691
    },
    "zerocrossingrate": {
        "dmean": 0.00250185281038,
        "dmean2": 0.00338434218429,
        "dvar": 1.69620961969e-05,
        "dvar2": 1.87297227967e-05,
        "max": 0.52197265625,
        "mean": 0.0242790877819,
        "median": 0.02099609375,
        "min": 0.00537109375,
        "var": 0.00133925571572
    },
    "barkbands": {
        "dmean": [0.000864658446517, 0.000898285768926, 0.000946270825807, 0.00124904699624, 0.00243924814276, 0.00174468907062, 0.00109522137791, 0.000288496317808, 0.00014574812667, 0.000264216214418, 0.000220732588787, 0.000109950895421, 9.41653270274e-05, 7.14556517778e-05, 0.000150703141117, 8.42425724841e-05, 6.31044822512e-05, 2.76545706583e-05, 1.88908325072e-05, 6.36058484815e-06, 2.02011597139e-06, 6.17623470589e-07, 2.46608721e-07, 9.9132840603e-08, 5.0194948642e-08, 1.437686592e-08, 8.10489986236e-09],
        "dmean2": [0.00156918214634, 0.00153439317364, 0.00119408953469, 0.00176751252729, 0.00347828771919, 0.00241560698487, 0.00149496400263, 0.000382770755095, 0.000196029897779, 0.000337118137395, 0.00031176279299, 0.000165915451362, 0.000147757906234, 0.000114839582238, 0.000252250669291, 0.000142890727147, 0.000106426479761, 4.70501945529e-05, 3.25381479342e-05, 1.10406472231e-05, 3.48601042788e-06, 1.06546133338e-06, 4.2209012463e-07, 1.70463849258e-07, 8.61545643716e-08, 2.45932589849e-08, 1.40746774235e-08],
        "dvar": [2.35127367887e-06, 2.65508924713e-06, 1.73020112015e-06, 5.68657469557e-06, 1.73474309122e-05, 4.50179504696e-06, 2.41500242737e-06, 1.62976306228e-07, 2.79655818503e-08, 1.31229924705e-07, 8.46576568847e-08, 2.62623487401e-08, 1.32525714847e-08, 9.76957537091e-09, 3.53787292795e-08, 1.24081287467e-08, 6.76941658284e-09, 1.41447165092e-09, 6.07794758967e-10, 8.77534295229e-11, 8.62651443334e-12, 8.35901118289e-13, 1.06852989456e-13, 2.25304140172e-14, 4.76851554865e-15, 3.15649818879e-16, 5.60462576782e-17],
        "dvar2": [7.56136751079e-06, 7.89737350715e-06, 2.77526032733e-06, 1.66480858752e-05, 4.70461272926e-05, 1.23398085634e-05, 6.17082650933e-06, 3.43380918366e-07, 4.76909498559e-08, 1.93360989442e-07, 1.58584001042e-07, 5.96239857487e-08, 3.09070387061e-08, 2.40431266008e-08, 9.35533108759e-08, 3.4286124162e-08, 1.83463306769e-08, 3.95668431352e-09, 1.74221159721e-09, 2.57997206932e-10, 2.53466969635e-11, 2.44065293149e-12, 3.10523742136e-13, 6.57924168162e-14, 1.3882960638e-14, 9.0427776317e-16, 1.6708871026e-16],
        "max": [0.0212524347007, 0.0461569689214, 0.0504245646298, 0.0656028538942, 0.0977755486965, 0.0638934448361, 0.0475829429924, 0.0113803753629, 0.00335025670938, 0.0101372813806, 0.00502913584933, 0.00422448851168, 0.00197709654458, 0.00182236358523, 0.00256354548037, 0.00210047001019, 0.00130682659801, 0.000842085457407, 0.000624352367595, 0.000164780605701, 6.9167559559e-05, 2.38112206716e-05, 7.5252055467e-06, 3.89605747841e-06, 1.96175756173e-06, 4.94750452162e-07, 1.15070562856e-07],
        "mean": [0.000814718019683, 0.00257340888493, 0.00419191364199, 0.00603580800816, 0.00943606719375, 0.00609991094097, 0.00330500584096, 0.000673348782584, 0.00031561520882, 0.000607260270044, 0.000417164730607, 0.000203933974262, 0.000174300788785, 0.000124072103063, 0.000247455347562, 0.000148200677359, 0.000120801196317, 5.38600252185e-05, 4.09252206737e-05, 1.42022363434e-05, 5.32584999746e-06, 1.9774561224e-06, 8.58430325934e-07, 4.27845094464e-07, 2.58364849515e-07, 9.36699819931e-08, 3.05035285919e-08],
        "median": [0.000265329552349, 0.000731391832232, 0.00227135745808, 0.00222469796427, 0.00529023446143, 0.00448741810396, 0.00193756120279, 0.000432170811109, 0.000226320364163, 0.000360895879567, 0.000246505194809, 0.000122412791825, 0.000124893515022, 7.75446751504e-05, 0.000170543557033, 0.000103770071291, 8.19235865492e-05, 3.84073282476e-05, 3.02994303638e-05, 1.02244875961e-05, 3.73858210878e-06, 1.43414217746e-06, 6.30301656201e-07, 2.97918546721e-07, 1.82718906672e-07, 6.88614889555e-08, 2.75869105337e-08],
        "min": [3.87718478902e-25, 2.06179269708e-24, 9.44055286042e-25, 2.77617468044e-24, 3.42216183167e-24, 1.11431627906e-23, 4.77512020971e-24, 6.35325538327e-24, 1.75292592423e-23, 1.75819772388e-23, 1.8982503535e-23, 3.53028760385e-23, 3.0717615716e-23, 2.63496360858e-23, 6.46059726436e-23, 6.10109252392e-23, 7.07158518158e-23, 8.76456272572e-23, 1.07717795405e-22, 1.91979222e-22, 2.48415580715e-22, 2.81808353134e-22, 4.66260264377e-22, 5.42196999612e-22, 9.59403999636e-22, 1.38731406247e-21, 1.823435044e-21],
        "var": [2.29460215451e-06, 2.12286013266e-05, 2.80675085378e-05, 8.47218834679e-05, 0.00012233677262, 3.32663257723e-05, 1.53247528942e-05, 6.07574293099e-07, 9.18600875366e-08, 6.03044384206e-07, 2.4156244649e-07, 6.11045862797e-08, 2.89462160907e-08, 2.00082492796e-08, 6.05406640375e-08, 2.16666045105e-08, 1.53149546378e-08, 2.79778000767e-09, 1.30916444352e-09, 1.82943327154e-10, 2.48668360209e-11, 3.30515606203e-12, 5.42427485307e-13, 1.54497427221e-13, 5.05200434709e-14, 4.81531496602e-15, 2.52785601103e-16]
    },
    "erbbands": {
        "dmean": [0.0266650412232, 0.213076487184, 0.799483954906, 2.93778276443, 2.9871468544, 9.94044303894, 14.1708250046, 17.6352157593, 16.1896514893, 11.9388599396, 4.13095521927, 3.7577958107, 7.5245885849, 6.26411247253, 8.48062515259, 4.5532708168, 4.41725540161, 3.62770342827, 6.98966789246, 5.47118425369, 3.70494532585, 2.86618804932, 1.89003527164, 1.3238273859, 0.60412722826, 0.285376191139, 0.108571454883, 0.0475593321025, 0.0253680571914, 0.0130774257705, 0.00656399643049, 0.00264215492643, 0.00145069882274, 0.00084851111751, 0.000344831962138, 9.55711802817e-05, 2.5956052923e-05, 6.281647984e-06, 2.93842049359e-06, 5.75871763431e-06],
        "dmean2": [0.0484412908554, 0.349217891693, 1.06459844112, 3.93061876297, 4.42689561844, 14.0112638474, 19.7945804596, 24.0091991425, 21.5135765076, 16.9559497833, 5.39671087265, 5.01725959778, 9.47823047638, 8.58324337006, 12.1507120132, 6.83561992645, 6.8772649765, 5.80214643478, 11.7282714844, 9.16614627838, 6.31011247635, 4.81629800797, 3.18893885612, 2.27784848213, 1.04699957371, 0.494677066803, 0.186879888177, 0.0820361226797, 0.0440252013505, 0.0224044024944, 0.0112408716232, 0.00457552354783, 0.00249611353502, 0.00146708521061, 0.000587194692343, 0.000163687218446, 4.43271164841e-05, 1.07977448351e-05, 4.68271991849e-06, 8.69047653396e-06],
        "dvar": [0.00256434059702, 0.136607289314, 1.25028765202, 24.4053668976, 16.5004749298, 384.423248291, 483.970001221, 527.74041748, 420.5078125, 486.409423828, 22.50847435, 21.1018295288, 129.236801147, 70.0336380005, 133.535446167, 37.8537712097, 30.1859302521, 22.0612602234, 89.7213745117, 54.0087280273, 23.1687259674, 14.9001903534, 6.21400308609, 3.11306381226, 0.607401847839, 0.194601163268, 0.0246110167354, 0.00373840681277, 0.00131727743428, 0.000342845101841, 8.93797696335e-05, 1.47338632814e-05, 4.64835693492e-06, 1.59336445904e-06, 2.33786110471e-07, 1.59872062255e-08, 9.94907267682e-10, 4.41952446861e-11, 7.40791369219e-12, 3.63804854298e-11],
        "dvar2": [0.0086200190708, 0.376400649548, 2.2826294899, 62.0877456665, 47.5400314331, 1087.56420898, 1164.5769043, 1393.26635742, 958.413146973, 1322.90014648, 37.0737876892, 35.8841896057, 179.374542236, 124.038841248, 261.697143555, 82.6364517212, 69.4494247437, 52.7732124329, 236.266784668, 145.408630371, 64.7018356323, 40.2755432129, 17.0389881134, 8.91816902161, 1.77379250526, 0.583106219769, 0.0736444219947, 0.0107880327851, 0.00383282173425, 0.00100200739689, 0.000256509461906, 4.30788604717e-05, 1.34370147862e-05, 4.66750407213e-06, 6.75583180509e-07, 4.64642972986e-08, 2.89045698487e-09, 1.2920879644e-10, 1.99740762125e-11, 9.8066270382e-11],
        "max": [1.15604686737, 11.393037796, 41.6479263306, 174.963287354, 123.593589783, 448.781036377, 684.044433594, 760.389038086, 669.319824219, 500.579772949, 131.501571655, 97.7892684937, 374.118377686, 174.43888855, 260.846252441, 122.144264221, 102.081375122, 86.5974731445, 132.695724487, 132.520339966, 95.2252731323, 72.012878418, 54.771068573, 33.821346283, 16.5918273926, 10.0109596252, 3.13647913933, 1.25998485088, 1.00195538998, 0.377066791058, 0.272259742022, 0.0902926325798, 0.0643253549933, 0.0355599597096, 0.0113979745656, 0.00334299867973, 0.000896713929251, 0.00016842065088, 6.83510006638e-05, 0.000159227245604],
        "mean": [0.0509968400002, 0.706584334373, 3.63343453407, 16.1748752594, 13.327009201, 38.2512931824, 47.9992332458, 60.2078666687, 52.5755195618, 33.4672012329, 11.3640756607, 8.79979610443, 17.9090843201, 14.2234373093, 16.2740116119, 9.09201526642, 8.63478279114, 7.24353075027, 11.2896633148, 10.4874610901, 7.2240486145, 5.88750553131, 4.06929826736, 2.81117653847, 1.43474698067, 0.694524347782, 0.294455528259, 0.141584783792, 0.0793476328254, 0.04422191903, 0.023004764691, 0.0103163579479, 0.00618162378669, 0.00364993419498, 0.0016250066692, 0.000535428407602, 0.000165201170603, 3.78835284209e-05, 2.17069700739e-05, 3.97188523493e-05],
        "median": [0.0162688661367, 0.233042806387, 2.1535179615, 6.33556270599, 9.86934375763, 18.1059303284, 27.3584365845, 38.2839050293, 35.4420700073, 17.4024562836, 8.15732765198, 6.32354736328, 9.64061450958, 9.33936500549, 9.95110225677, 6.02274417877, 6.17068147659, 5.18188095093, 7.69575738907, 7.61523008347, 5.35759162903, 3.99877405167, 2.91452383995, 2.06502628326, 1.08148312569, 0.507960259914, 0.2096144557, 0.102820292115, 0.0591023489833, 0.0319315046072, 0.0165414698422, 0.00714273517951, 0.00449731945992, 0.00260801869445, 0.00109079130925, 0.000375143485144, 0.000127175211674, 3.19301107083e-05, 2.04740426852e-05, 3.57847311534e-05],
        "min": [2.68674570058e-23, 6.68897502078e-22, 2.23362797248e-21, 1.03528237179e-20, 5.15559744209e-21, 1.9289447988e-20, 2.6259257289e-20, 1.04814026433e-19, 9.1781608474e-20, 1.4297582951e-19, 2.3481072651e-19, 2.98506089369e-19, 5.0580884706e-19, 6.43442085014e-19, 9.13777840688e-19, 1.28816816113e-18, 1.89966266973e-18, 1.78472716439e-18, 2.50482738549e-18, 3.42312566483e-18, 4.08634749945e-18, 4.14534698382e-18, 4.52175593515e-18, 6.01598988292e-18, 6.17765406184e-18, 8.54634488929e-18, 7.61715801796e-18, 1.09331348421e-17, 9.31325960396e-18, 9.04367151616e-18, 1.24235670678e-17, 9.9626096197e-18, 9.25093485353e-18, 9.22991123108e-18, 6.54285843818e-18, 4.26249312935e-18, 2.359605696e-18, 1.01071224154e-18, 2.32465049088e-19, 2.66568096618e-20],
        "var": [0.00934851542115, 1.3847386837, 18.4345397949, 537.372619629, 170.053146362, 2487.27124023, 3287.43188477, 4524.27392578, 3080.33740234, 2137.13232422, 115.397338867, 69.0786972046, 598.835083008, 241.07321167, 345.416900635, 92.6149139404, 69.0890350342, 48.1453895569, 139.245498657, 97.9769973755, 42.1009483337, 35.587677002, 14.7705726624, 6.52248287201, 1.45684933662, 0.408218234777, 0.0720388889313, 0.0143379550427, 0.00466180592775, 0.0014982157154, 0.00041907033301, 8.47745905048e-05, 3.0528557545e-05, 1.14195736387e-05, 2.07952621167e-06, 1.88697285353e-07, 1.29150823369e-08, 4.83742157442e-10, 9.85610551507e-11, 4.8705278699e-10]
    },
    "gfcc": {
        "mean": [-72.0722732544, 183.950378418, -124.729301453, 13.4621715546, -36.5655479431, -20.8414916992, -38.1437644958, -11.3125658035, -19.1107597351, -11.1022796631, -6.94702005386, -5.78700113297, -2.80618238449],
        "cov": [[8870.37792969, 992.17175293, -988.007995605, 183.048950195, -277.415435791, -71.6106872559, -268.781829834, -20.2273979187, -102.571586609, -45.1539916992, -20.6792469025, -22.9318752289, -59.6262588501], [992.17175293, 465.764862061, 62.8838119507, 37.0427207947, 89.8485641479, -27.0764713287, 25.3966217041, -45.030216217, 8.14932441711, -43.4699516296, 15.5100345612, -15.2759723663, 36.9321517944], [-988.007995605, 62.8838119507, 332.091278076, 71.7417297363, 157.403991699, 41.1358261108, 93.6296768188, 2.2437620163, 41.33801651, -11.0595121384, 18.1939945221, -8.10918903351, 23.014087677], [183.048950195, 37.0427207947, 71.7417297363, 115.72542572, 82.7848510742, 57.8848724365, 35.7155151367, 37.3721466064, 26.186164856, 11.5860519409, 6.1567401886, -4.16512775421, -10.4608268738], [-277.415435791, 89.8485641479, 157.403991699, 82.7848510742, 161.433288574, 71.3661346436, 70.4428253174, 11.9913406372, 30.7491168976, -4.1797785759, 14.2501888275, -2.33364915848, 12.6557703018], [-71.6106872559, -27.0764713287, 41.1358261108, 57.8848724365, 71.3661346436, 110.432685852, 66.5385665894, 49.6975288391, 20.9702262878, 19.7056388855, 3.39932990074, 2.92920064926, -13.988448143], [-268.781829834, 25.3966217041, 93.6296768188, 35.7155151367, 70.4428253174, 66.5385665894, 94.0291442871, 44.7468986511, 21.4389762878, 2.13870763779, 5.59301996231, 1.30690133572, 0.613497614861], [-20.2273979187, -45.030216217, 2.2437620163, 37.3721466064, 11.9913406372, 49.6975288391, 44.7468986511, 84.4879989624, 38.0340843201, 25.0218544006, 0.872642278671, 5.12831926346, -17.8226222992], [-102.571586609, 8.14932441711, 41.33801651, 26.186164856, 30.7491168976, 20.9702262878, 21.4389762878, 38.0340843201, 61.9176521301, 38.533744812, 15.4761724472, 2.14670109749, 0.498615205288], [-45.1539916992, -43.4699516296, -11.0595121384, 11.5860519409, -4.1797785759, 19.7056388855, 2.13870763779, 25.0218544006, 38.533744812, 65.4591522217, 29.851064682, 9.24468040466, -6.01060533524], [-20.6792469025, 15.5100345612, 18.1939945221, 6.1567401886, 14.2501888275, 3.39932990074, 5.59301996231, 0.872642278671, 15.4761724472, 29.851064682, 52.5640907288, 30.0833187103, 11.7445707321], [-22.9318752289, -15.2759723663, -8.10918903351, -4.16512775421, -2.33364915848, 2.92920064926, 1.30690133572, 5.12831926346, 2.14670109749, 9.24468040466, 30.0833187103, 51.4658889771, 28.3807277679], [-59.6262588501, 36.9321517944, 23.014087677, -10.4608268738, 12.6557703018, -13.988448143, 0.613497614861, -17.8226222992, 0.498615205288, -6.01060533524, 11.7445707321, 28.3807277679, 58.9602050781]],
        "icov": [[0.000743637850974, -0.00204524374567, 0.00226727779955, -0.00309809623286, 0.00205062911846, -0.00134488078766, 0.000973190704826, 0.000150695748744, -5.96606078034e-05, 0.000850984826684, -0.000688800413627, 0.000215330714127, -4.50512379757e-06], [-0.00204524374567, 0.00975079927593, -0.00365813006647, 0.00610505277291, -0.0072273267433, 0.0065187625587, -0.00684537505731, 0.00327485543676, -0.00436897389591, 0.00311733083799, -0.00301043665968, 0.00372402393259, -0.00234418525361], [0.00226727779955, -0.00365813006647, 0.0164318904281, -0.0127859096974, 0.000612691917922, 0.00202848389745, -0.00749497441575, 0.00710347993299, -0.00737181911245, 0.00745212705806, -0.00593177275732, 0.00414505461231, -0.00151472119614], [-0.00309809623286, 0.00610505277291, -0.0127859096974, 0.0336289145052, -0.0182368364185, 0.000321916944813, 0.0078108930029, -0.0140010425821, 0.0072698877193, -0.00831186026335, 0.0046135331504, -0.0014113279758, 0.00252891029231], [0.00205062911846, -0.0072273267433, 0.000612691917922, -0.0182368364185, 0.0336569063365, -0.0177353248, -0.001120973262, 0.011479225941, -0.0118121160194, 0.0130661707371, -0.00858883932233, 0.00395164685324, -0.00358377420343], [-0.00134488078766, 0.0065187625587, 0.00202848389745, 0.000321916944813, -0.0177353248, 0.0350602269173, -0.0200984738767, -0.00193113170099, 0.00663458788767, -0.0136338155717, 0.0102486154065, -0.00732902018353, 0.00561274029315], [0.000973190704826, -0.00684537505731, -0.00749497441575, 0.0078108930029, -0.001120973262, -0.0200984738767, 0.0443094372749, -0.0249584335834, 0.0113796591759, 0.00202333694324, -0.00478508137167, 0.00450233789161, -0.00405393913388], [0.000150695748744, 0.00327485543676, 0.00710347993299, -0.0140010425821, 0.011479225941, -0.00193113170099, -0.0249584335834, 0.045847248286, -0.0294703338295, 0.00772193586454, 0.0055740987882, -0.0107307685539, 0.00913197267801], [-5.96606078034e-05, -0.00436897389591, -0.00737181911245, 0.0072698877193, -0.0118121160194, 0.00663458788767, 0.0113796591759, -0.0294703338295, 0.0555862300098, -0.0345252081752, 0.00861639995128, 0.0010464299703, -0.00428332854062], [0.000850984826684, 0.00311733083799, 0.00745212705806, -0.00831186026335, 0.0130661707371, -0.0136338155717, 0.00202333694324, 0.00772193586454, -0.0345252081752, 0.0564934201539, -0.0358501709998, 0.016881974414, -0.00413566082716], [-0.000688800413627, -0.00301043665968, -0.00593177275732, 0.0046135331504, -0.00858883932233, 0.0102486154065, -0.00478508137167, 0.0055740987882, 0.00861639995128, -0.0358501709998, 0.0611239299178, -0.0404939092696, 0.01392164547], [0.000215330714127, 0.00372402393259, 0.00414505461231, -0.0014113279758, 0.00395164685324, -0.00732902018353, 0.00450233789161, -0.0107307685539, 0.0010464299703, 0.016881974414, -0.0404939092696, 0.0590301193297, -0.0284969434142], [-4.50512379757e-06, -0.00234418525361, -0.00151472119614, 0.00252891029231, -0.00358377420343, 0.00561274029315, -0.00405393913388, 0.00913197267801, -0.00428332854062, -0.00413566082716, 0.01392164547, -0.0284969434142, 0.0349264629185]]
    },
    "melbands": {
        "dmean": [0.000256090686889, 0.000349975947756, 0.000485809898237, 0.000379246310331, 0.000540238455869, 0.000372353504645, 0.000246470444836, 0.00011518701649, 2.89860363409e-05, 2.44319799094e-05, 3.82965954486e-05, 2.64031586994e-05, 2.78400348179e-05, 1.60911586136e-05, 1.08097910925e-05, 9.97523784463e-06, 7.2172133514e-06, 1.0524566278e-05, 9.55176710704e-06, 7.93146773503e-06, 3.92345737055e-06, 3.03179263028e-06, 3.18211527883e-06, 1.40164729601e-06, 1.20110723856e-06, 5.76863556034e-07, 3.56297732651e-07, 1.90256585597e-07, 7.84126683584e-08, 6.36112034158e-08, 3.00645446316e-08, 1.81453323478e-08, 1.114733994e-08, 7.50633954993e-09, 5.05410380214e-09, 2.68448352436e-09, 1.59547464129e-09, 1.25961707731e-09, 1.16191145594e-09, 7.75151942634e-10],
        "dmean2": [0.00045467284508, 0.000478891131934, 0.000668129359838, 0.000537226675078, 0.000768039666582, 0.00050992006436, 0.000331761868438, 0.000163401666214, 3.7542940845e-05, 3.27580419253e-05, 4.81327915622e-05, 3.60465528502e-05, 3.96105424443e-05, 2.37481181102e-05, 1.65701167134e-05, 1.56155310833e-05, 1.16549072118e-05, 1.76915691554e-05, 1.59030150826e-05, 1.34444298965e-05, 6.7107380346e-06, 5.12993756274e-06, 5.33841557626e-06, 2.38736265601e-06, 2.07395987672e-06, 9.93439698505e-07, 6.18078672687e-07, 3.31113454877e-07, 1.35682455493e-07, 1.10117170493e-07, 5.19358067663e-08, 3.14624912789e-08, 1.92287892276e-08, 1.2874088462e-08, 8.67188987286e-09, 4.62205607121e-09, 2.76938627586e-09, 2.16847051426e-09, 1.99981853299e-09, 1.34341593405e-09],
        "dvar": [2.1363371161e-07, 2.28782681688e-07, 6.56813654132e-07, 4.1534545403e-07, 7.73674457832e-07, 2.21113836574e-07, 9.7423644263e-08, 4.17418810628e-08, 1.13299503113e-09, 9.01543284471e-10, 3.39849326458e-09, 1.30582800129e-09, 1.35851807581e-09, 4.46021192202e-10, 3.5767172557e-10, 1.67823810404e-10, 9.80000455786e-11, 2.08163861148e-10, 1.97860006157e-10, 1.14862730438e-10, 2.89091372369e-11, 1.60022828322e-11, 2.15367636919e-11, 4.12811842002e-12, 2.66078175118e-12, 6.7274403279e-13, 2.52290132145e-13, 8.67614899196e-14, 1.14735957483e-14, 1.17482199235e-14, 1.49742211361e-15, 8.53878667534e-16, 2.21617581206e-16, 1.06092987609e-16, 5.80938208619e-17, 1.46578869543e-17, 5.00149008475e-18, 3.34436897153e-18, 4.20810145458e-18, 1.5288727563e-18],
        "dvar2": [6.80507866946e-07, 4.42907719389e-07, 1.79295648195e-06, 1.18476464195e-06, 1.95839379558e-06, 5.97264033786e-07, 2.2914400688e-07, 1.11538497549e-07, 1.74376124651e-09, 1.52532930731e-09, 4.73582995042e-09, 2.2867332472e-09, 2.57144594507e-09, 9.81377645815e-10, 8.30539970131e-10, 4.01811528494e-10, 2.38784686468e-10, 5.51502454815e-10, 5.31851285235e-10, 3.13695402987e-10, 8.16378353807e-11, 4.41127620543e-11, 5.76094207061e-11, 1.14710940399e-11, 7.61004367161e-12, 1.92807618829e-12, 7.45827390732e-13, 2.5758995631e-13, 3.46111892402e-14, 3.35933978389e-14, 4.29019646685e-15, 2.49036601515e-15, 6.42527112414e-16, 3.08453241671e-16, 1.66638697537e-16, 4.22761522426e-17, 1.48271165271e-17, 9.75549848357e-18, 1.20365118884e-17, 4.50066820621e-18],
        "max": [0.0124538633972, 0.0150836408138, 0.0243117026985, 0.0159958973527, 0.0237311031669, 0.0148830926046, 0.0104412799701, 0.00446239951998, 0.000866713060532, 0.000658192031551, 0.00185734580737, 0.000761353701819, 0.000686765240971, 0.000563487235922, 0.000411378336139, 0.000197432251298, 0.000185329205124, 0.00019538939523, 0.000266559945885, 0.00021123989427, 0.000115849856229, 7.63805728639e-05, 7.48257079977e-05, 4.16012480855e-05, 3.00090978271e-05, 2.0105535441e-05, 8.62951583258e-06, 5.89912406213e-06, 2.15673253479e-06, 2.90373782263e-06, 6.30068484497e-07, 8.59151441546e-07, 3.63374340395e-07, 1.95798577352e-07, 2.27540823516e-07, 7.68723040778e-08, 4.3267583294e-08, 4.1535592743e-08, 7.17157604413e-08, 3.54802871527e-08],
        "mean": [0.0006505419733, 0.00160612340551, 0.00258435658179, 0.00163343641907, 0.0019000726752, 0.00125623855274, 0.000793532526586, 0.000311624928145, 7.50933832023e-05, 5.37146042916e-05, 8.98400030565e-05, 5.72960852878e-05, 5.34566315764e-05, 3.00077026623e-05, 1.97676363314e-05, 1.81684536074e-05, 1.24633379528e-05, 1.62216165336e-05, 1.61326061061e-05, 1.35993714139e-05, 6.94479967933e-06, 5.81516178499e-06, 5.73004672333e-06, 2.70824807558e-06, 2.24342807087e-06, 1.16331159461e-06, 7.38167727832e-07, 3.94118444547e-07, 1.87053345257e-07, 1.32236863237e-07, 6.95197073242e-08, 4.7588084584e-08, 3.11290300203e-08, 2.14586837188e-08, 1.45916825289e-08, 8.27614599075e-09, 5.31026911332e-09, 4.41756320413e-09, 3.8226493082e-09, 2.7702899974e-09],
        "median": [0.000203006435186, 0.000940217811149, 0.00122253794689, 0.0010241647251, 0.00104183144867, 0.000843107933179, 0.000525488925632, 0.000165146950167, 5.31534533366e-05, 3.7624304241e-05, 4.74161133752e-05, 3.49869515048e-05, 3.231777373e-05, 1.97913177544e-05, 1.15262537292e-05, 1.25297483464e-05, 8.01912938186e-06, 1.06107490865e-05, 1.03751972347e-05, 9.54933784669e-06, 4.96573557029e-06, 4.02889509132e-06, 3.35619006364e-06, 1.87926957551e-06, 1.57728072736e-06, 8.25091660772e-07, 5.29918906977e-07, 2.7163781624e-07, 1.38104780945e-07, 7.81105455872e-08, 5.10176434432e-08, 3.46452715405e-08, 2.2872763239e-08, 1.55174646466e-08, 1.04866870743e-08, 5.62123991799e-09, 3.70221542312e-09, 3.18392068266e-09, 2.73214029178e-09, 1.93669769111e-09],
        "min": [4.4712468475e-25, 1.45437630816e-24, 2.61009007482e-24, 5.73924411718e-25, 8.70784406051e-25, 2.51488955192e-24, 1.50408933633e-24, 1.43686615986e-24, 1.6413337789e-24, 2.14157296144e-24, 2.35241536545e-24, 2.07214156608e-24, 3.10481393634e-24, 3.48700501479e-24, 2.69885723983e-24, 3.07367444097e-24, 2.03379109317e-24, 3.15243273602e-24, 4.33895507091e-24, 3.89212650482e-24, 4.12212324047e-24, 3.9602111174e-24, 4.16099199499e-24, 4.16526052135e-24, 3.69899797243e-24, 3.77735118742e-24, 4.94098018718e-24, 3.6635678626e-24, 4.26882257542e-24, 4.88176631549e-24, 5.79858282612e-24, 5.1982151066e-24, 4.70756768381e-24, 4.5877318237e-24, 6.77626547761e-24, 5.65668607636e-24, 5.54491986888e-24, 5.98521666667e-24, 6.70491931962e-24, 6.8800298745e-24],
        "var": [1.36458925226e-06, 3.45660259882e-06, 1.17414510896e-05, 3.02005582853e-06, 5.49190690435e-06, 1.75390289314e-06, 7.21977471585e-07, 1.81322491244e-07, 5.46419176572e-09, 2.91185875412e-09, 1.57600172912e-08, 4.72801042761e-09, 3.80001941025e-09, 1.03076192026e-09, 7.82047926418e-10, 3.48319484367e-10, 1.87551807418e-10, 3.12732811869e-10, 3.37117667115e-10, 1.93219079625e-10, 4.75013015033e-11, 3.44165529409e-11, 4.8162730748e-11, 8.18261170626e-12, 4.81956488607e-12, 1.27873991777e-12, 4.92908882113e-13, 1.6100335854e-13, 2.68755304063e-14, 2.54599858855e-14, 3.75991403132e-15, 2.13100826387e-15, 7.40590022542e-16, 3.66145026285e-16, 1.84812649689e-16, 5.94347798965e-17, 2.33667488457e-17, 1.63417983796e-17, 1.50231053927e-17, 7.19349596055e-18]
    },
    "mfcc": {
        "mean": [-712.110229492, 214.500427246, -23.2860183716, 34.661239624, 7.93267726898, -3.6256916523, -9.35894489288, -5.4553437233, -9.71053791046, -7.94451618195, -8.5525302887, -7.35683441162, 0.33345618844],
        "cov": [[2777.515625, 576.01184082, -357.08807373, 125.017494202, -53.8445053101, -24.5199241638, -71.1231842041, 0.713379561901, -47.7423706055, -40.8219947815, -1.91693770885, 34.1789627075, 42.0125694275], [576.01184082, 649.190612793, 21.0665798187, 117.873802185, 74.702583313, 32.7662315369, 24.2492542267, 10.9556379318, -4.72222328186, -9.9629611969, -22.7617835999, -37.9479484558, -12.4738407135], [-357.08807373, 21.0665798187, 161.239349365, 43.9829673767, 53.1222724915, 32.1365661621, 38.2620315552, 23.837638855, 28.1191539764, 20.7350482941, 13.998383522, 1.38374686241, -2.68985676765], [125.017494202, 117.873802185, 43.9829673767, 103.893333435, 62.9551010132, 29.805141449, 21.9975261688, 23.5448379517, 16.334564209, 12.8333778381, 10.8871507645, 6.05857276917, 1.58310842514], [-53.8445053101, 74.702583313, 53.1222724915, 62.9551010132, 103.437843323, 58.33801651, 35.4910011292, 27.1829185486, 22.5270786285, 22.2158718109, 17.6086368561, 6.7972817421, 1.45209729671], [-24.5199241638, 32.7662315369, 32.1365661621, 29.805141449, 58.33801651, 84.0245437622, 54.8649406433, 29.373254776, 21.7505226135, 21.107427597, 17.1356582642, 7.43844032288, 4.04184770584], [-71.1231842041, 24.2492542267, 38.2620315552, 21.9975261688, 35.4910011292, 54.8649406433, 88.0055541992, 53.5292396545, 24.4119358063, 20.050655365, 13.8584861755, 6.56789636612, 3.24508714676], [0.713379561901, 10.9556379318, 23.837638855, 23.5448379517, 27.1829185486, 29.373254776, 53.5292396545, 81.1581878662, 39.2321968079, 15.3244056702, 14.5569028854, 10.9855823517, 6.75315189362], [-47.7423706055, -4.72222328186, 28.1191539764, 16.334564209, 22.5270786285, 21.7505226135, 24.4119358063, 39.2321968079, 64.1756973267, 37.3224639893, 16.0404243469, 9.77025794983, 4.16169261932], [-40.8219947815, -9.9629611969, 20.7350482941, 12.8333778381, 22.2158718109, 21.107427597, 20.050655365, 15.3244056702, 37.3224639893, 68.8380966187, 36.0638580322, 12.0226392746, 6.98634290695], [-1.91693770885, -22.7617835999, 13.998383522, 10.8871507645, 17.6086368561, 17.1356582642, 13.8584861755, 14.5569028854, 16.0404243469, 36.0638580322, 61.2374763489, 35.0875816345, 11.7414102554], [34.1789627075, -37.9479484558, 1.38374686241, 6.05857276917, 6.7972817421, 7.43844032288, 6.56789636612, 10.9855823517, 9.77025794983, 12.0226392746, 35.0875816345, 64.0471343994, 33.6862754822], [42.0125694275, -12.4738407135, -2.68985676765, 1.58310842514, 1.45209729671, 4.04184770584, 3.24508714676, 6.75315189362, 4.16169261932, 6.98634290695, 11.7414102554, 33.6862754822, 54.3010940552]],
