{
"lowlevel": {
    "average_loudness": 0.938016235828,
    "barkbands_crest": {
        "dmean": 1.76470315456,
        "dmean2": 2.87529182434,
        "dvar": 2.24246668816,
        "dvar2": 6.1119427681,
        "max": 18.9657821655,
        "mean": 8.06046390533,
        "median": 7.65668964386,
        "min": 3.60879874229,
        "var": 4.91296577454
    },
    "barkbands_flatness_db": {
        "dmean": 0.0134792225435,
        "dmean2": 0.0218529868871,
        "dvar": 0.000115262802865,
        "dvar2": 0.000325587316183,
        "max": 0.505394756794,
        "mean": 0.354745388031,
        "median": 0.351650625467,
        "min": 0.0606309995055,
        "var": 0.00203269021586
    },
    "barkbands_kurtosis": {
        "dmean": 0.740100085735,
        "dmean2": 1.17360091209,
        "dvar": 0.659617364407,
        "dvar2": 1.71809005737,
        "max": 40.5890693665,
        "mean": 0.190849661827,
        "median": -0.0823230743408,
        "min": -1.71391439438,
        "var": 1.48468565941
    },
    "barkbands_skewness": {
        "dmean": 0.314590752125,
        "dmean2": 0.482360929251,
        "dvar": 0.0660895854235,
        "dvar2": 0.167776405811,
        "max": 5.32101726532,
        "mean": 0.447850465775,
        "median": 0.456403493881,
        "min": -2.10138344765,
        "var": 0.269502043724
    },
    "barkbands_spread": {
        "dmean": 1.03816366196,
        "dmean2": 1.6108891964,
        "dvar": 0.884907484055,
        "dvar2": 2.2275955677,
        "max": 45.3000984192,
        "mean": 6.1540350914,
        "median": 5.85792398453,
        "min": 1.53234887123,
        "var": 6.3117442131
    },
    "dissonance": {
        "dmean": 0.0497917532921,
        "dmean2": 0.0822709277272,
        "dvar": 0.00166867556982,
        "dvar2": 0.00460962858051,
        "max": 0.500000119209,
        "mean": 0.365385621786,
        "median": 0.370030581951,
        "min": 0.0963071882725,
        "var": 0.0039203343913
    },
    "dynamic_complexity": 1.59037601948,
    "erbbands_crest": {
        "dmean": 2.90969276428,
        "dmean2": 4.59379768372,
        "dvar": 6.07806062698,
        "dvar2": 14.31528759,
        "max": 28.5973968506,
        "mean": 11.1299066544,
        "median": 10.2903909683,
        "min": 2.47727560997,
        "var": 15.1071739197
    },
    "erbbands_flatness_db": {
        "dmean": 0.0134606491774,
        "dmean2": 0.0201336797327,
        "dvar": 0.000108154403279,
        "dvar2": 0.000245453062234,
        "max": 0.457828462124,
        "mean": 0.368013679981,
        "median": 0.369783461094,
        "min": 0.0326926074922,
        "var": 0.0012884848984
    },
    "erbbands_kurtosis": {
        "dmean": 0.781040072441,
        "dmean2": 1.21572601795,
        "dvar": 0.592710733414,
        "dvar2": 1.34835541248,
        "max": 12.9340496063,
        "mean": 0.541649341583,
        "median": 0.261286735535,
        "min": -1.55897879601,
        "var": 1.44049501419
    },
    "erbbands_skewness": {
        "dmean": 0.328633934259,
        "dmean2": 0.492780417204,
        "dvar": 0.0669192448258,
        "dvar2": 0.153485819697,
        "max": 2.12969279289,
        "mean": -0.0832765102386,
        "median": -0.0705450102687,
        "min": -2.15111112595,
        "var": 0.226153895259
    },
    "erbbands_spread": {
        "dmean": 1.85652422905,
        "dmean2": 2.80021381378,
        "dvar": 2.73751544952,
        "dvar2": 6.49026489258,
        "max": 99.7251815796,
        "mean": 9.33069610596,
        "median": 8.95497226715,
        "min": 1.94033193588,
        "var": 12.297451973
    },
    "hfc": {
        "dmean": 3.24420523643,
        "dmean2": 4.70354604721,
        "dvar": 8.81521606445,
        "dvar2": 17.920331955,
        "max": 54.5547943115,
        "mean": 16.0383358002,
        "median": 15.3071393967,
        "min": 1.07967716366e-16,
        "var": 51.3724632263
    },
    "melbands_crest": {
        "dmean": 2.26919794083,
        "dmean2": 3.75067210197,
        "dvar": 3.95452952385,
        "dvar2": 11.6363296509,
        "max": 26.0065746307,
        "mean": 10.4163856506,
        "median": 9.97823619843,
        "min": 1.00120079517,
        "var": 8.74639415741
    },
    "melbands_flatness_db": {
        "dmean": 0.0149035882205,
        "dmean2": 0.0242889951915,
        "dvar": 0.000154965033289,
        "dvar2": 0.000447964936029,
        "max": 0.663049459457,
        "mean": 0.472780972719,
        "median": 0.470337480307,
        "min": -8.62865601192e-09,
        "var": 0.0041183703579
    },
    "melbands_kurtosis": {
        "dmean": 1.11381578445,
        "dmean2": 1.75087833405,
        "dvar": 2.13369321823,
        "dvar2": 5.92238664627,
        "max": 68.3299179077,
        "mean": 0.905427932739,
        "median": 0.458289146423,
        "min": -1.71011638641,
        "var": 3.8615603447
    },
    "melbands_skewness": {
        "dmean": 0.342748731375,
        "dmean2": 0.523952066898,
        "dvar": 0.0815553441644,
        "dvar2": 0.213172793388,
        "max": 7.12377500534,
        "mean": 0.908198297024,
        "median": 0.887960493565,
        "min": -1.37091255188,
        "var": 0.302890181541
    },
    "melbands_spread": {
        "dmean": 1.5885951519,
        "dmean2": 2.45894360542,
        "dvar": 4.66416549683,
        "dvar2": 10.8295717239,
        "max": 155.062332153,
        "mean": 9.41770839691,
        "median": 8.46164798737,
        "min": 1.72217690945,
        "var": 93.6134109497
    },
    "pitch_salience": {
        "dmean": 0.0569711327553,
        "dmean2": 0.0915420874953,
        "dvar": 0.00207858951762,
        "dvar2": 0.00568060297519,
        "max": 0.996076285839,
        "mean": 0.626967608929,
        "median": 0.630165994167,
        "min": 0.295105516911,
        "var": 0.00607931567356
    },
    "silence_rate_20dB": {
        "dmean": 0,
        "dmean2": 0,
        "dvar": 0,
        "dvar2": 0,
        "max": 1,
        "mean": 1,
        "median": 1,
        "min": 1,
        "var": 0
    },
    "silence_rate_30dB": {
        "dmean": 0.000448631675681,
        "dmean2": 0.000897330464795,
        "dvar": 0.000448282167781,
        "dvar2": 0.00104618666228,
        "max": 1,
        "mean": 0.999626159668,
        "median": 1,
        "min": 0,
        "var": 0.000373586808564
    },
    "silence_rate_60dB": {
        "dmean": 0.000448631675681,
        "dmean2": 0.000897330464795,
        "dvar": 0.00044846496894,
        "dvar2": 0.0011957824463,
        "max": 1,
        "mean": 0.0197383183986,
        "median": 0,
        "min": 0,
        "var": 0.0193497277796
    },
    "spectral_centroid": {
        "dmean": 42.2029914856,
        "dmean2": 64.098739624,
        "dvar": 9993.92089844,
        "dvar2": 18331.109375,
        "max": 11614.9921875,
        "mean": 489.981536865,
        "median": 426.76965332,
        "min": 206.789672852,
        "var": 598296.25
    },
    "spectral_complexity": {
        "dmean": 1.37475693226,
        "dmean2": 2.36012864113,
        "dvar": 1.27425920963,
        "dvar2": 3.44768309593,
        "max": 19,
        "mean": 12.2226543427,
        "median": 12,
        "min": 0,
        "var": 6.17307090759
    },
    "spectral_decrease": {
        "dmean": 2.26585616936e-09,
        "dmean2": 3.52417228733e-09,
        "dvar": 4.05959234253e-18,
        "dvar2": 1.09658448723e-17,
        "max": 2.44923898071e-20,
        "mean": -1.14097877812e-08,
        "median": -1.1315706594e-08,
        "min": -3.10587893182e-08,
        "var": 1.94172393534e-17
    },
    "spectral_energy": {
        "dmean": 0.00880037434399,
        "dmean2": 0.0136605380103,
        "dvar": 6.05375680607e-05,
        "dvar2": 0.000162055672263,
        "max": 0.120433837175,
        "mean": 0.0445177145302,
        "median": 0.0442130751908,
        "min": 9.95496599909e-21,
        "var": 0.000293681834592
    },
    "spectral_energyband_high": {
        "dmean": 1.13693161552e-07,
        "dmean2": 1.88158963965e-07,
        "dvar": 6.14645595705e-14,
        "dvar2": 1.60605930681e-13,
        "max": 6.34474281469e-06,
        "mean": 5.25385814854e-07,
        "median": 3.04215717506e-07,
        "min": 6.95252332655e-21,
        "var": 4.08139667896e-13
    },
    "spectral_energyband_low": {
        "dmean": 0.00476713385433,
        "dmean2": 0.00773216364905,
        "dvar": 3.82701364288e-05,
        "dvar2": 0.000122043384181,
        "max": 0.0814117342234,
        "mean": 0.0124564673752,
        "median": 0.0103321485221,
        "min": 1.47769771865e-23,
        "var": 8.4111088654e-05
    },
    "spectral_energyband_middle_high": {
        "dmean": 0.00140139169525,
        "dmean2": 0.00211434648372,
        "dvar": 2.99458929476e-06,
        "dvar2": 6.53961387798e-06,
        "max": 0.0318545140326,
        "mean": 0.00335633615032,
        "median": 0.00243153981864,
        "min": 1.25759624909e-21,
        "var": 1.01080768218e-05
    },
    "spectral_energyband_middle_low": {
        "dmean": 0.00680676149204,
        "dmean2": 0.0100781684741,
        "dvar": 3.51748130925e-05,
        "dvar2": 8.05953895906e-05,
        "max": 0.0893731862307,
        "mean": 0.0313972905278,
        "median": 0.0304565634578,
        "min": 1.59504948732e-22,
        "var": 0.000186036166269
    },
    "spectral_entropy": {
        "dmean": 0.086284391582,
        "dmean2": 0.134773865342,
        "dvar": 0.00468738051131,
        "dvar2": 0.0113829551265,
        "max": 9.82590293884,
        "mean": 5.70617103577,
        "median": 5.69311952591,
        "min": 4.84342288971,
        "var": 0.151979997754
    },
    "spectral_flux": {
        "dmean": 0.0168075338006,
        "dmean2": 0.0282289441675,
        "dvar": 0.000196688182768,
        "dvar2": 0.000546231749468,
        "max": 0.207042574883,
        "mean": 0.0820514634252,
        "median": 0.0805297270417,
        "min": 6.49093487293e-11,
        "var": 0.000606826040894
    },
    "spectral_kurtosis": {
        "dmean": 38.3569412231,
        "dmean2": 66.5815582275,
        "dvar": 1089.40942383,
        "dvar2": 3115.01782227,
        "max": 427.703033447,
        "mean": 145.050018311,
        "median": 135.776153564,
        "min": -1.26630878448,
        "var": 4686.07128906
    },
    "spectral_rms": {
        "dmean": 0.000645731925033,
        "dmean2": 0.00100188399665,
        "dvar": 2.83163757331e-07,
        "dvar2": 7.59684496643e-07,
        "max": 0.010839576833,
        "mean": 0.00642261561006,
        "median": 0.00656770169735,
        "min": 3.11643419404e-12,
        "var": 2.18209379454e-06
    },
    "spectral_rolloff": {
        "dmean": 81.3084564209,
        "dmean2": 140.254806519,
        "dvar": 57797.46875,
        "dvar2": 117001.351562,
        "max": 19616.7480469,
        "mean": 711.583129883,
        "median": 645.99609375,
        "min": 129.19921875,
        "var": 1804979
    },
    "spectral_skewness": {
        "dmean": 1.70728492737,
        "dmean2": 3.00689435005,
        "dvar": 1.88462007046,
        "dvar2": 5.50872564316,
        "max": 16.4942550659,
        "mean": 8.82852172852,
        "median": 8.73601913452,
        "min": -0.0846717134118,
        "var": 7.318359375
    },
    "spectral_spread": {
        "dmean": 221829.796875,
        "dmean2": 396484.59375,
        "dvar": 178496045056,
        "dvar2": 394079698944,
        "max": 42430616,
        "mean": 930372.8125,
        "median": 695187.8125,
        "min": 220645.359375,
        "var": 8.35418954138e+12
    },
    "spectral_strongpeak": {
        "dmean": 0.61221408844,
        "dmean2": 1.04989075661,
        "dvar": 0.572456777096,
        "dvar2": 1.33702778816,
        "max": 6.4997010231,
        "mean": 1.05747532845,
        "median": 0.65218526125,
        "min": 0,
        "var": 1.03464603424
    },
    "zerocrossingrate": {
        "dmean": 0.00198163907044,
        "dmean2": 0.00265726796351,
        "dvar": 1.45902695294e-05,
        "dvar2": 1.39958319778e-05,
        "max": 0.52392578125,
        "mean": 0.0225708968937,
        "median": 0.01953125,
        "min": 0.005859375,
        "var": 0.00128625507932
    },
    "barkbands": {
        "dmean": [6.41316955807e-06, 0.00269893137738, 0.00256408355199, 0.00175531255081, 0.00310735148378, 0.00240186881274, 0.00150080071762, 0.00170290435199, 0.00218463432975, 0.00161497096997, 0.000476069952128, 0.000203331655939, 0.000149527288158, 9.26135471673e-05, 1.88679514395e-05, 7.20221851225e-06, 4.63588321509e-06, 9.53231506173e-07, 3.87372466548e-07, 1.229071529e-07, 5.63514568341e-08, 3.21728137465e-08, 1.73470589004e-08, 7.06445391074e-09, 2.65807731381e-09, 1.86406490243e-09, 2.01518779441e-09],
        "dmean2": [9.57120209932e-06, 0.00443026376888, 0.00396980205551, 0.0027557129506, 0.00468322262168, 0.00322249042802, 0.00204764632508, 0.00237322668545, 0.00299407518469, 0.00239312672056, 0.000767424586229, 0.000331194372848, 0.000250809505815, 0.00015767030709, 3.291138637e-05, 1.27973698909e-05, 8.43085490487e-06, 1.74106537543e-06, 6.90776289503e-07, 2.04804194937e-07, 9.31286265882e-08, 5.50099912289e-08, 2.96413666945e-08, 1.20532135384e-08, 4.64731986227e-09, 3.33897198779e-09, 3.60724494719e-09],
        "dvar": [1.57039228843e-10, 1.64204539033e-05, 9.76692354016e-06, 9.09054688236e-06, 1.07859068521e-05, 7.06430046193e-06, 2.49647996498e-06, 3.52709253093e-06, 7.67751498643e-06, 4.88354544359e-06, 5.15691169767e-07, 9.28430097247e-08, 7.74428627892e-08, 3.39299255359e-08, 1.29556598782e-09, 2.19192580753e-10, 1.23082141701e-10, 3.53311845926e-12, 8.18265973642e-13, 1.49058106895e-13, 1.95551159223e-14, 2.07644197789e-15, 6.15088538879e-16, 6.85002492762e-17, 6.99762869048e-18, 3.84145447525e-18, 4.44165796849e-18],
        "dvar2": [3.23514048883e-10, 5.50876829948e-05, 2.72595061688e-05, 2.84345642285e-05, 2.79499290627e-05, 1.69338836713e-05, 5.1668607739e-06, 6.72917030897e-06, 1.34081701617e-05, 9.75528018898e-06, 1.30638090923e-06, 2.31506575687e-07, 2.01163146585e-07, 9.10985988867e-08, 3.76201869656e-09, 6.72451261341e-10, 3.96484844956e-10, 1.15365425546e-11, 2.58482298066e-12, 3.9176767299e-13, 5.00526337499e-14, 6.04046553851e-15, 1.76820975888e-15, 1.99733307108e-16, 2.12218992958e-17, 1.2005339587e-17, 1.39622892705e-17],
        "max": [0.000397751078708, 0.044123314321, 0.0589338578284, 0.0373650826514, 0.0463495105505, 0.0474481955171, 0.032529361546, 0.0437071286142, 0.0432192124426, 0.0454117842019, 0.0146289169788, 0.00477885222062, 0.0054765115492, 0.00309059908614, 0.000608400383499, 0.000280951353488, 0.000214111423702, 2.90238749585e-05, 1.96593518922e-05, 1.07538453449e-05, 5.60151829632e-06, 1.24189955386e-06, 4.80162270833e-07, 1.58252504434e-07, 4.9159812221e-08, 2.59132999503e-08, 2.34510597608e-08],
        "mean": [2.96512607747e-05, 0.00524907698855, 0.00524321198463, 0.00383577751927, 0.00829438772053, 0.0064863502048, 0.00359610444866, 0.00336163467728, 0.00426915753633, 0.00281552714296, 0.000671049230732, 0.000293704855721, 0.000195358094061, 0.000129201886011, 2.65816433966e-05, 1.07747646325e-05, 7.02961460775e-06, 1.73606179033e-06, 8.27095220757e-07, 3.1736894357e-07, 1.74227139382e-07, 1.13653094047e-07, 5.94640141571e-08, 2.92563893112e-08, 1.1118447496e-08, 6.97165347674e-09, 5.21612619764e-09],
        "median": [4.6867698984e-06, 0.00378133892082, 0.00394049892202, 0.00246778922155, 0.00670383498073, 0.00515069253743, 0.00280979601666, 0.00236583594233, 0.00246034492739, 0.00154298485722, 0.000338361365721, 0.000155567729962, 9.15814962354e-05, 5.00558344356e-05, 1.19773467304e-05, 4.20353489972e-06, 1.98145062313e-06, 5.30955333033e-07, 1.74591406221e-07, 4.50425510223e-08, 6.98488094031e-08, 8.52587191957e-08, 4.33251656773e-08, 2.25889174033e-08, 9.46820044589e-09, 6.61239418775e-09, 4.83171502808e-09],
        "min": [1.04869334638e-24, 1.11006909139e-24, 2.33829041651e-24, 1.51546510502e-24, 1.18127100617e-23, 9.44708344543e-24, 9.13692779218e-24, 5.64212646506e-24, 2.16312318198e-23, 1.7449407586e-23, 1.73334781651e-23, 1.53872462936e-23, 2.26796752945e-23, 3.04712481444e-23, 6.12637898692e-23, 5.81536142425e-23, 8.94312107607e-23, 8.40045608631e-23, 1.05680628381e-22, 1.85978060483e-22, 2.13841435449e-22, 3.44657671381e-22, 4.2324790751e-22, 5.87042669223e-22, 9.1845603496e-22, 1.19551630373e-21, 1.92305073303e-21],
        "var": [3.50388273951e-09, 2.70890814136e-05, 2.248576493e-05, 1.6310816136e-05, 4.02593541367e-05, 2.8282729545e-05, 8.94290042197e-06, 1.08122858364e-05, 2.47094303631e-05, 1.22032042782e-05, 8.39341112169e-07, 1.55114904032e-07, 9.96172389023e-08, 5.31089092703e-08, 1.7806115471e-09, 3.47305434412e-10, 1.92070886973e-10, 7.42111320312e-12, 2.31306683876e-12, 6.16863331249e-13, 1.14145048665e-13, 1.04164918539e-14, 2.65600648435e-15, 5.04661277062e-16, 3.9271769392e-17, 6.21874343158e-18, 6.04098645385e-18]
    },
    "erbbands": {
        "dmean": [0.0410067662597, 0.730628430843, 2.64639186859, 4.21616840363, 6.4536690712, 13.3519945145, 16.9738311768, 19.8336105347, 19.9974937439, 36.6741867065, 30.8152065277, 58.1355323792, 50.5377311707, 26.7778835297, 16.7027339935, 8.8700094223, 7.34955692291, 4.58230018616, 1.69894933701, 0.959412574768, 0.372238904238, 0.254440754652, 0.0709045752883, 0.0305121447891, 0.0112132346258, 0.00672340299934, 0.00350681459531, 0.00194226554595, 0.00133753416594, 0.000864363624714, 0.000364144245395, 0.000201407354325, 9.32577750064e-05, 3.93840600736e-05, 1.77500514837e-05, 8.92037860467e-06, 4.49311210104e-06, 1.38534937832e-06, 4.0624495341e-06, 9.73073110799e-06],
        "dmean2": [0.069471731782, 1.19546711445, 4.19121599197, 6.55797719955, 9.06656169891, 20.8258323669, 23.6849594116, 27.1407032013, 26.298833847, 53.1125602722, 41.331035614, 79.2256164551, 74.5519256592, 40.5207824707, 26.8867664337, 14.4863834381, 12.282324791, 7.77490282059, 2.9062037468, 1.69648635387, 0.664688527584, 0.463007539511, 0.129568710923, 0.0552032515407, 0.0195749457926, 0.0114233819768, 0.00577407656237, 0.00328972097486, 0.00229915603995, 0.00148030323908, 0.000624913431238, 0.000344707194017, 0.000160316732945, 6.83182151988e-05, 3.0718081689e-05, 1.52934735524e-05, 7.58652731747e-06, 2.41810289481e-06, 6.27255576546e-06, 1.50695486809e-05],
        "dvar": [0.00533187109977, 1.17711186409, 11.1715803146, 51.644317627, 77.5400924683, 254.211776733, 336.24822998, 640.496765137, 522.89440918, 1909.37280273, 1242.80456543, 6130.83544922, 5988.76757812, 2249.31054688, 659.867858887, 225.881591797, 197.171859741, 103.594474792, 8.81414890289, 3.69150233269, 0.830601394176, 0.456631749868, 0.024568669498, 0.00415540067479, 0.000680850993376, 0.000453140470199, 0.00011215655104, 1.55229408847e-05, 3.59259570359e-06, 1.3526547491e-06, 1.99593671368e-07, 6.23670075584e-08, 1.29868604759e-08, 1.6478156617e-09, 2.93809365726e-10, 7.06721556276e-11, 1.71139821065e-11, 1.82831397591e-12, 1.26308859205e-11, 7.31568070012e-11],
        "dvar2": [0.0177235454321, 3.9479136467, 33.6478652954, 162.745544434, 178.739532471, 739.527954102, 628.623352051, 1780.49572754, 1123.16687012, 4337.3125, 2277.76196289, 10776.5771484, 11895.6669922, 4803.29101562, 1683.17651367, 565.776428223, 511.90814209, 279.448730469, 24.3131008148, 11.0462350845, 2.5641272068, 1.46770393848, 0.0805072560906, 0.0133124263957, 0.00206035422161, 0.00125331501476, 0.00029413489392, 4.33202476415e-05, 1.04062874016e-05, 3.88207217838e-06, 5.77048069772e-07, 1.75714049533e-07, 3.8170330896e-08, 4.89940221726e-09, 8.83788819905e-10, 2.08686942726e-10, 4.97452391779e-11, 5.51416638045e-12, 3.29006648314e-11, 1.93784002733e-10],
        "max": [0.909225106239, 11.1054210663, 58.757774353, 81.9364242554, 163.946563721, 216.164031982, 431.569763184, 535.967773438, 505.916412354, 794.292175293, 802.86505127, 1261.16064453, 1763.1887207, 1066.2989502, 482.667480469, 247.145996094, 290.25201416, 146.2447052, 49.3405723572, 28.4228935242, 18.4627323151, 14.5265054703, 3.68018722534, 1.1267952919, 0.591719567776, 0.546959936619, 0.264768987894, 0.117874026299, 0.0441080369055, 0.0214630104601, 0.00743970414624, 0.00505337212235, 0.00200086692348, 0.000813913240563, 0.000317830330459, 0.000140768213896, 6.77490752423e-05, 2.01675848075e-05, 5.62468558201e-05, 0.000132946690428],
        "mean": [0.0940818414092, 1.39680099487, 5.39085865021, 10.5004634857, 18.2494697571, 28.7670345306, 43.9209327698, 51.9321746826, 48.7219924927, 74.4187164307, 70.072303772, 116.521888733, 91.6470336914, 50.5490188599, 26.7022171021, 13.7819404602, 10.3776912689, 6.93571615219, 2.6610262394, 1.36651492119, 0.597239673138, 0.397692322731, 0.133990064263, 0.0641171708703, 0.0290130749345, 0.0166680570692, 0.00960932392627, 0.00600721966475, 0.00447136629373, 0.00297643709928, 0.00142145028803, 0.000768949277699, 0.000403413607273, 0.000189384401892, 8.86303459993e-05, 4.84616430185e-05, 2.58862728515e-05, 6.5494541559e-06, 2.15785257751e-05, 4.95266140206e-05],
        "median": [0.0499782636762, 1.02653026581, 4.07949590683, 7.60936021805, 13.0003004074, 21.5664405823, 34.112953186, 39.742805481, 36.7727851868, 51.8070602417, 53.3473014832, 62.0019569397, 50.7195625305, 27.2244548798, 14.5906858444, 7.20136642456, 5.54513502121, 2.68793606758, 1.3247153759, 0.614531219006, 0.228752166033, 0.106454022229, 0.0458484366536, 0.0167759563774, 0.00679014530033, 0.00257133459672, 0.00197509699501, 0.00335687352344, 0.00333917024545, 0.00227600056678, 0.00112094415817, 0.00061113294214, 0.00031342022703, 0.000161179705174, 8.17832769826e-05, 4.79472982988e-05, 2.56838211499e-05, 6.38951223664e-06, 2.14772153413e-05, 4.91981081723e-05],
        "min": [8.92369111643e-23, 5.6838344562e-22, 3.34852668017e-21, 4.33337183528e-21, 2.38662108522e-20, 2.82920940341e-20, 3.93107763346e-20, 7.21424408015e-20, 1.57357398435e-19, 2.99815361182e-19, 2.68279565618e-19, 4.82583528314e-19, 6.18197153104e-19, 5.84144608827e-19, 8.39238837933e-19, 1.14695622966e-18, 1.49063085242e-18, 1.44347897256e-18, 2.50448762106e-18, 3.25068084099e-18, 3.37784269617e-18, 5.91994015173e-18, 5.34974263521e-18, 5.29771586981e-18, 7.036569045e-18, 9.48251978244e-18, 7.78000258361e-18, 1.00750350455e-17, 1.07174615595e-17, 1.22405864445e-17, 1.34597621591e-17, 1.19324856546e-17, 1.10678503039e-17, 9.12122797039e-18, 6.83412734342e-18, 3.80732748471e-18, 2.16816094708e-18, 9.16226295302e-19, 2.33313788095e-19, 2.57644174902e-20],
        "var": [0.0140664735809, 1.75646150112, 22.0054931641, 93.8507232666, 312.010009766, 630.53302002, 1357.23510742, 2050.79516602, 1809.12988281, 5019.79833984, 3957.91308594, 19469.8164062, 14341.3955078, 5602.95605469, 1182.22912598, 366.091278076, 251.501098633, 165.618240356, 14.212182045, 4.85097122192, 1.21069335938, 0.682777285576, 0.0451256372035, 0.0112437950447, 0.00284329080023, 0.00153487746138, 0.000445404206403, 7.57689995226e-05, 1.65309866134e-05, 6.07282754572e-06, 1.13832049919e-06, 3.31799839159e-07, 8.62716191818e-08, 1.17317773274e-08, 1.37843814141e-09, 2.20464979606e-10, 5.90492099661e-11, 4.25402898671e-12, 6.41146302716e-11, 3.60668578336e-10]
    },
    "gfcc": {
        "mean": [-141.589935303, 258.640533447, -79.0755233765, -46.2319107056, -44.1328659058, -2.49986124039, -14.9382238388, -16.5623016357, -1.07655405998, -16.0547809601, -8.49283313751, -9.16159343719, -3.79152131081],
        "cov": [[8432.51171875, 1439.90222168, -1314.02709961, -112.141204834, -111.37537384, -234.997589111, -32.850151062, -46.1700515747, -38.1951255798, -138.756866455, -9.57895946503, -144.464279175, 14.6642551422], [1439.90222168, 552.180786133, 66.349029541, -170.428085327, -24.8185176849, 15.9158916473, -24.481552124, -47.6699714661, 19.0207004547, -15.2201423645, -22.3760242462, -1.55066943169, -12.4100894928], [-1314.02709961, 66.349029541, 932.01550293, -38.5382728577, -180.346343994, 160.133468628, 23.0796031952, -88.6754150391, 53.2387809753, 30.4750137329, -22.916015625, 36.6401672363, -39.906791687], [-112.141204834, -170.428085327, -38.5382728577, 225.86958313, 15.4932994843, -24.832736969, 32.2967834473, 27.9787368774, -8.95077800751, 0.675727427006, 32.3588905334, -9.53708934784, 8.49082374573], [-111.37537384, -24.8185176849, -180.346343994, 15.4932994843, 197.484786987, -23.9946289062, -10.3451318741, 48.2054176331, -3.97286605835, 5.50522232056, 15.9251089096, 10.9127292633, 15.4337816238], [-234.997589111, 15.9158916473, 160.133468628, -24.832736969, -23.9946289062, 104.754997253, 21.6077823639, -14.3244380951, 18.965883255, 3.1102874279, -8.09447860718, 12.5427932739, -3.7213010788], [-32.850151062, -24.481552124, 23.0796031952, 32.2967834473, -10.3451318741, 21.6077823639, 69.6708450317, 23.8789978027, -0.125558868051, 8.84989929199, -0.248267248273, -5.28050422668, 8.26239776611], [-46.1700515747, -47.6699714661, -88.6754150391, 27.9787368774, 48.2054176331, -14.3244380951, 23.8789978027, 74.5016860962, 19.708562851, -0.578828811646, 12.7222862244, 3.9541246891, 5.59687280655], [-38.1951255798, 19.0207004547, 53.2387809753, -8.95077800751, -3.97286605835, 18.965883255, -0.125558868051, 19.708562851, 53.3917427063, 18.8279190063, -2.76226043701, 5.89147472382, -1.55128717422], [-138.756866455, -15.2201423645, 30.4750137329, 0.675727427006, 5.50522232056, 3.1102874279, 8.84989929199, -0.578828811646, 18.8279190063, 50.6088180542, 16.3898239136, 0.811923205853, 4.73404216766], [-9.57895946503, -22.3760242462, -22.916015625, 32.3588905334, 15.9251089096, -8.09447860718, -0.248267248273, 12.7222862244, -2.76226043701, 16.3898239136, 50.7134895325, 18.7027626038, -3.36110258102], [-144.464279175, -1.55066943169, 36.6401672363, -9.53708934784, 10.9127292633, 12.5427932739, -5.28050422668, 3.9541246891, 5.89147472382, 0.811923205853, 18.7027626038, 50.3810653687, 17.5448951721], [14.6642551422, -12.4100894928, -39.906791687, 8.49082374573, 15.4337816238, -3.7213010788, 8.26239776611, 5.59687280655, -1.55128717422, 4.73404216766, -3.36110258102, 17.5448951721, 52.9375]],
        "icov": [[0.0010668465402, -0.00330383307301, 0.0020994306542, -0.00153948541265, 0.00182301970199, 9.82105411822e-05, -0.00097615015693, 0.00148319732398, -0.00176599354018, 0.00184955680743, -0.00151979236398, 0.00143680826295, -0.000559360487387], [-0.00330383307301, 0.0131639167666, -0.00666123162955, 0.0074369632639, -0.0065503725782, 0.00110978202429, 0.000608076166827, -0.000518285261933, 0.00102259975392, -0.00148055015597, 0.00126861955505, -0.0024055566173, 0.000774636049755], [0.0020994306542, -0.00666123162955, 0.00633936701342, -0.00379832438193, 0.00483354134485, -0.00191090046428, -0.00233417958952, 0.00444794213399, -0.00425613112748, 0.00173796142917, -0.00074911135016, -0.000421815144364, 0.00140760198701], [-0.00153948541265, 0.0074369632639, -0.00379832438193, 0.0109598506242, -0.00418007932603, 0.00316104386002, -0.00425422331318, 0.00216187629849, -0.00327712274157, 0.0053150174208, -0.00828817114234, 0.00464773178101, -0.00321297720075], [0.00182301970199, -0.0065503725782, 0.00483354134485, -0.00418007932603, 0.0115135563537, -0.00261484994553, 0.00390908960253, -0.00606211321428, 0.00351565238088, -0.00338928773999, 0.00143470684998, -0.000983418431133, -0.000413004716393], [9.82105411822e-05, 0.00110978202429, -0.00191090046428, 0.00316104386002, -0.00261484994553, 0.0176601968706, -0.0106736188754, 0.00960045680404, -0.0110743260011, 0.00844231620431, -0.00433798087761, -0.000548069656361, -0.00023315603903], [-0.00097615015693, 0.000608076166827, -0.00233417958952, -0.00425422331318, 0.00390908960253, -0.0106736188754, 0.0312404818833, -0.0234004538506, 0.0204480141401, -0.0178287830204, 0.0119329737499, -0.000906684552319, -0.00170450226869], [0.00148319732398, -0.000518285261933, 0.00444794213399, 0.00216187629849, -0.00606211321428, 0.00960045680404, -0.0234004538506, 0.0438917316496, -0.0333122126758, 0.0245695021003, -0.019080447033, 0.00585441105068, -0.00239709578454], [-0.00176599354018, 0.00102259975392, -0.00425613112748, -0.00327712274157, 0.00351565238088, -0.0110743260011, 0.0204480141401, -0.0333122126758, 0.05202171579, -0.0333912856877, 0.0247318800539, -0.012949324213, 0.00694565568119], [0.00184955680743, -0.00148055015597, 0.00173796142917, 0.0053150174208, -0.00338928773999, 0.00844231620431, -0.0178287830204, 0.0245695021003, -0.0333912856877, 0.0504840165377, -0.0329485349357, 0.0195844843984, -0.0127110378817], [-0.00151979236398, 0.00126861955505, -0.00074911135016, -0.00828817114234, 0.00143470684998, -0.00433798087761, 0.0119329737499, -0.019080447033, 0.0247318800539, -0.0329485349357, 0.05291454494, -0.0300671830773, 0.0179105903953], [0.00143680826295, -0.0024055566173, -0.000421815144364, 0.00464773178101, -0.000983418431133, -0.000548069656361, -0.000906684552319, 0.00585441105068, -0.012949324213, 0.0195844843984, -0.0300671830773, 0.0445730760694, -0.0210672337562], [-0.000559360487387, 0.000774636049755, 0.00140760198701, -0.00321297720075, -0.000413004716393, -0.00023315603903, -0.00170450226869, -0.00239709578454, 0.00694565568119, -0.0127110378817, 0.0179105903953, -0.0210672337562, 0.0308863613755]]
    },
    "melbands": {
        "dmean": [0.000590052281041, 0.00116945453919, 0.000739072042052, 0.000610291026533, 0.000613580050413, 0.000448803883046, 0.000294504774502, 0.000402386300266, 0.000281383225229, 0.00033124955371, 0.000252955360338, 0.000114789356303, 7.13473855285e-05, 2.36625091929e-05, 2.09942700167e-05, 1.28314304675e-05, 8.63999957801e-06, 3.61669663107e-06, 1.07922244297e-06, 9.31224462875e-07, 3.96724232132e-07, 3.16726584515e-07, 1.294534826e-07, 5.34067439162e-08, 2.58182275559e-08, 1.13844818017e-08, 6.64323485111e-09, 4.05094224831e-09, 3.39462369325e-09, 1.46263323675e-09, 1.1149963175e-09, 8.77742212246e-10, 6.24522156212e-10, 5.87687898346e-10, 2.74130579347e-10, 1.42987302554e-10, 1.31185812213e-10, 7.43477571175e-11, 6.12683584422e-11, 3.31517174823e-11],
        "dmean2": [0.000984506914392, 0.00187901000027, 0.00114310858771, 0.000918064732105, 0.000894310127478, 0.000603078398854, 0.000385455874493, 0.000583941116929, 0.000375246949261, 0.00045450750622, 0.000373695569579, 0.000173995504156, 0.000115244023618, 3.85743478546e-05, 3.45341068169e-05, 2.15807940549e-05, 1.46952716022e-05, 6.18743069936e-06, 1.88904755305e-06, 1.6514196659e-06, 7.10129938852e-07, 5.74987609525e-07, 2.36708515899e-07, 9.76641700845e-08, 4.65613219092e-08, 2.02611936118e-08, 1.15261311606e-08, 6.84088563574e-09, 5.63684521282e-09, 2.48705300798e-09, 1.90209492601e-09, 1.50455836678e-09, 1.07434650065e-09, 1.00958996718e-09, 4.72939298835e-10, 2.45462955517e-10, 2.24848750729e-10, 1.27589244725e-10, 1.05925143656e-10, 5.78035709575e-11],
        "dvar": [8.92304171884e-07, 2.36942537413e-06, 1.32834315991e-06, 4.6946445309e-07, 4.10206610013e-07, 2.84153770735e-07, 1.06610720252e-07, 2.19737970042e-07, 9.28028427438e-08, 1.8841758731e-07, 1.47344920265e-07, 4.43223946434e-08, 1.1722804949e-08, 1.30244592889e-09, 9.22470377862e-10, 4.65730898291e-10, 3.60080132378e-10, 4.0589542144e-11, 3.77569329968e-12, 2.91269374071e-12, 1.08675048127e-12, 7.83138744825e-13, 1.65090976913e-13, 1.40032054352e-14, 3.26141057791e-15, 7.18770295002e-16, 2.88140544563e-16, 1.6556530827e-16, 1.2303497666e-16, 1.35808398941e-17, 3.60586764653e-18, 1.84539362449e-18, 6.40317203455e-19, 8.60823443933e-19, 1.22910340704e-19, 2.82200679285e-20, 2.67786459344e-20, 7.88260310704e-21, 6.28145689874e-21, 1.13961072849e-21],
        "dvar2": [3.00137162412e-06, 7.4762215263e-06, 4.01229408453e-06, 1.21676316667e-06, 8.90441413048e-07, 7.4755962487e-07, 2.22776677106e-07, 4.88089995088e-07, 1.6503685174e-07, 3.32867358566e-07, 2.91830389187e-07, 9.48805691792e-08, 2.98322255787e-08, 3.27352123186e-09, 2.34895969342e-09, 1.21663801256e-09, 9.70089564234e-10, 1.11259022828e-10, 1.11712097906e-11, 8.7505419577e-12, 3.35124939951e-12, 2.51065986577e-12, 5.40116128905e-13, 4.56854335178e-14, 1.04063376229e-14, 2.27288437671e-15, 8.33388675842e-16, 4.53386666996e-16, 3.28671335787e-16, 3.86117255853e-17, 1.01424386849e-17, 5.36282904609e-18, 1.84306056157e-18, 2.4600918036e-18, 3.58070563947e-19, 8.0085319849e-20, 7.60732095347e-20, 2.26051223096e-20, 1.86097139352e-20, 3.40327913009e-21],
        "max": [0.0103500410914, 0.0223805420101, 0.0132882073522, 0.012204553932, 0.0119943302125, 0.0107656251639, 0.00748961092904, 0.0100393220782, 0.00626669544727, 0.00685335882008, 0.00872880406678, 0.0046895314008, 0.00224676192738, 0.000560207932722, 0.00044984932174, 0.000410134904087, 0.000335442804499, 9.74861322902e-05, 2.60587312368e-05, 2.49246513704e-05, 2.08753190236e-05, 1.92473889911e-05, 1.03792599475e-05, 2.11278688766e-06, 1.04130538148e-06, 5.0156126008e-07, 3.24104945548e-07, 3.46512280203e-07, 2.35154672623e-07, 1.37689838198e-07, 5.53442625062e-08, 3.82295120005e-08, 1.45024152687e-08, 1.76804810792e-08, 5.95411586701e-09, 2.88751866862e-09, 2.57608845367e-09, 1.49608814226e-09, 1.38017608453e-09, 5.66088953491e-10],
        "mean": [0.00115577783436, 0.0025931505952, 0.00205419352278, 0.00167364685331, 0.00157152710017, 0.00120189168956, 0.000729330058675, 0.000809696037322, 0.000627841509413, 0.000660169986077, 0.000437176378909, 0.000206524782698, 0.000103258302261, 3.50314039679e-05, 2.97429724014e-05, 1.74748493009e-05, 1.24403877635e-05, 5.0430853662e-06, 1.5667515072e-06, 1.30733428705e-06, 5.70818031065e-07, 4.58512914747e-07, 1.87170044796e-07, 8.67284484229e-08, 4.73771279985e-08, 2.48184104379e-08, 1.47471004297e-08, 9.41770395002e-09, 7.46076711522e-09, 3.75464948021e-09, 3.17519033288e-09, 2.61177124372e-09, 1.90502302821e-09, 1.59312452119e-09, 8.59078308491e-10, 4.95932850342e-10, 4.21151252761e-10, 2.68162408945e-10, 2.05483338678e-10, 1.1703542302e-10],
        "median": [0.000769592355937, 0.00206025433727, 0.00158093008213, 0.00128540094011, 0.00127237918787, 0.000941623817198, 0.000563729729038, 0.000579803367145, 0.000466550409328, 0.000371346424799, 0.000236125080846, 0.000100695557194, 5.24781862623e-05, 1.75747172761e-05, 1.72289965121e-05, 7.94189600128e-06, 4.36791697211e-06, 2.1388609639e-06, 7.59323256716e-07, 6.1105072291e-07, 1.56654351713e-07, 9.16458660072e-08, 5.24069996288e-08, 2.0733320838e-08, 1.10792042207e-08, 5.3539253031e-09, 2.60901811266e-09, 1.30835320356e-09, 1.02442432315e-09, 1.53845058914e-09, 1.93915661306e-09, 1.80895998181e-09, 1.46084000452e-09, 1.05573405573e-09, 6.53136988937e-10, 3.95449228918e-10, 3.18403692301e-10, 2.0139688528e-10, 1.50317078229e-10, 9.69233096559e-11],
        "min": [1.15356983994e-24, 1.52344127763e-24, 1.21088827609e-24, 2.54239594839e-24, 1.23622234685e-24, 1.97296932574e-24, 2.15818597767e-24, 2.64575112369e-24, 1.55230195106e-24, 3.28029821408e-24, 2.78161229866e-24, 2.02819944986e-24, 2.54323233817e-24, 2.46347258419e-24, 2.92370074162e-24, 2.75462497266e-24, 2.41303833994e-24, 3.02966073562e-24, 4.26468973314e-24, 3.2160630455e-24, 2.94357155618e-24, 4.81880022689e-24, 4.97898790003e-24, 3.90495101656e-24, 2.73647387488e-24, 4.54191596562e-24, 5.27565324293e-24, 5.11930732241e-24, 3.45591797867e-24, 4.31582488031e-24, 5.47397681881e-24, 4.59882833562e-24, 5.95751660484e-24, 5.41991144781e-24, 6.82173542019e-24, 6.3560664891e-24, 6.44240021543e-24, 6.79574639767e-24, 7.18517389442e-24, 7.00883271652e-24],
        "var": [1.52645168328e-06, 4.44723264081e-06, 3.02457328871e-06, 1.98729389922e-06, 1.47092055158e-06, 1.01377077044e-06, 3.85363421174e-07, 5.8073777609e-07, 3.13760949666e-07, 6.07463505276e-07, 3.47632465036e-07, 1.0886066093e-07, 1.8967678983e-08, 2.19632112497e-09, 1.31524380276e-09, 6.68442912133e-10, 5.72650094011e-10, 5.88358042841e-11, 5.35484937642e-12, 3.89110271781e-12, 1.47564653639e-12, 1.13383532164e-12, 2.09786818451e-13, 2.27046537766e-14, 7.13995496163e-15, 2.24680063237e-15, 9.22039197041e-16, 5.68384465656e-16, 3.51750363091e-16, 5.24791107698e-17, 1.64571040482e-17, 7.17861580851e-18, 2.55527589028e-18, 2.60786182977e-18, 4.77420835618e-19, 1.41515894503e-19, 1.135976441e-19, 4.46852918918e-20, 2.83307194913e-20, 5.26917079422e-21]
    },
    "mfcc": {
        "mean": [-791.305297852, 292.963592529, 30.9679470062, -23.0068817139, -4.18923854828, 1.3993229866, -5.1699090004, 1.05883574486, 2.5007917881, -1.79503571987, 1.89541196823, -3.2211227417, -5.32864141464],
        "cov": [[2550.51049805, 941.303710938, -1012.37310791, 78.5085601807, 60.6729278564, -148.343765259, 3.72625613213, 17.1571083069, 4.87013244629, 10.2101259232, 10.7248220444, -75.1236190796, -22.0086994171], [941.303710938, 928.93548584, 124.969978333, -170.312301636, 12.547205925, 15.7912778854, -41.5681228638, -4.22440958023, 8.87336921692, -3.17498278618, 7.84672546387, -5.70429134369, -27.7238674164], [-1012.37310791, 124.969978333, 983.051940918, -84.4693222046, -95.7159576416, 130.164047241, -16.4076309204, -22.5410270691, 2.6481127739, -10.6578903198, 3.14472436905, 48.1628990173, 5.12043380737], [78.5085601807, -170.312301636, -84.4693222046, 212.589630127, 1.90564990044, -34.0054359436, 40.0861091614, 2.77698016167, -8.12608909607, 5.99425935745, 1.98957443237, -0.602666854858, 20.3099994659], [60.6729278564, 12.547205925, -95.7159576416, 1.90564990044, 105.457931519, 7.71676921844, -15.9432210922, 16.8138828278, -3.46226906776, -2.6300239563, 7.28882980347, 3.78023433685, -0.888138949871], [-148.343765259, 15.7912778854, 130.164047241, -34.0054359436, 7.71676921844, 76.2623138428, 12.2756195068, -10.4278802872, 8.74934959412, -2.37760996819, -4.68336582184, 7.90787410736, 1.80086767673], [3.72625613213, -41.5681228638, -16.4076309204, 40.0861091614, -15.9432210922, 12.2756195068, 68.441947937, 13.843832016, -4.91841554642, 10.7899971008, -6.11507749557, 1.32040393353, 8.2745885849], [17.1571083069, -4.22440958023, -22.5410270691, 2.77698016167, 16.8138828278, -10.4278802872, 13.843832016, 66.1406936646, 15.0591583252, -8.52165603638, 14.5591611862, -2.40709900856, -1.83866131306], [4.87013244629, 8.87336921692, 2.6481127739, -8.12608909607, -3.46226906776, 8.74934959412, -4.91841554642, 15.0591583252, 64.1965713501, 22.2894382477, -17.9238510132, 3.25752401352, 5.37182760239], [10.2101259232, -3.17498278618, -10.6578903198, 5.99425935745, -2.6300239563, -2.37760996819, 10.7899971008, -8.52165603638, 22.2894382477, 62.312461853, 9.61801815033, -12.7927417755, 5.35190343857], [10.7248220444, 7.84672546387, 3.14472436905, 1.98957443237, 7.28882980347, -4.68336582184, -6.11507749557, 14.5591611862, -17.9238510132, 9.61801815033, 69.1961288452, 13.526843071, -22.1837387085], [-75.1236190796, -5.70429134369, 48.1628990173, -0.602666854858, 3.78023433685, 7.90787410736, 1.32040393353, -2.40709900856, 3.25752401352, -12.7927417755, 13.526843071, 59.4787406921, 17.9097824097], [-22.0086994171, -27.7238674164, 5.12043380737, 20.3099994659, -0.888138949871, 1.80086767673, 8.2745885849, -1.83866131306, 5.37182760239, 5.35190343857, -22.1837387085, 17.9097824097, 57.8541564941]],
