{
"lowlevel": {
    "average_loudness": 0.943468093872,
    "barkbands_crest": {
        "dmean": 2.50378775597,
        "dmean2": 4.21472454071,
        "dvar": 4.49838876724,
        "dvar2": 14.0262842178,
        "max": 24.2174034119,
        "mean": 10.9239397049,
        "median": 10.3289470673,
        "min": 3.42585611343,
        "var": 11.3233299255
    },
    "barkbands_flatness_db": {
        "dmean": 0.0359765999019,
        "dmean2": 0.0639157295227,
        "dvar": 0.000792289793026,
        "dvar2": 0.00253361137584,
        "max": 0.796271920204,
        "mean": 0.477214366198,
        "median": 0.475826144218,
        "min": 0.0483244843781,
        "var": 0.00375043670647
    },
    "barkbands_kurtosis": {
        "dmean": 1.44825232029,
        "dmean2": 2.40919804573,
        "dvar": 10.4679279327,
        "dvar2": 26.5604076385,
        "max": 125.122177124,
        "mean": 1.4250638485,
        "median": 0.674606084824,
        "min": -1.8227045536,
        "var": 16.9208202362
    },
    "barkbands_skewness": {
        "dmean": 0.396698474884,
        "dmean2": 0.644350767136,
        "dvar": 0.141313806176,
        "dvar2": 0.37518003583,
        "max": 9.11318397522,
        "mean": 0.497018992901,
        "median": 0.459223031998,
        "min": -2.13323974609,
        "var": 0.427206397057
    },
    "barkbands_spread": {
        "dmean": 0.901572883129,
        "dmean2": 1.50901544094,
        "dvar": 0.719970941544,
        "dvar2": 1.95982050896,
        "max": 40.3245201111,
        "mean": 4.03221893311,
        "median": 3.78817081451,
        "min": 0.358565807343,
        "var": 4.04576253891
    },
    "dissonance": {
        "dmean": 0.0596782527864,
        "dmean2": 0.100032068789,
        "dvar": 0.00259780231863,
        "dvar2": 0.00675971712917,
        "max": 0.499608725309,
        "mean": 0.318664461374,
        "median": 0.321598351002,
        "min": 0.0544323921204,
        "var": 0.00750049529597
    },
    "dynamic_complexity": 2.02680253983,
    "erbbands_crest": {
        "dmean": 2.56825423241,
        "dmean2": 4.00319576263,
        "dvar": 4.47955274582,
        "dvar2": 11.0463647842,
        "max": 28.9658527374,
        "mean": 11.9977264404,
        "median": 11.4034786224,
        "min": 1.81038236618,
        "var": 12.5943803787
    },
    "erbbands_flatness_db": {
        "dmean": 0.021831613034,
        "dmean2": 0.0368851236999,
        "dvar": 0.000295082252705,
        "dvar2": 0.000858541228808,
        "max": 0.606282174587,
        "mean": 0.447460472584,
        "median": 0.449937641621,
        "min": 0.02459798567,
        "var": 0.00205561798066
    },
    "erbbands_kurtosis": {
        "dmean": 1.23407697678,
        "dmean2": 1.94502532482,
        "dvar": 4.29741859436,
        "dvar2": 11.061709404,
        "max": 115.968894958,
        "mean": 1.45674824715,
        "median": 0.871420741081,
        "min": -1.60025179386,
        "var": 12.8068304062
    },
    "erbbands_skewness": {
        "dmean": 0.389178991318,
        "dmean2": 0.605409145355,
        "dvar": 0.107796922326,
        "dvar2": 0.283825397491,
        "max": 8.14073085785,
        "mean": 0.448279440403,
        "median": 0.427268147469,
        "min": -3.0906586647,
        "var": 0.459512233734
    },
    "erbbands_spread": {
        "dmean": 1.75704908371,
        "dmean2": 2.71842932701,
        "dvar": 4.27042627335,
        "dvar2": 10.0886821747,
        "max": 102.465606689,
        "mean": 7.53795957565,
        "median": 6.98406410217,
        "min": 0.840850412846,
        "var": 18.2065410614
    },
    "hfc": {
        "dmean": 2.52724027634,
        "dmean2": 3.7561507225,
        "dvar": 5.3780579567,
        "dvar2": 13.068854332,
        "max": 45.8055725098,
        "mean": 11.5361719131,
        "median": 10.9248199463,
        "min": 1.13467885105e-16,
        "var": 30.2614917755
    },
    "melbands_crest": {
        "dmean": 2.67798185349,
        "dmean2": 4.56337070465,
        "dvar": 5.18259716034,
        "dvar2": 16.0712280273,
        "max": 32.5928382874,
        "mean": 12.2754659653,
        "median": 11.6947813034,
        "min": 1.5406165123,
        "var": 12.2902708054
    },
    "melbands_flatness_db": {
        "dmean": 0.040525380522,
        "dmean2": 0.0723265483975,
        "dvar": 0.0010343415197,
        "dvar2": 0.00333063676953,
        "max": 0.988613426685,
        "mean": 0.629297673702,
        "median": 0.629211187363,
        "min": 0.0013511038851,
        "var": 0.00545491138473
    },
    "melbands_kurtosis": {
        "dmean": 1.90403699875,
        "dmean2": 3.07467484474,
        "dvar": 45.7597351074,
        "dvar2": 106.272087097,
        "max": 275.307891846,
        "mean": 2.24300169945,
        "median": 1.17280483246,
        "min": -1.70364820957,
        "var": 59.3572769165
    },
    "melbands_skewness": {
        "dmean": 0.409827202559,
        "dmean2": 0.655477643013,
        "dvar": 0.169195011258,
        "dvar2": 0.436086058617,
        "max": 11.6570777893,
        "mean": 0.892005264759,
        "median": 0.838999271393,
        "min": -1.2013450861,
        "var": 0.487115442753
    },
    "melbands_spread": {
        "dmean": 1.20930612087,
        "dmean2": 1.98024225235,
        "dvar": 3.49359083176,
        "dvar2": 7.95986509323,
        "max": 153.963638306,
        "mean": 5.78365182877,
        "median": 5.31661081314,
        "min": 0.38626909256,
        "var": 37.4590377808
    },
    "pitch_salience": {
        "dmean": 0.0598489418626,
        "dmean2": 0.0986865609884,
        "dvar": 0.0024029079359,
        "dvar2": 0.00690915761515,
        "max": 0.987485408783,
        "mean": 0.59701114893,
        "median": 0.599902451038,
        "min": 0.201933965087,
        "var": 0.0076568252407
    },
    "silence_rate_20dB": {
        "dmean": 0,
        "dmean2": 0,
        "dvar": 0,
        "dvar2": 0,
        "max": 1,
        "mean": 1,
        "median": 1,
        "min": 1,
        "var": 0
    },
    "silence_rate_30dB": {
        "dmean": 0.000630666152574,
        "dmean2": 0.00126143172383,
        "dvar": 0.000630318769254,
        "dvar2": 0.00173311482649,
        "max": 1,
        "mean": 0.999448239803,
        "median": 1,
        "min": 0,
        "var": 0.00055159785552
    },
    "silence_rate_60dB": {
        "dmean": 0.000945999228861,
        "dmean2": 0.00189214758575,
        "dvar": 0.00094516237732,
        "dvar2": 0.00236183637753,
        "max": 1,
        "mean": 0.024751694873,
        "median": 0,
        "min": 0,
        "var": 0.0241368450224
    },
    "spectral_centroid": {
        "dmean": 33.5728416443,
        "dmean2": 53.7612380981,
        "dvar": 10917.7011719,
        "dvar2": 23182.3847656,
        "max": 11860.9912109,
        "mean": 379.486724854,
        "median": 355.46472168,
        "min": 127.741256714,
        "var": 217521.0625
    },
    "spectral_complexity": {
        "dmean": 1.18975162506,
        "dmean2": 2.04903817177,
        "dvar": 1.0749707222,
        "dvar2": 2.81702947617,
        "max": 17,
        "mean": 9.25350761414,
        "median": 9,
        "min": 0,
        "var": 5.14824485779
    },
    "spectral_decrease": {
        "dmean": 2.28275531811e-09,
        "dmean2": 3.80205689154e-09,
        "dvar": 4.18044839311e-18,
        "dvar2": 1.26745311841e-17,
        "max": 1.17943576645e-28,
        "mean": -9.7390042697e-09,
        "median": -9.33773769418e-09,
        "min": -3.36736789563e-08,
        "var": 1.81573440188e-17
    },
    "spectral_energy": {
        "dmean": 0.00881513208151,
        "dmean2": 0.014646104537,
        "dvar": 6.22540901531e-05,
        "dvar2": 0.000187703029951,
        "max": 0.130230531096,
        "mean": 0.0378037914634,
        "median": 0.0362344905734,
        "min": 1.02520934756e-20,
        "var": 0.00027314334875
    },
    "spectral_energyband_high": {
        "dmean": 5.8153085547e-07,
        "dmean2": 1.09362554213e-06,
        "dvar": 3.12983770845e-11,
        "dvar2": 9.17892845065e-11,
        "max": 0.000141174576129,
        "mean": 3.90794355098e-07,
        "median": 1.09115818603e-08,
        "min": 7.27534510088e-21,
        "var": 1.73373555096e-11
    },
    "spectral_energyband_low": {
        "dmean": 0.00446578999981,
        "dmean2": 0.00839493889362,
        "dvar": 2.24942377827e-05,
        "dvar2": 8.16766842036e-05,
        "max": 0.0587738640606,
        "mean": 0.00883089564741,
        "median": 0.00722204614431,
        "min": 2.03089731471e-23,
        "var": 4.47224483651e-05
    },
    "spectral_energyband_middle_high": {
        "dmean": 0.000464031007141,
        "dmean2": 0.000735663692467,
        "dvar": 4.95694905567e-07,
        "dvar2": 1.13253975087e-06,
        "max": 0.0124391652644,
        "mean": 0.000942221959122,
        "median": 0.000668677384965,
        "min": 1.27924299622e-21,
        "var": 1.07237747216e-06
    },
    "spectral_energyband_middle_low": {
        "dmean": 0.00717422692105,
        "dmean2": 0.0110488533974,
        "dvar": 5.07559307152e-05,
        "dvar2": 0.000143825818668,
        "max": 0.120478838682,
        "mean": 0.0296206325293,
        "median": 0.0273895729333,
        "min": 2.36271388935e-22,
        "var": 0.00024244042288
    },
    "spectral_entropy": {
        "dmean": 0.108262002468,
        "dmean2": 0.176825240254,
        "dvar": 0.00819543469697,
        "dvar2": 0.0227794982493,
        "max": 9.8162612915,
        "mean": 5.10082197189,
        "median": 5.10274076462,
        "min": 3.39995408058,
        "var": 0.140724107623
    },
    "spectral_flux": {
        "dmean": 0.0159132890403,
        "dmean2": 0.0255232173949,
        "dvar": 0.000188807942322,
        "dvar2": 0.000498365669046,
        "max": 0.215831235051,
        "mean": 0.0756245180964,
        "median": 0.0736921131611,
        "min": 6.58580967539e-11,
        "var": 0.000668240129016
    },
    "spectral_kurtosis": {
        "dmean": 128.472244263,
        "dmean2": 226.766204834,
        "dvar": 19501.7792969,
        "dvar2": 59662.8242188,
        "max": 1918.28552246,
        "mean": 360.418365479,
        "median": 330.634521484,
        "min": -1.24564063549,
        "var": 33245.484375
    },
    "spectral_rms": {
        "dmean": 0.000704912876245,
        "dmean2": 0.00117367785424,
        "dvar": 3.39494818036e-07,
        "dvar2": 1.04129321699e-06,
        "max": 0.0112718315795,
        "mean": 0.00588599313051,
        "median": 0.00594564713538,
        "min": 3.16260060675e-12,
        "var": 2.23655229092e-06
    },
    "spectral_rolloff": {
        "dmean": 61.8904075623,
        "dmean2": 110.362358093,
        "dvar": 57810.3867188,
        "dvar2": 131367.765625,
        "max": 19379.8828125,
        "mean": 507.805206299,
        "median": 473.73046875,
        "min": 21.533203125,
        "var": 704180.5625
    },
    "spectral_skewness": {
        "dmean": 2.72601795197,
        "dmean2": 4.77119159698,
        "dvar": 6.92076349258,
        "dvar2": 20.3714828491,
        "max": 35.2727928162,
        "mean": 14.5840578079,
        "median": 14.8929386139,
        "min": -0.104644022882,
        "var": 17.7651519775
    },
    "spectral_spread": {
        "dmean": 290174.71875,
        "dmean2": 518486.65625,
        "dvar": 212713275392,
        "dvar2": 486566658048,
        "max": 41907604,
        "mean": 605014.125,
        "median": 463781.1875,
        "min": 44481.7460938,
        "var": 3.11663604531e+12
    },
    "spectral_strongpeak": {
        "dmean": 0.488304376602,
        "dmean2": 0.819024980068,
        "dvar": 0.263150423765,
        "dvar2": 0.627503752708,
        "max": 5.60131692886,
        "mean": 1.00673162937,
        "median": 0.822797894478,
        "min": 0,
        "var": 0.581527352333
    },
    "zerocrossingrate": {
        "dmean": 0.00164033239707,
        "dmean2": 0.00220696651377,
        "dvar": 1.76432004082e-05,
        "dvar2": 2.67250688921e-05,
        "max": 0.525390625,
        "mean": 0.0172656271607,
        "median": 0.01611328125,
        "min": 0.00439453125,
        "var": 0.000548027397599
    },
    "barkbands": {
        "dmean": [5.02570874232e-05, 0.00286032864824, 0.00174805056304, 0.00125871656928, 0.00509090628475, 0.00171166204382, 0.00197569304146, 0.00170426385012, 0.000757448957302, 0.000334488780936, 0.00017305262736, 9.84218786471e-05, 3.16563891829e-05, 2.06677450478e-05, 6.52369590171e-06, 3.12400379698e-06, 9.92911623143e-07, 4.26276471899e-07, 1.98372035243e-07, 2.09380417004e-07, 2.63964835767e-07, 2.48100517908e-09, 1.3133005794e-08, 8.48205914394e-08, 3.94362480449e-08, 1.8232453769e-08, 1.92049509629e-09],
        "dmean2": [8.98072321434e-05, 0.00544663704932, 0.00310343084857, 0.00212893704884, 0.00821263436228, 0.00207138899714, 0.0024190871045, 0.00240863952786, 0.00106876681093, 0.000527584808879, 0.000276182254311, 0.000166686761077, 5.47527888557e-05, 3.62071987183e-05, 1.13511368909e-05, 5.52268102183e-06, 1.74005356257e-06, 7.69031089476e-07, 3.63109620594e-07, 3.91803013144e-07, 5.09453968789e-07, 4.6221471095e-09, 2.53501521996e-08, 1.59030264513e-07, 7.07468856831e-08, 3.40085364314e-08, 3.57438767473e-09],
        "dvar": [8.08798450436e-09, 1.51918657139e-05, 6.00843031862e-06, 2.24286509365e-06, 4.00998542318e-05, 4.53903658126e-06, 5.58956116947e-06, 6.74364628139e-06, 1.36194614697e-06, 4.59536835251e-07, 8.93941489721e-08, 2.14333084614e-08, 4.64935956401e-09, 2.27681540288e-09, 3.92565202567e-10, 1.95368193845e-10, 1.24298678988e-11, 5.70026274446e-12, 1.42253908306e-11, 1.13750406663e-11, 1.95795862162e-11, 8.13565484368e-17, 2.73917749648e-14, 7.19119317046e-13, 8.30976522944e-14, 4.23744596541e-14, 4.95500377509e-17],
        "dvar2": [2.91554513865e-08, 5.73310535401e-05, 2.11246278923e-05, 7.04577314536e-06, 0.000125150807435, 8.06793741503e-06, 8.68122242537e-06, 1.33406947498e-05, 2.62151411334e-06, 1.03233492155e-06, 2.17885627762e-07, 5.71766278767e-08, 1.35851481176e-08, 6.83880641006e-09, 1.17944121136e-09, 6.04472805144e-10, 3.61856655751e-11, 1.6744668152e-11, 3.75405748154e-11, 3.28020943741e-11, 5.77167619253e-11, 2.81443875612e-16, 8.56825393514e-14, 2.44118787684e-12, 2.56153605271e-13, 1.24625339887e-13, 1.46828648309e-16],
        "max": [0.00146174628753, 0.0474634543061, 0.0332114994526, 0.0417060367763, 0.10210454464, 0.0543540902436, 0.0581426024437, 0.0622975938022, 0.0229814779013, 0.0121735790744, 0.0081747956574, 0.00179926783312, 0.00143245898653, 0.000858762999997, 0.00047976578935, 0.000387910054997, 0.000115220216685, 5.14061139256e-05, 0.000190382750588, 0.000119073702081, 0.000140598785947, 4.11803341649e-07, 8.97056543181e-06, 3.18652600981e-05, 7.57588031775e-06, 7.81797280069e-06, 3.19285334172e-07],
        "mean": [0.000100094192021, 0.00418887007982, 0.00300489435904, 0.00264261034317, 0.0124930534512, 0.00490953680128, 0.00466372165829, 0.0033143342007, 0.0014943581773, 0.000501687463839, 0.000260882079601, 0.000142270379001, 4.38212628069e-05, 2.78291954601e-05, 8.64922276378e-06, 4.72140936836e-06, 1.33552748594e-06, 5.2094384273e-07, 1.50111162611e-07, 1.30909370455e-07, 1.52837614564e-07, 2.04767736101e-09, 8.53483772545e-09, 6.45209112804e-08, 3.34174572458e-08, 1.19402443488e-08, 1.48616929874e-09],
        "median": [5.57047897018e-05, 0.00267405202612, 0.0019987905398, 0.00175578112248, 0.00937482342124, 0.00330034270883, 0.00311290705577, 0.00158833223395, 0.000610709190369, 0.000205308024306, 0.000127214123495, 7.51267070882e-05, 1.55245706992e-05, 6.88843010721e-06, 1.03886463876e-06, 2.61689365288e-07, 6.56157510548e-08, 8.55688409018e-09, 4.50537962493e-09, 2.44671150007e-09, 1.40594225151e-09, 8.65777560755e-10, 8.28640156492e-10, 9.74877290005e-10, 8.20356671483e-10, 6.8298799949e-10, 5.87364934468e-10],
        "min": [1.00743966813e-24, 4.13848658223e-24, 3.50471326578e-25, 1.27204728157e-24, 1.20904380097e-23, 1.43222320068e-23, 7.77796184392e-24, 1.67845934804e-23, 2.68799399408e-23, 2.20379621916e-23, 1.54788093789e-23, 5.3429807857e-23, 3.91753721341e-23, 4.38496727647e-23, 6.50684029062e-23, 7.51321854641e-23, 8.25100670336e-23, 1.05743648901e-22, 1.29595028765e-22, 1.77308264564e-22, 2.40641047261e-22, 3.06149268521e-22, 4.7251546435e-22, 5.32703355229e-22, 8.90517585679e-22, 1.26726422542e-21, 2.24444150106e-21],
        "var": [1.52762957839e-08, 2.29068991757e-05, 1.0342787391e-05, 8.44938313094e-06, 0.000122164419736, 2.60591677943e-05, 2.51586025115e-05, 2.0796967874e-05, 4.83855910716e-06, 7.86091732152e-07, 1.68283165181e-07, 3.47911672804e-08, 7.28700921826e-09, 3.01425306937e-09, 5.23062815283e-10, 3.91390558852e-10, 1.59414287326e-11, 7.03308808761e-12, 9.81346774676e-12, 6.37025631897e-12, 1.03311526001e-11, 5.01221257888e-17, 1.47012241112e-14, 5.23731611465e-13, 7.32224881856e-14, 2.35707009195e-14, 2.77314318679e-17]
    },
    "erbbands": {
        "dmean": [0.0632702708244, 0.720454394817, 1.65158307552, 3.64625906944, 7.69983386993, 20.5138664246, 21.1592006683, 14.6532793045, 28.5900764465, 32.5121650696, 25.6118774414, 13.5264463425, 10.7224884033, 7.72186326981, 4.89879703522, 3.11252188683, 1.81949973106, 0.896991968155, 0.617168843746, 0.267385184765, 0.143914982677, 0.0703798532486, 0.0267257336527, 0.0119063695893, 0.00794869847596, 0.0116376662627, 0.0149511089548, 0.00477917771786, 0.00023709492234, 0.000146945822053, 0.000497805536725, 0.00136299303267, 0.00146368402056, 0.00064455444226, 0.000175042863702, 6.81543606333e-05, 3.25649016304e-05, 6.72261921864e-06, 4.15369186157e-06, 9.67910455074e-06],
        "dmean2": [0.121398985386, 1.3675532341, 2.95824861526, 6.45282936096, 12.2319355011, 33.2485351562, 29.8863010406, 18.547952652, 36.0604057312, 41.8542098999, 36.5832061768, 19.3816947937, 16.636302948, 12.1094036102, 7.96338129044, 5.26437568665, 3.13704919815, 1.56528508663, 1.08471012115, 0.466550379992, 0.255516260862, 0.123838558793, 0.0480162277818, 0.0219192970544, 0.0143626108766, 0.0219436343759, 0.0287685301155, 0.00904246699065, 0.000443653290858, 0.00027401332045, 0.00096827163361, 0.00263837841339, 0.00269541633315, 0.00117061927449, 0.000311886891723, 0.000123026416986, 6.02123509452e-05, 1.29150221255e-05, 6.88391628501e-06, 1.60362360475e-05],
        "dvar": [0.0102075478062, 0.893975019455, 4.46879482269, 21.6395893097, 115.906112671, 690.981567383, 847.772827148, 516.143615723, 1287.98791504, 1963.93359375, 1073.12316895, 494.869842529, 363.964447021, 172.423446655, 63.9321250916, 20.8789100647, 11.1099452972, 4.31939220428, 2.38210940361, 0.529608488083, 0.514659047127, 0.050693847239, 0.0165594145656, 0.0125427562743, 0.0480514280498, 0.0365918166935, 0.0575674325228, 0.00897319894284, 9.42653787206e-06, 8.62295451043e-07, 4.59262555523e-05, 0.000523137452547, 0.000177947586053, 2.62008506979e-05, 2.00083263735e-06, 5.19425896073e-07, 1.69418811424e-07, 2.08527115575e-08, 3.04723017652e-11, 7.49325393401e-11],
        "dvar2": [0.0392372310162, 3.34729766846, 15.0622177124, 76.6250991821, 375.385253906, 2084.14428711, 2341.60498047, 1062.10351562, 2411.8815918, 3070.30957031, 2232.41870117, 998.564941406, 814.787231445, 396.551635742, 167.057434082, 55.8020095825, 31.658411026, 12.9975805283, 7.19867372513, 1.59974300861, 1.62362337112, 0.149015247822, 0.0490453243256, 0.0360800661147, 0.128615543246, 0.106117531657, 0.17052462697, 0.0255822408944, 2.68477433565e-05, 2.6545531e-06, 0.000151118219947, 0.0018212730065, 0.000577670056373, 8.18442931632e-05, 5.99877057539e-06, 1.54151587139e-06, 4.85490147639e-07, 6.20610975943e-08, 9.02529995184e-11, 2.24493965084e-10],
        "max": [0.975657224655, 12.0343389511, 38.2906913757, 88.8974456787, 206.405441284, 420.69140625, 573.965515137, 658.785522461, 915.155822754, 1219.70446777, 529.270080566, 521.653015137, 338.975280762, 324.611480713, 150.829849243, 68.0760345459, 59.8931808472, 59.9678916931, 29.0066070557, 19.594045639, 25.7356929779, 7.54631090164, 2.71183443069, 3.59299921989, 13.6677713394, 8.25916481018, 8.90509605408, 5.14641094208, 0.171122655272, 0.0369212478399, 0.363185942173, 1.13661158085, 0.452959835529, 0.153006792068, 0.0480864495039, 0.0354869440198, 0.0134210893884, 0.00818132981658, 0.000260523927864, 0.000143201439641],
        "mean": [0.0924804061651, 1.04955840111, 3.11995911598, 7.46792030334, 18.344373703, 46.2760124207, 54.0262069702, 40.5877113342, 67.5975952148, 72.4079437256, 55.3703041077, 27.8778114319, 17.9047966003, 12.4669237137, 8.07301330566, 4.82309341431, 2.64543938637, 1.34285068512, 0.879777491093, 0.400024652481, 0.227299332619, 0.100111089647, 0.0351230800152, 0.0114039573818, 0.00633880496025, 0.00712479883805, 0.00858979765326, 0.00300525710918, 0.000181629162398, 0.000123665726278, 0.000349665526301, 0.00100140436552, 0.00119255331811, 0.000556990853511, 0.000177998022991, 7.07536528353e-05, 3.06898473355e-05, 5.397768291e-06, 1.76655266841e-05, 4.17702940467e-05],
        "median": [0.0534962229431, 0.670999526978, 2.19265508652, 5.3237452507, 12.3784046173, 32.7857818604, 39.4287261963, 25.4655342102, 44.850276947, 43.5071372986, 34.585144043, 12.6810741425, 8.653465271, 6.76293563843, 4.3154501915, 2.88653039932, 1.18255126476, 0.503620862961, 0.253154426813, 0.0714582875371, 0.0207613930106, 0.00588596053421, 0.00120994274039, 0.00041854835581, 0.000204839321668, 0.000126800878206, 8.52091616252e-05, 6.29526621196e-05, 4.87472570967e-05, 4.37562448496e-05, 4.22462908318e-05, 4.0540653572e-05, 3.79575503757e-05, 3.33336392941e-05, 2.77383660432e-05, 2.11236038012e-05, 1.23544177768e-05, 1.99637133846e-06, 1.69048562384e-05, 4.01108700316e-05],
        "min": [2.11171450518e-22, 8.43476181692e-22, 1.29911764622e-21, 3.28098928147e-21, 1.47422342124e-20, 2.79332462822e-20, 6.89478369641e-20, 9.05576784355e-20, 1.39238627502e-19, 2.09540048603e-19, 5.22646677115e-19, 6.44254583171e-19, 7.44166937626e-19, 1.02374312792e-18, 1.17687897133e-18, 1.81501252136e-18, 2.08544164505e-18, 2.17697434971e-18, 2.57270686053e-18, 4.99860529236e-18, 4.94426738433e-18, 4.72841170836e-18, 5.48178340844e-18, 6.0409500579e-18, 8.5497024154e-18, 8.76082703187e-18, 8.92311159624e-18, 1.1072009368e-17, 1.03868581482e-17, 1.28686282877e-17, 1.28305184225e-17, 1.09646347071e-17, 1.12446146649e-17, 8.67775245577e-18, 7.05611035979e-18, 4.52639393685e-18, 2.61361549132e-18, 1.12366147944e-18, 2.65233292066e-19, 2.93503520744e-20],
        "var": [0.0120727913454, 1.41619133949, 9.69404220581, 51.5924301147, 343.135437012, 2001.75024414, 2634.79101562, 2465.41601562, 5338.06298828, 7414.48193359, 3620.25732422, 1643.30236816, 723.797729492, 322.93737793, 122.537612915, 34.1032867432, 17.908449173, 6.89455270767, 3.20470523834, 0.814819633961, 0.955795705318, 0.0701291039586, 0.0224078297615, 0.00803614687175, 0.0322676897049, 0.0201907772571, 0.0299659203738, 0.00516271498054, 5.47993613509e-06, 5.39798350019e-07, 2.60054202954e-05, 0.000354964256985, 0.000145994563354, 2.2452302801e-05, 2.05153719435e-06, 3.45788862433e-07, 9.74210720983e-08, 1.06846780312e-08, 6.899666255e-11, 3.32774058309e-10]
    },
    "gfcc": {
        "mean": [-224.994979858, 290.309356689, -35.0318946838, -74.7120666504, -30.6753959656, -7.69473361969, -29.0603599548, -16.4578342438, -5.65541982651, -11.3214912415, -2.32031536102, -12.7710237503, 0.662342607975],
        "cov": [[7210.57958984, 1115.82141113, -1677.38415527, -868.766723633, 242.686752319, -20.8625450134, -388.899841309, 69.9993057251, 105.724586487, -92.273765564, 73.7532958984, -19.2744121552, 68.7935409546], [1115.82141113, 667.49420166, -6.82108688354, -414.17779541, 76.7407150269, 88.2247467041, 2.89260077477, -63.0453491211, 92.3982467651, 8.58885574341, 23.0731010437, 45.7269210815, 4.65237045288], [-1677.38415527, -6.82108688354, 1254.07202148, 175.339675903, -339.837432861, 186.864212036, 165.92350769, -151.063415527, -40.5233268738, 56.4834289551, 15.5711240768, 18.0721187592, 2.32802772522], [-868.766723633, -414.17779541, 175.339675903, 604.643249512, 1.04875946045, -150.833511353, 110.177680969, 61.2288742065, -81.9287796021, -3.64245009422, -14.8527402878, -40.0190963745, -0.498160749674], [242.686752319, 76.7407150269, -339.837432861, 1.04875946045, 344.801574707, -49.5415534973, -67.6666793823, 104.076820374, 47.5932312012, -16.5295276642, -3.51868772507, 23.1298522949, -7.40680503845], [-20.8625450134, 88.2247467041, 186.864212036, -150.833511353, -49.5415534973, 287.702362061, 10.2854166031, -41.393573761, 53.9416236877, 22.4141044617, 44.0464630127, 12.8641023636, 26.2058258057], [-388.899841309, 2.89260077477, 165.92350769, 110.177680969, -67.6666793823, 10.2854166031, 216.393615723, -18.8429756165, -23.5728397369, 55.4898071289, -14.338435173, 7.64190864563, 3.18780136108], [69.9993057251, -63.0453491211, -151.063415527, 61.2288742065, 104.076820374, -41.393573761, -18.8429756165, 176.585983276, 27.2122650146, -20.5641670227, 11.8630046844, -20.5765991211, 1.25665700436], [105.724586487, 92.3982467651, -40.5233268738, -81.9287796021, 47.5932312012, 53.9416236877, -23.5728397369, 27.2122650146, 138.936264038, 14.1305799484, 13.3559160233, 21.0220146179, -17.508441925], [-92.273765564, 8.58885574341, 56.4834289551, -3.64245009422, -16.5295276642, 22.4141044617, 55.4898071289, -20.5641670227, 14.1305799484, 115.121665955, 9.53302574158, -0.0343658104539, 4.93500423431], [73.7532958984, 23.0731010437, 15.5711240768, -14.8527402878, -3.51868772507, 44.0464630127, -14.338435173, 11.8630046844, 13.3559160233, 9.53302574158, 91.0955429077, 17.6322498322, 2.9194893837], [-19.2744121552, 45.7269210815, 18.0721187592, -40.0190963745, 23.1298522949, 12.8641023636, 7.64190864563, -20.5765991211, 21.0220146179, -0.0343658104539, 17.6322498322, 81.9613800049, 6.3280339241], [68.7935409546, 4.65237045288, 2.32802772522, -0.498160749674, -7.40680503845, 26.2058258057, 3.18780136108, 1.25665700436, -17.508441925, 4.93500423431, 2.9194893837, 6.3280339241, 73.3218765259]],
        "icov": [[0.000600780767854, -0.00194652960636, 0.00128901586868, -0.00118266558275, 0.00156086182687, -0.000869412557222, 0.00149226642679, -0.000688194355462, 0.000841989007313, -0.000641209247988, 0.000447772094049, -0.000578538165428, 0.000202512514079], [-0.00194652960636, 0.0108485724777, -0.00534355826676, 0.00796770397574, -0.00797406677157, 0.00498333061114, -0.00789532531053, 0.00433854339644, -0.00498157646507, 0.00401757098734, -0.00389822758734, 0.00417220965028, -0.00262076198123], [0.00128901586868, -0.00534355826676, 0.00456715421751, -0.00437637465075, 0.00532037112862, -0.00360881118104, 0.0038372091949, -0.00167008000426, 0.00252891588025, -0.0021662528161, 0.00192698661704, -0.00275573274121, 0.00155475200154], [-0.00118266558275, 0.00796770397574, -0.00437637465075, 0.00890539120883, -0.00648752786219, 0.00542018702254, -0.00712085049599, 0.00254155416042, -0.00306023843586, 0.00360697158612, -0.0039375484921, 0.00471749110147, -0.00274690031074], [0.00156086182687, -0.00797406677157, 0.00532037112862, -0.00648752786219, 0.0111107779667, -0.00432314025238, 0.00710052670911, -0.00538071757182, 0.00318550714292, -0.00376263423823, 0.00411105901003, -0.0059015522711, 0.00263907155022], [-0.000869412557222, 0.00498333061114, -0.00360881118104, 0.00542018702254, -0.00432314025238, 0.00852230936289, -0.00466441176832, 0.00303736026399, -0.0046624368988, 0.00252483086661, -0.0047105406411, 0.0040663452819, -0.00412764912471], [0.00149226642679, -0.00789532531053, 0.0038372091949, -0.00712085049599, 0.00710052670911, -0.00466441176832, 0.0128311654553, -0.00404683640227, 0.00472983717918, -0.00641490006819, 0.00501798419282, -0.00555246369913, 0.00266712135635], [-0.000688194355462, 0.00433854339644, -0.00167008000426, 0.00254155416042, -0.00538071757182, 0.00303736026399, -0.00404683640227, 0.010685541667, -0.00460257660598, 0.0035562873818, -0.00420510722324, 0.00543410237879, -0.00283557595685], [0.000841989007313, -0.00498157646507, 0.00252891588025, -0.00306023843586, 0.00318550714292, -0.0046624368988, 0.00472983717918, -0.00460257660598, 0.0127634676173, -0.00403513340279, 0.00274726259522, -0.00508564244956, 0.00493533117697], [-0.000641209247988, 0.00401757098734, -0.0021662528161, 0.00360697158612, -0.00376263423823, 0.00252483086661, -0.00641490006819, 0.0035562873818, -0.00403513340279, 0.0126709202304, -0.00381623231806, 0.00406815623865, -0.00264008692466], [0.000447772094049, -0.00389822758734, 0.00192698661704, -0.0039375484921, 0.00411105901003, -0.0047105406411, 0.00501798419282, -0.00420510722324, 0.00274726259522, -0.00381623231806, 0.0155309634283, -0.00625415239483, 0.00252630538307], [-0.000578538165428, 0.00417220965028, -0.00275573274121, 0.00471749110147, -0.0059015522711, 0.0040663452819, -0.00555246369913, 0.00543410237879, -0.00508564244956, 0.00406815623865, -0.00625415239483, 0.0185441803187, -0.00434324704111], [0.000202512514079, -0.00262076198123, 0.00155475200154, -0.00274690031074, 0.00263907155022, -0.00412764912471, 0.00266712135635, -0.00283557595685, 0.00493533117697, -0.00264008692466, 0.00252630538307, -0.00434324704111, 0.0168516878039]]
    },
    "melbands": {
        "dmean": [0.000703872705344, 0.000880922540091, 0.000623184081633, 0.00101776374504, 0.000817345979158, 0.000343756953953, 0.000413113972172, 0.000389639928471, 0.0002073305659, 8.24744274723e-05, 5.67368915654e-05, 3.54395415343e-05, 1.67248963407e-05, 1.08020476546e-05, 9.53046128416e-06, 2.98537065646e-06, 1.64284688253e-06, 1.25368148929e-06, 6.99670977156e-07, 2.26806136538e-07, 1.41390827935e-07, 8.37585432123e-08, 2.3758474299e-08, 2.07907735472e-08, 8.80272388315e-09, 7.79891884406e-09, 2.76995426596e-09, 9.15872355733e-09, 1.03321102785e-08, 6.78748168781e-09, 1.2346875744e-09, 4.87105841773e-11, 4.99800721643e-11, 9.11884109889e-11, 1.95294308503e-10, 6.94451496308e-10, 8.73207783858e-10, 1.14854614708e-09, 8.12370892778e-10, 4.8810777642e-10],
        "dmean2": [0.00134534481913, 0.00163412245456, 0.00108667381573, 0.00167055067141, 0.00120163639076, 0.000436438742327, 0.000515363528393, 0.000518138345797, 0.000295682519209, 0.000119049283967, 8.8264074293e-05, 5.5491393141e-05, 2.68666863121e-05, 1.7994796508e-05, 1.6272355424e-05, 5.19682498634e-06, 2.87136936095e-06, 2.20814740715e-06, 1.22066978747e-06, 3.98397247636e-07, 2.52193842698e-07, 1.46928712752e-07, 4.26383053309e-08, 3.73953277233e-08, 1.64534288416e-08, 1.40923681613e-08, 5.02652053314e-09, 1.72722547376e-08, 1.98234140214e-08, 1.31039010753e-08, 2.28290453208e-09, 9.02489125099e-11, 9.37300098647e-11, 1.68489916463e-10, 3.78206022056e-10, 1.36579558774e-09, 1.67189317946e-09, 2.13299933272e-09, 1.46486112129e-09, 8.88036200131e-10],
        "dvar": [1.06881452666e-06, 9.43482461935e-07, 4.99643306284e-07, 1.6050364593e-06, 1.39028827562e-06, 2.19431470327e-07, 2.4212508265e-07, 3.08679688032e-07, 7.20980537494e-08, 2.17542268643e-08, 1.0543002027e-08, 3.76464859286e-09, 6.91761814497e-10, 2.88235130208e-10, 3.34809763247e-10, 8.00429653114e-11, 1.4727758943e-11, 1.25445018956e-11, 4.55763335058e-12, 1.0458306313e-12, 6.84864870978e-13, 8.75384630777e-14, 1.26728893696e-14, 1.59238077504e-14, 1.03908225204e-14, 4.39464647127e-14, 4.16888906683e-15, 2.63303291795e-14, 3.46749809855e-14, 1.73994729757e-14, 1.17021095674e-15, 4.26852887241e-20, 5.7656065508e-20, 7.09846748722e-19, 4.75853845345e-18, 3.06939143808e-16, 2.15834609342e-16, 1.56239541695e-16, 6.14630995504e-17, 2.28362961168e-17],
        "dvar2": [4.0752984205e-06, 3.25295081893e-06, 1.68106998899e-06, 5.19622744832e-06, 4.05392756875e-06, 4.56670107951e-07, 4.24716176894e-07, 5.34316654921e-07, 1.4198614906e-07, 4.49831674132e-08, 2.35911468138e-08, 8.52620285485e-09, 1.75474945685e-09, 7.7207590321e-10, 9.11363151612e-10, 2.3739343824e-10, 4.40181641137e-11, 3.79185224886e-11, 1.36899718992e-11, 3.1387800345e-12, 2.16406471736e-12, 2.56511148043e-13, 3.76033127975e-14, 4.67534539729e-14, 3.04422828092e-14, 1.12165234511e-13, 1.15324916432e-14, 7.6381101151e-14, 1.0256720603e-13, 5.11159921356e-14, 3.30823413572e-15, 1.37204564526e-19, 2.08514176623e-19, 2.06204298027e-18, 1.75701069953e-17, 1.00031224115e-15, 7.53154644584e-16, 5.0371397659e-16, 1.9361935712e-16, 6.98884303976e-17],
        "max": [0.0112828379497, 0.0156125007197, 0.0139649827033, 0.0193084329367, 0.021852241829, 0.0128724500537, 0.0116945281625, 0.014955108054, 0.00383446551859, 0.00355340354145, 0.00169218180235, 0.00119962939061, 0.000573432480451, 0.000226405289141, 0.000269614451099, 0.000192845691345, 9.90516564343e-05, 6.76824711263e-05, 5.18021333846e-05, 2.68964377028e-05, 3.09214301524e-05, 1.06177003545e-05, 3.26035910803e-06, 3.77353057956e-06, 3.62846003554e-06, 1.25737005874e-05, 4.89219246447e-06, 6.8859772e-06, 7.76654633228e-06, 5.85442694501e-06, 2.05176752388e-06, 1.25207062496e-08, 7.99927857287e-09, 3.92093006951e-08, 9.87072397152e-08, 9.97425559035e-07, 7.50384685944e-07, 4.44497004537e-07, 2.85434424541e-07, 1.38534403504e-07],
        "mean": [0.00102568918373, 0.00160381291062, 0.00145600759424, 0.00234932405874, 0.00207495200448, 0.000958200602327, 0.000980457989499, 0.000814737984911, 0.000435751571786, 0.000162830780027, 8.97899735719e-05, 5.49766991753e-05, 2.6873065508e-05, 1.66029094544e-05, 1.20524837257e-05, 4.00728458771e-06, 2.29645092986e-06, 1.63640174833e-06, 9.15118903322e-07, 3.34898118126e-07, 2.07284884368e-07, 1.12126279816e-07, 2.98333731052e-08, 2.52559004821e-08, 7.31826155231e-09, 6.19250872802e-09, 2.11503192737e-09, 5.43191980285e-09, 5.90675863776e-09, 3.96721855367e-09, 8.20153167602e-10, 4.1107003218e-11, 4.01203133216e-11, 6.47676148824e-11, 1.346879136e-10, 4.39720176937e-10, 6.19109541411e-10, 8.91102636125e-10, 6.50923537293e-10, 3.88063692291e-10],
        "median": [0.00063111493364, 0.00119798269589, 0.00113208079711, 0.00168987130746, 0.00149656878784, 0.00065552763408, 0.000676526571624, 0.000465675198939, 0.000260040600551, 6.39852223685e-05, 4.07128463848e-05, 2.81732409348e-05, 1.48802591866e-05, 8.81315645529e-06, 4.31958687841e-06, 5.44326098861e-07, 6.36353831851e-07, 3.53271246922e-07, 9.83905437124e-08, 2.39138735481e-08, 1.16484546453e-08, 4.3924011095e-09, 1.69712310871e-09, 3.37381289572e-10, 2.64392147065e-10, 1.23181465028e-10, 8.36250929614e-11, 5.89088222647e-11, 4.73637448706e-11, 3.32995922503e-11, 2.60345876801e-11, 1.8415184308e-11, 1.55450635003e-11, 1.41875686546e-11, 1.2970491868e-11, 1.20640112483e-11, 1.10292192046e-11, 1.06117640716e-11, 9.02948722736e-12, 7.46105607852e-12],
        "min": [1.74510921984e-24, 1.15648428655e-24, 1.01479993759e-24, 1.9142717635e-24, 2.56004256963e-24, 2.17310728169e-24, 2.02569461927e-24, 2.64725272042e-24, 3.86957494369e-24, 3.57866197451e-24, 3.31104682887e-24, 4.10380352367e-24, 3.76338874382e-24, 4.59258805143e-24, 1.59907035869e-24, 4.08680830433e-24, 3.21848504569e-24, 2.54741211768e-24, 3.91182120618e-24, 4.68286963216e-24, 4.57818621232e-24, 4.46482177264e-24, 4.64026246581e-24, 4.17074862667e-24, 3.96742998354e-24, 4.5636471114e-24, 4.77866811163e-24, 4.93515878813e-24, 5.81902694534e-24, 5.67609954881e-24, 6.52478845394e-24, 6.13129753467e-24, 5.30361007898e-24, 6.20393348024e-24, 6.44883771485e-24, 6.23071964671e-24, 5.89958463212e-24, 6.77512399588e-24, 7.26797589047e-24, 7.6215551811e-24],
        "var": [1.41866826198e-06, 2.03239051189e-06, 1.49154652718e-06, 4.65508446723e-06, 3.97248777517e-06, 1.06877882899e-06, 1.0389126146e-06, 1.06695995328e-06, 2.51357846537e-07, 7.0240709249e-08, 2.00445349208e-08, 6.92909862821e-09, 1.36558975239e-09, 4.87262230564e-10, 4.41177705479e-10, 1.1887212048e-10, 2.10654896304e-11, 1.55553001036e-11, 5.98608836111e-12, 1.8210827811e-12, 1.14947493798e-12, 1.13542225481e-13, 1.32126594211e-14, 2.03808341324e-14, 5.81901470368e-15, 3.22173318297e-14, 2.61371074117e-15, 1.44935282444e-14, 1.80880955152e-14, 9.2518232455e-15, 6.86190178538e-16, 2.52271249083e-20, 3.52301780506e-20, 4.33013101595e-19, 2.86563943279e-18, 1.74352944225e-16, 1.52938826353e-16, 1.23036498672e-16, 5.13129515422e-17, 1.84362610496e-17]
    },
    "mfcc": {
        "mean": [-849.321777344, 286.658630371, 76.1418609619, -20.0290966034, -8.90834522247, 3.27638077736, -4.49544477463, -8.48559761047, -4.41511726379, -2.92096304893, -2.86546850204, -1.31808197498, -1.10049498081],
        "cov": [[2054.1862793, 1313.86010742, -685.288513184, -615.326843262, 44.8908348083, -83.9311294556, -208.550354004, -38.2290725708, 58.1521034241, -14.6585512161, -3.75405812263, 34.8424453735, -22.1240901947], [1313.86010742, 1149.88012695, -47.8101806641, -437.858337402, -153.694107056, -9.18254375458, -69.3201828003, -49.4558525085, 1.39794635773, -0.937484681606, 1.20139253139, 24.4874515533, 40.4949455261], [-685.288513184, -47.8101806641, 846.40814209, 257.306030273, -245.843719482, 59.9102172852, 190.529067993, -14.1696147919, -71.8109741211, 12.8973207474, 0.489810347557, -8.6212348938, 52.8986701965], [-615.326843262, -437.858337402, 257.306030273, 428.442016602, 102.224487305, -13.7871751785, 62.3799972534, 49.4917602539, -8.10460948944, -0.652663528919, 8.01233863831, -15.1562852859, -36.4243774414], [44.8908348083, -153.694107056, -245.843719482, 102.224487305, 269.28225708, 22.5753479004, -74.6514587402, 28.4003162384, 44.4796180725, -0.874459147453, 9.88868045807, 4.92429637909, -23.8228416443], [-83.9311294556, -9.18254375458, 59.9102172852, -13.7871751785, 22.5753479004, 125.845306396, 64.880645752, -18.1403560638, -4.5299115181, 21.9998378754, 8.04496002197, 14.2333154678, 28.2492847443], [-208.550354004, -69.3201828003, 190.529067993, 62.3799972534, -74.6514587402, 64.880645752, 150.449859619, 29.6703243256, -24.8782520294, 9.51786136627, 14.9764499664, 3.73099398613, 10.1425790787], [-38.2290725708, -49.4558525085, -14.1696147919, 49.4917602539, 28.4003162384, -18.1403560638, 29.6703243256, 91.4136505127, 37.1847267151, -1.00150561333, 5.01812505722, 0.587629079819, -13.9392795563], [58.1521034241, 1.39794635773, -71.8109741211, -8.10460948944, 44.4796180725, -4.5299115181, -24.8782520294, 37.1847267151, 84.0422973633, 37.4608535767, 2.4432091713, -1.03070139885, -7.29532670975], [-14.6585512161, -0.937484681606, 12.8973207474, -0.652663528919, -0.874459147453, 21.9998378754, 9.51786136627, -1.00150561333, 37.4608535767, 80.7588806152, 46.4362182617, 7.94840240479, -2.32191348076], [-3.75405812263, 1.20139253139, 0.489810347557, 8.01233863831, 9.88868045807, 8.04496002197, 14.9764499664, 5.01812505722, 2.4432091713, 46.4362182617, 87.4396820068, 44.2361946106, -0.704151928425], [34.8424453735, 24.4874515533, -8.6212348938, -15.1562852859, 4.92429637909, 14.2333154678, 3.73099398613, 0.587629079819, -1.03070139885, 7.94840240479, 44.2361946106, 78.2350845337, 37.0449790955], [-22.1240901947, 40.4949455261, 52.8986701965, -36.4243774414, -23.8228416443, 28.2492847443, 10.1425790787, -13.9392795563, -7.29532670975, -2.32191348076, -0.704151928425, 37.0449790955, 92.2651977539]],
