{
"lowlevel": {
    "average_loudness": 0.0596458017826,
    "barkbands_crest": {
        "dmean": 2.72143244743,
        "dmean2": 4.42116737366,
        "dvar": 6.3304309845,
        "dvar2": 15.873041153,
        "max": 25.692779541,
        "mean": 10.9686326981,
        "median": 10.302280426,
        "min": 1.8430339098,
        "var": 17.9365444183
    },
    "barkbands_flatness_db": {
        "dmean": 0.0221043694764,
        "dmean2": 0.0347026102245,
        "dvar": 0.000502628681716,
        "dvar2": 0.00120535003953,
        "max": 0.516461670399,
        "mean": 0.155800282955,
        "median": 0.150927454233,
        "min": 0.0108822267503,
        "var": 0.00485475221649
    },
    "barkbands_kurtosis": {
        "dmean": 3.71176075935,
        "dmean2": 5.88057661057,
        "dvar": 194.03755188,
        "dvar2": 511.319854736,
        "max": 892.95526123,
        "mean": 5.27944278717,
        "median": 1.69818735123,
        "min": -1.83927357197,
        "var": 272.903045654
    },
    "barkbands_skewness": {
        "dmean": 0.595635473728,
        "dmean2": 0.927125036716,
        "dvar": 0.612752735615,
        "dvar2": 1.38186001778,
        "max": 20.8730373383,
        "mean": 1.48139953613,
        "median": 1.31320083141,
        "min": -3.97992062569,
        "var": 1.70879089832
    },
    "barkbands_spread": {
        "dmean": 5.14268684387,
        "dmean2": 7.97783994675,
        "dvar": 43.4626922607,
        "dvar2": 96.0999221802,
        "max": 109.764297485,
        "mean": 23.7948684692,
        "median": 16.8366241455,
        "min": 0.2077845186,
        "var": 406.428314209
    },
    "dissonance": {
        "dmean": 0.0269640535116,
        "dmean2": 0.046313341707,
        "dvar": 0.00113767455332,
        "dvar2": 0.0032650269568,
        "max": 0.500000059605,
        "mean": 0.447368055582,
        "median": 0.461176216602,
        "min": 0.112870283425,
        "var": 0.0022477186285
    },
    "dynamic_complexity": 3.60662388802,
    "erbbands_crest": {
        "dmean": 2.93298172951,
        "dmean2": 4.67917394638,
        "dvar": 7.99630737305,
        "dvar2": 19.1292686462,
        "max": 31.809677124,
        "mean": 11.160243988,
        "median": 9.84440135956,
        "min": 2.05490398407,
        "var": 31.0230617523
    },
    "erbbands_flatness_db": {
        "dmean": 0.0181347187608,
        "dmean2": 0.0278515890241,
        "dvar": 0.000369810499251,
        "dvar2": 0.000819427950773,
        "max": 0.53415542841,
        "mean": 0.17148180306,
        "median": 0.167977899313,
        "min": 0.0259902793914,
        "var": 0.0060208584182
    },
    "erbbands_kurtosis": {
        "dmean": 2.18757605553,
        "dmean2": 3.38651919365,
        "dvar": 57.7861824036,
        "dvar2": 139.471069336,
        "max": 176.215240479,
        "mean": 2.82770633698,
        "median": 0.327974557877,
        "min": -1.86775791645,
        "var": 159.74911499
    },
    "erbbands_skewness": {
        "dmean": 0.424937576056,
        "dmean2": 0.643177211285,
        "dvar": 0.307291179895,
        "dvar2": 0.61362862587,
        "max": 10.5199785233,
        "mean": 0.447872132063,
        "median": 0.282732218504,
        "min": -3.49481081963,
        "var": 1.51973891258
    },
    "erbbands_spread": {
        "dmean": 6.49587583542,
        "dmean2": 10.1650342941,
        "dvar": 46.7069358826,
        "dvar2": 109.641136169,
        "max": 126.377166748,
        "mean": 32.2690696716,
        "median": 27.8981361389,
        "min": 0.5312063694,
        "var": 410.999938965
    },
    "hfc": {
        "dmean": 5.37616634369,
        "dmean2": 8.31710910797,
        "dvar": 94.1472396851,
        "dvar2": 217.401168823,
        "max": 243.833267212,
        "mean": 25.4234867096,
        "median": 15.2298488617,
        "min": 1.07796999523e-16,
        "var": 909.397155762
    },
    "melbands_crest": {
        "dmean": 3.74223899841,
        "dmean2": 6.12662267685,
        "dvar": 12.1156129837,
        "dvar2": 31.4886264801,
        "max": 38.570148468,
        "mean": 16.161945343,
        "median": 15.2799129486,
        "min": 1.00506615639,
        "var": 33.3940620422
    },
    "melbands_flatness_db": {
        "dmean": 0.0270668268204,
        "dmean2": 0.0426771789789,
        "dvar": 0.000730241998099,
        "dvar2": 0.00174093758687,
        "max": 0.626469671726,
        "mean": 0.249948143959,
        "median": 0.248853623867,
        "min": 5.17721161941e-07,
        "var": 0.00630356604233
    },
    "melbands_kurtosis": {
        "dmean": 7.52660512924,
        "dmean2": 11.7633666992,
        "dvar": 423.486175537,
        "dvar2": 780.325561523,
        "max": 1709.93115234,
        "mean": 13.2237415314,
        "median": 6.32226657867,
        "min": -1.80804789066,
        "var": 872.290344238
    },
    "melbands_skewness": {
        "dmean": 0.796167433262,
        "dmean2": 1.24460327625,
        "dvar": 0.826103687286,
        "dvar2": 1.8586615324,
        "max": 24.5178031921,
        "mean": 2.41842246056,
        "median": 2.2136592865,
        "min": -4.13535690308,
        "var": 2.99402856827
    },
    "melbands_spread": {
        "dmean": 5.76090764999,
        "dmean2": 9.20350933075,
        "dvar": 52.3566970825,
        "dvar2": 119.466087341,
        "max": 163.042282104,
        "mean": 19.6073207855,
        "median": 16.7398910522,
        "min": 0.083230279386,
        "var": 211.407653809
    },
    "pitch_salience": {
        "dmean": 0.0700579360127,
        "dmean2": 0.112699605525,
        "dvar": 0.00426945276558,
        "dvar2": 0.0107458774,
        "max": 0.99772977829,
        "mean": 0.486744582653,
        "median": 0.492815941572,
        "min": 0.0322583504021,
        "var": 0.0148391965777
    },
    "silence_rate_20dB": {
        "dmean": 0.000686624553055,
        "dmean2": 0.00137334340252,
        "dvar": 0.000685726292431,
        "dvar2": 0.00178347982001,
        "max": 1,
        "mean": 0.998901486397,
        "median": 1,
        "min": 0,
        "var": 0.00109708704986
    },
    "silence_rate_30dB": {
        "dmean": 0.0216973368078,
        "dmean2": 0.0433976501226,
        "dvar": 0.0212244316936,
        "dvar2": 0.050583511591,
        "max": 1,
        "mean": 0.96951597929,
        "median": 1,
        "min": 0,
        "var": 0.0295489802957
    },
    "silence_rate_60dB": {
        "dmean": 0.0144191160798,
        "dmean2": 0.0288402121514,
        "dvar": 0.0142113585025,
        "dvar2": 0.0310340877622,
        "max": 1,
        "mean": 0.0705114975572,
        "median": 0,
        "min": 0,
        "var": 0.0655421167612
    },
    "spectral_centroid": {
        "dmean": 183.371948242,
        "dmean2": 286.769897461,
        "dvar": 70740.0703125,
        "dvar2": 141482,
        "max": 11881.3544922,
        "mean": 1065.42504883,
        "median": 901.713562012,
        "min": 207.334259033,
        "var": 564547
    },
    "spectral_complexity": {
        "dmean": 2.65806102753,
        "dmean2": 4.24857521057,
        "dvar": 9.77668190002,
        "dvar2": 21.0697822571,
        "max": 59,
        "mean": 15.2050123215,
        "median": 14,
        "min": 0,
        "var": 61.1678352356
    },
    "spectral_decrease": {
        "dmean": 3.01204083897e-09,
        "dmean2": 4.72071715052e-09,
        "dvar": 2.25571226601e-17,
        "dvar2": 5.36815137431e-17,
        "max": 1.527931591e-26,
        "mean": -8.47545145177e-09,
        "median": -6.25520835129e-09,
        "min": -1.52816838295e-07,
        "var": 7.89518417519e-17
    },
    "spectral_energy": {
        "dmean": 0.0117090297863,
        "dmean2": 0.0183180756867,
        "dvar": 0.000335229648044,
        "dvar2": 0.000795595231466,
        "max": 0.581905841827,
        "mean": 0.0342943817377,
        "median": 0.0259509682655,
        "min": 1.02168050137e-20,
        "var": 0.00119365740102
    },
    "spectral_energyband_high": {
        "dmean": 0.000188160862308,
        "dmean2": 0.000302303669741,
        "dvar": 3.39898946322e-07,
        "dvar2": 8.31966019632e-07,
        "max": 0.0171610619873,
        "mean": 0.0010659811087,
        "median": 9.64456630754e-05,
        "min": 6.98794588225e-21,
        "var": 4.70460418001e-06
    },
    "spectral_energyband_low": {
        "dmean": 0.00746734952554,
        "dmean2": 0.0119903758168,
        "dvar": 0.000196645167307,
        "dvar2": 0.000471344450489,
        "max": 0.53581982851,
        "mean": 0.0145337516442,
        "median": 0.00714242830873,
        "min": 1.20210340272e-23,
        "var": 0.00062258343678
    },
    "spectral_energyband_middle_high": {
        "dmean": 0.00228447304107,
        "dmean2": 0.0035688134376,
        "dvar": 2.0822373699e-05,
        "dvar2": 4.55963017885e-05,
        "max": 0.13229739666,
        "mean": 0.00552469398826,
        "median": 0.00365472259,
        "min": 1.03099682496e-21,
        "var": 4.6248522267e-05
    },
    "spectral_energyband_middle_low": {
        "dmean": 0.00580126186833,
        "dmean2": 0.00888187531382,
        "dvar": 0.000133988331072,
        "dvar2": 0.000332692812663,
        "max": 0.250843048096,
        "mean": 0.0145366769284,
        "median": 0.00863411743194,
        "min": 1.58610064922e-22,
        "var": 0.00033908552723
    },
    "spectral_entropy": {
        "dmean": 0.172512933612,
        "dmean2": 0.268280297518,
        "dvar": 0.0381831526756,
        "dvar2": 0.0889240279794,
        "max": 9.8226184845,
        "mean": 7.22221136093,
        "median": 7.27030324936,
        "min": 3.81780052185,
        "var": 0.458435684443
    },
    "spectral_flux": {
        "dmean": 0.0254908688366,
        "dmean2": 0.0416073054075,
        "dvar": 0.000935480813496,
        "dvar2": 0.00232323305681,
        "max": 0.466058552265,
        "mean": 0.0812471285462,
        "median": 0.0752503275871,
        "min": 6.42346731361e-11,
        "var": 0.00242539821193
    },
    "spectral_kurtosis": {
        "dmean": 2.84438872337,
        "dmean2": 4.90645742416,
        "dvar": 16.6825122833,
        "dvar2": 50.4299507141,
        "max": 86.8568649292,
        "mean": 9.31575584412,
        "median": 7.8497838974,
        "min": -1.25626349449,
        "var": 48.2527046204
    },
    "spectral_rms": {
        "dmean": 0.000892427982762,
        "dmean2": 0.00137458369136,
        "dvar": 1.04515879684e-06,
        "dvar2": 2.42859960053e-06,
        "max": 0.0238267295063,
        "mean": 0.00519259693101,
        "median": 0.00503170117736,
        "min": 3.15715292451e-12,
        "var": 6.49468802294e-06
    },
    "spectral_rolloff": {
        "dmean": 625.970703125,
        "dmean2": 1027.64453125,
        "dvar": 2130575.5,
        "dvar2": 4494291,
        "max": 21253.2714844,
        "mean": 1690.95910645,
        "median": 904.39453125,
        "min": 43.06640625,
        "var": 7184978
    },
    "spectral_skewness": {
        "dmean": 0.276900500059,
        "dmean2": 0.46795809269,
        "dvar": 0.104297652841,
        "dvar2": 0.304316401482,
        "max": 7.03991889954,
        "mean": 2.18310332298,
        "median": 2.10329675674,
        "min": -0.0725036635995,
        "var": 0.448460847139
    },
    "spectral_spread": {
        "dmean": 429759.8125,
        "dmean2": 690570.3125,
        "dvar": 630501670912,
        "dvar2": 1.28652423987e+12,
        "max": 42449104,
        "mean": 4664646,
        "median": 3499743.5,
        "min": 882124.6875,
        "var": 1.0675220906e+13
    },
    "spectral_strongpeak": {
        "dmean": 0.536884665489,
        "dmean2": 0.901421904564,
        "dvar": 0.893015503883,
        "dvar2": 2.11219191551,
        "max": 14.4061670303,
        "mean": 0.887414455414,
        "median": 0.465189874172,
        "min": 0,
        "var": 1.33993434906
    },
    "zerocrossingrate": {
        "dmean": 0.0100378273055,
        "dmean2": 0.0123614314944,
        "dvar": 0.000249201490078,
        "dvar2": 0.000325714878272,
        "max": 0.8623046875,
        "mean": 0.0702448785305,
        "median": 0.0400390625,
        "min": 0.00244140625,
        "var": 0.00558783626184
    },
    "barkbands": {
        "dmean": [0.00166558730416, 0.0055010067299, 0.00112255092245, 0.00229691178538, 0.00231396965683, 0.00153579295147, 0.000263887719484, 0.000382284633815, 0.000880862760823, 0.000709631072823, 0.000814383209217, 0.00054239644669, 0.000381239427952, 0.000303841428831, 0.000253244885243, 0.000200658716494, 0.000177444002475, 8.04282390163e-05, 7.30742540327e-05, 6.80516750435e-05, 4.5839962695e-05, 3.65369232895e-05, 4.11679138779e-05, 3.47218410752e-05, 4.24934150942e-05, 4.04048405471e-05, 3.98440970457e-05],
        "dmean2": [0.00270083267242, 0.00892156269401, 0.00187982351054, 0.00370484404266, 0.00371488789096, 0.00222147000022, 0.000413631554693, 0.000589952222072, 0.00131098332349, 0.00111263967119, 0.00123801873997, 0.000865074573085, 0.000641845341306, 0.000501224189065, 0.000422172975959, 0.000329789938405, 0.000296108482871, 0.000131889115437, 0.000120272423374, 0.00011330365669, 7.646260201e-05, 5.9957124904e-05, 6.69860673952e-05, 5.86299756833e-05, 7.32292828616e-05, 6.82596655679e-05, 6.47747583571e-05],
        "dvar": [1.40171359817e-05, 0.000127771330881, 7.07292292645e-06, 2.49088407145e-05, 4.62015523226e-05, 1.9463353965e-05, 7.88312661371e-07, 1.98795373763e-06, 6.19537422608e-06, 3.45252487932e-06, 6.67929316478e-06, 2.78097058981e-06, 2.45806722887e-06, 4.33973582403e-07, 3.65544110537e-07, 3.17972393304e-07, 1.62640432677e-07, 3.80629465724e-08, 7.21515718283e-08, 3.4188559539e-08, 2.56604959503e-08, 1.39836009438e-08, 2.66945097138e-08, 8.22232060216e-09, 1.4944196991e-08, 1.21483383353e-08, 1.47994079214e-08],
        "dvar2": [3.35089644068e-05, 0.000307805050397, 1.88582889677e-05, 6.68477587169e-05, 0.00011787898984, 3.94491544284e-05, 1.7837616042e-06, 4.45178693553e-06, 1.32911582114e-05, 7.31634509066e-06, 1.35614636747e-05, 5.95004712522e-06, 6.1097816797e-06, 1.09707923457e-06, 9.82835899777e-07, 8.01851570031e-07, 4.5031796958e-07, 9.59068628958e-08, 1.76223295512e-07, 8.48603036729e-08, 6.73641835647e-08, 3.63330556752e-08, 6.67442634494e-08, 2.37943531545e-08, 4.24234229968e-08, 3.2569495545e-08, 3.85477534337e-08],
        "max": [0.13289578259, 0.431807458401, 0.0776142627001, 0.0995936542749, 0.184279039502, 0.181602224708, 0.0457304343581, 0.0684540346265, 0.0761311277747, 0.0530855581164, 0.11875025183, 0.0869229286909, 0.068765565753, 0.0137027800083, 0.0248424280435, 0.012476073578, 0.0103830834851, 0.0067016640678, 0.00755614927039, 0.00421831430867, 0.00474919239059, 0.00256377854384, 0.00630968715996, 0.00214311177842, 0.00316301872954, 0.00316860643215, 0.00449329568073],
        "mean": [0.00244527100585, 0.00930915120989, 0.00151457602624, 0.00367782334797, 0.00442794943228, 0.0034833822865, 0.000416769937146, 0.000634694762994, 0.00159957248252, 0.0011965057347, 0.00136078707874, 0.000822388450615, 0.00051542010624, 0.000479328358779, 0.000404243532103, 0.000318996811984, 0.000295351201203, 0.000138749644975, 0.000114799091534, 0.000126974424347, 8.3625127445e-05, 7.08838051651e-05, 8.72386517585e-05, 0.000106251311081, 0.00015289291332, 0.000214227256947, 0.000296474492643],
        "median": [0.000861546257511, 0.00281493877992, 0.000548676471226, 0.00101496791467, 0.00140734005254, 0.000844130525365, 0.000117618103104, 0.000180740753422, 0.000450345251011, 0.00044740998419, 0.000320464168908, 0.000267307419563, 0.000140134361573, 0.000202871058718, 0.000151652726345, 0.000108561209345, 0.000116762443213, 6.27238696325e-05, 3.81160207326e-05, 4.01334036724e-05, 1.68349142768e-05, 8.96143865248e-06, 8.43493762659e-06, 1.00157149063e-05, 5.70156498725e-06, 3.56945656677e-06, 3.78644267585e-06],
        "min": [1.22589563991e-25, 5.07338260152e-24, 1.26899991189e-24, 1.72338813203e-24, 6.98307640797e-24, 8.85188631471e-24, 9.17787677291e-24, 6.86694898297e-24, 2.46446236797e-23, 8.77323924905e-24, 1.92942376989e-23, 3.36121199267e-23, 2.4908092178e-23, 4.3844901734e-23, 3.14368833122e-23, 7.82773423388e-23, 5.46380966392e-23, 9.50703734754e-23, 1.05132231213e-22, 1.62394236995e-22, 2.52229300363e-22, 3.09944913787e-22, 3.87436197255e-22, 5.86479485645e-22, 6.76369441111e-22, 1.42489928351e-21, 1.99131231867e-21],
        "var": [2.99307848763e-05, 0.000396098650526, 8.1075113485e-06, 4.53001302958e-05, 8.05652889539e-05, 6.05956047366e-05, 1.30592911773e-06, 3.62041032531e-06, 1.32483828565e-05, 6.9223601713e-06, 1.28004066937e-05, 4.8205879466e-06, 3.1026202123e-06, 6.3878343326e-07, 8.86704640379e-07, 4.96671077599e-07, 2.92121882239e-07, 5.57841204341e-08, 8.28783868201e-08, 6.27554683774e-08, 3.88005325647e-08, 2.83908558885e-08, 5.38323163823e-08, 5.24792724832e-08, 1.20593441011e-07, 2.09473569157e-07, 4.23820182505e-07]
    },
    "erbbands": {
        "dmean": [0.280246049166, 0.873744368553, 1.1882853508, 4.53511142731, 7.76084041595, 9.13947963715, 13.7691755295, 7.4620552063, 3.49955272675, 3.99881720543, 13.4850215912, 13.0854310989, 25.6854057312, 34.8323936462, 15.2996377945, 19.6939697266, 18.1737480164, 13.6624307632, 12.6076993942, 11.5290002823, 10.3518915176, 10.5384044647, 4.60662078857, 4.15090608597, 3.60160303116, 2.70864510536, 2.00658202171, 1.88301885128, 1.46330475807, 1.19015324116, 1.19704067707, 0.796386778355, 0.60011446476, 0.535714805126, 0.327187955379, 0.196495622396, 0.0905978605151, 0.0329536944628, 0.00803379714489, 0.000560107175261],
        "dmean2": [0.450112789869, 1.44682312012, 1.96450066566, 7.25999689102, 12.8572416306, 14.1349191666, 20.3503875732, 11.2979030609, 5.61671543121, 6.17292881012, 20.2840824127, 19.6523838043, 39.5795211792, 52.915019989, 24.2982540131, 31.52784729, 29.9375629425, 22.4314460754, 20.8893947601, 19.0113372803, 17.1560516357, 17.5733146667, 7.55203437805, 6.80813407898, 5.95569181442, 4.46512937546, 3.37692141533, 3.13149595261, 2.40210270882, 1.91255092621, 1.98598229885, 1.3503228426, 1.01133882999, 0.924300670624, 0.564927875996, 0.338563024998, 0.151820451021, 0.0547257475555, 0.0130737889558, 0.000906103814486],
        "dvar": [0.376922637224, 3.37242794037, 8.38869571686, 86.5498886108, 478.616027832, 833.247070312, 1497.63061523, 377.912139893, 150.038406372, 163.85824585, 2540.82446289, 1732.2800293, 2933.79907227, 10521.0898438, 1292.76342773, 4445.04980469, 4651.86328125, 864.907043457, 657.071350098, 1049.80090332, 820.307617188, 622.355102539, 131.006484985, 162.455368042, 161.521972656, 78.1963119507, 30.2557106018, 57.6108665466, 24.2769069672, 15.3414812088, 23.2749443054, 4.80060100555, 2.62477755547, 2.2564136982, 0.870700657368, 0.30530667305, 0.062361408025, 0.00883327145129, 0.000598449143581, 3.00877536574e-06],
        "dvar2": [0.863907396793, 8.83582782745, 22.2986679077, 222.933685303, 1344.2689209, 1965.82983398, 3212.28051758, 832.615478516, 354.628662109, 371.1512146, 5747.99023438, 3683.98022461, 6097.19970703, 20808.7460938, 3065.89428711, 9677.37988281, 11502.7109375, 2200.08935547, 1717.28381348, 2756.75366211, 2144.34423828, 1717.68347168, 337.077178955, 405.068450928, 399.157531738, 195.858184814, 80.8068313599, 150.029052734, 62.3931655884, 37.6101074219, 59.9357910156, 13.6349544525, 7.54418802261, 6.28159475327, 2.5786318779, 0.845602095127, 0.170736178756, 0.0238265637308, 0.0015637986362, 7.95727191871e-06],
        "max": [27.3596191406, 37.8842391968, 87.3751296997, 180.374038696, 470.582244873, 1064.72680664, 1635.23400879, 648.326477051, 753.930908203, 465.369995117, 1742.45581055, 1402.13000488, 1370.63391113, 4757.96972656, 1027.7286377, 3293.18603516, 2498.82543945, 692.109069824, 614.361083984, 1440.70959473, 827.243347168, 621.185058594, 463.275604248, 392.464263916, 406.537811279, 226.521255493, 121.633079529, 221.960266113, 119.396255493, 129.040542603, 182.039154053, 52.4479522705, 41.7872314453, 39.159740448, 25.1557769775, 15.2999887466, 7.18049240112, 2.88421106339, 0.88942939043, 0.0682494938374],
        "mean": [0.445546776056, 1.37718510628, 1.84872937202, 7.49243164062, 13.6920576096, 17.1189155579, 31.1242103577, 15.9756937027, 5.8052110672, 6.93770217896, 23.6099777222, 24.2400741577, 45.3776397705, 60.2488327026, 28.006893158, 30.365278244, 26.4631290436, 23.0815181732, 21.342666626, 20.8802814484, 17.5552616119, 17.5509147644, 8.5460357666, 6.9229388237, 6.30387401581, 5.040828228, 3.85320830345, 3.19251298904, 2.66630291939, 2.48718571663, 2.52875828743, 2.07179474831, 1.8185300827, 1.60882496834, 1.15248513222, 0.77159267664, 0.413482189178, 0.185799315572, 0.0510304309428, 0.00342678953893],
        "median": [0.129188522696, 0.379226446152, 0.760733366013, 2.7989385128, 4.09995222092, 4.66475200653, 8.74485969543, 5.51785421371, 2.05961990356, 2.6528673172, 5.70605516434, 8.24777603149, 17.284910202, 21.3396205902, 11.7943305969, 9.89490127563, 8.14352607727, 10.0927438736, 9.62832450867, 7.68801927567, 6.90374660492, 6.88627815247, 4.04452180862, 2.77374505997, 2.21364498138, 1.47610449791, 1.01039338112, 0.473712831736, 0.351472586393, 0.269945025444, 0.249067723751, 0.230792045593, 0.137060254812, 0.0756303519011, 0.0314295515418, 0.0108760874718, 0.00666599022225, 0.00356104550883, 0.000678363896441, 8.61593725858e-05],
        "min": [8.83501242218e-23, 1.50922202668e-21, 2.81083343262e-21, 1.09568287393e-20, 2.6689510761e-20, 2.12500922219e-20, 3.78559595076e-20, 9.56251225773e-20, 7.30066959076e-20, 2.15623522569e-19, 3.60692364598e-19, 6.43189019445e-19, 5.59504397644e-19, 4.6990600315e-19, 8.65131297165e-19, 1.52607295672e-18, 1.3997745747e-18, 2.19805690877e-18, 2.48404716094e-18, 2.15556608827e-18, 4.30716543192e-18, 3.69568912129e-18, 4.98015130649e-18, 4.87295779809e-18, 6.74024027595e-18, 9.752212095e-18, 1.04544181247e-17, 1.13841989117e-17, 1.07880870674e-17, 1.20108924505e-17, 1.17348473908e-17, 1.10360708519e-17, 1.06039210943e-17, 7.22349035674e-18, 5.63788438415e-18, 3.90676576128e-18, 2.53641224321e-18, 9.33530396728e-19, 2.63411607713e-19, 2.83594026252e-20],
        "var": [1.28848922253, 7.09131908417, 10.747174263, 154.146865845, 802.665222168, 1807.28613281, 4466.81933594, 992.012634277, 218.72895813, 299.45135498, 4857.89013672, 3505.64355469, 6729.89550781, 19610.3984375, 2826.17529297, 7234.47753906, 6168.25927734, 1364.3782959, 1108.71105957, 2707.88867188, 1238.6439209, 1069.05725098, 193.509658813, 198.721725464, 201.940628052, 118.98764801, 60.4017181396, 75.7879104614, 42.6382064819, 37.2004051208, 47.3119163513, 21.5223045349, 15.318564415, 13.0525512695, 7.05821847916, 2.85714769363, 0.833562195301, 0.16554120183, 0.0122710336, 6.16361066932e-05]
    },
    "gfcc": {
        "mean": [-27.6157817841, 97.8168411255, -100.206436157, 7.36607217789, -29.1455478668, 7.40398406982, -22.3788318634, 2.96291470528, -22.6778316498, -8.87354660034, -16.0817203522, -0.135709673166, -1.2359495163],
        "cov": [[20893.21875, -2435.69702148, 1170.62792969, 474.806671143, 411.42666626, 955.02935791, -724.973999023, -31.3294963837, 17.5173721313, 500.417358398, 409.702087402, 335.910125732, -213.879806519], [-2435.69702148, 3644.52392578, -1375.33654785, 110.959747314, -1.03435230255, -465.078826904, 92.5437927246, -315.476745605, -35.2457275391, -283.495544434, 86.1615829468, -209.136672974, 71.9584960938], [1170.62792969, -1375.33654785, 1057.9765625, -25.6104183197, 24.3636951447, 184.578186035, -58.7327041626, 78.7925720215, 26.2993545532, 138.948776245, 19.4897785187, 93.4970245361, -21.2361164093], [474.806671143, 110.959747314, -25.6104183197, 356.686706543, 35.5697860718, 22.835603714, -78.8135757446, -29.5346698761, -0.177361890674, -2.36541604996, 28.6627197266, 24.8216972351, -6.69689750671], [411.42666626, -1.03435230255, 24.3636951447, 35.5697860718, 327.874237061, 45.8531913757, -5.03404331207, -13.1907463074, -0.642064094543, 25.3115615845, 21.2827777863, 5.76534938812, 8.45131111145], [955.02935791, -465.078826904, 184.578186035, 22.835603714, 45.8531913757, 391.568389893, 28.9068069458, 100.944831848, 68.401550293, 93.9172515869, 68.2816925049, 74.2403717041, -16.063993454], [-724.973999023, 92.5437927246, -58.7327041626, -78.8135757446, -5.03404331207, 28.9068069458, 286.38961792, 78.6695251465, 54.6944465637, -17.7201595306, -35.9214897156, -7.04521560669, 35.4351844788], [-31.3294963837, -315.476745605, 78.7925720215, -29.5346698761, -13.1907463074, 100.944831848, 78.6695251465, 265.765258789, 72.9375076294, 76.33177948, -27.7618083954, 13.5211658478, 9.89487838745], [17.5173721313, -35.2457275391, 26.2993545532, -0.177361890674, -0.642064094543, 68.401550293, 54.6944465637, 72.9375076294, 184.395065308, 58.7025604248, 45.1197929382, -7.92898368835, -22.2875747681], [500.417358398, -283.495544434, 138.948776245, -2.36541604996, 25.3115615845, 93.9172515869, -17.7201595306, 76.33177948, 58.7025604248, 169.654159546, 58.2496948242, 28.0724945068, -37.2961883545], [409.702087402, 86.1615829468, 19.4897785187, 28.6627197266, 21.2827777863, 68.2816925049, -35.9214897156, -27.7618083954, 45.1197929382, 58.2496948242, 157.816467285, 27.3981800079, -5.42592477798], [335.910125732, -209.136672974, 93.4970245361, 24.8216972351, 5.76534938812, 74.2403717041, -7.04521560669, 13.5211658478, -7.92898368835, 28.0724945068, 27.3981800079, 124.235221863, 38.3032150269], [-213.879806519, 71.9584960938, -21.2361164093, -6.69689750671, 8.45131111145, -16.063993454, 35.4351844788, 9.89487838745, -22.2875747681, -37.2961883545, -5.42592477798, 38.3032150269, 140.47958374]],
        "icov": [[6.60132136545e-05, 2.29622837651e-05, -7.40705900171e-06, -4.50172228739e-05, -4.97753935633e-05, -0.000112104040454, 0.000123413279653, 4.00010212616e-05, 2.53104190051e-05, -5.98201731918e-05, -6.21077124379e-05, -3.59734876838e-05, 3.72480644728e-05], [2.29622837651e-05, 0.000764724682085, 0.000765962526202, -0.000231683952734, -7.29550811229e-05, 0.000394072383642, -0.000270538381301, 0.000395664304961, -8.49654024933e-05, 0.000340594822774, -0.000899194797967, 0.000608654401731, -0.000285930960672], [-7.40705900171e-06, 0.000765962526202, 0.00196098024026, -3.06455367536e-05, -6.24291642453e-05, 8.97532809176e-05, -1.62019005074e-05, 0.000403867888963, -0.000121731165564, -0.000397345400415, -0.000426187820267, 4.42238871301e-07, -0.000260379631072], [-4.50172228739e-05, -0.000231683952734, -3.06455367536e-05, 0.00323822768405, -0.00028166451375, -0.000226945456234, 0.000942011247389, -9.24444539123e-05, -0.000358396879165, 0.00041810865514, 0.000107245883555, -0.000902481609955, 0.000264121830696], [-4.97753935633e-05, -7.29550811229e-05, -6.24291642453e-05, -0.00028166451375, 0.00327126984484, -0.000386591738788, -0.000203291056096, 0.000417717441451, 0.000207595367101, -0.00071219453821, 8.46809634822e-05, 0.000465476128738, -0.000560221495107], [-0.000112104040454, 0.000394072383642, 8.97532809176e-05, -0.000226945456234, -0.000386591738788, 0.00429466227069, -0.000858353916556, -0.00103445886634, -0.000447306782007, 0.00010730689246, -0.00171516754199, -0.00143577589188, 0.000716703187209], [0.000123413279653, -0.000270538381301, -1.62019005074e-05, 0.000942011247389, -0.000203291056096, -0.000858353916556, 0.00508016347885, -0.000978422234766, -0.00148717081174, 0.000627204950433, 0.00125592912082, -0.000293435063213, -0.00087042566156], [4.00010212616e-05, 0.000395664304961, 0.000403867888963, -9.24444539123e-05, 0.000417717441451, -0.00103445886634, -0.000978422234766, 0.00636110641062, -0.0016208558809, -0.00292381225154, 0.00231114332564, 0.000649125431664, -0.00155092717614], [2.53104190051e-05, -8.49654024933e-05, -0.000121731165564, -0.000358396879165, 0.000207595367101, -0.000447306782007, -0.00148717081174, -0.0016208558809, 0.00781249487773, -0.00123194151092, -0.00237203924917, 0.00131334527396, 0.000934922078159], [-5.98201731918e-05, 0.000340594822774, -0.000397345400415, 0.00041810865514, -0.00071219453821, 0.00010730689246, 0.000627204950433, -0.00292381225154, -0.00123194151092, 0.0109163280576, -0.00374110159464, -0.001280836761, 0.00270465621725], [-6.21077124379e-05, -0.000899194797967, -0.000426187820267, 0.000107245883555, 8.46809634822e-05, -0.00171516754199, 0.00125592912082, 0.00231114332564, -0.00237203924917, -0.00374110159464, 0.0107526034117, -0.00160881259944, -0.00088968250202], [-3.59734876838e-05, 0.000608654401731, 4.42238871301e-07, -0.000902481609955, 0.000465476128738, -0.00143577589188, -0.000293435063213, 0.000649125431664, 0.00131334527396, -0.001280836761, -0.00160881259944, 0.0120803033933, -0.00406103394926], [3.72480644728e-05, -0.000285930960672, -0.000260379631072, 0.000264121830696, -0.000560221495107, 0.000716703187209, -0.00087042566156, -0.00155092717614, 0.000934922078159, 0.00270465621725, -0.00088968250202, -0.00406103394926, 0.00967864878476]]
    },
    "melbands": {
        "dmean": [0.00196250388399, 0.00072132924106, 0.000885799294338, 0.000578670296818, 0.000430482352385, 0.000198359761271, 5.35470062459e-05, 4.54496002931e-05, 0.000130477172206, 9.35197385843e-05, 0.000132185945404, 0.000140847827424, 7.20988682588e-05, 4.76650056953e-05, 5.78231592954e-05, 4.00945282308e-05, 2.48572014243e-05, 2.20137426368e-05, 2.34241015278e-05, 1.39370786201e-05, 1.17795971164e-05, 1.28198207676e-05, 5.56062650503e-06, 3.75993613488e-06, 3.64303582501e-06, 2.65914854936e-06, 3.16589739668e-06, 1.7629197373e-06, 1.48330207139e-06, 1.18666844173e-06, 1.08114079467e-06, 9.88593910733e-07, 6.6020174927e-07, 7.59849513088e-07, 8.34826664686e-07, 5.83851146985e-07, 5.22103846379e-07, 4.94875166623e-07, 4.58763878441e-07, 5.19874674865e-07],
        "dmean2": [0.00316496309824, 0.00118190061767, 0.00142698944546, 0.000927910325117, 0.000639423902612, 0.000293699820759, 8.52426164784e-05, 6.98465446476e-05, 0.000195504937437, 0.000140702541103, 0.000203776668059, 0.000213951105252, 0.000112263602205, 7.70403348724e-05, 9.26939901547e-05, 6.69754954288e-05, 4.08990963479e-05, 3.64577499568e-05, 3.90870882256e-05, 2.25786061492e-05, 1.96582786884e-05, 2.14321898966e-05, 9.20254660741e-06, 6.19467255092e-06, 6.0161833062e-06, 4.3987488425e-06, 5.28532928001e-06, 2.93230232273e-06, 2.53883263213e-06, 1.99111923394e-06, 1.79652261068e-06, 1.63962306488e-06, 1.08671861199e-06, 1.23045174405e-06, 1.39176756875e-06, 9.88286728898e-07, 8.9810788495e-07, 8.38969754113e-07, 7.79886420332e-07, 9.06355239749e-07],
        "dvar": [1.69457107404e-05, 2.5020931389e-06, 3.56767714038e-06, 2.84818793261e-06, 1.26307713799e-06, 2.84263791173e-07, 3.30110943025e-08, 2.94292537006e-08, 2.63105704335e-07, 7.17994055321e-08, 8.22326100547e-08, 1.55966077386e-07, 4.07856504125e-08, 1.4410383109e-08, 7.84642395502e-08, 2.88551937899e-08, 2.69408451103e-09, 2.89198198722e-09, 3.38914563081e-09, 1.74402869924e-09, 1.15774678733e-09, 9.88184645223e-10, 1.99736852058e-10, 8.52006520891e-11, 1.29354790768e-10, 9.70031277525e-11, 8.03456676191e-11, 3.20282272925e-11, 1.6081610002e-11, 1.75501106703e-11, 1.88454703232e-11, 1.12523254603e-11, 3.79625107391e-12, 6.78919724259e-12, 1.37686338025e-11, 3.4086431594e-12, 1.88926695469e-12, 1.81924028793e-12, 1.60250100949e-12, 2.12527261415e-12],
        "dvar2": [3.99254786316e-05, 6.50694846627e-06, 9.59682984103e-06, 7.41446001484e-06, 2.76006312561e-06, 5.97059113261e-07, 7.66756400594e-08, 6.39680877157e-08, 5.97328664753e-07, 1.47780127691e-07, 1.7009676867e-07, 3.10873247145e-07, 9.13495625809e-08, 3.53861260294e-08, 1.65109554473e-07, 7.66740839708e-08, 6.72710553928e-09, 7.49606243744e-09, 9.17013487367e-09, 4.2402357181e-09, 3.0996831768e-09, 2.76351386219e-09, 5.25328724965e-10, 2.17236229005e-10, 3.27914806419e-10, 2.45909903551e-10, 1.95586144502e-10, 8.26668386522e-11, 4.46597966941e-11, 4.69642831569e-11, 4.89334406328e-11, 2.92820594161e-11, 9.93249666542e-12, 1.65860710583e-11, 3.56476827224e-11, 9.54039278134e-12, 5.48176564905e-12, 5.37422450292e-12, 4.45001067245e-12, 6.14454797807e-12],
        "max": [0.171346560121, 0.0401192270219, 0.0343703627586, 0.0455376505852, 0.0426945947111, 0.0195979308337, 0.009716139175, 0.00856769364327, 0.0185385849327, 0.00956814363599, 0.00687872385606, 0.0175884477794, 0.00760996714234, 0.00345429824665, 0.0127828707919, 0.00720301922411, 0.00132868625224, 0.00125585112255, 0.0023333968129, 0.00129537761677, 0.000939432589803, 0.000851497403346, 0.000385830528103, 0.000309762515826, 0.000357595796231, 0.000311946903821, 0.000234985665884, 0.00014214089606, 0.000102376514405, 0.000119752687169, 0.00011739331967, 8.16883330117e-05, 4.6528159146e-05, 8.98448197404e-05, 0.000145913654706, 4.49469189334e-05, 3.20605322486e-05, 3.68500732293e-05, 3.19245700666e-05, 3.48438661604e-05],
        "mean": [0.00328119494952, 0.00123499892652, 0.0015313840704, 0.00106690975372, 0.000983595964499, 0.000438623566879, 8.54745157994e-05, 7.61976116337e-05, 0.000225618714467, 0.000168775834027, 0.000226921241847, 0.0002393945324, 0.000126100116177, 7.27043006918e-05, 8.14091035863e-05, 5.62424611417e-05, 4.0311813791e-05, 3.38155332429e-05, 3.63343497156e-05, 2.27885393542e-05, 1.83235133591e-05, 2.01091515919e-05, 9.36082869885e-06, 6.35206970401e-06, 5.55948372494e-06, 4.31841999671e-06, 4.97447172165e-06, 2.96308076031e-06, 2.62627463599e-06, 1.94712129087e-06, 1.70645046182e-06, 1.61089303674e-06, 1.24403482005e-06, 1.42442956985e-06, 1.50937466969e-06, 1.27921646254e-06, 1.25305712118e-06, 1.28449084968e-06, 1.2509528915e-06, 1.39038957059e-06],
        "median": [0.00108727789484, 0.000451872183476, 0.000561724184081, 0.000309145369101, 0.000330162554746, 0.000134724876261, 2.61693076027e-05, 2.60735341726e-05, 4.73109794257e-05, 5.40530199942e-05, 7.94584266259e-05, 8.15458552097e-05, 4.06035978813e-05, 2.57204756053e-05, 1.82573039638e-05, 1.34093461384e-05, 1.75652803591e-05, 1.13202058856e-05, 1.22955561892e-05, 6.99899055689e-06, 6.61431386106e-06, 7.1265671977e-06, 4.00723820349e-06, 2.80867470792e-06, 2.07213724934e-06, 1.40617214583e-06, 1.57463000505e-06, 7.56259964874e-07, 7.06099569925e-07, 3.48980080389e-07, 2.31234409398e-07, 1.94015314037e-07, 1.58922205173e-07, 1.38063370514e-07, 1.34789175377e-07, 1.36447184218e-07, 1.31282646976e-07, 9.80069074785e-08, 7.45788639733e-08, 5.6133174553e-08],
        "min": [1.39186144801e-24, 1.98600702713e-24, 2.14647297095e-24, 2.23945561142e-24, 1.67350155446e-24, 2.08404764651e-24, 1.24338086513e-24, 2.11724173011e-24, 3.556390459e-24, 3.74602315429e-24, 2.84964622693e-24, 1.61368785266e-24, 2.57899850275e-24, 4.14476828162e-24, 3.35045398096e-24, 2.22072647581e-24, 4.03770960159e-24, 3.55972142417e-24, 2.87705874895e-24, 3.42552553457e-24, 3.60364125507e-24, 3.00335222443e-24, 4.69050343914e-24, 4.20817416017e-24, 3.28292847355e-24, 3.69424942422e-24, 5.28798747762e-24, 5.05656408702e-24, 6.05803168367e-24, 5.38962589437e-24, 5.39711810081e-24, 6.06765223683e-24, 5.01384450799e-24, 6.6001507028e-24, 6.5130324543e-24, 6.30085450878e-24, 5.84910502836e-24, 5.80510197264e-24, 6.71117971977e-24, 5.24244022667e-24],
        "var": [5.4964053561e-05, 4.58778959e-06, 6.68737038723e-06, 4.57103260487e-06, 3.71496184925e-06, 8.20274919988e-07, 5.06048785098e-08, 5.18134370964e-08, 4.98630413404e-07, 1.55040069671e-07, 1.85883735071e-07, 2.92205641017e-07, 8.30928144069e-08, 2.34764492291e-08, 1.14906590909e-07, 3.91592145377e-08, 4.18759826815e-09, 4.28651913964e-09, 8.14471068367e-09, 3.10494829847e-09, 1.64503910494e-09, 1.65802827023e-09, 2.64187699495e-10, 1.25178992172e-10, 1.46866754869e-10, 1.08627142004e-10, 1.1566143876e-10, 4.59614464543e-11, 2.96440094694e-11, 2.40108263133e-11, 2.37152693316e-11, 1.74775281053e-11, 8.592609263e-12, 1.38536621411e-11, 2.02532626087e-11, 1.0527639524e-11, 7.91653635007e-12, 8.01118719973e-12, 7.75555834831e-12, 1.04889378433e-11]
    },
    "mfcc": {
        "mean": [-678.714904785, 144.233627319, -5.7878704071, 14.567483902, 11.8392686844, 6.78064584732, 10.554772377, 9.18544101715, 4.40153503418, 0.734030246735, -8.88140201569, -7.00024557114, -6.33641052246],
        "cov": [[10022.9414062, -506.689178467, 511.354217529, 107.9506073, 544.173583984, 486.16897583, 155.87387085, -47.1879768372, -55.9287452698, 9.45651340485, 6.5652551651, 262.904449463, 357.978668213], [-506.689178467, 2600.92358398, -704.165588379, 236.540008545, -101.920562744, -69.9450683594, -3.60798478127, -100.626609802, -138.335830688, -68.746131897, -73.4732284546, -24.6759166718, -155.370178223], [511.354217529, -704.165588379, 652.584594727, -87.1702423096, 0.19011503458, 42.399520874, -11.3305969238, 34.0523834229, 15.3384580612, 43.8528900146, 26.2148628235, 18.268245697, 68.3532180786], [107.9506073, 236.540008545, -87.1702423096, 328.303405762, 57.8672027588, -19.8405437469, -27.5338096619, -52.2662315369, -27.2223339081, -57.3105010986, -41.8987884521, -42.4466552734, -27.5002555847], [544.173583984, -101.920562744, 0.19011503458, 57.8672027588, 270.357940674, 55.3489685059, 24.9637203217, -23.9809398651, -8.92510128021, -11.1003065109, -5.20629405975, 31.2306098938, 39.4753646851], [486.16897583, -69.9450683594, 42.399520874, -19.8405437469, 55.3489685059, 221.682998657, 47.2858314514, 36.3543510437, -19.5906829834, 0.508312404156, 11.5798559189, 37.6234970093, 48.2418327332], [155.87387085, -3.60798478127, -11.3305969238, -27.5338096619, 24.9637203217, 47.2858314514, 156.311157227, 42.0674591064, 41.9136962891, 2.00787115097, -5.11226224899, 11.8711452484, 5.96132230759], [-47.1879768372, -100.626609802, 34.0523834229, -52.2662315369, -23.9809398651, 36.3543510437, 42.0674591064, 160.550384521, 73.6519470215, 43.0379714966, 4.25496578217, -1.59700942039, 14.2454376221], [-55.9287452698, -138.335830688, 15.3384580612, -27.2223339081, -8.92510128021, -19.5906829834, 41.9136962891, 73.6519470215, 170.604675293, 68.5339355469, 11.730222702, -2.5578918457, 8.33306217194], [9.45651340485, -68.746131897, 43.8528900146, -57.3105010986, -11.1003065109, 0.508312404156, 2.00787115097, 43.0379714966, 68.5339355469, 142.147018433, 77.6631317139, 55.5206375122, 38.9868583679], [6.5652551651, -73.4732284546, 26.2148628235, -41.8987884521, -5.20629405975, 11.5798559189, -5.11226224899, 4.25496578217, 11.730222702, 77.6631317139, 140.951660156, 83.1570892334, 38.7823638916], [262.904449463, -24.6759166718, 18.268245697, -42.4466552734, 31.2306098938, 37.6234970093, 11.8711452484, -1.59700942039, -2.5578918457, 55.5206375122, 83.1570892334, 144.578674316, 77.9619903564], [357.978668213, -155.370178223, 68.3532180786, -27.5002555847, 39.4753646851, 48.2418327332, 5.96132230759, 14.2454376221, 8.33306217194, 38.9868583679, 38.7823638916, 77.9619903564, 141.464981079]],
