{
"lowlevel": {
    "average_loudness": 0.919586658478,
    "barkbands_crest": {
        "dmean": 2.05043721199,
        "dmean2": 3.31792616844,
        "dvar": 4.36855077744,
        "dvar2": 11.1792106628,
        "max": 25.7134037018,
        "mean": 13.5518875122,
        "median": 12.8899021149,
        "min": 3.42097473145,
        "var": 23.437871933
    },
    "barkbands_flatness_db": {
        "dmean": 0.0200580079108,
        "dmean2": 0.0316086895764,
        "dvar": 0.000594852375798,
        "dvar2": 0.00140979443677,
        "max": 0.512527763844,
        "mean": 0.189865931869,
        "median": 0.186906099319,
        "min": 0.0311778243631,
        "var": 0.00570780737326
    },
    "barkbands_kurtosis": {
        "dmean": 3.1583302021,
        "dmean2": 5.15325546265,
        "dvar": 23.6548843384,
        "dvar2": 64.2041473389,
        "max": 96.7728347778,
        "mean": 6.75175476074,
        "median": 4.90669250488,
        "min": -1.91861927509,
        "var": 52.6683425903
    },
    "barkbands_skewness": {
        "dmean": 0.477141499519,
        "dmean2": 0.765266358852,
        "dvar": 0.266606390476,
        "dvar2": 0.701816856861,
        "max": 8.28861236572,
        "mean": 2.18136048317,
        "median": 2.18723869324,
        "min": -3.69168233871,
        "var": 1.25352287292
    },
    "barkbands_spread": {
        "dmean": 3.79212164879,
        "dmean2": 6.19405317307,
        "dvar": 24.3707408905,
        "dvar2": 64.1658859253,
        "max": 105.128585815,
        "mean": 15.6890907288,
        "median": 12.904750824,
        "min": 0.52288377285,
        "var": 110.131401062
    },
    "dissonance": {
        "dmean": 0.0195324607193,
        "dmean2": 0.0331201665103,
        "dvar": 0.000501565809827,
        "dvar2": 0.00133565301076,
        "max": 0.5,
        "mean": 0.45716163516,
        "median": 0.469634205103,
        "min": 0.0642011463642,
        "var": 0.00190619239584
    },
    "dynamic_complexity": 2.11901521683,
    "erbbands_crest": {
        "dmean": 2.47058439255,
        "dmean2": 4.02492380142,
        "dvar": 7.39487028122,
        "dvar2": 18.9479885101,
        "max": 32.5285339355,
        "mean": 9.11250305176,
        "median": 7.73311233521,
        "min": 2.15790510178,
        "var": 24.1976795197
    },
    "erbbands_flatness_db": {
        "dmean": 0.0157938674092,
        "dmean2": 0.0237903818488,
        "dvar": 0.000390765053453,
        "dvar2": 0.000818157102913,
        "max": 0.546777665615,
        "mean": 0.175337851048,
        "median": 0.16002368927,
        "min": 0.0336100570858,
        "var": 0.00675758067518
    },
    "erbbands_kurtosis": {
        "dmean": 0.718040704727,
        "dmean2": 1.14506602287,
        "dvar": 1.73699867725,
        "dvar2": 4.09271430969,
        "max": 54.0452766418,
        "mean": 0.255963087082,
        "median": -0.431923389435,
        "min": -1.68348693848,
        "var": 7.51256370544
    },
    "erbbands_skewness": {
        "dmean": 0.293143451214,
        "dmean2": 0.468517363071,
        "dvar": 0.0835187509656,
        "dvar2": 0.207488283515,
        "max": 6.0185136795,
        "mean": 0.232927173376,
        "median": 0.147108286619,
        "min": -2.62807536125,
        "var": 0.490490198135
    },
    "erbbands_spread": {
        "dmean": 7.34545612335,
        "dmean2": 11.5236644745,
        "dvar": 76.476776123,
        "dvar2": 182.645828247,
        "max": 133.98223877,
        "mean": 39.7465934753,
        "median": 38.9035224915,
        "min": 0.840640664101,
        "var": 373.155975342
    },
    "hfc": {
        "dmean": 5.30075645447,
        "dmean2": 8.68644809723,
        "dvar": 71.047996521,
        "dvar2": 186.336257935,
        "max": 107.998306274,
        "mean": 23.9712924957,
        "median": 21.0214729309,
        "min": 1.10201911348e-16,
        "var": 229.111282349
    },
    "melbands_crest": {
        "dmean": 2.51520705223,
        "dmean2": 4.04390764236,
        "dvar": 6.33348846436,
        "dvar2": 16.6204395294,
        "max": 33.6957168579,
        "mean": 18.2944145203,
        "median": 18.4413948059,
        "min": 1.92160344124,
        "var": 31.9681091309
    },
    "melbands_flatness_db": {
        "dmean": 0.0227016303688,
        "dmean2": 0.0358214005828,
        "dvar": 0.000781324924901,
        "dvar2": 0.00187489192467,
        "max": 0.620389401913,
        "mean": 0.272839039564,
        "median": 0.265940159559,
        "min": 0.00329783721827,
        "var": 0.00710456306115
    },
    "melbands_kurtosis": {
        "dmean": 8.0489730835,
        "dmean2": 13.0753889084,
        "dvar": 133.975753784,
        "dvar2": 352.578704834,
        "max": 214.574996948,
        "mean": 20.5531864166,
        "median": 16.7557888031,
        "min": -1.49986970425,
        "var": 336.321624756
    },
    "melbands_skewness": {
        "dmean": 0.701427400112,
        "dmean2": 1.12268209457,
        "dvar": 0.571447372437,
        "dvar2": 1.46170866489,
        "max": 12.4135046005,
        "mean": 3.52831530571,
        "median": 3.52792644501,
        "min": -2.41709184647,
        "var": 3.07009243965
    },
    "melbands_spread": {
        "dmean": 3.36736106873,
        "dmean2": 5.46339178085,
        "dvar": 18.7236003876,
        "dvar2": 47.6797294617,
        "max": 150.772064209,
        "mean": 12.4457740784,
        "median": 10.729344368,
        "min": 0.905857264996,
        "var": 76.0620956421
    },
    "pitch_salience": {
        "dmean": 0.0644255205989,
        "dmean2": 0.105697326362,
        "dvar": 0.00378086720593,
        "dvar2": 0.0101651623845,
        "max": 0.983155071735,
        "mean": 0.472357243299,
        "median": 0.480525404215,
        "min": 0.0932054743171,
        "var": 0.0171236507595
    },
    "silence_rate_20dB": {
        "dmean": 0,
        "dmean2": 0,
        "dvar": 0,
        "dvar2": 0,
        "max": 1,
        "mean": 1,
        "median": 1,
        "min": 1,
        "var": 0
    },
    "silence_rate_30dB": {
        "dmean": 0.0642060413957,
        "dmean2": 0.128423720598,
        "dvar": 0.0600908696651,
        "dvar2": 0.13296353817,
        "max": 1,
        "mean": 0.919024288654,
        "median": 1,
        "min": 0,
        "var": 0.074406966567
    },
    "silence_rate_60dB": {
        "dmean": 0.00344608677551,
        "dmean2": 0.00689279893413,
        "dvar": 0.00343378214166,
        "dvar2": 0.00811330787838,
        "max": 1,
        "mean": 0.0249365251511,
        "median": 0,
        "min": 0,
        "var": 0.0243183113635
    },
    "spectral_centroid": {
        "dmean": 188.391769409,
        "dmean2": 302.451629639,
        "dvar": 61544.609375,
        "dvar2": 152567.5625,
        "max": 11426.7314453,
        "mean": 1060.62683105,
        "median": 960.986206055,
        "min": 192.113800049,
        "var": 389803.78125
    },
    "spectral_complexity": {
        "dmean": 3.35848379135,
        "dmean2": 5.53147125244,
        "dvar": 13.4291629791,
        "dvar2": 33.5104370117,
        "max": 55,
        "mean": 21.9622783661,
        "median": 21,
        "min": 0,
        "var": 93.4211120605
    },
    "spectral_decrease": {
        "dmean": 3.25225668618e-09,
        "dmean2": 5.25624077596e-09,
        "dvar": 2.16052975098e-17,
        "dvar2": 5.69362510778e-17,
        "max": 3.77839725638e-17,
        "mean": -1.57561128589e-08,
        "median": -1.65387383788e-08,
        "min": -6.04917929081e-08,
        "var": 7.94598894667e-17
    },
    "spectral_energy": {
        "dmean": 0.0125141805038,
        "dmean2": 0.0202310942113,
        "dvar": 0.000315604003845,
        "dvar2": 0.000828472489957,
        "max": 0.232270076871,
        "mean": 0.0616414621472,
        "median": 0.0649945437908,
        "min": 1.00519311155e-20,
        "var": 0.00118236721028
    },
    "spectral_energyband_high": {
        "dmean": 0.000367876258679,
        "dmean2": 0.000605671782978,
        "dvar": 7.77059426582e-07,
        "dvar2": 2.12657801058e-06,
        "max": 0.0124507034197,
        "mean": 0.000946032057982,
        "median": 0.000193246494746,
        "min": 6.93116768802e-21,
        "var": 1.76736853064e-06
    },
    "spectral_energyband_low": {
        "dmean": 0.0098669026047,
        "dmean2": 0.0158230792731,
        "dvar": 0.000266464950982,
        "dvar2": 0.000712171837222,
        "max": 0.207957595587,
        "mean": 0.0388533696532,
        "median": 0.0385337024927,
        "min": 2.75296205387e-23,
        "var": 0.000928204797674
    },
    "spectral_energyband_middle_high": {
        "dmean": 0.00174485344905,
        "dmean2": 0.00288441870362,
        "dvar": 7.87990029494e-06,
        "dvar2": 2.11002261494e-05,
        "max": 0.056356780231,
        "mean": 0.00522476201877,
        "median": 0.00444081192836,
        "min": 1.22321615098e-21,
        "var": 1.63857876032e-05
    },
    "spectral_energyband_middle_low": {
        "dmean": 0.00674669165164,
        "dmean2": 0.0110074579716,
        "dvar": 0.000144081030157,
        "dvar2": 0.000366397493053,
        "max": 0.182970166206,
        "mean": 0.0187093112618,
        "median": 0.0156610049307,
        "min": 1.69180270937e-22,
        "var": 0.000220904999878
    },
    "spectral_entropy": {
        "dmean": 0.149823158979,
        "dmean2": 0.23490780592,
        "dvar": 0.0400110185146,
        "dvar2": 0.0895929932594,
        "max": 9.81343364716,
        "mean": 7.3221487999,
        "median": 7.40925741196,
        "min": 4.23079967499,
        "var": 0.474460333586
    },
    "spectral_flux": {
        "dmean": 0.0256199538708,
        "dmean2": 0.0413748286664,
        "dvar": 0.0012026821496,
        "dvar2": 0.00273714307696,
        "max": 0.398127168417,
        "mean": 0.087846763432,
        "median": 0.0769920498133,
        "min": 6.40713940236e-11,
        "var": 0.00283238338307
    },
    "spectral_kurtosis": {
        "dmean": 4.46426105499,
        "dmean2": 7.68416929245,
        "dvar": 100.406311035,
        "dvar2": 276.818389893,
        "max": 321.311767578,
        "mean": 11.9066591263,
        "median": 4.3440246582,
        "min": -1.2654941082,
        "var": 772.395568848
    },
    "spectral_rms": {
        "dmean": 0.000738876871765,
        "dmean2": 0.00118119339459,
        "dvar": 7.88610122981e-07,
        "dvar2": 2.0350273644e-06,
        "max": 0.0150534035638,
        "mean": 0.00732315611094,
        "median": 0.00796299614012,
        "min": 3.13157507738e-12,
        "var": 6.50910305922e-06
    },
    "spectral_rolloff": {
        "dmean": 228.13873291,
        "dmean2": 393.890808105,
        "dvar": 206925.59375,
        "dvar2": 473543.53125,
        "max": 19724.4140625,
        "mean": 724.792724609,
        "median": 538.330078125,
        "min": 64.599609375,
        "var": 1900115
    },
    "spectral_skewness": {
        "dmean": 0.353381246328,
        "dmean2": 0.599729239941,
        "dvar": 0.252817958593,
        "dvar2": 0.704513311386,
        "max": 14.8136901855,
        "mean": 1.98668920994,
        "median": 1.479190588,
        "min": -0.0473971143365,
        "var": 2.5802989006
    },
    "spectral_spread": {
        "dmean": 425698.78125,
        "dmean2": 650927.875,
        "dvar": 535693328384,
        "dvar2": 1.03917263258e+12,
        "max": 42158484,
        "mean": 3912685.5,
        "median": 3544139,
        "min": 291029.15625,
        "var": 5.01260484608e+12
    },
    "spectral_strongpeak": {
        "dmean": 0.240117564797,
        "dmean2": 0.412423700094,
        "dvar": 0.160261377692,
        "dvar2": 0.416122883558,
        "max": 6.09269618988,
        "mean": 0.782452106476,
        "median": 0.658622086048,
        "min": 2.60636595639e-10,
        "var": 0.282602369785
    },
    "zerocrossingrate": {
        "dmean": 0.00580043764785,
        "dmean2": 0.00758890761063,
        "dvar": 6.00530329393e-05,
        "dvar2": 9.88960382529e-05,
        "max": 0.6845703125,
        "mean": 0.0374584496021,
        "median": 0.03125,
        "min": 0.0029296875,
        "var": 0.0016960153589
    },
    "barkbands": {
        "dmean": [0.000232799793594, 0.00697705941275, 0.00460594659671, 0.00280850497074, 0.00379052152857, 0.00104786886368, 0.00059520843206, 0.00098436162807, 0.000479585374705, 0.000599452934694, 0.000250067852903, 0.000685146427713, 0.000222978560487, 0.000200855225557, 0.000396109797293, 0.000246813724516, 0.000294796016533, 0.000115076443763, 0.000114128211862, 0.000111152148747, 9.95436712401e-05, 0.000118626623589, 7.61837000027e-05, 5.17841071996e-05, 2.9825099773e-05, 1.78167447302e-05, 5.3182643569e-06],
        "dmean2": [0.000369909073925, 0.0108918221667, 0.00786501355469, 0.00464750407264, 0.00625876663253, 0.00168551353272, 0.000954791903496, 0.0015401734272, 0.000757713627536, 0.000928826862946, 0.00040155206807, 0.00118171062786, 0.000371987989638, 0.000334001058945, 0.000660233781673, 0.000416002672864, 0.000493905623443, 0.000190775230294, 0.000187365643797, 0.000193663974642, 0.000169124599779, 0.000197481189389, 0.000121215416584, 8.53725359775e-05, 4.81602510263e-05, 2.88431820081e-05, 8.94354980119e-06],
        "dvar": [2.18145572717e-07, 0.000115260889288, 0.000160661933478, 3.95245297113e-05, 5.21841247973e-05, 1.91877143152e-06, 7.11939549092e-07, 6.41153974357e-06, 6.94828997894e-07, 6.54928612676e-07, 2.01642691877e-07, 4.01451143262e-06, 2.49344338954e-07, 1.34071825642e-07, 5.52190442704e-07, 2.06852234896e-07, 2.22970058417e-07, 3.1500782427e-08, 3.04655003447e-08, 7.11735452796e-08, 4.22268655598e-08, 1.14558545761e-07, 2.81937015956e-08, 1.31701671791e-08, 4.9882542541e-09, 3.02855385215e-09, 2.68591732189e-10],
        "dvar2": [4.91830576266e-07, 0.000291675445624, 0.000445596582722, 0.000102552381577, 0.000136459741043, 4.71935027235e-06, 1.86552222203e-06, 1.47078435475e-05, 1.60450929343e-06, 1.46929323819e-06, 4.90971842737e-07, 1.12414718387e-05, 6.20958928721e-07, 3.43139419101e-07, 1.45246542615e-06, 5.52468350179e-07, 5.96432187194e-07, 8.17463572389e-08, 7.80622215757e-08, 2.04929207825e-07, 1.18283416839e-07, 3.19510519375e-07, 6.93511879035e-08, 3.46330715217e-08, 1.27442900677e-08, 7.59314566778e-09, 6.8360955785e-10],
        "max": [0.00900188367814, 0.163515627384, 0.179302811623, 0.0791451185942, 0.101939916611, 0.0399116873741, 0.0252754576504, 0.0608319789171, 0.0210843719542, 0.0123971104622, 0.010071894154, 0.0488742366433, 0.00914223305881, 0.00890769995749, 0.0133320651948, 0.00867999624461, 0.00712859677151, 0.00402254424989, 0.00269127218053, 0.00376230990514, 0.00250847777352, 0.00520810345188, 0.00291327037849, 0.00200724555179, 0.00108592095785, 0.000980644952506, 0.000295874691801],
        "mean": [0.000596976780798, 0.0266528949142, 0.0097671430558, 0.00371402851306, 0.00770125584677, 0.0023104280699, 0.00122531608213, 0.00215008039959, 0.00107445882168, 0.00116655929014, 0.000429240928497, 0.000830169592518, 0.000360765116056, 0.000346589804394, 0.000680934870616, 0.000454371154774, 0.000595158373471, 0.000262780551566, 0.000259392691078, 0.000214519284782, 0.000228453922318, 0.000219087058213, 0.000155287430971, 0.000131586479256, 7.6912343502e-05, 3.0389002859e-05, 6.77166281093e-06],
        "median": [6.72753667459e-05, 0.0204752422869, 0.00261631747708, 0.0016595593188, 0.00445361668244, 0.00148850260302, 0.000749995582737, 0.000867002410814, 0.000476074579637, 0.000682507059537, 0.000214233805309, 0.00032261031447, 0.000168724698597, 0.000202092691325, 0.000334841170115, 0.00027828788734, 0.000357135431841, 0.000188663805602, 0.000184838427231, 9.48081942624e-05, 5.55590959266e-05, 3.66926469724e-05, 2.35055667872e-05, 1.23552708828e-05, 6.28946145298e-06, 1.95761322175e-06, 2.88237316681e-07],
        "min": [2.9986087052e-25, 1.55393023886e-23, 2.83886269557e-24, 2.05329390412e-24, 2.26980336654e-23, 1.54152066796e-23, 2.26667206207e-23, 1.7513908009e-23, 1.88795887413e-23, 4.8592661092e-23, 5.18842305507e-23, 4.56759299365e-23, 6.00742065568e-23, 7.24181820949e-23, 8.15935116359e-23, 7.70537433441e-23, 3.51104917964e-23, 1.15608600646e-22, 1.17592137749e-22, 1.94254650261e-22, 2.87264872461e-22, 3.2641890433e-22, 4.79984980002e-22, 6.33712690118e-22, 1.05601328297e-21, 1.55795863596e-21, 2.06489261909e-21],
        "var": [1.53309463258e-06, 0.000716229435056, 0.000250861543464, 4.16034781665e-05, 8.53731835377e-05, 7.16852855476e-06, 2.19215849029e-06, 1.63276545209e-05, 3.0536639315e-06, 1.91258163795e-06, 4.43075208523e-07, 3.26478357238e-06, 3.69307940673e-07, 2.58894573335e-07, 1.23959978282e-06, 3.73469589476e-07, 5.29894919055e-07, 8.45357419621e-08, 7.90101069015e-08, 8.90870595072e-08, 9.98456997081e-08, 1.48406087419e-07, 6.47102424978e-08, 4.32502602621e-08, 1.69543419304e-08, 4.04850064584e-09, 2.95405755413e-10]
    },
    "erbbands": {
        "dmean": [0.181867301464, 1.69977283478, 4.76379585266, 6.95952415466, 13.6409931183, 12.4156332016, 9.9766960144, 8.39025783539, 8.83704662323, 13.2766714096, 20.167552948, 12.3389177322, 15.1174287796, 15.4393548965, 11.3659706116, 33.395652771, 11.324508667, 10.4765558243, 22.0057582855, 11.6348419189, 14.720998764, 10.8454265594, 6.2170753479, 6.16209506989, 6.27282333374, 5.02705383301, 4.2977643013, 3.86300206184, 4.74484777451, 3.51772809029, 2.13645291328, 1.37843692303, 0.752244472504, 0.370418250561, 0.207281306386, 0.0920285359025, 0.0315944440663, 0.00752176390961, 0.000841233879328, 5.53761638002e-05],
        "dmean2": [0.276713460684, 2.67734360695, 8.08754920959, 11.5384654999, 22.6104431152, 20.6204948425, 15.8122262955, 13.8571958542, 13.9135398865, 20.8952732086, 32.0803413391, 19.2127819061, 23.2090892792, 24.4907207489, 18.664440155, 57.4500961304, 18.9392127991, 17.3046970367, 36.6787109375, 19.3940849304, 24.5488300323, 18.3897399902, 10.4263038635, 10.1812744141, 10.3649139404, 8.77092170715, 7.24411535263, 6.66357660294, 8.16529083252, 5.5672955513, 3.45480394363, 2.28648114204, 1.22864103317, 0.599102556705, 0.338185846806, 0.149946242571, 0.051503200084, 0.0123926484957, 0.00140653923154, 9.23281913856e-05],
        "dvar": [0.0875506773591, 7.37208890915, 148.303588867, 205.660064697, 1229.64465332, 547.772216797, 251.071594238, 147.302352905, 160.730026245, 911.301452637, 3094.50512695, 485.605773926, 648.876464844, 530.518371582, 446.234832764, 9714.0703125, 642.768859863, 376.765228271, 1905.05163574, 432.09072876, 527.076660156, 368.655487061, 92.7030715942, 101.22542572, 107.434242249, 148.617126465, 65.4907836914, 98.4957046509, 235.560394287, 57.5382194519, 22.7083187103, 10.1486759186, 2.47236585617, 0.725559234619, 0.243707567453, 0.0737846046686, 0.00968561414629, 0.000459099828731, 7.17976854503e-06, 3.40244206143e-08],
        "dvar2": [0.206813678145, 18.9412441254, 409.537628174, 561.754333496, 3107.84399414, 1514.11535645, 614.22869873, 390.96395874, 384.968841553, 1782.13562012, 7784.61083984, 1098.56506348, 1409.06652832, 1274.86010742, 1134.05273438, 27244.6953125, 1616.07836914, 960.975769043, 5005.55517578, 1143.73583984, 1419.08520508, 1032.95141602, 243.146224976, 257.662384033, 282.211700439, 426.151641846, 180.244277954, 279.550354004, 678.43371582, 138.489807129, 58.6052856445, 26.8025512695, 6.45839643478, 1.85341286659, 0.626313745975, 0.188658639789, 0.0242764148861, 0.00115461309906, 1.82532694453e-05, 8.46408099164e-08],
        "max": [4.64993619919, 39.93800354, 167.617370605, 231.101577759, 572.267883301, 428.003692627, 422.608764648, 312.015899658, 285.038574219, 1105.71972656, 1240.1463623, 593.096313477, 488.077087402, 389.300811768, 509.697998047, 2431.05810547, 487.992553711, 488.30178833, 816.987243652, 344.028625488, 513.270263672, 256.423858643, 167.139251709, 222.418685913, 147.903213501, 197.587188721, 112.928031921, 146.799880981, 244.31022644, 148.939086914, 99.326171875, 60.3487968445, 22.3519420624, 13.1008558273, 7.63426399231, 5.23368597031, 1.63814473152, 0.359126150608, 0.0522400513291, 0.00281537510455],
        "mean": [0.774059474468, 5.96732759476, 11.5358543396, 12.180346489, 20.7213554382, 26.1721553802, 20.8311977386, 17.178527832, 18.352935791, 31.7138500214, 41.1611366272, 29.7313938141, 31.1909427643, 29.1098594666, 19.7435398102, 41.2206115723, 18.650270462, 19.8048439026, 38.2075920105, 23.5368652344, 31.9910488129, 23.2438316345, 14.957988739, 13.9484958649, 14.0408792496, 10.1523342133, 9.91295146942, 7.53186893463, 7.68139410019, 7.17419672012, 4.2425327301, 3.00089120865, 1.92165875435, 0.981424570084, 0.489817917347, 0.172296285629, 0.0505006425083, 0.0108494553715, 0.00112723349594, 0.000117234842037],
        "median": [0.326007425785, 4.4128818512, 4.98338031769, 6.91474199295, 10.6008358002, 12.7962646484, 11.6331148148, 10.0898189545, 11.2399291992, 13.7982206345, 18.9567527771, 13.7495422363, 16.1367797852, 16.6308364868, 11.2635231018, 16.2092170715, 9.79154109955, 12.0236625671, 18.0976295471, 15.2164859772, 22.1309070587, 16.5282936096, 11.0883274078, 9.96814537048, 9.03534317017, 4.87188720703, 2.56158423424, 1.83066475391, 1.39617085457, 1.02139163017, 0.616721332073, 0.311848342419, 0.170829981565, 0.0860563367605, 0.0339393764734, 0.0112219098955, 0.0029639233835, 0.000543976901099, 8.3454840933e-05, 8.86821580934e-05],
        "min": [4.7954190523e-22, 2.12479111793e-21, 4.90266435158e-21, 1.15282352514e-20, 2.82202521054e-20, 7.45979070629e-20, 4.39555021028e-20, 1.41485741184e-19, 2.68057234978e-19, 3.16547001926e-19, 4.17486740552e-19, 3.16303293838e-19, 8.64209249276e-19, 1.61629747524e-18, 2.3710058992e-18, 2.08375502378e-18, 3.00680979844e-18, 3.24590077103e-18, 3.49691182983e-18, 4.49432786681e-18, 4.42705119964e-18, 2.51747477026e-18, 6.38063301722e-18, 4.89151849026e-18, 8.21007942668e-18, 9.24071834578e-18, 1.07295921632e-17, 1.19716559653e-17, 1.05362403494e-17, 1.36871036515e-17, 1.26420717897e-17, 1.18999576042e-17, 1.03191434889e-17, 9.48763175863e-18, 8.80499268631e-18, 5.46368262869e-18, 2.62202274827e-18, 1.05244071171e-18, 2.92934459256e-19, 2.97806766322e-20],
        "var": [0.841653347015, 38.2370796204, 261.248077393, 252.072494507, 1238.99450684, 1228.0904541, 766.690124512, 467.776977539, 465.031738281, 3965.8125, 4797.28662109, 2253.04516602, 2017.39807129, 1322.79882812, 764.817749023, 7910.40673828, 863.440673828, 784.92401123, 4456.48291016, 818.17175293, 1222.27502441, 636.987976074, 248.489822388, 244.530288696, 272.250671387, 187.347076416, 180.4271698, 134.160705566, 221.630096436, 145.040039062, 46.9575462341, 23.6892375946, 9.44062805176, 2.6535449028, 0.760301113129, 0.114989683032, 0.0123225143179, 0.000566497095861, 7.9423571151e-06, 3.56373774935e-08]
    },
    "gfcc": {
        "mean": [-2.6355381012, 130.311126709, -113.144561768, 31.7375717163, -42.2965393066, 6.62208843231, -28.1325492859, 3.58250308037, -14.7208614349, -4.45929002762, -13.4575185776, -5.83129453659, -6.28832435608],
        "cov": [[15716.9375, -3301.54248047, 460.303741455, 2367.31958008, -323.505828857, 1689.53100586, -202.89906311, 674.76361084, -209.690597534, 471.782440186, -128.609268188, 745.220275879, -90.0824356079], [-3301.54248047, 3261.09667969, -904.34967041, -938.596801758, 443.277099609, -920.853088379, 230.977416992, -446.64855957, 144.502532959, -426.178466797, 139.628173828, -488.839385986, 168.54977417], [460.303741455, -904.34967041, 937.247680664, 130.506866455, -60.5724754333, 409.441864014, -71.9206008911, 168.408279419, -33.1899757385, 162.505050659, -76.8785171509, 173.111694336, -81.2007217407], [2367.31958008, -938.596801758, 130.506866455, 961.827514648, 48.9649734497, 401.835540771, 40.7914543152, 179.222457886, 44.6749382019, 115.813964844, 50.168926239, 185.63482666, 33.5869255066], [-323.505828857, 443.277099609, -60.5724754333, 48.9649734497, 401.313415527, -49.33751297, 130.201202393, 2.891726017, 62.8827018738, -20.6206588745, 61.8242111206, -24.1300163269, 82.4616165161], [1689.53100586, -920.853088379, 409.441864014, 401.835540771, -49.33751297, 549.223205566, -25.3516139984, 167.224578857, -14.600610733, 141.062911987, 0.131813660264, 189.436645508, -18.8491401672], [-202.89906311, 230.977416992, -71.9206008911, 40.7914543152, 130.201202393, -25.3516139984, 174.818984985, 49.5528717041, 71.7936630249, -4.0236530304, 37.6099281311, -25.5287837982, 46.39610672], [674.76361084, -446.64855957, 168.408279419, 179.222457886, 2.891726017, 167.224578857, 49.5528717041, 215.981460571, 48.7277526855, 111.718132019, -12.6323766708, 78.777130127, 8.46124076843], [-209.690597534, 144.502532959, -33.1899757385, 44.6749382019, 62.8827018738, -14.600610733, 71.7936630249, 48.7277526855, 127.340065002, 28.2247943878, 33.7486724854, -25.9365673065, 24.4841251373], [471.782440186, -426.178466797, 162.505050659, 115.813964844, -20.6206588745, 141.062911987, -4.0236530304, 111.718132019, 28.2247943878, 150.329666138, 12.903878212, 78.8887176514, -15.2586278915], [-128.609268188, 139.628173828, -76.8785171509, 50.168926239, 61.8242111206, 0.131813660264, 37.6099281311, -12.6323766708, 33.7486724854, 12.903878212, 98.4012451172, 13.9462156296, 36.5144805908], [745.220275879, -488.839385986, 173.111694336, 185.63482666, -24.1300163269, 189.436645508, -25.5287837982, 78.777130127, -25.9365673065, 78.8887176514, 13.9462156296, 151.051925659, 10.438668251], [-90.0824356079, 168.54977417, -81.2007217407, 33.5869255066, 82.4616165161, -18.8491401672, 46.39610672, 8.46124076843, 24.4841251373, -15.2586278915, 36.5144805908, 10.438668251, 102.192504883]],
        "icov": [[0.000192162755411, -0.000310124887619, 0.00029067180003, -0.000454623019323, 0.000127471605083, -0.000501674017869, 0.000218454384594, -0.000367788365111, 0.000503541436046, -0.000480398884974, 0.000771311984863, -0.000608745322097, 0.00039136360283], [-0.000310124887619, 0.00247312057763, -0.000434312212747, 0.0017591525102, -0.00119848013856, 0.00141522695776, -0.000918962876312, 0.00166370661464, -0.00218296446837, 0.00308627798222, -0.00323178828694, 0.00332796573639, -0.00196942151524], [0.00029067180003, -0.000434312212747, 0.00263317325152, -0.000115019844088, -0.000381624093279, -0.00206966744736, 0.000662439444568, -0.000765226548538, 0.000337859761203, -0.00134511932265, 0.00273175537586, -0.00228406745009, 0.00176687655039], [-0.000454623019323, 0.0017591525102, -0.000115019844088, 0.00347650749609, -0.00111812050454, 0.000256938597886, -0.000766557175666, 0.000839743006509, -0.00265282904729, 0.00283809984103, -0.00299465004355, 0.00115531450137, -0.00129669252783], [0.000127471605083, -0.00119848013856, -0.000381624093279, -0.00111812050454, 0.00444584432989, -0.000259222026216, -0.00182763568591, -0.000139255920658, 0.000959486525971, -0.00146464456338, 0.000450187915703, -0.000928989204112, -0.00115520425607], [-0.000501674017869, 0.00141522695776, -0.00206966744736, 0.000256938597886, -0.000259222026216, 0.00643122196198, -0.000837439612951, 0.000358870485798, -0.00115280342288, 0.00167054194026, -0.00332547700964, -1.56305359269e-05, -0.00104404275771], [0.000218454384594, -0.000918962876312, 0.000662439444568, -0.000766557175666, -0.00182763568591, -0.000837439612951, 0.0112560437992, -0.00476529635489, -0.0017895817291, 0.00111840607133, -0.00084376038285, 0.000467618985567, -5.94460434513e-05], [-0.000367788365111, 0.00166370661464, -0.000765226548538, 0.000839743006509, -0.000139255920658, 0.000358870485798, -0.00476529635489, 0.0134065346792, -0.00451667839661, -0.00424480810761, 0.00310556427576, 0.000163595410413, -0.00339825148694], [0.000503541436046, -0.00218296446837, 0.000337859761203, -0.00265282904729, 0.000959486525971, -0.00115280342288, -0.0017895817291, -0.00451667839661, 0.016323896125, -0.00611384911463, -0.000507358636241, 0.00298892566934, 0.000436330330558], [-0.000480398884974, 0.00308627798222, -0.00134511932265, 0.00283809984103, -0.00146464456338, 0.00167054194026, 0.00111840607133, -0.00424480810761, -0.00611384911463, 0.0196734983474, -0.00849359855056, -0.000142657823744, 0.00127003970556], [0.000771311984863, -0.00323178828694, 0.00273175537586, -0.00299465004355, 0.000450187915703, -0.00332547700964, -0.00084376038285, 0.00310556427576, -0.000507358636241, -0.00849359855056, 0.022386552766, -0.00895824562758, 8.38175037643e-05], [-0.000608745322097, 0.00332796573639, -0.00228406745009, 0.00115531450137, -0.000928989204112, -1.56305359269e-05, 0.000467618985567, 0.000163595410413, 0.00298892566934, -0.000142657823744, -0.00895824562758, 0.023398116231, -0.00762582942843], [0.00039136360283, -0.00196942151524, 0.00176687655039, -0.00129669252783, -0.00115520425607, -0.00104404275771, -5.94460434513e-05, -0.00339825148694, 0.000436330330558, 0.00127003970556, 8.38175037643e-05, -0.00762582942843, 0.0170908346772]]
    },
    "melbands": {
        "dmean": [0.00178517319728, 0.00230121589266, 0.0014116698876, 0.00093829218531, 0.000365957501344, 0.000189751692233, 0.000132580476929, 0.000156872119987, 0.000157244270667, 7.13979025022e-05, 7.60777911637e-05, 6.58917051624e-05, 3.39286707458e-05, 7.75641165092e-05, 4.90030324727e-05, 2.06368640647e-05, 2.14972005779e-05, 3.41898630722e-05, 1.98194557015e-05, 1.9395201889e-05, 1.98654488486e-05, 1.40356114571e-05, 8.63257537276e-06, 5.92887090534e-06, 5.33270485903e-06, 4.97947803524e-06, 4.43367889602e-06, 3.43948136106e-06, 3.155671493e-06, 2.74258877653e-06, 2.19296521209e-06, 2.89370018436e-06, 2.3027696443e-06, 1.8838396727e-06, 1.41662815167e-06, 9.59065687312e-07, 8.42804809054e-07, 5.82712175401e-07, 4.4691836365e-07, 3.16577285275e-07],
        "dmean2": [0.00274993060157, 0.0037845633924, 0.00233291927725, 0.00154273933731, 0.00059324252652, 0.000310125207761, 0.000209315228858, 0.000246893061558, 0.000249903445365, 0.000111972658488, 0.000117066709208, 0.000104809776531, 5.47991876374e-05, 0.00013404355559, 8.33805606817e-05, 3.42314124282e-05, 3.56328673661e-05, 5.70202319068e-05, 3.29388094542e-05, 3.24154243572e-05, 3.29744252667e-05, 2.35896877712e-05, 1.4729299437e-05, 9.80041022558e-06, 8.82367294253e-06, 8.09821085568e-06, 7.58438773119e-06, 6.02438376518e-06, 5.32687272425e-06, 4.68812413601e-06, 3.7624563447e-06, 5.03519913764e-06, 3.81396716875e-06, 2.9719737995e-06, 2.3061770662e-06, 1.57624765507e-06, 1.41493751471e-06, 9.57379029387e-07, 7.29442660941e-07, 5.17206672157e-07],
        "dvar": [7.66561061027e-06, 2.25987769227e-05, 9.41814232647e-06, 3.58500051334e-06, 3.2547865203e-07, 7.0960467724e-08, 3.52876128318e-08, 1.46402683754e-07, 1.75766629695e-07, 1.58904143177e-08, 1.59711266434e-08, 1.01914263695e-08, 3.70572195152e-09, 5.07390112148e-08, 1.49478491807e-08, 2.46565612372e-09, 1.73677061621e-09, 4.42521619348e-09, 1.20983678631e-09, 1.46390444211e-09, 9.87617765347e-10, 5.75756275989e-10, 2.05977235268e-10, 9.34787594553e-11, 7.84567619205e-11, 6.44978376263e-11, 7.36606123319e-11, 7.79320843969e-11, 3.39531285032e-11, 3.21949966686e-11, 3.17071507938e-11, 8.70703856237e-11, 3.53417052568e-11, 1.57826512276e-11, 9.65951884452e-12, 4.20131898021e-12, 4.16378346732e-12, 1.42254946971e-12, 9.30566929937e-13, 5.33963823678e-13],
        "dvar2": [1.87410896615e-05, 6.18251942797e-05, 2.45639548666e-05, 9.28472127271e-06, 8.5680403572e-07, 1.81914217023e-07, 8.68143956723e-08, 2.85165413061e-07, 4.41802711748e-07, 3.61752334754e-08, 3.47141977386e-08, 2.43143016831e-08, 9.12476316728e-09, 1.42416467952e-07, 4.12833891517e-08, 6.02247673953e-09, 4.47017667327e-09, 1.16491012392e-08, 3.14872705687e-09, 3.81719278408e-09, 2.65021404822e-09, 1.58181046039e-09, 5.64283397786e-10, 2.41541314727e-10, 1.99597685602e-10, 1.603164268e-10, 2.10443870663e-10, 2.23073948202e-10, 9.2360862014e-11, 9.03610450353e-11, 8.90886878158e-11, 2.51482140667e-10, 9.50676828926e-11, 3.68549565866e-11, 2.48391151397e-11, 1.1035543139e-11, 1.11639126762e-11, 3.76923926099e-12, 2.41653593837e-12, 1.38510145194e-12],
        "max": [0.0421556085348, 0.0618376508355, 0.0375252515078, 0.0263917911798, 0.0124205090106, 0.00718889990821, 0.00444447761402, 0.0140053657815, 0.00924757961184, 0.00376765360124, 0.00242382101715, 0.00174072617665, 0.00137210381217, 0.00552162854001, 0.00269676884636, 0.00105288450141, 0.0011059868848, 0.00128670339473, 0.000541347602848, 0.000800837005954, 0.000770063255914, 0.00030465592863, 0.000275263417279, 0.000254096026765, 0.000197405490326, 0.000136777947773, 0.000126696802909, 0.000145953294123, 0.00010306607146, 8.16220053821e-05, 8.69176874403e-05, 0.000149827770656, 9.28622539504e-05, 7.52481500967e-05, 7.12925175321e-05, 3.54312214768e-05, 4.17192422901e-05, 1.79150902113e-05, 2.12651357288e-05, 1.20896547742e-05],
        "mean": [0.00732654891908, 0.00680002430454, 0.00237471540459, 0.00182776409201, 0.000780072121415, 0.000398010597564, 0.000276223756373, 0.000375635398086, 0.000323129846947, 0.00016611009778, 0.000151609114255, 0.000118383890367, 5.82091779506e-05, 9.71245899564e-05, 6.6899403464e-05, 3.36505363521e-05, 3.66535605281e-05, 5.84949048061e-05, 3.60863050446e-05, 3.44318286807e-05, 4.09457097703e-05, 2.79679952655e-05, 1.61806492542e-05, 1.27602652356e-05, 1.07120285975e-05, 1.0153439689e-05, 9.06136665435e-06, 5.97012785875e-06, 6.38015762888e-06, 5.58474312129e-06, 3.8141438381e-06, 4.33982859249e-06, 4.15396061726e-06, 3.76345155928e-06, 2.54159817814e-06, 1.94840458789e-06, 1.7224582507e-06, 1.34628373871e-06, 1.10883922844e-06, 7.45310558159e-07],
        "median": [0.00456510577351, 0.00499336794019, 0.00139665463939, 0.000955695577431, 0.000452913634945, 0.000242516922299, 0.000167086953297, 0.000165470657521, 0.000147401588038, 7.72878993303e-05, 7.71452469053e-05, 6.21810759185e-05, 2.99153616652e-05, 4.09930944443e-05, 3.14405479003e-05, 1.53240616783e-05, 1.96284763661e-05, 2.7341862733e-05, 2.06474087463e-05, 1.92698134924e-05, 2.54993974522e-05, 1.70246948983e-05, 1.00575070974e-05, 8.34007460071e-06, 6.74284365232e-06, 6.06386947766e-06, 4.91628361488e-06, 2.69908878181e-06, 1.62884828114e-06, 1.20358242839e-06, 9.5400923783e-07, 7.8636037415e-07, 6.52077233099e-07, 5.20466414855e-07, 3.78088202524e-07, 2.30683923519e-07, 1.64080972809e-07, 1.21347653703e-07, 9.20380358593e-08, 6.22627567282e-08],
        "min": [5.16626071791e-24, 2.46593323857e-24, 2.94541847677e-24, 5.88434857259e-24, 2.33796264481e-24, 2.81839569938e-24, 4.50041202124e-24, 4.36423490748e-24, 2.31490404333e-24, 2.71993994195e-24, 3.86725727035e-24, 5.71949557606e-24, 7.46811226871e-24, 5.14187111088e-24, 4.63516879094e-24, 5.68119637912e-24, 5.39714807753e-24, 4.90620009873e-24, 6.10243074756e-24, 5.44563265206e-24, 4.78343007048e-24, 1.84215981879e-24, 2.6069437031e-24, 5.25496654898e-24, 3.2867759454e-24, 5.73469258697e-24, 3.99640602788e-24, 5.75158604326e-24, 6.9055976453e-24, 6.57238713767e-24, 6.64278863473e-24, 4.83088163166e-24, 6.07496379414e-24, 5.98522534414e-24, 5.33314305912e-24, 5.62726393118e-24, 6.22665346317e-24, 7.27721424053e-24, 5.81289039635e-24, 7.18456962696e-24],
        "var": [5.84943154536e-05, 4.84906377096e-05, 1.04969158201e-05, 5.80839378017e-06, 8.89620139333e-07, 2.35889913824e-07, 1.07115091907e-07, 6.18989702161e-07, 2.76988515679e-07, 7.02596096858e-08, 4.90368776696e-08, 2.49848994827e-08, 7.65257990309e-09, 4.1054565969e-08, 1.36961286756e-08, 3.83672693616e-09, 3.46274808827e-09, 1.02391206624e-08, 2.40920106087e-09, 2.67408539756e-09, 2.37849451246e-09, 1.14225073844e-09, 4.08712480526e-10, 2.37623504207e-10, 1.73733902264e-10, 1.7582395262e-10, 1.3388555542e-10, 8.0350642806e-11, 8.13236422648e-11, 6.96952009993e-11, 3.92918197978e-11, 7.68944630192e-11, 5.45064167412e-11, 4.1569622744e-11, 1.82107384727e-11, 9.76880382142e-12, 8.42617035174e-12, 4.79749486665e-12, 3.40042707533e-12, 1.64084490353e-12]
    },
    "mfcc": {
        "mean": [-641.325622559, 154.048736572, -2.63042497635, 30.3192138672, 8.71739387512, 7.53201532364, -0.773946046829, 5.93231296539, 3.46031522751, 4.18711233139, -2.44959020615, -1.10186994076, 0.110304154456],
        "cov": [[9850.54882812, -2899.30029297, 627.089660645, 862.165710449, 505.382415771, 839.183837891, 309.748901367, 567.003967285, 238.769287109, 95.4800720215, 126.45400238, 323.588928223, 254.98374939], [-2899.30029297, 3132.52880859, -953.794494629, -161.251083374, -147.592834473, -388.130310059, -109.419807434, -246.789306641, -119.239173889, -27.9199581146, -96.2032623291, -197.091064453, -159.048095703], [627.089660645, -953.794494629, 948.387939453, -155.702331543, 62.0871200562, 183.774475098, 14.6548700333, 99.5330429077, 42.1049919128, 28.9750862122, 52.1776771545, 58.7967414856, 37.4208526611], [862.165710449, -161.251083374, -155.702331543, 483.69720459, 142.005096436, 102.505409241, 76.1449432373, 100.1014328, 74.8106842041, 40.8061904907, 24.9139194489, 50.3146972656, 47.4184608459], [505.382415771, -147.592834473, 62.0871200562, 142.005096436, 233.878707886, 141.028457642, 83.2103729248, 78.6300811768, 54.2101097107, 25.1753025055, 17.1605148315, 40.7609672546, 35.1976280212], [839.183837891, -388.130310059, 183.774475098, 102.505409241, 141.028457642, 262.058410645, 81.345375061, 108.611610413, 17.5943965912, 14.7688674927, 24.5387516022, 42.1308898926, 42.2070426941], [309.748901367, -109.419807434, 14.6548700333, 76.1449432373, 83.2103729248, 81.345375061, 135.089614868, 68.6787109375, 56.041519165, 21.6980400085, 13.1685676575, 39.6991539001, 34.848487854], [567.003967285, -246.789306641, 99.5330429077, 100.1014328, 78.6300811768, 108.611610413, 68.6787109375, 141.512145996, 68.065284729, 33.1334609985, 20.479719162, 36.7147445679, 36.8301963806], [238.769287109, -119.239173889, 42.1049919128, 74.8106842041, 54.2101097107, 17.5943965912, 56.041519165, 68.065284729, 145.629776001, 74.3181762695, 32.0136566162, 41.5885696411, 29.3139648438], [95.4800720215, -27.9199581146, 28.9750862122, 40.8061904907, 25.1753025055, 14.7688674927, 21.6980400085, 33.1334609985, 74.3181762695, 98.627571106, 48.796333313, 22.4810714722, 13.9459114075], [126.45400238, -96.2032623291, 52.1776771545, 24.9139194489, 17.1605148315, 24.5387516022, 13.1685676575, 20.479719162, 32.0136566162, 48.796333313, 79.6986465454, 47.1922569275, 21.0183353424], [323.588928223, -197.091064453, 58.7967414856, 50.3146972656, 40.7609672546, 42.1308898926, 39.6991539001, 36.7147445679, 41.5885696411, 22.4810714722, 47.1922569275, 99.6002120972, 60.1626052856], [254.98374939, -159.048095703, 37.4208526611, 47.4184608459, 35.1976280212, 42.2070426941, 34.848487854, 36.8301963806, 29.3139648438, 13.9459114075, 21.0183353424, 60.1626052856, 85.1812057495]],
