{
"lowlevel": {
    "average_loudness": 0.178215920925,
    "barkbands_crest": {
        "dmean": 1.60448372364,
        "dmean2": 2.38773703575,
        "dvar": 3.64055991173,
        "dvar2": 8.23882865906,
        "max": 26.9218997955,
        "mean": 12.0342302322,
        "median": 11.146853447,
        "min": 3.21883392334,
        "var": 19.6638774872
    },
    "barkbands_flatness_db": {
        "dmean": 0.0179782118648,
        "dmean2": 0.0257831215858,
        "dvar": 0.000668397173285,
        "dvar2": 0.00131991377566,
        "max": 0.904737710953,
        "mean": 0.274978250265,
        "median": 0.273490041494,
        "min": 0.0302253458649,
        "var": 0.00860579498112
    },
    "barkbands_kurtosis": {
        "dmean": 19.3121147156,
        "dmean2": 28.6054649353,
        "dvar": 301363.25,
        "dvar2": 706605,
        "max": 46629.6875,
        "mean": 51.3417930603,
        "median": 4.93013572693,
        "min": -1.89671313763,
        "var": 1294351.375
    },
    "barkbands_skewness": {
        "dmean": 0.533272266388,
        "dmean2": 0.765131890774,
        "dvar": 3.50257349014,
        "dvar2": 7.42194652557,
        "max": 148.846572876,
        "mean": 1.9865899086,
        "median": 1.54422438145,
        "min": -6.10032176971,
        "var": 20.0884418488
    },
    "barkbands_spread": {
        "dmean": 2.68915319443,
        "dmean2": 3.97925639153,
        "dvar": 50.1292228699,
        "dvar2": 106.027709961,
        "max": 108.739135742,
        "mean": 9.25015926361,
        "median": 5.27269172668,
        "min": 0.00354240275919,
        "var": 150.834365845
    },
    "dissonance": {
        "dmean": 0.0277208276093,
        "dmean2": 0.043979421258,
        "dvar": 0.00102404225618,
        "dvar2": 0.00250627542846,
        "max": 0.5,
        "mean": 0.340439021587,
        "median": 0.354005098343,
        "min": 0.102305211127,
        "var": 0.00863659661263
    },
    "dynamic_complexity": 7.7383441925,
    "erbbands_crest": {
        "dmean": 1.97834908962,
        "dmean2": 2.84085631371,
        "dvar": 5.74012851715,
        "dvar2": 12.3896865845,
        "max": 35.2168998718,
        "mean": 13.0473184586,
        "median": 12.1130027771,
        "min": 2.39818406105,
        "var": 26.4612751007
    },
    "erbbands_flatness_db": {
        "dmean": 0.0151115162298,
        "dmean2": 0.0209900103509,
        "dvar": 0.000436283327872,
        "dvar2": 0.000856495578773,
        "max": 0.511064350605,
        "mean": 0.25730201602,
        "median": 0.249429792166,
        "min": 0.0267413053662,
        "var": 0.00699428422377
    },
    "erbbands_kurtosis": {
        "dmean": 2.03547120094,
        "dmean2": 2.91555643082,
        "dvar": 24.8668746948,
        "dvar2": 47.9909896851,
        "max": 199.207427979,
        "mean": 3.91544771194,
        "median": 2.07985973358,
        "min": -1.7994389534,
        "var": 61.7012939453
    },
    "erbbands_skewness": {
        "dmean": 0.384665191174,
        "dmean2": 0.527831733227,
        "dvar": 0.319231569767,
        "dvar2": 0.605308711529,
        "max": 11.8646287918,
        "mean": 0.956729352474,
        "median": 0.947597444057,
        "min": -10.1148023605,
        "var": 1.65869212151
    },
    "erbbands_spread": {
        "dmean": 4.87555551529,
        "dmean2": 7.10303401947,
        "dvar": 86.7666320801,
        "dvar2": 195.126373291,
        "max": 149.390151978,
        "mean": 21.446144104,
        "median": 14.9209108353,
        "min": 0.571329593658,
        "var": 371.155700684
    },
    "hfc": {
        "dmean": 2.2308781147,
        "dmean2": 2.88647985458,
        "dvar": 59.9952735901,
        "dvar2": 106.957756042,
        "max": 343.79788208,
        "mean": 7.98058128357,
        "median": 2.23531794548,
        "min": 1.07156086749e-16,
        "var": 296.356201172
    },
    "melbands_crest": {
        "dmean": 1.98279845715,
        "dmean2": 2.89115762711,
        "dvar": 5.79170656204,
        "dvar2": 13.3096857071,
        "max": 39.9996948242,
        "mean": 16.9371509552,
        "median": 16.0092639923,
        "min": 1.66543900967,
        "var": 37.1164131165
    },
    "melbands_flatness_db": {
        "dmean": 0.0208483356982,
        "dmean2": 0.0291269738227,
        "dvar": 0.000990515807644,
        "dvar2": 0.00187053519767,
        "max": 0.908375561237,
        "mean": 0.386659741402,
        "median": 0.389524281025,
        "min": 0.00329038733616,
        "var": 0.0133471498266
    },
    "melbands_kurtosis": {
        "dmean": 223.679321289,
        "dmean2": 219.895523071,
        "dvar": 86103376,
        "dvar2": 128978704,
        "max": 1190791,
        "mean": 492.831695557,
        "median": 7.55810070038,
        "min": -1.89468097687,
        "var": 317096096
    },
    "melbands_skewness": {
        "dmean": 0.728838324547,
        "dmean2": 0.95965218544,
        "dvar": 63.8390083313,
        "dvar2": 87.1179962158,
        "max": 1015.65930176,
        "mean": 3.15560245514,
        "median": 1.97922611237,
        "min": -5.5788359642,
        "var": 405.238891602
    },
    "melbands_spread": {
        "dmean": 3.26424217224,
        "dmean2": 4.58375263214,
        "dvar": 116.623893738,
        "dvar2": 209.798187256,
        "max": 268.258758545,
        "mean": 10.7954826355,
        "median": 5.80744791031,
        "min": 0.000696119095664,
        "var": 416.041473389
    },
    "pitch_salience": {
        "dmean": 0.0481374263763,
        "dmean2": 0.0712715312839,
        "dvar": 0.00338042690419,
        "dvar2": 0.00707813538611,
        "max": 0.883567094803,
        "mean": 0.563102185726,
        "median": 0.581671237946,
        "min": 0.000383192789741,
        "var": 0.0222310516983
    },
    "silence_rate_20dB": {
        "dmean": 0,
        "dmean2": 0,
        "dvar": 0,
        "dvar2": 0,
        "max": 1,
        "mean": 1,
        "median": 1,
        "min": 1,
        "var": 0
    },
    "silence_rate_30dB": {
        "dmean": 0.00651230104268,
        "dmean2": 0.0130257802084,
        "dvar": 0.00646989839152,
        "dvar2": 0.0144830755889,
        "max": 1,
        "mean": 0.983087658882,
        "median": 1,
        "min": 0,
        "var": 0.0166261140257
    },
    "silence_rate_60dB": {
        "dmean": 0.0428726486862,
        "dmean2": 0.0857530534267,
        "dvar": 0.0410298965871,
        "dvar2": 0.0858043953776,
        "max": 1,
        "mean": 0.365741163492,
        "median": 0,
        "min": 0,
        "var": 0.23199890554
    },
    "spectral_centroid": {
        "dmean": 105.699325562,
        "dmean2": 148.606658936,
        "dvar": 92778.0078125,
        "dvar2": 163518.90625,
        "max": 11344.3154297,
        "mean": 579.501403809,
        "median": 385.20425415,
        "min": 136.265045166,
        "var": 576161.6875
    },
    "spectral_complexity": {
        "dmean": 0.965991318226,
        "dmean2": 1.55459070206,
        "dvar": 2.15093660355,
        "dvar2": 4.50185537338,
        "max": 34,
        "mean": 6.64891004562,
        "median": 6,
        "min": 0,
        "var": 20.0166816711
    },
    "spectral_decrease": {
        "dmean": 9.41428934809e-10,
        "dmean2": 1.23183496736e-09,
        "dvar": 6.02342003277e-18,
        "dvar2": 1.2834413616e-17,
        "max": 1.69790200564e-28,
        "mean": -4.15296730338e-09,
        "median": -1.62119928593e-09,
        "min": -7.84472291571e-08,
        "var": 4.3468956612e-17
    },
    "spectral_energy": {
        "dmean": 0.00371274910867,
        "dmean2": 0.00486399838701,
        "dvar": 9.21893006307e-05,
        "dvar2": 0.000195719811018,
        "max": 0.314397007227,
        "mean": 0.0163981374353,
        "median": 0.00643600197509,
        "min": 1.00883949171e-20,
        "var": 0.000672966125421
    },
    "spectral_energyband_high": {
        "dmean": 0.000110225497338,
        "dmean2": 0.000142805671203,
        "dvar": 5.26871588136e-07,
        "dvar2": 8.73178123584e-07,
        "max": 0.0421172603965,
        "mean": 0.000263887632173,
        "median": 2.82350492853e-06,
        "min": 7.14908777416e-21,
        "var": 1.98307293431e-06
    },
    "spectral_energyband_low": {
        "dmean": 0.000924899184611,
        "dmean2": 0.00133260060102,
        "dvar": 4.54015753348e-06,
        "dvar2": 9.89062846202e-06,
        "max": 0.0666287466884,
        "mean": 0.00347286672331,
        "median": 0.00133250374347,
        "min": 2.40302240969e-23,
        "var": 3.5513407056e-05
    },
    "spectral_energyband_middle_high": {
        "dmean": 0.000652422138955,
        "dmean2": 0.000903051870409,
        "dvar": 1.13199776024e-05,
        "dvar2": 2.30415535043e-05,
        "max": 0.178137078881,
        "mean": 0.00152345816605,
        "median": 0.000187205325346,
        "min": 1.18264966682e-21,
        "var": 3.19785140164e-05
    },
    "spectral_energyband_middle_low": {
        "dmean": 0.00297084497288,
        "dmean2": 0.00386105268262,
        "dvar": 6.94678601576e-05,
        "dvar2": 0.000158216178534,
        "max": 0.269704550505,
        "mean": 0.0124555053189,
        "median": 0.00378481228836,
        "min": 2.15053453965e-22,
        "var": 0.000462212541606
    },
    "spectral_entropy": {
        "dmean": 0.176375687122,
        "dmean2": 0.250342041254,
        "dvar": 0.0745001509786,
        "dvar2": 0.144825741649,
        "max": 9.8150396347,
        "mean": 5.98980331421,
        "median": 5.8923034668,
        "min": 3.96211051941,
        "var": 0.750713825226
    },
    "spectral_flux": {
        "dmean": 0.0112659502774,
        "dmean2": 0.0180637650192,
        "dvar": 0.000403603626182,
        "dvar2": 0.00098569097463,
        "max": 0.384569764137,
        "mean": 0.0290564112365,
        "median": 0.0177654363215,
        "min": 6.29970589583e-11,
        "var": 0.00115873513278
    },
    "spectral_kurtosis": {
        "dmean": 12.3722410202,
        "dmean2": 20.798368454,
        "dvar": 368.366241455,
        "dvar2": 1002.14581299,
        "max": 372.261444092,
        "mean": 47.7631263733,
        "median": 25.8728961945,
        "min": -1.27726233006,
        "var": 3109.83618164
    },
    "spectral_rms": {
        "dmean": 0.000376265583327,
        "dmean2": 0.000472597253975,
        "dvar": 4.06984014489e-07,
        "dvar2": 7.15586168099e-07,
        "max": 0.0175136737525,
        "mean": 0.00314627401531,
        "median": 0.0025057985913,
        "min": 3.13724979155e-12,
        "var": 6.09914695815e-06
    },
    "spectral_rolloff": {
        "dmean": 199.05758667,
        "dmean2": 334.877258301,
        "dvar": 770944.375,
        "dvar2": 1550927.25,
        "max": 19466.015625,
        "mean": 759.825561523,
        "median": 387.59765625,
        "min": 21.533203125,
        "var": 2573971.5
    },
    "spectral_skewness": {
        "dmean": 0.729767858982,
        "dmean2": 1.20000624657,
        "dvar": 0.808016002178,
        "dvar2": 2.14861035347,
        "max": 15.7549686432,
        "mean": 4.7281126976,
        "median": 4.03647851944,
        "min": -0.0502448454499,
        "var": 8.33318996429
    },
    "spectral_spread": {
        "dmean": 478657.75,
        "dmean2": 734499.0625,
        "dvar": 669919739904,
        "dvar2": 1.21577000141e+12,
        "max": 41841108,
        "mean": 3165682,
        "median": 2101892.75,
        "min": 260682.65625,
        "var": 9.36597310669e+12
    },
    "spectral_strongpeak": {
        "dmean": 0.220170453191,
        "dmean2": 0.348875403404,
        "dvar": 0.342454463243,
        "dvar2": 0.798546254635,
        "max": 12.2911052704,
        "mean": 0.710521101952,
        "median": 0.426795661449,
        "min": 0,
        "var": 0.843244075775
    },
    "zerocrossingrate": {
        "dmean": 0.00613535800949,
        "dmean2": 0.00674141710624,
        "dvar": 0.000229784942348,
        "dvar2": 0.000238883425482,
        "max": 0.5283203125,
        "mean": 0.0303048361093,
        "median": 0.017578125,
        "min": 0,
        "var": 0.00203998433426
    },
    "barkbands": {
        "dmean": [5.70180054638e-05, 0.000168899845448, 0.00046181876678, 0.000671124085784, 0.00170960905962, 0.000865225796588, 0.000250270793913, 0.000321540544974, 0.000161579955602, 0.000298697297694, 0.000105258048279, 0.000140392963658, 8.27402254799e-05, 5.57924722671e-05, 5.70362426515e-05, 2.93994689855e-05, 3.20388535329e-05, 1.82597086678e-05, 1.64217999554e-05, 9.24561572901e-06, 2.90267507808e-05, 1.46154188769e-05, 1.29639629449e-05, 3.35203549184e-05, 3.38650897902e-05, 1.00142533483e-05, 1.19522781006e-06],
        "dmean2": [0.00010474427836, 0.000258081854554, 0.00067412876524, 0.000975752016529, 0.00224956846796, 0.00113083235919, 0.000320056220517, 0.000407571991673, 0.000240499866777, 0.000436575675849, 0.000167561229318, 0.000175586203113, 0.000117744624731, 7.75884836912e-05, 8.31082434161e-05, 4.34935136582e-05, 4.69697370136e-05, 2.85864680336e-05, 2.66237912001e-05, 1.40895081131e-05, 4.29706524301e-05, 2.05711912713e-05, 1.86592696991e-05, 4.30727413914e-05, 4.9440019211e-05, 1.46337297338e-05, 1.63136053288e-06],
        "dvar": [3.32004490566e-09, 3.22916889672e-07, 1.54606527758e-06, 3.7479042021e-06, 4.55729605164e-05, 7.64038122725e-06, 5.91988737142e-07, 1.60613001299e-06, 6.82436791521e-07, 8.22165839054e-06, 4.32046704191e-07, 1.37215363338e-06, 4.12761295365e-07, 1.50691164436e-07, 3.80438905268e-07, 1.42660363522e-08, 7.95840691126e-08, 8.04879984884e-09, 1.68630283071e-08, 4.19751833292e-09, 2.63103707709e-08, 7.32616678434e-09, 7.67113128575e-09, 8.3173354426e-08, 7.90437439946e-08, 3.89449050786e-09, 7.82139630839e-11],
        "dvar2": [1.10660973718e-08, 6.87364149599e-07, 3.74482988263e-06, 8.40010216052e-06, 0.000117148912977, 1.50562191266e-05, 1.10095743366e-06, 2.85388478005e-06, 1.63036804679e-06, 1.85171720659e-05, 1.12757663828e-06, 2.36914729612e-06, 6.64950846385e-07, 2.76631283214e-07, 7.43612076803e-07, 2.99493088107e-08, 1.53801622105e-07, 1.93375520041e-08, 4.46336976268e-08, 9.80962511221e-09, 5.34968513932e-08, 1.34631701343e-08, 1.61340363292e-08, 1.31225206701e-07, 1.70914674413e-07, 8.31809288115e-09, 1.41448658342e-10],
        "max": [0.000673016649671, 0.017734227702, 0.0302846990526, 0.0553193427622, 0.242496445775, 0.0950449705124, 0.0211857706308, 0.0517748892307, 0.0357281193137, 0.168412312865, 0.0258391946554, 0.0720160603523, 0.0584963783622, 0.0245324540883, 0.031899780035, 0.00656085135415, 0.0171950682998, 0.00337525270879, 0.0063865496777, 0.00230899569578, 0.00533422268927, 0.00386790698394, 0.00653454614803, 0.0192934274673, 0.0146365379915, 0.00243291794322, 0.000497212575283],
        "mean": [0.000127494087792, 0.000478392263176, 0.00156991556287, 0.00221833400428, 0.00545165594667, 0.00280715362169, 0.000814879895188, 0.000741892436054, 0.000370580964955, 0.000647400564048, 0.000156085181516, 0.000247302319622, 0.000134844871354, 8.1862861407e-05, 9.6176227089e-05, 8.98307989701e-05, 4.69296355732e-05, 2.61161840172e-05, 1.97382632905e-05, 1.32661007228e-05, 5.31820587639e-05, 2.76305672742e-05, 2.86944905383e-05, 6.37818084215e-05, 6.23332889518e-05, 2.06140593946e-05, 2.05014453059e-06],
        "median": [0.00012179985788, 7.80442424002e-05, 0.000673327594995, 0.000124407160911, 0.000650572474115, 0.00071053719148, 0.000150286025018, 6.98528601788e-05, 4.33791465184e-05, 3.15767538268e-05, 1.3902851606e-05, 1.06879733721e-05, 4.81862571178e-06, 3.81513382308e-06, 3.39082794198e-06, 1.54894325988e-06, 1.15837781323e-06, 7.84687188116e-07, 6.17573050476e-07, 1.82785598213e-07, 4.4423086365e-07, 2.30500106113e-07, 2.04059105613e-07, 2.2790649723e-07, 2.93320709943e-07, 6.95637609738e-08, 1.45922385286e-08],
        "min": [6.44310525986e-25, 5.74464722274e-24, 3.06087891987e-24, 1.27150375641e-24, 1.16397672966e-23, 7.79866470952e-24, 7.8855522162e-24, 1.70403910952e-23, 2.20320378462e-23, 1.85343469216e-23, 1.61487416141e-23, 2.71614843978e-23, 2.09092363426e-23, 4.86181034339e-23, 6.72849064124e-23, 7.55172568709e-23, 8.03168759449e-23, 1.29041589197e-22, 1.49797415759e-22, 1.44756569331e-22, 2.98835707514e-22, 3.85845803183e-22, 4.16576088005e-22, 5.95964547221e-22, 9.84087646687e-22, 1.29277777939e-21, 2.00239666004e-21],
        "var": [4.1776688775e-09, 1.28509873321e-06, 6.12201483818e-06, 2.76969749393e-05, 0.000203437433811, 3.27557645505e-05, 3.25701444126e-06, 4.72300826004e-06, 1.49138952565e-06, 1.93555970327e-05, 5.31361990852e-07, 3.42625799021e-06, 1.18217928957e-06, 2.72951581337e-07, 6.98734140769e-07, 1.6106645262e-07, 1.18484926759e-07, 1.27999673083e-08, 1.60250195336e-08, 6.8730554581e-09, 6.70014159709e-08, 2.18301412502e-08, 2.43291857771e-08, 2.86997476451e-07, 1.58227251745e-07, 9.71915969927e-09, 1.94858865155e-10]
    },
    "erbbands": {
        "dmean": [0.00162382272538, 0.052866127342, 0.425958693027, 1.54098618031, 3.13371443748, 7.42060565948, 7.74047470093, 5.95970392227, 3.41523051262, 4.72164773941, 7.23928165436, 3.47568702698, 3.73434352875, 11.3598394394, 4.18125247955, 5.91511201859, 3.53430867195, 3.66788744926, 2.87042665482, 1.66831028461, 2.32589125633, 1.21204829216, 0.960630357265, 0.563295602798, 1.04807507992, 0.452110230923, 0.849198281765, 1.192035079, 0.520242571831, 0.452277123928, 0.360202252865, 0.455410718918, 0.727563679218, 0.479236751795, 0.190897583961, 0.0660966038704, 0.0133591061458, 0.00230102497153, 0.000188209261978, 1.10467462946e-05],
        "dmean2": [0.00262085720897, 0.0799805670977, 0.618004858494, 2.23531746864, 4.32856273651, 9.76504898071, 9.84087562561, 7.92639875412, 4.63589334488, 5.6947388649, 9.39188671112, 5.11071395874, 5.25949382782, 16.6891517639, 5.98162889481, 7.44562292099, 5.00314092636, 4.93275594711, 4.03308868408, 2.57105135918, 3.39673686028, 1.77415990829, 1.48908054829, 0.879784345627, 1.70301163197, 0.687354743481, 1.24734699726, 1.75502085686, 0.718476355076, 0.651685357094, 0.506960630417, 0.571377754211, 0.962411463261, 0.695715069771, 0.27619561553, 0.0981647148728, 0.0190352555364, 0.0031628657598, 0.000255290942732, 1.47435284816e-05],
        "dvar": [1.89084075828e-05, 0.0309997610748, 1.43985843658, 16.275188446, 104.973182678, 1285.54663086, 908.470214844, 366.39440918, 118.925041199, 252.363586426, 992.602050781, 334.591217041, 440.923980713, 11230.5185547, 609.790771484, 2402.85009766, 583.890258789, 664.972351074, 1253.87255859, 87.611000061, 127.381515503, 71.7794036865, 18.5104045868, 10.8866672516, 78.1877822876, 10.4400339127, 34.7068901062, 39.7834243774, 10.5810804367, 6.0616350174, 9.12262821198, 17.1650524139, 39.1273231506, 17.606754303, 2.36272072792, 0.168967679143, 0.00835357606411, 0.00028428027872, 1.78851860255e-06, 3.10289638428e-09],
        "dvar2": [4.83362236992e-05, 0.063153706491, 3.05655527115, 36.2875213623, 259.077331543, 3347.17749023, 1601.00878906, 795.198669434, 234.939117432, 447.702667236, 1838.05883789, 814.083496094, 913.344116211, 25161.296875, 1345.59472656, 4259.94580078, 1202.73083496, 1090.54956055, 2357.73828125, 205.076370239, 254.052398682, 140.20602417, 41.7927398682, 28.5585517883, 205.129516602, 25.6665229797, 78.9748382568, 75.8707733154, 19.7080440521, 11.0001220703, 19.9943771362, 25.8524456024, 69.5747680664, 37.333278656, 5.28818511963, 0.373657852411, 0.017878446728, 0.000509448407684, 3.00929787045e-06, 5.98634120053e-09],
        "max": [0.113617956638, 5.48884916306, 28.9065628052, 150.439575195, 372.146362305, 1418.78686523, 1357.1427002, 631.304382324, 457.789550781, 602.639892578, 1712.34436035, 852.235168457, 1008.42181396, 6395.93017578, 1059.25817871, 3537.89648438, 1389.00012207, 1587.84716797, 1930.42895508, 410.335479736, 501.624603271, 495.3387146, 146.734222412, 200.389266968, 438.315460205, 143.254196167, 218.925216675, 235.248580933, 158.290390015, 107.087837219, 261.57434082, 321.251525879, 376.871917725, 179.487503052, 95.9415512085, 17.5109844208, 4.09294557571, 0.894557714462, 0.0626676827669, 0.00195674458519],
        "mean": [0.00503093283623, 0.157828226686, 1.44622445107, 5.67351198196, 9.55894088745, 22.2726573944, 24.2969417572, 19.5342750549, 12.19480896, 13.8871612549, 17.164598465, 8.60753059387, 8.9302854538, 24.0569934845, 7.88631916046, 10.6184654236, 5.75686264038, 6.04701089859, 4.63178777695, 3.4911134243, 6.49978542328, 2.21720385551, 1.57997775078, 0.816482543945, 1.22505307198, 0.668534219265, 1.29570055008, 2.35546422005, 1.03478395939, 0.938663899899, 0.773693561554, 0.906482875347, 1.33647179604, 0.865104436874, 0.341704398394, 0.135399654508, 0.0268497634679, 0.0042354115285, 0.000347792258253, 3.3252123103e-05],
        "median": [0.00120768044144, 0.0401600413024, 0.667527258396, 0.954784572124, 1.642837286, 1.78342080116, 3.04506993294, 5.50708198547, 3.21575331688, 2.1745018959, 1.73802781105, 1.12089347839, 0.846819341183, 1.30017316341, 0.769919872284, 0.498612910509, 0.327531576157, 0.254652112722, 0.207405209541, 0.172590956092, 0.116331480443, 0.0792198330164, 0.0616233386099, 0.0330061987042, 0.030509006232, 0.013861535117, 0.0149745801464, 0.0118490075693, 0.00926483422518, 0.00838401447982, 0.00522539066151, 0.00367860891856, 0.00440343096852, 0.00309420120902, 0.00166082649957, 0.000509790086653, 0.000111512395961, 2.08170458791e-05, 8.48737454362e-06, 8.80002153281e-06],
        "min": [1.27537856229e-22, 1.57049993401e-21, 5.74201397032e-21, 8.05136976243e-21, 1.59799161286e-20, 4.02089038406e-20, 5.67822461261e-20, 1.00239653022e-19, 2.02875751676e-19, 3.36505629336e-19, 4.37644356598e-19, 5.53505994035e-19, 6.39834336772e-19, 9.46214074049e-19, 5.56318149623e-19, 1.43430988227e-18, 1.38922988305e-18, 2.76736024305e-18, 2.89619796615e-18, 4.29017969163e-18, 4.67104301056e-18, 4.27501581664e-18, 7.26778091546e-18, 7.99774629934e-18, 8.92287254105e-18, 7.66453644191e-18, 8.67531392732e-18, 1.22256649334e-17, 1.42934080153e-17, 1.30894640045e-17, 1.357749643e-17, 1.17349549243e-17, 1.09521310449e-17, 8.26857433088e-18, 6.85152501966e-18, 4.7726327839e-18, 2.28617377109e-18, 9.959601991e-19, 2.73454174885e-19, 2.58420109091e-20],
        "var": [8.5312545707e-05, 0.119188524783, 4.86946392059, 163.561920166, 431.666015625, 5042.11474609, 4499.44384766, 1451.3248291, 661.19744873, 1284.98095703, 2688.90283203, 756.086791992, 1258.99121094, 26811.4628906, 1174.3026123, 5672.89160156, 1192.34802246, 1608.43432617, 2420.4465332, 210.652191162, 820.302185059, 123.001617432, 37.8601493835, 16.1680202484, 72.2969818115, 15.970664978, 58.6111793518, 127.550514221, 30.7550525665, 20.8100376129, 23.2732524872, 61.1512069702, 117.666793823, 38.1210594177, 4.14799261093, 0.397712916136, 0.0194621440023, 0.000751726096496, 4.74449143439e-06, 8.80268835601e-09]
    },
    "gfcc": {
        "mean": [-185.685684204, 157.67855835, -67.0367279053, -8.08115100861, -52.843711853, -0.75419074297, -41.2714538574, -4.30109262466, -23.6183567047, -5.57154226303, -14.9930400848, -4.12345314026, -7.94165325165],
        "cov": [[23610.4121094, -4906.72460938, -2623.29443359, 2087.04711914, -1843.81005859, 178.305450439, -1480.12451172, 234.824325562, -930.884155273, -117.958877563, -962.622497559, 23.9889678955, -146.180328369], [-4906.72460938, 4765.44091797, 92.1463546753, -1560.37304688, 982.494750977, -534.770751953, 652.309692383, -322.961212158, 537.437744141, -263.100524902, 446.19329834, -148.904586792, 225.161071777], [-2623.29443359, 92.1463546753, 1104.3347168, -137.199768066, -116.094566345, 64.6179580688, -4.68441963196, 2.84288263321, -4.86024332047, -28.5283355713, 21.4993209839, 17.6350841522, -67.3077163696], [2087.04711914, -1560.37304688, -137.199768066, 881.932434082, -277.696533203, 82.4002685547, -238.634017944, 127.305511475, -170.862533569, 26.0924072266, -190.506134033, 7.93639850616, -66.0334243774], [-1843.81005859, 982.494750977, -116.094566345, -277.696533203, 560.487060547, -109.388305664, 162.721466064, -53.8684577942, 166.280090332, -27.4644756317, 109.854217529, -47.4856796265, 49.5436134338], [178.305450439, -534.770751953, 64.6179580688, 82.4002685547, -109.388305664, 288.053649902, -27.9832668304, 16.3640003204, -51.9970664978, 82.6515045166, -24.5185756683, 7.67624282837, -44.1541023254], [-1480.12451172, 652.309692383, -4.68441963196, -238.634017944, 162.721466064, -27.9832668304, 343.542388916, -1.3872730732, 65.8028640747, 10.1468667984, 128.56803894, -7.62844467163, 38.436252594], [234.824325562, -322.961212158, 2.84288263321, 127.305511475, -53.8684577942, 16.3640003204, -1.3872730732, 201.680419922, -24.9796867371, -1.45391964912, -1.29537963867, 28.8094501495, -18.8072872162], [-930.884155273, 537.437744141, -4.86024332047, -170.862533569, 166.280090332, -51.9970664978, 65.8028640747, -24.9796867371, 210.586013794, 20.338180542, 39.1086502075, 5.03828763962, 50.5940093994], [-117.958877563, -263.100524902, -28.5283355713, 26.0924072266, -27.4644756317, 82.6515045166, 10.1468667984, -1.45391964912, 20.338180542, 209.823516846, 46.2336425781, 4.85146617889, 8.44528865814], [-962.622497559, 446.19329834, 21.4993209839, -190.506134033, 109.854217529, -24.5185756683, 128.56803894, -1.29537963867, 39.1086502075, 46.2336425781, 211.939193726, 7.83404016495, 2.25956225395], [23.9889678955, -148.904586792, 17.6350841522, 7.93639850616, -47.4856796265, 7.67624282837, -7.62844467163, 28.8094501495, 5.03828763962, 4.85146617889, 7.83404016495, 138.360305786, 21.6254501343], [-146.180328369, 225.161071777, -67.3077163696, -66.0334243774, 49.5436134338, -44.1541023254, 38.436252594, -18.8072872162, 50.5940093994, 8.44528865814, 2.25956225395, 21.6254501343, 139.244232178]],
        "icov": [[0.000180888135219, -0.000123839112348, 0.000487620010972, -0.000102955978946, 0.000508053984959, -6.12254079897e-05, 0.000513137551025, -0.000146946360474, 0.000378457392799, -1.30053931571e-05, 0.000290833151666, -2.62145531451e-05, 7.79857291491e-05], [-0.000123839112348, 0.00158342800569, -0.000414048496168, 0.00146502559073, -0.000869352021255, 0.00115528493188, -0.00112345651723, 0.000967459578533, -0.00173758727033, 0.00163309113123, -0.0013400989119, 0.00126312288921, -0.000721516495105], [0.000487620010972, -0.000414048496168, 0.00234498549253, -8.44555470394e-05, 0.00173133634962, -0.000442819611635, 0.0014644843759, -0.000486777105834, 0.000882403808646, 0.000137772847665, 0.000739929848351, -0.000218050423427, 0.000741353665944], [-0.000102955978946, 0.00146502559073, -8.44555470394e-05, 0.00344458897598, -0.000570753705688, 0.00115375616588, -0.00034726143349, -0.000225146635785, -0.000649370602332, 0.00085226300871, 8.35827813717e-05, 0.00120429438539, -0.000254126731306], [0.000508053984959, -0.000869352021255, 0.00173133634962, -0.000570753705688, 0.00466718897223, -0.000242075067945, 0.00112850917503, -0.000436581118265, -0.00028848904185, 7.81729613664e-05, 0.00032871044823, 0.000480604619952, 0.000417613075115], [-6.12254079897e-05, 0.00115528493188, -0.000442819611635, 0.00115375616588, -0.000242075067945, 0.00547777768224, -0.00106667110231, 0.000601453531999, -0.00045055130613, -0.000930999813136, 3.77104297513e-05, 0.000606798392255, 0.000724817102309], [0.000513137551025, -0.00112345651723, 0.0014644843759, -0.00034726143349, 0.00112850917503, -0.00106667110231, 0.00628288881853, -0.00153569772374, 0.00183202908374, -0.000677405332681, -0.000468887854367, -0.00031365090399, -0.000351169292117], [-0.000146946360474, 0.000967459578533, -0.000486777105834, -0.000225146635785, -0.000436581118265, 0.000601453531999, -0.00153569772374, 0.00654560280964, -0.00141542905476, 0.00141789845657, -0.00162378628738, -0.000412935216445, 0.000112095221994], [0.000378457392799, -0.00173758727033, 0.000882403808646, -0.000649370602332, -0.00028848904185, -0.00045055130613, 0.00183202908374, -0.00141542905476, 0.00970046129078, -0.00318607967347, 0.00266554020345, -0.00200742739253, -0.000474378583021], [-1.30053931571e-05, 0.00163309113123, 0.000137772847665, 0.00085226300871, 7.81729613664e-05, -0.000930999813136, -0.000677405332681, 0.00141789845657, -0.00318607967347, 0.00829969719052, -0.00374269252643, 0.00173925829586, -0.00168328371365], [0.000290833151666, -0.0013400989119, 0.000739929848351, 8.35827813717e-05, 0.00032871044823, 3.77104297513e-05, -0.000468887854367, -0.00162378628738, 0.00266554020345, -0.00374269252643, 0.00934502948076, -0.00199049897492, 0.00209067761898], [-2.62145531451e-05, 0.00126312288921, -0.000218050423427, 0.00120429438539, 0.000480604619952, 0.000606798392255, -0.00031365090399, -0.000412935216445, -0.00200742739253, 0.00173925829586, -0.00199049897492, 0.0092392321676, -0.00233079306781], [7.79857291491e-05, -0.000721516495105, 0.000741353665944, -0.000254126731306, 0.000417613075115, 0.000724817102309, -0.000351169292117, 0.000112095221994, -0.000474378583021, -0.00168328371365, 0.00209067761898, -0.00233079306781, 0.0094638876617]]
    },
    "melbands": {
        "dmean": [2.98882569041e-05, 0.000167903810507, 0.00028001528699, 0.000387608888559, 0.000276492442936, 0.00013962398225, 5.24144343217e-05, 5.53610698262e-05, 5.51586053916e-05, 2.07864486583e-05, 1.99466157937e-05, 4.9436424888e-05, 1.53425298777e-05, 1.6665622752e-05, 9.69557095232e-06, 8.41145811137e-06, 6.45311638436e-06, 4.24615200245e-06, 3.29984027303e-06, 1.72650072727e-06, 3.14230419463e-06, 1.5169132439e-06, 1.04658852251e-06, 8.83304096533e-07, 3.94997300646e-07, 7.30001488591e-07, 5.72566534629e-07, 2.58177294654e-07, 4.36748621269e-07, 7.80641244091e-07, 7.08814809514e-07, 3.14157119874e-07, 2.5808910209e-07, 2.71865303603e-07, 2.16227562078e-07, 2.11077718859e-07, 3.33602116598e-07, 5.52295716716e-07, 4.97601604366e-07, 4.10369153769e-07],
        "dmean2": [4.68144316983e-05, 0.000245724048, 0.000404123216867, 0.000516821630299, 0.000352645321982, 0.000183821946848, 7.07726430846e-05, 6.61595404381e-05, 7.38252638257e-05, 3.06838956021e-05, 2.86077975034e-05, 7.28528393665e-05, 2.35496900132e-05, 2.04406314879e-05, 1.34914416776e-05, 1.17825129564e-05, 8.69420455274e-06, 6.03490025242e-06, 4.90735010317e-06, 2.64320487986e-06, 4.57827900391e-06, 2.23931147048e-06, 1.59316198278e-06, 1.41001248721e-06, 6.22052652943e-07, 1.19507728868e-06, 9.09346169919e-07, 3.9758228354e-07, 6.58666010622e-07, 1.16249771054e-06, 1.05069500478e-06, 4.45773025604e-07, 3.78117675837e-07, 3.97169145572e-07, 3.18659033383e-07, 2.89493186756e-07, 4.51416553915e-07, 7.51235631924e-07, 7.01085639321e-07, 6.21718470484e-07],
        "dvar": [8.35549407441e-09, 2.33158004903e-07, 4.93323454975e-07, 2.9597865705e-06, 9.93441176433e-07, 1.92419790324e-07, 2.59674681757e-08, 3.39976438113e-08, 6.80404284026e-08, 9.9969019729e-09, 1.4336031029e-08, 2.21799709266e-07, 8.76149730544e-09, 2.06571844075e-08, 3.99546440377e-09, 4.5473034227e-09, 2.04699079909e-09, 2.56272847388e-09, 8.18046297368e-10, 5.32434825395e-11, 3.27778443276e-10, 1.81153439471e-10, 2.99701791162e-11, 2.39469485908e-11, 7.11917417379e-12, 4.32232305503e-11, 1.30473114951e-11, 5.22644297632e-12, 1.17987035073e-11, 2.28990229556e-11, 1.43633221636e-11, 4.03119551629e-12, 2.46998103394e-12, 2.0806065204e-12, 3.24972752701e-12, 3.72400634635e-12, 1.01139435368e-11, 2.38883652443e-11, 1.81885409511e-11, 1.37817422405e-11],
        "dvar2": [1.93463645104e-08, 4.86805618038e-07, 1.09984421215e-06, 8.02741215011e-06, 1.84028840522e-06, 4.10805967022e-07, 5.09587252395e-08, 5.94680891197e-08, 1.32859597102e-07, 2.43072300066e-08, 3.09078060923e-08, 5.00078328969e-07, 2.20447002874e-08, 3.46975177479e-08, 8.11847300497e-09, 7.18680670531e-09, 3.41827210981e-09, 4.73815653379e-09, 1.69073244294e-09, 1.28952959422e-10, 6.40107744587e-10, 3.515785163e-10, 6.4906358066e-11, 6.08934708213e-11, 1.89038854015e-11, 1.15532916567e-10, 3.11749376314e-11, 1.36157907865e-11, 2.77927559439e-11, 4.7020227989e-11, 2.92459667595e-11, 7.9085652957e-12, 4.55767064714e-12, 4.18423802551e-12, 7.81707424485e-12, 6.13434910507e-12, 1.85138102765e-11, 4.10929137939e-11, 3.7826766025e-11, 3.13106138239e-11],
        "max": [0.00270399125293, 0.0117982523516, 0.0211481451988, 0.0549725182354, 0.0371196046472, 0.0152035243809, 0.0063127647154, 0.00599383423105, 0.01582842879, 0.00456328270957, 0.0055892765522, 0.0281996931881, 0.00370059395209, 0.00809396151453, 0.00383805087768, 0.00620919186622, 0.00247892108746, 0.00278618233278, 0.00145175307989, 0.000298024446238, 0.000937263655942, 0.000827472948004, 0.000237515749177, 0.00016887554375, 0.000168417711393, 0.000340423051966, 0.000128512372612, 0.000106419953227, 0.000149831452291, 0.000169194448972, 0.000172721411218, 9.12876639632e-05, 7.0879177656e-05, 7.08946536179e-05, 0.000152653359692, 0.000148710067151, 0.000226999793085, 0.000287488946924, 0.000207742355997, 0.000181324459845],
        "mean": [8.86514244485e-05, 0.000567557988688, 0.000991667388007, 0.00120952399448, 0.000878558144905, 0.00045778855565, 0.000184758362593, 0.000153428321937, 0.000127946041175, 4.9335143558e-05, 4.59537623101e-05, 0.000103870785097, 2.55139493675e-05, 2.99086877931e-05, 1.59485371114e-05, 1.3617975128e-05, 1.03027705336e-05, 6.56903466734e-06, 5.76118964091e-06, 4.41776455773e-06, 7.95722917246e-06, 2.2336175789e-06, 1.80520908089e-06, 1.1766355783e-06, 5.55170061034e-07, 8.17116244889e-07, 7.39161237107e-07, 3.56404029844e-07, 6.14461043824e-07, 1.24636699184e-06, 1.41112968777e-06, 5.77771629651e-07, 4.80863832308e-07, 5.33101172095e-07, 4.34065185573e-07, 4.33794838273e-07, 5.97569794536e-07, 9.73395458459e-07, 8.78312562236e-07, 6.73575470955e-07],
        "median": [1.93671949091e-05, 0.000249996955972, 0.000204750002013, 0.000112645488116, 0.000103604201286, 0.000127514824271, 4.51444320788e-05, 2.2608506697e-05, 1.21287021102e-05, 6.30224212728e-06, 3.89821980207e-06, 5.04784429722e-06, 2.40184476752e-06, 1.34975334731e-06, 7.53857648306e-07, 5.22293419181e-07, 3.60291835477e-07, 2.34704188529e-07, 2.51351281122e-07, 1.2781876535e-07, 1.01642008588e-07, 5.85377577522e-08, 4.57420696875e-08, 3.84084799521e-08, 1.69917750981e-08, 2.18845901401e-08, 1.26801840139e-08, 4.15335943416e-09, 6.14869621884e-09, 5.32800337183e-09, 5.28363619523e-09, 3.54330298435e-09, 5.41387645825e-09, 3.53231666139e-09, 2.54843857128e-09, 1.89956228525e-09, 1.5207096693e-09, 2.79827627736e-09, 2.20202900358e-09, 2.0588206695e-09],
        "min": [1.46126306387e-24, 3.48997310395e-24, 2.19545433063e-24, 2.12723600613e-24, 2.0782436024e-24, 1.80655832892e-24, 3.13500462926e-24, 4.12824361781e-24, 2.96290436759e-24, 3.55882488376e-24, 2.89759299553e-24, 3.92161136444e-24, 2.12159979218e-24, 2.11756595194e-24, 3.86154473411e-24, 2.30749525892e-24, 4.75192217707e-24, 4.47953363409e-24, 3.56184346001e-24, 6.74258900557e-24, 5.34743603543e-24, 4.34514960117e-24, 3.22121174341e-24, 5.91639446915e-24, 5.40854514546e-24, 4.10890942588e-24, 4.74632915325e-24, 4.88749147351e-24, 4.83846100723e-24, 5.72112575712e-24, 6.47435618184e-24, 6.62347179774e-24, 7.19241090436e-24, 6.26221965151e-24, 7.64836777441e-24, 5.71549131811e-24, 7.39782239547e-24, 7.17759215226e-24, 7.50818403611e-24, 7.10429671897e-24],
        "var": [3.27311511228e-08, 7.97325355961e-07, 3.95470624426e-06, 1.13952282845e-05, 5.34148330189e-06, 7.85022962191e-07, 1.47453263821e-07, 1.50576227043e-07, 1.64744818676e-07, 2.33092460888e-08, 3.74693343019e-08, 5.24279585079e-07, 1.23208714342e-08, 5.33005710679e-08, 8.01969601838e-09, 1.28653017128e-08, 4.69734562358e-09, 5.126842062e-09, 1.46347167718e-09, 2.59825938542e-10, 1.33932465118e-09, 2.68595007347e-10, 7.29426449797e-11, 2.81973177446e-11, 1.06495541552e-11, 3.77827005793e-11, 1.70615205991e-11, 6.69597233563e-12, 1.7273609626e-11, 4.88378434915e-11, 4.51411859281e-11, 1.06864924895e-11, 7.50240494729e-12, 6.45801684698e-12, 7.07822212301e-12, 1.16036130357e-11, 2.95606247813e-11, 6.95358978731e-11, 4.46128758935e-11, 2.42119622962e-11]
    },
    "mfcc": {
        "mean": [-826.658935547, 179.985565186, 46.0150032043, 6.63514900208, 4.08273553848, -1.51802825928, -5.61073446274, -4.07407665253, -3.26727437973, -8.14923763275, -4.717689991, -4.08655548096, -1.30519926548],
        "cov": [[13812.2490234, -1073.08972168, -1705.39343262, -235.725692749, 69.6557769775, -295.854370117, -611.304321289, -258.140655518, 19.4570236206, -486.728027344, -191.462005615, -262.806396484, -456.92098999], [-1073.08972168, 3229.04589844, -235.902389526, -464.73449707, -44.5686798096, -22.3833866119, -28.9074287415, 56.359664917, -54.0288200378, 85.9729690552, -59.4754714966, -41.0113449097, 116.999595642], [-1705.39343262, -235.902389526, 917.170410156, 70.2112731934, -108.372489929, 12.4693660736, 40.9354667664, 15.2017354965, -53.991859436, -6.79785633087, -2.64892482758, 8.47376537323, -18.805929184], [-235.725692749, -464.73449707, 70.2112731934, 424.988830566, 71.9913253784, -69.9497375488, -16.3540935516, 29.1279735565, 9.08080196381, -2.2802977562, 5.08166360855, -29.2978134155, -25.1430053711], [69.6557769775, -44.5686798096, -108.372489929, 71.9913253784, 258.86416626, 11.9722833633, -60.5753364563, 1.52343273163, 8.68380737305, 14.2837457657, -0.969241023064, -21.6157093048, -24.4073467255], [-295.854370117, -22.3833866119, 12.4693660736, -69.9497375488, 11.9722833633, 194.854492188, 20.6577415466, -50.1267242432, 16.7063140869, 26.3194274902, 8.29711341858, 27.4369831085, 2.30639743805], [-611.304321289, -28.9074287415, 40.9354667664, -16.3540935516, -60.5753364563, 20.6577415466, 256.450500488, 10.0033569336, -24.1909427643, 44.434173584, 47.0952835083, 24.9944381714, 54.2698440552], [-258.140655518, 56.359664917, 15.2017354965, 29.1279735565, 1.52343273163, -50.1267242432, 10.0033569336, 186.073471069, 4.8498711586, -23.3811187744, -18.265083313, 0.321922272444, 23.3861656189], [19.4570236206, -54.0288200378, -53.991859436, 9.08080196381, 8.68380737305, 16.7063140869, -24.1909427643, 4.8498711586, 161.694442749, 13.8347969055, -36.3337211609, 1.50669872761, 34.6865272522], [-486.728027344, 85.9729690552, -6.79785633087, -2.2802977562, 14.2837457657, 26.3194274902, 44.434173584, -23.3811187744, 13.8347969055, 167.224487305, 27.4745388031, -26.3220005035, 18.8595409393], [-191.462005615, -59.4754714966, -2.64892482758, 5.08166360855, -0.969241023064, 8.29711341858, 47.0952835083, -18.265083313, -36.3337211609, 27.4745388031, 138.616867065, 29.7086677551, -20.8431739807], [-262.806396484, -41.0113449097, 8.47376537323, -29.2978134155, -21.6157093048, 27.4369831085, 24.9944381714, 0.321922272444, 1.50669872761, -26.3220005035, 29.7086677551, 148.357177734, 57.8517494202], [-456.92098999, 116.999595642, -18.805929184, -25.1430053711, -24.4073467255, 2.30639743805, 54.2698440552, 23.3861656189, 34.6865272522, 18.8595409393, -20.8431739807, 57.8517494202, 199.547775269]],
