{
"lowlevel": {
    "average_loudness": 0.0299928691238,
    "barkbands_crest": {
        "dmean": 2.50321125984,
        "dmean2": 4.12098169327,
        "dvar": 5.92679071426,
        "dvar2": 16.0075531006,
        "max": 25.6113796234,
        "mean": 10.6507558823,
        "median": 9.94555568695,
        "min": 3.00030422211,
        "var": 17.4951496124
    },
    "barkbands_flatness_db": {
        "dmean": 0.0303809195757,
        "dmean2": 0.0473015755415,
        "dvar": 0.0012176776072,
        "dvar2": 0.0027194225695,
        "max": 0.589544355869,
        "mean": 0.206388384104,
        "median": 0.194303110242,
        "min": 0.0270246695727,
        "var": 0.00604292657226
    },
    "barkbands_kurtosis": {
        "dmean": 4.5269446373,
        "dmean2": 7.6353430748,
        "dvar": 125.794593811,
        "dvar2": 375.40246582,
        "max": 286.965545654,
        "mean": 7.50009441376,
        "median": 3.11985445023,
        "min": -1.82073843479,
        "var": 253.485321045
    },
    "barkbands_skewness": {
        "dmean": 0.606019020081,
        "dmean2": 0.9861805439,
        "dvar": 0.592946648598,
        "dvar2": 1.61064398289,
        "max": 12.8801174164,
        "mean": 1.79020917416,
        "median": 1.52938091755,
        "min": -2.19303107262,
        "var": 2.29732251167
    },
    "barkbands_spread": {
        "dmean": 3.10485672951,
        "dmean2": 5.01932907104,
        "dvar": 12.8326807022,
        "dvar2": 32.004524231,
        "max": 105.804252625,
        "mean": 11.3953065872,
        "median": 10.3162946701,
        "min": 0.205419972539,
        "var": 50.0510520935
    },
    "dissonance": {
        "dmean": 0.0238698404282,
        "dmean2": 0.0400680378079,
        "dvar": 0.000422166252974,
        "dvar2": 0.00113638944458,
        "max": 0.500000119209,
        "mean": 0.449805021286,
        "median": 0.455696046352,
        "min": 0.187386721373,
        "var": 0.00126067234669
    },
    "dynamic_complexity": 7.34193658829,
    "erbbands_crest": {
        "dmean": 2.40203046799,
        "dmean2": 3.84847974777,
        "dvar": 5.06625270844,
        "dvar2": 12.4160814285,
        "max": 32.7056121826,
        "mean": 9.35532093048,
        "median": 8.19675636292,
        "min": 2.65534925461,
        "var": 18.6252918243
    },
    "erbbands_flatness_db": {
        "dmean": 0.0189984012395,
        "dmean2": 0.0290107503533,
        "dvar": 0.000455825676909,
        "dvar2": 0.000987241277471,
        "max": 0.390311807394,
        "mean": 0.210703656077,
        "median": 0.204093769193,
        "min": 0.0329778008163,
        "var": 0.00255463272333
    },
    "erbbands_kurtosis": {
        "dmean": 0.842427968979,
        "dmean2": 1.34590733051,
        "dvar": 1.23435890675,
        "dvar2": 2.86256694794,
        "max": 39.322971344,
        "mean": 0.697086334229,
        "median": 0.179784536362,
        "min": -1.60204279423,
        "var": 3.69693946838
    },
    "erbbands_skewness": {
        "dmean": 0.335157573223,
        "dmean2": 0.523164749146,
        "dvar": 0.0958322584629,
        "dvar2": 0.22673535347,
        "max": 5.68282556534,
        "mean": 0.498044788837,
        "median": 0.484768599272,
        "min": -2.50945067406,
        "var": 0.495522409678
    },
    "erbbands_spread": {
        "dmean": 4.47116374969,
        "dmean2": 7.18860387802,
        "dvar": 18.8014907837,
        "dvar2": 49.6720237732,
        "max": 83.1565093994,
        "mean": 23.6582145691,
        "median": 23.1643466949,
        "min": 3.15299487114,
        "var": 85.9670257568
    },
    "hfc": {
        "dmean": 4.09056901932,
        "dmean2": 6.3106136322,
        "dvar": 113.085968018,
        "dvar2": 260.015045166,
        "max": 230.911972046,
        "mean": 9.53478908539,
        "median": 3.0491874218,
        "min": 1.05473561679e-16,
        "var": 296.368347168
    },
    "melbands_crest": {
        "dmean": 3.96010065079,
        "dmean2": 6.55318880081,
        "dvar": 17.4200763702,
        "dvar2": 43.8316612244,
        "max": 39.7789916992,
        "mean": 16.785068512,
        "median": 14.619603157,
        "min": 1.00083291531,
        "var": 66.1538391113
    },
    "melbands_flatness_db": {
        "dmean": 0.0345398001373,
        "dmean2": 0.0541402362287,
        "dvar": 0.00155163463205,
        "dvar2": 0.00356509000994,
        "max": 0.712271273136,
        "mean": 0.287557452917,
        "median": 0.273216426373,
        "min": -1.72572924839e-07,
        "var": 0.00928863510489
    },
    "melbands_kurtosis": {
        "dmean": 9.46719264984,
        "dmean2": 15.9136285782,
        "dvar": 955.312988281,
        "dvar2": 2363.83081055,
        "max": 2267.39941406,
        "mean": 17.068857193,
        "median": 6.52575492859,
        "min": -1.6782323122,
        "var": 3989.37231445
    },
    "melbands_skewness": {
        "dmean": 0.80247938633,
        "dmean2": 1.31695318222,
        "dvar": 1.24977517128,
        "dvar2": 3.3592414856,
        "max": 36.9662284851,
        "mean": 2.53502011299,
        "median": 2.05760383606,
        "min": -1.08757996559,
        "var": 5.56114912033
    },
    "melbands_spread": {
        "dmean": 3.89316940308,
        "dmean2": 6.28799390793,
        "dvar": 20.9460601807,
        "dvar2": 52.5807876587,
        "max": 157.390533447,
        "mean": 14.0978651047,
        "median": 11.2818756104,
        "min": 0.0479937568307,
        "var": 210.431991577
    },
    "pitch_salience": {
        "dmean": 0.0787524059415,
        "dmean2": 0.128828212619,
        "dvar": 0.00623338948935,
        "dvar2": 0.0153349069878,
        "max": 0.996075570583,
        "mean": 0.507764697075,
        "median": 0.530619800091,
        "min": 0.0153863942251,
        "var": 0.0256670489907
    },
    "silence_rate_20dB": {
        "dmean": 0.00260756188072,
        "dmean2": 0.00521550141275,
        "dvar": 0.00260077882558,
        "dvar2": 0.00620251335204,
        "max": 1,
        "mean": 0.997537493706,
        "median": 1,
        "min": 0,
        "var": 0.00245638983324
    },
    "silence_rate_30dB": {
        "dmean": 0.0304215550423,
        "dmean2": 0.0608475208282,
        "dvar": 0.0294944066554,
        "dvar2": 0.0639598220587,
        "max": 1,
        "mean": 0.945896983147,
        "median": 1,
        "min": 0,
        "var": 0.0511766932905
    },
    "silence_rate_60dB": {
        "dmean": 0.0307112857699,
        "dmean2": 0.0614270195365,
        "dvar": 0.0297701060772,
        "dvar2": 0.0659191012383,
        "max": 1,
        "mean": 0.320996582508,
        "median": 0,
        "min": 0,
        "var": 0.217945709825
    },
    "spectral_centroid": {
        "dmean": 133.065628052,
        "dmean2": 210.770187378,
        "dvar": 31781.90625,
        "dvar2": 74044.6875,
        "max": 11910.3613281,
        "mean": 877.045349121,
        "median": 741.675842285,
        "min": 129.028121948,
        "var": 1087654.375
    },
    "spectral_complexity": {
        "dmean": 2.49630594254,
        "dmean2": 3.86034035683,
        "dvar": 12.7165079117,
        "dvar2": 26.229719162,
        "max": 61,
        "mean": 11.6916055679,
        "median": 9,
        "min": 0,
        "var": 90.4035186768
    },
    "spectral_decrease": {
        "dmean": 3.51925821818e-09,
        "dmean2": 5.80903636305e-09,
        "dvar": 8.84798969999e-17,
        "dvar2": 2.26985427516e-16,
        "max": 2.0916713828e-28,
        "mean": -6.73534383822e-09,
        "median": -2.2908366315e-09,
        "min": -2.35107378899e-07,
        "var": 1.72705293089e-16
    },
    "spectral_energy": {
        "dmean": 0.0135765299201,
        "dmean2": 0.0224029757082,
        "dvar": 0.00128433725331,
        "dvar2": 0.00329568353482,
        "max": 0.891619324684,
        "mean": 0.0262856092304,
        "median": 0.00900303013623,
        "min": 9.73052863445e-21,
        "var": 0.00256067118607
    },
    "spectral_energyband_high": {
        "dmean": 8.5523504822e-05,
        "dmean2": 0.000144643054227,
        "dvar": 1.01664952012e-07,
        "dvar2": 2.67321411229e-07,
        "max": 0.00710132904351,
        "mean": 9.18286677916e-05,
        "median": 9.20937600313e-06,
        "min": 6.90444506903e-21,
        "var": 9.63371675766e-08
    },
    "spectral_energyband_low": {
        "dmean": 0.0101401414722,
        "dmean2": 0.0172848496586,
        "dvar": 0.00113085156772,
        "dvar2": 0.00293265446089,
        "max": 0.769335627556,
        "mean": 0.0138490051031,
        "median": 0.00179990089964,
        "min": 1.15969353048e-23,
        "var": 0.00160714820959
    },
    "spectral_energyband_middle_high": {
        "dmean": 0.00158574641682,
        "dmean2": 0.00244312244467,
        "dvar": 2.04370335268e-05,
        "dvar2": 4.76580644317e-05,
        "max": 0.117128610611,
        "mean": 0.00337708927691,
        "median": 0.000757321016863,
        "min": 9.96814636283e-22,
        "var": 5.37066553079e-05
    },
    "spectral_energyband_middle_low": {
        "dmean": 0.0040146545507,
        "dmean2": 0.00605116551742,
        "dvar": 0.000100655175629,
        "dvar2": 0.000220670684939,
        "max": 0.182952359319,
        "mean": 0.00856687314808,
        "median": 0.00294436560944,
        "min": 1.74115195433e-22,
        "var": 0.000235700572375
    },
    "spectral_entropy": {
        "dmean": 0.168222650886,
        "dmean2": 0.257793545723,
        "dvar": 0.0349101051688,
        "dvar2": 0.0799124985933,
        "max": 9.82759666443,
        "mean": 7.07270812988,
        "median": 7.07429790497,
        "min": 4.99666881561,
        "var": 0.254521518946
    },
    "spectral_flux": {
        "dmean": 0.0230315215886,
        "dmean2": 0.0384378321469,
        "dvar": 0.00160781224258,
        "dvar2": 0.00415708869696,
        "max": 0.732584893703,
        "mean": 0.0680176541209,
        "median": 0.0410161651671,
        "min": 6.34268609856e-11,
        "var": 0.00555759714916
    },
    "spectral_kurtosis": {
        "dmean": 5.21757411957,
        "dmean2": 9.10297489166,
        "dvar": 39.6080436707,
        "dvar2": 115.345962524,
        "max": 99.0086669922,
        "mean": 12.0941486359,
        "median": 9.05405902863,
        "min": -1.27345395088,
        "var": 100.295852661
    },
    "spectral_rms": {
        "dmean": 0.000908657326363,
        "dmean2": 0.00147034716792,
        "dvar": 2.3540537768e-06,
        "dvar2": 6.06899129707e-06,
        "max": 0.0294936019927,
        "mean": 0.00383415911347,
        "median": 0.00296368752606,
        "min": 3.08110351468e-12,
        "var": 1.09436896309e-05
    },
    "spectral_rolloff": {
        "dmean": 194.61579895,
        "dmean2": 324.351043701,
        "dvar": 85604.7421875,
        "dvar2": 188252.890625,
        "max": 19422.9492188,
        "mean": 869.747680664,
        "median": 581.396484375,
        "min": 43.06640625,
        "var": 3504563
    },
    "spectral_skewness": {
        "dmean": 0.413918197155,
        "dmean2": 0.713016629219,
        "dvar": 0.180103316903,
        "dvar2": 0.518363237381,
        "max": 8.54416656494,
        "mean": 2.33092594147,
        "median": 2.17627191544,
        "min": -0.092624232173,
        "var": 0.592119455338
    },
    "spectral_spread": {
        "dmean": 387807.15625,
        "dmean2": 620438.0625,
        "dvar": 364285394944,
        "dvar2": 825820971008,
        "max": 43227600,
        "mean": 2961348.25,
        "median": 2604863.5,
        "min": 854492.125,
        "var": 1.42897871585e+13
    },
    "spectral_strongpeak": {
        "dmean": 0.288963973522,
        "dmean2": 0.488532274961,
        "dvar": 0.262162536383,
        "dvar2": 0.66772121191,
        "max": 5.94697141647,
        "mean": 0.488348007202,
        "median": 0.201296314597,
        "min": 0,
        "var": 0.499600410461
    },
    "zerocrossingrate": {
        "dmean": 0.004706683103,
        "dmean2": 0.0060597807169,
        "dvar": 3.22690102621e-05,
        "dvar2": 4.89020640089e-05,
        "max": 0.5283203125,
        "mean": 0.0327664762735,
        "median": 0.02685546875,
        "min": 0.0009765625,
        "var": 0.00245783152059
    },
    "barkbands": {
        "dmean": [0.00296663306653, 0.00759515631944, 0.000961827754509, 0.000320038525388, 0.000728641112801, 0.00146300904453, 0.00106438773219, 0.000698256772012, 0.000992507324554, 0.000769540143665, 0.000345548294717, 0.000295067846309, 0.000292566808639, 0.000262135610683, 0.000181905546924, 9.99273834168e-05, 8.84788241819e-05, 5.87277827435e-05, 4.196714508e-05, 3.54283729394e-05, 2.5025143259e-05, 1.86702109204e-05, 1.17431773106e-05, 8.57036047819e-06, 4.77381900055e-06, 2.55267536886e-06, 5.61693184409e-07],
        "dmean2": [0.00443691853434, 0.0133748715743, 0.00155654514674, 0.000531561789103, 0.00116802437697, 0.00222551496699, 0.00167063425761, 0.00111634132918, 0.00163412455004, 0.00126153312158, 0.000579064595513, 0.000486566917971, 0.00046995683806, 0.000438978982856, 0.000284572335659, 0.000165341683896, 0.000145447222167, 9.72089910647e-05, 6.9779016485e-05, 5.93383265368e-05, 4.23377168772e-05, 3.2088260923e-05, 2.01837738132e-05, 1.49141596921e-05, 8.24968810775e-06, 4.51623236586e-06, 9.98815266939e-07],
        "dvar": [0.00011767205433, 0.000702672579791, 6.64155322738e-06, 1.02319347661e-06, 4.92912658956e-06, 2.01643470064e-05, 1.15853799798e-05, 3.77854848921e-06, 1.12395973701e-05, 6.13293559582e-06, 1.21895698157e-06, 7.43083433008e-07, 8.76857427556e-07, 6.40685925646e-07, 2.90689683879e-07, 8.28580866141e-08, 9.54598320391e-08, 3.49530075994e-08, 2.01539442912e-08, 1.71331375753e-08, 1.02073745012e-08, 5.94652593833e-09, 2.0984198823e-09, 1.22552246129e-09, 3.41939448978e-10, 1.03655757588e-10, 5.33667294383e-12],
        "dvar2": [0.000253184349276, 0.00191735604312, 1.55130710482e-05, 2.73839759757e-06, 1.24228818095e-05, 4.50330553576e-05, 2.80889453279e-05, 8.92965545063e-06, 2.9215025279e-05, 1.59045903274e-05, 3.28673490912e-06, 1.95740994968e-06, 2.12329200622e-06, 1.70060650362e-06, 6.75285718899e-07, 2.15225284705e-07, 2.42859613309e-07, 9.11085109578e-08, 5.23498755456e-08, 4.47473667009e-08, 2.68343960386e-08, 1.61189159797e-08, 5.68349278751e-09, 3.3229079488e-09, 9.27000087803e-10, 2.80197670621e-10, 1.44000531985e-11],
        "max": [0.413946628571, 0.678339421749, 0.124707780778, 0.0444195009768, 0.0658966973424, 0.0970692634583, 0.104573383927, 0.0461023785174, 0.0776879042387, 0.0720067173243, 0.0267635695636, 0.0242587309331, 0.0398469828069, 0.0334203764796, 0.0213927775621, 0.00691108126193, 0.0136016001925, 0.00371372303925, 0.00334556424059, 0.00334817939438, 0.00345718418248, 0.00179065275006, 0.00108347414061, 0.000718065188266, 0.000392797257518, 0.000192504623556, 5.04935196659e-05],
        "mean": [0.00416699657217, 0.00891146343201, 0.00139958725777, 0.000496133288834, 0.00112730625551, 0.00246804673225, 0.00166135455947, 0.00101592496503, 0.00134767300915, 0.00110123143531, 0.000447956786957, 0.000448608334409, 0.000472716521472, 0.000421832985012, 0.00030168070225, 0.000140468153404, 0.000112886846182, 7.63147036196e-05, 5.31053010491e-05, 4.2469589971e-05, 2.75581860478e-05, 1.85682147276e-05, 1.12265515781e-05, 7.80354912422e-06, 4.17887395088e-06, 2.03404943022e-06, 4.17905283712e-07],
        "median": [6.5739157435e-05, 0.000682217883877, 0.000269281008514, 0.00012724728731, 0.000248772819759, 0.000465258548502, 0.00024017902615, 0.000194270978682, 0.000137371855089, 0.000161212592502, 9.78671669145e-05, 6.68832071824e-05, 4.76303503092e-05, 6.95368944434e-05, 4.08578634961e-05, 3.04198292724e-05, 2.21434002015e-05, 1.39776166179e-05, 1.16498949865e-05, 5.68012592339e-06, 2.85002056444e-06, 1.56391229211e-06, 7.31215322958e-07, 5.50586207737e-07, 2.27423555543e-07, 6.58198118231e-08, 6.86933354643e-09],
        "min": [9.18863013034e-25, 2.63647411944e-24, 1.09827049326e-24, 2.20021466246e-25, 6.89085067954e-24, 8.6457545936e-24, 1.17681607198e-23, 6.72654594134e-24, 1.16780302059e-23, 1.34202484477e-23, 1.30168155145e-23, 2.08025649933e-23, 2.58437853412e-23, 1.41805005234e-23, 4.01726658677e-23, 4.06488380873e-23, 6.37081227157e-23, 6.41935940277e-23, 7.29766577504e-23, 1.61272035025e-22, 2.54623676226e-22, 2.68772054333e-22, 3.66382042431e-22, 5.5052721931e-22, 8.90291807377e-22, 1.28294258979e-21, 1.92383732202e-21],
        "var": [0.000185805969522, 0.000885560468305, 1.25772721731e-05, 1.80203414857e-06, 7.47172634874e-06, 3.99529635615e-05, 2.1277619453e-05, 6.4056885094e-06, 1.47221908264e-05, 9.4322476798e-06, 1.38107441217e-06, 1.29148236283e-06, 2.08139272218e-06, 1.45766966853e-06, 6.93496019721e-07, 1.18220064849e-07, 1.11886429011e-07, 4.14079543987e-08, 2.16562963118e-08, 1.85004687125e-08, 9.28720567117e-09, 5.16191400735e-09, 1.75255243651e-09, 9.67798174933e-10, 2.7037974637e-10, 7.69800126421e-11, 3.96501104519e-12]
    },
    "erbbands": {
        "dmean": [0.432528197765, 1.07070660591, 1.05344188213, 1.01925802231, 1.31792747974, 2.79117131233, 6.51831579208, 14.1755428314, 18.0756416321, 14.1050491333, 13.8848428726, 19.4879341125, 29.7519645691, 14.2972021103, 14.3399915695, 11.685965538, 12.6009588242, 13.1571369171, 10.9739847183, 7.00486898422, 5.06171941757, 4.88516521454, 3.47048163414, 2.59196043015, 1.78703916073, 1.63730883598, 1.19632065296, 0.917917966843, 0.693830728531, 0.435516119003, 0.330854862928, 0.209634020925, 0.131440252066, 0.0613578520715, 0.0298597030342, 0.0133528662845, 0.00417376495898, 0.000904086220544, 0.000103254300484, 1.71580250026e-05],
        "dmean2": [0.768129050732, 1.83713686466, 1.75716280937, 1.58490514755, 2.09909391403, 4.55231904984, 10.4379072189, 21.7143363953, 28.3714618683, 22.1949863434, 22.5356712341, 31.9051971436, 48.7151031494, 23.4819469452, 24.1051750183, 18.8987693787, 20.1988563538, 21.6916446686, 17.0869102478, 11.2071790695, 8.34123706818, 8.00726604462, 5.70792531967, 4.29634809494, 2.94962215424, 2.74035453796, 2.03093361855, 1.56528770924, 1.19743835926, 0.740818142891, 0.572671771049, 0.365121334791, 0.229854851961, 0.105837278068, 0.0521235540509, 0.0236234813929, 0.00738471280783, 0.00159602984786, 0.000183814598131, 2.87574493996e-05],
        "dvar": [2.44094657898, 14.0337152481, 6.78742551804, 7.4071521759, 17.2661075592, 70.0131835938, 836.719177246, 1926.55859375, 3617.57910156, 1729.01037598, 1624.84777832, 3722.57421875, 9584.12011719, 2110.96484375, 2189.24609375, 1203.14990234, 1636.99768066, 1891.54150391, 999.126159668, 381.11541748, 207.01335144, 328.968994141, 120.119094849, 76.3656616211, 37.3327713013, 36.6839561462, 21.7794189453, 14.6490869522, 8.01236629486, 2.74359321594, 1.88067603111, 0.771808326244, 0.293596595526, 0.0584747865796, 0.0137855997309, 0.00289790891111, 0.000276949373074, 1.32726181619e-05, 1.68671562051e-07, 1.83295090217e-09],
        "dvar2": [6.78260755539, 40.6666793823, 17.1624584198, 16.9614181519, 39.3317947388, 178.842956543, 2149.65600586, 4496.38037109, 9165.20019531, 4032.05102539, 4097.796875, 9737.57226562, 25419.6484375, 5387.31787109, 5957.23095703, 3076.71923828, 4098.53466797, 4734.70947266, 2389.28686523, 911.02947998, 539.769287109, 836.126098633, 309.257629395, 197.952209473, 95.9663696289, 94.7309036255, 56.9898605347, 39.3093338013, 21.6953258514, 7.38277435303, 5.12536764145, 2.09787917137, 0.801554083824, 0.158385559916, 0.0375853776932, 0.00786127336323, 0.000748495396692, 3.58090946975e-05, 4.55203092997e-07, 4.84970286152e-09],
        "max": [34.4831581116, 123.431480408, 109.937088013, 88.6492919922, 159.547164917, 226.62071228, 840.199157715, 1135.54626465, 1865.11950684, 901.590942383, 999.325805664, 1359.95568848, 2283.24853516, 1354.83959961, 1122.28381348, 1006.87963867, 1772.89416504, 1963.96899414, 1183.38464355, 530.713500977, 308.535827637, 921.693054199, 226.806655884, 247.099075317, 170.262954712, 162.399124146, 127.250511169, 122.935272217, 68.1965408325, 39.8669013977, 41.9704742432, 17.2112483978, 10.9973621368, 5.58098459244, 2.20763850212, 1.08672845364, 0.327899038792, 0.0917209461331, 0.00883493199944, 0.0009726115386],
        "mean": [0.444894880056, 1.3131762743, 1.58193743229, 1.82286000252, 2.20842671394, 3.91577672958, 8.78012561798, 24.0394134521, 30.0421886444, 20.7050380707, 20.2130336761, 28.4549274445, 41.012588501, 22.2759552002, 19.2718448639, 18.7724323273, 21.2209815979, 22.9928207397, 19.3699207306, 11.2907190323, 7.31366300583, 6.4102025032, 4.60951185226, 3.30694627762, 2.30977892876, 1.95548975468, 1.32457220554, 0.995151042938, 0.691950082779, 0.435359984636, 0.311678081751, 0.19220943749, 0.11652751267, 0.0546523705125, 0.0256273839623, 0.0108597241342, 0.00329419597983, 0.000695764494594, 8.6390915385e-05, 3.17904232361e-05],
        "median": [0.0209195222706, 0.131185129285, 0.313381463289, 0.507973253727, 0.523347973824, 0.789286851883, 1.4944767952, 4.52271938324, 4.29269075394, 4.31044864655, 3.65652084351, 3.80856990814, 5.94137954712, 4.00062084198, 4.11878299713, 2.94336223602, 2.37949419022, 3.50294661522, 2.86088418961, 2.29000473022, 1.6919554472, 1.16453886032, 0.821209132671, 0.79320025444, 0.372872143984, 0.268507003784, 0.150024086237, 0.0907757803798, 0.0555570200086, 0.0388879589736, 0.0204716455191, 0.0129799088463, 0.00704973191023, 0.0030961651355, 0.00142962799873, 0.000436000205809, 0.000111070512503, 1.71795363713e-05, 7.54064467401e-06, 1.04612445284e-05],
        "min": [1.12846161217e-22, 7.78370645525e-22, 1.54969743212e-21, 1.61186461919e-21, 1.04314430346e-20, 2.11987811745e-20, 5.02446532353e-20, 5.5231217854e-20, 8.15600342471e-20, 2.09445116703e-19, 2.5040889717e-19, 4.20914938902e-19, 6.1066339888e-19, 6.67799762319e-19, 8.44864803471e-19, 1.16182511136e-18, 1.18479116068e-18, 1.12736032095e-18, 2.61142284231e-18, 3.05727898274e-18, 1.70246880876e-18, 4.00543145116e-18, 3.31548920121e-18, 4.07046356374e-18, 4.93715032234e-18, 9.02689463898e-18, 9.64397882057e-18, 1.03121695291e-17, 9.90442242669e-18, 1.0771464873e-17, 1.10754446491e-17, 1.04583910732e-17, 1.0507413105e-17, 8.21283641966e-18, 6.00761426563e-18, 4.01169196762e-18, 2.31211767062e-18, 9.19836421688e-19, 2.32115436032e-19, 2.52347504795e-20],
        "var": [2.55254817009, 17.9255161285, 13.0042276382, 16.4975280762, 38.7251739502, 92.9245681763, 914.529602051, 3959.31420898, 6977.03125, 2767.83056641, 2376.68798828, 5478.01074219, 12721.3476562, 3381.44995117, 2488.36376953, 2230.13525391, 3880.5925293, 4664.28320312, 2518.69018555, 716.885864258, 294.593109131, 382.09274292, 147.902099609, 82.1494140625, 42.2887382507, 39.7796211243, 20.1270809174, 13.0555019379, 6.94778442383, 2.42480826378, 1.50828385353, 0.604067385197, 0.227331504226, 0.0464991889894, 0.010591680184, 0.00214182212949, 0.000205935168196, 9.94745369098e-06, 1.2983888098e-07, 3.58011664758e-09]
    },
    "gfcc": {
        "mean": [-131.741012573, 154.380355835, -128.486190796, 12.4216690063, -43.255531311, 3.48440241814, -23.9490413666, 4.0512137413, -7.32353210449, 1.35104739666, -4.11620616913, -3.12099981308, -1.96923458576],
        "cov": [[26233.0488281, -949.215393066, -2038.15576172, 508.402557373, -1804.37414551, 674.376220703, -798.851501465, 285.273742676, -374.397674561, 371.120117188, -221.070922852, 170.428466797, -173.449630737], [-949.215393066, 1802.1517334, 43.0573310852, 56.1055374146, 554.541931152, -158.729522705, 277.471099854, -163.895050049, 156.101104736, -168.512588501, 110.507904053, -166.660110474, 87.7978973389], [-2038.15576172, 43.0573310852, 846.751464844, 226.404403687, 317.270874023, 27.7541923523, 82.4918899536, 48.0437812805, 18.8444309235, -4.71761083603, -2.35766983032, 39.0694580078, -2.717638731], [508.402557373, 56.1055374146, 226.404403687, 339.665985107, 92.1411437988, 63.5141067505, -28.1859111786, 35.9253234863, -15.1666994095, -15.009847641, -7.08350992203, 3.85881376266, -11.630440712], [-1804.37414551, 554.541931152, 317.270874023, 92.1411437988, 547.30670166, 66.3780136108, 286.176208496, 6.7143034935, 122.576255798, -18.3923034668, 68.9414672852, -49.5677070618, 42.1945762634], [674.376220703, -158.729522705, 27.7541923523, 63.5141067505, 66.3780136108, 263.161407471, 118.334106445, 69.0200576782, 42.8818702698, 63.9729614258, 21.2328186035, -14.1233415604, 5.14715528488], [-798.851501465, 277.471099854, 82.4918899536, -28.1859111786, 286.176208496, 118.334106445, 306.459411621, 40.3772583008, 132.173568726, 22.3335113525, 74.1559906006, -36.8315238953, 49.6506195068], [285.273742676, -163.895050049, 48.0437812805, 35.9253234863, 6.7143034935, 69.0200576782, 40.3772583008, 122.956718445, 37.1746177673, 51.0840568542, 2.63696837425, 38.2215232849, 1.44116806984], [-374.397674561, 156.101104736, 18.8444309235, -15.1666994095, 122.576255798, 42.8818702698, 132.173568726, 37.1746177673, 143.381011963, 42.5168533325, 72.2340240479, -10.8993587494, 45.8857116699], [371.120117188, -168.512588501, -4.71761083603, -15.009847641, -18.3923034668, 63.9729614258, 22.3335113525, 51.0840568542, 42.5168533325, 97.8045349121, 35.057559967, 35.7692108154, 6.61427211761], [-221.070922852, 110.507904053, -2.35766983032, -7.08350992203, 68.9414672852, 21.2328186035, 74.1559906006, 2.63696837425, 72.2340240479, 35.057559967, 109.032745361, 18.0023059845, 44.7765235901], [170.428466797, -166.660110474, 39.0694580078, 3.85881376266, -49.5677070618, -14.1233415604, -36.8315238953, 38.2215232849, -10.8993587494, 35.7692108154, 18.0023059845, 99.4031906128, 22.7741203308], [-173.449630737, 87.7978973389, -2.717638731, -11.630440712, 42.1945762634, 5.14715528488, 49.6506195068, 1.44116806984, 45.8857116699, 6.61427211761, 44.7765235901, 22.7741203308, 74.7884979248]],
        "icov": [[0.000112175381219, -0.000249186181463, 0.000226356918574, -0.000313957018079, 0.000452914653579, -0.000405696046073, -1.33962957989e-05, -0.000118564530567, 0.000230907535297, -0.000574171601329, 0.000304780376609, -0.000329422211507, 0.000122609882965], [-0.000249186181463, 0.00215095258318, -3.73831717297e-05, 9.50669855229e-05, -0.0022872465197, 0.00212373095565, -0.000311948824674, 0.00115044636186, -0.00130319758318, 0.00271901953965, -0.00140654679853, 0.00200327928178, -0.000969218905084], [0.000226356918574, -3.73831717297e-05, 0.00261059612967, -0.00174538802821, -0.000871445809025, -0.000258460961049, 2.19836383621e-05, -2.59143289441e-05, 0.000220930000069, -0.000943463761359, 0.00121444696561, -0.00187405478209, 0.000679104705341], [-0.000313957018079, 9.50669855229e-05, -0.00174538802821, 0.00607745442539, -0.00228141876869, -0.00152126338799, 0.00367532111704, -0.00213010516018, -0.000353142997483, 0.00358071830124, -0.00213169073686, 0.00105920783244, -0.000111423272756], [0.000452914653579, -0.0022872465197, -0.000871445809025, -0.00228141876869, 0.00875756610185, -0.00152151111979, -0.00528658227995, 0.000395878043491, 0.000794243533164, -0.00278073409572, 0.00148449663538, -0.00163866928779, 0.00138375733513], [-0.000405696046073, 0.00212373095565, -0.000258460961049, -0.00152126338799, -0.00152151111979, 0.00998549070209, -0.00465378863737, -0.000842247798573, 0.00189198984299, -0.00261106039397, -0.00128121464513, 0.00557399168611, -0.00226320652291], [-1.33962957989e-05, -0.000311948824674, 2.19836383621e-05, 0.00367532111704, -0.00528658227995, -0.00465378863737, 0.0136116994545, -0.00344705092721, -0.00414627278224, 0.00288964807987, -0.00216501322575, 0.00170609250199, -0.00169469485991], [-0.000118564530567, 0.00115044636186, -2.59143289441e-05, -0.00213010516018, 0.000395878043491, -0.000842247798573, -0.00344705092721, 0.0171568375081, -0.00686663854867, -0.00190294696949, 0.00533328624442, -0.00735282385722, 0.00326190073974], [0.000230907535297, -0.00130319758318, 0.000220930000069, -0.000353142997483, 0.000794243533164, 0.00189198984299, -0.00414627278224, -0.00686663854867, 0.0219106990844, -0.0094044841826, -0.00597630767152, 0.00759213929996, -0.00702004134655], [-0.000574171601329, 0.00271901953965, -0.000943463761359, 0.00358071830124, -0.00278073409572, -0.00261106039397, 0.00288964807987, -0.00190294696949, -0.0094044841826, 0.0271824449301, -0.00710816821083, -0.00484227901325, 0.00496206572279], [0.000304780376609, -0.00140654679853, 0.00121444696561, -0.00213169073686, 0.00148449663538, -0.00128121464513, -0.00216501322575, 0.00533328624442, -0.00597630767152, -0.00710816821083, 0.0204375255853, -0.00661987205967, -0.00326906214468], [-0.000329422211507, 0.00200327928178, -0.00187405478209, 0.00105920783244, -0.00163866928779, 0.00557399168611, 0.00170609250199, -0.00735282385722, 0.00759213929996, -0.00484227901325, -0.00661987205967, 0.0244485866278, -0.0111805656925], [0.000122609882965, -0.000969218905084, 0.000679104705341, -0.000111423272756, 0.00138375733513, -0.00226320652291, -0.00169469485991, 0.00326190073974, -0.00702004134655, 0.00496206572279, -0.00326906214468, -0.0111805656925, 0.0244679246098]]
    },
    "melbands": {
        "dmean": [0.00292204972357, 0.000779437425081, 0.000178254500497, 0.000126026192447, 0.000208390381886, 0.000320808350807, 0.000258121610386, 0.000156967405928, 0.000120874792628, 0.000132911794935, 0.000151681102579, 6.26444598311e-05, 4.74402404507e-05, 3.63201579603e-05, 2.82534674625e-05, 3.06920956064e-05, 2.57728661381e-05, 1.99231890292e-05, 1.30227590489e-05, 7.82407641964e-06, 5.82813072469e-06, 5.42791303815e-06, 4.07538118452e-06, 2.61438481175e-06, 2.15003228732e-06, 1.45559511111e-06, 1.28434294311e-06, 1.06920276721e-06, 8.33203102957e-07, 5.95304413764e-07, 5.3423849522e-07, 4.31752255281e-07, 3.04425640252e-07, 2.21018069624e-07, 1.97827532133e-07, 1.55402986479e-07, 1.20655371916e-07, 1.01558612187e-07, 6.52525784517e-08, 4.74980588194e-08],
        "dmean2": [0.00509820738807, 0.00130678445566, 0.000277976767393, 0.000203524861718, 0.000333658128511, 0.000489978236146, 0.000403728947276, 0.000247793534072, 0.000199042566237, 0.000217238644836, 0.000248095107963, 0.000103161983134, 7.99287081463e-05, 6.00217099418e-05, 4.66038836748e-05, 4.97906257806e-05, 4.28004350397e-05, 3.14795397571e-05, 2.0880574084e-05, 1.28685387608e-05, 9.73180340225e-06, 8.95285302249e-06, 6.77904927215e-06, 4.3405748329e-06, 3.5835091694e-06, 2.42574469667e-06, 2.14726901504e-06, 1.80175970854e-06, 1.43230579397e-06, 1.00834290606e-06, 9.19112153497e-07, 7.48053423649e-07, 5.24581764694e-07, 3.76097233357e-07, 3.43090675869e-07, 2.71853139111e-07, 2.11085591673e-07, 1.78417991492e-07, 1.12744771741e-07, 8.22049699423e-08],
        "dvar": [0.0001074008469, 4.72104420624e-06, 2.24598878162e-07, 1.19800461107e-07, 7.41933490644e-07, 9.68116978584e-07, 6.98394046594e-07, 2.06389188406e-07, 1.43563838151e-07, 1.8427228099e-07, 2.46756314937e-07, 4.41317347111e-08, 2.44155238249e-08, 1.07894511103e-08, 9.14679265662e-09, 9.79546044277e-09, 7.15622361369e-09, 3.30356653144e-09, 1.44338363484e-09, 5.41814926258e-10, 2.75730632771e-10, 3.97573474142e-10, 1.77356920816e-10, 7.64516089324e-11, 5.33887205278e-11, 2.38898761884e-11, 2.51801947349e-11, 1.53235583944e-11, 1.10732733746e-11, 5.43826789157e-12, 5.38598722913e-12, 3.40896625164e-12, 1.5695372519e-12, 6.89733535043e-13, 7.07161217604e-13, 4.45210952523e-13, 2.61249599428e-13, 1.92454098448e-13, 6.20340164328e-14, 3.80291094839e-14],
        "dvar2": [0.000285435438855, 1.37379911394e-05, 5.22092477695e-07, 2.9260988299e-07, 1.90538924016e-06, 2.2683439056e-06, 1.74759225047e-06, 4.828897886e-07, 3.74817801685e-07, 4.78547576677e-07, 6.49676053399e-07, 1.12885111037e-07, 6.68477966315e-08, 2.85475643125e-08, 2.4124787501e-08, 2.41797835088e-08, 1.84301658379e-08, 8.15876788351e-09, 3.40743100402e-09, 1.37220257379e-09, 7.25348614505e-10, 1.01320751789e-09, 4.5752057698e-10, 1.99329650008e-10, 1.39298600432e-10, 6.20051301969e-11, 6.65892549434e-11, 3.96797907032e-11, 2.94127222578e-11, 1.42949410989e-11, 1.46223172459e-11, 9.23703127875e-12, 4.29420084561e-12, 1.84728404448e-12, 1.93847759025e-12, 1.21403202161e-12, 7.1305803059e-13, 5.29300941184e-13, 1.67237968265e-13, 1.03503143556e-13],
        "max": [0.226995065808, 0.068671181798, 0.0177313629538, 0.00745651731268, 0.0249469857663, 0.0230109468102, 0.0241964124143, 0.0108299190179, 0.00937967933714, 0.0102137941867, 0.0118988081813, 0.00634289020672, 0.00344330212101, 0.00272737420164, 0.0037844022736, 0.00408698199317, 0.00393028883263, 0.00191044085659, 0.00117948837578, 0.000613297452219, 0.000358539546141, 0.00101014983375, 0.000314796081511, 0.000181171286386, 0.000215401101741, 0.000100975223177, 0.000155054280185, 9.40936297411e-05, 8.39352287585e-05, 6.62279417156e-05, 6.46813568892e-05, 5.05664902448e-05, 2.93714783766e-05, 1.6996080376e-05, 2.80487802229e-05, 1.37384931804e-05, 1.1285110304e-05, 8.68340976012e-06, 5.1731858548e-06, 4.65736593469e-06],
        "mean": [0.00345239113085, 0.00112278084271, 0.000337439414579, 0.000201313538128, 0.000290973490337, 0.000550820841454, 0.000422944576712, 0.000226243879297, 0.000168409009348, 0.000187159050256, 0.000207046803553, 9.36530632316e-05, 6.12389994785e-05, 5.40674263902e-05, 4.33602617704e-05, 4.96086868225e-05, 4.16203329223e-05, 3.26965564454e-05, 1.99231853912e-05, 1.11714234663e-05, 7.88134184404e-06, 6.90966862749e-06, 5.1111742323e-06, 3.29142631017e-06, 2.64924756266e-06, 1.83124950581e-06, 1.55051611728e-06, 1.22089772958e-06, 8.87276542016e-07, 6.5112573111e-07, 5.57328178274e-07, 4.21646603854e-07, 2.9201282814e-07, 2.19576250515e-07, 1.84889657362e-07, 1.41992430258e-07, 1.08915813257e-07, 8.83493740389e-08, 5.85210457871e-08, 4.16384828839e-08],
        "median": [0.000219766283408, 0.000193561441847, 9.94711372186e-05, 4.52539024991e-05, 5.23990092915e-05, 0.000103765050881, 6.31064685876e-05, 4.35333968198e-05, 2.73987443506e-05, 2.2464657377e-05, 2.82086184598e-05, 1.47230148286e-05, 1.27909606817e-05, 9.80114691629e-06, 5.09233905177e-06, 4.6516402108e-06, 6.46498665446e-06, 4.76677359984e-06, 3.04675199914e-06, 2.56759290096e-06, 1.74204569703e-06, 1.25237124848e-06, 8.28804104458e-07, 6.18981289335e-07, 6.29550811482e-07, 2.85553682033e-07, 2.02976821129e-07, 1.58661961791e-07, 9.35175066274e-08, 7.11418977062e-08, 4.50676189701e-08, 3.37709984422e-08, 2.14832986956e-08, 1.94650020546e-08, 1.14302771692e-08, 9.19264842025e-09, 7.21212600752e-09, 4.92109242245e-09, 3.6649796531e-09, 2.10120698618e-09],
        "min": [1.16034576068e-24, 1.52978983298e-24, 4.00292921731e-25, 1.47849218047e-24, 1.6278568792e-24, 1.05918973237e-24, 1.79886042699e-24, 2.2188612142e-24, 1.53560097684e-24, 2.01861498708e-24, 2.53816035698e-24, 2.3113922318e-24, 2.85068831218e-24, 1.68549224022e-24, 1.60302836967e-24, 2.62878469777e-24, 1.83743592247e-24, 3.25837202243e-24, 2.64751679161e-24, 2.9019187143e-24, 1.68278053086e-24, 3.69839804372e-24, 2.94415038286e-24, 2.88802924034e-24, 2.79456697245e-24, 2.29829576026e-24, 4.24132367313e-24, 3.78977574667e-24, 5.61866731946e-24, 4.79188981483e-24, 4.54984204556e-24, 5.07385315705e-24, 4.7647206564e-24, 5.30822136541e-24, 5.85106574214e-24, 5.17455006831e-24, 5.93123807037e-24, 6.17505249364e-24, 5.7893606477e-24, 6.29967240071e-24],
        "var": [0.000133945097332, 7.30015244699e-06, 5.39726954685e-07, 2.24236359259e-07, 8.43985276333e-07, 1.96794712792e-06, 1.31649471768e-06, 3.37734718414e-07, 1.85705232525e-07, 2.58526995367e-07, 3.33609193603e-07, 6.90754902166e-08, 2.64408583917e-08, 1.74272098974e-08, 1.61848934255e-08, 2.30880718988e-08, 1.59883715156e-08, 7.28588744892e-09, 2.74888556362e-09, 7.88835774479e-10, 3.64065333436e-10, 4.61581661781e-10, 2.1134385908e-10, 8.28921029039e-11, 5.56367903137e-11, 2.67090238815e-11, 2.54517899811e-11, 1.64853998508e-11, 9.71093084418e-12, 5.03754590125e-12, 4.61765044604e-12, 2.89382602082e-12, 1.28653197037e-12, 6.13061576331e-13, 5.53147425867e-13, 3.4737127454e-13, 2.01120343253e-13, 1.44307566656e-13, 5.04748220759e-14, 2.95619716315e-14]
    },
    "mfcc": {
        "mean": [-756.270568848, 174.34185791, -12.2140932083, 13.6483306885, 2.64150166512, 3.35921835899, -2.53000068665, 2.68206262589, 2.19295096397, 6.04169607162, 2.22522759438, 1.84150874615, 1.73840487003],
        "cov": [[13590.515625, 389.128936768, -1292.37402344, 18.5253143311, -816.993286133, 104.212005615, -180.663711548, -131.711807251, -131.987838745, 73.8993377686, 2.39519667625, 135.881652832, -90.9863739014], [389.128936768, 1201.4342041, -55.377696991, 99.8973693848, 152.088287354, 132.312728882, 117.93094635, 47.4616966248, 57.298248291, 76.7909240723, 50.4528121948, 1.038636446, -1.44537091255], [-1292.37402344, -55.377696991, 636.852844238, 187.672592163, 246.05078125, 35.1345252991, 14.1331481934, 56.3226051331, 22.5065536499, -37.7538070679, -25.6297111511, -6.74430990219, 27.8331394196], [18.5253143311, 99.8973693848, 187.672592163, 302.149993896, 149.413726807, 41.6542549133, 23.6467208862, 49.5179672241, 13.7152776718, -11.8874998093, -10.3697748184, 5.16367530823, 17.5065841675], [-816.993286133, 152.088287354, 246.05078125, 149.413726807, 270.411651611, 90.7414474487, 83.0995635986, 66.9914779663, 45.289516449, 23.2640228271, 21.6395225525, 1.32254946232, 16.511095047], [104.212005615, 132.312728882, 35.1345252991, 41.6542549133, 90.7414474487, 188.073623657, 132.243331909, 61.015663147, 64.1094818115, 74.8063278198, 60.6802520752, 29.8721237183, -1.51768803596], [-180.663711548, 117.93094635, 14.1331481934, 23.6467208862, 83.0995635986, 132.243331909, 177.031005859, 82.8618469238, 70.3387374878, 77.7894210815, 64.7393722534, 27.2266082764, 5.57651615143], [-131.711807251, 47.4616966248, 56.3226051331, 49.5179672241, 66.9914779663, 61.015663147, 82.8618469238, 104.56161499, 67.1980895996, 43.6909141541, 35.9521026611, 17.9844093323, 14.7049999237], [-131.987838745, 57.298248291, 22.5065536499, 13.7152776718, 45.289516449, 64.1094818115, 70.3387374878, 67.1980895996, 105.678771973, 71.4368896484, 45.8433761597, 21.8924598694, 8.78848266602], [73.8993377686, 76.7909240723, -37.7538070679, -11.8874998093, 23.2640228271, 74.8063278198, 77.7894210815, 43.6909141541, 71.4368896484, 117.326576233, 73.1888504028, 29.8872909546, 8.02596092224], [2.39519667625, 50.4528121948, -25.6297111511, -10.3697748184, 21.6395225525, 60.6802520752, 64.7393722534, 35.9521026611, 45.8433761597, 73.1888504028, 92.8243331909, 45.3811187744, 14.4855213165], [135.881652832, 1.038636446, -6.74430990219, 5.16367530823, 1.32254946232, 29.8721237183, 27.2266082764, 17.9844093323, 21.8924598694, 29.8872909546, 45.3811187744, 71.5588760376, 35.9801254272], [-90.9863739014, -1.44537091255, 27.8331394196, 17.5065841675, 16.511095047, -1.51768803596, 5.57651615143, 14.7049999237, 8.78848266602, 8.02596092224, 14.4855213165, 35.9801254272, 68.1889648438]],
