{
"lowlevel": {
    "average_loudness": 0.928164839745,
    "barkbands_crest": {
        "dmean": 3.24754548073,
        "dmean2": 4.93593740463,
        "dvar": 9.41314697266,
        "dvar2": 17.8763122559,
        "max": 26.4046916962,
        "mean": 11.6574277878,
        "median": 10.3555641174,
        "min": 2.17323684692,
        "var": 30.8061027527
    },
    "barkbands_flatness_db": {
        "dmean": 0.024019382894,
        "dmean2": 0.0352471098304,
        "dvar": 0.000582913227845,
        "dvar2": 0.00106847996358,
        "max": 0.632579863071,
        "mean": 0.124740928411,
        "median": 0.105730518699,
        "min": 0.0192972309887,
        "var": 0.00585628813133
    },
    "barkbands_kurtosis": {
        "dmean": 3.34435129166,
        "dmean2": 5.24900436401,
        "dvar": 71.2113189697,
        "dvar2": 170.552337646,
        "max": 375.987243652,
        "mean": 3.07653999329,
        "median": 0.381477117538,
        "min": -1.89739954472,
        "var": 84.3829574585
    },
    "barkbands_skewness": {
        "dmean": 0.688662111759,
        "dmean2": 1.02028870583,
        "dvar": 0.598367333412,
        "dvar2": 1.14989185333,
        "max": 11.3762693405,
        "mean": 1.27906024456,
        "median": 1.00227129459,
        "min": -4.73356199265,
        "var": 1.85822880268
    },
    "barkbands_spread": {
        "dmean": 9.37563991547,
        "dmean2": 14.3010540009,
        "dvar": 100.896438599,
        "dvar2": 218.328521729,
        "max": 117.274711609,
        "mean": 33.9486808777,
        "median": 30.9876976013,
        "min": 0.0852340832353,
        "var": 385.31918335
    },
    "dissonance": {
        "dmean": 0.0193268898875,
        "dmean2": 0.0323040485382,
        "dvar": 0.000541233283002,
        "dvar2": 0.00143584329635,
        "max": 0.500000238419,
        "mean": 0.466584712267,
        "median": 0.47792044282,
        "min": 0.0660300329328,
        "var": 0.00138887448702
    },
    "dynamic_complexity": 3.31280589104,
    "erbbands_crest": {
        "dmean": 3.00078749657,
        "dmean2": 4.83218479156,
        "dvar": 8.30366039276,
        "dvar2": 19.4499893188,
        "max": 33.7788734436,
        "mean": 9.04609394073,
        "median": 7.7223033905,
        "min": 2.30511260033,
        "var": 25.1263046265
    },
    "erbbands_flatness_db": {
        "dmean": 0.0201254747808,
        "dmean2": 0.0280053094029,
        "dvar": 0.000375340896426,
        "dvar2": 0.000667350948788,
        "max": 0.634605586529,
        "mean": 0.146487891674,
        "median": 0.128462553024,
        "min": 0.0391929261386,
        "var": 0.00562602514401
    },
    "erbbands_kurtosis": {
        "dmean": 1.30124735832,
        "dmean2": 2.024559021,
        "dvar": 8.86892795563,
        "dvar2": 21.2066726685,
        "max": 112.221702576,
        "mean": 0.754908502102,
        "median": -0.107333064079,
        "min": -1.80914020538,
        "var": 14.5200538635
    },
    "erbbands_skewness": {
        "dmean": 0.459210902452,
        "dmean2": 0.676140248775,
        "dvar": 0.198173880577,
        "dvar2": 0.436329871416,
        "max": 7.5396027565,
        "mean": 0.0350301489234,
        "median": -0.061245970428,
        "min": -4.93655204773,
        "var": 0.884832978249
    },
    "erbbands_spread": {
        "dmean": 11.3248205185,
        "dmean2": 16.5046463013,
        "dvar": 135.59312439,
        "dvar2": 281.959320068,
        "max": 160.351593018,
        "mean": 42.4811439514,
        "median": 39.8378067017,
        "min": 0.257771790028,
        "var": 492.752990723
    },
    "hfc": {
        "dmean": 9.03144359589,
        "dmean2": 12.9782371521,
        "dvar": 122.679008484,
        "dvar2": 234.929550171,
        "max": 199.991867065,
        "mean": 27.2568759918,
        "median": 23.8209400177,
        "min": 1.20990239125e-16,
        "var": 454.477996826
    },
    "melbands_crest": {
        "dmean": 4.4438457489,
        "dmean2": 6.88088560104,
        "dvar": 16.3491611481,
        "dvar2": 33.2953910828,
        "max": 36.4940872192,
        "mean": 18.0891857147,
        "median": 17.0921154022,
        "min": 2.02639579773,
        "var": 56.4274482727
    },
    "melbands_flatness_db": {
        "dmean": 0.0296149998903,
        "dmean2": 0.0425463728607,
        "dvar": 0.000856595346704,
        "dvar2": 0.00152203673497,
        "max": 0.72365385294,
        "mean": 0.17851215601,
        "median": 0.163267761469,
        "min": 0.00705139664933,
        "var": 0.00689598266035
    },
    "melbands_kurtosis": {
        "dmean": 11.4083652496,
        "dmean2": 17.064868927,
        "dvar": 573.026062012,
        "dvar2": 1137.13842773,
        "max": 558.746704102,
        "mean": 16.3052635193,
        "median": 5.73969841003,
        "min": -1.8999119997,
        "var": 1003.21246338
    },
    "melbands_skewness": {
        "dmean": 1.08163690567,
        "dmean2": 1.5471944809,
        "dvar": 1.68127429485,
        "dvar2": 3.02406001091,
        "max": 21.7525100708,
        "mean": 2.81558299065,
        "median": 2.18815660477,
        "min": -3.53921699524,
        "var": 5.74403858185
    },
    "melbands_spread": {
        "dmean": 11.3027553558,
        "dmean2": 16.9563083649,
        "dvar": 167.445068359,
        "dvar2": 325.435089111,
        "max": 269.833862305,
        "mean": 34.1838378906,
        "median": 29.475025177,
        "min": 0.340566545725,
        "var": 595.801879883
    },
    "pitch_salience": {
        "dmean": 0.0944712013006,
        "dmean2": 0.140446558595,
        "dvar": 0.00774354767054,
        "dvar2": 0.0157291535288,
        "max": 0.895818829536,
        "mean": 0.497559607029,
        "median": 0.508855104446,
        "min": 0.0462225563824,
        "var": 0.0242168046534
    },
    "silence_rate_20dB": {
        "dmean": 0,
        "dmean2": 0,
        "dvar": 0,
        "dvar2": 0,
        "max": 1,
        "mean": 1,
        "median": 1,
        "min": 1,
        "var": 0
    },
    "silence_rate_30dB": {
        "dmean": 0.0166403204203,
        "dmean2": 0.0332834087312,
        "dvar": 0.0163620170206,
        "dvar2": 0.0386622138321,
        "max": 1,
        "mean": 0.985690534115,
        "median": 1,
        "min": 0,
        "var": 0.0141035169363
    },
    "silence_rate_60dB": {
        "dmean": 0.0229636412114,
        "dmean2": 0.0459311045706,
        "dvar": 0.0224368106574,
        "dvar2": 0.0501433312893,
        "max": 1,
        "mean": 0.0985024943948,
        "median": 0,
        "min": 0,
        "var": 0.0888006463647
    },
    "spectral_centroid": {
        "dmean": 363.886688232,
        "dmean2": 538.154968262,
        "dvar": 135160.875,
        "dvar2": 273445.3125,
        "max": 10851.8046875,
        "mean": 2056.41552734,
        "median": 2064.13623047,
        "min": 256.57901001,
        "var": 507145.8125
    },
    "spectral_complexity": {
        "dmean": 4.42981958389,
        "dmean2": 6.37726736069,
        "dvar": 24.3437595367,
        "dvar2": 42.3876304626,
        "max": 65,
        "mean": 20.1603984833,
        "median": 19,
        "min": 0,
        "var": 139.89982605
    },
    "spectral_decrease": {
        "dmean": 3.49184792192e-09,
        "dmean2": 5.48231549047e-09,
        "dvar": 2.46147344338e-17,
        "dvar2": 5.57094363503e-17,
        "max": 9.93458177593e-15,
        "mean": -7.38829974978e-09,
        "median": -4.98840835306e-09,
        "min": -4.26786854746e-08,
        "var": 5.48560175687e-17
    },
    "spectral_energy": {
        "dmean": 0.0137029374018,
        "dmean2": 0.0214679259807,
        "dvar": 0.000365086161764,
        "dvar2": 0.000828147458378,
        "max": 0.162860319018,
        "mean": 0.0303573738784,
        "median": 0.0214505791664,
        "min": 1.11138072632e-20,
        "var": 0.000836839608382
    },
    "spectral_energyband_high": {
        "dmean": 0.000811405945569,
        "dmean2": 0.00110982113983,
        "dvar": 1.29630404899e-06,
        "dvar2": 2.36814139498e-06,
        "max": 0.0337851792574,
        "mean": 0.00197051372379,
        "median": 0.00133285147604,
        "min": 7.77157026568e-21,
        "var": 4.5055053306e-06
    },
    "spectral_energyband_low": {
        "dmean": 0.00869675539434,
        "dmean2": 0.0133833391592,
        "dvar": 0.000274625082966,
        "dvar2": 0.000537009269465,
        "max": 0.15727865696,
        "mean": 0.0156205072999,
        "median": 0.00645909132436,
        "min": 4.27963730623e-23,
        "var": 0.000583071261644
    },
    "spectral_energyband_middle_high": {
        "dmean": 0.00237698061392,
        "dmean2": 0.00346494466066,
        "dvar": 1.11214285425e-05,
        "dvar2": 2.26837328228e-05,
        "max": 0.0478202030063,
        "mean": 0.00563753210008,
        "median": 0.00359574845061,
        "min": 1.7282034526e-21,
        "var": 3.3672349673e-05
    },
    "spectral_energyband_middle_low": {
        "dmean": 0.00670217396691,
        "dmean2": 0.0112138465047,
        "dvar": 0.000170037223143,
        "dvar2": 0.000452966894954,
        "max": 0.0895858481526,
        "mean": 0.00802505109459,
        "median": 0.00381149956957,
        "min": 3.6084590495e-22,
        "var": 0.000149699510075
    },
    "spectral_entropy": {
        "dmean": 0.164188146591,
        "dmean2": 0.232339784503,
        "dvar": 0.0259196609259,
        "dvar2": 0.0486790165305,
        "max": 9.81052684784,
        "mean": 7.82040071487,
        "median": 7.9341173172,
        "min": 3.46600914001,
        "var": 0.307498395443
    },
    "spectral_flux": {
        "dmean": 0.0355540402234,
        "dmean2": 0.0583363473415,
        "dvar": 0.00177781423554,
        "dvar2": 0.0042133894749,
        "max": 0.314055323601,
        "mean": 0.0995300188661,
        "median": 0.0848230868578,
        "min": 1.05422046093e-10,
        "var": 0.00425734836608
    },
    "spectral_kurtosis": {
        "dmean": 1.59687328339,
        "dmean2": 2.48809742928,
        "dvar": 44.5247955322,
        "dvar2": 116.412071228,
        "max": 327.200775146,
        "mean": 4.76223039627,
        "median": 2.46762824059,
        "min": -1.18778288364,
        "var": 291.66015625
    },
    "spectral_rms": {
        "dmean": 0.00108834833372,
        "dmean2": 0.00165732565802,
        "dvar": 1.67320877154e-06,
        "dvar2": 3.59285991181e-06,
        "max": 0.012605083175,
        "mean": 0.00482985470444,
        "median": 0.00457464717329,
        "min": 3.29283128542e-12,
        "var": 6.28962061455e-06
    },
    "spectral_rolloff": {
        "dmean": 908.217102051,
        "dmean2": 1451.59082031,
        "dvar": 1890767.5,
        "dvar2": 4055022,
        "max": 19121.484375,
        "mean": 2361.67431641,
        "median": 1679.58984375,
        "min": 64.599609375,
        "var": 4568671
    },
    "spectral_skewness": {
        "dmean": 0.201236829162,
        "dmean2": 0.301746964455,
        "dvar": 0.0936942026019,
        "dvar2": 0.240234196186,
        "max": 14.6454944611,
        "mean": 1.34277296066,
        "median": 1.19160056114,
        "min": -0.0397535189986,
        "var": 0.960475862026
    },
    "spectral_spread": {
        "dmean": 688740.3125,
        "dmean2": 964764.4375,
        "dvar": 822902652928,
        "dvar2": 1.4181138432e+12,
        "max": 40070892,
        "mean": 5483879,
        "median": 5304372.5,
        "min": 251913.75,
        "var": 3.33019139277e+12
    },
    "spectral_strongpeak": {
        "dmean": 0.501828193665,
        "dmean2": 0.850738942623,
        "dvar": 0.721026659012,
        "dvar2": 1.82795059681,
        "max": 11.6933727264,
        "mean": 0.78012573719,
        "median": 0.36690568924,
        "min": 0,
        "var": 1.03247046471
    },
    "zerocrossingrate": {
        "dmean": 0.0166604295373,
        "dmean2": 0.0189552903175,
        "dvar": 0.000319505779771,
        "dvar2": 0.000362321850844,
        "max": 0.5126953125,
        "mean": 0.0878524407744,
        "median": 0.0791015625,
        "min": 0.00244140625,
        "var": 0.00233659590594
    },
    "barkbands": {
        "dmean": [0.000530474295374, 0.00725000305101, 0.00280202645808, 0.00199804571457, 0.00254279491492, 0.000874295597896, 0.0011325145606, 0.000773600069806, 0.000648494635243, 0.000721418240573, 0.00054358469788, 0.000578141829465, 0.000474868604215, 0.000353566079866, 0.000266733957687, 0.000293993885862, 0.000241032990743, 0.000372037524357, 0.000227272481425, 0.000170331026311, 0.000333209201926, 0.000175955487066, 0.000151147658471, 0.000109831198642, 8.6775267846e-05, 5.18110464327e-05, 1.31547531055e-05],
        "dmean2": [0.000745856901631, 0.0101934345439, 0.00498051336035, 0.00342999119312, 0.00447952002287, 0.00148450175766, 0.00188917247579, 0.00125797570217, 0.00104046531487, 0.00111259880941, 0.000847781077027, 0.000911730574444, 0.000759411370382, 0.000552221084945, 0.000420960743213, 0.000469223159598, 0.000375865434762, 0.000561289256439, 0.000353011419065, 0.000264120200882, 0.000489790225402, 0.000253655307461, 0.000214646468521, 0.000162403783179, 0.00012714281911, 7.65158911236e-05, 1.85608005268e-05],
        "dvar": [1.18200443922e-06, 0.000259259017184, 6.79157892591e-05, 2.77608523902e-05, 3.62267492164e-05, 4.66792653242e-06, 5.39101347385e-06, 3.60469175575e-06, 2.02687920137e-06, 2.80654808194e-06, 2.89556714961e-06, 2.25945495913e-06, 1.55313102823e-06, 7.30782289793e-07, 4.07210904996e-07, 3.7295555444e-07, 2.50562180781e-07, 4.57439085721e-07, 2.44562215812e-07, 7.62119753972e-08, 2.70666561164e-07, 1.09745379007e-07, 5.6833762585e-08, 2.69530584518e-08, 3.62573544521e-08, 1.85756015014e-08, 1.17480347672e-09],
        "dvar2": [2.27798841479e-06, 0.000411242741393, 0.000183904674486, 7.2591326898e-05, 0.000100764606032, 1.22961482703e-05, 1.32549284899e-05, 8.85067038325e-06, 4.84288739244e-06, 6.41711585558e-06, 6.51961181575e-06, 5.32851981916e-06, 3.70672614736e-06, 1.68757480878e-06, 9.25253402784e-07, 8.53884557728e-07, 5.29946930783e-07, 1.00379611467e-06, 5.41839540347e-07, 1.72486409156e-07, 5.67347228753e-07, 2.18555840092e-07, 1.08931352827e-07, 5.86777915146e-08, 8.00884123464e-08, 4.0522628808e-08, 2.48425058302e-09],
        "max": [0.00962616316974, 0.149495437741, 0.0574059635401, 0.0361186489463, 0.0522189736366, 0.0288525503129, 0.0336464717984, 0.0273222979158, 0.0210958272219, 0.0393521562219, 0.0400273762643, 0.0374337099493, 0.0322177559137, 0.0230300612748, 0.0123245576397, 0.0088291792199, 0.0135395303369, 0.0154273780063, 0.0157377272844, 0.00781650468707, 0.013212534599, 0.00974851194769, 0.0049149049446, 0.00313901016489, 0.00421861745417, 0.00271940371022, 0.000657189288177],
        "mean": [0.000902443018276, 0.0119892759249, 0.00201313011348, 0.00147175940219, 0.00231509748846, 0.000923638988752, 0.00120134605095, 0.000859690189827, 0.000902517640498, 0.000948032189626, 0.000648475193884, 0.000781361304689, 0.000601255742367, 0.000522090587765, 0.000343415187672, 0.000385076156817, 0.000360610487405, 0.000650206406135, 0.000381190358894, 0.000364526727935, 0.00063748768298, 0.000340684287949, 0.000275708938716, 0.000231867539696, 0.000189257363672, 9.58785240073e-05, 2.14079282159e-05],
        "median": [0.000383362930734, 0.00415651593357, 0.000100974451925, 0.00010651278717, 0.000624879612587, 0.00033875904046, 0.000290675729048, 0.000209113466553, 0.000298430153634, 0.000198303096113, 8.56291007949e-05, 0.00022787443595, 0.000167418678757, 0.000226155185373, 0.000106695966679, 0.000144404446473, 0.000155928675667, 0.000282943074126, 0.000179145659786, 0.000226250107517, 0.000341656646924, 0.000171458566911, 0.000126456725411, 0.000147664075484, 0.000101173252915, 3.27122179442e-05, 6.70047847962e-06],
        "min": [2.77528011217e-24, 2.61997872237e-23, 1.32396860752e-23, 1.99829669117e-24, 9.78227091737e-23, 1.68959112204e-23, 8.68497044692e-23, 3.02536645296e-23, 1.1141733848e-22, 8.17228406482e-23, 8.22816318481e-23, 6.33007928096e-23, 1.14817581417e-22, 1.8427655693e-22, 1.50814276399e-22, 2.11738168192e-22, 2.49712821453e-22, 1.97580336376e-22, 2.65381492297e-22, 2.37852796303e-22, 4.71776383723e-22, 3.43724139697e-22, 8.47007299809e-22, 1.17917544766e-21, 1.14746753067e-21, 1.74140098194e-21, 2.25696896565e-21],
        "var": [1.93402320292e-06, 0.000469697784865, 4.50409606856e-05, 2.06263885048e-05, 2.55900176853e-05, 4.04466027248e-06, 6.10677852819e-06, 4.06229719374e-06, 3.38617110174e-06, 4.64912272946e-06, 4.17085811932e-06, 3.34115748046e-06, 2.08039159588e-06, 1.20355605304e-06, 5.94451762481e-07, 5.10734480486e-07, 4.35207454075e-07, 9.67523305917e-07, 4.22388609422e-07, 1.8930060719e-07, 6.73136241858e-07, 2.75355944268e-07, 1.43307303802e-07, 6.73682407637e-08, 7.81097071467e-08, 3.31655876096e-08, 1.90098226049e-09]
    },
    "erbbands": {
        "dmean": [0.363232821226, 1.12104845047, 2.36890745163, 5.32095813751, 7.85809516907, 8.32246208191, 7.49302387238, 8.04808330536, 13.6250858307, 18.6522693634, 13.7223358154, 12.1950492859, 24.5952033997, 17.6546726227, 23.583770752, 19.2129135132, 20.7513694763, 17.5448360443, 14.2078466415, 13.8240833282, 13.9971761703, 14.2457551956, 17.5393619537, 16.22407341, 8.03017711639, 8.1129283905, 12.7572126389, 11.7035017014, 6.74881029129, 5.5725903511, 4.03643465042, 2.96570396423, 1.49228000641, 1.11544454098, 0.559772789478, 0.263146817684, 0.093678958714, 0.0189630687237, 0.00231344625354, 0.000105039740447],
        "dmean2": [0.5054063797, 1.56628191471, 3.99838685989, 9.12708854675, 14.0127429962, 14.3635091782, 12.666932106, 13.7075281143, 23.1650390625, 30.429353714, 22.6032886505, 19.2731666565, 38.3831710815, 27.1042575836, 36.6315116882, 29.4211368561, 32.7997665405, 26.9041900635, 21.9053859711, 21.5664749146, 21.871427536, 21.592212677, 26.9988555908, 24.152507782, 12.4360685349, 12.3785333633, 18.5556430817, 17.1498241425, 9.8055562973, 7.97505712509, 5.7644276619, 4.48090934753, 2.1777818203, 1.67472136021, 0.823062419891, 0.393371492624, 0.140460982919, 0.027583098039, 0.00321794860065, 0.000141808064654],
        "dvar": [0.625862956047, 6.19531822205, 41.7686462402, 188.140304565, 441.706176758, 358.294372559, 261.544311523, 430.604888916, 1080.01916504, 1421.51013184, 1284.27990723, 839.932006836, 3058.97607422, 1988.97497559, 4632.61279297, 2391.640625, 3049.86083984, 1909.2512207, 972.662719727, 1079.02612305, 722.710205078, 942.911743164, 1033.12683105, 1086.01586914, 253.975082397, 179.94972229, 432.468261719, 369.074249268, 164.78326416, 100.826629639, 38.5545196533, 20.3262329102, 5.70476865768, 5.57397031784, 1.68325376511, 0.511864602566, 0.0689265951514, 0.00234719389118, 3.70620145986e-05, 8.13553029388e-08],
        "dvar2": [1.05143475533, 10.2824478149, 109.063064575, 483.839477539, 1212.94885254, 976.03527832, 666.602905273, 1148.92529297, 2780.18432617, 3330.35424805, 3281.35058594, 1959.18603516, 7174.74511719, 4363.93505859, 10935.953125, 5615.87597656, 7401.23095703, 4429.22460938, 2197.6418457, 2420.4284668, 1613.36950684, 1966.21984863, 2307.39208984, 2307.04370117, 546.379577637, 410.940216064, 921.915283203, 799.857971191, 339.131896973, 192.783630371, 77.4383087158, 46.1959037781, 12.5310573578, 12.5485811234, 3.85136222839, 1.17069959641, 0.152338728309, 0.00540972081944, 7.76431188569e-05, 1.31126611791e-07],
        "max": [7.26649427414, 21.8471546173, 50.2071723938, 101.917106628, 130.498016357, 206.272201538, 342.582305908, 292.143280029, 395.867248535, 602.561157227, 624.407226562, 607.418884277, 925.197998047, 1210.5703125, 1657.94714355, 1307.59020996, 1317.81970215, 957.778259277, 556.968383789, 783.429077148, 506.021118164, 951.573303223, 818.563659668, 880.70513916, 699.570495605, 374.639282227, 496.801422119, 584.205200195, 414.727844238, 304.317260742, 107.882797241, 72.3464813232, 59.6495056152, 73.1154098511, 32.3914413452, 15.1180791855, 6.15342998505, 0.997461736202, 0.103483192623, 0.00318936724216],
        "mean": [0.546507179737, 1.90678274632, 2.15317726135, 4.04912519455, 5.80085134506, 8.12359333038, 7.85292625427, 8.56584453583, 13.7796525955, 22.2825508118, 15.9539260864, 17.5932044983, 33.6893501282, 25.3357086182, 30.1968955994, 28.4089336395, 28.7532844543, 25.9849853516, 22.26055336, 18.2355651855, 20.676240921, 23.4288578033, 32.076335907, 28.099401474, 16.4205665588, 17.4334449768, 25.4751319885, 20.666387558, 12.8198251724, 10.519985199, 7.41197538376, 5.51961231232, 3.41514396667, 2.4571659565, 1.13280010223, 0.488294154406, 0.163463443518, 0.0332904867828, 0.00371134118177, 0.000192507475731],
        "median": [0.164351433516, 0.628051400185, 0.300621151924, 0.335321605206, 0.778348624706, 2.23137950897, 2.13187789917, 3.22992348671, 4.05856704712, 5.92045307159, 4.93656539917, 6.56173276901, 10.2121601105, 6.72000741959, 7.37704277039, 8.26896095276, 8.55714035034, 9.26940345764, 10.5211925507, 5.6481924057, 9.12003135681, 10.595615387, 15.7477464676, 12.4614305496, 9.4832572937, 10.9454288483, 14.3853492737, 10.3571548462, 6.21642684937, 5.17716693878, 3.63833069801, 3.49991893768, 2.2142701149, 1.39458608627, 0.542609333992, 0.194098591805, 0.0464617982507, 0.0105605600402, 0.00113545660861, 8.45095491968e-05],
        "min": [3.48636332378e-22, 7.16218453126e-21, 2.04483845717e-20, 8.71154470957e-21, 8.63097376361e-20, 4.98714429139e-19, 1.64875991989e-19, 1.76126759844e-19, 1.11875298968e-18, 9.46310027e-19, 7.8712992316e-19, 2.88643682134e-18, 2.11934963951e-18, 3.79052289698e-18, 2.49927824435e-18, 2.95018990589e-18, 4.96664344708e-18, 9.60401772517e-18, 9.21282995143e-18, 6.61497700707e-18, 1.55888638444e-17, 1.20502728651e-17, 1.1133484604e-17, 1.06568664437e-17, 1.49931068606e-17, 1.07342632521e-17, 1.40381069911e-17, 1.8243102796e-17, 1.36444070698e-17, 1.77828297247e-17, 2.56029638029e-17, 2.52714000349e-17, 1.69642137402e-17, 1.16950004464e-17, 8.10298021687e-18, 6.72176726492e-18, 3.05932129167e-18, 1.47823441356e-18, 2.68326766611e-19, 3.36864845442e-20],
        "var": [1.0218102932, 11.9677143097, 32.8030776978, 140.560623169, 294.311218262, 282.80557251, 277.073272705, 355.68951416, 984.832336426, 1869.93212891, 1339.94702148, 1356.73400879, 4843.20410156, 3439.76660156, 6343.9453125, 3967.30810547, 4243.10595703, 3229.390625, 1721.51428223, 1548.50854492, 1136.89904785, 1762.9588623, 2132.09619141, 2277.60742188, 513.872314453, 436.330963135, 1088.59729004, 801.678588867, 398.37411499, 249.266906738, 95.7066574097, 41.584728241, 15.0853366852, 11.7561588287, 3.3044359684, 0.848768591881, 0.114533245564, 0.00382067193277, 5.99069462623e-05, 1.58265379469e-07]
    },
    "gfcc": {
        "mean": [4.845662117, 45.4583244324, -116.41632843, 26.7403736115, -60.5301361084, 12.7540502548, -28.2852039337, 12.5065546036, -23.5373458862, 8.55748462677, -9.32438468933, 4.74285936356, -6.26877069473],
        "cov": [[12842.3984375, -800.729675293, 2002.91870117, 2763.38305664, 669.996643066, 1009.69714355, -278.180450439, 617.069580078, 906.11505127, 329.850311279, -334.207885742, 433.880096436, -279.315429688], [-800.729675293, 1510.41088867, -130.164581299, -120.190216064, 91.9306488037, -68.2845611572, 145.997528076, -143.000213623, 9.90448951721, -120.684394836, 92.1018676758, -115.115119934, 108.722442627], [2002.91870117, -130.164581299, 1350.89807129, 848.906982422, 332.244140625, 340.051971436, -5.64500045776, 207.213851929, 326.754272461, 114.177146912, -51.564907074, 186.174362183, -84.3221588135], [2763.38305664, -120.190216064, 848.906982422, 1268.71203613, 389.845794678, 358.203857422, -14.4510679245, 264.139984131, 420.706512451, 118.414093018, -55.5125465393, 191.96295166, -62.4842453003], [669.996643066, 91.9306488037, 332.244140625, 389.845794678, 436.489257812, 252.788146973, 136.370422363, 159.597686768, 187.340835571, 105.553749084, 58.1803398132, 107.705360413, 22.4713344574], [1009.69714355, -68.2845611572, 340.051971436, 358.203857422, 252.788146973, 465.515838623, 218.214584351, 160.866897583, 166.76612854, 115.229118347, 61.5862503052, 104.466033936, -2.59002375603], [-278.180450439, 145.997528076, -5.64500045776, -14.4510679245, 136.370422363, 218.214584351, 335.923858643, 117.915245056, 46.7760543823, 65.1863174438, 112.190010071, 40.2046699524, 57.2332229614], [617.069580078, -143.000213623, 207.213851929, 264.139984131, 159.597686768, 160.866897583, 117.915245056, 267.702514648, 169.800933838, 102.154212952, 37.0971717834, 102.407958984, 21.9895782471], [906.11505127, 9.90448951721, 326.754272461, 420.706512451, 187.340835571, 166.76612854, 46.7760543823, 169.800933838, 283.496551514, 103.396911621, 6.33324623108, 100.79712677, 3.87834882736], [329.850311279, -120.684394836, 114.177146912, 118.414093018, 105.553749084, 115.229118347, 65.1863174438, 102.154212952, 103.396911621, 170.224212646, 76.8322982788, 57.9965667725, 19.4516735077], [-334.207885742, 92.1018676758, -51.564907074, -55.5125465393, 58.1803398132, 61.5862503052, 112.190010071, 37.0971717834, 6.33324623108, 76.8322982788, 147.631637573, 44.3010787964, 43.134262085], [433.880096436, -115.115119934, 186.174362183, 191.96295166, 107.705360413, 104.466033936, 40.2046699524, 102.407958984, 100.79712677, 57.9965667725, 44.3010787964, 145.194259644, 23.3434944153], [-279.315429688, 108.722442627, -84.3221588135, -62.4842453003, 22.4713344574, -2.59002375603, 57.2332229614, 21.9895782471, 3.87834882736, 19.4516735077, 43.134262085, 23.3434944153, 111.84980011]],
        "icov": [[0.000190402963199, -8.31237193779e-05, 3.57097997039e-05, -0.000317030091537, 0.000148730061483, -0.000352487986675, 0.000290122319711, -0.000177669950062, 0.000199496105779, -0.000371573551092, 0.000496193068102, -0.000242290014285, 0.000171442094143], [-8.31237193779e-05, 0.00145831308328, -0.000230928169913, 0.000114379930892, -0.000630650727544, 0.000622116203886, -0.00074944330845, 0.0012216657633, -0.00178436783608, 0.00232687662356, -0.002259245608, 0.00213409261778, -0.00136781693436], [3.57097997039e-05, -0.000230928169913, 0.0015340379905, -0.00057288253447, -0.000166059908224, -0.000523033202626, 0.000319986720569, -6.27883782727e-05, 3.83681290259e-05, -0.000658598088194, 0.0010354348924, -0.00128480023704, 0.0010019991314], [-0.000317030091537, 0.000114379930892, -0.00057288253447, 0.00294050690718, -0.00094811397139, -0.000243005837547, 0.000583541113883, -0.000119084957987, -0.0023791869171, 0.00127379072364, -0.000435456662672, -8.1090212916e-05, 0.000263427034952], [0.000148730061483, -0.000630650727544, -0.000166059908224, -0.00094811397139, 0.00476725492626, -0.00130512902979, -0.000202593044378, -0.000770596088842, 0.00015990139218, -0.00137789559085, 0.000408936757594, -0.00114705145825, -8.74722609296e-05], [-0.000352487986675, 0.000622116203886, -0.000523033202626, -0.000243005837547, -0.00130512902979, 0.00628911703825, -0.00435551302508, 0.00131427287124, -0.000706829072442, -0.000284880341496, -0.000590148149058, -6.37047196506e-05, 0.00067806529114], [0.000290122319711, -0.00074944330845, 0.000319986720569, 0.000583541113883, -0.000202593044378, -0.00435551302508, 0.00838156510144, -0.00353598198853, 0.000763727526646, 0.000755213201046, -0.00253616925329, 0.000917716126423, -0.00100488006137], [-0.000177669950062, 0.0012216657633, -6.27883782727e-05, -0.000119084957987, -0.000770596088842, 0.00131427287124, -0.00353598198853, 0.00940868258476, -0.00396527769044, -0.000385084247682, -0.000105005405203, -0.00117644458078, -0.0011097015813], [0.000199496105779, -0.00178436783608, 3.83681290259e-05, -0.0023791869171, 0.00015990139218, -0.000706829072442, 0.000763727526646, -0.00396527769044, 0.0124478032812, -0.0061338013038, 0.00487839616835, -0.00374926184304, 0.000809010642115], [-0.000371573551092, 0.00232687662356, -0.000658598088194, 0.00127379072364, -0.00137789559085, -0.000284880341496, 0.000755213201046, -0.000385084247682, -0.0061338013038, 0.0159121081233, -0.0106324069202, 0.00495401769876, -0.00250330194831], [0.000496193068102, -0.002259245608, 0.0010354348924, -0.000435456662672, 0.000408936757594, -0.000590148149058, -0.00253616925329, -0.000105005405203, 0.00487839616835, -0.0106324069202, 0.0189717914909, -0.00826289970428, 0.00128314085305], [-0.000242290014285, 0.00213409261778, -0.00128480023704, -8.1090212916e-05, -0.00114705145825, -6.37047196506e-05, 0.000917716126423, -0.00117644458078, -0.00374926184304, 0.00495401769876, -0.00826289970428, 0.0164272710681, -0.00467614131048], [0.000171442094143, -0.00136781693436, 0.0010019991314, 0.000263427034952, -8.74722609296e-05, 0.00067806529114, -0.00100488006137, -0.0011097015813, 0.000809010642115, -0.00250330194831, 0.00128314085305, -0.00467614131048, 0.0132548445836]]
    },
    "melbands": {
        "dmean": [0.00250516738743, 0.000988797401078, 0.000980921904556, 0.000574243604206, 0.000294402561849, 0.000177910958882, 0.000217158754822, 0.000200535694603, 0.000101263853139, 8.7253327365e-05, 0.000125946593471, 7.45956931496e-05, 8.1244877947e-05, 6.25342509011e-05, 5.65492955502e-05, 4.45081750513e-05, 3.33690950356e-05, 2.52796944551e-05, 2.00674785447e-05, 2.02206647373e-05, 1.67499511008e-05, 1.41594282468e-05, 1.73654443643e-05, 1.8541017198e-05, 1.39454523378e-05, 7.43339160181e-06, 5.74059413339e-06, 5.47925128558e-06, 7.50404569771e-06, 9.6721769296e-06, 6.34644356978e-06, 4.12699046137e-06, 3.35259051099e-06, 3.24236020788e-06, 2.66472034127e-06, 1.73911303136e-06, 1.9453314053e-06, 1.13159524062e-06, 1.02736692043e-06, 9.91890715341e-07],
        "dmean2": [0.00349589670077, 0.00160056096502, 0.00165248173289, 0.0010170621099, 0.000497030618135, 0.000303480832372, 0.000366807187675, 0.000325904227793, 0.000167586564203, 0.000137864655699, 0.000196633016458, 0.000115020011435, 0.000126153536257, 9.82298151939e-05, 8.85586923687e-05, 7.0175206929e-05, 5.16615655215e-05, 3.99101045332e-05, 3.17469821312e-05, 3.28536298184e-05, 2.62986268353e-05, 2.16966254811e-05, 2.69530009973e-05, 2.80694712274e-05, 2.10812340811e-05, 1.17700019473e-05, 9.10191465664e-06, 8.38189134811e-06, 1.11519248094e-05, 1.47355221998e-05, 9.28497320274e-06, 5.98708356847e-06, 5.14091971127e-06, 4.69827591587e-06, 3.89345723306e-06, 2.55992563325e-06, 3.01582963402e-06, 1.70522230292e-06, 1.53424161908e-06, 1.51660788106e-06],
        "dvar": [3.0326173146e-05, 5.29249427927e-06, 6.01157171332e-06, 2.05058040592e-06, 3.64306544043e-07, 2.13375059843e-07, 2.42281146257e-07, 1.64429437177e-07, 7.09843064328e-08, 3.99034725262e-08, 7.97472097247e-08, 3.5807175891e-08, 6.07747878689e-08, 3.26235500836e-08, 2.59089780741e-08, 1.33996262974e-08, 7.50620188228e-09, 3.58506624387e-09, 2.62874588763e-09, 2.40891262493e-09, 1.16803777761e-09, 1.15513132393e-09, 1.06234254726e-09, 1.33318600604e-09, 8.92488027926e-10, 2.61264704315e-10, 8.79713940583e-11, 8.97548146916e-11, 1.50943507693e-10, 2.4923382802e-10, 1.23560536802e-10, 6.30680091485e-11, 4.45960247897e-11, 3.17305695607e-11, 1.78601421846e-11, 6.7422087878e-12, 8.33375903009e-12, 3.3871937373e-12, 3.19918657538e-12, 5.10061567635e-12],
        "dvar2": [4.88364130433e-05, 1.27658131532e-05, 1.51806307258e-05, 5.71348800804e-06, 9.40590439313e-07, 5.68627513076e-07, 6.17795478774e-07, 3.87107121469e-07, 1.81692058732e-07, 9.3357670039e-08, 1.86743577046e-07, 7.89338727714e-08, 1.39640917496e-07, 7.8014359417e-08, 6.06739121167e-08, 3.23170858962e-08, 1.75298389138e-08, 8.33747915152e-09, 6.03263172749e-09, 5.74694780653e-09, 2.67669086895e-09, 2.48391351931e-09, 2.38350494897e-09, 2.96560664914e-09, 1.93321514352e-09, 5.88532278467e-10, 2.07262873531e-10, 2.05384528829e-10, 3.28536725602e-10, 5.53124379632e-10, 2.70195865681e-10, 1.29495053569e-10, 9.48418565905e-11, 6.15111572788e-11, 3.83948428606e-11, 1.34236094462e-11, 1.97931584317e-11, 7.86192118352e-12, 7.3752271651e-12, 1.1833149044e-11],
        "max": [0.051143784076, 0.0196588952094, 0.0180523470044, 0.0112270861864, 0.0094831995666, 0.00649416772649, 0.00612499145791, 0.00542696751654, 0.00422326941043, 0.00388917676173, 0.00464394548908, 0.00510167423636, 0.00640475563705, 0.00461729010567, 0.00537400273606, 0.00251586805098, 0.00214964733459, 0.00128471991047, 0.00111492804717, 0.000806134019513, 0.000651206821203, 0.00110890727956, 0.000789224170148, 0.000971679284703, 0.000866746006068, 0.000752023945097, 0.000248286145506, 0.000239433240495, 0.000337905978085, 0.000306492904201, 0.000360520760296, 0.000238962675212, 0.000184770207852, 0.000148134393385, 7.6023672591e-05, 3.79074190278e-05, 5.68744071643e-05, 5.41791850992e-05, 3.2009651477e-05, 7.68170211813e-05],
        "mean": [0.00399575429037, 0.00155069981702, 0.000768714002334, 0.000490036734845, 0.000313013675623, 0.000185727651115, 0.000225119205425, 0.000240834357101, 0.000117164490803, 0.000122643803479, 0.000170270024682, 0.000101979021565, 0.000100400728115, 8.09883567854e-05, 7.92286518845e-05, 5.66360322409e-05, 4.71024759463e-05, 3.81700338039e-05, 2.52090776485e-05, 2.43216909439e-05, 2.32271286222e-05, 2.09702520806e-05, 2.88477549475e-05, 3.14553872158e-05, 2.21177942876e-05, 1.2925156625e-05, 1.1685937352e-05, 1.08187186925e-05, 1.45921467265e-05, 1.72022992047e-05, 1.02020985651e-05, 7.34848708817e-06, 6.08432446825e-06, 5.72529279452e-06, 4.54749761047e-06, 3.24692246068e-06, 3.45198691321e-06, 2.43140652856e-06, 2.16451689994e-06, 2.02369164981e-06],
        "median": [0.00131054490339, 0.000443820521468, 6.85854174662e-05, 0.000115868169814, 8.92483367352e-05, 6.76764830132e-05, 6.55931216897e-05, 6.67990534566e-05, 3.36553275702e-05, 4.064192035e-05, 4.97608853038e-05, 2.42132064159e-05, 1.96902365133e-05, 2.55296617979e-05, 1.68749793374e-05, 1.51433387146e-05, 1.72310556081e-05, 1.84695963981e-05, 7.37157552066e-06, 7.54952452553e-06, 9.36286051001e-06, 7.91402635514e-06, 1.30715288833e-05, 1.20291351777e-05, 9.07389494387e-06, 6.49599314784e-06, 7.41755320632e-06, 6.04821616434e-06, 7.99577901489e-06, 8.94067761692e-06, 4.39013092546e-06, 3.30916554958e-06, 2.8235181162e-06, 2.74313879345e-06, 2.06886966225e-06, 1.8105148456e-06, 2.13558018913e-06, 1.55164298121e-06, 1.25510086946e-06, 1.09564166451e-06],
        "min": [5.38552973412e-24, 1.07126506291e-23, 1.65575257853e-24, 2.27533659471e-23, 9.69812501788e-24, 4.55407980634e-24, 1.75359708708e-23, 9.59323097217e-24, 6.34802602432e-24, 1.89350488184e-23, 1.05591556519e-23, 1.54569689759e-23, 9.25053322886e-24, 6.84590690719e-24, 8.9683024628e-24, 1.21902723015e-23, 1.89960593208e-23, 1.49950072966e-23, 1.0458986883e-23, 8.50528607651e-24, 2.15805317294e-23, 1.30498900857e-23, 9.83145749922e-24, 1.0042128326e-23, 8.01309998052e-24, 1.14469909906e-23, 9.87542939493e-24, 6.3823789446e-24, 5.6639696291e-24, 1.69664117195e-23, 7.95531039719e-24, 6.67114423996e-24, 7.5689507805e-24, 1.20988307009e-23, 1.56288933216e-23, 1.46628889669e-23, 1.51722517203e-23, 1.1654572638e-23, 1.22417020883e-23, 9.23455800667e-24],
        "var": [5.29368735442e-05, 7.62020044931e-06, 4.7163803174e-06, 1.37712981996e-06, 3.8183821971e-07, 1.75542524516e-07, 2.34969490975e-07, 2.15203982634e-07, 7.59867049283e-08, 6.66203803235e-08, 1.26831011471e-07, 6.12860731053e-08, 8.55929158661e-08, 4.5318611086e-08, 4.09026483794e-08, 1.84425932304e-08, 1.19840848356e-08, 5.62871127485e-09, 3.55447782319e-09, 2.99005264992e-09, 1.67081126712e-09, 2.00242733506e-09, 1.9638368709e-09, 2.72919908895e-09, 1.70615910289e-09, 4.38006297898e-10, 1.97232188914e-10, 2.01594463345e-10, 3.68912095317e-10, 5.47548451024e-10, 2.46515557967e-10, 1.45725528866e-10, 9.78314373956e-11, 7.36470467944e-11, 3.9001062796e-11, 1.64766308236e-11, 1.63810284781e-11, 8.05331062254e-12, 7.38141058693e-12, 9.37404234097e-12]
    },
    "mfcc": {
        "mean": [-637.958312988, 80.691619873, -0.23619876802, 16.5548000336, -5.51376724243, 1.67654490471, 6.40753746033, 1.1123187542, 0.10182158649, 1.11432600021, 2.65755748749, 4.66094446182, -3.56938505173],
        "cov": [[9522.05761719, -260.588409424, 1190.66955566, 1549.07531738, 1156.09716797, 866.221069336, -289.204528809, 593.921508789, 617.830200195, 334.572540283, 338.936279297, 508.049926758, 269.620819092], [-260.588409424, 882.357543945, -172.098190308, -97.1544036865, -75.2951583862, -0.386486828327, 103.986663818, -17.6944942474, -24.9784812927, -1.95482718945, -44.3168563843, -6.84406661987, -15.6119194031], [1190.66955566, -172.098190308, 969.393798828, 486.668029785, 391.618103027, 294.642272949, -93.2119903564, 245.189346313, 169.856124878, 99.9460983276, 127.646560669, 135.930145264, 117.48223877], [1549.07531738, -97.1544036865, 486.668029785, 739.88470459, 472.501953125, 236.379043579, -104.193725586, 228.065048218, 222.530883789, 88.2225341797, 138.452713013, 169.951782227, 97.7794570923], [1156.09716797, -75.2951583862, 391.618103027, 472.501953125, 516.15802002, 262.906036377, -42.0201873779, 199.233322144, 193.747070312, 106.54561615, 135.512374878, 137.34992981, 105.951179504], [866.221069336, -0.386486828327, 294.642272949, 236.379043579, 262.906036377, 400.903320312, 113.375923157, 200.16255188, 134.357772827, 124.850662231, 119.433525085, 95.1758575439, 106.052032471], [-289.204528809, 103.986663818, -93.2119903564, -104.193725586, -42.0201873779, 113.375923157, 337.240936279, 76.2030944824, 28.7164592743, 69.5278549194, 64.261932373, 33.3690032959, 36.8864440918], [593.921508789, -17.6944942474, 245.189346313, 228.065048218, 199.233322144, 200.16255188, 76.2030944824, 282.862487793, 164.223922729, 80.1999893188, 107.037277222, 101.092102051, 85.0946350098], [617.830200195, -24.9784812927, 169.856124878, 222.530883789, 193.747070312, 134.357772827, 28.7164592743, 164.223922729, 227.020202637, 104.61958313, 87.80884552, 97.0023803711, 61.6576156616], [334.572540283, -1.95482718945, 99.9460983276, 88.2225341797, 106.54561615, 124.850662231, 69.5278549194, 80.1999893188, 104.61958313, 153.806625366, 89.5639419556, 47.9455757141, 52.4945869446], [338.936279297, -44.3168563843, 127.646560669, 138.452713013, 135.512374878, 119.433525085, 64.261932373, 107.037277222, 87.80884552, 89.5639419556, 167.250518799, 98.1088485718, 53.1586341858], [508.049926758, -6.84406661987, 135.930145264, 169.951782227, 137.34992981, 95.1758575439, 33.3690032959, 101.092102051, 97.0023803711, 47.9455757141, 98.1088485718, 169.032546997, 64.7240066528], [269.620819092, -15.6119194031, 117.48223877, 97.7794570923, 105.951179504, 106.052032471, 36.8864440918, 85.0946350098, 61.6576156616, 52.4945869446, 53.1586341858, 64.7240066528, 131.855728149]],
