{
"lowlevel": {
    "average_loudness": 0.819318532944,
    "barkbands_crest": {
        "dmean": 2.61578226089,
        "dmean2": 4.17429304123,
        "dvar": 7.26506233215,
        "dvar2": 17.5645580292,
        "max": 26.011964798,
        "mean": 11.5857124329,
        "median": 10.3762159348,
        "min": 2.06537556648,
        "var": 33.0596313477
    },
    "barkbands_flatness_db": {
        "dmean": 0.0217149276286,
        "dmean2": 0.0331837013364,
        "dvar": 0.000610984105151,
        "dvar2": 0.00134506984614,
        "max": 0.395019352436,
        "mean": 0.124203853309,
        "median": 0.111128956079,
        "min": 0.014806997031,
        "var": 0.00347679154947
    },
    "barkbands_kurtosis": {
        "dmean": 3.94204163551,
        "dmean2": 6.23523283005,
        "dvar": 159.701721191,
        "dvar2": 345.515777588,
        "max": 600.440795898,
        "mean": 5.54004812241,
        "median": 0.399516105652,
        "min": -1.92569839954,
        "var": 340.161346436
    },
    "barkbands_skewness": {
        "dmean": 0.650066316128,
        "dmean2": 0.983594596386,
        "dvar": 0.812514960766,
        "dvar2": 1.71829068661,
        "max": 22.6091098785,
        "mean": 1.4409044981,
        "median": 0.919718265533,
        "min": -7.48074674606,
        "var": 3.55006408691
    },
    "barkbands_spread": {
        "dmean": 8.30884456635,
        "dmean2": 12.807387352,
        "dvar": 121.732208252,
        "dvar2": 257.816253662,
        "max": 125.096977234,
        "mean": 29.632358551,
        "median": 26.2091388702,
        "min": 0.585784494877,
        "var": 360.463165283
    },
    "dissonance": {
        "dmean": 0.0171209741384,
        "dmean2": 0.027900705114,
        "dvar": 0.000432468164945,
        "dvar2": 0.00103077036329,
        "max": 0.500000119209,
        "mean": 0.468913972378,
        "median": 0.477748900652,
        "min": 0.0411856807768,
        "var": 0.000942629063502
    },
    "dynamic_complexity": 4.12615251541,
    "erbbands_crest": {
        "dmean": 2.72924375534,
        "dmean2": 4.44879627228,
        "dvar": 8.19239139557,
        "dvar2": 20.047082901,
        "max": 30.6499710083,
        "mean": 8.44737052917,
        "median": 7.18149900436,
        "min": 2.10599517822,
        "var": 20.5724487305
    },
    "erbbands_flatness_db": {
        "dmean": 0.0183828826994,
        "dmean2": 0.026838844642,
        "dvar": 0.000460853945697,
        "dvar2": 0.000839948363137,
        "max": 0.384199351072,
        "mean": 0.14221636951,
        "median": 0.136765941978,
        "min": 0.0243030712008,
        "var": 0.00309707224369
    },
    "erbbands_kurtosis": {
        "dmean": 1.08271467686,
        "dmean2": 1.75747430325,
        "dvar": 4.78002214432,
        "dvar2": 11.4745464325,
        "max": 59.987285614,
        "mean": 0.534820139408,
        "median": -0.179235935211,
        "min": -1.82806479931,
        "var": 7.27837276459
    },
    "erbbands_skewness": {
        "dmean": 0.422167658806,
        "dmean2": 0.639207005501,
        "dvar": 0.222299665213,
        "dvar2": 0.468563914299,
        "max": 6.61928081512,
        "mean": 0.0745470449328,
        "median": 0.0153922475874,
        "min": -4.99572944641,
        "var": 0.703645348549
    },
    "erbbands_spread": {
        "dmean": 9.37203788757,
        "dmean2": 14.5885362625,
        "dvar": 150.438049316,
        "dvar2": 338.976989746,
        "max": 200.246841431,
        "mean": 39.8641433716,
        "median": 34.5631065369,
        "min": 1.48648953438,
        "var": 508.164489746
    },
    "hfc": {
        "dmean": 8.96320152283,
        "dmean2": 12.7612171173,
        "dvar": 238.711151123,
        "dvar2": 450.68637085,
        "max": 222.800170898,
        "mean": 23.9378356934,
        "median": 14.6463565826,
        "min": 1.25200032578e-16,
        "var": 718.333007812
    },
    "melbands_crest": {
        "dmean": 3.38453865051,
        "dmean2": 5.33881902695,
        "dvar": 11.8815774918,
        "dvar2": 28.3665161133,
        "max": 35.730381012,
        "mean": 17.8057594299,
        "median": 16.8243675232,
        "min": 1.86267399788,
        "var": 64.5313568115
    },
    "melbands_flatness_db": {
        "dmean": 0.0275086052716,
        "dmean2": 0.0408467203379,
        "dvar": 0.00099838397,
        "dvar2": 0.00209348322824,
        "max": 0.515730023384,
        "mean": 0.183692991734,
        "median": 0.169659942389,
        "min": 0.00732595473528,
        "var": 0.00607415754348
    },
    "melbands_kurtosis": {
        "dmean": 12.8676176071,
        "dmean2": 20.1557369232,
        "dvar": 1326.29956055,
        "dvar2": 2968.92944336,
        "max": 1374.96557617,
        "mean": 23.5148086548,
        "median": 4.37640714645,
        "min": -1.86828076839,
        "var": 3368.85351562
    },
    "melbands_skewness": {
        "dmean": 0.97530412674,
        "dmean2": 1.48259651661,
        "dvar": 2.03470492363,
        "dvar2": 4.40401601791,
        "max": 26.5636482239,
        "mean": 2.99808335304,
        "median": 1.91709816456,
        "min": -5.36094522476,
        "var": 9.65755653381
    },
    "melbands_spread": {
        "dmean": 9.87176036835,
        "dmean2": 15.0683736801,
        "dvar": 190.810302734,
        "dvar2": 405.593414307,
        "max": 234.129852295,
        "mean": 31.633928299,
        "median": 28.3965930939,
        "min": 0.296756356955,
        "var": 553.204467773
    },
    "pitch_salience": {
        "dmean": 0.0706326812506,
        "dmean2": 0.112543314695,
        "dvar": 0.00507377646863,
        "dvar2": 0.0124005507678,
        "max": 0.951174497604,
        "mean": 0.490332603455,
        "median": 0.509538948536,
        "min": 0.0479849018157,
        "var": 0.0247762389481
    },
    "silence_rate_20dB": {
        "dmean": 0,
        "dmean2": 0,
        "dvar": 0,
        "dvar2": 0,
        "max": 1,
        "mean": 1,
        "median": 1,
        "min": 1,
        "var": 0
    },
    "silence_rate_30dB": {
        "dmean": 0.000190548773389,
        "dmean2": 0.000381133868359,
        "dvar": 0.000190484031918,
        "dvar2": 0.000571441778447,
        "max": 1,
        "mean": 0.999904751778,
        "median": 1,
        "min": 0,
        "var": 9.52491318458e-05
    },
    "silence_rate_60dB": {
        "dmean": 0.0175304878503,
        "dmean2": 0.035064317286,
        "dvar": 0.0172223970294,
        "dvar2": 0.0403165370226,
        "max": 1,
        "mean": 0.0643040835857,
        "median": 0,
        "min": 0,
        "var": 0.0601662248373
    },
    "spectral_centroid": {
        "dmean": 335.290100098,
        "dmean2": 502.903015137,
        "dvar": 159624.28125,
        "dvar2": 309604.09375,
        "max": 10354.8544922,
        "mean": 1910.10595703,
        "median": 1829.04248047,
        "min": 292.128143311,
        "var": 518452.40625
    },
    "spectral_complexity": {
        "dmean": 4.39176845551,
        "dmean2": 6.51281547546,
        "dvar": 29.114315033,
        "dvar2": 52.7746009827,
        "max": 64,
        "mean": 18.3245697021,
        "median": 16,
        "min": 0,
        "var": 145.670669556
    },
    "spectral_decrease": {
        "dmean": 1.72580205682e-09,
        "dmean2": 2.65269428645e-09,
        "dvar": 6.29112752545e-18,
        "dvar2": 1.47394089124e-17,
        "max": 1.62124813574e-10,
        "mean": -5.60028379226e-09,
        "median": -4.43571002151e-09,
        "min": -2.9681636704e-08,
        "var": 2.12537292058e-17
    },
    "spectral_energy": {
        "dmean": 0.00706586893648,
        "dmean2": 0.0107807936147,
        "dvar": 0.000101246871054,
        "dvar2": 0.000231257756241,
        "max": 0.116874672472,
        "mean": 0.0233080387115,
        "median": 0.0184498187155,
        "min": 1.11624065476e-20,
        "var": 0.00035545026185
    },
    "spectral_energyband_high": {
        "dmean": 0.000689535983838,
        "dmean2": 0.000990323838778,
        "dvar": 2.26545216719e-06,
        "dvar2": 4.26705673817e-06,
        "max": 0.0237565618008,
        "mean": 0.00131812749896,
        "median": 0.00054704467766,
        "min": 7.990221405e-21,
        "var": 5.47253148397e-06
    },
    "spectral_energyband_low": {
        "dmean": 0.00328865693882,
        "dmean2": 0.0054079531692,
        "dvar": 5.37814194104e-05,
        "dvar2": 0.000148440158227,
        "max": 0.0852204933763,
        "mean": 0.00976365897804,
        "median": 0.0072133615613,
        "min": 2.6867138306e-23,
        "var": 0.000121648183267
    },
    "spectral_energyband_middle_high": {
        "dmean": 0.00259931362234,
        "dmean2": 0.00377721176483,
        "dvar": 2.60740453086e-05,
        "dvar2": 5.02177281305e-05,
        "max": 0.0881227254868,
        "mean": 0.00611999677494,
        "median": 0.00272868806496,
        "min": 1.8535718025e-21,
        "var": 7.45731813367e-05
    },
    "spectral_energyband_middle_low": {
        "dmean": 0.00326033076271,
        "dmean2": 0.00501921772957,
        "dvar": 3.7102123315e-05,
        "dvar2": 8.20167115307e-05,
        "max": 0.0798962116241,
        "mean": 0.00640509417281,
        "median": 0.00274120573886,
        "min": 2.90226975741e-22,
        "var": 7.38829985494e-05
    },
    "spectral_entropy": {
        "dmean": 0.158681571484,
        "dmean2": 0.224860563874,
        "dvar": 0.0374821461737,
        "dvar2": 0.0646183565259,
        "max": 9.80177974701,
        "mean": 7.83377456665,
        "median": 7.86441135406,
        "min": 5.67915487289,
        "var": 0.191747620702
    },
    "spectral_flux": {
        "dmean": 0.0215200092643,
        "dmean2": 0.033761844039,
        "dvar": 0.000684109982103,
        "dvar2": 0.00157643842977,
        "max": 0.30176192522,
        "mean": 0.076582916081,
        "median": 0.0686975717545,
        "min": 1.0565229247e-10,
        "var": 0.00243481248617
    },
    "spectral_kurtosis": {
        "dmean": 1.14085912704,
        "dmean2": 1.82539021969,
        "dvar": 1.92258250713,
        "dvar2": 4.75128507614,
        "max": 26.5306072235,
        "mean": 3.91829514503,
        "median": 3.73482751846,
        "min": -1.26332187653,
        "var": 5.80193519592
    },
    "spectral_rms": {
        "dmean": 0.000665110419504,
        "dmean2": 0.000997698982246,
        "dvar": 6.85109114329e-07,
        "dvar2": 1.50966172896e-06,
        "max": 0.0106782056391,
        "mean": 0.00435748742893,
        "median": 0.00424261996523,
        "min": 3.30002323211e-12,
        "var": 3.75185504708e-06
    },
    "spectral_rolloff": {
        "dmean": 782.577148438,
        "dmean2": 1271.24487305,
        "dvar": 2090929.125,
        "dvar2": 4470541.5,
        "max": 19422.9492188,
        "mean": 2205.50878906,
        "median": 1744.18945312,
        "min": 64.599609375,
        "var": 6025736
    },
    "spectral_skewness": {
        "dmean": 0.190634027123,
        "dmean2": 0.295704364777,
        "dvar": 0.0430678613484,
        "dvar2": 0.0949366688728,
        "max": 4.09163999557,
        "mean": 1.42503499985,
        "median": 1.40450787544,
        "min": -0.096814095974,
        "var": 0.159153148532
    },
    "spectral_spread": {
        "dmean": 682930.1875,
        "dmean2": 970371.75,
        "dvar": 1.25427253248e+12,
        "dvar2": 2.12145196237e+12,
        "max": 41457352,
        "mean": 5272152.5,
        "median": 4709231.5,
        "min": 1451518.625,
        "var": 5.09444148429e+12
    },
    "spectral_strongpeak": {
        "dmean": 0.503784477711,
        "dmean2": 0.86024415493,
        "dvar": 1.06721436977,
        "dvar2": 2.71338319778,
        "max": 15.7393083572,
        "mean": 0.825432658195,
        "median": 0.293316304684,
        "min": 0,
        "var": 1.71316063404
    },
    "zerocrossingrate": {
        "dmean": 0.0150968972594,
        "dmean2": 0.0169814862311,
        "dvar": 0.000466301222332,
        "dvar2": 0.000521665555425,
        "max": 0.71875,
        "mean": 0.0809271857142,
        "median": 0.0673828125,
        "min": 0.00244140625,
        "var": 0.00414488371462
    },
    "barkbands": {
        "dmean": [0.000233589555137, 0.00280784186907, 0.000683628721163, 0.000196853623493, 0.000448250793852, 0.000344213884091, 0.00127830379643, 0.00114925182424, 0.00101684837136, 0.000869542709552, 0.000693720940035, 0.000461522547994, 0.000388681743061, 0.000332898518536, 0.000514149549417, 0.000279038737062, 0.000245028437348, 0.000276880484307, 0.000284920271952, 0.000198529349291, 0.000205887612537, 0.000140361153171, 0.000116101058666, 0.000111088556878, 9.43535196711e-05, 5.34341779712e-05, 1.78692134796e-05],
        "dmean2": [0.000364611623809, 0.0046012904495, 0.00117924436927, 0.00035358092282, 0.000714354799129, 0.000559816660825, 0.00201418204233, 0.0018460721476, 0.00160808826331, 0.00137112499215, 0.00108649977483, 0.00072204915341, 0.000622792809736, 0.000526724092197, 0.00084463233361, 0.000437766633695, 0.000392930116504, 0.000430498505011, 0.000438478513388, 0.000303709151922, 0.000300992862321, 0.000214279803913, 0.000172102256329, 0.000172344356542, 0.000135406953632, 8.08965996839e-05, 2.79197920463e-05],
        "dvar": [2.44209246603e-07, 3.98814845539e-05, 7.14067527952e-06, 4.51400751444e-07, 6.91442437528e-07, 7.60268164868e-07, 1.61397128977e-05, 1.19532496683e-05, 8.62554315972e-06, 7.64465494285e-06, 6.24353242529e-06, 2.59917533185e-06, 1.62277206073e-06, 7.96229528532e-07, 1.9285300823e-06, 4.77524508824e-07, 2.30826799452e-07, 4.42493359287e-07, 5.16767897807e-07, 2.5335040732e-07, 2.8944469932e-07, 1.07465496058e-07, 7.58290568115e-08, 7.82582532111e-08, 8.13631544361e-08, 2.12997743887e-08, 1.20050414054e-08],
        "dvar2": [6.32162539205e-07, 0.000110378132376, 1.91739436559e-05, 1.30913178964e-06, 1.66887161868e-06, 1.88669662293e-06, 3.72311442334e-05, 2.89026102109e-05, 1.97257741092e-05, 1.85319549928e-05, 1.42884700836e-05, 5.74103205508e-06, 3.73344664695e-06, 1.84736290976e-06, 5.30647048436e-06, 1.12491818527e-06, 5.4835084029e-07, 9.68139488577e-07, 1.05664685179e-06, 5.93478489463e-07, 6.27261556474e-07, 2.35574631802e-07, 1.52557021238e-07, 1.7140027353e-07, 1.44994402262e-07, 4.37604690262e-08, 3.14864614381e-08],
        "max": [0.00564204575494, 0.0782567709684, 0.0404369346797, 0.0106608346105, 0.0158309675753, 0.0195577759296, 0.0788941904902, 0.0763903707266, 0.0724281072617, 0.0475544780493, 0.0666486099362, 0.0570624768734, 0.0434371680021, 0.0326131284237, 0.0270645916462, 0.0159109756351, 0.00936345849186, 0.013568664901, 0.0183366667479, 0.00758750503883, 0.0177314430475, 0.00462798215449, 0.00456253485754, 0.00605691643432, 0.00766680995002, 0.0022332132794, 0.00647654524073],
        "mean": [0.000751087092794, 0.00802073534578, 0.000893316988368, 0.000209855366847, 0.000718351686373, 0.00060650985688, 0.00153823732398, 0.00147251598537, 0.00143920723349, 0.00119472621009, 0.000894062104635, 0.000570994510781, 0.000515243562404, 0.000489780155476, 0.000828782387543, 0.000437419075752, 0.000408676161896, 0.000414514273871, 0.000436100497609, 0.000298874248983, 0.000300821586279, 0.000193309475435, 0.000189329424757, 0.000191187529708, 0.00018107231881, 8.91867530299e-05, 2.40879162448e-05],
        "median": [0.000505453324877, 0.00534682488069, 0.000337294768542, 8.94650729606e-05, 0.000272027711617, 0.000177291221917, 0.0002927245514, 0.000195342727238, 0.000232908118051, 0.000197423083591, 0.00021433425718, 9.24140185816e-05, 0.000156236244948, 0.000159747156431, 0.000205811127671, 0.000152531269123, 0.000178980189958, 0.000157348447829, 0.000168864848092, 0.000120841839816, 0.000101093675767, 6.76898926031e-05, 5.08973826072e-05, 5.29179487785e-05, 3.91468020098e-05, 2.07078082894e-05, 5.2033205975e-06],
        "min": [3.00421622434e-24, 3.13690341746e-24, 1.7746610932e-23, 1.27380265486e-23, 4.57578704965e-23, 2.0370015204e-23, 9.65747564652e-23, 6.53678418841e-23, 3.66783244465e-23, 7.24124328766e-23, 1.45162712791e-22, 8.99293290907e-23, 1.15236043728e-22, 2.16577154581e-22, 6.10758264036e-23, 2.04224867604e-22, 1.10584427582e-22, 3.66876285876e-22, 2.82877922304e-22, 3.16715738491e-22, 4.77137507678e-22, 4.15724471637e-22, 5.06688969251e-22, 8.42724933675e-22, 1.23454404212e-21, 1.88133627324e-21, 2.73416211011e-21],
        "var": [6.35556432371e-07, 9.34953932301e-05, 6.10135066381e-06, 3.01539216707e-07, 1.26867246308e-06, 1.36153482799e-06, 1.87644836842e-05, 1.53042783495e-05, 1.43549386848e-05, 1.15117400128e-05, 8.78493483469e-06, 3.8173629946e-06, 2.05847004509e-06, 1.27265388983e-06, 3.58791726285e-06, 7.70391409333e-07, 4.14311500663e-07, 7.11293125732e-07, 9.45368640259e-07, 3.46989565969e-07, 4.47587126473e-07, 1.59523509069e-07, 1.68361381725e-07, 2.01369047659e-07, 3.0554224395e-07, 3.99727397848e-08, 1.07740429911e-08]
    },
    "erbbands": {
        "dmean": [0.125479012728, 0.539173305035, 0.852519989014, 0.684085249901, 0.674979925156, 1.89878845215, 2.7306933403, 2.92498993874, 10.9207868576, 27.9569606781, 20.8559188843, 22.896730423, 24.4271869659, 26.4447193146, 25.3503723145, 18.8310451508, 17.332151413, 17.3821716309, 25.3399181366, 19.9906101227, 13.3052921295, 12.4725198746, 13.6970558167, 18.0933647156, 10.3744916916, 9.57740974426, 8.29662513733, 7.49923181534, 5.16281080246, 4.14087867737, 3.21738910675, 2.63976931572, 1.70477187634, 1.26955211163, 0.604403436184, 0.275899201632, 0.0967859476805, 0.0212598741055, 0.00275634345599, 0.000183835130883],
        "dmean2": [0.206759288907, 0.893004775047, 1.46331989765, 1.19389903545, 1.11836135387, 3.0061044693, 4.34240674973, 4.80148601532, 17.0667438507, 44.1313934326, 33.2496414185, 36.0111503601, 38.4433135986, 41.2931175232, 39.2287330627, 28.8939647675, 27.1585407257, 27.1321754456, 41.2371444702, 31.9927845001, 20.5063743591, 19.5796394348, 21.0206279755, 28.0591659546, 15.6702241898, 14.6699705124, 12.2067136765, 11.0436706543, 7.8643655777, 6.21980571747, 4.84727191925, 4.16542053223, 2.59356927872, 1.85889303684, 0.896225035191, 0.41074809432, 0.148291766644, 0.032717037946, 0.00430279318243, 0.00029356914456],
        "dvar": [0.084873072803, 1.60903060436, 9.97938728333, 6.48413085938, 1.9482063055, 13.6389579773, 49.1968841553, 55.8159065247, 1636.30102539, 6479.11181641, 3580.77734375, 5210.171875, 5622.29589844, 7335.79443359, 8218.5625, 4168.03222656, 3310.14868164, 2297.23925781, 5833.97460938, 2115.86083984, 922.416625977, 699.434204102, 971.446960449, 2045.33972168, 598.230529785, 560.681091309, 443.020446777, 425.522155762, 146.0962677, 108.335792542, 59.5346069336, 44.0840950012, 20.6400260925, 16.4521617889, 3.29637932777, 0.604113042355, 0.0745034068823, 0.00563643453643, 0.000188661229913, 4.55915233033e-06],
        "dvar2": [0.243742719293, 4.17580652237, 27.0587272644, 17.8796482086, 5.21205043793, 31.8403053284, 121.562767029, 138.596740723, 3774.28100586, 14696.8164062, 8759.65039062, 11810.6210938, 13766.6103516, 17455.0253906, 18834.5234375, 8847.50488281, 7485.234375, 5139.56542969, 16182.6318359, 5147.26757812, 2068.53540039, 1614.7824707, 2121.9284668, 4396.90478516, 1251.06518555, 1307.15393066, 985.117004395, 958.535888672, 329.984741211, 224.738754272, 124.309562683, 103.185173035, 42.596950531, 33.0356063843, 6.19653749466, 1.24783062935, 0.160289943218, 0.0133063020185, 0.000483295792947, 1.25600081446e-05],
        "max": [3.41415929794, 21.0333824158, 45.9226570129, 39.0948181152, 21.1465072632, 81.3057937622, 136.875320435, 210.701797485, 1233.50805664, 1401.82226562, 1535.71154785, 2246.45092773, 1589.94665527, 2213.56030273, 2588.27392578, 2352.58837891, 1934.88171387, 1897.48901367, 1654.00158691, 1104.82446289, 687.887939453, 689.36529541, 700.778137207, 1016.49383545, 657.347717285, 361.028594971, 858.428710938, 632.071228027, 183.198699951, 197.954620361, 130.226486206, 183.715820312, 106.380126953, 120.197761536, 42.3943252563, 17.1549682617, 4.75015878677, 1.87181401253, 0.31650236249, 0.148908957839],
        "mean": [0.353618234396, 1.29347014427, 1.29381358624, 0.827927470207, 0.993154585361, 2.91006731987, 4.63831090927, 4.81720018387, 13.8008527756, 33.9608573914, 31.1325855255, 34.0661048889, 35.3087120056, 37.2980957031, 34.5833702087, 25.9527072906, 24.1942977905, 26.3336639404, 40.9468345642, 33.7628631592, 22.8788661957, 21.3225498199, 22.1868648529, 26.9939365387, 16.7252292633, 14.747303009, 12.6827278137, 10.6005926132, 7.2117228508, 6.00229215622, 5.22896385193, 4.32663917542, 3.04245853424, 2.3182091713, 1.0882781744, 0.466364651918, 0.152542322874, 0.0305464696139, 0.00389667996205, 0.000256776780589],
        "median": [0.257304519415, 0.668334007263, 0.605444073677, 0.387953668833, 0.455711036921, 0.891156852245, 1.27832472324, 1.71655571461, 3.22712278366, 6.77147340775, 4.87111520767, 6.46586036682, 6.70321035385, 7.43452453613, 9.60970115662, 5.43154382706, 7.8873295784, 8.83672428131, 9.20115947723, 11.5030088425, 8.73396587372, 9.11724185944, 9.46462059021, 9.91794300079, 7.11849880219, 6.18582582474, 4.72935819626, 3.37432169914, 2.6023850441, 1.86536407471, 1.4101266861, 1.18633437157, 0.829751968384, 0.481956422329, 0.242864608765, 0.104346841574, 0.034680519253, 0.00750304805115, 0.00094347918639, 7.47215672163e-05],
        "min": [4.49396324111e-23, 1.05424603259e-21, 1.1889752761e-20, 3.67522065336e-20, 9.45377161139e-20, 1.87710002606e-19, 2.00014275443e-19, 1.8992927649e-19, 1.34897989483e-18, 1.2508880615e-18, 1.20756582109e-18, 1.0774048158e-18, 9.11424408448e-19, 4.73970851398e-18, 4.61977559697e-18, 3.58774039699e-18, 5.87046234339e-18, 7.5683039038e-18, 7.58546211125e-18, 5.86403763157e-18, 1.1048221308e-17, 7.3101590326e-18, 1.94917435112e-17, 1.60043053809e-17, 1.75310657247e-17, 1.42650621901e-17, 1.68813649844e-17, 1.72161663373e-17, 1.56142913765e-17, 1.435679652e-17, 1.47491580631e-17, 1.68925848622e-17, 1.49221562707e-17, 1.38155474298e-17, 9.13006722242e-18, 6.92196937498e-18, 3.44108003362e-18, 1.46701288137e-18, 3.88590090581e-19, 3.91178881555e-20],
        "var": [0.167119815946, 3.52839159966, 9.62849617004, 4.83677005768, 2.58008861542, 25.9540672302, 88.336151123, 85.6517486572, 1947.18835449, 7845.08935547, 6099.59960938, 8458.01269531, 9206.38574219, 11006.4003906, 12098.5078125, 6677.16015625, 4329.86425781, 3566.52026367, 11064.1621094, 3860.47143555, 1705.21789551, 1241.92431641, 1657.92456055, 3574.34692383, 1042.07861328, 796.859313965, 665.256958008, 633.256225586, 212.930343628, 191.209213257, 125.844238281, 94.7133026123, 58.8131484985, 55.3033714294, 10.1704702377, 1.29697036743, 0.122467860579, 0.00632209610194, 0.000165537523571, 3.8003465761e-06]
    },
    "gfcc": {
        "mean": [-3.50789070129, 50.4969749451, -117.576225281, 23.3988761902, -50.3537750244, 13.8273763657, -26.6050300598, 17.7657108307, -14.341588974, 9.87693214417, -11.2999048233, 3.13195443153, -8.5770406723],
        "cov": [[6993.09814453, -89.8628692627, 460.37612915, 166.566680908, 66.8882598877, 588.655090332, 95.4765853882, 447.067657471, 222.027816772, 245.844299316, 53.7931480408, 171.905136108, 146.837783813], [-89.8628692627, 1824.12390137, -169.828903198, 88.9949798584, 169.654647827, 7.38058853149, 288.475708008, 68.6268615723, 150.409835815, 19.9127426147, 146.146896362, -82.2624816895, 127.023773193], [460.37612915, -169.828903198, 1633.21191406, 578.93371582, 442.202362061, 504.197967529, 206.307830811, 287.608184814, 216.704559326, 157.641174316, 78.2216796875, 123.929023743, -35.3480873108], [166.566680908, 88.9949798584, 578.93371582, 713.092590332, 346.640350342, 248.264648438, 185.215286255, 145.632354736, 167.134628296, 75.6501693726, 87.3862991333, 67.9651947021, 18.0166416168], [66.8882598877, 169.654647827, 442.202362061, 346.640350342, 501.357910156, 317.558258057, 242.968109131, 145.939865112, 158.631652832, 88.0120849609, 66.3304977417, 47.7814712524, 28.5877628326], [588.655090332, 7.38058853149, 504.197967529, 248.264648438, 317.558258057, 544.838439941, 224.006027222, 169.768249512, 141.524429321, 86.9606018066, 77.5964508057, 59.1934356689, 15.3316936493], [95.4765853882, 288.475708008, 206.307830811, 185.215286255, 242.968109131, 224.006027222, 346.126251221, 140.012557983, 95.7722930908, 72.2751464844, 90.8209762573, 13.1708059311, 29.7782764435], [447.067657471, 68.6268615723, 287.608184814, 145.632354736, 145.939865112, 169.768249512, 140.012557983, 235.22744751, 116.946029663, 89.4711227417, 47.6293716431, 32.6168289185, 30.0941104889], [222.027816772, 150.409835815, 216.704559326, 167.134628296, 158.631652832, 141.524429321, 95.7722930908, 116.946029663, 209.70098877, 68.563873291, 37.9406280518, 21.3783397675, 31.4664001465], [245.844299316, 19.9127426147, 157.641174316, 75.6501693726, 88.0120849609, 86.9606018066, 72.2751464844, 89.4711227417, 68.563873291, 126.928985596, 54.842540741, 30.2416820526, 16.8697834015], [53.7931480408, 146.146896362, 78.2216796875, 87.3862991333, 66.3304977417, 77.5964508057, 90.8209762573, 47.6293716431, 37.9406280518, 54.842540741, 117.27936554, 28.1643810272, 22.0282287598], [171.905136108, -82.2624816895, 123.929023743, 67.9651947021, 47.7814712524, 59.1934356689, 13.1708059311, 32.6168289185, 21.3783397675, 30.2416820526, 28.1643810272, 96.5848236084, 23.6692256927], [146.837783813, 127.023773193, -35.3480873108, 18.0166416168, 28.5877628326, 15.3316936493, 29.7782764435, 30.0941104889, 31.4664001465, 16.8697834015, 22.0282287598, 23.6692256927, 96.1096343994]],
        "icov": [[0.000196056862478, -2.75817346846e-05, 4.80425005662e-05, -3.86243518733e-05, 0.000212076061871, -0.000293423217954, 0.000137214388815, -0.000315815355862, 3.37074088748e-05, -0.000261134526227, 0.000226803444093, -0.000194897278561, -0.000167259378941], [-2.75817346846e-05, 0.000901835155673, 1.52717821038e-05, 9.99508338282e-05, -0.000209402380278, 0.000405589846196, -0.000621971616056, 0.000186887584277, -0.000612688774709, 0.000594903889578, -0.00110727967694, 0.00111014500726, -0.000954556453507], [4.80425005662e-05, 1.52717821038e-05, 0.0012749658199, -0.000600704806857, -0.000192390696611, -0.000670012377668, 0.000385658378946, -0.000822462316137, -2.98862801174e-07, -0.000475923035992, 0.000363370607374, -0.000750642910134, 0.000975305680186], [-3.86243518733e-05, 9.99508338282e-05, -0.000600704806857, 0.00266261259094, -0.00123395281844, 0.000468925660243, -0.000219812747673, 8.31807119539e-05, -0.000910754955839, 0.000920261547435, -0.00122295925394, -0.000365790299838, 4.81779497932e-05], [0.000212076061871, -0.000209402380278, -0.000192390696611, -0.00123395281844, 0.00518735917285, -0.00164577225223, -0.00169489544351, 0.000343961291946, -0.000906081520952, -0.0011336421594, 0.00161284429487, -0.000686664367095, -0.000454618188087], [-0.000293423217954, 0.000405589846196, -0.000670012377668, 0.000468925660243, -0.00164577225223, 0.00433767167851, -0.00139143096749, -6.6507855081e-05, -0.000803423696198, 0.00107871880755, -0.00138437817805, -4.72252431791e-05, 0.000230062549235], [0.000137214388815, -0.000621971616056, 0.000385658378946, -0.000219812747673, -0.00169489544351, -0.00139143096749, 0.00660020438954, -0.00237284321338, 0.000971027591731, -0.000356417265721, -0.00205815606751, 0.000924168620259, 0.000208332567126], [-0.000315815355862, 0.000186887584277, -0.000822462316137, 8.31807119539e-05, 0.000343961291946, -6.6507855081e-05, -0.00237284321338, 0.00917303282768, -0.00234050326981, -0.00261209788732, 0.000503047951497, 0.000317409605486, -0.00128006399609], [3.37074088748e-05, -0.000612688774709, -2.98862801174e-07, -0.000910754955839, -0.000906081520952, -0.000803423696198, 0.000971027591731, -0.00234050326981, 0.00864079594612, -0.00221077608876, 0.00100317306351, 0.000392422167351, -0.001008958905], [-0.000261134526227, 0.000594903889578, -0.000475923035992, 0.000920261547435, -0.0011336421594, 0.00107871880755, -0.000356417265721, -0.00261209788732, -0.00221077608876, 0.0141211170703, -0.0054767341353, -0.000569975934923, -5.71552163819e-07], [0.000226803444093, -0.00110727967694, 0.000363370607374, -0.00122295925394, 0.00161284429487, -0.00138437817805, -0.00205815606751, 0.000503047951497, 0.00100317306351, -0.0054767341353, 0.0150115163997, -0.00362318777479, -0.000214354950003], [-0.000194897278561, 0.00111014500726, -0.000750642910134, -0.000365790299838, -0.000686664367095, -4.72252431791e-05, 0.000924168620259, 0.000317409605486, 0.000392422167351, -0.000569975934923, -0.00362318777479, 0.0152542851865, -0.00450564129278], [-0.000167259378941, -0.000954556453507, 0.000975305680186, 4.81779497932e-05, -0.000454618188087, 0.000230062549235, 0.000208332567126, -0.00128006399609, -0.001008958905, -5.71552163819e-07, -0.000214354950003, -0.00450564129278, 0.0141955725849]]
    },
    "melbands": {
        "dmean": [0.000895022822078, 0.000508976809215, 0.000114295813546, 8.56600090628e-05, 9.63567945291e-05, 6.68770517223e-05, 0.000195857952349, 0.000298289291095, 0.00016533381131, 0.000146514532389, 0.000124352693092, 0.000110516753921, 9.68797612586e-05, 5.30551114934e-05, 5.01870199514e-05, 3.50776390405e-05, 3.37267301802e-05, 4.05252285418e-05, 3.23487183778e-05, 2.37204112636e-05, 1.63978565979e-05, 1.36384778671e-05, 1.42013004734e-05, 1.38903315019e-05, 1.62543947226e-05, 8.96461642697e-06, 7.22668391973e-06, 6.31065586276e-06, 5.25659925188e-06, 5.35325489182e-06, 4.23119217885e-06, 2.95577319775e-06, 2.87998091153e-06, 2.24347331823e-06, 1.96557607524e-06, 1.7963245682e-06, 1.67397615769e-06, 1.30359876493e-06, 1.11723807095e-06, 1.12831389742e-06],
        "dmean2": [0.00147209246643, 0.000848634925205, 0.000197104018298, 0.000137963768793, 0.000152451073518, 0.000109501292172, 0.000306544854539, 0.000472721148981, 0.000265377835603, 0.000230699559324, 0.000196763663553, 0.000174025291926, 0.000151612504851, 8.24813760119e-05, 7.72649291321e-05, 5.61888700759e-05, 5.35394028702e-05, 6.58694771118e-05, 5.26281510247e-05, 3.80797719117e-05, 2.58863401541e-05, 2.17549604713e-05, 2.28988246818e-05, 2.17412252823e-05, 2.55457161984e-05, 1.35071577461e-05, 1.14618233056e-05, 9.70754535956e-06, 8.09036373539e-06, 7.91358343122e-06, 6.40513098915e-06, 4.54604833067e-06, 4.48848368251e-06, 3.35854565492e-06, 2.98882650895e-06, 2.81145844383e-06, 2.68316193797e-06, 2.02674914362e-06, 1.66636516497e-06, 1.6712207298e-06],
        "dvar": [4.15799922848e-06, 2.24746850108e-06, 1.55854721129e-07, 2.43670772448e-08, 4.85803539618e-08, 2.87807431221e-08, 4.59770944872e-07, 7.170203844e-07, 2.11041054854e-07, 2.10863021266e-07, 1.49126591964e-07, 1.36173611054e-07, 1.26515942611e-07, 3.8767510091e-08, 2.95119217952e-08, 1.13166205296e-08, 9.45786382545e-09, 1.38144180539e-08, 6.41060937667e-09, 3.71997299631e-09, 1.47409562334e-09, 9.1048207862e-10, 1.05241981796e-09, 1.12111342432e-09, 1.74867742508e-09, 5.94239657481e-10, 4.20551315994e-10, 2.18794440898e-10, 1.99358030084e-10, 1.86564569349e-10, 1.73296182959e-10, 4.68726689407e-11, 5.63532102926e-11, 3.0801847184e-11, 2.20431051884e-11, 1.88229640208e-11, 1.85498491567e-11, 1.24627357045e-11, 1.00576448211e-11, 1.51856652253e-11],
        "dvar2": [1.18391362776e-05, 5.86685973758e-06, 4.22992030735e-07, 5.89000030971e-08, 1.18865500554e-07, 7.09450063141e-08, 1.069883524e-06, 1.6382089143e-06, 5.19135937793e-07, 4.73390429079e-07, 3.66144462305e-07, 3.26279490537e-07, 2.92472236652e-07, 8.47929584324e-08, 6.53196963185e-08, 2.62922181804e-08, 2.16935216457e-08, 3.7778271178e-08, 1.6758409771e-08, 9.08768527097e-09, 3.41336758858e-09, 2.1600772282e-09, 2.54449572523e-09, 2.49967646582e-09, 3.82443010594e-09, 1.23783949757e-09, 1.06160580327e-09, 4.95852969795e-10, 4.80113782064e-10, 3.78701514592e-10, 4.33553665191e-10, 1.06883890627e-10, 1.29665514437e-10, 6.28232604827e-11, 4.55734235072e-11, 4.43082411039e-11, 4.51483746222e-11, 2.64411426781e-11, 2.11337978367e-11, 3.21516598067e-11],
        "max": [0.0245972182602, 0.0195858217776, 0.00586027326062, 0.00327988807112, 0.00412024604157, 0.0043080765754, 0.0183446034789, 0.0149537147954, 0.0114578278735, 0.0133794602007, 0.0082487128675, 0.00918510649353, 0.0104449763894, 0.00839111860842, 0.00475962879136, 0.0028232303448, 0.00422093318775, 0.00244535249658, 0.00162486964837, 0.00163404201157, 0.000861665117554, 0.000768914062064, 0.000802881259006, 0.000722811731976, 0.000993811525404, 0.000723882985767, 0.000313336204272, 0.000253918464296, 0.000625315820798, 0.000337311677868, 0.000563195615541, 0.000133930705488, 0.000110870045319, 0.000122621335322, 7.52995110815e-05, 6.97785144439e-05, 0.00013308407506, 8.24460075819e-05, 9.02464453247e-05, 0.000121689023217],
        "mean": [0.00261833169498, 0.00101723661646, 0.00014639965957, 0.000133927082061, 0.000163577133208, 0.000110905442853, 0.000241071829805, 0.000363434402971, 0.000249522068771, 0.000209274774534, 0.00017354330339, 0.000149594605318, 0.000127114413772, 6.68363936711e-05, 6.55219264445e-05, 4.6136432502e-05, 4.80515918753e-05, 6.23754021944e-05, 5.23056150996e-05, 3.75363233616e-05, 2.54057995335e-05, 2.19420217036e-05, 2.13589737541e-05, 2.02389473998e-05, 2.27238142543e-05, 1.36195340019e-05, 1.02787616925e-05, 9.44108614931e-06, 7.75099579187e-06, 7.45026000004e-06, 5.6412864069e-06, 4.01646002501e-06, 3.66535073226e-06, 3.27473640027e-06, 3.01217914966e-06, 2.8699816994e-06, 2.58994350588e-06, 2.19879757424e-06, 1.93744381249e-06, 1.96635733118e-06],
        "median": [0.00188539328519, 0.000553003046662, 7.2841430665e-05, 4.90224119858e-05, 5.56589147891e-05, 3.61443526344e-05, 5.2567836974e-05, 7.04922786099e-05, 3.37002493325e-05, 3.59568621207e-05, 2.95811987598e-05, 2.65908620349e-05, 3.17962294503e-05, 1.33544772325e-05, 1.62369124155e-05, 1.49198967847e-05, 1.56657988555e-05, 1.37683282446e-05, 1.4084288523e-05, 1.34190686367e-05, 9.46352702158e-06, 8.85159261088e-06, 9.24164123717e-06, 7.54992925067e-06, 7.7158520071e-06, 5.30555053047e-06, 4.25440157414e-06, 3.72345334654e-06, 2.77616777566e-06, 2.3330806016e-06, 1.71936471816e-06, 1.41956763855e-06, 1.09550751404e-06, 9.45281101394e-07, 7.92891512447e-07, 7.24067717783e-07, 6.85295276526e-07, 5.79514789933e-07, 4.64408202561e-07, 3.74692376681e-07],
        "min": [9.76856812735e-25, 5.19403611596e-24, 8.4167545837e-24, 9.93246719383e-24, 7.44298547116e-24, 5.05143373012e-24, 1.95140900778e-23, 1.46466542095e-23, 9.28330014428e-24, 5.7298785633e-24, 4.07231771836e-24, 1.84156170445e-23, 1.79777124674e-23, 7.03413069689e-24, 1.37571109869e-23, 1.24579170295e-23, 1.4968287e-23, 1.57518625372e-23, 4.43213887091e-24, 1.21084122054e-23, 1.20134365079e-23, 6.40143624634e-24, 1.24562052013e-23, 1.85562677884e-23, 1.21672675398e-23, 1.28114056011e-23, 1.24297523286e-23, 8.27507989829e-24, 9.39339672766e-24, 1.31373471499e-23, 8.06926372153e-24, 8.94824251884e-24, 8.46916098022e-24, 7.83966023304e-24, 8.05995437399e-24, 8.39509956299e-24, 1.1788876996e-23, 1.10036235517e-23, 1.01628421883e-23, 1.1513162221e-23],
        "var": [9.18364639801e-06, 3.16750356433e-06, 1.23791423334e-07, 4.49220429743e-08, 8.82219381992e-08, 4.62562219639e-08, 5.34157948096e-07, 8.66403638611e-07, 3.75441175038e-07, 3.35323534273e-07, 2.36381765717e-07, 2.01096455044e-07, 1.79323137672e-07, 5.68451348215e-08, 4.05253146596e-08, 1.4172149676e-08, 1.36279902918e-08, 2.59083972054e-08, 1.13085771858e-08, 5.60750690326e-09, 2.36016250987e-09, 1.45227341264e-09, 1.53512447199e-09, 1.74380554441e-09, 2.9086000275e-09, 1.01120778417e-09, 4.79092154837e-10, 3.26096094572e-10, 2.60860777423e-10, 2.97079361111e-10, 2.16430040556e-10, 6.62712107413e-11, 7.40564276569e-11, 5.91841159414e-11, 4.3333486105e-11, 3.99068868229e-11, 3.64475012671e-11, 3.10812278692e-11, 3.15816539587e-11, 4.53133051914e-11]
    },
    "mfcc": {
        "mean": [-649.604370117, 91.4480514526, -9.66869449615, 16.0295257568, 1.54393327236, 2.05030727386, 2.36622977257, 5.76543951035, 5.78391695023, 8.54784965515, 4.63239574432, 4.1873497963, 2.14939808846],
        "cov": [[6086.17773438, 28.10115242, 80.2662353516, -207.613021851, 112.30355835, 72.2911605835, 82.795249939, 140.406188965, 223.511535645, 201.725067139, 75.8291397095, 118.260726929, 42.17162323], [28.10115242, 1399.55249023, -141.015258789, 71.3444824219, -40.5940093994, 19.4451332092, 132.55368042, 33.3242797852, 104.665298462, 99.4389953613, 60.4412651062, 56.2525482178, 20.0765380859], [80.2662353516, -141.015258789, 1157.78234863, 282.219451904, 433.774261475, 273.509002686, 197.520996094, 245.183181763, 152.130828857, 159.456512451, 157.397155762, 138.303695679, 109.545387268], [-207.613021851, 71.3444824219, 282.219451904, 558.306945801, 220.329956055, 137.561019897, 120.195846558, 116.853668213, 111.575172424, 61.4564476013, 104.922401428, 93.9470367432, 42.6111831665], [112.30355835, -40.5940093994, 433.774261475, 220.329956055, 446.254852295, 259.179229736, 135.500061035, 189.835784912, 146.717956543, 137.614471436, 107.389884949, 87.6598968506, 82.0816650391], [72.2911605835, 19.4451332092, 273.509002686, 137.561019897, 259.179229736, 378.790740967, 200.083129883, 191.526779175, 104.752548218, 130.323547363, 90.8482666016, 69.1703643799, 81.9991989136], [82.795249939, 132.55368042, 197.520996094, 120.195846558, 135.500061035, 200.083129883, 337.337249756, 156.46144104, 94.7988739014, 118.148963928, 97.5456542969, 83.5493774414, 56.6549949646], [140.406188965, 33.3242797852, 245.183181763, 116.853668213, 189.835784912, 191.526779175, 156.46144104, 235.206008911, 123.347930908, 112.682365417, 79.3797836304, 70.4885864258, 61.3825035095], [223.511535645, 104.665298462, 152.130828857, 111.575172424, 146.717956543, 104.752548218, 94.7988739014, 123.347930908, 193.433181763, 122.302055359, 70.4896621704, 56.8891677856, 41.6213264465], [201.725067139, 99.4389953613, 159.456512451, 61.4564476013, 137.614471436, 130.323547363, 118.148963928, 112.682365417, 122.302055359, 190.327758789, 88.2529983521, 56.5014305115, 55.8815574646], [75.8291397095, 60.4412651062, 157.397155762, 104.922401428, 107.389884949, 90.8482666016, 97.5456542969, 79.3797836304, 70.4896621704, 88.2529983521, 131.269012451, 73.3264541626, 36.1273002625], [118.260726929, 56.2525482178, 138.303695679, 93.9470367432, 87.6598968506, 69.1703643799, 83.5493774414, 70.4885864258, 56.8891677856, 56.5014305115, 73.3264541626, 124.063049316, 46.6194534302], [42.17162323, 20.0765380859, 109.545387268, 42.6111831665, 82.0816650391, 81.9991989136, 56.6549949646, 61.3825035095, 41.6213264465, 55.8815574646, 36.1273002625, 46.6194534302, 99.1642913818]],
