{
"lowlevel": {
    "average_loudness": 0.785649299622,
    "barkbands_crest": {
        "dmean": 3.59980154037,
        "dmean2": 5.95970058441,
        "dvar": 10.2465724945,
        "dvar2": 26.6652584076,
        "max": 26.8010158539,
        "mean": 17.2012500763,
        "median": 17.5493946075,
        "min": 2.19905734062,
        "var": 28.2269859314
    },
    "barkbands_flatness_db": {
        "dmean": 0.0574573539197,
        "dmean2": 0.0877244248986,
        "dvar": 0.00401086080819,
        "dvar2": 0.0093141309917,
        "max": 0.759103953838,
        "mean": 0.287331134081,
        "median": 0.276554346085,
        "min": 0.0158618949354,
        "var": 0.0160487983376
    },
    "barkbands_kurtosis": {
        "dmean": 48.553314209,
        "dmean2": 78.1621170044,
        "dvar": 8619.4921875,
        "dvar2": 21138.015625,
        "max": 1969.56689453,
        "mean": 70.5515823364,
        "median": 30.6528644562,
        "min": -1.87332618237,
        "var": 13820.9150391
    },
    "barkbands_skewness": {
        "dmean": 2.02575063705,
        "dmean2": 3.19656324387,
        "dvar": 5.03653669357,
        "dvar2": 12.3096752167,
        "max": 32.0879554749,
        "mean": 5.26657772064,
        "median": 4.56503295898,
        "min": -2.27132153511,
        "var": 13.3073616028
    },
    "barkbands_spread": {
        "dmean": 5.26299285889,
        "dmean2": 8.56212711334,
        "dvar": 78.3689651489,
        "dvar2": 192.240127563,
        "max": 124.381767273,
        "mean": 9.00937080383,
        "median": 3.75473427773,
        "min": 0.0257865898311,
        "var": 174.641540527
    },
    "dissonance": {
        "dmean": 0.022619927302,
        "dmean2": 0.0380882173777,
        "dvar": 0.000733559252694,
        "dvar2": 0.00201930594631,
        "max": 0.500000119209,
        "mean": 0.457047849894,
        "median": 0.46617937088,
        "min": 0.0261210948229,
        "var": 0.00137945613824
    },
    "dynamic_complexity": 4.11554527283,
    "erbbands_crest": {
        "dmean": 3.1060051918,
        "dmean2": 5.04738664627,
        "dvar": 8.35021018982,
        "dvar2": 20.3704185486,
        "max": 27.8507442474,
        "mean": 10.6335573196,
        "median": 9.92537879944,
        "min": 2.30329203606,
        "var": 23.7035751343
    },
    "erbbands_flatness_db": {
        "dmean": 0.0257277619094,
        "dmean2": 0.0380702205002,
        "dvar": 0.000954094924964,
        "dvar2": 0.00195318460464,
        "max": 0.449230313301,
        "mean": 0.157437205315,
        "median": 0.150052338839,
        "min": 0.0269344188273,
        "var": 0.00474421866238
    },
    "erbbands_kurtosis": {
        "dmean": 3.46924209595,
        "dmean2": 5.44020080566,
        "dvar": 77.0276031494,
        "dvar2": 180.549514771,
        "max": 208.484161377,
        "mean": 4.42359781265,
        "median": 0.497401952744,
        "min": -1.76454222202,
        "var": 155.273330688
    },
    "erbbands_skewness": {
        "dmean": 0.663392066956,
        "dmean2": 1.02002453804,
        "dvar": 0.632417917252,
        "dvar2": 1.46056747437,
        "max": 10.9093132019,
        "mean": 1.00907039642,
        "median": 0.713820099831,
        "min": -2.84535121918,
        "var": 2.51077747345
    },
    "erbbands_spread": {
        "dmean": 13.682718277,
        "dmean2": 21.0939502716,
        "dvar": 238.629089355,
        "dvar2": 489.979156494,
        "max": 184.555770874,
        "mean": 47.2916946411,
        "median": 43.8495788574,
        "min": 1.14519107342,
        "var": 862.39453125
    },
    "hfc": {
        "dmean": 10.3577451706,
        "dmean2": 16.7661304474,
        "dvar": 699.968078613,
        "dvar2": 1748.89978027,
        "max": 387.506652832,
        "mean": 14.3231668472,
        "median": 7.10576868057,
        "min": 1.51757230924e-05,
        "var": 740.044921875
    },
    "melbands_crest": {
        "dmean": 4.18247652054,
        "dmean2": 6.80054426193,
        "dvar": 15.7839775085,
        "dvar2": 40.7086982727,
        "max": 39.5389633179,
        "mean": 23.8337097168,
        "median": 23.1695365906,
        "min": 2.42756509781,
        "var": 48.9071006775
    },
    "melbands_flatness_db": {
        "dmean": 0.0648378059268,
        "dmean2": 0.0991193279624,
        "dvar": 0.00509456591681,
        "dvar2": 0.0119906989858,
        "max": 0.921563923359,
        "mean": 0.400816828012,
        "median": 0.391251385212,
        "min": 0.0137586696073,
        "var": 0.0209841113538
    },
    "melbands_kurtosis": {
        "dmean": 79.1921157837,
        "dmean2": 130.204101562,
        "dvar": 24227.1679688,
        "dvar2": 62219.5078125,
        "max": 4139.12109375,
        "mean": 131.724807739,
        "median": 67.970916748,
        "min": -1.65808415413,
        "var": 49499.0546875
    },
    "melbands_skewness": {
        "dmean": 2.29734587669,
        "dmean2": 3.67673778534,
        "dvar": 6.93000125885,
        "dvar2": 17.4977226257,
        "max": 50.5316467285,
        "mean": 6.96320152283,
        "median": 6.13034582138,
        "min": -0.497563272715,
        "var": 20.8419857025
    },
    "melbands_spread": {
        "dmean": 4.2911734581,
        "dmean2": 7.00938892365,
        "dvar": 89.5860748291,
        "dvar2": 215.356567383,
        "max": 218.080963135,
        "mean": 6.80568027496,
        "median": 2.25394821167,
        "min": 0.0580047257245,
        "var": 206.550628662
    },
    "pitch_salience": {
        "dmean": 0.106975831091,
        "dmean2": 0.173433884978,
        "dvar": 0.0111513482407,
        "dvar2": 0.0287006236613,
        "max": 0.941533446312,
        "mean": 0.345521986485,
        "median": 0.33162778616,
        "min": 0.0129474811256,
        "var": 0.0294382534921
    },
    "silence_rate_20dB": {
        "dmean": 0.00755871506408,
        "dmean2": 0.0151187907904,
        "dvar": 0.00750044593588,
        "dvar2": 0.0184901729226,
        "max": 1,
        "mean": 0.99415153265,
        "median": 1,
        "min": 0,
        "var": 0.00581385334954
    },
    "silence_rate_30dB": {
        "dmean": 0.125258699059,
        "dmean2": 0.250539958477,
        "dvar": 0.109578512609,
        "dvar2": 0.233472257853,
        "max": 1,
        "mean": 0.78747522831,
        "median": 1,
        "min": 0,
        "var": 0.16735740006
    },
    "silence_rate_60dB": {
        "dmean": 0.0293350126594,
        "dmean2": 0.0585853122175,
        "dvar": 0.028470011428,
        "dvar2": 0.0627014636993,
        "max": 1,
        "mean": 0.0865574926138,
        "median": 0,
        "min": 0,
        "var": 0.0790773704648
    },
    "spectral_centroid": {
        "dmean": 277.724456787,
        "dmean2": 445.780700684,
        "dvar": 164486.171875,
        "dvar2": 401630,
        "max": 4457.99853516,
        "mean": 763.92199707,
        "median": 511.680541992,
        "min": 47.7617988586,
        "var": 480141.0625
    },
    "spectral_complexity": {
        "dmean": 3.69027256966,
        "dmean2": 5.72273206711,
        "dvar": 45.8048362732,
        "dvar2": 101.302947998,
        "max": 73,
        "mean": 8.35630702972,
        "median": 6,
        "min": 0,
        "var": 81.2335739136
    },
    "spectral_decrease": {
        "dmean": 9.62922364067e-09,
        "dmean2": 1.56530148843e-08,
        "dvar": 2.06528615693e-16,
        "dvar2": 5.31527944539e-16,
        "max": -2.87966553408e-15,
        "mean": -1.78501782244e-08,
        "median": -1.39754865458e-08,
        "min": -2.33090005963e-07,
        "var": 3.19033397866e-16
    },
    "spectral_energy": {
        "dmean": 0.0369988493621,
        "dmean2": 0.0600362122059,
        "dvar": 0.00300608575344,
        "dvar2": 0.00769530795515,
        "max": 0.884799718857,
        "mean": 0.0686699301004,
        "median": 0.0537605211139,
        "min": 1.22449943518e-08,
        "var": 0.0046827364713
    },
    "spectral_energyband_high": {
        "dmean": 0.000586875772569,
        "dmean2": 0.000953545037191,
        "dvar": 3.93230038753e-06,
        "dvar2": 1.00948363979e-05,
        "max": 0.0303127672523,
        "mean": 0.000604038184974,
        "median": 5.65874215681e-05,
        "min": 5.4322202292e-10,
        "var": 3.86971123589e-06
    },
    "spectral_energyband_low": {
        "dmean": 0.0342218391597,
        "dmean2": 0.056301612407,
        "dvar": 0.0026411160361,
        "dvar2": 0.00715704169124,
        "max": 0.849414229393,
        "mean": 0.0594652332366,
        "median": 0.0440093427896,
        "min": 5.69120139904e-10,
        "var": 0.00389120681211
    },
    "spectral_energyband_middle_high": {
        "dmean": 0.00161978951655,
        "dmean2": 0.00269645708613,
        "dvar": 2.18888762902e-05,
        "dvar2": 5.58726060262e-05,
        "max": 0.0574821606278,
        "mean": 0.00199384824373,
        "median": 0.000366637308616,
        "min": 4.79240647167e-09,
        "var": 2.19999019464e-05
    },
    "spectral_energyband_middle_low": {
        "dmean": 0.00571669451892,
        "dmean2": 0.00987312756479,
        "dvar": 0.000199688161956,
        "dvar2": 0.00053994555492,
        "max": 0.16535268724,
        "mean": 0.00698789954185,
        "median": 0.00320144440047,
        "min": 6.57534116044e-09,
        "var": 0.000165319579537
    },
    "spectral_entropy": {
        "dmean": 0.357833832502,
        "dmean2": 0.533605098724,
        "dvar": 0.190141230822,
        "dvar2": 0.40285590291,
        "max": 8.91673183441,
        "mean": 6.9154586792,
        "median": 6.99324846268,
        "min": 3.87075424194,
        "var": 0.80585026741
    },
    "spectral_flux": {
        "dmean": 0.0556830391288,
        "dmean2": 0.0898253247142,
        "dvar": 0.00378405675292,
        "dvar2": 0.00804911088198,
        "max": 0.687359571457,
        "mean": 0.118869759142,
        "median": 0.09969317168,
        "min": 0.000169274935615,
        "var": 0.00808848999441
    },
    "spectral_kurtosis": {
        "dmean": 4.15612077713,
        "dmean2": 6.49416589737,
        "dvar": 92.2639083862,
        "dvar2": 193.863464355,
        "max": 282.057312012,
        "mean": 9.29117488861,
        "median": 4.6194229126,
        "min": -0.446534395218,
        "var": 281.93939209
    },
    "spectral_rms": {
        "dmean": 0.00203523901291,
        "dmean2": 0.00321343028918,
        "dvar": 4.95493168273e-06,
        "dvar2": 1.2220397366e-05,
        "max": 0.0293805934489,
        "mean": 0.0072278524749,
        "median": 0.00724218785763,
        "min": 3.45634725818e-06,
        "var": 1.47530508912e-05
    },
    "spectral_rolloff": {
        "dmean": 261.626037598,
        "dmean2": 454.480560303,
        "dvar": 817532.375,
        "dvar2": 1908786.125,
        "max": 16817.4316406,
        "mean": 429.239532471,
        "median": 107.666015625,
        "min": 43.06640625,
        "var": 1747478.625
    },
    "spectral_skewness": {
        "dmean": 0.43863478303,
        "dmean2": 0.670400381088,
        "dvar": 0.405173867941,
        "dvar2": 0.796199977398,
        "max": 14.4473867416,
        "mean": 2.09389615059,
        "median": 1.709410429,
        "min": 0.234877467155,
        "var": 1.7043223381
    },
    "spectral_spread": {
        "dmean": 767851.5625,
        "dmean2": 1124359.125,
        "dvar": 954616315904,
        "dvar2": 1.84357394842e+12,
        "max": 26443292,
        "mean": 4786802,
        "median": 4411309.5,
        "min": 382821.5625,
        "var": 4.56474702643e+12
    },
    "spectral_strongpeak": {
        "dmean": 0.220986649394,
        "dmean2": 0.368168801069,
        "dvar": 0.0622240081429,
        "dvar2": 0.166540384293,
        "max": 4.04421615601,
        "mean": 0.469638466835,
        "median": 0.387971937656,
        "min": 0,
        "var": 0.120689071715
    },
    "zerocrossingrate": {
        "dmean": 0.0077848630026,
        "dmean2": 0.00934545323253,
        "dvar": 0.000155415677,
        "dvar2": 0.000165138204466,
        "max": 0.48486328125,
        "mean": 0.0234079323709,
        "median": 0.01318359375,
        "min": 0.00146484375,
        "var": 0.0011322342325
    },
    "barkbands": {
        "dmean": [0.00331951491535, 0.0291091445833, 0.00591788627207, 0.00178382231388, 0.00315253157169, 0.000368803914171, 0.000317799276672, 0.000417622592067, 0.00045787889394, 0.000160907555255, 9.79650722002e-05, 0.000270489865215, 0.00029351314879, 0.000237642074353, 0.000130999600515, 0.000160268478794, 0.000190966602531, 0.000126629427541, 0.00013829555246, 0.00025651595206, 8.95783232409e-05, 8.03739385447e-05, 9.70615801634e-05, 5.98784099566e-05, 6.38655037619e-05, 5.74379446334e-05, 5.95460660406e-05],
        "dmean2": [0.00529362121597, 0.0481986328959, 0.0102642476559, 0.0031738888938, 0.00554411299527, 0.000627292261925, 0.000573650642764, 0.000787968572695, 0.000860150204971, 0.000272981502349, 0.000171619351022, 0.000486416305648, 0.000500620808452, 0.000429857871495, 0.000221489244723, 0.000254709797446, 0.000325641129166, 0.000213670311496, 0.000238037202507, 0.000442741205916, 0.000145361744217, 0.000121525074064, 0.00016736969701, 9.80019249255e-05, 0.000106922889245, 9.62377744145e-05, 0.000104001010186],
        "dvar": [4.94772357342e-05, 0.0020520419348, 0.000120923883514, 1.65977016877e-05, 8.50271462696e-05, 9.09089351353e-07, 5.96491588567e-07, 2.2708202323e-06, 3.29065096594e-06, 2.39238318045e-07, 8.43008862716e-08, 7.79276831508e-07, 7.30962938178e-07, 7.3457323424e-07, 1.78190148858e-07, 1.89623236224e-07, 6.1453579292e-07, 2.7538075642e-07, 1.75990180651e-07, 1.74098670414e-06, 6.06914625223e-08, 4.54324791122e-08, 1.92760197137e-07, 3.47210580287e-08, 4.64905056674e-08, 4.18291428161e-08, 4.57740121362e-08],
        "dvar2": [0.000137429786264, 0.0056574284099, 0.00032164552249, 4.54509645351e-05, 0.000242042238824, 2.18456671064e-06, 1.67820724073e-06, 6.64369645165e-06, 9.55886207521e-06, 6.30459055628e-07, 2.2854777626e-07, 2.17076012632e-06, 1.92081529349e-06, 2.08340452446e-06, 4.55649569631e-07, 4.41441528665e-07, 1.63832964972e-06, 7.30340616428e-07, 4.60496067944e-07, 4.73586396765e-06, 1.50946362965e-07, 9.69213047597e-08, 5.29941587502e-07, 9.00608796428e-08, 1.27176534193e-07, 1.1089157681e-07, 1.28439481273e-07],
        "max": [0.106345541775, 0.728395760059, 0.130772858858, 0.0581196248531, 0.12153570354, 0.0195835325867, 0.009590937756, 0.0176978614181, 0.017978258431, 0.00737119233236, 0.004594235681, 0.00820911582559, 0.0116121433675, 0.0109496070072, 0.0106716230512, 0.0086321560666, 0.0116866780445, 0.00786093994975, 0.00525007722899, 0.0190406776965, 0.00333852111362, 0.00340275885537, 0.00587350456044, 0.00288984924555, 0.00411554798484, 0.00448011932895, 0.00486850971356],
        "mean": [0.00461139995605, 0.045486908406, 0.0090092131868, 0.00174254353624, 0.00378714548424, 0.000490956765134, 0.000287994073005, 0.000312950840453, 0.000324362830725, 0.000204490541364, 9.91444685496e-05, 0.000234351842664, 0.000327652058331, 0.00023539015092, 0.000160122654052, 0.000223004783038, 0.000177354275365, 0.000134566042107, 0.00011919849203, 0.00020376892644, 9.95084337774e-05, 8.68078568601e-05, 8.23383306852e-05, 6.18212288828e-05, 6.44260435365e-05, 5.40773289686e-05, 4.84005104227e-05],
        "median": [0.00160486367531, 0.0295124202967, 0.00343027128838, 0.000555323320441, 0.000973757938482, 0.000177477602847, 7.84311705502e-05, 2.6828602131e-05, 1.63629538292e-05, 1.29586660478e-05, 9.66985408013e-06, 1.17536328617e-05, 1.6569329091e-05, 9.81973062153e-06, 1.61755051522e-05, 1.76357279997e-05, 1.70327548403e-05, 1.47887531057e-05, 1.34070132844e-05, 1.48179442476e-05, 1.43303241202e-05, 7.04009653418e-06, 4.58053636976e-06, 2.66774804913e-06, 1.95536040337e-06, 1.10006931209e-06, 5.05235789205e-07],
        "min": [1.04126767972e-11, 9.12590211732e-11, 2.49399001451e-10, 3.99220323466e-10, 1.74005543307e-09, 2.17638373989e-09, 1.07696407348e-09, 3.2871383393e-10, 5.77120469469e-11, 7.33010180332e-11, 2.52096510334e-10, 4.54772386416e-10, 4.81645945349e-10, 2.49427534182e-10, 1.32399126385e-11, 1.27043708886e-10, 6.47897235861e-10, 3.81114473313e-10, 2.18019227671e-10, 1.89370644166e-10, 1.83840526136e-10, 8.96291721397e-11, 7.58858392791e-11, 2.90160482447e-11, 3.25028129411e-11, 3.63183918703e-12, 1.59258127519e-11],
        "var": [5.6774031691e-05, 0.00290880305693, 0.000196481327293, 1.2579856957e-05, 6.68025022605e-05, 1.02662738755e-06, 4.00822329993e-07, 1.28424176182e-06, 1.86775946531e-06, 3.61625723144e-07, 1.27900420921e-07, 6.23932749022e-07, 8.27640349144e-07, 6.46831665563e-07, 2.46444159302e-07, 3.67281899116e-07, 4.87855459141e-07, 2.45323121817e-07, 1.50573868041e-07, 1.22024493976e-06, 6.90707651074e-08, 6.63099370968e-08, 1.44166833138e-07, 3.82243214858e-08, 4.59690987498e-08, 3.9452601186e-08, 3.455868125e-08]
    },
    "erbbands": {
        "dmean": [1.11684668064, 5.77132511139, 7.59532546997, 5.8634595871, 9.48003578186, 10.9255027771, 4.56125450134, 3.05131316185, 3.93248414993, 6.41061639786, 10.1722860336, 10.9137001038, 5.82734727859, 4.53119039536, 5.77654314041, 11.610537529, 12.935968399, 12.9926424026, 8.1466293335, 7.38277292252, 9.08995342255, 10.6894540787, 7.81926059723, 5.79586315155, 8.33426094055, 13.6721363068, 5.48313140869, 2.95021390915, 3.17168521881, 2.12707519531, 3.2463760376, 1.47439706326, 0.889334797859, 0.645158588886, 0.486929774284, 0.232626289129, 0.101722545922, 0.0389391481876, 0.0101319346577, 0.000762122042943],
        "dmean2": [1.83401894569, 9.59807872772, 12.9969978333, 10.2813053131, 16.853559494, 19.5895729065, 7.89343452454, 5.21484899521, 6.97044658661, 11.8395109177, 19.3113117218, 20.51512146, 10.6597423553, 7.68074083328, 10.185500145, 20.6258563995, 22.1116943359, 23.3990345001, 14.0168113708, 11.9366340637, 14.8480596542, 18.1639060974, 13.0872039795, 9.82979393005, 14.4261636734, 24.1304645538, 8.88395118713, 4.68885755539, 4.90614509583, 3.2830991745, 5.72089385986, 2.46603870392, 1.42960369587, 1.0649907589, 0.824682891369, 0.392285704613, 0.169795170426, 0.0659144446254, 0.0177896600217, 0.00133432738949],
        "dvar": [3.27590298653, 81.4126968384, 158.647659302, 158.218978882, 604.92376709, 1197.18444824, 118.506835938, 59.2694358826, 75.8051757812, 369.924102783, 1509.76293945, 1876.59033203, 399.647033691, 170.64881897, 338.9609375, 1273.86108398, 1397.48583984, 2139.00415039, 685.567199707, 538.153503418, 643.165283203, 2131.67944336, 1132.90270996, 297.2940979, 844.069274902, 5854.640625, 346.026123047, 54.0019302368, 76.3197402954, 46.4632492065, 252.42477417, 22.536283493, 6.44771099091, 4.23677158356, 3.18341135979, 0.743597447872, 0.115787431598, 0.0199554581195, 0.00152040144894, 6.30664908385e-06],
        "dvar2": [8.80420207977, 225.511749268, 416.335571289, 429.074920654, 1684.45666504, 3436.66674805, 314.999847412, 148.798797607, 206.222488403, 1071.54333496, 4414.46240234, 5453.62646484, 1139.59033203, 445.372344971, 936.713989258, 3550.47705078, 3690.59350586, 6094.43994141, 1810.28759766, 1323.17004395, 1595.93286133, 5692.13476562, 3005.95898438, 774.902709961, 2185.26733398, 16400.2460938, 871.891540527, 126.105529785, 170.136444092, 108.386054993, 705.845825195, 58.8095359802, 16.4802627563, 11.4278907776, 8.80763816833, 2.02425050735, 0.297869741917, 0.0540995597839, 0.00426479522139, 1.7712749468e-05],
        "max": [30.879989624, 125.875656128, 180.803543091, 142.684356689, 306.384674072, 464.531951904, 150.557800293, 138.735946655, 95.2109603882, 208.485412598, 430.316009521, 424.567810059, 190.701919556, 211.238388062, 230.615219116, 322.463195801, 555.358764648, 638.051513672, 603.42010498, 412.264556885, 354.266601562, 706.21270752, 516.965942383, 276.45791626, 393.210205078, 1081.32177734, 263.850402832, 107.091781616, 137.835800171, 99.6202697754, 209.559875488, 70.0166244507, 39.8352813721, 31.8579959869, 37.6921920776, 20.4523563385, 6.3433880806, 3.47168564796, 0.963679730892, 0.0499798469245],
        "mean": [1.61665308475, 8.84966468811, 12.6313457489, 7.51213979721, 10.9932317734, 12.0751094818, 5.61427736282, 3.91518712044, 4.01358890533, 5.28070926666, 7.29175806046, 7.78545713425, 5.13771057129, 6.32015657425, 5.88591623306, 11.344168663, 15.0744953156, 13.3000354767, 9.29936122894, 9.69413471222, 11.0167064667, 9.90483474731, 8.36938095093, 5.77974700928, 6.69025039673, 10.4551954269, 5.6480178833, 3.29147148132, 3.38828873634, 2.18050432205, 2.6258058548, 1.42737054825, 0.981706082821, 0.673463225365, 0.470066577196, 0.222167462111, 0.0960018336773, 0.0353373475373, 0.00816980097443, 0.000640777114313],
        "median": [0.963070213795, 4.78158760071, 5.96610784531, 3.55211877823, 2.46956062317, 3.0735809803, 1.84686756134, 1.34584903717, 1.38254022598, 1.11559200287, 0.770791172981, 0.484616041183, 0.454768657684, 0.538193583488, 0.73570472002, 1.05843496323, 1.31967425346, 0.985430955887, 1.08611214161, 1.36782467365, 1.31114816666, 1.10780858994, 0.963305592537, 0.965776443481, 0.583336830139, 0.719301998615, 0.769247710705, 0.396492183208, 0.273257791996, 0.180856466293, 0.128186762333, 0.0713110417128, 0.0374127700925, 0.0243006777018, 0.0121362153441, 0.00509870238602, 0.00185449793935, 0.000508615165018, 0.000114363043394, 7.99954141257e-05],
        "min": [1.73551206739e-09, 2.67988209401e-08, 2.24307100893e-07, 1.11725773877e-06, 1.5129833173e-06, 6.4793916863e-06, 1.49420520756e-05, 1.81039486051e-05, 1.68382684933e-05, 1.23501777125e-05, 5.24053575646e-06, 1.45581350353e-06, 1.30790590447e-06, 5.49756532564e-06, 1.34689262268e-05, 1.91225153685e-05, 2.38948759943e-05, 1.06255347418e-05, 9.80302411335e-06, 5.20184312336e-06, 5.54294001631e-06, 3.61743623216e-05, 1.94567874132e-05, 1.94867589016e-05, 6.33460786048e-06, 1.10819655674e-05, 4.87228680868e-06, 8.55995403981e-06, 2.69505380857e-06, 3.23108542943e-06, 2.33923333326e-06, 5.74029286327e-07, 5.81176891501e-07, 5.05228399561e-07, 1.22335919173e-07, 2.66859956355e-08, 5.53135981463e-09, 4.22668433586e-09, 2.36423014499e-09, 2.67635136275e-10],
        "var": [3.94419527054, 130.626037598, 309.524841309, 141.376464844, 557.759155273, 829.081726074, 113.710678101, 67.7603225708, 59.1169471741, 219.427810669, 846.180114746, 1066.51013184, 269.432861328, 331.235046387, 414.549316406, 1062.58398438, 1600.96936035, 1882.51623535, 805.033569336, 716.83013916, 774.224731445, 1664.47021484, 1007.40118408, 285.619842529, 678.307800293, 3777.75024414, 334.707092285, 69.8562545776, 102.040962219, 55.4440917969, 175.860397339, 22.453704834, 8.36186790466, 4.60079431534, 2.81980705261, 0.659508943558, 0.120974674821, 0.0176239125431, 0.00110664963722, 4.68724829261e-06]
    },
    "gfcc": {
        "mean": [-83.3841247559, 108.818626404, -61.7285079956, 53.1615905762, -20.9364757538, 16.2689666748, -17.1914405823, 2.17719125748, -10.2505893707, 4.78672361374, -7.00318431854, -1.06223583221, -6.01967906952],
        "cov": [[14368.4150391, -3178.53369141, -1655.0378418, -105.863327026, -266.723297119, 574.576171875, -646.421447754, 24.4015293121, -708.44317627, 137.188583374, -436.018676758, 154.043029785, -299.211090088], [-3178.53369141, 2211.89770508, 272.325958252, 75.9699325562, 221.076416016, -340.083557129, 252.970687866, -157.623565674, 256.285858154, -139.962432861, 150.365356445, -117.968864441, 154.137680054], [-1655.0378418, 272.325958252, 1618.40625, 12.9432621002, 123.692756653, -10.4145898819, 94.0585861206, 24.4618663788, 14.8596439362, -50.5097351074, 24.8266620636, -5.82229804993, 33.9255867004], [-105.863327026, 75.9699325562, 12.9432621002, 442.811065674, 81.1809310913, -2.2003057003, 26.4913311005, -23.488653183, 72.9334793091, 15.933716774, 22.0012817383, -23.0749320984, 26.2003879547], [-266.723297119, 221.076416016, 123.692756653, 81.1809310913, 310.448669434, 55.0007019043, 99.4633789062, 2.37837100029, 104.052177429, 44.4844169617, 39.4502334595, -7.66970062256, 26.2486019135], [574.576171875, -340.083557129, -10.4145898819, -2.2003057003, 55.0007019043, 250.615905762, 20.651971817, 57.1938209534, -32.7132949829, 43.7065582275, 7.11718416214, 54.2729187012, 14.3199157715], [-646.421447754, 252.970687866, 94.0585861206, 26.4913311005, 99.4633789062, 20.651971817, 211.156997681, 43.8371772766, 96.6768875122, 0.295283347368, 51.7746276855, -3.61491441727, 34.7820854187], [24.4015293121, -157.623565674, 24.4618663788, -23.488653183, 2.37837100029, 57.1938209534, 43.8371772766, 139.346862793, 45.737827301, 32.2153511047, 14.5995864868, 14.6398839951, -5.17109632492], [-708.44317627, 256.285858154, 14.8596439362, 72.9334793091, 104.052177429, -32.7132949829, 96.6768875122, 45.737827301, 194.077163696, 52.5243988037, 47.1478424072, -36.3718261719, 19.4680957794], [137.188583374, -139.962432861, -50.5097351074, 15.933716774, 44.4844169617, 43.7065582275, 0.295283347368, 32.2153511047, 52.5243988037, 110.721809387, 17.1104850769, 6.27613019943, -11.6210422516], [-436.018676758, 150.365356445, 24.8266620636, 22.0012817383, 39.4502334595, 7.11718416214, 51.7746276855, 14.5995864868, 47.1478424072, 17.1104850769, 94.6479110718, 25.161649704, 31.5418663025], [154.043029785, -117.968864441, -5.82229804993, -23.0749320984, -7.66970062256, 54.2729187012, -3.61491441727, 14.6398839951, -36.3718261719, 6.27613019943, 25.161649704, 96.8652572632, 34.5514221191], [-299.211090088, 154.137680054, 33.9255867004, 26.2003879547, 26.2486019135, 14.3199157715, 34.7820854187, -5.17109632492, 19.4680957794, -11.6210422516, 31.5418663025, 34.5514221191, 85.233833313]],
        "icov": [[0.000140455682413, 9.85123915598e-05, 0.000120991142467, -4.59616094304e-05, -0.000157739283168, -9.53117050813e-05, 0.000107199026388, -5.48103598703e-05, 0.000343263236573, -6.68791908538e-05, 0.00030613495619, -4.08883097407e-05, 0.000114168207801], [9.85123915598e-05, 0.00141638144851, 4.27070990554e-05, 0.000309999799356, -0.000669541303068, 0.00112022960093, -0.00054247060325, 0.00119912903756, -0.000759154325351, 0.00141532160342, -0.00122492667288, 0.00132175616454, -0.00173189456109], [0.000120991142467, 4.27070990554e-05, 0.0007792157121, -4.83434087073e-05, -0.000475930457469, 3.63120016118e-05, -5.51990124222e-05, -0.0003964464413, 0.000629681453574, 0.000218096363824, 0.000222706628847, 7.14466368663e-05, -3.43123756466e-05], [-4.59616094304e-05, 0.000309999799356, -4.83434087073e-05, 0.00267147575505, -0.000403143203584, 1.50670975927e-05, 0.00012736354256, 0.00103756901808, -0.00133664545137, 0.000455542554846, -0.00065513694426, 0.000945985026192, -0.00116493622772], [-0.000157739283168, -0.000669541303068, -0.000475930457469, -0.000403143203584, 0.0055104852654, -0.00202830904163, -0.00122606486548, 0.00158618215937, -0.00236238748766, -0.00149200391024, 0.000187552010175, -0.000480883405544, 0.000672444526572], [-9.53117050813e-05, 0.00112022960093, 3.63120016118e-05, 1.50670975927e-05, -0.00202830904163, 0.00756055116653, -0.00157288380433, -0.0017573479563, 0.00249432236888, -0.0014402535744, -0.000755546672735, -0.000444665784016, -0.00279609370045], [0.000107199026388, -0.00054247060325, -5.51990124222e-05, 0.00012736354256, -0.00122606486548, -0.00157288380433, 0.00839798245579, -0.00213548447937, -0.002474156674, 0.00222309306264, -0.00139690563083, -3.08427952405e-05, -0.000176944406121], [-5.48103598703e-05, 0.00119912903756, -0.0003964464413, 0.00103756901808, 0.00158618215937, -0.0017573479563, -0.00213548447937, 0.0120068229735, -0.00530952494591, 0.000673072878271, -0.00102264026646, -0.00115423440002, 0.0010354310507], [0.000343263236573, -0.000759154325351, 0.000629681453574, -0.00133664545137, -0.00236238748766, 0.00249432236888, -0.002474156674, -0.00530952494591, 0.015205279924, -0.00695399893448, -0.00089077022858, 0.00455149961635, -0.00220244564116], [-6.68791908538e-05, 0.00141532160342, 0.000218096363824, 0.000455542554846, -0.00149200391024, -0.0014402535744, 0.00222309306264, 0.000673072878271, -0.00695399893448, 0.0159769859165, -0.00319539243355, -0.000962705118582, 0.0021534410771], [0.00030613495619, -0.00122492667288, 0.000222706628847, -0.00065513694426, 0.000187552010175, -0.000755546672735, -0.00139690563083, -0.00102264026646, -0.00089077022858, -0.00319539243355, 0.0176797099411, -0.00620014406741, -0.000281674932921], [-4.08883097407e-05, 0.00132175616454, 7.14466368663e-05, 0.000945985026192, -0.000480883405544, -0.000444665784016, -3.08427952405e-05, -0.00115423440002, 0.00455149961635, -0.000962705118582, -0.00620014406741, 0.0193501636386, -0.00940811540931], [0.000114168207801, -0.00173189456109, -3.43123756466e-05, -0.00116493622772, 0.000672444526572, -0.00279609370045, -0.000176944406121, 0.0010354310507, -0.00220244564116, 0.0021534410771, -0.000281674932921, -0.00940811540931, 0.0207493342459]]
    },
    "melbands": {
        "dmean": [0.00880856160074, 0.00502015929669, 0.00109647552017, 0.000784956617281, 0.000214521991438, 6.69386572554e-05, 6.20574865025e-05, 7.40191680961e-05, 8.52107259561e-05, 6.6130203777e-05, 2.80320382444e-05, 1.87197292689e-05, 1.54911795107e-05, 2.86617887468e-05, 3.58935612894e-05, 2.42098085437e-05, 2.48691776505e-05, 1.37933811857e-05, 9.2187365226e-06, 1.16831160994e-05, 1.08018593892e-05, 1.23171084851e-05, 8.03136754257e-06, 5.51501989321e-06, 4.56673842564e-06, 5.85608313486e-06, 7.80999289418e-06, 9.11271217774e-06, 3.50709751729e-06, 2.27295049626e-06, 1.57480735652e-06, 2.06075355891e-06, 1.21348830362e-06, 1.13790645173e-06, 2.40115628003e-06, 8.78935054516e-07, 9.41732309911e-07, 6.84574729348e-07, 5.07796869442e-07, 5.80708558573e-07],
        "dmean2": [0.0145469401032, 0.00841820426285, 0.00191629200708, 0.00138634431642, 0.000376587035134, 0.000114145899715, 0.000110468667117, 0.000137469003676, 0.000161963398568, 0.000124055848573, 5.08182638441e-05, 3.13795935654e-05, 2.7565532946e-05, 5.10341051267e-05, 6.09206472291e-05, 4.28326711699e-05, 4.48645696451e-05, 2.40496719925e-05, 1.54767731146e-05, 1.86247252714e-05, 1.80264814844e-05, 2.1307329007e-05, 1.29873087644e-05, 9.41086273087e-06, 7.76885190135e-06, 1.02544117908e-05, 1.35652599056e-05, 1.60987492563e-05, 5.65175196243e-06, 3.73127340936e-06, 2.4928961011e-06, 3.28584155795e-06, 1.84505347534e-06, 1.83586257663e-06, 4.30065529144e-06, 1.45284775499e-06, 1.58027114594e-06, 1.107465323e-06, 8.23984066756e-07, 9.74976614998e-07],
        "dvar": [0.000202413211809, 5.29242570337e-05, 5.1032434385e-06, 5.33570619154e-06, 3.1369285125e-07, 2.80777872064e-08, 1.9594203593e-08, 5.38606279576e-08, 1.10459879465e-07, 6.78460878589e-08, 8.83377992977e-09, 3.0817304264e-09, 2.28213870024e-09, 8.99100438545e-09, 1.07513304926e-08, 5.71616665113e-09, 8.10910005811e-09, 2.15975881623e-09, 9.84822223771e-10, 1.45470291368e-09, 1.04975905746e-09, 3.14076920027e-09, 9.94207716154e-10, 4.83568241005e-10, 1.82452955522e-10, 3.53721912871e-10, 1.32840527467e-09, 2.63618482599e-09, 1.2440681818e-10, 4.11960222879e-11, 1.42226178751e-11, 3.63694595273e-11, 1.00046039161e-11, 1.73033757461e-11, 1.69017161378e-10, 5.7743532178e-12, 1.07831781698e-11, 4.29253637843e-12, 1.84505340693e-12, 4.29006136171e-12],
        "dvar2": [0.000552800658625, 0.000141679847729, 1.37165243359e-05, 1.51755639308e-05, 8.7042388941e-07, 6.90399133418e-08, 5.37373949783e-08, 1.56668690465e-07, 3.23027052218e-07, 1.96821730469e-07, 2.50557867787e-08, 7.80897480013e-09, 6.36543617816e-09, 2.46192364273e-08, 2.80364389482e-08, 1.58879256418e-08, 2.2911178732e-08, 5.82416692652e-09, 2.5809272497e-09, 3.38525785182e-09, 2.65058552884e-09, 8.51941361901e-09, 2.49097409366e-09, 1.31470567766e-09, 4.78440898011e-10, 9.4223329139e-10, 3.50366469171e-09, 7.42230943374e-09, 3.00213409687e-10, 1.05356730284e-10, 3.24581646283e-11, 8.58881576971e-11, 2.06596389302e-11, 4.3875864747e-11, 4.78772521628e-10, 1.46508881416e-11, 2.85808494926e-11, 1.10882292931e-11, 4.72500077259e-12, 1.18098265542e-11],
        "max": [0.241908401251, 0.130645379424, 0.0261001121253, 0.0300102680922, 0.00760240806267, 0.00289280805737, 0.00162155157886, 0.00236750091426, 0.00342732528225, 0.00258177984506, 0.000903573702089, 0.00101066695061, 0.000609647482634, 0.00113082269672, 0.00150815723464, 0.000752829306293, 0.00139922485687, 0.000904905260541, 0.000747194455471, 0.00089099566685, 0.000456420500996, 0.000855796330143, 0.000523802067619, 0.000327580462908, 0.000245124450885, 0.000234389241086, 0.00053258461412, 0.000703227065969, 0.000159621136845, 8.61043081386e-05, 5.3190629842e-05, 9.22532126424e-05, 4.55253684777e-05, 6.02013024036e-05, 0.000165624645888, 3.51943344867e-05, 4.70554732601e-05, 3.11277872242e-05, 2.46281906584e-05, 3.00917981804e-05],
        "mean": [0.0136246457696, 0.00853633601218, 0.00142140768003, 0.000921737577301, 0.000250869750744, 8.74788238434e-05, 6.18738413323e-05, 5.95627825533e-05, 6.01103238296e-05, 4.73383697681e-05, 2.54668320849e-05, 2.67957075266e-05, 1.50773030327e-05, 2.62722242041e-05, 3.89101078326e-05, 2.47100215347e-05, 2.57610754488e-05, 1.45965068441e-05, 1.07500363811e-05, 1.7403426682e-05, 1.1458751942e-05, 1.04519285742e-05, 8.77681304701e-06, 6.05579361945e-06, 4.41280053565e-06, 4.7215644372e-06, 5.72618637307e-06, 7.15922169547e-06, 3.61905472346e-06, 2.50910125033e-06, 1.72475995441e-06, 2.09912445825e-06, 1.38584675824e-06, 1.09686106953e-06, 1.82736619081e-06, 8.68487120442e-07, 8.84678286184e-07, 7.11670622877e-07, 5.92593551119e-07, 5.68029577153e-07],
        "median": [0.00882695615292, 0.00501217599958, 0.000631104339845, 0.00021748591098, 8.37297702674e-05, 3.03945198539e-05, 1.97621084226e-05, 1.08952845039e-05, 5.10451081936e-06, 2.53458756561e-06, 1.90103526165e-06, 1.66037068539e-06, 1.60467345722e-06, 1.65307801581e-06, 2.38829215959e-06, 1.55731083851e-06, 9.19337594496e-07, 1.3686303646e-06, 1.16112482829e-06, 1.34608399094e-06, 1.13126145607e-06, 9.28345571083e-07, 8.29986220197e-07, 6.65851644044e-07, 6.51293476039e-07, 4.19659784257e-07, 2.86419464146e-07, 4.87587954012e-07, 5.20702144513e-07, 2.9602361451e-07, 1.92433788015e-07, 1.56141368279e-07, 1.1219609064e-07, 8.36578522012e-08, 7.26515452243e-08, 5.41287228373e-08, 3.53945033282e-08, 2.50763889653e-08, 2.13836486296e-08, 1.95554079596e-08],
        "min": [2.05546656085e-11, 8.83817879993e-11, 2.30345104102e-10, 2.33506575187e-10, 5.15390841116e-10, 4.08706041233e-10, 2.49614884318e-10, 1.21280277487e-10, 3.42059158775e-11, 7.63605324805e-12, 6.18348211176e-12, 1.99469035039e-11, 3.9506911631e-11, 5.14706194332e-11, 5.41101365104e-11, 2.60141908015e-11, 2.3796117854e-11, 1.47382887145e-11, 1.98883943169e-12, 1.0612568116e-11, 2.7946100295e-12, 4.01076741263e-11, 1.42938681724e-11, 1.97388095452e-11, 1.61380769859e-11, 5.21644533125e-12, 4.60014014728e-12, 8.01206670453e-12, 1.94815235992e-12, 4.81941830194e-12, 4.55107045799e-12, 1.08281124952e-12, 2.25116453256e-12, 1.55536738003e-12, 1.77613544532e-12, 3.89788949815e-13, 3.20901047705e-13, 4.5178208505e-13, 4.417636504e-13, 3.87195104538e-13],
        "var": [0.000262152112555, 0.000101489044027, 4.75670958622e-06, 4.18559420723e-06, 2.5758515676e-07, 3.2694842389e-08, 1.47401797435e-08, 3.13445625011e-08, 6.16222308736e-08, 3.90825967145e-08, 6.31343377577e-09, 6.67504096441e-09, 2.77745715316e-09, 8.06144040411e-09, 1.17691829615e-08, 4.8393569152e-09, 7.93795607024e-09, 2.20433160614e-09, 1.12307929623e-09, 3.02441449662e-09, 1.03181785338e-09, 2.29450769496e-09, 9.8268415627e-10, 4.35839503377e-10, 1.81797771281e-10, 2.74430339564e-10, 9.73322533682e-10, 1.69412206485e-09, 1.28951516132e-10, 4.52410921226e-11, 1.934999036e-11, 4.25536134108e-11, 1.64827075599e-11, 1.68068198247e-11, 1.10064103664e-10, 6.45482061898e-12, 9.99936591861e-12, 4.9207109741e-12, 2.79787065911e-12, 3.9268271794e-12]
    },
    "mfcc": {
        "mean": [-745.756652832, 137.630279541, 33.8340454102, 52.2388877869, 25.800901413, 26.233247757, 11.2552194595, 8.33944416046, 7.61314058304, 6.04567432404, 4.57128620148, 8.32058238983, 4.12066602707],
        "cov": [[13591.1191406, -2157.15258789, -1939.99914551, -490.964172363, -290.105499268, 113.045387268, -79.1256637573, -138.453475952, -248.972244263, -213.765975952, -271.678222656, -5.34144830704, -149.141235352], [-2157.15258789, 1666.82421875, 299.931335449, 228.361068726, 47.3613052368, -3.77660346031, -13.2943763733, 10.225903511, 27.8261184692, 9.22348499298, 0.954278111458, -50.5316390991, 4.65655422211], [-1939.99914551, 299.931335449, 1071.47070312, 93.2176361084, 144.04675293, -0.720874190331, 103.116897583, 47.7036857605, 21.7275676727, 34.4422111511, 33.6215705872, -67.4056396484, -13.1877737045], [-490.964172363, 228.361068726, 93.2176361084, 450.704681396, 77.7808685303, 86.1056365967, -25.5930557251, 9.31762886047, 43.9924926758, 14.212436676, 35.8035087585, 45.4227600098, 16.6074104309], [-290.105499268, 47.3613052368, 144.04675293, 77.7808685303, 211.711151123, 82.1291656494, 33.4374198914, 15.0934705734, 36.357585907, 14.0692529678, 20.3915710449, 26.8051300049, 16.1836414337], [113.045387268, -3.77660346031, -0.720874190331, 86.1056365967, 82.1291656494, 179.958679199, 51.1285896301, 16.7900524139, 36.3028831482, -2.92478251457, 13.2711982727, 31.2388591766, 12.4154062271], [-79.1256637573, -13.2943763733, 103.116897583, -25.5930557251, 33.4374198914, 51.1285896301, 131.311477661, 56.8942680359, 14.4566888809, 4.92712163925, 9.53617477417, 4.10342073441, 7.04372549057], [-138.453475952, 10.225903511, 47.7036857605, 9.31762886047, 15.0934705734, 16.7900524139, 56.8942680359, 114.526054382, 42.0851783752, 12.7788515091, 20.0803508759, 12.984413147, 13.1252040863], [-248.972244263, 27.8261184692, 21.7275676727, 43.9924926758, 36.357585907, 36.3028831482, 14.4566888809, 42.0851783752, 117.708335876, 53.6146965027, 41.8052520752, 38.8618774414, 12.4102287292], [-213.765975952, 9.22348499298, 34.4422111511, 14.212436676, 14.0692529678, -2.92478251457, 4.92712163925, 12.7788515091, 53.6146965027, 116.987106323, 67.1695404053, 21.900144577, 10.9281187057], [-271.678222656, 0.954278111458, 33.6215705872, 35.8035087585, 20.3915710449, 13.2711982727, 9.53617477417, 20.0803508759, 41.8052520752, 67.1695404053, 99.8223724365, 46.6131668091, 10.3322849274], [-5.34144830704, -50.5316390991, -67.4056396484, 45.4227600098, 26.8051300049, 31.2388591766, 4.10342073441, 12.984413147, 38.8618774414, 21.900144577, 46.6131668091, 94.7243118286, 31.0908565521], [-149.141235352, 4.65655422211, -13.1877737045, 16.6074104309, 16.1836414337, 12.4154062271, 7.04372549057, 13.1252040863, 12.4102287292, 10.9281187057, 10.3322849274, 31.0908565521, 72.8506317139]],
