{
"lowlevel": {
    "average_loudness": 0.227353841066,
    "barkbands_crest": {
        "dmean": 2.91937828064,
        "dmean2": 4.9287314415,
        "dvar": 5.59522867203,
        "dvar2": 15.5774173737,
        "max": 24.7893676758,
        "mean": 11.7218618393,
        "median": 11.3071746826,
        "min": 2.95973920822,
        "var": 12.1880455017
    },
    "barkbands_flatness_db": {
        "dmean": 0.030253559351,
        "dmean2": 0.0493618734181,
        "dvar": 0.000768526515458,
        "dvar2": 0.00199503474869,
        "max": 0.570887565613,
        "mean": 0.234953448176,
        "median": 0.228405669332,
        "min": 0.027411930263,
        "var": 0.00719842594117
    },
    "barkbands_kurtosis": {
        "dmean": 10.666639328,
        "dmean2": 17.5274581909,
        "dvar": 212.474243164,
        "dvar2": 555.933776855,
        "max": 369.084014893,
        "mean": 19.0531997681,
        "median": 13.3440876007,
        "min": -1.89967751503,
        "var": 450.71395874
    },
    "barkbands_skewness": {
        "dmean": 0.955514669418,
        "dmean2": 1.56624662876,
        "dvar": 0.853600084782,
        "dvar2": 2.26023197174,
        "max": 17.3886585236,
        "mean": 3.20961499214,
        "median": 3.06051039696,
        "min": -3.63208317757,
        "var": 2.92502045631
    },
    "barkbands_spread": {
        "dmean": 4.27222585678,
        "dmean2": 7.05377531052,
        "dvar": 35.9620056152,
        "dvar2": 90.0049285889,
        "max": 100.100463867,
        "mean": 10.7382659912,
        "median": 6.68910121918,
        "min": 0.407588481903,
        "var": 127.991020203
    },
    "dissonance": {
        "dmean": 0.0167510118335,
        "dmean2": 0.028756454587,
        "dvar": 0.000456520763692,
        "dvar2": 0.00132829556242,
        "max": 0.500000059605,
        "mean": 0.469755470753,
        "median": 0.478599578142,
        "min": 0.170621022582,
        "var": 0.00106337922625
    },
    "dynamic_complexity": 9.60423946381,
    "erbbands_crest": {
        "dmean": 2.81031799316,
        "dmean2": 4.71548652649,
        "dvar": 6.70098018646,
        "dvar2": 18.1850013733,
        "max": 33.3753356934,
        "mean": 8.96584892273,
        "median": 8.07651805878,
        "min": 1.85484409332,
        "var": 17.0904464722
    },
    "erbbands_flatness_db": {
        "dmean": 0.0174175854772,
        "dmean2": 0.0281908195466,
        "dvar": 0.000246467243414,
        "dvar2": 0.000635272474028,
        "max": 0.391269862652,
        "mean": 0.176701843739,
        "median": 0.176809161901,
        "min": 0.0304038003087,
        "var": 0.00278532505035
    },
    "erbbands_kurtosis": {
        "dmean": 1.60002994537,
        "dmean2": 2.69628429413,
        "dvar": 7.22897720337,
        "dvar2": 19.9904537201,
        "max": 44.1133613586,
        "mean": 1.17807102203,
        "median": -0.542672634125,
        "min": -1.87869715691,
        "var": 16.7589969635
    },
    "erbbands_skewness": {
        "dmean": 0.522986471653,
        "dmean2": 0.844074606895,
        "dvar": 0.23909932375,
        "dvar2": 0.614260673523,
        "max": 5.76422166824,
        "mean": 0.505602538586,
        "median": 0.403707951307,
        "min": -5.87331581116,
        "var": 1.48288846016
    },
    "erbbands_spread": {
        "dmean": 9.31062889099,
        "dmean2": 15.3717832565,
        "dvar": 83.036239624,
        "dvar2": 214.680023193,
        "max": 123.610191345,
        "mean": 47.2483139038,
        "median": 47.4493675232,
        "min": 2.63428401947,
        "var": 479.486724854
    },
    "hfc": {
        "dmean": 2.81799793243,
        "dmean2": 4.27657842636,
        "dvar": 51.6964569092,
        "dvar2": 109.615493774,
        "max": 151.566482544,
        "mean": 6.93643140793,
        "median": 1.60830748081,
        "min": 1.23229476601e-16,
        "var": 166.367034912
    },
    "melbands_crest": {
        "dmean": 3.74758291245,
        "dmean2": 6.35083913803,
        "dvar": 8.90142059326,
        "dvar2": 25.2093791962,
        "max": 34.8804702759,
        "mean": 17.5122070312,
        "median": 17.3092918396,
        "min": 1.68791627884,
        "var": 20.7589874268
    },
    "melbands_flatness_db": {
        "dmean": 0.0368446856737,
        "dmean2": 0.0602345056832,
        "dvar": 0.00110246078111,
        "dvar2": 0.00287369219586,
        "max": 0.736640632153,
        "mean": 0.335416644812,
        "median": 0.328867316246,
        "min": 0.00280470075086,
        "var": 0.0110659776255
    },
    "melbands_kurtosis": {
        "dmean": 24.8887329102,
        "dmean2": 40.8765792847,
        "dvar": 992.122070312,
        "dvar2": 2569.68237305,
        "max": 782.186401367,
        "mean": 50.8815345764,
        "median": 38.268245697,
        "min": -1.90549921989,
        "var": 2228.75927734
    },
    "melbands_skewness": {
        "dmean": 1.28776800632,
        "dmean2": 2.11949586868,
        "dvar": 1.49789714813,
        "dvar2": 3.90847063065,
        "max": 20.4837360382,
        "mean": 5.14615011215,
        "median": 4.93932533264,
        "min": -1.91797959805,
        "var": 5.41210031509
    },
    "melbands_spread": {
        "dmean": 3.98396515846,
        "dmean2": 6.65158653259,
        "dvar": 50.3311309814,
        "dvar2": 134.186309814,
        "max": 182.655334473,
        "mean": 9.57638454437,
        "median": 4.40732097626,
        "min": 0.377284407616,
        "var": 302.245147705
    },
    "pitch_salience": {
        "dmean": 0.095321983099,
        "dmean2": 0.160398676991,
        "dvar": 0.00644776970148,
        "dvar2": 0.0173704456538,
        "max": 0.841826438904,
        "mean": 0.544601857662,
        "median": 0.562301695347,
        "min": 0.122897312045,
        "var": 0.0135227385908
    },
    "silence_rate_20dB": {
        "dmean": 0.00286995526403,
        "dmean2": 0.00574042508379,
        "dvar": 0.00286128395237,
        "dvar2": 0.00839664135128,
        "max": 1,
        "mean": 0.998116731644,
        "median": 1,
        "min": 0,
        "var": 0.00187988148537
    },
    "silence_rate_30dB": {
        "dmean": 0.0347982048988,
        "dmean2": 0.0696026533842,
        "dvar": 0.0335936285555,
        "dvar2": 0.0737124532461,
        "max": 1,
        "mean": 0.935342133045,
        "median": 1,
        "min": 0,
        "var": 0.0604581423104
    },
    "silence_rate_60dB": {
        "dmean": 0.0414349772036,
        "dmean2": 0.0828773900867,
        "dvar": 0.0397160723805,
        "dvar2": 0.0876789838076,
        "max": 1,
        "mean": 0.3713568151,
        "median": 0,
        "min": 0,
        "var": 0.233451709151
    },
    "spectral_centroid": {
        "dmean": 225.379928589,
        "dmean2": 365.751861572,
        "dvar": 84646.0234375,
        "dvar2": 197196.296875,
        "max": 11088.4365234,
        "mean": 805.032531738,
        "median": 570.939819336,
        "min": 117.156051636,
        "var": 496341.96875
    },
    "spectral_complexity": {
        "dmean": 2.36843037605,
        "dmean2": 3.71279931068,
        "dvar": 14.9845628738,
        "dvar2": 29.2272872925,
        "max": 58,
        "mean": 8.28419017792,
        "median": 4,
        "min": 0,
        "var": 102.887260437
    },
    "spectral_decrease": {
        "dmean": 3.71118646925e-09,
        "dmean2": 6.03378724762e-09,
        "dvar": 9.31178060502e-17,
        "dvar2": 2.32480183184e-16,
        "max": 2.94033528966e-18,
        "mean": -6.81574574557e-09,
        "median": -1.83507153917e-09,
        "min": -1.40471158261e-07,
        "var": 1.7486039637e-16
    },
    "spectral_energy": {
        "dmean": 0.0142184188589,
        "dmean2": 0.0230851918459,
        "dvar": 0.00136454275344,
        "dvar2": 0.00339777534828,
        "max": 0.539488375187,
        "mean": 0.0263532903045,
        "median": 0.0071335984394,
        "min": 1.07716315628e-20,
        "var": 0.00259428727441
    },
    "spectral_energyband_high": {
        "dmean": 9.66121297097e-05,
        "dmean2": 0.000140216696309,
        "dvar": 1.09355461575e-07,
        "dvar2": 2.15492349298e-07,
        "max": 0.00895382836461,
        "mean": 0.000238644206547,
        "median": 1.15938573799e-05,
        "min": 8.02895349094e-21,
        "var": 4.21846749532e-07
    },
    "spectral_energyband_low": {
        "dmean": 0.0126108322293,
        "dmean2": 0.0207941029221,
        "dvar": 0.00114232697524,
        "dvar2": 0.00291717145592,
        "max": 0.504099845886,
        "mean": 0.019353710115,
        "median": 0.00454964349046,
        "min": 1.48411257776e-23,
        "var": 0.00171848060563
    },
    "spectral_energyband_middle_high": {
        "dmean": 0.000474528322229,
        "dmean2": 0.000731238338631,
        "dvar": 1.96988412426e-06,
        "dvar2": 4.52988433608e-06,
        "max": 0.0464190766215,
        "mean": 0.00105989619624,
        "median": 0.000177475623786,
        "min": 1.46712578345e-21,
        "var": 4.93924108014e-06
    },
    "spectral_energyband_middle_low": {
        "dmean": 0.00478166993707,
        "dmean2": 0.00799948442727,
        "dvar": 0.00010382929031,
        "dvar2": 0.000274581834674,
        "max": 0.180336117744,
        "mean": 0.00816165097058,
        "median": 0.00204152800143,
        "min": 2.83190891824e-22,
        "var": 0.000219570982154
    },
    "spectral_entropy": {
        "dmean": 0.2241166085,
        "dmean2": 0.360648334026,
        "dvar": 0.0430937409401,
        "dvar2": 0.110884711146,
        "max": 9.79147148132,
        "mean": 7.03414916992,
        "median": 7.13285398483,
        "min": 4.6498374939,
        "var": 0.425011843443
    },
    "spectral_flux": {
        "dmean": 0.026559215039,
        "dmean2": 0.0431464500725,
        "dvar": 0.00205868692137,
        "dvar2": 0.00485255476087,
        "max": 0.617703020573,
        "mean": 0.0656286031008,
        "median": 0.0456470921636,
        "min": 1.03786472472e-10,
        "var": 0.00468553556129
    },
    "spectral_kurtosis": {
        "dmean": 2.82634925842,
        "dmean2": 4.89689683914,
        "dvar": 13.6520500183,
        "dvar2": 37.7937850952,
        "max": 123.72089386,
        "mean": 8.44718265533,
        "median": 4.85341310501,
        "min": -1.21919608116,
        "var": 165.68989563
    },
    "spectral_rms": {
        "dmean": 0.00100967427716,
        "dmean2": 0.00159122573677,
        "dvar": 2.73792670669e-06,
        "dvar2": 6.31237389825e-06,
        "max": 0.022941885516,
        "mean": 0.00368446740322,
        "median": 0.00263810693286,
        "min": 3.24174476325e-12,
        "var": 1.21352259157e-05
    },
    "spectral_rolloff": {
        "dmean": 205.374282837,
        "dmean2": 365.99520874,
        "dvar": 268991.90625,
        "dvar2": 649098,
        "max": 19186.0839844,
        "mean": 565.20916748,
        "median": 193.798828125,
        "min": 21.533203125,
        "var": 2767366.25
    },
    "spectral_skewness": {
        "dmean": 0.285163372755,
        "dmean2": 0.477977544069,
        "dvar": 0.0767615661025,
        "dvar2": 0.210611358285,
        "max": 9.91846179962,
        "mean": 1.82657670975,
        "median": 1.58800792694,
        "min": -0.194020554423,
        "var": 1.83118999004
    },
    "spectral_spread": {
        "dmean": 349340.3125,
        "dmean2": 562873.5,
        "dvar": 201676242944,
        "dvar2": 375837917184,
        "max": 40841300,
        "mean": 3478017.25,
        "median": 3346090.75,
        "min": 1035056.3125,
        "var": 1.50013830758e+12
    },
    "spectral_strongpeak": {
        "dmean": 0.176580548286,
        "dmean2": 0.294545888901,
        "dvar": 0.0879098474979,
        "dvar2": 0.235394567251,
        "max": 5.69470596313,
        "mean": 0.283542513847,
        "median": 0.159654200077,
        "min": 0,
        "var": 0.14405028522
    },
    "zerocrossingrate": {
        "dmean": 0.0056910822168,
        "dmean2": 0.00752265844494,
        "dvar": 4.59155853605e-05,
        "dvar2": 6.38640558464e-05,
        "max": 0.5185546875,
        "mean": 0.0306577663869,
        "median": 0.02099609375,
        "min": 0.001953125,
        "var": 0.00214186683297
    },
    "barkbands": {
        "dmean": [0.000406643142924, 0.00544648896903, 0.00662606675178, 0.00371341081336, 0.00151481188368, 0.000218919172767, 0.000151870335685, 0.000191684972378, 0.000111166606075, 5.71495693293e-05, 4.7275389079e-05, 5.6115201005e-05, 5.33304519195e-05, 5.770700227e-05, 6.52164817438e-05, 8.60240033944e-05, 8.20940695121e-05, 8.75826663105e-05, 7.16879949323e-05, 4.3781081331e-05, 4.54968285339e-05, 2.13043513213e-05, 6.82301106281e-06, 6.17578280071e-06, 4.22279208578e-06, 3.37125698024e-06, 1.87895454928e-06],
        "dmean2": [0.000688034167979, 0.0090760095045, 0.0109494226053, 0.006402220577, 0.0025087618269, 0.000381372286938, 0.000258875254076, 0.000312421529088, 0.000180388640729, 9.4040442491e-05, 7.64562209952e-05, 9.01349558262e-05, 8.83462489583e-05, 0.000100569151982, 0.000107754807686, 0.00014113796351, 0.00013464607764, 0.000144720819662, 0.000113356400107, 6.85784470988e-05, 7.05345009919e-05, 3.30113543896e-05, 9.74466183834e-06, 8.52196080814e-06, 5.89126329942e-06, 4.77082630823e-06, 2.71349654213e-06],
        "dvar": [2.36591176872e-06, 0.000325554487063, 0.000275473867077, 7.0235975727e-05, 1.18488887892e-05, 3.27339193973e-07, 2.05132735687e-07, 4.22715913828e-07, 2.09915299365e-07, 4.54078232792e-08, 3.51120235109e-08, 5.28212495965e-08, 3.18274970823e-08, 4.69388972135e-08, 3.79420441732e-08, 5.17849976234e-08, 7.21177642049e-08, 9.74310125912e-08, 4.70411229969e-08, 2.24867910958e-08, 3.18684705292e-08, 5.05152542019e-09, 1.01264152619e-09, 7.9146422749e-10, 4.12287648466e-10, 4.12088779767e-10, 9.61704396674e-11],
        "dvar2": [6.50064839647e-06, 0.0008641902823, 0.000700008124113, 0.000198159410502, 3.09931965603e-05, 8.98283246897e-07, 5.66122025702e-07, 1.07542848582e-06, 5.61907768315e-07, 1.186812284e-07, 9.10852406832e-08, 1.30506023766e-07, 8.00419428515e-08, 1.29062129872e-07, 1.04814176893e-07, 1.35084590625e-07, 1.87423566445e-07, 2.56503909668e-07, 1.12633017579e-07, 5.22452410223e-08, 7.15833436971e-08, 1.0973939979e-08, 2.28782015554e-09, 1.60583069064e-09, 8.66202221061e-10, 9.85699077916e-10, 2.0272952761e-10],
        "max": [0.0352214798331, 0.297439098358, 0.23969848454, 0.137714415789, 0.110462754965, 0.0155361657962, 0.0117249637842, 0.0184993073344, 0.0159010775387, 0.00749298278242, 0.00532383425161, 0.0070376819931, 0.00467278622091, 0.00399567559361, 0.00644550006837, 0.00522301904857, 0.00828362628818, 0.00772272842005, 0.0079212076962, 0.0044949981384, 0.00503674848005, 0.00170316931326, 0.00138387200423, 0.000815317209344, 0.000585437228438, 0.000577355443966, 0.000209393241676],
        "mean": [0.000621850544121, 0.00810489151627, 0.00818427558988, 0.00470495503396, 0.00247289869003, 0.000287676841253, 0.000201563336304, 0.000291387259495, 0.000173725362401, 8.10260826256e-05, 7.2436319897e-05, 7.79527254053e-05, 8.27501280583e-05, 7.44500866858e-05, 0.000102021855128, 0.000136749644298, 0.000130347572849, 0.000133659617859, 0.000137540293508, 9.84895377769e-05, 0.00010272252257, 4.53717293567e-05, 1.31540828079e-05, 1.0098932762e-05, 5.75790909352e-06, 3.65357163901e-06, 1.90006994671e-06],
        "median": [0.000285247690044, 0.00146908522584, 0.00128619815223, 0.000843626388814, 0.000608892703895, 7.8132507042e-05, 3.85922176065e-05, 2.10715061257e-05, 1.83161992027e-05, 7.59042359277e-06, 5.40394648851e-06, 7.87827320892e-06, 8.96137680684e-06, 3.39854022968e-06, 1.64388475241e-05, 2.60580800386e-05, 8.71643351275e-06, 8.22060792416e-06, 5.69950861973e-06, 6.07437596045e-06, 3.72998943021e-06, 1.84390114555e-06, 5.76729860313e-07, 2.54933695487e-07, 1.02545243408e-07, 2.52976040116e-08, 5.85932058428e-09],
        "min": [4.51470775857e-24, 5.96450039044e-24, 2.71809164085e-24, 3.15315592426e-24, 1.75826004389e-23, 2.38677297944e-23, 5.4678909147e-23, 5.87198144241e-23, 1.18230837403e-22, 5.20918334974e-23, 1.50695720071e-22, 4.09423921628e-23, 1.6753642365e-22, 1.17863669984e-22, 1.61691948841e-22, 2.14289356981e-22, 1.39594187837e-22, 1.56019559305e-22, 1.83486749391e-22, 3.21461929594e-22, 3.12115959973e-22, 4.3059506768e-22, 6.05089989199e-22, 8.67797280893e-22, 1.18258807256e-21, 1.98737068996e-21, 2.61805087254e-21],
        "var": [2.74053741123e-06, 0.000466515426524, 0.0003476406564, 9.41939506447e-05, 2.35861607507e-05, 4.20039668825e-07, 2.57956969563e-07, 8.42459485284e-07, 4.29158149018e-07, 7.06976521769e-08, 5.77911407618e-08, 7.60520890708e-08, 5.73535565707e-08, 5.69009444007e-08, 6.23146050316e-08, 9.14925664119e-08, 1.08385386e-07, 1.27478159584e-07, 1.05428476616e-07, 6.94059920647e-08, 1.0283283558e-07, 1.42126275193e-08, 2.34565811219e-09, 1.61436719548e-09, 7.0150457665e-10, 4.38721087237e-10, 1.14308860988e-10]
    },
    "erbbands": {
        "dmean": [0.0941198244691, 1.47563755512, 6.32961893082, 11.4383745193, 8.14600753784, 4.30261850357, 2.72232198715, 1.79846096039, 1.62450814247, 4.46465396881, 2.65228009224, 2.38860559464, 2.23019790649, 2.06228542328, 1.85113048553, 1.95988738537, 2.46251130104, 2.98531603813, 2.38868618011, 4.64492559433, 4.37810277939, 4.71855545044, 4.5183801651, 4.4140496254, 3.02676773071, 1.86131477356, 2.44764852524, 1.32366132736, 0.924791038036, 0.368514955044, 0.175835728645, 0.137787103653, 0.10190089047, 0.0528482273221, 0.0273667406291, 0.0158983971924, 0.00600054627284, 0.00171646208037, 0.000340411352227, 3.02885073324e-05],
        "dmean2": [0.161463871598, 2.46949791908, 10.5129451752, 19.3665428162, 13.4779911041, 7.28575801849, 4.65602016449, 3.13172245026, 2.78132033348, 7.30887794495, 4.43266439438, 3.97330641747, 3.62192225456, 3.25147151947, 3.01147985458, 3.15789151192, 4.04422187805, 5.19428443909, 4.00801372528, 7.69226694107, 7.12871408463, 7.75733947754, 7.45873880386, 7.03835964203, 4.73463249207, 2.91355037689, 3.80046629906, 2.05719065666, 1.45408058167, 0.55830180645, 0.248290494084, 0.189930945635, 0.142340570688, 0.0741422474384, 0.0397915989161, 0.0235998351127, 0.00814236048609, 0.00250153895468, 0.000494423264172, 4.49101353297e-05],
        "dvar": [0.0884114354849, 24.6661739349, 305.886077881, 694.252441406, 285.053955078, 135.79989624, 57.9368591309, 25.5628356934, 19.4811229706, 239.472869873, 66.3090515137, 106.308418274, 65.1911239624, 54.735168457, 57.9553375244, 61.3670692444, 67.5911178589, 122.598449707, 51.9739227295, 171.650192261, 151.08744812, 277.330596924, 247.734344482, 170.647171021, 89.7051620483, 36.2981872559, 90.1642913818, 27.0096855164, 9.14172267914, 2.32757520676, 0.684659600258, 0.421836912632, 0.209754005075, 0.063090339303, 0.0257474556565, 0.0141152599826, 0.000986197730526, 7.58450769354e-05, 3.23775702782e-06, 1.30961872458e-08],
        "dvar2": [0.249555140734, 65.4365463257, 782.309875488, 1825.75585938, 734.795227051, 360.649169922, 163.251800537, 70.9519882202, 52.2449493408, 633.606933594, 176.077606201, 289.808135986, 162.035369873, 133.288360596, 151.954833984, 155.84487915, 169.698028564, 336.050079346, 136.589675903, 474.504943848, 380.41116333, 729.969116211, 649.052062988, 416.337158203, 215.243209839, 80.9972229004, 205.533294678, 61.3985061646, 20.5206069946, 5.30292463303, 1.59385883808, 0.888250648975, 0.423505932093, 0.129532024264, 0.0620694421232, 0.0361063554883, 0.00217960239388, 0.000158835435286, 6.98104986441e-06, 2.82414553965e-08],
        "max": [7.64022111893, 79.5918197632, 279.552032471, 434.164306641, 325.728179932, 516.891845703, 161.951004028, 165.197662354, 85.2304611206, 397.474487305, 161.875320435, 354.260955811, 248.246505737, 191.398880005, 218.668426514, 217.74697876, 253.694885254, 201.593353271, 194.935028076, 365.198913574, 279.198516846, 565.643859863, 355.820678711, 352.149047852, 324.724304199, 176.35609436, 275.965240479, 151.458892822, 83.7996139526, 41.6714744568, 39.567111969, 22.5981884003, 15.693192482, 7.45076417923, 4.84457874298, 3.9446208477, 0.762764811516, 0.264234900475, 0.0387569703162, 0.00302091846243],
        "mean": [0.148521259427, 2.10187959671, 8.1701631546, 14.7041397095, 12.6961507797, 6.62271022797, 3.75237083435, 2.31668043137, 2.30622220039, 6.46123170853, 4.0947804451, 3.59181976318, 3.48005533218, 3.17443442345, 2.87980604172, 2.96070694923, 3.99433517456, 3.90349626541, 3.7521109581, 7.6471414566, 7.11697435379, 7.45924758911, 7.41210412979, 7.65618467331, 6.06738758087, 4.23743915558, 5.42214870453, 2.95867180824, 1.97648346424, 0.741761207581, 0.334435909986, 0.227193549275, 0.163042470813, 0.0739262253046, 0.0356401540339, 0.0169172510505, 0.00674638990313, 0.00179450516589, 0.000351434806362, 4.58024042018e-05],
        "median": [0.0269262008369, 0.409327507019, 1.48971629143, 2.83583807945, 2.81827044487, 1.55176460743, 0.713352918625, 0.654951751232, 0.598344504833, 0.540866911411, 0.451660066843, 0.436601966619, 0.309140056372, 0.225555032492, 0.251116961241, 0.390587717295, 0.467555850744, 0.263126254082, 0.539919435978, 1.66880583763, 1.21446621418, 0.593123733997, 0.483335196972, 0.356810629368, 0.270540297031, 0.273962706327, 0.207525521517, 0.123986132443, 0.073986902833, 0.0324527174234, 0.0144376475364, 0.00691117998213, 0.00330672250129, 0.00135487969965, 0.00068549439311, 0.000158705166541, 4.29276115028e-05, 1.06847874122e-05, 5.88643024457e-06, 8.59389183461e-06],
        "min": [2.7540035396e-22, 1.15801771855e-21, 3.3362672011e-21, 6.91685681719e-21, 2.01841100595e-20, 6.82575159688e-20, 2.74637689396e-19, 1.01045023208e-19, 6.32939114282e-19, 1.21500362236e-18, 1.0382162037e-18, 3.13543989921e-18, 1.92411412864e-18, 3.93440145196e-18, 4.42486992436e-18, 3.0493663798e-18, 6.68960524193e-18, 5.45556840047e-18, 6.09284985108e-18, 9.18274373819e-18, 1.12339456893e-17, 9.8868994326e-18, 8.10832959389e-18, 7.72724831287e-18, 1.02970478403e-17, 1.76949351672e-17, 1.22175453286e-17, 1.5649750955e-17, 1.53971432308e-17, 1.50104859253e-17, 1.6332631564e-17, 1.61851270628e-17, 1.62573498565e-17, 1.2829334727e-17, 9.40156196153e-18, 8.22560974268e-18, 3.58515711194e-18, 1.32983552333e-18, 3.19429648813e-19, 4.24614265085e-20],
        "var": [0.182783275843, 31.0844593048, 372.326507568, 929.187072754, 645.924072266, 200.868011475, 83.4624099731, 29.1942310333, 26.6008338928, 396.436462402, 119.676445007, 184.682113647, 143.664398193, 106.032096863, 86.5802536011, 89.5130767822, 124.956329346, 145.766525269, 89.4425125122, 284.297912598, 275.503601074, 380.726470947, 349.656341553, 327.892211914, 217.354141235, 119.963699341, 287.717407227, 81.9268417358, 25.8351917267, 5.3318734169, 1.47103524208, 0.828031480312, 0.423583775759, 0.109189204872, 0.034537281841, 0.0124385021627, 0.00128657231107, 9.40608952078e-05, 3.80194114769e-06, 1.9180683708e-08]
    },
    "gfcc": {
        "mean": [-169.976455688, 135.322418213, -90.0206298828, 58.8237113953, -30.3006458282, -0.184894546866, -21.5074825287, -1.82667171955, -14.5885248184, -6.33923721313, -18.2587413788, -8.65348720551, -7.33233976364],
        "cov": [[29334.8300781, 444.599243164, -3668.24438477, 2454.73730469, -29.9798069, -11.1285152435, -101.670097351, -284.100860596, -83.9618759155, -304.473754883, -124.022590637, -615.28338623, -294.449829102], [444.599243164, 1534.4317627, 355.630615234, -95.8804016113, 51.7989730835, -143.087875366, 4.78184509277, -121.891975403, 99.4906692505, -48.6467704773, -13.0503149033, -79.0146179199, 141.072402954], [-3668.24438477, 355.630615234, 1852.89111328, -622.98638916, -276.366027832, 88.8318405151, 91.3729705811, 193.307159424, -48.7689971924, -18.832654953, -11.7693557739, 135.526794434, 62.4956665039], [2454.73730469, -95.8804016113, -622.98638916, 637.298095703, 48.4191207886, -66.9569625854, 0.746158838272, -115.184921265, 6.69429254532, -54.0372200012, -1.86305403709, -125.093284607, -11.5119819641], [-29.9798069, 51.7989730835, -276.366027832, 48.4191207886, 368.6824646, 41.5270080566, -39.179725647, -59.6278915405, 25.5106449127, 23.8597927094, 9.48148536682, -17.9944267273, 0.423331975937], [-11.1285152435, -143.087875366, 88.8318405151, -66.9569625854, 41.5270080566, 177.217803955, 13.8273992538, 30.6900596619, -25.7766723633, -15.1207704544, 31.8902492523, 12.1008882523, -40.9080200195], [-101.670097351, 4.78184509277, 91.3729705811, 0.746158838272, -39.179725647, 13.8273992538, 104.624755859, 32.8031387329, 3.23517870903, -11.1783733368, 11.6120548248, 9.05303573608, -6.30909967422], [-284.100860596, -121.891975403, 193.307159424, -115.184921265, -59.6278915405, 30.6900596619, 32.8031387329, 116.202423096, 2.21889257431, 12.2794656754, -2.91695833206, 45.3586616516, -13.8962278366], [-83.9618759155, 99.4906692505, -48.7689971924, 6.69429254532, 25.5106449127, -25.7766723633, 3.23517870903, 2.21889257431, 81.3039016724, 24.2609081268, -3.08034729958, -16.0663318634, 17.2339477539], [-304.473754883, -48.6467704773, -18.832654953, -54.0372200012, 23.8597927094, -15.1207704544, -11.1783733368, 12.2794656754, 24.2609081268, 74.2675247192, 12.5298233032, 17.6532993317, 8.6858663559], [-124.022590637, -13.0503149033, -11.7693557739, -1.86305403709, 9.48148536682, 31.8902492523, 11.6120548248, -2.91695833206, -3.08034729958, 12.5298233032, 64.0262069702, 22.8905677795, -16.0223464966], [-615.28338623, -79.0146179199, 135.526794434, -125.093284607, -17.9944267273, 12.1008882523, 9.05303573608, 45.3586616516, -16.0663318634, 17.6532993317, 22.8905677795, 94.1526794434, 8.679022789], [-294.449829102, 141.072402954, 62.4956665039, -11.5119819641, 0.423331975937, -40.9080200195, -6.30909967422, -13.8962278366, 17.2339477539, 8.6858663559, -16.0223464966, 8.679022789, 81.799156189]],
        "icov": [[8.89660732355e-05, -0.000229212833801, 0.000188213831279, -0.000363593600923, 0.000188178382814, -0.00035877386108, 0.000129635562189, -0.000420608732384, 0.000341755338013, -0.000242904774495, 0.000451874744613, -0.000129588210257, 0.000334781856509], [-0.000229212833801, 0.00200246437453, -0.000843645422719, 0.00171193049755, -0.000939722754993, 0.00224516121671, -0.000589679752011, 0.00222827470861, -0.00230611138977, 0.00273085781373, -0.00300184264779, 0.00224706251174, -0.00256286724471], [0.000188213831279, -0.000843645422719, 0.0015835405793, 1.20264721772e-05, 0.000992511981167, -0.00134650268592, -0.000177041816642, -0.00198159553111, 0.00158500194084, -0.000276895792922, 0.00117205805145, -0.000356558681233, -0.000141627533594], [-0.000363593600923, 0.00171193049755, 1.20264721772e-05, 0.00538253970444, -0.000916644348763, 0.00323686702177, -0.00162343634292, 0.00248301378451, -0.00139556906652, 0.00430132262409, -0.0047561568208, 0.00497137149796, -0.00321459467523], [0.000188178382814, -0.000939722754993, 0.000992511981167, -0.000916644348763, 0.00431098975241, -0.00312864175066, 0.0008215745911, 0.000821409979835, -0.000128950327053, -0.00236988067627, 0.00245059002191, -0.00171677477192, 0.000967677973676], [-0.00035877386108, 0.00224516121671, -0.00134650268592, 0.00323686702177, -0.00312864175066, 0.0117105236277, -0.000744720047805, -0.000425985315815, -0.000404074351536, 0.00587399397045, -0.00877539347857, 0.0049819634296, -0.000722441182006], [0.000129635562189, -0.000589679752011, -0.000177041816642, -0.00162343634292, 0.0008215745911, -0.000744720047805, 0.0121933650225, -0.00442981021479, -0.000795254076365, 0.00168107927311, -0.00215914542787, -0.000335418677423, 0.000803346221801], [-0.000420608732384, 0.00222827470861, -0.00198159553111, 0.00248301378451, 0.000821409979835, -0.000425985315815, -0.00442981021479, 0.0203595124185, -0.00666611269116, -0.00061816588277, 0.00368129345588, -0.00602067867294, 0.00223617185839], [0.000341755338013, -0.00230611138977, 0.00158500194084, -0.00139556906652, -0.000128950327053, -0.000404074351536, -0.000795254076365, -0.00666611269116, 0.019966179505, -0.00732222711667, 0.00112142646685, 0.00409909477457, -0.00123954773881], [-0.000242904774495, 0.00273085781373, -0.000276895792922, 0.00430132262409, -0.00236988067627, 0.00587399397045, 0.00168107927311, -0.00061816588277, -0.00732222711667, 0.0235975105315, -0.0100435838103, 0.00297848507762, -0.00503897434101], [0.000451874744613, -0.00300184264779, 0.00117205805145, -0.0047561568208, 0.00245059002191, -0.00877539347857, -0.00215914542787, 0.00368129345588, 0.00112142646685, -0.0100435838103, 0.029746118933, -0.0135653540492, 0.00939239468426], [-0.000129588210257, 0.00224706251174, -0.000356558681233, 0.00497137149796, -0.00171677477192, 0.0049819634296, -0.000335418677423, -0.00602067867294, 0.00409909477457, 0.00297848507762, -0.0135653540492, 0.0249562617391, -0.00840293429792], [0.000334781856509, -0.00256286724471, -0.000141627533594, -0.00321459467523, 0.000967677973676, -0.000722441182006, 0.000803346221801, 0.00223617185839, -0.00123954773881, -0.00503897434101, 0.00939239468426, -0.00840293429792, 0.0211089961231]]
    },
    "melbands": {
        "dmean": [0.00115654314868, 0.00287451408803, 0.00179850775748, 0.000407286104746, 0.000109513188363, 3.92625479435e-05, 2.56644761976e-05, 4.99253364978e-05, 1.97311946977e-05, 1.56381120178e-05, 1.11823137559e-05, 8.28904467198e-06, 5.8904938669e-06, 7.02545912645e-06, 4.89160947836e-06, 5.35653816769e-06, 5.88854936723e-06, 3.63745857612e-06, 5.5873592828e-06, 6.02008640271e-06, 5.27822885488e-06, 5.09262963533e-06, 5.09489382239e-06, 3.99905320592e-06, 3.83924543712e-06, 2.42708711085e-06, 1.81174516456e-06, 1.31310923734e-06, 1.72252009634e-06, 1.19030949008e-06, 6.89336332016e-07, 5.9735953073e-07, 3.47508631648e-07, 1.73211702759e-07, 1.06590555049e-07, 9.45938793961e-08, 8.30773956295e-08, 7.40304244573e-08, 6.64962911401e-08, 3.7067483305e-08],
        "dmean2": [0.00195357622579, 0.0047583845444, 0.00301135703921, 0.000672921945807, 0.000187389348866, 6.83666366967e-05, 4.39564137196e-05, 8.12023863546e-05, 3.2964599086e-05, 2.58509717241e-05, 1.82244057214e-05, 1.31855458676e-05, 9.68730455497e-06, 1.13582509584e-05, 8.02327303973e-06, 8.89229886525e-06, 1.02932945083e-05, 6.14324790149e-06, 9.26637676457e-06, 1.00158340501e-05, 8.59791907715e-06, 8.44350415719e-06, 8.46474904392e-06, 6.64775780024e-06, 6.15616363575e-06, 3.82043845093e-06, 2.86737645183e-06, 2.08776805266e-06, 2.70883219855e-06, 1.85277679066e-06, 1.09496818368e-06, 9.41023472478e-07, 5.47282013486e-07, 2.63859988081e-07, 1.58190928801e-07, 1.34105903271e-07, 1.16626473812e-07, 1.04950423463e-07, 9.63176560731e-08, 5.25187786593e-08],
        "dvar": [1.39008989208e-05, 6.91232999088e-05, 1.6183092157e-05, 8.60969691985e-07, 8.53641637377e-08, 1.15347722485e-08, 4.95485430463e-09, 3.01912486123e-08, 3.99128019524e-09, 4.46360992612e-09, 1.67559721653e-09, 9.01488883542e-10, 5.75803127401e-10, 8.96802965222e-10, 2.8262231444e-10, 3.31986632629e-10, 4.95505469988e-10, 1.46116119204e-10, 3.03013919511e-10, 2.52475207407e-10, 2.39452652151e-10, 3.58072516082e-10, 2.56008880761e-10, 2.23027457613e-10, 1.24560070591e-10, 5.53510466628e-11, 4.02272729016e-11, 1.76091485143e-11, 4.52114769234e-11, 2.14960601402e-11, 7.01601103603e-12, 3.74695196745e-12, 1.54469774645e-12, 6.20739516646e-13, 2.41465511865e-13, 2.28051166276e-13, 1.56955408414e-13, 1.13282498074e-13, 9.61911689082e-14, 3.36049140988e-14],
        "dvar2": [3.78667755285e-05, 0.000177010137122, 4.22803605034e-05, 2.20928836825e-06, 2.37955191551e-07, 3.18005888289e-08, 1.3381429298e-08, 7.89369707377e-08, 1.06460777971e-08, 1.23144889841e-08, 4.18395407209e-09, 2.2225266072e-09, 1.52517798391e-09, 2.21173901416e-09, 7.33023142185e-10, 8.12563738517e-10, 1.36954325658e-09, 3.88962223541e-10, 8.48671799503e-10, 6.70814404025e-10, 6.05004879528e-10, 9.61190793625e-10, 6.69724831148e-10, 5.92529136867e-10, 3.05002023637e-10, 1.33034680494e-10, 9.5786552301e-11, 4.11999323546e-11, 1.06255906851e-10, 4.91912552358e-11, 1.66392333939e-11, 8.5532197644e-12, 3.67097368129e-12, 1.41885505081e-12, 5.78800353999e-13, 5.26340418732e-13, 3.36659086025e-13, 2.37746264732e-13, 2.01768479311e-13, 7.05664639136e-14],
        "max": [0.0650632977486, 0.12900814414, 0.0643177181482, 0.0301877390593, 0.0059068207629, 0.00336078018881, 0.00153525243513, 0.00467334827408, 0.00128614983987, 0.00236624618992, 0.00121712498367, 0.000777184148319, 0.000756518275011, 0.000922921928577, 0.000455424335087, 0.000547178380657, 0.000380220153602, 0.000376323849196, 0.000631727511063, 0.000455907371361, 0.000382126774639, 0.000674163631629, 0.00039753553574, 0.000390875706216, 0.000320904306136, 0.000239983608481, 0.000223849943723, 9.39814781304e-05, 0.000185968383448, 0.000143125507748, 7.86189193605e-05, 5.44480972167e-05, 3.04973855236e-05, 2.68619260169e-05, 2.21447116928e-05, 2.1714671675e-05, 1.03796637632e-05, 1.25279266285e-05, 7.79780566518e-06, 5.90717627347e-06],
        "mean": [0.00178942247294, 0.00401688972488, 0.00257042120211, 0.00067984854104, 0.000154696739628, 5.07647928316e-05, 3.63363906217e-05, 7.36507499823e-05, 3.00306546706e-05, 2.33035807469e-05, 1.69774393726e-05, 1.22849105537e-05, 9.40677182371e-06, 9.50680259848e-06, 7.63836033002e-06, 8.18522676127e-06, 7.23581342754e-06, 5.30628585693e-06, 8.8508513727e-06, 9.76619958237e-06, 8.09168705018e-06, 7.42222755434e-06, 8.00977886684e-06, 5.77561559112e-06, 6.3653487814e-06, 4.54873361377e-06, 3.57557587449e-06, 2.67363634521e-06, 3.63785602531e-06, 2.50302491622e-06, 1.40427948736e-06, 1.20895469991e-06, 6.57837517792e-07, 3.22557980326e-07, 1.95823972149e-07, 1.52314001411e-07, 1.3193613313e-07, 1.17788552245e-07, 9.39415301104e-08, 5.00656263114e-08],
        "median": [0.000342358893249, 0.000824847491458, 0.000528836913873, 0.000165956880664, 2.85847854684e-05, 1.42825210787e-05, 8.84361725184e-06, 5.61669821764e-06, 3.53513382834e-06, 2.63631386588e-06, 1.44914349676e-06, 8.45321721954e-07, 7.3870705819e-07, 8.47650085234e-07, 1.10492408112e-06, 8.18031082872e-07, 3.28722222775e-07, 5.36262973583e-07, 1.55970349169e-06, 2.22806124839e-06, 9.92006789602e-07, 5.0876383284e-07, 5.07493382429e-07, 3.36116841027e-07, 2.68249323199e-07, 1.87050247291e-07, 1.74679243514e-07, 1.84804363812e-07, 1.43995379176e-07, 9.06286601321e-08, 6.11994295241e-08, 4.4640817265e-08, 2.57665853098e-08, 1.48220813401e-08, 8.52007886465e-09, 5.44325562402e-09, 3.55546636577e-09, 2.26364349487e-09, 1.63906399564e-09, 9.09872066579e-10],
        "min": [2.69459009398e-24, 1.50944353251e-24, 1.2920692616e-24, 3.11438735507e-24, 7.5606535415e-24, 2.93215378065e-24, 9.97855639221e-24, 1.38089722806e-23, 9.25317906834e-24, 1.93585377513e-23, 8.82940062347e-24, 1.50172105757e-23, 1.74362651633e-23, 5.64440745637e-24, 1.82945158515e-23, 9.36246785815e-24, 1.13293781405e-23, 8.63289458312e-24, 1.52435836788e-23, 1.12441148984e-23, 1.36882024091e-23, 9.89530711202e-24, 8.88085802032e-24, 6.13142809115e-24, 5.85377390163e-24, 8.02529734784e-24, 5.94724090269e-24, 1.33619816036e-23, 8.07312756225e-24, 6.48469144299e-24, 9.58788328409e-24, 8.34555830928e-24, 8.32657673818e-24, 8.85232018821e-24, 9.57386364809e-24, 8.97706512974e-24, 1.05018433294e-23, 1.22216910537e-23, 1.07196178486e-23, 1.03493580941e-23],
        "var": [2.24655395868e-05, 8.8497356046e-05, 2.5495137379e-05, 1.81419602541e-06, 1.26575088188e-07, 1.35194664352e-08, 6.86543533135e-09, 5.35337498775e-08, 7.00985625102e-09, 7.90053977795e-09, 3.50272477689e-09, 1.63867075464e-09, 9.00899799205e-10, 1.24694798931e-09, 4.7559933769e-10, 6.49539366737e-10, 5.50066547866e-10, 2.36102165596e-10, 4.97543117817e-10, 4.24701523949e-10, 4.29319219064e-10, 4.33414748535e-10, 3.81928932924e-10, 2.72766892406e-10, 2.33895458557e-10, 1.21487542248e-10, 8.94887705605e-11, 5.25807522522e-11, 1.34656286122e-10, 6.34503283248e-11, 1.88436488635e-11, 1.01906946423e-11, 3.10204401228e-12, 1.38636389695e-12, 5.01043976274e-13, 4.08483847875e-13, 2.86234144026e-13, 2.15454580175e-13, 1.69199818544e-13, 5.40104595705e-14]
    },
    "mfcc": {
        "mean": [-800.602661133, 144.393081665, 13.2825880051, 59.7678527832, 17.0811843872, 15.3904695511, 3.5764477253, 5.91237688065, 8.65344715118, 1.82176291943, -2.18837952614, 0.0330008864403, -1.18675935268],
        "cov": [[20211.875, 790.60333252, -2397.86230469, 1556.54541016, -458.840484619, 508.463623047, 4.71889925003, 237.040374756, -122.19934082, -120.648612976, 124.093048096, 56.4442443848, -260.514251709], [790.60333252, 1477.67126465, 152.190185547, 113.874137878, 117.914451599, 20.7078304291, -67.9496841431, -57.1343727112, 70.4212646484, 22.0183582306, -52.8623809814, -51.5731658936, 37.2642555237], [-2397.86230469, 152.190185547, 1089.47924805, -168.33895874, -13.1682691574, -141.62487793, 20.6273860931, 45.6671714783, 29.1151504517, 32.0233383179, 5.97293567657, -59.4333534241, -35.7117538452], [1556.54541016, 113.874137878, -168.33895874, 505.209899902, -57.0864219666, 79.8975143433, -37.1084022522, -14.4480018616, 17.1259918213, -16.0586681366, -38.2827644348, 14.8524675369, -4.50921106339], [-458.840484619, 117.914451599, -13.1682691574, -57.0864219666, 239.00440979, 55.3792304993, 20.5600795746, -19.0618572235, 6.89819002151, 12.7836437225, -22.5377006531, -6.01635503769, 33.017074585], [508.463623047, 20.7078304291, -141.62487793, 79.8975143433, 55.3792304993, 132.736694336, 36.1481513977, 4.85002470016, -15.3842544556, -3.25504493713, 0.299584180117, 5.22855901718, 3.58740997314], [4.71889925003, -67.9496841431, 20.6273860931, -37.1084022522, 20.5600795746, 36.1481513977, 102.210334778, 45.4973449707, -21.9794063568, -7.99814414978, 24.9265899658, 6.56310558319, -16.0061435699], [237.040374756, -57.1343727112, 45.6671714783, -14.4480018616, -19.0618572235, 4.85002470016, 45.4973449707, 99.7021942139, -0.664751887321, -8.32483196259, 31.4166259766, 4.68343067169, -28.3717575073], [-122.19934082, 70.4212646484, 29.1151504517, 17.1259918213, 6.89819002151, -15.3842544556, -21.9794063568, -0.664751887321, 71.3069000244, 28.4027614594, -24.7871208191, -6.82872533798, 16.2705783844], [-120.648612976, 22.0183582306, 32.0233383179, -16.0586681366, 12.7836437225, -3.25504493713, -7.99814414978, -8.32483196259, 28.4027614594, 63.0305213928, 13.5654850006, -10.5581951141, -0.77439647913], [124.093048096, -52.8623809814, 5.97293567657, -38.2827644348, -22.5377006531, 0.299584180117, 24.9265899658, 31.4166259766, -24.7871208191, 13.5654850006, 86.5644607544, 21.8379535675, -28.0043926239], [56.4442443848, -51.5731658936, -59.4333534241, 14.8524675369, -6.01635503769, 5.22855901718, 6.56310558319, 4.68343067169, -6.82872533798, -10.5581951141, 21.8379535675, 54.0836334229, 16.1822357178], [-260.514251709, 37.2642555237, -35.7117538452, -4.50921106339, 33.017074585, 3.58740997314, -16.0061435699, -28.3717575073, 16.2705783844, -0.77439647913, -28.0043926239, 16.1822357178, 64.654624939]],
