{
"lowlevel": {
    "average_loudness": 0.874478399754,
    "barkbands_crest": {
        "dmean": 3.3336827755,
        "dmean2": 5.08956098557,
        "dvar": 12.6236772537,
        "dvar2": 23.672504425,
        "max": 26.5198116302,
        "mean": 13.3782396317,
        "median": 12.0493326187,
        "min": 2.30667233467,
        "var": 32.7311592102
    },
    "barkbands_flatness_db": {
        "dmean": 0.047017224133,
        "dmean2": 0.0684135481715,
        "dvar": 0.00266005517915,
        "dvar2": 0.0049870563671,
        "max": 0.619332492352,
        "mean": 0.25996619463,
        "median": 0.254480779171,
        "min": 0.0136709949002,
        "var": 0.00864069908857
    },
    "barkbands_kurtosis": {
        "dmean": 13.0478715897,
        "dmean2": 20.4841365814,
        "dvar": 2037.78405762,
        "dvar2": 5535.6171875,
        "max": 1008.3583374,
        "mean": 17.5162982941,
        "median": 5.76554203033,
        "min": -1.94037020206,
        "var": 1862.50085449
    },
    "barkbands_skewness": {
        "dmean": 1.04953145981,
        "dmean2": 1.55713605881,
        "dvar": 2.47723698616,
        "dvar2": 5.33797264099,
        "max": 26.6334819794,
        "mean": 2.62733006477,
        "median": 2.06920266151,
        "min": -5.50283145905,
        "var": 5.42885923386
    },
    "barkbands_spread": {
        "dmean": 4.58166503906,
        "dmean2": 7.30350208282,
        "dvar": 71.0281906128,
        "dvar2": 160.214172363,
        "max": 117.485961914,
        "mean": 10.7998466492,
        "median": 8.07652378082,
        "min": 0.0688786655664,
        "var": 111.066612244
    },
    "dissonance": {
        "dmean": 0.0320779085159,
        "dmean2": 0.0550012663007,
        "dvar": 0.00159729563165,
        "dvar2": 0.0046592769213,
        "max": 0.500000059605,
        "mean": 0.435052216053,
        "median": 0.445734739304,
        "min": 0.154853895307,
        "var": 0.0020867632702
    },
    "dynamic_complexity": 7.32819843292,
    "erbbands_crest": {
        "dmean": 3.05510520935,
        "dmean2": 4.82451200485,
        "dvar": 10.8413448334,
        "dvar2": 25.0761489868,
        "max": 34.4165611267,
        "mean": 11.0245475769,
        "median": 9.29426574707,
        "min": 2.20640993118,
        "var": 29.8062038422
    },
    "erbbands_flatness_db": {
        "dmean": 0.0315108709037,
        "dmean2": 0.0461467690766,
        "dvar": 0.00166048877873,
        "dvar2": 0.00318749342114,
        "max": 0.651196181774,
        "mean": 0.243565008044,
        "median": 0.245947137475,
        "min": 0.0519085898995,
        "var": 0.00663862237707
    },
    "erbbands_kurtosis": {
        "dmean": 1.45903193951,
        "dmean2": 2.28425693512,
        "dvar": 7.5254073143,
        "dvar2": 17.9249763489,
        "max": 70.6852722168,
        "mean": 0.996515572071,
        "median": 0.028101682663,
        "min": -1.8964035511,
        "var": 10.9427185059
    },
    "erbbands_skewness": {
        "dmean": 0.457805633545,
        "dmean2": 0.692439973354,
        "dvar": 0.339534699917,
        "dvar2": 0.692713677883,
        "max": 7.35518693924,
        "mean": 0.680178463459,
        "median": 0.741611480713,
        "min": -7.02834272385,
        "var": 1.00254273415
    },
    "erbbands_spread": {
        "dmean": 9.18038749695,
        "dmean2": 13.7335271835,
        "dvar": 195.652023315,
        "dvar2": 488.305664062,
        "max": 186.034469604,
        "mean": 32.544052124,
        "median": 28.2525177002,
        "min": 1.02331316471,
        "var": 378.80682373
    },
    "hfc": {
        "dmean": 4.34549617767,
        "dmean2": 6.6979765892,
        "dvar": 61.6401634216,
        "dvar2": 143.237670898,
        "max": 67.0846099854,
        "mean": 7.71534109116,
        "median": 3.61133742332,
        "min": 1.08833410508e-16,
        "var": 100.078475952
    },
    "melbands_crest": {
        "dmean": 4.19231319427,
        "dmean2": 6.70694732666,
        "dvar": 18.9107494354,
        "dvar2": 41.9962844849,
        "max": 38.8409080505,
        "mean": 17.5169086456,
        "median": 16.2430553436,
        "min": 1.00145506859,
        "var": 46.6270370483
    },
    "melbands_flatness_db": {
        "dmean": 0.0531751252711,
        "dmean2": 0.0769336149096,
        "dvar": 0.00370577466674,
        "dvar2": 0.00642457185313,
        "max": 0.773023664951,
        "mean": 0.336502462626,
        "median": 0.324218183756,
        "min": -2.41601952666e-07,
        "var": 0.0131127731875
    },
    "melbands_kurtosis": {
        "dmean": 21.183008194,
        "dmean2": 33.3168182373,
        "dvar": 4816.50244141,
        "dvar2": 13250.7050781,
        "max": 1408.91784668,
        "mean": 30.7426147461,
        "median": 10.6949033737,
        "min": -1.90380680561,
        "var": 4195.18017578
    },
    "melbands_skewness": {
        "dmean": 1.2553524971,
        "dmean2": 1.86473500729,
        "dvar": 4.33913660049,
        "dvar2": 10.1306028366,
        "max": 29.7597980499,
        "mean": 3.46314883232,
        "median": 2.64514493942,
        "min": -3.54138708115,
        "var": 7.88134098053
    },
    "melbands_spread": {
        "dmean": 6.16533041,
        "dmean2": 9.9595117569,
        "dvar": 249.364028931,
        "dvar2": 557.291870117,
        "max": 238.234588623,
        "mean": 13.9498949051,
        "median": 8.38667106628,
        "min": 0.175416514277,
        "var": 409.352966309
    },
    "pitch_salience": {
        "dmean": 0.116588301957,
        "dmean2": 0.182924315333,
        "dvar": 0.0178143456578,
        "dvar2": 0.0388334579766,
        "max": 0.995944917202,
        "mean": 0.497551590204,
        "median": 0.526042878628,
        "min": 0.0471336841583,
        "var": 0.0348534323275
    },
    "silence_rate_20dB": {
        "dmean": 0,
        "dmean2": 0,
        "dvar": 0,
        "dvar2": 0,
        "max": 1,
        "mean": 1,
        "median": 1,
        "min": 1,
        "var": 0
    },
    "silence_rate_30dB": {
        "dmean": 0.0930111706257,
        "dmean2": 0.186034426093,
        "dvar": 0.0843674391508,
        "dvar2": 0.170040130615,
        "max": 1,
        "mean": 0.857309877872,
        "median": 1,
        "min": 0,
        "var": 0.122345775366
    },
    "silence_rate_60dB": {
        "dmean": 0.0971680954099,
        "dmean2": 0.194283857942,
        "dvar": 0.0877186357975,
        "dvar2": 0.17122823,
        "max": 1,
        "mean": 0.306618183851,
        "median": 0,
        "min": 0,
        "var": 0.212589725852
    },
    "spectral_centroid": {
        "dmean": 238.929214478,
        "dmean2": 363.441040039,
        "dvar": 190752.46875,
        "dvar2": 369131.71875,
        "max": 11606.2138672,
        "mean": 886.53125,
        "median": 595.248474121,
        "min": 68.7009735107,
        "var": 922861.4375
    },
    "spectral_complexity": {
        "dmean": 2.10574173927,
        "dmean2": 3.12036371231,
        "dvar": 8.72838306427,
        "dvar2": 16.6364994049,
        "max": 39,
        "mean": 8.21848392487,
        "median": 8,
        "min": 0,
        "var": 45.3518714905
    },
    "spectral_decrease": {
        "dmean": 5.36565059051e-09,
        "dmean2": 8.17295209288e-09,
        "dvar": 1.21960237434e-16,
        "dvar2": 2.24644493147e-16,
        "max": 1.89805150659e-28,
        "mean": -8.79256489839e-09,
        "median": -1.94257077091e-09,
        "min": -6.53042349086e-08,
        "var": 2.45093218453e-16
    },
    "spectral_energy": {
        "dmean": 0.0205910392106,
        "dmean2": 0.0313487797976,
        "dvar": 0.00178142846562,
        "dvar2": 0.00329429213889,
        "max": 0.249189883471,
        "mean": 0.0338848605752,
        "median": 0.00767814926803,
        "min": 9.82574245439e-21,
        "var": 0.00357312778942
    },
    "spectral_energyband_high": {
        "dmean": 0.00015753901971,
        "dmean2": 0.000242904076003,
        "dvar": 2.09665117268e-07,
        "dvar2": 4.43438096909e-07,
        "max": 0.00689949700609,
        "mean": 0.000174875574885,
        "median": 7.7979393609e-06,
        "min": 7.20760030118e-21,
        "var": 3.11110454732e-07
    },
    "spectral_energyband_low": {
        "dmean": 0.0156092438847,
        "dmean2": 0.0242349393666,
        "dvar": 0.00144565827213,
        "dvar2": 0.00256230728701,
        "max": 0.238368615508,
        "mean": 0.0230016037822,
        "median": 0.00132264732383,
        "min": 1.41054482969e-23,
        "var": 0.00280213891529
    },
    "spectral_energyband_middle_high": {
        "dmean": 0.000439235038357,
        "dmean2": 0.000648500339594,
        "dvar": 6.09322285072e-07,
        "dvar2": 1.26387624277e-06,
        "max": 0.0122632607818,
        "mean": 0.00111976929475,
        "median": 0.000454947818071,
        "min": 1.11720788658e-21,
        "var": 2.3337672701e-06
    },
    "spectral_energyband_middle_low": {
        "dmean": 0.010203383863,
        "dmean2": 0.0179683789611,
        "dvar": 0.000630957772955,
        "dvar2": 0.00170788285322,
        "max": 0.185642808676,
        "mean": 0.0115302642807,
        "median": 0.00536743877456,
        "min": 1.96889534036e-22,
        "var": 0.000501777627505
    },
    "spectral_entropy": {
        "dmean": 0.358171224594,
        "dmean2": 0.541665792465,
        "dvar": 0.181888818741,
        "dvar2": 0.383282870054,
        "max": 9.82854652405,
        "mean": 6.52759933472,
        "median": 6.53397417068,
        "min": 3.72066545486,
        "var": 0.510719120502
    },
    "spectral_flux": {
        "dmean": 0.0535415671766,
        "dmean2": 0.0845104306936,
        "dvar": 0.00658758869395,
        "dvar2": 0.0122151803225,
        "max": 0.466161072254,
        "mean": 0.0872164592147,
        "median": 0.0375193022192,
        "min": 6.4602302674e-11,
        "var": 0.013299244456
    },
    "spectral_kurtosis": {
        "dmean": 11.1332006454,
        "dmean2": 18.5527114868,
        "dvar": 227.775192261,
        "dvar2": 602.153991699,
        "max": 197.421600342,
        "mean": 20.0517578125,
        "median": 11.4245166779,
        "min": -1.26781260967,
        "var": 596.465026855
    },
    "spectral_rms": {
        "dmean": 0.00143104279414,
        "dmean2": 0.00201319600455,
        "dvar": 6.09526068729e-06,
        "dvar2": 9.39791425481e-06,
        "max": 0.01559205167,
        "mean": 0.0039980285801,
        "median": 0.00273694656789,
        "min": 3.09614118198e-12,
        "var": 1.70742896444e-05
    },
    "spectral_rolloff": {
        "dmean": 383.295135498,
        "dmean2": 670.573669434,
        "dvar": 1072003.625,
        "dvar2": 2337546.25,
        "max": 20004.3457031,
        "mean": 1013.95922852,
        "median": 495.263671875,
        "min": 21.533203125,
        "var": 2874441.5
    },
    "spectral_skewness": {
        "dmean": 0.854552328587,
        "dmean2": 1.40737617016,
        "dvar": 0.833644270897,
        "dvar2": 2.25313520432,
        "max": 11.3131971359,
        "mean": 2.69497561455,
        "median": 2.32515025139,
        "min": -0.512391626835,
        "var": 2.60843276978
    },
    "spectral_spread": {
        "dmean": 804280.5625,
        "dmean2": 1261488.375,
        "dvar": 1.78080815514e+12,
        "dvar2": 3.96720760422e+12,
        "max": 42500368,
        "mean": 3122068.5,
        "median": 2356348.5,
        "min": 387029.125,
        "var": 8.32677609472e+12
    },
    "spectral_strongpeak": {
        "dmean": 0.375900030136,
        "dmean2": 0.605357527733,
        "dvar": 1.00707232952,
        "dvar2": 2.32010960579,
        "max": 15.4762945175,
        "mean": 0.661830425262,
        "median": 0.392767369747,
        "min": 0,
        "var": 1.50393509865
    },
    "zerocrossingrate": {
        "dmean": 0.0103417877108,
        "dmean2": 0.0120078809559,
        "dvar": 0.000400315824663,
        "dvar2": 0.000558613741305,
        "max": 0.5263671875,
        "mean": 0.0402187146246,
        "median": 0.02685546875,
        "min": 0.00244140625,
        "var": 0.00245637935586
    },
    "barkbands": {
        "dmean": [0.000286074384348, 0.0120105855167, 0.00752265844494, 0.00560362450778, 0.00359387835488, 0.000772700179368, 0.000744124990888, 0.000150773470523, 0.000280644191662, 0.000130872038426, 6.37895209366e-05, 4.38068527728e-05, 3.60700541933e-05, 3.51951312041e-05, 9.77280797088e-05, 7.00367891113e-05, 5.77724276809e-05, 2.77475937764e-05, 3.35705699399e-05, 7.13076733518e-05, 7.2636983532e-05, 3.21424231515e-05, 2.76237115031e-05, 1.35900054374e-05, 6.31107695881e-06, 2.24927975978e-06, 2.21581535698e-06],
        "dmean2": [0.000408066960517, 0.0163036864251, 0.0139825865626, 0.00991582218558, 0.00652663642541, 0.00129968405236, 0.00127706234343, 0.000257479696302, 0.000459328002762, 0.0002047343296, 9.2182213848e-05, 7.09488522261e-05, 5.48633070139e-05, 5.66649214306e-05, 0.000140842355904, 0.000115801893116, 7.9729295976e-05, 4.51619671367e-05, 4.89544254378e-05, 8.91244490049e-05, 0.000100800272776, 5.22614864167e-05, 4.92446633871e-05, 2.25124458666e-05, 1.05570443338e-05, 3.53214932147e-06, 3.40997530657e-06],
        "dvar": [4.95566041536e-07, 0.000913323659915, 0.000640845100861, 0.000214626954403, 8.28663687571e-05, 2.91733522317e-06, 2.36310552282e-06, 1.00083667576e-07, 2.88815044769e-07, 7.32368974354e-08, 1.85614261738e-08, 1.25431638409e-08, 6.16297057832e-09, 4.91537921476e-09, 4.68166803103e-08, 2.53805900741e-08, 4.89431428718e-08, 6.53504317327e-09, 3.39724941512e-08, 1.09196285791e-07, 1.24553451997e-07, 1.97823393222e-08, 9.87558301802e-09, 1.90014493029e-09, 3.28129828864e-10, 6.24618204381e-11, 5.61793112031e-10],
        "dvar2": [8.74143381679e-07, 0.00115144648589, 0.00181035883725, 0.000569228373934, 0.000231084573898, 7.57492261982e-06, 6.51688606013e-06, 2.63813689116e-07, 7.79942865847e-07, 1.62717938679e-07, 3.56969600546e-08, 2.94944708656e-08, 1.25749624047e-08, 1.16368052971e-08, 8.53927062394e-08, 6.59031016426e-08, 7.82961535606e-08, 1.50397010401e-08, 5.9859189605e-08, 1.82259313419e-07, 2.32175068504e-07, 4.70055567803e-08, 2.79782383927e-08, 4.87247087122e-09, 8.20180201533e-10, 1.28230454033e-10, 9.30433119439e-10],
        "max": [0.00515503482893, 0.182729035616, 0.156189918518, 0.127078056335, 0.0747612267733, 0.0167219825089, 0.015169898048, 0.00352633139119, 0.0070019941777, 0.00566163472831, 0.00265821325593, 0.00278375367634, 0.00177775125485, 0.00224650325254, 0.00801622308791, 0.00346447830088, 0.00775238499045, 0.00571016175672, 0.00994976889342, 0.00829281099141, 0.00687650032341, 0.00601447140798, 0.00082582118921, 0.000398483505705, 0.000206621931284, 0.000242803565925, 0.00106647051871],
        "mean": [0.00032424586243, 0.0160780902952, 0.00469318637624, 0.00483942218125, 0.00339233316481, 0.00124271144159, 0.00128745276015, 0.000206052820431, 0.000497474276926, 0.000232935970416, 0.000114825910714, 8.07924661785e-05, 8.79862855072e-05, 6.88044601702e-05, 0.000184720949619, 0.000107868378109, 9.84036305454e-05, 3.9168739022e-05, 4.7398640163e-05, 0.000100143879536, 8.54541212902e-05, 2.99055573123e-05, 2.01992188522e-05, 1.18412417578e-05, 6.18452486378e-06, 3.22227856486e-06, 4.08344021707e-06],
        "median": [3.97356558324e-07, 6.59536453895e-05, 0.000117349947686, 0.00113946315832, 0.000503308721818, 0.000409734464483, 0.000540706503671, 5.07776312588e-05, 0.000168711892911, 7.84745716373e-05, 1.67948146554e-05, 8.97288191481e-06, 1.89381735254e-05, 1.914371569e-05, 6.22005172772e-05, 3.08638664137e-05, 1.06304150904e-05, 3.01468298858e-06, 5.36970355824e-06, 2.97534870697e-06, 2.21298455472e-06, 7.18525996035e-07, 1.46671666812e-07, 3.9780051253e-08, 1.98398470985e-08, 1.26806938283e-08, 6.31544905261e-09],
        "min": [6.10574001906e-25, 2.97474950852e-24, 1.04021161254e-24, 1.6419839975e-24, 1.62592247393e-23, 4.61606336868e-24, 6.56790049127e-24, 1.02850075546e-23, 1.83646897622e-23, 1.67698764913e-23, 2.67703545392e-23, 1.68908561998e-23, 3.44051018413e-23, 3.46289490117e-23, 5.21475428546e-23, 6.91585520365e-23, 5.41100520819e-23, 9.95990282948e-23, 1.28506047306e-22, 1.80656947552e-22, 2.57257436664e-22, 3.2704163744e-22, 3.80042563711e-22, 6.03795045624e-22, 8.60759177492e-22, 1.33301387598e-21, 1.97578672826e-21],
        "var": [7.80420009505e-07, 0.00181543896906, 0.000376954034436, 0.0001666751632, 6.18799604126e-05, 3.65125902135e-06, 3.80364940611e-06, 1.24119097222e-07, 5.79825609748e-07, 1.669728249e-07, 5.39348441464e-08, 3.41411841021e-08, 3.41504176049e-08, 1.52876218351e-08, 1.76984542577e-07, 3.46174324761e-08, 1.35317819172e-07, 1.56257424777e-08, 6.25593088444e-08, 2.46441317131e-07, 1.99763135811e-07, 2.02514183201e-08, 6.04748251476e-09, 1.59629132135e-09, 3.42503581052e-10, 1.82523648973e-10, 1.79842318815e-09]
    },
    "erbbands": {
        "dmean": [0.418864130974, 2.76761865616, 8.26649093628, 13.091173172, 19.5316791534, 9.05553627014, 6.2498922348, 6.09804868698, 10.6507291794, 7.56508350372, 3.71402406693, 7.68434429169, 3.88294172287, 2.90223360062, 2.10987019539, 1.79857552052, 1.8174084425, 1.76944041252, 2.50130653381, 6.34226560593, 3.47837710381, 2.78521108627, 1.76067173481, 1.99918699265, 1.5250800848, 4.10337400436, 2.35370922089, 2.73585414886, 1.13805305958, 0.885547339916, 0.860416173935, 0.35948830843, 0.186765551567, 0.0827944502234, 0.0405892841518, 0.0118857696652, 0.00388770992868, 0.00140034744982, 0.000345009524608, 5.32418634975e-05],
        "dmean2": [0.545899808407, 3.66897559166, 14.5098800659, 23.7372684479, 34.0883560181, 16.6763973236, 10.5236501694, 10.3618049622, 18.0847225189, 12.6445379257, 6.16247415543, 12.5973176956, 6.13107728958, 4.4976348877, 3.08164978027, 2.89905834198, 2.73921751976, 2.75485181808, 3.59758615494, 9.59290218353, 5.64081954956, 3.94434022903, 2.58983802795, 2.92652225494, 2.21856188774, 5.07068252563, 3.33129572868, 3.75802469254, 1.76087915897, 1.53397333622, 1.54366517067, 0.604661941528, 0.306134283543, 0.136833369732, 0.0688457116485, 0.0191563274711, 0.00622438732535, 0.00221034674905, 0.000531798228621, 7.53157073632e-05],
        "dvar": [1.10530507565, 47.6427192688, 683.071105957, 1182.4732666, 2603.01074219, 625.021118164, 230.929336548, 178.455429077, 476.999328613, 236.971694946, 60.9636535645, 213.919525146, 64.7492523193, 34.8080978394, 20.1014156342, 25.3187294006, 15.6896886826, 13.297041893, 29.5482845306, 235.44152832, 63.8150596619, 87.8062438965, 28.2854976654, 110.41116333, 21.9583396912, 388.865386963, 134.32963562, 223.55758667, 27.9950523376, 12.9598045349, 9.99349975586, 1.42040097713, 0.320879280567, 0.0558992065489, 0.0153515944257, 0.0011849043658, 0.000227010576054, 7.77929453761e-05, 1.21330485854e-05, 1.52845643697e-07],
        "dvar2": [1.71471691132, 64.6598129272, 1887.03430176, 3299.88305664, 6853.10351562, 1794.15576172, 588.819091797, 474.327636719, 1299.41369629, 633.110534668, 157.830551147, 578.33392334, 150.834121704, 79.9935913086, 40.6124763489, 59.8350944519, 32.1677589417, 29.6923770905, 48.6694412231, 460.438690186, 151.790557861, 149.714065552, 49.2311325073, 199.279724121, 45.0537071228, 640.99786377, 259.499633789, 397.209503174, 61.3211555481, 36.4554481506, 28.4198379517, 3.72907400131, 0.807915985584, 0.13823749125, 0.0393778197467, 0.00269151548855, 0.000477810332086, 0.000147077749716, 2.39230448642e-05, 2.18573333655e-07],
        "max": [6.64813375473, 42.8728790283, 160.117202759, 196.884307861, 444.726379395, 189.386581421, 123.246124268, 152.046234131, 218.69619751, 168.993499756, 102.069572449, 195.408340454, 150.981567383, 117.227867126, 84.3850479126, 122.551223755, 87.8671722412, 120.596679688, 109.501777649, 558.920837402, 272.73236084, 267.204315186, 259.400909424, 563.007873535, 128.196456909, 489.778625488, 344.611175537, 327.174804688, 220.261764526, 74.1788711548, 28.1978359222, 12.5937929153, 4.52580070496, 2.30889940262, 1.53763973713, 0.906300783157, 0.468241363764, 0.336066603661, 0.157679915428, 0.016951078549],
        "mean": [0.452616274357, 3.6304371357, 5.93535375595, 10.5746879578, 18.0073337555, 8.00693893433, 7.44267129898, 10.0341663361, 17.9591617584, 12.3811531067, 6.14063215256, 13.5516262054, 7.15693044662, 5.49263286591, 4.75990438461, 3.26029038429, 4.60288238525, 3.85585474968, 4.69399785995, 11.6216049194, 5.84526062012, 4.69914960861, 2.91339015961, 2.98237895966, 2.16872167587, 5.97241163254, 2.78126597404, 3.21183753014, 1.18270480633, 0.715861737728, 0.627003133297, 0.300853699446, 0.167935401201, 0.079801119864, 0.0402840152383, 0.0149845583364, 0.0055711674504, 0.0020851562731, 0.000611831026617, 9.97850074782e-05],
        "median": [0.000766108802054, 0.0212117172778, 0.219152927399, 2.74372649193, 4.43731021881, 1.37743663788, 2.01815462112, 3.58956027031, 6.74196624756, 3.69094824791, 2.55408811569, 4.48456859589, 2.64206576347, 2.31998515129, 0.724203228951, 0.625061750412, 1.00149202347, 1.07287681103, 1.53003394604, 3.94414448738, 1.61541128159, 0.57875919342, 0.350326985121, 0.406818002462, 0.227004289627, 0.170331656933, 0.122050888836, 0.0658720508218, 0.0323325358331, 0.0108954776078, 0.00382541376166, 0.00133533834014, 0.000472743238788, 0.000289114308544, 0.000139358977322, 7.95001906226e-05, 2.98186278087e-05, 7.48820593799e-06, 8.04238516139e-06, 1.21489465528e-05],
        "min": [6.36920867512e-23, 4.01630543865e-22, 2.05999213942e-21, 6.38339721572e-21, 1.18174358497e-20, 4.34954862847e-20, 7.03482149671e-20, 4.67374300563e-20, 1.16942788347e-19, 3.18373545966e-19, 1.94017668367e-19, 4.3655759637e-19, 4.34751861092e-19, 8.24349948798e-19, 1.06731104098e-18, 1.03363093477e-18, 1.63962624326e-18, 1.85737037258e-18, 2.12105776748e-18, 2.84289506787e-18, 3.46450640895e-18, 4.01943065584e-18, 5.85846822451e-18, 7.30880080203e-18, 7.75137303543e-18, 8.14525907234e-18, 1.03188721736e-17, 8.65238365356e-18, 1.05844931032e-17, 1.23323596519e-17, 1.29054758752e-17, 1.02328726869e-17, 9.12431997152e-18, 6.84812572093e-18, 6.85419888099e-18, 4.36090570196e-18, 2.5034575744e-18, 9.71273303911e-19, 2.18816801625e-19, 2.71880340985e-20],
        "var": [1.74296808243, 91.9112625122, 455.990722656, 774.68762207, 2196.05957031, 402.24597168, 199.284408569, 228.843734741, 771.902893066, 430.536193848, 89.6090545654, 452.854187012, 135.860336304, 76.8455810547, 77.803565979, 56.243976593, 89.3548812866, 50.897190094, 96.5118713379, 835.63482666, 109.326805115, 229.885772705, 83.1324310303, 200.971054077, 43.3029441833, 900.878662109, 200.105484009, 371.521972656, 33.5096321106, 8.38379955292, 6.02407598495, 1.11270272732, 0.283858120441, 0.0554280988872, 0.0159869380295, 0.00267866207287, 0.000638785597403, 0.000200517461053, 3.43132269336e-05, 5.29928911419e-07]
    },
    "gfcc": {
        "mean": [-187.50213623, 143.68812561, -124.59677124, 10.5662851334, -44.246219635, -20.2863845825, -31.2139873505, -9.14746761322, -9.08246994019, -8.0491065979, -22.5632381439, -14.3784914017, -4.91931915283],
        "cov": [[36817.8046875, 951.757080078, 1088.00512695, 1980.59228516, -452.870239258, 1199.08544922, -101.39781189, -228.706970215, -484.480224609, -85.7714157104, 353.212188721, 329.115722656, -289.656890869], [951.757080078, 6613.28271484, 278.545471191, -220.708099365, 1535.11877441, -870.696533203, 195.560958862, -760.727966309, 129.511917114, -333.94543457, 287.603027344, -61.2775039673, 385.028137207], [1088.00512695, 278.545471191, 3071.94677734, 527.536254883, 339.549163818, 872.279663086, -152.468078613, 186.499343872, 73.2683792114, 59.9519996643, 5.36924505234, 136.750610352, -9.27613544464], [1980.59228516, -220.708099365, 527.536254883, 936.161987305, -33.1771774292, 357.741333008, 173.175094604, -12.9974536896, -70.8288345337, -13.7082023621, 56.6104698181, 29.6056537628, -13.140212059], [-452.870239258, 1535.11877441, 339.549163818, -33.1771774292, 813.921386719, -80.4003372192, 196.791152954, -30.8756713867, 118.448410034, -27.6244411469, 109.442680359, -25.9114131927, 104.593772888], [1199.08544922, -870.696533203, 872.279663086, 357.741333008, -80.4003372192, 648.333251953, 12.1051025391, 197.299499512, 70.5950241089, 88.2378005981, 7.34313440323, 62.044631958, -57.384929657], [-101.39781189, 195.560958862, -152.468078613, 173.175094604, 196.791152954, 12.1051025391, 415.901092529, 79.517364502, 117.284179688, 83.1432876587, 99.5645294189, -9.98514461517, 82.3778991699], [-228.706970215, -760.727966309, 186.499343872, -12.9974536896, -30.8756713867, 197.299499512, 79.517364502, 313.217468262, 96.7611083984, 100.740386963, -2.94326901436, 1.34264159203, -39.0959777832], [-484.480224609, 129.511917114, 73.2683792114, -70.8288345337, 118.448410034, 70.5950241089, 117.284179688, 96.7611083984, 220.475067139, 77.6642074585, 37.9344291687, 10.8138446808, 47.396030426], [-85.7714157104, -333.94543457, 59.9519996643, -13.7082023621, -27.6244411469, 88.2378005981, 83.1432876587, 100.740386963, 77.6642074585, 161.733840942, 51.8366737366, 21.7659492493, 25.7120857239], [353.212188721, 287.603027344, 5.36924505234, 56.6104698181, 109.442680359, 7.34313440323, 99.5645294189, -2.94326901436, 37.9344291687, 51.8366737366, 190.855651855, 68.2727584839, 57.8859672546], [329.115722656, -61.2775039673, 136.750610352, 29.6056537628, -25.9114131927, 62.044631958, -9.98514461517, 1.34264159203, 10.8138446808, 21.7659492493, 68.2727584839, 134.172531128, 42.5932617188], [-289.656890869, 385.028137207, -9.27613544464, -13.140212059, 104.593772888, -57.384929657, 82.3778991699, -39.0959777832, 47.396030426, 25.7120857239, 57.8859672546, 42.5932617188, 137.609329224]],
        "icov": [[3.94640192098e-05, -6.78149226587e-05, 4.5464039431e-05, -5.86795613344e-05, 6.25097527518e-05, -0.000142619217513, 1.94815092982e-05, -6.76549898344e-05, 0.000130899512442, -9.01019520825e-05, 3.63354251931e-06, -0.000123511839774, 0.000140856514918], [-6.78149226587e-05, 0.000831062148791, -0.000373322662199, 0.0001183624845, -0.000871040858328, 0.000984299113043, -3.3986823837e-05, 0.00136219931301, -0.0010153464973, 0.00106727157254, -0.000799252069555, 0.000820389192086, -0.00076944893226], [4.5464039431e-05, -0.000373322662199, 0.000937254633754, -0.000329859671183, -0.00025600133813, -0.00138070085086, 0.000760105962399, -0.000711209897418, 0.000566225673538, -0.000757497153245, 0.000715694797691, -0.000807979493402, 2.91949563689e-05], [-5.86795613344e-05, 0.0001183624845, -0.000329859671183, 0.0023157778196, 0.000341511069564, -0.00112407747656, -0.00183077249676, 0.00104043993633, 0.0010448229732, 0.00113078381401, -0.000611257506534, 0.000527902448084, -6.99791853549e-05], [6.25097527518e-05, -0.000871040858328, -0.00025600133813, 0.000341511069564, 0.00327535695396, -0.000458130525658, -0.00115387130063, -0.00122784369159, 0.000253072910709, 0.000499685644172, -0.000607527967077, 0.000566877250094, 0.000144990364788], [-0.000142619217513, 0.000984299113043, -0.00138070085086, -0.00112407747656, -0.000458130525658, 0.00582074606791, 0.000241135901888, 5.94804696448e-05, -0.00269992975518, 0.00038231164217, -0.000667111307848, 1.97831177502e-05, 0.000526417046785], [1.94815092982e-05, -3.3986823837e-05, 0.000760105962399, -0.00183077249676, -0.00115387130063, 0.000241135901888, 0.00568451778963, -0.00161489797756, -0.00145329965744, -0.0015931337839, -0.000861404289026, 0.001139887725, -0.0020638955757], [-6.76549898344e-05, 0.00136219931301, -0.000711209897418, 0.00104043993633, -0.00122784369159, 5.94804696448e-05, -0.00161489797756, 0.00820130761713, -0.00258753797971, -0.000261279172264, -0.000713872024789, 0.00102585123386, 0.00127525185235], [0.000130899512442, -0.0010153464973, 0.000566225673538, 0.0010448229732, 0.000253072910709, -0.00269992975518, -0.00145329965744, -0.00258753797971, 0.00920521002263, -0.00281065655872, 0.00116394076031, -0.00101779389661, -0.000748934806325], [-9.01019520825e-05, 0.00106727157254, -0.000757497153245, 0.00113078381401, 0.000499685644172, 0.00038231164217, -0.0015931337839, -0.000261279172264, -0.00281065655872, 0.0123437298462, -0.00394396530464, 0.00215667742305, -0.00280668423511], [3.63354251931e-06, -0.000799252069555, 0.000715694797691, -0.000611257506534, -0.000607527967077, -0.000667111307848, -0.000861404289026, -0.000713872024789, 0.00116394076031, -0.00394396530464, 0.0100836353377, -0.00559600675479, 0.000556641782168], [-0.000123511839774, 0.000820389192086, -0.000807979493402, 0.000527902448084, 0.000566877250094, 1.97831177502e-05, 0.001139887725, 0.00102585123386, -0.00101779389661, 0.00215667742305, -0.00559600675479, 0.0132326576859, -0.00516726402566], [0.000140856514918, -0.00076944893226, 2.91949563689e-05, -6.99791853549e-05, 0.000144990364788, 0.000526417046785, -0.0020638955757, 0.00127525185235, -0.000748934806325, -0.00280668423511, 0.000556641782168, -0.00516726402566, 0.0135663896799]]
    },
    "melbands": {
        "dmean": [0.003571721958, 0.00381312845275, 0.00258777406998, 0.0010010417318, 0.000240739056608, 0.000142782533658, 0.000157714297529, 7.02014585841e-05, 3.43862047885e-05, 4.33461682405e-05, 1.88741232705e-05, 1.25071537695e-05, 8.78377795743e-06, 5.27750626134e-06, 3.85671319236e-06, 3.55016027243e-06, 3.48282424056e-06, 3.53679843101e-06, 6.89086982675e-06, 7.25387280909e-06, 3.5372174807e-06, 2.6516872822e-06, 2.97345832223e-06, 1.41520524721e-06, 1.73906994405e-06, 1.027665121e-06, 2.36001665144e-06, 2.44369107349e-06, 1.19035303214e-06, 1.96050223167e-06, 1.51438212015e-06, 7.0594552426e-07, 5.31247508206e-07, 4.72941763974e-07, 5.7685849697e-07, 2.61664297341e-07, 2.00631902203e-07, 1.44937359892e-07, 8.28346813364e-08, 6.44664339688e-08],
        "dmean2": [0.00465992139652, 0.00572934141383, 0.00457786070183, 0.00179860764183, 0.000410818000091, 0.000241520043346, 0.000268591742497, 0.000117748211778, 5.63441353734e-05, 7.12914770702e-05, 2.95718309644e-05, 1.93599935301e-05, 1.25019842017e-05, 8.59403644426e-06, 6.04235538049e-06, 5.33896445631e-06, 5.48660864297e-06, 5.17019952895e-06, 1.02488829725e-05, 1.12869447548e-05, 5.74019259147e-06, 3.8496432353e-06, 4.11337168771e-06, 2.27941768571e-06, 2.52524228017e-06, 1.54652104811e-06, 3.01401246361e-06, 3.04145351038e-06, 1.76305593413e-06, 2.65583844339e-06, 2.09411041396e-06, 1.0883198911e-06, 8.61672447172e-07, 8.42414351609e-07, 1.04568027837e-06, 4.46976116564e-07, 3.33462082835e-07, 2.35925156744e-07, 1.3762918627e-07, 1.07604478217e-07],
        "dvar": [7.78459434514e-05, 0.000107639818452, 4.30502623203e-05, 6.39001564195e-06, 3.75625688775e-07, 9.63508952623e-08, 1.05914004678e-07, 2.07967172372e-08, 5.02970776139e-09, 6.82308254341e-09, 1.53557522253e-09, 6.56646348407e-10, 3.70750624645e-10, 1.95637520073e-10, 7.69353122876e-11, 5.41255720798e-11, 5.08995727511e-11, 6.07281031018e-11, 2.23923643516e-10, 2.71186129108e-10, 7.80163364467e-11, 5.98751742631e-11, 1.85389356644e-10, 2.50811281466e-11, 9.97932639302e-11, 2.27058614966e-11, 1.20649976121e-10, 1.31073513154e-10, 3.72608090216e-11, 1.33136127123e-10, 7.1043809724e-11, 1.32530063313e-11, 9.05446030652e-12, 3.7720681613e-12, 4.85250511648e-12, 6.4529550323e-13, 5.09824550198e-13, 1.88955432247e-13, 6.09775088495e-14, 3.46797853564e-14],
        "dvar2": [0.000101367528259, 0.000268133589998, 0.000116437819088, 1.75718068931e-05, 9.9098406281e-07, 2.54966181501e-07, 2.88655968461e-07, 5.56327286461e-08, 1.31137669612e-08, 1.86386746037e-08, 3.50923201609e-09, 1.51586687647e-09, 6.95177915233e-10, 4.62899274467e-10, 1.78730974465e-10, 1.12407784469e-10, 1.13160529558e-10, 1.0230322145e-10, 4.4604422933e-10, 5.97082994158e-10, 1.72951916677e-10, 1.0844668219e-10, 2.94611723906e-10, 5.23314100387e-11, 1.7812631925e-10, 4.13703585278e-11, 2.07533087937e-10, 2.1409125861e-10, 7.57155518838e-11, 2.45814896216e-10, 1.24127610968e-10, 2.82634020354e-11, 2.15419869443e-11, 1.08463958301e-11, 1.38733712018e-11, 1.70892781263e-12, 1.34281583249e-12, 4.7280495491e-13, 1.52256720144e-13, 8.70962441166e-14],
        "max": [0.0545157417655, 0.0697380155325, 0.0475055687129, 0.0197337716818, 0.00448381435126, 0.00358485686593, 0.00326691824012, 0.00153960776515, 0.000812056765426, 0.00105962483212, 0.000749103317503, 0.000520081608556, 0.000390118249925, 0.000369876011973, 0.000154179739184, 0.000160391122336, 0.000277398183243, 0.000155457339133, 0.000516152766068, 0.000470928382128, 0.000488268298795, 0.000317211233778, 0.000415517482907, 0.000452040781965, 0.0005425196141, 0.000241737943725, 0.000280177133391, 0.000280841253698, 0.000174569548108, 0.000262070418103, 0.000242578287725, 0.000204796655453, 0.000178431873792, 2.90429361485e-05, 2.03968465939e-05, 5.6740909713e-06, 8.79940762388e-06, 3.41579470842e-06, 2.37387098423e-06, 1.94145627574e-06],
        "mean": [0.00438445992768, 0.00375315337442, 0.00222490425222, 0.000932642724365, 0.000265434355242, 0.00023790654086, 0.000271317432635, 0.000109719141619, 5.74837504246e-05, 7.66886078054e-05, 3.37227174896e-05, 2.36038795265e-05, 1.78087811946e-05, 9.65952403931e-06, 7.83689847594e-06, 9.02455030882e-06, 7.03050682205e-06, 6.23972800895e-06, 1.28097344714e-05, 1.27569064716e-05, 5.70340398554e-06, 4.31043554272e-06, 4.79260870634e-06, 2.02611545319e-06, 2.50927087109e-06, 1.41206851367e-06, 3.20057165482e-06, 3.56807845492e-06, 1.25212272906e-06, 2.26926749747e-06, 1.68772999132e-06, 6.98041617397e-07, 4.97252074183e-07, 3.50443684738e-07, 4.07560889926e-07, 2.12315086401e-07, 1.72577415469e-07, 1.3415775868e-07, 7.51938813437e-08, 6.13936634863e-08],
        "median": [1.28720548673e-05, 4.86103162984e-05, 0.000659283483401, 0.000210908066947, 7.32266198611e-05, 8.25537717901e-05, 0.000111015840957, 3.04260338453e-05, 1.99585447263e-05, 2.52752161032e-05, 1.05219351099e-05, 9.83938389254e-06, 2.3988218345e-06, 1.11446342999e-06, 1.93011078409e-06, 1.95305278794e-06, 1.80190977517e-06, 1.78139418949e-06, 4.60654018752e-06, 4.92170693178e-06, 1.07926871351e-06, 5.06212018081e-07, 4.39744923142e-07, 1.20510051715e-07, 2.80769683059e-07, 1.34056946877e-07, 8.73246008837e-08, 9.81994361382e-08, 4.8051902013e-08, 4.70879761849e-08, 2.24340865884e-08, 1.68859664029e-08, 9.7107379915e-09, 3.74290154426e-09, 2.23751239758e-09, 1.10579057022e-09, 5.58182000621e-10, 3.25659027522e-10, 2.13307607688e-10, 2.16810763787e-10],
        "min": [1.33497215218e-24, 8.22656100831e-25, 1.57312610402e-24, 1.98833535009e-24, 2.8534512975e-24, 1.02586154242e-24, 1.66276732691e-24, 2.87031793252e-24, 1.46193645526e-24, 3.12578501465e-24, 1.66156273631e-24, 2.50649153594e-24, 3.87719888991e-24, 2.91350786986e-24, 2.99881252714e-24, 3.42700622649e-24, 2.20076494225e-24, 2.43741828343e-24, 3.83847173592e-24, 3.71626455993e-24, 3.05268482443e-24, 3.61626302956e-24, 3.79279235077e-24, 4.78196555021e-24, 5.32127740782e-24, 4.58786040803e-24, 5.73280405397e-24, 4.74499282288e-24, 5.57456486727e-24, 5.20213456201e-24, 4.92464406113e-24, 4.43414454976e-24, 4.47816219941e-24, 5.88839858448e-24, 6.09876609423e-24, 5.26861384265e-24, 6.03001686634e-24, 6.61214257185e-24, 5.78853471034e-24, 5.34447977919e-24],
        "var": [0.000145184123539, 0.000113326132123, 3.17956473737e-05, 4.90307638756e-06, 2.94516013355e-07, 1.2678975736e-07, 1.74268436126e-07, 3.49833442215e-08, 7.89680409952e-09, 1.40708262819e-08, 3.30572746954e-09, 1.46013767743e-09, 1.26428678637e-09, 4.96834573482e-10, 2.18657023043e-10, 3.6237257639e-10, 1.838067476e-10, 1.93967994444e-10, 7.5802969457e-10, 7.69159569369e-10, 1.4093638756e-10, 1.46200399009e-10, 5.22682674919e-10, 7.3078793017e-11, 1.79477016582e-10, 4.21607714018e-11, 2.56208387839e-10, 3.10483083688e-10, 5.06844531623e-11, 2.04817995897e-10, 1.19860385506e-10, 1.63022876448e-11, 8.5716494666e-12, 2.23018218476e-12, 2.85883729884e-12, 4.8398920505e-13, 4.01211616013e-13, 1.70451760345e-13, 5.5648326523e-14, 3.43551040752e-14]
    },
    "mfcc": {
        "mean": [-806.381774902, 154.2603302, -2.93554615974, 18.0442123413, 3.93956851959, -4.44381284714, -16.1067848206, -8.38193511963, 4.24493503571, 2.26217961311, -8.69847011566, -8.67122459412, -4.14413404465],
        "cov": [[18618.8925781, 3716.15136719, -265.35534668, 1463.24682617, -75.9404449463, 779.722351074, 247.318756104, 254.567169189, -152.151809692, -207.943603516, -124.027206421, 141.490188599, 67.8418960571], [3716.15136719, 5346.96630859, 85.8265304565, 379.508880615, 734.369018555, 140.971206665, 35.9676704407, -110.398498535, -8.34087753296, -211.986236572, -237.945602417, -74.9759674072, 183.772735596], [-265.35534668, 85.8265304565, 1805.44360352, 70.8676071167, 427.260223389, 433.111541748, -5.56593370438, 199.628295898, 83.685760498, 134.625823975, 75.3066558838, -24.2388954163, 17.6505012512], [1463.24682617, 379.508880615, 70.8676071167, 621.240600586, 51.1986312866, 232.800369263, 255.046600342, 107.026527405, 55.0082626343, 32.947265625, 35.7487411499, 74.193901062, 26.2296867371], [-75.9404449463, 734.369018555, 427.260223389, 51.1986312866, 449.864807129, 171.497970581, 61.324256897, 92.1213531494, 32.4021911621, 32.8679962158, 10.6614513397, -6.51498651505, 36.2626914978], [779.722351074, 140.971206665, 433.111541748, 232.800369263, 171.497970581, 379.70211792, 158.626464844, 141.172485352, 74.434715271, 72.405418396, 83.4420928955, 45.3100814819, 29.9955120087], [247.318756104, 35.9676704407, -5.56593370438, 255.046600342, 61.324256897, 158.626464844, 301.336639404, 126.006340027, 58.0964317322, 92.1186828613, 86.8046112061, 78.9023284912, 39.7132644653], [254.567169189, -110.398498535, 199.628295898, 107.026527405, 92.1213531494, 141.172485352, 126.006340027, 206.990188599, 74.0737304688, 74.5967788696, 79.8779144287, 53.250541687, 31.9945888519], [-152.151809692, -8.34087753296, 83.685760498, 55.0082626343, 32.4021911621, 74.434715271, 58.0964317322, 74.0737304688, 173.260848999, 122.759979248, 63.1606750488, 21.5750026703, 6.94632434845], [-207.943603516, -211.986236572, 134.625823975, 32.947265625, 32.8679962158, 72.405418396, 92.1186828613, 74.5967788696, 122.759979248, 255.017578125, 145.708007812, 23.2533168793, 12.5345649719], [-124.027206421, -237.945602417, 75.3066558838, 35.7487411499, 10.6614513397, 83.4420928955, 86.8046112061, 79.8779144287, 63.1606750488, 145.708007812, 181.765258789, 82.0379638672, 16.9535255432], [141.490188599, -74.9759674072, -24.2388954163, 74.193901062, -6.51498651505, 45.3100814819, 78.9023284912, 53.250541687, 21.5750026703, 23.2533168793, 82.0379638672, 129.042953491, 52.4232940674], [67.8418960571, 183.772735596, 17.6505012512, 26.2296867371, 36.2626914978, 29.9955120087, 39.7132644653, 31.9945888519, 6.94632434845, 12.5345649719, 16.9535255432, 52.4232940674, 108.348953247]],
