{
"lowlevel": {
    "average_loudness": 0.843277871609,
    "barkbands_crest": {
        "dmean": 3.20502758026,
        "dmean2": 5.27683019638,
        "dvar": 8.02319049835,
        "dvar2": 21.1504955292,
        "max": 25.8795719147,
        "mean": 14.4664325714,
        "median": 14.0649318695,
        "min": 2.39629721642,
        "var": 21.3773498535
    },
    "barkbands_flatness_db": {
        "dmean": 0.0317378900945,
        "dmean2": 0.048766516149,
        "dvar": 0.00087914080359,
        "dvar2": 0.00193245487753,
        "max": 0.518387556076,
        "mean": 0.230605214834,
        "median": 0.228790104389,
        "min": 0.0139672849327,
        "var": 0.0073500322178
    },
    "barkbands_kurtosis": {
        "dmean": 14.503821373,
        "dmean2": 23.3862075806,
        "dvar": 572.924438477,
        "dvar2": 1501.69042969,
        "max": 431.526519775,
        "mean": 30.735868454,
        "median": 20.5660438538,
        "min": -1.75834441185,
        "var": 1230.68933105
    },
    "barkbands_skewness": {
        "dmean": 1.01893532276,
        "dmean2": 1.61631679535,
        "dvar": 1.2143535614,
        "dvar2": 3.01976323128,
        "max": 17.0368080139,
        "mean": 3.95240449905,
        "median": 3.60007834435,
        "min": -2.28638219833,
        "var": 4.34661531448
    },
    "barkbands_spread": {
        "dmean": 3.06156659126,
        "dmean2": 4.80975723267,
        "dvar": 25.0142459869,
        "dvar2": 60.6977081299,
        "max": 87.7573165894,
        "mean": 8.18832874298,
        "median": 4.75792074203,
        "min": 0.187105789781,
        "var": 84.4240341187
    },
    "dissonance": {
        "dmean": 0.0215788632631,
        "dmean2": 0.0364393629134,
        "dvar": 0.000426846498158,
        "dvar2": 0.00116831017658,
        "max": 0.500000119209,
        "mean": 0.451223999262,
        "median": 0.458377093077,
        "min": 0.226784676313,
        "var": 0.0011130082421
    },
    "dynamic_complexity": 3.87804698944,
    "erbbands_crest": {
        "dmean": 2.64767050743,
        "dmean2": 4.31442975998,
        "dvar": 5.91484212875,
        "dvar2": 14.5703086853,
        "max": 27.6340026855,
        "mean": 11.193447113,
        "median": 10.5035648346,
        "min": 2.31606674194,
        "var": 21.8676967621
    },
    "erbbands_flatness_db": {
        "dmean": 0.0196519326419,
        "dmean2": 0.0301247444004,
        "dvar": 0.000370966590708,
        "dvar2": 0.000872436910868,
        "max": 0.434399724007,
        "mean": 0.166788324714,
        "median": 0.147255375981,
        "min": 0.0585516914725,
        "var": 0.00478405319154
    },
    "erbbands_kurtosis": {
        "dmean": 1.90412425995,
        "dmean2": 3.0452849865,
        "dvar": 6.50317716599,
        "dvar2": 15.6428117752,
        "max": 67.8859024048,
        "mean": 2.8689725399,
        "median": 1.46344804764,
        "min": -1.83003485203,
        "var": 21.9936828613
    },
    "erbbands_skewness": {
        "dmean": 0.460749685764,
        "dmean2": 0.725420892239,
        "dvar": 0.211953341961,
        "dvar2": 0.486871361732,
        "max": 6.39231491089,
        "mean": 1.44215536118,
        "median": 1.46828567982,
        "min": -2.28254652023,
        "var": 1.08903455734
    },
    "erbbands_spread": {
        "dmean": 9.8444442749,
        "dmean2": 15.0776548386,
        "dvar": 156.112792969,
        "dvar2": 363.085021973,
        "max": 169.083358765,
        "mean": 42.9585571289,
        "median": 40.1931381226,
        "min": 1.80665671825,
        "var": 615.895324707
    },
    "hfc": {
        "dmean": 5.69465351105,
        "dmean2": 8.72495746613,
        "dvar": 148.795974731,
        "dvar2": 362.146942139,
        "max": 125.703445435,
        "mean": 11.0164136887,
        "median": 7.37372732162,
        "min": 1.15569162088e-16,
        "var": 187.549102783
    },
    "melbands_crest": {
        "dmean": 3.73717045784,
        "dmean2": 6.13292121887,
        "dvar": 10.1996841431,
        "dvar2": 26.9237709045,
        "max": 36.9475708008,
        "mean": 18.0725822449,
        "median": 17.628786087,
        "min": 1.82322728634,
        "var": 28.4432449341
    },
    "melbands_flatness_db": {
        "dmean": 0.0359555818141,
        "dmean2": 0.0551807060838,
        "dvar": 0.00117515341844,
        "dvar2": 0.00260749505833,
        "max": 0.662571668625,
        "mean": 0.329645007849,
        "median": 0.330838561058,
        "min": 0.00702647166327,
        "var": 0.0105020329356
    },
    "melbands_kurtosis": {
        "dmean": 27.1112937927,
        "dmean2": 42.9854278564,
        "dvar": 1914.35974121,
        "dvar2": 4459.97216797,
        "max": 1331.08349609,
        "mean": 59.2466392517,
        "median": 37.9164199829,
        "min": -1.6294413805,
        "var": 4620.80371094
    },
    "melbands_skewness": {
        "dmean": 1.22030699253,
        "dmean2": 1.91731929779,
        "dvar": 1.86871397495,
        "dvar2": 4.27143239975,
        "max": 29.0167617798,
        "mean": 4.87785196304,
        "median": 4.36101436615,
        "min": -1.3439002037,
        "var": 6.07314634323
    },
    "melbands_spread": {
        "dmean": 2.71127033234,
        "dmean2": 4.41205024719,
        "dvar": 42.3957748413,
        "dvar2": 116.772155762,
        "max": 165.48475647,
        "mean": 6.96025896072,
        "median": 3.67432308197,
        "min": 0.310127347708,
        "var": 166.406158447
    },
    "pitch_salience": {
        "dmean": 0.0919953584671,
        "dmean2": 0.151812136173,
        "dvar": 0.0070750429295,
        "dvar2": 0.0190520845354,
        "max": 0.993492126465,
        "mean": 0.505744099617,
        "median": 0.507476449013,
        "min": 0.0488524325192,
        "var": 0.0198484305292
    },
    "silence_rate_20dB": {
        "dmean": 0,
        "dmean2": 0,
        "dvar": 0,
        "dvar2": 0,
        "max": 1,
        "mean": 1,
        "median": 1,
        "min": 1,
        "var": 0
    },
    "silence_rate_30dB": {
        "dmean": 0.0936586931348,
        "dmean2": 0.187332168221,
        "dvar": 0.0848939791322,
        "dvar2": 0.196137592196,
        "max": 1,
        "mean": 0.874131381512,
        "median": 1,
        "min": 0,
        "var": 0.110040098429
    },
    "silence_rate_60dB": {
        "dmean": 0.0219537243247,
        "dmean2": 0.0439109131694,
        "dvar": 0.02147433348,
        "dvar2": 0.048139680177,
        "max": 1,
        "mean": 0.123815536499,
        "median": 0,
        "min": 0,
        "var": 0.108492538333
    },
    "spectral_centroid": {
        "dmean": 144.082199097,
        "dmean2": 232.462341309,
        "dvar": 64416.4921875,
        "dvar2": 144842.4375,
        "max": 11126.1142578,
        "mean": 588.243286133,
        "median": 397.52255249,
        "min": 105.638969421,
        "var": 264123.9375
    },
    "spectral_complexity": {
        "dmean": 2.48013901711,
        "dmean2": 3.63655042648,
        "dvar": 20.0635738373,
        "dvar2": 33.4528961182,
        "max": 60,
        "mean": 8.86023330688,
        "median": 7,
        "min": 0,
        "var": 54.0073127747
    },
    "spectral_decrease": {
        "dmean": 6.11374151305e-09,
        "dmean2": 9.77912861799e-09,
        "dvar": 1.11538714628e-16,
        "dvar2": 3.03052665479e-16,
        "max": 9.29486140766e-30,
        "mean": -1.25674510798e-08,
        "median": -8.05336242138e-09,
        "min": -1.2887804246e-07,
        "var": 1.84856999804e-16
    },
    "spectral_energy": {
        "dmean": 0.023526461795,
        "dmean2": 0.0376044437289,
        "dvar": 0.00164067419246,
        "dvar2": 0.00445076823235,
        "max": 0.493761241436,
        "mean": 0.0484316200018,
        "median": 0.0313199572265,
        "min": 1.04473824172e-20,
        "var": 0.00271334592253
    },
    "spectral_energyband_high": {
        "dmean": 0.000246889016125,
        "dmean2": 0.000359549681889,
        "dvar": 4.39570754907e-07,
        "dvar2": 1.01166403965e-06,
        "max": 0.0088856741786,
        "mean": 0.000363104452845,
        "median": 0.000103831131128,
        "min": 7.80716488141e-21,
        "var": 5.45946704733e-07
    },
    "spectral_energyband_low": {
        "dmean": 0.0185139067471,
        "dmean2": 0.0294073075056,
        "dvar": 0.00123620859813,
        "dvar2": 0.003401709022,
        "max": 0.430391818285,
        "mean": 0.0328268408775,
        "median": 0.0116795478389,
        "min": 9.33446171829e-23,
        "var": 0.00205089314841
    },
    "spectral_energyband_middle_high": {
        "dmean": 0.000667150889058,
        "dmean2": 0.00103520334233,
        "dvar": 4.60640058009e-06,
        "dvar2": 1.14231215775e-05,
        "max": 0.0242090038955,
        "mean": 0.00110768503509,
        "median": 0.000335557298968,
        "min": 1.43380641927e-21,
        "var": 5.58539613849e-06
    },
    "spectral_energyband_middle_low": {
        "dmean": 0.00938471592963,
        "dmean2": 0.0161935854703,
        "dvar": 0.000352996459696,
        "dvar2": 0.000979506061412,
        "max": 0.192759871483,
        "mean": 0.0159315150231,
        "median": 0.0121588809416,
        "min": 2.41318584115e-22,
        "var": 0.000327469082549
    },
    "spectral_entropy": {
        "dmean": 0.243297666311,
        "dmean2": 0.387222915888,
        "dvar": 0.0598977617919,
        "dvar2": 0.140472143888,
        "max": 9.79371929169,
        "mean": 6.92584848404,
        "median": 7.0351600647,
        "min": 4.48421621323,
        "var": 0.543443620205
    },
    "spectral_flux": {
        "dmean": 0.0407550111413,
        "dmean2": 0.0649513527751,
        "dvar": 0.00306064705364,
        "dvar2": 0.00637389440089,
        "max": 0.597949564457,
        "mean": 0.0973835512996,
        "median": 0.075162217021,
        "min": 1.02212439901e-10,
        "var": 0.00671522133052
    },
    "spectral_kurtosis": {
        "dmean": 4.95538330078,
        "dmean2": 8.45870018005,
        "dvar": 107.490180969,
        "dvar2": 316.134094238,
        "max": 121.596511841,
        "mean": 10.9699020386,
        "median": 4.00978660583,
        "min": -1.1655421257,
        "var": 292.632843018
    },
    "spectral_rms": {
        "dmean": 0.0014342708746,
        "dmean2": 0.00220805360004,
        "dvar": 3.48969183506e-06,
        "dvar2": 8.74240868143e-06,
        "max": 0.0219480805099,
        "mean": 0.00590847758576,
        "median": 0.00552775338292,
        "min": 3.19258009786e-12,
        "var": 1.23403642647e-05
    },
    "spectral_rolloff": {
        "dmean": 163.99017334,
        "dmean2": 285.082336426,
        "dvar": 228339.765625,
        "dvar2": 564266.1875,
        "max": 18712.3535156,
        "mean": 463.159393311,
        "median": 279.931640625,
        "min": 64.599609375,
        "var": 846793
    },
    "spectral_skewness": {
        "dmean": 0.422802597284,
        "dmean2": 0.705135405064,
        "dvar": 0.415579468012,
        "dvar2": 1.21468269825,
        "max": 9.08210945129,
        "mean": 2.2280497551,
        "median": 1.74252939224,
        "min": 0.00374358007684,
        "var": 1.75873816013
    },
    "spectral_spread": {
        "dmean": 670605.75,
        "dmean2": 952082.125,
        "dvar": 673376043008,
        "dvar2": 1.17420995379e+12,
        "max": 39197464,
        "mean": 4791700.5,
        "median": 4989331,
        "min": 638198.625,
        "var": 4.50210562048e+12
    },
    "spectral_strongpeak": {
        "dmean": 0.245254293084,
        "dmean2": 0.413817435503,
        "dvar": 0.0942191928625,
        "dvar2": 0.242049276829,
        "max": 7.69664716721,
        "mean": 0.51270210743,
        "median": 0.422622174025,
        "min": 0,
        "var": 0.167458176613
    },
    "zerocrossingrate": {
        "dmean": 0.00639890227467,
        "dmean2": 0.00794357433915,
        "dvar": 6.37658376945e-05,
        "dvar2": 8.22338697617e-05,
        "max": 0.50390625,
        "mean": 0.0284382570535,
        "median": 0.02001953125,
        "min": 0.001953125,
        "var": 0.000749092025217
    },
    "barkbands": {
        "dmean": [0.000985442544334, 0.0135856894776, 0.00664564827457, 0.003670491511, 0.00522914063185, 0.00165548443329, 0.000363509985618, 0.000133064822876, 0.000139382274938, 0.000114788868814, 9.65480212471e-05, 6.8261018896e-05, 9.49656023295e-05, 6.35340838926e-05, 8.80305669853e-05, 8.68453862495e-05, 5.56483173568e-05, 6.8271314376e-05, 8.06098250905e-05, 5.8914127294e-05, 4.5334254537e-05, 4.45483128715e-05, 4.38696406491e-05, 4.22593402618e-05, 4.04025522585e-05, 1.50441974256e-05, 9.22001072468e-06],
        "dmean2": [0.00153956073336, 0.0215527433902, 0.0114073688164, 0.00660985615104, 0.00909932423383, 0.00266654090956, 0.000602966640145, 0.000220118527068, 0.000234701961745, 0.000193471467355, 0.000151761574671, 0.00011015983182, 0.000150361753185, 0.000104607213871, 0.000146453632624, 0.000132545348606, 8.54855170473e-05, 0.000108129745058, 0.000137103794259, 9.51540714595e-05, 6.8849651143e-05, 7.01408062014e-05, 6.67844651616e-05, 6.13213269389e-05, 5.82596185268e-05, 2.19733828999e-05, 1.46117345139e-05],
        "dvar": [3.82625148632e-06, 0.000677971111145, 0.000329630216584, 9.87262974377e-05, 9.35018906603e-05, 1.27379817059e-05, 8.85677707174e-07, 1.61245949926e-07, 2.12312158965e-07, 1.26295233827e-07, 1.02283756576e-07, 9.28001213651e-08, 9.48809670831e-08, 3.59983296505e-08, 1.3338213023e-07, 8.99272549759e-08, 4.1711441412e-08, 7.18597661375e-08, 1.52165128497e-07, 4.88396061371e-08, 1.97598559737e-08, 1.80140009576e-08, 1.49490428925e-08, 9.63371427076e-09, 9.0284757448e-09, 1.32946897935e-09, 1.41550915433e-09],
        "dvar2": [9.74395970843e-06, 0.00187532254495, 0.000900598068256, 0.000283406698145, 0.0002581255103, 3.28470778186e-05, 2.29635406868e-06, 3.48611450818e-07, 5.33238278422e-07, 3.29641693497e-07, 2.41639156684e-07, 2.2481880535e-07, 2.21923002641e-07, 8.93471678864e-08, 3.62732606618e-07, 2.09794691841e-07, 9.49841520992e-08, 1.56305176802e-07, 4.18552389192e-07, 1.28452185777e-07, 4.56350299771e-08, 4.51750885588e-08, 3.62546899169e-08, 2.04560137718e-08, 1.98889811287e-08, 2.97770785807e-09, 3.62942698118e-09],
        "max": [0.0362462624907, 0.317572414875, 0.245970308781, 0.11092504859, 0.102058380842, 0.0566772520542, 0.0180818960071, 0.0197003018111, 0.0261025056243, 0.00951935723424, 0.014224124141, 0.0128738190979, 0.0125404112041, 0.00564896548167, 0.00565817486495, 0.00452153477818, 0.00364698376507, 0.00435746181756, 0.0059494394809, 0.00315772276372, 0.0018521718448, 0.00220779236406, 0.00160264561418, 0.00101543660276, 0.00105488009285, 0.000501484493725, 0.000637769233435],
        "mean": [0.0012483233586, 0.0220765713602, 0.00772056588903, 0.00370637699962, 0.00831162091345, 0.00297991326079, 0.000524756149389, 0.000166735204402, 0.000214883053559, 0.000127559600514, 0.000176115019713, 8.09732882772e-05, 0.00014624177129, 9.14226402529e-05, 9.11339375307e-05, 0.00010913805454, 6.9861584052e-05, 0.000108214277134, 8.3747858298e-05, 7.68444297137e-05, 6.85859849909e-05, 6.26127948635e-05, 5.77637474635e-05, 5.6712928199e-05, 4.86272438138e-05, 1.78839200089e-05, 8.51653840073e-06],
        "median": [0.000174243934453, 0.00608200766146, 0.00129540567286, 0.00131576647982, 0.00493700848892, 0.0011582019506, 0.000145716097904, 6.08914269833e-05, 9.70134715317e-05, 2.69074407697e-05, 4.66204328404e-05, 2.4358243536e-05, 3.33716379828e-05, 2.21582304221e-05, 1.94019612536e-05, 1.74834876816e-05, 1.47634191308e-05, 1.46056936501e-05, 2.35631487158e-05, 2.2193427867e-05, 2.21001209866e-05, 1.96000055439e-05, 1.32308523462e-05, 1.04433056549e-05, 6.76519857734e-06, 2.30960813496e-06, 5.63454022995e-07],
        "min": [3.64515427135e-23, 2.36198949416e-23, 3.20683506896e-23, 4.32729365569e-23, 4.34083366427e-23, 6.47147912723e-23, 2.37969879039e-23, 9.26253416981e-24, 5.26769000764e-23, 4.6051617054e-23, 9.29902040663e-23, 4.92005667719e-23, 5.6747832555e-23, 1.36725321606e-22, 1.62682114427e-22, 1.15248425689e-22, 1.10905008032e-22, 2.76407521076e-22, 2.63252249429e-22, 4.09760758924e-22, 4.71053206532e-22, 7.31115933549e-22, 4.7461683834e-22, 6.93489313098e-22, 1.13549582806e-21, 1.86696501984e-21, 2.23584354829e-21],
        "var": [5.30431998413e-06, 0.00114239309914, 0.000275531696388, 6.50622896501e-05, 0.000104027974885, 2.65581693384e-05, 1.14070189738e-06, 2.29679287145e-07, 2.26596924335e-07, 1.19744726135e-07, 2.94617052532e-07, 9.55153609539e-08, 1.34950767006e-07, 4.59114275486e-08, 9.87442518863e-08, 1.34803428864e-07, 5.02936394753e-08, 1.58646031423e-07, 1.10417460064e-07, 4.51625687958e-08, 2.45003413113e-08, 1.88190352191e-08, 1.679241457e-08, 1.32159243549e-08, 1.14032978615e-08, 1.57617774388e-09, 1.17671339339e-09]
    },
    "erbbands": {
        "dmean": [0.487341016531, 2.89836931229, 6.9573264122, 9.84859466553, 12.8641443253, 21.7496528625, 18.6424694061, 12.0492362976, 5.49885511398, 3.99244976044, 3.14284849167, 3.34726786613, 3.16399645805, 4.11589860916, 2.83708834648, 3.0030977726, 3.90552353859, 3.66922307014, 3.49276709557, 5.12755060196, 3.32082056999, 3.20155358315, 3.50297927856, 3.0334956646, 4.93309020996, 2.6927511692, 2.23209881783, 1.6626458168, 1.61103630066, 1.46084403992, 1.23003852367, 0.835122168064, 0.776479959488, 0.424043297768, 0.318904995918, 0.0882192477584, 0.0241490509361, 0.00912738125771, 0.00139217078686, 0.000101660974906],
        "dmean2": [0.762940824032, 4.63978624344, 11.8474693298, 17.4317417145, 23.1335372925, 37.141998291, 30.1310539246, 20.5434036255, 9.28447532654, 6.61325645447, 5.22586536407, 5.555747509, 5.40716552734, 6.45201253891, 4.70814275742, 4.83509254456, 6.16681480408, 5.99186849594, 5.78041172028, 8.52128124237, 5.2700586319, 4.83187770844, 5.52163219452, 4.79369258881, 8.44438552856, 4.34317779541, 3.4675924778, 2.56199908257, 2.55220031738, 2.2730820179, 1.86901795864, 1.26074373722, 1.11167252064, 0.616821825504, 0.463124960661, 0.125986680388, 0.0368488132954, 0.0140187526122, 0.00222418201156, 0.000163894335856],
        "dvar": [0.901725411415, 31.4627456665, 313.227172852, 853.197998047, 847.733398438, 1551.55065918, 1569.90112305, 725.530334473, 156.971466064, 124.872268677, 122.040344238, 120.995094299, 103.020652771, 128.313323975, 140.972824097, 203.4818573, 195.674606323, 124.799880981, 193.601913452, 415.32635498, 129.999038696, 121.905647278, 174.927505493, 106.483207703, 626.860046387, 114.985290527, 55.1537857056, 24.2000579834, 24.8795108795, 19.8848381042, 11.1407203674, 4.34250545502, 3.2522752285, 0.923946678638, 0.646446406841, 0.0417954139411, 0.00393480900675, 0.0010574136395, 3.03214656014e-05, 1.35058627393e-07],
        "dvar2": [2.4427754879, 88.2447280884, 841.867858887, 2439.74560547, 2423.01220703, 4189.20947266, 4093.70410156, 2128.65380859, 410.503845215, 317.627868652, 269.900360107, 281.10647583, 278.392944336, 289.885955811, 375.848754883, 503.639038086, 447.901550293, 320.002410889, 523.172241211, 1162.20776367, 329.681915283, 264.64642334, 419.631958008, 252.714019775, 1742.85266113, 301.125244141, 131.293869019, 57.8251953125, 63.8580589294, 49.8025970459, 26.4319915771, 10.0162267685, 6.80541753769, 2.02685379982, 1.44508945942, 0.088150434196, 0.00943410024047, 0.00261461385526, 7.87020326243e-05, 3.57852684374e-07],
        "max": [12.6651639938, 60.1082115173, 249.177581787, 393.94229126, 328.156188965, 423.06829834, 623.109680176, 462.499786377, 161.275054932, 224.967987061, 503.856323242, 791.249206543, 296.327453613, 394.43951416, 619.602355957, 650.821716309, 635.064086914, 254.83102417, 204.996398926, 366.111114502, 250.423294067, 191.628936768, 187.298110962, 212.080551147, 380.657501221, 164.549179077, 105.465148926, 64.6868362427, 89.3312530518, 72.662322998, 43.0849266052, 26.1187858582, 17.2591495514, 9.82244110107, 8.92370700836, 2.59690380096, 0.822952210903, 0.434041082859, 0.104494482279, 0.00759392604232],
        "mean": [0.754110217094, 4.5241189003, 9.03001117706, 10.8473300934, 15.8913221359, 34.941444397, 31.7282562256, 21.2255649567, 8.29828548431, 5.43228673935, 4.21829509735, 5.29574680328, 3.78093481064, 7.36294794083, 3.98873066902, 3.50542783737, 5.57269763947, 5.77152585983, 4.49834823608, 7.32766675949, 4.20528841019, 4.14865446091, 4.89892625809, 4.3819270134, 4.99247026443, 3.4689707756, 3.48603820801, 2.34838557243, 2.21751236916, 1.99425780773, 1.58899784088, 1.10601580143, 1.00050973892, 0.535565495491, 0.36840364337, 0.11099947989, 0.0255617015064, 0.00922077335417, 0.00128507835325, 0.00012458859419],
        "median": [0.17470189929, 1.22582781315, 1.82132852077, 4.82557010651, 9.07667541504, 17.3107318878, 16.0469017029, 9.43284034729, 3.06780934334, 2.08868932724, 1.68557310104, 2.2346906662, 1.4409070015, 2.06835031509, 1.13859629631, 1.02390301228, 1.49571478367, 1.45614087582, 1.19091212749, 1.22878205776, 0.919846355915, 0.886367738247, 0.836249709129, 0.898579001427, 1.23851895332, 0.990271687508, 1.18129718304, 0.746413648129, 0.668798983097, 0.580546140671, 0.338979780674, 0.271081209183, 0.137317612767, 0.0849504247308, 0.041431453079, 0.0142352348194, 0.00284249894321, 0.000751546293031, 0.000115114584332, 5.23346643604e-05],
        "min": [3.41839001947e-22, 6.57635890402e-21, 3.2729966488e-20, 1.17208959558e-19, 7.64941022949e-20, 2.06869483071e-19, 2.52244281702e-19, 5.65779699964e-19, 4.50881831338e-19, 3.28310880254e-19, 1.81364196064e-19, 9.14580826268e-19, 1.66889147975e-18, 2.54501430119e-18, 3.07033809666e-18, 2.11310070358e-18, 2.74526955761e-18, 4.50945906817e-18, 8.92870499154e-18, 9.54057876246e-18, 5.28089473847e-18, 8.01928939121e-18, 1.21347610928e-17, 1.36007617119e-17, 1.49226244549e-17, 2.25713567841e-17, 1.74649012019e-17, 2.51759963318e-17, 2.75612047153e-17, 1.72702970366e-17, 1.27392969445e-17, 1.08999061698e-17, 1.47796297425e-17, 1.28360605326e-17, 8.49192054089e-18, 5.40316981739e-18, 3.88754291103e-18, 1.31472696605e-18, 3.18358346522e-19, 3.49665465421e-20],
        "var": [1.4157358408, 51.3275527954, 296.747711182, 558.117370605, 635.546630859, 2063.26928711, 2147.71875, 1269.5065918, 195.783996582, 150.229110718, 169.989944458, 151.556137085, 81.7587432861, 421.010437012, 147.731460571, 200.021087646, 258.855895996, 159.026123047, 165.963928223, 672.226379395, 132.761581421, 156.485061646, 255.755172729, 170.177444458, 436.427032471, 103.691833496, 64.5347671509, 28.5634593964, 25.0139122009, 20.5154914856, 12.7593593597, 5.19781160355, 4.57741975784, 1.20731306076, 0.77438211441, 0.056130040437, 0.00394287891686, 0.000979164731689, 2.43479298661e-05, 1.0665208805e-07]
    },
    "gfcc": {
        "mean": [-68.6418380737, 116.859809875, -71.0872879028, 40.0607414246, -47.5964012146, 4.94968986511, -38.5082473755, -6.86687088013, -24.980512619, -3.29777765274, -11.9554719925, -1.27736151218, -2.72683668137],
        "cov": [[13299.5244141, -2877.04492188, 1178.96472168, 1578.89501953, -441.820159912, 1153.69165039, 108.986152649, 701.051391602, -3.51037359238, 659.280883789, 10.7829742432, 294.464782715, -25.4438419342], [-2877.04492188, 2511.55200195, -311.889007568, -725.213623047, 530.201538086, -377.882568359, 115.59954834, -304.410736084, 121.778663635, -366.196014404, 37.1013641357, -166.565368652, 100.626586914], [1178.96472168, -311.889007568, 1007.48345947, 514.673461914, 82.5292816162, 365.949737549, 172.270812988, 219.377182007, 76.8877334595, 138.576004028, 30.8123664856, 36.5442352295, 15.8955955505], [1578.89501953, -725.213623047, 514.673461914, 759.800292969, -8.0965719223, 333.051055908, 152.17338562, 221.802139282, 66.419921875, 187.290908813, 54.9304161072, 34.8699493408, -8.10422801971], [-441.820159912, 530.201538086, 82.5292816162, -8.0965719223, 362.162750244, 47.0465126038, 135.14743042, 19.0765724182, 95.5322875977, -39.4442481995, 41.8502578735, -23.7248916626, 22.7312221527], [1153.69165039, -377.882568359, 365.949737549, 333.051055908, 47.0465126038, 316.433959961, 109.729377747, 172.72958374, 62.4240570068, 119.673110962, 27.5298614502, 42.0022201538, 8.26557826996], [108.986152649, 115.59954834, 172.270812988, 152.17338562, 135.14743042, 109.729377747, 186.496551514, 83.6569137573, 76.100151062, 42.0255775452, 48.3596878052, 6.48096609116, 22.068523407], [701.051391602, -304.410736084, 219.377182007, 221.802139282, 19.0765724182, 172.72958374, 83.6569137573, 174.219024658, 55.870223999, 103.541778564, 33.5786933899, 53.1576881409, 12.9531040192], [-3.51037359238, 121.778663635, 76.8877334595, 66.419921875, 95.5322875977, 62.4240570068, 76.100151062, 55.870223999, 110.664161682, 33.6766395569, 44.8294181824, 15.8636751175, 34.2496414185], [659.280883789, -366.196014404, 138.576004028, 187.290908813, -39.4442481995, 119.673110962, 42.0255775452, 103.541778564, 33.6766395569, 152.821105957, 40.8750076294, 46.823589325, 0.210856810212], [10.7829742432, 37.1013641357, 30.8123664856, 54.9304161072, 41.8502578735, 27.5298614502, 48.3596878052, 33.5786933899, 44.8294181824, 40.8750076294, 82.6685409546, 38.0334091187, 27.2138805389], [294.464782715, -166.565368652, 36.5442352295, 34.8699493408, -23.7248916626, 42.0022201538, 6.48096609116, 53.1576881409, 15.8636751175, 46.823589325, 38.0334091187, 86.8565216064, 38.4674873352], [-25.4438419342, 100.626586914, 15.8955955505, -8.10422801971, 22.7312221527, 8.26557826996, 22.068523407, 12.9531040192, 34.2496414185, 0.210856810212, 27.2138805389, 38.4674873352, 74.6132507324]],
        "icov": [[0.000139506402775, -4.72071442346e-05, 6.1162521888e-05, -0.000164267956279, 9.96933522401e-05, -0.000439634197392, 0.000139704701724, -3.76726529794e-05, 0.000193702173419, -0.000226347794523, 0.000256445637206, -0.000316523684887, 4.52930216852e-05], [-4.72071442346e-05, 0.002104079118, -0.00055995938601, 0.00149524083827, -0.00151297496632, 0.00108215573709, -0.00118332833517, 0.00104120012838, -0.00135016033892, 0.00211206125095, -0.00215418147855, 0.00348523864523, -0.00245910324156], [6.1162521888e-05, -0.00055995938601, 0.00207512290217, -0.00107615778688, 0.000239964094362, -0.00180407706648, -3.31062474288e-05, -0.000614449440036, 0.000734283181373, -0.000467961246613, 0.00110106333159, -0.000838490843307, 0.000155242305482], [-0.000164267956279, 0.00149524083827, -0.00107615778688, 0.00444348482415, -0.000317069672747, -0.000540085602552, -0.00175961235072, -0.000354538584361, -0.00065656658262, 0.000495323212817, -0.00316105503589, 0.00451652379707, -0.00149785063695], [9.96933522401e-05, -0.00151297496632, 0.000239964094362, -0.000317069672747, 0.00653076265007, -0.00205035600811, -0.0020717792213, -0.000403586775064, -0.00207264535129, 0.00116462865844, -0.000137406299473, -0.00138664268889, 0.00262237456627], [-0.000439634197392, 0.00108215573709, -0.00180407706648, -0.000540085602552, -0.00205035600811, 0.0119663020596, -0.00139500864316, -0.00422696489841, -0.00169532326981, -0.000152427208377, 0.000918340636417, 0.00136114144698, -0.00109629146755], [0.000139704701724, -0.00118332833517, -3.31062474288e-05, -0.00175961235072, -0.0020717792213, -0.00139500864316, 0.0126190418378, -0.00383479031734, -0.000540574663319, -0.00132311112247, -0.00217899028212, 0.00150056963321, -0.000548462674487], [-3.76726529794e-05, 0.00104120012838, -0.000614449440036, -0.000354538584361, -0.000403586775064, -0.00422696489841, -0.00383479031734, 0.019797636196, -0.00475108018145, -0.00306133576669, 0.00240960577503, -0.00666618486866, 0.00171132362448], [0.000193702173419, -0.00135016033892, 0.000734283181373, -0.00065656658262, -0.00207264535129, -0.00169532326981, -0.000540574663319, -0.00475108018145, 0.0199702028185, -0.00397735228762, -0.00352482777089, 0.0024654250592, -0.00567798409611], [-0.000226347794523, 0.00211206125095, -0.000467961246613, 0.000495323212817, 0.00116462865844, -0.000152427208377, -0.00132311112247, -0.00306133576669, -0.00397735228762, 0.017874294892, -0.00716242240742, 0.000560171960387, 0.00191154156346], [0.000256445637206, -0.00215418147855, 0.00110106333159, -0.00316105503589, -0.000137406299473, 0.000918340636417, -0.00217899028212, 0.00240960577503, -0.00352482777089, -0.00716242240742, 0.0259098298848, -0.0136229908094, 0.00179258396383], [-0.000316523684887, 0.00348523864523, -0.000838490843307, 0.00451652379707, -0.00138664268889, 0.00136114144698, 0.00150056963321, -0.00666618486866, 0.0024654250592, 0.000560171960387, -0.0136229908094, 0.0332419015467, -0.0164566487074], [4.52930216852e-05, -0.00245910324156, 0.000155242305482, -0.00149785063695, 0.00262237456627, -0.00109629146755, -0.000548462674487, 0.00171132362448, -0.00567798409611, 0.00191154156346, 0.00179258396383, -0.0164566487074, 0.0261577423662]]
    },
    "melbands": {
        "dmean": [0.00398605084047, 0.00340334977955, 0.00175564340316, 0.00123185617849, 0.000707559462171, 0.000270192424068, 7.96639142209e-05, 3.90691311623e-05, 2.55354934779e-05, 2.09841018659e-05, 1.60962972586e-05, 1.69180984813e-05, 1.07937257781e-05, 7.35589901524e-06, 7.7739405242e-06, 1.01506757346e-05, 6.3645170485e-06, 5.60996295462e-06, 6.5076210376e-06, 6.87190458848e-06, 3.46986894328e-06, 3.64232596439e-06, 2.37693598137e-06, 4.12696454077e-06, 2.25028588829e-06, 3.62460423275e-06, 2.88399451165e-06, 1.69468910372e-06, 1.58058981015e-06, 1.0841912399e-06, 9.68235326582e-07, 9.31197973841e-07, 8.74425722941e-07, 8.3033160081e-07, 7.61879903166e-07, 5.98654366968e-07, 4.70695539434e-07, 5.73412535232e-07, 4.53836150882e-07, 3.29341247607e-07],
        "dmean2": [0.00627091480419, 0.00560346804559, 0.00309098744765, 0.00217078113928, 0.00115924654528, 0.000453319051303, 0.000133433044539, 6.45352411084e-05, 4.24217396358e-05, 3.50133996108e-05, 2.75897309621e-05, 2.68173571385e-05, 1.76973335329e-05, 1.1686108337e-05, 1.26001086755e-05, 1.60645813594e-05, 1.04355376607e-05, 9.35673961067e-06, 1.07153109639e-05, 1.12524867291e-05, 5.58245210414e-06, 5.5659438658e-06, 3.70197381017e-06, 6.5799663389e-06, 3.60941862709e-06, 6.35303331364e-06, 4.79564187117e-06, 2.76651735476e-06, 2.53548614637e-06, 1.66581230587e-06, 1.50901246343e-06, 1.48852018356e-06, 1.40716554142e-06, 1.30688442823e-06, 1.16461114885e-06, 9.19052581594e-07, 7.1579967198e-07, 8.41356381898e-07, 6.42567556497e-07, 4.96920449677e-07],
        "dvar": [5.95843048359e-05, 5.60159460292e-05, 2.44329239649e-05, 5.39598704563e-06, 2.08753749575e-06, 3.58337587159e-07, 3.55645681793e-08, 1.1276753753e-08, 9.21629883521e-09, 4.19546797303e-09, 2.68797029079e-09, 2.21182316906e-09, 1.69700842267e-09, 1.03401565088e-09, 1.01660224683e-09, 9.84537562587e-10, 3.71787017839e-10, 4.68781125029e-10, 6.25246465713e-10, 6.32902896758e-10, 1.62540564341e-10, 1.63852043045e-10, 7.31350605077e-11, 3.63921059954e-10, 6.05306846313e-11, 3.2495417468e-10, 1.91288790363e-10, 3.65362427812e-11, 2.78314385427e-11, 1.17270091207e-11, 7.24529073889e-12, 7.72586942338e-12, 8.10336173163e-12, 6.00064962997e-12, 4.04587995051e-12, 2.85118890303e-12, 1.25126233159e-12, 1.87351523184e-12, 1.04152287923e-12, 5.76298394856e-13],
        "dvar2": [0.000162747543072, 0.000151399668539, 6.96331553627e-05, 1.51420981638e-05, 5.49818469153e-06, 1.00566956007e-06, 9.23754726045e-08, 2.85354548879e-08, 2.13775450675e-08, 9.91118742633e-09, 7.2516250782e-09, 5.21070919746e-09, 4.47309300711e-09, 2.4055493153e-09, 2.46750531119e-09, 2.38734787494e-09, 9.42733890952e-10, 1.2575710473e-09, 1.71084513223e-09, 1.63732316594e-09, 4.15128376119e-10, 3.58276158741e-10, 1.71717973174e-10, 8.03392019577e-10, 1.47849218979e-10, 9.23143284037e-10, 5.10912423479e-10, 9.55080250997e-11, 6.93615234693e-11, 2.6927545263e-11, 1.73405682174e-11, 1.96911185274e-11, 2.11637738584e-11, 1.49519684828e-11, 9.41082975436e-12, 7.03715471312e-12, 2.83171836674e-12, 4.13826828707e-12, 2.11672931787e-12, 1.31140367662e-12],
        "max": [0.100930541754, 0.11130155623, 0.0616286173463, 0.0243466403335, 0.0212258957326, 0.0101642115042, 0.00293653691188, 0.00215539173223, 0.00498129241168, 0.00443203700706, 0.00155615631957, 0.00145124399569, 0.00218161707744, 0.00118230772205, 0.00107399001718, 0.000986331142485, 0.000532989273779, 0.00043380385614, 0.000430196494563, 0.000421883392846, 0.000405517726904, 0.00026688768412, 0.000152496737428, 0.00032229689532, 0.000207653429243, 0.000244566530455, 0.000221409456572, 8.93661926966e-05, 7.54304273869e-05, 5.73610377614e-05, 4.12375520682e-05, 5.65119189559e-05, 4.11986038671e-05, 4.01308425353e-05, 2.63236797764e-05, 2.71010485449e-05, 1.50455925905e-05, 1.33395797093e-05, 9.85587666946e-06, 8.55205598782e-06],
        "mean": [0.00648268032819, 0.00516905263066, 0.00201956601813, 0.00185905024409, 0.00123125489336, 0.000484922464238, 0.000117345174658, 5.25447576365e-05, 3.35567201546e-05, 3.30426119035e-05, 1.79078178917e-05, 2.89514391625e-05, 1.6837970179e-05, 8.86148518475e-06, 9.13422263693e-06, 1.55183970492e-05, 9.92933655652e-06, 7.11507982487e-06, 8.35901209939e-06, 9.13890562515e-06, 4.19294883613e-06, 4.52547010354e-06, 3.04678587781e-06, 6.21780418442e-06, 3.07271761812e-06, 3.63047865903e-06, 2.99602243103e-06, 2.22225571633e-06, 2.34297954194e-06, 1.6260692064e-06, 1.3054293504e-06, 1.26844395254e-06, 1.15539660328e-06, 1.10616736038e-06, 9.75941134129e-07, 7.34918330636e-07, 6.28399675406e-07, 7.06563412223e-07, 6.01988745075e-07, 3.98068095819e-07],
        "median": [0.00166410952806, 0.00132852210663, 0.000999230658635, 0.00104733114131, 0.000759836868383, 0.000206739205169, 4.06669641961e-05, 1.99997521122e-05, 1.22653509607e-05, 1.34995771077e-05, 6.00997009315e-06, 8.13612859929e-06, 4.6214536269e-06, 2.83069221041e-06, 2.01520606424e-06, 3.71011537936e-06, 2.25675967158e-06, 1.64523612511e-06, 1.67354426139e-06, 1.29854117858e-06, 9.34097045047e-07, 8.89833472684e-07, 7.36130573387e-07, 6.27113820428e-07, 6.57160171613e-07, 1.04453511085e-06, 5.76823822485e-07, 6.83475946062e-07, 7.67178107708e-07, 5.73089607769e-07, 3.88630326142e-07, 3.81808149541e-07, 3.63070057574e-07, 3.0364566328e-07, 1.96038598688e-07, 1.60371200764e-07, 1.60890778034e-07, 8.89267539605e-08, 8.85829223307e-08, 6.43201190087e-08],
        "min": [5.32327204262e-24, 1.48010989752e-23, 1.75080152181e-23, 1.02027688053e-23, 8.9940942701e-24, 1.24744736421e-23, 7.22167922167e-24, 3.18147090316e-24, 1.3319337558e-24, 7.12910639444e-24, 8.4856347625e-24, 9.48426245989e-24, 1.21453024968e-23, 3.91648337413e-24, 6.77731781806e-24, 6.61984934846e-24, 7.62818319043e-24, 1.6136037798e-23, 1.06748294818e-23, 1.228130685e-23, 4.60474518684e-24, 8.01514786343e-24, 8.18957999794e-24, 1.29702577327e-23, 1.03934301752e-23, 1.03077409482e-23, 9.94227352374e-24, 1.66947580005e-23, 1.08648763291e-23, 1.06691189178e-23, 1.53176782281e-23, 1.7717856952e-23, 1.05317514129e-23, 9.03841642006e-24, 7.09101151246e-24, 7.05898139313e-24, 5.9331411973e-24, 9.7703886211e-24, 1.0561077317e-23, 1.07247927761e-23],
        "var": [9.91908163996e-05, 6.81297096889e-05, 1.64893044712e-05, 5.79421657676e-06, 2.59399712377e-06, 6.75908154335e-07, 4.4812718869e-08, 1.33893420795e-08, 1.20185337238e-08, 5.26421350955e-09, 2.12239892328e-09, 6.17325879304e-09, 2.41740738538e-09, 1.16951159868e-09, 1.23795984575e-09, 1.27317389964e-09, 4.89285167937e-10, 4.2472159123e-10, 6.33402164052e-10, 1.12427611665e-09, 1.58776505832e-10, 2.08813979996e-10, 8.09999220475e-11, 7.22623849647e-10, 8.26969326351e-11, 2.1714530174e-10, 1.4795667469e-10, 3.48599135669e-11, 3.02337564706e-11, 1.42876136269e-11, 8.60081190296e-12, 7.85822622251e-12, 7.59411023649e-12, 6.34123049209e-12, 4.8332245324e-12, 2.92486954795e-12, 1.56488884351e-12, 2.41845671094e-12, 1.54250408019e-12, 6.99542908409e-13]
    },
    "mfcc": {
        "mean": [-722.242797852, 142.784255981, 37.168132782, 36.6194534302, 14.2148551941, 12.7666740417, 0.193264648318, -2.96267819405, -5.85844421387, -4.03458404541, -6.92885017395, -6.59064102173, -4.69107913971],
        "cov": [[11279.5302734, -1988.68835449, 502.233978271, 775.28729248, 16.7722682953, 446.964782715, 371.069488525, 192.929977417, 218.937637329, 427.048400879, 271.989685059, 162.629760742, 30.1197738647], [-1988.68835449, 2006.23925781, -275.450927734, -273.93157959, 143.512161255, -71.6500854492, -92.8394470215, 26.7478237152, -1.75381910801, -141.379821777, -97.2886352539, -67.4537277222, -6.7853140831], [502.233978271, -275.450927734, 710.737792969, 262.122680664, 119.166282654, 161.234024048, 165.974273682, 103.491577148, 114.280334473, 125.656509399, 84.8375549316, 51.7327346802, 27.9195785522], [775.28729248, -273.93157959, 262.122680664, 426.714050293, 82.2917480469, 156.344070435, 153.697280884, 93.8815383911, 89.2101669312, 133.570495605, 102.24332428, 67.6861419678, 24.6958656311], [16.7722682953, 143.512161255, 119.166282654, 82.2917480469, 202.785919189, 94.0419921875, 78.2614974976, 84.1560745239, 63.5754890442, 46.3571472168, 49.3480033875, 28.1697864532, 10.9444360733], [446.964782715, -71.6500854492, 161.234024048, 156.344070435, 94.0419921875, 164.893920898, 114.582733154, 71.0194396973, 76.005821228, 89.4263916016, 62.3381271362, 41.8700141907, 26.37068367], [371.069488525, -92.8394470215, 165.974273682, 153.697280884, 78.2614974976, 114.582733154, 154.52822876, 90.0216369629, 71.3263473511, 84.8421096802, 68.1879959106, 48.9541053772, 24.9540596008], [192.929977417, 26.7478237152, 103.491577148, 93.8815383911, 84.1560745239, 71.0194396973, 90.0216369629, 123.43170929, 78.3112564087, 50.7084922791, 39.4362869263, 37.0305633545, 29.1177330017], [218.937637329, -1.75381910801, 114.280334473, 89.2101669312, 63.5754890442, 76.005821228, 71.3263473511, 78.3112564087, 111.050888062, 72.7601242065, 36.2481460571, 39.5657310486, 41.2222671509], [427.048400879, -141.379821777, 125.656509399, 133.570495605, 46.3571472168, 89.4263916016, 84.8421096802, 50.7084922791, 72.7601242065, 113.621429443, 68.9416427612, 45.1639137268, 27.3774261475], [271.989685059, -97.2886352539, 84.8375549316, 102.24332428, 49.3480033875, 62.3381271362, 68.1879959106, 39.4362869263, 36.2481460571, 68.9416427612, 98.7407531738, 54.5919914246, 9.47168159485], [162.629760742, -67.4537277222, 51.7327346802, 67.6861419678, 28.1697864532, 41.8700141907, 48.9541053772, 37.0305633545, 39.5657310486, 45.1639137268, 54.5919914246, 79.4616775513, 41.7077293396], [30.1197738647, -6.7853140831, 27.9195785522, 24.6958656311, 10.9444360733, 26.37068367, 24.9540596008, 29.1177330017, 41.2222671509, 27.3774261475, 9.47168159485, 41.7077293396, 84.1530151367]],
