{
"lowlevel": {
    "average_loudness": 0.925414443016,
    "barkbands_crest": {
        "dmean": 2.60867834091,
        "dmean2": 4.07063627243,
        "dvar": 8.56605911255,
        "dvar2": 19.1953296661,
        "max": 26.6768722534,
        "mean": 14.8041934967,
        "median": 14.4402971268,
        "min": 2.27348613739,
        "var": 35.7474937439
    },
    "barkbands_flatness_db": {
        "dmean": 0.0526211634278,
        "dmean2": 0.069439060986,
        "dvar": 0.00241420650855,
        "dvar2": 0.00425558770075,
        "max": 0.755920469761,
        "mean": 0.203873813152,
        "median": 0.18568789959,
        "min": 0.0191781502217,
        "var": 0.0105896815658
    },
    "barkbands_kurtosis": {
        "dmean": 22.612909317,
        "dmean2": 37.0299758911,
        "dvar": 5318.79980469,
        "dvar2": 15011.2255859,
        "max": 1665.48608398,
        "mean": 30.7406177521,
        "median": 9.40862464905,
        "min": -1.89772486687,
        "var": 7796.73388672
    },
    "barkbands_skewness": {
        "dmean": 1.3686709404,
        "dmean2": 2.10666871071,
        "dvar": 3.81390404701,
        "dvar2": 9.92402648926,
        "max": 36.3482589722,
        "mean": 3.45289993286,
        "median": 2.75302839279,
        "min": -3.89784622192,
        "var": 10.4087619781
    },
    "barkbands_spread": {
        "dmean": 9.89300823212,
        "dmean2": 14.5867042542,
        "dvar": 156.305023193,
        "dvar2": 312.511779785,
        "max": 124.763191223,
        "mean": 18.4296703339,
        "median": 12.7149238586,
        "min": 0.0665534436703,
        "var": 334.772094727
    },
    "dissonance": {
        "dmean": 0.0267774630338,
        "dmean2": 0.0420940183103,
        "dvar": 0.000778866175096,
        "dvar2": 0.00173797516618,
        "max": 0.500000059605,
        "mean": 0.449304431677,
        "median": 0.457970917225,
        "min": 0.0615793354809,
        "var": 0.00157469860278
    },
    "dynamic_complexity": 3.52757430077,
    "erbbands_crest": {
        "dmean": 2.99677276611,
        "dmean2": 4.62564325333,
        "dvar": 9.50219249725,
        "dvar2": 19.2492904663,
        "max": 29.6270503998,
        "mean": 10.1045751572,
        "median": 8.65299129486,
        "min": 2.41317844391,
        "var": 28.6982116699
    },
    "erbbands_flatness_db": {
        "dmean": 0.0425052568316,
        "dmean2": 0.0564191453159,
        "dvar": 0.0015574862482,
        "dvar2": 0.00256143091246,
        "max": 0.582551062107,
        "mean": 0.145639643073,
        "median": 0.131113231182,
        "min": 0.0341893322766,
        "var": 0.00435401452705
    },
    "erbbands_kurtosis": {
        "dmean": 2.91830730438,
        "dmean2": 4.63929843903,
        "dvar": 63.028213501,
        "dvar2": 163.381164551,
        "max": 287.076507568,
        "mean": 2.12223339081,
        "median": 0.12101995945,
        "min": -1.89311528206,
        "var": 61.1962394714
    },
    "erbbands_skewness": {
        "dmean": 0.713674485683,
        "dmean2": 1.03943789005,
        "dvar": 0.633541464806,
        "dvar2": 1.33332264423,
        "max": 13.0824403763,
        "mean": 0.70362752676,
        "median": 0.550702214241,
        "min": -2.97118282318,
        "var": 1.61253833771
    },
    "erbbands_spread": {
        "dmean": 22.9481983185,
        "dmean2": 33.8587150574,
        "dvar": 583.957214355,
        "dvar2": 1138.77966309,
        "max": 191.317825317,
        "mean": 54.2287597656,
        "median": 46.0896949768,
        "min": 0.817230463028,
        "var": 1216.71569824
    },
    "hfc": {
        "dmean": 13.980430603,
        "dmean2": 20.7609367371,
        "dvar": 366.536254883,
        "dvar2": 757.30255127,
        "max": 188.104766846,
        "mean": 24.4310283661,
        "median": 15.0968255997,
        "min": 1.11102730888e-16,
        "var": 637.912231445
    },
    "melbands_crest": {
        "dmean": 2.90063595772,
        "dmean2": 4.48072099686,
        "dvar": 10.5566320419,
        "dvar2": 23.9432373047,
        "max": 38.0609893799,
        "mean": 19.4818992615,
        "median": 19.2737693787,
        "min": 1.54613375664,
        "var": 59.5329704285
    },
    "melbands_flatness_db": {
        "dmean": 0.059610042721,
        "dmean2": 0.0785888507962,
        "dvar": 0.00312648992985,
        "dvar2": 0.00547642959282,
        "max": 0.892271578312,
        "mean": 0.292326807976,
        "median": 0.277688622475,
        "min": 0.00285606528632,
        "var": 0.0155151272193
    },
    "melbands_kurtosis": {
        "dmean": 43.0627059937,
        "dmean2": 69.3859558105,
        "dvar": 13597.9345703,
        "dvar2": 36361.3828125,
        "max": 2171.75634766,
        "mean": 66.3618850708,
        "median": 26.5128307343,
        "min": -1.80096960068,
        "var": 17895.3847656
    },
    "melbands_skewness": {
        "dmean": 1.80063664913,
        "dmean2": 2.7322101593,
        "dvar": 6.31072998047,
        "dvar2": 15.2034511566,
        "max": 37.8505973816,
        "mean": 5.07319641113,
        "median": 4.10043430328,
        "min": -2.18085455894,
        "var": 14.7029666901
    },
    "melbands_spread": {
        "dmean": 7.89720773697,
        "dmean2": 12.094121933,
        "dvar": 258.819549561,
        "dvar2": 600.54864502,
        "max": 232.456237793,
        "mean": 14.6981515884,
        "median": 8.0203666687,
        "min": 0.0582186020911,
        "var": 448.177276611
    },
    "pitch_salience": {
        "dmean": 0.0795318260789,
        "dmean2": 0.123318485916,
        "dvar": 0.00736343767494,
        "dvar2": 0.01649566181,
        "max": 0.964718461037,
        "mean": 0.440790057182,
        "median": 0.438872814178,
        "min": 0.0077861235477,
        "var": 0.0340220443904
    },
    "silence_rate_20dB": {
        "dmean": 0,
        "dmean2": 0,
        "dvar": 0,
        "dvar2": 0,
        "max": 1,
        "mean": 1,
        "median": 1,
        "min": 1,
        "var": 0
    },
    "silence_rate_30dB": {
        "dmean": 0.0746110007167,
        "dmean2": 0.149236425757,
        "dvar": 0.0690364092588,
        "dvar2": 0.151309922338,
        "max": 1,
        "mean": 0.759567081928,
        "median": 1,
        "min": 0,
        "var": 0.182641789317
    },
    "silence_rate_60dB": {
        "dmean": 0.0139170773327,
        "dmean2": 0.0278368443251,
        "dvar": 0.0137237710878,
        "dvar2": 0.0301517155021,
        "max": 1,
        "mean": 0.0555662922561,
        "median": 0,
        "min": 0,
        "var": 0.0524739958346
    },
    "spectral_centroid": {
        "dmean": 378.27432251,
        "dmean2": 555.432739258,
        "dvar": 242357.375,
        "dvar2": 466064.21875,
        "max": 11379.21875,
        "mean": 1025.04577637,
        "median": 775.396179199,
        "min": 52.9208908081,
        "var": 785617.5
    },
    "spectral_complexity": {
        "dmean": 4.19735193253,
        "dmean2": 6.57316827774,
        "dvar": 39.0919036865,
        "dvar2": 80.2128601074,
        "max": 63,
        "mean": 12.4131231308,
        "median": 10,
        "min": 0,
        "var": 74.0426940918
    },
    "spectral_decrease": {
        "dmean": 4.67749616817e-09,
        "dmean2": 7.07970526648e-09,
        "dvar": 6.83422180745e-17,
        "dvar2": 1.71302950636e-16,
        "max": 1.91520696831e-28,
        "mean": -1.59031223745e-08,
        "median": -1.37716487103e-08,
        "min": -8.86439366354e-08,
        "var": 2.02052470083e-16
    },
    "spectral_energy": {
        "dmean": 0.018370680511,
        "dmean2": 0.0277685150504,
        "dvar": 0.00101238652132,
        "dvar2": 0.00252468092367,
        "max": 0.338977396488,
        "mean": 0.062237970531,
        "median": 0.0547203049064,
        "min": 1.02923991435e-20,
        "var": 0.00297302962281
    },
    "spectral_energyband_high": {
        "dmean": 0.00127009779681,
        "dmean2": 0.00188293564133,
        "dvar": 3.89400474887e-06,
        "dvar2": 8.2904152805e-06,
        "max": 0.0201164968312,
        "mean": 0.0015205288073,
        "median": 0.000488441612106,
        "min": 7.30686197469e-21,
        "var": 5.71662167204e-06
    },
    "spectral_energyband_low": {
        "dmean": 0.0144899198785,
        "dmean2": 0.0215076878667,
        "dvar": 0.00088722910732,
        "dvar2": 0.00226371735334,
        "max": 0.323015272617,
        "mean": 0.0447748750448,
        "median": 0.0336609482765,
        "min": 2.03773295223e-23,
        "var": 0.00250973110087
    },
    "spectral_energyband_middle_high": {
        "dmean": 0.00207707285881,
        "dmean2": 0.00330652180128,
        "dvar": 1.94424665096e-05,
        "dvar2": 4.51787673228e-05,
        "max": 0.0678424909711,
        "mean": 0.00349838007241,
        "median": 0.000806402182207,
        "min": 1.41448500689e-21,
        "var": 4.27266859333e-05
    },
    "spectral_energyband_middle_low": {
        "dmean": 0.00586781091988,
        "dmean2": 0.00961147528142,
        "dvar": 9.95746886474e-05,
        "dvar2": 0.000250963494182,
        "max": 0.133557543159,
        "mean": 0.0132270315662,
        "median": 0.00895964168012,
        "min": 2.00917874337e-22,
        "var": 0.00017853009922
    },
    "spectral_entropy": {
        "dmean": 0.523404181004,
        "dmean2": 0.698300719261,
        "dvar": 0.261632204056,
        "dvar2": 0.403172075748,
        "max": 9.81101703644,
        "mean": 7.37341976166,
        "median": 7.56341123581,
        "min": 3.04286074638,
        "var": 0.664548873901
    },
    "spectral_flux": {
        "dmean": 0.0403516292572,
        "dmean2": 0.0621673092246,
        "dvar": 0.00269309361465,
        "dvar2": 0.0057992618531,
        "max": 0.544951975346,
        "mean": 0.0871632397175,
        "median": 0.0671083331108,
        "min": 6.32296437431e-11,
        "var": 0.00481600500643
    },
    "spectral_kurtosis": {
        "dmean": 4.66556072235,
        "dmean2": 7.18831348419,
        "dvar": 124.222579956,
        "dvar2": 284.788391113,
        "max": 343.999786377,
        "mean": 5.87509679794,
        "median": 2.585242033,
        "min": -1.22280681133,
        "var": 135.058135986
    },
    "spectral_rms": {
        "dmean": 0.00114127725828,
        "dmean2": 0.00167195755057,
        "dvar": 2.65464973381e-06,
        "dvar2": 5.7637566897e-06,
        "max": 0.0181854236871,
        "mean": 0.00687843607739,
        "median": 0.00730654923245,
        "min": 3.16881135047e-12,
        "var": 1.34071096909e-05
    },
    "spectral_rolloff": {
        "dmean": 810.289123535,
        "dmean2": 1387.43432617,
        "dvar": 3808184.25,
        "dvar2": 8212633,
        "max": 19638.28125,
        "mean": 1288.28283691,
        "median": 387.59765625,
        "min": 43.06640625,
        "var": 6420568.5
    },
    "spectral_skewness": {
        "dmean": 0.608226776123,
        "dmean2": 0.860761702061,
        "dvar": 0.623632013798,
        "dvar2": 1.24304735661,
        "max": 15.0931482315,
        "mean": 1.75150978565,
        "median": 1.47933256626,
        "min": -0.0541039183736,
        "var": 1.12105679512
    },
    "spectral_spread": {
        "dmean": 1874573.75,
        "dmean2": 2576268.5,
        "dvar": 3.00951509402e+12,
        "dvar2": 5.0470280233e+12,
        "max": 41858888,
        "mean": 6463934.5,
        "median": 6484181.5,
        "min": 307843.21875,
        "var": 8.05662831411e+12
    },
    "spectral_strongpeak": {
        "dmean": 0.283762872219,
        "dmean2": 0.482664972544,
        "dvar": 0.553283751011,
        "dvar2": 1.28915607929,
        "max": 12.5752973557,
        "mean": 0.730440378189,
        "median": 0.529538393021,
        "min": 0,
        "var": 0.868911683559
    },
    "zerocrossingrate": {
        "dmean": 0.0231704954058,
        "dmean2": 0.0272046662867,
        "dvar": 0.000862425542437,
        "dvar2": 0.00110002676956,
        "max": 0.517578125,
        "mean": 0.057287402451,
        "median": 0.03857421875,
        "min": 0.00146484375,
        "var": 0.00367310084403
    },
    "barkbands": {
        "dmean": [0.000604554195888, 0.0119826495647, 0.00310626323335, 0.00146742165089, 0.00332985934801, 0.00140280870255, 0.000449756946182, 0.000500503520016, 0.000335640710546, 0.000288996991003, 0.000232681166381, 0.00031686242437, 0.000576282327529, 0.000469767284812, 0.00025337250554, 0.000148184626596, 0.000131215681904, 9.48617816903e-05, 9.86084342003e-05, 9.79496762739e-05, 0.000204769778065, 0.000296998856356, 0.000257639330812, 0.000173105974682, 0.00020488545124, 0.000156778143719, 4.12712761317e-05],
        "dmean2": [0.000803446746431, 0.0177486706525, 0.0050516477786, 0.00266091572121, 0.00544312596321, 0.00215085712261, 0.00069833046291, 0.000798360910267, 0.000518322573043, 0.000466772617074, 0.000380988058168, 0.000547064933926, 0.000911221082788, 0.000743872078601, 0.000423030694947, 0.000252401659964, 0.00021335024212, 0.0001575051283, 0.000161618430866, 0.000155781992362, 0.000314723263728, 0.000466656143544, 0.000399334559916, 0.000266080838628, 0.000310583709506, 0.000248390424531, 6.55403273413e-05],
        "dvar": [3.05123126054e-06, 0.000689065840561, 0.000112912879558, 1.69487429957e-05, 3.68419605365e-05, 8.99494807527e-06, 9.47218495639e-07, 4.84453948957e-06, 6.77077537148e-07, 9.45280078213e-07, 5.58955889574e-07, 1.32414447762e-06, 4.86639146402e-06, 2.11985479837e-06, 4.39414037601e-07, 2.00627326308e-07, 1.07525742976e-07, 5.53086643151e-08, 6.79155007788e-08, 5.28601908911e-08, 1.479206162e-07, 4.07285710935e-07, 2.96694082635e-07, 9.6536624028e-08, 9.67815836361e-08, 7.06819136553e-08, 4.51251969125e-09],
        "dvar2": [4.74884564028e-06, 0.00176257058047, 0.000273636076599, 4.86832723254e-05, 9.32128386921e-05, 1.89084985323e-05, 1.97877716346e-06, 1.13612204586e-05, 1.35702327952e-06, 2.15266913983e-06, 1.23050722323e-06, 3.64348511539e-06, 1.16181145131e-05, 4.17590581492e-06, 1.15457180527e-06, 5.13795214374e-07, 2.69890051641e-07, 1.43118640494e-07, 1.74745210302e-07, 1.32433811473e-07, 3.59013796469e-07, 1.0665460195e-06, 7.21486401289e-07, 2.16109953044e-07, 1.90584557913e-07, 1.56445665311e-07, 9.3881951102e-09],
        "max": [0.035228651017, 0.308592647314, 0.190908193588, 0.0589469708502, 0.0762863084674, 0.084938377142, 0.0279483515769, 0.0675029754639, 0.0216205567122, 0.0243561472744, 0.0272819194943, 0.0486673675478, 0.0618920773268, 0.0316581167281, 0.0177341159433, 0.0230428352952, 0.00582882668823, 0.00510456738994, 0.00583483092487, 0.00473233265802, 0.00429601734504, 0.00764581980184, 0.00845956336707, 0.00357054895721, 0.00297312438488, 0.00359620759264, 0.000737878202926],
        "mean": [0.0023364580702, 0.0374703556299, 0.00425705499947, 0.00161587982439, 0.00576537940651, 0.00338323507458, 0.000869387120474, 0.000825305760372, 0.000617487181444, 0.000427295453846, 0.000316446501529, 0.000289651099592, 0.000889531977009, 0.000790154677816, 0.000296664074995, 0.000149108062033, 0.000167093690834, 9.23419866012e-05, 0.000108247048047, 0.000113097878057, 0.0002592507808, 0.00031450384995, 0.000294304831186, 0.000188650155906, 0.000227856915444, 0.000137737617479, 3.54397016054e-05],
        "median": [3.92948786612e-05, 0.0181110426784, 0.000983988633379, 0.000415124406572, 0.0031203252729, 0.00188759132288, 0.000371328147594, 0.000233864819165, 0.000169305276359, 7.31842956156e-05, 5.66330854781e-05, 4.33401073678e-05, 5.45596849406e-05, 4.37101916759e-05, 4.09016865888e-05, 2.47539319389e-05, 2.34593499044e-05, 2.16879561776e-05, 2.40645822487e-05, 3.93862428609e-05, 7.05484999344e-05, 9.35499556363e-05, 0.000100332435977, 2.57449755736e-05, 5.71285236219e-05, 1.8456054022e-05, 4.81657389173e-06],
        "min": [2.97122152533e-24, 6.79337665951e-24, 2.55030782884e-24, 1.17180238761e-24, 1.72719091491e-23, 1.0473182435e-23, 1.91073754831e-23, 1.54586445165e-23, 3.32679209811e-23, 2.42393211461e-23, 3.1885451711e-23, 5.04770573125e-23, 4.47685505689e-23, 4.55178895428e-23, 8.38221572891e-23, 8.1745850143e-23, 1.2230139754e-22, 1.13795962369e-22, 1.87857480568e-22, 1.86707056311e-22, 2.83533143861e-22, 4.04993464214e-22, 4.66710912213e-22, 5.20669301053e-22, 9.59509517671e-22, 1.32006019932e-21, 2.16172121838e-21],
        "var": [2.3409818823e-05, 0.00212618382648, 0.000141703116242, 1.29216450659e-05, 5.57055245736e-05, 2.69022693828e-05, 2.59611874753e-06, 1.00353145172e-05, 2.43187787419e-06, 2.04746447707e-06, 1.19266496768e-06, 1.10792029773e-06, 1.11975332402e-05, 6.26653309155e-06, 5.10338054482e-07, 1.72317513147e-07, 1.7667301222e-07, 4.95749254981e-08, 6.84829046804e-08, 5.72901477369e-08, 2.21952674906e-07, 3.83189643571e-07, 3.26165121578e-07, 1.34778503025e-07, 1.47059580513e-07, 7.28025781882e-08, 4.85604312317e-09]
    },
    "erbbands": {
        "dmean": [0.414342343807, 2.45535326004, 3.58176350594, 4.42539596558, 7.16784095764, 14.4142560959, 10.7785358429, 10.9328966141, 7.88015174866, 6.89788770676, 11.757730484, 8.61346626282, 7.68134784698, 9.51288700104, 9.30707836151, 15.5363998413, 25.8347911835, 26.8914146423, 12.9741535187, 13.1489925385, 7.97374296188, 6.5024933815, 4.95893907547, 4.92457056046, 5.26934766769, 4.65975856781, 6.99760198593, 9.54027271271, 10.7533226013, 9.45702457428, 6.30534887314, 3.26805353165, 3.02261972427, 2.13273143768, 1.56772792339, 0.696975827217, 0.297885626554, 0.0659041628242, 0.00712163327262, 0.000344861880876],
        "dmean2": [0.612316131592, 3.66478180885, 5.68276596069, 7.8005862236, 11.9999856949, 23.633266449, 17.2465629578, 16.9500255585, 12.5303668976, 10.7670736313, 18.4666671753, 12.867348671, 12.7085962296, 15.461856842, 15.173078537, 26.2374534607, 40.1579704285, 42.6787033081, 22.0626296997, 21.9540481567, 13.3914461136, 10.767364502, 8.14579677582, 8.02427959442, 8.70935344696, 7.28854894638, 10.7753353119, 14.9642133713, 17.1369056702, 14.1885318756, 9.71270084381, 5.22668457031, 4.55570697784, 3.24829649925, 2.38141059875, 1.09166693687, 0.475360631943, 0.104899138212, 0.0113302646205, 0.00054206349887],
        "dvar": [1.07399582863, 29.0876350403, 102.25932312, 227.302383423, 205.756637573, 801.167175293, 529.657104492, 519.113830566, 237.825164795, 314.825012207, 3404.64208984, 492.034179688, 570.283691406, 984.298950195, 708.678833008, 2916.27856445, 11181.1728516, 8050.38623047, 1120.83898926, 1207.75195312, 643.108398438, 224.765228271, 125.908378601, 141.142684937, 256.355041504, 98.0768432617, 179.247070312, 445.38180542, 592.047058105, 358.572692871, 154.08366394, 35.7380828857, 30.1240119934, 12.842458725, 5.63826179504, 1.16483032703, 0.302982389927, 0.013592149131, 0.000132269662572, 3.00860676816e-07],
        "dvar2": [2.76738452911, 70.5059814453, 243.754638672, 613.217346191, 530.725036621, 2021.95922852, 1291.93615723, 1138.61108398, 571.970458984, 598.463439941, 7885.46240234, 947.002197266, 1225.94372559, 2357.91845703, 1544.59448242, 7962.29443359, 25767.4238281, 16741.8183594, 2943.29907227, 3125.8684082, 1614.40710449, 577.173095703, 319.14855957, 354.229248047, 682.514587402, 238.692993164, 422.754882812, 1137.77868652, 1573.86682129, 857.562805176, 364.613555908, 88.2772140503, 63.5900154114, 24.5313110352, 11.5920600891, 2.45448160172, 0.691081881523, 0.030061038211, 0.000277518382063, 6.34170874036e-07],
        "max": [12.3648309708, 64.8697662354, 153.317825317, 280.763580322, 190.595367432, 383.337097168, 497.084716797, 611.054077148, 429.769897461, 665.336730957, 1801.68469238, 626.081542969, 644.536254883, 871.777404785, 1354.52697754, 2268.04394531, 3026.19970703, 1865.18554688, 1021.04870605, 600.608032227, 1508.75415039, 201.671035767, 219.515319824, 310.776245117, 386.802856445, 182.801040649, 219.064865112, 250.081512451, 285.543792725, 247.091720581, 198.036315918, 77.4647979736, 61.2701644897, 40.4779891968, 24.3772182465, 12.0028095245, 7.60754060745, 1.76783394814, 0.129543349147, 0.00677784625441],
        "mean": [1.21628129482, 7.65802288055, 7.36316251755, 5.0627155304, 11.1063041687, 22.8099308014, 23.4583473206, 25.9578723907, 16.074005127, 12.3019399643, 21.0271968842, 17.2770786285, 10.737616539, 13.7686891556, 12.6670398712, 16.8869285583, 42.7983055115, 46.0768852234, 15.5485620499, 15.3329172134, 8.8499879837, 7.67250680923, 5.47133016586, 5.10957765579, 5.77685689926, 5.67532444, 8.93341827393, 10.9615983963, 11.0265235901, 11.0447530746, 7.36138772964, 3.47778511047, 3.36222958565, 2.37910676003, 1.68156707287, 0.675580918789, 0.254611968994, 0.0552144907415, 0.00615770416334, 0.000358135730494],
        "median": [0.258322447538, 2.65815448761, 2.05963993073, 1.74451637268, 4.7210278511, 10.924164772, 13.2649402618, 14.0363473892, 8.13471317291, 4.7879319191, 5.2704372406, 4.61724042892, 3.40634632111, 2.57242369652, 3.05633020401, 2.89752483368, 3.00516891479, 3.16490840912, 1.97723090649, 2.16105508804, 1.53144431114, 1.35924625397, 1.41237616539, 1.10909295082, 1.50099050999, 2.01191949844, 1.86074590683, 3.51902127266, 3.19183111191, 3.33828783035, 2.60282111168, 0.665641307831, 0.428236365318, 0.388579070568, 0.475216686726, 0.145340293646, 0.0308348555118, 0.00669487100095, 0.000884489330929, 0.000144165882375],
        "min": [1.89278351587e-22, 1.63599129257e-21, 5.49882569751e-21, 7.46442776448e-21, 7.76859031521e-21, 4.67681585236e-20, 5.98187744559e-20, 1.23956336438e-19, 2.86722022663e-19, 1.77007487476e-19, 4.24601450247e-19, 6.41902133207e-19, 7.84304325887e-19, 1.11379290454e-18, 1.65387959919e-18, 1.88186215654e-18, 1.91778599016e-18, 1.94404566589e-18, 3.422213905e-18, 3.69345201133e-18, 5.35743045182e-18, 6.9972523233e-18, 6.37777014512e-18, 8.34398838732e-18, 1.25240389066e-17, 8.41614004343e-18, 1.05485148825e-17, 1.09638124895e-17, 1.49221910123e-17, 1.26303977897e-17, 1.30827373718e-17, 8.7852131435e-18, 8.89601729528e-18, 1.0302514677e-17, 6.68812127991e-18, 3.78585098088e-18, 2.4535684505e-18, 1.07600367524e-18, 2.83602104188e-19, 2.65403096736e-20],
        "var": [2.75257110596, 109.57749176, 180.035217285, 176.96913147, 291.919158936, 1136.17163086, 1243.75964355, 1580.38989258, 596.510375977, 852.220336914, 7305.13183594, 1887.33300781, 1173.77966309, 1962.52819824, 1679.01391602, 2836.57177734, 27792.3339844, 22771.2441406, 1439.78320312, 1257.90466309, 613.569763184, 274.543762207, 135.800338745, 152.327102661, 217.599609375, 117.631645203, 303.17590332, 492.026245117, 523.241699219, 429.460754395, 182.683334351, 39.917427063, 46.2263946533, 21.0597438812, 7.77466154099, 1.37333929539, 0.291318595409, 0.0134683279321, 0.000141812153743, 3.29515557951e-07]
    },
    "gfcc": {
        "mean": [-23.307384491, 79.3745269775, -65.686378479, 30.894777298, -58.136554718, 14.0560674667, -34.1979103088, -5.44059085846, -19.1765975952, 10.8999443054, -15.0117969513, 7.26889038086, -7.03204631805],
        "cov": [[18203.1816406, -1830.85632324, 7.9823718071, 920.738891602, 135.008255005, 1142.79858398, -84.0148620605, 412.83114624, -82.5112304688, 415.222625732, -214.675384521, 120.465232849, -305.555847168], [-1830.85632324, 3452.76196289, -309.770996094, -295.057067871, 395.536376953, -36.5383224487, 161.40864563, -248.496932983, 282.646179199, -75.1214447021, 193.94569397, -54.667175293, 186.908630371], [7.9823718071, -309.770996094, 1515.14331055, 543.702087402, 97.0701065063, 231.686798096, 231.186431885, 122.671417236, 95.2684402466, 139.455459595, 48.7017173767, 100.415618896, 48.3062438965], [920.738891602, -295.057067871, 543.702087402, 748.196960449, 253.674789429, 244.138931274, 201.142089844, 189.134109497, 107.166717529, 80.0359954834, 78.7989120483, 48.9151268005, 58.5789299011], [135.008255005, 395.536376953, 97.0701065063, 253.674789429, 641.337280273, 228.327682495, 168.992523193, 107.302612305, 163.214385986, 65.4022750854, 144.603744507, 19.9372959137, 54.3388061523], [1142.79858398, -36.5383224487, 231.686798096, 244.138931274, 228.327682495, 424.349334717, 159.667755127, 108.800582886, 109.339431763, 132.463943481, 54.5405082703, 39.1335716248, 0.691049396992], [-84.0148620605, 161.40864563, 231.186431885, 201.142089844, 168.992523193, 159.667755127, 251.565917969, 127.493896484, 120.298477173, 60.0599746704, 65.4085693359, 43.6629905701, 44.95677948], [412.83114624, -248.496932983, 122.671417236, 189.134109497, 107.302612305, 108.800582886, 127.493896484, 236.392074585, 94.4736328125, 41.6413192749, 11.4498996735, 32.8109550476, 16.4434280396], [-82.5112304688, 282.646179199, 95.2684402466, 107.166717529, 163.214385986, 109.339431763, 120.298477173, 94.4736328125, 184.35774231, 70.6569747925, 38.1492004395, 19.1274032593, 43.6180152893], [415.222625732, -75.1214447021, 139.455459595, 80.0359954834, 65.4022750854, 132.463943481, 60.0599746704, 41.6413192749, 70.6569747925, 132.564987183, 37.2156219482, 32.9478721619, -5.54406833649], [-214.675384521, 193.94569397, 48.7017173767, 78.7989120483, 144.603744507, 54.5405082703, 65.4085693359, 11.4498996735, 38.1492004395, 37.2156219482, 128.443817139, 30.6118412018, 39.1018447876], [120.465232849, -54.667175293, 100.415618896, 48.9151268005, 19.9372959137, 39.1335716248, 43.6629905701, 32.8109550476, 19.1274032593, 32.9478721619, 30.6118412018, 104.854896545, 32.9738922119], [-305.555847168, 186.908630371, 48.3062438965, 58.5789299011, 54.3388061523, 0.691049396992, 44.95677948, 16.4434280396, 43.6180152893, -5.54406833649, 39.1018447876, 32.9738922119, 94.6963882446]],
        "icov": [[9.50450703385e-05, -4.15713984694e-05, 7.07398066879e-05, -0.000159589239047, 4.43666749561e-06, -0.000255817227298, 0.000238054708461, -0.000197464309167, 0.000278655032162, -0.000268519244855, 0.000275203143246, -0.000167998834513, 0.000172753105289], [-4.15713984694e-05, 0.000687773223035, 3.77220544578e-06, 0.000398350442993, -0.000119013835501, 3.5389639379e-05, -0.000637613062281, 0.00134387426078, -0.00167817994952, 0.00114985683467, -0.00078877719352, 0.000430880434578, -0.000586632289924], [7.07398066879e-05, 3.77220544578e-06, 0.00109415850602, -0.000809904187918, 0.000154496869072, -0.000111832814582, -0.000523033319041, 0.000302870554151, 0.000322484091157, -0.000902453961316, 0.000603242602665, -0.000571627577301, 2.01254752028e-05], [-0.000159589239047, 0.000398350442993, -0.000809904187918, 0.0030107924249, -0.000485710887006, -0.00027684457018, -0.000827110488899, -0.000441678799689, -0.00057650078088, 0.00111908419058, -0.00121725886129, 0.00102887139656, -0.00152499647811], [4.43666749561e-06, -0.000119013835501, 0.000154496869072, -0.000485710887006, 0.00306375534274, -0.00110476859845, 0.00018953208928, -0.00030245797825, -0.00172612653114, 0.00126160355285, -0.00273729092441, 0.000404149352107, 0.000541903777048], [-0.000255817227298, 3.5389639379e-05, -0.000111832814582, -0.00027684457018, -0.00110476859845, 0.00549139594659, -0.00221728091128, 0.000408903491916, -3.34585711244e-05, -0.0030966757331, 0.000446740712505, 0.000199592162971, 0.000488666060846], [0.000238054708461, -0.000637613062281, -0.000523033319041, -0.000827110488899, 0.00018953208928, -0.00221728091128, 0.00994055718184, -0.00388507684693, -0.00121853745077, 0.000166920872289, -0.00136638211552, -0.00137082231231, 0.000280456966721], [-0.000197464309167, 0.00134387426078, 0.000302870554151, -0.000441678799689, -0.00030245797825, 0.000408903491916, -0.00388507684693, 0.0100992107764, -0.00573378242552, 0.00288282614201, 3.82607540814e-05, -0.000706067017745, 0.000130274274852], [0.000278655032162, -0.00167817994952, 0.000322484091157, -0.00057650078088, -0.00172612653114, -3.34585711244e-05, -0.00121853745077, -0.00573378242552, 0.0169430077076, -0.00939891673625, 0.00491610961035, 0.0010207319865, -0.00377129460685], [-0.000268519244855, 0.00114985683467, -0.000902453961316, 0.00111908419058, 0.00126160355285, -0.0030966757331, 0.000166920872289, 0.00288282614201, -0.00939891673625, 0.0182975511998, -0.00618474232033, -0.00232943100855, 0.00411633448675], [0.000275203143246, -0.00078877719352, 0.000603242602665, -0.00121725886129, -0.00273729092441, 0.000446740712505, -0.00136638211552, 3.82607540814e-05, 0.00491610961035, -0.00618474232033, 0.0153516763821, -0.00229763798416, -0.00306580285542], [-0.000167998834513, 0.000430880434578, -0.000571627577301, 0.00102887139656, 0.000404149352107, 0.000199592162971, -0.00137082231231, -0.000706067017745, 0.0010207319865, -0.00232943100855, -0.00229763798416, 0.0136417923495, -0.00560532743111], [0.000172753105289, -0.000586632289924, 2.01254752028e-05, -0.00152499647811, 0.000541903777048, 0.000488666060846, 0.000280456966721, 0.000130274274852, -0.00377129460685, 0.00411633448675, -0.00306580285542, -0.00560532743111, 0.0179339870811]]
    },
    "melbands": {
        "dmean": [0.00348724704236, 0.00225881114602, 0.000808754528407, 0.000796949665528, 0.000415304617491, 0.000250499811955, 0.000114313377708, 7.79946276452e-05, 9.43710183492e-05, 4.85076379846e-05, 3.84544764529e-05, 3.89912747778e-05, 3.34197211487e-05, 3.56951713911e-05, 5.2111736295e-05, 5.794630124e-05, 4.70612612844e-05, 2.18195909838e-05, 1.71331939782e-05, 1.37807355713e-05, 9.37748882279e-06, 7.30500005375e-06, 5.54421558263e-06, 4.44402121502e-06, 4.01293300456e-06, 3.70143288819e-06, 3.61002025784e-06, 3.00558872368e-06, 4.52263975603e-06, 3.8336693251e-06, 6.65791412757e-06, 6.28566158412e-06, 5.68088444197e-06, 5.91643265579e-06, 4.71802286484e-06, 1.96510927708e-06, 1.93748428501e-06, 2.15335921894e-06, 2.02067781174e-06, 1.74526201135e-06],
        "dmean2": [0.00515990285203, 0.00347800995223, 0.0014123020228, 0.00129462231416, 0.00067447143374, 0.000385895080399, 0.000181098104804, 0.000124273443362, 0.000146349222632, 7.37745212973e-05, 6.38845740468e-05, 6.3283732743e-05, 5.4266249208e-05, 6.12112198723e-05, 8.37592015159e-05, 9.12300674827e-05, 7.48578604544e-05, 3.77528194804e-05, 2.87931979983e-05, 2.3087430236e-05, 1.56808710017e-05, 1.21479451991e-05, 9.05754495761e-06, 7.3950532169e-06, 6.57266491544e-06, 6.11624955127e-06, 5.94907851337e-06, 4.712930604e-06, 7.01369526723e-06, 5.98980932409e-06, 1.06147481347e-05, 1.02121048258e-05, 8.97984136827e-06, 9.14998327062e-06, 7.3151882134e-06, 3.18959337164e-06, 3.10036148221e-06, 3.27611883222e-06, 3.06197898681e-06, 2.65700555246e-06],
        "dvar": [6.35119649814e-05, 2.72024517471e-05, 5.53177869733e-06, 2.26954466598e-06, 6.67301321755e-07, 2.72692801673e-07, 4.88846687574e-08, 4.09783673661e-08, 1.97915582589e-07, 1.44706584493e-08, 1.42983571649e-08, 1.84096879963e-08, 1.08035091984e-08, 1.78212520296e-08, 4.23660289073e-08, 3.32526148838e-08, 2.3626775203e-08, 2.99256219805e-09, 2.03835015533e-09, 1.31220012634e-09, 9.22977305695e-10, 3.32143090809e-10, 1.72800385112e-10, 1.16148909934e-10, 9.73647204527e-11, 9.52458459325e-11, 1.43013378917e-10, 3.41729526621e-11, 8.50592513091e-11, 5.35514341204e-11, 2.47999731862e-10, 2.30811508795e-10, 1.35711539229e-10, 1.703858582e-10, 1.06411872369e-10, 1.37512293219e-11, 1.30175878757e-11, 1.58646065035e-11, 1.35602674922e-11, 8.76734362193e-12],
        "dvar2": [0.000165234479937, 6.45679829177e-05, 1.48729204739e-05, 5.53475501874e-06, 1.7227959006e-06, 5.82916584335e-07, 1.1617329676e-07, 9.08818691414e-08, 4.57156289713e-07, 2.82201604307e-08, 3.08789935843e-08, 4.39448832878e-08, 2.34914665498e-08, 4.89035620888e-08, 1.03485966463e-07, 7.4437949138e-08, 4.91015548221e-08, 7.87804665947e-09, 5.36508970583e-09, 3.37111050186e-09, 2.31167307518e-09, 8.66683558254e-10, 4.17983370138e-10, 2.97294300289e-10, 2.44836539931e-10, 2.45866355053e-10, 3.82721410119e-10, 8.07953634552e-11, 1.99900096476e-10, 1.33683897285e-10, 6.4360566876e-10, 6.24763241142e-10, 3.39334782495e-10, 4.17909123973e-10, 2.55407139882e-10, 3.56423363046e-11, 3.20094957484e-11, 3.35830599441e-11, 2.93874022339e-11, 1.62907048962e-11],
        "max": [0.0984343364835, 0.0760508850217, 0.040704343468, 0.0202550683171, 0.0146803297102, 0.0146851558238, 0.00580632919446, 0.00594701012596, 0.0137705756351, 0.00340275303461, 0.0031885234639, 0.00385905592702, 0.00360331474803, 0.00601614220068, 0.00588827300817, 0.00375349167734, 0.00316710676998, 0.00143686227966, 0.000823066860903, 0.000787571305409, 0.00172879872844, 0.000246510084253, 0.000290023890557, 0.000285897403955, 0.000269828713499, 0.000210938844248, 0.000308750924887, 9.80574768619e-05, 0.000159283299581, 0.000104466802441, 0.000187458237633, 0.00020392582519, 0.000127490988234, 0.000186537828995, 0.000178761489224, 6.88557265676e-05, 4.33117274952e-05, 4.56076595583e-05, 4.17009578086e-05, 3.63211729564e-05],
        "mean": [0.0108353737742, 0.00625532120466, 0.00100186676718, 0.00130065192934, 0.000863021181431, 0.000600329542067, 0.000232205711654, 0.000131389810122, 0.000175066219526, 9.22090330278e-05, 5.09393903485e-05, 5.55628139409e-05, 4.66167548439e-05, 3.41245249729e-05, 7.33385895728e-05, 9.83247882687e-05, 7.892352005e-05, 2.35935658566e-05, 1.91807866941e-05, 1.55659254233e-05, 1.03124639281e-05, 8.50064043334e-06, 6.39408926872e-06, 4.46042486146e-06, 4.02224350182e-06, 4.04327420256e-06, 3.89158276448e-06, 3.59796763405e-06, 5.54487087356e-06, 4.90690490551e-06, 7.19869740351e-06, 6.20127184447e-06, 6.05876584814e-06, 6.68025904815e-06, 5.3230278354e-06, 2.09258746509e-06, 2.02777391678e-06, 2.39557493842e-06, 2.20737751988e-06, 1.92813899957e-06],
        "median": [0.00379736628383, 0.00223993696272, 0.000345960172126, 0.000619166472461, 0.000529006589204, 0.000330477458192, 0.000115419970825, 4.7889763664e-05, 4.24597164965e-05, 2.50583580055e-05, 1.35911868711e-05, 9.00588383956e-06, 9.36446303967e-06, 5.22179652762e-06, 5.30017268829e-06, 6.49720641377e-06, 4.38371625933e-06, 2.27295595323e-06, 2.96120128951e-06, 2.24520522352e-06, 1.32008972287e-06, 1.33273147185e-06, 1.14395186301e-06, 1.00980253137e-06, 7.41617327549e-07, 9.23860511648e-07, 1.18113575809e-06, 1.31341585075e-06, 1.06724633042e-06, 1.24033272186e-06, 2.19692401515e-06, 1.90678224499e-06, 1.44916668887e-06, 2.06195909414e-06, 1.8653946654e-06, 4.30133837881e-07, 3.1723027405e-07, 2.89831518785e-07, 2.88870381837e-07, 3.03440572225e-07],
        "min": [2.93230228371e-24, 2.7625366559e-24, 2.84307994597e-24, 2.364615691e-24, 3.62120918743e-24, 2.76381973816e-24, 4.20100459783e-24, 1.88160542784e-24, 3.82274697707e-24, 4.5479101252e-24, 3.01098228432e-24, 3.84288659598e-24, 4.79971058185e-24, 5.28545089538e-24, 4.3842853851e-24, 3.62407788011e-24, 3.71599792494e-24, 4.65961085723e-24, 5.20770194785e-24, 4.87505429247e-24, 5.85331596787e-24, 6.64149332512e-24, 6.02084280844e-24, 5.37571354344e-24, 6.1880742206e-24, 8.1975814141e-24, 6.69082316411e-24, 5.11692614576e-24, 4.43334109493e-24, 6.93328666307e-24, 5.66942223567e-24, 7.79041795762e-24, 7.12767303417e-24, 6.23895101582e-24, 7.53602924834e-24, 5.94469919286e-24, 4.56608626932e-24, 5.65792734899e-24, 6.98745143055e-24, 8.8484602918e-24],
        "var": [0.000180209011887, 7.4353934906e-05, 4.76036711916e-06, 3.51410153598e-06, 1.30858188641e-06, 8.37895640871e-07, 1.26900999931e-07, 9.02335912656e-08, 4.32014957141e-07, 5.41479074911e-08, 2.9184406003e-08, 3.7291375321e-08, 2.3837316121e-08, 1.55021950832e-08, 8.95231764275e-08, 8.61126494556e-08, 6.65293313773e-08, 3.64286423249e-09, 1.98119565198e-09, 1.34320643497e-09, 9.79208603091e-10, 4.16206319409e-10, 2.76662470711e-10, 1.18074258704e-10, 1.06438885483e-10, 9.78808076257e-11, 1.13192684392e-10, 4.66809056687e-11, 1.37387254351e-10, 8.28618770821e-11, 2.50297976789e-10, 1.87412460551e-10, 1.4339986143e-10, 1.8413622016e-10, 1.17431786517e-10, 1.54839405186e-11, 1.44471049707e-11, 2.35223958367e-11, 2.12146619716e-11, 1.41684147054e-11]
    },
    "mfcc": {
        "mean": [-681.914672852, 117.550735474, 41.4520187378, 27.4716529846, 1.13990426064, 21.168964386, -7.40397834778, -2.65986847878, -2.72405171394, -2.14379620552, 2.19381713867, -2.16268062592, 3.00190877914],
        "cov": [[12080.4736328, -671.605224609, -367.31930542, -31.259727478, 365.858612061, 290.909912109, 256.920684814, 124.567771912, 219.023239136, 128.227264404, 192.08934021, 75.6344223022, -34.5761947632], [-671.605224609, 2971.65234375, -257.903198242, -13.7346754074, 35.9629440308, 315.795349121, -165.776885986, 61.013633728, -31.8901062012, 41.5687065125, 94.4447097778, 26.3109836578, 109.770706177], [-367.31930542, -257.903198242, 1205.91992188, 344.195495605, 40.25548172, 179.640396118, 144.220504761, 77.233795166, 107.115539551, 50.8241500854, 59.8204078674, 41.3313598633, 72.1741409302], [-31.259727478, -13.7346754074, 344.195495605, 514.719665527, 219.304382324, 150.23651123, 152.341995239, 149.112380981, 111.060920715, 82.0338439941, 54.3828239441, 77.232093811, 72.5222015381], [365.858612061, 35.9629440308, 40.25548172, 219.304382324, 441.527008057, 185.45930481, 194.652526855, 109.833137512, 103.577583313, 110.925598145, 77.5777435303, 93.8801803589, 46.3559570312], [290.909912109, 315.795349121, 179.640396118, 150.23651123, 185.45930481, 368.265716553, 124.583862305, 111.400741577, 97.6218338013, 95.0412826538, 118.42817688, 78.8679656982, 87.0894088745], [256.920684814, -165.776885986, 144.220504761, 152.341995239, 194.652526855, 124.583862305, 252.73815918, 116.000244141, 84.5884475708, 77.0526428223, 59.6142311096, 86.9364471436, 37.6259346008], [124.567771912, 61.013633728, 77.233795166, 149.112380981, 109.833137512, 111.400741577, 116.000244141, 196.296722412, 131.604293823, 77.486907959, 59.8737068176, 71.6665115356, 70.3237762451], [219.023239136, -31.8901062012, 107.115539551, 111.060920715, 103.577583313, 97.6218338013, 84.5884475708, 131.604293823, 179.923980713, 111.467346191, 58.833404541, 64.4954528809, 66.1861572266], [128.227264404, 41.5687065125, 50.8241500854, 82.0338439941, 110.925598145, 95.0412826538, 77.0526428223, 77.486907959, 111.467346191, 139.396316528, 78.3236160278, 62.9233970642, 46.0426254272], [192.08934021, 94.4447097778, 59.8204078674, 54.3828239441, 77.5777435303, 118.42817688, 59.6142311096, 59.8737068176, 58.833404541, 78.3236160278, 119.4192276, 63.5151901245, 43.2794761658], [75.6344223022, 26.3109836578, 41.3313598633, 77.232093811, 93.8801803589, 78.8679656982, 86.9364471436, 71.6665115356, 64.4954528809, 62.9233970642, 63.5151901245, 106.144775391, 54.2211380005], [-34.5761947632, 109.770706177, 72.1741409302, 72.5222015381, 46.3559570312, 87.0894088745, 37.6259346008, 70.3237762451, 66.1861572266, 46.0426254272, 43.2794761658, 54.2211380005, 101.290100098]],
