{
"lowlevel": {
    "average_loudness": 0.8817486763,
    "barkbands_crest": {
        "dmean": 2.48539614677,
        "dmean2": 4.04330873489,
        "dvar": 4.71905565262,
        "dvar2": 12.1058893204,
        "max": 23.0639743805,
        "mean": 9.42142486572,
        "median": 8.40429115295,
        "min": 2.75276303291,
        "var": 15.9330348969
    },
    "barkbands_flatness_db": {
        "dmean": 0.0191975198686,
        "dmean2": 0.0294270329177,
        "dvar": 0.000265419570496,
        "dvar2": 0.000591252755839,
        "max": 0.319312393665,
        "mean": 0.137054651976,
        "median": 0.135603636503,
        "min": 0.0495512932539,
        "var": 0.00103314127773
    },
    "barkbands_kurtosis": {
        "dmean": 2.04621219635,
        "dmean2": 3.23638248444,
        "dvar": 9.8689031601,
        "dvar2": 23.1228599548,
        "max": 150.371047974,
        "mean": 2.76282191277,
        "median": 1.96659755707,
        "min": -1.8509260416,
        "var": 17.2945957184
    },
    "barkbands_skewness": {
        "dmean": 0.459616601467,
        "dmean2": 0.720842897892,
        "dvar": 0.184389322996,
        "dvar2": 0.436761200428,
        "max": 11.1947345734,
        "mean": 1.20043540001,
        "median": 1.16386628151,
        "min": -3.11144375801,
        "var": 0.507660806179
    },
    "barkbands_spread": {
        "dmean": 4.90616321564,
        "dmean2": 7.41140270233,
        "dvar": 33.0716781616,
        "dvar2": 69.0855789185,
        "max": 108.605316162,
        "mean": 18.6560840607,
        "median": 12.3074274063,
        "min": 1.84669315815,
        "var": 342.507843018
    },
    "dissonance": {
        "dmean": 0.0271639991552,
        "dmean2": 0.0453618578613,
        "dvar": 0.000673280912451,
        "dvar2": 0.00184926972724,
        "max": 0.499999970198,
        "mean": 0.447247624397,
        "median": 0.45440787077,
        "min": 0.223633229733,
        "var": 0.00147651508451
    },
    "dynamic_complexity": 3.25981473923,
    "erbbands_crest": {
        "dmean": 3.26518893242,
        "dmean2": 5.37609434128,
        "dvar": 8.69487476349,
        "dvar2": 21.9139385223,
        "max": 28.419834137,
        "mean": 9.81932353973,
        "median": 9.02587509155,
        "min": 2.34718680382,
        "var": 17.7839775085
    },
    "erbbands_flatness_db": {
        "dmean": 0.0172155052423,
        "dmean2": 0.0269452352077,
        "dvar": 0.000222026807023,
        "dvar2": 0.000514015380759,
        "max": 0.319683015347,
        "mean": 0.181641668081,
        "median": 0.184177160263,
        "min": 0.0367729514837,
        "var": 0.00163721619174
    },
    "erbbands_kurtosis": {
        "dmean": 1.27980482578,
        "dmean2": 2.04963135719,
        "dvar": 2.4480509758,
        "dvar2": 5.92200613022,
        "max": 25.660943985,
        "mean": 0.714440643787,
        "median": 0.223108768463,
        "min": -1.77207291126,
        "var": 4.01041316986
    },
    "erbbands_skewness": {
        "dmean": 0.45565199852,
        "dmean2": 0.701222836971,
        "dvar": 0.169839307666,
        "dvar2": 0.378218501806,
        "max": 3.84278559685,
        "mean": 0.463717997074,
        "median": 0.533276975155,
        "min": -3.92772054672,
        "var": 0.566130280495
    },
    "erbbands_spread": {
        "dmean": 6.83628416061,
        "dmean2": 10.640537262,
        "dvar": 48.350944519,
        "dvar2": 105.450874329,
        "max": 109.294372559,
        "mean": 25.9021625519,
        "median": 23.4344329834,
        "min": 3.23186707497,
        "var": 159.895645142
    },
    "hfc": {
        "dmean": 6.03877735138,
        "dmean2": 9.03869724274,
        "dvar": 92.4108505249,
        "dvar2": 206.188156128,
        "max": 165.882324219,
        "mean": 16.1528911591,
        "median": 13.0113201141,
        "min": 4.01284125928e-08,
        "var": 183.333190918
    },
    "melbands_crest": {
        "dmean": 3.44099903107,
        "dmean2": 5.5997133255,
        "dvar": 8.40121555328,
        "dvar2": 21.6171722412,
        "max": 34.6161499023,
        "mean": 13.1924333572,
        "median": 11.7459535599,
        "min": 3.55065226555,
        "var": 33.2262306213
    },
    "melbands_flatness_db": {
        "dmean": 0.0249649509788,
        "dmean2": 0.0373502746224,
        "dvar": 0.000520918983966,
        "dvar2": 0.0010813283734,
        "max": 0.454915702343,
        "mean": 0.220049917698,
        "median": 0.22616109252,
        "min": 0.021908769384,
        "var": 0.00261313584633
    },
    "melbands_kurtosis": {
        "dmean": 3.56657266617,
        "dmean2": 5.7712059021,
        "dvar": 98.2224731445,
        "dvar2": 243.822921753,
        "max": 468.049621582,
        "mean": 5.75018358231,
        "median": 3.67930841446,
        "min": -1.79927301407,
        "var": 157.836105347
    },
    "melbands_skewness": {
        "dmean": 0.582574784756,
        "dmean2": 0.911291956902,
        "dvar": 0.364561080933,
        "dvar2": 0.879458010197,
        "max": 17.7489643097,
        "mean": 1.71212768555,
        "median": 1.57925021648,
        "min": -2.05456423759,
        "var": 1.21601986885
    },
    "melbands_spread": {
        "dmean": 6.81953668594,
        "dmean2": 10.4472045898,
        "dvar": 86.1085205078,
        "dvar2": 188.840103149,
        "max": 193.938980103,
        "mean": 21.7186985016,
        "median": 15.1386508942,
        "min": 0.767339229584,
        "var": 413.881286621
    },
    "pitch_salience": {
        "dmean": 0.06578489393,
        "dmean2": 0.107586950064,
        "dvar": 0.00284983497113,
        "dvar2": 0.00736985867843,
        "max": 0.848856985569,
        "mean": 0.571542680264,
        "median": 0.587887644768,
        "min": 0.121209420264,
        "var": 0.0118446797132
    },
    "silence_rate_20dB": {
        "dmean": 0,
        "dmean2": 0,
        "dvar": 0,
        "dvar2": 0,
        "max": 1,
        "mean": 1,
        "median": 1,
        "min": 1,
        "var": 0
    },
    "silence_rate_30dB": {
        "dmean": 0.000566331611481,
        "dmean2": 0.0011327433167,
        "dvar": 0.00056601484539,
        "dvar2": 0.00155632651877,
        "max": 1,
        "mean": 0.999575257301,
        "median": 1,
        "min": 0,
        "var": 0.000424548226874
    },
    "silence_rate_60dB": {
        "dmean": 0.00353957246989,
        "dmean2": 0.00707964599133,
        "dvar": 0.00352710369043,
        "dvar2": 0.00844595115632,
        "max": 1,
        "mean": 0.0826077759266,
        "median": 0,
        "min": 0,
        "var": 0.0757827982306
    },
    "spectral_centroid": {
        "dmean": 256.289550781,
        "dmean2": 374.718292236,
        "dvar": 118007.515625,
        "dvar2": 218532.046875,
        "max": 10403.3984375,
        "mean": 1174.01293945,
        "median": 843.131225586,
        "min": 316.362792969,
        "var": 647733.5
    },
    "spectral_complexity": {
        "dmean": 3.52867054939,
        "dmean2": 5.21642494202,
        "dvar": 16.2042484283,
        "dvar2": 30.3159980774,
        "max": 55,
        "mean": 17.6233444214,
        "median": 17,
        "min": 0,
        "var": 75.1463699341
    },
    "spectral_decrease": {
        "dmean": 1.74551939569e-09,
        "dmean2": 2.66387534253e-09,
        "dvar": 3.42029980906e-18,
        "dvar2": 7.87525491269e-18,
        "max": -8.55333026155e-21,
        "mean": -5.9608207259e-09,
        "median": -5.47334266798e-09,
        "min": -4.77172896751e-08,
        "var": 1.32588631494e-17
    },
    "spectral_energy": {
        "dmean": 0.00700845150277,
        "dmean2": 0.0106697725132,
        "dvar": 5.5011936638e-05,
        "dvar2": 0.000125633523567,
        "max": 0.185930728912,
        "mean": 0.0239627156407,
        "median": 0.0220300331712,
        "min": 3.67204704144e-12,
        "var": 0.000213634339161
    },
    "spectral_energyband_high": {
        "dmean": 0.000151371059474,
        "dmean2": 0.000233626153204,
        "dvar": 2.35682534822e-07,
        "dvar2": 5.71508792291e-07,
        "max": 0.00980907306075,
        "mean": 0.00018499372527,
        "median": 4.97777582495e-05,
        "min": 2.72823755774e-12,
        "var": 2.49789707141e-07
    },
    "spectral_energyband_low": {
        "dmean": 0.00217075436376,
        "dmean2": 0.00357761839405,
        "dvar": 1.57197537192e-05,
        "dvar2": 4.25080834248e-05,
        "max": 0.156314820051,
        "mean": 0.00354707310908,
        "median": 0.00204223464243,
        "min": 1.87098139716e-13,
        "var": 2.31378708122e-05
    },
    "spectral_energyband_middle_high": {
        "dmean": 0.00201528356411,
        "dmean2": 0.00313665112481,
        "dvar": 1.00519773696e-05,
        "dvar2": 2.36393643718e-05,
        "max": 0.0525835677981,
        "mean": 0.00430473638698,
        "median": 0.00311640533619,
        "min": 2.97642498755e-13,
        "var": 1.88413578144e-05
    },
    "spectral_energyband_middle_low": {
        "dmean": 0.00562092894688,
        "dmean2": 0.00852717924863,
        "dvar": 3.75644121959e-05,
        "dvar2": 8.26578543638e-05,
        "max": 0.122607499361,
        "mean": 0.0163597166538,
        "median": 0.0142851704732,
        "min": 9.5575003261e-14,
        "var": 0.000133349996759
    },
    "spectral_entropy": {
        "dmean": 0.155562579632,
        "dmean2": 0.234366163611,
        "dvar": 0.0213363412768,
        "dvar2": 0.0435865782201,
        "max": 9.78433513641,
        "mean": 7.26615953445,
        "median": 7.22334194183,
        "min": 5.69518661499,
        "var": 0.232323780656
    },
    "spectral_flux": {
        "dmean": 0.0177617520094,
        "dmean2": 0.0294539704919,
        "dvar": 0.000268249743385,
        "dvar2": 0.000706883030944,
        "max": 0.368547528982,
        "mean": 0.0814896225929,
        "median": 0.0819331035018,
        "min": 3.41016020684e-05,
        "var": 0.00110977445729
    },
    "spectral_kurtosis": {
        "dmean": 2.40195274353,
        "dmean2": 3.88643670082,
        "dvar": 5.53996610641,
        "dvar2": 13.1900320053,
        "max": 34.5534515381,
        "mean": 10.1184005737,
        "median": 9.82626819611,
        "min": -1.20449304581,
        "var": 24.5770740509
    },
    "spectral_rms": {
        "dmean": 0.000668678840157,
        "dmean2": 0.00101498526055,
        "dvar": 3.57640885795e-07,
        "dvar2": 8.3200006884e-07,
        "max": 0.0134683270007,
        "mean": 0.00454198895022,
        "median": 0.00463602365926,
        "min": 5.98538605345e-08,
        "var": 2.74853528026e-06
    },
    "spectral_rolloff": {
        "dmean": 441.385284424,
        "dmean2": 733.973937988,
        "dvar": 451506.40625,
        "dvar2": 996558.5625,
        "max": 18410.8886719,
        "mean": 1355.79150391,
        "median": 882.861328125,
        "min": 64.599609375,
        "var": 1718918.75
    },
    "spectral_skewness": {
        "dmean": 0.338626474142,
        "dmean2": 0.496711134911,
        "dvar": 0.131317034364,
        "dvar2": 0.257034242153,
        "max": 4.82147073746,
        "mean": 2.20441651344,
        "median": 2.2306406498,
        "min": 0.0305571593344,
        "var": 0.617641568184
    },
    "spectral_spread": {
        "dmean": 246421.75,
        "dmean2": 400153.5,
        "dvar": 133685420032,
        "dvar2": 214516432896,
        "max": 40289928,
        "mean": 3438823.5,
        "median": 3048749.75,
        "min": 1504763.75,
        "var": 2.29348920525e+12
    },
    "spectral_strongpeak": {
        "dmean": 0.62622153759,
        "dmean2": 1.04504442215,
        "dvar": 0.538968026638,
        "dvar2": 1.38962173462,
        "max": 8.66401767731,
        "mean": 1.10017776489,
        "median": 0.903309702873,
        "min": 0,
        "var": 0.846285462379
    },
    "zerocrossingrate": {
        "dmean": 0.00796103104949,
        "dmean2": 0.0096072666347,
        "dvar": 7.93204162619e-05,
        "dvar2": 0.000117578412755,
        "max": 0.49169921875,
        "mean": 0.0521237738431,
        "median": 0.04052734375,
        "min": 0.0126953125,
        "var": 0.00134654599242
    },
    "barkbands": {
        "dmean": [0.000136323826155, 0.000804492738098, 0.00142811925616, 0.000587943883147, 0.00172232673503, 0.00212197401561, 0.00150858203415, 0.00150698958896, 0.0021826880984, 0.000535117113031, 0.000645464868285, 0.000248160940828, 0.000428900268162, 0.000172228639713, 0.000215091567952, 0.000220584493945, 0.00044811234693, 0.000163936143508, 0.000324887427269, 0.000211762933759, 5.69413532503e-05, 3.63841063518e-05, 6.50198035146e-06, 2.0219806629e-06, 8.83201039414e-07, 7.69839971326e-07, 1.73435842044e-06],
        "dmean2": [0.000257730513113, 0.00136674649548, 0.00237704906613, 0.000987935694866, 0.00269393483177, 0.00287331850268, 0.00233405060135, 0.00233352882788, 0.00352423498407, 0.000855973863509, 0.00105028995313, 0.000399162148824, 0.000705990591086, 0.000293164077448, 0.000360716250725, 0.000363990111509, 0.000723998236936, 0.000260990083916, 0.000513160252012, 0.000342860468663, 8.95564298844e-05, 5.8208595874e-05, 1.04282071334e-05, 3.27548036694e-06, 1.46431364101e-06, 1.28099964058e-06, 2.94528490485e-06],
        "dvar": [1.50264405363e-08, 2.90439948003e-06, 7.80474420026e-06, 9.97425104288e-07, 6.72633723298e-06, 9.62714057096e-06, 5.2698565014e-06, 5.92796504861e-06, 1.32579643832e-05, 1.031559691e-06, 3.29164640789e-06, 1.52903751882e-07, 5.55731503482e-07, 1.12571491684e-07, 1.40418961792e-07, 2.38749606751e-07, 1.45510591665e-06, 1.97391003098e-07, 8.93028470728e-07, 4.07536447256e-07, 3.58034135672e-08, 2.84099517245e-08, 6.68966493311e-10, 4.19277945696e-11, 1.65591401268e-12, 3.91627295914e-13, 1.76416520281e-12],
        "dvar2": [5.24432302029e-08, 7.90086960478e-06, 2.10362013604e-05, 2.87539955934e-06, 1.62291980814e-05, 1.64105676959e-05, 1.22378269225e-05, 1.31409424284e-05, 3.19572682201e-05, 2.42254259319e-06, 8.11859899841e-06, 3.69329541172e-07, 1.4133163404e-06, 3.08439865648e-07, 3.66471795132e-07, 6.04039598784e-07, 3.63329604625e-06, 4.8049241741e-07, 2.14226270145e-06, 1.03005959318e-06, 8.74974617204e-08, 7.21351369748e-08, 1.70251435172e-09, 1.07529686544e-10, 4.19398760512e-12, 1.05271444773e-12, 5.06272281042e-12],
        "max": [0.00140775693581, 0.0696177631617, 0.0863595306873, 0.0221354439855, 0.061717569828, 0.0997965410352, 0.0361199229956, 0.0504261180758, 0.0797196254134, 0.0183635335416, 0.0497981794178, 0.00878856237978, 0.0158197041601, 0.0104390606284, 0.00682167289779, 0.0205873157829, 0.029885109514, 0.00950140692294, 0.026888186112, 0.0128774037585, 0.00477721262723, 0.0050310450606, 0.000904001120944, 0.000191506303963, 2.7528974897e-05, 1.05466015157e-05, 1.48959152284e-05],
        "mean": [0.000210690806853, 0.00098632031586, 0.00202901777811, 0.000876270176377, 0.00326458876953, 0.00430974457413, 0.0024024611339, 0.00224838173017, 0.00291828787886, 0.000704303733073, 0.000786975317169, 0.00035009442945, 0.000618038931862, 0.000223518392886, 0.000267895491561, 0.000304821645841, 0.000549093820155, 0.00019875538419, 0.000365343817975, 0.000221709764446, 6.22348379693e-05, 3.64409170288e-05, 8.23734626465e-06, 4.54856353826e-06, 4.10398979511e-06, 4.92173830935e-06, 5.73322540731e-06],
        "median": [0.000190939521417, 0.00038703015889, 0.000853733567055, 0.000485989905428, 0.00190763769206, 0.00245019188151, 0.001354307984, 0.00122688501142, 0.00156611751299, 0.000341542909155, 0.00027384221903, 0.000224044342758, 0.000340129918186, 0.00011811148579, 0.000146398713696, 0.000142559714732, 0.000163263161085, 6.33842282696e-05, 7.40188625059e-05, 3.83979204344e-05, 1.2095774764e-05, 6.15842827756e-06, 3.38904033015e-06, 3.37426763508e-06, 3.83942733606e-06, 4.79798472952e-06, 5.65978507439e-06],
        "min": [1.04782922248e-13, 9.10032208552e-14, 3.4203109095e-14, 2.08762145754e-14, 2.60780946262e-14, 1.56811921033e-14, 1.37477911203e-14, 7.92219920578e-15, 1.06586678909e-14, 1.11963974401e-14, 1.11477472557e-14, 2.772782004e-14, 4.28823439974e-14, 2.40944196967e-14, 1.80286151676e-14, 1.63874871382e-14, 4.27991958551e-14, 3.95794576042e-14, 1.99719560822e-14, 1.22943511925e-13, 1.85880377388e-13, 1.15344569291e-13, 1.9356559541e-13, 3.85680745153e-13, 4.8647918376e-13, 4.36338871935e-13, 9.50475483909e-13],
        "var": [1.16068186173e-08, 3.30137572746e-06, 1.13648111437e-05, 1.54712017775e-06, 1.811135553e-05, 3.39848120348e-05, 9.83907557384e-06, 1.01055502455e-05, 1.84344971785e-05, 1.3806024981e-06, 3.76964658244e-06, 1.95404325609e-07, 7.72060673171e-07, 1.25624325165e-07, 1.49819570083e-07, 3.47800494183e-07, 1.61243042385e-06, 2.11027710861e-07, 9.35347145514e-07, 3.96306404582e-07, 3.95715282764e-08, 2.39802329105e-08, 5.53238843626e-10, 3.55504306548e-11, 1.99582017579e-12, 8.5432686316e-13, 3.41537778961e-12]
    },
    "erbbands": {
        "dmean": [0.0100070377812, 0.237530112267, 1.4175440073, 1.75969719887, 1.96568608284, 6.74330806732, 17.0345001221, 16.9818878174, 19.9252624512, 22.4893817902, 37.0532302856, 53.9352607727, 29.7346477509, 16.5648536682, 20.0328197479, 11.3376464844, 18.5591049194, 11.9130439758, 9.36725139618, 10.9690818787, 11.2819223404, 25.5396270752, 12.1292743683, 9.94429588318, 21.0078639984, 9.48815441132, 2.23640727997, 2.65189599991, 1.57805383205, 0.428452134132, 0.160519495606, 0.0651764050126, 0.0244627296925, 0.0117063019425, 0.00678344815969, 0.00360065884888, 0.00170822895598, 0.000713397399522, 0.000268823991064, 3.1895833672e-05],
        "dmean2": [0.01713434048, 0.402466863394, 2.36496901512, 2.9186770916, 3.18802666664, 10.6573286057, 24.2517185211, 23.0228672028, 29.4380531311, 34.9526863098, 58.3653450012, 87.3618469238, 47.1069297791, 27.1767215729, 32.3077850342, 18.3274593353, 30.5170574188, 20.1771831512, 15.7121677399, 18.4871864319, 18.1401081085, 41.1152610779, 19.0803146362, 15.6995582581, 33.3105392456, 15.0553569794, 3.47526884079, 4.21382474899, 2.52116823196, 0.678598999977, 0.258341789246, 0.105157323182, 0.0398554131389, 0.0195074174553, 0.0113471420482, 0.00604796782136, 0.00287949037738, 0.00120336608961, 0.000453721004305, 5.40850778634e-05],
        "dvar": [0.000337550678523, 0.251508146524, 8.14445304871, 7.67339372635, 11.693148613, 124.980918884, 930.101013184, 956.895996094, 1016.22729492, 908.148803711, 4107.65380859, 10278.0917969, 2460.12939453, 1045.90527344, 2853.94213867, 313.337768555, 1130.36669922, 511.909881592, 329.251495361, 695.336608887, 563.167602539, 4638.17138672, 1073.51733398, 796.779907227, 3966.87182617, 844.508056641, 44.3613052368, 96.6400222778, 50.563117981, 3.52174329758, 0.38767427206, 0.0559541545808, 0.00316626159474, 0.000341610022588, 6.7454908276e-05, 1.00121724245e-05, 1.8971394411e-06, 3.15491092806e-07, 4.42023200264e-08, 6.18099127436e-10],
        "dvar2": [0.000907858135179, 0.68528342247, 22.1477947235, 20.9838314056, 34.7179832458, 319.632537842, 1691.65405273, 1600.55273438, 2121.07055664, 2099.70361328, 9251.83691406, 25047.4570312, 5561.46386719, 2626.00268555, 6969.65234375, 756.780273438, 2871.33984375, 1394.44128418, 842.549499512, 1907.66003418, 1392.06835938, 11395.3955078, 2649.11010742, 1960.47619629, 9616.49804688, 2094.68969727, 106.851715088, 242.25479126, 127.580581665, 8.9540014267, 0.997342765331, 0.144841983914, 0.00781044177711, 0.000861210282892, 0.000173518899828, 2.67521063506e-05, 5.17632543051e-06, 8.8571454171e-07, 1.25376999449e-07, 1.75719461204e-09],
        "max": [0.485988467932, 21.5576896667, 110.051986694, 66.0599365234, 91.3616790771, 243.987167358, 813.727661133, 1286.77636719, 598.406677246, 663.718017578, 1354.91760254, 2371.1105957, 930.520568848, 671.851623535, 1564.30993652, 449.861816406, 786.46661377, 630.789367676, 413.757720947, 817.323669434, 954.921203613, 1446.73815918, 903.911987305, 900.707092285, 1819.16479492, 808.750915527, 151.199783325, 244.013519287, 206.026519775, 66.8412628174, 17.4749393463, 6.92119693756, 1.33303642273, 0.428869694471, 0.193756774068, 0.0583281777799, 0.0226602796465, 0.00795402657241, 0.0025615459308, 0.000339652266121],
        "mean": [0.0130835752934, 0.302466064692, 2.04027819633, 2.83178520203, 4.0691280365, 11.585059166, 31.6543979645, 33.7359275818, 34.3853225708, 37.9185333252, 53.6457214355, 72.6071624756, 41.1684684753, 23.5061893463, 26.2861156464, 17.7358512878, 27.9459037781, 17.212600708, 12.7812290192, 14.7954711914, 16.5958709717, 31.4687347412, 15.2291641235, 11.6952648163, 23.0357494354, 10.2333011627, 2.55759525299, 2.76328635216, 1.5799447298, 0.468651860952, 0.210912644863, 0.113906152546, 0.0674872845411, 0.0445160381496, 0.0301352385432, 0.0180739983916, 0.00929870922118, 0.00355230481364, 0.000795139640104, 0.000113610105473],
        "median": [0.00683563156053, 0.126401290298, 0.874078631401, 1.75458586216, 2.20095658302, 6.62748908997, 12.5676221848, 17.2015171051, 18.6387825012, 24.6829376221, 28.2748298645, 36.7756309509, 23.401222229, 12.3248987198, 10.9731359482, 12.6791000366, 16.1204776764, 10.191318512, 7.37860631943, 7.44300746918, 7.75810337067, 9.33790588379, 4.48068666458, 3.01534605026, 4.29924821854, 1.85264372826, 0.566553294659, 0.438137292862, 0.246322482824, 0.132352888584, 0.092970341444, 0.0716454312205, 0.0556407161057, 0.0408668406308, 0.0284995157272, 0.0174012482166, 0.00904954131693, 0.00348544074222, 0.000786599703133, 0.000111243592983],
        "min": [4.11425364263e-12, 1.56440155968e-11, 3.76701031479e-11, 6.08740974295e-11, 7.85791223756e-11, 8.57285006872e-11, 1.06089768914e-10, 1.2903628166e-10, 1.72274750021e-10, 2.06482136944e-10, 2.19207638152e-10, 2.64336053046e-10, 1.80205669831e-10, 4.40361441756e-10, 6.33127272831e-10, 1.25987320576e-09, 2.0290336078e-09, 1.37611289031e-09, 1.07602193822e-09, 7.857136608e-10, 1.67467040235e-09, 2.03033767576e-09, 1.69090852431e-09, 2.05067030024e-09, 1.2289896878e-09, 6.09867623069e-09, 8.38434388584e-09, 5.66045432748e-09, 4.50019577158e-09, 4.18244194833e-09, 6.96125113109e-09, 7.72773045554e-09, 5.73563863071e-09, 4.25299173656e-09, 3.65104790845e-09, 2.09341832758e-09, 6.71257827101e-10, 4.60394222745e-10, 1.32519786811e-10, 1.30010256033e-11],
        "var": [0.000385254155844, 0.291467964649, 11.2324209213, 12.3531398773, 35.2578315735, 253.809890747, 3419.55102539, 3005.63256836, 2186.78222656, 1889.35021973, 6336.36572266, 13783.6328125, 3402.95996094, 1307.34216309, 3331.32324219, 399.542724609, 1516.7286377, 632.493896484, 366.534759521, 734.606079102, 870.318908691, 5276.9921875, 1179.37561035, 830.692016602, 4015.49780273, 854.87689209, 51.7393951416, 96.5566253662, 43.5494689941, 2.93374109268, 0.316682994366, 0.0457680411637, 0.00309638609178, 0.00038002448855, 8.90375522431e-05, 1.76600005943e-05, 3.77740047952e-06, 6.35935180071e-07, 8.06703184253e-08, 1.1448988424e-09]
    },
    "gfcc": {
        "mean": [-19.6008377075, 102.191452026, -114.512588501, -5.02977609634, -44.8754119873, -15.8071136475, -31.3268852234, 4.440366745, -21.3988819122, 0.130930066109, -15.3312253952, -2.18105268478, -13.5247764587],
        "cov": [[4859.39648438, 2557.14282227, -1053.96875, -39.7614059448, -274.174285889, -643.825500488, -76.2110137939, -65.0508880615, -190.346725464, -65.1660385132, -123.230239868, -87.4864807129, -131.142852783], [2557.14282227, 1958.11682129, -334.759521484, -481.385253906, -193.182540894, -284.089782715, -186.092147827, -84.3710479736, -131.251785278, -56.5093727112, -86.9396133423, -89.8755493164, -81.6979064941], [-1053.96875, -334.759521484, 443.861419678, -12.5047426224, 91.4123153687, 179.291091919, 5.38568687439, 21.4466114044, 46.1626548767, 8.26664447784, 26.0577011108, -1.79137051105, 10.2847175598], [-39.7614059448, -481.385253906, -12.5047426224, 648.143981934, 175.775924683, -9.03480529785, 189.32208252, 101.02796936, 40.0140419006, 30.8996372223, 29.6233005524, 23.893901825, -19.0412254333], [-274.174285889, -193.182540894, 91.4123153687, 175.775924683, 182.96496582, 86.7109603882, 54.907497406, 49.2139511108, 20.1277275085, 13.1916046143, 23.3104324341, 0.155768498778, -10.6805706024], [-643.825500488, -284.089782715, 179.291091919, -9.03480529785, 86.7109603882, 183.194595337, 40.8571739197, 13.3095407486, 29.1905498505, 10.4941921234, 13.2307958603, 3.27516126633, 3.40282964706], [-76.2110137939, -186.092147827, 5.38568687439, 189.32208252, 54.907497406, 40.8571739197, 145.101318359, 80.6251449585, 23.517578125, 16.1989707947, 10.2907180786, 2.67600035667, -8.86882209778], [-65.0508880615, -84.3710479736, 21.4466114044, 101.02796936, 49.2139511108, 13.3095407486, 80.6251449585, 104.48059082, 46.8640213013, 12.8011493683, 4.90122556686, -8.10663604736, -13.05402565], [-190.346725464, -131.251785278, 46.1626548767, 40.0140419006, 20.1277275085, 29.1905498505, 23.517578125, 46.8640213013, 75.3696289062, 34.1511993408, 7.18742513657, -2.65451788902, -4.95796871185], [-65.1660385132, -56.5093727112, 8.26664447784, 30.8996372223, 13.1916046143, 10.4941921234, 16.1989707947, 12.8011493683, 34.1511993408, 62.3297538757, 35.8920440674, 5.00848674774, -3.41982460022], [-123.230239868, -86.9396133423, 26.0577011108, 29.6233005524, 23.3104324341, 13.2307958603, 10.2907180786, 4.90122556686, 7.18742513657, 35.8920440674, 66.7056732178, 36.73229599, 7.83996629715], [-87.4864807129, -89.8755493164, -1.79137051105, 23.893901825, 0.155768498778, 3.27516126633, 2.67600035667, -8.10663604736, -2.65451788902, 5.00848674774, 36.73229599, 63.0072135925, 36.4042243958], [-131.142852783, -81.6979064941, 10.2847175598, -19.0412254333, -10.6805706024, 3.40282964706, -8.86882209778, -13.05402565, -4.95796871185, -3.41982460022, 7.83996629715, 36.4042243958, 58.4646148682]],
        "icov": [[0.00878278911114, -0.0115177677944, 0.0112632280216, -0.00780517654493, 0.00245496653952, 0.00209465483204, -0.00476278504357, 0.00627042306587, -0.00696623604745, 0.00644049234688, -0.00465809786692, 0.00244092731737, -0.00102256576065], [-0.0115177677944, 0.0163092110306, -0.0148017192259, 0.011592338793, -0.0043023317121, -0.000510294456035, 0.00587353948504, -0.00852875225246, 0.0108058536425, -0.00982376467437, 0.00803819578141, -0.00434792274609, 0.00353554659523], [0.0112632280216, -0.0148017192259, 0.0190793499351, -0.011079126969, 0.00427169818431, -0.00274712592363, -0.00279786554165, 0.00614606775343, -0.0102212904021, 0.0111782597378, -0.0104878339916, 0.00734593020752, -0.0038762234617], [-0.00780517654493, 0.011592338793, -0.011079126969, 0.0137444706634, -0.00947689265013, 0.00684393942356, -0.00487186713144, -0.00040484929923, 0.00406425865367, -0.00692077027634, 0.00833186507225, -0.00735491188243, 0.00555968517438], [0.00245496653952, -0.0043023317121, 0.00427169818431, -0.00947689265013, 0.017302474007, -0.0124701783061, 0.00914800260216, -0.00872899591923, 0.0034988548141, 0.00255316356197, -0.00794409494847, 0.00682800542563, -0.00375809567049], [0.00209465483204, -0.000510294456035, -0.00274712592363, 0.00684393942356, -0.0124701783061, 0.0246065799147, -0.0173191260546, 0.0144771272317, -0.00805732328445, 0.000810548372101, 0.00550724100322, -0.00630887690932, 0.00614663260058], [-0.00476278504357, 0.00587353948504, -0.00279786554165, -0.00487186713144, 0.00914800260216, -0.0173191260546, 0.0331733673811, -0.0278114750981, 0.0181313343346, -0.0106648616493, 0.00317522301339, 0.000151913132868, -0.0016752834199], [0.00627042306587, -0.00852875225246, 0.00614606775343, -0.00040484929923, -0.00872899591923, 0.0144771272317, -0.0278114750981, 0.0416384413838, -0.030115570873, 0.0181520618498, -0.0101876240224, 0.00610923906788, -0.00035484158434], [-0.00696623604745, 0.0108058536425, -0.0102212904021, 0.00406425865367, 0.0034988548141, -0.00805732328445, 0.0181313343346, -0.030115570873, 0.0466337054968, -0.0328047014773, 0.0217472743243, -0.0121310092509, 0.00640320405364], [0.00644049234688, -0.00982376467437, 0.0111782597378, -0.00692077027634, 0.00255316356197, 0.000810548372101, -0.0106648616493, 0.0181520618498, -0.0328047014773, 0.0525473542511, -0.0396902151406, 0.0239316336811, -0.0099342558533], [-0.00465809786692, 0.00803819578141, -0.0104878339916, 0.00833186507225, -0.00794409494847, 0.00550724100322, 0.00317522301339, -0.0101876240224, 0.0217472743243, -0.0396902151406, 0.0588135495782, -0.0415201373398, 0.0192667841911], [0.00244092731737, -0.00434792274609, 0.00734593020752, -0.00735491188243, 0.00682800542563, -0.00630887690932, 0.000151913132868, 0.00610923906788, -0.0121310092509, 0.0239316336811, -0.0415201373398, 0.0566218644381, -0.0306043680757], [-0.00102256576065, 0.00353554659523, -0.0038762234617, 0.00555968517438, -0.00375809567049, 0.00614663260058, -0.0016752834199, -0.00035484158434, 0.00640320405364, -0.0099342558533, 0.0192667841911, -0.0306043680757, 0.0373008549213]]
    },
    "melbands": {
        "dmean": [0.0001539105142, 0.000585249508731, 0.0003042484459, 0.000249682576396, 0.000537925807294, 0.000375545030693, 0.000316719757393, 0.00024425247102, 0.000296042300761, 0.000362931401469, 0.00014113256475, 6.52781745885e-05, 8.88836293598e-05, 2.49758086284e-05, 4.25548169005e-05, 4.08509113186e-05, 2.02256705961e-05, 1.45686835822e-05, 1.24357138702e-05, 1.73197040567e-05, 1.31339602376e-05, 2.60091674136e-05, 2.07162647712e-05, 8.15796465758e-06, 7.88029319665e-06, 1.41462660395e-05, 1.39413887155e-05, 4.85430609842e-06, 1.32926243168e-06, 1.39729831972e-06, 1.46999354911e-06, 1.13736791718e-06, 3.35260040174e-07, 1.90446826309e-07, 1.02709236671e-07, 5.73297924689e-08, 3.34593792672e-08, 1.93852915942e-08, 1.35574111937e-08, 1.01786907791e-08],
        "dmean2": [0.000262332468992, 0.000972861365881, 0.000506489479449, 0.000392013258534, 0.000783061492257, 0.000508299795911, 0.000475845736219, 0.000376991927624, 0.000468546437332, 0.000587811577134, 0.000223682742217, 0.000107536448922, 0.000144014498801, 3.99934797315e-05, 6.97888754075e-05, 6.77457865095e-05, 3.44105537806e-05, 2.45612372964e-05, 2.09898153116e-05, 2.92854765576e-05, 2.14588453673e-05, 4.20181386289e-05, 3.39051839546e-05, 1.31818324007e-05, 1.27956045617e-05, 2.27102136705e-05, 2.24497653107e-05, 7.9074588939e-06, 2.13179055208e-06, 2.21151890401e-06, 2.36684240917e-06, 1.84680641269e-06, 5.39880034012e-07, 3.06458872501e-07, 1.67282806274e-07, 9.32650294772e-08, 5.49252767712e-08, 3.1841075554e-08, 2.26580034735e-08, 1.71458687248e-08],
        "dvar": [9.56525667561e-08, 1.3616470369e-06, 2.08657780831e-07, 1.68970927916e-07, 8.08217180293e-07, 4.0189550532e-07, 2.43016103241e-07, 1.06169238734e-07, 2.65399648924e-07, 4.42478096829e-07, 5.90774824616e-08, 1.69288583152e-08, 6.81940264258e-08, 1.65692359833e-09, 4.63160132469e-09, 4.76820094519e-09, 1.52119095098e-09, 7.71419983447e-10, 4.87165363605e-10, 1.83319837088e-09, 9.85738157766e-10, 4.51361614751e-09, 3.77476094826e-09, 5.25885779368e-10, 5.68788738331e-10, 1.76158587717e-09, 1.82738824073e-09, 2.67962735334e-10, 1.77148105213e-11, 2.28112580908e-11, 3.39450412223e-11, 2.99185710928e-11, 2.26841961014e-12, 7.27472010582e-13, 1.67536611754e-13, 4.65943540803e-14, 1.28988303261e-14, 1.77057827475e-15, 6.4589279783e-16, 1.644459807e-16],
        "dvar2": [2.58587220969e-07, 3.70625048163e-06, 5.85650582252e-07, 4.26033693657e-07, 1.56520343353e-06, 6.79250774738e-07, 5.29402427674e-07, 2.40268633434e-07, 6.05857565006e-07, 1.07168534669e-06, 1.33670695845e-07, 4.25745909638e-08, 1.67237303117e-07, 3.97620691928e-09, 1.14618785574e-08, 1.22219008247e-08, 4.1348329205e-09, 1.98893523873e-09, 1.32546318365e-09, 4.97880581207e-09, 2.55145349293e-09, 1.10128626218e-08, 9.9119459307e-09, 1.29581345654e-09, 1.46320322525e-09, 4.31042401772e-09, 4.50129933327e-09, 6.86225187785e-10, 4.45463735343e-11, 5.5626048906e-11, 8.72233188454e-11, 7.66342336811e-11, 5.7550188573e-12, 1.88429762245e-12, 4.38493886383e-13, 1.21320962716e-13, 3.36148989232e-14, 4.36317767262e-15, 1.66638168142e-15, 4.21569065472e-16],
        "max": [0.0112105198205, 0.0483237244189, 0.00993365049362, 0.00966148544103, 0.0224659014493, 0.0247653666884, 0.008310274221, 0.00885676965117, 0.00976531207561, 0.0155755011365, 0.0047801011242, 0.0029951564502, 0.00745241809636, 0.00102964474354, 0.00137085421011, 0.00173903442919, 0.00108052638825, 0.00060693861451, 0.000482085422846, 0.00206916406751, 0.0013627250446, 0.00142132351175, 0.00204353709705, 0.000523577444255, 0.000799490022473, 0.00121991545893, 0.0011735719163, 0.000494943174999, 0.000102076890471, 0.000164166558534, 0.000160409588716, 0.000181693016202, 4.76907407574e-05, 2.95636291412e-05, 1.37222687044e-05, 5.9940821302e-06, 3.61537627214e-06, 9.93264166027e-07, 6.82813436015e-07, 3.08321546072e-07],
        "mean": [0.000198835667106, 0.000852511031553, 0.000530672492459, 0.000480031798361, 0.000999763840809, 0.000757718109526, 0.000534608843736, 0.000413679808844, 0.000411754677771, 0.000474627915537, 0.000190029648365, 8.80113075254e-05, 0.000108375919808, 3.77089854737e-05, 5.78205144848e-05, 5.96239151491e-05, 2.68024814432e-05, 1.88471112779e-05, 1.66181634995e-05, 2.22391627176e-05, 1.77100791916e-05, 3.18696620525e-05, 2.36248542933e-05, 9.53240669332e-06, 8.56372207636e-06, 1.55197831191e-05, 1.47003365782e-05, 4.99061889059e-06, 1.46498894082e-06, 1.47574121456e-06, 1.50340929395e-06, 1.09736731702e-06, 3.48285823293e-07, 2.08731592011e-07, 1.2778136238e-07, 8.52111696759e-08, 6.13999162624e-08, 4.80703832295e-08, 4.05759728039e-08, 3.62148320221e-08],
        "median": [9.17906654649e-05, 0.000387785141356, 0.000353236624505, 0.000277640414424, 0.000477508292533, 0.000409447820857, 0.00030080077704, 0.000272926525213, 0.000206765937037, 0.000234948442085, 0.000101779580291, 4.15427166445e-05, 3.48651483364e-05, 2.53433390753e-05, 3.60928497685e-05, 3.47855457221e-05, 1.38576642712e-05, 1.02538806459e-05, 9.8641276054e-06, 1.05524104583e-05, 7.52969799578e-06, 9.77850140771e-06, 5.836919172e-06, 2.96265443467e-06, 2.02995920517e-06, 3.12682846015e-06, 2.40996587308e-06, 8.74112686233e-07, 3.41398759929e-07, 2.68629150924e-07, 2.2614675288e-07, 1.50501335838e-07, 8.68519265396e-08, 6.62532571027e-08, 5.42229088296e-08, 4.71777070743e-08, 4.21985895116e-08, 3.92755374889e-08, 3.58927216837e-08, 3.36552261615e-08],
        "min": [3.60278247394e-14, 2.03034475083e-14, 1.11378979566e-14, 6.04316842065e-15, 3.68584565877e-15, 2.95500530309e-15, 2.70285460612e-15, 2.07122404317e-15, 2.0315805719e-15, 1.4451630395e-15, 9.35377954257e-16, 1.83453085046e-15, 1.71431262893e-15, 2.99868425108e-15, 4.0733623851e-15, 3.96646386255e-15, 2.40591195986e-15, 1.8555476437e-15, 1.10112345555e-15, 1.04076907581e-15, 2.36846908019e-15, 2.67508399567e-15, 1.17427671489e-15, 1.70838329242e-15, 1.72709986181e-15, 5.1719392361e-16, 1.92763035927e-15, 4.37673485846e-15, 5.65204545154e-15, 4.77789093283e-15, 2.33067129371e-15, 1.96839170228e-15, 2.98914962471e-15, 2.0583175904e-15, 4.67733329891e-15, 2.72365710003e-15, 5.88819357855e-15, 3.1139360008e-15, 5.47642714597e-15, 2.97624528951e-15],
        "var": [1.09159195461e-07, 1.85310341294e-06, 3.75201750558e-07, 4.24888554562e-07, 2.76424179901e-06, 1.27968428387e-06, 4.9696438964e-07, 2.21337415951e-07, 3.95784496732e-07, 5.95160656758e-07, 8.1227447879e-08, 2.09195505363e-08, 7.79555904273e-08, 2.16863083047e-09, 5.5267266319e-09, 6.68290400796e-09, 1.84318116325e-09, 8.6216284112e-10, 5.27225652025e-10, 2.01976235736e-09, 1.23243926176e-09, 5.23952214948e-09, 3.59792085014e-09, 5.32450972202e-10, 5.28675603295e-10, 1.77122683187e-09, 1.78599668388e-09, 2.50074405628e-10, 1.87930660617e-11, 2.41513024857e-11, 3.17243419035e-11, 2.46688572347e-11, 1.88737914186e-12, 5.75968688975e-13, 1.31316087019e-13, 3.75131105649e-14, 1.04230512771e-14, 1.74645456466e-15, 6.2477203129e-16, 2.01654245484e-16]
    },
    "mfcc": {
        "mean": [-674.537963867, 157.490585327, -18.9649391174, 17.3601322174, -3.46358323097, -11.3120422363, -4.85058689117, -2.91653180122, -2.77353715897, -0.73342692852, 0.551242232323, -0.0844461992383, -0.802021205425],
        "cov": [[5517.63671875, 2053.12304688, -904.977416992, 458.57144165, -527.018432617, -440.901733398, -245.586120605, -215.107421875, -202.494750977, -150.425674438, -106.242424011, -136.075973511, -91.6787033081], [2053.12304688, 1839.4798584, -152.008056641, -392.403289795, -168.361190796, -265.085754395, -195.868865967, -216.348602295, -144.709884644, -104.630249023, -102.042518616, -104.782341003, -87.3533477783], [-904.977416992, -152.008056641, 302.485961914, -103.706596375, 87.0343704224, 74.1210098267, 24.2304401398, 26.6770401001, 26.9137973785, 21.3801708221, 18.3514251709, 17.9468154907, 5.922706604], [458.57144165, -392.403289795, -103.706596375, 526.072143555, 20.834810257, 22.716217041, 89.1683807373, 86.2009353638, 37.4502372742, 34.4388389587, 53.276134491, 38.3958435059, 30.3678474426], [-527.018432617, -168.361190796, 87.0343704224, 20.834810257, 176.847686768, 79.7356796265, 45.4047203064, 35.9015693665, 20.2995147705, 24.1477909088, 16.5261249542, 27.7290725708, 18.2415275574], [-440.901733398, -265.085754395, 74.1210098267, 22.716217041, 79.7356796265, 132.099273682, 62.1624183655, 34.2133598328, 24.1559276581, 14.3780288696, 14.9059505463, 18.877363205, 18.5479469299], [-245.586120605, -195.868865967, 24.2304401398, 89.1683807373, 45.4047203064, 62.1624183655, 118.925254822, 67.1316070557, 26.3319721222, 24.0048675537, 22.6465091705, 19.5521945953, 18.6710968018], [-215.107421875, -216.348602295, 26.6770401001, 86.2009353638, 35.9015693665, 34.2133598328, 67.1316070557, 103.903060913, 52.1546478271, 22.8898677826, 22.4324092865, 17.7511024475, 12.2696170807], [-202.494750977, -144.709884644, 26.9137973785, 37.4502372742, 20.2995147705, 24.1559276581, 26.3319721222, 52.1546478271, 80.9031600952, 43.1217956543, 17.7646141052, 10.3624668121, 1.84515988827], [-150.425674438, -104.630249023, 21.3801708221, 34.4388389587, 24.1477909088, 14.3780288696, 24.0048675537, 22.8898677826, 43.1217956543, 76.9534835815, 42.9802131653, 13.0184345245, 6.51902294159], [-106.242424011, -102.042518616, 18.3514251709, 53.276134491, 16.5261249542, 14.9059505463, 22.6465091705, 22.4324092865, 17.7646141052, 42.9802131653, 75.0634536743, 41.1785621643, 7.33680868149], [-136.075973511, -104.782341003, 17.9468154907, 38.3958435059, 27.7290725708, 18.877363205, 19.5521945953, 17.7511024475, 10.3624668121, 13.0184345245, 41.1785621643, 66.7346878052, 29.0602493286], [-91.6787033081, -87.3533477783, 5.922706604, 30.3678474426, 18.2415275574, 18.5479469299, 18.6710968018, 12.2696170807, 1.84515988827, 6.51902294159, 7.33680868149, 29.0602493286, 58.4898147583]],
