{
"lowlevel": {
    "average_loudness": 0.809855997562,
    "barkbands_crest": {
        "dmean": 2.71011447906,
        "dmean2": 4.4150800705,
        "dvar": 7.26875352859,
        "dvar2": 18.7791194916,
        "max": 26.9522094727,
        "mean": 10.4694366455,
        "median": 9.38026809692,
        "min": 2.68982839584,
        "var": 20.0404586792
    },
    "barkbands_flatness_db": {
        "dmean": 0.0450471863151,
        "dmean2": 0.0632661953568,
        "dvar": 0.00271599926054,
        "dvar2": 0.00576076935977,
        "max": 0.63638395071,
        "mean": 0.194205507636,
        "median": 0.163956493139,
        "min": 0.0297842994332,
        "var": 0.012607799843
    },
    "barkbands_kurtosis": {
        "dmean": 9.98058986664,
        "dmean2": 15.6923742294,
        "dvar": 2328.71118164,
        "dvar2": 4834.52636719,
        "max": 3097.17260742,
        "mean": 11.92299366,
        "median": 5.53646278381,
        "min": -1.93693065643,
        "var": 2637.5456543
    },
    "barkbands_skewness": {
        "dmean": 1.0951782465,
        "dmean2": 1.67778372765,
        "dvar": 1.55083560944,
        "dvar2": 3.98431515694,
        "max": 36.3738327026,
        "mean": 2.07293081284,
        "median": 1.9262342453,
        "min": -6.03749370575,
        "var": 2.63946080208
    },
    "barkbands_spread": {
        "dmean": 16.7737236023,
        "dmean2": 23.3892612457,
        "dvar": 372.134521484,
        "dvar2": 684.385314941,
        "max": 118.217437744,
        "mean": 29.748254776,
        "median": 18.9002609253,
        "min": 0.0254068505019,
        "var": 779.188232422
    },
    "dissonance": {
        "dmean": 0.0432199239731,
        "dmean2": 0.0673625320196,
        "dvar": 0.00186739454512,
        "dvar2": 0.00428264634684,
        "max": 0.500000119209,
        "mean": 0.387296646833,
        "median": 0.408846884966,
        "min": 0.0324633866549,
        "var": 0.00719003565609
    },
    "dynamic_complexity": 4.17341995239,
    "erbbands_crest": {
        "dmean": 3.00011181831,
        "dmean2": 4.56572008133,
        "dvar": 9.15048599243,
        "dvar2": 20.33852005,
        "max": 34.7051086426,
        "mean": 12.1624011993,
        "median": 10.7327442169,
        "min": 2.24261331558,
        "var": 39.8692245483
    },
    "erbbands_flatness_db": {
        "dmean": 0.0451320782304,
        "dmean2": 0.060501255095,
        "dvar": 0.00267242244445,
        "dvar2": 0.00545284338295,
        "max": 0.653917074203,
        "mean": 0.172093898058,
        "median": 0.134404480457,
        "min": 0.0339099653065,
        "var": 0.0141818914562
    },
    "erbbands_kurtosis": {
        "dmean": 6.03155088425,
        "dmean2": 8.98896598816,
        "dvar": 176.704360962,
        "dvar2": 432.287994385,
        "max": 535.167236328,
        "mean": 6.99897861481,
        "median": 2.29799461365,
        "min": -1.88231492043,
        "var": 266.0519104
    },
    "erbbands_skewness": {
        "dmean": 0.912482440472,
        "dmean2": 1.29529547691,
        "dvar": 0.939678668976,
        "dvar2": 2.29213261604,
        "max": 18.1032352448,
        "mean": 1.47605788708,
        "median": 1.31371974945,
        "min": -5.04588937759,
        "var": 2.20453333855
    },
    "erbbands_spread": {
        "dmean": 26.2385959625,
        "dmean2": 35.7564048767,
        "dvar": 808.359558105,
        "dvar2": 1438.21081543,
        "max": 186.123504639,
        "mean": 52.7991142273,
        "median": 40.3929977417,
        "min": 0.167274475098,
        "var": 1848.53637695
    },
    "hfc": {
        "dmean": 34.0155334473,
        "dmean2": 49.0356369019,
        "dvar": 2675.02197266,
        "dvar2": 6564.45117188,
        "max": 361.381286621,
        "mean": 44.3190612793,
        "median": 20.8699302673,
        "min": 1.0909861123e-16,
        "var": 3257.65698242
    },
    "melbands_crest": {
        "dmean": 3.10119867325,
        "dmean2": 5.10093927383,
        "dvar": 9.70637989044,
        "dvar2": 24.9629058838,
        "max": 35.0179595947,
        "mean": 13.8004932404,
        "median": 12.6027364731,
        "min": 1.77986800671,
        "var": 26.5618858337
    },
    "melbands_flatness_db": {
        "dmean": 0.0565999336541,
        "dmean2": 0.0778976231813,
        "dvar": 0.00410922430456,
        "dvar2": 0.00874515995383,
        "max": 0.749020159245,
        "mean": 0.292538255453,
        "median": 0.270764827728,
        "min": 0.00744670955464,
        "var": 0.0151201924309
    },
    "melbands_kurtosis": {
        "dmean": 18.9683837891,
        "dmean2": 29.4073295593,
        "dvar": 1252.65283203,
        "dvar2": 3286.6940918,
        "max": 959.390441895,
        "mean": 27.4168300629,
        "median": 17.4471168518,
        "min": -1.91381025314,
        "var": 1414.36608887
    },
    "melbands_skewness": {
        "dmean": 1.39409780502,
        "dmean2": 2.01799893379,
        "dvar": 2.58680391312,
        "dvar2": 5.8361582756,
        "max": 22.2556419373,
        "mean": 3.15023970604,
        "median": 2.93540859222,
        "min": -3.26279330254,
        "var": 5.18557834625
    },
    "melbands_spread": {
        "dmean": 8.2019367218,
        "dmean2": 12.9047317505,
        "dvar": 210.292495728,
        "dvar2": 515.182189941,
        "max": 200.232192993,
        "mean": 14.9772195816,
        "median": 9.61441898346,
        "min": 0.166010260582,
        "var": 275.987365723
    },
    "pitch_salience": {
        "dmean": 0.0752086341381,
        "dmean2": 0.12223867327,
        "dvar": 0.00567470025271,
        "dvar2": 0.0145005192608,
        "max": 0.945034444332,
        "mean": 0.572183012962,
        "median": 0.589667677879,
        "min": 0.0166115816683,
        "var": 0.0143109345809
    },
    "silence_rate_20dB": {
        "dmean": 0,
        "dmean2": 0,
        "dvar": 0,
        "dvar2": 0,
        "max": 1,
        "mean": 1,
        "median": 1,
        "min": 1,
        "var": 0
    },
    "silence_rate_30dB": {
        "dmean": 0.0556826256216,
        "dmean2": 0.111374035478,
        "dvar": 0.0525882393122,
        "dvar2": 0.120278410614,
        "max": 1,
        "mean": 0.946687698364,
        "median": 1,
        "min": 0,
        "var": 0.0504769459367
    },
    "silence_rate_60dB": {
        "dmean": 0.0179824903607,
        "dmean2": 0.0359678193927,
        "dvar": 0.0176562741399,
        "dvar2": 0.0403473339975,
        "max": 1,
        "mean": 0.105993688107,
        "median": 0,
        "min": 0,
        "var": 0.094754807651
    },
    "spectral_centroid": {
        "dmean": 259.941070557,
        "dmean2": 397.819885254,
        "dvar": 157511.6875,
        "dvar2": 363630.6875,
        "max": 11255.0585938,
        "mean": 776.747131348,
        "median": 579.726806641,
        "min": 169.168655396,
        "var": 334906.21875
    },
    "spectral_complexity": {
        "dmean": 2.30254745483,
        "dmean2": 3.74428153038,
        "dvar": 17.0028476715,
        "dvar2": 41.6466140747,
        "max": 45,
        "mean": 10.0721607208,
        "median": 9,
        "min": 0,
        "var": 35.0715408325
    },
    "spectral_decrease": {
        "dmean": 4.07852063233e-09,
        "dmean2": 6.74954492297e-09,
        "dvar": 7.8065071048e-17,
        "dvar2": 2.063770365e-16,
        "max": 5.62516770916e-29,
        "mean": -8.41049363487e-09,
        "median": -5.90432502889e-09,
        "min": -1.07061573829e-07,
        "var": 9.22705811971e-17
    },
    "spectral_energy": {
        "dmean": 0.0176453143358,
        "dmean2": 0.0286389179528,
        "dvar": 0.00122215226293,
        "dvar2": 0.00320072541945,
        "max": 0.415203899145,
        "mean": 0.0357630141079,
        "median": 0.025890622288,
        "min": 9.95458391273e-21,
        "var": 0.00150335265789
    },
    "spectral_energyband_high": {
        "dmean": 0.00302904634736,
        "dmean2": 0.00446641026065,
        "dvar": 2.4224684239e-05,
        "dvar2": 6.01800893492e-05,
        "max": 0.032276161015,
        "mean": 0.00327576836571,
        "median": 0.000905599503312,
        "min": 7.12593721833e-21,
        "var": 2.69573738478e-05
    },
    "spectral_energyband_low": {
        "dmean": 0.0112468264997,
        "dmean2": 0.0191857740283,
        "dvar": 0.000996513757855,
        "dvar2": 0.00268985680304,
        "max": 0.376996874809,
        "mean": 0.0137632582337,
        "median": 0.00589460134506,
        "min": 4.31570907553e-23,
        "var": 0.000812269281596
    },
    "spectral_energyband_middle_high": {
        "dmean": 0.00061698758509,
        "dmean2": 0.00085818086518,
        "dvar": 1.36175333409e-06,
        "dvar2": 2.67531231657e-06,
        "max": 0.0291678290814,
        "mean": 0.0015918884892,
        "median": 0.000701448065229,
        "min": 1.56959651787e-21,
        "var": 6.36766981188e-06
    },
    "spectral_energyband_middle_low": {
        "dmean": 0.00592758087441,
        "dmean2": 0.00939545966685,
        "dvar": 7.73765641497e-05,
        "dvar2": 0.000179519236553,
        "max": 0.205584958196,
        "mean": 0.018288962543,
        "median": 0.0136382225901,
        "min": 1.93946666341e-22,
        "var": 0.00031080993358
    },
    "spectral_entropy": {
        "dmean": 0.611099421978,
        "dmean2": 0.793438374996,
        "dvar": 0.416728317738,
        "dvar2": 0.868948996067,
        "max": 9.80745315552,
        "mean": 7.10587835312,
        "median": 7.35155630112,
        "min": 2.64113974571,
        "var": 1.30922842026
    },
    "spectral_flux": {
        "dmean": 0.0390591435134,
        "dmean2": 0.0598429776728,
        "dvar": 0.00322131812572,
        "dvar2": 0.00688077649102,
        "max": 0.528939068317,
        "mean": 0.0888830348849,
        "median": 0.0715650767088,
        "min": 6.57234960899e-11,
        "var": 0.00537093123421
    },
    "spectral_kurtosis": {
        "dmean": 16.026014328,
        "dmean2": 26.000617981,
        "dvar": 2339.68676758,
        "dvar2": 5603.1953125,
        "max": 681.710021973,
        "mean": 19.3371276855,
        "median": 2.12320184708,
        "min": -1.21804654598,
        "var": 3513.48852539
    },
    "spectral_rms": {
        "dmean": 0.00119032233488,
        "dmean2": 0.0018399937544,
        "dvar": 3.1798042528e-06,
        "dvar2": 7.80479786044e-06,
        "max": 0.02012652345,
        "mean": 0.00519328936934,
        "median": 0.00502584734932,
        "min": 3.11637434608e-12,
        "var": 7.92056198406e-06
    },
    "spectral_rolloff": {
        "dmean": 1967.14440918,
        "dmean2": 3486.95263672,
        "dvar": 11812918,
        "dvar2": 22746006,
        "max": 18970.7519531,
        "mean": 2567.47485352,
        "median": 624.462890625,
        "min": 64.599609375,
        "var": 14748710
    },
    "spectral_skewness": {
        "dmean": 1.12565648556,
        "dmean2": 1.60845339298,
        "dvar": 3.83760452271,
        "dvar2": 8.2203130722,
        "max": 22.293636322,
        "mean": 2.54754734039,
        "median": 1.65063405037,
        "min": -0.0353053696454,
        "var": 8.37089061737
    },
    "spectral_spread": {
        "dmean": 2894460.25,
        "dmean2": 3594426.75,
        "dvar": 7.32749050675e+12,
        "dvar2": 1.26887940588e+13,
        "max": 40824716,
        "mean": 9314548,
        "median": 10194462,
        "min": 145747.875,
        "var": 2.17468077343e+13
    },
    "spectral_strongpeak": {
        "dmean": 0.429810315371,
        "dmean2": 0.717304229736,
        "dvar": 0.451722115278,
        "dvar2": 1.04156386852,
        "max": 11.1185283661,
        "mean": 0.962584078312,
        "median": 0.557284593582,
        "min": 0,
        "var": 1.45382380486
    },
    "zerocrossingrate": {
        "dmean": 0.040416739881,
        "dmean2": 0.0419416166842,
        "dvar": 0.00121753825806,
        "dvar2": 0.00155652058311,
        "max": 0.5087890625,
        "mean": 0.0964462533593,
        "median": 0.07958984375,
        "min": 0.0068359375,
        "var": 0.00484103010967
    },
    "barkbands": {
        "dmean": [0.000904576503672, 0.00829979218543, 0.00254444801249, 0.00147556897718, 0.00295894779265, 0.00136092165485, 0.0012968252413, 0.000882703694515, 0.000726541504264, 0.000284858018858, 0.000142150107422, 0.000115685586934, 7.04354170011e-05, 6.99924275978e-05, 4.87560682814e-05, 3.60028352588e-05, 2.7320927984e-05, 3.61096936103e-05, 4.05956670875e-05, 8.74087636475e-05, 0.000119138589071, 0.000119587377412, 0.000324125867337, 0.000659046694636, 0.000914424716029, 0.000838164647575, 0.000179634283995],
        "dmean2": [0.0015009829076, 0.0143632953987, 0.00445616012439, 0.00258246087469, 0.00502295419574, 0.00215577031486, 0.00204495317303, 0.00120750721544, 0.000914651958738, 0.000381462770747, 0.000189491431229, 0.000158903581905, 0.000107657855551, 0.000108683067083, 8.12760335975e-05, 5.61212000321e-05, 4.43935932708e-05, 5.89966039115e-05, 6.38482306385e-05, 0.000141716460348, 0.000195029948372, 0.000179689435754, 0.000530663062818, 0.00106599833816, 0.00134082429577, 0.00121587747708, 0.00021919493156],
        "dvar": [6.00240718995e-06, 0.000614763295744, 8.30277058412e-05, 1.74648012035e-05, 1.87676905625e-05, 5.80895766689e-06, 1.09348029582e-05, 7.16194108463e-06, 7.88568377175e-06, 7.25515064914e-07, 2.14052420233e-07, 1.18710794084e-07, 4.77386059572e-08, 6.71436168886e-08, 4.13562837309e-08, 5.01450010404e-08, 4.62690952219e-09, 7.43718286955e-09, 8.62679794267e-09, 5.72848684044e-08, 5.76412801934e-08, 4.57370923357e-08, 3.98326392315e-07, 1.54018141529e-06, 2.27372333939e-06, 1.53889743615e-06, 6.47027604828e-08],
        "dvar2": [1.50178975673e-05, 0.00168144202325, 0.000229783385294, 4.66917590529e-05, 5.08800912939e-05, 1.58741604537e-05, 2.45586234087e-05, 1.36781318361e-05, 1.19876513054e-05, 1.17920853882e-06, 3.3421400758e-07, 2.07608991332e-07, 1.067025579e-07, 1.52498458306e-07, 1.20955633065e-07, 9.48881293539e-08, 1.21790053598e-08, 1.97690646075e-08, 2.02845065189e-08, 1.3553925271e-07, 1.43523394058e-07, 9.4750447488e-08, 1.01250134321e-06, 4.06227445637e-06, 5.73618353883e-06, 3.77401534024e-06, 6.71337403446e-08],
        "max": [0.0318890437484, 0.22943469882, 0.265439212322, 0.12955121696, 0.0851905271411, 0.0541261769831, 0.115604750812, 0.11404184252, 0.120739817619, 0.0538308024406, 0.0179565194994, 0.0113871609792, 0.00639316579327, 0.00725086312741, 0.00776693644002, 0.0176749639213, 0.0016091405414, 0.00165737606585, 0.00466681690887, 0.00585339544341, 0.00567823508754, 0.00413885386661, 0.00388627802022, 0.00796758476645, 0.00991782266647, 0.00775200640783, 0.00353959994391],
        "mean": [0.00113844079897, 0.00849843397737, 0.00317727657966, 0.00206868210807, 0.00565111543983, 0.00325122731738, 0.00279626436532, 0.00220189872198, 0.00187358271796, 0.000770594109781, 0.000338974467013, 0.000220569301746, 0.000109513370262, 0.000103334510641, 6.66034175083e-05, 5.37647720193e-05, 3.87468935514e-05, 4.44558390882e-05, 5.07415788888e-05, 0.000114279748232, 0.000136202274007, 0.000153666594997, 0.000316734105581, 0.000594491022639, 0.000889107643161, 0.000853680074215, 0.000250549754128],
        "median": [0.000141512937262, 0.0031272531487, 0.00122694310267, 0.00114218471572, 0.00407391693443, 0.00156813533977, 0.00101084914058, 0.00061460386496, 0.000411905464716, 0.000105694998638, 4.98761401104e-05, 2.96056605293e-05, 1.89282509382e-05, 1.32593440867e-05, 1.2603122741e-05, 8.40967913973e-06, 1.15601224024e-05, 1.33340108732e-05, 1.3546738046e-05, 1.88986814464e-05, 1.80832394108e-05, 3.10322429868e-05, 5.06946671521e-05, 0.000102753590909, 0.000215615495108, 0.000233407045016, 5.96533791395e-05],
        "min": [1.25205685598e-24, 1.39619828972e-23, 1.6176194368e-24, 2.64625678353e-24, 2.04819829654e-23, 3.13373732422e-23, 1.16121831973e-23, 1.72322278679e-23, 3.79541554994e-23, 4.79012245086e-23, 3.92741848511e-23, 2.53814923404e-23, 5.19890259888e-23, 8.36960846947e-23, 9.4580225796e-23, 1.11591708294e-22, 1.19189284471e-22, 1.26504397956e-22, 2.70462210911e-22, 3.00143525299e-22, 2.9993996132e-22, 4.29409024775e-22, 5.16057456118e-22, 9.16911836582e-22, 9.44127815492e-22, 1.52917573948e-21, 2.07819294017e-21],
        "var": [6.69952623866e-06, 0.000436339585576, 8.31562938401e-05, 1.77499168785e-05, 3.41239683621e-05, 2.10410926229e-05, 4.32215456385e-05, 4.07678198826e-05, 4.30346699432e-05, 6.27870122116e-06, 1.41307350532e-06, 3.8093440935e-07, 9.33109092216e-08, 1.18002269289e-07, 5.33342436881e-08, 1.51971008222e-07, 6.75085320978e-09, 9.1690592896e-09, 1.57295616532e-08, 1.22568820871e-07, 9.24952416881e-08, 1.11917607626e-07, 4.12951550288e-07, 1.33556068249e-06, 2.30182240557e-06, 1.75378397671e-06, 1.56262927931e-07]
    },
    "erbbands": {
        "dmean": [0.284313589334, 1.72036004066, 2.95860981941, 3.92438864708, 7.55553293228, 11.8251237869, 8.85024452209, 12.5414018631, 16.7552680969, 19.9595832825, 18.546459198, 16.2429771423, 11.5831127167, 5.48806142807, 5.00334262848, 4.58295726776, 3.53532910347, 3.78424358368, 2.43383717537, 2.2974562645, 1.77773809433, 1.39247262478, 1.5857834816, 2.4098637104, 2.14055585861, 4.10308885574, 4.93358278275, 4.43211603165, 4.35160827637, 7.95008993149, 9.30240535736, 8.88808441162, 13.0997419357, 10.3094587326, 6.8847784996, 4.88098859787, 1.21175611019, 0.20959161222, 0.0287481527776, 0.00201260740869],
        "dmean2": [0.493175268173, 2.98878622055, 5.23242044449, 6.78634262085, 13.181221962, 19.8192234039, 14.3188037872, 20.0521564484, 26.3229465485, 30.5533485413, 23.5595817566, 20.9730262756, 15.9958753586, 7.24071788788, 6.6617565155, 6.2976732254, 5.27040815353, 5.79571485519, 3.97476029396, 3.63350987434, 2.82543420792, 2.22754454613, 2.53762316704, 3.95966458321, 3.46271061897, 6.63818359375, 8.06929969788, 7.16569900513, 6.66354179382, 12.9171228409, 14.9501562119, 13.9581975937, 21.4185962677, 15.9886684418, 9.91444969177, 7.37472629547, 1.72878336906, 0.284372150898, 0.0366082824767, 0.00244821421802],
        "dvar": [0.680492162704, 27.913564682, 97.1571655273, 171.0206604, 142.844970703, 345.142333984, 192.382904053, 633.935852051, 1487.82446289, 2775.55419922, 3740.78881836, 4739.68408203, 1077.87426758, 323.430664062, 278.248504639, 182.644851685, 99.2522964478, 199.691741943, 64.1529922485, 101.868225098, 39.0631790161, 11.2276611328, 13.2021207809, 34.4890518188, 26.2759780884, 128.768783569, 99.2004470825, 87.7944030762, 64.3248901367, 215.493057251, 332.039123535, 274.464752197, 588.3359375, 329.364929199, 126.339202881, 62.3520202637, 2.89265418053, 0.0814108848572, 0.00185364368372, 7.84766689321e-06],
        "dvar2": [1.88770675659, 75.9703521729, 270.723022461, 451.350372314, 405.440734863, 915.723449707, 492.121948242, 1861.62072754, 3683.06640625, 6143.49853516, 5831.11962891, 7808.01123047, 1934.50732422, 508.028625488, 425.410095215, 315.132263184, 216.413772583, 449.94317627, 179.756881714, 223.251617432, 68.4808654785, 29.7812423706, 33.6725616455, 89.8842315674, 63.4979705811, 314.523223877, 247.691894531, 220.62940979, 140.713088989, 566.393066406, 820.452270508, 695.264099121, 1568.82983398, 874.985351562, 308.705627441, 159.562850952, 6.23206090927, 0.112010017037, 0.00194622762501, 9.26209031604e-06],
        "max": [9.02013492584, 49.9842224121, 192.294494629, 413.399108887, 325.881225586, 345.444915771, 300.3543396, 669.632385254, 1742.89208984, 1987.3951416, 2935.23779297, 3257.90405273, 2108.0703125, 1038.44433594, 780.832519531, 575.09576416, 256.612670898, 405.533905029, 235.416275024, 792.328979492, 454.161315918, 78.0298995972, 98.9934921265, 97.3843612671, 264.682830811, 222.42918396, 127.51474762, 329.774780273, 200.574905396, 114.715019226, 117.399131775, 111.533950806, 156.244644165, 110.81036377, 77.4218215942, 49.5271377563, 10.1120023727, 2.55950307846, 0.767690122128, 0.0246419068426],
        "mean": [0.314375698566, 1.63835799694, 3.53498220444, 5.88396263123, 12.4329805374, 21.1807746887, 18.7168292999, 28.989282608, 39.6559104919, 43.6368598938, 51.1153106689, 42.8520736694, 31.213218689, 14.6167440414, 12.0517425537, 9.05078601837, 6.02698516846, 5.94982814789, 3.66513180733, 3.32166647911, 2.65943717957, 2.01637148857, 2.11646938324, 2.97433829308, 2.62367868423, 5.37947416306, 5.97036790848, 5.0980553627, 5.46164751053, 8.0565328598, 9.09958648682, 8.51013946533, 11.792216301, 9.54253482819, 6.73984575272, 4.53354072571, 1.34532892704, 0.280456840992, 0.0408845432103, 0.00280034332536],
        "median": [0.113744273782, 0.542476892471, 1.40391373634, 3.24254655838, 8.45573043823, 13.6635656357, 11.4508562088, 13.1813364029, 14.3480424881, 16.3758888245, 13.068479538, 10.2319946289, 7.87732887268, 3.41528320312, 2.45545506477, 1.73101687431, 1.30912363529, 1.07709121704, 0.86864066124, 0.727464556694, 0.665995121002, 0.683074593544, 0.79602265358, 0.724750161171, 0.691794335842, 0.877223491669, 0.836102485657, 0.702568531036, 0.996520280838, 1.4811873436, 1.4728448391, 1.43236911297, 2.14824271202, 2.19928622246, 1.64073395729, 1.16563165188, 0.334472417831, 0.0765181034803, 0.00938097946346, 0.000660028774291],
        "min": [4.12800688065e-22, 3.47410970121e-21, 1.74459641135e-21, 1.30649873877e-20, 1.38976456484e-20, 7.35281945098e-20, 1.21621192644e-19, 2.82945477878e-19, 2.12007890262e-19, 2.18786040846e-19, 4.94033620847e-19, 9.246870088e-19, 2.18419667043e-18, 1.37557023601e-18, 2.13566329556e-18, 1.28878130876e-18, 1.88213905525e-18, 2.47781001233e-18, 5.81067538308e-18, 5.42491143261e-18, 9.66722342296e-18, 7.41603484228e-18, 7.09236651322e-18, 9.91015147962e-18, 1.2782464192e-17, 1.47593257671e-17, 1.46769137627e-17, 9.57430126167e-18, 1.37602446156e-17, 1.62736784018e-17, 1.58587133213e-17, 1.46655598816e-17, 1.34150199598e-17, 8.90295568626e-18, 7.38772872172e-18, 5.00760915333e-18, 2.90378796866e-18, 1.1747726593e-18, 2.87510997871e-19, 2.87093323361e-20],
        "var": [0.480074584484, 19.9154815674, 89.0529556274, 180.536453247, 215.409622192, 618.779602051, 543.592163086, 1877.24450684, 6376.50244141, 11188.2705078, 24939.4921875, 22782.9609375, 8822.07324219, 2016.36328125, 1761.68518066, 593.604980469, 214.334655762, 346.95513916, 103.006149292, 204.484603882, 163.727737427, 15.416847229, 18.1419029236, 50.3017845154, 47.483757019, 268.792053223, 203.522766113, 136.507873535, 160.602905273, 248.082275391, 346.384094238, 268.450866699, 504.066101074, 289.673522949, 133.653671265, 59.6298370361, 3.97973489761, 0.17009152472, 0.00435504736379, 1.85349545063e-05]
    },
    "gfcc": {
        "mean": [-37.5972480774, 69.4658050537, -29.7495937347, -2.2302801609, -75.9204330444, 0.574851572514, -37.1886329651, 12.098195076, -22.7990188599, 4.12578821182, -15.7326469421, -1.62826669216, -11.6256313324],
        "cov": [[26722.234375, -5798.32470703, 1883.01647949, 2375.81884766, 1953.55554199, 2487.85522461, -528.143371582, 269.692779541, -609.803527832, 531.350463867, -189.418823242, 929.938110352, -25.1062088013], [-5798.32470703, 3770.63134766, -522.738769531, -794.67565918, 40.2076034546, -650.904541016, 321.238769531, -269.046875, 198.025177002, -225.492370605, 219.821548462, -282.483642578, 151.111785889], [1883.01647949, -522.738769531, 1308.4239502, 281.480957031, 174.407104492, 157.828048706, -96.2328643799, 90.6762466431, -98.1658554077, -11.320933342, -0.366638451815, 119.368141174, -44.8106231689], [2375.81884766, -794.67565918, 281.480957031, 860.443237305, 137.675567627, 268.662872314, -121.166633606, 57.9010467529, -89.38646698, 25.0728263855, -67.7046279907, 93.0747680664, -18.5185337067], [1953.55554199, 40.2076034546, 174.407104492, 137.675567627, 779.702575684, 288.229187012, -30.9960250854, -74.2408447266, -20.7897605896, 36.5183143616, 30.036901474, 95.5483551025, 33.1960945129], [2487.85522461, -650.904541016, 157.828048706, 268.662872314, 288.229187012, 470.319213867, -36.8504600525, 44.6403198242, -76.197013855, 74.8603973389, -63.7016906738, 109.095825195, -4.95523071289], [-528.143371582, 321.238769531, -96.2328643799, -121.166633606, -30.9960250854, -36.8504600525, 273.091400146, 53.0001983643, 69.4334259033, -9.72309207916, 18.7713508606, -40.3546791077, 53.2475013733], [269.692779541, -269.046875, 90.6762466431, 57.9010467529, -74.2408447266, 44.6403198242, 53.0001983643, 181.239364624, 51.0631065369, 14.3277845383, -28.0586967468, 7.58590555191, -15.7164230347], [-609.803527832, 198.025177002, -98.1658554077, -89.38646698, -20.7897605896, -76.197013855, 69.4334259033, 51.0631065369, 153.682952881, 44.9667510986, 18.3813152313, -43.6685600281, 4.27589321136], [531.350463867, -225.492370605, -11.320933342, 25.0728263855, 36.5183143616, 74.8603973389, -9.72309207916, 14.3277845383, 44.9667510986, 154.806655884, 43.5470848083, 20.2049942017, -28.0281772614], [-189.418823242, 219.821548462, -0.366638451815, -67.7046279907, 30.036901474, -63.7016906738, 18.7713508606, -28.0586967468, 18.3813152313, 43.5470848083, 164.810302734, 30.1172542572, -4.29585695267], [929.938110352, -282.483642578, 119.368141174, 93.0747680664, 95.5483551025, 109.095825195, -40.3546791077, 7.58590555191, -43.6685600281, 20.2049942017, 30.1172542572, 139.914657593, 25.5691146851], [-25.1062088013, 151.111785889, -44.8106231689, -18.5185337067, 33.1960945129, -4.95523071289, 53.2475013733, -15.7164230347, 4.27589321136, -28.0281772614, -4.29585695267, 25.5691146851, 92.4424057007]],
        "icov": [[0.000108237290988, 9.58655800787e-05, -4.36397494923e-05, -8.39353742776e-05, -0.000128860745463, -0.000276097387541, -2.95985819321e-06, -9.66145853454e-06, 0.000113877693366, -8.39700151118e-05, -0.000112113455543, -2.84555553662e-05, -0.000161809526617], [9.58655800787e-05, 0.000773907813709, -4.27500308433e-05, 0.000131394626806, -0.000339463877026, -2.54079168371e-05, -0.000292560289381, 0.000737594382372, -0.000559644366149, 0.000946563668549, -0.00106360530481, 0.00107510422822, -0.000852897472214], [-4.36397494923e-05, -4.27500308433e-05, 0.0010033310391, -0.000120295699162, -0.000231004494708, 0.000324714084854, 8.87008718564e-05, -0.000758769165259, 0.000565961003304, 0.000176350949914, -2.55167105934e-06, -0.000563160283491, 0.000623492989689], [-8.39353742776e-05, 0.000131394626806, -0.000120295699162, 0.00172448076773, 7.55301607569e-06, -0.000320696504787, 0.000482116971398, -0.000312285177642, 0.000136996692163, 0.000263784982963, 7.01833923813e-05, 0.000221219452214, -0.00028541975189], [-0.000128860745463, -0.000339463877026, -0.000231004494708, 7.55301607569e-06, 0.00243564718403, -0.00162968283985, 0.000224456991418, 0.00147877307609, -0.00158263370395, 0.000670020584948, -0.000443763303338, -0.000535194936674, -2.66677125182e-05], [-0.000276097387541, -2.54079168371e-05, 0.000324714084854, -0.000320696504787, -0.00162968283985, 0.00653060013428, -0.00108095165342, -0.00156732532196, 0.00288199493662, -0.00297873700038, 0.00312326592393, -0.00201441370882, 0.0010170295136], [-2.95985819321e-06, -0.000292560289381, 8.87008718564e-05, 0.000482116971398, 0.000224456991418, -0.00108095165342, 0.0060831354931, -0.00253307307139, -0.000786192191299, 0.000194448948605, -0.00150951428805, 0.0024145571515, -0.00409880373627], [-9.66145853454e-06, 0.000737594382372, -0.000758769165259, -0.000312285177642, 0.00147877307609, -0.00156732532196, -0.00253307307139, 0.0106396228075, -0.00592008093372, 0.0026183812879, 0.000399453623686, -0.00145601225086, 0.00250320136547], [0.000113877693366, -0.000559644366149, 0.000565961003304, 0.000136996692163, -0.00158263370395, 0.00288199493662, -0.000786192191299, -0.00592008093372, 0.0140462527052, -0.00669090310112, 0.0012344038114, 0.00186592352111, -0.00172038853634], [-8.39700151118e-05, 0.000946563668549, 0.000176350949914, 0.000263784982963, 0.000670020584948, -0.00297873700038, 0.000194448948605, 0.0026183812879, -0.00669090310112, 0.012774460949, -0.0047786780633, 0.000598404963966, 0.00229616183788], [-0.000112113455543, -0.00106360530481, -2.55167105934e-06, 7.01833923813e-05, -0.000443763303338, 0.00312326592393, -0.00150951428805, 0.000399453623686, 0.0012344038114, -0.0047786780633, 0.0112408986315, -0.0060520353727, 0.00367554393597], [-2.84555553662e-05, 0.00107510422822, -0.000563160283491, 0.000221219452214, -0.000535194936674, -0.00201441370882, 0.0024145571515, -0.00145601225086, 0.00186592352111, 0.000598404963966, -0.0060520353727, 0.0158331934363, -0.0081134615466], [-0.000161809526617, -0.000852897472214, 0.000623492989689, -0.00028541975189, -2.66677125182e-05, 0.0010170295136, -0.00409880373627, 0.00250320136547, -0.00172038853634, 0.00229616183788, 0.00367554393597, -0.0081134615466, 0.0184541754425]]
    },
    "melbands": {
        "dmean": [0.00244187074713, 0.00179401261266, 0.000736291403882, 0.000712768291123, 0.000339101243299, 0.000280351989204, 0.000259266264038, 0.000214596089791, 0.000152437380166, 0.000100026431028, 5.67418828723e-05, 2.27032724069e-05, 1.68169990502e-05, 1.32314908114e-05, 1.03574175228e-05, 7.91025468061e-06, 7.44587896406e-06, 3.82816142519e-06, 3.71969917978e-06, 3.11950384457e-06, 1.97283247871e-06, 1.48524509314e-06, 1.32321304136e-06, 1.801970825e-06, 2.04440334528e-06, 1.47168327658e-06, 1.96391488316e-06, 3.20556137012e-06, 3.05498724629e-06, 2.91862329505e-06, 2.79005325865e-06, 2.49115328188e-06, 2.39333303398e-06, 5.29332510268e-06, 5.70520887777e-06, 4.66260507892e-06, 5.65061509405e-06, 7.82478764449e-06, 1.10920718726e-05, 8.26492941997e-06],
        "dmean2": [0.00420453492552, 0.00311651010998, 0.0012801826233, 0.00121365243103, 0.000553751422558, 0.000446226331405, 0.000403964688303, 0.000323748390656, 0.000188974387129, 0.000130469357828, 7.89608020568e-05, 3.00396604871e-05, 2.26318697969e-05, 1.76469766302e-05, 1.47309528984e-05, 1.19487440315e-05, 1.15150232887e-05, 6.23629330221e-06, 6.14383998254e-06, 4.7551411626e-06, 3.2022517189e-06, 2.39473160946e-06, 2.15138084059e-06, 2.93796051665e-06, 3.39764483215e-06, 2.31167405218e-06, 3.3056526263e-06, 5.19428749612e-06, 4.95180756843e-06, 4.77590128867e-06, 4.55254576082e-06, 3.83833548767e-06, 3.64337347492e-06, 8.86582256499e-06, 9.25703261601e-06, 7.54901020628e-06, 8.69149243954e-06, 1.27113971757e-05, 1.81258874363e-05, 1.30632679429e-05],
        "dvar": [5.13205122843e-05, 3.04297154798e-05, 3.98103793486e-06, 1.10222299554e-06, 2.67124789843e-07, 2.85213161533e-07, 3.75038695211e-07, 3.21466501418e-07, 2.79867606423e-07, 1.96247725626e-07, 2.58030414813e-08, 5.8107461065e-09, 2.65471800098e-09, 1.57316870641e-09, 1.13298570525e-09, 7.25025872672e-10, 9.31195398568e-10, 1.55363916177e-10, 3.06713515696e-10, 4.97366481333e-10, 3.3907033431e-11, 1.46017191394e-11, 1.09336671661e-11, 2.0112330204e-11, 2.52812805412e-11, 1.5751119159e-11, 2.54287025464e-11, 1.01184664814e-10, 4.12298632735e-11, 3.41211503496e-11, 3.59775369219e-11, 2.11134651429e-11, 1.99137772244e-11, 9.81141001777e-11, 1.27882801571e-10, 8.657481676e-11, 1.05437256148e-10, 2.03969841017e-10, 4.18542672742e-10, 2.16912224293e-10],
        "dvar2": [0.000140596079291, 8.38799533085e-05, 1.04664022729e-05, 3.02132593788e-06, 6.84500719217e-07, 8.13867814031e-07, 8.8000786036e-07, 7.04557123754e-07, 3.99970645049e-07, 3.19305001995e-07, 4.67298946205e-08, 9.11674824522e-09, 4.27335011821e-09, 2.53074561307e-09, 2.1949946305e-09, 1.55344892505e-09, 2.10796069489e-09, 4.21121915117e-10, 8.88971007917e-10, 9.16855869004e-10, 6.97048113674e-11, 3.82380724306e-11, 2.9418460723e-11, 5.37344092832e-11, 6.6202689164e-11, 3.50154072404e-11, 6.56625032125e-11, 2.45756387462e-10, 1.00215107046e-10, 8.41910569038e-11, 9.25104715055e-11, 4.68747436699e-11, 4.21487081348e-11, 2.67322330938e-10, 3.16248194299e-10, 2.22359561319e-10, 2.6291399613e-10, 5.41301337087e-10, 1.11910203326e-09, 5.73751601785e-10],
        "max": [0.0716393440962, 0.0808521136642, 0.057456754148, 0.0203379355371, 0.00951345730573, 0.0131373004988, 0.0268014892936, 0.0255280286074, 0.0313100144267, 0.0220470577478, 0.0104264803231, 0.00465440517291, 0.00210944726132, 0.00132189481519, 0.00103701883927, 0.000744955032133, 0.000860764761455, 0.000348302157363, 0.000647267326713, 0.00180770969018, 0.000414138281485, 9.72740599536e-05, 9.18107907637e-05, 0.000118244206533, 7.39457827876e-05, 0.000299680395983, 0.00028682424454, 0.000188608217286, 0.000105436192825, 0.000112430563604, 0.000186999517609, 0.000100570548966, 8.79186045495e-05, 7.35303328838e-05, 7.02458928572e-05, 0.000101465819171, 7.5135147199e-05, 9.75320654106e-05, 0.000123818565044, 9.0064095275e-05],
        "mean": [0.00261174002662, 0.00198403606191, 0.00116948294453, 0.00127957179211, 0.000721347751096, 0.000663323735353, 0.000607909285463, 0.000476421060739, 0.000423935009167, 0.000253782636719, 0.0001491788571, 5.77421415073e-05, 4.00358185288e-05, 2.69096763077e-05, 1.8512180759e-05, 1.23341596918e-05, 1.10584815047e-05, 5.57672319701e-06, 4.98148801853e-06, 4.68271855425e-06, 2.69450220003e-06, 2.13662269744e-06, 1.77358629116e-06, 2.15876070797e-06, 2.46631589107e-06, 1.79458515959e-06, 2.12972213376e-06, 4.15088334194e-06, 3.6876554077e-06, 3.50528284798e-06, 2.86230306301e-06, 3.05020535052e-06, 3.05602134176e-06, 5.06863898408e-06, 5.47807303519e-06, 4.48997161584e-06, 5.39568600288e-06, 7.39160896046e-06, 9.50596677285e-06, 7.68265999795e-06],
        "median": [0.000941525329836, 0.000762029085308, 0.000716518727131, 0.000903543201275, 0.000468801008537, 0.000303214183077, 0.000220186979277, 0.000162981974427, 9.93956418824e-05, 5.89318369748e-05, 3.15357065119e-05, 1.0296871551e-05, 6.79869390297e-06, 4.27711802331e-06, 2.36659138864e-06, 1.77244896804e-06, 1.46799254708e-06, 1.07327923615e-06, 9.0032983735e-07, 6.59509396428e-07, 6.57978716845e-07, 6.11237965131e-07, 6.23874427674e-07, 6.02133695793e-07, 5.16662680639e-07, 4.61117281247e-07, 4.71577493499e-07, 5.87387546602e-07, 5.32510853191e-07, 4.12329512756e-07, 3.91354944895e-07, 5.1625136166e-07, 6.70982558404e-07, 8.48329250402e-07, 8.53280255342e-07, 7.53205654291e-07, 9.55006271397e-07, 1.36487665259e-06, 1.7204059759e-06, 1.79529831712e-06],
        "min": [4.64700131009e-24, 1.98858896887e-24, 3.5332330527e-24, 2.68529159327e-24, 4.40201740053e-24, 6.84493818599e-24, 3.1298786111e-24, 2.44590386297e-24, 3.59584809819e-24, 4.91377947431e-24, 1.06037894019e-23, 6.04205882806e-24, 8.1120925578e-24, 2.61329501947e-24, 3.35314005234e-24, 4.94343236131e-24, 3.7514840439e-24, 9.94537216937e-24, 5.83119670252e-24, 4.35803998279e-24, 1.34073710823e-23, 7.88822172151e-24, 6.41892568704e-24, 5.46681475065e-24, 8.05873163959e-24, 1.05429382494e-23, 9.10712147174e-24, 6.87890495885e-24, 8.85350269071e-24, 6.76003860879e-24, 5.86512087689e-24, 7.01469631963e-24, 8.70944880081e-24, 8.05699220129e-24, 8.930813426e-24, 7.28715231022e-24, 9.88332037057e-24, 9.14036249256e-24, 8.6181831161e-24, 6.742739678e-24],
        "var": [3.67053326045e-05, 2.50486646109e-05, 4.62686148239e-06, 1.87665875728e-06, 6.84640610871e-07, 9.54344045567e-07, 1.59424087087e-06, 1.42759597566e-06, 1.98671409635e-06, 8.66288360157e-07, 2.13473384747e-07, 3.59643941295e-08, 1.82242416713e-08, 5.98185989631e-09, 3.51263151899e-09, 1.54462320712e-09, 1.60927560167e-09, 2.55726662068e-10, 3.87296666959e-10, 1.34453470579e-09, 1.14607587309e-10, 2.12467925198e-11, 1.37616177134e-11, 2.45196415255e-11, 3.71525067655e-11, 2.78950283011e-11, 3.52482210086e-11, 1.97160968107e-10, 8.95989671346e-11, 6.84213172231e-11, 4.35259467357e-11, 5.22135980285e-11, 4.24413976186e-11, 1.0172187398e-10, 1.30010710531e-10, 8.44823655477e-11, 1.05909538084e-10, 1.93761909295e-10, 3.38064021221e-10, 1.87716620026e-10]
    },
    "mfcc": {
        "mean": [-709.48815918, 119.04271698, 75.963470459, 8.61329841614, -4.46527147293, -14.473487854, -5.53602933884, -4.23224067688, -0.300119519234, 1.25887858868, 1.7372893095, 0.0586928129196, -0.669006466866],
        "cov": [[17671.0878906, -1847.09521484, 102.155220032, 414.714660645, 1657.26904297, 1538.82336426, 1077.40588379, 379.594207764, 112.374671936, -111.91960144, -178.459793091, -127.987915039, 16.7977600098], [-1847.09521484, 2428.47314453, -26.0892219543, -97.4110565186, 41.0933685303, -71.4668197632, -29.4870414734, -40.6154975891, -39.7536125183, -64.384979248, -10.3198928833, -45.1825027466, 12.7577123642], [102.155220032, -26.0892219543, 906.750427246, 246.223953247, 21.2009296417, -110.47052002, -7.78078746796, 35.5914459229, -45.1378479004, -13.2458753586, 19.941318512, -7.27905273438, 2.98284268379], [414.714660645, -97.4110565186, 246.223953247, 410.44934082, 149.25668335, 75.3808517456, 35.1097221375, 22.6734733582, -4.49709129333, -16.6548099518, -24.3349132538, -11.0259828568, -15.8430614471], [1657.26904297, 41.0933685303, 21.2009296417, 149.25668335, 561.289306641, 312.015899658, 176.547546387, 50.8678359985, -13.6270666122, -46.3574256897, -18.8345870972, -46.2832336426, 16.3347263336], [1538.82336426, -71.4668197632, -110.47052002, 75.3808517456, 312.015899658, 351.836425781, 190.33164978, 41.2431907654, 13.8312072754, -32.4636077881, -32.1920318604, -16.1065883636, -2.90099215508], [1077.40588379, -29.4870414734, -7.78078746796, 35.1097221375, 176.547546387, 190.33164978, 202.006393433, 92.5292053223, 22.5848712921, -15.7892274857, -22.8280525208, -22.7864303589, 3.0472278595], [379.594207764, -40.6154975891, 35.5914459229, 22.6734733582, 50.8678359985, 41.2431907654, 92.5292053223, 134.141921997, 82.3212814331, 23.1775455475, -4.55702400208, -28.1381435394, -14.7488613129], [112.374671936, -39.7536125183, -45.1378479004, -4.49709129333, -13.6270666122, 13.8312072754, 22.5848712921, 82.3212814331, 147.602386475, 81.3669433594, 17.4599609375, -7.54327297211, -30.5826187134], [-111.91960144, -64.384979248, -13.2458753586, -16.6548099518, -46.3574256897, -32.4636077881, -15.7892274857, 23.1775455475, 81.3669433594, 119.068756104, 63.6755905151, 23.5262393951, -2.12386798859], [-178.459793091, -10.3198928833, 19.941318512, -24.3349132538, -18.8345870972, -32.1920318604, -22.8280525208, -4.55702400208, 17.4599609375, 63.6755905151, 107.850372314, 68.5794448853, 30.3324966431], [-127.987915039, -45.1825027466, -7.27905273438, -11.0259828568, -46.2832336426, -16.1065883636, -22.7864303589, -28.1381435394, -7.54327297211, 23.5262393951, 68.5794448853, 119.685531616, 70.6136016846], [16.7977600098, 12.7577123642, 2.98284268379, -15.8430614471, 16.3347263336, -2.90099215508, 3.0472278595, -14.7488613129, -30.5826187134, -2.12386798859, 30.3324966431, 70.6136016846, 123.208274841]],
