{
"lowlevel": {
    "average_loudness": 0.00860551558435,
    "barkbands_crest": {
        "dmean": 1.5665564537,
        "dmean2": 2.39541745186,
        "dvar": 2.95873475075,
        "dvar2": 7.28474998474,
        "max": 26.0783042908,
        "mean": 12.628027916,
        "median": 12.2869377136,
        "min": 2.82733058929,
        "var": 15.0040845871
    },
    "barkbands_flatness_db": {
        "dmean": 0.0183496717364,
        "dmean2": 0.0250167585909,
        "dvar": 0.000393880909542,
        "dvar2": 0.000719532370567,
        "max": 0.565788269043,
        "mean": 0.261343330145,
        "median": 0.258171141148,
        "min": 0.0258438345045,
        "var": 0.00559128727764
    },
    "barkbands_kurtosis": {
        "dmean": 5.3528046608,
        "dmean2": 7.78636598587,
        "dvar": 105.19241333,
        "dvar2": 219.173690796,
        "max": 306.275604248,
        "mean": 16.8157596588,
        "median": 9.21441078186,
        "min": -1.82140684128,
        "var": 518.522033691
    },
    "barkbands_skewness": {
        "dmean": 0.480478495359,
        "dmean2": 0.69760799408,
        "dvar": 0.368027865887,
        "dvar2": 0.806312143803,
        "max": 12.1502447128,
        "mean": 2.13208794594,
        "median": 1.86074125767,
        "min": -2.26895546913,
        "var": 2.78438639641
    },
    "barkbands_spread": {
        "dmean": 1.32148194313,
        "dmean2": 1.96355068684,
        "dvar": 12.5016050339,
        "dvar2": 27.1190338135,
        "max": 120.823860168,
        "mean": 5.19488477707,
        "median": 3.45223903656,
        "min": 0.178333505988,
        "var": 65.4697036743
    },
    "dissonance": {
        "dmean": 0.0373365990818,
        "dmean2": 0.0623984187841,
        "dvar": 0.00124366534874,
        "dvar2": 0.00342497671954,
        "max": 0.500000059605,
        "mean": 0.379184454679,
        "median": 0.386048913002,
        "min": 0.102150663733,
        "var": 0.00457585323602
    },
    "dynamic_complexity": 7.2167468071,
    "erbbands_crest": {
        "dmean": 2.19986772537,
        "dmean2": 3.20428442955,
        "dvar": 5.72921800613,
        "dvar2": 12.1204204559,
        "max": 33.4630966187,
        "mean": 16.5768299103,
        "median": 15.5551395416,
        "min": 2.51363897324,
        "var": 41.5932197571
    },
    "erbbands_flatness_db": {
        "dmean": 0.015851855278,
        "dmean2": 0.021447185427,
        "dvar": 0.000318779755617,
        "dvar2": 0.000562699337024,
        "max": 0.528412103653,
        "mean": 0.273008882999,
        "median": 0.272137999535,
        "min": 0.0322388894856,
        "var": 0.0047873724252
    },
    "erbbands_kurtosis": {
        "dmean": 3.17694616318,
        "dmean2": 4.48721027374,
        "dvar": 40.2981758118,
        "dvar2": 69.9788894653,
        "max": 304.387542725,
        "mean": 9.16186618805,
        "median": 4.93964767456,
        "min": -1.79883003235,
        "var": 240.188674927
    },
    "erbbands_skewness": {
        "dmean": 0.406526595354,
        "dmean2": 0.578609883785,
        "dvar": 0.242312967777,
        "dvar2": 0.473999470472,
        "max": 14.1103782654,
        "mean": 1.86539518833,
        "median": 1.62897884846,
        "min": -3.16733384132,
        "var": 1.9114741087
    },
    "erbbands_spread": {
        "dmean": 2.77799987793,
        "dmean2": 4.03650760651,
        "dvar": 37.9471473694,
        "dvar2": 76.859703064,
        "max": 116.93157196,
        "mean": 12.4746589661,
        "median": 9.47772598267,
        "min": 0.477013319731,
        "var": 146.906768799
    },
    "hfc": {
        "dmean": 1.46535050869,
        "dmean2": 1.94656670094,
        "dvar": 32.011882782,
        "dvar2": 74.7347183228,
        "max": 303.480865479,
        "mean": 5.60978841782,
        "median": 1.95367288589,
        "min": 1.16706264116e-16,
        "var": 111.950531006
    },
    "melbands_crest": {
        "dmean": 2.32230997086,
        "dmean2": 3.43179941177,
        "dvar": 6.38584661484,
        "dvar2": 14.6180448532,
        "max": 34.9093055725,
        "mean": 19.2400779724,
        "median": 18.3355083466,
        "min": 1.86216950417,
        "var": 50.4644546509
    },
    "melbands_flatness_db": {
        "dmean": 0.0191330723464,
        "dmean2": 0.0258480031043,
        "dvar": 0.000480242946651,
        "dvar2": 0.000881115847733,
        "max": 0.642094612122,
        "mean": 0.3426027596,
        "median": 0.342869997025,
        "min": 0.00469433842227,
        "var": 0.00633335718885
    },
    "melbands_kurtosis": {
        "dmean": 7.30232095718,
        "dmean2": 10.5011663437,
        "dvar": 333.040252686,
        "dvar2": 667.627502441,
        "max": 711.831420898,
        "mean": 19.9272632599,
        "median": 8.94130706787,
        "min": -1.57847297192,
        "var": 1325.15979004
    },
    "melbands_skewness": {
        "dmean": 0.536697924137,
        "dmean2": 0.760616004467,
        "dvar": 0.531662285328,
        "dvar2": 1.12082266808,
        "max": 18.5749015808,
        "mean": 2.21510457993,
        "median": 1.74591469765,
        "min": -2.33571410179,
        "var": 4.08374595642
    },
    "melbands_spread": {
        "dmean": 1.53398120403,
        "dmean2": 2.30428886414,
        "dvar": 16.833486557,
        "dvar2": 38.224319458,
        "max": 166.856826782,
        "mean": 6.38392925262,
        "median": 4.74801540375,
        "min": 0.187001094222,
        "var": 83.4763031006
    },
    "pitch_salience": {
        "dmean": 0.0507877394557,
        "dmean2": 0.0767606347799,
        "dvar": 0.00274993572384,
        "dvar2": 0.00649044755846,
        "max": 0.878247797489,
        "mean": 0.479503750801,
        "median": 0.493630439043,
        "min": 0.0390925295651,
        "var": 0.0197904668748
    },
    "silence_rate_20dB": {
        "dmean": 0,
        "dmean2": 0,
        "dvar": 0,
        "dvar2": 0,
        "max": 1,
        "mean": 1,
        "median": 1,
        "min": 1,
        "var": 0
    },
    "silence_rate_30dB": {
        "dmean": 0.00696914689615,
        "dmean2": 0.0139393061399,
        "dvar": 0.0069195558317,
        "dvar2": 0.0159242749214,
        "max": 1,
        "mean": 0.984610915184,
        "median": 1,
        "min": 0,
        "var": 0.0151544408873
    },
    "silence_rate_60dB": {
        "dmean": 0.0477676950395,
        "dmean2": 0.0955423265696,
        "dvar": 0.045484829694,
        "dvar2": 0.0954322218895,
        "max": 1,
        "mean": 0.398446559906,
        "median": 0,
        "min": 0,
        "var": 0.23967410624
    },
    "spectral_centroid": {
        "dmean": 57.2980384827,
        "dmean2": 83.685043335,
        "dvar": 33552.015625,
        "dvar2": 65785.9609375,
        "max": 11509.4501953,
        "mean": 518.205810547,
        "median": 461.199157715,
        "min": 214.290939331,
        "var": 123429.710938
    },
    "spectral_complexity": {
        "dmean": 0.998475492001,
        "dmean2": 1.65122699738,
        "dvar": 3.61842560768,
        "dvar2": 7.21210813522,
        "max": 59,
        "mean": 6.61055469513,
        "median": 6,
        "min": 0,
        "var": 25.5141544342
    },
    "spectral_decrease": {
        "dmean": 7.76764152999e-10,
        "dmean2": 1.02273678415e-09,
        "dvar": 5.17206051732e-18,
        "dvar2": 1.16109382166e-17,
        "max": 1.34117655727e-19,
        "mean": -3.18887627415e-09,
        "median": -1.17737841698e-09,
        "min": -6.8693786659e-08,
        "var": 3.22953876628e-17
    },
    "spectral_energy": {
        "dmean": 0.00305059435777,
        "dmean2": 0.0040160943754,
        "dvar": 7.87603858043e-05,
        "dvar2": 0.000176509754965,
        "max": 0.262704491615,
        "mean": 0.0125444168225,
        "median": 0.00462022889405,
        "min": 1.07117570958e-20,
        "var": 0.000495707558002
    },
    "spectral_energyband_high": {
        "dmean": 5.48598909518e-05,
        "dmean2": 8.13812584965e-05,
        "dvar": 3.56491284492e-07,
        "dvar2": 8.51353775033e-07,
        "max": 0.0299890283495,
        "mean": 6.90325905452e-05,
        "median": 2.72691795544e-06,
        "min": 7.85460013525e-21,
        "var": 4.47924975333e-07
    },
    "spectral_energyband_low": {
        "dmean": 0.000506567244884,
        "dmean2": 0.000833892147057,
        "dvar": 3.49253350578e-05,
        "dvar2": 9.3054419267e-05,
        "max": 0.236199975014,
        "mean": 0.000688598258421,
        "median": 9.45661013247e-05,
        "min": 2.44231052266e-23,
        "var": 2.86813847197e-05
    },
    "spectral_energyband_middle_high": {
        "dmean": 0.000209368416108,
        "dmean2": 0.000309680355713,
        "dvar": 8.35619061945e-07,
        "dvar2": 1.89196873635e-06,
        "max": 0.036104504019,
        "mean": 0.000705178419594,
        "median": 0.000217027933104,
        "min": 1.42673761972e-21,
        "var": 2.43943100031e-06
    },
    "spectral_energyband_middle_low": {
        "dmean": 0.00264651863836,
        "dmean2": 0.0033631476108,
        "dvar": 3.82842117688e-05,
        "dvar2": 7.22576514818e-05,
        "max": 0.188494935632,
        "mean": 0.0112542239949,
        "median": 0.00394969712943,
        "min": 3.10337829627e-22,
        "var": 0.000404314952902
    },
    "spectral_entropy": {
        "dmean": 0.179346710443,
        "dmean2": 0.246188759804,
        "dvar": 0.0445978157222,
        "dvar2": 0.080759473145,
        "max": 9.80637931824,
        "mean": 6.13398170471,
        "median": 6.13081455231,
        "min": 3.37079167366,
        "var": 0.552548706532
    },
    "spectral_flux": {
        "dmean": 0.00982382893562,
        "dmean2": 0.0154064372182,
        "dvar": 0.00037685901043,
        "dvar2": 0.000850905256812,
        "max": 0.435930430889,
        "mean": 0.0243295636028,
        "median": 0.0156978257,
        "min": 6.97844837472e-11,
        "var": 0.000885690969881
    },
    "spectral_kurtosis": {
        "dmean": 5.89735412598,
        "dmean2": 9.75506591797,
        "dvar": 49.8874893188,
        "dvar2": 120.007263184,
        "max": 242.060974121,
        "mean": 21.5235004425,
        "median": 17.5333194733,
        "min": -1.20745623112,
        "var": 335.879272461
    },
    "spectral_rms": {
        "dmean": 0.000335969409207,
        "dmean2": 0.000421159522375,
        "dvar": 3.37069195666e-07,
        "dvar2": 6.42891905045e-07,
        "max": 0.0160092804581,
        "mean": 0.00271699763834,
        "median": 0.0021230969578,
        "min": 3.23272246645e-12,
        "var": 4.85636928715e-06
    },
    "spectral_rolloff": {
        "dmean": 98.1976699829,
        "dmean2": 166.974822998,
        "dvar": 168164.296875,
        "dvar2": 389672.75,
        "max": 19982.8125,
        "mean": 643.778869629,
        "median": 538.330078125,
        "min": 43.06640625,
        "var": 1005738.8125
    },
    "spectral_skewness": {
        "dmean": 0.452442884445,
        "dmean2": 0.724981725216,
        "dvar": 0.205063983798,
        "dvar2": 0.47090023756,
        "max": 13.4382944107,
        "mean": 3.58652734756,
        "median": 3.50600481033,
        "min": -0.065132021904,
        "var": 1.94500982761
    },
    "spectral_spread": {
        "dmean": 398893.71875,
        "dmean2": 621275.1875,
        "dvar": 321812824064,
        "dvar2": 571434729472,
        "max": 41256484,
        "mean": 3179800.75,
        "median": 2860114.5,
        "min": 478628.625,
        "var": 2.2764037079e+12
    },
    "spectral_strongpeak": {
        "dmean": 0.192541897297,
        "dmean2": 0.270343244076,
        "dvar": 0.120579794049,
        "dvar2": 0.259137332439,
        "max": 6.79802322388,
        "mean": 0.946912765503,
        "median": 0.642526984215,
        "min": 0,
        "var": 0.800777196884
    },
    "zerocrossingrate": {
        "dmean": 0.00327805988491,
        "dmean2": 0.00408048415557,
        "dvar": 3.74600203941e-05,
        "dvar2": 4.80399794469e-05,
        "max": 0.50390625,
        "mean": 0.0269774328917,
        "median": 0.02294921875,
        "min": 0.005859375,
        "var": 0.000830880482681
    },
    "barkbands": {
        "dmean": [6.23791493126e-05, 0.000306254310999, 0.000156487032655, 7.04397098161e-05, 0.000822476227768, 0.00119214423466, 0.000465521734441, 0.00061432266375, 0.000199976624572, 0.000149078725372, 5.76568527322e-05, 5.65430091228e-05, 1.33420617203e-05, 1.62557553267e-05, 1.51363365148e-05, 1.00738434412e-05, 1.04718028524e-05, 9.06221794139e-06, 1.37448014357e-05, 2.04745156225e-05, 1.84363198059e-05, 1.35758455144e-05, 6.70445979267e-06, 3.09233450935e-06, 1.80127335625e-06, 7.41238068258e-07, 2.11916486137e-07],
        "dmean2": [0.000104130645923, 0.000536270905286, 0.000234265869949, 0.000117095616588, 0.00102475460153, 0.00147007463966, 0.000766123412177, 0.000780687958468, 0.000309685128741, 0.000205392687349, 9.3686125183e-05, 8.30071730888e-05, 2.11863807635e-05, 2.47661537287e-05, 2.28328863159e-05, 1.60471918207e-05, 1.70573039213e-05, 1.44060732055e-05, 2.14347910514e-05, 3.27008710883e-05, 2.84849375021e-05, 2.06157892535e-05, 1.01531422843e-05, 4.62520665678e-06, 2.63907895715e-06, 1.15722878036e-06, 3.47454630401e-07],
        "dvar": [6.22518939508e-07, 1.9145096303e-05, 1.95661186808e-06, 3.74836275796e-07, 7.75513399276e-06, 9.54294409894e-06, 1.92365018847e-06, 4.43585940957e-06, 1.60359297752e-06, 1.37805409395e-06, 2.77517262504e-08, 4.52289050656e-08, 3.30348037814e-09, 6.07905459304e-09, 4.8892676574e-09, 6.10125150402e-09, 4.34424718421e-09, 8.76836647734e-09, 2.07582502298e-08, 5.44790879076e-08, 4.83266902052e-08, 2.6218282656e-08, 4.56969573293e-09, 7.5008804723e-10, 1.53804399772e-10, 1.74830809552e-11, 8.4523940581e-13],
        "dvar2": [1.61356501849e-06, 5.32012418262e-05, 4.85097689307e-06, 9.01611144855e-07, 1.63717068062e-05, 1.72204636328e-05, 5.2746026995e-06, 8.05816125649e-06, 3.62798255082e-06, 2.91439346256e-06, 7.31919342911e-08, 1.12566830524e-07, 8.95241125676e-09, 1.50649483999e-08, 1.0871990419e-08, 1.59818984713e-08, 1.17456213644e-08, 2.22181650855e-08, 5.1696297021e-08, 1.42119702673e-07, 1.17161000901e-07, 6.42658335437e-08, 9.95240245771e-09, 1.78646020199e-09, 3.47712997284e-10, 4.5659243747e-11, 2.23120306952e-12],
        "max": [0.0227575879544, 0.184499055147, 0.0713818669319, 0.0379895120859, 0.116190887988, 0.0920367240906, 0.0424523837864, 0.0530701950192, 0.0417222715914, 0.0577516816556, 0.00581653788686, 0.00832996703684, 0.0029022321105, 0.00304638361558, 0.00374067435041, 0.00447908462957, 0.0030539825093, 0.00598724419251, 0.00877226144075, 0.0145489806309, 0.0114254737273, 0.00963179301471, 0.00287248240784, 0.00144915317651, 0.000561677792575, 0.000271899218205, 4.15760478063e-05],
        "mean": [5.56172562938e-05, 0.000306248461129, 0.000270671211183, 0.000112115776574, 0.00276539637707, 0.0044990661554, 0.0012348286109, 0.00192195503041, 0.000453922053566, 0.000374945520889, 0.000140908596222, 0.00016136704653, 3.47431014234e-05, 3.2971969631e-05, 3.77340911655e-05, 1.53096461872e-05, 1.66554036696e-05, 1.27413723021e-05, 1.85990120372e-05, 2.33980426856e-05, 2.05613669095e-05, 1.53725377459e-05, 9.01336989045e-06, 4.95176618642e-06, 3.51780704477e-06, 1.52208576765e-06, 2.65846779257e-07],
        "median": [1.06041829895e-06, 2.48689721047e-05, 2.36574232986e-05, 3.32208946929e-05, 0.000619018275756, 0.00106553570367, 0.000327502377331, 0.000188029778656, 3.44966465491e-05, 6.205138925e-05, 2.91126561933e-05, 2.39707042056e-05, 3.72821250494e-06, 2.03298577617e-06, 3.86419287679e-06, 9.60615352597e-07, 1.14804470286e-06, 6.87618751272e-07, 8.81962591848e-07, 6.6117257802e-07, 5.5013401834e-07, 3.76707276928e-07, 3.84570768119e-07, 3.92867889332e-07, 2.66547090177e-07, 1.02744365904e-07, 6.62025678722e-09],
        "min": [1.85705351268e-24, 9.3357207403e-24, 6.98934864103e-24, 9.36539532097e-24, 2.37988085949e-23, 3.62664980332e-23, 2.80323552828e-23, 9.28124831707e-24, 5.24902934515e-23, 6.03113696994e-23, 2.66454242154e-23, 1.03784181522e-22, 9.64848515655e-23, 4.46987269124e-23, 6.87301626997e-23, 1.32850537814e-22, 6.47643759134e-23, 2.11738963364e-22, 1.77107338536e-22, 2.33300803823e-22, 3.7581868688e-22, 5.08770905708e-22, 5.8791448043e-22, 8.23853512799e-22, 1.14036258235e-21, 1.45619441798e-21, 2.12820626718e-21],
        "var": [5.10385007146e-07, 1.29152085719e-05, 2.91253945761e-06, 3.97641002792e-07, 6.22443403699e-05, 9.56957155722e-05, 6.84599717715e-06, 2.02377159439e-05, 4.28416160503e-06, 2.73199384537e-06, 7.96022021632e-08, 1.72497408357e-07, 1.04053601291e-08, 1.24789751865e-08, 1.28749455541e-08, 6.72106548194e-09, 5.81665871024e-09, 1.03675574792e-08, 2.4023046663e-08, 5.47995675504e-08, 5.65720483792e-08, 3.0190854261e-08, 7.12438508188e-09, 1.10026132649e-09, 3.23362475685e-10, 4.18600119845e-11, 1.93156775297e-12]
    },
    "erbbands": {
        "dmean": [0.0143093988299, 0.0522253587842, 0.152994081378, 0.228432625532, 0.455482304096, 2.18636775017, 14.1193056107, 4.98250246048, 7.05523777008, 8.12769031525, 12.6583557129, 4.81296348572, 5.90131235123, 2.2612683773, 2.30306959152, 2.71332502365, 0.693896234035, 0.843152523041, 0.821817219257, 0.504968047142, 0.598114788532, 0.48181450367, 0.522538900375, 0.616334795952, 0.693056702614, 0.937859773636, 0.938097298145, 0.629912495613, 0.510001599789, 0.321715533733, 0.173158809543, 0.0807958990335, 0.0461279973388, 0.0254776198417, 0.0111259259284, 0.00422636931762, 0.00133278826252, 0.00020755956939, 4.27029081038e-05, 5.50810591449e-06],
        "dmean2": [0.0251004174352, 0.0914564877748, 0.240182176232, 0.365490525961, 0.742815256119, 3.03025770187, 16.5851745605, 6.46088933945, 10.5818328857, 11.2966718674, 16.6212406158, 7.04367256165, 8.2030248642, 3.41639518738, 3.6715836525, 4.02342700958, 1.0750002861, 1.28736376762, 1.25031411648, 0.776399672031, 0.951307237148, 0.769725501537, 0.827619969845, 0.967787027359, 1.07588362694, 1.48151731491, 1.45897233486, 0.967169761658, 0.785091936588, 0.486632883549, 0.26215711236, 0.120195485651, 0.0704168081284, 0.0383232533932, 0.0168071519583, 0.00660004187375, 0.0021098961588, 0.000328506605001, 6.99773081578e-05, 7.98749260866e-06],
        "dvar": [0.0390157140791, 0.590287387371, 2.06161856651, 4.68499183655, 12.4082517624, 129.446029663, 1490.1472168, 260.181854248, 604.628051758, 631.10546875, 2675.73999023, 833.53704834, 2398.66113281, 68.2615890503, 41.0041847229, 108.358856201, 7.58838367462, 15.1259708405, 13.7179040909, 10.8609924316, 17.5490894318, 13.438372612, 29.3268108368, 40.0237884521, 57.6700820923, 108.845504761, 106.234016418, 65.7683410645, 36.3954849243, 12.1507987976, 3.00009417534, 0.620721459389, 0.154118642211, 0.0320846326649, 0.00534705398604, 0.000556126760785, 5.56908489671e-05, 1.13511134714e-06, 4.13190868187e-08, 2.48996628871e-10],
        "dvar2": [0.1078671664, 1.69337284565, 5.67075824738, 10.3805608749, 31.9139156342, 351.410949707, 2204.58911133, 511.569335938, 1358.70214844, 1043.05981445, 5380.08007812, 1856.5501709, 5230.41845703, 169.428573608, 105.44455719, 275.966033936, 19.9575309753, 37.8013076782, 31.0802764893, 27.5115795135, 44.3827285767, 36.2838821411, 75.8608169556, 97.989654541, 143.894744873, 280.047729492, 251.17805481, 165.89541626, 88.974319458, 27.4241523743, 6.46979570389, 1.49720966816, 0.367004483938, 0.0718851983547, 0.0127522852272, 0.00141938671004, 0.000151304193423, 3.00687202071e-06, 1.06886808737e-07, 6.25785590014e-10],
        "max": [7.56523180008, 32.0201263428, 55.473449707, 134.511688232, 209.525527954, 688.013000488, 1564.38903809, 687.967529297, 962.360839844, 751.472229004, 1280.21862793, 1119.48840332, 2468.89160156, 420.788269043, 199.450500488, 405.317382812, 149.187149048, 152.330490112, 161.800003052, 201.980407715, 260.85748291, 198.906539917, 352.434204102, 411.822784424, 456.075195312, 627.525878906, 504.152679443, 478.82913208, 336.463500977, 167.042251587, 74.449760437, 50.066696167, 16.4815406799, 8.53663825989, 2.73124861717, 1.32839465141, 0.4710945189, 0.036973323673, 0.009681340307, 0.000592995376792],
        "mean": [0.012281332165, 0.0586762987077, 0.264296889305, 0.397908180952, 1.06390988827, 6.38204145432, 53.5132904053, 17.557718277, 20.5263347626, 29.0844650269, 34.4594345093, 12.0267620087, 13.8752260208, 6.21219873428, 6.39326763153, 7.73488712311, 2.12337589264, 1.85470199585, 2.19170808792, 1.01938652992, 1.02131569386, 0.783051967621, 0.754833817482, 0.837210536003, 0.929574668407, 1.07818543911, 1.05406439304, 0.686731696129, 0.570246338844, 0.397216111422, 0.239744961262, 0.120751649141, 0.075690895319, 0.0473954118788, 0.0210444424301, 0.00794415269047, 0.00261314120144, 0.00038039975334, 6.23982778052e-05, 1.74010510818e-05],
        "median": [0.00044954684563, 0.0059677134268, 0.0253660157323, 0.102925255895, 0.212723508477, 1.40832400322, 9.4597454071, 3.94545459747, 4.52598953247, 5.37640094757, 4.22154903412, 1.66196835041, 1.87907338142, 1.7537612915, 1.57809126377, 1.32164239883, 0.413972914219, 0.206473693252, 0.252539306879, 0.127363890409, 0.0915391296148, 0.0564029291272, 0.0441343411803, 0.0432427860796, 0.0417122617364, 0.0305378939956, 0.0247089825571, 0.0199196487665, 0.0133142974228, 0.0115297324955, 0.0115346414968, 0.00881101563573, 0.00622101733461, 0.0033047827892, 0.00162281654775, 0.000476717774291, 0.000189688842511, 3.6538564018e-05, 4.20172818849e-06, 5.61974729862e-06],
        "min": [1.6761900792e-22, 2.62339382114e-21, 5.64661435786e-21, 1.73138918848e-20, 2.44189710654e-20, 8.31128073532e-20, 2.048522739e-19, 2.43944661629e-19, 2.96278517828e-19, 4.52610380325e-19, 3.15742387835e-19, 1.33189892537e-18, 1.90684942169e-18, 1.37174618003e-18, 1.746233901e-18, 4.17262491888e-18, 5.11120649402e-18, 2.44263457037e-18, 3.51870927974e-18, 6.99649876177e-18, 7.36658184936e-18, 5.85997741554e-18, 9.58388828497e-18, 1.15850507722e-17, 1.20920802276e-17, 1.28841428872e-17, 1.38330919306e-17, 1.25641935622e-17, 1.54385171507e-17, 1.6998346521e-17, 1.8390377341e-17, 1.71781424989e-17, 1.50873740176e-17, 1.32679282217e-17, 7.31955332282e-18, 4.74518941272e-18, 2.73244081349e-18, 1.1452306275e-18, 2.97264827311e-19, 3.33874038228e-20],
        "var": [0.0263262540102, 0.37247467041, 2.38888144493, 6.33383750916, 16.008808136, 379.441589355, 19478.7441406, 1432.55847168, 2507.5378418, 4413.45800781, 8657.71191406, 1958.11547852, 4476.58984375, 176.184356689, 158.37940979, 364.720611572, 28.4300460815, 31.466835022, 41.4893569946, 14.3275680542, 22.4204940796, 16.6632080078, 33.3481178284, 44.9808349609, 69.2612609863, 114.693580627, 127.254272461, 69.440246582, 42.0187339783, 16.8529529572, 4.8024148941, 0.830784738064, 0.231278046966, 0.0652184560895, 0.010813225992, 0.00125481979921, 0.000121418808703, 2.18714581024e-06, 1.11831255367e-07, 1.13549014635e-09]
    },
    "gfcc": {
        "mean": [-185.78314209, 131.062805176, -95.1401519775, -18.8082199097, -87.5546112061, -10.7621746063, -42.7383346558, -5.00990009308, -25.5081348419, 0.575041651726, -5.65377140045, 2.43907546997, -2.22522497177],
        "cov": [[15321.8662109, 635.602539062, -1629.5057373, 144.808822632, 3.87298035622, 17.7703742981, -333.676055908, -83.8881835938, -93.792678833, -93.1801452637, -55.0733718872, -166.521118164, -112.835479736], [635.602539062, 1251.47424316, 59.7100715637, -312.366424561, 229.199020386, 112.126548767, 94.9631958008, -39.1243247986, 85.6475830078, -69.669921875, 54.6352806091, -83.6113052368, 9.41546535492], [-1629.5057373, 59.7100715637, 830.337524414, 291.62487793, 108.843437195, 157.865432739, 187.053024292, 109.70615387, -62.9117889404, 9.14795303345, -21.9094371796, 61.8394012451, -10.6902980804], [144.808822632, -312.366424561, 291.62487793, 769.25177002, 94.793548584, 140.374984741, 183.970993042, 143.474197388, -38.441947937, 17.1821022034, -40.4366111755, 33.5413703918, -22.7772045135], [3.87298035622, 229.199020386, 108.843437195, 94.793548584, 369.438995361, 196.552902222, 130.081558228, 121.897415161, 83.1431427002, 35.5928726196, -26.6492290497, -20.1132469177, -55.6479797363], [17.7703742981, 112.126548767, 157.865432739, 140.374984741, 196.552902222, 288.165466309, 169.410232544, 150.72013855, 53.3182640076, 48.3616867065, -27.1401195526, -5.27797651291, -62.7063102722], [-333.676055908, 94.9631958008, 187.053024292, 183.970993042, 130.081558228, 169.410232544, 257.335479736, 179.847732544, 56.1933135986, 14.5723590851, -28.3102073669, -14.6631727219, -55.6317520142], [-83.8881835938, -39.1243247986, 109.70615387, 143.474197388, 121.897415161, 150.72013855, 179.847732544, 253.434555054, 92.3844680786, 42.1778793335, -47.1696357727, -18.5330448151, -74.783203125], [-93.792678833, 85.6475830078, -62.9117889404, -38.441947937, 83.1431427002, 53.3182640076, 56.1933135986, 92.3844680786, 154.526382446, 56.0204124451, 11.6702022552, -35.7173461914, -30.6858825684], [-93.1801452637, -69.669921875, 9.14795303345, 17.1821022034, 35.5928726196, 48.3616867065, 14.5723590851, 42.1778793335, 56.0204124451, 110.232910156, 33.6299514771, 14.0512275696, -24.6976318359], [-55.0733718872, 54.6352806091, -21.9094371796, -40.4366111755, -26.6492290497, -27.1401195526, -28.3102073669, -47.1696357727, 11.6702022552, 33.6299514771, 108.127410889, 33.3783721924, 29.1237621307], [-166.521118164, -83.6113052368, 61.8394012451, 33.5413703918, -20.1132469177, -5.27797651291, -14.6631727219, -18.5330448151, -35.7173461914, 14.0512275696, 33.3783721924, 99.446472168, 50.9192695618], [-112.835479736, 9.41546535492, -10.6902980804, -22.7772045135, -55.6479797363, -62.7063102722, -55.6317520142, -74.783203125, -30.6858825684, -24.6976318359, 29.1237621307, 50.9192695618, 107.340263367]],
        "icov": [[0.000121576587844, -0.000214943065657, 0.00034178813803, -0.000227266093134, 7.87516473792e-05, -0.000121862627566, 0.000364031409845, -0.000287059112452, 0.000358682591468, -8.75348923728e-05, 7.69663602114e-05, -8.71799566085e-05, 0.000193653031602], [-0.000214943065657, 0.00207628426142, -0.000921231985558, 0.00125293515157, -0.00113223248627, -0.00041037707706, -0.00166388635989, 0.00152840605006, -0.00127491063904, 0.00187190668657, -0.00170447025448, 0.00177405274007, -0.00117104931269], [0.00034178813803, -0.000921231985558, 0.00279055139981, -0.00101160013583, 0.000171138512087, -0.00042467637104, 6.50471702102e-05, -0.00108418171294, 0.00239825574681, -0.000953328097239, 0.000588161870837, -0.00124380190391, 0.000519054359756], [-0.000227266093134, 0.00125293515157, -0.00101160013583, 0.00268330262043, -0.00079641980119, -4.85056880279e-05, -0.00215302128345, 0.000385040882975, 0.00031624888652, 0.000308514921926, -0.000625375891104, 0.000919913582038, -0.00127429724671], [7.87516473792e-05, -0.00113223248627, 0.000171138512087, -0.00079641980119, 0.00531265465543, -0.00251149316318, 0.000809200224467, -0.000172286381712, -0.00168624438811, -0.000340920407325, 0.00152539089322, -0.00135744514409, 0.00128611654509], [-0.000121862627566, -0.00041037707706, -0.00042467637104, -4.85056880279e-05, -0.00251149316318, 0.00859792437404, -0.00309547316283, -0.00102318369318, 0.00103657564614, -0.00298745138571, 0.00119834579527, -0.00112675200216, 0.00107721064705], [0.000364031409845, -0.00166388635989, 6.50471702102e-05, -0.00215302128345, 0.000809200224467, -0.00309547316283, 0.0129197277129, -0.00686102453619, 0.000241546906182, 0.00213673943654, -0.00101048056968, -0.000120659795357, 0.00149745552335], [-0.000287059112452, 0.00152840605006, -0.00108418171294, 0.000385040882975, -0.000172286381712, -0.00102318369318, -0.00686102453619, 0.0138457333669, -0.00710541894659, 0.000508781406097, 0.00348345353268, -0.00268236245029, 0.0033542974852], [0.000358682591468, -0.00127491063904, 0.00239825574681, 0.00031624888652, -0.00168624438811, 0.00103657564614, 0.000241546906182, -0.00710541894659, 0.0166309382766, -0.00726039614528, -0.00218289648183, 0.00582047877833, -0.00338388583623], [-8.75348923728e-05, 0.00187190668657, -0.000953328097239, 0.000308514921926, -0.000340920407325, -0.00298745138571, 0.00213673943654, 0.000508781406097, -0.00726039614528, 0.0182166285813, -0.00621365383267, -0.00338440085761, 0.00466144969687], [7.69663602114e-05, -0.00170447025448, 0.000588161870837, -0.000625375891104, 0.00152539089322, 0.00119834579527, -0.00101048056968, 0.00348345353268, -0.00218289648183, -0.00621365383267, 0.0159468799829, -0.00580641953275, -7.57139132475e-05], [-8.71799566085e-05, 0.00177405274007, -0.00124380190391, 0.000919913582038, -0.00135744514409, -0.00112675200216, -0.000120659795357, -0.00268236245029, 0.00582047877833, -0.00338440085761, -0.00580641953275, 0.0211942847818, -0.0110625643283], [0.000193653031602, -0.00117104931269, 0.000519054359756, -0.00127429724671, 0.00128611654509, 0.00107721064705, 0.00149745552335, 0.0033542974852, -0.00338388583623, 0.00466144969687, -7.57139132475e-05, -0.0110625643283, 0.0191862937063]]
    },
    "melbands": {
        "dmean": [0.000103804341052, 7.42626434658e-05, 4.01926008635e-05, 6.35274482192e-05, 0.000397346564569, 0.000140480668051, 0.000108884989459, 9.43416162045e-05, 9.84661382972e-05, 2.77638264379e-05, 2.87211914838e-05, 8.74526904227e-06, 7.25829113435e-06, 7.29303792468e-06, 3.33769980898e-06, 1.45190438161e-06, 1.79126664079e-06, 1.27309715481e-06, 1.04296555037e-06, 6.48880870813e-07, 7.53904316753e-07, 5.83320002079e-07, 4.58036851114e-07, 4.39268944774e-07, 5.27117435922e-07, 5.06145397594e-07, 5.31760633748e-07, 6.67184281156e-07, 6.51643176752e-07, 4.63575304366e-07, 3.41460520303e-07, 3.13117539008e-07, 2.29389172546e-07, 1.60126788273e-07, 1.09221566902e-07, 6.85156820168e-08, 4.38648548595e-08, 3.63275454163e-08, 2.55560532736e-08, 2.11257358274e-08],
        "dmean2": [0.000180493938387, 0.000121172270156, 6.43459934508e-05, 0.000104928491055, 0.000467216945253, 0.000178750808118, 0.000167765159858, 0.000127554274513, 0.000131298176711, 4.16459406551e-05, 3.99469572585e-05, 1.32746417876e-05, 1.16859437185e-05, 1.09303155114e-05, 5.00684109284e-06, 2.32388197219e-06, 2.72331249107e-06, 1.95270786207e-06, 1.55857037498e-06, 1.03623142422e-06, 1.21234279504e-06, 9.46073100749e-07, 7.54593372676e-07, 6.93439858424e-07, 8.3567567799e-07, 7.93684023392e-07, 8.35046591874e-07, 1.062502065e-06, 1.03311242583e-06, 7.16801196177e-07, 5.35230185505e-07, 4.87796853577e-07, 3.52594128117e-07, 2.48946633974e-07, 1.68471260054e-07, 1.02302294636e-07, 6.66303918706e-08, 5.60335458033e-08, 3.95382429019e-08, 3.22173825396e-08],
        "dvar": [2.0980357931e-06, 6.53465406231e-07, 1.26473054252e-07, 2.86886432832e-07, 1.170862447e-06, 1.74541938236e-07, 1.23358745441e-07, 9.28006684831e-08, 1.7711577982e-07, 3.6672904713e-08, 5.83253267905e-08, 9.38272015638e-10, 4.3758133228e-10, 5.84900239353e-10, 1.58201438061e-10, 3.70631095259e-11, 7.46390310669e-11, 3.202554541e-11, 2.65811574141e-11, 2.52435641834e-11, 2.53906739384e-11, 1.62159313755e-11, 1.9391833625e-11, 2.1442594228e-11, 2.90562105626e-11, 2.87587037517e-11, 3.56111563848e-11, 5.65090925442e-11, 4.94529903139e-11, 3.29067849358e-11, 2.03446183511e-11, 1.45562069342e-11, 7.15453607816e-12, 2.94296423169e-12, 1.14782391491e-12, 5.50504466231e-13, 1.65391029865e-13, 9.94608922674e-14, 4.12972404212e-14, 1.97615327693e-14],
        "dvar2": [5.76546381126e-06, 1.84124871794e-06, 2.76316143299e-07, 8.15401392629e-07, 1.71114618297e-06, 3.31262754116e-07, 2.8862220347e-07, 1.42328104857e-07, 3.64322545465e-07, 8.30156494658e-08, 1.2688653328e-07, 2.36287100996e-09, 1.13841025495e-09, 1.47554746199e-09, 3.93184623748e-10, 1.04435092518e-10, 1.85700066435e-10, 7.4141706663e-11, 6.11638795167e-11, 6.71230640514e-11, 6.41696279446e-11, 4.46038414537e-11, 5.14074373348e-11, 5.43001650588e-11, 7.18236442543e-11, 7.13758357973e-11, 9.07380837134e-11, 1.4883537458e-10, 1.17611961836e-10, 8.21177917332e-11, 5.17000851852e-11, 3.61666425974e-11, 1.74506884637e-11, 6.55434127111e-12, 2.4617350259e-12, 1.30265459877e-12, 4.14049003417e-13, 2.44657050695e-13, 9.78372385278e-14, 4.43601047822e-14],
        "max": [0.058844730258, 0.031224694103, 0.0218951646239, 0.0283120274544, 0.0452974066138, 0.0155847519636, 0.0130566693842, 0.00942963268608, 0.0123978303745, 0.00772163830698, 0.0121723469347, 0.00164525920991, 0.000800240959506, 0.000978077179752, 0.00047091403394, 0.00025781543809, 0.000346435786923, 0.000254553480772, 0.000320430001011, 0.000248578202445, 0.000282368331682, 0.000190363454749, 0.000257916690316, 0.000312799791573, 0.000349041685695, 0.000258749409113, 0.00036946349428, 0.000450021791039, 0.000340125203365, 0.000321286031976, 0.00025555290631, 0.000223765091505, 0.000126990315039, 7.27864389773e-05, 3.90389468521e-05, 4.81094357383e-05, 2.55207432929e-05, 1.52847351274e-05, 8.2415945144e-06, 7.08181596565e-06],
        "mean": [9.70688270172e-05, 0.000117466872325, 8.12419093563e-05, 0.000127999315737, 0.00149789545685, 0.00050715834368, 0.000307826761855, 0.000341534730978, 0.000256665691268, 6.56267002341e-05, 6.672157906e-05, 2.30514924624e-05, 1.86470115295e-05, 2.13795083255e-05, 9.82841811492e-06, 3.4893191696e-06, 3.5810899135e-06, 3.29107774633e-06, 2.34724393522e-06, 1.05337232981e-06, 1.24689188397e-06, 9.09070024591e-07, 6.64455342303e-07, 6.04680167271e-07, 6.94520963407e-07, 6.54565440072e-07, 6.8049712354e-07, 7.24314588751e-07, 7.19099375601e-07, 4.94265805173e-07, 3.67164290083e-07, 3.40702541735e-07, 2.60437843735e-07, 2.02234502922e-07, 1.48140017586e-07, 9.40645179526e-08, 6.60007088982e-08, 5.64895223931e-08, 4.28219983917e-08, 3.85738374575e-08],
        "median": [5.66328935747e-06, 1.19736032502e-05, 2.17103206523e-05, 2.26841148105e-05, 0.000273517536698, 0.000115882285172, 6.76647687214e-05, 5.48026291654e-05, 2.84902380372e-05, 6.6737884481e-06, 8.16455576569e-06, 5.7957795434e-06, 3.98339852836e-06, 4.79794834973e-06, 1.53884525389e-06, 3.67710953242e-07, 2.42778810389e-07, 3.17515741699e-07, 2.30654237043e-07, 8.93836897831e-08, 1.00260990621e-07, 5.76231151683e-08, 3.7756457516e-08, 2.96053244142e-08, 3.26888383029e-08, 3.02433207366e-08, 2.49372043015e-08, 1.79186194771e-08, 1.49509844505e-08, 1.26303536518e-08, 1.05500896908e-08, 7.03005031966e-09, 6.96494950603e-09, 5.77821968051e-09, 6.38797814645e-09, 5.86114623502e-09, 5.280986759e-09, 4.71858285778e-09, 3.11597503355e-09, 2.54916487918e-09],
        "min": [2.08421389894e-24, 3.40827906303e-24, 3.6873559632e-24, 3.42980076625e-24, 5.99016519113e-24, 5.97222373313e-24, 4.8325958264e-24, 4.1503983819e-24, 2.26179437732e-24, 6.96179057416e-24, 9.80178449627e-24, 5.93045473149e-24, 5.78450757542e-24, 9.36291593114e-24, 8.82463117044e-24, 1.08238697615e-23, 3.54389845214e-24, 5.31067590611e-24, 7.26042333616e-24, 8.73300182085e-24, 9.05439479769e-24, 4.66395471981e-24, 5.87320591231e-24, 8.21082875528e-24, 9.24493941618e-24, 6.24034729962e-24, 6.01432563407e-24, 8.86232294449e-24, 9.67460986315e-24, 8.01531746853e-24, 6.80475834465e-24, 7.63396159656e-24, 1.08613430211e-23, 8.78675085863e-24, 1.03722831809e-23, 1.01195203139e-23, 9.57833964486e-24, 9.05228222819e-24, 1.10035793755e-23, 1.02846943769e-23],
        "var": [1.45048511513e-06, 5.69014162011e-07, 1.79529834554e-07, 3.57871783763e-07, 1.56304231496e-05, 1.1518352494e-06, 5.20995513398e-07, 6.59090744648e-07, 5.66296705529e-07, 7.92720058485e-08, 1.08896578865e-07, 2.52521181743e-09, 1.41840572621e-09, 2.32685759549e-09, 5.71841740626e-10, 1.04658628985e-10, 1.45864126333e-10, 9.52477263727e-11, 5.14119753714e-11, 2.82749188646e-11, 3.33444973022e-11, 2.0086911301e-11, 2.21553834306e-11, 2.45625342982e-11, 3.13206995062e-11, 3.44981647415e-11, 3.99748775748e-11, 5.55036745731e-11, 5.77568201598e-11, 3.50336738786e-11, 2.0962478281e-11, 1.59655101639e-11, 8.37142855037e-12, 4.18472288072e-12, 1.86291086723e-12, 7.04372541196e-13, 2.16542007849e-13, 1.36335251899e-13, 6.53249901546e-14, 4.24617277645e-14]
    },
    "mfcc": {
        "mean": [-834.455810547, 169.399703979, 24.4801425934, -6.4390745163, -24.3590869904, -17.4994716644, -13.7310991287, -13.7148637772, -14.0084695816, -7.85711956024, -9.56603622437, -1.63162624836, 3.77466320992],
        "cov": [[10682.9882812, 815.391296387, -1236.09057617, -15.7898187637, 91.3099746704, 81.5053710938, -119.976623535, -38.9695854187, -36.8395843506, 7.763215065, -36.7936172485, 37.2573051453, -12.3500795364], [815.391296387, 1576.37475586, -29.5301952362, -276.967224121, 97.2908096313, 47.2411346436, 40.8858032227, 30.4200763702, 6.85252285004, 24.6589488983, -5.87677001953, 12.2775506973, -4.38362836838], [-1236.09057617, -29.5301952362, 633.315795898, 224.966262817, 14.0178232193, 81.9083023071, 167.313873291, 107.263702393, 36.4821624756, 7.46099948883, -10.2983379364, -10.0475416183, 4.55856466293], [-15.7898187637, -276.967224121, 224.966262817, 422.430389404, 79.7266159058, 99.0433197021, 147.00163269, 128.828033447, 77.5551147461, 50.0258712769, 20.9884910583, -0.359274357557, 1.05411493778], [91.3099746704, 97.2908096313, 14.0178232193, 79.7266159058, 218.615692139, 126.669334412, 89.9733734131, 83.3991851807, 71.3213653564, 64.3443450928, 39.0879364014, 16.3715858459, 15.1876821518], [81.5053710938, 47.2411346436, 81.9083023071, 99.0433197021, 126.669334412, 200.355010986, 134.540802002, 87.3761825562, 64.4905548096, 54.1920318604, 28.6346073151, 9.7044839859, 7.60518693924], [-119.976623535, 40.8858032227, 167.313873291, 147.00163269, 89.9733734131, 134.540802002, 221.139129639, 161.572418213, 96.6060256958, 74.2791213989, 39.0028839111, 13.7603235245, 7.35907554626], [-38.9695854187, 30.4200763702, 107.263702393, 128.828033447, 83.3991851807, 87.3761825562, 161.572418213, 225.63470459, 157.854370117, 99.6867675781, 55.1793479919, 31.8096027374, 5.40531253815], [-36.8395843506, 6.85252285004, 36.4821624756, 77.5551147461, 71.3213653564, 64.4905548096, 96.6060256958, 157.854370117, 183.464706421, 121.34954834, 61.7149391174, 30.5663013458, 4.39976978302], [7.763215065, 24.6589488983, 7.46099948883, 50.0258712769, 64.3443450928, 54.1920318604, 74.2791213989, 99.6867675781, 121.34954834, 165.415298462, 93.6888122559, 33.3054428101, 13.0335674286], [-36.7936172485, -5.87677001953, -10.2983379364, 20.9884910583, 39.0879364014, 28.6346073151, 39.0028839111, 55.1793479919, 61.7149391174, 93.6888122559, 111.356330872, 59.2346382141, 23.6959552765], [37.2573051453, 12.2775506973, -10.0475416183, -0.359274357557, 16.3715858459, 9.7044839859, 13.7603235245, 31.8096027374, 30.5663013458, 33.3054428101, 59.2346382141, 104.194000244, 48.7443275452], [-12.3500795364, -4.38362836838, 4.55856466293, 1.05411493778, 15.1876821518, 7.60518693924, 7.35907554626, 5.40531253815, 4.39976978302, 13.0335674286, 23.6959552765, 48.7443275452, 78.9962539673]],
