{
"lowlevel": {
    "average_loudness": 0.716466724873,
    "barkbands_crest": {
        "dmean": 1.6885175705,
        "dmean2": 2.7000067234,
        "dvar": 3.00436830521,
        "dvar2": 8.02079105377,
        "max": 26.9328136444,
        "mean": 9.59450721741,
        "median": 8.87240791321,
        "min": 2.92678976059,
        "var": 13.784204483
    },
    "barkbands_flatness_db": {
        "dmean": 0.0169767420739,
        "dmean2": 0.0259733330458,
        "dvar": 0.000399218639359,
        "dvar2": 0.000860774307512,
        "max": 0.714523553848,
        "mean": 0.170255675912,
        "median": 0.154400348663,
        "min": 0.0189070943743,
        "var": 0.00621129199862
    },
    "barkbands_kurtosis": {
        "dmean": 23.183763504,
        "dmean2": 40.9255065918,
        "dvar": 91332.421875,
        "dvar2": 212133.625,
        "max": 23200.7226562,
        "mean": 264.855224609,
        "median": 4.95864868164,
        "min": -1.89252173901,
        "var": 5062961
    },
    "barkbands_skewness": {
        "dmean": 0.4579423666,
        "dmean2": 0.726175308228,
        "dvar": 2.35628557205,
        "dvar2": 4.45351982117,
        "max": 138.28704834,
        "mean": 3.67313790321,
        "median": 1.95294725895,
        "min": -2.14554858208,
        "var": 209.875534058
    },
    "barkbands_spread": {
        "dmean": 3.87726092339,
        "dmean2": 5.82524204254,
        "dvar": 44.2835121155,
        "dvar2": 89.4680862427,
        "max": 153.918182373,
        "mean": 16.6026191711,
        "median": 12.8988866806,
        "min": 0.0174116380513,
        "var": 178.105804443
    },
    "dissonance": {
        "dmean": 0.0188984014094,
        "dmean2": 0.0313138775527,
        "dvar": 0.000339746591635,
        "dvar2": 0.000887963571586,
        "max": 0.5,
        "mean": 0.447127431631,
        "median": 0.454470306635,
        "min": 0.209045574069,
        "var": 0.00130834849551
    },
    "dynamic_complexity": 4.13271331787,
    "erbbands_crest": {
        "dmean": 1.92569029331,
        "dmean2": 2.99300694466,
        "dvar": 3.73385500908,
        "dvar2": 8.80344104767,
        "max": 30.3643989563,
        "mean": 9.74278926849,
        "median": 8.98645782471,
        "min": 1.99117565155,
        "var": 16.8298053741
    },
    "erbbands_flatness_db": {
        "dmean": 0.0132215013728,
        "dmean2": 0.0191147122532,
        "dvar": 0.000227124080993,
        "dvar2": 0.000426648533903,
        "max": 0.323439925909,
        "mean": 0.164660096169,
        "median": 0.164899006486,
        "min": 0.0294289086014,
        "var": 0.00201690616086
    },
    "erbbands_kurtosis": {
        "dmean": 0.797643899918,
        "dmean2": 1.24893426895,
        "dvar": 1.20550048351,
        "dvar2": 2.83633947372,
        "max": 33.0869636536,
        "mean": 0.727294623852,
        "median": 0.0773279666901,
        "min": -1.79664409161,
        "var": 6.37713241577
    },
    "erbbands_skewness": {
        "dmean": 0.304863780737,
        "dmean2": 0.460264921188,
        "dvar": 0.1051774472,
        "dvar2": 0.237933441997,
        "max": 4.82337999344,
        "mean": 0.696421861649,
        "median": 0.762801468372,
        "min": -3.06629276276,
        "var": 0.737182021141
    },
    "erbbands_spread": {
        "dmean": 6.42489290237,
        "dmean2": 9.72073841095,
        "dvar": 70.3748321533,
        "dvar2": 145.058410645,
        "max": 161.127365112,
        "mean": 41.9004478455,
        "median": 37.7125968933,
        "min": 4.04105520248,
        "var": 545.344482422
    },
    "hfc": {
        "dmean": 3.03990936279,
        "dmean2": 4.18660831451,
        "dvar": 28.4556255341,
        "dvar2": 50.4536781311,
        "max": 155.772613525,
        "mean": 13.5669775009,
        "median": 8.30141925812,
        "min": 1.09912060644e-16,
        "var": 236.583618164
    },
    "melbands_crest": {
        "dmean": 2.06787180901,
        "dmean2": 3.33856129646,
        "dvar": 4.4381313324,
        "dvar2": 11.4078321457,
        "max": 39.9973258972,
        "mean": 13.1178398132,
        "median": 12.0355358124,
        "min": 1.62880194187,
        "var": 28.6807994843
    },
    "melbands_flatness_db": {
        "dmean": 0.0191432870924,
        "dmean2": 0.0290308091789,
        "dvar": 0.00062285765307,
        "dvar2": 0.00137995253317,
        "max": 0.690036356449,
        "mean": 0.24051707983,
        "median": 0.223028123379,
        "min": 0.00382074457593,
        "var": 0.00739830546081
    },
    "melbands_kurtosis": {
        "dmean": 48.2014465332,
        "dmean2": 81.3740081787,
        "dvar": 295171,
        "dvar2": 745140.875,
        "max": 36506.9765625,
        "mean": 373.959686279,
        "median": 12.1971387863,
        "min": -1.62177038193,
        "var": 9825039
    },
    "melbands_skewness": {
        "dmean": 0.609469473362,
        "dmean2": 0.969760298729,
        "dvar": 4.56597423553,
        "dvar2": 9.82574558258,
        "max": 179.854064941,
        "mean": 4.87807178497,
        "median": 2.7119345665,
        "min": -1.41009950638,
        "var": 304.072479248
    },
    "melbands_spread": {
        "dmean": 3.85499763489,
        "dmean2": 5.84045648575,
        "dvar": 40.4044914246,
        "dvar2": 84.2516021729,
        "max": 180.441207886,
        "mean": 16.5044555664,
        "median": 11.7045783997,
        "min": 0.0224620327353,
        "var": 289.775421143
    },
    "pitch_salience": {
        "dmean": 0.0484385639429,
        "dmean2": 0.0778543800116,
        "dvar": 0.00248864805326,
        "dvar2": 0.00650949543342,
        "max": 0.840732097626,
        "mean": 0.570568740368,
        "median": 0.581077337265,
        "min": 0.000935594202019,
        "var": 0.0148085951805
    },
    "silence_rate_20dB": {
        "dmean": 0,
        "dmean2": 0,
        "dvar": 0,
        "dvar2": 0,
        "max": 1,
        "mean": 1,
        "median": 1,
        "min": 1,
        "var": 0
    },
    "silence_rate_30dB": {
        "dmean": 0.000165180041222,
        "dmean2": 0.000330387381837,
        "dvar": 0.000165145451319,
        "dvar2": 0.000330248993123,
        "max": 1,
        "mean": 0.999834835529,
        "median": 1,
        "min": 0,
        "var": 0.000165131816175
    },
    "silence_rate_60dB": {
        "dmean": 0.0151965646073,
        "dmean2": 0.0303956381977,
        "dvar": 0.0149639761075,
        "dvar2": 0.0335981100798,
        "max": 1,
        "mean": 0.106697499752,
        "median": 0,
        "min": 0,
        "var": 0.0953304320574
    },
    "spectral_centroid": {
        "dmean": 175.051269531,
        "dmean2": 267.53894043,
        "dvar": 75472.96875,
        "dvar2": 163846.328125,
        "max": 11635.2949219,
        "mean": 1050.54907227,
        "median": 816.620422363,
        "min": 176.95161438,
        "var": 1066511.625
    },
    "spectral_complexity": {
        "dmean": 1.96547734737,
        "dmean2": 3.13421988487,
        "dvar": 6.80348348618,
        "dvar2": 14.9544668198,
        "max": 44,
        "mean": 12.9042863846,
        "median": 12,
        "min": 0,
        "var": 44.9851036072
    },
    "spectral_decrease": {
        "dmean": 1.04054354022e-09,
        "dmean2": 1.5051224711e-09,
        "dvar": 2.50998196148e-18,
        "dvar2": 4.84486260858e-18,
        "max": 1.39412709439e-21,
        "mean": -4.86034856806e-09,
        "median": -3.83421827621e-09,
        "min": -2.81672267732e-08,
        "var": 1.69222607939e-17
    },
    "spectral_energy": {
        "dmean": 0.00410910043865,
        "dmean2": 0.00592234265059,
        "dvar": 3.84484774258e-05,
        "dvar2": 7.33911729185e-05,
        "max": 0.109757162631,
        "mean": 0.0195745937526,
        "median": 0.015354026109,
        "min": 1.00287603648e-20,
        "var": 0.00027475002571
    },
    "spectral_energyband_high": {
        "dmean": 0.000165817211382,
        "dmean2": 0.000236604755628,
        "dvar": 1.88168002069e-07,
        "dvar2": 3.26353330138e-07,
        "max": 0.0147978672758,
        "mean": 0.000422605342465,
        "median": 0.000151308646309,
        "min": 7.1195370699e-21,
        "var": 6.85062957473e-07
    },
    "spectral_energyband_low": {
        "dmean": 0.00189001939725,
        "dmean2": 0.00297610694543,
        "dvar": 1.82477015187e-05,
        "dvar2": 4.2802443204e-05,
        "max": 0.086216725409,
        "mean": 0.00493895728141,
        "median": 0.00301103712991,
        "min": 1.88562053264e-23,
        "var": 4.04541497119e-05
    },
    "spectral_energyband_middle_high": {
        "dmean": 0.000769944861531,
        "dmean2": 0.00112004834227,
        "dvar": 2.35973357121e-06,
        "dvar2": 4.4857042667e-06,
        "max": 0.0919579491019,
        "mean": 0.00283934059553,
        "median": 0.00124499085359,
        "min": 1.22434261911e-21,
        "var": 2.05242449738e-05
    },
    "spectral_energyband_middle_low": {
        "dmean": 0.00279332906939,
        "dmean2": 0.00399363553151,
        "dvar": 1.52069997057e-05,
        "dvar2": 3.00648389384e-05,
        "max": 0.0892539098859,
        "mean": 0.0124125778675,
        "median": 0.009795605205,
        "min": 1.60279117892e-22,
        "var": 0.000119151314721
    },
    "spectral_entropy": {
        "dmean": 0.156230166554,
        "dmean2": 0.230407744646,
        "dvar": 0.0432793162763,
        "dvar2": 0.0866718292236,
        "max": 9.82652950287,
        "mean": 7.14048433304,
        "median": 7.15650606155,
        "min": 5.10877227783,
        "var": 0.36943140626
    },
    "spectral_flux": {
        "dmean": 0.0142407566309,
        "dmean2": 0.0223803725094,
        "dvar": 0.000338201702107,
        "dvar2": 0.000737200665753,
        "max": 0.261388391256,
        "mean": 0.0483822338283,
        "median": 0.0435266904533,
        "min": 6.40095060289e-11,
        "var": 0.00107325694989
    },
    "spectral_kurtosis": {
        "dmean": 2.18731689453,
        "dmean2": 3.67853879929,
        "dvar": 15.8310985565,
        "dvar2": 41.7280845642,
        "max": 102.153297424,
        "mean": 6.67962837219,
        "median": 4.36648321152,
        "min": -1.33352255821,
        "var": 79.529258728
    },
    "spectral_rms": {
        "dmean": 0.000434235407738,
        "dmean2": 0.000623238622211,
        "dvar": 3.11974730494e-07,
        "dvar2": 5.8358421029e-07,
        "max": 0.0103479539976,
        "mean": 0.00395625689998,
        "median": 0.00387034076266,
        "min": 3.12796359994e-12,
        "var": 3.44518184647e-06
    },
    "spectral_rolloff": {
        "dmean": 313.687713623,
        "dmean2": 527.33972168,
        "dvar": 726527.9375,
        "dvar2": 1461251.5,
        "max": 19616.7480469,
        "mean": 1167.96398926,
        "median": 581.396484375,
        "min": 21.533203125,
        "var": 4039748.5
    },
    "spectral_skewness": {
        "dmean": 0.250138759613,
        "dmean2": 0.404544502497,
        "dvar": 0.111320108175,
        "dvar2": 0.262139827013,
        "max": 8.45365333557,
        "mean": 1.85353589058,
        "median": 1.67566776276,
        "min": -0.0618469640613,
        "var": 0.794793725014
    },
    "spectral_spread": {
        "dmean": 429650.78125,
        "dmean2": 616756.875,
        "dvar": 520104837120,
        "dvar2": 792131796992,
        "max": 42347628,
        "mean": 4752075.5,
        "median": 4181433.5,
        "min": 969636.4375,
        "var": 1.23209168978e+13
    },
    "spectral_strongpeak": {
        "dmean": 0.354240268469,
        "dmean2": 0.599760115147,
        "dvar": 0.688726425171,
        "dvar2": 1.65385067463,
        "max": 17.4590682983,
        "mean": 0.858668506145,
        "median": 0.508072197437,
        "min": 0,
        "var": 1.47098720074
    },
    "zerocrossingrate": {
        "dmean": 0.0077089802362,
        "dmean2": 0.00912884715945,
        "dvar": 0.00016588010476,
        "dvar2": 0.000183076102985,
        "max": 0.529296875,
        "mean": 0.0504034981132,
        "median": 0.041015625,
        "min": 0,
        "var": 0.00262521975674
    },
    "barkbands": {
        "dmean": [2.21114150918e-05, 0.00110204634257, 0.00088556756964, 0.000513860781211, 0.00135675212368, 0.000994169386104, 0.000670172506943, 0.000538842927199, 0.00018042755255, 0.000141038573929, 8.09057310107e-05, 0.000119553456898, 0.000117043244245, 0.000136967835715, 0.000156099995365, 0.000165435718372, 0.000209944715607, 0.000113511050586, 6.77920252201e-05, 0.000106926891021, 2.95431746054e-05, 4.83065632579e-05, 3.76333009626e-05, 2.45374030783e-05, 2.2267588065e-05, 2.22516773647e-05, 1.0944618225e-06],
        "dmean2": [3.64645420632e-05, 0.00178000831511, 0.0014079293469, 0.000846292881761, 0.00211627106182, 0.00143027480226, 0.000894129276276, 0.000730877742171, 0.000260690227151, 0.000211532897083, 0.000123221368995, 0.000189778031199, 0.000174659769982, 0.000205381365959, 0.000241023677518, 0.000256838073255, 0.000320914143231, 0.000174927903572, 0.000114462629426, 0.000160148993018, 4.77945723105e-05, 7.4140545621e-05, 5.63048670301e-05, 3.66100284737e-05, 3.22725973092e-05, 3.16899349855e-05, 1.76853814082e-06],
        "dvar": [4.86932494326e-09, 9.06907189346e-06, 3.77881019631e-06, 9.64014589044e-07, 3.95522647523e-06, 3.25796236211e-06, 2.91369451588e-06, 1.93780192603e-06, 4.25288021688e-07, 9.75293588112e-08, 3.98156103643e-08, 2.42905059622e-07, 2.28887003573e-07, 5.95687026816e-07, 2.36993287217e-07, 2.67228074335e-07, 3.80607190209e-07, 1.43692091115e-07, 3.63318690688e-08, 9.3546113078e-08, 5.47677059259e-09, 1.27881252254e-08, 9.32578370083e-09, 1.41751108629e-08, 1.39810616417e-08, 1.30474049342e-08, 3.63137020454e-11],
        "dvar2": [1.12720695e-08, 2.20505880861e-05, 9.57282099989e-06, 2.34155686485e-06, 1.00082297649e-05, 7.38383369026e-06, 5.64303672945e-06, 3.08154790218e-06, 7.28617408186e-07, 2.10671956324e-07, 9.03296708543e-08, 6.67640506435e-07, 4.76188063203e-07, 9.39300264235e-07, 5.14121154538e-07, 5.58474596346e-07, 8.6818431555e-07, 3.19312704278e-07, 9.61992370208e-08, 2.00661318672e-07, 1.28983588255e-08, 2.75067968403e-08, 1.82989463582e-08, 3.17066302102e-08, 3.00943483467e-08, 2.21461515792e-08, 8.57280357813e-11],
        "max": [0.0048495689407, 0.0678391605616, 0.0323087610304, 0.0358406491578, 0.0381373092532, 0.0351424366236, 0.0653656572104, 0.0420772358775, 0.0383815281093, 0.0125389071181, 0.00653539877385, 0.0262568164617, 0.0255678985268, 0.0776437744498, 0.0212786719203, 0.0243451967835, 0.0239002965391, 0.0168174989522, 0.00562787707895, 0.00892033986747, 0.00226200232282, 0.00354393851012, 0.00491697527468, 0.0070974836126, 0.00517208687961, 0.00386085011996, 0.000249706994509],
        "mean": [3.12992597173e-05, 0.00179095519707, 0.00217490154319, 0.00137884845026, 0.00382068566978, 0.00314498483203, 0.00195606006309, 0.00148834660649, 0.00042584782932, 0.000305406487314, 0.000139815470902, 0.000210402096855, 0.000236686173594, 0.000271180993877, 0.000307308277115, 0.000380799610866, 0.000550601864234, 0.000238028471358, 0.000117686278827, 0.000235401836107, 5.04883682879e-05, 0.000113308284199, 8.86096968316e-05, 4.52123313153e-05, 3.68175969925e-05, 3.36069715559e-05, 1.31878721277e-06],
        "median": [1.20077911561e-05, 0.000805556541309, 0.00117040122859, 0.000769801437855, 0.00264827720821, 0.00177300511859, 0.000683696998749, 0.000452360749478, 0.000132055851282, 0.00011172532686, 5.51785196876e-05, 6.38064229861e-05, 3.82106554753e-05, 4.35707224824e-05, 7.59995309636e-05, 6.21290309937e-05, 7.53275016905e-05, 5.07121076225e-05, 3.37234087056e-05, 5.02151015098e-05, 1.87563473446e-05, 3.10742179863e-05, 2.77776489384e-05, 1.0592894796e-05, 7.97945722297e-06, 2.19923686018e-06, 1.33944988434e-08],
        "min": [4.82991281186e-25, 1.03195075975e-24, 3.13569572072e-25, 1.69927640125e-24, 7.30033969797e-24, 5.25262718197e-24, 7.98234544927e-24, 7.60443137744e-24, 1.57413060006e-23, 1.47074580303e-23, 1.73246287234e-23, 2.42517614826e-23, 1.61888804346e-23, 3.63812078752e-23, 5.80536750322e-23, 6.8941874034e-23, 7.05462404103e-23, 8.75383421741e-23, 1.47604104764e-22, 2.01818930196e-22, 2.61613715909e-22, 2.28077105748e-22, 3.76340243845e-22, 5.24558675616e-22, 8.97658884708e-22, 1.34930545664e-21, 1.99306300927e-21],
        "var": [6.90260026914e-09, 1.1000665836e-05, 9.04401713342e-06, 4.82085624753e-06, 1.45047915794e-05, 1.4573271983e-05, 1.50201058204e-05, 1.25981487145e-05, 1.75005948222e-06, 3.43973141526e-07, 9.00040930674e-08, 4.12484297385e-07, 1.00288741578e-06, 3.19010086969e-06, 7.98120595391e-07, 1.18473019484e-06, 2.29816487263e-06, 4.87873080601e-07, 7.82508990937e-08, 2.91831497634e-07, 9.73052305397e-09, 4.45422756457e-08, 3.06595708821e-08, 2.42204407641e-08, 2.34394903487e-08, 3.27012870116e-08, 6.34352917417e-11]
    },
    "erbbands": {
        "dmean": [0.022128675133, 0.29077282548, 0.896437585354, 1.49375653267, 2.61044120789, 5.0901556015, 7.48886823654, 7.71926307678, 9.02468299866, 12.2895088196, 11.0845460892, 4.49472808838, 5.45317792892, 2.44123792648, 3.12121558189, 5.63837003708, 4.25511884689, 7.70004653931, 6.22632360458, 8.92394828796, 8.8029384613, 9.1197385788, 6.88477325439, 3.70056700706, 4.0891251564, 4.59432220459, 1.24685490131, 1.28171634674, 1.73917412758, 1.3864812851, 1.11518549919, 0.532700836658, 0.457962572575, 0.307893723249, 0.129802629352, 0.103854395449, 0.0425348952413, 0.00501713482663, 0.000149579296703, 8.75440309756e-06],
        "dmean2": [0.0340919755399, 0.482625693083, 1.4623824358, 2.38165712357, 4.14269304276, 8.08830356598, 10.6462535858, 11.7822618484, 12.2347688675, 17.2270030975, 14.3575668335, 6.09461355209, 8.0914888382, 3.69245171547, 4.82994842529, 8.90148735046, 6.45996427536, 11.5776863098, 9.43623638153, 13.8737020493, 13.4784135818, 13.7801351547, 10.4714632034, 6.21680450439, 6.38724994659, 6.87533855438, 1.98020660877, 2.06597828865, 2.66781640053, 2.09087634087, 1.67626655102, 0.780706822872, 0.702824115753, 0.465156018734, 0.182342737913, 0.148588180542, 0.0623195320368, 0.00730839464813, 0.000226416930673, 1.26701670524e-05],
        "dvar": [0.00433465698734, 0.621786177158, 4.18706274033, 9.48076820374, 19.3828868866, 77.8063278198, 183.990371704, 214.658309937, 325.103149414, 1545.31274414, 1162.78405762, 250.299301147, 151.145004272, 26.0769424438, 52.0270423889, 621.049499512, 208.413360596, 1594.82775879, 425.359008789, 786.390258789, 672.797119141, 633.07421875, 474.06817627, 106.671783447, 124.975532532, 138.101196289, 12.7944498062, 8.70524692535, 16.3914260864, 14.6778898239, 7.74922704697, 4.13708639145, 7.12224245071, 3.54048323631, 0.380057603121, 0.3433637321, 0.0424728989601, 0.000487539597088, 5.78819310704e-07, 6.07506267514e-10],
        "dvar2": [0.00937035586685, 1.59324645996, 10.8065738678, 23.7239952087, 49.0896949768, 203.037750244, 387.53692627, 524.567260742, 607.029541016, 3123.21508789, 1586.85998535, 395.077392578, 328.979980469, 58.3239746094, 123.490325928, 1718.26977539, 461.150817871, 2839.62597656, 877.077087402, 1693.31347656, 1423.78918457, 1435.11962891, 982.488708496, 283.44708252, 275.658966064, 286.371643066, 27.3284626007, 20.5042724609, 35.9258995056, 30.8256320953, 15.3104200363, 8.22560977936, 17.290555954, 7.96394443512, 0.729324817657, 0.615961849689, 0.0767647400498, 0.000898030120879, 1.2978846371e-06, 1.35325251005e-09],
        "max": [1.04022443295, 18.2621879578, 29.9647045135, 96.9535598755, 81.1401519775, 168.307815552, 284.136169434, 274.096038818, 734.839660645, 1893.96728516, 1147.03930664, 1085.41772461, 513.944763184, 135.796173096, 201.280807495, 1346.48803711, 738.927978516, 3876.17480469, 929.543457031, 1524.5982666, 761.00604248, 766.575683594, 1208.55603027, 395.663482666, 374.412963867, 464.655548096, 163.898651123, 76.8453598022, 124.725898743, 140.051132202, 173.984146118, 107.785522461, 147.757095337, 98.4016265869, 31.0110874176, 22.1188545227, 7.25686120987, 0.952982187271, 0.0343458205462, 0.000828655087389],
        "mean": [0.0350823476911, 0.474086582661, 2.00260353088, 4.64579725266, 7.22150468826, 12.6535081863, 23.0374355316, 22.3836460114, 25.6495342255, 35.6875267029, 32.5147705078, 11.9250297546, 12.2840213776, 5.87825965881, 5.95709848404, 10.3857603073, 9.03264331818, 17.7069358826, 13.0208072662, 19.2473812103, 23.304233551, 26.3446807861, 17.8143577576, 7.31640005112, 8.94710063934, 10.4126243591, 2.3529689312, 2.45166802406, 4.04502058029, 3.11208081245, 2.64652490616, 1.15576243401, 0.743599295616, 0.504330396652, 0.206272691488, 0.159180387855, 0.0601821355522, 0.00721019599587, 0.000205099917366, 2.98092654702e-05],
        "median": [0.0147459991276, 0.222082287073, 1.1028701067, 2.64302015305, 3.89315032959, 7.47264909744, 11.9853439331, 12.0907068253, 12.8494434357, 8.43905448914, 9.0552406311, 4.16229343414, 5.03285264969, 2.53174328804, 2.90805196762, 3.22398424149, 2.16776323318, 2.68319749832, 2.9034986496, 4.76184940338, 3.56601119041, 3.73273897171, 3.71406030655, 2.23952293396, 2.35603141785, 2.42007851601, 0.854710102081, 0.879778683186, 1.0990768671, 0.820274233818, 0.824919104576, 0.318730443716, 0.154466301203, 0.115872882307, 0.0358148775995, 0.0120944650844, 0.0036629694514, 0.000339130376233, 1.9816969143e-05, 2.06016011361e-05],
        "min": [1.22801762546e-22, 1.40028073957e-22, 7.95989027117e-22, 6.20402463469e-21, 6.67228640958e-21, 2.21258583863e-20, 3.58139704614e-20, 5.81433201252e-20, 4.58614974864e-20, 2.16981778984e-19, 2.97651818591e-19, 4.72814732075e-19, 4.61154742462e-19, 8.34798532404e-19, 9.22986118665e-19, 1.13594107903e-18, 8.29687486797e-19, 1.91087365537e-18, 2.66479294902e-18, 3.50948290719e-18, 4.23817443293e-18, 4.43782688148e-18, 5.33823489853e-18, 6.41780651395e-18, 7.0668231759e-18, 8.81873050192e-18, 8.84753044931e-18, 9.05701724816e-18, 9.56906934429e-18, 1.06472885194e-17, 1.13122730759e-17, 9.83902635465e-18, 8.66827131159e-18, 8.79133262568e-18, 6.02557731981e-18, 3.81822228056e-18, 2.30464264622e-18, 1.02110245722e-18, 2.75652820953e-19, 2.86386083937e-20],
        "var": [0.00562483817339, 0.705817520618, 7.16214036942, 46.2632064819, 81.9083709717, 224.504257202, 1058.04821777, 776.169311523, 1396.55944824, 8482.42089844, 8330.68457031, 1289.11853027, 508.131317139, 116.160377502, 114.50605011, 1041.3404541, 706.606018066, 9614.87207031, 1413.92297363, 3314.4206543, 3677.49047852, 4099.02539062, 2157.68334961, 323.071838379, 437.558502197, 485.048431396, 29.5744457245, 21.1337413788, 54.719165802, 44.2268600464, 25.6420040131, 9.28971672058, 9.79449367523, 5.20671033859, 0.745140552521, 0.80628401041, 0.0970699340105, 0.00128159055021, 1.05994899968e-06, 1.60969115814e-09]
    },
    "gfcc": {
        "mean": [-60.8766403198, 111.324264526, -100.500617981, 36.6871452332, -61.7847061157, 2.10976576805, -46.2789764404, 4.16891765594, -18.5706577301, -0.415293335915, -14.8190307617, 0.64679056406, -12.389878273],
        "cov": [[26350.4511719, 518.975158691, -2841.77539062, 828.37121582, -1732.02111816, -307.283294678, -1428.53369141, -46.506690979, -371.656219482, -119.941864014, -448.911956787, -35.2461013794, -438.842010498], [518.975158691, 1711.00048828, -329.702911377, -199.862258911, 127.683197021, -245.198257446, 56.8588027954, -135.509552002, 65.1059646606, -154.039840698, 138.612136841, -170.14201355, 56.069606781], [-2841.77539062, -329.702911377, 877.678588867, -159.746063232, 148.523986816, 165.437805176, 114.721847534, 14.9579782486, -87.7605285645, 71.5685272217, -30.4864234924, 63.6817588806, 3.74687480927], [828.37121582, -199.862258911, -159.746063232, 376.014129639, -60.6839599609, -10.1268720627, -66.3829498291, 14.3449201584, 40.367351532, -58.0477561951, -44.1928329468, 16.2437877655, 45.0822029114], [-1732.02111816, 127.683197021, 148.523986816, -60.6839599609, 308.522796631, -27.1403541565, 102.436981201, 20.1622486115, 47.9066314697, 4.3716840744, 32.8428382874, 11.4022712708, 39.9231872559], [-307.283294678, -245.198257446, 165.437805176, -10.1268720627, -27.1403541565, 214.89944458, 61.2977676392, 4.361723423, -33.7268981934, 37.7165222168, 20.1007900238, -1.59477996826, -20.5828132629], [-1428.53369141, 56.8588027954, 114.721847534, -66.3829498291, 102.436981201, 61.2977676392, 231.83744812, 7.86549425125, 20.7364711761, 22.144323349, 60.0065879822, -31.6321754456, 4.91392278671], [-46.506690979, -135.509552002, 14.9579782486, 14.3449201584, 20.1622486115, 4.361723423, 7.86549425125, 104.958274841, 13.1437168121, 14.228345871, -13.6213741302, 15.3753538132, 9.84062290192], [-371.656219482, 65.1059646606, -87.7605285645, 40.367351532, 47.9066314697, -33.7268981934, 20.7364711761, 13.1437168121, 129.408569336, -7.29097318649, 15.0810995102, 0.193996042013, 24.3636188507], [-119.941864014, -154.039840698, 71.5685272217, -58.0477561951, 4.3716840744, 37.7165222168, 22.144323349, 14.228345871, -7.29097318649, 105.67502594, 14.7983512878, 8.72131061554, -33.59582901], [-448.911956787, 138.612136841, -30.4864234924, -44.1928329468, 32.8428382874, 20.1007900238, 60.0065879822, -13.6213741302, 15.0810995102, 14.7983512878, 124.38873291, -19.0706329346, 9.14747905731], [-35.2461013794, -170.14201355, 63.6817588806, 16.2437877655, 11.4022712708, -1.59477996826, -31.6321754456, 15.3753538132, 0.193996042013, 8.72131061554, -19.0706329346, 108.721443176, 18.4580612183], [-438.842010498, 56.069606781, 3.74687480927, 45.0822029114, 39.9231872559, -20.5828132629, 4.91392278671, 9.84062290192, 24.3636188507, -33.59582901, 9.14747905731, 18.4580612183, 107.324043274]],
        "icov": [[0.000204090581974, -0.000349239155184, 0.000563474721275, -0.000335121410899, 0.0005158924032, -0.00046018321882, 0.000635159900412, -0.000426137266913, 0.000669762725011, -0.000588814145885, 0.000596657686401, -0.000522303686012, 0.000570511678234], [-0.000349239155184, 0.00207914621569, -0.000747397250962, 0.00154124118853, -0.00124019780196, 0.00200557545759, -0.00111201719847, 0.00194431259297, -0.00139331526589, 0.00281290942803, -0.00212383503094, 0.00256459461525, -0.00148016412277], [0.000563474721275, -0.000747397250962, 0.00364206475206, -0.000172093510628, 0.0003371941566, -0.00251999380998, 0.00122130382806, -0.00076183991041, 0.00301624438725, -0.0020063589327, 0.00281479535624, -0.00220233621076, 0.000870918156579], [-0.000335121410899, 0.00154124118853, -0.000172093510628, 0.00486156437546, -0.00067931599915, 0.000553499558009, -0.000597392499913, 0.001134499209, -0.00226890016347, 0.00342356134206, -0.000451984844403, 0.00150822440628, -0.00256355735473], [0.0005158924032, -0.00124019780196, 0.0003371941566, -0.00067931599915, 0.00643432838842, 0.000165362187545, -0.0001117603897, -0.00197206740268, 0.000106796818727, -0.00163457670715, 0.00101553776767, -0.00208697165363, 0.000591568241362], [-0.00046018321882, 0.00200557545759, -0.00251999380998, 0.000553499558009, 0.000165362187545, 0.00899968575686, -0.00314760673791, 0.00159393297508, -0.000904444488697, 0.00159986002836, -0.00372202903964, 0.00272200955078, -0.000856315426063], [0.000635159900412, -0.00111201719847, 0.00122130382806, -0.000597392499913, -0.0001117603897, -0.00314760673791, 0.00886202044785, -0.00188607454766, 0.000991846318357, -0.00191904522944, -0.000271382858045, 0.000464683631435, 0.0017088195309], [-0.000426137266913, 0.00194431259297, -0.00076183991041, 0.001134499209, -0.00197206740268, 0.00159393297508, -0.00188607454766, 0.012462486513, -0.00230642105453, 0.00061528122751, -0.000318690843415, 0.00146326760296, -0.00273356237449], [0.000669762725011, -0.00139331526589, 0.00301624438725, -0.00226890016347, 0.000106796818727, -0.000904444488697, 0.000991846318357, -0.00230642105453, 0.0123914228752, -0.00308929220773, 0.00173190294299, -0.00239896145649, 0.000752130348701], [-0.000588814145885, 0.00281290942803, -0.0020063589327, 0.00342356134206, -0.00163457670715, 0.00159986002836, -0.00191904522944, 0.00061528122751, -0.00308929220773, 0.0168059784919, -0.00482417875901, 0.00194002152421, 0.00174071302172], [0.000596657686401, -0.00212383503094, 0.00281479535624, -0.000451984844403, 0.00101553776767, -0.00372202903964, -0.000271382858045, -0.000318690843415, 0.00173190294299, -0.00482417875901, 0.0135635240003, -0.00212591979653, -0.000102793535916], [-0.000522303686012, 0.00256459461525, -0.00220233621076, 0.00150822440628, -0.00208697165363, 0.00272200955078, 0.000464683631435, 0.00146326760296, -0.00239896145649, 0.00194002152421, -0.00212591979653, 0.014455656521, -0.00404231064022], [0.000570511678234, -0.00148016412277, 0.000870918156579, -0.00256355735473, 0.000591568241362, -0.000856315426063, 0.0017088195309, -0.00273356237449, 0.000752130348701, 0.00174071302172, -0.000102793535916, -0.00404231064022, 0.014336341992]]
    },
    "melbands": {
        "dmean": [0.000252954516327, 0.000433722278103, 0.000265620357823, 0.000260910514044, 0.000260900793364, 0.000182799863978, 0.000138862902531, 0.000124679107103, 8.38310588733e-05, 2.52064583037e-05, 2.7003858122e-05, 9.69483335211e-06, 1.19259229905e-05, 1.34145057018e-05, 1.06364050225e-05, 1.20825234262e-05, 1.46116717588e-05, 1.01549139799e-05, 9.70948894974e-06, 1.26887316583e-05, 1.17811423479e-05, 1.00946872408e-05, 1.09012207758e-05, 5.11193820785e-06, 3.08656058223e-06, 2.35636093748e-06, 4.89049762109e-06, 2.64975415121e-06, 8.26196412618e-07, 6.85983081894e-07, 8.70252335972e-07, 1.03515492356e-06, 1.07691369067e-06, 7.40210907679e-07, 7.63648642987e-07, 4.65049936338e-07, 3.01208956444e-07, 3.5097028217e-07, 3.16381431276e-07, 2.57132711567e-07],
        "dmean2": [0.000396542076487, 0.000714760972187, 0.000421688746428, 0.000418749754317, 0.000380913261324, 0.000271282508038, 0.00018785330758, 0.000176496134372, 0.000108216867375, 3.53659124812e-05, 4.01092984248e-05, 1.47630753418e-05, 1.81462819455e-05, 2.13008097489e-05, 1.66935533343e-05, 1.85102471733e-05, 2.19810062845e-05, 1.54686640599e-05, 1.501339284e-05, 1.93333817151e-05, 1.82508065336e-05, 1.542933569e-05, 1.66317677213e-05, 8.03751754574e-06, 5.26689791513e-06, 3.94432254325e-06, 7.34094055588e-06, 4.07017751058e-06, 1.30347257254e-06, 1.14000340545e-06, 1.40449094488e-06, 1.60322326792e-06, 1.65110918715e-06, 1.13897647225e-06, 1.16764488212e-06, 7.09265236765e-07, 4.52125135553e-07, 5.47604884105e-07, 4.90133231779e-07, 3.87541575719e-07],
        "dvar": [5.0476916158e-07, 1.04015566649e-06, 2.28999596175e-07, 1.58946818374e-07, 1.96489580162e-07, 1.15372841947e-07, 8.02950950174e-08, 1.41265260822e-07, 7.12903442945e-08, 7.54258699942e-09, 3.68101349402e-09, 4.40962238946e-10, 8.61732407653e-10, 2.83273848822e-09, 1.2797183313e-09, 2.50098763921e-09, 7.13380243766e-09, 1.41551292909e-09, 1.13504194932e-09, 1.65323599255e-09, 1.32449073931e-09, 8.19658951823e-10, 1.10655895558e-09, 3.78191977735e-10, 8.68990712721e-11, 4.33744012929e-11, 2.81370704514e-10, 4.40389426315e-11, 7.16785181556e-12, 3.48519477167e-12, 4.13162472984e-12, 5.88902494478e-12, 6.98142325201e-12, 4.79642410858e-12, 3.18893219123e-12, 1.79956960791e-12, 2.11031821358e-12, 4.27776520803e-12, 3.8199994383e-12, 2.44567712436e-12],
        "dvar2": [1.14472550194e-06, 2.68108919954e-06, 5.69258418182e-07, 4.20903461418e-07, 4.38666631908e-07, 2.69651309281e-07, 1.53072107878e-07, 2.92367815291e-07, 9.78195444645e-08, 1.21521113172e-08, 8.00596833272e-09, 9.83237491425e-10, 1.95632887667e-09, 7.69492380925e-09, 3.41200312448e-09, 5.64628566124e-09, 1.17532579225e-08, 2.86340662292e-09, 2.55035259578e-09, 3.29821014944e-09, 2.77106626534e-09, 1.86694593118e-09, 2.52888088248e-09, 8.78243755498e-10, 2.32249386389e-10, 1.12995682255e-10, 6.19171158789e-10, 9.23620346871e-11, 1.40572753091e-11, 8.4523811561e-12, 9.74905919882e-12, 1.33618324738e-11, 1.55960817178e-11, 1.0303252175e-11, 6.47559306524e-12, 3.85883556012e-12, 4.44398467678e-12, 1.0899402908e-11, 8.8960384198e-12, 5.38253296101e-12],
        "max": [0.0139313414693, 0.0185087081045, 0.0135549642146, 0.00903915148228, 0.00797691009939, 0.00662523973733, 0.0115928445011, 0.0177086461335, 0.00897839851677, 0.00587274972349, 0.00252394843847, 0.000599365041126, 0.000973005138803, 0.00277481973171, 0.00164799334016, 0.00273622223176, 0.00893592089415, 0.00234161294065, 0.00185373518616, 0.00249195937067, 0.00123108178377, 0.000868166738655, 0.0013556292979, 0.00082822330296, 0.000408845458878, 0.000164574521477, 0.000572117918637, 0.000295588019071, 0.000189983649761, 5.68452160223e-05, 6.72169262543e-05, 8.1738573499e-05, 8.10230558272e-05, 8.06135576568e-05, 9.62765698205e-05, 8.81726373336e-05, 9.04351181816e-05, 0.000117943360237, 9.02163083083e-05, 7.34204804758e-05],
        "mean": [0.00041506648995, 0.000948095228523, 0.000838661566377, 0.00068879587343, 0.000776038446929, 0.000544166541658, 0.00040010875091, 0.000357805198291, 0.000238471286139, 6.2388695369e-05, 5.93535369262e-05, 2.22554481297e-05, 2.08597248275e-05, 2.33012415265e-05, 1.96851178771e-05, 2.72061533906e-05, 3.21189800161e-05, 1.96255841729e-05, 1.96153141587e-05, 2.78879888356e-05, 2.81749962596e-05, 2.64303398581e-05, 2.74124959105e-05, 1.03823331301e-05, 5.24172446603e-06, 4.04407046517e-06, 1.06666984721e-05, 5.64957554161e-06, 1.36971380016e-06, 1.04276512047e-06, 1.58614852808e-06, 2.24764949053e-06, 2.33559126173e-06, 1.47896980707e-06, 1.70125167642e-06, 1.03591730749e-06, 5.54497773919e-07, 5.25978919086e-07, 4.78042238683e-07, 4.02268398147e-07],
        "median": [0.000183655705769, 0.000528191740159, 0.000553665915504, 0.000426873681135, 0.000440251780674, 0.000296271464322, 0.000196854380192, 9.19545709621e-05, 5.94166158407e-05, 2.14275569306e-05, 2.33786086028e-05, 8.31061151985e-06, 8.72162763699e-06, 7.74169620854e-06, 6.74994225847e-06, 4.09541553381e-06, 4.5948877414e-06, 3.87327372664e-06, 5.1935708143e-06, 5.83630253459e-06, 3.7428737869e-06, 3.65651590073e-06, 3.33025013788e-06, 2.20841093324e-06, 1.44962200466e-06, 1.12258521767e-06, 1.89295701603e-06, 1.31435979256e-06, 3.33069181124e-07, 3.7067491121e-07, 4.52658781569e-07, 5.83990356517e-07, 5.35754338671e-07, 3.62816621191e-07, 5.00846169871e-07, 3.16181115068e-07, 1.2361711299e-07, 9.6068873745e-08, 9.45887705939e-08, 8.97784815379e-08],
        "min": [1.32527784052e-24, 3.6365287183e-25, 1.43776999725e-24, 7.29332672452e-25, 1.27471087042e-24, 9.52152548804e-25, 9.51769951265e-25, 2.30572249126e-24, 1.80608836503e-24, 2.62361943378e-24, 2.23271933093e-24, 2.89238335811e-24, 2.80687004712e-24, 3.50085346798e-24, 2.13774521111e-24, 1.72868789681e-24, 3.32680945305e-24, 3.75848439558e-24, 4.41431731977e-24, 3.06657489004e-24, 4.09667222109e-24, 4.25846483174e-24, 3.94357680192e-24, 4.40364482058e-24, 3.70562558733e-24, 4.7266151248e-24, 3.73640772871e-24, 5.50581563938e-24, 5.2096169077e-24, 5.85686663081e-24, 4.94736049419e-24, 4.5812103106e-24, 2.89142962528e-24, 5.54443274727e-24, 6.08851248018e-24, 5.99960351743e-24, 4.5196598329e-24, 5.49947990301e-24, 6.73780771962e-24, 7.12575452445e-24],
        "var": [6.5098373625e-07, 1.62165429174e-06, 1.08280130462e-06, 5.80086634727e-07, 9.67744767877e-07, 4.56487612155e-07, 3.48831576957e-07, 7.4949610962e-07, 4.95066217354e-07, 3.743492627e-08, 1.22821495196e-08, 2.04410599558e-09, 1.9006487495e-09, 4.66342786609e-09, 2.45766540452e-09, 1.38971172348e-08, 4.26438546697e-08, 4.77990491632e-09, 3.56543039537e-09, 7.91989851479e-09, 6.12126083155e-09, 4.52263737571e-09, 6.1038409882e-09, 1.2190759513e-09, 2.35823915951e-10, 7.93784968312e-11, 8.22377055343e-10, 1.5001357101e-10, 2.05564471695e-11, 5.09669693602e-12, 1.09321657629e-11, 1.82650457259e-11, 2.14681987465e-11, 1.24649813041e-11, 1.04014418606e-11, 4.97557724188e-12, 3.67201798482e-12, 5.21407439794e-12, 5.73801119466e-12, 3.40460645787e-12]
    },
    "mfcc": {
        "mean": [-697.067993164, 135.526245117, 17.0011062622, 29.7714710236, 7.77250766754, -0.198528200388, -13.9460191727, 0.760392904282, -6.77384090424, -1.25892865658, -2.05678772926, -2.46756100655, 4.73268795013],
        "cov": [[13557.0927734, -156.705795288, -864.307373047, 283.744995117, -224.83039856, -203.793334961, -729.826477051, 7.62818288803, -360.2918396, 15.1769514084, -55.7404136658, -272.964538574, 114.06413269], [-156.705795288, 1660.62475586, -88.636428833, -15.7149896622, 37.792842865, -86.3436431885, 44.468837738, -67.0445251465, -60.4127807617, -14.0750360489, -4.3534989357, 24.7288665771, -8.57123565674], [-864.307373047, -88.636428833, 529.510498047, -88.4290008545, 6.451171875, 80.5049133301, 100.568061829, -22.2256469727, 25.0088729858, -42.0343360901, -19.6680698395, 21.1627120972, -50.5373840332], [283.744995117, -15.7149896622, -88.4290008545, 276.997802734, 52.8355331421, -25.3892822266, -79.3444976807, 36.2752876282, 53.3074760437, -38.6683769226, -49.8927307129, -12.9841270447, 42.5758132935], [-224.83039856, 37.792842865, 6.451171875, 52.8355331421, 167.695907593, -18.1744918823, -25.5921421051, 2.12400150299, 41.3677635193, -45.3376121521, -31.5552558899, 9.86137866974, 25.6746025085], [-203.793334961, -86.3436431885, 80.5049133301, -25.3892822266, -18.1744918823, 143.758422852, 44.9335670471, 6.26062202454, -15.0509614944, 15.7598009109, 25.7738990784, 0.299638211727, -27.069355011], [-729.826477051, 44.468837738, 100.568061829, -79.3444976807, -25.5921421051, 44.9335670471, 225.328933716, -13.4738359451, -8.55737400055, 40.8522949219, 20.7231063843, 25.3757171631, -52.6053009033], [7.62818288803, -67.0445251465, -22.2256469727, 36.2752876282, 2.12400150299, 6.26062202454, -13.4738359451, 97.6472473145, 17.1903266907, -5.39016675949, -3.93853235245, -2.32669591904, 8.40483093262], [-360.2918396, -60.4127807617, 25.0088729858, 53.3074760437, 41.3677635193, -15.0509614944, -8.55737400055, 17.1903266907, 141.529449463, -31.873758316, -35.7045860291, 13.8213644028, 4.62955379486], [15.1769514084, -14.0750360489, -42.0343360901, -38.6683769226, -45.3376121521, 15.7598009109, 40.8522949219, -5.39016675949, -31.873758316, 141.615478516, 48.979095459, -17.4174804688, -27.1182403564], [-55.7404136658, -4.3534989357, -19.6680698395, -49.8927307129, -31.5552558899, 25.7738990784, 20.7231063843, -3.93853235245, -35.7045860291, 48.979095459, 103.284164429, 9.73319530487, -16.6638336182], [-272.964538574, 24.7288665771, 21.1627120972, -12.9841270447, 9.86137866974, 0.299638211727, 25.3757171631, -2.32669591904, 13.8213644028, -17.4174804688, 9.73319530487, 88.4113311768, 16.4682922363], [114.06413269, -8.57123565674, -50.5373840332, 42.5758132935, 25.6746025085, -27.069355011, -52.6053009033, 8.40483093262, 4.62955379486, -27.1182403564, -16.6638336182, 16.4682922363, 108.977455139]],
