{
"lowlevel": {
    "average_loudness": 0.237463206053,
    "barkbands_crest": {
        "dmean": 2.30428671837,
        "dmean2": 3.87168121338,
        "dvar": 4.28838825226,
        "dvar2": 11.9784927368,
        "max": 25.4622802734,
        "mean": 13.055811882,
        "median": 12.5886478424,
        "min": 5.06674098969,
        "var": 10.0010471344
    },
    "barkbands_flatness_db": {
        "dmean": 0.04826984182,
        "dmean2": 0.0779305398464,
        "dvar": 0.00258096749894,
        "dvar2": 0.0070503517054,
        "max": 0.868549883366,
        "mean": 0.537143588066,
        "median": 0.541074454784,
        "min": 0.0610933154821,
        "var": 0.0105401528999
    },
    "barkbands_kurtosis": {
        "dmean": 7.07763576508,
        "dmean2": 12.2584009171,
        "dvar": 292.731018066,
        "dvar2": 830.76385498,
        "max": 772.040283203,
        "mean": 9.09013843536,
        "median": 2.65576982498,
        "min": -1.72244977951,
        "var": 465.740966797
    },
    "barkbands_skewness": {
        "dmean": 0.667252540588,
        "dmean2": 1.11033117771,
        "dvar": 0.828963339329,
        "dvar2": 2.23559975624,
        "max": 15.6069908142,
        "mean": 0.889533400536,
        "median": 0.551040828228,
        "min": -1.92598330975,
        "var": 1.81248962879
    },
    "barkbands_spread": {
        "dmean": 0.337480247021,
        "dmean2": 0.539681732655,
        "dvar": 1.34093987942,
        "dvar2": 3.5428109169,
        "max": 96.915184021,
        "mean": 1.10195100307,
        "median": 0.899037718773,
        "min": 0.0876050144434,
        "var": 1.88528442383
    },
    "dissonance": {
        "dmean": 0.068363122642,
        "dmean2": 0.116569474339,
        "dvar": 0.00470802607015,
        "dvar2": 0.0131053617224,
        "max": 0.500000298023,
        "mean": 0.352785527706,
        "median": 0.36198091507,
        "min": 0.0177641473711,
        "var": 0.00890897214413
    },
    "dynamic_complexity": 5.03712081909,
    "erbbands_crest": {
        "dmean": 2.43160295486,
        "dmean2": 4.02179765701,
        "dvar": 4.93144512177,
        "dvar2": 13.2354812622,
        "max": 26.2459087372,
        "mean": 14.2275333405,
        "median": 13.9937267303,
        "min": 3.61451745033,
        "var": 11.3169746399
    },
    "erbbands_flatness_db": {
        "dmean": 0.0385245382786,
        "dmean2": 0.062145255506,
        "dvar": 0.00172106013633,
        "dvar2": 0.00473652966321,
        "max": 0.645252764225,
        "mean": 0.425186902285,
        "median": 0.427497118711,
        "min": 0.0676248818636,
        "var": 0.0067981290631
    },
    "erbbands_kurtosis": {
        "dmean": 8.42896366119,
        "dmean2": 13.6602125168,
        "dvar": 159.928085327,
        "dvar2": 414.333984375,
        "max": 238.098068237,
        "mean": 16.8484420776,
        "median": 10.1279983521,
        "min": -1.75554311275,
        "var": 449.999328613
    },
    "erbbands_skewness": {
        "dmean": 0.743425130844,
        "dmean2": 1.19693350792,
        "dvar": 0.81301343441,
        "dvar2": 2.14789366722,
        "max": 12.4641933441,
        "mean": 2.19333648682,
        "median": 1.85124278069,
        "min": -1.65554130077,
        "var": 2.38752770424
    },
    "erbbands_spread": {
        "dmean": 1.99420034885,
        "dmean2": 3.21744441986,
        "dvar": 19.570980072,
        "dvar2": 44.7335891724,
        "max": 103.94103241,
        "mean": 4.72786045074,
        "median": 2.40344762802,
        "min": 0.629171729088,
        "var": 52.2137527466
    },
    "hfc": {
        "dmean": 2.58480882645,
        "dmean2": 4.26670742035,
        "dvar": 30.4463424683,
        "dvar2": 77.4056854248,
        "max": 76.7364807129,
        "mean": 4.51696395874,
        "median": 2.02635669708,
        "min": 1.23948647277e-16,
        "var": 44.7527313232
    },
    "melbands_crest": {
        "dmean": 2.89269733429,
        "dmean2": 4.81511640549,
        "dvar": 7.3586359024,
        "dvar2": 19.9963989258,
        "max": 33.8490333557,
        "mean": 19.571100235,
        "median": 19.1611690521,
        "min": 3.12054181099,
        "var": 17.1096553802
    },
    "melbands_flatness_db": {
        "dmean": 0.0538552701473,
        "dmean2": 0.0870377793908,
        "dvar": 0.00321224494837,
        "dvar2": 0.00864973478019,
        "max": 1,
        "mean": 0.684639513493,
        "median": 0.685906410217,
        "min": 0.0114512387663,
        "var": 0.0146076027304
    },
    "melbands_kurtosis": {
        "dmean": 8.99840068817,
        "dmean2": 15.5815639496,
        "dvar": 477.858093262,
        "dvar2": 1366.09143066,
        "max": 436.319885254,
        "mean": 13.1099491119,
        "median": 4.67622470856,
        "min": -1.25253582001,
        "var": 610.625793457
    },
    "melbands_skewness": {
        "dmean": 0.613425850868,
        "dmean2": 1.01967966557,
        "dvar": 0.835795462132,
        "dvar2": 2.20193266869,
        "max": 12.4300928116,
        "mean": 1.33419680595,
        "median": 0.911670207977,
        "min": -0.471747279167,
        "var": 1.90089869499
    },
    "melbands_spread": {
        "dmean": 0.32983225584,
        "dmean2": 0.514954864979,
        "dvar": 3.13515663147,
        "dvar2": 3.59926080704,
        "max": 157.760147095,
        "mean": 1.10809159279,
        "median": 0.83575284481,
        "min": 0.161399632692,
        "var": 6.52381086349
    },
    "pitch_salience": {
        "dmean": 0.0813657566905,
        "dmean2": 0.135196790099,
        "dvar": 0.00628565717489,
        "dvar2": 0.0171372108161,
        "max": 0.889397978783,
        "mean": 0.527203142643,
        "median": 0.539596915245,
        "min": 0.0418490543962,
        "var": 0.0144479358569
    },
    "silence_rate_20dB": {
        "dmean": 0.000166597252246,
        "dmean2": 0.000333222269546,
        "dvar": 0.000166555808391,
        "dvar2": 0.000499667599797,
        "max": 1,
        "mean": 0.999916732311,
        "median": 1,
        "min": 0,
        "var": 8.32813311717e-05
    },
    "silence_rate_30dB": {
        "dmean": 0.0478134118021,
        "dmean2": 0.0956347882748,
        "dvar": 0.0455265790224,
        "dvar2": 0.103987500072,
        "max": 1,
        "mean": 0.936448454857,
        "median": 1,
        "min": 0,
        "var": 0.059507586062
    },
    "silence_rate_60dB": {
        "dmean": 0.070304043591,
        "dmean2": 0.140536487103,
        "dvar": 0.0653623715043,
        "dvar2": 0.145124047995,
        "max": 1,
        "mean": 0.186656668782,
        "median": 0,
        "min": 0,
        "var": 0.151802897453
    },
    "spectral_centroid": {
        "dmean": 19.888792038,
        "dmean2": 30.8883934021,
        "dvar": 12034.7363281,
        "dvar2": 14016.4042969,
        "max": 11269.484375,
        "mean": 191.418670654,
        "median": 180.006652832,
        "min": 110.680023193,
        "var": 15624.6796875
    },
    "spectral_complexity": {
        "dmean": 0.858975410461,
        "dmean2": 1.43918693066,
        "dvar": 0.963122189045,
        "dvar2": 2.08519506454,
        "max": 20,
        "mean": 3.26828241348,
        "median": 3,
        "min": 0,
        "var": 2.95861673355
    },
    "spectral_decrease": {
        "dmean": 4.51779236244e-09,
        "dmean2": 7.49019868351e-09,
        "dvar": 9.62771860039e-17,
        "dvar2": 2.44587857421e-16,
        "max": 9.42066646182e-29,
        "mean": -7.71882202599e-09,
        "median": -3.38392602828e-09,
        "min": -1.18595885112e-07,
        "var": 1.33516387342e-16
    },
    "spectral_energy": {
        "dmean": 0.0172821637243,
        "dmean2": 0.0286511909217,
        "dvar": 0.00140789547004,
        "dvar2": 0.00357644236647,
        "max": 0.454568356276,
        "mean": 0.0295423213392,
        "median": 0.0129609629512,
        "min": 1.08869545958e-20,
        "var": 0.00195435900241
    },
    "spectral_energyband_high": {
        "dmean": 4.48745595349e-07,
        "dmean2": 7.55440623834e-07,
        "dvar": 1.26766869571e-11,
        "dvar2": 2.97256941284e-11,
        "max": 0.00016305760073,
        "mean": 5.14183511768e-07,
        "median": 1.66341038721e-08,
        "min": 7.84735665033e-21,
        "var": 1.12874241204e-11
    },
    "spectral_energyband_low": {
        "dmean": 0.0125486478209,
        "dmean2": 0.0210185069591,
        "dvar": 0.000856937956996,
        "dvar2": 0.00224009435624,
        "max": 0.412551760674,
        "mean": 0.0186603851616,
        "median": 0.00748927053064,
        "min": 1.59741480786e-22,
        "var": 0.000968309876043
    },
    "spectral_energyband_middle_high": {
        "dmean": 1.88989670278e-05,
        "dmean2": 3.0878582038e-05,
        "dvar": 6.58598731107e-09,
        "dvar2": 1.52381058882e-08,
        "max": 0.00265541672707,
        "mean": 2.06306140171e-05,
        "median": 1.8914880684e-06,
        "min": 1.33505436253e-21,
        "var": 6.91185908508e-09
    },
    "spectral_energyband_middle_low": {
        "dmean": 0.00975747033954,
        "dmean2": 0.0165389496833,
        "dvar": 0.000482998468215,
        "dvar2": 0.00128378381487,
        "max": 0.341298103333,
        "mean": 0.0157796293497,
        "median": 0.00628486461937,
        "min": 3.07624905419e-22,
        "var": 0.000682406185661
    },
    "spectral_entropy": {
        "dmean": 0.284421890974,
        "dmean2": 0.461194813251,
        "dvar": 0.119068197906,
        "dvar2": 0.303325027227,
        "max": 9.78383159637,
        "mean": 4.5039525032,
        "median": 4.3414144516,
        "min": 3.09431290627,
        "var": 0.438662588596
    },
    "spectral_flux": {
        "dmean": 0.0404342599213,
        "dmean2": 0.0651329606771,
        "dvar": 0.0038768646773,
        "dvar2": 0.00832181423903,
        "max": 0.607581675053,
        "mean": 0.0672444477677,
        "median": 0.0370815247297,
        "min": 1.04340570906e-10,
        "var": 0.0060888743028
    },
    "spectral_kurtosis": {
        "dmean": 134.047821045,
        "dmean2": 234.808883667,
        "dvar": 49628.96875,
        "dvar2": 148833.90625,
        "max": 2782.83886719,
        "mean": 235.801208496,
        "median": 159.231689453,
        "min": -1.21592056751,
        "var": 64789.2382812
    },
    "spectral_rms": {
        "dmean": 0.00131257623434,
        "dmean2": 0.00206326670013,
        "dvar": 4.42945247414e-06,
        "dvar2": 1.03268457678e-05,
        "max": 0.0210589952767,
        "mean": 0.00433140806854,
        "median": 0.00355595862493,
        "min": 3.25905188253e-12,
        "var": 1.00606230262e-05
    },
    "spectral_rolloff": {
        "dmean": 25.8423881531,
        "dmean2": 43.2617874146,
        "dvar": 46447.109375,
        "dvar2": 54860.0859375,
        "max": 19358.3496094,
        "mean": 211.387832642,
        "median": 193.798828125,
        "min": 107.666015625,
        "var": 92045.421875
    },
    "spectral_skewness": {
        "dmean": 3.30992007256,
        "dmean2": 5.64926719666,
        "dvar": 16.0649356842,
        "dvar2": 48.1522102356,
        "max": 45.2273826599,
        "mean": 11.7215270996,
        "median": 10.923494339,
        "min": -0.0144300246611,
        "var": 40.5842666626
    },
    "spectral_spread": {
        "dmean": 573525.0625,
        "dmean2": 1015562.75,
        "dvar": 620500090880,
        "dvar2": 1.64043096064e+12,
        "max": 41039132,
        "mean": 1097271.75,
        "median": 936565.5625,
        "min": 39136.25,
        "var": 803695034368
    },
    "spectral_strongpeak": {
        "dmean": 0.191064432263,
        "dmean2": 0.316462785006,
        "dvar": 0.0758812949061,
        "dvar2": 0.193875983357,
        "max": 3.78478717804,
        "mean": 0.386683613062,
        "median": 0.254782438278,
        "min": 6.96654156584e-09,
        "var": 0.153512865305
    },
    "zerocrossingrate": {
        "dmean": 0.000988601706922,
        "dmean2": 0.00131214398425,
        "dvar": 1.82828061952e-05,
        "dvar2": 1.20611211969e-05,
        "max": 0.5205078125,
        "mean": 0.00788672268391,
        "median": 0.00732421875,
        "min": 0.00341796875,
        "var": 9.25892891246e-05
    },
    "barkbands": {
        "dmean": [1.64213179232e-05, 0.00277951243334, 0.00800518412143, 0.00669259252027, 0.00353145762347, 0.000428195489803, 5.48411189811e-05, 1.99451624212e-05, 1.88351059478e-05, 6.85146096657e-06, 3.98739393859e-06, 2.49749086834e-06, 1.7183442651e-06, 1.40919235037e-06, 1.51435165208e-06, 1.29482964439e-06, 1.85784358564e-06, 1.00769602795e-06, 8.14265149529e-07, 3.79623713798e-07, 1.90702124314e-07, 1.59887122209e-07, 1.82088424339e-08, 6.72045974426e-09, 3.57287910369e-09, 1.62652791236e-09, 1.2977606767e-09],
        "dmean2": [2.5404327971e-05, 0.00475477427244, 0.0137023786083, 0.0114482622594, 0.00607457151636, 0.000669071741868, 8.99926453712e-05, 3.1646755815e-05, 3.02978241962e-05, 1.15162119982e-05, 6.71280349707e-06, 4.17824821852e-06, 2.75710863207e-06, 2.44797956839e-06, 2.66350798483e-06, 2.25413396038e-06, 2.99872249343e-06, 1.71405110905e-06, 1.38184532261e-06, 6.8048831281e-07, 3.26469489664e-07, 2.72446470717e-07, 2.85930426003e-08, 1.00298880312e-08, 5.36035305032e-09, 2.68978261886e-09, 2.35297292761e-09],
        "dvar": [2.11555417629e-09, 4.3240004743e-05, 0.000410062348237, 0.000231274534599, 7.70728947828e-05, 1.31998092456e-06, 4.54754172097e-08, 6.63349641883e-09, 5.87585535783e-09, 7.27063464989e-10, 2.23797799737e-10, 8.94461241185e-11, 6.73622338465e-11, 9.72437616542e-11, 4.88966679646e-11, 6.46719691688e-11, 2.72769667964e-10, 5.96706295486e-11, 7.12047157347e-11, 2.00658222677e-11, 2.35701952747e-12, 3.55243764093e-12, 2.65180926669e-14, 3.70800022902e-15, 8.37099103668e-16, 4.16639260927e-17, 6.79522793435e-18],
        "dvar2": [4.85186690824e-09, 0.000117204646813, 0.00109952886123, 0.000621022190899, 0.000209217265365, 2.87874036076e-06, 1.15316581173e-07, 1.64048614693e-08, 1.46633372111e-08, 1.8727752682e-09, 5.87063730961e-10, 2.14302603441e-10, 1.51302553819e-10, 2.61576926786e-10, 1.3151763012e-10, 1.70047073644e-10, 6.37061570163e-10, 1.51154339045e-10, 1.8685777925e-10, 5.71465583188e-11, 6.18518387549e-12, 9.35800829188e-12, 5.79562575232e-14, 6.61011510082e-15, 1.56467928247e-15, 7.51823598482e-17, 2.07810351904e-17],
        "max": [0.0012770043686, 0.0808428525925, 0.3702480793, 0.231098651886, 0.173739224672, 0.045052729547, 0.00427553569898, 0.00212474958971, 0.0016166473506, 0.000667804910336, 0.000360612757504, 0.000303523149341, 0.000266264629317, 0.00038304287591, 0.000278621475445, 0.000369021814549, 0.000610536255408, 0.000258351006778, 0.000298545695841, 0.000148681690916, 8.24068629299e-05, 0.000107190746348, 4.87911347591e-06, 1.76240428118e-06, 9.48116053223e-07, 2.06314894058e-07, 5.15836866555e-08],
        "mean": [3.57498465746e-05, 0.00366534199566, 0.0100412284955, 0.0100480392575, 0.0048552621156, 0.000760225171689, 6.85710256221e-05, 2.28358130698e-05, 2.21840218728e-05, 6.95730068401e-06, 4.17725641455e-06, 2.50846778727e-06, 1.80039251063e-06, 1.17489821605e-06, 1.26243253362e-06, 1.06408299416e-06, 1.704007218e-06, 8.34675063288e-07, 6.5617467726e-07, 2.92458025797e-07, 2.10941905721e-07, 1.72284714495e-07, 2.02755607859e-08, 7.84269538201e-09, 4.4357433282e-09, 2.10641815102e-09, 1.83200687953e-09],
        "median": [7.08613197276e-06, 0.00131003989372, 0.00311638321728, 0.00340731977485, 0.00191663717851, 0.000196512904949, 6.13549036643e-06, 1.74191472979e-06, 7.98653672973e-07, 4.84193378725e-07, 1.53330802277e-07, 9.70850280169e-08, 7.29239602038e-08, 3.67749102281e-08, 4.13960492551e-08, 2.78935452513e-08, 2.15564099904e-08, 1.23206467251e-08, 7.76645059375e-09, 5.31088417688e-09, 3.62323904213e-09, 2.14147455324e-09, 1.03277986163e-09, 9.11742459309e-10, 9.77175340644e-10, 9.35268973379e-10, 1.08043674008e-09],
        "min": [5.76399403644e-24, 1.29936233194e-22, 2.40656471069e-23, 4.35403690812e-24, 2.76779737206e-23, 1.7697655802e-23, 4.7704192298e-23, 3.07120905342e-23, 1.49515167638e-22, 7.66430118698e-23, 1.35414146429e-22, 1.23927952996e-22, 5.59638121003e-23, 1.32588648615e-22, 4.08970263499e-23, 1.06124876978e-22, 1.7525196293e-22, 2.25055175258e-22, 1.21234542052e-22, 4.77838218111e-22, 4.13569177426e-22, 5.33165160714e-22, 5.52444214418e-22, 8.9613104415e-22, 1.21608989711e-21, 1.52965274158e-21, 2.67902171733e-21],
        "var": [7.37942640328e-09, 4.63400938315e-05, 0.000396914751036, 0.000335045304382, 8.21694993647e-05, 2.9298487334e-06, 6.2282722979e-08, 6.98851421177e-09, 7.37415195573e-09, 6.59347021426e-10, 2.24271448634e-10, 9.64991211938e-11, 8.1577321287e-11, 7.23871171338e-11, 3.99077576541e-11, 4.94583436705e-11, 2.75512140879e-10, 4.72439726229e-11, 5.29727962884e-11, 1.19467248594e-11, 1.7655970002e-12, 2.5238411621e-12, 2.77949728121e-14, 5.0596941357e-15, 1.15135505042e-15, 6.49109008401e-17, 6.36439380743e-18]
    },
    "erbbands": {
        "dmean": [0.0254379250109, 0.887196362019, 7.41154527664, 16.5438747406, 18.8616962433, 9.48051929474, 4.34414052963, 3.20129084587, 0.924439013004, 0.794603705406, 0.363106995821, 0.451152712107, 0.301898211241, 0.195047914982, 0.146971836686, 0.108614645898, 0.0874866172671, 0.0710350573063, 0.0755562484264, 0.0731906145811, 0.0766482576728, 0.0968389734626, 0.0604040548205, 0.0503832921386, 0.0296438839287, 0.0174115393311, 0.00725894235075, 0.00854115746915, 0.0069852983579, 0.00123797170818, 0.000519455643371, 0.00022147501295, 8.46329276101e-05, 5.18815249961e-05, 2.6443563911e-05, 1.25399274111e-05, 5.82344819122e-06, 9.60210286394e-07, 7.69490725361e-06, 1.87789555639e-05],
        "dmean2": [0.0414655394852, 1.51624441147, 12.6456623077, 28.3284835815, 32.6971435547, 15.8963327408, 6.93578958511, 4.99797201157, 1.51488935947, 1.22564411163, 0.582547545433, 0.729466497898, 0.503101766109, 0.327273994684, 0.246498093009, 0.181186169386, 0.139507368207, 0.121805012226, 0.130542084575, 0.127802863717, 0.128175497055, 0.160081684589, 0.101672314107, 0.0852007567883, 0.05097515136, 0.0310454051942, 0.012246703729, 0.0144856311381, 0.0119072105736, 0.00204274756834, 0.000812664453406, 0.000338328798534, 0.000122145720525, 7.59381364333e-05, 3.86173924198e-05, 1.85705684999e-05, 8.9473078333e-06, 1.58467003075e-06, 1.27032717501e-05, 3.11258700094e-05],
        "dvar": [0.00385552062653, 4.47255325317, 353.348968506, 1466.11999512, 2017.42004395, 564.540710449, 102.040763855, 81.3231811523, 12.4929771423, 11.9300174713, 2.81102991104, 3.8057115078, 1.34085726738, 0.822913706303, 0.313462793827, 0.172253161669, 0.156301304698, 0.177248418331, 0.131135866046, 0.109514601529, 0.354263246059, 0.70826292038, 0.206753984094, 0.272405385971, 0.0812910869718, 0.0415495149791, 0.00246860389598, 0.00535501958802, 0.00689502293244, 8.89097136678e-05, 1.80325914698e-05, 3.40896644957e-06, 6.03384023634e-07, 1.67984453014e-07, 3.52409443849e-08, 2.44738451727e-09, 1.58385193849e-10, 3.65558494933e-12, 2.76796807697e-10, 1.66083069519e-09],
        "dvar2": [0.0101072266698, 11.9937362671, 934.867614746, 3976.93945312, 5554.14941406, 1460.95837402, 246.910690308, 173.656066895, 33.2502555847, 27.8276958466, 7.23268985748, 9.58827972412, 3.41174340248, 2.18234801292, 0.808190345764, 0.415295571089, 0.341082423925, 0.458843052387, 0.336093425751, 0.284957528114, 0.8367664814, 1.78178107738, 0.520943403244, 0.700191140175, 0.216512605548, 0.117792449892, 0.00602351967245, 0.0133499773219, 0.0180625542998, 0.000211505815969, 3.72527283616e-05, 6.50183801554e-06, 1.08463109427e-06, 3.09217625727e-07, 7.11302519107e-08, 4.41514202976e-09, 3.4273131555e-10, 8.74696322317e-12, 6.98481994466e-10, 4.21747881063e-09],
        "max": [1.40896356106, 23.9971485138, 334.717315674, 447.815124512, 686.841186523, 717.34185791, 200.526397705, 358.21484375, 71.4178009033, 122.498687744, 42.6364860535, 47.8633728027, 23.9668750763, 26.3474063873, 13.8525648117, 14.1185741425, 12.2327528, 13.2657384872, 13.1545648575, 8.01952075958, 28.2741584778, 36.0166435242, 12.5758628845, 18.5732383728, 10.4283218384, 6.5781788826, 1.7584553957, 3.89386200905, 4.69678497314, 0.391287773848, 0.115217268467, 0.0509379468858, 0.02281296812, 0.0134852286428, 0.00627359701321, 0.00150918052532, 0.000321177067235, 4.42806776846e-05, 0.000205834745429, 0.000495274900459],
        "mean": [0.0424293726683, 1.17423951626, 9.33894729614, 24.618927002, 26.5004291534, 14.9228801727, 8.04406261444, 5.6193356514, 1.35629749298, 0.942801654339, 0.431270927191, 0.506976664066, 0.353250831366, 0.209088981152, 0.156595110893, 0.109017372131, 0.094203658402, 0.0638176947832, 0.0673641711473, 0.06213677302, 0.0677758976817, 0.0873058661819, 0.0507626645267, 0.0413057282567, 0.0240373909473, 0.0137110073119, 0.00750372605398, 0.00953358598053, 0.00746920472011, 0.00141049525701, 0.00061165849911, 0.000270424352493, 0.000111329842184, 7.51432307879e-05, 4.00165299652e-05, 2.20210094994e-05, 1.12786301543e-05, 1.86418412795e-06, 1.34329957291e-05, 3.21451225318e-05],
        "median": [0.0178720653057, 0.429044485092, 2.97463607788, 9.08814430237, 9.8956785202, 5.50197553635, 2.65021181107, 1.36017584801, 0.223189011216, 0.0603116229177, 0.0356611460447, 0.0213531479239, 0.019795909524, 0.0127879194915, 0.00936836749315, 0.00509942974895, 0.00478469021618, 0.0024826019071, 0.00232849596068, 0.00190838426352, 0.00151307554916, 0.0011480608955, 0.000739800161682, 0.000504555762745, 0.000349121663021, 0.000255507824477, 0.000170965256984, 0.000127149090986, 9.11369934329e-05, 5.19851237186e-05, 3.96307732444e-05, 3.12346965075e-05, 2.3819560738e-05, 2.06234872167e-05, 1.47304526763e-05, 9.94371293928e-06, 5.66550625081e-06, 1.08524454845e-06, 5.97936832492e-06, 1.41052059917e-05],
        "min": [4.18682879261e-21, 2.6625876015e-20, 3.41877107589e-20, 1.88952835014e-20, 3.67981926058e-20, 6.57163460413e-20, 2.58432962702e-19, 1.16060496826e-19, 4.9006987475e-19, 8.30109452307e-19, 9.29928542149e-19, 3.57036133232e-18, 2.84403347519e-18, 3.49895579313e-18, 4.62251315121e-18, 6.44003285701e-18, 3.11244241702e-18, 6.36479168131e-18, 3.62362142401e-18, 3.11036846843e-18, 7.09711370275e-18, 9.33997174748e-18, 1.22476704193e-17, 7.27380692622e-18, 9.92996162811e-18, 2.44942224904e-17, 2.04566695481e-17, 1.54901067511e-17, 1.92968713394e-17, 1.52932394197e-17, 1.64050363374e-17, 1.80264211802e-17, 1.5290254952e-17, 1.29635513989e-17, 8.94639921203e-18, 5.45824019385e-18, 2.81378306659e-18, 1.27812370696e-18, 3.2644700969e-19, 4.40494840376e-20],
        "var": [0.00518535915762, 4.71549129486, 345.102966309, 1747.56311035, 2196.37548828, 938.732299805, 224.066696167, 182.19329834, 18.0209522247, 13.7164802551, 2.75783729553, 4.30690431595, 1.67756831646, 0.713439822197, 0.336747586727, 0.166118651628, 0.204055681825, 0.150659635663, 0.117976784706, 0.0997499525547, 0.33710873127, 0.608681976795, 0.167074084282, 0.209486588836, 0.0574924014509, 0.0249918214977, 0.00210215197876, 0.00433638179675, 0.00494495220482, 7.96742242528e-05, 2.02891733352e-05, 4.2808710532e-06, 8.60258069224e-07, 2.30354871178e-07, 4.57597799652e-08, 4.01166211361e-09, 3.03373215438e-10, 6.59885687759e-12, 3.93660909426e-10, 2.30994245953e-09]
    },
    "gfcc": {
        "mean": [-330.158203125, 221.578018188, 9.05187416077, 29.3206958771, -16.2528152466, -21.3873748779, -25.8707008362, -27.8937568665, -21.066652298, -22.8068466187, -15.5296001434, -13.0670385361, -1.53425908089],
        "cov": [[10455.8349609, 362.917114258, -3143.35400391, 639.737670898, -87.1377716064, -336.228790283, 876.807739258, -227.117614746, 166.62097168, 110.81137085, 173.058868408, 113.122154236, -66.8839874268], [362.917114258, 612.085083008, 296.594329834, -506.020233154, 3.92909312248, -19.3512802124, 7.09517192841, 45.4462966919, 29.9840278625, 13.5784883499, 74.1242218018, 7.16419267654, 55.5357246399], [-3143.35400391, 296.594329834, 2672.62182617, -161.05128479, 52.3986320496, 38.9937362671, -361.488769531, 22.8599948883, -13.6325883865, -75.9931564331, 3.35537314415, -82.080871582, 110.663146973], [639.737670898, -506.020233154, -161.05128479, 872.396484375, 162.451141357, -100.76638031, 57.2785148621, -94.0374832153, 40.2838096619, -1.09352624416, -25.9055519104, -2.81164741516, -22.8114089966], [-87.1377716064, 3.92909312248, 52.3986320496, 162.451141357, 508.810913086, 58.9726982117, -94.9413375854, 44.6088104248, 36.5763893127, 15.13185215, 38.7870254517, -25.5977802277, 13.1804380417], [-336.228790283, -19.3512802124, 38.9937362671, -100.76638031, 58.9726982117, 183.625015259, 45.2986602783, 35.0215072632, -16.6104793549, 3.71551656723, 11.4169721603, 14.5354709625, 1.17998313904], [876.807739258, 7.09517192841, -361.488769531, 57.2785148621, -94.9413375854, 45.2986602783, 254.005645752, 3.41451764107, -5.69396781921, 14.9390230179, 11.4559650421, 29.7524967194, -8.0396270752], [-227.117614746, 45.4462966919, 22.8599948883, -94.0374832153, 44.6088104248, 35.0215072632, 3.41451764107, 101.206016541, 29.9289207458, 7.86584949493, -1.41068708897, -11.2601680756, 9.01885318756], [166.62097168, 29.9840278625, -13.6325883865, 40.2838096619, 36.5763893127, -16.6104793549, -5.69396781921, 29.9289207458, 73.6258087158, 22.19805336, -3.41395998001, -9.21075439453, 7.58009815216], [110.81137085, 13.5784883499, -75.9931564331, -1.09352624416, 15.13185215, 3.71551656723, 14.9390230179, 7.86584949493, 22.19805336, 52.3617172241, 25.697561264, 4.90423631668, -1.7113648653], [173.058868408, 74.1242218018, 3.35537314415, -25.9055519104, 38.7870254517, 11.4169721603, 11.4559650421, -1.41068708897, -3.41395998001, 25.697561264, 64.978767395, 25.2002372742, 0.118800312281], [113.122154236, 7.16419267654, -82.080871582, -2.81164741516, -25.5977802277, 14.5354709625, 29.7524967194, -11.2601680756, -9.21075439453, 4.90423631668, 25.2002372742, 48.7082061768, 12.840010643], [-66.8839874268, 55.5357246399, 110.663146973, -22.8114089966, 13.1804380417, 1.17998313904, -8.0396270752, 9.01885318756, 7.58009815216, -1.7113648653, 0.118800312281, 12.840010643, 49.1789741516]],
        "icov": [[0.000379678123863, -0.000942032726016, 0.000507157936227, -0.000698902993463, 0.000275565398624, -9.3321861641e-05, -0.00044713387615, 0.000688399770297, -0.000575719634071, 0.000763610703871, -0.00106529006734, 0.0011292177951, -0.00033312823507], [-0.000942032726016, 0.024402551353, -0.00413146568462, 0.0200709309429, -0.00926444120705, 0.0162895526737, -0.0151470415294, 0.0113174850121, -0.0199026353657, 0.0107664586976, -0.0174584873021, 0.00165982393082, -0.00963991694152], [0.000507157936227, -0.00413146568462, 0.00179315055721, -0.00361466431059, 0.00216519320384, -0.00312500470318, 0.00267134280875, -0.00083588907728, 0.00194953358732, 0.000774280051701, -0.00104774930514, 0.00372026162222, -0.00151402654592], [-0.000698902993463, 0.0200709309429, -0.00361466431059, 0.0186567250639, -0.00927447155118, 0.0151259200647, -0.0142797352746, 0.0118180271238, -0.0180137027055, 0.00861725304276, -0.0117391031235, -0.00093271950027, -0.00585889955983], [0.000275565398624, -0.00926444120705, 0.00216519320384, -0.00927447155118, 0.00787473190576, -0.00928825233132, 0.00880158413202, -0.0062194596976, 0.00720502296463, -0.0022085243836, 0.000449189101346, 0.00534510472789, -0.000229570330703], [-9.3321861641e-05, 0.0162895526737, -0.00312500470318, 0.0151259200647, -0.00928825233132, 0.0208675023168, -0.0151207940653, 0.00755737442523, -0.0127019193023, 0.00617362838238, -0.00885184295475, -0.00434662774205, -0.00301434495486], [-0.00044713387615, -0.0151470415294, 0.00267134280875, -0.0142797352746, 0.00880158413202, -0.0151207940653, 0.01987439394, -0.0121311992407, 0.0167535990477, -0.00932425353676, 0.0116410935298, -0.00208319444209, 0.00494877481833], [0.000688399770297, 0.0113174850121, -0.00083588907728, 0.0118180271238, -0.0062194596976, 0.00755737442523, -0.0121311992407, 0.0247872956097, -0.0208074394614, 0.00975813809782, -0.01272232458, 0.00736649287865, -0.00787067599595], [-0.000575719634071, -0.0199026353657, 0.00194953358732, -0.0180137027055, 0.00720502296463, -0.0127019193023, 0.0167535990477, -0.0208074394614, 0.0435003302991, -0.0241607241333, 0.0254354551435, -0.0054888650775, 0.0077042421326], [0.000763610703871, 0.0107664586976, 0.000774280051701, 0.00861725304276, -0.0022085243836, 0.00617362838238, -0.00932425353676, 0.00975813809782, -0.0241607241333, 0.0416705906391, -0.0319128632545, 0.0137988422066, -0.010086431168], [-0.00106529006734, -0.0174584873021, -0.00104774930514, -0.0117391031235, 0.000449189101346, -0.00885184295475, 0.0116410935298, -0.01272232458, 0.0254354551435, -0.0319128632545, 0.0593074262142, -0.0333071164787, 0.0230288691819], [0.0011292177951, 0.00165982393082, 0.00372026162222, -0.00093271950027, 0.00534510472789, -0.00434662774205, -0.00208319444209, 0.00736649287865, -0.0054888650775, 0.0137988422066, -0.0333071164787, 0.0521930903196, -0.0243826694787], [-0.00033312823507, -0.00963991694152, -0.00151402654592, -0.00585889955983, -0.000229570330703, -0.00301434495486, 0.00494877481833, -0.00787067599595, 0.0077042421326, -0.010086431168, 0.0230288691819, -0.0243826694787, 0.0386142022908]]
    },
    "melbands": {
        "dmean": [0.000477677182062, 0.00292577897198, 0.00294324243441, 0.00098223274108, 0.000187988567632, 7.22237382433e-05, 1.29311038108e-05, 7.61421824791e-06, 2.79668597614e-06, 2.73515320259e-06, 1.44689124681e-06, 7.86188138591e-07, 5.61446995562e-07, 2.76818383327e-07, 2.39088450371e-07, 1.69281690887e-07, 1.34526416673e-07, 1.17581286929e-07, 1.17858597548e-07, 8.83923618744e-08, 9.62130002335e-08, 1.07368315128e-07, 7.2541091356e-08, 4.3866126731e-08, 4.26918163043e-08, 2.5626340161e-08, 1.8695420323e-08, 9.40483335654e-09, 4.58140503312e-09, 4.95538943213e-09, 4.98638019764e-09, 5.10610353999e-09, 1.39182176895e-09, 4.0491132669e-10, 3.01734220942e-10, 2.30485144859e-10, 1.00178226825e-10, 5.69339367318e-11, 4.73729770689e-11, 3.97175348166e-11],
        "dmean2": [0.000804135866929, 0.00498723238707, 0.00498446589336, 0.00168733519968, 0.00030070124194, 0.000112772468128, 2.12893774005e-05, 1.16903102025e-05, 4.53521215604e-06, 4.4438702389e-06, 2.41889028985e-06, 1.32156844757e-06, 9.40167012686e-07, 4.6984021651e-07, 3.92607091726e-07, 2.7043472528e-07, 2.34017235812e-07, 2.0304666748e-07, 2.07137091479e-07, 1.56146313657e-07, 1.58453062227e-07, 1.73848960117e-07, 1.24858075878e-07, 7.46938724205e-08, 7.19274666494e-08, 4.30782414185e-08, 3.34538512448e-08, 1.67950435781e-08, 7.87607312702e-09, 8.58143689442e-09, 8.66150173806e-09, 8.8412406285e-09, 2.39242847755e-09, 6.57024434858e-10, 4.65826210938e-10, 3.69435287917e-10, 1.49907475322e-10, 8.25391699433e-11, 6.97631050151e-11, 6.01714442161e-11],
        "dvar": [1.26975839976e-06, 5.34667051397e-05, 4.43868848379e-05, 5.77134323976e-06, 1.95208528453e-07, 4.08928961804e-08, 2.43756259621e-09, 1.09250264391e-09, 1.83993265068e-10, 1.32597405278e-10, 3.1035986281e-11, 1.39977638855e-11, 4.45917348185e-12, 1.10583092162e-12, 9.66439710377e-13, 7.50902161631e-13, 8.03842398461e-13, 3.97889457927e-13, 2.92810643353e-13, 2.08402034779e-13, 7.07201929396e-13, 8.82211621464e-13, 3.37374334199e-13, 1.31891161404e-13, 2.14633229267e-13, 5.42908681336e-14, 4.80767023956e-14, 1.18192326247e-14, 1.1579918712e-15, 2.00174637743e-15, 1.71289236643e-15, 4.22663807911e-15, 1.59203429092e-16, 1.42299136315e-17, 6.5328611333e-18, 3.28955564144e-18, 8.11089106206e-19, 2.94150905895e-19, 1.82046077232e-19, 1.0932870713e-19],
        "dvar2": [3.3799499306e-06, 0.000141480268212, 0.000119190255646, 1.56915193656e-05, 4.6956222377e-07, 8.71614318498e-08, 6.45000675092e-09, 2.54007326284e-09, 4.71526040435e-10, 3.35082794845e-10, 7.9107220774e-11, 3.69162166114e-11, 1.15446350396e-11, 2.71514278075e-12, 2.24904058051e-12, 1.67376160674e-12, 2.14315848054e-12, 1.02233629548e-12, 7.86462366585e-13, 5.60868951109e-13, 1.6039232659e-12, 2.11480269061e-12, 8.86148251132e-13, 3.33916677945e-13, 5.59350092286e-13, 1.37670216481e-13, 1.37436584466e-13, 3.34171641639e-14, 2.9740853555e-15, 5.54840080605e-15, 4.17427196121e-15, 1.14578383944e-14, 3.71483319087e-16, 3.47157611485e-17, 1.33418095125e-17, 6.66821104257e-18, 1.5988747768e-18, 5.14604465308e-19, 3.48236136097e-19, 2.04515146102e-19],
        "max": [0.0174884386361, 0.121973589063, 0.0816778168082, 0.0456506386399, 0.0128201814368, 0.00815704278648, 0.000978820957243, 0.00119338999502, 0.000354798161425, 0.000266574759735, 0.000113156689622, 0.000113081739983, 5.65694390389e-05, 2.33911669056e-05, 3.92709334847e-05, 2.67861505563e-05, 3.14720273309e-05, 2.21812970267e-05, 1.93171508727e-05, 1.22443516375e-05, 4.02108671551e-05, 3.9949794882e-05, 1.71701285581e-05, 1.45670483107e-05, 1.68560309248e-05, 7.45474699215e-06, 8.02643262432e-06, 3.64958304999e-06, 1.08672213628e-06, 2.50288826464e-06, 1.94837616618e-06, 3.69252302335e-06, 6.09640778748e-07, 1.17793597099e-07, 7.25088540321e-08, 4.35964331302e-08, 2.79640932632e-08, 1.62182658414e-08, 1.35545921154e-08, 1.09538582649e-08],
        "mean": [0.000689511944074, 0.00379844498821, 0.00456728413701, 0.00142961193342, 0.000353345298208, 0.000126910817926, 1.79344642675e-05, 8.86637099029e-06, 3.21344646181e-06, 3.13824216391e-06, 1.66049073869e-06, 8.1918858541e-07, 5.97893460963e-07, 2.75711016684e-07, 2.44910211222e-07, 1.75406881908e-07, 1.12874886327e-07, 1.0537251427e-07, 9.60587058785e-08, 7.21181052654e-08, 8.65953779794e-08, 9.88211041886e-08, 5.98244440653e-08, 3.54425857552e-08, 3.43221024934e-08, 2.12371400465e-08, 1.4002747406e-08, 7.48838857589e-09, 4.32734470479e-09, 5.17916598497e-09, 5.58018609098e-09, 5.21207077497e-09, 1.62507918233e-09, 4.18383272471e-10, 3.46255496497e-10, 2.67948274679e-10, 1.11832224037e-10, 6.65561564195e-11, 5.74853185886e-11, 4.93539410729e-11],
        "median": [0.000261825422058, 0.00125999993179, 0.00170987844467, 0.000583178712986, 0.000115053073387, 3.06248111883e-05, 2.48842684414e-06, 5.28722807758e-07, 2.29743164937e-07, 1.22440496853e-07, 9.14803948149e-08, 4.83742539359e-08, 2.29453434031e-08, 1.29987904884e-08, 9.76021130583e-09, 6.86568046859e-09, 3.64986352253e-09, 3.47130990619e-09, 2.93079382985e-09, 2.09155848196e-09, 1.61946922539e-09, 1.23651233697e-09, 7.72589714426e-10, 5.4162357932e-10, 3.83326065334e-10, 2.70106992328e-10, 2.10510830989e-10, 1.47899859027e-10, 1.03709082988e-10, 8.75424316371e-11, 6.15399120552e-11, 5.12258707674e-11, 3.08736786137e-11, 1.95171691308e-11, 1.72610363502e-11, 1.47398360878e-11, 1.20531848391e-11, 9.93057285709e-12, 9.52971729307e-12, 9.20053269682e-12],
        "min": [3.66694229401e-23, 2.48442070665e-23, 4.105400967e-24, 2.93721550665e-24, 8.06468675056e-24, 3.05019261562e-24, 7.74587256002e-24, 8.55472714488e-24, 7.6712218637e-24, 2.48282073896e-23, 1.36383921539e-23, 1.27279646277e-23, 1.73297736743e-23, 1.03068724124e-23, 1.80463970087e-23, 2.57591859256e-24, 1.40090494942e-23, 6.51045406243e-24, 3.17293680867e-24, 5.5717300956e-24, 9.27952623371e-24, 1.07722506482e-23, 8.50726453966e-24, 1.16115962848e-23, 4.97239420615e-24, 5.87024926163e-24, 1.00881307497e-23, 1.77020529127e-23, 1.37275618352e-23, 8.71530845961e-24, 9.16185421906e-24, 1.02189286209e-23, 1.08497443992e-23, 7.70627647574e-24, 8.82280337972e-24, 1.21095678866e-23, 9.85858642575e-24, 9.44765221414e-24, 1.20861773719e-23, 1.1209941444e-23],
        "var": [1.51823712713e-06, 5.33829443157e-05, 5.73949728278e-05, 6.39696463622e-06, 4.82920825107e-07, 9.16790128258e-08, 3.53294504762e-09, 1.24858356987e-09, 1.77614048469e-10, 1.56519769368e-10, 3.81261515414e-11, 1.20304859824e-11, 4.82832523963e-12, 1.14205856144e-12, 9.78781075286e-13, 9.3418686415e-13, 6.03875456584e-13, 3.47177337877e-13, 2.36611321898e-13, 1.6347124663e-13, 7.28955687045e-13, 8.54209931955e-13, 2.50184286265e-13, 1.01801874493e-13, 1.61350208368e-13, 4.28582645447e-14, 2.84406829684e-14, 7.12786780147e-15, 8.81513170378e-16, 1.32300553603e-15, 1.43899822783e-15, 2.82045454293e-15, 1.3989694095e-16, 1.27626044127e-17, 7.54365805745e-18, 3.72975365969e-18, 9.97201280211e-19, 4.32447103261e-19, 2.46916618172e-19, 1.42511367596e-19]
    },
    "mfcc": {
        "mean": [-949.419555664, 193.558868408, 101.089683533, 64.3653411865, 31.9130687714, 15.2261734009, 4.51235532761, -2.02686357498, -4.91075611115, -12.3735466003, -10.8705825806, -11.3886203766, -10.6906681061],
        "cov": [[4604.74951172, 2004.76037598, -1586.10046387, -500.964355469, -438.616241455, -122.963432312, 15.3189058304, 45.2050361633, 170.914749146, -84.0830230713, 212.309371948, 137.227264404, 5.65827798843], [2004.76037598, 1447.74291992, -165.651275635, -338.886199951, -280.9609375, -100.899757385, -12.9132232666, 14.2363672256, 56.0516624451, -16.7687168121, 63.3714179993, 63.2019195557, 39.687538147], [-1586.10046387, -165.651275635, 1325.41796875, 365.971191406, 96.3008575439, 29.6152305603, -20.0615024567, -41.2119026184, -71.3213119507, 34.1294593811, -100.875923157, -58.9114227295, 8.41304016113], [-500.964355469, -338.886199951, 365.971191406, 588.895812988, 325.064147949, 106.535934448, 0.346751958132, -32.5039558411, -7.27983760834, 7.8955655098, -8.14071750641, -36.6835441589, -37.6344299316], [-438.616241455, -280.9609375, 96.3008575439, 325.064147949, 437.011535645, 150.810501099, -0.156749874353, -4.15741205215, -16.6538581848, 40.0846595764, -9.30052852631, -17.1440601349, 2.31838083267], [-122.963432312, -100.899757385, 29.6152305603, 106.535934448, 150.810501099, 137.731262207, 66.371055603, 19.736749649, 7.36383485794, 2.06515479088, -1.83123326302, 5.36236476898, 12.9105329514], [15.3189058304, -12.9132232666, -20.0615024567, 0.346751958132, -0.156749874353, 66.371055603, 97.2286453247, 56.4724349976, 22.4907875061, -2.49790763855, 4.71929311752, 15.4175920486, 19.3819236755], [45.2050361633, 14.2363672256, -41.2119026184, -32.5039558411, -4.15741205215, 19.736749649, 56.4724349976, 73.8396453857, 45.0204277039, 16.7418861389, 7.10381555557, 8.26459312439, 13.3206529617], [170.914749146, 56.0516624451, -71.3213119507, -7.27983760834, -16.6538581848, 7.36383485794, 22.4907875061, 45.0204277039, 75.7505493164, 38.8007354736, 19.0628681183, 0.13255892694, -4.1898522377], [-84.0830230713, -16.7687168121, 34.1294593811, 7.8955655098, 40.0846595764, 2.06515479088, -2.49790763855, 16.7418861389, 38.8007354736, 73.2369613647, 22.8143348694, 0.127409562469, 3.97425055504], [212.309371948, 63.3714179993, -100.875923157, -8.14071750641, -9.30052852631, -1.83123326302, 4.71929311752, 7.10381555557, 19.0628681183, 22.8143348694, 57.7641181946, 36.2797355652, 1.98973476887], [137.227264404, 63.2019195557, -58.9114227295, -36.6835441589, -17.1440601349, 5.36236476898, 15.4175920486, 8.26459312439, 0.13255892694, 0.127409562469, 36.2797355652, 54.4489707947, 30.6112613678], [5.65827798843, 39.687538147, 8.41304016113, -37.6344299316, 2.31838083267, 12.9105329514, 19.3819236755, 13.3206529617, -4.1898522377, 3.97425055504, 1.98973476887, 30.6112613678, 52.8794784546]],
