{
"lowlevel": {
    "average_loudness": 0.950326681137,
    "barkbands_crest": {
        "dmean": 2.47762775421,
        "dmean2": 4.08045911789,
        "dvar": 7.15994501114,
        "dvar2": 18.7490139008,
        "max": 26.6923847198,
        "mean": 10.3802995682,
        "median": 9.42642688751,
        "min": 2.47982287407,
        "var": 19.2155094147
    },
    "barkbands_flatness_db": {
        "dmean": 0.0302594806999,
        "dmean2": 0.0448873825371,
        "dvar": 0.00121920660604,
        "dvar2": 0.00263867969625,
        "max": 0.694116353989,
        "mean": 0.208684429526,
        "median": 0.173055782914,
        "min": 0.0368529930711,
        "var": 0.0126923173666
    },
    "barkbands_kurtosis": {
        "dmean": 7.70545959473,
        "dmean2": 12.3805398941,
        "dvar": 459.135864258,
        "dvar2": 1075.86914062,
        "max": 611.057861328,
        "mean": 10.4086208344,
        "median": 2.282538414,
        "min": -1.96635615826,
        "var": 850.922485352
    },
    "barkbands_skewness": {
        "dmean": 0.833630800247,
        "dmean2": 1.29850637913,
        "dvar": 1.29687404633,
        "dvar2": 3.04951119423,
        "max": 20.5249671936,
        "mean": 1.93429672718,
        "median": 1.51756262779,
        "min": -7.80541324615,
        "var": 3.39287519455
    },
    "barkbands_spread": {
        "dmean": 5.22895669937,
        "dmean2": 8.11993217468,
        "dvar": 61.7508735657,
        "dvar2": 129.174255371,
        "max": 123.245445251,
        "mean": 18.8355178833,
        "median": 16.5461540222,
        "min": 0.107138477266,
        "var": 241.237182617
    },
    "dissonance": {
        "dmean": 0.0219039935619,
        "dmean2": 0.0343162566423,
        "dvar": 0.000739881128538,
        "dvar2": 0.0016919268528,
        "max": 0.500000178814,
        "mean": 0.44616496563,
        "median": 0.466680586338,
        "min": 0.101947955787,
        "var": 0.00293637812138
    },
    "dynamic_complexity": 3.68475675583,
    "erbbands_crest": {
        "dmean": 2.71256661415,
        "dmean2": 4.39154529572,
        "dvar": 8.31396961212,
        "dvar2": 20.0817165375,
        "max": 32.2353172302,
        "mean": 9.94450950623,
        "median": 8.75931549072,
        "min": 2.37901616096,
        "var": 23.5840911865
    },
    "erbbands_flatness_db": {
        "dmean": 0.0253337305039,
        "dmean2": 0.0367481708527,
        "dvar": 0.00082713883603,
        "dvar2": 0.00172180938534,
        "max": 0.543707609177,
        "mean": 0.202143147588,
        "median": 0.186405688524,
        "min": 0.040411029011,
        "var": 0.00592514220625
    },
    "erbbands_kurtosis": {
        "dmean": 2.64993667603,
        "dmean2": 4.07842350006,
        "dvar": 50.3382072449,
        "dvar2": 109.658744812,
        "max": 214.370132446,
        "mean": 2.8170671463,
        "median": -0.128560900688,
        "min": -1.89219093323,
        "var": 101.051239014
    },
    "erbbands_skewness": {
        "dmean": 0.552117288113,
        "dmean2": 0.824711322784,
        "dvar": 0.531363487244,
        "dvar2": 1.13095211983,
        "max": 12.2396278381,
        "mean": 0.392425894737,
        "median": 0.0716158747673,
        "min": -5.45007944107,
        "var": 2.2322075367
    },
    "erbbands_spread": {
        "dmean": 11.0759134293,
        "dmean2": 17.8474998474,
        "dvar": 241.986328125,
        "dvar2": 590.040771484,
        "max": 169.233062744,
        "mean": 36.6613464355,
        "median": 34.5286598206,
        "min": 0.592980384827,
        "var": 478.6484375
    },
    "hfc": {
        "dmean": 6.49977254868,
        "dmean2": 9.88515853882,
        "dvar": 139.992034912,
        "dvar2": 304.483673096,
        "max": 285.292755127,
        "mean": 17.9923019409,
        "median": 14.3736629486,
        "min": 1.15185350284e-16,
        "var": 377.485748291
    },
    "melbands_crest": {
        "dmean": 3.04107141495,
        "dmean2": 4.92686843872,
        "dvar": 9.23305130005,
        "dvar2": 23.5167369843,
        "max": 34.9189376831,
        "mean": 15.0785932541,
        "median": 14.3740024567,
        "min": 2.03299713135,
        "var": 27.316740036
    },
    "melbands_flatness_db": {
        "dmean": 0.0367898233235,
        "dmean2": 0.0548346191645,
        "dvar": 0.00179852184374,
        "dvar2": 0.00388435437344,
        "max": 0.874693036079,
        "mean": 0.280503123999,
        "median": 0.241322815418,
        "min": 0.00481661595404,
        "var": 0.0183874219656
    },
    "melbands_kurtosis": {
        "dmean": 15.012295723,
        "dmean2": 24.5139904022,
        "dvar": 957.893249512,
        "dvar2": 2335.06567383,
        "max": 557.383789062,
        "mean": 22.8050270081,
        "median": 8.86594009399,
        "min": -1.93645715714,
        "var": 1756.13647461
    },
    "melbands_skewness": {
        "dmean": 1.0883975029,
        "dmean2": 1.71755254269,
        "dvar": 2.16306257248,
        "dvar2": 5.14485406876,
        "max": 17.8338241577,
        "mean": 3.07879710197,
        "median": 2.57234382629,
        "min": -2.92003393173,
        "var": 4.78643321991
    },
    "melbands_spread": {
        "dmean": 6.8659157753,
        "dmean2": 10.7535352707,
        "dvar": 151.969787598,
        "dvar2": 326.330535889,
        "max": 275.300018311,
        "mean": 19.7936038971,
        "median": 14.9800109863,
        "min": 0.170627996325,
        "var": 478.029663086
    },
    "pitch_salience": {
        "dmean": 0.0739681795239,
        "dmean2": 0.120940990746,
        "dvar": 0.00619971938431,
        "dvar2": 0.0163237657398,
        "max": 0.911592841148,
        "mean": 0.540344178677,
        "median": 0.553894817829,
        "min": 0.0621095709503,
        "var": 0.0151718044654
    },
    "silence_rate_20dB": {
        "dmean": 0,
        "dmean2": 0,
        "dvar": 0,
        "dvar2": 0,
        "max": 1,
        "mean": 1,
        "median": 1,
        "min": 1,
        "var": 0
    },
    "silence_rate_30dB": {
        "dmean": 0.00459347711876,
        "dmean2": 0.0091877989471,
        "dvar": 0.004573604092,
        "dvar2": 0.0131500605494,
        "max": 1,
        "mean": 0.997427880764,
        "median": 1,
        "min": 0,
        "var": 0.00256476225331
    },
    "silence_rate_60dB": {
        "dmean": 0.023334864527,
        "dmean2": 0.0466740168631,
        "dvar": 0.0227937288582,
        "dvar2": 0.051843393594,
        "max": 1,
        "mean": 0.0912180766463,
        "median": 0,
        "min": 0,
        "var": 0.0828981027007
    },
    "spectral_centroid": {
        "dmean": 248.177398682,
        "dmean2": 378.96887207,
        "dvar": 117471.875,
        "dvar2": 233573.96875,
        "max": 11249.2509766,
        "mean": 1105.88366699,
        "median": 1042.68444824,
        "min": 111.460998535,
        "var": 542619
    },
    "spectral_complexity": {
        "dmean": 3.70950841904,
        "dmean2": 5.59095907211,
        "dvar": 23.6489105225,
        "dvar2": 50.431968689,
        "max": 60,
        "mean": 17.5233325958,
        "median": 17,
        "min": 0,
        "var": 154.444854736
    },
    "spectral_decrease": {
        "dmean": 3.275040239e-09,
        "dmean2": 5.37566302583e-09,
        "dvar": 3.19797057625e-17,
        "dvar2": 8.39444657013e-17,
        "max": -1.48586924611e-29,
        "mean": -7.46013739672e-09,
        "median": -6.41391117995e-09,
        "min": -4.66797942522e-08,
        "var": 3.7663554919e-17
    },
    "spectral_energy": {
        "dmean": 0.0127738509327,
        "dmean2": 0.0209167189896,
        "dvar": 0.000473050633445,
        "dvar2": 0.00124044762924,
        "max": 0.178079977632,
        "mean": 0.0297881383449,
        "median": 0.0259682387114,
        "min": 1.05037332887e-20,
        "var": 0.000572056276724
    },
    "spectral_energyband_high": {
        "dmean": 0.000404109043302,
        "dmean2": 0.000639730424155,
        "dvar": 1.27063401578e-06,
        "dvar2": 2.613869583e-06,
        "max": 0.0286727584898,
        "mean": 0.000625426531769,
        "median": 0.000110620429041,
        "min": 7.57767799918e-21,
        "var": 2.75541469819e-06
    },
    "spectral_energyband_low": {
        "dmean": 0.0074684182182,
        "dmean2": 0.0129003608599,
        "dvar": 0.000336472323397,
        "dvar2": 0.000916837831028,
        "max": 0.170811161399,
        "mean": 0.0116349235177,
        "median": 0.00743703730404,
        "min": 4.22206371301e-23,
        "var": 0.000294616766041
    },
    "spectral_energyband_middle_high": {
        "dmean": 0.00144184019882,
        "dmean2": 0.00218341243453,
        "dvar": 5.43444275536e-06,
        "dvar2": 1.20928343676e-05,
        "max": 0.0437241792679,
        "mean": 0.00416818261147,
        "median": 0.0031809178181,
        "min": 1.62819032912e-21,
        "var": 1.96195833269e-05
    },
    "spectral_energyband_middle_low": {
        "dmean": 0.00685321073979,
        "dmean2": 0.0110245821998,
        "dvar": 0.000154149602167,
        "dvar2": 0.00039310977445,
        "max": 0.144450008869,
        "mean": 0.0153174810112,
        "median": 0.0123990140855,
        "min": 3.28638822026e-22,
        "var": 0.00020139166736
    },
    "spectral_entropy": {
        "dmean": 0.289845556021,
        "dmean2": 0.414881289005,
        "dvar": 0.138134837151,
        "dvar2": 0.279075831175,
        "max": 9.7911863327,
        "mean": 6.98897457123,
        "median": 7.28030776978,
        "min": 3.22677302361,
        "var": 0.872962117195
    },
    "spectral_flux": {
        "dmean": 0.0338508039713,
        "dmean2": 0.0524116456509,
        "dvar": 0.00211739051156,
        "dvar2": 0.00419830856845,
        "max": 0.385533720255,
        "mean": 0.0810848101974,
        "median": 0.0672886520624,
        "min": 1.024877197e-10,
        "var": 0.0038874943275
    },
    "spectral_kurtosis": {
        "dmean": 7.90678691864,
        "dmean2": 13.0470285416,
        "dvar": 647.120300293,
        "dvar2": 1857.06103516,
        "max": 765.277282715,
        "mean": 14.1892881393,
        "median": 5.84107875824,
        "min": -1.35278069973,
        "var": 1484.42675781
    },
    "spectral_rms": {
        "dmean": 0.00102222431451,
        "dmean2": 0.00159065867774,
        "dvar": 2.13087537304e-06,
        "dvar2": 5.19117475051e-06,
        "max": 0.0131809171289,
        "mean": 0.00491062598303,
        "median": 0.00503337522969,
        "min": 3.20117868845e-12,
        "var": 4.94736877954e-06
    },
    "spectral_rolloff": {
        "dmean": 444.671875,
        "dmean2": 746.74420166,
        "dvar": 928415.3125,
        "dvar2": 1886836.5,
        "max": 18927.6855469,
        "mean": 1331.71435547,
        "median": 732.12890625,
        "min": 64.599609375,
        "var": 3143184.25
    },
    "spectral_skewness": {
        "dmean": 0.631511449814,
        "dmean2": 0.995702445507,
        "dvar": 0.968524873257,
        "dvar2": 2.29291725159,
        "max": 22.2173366547,
        "mean": 2.14535593987,
        "median": 1.61719822884,
        "min": -0.516307830811,
        "var": 3.74819040298
    },
    "spectral_spread": {
        "dmean": 639425.375,
        "dmean2": 954228.5625,
        "dvar": 837038243840,
        "dvar2": 1.52515117056e+12,
        "max": 40187880,
        "mean": 3637139.75,
        "median": 3351506,
        "min": 133827.421875,
        "var": 3.86521576243e+12
    },
    "spectral_strongpeak": {
        "dmean": 0.386006712914,
        "dmean2": 0.652442574501,
        "dvar": 0.553339540958,
        "dvar2": 1.36047697067,
        "max": 14.5098896027,
        "mean": 0.728766918182,
        "median": 0.481946736574,
        "min": 1.8259838086e-09,
        "var": 0.76479279995
    },
    "zerocrossingrate": {
        "dmean": 0.00890802592039,
        "dmean2": 0.0101731540635,
        "dvar": 0.000229064331506,
        "dvar2": 0.000223081369768,
        "max": 0.4921875,
        "mean": 0.0471378453076,
        "median": 0.04052734375,
        "min": 0.001953125,
        "var": 0.00220123212785
    },
    "barkbands": {
        "dmean": [8.79281797097e-05, 0.00458017969504, 0.00266402610578, 0.00291504990309, 0.00318746082485, 0.000904445594642, 0.000830928969663, 0.000717411225196, 0.00050490925787, 0.000234980951063, 0.000162719297805, 0.000128928702907, 0.000148322622408, 0.000239187109401, 0.00039199431194, 0.000367869070033, 0.000341837934684, 0.000197647648747, 0.000155485307914, 0.000149476385559, 0.000102424259239, 8.42027948238e-05, 5.663104821e-05, 5.92668220634e-05, 5.6201370171e-05, 1.49899715325e-05, 3.09809752252e-06],
        "dmean2": [0.00014267671213, 0.00804879143834, 0.00461070053279, 0.00499575398862, 0.00513465888798, 0.00144290085882, 0.00132991769351, 0.00111130939331, 0.000761705916375, 0.000359747122275, 0.000252006284427, 0.000203919727937, 0.000243770948146, 0.000392263318645, 0.000636815384496, 0.000585046131164, 0.000529127020855, 0.000317089899909, 0.000253646896454, 0.000244144088356, 0.000175365697942, 0.00014672895486, 8.90807714313e-05, 8.68286660989e-05, 8.19160559331e-05, 2.12766244658e-05, 4.46605599791e-06],
        "dvar": [8.71548735404e-08, 0.000174518747372, 4.29187093687e-05, 4.23207275162e-05, 3.81490935979e-05, 5.68888981434e-06, 6.51175423627e-06, 4.74186617794e-06, 2.4376086003e-06, 4.64840155701e-07, 2.26126701364e-07, 9.3086043762e-08, 1.42336602948e-07, 2.42207278234e-07, 4.9690203241e-07, 6.93370111549e-07, 4.3440431341e-07, 1.26797132793e-07, 1.47880513168e-07, 1.44802612567e-07, 5.96527485186e-08, 5.4464937449e-08, 4.37315286206e-08, 1.31244249246e-07, 1.65387746165e-07, 1.22006635905e-08, 1.59201568595e-10],
        "dvar2": [2.1768107672e-07, 0.000485317170387, 0.000118682255561, 0.000116145085485, 9.60045144893e-05, 1.40446809382e-05, 1.53121218318e-05, 1.16316623462e-05, 5.52258870812e-06, 1.05494859781e-06, 4.79268976505e-07, 2.1018638563e-07, 3.70183869336e-07, 6.19956551873e-07, 1.24561483972e-06, 1.56821943165e-06, 9.79947685664e-07, 3.07211024619e-07, 3.91242508613e-07, 3.6626892097e-07, 1.56796801321e-07, 1.44154839177e-07, 8.72808882946e-08, 2.64923016857e-07, 3.24543947272e-07, 2.56850185565e-08, 3.40131978138e-10],
        "max": [0.00698819058016, 0.123960092664, 0.0886127054691, 0.0852323696017, 0.0711034610868, 0.0762242898345, 0.0531553253531, 0.0521628186107, 0.040620341897, 0.0172867011279, 0.0171201210469, 0.0104591557756, 0.0101910810918, 0.0123612070456, 0.0179653689265, 0.030813684687, 0.0251741651446, 0.00699818413705, 0.0160879846662, 0.0103197516873, 0.00412919092923, 0.00446770712733, 0.00954808108509, 0.012855488807, 0.0148048233241, 0.00544104492292, 0.0002985438623],
        "mean": [9.07964495127e-05, 0.00537037011236, 0.0042771869339, 0.00445756409317, 0.00569710927084, 0.00175532582216, 0.0012401654385, 0.00121849344578, 0.000828107644338, 0.000426634040195, 0.00023811084975, 0.000216901942622, 0.000211602600757, 0.000388668151572, 0.000721423246432, 0.000649862515274, 0.000629878777545, 0.00037254561903, 0.000272349192528, 0.000214483821765, 0.000131151580717, 9.81113989837e-05, 8.27474723337e-05, 9.05717824935e-05, 8.07435280876e-05, 2.28066710406e-05, 4.5277688514e-06],
        "median": [2.49594882007e-06, 0.00225103879347, 0.001557698939, 0.00260599004105, 0.00358059140854, 0.000820502697024, 0.000375537376385, 0.000338924059179, 0.000266113725957, 0.000142948789289, 7.36429719836e-05, 9.42606566241e-05, 9.28691006266e-05, 0.000151184736751, 0.000340958882589, 0.000172878237208, 0.000242506604991, 0.000158630689839, 0.000127101739054, 5.9745128965e-05, 2.63335223281e-05, 9.78956450126e-06, 8.41721339384e-06, 8.94956610864e-06, 3.53707991962e-06, 6.38257461105e-07, 5.80549013307e-08],
        "min": [5.81119868414e-24, 1.07110760627e-23, 2.58542582586e-23, 5.11505299554e-24, 8.70449506987e-23, 7.07788155379e-23, 2.49860505681e-23, 3.88405953432e-23, 9.34202847209e-23, 3.47905582122e-23, 7.51243725857e-23, 8.93254213579e-23, 7.48096738825e-23, 1.04676553599e-22, 8.13908122486e-23, 2.94266650395e-22, 1.95554680411e-22, 2.9320977873e-22, 2.94396755646e-22, 2.99016022184e-22, 4.33669328048e-22, 4.577343062e-22, 7.19944047544e-22, 7.42557420657e-22, 1.16857961944e-21, 1.68619647055e-21, 2.30127765449e-21],
        "var": [9.9976730894e-08, 0.000128925486933, 4.79080736113e-05, 4.22805060225e-05, 5.33481288585e-05, 1.09199199869e-05, 8.7432890723e-06, 6.89571970725e-06, 3.65951996173e-06, 9.44451926443e-07, 3.78848568516e-07, 2.02943823524e-07, 1.62835405604e-07, 4.51141090707e-07, 1.20725178476e-06, 1.7229091327e-06, 9.71913436842e-07, 3.22449324131e-07, 1.95001902625e-07, 1.99773168674e-07, 7.21059905118e-08, 5.93234652513e-08, 8.9267935266e-08, 2.41010866375e-07, 3.27111649767e-07, 2.29867485046e-08, 2.88252421932e-10]
    },
    "erbbands": {
        "dmean": [0.0981451719999, 1.15807294846, 3.0186548233, 5.95545816422, 12.6001796722, 9.90067577362, 8.96447753906, 6.99695444107, 9.98538017273, 13.8584880829, 15.5458574295, 11.270242691, 9.00809383392, 6.75504732132, 5.53499603271, 5.18760633469, 6.53181934357, 9.59627151489, 19.2182426453, 20.6648654938, 18.1813163757, 15.8865880966, 10.760933876, 8.37600803375, 7.61041307449, 6.94967842102, 5.42293787003, 3.39263439178, 3.09706330299, 2.05250573158, 1.62803280354, 1.2608525753, 1.05570495129, 0.696224868298, 0.3720228374, 0.104203425348, 0.0194996334612, 0.00385587010533, 0.000544070964679, 4.20429532824e-05],
        "dmean2": [0.163982957602, 2.07535076141, 5.3067688942, 10.2352151871, 21.20353508, 15.6559095383, 14.1426677704, 11.110877037, 16.1575145721, 21.7430877686, 23.5155525208, 16.8228054047, 13.6982841492, 10.140083313, 8.57472515106, 8.10344696045, 10.5912466049, 15.5485515594, 31.5076942444, 32.6997833252, 28.3644104004, 24.6275615692, 17.0382347107, 13.6214380264, 12.5409183502, 11.3073301315, 9.12438583374, 5.86415910721, 5.42870426178, 3.44226002693, 2.53779840469, 1.8644541502, 1.59916090965, 1.04566204548, 0.536401093006, 0.147753030062, 0.0283722970635, 0.00552937667817, 0.000783247698564, 6.30936119705e-05],
        "dvar": [0.0809347555041, 11.2601451874, 61.4484138489, 128.848526001, 1034.23815918, 388.879699707, 680.59979248, 331.437591553, 1051.36767578, 2021.47839355, 2066.4453125, 1338.05627441, 964.81072998, 413.342803955, 211.14276123, 136.169952393, 250.252853394, 402.720123291, 1440.16967773, 1597.27514648, 1399.38537598, 919.134399414, 357.02444458, 288.823577881, 392.14163208, 333.967437744, 148.331848145, 91.4637374878, 74.2172317505, 35.9226417542, 40.6743049622, 54.0362586975, 52.6094093323, 22.7855987549, 8.91709804535, 0.723557770252, 0.0118197156116, 0.000250873359619, 4.83159146825e-06, 1.63062789937e-08],
        "dvar2": [0.211197495461, 31.8310947418, 172.063354492, 357.063476562, 2751.74316406, 918.82635498, 1651.52905273, 786.31237793, 2481.18774414, 4781.05859375, 4992.32958984, 3049.51513672, 2241.05541992, 866.768920898, 478.87890625, 309.574005127, 643.554260254, 989.327148438, 3710.86523438, 3635.93041992, 3013.50708008, 2072.0637207, 838.386962891, 744.306945801, 1060.37512207, 837.024230957, 377.446807861, 248.788803101, 199.28503418, 83.4853591919, 80.9690628052, 111.96509552, 113.165802002, 48.6734428406, 16.3109970093, 1.41961228848, 0.0236362311989, 0.00049533881247, 1.02412323031e-05, 3.65598751273e-08],
        "max": [3.36428451538, 31.1869125366, 96.002166748, 133.572616577, 398.904144287, 362.537322998, 671.623596191, 755.719970703, 875.458984375, 938.012329102, 1109.07849121, 1284.60107422, 1040.92297363, 660.342468262, 513.214599609, 323.693725586, 308.021362305, 434.141693115, 1044.51281738, 937.053955078, 1685.85339355, 1217.6796875, 343.752044678, 526.868408203, 873.256652832, 453.120025635, 202.923156738, 261.528869629, 199.425445557, 195.359359741, 268.241394043, 280.211639404, 363.157196045, 163.53263855, 125.147697449, 38.3717460632, 4.35731697083, 0.421701550484, 0.054808139801, 0.00276228925213],
        "mean": [0.112227737904, 1.37333858013, 4.79592704773, 9.96611976624, 18.5365104675, 19.0223846436, 15.953830719, 13.581111908, 15.7324399948, 20.5130805969, 28.761838913, 19.5058860779, 16.4871425629, 12.426990509, 9.09985542297, 9.42348575592, 10.1311588287, 17.0362167358, 35.2571640015, 38.1528053284, 35.5900192261, 31.6464176178, 22.1907863617, 15.7021436691, 12.6619052887, 10.0281152725, 7.33006858826, 4.13771867752, 3.50995469093, 2.74078941345, 2.38843750954, 1.8362839222, 1.58644115925, 0.961882054806, 0.540371179581, 0.155276909471, 0.0306066591293, 0.00613038660958, 0.000804122479167, 7.6513075328e-05],
        "median": [0.032158639282, 0.601929068565, 2.10243630409, 6.50129032135, 12.055765152, 10.3894386292, 7.26541566849, 5.72090816498, 5.53338670731, 7.12198877335, 8.94819641113, 7.52455806732, 5.57112360001, 5.81116008759, 4.25163078308, 4.56070804596, 4.9266576767, 8.03903579712, 15.8988399506, 16.0112991333, 12.8372793198, 13.4784908295, 9.74520683289, 7.61762714386, 6.30559062958, 2.76266241074, 1.36428785324, 0.781544804573, 0.364088237286, 0.282712131739, 0.243946641684, 0.198559597135, 0.129039496183, 0.0548787117004, 0.0160525478423, 0.00419325008988, 0.000918765377719, 0.000153178116307, 3.29035574396e-05, 3.74862793251e-05],
        "min": [2.80171006061e-22, 3.22805396318e-21, 2.71808996657e-20, 2.01524930193e-20, 1.54970103488e-19, 3.44811530812e-19, 1.56404253724e-19, 7.18501901363e-19, 5.29953008369e-19, 4.55797920815e-19, 1.02164818962e-18, 2.03128178765e-18, 1.59152052077e-18, 1.3096733061e-18, 3.78464619232e-18, 4.15483970853e-18, 4.20554339854e-18, 4.47362229531e-18, 5.00125723341e-18, 5.81081683096e-18, 1.90595863089e-17, 9.44577807399e-18, 1.41273895577e-17, 1.40720644096e-17, 1.62316923682e-17, 1.58645416359e-17, 1.32184636482e-17, 2.19855888333e-17, 1.58974716961e-17, 1.8421396614e-17, 2.09092945075e-17, 1.43527466437e-17, 1.47203639059e-17, 1.12913437521e-17, 8.81383690142e-18, 6.84081303073e-18, 3.00069776089e-18, 1.27781651276e-18, 2.8720770693e-19, 3.57327161221e-20],
        "var": [0.074275828898, 7.82822990417, 56.8525161743, 141.953765869, 903.567810059, 771.325439453, 1059.3737793, 689.194580078, 1396.88623047, 2639.1652832, 3618.53125, 1966.97155762, 1502.08666992, 746.901367188, 350.250244141, 362.234039307, 308.3487854, 820.527648926, 3414.31201172, 3782.79003906, 3758.2175293, 2213.15478516, 1068.20654297, 522.298156738, 449.938873291, 460.621887207, 220.82989502, 88.5838928223, 75.9561080933, 55.8612327576, 82.4331054688, 92.5785675049, 88.3316955566, 38.6905403137, 18.9545898438, 1.45597028732, 0.025372069329, 0.00057126005413, 8.80750303622e-06, 2.63490562702e-08]
    },
    "gfcc": {
        "mean": [-69.103187561, 125.424453735, -109.986877441, 37.2892837524, -42.4413566589, -5.76373243332, -39.9238815308, -0.381496429443, -18.7236614227, -10.0889425278, -15.8833913803, -14.7477283478, -9.08888530731],
        "cov": [[26565.6660156, -2336.11547852, -3361.625, 741.550231934, -877.65234375, 1006.4979248, -688.406616211, 481.670593262, -47.7429046631, 293.206420898, -194.90435791, 279.950653076, 18.7350559235], [-2336.11547852, 3229.68994141, 124.185966492, -187.520797729, 713.355041504, -513.499267578, 438.372711182, -254.317962646, 264.706390381, -283.236450195, 228.042510986, -294.356445312, 135.511413574], [-3361.625, 124.185966492, 2050.45263672, 197.607666016, 52.703502655, 60.9785041809, 153.452636719, -61.358669281, -85.6054916382, -3.4723637104, 4.19512033463, 0.421510487795, -21.1768074036], [741.550231934, -187.520797729, 197.607666016, 929.584289551, 121.074607849, 169.719314575, 129.533493042, -28.5106220245, 100.528770447, 1.8210401535, 25.2327747345, 79.1249237061, 43.9390830994], [-877.65234375, 713.355041504, 52.703502655, 121.074607849, 691.650085449, -79.7177047729, 135.218688965, 11.4100341797, 160.182617188, -76.4607543945, 27.1215209961, 14.5817470551, 30.8829174042], [1006.4979248, -513.499267578, 60.9785041809, 169.719314575, -79.7177047729, 420.110839844, 31.7940196991, 65.1644897461, 38.4587669373, 70.7901382446, -25.960067749, 69.9796981812, -3.13915801048], [-688.406616211, 438.372711182, 153.452636719, 129.533493042, 135.218688965, 31.7940196991, 358.913696289, -26.6003665924, 63.3575553894, -9.42638301849, 78.2752914429, -16.6224880219, 20.0530223846], [481.670593262, -254.317962646, -61.358669281, -28.5106220245, 11.4100341797, 65.1644897461, -26.6003665924, 239.308914185, 14.0031118393, 40.9998207092, 0.477243483067, 34.2114868164, 18.509016037], [-47.7429046631, 264.706390381, -85.6054916382, 100.528770447, 160.182617188, 38.4587669373, 63.3575553894, 14.0031118393, 258.665649414, 9.50117015839, -4.9600892067, 30.3515453339, 14.6081418991], [293.206420898, -283.236450195, -3.4723637104, 1.8210401535, -76.4607543945, 70.7901382446, -9.42638301849, 40.9998207092, 9.50117015839, 128.02281189, 14.5611362457, 25.9129085541, -10.4562940598], [-194.90435791, 228.042510986, 4.19512033463, 25.2327747345, 27.1215209961, -25.960067749, 78.2752914429, 0.477243483067, -4.9600892067, 14.5611362457, 128.193328857, -10.6033296585, 26.0907764435], [279.950653076, -294.356445312, 0.421510487795, 79.1249237061, 14.5817470551, 69.9796981812, -16.6224880219, 34.2114868164, 30.3515453339, 25.9129085541, -10.6033296585, 142.715484619, 11.4638032913], [18.7350559235, 135.511413574, -21.1768074036, 43.9390830994, 30.8829174042, -3.13915801048, 20.0530223846, 18.509016037, 14.6081418991, -10.4562940598, 26.0907764435, 11.4638032913, 98.8694763184]],
        "icov": [[6.7832734203e-05, -8.37207553559e-05, 0.00012359188986, -0.0001104516341, 8.44213427627e-05, -0.000172866071807, 0.000123549529235, -0.000124578349642, 0.000149645682541, -0.000133841313072, 0.000134521644213, -0.000128995627165, 8.70503281476e-05], [-8.37207553559e-05, 0.0015385405859, -0.000278325431282, 0.000638054858427, -0.000820291053969, 0.000943848281167, -0.000906989153009, 0.00105655845255, -0.00168265111279, 0.00192572560627, -0.00186413456686, 0.00223515555263, -0.00147864955943], [0.00012359188986, -0.000278325431282, 0.000773878535256, -0.000344996922649, 0.000138180912472, -0.000430448155385, 3.58855832019e-05, -0.000202286726562, 0.000735741399694, -0.000481771799969, 0.000554526108317, -0.000437460868852, 0.0003956258588], [-0.0001104516341, 0.000638054858427, -0.000344996922649, 0.00171036936808, -0.000513542443514, 1.39309859151e-05, -0.000694521993864, 0.000876381411217, -0.00105567043647, 0.00101026450284, -0.00100175116677, 0.000392548303353, -0.0010682902066], [8.44213427627e-05, -0.000820291053969, 0.000138180912472, -0.000513542443514, 0.00252700969577, -7.97936809249e-05, 3.12671327265e-05, -0.001023660996, -0.000261749722995, 0.000187369936612, 0.000801050337031, -0.00152497878298, 0.000783466501161], [-0.000172866071807, 0.000943848281167, -0.000430448155385, 1.39309859151e-05, -7.97936809249e-05, 0.00411594379693, -0.00128936546389, 5.76637830818e-05, -0.00140920351259, 4.19417119701e-06, -0.000156770940521, 0.000453265296528, -0.000755482178647], [0.000123549529235, -0.000906989153009, 3.58855832019e-05, -0.000694521993864, 3.12671327265e-05, -0.00128936546389, 0.00456152576953, -0.000291363248834, 0.000328702997649, -0.000812460493762, -0.0012361445697, -0.000582355773076, 0.000873955490533], [-0.000124578349642, 0.00105655845255, -0.000202286726562, 0.000876381411217, -0.001023660996, 5.76637830818e-05, -0.000291363248834, 0.00570782832801, -0.00113906327169, -5.47938361706e-06, -0.00138577574398, 0.000922864477616, -0.00211878446862], [0.000149645682541, -0.00168265111279, 0.000735741399694, -0.00105567043647, -0.000261749722995, -0.00140920351259, 0.000328702997649, -0.00113906327169, 0.00707585318014, -0.00320407818072, 0.00312410620973, -0.00294087897055, 0.001220472157], [-0.000133841313072, 0.00192572560627, -0.000481771799969, 0.00101026450284, 0.000187369936612, 4.19417119701e-06, -0.000812460493762, -5.47938361706e-06, -0.00320407818072, 0.0128548983485, -0.00477987667546, 0.00156516477, -0.000145992773469], [0.000134521644213, -0.00186413456686, 0.000554526108317, -0.00100175116677, 0.000801050337031, -0.000156770940521, -0.0012361445697, -0.00138577574398, 0.00312410620973, -0.00477987667546, 0.0126893017441, -0.00216797180474, -0.000715898058843], [-0.000128995627165, 0.00223515555263, -0.000437460868852, 0.000392548303353, -0.00152497878298, 0.000453265296528, -0.000582355773076, 0.000922864477616, -0.00294087897055, 0.00156516477, -0.00216797180474, 0.011724088341, -0.00305838813074], [8.70503281476e-05, -0.00147864955943, 0.0003956258588, -0.0010682902066, 0.000783466501161, -0.000755482178647, 0.000873955490533, -0.00211878446862, 0.001220472157, -0.000145992773469, -0.000715898058843, -0.00305838813074, 0.0129824532196]]
    },
    "melbands": {
        "dmean": [0.00109032471664, 0.00156777258962, 0.00128536776174, 0.000786763150245, 0.000331969349645, 0.000159855786478, 0.00015643662482, 0.000150296094944, 0.000120369521028, 7.06186983734e-05, 4.54189175798e-05, 2.84047982859e-05, 2.19197936531e-05, 1.46827142089e-05, 1.39388366733e-05, 1.49152392623e-05, 1.94807307707e-05, 3.17791855196e-05, 2.47156167461e-05, 3.11220028379e-05, 2.33612154261e-05, 1.9620763851e-05, 1.33162075144e-05, 9.52571735979e-06, 7.07224762664e-06, 6.22553352514e-06, 5.15956662639e-06, 4.80805329062e-06, 3.96619452658e-06, 2.35389006775e-06, 1.94504400497e-06, 1.90135938283e-06, 1.48291519508e-06, 1.05845856524e-06, 9.34109777972e-07, 9.7762540463e-07, 7.14244265509e-07, 7.09083451511e-07, 8.08367531135e-07, 5.31607042831e-07],
        "dmean2": [0.00188750249799, 0.00276995031163, 0.00219125300646, 0.00128053920344, 0.000519486377016, 0.000254069338553, 0.000251661316724, 0.000236297302763, 0.000181007548235, 0.000106396852061, 6.91418390488e-05, 4.28132916568e-05, 3.35357435688e-05, 2.33598366322e-05, 2.23243969231e-05, 2.45564642682e-05, 3.16922123602e-05, 5.23966409673e-05, 3.97915864596e-05, 4.97523324157e-05, 3.67303910025e-05, 3.06948204525e-05, 2.10298621823e-05, 1.55957441166e-05, 1.15486118375e-05, 1.02892890936e-05, 8.56186670717e-06, 7.8446819316e-06, 6.65981951897e-06, 4.06639401263e-06, 3.39950543093e-06, 3.36775610776e-06, 2.55035251939e-06, 1.76149922027e-06, 1.48467950112e-06, 1.49567972585e-06, 1.06994866655e-06, 1.07408106942e-06, 1.24508414956e-06, 8.1175375044e-07],
        "dvar": [9.92997138383e-06, 1.75033110281e-05, 7.54412849346e-06, 2.50587163464e-06, 7.17264242667e-07, 1.62352336019e-07, 2.42012760054e-07, 2.25993318281e-07, 1.21158961974e-07, 5.44601022057e-08, 2.41300437409e-08, 7.29158511348e-09, 3.64756691518e-09, 1.38429101515e-09, 1.04387498645e-09, 1.44912160049e-09, 1.67151470443e-09, 3.88697385389e-09, 1.83704140788e-09, 4.93429297421e-09, 2.51636644855e-09, 1.61846658298e-09, 5.02471397823e-10, 3.4496241974e-10, 2.08330075413e-10, 2.72789402178e-10, 1.75477896103e-10, 1.67893143832e-10, 8.27255347557e-11, 3.37863556577e-11, 3.52004814186e-11, 2.90828350985e-11, 1.9575070731e-11, 1.03961041165e-11, 1.15583142016e-11, 2.90763021299e-11, 1.92633912294e-11, 2.28840453531e-11, 3.11127616726e-11, 1.49270266286e-11],
        "dvar2": [2.71150038316e-05, 4.91355895065e-05, 2.03957515623e-05, 6.43502698949e-06, 1.70052385329e-06, 3.88421483422e-07, 5.71260784454e-07, 5.42141947335e-07, 2.92984879025e-07, 1.23015169606e-07, 5.57795978295e-08, 1.51473855681e-08, 7.97517696327e-09, 3.085412148e-09, 2.60963184395e-09, 3.75054876045e-09, 4.15407219734e-09, 1.00966817129e-08, 4.44805259292e-09, 1.1791875032e-08, 5.24331733587e-09, 3.71829855794e-09, 1.11528908331e-09, 8.8826423994e-10, 5.3747145623e-10, 7.34291627502e-10, 4.65598531951e-10, 4.18662743362e-10, 2.10365252995e-10, 8.98952023931e-11, 9.66584451367e-11, 7.91392298916e-11, 4.98520114078e-11, 2.33334237348e-11, 2.35785679176e-11, 6.13647327397e-11, 4.13979441005e-11, 4.97713432968e-11, 6.67882416039e-11, 3.37570353615e-11],
        "max": [0.029744617641, 0.0435496307909, 0.0324021689594, 0.0181532800198, 0.0207020528615, 0.0151470964774, 0.0122277699411, 0.00945669133216, 0.0097377486527, 0.00747887557372, 0.00509287090972, 0.00255575077608, 0.00239633815363, 0.00142908026464, 0.000701902958099, 0.00110476149712, 0.00103376631159, 0.00153862196021, 0.000849013216794, 0.00169623969123, 0.002591436496, 0.00178955227602, 0.000404087390052, 0.000523713824805, 0.000402825971832, 0.000728874816559, 0.000485370779643, 0.000271319353487, 0.000175261418917, 9.21287501114e-05, 0.000206973054446, 0.000128793210024, 0.00011742485367, 0.000129187494167, 0.000149523766595, 0.000209608188015, 0.000173700056621, 0.000265039125225, 0.00017975155788, 0.000160309980856],
        "mean": [0.0012593944557, 0.0023149184417, 0.00206690863706, 0.00139230571222, 0.000610024726484, 0.00031083021895, 0.000245225382969, 0.000225366908126, 0.000221812617383, 0.000116989693197, 8.1318859884e-05, 5.13841259817e-05, 3.37421734002e-05, 2.45431783696e-05, 2.24666127906e-05, 2.15402469621e-05, 3.26217450493e-05, 5.52490964765e-05, 4.56348752778e-05, 5.34139144293e-05, 4.09395688621e-05, 3.53787108907e-05, 2.46544495894e-05, 1.71171068359e-05, 1.2115093341e-05, 9.89354066405e-06, 7.65490131016e-06, 6.49450748824e-06, 5.26549365532e-06, 2.87947796096e-06, 2.21693312596e-06, 2.03875674742e-06, 1.77369850007e-06, 1.39679286804e-06, 1.33493563226e-06, 1.36939866024e-06, 9.98435098154e-07, 1.04770981579e-06, 1.14119211503e-06, 6.93167862664e-07],
        "median": [0.000495702668559, 0.00121276814025, 0.00134976254776, 0.000896936748177, 0.000313642434776, 0.000134967325721, 8.62552842591e-05, 8.44618480187e-05, 6.90087181283e-05, 3.92202782677e-05, 2.46122199314e-05, 2.23327169806e-05, 1.22640212794e-05, 1.09117991087e-05, 1.04894215838e-05, 1.02593912743e-05, 1.32780642161e-05, 2.25444473472e-05, 2.27343825827e-05, 1.63873137353e-05, 1.31345077534e-05, 1.30314365379e-05, 1.01219811768e-05, 7.17711145626e-06, 5.43933856534e-06, 4.57360874861e-06, 3.42351358995e-06, 1.20773029266e-06, 8.63945558649e-07, 5.53223742372e-07, 3.34764308718e-07, 1.9082193603e-07, 1.71928036252e-07, 1.43801599961e-07, 1.32934474095e-07, 1.29990922915e-07, 1.07369231728e-07, 9.06333212924e-08, 6.8095850736e-08, 3.67454617844e-08],
        "min": [3.44943590861e-24, 1.0492385676e-23, 6.1933004241e-24, 2.04979621319e-23, 7.37898124161e-24, 1.56036576612e-23, 8.5419278767e-24, 5.39182602743e-24, 8.23293894873e-24, 1.42184415775e-23, 7.93780636256e-24, 4.87322216302e-24, 1.03286386625e-23, 1.17346885627e-23, 8.86324354517e-24, 9.19743263475e-24, 8.53044285078e-24, 8.12129856456e-24, 6.7697905073e-24, 1.22315675922e-23, 2.50207730697e-23, 9.92068318962e-24, 9.19752256489e-24, 1.56532927894e-23, 1.07814124788e-23, 1.01207572478e-23, 1.00712459709e-23, 1.17838779844e-23, 7.88989410662e-24, 6.93114806116e-24, 1.62246284554e-23, 9.02600527144e-24, 8.30701850976e-24, 1.11172534431e-23, 1.3116181223e-23, 8.73228237971e-24, 8.59368661841e-24, 1.05051494454e-23, 8.7936746908e-24, 9.80759761228e-24],
        "var": [7.82002643973e-06, 1.41668815559e-05, 7.37251912142e-06, 3.23710060002e-06, 1.18076013678e-06, 3.42751889093e-07, 3.24752704728e-07, 2.80793784668e-07, 2.14142673371e-07, 8.0142939396e-08, 3.86267124952e-08, 1.36700046838e-08, 6.33422425622e-09, 2.82019785303e-09, 1.61167845736e-09, 1.69602065725e-09, 3.45644823874e-09, 8.73760885867e-09, 4.26008206489e-09, 1.10209601445e-08, 6.11095751779e-09, 3.24988880251e-09, 1.43964473676e-09, 7.54033613326e-10, 3.44297645949e-10, 3.04385100458e-10, 2.04795555514e-10, 2.32798433308e-10, 1.27168844899e-10, 3.73994099578e-11, 3.13143955211e-11, 2.75503595631e-11, 2.40361897053e-11, 1.63444049961e-11, 2.30586973127e-11, 4.97472549266e-11, 2.9942721913e-11, 3.69078829998e-11, 5.39624872564e-11, 2.19923766698e-11]
    },
    "mfcc": {
        "mean": [-702.235534668, 143.103286743, 0.182802796364, 36.2345542908, 15.499917984, -1.69545102119, -5.3177728653, -2.09342336655, -3.00937080383, 3.70518517494, -5.94341516495, -6.67901086807, -7.30471134186],
        "cov": [[18071.90625, -1076.01062012, -2507.36987305, -5.44715976715, 0.499991744757, 23.444524765, -391.363494873, 316.763214111, 245.815002441, 198.774276733, -120.072601318, 205.858520508, 97.3973464966], [-1076.01062012, 2571.04516602, -71.9170761108, 146.232086182, 165.234725952, -98.3897018433, 126.063926697, -7.4744143486, 8.59141635895, 79.9085922241, 56.9942131042, -60.8627815247, -12.1285352707], [-2507.36987305, -71.9170761108, 1630.9095459, 255.144348145, -5.97345256805, 231.416168213, 185.820022583, 0.0405206829309, -21.5618877411, -5.54059123993, 30.6614971161, -7.87705039978, -31.2455043793], [-5.44715976715, 146.232086182, 255.144348145, 717.494506836, 194.188583374, 204.516998291, 78.8236236572, 140.734970093, 57.8668746948, 7.88083028793, 36.3020629883, 39.3614807129, 74.585723877], [0.499991744757, 165.234725952, -5.97345256805, 194.188583374, 438.495178223, 83.4419555664, -20.9510498047, 120.128959656, 99.2637710571, 25.2625007629, 17.0343170166, 18.0592498779, 43.2004089355], [23.444524765, -98.3897018433, 231.416168213, 204.516998291, 83.4419555664, 427.389099121, 29.3696136475, 132.787246704, 83.2251586914, 13.3376712799, 73.4895706177, 26.044303894, 48.7527198792], [-391.363494873, 126.063926697, 185.820022583, 78.8236236572, -20.9510498047, 29.3696136475, 288.592407227, 40.3706703186, -4.99104547501, 46.1549682617, 20.2614822388, 7.04888534546, 9.46493625641], [316.763214111, -7.4744143486, 0.0405206829309, 140.734970093, 120.128959656, 132.787246704, 40.3706703186, 232.511489868, 106.829040527, 25.4334087372, 49.5466690063, 36.4718475342, 59.1580619812], [245.815002441, 8.59141635895, -21.5618877411, 57.8668746948, 99.2637710571, 83.2251586914, -4.99104547501, 106.829040527, 173.654403687, 54.5677146912, 32.2364616394, 37.3164749146, 31.7456111908], [198.774276733, 79.9085922241, -5.54059123993, 7.88083028793, 25.2625007629, 13.3376712799, 46.1549682617, 25.4334087372, 54.5677146912, 124.281051636, 47.0765342712, 26.6134281158, 22.0636672974], [-120.072601318, 56.9942131042, 30.6614971161, 36.3020629883, 17.0343170166, 73.4895706177, 20.2614822388, 49.5466690063, 32.2364616394, 47.0765342712, 119.781089783, 37.9567909241, 26.9607887268], [205.858520508, -60.8627815247, -7.87705039978, 39.3614807129, 18.0592498779, 26.044303894, 7.04888534546, 36.4718475342, 37.3164749146, 26.6134281158, 37.9567909241, 95.9126663208, 44.9013824463], [97.3973464966, -12.1285352707, -31.2455043793, 74.585723877, 43.2004089355, 48.7527198792, 9.46493625641, 59.1580619812, 31.7456111908, 22.0636672974, 26.9607887268, 44.9013824463, 100.356132507]],
