{
"lowlevel": {
    "average_loudness": 0.237127318978,
    "barkbands_crest": {
        "dmean": 1.95821464062,
        "dmean2": 3.19390726089,
        "dvar": 4.67273664474,
        "dvar2": 11.8951768875,
        "max": 26.7326011658,
        "mean": 15.5168762207,
        "median": 15.8818588257,
        "min": 2.68410634995,
        "var": 24.8834648132
    },
    "barkbands_flatness_db": {
        "dmean": 0.0260537844151,
        "dmean2": 0.0397444032133,
        "dvar": 0.00102690595668,
        "dvar2": 0.00223073014058,
        "max": 0.901432335377,
        "mean": 0.360559731722,
        "median": 0.341295897961,
        "min": 0.0165304467082,
        "var": 0.0153414849192
    },
    "barkbands_kurtosis": {
        "dmean": 9.0635099411,
        "dmean2": 14.2281751633,
        "dvar": 661.218383789,
        "dvar2": 1567.37902832,
        "max": 941.723327637,
        "mean": 22.4668502808,
        "median": 9.43061256409,
        "min": -1.90228700638,
        "var": 1559.35253906
    },
    "barkbands_skewness": {
        "dmean": 0.653656065464,
        "dmean2": 1.01640999317,
        "dvar": 0.917270958424,
        "dvar2": 2.04297780991,
        "max": 22.7258491516,
        "mean": 2.69445896149,
        "median": 2.31437540054,
        "min": -10.438246727,
        "var": 5.40904378891
    },
    "barkbands_spread": {
        "dmean": 1.22369623184,
        "dmean2": 1.93310534954,
        "dvar": 8.16975402832,
        "dvar2": 16.0140266418,
        "max": 89.470413208,
        "mean": 4.6836681366,
        "median": 3.55249238014,
        "min": 0.125797003508,
        "var": 33.9395523071
    },
    "dissonance": {
        "dmean": 0.0329212993383,
        "dmean2": 0.0552175715566,
        "dvar": 0.00111194769852,
        "dvar2": 0.00306360865943,
        "max": 0.500000119209,
        "mean": 0.416257619858,
        "median": 0.42571336031,
        "min": 0.123943895102,
        "var": 0.00297542428598
    },
    "dynamic_complexity": 8.03124427795,
    "erbbands_crest": {
        "dmean": 2.23757982254,
        "dmean2": 3.58589577675,
        "dvar": 5.24206876755,
        "dvar2": 12.5527696609,
        "max": 33.8966369629,
        "mean": 11.827246666,
        "median": 10.9905443192,
        "min": 2.49473834038,
        "var": 25.9202213287
    },
    "erbbands_flatness_db": {
        "dmean": 0.0198145043105,
        "dmean2": 0.0295729972422,
        "dvar": 0.000621680519544,
        "dvar2": 0.00123527902178,
        "max": 0.554183423519,
        "mean": 0.272882193327,
        "median": 0.264322251081,
        "min": 0.029744643718,
        "var": 0.00867445580661
    },
    "erbbands_kurtosis": {
        "dmean": 1.50503945351,
        "dmean2": 2.3666062355,
        "dvar": 9.58271980286,
        "dvar2": 20.2934837341,
        "max": 166.335800171,
        "mean": 2.8556830883,
        "median": 0.811504602432,
        "min": -1.82588946819,
        "var": 44.3345832825
    },
    "erbbands_skewness": {
        "dmean": 0.367761194706,
        "dmean2": 0.580534994602,
        "dvar": 0.170067191124,
        "dvar2": 0.387588322163,
        "max": 8.96289348602,
        "mean": 0.958771407604,
        "median": 0.859997451305,
        "min": -5.9695725441,
        "var": 1.27245545387
    },
    "erbbands_spread": {
        "dmean": 5.21590518951,
        "dmean2": 8.0212802887,
        "dvar": 109.948425293,
        "dvar2": 211.578887939,
        "max": 153.329772949,
        "mean": 21.5085391998,
        "median": 18.2349777222,
        "min": 0.252792596817,
        "var": 291.101959229
    },
    "hfc": {
        "dmean": 2.55909132957,
        "dmean2": 4.08094263077,
        "dvar": 38.9165458679,
        "dvar2": 100.298835754,
        "max": 176.400650024,
        "mean": 10.5429458618,
        "median": 7.27518415451,
        "min": 1.06628841827e-16,
        "var": 170.454452515
    },
    "melbands_crest": {
        "dmean": 2.41506433487,
        "dmean2": 3.93686127663,
        "dvar": 8.06058216095,
        "dvar2": 18.9062747955,
        "max": 38.8196563721,
        "mean": 20.0037841797,
        "median": 19.6351661682,
        "min": 1.5322650671,
        "var": 57.0253067017
    },
    "melbands_flatness_db": {
        "dmean": 0.0302370693535,
        "dmean2": 0.0455404818058,
        "dvar": 0.00147014390677,
        "dvar2": 0.00308246654458,
        "max": 1,
        "mean": 0.486393481493,
        "median": 0.465567052364,
        "min": 0.00300889834762,
        "var": 0.0236018169671
    },
    "melbands_kurtosis": {
        "dmean": 17.7016448975,
        "dmean2": 27.8481254578,
        "dvar": 7595.16162109,
        "dvar2": 19249.1992188,
        "max": 4426.453125,
        "mean": 39.7018432617,
        "median": 16.8940429688,
        "min": -1.8569637537,
        "var": 10120.5292969
    },
    "melbands_skewness": {
        "dmean": 0.80202037096,
        "dmean2": 1.24425578117,
        "dvar": 2.00831055641,
        "dvar2": 4.3496632576,
        "max": 46.6706924438,
        "mean": 3.54313135147,
        "median": 2.97348165512,
        "min": -7.75809049606,
        "var": 8.41728973389
    },
    "melbands_spread": {
        "dmean": 1.48061990738,
        "dmean2": 2.41012382507,
        "dvar": 26.9576931,
        "dvar2": 57.2541999817,
        "max": 171.099700928,
        "mean": 6.21963214874,
        "median": 3.27748942375,
        "min": 0.0659697055817,
        "var": 263.291870117
    },
    "pitch_salience": {
        "dmean": 0.0546175390482,
        "dmean2": 0.0889815315604,
        "dvar": 0.00433618109673,
        "dvar2": 0.0105041284114,
        "max": 0.950971126556,
        "mean": 0.460014611483,
        "median": 0.488145142794,
        "min": 0.0521292947233,
        "var": 0.0276642553508
    },
    "silence_rate_20dB": {
        "dmean": 0.0230988841504,
        "dmean2": 0.0462007671595,
        "dvar": 0.0225640777498,
        "dvar2": 0.0579534620047,
        "max": 1,
        "mean": 0.962693810463,
        "median": 1,
        "min": 0,
        "var": 0.0359155908227
    },
    "silence_rate_30dB": {
        "dmean": 0.0591746680439,
        "dmean2": 0.118357017636,
        "dvar": 0.0556674674153,
        "dvar2": 0.125774532557,
        "max": 1,
        "mean": 0.678388357162,
        "median": 1,
        "min": 0,
        "var": 0.218181043863
    },
    "silence_rate_60dB": {
        "dmean": 0.0102517521009,
        "dmean2": 0.0205048341304,
        "dvar": 0.0101481396705,
        "dvar2": 0.0222959928215,
        "max": 1,
        "mean": 0.262116402388,
        "median": 0,
        "min": 0,
        "var": 0.193360775709
    },
    "spectral_centroid": {
        "dmean": 69.5367050171,
        "dmean2": 110.511825562,
        "dvar": 48716.6796875,
        "dvar2": 90480.15625,
        "max": 12085.9365234,
        "mean": 524.033203125,
        "median": 345.891662598,
        "min": 78.3292999268,
        "var": 1567075.875
    },
    "spectral_complexity": {
        "dmean": 1.27744615078,
        "dmean2": 2.12873911858,
        "dvar": 2.77300000191,
        "dvar2": 6.40947914124,
        "max": 42,
        "mean": 7.71621370316,
        "median": 7,
        "min": 0,
        "var": 32.8682823181
    },
    "spectral_decrease": {
        "dmean": 6.77905953594e-09,
        "dmean2": 1.11053264362e-08,
        "dvar": 2.56808557616e-16,
        "dvar2": 6.76086240147e-16,
        "max": 1.00012416653e-21,
        "mean": -2.49108200734e-08,
        "median": -1.93553013617e-08,
        "min": -2.87067109639e-07,
        "var": 8.80194340079e-16
    },
    "spectral_energy": {
        "dmean": 0.0257701613009,
        "dmean2": 0.0422059297562,
        "dvar": 0.00369632127695,
        "dvar2": 0.00973284710199,
        "max": 1.09004819393,
        "mean": 0.0949751213193,
        "median": 0.0738067850471,
        "min": 9.8866929024e-21,
        "var": 0.0127311842516
    },
    "spectral_energyband_high": {
        "dmean": 4.78542424389e-05,
        "dmean2": 6.98965886841e-05,
        "dvar": 3.6240294321e-08,
        "dvar2": 7.17888042345e-08,
        "max": 0.00478047411889,
        "mean": 5.37781197636e-05,
        "median": 1.34708739097e-06,
        "min": 6.83304338786e-21,
        "var": 4.7415376514e-08
    },
    "spectral_energyband_low": {
        "dmean": 0.0213006846607,
        "dmean2": 0.035736810416,
        "dvar": 0.00295559084043,
        "dvar2": 0.00798135437071,
        "max": 0.999509751797,
        "mean": 0.0735167115927,
        "median": 0.0582600608468,
        "min": 1.35650044239e-23,
        "var": 0.00909293163568
    },
    "spectral_energyband_middle_high": {
        "dmean": 0.000751269632019,
        "dmean2": 0.00113555113785,
        "dvar": 1.56102123583e-05,
        "dvar2": 3.85383900721e-05,
        "max": 0.147612303495,
        "mean": 0.00209539476782,
        "median": 0.000251338118687,
        "min": 1.19158800361e-21,
        "var": 5.53508616576e-05
    },
    "spectral_energyband_middle_low": {
        "dmean": 0.00381641625427,
        "dmean2": 0.00628740852699,
        "dvar": 0.00010555730114,
        "dvar2": 0.000298825645586,
        "max": 0.293222218752,
        "mean": 0.0125707024708,
        "median": 0.00621513091028,
        "min": 1.48130558978e-22,
        "var": 0.000304879387841
    },
    "spectral_entropy": {
        "dmean": 0.192394286394,
        "dmean2": 0.2896912992,
        "dvar": 0.0745658800006,
        "dvar2": 0.14698715508,
        "max": 9.82743358612,
        "mean": 6.08209514618,
        "median": 6.11652565002,
        "min": 3.5432510376,
        "var": 0.882704496384
    },
    "spectral_flux": {
        "dmean": 0.0310580786318,
        "dmean2": 0.048713285476,
        "dvar": 0.00320077664219,
        "dvar2": 0.00680922530591,
        "max": 0.775913476944,
        "mean": 0.0739871487021,
        "median": 0.0464219376445,
        "min": 6.32562266456e-11,
        "var": 0.00832178816199
    },
    "spectral_kurtosis": {
        "dmean": 30.4081668854,
        "dmean2": 52.7425422668,
        "dvar": 6675.15380859,
        "dvar2": 18874.7011719,
        "max": 2042.40820312,
        "mean": 82.7396469116,
        "median": 27.2399234772,
        "min": -1.25639808178,
        "var": 16303.5029297
    },
    "spectral_rms": {
        "dmean": 0.00100902386475,
        "dmean2": 0.00159142503981,
        "dvar": 3.55081465386e-06,
        "dvar2": 8.70505664352e-06,
        "max": 0.0326107591391,
        "mean": 0.00772398849949,
        "median": 0.0084856711328,
        "min": 3.10572921547e-12,
        "var": 3.29988070007e-05
    },
    "spectral_rolloff": {
        "dmean": 70.8888549805,
        "dmean2": 120.541641235,
        "dvar": 153551.421875,
        "dvar2": 283579.1875,
        "max": 19595.2148438,
        "mean": 543.579162598,
        "median": 193.798828125,
        "min": 21.533203125,
        "var": 4790584.5
    },
    "spectral_skewness": {
        "dmean": 1.15605080128,
        "dmean2": 1.95754313469,
        "dvar": 2.71288299561,
        "dvar2": 7.201628685,
        "max": 35.5086212158,
        "mean": 5.66223239899,
        "median": 3.69226312637,
        "min": -0.114040106535,
        "var": 21.1199588776
    },
    "spectral_spread": {
        "dmean": 464180.46875,
        "dmean2": 697545.375,
        "dvar": 856877498368,
        "dvar2": 1.45927897088e+12,
        "max": 42299652,
        "mean": 2518352.25,
        "median": 1682148.5,
        "min": 69935.5,
        "var": 2.20059590984e+13
    },
    "spectral_strongpeak": {
        "dmean": 0.173153281212,
        "dmean2": 0.303798824549,
        "dvar": 0.230258494616,
        "dvar2": 0.606356084347,
        "max": 12.898598671,
        "mean": 0.599369108677,
        "median": 0.716379344463,
        "min": 0,
        "var": 0.387979984283
    },
    "zerocrossingrate": {
        "dmean": 0.00306864432059,
        "dmean2": 0.00388438813388,
        "dvar": 0.000124511527247,
        "dvar2": 0.000153787608724,
        "max": 0.7900390625,
        "mean": 0.0208817608654,
        "median": 0.01123046875,
        "min": 0,
        "var": 0.00396047485992
    },
    "barkbands": {
        "dmean": [0.0103880511597, 0.0151290558279, 0.00327811879106, 0.0015288523864, 0.00229366845451, 0.00058303528931, 0.000373909104383, 0.000196864566533, 0.000264432193944, 0.000299094739603, 0.000419839547249, 8.17701438791e-05, 3.8429741835e-05, 1.71867541212e-05, 2.95951358567e-05, 2.51761593972e-05, 1.53073742695e-05, 9.26759730646e-06, 8.03020702733e-06, 1.06850957309e-05, 1.35259715535e-05, 1.19275864563e-05, 8.43964335218e-06, 6.73760223435e-06, 3.88664147977e-06, 1.25191922962e-06, 1.53084386056e-07],
        "dmean2": [0.0165916308761, 0.0253460332751, 0.00581263611093, 0.0024984376505, 0.0038792740088, 0.000968673790339, 0.000459224742372, 0.000292239245027, 0.000428837432992, 0.000434015819337, 0.000642638653517, 0.000137279508635, 6.22162624495e-05, 2.80476506305e-05, 4.91404098284e-05, 4.20231954195e-05, 2.52854315477e-05, 1.46176298585e-05, 1.30672988234e-05, 1.71831015905e-05, 2.05838659895e-05, 1.85693297681e-05, 1.30260750666e-05, 9.67523010331e-06, 5.65687605558e-06, 1.83472582194e-06, 2.42356463787e-07],
        "dvar": [0.00100014416967, 0.0015766316792, 8.31254801597e-05, 1.62492851814e-05, 4.59950169898e-05, 2.18125273932e-06, 9.40654103943e-07, 2.93128522344e-07, 6.16249053564e-06, 3.15312240673e-06, 9.45084684645e-06, 2.87010408329e-07, 8.73802630252e-09, 1.40291178674e-09, 4.74530326144e-09, 4.49165593608e-09, 1.95849647611e-09, 6.92196078234e-10, 5.76092729077e-10, 1.673389316e-09, 2.68274846782e-09, 2.87755841377e-09, 1.28575194935e-09, 9.38306876641e-10, 2.76061173921e-10, 2.95157231989e-11, 1.43634821918e-12],
        "dvar2": [0.00263627409004, 0.0043089883402, 0.000241571906372, 4.41898519057e-05, 0.000135099617182, 7.25970039639e-06, 1.43562976973e-06, 6.63317166527e-07, 1.73642692971e-05, 7.44518047213e-06, 2.27774526138e-05, 8.37619097638e-07, 2.22539924266e-08, 3.06727288013e-09, 1.23949961406e-08, 1.21161800593e-08, 4.88544271704e-09, 1.66099689558e-09, 1.30166155632e-09, 3.9067247215e-09, 5.43294786937e-09, 6.49214282333e-09, 2.82451151357e-09, 1.80674808448e-09, 5.55063217611e-10, 6.55107079695e-11, 3.58647660181e-12],
        "max": [0.439917713404, 0.802237272263, 0.209579259157, 0.0830792784691, 0.205508649349, 0.0384892746806, 0.0419263094664, 0.0153210358694, 0.115172430873, 0.0775746554136, 0.142421275377, 0.0301275718957, 0.00190611672588, 0.00284117599949, 0.00195811199956, 0.00162803987041, 0.00105529546272, 0.00101935630664, 0.000638312136289, 0.00109882315155, 0.00105240056291, 0.00133871927392, 0.000686726882122, 0.00089204107644, 0.000459734408651, 0.000160443145433, 7.7230091847e-05],
        "mean": [0.0162871349603, 0.0587388761342, 0.00525596970692, 0.00325359264389, 0.00549076870084, 0.00137701677158, 0.00133819051553, 0.000521077192388, 0.000530878663994, 0.000630369060673, 0.00107714068145, 0.000154277629917, 6.30942886346e-05, 3.50962909579e-05, 5.62768946111e-05, 4.51357300335e-05, 2.84810466837e-05, 1.72045602085e-05, 1.36504295369e-05, 1.39484873216e-05, 1.54513854795e-05, 1.11291574285e-05, 8.20966215542e-06, 6.74242710375e-06, 3.95916049456e-06, 1.4386824887e-06, 2.25471637805e-07],
        "median": [0.00645489059389, 0.0469796583056, 0.00405832799152, 0.000971608853433, 0.00124151306227, 0.000454856897704, 0.000116362782137, 6.40827565803e-05, 9.3312759418e-05, 3.99447053496e-05, 2.79236355709e-05, 2.80375097645e-05, 1.88162957784e-05, 1.13296109703e-05, 1.29063309942e-05, 9.41114285524e-06, 5.27288875674e-06, 3.03983301819e-06, 1.9896754111e-06, 8.86370912667e-07, 3.94570207618e-07, 1.20872769571e-07, 5.39050510895e-08, 3.24964801734e-08, 1.69885758794e-08, 2.30303456306e-08, 1.0571636011e-08],
        "min": [9.64230354389e-26, 1.44387844306e-24, 8.98447490022e-25, 7.30156046022e-25, 7.81961527744e-24, 5.39530450959e-24, 5.19285361346e-24, 4.75385330857e-24, 9.1953997402e-24, 1.01084770501e-23, 1.70718208914e-23, 1.66465633324e-23, 1.65812898256e-23, 3.78334313819e-23, 4.13465129828e-23, 4.73071964698e-23, 5.35500933678e-23, 8.39392053148e-23, 1.08482346772e-22, 1.3740855088e-22, 2.46002120729e-22, 3.06317844941e-22, 3.29377069616e-22, 5.64480288079e-22, 8.33157780077e-22, 1.26374901074e-21, 1.87467500554e-21],
        "var": [0.00127547304146, 0.00572562823072, 6.73906833981e-05, 2.57228093687e-05, 0.000112990397611, 6.30825888948e-06, 9.09724349185e-06, 1.42680107729e-06, 6.01739247941e-06, 6.54658470012e-06, 4.16229959228e-05, 3.01100641309e-07, 1.46461092143e-08, 4.70207517367e-09, 1.07660591553e-08, 7.73355868233e-09, 3.56592866346e-09, 1.31105837298e-09, 1.02450881112e-09, 2.09213379954e-09, 3.25154925207e-09, 2.96179836212e-09, 1.40674005777e-09, 1.24564247805e-09, 3.65529856383e-10, 4.84518293542e-11, 2.28125244389e-12]
    },
    "erbbands": {
        "dmean": [0.658894896507, 2.72808146477, 4.66821718216, 3.29190206528, 8.53675746918, 6.77826213837, 4.30635023117, 5.18948888779, 5.61161613464, 3.25364208221, 5.14432907104, 7.05280637741, 3.93031263351, 13.3502168655, 16.3345603943, 3.17832660675, 1.82049322128, 0.924201607704, 1.17545902729, 1.74510765076, 1.13819217682, 0.659730434418, 0.507898330688, 0.477509528399, 0.443662852049, 0.506195485592, 0.599333882332, 0.405051440001, 0.386502176523, 0.439868092537, 0.21183103323, 0.164848059416, 0.101869963109, 0.0573516637087, 0.0196931771934, 0.00772986654192, 0.00196871324442, 0.000370583380572, 3.32919007633e-05, 2.83521258098e-05],
        "dmean2": [1.08860564232, 4.6004357338, 8.20680141449, 5.57437705994, 14.0650959015, 11.5679960251, 7.0024523735, 8.90843391418, 7.06320714951, 4.42934656143, 7.50397491455, 11.4009227753, 6.1663646698, 19.6833686829, 25.1820259094, 5.09934854507, 2.93559622765, 1.4908901453, 1.93928897381, 2.90501976013, 1.8971054554, 1.08043909073, 0.803411960602, 0.771778047085, 0.71077889204, 0.810548305511, 0.920510113239, 0.601713716984, 0.596403539181, 0.70397901535, 0.321282446384, 0.242899924517, 0.146437257528, 0.0863860994577, 0.0273844636977, 0.0119647197425, 0.00290583143942, 0.00055487366626, 5.27522934135e-05, 4.64414006274e-05],
        "dvar": [4.85797548294, 40.1283912659, 132.181488037, 88.9574127197, 752.439880371, 315.506866455, 61.028175354, 219.871826172, 203.300079346, 89.4707946777, 381.093811035, 4196.78710938, 404.860717773, 5437.25048828, 14223.0839844, 295.277313232, 20.1118755341, 3.91500163078, 8.06120872498, 18.1746120453, 13.7221746445, 4.02761173248, 2.25091695786, 1.91641914845, 2.11960124969, 3.57675099373, 5.15023946762, 2.49011850357, 2.89557862282, 3.86519122124, 0.782557070255, 0.592583954334, 0.230232939124, 0.0627734288573, 0.00647656433284, 0.00108896696474, 7.80148402555e-05, 3.8435919123e-06, 3.60943452904e-08, 4.41250547212e-09],
        "dvar2": [12.7935228348, 116.518280029, 389.068939209, 254.32131958, 2088.50390625, 937.25012207, 164.46472168, 778.068786621, 324.576293945, 172.089996338, 957.41973877, 11851.4931641, 1115.17126465, 13058.0654297, 33710.4570312, 789.002380371, 51.2974739075, 8.51599407196, 20.1596488953, 48.9918708801, 36.2873001099, 9.54135608673, 5.44566726685, 4.55951595306, 4.72422647476, 8.51057338715, 10.4373931885, 5.10030317307, 6.58448457718, 9.08267402649, 1.63513445854, 1.2217322588, 0.433656513691, 0.135188475251, 0.0119469733909, 0.00257429573685, 0.000160416093422, 8.94439835974e-06, 8.85674893425e-08, 1.15833636016e-08],
        "max": [44.1040115356, 125.393608093, 239.826980591, 239.957077026, 708.186950684, 541.27355957, 226.687194824, 348.280944824, 629.69140625, 746.807250977, 781.260314941, 2914.89306641, 765.672973633, 2828.54638672, 5801.67871094, 931.87097168, 105.581375122, 144.309570312, 112.047973633, 116.382087708, 106.402435303, 70.8762664795, 59.4347114563, 46.3441314697, 36.8511886597, 55.0472450256, 51.8538589478, 29.0358161926, 43.1554069519, 46.6252632141, 18.4556331635, 22.1415271759, 13.2308244705, 6.98707771301, 1.8408716917, 0.916238605976, 0.306596547365, 0.100376918912, 0.0118469111621, 0.00117878208403],
        "mean": [2.24905061722, 10.7118749619, 10.0818634033, 7.40296220779, 18.9957790375, 16.0071296692, 10.3798666, 11.5202722549, 19.5796337128, 11.6809597015, 14.6354198456, 14.914103508, 8.09716796875, 28.2472057343, 45.7608032227, 7.88578653336, 3.25285005569, 2.0144405365, 2.31813120842, 3.22186875343, 2.18729376793, 1.32134974003, 0.964318931103, 0.879780054092, 0.679780483246, 0.682248711586, 0.710702717304, 0.46561178565, 0.373768717051, 0.379756689072, 0.211987823248, 0.159341037273, 0.104626104236, 0.0562237687409, 0.0214979015291, 0.00808065850288, 0.00240485649556, 0.000426831917139, 7.67807723605e-05, 0.00010508140258],
        "median": [0.507633447647, 11.9246397018, 7.88699626923, 4.52689838409, 6.57971048355, 4.57714986801, 4.26205587387, 3.57546544075, 2.42588996887, 1.7398993969, 2.06745767593, 2.83641147614, 1.52196133137, 1.01351165771, 1.49998259544, 1.50351333618, 1.0806607008, 0.692730903625, 0.688126683235, 0.75105625391, 0.474974066019, 0.2592035532, 0.168999508023, 0.135903909802, 0.0849626064301, 0.0561824813485, 0.0233758483082, 0.0110691105947, 0.00508366897702, 0.00272670574486, 0.00145198963583, 0.000853498990182, 0.000512408325449, 0.000272550794762, 0.000180803486728, 0.000136051821755, 7.59802424e-05, 1.32769928314e-05, 3.85043713322e-05, 8.10877754702e-05],
        "min": [7.63691130526e-23, 4.51025681601e-22, 1.42784934561e-21, 2.65775493609e-21, 1.07194674854e-20, 1.91849275783e-20, 2.06190988174e-20, 5.13983666258e-20, 9.96744754061e-20, 1.33865068373e-19, 2.39809818391e-19, 3.18372253496e-19, 3.91792882214e-19, 9.38727055529e-19, 7.45010248261e-19, 9.62867287731e-19, 9.89454216787e-19, 1.85764727129e-18, 2.33767569039e-18, 2.46212025726e-18, 2.64764859685e-18, 3.86647792955e-18, 4.2820786983e-18, 6.04498132262e-18, 6.60357308155e-18, 7.41258880785e-18, 8.72201406316e-18, 8.53906735427e-18, 1.0440514873e-17, 9.02096127244e-18, 9.62629039035e-18, 9.96336318124e-18, 8.77878843169e-18, 7.69361184044e-18, 6.09352193532e-18, 4.12089842004e-18, 2.23067574225e-18, 9.32572728374e-19, 2.36939811858e-19, 2.53412952198e-20],
        "var": [17.4878406525, 125.700256348, 146.671020508, 106.343109131, 1482.71899414, 1009.77374268, 250.781600952, 504.140350342, 1882.74499512, 868.726318359, 1204.6739502, 4239.52099609, 479.785552979, 10792.1601562, 83266.4296875, 1010.80084229, 34.8762207031, 13.6247253418, 18.9995231628, 34.9890403748, 19.9343490601, 7.55460262299, 4.21023607254, 4.0073723793, 2.93550801277, 4.54255867004, 6.53539848328, 3.04576349258, 2.99548339844, 3.64634895325, 0.922258973122, 0.690145909786, 0.327869683504, 0.0772839486599, 0.00965616665781, 0.00146608159412, 0.000147792714415, 5.5589916883e-06, 6.37897628053e-08, 1.53848240814e-08]
    },
    "gfcc": {
        "mean": [-201.531738281, 199.231552124, -65.0294418335, 3.85058927536, -22.6051254272, 2.25059366226, -12.7670898438, -6.2868142128, -9.40553569794, -6.57705307007, -4.45165872574, -4.80447816849, 2.74776387215],
        "cov": [[43685.5429688, -1132.39001465, -4388.55615234, 5174.95849609, -14.2983369827, 156.776687622, 269.265289307, 948.880493164, 214.952011108, -112.987365723, 17.7831726074, 95.5174331665, 38.7957458496], [-1132.39001465, 3031.97094727, 200.129257202, -1423.60510254, 545.565124512, -215.387023926, -34.8855323792, -339.607574463, 116.732124329, -123.698974609, 122.669555664, -165.006149292, 106.226799011], [-4388.55615234, 200.129257202, 2288.63354492, -241.371887207, 250.648254395, 554.825134277, 158.578521729, -92.4783859253, -1.49358403683, 29.895866394, -20.7186450958, -16.0802268982, 37.868106842], [5174.95849609, -1423.60510254, -241.371887207, 1601.21350098, 102.206222534, 92.7196960449, 199.930664062, 274.730316162, 49.768409729, 40.3640174866, 8.53057003021, 21.9402294159, -49.1128349304], [-14.2983369827, 545.565124512, 250.648254395, 102.206222534, 712.703796387, -34.8784866333, 168.518188477, 3.676872015, 143.040618896, -16.1486034393, 108.287750244, -76.3563919067, 45.5289916992], [156.776687622, -215.387023926, 554.825134277, 92.7196960449, -34.8784866333, 397.560577393, 64.4219741821, 8.78109836578, -28.5573635101, 7.9233789444, -43.7983779907, 47.5877151489, 32.0808067322], [269.265289307, -34.8855323792, 158.578521729, 199.930664062, 168.518188477, 64.4219741821, 221.573440552, 71.1870346069, 45.55235672, -8.26881790161, 45.7863960266, -8.4731054306, 18.7053337097], [948.880493164, -339.607574463, -92.4783859253, 274.730316162, 3.676872015, 8.78109836578, 71.1870346069, 173.301773071, 46.1578140259, 13.8213310242, 4.406229496, 8.89573764801, -20.6963100433], [214.952011108, 116.732124329, -1.49358403683, 49.768409729, 143.040618896, -28.5573635101, 45.55235672, 46.1578140259, 132.077697754, 34.1107292175, 41.4904060364, -23.430683136, 8.65277957916], [-112.987365723, -123.698974609, 29.895866394, 40.3640174866, -16.1486034393, 7.9233789444, -8.26881790161, 13.8213310242, 34.1107292175, 101.786270142, 30.350151062, 5.06038618088, -15.2502765656], [17.7831726074, 122.669555664, -20.7186450958, 8.53057003021, 108.287750244, -43.7983779907, 45.7863960266, 4.406229496, 41.4904060364, 30.350151062, 99.8328170776, 15.1593179703, 13.1649026871], [95.5174331665, -165.006149292, -16.0802268982, 21.9402294159, -76.3563919067, 47.5877151489, -8.4731054306, 8.89573764801, -23.430683136, 5.06038618088, 15.1593179703, 88.2347412109, 38.4014816284], [38.7957458496, 106.226799011, 37.868106842, -49.1128349304, 45.5289916992, 32.0808067322, 18.7053337097, -20.6963100433, 8.65277957916, -15.2502765656, 13.1649026871, 38.4014816284, 87.6629257202]],
        "icov": [[0.000151422224008, -0.00052316300571, 0.000309307361022, -0.000852680357639, 0.000232271355344, -0.000531269120984, 0.000351025344571, -0.000513068342116, 0.000206246724701, -0.000169663981069, 0.000145162994158, -0.000194776090211, -0.000152979628183], [-0.00052316300571, 0.00300657912157, -0.000948387256358, 0.00385099463165, -0.001229294925, 0.00160937965848, -0.00114940886851, 0.00267765414901, -0.00149640429299, 0.00197085971013, -0.00202756235376, 0.00272123329341, -0.000314641569275], [0.000309307361022, -0.000948387256358, 0.00148238893598, -0.00143120461144, 8.33134472487e-05, -0.00233254744671, 0.000348419387592, -0.000622357707471, 0.000494195730425, -0.000635979464278, 0.000278089370113, 0.000101496931165, -8.64232642925e-05], [-0.000852680357639, 0.00385099463165, -0.00143120461144, 0.00648539233953, -0.00198491802439, 0.00247505353764, -0.00251987553202, 0.00239353254437, -0.00134749198332, 0.00145331432577, -0.00146366795525, 0.00215481920168, 0.000852131808642], [0.000232271355344, -0.001229294925, 8.33134472487e-05, -0.00198491802439, 0.00359310535714, -0.000514083192684, -0.000195666245418, -0.000425382197136, -0.00140612386167, 0.000912309507839, -0.00213208887726, 0.00209161220118, -0.00179644301534], [-0.000531269120984, 0.00160937965848, -0.00233254744671, 0.00247505353764, -0.000514083192684, 0.00731175206602, -0.00271959393285, 0.00190013262909, -0.00044689027709, -0.000713338784408, 0.00319525925443, -0.00293434993364, 2.48628912232e-05], [0.000351025344571, -0.00114940886851, 0.000348419387592, -0.00251987553202, -0.000195666245418, -0.00271959393285, 0.00947149842978, -0.00449848826975, 0.000944078026805, 0.00195529265329, -0.00456634582952, 0.00289620179683, -0.0026469565928], [-0.000513068342116, 0.00267765414901, -0.000622357707471, 0.00239353254437, -0.000425382197136, 0.00190013262909, -0.00449848826975, 0.0134819764644, -0.00613889610395, 0.00195883912966, 0.000965278712101, -0.0019411102403, 0.00391264958307], [0.000206246724701, -0.00149640429299, 0.000494195730425, -0.00134749198332, -0.00140612386167, -0.00044689027709, 0.000944078026805, -0.00613889610395, 0.015090232715, -0.00588039308786, -0.00130680319853, 0.00335543020628, -0.00378942512907], [-0.000169663981069, 0.00197085971013, -0.000635979464278, 0.00145331432577, 0.000912309507839, -0.000713338784408, 0.00195529265329, 0.00195883912966, -0.00588039308786, 0.0163214802742, -0.00811673887074, 0.00252091651782, 0.00214270874858], [0.000145162994158, -0.00202756235376, 0.000278089370113, -0.00146366795525, -0.00213208887726, 0.00319525925443, -0.00456634582952, 0.000965278712101, -0.00130680319853, -0.00811673887074, 0.0229479260743, -0.0130137866363, 0.00356431957334], [-0.000194776090211, 0.00272123329341, 0.000101496931165, 0.00215481920168, 0.00209161220118, -0.00293434993364, 0.00289620179683, -0.0019411102403, 0.00335543020628, 0.00252091651782, -0.0130137866363, 0.028952235356, -0.0137576879933], [-0.000152979628183, -0.000314641569275, -8.64232642925e-05, 0.000852131808642, -0.00179644301534, 2.48628912232e-05, -0.0026469565928, 0.00391264958307, -0.00378942512907, 0.00214270874858, 0.00356431957334, -0.0137576879933, 0.0210216753185]]
    },
    "melbands": {
        "dmean": [0.00516718998551, 0.0028066013474, 0.000746169826016, 0.000581582600717, 0.000168440747075, 0.000112599278509, 8.47509145387e-05, 3.29638132825e-05, 4.55924637208e-05, 4.04864549637e-05, 1.98883917619e-05, 5.45138209418e-05, 6.03944790782e-05, 1.65764740814e-05, 5.0959820328e-06, 2.50732432505e-06, 1.95929510483e-06, 1.80989491128e-06, 2.03442323254e-06, 2.31616400015e-06, 1.34108449856e-06, 7.37851223676e-07, 7.11374866569e-07, 4.48201888048e-07, 4.0184929162e-07, 3.08944322569e-07, 3.91766775465e-07, 3.22514864592e-07, 3.29061776938e-07, 3.84639264439e-07, 2.05654799856e-07, 2.14247791064e-07, 2.38883728798e-07, 2.31904024872e-07, 1.21042276646e-07, 1.07790363302e-07, 1.01052975765e-07, 7.58292628689e-08, 5.30864276982e-08, 4.61853595368e-08],
        "dmean2": [0.00858969148248, 0.00481716729701, 0.00123176921625, 0.000985561637208, 0.000276549195405, 0.000190711100004, 0.000104231832665, 4.73345826322e-05, 6.76644704072e-05, 6.602978101e-05, 3.09053175442e-05, 7.95949308667e-05, 9.2976144515e-05, 2.63281999651e-05, 8.30323369883e-06, 4.03320336773e-06, 3.17032913699e-06, 2.9932086818e-06, 3.39974144481e-06, 3.8839921217e-06, 2.23485994866e-06, 1.22177073081e-06, 1.16500871172e-06, 7.1656432965e-07, 6.577053e-07, 5.04936451762e-07, 6.37325513253e-07, 5.16468105616e-07, 5.09564301865e-07, 5.92022729506e-07, 3.10156877958e-07, 3.32488269805e-07, 3.72899080503e-07, 3.74421716742e-07, 1.86213725328e-07, 1.63457272606e-07, 1.47818084884e-07, 1.07955116846e-07, 7.74746666821e-08, 7.02481841586e-08],
        "dvar": [0.000232855250943, 4.10332868341e-05, 4.01921124649e-06, 3.19610899169e-06, 8.91347227139e-08, 9.46758191844e-08, 4.73648924526e-08, 9.02717278706e-09, 4.85891398228e-08, 1.41924928698e-07, 9.98135973873e-09, 9.61264632338e-08, 1.94760218619e-07, 1.68024065772e-08, 1.92281843225e-10, 3.00590559388e-11, 1.89047388854e-11, 1.82156685569e-11, 2.56776648555e-11, 2.87168570173e-11, 2.45393878828e-11, 5.49516682158e-12, 4.08715899666e-12, 2.12558790014e-12, 1.46726966514e-12, 9.50796841433e-13, 2.14387730658e-12, 1.55683907606e-12, 1.59986390455e-12, 2.2024639057e-12, 6.74222613503e-13, 8.3463921538e-13, 1.30658385587e-12, 1.06005146067e-12, 2.51786737076e-13, 2.94841462443e-13, 2.08957295369e-13, 1.48913379457e-13, 5.35910495126e-14, 4.02314256399e-14],
        "dvar2": [0.000620859733317, 0.00012137581507, 1.10486189442e-05, 9.42873066379e-06, 2.48442944439e-07, 3.29691374645e-07, 7.26556024233e-08, 1.92922371411e-08, 1.2933676885e-07, 4.0278436586e-07, 2.70508166977e-08, 2.28405738767e-07, 4.7653600177e-07, 4.11716953863e-08, 5.21421128497e-10, 7.54288576044e-11, 4.07852744633e-11, 4.5639658719e-11, 6.9974685768e-11, 7.90946544371e-11, 6.46831824214e-11, 1.34809611391e-11, 1.00837619504e-11, 5.19149827294e-12, 3.58050416573e-12, 2.15388189055e-12, 5.14726629375e-12, 3.81173868511e-12, 3.18186059098e-12, 4.72435545545e-12, 1.495493074e-12, 1.92910271091e-12, 2.93728973436e-12, 2.55302658354e-12, 5.53876551828e-13, 6.5616522632e-13, 4.27917819451e-13, 2.81490596891e-13, 1.04936004818e-13, 8.91982139734e-14],
        "max": [0.283705323935, 0.105721876025, 0.0381073132157, 0.0553820542991, 0.00649535609409, 0.0071126408875, 0.00967753585428, 0.00691483775154, 0.00894607696682, 0.0174638256431, 0.00397487357259, 0.0125196455047, 0.0207183770835, 0.00692714611068, 0.000483878218802, 0.000113524969493, 0.000330243114149, 0.000157315997058, 0.000149997416884, 0.000121653130918, 0.000142440767377, 7.55640066927e-05, 5.74372570554e-05, 7.1416310675e-05, 4.76571913168e-05, 2.78665556834e-05, 3.75576273655e-05, 4.0326583985e-05, 3.09753304464e-05, 2.92821296171e-05, 1.76793400897e-05, 2.22285998461e-05, 3.19904102071e-05, 2.10923462873e-05, 9.83233076113e-06, 1.52113088916e-05, 1.47637874761e-05, 1.08902850116e-05, 6.02581440035e-06, 5.35962908543e-06],
        "mean": [0.0185077786446, 0.00855668168515, 0.00166562269442, 0.0013985427795, 0.000404775259085, 0.000254070822848, 0.000298316736007, 0.000111844747153, 0.000124294529087, 8.08611366665e-05, 3.91295507143e-05, 0.000112363428343, 0.000152991517098, 4.63848664367e-05, 9.15021610126e-06, 4.54223845736e-06, 3.79737298317e-06, 3.34049832418e-06, 3.95063125325e-06, 4.06122535423e-06, 2.38165898736e-06, 1.37198230732e-06, 1.20813695048e-06, 7.86920224982e-07, 7.01627584476e-07, 4.63932821049e-07, 4.96084453516e-07, 4.33855660731e-07, 4.10025819519e-07, 4.11022313074e-07, 2.29261971185e-07, 2.0975842574e-07, 2.12743117345e-07, 1.99841309723e-07, 1.20534195958e-07, 1.03019687003e-07, 9.51739025368e-08, 7.83048790254e-08, 5.4960903384e-08, 4.39412808362e-08],
        "median": [0.00974042154849, 0.00932090170681, 0.000965607818216, 0.000345478154486, 0.000171288047568, 7.90300691733e-05, 3.27450907207e-05, 1.85890221474e-05, 1.7766651581e-05, 1.45577914736e-05, 6.45719819659e-06, 3.78075583285e-06, 4.72680403618e-06, 3.62446780855e-06, 3.24699385601e-06, 1.41471980442e-06, 1.11882900455e-06, 9.8838768281e-07, 8.90505077678e-07, 8.73780209076e-07, 4.85662098981e-07, 2.57277292803e-07, 1.38327962418e-07, 1.14065784373e-07, 9.95813067561e-08, 5.96140168341e-08, 4.31174100868e-08, 3.03151779235e-08, 1.27130306282e-08, 8.02953703527e-09, 5.25689936026e-09, 2.84053291999e-09, 1.9074437585e-09, 1.22703613936e-09, 8.25548629457e-10, 6.23941620592e-10, 4.19906609483e-10, 3.14275966362e-10, 2.51926202122e-10, 1.50061116311e-10],
        "min": [1.13892483445e-24, 1.16995960853e-24, 6.68634361746e-25, 1.65460024996e-24, 1.0708665501e-24, 1.26407386997e-24, 1.45695065712e-24, 1.48864679247e-24, 1.87806856998e-24, 1.94316241365e-24, 1.83601656449e-24, 3.15891224228e-24, 2.69184012486e-24, 1.94830164523e-24, 2.85382147048e-24, 2.23278677854e-24, 3.16378464167e-24, 2.74142279377e-24, 2.88568198472e-24, 3.37648047437e-24, 2.54778426281e-24, 3.11702451708e-24, 3.3226537338e-24, 3.05529694011e-24, 3.99447371309e-24, 3.34343903536e-24, 4.63038198297e-24, 4.459775035e-24, 4.14811817945e-24, 4.56854475433e-24, 5.04515558061e-24, 5.46780910982e-24, 4.71039969446e-24, 4.87571062475e-24, 5.16338334776e-24, 5.38149194957e-24, 5.67669553322e-24, 5.56452109022e-24, 6.16474089831e-24, 5.19463959455e-24],
        "var": [0.000809901335742, 7.58738315199e-05, 6.07071206105e-06, 7.62297349866e-06, 3.3880007777e-07, 2.34250819631e-07, 4.44997453997e-07, 7.35545029329e-08, 9.96037954337e-08, 1.356173982e-07, 1.25563799358e-08, 1.93918225477e-07, 7.83749840139e-07, 9.68576543414e-08, 2.79791190216e-10, 5.98664381957e-11, 6.10499151232e-11, 4.0859753081e-11, 5.18500242741e-11, 5.70230147823e-11, 3.04775857329e-11, 9.13595414598e-12, 8.575956785e-12, 3.38978367945e-12, 2.94371645115e-12, 1.33728379932e-12, 2.29460179156e-12, 2.07864780076e-12, 2.19244652815e-12, 2.45130174839e-12, 7.76505595934e-13, 8.58582248266e-13, 1.32813432561e-12, 9.63913627736e-13, 2.82595941006e-13, 3.06406945172e-13, 2.4699754503e-13, 2.07066270597e-13, 7.66390735054e-14, 4.67945181302e-14]
    },
    "mfcc": {
        "mean": [-816.911071777, 200.109268188, 34.1816253662, 27.3938846588, 12.337890625, 12.8274021149, 8.2278547287, 7.74593687057, 4.30472660065, 2.46370482445, -3.00473594666, 0.466221511364, 3.30853772163],
        "cov": [[18071.1328125, 2626.83129883, -2620.47631836, 1273.85668945, 216.003463745, 474.569641113, -79.9370956421, 398.10836792, 382.408416748, 299.808959961, -110.383583069, 242.537658691, 343.522003174], [2626.83129883, 2851.73779297, -296.815338135, 129.157348633, 428.365966797, 202.413040161, 115.584266663, 73.9752578735, 62.3881835938, 115.437515259, 34.9267463684, 41.4238891602, 86.915512085], [-2620.47631836, -296.815338135, 1449.81982422, 53.4224281311, 40.5810012817, 186.720504761, 208.513366699, 64.5923309326, 28.2907905579, -43.7627792358, 32.4615821838, -35.0488891602, -89.9472427368], [1273.85668945, 129.157348633, 53.4224281311, 560.628662109, 194.17288208, 178.295562744, 137.700057983, 137.473495483, 96.9721298218, 94.2604904175, 44.9114112854, 43.7478790283, 28.1194019318], [216.003463745, 428.365966797, 40.5810012817, 194.17288208, 349.44229126, 170.564575195, 88.0810012817, 40.3494110107, 56.9048805237, 82.676651001, 56.2614479065, 26.3840332031, 29.3103370667], [474.569641113, 202.413040161, 186.720504761, 178.295562744, 170.564575195, 285.817962646, 143.905075073, 79.8749465942, 80.9450836182, 38.0298919678, 0.285231530666, 10.6685419083, 15.0311727524], [-79.9370956421, 115.584266663, 208.513366699, 137.700057983, 88.0810012817, 143.905075073, 190.933486938, 101.642578125, 42.6106910706, 30.1381187439, 13.9489984512, -1.56315147877, 3.43238091469], [398.10836792, 73.9752578735, 64.5923309326, 137.473495483, 40.3494110107, 79.8749465942, 101.642578125, 153.851638794, 79.7520217896, 24.464756012, 9.71126461029, 3.30363178253, 1.57497107983], [382.408416748, 62.3881835938, 28.2907905579, 96.9721298218, 56.9048805237, 80.9450836182, 42.6106910706, 79.7520217896, 106.245521545, 51.9663772583, 5.56975698471, 8.44256305695, 2.44813227654], [299.808959961, 115.437515259, -43.7627792358, 94.2604904175, 82.676651001, 38.0298919678, 30.1381187439, 24.464756012, 51.9663772583, 101.396362305, 62.3371658325, 23.6772994995, 11.2605934143], [-110.383583069, 34.9267463684, 32.4615821838, 44.9114112854, 56.2614479065, 0.285231530666, 13.9489984512, 9.71126461029, 5.56975698471, 62.3371658325, 104.718185425, 51.5236854553, 4.22701501846], [242.537658691, 41.4238891602, -35.0488891602, 43.7478790283, 26.3840332031, 10.6685419083, -1.56315147877, 3.30363178253, 8.44256305695, 23.6772994995, 51.5236854553, 74.5191650391, 35.0989875793], [343.522003174, 86.915512085, -89.9472427368, 28.1194019318, 29.3103370667, 15.0311727524, 3.43238091469, 1.57497107983, 2.44813227654, 11.2605934143, 4.22701501846, 35.0989875793, 75.1191940308]],
