{
"lowlevel": {
    "average_loudness": 0.764570295811,
    "barkbands_crest": {
        "dmean": 3.77455449104,
        "dmean2": 6.00714540482,
        "dvar": 15.4518241882,
        "dvar2": 31.3903541565,
        "max": 26.8824977875,
        "mean": 13.7959012985,
        "median": 12.1165771484,
        "min": 1.76825106144,
        "var": 53.1970939636
    },
    "barkbands_flatness_db": {
        "dmean": 0.0619447156787,
        "dmean2": 0.0889602974057,
        "dvar": 0.00450628297403,
        "dvar2": 0.00935564469546,
        "max": 0.647663235664,
        "mean": 0.211185097694,
        "median": 0.183966815472,
        "min": 0.0121824238449,
        "var": 0.0157931353897
    },
    "barkbands_kurtosis": {
        "dmean": 48.1702766418,
        "dmean2": 75.2437744141,
        "dvar": 18204.4394531,
        "dvar2": 43568.5078125,
        "max": 3470.43359375,
        "mean": 61.6524162292,
        "median": 8.14729118347,
        "min": -1.95573115349,
        "var": 26309.5058594
    },
    "barkbands_skewness": {
        "dmean": 2.28029561043,
        "dmean2": 3.35760378838,
        "dvar": 10.0749635696,
        "dvar2": 20.7393760681,
        "max": 39.1874389648,
        "mean": 3.79282450676,
        "median": 2.40223383904,
        "min": -6.02043104172,
        "var": 29.2710227966
    },
    "barkbands_spread": {
        "dmean": 14.6809396744,
        "dmean2": 23.8089580536,
        "dvar": 420.87689209,
        "dvar2": 1035.48681641,
        "max": 140.472839355,
        "mean": 24.4095439911,
        "median": 13.1431560516,
        "min": 0.0463865846395,
        "var": 750.620605469
    },
    "dissonance": {
        "dmean": 0.0310230124742,
        "dmean2": 0.0539555251598,
        "dvar": 0.00227790465578,
        "dvar2": 0.00610156124458,
        "max": 0.500000119209,
        "mean": 0.458900362253,
        "median": 0.478926360607,
        "min": 0.049335706979,
        "var": 0.00333569128998
    },
    "dynamic_complexity": 5.5394449234,
    "erbbands_crest": {
        "dmean": 2.96162199974,
        "dmean2": 4.71767425537,
        "dvar": 8.22100639343,
        "dvar2": 18.6213321686,
        "max": 27.6454524994,
        "mean": 8.26058387756,
        "median": 7.13637924194,
        "min": 2.03584814072,
        "var": 19.8779964447
    },
    "erbbands_flatness_db": {
        "dmean": 0.0325850881636,
        "dmean2": 0.0502070486546,
        "dvar": 0.00200635520741,
        "dvar2": 0.00446729036048,
        "max": 0.541344642639,
        "mean": 0.151286929846,
        "median": 0.124208875,
        "min": 0.0303365979344,
        "var": 0.00682044541463
    },
    "erbbands_kurtosis": {
        "dmean": 3.08742856979,
        "dmean2": 5.1549539566,
        "dvar": 91.1666793823,
        "dvar2": 250.098129272,
        "max": 280.887817383,
        "mean": 2.15411400795,
        "median": -0.0731267929077,
        "min": -1.90119123459,
        "var": 70.0126342773
    },
    "erbbands_skewness": {
        "dmean": 0.784161746502,
        "dmean2": 1.24689090252,
        "dvar": 1.09590613842,
        "dvar2": 2.59750437737,
        "max": 14.4057073593,
        "mean": 0.190258383751,
        "median": 0.152437254786,
        "min": -4.46205806732,
        "var": 1.88826954365
    },
    "erbbands_spread": {
        "dmean": 16.5234947205,
        "dmean2": 26.4913845062,
        "dvar": 363.527099609,
        "dvar2": 893.656066895,
        "max": 170.170684814,
        "mean": 51.8906173706,
        "median": 51.2232093811,
        "min": 1.33936214447,
        "var": 986.858093262
    },
    "hfc": {
        "dmean": 11.879825592,
        "dmean2": 17.4304885864,
        "dvar": 391.144561768,
        "dvar2": 709.074462891,
        "max": 238.012405396,
        "mean": 16.6209945679,
        "median": 7.84760093689,
        "min": 1.0689927033e-16,
        "var": 634.967102051
    },
    "melbands_crest": {
        "dmean": 5.25593185425,
        "dmean2": 8.09892749786,
        "dvar": 36.6349754333,
        "dvar2": 79.1462631226,
        "max": 39.8678436279,
        "mean": 20.0524272919,
        "median": 17.6727294922,
        "min": 1.58155977726,
        "var": 122.868339539
    },
    "melbands_flatness_db": {
        "dmean": 0.0726051032543,
        "dmean2": 0.101754069328,
        "dvar": 0.00640925206244,
        "dvar2": 0.0120952278376,
        "max": 0.797710835934,
        "mean": 0.261965334415,
        "median": 0.243339791894,
        "min": 0.00344361620955,
        "var": 0.0252206623554
    },
    "melbands_kurtosis": {
        "dmean": 99.361328125,
        "dmean2": 149.234298706,
        "dvar": 59290.28125,
        "dvar2": 136434.46875,
        "max": 3550.29077148,
        "mean": 147.133514404,
        "median": 21.1822834015,
        "min": -1.90643632412,
        "var": 127084.09375
    },
    "melbands_skewness": {
        "dmean": 2.74692034721,
        "dmean2": 4.10291528702,
        "dvar": 14.9536247253,
        "dvar2": 31.8607063293,
        "max": 44.2062263489,
        "mean": 6.02624225616,
        "median": 3.75304436684,
        "min": -5.09546232224,
        "var": 50.3216018677
    },
    "melbands_spread": {
        "dmean": 20.0282058716,
        "dmean2": 32.7953033447,
        "dvar": 1151.24804688,
        "dvar2": 2781.53710938,
        "max": 284.778839111,
        "mean": 33.6093864441,
        "median": 10.4620685577,
        "min": 0.0640782341361,
        "var": 2322.39257812
    },
    "pitch_salience": {
        "dmean": 0.132821142673,
        "dmean2": 0.206454902887,
        "dvar": 0.0213560685515,
        "dvar2": 0.0486525781453,
        "max": 0.969859421253,
        "mean": 0.442662298679,
        "median": 0.500522553921,
        "min": 0.0105034550652,
        "var": 0.0680190399289
    },
    "silence_rate_20dB": {
        "dmean": 0.00439676409587,
        "dmean2": 0.00879430118948,
        "dvar": 0.00437725475058,
        "dvar2": 0.0115304216743,
        "max": 1,
        "mean": 0.997010469437,
        "median": 1,
        "min": 0,
        "var": 0.0029805819504
    },
    "silence_rate_30dB": {
        "dmean": 0.0852972194552,
        "dmean2": 0.17060944438,
        "dvar": 0.0780134797096,
        "dvar2": 0.1509834975,
        "max": 1,
        "mean": 0.786248147488,
        "median": 1,
        "min": 0,
        "var": 0.168050989509
    },
    "silence_rate_60dB": {
        "dmean": 0.144389733672,
        "dmean2": 0.28871691227,
        "dvar": 0.123552933335,
        "dvar2": 0.247204452753,
        "max": 1,
        "mean": 0.229139193892,
        "median": 0,
        "min": 0,
        "var": 0.176627352834
    },
    "spectral_centroid": {
        "dmean": 628.265197754,
        "dmean2": 999.976501465,
        "dvar": 879409.25,
        "dvar2": 1684369.125,
        "max": 11588.9023438,
        "mean": 1990.02319336,
        "median": 1331.00817871,
        "min": 78.753868103,
        "var": 3263688
    },
    "spectral_complexity": {
        "dmean": 4.74868106842,
        "dmean2": 6.88215637207,
        "dvar": 50.7380447388,
        "dvar2": 75.7701187134,
        "max": 58,
        "mean": 8.59817123413,
        "median": 6,
        "min": 0,
        "var": 107.685935974
    },
    "spectral_decrease": {
        "dmean": 6.69113742191e-09,
        "dmean2": 9.05557406838e-09,
        "dvar": 9.6465789801e-17,
        "dvar2": 2.15060169765e-16,
        "max": 3.56714657812e-10,
        "mean": -1.34152831066e-08,
        "median": -4.12300549257e-09,
        "min": -1.20341312027e-07,
        "var": 3.18815128064e-16
    },
    "spectral_energy": {
        "dmean": 0.0259854327887,
        "dmean2": 0.0352470353246,
        "dvar": 0.00138713582419,
        "dvar2": 0.0030910866335,
        "max": 0.457347691059,
        "mean": 0.0521398186684,
        "median": 0.0172933004797,
        "min": 1.00960212962e-20,
        "var": 0.00462534371763
    },
    "spectral_energyband_high": {
        "dmean": 0.00101482449099,
        "dmean2": 0.00151154876221,
        "dvar": 4.08765299653e-06,
        "dvar2": 7.42138945498e-06,
        "max": 0.0257504954934,
        "mean": 0.00109766761307,
        "median": 0.000258356449194,
        "min": 6.91701756811e-21,
        "var": 6.07229731031e-06
    },
    "spectral_energyband_low": {
        "dmean": 0.0196839384735,
        "dmean2": 0.0260381046683,
        "dvar": 0.00132337375544,
        "dvar2": 0.00289595639333,
        "max": 0.450134366751,
        "mean": 0.0383865982294,
        "median": 0.0031682732515,
        "min": 1.06308646859e-23,
        "var": 0.0041816229932
    },
    "spectral_energyband_middle_high": {
        "dmean": 0.00114756426774,
        "dmean2": 0.00169473502319,
        "dvar": 5.69397252548e-06,
        "dvar2": 1.03348938865e-05,
        "max": 0.0321057252586,
        "mean": 0.00156589935068,
        "median": 0.000525909184944,
        "min": 1.20140774416e-21,
        "var": 9.54101960815e-06
    },
    "spectral_energyband_middle_low": {
        "dmean": 0.007245128043,
        "dmean2": 0.0116211427376,
        "dvar": 0.000238848951994,
        "dvar2": 0.000493451661896,
        "max": 0.234328895807,
        "mean": 0.00986813288182,
        "median": 0.00129710009787,
        "min": 1.69841134427e-22,
        "var": 0.000533160520718
    },
    "spectral_entropy": {
        "dmean": 0.32063344121,
        "dmean2": 0.484265357256,
        "dvar": 0.224681407213,
        "dvar2": 0.418618947268,
        "max": 9.81833744049,
        "mean": 7.84758090973,
        "median": 8.01341533661,
        "min": 3.41879224777,
        "var": 0.745875298977
    },
    "spectral_flux": {
        "dmean": 0.0533157661557,
        "dmean2": 0.0855494514108,
        "dvar": 0.00352264591493,
        "dvar2": 0.00795862264931,
        "max": 0.491143107414,
        "mean": 0.106366693974,
        "median": 0.0889900028706,
        "min": 6.39438918482e-11,
        "var": 0.006977470126
    },
    "spectral_kurtosis": {
        "dmean": 8.88677883148,
        "dmean2": 13.6646375656,
        "dvar": 1478.80932617,
        "dvar2": 3252.1706543,
        "max": 574.474609375,
        "mean": 10.0260334015,
        "median": 1.57385063171,
        "min": -1.25705862045,
        "var": 1876.23352051
    },
    "spectral_rms": {
        "dmean": 0.00189195352141,
        "dmean2": 0.00249021477066,
        "dvar": 4.1440066525e-06,
        "dvar2": 7.37926029615e-06,
        "max": 0.0211232770234,
        "mean": 0.00547537067905,
        "median": 0.00410749483854,
        "min": 3.13843547504e-12,
        "var": 2.08884121093e-05
    },
    "spectral_rolloff": {
        "dmean": 1668.09851074,
        "dmean2": 2924.87475586,
        "dvar": 11691617,
        "dvar2": 26466708,
        "max": 19832.0800781,
        "mean": 3105.13183594,
        "median": 409.130859375,
        "min": 21.533203125,
        "var": 23457802
    },
    "spectral_skewness": {
        "dmean": 0.608273684978,
        "dmean2": 0.899917185307,
        "dvar": 2.19056272507,
        "dvar2": 4.43881654739,
        "max": 20.5652599335,
        "mean": 1.65178394318,
        "median": 1.1139742136,
        "min": -0.0709602609277,
        "var": 4.45828199387
    },
    "spectral_spread": {
        "dmean": 1277336.75,
        "dmean2": 2044391.5,
        "dvar": 3.67260650701e+12,
        "dvar2": 8.8576884736e+12,
        "max": 42906692,
        "mean": 7091038.5,
        "median": 6777286,
        "min": 143112.96875,
        "var": 1.50984311439e+13
    },
    "spectral_strongpeak": {
        "dmean": 0.411893188953,
        "dmean2": 0.65659314394,
        "dvar": 0.754395246506,
        "dvar2": 1.69943344593,
        "max": 18.4278068542,
        "mean": 0.585523962975,
        "median": 0.29387319088,
        "min": 0,
        "var": 1.1231418848
    },
    "zerocrossingrate": {
        "dmean": 0.0396665409207,
        "dmean2": 0.0411519631743,
        "dvar": 0.00311607355252,
        "dvar2": 0.00331141543575,
        "max": 0.70068359375,
        "mean": 0.116486653686,
        "median": 0.05908203125,
        "min": 0,
        "var": 0.0182000529021
    },
    "barkbands": {
        "dmean": [0.00387231516652, 0.0175384972245, 0.00278593902476, 0.00202161096968, 0.00221150252037, 0.00255754427053, 0.000926444947254, 0.000642683007754, 0.000564861751627, 0.000301417399896, 0.000292334822007, 0.000195497050299, 0.000122457437101, 0.000153970409883, 0.000103108759504, 9.61592959356e-05, 7.28845334379e-05, 7.52813284635e-05, 8.5295199824e-05, 0.000137050927151, 0.000135142923682, 0.000176265399205, 0.000170353276189, 0.000205091550015, 0.000175291861524, 8.20881032269e-05, 1.95957345568e-05],
        "dmean2": [0.00592297269031, 0.0240863822401, 0.0046705994755, 0.00360146770254, 0.00368573213927, 0.00373026099987, 0.00148598104715, 0.00102164119016, 0.000869061506819, 0.000472052401165, 0.000481344613945, 0.000318212434649, 0.000197203218704, 0.000241557980189, 0.000159899544087, 0.000148894599988, 0.000113348243758, 0.000116392657219, 0.000131815584609, 0.000215460182517, 0.000194549225853, 0.000267463678028, 0.000255369406659, 0.000319738319376, 0.000271905621048, 0.000127898238134, 3.11371222779e-05],
        "dvar": [5.7730521803e-05, 0.00143758184277, 4.63947362732e-05, 2.05316773645e-05, 2.78973093373e-05, 5.31789228262e-05, 1.62816359079e-05, 4.79047230328e-06, 4.64764571007e-06, 7.04324975231e-07, 7.77993420797e-07, 2.88695332529e-07, 8.74947971852e-08, 2.87567445412e-07, 7.94228895984e-08, 7.48254294081e-08, 2.10175574722e-08, 3.15363593018e-08, 3.80081139895e-08, 8.25535622084e-08, 1.09075209309e-07, 1.39938151733e-07, 1.72831832401e-07, 1.62388019476e-07, 1.08957024736e-07, 1.98001288254e-07, 1.23907115679e-08],
        "dvar2": [0.000143590485095, 0.00312956585549, 0.000117388211947, 5.59972613701e-05, 7.23312696209e-05, 9.70699911704e-05, 3.95637689508e-05, 1.10793453132e-05, 9.95024493022e-06, 1.49941411109e-06, 1.6366680029e-06, 7.04956789832e-07, 2.07615315162e-07, 6.25039945135e-07, 1.75386560386e-07, 1.74905366634e-07, 4.52358079883e-08, 6.54108731624e-08, 7.89360257158e-08, 1.67899372627e-07, 1.87177320754e-07, 2.8439410471e-07, 3.40142008781e-07, 3.20930752196e-07, 2.14476230553e-07, 4.47620209343e-07, 2.86018302376e-08],
        "max": [0.102788947523, 0.441691309214, 0.121549636126, 0.0449783205986, 0.0779032409191, 0.167941585183, 0.0918168053031, 0.042986318469, 0.0519351735711, 0.013243874535, 0.0220749229193, 0.0110362973064, 0.00510383490473, 0.012939161621, 0.00557708088309, 0.00451286463067, 0.0020948855672, 0.00335454405285, 0.00316951633431, 0.00526053458452, 0.00564827071503, 0.00575382774696, 0.00569947110489, 0.0062766475603, 0.00435336772352, 0.00934217590839, 0.00249222270213],
        "mean": [0.00523156253621, 0.0321264751256, 0.00235205329955, 0.00167040841188, 0.00236726156436, 0.00318637629971, 0.00108840421308, 0.000712189881597, 0.000646220112685, 0.00033139239531, 0.000301697786199, 0.000218473622226, 0.000126201310195, 0.000163070420967, 0.000112702757178, 0.000100638302683, 8.17816326162e-05, 8.35736864246e-05, 9.66623920249e-05, 0.000139281182783, 0.000154535591719, 0.000185530894669, 0.000183970783837, 0.000202650931897, 0.000171186999069, 8.55343605508e-05, 2.0051977117e-05],
        "median": [0.00066202977905, 0.000483001669636, 8.42079607537e-05, 4.77599205624e-05, 0.000116362265544, 0.000103713864519, 6.85758859618e-05, 6.03484259045e-05, 5.52816054551e-05, 5.09246056026e-05, 4.25849211751e-05, 3.72360773326e-05, 2.42670339503e-05, 2.01983257284e-05, 1.61010939337e-05, 7.81966627983e-06, 1.08264175651e-05, 1.24953648992e-05, 1.84646996786e-05, 2.67194773187e-05, 3.17581143463e-05, 4.48386344942e-05, 4.06098733947e-05, 3.67553875549e-05, 1.85951575986e-05, 4.74394801131e-06, 1.29737395582e-06],
        "min": [3.10966898078e-25, 2.24020305713e-24, 1.08174839325e-24, 5.12204526139e-25, 7.56018811357e-24, 7.01597664088e-24, 6.02981846782e-24, 4.40045506151e-24, 2.01473623689e-23, 8.86566455929e-24, 1.65130470464e-23, 2.35366559166e-23, 1.57252700361e-23, 3.27085775785e-23, 3.90991713261e-23, 4.99207557576e-23, 6.80056160463e-23, 1.0267277748e-22, 1.17128300159e-22, 1.7201643415e-22, 2.33167745076e-22, 3.48033768864e-22, 3.53645611748e-22, 5.65860857772e-22, 8.1438521294e-22, 1.25960119272e-21, 1.79345701693e-21],
        "var": [9.32291513891e-05, 0.00369454477914, 4.30555519415e-05, 1.63063050422e-05, 3.81004319934e-05, 0.000122879151604, 2.43758186116e-05, 6.37223456579e-06, 6.31309831078e-06, 8.94079903446e-07, 1.12360521598e-06, 3.29415144051e-07, 9.75272058668e-08, 3.1114834087e-07, 9.69849764942e-08, 8.17205645376e-08, 3.00092395378e-08, 4.1639882653e-08, 5.05251804839e-08, 1.04106803178e-07, 1.68675938994e-07, 1.8748018249e-07, 2.30239550092e-07, 2.22175358999e-07, 1.49371203406e-07, 2.08203985608e-07, 1.27218502399e-08]
    },
    "erbbands": {
        "dmean": [0.612160623074, 3.90172100067, 3.25870585442, 5.93168878555, 5.9233250618, 7.63249158859, 14.4952325821, 21.0408287048, 17.9617156982, 11.3782920837, 14.6847600937, 11.8921775818, 10.724612236, 7.28237581253, 10.6992235184, 8.14393615723, 6.36596441269, 7.91014957428, 5.29509925842, 5.31034183502, 4.52473402023, 4.12100219727, 4.01908445358, 4.13088321686, 4.61507844925, 5.43596982956, 7.08558559418, 4.95499706268, 6.49973344803, 5.59161806107, 4.76493263245, 5.06546449661, 2.72572946548, 2.12096834183, 1.16142213345, 0.592953324318, 0.0873142257333, 0.0203248783946, 0.00336618092842, 0.00014292592823],
        "dmean2": [0.810865998268, 5.39242696762, 4.69466686249, 10.4603290558, 10.3641586304, 12.6889438629, 22.6686973572, 29.8818683624, 28.0719184875, 18.3581886292, 23.2904624939, 18.0748100281, 16.6753292084, 11.9891633987, 17.5055618286, 12.9621238708, 10.0245723724, 12.2642631531, 7.98852968216, 8.27118873596, 6.96404457092, 6.36837625504, 6.25513458252, 6.40939378738, 7.01379728317, 8.20148468018, 10.6200809479, 7.10144710541, 9.93525123596, 8.50874233246, 7.10803890228, 7.82611131668, 4.23465204239, 3.28846549988, 1.8098385334, 0.925486922264, 0.134173750877, 0.0317314602435, 0.00535430992022, 0.000218067521928],
        "dvar": [1.68923306465, 75.3318099976, 48.0890007019, 188.381591797, 233.796676636, 311.302856445, 1003.54534912, 5554.02587891, 7883.00537109, 1849.34228516, 2123.62182617, 1715.61206055, 955.559631348, 283.84552002, 1379.95690918, 496.442230225, 250.983825684, 760.112792969, 215.160903931, 202.312301636, 135.244400024, 68.9730682373, 78.7519454956, 100.163299561, 122.415405273, 140.166366577, 242.521331787, 138.588500977, 197.190750122, 145.5181427, 128.491653442, 96.3460464478, 35.2591018677, 16.2054290771, 5.63575172424, 12.7195959091, 0.0887308120728, 0.00929272174835, 0.000383086968213, 1.48857395743e-07],
        "dvar2": [3.87760281563, 150.26385498, 100.961303711, 507.534637451, 610.714355469, 800.641479492, 2331.06298828, 9495.50488281, 17337.5839844, 4301.71533203, 4335.45849609, 3573.28466797, 2010.95275879, 706.562988281, 2713.45166016, 1181.32263184, 593.621337891, 1619.50097656, 449.59274292, 444.506713867, 310.806762695, 148.924362183, 160.391540527, 201.855789185, 252.022003174, 258.913787842, 461.470458984, 233.262130737, 412.83984375, 296.203735352, 248.884689331, 195.899276733, 65.7998962402, 31.7404251099, 11.6267547607, 28.8919849396, 0.192329257727, 0.0208527538925, 0.000897154270206, 3.43824211768e-07],
        "max": [15.7363996506, 101.246131897, 86.3595809937, 211.078720093, 296.863586426, 259.065612793, 364.72088623, 1957.90148926, 2157.31640625, 752.539428711, 1032.67077637, 1161.09069824, 510.637695312, 342.735046387, 1059.92810059, 423.414489746, 243.6484375, 685.650268555, 361.96685791, 302.221588135, 147.43989563, 128.386978149, 129.954772949, 204.593429565, 226.003417969, 244.359863281, 276.484130859, 201.317245483, 227.383956909, 165.44430542, 182.137405396, 164.466262817, 88.9463729858, 61.4648246765, 34.5600624084, 76.3958587646, 6.59048318863, 2.14825892448, 0.425666242838, 0.00811290927231],
        "mean": [1.26330375671, 5.81833219528, 3.77868437767, 5.01815032959, 5.63478136063, 8.29556846619, 15.9323186874, 28.1862049103, 21.4129524231, 13.0340261459, 16.9047145844, 14.0997219086, 12.3256244659, 7.87345075607, 11.2581968307, 9.50600814819, 6.91614437103, 8.58558654785, 6.03694534302, 6.06798362732, 5.04140663147, 4.65882825851, 4.52363824844, 4.77436590195, 5.14101362228, 5.97352981567, 7.39019155502, 5.72846984863, 6.80841684341, 5.76731777191, 5.2061715126, 4.92037439346, 2.80940461159, 2.09729957581, 1.11824798584, 0.588220536709, 0.0986879095435, 0.0221868865192, 0.00342343375087, 0.000190967679373],
        "median": [0.0338687039912, 0.0722347348928, 0.217653870583, 0.281437337399, 0.190569490194, 0.437878131866, 0.826025009155, 0.781352162361, 0.956569433212, 1.42195689678, 1.63144493103, 1.39310216904, 1.64209008217, 1.71772003174, 1.56918025017, 1.67569684982, 1.3936573267, 1.19268333912, 0.94959551096, 0.801342070103, 0.599846184254, 0.592528939247, 0.608578801155, 0.855714797974, 1.07967638969, 1.22701251507, 1.28219151497, 1.30666029453, 1.6804163456, 1.30788433552, 1.17392003536, 0.937344908714, 0.466918736696, 0.247565418482, 0.109770409763, 0.0315761454403, 0.00768276536837, 0.00149005046114, 0.000256820378127, 9.65525323409e-05],
        "min": [7.84854627782e-23, 6.10770545023e-22, 1.32149655725e-21, 3.80709392251e-21, 1.65791971733e-20, 1.43958765647e-20, 2.64705114627e-20, 5.46977703695e-20, 8.17936416843e-20, 2.08919430499e-19, 2.19072477982e-19, 4.05749254455e-19, 3.84806747405e-19, 5.54119503555e-19, 5.4083958411e-19, 1.06522571866e-18, 1.4185902453e-18, 1.88622677504e-18, 2.36101914087e-18, 3.16459677503e-18, 4.33265624327e-18, 4.95800395918e-18, 6.46218640817e-18, 4.84960069913e-18, 6.45793428623e-18, 7.96446220585e-18, 9.45560580685e-18, 1.15856926643e-17, 9.78550694183e-18, 9.80824861841e-18, 1.03615108527e-17, 1.06679705163e-17, 9.32511227496e-18, 7.88862132421e-18, 6.38653205576e-18, 3.97668030743e-18, 2.14479392195e-18, 8.8538796809e-19, 2.58559521336e-19, 2.60333448933e-20],
        "var": [5.16752576828, 159.965423584, 71.0981521606, 158.593414307, 265.085174561, 421.165710449, 1436.00170898, 14567.2226562, 12546.7246094, 2287.69482422, 3476.27929688, 2613.09741211, 1247.66320801, 316.011383057, 2135.61401367, 595.936828613, 286.598693848, 848.573791504, 283.075897217, 245.258468628, 159.82170105, 97.5619125366, 106.634780884, 138.331970215, 159.947052002, 201.253250122, 336.758026123, 217.928756714, 255.48085022, 189.861099243, 176.005249023, 126.136657715, 51.5431404114, 22.572435379, 7.1180229187, 12.9224481583, 0.108952499926, 0.0104273660108, 0.00038044678513, 1.74929027708e-07]
    },
    "gfcc": {
        "mean": [-114.866241455, 35.2496795654, -77.9569015503, 31.2349777222, -59.4289474487, 25.5622749329, -23.4007434845, 10.8176307678, -13.495057106, 9.0987071991, -5.97324800491, 3.3414041996, -3.78915858269],
        "cov": [[40366.171875, 5901.828125, -1551.52392578, 1475.29907227, -752.606384277, 620.815673828, -698.223693848, 124.466056824, -573.161987305, -215.616653442, -290.027770996, -93.6890640259, -141.833770752], [5901.828125, 7998.85693359, 998.60949707, -130.314041138, 56.1479606628, -384.030792236, 253.348251343, -302.161804199, 8.86602783203, -580.780395508, 89.438293457, -185.104507446, 114.802604675], [-1551.52392578, 998.60949707, 1485.91894531, 133.149505615, 54.3543891907, -206.549240112, 12.6538028717, -150.480895996, -13.4835767746, -113.018280029, -40.9152145386, -17.6647491455, 29.5305633545], [1475.29907227, -130.314041138, 133.149505615, 1581.90893555, 662.633361816, 613.394897461, 163.553207397, 172.724639893, 208.497344971, 98.3129196167, 77.4247589111, -44.0502281189, 89.6320724487], [-752.606384277, 56.1479606628, 54.3543891907, 662.633361816, 912.208068848, 492.728424072, 366.279052734, 130.509735107, 263.54699707, 122.090576172, 92.6569976807, -42.4141807556, 49.127040863], [620.815673828, -384.030792236, -206.549240112, 613.394897461, 492.728424072, 618.406066895, 286.281066895, 222.847381592, 196.444442749, 187.780532837, 104.499450684, -10.2063035965, 63.5706710815], [-698.223693848, 253.348251343, 12.6538028717, 163.553207397, 366.279052734, 286.281066895, 431.476043701, 188.105239868, 205.193588257, 93.8122329712, 116.445236206, -1.03973460197, 38.4885139465], [124.466056824, -302.161804199, -150.480895996, 172.724639893, 130.509735107, 222.847381592, 188.105239868, 240.428314209, 147.493988037, 117.247955322, 68.2138595581, 10.4473152161, 36.2558860779], [-573.161987305, 8.86602783203, -13.4835767746, 208.497344971, 263.54699707, 196.444442749, 205.193588257, 147.493988037, 256.996582031, 137.017440796, 95.7011413574, -0.510323166847, 67.5188598633], [-215.616653442, -580.780395508, -113.018280029, 98.3129196167, 122.090576172, 187.780532837, 93.8122329712, 117.247955322, 137.017440796, 224.177108765, 93.8151245117, 43.3152198792, 37.7661399841], [-290.027770996, 89.438293457, -40.9152145386, 77.4247589111, 92.6569976807, 104.499450684, 116.445236206, 68.2138595581, 95.7011413574, 93.8151245117, 140.636810303, 41.458278656, 56.7062187195], [-93.6890640259, -185.104507446, -17.6647491455, -44.0502281189, -42.4141807556, -10.2063035965, -1.03973460197, 10.4473152161, -0.510323166847, 43.3152198792, 41.458278656, 93.3628082275, 34.0387802124], [-141.833770752, 114.802604675, 29.5305633545, 89.6320724487, 49.127040863, 63.5706710815, 38.4885139465, 36.2558860779, 67.5188598633, 37.7661399841, 56.7062187195, 34.0387802124, 97.3150939941]],
        "icov": [[5.43391251995e-05, -9.65369763435e-05, 7.62388808653e-05, -8.27347030281e-05, 7.28852974134e-05, -0.000117956893519, 0.000140841730172, -0.000165678779013, 0.000182066578418, -0.000256653263932, 0.00027890666388, -0.00018632026331, 0.000168364189449], [-9.65369763435e-05, 0.000403048034059, -0.000211390957702, 0.000173613574589, -5.29053795617e-05, 0.000196094624698, -0.000456657027826, 0.000600481696893, -0.000568761723116, 0.00125930528156, -0.00107941008173, 0.00077762210276, -0.000593543518335], [7.62388808653e-05, -0.000211390957702, 0.00105023640208, -0.000497300643474, 6.05023487878e-05, 0.000699010095559, -0.000577366387006, 0.000417469709646, 0.000465614983113, -0.00097686832305, 0.00117580872029, -0.000224586619879, -0.000465060118586], [-8.27347030281e-05, 0.000173613574589, -0.000497300643474, 0.00167155638337, -0.000753795553464, -0.00154253805522, 0.00141541170888, -0.000454180029919, -0.00096272333758, 0.00180962949526, -0.00123380124569, 0.000258964020759, -0.000122439261759], [7.28852974134e-05, -5.29053795617e-05, 6.05023487878e-05, -0.000753795553464, 0.00345267960802, -0.00178669346496, -0.0017668743385, 0.00243821926415, -0.00201166374609, 8.12337821117e-05, 0.000920073594898, -8.70732837939e-05, 0.000917659664992], [-0.000117956893519, 0.000196094624698, 0.000699010095559, -0.00154253805522, -0.00178669346496, 0.00747103337198, -0.00303126429208, -0.00156409584451, 0.00322442548349, -0.0039341035299, 0.000591385934968, 0.00262856390327, -0.00336589943618], [0.000140841730172, -0.000456657027826, -0.000577366387006, 0.00141541170888, -0.0017668743385, -0.00303126429208, 0.0089666498825, -0.00470027746633, -0.00256302999333, 0.00292287650518, -0.00329422857612, -0.00207231030799, 0.0039808312431], [-0.000165678779013, 0.000600481696893, 0.000417469709646, -0.000454180029919, 0.00243821926415, -0.00156409584451, -0.00470027746633, 0.0120885670185, -0.00441868556663, -4.84818747282e-06, 0.000445435231086, 0.000524463423062, -0.000887477130163], [0.000182066578418, -0.000568761723116, 0.000465614983113, -0.00096272333758, -0.00201166374609, 0.00322442548349, -0.00256302999333, -0.00441868556663, 0.0148176634684, -0.00820536073297, 0.00117930292618, 0.00413783127442, -0.00598005019128], [-0.000256653263932, 0.00125930528156, -0.00097686832305, 0.00180962949526, 8.12337821117e-05, -0.0039341035299, 0.00292287650518, -4.84818747282e-06, -0.00820536073297, 0.0166395828128, -0.00810177344829, -0.00273363525048, 0.0030573757831], [0.00027890666388, -0.00107941008173, 0.00117580872029, -0.00123380124569, 0.000920073594898, 0.000591385934968, -0.00329422857612, 0.000445435231086, 0.00117930292618, -0.00810177344829, 0.0185026414692, -0.00480575999245, -0.00402914686128], [-0.00018632026331, 0.00077762210276, -0.000224586619879, 0.000258964020759, -8.70732837939e-05, 0.00262856390327, -0.00207231030799, 0.000524463423062, 0.00413783127442, -0.00273363525048, -0.00480575999245, 0.018628872931, -0.00793387647718], [0.000168364189449, -0.000593543518335, -0.000465060118586, -0.000122439261759, 0.000917659664992, -0.00336589943618, 0.0039808312431, -0.000887477130163, -0.00598005019128, 0.0030573757831, -0.00402914686128, -0.00793387647718, 0.0200525596738]]
    },
    "melbands": {
        "dmean": [0.00521820224822, 0.00271680345759, 0.000982196186669, 0.000460391514935, 0.00047546820133, 0.000488438119646, 0.0002444544225, 0.000126784303575, 0.000130308806547, 7.04369012965e-05, 5.26947478647e-05, 2.80357307929e-05, 3.5493147152e-05, 1.91671806533e-05, 2.47130246862e-05, 1.12934540084e-05, 1.64460489032e-05, 8.60894397192e-06, 8.34764250612e-06, 7.64110154705e-06, 4.67571135232e-06, 4.40058738604e-06, 3.69389681509e-06, 3.66202448276e-06, 3.38183826898e-06, 3.53601490133e-06, 3.00256533592e-06, 4.08191863244e-06, 5.44559634363e-06, 3.41192094311e-06, 2.65731591753e-06, 3.76225557375e-06, 3.55806992047e-06, 3.10661425829e-06, 2.75069123745e-06, 2.86887416223e-06, 3.37884284818e-06, 2.14758756556e-06, 1.34684410114e-06, 2.1050777832e-06],
        "dmean2": [0.00718862470239, 0.00375580857508, 0.00171395414509, 0.000787625263911, 0.000744622491766, 0.00070155900903, 0.000381888181437, 0.000203446033993, 0.00020631980442, 0.000107308675069, 8.2186430518e-05, 4.6537930757e-05, 5.82402899454e-05, 3.05830799334e-05, 3.92708097934e-05, 1.81537325261e-05, 2.60158685705e-05, 1.31209071697e-05, 1.31028509713e-05, 1.194995275e-05, 7.32443231755e-06, 6.89143007548e-06, 5.75946933168e-06, 5.73215720578e-06, 5.33113870915e-06, 5.47056515643e-06, 4.62178013549e-06, 6.30304703009e-06, 8.46455259307e-06, 4.89518379254e-06, 3.83590577258e-06, 5.81022322876e-06, 5.49310698261e-06, 4.82136556457e-06, 4.14554688177e-06, 4.30056343248e-06, 5.4323322729e-06, 3.41755276168e-06, 2.00769704861e-06, 3.33875482283e-06],
        "dvar": [0.000122378172819, 3.12187439704e-05, 4.60616229248e-06, 1.27073349176e-06, 1.08960102807e-06, 2.78603829429e-06, 1.36447977184e-06, 2.43046457626e-07, 2.02574824471e-07, 6.02730523269e-08, 2.36294592781e-08, 4.26713375745e-09, 1.31842421425e-08, 2.41006392621e-09, 6.01571281678e-09, 9.08610575667e-10, 3.79246856141e-09, 6.0577987071e-10, 5.36266198115e-10, 4.97781260655e-10, 1.33114255729e-10, 7.90992826794e-11, 6.00932845152e-11, 7.06150138363e-11, 7.04298563914e-11, 7.02351996007e-11, 6.01974928238e-11, 7.48330425404e-11, 1.28051777515e-10, 7.69556640634e-11, 4.15363750339e-11, 6.49219081272e-11, 6.13024006557e-11, 4.8275224096e-11, 4.24638484098e-11, 5.09733054377e-11, 4.19574548716e-11, 2.09018791858e-11, 1.29330166368e-11, 1.39409586306e-11],
        "dvar2": [0.000275010592304, 5.5381522543e-05, 1.21963903439e-05, 3.32304580297e-06, 2.53048256127e-06, 4.98136751048e-06, 2.96149187307e-06, 5.71109296743e-07, 4.10529594319e-07, 1.25004859797e-07, 4.98662835469e-08, 1.07312239095e-08, 2.70258109225e-08, 5.104650036e-09, 1.50427972301e-08, 2.15413220594e-09, 8.23850765386e-09, 1.33032673766e-09, 1.24673760205e-09, 1.17380138942e-09, 3.04763381198e-10, 1.7647976136e-10, 1.2310887032e-10, 1.49680698391e-10, 1.46968728854e-10, 1.47835424458e-10, 1.20808585358e-10, 1.4748993693e-10, 2.69013644694e-10, 1.4251613778e-10, 7.35772068272e-11, 1.39299294322e-10, 1.27343399714e-10, 1.01876701519e-10, 8.20775392096e-11, 1.04891220709e-10, 9.32016547273e-11, 4.13007197886e-11, 2.53748445866e-11, 2.8779811867e-11],
        "max": [0.123133607209, 0.0661562681198, 0.0301730707288, 0.0181823950261, 0.0141840605065, 0.0394020266831, 0.0284125357866, 0.00953046791255, 0.0102064264938, 0.00767528777942, 0.00253626704216, 0.00125679560006, 0.00304165715352, 0.00100258307066, 0.00179667863995, 0.000621140236035, 0.00153888843488, 0.000663761573378, 0.000555650040042, 0.000420719239628, 0.000176993242349, 0.000140647389344, 0.000112269255624, 0.00013627044973, 0.000167799837072, 0.000148561986862, 0.000174923945451, 0.000157441550982, 0.000207652352401, 0.000154971829033, 0.000101432822703, 0.000130118773086, 0.000110223394586, 9.41651742323e-05, 0.000107686522824, 0.000150516701979, 0.000111051958811, 5.97444050072e-05, 6.7169952672e-05, 5.05698080815e-05],
        "mean": [0.0102365119383, 0.00396787561476, 0.000868588103913, 0.000476637884276, 0.00053909572307, 0.000639357487671, 0.00029428009293, 0.000138898089062, 0.000146804828546, 8.32460209494e-05, 5.91100470047e-05, 2.93790835713e-05, 3.70443704014e-05, 2.19287940126e-05, 2.72363304248e-05, 1.13317464638e-05, 1.71339343069e-05, 9.44689600146e-06, 8.93628021004e-06, 7.97852317191e-06, 5.23980224898e-06, 4.83281701236e-06, 4.08170262745e-06, 4.0294048631e-06, 3.7752793105e-06, 3.87288127968e-06, 3.34206856678e-06, 4.20211517849e-06, 5.18188835485e-06, 3.76290677195e-06, 3.07001619149e-06, 3.88104581361e-06, 3.5954528812e-06, 3.13470491164e-06, 2.99880070997e-06, 3.04553896058e-06, 3.02131547869e-06, 2.08867663787e-06, 1.49961886109e-06, 1.96176961254e-06],
        "median": [0.000402225443395, 0.000157099333592, 3.48628600477e-05, 2.11833194044e-05, 2.88586015813e-05, 1.82191051863e-05, 1.43864672282e-05, 1.51288613779e-05, 1.25794922496e-05, 8.28183601698e-06, 7.23782068235e-06, 6.1900404944e-06, 5.14412522534e-06, 4.17494220528e-06, 3.3762946714e-06, 2.01528428079e-06, 2.01410489353e-06, 1.43315321566e-06, 1.22044775708e-06, 8.13627764273e-07, 6.35753792722e-07, 6.08019774972e-07, 4.45283717454e-07, 5.99756219799e-07, 6.05377692864e-07, 7.30136662241e-07, 7.33238664452e-07, 7.73889553329e-07, 7.69145515278e-07, 7.35745970815e-07, 7.037348837e-07, 9.52584287006e-07, 7.57927580253e-07, 6.88162799634e-07, 6.41137489765e-07, 6.54517918974e-07, 5.10945028509e-07, 3.28905144897e-07, 2.35345765986e-07, 2.05721690349e-07],
        "min": [8.2877667538e-25, 8.78860073745e-25, 1.24418589769e-24, 1.33854164917e-24, 1.24016684859e-24, 1.17273215879e-24, 1.18684349988e-24, 2.31179553693e-24, 1.33261010542e-24, 2.56795011134e-24, 1.92659100983e-24, 1.78832952834e-24, 2.04187711467e-24, 1.38602456756e-24, 2.83454466819e-24, 3.22970146448e-24, 2.95391569201e-24, 3.68362267896e-24, 3.38466569513e-24, 3.32395456543e-24, 4.01177343275e-24, 4.58410306354e-24, 4.22260755372e-24, 4.87582540401e-24, 3.10886315937e-24, 4.69386990305e-24, 3.84817630278e-24, 4.33017110473e-24, 4.52220864248e-24, 5.08192714841e-24, 5.17143525102e-24, 4.2723128905e-24, 5.18878348562e-24, 5.12888054392e-24, 4.95363036066e-24, 5.44724547818e-24, 5.51958836192e-24, 5.69412147062e-24, 6.09088379606e-24, 6.44975516008e-24],
        "var": [0.000341850041877, 6.94520276738e-05, 4.11776591136e-06, 1.58745399403e-06, 1.68334793216e-06, 6.68526172376e-06, 2.22686207962e-06, 2.84806532136e-07, 3.13851614919e-07, 9.28005476908e-08, 3.01662197444e-08, 4.5917278868e-09, 1.99074801088e-08, 3.45826389747e-09, 6.43179554061e-09, 9.95669435788e-10, 4.04156574874e-09, 7.40867034388e-10, 5.88035509175e-10, 5.29297272678e-10, 1.63309574197e-10, 1.07389069859e-10, 8.22603096751e-11, 9.30344898342e-11, 9.30091212381e-11, 8.98925586745e-11, 7.89917783961e-11, 1.0018497143e-10, 1.54612933567e-10, 1.11251279022e-10, 6.32350560803e-11, 8.17701184541e-11, 7.83330622589e-11, 5.91092660929e-11, 5.79762488018e-11, 6.54257203969e-11, 4.79018873178e-11, 2.85174227982e-11, 1.82074424981e-11, 1.78122395306e-11]
    },
    "mfcc": {
        "mean": [-752.921325684, 75.5880508423, 33.7534637451, 15.3426427841, 1.31523001194, 13.8653268814, 6.48746061325, 7.1023812294, 4.67916727066, 7.8487534523, 5.06203699112, 5.76190090179, 4.22556209564],
        "cov": [[22744.3847656, 3504.66088867, -537.43182373, 620.049804688, 77.9213485718, 196.791488647, -31.1226615906, 178.878234863, -192.411560059, -52.7517738342, -296.687316895, -52.9884185791, -24.2359027863], [3504.66088867, 5673.17285156, 1001.64605713, 202.449310303, -324.109161377, -245.635971069, -98.5669403076, 76.7024765015, -120.775032043, -269.815673828, -267.817321777, -82.8920440674, -1.89477646351], [-537.43182373, 1001.64605713, 1151.27990723, 263.335968018, -75.1737442017, -151.471954346, -123.136390686, -86.1896057129, -64.8618469238, -183.814788818, -112.459693909, -56.2576293945, -47.6153869629], [620.049804688, 202.449310303, 263.335968018, 710.928649902, 410.907928467, 323.38659668, 131.416915894, 144.317718506, 99.0633010864, 73.6017684937, 46.2688903809, 35.6815795898, 4.49014043808], [77.9213485718, -324.109161377, -75.1737442017, 410.907928467, 537.79119873, 431.35546875, 181.334091187, 123.620384216, 148.959106445, 171.204833984, 97.5227127075, 45.7058982849, 27.2548885345], [196.791488647, -245.635971069, -151.471954346, 323.38659668, 431.35546875, 536.64453125, 281.499633789, 181.271011353, 183.986068726, 227.83644104, 156.232284546, 86.9230422974, 66.3853683472], [-31.1226615906, -98.5669403076, -123.136390686, 131.416915894, 181.334091187, 281.499633789, 287.119506836, 188.892044067, 135.5909729, 164.702575684, 124.065162659, 77.8727493286, 57.2170944214], [178.878234863, 76.7024765015, -86.1896057129, 144.317718506, 123.620384216, 181.271011353, 188.892044067, 223.585601807, 144.948059082, 120.777740479, 84.1721420288, 64.4212722778, 52.6111602783], [-192.411560059, -120.775032043, -64.8618469238, 99.0633010864, 148.959106445, 183.986068726, 135.5909729, 144.948059082, 202.528579712, 183.726989746, 105.369468689, 68.2389831543, 67.8547973633], [-52.7517738342, -269.815673828, -183.814788818, 73.6017684937, 171.204833984, 227.83644104, 164.702575684, 120.777740479, 183.726989746, 278.030334473, 167.185394287, 82.7483825684, 77.120223999], [-296.687316895, -267.817321777, -112.459693909, 46.2688903809, 97.5227127075, 156.232284546, 124.065162659, 84.1721420288, 105.369468689, 167.185394287, 165.206069946, 88.3182525635, 55.0578994751], [-52.9884185791, -82.8920440674, -56.2576293945, 35.6815795898, 45.7058982849, 86.9230422974, 77.8727493286, 64.4212722778, 68.2389831543, 82.7483825684, 88.3182525635, 105.765853882, 62.400604248], [-24.2359027863, -1.89477646351, -47.6153869629, 4.49014043808, 27.2548885345, 66.3853683472, 57.2170944214, 52.6111602783, 67.8547973633, 77.120223999, 55.0578994751, 62.400604248, 103.811279297]],
