{
"lowlevel": {
    "average_loudness": 0.970429003239,
    "barkbands_crest": {
        "dmean": 3.91079616547,
        "dmean2": 6.0563659668,
        "dvar": 11.6944303513,
        "dvar2": 23.1537094116,
        "max": 26.1935501099,
        "mean": 12.3355445862,
        "median": 10.9706058502,
        "min": 2.34491920471,
        "var": 31.140586853
    },
    "barkbands_flatness_db": {
        "dmean": 0.0506842322648,
        "dmean2": 0.069998562336,
        "dvar": 0.00193200202193,
        "dvar2": 0.00364318443462,
        "max": 0.539476633072,
        "mean": 0.190171375871,
        "median": 0.183868557215,
        "min": 0.0198982376605,
        "var": 0.00716095743701
    },
    "barkbands_kurtosis": {
        "dmean": 8.44645214081,
        "dmean2": 13.3141908646,
        "dvar": 399.604187012,
        "dvar2": 999.003112793,
        "max": 703.534912109,
        "mean": 8.38371944427,
        "median": 1.65966939926,
        "min": -1.89376246929,
        "var": 522.558959961
    },
    "barkbands_skewness": {
        "dmean": 1.21024560928,
        "dmean2": 1.73979961872,
        "dvar": 1.39071297646,
        "dvar2": 2.99419999123,
        "max": 22.6401767731,
        "mean": 1.65324962139,
        "median": 1.14408314228,
        "min": -5.25964832306,
        "var": 4.46229743958
    },
    "barkbands_spread": {
        "dmean": 10.2175893784,
        "dmean2": 15.639755249,
        "dvar": 180.825378418,
        "dvar2": 382.261657715,
        "max": 134.519943237,
        "mean": 21.1394042969,
        "median": 14.9202337265,
        "min": 0.166826322675,
        "var": 419.974151611
    },
    "dissonance": {
        "dmean": 0.0299425106496,
        "dmean2": 0.0487267635763,
        "dvar": 0.000764326425269,
        "dvar2": 0.00196532299742,
        "max": 0.500000178814,
        "mean": 0.449589192867,
        "median": 0.458059430122,
        "min": 0.200856029987,
        "var": 0.00143783492967
    },
    "dynamic_complexity": 3.43196773529,
    "erbbands_crest": {
        "dmean": 4.0890622139,
        "dmean2": 6.44715499878,
        "dvar": 14.0058717728,
        "dvar2": 27.3894462585,
        "max": 33.107585907,
        "mean": 11.9062318802,
        "median": 9.90870380402,
        "min": 2.37685704231,
        "var": 43.0186653137
    },
    "erbbands_flatness_db": {
        "dmean": 0.040871091187,
        "dmean2": 0.0586875118315,
        "dvar": 0.00168740143999,
        "dvar2": 0.00280904979445,
        "max": 0.442206501961,
        "mean": 0.195881456137,
        "median": 0.198416814208,
        "min": 0.0232985708863,
        "var": 0.00561776012182
    },
    "erbbands_kurtosis": {
        "dmean": 2.19657087326,
        "dmean2": 3.46793293953,
        "dvar": 8.30839443207,
        "dvar2": 19.2150192261,
        "max": 41.3154754639,
        "mean": 1.98281228542,
        "median": 0.813964605331,
        "min": -1.90208649635,
        "var": 14.4422540665
    },
    "erbbands_skewness": {
        "dmean": 0.683250844479,
        "dmean2": 1.06120824814,
        "dvar": 0.359187692404,
        "dvar2": 0.826346039772,
        "max": 5.00054359436,
        "mean": 0.2318572402,
        "median": 0.181610271335,
        "min": -3.66311979294,
        "var": 0.838645756245
    },
    "erbbands_spread": {
        "dmean": 12.2790279388,
        "dmean2": 18.8539657593,
        "dvar": 195.32484436,
        "dvar2": 436.699279785,
        "max": 160.248168945,
        "mean": 29.3902130127,
        "median": 21.0872116089,
        "min": 1.32899963856,
        "var": 521.954345703
    },
    "hfc": {
        "dmean": 14.5662899017,
        "dmean2": 22.8816547394,
        "dvar": 1035.13342285,
        "dvar2": 2597.29125977,
        "max": 531.084106445,
        "mean": 20.6735439301,
        "median": 10.9359083176,
        "min": 1.09285759189e-16,
        "var": 1178.42590332
    },
    "melbands_crest": {
        "dmean": 4.69541931152,
        "dmean2": 7.26545095444,
        "dvar": 15.4196863174,
        "dvar2": 35.1120681763,
        "max": 33.4426803589,
        "mean": 17.1396770477,
        "median": 16.829120636,
        "min": 1.60251736641,
        "var": 41.5552978516
    },
    "melbands_flatness_db": {
        "dmean": 0.060015976429,
        "dmean2": 0.0821803584695,
        "dvar": 0.00278890016489,
        "dvar2": 0.00512133026496,
        "max": 0.665891826153,
        "mean": 0.271813571453,
        "median": 0.262990355492,
        "min": 0.00388997397386,
        "var": 0.012099608779
    },
    "melbands_kurtosis": {
        "dmean": 16.2196464539,
        "dmean2": 25.5934448242,
        "dvar": 877.474975586,
        "dvar2": 2063.74951172,
        "max": 870.542907715,
        "mean": 18.9627685547,
        "median": 5.03158283234,
        "min": -1.84615147114,
        "var": 1405.77111816
    },
    "melbands_skewness": {
        "dmean": 1.49377036095,
        "dmean2": 2.15504765511,
        "dvar": 2.0750772953,
        "dvar2": 4.48772192001,
        "max": 20.6740398407,
        "mean": 2.71238946915,
        "median": 2.05257797241,
        "min": -3.14557671547,
        "var": 6.64165639877
    },
    "melbands_spread": {
        "dmean": 11.509472847,
        "dmean2": 17.6050453186,
        "dvar": 290.613800049,
        "dvar2": 641.544494629,
        "max": 245.002716064,
        "mean": 23.2200202942,
        "median": 15.7792625427,
        "min": 0.260484039783,
        "var": 732.256713867
    },
    "pitch_salience": {
        "dmean": 0.109108053148,
        "dmean2": 0.167350649834,
        "dvar": 0.0122346486896,
        "dvar2": 0.0278058927506,
        "max": 0.986536443233,
        "mean": 0.467779248953,
        "median": 0.467772275209,
        "min": 0.0612934567034,
        "var": 0.0235257074237
    },
    "silence_rate_20dB": {
        "dmean": 0,
        "dmean2": 0,
        "dvar": 0,
        "dvar2": 0,
        "max": 1,
        "mean": 1,
        "median": 1,
        "min": 1,
        "var": 0
    },
    "silence_rate_30dB": {
        "dmean": 0.0775258392096,
        "dmean2": 0.155064612627,
        "dvar": 0.0715055167675,
        "dvar2": 0.138689801097,
        "max": 1,
        "mean": 0.888388752937,
        "median": 1,
        "min": 0,
        "var": 0.0991496145725
    },
    "silence_rate_60dB": {
        "dmean": 0.0680226758122,
        "dmean2": 0.135973319411,
        "dvar": 0.0634031146765,
        "dvar2": 0.143643975258,
        "max": 1,
        "mean": 0.105609737337,
        "median": 0,
        "min": 0,
        "var": 0.0944568440318
    },
    "spectral_centroid": {
        "dmean": 361.08013916,
        "dmean2": 547.51751709,
        "dvar": 188224.3125,
        "dvar2": 363304.75,
        "max": 11588.2724609,
        "mean": 1269.57348633,
        "median": 978.008728027,
        "min": 111.213745117,
        "var": 1273520
    },
    "spectral_complexity": {
        "dmean": 4.6580529213,
        "dmean2": 7.06861209869,
        "dvar": 31.6669883728,
        "dvar2": 66.6074447632,
        "max": 59,
        "mean": 13.3654251099,
        "median": 12,
        "min": 0,
        "var": 67.6828918457
    },
    "spectral_decrease": {
        "dmean": 6.65619115381e-09,
        "dmean2": 9.80619940805e-09,
        "dvar": 9.85843714034e-17,
        "dvar2": 1.95193157571e-16,
        "max": 8.84919887261e-18,
        "mean": -1.12467199997e-08,
        "median": -6.38936681341e-09,
        "min": -1.18719505338e-07,
        "var": 1.93116748945e-16
    },
    "spectral_energy": {
        "dmean": 0.0259059462696,
        "dmean2": 0.0382122248411,
        "dvar": 0.00144157395698,
        "dvar2": 0.00286200875416,
        "max": 0.451549649239,
        "mean": 0.0443229861557,
        "median": 0.0263593774289,
        "min": 1.01451424152e-20,
        "var": 0.00282244966365
    },
    "spectral_energyband_high": {
        "dmean": 0.000882939028088,
        "dmean2": 0.00141445104964,
        "dvar": 8.62834258442e-06,
        "dvar2": 2.14083283936e-05,
        "max": 0.0489532314241,
        "mean": 0.000932487251703,
        "median": 6.15029130131e-05,
        "min": 7.06069173192e-21,
        "var": 9.74845261226e-06
    },
    "spectral_energyband_low": {
        "dmean": 0.0210786703974,
        "dmean2": 0.0307441353798,
        "dvar": 0.0012630072888,
        "dvar2": 0.00249488814734,
        "max": 0.439235240221,
        "mean": 0.0295486450195,
        "median": 0.00943575706333,
        "min": 1.73133290798e-23,
        "var": 0.00228163180873
    },
    "spectral_energyband_middle_high": {
        "dmean": 0.00320120481774,
        "dmean2": 0.00497552240267,
        "dvar": 2.74885624094e-05,
        "dvar2": 5.83066830586e-05,
        "max": 0.0798913836479,
        "mean": 0.00518736429513,
        "median": 0.00279489648528,
        "min": 1.13475487941e-21,
        "var": 5.41289628018e-05
    },
    "spectral_energyband_middle_low": {
        "dmean": 0.00906713772565,
        "dmean2": 0.0159389283508,
        "dvar": 0.000473213091027,
        "dvar2": 0.00133920460939,
        "max": 0.164939984679,
        "mean": 0.00953780952841,
        "median": 0.00407220236957,
        "min": 1.65308895024e-22,
        "var": 0.000318970502121
    },
    "spectral_entropy": {
        "dmean": 0.374058514833,
        "dmean2": 0.548151612282,
        "dvar": 0.135311543941,
        "dvar2": 0.250420123339,
        "max": 9.82391262054,
        "mean": 7.270424366,
        "median": 7.1784324646,
        "min": 4.44725131989,
        "var": 0.461298346519
    },
    "spectral_flux": {
        "dmean": 0.0595381781459,
        "dmean2": 0.0963675677776,
        "dvar": 0.00513978442177,
        "dvar2": 0.0104281120002,
        "max": 0.589823305607,
        "mean": 0.122064724565,
        "median": 0.0981659144163,
        "min": 6.42769379389e-11,
        "var": 0.00893582310528
    },
    "spectral_kurtosis": {
        "dmean": 5.68987131119,
        "dmean2": 8.8591709137,
        "dvar": 84.3998413086,
        "dvar2": 179.584014893,
        "max": 349.239257812,
        "mean": 9.97682762146,
        "median": 7.01990604401,
        "min": -1.27456855774,
        "var": 160.142578125
    },
    "spectral_rms": {
        "dmean": 0.00185800436884,
        "dmean2": 0.00269183609635,
        "dvar": 4.34009871242e-06,
        "dvar2": 8.10878827906e-06,
        "max": 0.0209889560938,
        "mean": 0.00556209683418,
        "median": 0.00507114036009,
        "min": 3.14606088576e-12,
        "var": 1.23049048852e-05
    },
    "spectral_rolloff": {
        "dmean": 812.594055176,
        "dmean2": 1366.88024902,
        "dvar": 3232872.25,
        "dvar2": 7002490,
        "max": 19810.546875,
        "mean": 1592.10070801,
        "median": 796.728515625,
        "min": 21.533203125,
        "var": 7737627.5
    },
    "spectral_skewness": {
        "dmean": 0.541560828686,
        "dmean2": 0.820704996586,
        "dvar": 0.35096976161,
        "dvar2": 0.734118700027,
        "max": 14.7557163239,
        "mean": 2.10556292534,
        "median": 1.95507836342,
        "min": -0.15693423152,
        "var": 1.0130341053
    },
    "spectral_spread": {
        "dmean": 1176456.625,
        "dmean2": 1720120.125,
        "dvar": 2.55153432166e+12,
        "dvar2": 4.6149444567e+12,
        "max": 43387384,
        "mean": 4299529,
        "median": 3091372,
        "min": 384996.75,
        "var": 1.57537628324e+13
    },
    "spectral_strongpeak": {
        "dmean": 0.619949698448,
        "dmean2": 1.03220665455,
        "dvar": 1.55651736259,
        "dvar2": 3.74523997307,
        "max": 25.5433330536,
        "mean": 0.739593446255,
        "median": 0.269543796778,
        "min": 0,
        "var": 2.06484913826
    },
    "zerocrossingrate": {
        "dmean": 0.0176883917302,
        "dmean2": 0.0204540379345,
        "dvar": 0.000652927497867,
        "dvar2": 0.000825563794933,
        "max": 0.53076171875,
        "mean": 0.0565999671817,
        "median": 0.037109375,
        "min": 0,
        "var": 0.0047506224364
    },
    "barkbands": {
        "dmean": [0.00291950977407, 0.016938675195, 0.00625786511227, 0.00310031929985, 0.00308847846463, 0.0010749604553, 0.000629349495284, 0.000521816662513, 0.000958278018516, 0.00189375213813, 0.000543810019735, 0.000288600596832, 0.00021871640638, 0.000492931925692, 0.000333506293828, 0.000205235366593, 0.000249116652412, 0.000157422604389, 0.000118421230582, 0.000122925761389, 8.85553527041e-05, 0.000107527077489, 0.000135586524266, 0.000163640143001, 0.000208980025491, 0.000147229307913, 5.56137383683e-05],
        "dmean2": [0.0050971955061, 0.025046961382, 0.011066518724, 0.00575756141916, 0.00574702722952, 0.00181934377179, 0.00100519496482, 0.000838354520965, 0.00162187044043, 0.00288568250835, 0.000876867852639, 0.000476870365674, 0.000346592074493, 0.00078976387158, 0.000522993970662, 0.000337822479196, 0.000408783933381, 0.000259478925727, 0.00019613787299, 0.000196592227439, 0.000142186225276, 0.000168249040144, 0.00021550420206, 0.00025539973285, 0.000338716257829, 0.000245505332714, 9.30428650463e-05],
        "dvar": [1.90836162801e-05, 0.00105086597614, 0.000239531625994, 9.41032412811e-05, 9.6521951491e-05, 5.12262931807e-06, 1.6396323872e-06, 1.04813977941e-06, 3.26476106238e-06, 1.04540849861e-05, 1.46689490066e-06, 1.10504765871e-06, 6.73495208048e-07, 2.1586231469e-06, 8.55849975778e-07, 9.4883159818e-07, 3.63793645874e-07, 2.15539714077e-07, 1.02195244267e-07, 1.47683763885e-07, 5.10211464189e-08, 1.05978138265e-07, 2.2833762614e-07, 4.71518376344e-07, 7.96412621185e-07, 3.28319458731e-07, 8.94252281114e-08],
        "dvar2": [5.16890941071e-05, 0.00213302951306, 0.000675110379234, 0.000271311524557, 0.000278138817521, 1.31753959067e-05, 4.07346124121e-06, 2.45582668867e-06, 8.39631684357e-06, 1.97637018573e-05, 3.29084718942e-06, 2.66601250587e-06, 1.50537539412e-06, 5.04909439769e-06, 1.94417930288e-06, 2.31040121434e-06, 8.73979558946e-07, 5.10032464263e-07, 2.66842306473e-07, 3.88018946751e-07, 1.22418484239e-07, 2.63146347379e-07, 5.14990006195e-07, 1.17212925943e-06, 2.05760511562e-06, 8.58075054566e-07, 2.33815711681e-07],
        "max": [0.093466386199, 0.424758672714, 0.171162083745, 0.122861400247, 0.0727954059839, 0.0320888534188, 0.0262447670102, 0.0249111093581, 0.0224312897772, 0.0369201302528, 0.0349826253951, 0.0326663590968, 0.0222655050457, 0.0455064550042, 0.023455068469, 0.0252937916666, 0.0137818166986, 0.0133448317647, 0.00734145194292, 0.0118609182537, 0.00784417055547, 0.0096877599135, 0.0086138593033, 0.0164469052106, 0.0193419717252, 0.00839130580425, 0.00501076970249],
        "mean": [0.00311344256625, 0.0211439114064, 0.00519228726625, 0.00222272006795, 0.00223462935537, 0.000985052553006, 0.000671513902489, 0.000607192749158, 0.00120896857698, 0.00289720320143, 0.000646473898087, 0.000308805232635, 0.000250072509516, 0.000625811284408, 0.000395261944504, 0.000225369833061, 0.00028231437318, 0.000172957385075, 0.000124352256535, 0.000138499046443, 0.00010316396947, 0.000125767895952, 0.000137682014611, 0.000162262658705, 0.000187905941857, 0.000116945746413, 4.22847879236e-05],
        "median": [0.00177136366256, 0.00479268888012, 0.000901524384972, 0.000173560969415, 0.000159892602824, 0.000238719832851, 0.000213776744204, 0.000195980988792, 0.000520631030668, 0.000991102890112, 0.000214676576434, 6.35092364973e-05, 7.2917311627e-05, 0.00019675528165, 0.000103837272036, 4.43815806648e-05, 6.85140839778e-05, 2.58175987256e-05, 2.89051895379e-05, 2.62895373453e-05, 1.36209418997e-05, 9.97748520604e-06, 4.56198722532e-06, 2.04250409297e-06, 1.42746853271e-06, 8.56962003581e-07, 2.67986081326e-07],
        "min": [8.2415764826e-25, 1.59180070963e-24, 6.70463039931e-25, 2.68393381574e-25, 9.87278040001e-24, 8.65624092161e-24, 8.18333221957e-24, 7.48314559098e-24, 1.72117348393e-23, 1.56120432526e-23, 1.36238029603e-23, 1.86382651464e-23, 2.93319594479e-23, 3.32817449796e-23, 4.91641655743e-23, 7.38458373176e-23, 4.54746568097e-23, 1.09004787262e-22, 1.14423150964e-22, 1.67320982581e-22, 2.83842629771e-22, 2.56068086854e-22, 3.61925445322e-22, 6.36145108009e-22, 8.97835791499e-22, 1.33457776433e-21, 1.96800707036e-21],
        "var": [1.8262751837e-05, 0.0015975208953, 0.000161793665029, 5.67427123315e-05, 5.73867146159e-05, 4.77509638586e-06, 1.80748133971e-06, 1.43765157645e-06, 4.21345703217e-06, 2.66840961558e-05, 2.00399153982e-06, 1.20485151456e-06, 7.83613302247e-07, 2.62156413555e-06, 1.13567318749e-06, 1.07149912765e-06, 4.84330996642e-07, 3.18980141856e-07, 1.18493197476e-07, 1.69231455516e-07, 8.59510222995e-08, 1.61233785434e-07, 2.82378039174e-07, 5.42438158391e-07, 7.32638795853e-07, 2.53334889067e-07, 6.40732338297e-08]
    },
    "erbbands": {
        "dmean": [0.51878285408, 3.86262965202, 7.06632995605, 9.46595001221, 10.6394414902, 10.1917829514, 7.31093549728, 9.36457252502, 9.66188812256, 10.3022356033, 11.7881889343, 23.3660182953, 54.1261100769, 39.0333213806, 19.4272136688, 11.435174942, 10.206738472, 23.7241001129, 20.5272846222, 12.1565465927, 12.4186143875, 14.7709474564, 8.56493663788, 7.69336795807, 5.38808298111, 5.65149211884, 3.80228924751, 3.44409227371, 3.89690876007, 3.68625473976, 4.26047086716, 3.44520187378, 2.65005660057, 2.26658701897, 1.62600374222, 0.715115666389, 0.239878997207, 0.0712106898427, 0.00950853619725, 0.000511397549417],
        "dmean2": [0.772108972073, 5.66570663452, 11.8895463943, 17.2627296448, 19.9883422852, 18.8958702087, 12.8126058578, 15.8879823685, 15.6777124405, 15.9606389999, 19.5787754059, 38.8552589417, 83.2948608398, 62.2681655884, 30.8351268768, 18.9051551819, 16.1430873871, 37.9285697937, 31.6187267303, 19.1695690155, 20.467748642, 23.9070415497, 14.0375270844, 12.5711784363, 8.82914733887, 9.11175918579, 6.13942050934, 5.47184896469, 6.1055893898, 5.89762783051, 6.80415534973, 5.35362386703, 4.13248205185, 3.67516255379, 2.67399382591, 1.17962360382, 0.398523151875, 0.121331803501, 0.015907227993, 0.00084848923143],
        "dvar": [0.955942451954, 56.7298774719, 252.112518311, 724.62890625, 1240.29211426, 1014.28717041, 318.956512451, 390.637268066, 373.6902771, 405.933563232, 511.158691406, 2139.89160156, 11375.4921875, 5713.98339844, 1266.35791016, 1708.58032227, 1501.79089355, 5424.88867188, 2902.14770508, 2489.97509766, 2655.71240234, 1430.83898926, 556.612670898, 481.331939697, 260.74331665, 259.394226074, 111.083694458, 80.7783279419, 137.863449097, 155.241928101, 253.826416016, 208.280670166, 124.378479004, 99.0426254272, 50.1358985901, 7.45686244965, 0.822423934937, 0.133175492287, 0.00236111390404, 7.34435752747e-06],
        "dvar2": [2.02382206917, 118.982505798, 683.90802002, 2062.81640625, 3590.78686523, 2904.82202148, 844.906311035, 1017.15783691, 948.893310547, 918.777770996, 1302.22814941, 5468.45703125, 20480.2421875, 12376.1416016, 2801.00537109, 4098.18017578, 3424.73193359, 13008.9980469, 6199.71533203, 5947.23535156, 6492.50341797, 3365.88012695, 1338.85827637, 1185.03381348, 683.124084473, 686.118103027, 273.188140869, 194.621032715, 347.460327148, 383.501220703, 583.684875488, 500.287078857, 295.556793213, 255.349472046, 129.891525269, 19.2056694031, 2.14392328262, 0.357939869165, 0.00618579238653, 1.9059261831e-05],
        "max": [15.7972755432, 89.5332717896, 200.680587769, 277.753845215, 255.339859009, 239.501556396, 278.34942627, 282.89730835, 324.607727051, 383.599273682, 355.956207275, 653.240722656, 1435.00585938, 1373.37463379, 566.677307129, 1391.53430176, 1091.46081543, 2565.94165039, 1600.40637207, 2247.47021484, 1215.19580078, 962.304260254, 503.928924561, 633.306396484, 407.146240234, 467.297454834, 395.908966064, 298.614837646, 336.0284729, 409.676940918, 222.837677002, 444.622253418, 314.942108154, 222.520126343, 193.202392578, 47.9725723267, 11.9084758759, 6.05094671249, 0.79846394062, 0.0422082021832],
        "mean": [0.633046984673, 4.64522075653, 6.69757175446, 7.28021240234, 7.4334025383, 7.37451267242, 6.40989494324, 8.52791500092, 9.59176540375, 12.7553167343, 13.5301895142, 30.7255039215, 83.9354782104, 54.57654953, 24.8372879028, 13.0331315994, 12.2286157608, 29.9244880676, 26.2388858795, 13.9134511948, 14.5040683746, 16.9902858734, 9.67932510376, 8.34311008453, 6.02321338654, 6.17701864243, 4.28703641891, 4.06757736206, 4.58427190781, 4.0450553894, 4.21515798569, 3.46859765053, 2.55271482468, 2.05186104774, 1.394780159, 0.586791872978, 0.189680069685, 0.0531007014215, 0.0072787986137, 0.000426876940764],
        "median": [0.150598406792, 1.04112637043, 1.66942250729, 0.90997749567, 0.422563552856, 0.519090235233, 1.11220562458, 2.10286712646, 2.94565200806, 4.40974473953, 4.90508508682, 12.1550359726, 27.6051445007, 20.5658092499, 9.22824287415, 3.71496295929, 4.17381477356, 9.92764186859, 8.1924161911, 2.9626595974, 3.48368811607, 4.32524108887, 1.78313493729, 1.80063021183, 1.24364340305, 1.29121863842, 0.685538351536, 0.479257047176, 0.463442385197, 0.195638597012, 0.104360468686, 0.0560195408762, 0.0307881515473, 0.0164585355669, 0.00961937569082, 0.00399110000581, 0.00143589859363, 0.000327039917465, 7.38457529224e-05, 4.86778953928e-05],
        "min": [8.35775157452e-23, 2.88582232308e-22, 2.28441617547e-21, 4.66382362375e-21, 9.76142593059e-21, 1.78166884502e-20, 4.19530658609e-20, 6.881489353e-20, 7.19372806226e-20, 1.56263361602e-19, 2.7009533046e-19, 4.3764813061e-19, 5.33976414869e-19, 8.95140117319e-19, 7.72812977721e-19, 1.14576684733e-18, 1.52549051818e-18, 2.05137648627e-18, 1.60998691435e-18, 4.0442812294e-18, 4.54458818801e-18, 4.32979833425e-18, 6.11757138445e-18, 7.16222357031e-18, 6.52230465432e-18, 7.2194942472e-18, 9.81481477812e-18, 1.09829451771e-17, 9.85620524161e-18, 1.06767907431e-17, 1.16958011572e-17, 1.18549928933e-17, 1.07818931389e-17, 8.79065433757e-18, 6.27539909969e-18, 4.12467491313e-18, 2.43437827388e-18, 9.81148082666e-19, 2.27346869047e-19, 2.55976226589e-20],
        "var": [1.3795081377, 82.5270767212, 204.040588379, 455.789459229, 723.456054688, 620.614929199, 272.313964844, 356.693878174, 388.64630127, 588.720031738, 587.37878418, 2979.9440918, 31099.375, 11138.4970703, 2027.89782715, 1871.05627441, 1684.98620605, 6165.50341797, 4336.27050781, 2866.12280273, 3208.79614258, 1908.24755859, 826.709350586, 706.847717285, 300.423614502, 262.073730469, 145.778701782, 146.066665649, 197.962463379, 231.308914185, 292.494720459, 244.724807739, 139.836364746, 89.9375686646, 44.4657058716, 6.11707401276, 0.643039643764, 0.0914088785648, 0.0017062057741, 5.3530261539e-06]
    },
    "gfcc": {
        "mean": [-60.0475730896, 109.532653809, -115.224250793, 17.2500267029, -40.1785049438, 17.5782661438, -10.5923967361, 13.9968900681, -6.70566034317, 1.77106893063, -13.2486829758, -0.11541929841, -1.40177297592],
        "cov": [[19021.8027344, -1681.1973877, 401.009460449, 876.584350586, -307.803222656, 603.149353027, -525.281738281, 310.778869629, -562.598327637, 184.437835693, -397.600585938, 83.2762908936, -501.683135986], [-1681.1973877, 3952.36181641, -1087.72961426, -446.797515869, 399.629364014, -248.648635864, 714.220581055, -144.058303833, 549.734558105, -252.850158691, 161.399856567, -252.911132812, 287.919036865], [401.009460449, -1087.72961426, 1832.03662109, 362.755950928, 55.7541313171, 184.18560791, -247.622451782, 46.6856384277, -272.173858643, 36.4385871887, -99.3825302124, 2.35763049126, -186.748641968], [876.584350586, -446.797515869, 362.755950928, 561.936584473, 124.559288025, 139.763549805, -50.3426628113, 6.5090212822, -67.945526123, 0.238935738802, -65.0311355591, -30.7947883606, -91.2002563477], [-307.803222656, 399.629364014, 55.7541313171, 124.559288025, 534.321838379, 187.243789673, 208.760650635, 26.2090358734, 66.7170715332, -67.1282424927, -9.46234703064, -74.8673782349, -19.7180995941], [603.149353027, -248.648635864, 184.18560791, 139.763549805, 187.243789673, 419.093353271, 190.867599487, 112.216529846, 34.4976539612, 10.861784935, -25.7976455688, -28.5713825226, -51.2000961304], [-525.281738281, 714.220581055, -247.622451782, -50.3426628113, 208.760650635, 190.867599487, 560.245727539, 149.456161499, 292.834075928, -37.0415306091, 34.6048278809, -67.506187439, 74.7205505371], [310.778869629, -144.058303833, 46.6856384277, 6.5090212822, 26.2090358734, 112.216529846, 149.456161499, 196.027175903, 93.6063461304, 44.5948600769, 0.523813247681, 24.033121109, 13.0334768295], [-562.598327637, 549.734558105, -272.173858643, -67.945526123, 66.7170715332, 34.4976539612, 292.834075928, 93.6063461304, 306.997406006, 35.2557563782, 62.8180007935, -34.2895507812, 79.9010848999], [184.437835693, -252.850158691, 36.4385871887, 0.238935738802, -67.1282424927, 10.861784935, -37.0415306091, 44.5948600769, 35.2557563782, 134.500488281, 34.0918388367, 44.0289154053, -17.5871982574], [-397.600585938, 161.399856567, -99.3825302124, -65.0311355591, -9.46234703064, -25.7976455688, 34.6048278809, 0.523813247681, 62.8180007935, 34.0918388367, 93.8257522583, 30.1247024536, 46.2104187012], [83.2762908936, -252.911132812, 2.35763049126, -30.7947883606, -74.8673782349, -28.5713825226, -67.506187439, 24.033121109, -34.2895507812, 44.0289154053, 30.1247024536, 112.410842896, 25.0236167908], [-501.683135986, 287.919036865, -186.748641968, -91.2002563477, -19.7180995941, -51.2000961304, 74.7205505371, 13.0334768295, 79.9010848999, -17.5871982574, 46.2104187012, 25.0236167908, 118.139335632]],
        "icov": [[8.35967584862e-05, -8.79775179783e-05, 6.02056315984e-05, -0.000124145721202, 0.000115012720926, -0.000165708624991, 0.000128101848532, -0.000278377352515, 0.000168638551258, -0.00012090918608, 0.000251882360317, -0.000152470442117, 0.000267527473625], [-8.79775179783e-05, 0.00085963337915, -4.71245499511e-07, 0.000402049015975, -0.000497287197504, 0.000735268404242, -0.000710793945473, 0.00104811857454, -0.000792620587163, 0.000831510755233, -0.000907921872567, 0.00117317854892, -0.000822915346362], [6.02056315984e-05, -4.71245499511e-07, 0.00084033922758, -0.00035995640792, -2.81784582512e-06, -0.000222494432819, 0.000242620226345, -0.000685916631483, 0.000657090393361, -0.000151804764755, -6.46214539302e-06, 0.00019406726642, 0.000627039931715], [-0.000124145721202, 0.000402049015975, -0.00035995640792, 0.00269534345716, -0.000746903184336, -0.000119963195175, 6.13462980255e-05, 0.00089825183386, -0.00092096615117, 0.000360588921467, 0.000407001498388, 0.000505742209498, 0.000100383047538], [0.000115012720926, -0.000497287197504, -2.81784582512e-06, -0.000746903184336, 0.00314303254709, -0.00130300293677, -0.000244116163231, -0.000454725784948, 0.000379177799914, 0.000849347095937, -0.000285403977614, -0.000123900550534, 0.00129162985831], [-0.000165708624991, 0.000735268404242, -0.000222494432819, -0.000119963195175, -0.00130300293677, 0.00505164312199, -0.00257577188313, -0.000346919434378, 0.00073386519216, -0.000285905349301, -0.0010030932026, 0.00123202067334, 0.000291801145067], [0.000128101848532, -0.000710793945473, 0.000242620226345, 6.13462980255e-05, -0.000244116163231, -0.00257577188313, 0.00696534244344, -0.00324669666588, -0.00409832876176, 0.00259544467553, 0.000345822569216, -0.000103963902802, 0.000547812087461], [-0.000278377352515, 0.00104811857454, -0.000685916631483, 0.00089825183386, -0.000454725784948, -0.000346919434378, -0.00324669666588, 0.0114505980164, -0.00305766868405, -0.00165413727518, 0.00239497423172, -0.00240797526203, -0.00216841930524], [0.000168638551258, -0.000792620587163, 0.000657090393361, -0.00092096615117, 0.000379177799914, 0.00073386519216, -0.00409832876176, -0.00305766868405, 0.0124088814482, -0.0063928514719, -0.00176748528611, 0.00393229862675, -0.00319940363988], [-0.00012090918608, 0.000831510755233, -0.000151804764755, 0.000360588921467, 0.000849347095937, -0.000285905349301, 0.00259544467553, -0.00165413727518, -0.0063928514719, 0.0160441175103, -0.00614859955385, -0.00343252415769, 0.00590147404], [0.000251882360317, -0.000907921872567, -6.46214539302e-06, 0.000407001498388, -0.000285403977614, -0.0010030932026, 0.000345822569216, 0.00239497423172, -0.00176748528611, -0.00614859955385, 0.0202030688524, -0.005560987629, -0.00382349314168], [-0.000152470442117, 0.00117317854892, 0.00019406726642, 0.000505742209498, -0.000123900550534, 0.00123202067334, -0.000103963902802, -0.00240797526203, 0.00393229862675, -0.00343252415769, -0.005560987629, 0.0180081725121, -0.00677450140938], [0.000267527473625, -0.000822915346362, 0.000627039931715, 0.000100383047538, 0.00129162985831, 0.000291801145067, 0.000547812087461, -0.00216841930524, -0.00319940363988, 0.00590147404, -0.00382349314168, -0.00677450140938, 0.0188825577497]]
    },
    "melbands": {
        "dmean": [0.00475204084069, 0.00393980555236, 0.00166480452754, 0.000776392873377, 0.000285883346805, 0.000209882346098, 0.000142947232234, 0.000113278874778, 0.000107563690108, 0.000147072176333, 0.000272273493465, 0.000165657576872, 7.0890855568e-05, 3.55796291842e-05, 2.83483386738e-05, 2.31772683037e-05, 4.8770212743e-05, 3.56393102265e-05, 2.19103058043e-05, 1.23554627862e-05, 1.57739541464e-05, 1.78123391379e-05, 9.04343869479e-06, 6.81818073645e-06, 6.51665732221e-06, 3.53528002961e-06, 4.80168591821e-06, 3.61307888852e-06, 2.31018248087e-06, 2.21046138904e-06, 2.05575724976e-06, 2.31795775107e-06, 1.99323631023e-06, 2.09289646591e-06, 2.58593786384e-06, 2.36092841988e-06, 2.00883096113e-06, 1.97606323127e-06, 1.63278514265e-06, 2.10555435842e-06],
        "dmean2": [0.007059475407, 0.00610752264038, 0.00303724384867, 0.00145577115472, 0.000506866839714, 0.000354677205905, 0.000231292418903, 0.00017591525102, 0.000179668684723, 0.000245251576416, 0.000419168209191, 0.0002647350193, 0.000113027825137, 5.80582636758e-05, 4.67369391117e-05, 3.60060330422e-05, 7.86961973063e-05, 5.51079901925e-05, 3.47800487361e-05, 2.01257116714e-05, 2.61656841758e-05, 2.89049821731e-05, 1.49214465637e-05, 1.12137322503e-05, 1.07076020868e-05, 5.8772243392e-06, 7.76418528403e-06, 5.91806974626e-06, 3.74579099116e-06, 3.61812180927e-06, 3.27385782839e-06, 3.70165344066e-06, 3.10815084958e-06, 3.4280460568e-06, 4.17384262619e-06, 3.76908496946e-06, 3.11660869556e-06, 3.17113108395e-06, 2.63819492829e-06, 3.45756848219e-06],
        "dvar": [8.06257739896e-05, 5.79245170229e-05, 2.29625693464e-05, 6.51266873319e-06, 5.23936819263e-07, 1.91045401721e-07, 8.10719882338e-08, 4.87959290751e-08, 4.22477128836e-08, 7.49217718976e-08, 2.83336305529e-07, 1.04902809994e-07, 1.87734450208e-08, 1.0450510679e-08, 3.18109201203e-08, 8.63906013393e-09, 2.04689811767e-08, 9.42695432826e-09, 5.49701706376e-09, 4.21987023103e-09, 3.61252694425e-09, 2.05382399976e-09, 6.20970663778e-10, 6.55477727651e-10, 3.66664421048e-10, 9.9403874021e-11, 2.74446437798e-10, 1.0139484391e-10, 5.57318219352e-11, 2.85081923346e-11, 3.70415469131e-11, 6.01612648587e-11, 3.26742938261e-11, 6.2709372417e-11, 1.02320554807e-10, 9.66029825578e-11, 7.20413451116e-11, 8.05791752767e-11, 4.90478664628e-11, 8.60717400131e-11],
        "dvar2": [0.000159296119818, 0.000138742179843, 6.54182658764e-05, 1.88421981875e-05, 1.42363217037e-06, 4.95038364079e-07, 2.05101358119e-07, 1.08738220206e-07, 1.07263872451e-07, 1.91542426364e-07, 5.15632450515e-07, 2.25939871257e-07, 4.16912477874e-08, 2.4470969251e-08, 7.88415874808e-08, 1.88661850586e-08, 4.94574265986e-08, 2.0648132093e-08, 1.27694592678e-08, 1.06089768082e-08, 8.74392824812e-09, 4.85040985154e-09, 1.55502444255e-09, 1.54266699415e-09, 9.09480268874e-10, 2.69062827574e-10, 7.02861047142e-10, 2.68806893411e-10, 1.40115266611e-10, 7.01856281426e-11, 9.14485154269e-11, 1.57567819903e-10, 7.82470754856e-11, 1.58077786971e-10, 2.38190578372e-10, 2.3356314105e-10, 1.7196127855e-10, 1.98887309399e-10, 1.2112970349e-10, 2.24710514085e-10],
        "max": [0.129041746259, 0.085856102407, 0.042636718601, 0.0184672866017, 0.0107449116185, 0.00606756983325, 0.00466073025018, 0.00492774648592, 0.00356291024946, 0.00370222702622, 0.00711832661182, 0.00608720909804, 0.00266583776101, 0.0028565088287, 0.00747748697177, 0.0028513520956, 0.00445217685774, 0.00325062172487, 0.00205844501033, 0.0024553660769, 0.00137168366928, 0.0010896573076, 0.000684228551108, 0.000904943386558, 0.000601242471021, 0.000326186825987, 0.000518065178767, 0.000271552708, 0.000315970683005, 0.000153493820108, 0.000263821013505, 0.00023961396073, 0.000130300875753, 0.00029753416311, 0.000151438362082, 0.000202358452952, 0.00026817372418, 0.000283378525637, 0.000159061673912, 0.000206165204872],
        "mean": [0.00611823005602, 0.00453712511808, 0.00127930624876, 0.000542755005881, 0.000244246242801, 0.000192196996068, 0.000143791301525, 0.000140247546369, 0.000122379307868, 0.000196262073587, 0.000419073796365, 0.00022438968881, 8.83457105374e-05, 4.00868775614e-05, 2.93888515444e-05, 2.74239300779e-05, 6.03011540079e-05, 4.44818724645e-05, 2.51016808761e-05, 1.27200528368e-05, 1.81532614079e-05, 2.01218736038e-05, 9.8778600659e-06, 7.49599530536e-06, 6.87329747961e-06, 3.71542114408e-06, 5.3774783737e-06, 3.72565727957e-06, 2.53243115367e-06, 2.50864331974e-06, 2.30100022236e-06, 2.65004496214e-06, 2.2713081762e-06, 2.18913396566e-06, 2.46513786806e-06, 2.34085223383e-06, 1.98338011614e-06, 1.85657438578e-06, 1.50755579398e-06, 1.85312080703e-06],
        "median": [0.00161749368999, 0.0011485023424, 0.00014751830895, 3.23733693222e-05, 3.86795363738e-05, 4.76862223877e-05, 4.62402385892e-05, 4.77130270156e-05, 4.24031786679e-05, 7.88415782154e-05, 0.000134726200486, 7.67984893173e-05, 2.99538078252e-05, 1.09064030767e-05, 7.32647868062e-06, 7.59220210966e-06, 1.87950881809e-05, 1.32716741064e-05, 5.64450647289e-06, 1.88363446796e-06, 4.09554195357e-06, 4.61223362436e-06, 1.76111223027e-06, 9.84949110716e-07, 1.35145319291e-06, 9.71692315943e-07, 6.07437698363e-07, 7.33244860385e-07, 4.09617541663e-07, 3.90452100874e-07, 1.89857487953e-07, 2.88862935349e-07, 1.30881218752e-07, 9.82676269246e-08, 5.67253017891e-08, 3.92217920364e-08, 3.19488613343e-08, 2.01110204046e-08, 1.85581487955e-08, 1.18015561767e-08],
        "min": [1.10522213278e-24, 9.62516307554e-25, 1.64998630113e-24, 1.62979402576e-24, 1.48506299738e-24, 1.60835791395e-24, 1.06769424458e-24, 9.23163488259e-25, 2.07259831654e-24, 2.19662756401e-24, 1.95747826692e-24, 2.85188126709e-24, 2.07725496247e-24, 2.12625880469e-24, 2.03110995217e-24, 3.57601692389e-24, 3.45138045074e-24, 1.9430296878e-24, 4.63637614256e-24, 5.04967851461e-24, 4.62800001747e-24, 2.39800422881e-24, 2.91517236637e-24, 4.28756630496e-24, 4.96177179963e-24, 4.53039504653e-24, 4.56449316472e-24, 4.59212577894e-24, 5.60620331716e-24, 5.88349147522e-24, 4.54748453475e-24, 5.39905593763e-24, 4.89831858943e-24, 5.30890925211e-24, 5.83598074948e-24, 6.73879379575e-24, 6.33122762578e-24, 6.25243343755e-24, 6.73354944845e-24, 6.61840888845e-24],
        "var": [0.000125038131955, 7.07994986442e-05, 1.43538227348e-05, 3.76985803996e-06, 4.13281867395e-07, 1.76798764073e-07, 8.44505407827e-08, 7.28793878579e-08, 5.01552044341e-08, 1.04192530159e-07, 7.70133851802e-07, 2.09175595955e-07, 3.01918490209e-08, 1.24259127432e-08, 2.870121385e-08, 1.03677200158e-08, 2.40296156306e-08, 1.3618771888e-08, 6.85069201367e-09, 4.14866452303e-09, 4.65779592673e-09, 2.70648548018e-09, 7.39888594836e-10, 9.95549975791e-10, 5.3518878218e-10, 8.36279864802e-11, 3.72277542127e-10, 9.49927081439e-11, 6.23954846124e-11, 4.90270532505e-11, 5.54811301068e-11, 7.62004348509e-11, 4.9995035889e-11, 8.47934569781e-11, 1.10917219853e-10, 1.0360166891e-10, 8.57206250426e-11, 8.44686195989e-11, 4.79758351102e-11, 7.54608459053e-11]
    },
    "mfcc": {
        "mean": [-702.228393555, 146.029769897, -7.31607532501, 15.297580719, -1.28254187107, 11.0337648392, 6.63309621811, 14.5115966797, 15.2004795074, 12.1673336029, 4.97701597214, -0.406404614449, -1.66155338287],
        "cov": [[9701.58691406, -1157.96362305, 312.769195557, 423.520935059, 232.078094482, 303.505889893, 111.518791199, 90.8387374878, -93.8596496582, 2.17684030533, -71.26197052, 36.0282096863, 65.1881332397], [-1157.96362305, 3307.5859375, -755.25390625, -81.0615844727, -275.124908447, 4.16158103943, 38.0476455688, 169.696487427, 271.572021484, 153.74206543, 130.380279541, 1.58027565479, -82.1239089966], [312.769195557, -755.25390625, 1272.89038086, 183.458908081, 248.473831177, 16.5705547333, 38.4901199341, -79.2937774658, -106.175788879, -76.8277206421, -63.0164833069, -19.3267307281, 13.5693731308], [423.520935059, -81.0615844727, 183.458908081, 386.845275879, 143.737197876, 61.1922874451, 12.8616247177, 3.052516222, 10.2748041153, -22.1288738251, -12.624838829, 6.17592430115, 12.9615678787], [232.078094482, -275.124908447, 248.473831177, 143.737197876, 426.704681396, 124.637138367, 111.663780212, -11.027431488, -47.5277481079, -54.8842544556, -39.5433883667, -10.6239843369, -16.8748416901], [303.505889893, 4.16158103943, 16.5705547333, 61.1922874451, 124.637138367, 297.531585693, 154.01701355, 125.41645813, 85.2575683594, 75.4796524048, 36.0907592773, 38.7323074341, 7.0544295311], [111.518791199, 38.0476455688, 38.4901199341, 12.8616247177, 111.663780212, 154.01701355, 221.479309082, 141.361755371, 79.7875518799, 54.0529823303, 22.1019420624, 8.25586128235, -2.75130414963], [90.8387374878, 169.696487427, -79.2937774658, 3.052516222, -11.027431488, 125.41645813, 141.361755371, 238.934555054, 169.03086853, 118.914535522, 51.5452232361, 19.2583560944, 4.92568874359], [-93.8596496582, 271.572021484, -106.175788879, 10.2748041153, -47.5277481079, 85.2575683594, 79.7875518799, 169.03086853, 218.373245239, 150.096923828, 79.7670822144, 37.1269111633, 5.02065086365], [2.17684030533, 153.74206543, -76.8277206421, -22.1288738251, -54.8842544556, 75.4796524048, 54.0529823303, 118.914535522, 150.096923828, 178.412307739, 90.032699585, 45.7095603943, 3.81116747856], [-71.26197052, 130.380279541, -63.0164833069, -12.624838829, -39.5433883667, 36.0907592773, 22.1019420624, 51.5452232361, 79.7670822144, 90.032699585, 104.153823853, 49.7984848022, 15.8374252319], [36.0282096863, 1.58027565479, -19.3267307281, 6.17592430115, -10.6239843369, 38.7323074341, 8.25586128235, 19.2583560944, 37.1269111633, 45.7095603943, 49.7984848022, 94.8532943726, 43.0654067993], [65.1881332397, -82.1239089966, 13.5693731308, 12.9615678787, -16.8748416901, 7.0544295311, -2.75130414963, 4.92568874359, 5.02065086365, 3.81116747856, 15.8374252319, 43.0654067993, 84.9521942139]],
