{
"lowlevel": {
    "average_loudness": 0.876187086105,
    "barkbands_crest": {
        "dmean": 2.44343328476,
        "dmean2": 3.70574235916,
        "dvar": 7.08129167557,
        "dvar2": 15.8911485672,
        "max": 26.0659103394,
        "mean": 14.3010168076,
        "median": 14.1534872055,
        "min": 2.24752950668,
        "var": 28.3087997437
    },
    "barkbands_flatness_db": {
        "dmean": 0.0239568650723,
        "dmean2": 0.0339854769409,
        "dvar": 0.000852973316796,
        "dvar2": 0.00152702792548,
        "max": 0.653345942497,
        "mean": 0.207949802279,
        "median": 0.211342930794,
        "min": 0.0205216966569,
        "var": 0.00564632192254
    },
    "barkbands_kurtosis": {
        "dmean": 8.24450492859,
        "dmean2": 12.0140256882,
        "dvar": 196.514556885,
        "dvar2": 418.442047119,
        "max": 564.091369629,
        "mean": 20.4079761505,
        "median": 11.9084806442,
        "min": -1.94803643227,
        "var": 866.414672852
    },
    "barkbands_skewness": {
        "dmean": 0.866206049919,
        "dmean2": 1.22507190704,
        "dvar": 1.09764170647,
        "dvar2": 2.19674658775,
        "max": 16.3735427856,
        "mean": 2.98295307159,
        "median": 2.79380083084,
        "min": -4.63548612595,
        "var": 4.66608285904
    },
    "barkbands_spread": {
        "dmean": 8.29757976532,
        "dmean2": 12.5304336548,
        "dvar": 267.677429199,
        "dvar2": 549.83581543,
        "max": 126.930679321,
        "mean": 17.3019447327,
        "median": 9.67703819275,
        "min": 0.360895752907,
        "var": 447.162017822
    },
    "dissonance": {
        "dmean": 0.0344364605844,
        "dmean2": 0.0565341599286,
        "dvar": 0.00110741553362,
        "dvar2": 0.00296913669445,
        "max": 0.500000059605,
        "mean": 0.413140505552,
        "median": 0.424955457449,
        "min": 0.0895797535777,
        "var": 0.00361708994024
    },
    "dynamic_complexity": 2.76059746742,
    "erbbands_crest": {
        "dmean": 2.36281633377,
        "dmean2": 3.51093435287,
        "dvar": 5.75834560394,
        "dvar2": 12.6255283356,
        "max": 31.8479251862,
        "mean": 11.4359550476,
        "median": 10.6173534393,
        "min": 2.36723232269,
        "var": 25.7247753143
    },
    "erbbands_flatness_db": {
        "dmean": 0.0156645961106,
        "dmean2": 0.0227508265525,
        "dvar": 0.000275383499684,
        "dvar2": 0.000552729004994,
        "max": 0.560926258564,
        "mean": 0.162431836128,
        "median": 0.147749364376,
        "min": 0.0486896783113,
        "var": 0.00448213657364
    },
    "erbbands_kurtosis": {
        "dmean": 2.70579504967,
        "dmean2": 3.92322969437,
        "dvar": 19.9896678925,
        "dvar2": 41.7277488708,
        "max": 227.771865845,
        "mean": 6.95083284378,
        "median": 4.01249885559,
        "min": -1.89122533798,
        "var": 163.648864746
    },
    "erbbands_skewness": {
        "dmean": 0.546081066132,
        "dmean2": 0.770248293877,
        "dvar": 0.400303632021,
        "dvar2": 0.773118972778,
        "max": 13.3129444122,
        "mean": 1.59153950214,
        "median": 1.63934254646,
        "min": -4.3719086647,
        "var": 1.98896992207
    },
    "erbbands_spread": {
        "dmean": 11.9932060242,
        "dmean2": 17.6995658875,
        "dvar": 262.975982666,
        "dvar2": 569.832092285,
        "max": 184.553115845,
        "mean": 43.3141441345,
        "median": 34.5064163208,
        "min": 0.631189823151,
        "var": 1107.01025391
    },
    "hfc": {
        "dmean": 32.0706176758,
        "dmean2": 52.0922355652,
        "dvar": 8167.27685547,
        "dvar2": 20451.3925781,
        "max": 910.923095703,
        "mean": 35.5634689331,
        "median": 12.1957759857,
        "min": 1.27279074947e-16,
        "var": 6862.95410156
    },
    "melbands_crest": {
        "dmean": 2.65255427361,
        "dmean2": 4.04682064056,
        "dvar": 9.55517101288,
        "dvar2": 22.9435787201,
        "max": 36.9518356323,
        "mean": 19.2721042633,
        "median": 18.9472618103,
        "min": 2.06533455849,
        "var": 52.1539077759
    },
    "melbands_flatness_db": {
        "dmean": 0.0310237538069,
        "dmean2": 0.0425903499126,
        "dvar": 0.00171308231074,
        "dvar2": 0.00296797486953,
        "max": 0.794429004192,
        "mean": 0.302003622055,
        "median": 0.314639031887,
        "min": 0.00588147481903,
        "var": 0.00956938229501
    },
    "melbands_kurtosis": {
        "dmean": 18.8865337372,
        "dmean2": 27.9280986786,
        "dvar": 1438.32189941,
        "dvar2": 3052.30273438,
        "max": 884.614990234,
        "mean": 43.3478240967,
        "median": 22.8767642975,
        "min": -1.73628807068,
        "var": 3893.76879883
    },
    "melbands_skewness": {
        "dmean": 1.03035569191,
        "dmean2": 1.51491606236,
        "dvar": 1.78102815151,
        "dvar2": 3.74558377266,
        "max": 22.9448108673,
        "mean": 3.91734075546,
        "median": 3.39069890976,
        "min": -2.9839682579,
        "var": 8.28442764282
    },
    "melbands_spread": {
        "dmean": 8.8812456131,
        "dmean2": 13.2574567795,
        "dvar": 490.715301514,
        "dvar2": 1037.74279785,
        "max": 236.292221069,
        "mean": 14.576622963,
        "median": 7.32536697388,
        "min": 0.321195751429,
        "var": 623.928588867
    },
    "pitch_salience": {
        "dmean": 0.062464505434,
        "dmean2": 0.095397464931,
        "dvar": 0.00468644592911,
        "dvar2": 0.010479609482,
        "max": 0.940582692623,
        "mean": 0.452654331923,
        "median": 0.44970279932,
        "min": 0.0757339894772,
        "var": 0.0211898740381
    },
    "silence_rate_20dB": {
        "dmean": 0,
        "dmean2": 0,
        "dvar": 0,
        "dvar2": 0,
        "max": 1,
        "mean": 1,
        "median": 1,
        "min": 1,
        "var": 0
    },
    "silence_rate_30dB": {
        "dmean": 0.0405280068517,
        "dmean2": 0.0810617953539,
        "dvar": 0.0388892292976,
        "dvar2": 0.0859146937728,
        "max": 1,
        "mean": 0.93407535553,
        "median": 1,
        "min": 0,
        "var": 0.0615723691881
    },
    "silence_rate_60dB": {
        "dmean": 0.00428112735972,
        "dmean2": 0.00856286566705,
        "dvar": 0.00426351185888,
        "dvar2": 0.00977676361799,
        "max": 1,
        "mean": 0.0136272832751,
        "median": 0,
        "min": 0,
        "var": 0.0134391579777
    },
    "spectral_centroid": {
        "dmean": 273.217254639,
        "dmean2": 394.030822754,
        "dvar": 329085.28125,
        "dvar2": 628414.1875,
        "max": 11078.9326172,
        "mean": 801.089477539,
        "median": 553.382446289,
        "min": 160.684814453,
        "var": 565174.1875
    },
    "spectral_complexity": {
        "dmean": 3.14334630966,
        "dmean2": 4.89731693268,
        "dvar": 50.2150268555,
        "dvar2": 85.4630661011,
        "max": 60,
        "mean": 10.876783371,
        "median": 9,
        "min": 0,
        "var": 82.0314254761
    },
    "spectral_decrease": {
        "dmean": 3.1911933096e-09,
        "dmean2": 5.03987784839e-09,
        "dvar": 4.72548100745e-17,
        "dvar2": 1.10514850318e-16,
        "max": 3.32273720589e-17,
        "mean": -1.12634097604e-08,
        "median": -1.00154586846e-08,
        "min": -8.72707133226e-08,
        "var": 1.1586862794e-16
    },
    "spectral_energy": {
        "dmean": 0.0143739320338,
        "dmean2": 0.022901378572,
        "dvar": 0.000766222598031,
        "dvar2": 0.00180377124343,
        "max": 0.331719189882,
        "mean": 0.0457365140319,
        "median": 0.0430325306952,
        "min": 1.11003058015e-20,
        "var": 0.00177404994611
    },
    "spectral_energyband_high": {
        "dmean": 0.0032090684399,
        "dmean2": 0.00518595566973,
        "dvar": 8.95807606867e-05,
        "dvar2": 0.000222655173275,
        "max": 0.0908205136657,
        "mean": 0.00285028712824,
        "median": 0.000375745439669,
        "min": 8.09773953655e-21,
        "var": 7.56194567657e-05
    },
    "spectral_energyband_low": {
        "dmean": 0.00950758717954,
        "dmean2": 0.0147943869233,
        "dvar": 0.000654010800645,
        "dvar2": 0.0015266246628,
        "max": 0.325325399637,
        "mean": 0.0275707766414,
        "median": 0.00919659249485,
        "min": 8.24267948764e-23,
        "var": 0.00142785580829
    },
    "spectral_energyband_middle_high": {
        "dmean": 0.00153916201089,
        "dmean2": 0.00230817892589,
        "dvar": 1.90655082406e-05,
        "dvar2": 4.2336214392e-05,
        "max": 0.18662802875,
        "mean": 0.00271442811936,
        "median": 0.000690804445185,
        "min": 1.46349707377e-21,
        "var": 3.91721405322e-05
    },
    "spectral_energyband_middle_low": {
        "dmean": 0.00340867321938,
        "dmean2": 0.00529959239066,
        "dvar": 3.72338799934e-05,
        "dvar2": 9.37480581342e-05,
        "max": 0.140563309193,
        "mean": 0.0126303145662,
        "median": 0.00945597700775,
        "min": 2.93516235415e-22,
        "var": 0.000122413199279
    },
    "spectral_entropy": {
        "dmean": 0.226067662239,
        "dmean2": 0.311547994614,
        "dvar": 0.0809771418571,
        "dvar2": 0.14617870748,
        "max": 9.7974615097,
        "mean": 7.15148210526,
        "median": 7.2122220993,
        "min": 3.36394071579,
        "var": 0.78723692894
    },
    "spectral_flux": {
        "dmean": 0.0324014648795,
        "dmean2": 0.0498570464551,
        "dvar": 0.00235829409212,
        "dvar2": 0.00485178083181,
        "max": 0.516057133675,
        "mean": 0.0748561471701,
        "median": 0.0480687618256,
        "min": 1.05357986224e-10,
        "var": 0.0050316597335
    },
    "spectral_kurtosis": {
        "dmean": 1.35779702663,
        "dmean2": 2.05420041084,
        "dvar": 22.5816287994,
        "dvar2": 49.1411705017,
        "max": 485.399841309,
        "mean": 5.95848178864,
        "median": 2.37082290649,
        "min": -1.16628110409,
        "var": 180.13861084
    },
    "spectral_rms": {
        "dmean": 0.000905879656784,
        "dmean2": 0.00140646821819,
        "dvar": 1.9631613668e-06,
        "dvar2": 4.50813331554e-06,
        "max": 0.0179896764457,
        "mean": 0.00604541180655,
        "median": 0.00647942582145,
        "min": 3.29083071557e-12,
        "var": 8.07412652648e-06
    },
    "spectral_rolloff": {
        "dmean": 934.56817627,
        "dmean2": 1541.6517334,
        "dvar": 5562299.5,
        "dvar2": 11729481,
        "max": 19422.9492188,
        "mean": 1334.94250488,
        "median": 430.6640625,
        "min": 43.06640625,
        "var": 6900860.5
    },
    "spectral_skewness": {
        "dmean": 0.230956628919,
        "dmean2": 0.334245085716,
        "dvar": 0.0841591581702,
        "dvar2": 0.157069027424,
        "max": 18.9267368317,
        "mean": 1.95285117626,
        "median": 1.65362226963,
        "min": 0.0240304861218,
        "var": 1.66265571117
    },
    "spectral_spread": {
        "dmean": 722787.125,
        "dmean2": 1060074,
        "dvar": 951329685504,
        "dvar2": 1.69250245837e+12,
        "max": 39968532,
        "mean": 7820049,
        "median": 7808503,
        "min": 180290.046875,
        "var": 7.02953868493e+12
    },
    "spectral_strongpeak": {
        "dmean": 0.268972635269,
        "dmean2": 0.443954795599,
        "dvar": 0.393850386143,
        "dvar2": 0.87425994873,
        "max": 16.333776474,
        "mean": 0.788767695427,
        "median": 0.501852691174,
        "min": 0,
        "var": 1.0576723814
    },
    "zerocrossingrate": {
        "dmean": 0.0185640603304,
        "dmean2": 0.0216751713306,
        "dvar": 0.000824454298709,
        "dvar2": 0.00106909580063,
        "max": 0.64697265625,
        "mean": 0.0564866438508,
        "median": 0.0361328125,
        "min": 0.00390625,
        "var": 0.00290011335164
    },
    "barkbands": {
        "dmean": [0.00166220869869, 0.00796921085566, 0.00198430079035, 0.000447969301604, 0.000901390332729, 0.00133682519663, 0.00104474672116, 0.000546990719158, 0.000659337965772, 0.000411622138927, 0.000263167603407, 0.000237585583818, 6.63236132823e-05, 0.000195692817215, 0.000139299751027, 9.85581209534e-05, 7.48802849557e-05, 8.80046500242e-05, 0.000138162591611, 0.000157635658979, 0.000249569420703, 0.000489150988869, 0.000546871626284, 0.000736465386581, 0.000633974908851, 0.000352302275132, 0.000196128516109],
        "dmean2": [0.00269198091701, 0.0120863793418, 0.00355592183769, 0.00081876036711, 0.00140690815169, 0.0021408807952, 0.00165452831425, 0.000746801495552, 0.000799639790785, 0.000582583656069, 0.000353691226337, 0.00033454268123, 0.000107661580842, 0.000325154687744, 0.000225112118642, 0.000172683474375, 0.000124565165606, 0.00014568210463, 0.000225269672228, 0.000249328964856, 0.000391561537981, 0.000790232734289, 0.000858837389387, 0.00120784901083, 0.0010506848339, 0.000601691950578, 0.000349635753082],
        "dvar": [1.95892243937e-05, 0.000463754258817, 0.000114328220661, 5.48413254364e-06, 4.60554701931e-06, 5.05467005496e-06, 5.2979657994e-06, 2.14471651816e-06, 9.22442177398e-06, 1.83227416528e-06, 4.65984521725e-06, 4.78280696825e-07, 3.98758857045e-08, 5.31706689344e-07, 2.78657523722e-07, 1.62775478429e-07, 9.96294104993e-08, 1.28373301322e-07, 3.00330441405e-07, 3.15779061566e-07, 5.90670879319e-07, 2.67037466983e-06, 2.71144745057e-06, 4.53809025203e-06, 4.2205142563e-06, 1.13889177555e-06, 5.09134338245e-07],
        "dvar2": [4.88035220769e-05, 0.00113647140097, 0.000325670291204, 1.61673688126e-05, 1.33194816954e-05, 1.28929223138e-05, 1.6801239326e-05, 3.43225451616e-06, 1.44119403558e-05, 3.3660680856e-06, 7.95222604211e-06, 8.778101801e-07, 1.00716711415e-07, 1.30098680984e-06, 6.40733276214e-07, 4.46299651458e-07, 2.58545924225e-07, 3.26760641656e-07, 7.24249730411e-07, 6.7709021323e-07, 1.38875623179e-06, 6.65465495331e-06, 6.71480165693e-06, 1.11132712846e-05, 1.08287013063e-05, 2.95737550005e-06, 1.38701591368e-06],
        "max": [0.0730264857411, 0.301010638475, 0.14112251997, 0.0338381417096, 0.0333807133138, 0.0565082244575, 0.0524822250009, 0.0824956670403, 0.118965119123, 0.0564253479242, 0.186098620296, 0.0225368142128, 0.00251335930079, 0.0160930529237, 0.0118710352108, 0.00665084086359, 0.00556719116867, 0.00409327493981, 0.00568869151175, 0.00527164200321, 0.00802898965776, 0.0175007395446, 0.0163183491677, 0.0176208689809, 0.0278988033533, 0.0149795021862, 0.00893966574222],
        "mean": [0.00277226092294, 0.0227905046195, 0.00200571445748, 0.000585682922974, 0.00280879577622, 0.00334459962323, 0.00267204456031, 0.00138488318771, 0.00177654891741, 0.000830723380204, 0.000602855987381, 0.000533057202119, 7.36204383429e-05, 0.00018855262897, 0.000118015013868, 7.69792095525e-05, 6.09085000178e-05, 7.33540364308e-05, 0.000114752634545, 0.000146935228258, 0.000218066124944, 0.000415257789427, 0.000505564094055, 0.000657397904433, 0.0005532890209, 0.000290208845399, 0.000135841968586],
        "median": [0.000176213143277, 0.00548734469339, 0.000689089065418, 0.000188967358554, 0.00223182234913, 0.00193635234609, 0.00104617862962, 0.000288469251245, 0.000313160009682, 0.000181926239748, 3.28936584992e-05, 4.10401662521e-05, 1.47354567162e-05, 2.28674216487e-05, 6.78387095832e-06, 5.84967892792e-06, 3.61235674973e-06, 6.54422046864e-06, 8.82459607965e-06, 1.65253295563e-05, 2.00326230697e-05, 3.85810344596e-05, 7.80055634095e-05, 0.000108650128823, 6.44547253614e-05, 3.35801451001e-05, 4.57920123154e-06],
        "min": [2.13472821258e-24, 4.71231993968e-23, 3.30985935655e-23, 3.26247212698e-24, 5.27072996202e-23, 4.39211277855e-23, 4.9345912816e-23, 3.30088432826e-23, 1.01673517905e-22, 1.26395068145e-22, 3.83472543548e-23, 7.62736798157e-23, 1.02381738293e-22, 1.70598276813e-22, 1.65195412649e-22, 9.59797533943e-23, 1.67721307403e-22, 1.79194576139e-22, 2.47013755954e-22, 2.13676595074e-22, 3.3153387844e-22, 5.1591841465e-22, 7.1483864074e-22, 8.70291040608e-22, 1.45509874698e-21, 1.58931021501e-21, 2.72234853309e-21],
        "var": [3.67378961528e-05, 0.000963487022091, 6.77456337144e-05, 3.25248242916e-06, 6.17777050138e-06, 1.95959673874e-05, 2.16368243855e-05, 1.3698047951e-05, 4.25351863669e-05, 5.45668626728e-06, 1.96991823032e-05, 2.89377908302e-06, 3.70310537789e-08, 4.80385097035e-07, 2.62014395958e-07, 1.13942711266e-07, 7.66140146879e-08, 1.01863754765e-07, 2.55815734818e-07, 3.19003305549e-07, 5.61151068723e-07, 2.25644635066e-06, 2.3489853902e-06, 3.82293183065e-06, 3.60468106919e-06, 8.48880063131e-07, 3.32741393549e-07]
    },
    "erbbands": {
        "dmean": [0.415054649115, 1.27314019203, 2.28401517868, 1.74664282799, 1.82392930984, 3.21696519852, 10.2499332428, 8.85941886902, 17.1787490845, 8.93282604218, 11.5878753662, 12.6656284332, 14.0710744858, 11.5304822922, 11.2250070572, 6.70329093933, 3.3355588913, 8.89416503906, 8.62003612518, 5.45442676544, 6.06308841705, 4.76078414917, 4.86616802216, 6.46905708313, 6.72666549683, 8.39813804626, 9.19976711273, 10.7426404953, 15.7828264236, 15.5754995346, 18.0043182373, 16.5799331665, 11.0218448639, 7.29645490646, 4.55823802948, 1.74739909172, 0.595514595509, 0.188416242599, 0.0349865742028, 0.00200355844572],
        "dmean2": [0.671017765999, 1.93619441986, 4.06306648254, 2.98866868019, 2.99313235283, 5.12528467178, 15.9493999481, 13.598859787, 27.3484096527, 13.2118930817, 15.5291585922, 15.913359642, 17.7212791443, 16.3083362579, 15.1922988892, 9.93689727783, 5.4214963913, 15.0207300186, 13.502696991, 9.21938705444, 10.6175384521, 7.91167545319, 8.15093421936, 10.4995193481, 10.9894104004, 13.3240833282, 14.4289608002, 16.9158210754, 25.339263916, 24.7414989471, 28.2822818756, 27.0100097656, 18.2025413513, 12.2976465225, 7.39261293411, 2.93835425377, 1.03632390499, 0.336570203304, 0.0625126287341, 0.00356595311314],
        "dvar": [1.40143406391, 13.217089653, 142.420440674, 76.6672210693, 56.2616119385, 64.0776367188, 263.630004883, 209.835296631, 1424.95214844, 746.488342285, 1114.86474609, 3588.87695312, 3233.95141602, 1306.13537598, 4400.07666016, 317.40826416, 100.990234375, 1281.99157715, 957.166442871, 417.819061279, 636.869934082, 415.761901855, 397.397247314, 720.096557617, 659.838195801, 909.499694824, 993.096313477, 1028.30505371, 2576.94335938, 2663.72509766, 2814.953125, 2362.42431641, 1032.03259277, 548.969421387, 335.640655518, 25.8045825958, 3.63298201561, 0.476121753454, 0.0162365026772, 5.49657524971e-05],
        "dvar2": [3.92978477478, 30.6609268188, 407.826843262, 214.929672241, 166.727294922, 183.814682007, 645.416870117, 460.936157227, 4631.6484375, 1802.15270996, 1887.94226074, 6545.06982422, 4567.95996094, 2521.26928711, 7437.35302734, 674.180847168, 256.038757324, 3456.24682617, 1971.21875, 1095.35791016, 1739.09436035, 1081.58166504, 1023.65362549, 1733.21594238, 1607.95678711, 2025.31103516, 2352.53564453, 2430.07885742, 6428.69921875, 6468.68310547, 7057.29150391, 5773.94873047, 2574.26977539, 1447.08337402, 818.402404785, 65.8033981323, 9.65990447998, 1.29726350307, 0.0445741228759, 0.000150213061715],
        "max": [14.255487442, 53.7438812256, 164.002975464, 140.508529663, 100.875701904, 133.870376587, 325.281433105, 441.775878906, 761.085693359, 1060.33959961, 2031.48376465, 2399.16479492, 2559.05102539, 2181.57641602, 5573.39013672, 501.676269531, 160.975357056, 393.648834229, 733.935241699, 211.329742432, 447.830871582, 383.590759277, 221.167877197, 300.072357178, 268.501800537, 303.192016602, 400.641326904, 335.940032959, 540.552062988, 498.190124512, 533.668823242, 452.886383057, 282.164123535, 214.997680664, 408.331573486, 64.41822052, 23.1033554077, 9.33880233765, 1.52001166344, 0.0950869992375],
        "mean": [0.974933922291, 3.84547567368, 2.89346671104, 2.42413592339, 3.75971508026, 8.86496448517, 26.097442627, 26.3417739868, 42.1223716736, 27.1732769012, 30.1130409241, 32.585723877, 36.0542564392, 26.5381507874, 27.9515571594, 13.5192737579, 4.04966163635, 7.93119812012, 8.87125778198, 4.27530908585, 4.74064207077, 3.92618370056, 3.98403310776, 5.39916753769, 5.63656044006, 7.52955722809, 8.10759544373, 9.38500499725, 13.2943897247, 13.8680496216, 16.3638782501, 14.7978229523, 9.78824329376, 6.04582834244, 4.21839475632, 1.5346416235, 0.463372558355, 0.132699534297, 0.0241237338632, 0.00143110076897],
        "median": [0.222784161568, 0.852870583534, 1.19884109497, 0.866699695587, 1.69445514679, 6.77497959137, 17.7352638245, 16.8603649139, 18.5717906952, 7.9855966568, 7.98899126053, 7.64227437973, 8.49122810364, 6.37698841095, 2.90652942657, 1.52969789505, 0.926651537418, 1.02641773224, 0.814042508602, 0.380549490452, 0.32091653347, 0.266822099686, 0.360114634037, 0.436362981796, 0.467948466539, 0.747998416424, 0.834674239159, 0.820998609066, 1.12298440933, 1.76934456825, 2.31861305237, 2.37174844742, 1.61482858658, 0.813387513161, 0.435852378607, 0.203526929021, 0.0443175211549, 0.0068621430546, 0.000777573673986, 0.000101843543234],
        "min": [6.98452144337e-22, 1.27016103373e-20, 4.17673605822e-20, 2.00310703371e-20, 2.42877853901e-20, 1.76443427847e-19, 5.45376256179e-19, 2.30606245004e-19, 5.93932533618e-19, 6.5003626546e-19, 1.18032190383e-18, 2.59596821334e-18, 1.96531309982e-18, 4.41680987648e-18, 1.8613501453e-18, 2.8680537662e-18, 3.19549569322e-18, 9.33628583067e-18, 9.96342356543e-18, 5.03555751828e-18, 6.58744926346e-18, 1.01393359304e-17, 1.0667914268e-17, 9.18106704309e-18, 1.37853338307e-17, 1.00211020424e-17, 9.67245285879e-18, 1.64704911393e-17, 2.07201910933e-17, 1.641733155e-17, 2.14636792258e-17, 1.56142467087e-17, 1.67058736544e-17, 1.3915856314e-17, 1.03219840271e-17, 6.42820996451e-18, 3.20808538214e-18, 1.56853017301e-18, 3.76773350242e-19, 3.55368132574e-20],
        "var": [2.19431996346, 29.065536499, 88.9387283325, 50.6311950684, 42.6898269653, 74.0056152344, 844.859619141, 1183.81359863, 4899.11962891, 2852.22119141, 5917.77783203, 12921.8759766, 15559.1972656, 4863.78271484, 19396.5722656, 1427.00915527, 95.0850830078, 904.618103027, 1100.56237793, 308.085662842, 451.106689453, 318.339447021, 305.009796143, 613.846862793, 558.276367188, 877.851928711, 919.135925293, 973.627502441, 2183.92871094, 2318.88574219, 2403.72607422, 2022.26928711, 839.00390625, 400.417907715, 350.959289551, 20.6958503723, 2.54652523994, 0.309745132923, 0.0105010885745, 3.57443641406e-05]
    },
    "gfcc": {
        "mean": [-20.2676868439, 74.2906188965, -39.3897590637, 10.6740102768, -82.7162322998, 18.6511192322, -35.7708511353, 7.45231199265, -20.2467479706, 6.56161355972, -7.96566152573, 7.21279716492, -4.65824222565],
        "cov": [[7200.41162109, -2397.07226562, -954.733703613, 748.381103516, 147.76449585, 715.161071777, 484.856536865, 565.34777832, 428.357696533, 474.096252441, 295.595123291, 311.252655029, 158.474700928], [-2397.07226562, 1924.34924316, 329.694580078, -511.047515869, -47.4729919434, -18.3822193146, 22.8863124847, 16.8923244476, -11.6785011292, -51.0601959229, 9.91094493866, -62.0863800049, -4.86283874512], [-954.733703613, 329.694580078, 741.232849121, 138.249481201, 40.1414833069, 17.2190876007, 75.9238739014, 33.3102912903, 48.4222755432, -2.44981050491, 36.9386177063, -8.82381343842, 37.0998077393], [748.381103516, -511.047515869, 138.249481201, 822.252868652, 182.541809082, 117.044792175, 74.7523574829, 123.661308289, 109.723876953, 57.3650627136, 48.0511779785, 62.3021240234, 83.5933303833], [147.76449585, -47.4729919434, 40.1414833069, 182.541809082, 331.809539795, 123.060974121, 51.7550888062, 40.0634536743, 72.3445358276, 34.1150741577, 38.5189743042, 41.6551780701, 42.20652771], [715.161071777, -18.3822193146, 17.2190876007, 117.044792175, 123.060974121, 304.492462158, 188.629165649, 176.08782959, 120.886863708, 101.765350342, 99.7171478271, 76.0451660156, 64.8385009766], [484.856536865, 22.8863124847, 75.9238739014, 74.7523574829, 51.7550888062, 188.629165649, 265.981506348, 188.420425415, 107.851982117, 91.890411377, 81.1588897705, 64.4866638184, 68.7274169922], [565.34777832, 16.8923244476, 33.3102912903, 123.661308289, 40.0634536743, 176.08782959, 188.420425415, 266.632049561, 180.257385254, 119.744850159, 92.6184616089, 75.4536132812, 75.244758606], [428.357696533, -11.6785011292, 48.4222755432, 109.723876953, 72.3445358276, 120.886863708, 107.851982117, 180.257385254, 210.607925415, 131.02192688, 88.5169067383, 42.0302238464, 58.255279541], [474.096252441, -51.0601959229, -2.44981050491, 57.3650627136, 34.1150741577, 101.765350342, 91.890411377, 119.744850159, 131.02192688, 194.688308716, 120.40422821, 74.9468154907, 34.6477966309], [295.595123291, 9.91094493866, 36.9386177063, 48.0511779785, 38.5189743042, 99.7171478271, 81.1588897705, 92.6184616089, 88.5169067383, 120.40422821, 156.697296143, 95.8531036377, 47.0539283752], [311.252655029, -62.0863800049, -8.82381343842, 62.3021240234, 41.6551780701, 76.0451660156, 64.4866638184, 75.4536132812, 42.0302238464, 74.9468154907, 95.8531036377, 138.066986084, 75.9265441895], [158.474700928, -4.86283874512, 37.0998077393, 83.5933303833, 42.20652771, 64.8385009766, 68.7274169922, 75.244758606, 58.255279541, 34.6477966309, 47.0539283752, 75.9265441895, 118.729614258]],
        "icov": [[0.000582984124776, 0.000603061169386, 0.000551184581127, -7.14148263796e-05, 0.00032396329334, -0.000957733602263, -0.000281657732558, -0.000157834409038, -0.000350335554685, -0.000284638197627, -2.47854586632e-05, -0.000127783758217, 0.000142030228744], [0.000603061169386, 0.00142601085827, 0.000134671645355, 0.000587638700381, 7.00214659446e-05, -0.000960942299571, 3.0858831451e-05, -0.00101111235563, 0.000167810823768, -0.000127113380586, -0.00056882633362, 0.000661631347612, -0.000322457315633], [0.000551184581127, 0.000134671645355, 0.00233618798666, -0.000687567284331, 0.000421758217271, -0.000462408788735, -0.00131396588404, 0.000852790020872, -0.00115448446013, 0.000364019273547, -0.00081965996651, 0.000313301366987, -6.86339335516e-05], [-7.14148263796e-05, 0.000587638700381, -0.000687567284331, 0.00210572034121, -0.000998781179078, 7.09181185812e-05, 0.000781487091444, -0.00149481371045, 0.000627500819974, -1.54170611495e-05, -0.000106568339106, 0.000563881942071, -0.000958788383286], [0.00032396329334, 7.00214659446e-05, 0.000421758217271, -0.000998781179078, 0.00481866346672, -0.00265665515326, -0.000603140157182, 0.00327201886103, -0.00349866994657, 0.000835607352201, 0.000883232918568, -0.00204041227698, 0.000582796696108], [-0.000957733602263, -0.000960942299571, -0.000462408788735, 7.09181185812e-05, -0.00265665515326, 0.00949092023075, -0.00283866818063, -0.00227385689504, 0.00137105060276, 0.000433246750617, -0.00211802730337, 0.000779250171036, -0.000278905237792], [-0.000281657732558, 3.0858831451e-05, -0.00131396588404, 0.000781487091444, -0.000603140157182, -0.00283866818063, 0.0107360044494, -0.00729314051569, 0.0046270377934, -0.00168524729088, -0.000650359201245, 0.00231016683392, -0.00258848373778], [-0.000157834409038, -0.00101111235563, 0.000852790020872, -0.00149481371045, 0.00327201886103, -0.00227385689504, -0.00729314051569, 0.0194662362337, -0.0138273388147, 0.00226531899534, 0.00300911883824, -0.00657605845481, 0.00205498025753], [-0.000350335554685, 0.000167810823768, -0.00115448446013, 0.000627500819974, -0.00349866994657, 0.00137105060276, 0.0046270377934, -0.0138273388147, 0.0215883273631, -0.00800798740238, -0.0038333479315, 0.0100418105721, -0.00618488434702], [-0.000284638197627, -0.000127113380586, 0.000364019273547, -1.54170611495e-05, 0.000835607352201, 0.000433246750617, -0.00168524729088, 0.00226531899534, -0.00800798740238, 0.0148203521967, -0.00623131729662, -0.00362676731311, 0.00367115275003], [-2.47854586632e-05, -0.00056882633362, -0.00081965996651, -0.000106568339106, 0.000883232918568, -0.00211802730337, -0.000650359201245, 0.00300911883824, -0.0038333479315, -0.00623131729662, 0.0191943552345, -0.010922446847, 0.00273020379245], [-0.000127783758217, 0.000661631347612, 0.000313301366987, 0.000563881942071, -0.00204041227698, 0.000779250171036, 0.00231016683392, -0.00657605845481, 0.0100418105721, -0.00362676731311, -0.010922446847, 0.0231042709202, -0.0114821335301], [0.000142030228744, -0.000322457315633, -6.86339335516e-05, -0.000958788383286, 0.000582796696108, -0.000278905237792, -0.00258848373778, 0.00205498025753, -0.00618488434702, 0.00367115275003, 0.00273020379245, -0.0114821335301, 0.0172814037651]]
    },
    "melbands": {
        "dmean": [0.00278923497535, 0.00125453993678, 0.000301295047393, 0.000170371800778, 0.000303891574731, 0.000217069900827, 0.00023538210371, 0.000105405953946, 9.30421010708e-05, 8.39544736664e-05, 7.43409545976e-05, 5.17288463016e-05, 4.01072575187e-05, 3.07400987367e-05, 8.45403155836e-06, 9.46269574342e-06, 1.69442537299e-05, 1.42007893373e-05, 9.31947124627e-06, 5.9642816268e-06, 7.05258526068e-06, 5.32221838512e-06, 3.60033186553e-06, 4.46891544925e-06, 5.51939274374e-06, 4.55042709291e-06, 5.25660880157e-06, 5.42082534594e-06, 5.25913765159e-06, 6.70029567118e-06, 5.75011745241e-06, 8.73573299032e-06, 1.08537560664e-05, 7.61215369494e-06, 1.05826065919e-05, 9.33510091272e-06, 1.10883720481e-05, 7.96891436039e-06, 6.35929109194e-06, 6.12485018792e-06],
        "dmean2": [0.00432644737884, 0.00207742978819, 0.000517451728228, 0.000274320540484, 0.000474601198221, 0.000340494734701, 0.000376999785658, 0.000148841398186, 0.00012389915355, 0.000102866339148, 9.38523589866e-05, 7.33397391741e-05, 5.31156765646e-05, 4.29895044363e-05, 1.44709656524e-05, 1.58006059792e-05, 2.86117865471e-05, 2.21905702347e-05, 1.52848424477e-05, 1.04155678855e-05, 1.23645631902e-05, 8.95487937669e-06, 5.91047682974e-06, 7.48925458538e-06, 8.9817413027e-06, 7.41354233469e-06, 8.5934125309e-06, 8.56382030179e-06, 8.16801639303e-06, 1.08850217657e-05, 9.12416362553e-06, 1.41641394293e-05, 1.77698257176e-05, 1.21023231259e-05, 1.6722273358e-05, 1.48871213241e-05, 1.81088107638e-05, 1.3179731468e-05, 1.05731742224e-05, 1.04691589513e-05],
        "dvar": [5.84624940529e-05, 2.60857195826e-05, 2.25597364079e-06, 3.36828236414e-07, 2.05550250598e-07, 1.23094508808e-07, 2.72828344805e-07, 8.94410732144e-08, 9.32362098638e-08, 1.48839731651e-07, 8.79873667259e-08, 2.34918431374e-08, 9.97732811925e-08, 8.34849167575e-09, 8.63326465872e-10, 1.12534226382e-09, 4.62908111842e-09, 2.85392132149e-09, 1.17732690263e-09, 5.35982147554e-10, 8.86900386465e-10, 5.78755765535e-10, 1.99335811746e-10, 3.55555668241e-10, 5.4312365716e-10, 2.99726604647e-10, 3.90017323992e-10, 3.7415487375e-10, 3.61647434222e-10, 4.72304251264e-10, 3.07870090532e-10, 8.66954896761e-10, 1.33474653552e-09, 6.40137165497e-10, 1.02867236951e-09, 6.7253030922e-10, 1.10509168483e-09, 5.40223421552e-10, 3.35093369719e-10, 4.39570435606e-10],
        "dvar2": [0.000151726562763, 7.15469068382e-05, 6.32164574199e-06, 9.87499561234e-07, 5.10814459176e-07, 2.9191605222e-07, 8.88907209173e-07, 1.91013853623e-07, 1.61969893497e-07, 2.47333929337e-07, 1.25351633073e-07, 4.56713173946e-08, 1.68123690969e-07, 1.4935331194e-08, 2.24534701943e-09, 2.92732038609e-09, 1.23730217183e-08, 5.66881297459e-09, 2.87654211562e-09, 1.45622636172e-09, 2.43057374227e-09, 1.53158730143e-09, 5.07679120965e-10, 9.31808519233e-10, 1.30420552136e-09, 7.32025828842e-10, 9.05046093624e-10, 8.20249701494e-10, 8.64378346677e-10, 1.17488418994e-09, 7.15438430721e-10, 2.21480744855e-09, 3.323058273e-09, 1.54625334758e-09, 2.62838018017e-09, 1.60823865336e-09, 2.727641224e-09, 1.34418065567e-09, 8.43543734863e-10, 1.18094389823e-09],
        "max": [0.100413888693, 0.0752595737576, 0.0224562902004, 0.00871860980988, 0.00845255423337, 0.0102573568001, 0.0115492343903, 0.0112929763272, 0.0229169204831, 0.0135244382545, 0.0129699977115, 0.0071580549702, 0.0272134449333, 0.00303915468976, 0.00154867197853, 0.000385389343137, 0.000727855134755, 0.00147265032865, 0.000414444919443, 0.000213707782677, 0.000536557578016, 0.000497216940857, 0.000153494809638, 0.000231001889915, 0.000268288276857, 0.000190882012248, 0.00020362259238, 0.000208812314668, 0.000238505832385, 0.000229356068303, 0.00018984694907, 0.000345107866451, 0.000389499095036, 0.00023511753534, 0.000317680038279, 0.000266025861492, 0.000289052084554, 0.000204666444915, 0.000159980554599, 0.000192464169231],
        "mean": [0.00752443820238, 0.00269697932526, 0.000437037495431, 0.000416086870246, 0.000830725883134, 0.000626102788374, 0.000594090495724, 0.000308227376081, 0.000236095307628, 0.000219822759391, 0.000185213444638, 0.000113722569949, 9.99136027531e-05, 7.007890963e-05, 9.75892635324e-06, 9.14823158382e-06, 1.51056701725e-05, 1.53248893184e-05, 7.55312885303e-06, 4.58053091279e-06, 5.45759985471e-06, 4.2277160901e-06, 3.06835227093e-06, 3.55123574991e-06, 4.57632177131e-06, 3.84040276913e-06, 4.50543575425e-06, 4.9308096095e-06, 4.69925134894e-06, 5.49928427063e-06, 5.19567765878e-06, 7.18511319064e-06, 9.16143289942e-06, 6.8236900006e-06, 9.49507921177e-06, 8.74610759638e-06, 9.59738099482e-06, 7.10346193955e-06, 5.51009952687e-06, 4.89239437229e-06],
        "median": [0.00182125333231, 0.00115218339488, 0.000190343998838, 0.000246179988608, 0.000601175008342, 0.000406991544878, 0.000263027701294, 7.27279111743e-05, 6.07381443842e-05, 4.08566374972e-05, 4.03657904826e-05, 2.53659254668e-05, 7.62163017498e-06, 4.66207848149e-06, 1.69851932696e-06, 1.52418181187e-06, 1.73469072706e-06, 1.33718992856e-06, 4.48651888973e-07, 4.0935145762e-07, 3.03979163618e-07, 2.09356755931e-07, 3.17730325605e-07, 2.82213903802e-07, 3.49355730123e-07, 3.17536603234e-07, 3.97200238922e-07, 5.01358783822e-07, 5.35707727067e-07, 4.65925836579e-07, 4.56040311292e-07, 5.55078486286e-07, 8.94787604011e-07, 9.6205758382e-07, 1.2957002582e-06, 1.6280860109e-06, 1.29746069888e-06, 1.18519687931e-06, 8.93799779078e-07, 5.90364948039e-07],
        "min": [9.56696348175e-24, 2.11509180804e-23, 3.55896451214e-24, 5.68779993375e-24, 1.75188163016e-23, 5.56394127745e-24, 1.00798224666e-23, 7.14508634979e-24, 1.0766398878e-23, 1.56681486179e-23, 1.04307006975e-23, 1.94503453835e-23, 5.2570132486e-24, 1.07578160714e-23, 3.40694391595e-24, 1.25118214728e-23, 1.75373813541e-23, 1.56772347178e-23, 1.07854553909e-23, 6.12482650866e-24, 7.40354321476e-24, 1.06602734204e-23, 9.9295902181e-24, 8.54448536375e-24, 7.12660491651e-24, 9.41826162339e-24, 8.46953332256e-24, 6.43146739214e-24, 5.64885702631e-24, 7.27547716882e-24, 1.04385127871e-23, 1.27318663337e-23, 8.92054955677e-24, 9.47426049247e-24, 1.43316699386e-23, 8.78784974187e-24, 1.00348163743e-23, 1.10184352041e-23, 1.22466001256e-23, 1.20975645791e-23],
        "var": [0.000111752073281, 2.53545858868e-05, 1.47652474425e-06, 3.00736644476e-07, 6.82480504111e-07, 6.13739075561e-07, 1.0155461041e-06, 4.18316062678e-07, 4.23115665171e-07, 6.3082802626e-07, 4.1488323177e-07, 8.18467924546e-08, 4.29974136296e-07, 5.32171426926e-08, 8.25913115676e-10, 8.77913297614e-10, 3.34397287638e-09, 3.51390538889e-09, 9.89926585149e-10, 3.71342373517e-10, 6.26914520296e-10, 4.25271956539e-10, 1.60074356548e-10, 2.63648797239e-10, 4.62544669233e-10, 2.53993742705e-10, 3.5135575005e-10, 3.68269637008e-10, 3.29523741627e-10, 4.005429044e-10, 3.00819980037e-10, 7.02726987711e-10, 1.11018683135e-09, 5.59706558878e-10, 8.44204539607e-10, 6.17670192771e-10, 9.21044629454e-10, 4.40668251889e-10, 2.67605632098e-10, 3.05212022322e-10]
    },
    "mfcc": {
        "mean": [-691.703613281, 120.320152283, 77.5476608276, 5.05484962463, -6.90801954269, 1.9447196722, -2.68592333794, 1.08467590809, -5.06835603714, 4.77009105682, -4.00453853607, -1.05134344101, -0.27490901947],
        "cov": [[7860.86816406, -2795.89892578, -888.638549805, -34.7495002747, -9.03293800354, 281.233398438, 287.631652832, 402.138641357, 445.583831787, 301.16607666, 404.715057373, 397.467559814, 451.154937744], [-2795.89892578, 2058.80371094, 263.557647705, -360.717041016, -127.514762878, -125.052978516, -25.4004058838, -53.5856552124, -86.1432037354, 28.9921264648, -44.8362998962, -52.1518745422, -79.8920059204], [-888.638549805, 263.557647705, 638.246582031, 150.2550354, 13.9909305573, -2.96560120583, 44.9860992432, 45.8280715942, 28.5136413574, 66.757484436, 36.9968070984, 23.4898452759, -25.7799987793], [-34.7495002747, -360.717041016, 150.2550354, 461.049743652, 176.174713135, 90.3245620728, 28.893901825, 40.3142967224, 48.5731887817, 0.929089009762, 16.5318183899, 0.444669574499, -8.61224842072], [-9.03293800354, -127.514762878, 13.9909305573, 176.174713135, 274.2918396, 113.323226929, 27.4277038574, 44.3120613098, 34.9192619324, 21.4108257294, 6.31756639481, 21.8224048615, 12.0818710327], [281.233398438, -125.052978516, -2.96560120583, 90.3245620728, 113.323226929, 152.39201355, 88.0073776245, 52.0462722778, 41.9896774292, 23.8012752533, 32.5328636169, 22.3368358612, 33.6392059326], [287.631652832, -25.4004058838, 44.9860992432, 28.893901825, 27.4277038574, 88.0073776245, 155.319839478, 107.485061646, 64.3008041382, 43.8099212646, 47.64478302, 42.012134552, 48.3112754822], [402.138641357, -53.5856552124, 45.8280715942, 40.3142967224, 44.3120613098, 52.0462722778, 107.485061646, 166.656143188, 120.367416382, 70.2485122681, 52.2712669373, 54.9246406555, 46.3164138794], [445.583831787, -86.1432037354, 28.5136413574, 48.5731887817, 34.9192619324, 41.9896774292, 64.3008041382, 120.367416382, 163.570953369, 111.327049255, 76.3352279663, 48.5095329285, 25.4980220795], [301.16607666, 28.9921264648, 66.757484436, 0.929089009762, 21.4108257294, 23.8012752533, 43.8099212646, 70.2485122681, 111.327049255, 168.656646729, 119.140480042, 58.9106864929, 10.2882566452], [404.715057373, -44.8362998962, 36.9968070984, 16.5318183899, 6.31756639481, 32.5328636169, 47.64478302, 52.2712669373, 76.3352279663, 119.140480042, 165.022018433, 104.643096924, 41.6658096313], [397.467559814, -52.1518745422, 23.4898452759, 0.444669574499, 21.8224048615, 22.3368358612, 42.012134552, 54.9246406555, 48.5095329285, 58.9106864929, 104.643096924, 158.118606567, 108.580406189], [451.154937744, -79.8920059204, -25.7799987793, -8.61224842072, 12.0818710327, 33.6392059326, 48.3112754822, 46.3164138794, 25.4980220795, 10.2882566452, 41.6658096313, 108.580406189, 159.956283569]],
