{
"lowlevel": {
    "average_loudness": 0.909645736217,
    "barkbands_crest": {
        "dmean": 2.09148430824,
        "dmean2": 3.46989011765,
        "dvar": 4.25607728958,
        "dvar2": 11.6637372971,
        "max": 25.0660552979,
        "mean": 11.1215782166,
        "median": 10.3904304504,
        "min": 2.35651254654,
        "var": 15.3047552109
    },
    "barkbands_flatness_db": {
        "dmean": 0.0188682544976,
        "dmean2": 0.0273324027658,
        "dvar": 0.000365011801478,
        "dvar2": 0.000727759324946,
        "max": 0.422790080309,
        "mean": 0.154556050897,
        "median": 0.148442178965,
        "min": 0.0291641578078,
        "var": 0.00260080397129
    },
    "barkbands_kurtosis": {
        "dmean": 3.3575797081,
        "dmean2": 5.29768371582,
        "dvar": 24.4856643677,
        "dvar2": 57.9348373413,
        "max": 103.185302734,
        "mean": 8.9807844162,
        "median": 6.56677532196,
        "min": -1.91208100319,
        "var": 86.9882888794
    },
    "barkbands_skewness": {
        "dmean": 0.445611417294,
        "dmean2": 0.693109869957,
        "dvar": 0.237593263388,
        "dvar2": 0.555266797543,
        "max": 8.51151371002,
        "mean": 2.42644262314,
        "median": 2.32003879547,
        "min": -2.26134490967,
        "var": 1.2262121439
    },
    "barkbands_spread": {
        "dmean": 3.31876826286,
        "dmean2": 4.95512628555,
        "dvar": 27.2267665863,
        "dvar2": 48.844745636,
        "max": 108.156639099,
        "mean": 14.0656118393,
        "median": 12.0499267578,
        "min": 0.965867400169,
        "var": 103.709648132
    },
    "dissonance": {
        "dmean": 0.0160695966333,
        "dmean2": 0.0265741292387,
        "dvar": 0.000208713507163,
        "dvar2": 0.000549849297386,
        "max": 0.499999910593,
        "mean": 0.459555536509,
        "median": 0.463501662016,
        "min": 0.307723492384,
        "var": 0.000546551833395
    },
    "dynamic_complexity": 2.24993729591,
    "erbbands_crest": {
        "dmean": 1.74528348446,
        "dmean2": 2.76860499382,
        "dvar": 2.8489613533,
        "dvar2": 7.02743530273,
        "max": 26.2369232178,
        "mean": 7.39090967178,
        "median": 6.74087905884,
        "min": 2.0622651577,
        "var": 8.69232273102
    },
    "erbbands_flatness_db": {
        "dmean": 0.0150487814099,
        "dmean2": 0.01969682239,
        "dvar": 0.000302131840726,
        "dvar2": 0.00048503279686,
        "max": 0.379130810499,
        "mean": 0.139945968986,
        "median": 0.131766572595,
        "min": 0.0239544231445,
        "var": 0.00231012539007
    },
    "erbbands_kurtosis": {
        "dmean": 0.551157236099,
        "dmean2": 0.86191868782,
        "dvar": 0.495584994555,
        "dvar2": 1.14958620071,
        "max": 12.4273948669,
        "mean": 0.0242828577757,
        "median": -0.307626485825,
        "min": -1.81187796593,
        "var": 1.57368445396
    },
    "erbbands_skewness": {
        "dmean": 0.254632622004,
        "dmean2": 0.388950228691,
        "dvar": 0.0579592660069,
        "dvar2": 0.121093079448,
        "max": 3.08831119537,
        "mean": 0.595221400261,
        "median": 0.592691957951,
        "min": -3.0092484951,
        "var": 0.309921979904
    },
    "erbbands_spread": {
        "dmean": 6.12851476669,
        "dmean2": 9.02888584137,
        "dvar": 54.9251365662,
        "dvar2": 108.663284302,
        "max": 164.273590088,
        "mean": 42.1475524902,
        "median": 40.0129356384,
        "min": 7.03126382828,
        "var": 267.73614502
    },
    "hfc": {
        "dmean": 4.66816329956,
        "dmean2": 6.41818189621,
        "dvar": 83.0640869141,
        "dvar2": 153.644195557,
        "max": 338.344726562,
        "mean": 17.0709629059,
        "median": 13.3610658646,
        "min": 1.18323025019e-16,
        "var": 249.338760376
    },
    "melbands_crest": {
        "dmean": 2.64455461502,
        "dmean2": 4.41546583176,
        "dvar": 6.37310028076,
        "dvar2": 17.4640808105,
        "max": 36.5794067383,
        "mean": 15.0653743744,
        "median": 14.652879715,
        "min": 1.65736722946,
        "var": 21.7562789917
    },
    "melbands_flatness_db": {
        "dmean": 0.0211876630783,
        "dmean2": 0.0313984192908,
        "dvar": 0.000483997893753,
        "dvar2": 0.00100197561551,
        "max": 0.563561201096,
        "mean": 0.248586952686,
        "median": 0.244995459914,
        "min": 0.00388661422767,
        "var": 0.00377794774249
    },
    "melbands_kurtosis": {
        "dmean": 7.13878583908,
        "dmean2": 11.3633470535,
        "dvar": 113.649589539,
        "dvar2": 279.688659668,
        "max": 263.353240967,
        "mean": 21.0220508575,
        "median": 16.0451335907,
        "min": -1.72301054001,
        "var": 375.956115723
    },
    "melbands_skewness": {
        "dmean": 0.59536331892,
        "dmean2": 0.938430070877,
        "dvar": 0.433525949717,
        "dvar2": 1.06106293201,
        "max": 12.560087204,
        "mean": 3.43693470955,
        "median": 3.28234004974,
        "min": -0.308145344257,
        "var": 2.01842141151
    },
    "melbands_spread": {
        "dmean": 3.09323096275,
        "dmean2": 4.67085075378,
        "dvar": 41.6808509827,
        "dvar2": 80.1922683716,
        "max": 201.542449951,
        "mean": 12.405995369,
        "median": 9.70214271545,
        "min": 0.853230655193,
        "var": 192.92855835
    },
    "pitch_salience": {
        "dmean": 0.0659140124917,
        "dmean2": 0.109750263393,
        "dvar": 0.00388410850428,
        "dvar2": 0.0107449265197,
        "max": 0.948928177357,
        "mean": 0.558470547199,
        "median": 0.563675522804,
        "min": 0.13288962841,
        "var": 0.0121034616604
    },
    "silence_rate_20dB": {
        "dmean": 0,
        "dmean2": 0,
        "dvar": 0,
        "dvar2": 0,
        "max": 1,
        "mean": 1,
        "median": 1,
        "min": 1,
        "var": 0
    },
    "silence_rate_30dB": {
        "dmean": 0.0182094089687,
        "dmean2": 0.0364222712815,
        "dvar": 0.0178777724504,
        "dvar2": 0.0464718826115,
        "max": 1,
        "mean": 0.986059725285,
        "median": 1,
        "min": 0,
        "var": 0.0137449102476
    },
    "silence_rate_60dB": {
        "dmean": 0.00986342970282,
        "dmean2": 0.0197287295014,
        "dvar": 0.00976795889437,
        "dvar2": 0.0220015663654,
        "max": 1,
        "mean": 0.0300616398454,
        "median": 0,
        "min": 0,
        "var": 0.029154535383
    },
    "spectral_centroid": {
        "dmean": 148.054946899,
        "dmean2": 226.208999634,
        "dvar": 39942.8085938,
        "dvar2": 72483.6953125,
        "max": 11191.7587891,
        "mean": 851.435546875,
        "median": 759.57220459,
        "min": 185.725830078,
        "var": 231843.3125
    },
    "spectral_complexity": {
        "dmean": 2.81297421455,
        "dmean2": 4.26728630066,
        "dvar": 9.32938098907,
        "dvar2": 17.9855594635,
        "max": 52,
        "mean": 18.0129928589,
        "median": 18,
        "min": 0,
        "var": 51.6458320618
    },
    "spectral_decrease": {
        "dmean": 3.02646196992e-09,
        "dmean2": 4.91578555639e-09,
        "dvar": 2.02288110678e-17,
        "dvar2": 5.09865526899e-17,
        "max": 2.24369142919e-18,
        "mean": -1.0257024563e-08,
        "median": -9.32882482374e-09,
        "min": -5.72505953755e-08,
        "var": 4.43098982013e-17
    },
    "spectral_energy": {
        "dmean": 0.0117229381576,
        "dmean2": 0.0189773105085,
        "dvar": 0.000299626379274,
        "dvar2": 0.000752452004235,
        "max": 0.220437258482,
        "mean": 0.0402608886361,
        "median": 0.036713052541,
        "min": 1.06955850686e-20,
        "var": 0.000667551823426
    },
    "spectral_energyband_high": {
        "dmean": 0.000254719081568,
        "dmean2": 0.00032679256401,
        "dvar": 9.66763877841e-07,
        "dvar2": 1.67629286807e-06,
        "max": 0.0383128784597,
        "mean": 0.000506577896886,
        "median": 0.000184285599971,
        "min": 7.80418816212e-21,
        "var": 2.17562956095e-06
    },
    "spectral_energyband_low": {
        "dmean": 0.00784373376518,
        "dmean2": 0.0132359135896,
        "dvar": 0.000200241571292,
        "dvar2": 0.000534254068043,
        "max": 0.18132250011,
        "mean": 0.0190112479031,
        "median": 0.0159062352031,
        "min": 6.47142296034e-23,
        "var": 0.000323748972733
    },
    "spectral_energyband_middle_high": {
        "dmean": 0.000836065388285,
        "dmean2": 0.00113663461525,
        "dvar": 1.67226789927e-06,
        "dvar2": 3.04599211631e-06,
        "max": 0.0492734275758,
        "mean": 0.00307386135682,
        "median": 0.00237109977752,
        "min": 1.33804289581e-21,
        "var": 9.0801886472e-06
    },
    "spectral_energyband_middle_low": {
        "dmean": 0.00643523130566,
        "dmean2": 0.010406833142,
        "dvar": 8.16462561488e-05,
        "dvar2": 0.000213322025957,
        "max": 0.125726670027,
        "mean": 0.0194095801562,
        "median": 0.0163845270872,
        "min": 4.97678738831e-22,
        "var": 0.000211661186768
    },
    "spectral_entropy": {
        "dmean": 0.143975585699,
        "dmean2": 0.207785785198,
        "dvar": 0.0243800859898,
        "dvar2": 0.0434770807624,
        "max": 9.7959022522,
        "mean": 7.3375711441,
        "median": 7.35570955276,
        "min": 5.43102931976,
        "var": 0.170908793807
    },
    "spectral_flux": {
        "dmean": 0.0260298959911,
        "dmean2": 0.039856299758,
        "dvar": 0.00115506234579,
        "dvar2": 0.0024307272397,
        "max": 0.400187671185,
        "mean": 0.0790398269892,
        "median": 0.0657185539603,
        "min": 1.03419460495e-10,
        "var": 0.00242392951623
    },
    "spectral_kurtosis": {
        "dmean": 1.98235058784,
        "dmean2": 3.33648705482,
        "dvar": 10.4109888077,
        "dvar2": 27.932674408,
        "max": 145.880493164,
        "mean": 6.81069135666,
        "median": 5.79785346985,
        "min": -1.22187161446,
        "var": 24.7950344086
    },
    "spectral_rms": {
        "dmean": 0.000854204583447,
        "dmean2": 0.00134678347968,
        "dvar": 1.19705441648e-06,
        "dvar2": 2.80254289464e-06,
        "max": 0.0146649498492,
        "mean": 0.0058997948654,
        "median": 0.00598478177562,
        "min": 3.23028127684e-12,
        "var": 4.47116917712e-06
    },
    "spectral_rolloff": {
        "dmean": 217.556030273,
        "dmean2": 364.028961182,
        "dvar": 450522.40625,
        "dvar2": 866918.625,
        "max": 18992.2851562,
        "mean": 814.707946777,
        "median": 473.73046875,
        "min": 43.06640625,
        "var": 3146132.75
    },
    "spectral_skewness": {
        "dmean": 0.223183915019,
        "dmean2": 0.361357420683,
        "dvar": 0.0743243023753,
        "dvar2": 0.19057533145,
        "max": 9.63508701324,
        "mean": 1.93213438988,
        "median": 1.88588428497,
        "min": -0.00104357826058,
        "var": 0.262098550797
    },
    "spectral_spread": {
        "dmean": 503152.5,
        "dmean2": 660424.5625,
        "dvar": 556245319680,
        "dvar2": 806720700416,
        "max": 39666876,
        "mean": 4513196.5,
        "median": 4413642.5,
        "min": 786931.0625,
        "var": 3.40781616333e+12
    },
    "spectral_strongpeak": {
        "dmean": 0.237445160747,
        "dmean2": 0.412301212549,
        "dvar": 0.207737088203,
        "dvar2": 0.560298264027,
        "max": 18.5364780426,
        "mean": 0.62901622057,
        "median": 0.518614411354,
        "min": 0,
        "var": 0.291978657246
    },
    "zerocrossingrate": {
        "dmean": 0.00776943285018,
        "dmean2": 0.00908162351698,
        "dvar": 0.000124384678202,
        "dvar2": 0.000127721228637,
        "max": 0.51708984375,
        "mean": 0.0435791835189,
        "median": 0.03515625,
        "min": 0.00244140625,
        "var": 0.0022324048914
    },
    "barkbands": {
        "dmean": [0.000376531301299, 0.00474364729598, 0.00325667625293, 0.00225462927483, 0.00368812005036, 0.00121842662338, 0.000937385309953, 0.000562134140637, 0.000500336580444, 0.000353298644768, 0.000165298741194, 0.000197766770725, 0.000165688572451, 0.000153611632413, 0.00012632603466, 0.000113668000267, 0.000101480924059, 0.000123203979456, 0.000105919847556, 7.3346629506e-05, 3.82573743991e-05, 4.70513368782e-05, 5.1638136938e-05, 5.31375590072e-05, 4.2841576942e-05, 2.85695641651e-05, 2.13544772123e-05],
        "dmean2": [0.000607383030001, 0.00794843025506, 0.00574535224587, 0.00379857816733, 0.00605345750228, 0.00191544264089, 0.00134325458203, 0.000839923566673, 0.000742488191463, 0.000496915250551, 0.000245469767833, 0.000299150764477, 0.000252047437243, 0.000240177338128, 0.000197450295673, 0.000184087417438, 0.000161516625667, 0.000188910693396, 0.000164267985383, 0.00011622193415, 5.69316580368e-05, 6.87093852321e-05, 7.49291502871e-05, 7.38041271688e-05, 5.72526041651e-05, 3.85218227166e-05, 3.07713162329e-05],
        "dvar": [2.32972206504e-06, 0.000115649971121, 3.28860296577e-05, 1.39499134093e-05, 3.37232486345e-05, 3.79131461159e-06, 3.1218460208e-06, 1.25653582472e-06, 1.45293347487e-06, 6.9484224241e-07, 7.00408051557e-08, 9.52813508093e-08, 9.3953559599e-08, 9.19449476555e-08, 5.3355215357e-08, 2.77981460073e-08, 2.62036188303e-08, 5.31512789337e-08, 4.08699527554e-08, 3.52742297594e-08, 2.57636560974e-08, 9.38910531545e-08, 8.83198154611e-08, 1.39295863733e-07, 7.40518473208e-08, 8.7568441387e-09, 2.12050021986e-09],
        "dvar2": [5.68667655898e-06, 0.000302828702843, 0.00010408963135, 4.01785655413e-05, 8.97583086044e-05, 1.0841033145e-05, 7.25347899788e-06, 2.88782916869e-06, 3.22592472912e-06, 1.58480145274e-06, 1.59036133596e-07, 2.16071853743e-07, 2.11599896716e-07, 1.99377609533e-07, 1.11156339244e-07, 6.79707596873e-08, 6.25386107345e-08, 1.08651036612e-07, 8.79847661395e-08, 8.2960553982e-08, 5.53467742748e-08, 1.78386272864e-07, 1.7723864687e-07, 2.81461467466e-07, 1.35558451575e-07, 1.73947789506e-08, 4.96119811899e-09],
        "max": [0.0696209445596, 0.147838443518, 0.0655417516828, 0.0616643279791, 0.102649122477, 0.0501134693623, 0.0448996201158, 0.023704521358, 0.040383387357, 0.0290889292955, 0.00718458695337, 0.00663264282048, 0.0100776189938, 0.0109329391271, 0.00997513718903, 0.00331077398732, 0.00442727003247, 0.00793958175927, 0.00628256192431, 0.00737941358238, 0.00899616070092, 0.012813705951, 0.014226208441, 0.0277202539146, 0.0162705313414, 0.00580932572484, 0.000884741195478],
        "mean": [0.000352553179255, 0.0110690779984, 0.00600108876824, 0.00378753594123, 0.00772604346275, 0.00307557126507, 0.00231223925948, 0.00115338596515, 0.00104792672209, 0.000706781982444, 0.00031635016785, 0.000362578488421, 0.000295405421639, 0.000267637893558, 0.000246452051215, 0.000230907200603, 0.000199184782105, 0.000268788193353, 0.000236877414864, 0.000137716036988, 6.76821218804e-05, 7.47159065213e-05, 8.29950731713e-05, 9.18053701753e-05, 6.97910654708e-05, 4.97486435052e-05, 3.00739775412e-05],
        "median": [3.19095051964e-05, 0.0044208378531, 0.00355232926086, 0.00206592399627, 0.00515307392925, 0.00217198370956, 0.00117128365673, 0.000488903431688, 0.000452531094197, 0.000369031273294, 0.000188881705981, 0.000214269326534, 0.00015478284331, 0.000145305792103, 0.000144114965224, 0.000147239174112, 0.000132813758682, 0.000128635496367, 0.00010379532614, 6.32502487861e-05, 2.27462969633e-05, 2.16376665776e-05, 2.43758604483e-05, 2.4409051548e-05, 1.56043097377e-05, 1.3251827113e-05, 5.29382350578e-06],
        "min": [4.03934017708e-23, 4.29545570287e-24, 1.39213581383e-23, 7.96563911079e-23, 9.57642618385e-23, 7.5317107082e-23, 9.70717830117e-23, 3.35173556439e-23, 8.3897780651e-23, 5.12838853137e-23, 8.28017057548e-23, 1.32650722502e-22, 4.7609213445e-23, 1.17019500463e-22, 1.27405529545e-22, 1.60535188453e-22, 1.48887991664e-22, 2.17444522923e-22, 1.58437436912e-22, 3.629484149e-22, 4.86563297401e-22, 5.56576583384e-22, 6.90369513368e-22, 7.74376257798e-22, 1.07490646378e-21, 1.74822845317e-21, 2.46630018669e-21],
        "var": [2.22737753575e-06, 0.000203295436222, 5.17597800354e-05, 2.55708000623e-05, 7.7994503954e-05, 9.49751029111e-06, 1.11328126877e-05, 3.28476244249e-06, 4.81623419546e-06, 2.03901254281e-06, 1.85826436905e-07, 2.2460764626e-07, 2.12663977095e-07, 2.03554392897e-07, 1.51660444203e-07, 7.38059782179e-08, 6.14211685956e-08, 1.74111818296e-07, 1.38915368098e-07, 6.32963548242e-08, 4.66620591055e-08, 1.54039369704e-07, 1.30841129931e-07, 2.3031866192e-07, 1.46041543303e-07, 2.23298890489e-08, 3.16295678537e-09]
    },
    "erbbands": {
        "dmean": [0.110987812281, 1.19247233868, 3.57924604416, 5.24775409698, 12.1756534576, 11.7870616913, 10.4296789169, 10.1129617691, 14.1064128876, 11.6201133728, 12.6549358368, 11.0539512634, 12.5933170319, 7.33475351334, 5.76816177368, 8.14023971558, 7.89459514618, 7.73226642609, 6.09370756149, 5.79285526276, 6.38080596924, 4.89070415497, 6.90359067917, 5.11725616455, 5.33702373505, 3.02615261078, 1.57485592365, 1.59349739552, 1.69626927376, 1.53202140331, 1.53347861767, 1.34460520744, 0.733896017075, 0.508268892765, 0.288721889257, 0.135479494929, 0.0538437515497, 0.0181134417653, 0.00346770999022, 0.000213578983676],
        "dmean2": [0.182408750057, 2.03389000893, 6.34537744522, 8.99268054962, 19.8211193085, 19.7525215149, 16.5757026672, 16.1827220917, 20.4202899933, 17.2589988708, 18.8884792328, 16.2606983185, 17.9992313385, 10.3953084946, 8.6299161911, 12.3696432114, 11.9466304779, 11.8493623734, 9.6085357666, 9.12216377258, 10.3489522934, 7.54473781586, 10.6575212479, 7.84377670288, 8.32790279388, 4.77164363861, 2.32711553574, 2.42010641098, 2.47122597694, 2.23219108582, 2.20559453964, 1.93643522263, 1.01051807404, 0.704328477383, 0.38984438777, 0.184832721949, 0.0734135657549, 0.0267587117851, 0.00491400016472, 0.000298597064102],
        "dvar": [0.0855546072125, 6.87491607666, 39.659576416, 68.4004669189, 334.397125244, 547.147155762, 302.194091797, 337.959228516, 675.853210449, 769.09185791, 690.961730957, 851.513671875, 678.355163574, 250.041473389, 97.2094955444, 149.270324707, 183.102813721, 275.219848633, 131.073883057, 93.1755218506, 83.8099517822, 62.8767585754, 170.453689575, 101.368453979, 99.8760452271, 78.0317687988, 31.8464107513, 53.4515724182, 130.970535278, 73.4000473022, 85.1994094849, 147.573272705, 13.3889360428, 14.0322475433, 2.33560609818, 0.338166415691, 0.0237133037299, 0.00184648483992, 5.39808534086e-05, 1.9124907169e-07],
        "dvar2": [0.214343056083, 18.569606781, 118.811912537, 205.116577148, 858.676452637, 1517.00061035, 836.973266602, 1001.85443115, 1581.21594238, 1824.61975098, 1614.10449219, 1856.05639648, 1567.97668457, 487.203979492, 239.80821228, 335.023376465, 417.260040283, 573.847412109, 278.778320312, 207.231628418, 213.931121826, 137.375228882, 354.017700195, 209.504455566, 218.227539062, 185.429794312, 67.8692779541, 109.421394348, 251.921463013, 132.595870972, 168.150772095, 334.914459229, 24.2102375031, 26.8021812439, 4.26827716827, 0.704300999641, 0.0480906181037, 0.00401580007747, 0.000125868653413, 4.31466730788e-07],
        "max": [4.57050323486, 33.3457069397, 70.471572876, 115.734306335, 421.831451416, 322.675354004, 412.061737061, 552.923339844, 600.471984863, 1321.11462402, 634.085327148, 1172.50024414, 871.48236084, 787.110229492, 348.922546387, 256.872955322, 402.590515137, 552.127624512, 501.087554932, 222.889389038, 169.717971802, 257.437713623, 414.134887695, 374.821655273, 331.792724609, 294.814483643, 320.766998291, 369.241882324, 468.875030518, 390.009185791, 434.196899414, 886.179260254, 192.471054077, 223.639007568, 76.6605300903, 37.4293022156, 8.31416320801, 1.49759554863, 0.113083824515, 0.00537331961095],
        "mean": [0.228421092033, 2.80524206161, 7.12796258926, 10.0303421021, 22.6467628479, 23.6383609772, 23.4813499451, 24.8593482971, 36.8036842346, 26.2979431152, 25.714838028, 24.2256355286, 26.3790664673, 15.7694835663, 12.3677272797, 15.6909008026, 14.8803091049, 14.6162757874, 12.2265710831, 12.425163269, 13.6875295639, 10.8783941269, 14.9059181213, 11.8368625641, 12.3201322556, 5.85692739487, 2.97164297104, 2.62910175323, 2.6573779583, 2.58047270775, 2.40789103508, 2.08965563774, 1.35549592972, 0.829731047153, 0.461487770081, 0.233337804675, 0.0901882052422, 0.0270988829434, 0.00498675741255, 0.000332851719577],
        "median": [0.0354383140802, 1.39014136791, 4.45893955231, 6.65562105179, 13.3564729691, 14.3989973068, 14.9787902832, 16.551202774, 18.9555091858, 14.6614131927, 12.2277841568, 10.9816493988, 14.7599744797, 8.59557914734, 8.0041885376, 9.8252363205, 8.43127632141, 7.95091962814, 7.29027509689, 7.8403544426, 9.49643421173, 7.51795339584, 7.44494867325, 6.09612894058, 4.90562677383, 2.85967350006, 1.20070505142, 0.779194116592, 0.740183591843, 0.787437200546, 0.68269264698, 0.523360610008, 0.382731407881, 0.196393892169, 0.0965334400535, 0.0599759034812, 0.0219274759293, 0.00513797299936, 0.000968612264842, 9.92006243905e-05],
        "min": [4.92157368827e-22, 4.1261358288e-22, 1.1896831456e-20, 1.32940784511e-19, 4.04051957386e-19, 2.45961379661e-19, 2.85385919179e-19, 8.18034941809e-19, 1.05755578982e-18, 1.3455848354e-18, 7.56737187805e-19, 1.44792496496e-18, 2.74363049923e-18, 1.39052679885e-18, 5.19848811071e-18, 4.93693401461e-18, 2.67026144005e-18, 4.5545850793e-18, 7.59389025451e-18, 6.16356345369e-18, 8.25703516133e-18, 1.0463963789e-17, 9.64091328922e-18, 8.55730089651e-18, 1.14475692184e-17, 1.52388307877e-17, 1.51461518175e-17, 2.45379191334e-17, 2.06126377613e-17, 1.68804947904e-17, 2.12852315523e-17, 1.64681254027e-17, 1.3886774298e-17, 1.29505530827e-17, 6.87236790314e-18, 5.51234690489e-18, 3.39198893221e-18, 1.15404072141e-18, 3.71829162474e-19, 3.94446406533e-20],
        "var": [0.13683475554, 12.0488939285, 62.2191963196, 113.687965393, 900.301635742, 833.690734863, 789.360595703, 773.292297363, 2681.9140625, 1668.77111816, 1600.28674316, 3017.75952148, 1833.19543457, 851.561218262, 261.426208496, 369.426757812, 424.33694458, 673.383178711, 335.200622559, 275.338745117, 218.463989258, 167.560333252, 522.043151855, 313.762390137, 371.93157959, 125.056007385, 57.8294525146, 96.3731842041, 211.389480591, 127.748756409, 126.977783203, 173.470672607, 33.2420082092, 25.9818191528, 4.6025891304, 0.754508018494, 0.0582256019115, 0.00330593460239, 8.27591647976e-05, 2.94333801776e-07]
    },
    "gfcc": {
        "mean": [1.05394506454, 107.699562073, -92.3213195801, 20.8744449615, -43.4906959534, -2.16260695457, -36.5844802856, 4.04087305069, -23.4882621765, -5.09581422806, -12.6727867126, -3.10638046265, -14.2391614914],
        "cov": [[13073.3808594, -539.403137207, 757.520507812, 119.800918579, -210.23638916, 246.704330444, -392.96496582, 281.544555664, -191.219528198, 36.681640625, -131.091110229, 31.1389293671, -359.24621582], [-539.403137207, 1953.31201172, -753.551757812, 35.6754150391, 171.560470581, -253.354797363, 153.648666382, -134.822143555, 123.23651886, -93.705406189, 130.65385437, -110.51134491, 171.274368286], [757.520507812, -753.551757812, 944.621948242, 63.8830909729, 43.2474060059, 283.212188721, -6.11801576614, 133.838684082, -3.49308371544, 96.4963912964, -16.8114070892, 95.3224258423, -88.5592651367], [119.800918579, 35.6754150391, 63.8830909729, 272.782714844, 56.5668144226, 64.3938140869, 32.1761054993, 44.6899375916, 40.9758033752, 1.70094406605, 32.5093460083, 15.6831274033, 13.1408691406], [-210.23638916, 171.560470581, 43.2474060059, 56.5668144226, 222.815826416, 35.9135284424, 91.729675293, 26.7969646454, 56.9463195801, 26.0851707458, 31.2757015228, 19.38256073, 32.7285614014], [246.704330444, -253.354797363, 283.212188721, 64.3938140869, 35.9135284424, 227.985916138, 25.8246517181, 92.9869842529, 18.696144104, 36.8110542297, 9.01608467102, 29.2634830475, -23.6418018341], [-392.96496582, 153.648666382, -6.11801576614, 32.1761054993, 91.729675293, 25.8246517181, 180.456619263, 6.9273519516, 53.8769454956, 32.1199607849, 22.3360939026, 14.9033546448, 50.9773635864], [281.544555664, -134.822143555, 133.838684082, 44.6899375916, 26.7969646454, 92.9869842529, 6.9273519516, 159.668731689, 28.873790741, 28.914478302, 25.8498935699, 13.3411121368, -23.0987987518], [-191.219528198, 123.23651886, -3.49308371544, 40.9758033752, 56.9463195801, 18.696144104, 53.8769454956, 28.873790741, 108.711349487, 35.2812728882, 28.4306983948, 4.72099113464, 25.8180923462], [36.681640625, -93.705406189, 96.4963912964, 1.70094406605, 26.0851707458, 36.8110542297, 32.1199607849, 28.914478302, 35.2812728882, 80.8797683716, 17.6356887817, 26.9080162048, 3.64181542397], [-131.091110229, 130.65385437, -16.8114070892, 32.5093460083, 31.2757015228, 9.01608467102, 22.3360939026, 25.8498935699, 28.4306983948, 17.6356887817, 78.141166687, 11.7529821396, 13.5882606506], [31.1389293671, -110.51134491, 95.3224258423, 15.6831274033, 19.38256073, 29.2634830475, 14.9033546448, 13.3411121368, 4.72099113464, 26.9080162048, 11.7529821396, 72.3561706543, 19.0377578735], [-359.24621582, 171.274368286, -88.5592651367, 13.1408691406, 32.7285614014, -23.6418018341, 50.9773635864, -23.0987987518, 25.8180923462, 3.64181542397, 13.5882606506, 19.0377578735, 89.2353973389]],
        "icov": [[0.000103942817077, -0.000116768016596, -4.63008946099e-05, -8.68148781592e-05, 7.40101895644e-05, -3.6414105125e-05, 0.000169496110175, -0.000190158767509, 0.000185673299711, -0.000226836462389, 0.000337068195222, -0.000230699137319, 0.000379995210096], [-0.000116768016596, 0.00143277761526, 0.000442917429609, 0.000143187775393, -0.000788716948591, 0.000516980711836, -0.000542146910448, 0.000744286284316, -0.00104704324622, 0.00155925750732, -0.00235728686675, 0.00191490433645, -0.00168328243308], [-4.63008946099e-05, 0.000442917429609, 0.00246395263821, -7.72323401179e-05, -0.000571320357267, -0.00194091186859, 2.26929951168e-05, 9.67966552707e-05, 7.91161292e-05, -0.000994243426248, 0.000355762953404, -0.00169267796446, 0.00145218858961], [-8.68148781592e-05, 0.000143187775393, -7.72323401179e-05, 0.00455186190084, -0.000592310680076, -0.000923422921915, -0.000192130406504, -0.000220211717533, -0.00149142381269, 0.002080086153, -0.00159095937852, -0.000249106524279, -0.000703917699866], [7.40101895644e-05, -0.000788716948591, -0.000571320357267, -0.000592310680076, 0.00674519175664, -0.000279830361251, -0.00209705927409, -0.000648753193673, -0.00102972215973, -0.000397992727812, 0.00032664250466, -0.00143674248829, 0.000384963816032], [-3.6414105125e-05, 0.000516980711836, -0.00194091186859, -0.000923422921915, -0.000279830361251, 0.00875672325492, -0.00128650374245, -0.00269557069987, -0.000283945846604, 0.000512735743541, -0.000661686237436, 0.000925964966882, -0.000504850409925], [0.000169496110175, -0.000542146910448, 2.26929951168e-05, -0.000192130406504, -0.00209705927409, -0.00128650374245, 0.00907071493566, 9.56049989327e-05, -0.000948468456045, -0.00278609502129, 0.00109468470328, -5.68864961679e-05, -0.00272146426141], [-0.000190158767509, 0.000744286284316, 9.67966552707e-05, -0.000220211717533, -0.000648753193673, -0.00269557069987, 9.56049989327e-05, 0.00994001422077, -0.00233085337095, 0.000130746309878, -0.00370008917525, 0.000992412911728, 0.00099730421789], [0.000185673299711, -0.00104704324622, 7.91161292e-05, -0.00149142381269, -0.00102972215973, -0.000283945846604, -0.000948468456045, -0.00233085337095, 0.0153531795368, -0.00682241050526, 0.000138606716064, 0.00137987989001, -0.00118292844854], [-0.000226836462389, 0.00155925750732, -0.000994243426248, 0.002080086153, -0.000397992727812, 0.000512735743541, -0.00278609502129, 0.000130746309878, -0.00682241050526, 0.0213660337031, -0.00500205019489, -0.00267537473701, -0.000857352977619], [0.000337068195222, -0.00235728686675, 0.000355762953404, -0.00159095937852, 0.00032664250466, -0.000661686237436, 0.00109468470328, -0.00370008917525, 0.000138606716064, -0.00500205019489, 0.0203029625118, -0.00542095256969, 0.00281949853525], [-0.000230699137319, 0.00191490433645, -0.00169267796446, -0.000249106524279, -0.00143674248829, 0.000925964966882, -5.68864961679e-05, 0.000992412911728, 0.00137987989001, -0.00267537473701, -0.00542095256969, 0.0232834648341, -0.00961759034544], [0.000379995210096, -0.00168328243308, 0.00145218858961, -0.000703917699866, 0.000384963816032, -0.000504850409925, -0.00272146426141, 0.00099730421789, -0.00118292844854, -0.000857352977619, 0.00281949853525, -0.00961759034544, 0.0210494175553]]
    },
    "melbands": {
        "dmean": [0.00115339295007, 0.00175012554973, 0.00105759606231, 0.000884509063326, 0.000381675548851, 0.000231493613683, 0.000208839206607, 0.000121770208352, 0.00010165857384, 6.96753850207e-05, 6.40753933112e-05, 3.21942716255e-05, 2.0684017727e-05, 1.90577338799e-05, 2.38188731601e-05, 1.59612318384e-05, 1.54665176524e-05, 1.03254942587e-05, 9.38173798204e-06, 8.1766220319e-06, 8.04520277597e-06, 5.52513483854e-06, 6.67482436256e-06, 6.18202193436e-06, 4.29354213338e-06, 4.41469273937e-06, 3.76107050215e-06, 1.76319679213e-06, 1.03160402887e-06, 9.97020265459e-07, 9.44893713495e-07, 9.6056237453e-07, 1.03999548173e-06, 8.81169398781e-07, 1.01136242847e-06, 7.52808887228e-07, 9.15775842714e-07, 5.48900914055e-07, 5.02486386722e-07, 4.29111111089e-07],
        "dmean2": [0.00189623003826, 0.00305885169655, 0.00177391886245, 0.00146021484397, 0.000614312069956, 0.000366103602573, 0.000303496170091, 0.000181336232345, 0.000150886451593, 0.000102685829916, 9.16120043257e-05, 4.56903399026e-05, 3.08307207888e-05, 2.89993240585e-05, 3.5954402847e-05, 2.43820686592e-05, 2.38898192038e-05, 1.65180445038e-05, 1.46786032929e-05, 1.31578917717e-05, 1.32111645144e-05, 8.78054743225e-06, 1.03307247628e-05, 9.5970244729e-06, 6.71991483614e-06, 6.94434311299e-06, 6.0192901401e-06, 2.79947198578e-06, 1.55945178903e-06, 1.53431551553e-06, 1.48819026435e-06, 1.43206534631e-06, 1.53562632477e-06, 1.32200375447e-06, 1.4836509763e-06, 1.09138557036e-06, 1.35517370836e-06, 7.85194686159e-07, 7.02860461388e-07, 6.05839318268e-07],
        "dvar": [7.43487544241e-06, 1.02754775071e-05, 2.35183665609e-06, 2.00688396035e-06, 4.29040682093e-07, 1.64456380958e-07, 1.4070290888e-07, 7.73087762695e-08, 4.51626505082e-08, 3.36749259588e-08, 1.84134787418e-08, 5.76122483054e-09, 1.07434372509e-09, 9.76070668735e-10, 1.54191392987e-09, 1.1930831878e-09, 1.11453790641e-09, 3.82165160628e-10, 3.25969778947e-10, 1.6414535009e-10, 1.39924793974e-10, 7.62163457346e-11, 1.65476771175e-10, 1.47215933888e-10, 7.80650474819e-11, 7.77290315446e-11, 6.83665277168e-11, 3.62695498635e-11, 1.0110435926e-11, 2.44085585077e-11, 1.94939793474e-11, 4.09716496841e-11, 4.54558231333e-11, 2.38170941302e-11, 3.97208065051e-11, 2.39360371801e-11, 8.56328896681e-11, 6.52640832002e-12, 1.1200904787e-11, 1.1758490015e-11],
        "dvar2": [1.88443955267e-05, 2.95086010738e-05, 6.75400906403e-06, 5.43622309124e-06, 1.16932028504e-06, 4.80418634652e-07, 3.30379691604e-07, 1.82838164164e-07, 1.04662078115e-07, 7.47828465819e-08, 4.26223749628e-08, 1.17218226237e-08, 2.54074272732e-09, 2.25516849639e-09, 3.53182727508e-09, 2.78764500372e-09, 2.36226127548e-09, 8.72230065951e-10, 7.22682580445e-10, 3.81908116243e-10, 3.65947522285e-10, 1.79505160736e-10, 3.39815092731e-10, 3.1679528445e-10, 1.66767932797e-10, 1.74899483785e-10, 1.61894428419e-10, 9.22086920707e-11, 2.09146467506e-11, 5.99898811182e-11, 3.99597334388e-11, 8.02804281386e-11, 8.95234789078e-11, 4.67151005379e-11, 8.11781128429e-11, 5.00632382772e-11, 2.00225461211e-10, 1.33624881993e-11, 2.18915684191e-11, 2.323370836e-11],
        "max": [0.0386876761913, 0.0364680401981, 0.0221427883953, 0.0246729347855, 0.0141584407538, 0.011437128298, 0.00844173040241, 0.0125147327781, 0.0053839283064, 0.00638073030859, 0.00459049921483, 0.00352791580372, 0.00103411020245, 0.000692711095326, 0.000854275771417, 0.0012481349986, 0.00125495460816, 0.000656372169033, 0.000640049343929, 0.000320031162119, 0.000217893146328, 0.000197071800358, 0.000501784496009, 0.000450814783107, 0.000337072269758, 0.000377318065148, 0.000395591021515, 0.000257106585195, 0.000135154492455, 0.00032558143721, 0.000170522165718, 0.000271215685643, 0.000260052533122, 0.000218086584937, 0.000282483117189, 0.000231577389059, 0.000700203818269, 0.000113361478725, 0.000220099565922, 0.000194928579731],
        "mean": [0.00265940395184, 0.0038658385165, 0.00216048699804, 0.00173440191429, 0.00086495699361, 0.000581597327255, 0.000540963723324, 0.000270052172709, 0.000202340452233, 0.000149986182805, 0.000130720771267, 6.50006331853e-05, 4.09876374761e-05, 3.75777817681e-05, 4.2113220843e-05, 2.81570246443e-05, 2.72821616818e-05, 1.87929581443e-05, 1.79362468771e-05, 1.63019121828e-05, 1.57763424795e-05, 1.09201146188e-05, 1.26769664348e-05, 1.30633698063e-05, 8.91979925655e-06, 9.6224812296e-06, 7.45374518374e-06, 2.96888970297e-06, 1.83899419426e-06, 1.63731772318e-06, 1.45344040448e-06, 1.44650562106e-06, 1.55268776325e-06, 1.4129648207e-06, 1.49387653892e-06, 1.13504745514e-06, 1.36257597205e-06, 9.60958118412e-07, 8.39560584609e-07, 6.4542751943e-07],
        "median": [0.000777490553446, 0.00300321541727, 0.00154286576435, 0.0011270561954, 0.000558084750082, 0.000399391225073, 0.000289321498713, 0.000145604994032, 9.69759275904e-05, 6.38719793642e-05, 7.06648497726e-05, 3.18095990224e-05, 2.56640742009e-05, 2.29531578952e-05, 2.44155089604e-05, 1.36636772368e-05, 1.41729688039e-05, 1.03978336483e-05, 1.02080084616e-05, 1.01584491858e-05, 1.04202308648e-05, 7.20413891031e-06, 6.85604300088e-06, 5.71759164814e-06, 4.53366874353e-06, 3.77881860913e-06, 2.89065314973e-06, 1.4171280327e-06, 7.25593110928e-07, 4.99776035667e-07, 4.0687262981e-07, 3.72023663431e-07, 4.3744395839e-07, 4.20748335728e-07, 3.89365396813e-07, 2.9516485256e-07, 3.13602924962e-07, 2.69429222044e-07, 2.05830815503e-07, 1.36133593287e-07],
        "min": [5.70404060764e-24, 3.74118940909e-24, 3.33455101843e-23, 2.57038051291e-23, 8.97183261535e-24, 1.67222466476e-23, 1.79824487883e-23, 1.30752188316e-23, 5.44332286732e-24, 1.15396576922e-23, 1.33785161281e-23, 4.54034771014e-24, 1.34902282987e-23, 1.77225632962e-23, 7.3237436233e-24, 5.68982454527e-24, 8.4227294162e-24, 1.2824648998e-23, 8.52059707782e-24, 9.38963938317e-24, 9.82002059381e-24, 1.00628919339e-23, 9.65673664162e-24, 9.83903608593e-24, 6.17293755755e-24, 7.1076194011e-24, 9.48015486116e-24, 1.09157113147e-23, 9.80995157322e-24, 1.09569837284e-23, 1.41208610612e-23, 1.20526586721e-23, 9.5177377724e-24, 8.67043962904e-24, 1.04017944674e-23, 1.39388550732e-23, 9.14333176501e-24, 1.01303821398e-23, 1.08036354793e-23, 1.08929179677e-23],
        "var": [1.34633355628e-05, 1.53222281369e-05, 4.58478507426e-06, 4.22782477472e-06, 1.00768511402e-06, 3.8587029394e-07, 5.52824644728e-07, 1.75115886236e-07, 1.0641674919e-07, 1.13887864472e-07, 4.97100032248e-08, 1.84800548197e-08, 2.85810264344e-09, 2.46016895744e-09, 3.1257725297e-09, 2.39478104014e-09, 2.57236032475e-09, 8.38229707867e-10, 8.47076131461e-10, 4.31909924492e-10, 3.23289284232e-10, 1.7910865846e-10, 4.12444411957e-10, 4.54630194602e-10, 2.01786823362e-10, 2.63108007603e-10, 1.59853311144e-10, 4.8196249075e-11, 1.94647787471e-11, 3.28408723826e-11, 3.40775845042e-11, 6.62761651116e-11, 6.89331300374e-11, 3.72457932551e-11, 5.52891690764e-11, 3.28443001962e-11, 9.44924208324e-11, 1.32888084217e-11, 2.42205006051e-11, 1.89680736395e-11]
    },
    "mfcc": {
        "mean": [-649.390258789, 148.517837524, 8.19632911682, 27.4944438934, 11.4264917374, -2.51319932938, -0.261546671391, 3.24644756317, -7.1757349968, 0.556289613247, -2.67704749107, -3.14329504967, -1.19767558575],
        "cov": [[6054.27148438, -325.750457764, 388.143585205, 51.9915161133, 192.005477905, -42.3974838257, 29.6191768646, 152.959075928, -94.7588882446, 167.516052246, 124.667503357, -30.3273658752, -49.2443885803], [-325.750457764, 1343.52697754, -416.960418701, 123.305847168, -13.2273435593, -12.7364597321, 20.025018692, -34.1326026917, 43.859752655, -11.2319221497, -14.7764043808, 39.5864868164, 43.1328277588], [388.143585205, -416.960418701, 628.58807373, -23.4120635986, 103.323272705, 98.0199508667, 43.7954521179, 83.4010314941, -3.44870448112, 49.6470069885, 56.3312950134, 34.9632339478, 7.44703722], [51.9915161133, 123.305847168, -23.4120635986, 222.539855957, 44.9307403564, 43.1240272522, 23.091129303, 29.4133338928, 28.373588562, 6.37118721008, 10.4427661896, 15.4521055222, 48.6046562195], [192.005477905, -13.2273435593, 103.323272705, 44.9307403564, 182.410247803, 27.1062984467, 28.962469101, 63.4970664978, -1.29287314415, 54.4114646912, 30.5069198608, 15.351849556, 14.0146131516], [-42.3974838257, -12.7364597321, 98.0199508667, 43.1240272522, 27.1062984467, 163.588500977, 42.094039917, 25.99883461, 53.6258773804, 0.319053739309, 11.3500518799, 35.9588890076, 19.601858139], [29.6191768646, 20.025018692, 43.7954521179, 23.091129303, 28.962469101, 42.094039917, 113.535827637, 47.6889419556, 28.8892269135, 18.4041976929, 27.0559921265, 20.8318576813, 8.93644809723], [152.959075928, -34.1326026917, 83.4010314941, 29.4133338928, 63.4970664978, 25.99883461, 47.6889419556, 106.827804565, 22.2709636688, 40.2528381348, 27.1794910431, 13.8930616379, 13.9059829712], [-94.7588882446, 43.859752655, -3.44870448112, 28.373588562, -1.29287314415, 53.6258773804, 28.8892269135, 22.2709636688, 113.947494507, 15.4850387573, 8.08961105347, 27.4339733124, 21.5253887177], [167.516052246, -11.2319221497, 49.6470069885, 6.37118721008, 54.4114646912, 0.319053739309, 18.4041976929, 40.2528381348, 15.4850387573, 102.449981689, 46.2365074158, 11.220574379, 0.519382476807], [124.667503357, -14.7764043808, 56.3312950134, 10.4427661896, 30.5069198608, 11.3500518799, 27.0559921265, 27.1794910431, 8.08961105347, 46.2365074158, 81.88722229, 28.1338920593, 6.72997283936], [-30.3273658752, 39.5864868164, 34.9632339478, 15.4521055222, 15.351849556, 35.9588890076, 20.8318576813, 13.8930616379, 27.4339733124, 11.220574379, 28.1338920593, 68.345703125, 27.5999832153], [-49.2443885803, 43.1328277588, 7.44703722, 48.6046562195, 14.0146131516, 19.601858139, 8.93644809723, 13.9059829712, 21.5253887177, 0.519382476807, 6.72997283936, 27.5999832153, 78.6056976318]],
