{
"lowlevel": {
    "average_loudness": 0.763431668282,
    "barkbands_crest": {
        "dmean": 2.25121855736,
        "dmean2": 3.48011279106,
        "dvar": 4.97745990753,
        "dvar2": 11.1358337402,
        "max": 26.6745414734,
        "mean": 10.8758134842,
        "median": 9.91572952271,
        "min": 2.60424423218,
        "var": 19.3362522125
    },
    "barkbands_flatness_db": {
        "dmean": 0.0236760117114,
        "dmean2": 0.0340257138014,
        "dvar": 0.000637458695564,
        "dvar2": 0.00113993184641,
        "max": 0.602433860302,
        "mean": 0.19164326787,
        "median": 0.187274441123,
        "min": 0.0308154225349,
        "var": 0.00421999301761
    },
    "barkbands_kurtosis": {
        "dmean": 4.43209886551,
        "dmean2": 6.6399102211,
        "dvar": 82.7710113525,
        "dvar2": 182.577133179,
        "max": 276.383911133,
        "mean": 8.58689689636,
        "median": 3.97182583809,
        "min": -1.9604395628,
        "var": 229.718414307
    },
    "barkbands_skewness": {
        "dmean": 0.594083845615,
        "dmean2": 0.87105602026,
        "dvar": 0.476104706526,
        "dvar2": 0.986234605312,
        "max": 13.2877473831,
        "mean": 1.95473706722,
        "median": 1.66655349731,
        "min": -13.8189306259,
        "var": 2.50284695625
    },
    "barkbands_spread": {
        "dmean": 5.4243144989,
        "dmean2": 8.21624279022,
        "dvar": 110.385528564,
        "dvar2": 248.01725769,
        "max": 165.947067261,
        "mean": 14.1321926117,
        "median": 10.1871833801,
        "min": 0.382425397635,
        "var": 209.711593628
    },
    "dissonance": {
        "dmean": 0.0275049004704,
        "dmean2": 0.0461952015758,
        "dvar": 0.000717085495126,
        "dvar2": 0.00198665307835,
        "max": 0.500000059605,
        "mean": 0.439174592495,
        "median": 0.448669344187,
        "min": 0.121282286942,
        "var": 0.00188163667917
    },
    "dynamic_complexity": 4.34134197235,
    "erbbands_crest": {
        "dmean": 2.46029257774,
        "dmean2": 3.84685897827,
        "dvar": 5.61664485931,
        "dvar2": 13.4514760971,
        "max": 32.2881011963,
        "mean": 10.1327438354,
        "median": 9.09912109375,
        "min": 2.4135453701,
        "var": 19.7532062531
    },
    "erbbands_flatness_db": {
        "dmean": 0.0228684432805,
        "dmean2": 0.03236367926,
        "dvar": 0.000665233877953,
        "dvar2": 0.00125462037977,
        "max": 0.487960457802,
        "mean": 0.189930588007,
        "median": 0.189955115318,
        "min": 0.025784669444,
        "var": 0.00453269435093
    },
    "erbbands_kurtosis": {
        "dmean": 1.281052351,
        "dmean2": 1.97821974754,
        "dvar": 4.33439350128,
        "dvar2": 10.8183374405,
        "max": 55.2555351257,
        "mean": 1.46813261509,
        "median": 0.471979260445,
        "min": -1.897356987,
        "var": 11.6407527924
    },
    "erbbands_skewness": {
        "dmean": 0.38866686821,
        "dmean2": 0.590872883797,
        "dvar": 0.158075258136,
        "dvar2": 0.3764359653,
        "max": 5.81234455109,
        "mean": 0.664776444435,
        "median": 0.626301884651,
        "min": -3.13414692879,
        "var": 0.598130702972
    },
    "erbbands_spread": {
        "dmean": 8.53971767426,
        "dmean2": 12.6048593521,
        "dvar": 182.62840271,
        "dvar2": 367.14453125,
        "max": 188.167068481,
        "mean": 31.5595321655,
        "median": 24.7905197144,
        "min": 0.834559202194,
        "var": 547.63269043
    },
    "hfc": {
        "dmean": 8.32288074493,
        "dmean2": 12.7227935791,
        "dvar": 507.632232666,
        "dvar2": 1273.05773926,
        "max": 253.924423218,
        "mean": 16.4905109406,
        "median": 9.38711166382,
        "min": 1.19347709892e-16,
        "var": 605.80078125
    },
    "melbands_crest": {
        "dmean": 2.79066205025,
        "dmean2": 4.29339838028,
        "dvar": 6.57810926437,
        "dvar2": 16.5109081268,
        "max": 39.9897422791,
        "mean": 14.4200992584,
        "median": 13.4018287659,
        "min": 1.85906469822,
        "var": 29.7179794312
    },
    "melbands_flatness_db": {
        "dmean": 0.0267765298486,
        "dmean2": 0.0383228324354,
        "dvar": 0.000871357216965,
        "dvar2": 0.00149994401727,
        "max": 0.590385317802,
        "mean": 0.280302375555,
        "median": 0.275681465864,
        "min": 0.00415753759444,
        "var": 0.00663637788966
    },
    "melbands_kurtosis": {
        "dmean": 10.2592802048,
        "dmean2": 15.1151990891,
        "dvar": 3885.9987793,
        "dvar2": 6991.09667969,
        "max": 6351.01464844,
        "mean": 20.9898643494,
        "median": 7.44708490372,
        "min": -1.78479242325,
        "var": 9834.2265625
    },
    "melbands_skewness": {
        "dmean": 0.736495435238,
        "dmean2": 1.07104051113,
        "dvar": 1.27028870583,
        "dvar2": 2.3249630928,
        "max": 76.3188858032,
        "mean": 2.74530720711,
        "median": 2.17180371284,
        "min": -3.75989842415,
        "var": 6.33194541931
    },
    "melbands_spread": {
        "dmean": 4.03168487549,
        "dmean2": 6.19061183929,
        "dvar": 54.7306289673,
        "dvar2": 131.101867676,
        "max": 189.285018921,
        "mean": 13.7343111038,
        "median": 10.5021085739,
        "min": 0.15676510334,
        "var": 149.886581421
    },
    "pitch_salience": {
        "dmean": 0.0628664344549,
        "dmean2": 0.0981617793441,
        "dvar": 0.00349155836739,
        "dvar2": 0.00809221062809,
        "max": 0.904770493507,
        "mean": 0.542599797249,
        "median": 0.552206635475,
        "min": 0.00770639441907,
        "var": 0.0136870872229
    },
    "silence_rate_20dB": {
        "dmean": 0,
        "dmean2": 0,
        "dvar": 0,
        "dvar2": 0,
        "max": 1,
        "mean": 1,
        "median": 1,
        "min": 1,
        "var": 0
    },
    "silence_rate_30dB": {
        "dmean": 0.0261238887906,
        "dmean2": 0.0522519648075,
        "dvar": 0.0254406109452,
        "dvar2": 0.0506416894495,
        "max": 1,
        "mean": 0.958253204823,
        "median": 1,
        "min": 0,
        "var": 0.0400015972555
    },
    "silence_rate_60dB": {
        "dmean": 0.0216363482177,
        "dmean2": 0.0432761646807,
        "dvar": 0.0211702752858,
        "dvar2": 0.0465385690331,
        "max": 1,
        "mean": 0.120673075318,
        "median": 0,
        "min": 0,
        "var": 0.106108285487
    },
    "spectral_centroid": {
        "dmean": 155.344512939,
        "dmean2": 233.576400757,
        "dvar": 60690.109375,
        "dvar2": 118615.851562,
        "max": 10905.6386719,
        "mean": 803.955688477,
        "median": 654.049560547,
        "min": 138.838623047,
        "var": 268799.84375
    },
    "spectral_complexity": {
        "dmean": 2.21892786026,
        "dmean2": 3.58150339127,
        "dvar": 9.27760887146,
        "dvar2": 19.318687439,
        "max": 48,
        "mean": 12.6503200531,
        "median": 12,
        "min": 0,
        "var": 39.8913764954
    },
    "spectral_decrease": {
        "dmean": 2.7982272055e-09,
        "dmean2": 4.03585831421e-09,
        "dvar": 5.14470639893e-17,
        "dvar2": 9.44492227293e-17,
        "max": 7.49679215462e-16,
        "mean": -8.15781930896e-09,
        "median": -5.7193862979e-09,
        "min": -9.2114511574e-08,
        "var": 1.06941628595e-16
    },
    "spectral_energy": {
        "dmean": 0.011022021994,
        "dmean2": 0.0158841107041,
        "dvar": 0.000773802981712,
        "dvar2": 0.00141950161196,
        "max": 0.361499369144,
        "mean": 0.0322851873934,
        "median": 0.0229268744588,
        "min": 1.10832314689e-20,
        "var": 0.00162606267259
    },
    "spectral_energyband_high": {
        "dmean": 0.00055426225299,
        "dmean2": 0.000864344125148,
        "dvar": 3.08724111164e-06,
        "dvar2": 7.68260633777e-06,
        "max": 0.0178258605301,
        "mean": 0.000541640678421,
        "median": 5.10789614054e-05,
        "min": 8.02554460209e-21,
        "var": 2.94413325719e-06
    },
    "spectral_energyband_low": {
        "dmean": 0.00806177034974,
        "dmean2": 0.0114244939759,
        "dvar": 0.000656436313875,
        "dvar2": 0.00122599478345,
        "max": 0.317848324776,
        "mean": 0.0159142222255,
        "median": 0.00604113191366,
        "min": 4.59831944145e-23,
        "var": 0.00109392462764
    },
    "spectral_energyband_middle_high": {
        "dmean": 0.00123146560509,
        "dmean2": 0.00179139699321,
        "dvar": 1.11231393021e-05,
        "dvar2": 2.73816640401e-05,
        "max": 0.123243458569,
        "mean": 0.00351651175879,
        "median": 0.00164799194317,
        "min": 1.66129320463e-21,
        "var": 2.90232583211e-05
    },
    "spectral_energyband_middle_low": {
        "dmean": 0.00409645074978,
        "dmean2": 0.00621422519907,
        "dvar": 3.79607736249e-05,
        "dvar2": 8.78799764905e-05,
        "max": 0.119089841843,
        "mean": 0.0145371183753,
        "median": 0.0111809074879,
        "min": 3.78123296683e-22,
        "var": 0.000213246690691
    },
    "spectral_entropy": {
        "dmean": 0.220452919602,
        "dmean2": 0.322881102562,
        "dvar": 0.068551748991,
        "dvar2": 0.134373679757,
        "max": 9.81327724457,
        "mean": 6.9128780365,
        "median": 6.91007614136,
        "min": 4.8917760849,
        "var": 0.363815516233
    },
    "spectral_flux": {
        "dmean": 0.0226910486817,
        "dmean2": 0.0368883684278,
        "dvar": 0.00184162217192,
        "dvar2": 0.00413853209466,
        "max": 0.523114621639,
        "mean": 0.0665276050568,
        "median": 0.0542857348919,
        "min": 1.05276926066e-10,
        "var": 0.00340683548711
    },
    "spectral_kurtosis": {
        "dmean": 5.30808496475,
        "dmean2": 8.67457771301,
        "dvar": 56.3028793335,
        "dvar2": 151.186645508,
        "max": 179.684066772,
        "mean": 13.2600212097,
        "median": 8.45243644714,
        "min": -1.17195093632,
        "var": 253.555465698
    },
    "spectral_rms": {
        "dmean": 0.000769496313296,
        "dmean2": 0.00108362105675,
        "dvar": 1.7176153051e-06,
        "dvar2": 2.93007497021e-06,
        "max": 0.0187798384577,
        "mean": 0.00488281901926,
        "median": 0.00472944835201,
        "min": 3.28829866982e-12,
        "var": 7.65601180319e-06
    },
    "spectral_rolloff": {
        "dmean": 491.462982178,
        "dmean2": 864.274719238,
        "dvar": 2815042,
        "dvar2": 7098914,
        "max": 19961.2792969,
        "mean": 1081.13012695,
        "median": 645.99609375,
        "min": 21.533203125,
        "var": 3951885.25
    },
    "spectral_skewness": {
        "dmean": 0.466932505369,
        "dmean2": 0.743321120739,
        "dvar": 0.264336436987,
        "dvar2": 0.677087247372,
        "max": 10.8421707153,
        "mean": 2.53376865387,
        "median": 2.26670837402,
        "min": -0.00547755742446,
        "var": 1.42489624023
    },
    "spectral_spread": {
        "dmean": 1147033.125,
        "dmean2": 1657644.5,
        "dvar": 3.33472884326e+12,
        "dvar2": 6.68639952896e+12,
        "max": 39259664,
        "mean": 4211220.5,
        "median": 3086674.75,
        "min": 495529.25,
        "var": 9.54663121715e+12
    },
    "spectral_strongpeak": {
        "dmean": 0.390632897615,
        "dmean2": 0.650346517563,
        "dvar": 0.561592280865,
        "dvar2": 1.43995416164,
        "max": 11.5475215912,
        "mean": 0.856671214104,
        "median": 0.575190544128,
        "min": 0,
        "var": 1.02354538441
    },
    "zerocrossingrate": {
        "dmean": 0.011471811682,
        "dmean2": 0.0138804065064,
        "dvar": 0.00033334523323,
        "dvar2": 0.000436686299508,
        "max": 0.84326171875,
        "mean": 0.0459962487221,
        "median": 0.03466796875,
        "min": 0,
        "var": 0.00285673327744
    },
    "barkbands": {
        "dmean": [0.000243845730438, 0.00589059153572, 0.00239603989758, 0.0017783785006, 0.0014424030669, 0.00131010543555, 0.00065569661092, 0.000689176551532, 0.000539626227692, 0.000420369789936, 0.000345707405359, 0.000357861223165, 0.000164373239386, 0.000129051841213, 9.92411078187e-05, 0.000215394014958, 6.37138655293e-05, 5.40844011994e-05, 8.0459714809e-05, 5.63711146242e-05, 5.75924204895e-05, 4.82970281155e-05, 5.26868570887e-05, 9.63778365985e-05, 0.000115973321954, 6.77121497574e-05, 0.000118565563753],
        "dmean2": [0.000466980709461, 0.00883740279824, 0.00353503855877, 0.00285421032459, 0.00219394685701, 0.00207512243651, 0.000930105627049, 0.000969871063717, 0.000757228641305, 0.000573400757276, 0.000522165442817, 0.000569506082684, 0.000246200943366, 0.000186648889212, 0.000157520713401, 0.000355645111995, 0.000101474164694, 8.57651612023e-05, 0.000117062176287, 8.10205092421e-05, 8.22205620352e-05, 7.50471663196e-05, 8.2606493379e-05, 0.000149417755893, 0.000189029684407, 0.000106171020889, 0.000199460599106],
        "dvar": [2.91279479825e-06, 0.000572415068746, 3.09444003506e-05, 9.91380875348e-06, 5.86672013014e-06, 5.76483353143e-06, 1.99624696506e-06, 3.60487206308e-06, 1.67950963714e-06, 2.09545805774e-06, 1.01802038444e-06, 3.59207456313e-06, 1.97837835003e-07, 2.74745360684e-07, 1.00184998075e-07, 7.03805994817e-07, 3.63295811212e-08, 3.3966081503e-08, 1.18917228065e-07, 5.48314247339e-08, 6.54013163626e-08, 4.12545091422e-08, 2.95086675095e-08, 1.06648471387e-07, 1.94605377146e-07, 5.91723718912e-08, 2.46074449706e-07],
        "dvar2": [8.57022678247e-06, 0.00114205363207, 8.84740366018e-05, 2.61571258307e-05, 1.50504174599e-05, 1.40736501635e-05, 3.51687549482e-06, 7.04045714883e-06, 3.46864135281e-06, 4.24509289587e-06, 2.13061844079e-06, 1.00220504464e-05, 4.20913920607e-07, 4.69457546615e-07, 2.40638996729e-07, 1.82099415724e-06, 7.14996986062e-08, 6.33026147057e-08, 2.15673239268e-07, 1.0606716927e-07, 1.33024400384e-07, 8.98320919873e-08, 7.33001783715e-08, 2.58142165421e-07, 5.00587759689e-07, 1.45271826568e-07, 6.7038627094e-07],
        "max": [0.023597355932, 0.285214930773, 0.0691310763359, 0.0726694911718, 0.045025575906, 0.055850174278, 0.0554293878376, 0.077365681529, 0.0395326726139, 0.0594881102443, 0.024289118126, 0.064778380096, 0.0125842038542, 0.0209556762129, 0.0162094961852, 0.015716470778, 0.00686798617244, 0.00574753107503, 0.00992691610008, 0.00615718355402, 0.00572116114199, 0.00261258962564, 0.00165621144697, 0.00313642248511, 0.00409677904099, 0.00217745290138, 0.00456710532308],
        "mean": [0.00014847953571, 0.00829380191863, 0.00535609852523, 0.00330096692778, 0.0033922935836, 0.00321524357423, 0.00161249865778, 0.00154703960288, 0.00124824908562, 0.000990061555058, 0.000680612400174, 0.000590348383412, 0.000303720735246, 0.000218752480578, 0.000171208652318, 0.00029905088013, 0.000105052546132, 8.51466975291e-05, 0.000131788809085, 8.08168479125e-05, 7.2428243584e-05, 4.91183855047e-05, 4.86647440994e-05, 8.9818277047e-05, 9.99502080958e-05, 6.04437664151e-05, 9.35526695685e-05],
        "median": [2.48382048085e-06, 0.000864596688189, 0.00165109848604, 0.00131993531249, 0.00198669405654, 0.00127901777159, 0.000608987582382, 0.000450364983408, 0.000402319943532, 0.000173695923877, 0.000139685813338, 0.000130754051497, 9.67558735283e-05, 4.73616455565e-05, 5.58596766496e-05, 7.09049054421e-05, 3.5750475945e-05, 2.04994412343e-05, 2.8769221899e-05, 1.40436186484e-05, 6.90278466209e-06, 4.94242931381e-06, 2.43729391514e-06, 2.31644753512e-06, 1.43601369018e-06, 5.52519281882e-07, 6.40480379843e-07],
        "min": [3.48397263347e-23, 1.41963234954e-23, 4.98474382362e-24, 3.46916413656e-23, 7.56716464164e-23, 4.7362281049e-23, 6.73835392691e-23, 4.97723647105e-23, 6.36145575015e-23, 1.66084275874e-22, 8.77216671376e-23, 9.02639891303e-23, 1.23199323198e-22, 3.96115964375e-23, 1.57342977603e-22, 1.03983643424e-22, 2.31524920153e-22, 1.9571108944e-22, 2.68435583069e-22, 3.83803751532e-22, 4.3978170002e-22, 5.50789550271e-22, 8.43689691629e-22, 1.04445123267e-21, 1.29042336406e-21, 1.59897758549e-21, 2.22560456288e-21],
        "var": [1.56353939929e-06, 0.00078890658915, 7.66067823861e-05, 2.46823528869e-05, 1.61149891937e-05, 2.96311372949e-05, 8.49516254675e-06, 1.41037662615e-05, 5.54637335881e-06, 7.24584242562e-06, 3.42092221217e-06, 4.17865066993e-06, 4.40199528384e-07, 5.80162804908e-07, 2.10250163946e-07, 1.00827958249e-06, 1.01023417187e-07, 7.95521231112e-08, 2.74164563052e-07, 9.99910412247e-08, 9.65485256188e-08, 4.37023111033e-08, 2.8160759058e-08, 1.02699750926e-07, 1.65768369698e-07, 5.68864528816e-08, 1.83934645293e-07]
    },
    "erbbands": {
        "dmean": [0.195809856057, 1.29261481762, 2.63301086426, 4.45448255539, 4.47428369522, 5.88842391968, 7.88825368881, 12.4670162201, 9.83165359497, 12.7217540741, 11.7382736206, 14.768330574, 8.38263702393, 13.7952899933, 17.0686092377, 15.7068576813, 7.95948934555, 6.69241714478, 5.52977180481, 6.7133102417, 9.68969917297, 2.88133215904, 3.34488344193, 3.18671250343, 3.73935222626, 2.95953083038, 2.2567076683, 2.07054519653, 2.00784850121, 1.33258843422, 1.63583493233, 0.94223767519, 2.45826745033, 1.59121966362, 0.610787272453, 0.253582298756, 0.166015729308, 0.0694903731346, 0.027945920825, 0.000550559721887],
        "dmean2": [0.303562790155, 1.92198741436, 4.13742351532, 6.60056495667, 7.6855173111, 8.54709815979, 11.2316856384, 20.6997833252, 13.1578779221, 18.9711894989, 16.2430706024, 20.3465843201, 12.201634407, 18.6600837708, 25.6528205872, 24.5438365936, 11.8500022888, 9.62266635895, 8.42390441895, 10.6917953491, 16.3582935333, 4.6589884758, 5.30077266693, 4.63411712646, 5.5408911705, 4.24577045441, 3.31209516525, 3.15333104134, 3.11356043816, 2.03534269333, 2.62921142578, 1.41826295853, 3.9098739624, 2.56493449211, 0.979159355164, 0.402460336685, 0.267288833857, 0.112495414913, 0.0480668433011, 0.000907741603442],
        "dvar": [0.842353284359, 24.9829540253, 50.5460929871, 59.0241241455, 91.4014129639, 86.2276916504, 160.920654297, 569.690490723, 589.545776367, 1134.85412598, 1152.56420898, 1133.25512695, 902.605102539, 2521.97583008, 2483.41137695, 6269.01074219, 413.97076416, 698.893981934, 385.781280518, 258.094787598, 2116.23291016, 61.9342956543, 97.8300552368, 202.747619629, 250.214553833, 162.26574707, 121.587844849, 80.975402832, 71.650932312, 24.1454792023, 28.9393405914, 8.39091110229, 78.1200637817, 33.6903839111, 5.49773263931, 0.88072425127, 0.377680063248, 0.0724081248045, 0.0144572528079, 4.9703262448e-06],
        "dvar2": [1.9695776701, 50.8855400085, 147.860153198, 141.847442627, 265.665985107, 206.46031189, 347.117645264, 1524.46484375, 941.160339355, 2541.92016602, 2182.26318359, 2176.67016602, 2289.86914062, 4778.42431641, 5227.86816406, 17106.6933594, 882.514160156, 1191.57922363, 913.417358398, 557.256652832, 5926.31884766, 142.202468872, 190.515060425, 341.486053467, 498.846099854, 309.705688477, 238.466705322, 186.270095825, 157.165039062, 55.5684509277, 72.87525177, 19.4431743622, 193.418701172, 85.8343505859, 13.8241615295, 2.15737318993, 0.959023058414, 0.186740770936, 0.0403718799353, 1.32030399982e-05],
        "max": [11.8752918243, 67.5720443726, 97.1567001343, 187.184234619, 164.602615356, 185.453796387, 279.220794678, 507.191070557, 842.28137207, 1633.69836426, 1726.10131836, 1170.66442871, 1262.90600586, 2281.14331055, 1234.92163086, 2975.27661133, 601.758728027, 1056.54882812, 1035.13989258, 469.927459717, 849.266174316, 296.293457031, 301.950592041, 532.635803223, 472.351531982, 346.462554932, 288.526794434, 168.386184692, 105.708137512, 65.1328201294, 61.8599777222, 29.060760498, 81.3427047729, 51.5638885498, 22.358039856, 8.34089946747, 5.51209354401, 2.44207000732, 1.09157443047, 0.0201972667128],
        "mean": [0.239635229111, 1.92715740204, 5.30570411682, 10.2599582672, 8.03305721283, 13.1406459808, 18.8092689514, 27.8881015778, 28.4991416931, 28.1612186432, 26.9736671448, 35.962677002, 18.9638557434, 32.6269798279, 36.1667442322, 28.013589859, 15.9514608383, 12.3282623291, 10.3631534576, 11.7580137253, 12.7929039001, 4.85077476501, 5.5581817627, 5.35419130325, 6.06129741669, 4.38761329651, 3.12506222725, 2.27896928787, 2.04402923584, 1.29714906216, 1.5226521492, 0.925473093987, 2.20832276344, 1.41772508621, 0.523852169514, 0.2214281708, 0.143992856145, 0.0587462075055, 0.0215443912894, 0.00047894398449],
        "median": [0.0157857090235, 0.32586222887, 1.89545273781, 5.11023521423, 4.80527019501, 7.15668010712, 8.99901199341, 10.0858697891, 9.35845947266, 11.0948810577, 9.93346405029, 12.4104175568, 6.29533481598, 6.43278980255, 7.91112709045, 7.16764974594, 5.99241065979, 3.41987657547, 3.04720973969, 4.4892411232, 3.57151842117, 2.04078531265, 1.76577043533, 1.14247465134, 1.30745351315, 0.763243377209, 0.397102534771, 0.237937539816, 0.207775935531, 0.0966151207685, 0.0771784931421, 0.0337163880467, 0.0487361550331, 0.0241844300181, 0.00632764399052, 0.002235238906, 0.0012686754344, 0.000473124790005, 0.000152453081682, 4.09585300076e-05],
        "min": [4.24571452026e-22, 3.28508984357e-21, 6.80630865196e-21, 6.55770307315e-20, 9.53699955195e-20, 2.15157716487e-19, 5.79092499839e-19, 3.9324753102e-19, 8.28324913533e-19, 9.72518831118e-19, 1.30163962459e-18, 1.81353807192e-18, 3.6537953184e-18, 4.81769344777e-18, 2.93719531206e-18, 3.96919308211e-18, 6.21004231872e-18, 2.85203437966e-18, 5.46287530041e-18, 7.41863632531e-18, 6.06217385806e-18, 1.22789957491e-17, 1.29762659921e-17, 1.00090243782e-17, 1.61119099981e-17, 1.8579191242e-17, 2.00585028515e-17, 1.44899097329e-17, 1.93739645725e-17, 2.24428327692e-17, 2.34929104327e-17, 1.84782950596e-17, 1.87613430303e-17, 1.50412454635e-17, 9.24751032579e-18, 4.5526267292e-18, 3.14728347122e-18, 1.23463882215e-18, 2.9340106667e-19, 3.57338664202e-20],
        "var": [0.901544868946, 34.8873786926, 79.8851242065, 179.892974854, 115.962242126, 261.903411865, 651.684875488, 2488.7890625, 3670.96655273, 3495.49169922, 4534.57226562, 4300.13134766, 1544.22900391, 9273.58398438, 9191.56445312, 8141.01025391, 998.784912109, 1502.18066406, 846.3125, 707.973632812, 1802.15063477, 131.694992065, 230.713516235, 503.13394165, 510.159973145, 304.462615967, 193.303161621, 91.1490478516, 75.8524932861, 24.6538982391, 27.3493919373, 9.14204978943, 70.143196106, 29.9655342102, 4.82226610184, 0.813419044018, 0.340151548386, 0.0621833205223, 0.010209155269, 3.968011697e-06]
    },
    "gfcc": {
        "mean": [-54.7005577087, 123.918930054, -98.0641860962, 3.34340167046, -44.5408592224, -3.04647374153, -32.2810745239, -0.136997461319, -21.4451503754, -5.39951562881, -11.5808229446, -7.7936425209, -8.5319108963],
        "cov": [[13551.0078125, -1392.41162109, 766.331420898, 732.167541504, -224.352737427, 661.688659668, -57.4038467407, 362.527832031, -157.447128296, 164.888381958, -31.8586883545, 204.861724854, -5.10754776001], [-1392.41162109, 2814.33154297, -972.045837402, -125.378990173, 144.699645996, -494.01751709, 99.0892868042, -291.166717529, 85.5978622437, -96.2541046143, 119.764137268, -169.937850952, 119.689712524], [766.331420898, -972.045837402, 2048.84033203, 13.8375520706, 259.454467773, 513.068054199, -150.093261719, 297.935882568, -21.8001289368, 28.7932357788, -59.4641151428, 50.4026756287, -155.092788696], [732.167541504, -125.378990173, 13.8375520706, 736.903808594, 98.4474411011, 71.1799926758, 169.837219238, 21.7230167389, 11.3465423584, 22.8637657166, 10.033949852, -0.89563035965, -6.12992763519], [-224.352737427, 144.699645996, 259.454467773, 98.4474411011, 378.939025879, 129.386993408, 69.2628326416, 97.4747161865, 47.3977241516, 16.0124263763, 28.1371555328, 12.162771225, -8.41827487946], [661.688659668, -494.01751709, 513.068054199, 71.1799926758, 129.386993408, 365.374481201, 53.6698036194, 146.492996216, -3.37331151962, 12.385802269, -28.1828041077, 54.7098274231, -11.3502082825], [-57.4038467407, 99.0892868042, -150.093261719, 169.837219238, 69.2628326416, 53.6698036194, 236.558792114, 48.9748725891, 26.8499145508, 15.1624603271, 33.6082000732, 17.538028717, 58.8858070374], [362.527832031, -291.166717529, 297.935882568, 21.7230167389, 97.4747161865, 146.492996216, 48.9748725891, 200.410202026, 37.335231781, 29.8942699432, -9.37059020996, 41.7834129333, -7.47135639191], [-157.447128296, 85.5978622437, -21.8001289368, 11.3465423584, 47.3977241516, -3.37331151962, 26.8499145508, 37.335231781, 122.096885681, 43.9935188293, 19.2043628693, 2.52227735519, 26.6676692963], [164.888381958, -96.2541046143, 28.7932357788, 22.8637657166, 16.0124263763, 12.385802269, 15.1624603271, 29.8942699432, 43.9935188293, 112.921791077, 46.9843635559, 16.9185218811, 2.59082388878], [-31.8586883545, 119.764137268, -59.4641151428, 10.033949852, 28.1371555328, -28.1828041077, 33.6082000732, -9.37059020996, 19.2043628693, 46.9843635559, 103.969696045, 19.8034305573, 14.0521593094], [204.861724854, -169.937850952, 50.4026756287, -0.89563035965, 12.162771225, 54.7098274231, 17.538028717, 41.7834129333, 2.52227735519, 16.9185218811, 19.8034305573, 91.9476394653, 28.3883304596], [-5.10754776001, 119.689712524, -155.092788696, -6.12992763519, -8.41827487946, -11.3502082825, 58.8858070374, -7.47135639191, 26.6676692963, 2.59082388878, 14.0521593094, 28.3883304596, 113.034118652]],
        "icov": [[0.000106280160253, -4.79557202198e-05, 3.81492354791e-05, -0.00016703971778, 0.000189834376215, -0.000261976645561, 0.000271513708867, -0.0002712313144, 0.000235648680246, -0.000198384688701, -3.44718391716e-05, -7.73939027567e-05, -0.000100001205283], [-4.79557202198e-05, 0.00081535166828, 3.34489450324e-05, 0.000285130081465, -0.000792014528997, 0.000861449108925, -0.000488979218062, 0.000738940259907, -0.000575920799747, 0.000973323418293, -0.000762337353081, 0.00111714878585, -0.000545307178982], [3.81492354791e-05, 3.34489450324e-05, 0.00110756582581, -0.000144645062392, -0.000247307762038, -0.00129766052123, 0.00123680022079, -0.000984296901152, 0.000268813484581, -3.93319460272e-05, -0.000310545525281, 0.000289659335976, 0.000523379072547], [-0.00016703971778, 0.000285130081465, -0.000144645062392, 0.00208135438152, -0.000730548927095, 0.000566984876059, -0.00214307405986, 0.00124886678532, -0.000520143425092, 8.22575966595e-05, 0.00039248118992, 0.00026299819001, 0.000812447280623], [0.000189834376215, -0.000792014528997, -0.000247307762038, -0.000730548927095, 0.00464111519977, -0.00185636861715, 0.000234714563703, -0.00181869766675, -0.000489392143209, -9.50221874518e-05, -0.000976214534603, -0.000474257278256, 0.000743144308217], [-0.000261976645561, 0.000861449108925, -0.00129766052123, 0.000566984876059, -0.00185636861715, 0.00741304736584, -0.00281896418892, -9.05015185708e-05, -7.08982042852e-06, 0.000732585089281, 0.00147671846207, -0.000973790709395, -0.000559207750484], [0.000271513708867, -0.000488979218062, 0.00123680022079, -0.00214307405986, 0.000234714563703, -0.00281896418892, 0.00916005857289, -0.00374720687978, 0.00125465204474, -0.000201604823815, -0.0024310501758, 0.000972840643954, -0.00340792466886], [-0.0002712313144, 0.000738940259907, -0.000984296901152, 0.00124886678532, -0.00181869766675, -9.05015185708e-05, -0.00374720687978, 0.0110946288332, -0.00354487705044, -0.00031789712375, 0.00207863980904, -0.00230523757637, 0.00162756757345], [0.000235648680246, -0.000575920799747, 0.000268813484581, -0.000520143425092, -0.000489392143209, -7.08982042852e-06, 0.00125465204474, -0.00354487705044, 0.0124118449166, -0.00513382349163, 0.000577733968385, 0.00114606018178, -0.00313423806801], [-0.000198384688701, 0.000973323418293, -3.93319460272e-05, 8.22575966595e-05, -9.50221874518e-05, 0.000732585089281, -0.000201604823815, -0.00031789712375, -0.00513382349163, 0.0147561766207, -0.00689565716311, 0.000747219484765, 0.000603965367191], [-3.44718391716e-05, -0.000762337353081, -0.000310545525281, 0.00039248118992, -0.000976214534603, 0.00147671846207, -0.0024310501758, 0.00207863980904, 0.000577733968385, -0.00689565716311, 0.0156874042004, -0.00487760221586, 0.00117682805285], [-7.73939027567e-05, 0.00111714878585, 0.000289659335976, 0.00026299819001, -0.000474257278256, -0.000973790709395, 0.000972840643954, -0.00230523757637, 0.00114606018178, 0.000747219484765, -0.00487760221586, 0.017049850896, -0.00553018692881], [-0.000100001205283, -0.000545307178982, 0.000523379072547, 0.000812447280623, 0.000743144308217, -0.000559207750484, -0.00340792466886, 0.00162756757345, -0.00313423806801, 0.000603965367191, 0.00117682805285, -0.00553018692881, 0.0140323182568]]
    },
    "melbands": {
        "dmean": [0.00172229344025, 0.00139070046134, 0.000766462006141, 0.000312521937303, 0.000275863247225, 0.00026644099853, 0.000145871643326, 0.000143525321619, 9.30660753511e-05, 8.99887163541e-05, 4.1182822315e-05, 5.88757757214e-05, 4.8680773034e-05, 5.07339827891e-05, 2.44716084126e-05, 1.41134632941e-05, 1.41107511809e-05, 9.2446916824e-06, 5.6401358961e-06, 1.66532845469e-05, 9.73995429376e-06, 2.82252790385e-06, 3.65055439033e-06, 2.61754144049e-06, 2.57848978436e-06, 3.8563457565e-06, 1.98626003112e-06, 1.82951430361e-06, 1.75433785898e-06, 7.31360330519e-07, 1.55124371304e-06, 1.22518804346e-06, 7.92264984284e-07, 7.42146028188e-07, 1.08628978523e-06, 5.62361151424e-07, 5.3207207884e-07, 1.54020870013e-06, 1.83850613666e-06, 1.20488778066e-06],
        "dmean2": [0.00258057727478, 0.00209815241396, 0.00119296729099, 0.00048152951058, 0.000396009971155, 0.000435032212408, 0.000196056993445, 0.000212285696762, 0.00012955784041, 0.000124050304294, 6.05660352448e-05, 7.92654900579e-05, 7.39483584766e-05, 7.93484068708e-05, 3.76659663743e-05, 2.10404596146e-05, 2.0341220079e-05, 1.40843203553e-05, 9.01857765712e-06, 2.66455972451e-05, 1.66811205418e-05, 4.5067067731e-06, 6.01601368544e-06, 3.97637995775e-06, 3.81667678084e-06, 5.72097587792e-06, 2.87904754259e-06, 2.65543371825e-06, 2.55363715951e-06, 1.11289500637e-06, 2.43209933615e-06, 1.9093292849e-06, 1.23096776861e-06, 1.13528085421e-06, 1.73881755927e-06, 9.27603196033e-07, 7.80574964665e-07, 2.42678811446e-06, 2.99492239719e-06, 1.93524647329e-06],
        "dvar": [5.45038019482e-05, 1.81824470928e-05, 1.80783047199e-06, 3.22264071428e-07, 1.83726257319e-07, 2.65548180778e-07, 1.23585039091e-07, 1.59558581458e-07, 7.12226793098e-08, 4.49780372946e-08, 2.38699637833e-08, 4.79003325893e-08, 1.91540880934e-08, 6.35169001839e-08, 8.05953348504e-09, 1.62789970393e-09, 3.58949070467e-09, 1.0183712762e-09, 2.51216297764e-10, 2.77275491456e-09, 2.53666732064e-09, 6.50812528868e-11, 8.20428863735e-11, 1.82111187241e-10, 1.70930325449e-10, 3.26408483575e-10, 7.55511556094e-11, 5.4185538001e-11, 1.04851897997e-10, 1.17707267544e-11, 5.47076030311e-11, 2.61272028318e-11, 1.23763516796e-11, 6.82913578118e-12, 1.33264345739e-11, 3.52549825271e-12, 2.56125654539e-12, 2.88518202385e-11, 4.62527238732e-11, 1.87509383021e-11],
        "dvar2": [0.000114895497973, 4.51009582321e-05, 4.75742444905e-06, 8.62018509906e-07, 4.13908026076e-07, 6.70856422857e-07, 1.96381421347e-07, 3.47038820792e-07, 1.40967884477e-07, 8.54445190157e-08, 6.10643695609e-08, 8.97390677324e-08, 4.04611313343e-08, 1.78132864903e-07, 2.08094306231e-08, 3.49649686981e-09, 6.05893113459e-09, 2.40244024674e-09, 6.41168895754e-10, 5.98758065351e-09, 7.21380644109e-09, 1.30320657044e-10, 2.02008521022e-10, 3.08644665381e-10, 2.87794066356e-10, 6.30235308385e-10, 1.48474038619e-10, 1.05214961743e-10, 2.05619188343e-10, 2.23111598641e-11, 1.28502847252e-10, 5.63885847737e-11, 2.87197730875e-11, 1.56995007272e-11, 3.33149549614e-11, 9.13892139048e-12, 5.52948442242e-12, 6.98162916368e-11, 1.18285117812e-10, 4.7512997009e-11],
        "max": [0.0931512713432, 0.0637269690633, 0.026989871636, 0.00833547860384, 0.00996395107359, 0.0122197968885, 0.0128535954282, 0.0196186881512, 0.0130441794172, 0.00747088901699, 0.00654712738469, 0.0100254882127, 0.00326414685696, 0.00926220789552, 0.00441636471078, 0.00165121862665, 0.00242286128923, 0.00166007515509, 0.000845154980198, 0.00157104386017, 0.000946379441302, 0.000285921414616, 0.000378580181859, 0.000468777201604, 0.000510493526235, 0.000554576516151, 0.00022718613036, 0.000190524457139, 0.000299024279229, 0.000128739062347, 0.000155640926096, 6.31408402114e-05, 5.74819277972e-05, 3.17291232932e-05, 4.88758778374e-05, 1.66003537743e-05, 1.78427271749e-05, 5.23658782186e-05, 6.26839682809e-05, 4.12775989389e-05],
        "mean": [0.00230606272817, 0.00271952641197, 0.00169931084383, 0.000709402549546, 0.000673823640682, 0.000625169312116, 0.000412706634961, 0.000318005593726, 0.000210092621273, 0.000214558152948, 8.84156324901e-05, 0.000134306887048, 9.73071873887e-05, 9.2003683676e-05, 4.61273812107e-05, 2.68749590759e-05, 2.37285166804e-05, 1.67340858752e-05, 9.7563588497e-06, 2.58149611909e-05, 1.1773913684e-05, 4.54602377431e-06, 5.8729583543e-06, 4.09587028116e-06, 3.9501419451e-06, 6.070976724e-06, 2.85595342575e-06, 2.64662435256e-06, 2.3300472094e-06, 1.00807358194e-06, 1.58335274136e-06, 1.24809400859e-06, 7.56707379423e-07, 7.08974880581e-07, 1.01676266695e-06, 4.98572887864e-07, 5.49691378637e-07, 1.42655244417e-06, 1.5894460148e-06, 1.09070356302e-06],
        "median": [0.000187766374438, 0.00104579376057, 0.00101306522265, 0.000411915243603, 0.000353420648025, 0.000227306125453, 0.000137098249979, 0.000114234499051, 8.02679423941e-05, 6.87251158524e-05, 2.57676583715e-05, 2.12660561374e-05, 2.09677018574e-05, 2.04793905141e-05, 1.41440541483e-05, 8.35505670693e-06, 4.90790716867e-06, 4.62393018097e-06, 3.79982429877e-06, 6.81696747051e-06, 3.23245853906e-06, 1.5687000996e-06, 2.23888559958e-06, 7.95377104623e-07, 6.17979935669e-07, 1.03909587779e-06, 5.04739432472e-07, 4.45082122269e-07, 2.49174462397e-07, 1.37563745284e-07, 1.12136788744e-07, 1.34021306053e-07, 4.71347938458e-08, 4.49247252732e-08, 5.02105166333e-08, 1.82884996036e-08, 1.79887180707e-08, 3.43594876995e-08, 2.60571564326e-08, 1.91237461422e-08],
        "min": [5.30425102847e-24, 3.75979982114e-24, 1.25298311673e-23, 8.56851722237e-24, 2.02237714362e-23, 8.89288893799e-24, 1.34110487519e-23, 9.93035541318e-24, 1.161317164e-23, 1.0215043481e-23, 1.91337581473e-23, 2.09505679209e-23, 1.12562136581e-23, 1.09218163092e-23, 1.0006035573e-23, 1.15364880491e-23, 4.75529771288e-24, 7.08852265631e-24, 1.18902353671e-23, 7.76775082836e-24, 7.19436491282e-24, 1.11352797036e-23, 1.4629274026e-23, 1.04161091373e-23, 7.05449356344e-24, 1.35700263124e-23, 1.15029149179e-23, 1.21220381998e-23, 1.11575311032e-23, 1.3006859301e-23, 6.88075799312e-24, 9.22270379385e-24, 1.31621355261e-23, 1.34298094419e-23, 1.36372151734e-23, 1.2414023231e-23, 1.11161435158e-23, 1.27228780526e-23, 1.4925360345e-23, 1.17212124519e-23],
        "var": [6.93879046594e-05, 2.60670476564e-05, 4.25418465966e-06, 6.94171717441e-07, 7.46934858853e-07, 1.33920764256e-06, 7.41738404031e-07, 5.1953691127e-07, 2.61851738514e-07, 1.67845897181e-07, 3.88270642304e-08, 1.77120838885e-07, 6.52209237728e-08, 7.63056462461e-08, 1.32490267646e-08, 3.64663654828e-09, 7.61769136659e-09, 2.17232920541e-09, 4.23198559529e-10, 7.2358208314e-09, 1.83271253729e-09, 1.75442840811e-10, 1.60508911717e-10, 4.47667125592e-10, 4.12640033254e-10, 6.82166045873e-10, 1.34435282351e-10, 1.00902404487e-10, 1.64972188688e-10, 1.88256719241e-11, 5.93344401389e-11, 2.79487422788e-11, 1.23190884577e-11, 7.02045930071e-12, 1.2788026714e-11, 3.08439710404e-12, 3.11919132016e-12, 2.71482020892e-11, 3.95033346312e-11, 1.71931739679e-11]
    },
    "mfcc": {
        "mean": [-708.110107422, 166.685897827, 5.00395679474, 13.5393514633, 5.27801418304, -3.96891474724, 1.50799119473, -4.85497379303, -0.312771499157, -3.03783607483, -4.14795970917, -2.64173030853, 1.21173334122],
        "cov": [[8264.02734375, -553.940673828, 94.7505187988, 212.254089355, 137.649902344, 130.882217407, 226.81048584, 187.529251099, 136.99508667, 53.0842323303, 29.0181331635, 50.3135108948, 202.737792969], [-553.940673828, 2053.89257812, -569.398925781, 96.349357605, -29.9756298065, -75.4193649292, -55.2196006775, -120.117530823, -49.9674987793, -25.7015285492, -19.8074188232, 22.8482379913, -24.6533794403], [94.7505187988, -569.398925781, 1454.92382812, -139.484695435, 448.845306396, 88.2826461792, 121.180274963, 143.947143555, 46.6299133301, 94.8516845703, 66.2956314087, -8.14144992828, -31.6737728119], [212.254089355, 96.349357605, -139.484695435, 554.395812988, 5.74608421326, 114.894248962, 66.2665100098, 30.0423412323, 8.64157867432, 44.6239318848, 59.8873825073, -1.98057472706, -11.1039800644], [137.649902344, -29.9756298065, 448.845306396, 5.74608421326, 440.770690918, 90.1109161377, 118.312652588, 104.981582642, 62.1918983459, 65.2015762329, 59.6327934265, 39.663482666, 16.9605331421], [130.882217407, -75.4193649292, 88.2826461792, 114.894248962, 90.1109161377, 180.115386963, 92.1927337646, 63.7609176636, 39.2952575684, 23.6335678101, 19.404542923, 10.9193019867, 13.911658287], [226.81048584, -55.2196006775, 121.180274963, 66.2665100098, 118.312652588, 92.1927337646, 218.504043579, 117.177391052, 64.0015792847, 38.4506492615, 25.8103637695, 21.8924865723, 22.1174163818], [187.529251099, -120.117530823, 143.947143555, 30.0423412323, 104.981582642, 63.7609176636, 117.177391052, 184.020690918, 97.0256500244, 24.5301837921, 6.98672771454, 3.02807164192, 23.5010261536], [136.99508667, -49.9674987793, 46.6299133301, 8.64157867432, 62.1918983459, 39.2952575684, 64.0015792847, 97.0256500244, 157.383270264, 51.3920936584, -0.52233839035, 14.8638124466, 30.5295963287], [53.0842323303, -25.7015285492, 94.8516845703, 44.6239318848, 65.2015762329, 23.6335678101, 38.4506492615, 24.5301837921, 51.3920936584, 108.194633484, 48.1965065002, 4.9393992424, -8.69453334808], [29.0181331635, -19.8074188232, 66.2956314087, 59.8873825073, 59.6327934265, 19.404542923, 25.8103637695, 6.98672771454, -0.52233839035, 48.1965065002, 109.961341858, 37.902507782, -9.82706356049], [50.3135108948, 22.8482379913, -8.14144992828, -1.98057472706, 39.663482666, 10.9193019867, 21.8924865723, 3.02807164192, 14.8638124466, 4.9393992424, 37.902507782, 97.9452514648, 50.7800941467], [202.737792969, -24.6533794403, -31.6737728119, -11.1039800644, 16.9605331421, 13.911658287, 22.1174163818, 23.5010261536, 30.5295963287, -8.69453334808, -9.82706356049, 50.7800941467, 112.005447388]],
