{
"lowlevel": {
    "average_loudness": 0.889124929905,
    "barkbands_crest": {
        "dmean": 2.04996156693,
        "dmean2": 3.40454483032,
        "dvar": 3.76155662537,
        "dvar2": 10.7917299271,
        "max": 25.4056873322,
        "mean": 11.2190856934,
        "median": 10.7680387497,
        "min": 3.80426287651,
        "var": 10.2183761597
    },
    "barkbands_flatness_db": {
        "dmean": 0.0257580988109,
        "dmean2": 0.037775836885,
        "dvar": 0.000670051958878,
        "dvar2": 0.00148153514601,
        "max": 0.455769002438,
        "mean": 0.257676154375,
        "median": 0.258116930723,
        "min": 0.0369203314185,
        "var": 0.00446742773056
    },
    "barkbands_kurtosis": {
        "dmean": 5.98453426361,
        "dmean2": 9.6438293457,
        "dvar": 65.6671905518,
        "dvar2": 170.695236206,
        "max": 259.239990234,
        "mean": 15.5455989838,
        "median": 12.529633522,
        "min": -1.92626547813,
        "var": 160.705062866
    },
    "barkbands_skewness": {
        "dmean": 0.62331444025,
        "dmean2": 0.988653719425,
        "dvar": 0.412466257811,
        "dvar2": 1.09113228321,
        "max": 12.2897319794,
        "mean": 2.72863745689,
        "median": 2.66434574127,
        "min": -2.25209784508,
        "var": 1.84222376347
    },
    "barkbands_spread": {
        "dmean": 2.15501236916,
        "dmean2": 3.31465959549,
        "dvar": 23.5166072845,
        "dvar2": 49.3974456787,
        "max": 102.301841736,
        "mean": 6.39287519455,
        "median": 3.85457396507,
        "min": 0.426455110312,
        "var": 72.2542724609
    },
    "dissonance": {
        "dmean": 0.0276090912521,
        "dmean2": 0.0451169349253,
        "dvar": 0.000659935176373,
        "dvar2": 0.00166627170984,
        "max": 0.5,
        "mean": 0.412887662649,
        "median": 0.420050531626,
        "min": 0.154859051108,
        "var": 0.002476898022
    },
    "dynamic_complexity": 3.1697781086,
    "erbbands_crest": {
        "dmean": 2.40387678146,
        "dmean2": 3.96073842049,
        "dvar": 5.63572216034,
        "dvar2": 15.7755279541,
        "max": 27.7193279266,
        "mean": 11.2909440994,
        "median": 10.8134288788,
        "min": 2.77432584763,
        "var": 15.5856523514
    },
    "erbbands_flatness_db": {
        "dmean": 0.0187085885555,
        "dmean2": 0.0256849750876,
        "dvar": 0.000390120199881,
        "dvar2": 0.000698340591043,
        "max": 0.408026307821,
        "mean": 0.21941922605,
        "median": 0.219777405262,
        "min": 0.0535783916712,
        "var": 0.0030393905472
    },
    "erbbands_kurtosis": {
        "dmean": 1.70697236061,
        "dmean2": 2.69373273849,
        "dvar": 4.89376068115,
        "dvar2": 11.5632276535,
        "max": 50.3207702637,
        "mean": 3.38791871071,
        "median": 2.36915588379,
        "min": -1.91877436638,
        "var": 18.263999939
    },
    "erbbands_skewness": {
        "dmean": 0.370720386505,
        "dmean2": 0.570855140686,
        "dvar": 0.16074706614,
        "dvar2": 0.345756173134,
        "max": 6.5898194313,
        "mean": 1.36014163494,
        "median": 1.34147763252,
        "min": -3.0976228714,
        "var": 0.690903961658
    },
    "erbbands_spread": {
        "dmean": 7.03477334976,
        "dmean2": 10.2673912048,
        "dvar": 110.094673157,
        "dvar2": 207.288955688,
        "max": 144.676315308,
        "mean": 27.7910633087,
        "median": 20.726392746,
        "min": 1.94900977612,
        "var": 515.350036621
    },
    "hfc": {
        "dmean": 2.63496112823,
        "dmean2": 3.90498781204,
        "dvar": 12.2336921692,
        "dvar2": 26.4943637848,
        "max": 61.6760559082,
        "mean": 9.64555644989,
        "median": 7.52227210999,
        "min": 1.14136802905e-16,
        "var": 61.4282455444
    },
    "melbands_crest": {
        "dmean": 2.80052900314,
        "dmean2": 4.6423535347,
        "dvar": 7.11117458344,
        "dvar2": 20.5929279327,
        "max": 35.9969406128,
        "mean": 17.2991580963,
        "median": 16.9568252563,
        "min": 1.56859779358,
        "var": 24.1021690369
    },
    "melbands_flatness_db": {
        "dmean": 0.0298390202224,
        "dmean2": 0.0432494133711,
        "dvar": 0.000934624520596,
        "dvar2": 0.00202536443248,
        "max": 0.584133923054,
        "mean": 0.350315064192,
        "median": 0.351797521114,
        "min": 0.00247594714165,
        "var": 0.00772018544376
    },
    "melbands_kurtosis": {
        "dmean": 10.6576967239,
        "dmean2": 17.2554740906,
        "dvar": 228.033218384,
        "dvar2": 634.242919922,
        "max": 262.300292969,
        "mean": 25.4947872162,
        "median": 18.2701797485,
        "min": -1.36844849586,
        "var": 661.931152344
    },
    "melbands_skewness": {
        "dmean": 0.80710375309,
        "dmean2": 1.29017114639,
        "dvar": 0.715233385563,
        "dvar2": 1.91017282009,
        "max": 13.6591730118,
        "mean": 3.3136677742,
        "median": 3.00222730637,
        "min": -0.376791924238,
        "var": 3.39794135094
    },
    "melbands_spread": {
        "dmean": 2.01124596596,
        "dmean2": 3.26529598236,
        "dvar": 26.8264083862,
        "dvar2": 65.235458374,
        "max": 162.075149536,
        "mean": 7.26270914078,
        "median": 4.17928743362,
        "min": 0.481125235558,
        "var": 247.085144043
    },
    "pitch_salience": {
        "dmean": 0.0708321556449,
        "dmean2": 0.119268454611,
        "dvar": 0.00448033586144,
        "dvar2": 0.0135994413868,
        "max": 0.930053114891,
        "mean": 0.490829378366,
        "median": 0.497555434704,
        "min": 0.0964524075389,
        "var": 0.0144911138341
    },
    "silence_rate_20dB": {
        "dmean": 0,
        "dmean2": 0,
        "dvar": 0,
        "dvar2": 0,
        "max": 1,
        "mean": 1,
        "median": 1,
        "min": 1,
        "var": 0
    },
    "silence_rate_30dB": {
        "dmean": 0.00938017293811,
        "dmean2": 0.0187620706856,
        "dvar": 0.00929339230061,
        "dvar2": 0.0235602911562,
        "max": 1,
        "mean": 0.991816103458,
        "median": 1,
        "min": 0,
        "var": 0.00811783224344
    },
    "silence_rate_60dB": {
        "dmean": 0.00514989905059,
        "dmean2": 0.0103007452562,
        "dvar": 0.00512355333194,
        "dvar2": 0.0114828990772,
        "max": 1,
        "mean": 0.0464367829263,
        "median": 0,
        "min": 0,
        "var": 0.0442811921239
    },
    "spectral_centroid": {
        "dmean": 99.5184936523,
        "dmean2": 152.271011353,
        "dvar": 46404.515625,
        "dvar2": 89666.8984375,
        "max": 10870.5214844,
        "mean": 489.988037109,
        "median": 349.761260986,
        "min": 149.356521606,
        "var": 281833.46875
    },
    "spectral_complexity": {
        "dmean": 1.55398201942,
        "dmean2": 2.37560939789,
        "dvar": 3.17930269241,
        "dvar2": 5.98396015167,
        "max": 34,
        "mean": 9.35025310516,
        "median": 9,
        "min": 0,
        "var": 22.0606193542
    },
    "spectral_decrease": {
        "dmean": 2.70849831452e-09,
        "dmean2": 4.3425560925e-09,
        "dvar": 1.11037946102e-17,
        "dvar2": 3.08330216753e-17,
        "max": 1.34096668604e-18,
        "mean": -8.41248670724e-09,
        "median": -6.9517720469e-09,
        "min": -4.17234495842e-08,
        "var": 3.92251263317e-17
    },
    "spectral_energy": {
        "dmean": 0.0104198073968,
        "dmean2": 0.0166888777167,
        "dvar": 0.000164106182638,
        "dvar2": 0.000453807704616,
        "max": 0.16073666513,
        "mean": 0.0326254628599,
        "median": 0.0269893482327,
        "min": 1.04212616044e-20,
        "var": 0.000587264017668
    },
    "spectral_energyband_high": {
        "dmean": 0.000101573386928,
        "dmean2": 0.000140318967169,
        "dvar": 1.03505882976e-07,
        "dvar2": 2.04428800998e-07,
        "max": 0.00678563816473,
        "mean": 0.000177052119398,
        "median": 2.19267840293e-05,
        "min": 7.41050269712e-21,
        "var": 2.56525567011e-07
    },
    "spectral_energyband_low": {
        "dmean": 0.0069015789777,
        "dmean2": 0.0116536207497,
        "dvar": 9.90876942524e-05,
        "dvar2": 0.000324848777382,
        "max": 0.133441329002,
        "mean": 0.0142605593428,
        "median": 0.010353253223,
        "min": 8.96631674213e-23,
        "var": 0.000185184544534
    },
    "spectral_energyband_middle_high": {
        "dmean": 0.000291902077151,
        "dmean2": 0.000385220249882,
        "dvar": 4.00136315193e-07,
        "dvar2": 8.36287256334e-07,
        "max": 0.02240588516,
        "mean": 0.000905136519577,
        "median": 0.000424527243013,
        "min": 1.56412553399e-21,
        "var": 1.89071795376e-06
    },
    "spectral_energyband_middle_low": {
        "dmean": 0.00733850244433,
        "dmean2": 0.0115359909832,
        "dvar": 9.08485380933e-05,
        "dvar2": 0.000228766017244,
        "max": 0.13751205802,
        "mean": 0.0229956284165,
        "median": 0.0187706053257,
        "min": 3.64766632002e-22,
        "var": 0.000316617079079
    },
    "spectral_entropy": {
        "dmean": 0.235897123814,
        "dmean2": 0.32869631052,
        "dvar": 0.069359883666,
        "dvar2": 0.123912446201,
        "max": 9.80104255676,
        "mean": 6.36295890808,
        "median": 6.32566165924,
        "min": 4.56168794632,
        "var": 0.565041780472
    },
    "spectral_flux": {
        "dmean": 0.0203290674835,
        "dmean2": 0.0308557450771,
        "dvar": 0.000475523644127,
        "dvar2": 0.00117641175166,
        "max": 0.312870770693,
        "mean": 0.0664869770408,
        "median": 0.0595709085464,
        "min": 1.02084583842e-10,
        "var": 0.00193446257617
    },
    "spectral_kurtosis": {
        "dmean": 6.97721195221,
        "dmean2": 10.9564819336,
        "dvar": 81.8118133545,
        "dvar2": 178.928314209,
        "max": 119.851318359,
        "mean": 20.2047996521,
        "median": 12.128575325,
        "min": -1.23089754581,
        "var": 445.280883789
    },
    "spectral_rms": {
        "dmean": 0.00085049320478,
        "dmean2": 0.00135133753065,
        "dvar": 7.93376273123e-07,
        "dvar2": 2.24765858547e-06,
        "max": 0.0125226294622,
        "mean": 0.00521175703034,
        "median": 0.00513138109818,
        "min": 3.18858654758e-12,
        "var": 4.66729215987e-06
    },
    "spectral_rolloff": {
        "dmean": 123.991767883,
        "dmean2": 225.040679932,
        "dvar": 258887.09375,
        "dvar2": 634767.125,
        "max": 19056.8847656,
        "mean": 699.375793457,
        "median": 366.064453125,
        "min": 129.19921875,
        "var": 4859960.5
    },
    "spectral_skewness": {
        "dmean": 0.568966329098,
        "dmean2": 0.839593589306,
        "dvar": 0.399516493082,
        "dvar2": 0.746185541153,
        "max": 9.44192028046,
        "mean": 3.17623448372,
        "median": 2.75257229805,
        "min": -0.0586431697011,
        "var": 2.98843765259
    },
    "spectral_spread": {
        "dmean": 504202.25,
        "dmean2": 703551.625,
        "dvar": 431405039616,
        "dvar2": 683078516736,
        "max": 41305324,
        "mean": 3283398.75,
        "median": 2849536.5,
        "min": 782061.25,
        "var": 3.59054809498e+12
    },
    "spectral_strongpeak": {
        "dmean": 0.290621250868,
        "dmean2": 0.502228140831,
        "dvar": 0.146810427308,
        "dvar2": 0.381627112627,
        "max": 5.99048900604,
        "mean": 0.684382200241,
        "median": 0.551726222038,
        "min": 0,
        "var": 0.262411803007
    },
    "zerocrossingrate": {
        "dmean": 0.00470063881949,
        "dmean2": 0.00575649132952,
        "dvar": 6.66129999445e-05,
        "dvar2": 7.87579556345e-05,
        "max": 0.525390625,
        "mean": 0.0288597792387,
        "median": 0.017578125,
        "min": 0.00537109375,
        "var": 0.00347044924274
    },
    "barkbands": {
        "dmean": [1.70105613506e-05, 0.000316501245834, 0.00455702282488, 0.00436972640455, 0.00306249177083, 0.00147790811025, 0.00119086157065, 0.000452967506135, 0.000249104487011, 0.000102353122202, 4.33911554865e-05, 4.13536399719e-05, 0.000107090425445, 4.50147017546e-05, 3.88923908758e-05, 3.44506443071e-05, 2.33551836573e-05, 2.7410022085e-05, 1.75056738954e-05, 2.30221048696e-05, 3.9811940951e-05, 3.51761736965e-05, 1.62377400557e-05, 8.31646320876e-06, 5.2241953199e-06, 1.4784097857e-06, 4.71361346399e-07],
        "dmean2": [3.01295331155e-05, 0.000438167044194, 0.0074711414054, 0.00737835513428, 0.00455718534067, 0.0022749225609, 0.00190129783005, 0.000700791890267, 0.000387894018786, 0.000156230074936, 6.68720240355e-05, 6.42173181404e-05, 0.000154474473675, 6.59911383991e-05, 5.61782362638e-05, 5.07018594362e-05, 3.50831869582e-05, 4.2220857722e-05, 2.52594163612e-05, 3.30933726218e-05, 5.7834728068e-05, 5.13752529514e-05, 2.3621472792e-05, 1.24454327306e-05, 7.34293689675e-06, 2.19702656068e-06, 6.65909681175e-07],
        "dvar": [9.67325153312e-09, 3.79347881108e-07, 4.77530775242e-05, 4.13814668718e-05, 2.83263671008e-05, 6.35526839687e-06, 8.29750570119e-06, 1.75720492734e-06, 1.16835826702e-06, 1.08438719337e-07, 2.5608274612e-08, 6.46944116056e-08, 7.40249106457e-08, 2.40217037373e-08, 1.74119580976e-08, 8.44374170583e-09, 3.95290244981e-09, 7.04184941469e-08, 3.91230647878e-09, 6.07269878827e-09, 2.56439403046e-08, 1.71423764073e-08, 4.10988265642e-09, 1.27410793027e-09, 5.55372969835e-10, 5.62940805082e-11, 9.41094945028e-12],
        "dvar2": [2.69213700221e-08, 7.52948324134e-07, 0.000151906293468, 0.000125222562929, 6.41913575237e-05, 1.41298542076e-05, 1.93321229744e-05, 4.10215716329e-06, 2.94347205454e-06, 2.50975062954e-07, 5.95656359792e-08, 1.65109213413e-07, 1.67801090356e-07, 5.37558264568e-08, 3.82717111336e-08, 1.82135959648e-08, 9.0550136278e-09, 2.03147919819e-07, 9.43718259094e-09, 1.43860079405e-08, 5.50465628635e-08, 3.88755445613e-08, 7.74990027708e-09, 2.79303491446e-09, 9.62825486006e-10, 1.06526565347e-10, 1.66479746655e-11],
        "max": [0.00297643640079, 0.0174026135355, 0.109721660614, 0.0863209590316, 0.118224263191, 0.0563381910324, 0.106848567724, 0.0411799512804, 0.030600681901, 0.0190443675965, 0.00717017240822, 0.0172800272703, 0.00786860007793, 0.00519679998979, 0.00448160106316, 0.00246123527177, 0.00224608974531, 0.0176740214229, 0.00196193903685, 0.00350363738835, 0.00424769660458, 0.00302321719937, 0.00279025221244, 0.00135258410592, 0.00104439607821, 0.000420913333073, 0.000148266975884],
        "mean": [1.33469511638e-05, 0.000697891227901, 0.00785854458809, 0.00877498555928, 0.00607177335769, 0.00391172757372, 0.00289153656922, 0.000866369868163, 0.000436943548266, 0.000191468643607, 8.59833016875e-05, 7.53276544856e-05, 0.00021581366309, 8.84894107003e-05, 6.98390576872e-05, 6.14548043814e-05, 4.1885436076e-05, 4.72357751278e-05, 3.0467455872e-05, 3.45661719621e-05, 5.71805103391e-05, 5.07281401951e-05, 2.75642651104e-05, 1.27657340272e-05, 8.68829283718e-06, 2.1788223421e-06, 7.94074821897e-07],
        "median": [1.38151690976e-07, 0.000208856261452, 0.00463821785524, 0.00626074708998, 0.00302001927048, 0.00242912792601, 0.00137874763459, 0.000273348559858, 9.45049614529e-05, 6.51813461445e-05, 2.91067135549e-05, 2.1573390768e-05, 7.45274228393e-05, 2.30024015764e-05, 1.78857317223e-05, 1.81626310223e-05, 1.05887920654e-05, 8.93023207027e-06, 6.77781918057e-06, 6.22305879006e-06, 5.27769270775e-06, 2.74924559562e-06, 3.13453642775e-06, 9.60078978096e-07, 7.21542733118e-07, 2.7455624263e-07, 1.52710029511e-07],
        "min": [1.78535520718e-23, 3.31500588509e-23, 3.59023156632e-23, 7.01727747251e-24, 1.15396996596e-22, 1.14908981997e-23, 3.72816074015e-23, 5.67358229366e-23, 1.21762536122e-22, 8.30083431358e-23, 5.70911511318e-23, 1.52583281202e-22, 9.15877292837e-23, 7.94006171589e-23, 9.59302003076e-23, 2.69813552676e-22, 1.37557929581e-22, 1.74252078578e-22, 3.21307312856e-22, 2.20676580715e-22, 4.78425585008e-22, 4.13049084587e-22, 6.77939842292e-22, 9.63114397437e-22, 1.08043742633e-21, 1.58469205918e-21, 2.31786387785e-21],
        "var": [7.38627248253e-09, 1.46074546592e-06, 8.60515938257e-05, 7.3565839557e-05, 7.555418415e-05, 2.11274436879e-05, 1.96661258087e-05, 4.71641396871e-06, 2.37403742176e-06, 2.83941659518e-07, 5.18035641051e-08, 1.34822556674e-07, 1.70463152926e-07, 6.29358183346e-08, 3.76360560495e-08, 1.84892545718e-08, 9.28701382463e-09, 4.7232703082e-08, 8.00806176926e-09, 8.65262705929e-09, 4.35581704039e-08, 3.37488295088e-08, 1.23670842456e-08, 2.48725751106e-09, 1.71492664514e-09, 1.54425403021e-10, 2.97683752648e-11]
    },
    "erbbands": {
        "dmean": [0.00312960403971, 0.143955111504, 3.27644920349, 11.9869089127, 12.2797441483, 7.73743009567, 14.7265110016, 10.3346481323, 18.9307422638, 9.26961421967, 10.9170799255, 6.30793046951, 2.79726433754, 2.96593046188, 1.60547220707, 1.56300699711, 5.3117647171, 2.2600543499, 2.33275032043, 1.25714230537, 2.16121220589, 1.27207517624, 1.4799169302, 1.0940258503, 0.808885991573, 1.08162891865, 1.48163700104, 1.56517589092, 1.42236566544, 0.737926125526, 0.433081001043, 0.250362753868, 0.108748652041, 0.0642225593328, 0.0358943715692, 0.00848662480712, 0.00246731797233, 0.000625096959993, 9.33985793381e-05, 1.43793340612e-05],
        "dmean2": [0.0047719264403, 0.20080769062, 5.13211250305, 20.7017364502, 18.7993297577, 11.4439620972, 23.3910102844, 16.0311775208, 30.2362041473, 14.4497375488, 16.8401107788, 9.71348571777, 4.22866010666, 4.61626434326, 2.46299219131, 2.3362762928, 7.65390920639, 3.26249980927, 3.25423789024, 1.77064192295, 3.17098546028, 1.86628699303, 2.21524810791, 1.58306443691, 1.15001749992, 1.5377600193, 2.19662189484, 2.29638004303, 2.07928323746, 1.07989609241, 0.639739274979, 0.370466172695, 0.162652686238, 0.0924261063337, 0.0515416488051, 0.0125757735223, 0.00367832812481, 0.000905460678041, 0.000130641434225, 2.23857368837e-05],
        "dvar": [4.93620282214e-05, 0.0641374960542, 25.3212738037, 276.973388672, 455.487091064, 366.790679932, 639.445739746, 471.528015137, 1999.31616211, 469.135375977, 1046.3067627, 794.582519531, 106.622367859, 61.5423698425, 61.6387672424, 43.3447341919, 187.706497192, 54.7906341553, 59.0291519165, 18.7550010681, 33.4095077515, 12.309088707, 69.9914169312, 77.071937561, 8.71516609192, 13.8885374069, 44.9005088806, 41.4943466187, 29.1176738739, 8.52177429199, 3.51680469513, 1.12708044052, 0.215655252337, 0.0781237259507, 0.0302323028445, 0.00169499590993, 0.000171071587829, 1.50932673932e-05, 3.58195677563e-07, 9.90824089442e-10],
        "dvar2": [0.000121138618852, 0.12743191421, 71.3963012695, 931.842346191, 1115.58947754, 754.374938965, 1685.24743652, 1028.36120605, 4772.44091797, 1050.20483398, 2408.59155273, 1986.54321289, 238.997955322, 162.605072021, 150.887649536, 102.900421143, 430.300964355, 127.448768616, 122.569519043, 40.6872825623, 72.2241134644, 27.4835205078, 192.047790527, 209.022232056, 21.4044494629, 33.4446868896, 107.497840881, 88.7916946411, 67.5029678345, 18.3796424866, 6.67286920547, 2.37281966209, 0.459894478321, 0.140647500753, 0.0546176806092, 0.00318235717714, 0.000343270716257, 2.87770071736e-05, 6.39580036932e-07, 1.98993066469e-09],
        "max": [0.163109689951, 7.44361448288, 105.688652039, 186.58039856, 360.447296143, 584.520324707, 535.732116699, 607.624328613, 1362.84924316, 701.032409668, 1105.52172852, 847.987304688, 542.321594238, 278.485656738, 497.437255859, 358.147918701, 421.112792969, 284.400634766, 284.134216309, 175.615707397, 152.942993164, 114.220794678, 504.14743042, 614.331115723, 98.6664047241, 193.412094116, 194.53515625, 247.406066895, 136.875274658, 110.10774231, 89.02368927, 38.1173324585, 16.2409439087, 12.4282150269, 9.27077484131, 2.41611862183, 0.609351694584, 0.185109734535, 0.0309284646064, 0.00126474653371],
        "mean": [0.00612632883713, 0.342488139868, 6.71923065186, 23.7955493927, 23.5270862579, 15.1303825378, 34.9432258606, 26.0151176453, 46.4580001831, 21.3542842865, 21.4581947327, 11.6435918808, 5.6687040329, 5.85108995438, 3.82474970818, 3.48082661629, 10.6811161041, 5.13540506363, 4.4098367691, 2.56136512756, 3.89917850494, 2.49504876137, 2.79345488548, 1.89536046982, 1.38915133476, 1.68159878254, 2.03982758522, 2.26092791557, 1.96083855629, 1.23648810387, 0.726477324963, 0.381507188082, 0.167466521263, 0.106664948165, 0.0564656220376, 0.012532601133, 0.00359484832734, 0.00096534070326, 0.000164357115864, 4.36419686594e-05],
        "median": [0.00284600746818, 0.15091471374, 3.83063602448, 18.0660476685, 11.6352643967, 6.537504673, 21.5660915375, 13.6270027161, 24.8775100708, 10.1749582291, 7.56022882462, 2.81415724754, 1.73079490662, 2.45560264587, 1.56580305099, 1.30724012852, 3.67982769012, 1.64970767498, 1.14027869701, 0.71934401989, 1.1618449688, 0.650883436203, 0.565993130207, 0.4513656497, 0.313053876162, 0.327528208494, 0.232100188732, 0.171384528279, 0.0942082554102, 0.103802204132, 0.084375873208, 0.0314799286425, 0.0129488101229, 0.00820188969374, 0.00479757180437, 0.00143218156882, 0.000455769972177, 0.00013234486687, 4.09222157032e-05, 3.38660611305e-05],
        "min": [8.63886954183e-22, 8.1836096083e-21, 3.95959306949e-20, 3.44375193039e-20, 2.98333900092e-20, 5.18877628654e-19, 5.00535001968e-19, 9.60989225849e-20, 4.77694839195e-19, 8.74342728768e-19, 1.02718006337e-18, 2.05388594545e-18, 3.39991022055e-18, 2.26879925592e-18, 3.00693242796e-18, 6.1974567657e-18, 5.30780168302e-18, 2.84382295772e-18, 5.9307017715e-18, 1.01114367827e-17, 1.07428063735e-17, 9.04508930373e-18, 1.11470660824e-17, 1.17419818236e-17, 1.43376373627e-17, 9.69025626712e-18, 1.88738429023e-17, 1.71284074374e-17, 1.53058373804e-17, 1.79393686925e-17, 1.81077661216e-17, 1.96636978169e-17, 1.48247838777e-17, 9.88555609128e-18, 9.46384866165e-18, 5.11621135031e-18, 3.02575947229e-18, 1.05340292956e-18, 3.52513021755e-19, 3.54460786528e-20],
        "var": [9.20144229895e-05, 0.266532152891, 66.145942688, 447.748474121, 973.650268555, 1014.02526855, 1656.06750488, 1404.18981934, 4549.79296875, 1115.36560059, 2771.66723633, 1653.66601562, 290.433105469, 130.37159729, 150.515090942, 109.788963318, 418.406799316, 151.845611572, 140.001083374, 46.370513916, 73.376953125, 32.0881652832, 73.8873901367, 61.7502288818, 15.7553911209, 19.2529811859, 63.3898391724, 70.8867111206, 50.4441223145, 23.8362121582, 9.12892913818, 2.36396765709, 0.425158798695, 0.233727842569, 0.0846950337291, 0.00444732327014, 0.000456688634586, 4.07809129683e-05, 1.1226272818e-06, 3.28409432981e-09]
    },
    "gfcc": {
        "mean": [-95.905921936, 144.662628174, -78.717666626, 17.8603782654, -56.506526947, -9.39532089233, -44.1306610107, -15.754948616, -22.2989253998, -7.32079315186, -16.0128726959, -11.6935958862, -20.0365257263],
        "cov": [[18891.0292969, 2167.3671875, -1629.19628906, 1046.03613281, -870.753234863, -196.974487305, -331.359954834, -349.375061035, -188.474014282, -120.500778198, -240.112609863, -257.035827637, -196.129043579], [2167.3671875, 2060.40527344, -39.3327598572, -703.666015625, 344.994384766, -209.195953369, -50.6963806152, -160.905593872, -2.14019155502, -143.107727051, 98.9078903198, -102.10093689, -75.9630966187], [-1629.19628906, -39.3327598572, 666.009216309, -209.713806152, -30.2985019684, 52.9693984985, -43.9523887634, -24.5748405457, -13.0495300293, 24.225851059, 10.2972230911, 25.8764362335, 14.9369363785], [1046.03613281, -703.666015625, -209.713806152, 726.308410645, -172.134780884, 11.9878387451, 36.1500549316, 12.7745981216, 4.48317050934, 45.7389640808, -76.6662445068, 36.4479408264, 47.3709068298], [-870.753234863, 344.994384766, -30.2985019684, -172.134780884, 411.8175354, -26.965845108, 23.0440406799, 25.4998569489, 27.6137599945, -39.313419342, 40.7034912109, 3.76933860779, 2.14069890976], [-196.974487305, -209.195953369, 52.9693984985, 11.9878387451, -26.965845108, 189.327331543, 51.1805610657, 12.0468101501, 8.36737442017, 22.0572814941, -4.26551485062, 4.94404745102, -15.2468900681], [-331.359954834, -50.6963806152, -43.9523887634, 36.1500549316, 23.0440406799, 51.1805610657, 177.772766113, 11.6000366211, -11.7914791107, 25.2446575165, 3.80831813812, -2.74720692635, -4.27487850189], [-349.375061035, -160.905593872, -24.5748405457, 12.7745981216, 25.4998569489, 12.0468101501, 11.6000366211, 122.621330261, 10.0161380768, -11.0726528168, 12.6409902573, -0.397963911295, -4.28252887726], [-188.474014282, -2.14019155502, -13.0495300293, 4.48317050934, 27.6137599945, 8.36737442017, -11.7914791107, 10.0161380768, 92.1036300659, 15.9935493469, -9.19517803192, 12.4247198105, 4.96658420563], [-120.500778198, -143.107727051, 24.225851059, 45.7389640808, -39.313419342, 22.0572814941, 25.2446575165, -11.0726528168, 15.9935493469, 99.0260696411, -2.5338139534, -5.46771383286, 11.8126125336], [-240.112609863, 98.9078903198, 10.2972230911, -76.6662445068, 40.7034912109, -4.26551485062, 3.80831813812, 12.6409902573, -9.19517803192, -2.5338139534, 79.3226165771, 4.34691572189, -17.7831840515], [-257.035827637, -102.10093689, 25.8764362335, 36.4479408264, 3.76933860779, 4.94404745102, -2.74720692635, -0.397963911295, 12.4247198105, -5.46771383286, 4.34691572189, 78.8707809448, 25.7092666626], [-196.129043579, -75.9630966187, 14.9369363785, 47.3709068298, 2.14069890976, -15.2468900681, -4.27487850189, -4.28252887726, 4.96658420563, 11.8126125336, -17.7831840515, 25.7092666626, 67.7048110962]],
        "icov": [[0.000387305568438, -0.00122136878781, 0.00074409035733, -0.00114451511763, 0.00101752276532, -0.00105059763882, 0.00122178951278, -0.000760340248235, 0.00129593035672, -0.00100840674713, 0.00130419665948, -0.000582662993111, 0.000793202896602], [-0.00122136878781, 0.00528554990888, -0.00212588324212, 0.00462116161361, -0.00372775457799, 0.00447220494971, -0.00423325691372, 0.00456282449886, -0.00488295871764, 0.00476601254195, -0.00502197165042, 0.00331602408551, -0.00227737473324], [0.00074409035733, -0.00212588324212, 0.00339254946448, -0.00129647797439, 0.00211785500869, -0.00251278164797, 0.00288860825822, -0.00102701422293, 0.00297061726451, -0.00247951922938, 0.00259897927754, -0.00179600971751, 0.000992876943201], [-0.00114451511763, 0.00462116161361, -0.00129647797439, 0.00620875088498, -0.00263823801652, 0.00386918801814, -0.00410022493452, 0.0032841945067, -0.0040714382194, 0.00325301173143, -0.0029267410282, 0.00154198228847, -0.0029082368128], [0.00101752276532, -0.00372775457799, 0.00211785500869, -0.00263823801652, 0.00605010939762, -0.00279944809154, 0.00248180143535, -0.00311198155396, 0.00232355576009, -0.00192296679597, 0.00253007235005, -0.00194398523308, 0.000849712989293], [-0.00105059763882, 0.00447220494971, -0.00251278164797, 0.00386918801814, -0.00279944809154, 0.0102364774793, -0.00554103543982, 0.00312162330374, -0.00487740384415, 0.00314741046168, -0.00343461055309, 0.00179939263035, 0.000286096037598], [0.00122178951278, -0.00423325691372, 0.00288860825822, -0.00410022493452, 0.00248180143535, -0.00554103543982, 0.0109020257369, -0.00345559720881, 0.00616174424067, -0.0057457704097, 0.00439275428653, -0.00248858029954, 0.00281394738704], [-0.000760340248235, 0.00456282449886, -0.00102701422293, 0.0032841945067, -0.00311198155396, 0.00312162330374, -0.00345559720881, 0.013622969389, -0.00513855461031, 0.00596759375185, -0.00589809054509, 0.00419146753848, -0.00151460699271], [0.00129593035672, -0.00488295871764, 0.00297061726451, -0.0040714382194, 0.00232355576009, -0.00487740384415, 0.00616174424067, -0.00513855461031, 0.0178331825882, -0.00789988879114, 0.00770919909701, -0.00577933108434, 0.00365056679584], [-0.00100840674713, 0.00476601254195, -0.00247951922938, 0.00325301173143, -0.00192296679597, 0.00314741046168, -0.0057457704097, 0.00596759375185, -0.00789988879114, 0.0176201146096, -0.00694661214948, 0.00649620825425, -0.00530463969335], [0.00130419665948, -0.00502197165042, 0.00259897927754, -0.0029267410282, 0.00253007235005, -0.00343461055309, 0.00439275428653, -0.00589809054509, 0.00770919909701, -0.00694661214948, 0.0216567572206, -0.00690914411098, 0.00762706249952], [-0.000582662993111, 0.00331602408551, -0.00179600971751, 0.00154198228847, -0.00194398523308, 0.00179939263035, -0.00248858029954, 0.00419146753848, -0.00577933108434, 0.00649620825425, -0.00690914411098, 0.0191744249314, -0.00788056571037], [0.000793202896602, -0.00227737473324, 0.000992876943201, -0.0029082368128, 0.000849712989293, 0.000286096037598, 0.00281394738704, -0.00151460699271, 0.00365056679584, -0.00530463969335, 0.00762706249952, -0.00788056571037, 0.0221012774855]]
    },
    "melbands": {
        "dmean": [4.85504715471e-05, 0.00125277775805, 0.00195524701849, 0.000721753400285, 0.000451874628197, 0.000241755318712, 0.000285386049654, 9.65294238995e-05, 8.52861339808e-05, 3.49939182342e-05, 1.38867580972e-05, 1.30347325467e-05, 5.86691749049e-06, 5.24750112163e-06, 8.2233473222e-06, 9.1715637609e-06, 4.38014285464e-06, 4.00657972932e-06, 2.30796467804e-06, 1.71554813733e-06, 2.57113742919e-06, 1.33269293201e-06, 1.41592374803e-06, 1.42406531722e-06, 8.98612711353e-07, 6.61185140416e-07, 7.37974630738e-07, 7.33498325189e-07, 8.54568895647e-07, 1.14169131393e-06, 8.56582175857e-07, 8.99099120488e-07, 6.26535893389e-07, 3.68907791426e-07, 2.53582783216e-07, 2.27010431786e-07, 1.36898705705e-07, 8.03299471386e-08, 5.99403904289e-08, 5.62380542135e-08],
        "dmean2": [6.85015038471e-05, 0.00197634194046, 0.00330517184921, 0.00106469984166, 0.000717487942893, 0.000373825343559, 0.000456675974419, 0.00014977659157, 0.000131942389999, 5.41396329936e-05, 2.1118492441e-05, 2.02592909773e-05, 9.02138253878e-06, 8.22752463137e-06, 1.17601884995e-05, 1.33460407596e-05, 6.50476749797e-06, 5.70512111153e-06, 3.34003993885e-06, 2.4600622055e-06, 3.80802407562e-06, 2.02051955966e-06, 2.13083922063e-06, 2.24974905905e-06, 1.31402930492e-06, 9.82651840786e-07, 1.08152062239e-06, 1.06789923393e-06, 1.29415627725e-06, 1.71806721028e-06, 1.27993371279e-06, 1.33777768951e-06, 9.4239169357e-07, 5.51853645447e-07, 3.81446881192e-07, 3.35655471417e-07, 2.0774547238e-07, 1.22473579722e-07, 8.87539854943e-08, 8.23632575475e-08],
        "dvar": [9.2046601452e-09, 3.66831955034e-06, 7.06779292159e-06, 1.95401503333e-06, 5.80390974392e-07, 2.33435457631e-07, 4.44045383574e-07, 4.84125131095e-08, 6.11581825183e-08, 2.43786555387e-08, 2.77972822538e-09, 1.25725174716e-09, 4.93925733647e-10, 1.11809839165e-09, 4.17224199634e-10, 6.1416899344e-10, 2.49395032403e-10, 1.93131996507e-10, 7.51611481387e-11, 2.31293335179e-11, 4.8070093045e-11, 1.46282708169e-11, 1.78059910566e-11, 2.69747724158e-10, 4.14555056949e-11, 8.1321225795e-12, 6.09189912057e-12, 8.5818756615e-12, 1.74869927566e-11, 2.38083493892e-11, 1.28512547826e-11, 1.31764391065e-11, 5.96416839527e-12, 2.20363072408e-12, 1.20712825586e-12, 1.08160041253e-12, 3.29753341603e-13, 1.30828114726e-13, 6.25543860417e-14, 6.40193735697e-14],
        "dvar2": [1.92586107062e-08, 1.05670942503e-05, 2.21827122004e-05, 4.36394657299e-06, 1.53850157858e-06, 5.12239466843e-07, 1.04538776213e-06, 1.09827389849e-07, 1.41349232763e-07, 6.07861565527e-08, 6.21073192875e-09, 3.26555182895e-09, 1.17770615482e-09, 2.83543433177e-09, 9.31886123823e-10, 1.42873357589e-09, 5.97241089917e-10, 4.03200334231e-10, 1.74718420287e-10, 4.75416754575e-11, 1.04930515665e-10, 3.48730939959e-11, 4.13205129834e-11, 7.83807629912e-10, 1.09706396745e-10, 2.1489336352e-11, 1.39218870807e-11, 2.17800794761e-11, 4.34513952596e-11, 5.46443584826e-11, 2.91573917788e-11, 3.1519075544e-11, 1.41490881511e-11, 4.78445798605e-12, 2.37565869754e-12, 2.17262384299e-12, 7.69204361664e-13, 2.92981486511e-13, 1.26563744294e-13, 1.1837994235e-13],
        "max": [0.00241118529812, 0.0384787879884, 0.031115880236, 0.0335818491876, 0.0160137787461, 0.0129627604038, 0.0226944964379, 0.00603499263525, 0.00785425398499, 0.00454962579533, 0.0028585025575, 0.00126667111181, 0.00110717187636, 0.00234737386927, 0.000610918912571, 0.000760482857004, 0.000606920919381, 0.000499644083902, 0.000396674586227, 0.000156915106345, 0.00018467514019, 9.66340085142e-05, 0.000219783498324, 0.00109192566015, 0.000450321880635, 0.000104663573438, 7.83266877988e-05, 0.000152474021888, 0.000119243566587, 0.000132201297674, 0.000114577982458, 0.000113465539471, 6.54536197544e-05, 5.72138596908e-05, 4.5251508709e-05, 5.34925529792e-05, 2.12195918721e-05, 1.29983636725e-05, 8.40727261675e-06, 1.06359411802e-05],
        "mean": [0.000103967940959, 0.00243096775375, 0.00405347766355, 0.00134095794056, 0.0010506719118, 0.000608278322034, 0.000700628792401, 0.000209294521483, 0.000163342134329, 6.21184371994e-05, 2.68666826742e-05, 2.466843398e-05, 1.28437868625e-05, 1.0011651284e-05, 1.604577119e-05, 1.91800409084e-05, 8.75032583281e-06, 7.16055956218e-06, 4.15571321355e-06, 3.333190989e-06, 4.4701769184e-06, 2.33038394981e-06, 2.66480674327e-06, 2.31372928283e-06, 1.46105151089e-06, 1.09077325305e-06, 1.08182723579e-06, 1.06710729142e-06, 1.12070256364e-06, 1.5304773342e-06, 1.17822446555e-06, 1.15102693599e-06, 9.02245290035e-07, 5.96893755755e-07, 4.16992264718e-07, 3.35357185577e-07, 1.93588974184e-07, 1.19199143001e-07, 9.00770160683e-08, 9.1162199567e-08],
        "median": [3.24682077917e-05, 0.00135116640013, 0.00302049121819, 0.000500802474562, 0.000656599819195, 0.000333016359946, 0.000368066190276, 9.24319174374e-05, 5.48265743419e-05, 1.31227470774e-05, 7.77912828198e-06, 1.00002625913e-05, 4.87743091071e-06, 3.00128294839e-06, 5.24813640368e-06, 6.66562709739e-06, 2.4502260203e-06, 1.69705833741e-06, 1.02360354504e-06, 1.02123772194e-06, 1.27087025703e-06, 5.59539557798e-07, 5.37806727152e-07, 4.22166550607e-07, 3.23954992609e-07, 2.24701977913e-07, 2.02325239229e-07, 1.88802601997e-07, 1.16058281208e-07, 1.19509067531e-07, 7.41790131542e-08, 3.75089186377e-08, 5.32671364795e-08, 4.97258447751e-08, 4.86558171531e-08, 2.54866989735e-08, 1.48375516318e-08, 9.05890384928e-09, 5.56535928453e-09, 6.49441700418e-09],
        "min": [1.00468772686e-23, 1.78579854701e-23, 5.33940819243e-24, 1.60462038959e-23, 2.29087747008e-23, 2.47254606233e-24, 6.82391504287e-24, 1.03534735815e-23, 7.66687129581e-24, 1.61647113142e-23, 1.82528229749e-23, 9.73992754611e-24, 9.38789994487e-24, 9.87408359823e-24, 2.33075044454e-23, 5.71543175911e-24, 4.91775769986e-24, 9.732118612e-24, 7.93214313013e-24, 2.20259068193e-23, 9.55148445307e-24, 8.39127043216e-24, 1.04569177008e-23, 7.90651698362e-24, 9.84391755721e-24, 1.15178283333e-23, 9.10692977854e-24, 5.62599978158e-24, 9.91452060823e-24, 1.31185541166e-23, 1.01521957215e-23, 9.71556121046e-24, 7.17190683171e-24, 1.08320139615e-23, 1.09161317776e-23, 1.08029420706e-23, 1.26487101391e-23, 9.47618846852e-24, 1.04218070797e-23, 7.55600793963e-24],
        "var": [3.10754870725e-08, 8.97871450434e-06, 1.33406128953e-05, 5.15245938004e-06, 1.44691136938e-06, 7.03215278008e-07, 1.02985632111e-06, 1.15691719316e-07, 1.54970834387e-07, 5.11204234499e-08, 7.39875050115e-09, 2.62746913116e-09, 1.18180321085e-09, 2.60319521495e-09, 1.01432551247e-09, 1.40998857034e-09, 5.75910541478e-10, 4.39068587044e-10, 1.50947615518e-10, 5.62048706187e-11, 1.01511327122e-10, 3.04229905157e-11, 5.00345875842e-11, 1.65914920691e-10, 3.6341457621e-11, 1.30532173612e-11, 9.13105875633e-12, 9.88685435604e-12, 2.22486768592e-11, 3.53096024641e-11, 2.04121216457e-11, 1.92364162793e-11, 1.22584963014e-11, 6.30173257327e-12, 2.99338982421e-12, 2.29962164762e-12, 5.67392812421e-13, 2.24392227889e-13, 1.50184606505e-13, 1.86269782151e-13]
    },
    "mfcc": {
        "mean": [-746.597839355, 180.545883179, 25.3656864166, 27.4363880157, 3.23208618164, 3.72917246819, -13.8450908661, -10.022567749, -14.3286752701, -6.73653507233, -4.6392288208, -1.1832678318, -5.59108495712],
        "cov": [[9693.53808594, -372.359008789, -449.497161865, 859.660827637, -431.527069092, 271.723999023, -177.830184937, 99.0735549927, -68.3902740479, 107.822418213, 86.8395614624, -9.56186389923, -149.169052124], [-372.359008789, 2771.84130859, -199.910751343, -419.700561523, 251.093292236, -127.127365112, 49.1024284363, -41.5954704285, -176.510238647, -13.048412323, -3.62116479874, 8.48908996582, 38.9454727173], [-449.497161865, -199.910751343, 598.957702637, -73.4351348877, -80.7084579468, 42.222530365, -44.7603988647, -66.5754928589, 4.67208433151, -39.3283920288, -31.5387763977, 17.9098739624, 10.5029649734], [859.660827637, -419.700561523, -73.4351348877, 455.453979492, -23.9413127899, 44.5067520142, -18.1922950745, 4.79838037491, 62.5502738953, -26.471698761, -11.8811416626, -1.50428748131, 13.5390377045], [-431.527069092, 251.093292236, -80.7084579468, -23.9413127899, 270.522247314, -33.9975280762, -15.532081604, 27.7109680176, 3.52791595459, -17.7548389435, -3.93880724907, 1.7770062685, 14.9978666306], [271.723999023, -127.127365112, 42.222530365, 44.5067520142, -33.9975280762, 196.0050354, 16.7058906555, -4.51097726822, 47.2943305969, -5.44532251358, 14.6113052368, 6.50707101822, 10.3974542618], [-177.830184937, 49.1024284363, -44.7603988647, -18.1922950745, -15.532081604, 16.7058906555, 164.956573486, 28.7418766022, -11.3787622452, 28.2607536316, 8.43411827087, 6.15266942978, 8.76577949524], [99.0735549927, -41.5954704285, -66.5754928589, 4.79838037491, 27.7109680176, -4.51097726822, 28.7418766022, 136.331634521, 4.17515659332, 2.10768985748, 13.4546194077, 0.573326170444, 2.48721981049], [-68.3902740479, -176.510238647, 4.67208433151, 62.5502738953, 3.52791595459, 47.2943305969, -11.3787622452, 4.17515659332, 123.696075439, 0.517877340317, -5.26207733154, 5.42412090302, 6.09057092667], [107.822418213, -13.048412323, -39.3283920288, -26.471698761, -17.7548389435, -5.44532251358, 28.2607536316, 2.10768985748, 0.517877340317, 101.420783997, 21.580406189, -6.38601398468, -8.94326591492], [86.8395614624, -3.62116479874, -31.5387763977, -11.8811416626, -3.93880724907, 14.6113052368, 8.43411827087, 13.4546194077, -5.26207733154, 21.580406189, 77.142326355, 11.7230758667, -8.55623626709], [-9.56186389923, 8.48908996582, 17.9098739624, -1.50428748131, 1.7770062685, 6.50707101822, 6.15266942978, 0.573326170444, 5.42412090302, -6.38601398468, 11.7230758667, 68.9037017822, 16.6297683716], [-149.169052124, 38.9454727173, 10.5029649734, 13.5390377045, 14.9978666306, 10.3974542618, 8.76577949524, 2.48721981049, 6.09057092667, -8.94326591492, -8.55623626709, 16.6297683716, 76.7900543213]],
