{
"lowlevel": {
    "average_loudness": 0.904823303223,
    "barkbands_crest": {
        "dmean": 2.1007373333,
        "dmean2": 3.45710301399,
        "dvar": 5.76694393158,
        "dvar2": 15.4382104874,
        "max": 26.6338939667,
        "mean": 9.23380947113,
        "median": 7.89921665192,
        "min": 2.80213260651,
        "var": 21.2021865845
    },
    "barkbands_flatness_db": {
        "dmean": 0.016824087128,
        "dmean2": 0.0261326320469,
        "dvar": 0.000378340570023,
        "dvar2": 0.000888526323251,
        "max": 0.708214879036,
        "mean": 0.132353276014,
        "median": 0.108885124326,
        "min": 0.0260622538626,
        "var": 0.00665940344334
    },
    "barkbands_kurtosis": {
        "dmean": 2.44486427307,
        "dmean2": 3.96122217178,
        "dvar": 92.9936904907,
        "dvar2": 227.859573364,
        "max": 750.136169434,
        "mean": 6.08519935608,
        "median": 1.26629161835,
        "min": -1.90914261341,
        "var": 947.165405273
    },
    "barkbands_skewness": {
        "dmean": 0.405576229095,
        "dmean2": 0.630159914494,
        "dvar": 0.282355934381,
        "dvar2": 0.663214564323,
        "max": 15.6542453766,
        "mean": 1.41773188114,
        "median": 1.1596776247,
        "min": -5.6368227005,
        "var": 2.09724211693
    },
    "barkbands_spread": {
        "dmean": 3.82483434677,
        "dmean2": 5.88484287262,
        "dvar": 29.5859661102,
        "dvar2": 60.7657737732,
        "max": 115.638664246,
        "mean": 20.2110538483,
        "median": 19.5251979828,
        "min": 0.0531060732901,
        "var": 132.220352173
    },
    "dissonance": {
        "dmean": 0.0207014624029,
        "dmean2": 0.0345047079027,
        "dvar": 0.000435374444351,
        "dvar2": 0.00114503491204,
        "max": 0.500000059605,
        "mean": 0.452471852303,
        "median": 0.461262762547,
        "min": 0.204711869359,
        "var": 0.0012999571627
    },
    "dynamic_complexity": 3.95992565155,
    "erbbands_crest": {
        "dmean": 2.35923552513,
        "dmean2": 3.65278983116,
        "dvar": 6.16967630386,
        "dvar2": 14.1509513855,
        "max": 34.0608673096,
        "mean": 10.0242147446,
        "median": 8.74542331696,
        "min": 2.01203560829,
        "var": 26.3833618164
    },
    "erbbands_flatness_db": {
        "dmean": 0.0148079311475,
        "dmean2": 0.02118797414,
        "dvar": 0.000281060056295,
        "dvar2": 0.000534579739906,
        "max": 0.482596039772,
        "mean": 0.157792270184,
        "median": 0.146540820599,
        "min": 0.040085401386,
        "var": 0.00322081451304
    },
    "erbbands_kurtosis": {
        "dmean": 0.994244515896,
        "dmean2": 1.52694618702,
        "dvar": 8.2949924469,
        "dvar2": 20.6708450317,
        "max": 142.501022339,
        "mean": 1.77536034584,
        "median": 0.283751964569,
        "min": -1.80493378639,
        "var": 75.3073043823
    },
    "erbbands_skewness": {
        "dmean": 0.298801451921,
        "dmean2": 0.447943150997,
        "dvar": 0.118401557207,
        "dvar2": 0.257189780474,
        "max": 9.0606546402,
        "mean": 0.474219232798,
        "median": 0.410780787468,
        "min": -6.81148481369,
        "var": 0.791446983814
    },
    "erbbands_spread": {
        "dmean": 5.62293672562,
        "dmean2": 8.30502510071,
        "dvar": 47.118637085,
        "dvar2": 96.2833633423,
        "max": 145.663848877,
        "mean": 32.0443229675,
        "median": 29.6760673523,
        "min": 0.892384648323,
        "var": 257.271484375
    },
    "hfc": {
        "dmean": 5.17823457718,
        "dmean2": 7.19706439972,
        "dvar": 67.216758728,
        "dvar2": 125.050346375,
        "max": 213.661392212,
        "mean": 24.9825801849,
        "median": 25.061290741,
        "min": 1.16233355033e-16,
        "var": 341.232910156
    },
    "melbands_crest": {
        "dmean": 2.51650071144,
        "dmean2": 4.13418102264,
        "dvar": 6.71442270279,
        "dvar2": 17.5059967041,
        "max": 34.0979385376,
        "mean": 12.4499883652,
        "median": 11.1127681732,
        "min": 2.46755337715,
        "var": 28.5485610962
    },
    "melbands_flatness_db": {
        "dmean": 0.0202315486968,
        "dmean2": 0.0314959026873,
        "dvar": 0.000586505921092,
        "dvar2": 0.00139199022669,
        "max": 0.870901286602,
        "mean": 0.203438058496,
        "median": 0.180534929037,
        "min": 0.00825964380056,
        "var": 0.00854888185859
    },
    "melbands_kurtosis": {
        "dmean": 4.11871528625,
        "dmean2": 6.57162570953,
        "dvar": 91.418296814,
        "dvar2": 224.261642456,
        "max": 340.799682617,
        "mean": 9.23018169403,
        "median": 4.66501092911,
        "min": -1.8846963644,
        "var": 283.158660889
    },
    "melbands_skewness": {
        "dmean": 0.52482265234,
        "dmean2": 0.810921788216,
        "dvar": 0.455815494061,
        "dvar2": 1.06746780872,
        "max": 12.2572946548,
        "mean": 2.092846632,
        "median": 1.80691277981,
        "min": -3.7081580162,
        "var": 2.01628756523
    },
    "melbands_spread": {
        "dmean": 4.67732429504,
        "dmean2": 7.22010993958,
        "dvar": 53.73487854,
        "dvar2": 108.324989319,
        "max": 268.560394287,
        "mean": 22.3101348877,
        "median": 22.0520210266,
        "min": 0.238564014435,
        "var": 184.132858276
    },
    "pitch_salience": {
        "dmean": 0.0608204677701,
        "dmean2": 0.0996732935309,
        "dvar": 0.00418149400502,
        "dvar2": 0.0114214187488,
        "max": 0.824444890022,
        "mean": 0.542913198471,
        "median": 0.558841824532,
        "min": 0.0622165724635,
        "var": 0.0139518380165
    },
    "silence_rate_20dB": {
        "dmean": 0,
        "dmean2": 0,
        "dvar": 0,
        "dvar2": 0,
        "max": 1,
        "mean": 1,
        "median": 1,
        "min": 1,
        "var": 0
    },
    "silence_rate_30dB": {
        "dmean": 0.00221123825759,
        "dmean2": 0.00442276429385,
        "dvar": 0.0022064705845,
        "dvar2": 0.00648601073772,
        "max": 1,
        "mean": 0.998829424381,
        "median": 1,
        "min": 0,
        "var": 0.00116943614557
    },
    "silence_rate_60dB": {
        "dmean": 0.00988553557545,
        "dmean2": 0.0197723582387,
        "dvar": 0.00978609547019,
        "dvar2": 0.0221157036722,
        "max": 1,
        "mean": 0.115237042308,
        "median": 0,
        "min": 0,
        "var": 0.101966030896
    },
    "spectral_centroid": {
        "dmean": 159.303283691,
        "dmean2": 246.216201782,
        "dvar": 47287.2734375,
        "dvar2": 94573.28125,
        "max": 11137.9912109,
        "mean": 1109.76000977,
        "median": 1094.35595703,
        "min": 79.2222518921,
        "var": 220386.34375
    },
    "spectral_complexity": {
        "dmean": 3.05085849762,
        "dmean2": 4.64260149002,
        "dvar": 13.6481056213,
        "dvar2": 26.1034564972,
        "max": 57,
        "mean": 21.0085849762,
        "median": 21,
        "min": 0,
        "var": 124.769172668
    },
    "spectral_decrease": {
        "dmean": 2.29103380711e-09,
        "dmean2": 3.66213726011e-09,
        "dvar": 1.73938960181e-17,
        "dvar2": 4.35234645057e-17,
        "max": 1.03718946966e-28,
        "mean": -8.20408185831e-09,
        "median": -8.30084445624e-09,
        "min": -5.41852465119e-08,
        "var": 3.20972944497e-17
    },
    "spectral_energy": {
        "dmean": 0.00895237643272,
        "dmean2": 0.01421256084,
        "dvar": 0.000254202837823,
        "dvar2": 0.000631902017631,
        "max": 0.206764921546,
        "mean": 0.03323013708,
        "median": 0.033844396472,
        "min": 1.01512582203e-20,
        "var": 0.000507425284013
    },
    "spectral_energyband_high": {
        "dmean": 0.00034214113839,
        "dmean2": 0.000460244104033,
        "dvar": 6.83429050241e-07,
        "dvar2": 1.18325795029e-06,
        "max": 0.0241267941892,
        "mean": 0.000882626161911,
        "median": 0.000457617279608,
        "min": 7.55799610892e-21,
        "var": 1.89802551631e-06
    },
    "spectral_energyband_low": {
        "dmean": 0.00578298512846,
        "dmean2": 0.00996037665755,
        "dvar": 0.000231342753978,
        "dvar2": 0.000618373276666,
        "max": 0.197731286287,
        "mean": 0.010227303952,
        "median": 0.0077098319307,
        "min": 1.73925938236e-23,
        "var": 0.000194773398107
    },
    "spectral_energyband_middle_high": {
        "dmean": 0.00186822575051,
        "dmean2": 0.00275914464146,
        "dvar": 6.62378624838e-06,
        "dvar2": 1.4453953554e-05,
        "max": 0.0483802184463,
        "mean": 0.00833153445274,
        "median": 0.00681628286839,
        "min": 1.17758268069e-21,
        "var": 5.23413291376e-05
    },
    "spectral_energyband_middle_low": {
        "dmean": 0.00490330439061,
        "dmean2": 0.0076985550113,
        "dvar": 5.72399731027e-05,
        "dvar2": 0.000136911156005,
        "max": 0.0869726240635,
        "mean": 0.0152278626338,
        "median": 0.0136024178937,
        "min": 3.04549534336e-22,
        "var": 0.000142100339872
    },
    "spectral_entropy": {
        "dmean": 0.133039578795,
        "dmean2": 0.192321166396,
        "dvar": 0.0269187483937,
        "dvar2": 0.0501212440431,
        "max": 9.79332828522,
        "mean": 7.43591165543,
        "median": 7.57385444641,
        "min": 3.91810917854,
        "var": 0.380364120007
    },
    "spectral_flux": {
        "dmean": 0.0239407271147,
        "dmean2": 0.0361996665597,
        "dvar": 0.00101404485758,
        "dvar2": 0.00197720550932,
        "max": 0.416770607233,
        "mean": 0.0816162005067,
        "median": 0.0741062313318,
        "min": 1.00753454191e-10,
        "var": 0.00317310960963
    },
    "spectral_kurtosis": {
        "dmean": 1.6126909256,
        "dmean2": 2.61989736557,
        "dvar": 8.95129585266,
        "dvar2": 22.2266464233,
        "max": 122.039108276,
        "mean": 5.78153419495,
        "median": 4.41170454025,
        "min": -1.44260418415,
        "var": 38.3156929016
    },
    "spectral_rms": {
        "dmean": 0.000662727863528,
        "dmean2": 0.00102202838752,
        "dvar": 9.53082292199e-07,
        "dvar2": 2.20931451622e-06,
        "max": 0.0142028825358,
        "mean": 0.00525214290246,
        "median": 0.0057462095283,
        "min": 3.14700912898e-12,
        "var": 4.83465510115e-06
    },
    "spectral_rolloff": {
        "dmean": 311.151275635,
        "dmean2": 522.242004395,
        "dvar": 467363.90625,
        "dvar2": 950520.8125,
        "max": 19164.5507812,
        "mean": 1256.81103516,
        "median": 1184.32617188,
        "min": 86.1328125,
        "var": 1285623.375
    },
    "spectral_skewness": {
        "dmean": 0.198872879148,
        "dmean2": 0.307675778866,
        "dvar": 0.0629497095942,
        "dvar2": 0.14308296144,
        "max": 8.23503303528,
        "mean": 1.81449460983,
        "median": 1.68825209141,
        "min": -0.41985860467,
        "var": 0.462630033493
    },
    "spectral_spread": {
        "dmean": 439689.21875,
        "dmean2": 628513.4375,
        "dvar": 403984547840,
        "dvar2": 678155714560,
        "max": 39882864,
        "mean": 4616000.5,
        "median": 4483807,
        "min": 598013.1875,
        "var": 2.19792867328e+12
    },
    "spectral_strongpeak": {
        "dmean": 0.629360795021,
        "dmean2": 1.0713506937,
        "dvar": 0.892077445984,
        "dvar2": 2.18309831619,
        "max": 9.79881095886,
        "mean": 1.1826851368,
        "median": 0.518415629864,
        "min": 0,
        "var": 1.79328882694
    },
    "zerocrossingrate": {
        "dmean": 0.00781557988375,
        "dmean2": 0.00942308176309,
        "dvar": 0.000113844500447,
        "dvar2": 0.000128516403493,
        "max": 0.5087890625,
        "mean": 0.0554707124829,
        "median": 0.05322265625,
        "min": 0.001953125,
        "var": 0.000877452781424
    },
    "barkbands": {
        "dmean": [0.000256170897046, 0.00415157293901, 0.00208810856566, 0.00119175598957, 0.00238623493351, 0.00117359065916, 0.000763274496421, 0.00103019282687, 0.00122044607997, 0.00113181839697, 0.000326159584802, 0.000529981974978, 0.000445533485617, 0.000364239444025, 0.000455661094747, 0.000208075653063, 0.000196791108465, 0.000123826321214, 0.00010370950622, 8.5996267444e-05, 7.64890864957e-05, 7.3745228292e-05, 7.45649231249e-05, 8.76506892382e-05, 3.51358976332e-05, 2.52007630479e-05, 9.15215696295e-06],
        "dmean2": [0.000463240721729, 0.00724392943084, 0.00367616000585, 0.00210319831967, 0.00397922331467, 0.00185556220822, 0.00118376396131, 0.00159049697686, 0.00182463391684, 0.00167913641781, 0.000490484235343, 0.000826674513519, 0.000686490093358, 0.000554824189749, 0.000703446625266, 0.000323150656186, 0.000310020026518, 0.00019676827651, 0.000164699842571, 0.000134667367092, 0.00011445612472, 0.00010808033403, 0.000108700704004, 0.000127515901113, 5.00618698425e-05, 4.03709855163e-05, 1.46399097503e-05],
        "dvar": [7.80610321272e-07, 0.000152520806296, 2.14368610614e-05, 5.78817980568e-06, 2.27297241508e-05, 4.18072522734e-06, 3.39492862622e-06, 6.01551846557e-06, 9.51069341681e-06, 4.64964159619e-06, 7.88053853285e-07, 9.17104387099e-07, 7.75944727138e-07, 6.95058702149e-07, 6.71140639952e-07, 1.74914262629e-07, 1.19728369441e-07, 3.86006284714e-08, 3.03639211552e-08, 2.07416750442e-08, 1.77457231132e-08, 3.07774925545e-08, 6.87239847252e-08, 1.08398538146e-07, 3.57659359906e-08, 6.50895737309e-09, 6.13118888992e-10],
        "dvar2": [2.22135417971e-06, 0.000421251752414, 6.20800710749e-05, 1.67295856954e-05, 5.87720678595e-05, 1.02580825114e-05, 7.56531790103e-06, 1.31831948238e-05, 2.15015079448e-05, 1.01634650491e-05, 1.48064611949e-06, 2.12628128793e-06, 1.78790696737e-06, 1.51223082412e-06, 1.61262266829e-06, 3.93940354115e-07, 2.68068248488e-07, 8.96612064594e-08, 7.14935310953e-08, 4.72013930164e-08, 3.51932420983e-08, 6.51469918012e-08, 1.35400384238e-07, 1.92035457758e-07, 6.9947802217e-08, 1.68109668408e-08, 1.57597701556e-09],
        "max": [0.0204204581678, 0.150731354952, 0.0531146489084, 0.0369233265519, 0.0548446811736, 0.0437304712832, 0.0526526756585, 0.0631065964699, 0.062501706183, 0.0412987098098, 0.0335738733411, 0.0261212028563, 0.0208464022726, 0.0282551534474, 0.0285885892808, 0.0147798340768, 0.0101097254083, 0.00517947040498, 0.00424104835838, 0.00261863251217, 0.00224938220344, 0.00563306547701, 0.012304787524, 0.0155238574371, 0.0137928156182, 0.00164372078143, 0.000347095745383],
        "mean": [0.000214528001379, 0.00553474249318, 0.00332458899356, 0.00205289805308, 0.00404241587967, 0.0026156285312, 0.0014698819723, 0.00198688870296, 0.00243579200469, 0.00272281724028, 0.000682155776303, 0.00118834048044, 0.00101485173218, 0.00072274717968, 0.000920706486795, 0.000428397994256, 0.000412133027567, 0.000264160276856, 0.000224539893679, 0.000193012878299, 0.00017375004245, 0.000150289633893, 0.000153458793648, 0.000183041091077, 7.25576610421e-05, 3.34112082783e-05, 1.23746867757e-05],
        "median": [5.3880532505e-05, 0.00337434094399, 0.00212731654756, 0.00144962465856, 0.00261956220493, 0.00166906393133, 0.000655764713883, 0.000669458997436, 0.000796632200945, 0.00096993742045, 0.000188201767742, 0.000623928732239, 0.000481782743009, 0.000324621651089, 0.000532727164682, 0.000237080952502, 0.000245290342718, 0.000172223662958, 0.000115939423267, 0.00010891531565, 9.08538568183e-05, 6.66839187033e-05, 6.20851860731e-05, 6.39098434476e-05, 2.5856661523e-05, 1.26784452732e-05, 2.80013273368e-06],
        "min": [1.46323137043e-24, 6.47929405668e-24, 6.06425303519e-24, 1.08796761486e-23, 5.89726664323e-23, 2.67514471211e-23, 3.11920019545e-23, 4.01339643517e-23, 1.24348813444e-22, 9.88678867643e-23, 7.94045551526e-23, 4.48709983569e-23, 7.15040563888e-23, 1.41311291903e-22, 1.30724967882e-22, 1.21831097601e-22, 6.61613412914e-23, 1.75378584572e-22, 1.91051206031e-22, 1.89153484372e-22, 5.19313520525e-22, 5.33133000433e-22, 5.87782052772e-22, 7.07423398718e-22, 1.27780653731e-21, 1.87050254981e-21, 2.24768782146e-21],
        "var": [4.92858134749e-07, 0.000107690248115, 1.95663888007e-05, 5.97860162088e-06, 2.74861267826e-05, 1.06778907139e-05, 7.97362736193e-06, 1.4101625311e-05, 1.90282007679e-05, 1.69867289515e-05, 3.33838124789e-06, 3.29820295519e-06, 2.50228504228e-06, 1.65458743595e-06, 1.47418666074e-06, 4.08709297517e-07, 3.21500891687e-07, 1.00775324086e-07, 8.61507913896e-08, 5.50479768435e-08, 5.16148084273e-08, 6.41033466309e-08, 1.4365976142e-07, 2.26476515763e-07, 6.1735164536e-08, 5.92983262493e-09, 7.52275186588e-10]
    },
    "erbbands": {
        "dmean": [0.083007670939, 1.05709052086, 2.33443713188, 3.31541085243, 7.10992240906, 7.5973443985, 7.74557161331, 10.2301292419, 11.1093626022, 14.1781520844, 25.0861949921, 25.8007392883, 27.0324935913, 35.1366539001, 12.6831588745, 23.9614524841, 20.1538734436, 19.0062065125, 26.3138923645, 11.7141218185, 10.8341426849, 7.9674372673, 6.48848772049, 5.05329561234, 5.52697896957, 3.95210790634, 3.39564824104, 3.1072101593, 2.70515418053, 2.12681245804, 2.27401709557, 2.24921703339, 1.18107306957, 0.503185868263, 0.210649594665, 0.104548990726, 0.0535405240953, 0.00763427978382, 0.00153256545309, 0.00012023672025],
        "dmean2": [0.142694562674, 1.84878194332, 4.09452724457, 5.83611822128, 12.0130023956, 12.679898262, 12.091170311, 16.5272502899, 17.3145027161, 22.5921707153, 37.9001426697, 38.0211982727, 40.3254051208, 51.9226989746, 18.969953537, 37.1104888916, 30.7942142487, 28.8312110901, 40.4868125916, 18.0869579315, 16.7625865936, 12.423418045, 10.152340889, 7.96708726883, 8.85910892487, 6.16339969635, 5.16218519211, 4.63951063156, 3.94955277443, 3.14686107635, 3.31839370728, 3.29524183273, 1.73657822609, 0.724177360535, 0.309202820063, 0.164006754756, 0.0869949311018, 0.012437235564, 0.0024743466638, 0.000190000238945],
        "dvar": [0.0530305914581, 9.88747310638, 32.3770866394, 43.5867843628, 261.774627686, 185.777786255, 153.109893799, 447.022399902, 621.555175781, 1364.33056641, 3932.58984375, 4967.89746094, 3394.86108398, 5032.72265625, 784.449584961, 1901.23669434, 1578.61035156, 1482.05883789, 2469.99584961, 471.832275391, 445.53036499, 197.270614624, 112.402770996, 66.6607055664, 89.6154251099, 44.068523407, 30.1907024384, 42.1882820129, 40.4544868469, 33.388092041, 68.7473754883, 74.9985961914, 23.0748653412, 8.84533596039, 0.630089461803, 0.100405842066, 0.0332366526127, 0.000391056353692, 1.81584036909e-05, 9.8132311166e-08],
        "dvar2": [0.141531452537, 27.4453716278, 91.1606369019, 126.621025085, 683.940002441, 489.453033447, 371.580780029, 1113.16296387, 1417.87634277, 3234.96044922, 8214.13867188, 11068.0605469, 7401.37939453, 11053.4970703, 1602.97851562, 4415.265625, 3591.04614258, 3166.60424805, 5851.46728516, 1090.12512207, 980.62310791, 450.198638916, 248.510665894, 155.67288208, 216.362167358, 100.746261597, 64.6966781616, 82.7877960205, 84.0331192017, 65.9396514893, 137.837265015, 136.808319092, 43.0590515137, 16.6760196686, 1.23397040367, 0.253831744194, 0.0861948132515, 0.00102146912832, 4.72120227641e-05, 2.47663763275e-07],
        "max": [2.86809563637, 38.4873008728, 73.4054107666, 94.9282302856, 187.376571655, 183.779037476, 286.440826416, 514.695556641, 870.978942871, 1206.4050293, 1570.02941895, 1645.51147461, 1547.58227539, 1529.74365234, 1028.51452637, 1318.55053711, 1093.62353516, 1269.97875977, 1792.62329102, 639.04675293, 872.765380859, 390.342590332, 274.901611328, 160.575057983, 210.305328369, 110.1590271, 97.1077880859, 96.8841018677, 207.801864624, 253.230163574, 468.531494141, 417.959289551, 203.349777222, 214.85848999, 38.3873710632, 11.5663614273, 2.50725507736, 0.214290842414, 0.0695789605379, 0.00379266194068],
        "mean": [0.115335196257, 1.39590370655, 3.70232915878, 6.2317070961, 10.2688846588, 13.0732288361, 17.2642269135, 20.685213089, 23.7317428589, 22.8334579468, 51.7842941284, 54.6648864746, 62.4783554077, 85.574180603, 34.3109893799, 55.8934822083, 50.474822998, 42.2919578552, 53.4955978394, 28.2382450104, 24.8712882996, 18.7776432037, 15.0630493164, 11.8332872391, 11.8528680801, 9.12890434265, 8.04183197021, 6.32243680954, 5.4063835144, 4.53695249557, 4.58236885071, 4.42153644562, 2.4476339817, 1.01428246498, 0.428281396627, 0.160689279437, 0.0637606754899, 0.0109603116289, 0.0020335118752, 0.000189038953977],
        "median": [0.0678463801742, 0.826651155949, 2.35341286659, 4.73692035675, 6.20995664597, 8.06161022186, 10.8019018173, 11.5873756409, 11.7232093811, 9.4828710556, 20.2470340729, 21.1709423065, 29.636220932, 27.0712413788, 16.316198349, 33.1611328125, 25.8070793152, 22.5335121155, 31.5581474304, 18.7818508148, 15.195731163, 11.8550462723, 10.387969017, 7.17135763168, 5.96785593033, 5.25309801102, 4.43901824951, 3.0614771843, 2.30512452126, 2.06956982613, 1.73020136356, 1.44767999649, 0.898389577866, 0.340682893991, 0.165465041995, 0.067493416369, 0.0217739436775, 0.00327784894034, 0.000482459843624, 7.74252475821e-05],
        "min": [2.04381920344e-22, 1.32267280566e-21, 5.34979303507e-21, 2.49924479524e-20, 9.57210755283e-20, 2.72759679213e-19, 1.13799954383e-19, 3.08396041718e-19, 4.18516037577e-19, 7.76846310388e-19, 7.79118265338e-19, 3.58810063415e-18, 1.64271121336e-18, 5.47546788446e-18, 2.1123998748e-18, 1.79017352834e-18, 3.01304880821e-18, 5.47470232881e-18, 6.69795852535e-18, 1.00431670852e-17, 4.56504022865e-18, 4.45816559838e-18, 8.72297441985e-18, 1.00552174524e-17, 9.41137811386e-18, 9.43507187532e-18, 1.75966727278e-17, 2.33057111883e-17, 2.24625841879e-17, 1.56168936867e-17, 1.7146807243e-17, 1.61501720645e-17, 1.03319391458e-17, 1.31454616505e-17, 9.27796132568e-18, 7.23993139859e-18, 3.02601403713e-18, 1.16438502856e-18, 2.96739619321e-19, 3.88725450934e-20],
        "var": [0.0413887239993, 6.9467754364, 27.6594905853, 47.3961181641, 257.323791504, 264.036651611, 427.047210693, 978.048522949, 1630.6081543, 1998.33520508, 9962.77246094, 10395.0332031, 9335.04882812, 19915.9179688, 4017.52587891, 6025.90722656, 5989.84863281, 4158.07666016, 5329.60644531, 1255.09802246, 1220.00610352, 568.915222168, 315.414093018, 200.353820801, 241.792297363, 118.837936401, 97.447227478, 92.0207290649, 83.5116958618, 79.1831970215, 136.581817627, 148.136947632, 45.8116645813, 15.4929218292, 1.24659180641, 0.114353664219, 0.0278511028737, 0.000434517161921, 2.07830926229e-05, 1.25923421024e-07]
    },
    "gfcc": {
        "mean": [2.39269900322, 96.3154525757, -111.754692078, 19.1430301666, -53.2093467712, 19.1397571564, -34.8184776306, 2.11169457436, -20.0424880981, -1.61091041565, -13.3650140762, -2.62201142311, -8.76585483551],
        "cov": [[19718.6289062, -1446.82922363, -889.862365723, 51.4201126099, -812.71697998, 145.310256958, -169.364501953, 706.017150879, -253.928237915, 197.239852905, -518.487365723, -168.491271973, -349.060455322], [-1446.82922363, 1308.28515625, -57.1044845581, 72.0163650513, 248.026870728, -44.8210754395, 71.4215164185, -122.948677063, 31.8230113983, -98.5241775513, 92.4139480591, -79.0234527588, 73.19556427], [-889.862365723, -57.1044845581, 864.364074707, 243.954727173, 225.216552734, 118.145561218, 56.7068939209, 55.8624992371, -0.6644718647, 35.6887512207, -13.5146932602, 4.85743379593, -5.50484085083], [51.4201126099, 72.0163650513, 243.954727173, 439.421447754, 111.938194275, 33.8465232849, 26.5526599884, 44.4633102417, -8.76034450531, 4.94906044006, 4.02734184265, -58.525302887, -6.36865377426], [-812.71697998, 248.026870728, 225.216552734, 111.938194275, 342.916809082, 24.1881141663, 100.462463379, 11.116189003, 6.81929636002, 13.2227373123, 24.0772666931, -11.666103363, 22.6013469696], [145.310256958, -44.8210754395, 118.145561218, 33.8465232849, 24.1881141663, 240.687393188, 44.8479652405, 40.2913513184, -14.4093952179, 2.38322281837, -1.30084276199, 11.9052476883, 5.98630666733], [-169.364501953, 71.4215164185, 56.7068939209, 26.5526599884, 100.462463379, 44.8479652405, 174.800048828, 39.750038147, 7.32081460953, 10.921916008, 9.81527328491, -7.74419593811, 0.0389267094433], [706.017150879, -122.948677063, 55.8624992371, 44.4633102417, 11.116189003, 40.2913513184, 39.750038147, 163.554733276, 25.6855735779, 30.5330219269, -27.369052887, -9.17577171326, -13.1415519714], [-253.928237915, 31.8230113983, -0.6644718647, -8.76034450531, 6.81929636002, -14.4093952179, 7.32081460953, 25.6855735779, 105.588363647, 27.5179538727, 20.5699157715, 10.5906362534, 7.18317699432], [197.239852905, -98.5241775513, 35.6887512207, 4.94906044006, 13.2227373123, 2.38322281837, 10.921916008, 30.5330219269, 27.5179538727, 100.491783142, 32.5960159302, 19.0994968414, -13.5104055405], [-518.487365723, 92.4139480591, -13.5146932602, 4.02734184265, 24.0772666931, -1.30084276199, 9.81527328491, -27.369052887, 20.5699157715, 32.5960159302, 108.094917297, 35.7123374939, 18.6650810242], [-168.491271973, -79.0234527588, 4.85743379593, -58.525302887, -11.666103363, 11.9052476883, -7.74419593811, -9.17577171326, 10.5906362534, 19.0994968414, 35.7123374939, 106.67162323, 25.3882656097], [-349.060455322, 73.19556427, -5.50484085083, -6.36865377426, 22.6013469696, 5.98630666733, 0.0389267094433, -13.1415519714, 7.18317699432, -13.5104055405, 18.6650810242, 25.3882656097, 71.9691772461]],
        "icov": [[9.6836949524e-05, -3.32950148731e-05, 0.000132460234454, -8.01311762189e-05, 0.000148052640725, -6.04787492193e-05, 7.58031164878e-05, -0.000382103200536, 0.000311165727908, -0.000348362751538, 0.000410711712902, -8.50643118611e-05, 0.000222335540457], [-3.32950148731e-05, 0.00140004314017, 0.000158675917191, 2.69461397693e-05, -0.00101218104828, 7.86470918683e-05, -0.000199087458896, 0.000809540040791, -0.00081552437041, 0.00163176842034, -0.00155644956976, 0.00143436668441, -0.000826222123578], [0.000132460234454, 0.000158675917191, 0.00196881568991, -0.000895806995686, -0.000956350646447, -0.000740214833058, 0.000333546369802, -0.000409792177379, 0.000245377101237, -0.000750493258238, 0.00115660298616, -0.000713482964784, 0.0006256402703], [-8.01311762189e-05, 2.69461397693e-05, -0.000895806995686, 0.00324415671639, -0.000570903241169, 3.48403045791e-05, 0.00028814637335, -0.000542649242561, 0.000185211145435, 0.000533122860361, -0.00149951619096, 0.00210344837978, -0.000391878798837], [0.000148052640725, -0.00101218104828, -0.000956350646447, -0.000570903241169, 0.00546118570492, 0.000336020835675, -0.00212749233469, -0.000592529191636, 0.000979929347523, -0.00184416875709, 0.000919844489545, -0.000316662539262, -0.000797056709416], [-6.04787492193e-05, 7.86470918683e-05, -0.000740214833058, 3.48403045791e-05, 0.000336020835675, 0.00497438525781, -0.00119477231055, -0.000838347245008, 0.000824342598207, 0.000654700270388, -0.000642826547846, -0.000473188963952, -0.000724308774807], [7.58031164878e-05, -0.000199087458896, 0.000333546369802, 0.00028814637335, -0.00212749233469, -0.00119477231055, 0.00777641125023, -0.0021025291644, 0.000270375865512, -0.00023870068253, -0.000470009312266, 0.00035229610512, 0.00092634302564], [-0.000382103200536, 0.000809540040791, -0.000409792177379, -0.000542649242561, -0.000592529191636, -0.000838347245008, -0.0021025291644, 0.0103058414534, -0.00369986891747, -0.000752339488827, 0.0011982700089, 0.000815656792838, -0.000987617298961], [0.000311165727908, -0.00081552437041, 0.000245377101237, 0.000185211145435, 0.000979929347523, 0.000824342598207, 0.000270375865512, -0.00369986891747, 0.0125157264993, -0.00395786296576, 0.000195990054635, -0.000800796493422, -0.000438780349214], [-0.000348362751538, 0.00163176842034, -0.000750493258238, 0.000533122860361, -0.00184416875709, 0.000654700270388, -0.00023870068253, -0.000752339488827, -0.00395786296576, 0.0169004816562, -0.00770895602182, -4.5174605475e-05, 0.00261094397865], [0.000410711712902, -0.00155644956976, 0.00115660298616, -0.00149951619096, 0.000919844489545, -0.000642826547846, -0.000470009312266, 0.0011982700089, 0.000195990054635, -0.00770895602182, 0.0170277096331, -0.00536497170106, -0.000475841661682], [-8.50643118611e-05, 0.00143436668441, -0.000713482964784, 0.00210344837978, -0.000316662539262, -0.000473188963952, 0.00035229610512, 0.000815656792838, -0.000800796493422, -4.5174605475e-05, -0.00536497170106, 0.0147203784436, -0.00518226996064], [0.000222335540457, -0.000826222123578, 0.0006256402703, -0.000391878798837, -0.000797056709416, -0.000724308774807, 0.00092634302564, -0.000987617298961, -0.000438780349214, 0.00261094397865, -0.000475841661682, -0.00518226996064, 0.0184418596327]]
    },
    "melbands": {
        "dmean": [0.00098117464222, 0.00126103579532, 0.00060945644509, 0.000597568810917, 0.000251313584158, 0.000225682568271, 0.000169232094777, 0.000161331219715, 0.000212545463, 0.000167994614458, 0.000138266157592, 0.000153291242896, 4.42290292995e-05, 6.0928730818e-05, 4.97980181535e-05, 4.16704679083e-05, 3.69731569663e-05, 4.11491564591e-05, 2.44243910856e-05, 1.58606671903e-05, 1.46219335875e-05, 1.04022210508e-05, 7.82284496381e-06, 6.96762526786e-06, 4.24783684139e-06, 4.35856509284e-06, 3.45631315213e-06, 2.82345968117e-06, 2.50558400694e-06, 1.89316494925e-06, 2.01156422008e-06, 1.73514888502e-06, 1.3420731193e-06, 1.21644995943e-06, 1.41440580137e-06, 1.35054733619e-06, 1.49587799569e-06, 9.72044972514e-07, 6.01985391313e-07, 3.97312419409e-07],
        "dmean2": [0.00170340645127, 0.00219671754166, 0.0010666786693, 0.00100763665978, 0.000397218653234, 0.000362157588825, 0.000262354005827, 0.000255885446677, 0.000318199337926, 0.00024853576906, 0.00020565649902, 0.000226931035286, 6.54044415569e-05, 9.41653488553e-05, 7.64038632042e-05, 6.3904626586e-05, 5.61298802495e-05, 6.32639494142e-05, 3.77254436899e-05, 2.48071046371e-05, 2.27451255341e-05, 1.63488457474e-05, 1.23202407849e-05, 1.12186935439e-05, 6.77150092088e-06, 7.05138927515e-06, 5.5372688621e-06, 4.46619333161e-06, 3.87828640669e-06, 2.94652204502e-06, 3.0525643524e-06, 2.61298032456e-06, 2.03968011192e-06, 1.84262910352e-06, 2.1143430331e-06, 1.99407918444e-06, 2.23828192247e-06, 1.46833156123e-06, 8.92629714144e-07, 5.80880168854e-07],
        "dvar": [8.24661310617e-06, 1.11775925689e-05, 1.37102358622e-06, 1.60627394052e-06, 1.40537878224e-07, 1.92421836687e-07, 1.43400654906e-07, 1.69618800783e-07, 3.00499664263e-07, 1.9882904212e-07, 8.70455281188e-08, 9.61537267585e-08, 1.23791412676e-08, 1.17557830137e-08, 9.25253917927e-09, 5.87740078828e-09, 6.03787952969e-09, 6.71888100712e-09, 1.88109083865e-09, 1.06940689637e-09, 8.18596357366e-10, 3.77234854465e-10, 1.82017137473e-10, 1.31117158797e-10, 5.00959100591e-11, 5.71666464166e-11, 3.52368342837e-11, 2.29470539792e-11, 1.65649837597e-11, 1.11084995369e-11, 1.9315750388e-11, 1.59198244865e-11, 1.13139992167e-11, 1.28337574942e-11, 2.46808979504e-11, 3.31835357803e-11, 3.03840980154e-11, 1.45388171988e-11, 1.27164667685e-11, 5.1607190743e-12],
        "dvar2": [2.24897994485e-05, 3.07479640469e-05, 3.93452273784e-06, 4.16389093516e-06, 3.53258798214e-07, 4.75587086157e-07, 3.21671819847e-07, 4.09810297697e-07, 6.3770869474e-07, 4.43148763907e-07, 1.89591617072e-07, 2.11118873494e-07, 2.33616770373e-08, 2.71550568698e-08, 2.12515054443e-08, 1.34654492001e-08, 1.26852626181e-08, 1.5651430374e-08, 4.50201165236e-09, 2.50996778917e-09, 1.7876216063e-09, 8.72396599405e-10, 4.10760730984e-10, 3.16058679228e-10, 1.18626511392e-10, 1.40785022529e-10, 8.59710982959e-11, 5.40617758893e-11, 3.75092075455e-11, 2.49361781224e-11, 3.91891068208e-11, 3.43021062943e-11, 2.46989147884e-11, 2.6020649177e-11, 5.30246818675e-11, 6.28503013522e-11, 5.83949139044e-11, 2.95536962958e-11, 2.61092258924e-11, 9.65070211245e-12],
        "max": [0.035425145179, 0.0450790300965, 0.016505677253, 0.0147398235276, 0.00784193910658, 0.0103503484279, 0.0122884325683, 0.0150058120489, 0.0150913568214, 0.0110075352713, 0.00783019233495, 0.00641018524766, 0.00430604629219, 0.00336655485444, 0.00273707439192, 0.00221571186557, 0.00287944148295, 0.00271803047508, 0.00120685237925, 0.00136183039285, 0.00101971335243, 0.000545831338968, 0.000356833043043, 0.000311027251882, 0.000143341560033, 0.000190974285943, 0.000124872065498, 7.49552855268e-05, 8.52344965097e-05, 6.97811046848e-05, 6.55394615023e-05, 9.31444810703e-05, 0.000152354696183, 0.000174576038262, 0.000312204472721, 0.000255496997852, 0.000237930085859, 0.00018635528977, 0.000275493395748, 0.000144894525874],
        "mean": [0.00132967822719, 0.00199441146106, 0.00115629343782, 0.000899164821021, 0.000580027932301, 0.000475133041618, 0.000355915544787, 0.00026222289307, 0.000434650894022, 0.00034238450462, 0.000310152885504, 0.000361882295692, 0.000103974984086, 0.000140408490552, 0.000120906923257, 9.56333678914e-05, 7.46405712562e-05, 8.05788658909e-05, 5.30192992301e-05, 3.20417202602e-05, 2.99195507978e-05, 2.12440845644e-05, 1.51126623678e-05, 1.3591289644e-05, 8.84076780494e-06, 8.61761145643e-06, 7.27658380129e-06, 5.83079463468e-06, 5.43802570974e-06, 3.95802817366e-06, 3.61135221283e-06, 3.17040553455e-06, 2.63773836195e-06, 2.43405565925e-06, 2.68115081781e-06, 2.55345867117e-06, 2.78669676845e-06, 1.86499983101e-06, 1.16390788207e-06, 7.45607621866e-07],
        "median": [0.000819801352918, 0.0013510590652, 0.000931920600124, 0.000540758599527, 0.000388670072425, 0.000276049395325, 0.000171295774635, 0.000107563369966, 0.000165655801538, 0.00011884100968, 0.000134711022838, 0.000101109151728, 3.65980413335e-05, 7.34928325983e-05, 6.74450129736e-05, 4.93564693897e-05, 3.37377641699e-05, 4.46325539087e-05, 3.23287167703e-05, 1.76611356437e-05, 1.67770012922e-05, 1.22533092508e-05, 9.45903411775e-06, 8.36197614262e-06, 4.9209743338e-06, 4.18152148995e-06, 3.63877006748e-06, 3.24040752275e-06, 2.94423534797e-06, 1.96991686607e-06, 1.62196693054e-06, 1.28241072161e-06, 1.12807174446e-06, 1.09342590804e-06, 1.00252202628e-06, 8.3363943304e-07, 8.87502835667e-07, 6.83849975758e-07, 3.89887929941e-07, 2.41453619765e-07],
        "min": [1.65934367058e-24, 2.58530702341e-24, 5.64691366747e-24, 1.41233712166e-23, 6.03467587884e-24, 6.51349117692e-24, 6.30115743136e-24, 9.56738236689e-24, 7.61565844584e-24, 2.16895996381e-23, 6.85289463708e-24, 2.19105264455e-23, 8.08413296073e-24, 4.98912673481e-24, 4.72590751657e-24, 7.19970786773e-24, 1.14088172225e-23, 1.21196574176e-23, 1.05153738716e-23, 1.19309500562e-23, 4.11447405071e-24, 3.95060397486e-24, 5.65693575084e-24, 9.65329641922e-24, 8.00595368958e-24, 6.33084384495e-24, 5.63549135599e-24, 6.54523375645e-24, 1.10546265647e-23, 9.26298460939e-24, 1.48030395731e-23, 1.3079889677e-23, 9.12280165995e-24, 9.48173258297e-24, 1.09879591407e-23, 8.09320486114e-24, 1.03186572054e-23, 6.58706941684e-24, 9.31204308023e-24, 1.17072732797e-23],
        "var": [5.98280712438e-06, 8.94147433428e-06, 1.42230112488e-06, 1.74335843894e-06, 3.9986991851e-07, 4.55656078202e-07, 3.80595224669e-07, 2.49863290946e-07, 7.0856435741e-07, 4.09083042996e-07, 2.40590537715e-07, 3.74845683382e-07, 6.3348061019e-08, 4.90434644007e-08, 2.78764158423e-08, 1.8519621392e-08, 1.59613584572e-08, 1.43049661006e-08, 4.55611370853e-09, 2.28918572986e-09, 2.19011542235e-09, 9.34353261428e-10, 4.10314338062e-10, 2.98111535457e-10, 1.285231227e-10, 1.39098718654e-10, 9.00412591709e-11, 5.28009649892e-11, 4.73166505977e-11, 2.80062587704e-11, 3.61754619316e-11, 3.00654501295e-11, 2.24375396735e-11, 2.83569868975e-11, 4.5738513671e-11, 6.12314365878e-11, 5.65452094869e-11, 2.52906029452e-11, 2.01310582787e-11, 9.03304861466e-12]
    },
    "mfcc": {
        "mean": [-638.477050781, 128.024093628, 1.72417211533, 8.51728153229, 5.5524225235, 10.4436702728, -0.617468714714, 3.53386211395, -2.06095457077, 3.53355145454, -3.51659798622, 0.543221771717, -4.78514003754],
        "cov": [[13639.1142578, -318.687133789, -266.30847168, 191.376968384, -332.724121094, -261.633850098, 89.3865356445, 62.209148407, 214.393508911, 355.421325684, -82.1891098022, 19.6403465271, -205.706985474], [-318.687133789, 1031.82263184, -127.64541626, -12.4282989502, 60.3471832275, 16.1978607178, 17.7508182526, -17.7161769867, -20.6957359314, -42.1551132202, 5.04806613922, -20.8230838776, -16.9424915314], [-266.30847168, -127.64541626, 491.714782715, 84.6344680786, 126.086433411, 85.2847518921, 54.0500717163, 37.7681884766, 36.1665077209, 11.323679924, 23.1015338898, 20.4629383087, 0.227472871542], [191.376968384, -12.4282989502, 84.6344680786, 374.552215576, 104.617828369, 6.31773090363, 58.4838638306, 5.38462114334, 41.2437210083, 42.6717529297, 16.9538249969, 34.2370681763, 25.0667915344], [-332.724121094, 60.3471832275, 126.086433411, 104.617828369, 216.783966064, 54.0964546204, 50.8975105286, 17.2939243317, 32.8497467041, 9.600689888, 10.4418992996, 18.2538070679, 9.67814826965], [-261.633850098, 16.1978607178, 85.2847518921, 6.31773090363, 54.0964546204, 159.026153564, 70.7260971069, 31.1966457367, -1.57523059845, 8.4168510437, 11.5128974915, -7.60515069962, 4.72497987747], [89.3865356445, 17.7508182526, 54.0500717163, 58.4838638306, 50.8975105286, 70.7260971069, 178.484832764, 50.6421279907, 33.8896865845, 35.9389686584, 15.1723718643, 1.6495398283, 4.80848073959], [62.209148407, -17.7161769867, 37.7681884766, 5.38462114334, 17.2939243317, 31.1966457367, 50.6421279907, 109.727355957, 50.0947570801, 20.3399124146, 6.45942020416, 8.93901920319, 3.32547307014], [214.393508911, -20.6957359314, 36.1665077209, 41.2437210083, 32.8497467041, -1.57523059845, 33.8896865845, 50.0947570801, 116.225273132, 45.3211860657, 11.6435928345, 3.50065755844, -5.03612232208], [355.421325684, -42.1551132202, 11.323679924, 42.6717529297, 9.600689888, 8.4168510437, 35.9389686584, 20.3399124146, 45.3211860657, 112.903564453, 35.2050743103, 4.21937465668, -6.0258231163], [-82.1891098022, 5.04806613922, 23.1015338898, 16.9538249969, 10.4418992996, 11.5128974915, 15.1723718643, 6.45942020416, 11.6435928345, 35.2050743103, 83.8508453369, 35.93983078, 9.46276378632], [19.6403465271, -20.8230838776, 20.4629383087, 34.2370681763, 18.2538070679, -7.60515069962, 1.6495398283, 8.93901920319, 3.50065755844, 4.21937465668, 35.93983078, 90.8797531128, 37.5073661804], [-205.706985474, -16.9424915314, 0.227472871542, 25.0667915344, 9.67814826965, 4.72497987747, 4.80848073959, 3.32547307014, -5.03612232208, -6.0258231163, 9.46276378632, 37.5073661804, 82.8722229004]],
