{
"lowlevel": {
    "average_loudness": 0.527949631214,
    "barkbands_crest": {
        "dmean": 1.70064258575,
        "dmean2": 2.64395713806,
        "dvar": 3.69905400276,
        "dvar2": 8.64473152161,
        "max": 26.6766338348,
        "mean": 8.29003715515,
        "median": 7.06080150604,
        "min": 2.16369080544,
        "var": 18.1063308716
    },
    "barkbands_flatness_db": {
        "dmean": 0.0152724031359,
        "dmean2": 0.0215033311397,
        "dvar": 0.000381743564503,
        "dvar2": 0.000695603550412,
        "max": 0.458350270987,
        "mean": 0.130772918463,
        "median": 0.115790992975,
        "min": 0.0183190368116,
        "var": 0.00422715255991
    },
    "barkbands_kurtosis": {
        "dmean": 1.44679665565,
        "dmean2": 2.15857338905,
        "dvar": 11.7310333252,
        "dvar2": 22.7179660797,
        "max": 168.794631958,
        "mean": 2.2087187767,
        "median": 0.110052227974,
        "min": -1.9007294178,
        "var": 36.6994895935
    },
    "barkbands_skewness": {
        "dmean": 0.328145474195,
        "dmean2": 0.497338831425,
        "dvar": 0.173838824034,
        "dvar2": 0.382538974285,
        "max": 6.79076528549,
        "mean": 0.921522080898,
        "median": 0.724025130272,
        "min": -4.82549333572,
        "var": 0.912788689137
    },
    "barkbands_spread": {
        "dmean": 3.48721623421,
        "dmean2": 5.22236061096,
        "dvar": 26.4650630951,
        "dvar2": 56.1395454407,
        "max": 93.4017715454,
        "mean": 21.2047805786,
        "median": 21.2503948212,
        "min": 0.220747217536,
        "var": 140.856124878
    },
    "dissonance": {
        "dmean": 0.0173451639712,
        "dmean2": 0.0286205522716,
        "dvar": 0.000398476084229,
        "dvar2": 0.00100544549059,
        "max": 0.500000119209,
        "mean": 0.460720062256,
        "median": 0.474560886621,
        "min": 0.0288820937276,
        "var": 0.00173591333441
    },
    "dynamic_complexity": 7.31779193878,
    "erbbands_crest": {
        "dmean": 2.11509180069,
        "dmean2": 3.26641058922,
        "dvar": 4.92723464966,
        "dvar2": 11.1185121536,
        "max": 33.9727401733,
        "mean": 9.51385307312,
        "median": 7.85641002655,
        "min": 2.22219157219,
        "var": 29.4707183838
    },
    "erbbands_flatness_db": {
        "dmean": 0.0154524901882,
        "dmean2": 0.0213016029447,
        "dvar": 0.000382215803256,
        "dvar2": 0.000684620055836,
        "max": 0.501261174679,
        "mean": 0.186947911978,
        "median": 0.17701613903,
        "min": 0.035621907562,
        "var": 0.00461996346712
    },
    "erbbands_kurtosis": {
        "dmean": 0.993660390377,
        "dmean2": 1.43065774441,
        "dvar": 6.55926132202,
        "dvar2": 10.4586029053,
        "max": 97.0325088501,
        "mean": 1.25386667252,
        "median": 0.222389698029,
        "min": -1.87149477005,
        "var": 20.162153244
    },
    "erbbands_skewness": {
        "dmean": 0.276381611824,
        "dmean2": 0.410160273314,
        "dvar": 0.105045206845,
        "dvar2": 0.215889915824,
        "max": 7.31019735336,
        "mean": 0.382336378098,
        "median": 0.222933158278,
        "min": -3.54337096214,
        "var": 0.653032362461
    },
    "erbbands_spread": {
        "dmean": 4.78803777695,
        "dmean2": 7.17458724976,
        "dvar": 38.931388855,
        "dvar2": 80.2942733765,
        "max": 133.892929077,
        "mean": 27.9751834869,
        "median": 25.5376338959,
        "min": 0.581528186798,
        "var": 240.899871826
    },
    "hfc": {
        "dmean": 3.52184891701,
        "dmean2": 5.24277877808,
        "dvar": 38.4364891052,
        "dvar2": 81.3060455322,
        "max": 169.419570923,
        "mean": 20.2384529114,
        "median": 16.7966537476,
        "min": 1.12445648686e-16,
        "var": 408.042999268
    },
    "melbands_crest": {
        "dmean": 2.17808055878,
        "dmean2": 3.42004275322,
        "dvar": 5.54217910767,
        "dvar2": 12.7990255356,
        "max": 34.1801643372,
        "mean": 12.0947799683,
        "median": 10.8923873901,
        "min": 2.04777216911,
        "var": 28.7471942902
    },
    "melbands_flatness_db": {
        "dmean": 0.0169042907655,
        "dmean2": 0.0240407977253,
        "dvar": 0.000498906709254,
        "dvar2": 0.000932423397899,
        "max": 0.500074505806,
        "mean": 0.179512053728,
        "median": 0.163667693734,
        "min": 0.00759780080989,
        "var": 0.00479955133051
    },
    "melbands_kurtosis": {
        "dmean": 2.64758038521,
        "dmean2": 4.05124473572,
        "dvar": 32.1646461487,
        "dvar2": 70.4614486694,
        "max": 195.20741272,
        "mean": 5.84359741211,
        "median": 2.42767262459,
        "min": -1.84224462509,
        "var": 120.74307251
    },
    "melbands_skewness": {
        "dmean": 0.394987165928,
        "dmean2": 0.59983587265,
        "dvar": 0.262121468782,
        "dvar2": 0.572051107883,
        "max": 11.9743041992,
        "mean": 1.6016664505,
        "median": 1.36184120178,
        "min": -3.53297781944,
        "var": 1.48335623741
    },
    "melbands_spread": {
        "dmean": 5.06902217865,
        "dmean2": 7.61269521713,
        "dvar": 70.7324447632,
        "dvar2": 138.726669312,
        "max": 226.450057983,
        "mean": 27.6161670685,
        "median": 27.867729187,
        "min": 0.560874819756,
        "var": 299.936523438
    },
    "pitch_salience": {
        "dmean": 0.0494221821427,
        "dmean2": 0.0780773758888,
        "dvar": 0.0024698683992,
        "dvar2": 0.00592606049031,
        "max": 0.962192714214,
        "mean": 0.581200659275,
        "median": 0.587648630142,
        "min": 0.0866297855973,
        "var": 0.0114736482501
    },
    "silence_rate_20dB": {
        "dmean": 0,
        "dmean2": 0,
        "dvar": 0,
        "dvar2": 0,
        "max": 1,
        "mean": 1,
        "median": 1,
        "min": 1,
        "var": 0
    },
    "silence_rate_30dB": {
        "dmean": 0,
        "dmean2": 0,
        "dvar": 0,
        "dvar2": 0,
        "max": 1,
        "mean": 1,
        "median": 1,
        "min": 1,
        "var": 0
    },
    "silence_rate_60dB": {
        "dmean": 0.00967812910676,
        "dmean2": 0.0193576775491,
        "dvar": 0.00958388857543,
        "dvar2": 0.0213338546455,
        "max": 1,
        "mean": 0.346847504377,
        "median": 0,
        "min": 0,
        "var": 0.226576387882
    },
    "spectral_centroid": {
        "dmean": 167.393798828,
        "dmean2": 250.475662231,
        "dvar": 59073.4414062,
        "dvar2": 104986.460938,
        "max": 10936.1630859,
        "mean": 1425.68920898,
        "median": 1448.71520996,
        "min": 232.058746338,
        "var": 378221.6875
    },
    "spectral_complexity": {
        "dmean": 2.31615209579,
        "dmean2": 3.71154117584,
        "dvar": 7.41015577316,
        "dvar2": 17.3090400696,
        "max": 56,
        "mean": 20.1622428894,
        "median": 25,
        "min": 0,
        "var": 223.576629639
    },
    "spectral_decrease": {
        "dmean": 1.01587327439e-09,
        "dmean2": 1.62870095188e-09,
        "dvar": 4.57736397901e-18,
        "dvar2": 1.1785579205e-17,
        "max": -5.81980098563e-29,
        "mean": -4.81109907469e-09,
        "median": -4.47097114886e-09,
        "min": -3.03537426305e-08,
        "var": 2.06618351554e-17
    },
    "spectral_energy": {
        "dmean": 0.00408419175074,
        "dmean2": 0.0065244268626,
        "dvar": 7.05426864442e-05,
        "dvar2": 0.000180568138603,
        "max": 0.121748901904,
        "mean": 0.0199938602746,
        "median": 0.0186108350754,
        "min": 1.04188107588e-20,
        "var": 0.000352606351953
    },
    "spectral_energyband_high": {
        "dmean": 0.000174597458681,
        "dmean2": 0.000251695571933,
        "dvar": 3.0229409731e-07,
        "dvar2": 5.77178070671e-07,
        "max": 0.0215778686106,
        "mean": 0.000569910334889,
        "median": 0.000282618391793,
        "min": 7.61050511416e-21,
        "var": 1.05579454157e-06
    },
    "spectral_energyband_low": {
        "dmean": 0.00170548388269,
        "dmean2": 0.00282870815136,
        "dvar": 3.74535193259e-05,
        "dvar2": 9.87806051853e-05,
        "max": 0.0863618254662,
        "mean": 0.00450511882082,
        "median": 0.00355516420677,
        "min": 7.2309931446e-23,
        "var": 4.53254433523e-05
    },
    "spectral_energyband_middle_high": {
        "dmean": 0.00161729520187,
        "dmean2": 0.0023968401365,
        "dvar": 7.96849508333e-06,
        "dvar2": 1.75295099325e-05,
        "max": 0.0813530236483,
        "mean": 0.00787627603859,
        "median": 0.00580060342327,
        "min": 1.45032286946e-21,
        "var": 7.25159334252e-05
    },
    "spectral_energyband_middle_low": {
        "dmean": 0.00233775796369,
        "dmean2": 0.00370857468806,
        "dvar": 2.54717051575e-05,
        "dvar2": 6.55996773276e-05,
        "max": 0.0850929245353,
        "mean": 0.00811691209674,
        "median": 0.00589154986665,
        "min": 3.49056359789e-22,
        "var": 8.39798885863e-05
    },
    "spectral_entropy": {
        "dmean": 0.124294489622,
        "dmean2": 0.170964121819,
        "dvar": 0.0339538268745,
        "dvar2": 0.0593457706273,
        "max": 9.78771591187,
        "mean": 7.45249605179,
        "median": 7.5905790329,
        "min": 4.30559873581,
        "var": 0.343441128731
    },
    "spectral_flux": {
        "dmean": 0.0125435199589,
        "dmean2": 0.0194971095771,
        "dvar": 0.00041104471893,
        "dvar2": 0.000860375293996,
        "max": 0.298222988844,
        "mean": 0.052941352129,
        "median": 0.0509818643332,
        "min": 1.02072572616e-10,
        "var": 0.00188154808711
    },
    "spectral_kurtosis": {
        "dmean": 2.41620230675,
        "dmean2": 4.0598077774,
        "dvar": 21.0692806244,
        "dvar2": 54.2959060669,
        "max": 109.25629425,
        "mean": 6.68021440506,
        "median": 4.46120643616,
        "min": -1.22576451302,
        "var": 69.4706115723
    },
    "spectral_rms": {
        "dmean": 0.000375949166482,
        "dmean2": 0.000578208710067,
        "dvar": 3.91010985368e-07,
        "dvar2": 9.54786059992e-07,
        "max": 0.0108985975385,
        "mean": 0.00368572911248,
        "median": 0.00426109274849,
        "min": 3.18821163046e-12,
        "var": 5.92157903156e-06
    },
    "spectral_rolloff": {
        "dmean": 316.619781494,
        "dmean2": 516.343994141,
        "dvar": 487991.25,
        "dvar2": 953370.0625,
        "max": 18410.8886719,
        "mean": 1694.18432617,
        "median": 1550.390625,
        "min": 107.666015625,
        "var": 1485203.5
    },
    "spectral_skewness": {
        "dmean": 0.255914270878,
        "dmean2": 0.409417629242,
        "dvar": 0.119650200009,
        "dvar2": 0.289716213942,
        "max": 8.12824726105,
        "mean": 1.73102974892,
        "median": 1.52915298939,
        "min": -0.278922080994,
        "var": 0.667042434216
    },
    "spectral_spread": {
        "dmean": 371715.5,
        "dmean2": 543018.4375,
        "dvar": 375117479936,
        "dvar2": 586399285248,
        "max": 41388464,
        "mean": 3878364.25,
        "median": 3657394.5,
        "min": 764146.6875,
        "var": 2.30888413594e+12
    },
    "spectral_strongpeak": {
        "dmean": 0.456797391176,
        "dmean2": 0.76506203413,
        "dvar": 0.814540922642,
        "dvar2": 1.99787116051,
        "max": 10.9179925919,
        "mean": 1.04073596001,
        "median": 0.393676638603,
        "min": 0,
        "var": 2.07466721535
    },
    "zerocrossingrate": {
        "dmean": 0.007343551144,
        "dmean2": 0.00849540624768,
        "dvar": 0.000143300669151,
        "dvar2": 0.000147166341776,
        "max": 0.50341796875,
        "mean": 0.0629249513149,
        "median": 0.05859375,
        "min": 0.0068359375,
        "var": 0.00108138064388
    },
    "barkbands": {
        "dmean": [2.99111397908e-05, 0.0011357977055, 0.000662119302433, 0.000399471784476, 0.000700473727193, 0.000689286214765, 0.000438982329797, 0.000404016696848, 0.000643014616799, 0.000636991288047, 0.000371613830794, 0.000567385286558, 0.000510456971824, 0.000505719974171, 0.000350914284354, 0.000213999810512, 0.000281968561467, 0.000143379074871, 0.000148639519466, 9.70263790805e-05, 6.17213154328e-05, 3.09345632559e-05, 3.89713641198e-05, 2.98345767078e-05, 1.73106691364e-05, 8.78194805409e-06, 4.60399223812e-06],
        "dmean2": [4.78274960187e-05, 0.00190391403157, 0.00109720032196, 0.000682925339788, 0.00117418845184, 0.00112146977335, 0.000724692188669, 0.00061420944985, 0.00095303368289, 0.000894316995982, 0.000546529598068, 0.000886083347723, 0.000778012676165, 0.000777035078499, 0.000566699658521, 0.000334541022312, 0.000461261923192, 0.000225134790526, 0.000237123254919, 0.000155662244651, 9.80933036772e-05, 4.75793058285e-05, 5.84240769967e-05, 4.45529585704e-05, 2.55643717537e-05, 1.43617617141e-05, 7.62265653975e-06],
        "dvar": [8.51736992047e-09, 2.09117042687e-05, 3.22335154124e-06, 1.32521176965e-06, 3.81134282179e-06, 2.43282920565e-06, 3.10016935146e-06, 1.21448010759e-06, 5.39703432878e-06, 4.35757101513e-06, 7.22742527159e-07, 1.47704361098e-06, 1.08742392513e-06, 1.18287994155e-06, 6.26357405054e-07, 2.25285461397e-07, 2.50155750336e-07, 6.84047236632e-08, 6.52441656257e-08, 3.49904141217e-08, 1.8615343933e-08, 1.30485728889e-08, 4.41538432483e-08, 2.08529886692e-08, 8.22145285184e-09, 9.55026058236e-10, 4.03359401435e-10],
        "dvar2": [1.9396789952e-08, 5.50780860067e-05, 8.6520340119e-06, 3.46208094015e-06, 1.06604711618e-05, 6.41474571239e-06, 8.21759294922e-06, 2.67574978352e-06, 1.26015811475e-05, 8.56091628521e-06, 1.50889457018e-06, 3.50723894371e-06, 2.6168270324e-06, 2.6815127967e-06, 1.48081198859e-06, 4.80278856685e-07, 6.43869839223e-07, 1.54099964789e-07, 1.60918119718e-07, 8.05609587928e-08, 4.40174900973e-08, 3.03301206372e-08, 8.38750935372e-08, 3.97696275911e-08, 1.77528942658e-08, 2.51916532079e-09, 1.05537700801e-09],
        "max": [0.00153891509399, 0.0563176870346, 0.0329594612122, 0.0385577790439, 0.0322453863919, 0.0409627631307, 0.0679311454296, 0.0415336452425, 0.080255009234, 0.0707442462444, 0.028915271163, 0.0392929464579, 0.0335914082825, 0.0251218583435, 0.0379699915648, 0.0158158652484, 0.00938187167048, 0.00935959350318, 0.00591028807685, 0.00542497029528, 0.00552574824542, 0.0062511973083, 0.0115708773956, 0.0071046166122, 0.00447405129671, 0.000587714137509, 0.000351857335772],
        "mean": [3.75394083676e-05, 0.00180273246951, 0.00207743351348, 0.000906371453311, 0.00138127012178, 0.0015218637418, 0.000856503727846, 0.000925317930523, 0.00152198143769, 0.00155146350153, 0.000883350148797, 0.00119722576346, 0.00109127385076, 0.00101253762841, 0.000703557569068, 0.000458791066194, 0.000620861828793, 0.000352050177753, 0.000387974228943, 0.00025037152227, 0.000154826397193, 7.42378542782e-05, 8.7132313638e-05, 7.77842869866e-05, 4.22636549047e-05, 1.24230009533e-05, 4.67723521069e-06],
        "median": [6.61922422296e-06, 0.000536158098839, 0.00137869198807, 0.000624727923423, 0.000695426366292, 0.000643690465949, 0.000268308154773, 0.000304633984342, 0.000462088792119, 0.000368085049558, 0.00035162671702, 0.000460332317743, 0.000519400811754, 0.000390065019019, 0.000289150892058, 0.00020518997917, 0.000323160755215, 0.00020617278642, 0.000252698140685, 0.000159499992151, 8.19074411993e-05, 2.58666004811e-05, 1.68375372596e-05, 1.30565076688e-05, 9.19094600249e-06, 1.19146488942e-06, 9.81130199307e-08],
        "min": [9.22909356718e-24, 5.64864734708e-23, 2.29389470527e-24, 4.36593411387e-24, 9.13231958232e-23, 5.79596301905e-23, 7.01363861493e-23, 3.25533613068e-23, 8.63137397484e-23, 3.95068704192e-23, 4.01069411326e-23, 7.86554212825e-23, 4.04514398453e-23, 4.15032911991e-23, 1.50753275363e-22, 2.40412239733e-22, 1.86536826439e-22, 1.54733148049e-22, 2.80487181512e-22, 4.93455190166e-22, 4.92642145941e-22, 4.59580467911e-22, 5.2022572141e-22, 9.57782757947e-22, 1.28964465106e-21, 1.73424696017e-21, 2.09558978438e-21],
        "var": [1.03083523939e-08, 1.99146670639e-05, 6.94213713359e-06, 1.94538438336e-06, 4.89880221721e-06, 7.03648402123e-06, 4.19931393481e-06, 4.38155666416e-06, 1.25597362057e-05, 1.539499317e-05, 3.070571438e-06, 4.88242403662e-06, 2.81852294393e-06, 3.15649845106e-06, 1.46805939494e-06, 6.83390908307e-07, 7.64551941757e-07, 2.53995835919e-07, 2.48059194519e-07, 1.17035504843e-07, 5.53083516763e-08, 2.64195048061e-08, 8.54113793025e-08, 5.26270476087e-08, 1.64018416626e-08, 1.1565449709e-09, 3.75261627328e-10]
    },
    "erbbands": {
        "dmean": [0.0235117562115, 0.286763608456, 0.65976858139, 1.196819067, 1.68959963322, 2.45357775688, 3.99750781059, 6.20463848114, 6.83275508881, 6.90570402145, 9.43162250519, 15.4909687042, 21.2573871613, 11.2661075592, 15.9289693832, 25.8438453674, 23.2289505005, 24.4331512451, 18.5329971313, 15.0198364258, 11.3057126999, 12.1455469131, 8.08200359344, 7.79097175598, 6.65281152725, 4.26888847351, 3.45415353775, 1.7472217083, 1.17282736301, 1.03452074528, 1.22315001488, 0.768142580986, 0.448984593153, 0.242946699262, 0.107348553836, 0.0452763959765, 0.0153775727376, 0.00415819976479, 0.000730362313334, 4.95485510328e-05],
        "dmean2": [0.0399181433022, 0.482065945864, 1.10177326202, 2.02525424957, 2.83745789528, 4.22974395752, 6.58504247665, 10.2311439514, 10.9969835281, 11.3911180496, 13.9498119354, 22.8115901947, 29.5544929504, 16.5417118073, 23.3164253235, 40.5169715881, 35.1210403442, 37.4749221802, 29.3417949677, 23.4672050476, 18.0781517029, 19.6322078705, 12.6694288254, 12.3459253311, 10.836722374, 6.82824230194, 5.50481271744, 2.78131937981, 1.81898617744, 1.55916321278, 1.87199378014, 1.16150248051, 0.662550449371, 0.357292175293, 0.163891971111, 0.0712180808187, 0.0259498190135, 0.00706480210647, 0.00121574837249, 7.95460800873e-05],
        "dvar": [0.0102321086451, 1.29689264297, 3.79886269569, 12.1323776245, 21.9725494385, 53.644947052, 76.7699050903, 231.187698364, 641.752929688, 488.461029053, 886.841796875, 3421.56494141, 5095.52099609, 1128.48034668, 1057.26513672, 3190.26904297, 2268.02075195, 2769.89672852, 1989.30395508, 1007.69073486, 496.434173584, 556.487854004, 222.392990112, 211.631317139, 148.089004517, 63.7644577026, 61.6864967346, 19.8800239563, 18.399810791, 15.2623882294, 48.1257476807, 17.1451625824, 4.06642961502, 2.03729391098, 0.178822264075, 0.0187449753284, 0.00392567319795, 0.000324878754327, 1.04935343188e-05, 4.92396594609e-08],
        "dvar2": [0.0272614788264, 3.41844272614, 10.1631002426, 31.9359722137, 61.2363357544, 152.711929321, 202.848724365, 606.151245117, 1643.38745117, 1324.02355957, 1946.85949707, 7995.30078125, 9943.11914062, 2506.62817383, 2092.98950195, 7655.05908203, 5410.22460938, 6263.3359375, 4512.22167969, 2358.42944336, 1141.93981934, 1367.734375, 483.796264648, 491.601043701, 386.394897461, 144.416534424, 142.017471313, 47.4695625305, 43.7245826721, 30.4462585449, 93.2940979004, 34.0604362488, 7.92217159271, 4.34871768951, 0.392837315798, 0.0451584123075, 0.0109108379111, 0.000888250768185, 2.7439016776e-05, 1.273467376e-07],
        "max": [1.30572617054, 14.230512619, 36.2392272949, 103.864707947, 85.572265625, 109.262397766, 218.486572266, 359.085388184, 783.505310059, 892.326660156, 1139.59619141, 2096.20141602, 2139.74121094, 1774.69848633, 1017.27844238, 1604.79577637, 1393.60888672, 1096.26037598, 1961.28527832, 881.481445312, 737.387939453, 628.825683594, 643.225708008, 404.967132568, 238.471115112, 233.512420654, 305.437683105, 169.850021362, 231.830368042, 151.339279175, 387.049530029, 216.252182007, 105.614402771, 65.7184524536, 20.8979225159, 4.02241134644, 1.35416793823, 0.388663232327, 0.0576911270618, 0.00454554520547],
        "mean": [0.0300522707403, 0.490107029676, 2.0055539608, 3.36657643318, 3.54383850098, 4.17709636688, 8.3109960556, 12.8276014328, 14.089384079, 14.1715688705, 24.3952064514, 38.497631073, 54.7540054321, 26.1774120331, 42.0503082275, 57.1764564514, 53.922164917, 52.7080841064, 40.8709487915, 33.7270126343, 28.425868988, 29.5466098785, 21.6761760712, 20.2085418701, 17.7738246918, 11.3749818802, 8.78977680206, 4.33248567581, 2.78563785553, 2.44148850441, 2.67554974556, 1.81361603737, 1.11564183235, 0.571798145771, 0.254734158516, 0.0761661529541, 0.0198368560523, 0.00472467299551, 0.000767042045482, 7.23677731003e-05],
        "median": [0.0103940302506, 0.168925330043, 1.24421477318, 2.50072479248, 2.1693482399, 1.98627209663, 3.5439620018, 5.1377658844, 4.44083881378, 5.12544155121, 8.67734146118, 12.6965656281, 12.68242836, 10.7288208008, 19.9140625, 25.6736183167, 30.7102584839, 22.3374824524, 21.0828819275, 14.6443462372, 15.7796230316, 16.3288841248, 13.6524744034, 12.9149646759, 11.7742443085, 7.36745166779, 4.8651061058, 2.1552271843, 0.967218637466, 0.747837543488, 0.468457341194, 0.296614944935, 0.198343157768, 0.116930931807, 0.0581168197095, 0.010418554768, 0.00156421971042, 0.000212146580452, 3.0686493119e-05, 3.04148616124e-05],
        "min": [3.2805962899e-21, 5.9841395907e-21, 3.65484987675e-21, 1.53841102118e-20, 1.26315274599e-19, 2.88670239801e-19, 5.87002517844e-19, 4.04072119914e-19, 1.18425566463e-18, 4.36089929131e-19, 1.0525648922e-18, 1.52599985464e-18, 1.39396766341e-18, 2.64176879026e-18, 1.5595667405e-18, 3.11917773516e-18, 2.06863519616e-18, 1.86035463344e-18, 4.16059399046e-18, 1.06224780641e-17, 1.32577456284e-17, 1.07880142755e-17, 8.86266371862e-18, 1.15495357726e-17, 1.50217339272e-17, 2.37659313201e-17, 2.15621534234e-17, 1.91726751335e-17, 1.40793121661e-17, 1.81723590013e-17, 1.5946457332e-17, 2.03635869138e-17, 1.45329727556e-17, 1.36415491608e-17, 9.53378347372e-18, 5.8123256084e-18, 3.3860716957e-18, 1.35271109978e-18, 2.90141096177e-19, 2.95648277288e-20],
        "var": [0.00948566384614, 1.23822081089, 7.19722509384, 20.1522598267, 27.4984989166, 60.2727012634, 216.085571289, 589.081542969, 1239.62805176, 953.571777344, 3246.25634766, 8061.32910156, 21187.9765625, 2573.3918457, 5772.56933594, 10762.6220703, 6245.26855469, 7873.1796875, 4763.296875, 3088.61181641, 1768.75976562, 1916.97766113, 898.964904785, 778.91217041, 525.982910156, 224.094421387, 185.833526611, 48.2872314453, 35.4953536987, 34.3082046509, 90.2166900635, 35.0321769714, 10.6671552658, 3.67408180237, 0.438037335873, 0.0342714823782, 0.0036675198935, 0.00028563401429, 9.79173910309e-06, 4.98026118123e-08]
    },
    "gfcc": {
        "mean": [-61.2516136169, 96.8112869263, -143.404403687, 15.9107017517, -64.7340545654, 8.28519535065, -35.7849349976, 2.32846426964, -24.5894203186, -1.60917043686, -12.8762397766, -7.64378547668, -10.4654741287],
        "cov": [[22109.8476562, -1240.27258301, 290.601165771, 2690.78442383, 2025.46887207, 1651.82141113, -92.0852127075, 901.209960938, -485.020019531, 61.4216537476, 3.62812304497, -61.1567993164, -167.730987549], [-1240.27258301, 1483.4979248, -365.636474609, -150.898925781, 126.098602295, -152.690200806, 112.234237671, -111.603965759, 46.9906387329, -87.8224029541, 161.389099121, -116.821029663, 118.780563354], [290.601165771, -365.636474609, 1297.81445312, 154.705581665, 38.1181755066, 199.210861206, -110.0417099, 43.6927986145, -74.3422546387, 55.0215644836, -175.161819458, 119.576675415, -100.919281006], [2690.78442383, -150.898925781, 154.705581665, 689.933044434, 304.683166504, 259.387878418, -31.3276081085, 135.270965576, -58.1506614685, -2.6356317997, -11.1095838547, -8.78083705902, -28.5532436371], [2025.46887207, 126.098602295, 38.1181755066, 304.683166504, 433.614074707, 164.668243408, 48.4026870728, 106.193489075, -27.4835338593, 9.96092510223, 42.8676605225, -20.9895401001, 3.19065785408], [1651.82141113, -152.690200806, 199.210861206, 259.387878418, 164.668243408, 311.268127441, 13.1706266403, 101.080245972, -47.0187339783, 12.8416948318, -34.3476104736, 16.1626491547, -28.2500362396], [-92.0852127075, 112.234237671, -110.0417099, -31.3276081085, 48.4026870728, 13.1706266403, 143.681045532, 30.7208881378, 39.7304649353, -5.06654787064, 35.3626327515, -21.8364067078, 13.557261467], [901.209960938, -111.603965759, 43.6927986145, 135.270965576, 106.193489075, 101.080245972, 30.7208881378, 150.465835571, 5.31026649475, 23.805524826, 5.71750164032, -6.33791589737, -18.1260585785], [-485.020019531, 46.9906387329, -74.3422546387, -58.1506614685, -27.4835338593, -47.0187339783, 39.7304649353, 5.31026649475, 112.289558411, 17.1507301331, 13.4073619843, -10.7823610306, 11.967373848], [61.4216537476, -87.8224029541, 55.0215644836, -2.6356317997, 9.96092510223, 12.8416948318, -5.06654787064, 23.805524826, 17.1507301331, 79.7208633423, 20.5217456818, 19.0448188782, -7.82939815521], [3.62812304497, 161.389099121, -175.161819458, -11.1095838547, 42.8676605225, -34.3476104736, 35.3626327515, 5.71750164032, 13.4073619843, 20.5217456818, 127.569473267, -7.46633338928, 28.231344223], [-61.1567993164, -116.821029663, 119.576675415, -8.78083705902, -20.9895401001, 16.1626491547, -21.8364067078, -6.33791589737, -10.7823610306, 19.0448188782, -7.46633338928, 82.1011505127, 5.54667949677], [-167.730987549, 118.780563354, -100.919281006, -28.5532436371, 3.19065785408, -28.2500362396, 13.557261467, -18.1260585785, 11.967373848, -7.82939815521, 28.231344223, 5.54667949677, 79.9768753052]],
        "icov": [[0.000161786694662, 0.00011514974176, 0.000118797426694, -0.000215017076698, -0.000457495276351, -0.000364680832718, 0.000237919317442, -0.000212934639421, 0.000290030089673, 2.69398460659e-05, -3.59799596481e-05, 0.000118175026728, 6.01648662268e-06], [0.00011514974176, 0.001346747973, -0.000156223934027, 0.000133511741296, -0.000938638171647, -0.000154422479682, -9.57890952122e-05, 0.000807058415376, -0.000130981643451, 0.001289810054, -0.00147977215238, 0.00169958581682, -0.00117574504111], [0.000118797426694, -0.000156223934027, 0.00145971984603, -0.000207753255381, -0.000450834078947, -0.000646633154247, 0.000544787035324, -0.00027486673207, 0.00052588438848, -0.00102790270466, 0.0017594267847, -0.00176025601104, 0.00120557949413], [-0.000215017076698, 0.000133511741296, -0.000207753255381, 0.00326073518954, -0.00091741932556, -0.000985467107967, 0.00124002341181, -0.000562533503398, -0.00054820778314, 0.00120947416872, -0.000536059611477, 0.000528602686245, -4.34345711255e-05], [-0.000457495276351, -0.000938638171647, -0.000450834078947, -0.00091741932556, 0.0057873558253, 0.0002251220576, -0.00178260810208, -0.000747029844206, 7.41517214919e-05, -0.000932645751163, -0.000634963565972, -2.19451612793e-05, -0.000357082666596], [-0.000364680832718, -0.000154422479682, -0.000646633154247, -0.000985467107967, 0.0002251220576, 0.0072405426763, -0.00225358013995, -0.00144205533434, 0.00129074754659, -0.000787399476394, 0.00168722949456, -0.0012360564433, 0.000120416167192], [0.000237919317442, -9.57890952122e-05, 0.000544787035324, 0.00124002341181, -0.00178260810208, -0.00225358013995, 0.0106986742467, -0.00232064793818, -0.00300787761807, 0.00223639025353, -0.00188123143744, 0.000951258174609, -2.59458374785e-05], [-0.000212934639421, 0.000807058415376, -0.00027486673207, -0.000562533503398, -0.000747029844206, -0.00144205533434, -0.00232064793818, 0.0116127766669, -0.00175779114943, -0.00176847795956, -0.00103694584686, 0.00174065050669, 0.000688078522217], [0.000290030089673, -0.000130981643451, 0.00052588438848, -0.00054820778314, 7.41517214919e-05, 0.00129074754659, -0.00300787761807, -0.00175779114943, 0.0126089341938, -0.00409945240244, 0.0016985158436, 0.000870793825015, -0.00111289392225], [2.69398460659e-05, 0.001289810054, -0.00102790270466, 0.00120947416872, -0.000932645751163, -0.000787399476394, 0.00223639025353, -0.00176847795956, -0.00409945240244, 0.0185879357159, -0.00625598989427, -0.00163065327797, 0.0010093174642], [-3.59799596481e-05, -0.00147977215238, 0.0017594267847, -0.000536059611477, -0.000634963565972, 0.00168722949456, -0.00188123143744, -0.00103694584686, 0.0016985158436, -0.00625598989427, 0.0141602307558, -0.00281011359766, -0.000813948456198], [0.000118175026728, 0.00169958581682, -0.00176025601104, 0.000528602686245, -2.19451612793e-05, -0.0012360564433, 0.000951258174609, 0.00174065050669, 0.000870793825015, -0.00163065327797, -0.00281011359766, 0.0185129828751, -0.00509323459119], [6.01648662268e-06, -0.00117574504111, 0.00120557949413, -4.34345711255e-05, -0.000357082666596, 0.000120416167192, -2.59458374785e-05, 0.000688078522217, -0.00111289392225, 0.0010093174642, -0.000813948456198, -0.00509323459119, 0.016891207546]]
    },
    "melbands": {
        "dmean": [0.000272646168014, 0.000348077708622, 0.000197746179765, 0.000149989602505, 0.000131098582642, 0.00013758118439, 9.85552469501e-05, 7.60712937335e-05, 8.58120547491e-05, 9.66326188063e-05, 0.000106456238427, 4.75636225019e-05, 5.18689121236e-05, 6.37429038761e-05, 6.06613793934e-05, 4.71589155495e-05, 5.09792807861e-05, 3.28138121404e-05, 2.30643054238e-05, 1.98895486392e-05, 1.53809760377e-05, 1.5572839402e-05, 1.06274192149e-05, 7.93495200924e-06, 7.08554534867e-06, 5.44342492503e-06, 4.24462496085e-06, 3.04455124933e-06, 2.61220338871e-06, 1.5932783981e-06, 1.03672505247e-06, 7.90174738086e-07, 5.92498736296e-07, 6.2754247665e-07, 8.25418567274e-07, 5.96234031036e-07, 4.60844518102e-07, 3.40954926514e-07, 2.90942608672e-07, 2.04102377666e-07],
        "dmean2": [0.000460999784991, 0.000581279571634, 0.000335266347975, 0.000256693427218, 0.000216785367229, 0.000224166884436, 0.000158960159752, 0.000124553131172, 0.000126800761791, 0.000142584627611, 0.000148098450154, 7.00279488228e-05, 7.64516007621e-05, 9.8338983662e-05, 9.41235048231e-05, 7.17863149475e-05, 7.81955022831e-05, 5.14498933626e-05, 3.69025619875e-05, 3.09996175929e-05, 2.50553111982e-05, 2.53505222645e-05, 1.68782480614e-05, 1.27479497678e-05, 1.12829266072e-05, 8.83772736415e-06, 6.92941694069e-06, 4.87425131723e-06, 4.18167974203e-06, 2.54045858128e-06, 1.68332996964e-06, 1.26594522953e-06, 9.11584777441e-07, 9.61452769843e-07, 1.30008584165e-06, 8.85137296791e-07, 7.15034218501e-07, 5.17055070759e-07, 4.36021423411e-07, 3.10283837734e-07],
        "dvar": [1.3155186025e-06, 1.34495962811e-06, 2.8680310038e-07, 2.20597073053e-07, 8.41350882297e-08, 1.06701271818e-07, 1.38101455605e-07, 5.11685342985e-08, 7.63600596088e-08, 1.41354121297e-07, 1.32391434704e-07, 2.30080186014e-08, 1.32524204943e-08, 1.8486597142e-08, 1.74728036484e-08, 9.11532449521e-09, 1.32354252003e-08, 6.38662989161e-09, 2.66333000098e-09, 1.75826053717e-09, 9.40267863569e-10, 9.83843229108e-10, 3.90887960888e-10, 2.13773568292e-10, 1.86819087977e-10, 9.76092956462e-11, 6.09360270576e-11, 4.0441115734e-11, 3.82511348984e-11, 1.40202086052e-11, 8.19932403223e-12, 7.25027980361e-12, 5.24772629865e-12, 6.10087588088e-12, 1.90583260978e-11, 1.250970421e-11, 5.29799294713e-12, 2.35206710879e-12, 2.00616866869e-12, 1.44333373378e-12],
        "dvar2": [3.4850402244e-06, 3.53117638952e-06, 7.585481967e-07, 6.18914384631e-07, 2.29358803949e-07, 2.76591606507e-07, 3.55628259285e-07, 1.37589637461e-07, 1.73886732568e-07, 3.3081738593e-07, 2.59696321336e-07, 4.97547958389e-08, 2.70418887283e-08, 4.31818349966e-08, 4.30567475007e-08, 2.14858353331e-08, 2.97365705393e-08, 1.42805598458e-08, 6.47039355428e-09, 3.82357034923e-09, 2.25743979065e-09, 2.42821451835e-09, 9.3585539318e-10, 5.23062704261e-10, 4.35337266236e-10, 2.5111507318e-10, 1.56923793404e-10, 9.17281528512e-11, 8.79675221555e-11, 3.30336105692e-11, 2.00627379293e-11, 1.75155983467e-11, 1.19050923633e-11, 1.24816658745e-11, 3.79436239373e-11, 2.37940431247e-11, 1.10112188464e-11, 4.75677873826e-12, 4.32846857315e-12, 3.1829187723e-12],
        "max": [0.0141333658248, 0.018113926053, 0.0146507611498, 0.00752758886665, 0.006999976933, 0.00924721919, 0.0113416491076, 0.008854014799, 0.010896702297, 0.0146049633622, 0.0113299554214, 0.00709540117532, 0.00432508438826, 0.00361277954653, 0.00687723094597, 0.00233815098181, 0.00249877385795, 0.0033228227403, 0.00245970953256, 0.00138381286524, 0.000979972537607, 0.000861403008457, 0.000515827734489, 0.000351083348505, 0.000363721890608, 0.000179348120582, 0.000161663774634, 0.000225483323447, 0.000272357836366, 0.000149135608808, 0.000127522071125, 0.000133685403853, 0.000120787175547, 9.44587882259e-05, 0.000243229718762, 0.000194111809833, 0.000106024817796, 9.19064405025e-05, 6.24870299362e-05, 5.24439783476e-05],
        "mean": [0.000391547597246, 0.000965730461758, 0.000583034590818, 0.000273252982879, 0.000273931014817, 0.000298452418065, 0.000204120544367, 0.000156298294314, 0.000219541252591, 0.000235093481024, 0.000267316383542, 9.90571716102e-05, 0.000125004764413, 0.00014501993428, 0.000132252534968, 0.000104454738903, 0.00010057471809, 6.69349101372e-05, 4.78560505144e-05, 4.07359002565e-05, 3.33811512974e-05, 3.40075312124e-05, 2.24680115934e-05, 1.8360431568e-05, 1.60629697348e-05, 1.32316699819e-05, 1.05361305032e-05, 6.92751655151e-06, 6.11090445091e-06, 3.67063375961e-06, 2.14148099076e-06, 1.63266690834e-06, 1.30278499455e-06, 1.34126764806e-06, 1.68827557445e-06, 1.21020661936e-06, 1.06337574834e-06, 8.00944917501e-07, 6.32482112906e-07, 4.35910067154e-07],
        "median": [0.000129869949888, 0.000599675404374, 0.000487501529278, 0.000141191878356, 0.000123383608297, 0.000121731209219, 6.22521038167e-05, 5.41723056813e-05, 7.18676383258e-05, 7.26943544578e-05, 5.71966447751e-05, 3.39086000167e-05, 5.33951533725e-05, 5.75771337026e-05, 6.84689293848e-05, 4.81072784169e-05, 3.48914254573e-05, 3.12948432111e-05, 1.99167370738e-05, 1.56268033606e-05, 1.71683568624e-05, 1.73464177351e-05, 1.11361332529e-05, 1.10666278488e-05, 9.06025343284e-06, 7.89147998148e-06, 6.53580082144e-06, 3.95057486458e-06, 3.22726236845e-06, 1.80550466666e-06, 8.89255261427e-07, 5.19282593814e-07, 4.48374095185e-07, 3.65099595001e-07, 2.7816201964e-07, 1.99698888537e-07, 1.62043960472e-07, 1.40234035939e-07, 1.013651314e-07, 9.34594339697e-08],
        "min": [2.10771611635e-23, 3.40435684661e-24, 4.00357992895e-24, 1.59513559938e-23, 1.95692551209e-23, 1.02836380921e-23, 1.64056736109e-23, 4.07456360536e-24, 9.77679574937e-24, 1.07923334691e-23, 6.51591652977e-24, 1.01536069937e-23, 4.21343822899e-24, 9.79020007387e-24, 4.50446992174e-24, 4.58432907219e-24, 3.11071875743e-24, 4.75669951871e-24, 1.49017986475e-23, 1.39017581002e-23, 1.52276865538e-23, 1.05946993577e-23, 7.52842778466e-24, 9.83741261019e-24, 8.53323778496e-24, 1.27371722122e-23, 1.08721101836e-23, 1.70099237094e-23, 1.33502954181e-23, 1.30860790797e-23, 1.05685415189e-23, 8.11409389791e-24, 8.58054892889e-24, 1.01763537979e-23, 9.2506334142e-24, 1.05807925288e-23, 1.17932504409e-23, 9.70870048717e-24, 8.97533673549e-24, 1.3412148424e-23],
        "var": [1.2001921732e-06, 1.91119397641e-06, 5.08384630393e-07, 2.226131528e-07, 2.09746417568e-07, 3.15785428029e-07, 2.49456178381e-07, 1.09022813888e-07, 2.60132225094e-07, 3.1694813174e-07, 5.28810687683e-07, 4.8224883642e-08, 5.89713735621e-08, 6.99662550119e-08, 4.15233962769e-08, 2.76365668128e-08, 3.55971323529e-08, 1.45252307959e-08, 7.02497748861e-09, 5.46076206476e-09, 2.77613598776e-09, 3.06479308598e-09, 1.11917120016e-09, 6.59121868196e-10, 5.86124315749e-10, 3.17637000036e-10, 2.06238220946e-10, 1.08945019672e-10, 1.01924392537e-10, 3.6069158077e-11, 1.54270901609e-11, 1.2928473396e-11, 1.00686403659e-11, 1.21269721695e-11, 3.5444047003e-11, 2.27325450131e-11, 1.10384843627e-11, 5.8488799741e-12, 3.82366577636e-12, 2.37639595502e-12]
    },
    "mfcc": {
        "mean": [-692.420166016, 123.255203247, -19.2188911438, 6.73847532272, -7.6373167038, -0.4794947505, -2.08430886269, -2.6879336834, -5.19666814804, -0.461223632097, -2.14896178246, 0.24290342629, -4.29268741608],
        "cov": [[20409.2519531, -518.702880859, -1252.25720215, 1820.20898438, 1856.64611816, 1119.44421387, 1368.82067871, 883.244506836, 237.264450073, 627.959655762, -128.040893555, 293.549682617, 178.506561279], [-518.702880859, 994.156982422, -162.328384399, -36.5872802734, -1.69583177567, -30.1093959808, 47.1128387451, -47.3231124878, -32.166973114, -34.3856925964, 7.57114553452, -13.3326053619, 8.38927173615], [-1252.25720215, -162.328384399, 1007.48272705, -60.7105560303, 65.6737976074, 71.8831939697, -87.3907546997, 0.555824935436, 47.0230865479, -98.6053619385, 4.27622842789, -4.00805950165, -59.0198402405], [1820.20898438, -36.5872802734, -60.7105560303, 451.246063232, 263.639556885, 137.899414062, 141.720169067, 90.7834091187, 36.718547821, 50.5792884827, -11.367767334, 38.2487106323, 27.1351413727], [1856.64611816, -1.69583177567, 65.6737976074, 263.639556885, 381.091674805, 163.625961304, 170.832336426, 104.232284546, 47.5618438721, 64.9545593262, -16.782787323, 45.878616333, 20.6740169525], [1119.44421387, -30.1093959808, 71.8831939697, 137.899414062, 163.625961304, 207.673675537, 98.2366638184, 82.2999420166, 42.2501296997, 20.7870922089, -8.09594249725, 12.6900911331, 1.69516706467], [1368.82067871, 47.1128387451, -87.3907546997, 141.720169067, 170.832336426, 98.2366638184, 235.116378784, 98.0753173828, 13.9241228104, 74.7770996094, 7.4232416153, 34.8302230835, 31.2045688629], [883.244506836, -47.3231124878, 0.555824935436, 90.7834091187, 104.232284546, 82.2999420166, 98.0753173828, 136.166275024, 52.2950515747, 47.3548812866, 3.31909036636, 16.3258666992, 8.06325054169], [237.264450073, -32.166973114, 47.0230865479, 36.718547821, 47.5618438721, 42.2501296997, 13.9241228104, 52.2950515747, 96.6319122314, 35.5268287659, 9.50375843048, -0.161543264985, -1.67614710331], [627.959655762, -34.3856925964, -98.6053619385, 50.5792884827, 64.9545593262, 20.7870922089, 74.7770996094, 47.3548812866, 35.5268287659, 122.053825378, 30.6945343018, 20.014415741, 16.6120376587], [-128.040893555, 7.57114553452, 4.27622842789, -11.367767334, -16.782787323, -8.09594249725, 7.4232416153, 3.31909036636, 9.50375843048, 30.6945343018, 80.5021743774, 28.5134296417, 10.7576007843], [293.549682617, -13.3326053619, -4.00805950165, 38.2487106323, 45.878616333, 12.6900911331, 34.8302230835, 16.3258666992, -0.161543264985, 20.014415741, 28.5134296417, 77.761428833, 31.8848590851], [178.506561279, 8.38927173615, -59.0198402405, 27.1351413727, 20.6740169525, 1.69516706467, 31.2045688629, 8.06325054169, -1.67614710331, 16.6120376587, 10.7576007843, 31.8848590851, 86.591545105]],
