{
"lowlevel": {
    "average_loudness": 0.9270581007,
    "barkbands_crest": {
        "dmean": 1.98327386379,
        "dmean2": 3.22822809219,
        "dvar": 3.67502212524,
        "dvar2": 9.69203186035,
        "max": 24.5565929413,
        "mean": 8.71120929718,
        "median": 8.11995983124,
        "min": 2.3915989399,
        "var": 10.6812343597
    },
    "barkbands_flatness_db": {
        "dmean": 0.0167680028826,
        "dmean2": 0.025382688269,
        "dvar": 0.000328249239828,
        "dvar2": 0.000721549324226,
        "max": 0.348107635975,
        "mean": 0.13282944262,
        "median": 0.122495815158,
        "min": 0.037343211472,
        "var": 0.00226035597734
    },
    "barkbands_kurtosis": {
        "dmean": 2.1026070118,
        "dmean2": 3.26067948341,
        "dvar": 15.7402486801,
        "dvar2": 36.3779029846,
        "max": 77.183052063,
        "mean": 3.6212117672,
        "median": 1.42875123024,
        "min": -1.82790243626,
        "var": 44.1274719238
    },
    "barkbands_skewness": {
        "dmean": 0.404996335506,
        "dmean2": 0.616140067577,
        "dvar": 0.20891584456,
        "dvar2": 0.454665929079,
        "max": 7.23428630829,
        "mean": 1.48622024059,
        "median": 1.36653256416,
        "min": -4.8977189064,
        "var": 1.24603879452
    },
    "barkbands_spread": {
        "dmean": 4.31144332886,
        "dmean2": 6.71700239182,
        "dvar": 28.3152618408,
        "dvar2": 64.7906265259,
        "max": 120.557670593,
        "mean": 21.4857273102,
        "median": 20.0494251251,
        "min": 1.43601572514,
        "var": 150.181060791
    },
    "dissonance": {
        "dmean": 0.0165728460997,
        "dmean2": 0.0279032178223,
        "dvar": 0.000303382810671,
        "dvar2": 0.000834522827063,
        "max": 0.499999940395,
        "mean": 0.462314665318,
        "median": 0.469911038876,
        "min": 0.0806060135365,
        "var": 0.000800294568762
    },
    "dynamic_complexity": 2.5369746685,
    "erbbands_crest": {
        "dmean": 2.26238083839,
        "dmean2": 3.70733428001,
        "dvar": 5.29316091537,
        "dvar2": 13.4475307465,
        "max": 31.6503105164,
        "mean": 8.50311660767,
        "median": 7.34564590454,
        "min": 2.26257967949,
        "var": 17.3266506195
    },
    "erbbands_flatness_db": {
        "dmean": 0.0168637502939,
        "dmean2": 0.0242525544018,
        "dvar": 0.000377639807994,
        "dvar2": 0.000739753071684,
        "max": 0.37316057086,
        "mean": 0.161869391799,
        "median": 0.157001152635,
        "min": 0.0364586561918,
        "var": 0.00219023739919
    },
    "erbbands_kurtosis": {
        "dmean": 0.683464169502,
        "dmean2": 1.08197450638,
        "dvar": 1.13268053532,
        "dvar2": 2.70490312576,
        "max": 28.0410404205,
        "mean": 0.123726539314,
        "median": -0.367134690285,
        "min": -1.75326418877,
        "var": 3.09623599052
    },
    "erbbands_skewness": {
        "dmean": 0.285349041224,
        "dmean2": 0.442607760429,
        "dvar": 0.0728985518217,
        "dvar2": 0.169805139303,
        "max": 4.96191453934,
        "mean": 0.231242626905,
        "median": 0.231334686279,
        "min": -2.7984046936,
        "var": 0.546284019947
    },
    "erbbands_spread": {
        "dmean": 7.21172094345,
        "dmean2": 11.153883934,
        "dvar": 86.5719909668,
        "dvar2": 197.828384399,
        "max": 131.742538452,
        "mean": 39.8482398987,
        "median": 37.8612518311,
        "min": 4.14741516113,
        "var": 310.841888428
    },
    "hfc": {
        "dmean": 4.81652593613,
        "dmean2": 7.20683526993,
        "dvar": 46.5007743835,
        "dvar2": 110.138320923,
        "max": 106.122329712,
        "mean": 20.3628864288,
        "median": 15.5990848541,
        "min": 1.22116885589e-16,
        "var": 249.36088562
    },
    "melbands_crest": {
        "dmean": 2.35707378387,
        "dmean2": 3.84400868416,
        "dvar": 5.39427852631,
        "dvar2": 13.844742775,
        "max": 29.5077915192,
        "mean": 11.9939775467,
        "median": 11.4441261292,
        "min": 1.98256480694,
        "var": 14.7894411087
    },
    "melbands_flatness_db": {
        "dmean": 0.0190251283348,
        "dmean2": 0.0282425247133,
        "dvar": 0.000452352222055,
        "dvar2": 0.0009567674133,
        "max": 0.473829239607,
        "mean": 0.194037169218,
        "median": 0.183429896832,
        "min": 0.00559267913923,
        "var": 0.00415749847889
    },
    "melbands_kurtosis": {
        "dmean": 5.05228710175,
        "dmean2": 7.81388282776,
        "dvar": 88.0601425171,
        "dvar2": 192.887435913,
        "max": 177.713623047,
        "mean": 11.638502121,
        "median": 6.80001211166,
        "min": -1.79590582848,
        "var": 232.050857544
    },
    "melbands_skewness": {
        "dmean": 0.55685967207,
        "dmean2": 0.854565918446,
        "dvar": 0.461666941643,
        "dvar2": 0.986832141876,
        "max": 10.8042449951,
        "mean": 2.52284240723,
        "median": 2.29850101471,
        "min": -3.378469944,
        "var": 2.03545808792
    },
    "melbands_spread": {
        "dmean": 5.00658798218,
        "dmean2": 7.64229011536,
        "dvar": 46.529006958,
        "dvar2": 102.243621826,
        "max": 214.340209961,
        "mean": 23.8758811951,
        "median": 19.7768707275,
        "min": 1.28071451187,
        "var": 332.379821777
    },
    "pitch_salience": {
        "dmean": 0.0556825771928,
        "dmean2": 0.0910252705216,
        "dvar": 0.0025048207026,
        "dvar2": 0.00679105659947,
        "max": 0.937292218208,
        "mean": 0.58057141304,
        "median": 0.590291023254,
        "min": 0.166819065809,
        "var": 0.0089631807059
    },
    "silence_rate_20dB": {
        "dmean": 0,
        "dmean2": 0,
        "dvar": 0,
        "dvar2": 0,
        "max": 1,
        "mean": 1,
        "median": 1,
        "min": 1,
        "var": 0
    },
    "silence_rate_30dB": {
        "dmean": 0.00378823745996,
        "dmean2": 0.00757719250396,
        "dvar": 0.00377421779558,
        "dvar2": 0.010741122067,
        "max": 1,
        "mean": 0.997821986675,
        "median": 1,
        "min": 0,
        "var": 0.00217317324132
    },
    "silence_rate_60dB": {
        "dmean": 0.00795529875904,
        "dmean2": 0.015912104398,
        "dvar": 0.00789141096175,
        "dvar2": 0.0177451558411,
        "max": 1,
        "mean": 0.0263257566839,
        "median": 0,
        "min": 0,
        "var": 0.0256274864078
    },
    "spectral_centroid": {
        "dmean": 192.309326172,
        "dmean2": 284.970367432,
        "dvar": 45983.1445312,
        "dvar2": 89371.5,
        "max": 10981.1347656,
        "mean": 1300.44311523,
        "median": 1201.40490723,
        "min": 199.706878662,
        "var": 462185.5
    },
    "spectral_complexity": {
        "dmean": 2.68472385406,
        "dmean2": 4.28092432022,
        "dvar": 6.51513051987,
        "dvar2": 15.3439702988,
        "max": 50,
        "mean": 20.6878795624,
        "median": 20,
        "min": 0,
        "var": 93.7628173828
    },
    "spectral_decrease": {
        "dmean": 1.65725178025e-09,
        "dmean2": 2.52555443225e-09,
        "dvar": 6.23049311859e-18,
        "dvar2": 1.30453636974e-17,
        "max": 3.19796441376e-18,
        "mean": -6.1883977942e-09,
        "median": -5.39346967088e-09,
        "min": -3.54858187279e-08,
        "var": 1.64618702629e-17
    },
    "spectral_energy": {
        "dmean": 0.00656904513016,
        "dmean2": 0.00999137945473,
        "dvar": 9.39871679293e-05,
        "dvar2": 0.00019716504903,
        "max": 0.137279495597,
        "mean": 0.025203390047,
        "median": 0.0219431184232,
        "min": 1.07322071977e-20,
        "var": 0.000265342299826
    },
    "spectral_energyband_high": {
        "dmean": 0.000290969037451,
        "dmean2": 0.000444041535957,
        "dvar": 3.5798512954e-07,
        "dvar2": 8.49277114412e-07,
        "max": 0.012584881857,
        "mean": 0.00073993060505,
        "median": 0.000396391027607,
        "min": 8.00207658338e-21,
        "var": 1.01766318039e-06
    },
    "spectral_energyband_low": {
        "dmean": 0.00258559477516,
        "dmean2": 0.00391928898171,
        "dvar": 4.03799385822e-05,
        "dvar2": 8.38654377731e-05,
        "max": 0.0938405394554,
        "mean": 0.00613369513303,
        "median": 0.00401516538113,
        "min": 4.2018429992e-23,
        "var": 6.66008854751e-05
    },
    "spectral_energyband_middle_high": {
        "dmean": 0.00153480831068,
        "dmean2": 0.00234770658426,
        "dvar": 6.08183381701e-06,
        "dvar2": 1.50542246047e-05,
        "max": 0.0557616911829,
        "mean": 0.00589318759739,
        "median": 0.00366754550487,
        "min": 1.3209665437e-21,
        "var": 3.8884631067e-05
    },
    "spectral_energyband_middle_low": {
        "dmean": 0.00463036820292,
        "dmean2": 0.00730178132653,
        "dvar": 4.15349750256e-05,
        "dvar2": 9.94192741928e-05,
        "max": 0.0955583676696,
        "mean": 0.0139483483508,
        "median": 0.0118053779006,
        "min": 2.44802976423e-22,
        "var": 9.53662092797e-05
    },
    "spectral_entropy": {
        "dmean": 0.146225079894,
        "dmean2": 0.222258523107,
        "dvar": 0.0314235575497,
        "dvar2": 0.0694081261754,
        "max": 9.80027008057,
        "mean": 7.41734361649,
        "median": 7.52377986908,
        "min": 5.39980363846,
        "var": 0.209070071578
    },
    "spectral_flux": {
        "dmean": 0.0206111427397,
        "dmean2": 0.0330222025514,
        "dvar": 0.000651564274449,
        "dvar2": 0.0015781064285,
        "max": 0.297464191914,
        "mean": 0.0715957507491,
        "median": 0.0659274756908,
        "min": 1.03596367595e-10,
        "var": 0.00155911769252
    },
    "spectral_kurtosis": {
        "dmean": 1.94655811787,
        "dmean2": 3.23726677895,
        "dvar": 10.6753816605,
        "dvar2": 30.2444915771,
        "max": 67.4370803833,
        "mean": 5.31575155258,
        "median": 3.78788948059,
        "min": -1.12855756283,
        "var": 28.5085468292
    },
    "spectral_rms": {
        "dmean": 0.000606088200584,
        "dmean2": 0.000907162437215,
        "dvar": 5.88816476466e-07,
        "dvar2": 1.17831098123e-06,
        "max": 0.0115728657693,
        "mean": 0.00469843950123,
        "median": 0.00462686968967,
        "min": 3.23580680479e-12,
        "var": 2.5132517294e-06
    },
    "spectral_rolloff": {
        "dmean": 356.563781738,
        "dmean2": 589.593811035,
        "dvar": 445324.78125,
        "dvar2": 990431.0625,
        "max": 19595.2148438,
        "mean": 1520.86633301,
        "median": 1162.79296875,
        "min": 129.19921875,
        "var": 2477237
    },
    "spectral_skewness": {
        "dmean": 0.234081864357,
        "dmean2": 0.368920713663,
        "dvar": 0.0780613422394,
        "dvar2": 0.200055480003,
        "max": 6.06057214737,
        "mean": 1.59684598446,
        "median": 1.43195915222,
        "min": -0.0387570001185,
        "var": 0.437604308128
    },
    "spectral_spread": {
        "dmean": 584425.625,
        "dmean2": 839123.75,
        "dvar": 928837926912,
        "dvar2": 1.74226302566e+12,
        "max": 38555828,
        "mean": 4272465.5,
        "median": 3958688,
        "min": 1023381.0625,
        "var": 2.6640187392e+12
    },
    "spectral_strongpeak": {
        "dmean": 0.563983201981,
        "dmean2": 0.965225040913,
        "dvar": 1.14386725426,
        "dvar2": 2.9370059967,
        "max": 18.9617824554,
        "mean": 1.03751373291,
        "median": 0.581247091293,
        "min": 0,
        "var": 2.48379182816
    },
    "zerocrossingrate": {
        "dmean": 0.00813449081033,
        "dmean2": 0.00984789896756,
        "dvar": 0.000111641456897,
        "dvar2": 0.000137469760375,
        "max": 0.54931640625,
        "mean": 0.0601994842291,
        "median": 0.05517578125,
        "min": 0.005859375,
        "var": 0.00163453293499
    },
    "barkbands": {
        "dmean": [6.90908636898e-05, 0.000966508348938, 0.00129849405494, 0.00143934076186, 0.00233817379922, 0.000990031752735, 0.000899489270523, 0.000901758263353, 0.000518729095347, 0.000468397105578, 0.000424444093369, 0.000276906619547, 0.000339998950949, 0.000383256061468, 0.000314289936796, 0.000221068912651, 0.000316725112498, 0.000135869850055, 0.000191430182895, 0.000141305048601, 7.53059866838e-05, 5.05567804794e-05, 5.0472724979e-05, 4.04781276302e-05, 5.52085875825e-05, 1.63413751579e-05, 5.51560060558e-06],
        "dmean2": [0.00011519256077, 0.0014914420899, 0.00206042942591, 0.0023223136086, 0.0037498108577, 0.00156259757932, 0.00145127612632, 0.00145876896568, 0.000836738734506, 0.000716628681403, 0.00066949496977, 0.000449582294095, 0.000539962027688, 0.000610550516285, 0.000507950200699, 0.000365424348274, 0.000514450541232, 0.000214306914131, 0.000298566825222, 0.000222237591515, 0.000119744792755, 7.8955970821e-05, 7.76939632487e-05, 6.45682303002e-05, 8.72439777595e-05, 2.55602590187e-05, 8.64671801537e-06],
        "dvar": [1.52657094077e-07, 1.5244626411e-05, 1.00826655398e-05, 8.10105211713e-06, 1.61903662956e-05, 3.0617147786e-06, 3.87933278034e-06, 4.31760145148e-06, 1.87582827493e-06, 1.24664461509e-06, 1.09974348561e-06, 4.98779684222e-07, 1.20034906104e-06, 1.24141399738e-06, 9.28495239805e-07, 3.46952276686e-07, 7.08576180841e-07, 1.61687196965e-07, 1.38901256719e-07, 5.79413850232e-08, 2.25393108622e-08, 1.14972067422e-08, 2.56523016162e-08, 1.00741086584e-08, 3.79987028509e-08, 4.62151916736e-09, 3.61446456099e-10],
        "dvar2": [4.00181846771e-07, 3.36748562404e-05, 2.42431142397e-05, 1.96972869162e-05, 4.07218030887e-05, 7.81946164352e-06, 9.97772531264e-06, 1.07908799691e-05, 4.98537110616e-06, 3.0180228805e-06, 2.93174252874e-06, 1.33867899876e-06, 3.28108831127e-06, 2.92127583634e-06, 2.30011050917e-06, 8.71023985383e-07, 1.85465012237e-06, 3.82807627375e-07, 3.26777211512e-07, 1.40636529977e-07, 5.46526557343e-08, 2.61421426728e-08, 6.02413265938e-08, 2.49178881973e-08, 9.5591246918e-08, 1.09579021412e-08, 8.35341684713e-10],
        "max": [0.00925006903708, 0.0678605884314, 0.0500449165702, 0.0387010239065, 0.0630063787103, 0.0387552306056, 0.0629922822118, 0.0516036301851, 0.039313275367, 0.0253890678287, 0.0226995572448, 0.0229058712721, 0.0527299158275, 0.039812553674, 0.0414676256478, 0.0269798487425, 0.0227719135582, 0.024104654789, 0.0152043187991, 0.00625712424517, 0.00435709860176, 0.00341865746304, 0.00513031240553, 0.00186822249088, 0.00352263404056, 0.00110765057616, 0.000461497576907],
        "mean": [7.27348451619e-05, 0.00167422927916, 0.00311344140209, 0.00252726045437, 0.00464187562466, 0.00234902184457, 0.00171305425465, 0.00142601435073, 0.000869817624334, 0.000908605696168, 0.000710688414983, 0.000465843535494, 0.000619948783424, 0.000744465796743, 0.000584351306316, 0.000452757114545, 0.000663411687128, 0.000304264191072, 0.000443569471827, 0.000354144081939, 0.000188568476005, 0.00012646925461, 9.42545229918e-05, 6.51042646496e-05, 6.63646715111e-05, 1.74538108695e-05, 5.70699921809e-06],
        "median": [3.95433153244e-06, 0.000735363457352, 0.00170066440478, 0.0014667653013, 0.00309529900551, 0.00143265817314, 0.000821792869829, 0.000572686549276, 0.000298984989058, 0.000273927347735, 0.000198224195628, 0.000211153383134, 0.000203959498322, 0.000181429932127, 0.000178721849807, 0.00022239095415, 0.000318679842167, 0.000127838982735, 0.000171230494743, 0.000171189283719, 9.13123585633e-05, 5.08646771777e-05, 4.07262923545e-05, 2.6186931791e-05, 1.90200389625e-05, 2.51215124081e-06, 4.67086238132e-07],
        "min": [2.18577295629e-23, 2.5009717973e-23, 8.11231580543e-24, 3.9004261104e-24, 3.49391827622e-23, 7.9658568364e-23, 1.21952105708e-23, 5.61003986329e-23, 4.70237966118e-23, 4.59538898096e-23, 7.76671868276e-23, 8.4605887443e-23, 5.52126082592e-23, 6.94128303053e-23, 1.35523577214e-22, 1.77945803015e-22, 2.72690862875e-22, 1.45395672882e-22, 1.4633562905e-22, 3.16418571433e-22, 3.98520286196e-22, 5.72593766665e-22, 5.6005882999e-22, 9.38223854259e-22, 1.33124773632e-21, 1.93320409233e-21, 2.36943341916e-21],
        "var": [1.57261951017e-07, 1.72094150912e-05, 1.71160354512e-05, 1.23394411276e-05, 2.6549658287e-05, 7.59320255383e-06, 6.83920416122e-06, 6.61353760734e-06, 2.98170607493e-06, 2.84376119453e-06, 2.15941963688e-06, 7.50152651108e-07, 3.39690882356e-06, 4.31817397839e-06, 2.18813670472e-06, 8.11011830137e-07, 1.87210878266e-06, 5.85182817758e-07, 5.15237786658e-07, 2.42712417275e-07, 8.85371846948e-08, 3.68194967848e-08, 4.21644514859e-08, 1.54518193796e-08, 3.61736240961e-08, 4.31216085062e-09, 3.72250036351e-10]
    },
    "erbbands": {
        "dmean": [0.0334525555372, 0.20572206378, 1.12430799007, 3.26625204086, 7.64125108719, 7.64734697342, 8.20377349854, 8.11875724792, 9.97266292572, 20.1498908997, 14.4907331467, 13.4038953781, 13.541478157, 11.9796438217, 17.1613140106, 10.9718084335, 16.4911956787, 19.6601009369, 16.9666881561, 11.6813898087, 11.7558040619, 14.3816041946, 8.37249660492, 7.21604919434, 10.3292551041, 6.4549574852, 3.4893848896, 2.55965042114, 1.87894451618, 1.43429863453, 1.51055693626, 0.821515202522, 0.810350179672, 0.562454164028, 0.386947482824, 0.122021712363, 0.0245340056717, 0.00811026711017, 0.000809026241768, 4.09734784625e-05],
        "dmean2": [0.0528326816857, 0.318492442369, 1.79138243198, 5.16297721863, 12.3886232376, 12.2785758972, 12.6219987869, 13.1431694031, 15.9658164978, 32.7549514771, 23.4668178558, 21.61602211, 20.9772777557, 18.3170146942, 27.5135746002, 17.5550861359, 25.9943408966, 31.2119121552, 27.4361495972, 18.8694133759, 19.3534297943, 23.2217445374, 13.1500225067, 11.3871002197, 15.7012453079, 10.0502538681, 5.58201217651, 4.04145717621, 2.93943452835, 2.25149202347, 2.326649189, 1.27985477448, 1.29495346546, 0.889027714729, 0.623612165451, 0.193902641535, 0.0385527350008, 0.0126489829272, 0.00125996768475, 6.18780395598e-05],
        "dvar": [0.0350672192872, 0.417377054691, 7.27980184555, 40.9366340637, 236.932403564, 164.119842529, 195.586715698, 246.203338623, 487.502471924, 1728.06762695, 1388.30737305, 1344.88415527, 1290.3449707, 874.476745605, 2044.12817383, 532.894104004, 2747.04199219, 3431.81787109, 3629.73608398, 657.267883301, 938.94543457, 1394.78381348, 563.61895752, 280.899291992, 456.312957764, 131.704925537, 58.9559555054, 24.3480834961, 14.5371131897, 12.9454269409, 32.9257621765, 3.99679589272, 4.44000053406, 1.98907089233, 3.11373114586, 0.509892404079, 0.00881817843765, 0.000993911409751, 7.40172799851e-06, 1.84499668876e-08],
        "dvar2": [0.0822502747178, 0.883593142033, 17.2337646484, 95.3972549438, 595.804138184, 423.627441406, 463.716522217, 659.828491211, 1301.09008789, 4423.36523438, 3555.84350586, 3582.94335938, 3286.88085938, 2029.54272461, 5648.02783203, 1358.3704834, 7407.10595703, 7998.8984375, 9144.57128906, 1564.30895996, 2405.19482422, 3664.16015625, 1402.54162598, 688.146789551, 1051.57666016, 319.466674805, 142.274581909, 58.545337677, 33.4664039612, 29.634595871, 80.742515564, 8.86954498291, 11.467092514, 5.07127475739, 7.67993021011, 1.28698992729, 0.0210283529013, 0.00229312758893, 1.6896341549e-05, 4.16076986198e-08],
        "max": [3.40318608284, 10.0603246689, 44.0319595337, 114.7057724, 251.237686157, 247.186981201, 386.895385742, 326.12310791, 561.326660156, 879.228515625, 814.294677734, 928.838989258, 1026.07189941, 788.168823242, 957.855957031, 552.085876465, 2595.27319336, 2223.20410156, 2652.91162109, 735.984924316, 1342.47766113, 970.327392578, 1099.7935791, 595.058227539, 999.924194336, 319.568847656, 266.699188232, 137.844512939, 127.654975891, 100.544174194, 154.773864746, 60.3475799561, 29.914276123, 34.5335617065, 31.1179828644, 13.304312706, 2.54355025291, 0.896547019482, 0.0678658336401, 0.00402757525444],
        "mean": [0.0360968783498, 0.44278421998, 2.77455997467, 7.0145816803, 12.364151001, 14.7132978439, 18.843793869, 19.1091480255, 19.9578590393, 36.7327461243, 23.301153183, 23.2271118164, 26.1774654388, 24.0693035126, 30.7356987, 21.7211303711, 32.0119819641, 40.0807113647, 33.5328369141, 24.7840957642, 27.1022338867, 32.5984840393, 20.5191783905, 18.1770210266, 24.5922756195, 17.1721782684, 10.021279335, 6.17434930801, 4.7655134201, 3.0037753582, 2.65557265282, 1.52620708942, 1.18485605717, 0.787788927555, 0.417621225119, 0.121773608029, 0.0263554509729, 0.00843613874167, 0.000866554793902, 6.94105256116e-05],
        "median": [0.00915720127523, 0.261881500483, 1.6377696991, 4.17226886749, 6.63109397888, 9.80547332764, 11.1255226135, 11.9927511215, 10.9972801208, 18.1322479248, 9.43762397766, 8.63002109528, 9.59225273132, 6.56338691711, 10.3756313324, 11.6325025558, 11.5964279175, 11.2910900116, 9.77522277832, 10.8154087067, 15.3394241333, 16.9097442627, 9.36764717102, 8.64706420898, 8.29201889038, 8.59324455261, 5.04181432724, 2.9744579792, 1.88550662994, 1.3438668251, 1.03548789024, 0.696138381958, 0.453243136406, 0.29071521759, 0.0890467166901, 0.0163975767791, 0.00360564654693, 0.000787477241829, 9.68684107647e-05, 3.60387275578e-05],
        "min": [6.26405540972e-22, 5.80936295117e-21, 1.14739975679e-20, 8.73936915898e-21, 4.2684823435e-20, 1.47775855207e-19, 4.14225400041e-19, 5.91545083575e-19, 2.3631978829e-19, 5.48568294464e-19, 1.28746702217e-18, 1.31352248768e-18, 1.10669176577e-18, 2.52231212249e-18, 2.7831871033e-18, 3.33762000491e-18, 2.53139415202e-18, 3.88264558821e-18, 4.38447497274e-18, 7.38643666561e-18, 1.29194643266e-17, 1.46508095969e-17, 8.9537346497e-18, 1.00244215182e-17, 5.40028667936e-18, 1.71982198268e-17, 1.70445991521e-17, 1.55118384402e-17, 2.34912147125e-17, 1.98442250225e-17, 1.55774917654e-17, 1.72155012841e-17, 1.57292463206e-17, 1.17158214096e-17, 1.04404271918e-17, 8.4260571118e-18, 3.32512027188e-18, 1.3262104043e-18, 2.75302044675e-19, 3.73429750497e-20],
        "var": [0.0329482443631, 0.575448393822, 12.0069313049, 76.3969573975, 316.057373047, 263.295593262, 532.876831055, 507.122009277, 806.326416016, 3205.7734375, 1812.18395996, 2127.16748047, 2653.58544922, 2247.82568359, 3790.0871582, 1045.03210449, 8336.74414062, 12433.9316406, 8212.16699219, 1800.73864746, 2291.83398438, 3885.13525391, 1991.57617188, 934.999633789, 1811.21838379, 586.611999512, 298.510162354, 78.6214752197, 52.9877204895, 29.1622867584, 42.7930107117, 8.17967605591, 5.47621774673, 2.39835715294, 2.84787845612, 0.422831445932, 0.00846677459776, 0.000981235061772, 7.94241896074e-06, 2.0854132643e-08]
    },
    "gfcc": {
        "mean": [-1.04711902142, 98.5242919922, -121.929367065, 29.5150718689, -61.3068466187, 2.77088832855, -43.8104553223, -2.0448744297, -27.7229290009, -4.09171915054, -14.6178855896, -8.98617458344, -10.7930555344],
        "cov": [[8474.50195312, -512.731811523, -350.087310791, 450.924316406, -261.436981201, 22.2381401062, -299.540802002, 188.299972534, -225.684967041, 80.5081481934, -179.226013184, 7.38279771805, -142.241027832], [-512.731811523, 1496.78063965, -168.823623657, -131.091125488, 226.154251099, -5.92415618896, 156.017654419, -70.6848449707, 98.5580291748, -92.6352767944, 112.5520401, -85.793548584, 138.58921814], [-350.087310791, -168.823623657, 1040.46398926, -55.5918426514, 113.957054138, 218.121841431, 28.930896759, 47.7953681946, -25.1751861572, 29.0682792664, -57.8750190735, 76.7216567993, -67.7113265991], [450.924316406, -131.091125488, -55.5918426514, 450.85836792, 19.0361099243, -5.24067497253, 22.1172618866, 44.3411102295, 31.7380104065, 15.2994823456, 27.0631275177, -4.38557577133, -22.437374115], [-261.436981201, 226.154251099, 113.957054138, 19.0361099243, 319.345947266, 51.768371582, 19.4356460571, 34.8495178223, 24.3185138702, 10.8650102615, 19.8923835754, -22.2933139801, 8.61910057068], [22.2381401062, -5.92415618896, 218.121841431, -5.24067497253, 51.768371582, 177.547622681, 67.8435287476, 18.3446884155, -10.7496938705, 6.31636428833, -6.47661495209, 15.2374219894, -3.64114069939], [-299.540802002, 156.017654419, 28.930896759, 22.1172618866, 19.4356460571, 67.8435287476, 215.482452393, 25.3067855835, 21.965385437, -21.4301433563, 17.1979827881, -1.62779462337, 5.57592868805], [188.299972534, -70.6848449707, 47.7953681946, 44.3411102295, 34.8495178223, 18.3446884155, 25.3067855835, 110.991592407, 29.0625915527, 21.5471668243, -3.09173631668, 1.38128244877, -17.4192237854], [-225.684967041, 98.5580291748, -25.1751861572, 31.7380104065, 24.3185138702, -10.7496938705, 21.965385437, 29.0625915527, 113.411636353, 29.472328186, 21.497051239, -15.2093849182, 4.98161315918], [80.5081481934, -92.6352767944, 29.0682792664, 15.2994823456, 10.8650102615, 6.31636428833, -21.4301433563, 21.5471668243, 29.472328186, 85.9621734619, 17.9523448944, 0.242282047868, -16.9763374329], [-179.226013184, 112.5520401, -57.8750190735, 27.0631275177, 19.8923835754, -6.47661495209, 17.1979827881, -3.09173631668, 21.497051239, 17.9523448944, 91.3421401978, 8.7675743103, 7.90136241913], [7.38279771805, -85.793548584, 76.7216567993, -4.38557577133, -22.2933139801, 15.2374219894, -1.62779462337, 1.38128244877, -15.2093849182, 0.242282047868, 8.7675743103, 76.4760665894, 6.21605682373], [-142.241027832, 138.58921814, -67.7113265991, -22.437374115, 8.61910057068, -3.64114069939, 5.57592868805, -17.4192237854, 4.98161315918, -16.9763374329, 7.90136241913, 6.21605682373, 80.8979415894]],
        "icov": [[0.000206397031434, -0.000220647954848, 0.000191241342691, -0.00027397958911, 0.000260708126007, -0.000343116786098, 0.000424915429903, -0.000570405565668, 0.000640043290332, -0.000466153665911, 0.000628533482086, -0.000291459291475, 0.000453424116131], [-0.000220647954848, 0.00174777815118, -0.000327431713231, 0.00076901941793, -0.00112769252155, 0.00066525459988, -0.00121575489175, 0.00145410653204, -0.00182379537728, 0.00217816908844, -0.00244196481071, 0.00193332019262, -0.00223657255992], [0.000191241342691, -0.000327431713231, 0.00186853692867, -8.07846226962e-05, -0.000230924299103, -0.00211435765959, 0.000682562356815, -0.000618903490249, 0.000458617316326, -0.000778512679972, 0.00181832036469, -0.00216139969416, 0.00198474223725], [-0.00027397958911, 0.00076901941793, -8.07846226962e-05, 0.00293986639008, -0.000700607546605, 0.000484294316266, -0.000886110356078, 0.00020719319582, -0.00157497439068, 0.00124673836399, -0.00196233671159, 0.000752262305468, -0.000356796139386], [0.000260708126007, -0.00112769252155, -0.000230924299103, -0.000700607546605, 0.00462288130075, -0.00132319214754, 0.00126563187223, -0.00230288389139, 0.00120525201783, -0.00126496027224, 0.000401793338824, 0.000743582553696, 0.000431451597251], [-0.000343116786098, 0.00066525459988, -0.00211435765959, 0.000484294316266, -0.00132319214754, 0.0099107734859, -0.00375889986753, 0.000916845048778, 0.000402960722568, -0.000441195676103, -0.0011305072112, 0.000878369028214, -0.00240927585401], [0.000424915429903, -0.00121575489175, 0.000682562356815, -0.000886110356078, 0.00126563187223, -0.00375889986753, 0.00748127605766, -0.00288392580114, 0.000358605699148, 0.00105571537279, 0.000612861884292, -0.000970329565462, 0.00192891142797], [-0.000570405565668, 0.00145410653204, -0.000618903490249, 0.00020719319582, -0.00230288389139, 0.000916845048778, -0.00288392580114, 0.0134800365195, -0.00475913798437, 0.000141474534757, -0.0007193153142, 0.000311855896143, -0.000197557732463], [0.000640043290332, -0.00182379537728, 0.000458617316326, -0.00157497439068, 0.00120525201783, 0.000402960722568, 0.000358605699148, -0.00475913798437, 0.014582823962, -0.00655227806419, 0.00156493217219, 0.00040081483894, 0.000580445164815], [-0.000466153665911, 0.00217816908844, -0.000778512679972, 0.00124673836399, -0.00126496027224, -0.000441195676103, 0.00105571537279, 0.000141474534757, -0.00655227806419, 0.0185212418437, -0.00674620410427, 0.00249395845458, -2.69226511591e-05], [0.000628533482086, -0.00244196481071, 0.00181832036469, -0.00196233671159, 0.000401793338824, -0.0011305072112, 0.000612861884292, -0.0007193153142, 0.00156493217219, -0.00674620410427, 0.0179062262177, -0.00634897686541, 0.00320228282362], [-0.000291459291475, 0.00193332019262, -0.00216139969416, 0.000752262305468, 0.000743582553696, 0.000878369028214, -0.000970329565462, 0.000311855896143, 0.00040081483894, 0.00249395845458, -0.00634897686541, 0.018759123981, -0.00565324444324], [0.000453424116131, -0.00223657255992, 0.00198474223725, -0.000356796139386, 0.000431451597251, -0.00240927585401, 0.00192891142797, -0.000197557732463, 0.000580445164815, -2.69226511591e-05, 0.00320228282362, -0.00565324444324, 0.0183026436716]]
    },
    "melbands": {
        "dmean": [0.000274784339126, 0.000466716272058, 0.00067812477937, 0.000557785329875, 0.000291685049888, 0.000180166665814, 0.000160363968462, 0.000221540598432, 0.000110592227429, 8.11107966001e-05, 6.77931238897e-05, 4.98243462062e-05, 6.04115048191e-05, 3.44905674865e-05, 3.29115027853e-05, 2.97189835692e-05, 4.25143080065e-05, 2.85064907075e-05, 1.78942955245e-05, 1.69889353856e-05, 1.49334609887e-05, 1.57162176038e-05, 1.45461781358e-05, 6.78563355905e-06, 6.19749289399e-06, 8.65832134878e-06, 6.39668860458e-06, 4.45990190201e-06, 2.61536979451e-06, 2.13530688598e-06, 1.43407680753e-06, 1.24193763895e-06, 9.27960741137e-07, 7.87569092608e-07, 9.11887070743e-07, 8.15702321688e-07, 3.99820635266e-07, 6.16703573542e-07, 5.21731863046e-07, 4.64486788587e-07],
        "dmean2": [0.000430400395999, 0.000728108396288, 0.00107338558882, 0.000901399820577, 0.000449724233476, 0.000289176503429, 0.000257329782471, 0.000360307254596, 0.000179266251507, 0.000130736341816, 0.000104824757727, 7.6356685895e-05, 9.60930992733e-05, 5.55611986783e-05, 5.27039519511e-05, 4.72644678666e-05, 6.74554976285e-05, 4.61722374894e-05, 2.87217753794e-05, 2.79728392343e-05, 2.47175830737e-05, 2.54955557466e-05, 2.33959872276e-05, 1.05750295916e-05, 9.91379329207e-06, 1.35360596687e-05, 9.88127885648e-06, 7.0800570029e-06, 4.24766767537e-06, 3.42242356055e-06, 2.27071473091e-06, 1.96775499717e-06, 1.48179810822e-06, 1.24618520658e-06, 1.41078658089e-06, 1.27929433802e-06, 6.29915120953e-07, 1.00620218291e-06, 8.23921084248e-07, 7.46492446524e-07],
        "dvar": [1.75143804881e-06, 1.22817857573e-06, 1.60633294399e-06, 1.05612048173e-06, 2.00563150088e-07, 1.11110097123e-07, 1.23845580902e-07, 2.07943941177e-07, 7.8593807018e-08, 4.93274683322e-08, 3.27582334592e-08, 1.56291601883e-08, 2.3210333211e-08, 8.36087465927e-09, 7.65426744209e-09, 1.28955370826e-08, 1.77353634001e-08, 1.02229442689e-08, 1.68834746184e-09, 1.98424299214e-09, 1.46878609275e-09, 1.25812193996e-09, 2.45450859637e-09, 7.64420360344e-10, 2.24225818468e-10, 3.75618758319e-10, 1.36780281546e-10, 8.47417067074e-11, 2.98802788068e-11, 2.42837607661e-11, 8.40560260285e-12, 6.12797659838e-12, 4.65819613785e-12, 4.31510599821e-12, 1.3765829622e-11, 4.94597245104e-12, 9.9635957037e-13, 3.1389001641e-12, 1.62772128675e-12, 1.44536520339e-12],
        "dvar2": [4.01803345085e-06, 2.75369166047e-06, 3.78657978217e-06, 2.7221271921e-06, 4.81803681396e-07, 2.93968042797e-07, 3.26438140519e-07, 5.28823818513e-07, 2.0236083742e-07, 1.29462108589e-07, 8.31743989238e-08, 3.5829113898e-08, 6.33905159475e-08, 2.26602026032e-08, 1.92768236928e-08, 3.60520822085e-08, 4.11649381249e-08, 2.58469938785e-08, 4.10295308839e-09, 4.82096096377e-09, 3.78527165168e-09, 3.33476268821e-09, 6.38766284311e-09, 1.76224457249e-09, 5.5519239206e-10, 8.99281982214e-10, 3.2098818048e-10, 2.09803383e-10, 7.34517516254e-11, 6.01317884374e-11, 2.0074546192e-11, 1.43887228521e-11, 1.09695646663e-11, 9.71948389827e-12, 3.40875869198e-11, 1.1447399452e-11, 2.32919239451e-12, 8.28913413603e-12, 3.91189641444e-12, 3.77225724615e-12],
        "max": [0.0238569881767, 0.018106745556, 0.0162798538804, 0.0158334244043, 0.0110747041181, 0.00651264702901, 0.00971718970686, 0.0110169714317, 0.00547156576067, 0.00534006766975, 0.00506028393283, 0.00334821571596, 0.00372237060219, 0.00310570304282, 0.00390424812213, 0.00654422165826, 0.00510936416686, 0.00439659366384, 0.00101325777359, 0.00233350554481, 0.0015589670511, 0.00100600207224, 0.00151359813754, 0.00191691739019, 0.000574816716835, 0.000940735044423, 0.000238285865635, 0.000306068250211, 0.000138774514198, 0.000178773814696, 0.00010433983698, 8.31548968563e-05, 6.93284455338e-05, 6.4876738179e-05, 0.000102360412711, 6.68763823342e-05, 2.625336856e-05, 2.20202527998e-05, 3.40751394106e-05, 2.69342344836e-05],
        "mean": [0.000384600949474, 0.00120127212722, 0.00138269166928, 0.000989668420516, 0.000685508479364, 0.000425847189035, 0.000315790006425, 0.000396374816773, 0.0001769590599, 0.000136219648994, 0.000127362116473, 9.43053892115e-05, 0.000104259510408, 6.06836183579e-05, 6.3776227762e-05, 5.50696786377e-05, 8.14297964098e-05, 5.33894999535e-05, 3.47845671058e-05, 3.35211007041e-05, 3.14724384225e-05, 3.36634329869e-05, 2.87130951619e-05, 1.50178220792e-05, 1.3656605006e-05, 1.86339493666e-05, 1.45761960084e-05, 1.09392785816e-05, 6.65054631099e-06, 4.85821965412e-06, 3.11393841912e-06, 2.90757316179e-06, 2.01644661502e-06, 1.49636957758e-06, 1.48336368966e-06, 1.5044176962e-06, 6.76839363223e-07, 8.35443245251e-07, 7.84339420079e-07, 6.1495694581e-07],
        "median": [0.000139298252179, 0.000810139114037, 0.000899349106476, 0.000615279597696, 0.000453095533885, 0.000271195487585, 0.000170311075635, 0.000191726605408, 6.52129820082e-05, 4.88271471113e-05, 4.25734033342e-05, 2.22216367547e-05, 2.96819016512e-05, 2.65408598352e-05, 2.80326385109e-05, 2.00256108656e-05, 1.85354983842e-05, 1.43529305205e-05, 1.19199030451e-05, 1.49934794536e-05, 1.73802873178e-05, 1.78560439963e-05, 1.10708951979e-05, 5.27495831193e-06, 6.0124675656e-06, 5.53332665731e-06, 5.03511728311e-06, 5.16435829923e-06, 3.23125277646e-06, 2.05414244192e-06, 1.39475946526e-06, 1.09661584702e-06, 7.87451597262e-07, 6.38641893147e-07, 5.17208320616e-07, 6.30419208392e-07, 2.90088621568e-07, 2.74058010064e-07, 3.1084158536e-07, 2.07988165357e-07],
        "min": [7.32167365229e-24, 7.20546576348e-24, 2.69383515409e-24, 6.06064557427e-24, 1.34944329273e-23, 1.39679040871e-23, 3.49396631785e-24, 8.03376813624e-24, 9.70995872032e-24, 7.43436874349e-24, 5.37066522808e-24, 9.8916996511e-24, 9.89852487566e-24, 9.5951210829e-24, 6.4002415165e-24, 6.09245086825e-24, 7.36894850862e-24, 5.42617618669e-24, 1.24860020554e-23, 7.57832797008e-24, 1.80790006299e-23, 1.7295746948e-23, 8.83832500689e-24, 6.48838015658e-24, 9.03430961019e-24, 3.22019963487e-24, 5.3523289452e-24, 1.25165909259e-23, 1.1213287792e-23, 8.42212357102e-24, 8.74507612587e-24, 1.28761860698e-23, 1.18426370778e-23, 1.09082550014e-23, 8.64185052098e-24, 8.07509103704e-24, 1.21659872186e-23, 1.21594846381e-23, 9.87711676841e-24, 9.48373707853e-24],
        "var": [1.7567518853e-06, 2.11005135498e-06, 2.57648457591e-06, 1.4267059214e-06, 5.3559239177e-07, 2.43518144316e-07, 2.08672943813e-07, 3.81297837748e-07, 1.06756345986e-07, 7.73496822148e-08, 6.7341261456e-08, 3.93386621056e-08, 4.61535947238e-08, 1.27165371566e-08, 1.91813267492e-08, 2.81874843466e-08, 6.3676132811e-08, 2.18036149136e-08, 4.79905937212e-09, 4.54121718008e-09, 3.24338689239e-09, 3.29673333077e-09, 6.29462038049e-09, 2.96064461835e-09, 6.27571994372e-10, 1.30344079974e-09, 5.05831043718e-10, 3.53703566436e-10, 1.26753219032e-10, 9.46935377333e-11, 2.34347975053e-11, 2.0554825203e-11, 1.15332500494e-11, 9.65799835939e-12, 1.66514822764e-11, 8.79920962482e-12, 1.83218934816e-12, 3.29697792505e-12, 2.46031970838e-12, 1.56543885927e-12]
    },
    "mfcc": {
        "mean": [-639.655090332, 126.438056946, -2.52831816673, 22.6367607117, 2.58289813995, 0.422620266676, -3.76854848862, -6.89395284653, -5.99038505554, -4.2527346611, -6.75191307068, -2.16391921043, -1.18884849548],
        "cov": [[5835.91162109, -851.721069336, -424.854248047, 366.886505127, -59.6547546387, -118.857040405, -26.3587341309, 6.31775856018, 2.51327419281, 49.2895202637, 30.4087924957, -20.5839748383, -72.7979660034], [-851.721069336, 1374.8527832, -64.48072052, -138.878173828, 114.429847717, 59.6364250183, 104.496246338, 21.462682724, 68.0473251343, 0.866326093674, -16.0423336029, -16.3715801239, 40.143196106], [-424.854248047, -64.48072052, 726.468933105, -45.5680503845, 72.2407989502, 121.269371033, 63.8284873962, 88.5269851685, 22.4516372681, 5.09486150742, 11.7466917038, -2.97626161575, 49.6546554565], [366.886505127, -138.878173828, -45.5680503845, 312.747741699, 61.7107162476, 10.0275611877, 6.28330230713, 32.0928459167, 6.34490203857, 31.7949829102, 33.6540565491, 30.4855957031, 11.7455415726], [-59.6547546387, 114.429847717, 72.2407989502, 61.7107162476, 292.513763428, 33.8690109253, 27.188293457, -5.74302101135, 20.9245414734, 28.0309829712, 1.92234516144, 40.9782371521, 12.2403802872], [-118.857040405, 59.6364250183, 121.269371033, 10.0275611877, 33.8690109253, 142.390350342, 67.0660018921, 38.9698753357, 20.3100681305, 9.74153423309, 12.5922555923, -1.05072510242, 0.663726866245], [-26.3587341309, 104.496246338, 63.8284873962, 6.28330230713, 27.188293457, 67.0660018921, 158.632766724, 62.6252479553, 18.5805931091, 17.1662101746, 19.0719394684, -15.83796978, 4.27497053146], [6.31775856018, 21.462682724, 88.5269851685, 32.0928459167, -5.74302101135, 38.9698753357, 62.6252479553, 128.636688232, 28.3521728516, 8.91919612885, 24.4909152985, -23.9906635284, 19.2085494995], [2.51327419281, 68.0473251343, 22.4516372681, 6.34490203857, 20.9245414734, 20.3100681305, 18.5805931091, 28.3521728516, 107.486114502, 30.7231121063, 8.42183017731, -5.26468229294, 2.12331485748], [49.2895202637, 0.866326093674, 5.09486150742, 31.7949829102, 28.0309829712, 9.74153423309, 17.1662101746, 8.91919612885, 30.7231121063, 106.903625488, 29.7468776703, -7.79029130936, 22.5547447205], [30.4087924957, -16.0423336029, 11.7466917038, 33.6540565491, 1.92234516144, 12.5922555923, 19.0719394684, 24.4909152985, 8.42183017731, 29.7468776703, 92.5625305176, 28.0800533295, 1.11796057224], [-20.5839748383, -16.3715801239, -2.97626161575, 30.4855957031, 40.9782371521, -1.05072510242, -15.83796978, -23.9906635284, -5.26468229294, -7.79029130936, 28.0800533295, 128.947418213, 16.6837501526], [-72.7979660034, 40.143196106, 49.6546554565, 11.7455415726, 12.2403802872, 0.663726866245, 4.27497053146, 19.2085494995, 2.12331485748, 22.5547447205, 1.11796057224, 16.6837501526, 103.90083313]],
