{
"lowlevel": {
    "average_loudness": 0.911593973637,
    "barkbands_crest": {
        "dmean": 3.03692865372,
        "dmean2": 4.69986104965,
        "dvar": 8.83878517151,
        "dvar2": 19.3098258972,
        "max": 26.5643634796,
        "mean": 16.2078666687,
        "median": 16.2348022461,
        "min": 2.74475312233,
        "var": 40.293422699
    },
    "barkbands_flatness_db": {
        "dmean": 0.0437477231026,
        "dmean2": 0.0620957203209,
        "dvar": 0.00196601962671,
        "dvar2": 0.00359416217543,
        "max": 0.903371870518,
        "mean": 0.293128252029,
        "median": 0.277025878429,
        "min": 0.0192857570946,
        "var": 0.0217709690332
    },
    "barkbands_kurtosis": {
        "dmean": 25.2631778717,
        "dmean2": 39.3215370178,
        "dvar": 2896.95654297,
        "dvar2": 6779.79199219,
        "max": 1455.09912109,
        "mean": 39.3653907776,
        "median": 12.9243459702,
        "min": -1.96494674683,
        "var": 5398.12304688
    },
    "barkbands_skewness": {
        "dmean": 1.47786617279,
        "dmean2": 2.20241737366,
        "dvar": 2.99614453316,
        "dvar2": 6.64658355713,
        "max": 35.8257675171,
        "mean": 3.5374777317,
        "median": 2.75674104691,
        "min": -5.52089309692,
        "var": 12.4732761383
    },
    "barkbands_spread": {
        "dmean": 5.50329685211,
        "dmean2": 8.68875694275,
        "dvar": 99.9964447021,
        "dvar2": 229.486343384,
        "max": 149.27104187,
        "mean": 9.87390422821,
        "median": 5.00108909607,
        "min": 0.0711395144463,
        "var": 174.685562134
    },
    "dissonance": {
        "dmean": 0.0342273153365,
        "dmean2": 0.0570818521082,
        "dvar": 0.00125814322382,
        "dvar2": 0.003381828079,
        "max": 0.499999910593,
        "mean": 0.432894855738,
        "median": 0.445358604193,
        "min": 0.0358749851584,
        "var": 0.00297854957171
    },
    "dynamic_complexity": 6.41958141327,
    "erbbands_crest": {
        "dmean": 3.19650840759,
        "dmean2": 5.10618543625,
        "dvar": 8.46878147125,
        "dvar2": 20.5356674194,
        "max": 33.8410339355,
        "mean": 11.8510379791,
        "median": 10.9821491241,
        "min": 2.16974854469,
        "var": 25.7825737
    },
    "erbbands_flatness_db": {
        "dmean": 0.0291258152574,
        "dmean2": 0.0414478518069,
        "dvar": 0.000865583424456,
        "dvar2": 0.0017292102566,
        "max": 0.636139690876,
        "mean": 0.240384861827,
        "median": 0.207513868809,
        "min": 0.019297009334,
        "var": 0.0134709561244
    },
    "erbbands_kurtosis": {
        "dmean": 3.63942146301,
        "dmean2": 5.52317285538,
        "dvar": 75.6761779785,
        "dvar2": 149.296813965,
        "max": 363.494750977,
        "mean": 4.65381717682,
        "median": 1.54141163826,
        "min": -1.88037490845,
        "var": 173.698348999
    },
    "erbbands_skewness": {
        "dmean": 0.641672551632,
        "dmean2": 0.966477274895,
        "dvar": 0.488487303257,
        "dvar2": 1.10979986191,
        "max": 14.9587497711,
        "mean": 1.04985952377,
        "median": 0.878638148308,
        "min": -5.67553091049,
        "var": 1.82292723656
    },
    "erbbands_spread": {
        "dmean": 14.226439476,
        "dmean2": 21.0337638855,
        "dvar": 434.0652771,
        "dvar2": 953.617614746,
        "max": 198.85357666,
        "mean": 31.8147201538,
        "median": 21.8399925232,
        "min": 0.648484408855,
        "var": 898.643615723
    },
    "hfc": {
        "dmean": 11.3888139725,
        "dmean2": 18.9029560089,
        "dvar": 612.171081543,
        "dvar2": 1621.49194336,
        "max": 214.412414551,
        "mean": 14.5570430756,
        "median": 6.18565607071,
        "min": 1.22398259347e-16,
        "var": 564.032043457
    },
    "melbands_crest": {
        "dmean": 3.62580442429,
        "dmean2": 5.70826005936,
        "dvar": 11.3270626068,
        "dvar2": 25.8387928009,
        "max": 38.8703804016,
        "mean": 19.4183177948,
        "median": 19.5171165466,
        "min": 1.65352213383,
        "var": 53.2330093384
    },
    "melbands_flatness_db": {
        "dmean": 0.0512982457876,
        "dmean2": 0.0705093368888,
        "dvar": 0.00288164871745,
        "dvar2": 0.00518489489332,
        "max": 1,
        "mean": 0.387278288603,
        "median": 0.372333168983,
        "min": 0.00691845733672,
        "var": 0.0330981127918
    },
    "melbands_kurtosis": {
        "dmean": 32.642074585,
        "dmean2": 49.3135986328,
        "dvar": 3639.27075195,
        "dvar2": 8043.98388672,
        "max": 1447.64074707,
        "mean": 52.967376709,
        "median": 18.8734970093,
        "min": -1.88800215721,
        "var": 8513.0625
    },
    "melbands_skewness": {
        "dmean": 1.52661347389,
        "dmean2": 2.24197649956,
        "dvar": 3.51914954185,
        "dvar2": 7.84902095795,
        "max": 28.8996181488,
        "mean": 4.00745630264,
        "median": 3.21532201767,
        "min": -3.13784098625,
        "var": 13.1314983368
    },
    "melbands_spread": {
        "dmean": 4.89879322052,
        "dmean2": 7.56379365921,
        "dvar": 98.075958252,
        "dvar2": 233.21194458,
        "max": 217.809783936,
        "mean": 10.4903144836,
        "median": 4.97932243347,
        "min": 0.127302035689,
        "var": 248.246353149
    },
    "pitch_salience": {
        "dmean": 0.0939042493701,
        "dmean2": 0.141726106405,
        "dvar": 0.00759479729459,
        "dvar2": 0.0165671408176,
        "max": 0.90922665596,
        "mean": 0.422317773104,
        "median": 0.44748967886,
        "min": 0.0248890481889,
        "var": 0.0413762368262
    },
    "silence_rate_20dB": {
        "dmean": 0.00441763643175,
        "dmean2": 0.0088360235095,
        "dvar": 0.00439783511683,
        "dvar2": 0.012835405767,
        "max": 1,
        "mean": 0.99762147665,
        "median": 1,
        "min": 0,
        "var": 0.00237292028032
    },
    "silence_rate_30dB": {
        "dmean": 0.106023274362,
        "dmean2": 0.212064564228,
        "dvar": 0.0947754606605,
        "dvar2": 0.200379505754,
        "max": 1,
        "mean": 0.803856611252,
        "median": 1,
        "min": 0,
        "var": 0.157664373517
    },
    "silence_rate_60dB": {
        "dmean": 0.0329623669386,
        "dmean2": 0.0659303292632,
        "dvar": 0.0318808220327,
        "dvar2": 0.0693926364183,
        "max": 1,
        "mean": 0.176265716553,
        "median": 0,
        "min": 0,
        "var": 0.145223721862
    },
    "spectral_centroid": {
        "dmean": 193.533554077,
        "dmean2": 295.463989258,
        "dvar": 105692.492188,
        "dvar2": 226708.578125,
        "max": 11186.0097656,
        "mean": 753.309020996,
        "median": 515.409545898,
        "min": 65.845085144,
        "var": 402562.53125
    },
    "spectral_complexity": {
        "dmean": 2.50174164772,
        "dmean2": 3.95531010628,
        "dvar": 16.7162723541,
        "dvar2": 39.5898513794,
        "max": 46,
        "mean": 8.33944988251,
        "median": 7,
        "min": 0,
        "var": 44.1780967712
    },
    "spectral_decrease": {
        "dmean": 7.18903248043e-09,
        "dmean2": 1.09685114325e-08,
        "dvar": 1.51172511195e-16,
        "dvar2": 3.21297384585e-16,
        "max": 1.02908705862e-11,
        "mean": -1.43956517817e-08,
        "median": -6.11197847888e-09,
        "min": -1.19733130077e-07,
        "var": 3.56031055849e-16
    },
    "spectral_energy": {
        "dmean": 0.0278388671577,
        "dmean2": 0.0425920523703,
        "dvar": 0.00222800043412,
        "dvar2": 0.00474224099889,
        "max": 0.457489460707,
        "mean": 0.0556529313326,
        "median": 0.0243557356298,
        "min": 1.11877744967e-20,
        "var": 0.00520813511685
    },
    "spectral_energyband_high": {
        "dmean": 0.000847085379064,
        "dmean2": 0.00145800341852,
        "dvar": 5.05889920532e-06,
        "dvar2": 1.37530360007e-05,
        "max": 0.0192692037672,
        "mean": 0.000670202134643,
        "median": 1.63865552167e-05,
        "min": 7.8883844856e-21,
        "var": 3.62574542123e-06
    },
    "spectral_energyband_low": {
        "dmean": 0.0234604310244,
        "dmean2": 0.0343797206879,
        "dvar": 0.00194590608589,
        "dvar2": 0.00422925036401,
        "max": 0.431016802788,
        "mean": 0.0435552895069,
        "median": 0.00645509222522,
        "min": 1.79228023841e-22,
        "var": 0.00439096940681
    },
    "spectral_energyband_middle_high": {
        "dmean": 0.00131997850258,
        "dmean2": 0.00206284224987,
        "dvar": 1.01672103483e-05,
        "dvar2": 2.58070394921e-05,
        "max": 0.0437827333808,
        "mean": 0.00250134733506,
        "median": 0.000318613136187,
        "min": 1.70728058947e-21,
        "var": 3.0925792089e-05
    },
    "spectral_energyband_middle_low": {
        "dmean": 0.00940670073032,
        "dmean2": 0.0162239279598,
        "dvar": 0.000757916597649,
        "dvar2": 0.00204101810232,
        "max": 0.260383546352,
        "mean": 0.0100534455851,
        "median": 0.00442960904911,
        "min": 3.26049061094e-22,
        "var": 0.000553428952117
    },
    "spectral_entropy": {
        "dmean": 0.359183013439,
        "dmean2": 0.50476115942,
        "dvar": 0.170946374536,
        "dvar2": 0.317002922297,
        "max": 9.80313968658,
        "mean": 6.65506076813,
        "median": 6.64398002625,
        "min": 3.30737328529,
        "var": 0.984516501427
    },
    "spectral_flux": {
        "dmean": 0.0471657291055,
        "dmean2": 0.0761618837714,
        "dvar": 0.00435465620831,
        "dvar2": 0.00905287452042,
        "max": 0.537313759327,
        "mean": 0.0972153767943,
        "median": 0.0677983313799,
        "min": 1.05772279824e-10,
        "var": 0.0092748394236
    },
    "spectral_kurtosis": {
        "dmean": 13.5907173157,
        "dmean2": 21.3627510071,
        "dvar": 1120.25512695,
        "dvar2": 3188.38085938,
        "max": 847.443969727,
        "mean": 34.5012168884,
        "median": 10.0990657806,
        "min": -1.20366156101,
        "var": 6242.33789062
    },
    "spectral_rms": {
        "dmean": 0.00159439595882,
        "dmean2": 0.00232290802523,
        "dvar": 4.63567221232e-06,
        "dvar2": 8.89334751264e-06,
        "max": 0.0211265515536,
        "mean": 0.00586445396766,
        "median": 0.00487459683791,
        "min": 3.30377088534e-12,
        "var": 1.9903833163e-05
    },
    "spectral_rolloff": {
        "dmean": 441.168640137,
        "dmean2": 784.970703125,
        "dvar": 1738116.625,
        "dvar2": 4244823.5,
        "max": 19595.2148438,
        "mean": 992.489318848,
        "median": 366.064453125,
        "min": 43.06640625,
        "var": 4406015.5
    },
    "spectral_skewness": {
        "dmean": 0.866687476635,
        "dmean2": 1.26218545437,
        "dvar": 1.06852066517,
        "dvar2": 2.79106640816,
        "max": 25.0320625305,
        "mean": 3.46820425987,
        "median": 2.58674812317,
        "min": -0.0773741081357,
        "var": 10.8594436646
    },
    "spectral_spread": {
        "dmean": 1223531.625,
        "dmean2": 1652542,
        "dvar": 2.9219970089e+12,
        "dvar2": 5.81088890061e+12,
        "max": 40765596,
        "mean": 4357737,
        "median": 3659221,
        "min": 118601.664062,
        "var": 9.86895299379e+12
    },
    "spectral_strongpeak": {
        "dmean": 0.370113581419,
        "dmean2": 0.617981135845,
        "dvar": 0.336038172245,
        "dvar2": 0.827099502087,
        "max": 7.36432027817,
        "mean": 0.79368442297,
        "median": 0.605977535248,
        "min": 0,
        "var": 0.792460978031
    },
    "zerocrossingrate": {
        "dmean": 0.0115240765736,
        "dmean2": 0.0138138374314,
        "dvar": 0.00034894849523,
        "dvar2": 0.00042903094436,
        "max": 0.70556640625,
        "mean": 0.0417444780469,
        "median": 0.02685546875,
        "min": 0.00146484375,
        "var": 0.00424600346014
    },
    "barkbands": {
        "dmean": [0.00157034490258, 0.0212383307517, 0.00279854913242, 0.00330704753287, 0.00371898640878, 0.00120628997684, 0.00155083276331, 0.000670953770168, 0.000275570753729, 0.000322525331285, 0.000312427000608, 0.000498738139868, 0.000212194237974, 0.000163231306942, 0.000177505382453, 5.81226449867e-05, 4.70506347483e-05, 2.75198945019e-05, 2.92420081678e-05, 4.33117056673e-05, 8.32768491819e-05, 0.000110219101771, 0.000179253416718, 0.000265018024947, 0.000131709515699, 6.57748969388e-05, 2.60852757492e-05],
        "dmean2": [0.00258505227976, 0.0312461126596, 0.0046179657802, 0.00585282687098, 0.0065976572223, 0.00216807099059, 0.00269473553635, 0.00118616223335, 0.000438569986727, 0.000512391270604, 0.00048277026508, 0.000779997149948, 0.00034238002263, 0.000265824433882, 0.000304390181554, 0.000100762081274, 7.89376790635e-05, 4.75733577332e-05, 5.15266910952e-05, 7.4154449976e-05, 0.00014340452617, 0.000185794488061, 0.000305961002596, 0.000459256989416, 0.000237658896367, 0.000122362514958, 4.83595467813e-05],
        "dvar": [9.97277493298e-06, 0.00162358244415, 7.90964841144e-05, 0.0001925216784, 0.000145588201121, 4.86369644932e-05, 2.92737749987e-05, 1.33752646434e-05, 5.08787081799e-07, 1.00435431705e-06, 1.01273940345e-06, 2.12494296647e-06, 5.74320324631e-07, 1.82900052437e-07, 3.19974787999e-07, 4.05220426103e-08, 1.69707927711e-08, 5.83717341129e-09, 8.54482884449e-09, 1.70550364942e-08, 6.63249011268e-08, 8.10432325693e-08, 2.74489707408e-07, 6.10781796695e-07, 2.18490981752e-07, 6.42881730073e-08, 3.26638129877e-08],
        "dvar2": [2.63861129497e-05, 0.00374713400379, 0.000182380070328, 0.000519515073393, 0.000411258166423, 0.000141645286931, 8.13649821794e-05, 3.68736800738e-05, 1.14938984552e-06, 2.39816608882e-06, 2.23527445087e-06, 5.24555844095e-06, 1.42567409966e-06, 4.33536200717e-07, 8.64336584527e-07, 1.13857886674e-07, 4.66523530918e-08, 1.58342992052e-08, 2.41428939063e-08, 4.49155876936e-08, 1.82895192324e-07, 2.20716685817e-07, 7.3610652862e-07, 1.65614903835e-06, 6.15263331838e-07, 1.8252868017e-07, 9.42072517773e-08],
        "max": [0.0410096272826, 0.395141214132, 0.103983491659, 0.167070001364, 0.157798528671, 0.121949777007, 0.056818805635, 0.0569553971291, 0.0134603586048, 0.0195377189666, 0.023991106078, 0.0281325988472, 0.0173217467964, 0.00748143717647, 0.007336943876, 0.00220217369497, 0.00545668229461, 0.00119486497715, 0.0012542140903, 0.00119432550855, 0.00257958332077, 0.00247884728014, 0.00637309765443, 0.00748291239142, 0.00622647674754, 0.00269905454479, 0.00299563235603],
        "mean": [0.00180410046596, 0.0377835296094, 0.00300078466535, 0.00231890031137, 0.003226646455, 0.00156458967831, 0.00169624050613, 0.000518260523677, 0.000371753936633, 0.00051786651602, 0.000497934233863, 0.000767050834838, 0.000299160543364, 0.000237213389482, 0.000204054143978, 5.63883877476e-05, 5.27786578459e-05, 2.57659667113e-05, 2.4502613087e-05, 3.88222943002e-05, 6.9548987085e-05, 9.34871495701e-05, 0.000146877122461, 0.000191111394088, 8.84170294739e-05, 4.05227365263e-05, 1.64823068189e-05],
        "median": [0.000392193847802, 0.00495795952156, 0.000167483100086, 0.000117219082313, 0.000493610452395, 0.000854565121699, 0.000419379124651, 6.4232161094e-05, 6.83026373736e-05, 6.72155583743e-05, 4.23935271101e-05, 4.31361113442e-05, 1.24208681882e-05, 1.97281260625e-05, 2.1116096832e-05, 7.70177030063e-06, 6.13520660409e-06, 1.92742800209e-06, 1.96111818695e-06, 1.56881526436e-06, 2.24791165238e-06, 2.67389373221e-06, 2.60483648162e-06, 2.57333363152e-06, 8.33184458315e-07, 9.60496663538e-07, 1.12653253836e-06],
        "min": [7.4086477759e-23, 5.97549703257e-23, 5.5453286566e-23, 5.72926325179e-23, 8.107372803e-23, 1.24551362948e-23, 5.25005612651e-23, 3.34540574448e-23, 5.61008277732e-23, 7.08786032869e-23, 4.33336725357e-23, 1.05960150199e-22, 1.06139051231e-22, 9.80173180036e-23, 1.93376730115e-22, 1.13818744671e-22, 2.3398995271e-22, 3.3146958312e-22, 1.99845364294e-22, 3.06923084271e-22, 5.27941715075e-22, 5.12974562457e-22, 6.01031230422e-22, 1.02560651947e-21, 1.23989365502e-21, 1.50155828716e-21, 2.7080578571e-21],
        "var": [1.04926830318e-05, 0.00341684906743, 7.82664938015e-05, 0.000131000793772, 9.62047488429e-05, 2.85105852527e-05, 2.08689634746e-05, 8.59088777361e-06, 7.85650115631e-07, 2.22822654905e-06, 3.02995090351e-06, 5.41262261322e-06, 1.14842646326e-06, 4.01372091119e-07, 3.04044647237e-07, 2.94238073906e-08, 1.79039219006e-08, 5.19905540841e-09, 6.08076744513e-09, 1.54688049037e-08, 4.91994569529e-08, 6.74946178947e-08, 2.01059194183e-07, 4.13166674207e-07, 1.31950159243e-07, 3.7656882057e-08, 1.87045507971e-08]
    },
    "erbbands": {
        "dmean": [0.785400986671, 4.24841022491, 3.81976866722, 7.07453966141, 14.6688966751, 9.59527873993, 9.08474445343, 10.2978477478, 15.5896787643, 28.1242389679, 8.23152065277, 6.25447130203, 11.3307800293, 9.06418800354, 13.9386587143, 20.6299304962, 9.89358234406, 9.45711708069, 7.64119720459, 6.68701028824, 2.90922927856, 2.12323284149, 1.47902536392, 1.55559921265, 1.57485425472, 1.80128419399, 2.39007687569, 4.36071586609, 3.9541079998, 3.54924702644, 5.23465394974, 6.33221483231, 3.97713041306, 1.813331604, 0.701089143753, 0.337989777327, 0.0961487293243, 0.0331110134721, 0.00486018462107, 0.00022308716143],
        "dmean2": [1.20826148987, 6.13362693787, 5.60722827911, 11.9431648254, 26.3557090759, 16.8863258362, 16.3028011322, 18.2165431976, 26.8195037842, 49.7253189087, 14.3189716339, 9.90357208252, 17.519329071, 14.311671257, 21.779706955, 32.2399673462, 15.9346446991, 15.3148021698, 13.1327142715, 11.3210582733, 4.91412639618, 3.56920146942, 2.52600479126, 2.76503348351, 2.76586604118, 3.00898814201, 4.04196166992, 7.66303777695, 6.77969884872, 5.77475643158, 8.85343933105, 11.0129117966, 6.93030500412, 3.21624302864, 1.28106451035, 0.629028737545, 0.177468165755, 0.0617929473519, 0.00899969693273, 0.000402977428166],
        "dvar": [2.36785650253, 68.0562057495, 94.8578567505, 838.434570312, 2854.3828125, 878.661804199, 1150.32519531, 3487.10791016, 2266.1784668, 14994.3027344, 1371.06054688, 234.029907227, 1244.90087891, 1165.30432129, 2005.52880859, 4639.85742188, 1306.2253418, 596.757385254, 568.984863281, 398.800140381, 71.7107162476, 37.6319389343, 15.9356327057, 24.1588535309, 23.5350990295, 27.1968822479, 45.9721069336, 211.404144287, 115.206962585, 70.8120498657, 220.922439575, 438.9402771, 128.294998169, 37.26354599, 6.48057126999, 1.7322614193, 0.135953143239, 0.048307415098, 0.000998084666207, 1.95211441678e-06],
        "dvar2": [5.62064361572, 158.36869812, 199.198959351, 2153.51586914, 8117.10107422, 2458.00634766, 3330.54589844, 10117.5351562, 6306.72705078, 41724.0976562, 3759.47998047, 528.955749512, 2704.81982422, 2480.51464844, 5107.14306641, 11475.3388672, 3179.50048828, 1392.4699707, 1556.6138916, 1080.44665527, 195.976608276, 102.486808777, 43.0361289978, 68.1499710083, 65.626373291, 70.2471313477, 123.232070923, 591.171936035, 320.286224365, 178.85723877, 591.444030762, 1199.86157227, 350.042785645, 104.108657837, 18.257648468, 4.93228673935, 0.382289260626, 0.139678552747, 0.00287403864786, 5.64093534194e-06],
        "max": [15.9037733078, 89.9342575073, 100.308418274, 377.793243408, 654.684204102, 434.561676025, 535.083190918, 1039.65795898, 644.41998291, 1929.0690918, 548.332824707, 237.230361938, 767.930358887, 847.598205566, 783.125366211, 1433.84460449, 911.91192627, 419.194610596, 262.85647583, 268.98147583, 97.3306045532, 279.20489502, 86.566444397, 61.5614051819, 56.0443687439, 47.7459754944, 66.1258163452, 158.830032349, 98.5803070068, 77.5559921265, 168.744277954, 250.080703735, 97.6233139038, 85.6930999756, 26.3782463074, 16.5638637543, 3.95682644844, 3.72321176529, 0.523923993111, 0.0259983260185],
        "mean": [1.20561730862, 7.89218521118, 5.78389406204, 5.9242682457, 11.029633522, 8.58832359314, 9.71154689789, 13.7851963043, 19.9405574799, 24.8252983093, 7.61976766586, 8.88098526001, 18.9136295319, 15.8368864059, 20.4240245819, 34.9225158691, 16.0438156128, 15.1878147125, 8.89450645447, 8.17563438416, 3.3369114399, 2.38673591614, 1.52290248871, 1.29002857208, 1.32889533043, 1.69953548908, 2.14709997177, 3.45748972893, 3.2427957058, 3.25090289116, 4.21927404404, 4.62731599808, 2.84021997452, 1.26731562614, 0.45070707798, 0.207853764296, 0.0604117847979, 0.0203787460923, 0.00312292459421, 0.000182141418918],
        "median": [0.147740095854, 0.917058944702, 0.535993695259, 0.612657606602, 0.531939208508, 1.48669755459, 4.0829744339, 6.68539905548, 6.4005112648, 4.36906480789, 1.45920777321, 1.77063798904, 3.02127218246, 1.16039085388, 2.1017844677, 1.85681343079, 0.736131191254, 1.18487870693, 0.995138347149, 0.951226830482, 0.444120287895, 0.313402026892, 0.150044068694, 0.112060561776, 0.0879566371441, 0.0762348622084, 0.0829986184835, 0.0996075123549, 0.0952366888523, 0.0844546705484, 0.0738854259253, 0.0586423128843, 0.0403856262565, 0.013532477431, 0.00395950488746, 0.00226682866924, 0.00191475776955, 0.00113777723163, 0.000257892534137, 3.970706166e-05],
        "min": [1.77329287392e-21, 1.43312886222e-20, 4.7512863413e-20, 1.67402912438e-19, 9.6518703821e-20, 4.33951925741e-19, 1.88909233548e-19, 1.96439937544e-19, 6.21450661249e-19, 9.76591144671e-19, 5.76627243119e-19, 1.54236851819e-18, 1.96510361633e-18, 1.75049408795e-18, 1.93162389463e-18, 4.47821107975e-18, 6.39239966143e-18, 3.54421952984e-18, 6.4012198883e-18, 1.17117326558e-17, 6.85589501483e-18, 1.28492474459e-17, 1.9715024374e-17, 1.207103758e-17, 1.1923002856e-17, 1.41168248069e-17, 1.00029462551e-17, 2.77501129149e-17, 1.86583309199e-17, 2.28944915816e-17, 1.62946755544e-17, 1.84384845111e-17, 1.83478751468e-17, 1.23295141506e-17, 9.41927355281e-18, 6.04993944321e-18, 2.61361962722e-18, 1.25155673363e-18, 3.90376593909e-19, 3.70338292204e-20],
        "var": [4.12439823151, 147.455993652, 139.102279663, 654.358215332, 1747.82495117, 603.790588379, 728.797241211, 2090.42431641, 1820.14660645, 9637.53027344, 942.399169922, 380.87411499, 3026.93408203, 4092.11254883, 3097.01367188, 12978.7158203, 2754.16821289, 1500.32666016, 534.368041992, 416.529388428, 69.5757522583, 35.8263130188, 16.8185310364, 16.7296466827, 18.4981994629, 28.1753997803, 39.9141082764, 144.416778564, 88.7890777588, 67.6143341064, 163.873504639, 289.18963623, 85.7149505615, 23.1829013824, 3.88835263252, 0.998275697231, 0.0821711048484, 0.027257470414, 0.000576203805394, 1.11745589493e-06]
    },
    "gfcc": {
        "mean": [-146.354980469, 113.551353455, -87.8703384399, -3.88477993011, -45.6206321716, 17.7523708344, -25.9695205688, -1.27710461617, -3.00765013695, 3.92509460449, -1.38919460773, 4.5775604248, -0.670070528984],
        "cov": [[36094.8828125, 443.110961914, 4657.9296875, 5023.13525391, -3716.1171875, 1391.47265625, -1491.94506836, -372.516357422, -591.43170166, 171.274291992, -194.797622681, 260.275634766, 8.66001033783], [443.110961914, 3990.97070312, 2498.00415039, 387.237030029, 1346.75878906, -202.170806885, 421.84854126, 42.4885787964, 322.53515625, -63.7263031006, 236.368637085, -128.362380981, 76.1351699829], [4657.9296875, 2498.00415039, 7660.29199219, 2752.5065918, 319.200836182, 669.399047852, -48.0285377502, 143.016983032, 110.194229126, -16.7739639282, -20.4537734985, -118.983337402, -143.716873169], [5023.13525391, 387.237030029, 2752.5065918, 2409.36425781, -294.095733643, 592.931030273, 27.3715610504, 44.4917793274, 44.8032836914, -39.1394882202, -48.3785896301, -130.189804077, -46.0719680786], [-3716.1171875, 1346.75878906, 319.200836182, -294.095733643, 1697.71472168, -9.74136638641, 436.664031982, 173.886001587, 231.820129395, 55.0724716187, 160.416122437, -39.8411598206, 19.9286708832], [1391.47265625, -202.170806885, 669.399047852, 592.931030273, -9.74136638641, 761.187011719, 100.759918213, 113.996253967, 95.2379608154, -34.9596710205, -3.99560570717, -35.3400344849, 3.83632731438], [-1491.94506836, 421.84854126, -48.0285377502, 27.3715610504, 436.664031982, 100.759918213, 495.59753418, 122.524635315, 168.578186035, 33.4644241333, 63.5512123108, -51.8529968262, 36.0835113525], [-372.516357422, 42.4885787964, 143.016983032, 44.4917793274, 173.886001587, 113.996253967, 122.524635315, 248.590621948, 120.251914978, 44.151096344, 30.1561832428, -35.5594902039, -25.3887176514], [-591.43170166, 322.53515625, 110.194229126, 44.8032836914, 231.820129395, 95.2379608154, 168.578186035, 120.251914978, 268.254272461, 81.125, 118.441421509, -7.10141515732, 8.74393081665], [171.274291992, -63.7263031006, -16.7739639282, -39.1394882202, 55.0724716187, -34.9596710205, 33.4644241333, 44.151096344, 81.125, 178.241714478, 75.5194244385, 53.3300895691, -22.2503814697], [-194.797622681, 236.368637085, -20.4537734985, -48.3785896301, 160.416122437, -3.99560570717, 63.5512123108, 30.1561832428, 118.441421509, 75.5194244385, 166.868270874, 51.5562133789, 24.9568805695], [260.275634766, -128.362380981, -118.983337402, -130.189804077, -39.8411598206, -35.3400344849, -51.8529968262, -35.5594902039, -7.10141515732, 53.3300895691, 51.5562133789, 126.166374207, 42.1096115112], [8.66001033783, 76.1351699829, -143.716873169, -46.0719680786, 19.9286708832, 3.83632731438, 36.0835113525, -25.3887176514, 8.74393081665, -22.2503814697, 24.9568805695, 42.1096115112, 114.72618103]],
        "icov": [[0.000109386783151, -0.000241447385633, 0.000107053259853, -0.000250254553976, 0.000253211299423, -0.000256945553701, 0.000273677113, -0.000174593689735, 0.000370652764104, -0.00049190572463, 0.00016994329053, -0.000402143487008, 1.24592925204e-05], [-0.000241447385633, 0.00124380923808, -0.000531188212335, 0.000655452720821, -0.000896162586287, 0.00101641449146, -0.000784334784839, 0.000824959133752, -0.00131088250782, 0.00167576281819, -0.001158780884, 0.0017504930729, -0.000623986241408], [0.000107053259853, -0.000531188212335, 0.000479435519082, -0.000600646424573, 0.000246427807724, -0.000425432168413, 0.000487103447085, -0.00042148551438, 0.000493736471981, -0.000631022441667, 0.000572989811189, -0.000998986768536, 0.00051076390082], [-0.000250254553976, 0.000655452720821, -0.000600646424573, 0.00154076365288, -0.000348675152054, 0.000191446903045, -0.000807699165307, 0.000703369092662, -0.000806793803349, 0.000885548943188, -0.000718759605661, 0.00203876569867, -0.000444638251793], [0.000253211299423, -0.000896162586287, 0.000246427807724, -0.000348675152054, 0.00168067705818, -0.000746347883251, 2.44992679654e-05, -0.000800214649644, 0.00106139678974, -0.00126737810206, 7.67920428189e-05, -0.000996304210275, 0.000314789183903], [-0.000256945553701, 0.00101641449146, -0.000425432168413, 0.000191446903045, -0.000746347883251, 0.00276906555519, -0.000962967227679, -2.9554912544e-05, -0.00181485712528, 0.00237240339629, -0.00053990498418, 0.000721027492546, -0.000326565408614], [0.000273677113, -0.000784334784839, 0.000487103447085, -0.000807699165307, 2.44992679654e-05, -0.000962967227679, 0.00425490690395, -0.00104001688305, -0.000100220575405, -0.00206169369631, 0.000859997875523, 0.000474769825814, -0.00150832999498], [-0.000174593689735, 0.000824959133752, -0.00042148551438, 0.000703369092662, -0.000800214649644, -2.9554912544e-05, -0.00104001688305, 0.00659887306392, -0.00288442731835, 7.26438011043e-05, -3.71117057512e-05, 0.00234483042732, 0.000528941687662], [0.000370652764104, -0.00131088250782, 0.000493736471981, -0.000806793803349, 0.00106139678974, -0.00181485712528, -0.000100220575405, -0.00288442731835, 0.0100741181523, -0.00412806402892, -0.00375457899645, 0.000534493767191, -0.00054186838679], [-0.00049190572463, 0.00167576281819, -0.000631022441667, 0.000885548943188, -0.00126737810206, 0.00237240339629, -0.00206169369631, 7.26438011043e-05, -0.00412806402892, 0.0126796551049, -0.00314530264586, -0.00313378171995, 0.00390373938717], [0.00016994329053, -0.001158780884, 0.000572989811189, -0.000718759605661, 7.67920428189e-05, -0.00053990498418, 0.000859997875523, -3.71117057512e-05, -0.00375457899645, -0.00314530264586, 0.0131686888635, -0.00571837136522, -0.000178272952326], [-0.000402143487008, 0.0017504930729, -0.000998986768536, 0.00203876569867, -0.000996304210275, 0.000721027492546, 0.000474769825814, 0.00234483042732, 0.000534493767191, -0.00313378171995, -0.00571837136522, 0.0185565892607, -0.00726113654673], [1.24592925204e-05, -0.000623986241408, 0.00051076390082, -0.000444638251793, 0.000314789183903, -0.000326565408614, -0.00150832999498, 0.000528941687662, -0.00054186838679, 0.00390373938717, -0.000178272952326, -0.00726113654673, 0.0136408656836]]
    },
    "melbands": {
        "dmean": [0.0064564361237, 0.00296468450688, 0.00143011286855, 0.000929595495109, 0.000320400751662, 0.000230490491958, 0.000263753405306, 0.000285668851575, 5.25000650669e-05, 4.13026682509e-05, 5.64831498195e-05, 3.50621339749e-05, 4.21176482632e-05, 5.92222895648e-05, 2.77522158285e-05, 2.40612353082e-05, 1.89579677681e-05, 1.07355353975e-05, 1.40547481351e-05, 5.56569648325e-06, 3.33141747433e-06, 2.52545305557e-06, 1.60553190653e-06, 1.22946073589e-06, 1.28061185478e-06, 1.09319933017e-06, 1.16173987408e-06, 1.24432881421e-06, 1.46331592532e-06, 1.83728889169e-06, 2.77378808278e-06, 2.23722850023e-06, 2.09130325857e-06, 1.93378423319e-06, 2.4439182198e-06, 4.61601257484e-06, 3.83239466828e-06, 2.88886667477e-06, 2.43647332354e-06, 1.21069331271e-06],
        "dmean2": [0.00967662315816, 0.00408106762916, 0.00243360921741, 0.00166057969909, 0.000571808544919, 0.000408653751947, 0.000454243185231, 0.0005052817869, 9.03492909856e-05, 6.54111281619e-05, 8.77815691638e-05, 5.58980827918e-05, 6.57330601825e-05, 9.22938852455e-05, 4.46392950835e-05, 3.82707257813e-05, 3.07566733682e-05, 1.84096425073e-05, 2.42474961851e-05, 9.53776361712e-06, 5.60289663554e-06, 4.21190043198e-06, 2.74714375337e-06, 2.1430880679e-06, 2.28249155043e-06, 1.93977825802e-06, 2.00761633096e-06, 2.08587539419e-06, 2.49376512329e-06, 3.13993200507e-06, 4.92300387123e-06, 3.91290177504e-06, 3.50160007656e-06, 3.15719807986e-06, 4.09672884416e-06, 8.07613741927e-06, 6.69474911774e-06, 5.01173735756e-06, 4.32971228292e-06, 2.14267538468e-06],
        "dvar": [0.000153989880346, 3.48437970388e-05, 2.8908601962e-05, 1.0137056961e-05, 1.12860561785e-06, 1.67065547885e-06, 7.31631473627e-07, 1.63527806762e-06, 4.86555364887e-08, 1.01075814385e-08, 3.09860084258e-08, 1.79350685414e-08, 1.71828045126e-08, 2.94166486725e-08, 7.26849069821e-09, 7.36929139933e-09, 2.65815613965e-09, 9.96905780148e-10, 2.28870011831e-09, 2.67246863528e-10, 8.6110132913e-11, 5.83898554507e-11, 2.45161200368e-11, 1.52799578546e-11, 1.70191378351e-11, 1.14542559465e-11, 1.21450818152e-11, 1.47554069657e-11, 2.00936073336e-11, 2.69434093092e-11, 9.58095061621e-11, 4.19676793317e-11, 2.482910752e-11, 2.25454845765e-11, 4.11121241217e-11, 2.51795417849e-10, 1.52759832561e-10, 6.63858204519e-11, 5.87525861295e-11, 2.00628541558e-11],
        "dvar2": [0.000364806852303, 6.78723590681e-05, 7.58338355809e-05, 2.8670343454e-05, 3.23302901961e-06, 4.85397686134e-06, 2.03194144888e-06, 4.54255541626e-06, 1.31856737084e-07, 2.25654481767e-08, 6.785815998e-08, 3.91197794158e-08, 4.27055084629e-08, 7.30908880087e-08, 1.86286897019e-08, 1.76376548922e-08, 6.18759354865e-09, 2.74012790236e-09, 6.1610161417e-09, 7.48297868114e-10, 2.3191720766e-10, 1.59584151449e-10, 6.48297665551e-11, 4.24662388587e-11, 4.82268391888e-11, 3.23611901165e-11, 3.27504898201e-11, 3.8203159386e-11, 5.36045548227e-11, 7.38961045132e-11, 2.70995864637e-10, 1.18892937162e-10, 6.43005718115e-11, 5.76555955756e-11, 1.09001134507e-10, 6.91585622103e-10, 4.18144296965e-10, 1.7980324174e-10, 1.64151817139e-10, 5.63808097431e-11],
        "max": [0.125674977899, 0.0619167611003, 0.0592024624348, 0.0407562293112, 0.0160560719669, 0.0227268543094, 0.010534199886, 0.0206127222627, 0.00355886877514, 0.00159765605349, 0.00375904794782, 0.00338725582696, 0.00218787812628, 0.00316959456541, 0.00157951493748, 0.00204960862175, 0.000951588968746, 0.000357921526302, 0.000680335331708, 0.000207211778616, 0.000140889082104, 0.000399222946726, 0.000170569619513, 7.67357560107e-05, 5.55381629965e-05, 4.5311418944e-05, 3.76149364456e-05, 4.08977139159e-05, 4.86462195113e-05, 4.5882876293e-05, 0.000116176524898, 6.39157588012e-05, 3.96730029024e-05, 4.37784074165e-05, 6.44018582534e-05, 0.000195010390598, 0.000141420052387, 7.09985906724e-05, 7.28741579223e-05, 7.63445495977e-05],
        "mean": [0.0109922029078, 0.00572094600648, 0.00116702716332, 0.000759855960496, 0.000338507757988, 0.000311517011141, 0.000326843874063, 0.000244529132033, 5.15899519087e-05, 5.89853734709e-05, 9.11310853553e-05, 5.70362280996e-05, 5.93584045419e-05, 9.68324457062e-05, 4.263558003e-05, 3.64929255738e-05, 2.80061140074e-05, 1.23358349811e-05, 1.5340236132e-05, 6.52322751193e-06, 3.73394755115e-06, 2.8288577596e-06, 1.74437570877e-06, 1.07041000774e-06, 1.03531010609e-06, 8.8972933554e-07, 1.01726936919e-06, 1.16179887755e-06, 1.30013347643e-06, 1.53472478814e-06, 2.15136356019e-06, 1.78354014224e-06, 1.82819871952e-06, 1.75220054643e-06, 2.05497622119e-06, 3.34541641678e-06, 2.75600586974e-06, 2.07682364817e-06, 1.6783880028e-06, 8.41729786316e-07],
        "median": [0.00149364373647, 0.000670545152389, 0.000122680241475, 6.72848764225e-05, 0.00013393482368, 0.000160410447279, 9.45698993746e-05, 4.00278513553e-05, 8.04573573987e-06, 1.12302604975e-05, 1.40758584166e-05, 3.42423618349e-06, 6.02527643423e-06, 6.96773213349e-06, 2.21528557631e-06, 1.33363369059e-06, 2.15708178075e-06, 1.39177655001e-06, 1.46572369886e-06, 9.37080073982e-07, 3.90380506587e-07, 3.37476762979e-07, 1.59869898653e-07, 8.47113881264e-08, 8.1990151557e-08, 5.62702027196e-08, 5.18074649847e-08, 4.69854732899e-08, 4.59687221621e-08, 5.24987022743e-08, 5.82178998343e-08, 5.32713428925e-08, 4.80186308494e-08, 4.45453096631e-08, 4.01191257993e-08, 3.87955374492e-08, 3.33996013069e-08, 2.97484650247e-08, 1.87605841973e-08, 8.34191826726e-09],
        "min": [2.02959096106e-23, 2.37651542109e-23, 2.58900441447e-23, 1.67186241983e-23, 1.15331977103e-23, 4.50121074291e-24, 9.14866998676e-24, 1.00209466218e-23, 5.91807671503e-24, 8.77147298948e-24, 9.64086002705e-24, 6.92327838477e-24, 6.02805339155e-24, 5.78578474122e-24, 2.03342892713e-23, 8.75083796592e-24, 5.99883990007e-24, 9.2901080139e-24, 1.70338861482e-23, 1.14184294926e-23, 7.31081734851e-24, 1.25229925321e-23, 1.24160119493e-23, 2.24798505163e-23, 7.70928676896e-24, 7.90174437514e-24, 1.17369825702e-23, 8.00729948629e-24, 5.99912941202e-24, 6.95822965604e-24, 2.01528717735e-23, 9.63265587363e-24, 1.09944995865e-23, 1.29539653884e-23, 9.20906596652e-24, 7.97489229144e-24, 1.3180097889e-23, 1.31668182045e-23, 1.27675157469e-23, 9.39001645868e-24],
        "var": [0.000304120534565, 8.15605017124e-05, 2.1572022888e-05, 6.54140649203e-06, 7.51125924126e-07, 9.99038434202e-07, 5.66860876461e-07, 1.04790274236e-06, 3.76742477215e-08, 1.66206106655e-08, 7.32706055828e-08, 5.77149776859e-08, 3.08173575547e-08, 7.73066162196e-08, 1.67724962807e-08, 1.7765479754e-08, 6.06753491894e-09, 9.79691328062e-10, 2.08678629932e-09, 2.53363802161e-10, 9.54649206908e-11, 5.36292364683e-11, 3.43472715547e-11, 1.1910313881e-11, 1.13712312136e-11, 8.58121559921e-12, 1.09819904906e-11, 1.43901505295e-11, 1.65698860882e-11, 2.14347654209e-11, 6.28182644791e-11, 3.05442927895e-11, 2.27674771397e-11, 2.06711939232e-11, 3.27360881458e-11, 1.64915955891e-10, 9.99186774986e-11, 4.51202374074e-11, 3.66684078934e-11, 1.22866153016e-11]
    },
    "mfcc": {
        "mean": [-779.317932129, 143.769226074, 27.7497749329, -2.52788639069, 7.74019861221, 15.9043245316, -3.45151400566, 3.24435901642, 1.9132668972, 4.47000980377, -0.490128517151, 6.11188173294, 5.09107542038],
        "cov": [[19185.40625, -8.96697902679, 1854.64440918, 541.655456543, -371.421661377, 286.255218506, -608.782287598, -156.662796021, -303.101379395, -146.064239502, -394.726959229, 112.287078857, 79.3943786621], [-8.96697902679, 3648.18139648, 997.122009277, 656.461120605, 588.076660156, 134.560684204, 117.957893372, 115.541465759, 66.8183517456, 106.67816925, 113.043807983, 106.668960571, 181.484176636], [1854.64440918, 997.122009277, 4425.77978516, 1795.3046875, 648.25177002, 448.615966797, 133.862884521, 264.343902588, 71.6718215942, 281.945983887, 41.4406852722, 22.1964912415, -37.6974945068], [541.655456543, 656.461120605, 1795.3046875, 1444.99975586, 451.226287842, 289.239990234, 180.688156128, 122.596855164, 85.240524292, 152.011154175, 88.194694519, 5.658203125, 30.7827148438], [-371.421661377, 588.076660156, 648.25177002, 451.226287842, 720.970458984, 277.137420654, 187.872924805, 167.567352295, 108.173973083, 122.520492554, 96.9008789062, 77.5746383667, 34.9144897461], [286.255218506, 134.560684204, 448.615966797, 289.239990234, 277.137420654, 427.22076416, 207.0753479, 150.847427368, 109.781974792, 77.1859207153, 67.1488494873, 65.2142486572, 8.73530960083], [-608.782287598, 117.957893372, 133.862884521, 180.688156128, 187.872924805, 207.0753479, 289.133666992, 162.211456299, 123.395324707, 85.9721755981, 82.9412841797, 22.8504981995, 6.64150381088], [-156.662796021, 115.541465759, 264.343902588, 122.596855164, 167.567352295, 150.847427368, 162.211456299, 232.651809692, 139.328460693, 115.076927185, 56.7873535156, 27.6567153931, 12.6844844818], [-303.101379395, 66.8183517456, 71.6718215942, 85.240524292, 108.173973083, 109.781974792, 123.395324707, 139.328460693, 186.058959961, 117.382591248, 74.7415924072, 33.7682266235, 25.1943569183], [-146.064239502, 106.67816925, 281.945983887, 152.011154175, 122.520492554, 77.1859207153, 85.9721755981, 115.076927185, 117.382591248, 176.557952881, 111.105545044, 56.2391738892, 40.5462989807], [-394.726959229, 113.043807983, 41.4406852722, 88.194694519, 96.9008789062, 67.1488494873, 82.9412841797, 56.7873535156, 74.7415924072, 111.105545044, 185.854263306, 110.622932434, 52.5847969055], [112.287078857, 106.668960571, 22.1964912415, 5.658203125, 77.5746383667, 65.2142486572, 22.8504981995, 27.6567153931, 33.7682266235, 56.2391738892, 110.622932434, 151.530731201, 78.3357086182], [79.3943786621, 181.484176636, -37.6974945068, 30.7827148438, 34.9144897461, 8.73530960083, 6.64150381088, 12.6844844818, 25.1943569183, 40.5462989807, 52.5847969055, 78.3357086182, 125.672691345]],
