{
"lowlevel": {
    "average_loudness": 0.929126441479,
    "barkbands_crest": {
        "dmean": 2.49841332436,
        "dmean2": 4.19672822952,
        "dvar": 5.58869075775,
        "dvar2": 15.2115926743,
        "max": 24.3417816162,
        "mean": 9.60000419617,
        "median": 8.97689819336,
        "min": 2.17663407326,
        "var": 13.8562278748
    },
    "barkbands_flatness_db": {
        "dmean": 0.021706033498,
        "dmean2": 0.0327115245163,
        "dvar": 0.000508216617163,
        "dvar2": 0.00107803416904,
        "max": 0.535432815552,
        "mean": 0.144837349653,
        "median": 0.103641740978,
        "min": 0.010098692961,
        "var": 0.0100405691192
    },
    "barkbands_kurtosis": {
        "dmean": 4.33524084091,
        "dmean2": 6.84482765198,
        "dvar": 86.3317184448,
        "dvar2": 187.883773804,
        "max": 331.799957275,
        "mean": 9.10167980194,
        "median": 2.9346780777,
        "min": -1.94467639923,
        "var": 324.345458984
    },
    "barkbands_skewness": {
        "dmean": 0.611819684505,
        "dmean2": 0.947460055351,
        "dvar": 0.4830031991,
        "dvar2": 1.02148449421,
        "max": 16.0018501282,
        "mean": 2.08718347549,
        "median": 1.78273534775,
        "min": -9.55830383301,
        "var": 2.25276207924
    },
    "barkbands_spread": {
        "dmean": 6.11303710938,
        "dmean2": 9.46421146393,
        "dvar": 61.2264099121,
        "dvar2": 137.646911621,
        "max": 124.168663025,
        "mean": 24.2078914642,
        "median": 25.0346946716,
        "min": 0.51141512394,
        "var": 283.291717529
    },
    "dissonance": {
        "dmean": 0.0197842214257,
        "dmean2": 0.0334071666002,
        "dvar": 0.000573168625124,
        "dvar2": 0.0015326422872,
        "max": 0.500000178814,
        "mean": 0.45531013608,
        "median": 0.471117019653,
        "min": 0.209881290793,
        "var": 0.00205596466549
    },
    "dynamic_complexity": 3.99382257462,
    "erbbands_crest": {
        "dmean": 1.96658444405,
        "dmean2": 3.20636057854,
        "dvar": 4.07770872116,
        "dvar2": 10.0116443634,
        "max": 29.7120742798,
        "mean": 7.28934049606,
        "median": 6.31640338898,
        "min": 2.14089941978,
        "var": 14.1766691208
    },
    "erbbands_flatness_db": {
        "dmean": 0.0157331060618,
        "dmean2": 0.0227228030562,
        "dvar": 0.000320682505844,
        "dvar2": 0.000622257241048,
        "max": 0.432855933905,
        "mean": 0.138663232327,
        "median": 0.116863436997,
        "min": 0.0432766862214,
        "var": 0.00408455729485
    },
    "erbbands_kurtosis": {
        "dmean": 1.11290073395,
        "dmean2": 1.73522222042,
        "dvar": 7.73865509033,
        "dvar2": 16.704580307,
        "max": 90.1128463745,
        "mean": 1.32386040688,
        "median": -0.722568035126,
        "min": -1.91317629814,
        "var": 37.145236969
    },
    "erbbands_skewness": {
        "dmean": 0.342046678066,
        "dmean2": 0.526805877686,
        "dvar": 0.18401132524,
        "dvar2": 0.398872852325,
        "max": 6.64807891846,
        "mean": 0.550560772419,
        "median": 0.247392609715,
        "min": -6.9237537384,
        "var": 1.23238503933
    },
    "erbbands_spread": {
        "dmean": 9.17142105103,
        "dmean2": 14.332698822,
        "dvar": 109.813423157,
        "dvar2": 252.771148682,
        "max": 158.995773315,
        "mean": 50.6854553223,
        "median": 52.1125640869,
        "min": 1.25473773479,
        "var": 527.787780762
    },
    "hfc": {
        "dmean": 6.39309883118,
        "dmean2": 9.46811199188,
        "dvar": 116.393341064,
        "dvar2": 233.564025879,
        "max": 202.609313965,
        "mean": 26.4608192444,
        "median": 25.3528614044,
        "min": 1.11995649198e-16,
        "var": 546.221984863
    },
    "melbands_crest": {
        "dmean": 3.3716647625,
        "dmean2": 5.49743700027,
        "dvar": 9.814453125,
        "dvar2": 24.7347221375,
        "max": 34.0434608459,
        "mean": 14.0915575027,
        "median": 13.3383378983,
        "min": 1.83727133274,
        "var": 22.9040794373
    },
    "melbands_flatness_db": {
        "dmean": 0.0274978522211,
        "dmean2": 0.0415370762348,
        "dvar": 0.000785839220043,
        "dvar2": 0.0016866835067,
        "max": 0.680420279503,
        "mean": 0.220674872398,
        "median": 0.178098872304,
        "min": 0.00753204384819,
        "var": 0.0135366311297
    },
    "melbands_kurtosis": {
        "dmean": 10.9442005157,
        "dmean2": 17.3089008331,
        "dvar": 448.827209473,
        "dvar2": 897.117675781,
        "max": 956.707458496,
        "mean": 24.3993873596,
        "median": 13.9797267914,
        "min": -1.92597031593,
        "var": 1408.27734375
    },
    "melbands_skewness": {
        "dmean": 0.876917362213,
        "dmean2": 1.38596999645,
        "dvar": 1.00408530235,
        "dvar2": 2.23814702034,
        "max": 22.0844211578,
        "mean": 3.47315645218,
        "median": 3.15062308311,
        "min": -5.13645553589,
        "var": 3.22822999954
    },
    "melbands_spread": {
        "dmean": 7.37319087982,
        "dmean2": 11.6004724503,
        "dvar": 193.63609314,
        "dvar2": 426.365447998,
        "max": 290.439453125,
        "mean": 20.9221458435,
        "median": 17.9294185638,
        "min": 0.405022352934,
        "var": 482.606781006
    },
    "pitch_salience": {
        "dmean": 0.0682716146111,
        "dmean2": 0.112392470241,
        "dvar": 0.00384515640326,
        "dvar2": 0.0096625732258,
        "max": 0.910039305687,
        "mean": 0.59853053093,
        "median": 0.613749027252,
        "min": 0.0586355365813,
        "var": 0.012169321999
    },
    "silence_rate_20dB": {
        "dmean": 0,
        "dmean2": 0,
        "dvar": 0,
        "dvar2": 0,
        "max": 1,
        "mean": 1,
        "median": 1,
        "min": 1,
        "var": 0
    },
    "silence_rate_30dB": {
        "dmean": 0.000191314335098,
        "dmean2": 0.00038266525371,
        "dvar": 0.000191259314306,
        "dvar2": 0.000573777826503,
        "max": 1,
        "mean": 0.999904334545,
        "median": 1,
        "min": 0,
        "var": 9.56342628342e-05
    },
    "silence_rate_60dB": {
        "dmean": 0.0204706341028,
        "dmean2": 0.0409451834857,
        "dvar": 0.0200496204197,
        "dvar2": 0.0438626110554,
        "max": 1,
        "mean": 0.0904830247164,
        "median": 0,
        "min": 0,
        "var": 0.0822960957885
    },
    "spectral_centroid": {
        "dmean": 252.709014893,
        "dmean2": 398.053253174,
        "dvar": 114669.109375,
        "dvar2": 229188.15625,
        "max": 11027.0585938,
        "mean": 1286.4029541,
        "median": 1366.30200195,
        "min": 144.240203857,
        "var": 596791
    },
    "spectral_complexity": {
        "dmean": 4.00153064728,
        "dmean2": 6.05759096146,
        "dvar": 21.9283790588,
        "dvar2": 42.1113014221,
        "max": 60,
        "mean": 22.0341472626,
        "median": 22,
        "min": 0,
        "var": 208.600662231
    },
    "spectral_decrease": {
        "dmean": 3.26604476797e-09,
        "dmean2": 5.34386490614e-09,
        "dvar": 2.12083219533e-17,
        "dvar2": 5.43384804379e-17,
        "max": 1.0471132467e-16,
        "mean": -8.22261903011e-09,
        "median": -7.66664598473e-09,
        "min": -3.78359459319e-08,
        "var": 3.91621745783e-17
    },
    "spectral_energy": {
        "dmean": 0.0126134110615,
        "dmean2": 0.020608311519,
        "dvar": 0.000313613534672,
        "dvar2": 0.000803318049293,
        "max": 0.148217976093,
        "mean": 0.0334341935813,
        "median": 0.0317773222923,
        "min": 1.03801029066e-20,
        "var": 0.000617770769168
    },
    "spectral_energyband_high": {
        "dmean": 0.000582610315178,
        "dmean2": 0.000854500860441,
        "dvar": 1.50592472892e-06,
        "dvar2": 2.6824645829e-06,
        "max": 0.0224724393338,
        "mean": 0.00181679381058,
        "median": 0.00135521101765,
        "min": 7.7416697868e-21,
        "var": 5.18705064678e-06
    },
    "spectral_energyband_low": {
        "dmean": 0.00884907692671,
        "dmean2": 0.0145848374814,
        "dvar": 0.000242395268288,
        "dvar2": 0.000629855087027,
        "max": 0.112574286759,
        "mean": 0.0139374919236,
        "median": 0.00967065989971,
        "min": 1.73207569941e-23,
        "var": 0.000272194942227
    },
    "spectral_energyband_middle_high": {
        "dmean": 0.00112476828508,
        "dmean2": 0.00172884890344,
        "dvar": 2.45817454925e-06,
        "dvar2": 5.53285053684e-06,
        "max": 0.0262893829495,
        "mean": 0.00412363465875,
        "median": 0.00354061811231,
        "min": 1.24339624792e-21,
        "var": 1.49952556967e-05
    },
    "spectral_energyband_middle_low": {
        "dmean": 0.00640288880095,
        "dmean2": 0.0108123151585,
        "dvar": 0.000100985023892,
        "dvar2": 0.000278172869002,
        "max": 0.119462274015,
        "mean": 0.014979781583,
        "median": 0.0135632194579,
        "min": 2.11384190527e-22,
        "var": 0.000149737024913
    },
    "spectral_entropy": {
        "dmean": 0.158652901649,
        "dmean2": 0.232296541333,
        "dvar": 0.04064841941,
        "dvar2": 0.0838796049356,
        "max": 9.81440162659,
        "mean": 7.48877239227,
        "median": 7.85716676712,
        "min": 4.6778011322,
        "var": 0.694543361664
    },
    "spectral_flux": {
        "dmean": 0.0291854590178,
        "dmean2": 0.0449467562139,
        "dvar": 0.00113972381223,
        "dvar2": 0.00239178771153,
        "max": 0.325875401497,
        "mean": 0.0926060453057,
        "median": 0.0882469117641,
        "min": 1.02076298802e-10,
        "var": 0.00354195619002
    },
    "spectral_kurtosis": {
        "dmean": 2.12880182266,
        "dmean2": 3.53081083298,
        "dvar": 27.1179275513,
        "dvar2": 77.9465103149,
        "max": 108.201843262,
        "mean": 5.60810422897,
        "median": 2.4550614357,
        "min": -1.23738098145,
        "var": 113.543388367
    },
    "spectral_rms": {
        "dmean": 0.000962436024565,
        "dmean2": 0.00152050913312,
        "dvar": 1.31060699005e-06,
        "dvar2": 3.19835407936e-06,
        "max": 0.0120250945911,
        "mean": 0.0052105281502,
        "median": 0.00556796789169,
        "min": 3.18228364667e-12,
        "var": 5.46917726751e-06
    },
    "spectral_rolloff": {
        "dmean": 619.38293457,
        "dmean2": 1005.65118408,
        "dvar": 1147522.125,
        "dvar2": 2399796.25,
        "max": 19681.3476562,
        "mean": 1447.34680176,
        "median": 775.1953125,
        "min": 86.1328125,
        "var": 3411120.25
    },
    "spectral_skewness": {
        "dmean": 0.24440972507,
        "dmean2": 0.388905525208,
        "dvar": 0.154848486185,
        "dvar2": 0.413951784372,
        "max": 8.81531906128,
        "mean": 1.58456587791,
        "median": 1.24743306637,
        "min": -0.421226382256,
        "var": 1.10087323189
    },
    "spectral_spread": {
        "dmean": 548854.125,
        "dmean2": 808943.5625,
        "dvar": 582408273920,
        "dvar2": 1.01126452019e+12,
        "max": 41790268,
        "mean": 5200974,
        "median": 5331532,
        "min": 771716.625,
        "var": 3.35114508698e+12
    },
    "spectral_strongpeak": {
        "dmean": 0.3185146451,
        "dmean2": 0.54824090004,
        "dvar": 0.313244014978,
        "dvar2": 0.78524017334,
        "max": 14.2792015076,
        "mean": 0.520478785038,
        "median": 0.34909299016,
        "min": 0,
        "var": 0.406388908625
    },
    "zerocrossingrate": {
        "dmean": 0.0119052063674,
        "dmean2": 0.0140700489283,
        "dvar": 0.000252826983342,
        "dvar2": 0.000283581786789,
        "max": 0.7578125,
        "mean": 0.0671790018678,
        "median": 0.06396484375,
        "min": 0.00341796875,
        "var": 0.00262625399046
    },
    "barkbands": {
        "dmean": [0.00125315960031, 0.00465354556218, 0.00376764917746, 0.00179237697739, 0.00461658556014, 0.00112282729242, 0.000539286993444, 0.000667763059027, 0.000629536458291, 0.000478283123812, 0.000273806857876, 0.000232322490774, 0.000185210068594, 0.000197173765628, 0.000168797603692, 0.00015756614448, 0.000221568465349, 0.000193407118786, 0.000190832797671, 0.00015830018674, 0.000149142128066, 0.000153310946189, 0.000177692854777, 0.00010934581951, 7.98306864453e-05, 4.34794455941e-05, 1.40923693834e-05],
        "dmean2": [0.00216800626367, 0.00765898171812, 0.00646297540516, 0.00309374323115, 0.00796067900956, 0.00187477085274, 0.000885790621396, 0.00109710462857, 0.00100390217267, 0.000750594888814, 0.000433609646279, 0.000366082094843, 0.000297434569802, 0.000319517130265, 0.000273939513136, 0.000255544815445, 0.000363917060895, 0.000311251438688, 0.000308940245304, 0.00026256495039, 0.000244779250352, 0.000239176675677, 0.000270140968496, 0.000160235344083, 0.000110767927254, 6.57347409287e-05, 2.16220742004e-05],
        "dvar": [8.28929296404e-06, 7.6960408478e-05, 4.24147292506e-05, 5.95456413066e-06, 7.52743799239e-05, 2.83588951788e-06, 8.32327657463e-07, 1.72811064658e-06, 1.31461820274e-06, 9.41684163536e-07, 3.1300152159e-07, 2.05237768114e-07, 1.19567062029e-07, 1.42809852832e-07, 1.09570628126e-07, 7.15942434226e-08, 1.40318761055e-07, 1.09684570759e-07, 8.22905406039e-08, 5.36934550155e-08, 5.67118050299e-08, 9.90172779325e-08, 2.36025925915e-07, 9.16477205237e-08, 8.18065828412e-08, 1.15573479675e-08, 1.50141510336e-09],
        "dvar2": [2.21560258069e-05, 0.000199595757294, 0.000116843235446, 1.67067755683e-05, 0.000212267710594, 7.6046662798e-06, 2.14329770643e-06, 4.43691305918e-06, 3.20056824421e-06, 2.17257229451e-06, 7.45308341266e-07, 4.85143061724e-07, 2.86737474653e-07, 3.70455580878e-07, 2.89605623038e-07, 1.70607876271e-07, 3.52603876763e-07, 2.67602047188e-07, 2.00122471483e-07, 1.38883450518e-07, 1.465916597e-07, 2.10052490957e-07, 4.69587234875e-07, 1.67840937593e-07, 1.44789879641e-07, 2.60133425911e-08, 3.54726426011e-09],
        "max": [0.0211345292628, 0.0652243718505, 0.0580238737166, 0.0463932976127, 0.0992301851511, 0.0330229029059, 0.0324971601367, 0.0252852048725, 0.0226251985878, 0.0322687774897, 0.0157968699932, 0.00895982515067, 0.00911892298609, 0.00808712560683, 0.00660370895639, 0.00487523945048, 0.00739618670195, 0.00646468857303, 0.00607390096411, 0.00411138497293, 0.00280973897316, 0.00972167402506, 0.0114874839783, 0.00765535188839, 0.00829725153744, 0.0021873479709, 0.00050664821174],
        "mean": [0.00114877521992, 0.00615827506408, 0.0054570431821, 0.0025306052994, 0.00676000863314, 0.00193317979574, 0.00089534977451, 0.00107467046473, 0.00125527463388, 0.000822575064376, 0.000483056792291, 0.000402498990297, 0.000312677584589, 0.00033999668085, 0.000316560617648, 0.000291802483844, 0.000432126340456, 0.000384584272979, 0.000435842666775, 0.000380243960535, 0.000353860348696, 0.000326822366333, 0.000399045296945, 0.000258088810369, 0.000178839880391, 8.02563663456e-05, 2.20926176553e-05],
        "median": [8.95982884686e-05, 0.00274465186521, 0.00350738200359, 0.00168911856599, 0.00467819720507, 0.00138382473961, 0.000553964171559, 0.000445613171905, 0.00059337640414, 0.000266283866949, 0.000212381200981, 0.000182582240086, 0.000144487406942, 0.000150396983372, 0.000121120392578, 0.000158804454259, 0.000259426771663, 0.000254993734416, 0.000347913301084, 0.00031319601112, 0.000274404184893, 0.000192852079635, 0.000226521937293, 0.000144433302921, 7.4941861385e-05, 1.63191289175e-05, 2.26235533773e-06],
        "min": [6.5806096321e-25, 1.60906502914e-24, 1.4008279566e-23, 5.36758867055e-24, 2.96649565687e-23, 1.85781287018e-23, 1.36899489472e-23, 3.46424598325e-24, 8.09175903688e-23, 1.16968973922e-23, 4.04503764608e-23, 6.40541802176e-23, 5.03302692307e-23, 6.65987362644e-23, 1.77024590182e-22, 8.19957991431e-23, 5.54934111871e-23, 9.9971705119e-23, 2.57431112281e-22, 3.25622899501e-22, 4.27432151969e-22, 4.31640403043e-22, 4.12780114572e-22, 7.62662695719e-22, 1.20585434482e-21, 1.8318043912e-21, 2.19761996839e-21],
        "var": [7.36288393455e-06, 8.48230338306e-05, 4.17443370679e-05, 8.3097957031e-06, 6.8774461397e-05, 4.37885228166e-06, 1.36453331834e-06, 3.1664526432e-06, 3.96029327021e-06, 2.81215807263e-06, 7.99481597369e-07, 4.47147328941e-07, 2.33526904481e-07, 2.80336934111e-07, 2.88063262133e-07, 1.69547817563e-07, 3.30871159804e-07, 2.53987593624e-07, 2.18169034838e-07, 1.54393930529e-07, 1.42199823472e-07, 2.23724597959e-07, 5.41726137726e-07, 2.43046940795e-07, 1.92683529576e-07, 2.21202576256e-08, 2.17898943333e-09]
    },
    "erbbands": {
        "dmean": [0.206803172827, 0.877202987671, 3.5953245163, 5.22597789764, 10.765794754, 18.7488613129, 10.9242563248, 9.19624137878, 7.96909666061, 11.4149103165, 12.6409273148, 13.735956192, 17.9256038666, 8.94360256195, 9.87975120544, 10.5556793213, 8.49548625946, 9.29902553558, 7.7002696991, 7.49660634995, 9.44912910461, 11.5765028, 9.40382671356, 10.9939718246, 8.0626411438, 7.37223243713, 6.17547130585, 5.96351718903, 5.24080324173, 5.74362516403, 5.04829406738, 2.9128177166, 1.61685955524, 1.04041719437, 0.543514728546, 0.223613291979, 0.0757083818316, 0.0183296576142, 0.00250627426431, 0.00012128509843],
        "dmean2": [0.335378617048, 1.51239955425, 6.13576936722, 8.96337127686, 18.5838928223, 32.4182357788, 18.158323288, 15.4066038132, 13.0549383163, 18.775434494, 20.6405525208, 21.6966400146, 28.4942779541, 13.9847831726, 15.725399971, 16.6333580017, 13.5944747925, 15.0437583923, 12.4442081451, 12.017001152, 15.3217067719, 18.9871082306, 15.2436380386, 17.8632926941, 13.0498046875, 12.2080984116, 10.0526037216, 9.82027816772, 8.23451519012, 8.83039474487, 7.6884303093, 4.34257555008, 2.39304280281, 1.48589944839, 0.764127016068, 0.335079610348, 0.115337781608, 0.0281828660518, 0.00387857528403, 0.000186144083273],
        "dvar": [0.191637277603, 2.85843777657, 39.9028244019, 49.7414970398, 300.217681885, 1481.05053711, 234.84928894, 228.934661865, 186.648284912, 402.107910156, 661.323303223, 726.212524414, 1405.94433594, 456.690582275, 336.732421875, 420.607666016, 243.054016113, 357.207427979, 196.477645874, 181.643325806, 273.122955322, 390.5625, 283.936096191, 285.687561035, 140.020080566, 117.331535339, 96.5864334106, 90.7032546997, 122.789863586, 198.205718994, 184.100280762, 53.4340629578, 27.1161842346, 12.3139419556, 4.46629333496, 0.322117507458, 0.0360896401107, 0.00242539914325, 4.83272851852e-05, 1.04632675857e-07],
        "dvar2": [0.478409737349, 7.89867210388, 108.225090027, 138.661483765, 840.484619141, 4149.84130859, 637.794006348, 608.50012207, 478.053863525, 1015.53082275, 1688.7364502, 1693.76660156, 3392.69677734, 1084.17272949, 760.961425781, 978.035888672, 577.874450684, 906.824829102, 521.743713379, 454.938537598, 656.24987793, 977.17590332, 679.523132324, 712.20489502, 344.667785645, 307.406707764, 249.118621826, 232.118911743, 264.943328857, 398.472473145, 374.010803223, 100.924781799, 52.0380859375, 23.3000297546, 8.66152000427, 0.69588893652, 0.0831964537501, 0.00571296131238, 0.000114927868708, 2.44131967975e-07],
        "max": [3.22982287407, 14.5051355362, 50.1325035095, 78.8116531372, 238.944366455, 362.358551025, 207.40512085, 356.040252686, 423.347686768, 394.998809814, 426.867462158, 673.539001465, 1281.79968262, 549.525146484, 428.386962891, 389.22555542, 377.927185059, 480.81072998, 273.459533691, 387.936920166, 307.177703857, 357.153900146, 417.949707031, 364.822631836, 212.107467651, 204.836990356, 137.074401855, 119.643013, 322.698394775, 537.645568848, 295.189758301, 201.720306396, 132.459609985, 121.917381287, 87.6650238037, 16.9781513214, 2.40730762482, 0.749171853065, 0.0949980169535, 0.00553803518414],
        "mean": [0.232924744487, 1.2102458477, 5.3917427063, 8.28485202789, 15.124712944, 24.0596981049, 19.4217720032, 15.3807010651, 13.4577159882, 19.666519165, 23.2876987457, 27.8821163177, 32.3321304321, 17.3396816254, 17.6974906921, 19.0386161804, 15.8984498978, 16.8936061859, 15.6858949661, 15.5579795837, 18.6399860382, 23.1654319763, 19.9742870331, 24.4128952026, 19.5930366516, 17.9148082733, 14.6902151108, 13.8597755432, 10.9771995544, 12.8335256577, 11.1750307083, 6.60359191895, 3.64893841743, 2.32308244705, 1.10669755936, 0.425776332617, 0.132130548358, 0.0300420615822, 0.00389786413871, 0.000215074949665],
        "median": [0.0563483685255, 0.625166475773, 3.49864840508, 6.04563426971, 9.98761177063, 14.2906064987, 14.1526069641, 10.4700336456, 8.52317905426, 10.8119726181, 9.41726016998, 13.8899068832, 12.3202266693, 7.72400474548, 9.20275115967, 8.9590845108, 8.37645244598, 7.73079538345, 7.87694549561, 7.75756597519, 11.209815979, 14.4618434906, 13.6048660278, 19.3544330597, 16.0467510223, 14.9671535492, 11.0005531311, 10.5718231201, 6.71740865707, 7.3668012619, 6.1836104393, 3.68193936348, 1.94517338276, 1.08546090126, 0.374763071537, 0.110084354877, 0.0201520621777, 0.00352126965299, 0.000415717979195, 7.17310540495e-05],
        "min": [2.63349048973e-23, 7.67081578966e-22, 1.29707057615e-20, 1.74852152068e-20, 3.78766002488e-20, 1.58924763524e-19, 8.16522261113e-20, 1.48304010028e-19, 1.55553317519e-19, 3.03751655223e-19, 2.75604017297e-19, 1.7960074264e-18, 1.04158810207e-18, 1.61544289427e-18, 2.20133564593e-18, 3.86639231635e-18, 2.89792718723e-18, 3.4227685296e-18, 6.73613911447e-18, 6.48937211259e-18, 5.58808811127e-18, 4.74276535994e-18, 6.49389100028e-18, 8.50033875799e-18, 1.46033856781e-17, 1.62180091465e-17, 1.77547965737e-17, 1.74098572952e-17, 1.69123759856e-17, 1.28583505686e-17, 1.32260182888e-17, 9.88388022336e-18, 1.74368994838e-17, 1.51691672909e-17, 7.03566493659e-18, 5.76051680509e-18, 3.37850650861e-18, 1.2553211292e-18, 2.82685432973e-19, 3.03397731781e-20],
        "var": [0.19862267375, 2.8313369751, 41.4984931946, 68.3808517456, 320.847259521, 1232.23547363, 370.163146973, 329.711608887, 298.015258789, 849.397888184, 1397.99804688, 2386.96484375, 4147.67724609, 1284.20874023, 779.409301758, 973.740600586, 520.249511719, 716.956665039, 478.435577393, 495.530609131, 669.408874512, 898.906005859, 703.039855957, 709.951049805, 432.968719482, 333.333129883, 256.819763184, 220.017974854, 252.495834351, 465.095397949, 427.749633789, 138.022094727, 63.7608604431, 28.0957736969, 9.03954792023, 0.662219762802, 0.0644421428442, 0.00379285984673, 6.79490112816e-05, 1.5318586577e-07]
    },
    "gfcc": {
        "mean": [-10.7112426758, 88.8015289307, -90.5982589722, 43.6871376038, -61.600227356, 6.58197498322, -36.1159629822, 2.83137774467, -22.9444389343, -6.64683246613, -15.4039649963, -3.93087220192, -11.1583051682],
        "cov": [[24978.9121094, -4241.41894531, -2484.3972168, 192.273513794, -612.786132812, 1361.03613281, 118.668571472, 1060.89111328, -426.276885986, 638.762512207, -312.272521973, 577.979919434, -250.387512207], [-4241.41894531, 2772.68432617, 133.365341187, 58.47397995, 282.183959961, -357.670257568, 99.3962554932, -307.580078125, 253.348220825, -259.730133057, 251.586685181, -238.014389038, 202.332077026], [-2484.3972168, 133.365341187, 1071.37939453, 84.400062561, 105.211578369, -55.5843467712, -16.4327163696, -62.2125816345, 42.6316604614, -15.7912025452, 0.514463126659, -5.1089091301, -18.8294830322], [192.273513794, 58.47397995, 84.400062561, 481.609680176, -0.925502300262, 107.973884583, 17.1026306152, 9.84616184235, 41.4797973633, -1.54632878304, 47.5816650391, -40.8716087341, 30.7823143005], [-612.786132812, 282.183959961, 105.211578369, -0.925502300262, 338.874755859, -79.5000457764, 52.4708442688, -1.44818115234, 43.7476806641, 10.0435276031, 28.3853778839, -2.33990550041, 17.4371414185], [1361.03613281, -357.670257568, -55.5843467712, 107.973884583, -79.5000457764, 285.65335083, 41.8862571716, 97.4700012207, -8.88910484314, 55.5976715088, -5.7411699295, 28.3156871796, -15.5389966965], [118.668571472, 99.3962554932, -16.4327163696, 17.1026306152, 52.4708442688, 41.8862571716, 182.731643677, 31.9628620148, -0.240735635161, 10.5320711136, 39.5279998779, -3.59022068977, 10.3555488586], [1060.89111328, -307.580078125, -62.2125816345, 9.84616184235, -1.44818115234, 97.4700012207, 31.9628620148, 172.15461731, 12.3556032181, 50.7074737549, -17.607875824, 41.3857421875, -20.9738082886], [-426.276885986, 253.348220825, 42.6316604614, 41.4797973633, 43.7476806641, -8.88910484314, -0.240735635161, 12.3556032181, 133.722976685, 2.40870118141, 21.6605854034, -25.7924156189, 28.2604122162], [638.762512207, -259.730133057, -15.7912025452, -1.54632878304, 10.0435276031, 55.5976715088, 10.5320711136, 50.7074737549, 2.40870118141, 108.815834045, -0.665765523911, 25.5086364746, -14.5583763123], [-312.272521973, 251.586685181, 0.514463126659, 47.5816650391, 28.3853778839, -5.7411699295, 39.5279998779, -17.607875824, 21.6605854034, -0.665765523911, 110.042243958, -12.1038455963, 26.7777137756], [577.979919434, -238.014389038, -5.1089091301, -40.8716087341, -2.33990550041, 28.3156871796, -3.59022068977, 41.3857421875, -25.7924156189, 25.5086364746, -12.1038455963, 93.5807113647, -7.43184566498], [-250.387512207, 202.332077026, -18.8294830322, 30.7823143005, 17.4371414185, -15.5389966965, 10.3555488586, -20.9738082886, 28.2604122162, -14.5583763123, 26.7777137756, -7.43184566498, 68.5281448364]],
        "icov": [[0.000109984575829, -1.30139760586e-05, 0.000219485984417, -9.79927863227e-05, 3.54345283995e-05, -0.00024545690394, 2.17736269406e-05, -0.000286290654913, 0.000211069273064, -0.000293515360681, 0.000193689629668, -0.00036751962034, 0.000124082172988], [-1.30139760586e-05, 0.00135865027551, -1.02635985968e-05, 0.000307116337353, -0.0005640705931, 0.000453726912383, -0.00048757737386, 0.00103850360028, -0.0016947160475, 0.00215043546632, -0.00187580916099, 0.00162542413455, -0.0014968640171], [0.000219485984417, -1.02635985968e-05, 0.00149230728857, -0.000468618061859, -0.000237419793848, -0.000395108072553, 3.63239305443e-05, 5.19887635164e-06, -6.93337860866e-05, -0.000477399065858, 0.000506747222971, -0.00113416230306, 0.00102588138543], [-9.79927863227e-05, 0.000307116337353, -0.000468618061859, 0.00286583858542, -0.000293235905701, -0.00108044280205, 0.000253840873484, 0.000311185314786, -0.0007114133914, 0.00102751574013, -0.00151298218407, 0.00201530894265, -0.00147295533679], [3.54345283995e-05, -0.0005640705931, -0.000237419793848, -0.000293235905701, 0.00400781584904, 0.00123556260951, -0.00107158371247, -0.00083487376105, -0.000179863665835, -0.00176367885433, 0.000604730041232, -0.00120202312246, 0.000361005222658], [-0.00024545690394, 0.000453726912383, -0.000395108072553, -0.00108044280205, 0.00123556260951, 0.00652308715507, -0.00147253111936, -0.00120909698308, -0.000766515790019, -0.000440009491285, -0.000625154410955, 0.000514344719704, -0.000319839309668], [2.17736269406e-05, -0.00048757737386, 3.63239305443e-05, 0.000253840873484, -0.00107158371247, -0.00147253111936, 0.00713178049773, -0.00187764142174, 0.00184985762462, -0.000502746435814, -0.00179585698061, 0.000644132844172, -0.000396587827709], [-0.000286290654913, 0.00103850360028, 5.19887635164e-06, 0.000311185314786, -0.00083487376105, -0.00120909698308, -0.00187764142174, 0.0110381366685, -0.00426973123103, 0.000456434616353, -0.0003188890405, -0.00131086341571, 0.00118994060904], [0.000211069273064, -0.0016947160475, -6.93337860866e-05, -0.0007114133914, -0.000179863665835, -0.000766515790019, 0.00184985762462, -0.00426973123103, 0.0124137392268, -0.00380793982185, 0.00156704941764, 0.000753699277993, -0.00209783692844], [-0.000293515360681, 0.00215043546632, -0.000477399065858, 0.00102751574013, -0.00176367885433, -0.000440009491285, -0.000502746435814, 0.000456434616353, -0.00380793982185, 0.0158087313175, -0.00432443618774, 0.00160260219127, -0.000657325901557], [0.000193689629668, -0.00187580916099, 0.000506747222971, -0.00151298218407, 0.000604730041232, -0.000625154410955, -0.00179585698061, -0.0003188890405, 0.00156704941764, -0.00432443618774, 0.014474498108, -0.00288806925528, -0.000591019052081], [-0.00036751962034, 0.00162542413455, -0.00113416230306, 0.00201530894265, -0.00120202312246, 0.000514344719704, 0.000644132844172, -0.00131086341571, 0.000753699277993, 0.00160260219127, -0.00288806925528, 0.0173755269498, -0.00439238036051], [0.000124082172988, -0.0014968640171, 0.00102588138543, -0.00147295533679, 0.000361005222658, -0.000319839309668, -0.000396587827709, 0.00118994060904, -0.00209783692844, -0.000657325901557, -0.000591019052081, -0.00439238036051, 0.0211488045752]]
    },
    "melbands": {
        "dmean": [0.00152051122859, 0.0015761051327, 0.000924873980694, 0.00111038028263, 0.000465029443149, 0.000207240213058, 0.000115880116937, 0.000133727691718, 0.000107814805233, 8.76941921888e-05, 8.90923402039e-05, 3.61550955859e-05, 3.33793796017e-05, 2.61950845015e-05, 2.49856275332e-05, 1.67069283634e-05, 1.98896959773e-05, 1.29705713334e-05, 1.43372490129e-05, 1.0228634892e-05, 1.26320537674e-05, 1.39421554195e-05, 9.63028196566e-06, 1.01048262877e-05, 9.81346420303e-06, 7.28611485101e-06, 5.78898607273e-06, 5.1986080507e-06, 4.32384285887e-06, 3.90844843423e-06, 3.64802667718e-06, 3.03568435811e-06, 3.58602733286e-06, 3.49451079273e-06, 3.27880457007e-06, 2.49708750744e-06, 1.65526546425e-06, 1.22305868899e-06, 1.20128720482e-06, 8.66849745762e-07],
        "dmean2": [0.00247441115789, 0.00268236617558, 0.00157525378745, 0.00194115773775, 0.00077136605978, 0.000345369888237, 0.000188931779121, 0.000220461050048, 0.000175079723704, 0.000138686591526, 0.000141584765515, 5.67477618461e-05, 5.32918711542e-05, 4.14404130424e-05, 3.91707544622e-05, 2.69180909527e-05, 3.2259249565e-05, 2.10694379348e-05, 2.3282955226e-05, 1.64666216733e-05, 2.07431767194e-05, 2.29751276493e-05, 1.56986825459e-05, 1.64698794833e-05, 1.60797735589e-05, 1.18278057926e-05, 9.62017475103e-06, 8.65529818839e-06, 7.10194444764e-06, 6.45474892735e-06, 6.03126090937e-06, 4.83549865749e-06, 5.6575072449e-06, 5.38472841072e-06, 5.07335698785e-06, 3.81564314011e-06, 2.49310164691e-06, 1.86523175216e-06, 1.8008591951e-06, 1.27132011585e-06],
        "dvar": [9.39466917771e-06, 7.93317030912e-06, 1.40198324061e-06, 5.10869085701e-06, 4.48798203934e-07, 1.06503826203e-07, 3.85592109353e-08, 6.04618719535e-08, 4.70174583711e-08, 2.866486426e-08, 3.43839516859e-08, 7.53886020277e-09, 4.01084676582e-09, 2.57898524758e-09, 2.2362873775e-09, 9.81445480441e-10, 1.67496594372e-09, 6.05801131481e-10, 8.96465901512e-10, 3.2545760531e-10, 5.21687359978e-10, 6.20091256121e-10, 2.75034273134e-10, 3.21551701932e-10, 2.31118901795e-10, 1.29191157772e-10, 7.5823389234e-11, 6.13959161289e-11, 4.54768583902e-11, 3.59474360001e-11, 3.52141822646e-11, 4.09093522946e-11, 5.70666500166e-11, 8.50464698665e-11, 7.92837184793e-11, 4.29028756965e-11, 1.69541377465e-11, 1.4541886792e-11, 1.64677698561e-11, 7.95903360579e-12],
        "dvar2": [2.37496115005e-05, 2.14567498915e-05, 3.86045076084e-06, 1.44223622556e-05, 1.22196911434e-06, 2.83427254999e-07, 9.87342332337e-08, 1.53198158159e-07, 1.19727673109e-07, 6.63978525495e-08, 8.27056112485e-08, 1.77890981945e-08, 9.37979827142e-09, 6.19112006106e-09, 5.14450926303e-09, 2.38831376898e-09, 4.27254231994e-09, 1.58475021994e-09, 2.40843966992e-09, 8.01175625842e-10, 1.28184551862e-09, 1.5436638634e-09, 6.9641314937e-10, 7.92004573036e-10, 5.82292603024e-10, 3.15914988613e-10, 1.98050797984e-10, 1.61672675247e-10, 1.17479345696e-10, 9.6071969824e-11, 9.0288866661e-11, 9.2857069256e-11, 1.25486621094e-10, 1.75085834719e-10, 1.65790409179e-10, 9.30280019684e-11, 3.21823678817e-11, 2.93467854184e-11, 3.48771879433e-11, 1.51421652994e-11],
        "max": [0.0230148881674, 0.022306278348, 0.017013721168, 0.0269167404622, 0.00748970173299, 0.00728050945327, 0.00681896926835, 0.00527708418667, 0.00421825563535, 0.00434210384265, 0.00631924858317, 0.00210376200266, 0.00171810586471, 0.0011109765619, 0.00117201998364, 0.000560140470043, 0.000887704838533, 0.000490668870043, 0.000600356783252, 0.000295317411656, 0.000479859823827, 0.000461549148895, 0.000303851731587, 0.000395514653064, 0.000321591825923, 0.000266121933237, 0.000180385919521, 0.000163467164384, 9.91769193206e-05, 8.45896647661e-05, 7.3401206464e-05, 0.000158219714649, 0.000249907257967, 0.000351899216184, 0.000200834008865, 0.00013465473603, 0.000118146272143, 0.000101050340163, 0.000131007938762, 9.43257691688e-05],
        "mean": [0.00187879428267, 0.00243423972279, 0.00161736400332, 0.00146367005073, 0.000802812690381, 0.000352652888978, 0.000197717410629, 0.000222665505135, 0.000200599708478, 0.000175608307472, 0.000156310852617, 6.51173613733e-05, 5.82496541028e-05, 4.72057108709e-05, 4.60140399809e-05, 2.75100683211e-05, 3.34719479724e-05, 2.39014698309e-05, 2.64231784968e-05, 1.92500683625e-05, 2.25904659601e-05, 2.57213832811e-05, 1.80816459761e-05, 1.91090821318e-05, 1.99346559384e-05, 1.55354664457e-05, 1.26984250528e-05, 1.16599494504e-05, 9.2010031949e-06, 8.70833264344e-06, 7.71886789153e-06, 5.76442380407e-06, 6.95515063853e-06, 7.27399810785e-06, 6.70553254167e-06, 5.23652670381e-06, 3.52382858182e-06, 2.49879690273e-06, 2.39688120018e-06, 1.79362234576e-06],
        "median": [0.00071984983515, 0.00164581136778, 0.00132297025993, 0.000959374243394, 0.000581984815653, 0.000249530945439, 0.000128250059788, 0.000115248563816, 7.38383241696e-05, 8.47704723128e-05, 5.53389072593e-05, 2.58062354987e-05, 2.72725901596e-05, 2.35763673118e-05, 2.11408641917e-05, 1.24987154777e-05, 1.30956877911e-05, 1.23433073895e-05, 9.04869466467e-06, 1.00768374978e-05, 1.28408673845e-05, 1.51618714881e-05, 1.00877023215e-05, 1.27656776385e-05, 1.4948682292e-05, 1.16869596241e-05, 9.55532323133e-06, 9.3662783911e-06, 6.43956354907e-06, 6.49624644211e-06, 5.43487021787e-06, 3.42641192219e-06, 3.46990987055e-06, 4.11305609305e-06, 3.4909983242e-06, 2.81531742985e-06, 1.9127712676e-06, 1.28998362925e-06, 1.10147300347e-06, 7.62240404129e-07],
        "min": [3.84339171348e-25, 4.71014647011e-24, 4.85701580458e-24, 7.21980173271e-24, 3.9087466208e-24, 3.34193743863e-24, 2.35890473247e-24, 2.76364244167e-24, 2.95379105199e-24, 1.29368329073e-23, 4.89649277086e-24, 5.17332812276e-24, 6.65534335603e-24, 8.45271480806e-24, 1.20961501515e-23, 5.41258016899e-24, 5.7158707602e-24, 7.72107787291e-24, 1.05124258984e-23, 6.48912484128e-24, 6.64366505919e-24, 2.93422138508e-24, 5.22136422987e-24, 5.54325458351e-24, 6.77356126243e-24, 8.80198849588e-24, 9.51430070544e-24, 9.31269546819e-24, 1.038599595e-23, 9.44507894987e-24, 1.07823038916e-23, 9.31655930891e-24, 8.20095537219e-24, 6.46206848995e-24, 6.50933309109e-24, 6.30849186563e-24, 5.5567740817e-24, 1.11064113388e-23, 1.15536323632e-23, 1.31793626706e-23],
        "var": [1.00528741314e-05, 8.18509124656e-06, 2.14937472265e-06, 4.20578817284e-06, 6.55820485918e-07, 1.58455051746e-07, 6.19758679932e-08, 1.21851940094e-07, 1.10206634929e-07, 1.00066678499e-07, 1.01206282466e-07, 1.99859417904e-08, 9.33687172022e-09, 5.64160584915e-09, 5.03612529457e-09, 1.89998750066e-09, 3.26596749645e-09, 1.12061337987e-09, 2.3395232418e-09, 7.64185381641e-10, 1.17399701072e-09, 1.31299204842e-09, 6.18463946722e-10, 6.53774645532e-10, 5.14950915242e-10, 3.20347276483e-10, 2.06731673447e-10, 1.51610182741e-10, 1.10022130295e-10, 8.8542895238e-11, 7.588244616e-11, 7.36648381183e-11, 1.23371340921e-10, 1.78146400409e-10, 1.73733694098e-10, 8.82291045778e-11, 4.35277508481e-11, 3.26224602887e-11, 3.06133035588e-11, 1.80311581638e-11]
    },
    "mfcc": {
        "mean": [-651.588562012, 110.43334198, 25.9984931946, 33.7207832336, 3.53094887733, 3.79698848724, -2.06620979309, 5.06911230087, -4.1315612793, -0.534944236279, -3.90102791786, -2.93187236786, -4.31143951416],
        "cov": [[18766.9765625, -2372.51147461, -1669.76391602, -514.840270996, -418.678833008, 166.030151367, 246.132263184, 330.612579346, 166.181488037, 393.330352783, 177.252410889, 146.617904663, 18.9881515503], [-2372.51147461, 1868.70263672, 125.803077698, 168.850112915, 130.427246094, -31.9265289307, -42.7557296753, -54.8826751709, -33.2799453735, -81.9166259766, -45.8780174255, 15.1851072311, 42.7344245911], [-1669.76391602, 125.803077698, 765.457214355, 150.160400391, 82.5818252563, 57.9689712524, -11.0093889236, 18.4007415771, -8.23958301544, -9.10314273834, 12.0839691162, -8.23326683044, -4.14920282364], [-514.840270996, 168.850112915, 150.160400391, 331.342559814, 109.571289062, 53.5793495178, 41.7226486206, 2.20774364471, 5.25736570358, 22.4340763092, -2.40210580826, 20.4500102997, 7.79774951935], [-418.678833008, 130.427246094, 82.5818252563, 109.571289062, 235.830810547, 23.8174285889, -17.2591762543, 8.44622325897, 17.7753543854, 21.7464523315, 9.54652690887, 8.76401424408, 17.648059845], [166.030151367, -31.9265289307, 57.9689712524, 53.5793495178, 23.8174285889, 146.068832397, 58.3614234924, 12.8888788223, 14.043797493, 33.2829055786, 15.9920024872, 9.05858516693, -1.33215582371], [246.132263184, -42.7557296753, -11.0093889236, 41.7226486206, -17.2591762543, 58.3614234924, 187.576797485, 43.3644065857, -0.142889171839, 31.2447509766, 25.8722686768, 31.7679710388, -4.0961098671], [330.612579346, -54.8826751709, 18.4007415771, 2.20774364471, 8.44622325897, 12.8888788223, 43.3644065857, 110.291038513, 31.092924118, 15.8322219849, 25.3678226471, 12.6572933197, 2.90677213669], [166.181488037, -33.2799453735, -8.23958301544, 5.25736570358, 17.7753543854, 14.043797493, -0.142889171839, 31.092924118, 91.4418334961, 46.1045265198, 10.0698890686, 3.6705956459, 4.4183588028], [393.330352783, -81.9166259766, -9.10314273834, 22.4340763092, 21.7464523315, 33.2829055786, 31.2447509766, 15.8322219849, 46.1045265198, 120.259162903, 39.6627120972, 15.2661943436, -5.89499998093], [177.252410889, -45.8780174255, 12.0839691162, -2.40210580826, 9.54652690887, 15.9920024872, 25.8722686768, 25.3678226471, 10.0698890686, 39.6627120972, 81.6229934692, 23.5943908691, -10.6841669083], [146.617904663, 15.1851072311, -8.23326683044, 20.4500102997, 8.76401424408, 9.05858516693, 31.7679710388, 12.6572933197, 3.6705956459, 15.2661943436, 23.5943908691, 72.2734985352, 26.5323562622], [18.9881515503, 42.7344245911, -4.14920282364, 7.79774951935, 17.648059845, -1.33215582371, -4.0961098671, 2.90677213669, 4.4183588028, -5.89499998093, -10.6841669083, 26.5323562622, 75.0959777832]],
