{
"lowlevel": {
    "average_loudness": 0.412078082561,
    "barkbands_crest": {
        "dmean": 1.77075791359,
        "dmean2": 2.68014597893,
        "dvar": 4.28527164459,
        "dvar2": 9.53560161591,
        "max": 26.7477169037,
        "mean": 13.2666959763,
        "median": 12.4516496658,
        "min": 2.3089556694,
        "var": 23.8973407745
    },
    "barkbands_flatness_db": {
        "dmean": 0.0174284186214,
        "dmean2": 0.0250266306102,
        "dvar": 0.000446749007097,
        "dvar2": 0.000791851256508,
        "max": 0.444496333599,
        "mean": 0.25348418951,
        "median": 0.261225938797,
        "min": 0.0169429052621,
        "var": 0.00519443815574
    },
    "barkbands_kurtosis": {
        "dmean": 4.60515069962,
        "dmean2": 6.84698390961,
        "dvar": 255.543426514,
        "dvar2": 550.887634277,
        "max": 817.016357422,
        "mean": 11.5317001343,
        "median": 3.25798535347,
        "min": -1.89140677452,
        "var": 715.800109863
    },
    "barkbands_skewness": {
        "dmean": 0.462934464216,
        "dmean2": 0.662382721901,
        "dvar": 0.628523826599,
        "dvar2": 1.15900945663,
        "max": 25.7299842834,
        "mean": 2.12692189217,
        "median": 1.56646859646,
        "min": -3.94627428055,
        "var": 3.67793536186
    },
    "barkbands_spread": {
        "dmean": 2.23770165443,
        "dmean2": 3.42108798027,
        "dvar": 39.6066703796,
        "dvar2": 86.1768035889,
        "max": 105.039451599,
        "mean": 9.42841625214,
        "median": 6.74587249756,
        "min": 0.225945860147,
        "var": 126.73248291
    },
    "dissonance": {
        "dmean": 0.0271827150136,
        "dmean2": 0.0450816601515,
        "dvar": 0.000717193353921,
        "dvar2": 0.00185622111894,
        "max": 0.500000238419,
        "mean": 0.41155987978,
        "median": 0.418479591608,
        "min": 0.147985994816,
        "var": 0.00256943120621
    },
    "dynamic_complexity": 6.54596376419,
    "erbbands_crest": {
        "dmean": 1.87949299812,
        "dmean2": 2.86730146408,
        "dvar": 4.7956867218,
        "dvar2": 10.4977827072,
        "max": 30.9425945282,
        "mean": 11.4094743729,
        "median": 10.4114456177,
        "min": 2.30636405945,
        "var": 23.7553901672
    },
    "erbbands_flatness_db": {
        "dmean": 0.0135102067143,
        "dmean2": 0.018713824451,
        "dvar": 0.000292749464279,
        "dvar2": 0.000536793202627,
        "max": 0.427861154079,
        "mean": 0.260372519493,
        "median": 0.258005559444,
        "min": 0.0410487689078,
        "var": 0.0050223916769
    },
    "erbbands_kurtosis": {
        "dmean": 1.13906264305,
        "dmean2": 1.72646033764,
        "dvar": 7.06546258926,
        "dvar2": 15.3708543777,
        "max": 103.037002563,
        "mean": 1.56551003456,
        "median": 0.0547958612442,
        "min": -1.90815353394,
        "var": 20.3227863312
    },
    "erbbands_skewness": {
        "dmean": 0.29734608531,
        "dmean2": 0.435648113489,
        "dvar": 0.187130719423,
        "dvar2": 0.338796466589,
        "max": 9.00415611267,
        "mean": 0.758422315121,
        "median": 0.595261573792,
        "min": -4.32803201675,
        "var": 0.988253653049
    },
    "erbbands_spread": {
        "dmean": 4.03192186356,
        "dmean2": 6.12911653519,
        "dvar": 72.8694458008,
        "dvar2": 175.044799805,
        "max": 159.036071777,
        "mean": 22.3666763306,
        "median": 18.7562255859,
        "min": 2.84625267982,
        "var": 189.277603149
    },
    "hfc": {
        "dmean": 2.21011066437,
        "dmean2": 2.9947988987,
        "dvar": 30.421579361,
        "dvar2": 55.5487632751,
        "max": 174.083770752,
        "mean": 10.1747264862,
        "median": 4.3918170929,
        "min": 1.18373582298e-16,
        "var": 201.383483887
    },
    "melbands_crest": {
        "dmean": 2.13426971436,
        "dmean2": 3.20994305611,
        "dvar": 6.04726266861,
        "dvar2": 13.5733299255,
        "max": 38.9487686157,
        "mean": 16.4140644073,
        "median": 15.4772481918,
        "min": 1.80910599232,
        "var": 35.5663604736
    },
    "melbands_flatness_db": {
        "dmean": 0.0185397155583,
        "dmean2": 0.0251814164221,
        "dvar": 0.000625497137662,
        "dvar2": 0.00100151041988,
        "max": 0.569286644459,
        "mean": 0.334405034781,
        "median": 0.346975922585,
        "min": 0.00282025127672,
        "var": 0.00803126208484
    },
    "melbands_kurtosis": {
        "dmean": 6.46093320847,
        "dmean2": 9.46005344391,
        "dvar": 309.000366211,
        "dvar2": 651.704345703,
        "max": 449.662994385,
        "mean": 17.6079654694,
        "median": 5.65873241425,
        "min": -1.89692926407,
        "var": 1212.78771973
    },
    "melbands_skewness": {
        "dmean": 0.504755795002,
        "dmean2": 0.722719728947,
        "dvar": 0.643525958061,
        "dvar2": 1.27418494225,
        "max": 16.3938484192,
        "mean": 2.57986879349,
        "median": 1.94649958611,
        "min": -1.71658074856,
        "var": 4.15099620819
    },
    "melbands_spread": {
        "dmean": 3.2079668045,
        "dmean2": 4.68573188782,
        "dvar": 129.80859375,
        "dvar2": 232.43208313,
        "max": 244.181686401,
        "mean": 12.0699501038,
        "median": 8.6041135788,
        "min": 0.350837022066,
        "var": 326.426452637
    },
    "pitch_salience": {
        "dmean": 0.049140881747,
        "dmean2": 0.0752323716879,
        "dvar": 0.00316072488204,
        "dvar2": 0.0068086758256,
        "max": 0.862650036812,
        "mean": 0.511667072773,
        "median": 0.530049443245,
        "min": 0.0586462169886,
        "var": 0.0187050290406
    },
    "silence_rate_20dB": {
        "dmean": 0,
        "dmean2": 0,
        "dvar": 0,
        "dvar2": 0,
        "max": 1,
        "mean": 1,
        "median": 1,
        "min": 1,
        "var": 0
    },
    "silence_rate_30dB": {
        "dmean": 0,
        "dmean2": 0,
        "dvar": 0,
        "dvar2": 0,
        "max": 1,
        "mean": 1,
        "median": 1,
        "min": 1,
        "var": 0
    },
    "silence_rate_60dB": {
        "dmean": 0.0421445704997,
        "dmean2": 0.0842966362834,
        "dvar": 0.0403636805713,
        "dvar2": 0.0858916789293,
        "max": 1,
        "mean": 0.273026317358,
        "median": 0,
        "min": 0,
        "var": 0.198499336839
    },
    "spectral_centroid": {
        "dmean": 95.2249145508,
        "dmean2": 132.840530396,
        "dvar": 77209.359375,
        "dvar2": 118198.335938,
        "max": 10979.1767578,
        "mean": 646.017456055,
        "median": 505.835784912,
        "min": 178.083679199,
        "var": 302804.5
    },
    "spectral_complexity": {
        "dmean": 1.31537294388,
        "dmean2": 2.09372210503,
        "dvar": 2.77543234825,
        "dvar2": 5.66482925415,
        "max": 39,
        "mean": 9.07316875458,
        "median": 9,
        "min": 0,
        "var": 25.0097122192
    },
    "spectral_decrease": {
        "dmean": 8.49959047589e-10,
        "dmean2": 1.20366783207e-09,
        "dvar": 1.84875797484e-18,
        "dvar2": 3.5963711995e-18,
        "max": 5.99700760538e-29,
        "mean": -4.6141463983e-09,
        "median": -2.55996557286e-09,
        "min": -2.49796130447e-08,
        "var": 2.05464649667e-17
    },
    "spectral_energy": {
        "dmean": 0.00335395219736,
        "dmean2": 0.00474869832397,
        "dvar": 2.83573554043e-05,
        "dvar2": 5.55270707991e-05,
        "max": 0.0985725149512,
        "mean": 0.0183377508074,
        "median": 0.0101953353733,
        "min": 1.05104993676e-20,
        "var": 0.000326934154145
    },
    "spectral_energyband_high": {
        "dmean": 8.14799204818e-05,
        "dmean2": 0.000108909152914,
        "dvar": 3.02501746319e-07,
        "dvar2": 5.35689878234e-07,
        "max": 0.0192582067102,
        "mean": 0.000144146426464,
        "median": 6.68202665111e-06,
        "min": 7.3933281981e-21,
        "var": 5.35118260814e-07
    },
    "spectral_energyband_low": {
        "dmean": 0.000346801505657,
        "dmean2": 0.000537144078407,
        "dvar": 1.13418445835e-06,
        "dvar2": 2.73786031357e-06,
        "max": 0.0492343939841,
        "mean": 0.00117272185162,
        "median": 0.000442353164544,
        "min": 7.09485216067e-23,
        "var": 4.43510089099e-06
    },
    "spectral_energyband_middle_high": {
        "dmean": 0.000763352843933,
        "dmean2": 0.00101009965874,
        "dvar": 4.05355103794e-06,
        "dvar2": 7.10342374077e-06,
        "max": 0.0821136832237,
        "mean": 0.00287774065509,
        "median": 0.000738263363019,
        "min": 1.63903778504e-21,
        "var": 4.08215273637e-05
    },
    "spectral_energyband_middle_low": {
        "dmean": 0.0030105416663,
        "dmean2": 0.00427629239857,
        "dvar": 2.44705915975e-05,
        "dvar2": 4.78360670968e-05,
        "max": 0.090326115489,
        "mean": 0.0145686352625,
        "median": 0.00708384439349,
        "min": 3.217530382e-22,
        "var": 0.000226938878768
    },
    "spectral_entropy": {
        "dmean": 0.158936917782,
        "dmean2": 0.225457876921,
        "dvar": 0.0480364263058,
        "dvar2": 0.0799093544483,
        "max": 9.79941749573,
        "mean": 6.43767499924,
        "median": 6.34975337982,
        "min": 4.4436841011,
        "var": 0.368342220783
    },
    "spectral_flux": {
        "dmean": 0.0144929029047,
        "dmean2": 0.02270164527,
        "dvar": 0.000401038152631,
        "dvar2": 0.000935230462346,
        "max": 0.283220022917,
        "mean": 0.0383018963039,
        "median": 0.0274409763515,
        "min": 1.02520728018e-10,
        "var": 0.00135624804534
    },
    "spectral_kurtosis": {
        "dmean": 10.87936306,
        "dmean2": 18.586517334,
        "dvar": 209.945480347,
        "dvar2": 621.116699219,
        "max": 140.263366699,
        "mean": 27.7810230255,
        "median": 15.4847192764,
        "min": -1.18491446972,
        "var": 735.255371094
    },
    "spectral_rms": {
        "dmean": 0.000367012544302,
        "dmean2": 0.000509169592988,
        "dvar": 2.78088975847e-07,
        "dvar2": 4.9182665407e-07,
        "max": 0.00980654451996,
        "mean": 0.00360087445006,
        "median": 0.00315383402631,
        "min": 3.20220954787e-12,
        "var": 4.92424896947e-06
    },
    "spectral_rolloff": {
        "dmean": 204.210739136,
        "dmean2": 330.132293701,
        "dvar": 622948.8125,
        "dvar2": 1236685,
        "max": 19164.5507812,
        "mean": 888.931884766,
        "median": 645.99609375,
        "min": 21.533203125,
        "var": 1618731.875
    },
    "spectral_skewness": {
        "dmean": 0.722959280014,
        "dmean2": 1.21026647091,
        "dvar": 0.686796724796,
        "dvar2": 2.02709913254,
        "max": 9.32548046112,
        "mean": 3.37374353409,
        "median": 2.98834657669,
        "min": -0.0215563178062,
        "var": 2.59947419167
    },
    "spectral_spread": {
        "dmean": 368416.65625,
        "dmean2": 544607.4375,
        "dvar": 414986698752,
        "dvar2": 670857035776,
        "max": 39617444,
        "mean": 2688917.5,
        "median": 2580064.25,
        "min": 561089.6875,
        "var": 3.14094885274e+12
    },
    "spectral_strongpeak": {
        "dmean": 0.27484858036,
        "dmean2": 0.440206080675,
        "dvar": 0.345179706812,
        "dvar2": 0.816100656986,
        "max": 13.7940483093,
        "mean": 1.05001890659,
        "median": 0.68551325798,
        "min": 0,
        "var": 1.5752427578
    },
    "zerocrossingrate": {
        "dmean": 0.00545566482469,
        "dmean2": 0.00604229606688,
        "dvar": 0.000213665378396,
        "dvar2": 0.000202550319955,
        "max": 0.50341796875,
        "mean": 0.0312749184668,
        "median": 0.0244140625,
        "min": 0.00048828125,
        "var": 0.00118278968148
    },
    "barkbands": {
        "dmean": [5.73144679947e-05, 0.000150507155922, 0.000129251551698, 0.000311366922688, 0.00184321787674, 0.000832122925203, 0.000595144520048, 0.000483107898617, 0.000456940993899, 0.000361732818419, 0.00021020451095, 0.000134585934575, 0.000173001710209, 0.000104494676634, 7.32276239432e-05, 6.50884103379e-05, 0.000102592392068, 3.85969469789e-05, 2.23871647904e-05, 1.56266196427e-05, 1.79152521014e-05, 1.95722386707e-05, 1.87037203432e-05, 1.3425461475e-05, 8.58159000927e-06, 7.42428937883e-06, 1.51431811446e-06],
        "dmean2": [8.94054828677e-05, 0.00024739667424, 0.000208502897294, 0.000453073327662, 0.0025830513332, 0.00118112459313, 0.000847934454214, 0.000692147121299, 0.000619473867118, 0.000487077719299, 0.000287693488644, 0.000191583385458, 0.000248047232162, 0.000154412991833, 0.000109608256025, 9.79746109806e-05, 0.00014837969502, 5.72380813537e-05, 3.34039214067e-05, 2.32387919823e-05, 2.6621923098e-05, 2.71594344667e-05, 2.62112462224e-05, 1.88474477909e-05, 1.25229871628e-05, 1.05607214209e-05, 2.18244872485e-06],
        "dvar": [6.61964122628e-07, 2.43759643581e-07, 1.57062117978e-07, 8.98396478988e-07, 1.26919831018e-05, 6.00987868893e-06, 3.64114248441e-06, 3.12750398734e-06, 2.62729668066e-06, 1.7405033077e-06, 9.4074550816e-07, 6.73863269185e-07, 6.78536991927e-07, 1.60695009299e-07, 9.16293743103e-08, 1.38689557616e-07, 3.07021849721e-07, 2.25131238096e-08, 5.16524600869e-08, 1.80456609655e-08, 2.17842863748e-08, 1.76793655271e-08, 1.35991404804e-08, 1.10269500198e-08, 8.67790639347e-09, 7.73670105758e-09, 5.56960921827e-10],
        "dvar2": [1.46070203755e-06, 6.69144526455e-07, 3.89294200431e-07, 1.61577929703e-06, 2.49560525845e-05, 1.16893615996e-05, 7.23242237655e-06, 6.21222534392e-06, 4.94474352308e-06, 2.75853312814e-06, 1.81260088539e-06, 1.41169095969e-06, 1.25193412259e-06, 3.20104362572e-07, 1.85942951703e-07, 2.8518900308e-07, 6.45778698072e-07, 5.03257879814e-08, 1.21812746556e-07, 4.09408933422e-08, 4.95497403108e-08, 2.98498612494e-08, 2.62909942705e-08, 2.07991828205e-08, 2.06998045371e-08, 1.6138555381e-08, 1.25693078168e-09],
        "max": [0.04450699687, 0.0192149952054, 0.0128255886957, 0.0265491642058, 0.0652132332325, 0.0780081823468, 0.0714936330914, 0.0512260943651, 0.0516775660217, 0.0477454699576, 0.0751836150885, 0.0645338818431, 0.0515080653131, 0.0225263815373, 0.0134522244334, 0.0222248528153, 0.0278802365065, 0.0055926903151, 0.0152362044901, 0.00722999544814, 0.00630772253498, 0.00728027056903, 0.00457653589547, 0.00429224362597, 0.00558095984161, 0.00614723749459, 0.00151118147187],
        "mean": [6.49518697173e-05, 0.000443817378255, 0.000454179302324, 0.000967834435869, 0.00676348665729, 0.00245916726999, 0.00143919035327, 0.00114893831778, 0.00131589744706, 0.000976266688667, 0.000571752840187, 0.000247970689088, 0.000399436423322, 0.000204876399948, 0.000152379856445, 0.000117953197332, 0.000333172327373, 8.05010058684e-05, 3.88953230868e-05, 2.40073532041e-05, 2.60873439402e-05, 3.25556393364e-05, 3.41278573615e-05, 1.88130070455e-05, 1.0444155123e-05, 9.44187377172e-06, 1.61908644714e-06],
        "median": [1.03059119283e-06, 0.000144892735989, 0.000104815859231, 6.3781204517e-05, 0.00159426906612, 0.000791499216575, 0.000378875352908, 0.000130633445224, 0.000115517650556, 0.000114004971692, 0.000103767393739, 4.87301003886e-05, 5.64607980778e-05, 3.72668364435e-05, 2.40710105572e-05, 1.52057345986e-05, 1.07789619506e-05, 7.21624519429e-06, 3.36608195539e-06, 1.80749498213e-06, 1.03351908365e-06, 8.0011625414e-07, 8.88728209247e-07, 5.13299767135e-07, 4.61194815671e-07, 3.53434700173e-07, 1.54303436695e-09],
        "min": [4.03413685055e-24, 3.33166031653e-23, 1.28698901709e-23, 2.43655767563e-23, 7.69053175871e-23, 5.76928500541e-23, 1.7964693107e-23, 6.35929427127e-23, 5.47562490701e-23, 6.3949387935e-23, 5.32440090257e-23, 1.51483962509e-22, 4.75148846134e-23, 9.93909141662e-23, 1.16089427145e-22, 1.46312972965e-22, 2.02000065281e-22, 2.12555630038e-22, 4.17990307349e-22, 4.03092423029e-22, 4.07814607516e-22, 4.74492892514e-22, 7.4336945514e-22, 5.39607364898e-22, 1.0349324962e-21, 1.52864411033e-21, 2.63408052613e-21],
        "var": [1.02373348909e-06, 8.77027559909e-07, 1.14242868676e-06, 8.21674166218e-06, 9.47422595345e-05, 2.83475164906e-05, 1.14726326501e-05, 1.0637602827e-05, 1.78237169166e-05, 1.25712076624e-05, 5.96671225139e-06, 1.28356748519e-06, 4.00633871322e-06, 4.10672470252e-07, 2.91082528747e-07, 3.22041387335e-07, 3.70006273442e-06, 6.30784313671e-08, 5.76506984373e-08, 2.06484696008e-08, 2.73588476318e-08, 3.43264048297e-08, 2.33478125722e-08, 1.62348197108e-08, 9.2058742851e-09, 9.33390342794e-09, 5.95159699301e-10]
    },
    "erbbands": {
        "dmean": [0.0037673865445, 0.0367626585066, 0.135712683201, 0.522494792938, 3.41727805138, 7.68806409836, 7.27562761307, 6.66279125214, 8.5385799408, 9.04942321777, 10.3169317245, 9.3846654892, 12.4069852829, 8.62936401367, 7.28838729858, 5.84628677368, 7.65218782425, 5.55739402771, 4.51540660858, 2.80079627037, 4.05341863632, 3.76906895638, 2.56399321556, 1.18243324757, 1.00100290775, 0.717657923698, 0.607546150684, 0.752503275871, 0.710440278053, 0.597058296204, 0.549855589867, 0.407813131809, 0.143692597747, 0.0942017510533, 0.064106233418, 0.0363664478064, 0.0130004435778, 0.00248109758832, 0.000283077999484, 1.17591653179e-05],
        "dmean2": [0.00619317498058, 0.0605950690806, 0.216995596886, 0.754762291908, 4.586561203, 11.0026102066, 10.1491146088, 9.59070682526, 12.2882957458, 12.6931800842, 14.274474144, 12.5543079376, 16.2656078339, 11.3633794785, 9.55122756958, 8.39261627197, 10.7624645233, 8.09634208679, 6.51351451874, 4.15446376801, 5.93002223969, 5.36489868164, 3.72755861282, 1.68185758591, 1.48889601231, 1.06425631046, 0.894833981991, 1.09952485561, 0.977735161781, 0.845075190067, 0.771615922451, 0.56726449728, 0.199743002653, 0.138646587729, 0.0939682722092, 0.0528775788844, 0.0186624135822, 0.00351901794784, 0.000409174361266, 1.68331444002e-05],
        "dvar": [0.000710852153134, 0.0103813195601, 0.157120749354, 2.29394650459, 55.3987159729, 311.447418213, 444.266906738, 506.830718994, 724.086853027, 936.915893555, 1614.01867676, 1181.04101562, 1849.38537598, 1452.44775391, 822.710510254, 1522.95031738, 1624.81054688, 316.634338379, 401.918243408, 140.148880005, 446.636260986, 333.496063232, 94.0886993408, 45.5653152466, 140.14666748, 31.8722000122, 28.5536613464, 35.8738327026, 23.5824947357, 15.7803535461, 10.9879989624, 9.01462173462, 1.43484652042, 1.01497280598, 0.481403559446, 0.179365128279, 0.0230864975601, 0.000995244365185, 2.31794929277e-05, 2.23858780402e-08],
        "dvar2": [0.00196117442101, 0.0281477626413, 0.395148038864, 4.00536155701, 93.0752105713, 620.695800781, 839.89855957, 1011.42932129, 1483.78356934, 1871.26672363, 3036.07861328, 2142.68383789, 2828.98388672, 2433.84521484, 1413.38061523, 3261.7097168, 2806.25170898, 632.056030273, 746.545166016, 299.005981445, 949.210327148, 674.349853516, 191.469192505, 104.832138062, 313.751556396, 70.7888336182, 63.5862808228, 78.0211105347, 39.2480316162, 30.6412982941, 21.1056995392, 16.3769016266, 2.8782184124, 2.40949964523, 1.13913094997, 0.374974727631, 0.048204112798, 0.0022897773888, 5.02914263052e-05, 5.46698153414e-08],
        "max": [1.59529232979, 3.75788593292, 14.5935220718, 52.9901924133, 179.271224976, 367.619598389, 560.165710449, 766.74407959, 737.429321289, 1036.2590332, 1394.97839355, 1148.18933105, 1849.14953613, 2087.27783203, 1861.28125, 3234.89038086, 2781.82470703, 514.479125977, 900.643859863, 428.505950928, 1018.27276611, 862.59588623, 331.100006104, 353.630493164, 770.518310547, 257.74206543, 303.348266602, 204.540725708, 286.616729736, 131.628311157, 120.278846741, 119.784759521, 57.5568580627, 53.5546417236, 41.9173355103, 29.2421970367, 10.2312030792, 1.84786522388, 0.341239005327, 0.0104035949335],
        "mean": [0.0069745965302, 0.123928487301, 0.544074654579, 1.79821825027, 13.4267244339, 23.8280754089, 22.3908176422, 18.6273880005, 20.8662433624, 24.610616684, 25.6840267181, 26.932926178, 38.4276428223, 23.225107193, 20.6600971222, 12.8038711548, 18.553194046, 12.2602462769, 10.1461791992, 5.79355192184, 11.1675167084, 12.7915534973, 6.6454577446, 2.8109061718, 1.60694921017, 1.17226171494, 0.926547527313, 1.11856865883, 1.19210672379, 0.990211725235, 1.00585532188, 0.635176062584, 0.187163501978, 0.112594388425, 0.0776848047972, 0.0442411862314, 0.0166759006679, 0.00315866153687, 0.000300267827697, 2.92424429063e-05],
        "median": [0.00168336741626, 0.0443645343184, 0.172144517303, 0.327511996031, 1.51920545101, 5.06740188599, 5.25953245163, 7.35940170288, 6.54781389236, 4.42621850967, 3.27053689957, 3.1722202301, 3.72560238838, 3.92991828918, 4.44290924072, 2.91227340698, 3.0360250473, 2.3761074543, 1.69492840767, 1.04600000381, 0.920711636543, 0.643819987774, 0.501073658466, 0.264779180288, 0.156688898802, 0.0866001099348, 0.0460932813585, 0.0357238650322, 0.0262729618698, 0.0327895544469, 0.0224396213889, 0.0139078292996, 0.00712037598714, 0.00431110709906, 0.00318307941779, 0.00169381429441, 0.000606404733844, 6.22797670076e-05, 8.5853107521e-06, 1.29352974909e-05],
        "min": [8.66619214949e-22, 7.64097104853e-21, 1.42860166396e-20, 7.19131889872e-20, 1.06633248631e-19, 2.97307737306e-19, 2.95818321065e-19, 6.0831508482e-19, 3.77354289526e-19, 5.24708269695e-19, 1.49501542665e-18, 1.23557394984e-18, 2.37280501703e-18, 1.39637599976e-18, 3.40534934667e-18, 5.69789220169e-18, 2.48035669464e-18, 5.655511603e-18, 5.42311314195e-18, 7.5434256197e-18, 6.99983064527e-18, 1.089011566e-17, 1.17338051432e-17, 1.53619102998e-17, 2.32135500332e-17, 1.98159718415e-17, 1.8940844532e-17, 1.40586888991e-17, 1.9102596392e-17, 1.69218753277e-17, 2.2523941137e-17, 1.25051700896e-17, 9.3762411358e-18, 9.70031726491e-18, 8.70938963265e-18, 5.50880367674e-18, 2.59655944068e-18, 1.33578615726e-18, 3.95245534091e-19, 3.84587059867e-20],
        "var": [0.00080229062587, 0.0601582527161, 1.20232629776, 20.0080089569, 695.162719727, 1695.67883301, 3014.47949219, 1566.95397949, 2154.93066406, 4047.90649414, 6068.42626953, 7067.56591797, 15597.8964844, 7846.32421875, 5104.87255859, 3039.71264648, 9193.53808594, 1085.09997559, 1317.86206055, 392.380828857, 2892.86889648, 4393.05712891, 492.647460938, 103.859153748, 157.828414917, 40.1907653809, 34.2137107849, 52.0544471741, 48.3050613403, 25.1553783417, 19.5087108612, 14.1290683746, 1.95516479015, 1.07706773281, 0.517708599567, 0.210412561893, 0.0286392625421, 0.0011476916261, 2.47957104875e-05, 2.08934949342e-08]
    },
    "gfcc": {
        "mean": [-142.331359863, 162.214523315, -119.013015747, -11.2399597168, -49.0954437256, -7.90153884888, -43.2159538269, -7.68312931061, -22.965341568, -9.19493198395, -8.70128631592, -1.42572200298, -5.89271020889],
        "cov": [[18002.8203125, -4713.5234375, -139.082962036, 1474.19226074, -2284.80273438, -57.487663269, -867.991271973, -61.3889427185, -395.33190918, -146.818023682, -1340.04406738, 536.315979004, -1133.2109375], [-4713.5234375, 4641.97265625, -752.823242188, -1461.78723145, 1602.79931641, -493.055786133, 493.910675049, -121.025970459, 172.795700073, -89.516784668, 779.153015137, -386.894805908, 594.626403809], [-139.082962036, -752.823242188, 1021.72692871, 529.970397949, -179.193954468, 372.011169434, -72.501701355, 39.9582824707, -45.865901947, 57.0048904419, -151.018829346, 28.5610351562, -157.191558838], [1474.19226074, -1461.78723145, 529.970397949, 1067.53613281, -320.16619873, 214.060012817, -167.136795044, 83.4866333008, 2.69830155373, 23.6264400482, -213.965393066, 128.608184814, -165.108322144], [-2284.80273438, 1602.79931641, -179.193954468, -320.16619873, 861.271118164, -112.759613037, 210.072952271, 26.8924350739, 61.8363571167, 2.07880187035, 305.642608643, -153.056762695, 247.98336792], [-57.487663269, -493.055786133, 372.011169434, 214.060012817, -112.759613037, 418.156982422, 59.8286781311, 72.9152069092, 1.12520301342, 73.11769104, -52.2567634583, 28.2554855347, -104.688079834], [-867.991271973, 493.910675049, -72.501701355, -167.136795044, 210.072952271, 59.8286781311, 263.806396484, 28.9586009979, 20.107837677, 56.6186218262, 126.673065186, -34.2843208313, 51.4975509644], [-61.3889427185, -121.025970459, 39.9582824707, 83.4866333008, 26.8924350739, 72.9152069092, 28.9586009979, 136.615966797, 24.0789871216, 25.333814621, 4.45441579819, 7.99667739868, -17.9616127014], [-395.33190918, 172.795700073, -45.865901947, 2.69830155373, 61.8363571167, 1.12520301342, 20.107837677, 24.0789871216, 160.037368774, 12.0396242142, 56.1313056946, 5.44319438934, 44.6009674072], [-146.818023682, -89.516784668, 57.0048904419, 23.6264400482, 2.07880187035, 73.11769104, 56.6186218262, 25.333814621, 12.0396242142, 146.686401367, 24.5816669464, 21.0852279663, 3.28735399246], [-1340.04406738, 779.153015137, -151.018829346, -213.965393066, 305.642608643, -52.2567634583, 126.673065186, 4.45441579819, 56.1313056946, 24.5816669464, 267.403808594, -28.0243339539, 146.862228394], [536.315979004, -386.894805908, 28.5610351562, 128.608184814, -153.056762695, 28.2554855347, -34.2843208313, 7.99667739868, 5.44319438934, 21.0852279663, -28.0243339539, 133.882080078, -19.7090244293], [-1133.2109375, 594.626403809, -157.191558838, -165.108322144, 247.98336792, -104.688079834, 51.4975509644, -17.9616127014, 44.6009674072, 3.28735399246, 146.862228394, -19.7090244293, 218.851425171]],
        "icov": [[0.000170993618667, -0.000226054689847, 0.000297418533592, -0.000289816991426, 0.000273175217444, -1.31376236823e-05, 0.000214649524423, -5.06275900989e-05, 0.00027937599225, -0.000169501247001, 0.000596654776018, -0.000518334272783, 0.000622631225269], [-0.000226054689847, 0.00212761969306, -0.000829089083709, 0.00169639638625, -0.00225656572729, 0.000822977221105, -0.000996160903014, 0.00105562596582, -0.0013377040159, 0.00121758133173, -0.00233965506777, 0.00175344734453, -0.00101306161378], [0.000297418533592, -0.000829089083709, 0.00256453850307, -0.00149154814426, 0.000647025124636, -0.00175751221832, 0.00114343129098, 0.000259775057202, 0.00113402609713, -0.000867168360855, 0.00155002938118, -0.000697615731042, 0.00136674882378], [-0.000289816991426, 0.00169639638625, -0.00149154814426, 0.00315595953725, -0.00196598353796, 0.000570531527046, -0.00028256571386, 1.46411130117e-05, -0.0015653129667, 0.00100150995422, -0.00143145490438, 0.000377481570467, -0.000933360832278], [0.000273175217444, -0.00225656572729, 0.000647025124636, -0.00196598353796, 0.00551177468151, -0.000339401187375, -3.3722641092e-05, -0.00201701768674, 0.00152287189849, -0.000908911169972, 0.000646252941806, 0.000732854765374, -0.000702607154381], [-1.31376236823e-05, 0.000822977221105, -0.00175751221832, 0.000570531527046, -0.000339401187375, 0.00518307369202, -0.00207695551217, -0.00102046155371, -0.00086698459927, -0.000379526580218, -0.000846691254992, 0.000357542536221, 0.000915654818527], [0.000214649524423, -0.000996160903014, 0.00114343129098, -0.00028256571386, -3.3722641092e-05, -0.00207695551217, 0.00726751144975, -0.000830508652143, 0.00106079946272, -0.00233598286286, -0.000454591034213, -0.000915745913517, 0.00173407490365], [-5.06275900989e-05, 0.00105562596582, 0.000259775057202, 1.46411130117e-05, -0.00201701768674, -0.00102046155371, -0.000830508652143, 0.00969957374036, -0.0016800443409, -0.000104538870801, -0.000891796196811, 0.00032125445432, 0.000827506009955], [0.00027937599225, -0.0013377040159, 0.00113402609713, -0.0015653129667, 0.00152287189849, -0.00086698459927, 0.00106079946272, -0.0016800443409, 0.00820978824049, -0.000972315552644, 0.000465651741251, -0.00149843818508, 8.10452984297e-05], [-0.000169501247001, 0.00121758133173, -0.000867168360855, 0.00100150995422, -0.000908911169972, -0.000379526580218, -0.00233598286286, -0.000104538870801, -0.000972315552644, 0.00914148706943, -0.00194224074949, -0.000130167085445, -0.00131123978645], [0.000596654776018, -0.00233965506777, 0.00155002938118, -0.00143145490438, 0.000646252941806, -0.000846691254992, -0.000454591034213, -0.000891796196811, 0.000465651741251, -0.00194224074949, 0.0124710379168, -0.00442235171795, -0.000456527632196], [-0.000518334272783, 0.00175344734453, -0.000697615731042, 0.000377481570467, 0.000732854765374, 0.000357542536221, -0.000915745913517, 0.00032125445432, -0.00149843818508, -0.000130167085445, -0.00442235171795, 0.0135352006182, -0.00358799030073], [0.000622631225269, -0.00101306161378, 0.00136674882378, -0.000933360832278, -0.000702607154381, 0.000915654818527, 0.00173407490365, 0.000827506009955, 8.10452984297e-05, -0.00131123978645, -0.000456527632196, -0.00358799030073, 0.0117037566379]]
    },
    "melbands": {
        "dmean": [4.02260338888e-05, 6.1920749431e-05, 0.000159996779985, 0.000396043556975, 0.000276122154901, 0.000154371999088, 0.000126875223941, 9.80868280749e-05, 8.49194766488e-05, 6.09199050814e-05, 6.27971894573e-05, 3.64027328033e-05, 2.79807663901e-05, 1.66481841006e-05, 1.56045425683e-05, 1.62437117979e-05, 1.07123314592e-05, 8.05700528872e-06, 4.32694560004e-06, 4.68264397568e-06, 5.7879005908e-06, 4.34925232184e-06, 3.94973540097e-06, 1.88023057035e-06, 9.24622952425e-07, 8.34537217997e-07, 6.76382455822e-07, 4.51473624707e-07, 3.47406597712e-07, 4.74489240787e-07, 4.44240782826e-07, 4.30224076808e-07, 3.78915927968e-07, 3.27085871277e-07, 3.39217734791e-07, 2.94980623039e-07, 2.48992364504e-07, 1.15681856983e-07, 5.76501584248e-08, 8.88153905976e-08],
        "dmean2": [6.54361138004e-05, 0.000100328208646, 0.00022458708554, 0.000550193013623, 0.000388905988075, 0.000220467874897, 0.000181364142918, 0.000138202041853, 0.000117885698273, 8.13866863609e-05, 8.25235401862e-05, 4.84125339426e-05, 3.69840417989e-05, 2.33782920986e-05, 2.22077069338e-05, 2.33065129578e-05, 1.56840633281e-05, 1.16652572615e-05, 6.69378596285e-06, 6.97538462191e-06, 8.39818130771e-06, 6.28934458291e-06, 5.88830471315e-06, 2.68232179224e-06, 1.34219305892e-06, 1.26953307245e-06, 9.8893269751e-07, 6.87137344357e-07, 5.13608824804e-07, 7.30096303414e-07, 6.49063565561e-07, 6.00227281211e-07, 5.47452486899e-07, 4.76381927683e-07, 4.84549616431e-07, 4.21631710879e-07, 3.52111328539e-07, 1.65929137097e-07, 8.45125498472e-08, 1.34126878493e-07],
        "dvar": [4.52060930911e-08, 2.9079116004e-08, 1.52441728574e-07, 6.2215218577e-07, 5.0813650887e-07, 2.27810531328e-07, 1.59089694307e-07, 1.0697913666e-07, 1.04043635929e-07, 4.69019347804e-08, 4.67479317479e-08, 2.63123851596e-08, 1.38779121528e-08, 9.87614168224e-09, 5.63039703749e-09, 6.79880107768e-09, 1.31630295552e-09, 1.542735939e-09, 3.22296245248e-10, 7.87049536655e-10, 9.68003233126e-10, 4.84735751538e-10, 4.04469929771e-10, 6.55836010499e-11, 3.17254833515e-11, 1.34294811382e-10, 4.1323257316e-11, 1.17272268285e-11, 8.83399603469e-12, 1.80207290063e-11, 1.23003959449e-11, 1.02036044544e-11, 5.9282643898e-12, 4.84071116524e-12, 3.92897173129e-12, 3.94266954154e-12, 3.94798039746e-12, 1.01418146884e-12, 2.3422908578e-13, 1.08810887817e-12],
        "dvar2": [1.20150090765e-07, 7.48086605995e-08, 2.73797070349e-07, 1.14660247164e-06, 9.91374690784e-07, 4.50362449556e-07, 3.20729185432e-07, 2.18326675849e-07, 1.95051910623e-07, 8.4950087853e-08, 7.15643651006e-08, 4.29753654885e-08, 2.56371563978e-08, 2.0975322812e-08, 1.07165432084e-08, 1.3078496508e-08, 2.64806798711e-09, 2.84977841325e-09, 7.58192564287e-10, 1.5789097807e-09, 2.12386153109e-09, 1.04259789691e-09, 8.51903214638e-10, 1.22808083147e-10, 7.57063231549e-11, 3.27372823294e-10, 9.01493463212e-11, 2.66157373918e-11, 1.91467831173e-11, 4.26890744976e-11, 2.55357991696e-11, 1.73524614816e-11, 1.15143831969e-11, 9.76654954826e-12, 7.90094552283e-12, 7.55968811855e-12, 7.51460439014e-12, 2.08208667321e-12, 5.13004027279e-13, 2.68679458022e-12],
        "max": [0.0126697560772, 0.00579787557945, 0.00927038583905, 0.0150184966624, 0.0168281961232, 0.0155378663912, 0.0120407305658, 0.00950562674552, 0.0109228976071, 0.00665825232863, 0.00920516997576, 0.0077152387239, 0.0074799740687, 0.0074239182286, 0.00396851077676, 0.00431377254426, 0.000961848418228, 0.00205076532438, 0.000593469652813, 0.0015936527634, 0.00128576310817, 0.00123865820933, 0.000884537992533, 0.000432465283666, 0.000333927397151, 0.000852856901474, 0.000385579915019, 0.00016768691421, 0.000166456316947, 0.00019260541012, 0.000150040476001, 0.000222201138968, 0.00010043225484, 8.61396110849e-05, 6.96951683494e-05, 7.17756847735e-05, 8.85039335117e-05, 4.58628455817e-05, 2.85874502879e-05, 6.08996706433e-05],
        "mean": [9.68998792814e-05, 0.00024187611416, 0.00061147561064, 0.00141484872438, 0.000875342870131, 0.000438062561443, 0.000312042422593, 0.000257727893768, 0.000209821431781, 0.000174548637006, 0.000191326165805, 9.26076027099e-05, 7.90131598478e-05, 3.29786125803e-05, 3.82716098102e-05, 3.49543406628e-05, 2.13344592339e-05, 1.7080868929e-05, 8.36834351503e-06, 8.04547562439e-06, 1.62345204444e-05, 1.46240099639e-05, 1.03249631138e-05, 4.19421758124e-06, 1.99014220925e-06, 1.25559427033e-06, 9.6436849617e-07, 7.27648227894e-07, 5.2469641787e-07, 6.45026432267e-07, 6.40853158984e-07, 6.80735297465e-07, 6.22879781531e-07, 5.14598582413e-07, 5.92144544953e-07, 5.20335106557e-07, 3.42140538123e-07, 1.42075506915e-07, 7.42602423998e-08, 1.00835386263e-07],
        "median": [2.76940081676e-05, 8.65515175974e-05, 7.16627837392e-05, 0.00026566919405, 0.000199936519493, 0.00016224537103, 0.000100283330539, 3.81079807994e-05, 2.15689688048e-05, 1.83254833246e-05, 1.70496387e-05, 1.37871102197e-05, 1.53524779307e-05, 7.09152482159e-06, 6.51360642223e-06, 5.72734597881e-06, 3.67904544873e-06, 2.43115960075e-06, 1.55557142989e-06, 1.12436475774e-06, 9.40670815908e-07, 5.96782570028e-07, 5.054448593e-07, 3.22021605825e-07, 1.73749526766e-07, 1.02446662709e-07, 7.24217699144e-08, 4.28363335914e-08, 2.36692212496e-08, 2.31996786226e-08, 1.50134518151e-08, 1.17633529584e-08, 1.58224917612e-08, 1.65486646608e-08, 1.15669145373e-08, 9.12567443834e-09, 6.30889962494e-09, 3.93287269418e-09, 2.88764523404e-09, 2.753965056e-09],
        "min": [9.06290266256e-24, 8.74298485561e-24, 1.20472107987e-23, 1.28496953317e-23, 1.28792681493e-23, 1.24659089793e-23, 5.61684426191e-24, 7.0153991947e-24, 1.10439374994e-23, 8.0390819033e-24, 1.18777776757e-23, 5.3848016155e-24, 8.7221833824e-24, 1.53583866063e-23, 1.12015542748e-23, 5.74611371516e-24, 1.11996602198e-23, 7.4883268294e-24, 1.09348285699e-23, 9.4250111173e-24, 8.41457180557e-24, 1.17840720442e-23, 1.09306357742e-23, 9.62629607701e-24, 1.21979408184e-23, 1.83634023412e-23, 1.13907807068e-23, 1.43676009752e-23, 1.29079771643e-23, 1.00192876473e-23, 7.20918366493e-24, 1.07822652374e-23, 8.40496742405e-24, 1.01419839171e-23, 1.23406347121e-23, 1.15201862385e-23, 6.80549040757e-24, 6.32065412864e-24, 6.6506101906e-24, 8.7411649535e-24],
        "var": [7.63489964584e-08, 2.10467163697e-07, 1.70253974829e-06, 4.86210046802e-06, 3.23643234879e-06, 8.0391106394e-07, 4.56043579788e-07, 4.29310631489e-07, 4.09179563121e-07, 2.99194539366e-07, 3.9839881083e-07, 1.46503609244e-07, 9.60597006383e-08, 1.9524327044e-08, 3.52494886613e-08, 2.45189131221e-08, 3.82708087443e-09, 4.67230343304e-09, 7.31617599836e-10, 1.61428481693e-09, 7.55942775044e-09, 6.65409949363e-09, 2.3800936777e-09, 2.50923337664e-10, 6.57627841072e-11, 1.25008600693e-10, 4.8779209838e-11, 1.49312923137e-11, 1.08499190535e-11, 2.07766217425e-11, 1.88195656975e-11, 1.9771783169e-11, 9.84787338482e-12, 7.36397921808e-12, 6.78310055693e-12, 6.5014434808e-12, 5.69299772255e-12, 1.31886146969e-12, 2.99374620146e-13, 1.05121835715e-12]
    },
    "mfcc": {
        "mean": [-772.141784668, 182.117172241, 0.694904327393, -2.26103997231, 2.64821982384, -2.49800825119, -13.9218959808, -0.870491027832, -13.9853973389, -8.58371257782, -7.16125488281, -4.58078670502, -4.89726781845],
        "cov": [[10930.9140625, -1581.06994629, -646.753601074, 831.136108398, -827.194641113, -150.303253174, -853.535339355, 307.492553711, -414.766479492, 49.962928772, -169.858779907, -262.0262146, -469.494750977], [-1581.06994629, 2872.97509766, -476.458892822, -674.634887695, 366.021972656, -100.886856079, 299.303497314, -98.4313812256, -18.1786956787, -63.05834198, 104.459411621, 18.9603443146, 126.882316589], [-646.753601074, -476.458892822, 718.007629395, 225.881408691, 54.2468757629, 184.406906128, 67.5707397461, 13.71733284, 65.7850723267, 29.4811592102, -13.3797397614, 32.2233886719, 14.0632534027], [831.136108398, -674.634887695, 225.881408691, 638.095153809, 114.145339966, 54.8277664185, -41.9957923889, 66.6174240112, 32.3336868286, 28.6517162323, -55.394733429, 43.2908210754, 23.0120925903], [-827.194641113, 366.021972656, 54.2468757629, 114.145339966, 422.536590576, 36.6246795654, 122.115371704, 1.97862553596, 78.9789199829, 6.86777496338, -8.90015697479, 51.7189178467, 87.8609924316], [-150.303253174, -100.886856079, 184.406906128, 54.8277664185, 36.6246795654, 218.624633789, 102.911575317, 23.1184558868, 47.6744804382, 47.3238983154, 56.2808532715, 10.5504550934, -7.19529247284], [-853.535339355, 299.303497314, 67.5707397461, -41.9957923889, 122.115371704, 102.911575317, 325.045776367, 23.4595146179, 41.0788764954, 51.1771965027, 84.1388397217, 29.5213336945, 46.9752044678], [307.492553711, -98.4313812256, 13.71733284, 66.6174240112, 1.97862553596, 23.1184558868, 23.4595146179, 149.850082397, 5.20064496994, 22.8360958099, 30.7659645081, 11.7914161682, -15.8624324799], [-414.766479492, -18.1786956787, 65.7850723267, 32.3336868286, 78.9789199829, 47.6744804382, 41.0788764954, 5.20064496994, 136.635818481, 31.8615150452, 11.030371666, 26.532989502, 35.863986969], [49.962928772, -63.05834198, 29.4811592102, 28.6517162323, 6.86777496338, 47.3238983154, 51.1771965027, 22.8360958099, 31.8615150452, 143.043395996, 54.1642608643, -23.2245960236, -18.2348537445], [-169.858779907, 104.459411621, -13.3797397614, -55.394733429, -8.90015697479, 56.2808532715, 84.1388397217, 30.7659645081, 11.030371666, 54.1642608643, 153.681854248, 22.1524410248, -2.75270795822], [-262.0262146, 18.9603443146, 32.2233886719, 43.2908210754, 51.7189178467, 10.5504550934, 29.5213336945, 11.7914161682, 26.532989502, -23.2245960236, 22.1524410248, 132.451248169, 67.2338104248], [-469.494750977, 126.882316589, 14.0632534027, 23.0120925903, 87.8609924316, -7.19529247284, 46.9752044678, -15.8624324799, 35.863986969, -18.2348537445, -2.75270795822, 67.2338104248, 142.623626709]],
