{
"lowlevel": {
    "average_loudness": 0.931657552719,
    "barkbands_crest": {
        "dmean": 2.35265779495,
        "dmean2": 3.90482163429,
        "dvar": 5.84241104126,
        "dvar2": 15.3167877197,
        "max": 23.7496337891,
        "mean": 7.51389598846,
        "median": 6.60230445862,
        "min": 2.12894940376,
        "var": 11.4938411713
    },
    "barkbands_flatness_db": {
        "dmean": 0.014057633467,
        "dmean2": 0.0222655106336,
        "dvar": 0.000206140932278,
        "dvar2": 0.000496068620123,
        "max": 0.44263368845,
        "mean": 0.11116117239,
        "median": 0.0868099778891,
        "min": 0.00850514881313,
        "var": 0.00481220567599
    },
    "barkbands_kurtosis": {
        "dmean": 1.00679528713,
        "dmean2": 1.62747108936,
        "dvar": 2.15306472778,
        "dvar2": 5.34052371979,
        "max": 30.6686286926,
        "mean": 0.606933474541,
        "median": -0.106176137924,
        "min": -1.91455256939,
        "var": 4.57218360901
    },
    "barkbands_skewness": {
        "dmean": 0.339051157236,
        "dmean2": 0.543616116047,
        "dvar": 0.125513061881,
        "dvar2": 0.308553278446,
        "max": 4.91788768768,
        "mean": 0.896478414536,
        "median": 0.840627968311,
        "min": -3.42491865158,
        "var": 0.501922428608
    },
    "barkbands_spread": {
        "dmean": 4.11117124557,
        "dmean2": 6.50432634354,
        "dvar": 13.9028978348,
        "dvar2": 34.443157196,
        "max": 88.6807861328,
        "mean": 27.8096313477,
        "median": 28.4882202148,
        "min": 2.63740563393,
        "var": 99.1190338135
    },
    "dissonance": {
        "dmean": 0.0123262777925,
        "dmean2": 0.0209478270262,
        "dvar": 0.000183540338185,
        "dvar2": 0.00050288089551,
        "max": 0.500000119209,
        "mean": 0.476461797953,
        "median": 0.482658207417,
        "min": 0.256069004536,
        "var": 0.000531561498065
    },
    "dynamic_complexity": 3.35733914375,
    "erbbands_crest": {
        "dmean": 1.89706802368,
        "dmean2": 3.0980219841,
        "dvar": 3.39216065407,
        "dvar2": 8.60963058472,
        "max": 28.9008541107,
        "mean": 7.10407400131,
        "median": 5.86785411835,
        "min": 2.26393723488,
        "var": 14.4899816513
    },
    "erbbands_flatness_db": {
        "dmean": 0.0108210658655,
        "dmean2": 0.0166003666818,
        "dvar": 0.000123348043417,
        "dvar2": 0.00026515655918,
        "max": 0.460294395685,
        "mean": 0.162615656853,
        "median": 0.142559781671,
        "min": 0.0472341664135,
        "var": 0.00405941717327
    },
    "erbbands_kurtosis": {
        "dmean": 0.472890198231,
        "dmean2": 0.762624144554,
        "dvar": 0.878343522549,
        "dvar2": 2.20884513855,
        "max": 31.7708206177,
        "mean": -0.194170847535,
        "median": -0.679798126221,
        "min": -1.83405303955,
        "var": 3.84279870987
    },
    "erbbands_skewness": {
        "dmean": 0.234645813704,
        "dmean2": 0.37400791049,
        "dvar": 0.042370673269,
        "dvar2": 0.104329884052,
        "max": 4.1372461319,
        "mean": 0.0480350926518,
        "median": 0.00683025177568,
        "min": -2.77341198921,
        "var": 0.257029205561
    },
    "erbbands_spread": {
        "dmean": 4.82640123367,
        "dmean2": 7.78837156296,
        "dvar": 19.8461093903,
        "dvar2": 51.3242454529,
        "max": 83.306137085,
        "mean": 36.5082397461,
        "median": 37.6927757263,
        "min": 1.70090210438,
        "var": 131.087127686
    },
    "hfc": {
        "dmean": 3.89717268944,
        "dmean2": 6.18813562393,
        "dvar": 19.074590683,
        "dvar2": 46.1845207214,
        "max": 72.2747650146,
        "mean": 26.2864227295,
        "median": 26.7943878174,
        "min": 1.22135877656e-16,
        "var": 165.272644043
    },
    "melbands_crest": {
        "dmean": 3.00238513947,
        "dmean2": 4.95756435394,
        "dvar": 7.61856794357,
        "dvar2": 19.2247886658,
        "max": 32.4557876587,
        "mean": 11.1497459412,
        "median": 10.1917858124,
        "min": 1.78632795811,
        "var": 18.5088043213
    },
    "melbands_flatness_db": {
        "dmean": 0.0195098798722,
        "dmean2": 0.0311798322946,
        "dvar": 0.00040311954217,
        "dvar2": 0.000982963596471,
        "max": 0.495196372271,
        "mean": 0.165241852403,
        "median": 0.141179561615,
        "min": 0.00509994197637,
        "var": 0.004810040351
    },
    "melbands_kurtosis": {
        "dmean": 2.78315782547,
        "dmean2": 4.56776237488,
        "dvar": 16.7928409576,
        "dvar2": 42.1082038879,
        "max": 78.0012893677,
        "mean": 5.02250289917,
        "median": 3.56601905823,
        "min": -1.83829331398,
        "var": 27.3243370056
    },
    "melbands_skewness": {
        "dmean": 0.481870293617,
        "dmean2": 0.782465577126,
        "dvar": 0.271891355515,
        "dvar2": 0.682910740376,
        "max": 7.83251523972,
        "mean": 1.86991679668,
        "median": 1.79772543907,
        "min": -2.28235387802,
        "var": 0.884701311588
    },
    "melbands_spread": {
        "dmean": 6.2200255394,
        "dmean2": 9.90960121155,
        "dvar": 34.3577156067,
        "dvar2": 83.9078598022,
        "max": 119.51259613,
        "mean": 30.906545639,
        "median": 31.5599632263,
        "min": 3.25861525536,
        "var": 144.909881592
    },
    "pitch_salience": {
        "dmean": 0.0647544413805,
        "dmean2": 0.107936784625,
        "dvar": 0.00382938259281,
        "dvar2": 0.010432546027,
        "max": 0.85830283165,
        "mean": 0.613232493401,
        "median": 0.632258415222,
        "min": 0.161438703537,
        "var": 0.0093647306785
    },
    "silence_rate_20dB": {
        "dmean": 0,
        "dmean2": 0,
        "dvar": 0,
        "dvar2": 0,
        "max": 1,
        "mean": 1,
        "median": 1,
        "min": 1,
        "var": 0
    },
    "silence_rate_30dB": {
        "dmean": 0,
        "dmean2": 0,
        "dvar": 0,
        "dvar2": 0,
        "max": 1,
        "mean": 1,
        "median": 1,
        "min": 1,
        "var": 0
    },
    "silence_rate_60dB": {
        "dmean": 0.00490859849378,
        "dmean2": 0.00981802772731,
        "dvar": 0.00488333636895,
        "dvar2": 0.0105707319453,
        "max": 1,
        "mean": 0.0546670034528,
        "median": 0,
        "min": 0,
        "var": 0.0516806617379
    },
    "spectral_centroid": {
        "dmean": 199.458206177,
        "dmean2": 317.080383301,
        "dvar": 40089.7539062,
        "dvar2": 86490.7890625,
        "max": 11007.1601562,
        "mean": 1719.19897461,
        "median": 1774.33789062,
        "min": 355.83807373,
        "var": 219064.90625
    },
    "spectral_complexity": {
        "dmean": 3.59563302994,
        "dmean2": 5.89471006393,
        "dvar": 10.1002502441,
        "dvar2": 26.1902675629,
        "max": 59,
        "mean": 34.0944404602,
        "median": 38,
        "min": 0,
        "var": 162.078918457
    },
    "spectral_decrease": {
        "dmean": 2.11249240323e-09,
        "dmean2": 3.39987926701e-09,
        "dvar": 9.17433296572e-18,
        "dvar2": 2.2593316775e-17,
        "max": -1.0496803441e-29,
        "mean": -7.45714867634e-09,
        "median": -6.96412882917e-09,
        "min": -2.94764266329e-08,
        "var": 1.81133611713e-17
    },
    "spectral_energy": {
        "dmean": 0.00817419681698,
        "dmean2": 0.0131328916177,
        "dvar": 0.000134556583362,
        "dvar2": 0.000330709299305,
        "max": 0.113719880581,
        "mean": 0.0305291861296,
        "median": 0.0288380347192,
        "min": 1.11176919425e-20,
        "var": 0.000284261652268
    },
    "spectral_energyband_high": {
        "dmean": 0.000242910027737,
        "dmean2": 0.000399119657231,
        "dvar": 1.1715848558e-07,
        "dvar2": 3.05111058196e-07,
        "max": 0.0052131023258,
        "mean": 0.00105795112904,
        "median": 0.00112827739213,
        "min": 8.06626789918e-21,
        "var": 4.59329726255e-07
    },
    "spectral_energyband_low": {
        "dmean": 0.00577692082152,
        "dmean2": 0.00963490922004,
        "dvar": 0.00010066118557,
        "dvar2": 0.00025828240905,
        "max": 0.0984893143177,
        "mean": 0.00925197917968,
        "median": 0.00651870947331,
        "min": 4.1185171995e-23,
        "var": 0.000110483160825
    },
    "spectral_energyband_middle_high": {
        "dmean": 0.00164065707941,
        "dmean2": 0.00261533912271,
        "dvar": 3.35973959409e-06,
        "dvar2": 8.21470075607e-06,
        "max": 0.0410944893956,
        "mean": 0.00796866323799,
        "median": 0.00722920522094,
        "min": 1.75146730148e-21,
        "var": 2.34457947954e-05
    },
    "spectral_energyband_middle_low": {
        "dmean": 0.00440525263548,
        "dmean2": 0.00701187504455,
        "dvar": 4.40851108578e-05,
        "dvar2": 0.000108000691398,
        "max": 0.0885769277811,
        "mean": 0.0133915441111,
        "median": 0.011330274865,
        "min": 2.679435863e-22,
        "var": 9.07218491193e-05
    },
    "spectral_entropy": {
        "dmean": 0.0736490115523,
        "dmean2": 0.116081163287,
        "dvar": 0.00757128885016,
        "dvar2": 0.0171945933253,
        "max": 9.78925323486,
        "mean": 7.72183227539,
        "median": 7.88188076019,
        "min": 4.97457361221,
        "var": 0.263599276543
    },
    "spectral_flux": {
        "dmean": 0.0183443445712,
        "dmean2": 0.0287674814463,
        "dvar": 0.00054308027029,
        "dvar2": 0.00113723007962,
        "max": 0.284896910191,
        "mean": 0.0886086896062,
        "median": 0.0863863378763,
        "min": 1.05440468856e-10,
        "var": 0.00175614200998
    },
    "spectral_kurtosis": {
        "dmean": 1.99441564083,
        "dmean2": 3.55087041855,
        "dvar": 22.0647144318,
        "dvar2": 67.2341461182,
        "max": 81.4131164551,
        "mean": 5.25572967529,
        "median": 3.17794132233,
        "min": -1.213945508,
        "var": 66.7291030884
    },
    "spectral_rms": {
        "dmean": 0.000658933597151,
        "dmean2": 0.00104274332989,
        "dvar": 6.42245765903e-07,
        "dvar2": 1.53575331296e-06,
        "max": 0.0105331009254,
        "mean": 0.00517182098702,
        "median": 0.00530421221629,
        "min": 3.29340699677e-12,
        "var": 3.03695310322e-06
    },
    "spectral_rolloff": {
        "dmean": 422.262359619,
        "dmean2": 693.711914062,
        "dvar": 218321.828125,
        "dvar2": 474056.65625,
        "max": 18604.6875,
        "mean": 1852.5513916,
        "median": 1937.98828125,
        "min": 86.1328125,
        "var": 1087573.75
    },
    "spectral_skewness": {
        "dmean": 0.203700497746,
        "dmean2": 0.354199916124,
        "dvar": 0.109682500362,
        "dvar2": 0.334495455027,
        "max": 6.99763154984,
        "mean": 1.34007906914,
        "median": 1.17299079895,
        "min": 0.0212571173906,
        "var": 0.508819758892
    },
    "spectral_spread": {
        "dmean": 230206.78125,
        "dmean2": 365576.96875,
        "dvar": 146998788096,
        "dvar2": 220287680512,
        "max": 40211352,
        "mean": 3678472,
        "median": 3781197.75,
        "min": 814612.375,
        "var": 1.06184880947e+12
    },
    "spectral_strongpeak": {
        "dmean": 0.453342407942,
        "dmean2": 0.78986877203,
        "dvar": 0.477709203959,
        "dvar2": 1.24487888813,
        "max": 7.44708824158,
        "mean": 0.700385570526,
        "median": 0.372588038445,
        "min": 0,
        "var": 0.665418326855
    },
    "zerocrossingrate": {
        "dmean": 0.00680730026215,
        "dmean2": 0.00886171590537,
        "dvar": 4.80582675664e-05,
        "dvar2": 6.74530456308e-05,
        "max": 0.5048828125,
        "mean": 0.0659467279911,
        "median": 0.06591796875,
        "min": 0.01318359375,
        "var": 0.000622272898909
    },
    "barkbands": {
        "dmean": [7.80932459747e-05, 0.00441819569096, 0.00182742299512, 0.00183628103696, 0.00162928423379, 0.00130837259348, 0.000745020864997, 0.000884123961441, 0.000935694435611, 0.000575016310904, 0.000537530693691, 0.000461506773718, 0.000472296233056, 0.000252995523624, 0.000267703901045, 0.000461236748379, 0.000333077739924, 0.000175255627255, 0.000278460094705, 0.000145995873027, 0.00014981534332, 7.06569553586e-05, 3.68376458937e-05, 1.66514146258e-05, 8.93301967153e-06, 3.55892348125e-06, 5.7144592347e-07],
        "dmean2": [0.00013137696078, 0.00744798080996, 0.00327896489762, 0.00304806511849, 0.00271834386513, 0.00215793936513, 0.0011590939248, 0.00145404494833, 0.00147831637878, 0.000919445301406, 0.000882355321664, 0.000755757559091, 0.000766818702687, 0.000426161423093, 0.000443839875516, 0.000763439631555, 0.00056064868113, 0.000293545861496, 0.000472709798487, 0.000243972375756, 0.000252302794252, 0.000119004078442, 6.15675598965e-05, 2.71474964393e-05, 1.35694108394e-05, 5.35405342816e-06, 8.75083003393e-07],
        "dvar": [1.57853321525e-08, 6.46567350486e-05, 1.28960227812e-05, 2.10908747249e-05, 5.46245200894e-06, 3.3440696825e-06, 1.57551323809e-06, 1.06686150048e-06, 1.89327272437e-06, 1.13901035093e-06, 7.14691225312e-07, 4.40395581336e-07, 6.24424842499e-07, 1.28548634848e-07, 1.66732291973e-07, 3.57208392643e-07, 1.49005359162e-07, 5.26941796863e-08, 9.78432339593e-08, 3.3716826664e-08, 2.80081859927e-08, 1.31290418537e-08, 4.96935692595e-09, 6.8865374514e-10, 1.95502669609e-10, 3.0173398502e-11, 2.73977281834e-12],
        "dvar2": [4.3020847329e-08, 0.000168301950907, 3.73721704818e-05, 5.21537658642e-05, 1.51446056407e-05, 8.64199409989e-06, 3.55675797437e-06, 2.84495263259e-06, 4.58788645119e-06, 2.65626135842e-06, 1.75023649263e-06, 1.14871181722e-06, 1.50613277583e-06, 3.46134243046e-07, 4.18389106471e-07, 9.42958934047e-07, 4.03977509222e-07, 1.35440330951e-07, 2.65371738806e-07, 8.51137400559e-08, 7.71904566932e-08, 3.44898758442e-08, 1.39945770528e-08, 1.8303301097e-09, 4.81513884321e-10, 6.55894227819e-11, 6.67139433974e-12],
        "max": [0.0019037136808, 0.0827931165695, 0.0423122495413, 0.0575683191419, 0.0430603548884, 0.0399346426129, 0.0340565890074, 0.0205931793898, 0.0334799662232, 0.0343554802239, 0.0154793830588, 0.0180505625904, 0.0196862835437, 0.00617130519822, 0.00966817326844, 0.0106832366437, 0.00608546519652, 0.0062420098111, 0.00699904980138, 0.00385433458723, 0.00234677526169, 0.00178982247598, 0.0012768751476, 0.000495611224324, 0.000321757601341, 0.000184153293958, 7.44890057831e-05],
        "mean": [0.000142457982292, 0.00593675347045, 0.00216334732249, 0.00215765740722, 0.00311480183154, 0.00258220289834, 0.00140889151953, 0.00176472379826, 0.00208021420985, 0.00108576531056, 0.000954042829107, 0.000928347930312, 0.000862512679305, 0.000487895566039, 0.000548113312107, 0.00105544948019, 0.000773033068981, 0.000415773101849, 0.000778649875429, 0.00041822573985, 0.000487378129037, 0.000200773065444, 8.57740960782e-05, 5.09728706675e-05, 3.26424196828e-05, 1.19039659694e-05, 9.77880404207e-07],
        "median": [7.67649762565e-05, 0.00381847377867, 0.00111040985212, 0.000931306625716, 0.0022365055047, 0.00161842023954, 0.000647942884825, 0.00134100648575, 0.00138043262996, 0.000547816627659, 0.00056150497403, 0.000630394206382, 0.000468131853268, 0.000360646256013, 0.000418519543018, 0.000841953209601, 0.000677792355418, 0.000385794846807, 0.000758461421356, 0.000406587467296, 0.000509162724484, 0.000195323373191, 6.84110418661e-05, 4.25159159931e-05, 2.63803813141e-05, 7.97936536401e-06, 3.1863538652e-07],
        "min": [1.59262528621e-23, 2.05918129138e-23, 4.14042718006e-24, 7.86418118542e-24, 2.59193440165e-23, 3.22468225808e-23, 6.97863338558e-23, 5.53551585803e-23, 4.69068211614e-23, 8.99897810796e-23, 6.31549292728e-23, 1.28453263045e-22, 1.6169478874e-22, 1.89092495958e-22, 1.57587726432e-22, 1.67485608386e-22, 2.00902021388e-22, 2.12400609404e-22, 3.00876926127e-22, 2.05038315726e-22, 2.89007712325e-22, 5.05384988486e-22, 7.16851662309e-22, 1.0026669997e-21, 1.54821280852e-21, 1.7332826566e-21, 2.3753803954e-21],
        "var": [2.74316445115e-08, 6.40133148408e-05, 1.12724455903e-05, 2.03429917747e-05, 1.06601182779e-05, 9.54263032327e-06, 5.67859387957e-06, 2.63795755018e-06, 5.50450431547e-06, 3.18307525049e-06, 1.54655515416e-06, 1.00465388186e-06, 1.44532054946e-06, 2.2781405562e-07, 3.04953630348e-07, 8.92842081157e-07, 3.46007055896e-07, 1.01480686965e-07, 2.70293156746e-07, 8.92461926583e-08, 9.54760608352e-08, 2.61864201434e-08, 7.94942156546e-09, 2.34552310907e-09, 1.04630804021e-09, 1.87428614296e-10, 3.63035166165e-12]
    },
    "erbbands": {
        "dmean": [0.103748351336, 1.09545207024, 2.13375449181, 3.96936750412, 5.40396690369, 5.96174812317, 9.86380290985, 10.9634742737, 10.9039268494, 12.9052448273, 16.816991806, 25.5646533966, 13.2674674988, 19.0844535828, 26.3296165466, 18.5544147491, 21.8738670349, 13.417339325, 12.0994215012, 17.3732681274, 23.0547847748, 13.2993373871, 9.91434764862, 12.6802339554, 12.0171461105, 6.70803308487, 6.6093916893, 5.22669172287, 2.84876203537, 1.56523609161, 1.02931761742, 0.393587172031, 0.312262862921, 0.128455877304, 0.0576787181199, 0.0237188730389, 0.0052801752463, 0.000786462507676, 9.93677240331e-05, 1.22984056361e-05],
        "dmean2": [0.17233902216, 1.84867453575, 3.78241276741, 6.65916395187, 9.12642860413, 9.98077583313, 15.5658435822, 18.5183353424, 16.8530368805, 20.9765224457, 27.6678447723, 40.2008094788, 21.6503868103, 30.3691234589, 43.168384552, 30.0793533325, 35.2600135803, 22.4251155853, 19.9530448914, 28.6079711914, 38.5088729858, 22.4821548462, 16.5482540131, 21.6036891937, 20.3408966064, 11.1690473557, 11.1229381561, 8.84126091003, 4.80553340912, 2.63411402702, 1.73348724842, 0.661938905716, 0.500784754753, 0.198771551251, 0.0867072790861, 0.0361858382821, 0.00782415643334, 0.00116520724259, 0.000151732456288, 1.92945281015e-05],
        "dvar": [0.0320915915072, 4.09918737411, 18.0922222137, 72.606010437, 156.448303223, 65.9131622314, 197.962295532, 280.903930664, 377.230773926, 279.940704346, 422.276672363, 1488.37683105, 404.42767334, 1444.87658691, 1824.12316895, 730.014404297, 1383.29040527, 375.534240723, 323.343383789, 752.49029541, 871.962097168, 195.683502197, 188.310760498, 186.431518555, 232.95652771, 70.7556915283, 55.1572990417, 39.2012138367, 17.8412799835, 10.2400903702, 3.78767347336, 0.60586977005, 0.220879867673, 0.0395913496614, 0.00875128712505, 0.00133977539372, 7.79319962021e-05, 3.33126854457e-06, 7.60995462201e-08, 4.79932094066e-10],
        "dvar2": [0.0837981775403, 10.7494029999, 51.6253852844, 182.908279419, 411.479736328, 179.611663818, 440.435546875, 752.472900391, 841.398132324, 715.037353516, 1126.68457031, 3572.2121582, 1032.68469238, 3321.46875, 4564.00292969, 1896.99157715, 3327.96679688, 1011.17895508, 804.733032227, 1960.5267334, 2320.89746094, 542.585021973, 487.529876709, 512.389343262, 636.089050293, 177.641174316, 151.236297607, 106.972503662, 47.1352958679, 28.1786613464, 10.7002601624, 1.7585773468, 0.541165053844, 0.101253136992, 0.0206348486245, 0.0031493245624, 0.000154093228048, 7.77214609116e-06, 1.8663273238e-07, 1.1278092904e-09],
        "max": [1.97828423977, 20.2775650024, 49.5327949524, 109.49823761, 152.784423828, 185.027175903, 465.050231934, 404.581878662, 506.39944458, 338.910827637, 522.698547363, 968.348144531, 416.772583008, 1281.91845703, 736.149719238, 901.702087402, 1017.12841797, 319.995330811, 546.502563477, 633.883972168, 678.743835449, 210.932907104, 401.670776367, 315.556274414, 425.153167725, 206.219909668, 112.797943115, 96.2450027466, 84.3325042725, 58.1423339844, 36.1704406738, 12.9694871902, 11.4448366165, 3.97395992279, 2.33282113075, 0.882343411446, 0.262359917164, 0.104388363659, 0.0121914194897, 0.000500263413414],
        "mean": [0.145970106125, 1.40470707417, 2.6939136982, 5.0414390564, 7.37198448181, 10.8504753113, 21.418138504, 19.5417575836, 21.5722732544, 26.3789157867, 36.7093276978, 56.5982322693, 27.6234588623, 36.1335220337, 49.9846000671, 40.6715126038, 41.3625411987, 28.2516689301, 26.5723762512, 40.333065033, 56.7642288208, 36.7622413635, 25.4152832031, 34.6417427063, 33.9596748352, 20.0129890442, 20.6246929169, 15.9214839935, 8.28741550446, 3.91194224358, 2.30043339729, 1.04535579681, 0.916183531284, 0.4357239604, 0.204239577055, 0.0757057368755, 0.0172687582672, 0.00212288671173, 0.000191129525774, 4.53528991784e-05],
        "median": [0.100172519684, 0.861727833748, 1.57725989819, 2.61347317696, 4.12385416031, 7.49374198914, 11.8611602783, 11.6856164932, 9.11333274841, 18.6707687378, 27.64544487, 36.8946342468, 18.2280445099, 18.2633571625, 30.8303012848, 28.5284938812, 23.4165630341, 20.0641117096, 21.1607933044, 30.9728679657, 47.4225120544, 35.1008338928, 23.6347389221, 34.4102134705, 32.0717964172, 19.5976257324, 21.4806728363, 15.9725122452, 8.17279434204, 3.23943090439, 1.84320831299, 0.904212296009, 0.714930474758, 0.361967116594, 0.154885187745, 0.0524558760226, 0.010967460461, 0.00119519978762, 7.74243526394e-05, 4.08013765991e-05],
        "min": [7.0977942963e-22, 3.99155075625e-21, 5.48632509206e-21, 2.04127673377e-20, 5.06847197835e-20, 1.01661266302e-19, 1.6933920008e-19, 2.84505876555e-19, 1.06329569949e-18, 7.17966663808e-19, 1.2879902139e-18, 1.08735528158e-18, 2.09611599726e-18, 3.45158005752e-18, 2.82664510473e-18, 6.36109914705e-18, 6.36273076081e-18, 5.85495849717e-18, 9.56790219245e-18, 1.0480226987e-17, 1.06393872902e-17, 1.20503572375e-17, 9.65403402809e-18, 2.10202293538e-17, 9.82998857927e-18, 8.66313203844e-18, 9.66584037698e-18, 1.4870808207e-17, 1.65441466097e-17, 1.94382464323e-17, 2.29269733099e-17, 2.29467875943e-17, 1.46603139022e-17, 1.55197694479e-17, 1.0753740874e-17, 7.797078073e-18, 3.18383989121e-18, 1.04615072693e-18, 3.60741064856e-19, 3.56753401607e-20],
        "var": [0.0335211679339, 3.96604037285, 15.1336078644, 73.1625976562, 146.732498169, 153.182907104, 789.484069824, 632.371520996, 1371.07568359, 693.973449707, 1088.45178223, 4256.95556641, 971.6015625, 3855.89233398, 3847.3605957, 1806.50842285, 3204.09912109, 775.929748535, 619.025878906, 1640.13867188, 2166.05908203, 514.261962891, 347.423553467, 475.450408936, 609.62298584, 197.53465271, 171.546081543, 118.161628723, 40.1777877808, 15.5850973129, 5.80476808548, 1.04479539394, 0.872826159, 0.182621628046, 0.045769482851, 0.00719765294343, 0.000475024484331, 8.44774604047e-06, 1.04031066428e-07, 8.83390804951e-10]
    },
    "gfcc": {
        "mean": [9.56356334686, 103.409011841, -142.082260132, 36.5214157104, -56.2346611023, 5.2595281601, -27.5634365082, 7.58593559265, -21.0369167328, 4.4462223053, -16.1146144867, 0.339978039265, -5.8912191391],
        "cov": [[20870.8066406, -774.166381836, 131.755508423, 2515.50244141, -479.150634766, 582.925842285, -454.428710938, 1009.78137207, -408.872558594, 320.115936279, -250.493057251, 227.464767456, 181.926483154], [-774.166381836, 1169.06445312, -462.592834473, -203.614089966, 159.298995972, -462.231262207, 89.6747817993, -284.546447754, 150.033752441, -161.516372681, 48.709941864, -103.498252869, 59.3495750427], [131.755508423, -462.592834473, 601.821594238, 213.589691162, 57.0757980347, 329.641357422, 17.4628238678, 196.23236084, -66.5548324585, 105.02796936, -24.986415863, 38.8858451843, -64.6864776611], [2515.50244141, -203.614089966, 213.589691162, 582.82623291, -3.04887843132, 187.18586731, -29.3155460358, 192.742355347, -45.2227058411, 81.6954879761, -13.937376976, 32.785572052, 25.2017421722], [-479.150634766, 159.298995972, 57.0757980347, -3.04887843132, 165.672607422, 47.8888587952, 54.8579750061, -18.4883918762, 28.94805336, 12.6769208908, 15.6873369217, -18.1650180817, -9.00779342651], [582.925842285, -462.231262207, 329.641357422, 187.18586731, 47.8888587952, 521.698974609, 45.9984664917, 194.95149231, -79.7729949951, 130.410919189, 13.2463083267, 25.0918369293, -47.834022522], [-454.428710938, 89.6747817993, 17.4628238678, -29.3155460358, 54.8579750061, 45.9984664917, 110.200416565, 16.1450634003, 22.4217739105, -8.04463386536, 5.0725030899, -17.4360275269, -13.2974147797], [1009.78137207, -284.546447754, 196.23236084, 192.742355347, -18.4883918762, 194.95149231, 16.1450634003, 208.733352661, -37.8170394897, 80.3637619019, -25.6175365448, 27.8585834503, -4.17445325851], [-408.872558594, 150.033752441, -66.5548324585, -45.2227058411, 28.94805336, -79.7729949951, 22.4217739105, -37.8170394897, 80.7132949829, -9.69655704498, 11.7850637436, -18.6679706573, 3.76560091972], [320.115936279, -161.516372681, 105.02796936, 81.6954879761, 12.6769208908, 130.410919189, -8.04463386536, 80.3637619019, -9.69655704498, 105.823287964, 26.53881073, 23.8828048706, -4.19834852219], [-250.493057251, 48.709941864, -24.986415863, -13.937376976, 15.6873369217, 13.2463083267, 5.0725030899, -25.6175365448, 11.7850637436, 26.53881073, 67.1592941284, 18.0690231323, 11.1467132568], [227.464767456, -103.498252869, 38.8858451843, 32.785572052, -18.1650180817, 25.0918369293, -17.4360275269, 27.8585834503, -18.6679706573, 23.8828048706, 18.0690231323, 57.1305007935, 23.8580608368], [181.926483154, 59.3495750427, -64.6864776611, 25.2017421722, -9.00779342651, -47.834022522, -13.2974147797, -4.17445325851, 3.76560091972, -4.19834852219, 11.1467132568, 23.8580608368, 64.6162796021]],
        "icov": [[0.000246389739914, -0.000575973070227, 0.000556735089049, -0.000889422255568, 0.000499485584442, -0.000352376548108, 0.000871651689522, -0.000784231466241, 0.000566809263546, -0.000361608283129, 0.00120399682783, -0.00135699682869, 0.00091385608539], [-0.000575973070227, 0.00514823431149, -0.000361206912203, 0.00142642983701, -0.00444929068908, 0.00317922513932, -0.00409939605743, 0.00256115663797, -0.00163991632871, 0.00263090175577, -0.00615503545851, 0.00795995164663, -0.00458054058254], [0.000556735089049, -0.000361206912203, 0.00530143361539, -0.00258791958913, -0.00148807303049, -0.00109362637158, 0.00199924758635, -0.00324730831198, 0.0017195714172, -0.000628741981927, 0.00341934640892, -0.00535135483369, 0.00551037024707], [-0.000889422255568, 0.00142642983701, -0.00258791958913, 0.00614125886932, -0.00178388506174, 0.000739234790672, -0.00122541200835, -4.28649473179e-05, -0.00185716606211, 0.00154680921696, -0.00462169758976, 0.00528613384813, -0.00469412934035], [0.000499485584442, -0.00444929068908, -0.00148807303049, -0.00178388506174, 0.0134959993884, -0.00367708643898, -0.000960701960139, 0.00219381577335, -0.00101088616066, -0.00479415012524, 0.00561191467568, -0.00410733278841, 0.00128563272301], [-0.000352376548108, 0.00317922513932, -0.00109362637158, 0.000739234790672, -0.00367708643898, 0.00713945180178, -0.00435186177492, -0.000723762903363, 0.00321219512261, -0.00135211565066, -0.00587337044999, 0.00608885940164, -0.00099088891875], [0.000871651689522, -0.00409939605743, 0.00199924758635, -0.00122541200835, -0.000960701960139, -0.00435186177492, 0.0196280069649, -0.00938871130347, -0.00185157556552, 0.00499606830999, 0.00144867075142, -0.00499312207103, 0.00589389633387], [-0.000784231466241, 0.00256115663797, -0.00324730831198, -4.28649473179e-05, 0.00219381577335, -0.000723762903363, -0.00938871130347, 0.0197813753039, -0.00214487849735, -0.00794027559459, 0.00594630790874, 0.00190427887719, -0.00638243881986], [0.000566809263546, -0.00163991632871, 0.0017195714172, -0.00185716606211, -0.00101088616066, 0.00321219512261, -0.00185157556552, -0.00214487849735, 0.0214567743242, -0.00521765230224, -2.14567826333e-05, 0.00186396227218, 0.00179961672984], [-0.000361608283129, 0.00263090175577, -0.000628741981927, 0.00154680921696, -0.00479415012524, -0.00135211565066, 0.00499606830999, -0.00794027559459, -0.00521765230224, 0.0252712145448, -0.0149644613266, 0.00279737147503, -0.000290544034215], [0.00120399682783, -0.00615503545851, 0.00341934640892, -0.00462169758976, 0.00561191467568, -0.00587337044999, 0.00144867075142, 0.00594630790874, -2.14567826333e-05, -0.0149644613266, 0.0369601249695, -0.0212921407074, 0.00512054283172], [-0.00135699682869, 0.00795995164663, -0.00535135483369, 0.00528613384813, -0.00410733278841, 0.00608885940164, -0.00499312207103, 0.00190427887719, 0.00186396227218, 0.00279737147503, -0.0212921407074, 0.046586137265, -0.0213337559253], [0.00091385608539, -0.00458054058254, 0.00551037024707, -0.00469412934035, 0.00128563272301, -0.00099088891875, 0.00589389633387, -0.00638243881986, 0.00179961672984, -0.000290544034215, 0.00512054283172, -0.0213337559253, 0.0315735675395]]
    },
    "melbands": {
        "dmean": [0.00111943180673, 0.00117525877431, 0.000741581374314, 0.000370377034415, 0.000319774873788, 0.000238389606238, 0.00016438725288, 0.000155283065396, 0.000139368858072, 0.000153935412527, 6.59336365061e-05, 8.19145789137e-05, 7.68496611272e-05, 6.28895068076e-05, 4.84595293528e-05, 4.02023943025e-05, 2.67314935627e-05, 1.97531753656e-05, 1.95825159608e-05, 3.54383046215e-05, 2.91620744974e-05, 1.55505076691e-05, 1.72294239746e-05, 7.11311213308e-06, 1.19142605399e-05, 1.24706157294e-05, 7.00526925357e-06, 4.45319847131e-06, 4.63382320959e-06, 4.96645407111e-06, 2.82864948531e-06, 1.94012659449e-06, 1.25290932829e-06, 8.86429631919e-07, 7.28642817194e-07, 3.05807731138e-07, 2.522793352e-07, 2.49220505566e-07, 1.6397241609e-07, 1.16661702521e-07],
        "dmean2": [0.00187876645941, 0.00202740123495, 0.001238622237, 0.000626350461971, 0.00050867110258, 0.000400081597036, 0.0002537103137, 0.000254140293691, 0.000227325392189, 0.000243139977101, 0.000108103668026, 0.000130287648062, 0.000126700426335, 0.000102267280454, 7.90776393842e-05, 6.50906149531e-05, 4.51570595033e-05, 3.26879453496e-05, 3.26697227138e-05, 5.86355527048e-05, 4.89203739562e-05, 2.62739158643e-05, 2.92291242658e-05, 1.20033655548e-05, 2.03920862987e-05, 2.12350005313e-05, 1.18237458082e-05, 7.51551624489e-06, 7.81668586569e-06, 8.45213253342e-06, 4.77414550915e-06, 3.2872887914e-06, 2.12738996197e-06, 1.49519416937e-06, 1.22420578919e-06, 5.17682281043e-07, 4.29316230566e-07, 4.0351841335e-07, 2.64566153874e-07, 1.82786891401e-07],
        "dvar": [3.93270784116e-06, 5.21282890986e-06, 2.76506398222e-06, 3.89885599361e-07, 1.75524377255e-07, 1.2467488375e-07, 8.45851602094e-08, 3.96614403542e-08, 2.91403878805e-08, 5.31414272587e-08, 1.0131538275e-08, 2.80214909054e-08, 1.43453853241e-08, 7.96506860468e-09, 5.19347320704e-09, 5.39200861738e-09, 1.5274623788e-09, 8.36242575186e-10, 9.84574866081e-10, 2.50590415085e-09, 1.41027667322e-09, 2.92336793661e-10, 5.00225860733e-10, 8.80251913027e-11, 1.68685176938e-10, 2.20964607722e-10, 8.64678051382e-11, 3.30748761712e-11, 2.94635323084e-11, 2.85896098462e-11, 1.26893200808e-11, 7.34326054824e-12, 4.76227694432e-12, 3.00296940092e-12, 1.70442718099e-12, 4.32644398822e-13, 2.07974276364e-13, 1.40865658439e-13, 5.24746905813e-14, 3.64227623214e-14],
        "dvar2": [1.01796968011e-05, 1.4231483874e-05, 6.95020753483e-06, 1.06626043817e-06, 4.00831453362e-07, 3.31935780196e-07, 1.87457473544e-07, 1.02476313657e-07, 7.67727001971e-08, 1.28208455408e-07, 2.60057593238e-08, 6.43576782977e-08, 3.60196459326e-08, 2.07623376269e-08, 1.28854082959e-08, 1.29099957391e-08, 4.16100220946e-09, 2.10176098747e-09, 2.47817766308e-09, 6.50016707127e-09, 3.7572345235e-09, 8.15385592379e-10, 1.34548805431e-09, 2.30521032818e-10, 4.69159877614e-10, 6.0747812336e-10, 2.33846803033e-10, 8.32709109999e-11, 8.00348051722e-11, 8.0912380962e-11, 3.45742011409e-11, 1.95779330248e-11, 1.28467375626e-11, 8.35323216847e-12, 4.80018065227e-12, 1.26494214409e-12, 5.96433709713e-13, 3.52509417056e-13, 1.33177106496e-13, 9.37818954981e-14],
        "max": [0.0210043396801, 0.0232143308967, 0.0206392388791, 0.0116704693064, 0.0125156752765, 0.00805778056383, 0.00774206407368, 0.00445235008374, 0.00412965286523, 0.00639121001586, 0.00203735940158, 0.00566610600799, 0.00199795025401, 0.0019190433668, 0.00178993330337, 0.00169005733915, 0.000660205783788, 0.000771882012486, 0.000699917087331, 0.00104939145967, 0.000833707861602, 0.000267045339569, 0.000430289161159, 0.000219676439883, 0.00030060717836, 0.0003169128031, 0.000196256296476, 0.000166462821653, 9.86587110674e-05, 6.51442969684e-05, 4.89805861434e-05, 6.24687891104e-05, 3.58255128958e-05, 2.81297452602e-05, 2.48265187111e-05, 1.10562559712e-05, 8.31681336422e-06, 9.49838158704e-06, 3.81945801564e-06, 3.83348697142e-06],
        "mean": [0.00152343185619, 0.00162133690901, 0.000965500308666, 0.000631982868072, 0.000704603851773, 0.000436885195086, 0.000319547078107, 0.000311973271891, 0.000311802694341, 0.000334724696586, 0.000127325809444, 0.000144999226904, 0.000141573313158, 0.000130514759803, 9.48513334151e-05, 7.5841533544e-05, 5.07453987666e-05, 4.01455181418e-05, 4.03755730076e-05, 7.36050133128e-05, 6.55413896311e-05, 3.80395831598e-05, 3.42308048857e-05, 1.69323575392e-05, 2.90963198495e-05, 3.01065374515e-05, 1.78685731953e-05, 1.1718288988e-05, 1.22587298392e-05, 1.33873763843e-05, 7.53914537199e-06, 5.05200296175e-06, 2.91993001156e-06, 1.88932324363e-06, 1.49581182995e-06, 6.98860787907e-07, 5.97404380187e-07, 6.68856671382e-07, 4.72864371659e-07, 3.43895777632e-07],
        "median": [0.000991071225144, 0.00104698608629, 0.000520444184076, 0.00042650787509, 0.000440684438217, 0.00026958246599, 0.000132704037242, 0.000226726522669, 0.0002360217768, 0.000216064392589, 8.00652996986e-05, 6.61540252622e-05, 8.79157596501e-05, 8.90364681254e-05, 6.20205319137e-05, 4.10377870139e-05, 3.57425960829e-05, 3.14885692205e-05, 3.0842536944e-05, 5.47335912415e-05, 5.38450185559e-05, 3.47284985764e-05, 3.00655556202e-05, 1.49965771925e-05, 2.8343671147e-05, 2.75621805486e-05, 1.59926057677e-05, 1.11724502858e-05, 1.21688335639e-05, 1.35398122438e-05, 7.2155739872e-06, 4.899954547e-06, 2.55918848779e-06, 1.39545159072e-06, 1.14238901006e-06, 5.89362173287e-07, 4.81656741158e-07, 5.21582080637e-07, 3.67462831719e-07, 2.7751408993e-07],
        "min": [7.25563652819e-24, 4.28875432948e-24, 4.09087291014e-24, 5.54505318637e-24, 5.47109274334e-24, 6.70762669025e-24, 1.56225019705e-23, 8.92616072438e-24, 8.96445282159e-24, 7.62061249232e-24, 1.06767756017e-23, 1.37773184479e-23, 9.0931428565e-24, 1.36787881431e-23, 1.84912940488e-23, 1.15769526693e-23, 1.18548715216e-23, 1.82026955975e-23, 1.26783365993e-23, 1.14854211384e-23, 1.26857684579e-23, 1.26387870578e-23, 6.67206720722e-24, 1.13928703993e-23, 1.85710573527e-23, 8.75407939538e-24, 6.43090453989e-24, 5.59419133216e-24, 5.75618273575e-24, 6.79600672176e-24, 9.37163047756e-24, 8.95714875846e-24, 1.00578471684e-23, 1.04303378215e-23, 1.44588343166e-23, 1.34321791801e-23, 1.32415667196e-23, 9.19905137733e-24, 1.16258178692e-23, 1.37741377607e-23],
        "var": [4.01609895562e-06, 4.73108320875e-06, 2.73041973742e-06, 5.76385048134e-07, 6.90635943101e-07, 3.0027914022e-07, 3.13171199195e-07, 9.48940908074e-08, 7.78159545689e-08, 1.53545741455e-07, 2.3073935651e-08, 7.33664862196e-08, 2.98485716144e-08, 1.83555339817e-08, 1.21578835888e-08, 1.25819488161e-08, 2.745840888e-09, 1.49344880906e-09, 1.75523307e-09, 5.74573677525e-09, 3.26937832362e-09, 7.04434399701e-10, 7.73668296095e-10, 2.07454511902e-10, 3.69499930652e-10, 5.14443654343e-10, 2.03724620507e-10, 7.67953756142e-11, 7.18672413247e-11, 7.92058085786e-11, 3.13180488487e-11, 1.56326254025e-11, 7.58650781085e-12, 4.42383673097e-12, 2.59533258599e-12, 5.43237872221e-13, 3.84092416076e-13, 4.84686184417e-13, 2.24721960875e-13, 1.27388564649e-13]
    },
    "mfcc": {
        "mean": [-615.49798584, 120.907218933, -22.5523929596, 30.0263996124, -6.41566371918, 3.70632576942, -0.00894687883556, 0.867976725101, 5.12700796127, -1.61648917198, -0.488158643246, 2.14091944695, 2.26613879204],
        "cov": [[13554.2763672, 495.002990723, 352.131011963, 1312.6607666, 62.679977417, 395.364685059, 280.959899902, 339.427978516, 349.409912109, 155.254516602, 38.744140625, 59.9846763611, 24.2504863739], [495.002990723, 1040.00317383, -324.615875244, 132.333450317, -51.0418548584, -121.61882019, -128.837387085, -92.7444000244, -21.8022994995, -78.5526351929, -36.1441116333, -31.7960758209, 12.9152870178], [352.131011963, -324.615875244, 323.982574463, 48.2107772827, 83.8881912231, 92.0431442261, 100.043968201, 95.3425979614, 37.5695648193, 68.979850769, 22.3467674255, 11.3101387024, -9.75885677338], [1312.6607666, 132.333450317, 48.2107772827, 424.090332031, 42.8795661926, 65.0679092407, 15.7639980316, 47.1206359863, 70.8970870972, 17.2973041534, 25.514131546, 15.8891363144, 20.0167484283], [62.679977417, -51.0418548584, 83.8881912231, 42.8795661926, 114.488197327, 79.0001373291, 46.1936187744, 27.1522006989, 17.1457023621, 26.8991374969, 18.6982154846, 18.0844955444, -1.73409020901], [395.364685059, -121.61882019, 92.0431442261, 65.0679092407, 79.0001373291, 227.011886597, 123.491462708, 76.0559310913, 32.8686180115, 48.2703590393, 54.1214866638, 43.6612625122, -0.502908170223], [280.959899902, -128.837387085, 100.043968201, 15.7639980316, 46.1936187744, 123.491462708, 160.507141113, 84.0764465332, 48.3949508667, 44.1662521362, 40.6367759705, 30.6525993347, -3.38315701485], [339.427978516, -92.7444000244, 95.3425979614, 47.1206359863, 27.1522006989, 76.0559310913, 84.0764465332, 105.187316895, 53.1270828247, 42.3880615234, 17.9100456238, 8.80412387848, -3.41247725487], [349.409912109, -21.8022994995, 37.5695648193, 70.8970870972, 17.1457023621, 32.8686180115, 48.3949508667, 53.1270828247, 85.9256591797, 41.108631134, 18.4394855499, 6.35878276825, -2.95713376999], [155.254516602, -78.5526351929, 68.979850769, 17.2973041534, 26.8991374969, 48.2703590393, 44.1662521362, 42.3880615234, 41.108631134, 71.9301986694, 32.4227256775, 7.95639324188, -5.3419342041], [38.744140625, -36.1441116333, 22.3467674255, 25.514131546, 18.6982154846, 54.1214866638, 40.6367759705, 17.9100456238, 18.4394855499, 32.4227256775, 61.6854362488, 32.7964744568, 2.85445451736], [59.9846763611, -31.7960758209, 11.3101387024, 15.8891363144, 18.0844955444, 43.6612625122, 30.6525993347, 8.80412387848, 6.35878276825, 7.95639324188, 32.7964744568, 53.4762611389, 17.6175918579], [24.2504863739, 12.9152870178, -9.75885677338, 20.0167484283, -1.73409020901, -0.502908170223, -3.38315701485, -3.41247725487, -2.95713376999, -5.3419342041, 2.85445451736, 17.6175918579, 44.5239486694]],
