{
"lowlevel": {
    "average_loudness": 0.528776466846,
    "barkbands_crest": {
        "dmean": 2.72561240196,
        "dmean2": 4.17567825317,
        "dvar": 5.14718294144,
        "dvar2": 11.6495666504,
        "max": 26.0350990295,
        "mean": 13.8024663925,
        "median": 13.3162174225,
        "min": 4.01454496384,
        "var": 19.045249939
    },
    "barkbands_flatness_db": {
        "dmean": 0.0206407699734,
        "dmean2": 0.0311751980335,
        "dvar": 0.000286920316285,
        "dvar2": 0.00069087324664,
        "max": 0.53190100193,
        "mean": 0.308400571346,
        "median": 0.306048125029,
        "min": 0.022557426244,
        "var": 0.00452529406175
    },
    "barkbands_kurtosis": {
        "dmean": 5.08609342575,
        "dmean2": 7.73165130615,
        "dvar": 40.2079582214,
        "dvar2": 89.1303863525,
        "max": 226.075088501,
        "mean": 11.8121261597,
        "median": 8.76832103729,
        "min": -1.58046579361,
        "var": 135.925994873
    },
    "barkbands_skewness": {
        "dmean": 0.607196509838,
        "dmean2": 0.913369715214,
        "dvar": 0.30191847682,
        "dvar2": 0.693467438221,
        "max": 10.489405632,
        "mean": 2.43012309074,
        "median": 2.3204433918,
        "min": -2.2816567421,
        "var": 1.36987829208
    },
    "barkbands_spread": {
        "dmean": 1.30250144005,
        "dmean2": 1.97937893867,
        "dvar": 2.53719615936,
        "dvar2": 5.90527057648,
        "max": 74.2613525391,
        "mean": 5.01627540588,
        "median": 4.0527806282,
        "min": 0.388625591993,
        "var": 22.2088871002
    },
    "dissonance": {
        "dmean": 0.0344020687044,
        "dmean2": 0.0577378720045,
        "dvar": 0.00092914007837,
        "dvar2": 0.00246206275187,
        "max": 0.5,
        "mean": 0.421057730913,
        "median": 0.428840696812,
        "min": 0.19011773169,
        "var": 0.00247459998354
    },
    "dynamic_complexity": 3.39903664589,
    "erbbands_crest": {
        "dmean": 3.14926505089,
        "dmean2": 4.9253411293,
        "dvar": 7.04523134232,
        "dvar2": 17.0559310913,
        "max": 31.2847042084,
        "mean": 13.6431751251,
        "median": 12.8862609863,
        "min": 2.26477408409,
        "var": 25.5667552948
    },
    "erbbands_flatness_db": {
        "dmean": 0.015950024128,
        "dmean2": 0.0235153548419,
        "dvar": 0.000169684179127,
        "dvar2": 0.000388675456634,
        "max": 0.497725367546,
        "mean": 0.313529551029,
        "median": 0.31434237957,
        "min": 0.0552474781871,
        "var": 0.00305551639758
    },
    "erbbands_kurtosis": {
        "dmean": 2.34067487717,
        "dmean2": 3.593126297,
        "dvar": 8.53123664856,
        "dvar2": 18.4962768555,
        "max": 107.07673645,
        "mean": 4.43563175201,
        "median": 3.04768466949,
        "min": -1.38410401344,
        "var": 28.6567287445
    },
    "erbbands_skewness": {
        "dmean": 0.435690283775,
        "dmean2": 0.660254895687,
        "dvar": 0.150837436318,
        "dvar2": 0.348705500364,
        "max": 6.9918961525,
        "mean": 1.62554705143,
        "median": 1.53828704357,
        "min": -0.904095113277,
        "var": 0.619925618172
    },
    "erbbands_spread": {
        "dmean": 3.31152915955,
        "dmean2": 5.15423059464,
        "dvar": 10.3867139816,
        "dvar2": 24.8962135315,
        "max": 74.2013702393,
        "mean": 14.3186817169,
        "median": 13.2779636383,
        "min": 1.56529641151,
        "var": 59.1851997375
    },
    "hfc": {
        "dmean": 2.61805653572,
        "dmean2": 3.85266208649,
        "dvar": 8.51263999939,
        "dvar2": 18.5471782684,
        "max": 71.0652770996,
        "mean": 10.2215356827,
        "median": 9.07254981995,
        "min": 1.23015389023e-16,
        "var": 51.5137939453
    },
    "melbands_crest": {
        "dmean": 3.31305480003,
        "dmean2": 5.09002971649,
        "dvar": 7.86719274521,
        "dvar2": 18.6359577179,
        "max": 33.6147079468,
        "mean": 17.1858005524,
        "median": 16.4746646881,
        "min": 1.64086306095,
        "var": 35.8380432129
    },
    "melbands_flatness_db": {
        "dmean": 0.0211205556989,
        "dmean2": 0.0306656882167,
        "dvar": 0.000309456809191,
        "dvar2": 0.000713648914825,
        "max": 0.62763684988,
        "mean": 0.352681338787,
        "median": 0.344902485609,
        "min": 0.00305747822858,
        "var": 0.00723690120503
    },
    "melbands_kurtosis": {
        "dmean": 6.80724143982,
        "dmean2": 10.5767221451,
        "dvar": 77.5651092529,
        "dvar2": 188.618881226,
        "max": 163.330627441,
        "mean": 14.5708827972,
        "median": 11.0616674423,
        "min": -1.35733151436,
        "var": 169.521118164
    },
    "melbands_skewness": {
        "dmean": 0.690197467804,
        "dmean2": 1.05656170845,
        "dvar": 0.427081882954,
        "dvar2": 1.02114582062,
        "max": 9.7596578598,
        "mean": 2.5541343689,
        "median": 2.36555957794,
        "min": -0.417049199343,
        "var": 1.59760344028
    },
    "melbands_spread": {
        "dmean": 1.84430837631,
        "dmean2": 2.80353784561,
        "dvar": 7.49306869507,
        "dvar2": 18.621088028,
        "max": 151.133911133,
        "mean": 7.87565469742,
        "median": 5.27403020859,
        "min": 0.434524863958,
        "var": 249.115951538
    },
    "pitch_salience": {
        "dmean": 0.0690627098083,
        "dmean2": 0.106860846281,
        "dvar": 0.00333506101742,
        "dvar2": 0.00820352323353,
        "max": 0.938339054585,
        "mean": 0.519537448883,
        "median": 0.525377988815,
        "min": 0.0918073430657,
        "var": 0.015408965759
    },
    "silence_rate_20dB": {
        "dmean": 0,
        "dmean2": 0,
        "dvar": 0,
        "dvar2": 0,
        "max": 1,
        "mean": 1,
        "median": 1,
        "min": 1,
        "var": 0
    },
    "silence_rate_30dB": {
        "dmean": 0.00268507865258,
        "dmean2": 0.00537067232653,
        "dvar": 0.00267818709835,
        "dvar2": 0.00591850932688,
        "max": 1,
        "mean": 0.996452212334,
        "median": 1,
        "min": 0,
        "var": 0.00353504228406
    },
    "silence_rate_60dB": {
        "dmean": 0.00843881815672,
        "dmean2": 0.0168792549521,
        "dvar": 0.00836849585176,
        "dvar2": 0.0196614190936,
        "max": 1,
        "mean": 0.0819829329848,
        "median": 0,
        "min": 0,
        "var": 0.0752554312348
    },
    "spectral_centroid": {
        "dmean": 77.734085083,
        "dmean2": 116.938018799,
        "dvar": 13016.0078125,
        "dvar2": 24088.8378906,
        "max": 10810.1835938,
        "mean": 648.614501953,
        "median": 572.001647949,
        "min": 228.701263428,
        "var": 229412.203125
    },
    "spectral_complexity": {
        "dmean": 1.5853471756,
        "dmean2": 2.733096838,
        "dvar": 1.99720931053,
        "dvar2": 5.5161690712,
        "max": 23,
        "mean": 10.3957233429,
        "median": 10,
        "min": 0,
        "var": 16.9956970215
    },
    "spectral_decrease": {
        "dmean": 1.62788627023e-09,
        "dmean2": 2.33686692219e-09,
        "dvar": 3.59953102944e-18,
        "dvar2": 7.63535847298e-18,
        "max": 1.04015389497e-17,
        "mean": -5.75069547537e-09,
        "median": -4.68095828765e-09,
        "min": -4.7384268953e-08,
        "var": 2.16863843708e-17
    },
    "spectral_energy": {
        "dmean": 0.0063722836785,
        "dmean2": 0.00915441848338,
        "dvar": 5.48724019609e-05,
        "dvar2": 0.000116472023365,
        "max": 0.183919131756,
        "mean": 0.0226315259933,
        "median": 0.0185446403921,
        "min": 1.10896477732e-20,
        "var": 0.000330551469233
    },
    "spectral_energyband_high": {
        "dmean": 7.21815786164e-06,
        "dmean2": 1.24494881675e-05,
        "dvar": 1.16035250852e-10,
        "dvar2": 3.34807404023e-10,
        "max": 0.000247739983024,
        "mean": 2.16789794649e-05,
        "median": 1.69519171322e-05,
        "min": 8.03695468622e-21,
        "var": 4.5527021042e-10
    },
    "spectral_energyband_low": {
        "dmean": 0.000106290099211,
        "dmean2": 0.000133053996251,
        "dvar": 1.38255089155e-07,
        "dvar2": 2.58008213905e-07,
        "max": 0.0307970959693,
        "mean": 0.000353880488547,
        "median": 5.39028078492e-05,
        "min": 8.73961515737e-23,
        "var": 1.24915811739e-06
    },
    "spectral_energyband_middle_high": {
        "dmean": 0.00063669012161,
        "dmean2": 0.0010415406432,
        "dvar": 9.45384044826e-07,
        "dvar2": 2.43726526605e-06,
        "max": 0.0168871022761,
        "mean": 0.00167048349977,
        "median": 0.00119832041673,
        "min": 1.48880706376e-21,
        "var": 2.79170239992e-06
    },
    "spectral_energyband_middle_low": {
        "dmean": 0.00634366832674,
        "dmean2": 0.0090943351388,
        "dvar": 5.50128424948e-05,
        "dvar2": 0.000116399911349,
        "max": 0.18250271678,
        "mean": 0.0210394524038,
        "median": 0.0166946090758,
        "min": 4.0826182223e-22,
        "var": 0.000315116951242
    },
    "spectral_entropy": {
        "dmean": 0.149979218841,
        "dmean2": 0.220719024539,
        "dvar": 0.0151074277237,
        "dvar2": 0.0344448126853,
        "max": 9.81262874603,
        "mean": 6.3833565712,
        "median": 6.47559452057,
        "min": 4.42488765717,
        "var": 0.376346766949
    },
    "spectral_flux": {
        "dmean": 0.0153453843668,
        "dmean2": 0.0265044216067,
        "dvar": 0.000216383763473,
        "dvar2": 0.000637241522782,
        "max": 0.205205127597,
        "mean": 0.0554934218526,
        "median": 0.0544664263725,
        "min": 1.05307394749e-10,
        "var": 0.000670550449286
    },
    "spectral_kurtosis": {
        "dmean": 8.4167432785,
        "dmean2": 14.9160890579,
        "dvar": 103.918968201,
        "dvar2": 313.938476562,
        "max": 224.367340088,
        "mean": 22.2312335968,
        "median": 13.583738327,
        "min": -1.19867181778,
        "var": 712.75
    },
    "spectral_rms": {
        "dmean": 0.000630347407423,
        "dmean2": 0.000900465005543,
        "dvar": 3.33821304821e-07,
        "dvar2": 7.3194343031e-07,
        "max": 0.013395271264,
        "mean": 0.00430322578177,
        "median": 0.00425350805745,
        "min": 3.28925059932e-12,
        "var": 3.5618079437e-06
    },
    "spectral_rolloff": {
        "dmean": 110.792694092,
        "dmean2": 187.040664673,
        "dvar": 49438.3164062,
        "dvar2": 88232.7890625,
        "max": 18884.6191406,
        "mean": 915.174621582,
        "median": 581.396484375,
        "min": 236.865234375,
        "var": 4999984.5
    },
    "spectral_skewness": {
        "dmean": 0.596148252487,
        "dmean2": 1.05080413818,
        "dvar": 0.314899682999,
        "dvar2": 0.962409198284,
        "max": 12.4020223618,
        "mean": 2.98208189011,
        "median": 2.37510800362,
        "min": 0.0104311220348,
        "var": 3.16887283325
    },
    "spectral_spread": {
        "dmean": 224191.4375,
        "dmean2": 391624.5,
        "dvar": 116179148800,
        "dvar2": 190309597184,
        "max": 39238448,
        "mean": 2243463.25,
        "median": 2178805.75,
        "min": 409677.84375,
        "var": 1.45166565376e+12
    },
    "spectral_strongpeak": {
        "dmean": 0.464740455151,
        "dmean2": 0.724183619022,
        "dvar": 0.22284579277,
        "dvar2": 0.522500157356,
        "max": 7.09553146362,
        "mean": 1.26256239414,
        "median": 1.10595369339,
        "min": 0,
        "var": 0.722113311291
    },
    "zerocrossingrate": {
        "dmean": 0.00314531219192,
        "dmean2": 0.00407815771177,
        "dvar": 1.86382421816e-05,
        "dvar2": 2.5190272936e-05,
        "max": 0.51171875,
        "mean": 0.0344040952623,
        "median": 0.02587890625,
        "min": 0.009765625,
        "var": 0.00362819805741
    },
    "barkbands": {
        "dmean": [1.66532707624e-08, 1.05130624206e-07, 2.70822911261e-05, 0.00018872731016, 0.00217159767635, 0.00249475496821, 0.0020673412364, 0.0018346545985, 0.000474588217912, 0.000626312044915, 0.000201060756808, 6.92636240274e-05, 7.51368424972e-05, 3.52273855242e-05, 4.29423562309e-05, 4.88544246764e-05, 2.78430488834e-05, 2.51660803769e-05, 2.71803837677e-05, 1.11311001092e-05, 2.23349024964e-06, 5.82335133004e-07, 1.32103792794e-07, 5.60951107786e-08, 5.01377606099e-08, 3.47365869402e-08, 8.10680944596e-09],
        "dmean2": [2.95664044359e-08, 1.61963725986e-07, 3.27413690684e-05, 0.000212327737245, 0.00303801125847, 0.00361555372365, 0.00285313790664, 0.00275857909583, 0.000715774367563, 0.00103385443799, 0.000335647491738, 0.000116709532449, 0.000127880368382, 6.1133869167e-05, 7.42885531508e-05, 8.46161783556e-05, 4.84118390887e-05, 4.40542935394e-05, 4.73083346151e-05, 1.92209754459e-05, 3.86249803341e-06, 1.01112516404e-06, 2.25488804517e-07, 9.56717371992e-08, 8.416352415e-08, 5.80239785108e-08, 1.31497728262e-08],
        "dvar": [9.73042333048e-16, 1.84695520596e-13, 2.13072848254e-08, 1.85139370501e-07, 1.64807752299e-05, 1.88807516679e-05, 1.75316454261e-05, 9.27606743062e-06, 6.89578428137e-07, 1.24044572658e-06, 1.11105954659e-07, 1.36397089179e-08, 1.74134164865e-08, 3.07291458945e-09, 3.83890119693e-09, 6.64935884132e-09, 1.78313397381e-09, 1.42600009578e-09, 1.74357184246e-09, 2.78890494032e-10, 1.1429037404e-11, 1.17130968553e-12, 3.62253223295e-14, 1.04056583025e-14, 1.41024658382e-14, 4.52870231008e-15, 5.13252891065e-16],
        "dvar2": [2.74735687013e-15, 3.53799455011e-13, 2.96694757651e-08, 2.61883599251e-07, 3.38184436259e-05, 4.08638334193e-05, 3.24329994328e-05, 1.92816878553e-05, 1.50542837218e-06, 3.14656335831e-06, 2.93577159027e-07, 3.6546751403e-08, 4.70533159103e-08, 8.79937633869e-09, 1.111573944e-08, 1.95961060712e-08, 5.17400122746e-09, 4.17668744035e-09, 5.18576825925e-09, 8.22469592432e-10, 3.36632527409e-11, 3.48283901719e-12, 1.04473572263e-13, 2.96867260321e-14, 3.85467685874e-14, 1.31015752853e-14, 1.13418802192e-15],
        "max": [7.15266878615e-07, 3.56440905307e-05, 0.0197270978242, 0.0177939943969, 0.0928470343351, 0.133178427815, 0.121001020074, 0.057165838778, 0.0176783055067, 0.0171875525266, 0.00573402456939, 0.00217352085747, 0.00256614456885, 0.000847352959681, 0.000775594904553, 0.00125389359891, 0.000557121122256, 0.000551519857254, 0.000828417541925, 0.000280357344309, 7.97063476057e-05, 3.38047939294e-05, 4.03043304686e-06, 3.42309226653e-06, 4.36187065134e-06, 2.49369395533e-06, 1.34611047997e-06],
        "mean": [1.73540772863e-08, 2.82624768033e-07, 0.000119150099636, 0.000618466874585, 0.00552164530382, 0.00574377551675, 0.00462097581476, 0.00326088373549, 0.000858809915371, 0.000954127404839, 0.000305937137455, 0.000108171094325, 0.00011679212912, 5.47871386516e-05, 7.15587084414e-05, 8.46129842103e-05, 4.95897802466e-05, 4.90034362883e-05, 5.79720872338e-05, 2.66539809672e-05, 5.70634983887e-06, 1.61296532042e-06, 4.46041326541e-07, 2.19029502091e-07, 1.88733963569e-07, 1.61622068617e-07, 1.99533847223e-08],
        "median": [7.0167960331e-09, 2.45362024032e-08, 2.91861829282e-06, 0.000108699132397, 0.00224097259343, 0.00239522731863, 0.00161017430946, 0.00132178608328, 0.000356965116225, 0.000355554104317, 0.000162989337696, 5.8542129409e-05, 4.90652382723e-05, 3.08633752866e-05, 4.30307372881e-05, 4.68101352453e-05, 3.42961793649e-05, 3.37007477356e-05, 4.34365938418e-05, 1.96896762645e-05, 4.7433140935e-06, 1.09289408101e-06, 3.4486970435e-07, 1.34278749897e-07, 9.22932770209e-08, 6.370063943e-08, 1.95195570818e-09],
        "min": [8.86945661366e-24, 6.98856230447e-23, 1.12908020534e-23, 9.35466681266e-24, 5.18365233986e-23, 3.36078095907e-23, 1.1236143459e-22, 1.21947091708e-22, 4.1322885021e-23, 1.2251215593e-22, 5.29149341214e-23, 5.6731544155e-23, 4.96444714251e-23, 9.40909363972e-23, 6.57455611073e-23, 7.37670837557e-23, 1.61284290768e-22, 2.27719631851e-22, 4.02747469932e-22, 4.02865912664e-22, 6.06430371162e-22, 4.9837238107e-22, 6.5805777069e-22, 6.48321838724e-22, 1.34159385535e-21, 1.79946134652e-21, 2.48090630607e-21],
        "var": [1.07577038301e-15, 1.96020977228e-12, 5.11924724833e-07, 1.85233136563e-06, 7.10730237188e-05, 8.63089080667e-05, 7.08987936378e-05, 2.43929625867e-05, 1.70285454715e-06, 2.23016650125e-06, 1.79686907131e-07, 2.27246950146e-08, 3.13276693475e-08, 5.37570521431e-09, 6.93636881266e-09, 1.20462591013e-08, 3.14815107316e-09, 2.86866574939e-09, 3.83096354639e-09, 8.06407496334e-10, 3.44672207442e-11, 3.75007490339e-12, 1.84633206076e-13, 7.67356352614e-14, 8.0781206919e-14, 5.75433391258e-14, 3.82881084422e-15]
    },
    "erbbands": {
        "dmean": [1.09910042738e-05, 0.00036496919347, 0.0209101773798, 0.339085668325, 1.00256788731, 8.11940956116, 24.523273468, 16.2177085876, 26.7707672119, 43.3453407288, 22.52501297, 12.8861055374, 15.0964231491, 15.6699066162, 6.94273138046, 3.12004041672, 3.63507723808, 1.97164821625, 2.24906158447, 1.7253164053, 2.6346976757, 1.02011537552, 1.08117461205, 1.32705068588, 1.36643862724, 0.606989622116, 0.151536330581, 0.0510236099362, 0.0231666546315, 0.00784616824239, 0.0035826060921, 0.0014280952746, 0.000866849441081, 0.000510862795636, 0.000485125026898, 0.000183857540833, 7.98339897301e-05, 1.54868102982e-05, 3.53416953658e-06, 7.0992559813e-06],
        "dmean2": [1.34109632199e-05, 0.000388649030356, 0.0244434550405, 0.403252542019, 1.25216901302, 11.602686882, 34.7923851013, 23.9351139069, 34.4509811401, 66.510307312, 33.2252044678, 19.3682346344, 24.7775478363, 25.831407547, 11.6323461533, 5.21809482574, 6.18108940125, 3.40404677391, 3.91179680824, 2.98489618301, 4.5709104538, 1.76034390926, 1.88553309441, 2.30170059204, 2.38831090927, 1.04980039597, 0.262585371733, 0.0877664908767, 0.0401146896183, 0.0134573150426, 0.00613290257752, 0.00243217730895, 0.00148443120997, 0.000860537809785, 0.000813283142634, 0.000310984411044, 0.000133998633828, 2.53273701674e-05, 5.1961706049e-06, 1.02079702629e-05],
        "dvar": [1.02362485155e-09, 2.55827239926e-06, 0.00896717235446, 0.824836909771, 3.31637072563, 223.088226318, 2121.81030273, 762.706420898, 3456.46069336, 5116.33886719, 1155.88085938, 490.514770508, 1023.80108643, 983.198303223, 127.126548767, 27.1709938049, 40.230884552, 8.39948654175, 11.4632978439, 7.09942483902, 20.8954639435, 1.90371382236, 2.96771526337, 5.37469005585, 4.28586149216, 0.95991063118, 0.050463154912, 0.00578777818009, 0.00213007978164, 0.000158927767188, 3.06780566461e-05, 6.68874645271e-06, 2.4208547984e-06, 1.00291913441e-06, 1.91528829419e-06, 1.35674994794e-07, 2.42005935291e-08, 1.15160558867e-09, 1.94955475374e-11, 6.76848160852e-11],
        "dvar2": [1.40620515232e-09, 2.33310720432e-06, 0.0119654079899, 1.4476454258, 4.80529260635, 450.220001221, 4691.5390625, 1761.21899414, 5479.05517578, 12357.9150391, 2408.37890625, 1088.18811035, 2516.65087891, 2583.69311523, 345.979797363, 70.6306610107, 108.51600647, 23.9027862549, 32.8223342896, 21.2117481232, 60.993309021, 5.4584851265, 8.65511703491, 15.4374265671, 12.9125957489, 2.82299137115, 0.150207653642, 0.0171246528625, 0.00641940487549, 0.000465671240818, 8.92652606126e-05, 1.86853230844e-05, 6.92193680152e-06, 2.75314414466e-06, 5.1843435358e-06, 3.98442466576e-07, 7.02164726363e-08, 2.77704059748e-09, 4.50301324006e-11, 1.43684383835e-10],
        "max": [0.00412356900051, 0.244017854333, 12.821018219, 49.9717292786, 82.642906189, 384.59274292, 1598.12841797, 963.443847656, 1704.4901123, 1343.91882324, 630.103759766, 477.689544678, 651.831481934, 550.17755127, 228.604598999, 94.3047790527, 122.597953796, 41.9396705627, 44.0891532898, 47.0627479553, 77.9265213013, 25.1134052277, 30.7004013062, 49.5676727295, 49.5353240967, 18.6649532318, 5.47258043289, 1.58970117569, 1.71720969677, 0.277746498585, 0.122987762094, 0.0957711338997, 0.059229247272, 0.0370625145733, 0.0419086031616, 0.0131969759241, 0.00538652250543, 0.00168702274095, 0.000160610754392, 0.000203096933546],
        "mean": [5.20453722856e-05, 0.00185350270476, 0.0943145826459, 1.13657414913, 3.6979598999, 19.8144435883, 59.5155563354, 36.7296524048, 63.2755126953, 78.8832168579, 45.2571296692, 24.3619327545, 23.4608154297, 24.4060707092, 11.2087841034, 5.38476705551, 5.87061738968, 3.447671175, 3.796220541, 3.41084909439, 4.71712970734, 2.19520735741, 2.34416437149, 2.82443475723, 2.97752094269, 1.47101414204, 0.448886990547, 0.148970410228, 0.0661727488041, 0.0250460039824, 0.011925727129, 0.00529518909752, 0.00324197579175, 0.00198006140999, 0.00145617756061, 0.000742482137866, 0.000313772994559, 5.73900470044e-05, 1.39703433888e-05, 2.55348313658e-05],
        "median": [1.69283357536e-05, 0.000237903732341, 0.00928188674152, 0.227992504835, 1.26756763458, 8.00758838654, 23.4904823303, 18.5929431915, 20.4755916595, 39.5724067688, 24.5405731201, 12.3533821106, 8.43747234344, 9.3441400528, 6.98793554306, 3.30843138695, 2.65883731842, 2.36083436012, 2.32695484161, 2.22637271881, 2.83766293526, 1.72859573364, 1.73236477375, 2.01912617683, 2.31677794456, 1.06810379028, 0.369100362062, 0.119036614895, 0.0466474033892, 0.0192718803883, 0.00908006820828, 0.00350765674375, 0.00197232095525, 0.00107890437357, 0.000655841315165, 0.00032819135231, 0.000113516252895, 1.37476672535e-05, 1.08992599053e-05, 2.10685702768e-05],
        "min": [1.72310789078e-21, 1.66006602483e-20, 1.42169260558e-20, 2.69852795288e-20, 1.15241058107e-19, 1.94694974192e-19, 2.3419931079e-19, 2.61080354253e-19, 7.7910580593e-19, 3.31892055319e-18, 1.80611867542e-18, 9.4708095933e-19, 3.06616765881e-18, 3.91949028064e-18, 1.68689723713e-18, 2.11322436708e-18, 2.25199632254e-18, 3.48696291501e-18, 4.14643762146e-18, 4.3557883491e-18, 5.30374725725e-18, 7.98476783553e-18, 1.073969452e-17, 1.57192920291e-17, 2.17044681934e-17, 2.15277360924e-17, 2.35800092425e-17, 2.34656928818e-17, 1.7590215756e-17, 1.6888457231e-17, 1.90632986955e-17, 1.15530157214e-17, 1.39184801309e-17, 1.37734852957e-17, 1.05005069741e-17, 6.55408203832e-18, 3.40846823117e-18, 1.48946318358e-18, 3.21490155718e-19, 3.57431140409e-20],
        "var": [2.41939783763e-08, 8.37529296405e-05, 0.217782258987, 6.43440151215, 44.3863105774, 965.701049805, 10889.7578125, 2967.13476562, 15196.7197266, 11760.1201172, 3271.6015625, 1168.82189941, 1814.8638916, 1646.93371582, 200.207336426, 47.7579612732, 72.4946060181, 15.0176057816, 19.3131809235, 15.0715494156, 35.4442253113, 4.56375837326, 6.41440105438, 12.3422307968, 9.32433795929, 2.63907814026, 0.199925795197, 0.022286074236, 0.00629270682111, 0.000609551614616, 0.000142706616316, 4.11592336604e-05, 1.75841014425e-05, 7.44477119952e-06, 6.5120839281e-06, 1.22137475955e-06, 2.18058985979e-07, 1.10769295958e-08, 1.54581958345e-10, 4.08169220645e-10]
    },
    "gfcc": {
        "mean": [-146.28137207, 141.240722656, -161.44392395, -30.4310092926, -85.4542694092, -57.5654792786, -44.8387985229, -18.1328277588, -32.2483673096, -10.9905920029, -11.8208065033, -10.5878381729, -5.52408790588],
        "cov": [[15552.4833984, 3289.18481445, -1966.15405273, 138.752960205, -301.909942627, -1014.37597656, -234.999694824, -233.646331787, -343.478149414, -301.913726807, -191.69178772, -375.704956055, -83.8638534546], [3289.18481445, 2347.6875, 704.866638184, 98.3226852417, 66.0868301392, -183.583450317, 35.3191757202, -427.693359375, -131.565719604, -414.286254883, -64.0398483276, -304.992706299, -28.0033588409], [-1966.15405273, 704.866638184, 2328.54321289, 235.162643433, 139.189422607, 492.480438232, -21.1180782318, -219.886825562, -197.04234314, -268.516601562, -192.013793945, -129.317321777, -180.274902344], [138.752960205, 98.3226852417, 235.162643433, 332.994781494, 140.440093994, 104.644264221, 34.9962348938, -16.0587596893, -35.5328407288, -72.0614471436, -71.5985488892, -79.7814865112, -61.6596946716], [-301.909942627, 66.0868301392, 139.189422607, 140.440093994, 240.906890869, 70.5166702271, 42.3054199219, -5.64483356476, -22.3563632965, -38.237827301, -43.9612922668, -31.9243793488, -35.9022445679], [-1014.37597656, -183.583450317, 492.480438232, 104.644264221, 70.5166702271, 261.653778076, 16.6538963318, 25.2926826477, -34.2074508667, -20.5081653595, -52.9386138916, -6.40782499313, -59.0636634827], [-234.999694824, 35.3191757202, -21.1180782318, 34.9962348938, 42.3054199219, 16.6538963318, 100.516670227, 1.18452179432, 37.7101211548, -14.8723134995, 6.69476795197, -20.0981636047, -1.89964520931], [-233.646331787, -427.693359375, -219.886825562, -16.0587596893, -5.64483356476, 25.2926826477, 1.18452179432, 164.709091187, 43.1600646973, 95.8491592407, 1.89227581024, 38.5116577148, -28.0328674316], [-343.478149414, -131.565719604, -197.04234314, -35.5328407288, -22.3563632965, -34.2074508667, 37.7101211548, 43.1600646973, 125.737464905, 53.8304748535, 66.7679824829, 0.75272333622, 17.9757270813], [-301.913726807, -414.286254883, -268.516601562, -72.0614471436, -38.237827301, -20.5081653595, -14.8723134995, 95.8491592407, 53.8304748535, 137.531036377, 45.4572143555, 63.9252433777, 2.17434477806], [-191.69178772, -64.0398483276, -192.013793945, -71.5985488892, -43.9612922668, -52.9386138916, 6.69476795197, 1.89227581024, 66.7679824829, 45.4572143555, 111.394515991, 29.8851528168, 52.6485176086], [-375.704956055, -304.992706299, -129.317321777, -79.7814865112, -31.9243793488, -6.40782499313, -20.0981636047, 38.5116577148, 0.75272333622, 63.9252433777, 29.8851528168, 105.835479736, 48.8207168579], [-83.8638534546, -28.0033588409, -180.274902344, -61.6596946716, -35.9022445679, -59.0636634827, -1.89964520931, -28.0328674316, 17.9757270813, 2.17434477806, 52.6485176086, 48.8207168579, 126.65499115]],
        "icov": [[0.000381406862289, -0.00107167067472, 0.000631711969618, -0.00073828548193, 0.000745826575439, -6.15856333752e-05, 0.000737603404559, -0.000931255170144, 0.00085002213018, -0.000884614535607, 0.000739818962757, -0.00068041542545, 0.000392260262743], [-0.00107167067472, 0.00506711704656, -0.00217252317816, 0.00280676060356, -0.00247672083788, 0.00236153858714, -0.0024700674694, 0.00432948814705, -0.00139531330206, 0.00563385989517, -0.00327661214396, 0.00543107232079, -0.000624821928795], [0.000631711969618, -0.00217252317816, 0.002452731831, -0.00104807212483, 0.00139204249717, -0.00295683485456, 0.00206926069222, -0.000171874489752, 0.000955705414526, -0.000647320703138, 0.00178556935862, -0.00209718151018, 0.0018691488076], [-0.00073828548193, 0.00280676060356, -0.00104807212483, 0.00701754493639, -0.00359257403761, -0.000877062731888, -0.00169671955518, 0.00230232253671, -0.000979112810455, 0.00367344380356, -0.000833306228742, 0.00546766864136, -0.000572222692426], [0.000745826575439, -0.00247672083788, 0.00139204249717, -0.00359257403761, 0.00751247582957, -0.00106902606785, -0.000527592841536, -0.00197631143965, 0.00204260204919, -0.0020809606649, 0.00223667500541, -0.00261384900659, 0.00118791032583], [-6.15856333752e-05, 0.00236153858714, -0.00295683485456, -0.000877062731888, -0.00106902606785, 0.012022966519, -0.00264883995987, -0.00204116548412, 0.00177583552431, 0.00235712039284, -0.0015916362172, 0.00182106927969, 0.000325106433593], [0.000737603404559, -0.0024700674694, 0.00206926069222, -0.00169671955518, -0.000527592841536, -0.00264883995987, 0.0157818309963, -0.00156059721485, -0.00489331688732, 0.00178487692028, 0.00217647547834, -0.00220609968528, 0.00117752724327], [-0.000931255170144, 0.00432948814705, -0.000171874489752, 0.00230232253671, -0.00197631143965, -0.00204116548412, -0.00156059721485, 0.018627949059, -0.00518547417596, -0.00178656552453, 0.00198252126575, 0.00210361275822, 0.0029359718319], [0.00085002213018, -0.00139531330206, 0.000955705414526, -0.000979112810455, 0.00204260204919, 0.00177583552431, -0.00489331688732, -0.00518547417596, 0.0210407208651, -0.00613840762526, -0.00783788505942, 0.00741184363142, -0.00115574651863], [-0.000884614535607, 0.00563385989517, -0.000647320703138, 0.00367344380356, -0.0020809606649, 0.00235712039284, 0.00178487692028, -0.00178656552453, -0.00613840762526, 0.0309353880584, -0.00792374275625, -0.00397977977991, 0.00683551281691], [0.000739818962757, -0.00327661214396, 0.00178556935862, -0.000833306228742, 0.00223667500541, -0.0015916362172, 0.00217647547834, 0.00198252126575, -0.00783788505942, -0.00792374275625, 0.021821308881, -0.00455927150324, -0.00380046642385], [-0.00068041542545, 0.00543107232079, -0.00209718151018, 0.00546766864136, -0.00261384900659, 0.00182106927969, -0.00220609968528, 0.00210361275822, 0.00741184363142, -0.00397977977991, -0.00455927150324, 0.0305919330567, -0.00991255044937], [0.000392260262743, -0.000624821928795, 0.0018691488076, -0.000572222692426, 0.00118791032583, 0.000325106433593, 0.00117752724327, 0.0029359718319, -0.00115574651863, 0.00683551281691, -0.00380046642385, -0.00991255044937, 0.017002152279]]
    },
    "melbands": {
        "dmean": [1.72317680125e-08, 6.42336772216e-06, 7.05750571797e-05, 0.000256597588304, 0.000780503614806, 0.000381598772947, 0.000418968353188, 0.000479971349705, 0.000163792414241, 7.37788941478e-05, 7.56246299716e-05, 6.70901863487e-05, 2.50803605013e-05, 1.00016468423e-05, 8.57931445353e-06, 6.33251192994e-06, 4.11478367823e-06, 3.53747532245e-06, 2.29070724345e-06, 3.63118533642e-06, 3.02104604089e-06, 1.2573332242e-06, 1.02084652553e-06, 1.36979758736e-06, 1.13585849704e-06, 1.34715696731e-06, 5.30160434664e-07, 4.38450200591e-07, 1.23035761135e-07, 7.43234878087e-08, 2.71442708311e-08, 1.81873396343e-08, 6.30686169956e-09, 4.51128912005e-09, 2.74857958615e-09, 1.34399869012e-09, 8.68079275129e-10, 7.38224037455e-10, 6.46043274433e-10, 4.66419736167e-10],
        "dmean2": [2.74583431548e-08, 7.49597802496e-06, 8.21910434752e-05, 0.000358310848242, 0.00109856540803, 0.000558941566851, 0.000550999655388, 0.000735457404517, 0.000240608933382, 0.000111964523967, 0.000124036640045, 0.000110577566375, 4.2057097744e-05, 1.65781966643e-05, 1.45884241647e-05, 1.07650075734e-05, 7.13449435352e-06, 6.15116186964e-06, 3.95531560571e-06, 6.29609712632e-06, 5.260440048e-06, 2.17969773075e-06, 1.76849039235e-06, 2.39930932366e-06, 1.96931227947e-06, 2.36007781496e-06, 9.22713240925e-07, 7.58801036227e-07, 2.12662087051e-07, 1.28935297994e-07, 4.69834340322e-08, 3.16751815888e-08, 1.07979287733e-08, 7.76169351013e-09, 4.71000838331e-09, 2.3066020205e-09, 1.47847167842e-09, 1.26825083768e-09, 1.09956099781e-09, 7.91859078308e-10],
        "dvar": [3.34516096057e-15, 1.21439136525e-09, 2.55789309733e-08, 2.14332928294e-07, 1.92609718397e-06, 4.03347598876e-07, 8.3995132627e-07, 6.44598003419e-07, 6.24238225555e-08, 1.75175411954e-08, 2.54900065499e-08, 1.90554381163e-08, 1.5624942451e-09, 2.79034628736e-10, 1.93135410442e-10, 1.36274547202e-10, 4.11389811106e-11, 2.68403198972e-11, 1.15513969917e-11, 3.15409365292e-11, 2.56549625294e-11, 3.50652644941e-12, 2.8574610126e-12, 5.60010371409e-12, 4.64668451286e-12, 4.91231708089e-12, 5.24360882406e-13, 4.78711796766e-13, 3.12350514377e-14, 1.42152338755e-14, 1.54561278259e-15, 1.64744911862e-15, 8.82471548453e-17, 5.02180125654e-17, 1.96786780578e-17, 4.53251135107e-18, 2.53017116549e-18, 1.73396350379e-18, 1.46492869642e-18, 8.3597798856e-19],
        "dvar2": [6.4690506573e-15, 1.51824242067e-09, 3.78702473824e-08, 4.40935139068e-07, 4.18452373196e-06, 8.9561558525e-07, 1.41072882798e-06, 1.50105745433e-06, 1.32838195555e-07, 3.92956351902e-08, 6.2421868563e-08, 5.01243881956e-08, 4.26066781856e-09, 7.38651029231e-10, 5.241013179e-10, 3.74317660201e-10, 1.17674758826e-10, 7.65334323694e-11, 3.36739906792e-11, 9.415863228e-11, 7.46936609786e-11, 1.02433122748e-11, 8.2106387661e-12, 1.63449791896e-11, 1.32757563623e-11, 1.47098392494e-11, 1.5651724708e-12, 1.39881845256e-12, 9.26394310113e-14, 4.21565180767e-14, 4.49583912579e-15, 4.97832222156e-15, 2.54143950783e-16, 1.4505772741e-16, 5.6948956572e-17, 1.30342463899e-17, 6.97617327975e-18, 5.05443336627e-18, 4.13554034407e-18, 2.29593781104e-18],
        "max": [4.77056119053e-06, 0.00491409888491, 0.00718765193596, 0.012258509174, 0.0455512516201, 0.0223466157913, 0.0268880799413, 0.0139173036441, 0.00482813641429, 0.00294298352674, 0.00322650419548, 0.00244534341618, 0.000607726164162, 0.000303064152831, 0.000247436662903, 0.000226742631639, 9.59585813689e-05, 6.1839731643e-05, 4.66917808808e-05, 8.79025610629e-05, 8.05015079095e-05, 2.31975209317e-05, 4.22048542532e-05, 4.38952156401e-05, 4.83273943246e-05, 5.45563198102e-05, 1.04398304757e-05, 1.24365215015e-05, 4.1240759856e-06, 2.06750814868e-06, 8.01147052698e-07, 1.50506832597e-06, 1.424205891e-07, 1.24571357674e-07, 9.58917567573e-08, 6.06241314927e-08, 6.49453539836e-08, 4.9274028413e-08, 3.85566991667e-08, 3.27215232687e-08],
        "mean": [4.30820001895e-08, 2.96409980365e-05, 0.000251854391536, 0.000683917838614, 0.00192803808022, 0.00085585215129, 0.000967495143414, 0.000855811522342, 0.000322289997712, 0.000133633293444, 0.000113438123662, 0.000100636141724, 3.90692548535e-05, 1.61349762493e-05, 1.34756910484e-05, 9.96450125967e-06, 6.234441571e-06, 5.71883265366e-06, 4.05437231166e-06, 6.34114712739e-06, 5.09777009938e-06, 2.30706837101e-06, 1.99620785679e-06, 2.52375912169e-06, 2.08841356653e-06, 2.55706186181e-06, 1.22051289964e-06, 9.35983564432e-07, 3.05406842926e-07, 1.5167685774e-07, 6.61165273641e-08, 4.43923013904e-08, 1.67930309658e-08, 1.17502203523e-08, 7.38223393526e-09, 4.14291001505e-09, 2.68923350255e-09, 2.30287922065e-09, 1.95744398468e-09, 1.48193635141e-09],
        "median": [7.03604552399e-09, 6.72922055855e-07, 5.53777354071e-05, 0.000264003232587, 0.00084474903997, 0.000413513887906, 0.000302207889035, 0.000413437228417, 0.000181826471817, 5.71420532651e-05, 3.75020208594e-05, 3.48626817868e-05, 2.22628077609e-05, 9.09951086214e-06, 7.6604901551e-06, 3.83828955819e-06, 3.6760088733e-06, 3.42483031091e-06, 2.47411799137e-06, 3.74206297238e-06, 2.79697155747e-06, 1.56483429237e-06, 1.15264265332e-06, 1.61095601925e-06, 1.2368204807e-06, 1.55272721258e-06, 1.03678814867e-06, 6.23035418812e-07, 2.39613939357e-07, 1.01193883495e-07, 5.08129076593e-08, 2.77212315325e-08, 1.23021406395e-08, 8.71100080957e-09, 5.2534119277e-09, 2.81074319375e-09, 1.63901470174e-09, 1.39671785249e-09, 1.03759056902e-09, 7.89718179739e-10],
        "min": [1.90556104305e-23, 1.33713406493e-23, 6.84629660447e-24, 1.19797497806e-23, 8.34554726523e-24, 6.21106517725e-24, 1.41494793571e-23, 3.55924100788e-23, 1.22027023828e-23, 5.75358225578e-24, 1.54247676737e-23, 1.61423833952e-23, 5.65495847098e-24, 6.82203360961e-24, 4.81641865582e-24, 5.12971476433e-24, 7.04741353681e-24, 7.70547578192e-24, 4.73702453887e-24, 5.74895400885e-24, 6.48799913676e-24, 8.88559513006e-24, 7.86901532505e-24, 1.14568951392e-23, 1.29014359296e-23, 1.44711657902e-23, 1.48232990988e-23, 1.34157093421e-23, 1.59827794791e-23, 1.43931032705e-23, 1.21223442779e-23, 9.21367133648e-24, 1.03793497969e-23, 9.54276990665e-24, 1.14515900496e-23, 9.12681775082e-24, 6.38530640741e-24, 9.36559411392e-24, 1.14431105838e-23, 1.147610548e-23],
        "var": [3.55438707709e-14, 3.23908508904e-08, 2.80188800161e-07, 1.13658745704e-06, 9.57417432801e-06, 1.66018696746e-06, 3.5723005567e-06, 1.48283936596e-06, 1.68791032706e-07, 4.20701447013e-08, 4.45907843982e-08, 3.10729539876e-08, 2.52784770893e-09, 4.71873373709e-10, 3.14425679937e-10, 2.50470394425e-10, 6.41771844001e-11, 4.46167824908e-11, 2.23803840044e-11, 6.04365654744e-11, 4.23016482953e-11, 6.41034447746e-12, 7.05252176103e-12, 9.58490838782e-12, 9.66587747342e-12, 9.25989753625e-12, 1.35921731769e-12, 1.17235225434e-12, 9.42159693903e-14, 3.21371178096e-14, 4.81028231977e-15, 4.01338101749e-15, 2.74157407032e-16, 1.47529475429e-16, 6.35455896082e-17, 2.23691210505e-17, 1.31268848283e-17, 9.41914451263e-18, 7.56155741873e-18, 4.65363871688e-18]
    },
    "mfcc": {
        "mean": [-778.811035156, 175.22605896, -50.0452613831, -0.557507514954, -47.3989982605, -48.0899276733, -31.5049953461, -33.7067146301, -28.0577926636, -19.6599292755, -21.2254333496, -17.8753299713, -8.45159339905],
        "cov": [[7465.26269531, 1747.59777832, -2039.46533203, 639.907470703, -578.760498047, -464.632324219, -289.841918945, -306.28225708, -172.555328369, -122.512275696, -282.215362549, -263.629882812, -100.193473816], [1747.59777832, 1920.09338379, 620.187133789, 164.111053467, 71.3153076172, 10.2231178284, 36.1392936707, -107.178871155, -174.322296143, -229.023681641, -207.335845947, -228.369430542, -236.281448364], [-2039.46533203, 620.187133789, 2013.78100586, 10.1327667236, 433.220031738, 413.578399658, 211.68296814, 139.152206421, -55.0179748535, -144.052185059, -61.9728507996, -122.432418823, -229.253601074], [639.907470703, 164.111053467, 10.1327667236, 337.21585083, 108.364562988, 102.904342651, 65.0232620239, 40.6768341064, 31.7310752869, -3.54605960846, -26.6823959351, -42.619304657, -36.9212722778], [-578.760498047, 71.3153076172, 433.220031738, 108.364562988, 291.719787598, 183.884307861, 125.788841248, 89.4294052124, 33.4639282227, 4.28709030151, -3.4639236927, -9.59291744232, -37.4538192749], [-464.632324219, 10.2231178284, 413.578399658, 102.904342651, 183.884307861, 231.186416626, 119.187179565, 86.597984314, 34.4763259888, -11.1071147919, 0.774829089642, -22.6698665619, -48.9261474609], [-289.841918945, 36.1392936707, 211.68296814, 65.0232620239, 125.788841248, 119.187179565, 126.886901855, 71.027130127, 34.2234535217, 3.34092473984, 1.07109367847, -4.31156921387, -23.6461200714], [-306.28225708, -107.178871155, 139.152206421, 40.6768341064, 89.4294052124, 86.597984314, 71.027130127, 106.078216553, 56.5272521973, 31.247543335, 25.6662025452, 16.6415290833, 8.75516605377], [-172.555328369, -174.322296143, -55.0179748535, 31.7310752869, 33.4639282227, 34.4763259888, 34.2234535217, 56.5272521973, 91.251663208, 55.9334602356, 31.8733406067, 28.8422241211, 24.0050525665], [-122.512275696, -229.023681641, -144.052185059, -3.54605960846, 4.28709030151, -11.1071147919, 3.34092473984, 31.247543335, 55.9334602356, 103.968605042, 65.6784820557, 58.5601997375, 66.8705978394], [-282.215362549, -207.335845947, -61.9728507996, -26.6823959351, -3.4639236927, 0.774829089642, 1.07109367847, 25.6662025452, 31.8733406067, 65.6784820557, 97.2364044189, 74.4143066406, 55.6433982849], [-263.629882812, -228.369430542, -122.432418823, -42.619304657, -9.59291744232, -22.6698665619, -4.31156921387, 16.6415290833, 28.8422241211, 58.5601997375, 74.4143066406, 113.022041321, 93.7263870239], [-100.193473816, -236.281448364, -229.253601074, -36.9212722778, -37.4538192749, -48.9261474609, -23.6461200714, 8.75516605377, 24.0050525665, 66.8705978394, 55.6433982849, 93.7263870239, 141.485610962]],
