{
"lowlevel": {
    "average_loudness": 0.925547778606,
    "barkbands_crest": {
        "dmean": 3.03753829002,
        "dmean2": 4.86229228973,
        "dvar": 9.32708454132,
        "dvar2": 23.8257637024,
        "max": 25.7854442596,
        "mean": 15.5355081558,
        "median": 16.4752464294,
        "min": 3.22381305695,
        "var": 24.5526103973
    },
    "barkbands_flatness_db": {
        "dmean": 0.0387077666819,
        "dmean2": 0.056299649179,
        "dvar": 0.0013703268487,
        "dvar2": 0.00304353702813,
        "max": 0.509441137314,
        "mean": 0.261668115854,
        "median": 0.251047670841,
        "min": 0.0492825321853,
        "var": 0.00624231761321
    },
    "barkbands_kurtosis": {
        "dmean": 15.7584905624,
        "dmean2": 24.2740364075,
        "dvar": 703.50012207,
        "dvar2": 1890.69470215,
        "max": 316.973419189,
        "mean": 22.9553012848,
        "median": 11.109588623,
        "min": -1.79293811321,
        "var": 1040.69482422
    },
    "barkbands_skewness": {
        "dmean": 1.10498046875,
        "dmean2": 1.64989995956,
        "dvar": 1.51226294041,
        "dvar2": 3.81400489807,
        "max": 12.7000150681,
        "mean": 3.25494980812,
        "median": 2.8024289608,
        "min": -1.7646239996,
        "var": 4.69900846481
    },
    "barkbands_spread": {
        "dmean": 2.16081595421,
        "dmean2": 3.40873503685,
        "dvar": 5.89427280426,
        "dvar2": 14.018658638,
        "max": 72.4428787231,
        "mean": 6.63899087906,
        "median": 5.03451490402,
        "min": 0.233156234026,
        "var": 40.8984375
    },
    "dissonance": {
        "dmean": 0.0274003464729,
        "dmean2": 0.0455116555095,
        "dvar": 0.000579129322432,
        "dvar2": 0.00158545898739,
        "max": 0.500000059605,
        "mean": 0.437203943729,
        "median": 0.440796941519,
        "min": 0.274689525366,
        "var": 0.00120027875528
    },
    "dynamic_complexity": 3.72163581848,
    "erbbands_crest": {
        "dmean": 2.22196626663,
        "dmean2": 3.51177930832,
        "dvar": 4.54698133469,
        "dvar2": 10.0971183777,
        "max": 30.3125839233,
        "mean": 9.63873004913,
        "median": 8.70077419281,
        "min": 3.00823283195,
        "var": 15.7633771896
    },
    "erbbands_flatness_db": {
        "dmean": 0.0209223646671,
        "dmean2": 0.0315722078085,
        "dvar": 0.000457205023849,
        "dvar2": 0.000963206519373,
        "max": 0.338000029325,
        "mean": 0.184823185205,
        "median": 0.186868190765,
        "min": 0.0771540030837,
        "var": 0.00161185476463
    },
    "erbbands_kurtosis": {
        "dmean": 1.18406283855,
        "dmean2": 1.81922399998,
        "dvar": 1.66640913486,
        "dvar2": 3.64641666412,
        "max": 20.3491172791,
        "mean": 1.45668077469,
        "median": 0.88338637352,
        "min": -1.61898386478,
        "var": 4.27116060257
    },
    "erbbands_skewness": {
        "dmean": 0.397692322731,
        "dmean2": 0.605133831501,
        "dvar": 0.142298460007,
        "dvar2": 0.307185053825,
        "max": 3.24901604652,
        "mean": 0.600393414497,
        "median": 0.554948031902,
        "min": -2.59112071991,
        "var": 0.530468285084
    },
    "erbbands_spread": {
        "dmean": 5.5192117691,
        "dmean2": 8.88203430176,
        "dvar": 36.800403595,
        "dvar2": 94.9940872192,
        "max": 78.3176803589,
        "mean": 24.442440033,
        "median": 23.1139602661,
        "min": 2.48237872124,
        "var": 95.2089080811
    },
    "hfc": {
        "dmean": 7.19332838058,
        "dmean2": 10.4256706238,
        "dvar": 81.1141815186,
        "dvar2": 175.655166626,
        "max": 80.4287185669,
        "mean": 20.4554862976,
        "median": 15.3831882477,
        "min": 1.1142133439e-16,
        "var": 284.650756836
    },
    "melbands_crest": {
        "dmean": 4.25002813339,
        "dmean2": 6.66962432861,
        "dvar": 21.0512504578,
        "dvar2": 50.6131057739,
        "max": 37.6006469727,
        "mean": 24.08984375,
        "median": 24.9559860229,
        "min": 3.19991660118,
        "var": 80.0814819336
    },
    "melbands_flatness_db": {
        "dmean": 0.0422297827899,
        "dmean2": 0.0617124289274,
        "dvar": 0.00166612956673,
        "dvar2": 0.00374148297124,
        "max": 0.650727391243,
        "mean": 0.373900234699,
        "median": 0.368624806404,
        "min": 0.00738458661363,
        "var": 0.00874932575971
    },
    "melbands_kurtosis": {
        "dmean": 25.2359867096,
        "dmean2": 38.1792068481,
        "dvar": 2315.28051758,
        "dvar2": 6218.72070312,
        "max": 666.654846191,
        "mean": 38.2153396606,
        "median": 17.5999259949,
        "min": -1.74766051769,
        "var": 3238.53759766
    },
    "melbands_skewness": {
        "dmean": 1.37647294998,
        "dmean2": 1.97656977177,
        "dvar": 2.73773813248,
        "dvar2": 6.7966170311,
        "max": 20.3713970184,
        "mean": 4.18652629852,
        "median": 3.41542863846,
        "min": -0.920006215572,
        "var": 8.27750492096
    },
    "melbands_spread": {
        "dmean": 2.31862282753,
        "dmean2": 3.63525819778,
        "dvar": 9.51992607117,
        "dvar2": 20.0207939148,
        "max": 129.760101318,
        "mean": 6.99234390259,
        "median": 4.77716350555,
        "min": 0.192143380642,
        "var": 62.5718917847
    },
    "pitch_salience": {
        "dmean": 0.0980144888163,
        "dmean2": 0.149918496609,
        "dvar": 0.00957722123712,
        "dvar2": 0.0232667662203,
        "max": 0.86558932066,
        "mean": 0.376770317554,
        "median": 0.385001659393,
        "min": 0.0357654131949,
        "var": 0.0313987284899
    },
    "silence_rate_20dB": {
        "dmean": 0.144942045212,
        "dmean2": 0.289908260107,
        "dvar": 0.123924508691,
        "dvar2": 0.276741147041,
        "max": 1,
        "mean": 0.736824572086,
        "median": 1,
        "min": 0,
        "var": 0.193924024701
    },
    "silence_rate_30dB": {
        "dmean": 0.102576933801,
        "dmean2": 0.205170974135,
        "dvar": 0.0920438468456,
        "dvar2": 0.209434077144,
        "max": 1,
        "mean": 0.49724817276,
        "median": 0,
        "min": 0,
        "var": 0.250003784895
    },
    "silence_rate_60dB": {
        "dmean": 0.00817279610783,
        "dmean2": 0.0163469556719,
        "dvar": 0.00810692645609,
        "dvar2": 0.0187492053956,
        "max": 1,
        "mean": 0.0568712465465,
        "median": 0,
        "min": 0,
        "var": 0.0536370910704
    },
    "spectral_centroid": {
        "dmean": 79.9427566528,
        "dmean2": 115.3359375,
        "dvar": 17098.7128906,
        "dvar2": 23746.5039062,
        "max": 11248.0283203,
        "mean": 556.598999023,
        "median": 470.708618164,
        "min": 134.741912842,
        "var": 98845.6875
    },
    "spectral_complexity": {
        "dmean": 2.17963480949,
        "dmean2": 3.37956619263,
        "dvar": 5.93550872803,
        "dvar2": 11.1926908493,
        "max": 39,
        "mean": 13.6039028168,
        "median": 12,
        "min": 0,
        "var": 38.3391113281
    },
    "spectral_decrease": {
        "dmean": 3.37227490377e-08,
        "dmean2": 4.7254641089e-08,
        "dvar": 2.35871867218e-15,
        "dvar2": 4.93517986894e-15,
        "max": -1.1357684346e-28,
        "mean": -5.92056075277e-08,
        "median": -2.38099246985e-08,
        "min": -3.42159495403e-07,
        "var": 5.41913722555e-15
    },
    "spectral_energy": {
        "dmean": 0.127869740129,
        "dmean2": 0.179167941213,
        "dvar": 0.0338754579425,
        "dvar2": 0.0709028989077,
        "max": 1.29740273952,
        "mean": 0.225311398506,
        "median": 0.0914152786136,
        "min": 1.05349011956e-20,
        "var": 0.0779497250915
    },
    "spectral_energyband_high": {
        "dmean": 7.64536234783e-05,
        "dmean2": 0.000126678598463,
        "dvar": 1.57902544373e-08,
        "dvar2": 3.73442503587e-08,
        "max": 0.00192566262558,
        "mean": 0.000107720581582,
        "median": 3.18355378113e-05,
        "min": 7.66490677972e-21,
        "var": 2.80776770722e-08
    },
    "spectral_energyband_low": {
        "dmean": 0.126252874732,
        "dmean2": 0.177301317453,
        "dvar": 0.033581148833,
        "dvar2": 0.0703777596354,
        "max": 1.2414662838,
        "mean": 0.202885121107,
        "median": 0.0664561167359,
        "min": 7.62899177286e-23,
        "var": 0.0738302245736
    },
    "spectral_energyband_middle_high": {
        "dmean": 0.00129967124667,
        "dmean2": 0.00181662582327,
        "dvar": 2.90943989967e-06,
        "dvar2": 5.44629438082e-06,
        "max": 0.0291389692575,
        "mean": 0.00319362501614,
        "median": 0.00187746598385,
        "min": 1.61714233846e-21,
        "var": 1.18878797366e-05
    },
    "spectral_energyband_middle_low": {
        "dmean": 0.00443452829495,
        "dmean2": 0.00658065686002,
        "dvar": 3.83788938052e-05,
        "dvar2": 8.74971228768e-05,
        "max": 0.125218242407,
        "mean": 0.0183644238859,
        "median": 0.0146178044379,
        "min": 2.31042061549e-22,
        "var": 0.000219507419388
    },
    "spectral_entropy": {
        "dmean": 0.175430089235,
        "dmean2": 0.262450516224,
        "dvar": 0.0379286371171,
        "dvar2": 0.0757717937231,
        "max": 9.80330944061,
        "mean": 6.87597131729,
        "median": 6.81532001495,
        "min": 5.95527648926,
        "var": 0.154297247529
    },
    "spectral_flux": {
        "dmean": 0.0925365164876,
        "dmean2": 0.160240769386,
        "dvar": 0.0132645517588,
        "dvar2": 0.0394032225013,
        "max": 0.86257392168,
        "mean": 0.174278333783,
        "median": 0.129490658641,
        "min": 1.02639667598e-10,
        "var": 0.0241377688944
    },
    "spectral_kurtosis": {
        "dmean": 4.93756437302,
        "dmean2": 8.05668449402,
        "dvar": 23.7812137604,
        "dvar2": 60.8545188904,
        "max": 59.1860961914,
        "mean": 13.384812355,
        "median": 12.259513855,
        "min": -1.19249069691,
        "var": 62.8358840942
    },
    "spectral_rms": {
        "dmean": 0.00359300570562,
        "dmean2": 0.00502259191126,
        "dvar": 1.95640295715e-05,
        "dvar2": 4.17427072534e-05,
        "max": 0.0355775021017,
        "mean": 0.0120677761734,
        "median": 0.00944381486624,
        "min": 3.20592467504e-12,
        "var": 7.41849362385e-05
    },
    "spectral_rolloff": {
        "dmean": 110.517379761,
        "dmean2": 189.653442383,
        "dvar": 56248.4140625,
        "dvar2": 89757.421875,
        "max": 18841.5527344,
        "mean": 367.361358643,
        "median": 236.865234375,
        "min": 43.06640625,
        "var": 242247.390625
    },
    "spectral_skewness": {
        "dmean": 0.416080743074,
        "dmean2": 0.675278663635,
        "dvar": 0.150592252612,
        "dvar2": 0.370668500662,
        "max": 5.9924030304,
        "mean": 2.787358284,
        "median": 2.79479598999,
        "min": -0.0156238758937,
        "var": 0.625764608383
    },
    "spectral_spread": {
        "dmean": 815395.3125,
        "dmean2": 1307891.375,
        "dvar": 1.26965881242e+12,
        "dvar2": 2.8652970967e+12,
        "max": 40416184,
        "mean": 3193887.75,
        "median": 2747475.75,
        "min": 1126353,
        "var": 1.68674472755e+12
    },
    "spectral_strongpeak": {
        "dmean": 0.349113941193,
        "dmean2": 0.547142863274,
        "dvar": 0.164876639843,
        "dvar2": 0.388411730528,
        "max": 4.38871192932,
        "mean": 0.731075823307,
        "median": 0.571149706841,
        "min": 0,
        "var": 0.342315584421
    },
    "zerocrossingrate": {
        "dmean": 0.00380628090352,
        "dmean2": 0.00512573122978,
        "dvar": 2.25036110351e-05,
        "dvar2": 3.07964037347e-05,
        "max": 0.478515625,
        "mean": 0.0164683349431,
        "median": 0.0126953125,
        "min": 0.00146484375,
        "var": 0.000238303866354
    },
    "barkbands": {
        "dmean": [0.023175496608, 0.105998180807, 0.00303626456298, 0.00155303941574, 0.00191634020302, 0.00191983534023, 0.00114757893607, 0.000517230771948, 0.000433867418906, 0.000582234817557, 0.000261155830231, 0.000629982154351, 0.000153862391016, 0.000103157901322, 6.63060127408e-05, 0.000118665280752, 5.28369600943e-05, 2.68345138466e-05, 2.0699641027e-05, 1.74745291588e-05, 1.05244553197e-05, 1.12012467071e-05, 1.88391459233e-05, 1.2308809346e-05, 1.58518851094e-05, 1.15183293019e-05, 6.00885641688e-07],
        "dmean2": [0.0310699641705, 0.153334662318, 0.00482372520491, 0.0025569726713, 0.00277463113889, 0.0027744716499, 0.00165140244644, 0.000748190039303, 0.000647612498142, 0.000917034631129, 0.000386617699405, 0.000965096754953, 0.000235519633861, 0.000160260708071, 0.000108914107841, 0.000209194346098, 9.25306085264e-05, 4.26085352956e-05, 3.40032711392e-05, 2.58542349911e-05, 1.57825325005e-05, 1.74465549208e-05, 3.2990345062e-05, 2.079114347e-05, 2.8132362786e-05, 2.08915898838e-05, 1.08581832592e-06],
        "dvar": [0.00138927227817, 0.0236141383648, 3.31640258082e-05, 8.24272410682e-06, 4.76794366477e-06, 9.85768838291e-06, 3.56950567948e-06, 8.59609599502e-07, 4.56360709222e-07, 1.12082375381e-06, 1.79093049724e-07, 9.83448330771e-07, 9.40570785701e-08, 3.19814894567e-08, 1.56170187893e-08, 1.05040378173e-07, 1.85761823701e-08, 2.33022845464e-09, 1.64356483978e-09, 1.96464267077e-09, 3.96441324213e-10, 3.85847687134e-10, 9.70724500782e-10, 3.99873051338e-10, 7.75349173754e-10, 4.9254106349e-10, 2.65691223363e-12],
        "dvar2": [0.00253369472921, 0.0515329651535, 9.08636357053e-05, 2.23086517508e-05, 1.09236079879e-05, 2.05904216273e-05, 7.22515505913e-06, 1.33238165745e-06, 1.00925160496e-06, 2.58257273344e-06, 3.36468815476e-07, 2.21821255764e-06, 2.20186791466e-07, 7.73748922711e-08, 4.00886328578e-08, 2.92084877174e-07, 5.17964338087e-08, 5.16621456725e-09, 3.96353438958e-09, 4.41769865134e-09, 8.53055348582e-10, 7.49295903102e-10, 2.45953635236e-09, 1.00199848418e-09, 2.07990691337e-09, 1.33333988295e-09, 7.42061880693e-12],
        "max": [0.325768351555, 0.952908396721, 0.0784267634153, 0.03192993626, 0.0358900427818, 0.0844061076641, 0.0453954190016, 0.0312803573906, 0.0115705896169, 0.0116298059002, 0.0126456730068, 0.0144341466948, 0.00679014017805, 0.0028231004253, 0.00167515920475, 0.00291438424028, 0.00144595990423, 0.000873581913766, 0.000505197560415, 0.00118237768766, 0.000308974995278, 0.000616838049609, 0.000283721863525, 0.00034011749085, 0.000174867003807, 0.000299821142107, 4.69573460578e-05],
        "mean": [0.0389058701694, 0.160636767745, 0.00415834179148, 0.00254341377877, 0.00501441955566, 0.0058092973195, 0.00271483021788, 0.00123579346109, 0.000930800451897, 0.000926377542783, 0.00045153289102, 0.00101285951678, 0.000272672594292, 0.000184435208212, 0.000114559821668, 0.00012245659309, 6.57928758301e-05, 4.84290139866e-05, 3.54849835276e-05, 3.2620922866e-05, 1.90742139239e-05, 1.84981036e-05, 2.01229267986e-05, 1.33192461362e-05, 1.44135237861e-05, 8.34692855278e-06, 5.09931282977e-07],
        "median": [0.00881042610854, 0.0477076098323, 0.00221119006164, 0.00168292189483, 0.00406814273447, 0.00265182089061, 0.00135609996505, 0.000523418188095, 0.000526274321601, 0.0002953352232, 0.000205569464015, 0.000462366908323, 6.43831153866e-05, 6.01744104642e-05, 4.58627546323e-05, 2.97825172311e-05, 2.15861364268e-05, 1.31743545353e-05, 1.137970321e-05, 1.07117284642e-05, 5.43167880096e-06, 4.64244476461e-06, 4.16905004386e-06, 2.7435598895e-06, 2.77607841781e-06, 1.16234457437e-06, 1.43199429203e-07],
        "min": [7.14931385539e-24, 1.45721762737e-23, 4.20238068679e-23, 2.53251140292e-23, 4.09595325326e-23, 2.85610246179e-23, 2.08276207933e-23, 1.81471235022e-23, 6.64579340591e-23, 7.18829305043e-23, 9.95213034075e-23, 8.19313144973e-23, 8.37143042262e-23, 9.12325020626e-23, 1.92590242103e-22, 1.21250849384e-22, 1.43255651019e-22, 1.80783291515e-22, 3.5913247382e-22, 8.0287991014e-22, 3.22557878272e-22, 5.14698343441e-22, 7.0580614551e-22, 8.66472095546e-22, 1.44841778931e-21, 1.4598515014e-21, 1.87271307691e-21],
        "var": [0.00351528427564, 0.0482292510569, 3.57730023097e-05, 9.64131049841e-06, 1.77794099727e-05, 6.14830787526e-05, 1.32037475851e-05, 6.96887809681e-06, 1.34832691856e-06, 2.26627912525e-06, 4.43811444484e-07, 1.92084303308e-06, 2.28252815759e-07, 7.96741659315e-08, 2.79850951301e-08, 8.60648441403e-08, 1.76765730941e-08, 6.33103702796e-09, 3.40333672355e-09, 4.42699921166e-09, 1.09751063793e-09, 1.12642972727e-09, 1.09337938703e-09, 5.33182831219e-10, 6.64328314581e-10, 3.30025090589e-10, 1.72914026847e-12]
    },
    "erbbands": {
        "dmean": [6.35081386566, 11.8783054352, 4.04837322235, 4.52541399002, 5.4775390625, 6.87719249725, 8.40032196045, 19.6952648163, 18.4838504791, 11.7833414078, 10.0432319641, 6.98776483536, 15.5418787003, 17.5741176605, 13.2123222351, 21.5882740021, 7.63817501068, 4.20517158508, 4.49450778961, 5.7833275795, 4.65950679779, 3.00152564049, 1.50141644478, 1.04175364971, 0.927974939346, 0.916731178761, 0.464194417, 0.383199214935, 0.423782408237, 0.684806466103, 0.373072624207, 0.252108544111, 0.208365604281, 0.148156672716, 0.126109421253, 0.0617959946394, 0.0222383830696, 0.00179673184175, 0.000146916921949, 0.000138146730023],
        "dmean2": [8.68638801575, 19.3262653351, 6.59181594849, 7.59980392456, 8.12721157074, 9.81119441986, 13.7591838837, 27.3742485046, 26.9233417511, 16.9676437378, 14.4054250717, 10.6150350571, 24.4886302948, 26.7114887238, 18.9164924622, 33.2995567322, 11.3488178253, 6.71049118042, 6.9544711113, 10.0234899521, 8.21708679199, 5.28376817703, 2.3720805645, 1.65527522564, 1.51228141785, 1.36768984795, 0.681994736195, 0.576477110386, 0.674976527691, 1.19755887985, 0.634279310703, 0.418423473835, 0.361842036247, 0.256953477859, 0.226931914687, 0.111994594336, 0.0405423939228, 0.00321018742397, 0.000247770105489, 0.000193018757273],
        "dvar": [87.3699111938, 295.59664917, 37.3635864258, 105.419845581, 43.1817436218, 73.2113952637, 195.13861084, 1098.33605957, 1002.42681885, 312.320617676, 315.66494751, 103.890403748, 723.128356934, 867.929443359, 315.337890625, 1389.01843262, 218.908447266, 44.3437576294, 62.453163147, 208.852874756, 142.954055786, 62.5859565735, 7.03090667725, 3.69161820412, 3.41217017174, 7.30022144318, 0.814342141151, 0.500381469727, 0.640264034271, 1.26946973801, 0.378407865763, 0.170113816857, 0.119240105152, 0.0565870180726, 0.0532007031143, 0.0137811154127, 0.00190142064821, 1.93655723706e-05, 8.48030055067e-08, 3.92480856704e-08],
        "dvar2": [175.562179565, 798.710510254, 101.091369629, 283.829956055, 101.927337646, 167.094192505, 525.519714355, 2078.31567383, 2038.21020508, 627.108642578, 500.030151367, 242.959152222, 1816.58984375, 1867.01647949, 609.126342773, 3080.82226562, 467.786407471, 110.761184692, 143.313491821, 579.051452637, 405.774658203, 174.645202637, 15.2181568146, 7.82015228271, 7.82354831696, 18.18151474, 1.56465947628, 1.04442679882, 1.30221796036, 3.20294213295, 0.908385574818, 0.412874817848, 0.310446441174, 0.149621084332, 0.143160119653, 0.037383440882, 0.00518016004935, 5.30026518391e-05, 2.37068235265e-07, 8.27279791338e-08],
        "max": [61.9440307617, 124.129524231, 66.7152404785, 110.514717102, 86.6962890625, 166.620910645, 228.246841431, 999.170898438, 813.127502441, 447.048461914, 591.668884277, 176.906478882, 397.745819092, 509.143859863, 300.597076416, 465.643310547, 351.498809814, 88.1143493652, 122.550849915, 140.893127441, 112.272491455, 79.9239730835, 40.631072998, 31.7680416107, 28.8210926056, 77.8572006226, 15.7399530411, 18.3345184326, 21.7595443726, 10.4276990891, 10.1435804367, 6.91222572327, 4.91274881363, 2.20649909973, 1.54137313366, 0.898076236248, 0.595616340637, 0.160840883851, 0.00791953410953, 0.00140918255784],
        "mean": [9.52386951447, 16.3874282837, 6.58321809769, 7.47179937363, 11.8684463501, 18.3730678558, 21.0576095581, 60.5760040283, 47.6815223694, 32.1562461853, 24.5092868805, 16.3736820221, 28.3765392303, 31.6342906952, 25.6852684021, 35.8605690002, 14.7642335892, 8.12692928314, 8.30487442017, 7.32265520096, 5.31075334549, 3.79993629456, 2.66920256615, 2.07088375092, 1.81588029861, 1.65007519722, 0.879834711552, 0.701292216778, 0.693573355675, 0.747183680534, 0.45965129137, 0.295867562294, 0.209816411138, 0.154625490308, 0.103136904538, 0.044975604862, 0.0157258082181, 0.00151355133858, 0.000190041100723, 0.000247005868005],
        "median": [2.36288690567, 6.68424320221, 4.38660955429, 5.2334856987, 9.09748744965, 13.0381355286, 13.3582658768, 25.7434844971, 24.1748485565, 17.6649627686, 10.8958950043, 10.5665130615, 13.8634090424, 13.296289444, 16.3192329407, 15.1977386475, 4.29243326187, 3.12212467194, 2.85860824585, 1.98929738998, 1.50695228577, 1.23233985901, 0.786114096642, 0.642346084118, 0.627192020416, 0.511244118214, 0.25951385498, 0.198885887861, 0.166400536895, 0.164969325066, 0.103769928217, 0.0643493905663, 0.041401065886, 0.0406010188162, 0.0120407957584, 0.00502733280882, 0.00228110607713, 0.000325009983499, 9.43913400988e-05, 0.000105658982648],
        "min": [2.55634503657e-22, 4.44783416423e-21, 3.03611990947e-20, 9.21207525252e-20, 4.70069229149e-20, 2.05330099951e-19, 3.41445629502e-19, 1.23101936414e-19, 3.58108045569e-19, 1.95998649612e-19, 5.59881695401e-19, 1.45963970359e-18, 2.09432535803e-18, 2.18474281643e-18, 5.18819715671e-18, 3.72196699499e-18, 3.18044803711e-18, 5.49380151556e-18, 8.25816012696e-18, 6.85826943678e-18, 6.86438312869e-18, 7.32099675299e-18, 1.004555681e-17, 1.94686618634e-17, 1.45666356978e-17, 4.16872095726e-17, 2.19520301158e-17, 1.27004335178e-17, 1.7353771141e-17, 1.79194882337e-17, 2.10535531519e-17, 1.80299747481e-17, 1.61983090131e-17, 1.39382828347e-17, 1.031848009e-17, 4.53500323266e-18, 2.91253023376e-18, 1.09865632651e-18, 2.40037784198e-19, 3.2687302063e-20],
        "var": [186.23765564, 460.895111084, 55.2368927002, 102.85987854, 118.577079773, 339.877410889, 557.879638672, 7459.73242188, 3892.48632812, 1575.96777344, 2453.23095703, 301.525299072, 1356.8059082, 2269.00634766, 787.177978516, 2859.77783203, 603.099121094, 121.753814697, 157.55090332, 214.827590942, 128.481384277, 59.6657829285, 17.2631511688, 10.6956386566, 8.70878982544, 14.0715360641, 2.45135426521, 1.47557377815, 1.6212362051, 1.42783975601, 0.58525377512, 0.247090309858, 0.13827227056, 0.0641711130738, 0.0411018654704, 0.0093225184828, 0.00124111771584, 1.31357510327e-05, 6.93111417149e-08, 9.04987658146e-08]
    },
    "gfcc": {
        "mean": [-31.0142154694, 154.58001709, -79.7150421143, 14.8610687256, -40.6668586731, 15.0360984802, -20.3307170868, 8.205909729, -12.8601016998, 4.13490056992, 0.452260613441, 7.69670200348, 0.0646624043584],
        "cov": [[6579.45263672, -899.273620605, 880.540405273, 520.919555664, -480.591827393, 877.506225586, -70.6000442505, 205.352813721, 78.9478530884, 360.36505127, -3.95482063293, 185.084442139, 110.27256012], [-899.273620605, 817.544311523, -17.6955680847, -171.318328857, 318.102752686, -190.363265991, 141.806015015, -100.32244873, 146.336776733, -74.4626617432, 113.717086792, -72.4272460938, 83.3028717041], [880.540405273, -17.6955680847, 837.583435059, 32.1830253601, 35.5462875366, 270.996063232, -7.73233509064, 65.3789596558, 41.9353752136, 67.1125106812, -27.5337982178, 63.566493988, 26.4846572876], [520.919555664, -171.318328857, 32.1830253601, 256.344421387, -86.4613265991, 68.9965896606, 28.2439231873, -20.9697246552, 25.1112041473, 4.62923669815, -7.23830747604, -6.03626489639, 11.6095924377], [-480.591827393, 318.102752686, 35.5462875366, -86.4613265991, 408.769958496, -9.30519390106, 102.520980835, 7.30033159256, 120.133224487, -34.6733169556, 38.2878265381, -16.856584549, 54.2299156189], [877.506225586, -190.363265991, 270.996063232, 68.9965896606, -9.30519390106, 264.593231201, 23.2421607971, 60.4543762207, 4.24832105637, 53.7601890564, -25.4896335602, 42.3349723816, -1.91794598103], [-70.6000442505, 141.806015015, -7.73233509064, 28.2439231873, 102.520980835, 23.2421607971, 165.948394775, 7.61716985703, 45.6118087769, -3.28274416924, 58.407497406, -26.7415332794, 37.2766494751], [205.352813721, -100.32244873, 65.3789596558, -20.9697246552, 7.30033159256, 60.4543762207, 7.61716985703, 97.2985076904, -0.51569455862, 28.3387985229, -11.0032129288, 9.09424495697, 1.25540733337], [78.9478530884, 146.336776733, 41.9353752136, 25.1112041473, 120.133224487, 4.24832105637, 45.6118087769, -0.51569455862, 169.998306274, 16.8547706604, 35.1792106628, -5.4997882843, 42.7697792053], [360.36505127, -74.4626617432, 67.1125106812, 4.62923669815, -34.6733169556, 53.7601890564, -3.28274416924, 28.3387985229, 16.8547706604, 78.0551681519, 21.2535610199, 15.7709093094, 7.87118911743], [-3.95482063293, 113.717086792, -27.5337982178, -7.23830747604, 38.2878265381, -25.4896335602, 58.407497406, -11.0032129288, 35.1792106628, 21.2535610199, 96.9518814087, 3.15417790413, 36.0726280212], [185.084442139, -72.4272460938, 63.566493988, -6.03626489639, -16.856584549, 42.3349723816, -26.7415332794, 9.09424495697, -5.4997882843, 15.7709093094, 3.15417790413, 55.899684906, -1.10047852993], [110.27256012, 83.3028717041, 26.4846572876, 11.6095924377, 54.2299156189, -1.91794598103, 37.2766494751, 1.25540733337, 42.7697792053, 7.87118911743, 36.0726280212, -1.10047852993, 74.4205627441]],
        "icov": [[0.0004819270398, -0.000404813705245, 0.000174068220076, -0.000760616792832, 0.000512346799951, -0.00155163311865, 0.00076061184518, -0.000520373054314, -1.69514751178e-05, -0.00101583322976, -8.98734579096e-05, -0.000348535191733, -0.000834203325212], [-0.000404813705245, 0.00661500543356, -0.00188596581575, 0.00524066574872, -0.00149844575208, 0.00338046951219, -0.0032998546958, 0.00604449817911, -0.00324342981912, 0.00478104036301, -0.00339457625523, 0.00554893445224, -0.00113533786498], [0.000174068220076, -0.00188596581575, 0.00247911107726, -0.00127681402955, 0.000349251844455, -0.00309522496536, 0.00148407893721, -0.00162400759291, 0.000549558957573, -0.00169579009525, 0.00128898362163, -0.00210677995346, -0.00067259487696], [-0.000760616792832, 0.00524066574872, -0.00127681402955, 0.0105870673433, 0.000839237589389, 0.00148016179446, -0.00462458934635, 0.00712523190305, -0.00449436670169, 0.00592243019491, -0.00134335842449, 0.00559505820274, -0.00162306602579], [0.000512346799951, -0.00149844575208, 0.000349251844455, 0.000839237589389, 0.00561776291579, -0.00276968884282, -0.000850361422636, -0.00157993717585, -0.00266442610882, 0.00159809854813, 0.000747369311284, -0.00109838088974, -0.00206578872167], [-0.00155163311865, 0.00338046951219, -0.00309522496536, 0.00148016179446, -0.00276968884282, 0.0151907224208, -0.00682182470337, 0.00108284002636, 0.000135316586238, -0.000155705114594, 0.00329293846153, -0.00264203501865, 0.00349779194221], [0.00076061184518, -0.0032998546958, 0.00148407893721, -0.00462458934635, -0.000850361422636, -0.00682182470337, 0.0148784602061, -0.00505559938028, 0.00157918350305, -4.6054797167e-06, -0.00716143334284, 0.00439976342022, -0.00153419480193], [-0.000520373054314, 0.00604449817911, -0.00162400759291, 0.00712523190305, -0.00157993717585, 0.00108284002636, -0.00505559938028, 0.0197321493179, -0.00259762234055, -0.000109983950097, 0.000663987593725, 0.00494624022394, -0.00189401197713], [-1.69514751178e-05, -0.00324342981912, 0.000549558957573, -0.00449436670169, -0.00266442610882, 0.000135316586238, 0.00157918350305, -0.00259762234055, 0.0111703136936, -0.00561643904075, 0.00110785430297, -0.00238379347138, -0.00103876669891], [-0.00101583322976, 0.00478104036301, -0.00169579009525, 0.00592243019491, 0.00159809854813, -0.000155705114594, -4.6054797167e-06, -0.000109983950097, -0.00561643904075, 0.0270359218121, -0.0105030518025, 0.00515794707462, 0.000204296025913], [-8.98734579096e-05, -0.00339457625523, 0.00128898362163, -0.00134335842449, 0.000747369311284, 0.00329293846153, -0.00716143334284, 0.000663987593725, 0.00110785430297, -0.0105030518025, 0.023286094889, -0.00983752124012, -0.00415846286342], [-0.000348535191733, 0.00554893445224, -0.00210677995346, 0.00559505820274, -0.00109838088974, -0.00264203501865, 0.00439976342022, 0.00494624022394, -0.00238379347138, 0.00515794707462, -0.00983752124012, 0.0310417804867, -0.00132095557638], [-0.000834203325212, -0.00113533786498, -0.00067259487696, -0.00162306602579, -0.00206578872167, 0.00349779194221, -0.00153419480193, -0.00189401197713, -0.00103876669891, 0.000204296025913, -0.00415846286342, -0.00132095557638, 0.0214040242136]]
    },
    "melbands": {
        "dmean": [0.0405863896012, 0.00564604764804, 0.000741081719752, 0.000447387079475, 0.00027584185591, 0.000412540888647, 0.000268561125267, 0.000125271151774, 7.05432685209e-05, 5.44697431906e-05, 8.19360429887e-05, 7.72462590248e-05, 3.97991207137e-05, 7.14747147867e-05, 3.49633010046e-05, 1.11812651085e-05, 8.17308682599e-06, 8.72843156685e-06, 4.84114525534e-06, 1.02255789898e-05, 4.4686748879e-06, 3.37138408213e-06, 1.97981353267e-06, 1.49975085151e-06, 8.20161119464e-07, 9.28792928789e-07, 6.75540889006e-07, 5.89919693539e-07, 2.87199100057e-07, 3.1180957194e-07, 2.2356051943e-07, 2.55313238995e-07, 2.17094878963e-07, 5.12258679919e-07, 2.30075542618e-07, 1.3959093792e-07, 1.58987532473e-07, 1.65706623534e-07, 1.03922332073e-07, 1.32217408577e-07],
        "dmean2": [0.0569856986403, 0.00932062510401, 0.00120624632109, 0.000636978074908, 0.000442982272943, 0.000577975355554, 0.000389337859815, 0.00017870379088, 0.000101485609775, 8.2040874986e-05, 0.000128887186293, 0.000117813469842, 5.70808115299e-05, 0.000108622531116, 5.18910383107e-05, 1.69420254679e-05, 1.31303040689e-05, 1.35946811497e-05, 8.09396260593e-06, 1.80371625902e-05, 7.87956105341e-06, 5.98407450525e-06, 3.24405664287e-06, 2.42073701884e-06, 1.30495493522e-06, 1.55229463417e-06, 9.59633666753e-07, 9.16884175695e-07, 4.60609896891e-07, 4.69917750934e-07, 3.4238988178e-07, 3.99208232693e-07, 3.63566670103e-07, 9.03706109057e-07, 3.88688562225e-07, 2.33834896335e-07, 2.66182979658e-07, 2.88521391667e-07, 1.7950415554e-07, 2.29563383414e-07],
        "dvar": [0.00351480720565, 6.40401049168e-05, 2.2334534151e-06, 2.51231256243e-07, 1.83707342671e-07, 4.64105511355e-07, 2.00965118324e-07, 3.46716682031e-08, 1.3862879733e-08, 7.2049735067e-09, 2.0382374899e-08, 1.72139902332e-08, 3.40807071453e-09, 1.1609186501e-08, 4.33664659738e-09, 4.36578884155e-10, 1.70236338914e-10, 2.54868626204e-10, 9.10150496636e-11, 7.85160381156e-10, 1.26216051499e-10, 7.920473305e-11, 1.77293041359e-11, 7.99762513159e-12, 2.45098928132e-12, 3.29245745251e-12, 1.95799951773e-12, 3.33491589379e-12, 3.17425122645e-13, 5.18262462026e-13, 1.83298241494e-13, 2.45660615331e-13, 1.31839038384e-13, 7.49907622978e-13, 1.49112249241e-13, 5.41404859041e-14, 6.91987496492e-14, 7.90421940682e-14, 2.76856987856e-14, 4.64178493548e-14],
        "dvar2": [0.00733483955264, 0.000181971932761, 5.92964806856e-06, 5.47792581074e-07, 4.80007827264e-07, 8.90911621809e-07, 4.11785123333e-07, 6.57811725091e-08, 2.24176925911e-08, 1.64068350017e-08, 5.08105557628e-08, 3.70857762277e-08, 6.32537355827e-09, 2.48137030923e-08, 9.92298598845e-09, 1.05138486806e-09, 4.4045952996e-10, 5.97917715339e-10, 2.46210357657e-10, 2.18698925636e-09, 3.61261992543e-10, 2.24847918062e-10, 4.36228969614e-11, 2.00899141073e-11, 5.34349517758e-12, 8.57376322716e-12, 3.76873142069e-12, 8.45094914187e-12, 6.41768973034e-13, 1.18541699894e-12, 4.29611668505e-13, 4.79029576422e-13, 3.09137345713e-13, 1.94194920561e-12, 3.5913383812e-13, 1.28804329399e-13, 1.71244800024e-13, 2.05000838353e-13, 7.16404271518e-14, 1.23153847146e-13],
        "max": [0.391395568848, 0.0732555091381, 0.0164947062731, 0.00741236750036, 0.00683683622628, 0.0201163589954, 0.0105163166299, 0.00443779537454, 0.0038633311633, 0.00143182836473, 0.00205071177334, 0.00216051260941, 0.00162476941478, 0.0015743856784, 0.000956867472269, 0.000454585853731, 0.000163043441717, 0.000258484622464, 9.77685194812e-05, 0.000260834553046, 0.000107985688373, 8.25905153761e-05, 5.33307138539e-05, 5.28498967469e-05, 2.59809712588e-05, 2.11825627048e-05, 2.59146254393e-05, 5.33140337211e-05, 6.46450598651e-06, 1.12875122795e-05, 1.26037039081e-05, 1.41844775499e-05, 9.26826305658e-06, 5.41782901564e-06, 8.87372607394e-06, 2.58469663095e-06, 4.67450263386e-06, 4.78863830722e-06, 1.83446331903e-06, 1.59622629781e-06],
        "mean": [0.0620871372521, 0.00853750668466, 0.00140018423554, 0.00110912788659, 0.000764736963902, 0.00127135158982, 0.000711563276127, 0.000338463549269, 0.000166914382135, 0.000117835174024, 0.00014771563292, 0.000134761459776, 7.61296105338e-05, 0.000118480820674, 5.7278026361e-05, 2.0551155103e-05, 1.46601678352e-05, 1.47345072037e-05, 7.99677036412e-06, 1.04818946056e-05, 5.17601620231e-06, 4.00056933358e-06, 2.79216124e-06, 2.44531429416e-06, 1.53487553689e-06, 1.42628073263e-06, 1.23885297398e-06, 1.01588375401e-06, 5.18139984251e-07, 4.88296223011e-07, 3.86345845982e-07, 4.15424352695e-07, 3.14711030569e-07, 4.88898592721e-07, 2.82159533072e-07, 1.75798106739e-07, 1.78231530867e-07, 1.58032833042e-07, 1.16475497691e-07, 1.33437097816e-07],
        "median": [0.0173227079213, 0.00473331473768, 0.00107602053322, 0.000853235134855, 0.000507445656694, 0.000552990473807, 0.000383797392715, 0.000176578672836, 7.56134977564e-05, 6.84361439198e-05, 6.94413756719e-05, 5.29538083356e-05, 4.23822348239e-05, 5.63156936551e-05, 1.31669930852e-05, 6.107241461e-06, 5.46642058907e-06, 4.480717962e-06, 3.20615117744e-06, 2.12188228943e-06, 1.62655146596e-06, 1.28295982904e-06, 8.54013478602e-07, 5.907470495e-07, 4.81350525661e-07, 4.70486725135e-07, 4.16841629658e-07, 2.91618732717e-07, 1.55991727979e-07, 1.14499798087e-07, 1.11024988314e-07, 9.32824804067e-08, 7.99993671308e-08, 9.65792139596e-08, 6.02156688956e-08, 4.21028865105e-08, 3.63938994496e-08, 2.70180358086e-08, 3.28047420339e-08, 3.18479536077e-08],
        "min": [3.84211114571e-24, 1.34497975995e-23, 1.434428698e-23, 7.57006149666e-24, 1.17843410458e-23, 3.58123050562e-24, 4.89626281791e-24, 2.15879675323e-24, 5.53355474982e-24, 9.73675316982e-24, 1.00052806331e-23, 7.7908037106e-24, 1.54813526665e-23, 1.14015242034e-23, 6.24134323652e-24, 1.02165975369e-23, 1.00606705016e-23, 1.10493979946e-23, 1.51036586868e-23, 7.97963886751e-24, 7.60286785512e-24, 6.36361352138e-24, 1.03500033823e-23, 8.8040340122e-24, 1.72073345732e-23, 1.08144799502e-23, 1.15115284901e-23, 3.35206846369e-23, 1.61168022137e-23, 7.29169772675e-24, 7.72850736491e-24, 1.04996700176e-23, 8.88590988556e-24, 1.02861443032e-23, 1.17228375053e-23, 1.17628595745e-23, 1.12678856441e-23, 1.20757012991e-23, 1.12972849123e-23, 1.16821346492e-23],
        "var": [0.00748989079148, 9.92088971543e-05, 2.587090421e-06, 1.01468572211e-06, 6.68858604058e-07, 3.15619013236e-06, 7.9158206745e-07, 2.14356177253e-07, 1.0640859216e-07, 2.00693541785e-08, 3.82351679207e-08, 4.42238494713e-08, 9.03698715859e-09, 2.45510349828e-08, 9.90837367709e-09, 1.09019848704e-09, 4.11809114587e-10, 5.78368575255e-10, 1.36333097589e-10, 6.618334214e-10, 1.1679834877e-10, 7.14514350464e-11, 2.60613284425e-11, 1.68903276782e-11, 6.60212032613e-12, 5.51980900224e-12, 5.3972317067e-12, 5.9284435e-12, 7.53837747433e-13, 1.07376694342e-12, 4.40848719292e-13, 6.30686963158e-13, 2.84456540354e-13, 6.84270945028e-13, 2.3799685096e-13, 8.42690039927e-14, 9.725072581e-14, 8.64603392136e-14, 3.94554689213e-14, 4.84447890332e-14]
    },
    "mfcc": {
        "mean": [-687.671936035, 190.761825562, 23.3322944641, 18.5561656952, 7.98742246628, 10.0734519958, 8.22746562958, 9.80515956879, 2.3258035183, 1.80747795105, 2.32980513573, 3.82502651215, 11.5041646957],
        "cov": [[5279.66503906, -465.443054199, 382.486419678, 43.3622360229, -18.7135601044, 357.876068115, 59.4644927979, 82.1800231934, 7.14765357971, 244.204147339, 121.839393616, -7.89087247849, 26.2012062073], [-465.443054199, 927.257080078, 15.8005104065, 26.328294754, 98.6290893555, 34.1041755676, 67.3327255249, -3.27202391624, 53.9449081421, 29.6273193359, 33.7155418396, 34.9170455933, 53.0138664246], [382.486419678, 15.8005104065, 514.505371094, -8.45161247253, 75.7723007202, 95.2644729614, 4.07911777496, 46.124786377, 10.1273517609, 47.878490448, -3.44707250595, -29.4266929626, 25.0124263763], [43.3622360229, 26.328294754, -8.45161247253, 158.242980957, -21.399597168, 22.0573005676, 15.3759212494, -4.32166910172, 5.90835428238, 11.4939212799, -0.267802119255, 13.2408189774, -6.15311861038], [-18.7135601044, 98.6290893555, 75.7723007202, -21.399597168, 201.533843994, 87.384552002, -10.5231733322, 59.2047271729, 55.7242889404, 37.2736625671, 14.4111299515, 2.78559184074, 8.21169662476], [357.876068115, 34.1041755676, 95.2644729614, 22.0573005676, 87.384552002, 171.85585022, 17.5442676544, 58.3241195679, 31.8660583496, 46.0668411255, 17.2071533203, 27.7931289673, -3.63323235512], [59.4644927979, 67.3327255249, 4.07911777496, 15.3759212494, -10.5231733322, 17.5442676544, 165.420410156, 19.1713294983, 24.1723480225, 10.4267902374, 1.22273850441, 0.245322361588, 50.0189628601], [82.1800231934, -3.27202391624, 46.124786377, -4.32166910172, 59.2047271729, 58.3241195679, 19.1713294983, 91.8372421265, 36.5512008667, 24.4407176971, 12.3361873627, 10.5212745667, -0.499457001686], [7.14765357971, 53.9449081421, 10.1273517609, 5.90835428238, 55.7242889404, 31.8660583496, 24.1723480225, 36.5512008667, 83.2908935547, 46.6970291138, 11.9191894531, 4.69613313675, 10.3018045425], [244.204147339, 29.6273193359, 47.878490448, 11.4939212799, 37.2736625671, 46.0668411255, 10.4267902374, 24.4407176971, 46.6970291138, 90.5660629272, 33.4782104492, 7.58122873306, 8.9044342041], [121.839393616, 33.7155418396, -3.44707250595, -0.267802119255, 14.4111299515, 17.2071533203, 1.22273850441, 12.3361873627, 11.9191894531, 33.4782104492, 54.1731414795, 26.3790855408, 4.00087356567], [-7.89087247849, 34.9170455933, -29.4266929626, 13.2408189774, 2.78559184074, 27.7931289673, 0.245322361588, 10.5212745667, 4.69613313675, 7.58122873306, 26.3790855408, 63.2648200989, 23.8201637268], [26.2012062073, 53.0138664246, 25.0124263763, -6.15311861038, 8.21169662476, -3.63323235512, 50.0189628601, -0.499457001686, 10.3018045425, 8.9044342041, 4.00087356567, 23.8201637268, 86.5997161865]],
