{
"lowlevel": {
    "average_loudness": 0.93024790287,
    "barkbands_crest": {
        "dmean": 2.66316151619,
        "dmean2": 4.46014356613,
        "dvar": 7.82625865936,
        "dvar2": 20.77576828,
        "max": 26.6063041687,
        "mean": 10.8755846024,
        "median": 9.94622802734,
        "min": 2.83183574677,
        "var": 15.1586313248
    },
    "barkbands_flatness_db": {
        "dmean": 0.0356338657439,
        "dmean2": 0.0536664500833,
        "dvar": 0.00147616874892,
        "dvar2": 0.00340498215519,
        "max": 0.686481237411,
        "mean": 0.24752125144,
        "median": 0.229217529297,
        "min": 0.0361313819885,
        "var": 0.0128992702812
    },
    "barkbands_kurtosis": {
        "dmean": 9.21728610992,
        "dmean2": 14.894569397,
        "dvar": 305.35144043,
        "dvar2": 817.598205566,
        "max": 556.226135254,
        "mean": 16.0114860535,
        "median": 10.1628608704,
        "min": -1.94634902477,
        "var": 495.346191406
    },
    "barkbands_skewness": {
        "dmean": 0.900211036205,
        "dmean2": 1.38834524155,
        "dvar": 1.05002915859,
        "dvar2": 2.64932775497,
        "max": 20.5449790955,
        "mean": 2.51117539406,
        "median": 2.27102208138,
        "min": -1.69568157196,
        "var": 3.02726459503
    },
    "barkbands_spread": {
        "dmean": 7.24272298813,
        "dmean2": 10.8771104813,
        "dvar": 189.828369141,
        "dvar2": 426.395385742,
        "max": 126.272132874,
        "mean": 13.9186086655,
        "median": 5.94084644318,
        "min": 0.395484536886,
        "var": 364.747528076
    },
    "dissonance": {
        "dmean": 0.0383588708937,
        "dmean2": 0.0633360520005,
        "dvar": 0.00137474108487,
        "dvar2": 0.00363272544928,
        "max": 0.500000119209,
        "mean": 0.415078610182,
        "median": 0.426556825638,
        "min": 0.0832075104117,
        "var": 0.0036172058899
    },
    "dynamic_complexity": 2.85601449013,
    "erbbands_crest": {
        "dmean": 3.1937828064,
        "dmean2": 5.19233942032,
        "dvar": 8.57018566132,
        "dvar2": 23.615196228,
        "max": 29.9981174469,
        "mean": 12.1345233917,
        "median": 11.4528827667,
        "min": 2.4142870903,
        "var": 26.8337345123
    },
    "erbbands_flatness_db": {
        "dmean": 0.0299345944077,
        "dmean2": 0.043025996536,
        "dvar": 0.00101244961843,
        "dvar2": 0.00191242876463,
        "max": 0.573521912098,
        "mean": 0.19449904561,
        "median": 0.177906006575,
        "min": 0.0235025752336,
        "var": 0.0100306179374
    },
    "erbbands_kurtosis": {
        "dmean": 4.52300882339,
        "dmean2": 6.95631217957,
        "dvar": 41.98853302,
        "dvar2": 94.7279052734,
        "max": 142.688827515,
        "mean": 7.60429286957,
        "median": 4.46800947189,
        "min": -1.8736563921,
        "var": 111.944114685
    },
    "erbbands_skewness": {
        "dmean": 0.709389805794,
        "dmean2": 1.03767001629,
        "dvar": 0.488020181656,
        "dvar2": 1.08667421341,
        "max": 10.0236377716,
        "mean": 1.77600574493,
        "median": 1.67092216015,
        "min": -2.66811180115,
        "var": 1.99815869331
    },
    "erbbands_spread": {
        "dmean": 15.6276865005,
        "dmean2": 23.532327652,
        "dvar": 473.262023926,
        "dvar2": 934.319580078,
        "max": 203.411346436,
        "mean": 39.6802558899,
        "median": 20.6874580383,
        "min": 1.14833700657,
        "var": 1550.51879883
    },
    "hfc": {
        "dmean": 16.0999660492,
        "dmean2": 23.2646102905,
        "dvar": 1609.57727051,
        "dvar2": 3646.26000977,
        "max": 484.550994873,
        "mean": 23.7161750793,
        "median": 8.69713973999,
        "min": 1.19722892548e-16,
        "var": 2108.15185547
    },
    "melbands_crest": {
        "dmean": 3.13433265686,
        "dmean2": 5.12292957306,
        "dvar": 9.24766635895,
        "dvar2": 24.0123901367,
        "max": 36.3087882996,
        "mean": 14.1371936798,
        "median": 13.3167304993,
        "min": 1.97930240631,
        "var": 19.1484699249
    },
    "melbands_flatness_db": {
        "dmean": 0.0410279929638,
        "dmean2": 0.0611159652472,
        "dvar": 0.00200962740928,
        "dvar2": 0.00462490646169,
        "max": 0.899442672729,
        "mean": 0.359302550554,
        "median": 0.341607064009,
        "min": 0.00450549088418,
        "var": 0.0181494057178
    },
    "melbands_kurtosis": {
        "dmean": 17.8422279358,
        "dmean2": 28.6330852509,
        "dvar": 1154.01806641,
        "dvar2": 2986.28051758,
        "max": 676.040771484,
        "mean": 32.9823570251,
        "median": 18.3277168274,
        "min": -1.35790288448,
        "var": 2232.51342773
    },
    "melbands_skewness": {
        "dmean": 1.14606463909,
        "dmean2": 1.76348400116,
        "dvar": 2.00961971283,
        "dvar2": 4.65055942535,
        "max": 22.387172699,
        "mean": 3.22742009163,
        "median": 2.48343324661,
        "min": -1.16028773785,
        "var": 6.30138015747
    },
    "melbands_spread": {
        "dmean": 3.28251218796,
        "dmean2": 4.93436384201,
        "dvar": 40.1414299011,
        "dvar2": 86.3152084351,
        "max": 118.29750061,
        "mean": 7.86140346527,
        "median": 5.0267457962,
        "min": 0.354381978512,
        "var": 79.2138977051
    },
    "pitch_salience": {
        "dmean": 0.0784813687205,
        "dmean2": 0.127552583814,
        "dvar": 0.00562572805211,
        "dvar2": 0.0142807615921,
        "max": 0.818246245384,
        "mean": 0.563376188278,
        "median": 0.578404963017,
        "min": 0.0841326117516,
        "var": 0.0140607021749
    },
    "silence_rate_20dB": {
        "dmean": 0,
        "dmean2": 0,
        "dvar": 0,
        "dvar2": 0,
        "max": 1,
        "mean": 1,
        "median": 1,
        "min": 1,
        "var": 0
    },
    "silence_rate_30dB": {
        "dmean": 0.0574102401733,
        "dmean2": 0.114830814302,
        "dvar": 0.054114677012,
        "dvar2": 0.125581398606,
        "max": 1,
        "mean": 0.953212141991,
        "median": 1,
        "min": 0,
        "var": 0.044601470232
    },
    "silence_rate_60dB": {
        "dmean": 0.0073787458241,
        "dmean2": 0.0147588197142,
        "dvar": 0.00732367904857,
        "dvar2": 0.0181405767798,
        "max": 1,
        "mean": 0.022134244442,
        "median": 0,
        "min": 0,
        "var": 0.0216427687556
    },
    "spectral_centroid": {
        "dmean": 172.426940918,
        "dmean2": 255.755111694,
        "dvar": 92627.96875,
        "dvar2": 185639.828125,
        "max": 11300.7158203,
        "mean": 560.729553223,
        "median": 391.008239746,
        "min": 114.16129303,
        "var": 214591.359375
    },
    "spectral_complexity": {
        "dmean": 2.6100962162,
        "dmean2": 3.77933764458,
        "dvar": 26.1346683502,
        "dvar2": 40.2819671631,
        "max": 61,
        "mean": 10.0131368637,
        "median": 8,
        "min": 0,
        "var": 63.4550552368
    },
    "spectral_decrease": {
        "dmean": 4.33515845444e-09,
        "dmean2": 7.15934467266e-09,
        "dvar": 6.64412776175e-17,
        "dvar2": 1.73430353292e-16,
        "max": -6.57823701256e-29,
        "mean": -9.20853526765e-09,
        "median": -7.12750480858e-09,
        "min": -6.70836328709e-08,
        "var": 7.0966220266e-17
    },
    "spectral_energy": {
        "dmean": 0.0172964017838,
        "dmean2": 0.0280903000385,
        "dvar": 0.00100216083229,
        "dvar2": 0.00256135012023,
        "max": 0.256373465061,
        "mean": 0.0369063280523,
        "median": 0.0283101610839,
        "min": 1.11074967798e-20,
        "var": 0.00114308821503
    },
    "spectral_energyband_high": {
        "dmean": 0.00134284805972,
        "dmean2": 0.00190471345559,
        "dvar": 1.19505693874e-05,
        "dvar2": 2.53624166362e-05,
        "max": 0.0375329181552,
        "mean": 0.00158064696006,
        "median": 0.000112543108116,
        "min": 7.71857416092e-21,
        "var": 1.71146639332e-05
    },
    "spectral_energyband_low": {
        "dmean": 0.0108229862526,
        "dmean2": 0.0182772651315,
        "dvar": 0.000862165703438,
        "dvar2": 0.00231183320284,
        "max": 0.237816601992,
        "mean": 0.0164586305618,
        "median": 0.0097618252039,
        "min": 4.57511935778e-23,
        "var": 0.000679639284499
    },
    "spectral_energyband_middle_high": {
        "dmean": 0.000497928122059,
        "dmean2": 0.000698884774465,
        "dvar": 1.19106471175e-06,
        "dvar2": 2.24500467993e-06,
        "max": 0.0270227286965,
        "mean": 0.00108497380279,
        "median": 0.000272241944913,
        "min": 1.98343047489e-21,
        "var": 4.60034243588e-06
    },
    "spectral_energyband_middle_low": {
        "dmean": 0.00755506753922,
        "dmean2": 0.0123783536255,
        "dvar": 0.000155841247761,
        "dvar2": 0.000409513915656,
        "max": 0.152444109321,
        "mean": 0.018793920055,
        "median": 0.0145410392433,
        "min": 3.54501418545e-22,
        "var": 0.000275333470199
    },
    "spectral_entropy": {
        "dmean": 0.362489163876,
        "dmean2": 0.515908539295,
        "dvar": 0.166524678469,
        "dvar2": 0.311173737049,
        "max": 9.78818035126,
        "mean": 6.64208698273,
        "median": 6.62591981888,
        "min": 3.79107832909,
        "var": 1.07046437263
    },
    "spectral_flux": {
        "dmean": 0.0357566811144,
        "dmean2": 0.0559977889061,
        "dvar": 0.00222328817472,
        "dvar2": 0.00440130801871,
        "max": 0.422472715378,
        "mean": 0.08751308918,
        "median": 0.0681672394276,
        "min": 1.05392111704e-10,
        "var": 0.0042379302904
    },
    "spectral_kurtosis": {
        "dmean": 13.0970869064,
        "dmean2": 21.6942367554,
        "dvar": 2157.10546875,
        "dvar2": 6502.89501953,
        "max": 1287.13110352,
        "mean": 33.5460395813,
        "median": 5.95428991318,
        "min": -1.44008803368,
        "var": 9356.18554688
    },
    "spectral_rms": {
        "dmean": 0.00118032575119,
        "dmean2": 0.00183022790588,
        "dvar": 2.71108388006e-06,
        "dvar2": 6.40275811747e-06,
        "max": 0.0158151965588,
        "mean": 0.00553309218958,
        "median": 0.00525544211268,
        "min": 3.2918964863e-12,
        "var": 5.39106986253e-06
    },
    "spectral_rolloff": {
        "dmean": 607.875793457,
        "dmean2": 1070.55651855,
        "dvar": 4144984,
        "dvar2": 10147303,
        "max": 18669.2871094,
        "mean": 888.758056641,
        "median": 322.998046875,
        "min": 43.06640625,
        "var": 4045348.75
    },
    "spectral_skewness": {
        "dmean": 0.668357849121,
        "dmean2": 1.00200140476,
        "dvar": 1.11862754822,
        "dvar2": 2.81273317337,
        "max": 30.5914897919,
        "mean": 3.33089327812,
        "median": 2.24946165085,
        "min": 0.0115382159129,
        "var": 13.7506551743
    },
    "spectral_spread": {
        "dmean": 1169924.375,
        "dmean2": 1604996.5,
        "dvar": 2.27902541005e+12,
        "dvar2": 3.87041093222e+12,
        "max": 41186692,
        "mean": 5993576.5,
        "median": 5581057.5,
        "min": 96883.6015625,
        "var": 1.26422016328e+13
    },
    "spectral_strongpeak": {
        "dmean": 0.383044183254,
        "dmean2": 0.659444451332,
        "dvar": 0.243732437491,
        "dvar2": 0.612751841545,
        "max": 6.56136322021,
        "mean": 0.680210530758,
        "median": 0.362393081188,
        "min": 0,
        "var": 0.594586253166
    },
    "zerocrossingrate": {
        "dmean": 0.0144451372325,
        "dmean2": 0.0167491622269,
        "dvar": 0.000460294308141,
        "dvar2": 0.000587178627029,
        "max": 0.4970703125,
        "mean": 0.0452652610838,
        "median": 0.0283203125,
        "min": 0.00244140625,
        "var": 0.0020404625684
    },
    "barkbands": {
        "dmean": [0.000573541561607, 0.0096921781078, 0.00151509814896, 0.00136073445901, 0.00438869930804, 0.00296441861428, 0.000516113592312, 0.000489368161652, 0.000286085851258, 0.00018139713211, 7.76495362516e-05, 5.35515027877e-05, 6.57114578644e-05, 3.39082544087e-05, 4.03570702474e-05, 4.003218055e-05, 3.43491446984e-05, 5.22245463799e-05, 6.80098019075e-05, 8.48919444252e-05, 0.000135377820698, 0.000164004450198, 0.000172328407643, 0.000185905693797, 0.000220059300773, 0.000355179334292, 0.000153767352458],
        "dmean2": [0.000960883800872, 0.0166574157774, 0.00242833606899, 0.00216623558663, 0.00720441853628, 0.00508524570614, 0.000845402246341, 0.0006618660409, 0.000429484905908, 0.000256847793935, 0.000113747410069, 8.04311493994e-05, 0.000105674131191, 5.21819638379e-05, 5.93107142777e-05, 6.28444977337e-05, 5.24075403519e-05, 8.09251141618e-05, 0.000100718491012, 0.000121094257338, 0.000192505540326, 0.000229164113989, 0.000238485721638, 0.000264117930783, 0.000323389860569, 0.000561458815355, 0.000260613829596],
        "dvar": [2.44507600655e-06, 0.000783359573688, 7.68003337726e-06, 1.10063474494e-05, 6.41491933493e-05, 2.56793155131e-05, 1.44886189446e-06, 1.77858942152e-06, 1.42591375152e-06, 2.4411758659e-07, 9.1655174117e-08, 4.16899901268e-08, 4.6762856698e-08, 1.37862370408e-08, 1.9812729235e-08, 1.15853344695e-08, 1.06188391413e-08, 3.00713089985e-08, 3.48358213387e-08, 7.00802402775e-08, 1.61460135928e-07, 2.29962211051e-07, 2.36103304019e-07, 2.44008305117e-07, 3.49383071807e-07, 2.06585923479e-06, 3.14511765964e-07],
        "dvar2": [6.16389024799e-06, 0.00214585359208, 2.05936648854e-05, 2.76443151961e-05, 0.000174491025973, 7.49517639633e-05, 3.02299122268e-06, 3.13205350722e-06, 3.07303662339e-06, 4.62949486746e-07, 1.83595659564e-07, 8.6949597744e-08, 1.02101587629e-07, 3.29182796577e-08, 4.06940934283e-08, 2.68880526733e-08, 2.23030411917e-08, 7.03240061739e-08, 6.86772594349e-08, 1.50445458758e-07, 2.98144470889e-07, 4.41493739345e-07, 4.58240492662e-07, 4.8611747161e-07, 7.79825086283e-07, 5.31316800334e-06, 8.25441190955e-07],
        "max": [0.0208416935056, 0.227914139628, 0.0446822717786, 0.0413347221911, 0.108220949769, 0.0962673127651, 0.0604568272829, 0.0325636789203, 0.0529880225658, 0.014248794876, 0.0132317086682, 0.00669230148196, 0.00997654348612, 0.0029191612266, 0.00584213808179, 0.0012703462271, 0.00186075083911, 0.00275884079747, 0.00243773404509, 0.00581032643095, 0.00585049577057, 0.00643223943189, 0.00641925772652, 0.00870101898909, 0.0089072259143, 0.0177278164774, 0.0072246179916],
        "mean": [0.000529775279574, 0.0110526494682, 0.0039439224638, 0.00229266891256, 0.00774683896452, 0.00533946976066, 0.00139682751615, 0.00119392888155, 0.000678993528709, 0.000420777680119, 0.000172584419488, 8.43480156618e-05, 8.62268789206e-05, 4.23592755396e-05, 7.05498241587e-05, 4.77888424939e-05, 4.33771238022e-05, 6.18210906396e-05, 8.40139691718e-05, 9.6915915492e-05, 0.000155811547302, 0.000196426044567, 0.00022040004842, 0.000241614703555, 0.000267323484877, 0.00032124450081, 0.000117645606224],
        "median": [9.52024347498e-05, 0.0055465111509, 0.00275219697505, 0.00125441642012, 0.00545557402074, 0.00376000860706, 0.00035062310053, 0.000245195638854, 9.98699906631e-05, 9.49552340899e-05, 3.00468345813e-05, 7.7623371908e-06, 5.53740756004e-06, 3.84522536478e-06, 5.3893659242e-06, 6.7675837272e-06, 4.002514288e-06, 4.53980374004e-06, 7.5242105595e-06, 7.12207702236e-06, 7.36110723665e-06, 1.12535499284e-05, 1.65582787304e-05, 1.39822950587e-05, 1.6906300516e-05, 1.13840269478e-05, 1.85172029887e-06],
        "min": [3.83476266972e-23, 1.04447503102e-23, 1.28944411e-23, 1.58921109621e-23, 7.07073699834e-23, 3.95532743731e-23, 6.79988381534e-23, 8.90250041925e-23, 4.25923515441e-23, 5.06669582205e-23, 1.00538694162e-22, 6.95026468525e-23, 1.64829217106e-22, 1.25104352865e-22, 1.60623263195e-22, 2.00553685656e-22, 2.90367355116e-22, 3.27995237745e-22, 3.73064186547e-22, 2.43192488486e-22, 2.75851759102e-22, 5.93106523094e-22, 6.57414767011e-22, 8.3312642759e-22, 1.28478314743e-21, 1.84576851664e-21, 2.31303125283e-21],
        "var": [2.05397009267e-06, 0.000558606465347, 1.47916534843e-05, 1.22880537674e-05, 7.79931360739e-05, 3.66687891074e-05, 1.80871993507e-05, 8.70971689437e-06, 7.07897333996e-06, 1.20713912111e-06, 3.64308277767e-07, 9.73396510062e-08, 1.41915094787e-07, 2.15949196303e-08, 8.00166830572e-08, 1.52027546108e-08, 1.71834564355e-08, 3.6291602612e-08, 5.67183704447e-08, 9.49204377321e-08, 2.56020371125e-07, 3.61604122645e-07, 3.91336953953e-07, 4.10878413959e-07, 5.13217912612e-07, 1.77150218406e-06, 2.32335594319e-07]
    },
    "erbbands": {
        "dmean": [0.328291445971, 2.01968836784, 2.08394122124, 2.72217154503, 11.2039136887, 13.7202196121, 33.8965339661, 13.2855157852, 8.67176151276, 7.41455316544, 10.5789365768, 7.6883597374, 5.18674707413, 4.87332296371, 2.98226237297, 2.34437990189, 2.70690608025, 1.97520565987, 2.0719306469, 2.02795696259, 1.98989975452, 1.88294541836, 2.90001440048, 3.08721280098, 3.32503175735, 4.16169500351, 4.86823654175, 5.64484643936, 6.14833927155, 5.2272400856, 4.87539243698, 3.95735049248, 3.16203713417, 2.4414460659, 1.61400163174, 0.805750370026, 0.8722473979, 0.22598208487, 0.0283170472831, 0.000951535417698],
        "dmean2": [0.560713708401, 3.49648356438, 3.41393136978, 4.30220842361, 18.2862567902, 23.0327205658, 57.7519760132, 21.9456329346, 14.6411733627, 10.5424633026, 14.3015823364, 11.211977005, 7.54403162003, 7.01799345016, 4.36382293701, 3.47258520126, 4.37224340439, 3.05332040787, 3.06219983101, 3.0702059269, 3.07241892815, 2.86439085007, 4.47771787643, 4.63882780075, 4.80115127563, 5.96651983261, 6.97652292252, 8.30627632141, 8.76441001892, 7.20358896255, 6.85345220566, 5.62158870697, 4.57584524155, 3.55019164085, 2.42560482025, 1.19864213467, 1.42830002308, 0.373424679041, 0.0479443855584, 0.00158633233514],
        "dvar": [0.851358890533, 33.7480239868, 18.7237911224, 25.8029327393, 949.35949707, 493.354949951, 3637.77124023, 444.100616455, 268.595550537, 403.302612305, 998.114807129, 1182.38134766, 171.817169189, 283.487426758, 156.892089844, 67.2494354248, 75.1480941772, 50.4229011536, 75.4491500854, 29.7178726196, 28.7558345795, 30.7302913666, 103.278465271, 77.3105392456, 85.0723114014, 159.131668091, 208.370956421, 296.40838623, 340.990356445, 202.371322632, 197.226135254, 118.880256653, 70.5537033081, 42.6233291626, 20.3423252106, 6.52063369751, 15.5123577118, 0.722308516502, 0.0107015604153, 1.15611010187e-05],
        "dvar2": [2.3344540596, 93.255279541, 50.0151405334, 66.4691467285, 2555.87451172, 1350.50952148, 10396.1298828, 1141.71118164, 648.412231445, 757.161987305, 1741.38916016, 2448.92163086, 355.87789917, 561.21875, 319.911224365, 136.466842651, 171.581222534, 109.675415039, 145.682250977, 65.5739822388, 62.4600257874, 64.2399520874, 242.318725586, 163.553115845, 166.985336304, 337.01965332, 385.621490479, 586.132385254, 691.042053223, 353.741088867, 401.729217529, 232.240661621, 148.561538696, 90.36769104, 47.8283233643, 15.2460546494, 41.0045509338, 1.86535406113, 0.0282110236585, 3.00039864669e-05],
        "max": [7.77109527588, 48.4806632996, 55.025100708, 63.1212425232, 428.315002441, 457.336883545, 1140.58007812, 508.539123535, 493.28326416, 703.31451416, 893.850036621, 1604.30578613, 463.056121826, 513.914733887, 634.097351074, 336.5809021, 393.69631958, 259.303161621, 442.74029541, 87.3020172119, 72.7631759644, 104.534355164, 181.492263794, 142.15586853, 144.465988159, 269.478668213, 196.219436646, 228.59677124, 289.344207764, 156.967269897, 207.904647827, 176.891784668, 144.829116821, 139.464126587, 53.5109825134, 38.4994430542, 48.9633407593, 9.45190906525, 1.31400334835, 0.0389433167875],
        "mean": [0.362264454365, 2.3127913475, 4.81716871262, 5.93604278564, 15.8502664566, 24.1200504303, 57.4907264709, 27.3229064941, 19.4334754944, 21.7194213867, 27.2837810516, 19.4379997253, 11.2447290421, 12.6822376251, 6.78002262115, 4.03178834915, 3.570073843, 3.01716017723, 3.7705540657, 2.89679074287, 2.36837720871, 2.29013299942, 3.40589118004, 3.98760986328, 4.07087182999, 4.7665643692, 5.62596845627, 6.4031867981, 7.20339584351, 6.61368560791, 6.23612737656, 5.01720714569, 3.99241495132, 3.01856160164, 1.9004598856, 0.859980046749, 0.754828870296, 0.183192402124, 0.0214926768094, 0.00076864118455],
        "median": [0.183625385165, 1.15887880325, 3.13639092445, 4.17229795456, 8.73325920105, 17.4164295197, 34.1918373108, 19.4619808197, 7.45655059814, 5.2296962738, 5.88979053497, 2.92137622833, 3.21195006371, 2.38562488556, 0.961092829704, 0.396151304245, 0.281082749367, 0.254149258137, 0.250266939402, 0.417252600193, 0.334692656994, 0.227286249399, 0.261355161667, 0.363339543343, 0.352654993534, 0.357474833727, 0.301986187696, 0.317648530006, 0.380886375904, 0.441002428532, 0.47063690424, 0.284551918507, 0.233373105526, 0.208289295435, 0.107755281031, 0.0441540777683, 0.0201849974692, 0.00419596629217, 0.000338723970344, 5.21284673596e-05],
        "min": [2.42051808239e-22, 2.72683118154e-21, 1.26870765155e-20, 4.44156924044e-20, 8.03240002298e-20, 3.68996017177e-19, 2.26928134712e-19, 4.24474969162e-19, 9.33733986557e-19, 9.36612678486e-19, 2.14691460625e-18, 1.25720430926e-18, 1.59258499882e-18, 2.50937874002e-18, 4.01865682838e-18, 3.41866922928e-18, 7.56831465715e-18, 5.6220318813e-18, 7.72898870088e-18, 1.2191199626e-17, 9.05128075062e-18, 1.9152338071e-17, 1.82986661721e-17, 1.33982298477e-17, 1.99806635015e-17, 1.10502454189e-17, 1.10557809116e-17, 1.2073126211e-17, 2.42538570393e-17, 1.9507822248e-17, 1.57017706893e-17, 1.57491979169e-17, 1.38942867523e-17, 1.36530064394e-17, 1.01368734137e-17, 6.42155074699e-18, 3.48158665462e-18, 1.41072561883e-18, 3.1805293593e-19, 3.51734709422e-20],
        "var": [0.606463432312, 23.7579402924, 25.515329361, 35.8031768799, 837.025756836, 681.774108887, 5828.03369141, 885.943786621, 1445.59460449, 3435.14916992, 5263.140625, 5897.42919922, 632.227783203, 1410.71264648, 758.361694336, 189.833114624, 206.086807251, 149.696716309, 365.372039795, 51.3515777588, 38.3091049194, 46.3686752319, 119.769454956, 119.263641357, 140.464126587, 222.57182312, 328.312286377, 440.003692627, 505.905792236, 357.904785156, 315.304718018, 197.91456604, 112.74243927, 69.3478164673, 26.3248825073, 7.34749126434, 12.3628969193, 0.574010848999, 0.0078389365226, 8.83871871338e-06]
    },
    "gfcc": {
        "mean": [-60.4386940002, 110.847953796, -24.3898353577, 28.147359848, -65.7535629272, 0.991911172867, -35.5520362854, 3.80951738358, -20.9292755127, -0.749945521355, -15.3385286331, 4.09164094925, -3.98751044273],
        "cov": [[13882.8847656, -5711.87353516, -1836.68212891, 784.791503906, -313.232849121, 917.135253906, -440.592895508, 580.47088623, -461.594299316, 533.524353027, -206.975814819, 386.407501221, -527.506469727], [-5711.87353516, 4473.84179688, 271.272979736, -1018.35211182, 326.119018555, -408.726776123, 541.752563477, -335.487335205, 264.577178955, -359.13861084, 239.101455688, -250.544052124, 330.410247803], [-1836.68212891, 271.272979736, 1633.70019531, -125.266242981, -102.930419922, -68.5508499146, 48.9333953857, -54.8225059509, -8.95444488525, -57.6094055176, -60.9694786072, 16.8807945251, 24.3824653625], [784.791503906, -1018.35211182, -125.266242981, 955.403747559, 40.6459388733, -20.4875545502, -106.280426025, 70.1795120239, 24.1834526062, 92.1326065063, -35.726234436, 55.4433822632, 12.4688796997], [-313.232849121, 326.119018555, -102.930419922, 40.6459388733, 370.306945801, -17.0109996796, 96.7108306885, -14.3469715118, 100.907585144, -0.0672081634402, 45.3603591919, -5.24084234238, 41.9266662598], [917.135253906, -408.726776123, -68.5508499146, -20.4875545502, -17.0109996796, 256.030181885, 1.42922127247, 58.0774879456, -63.1706619263, 49.286605835, -8.53109931946, 30.3385257721, -63.026184082], [-440.592895508, 541.752563477, 48.9333953857, -106.280426025, 96.7108306885, 1.42922127247, 265.415435791, -21.6038913727, 21.6792964935, -34.399559021, 59.2944641113, -20.7051010132, 44.6411170959], [580.47088623, -335.487335205, -54.8225059509, 70.1795120239, -14.3469715118, 58.0774879456, -21.6038913727, 143.026168823, 1.91614043713, 33.3301811218, -14.7477140427, 41.9198570251, -21.2293586731], [-461.594299316, 264.577178955, -8.95444488525, 24.1834526062, 100.907585144, -63.1706619263, 21.6792964935, 1.91614043713, 161.088775635, 15.4347085953, 11.877951622, -15.2658166885, 38.0923576355], [533.524353027, -359.13861084, -57.6094055176, 92.1326065063, -0.0672081634402, 49.286605835, -34.399559021, 33.3301811218, 15.4347085953, 125.672172546, 5.20569705963, 19.4698066711, -36.0849838257], [-206.975814819, 239.101455688, -60.9694786072, -35.726234436, 45.3603591919, -8.53109931946, 59.2944641113, -14.7477140427, 11.877951622, 5.20569705963, 100.501968384, 3.3499352932, 20.8750514984], [386.407501221, -250.544052124, 16.8807945251, 55.4433822632, -5.24084234238, 30.3385257721, -20.7051010132, 41.9198570251, -15.2658166885, 19.4698066711, 3.3499352932, 104.175270081, 14.5923709869], [-527.506469727, 330.410247803, 24.3824653625, 12.4688796997, 41.9266662598, -63.026184082, 44.6411170959, -21.2293586731, 38.0923576355, -36.0849838257, 20.8750514984, 14.5923709869, 122.738739014]],
        "icov": [[0.000248745636782, 0.000294481462333, 0.000237976841163, 0.000141139869811, -1.00619135992e-05, -0.000192707855604, -0.000273943558568, -0.000130403379444, 0.00013889373804, -0.00011856220226, 0.000108050226117, -0.000253634090768, 0.000130084241391], [0.000294481462333, 0.00130576209631, 0.00023347469687, 0.000870743300766, -0.000142664852319, 0.000227568743867, -0.00108575262129, 0.000465145159978, -0.000779072230216, 0.00111387274228, -0.00102229020558, 0.000936661148444, -0.00111158844084], [0.000237976841163, 0.00023347469687, 0.000917830155231, 0.000165477395058, 0.000230635414482, -3.72780050384e-05, -0.000536304200068, 0.000155899993842, 6.05798122706e-05, -7.24765632185e-05, 0.000753941421863, -0.000740138522815, 0.000238882130361], [0.000141139869811, 0.000870743300766, 0.000165477395058, 0.00187751709018, -0.000398783682613, 0.000609467038885, -0.000350507587427, -5.42247798876e-05, -0.000372530455934, -0.00012706911366, -0.000272301171208, 0.000462589872768, -0.00132418132853], [-1.00619135992e-05, -0.000142664852319, 0.000230635414482, -0.000398783682613, 0.00385424983688, -0.00055722927209, -0.00101070373785, 0.000558723870199, -0.00230381637812, 0.000270752323559, -0.000545908464119, -0.000592807948124, 0.000154945111717], [-0.000192707855604, 0.000227568743867, -3.72780050384e-05, 0.000609467038885, -0.00055722927209, 0.00622814754024, -0.000999088399112, -0.00120137503836, 0.00172609742731, -0.00122434098739, 7.42103002267e-05, -0.000298538740026, 0.00117595156189], [-0.000273943558568, -0.00108575262129, -0.000536304200068, -0.000350507587427, -0.00101070373785, -0.000999088399112, 0.00634242128581, -0.000749133410864, 0.000790447229519, 5.80866289965e-05, -0.00188473123126, 0.000745877681766, -0.00071289826883], [-0.000130403379444, 0.000465145159978, 0.000155899993842, -5.42247798876e-05, 0.000558723870199, -0.00120137503836, -0.000749133410864, 0.00996791291982, -0.0024028532207, 0.000439882715, 0.000506077660248, -0.00269098277204, 0.00045963897719], [0.00013889373804, -0.000779072230216, 6.05798122706e-05, -0.000372530455934, -0.00230381637812, 0.00172609742731, 0.000790447229519, -0.0024028532207, 0.0106229651719, -0.0041705747135, 0.00159450958017, 0.000757117755711, -0.00119400431868], [-0.00011856220226, 0.00111387274228, -7.24765632185e-05, -0.00012706911366, 0.000270752323559, -0.00122434098739, 5.80866289965e-05, 0.000439882715, -0.0041705747135, 0.0131830647588, -0.00371471559629, 0.000219037785428, 0.00162889598869], [0.000108050226117, -0.00102229020558, 0.000753941421863, -0.000272301171208, -0.000545908464119, 7.42103002267e-05, -0.00188473123126, 0.000506077660248, 0.00159450958017, -0.00371471559629, 0.0144238015637, -0.00305805145763, 0.000415294693084], [-0.000253634090768, 0.000936661148444, -0.000740138522815, 0.000462589872768, -0.000592807948124, -0.000298538740026, 0.000745877681766, -0.00269098277204, 0.000757117755711, 0.000219037785428, -0.00305805145763, 0.0149105070159, -0.00562220765278], [0.000130084241391, -0.00111158844084, 0.000238882130361, -0.00132418132853, 0.000154945111717, 0.00117595156189, -0.00071289826883, 0.00045963897719, -0.00119400431868, 0.00162889598869, 0.000415294693084, -0.00562220765278, 0.0141228595749]]
    },
    "melbands": {
        "dmean": [0.00283311889507, 0.00159322842956, 0.000692299741786, 0.000871534983162, 0.00101799564436, 0.000357402605005, 0.000124761048937, 8.30240169307e-05, 8.2315003965e-05, 4.69940168841e-05, 2.5705252483e-05, 2.06096647162e-05, 9.46160707826e-06, 7.13377221473e-06, 6.24252743364e-06, 5.78508252147e-06, 3.48398020833e-06, 3.420329449e-06, 2.64037453235e-06, 2.99523367175e-06, 2.19589537664e-06, 1.64678158399e-06, 3.00411352328e-06, 2.46330546361e-06, 2.57875058196e-06, 2.66742813437e-06, 2.29577926802e-06, 2.97408337246e-06, 2.7429673537e-06, 3.48798266714e-06, 3.43728311236e-06, 3.48056232724e-06, 3.29027579937e-06, 2.89505101136e-06, 2.93308812616e-06, 2.60881620306e-06, 2.53998314292e-06, 2.23831489166e-06, 2.13833550333e-06, 2.14118335862e-06],
        "dmean2": [0.00484553119168, 0.00267268228345, 0.00110368686728, 0.00145131058525, 0.0017102046404, 0.000598860497121, 0.000207693912671, 0.000116507901112, 0.000111561515951, 6.96344650351e-05, 3.73350885639e-05, 2.96748530673e-05, 1.39498533827e-05, 1.03058018794e-05, 1.01430641735e-05, 9.06644709175e-06, 5.44531394553e-06, 5.12830047228e-06, 3.92337824451e-06, 4.68281632493e-06, 3.44064915225e-06, 2.54059432336e-06, 4.75869592265e-06, 3.8035786929e-06, 3.92950960304e-06, 3.98759084419e-06, 3.25512132804e-06, 4.40178473582e-06, 4.05499395129e-06, 5.07404638483e-06, 5.14610837854e-06, 5.1432048167e-06, 4.73665659229e-06, 4.04356433137e-06, 4.20758988184e-06, 3.82289726986e-06, 3.6411149722e-06, 3.3131955206e-06, 3.1382016914e-06, 3.18368824992e-06],
        "dvar": [6.63414830342e-05, 1.57546528499e-05, 2.96286862067e-06, 3.37521987603e-06, 2.93722564493e-06, 3.08927411652e-07, 6.28306580097e-08, 4.75959431867e-08, 5.87664601426e-08, 5.21938225972e-08, 4.09149514269e-09, 5.42903766387e-09, 1.56125712358e-09, 5.79010783763e-10, 3.68899910619e-10, 5.16981957244e-10, 1.5750040161e-10, 2.3999435772e-10, 5.55032166061e-11, 6.46838416163e-11, 3.47258784228e-11, 1.95463523839e-11, 1.20896612166e-10, 5.96263594055e-11, 5.5378108349e-11, 5.87725146328e-11, 4.75238598474e-11, 8.64072632889e-11, 6.59499954647e-11, 1.33461561247e-10, 1.20482929189e-10, 1.26876897877e-10, 8.71336822139e-11, 6.42444777932e-11, 7.34388452828e-11, 6.05607855531e-11, 4.8611649428e-11, 3.5864221315e-11, 3.61702785778e-11, 3.41504324819e-11],
        "dvar2": [0.000182030547876, 4.23157362093e-05, 7.68423433328e-06, 9.35089883569e-06, 8.18263561086e-06, 8.38045082219e-07, 1.43527643104e-07, 8.82926016743e-08, 1.0192736255e-07, 1.10106320506e-07, 8.44878034201e-09, 1.06521573784e-08, 3.06412273332e-09, 1.08810715993e-09, 9.4160401698e-10, 9.963933012e-10, 3.53960000199e-10, 4.59179694268e-10, 1.14064577228e-10, 1.54540116815e-10, 7.32819568916e-11, 3.89481329133e-11, 2.90951429616e-10, 1.36140473894e-10, 1.20987997398e-10, 1.18969473162e-10, 1.00567193462e-10, 1.90894827723e-10, 1.224348678e-10, 2.85604678796e-10, 2.58450455481e-10, 2.80244577544e-10, 1.63888055904e-10, 1.17099843711e-10, 1.57179408378e-10, 1.25263410755e-10, 9.8113621394e-11, 7.77307385125e-11, 7.58238818954e-11, 7.53848511392e-11],
        "max": [0.0667937099934, 0.0355457961559, 0.0235831197351, 0.0227660071105, 0.0304344128817, 0.0105140218511, 0.0100620081648, 0.00626267818734, 0.00668795173988, 0.0105765210465, 0.00229946454056, 0.00230144546367, 0.00155609054491, 0.00105650210753, 0.000551094533876, 0.00130106869619, 0.000410726701375, 0.000836264225654, 0.000153220797074, 0.000123427656945, 8.89920993359e-05, 8.30129938549e-05, 0.000179810405825, 0.000110308552394, 0.000121762794151, 0.00010625932191, 0.00011360264034, 0.000207167264307, 0.000117816278362, 0.000194370382815, 0.000154020512127, 0.000189020531252, 0.000137767172419, 0.000100211887911, 0.000127693681861, 0.000141069322126, 0.000110744826088, 0.00010887686949, 0.000121163393487, 0.000110246764962],
        "mean": [0.00316412188113, 0.00271359877661, 0.00134697079193, 0.00137404107954, 0.00182283634786, 0.000705159327481, 0.000308836693875, 0.000233244500123, 0.000205332966289, 0.000116156690638, 5.26806434209e-05, 5.2255258197e-05, 2.08314304473e-05, 1.33047442432e-05, 7.56066947361e-06, 8.73558292369e-06, 4.78254014524e-06, 5.93370577917e-06, 4.07542120229e-06, 3.92352239942e-06, 2.50558309745e-06, 2.0580077944e-06, 3.25743985741e-06, 2.98510349239e-06, 3.25708765558e-06, 3.10972382067e-06, 2.72678221336e-06, 3.29810904987e-06, 3.17839726449e-06, 3.84168788514e-06, 3.70278235096e-06, 3.93244090446e-06, 3.99166447096e-06, 3.59848468179e-06, 3.73089187633e-06, 3.15322722599e-06, 3.10900168188e-06, 2.74490821539e-06, 2.72304214377e-06, 2.53679672824e-06],
        "median": [0.00156552006956, 0.00165889330674, 0.0008996326942, 0.000959627213888, 0.00113051105291, 0.000520642031915, 0.000100875360658, 5.27991978743e-05, 3.85596249544e-05, 1.50262085299e-05, 1.45676822285e-05, 7.90208650869e-06, 3.48617595591e-06, 1.20223137401e-06, 7.45331703911e-07, 4.65244397674e-07, 3.99599286993e-07, 3.26480346757e-07, 4.7200529707e-07, 5.13286522619e-07, 2.92030335913e-07, 2.11053190924e-07, 2.13420946693e-07, 2.38861957769e-07, 2.74296695579e-07, 2.4101061058e-07, 2.08961239423e-07, 2.37985091189e-07, 1.80746127398e-07, 1.62014686111e-07, 1.78476128099e-07, 1.90617015505e-07, 2.25728086889e-07, 2.40208350988e-07, 2.92715583328e-07, 1.69823977103e-07, 1.56791429617e-07, 1.39956981116e-07, 1.75112916168e-07, 1.67124426298e-07],
        "min": [3.99856159031e-24, 6.05532076316e-24, 7.46653770234e-24, 1.62416852059e-23, 1.05874852247e-23, 1.01460536505e-23, 1.28782244864e-23, 1.17219689695e-23, 1.46641858543e-23, 7.92646727591e-24, 7.39900489797e-24, 8.82108287409e-24, 1.33058115517e-23, 7.59097814356e-24, 1.61290705785e-23, 1.43583160823e-23, 9.31761007163e-24, 1.15109691877e-23, 1.50772002921e-23, 1.66092880769e-23, 9.40425934232e-24, 1.82898789271e-23, 2.20743349902e-23, 1.17148913094e-23, 9.70265623492e-24, 1.84792544537e-23, 9.841746612e-24, 6.54780623186e-24, 6.05282204625e-24, 7.96858613736e-24, 6.46506734468e-24, 1.5184804075e-23, 9.41285713733e-24, 1.30984081868e-23, 9.2315185256e-24, 1.01270531467e-23, 9.00996299607e-24, 8.3646929194e-24, 1.1114123243e-23, 1.22127871806e-23],
        "var": [4.71928506158e-05, 1.36553780976e-05, 3.06971469399e-06, 3.2242683119e-06, 5.01948761666e-06, 5.41941403753e-07, 5.20123478509e-07, 3.31833831524e-07, 3.05569471948e-07, 2.6456476121e-07, 1.3615008676e-08, 2.73737921219e-08, 6.61037358185e-09, 2.18472240299e-09, 4.73058481276e-10, 2.13680206862e-09, 3.7454470081e-10, 1.12037357169e-09, 1.42375583545e-10, 9.84264822423e-11, 4.67683357319e-11, 3.20566732881e-11, 1.37900399433e-10, 7.56696580395e-11, 8.17886661175e-11, 9.07166355923e-11, 6.94418619829e-11, 1.11006551173e-10, 1.04294649306e-10, 1.71292799389e-10, 1.60664967441e-10, 1.6493578725e-10, 1.40238265445e-10, 1.08617045913e-10, 1.10332624981e-10, 9.51374673486e-11, 7.52407094962e-11, 5.33594800289e-11, 5.96343183168e-11, 5.04264303924e-11]
    },
    "mfcc": {
        "mean": [-730.1640625, 146.248931885, 80.3884887695, 34.1960487366, 4.62720680237, -0.475141495466, -4.60226821899, 0.596905648708, -0.998699843884, -2.05568909645, -4.77314090729, -7.24644088745, 0.0325621590018],
        "cov": [[12066.3642578, -3947.2121582, -1664.74450684, -391.889312744, -70.4072341919, 240.276123047, 170.572921753, 114.996009827, -152.531692505, 154.501113892, 226.21232605, 35.832408905, 4.89100790024], [-3947.2121582, 3242.80859375, 275.598724365, -362.889404297, -267.69644165, -123.658409119, 72.8428573608, 54.6584472656, 63.8743019104, -29.7961711884, -69.4684906006, -54.138004303, 62.1719207764], [-1664.74450684, 275.598724365, 1122.16564941, 56.6866493225, 2.39463758469, -62.7740859985, 9.3003988266, -14.0504703522, 22.6784553528, -51.424911499, -55.6883735657, -19.2142848969, -24.6117191315], [-391.889312744, -362.889404297, 56.6866493225, 628.643981934, 154.61505127, 53.2707519531, -51.8895492554, -7.14861869812, 79.063583374, -9.12128162384, -25.2514286041, 63.931804657, 5.43150377274], [-70.4072341919, -267.69644165, 2.39463758469, 154.61505127, 243.32623291, 45.5386123657, -53.1101226807, -5.87889289856, 27.9268264771, 10.4827880859, 8.64712333679, 17.8549365997, 7.959461689], [240.276123047, -123.658409119, -62.7740859985, 53.2707519531, 45.5386123657, 161.074783325, 60.6022567749, 8.41060161591, 1.72165644169, 34.5557060242, 16.4721717834, 13.7877264023, 12.9696340561], [170.572921753, 72.8428573608, 9.3003988266, -51.8895492554, -53.1101226807, 60.6022567749, 176.706344604, 54.8679122925, -15.9327859879, 12.3286409378, 20.8930339813, 8.668633461, -1.84286820889], [114.996009827, 54.6584472656, -14.0504703522, -7.14861869812, -5.87889289856, 8.41060161591, 54.8679122925, 121.274017334, 32.3183059692, 8.32950687408, -0.545790910721, -4.94617462158, 14.718208313], [-152.531692505, 63.8743019104, 22.6784553528, 79.063583374, 27.9268264771, 1.72165644169, -15.9327859879, 32.3183059692, 113.373832703, 18.4904956818, -10.7651071548, 8.12589836121, 16.3148345947], [154.501113892, -29.7961711884, -51.424911499, -9.12128162384, 10.4827880859, 34.5557060242, 12.3286409378, 8.32950687408, 18.4904956818, 96.1969299316, 31.8788909912, -3.87424039841, 11.7587156296], [226.21232605, -69.4684906006, -55.6883735657, -25.2514286041, 8.64712333679, 16.4721717834, 20.8930339813, -0.545790910721, -10.7651071548, 31.8788909912, 86.4029769897, 36.6114234924, 0.347765862942], [35.832408905, -54.138004303, -19.2142848969, 63.931804657, 17.8549365997, 13.7877264023, 8.668633461, -4.94617462158, 8.12589836121, -3.87424039841, 36.6114234924, 103.783843994, 12.4096708298], [4.89100790024, 62.1719207764, -24.6117191315, 5.43150377274, 7.959461689, 12.9696340561, -1.84286820889, 14.718208313, 16.3148345947, 11.7587156296, 0.347765862942, 12.4096708298, 90.8562011719]],
