{
"lowlevel": {
    "average_loudness": 0.780235171318,
    "barkbands_crest": {
        "dmean": 2.72822666168,
        "dmean2": 3.79395461082,
        "dvar": 10.2582445145,
        "dvar2": 17.05884552,
        "max": 26.8551387787,
        "mean": 14.0153598785,
        "median": 12.3959789276,
        "min": 2.13990926743,
        "var": 50.0437049866
    },
    "barkbands_flatness_db": {
        "dmean": 0.0533495433629,
        "dmean2": 0.0705932825804,
        "dvar": 0.00436339480802,
        "dvar2": 0.00713980477303,
        "max": 0.763991713524,
        "mean": 0.266951709986,
        "median": 0.219884335995,
        "min": 0.0171633232385,
        "var": 0.0248197577894
    },
    "barkbands_kurtosis": {
        "dmean": 139.110168457,
        "dmean2": 219.820968628,
        "dvar": 246527.6875,
        "dvar2": 582349.0625,
        "max": 6039.53955078,
        "mean": 157.346084595,
        "median": 4.43372917175,
        "min": -1.90675091743,
        "var": 289143.25
    },
    "barkbands_skewness": {
        "dmean": 2.70620751381,
        "dmean2": 3.74341368675,
        "dvar": 29.8616352081,
        "dvar2": 57.8222999573,
        "max": 63.0419006348,
        "mean": 4.96098899841,
        "median": 1.66969764233,
        "min": -3.97090816498,
        "var": 81.8830795288
    },
    "barkbands_spread": {
        "dmean": 8.85018730164,
        "dmean2": 13.9749507904,
        "dvar": 263.027923584,
        "dvar2": 592.502502441,
        "max": 120.644607544,
        "mean": 17.5572338104,
        "median": 7.8249335289,
        "min": 0.0200345423073,
        "var": 534.391113281
    },
    "dissonance": {
        "dmean": 0.0308747552335,
        "dmean2": 0.0509860627353,
        "dvar": 0.0012459391728,
        "dvar2": 0.00334906228818,
        "max": 0.499999970198,
        "mean": 0.430509537458,
        "median": 0.453326791525,
        "min": 0.0884016826749,
        "var": 0.00457817688584
    },
    "dynamic_complexity": 6.5856924057,
    "erbbands_crest": {
        "dmean": 3.0046274662,
        "dmean2": 4.61967802048,
        "dvar": 9.98532295227,
        "dvar2": 19.5193634033,
        "max": 31.0497951508,
        "mean": 11.9385700226,
        "median": 10.6056995392,
        "min": 2.05072879791,
        "var": 39.9438362122
    },
    "erbbands_flatness_db": {
        "dmean": 0.0319605022669,
        "dmean2": 0.0497340634465,
        "dvar": 0.00169878278393,
        "dvar2": 0.00368024827912,
        "max": 0.532428622246,
        "mean": 0.209252759814,
        "median": 0.187367156148,
        "min": 0.0396848209202,
        "var": 0.0142946122214
    },
    "erbbands_kurtosis": {
        "dmean": 5.64772033691,
        "dmean2": 9.27884292603,
        "dvar": 311.881591797,
        "dvar2": 674.349182129,
        "max": 256.471679688,
        "mean": 5.97253990173,
        "median": 0.689592838287,
        "min": -1.90534520149,
        "var": 418.150085449
    },
    "erbbands_skewness": {
        "dmean": 0.807567298412,
        "dmean2": 1.2375048399,
        "dvar": 1.58424305916,
        "dvar2": 3.27249789238,
        "max": 12.8893213272,
        "mean": 0.890207767487,
        "median": 0.520662128925,
        "min": -4.08614301682,
        "var": 3.88638973236
    },
    "erbbands_spread": {
        "dmean": 16.9978294373,
        "dmean2": 25.334274292,
        "dvar": 548.54309082,
        "dvar2": 1215.29772949,
        "max": 195.264572144,
        "mean": 45.2892456055,
        "median": 25.796836853,
        "min": 0.817990481853,
        "var": 2058.59887695
    },
    "hfc": {
        "dmean": 36.2772979736,
        "dmean2": 59.9342651367,
        "dvar": 16633.6855469,
        "dvar2": 42783.875,
        "max": 1426.48632812,
        "mean": 42.4341773987,
        "median": 7.93137216568,
        "min": 1.09559681703e-16,
        "var": 15043.6113281
    },
    "melbands_crest": {
        "dmean": 3.05391478539,
        "dmean2": 4.61794471741,
        "dvar": 12.0610170364,
        "dvar2": 25.5159492493,
        "max": 34.0119476318,
        "mean": 17.4616088867,
        "median": 17.756105423,
        "min": 2.00619697571,
        "var": 48.4367103577
    },
    "melbands_flatness_db": {
        "dmean": 0.0638500973582,
        "dmean2": 0.0837700888515,
        "dvar": 0.00630293088034,
        "dvar2": 0.0101406862959,
        "max": 0.929137170315,
        "mean": 0.349912345409,
        "median": 0.307127892971,
        "min": 0.00592976948246,
        "var": 0.0377567559481
    },
    "melbands_kurtosis": {
        "dmean": 51.5293083191,
        "dmean2": 76.6848220825,
        "dvar": 10767.1796875,
        "dvar2": 26004.4902344,
        "max": 1254.15930176,
        "mean": 77.4910583496,
        "median": 10.6416568756,
        "min": -1.8264311552,
        "var": 21902.7578125
    },
    "melbands_skewness": {
        "dmean": 1.98056221008,
        "dmean2": 2.80495715141,
        "dvar": 8.08277606964,
        "dvar2": 18.0188884735,
        "max": 27.0299625397,
        "mean": 4.35610103607,
        "median": 2.29246664047,
        "min": -2.46436142921,
        "var": 23.0708332062
    },
    "melbands_spread": {
        "dmean": 10.322013855,
        "dmean2": 16.6839065552,
        "dvar": 544.264282227,
        "dvar2": 1246.46643066,
        "max": 245.487487793,
        "mean": 18.7935161591,
        "median": 7.83451509476,
        "min": 0.227287724614,
        "var": 969.385986328
    },
    "pitch_salience": {
        "dmean": 0.0872876793146,
        "dmean2": 0.125132396817,
        "dvar": 0.0121056819335,
        "dvar2": 0.0204351637512,
        "max": 0.936931967735,
        "mean": 0.43512365222,
        "median": 0.47425788641,
        "min": 0.0134451417252,
        "var": 0.0473776459694
    },
    "silence_rate_20dB": {
        "dmean": 0,
        "dmean2": 0,
        "dvar": 0,
        "dvar2": 0,
        "max": 1,
        "mean": 1,
        "median": 1,
        "min": 1,
        "var": 0
    },
    "silence_rate_30dB": {
        "dmean": 0.0810998976231,
        "dmean2": 0.162213906646,
        "dvar": 0.0745312795043,
        "dvar2": 0.152967900038,
        "max": 1,
        "mean": 0.811798512936,
        "median": 1,
        "min": 0,
        "var": 0.152774631977
    },
    "silence_rate_60dB": {
        "dmean": 0.0368952304125,
        "dmean2": 0.0737968832254,
        "dvar": 0.035537224263,
        "dvar2": 0.0796541050076,
        "max": 1,
        "mean": 0.278865396976,
        "median": 0,
        "min": 0,
        "var": 0.201096490026
    },
    "spectral_centroid": {
        "dmean": 357.47253418,
        "dmean2": 534.54296875,
        "dvar": 352171.71875,
        "dvar2": 685475.1875,
        "max": 11198.4658203,
        "mean": 1026.2421875,
        "median": 655.108032227,
        "min": 71.0128707886,
        "var": 1052486
    },
    "spectral_complexity": {
        "dmean": 4.37330293655,
        "dmean2": 6.99765014648,
        "dvar": 70.8352584839,
        "dvar2": 147.584152222,
        "max": 61,
        "mean": 8.63656139374,
        "median": 6,
        "min": 0,
        "var": 97.8615570068
    },
    "spectral_decrease": {
        "dmean": 4.23047818998e-09,
        "dmean2": 4.99463226333e-09,
        "dvar": 4.98783159576e-17,
        "dvar2": 6.87079973414e-17,
        "max": 1.69650715698e-09,
        "mean": -1.24085657305e-08,
        "median": -3.02615288383e-09,
        "min": -6.25264178211e-08,
        "var": 2.67478022848e-16
    },
    "spectral_energy": {
        "dmean": 0.0176079422235,
        "dmean2": 0.0217782184482,
        "dvar": 0.000790079648141,
        "dvar2": 0.00120077829342,
        "max": 0.238736212254,
        "mean": 0.0506817027926,
        "median": 0.0145175736398,
        "min": 1.03499342403e-20,
        "var": 0.00392859429121
    },
    "spectral_energyband_high": {
        "dmean": 0.00317652244121,
        "dmean2": 0.00529799610376,
        "dvar": 0.000125702819787,
        "dvar2": 0.000321101688314,
        "max": 0.118241734803,
        "mean": 0.00340539123863,
        "median": 3.27731759171e-05,
        "min": 7.37335792553e-21,
        "var": 0.000118089250464
    },
    "spectral_energyband_low": {
        "dmean": 0.0150781134143,
        "dmean2": 0.017881501466,
        "dvar": 0.000774790241849,
        "dvar2": 0.00115367013495,
        "max": 0.227514952421,
        "mean": 0.0402598790824,
        "median": 0.00265289586969,
        "min": 3.78842782004e-23,
        "var": 0.00370157440193
    },
    "spectral_energyband_middle_high": {
        "dmean": 0.00132120796479,
        "dmean2": 0.00226340512745,
        "dvar": 1.00892648334e-05,
        "dvar2": 2.71273147519e-05,
        "max": 0.0266521722078,
        "mean": 0.0015455809189,
        "median": 0.000334504438797,
        "min": 1.50136714301e-21,
        "var": 9.65531307884e-06
    },
    "spectral_energyband_middle_low": {
        "dmean": 0.00576230278239,
        "dmean2": 0.00928423926234,
        "dvar": 0.0002417977812,
        "dvar2": 0.00063687725924,
        "max": 0.111394025385,
        "mean": 0.00844856537879,
        "median": 0.00145676685497,
        "min": 4.42283083287e-22,
        "var": 0.000283240427962
    },
    "spectral_entropy": {
        "dmean": 0.459216147661,
        "dmean2": 0.717371344566,
        "dvar": 0.418299347162,
        "dvar2": 0.91365891695,
        "max": 9.81175994873,
        "mean": 6.87298059464,
        "median": 6.9846162796,
        "min": 3.38453674316,
        "var": 1.59451746941
    },
    "spectral_flux": {
        "dmean": 0.038902387023,
        "dmean2": 0.0537428855896,
        "dvar": 0.00341938459314,
        "dvar2": 0.00499507738277,
        "max": 0.486487925053,
        "mean": 0.0849470049143,
        "median": 0.0518883019686,
        "min": 6.57597587495e-11,
        "var": 0.00906655099243
    },
    "spectral_kurtosis": {
        "dmean": 14.1637086868,
        "dmean2": 24.0635910034,
        "dvar": 1208.25085449,
        "dvar2": 3520.45605469,
        "max": 679.405578613,
        "mean": 38.705532074,
        "median": 4.78645420074,
        "min": -1.23798263073,
        "var": 7821.60546875
    },
    "spectral_rms": {
        "dmean": 0.0011664822232,
        "dmean2": 0.00140589324292,
        "dvar": 2.80951462628e-06,
        "dvar2": 4.26000906373e-06,
        "max": 0.0152614992112,
        "mean": 0.00545624410734,
        "median": 0.00376344076358,
        "min": 3.17765583811e-12,
        "var": 1.96748696908e-05
    },
    "spectral_rolloff": {
        "dmean": 1094.22692871,
        "dmean2": 1788.12963867,
        "dvar": 7382964.5,
        "dvar2": 14738117,
        "max": 18927.6855469,
        "mean": 1857.94604492,
        "median": 473.73046875,
        "min": 64.599609375,
        "var": 12163832
    },
    "spectral_skewness": {
        "dmean": 0.777112960815,
        "dmean2": 1.27587616444,
        "dvar": 1.43822312355,
        "dvar2": 3.76053380966,
        "max": 21.2247142792,
        "mean": 3.26522827148,
        "median": 1.73902189732,
        "min": -0.0203607454896,
        "var": 14.3043451309
    },
    "spectral_spread": {
        "dmean": 1021713.8125,
        "dmean2": 1608290.125,
        "dvar": 1.87986988237e+12,
        "dvar2": 3.84209544806e+12,
        "max": 42364248,
        "mean": 5282521,
        "median": 4166667.25,
        "min": 155822.53125,
        "var": 1.44035597517e+13
    },
    "spectral_strongpeak": {
        "dmean": 0.470530718565,
        "dmean2": 0.759554803371,
        "dvar": 1.81265521049,
        "dvar2": 4.54597043991,
        "max": 22.3992233276,
        "mean": 0.962741017342,
        "median": 0.652593910694,
        "min": 0,
        "var": 2.30553436279
    },
    "zerocrossingrate": {
        "dmean": 0.0196393411607,
        "dmean2": 0.0219374727458,
        "dvar": 0.00125338847283,
        "dvar2": 0.00140296854079,
        "max": 0.5009765625,
        "mean": 0.0639983192086,
        "median": 0.033203125,
        "min": 0.00244140625,
        "var": 0.00644793920219
    },
    "barkbands": {
        "dmean": [9.66084990068e-05, 0.0120312934741, 0.00797584466636, 0.00367156043649, 0.00206992123276, 0.000276114762528, 0.000146721402416, 0.000305458175717, 0.00012902871822, 0.000145787082147, 0.000147487895447, 0.000146822771057, 0.00023707812943, 0.000116867449833, 8.27905751066e-05, 0.000104536949948, 0.000117367839266, 0.000130117798108, 0.000172420419403, 0.000184854186955, 0.000259690306848, 0.000399440323235, 0.000339889142197, 0.000480260670884, 0.000665347848553, 0.000501137168612, 0.000597000645939],
        "dmean2": [0.000155667337822, 0.0121182315052, 0.0129520399496, 0.00603570044041, 0.00348510267213, 0.000391532405047, 0.000209015954169, 0.000467963400297, 0.000194693173398, 0.000229702840443, 0.000235267740209, 0.000254683196545, 0.000444692501333, 0.000190258215298, 0.000146965670865, 0.000182492585736, 0.000207889606827, 0.000216912667383, 0.000293708464596, 0.000311284296913, 0.000429695355706, 0.000677898759022, 0.000571053416934, 0.000809591787402, 0.00112942501437, 0.000807501142845, 0.00102343922481],
        "dvar": [5.38040723086e-08, 0.000579770596232, 0.000530302640982, 0.000129525418743, 3.83730694011e-05, 4.5482855171e-07, 1.31899099642e-07, 9.29111934056e-07, 1.92585005721e-07, 1.72004050114e-07, 2.08967108506e-07, 1.72393143316e-07, 8.26552991384e-07, 9.43442231005e-08, 5.18319822618e-08, 7.66545582565e-08, 1.12372937622e-07, 1.2137253691e-07, 2.33693256746e-07, 2.83961213654e-07, 5.60554497042e-07, 1.65710525835e-06, 1.1773231563e-06, 2.56130419984e-06, 5.43553960597e-06, 3.55889983439e-06, 7.9544415712e-06],
        "dvar2": [1.42421811233e-07, 0.000567381968722, 0.00142656941898, 0.000341507809935, 0.000104276827187, 7.28500708647e-07, 2.48469746111e-07, 2.12212216866e-06, 3.40272492849e-07, 3.66509198102e-07, 4.22179681436e-07, 4.64797722088e-07, 2.40217627834e-06, 2.16355971361e-07, 1.39573771207e-07, 2.04170547136e-07, 3.04378573901e-07, 3.04075683744e-07, 6.03812281952e-07, 7.18865294402e-07, 1.38513223646e-06, 4.2795832087e-06, 3.10923155666e-06, 6.63978289595e-06, 1.41245254781e-05, 8.91182389751e-06, 2.14148494706e-05],
        "max": [0.00715139508247, 0.204442843795, 0.169311016798, 0.0871436148882, 0.0781568214297, 0.0133125325665, 0.0125628309324, 0.0380085334182, 0.0149569371715, 0.0124664241448, 0.0190391484648, 0.00544445589185, 0.00943288486451, 0.00825395435095, 0.00331344199367, 0.00341973570175, 0.00433311797678, 0.00483445124701, 0.006170169916, 0.00590892648324, 0.00751128979027, 0.0136226965114, 0.0121207907796, 0.0166530162096, 0.0249346178025, 0.0233660768718, 0.0325137414038],
        "mean": [0.00013785592455, 0.0281394030899, 0.00901992805302, 0.00444370228797, 0.00235781306401, 0.000563478795812, 0.000252371944953, 0.000539696367923, 0.000267319119303, 0.000256596773397, 0.000218950342969, 0.000162837532116, 0.00016289013729, 0.000144459540024, 6.67170752422e-05, 9.45754509303e-05, 9.41338294069e-05, 0.000124579833937, 0.000151952044689, 0.000180056857062, 0.000269357435172, 0.000385998835554, 0.00036647496745, 0.000515328254551, 0.000765097560361, 0.000536742329132, 0.000463244010461],
        "median": [1.13716450869e-05, 0.000998658826575, 0.000444757868536, 5.662624244e-05, 0.000366291613318, 0.000100058168755, 5.51091616217e-05, 7.23533739801e-05, 2.94563124044e-05, 2.85143178189e-05, 1.82901403605e-05, 1.94037384063e-05, 9.16276076168e-06, 2.68448293355e-05, 4.80945709569e-06, 7.9404344433e-06, 5.70741622141e-06, 1.04465052573e-05, 8.34585625853e-06, 9.46281761571e-06, 8.7412117864e-06, 5.63801131648e-06, 3.26253302774e-06, 2.31066746892e-06, 1.23396262097e-06, 5.63353239613e-07, 1.32025178345e-07],
        "min": [5.08372180697e-24, 8.07648258768e-24, 1.25208870624e-23, 9.20680193572e-24, 3.17519827567e-23, 5.33488581063e-23, 2.38948650319e-23, 8.62613972496e-23, 5.47288471977e-23, 1.07258754088e-22, 1.52597537496e-23, 6.43118789873e-23, 3.19197797822e-23, 9.3391626982e-23, 8.44163336338e-23, 1.42957045078e-22, 1.74958456187e-22, 1.41137578421e-22, 1.44203066655e-22, 2.38934785299e-22, 3.53035147003e-22, 4.67661735728e-22, 5.29320063335e-22, 8.57095025873e-22, 1.01048886481e-21, 1.33065885481e-21, 2.02895731642e-21],
        "var": [9.51632728174e-08, 0.00295665534213, 0.000469237129437, 0.000162733311299, 3.23669955833e-05, 2.08252413358e-06, 3.89771003029e-07, 2.83556914837e-06, 9.42457063502e-07, 6.06033779604e-07, 6.19747822839e-07, 2.17121581159e-07, 4.81682093323e-07, 1.77529187795e-07, 4.33240145981e-08, 7.45492769738e-08, 8.60079794052e-08, 1.31004100012e-07, 2.14507139162e-07, 2.75951805406e-07, 5.73514057578e-07, 1.44975763305e-06, 1.15477087093e-06, 2.4168816708e-06, 5.60187118026e-06, 3.50308823727e-06, 5.65444497624e-06]
    },
    "erbbands": {
        "dmean": [0.30855101347, 2.93469166756, 8.10302257538, 11.1263484955, 10.0464229584, 5.49199867249, 3.26222276688, 1.93941426277, 2.12446117401, 3.93299221992, 4.66471672058, 3.05626273155, 3.81069922447, 5.65202999115, 5.39853382111, 6.71477508545, 10.8238010406, 5.58219671249, 5.36576128006, 4.30637168884, 6.58219861984, 6.44764900208, 6.2394361496, 7.55559110641, 9.61319923401, 8.53181171417, 9.70667934418, 12.2985496521, 13.2558765411, 12.8316249847, 9.31973934174, 9.8608045578, 8.26211547852, 6.50012016296, 5.18215513229, 1.95426154137, 1.06340956688, 0.307669222355, 0.101352788508, 0.00823177862912],
        "dmean2": [0.273302644491, 3.00628423691, 12.1721687317, 17.7373065948, 17.3446273804, 8.91453742981, 4.46445131302, 2.95680189133, 3.00452017784, 5.89157867432, 7.08852052689, 4.52954673767, 5.84719514847, 8.96524047852, 8.94804191589, 12.0387477875, 20.2438030243, 9.41935920715, 9.07779216766, 7.50823068619, 11.5883045197, 11.1941547394, 10.2821273804, 12.7550401688, 16.4119548798, 14.3865470886, 16.010597229, 20.4492149353, 22.3099594116, 22.3274211884, 15.4387750626, 16.3290882111, 14.1615343094, 10.9585027695, 8.79162979126, 3.10636758804, 1.73229503632, 0.508929669857, 0.174029693007, 0.0144435893744],
        "dvar": [0.327086955309, 34.7374305725, 439.945617676, 1014.309021, 1127.11096191, 207.524185181, 57.2916412354, 18.6197738647, 34.0854110718, 139.864227295, 191.521987915, 107.716995239, 144.590209961, 299.955474854, 219.011947632, 434.276947021, 1717.5513916, 246.282867432, 156.334106445, 120.743515015, 314.269165039, 331.303924561, 256.457397461, 391.67578125, 832.383300781, 609.935546875, 805.486450195, 1403.82946777, 1712.55615234, 1834.38513184, 881.681335449, 1052.03198242, 754.713989258, 447.396850586, 362.103729248, 48.2084770203, 16.5870323181, 1.68273949623, 0.23170363903, 0.00167391484138],
        "dvar2": [0.219702064991, 36.8993606567, 1107.98291016, 2683.50952148, 3154.73144531, 529.571716309, 90.8601531982, 42.0063018799, 63.2940292358, 300.04876709, 434.895355225, 180.498626709, 292.79788208, 588.613037109, 530.640258789, 1227.36816406, 4993.96826172, 615.91809082, 392.219055176, 321.221740723, 848.377319336, 880.023254395, 619.85546875, 989.789855957, 2166.86669922, 1551.23083496, 2002.69335938, 3522.43383789, 4309.50537109, 4990.43017578, 2311.64697266, 2632.25537109, 1996.57580566, 1135.60021973, 949.602294922, 117.552650452, 42.0269355774, 4.40804338455, 0.627085089684, 0.00457125110552],
        "max": [5.36632347107, 50.088054657, 163.013946533, 244.344985962, 265.534088135, 192.218780518, 152.441894531, 100.550010681, 209.87789917, 595.984130859, 360.98059082, 452.766235352, 400.861999512, 813.510437012, 437.469299316, 185.357818604, 437.655975342, 463.204925537, 266.766448975, 106.435966492, 171.818634033, 300.380523682, 323.898986816, 209.161270142, 330.489837646, 290.560394287, 331.368103027, 387.69644165, 394.533355713, 429.225128174, 345.966522217, 334.063598633, 292.157165527, 218.213806152, 216.016036987, 82.7813949585, 51.4238967896, 17.1532077789, 5.48151254654, 0.489453434944],
        "mean": [0.660189151764, 6.89062643051, 11.144569397, 14.3829545975, 9.85033321381, 7.32518005371, 6.71877908707, 3.75661540031, 3.86819434166, 7.69866418839, 8.01198768616, 6.60249996185, 8.00305843353, 9.13269996643, 7.56647539139, 6.22156763077, 7.65124750137, 6.06177377701, 5.74307584763, 3.83081030846, 5.61731767654, 5.61378765106, 6.45105218887, 6.70243501663, 8.73328208923, 8.27094364166, 9.98973178864, 11.9279069901, 13.3408594131, 12.1095533371, 10.3179063797, 10.701833725, 8.73013305664, 7.83315944672, 5.68434095383, 2.30137610435, 1.06138110161, 0.28682333231, 0.0785190910101, 0.00594027061015],
        "median": [0.0197459999472, 0.257259070873, 0.917094886303, 0.65132856369, 0.704922318459, 1.28332233429, 1.14331912994, 0.857489585876, 0.904596626759, 1.37362968922, 1.44729268551, 0.885593295097, 1.10510551929, 1.07065367699, 1.01976752281, 0.750717282295, 0.542692244053, 1.07136893272, 1.04854404926, 0.423017770052, 0.468114197254, 0.481231987476, 0.647082448006, 0.450518548489, 0.472285419703, 0.437390953302, 0.302369296551, 0.334672778845, 0.223835006356, 0.131417810917, 0.0878267735243, 0.0550033077598, 0.032816812396, 0.0173446647823, 0.00733712175861, 0.00282459845766, 0.000991823617369, 0.00022598762007, 7.05978090991e-05, 4.58402791992e-05],
        "min": [3.47009713813e-22, 1.77905870245e-21, 1.29853995265e-20, 4.04541370428e-20, 6.76308749561e-20, 4.80824580441e-20, 1.34187966079e-19, 5.39609204647e-19, 3.96036680648e-19, 1.2456233671e-18, 2.31453303801e-18, 1.54419782811e-18, 2.41449905581e-18, 2.79972595926e-18, 2.04043722946e-18, 2.86700386721e-18, 1.55213286833e-18, 3.72281071922e-18, 4.78440356402e-18, 7.75928088209e-18, 7.87564616912e-18, 1.08644805057e-17, 7.67879207258e-18, 7.99450623288e-18, 8.07323728358e-18, 1.24477397669e-17, 1.06858698775e-17, 1.58791728066e-17, 1.73320609586e-17, 1.48649401878e-17, 1.53342477257e-17, 1.28193605832e-17, 1.40967309354e-17, 1.05157618389e-17, 7.23933996446e-18, 4.4962014309e-18, 2.83943993445e-18, 1.00163807022e-18, 3.12254089643e-19, 2.54359944753e-20],
        "var": [1.71877872944, 172.857574463, 501.513885498, 1190.98486328, 797.451782227, 254.946014404, 260.172271729, 63.565410614, 99.5863571167, 602.896240234, 502.5519104, 610.8984375, 559.816894531, 956.539794922, 481.702789307, 331.211975098, 1000.69549561, 303.7003479, 230.289215088, 106.062942505, 261.365539551, 282.344055176, 348.283905029, 365.177062988, 758.643676758, 575.897827148, 827.705200195, 1282.54650879, 1610.96655273, 1461.20495605, 909.799987793, 1041.04406738, 706.394104004, 534.509155273, 342.005737305, 53.6923446655, 15.2907085419, 1.38823962212, 0.163590416312, 0.00111531547736]
    },
    "gfcc": {
        "mean": [-120.778701782, 101.169563293, -73.6182556152, 22.2615737915, -43.9950141907, 9.73677062988, -22.520526886, 1.28301334381, -18.7058143616, -2.46325659752, -13.9765253067, -6.1207075119, -10.5539169312],
        "cov": [[28829.3046875, -12357.4355469, 1240.92810059, 3993.73730469, -417.585418701, 1966.3684082, -580.142272949, 1150.49072266, -725.01373291, 1047.3371582, -655.790893555, 637.389099121, -736.080383301], [-12357.4355469, 8829.32617188, -130.448257446, -2324.81933594, 396.368255615, -1263.49353027, 329.326385498, -805.059875488, 309.330383301, -782.97644043, 306.882751465, -419.464660645, 400.47769165], [1240.92810059, -130.448257446, 3047.30444336, 768.543762207, 894.039611816, 446.412506104, 287.065307617, 66.8394851685, 51.2453994751, 89.7582092285, -3.23656439781, -14.0581283569, -12.1271791458], [3993.73730469, -2324.81933594, 768.543762207, 1892.24987793, 631.913208008, 790.707702637, 275.097412109, 377.173217773, 136.209777832, 399.639923096, 21.3089771271, 66.6837768555, -121.682304382], [-417.585418701, 396.368255615, 894.039611816, 631.913208008, 885.176208496, 316.452606201, 393.790283203, 71.8159790039, 229.563659668, 96.4884490967, 120.282341003, -48.8682136536, 29.4623374939], [1966.3684082, -1263.49353027, 446.412506104, 790.707702637, 316.452606201, 576.71887207, 158.759521484, 248.130828857, 34.1743736267, 215.336761475, -9.31595516205, 76.0567092896, -64.8815078735], [-580.142272949, 329.326385498, 287.065307617, 275.097412109, 393.790283203, 158.759521484, 367.101501465, 124.741004944, 187.822570801, 52.9367866516, 83.7695770264, -14.6780958176, 52.3910331726], [1150.49072266, -805.059875488, 66.8394851685, 377.173217773, 71.8159790039, 248.130828857, 124.741004944, 255.267471313, 83.5463562012, 149.03326416, -9.52234745026, 47.1214523315, -26.7647819519], [-725.01373291, 309.330383301, 51.2453994751, 136.209777832, 229.563659668, 34.1743736267, 187.822570801, 83.5463562012, 230.84979248, 89.4284591675, 83.6554107666, -46.6518173218, 20.3870162964], [1047.3371582, -782.97644043, 89.7582092285, 399.639923096, 96.4884490967, 215.336761475, 52.9367866516, 149.03326416, 89.4284591675, 230.555145264, 48.0705528259, 37.2950172424, -63.3078918457], [-655.790893555, 306.882751465, -3.23656439781, 21.3089771271, 120.282341003, -9.31595516205, 83.7695770264, -9.52234745026, 83.6554107666, 48.0705528259, 132.233413696, 14.0549249649, 24.9840679169], [637.389099121, -419.464660645, -14.0581283569, 66.6837768555, -48.8682136536, 76.0567092896, -14.6780958176, 47.1214523315, -46.6518173218, 37.2950172424, 14.0549249649, 114.429100037, 20.6561527252], [-736.080383301, 400.47769165, -12.1271791458, -121.682304382, 29.4623374939, -64.8815078735, 52.3910331726, -26.7647819519, 20.3870162964, -63.3078918457, 24.9840679169, 20.6561527252, 106.075370789]],
        "icov": [[0.000110442277219, 8.59616629896e-05, -2.48510532401e-05, -0.000130911779706, -1.64724642673e-05, 0.000130711006932, 2.50323009823e-05, -0.000123866775539, 0.000169345585164, -3.26591293742e-06, 0.000236265230342, -0.000278482883004, 0.00029382185312], [8.59616629896e-05, 0.000500531576108, -4.0936833102e-05, 0.000266556860879, -0.000191741157323, 0.000133729554364, -0.000282900320599, 0.000401702825911, -0.000235496205278, 0.000684850267135, -0.000521272886544, 0.000595976947807, -0.00015525908384], [-2.48510532401e-05, -4.0936833102e-05, 0.000541014829651, 4.94403138873e-05, -0.000747667741962, 5.00371106682e-06, 3.59886071237e-05, -1.26457871374e-05, 0.000535904429853, -0.000354346382665, 0.000446858059149, 1.62116011779e-05, -0.00013245260925], [-0.000130911779706, 0.000266556860879, 4.94403138873e-05, 0.00203734147362, -0.000970577646513, -0.00119160662871, -0.000140595220728, 4.23767560278e-05, 9.47080334299e-05, -0.000857816077769, -0.000476664601592, 0.00135827600025, -0.000633571937215], [-1.64724642673e-05, -0.000191741157323, -0.000747667741962, -0.000970577646513, 0.00524306064472, -0.00237856339663, -0.00273536634631, 0.00343074230477, -0.00288020190783, 0.00113927549683, -0.00112199981231, 0.000489892321639, 0.000118638236017], [0.000130711006932, 0.000133729554364, 5.00371106682e-06, -0.00119160662871, -0.00237856339663, 0.0077469451353, -0.000956531905103, -0.00391543610021, 0.00430838065222, -0.0029704188928, 0.00188814452849, -0.00195171183441, 0.00125388300512], [2.50323009823e-05, -0.000282900320599, 3.59886071237e-05, -0.000140595220728, -0.00273536634631, -0.000956531905103, 0.0103744957596, -0.00558348884806, -0.00336916651577, 0.00380441476591, -0.00267744599842, 3.54489711754e-05, -0.00173173856456], [-0.000123866775539, 0.000401702825911, -1.26457871374e-05, 4.23767560278e-05, 0.00343074230477, -0.00391543610021, -0.00558348884806, 0.0159018430859, -0.00638622650877, -0.00301310257055, 0.00523190340027, -0.00331322103739, -6.46862972644e-05], [0.000169345585164, -0.000235496205278, 0.000535904429853, 9.47080334299e-05, -0.00288020190783, 0.00430838065222, -0.00336916651577, -0.00638622650877, 0.0186822023243, -0.00897778384387, -0.00263126846403, 0.00792304892093, -0.0041498108767], [-3.26591293742e-06, 0.000684850267135, -0.000354346382665, -0.000857816077769, 0.00113927549683, -0.0029704188928, 0.00380441476591, -0.00301310257055, -0.00897778384387, 0.0192540045828, -0.00770336575806, -0.00312035158277, 0.00723328953609], [0.000236265230342, -0.000521272886544, 0.000446858059149, -0.000476664601592, -0.00112199981231, 0.00188814452849, -0.00267744599842, 0.00523190340027, -0.00263126846403, -0.00770336575806, 0.0185133218765, -0.00802192557603, 0.000330680777552], [-0.000278482883004, 0.000595976947807, 1.62116011779e-05, 0.00135827600025, 0.000489892321639, -0.00195171183441, 3.54489711754e-05, -0.00331322103739, 0.00792304892093, -0.00312035158277, -0.00802192557603, 0.0216932632029, -0.0105258552358], [0.00029382185312, -0.00015525908384, -0.00013245260925, -0.000633571937215, 0.000118638236017, 0.00125388300512, -0.00173173856456, -6.46862972644e-05, -0.0041498108767, 0.00723328953609, 0.000330680777552, -0.0105258552358, 0.0199697315693]]
    },
    "melbands": {
        "dmean": [0.00326311099343, 0.00354773225263, 0.00187674397603, 0.000572555232793, 0.000120901102491, 4.51802479802e-05, 3.05410103465e-05, 5.48447133042e-05, 3.22552295984e-05, 2.02642531804e-05, 1.97846311494e-05, 2.3321419576e-05, 1.82510375453e-05, 1.5932133465e-05, 2.52782647294e-05, 1.95019274543e-05, 9.71506779024e-06, 9.47337321122e-06, 6.38918254481e-06, 6.12285566604e-06, 8.26326413517e-06, 7.43361579225e-06, 5.08193716087e-06, 6.23953565082e-06, 5.96796871832e-06, 7.33727938496e-06, 6.10522511124e-06, 5.86601754549e-06, 6.42469922241e-06, 5.6972044149e-06, 8.01902478997e-06, 7.60033799452e-06, 7.84617168392e-06, 7.07592562321e-06, 5.66945982428e-06, 5.13468694407e-06, 6.52623475617e-06, 5.22053278473e-06, 6.70348163112e-06, 4.97506152897e-06],
        "dmean2": [0.00295164482668, 0.0046213506721, 0.00299370056018, 0.0009740088135, 0.000169674007338, 6.65097613819e-05, 4.33465866081e-05, 8.31192519399e-05, 4.93279985676e-05, 2.99981984426e-05, 3.03775505017e-05, 3.67494467355e-05, 3.02677217405e-05, 2.6909974622e-05, 4.72727078886e-05, 3.59233672498e-05, 1.60123909154e-05, 1.5825704395e-05, 1.1220991837e-05, 1.06872657852e-05, 1.4714201825e-05, 1.30701973831e-05, 8.38108098833e-06, 1.05829622044e-05, 1.00501001725e-05, 1.2698140381e-05, 1.02953572423e-05, 9.93787944026e-06, 1.07419809865e-05, 9.51729452936e-06, 1.33894327519e-05, 1.28491219584e-05, 1.34607389555e-05, 1.23973977679e-05, 9.45638112171e-06, 8.5179499365e-06, 1.08907916001e-05, 8.95241919352e-06, 1.15353559522e-05, 8.39588119561e-06],
        "dvar": [3.77708347514e-05, 5.60148437216e-05, 2.87550883513e-05, 3.21006791637e-06, 6.30582377426e-08, 9.91944926199e-09, 6.24875529098e-09, 2.92683637326e-08, 8.95500029685e-09, 5.08718445147e-09, 4.17415879639e-09, 4.66881555639e-09, 2.64497201918e-09, 1.94442439927e-09, 8.95178331461e-09, 5.15279063862e-09, 8.18225098786e-10, 4.93956042735e-10, 3.01550479032e-10, 2.6032681566e-10, 5.35940458679e-10, 4.53618559382e-10, 1.89624760338e-10, 3.00286850941e-10, 2.36483138627e-10, 4.73221017927e-10, 3.16014825419e-10, 3.31421556865e-10, 3.48652273718e-10, 2.92680490954e-10, 6.10233141796e-10, 5.5555743339e-10, 7.26704696419e-10, 5.75166581029e-10, 3.47785328314e-10, 2.19252227485e-10, 5.10697317768e-10, 3.01294211802e-10, 4.95566365721e-10, 2.52861370731e-10],
        "dvar2": [2.70041946351e-05, 0.000118556112284, 7.5421310612e-05, 8.79270555743e-06, 1.0724166799e-07, 1.98264160645e-08, 1.16897584945e-08, 6.51026397236e-08, 2.06077022114e-08, 8.31690893932e-09, 8.40342462283e-09, 9.30717281022e-09, 6.39681596581e-09, 4.99103602891e-09, 2.58454306845e-08, 1.48669361266e-08, 1.90288962365e-09, 1.15951725999e-09, 7.83593689935e-10, 6.8303090961e-10, 1.46877343621e-09, 1.20840570883e-09, 4.80296524774e-10, 7.62147955857e-10, 5.92898952156e-10, 1.25507004789e-09, 7.90930265726e-10, 8.58435822426e-10, 8.76833550212e-10, 7.48762662983e-10, 1.53281554116e-09, 1.38104450098e-09, 1.95113947221e-09, 1.58238100401e-09, 9.25428567111e-10, 5.45148759468e-10, 1.2785494885e-09, 7.95655596963e-10, 1.31899269284e-09, 6.1921073824e-10],
        "max": [0.0561975575984, 0.0676818341017, 0.0399872884154, 0.0209549684078, 0.00506920134649, 0.00200187251903, 0.00272518000565, 0.00797099899501, 0.00216886866838, 0.00298426160589, 0.00211098324507, 0.00301692215726, 0.00146205665078, 0.000790526391938, 0.00103659369051, 0.00073979474837, 0.00103417085484, 0.00062961835647, 0.000354486954166, 0.000307615526253, 0.000219583147555, 0.000392068701331, 0.000276423990726, 0.000269584765192, 0.00018549640663, 0.000266792078037, 0.000339237652952, 0.000224852366955, 0.00020963390125, 0.000175350360223, 0.000270077463938, 0.000257556006545, 0.000349917187123, 0.000258309679339, 0.000216604341404, 0.000160096460604, 0.000241763264057, 0.000190840219148, 0.000247367308475, 0.000178011337994],
        "mean": [0.00731024192646, 0.00718361837789, 0.00235392898321, 0.000608668895438, 0.000241695641307, 9.05402412172e-05, 5.41772569704e-05, 0.000103071528429, 5.2774688811e-05, 4.37903545389e-05, 4.08703017456e-05, 3.86002466257e-05, 2.47585048783e-05, 2.06535460165e-05, 1.69932754943e-05, 1.49323432197e-05, 1.13918194984e-05, 1.06598590719e-05, 5.36320249012e-06, 5.74967543798e-06, 6.56578959024e-06, 6.14090686213e-06, 5.24918505107e-06, 5.69946860196e-06, 5.22653226653e-06, 6.35973265162e-06, 5.90166291659e-06, 5.49526112081e-06, 6.21854269411e-06, 6.04984597885e-06, 7.36948368285e-06, 7.60404327593e-06, 7.40704081181e-06, 6.56895144857e-06, 5.9075232457e-06, 5.90784929955e-06, 6.81483743392e-06, 5.56310715183e-06, 6.91220839144e-06, 6.42225313641e-06],
        "median": [0.000249600299867, 0.000519391265698, 7.71896156948e-05, 7.24416968296e-05, 4.78456895507e-05, 1.9318813429e-05, 1.21385764942e-05, 1.63970325957e-05, 9.59880344453e-06, 4.18002309743e-06, 4.60625869891e-06, 4.2190727072e-06, 2.78609650195e-06, 2.54866608884e-06, 8.03398847893e-07, 9.34118872919e-07, 2.01523425858e-06, 1.92290349332e-06, 3.49335351757e-07, 5.12723204338e-07, 4.40357467824e-07, 3.44426211996e-07, 6.25404993571e-07, 3.83652235314e-07, 3.11928801011e-07, 3.2858247323e-07, 3.12628458232e-07, 2.29947588082e-07, 1.73988652818e-07, 1.98108750737e-07, 1.50489015027e-07, 1.2324500176e-07, 8.67404637006e-08, 6.31529175621e-08, 4.85646403092e-08, 4.14385006309e-08, 2.88422619121e-08, 2.30538645951e-08, 1.84955535332e-08, 1.29460122622e-08],
        "min": [3.1828352381e-24, 5.29271945976e-24, 7.20291143187e-24, 5.03628917846e-24, 4.65739100264e-24, 1.18379094344e-23, 5.77013176871e-24, 1.33926651373e-23, 1.97234348294e-23, 9.09693175543e-24, 1.18648174799e-23, 1.18562062743e-23, 4.44186749802e-24, 7.17670310602e-24, 5.77725478825e-24, 2.3611328701e-24, 7.83117840059e-24, 8.77499919773e-24, 7.22444970116e-24, 9.99797735884e-24, 8.9303574644e-24, 1.27736262635e-23, 9.27245882886e-24, 6.3212118533e-24, 5.59209651202e-24, 5.82015817187e-24, 4.71486267503e-24, 8.1138398847e-24, 5.77266677323e-24, 9.898897218e-24, 8.34485701194e-24, 7.84871320079e-24, 7.53201315747e-24, 7.2058507276e-24, 7.98356108393e-24, 9.43072720342e-24, 7.80892621217e-24, 9.48876291135e-24, 9.56251746169e-24, 9.38579920828e-24],
        "var": [0.00020782116917, 0.000137721144711, 3.10614777845e-05, 2.5354815989e-06, 2.70571035799e-07, 3.98411543756e-08, 1.81320594095e-08, 1.07864728704e-07, 2.13774917768e-08, 2.92669373181e-08, 1.60864601639e-08, 1.49528194271e-08, 5.25476862023e-09, 3.83690057504e-09, 5.23241094896e-09, 3.43261952196e-09, 1.22340326758e-09, 9.56796974982e-10, 2.99105629153e-10, 3.0345023716e-10, 3.99452942945e-10, 3.84311471535e-10, 2.29296581722e-10, 3.06557890184e-10, 2.2502226471e-10, 4.12828798924e-10, 3.39777705971e-10, 2.96230623364e-10, 3.4925218273e-10, 2.84940099293e-10, 5.36350741598e-10, 5.24697896243e-10, 5.89013726682e-10, 4.45900677493e-10, 3.328536613e-10, 2.59688437421e-10, 4.80778805656e-10, 2.84492429614e-10, 4.64970006941e-10, 3.495034262e-10]
    },
    "mfcc": {
        "mean": [-765.36529541, 122.968589783, 35.8335151672, 24.7690467834, 4.41837406158, 10.0372095108, 7.47329759598, 5.19192934036, 2.07077598572, 2.35796046257, 2.00949454308, -1.61524641514, -4.01956367493],
        "cov": [[18915.1152344, -6036.90625, -460.937042236, 642.449829102, 744.199768066, 728.458740234, 229.438735962, 158.459259033, 151.874633789, 24.1424636841, 82.6996612549, 197.10383606, 92.1617736816], [-6036.90625, 4540.93847656, 227.686340332, -198.176223755, -356.051483154, -358.417724609, -128.43661499, -84.8715209961, -156.171386719, -107.893089294, -116.751197815, -146.152557373, -84.3006515503], [-460.937042236, 227.686340332, 1786.52868652, 422.76852417, 413.879486084, 266.36050415, 244.422424316, 69.7286834717, 76.8473587036, -11.4980258942, -11.7304887772, -37.8473052979, -19.0880851746], [642.449829102, -198.176223755, 422.76852417, 829.223083496, 583.064147949, 506.051116943, 323.553405762, 187.464172363, 204.872436523, 242.510772705, 245.256744385, 113.417205811, 50.2823867798], [744.199768066, -356.051483154, 413.879486084, 583.064147949, 644.048400879, 487.315032959, 330.007415771, 180.461044312, 189.544403076, 194.132858276, 187.738128662, 111.953872681, 75.9895706177], [728.458740234, -358.417724609, 266.36050415, 506.051116943, 487.315032959, 498.340667725, 315.329956055, 186.223236084, 178.769241333, 188.331115723, 182.903915405, 106.457817078, 72.3040771484], [229.438735962, -128.43661499, 244.422424316, 323.553405762, 330.007415771, 315.329956055, 292.237457275, 175.440689087, 147.684661865, 131.436767578, 114.706962585, 66.1145324707, 56.050693512], [158.459259033, -84.8715209961, 69.7286834717, 187.464172363, 180.461044312, 186.223236084, 175.440689087, 190.771972656, 153.863677979, 106.160369873, 80.0323562622, 43.0550537109, 35.623626709], [151.874633789, -156.171386719, 76.8473587036, 204.872436523, 189.544403076, 178.769241333, 147.684661865, 153.863677979, 202.960235596, 159.18460083, 114.761863708, 52.1058197021, 29.8596191406], [24.1424636841, -107.893089294, -11.4980258942, 242.510772705, 194.132858276, 188.331115723, 131.436767578, 106.160369873, 159.18460083, 236.354660034, 191.558883667, 86.2908782959, 37.1281890869], [82.6996612549, -116.751197815, -11.7304887772, 245.256744385, 187.738128662, 182.903915405, 114.706962585, 80.0323562622, 114.761863708, 191.558883667, 220.286651611, 111.042549133, 44.0161247253], [197.10383606, -146.152557373, -37.8473052979, 113.417205811, 111.953872681, 106.457817078, 66.1145324707, 43.0550537109, 52.1058197021, 86.2908782959, 111.042549133, 121.815513611, 76.1697845459], [92.1617736816, -84.3006515503, -19.0880851746, 50.2823867798, 75.9895706177, 72.3040771484, 56.050693512, 35.623626709, 29.8596191406, 37.1281890869, 44.0161247253, 76.1697845459, 114.641181946]],
