{
"lowlevel": {
    "average_loudness": 0.816931903362,
    "barkbands_crest": {
        "dmean": 2.29373860359,
        "dmean2": 3.77137899399,
        "dvar": 3.87038755417,
        "dvar2": 10.2505025864,
        "max": 25.3028507233,
        "mean": 11.0241575241,
        "median": 10.4096870422,
        "min": 3.73947453499,
        "var": 12.5483551025
    },
    "barkbands_flatness_db": {
        "dmean": 0.0160237271339,
        "dmean2": 0.0259107016027,
        "dvar": 0.000194204185391,
        "dvar2": 0.000491945596877,
        "max": 0.450470179319,
        "mean": 0.264774143696,
        "median": 0.257363259792,
        "min": 0.0624182261527,
        "var": 0.00495967641473
    },
    "barkbands_kurtosis": {
        "dmean": 1.27312743664,
        "dmean2": 2.092202425,
        "dvar": 2.51267719269,
        "dvar2": 6.38958978653,
        "max": 56.2063522339,
        "mean": 2.00279760361,
        "median": 1.24353075027,
        "min": -1.87897896767,
        "var": 9.86768817902
    },
    "barkbands_skewness": {
        "dmean": 0.417665332556,
        "dmean2": 0.672288537025,
        "dvar": 0.120035417378,
        "dvar2": 0.308244466782,
        "max": 6.4519276619,
        "mean": 0.555649340153,
        "median": 0.504028081894,
        "min": -3.0101890564,
        "var": 0.716526150703
    },
    "barkbands_spread": {
        "dmean": 1.18692004681,
        "dmean2": 1.94773006439,
        "dvar": 1.26119089127,
        "dvar2": 3.30204510689,
        "max": 42.4980545044,
        "mean": 6.64117717743,
        "median": 6.46871376038,
        "min": 0.918517887592,
        "var": 4.99359846115
    },
    "dissonance": {
        "dmean": 0.0378577522933,
        "dmean2": 0.0645389407873,
        "dvar": 0.00105525681283,
        "dvar2": 0.00297570833936,
        "max": 0.499993443489,
        "mean": 0.419707894325,
        "median": 0.427214533091,
        "min": 0.195791512728,
        "var": 0.00213701627217
    },
    "dynamic_complexity": 4.20231533051,
    "erbbands_crest": {
        "dmean": 3.50454998016,
        "dmean2": 5.74857139587,
        "dvar": 10.1378755569,
        "dvar2": 25.7441635132,
        "max": 33.5402183533,
        "mean": 14.2027540207,
        "median": 13.1081047058,
        "min": 2.5734295845,
        "var": 26.7811412811
    },
    "erbbands_flatness_db": {
        "dmean": 0.0179840326309,
        "dmean2": 0.0288429409266,
        "dvar": 0.000250735232839,
        "dvar2": 0.000631025643088,
        "max": 0.51291513443,
        "mean": 0.310553789139,
        "median": 0.306785732508,
        "min": 0.088655538857,
        "var": 0.00488955108449
    },
    "erbbands_kurtosis": {
        "dmean": 1.41576743126,
        "dmean2": 2.29156827927,
        "dvar": 3.65708065033,
        "dvar2": 9.20114707947,
        "max": 56.5035629272,
        "mean": 1.79266965389,
        "median": 1.03704023361,
        "min": -1.84463584423,
        "var": 8.31149959564
    },
    "erbbands_skewness": {
        "dmean": 0.362794399261,
        "dmean2": 0.573534369469,
        "dvar": 0.0997089669108,
        "dvar2": 0.246290832758,
        "max": 2.5466594696,
        "mean": 0.0641817376018,
        "median": 0.172283470631,
        "min": -5.78914165497,
        "var": 0.836260557175
    },
    "erbbands_spread": {
        "dmean": 2.244754076,
        "dmean2": 3.58529496193,
        "dvar": 3.72299218178,
        "dvar2": 9.34459590912,
        "max": 45.2663192749,
        "mean": 10.3623132706,
        "median": 9.9819316864,
        "min": 0.848827838898,
        "var": 17.1113319397
    },
    "hfc": {
        "dmean": 4.13520622253,
        "dmean2": 6.62370014191,
        "dvar": 20.9311485291,
        "dvar2": 53.0709075928,
        "max": 68.2863006592,
        "mean": 18.3452033997,
        "median": 19.3150196075,
        "min": 1.09338275232e-16,
        "var": 126.224082947
    },
    "melbands_crest": {
        "dmean": 2.78309011459,
        "dmean2": 4.5541305542,
        "dvar": 5.8540148735,
        "dvar2": 15.1625347137,
        "max": 32.414226532,
        "mean": 13.624792099,
        "median": 12.7470378876,
        "min": 1.66168653965,
        "var": 22.3860378265
    },
    "melbands_flatness_db": {
        "dmean": 0.0154082849622,
        "dmean2": 0.0251384582371,
        "dvar": 0.000205547345104,
        "dvar2": 0.000504612864461,
        "max": 0.606029927731,
        "mean": 0.376370549202,
        "median": 0.360642284155,
        "min": 0.00327012245543,
        "var": 0.00886238459498
    },
    "melbands_kurtosis": {
        "dmean": 1.29486942291,
        "dmean2": 2.11819982529,
        "dvar": 2.57065439224,
        "dvar2": 6.34803771973,
        "max": 56.7018737793,
        "mean": 1.63471925259,
        "median": 0.721030235291,
        "min": -1.89660871029,
        "var": 10.8583307266
    },
    "melbands_skewness": {
        "dmean": 0.398556321859,
        "dmean2": 0.637723922729,
        "dvar": 0.112664677203,
        "dvar2": 0.286183059216,
        "max": 6.51392889023,
        "mean": 0.747427940369,
        "median": 0.658426761627,
        "min": -2.91604876518,
        "var": 0.66184258461
    },
    "melbands_spread": {
        "dmean": 1.97563099861,
        "dmean2": 3.22240114212,
        "dvar": 5.94182014465,
        "dvar2": 12.4494552612,
        "max": 159.871673584,
        "mean": 11.2495546341,
        "median": 10.9285078049,
        "min": 1.20148777962,
        "var": 41.5140762329
    },
    "pitch_salience": {
        "dmean": 0.0576877370477,
        "dmean2": 0.095096975565,
        "dvar": 0.00238188216463,
        "dvar2": 0.00620437553152,
        "max": 0.936743021011,
        "mean": 0.55491656065,
        "median": 0.558169126511,
        "min": 0.184083551168,
        "var": 0.00911376532167
    },
    "silence_rate_20dB": {
        "dmean": 0,
        "dmean2": 0,
        "dvar": 0,
        "dvar2": 0,
        "max": 1,
        "mean": 1,
        "median": 1,
        "min": 1,
        "var": 0
    },
    "silence_rate_30dB": {
        "dmean": 0,
        "dmean2": 0,
        "dvar": 0,
        "dvar2": 0,
        "max": 1,
        "mean": 1,
        "median": 1,
        "min": 1,
        "var": 0
    },
    "silence_rate_60dB": {
        "dmean": 0.00504710618407,
        "dmean2": 0.0100950617343,
        "dvar": 0.00502273254097,
        "dvar2": 0.0128511711955,
        "max": 1,
        "mean": 0.124064259231,
        "median": 0,
        "min": 0,
        "var": 0.108661733568
    },
    "spectral_centroid": {
        "dmean": 50.6851806641,
        "dmean2": 81.5101776123,
        "dvar": 16194.7890625,
        "dvar2": 24618.5859375,
        "max": 11483.7314453,
        "mean": 601.344238281,
        "median": 585.886413574,
        "min": 229.233047485,
        "var": 214341.140625
    },
    "spectral_complexity": {
        "dmean": 1.53532969952,
        "dmean2": 2.63481116295,
        "dvar": 1.83322429657,
        "dvar2": 5.11178874969,
        "max": 27,
        "mean": 13.2271003723,
        "median": 14,
        "min": 0,
        "var": 27.7401008606
    },
    "spectral_decrease": {
        "dmean": 1.50253254283e-09,
        "dmean2": 2.42119124749e-09,
        "dvar": 2.5133899456e-18,
        "dvar2": 6.61130515233e-18,
        "max": 1.35123341195e-28,
        "mean": -8.21760171021e-09,
        "median": -8.82412454217e-09,
        "min": -2.50966643023e-08,
        "var": 2.39680297417e-17
    },
    "spectral_energy": {
        "dmean": 0.0060129230842,
        "dmean2": 0.00968343485147,
        "dvar": 4.04767997679e-05,
        "dvar2": 0.000106158535345,
        "max": 0.0981576144695,
        "mean": 0.032679066062,
        "median": 0.0351201444864,
        "min": 1.02370450893e-20,
        "var": 0.000378312950488
    },
    "spectral_energyband_high": {
        "dmean": 3.51347807737e-06,
        "dmean2": 5.65929030927e-06,
        "dvar": 5.05727994204e-11,
        "dvar2": 1.23968543764e-10,
        "max": 0.000228446617257,
        "mean": 2.42758651439e-05,
        "median": 4.06877961723e-06,
        "min": 7.1671274201e-21,
        "var": 1.07763742374e-09
    },
    "spectral_energyband_low": {
        "dmean": 0.00122051674407,
        "dmean2": 0.00206141010858,
        "dvar": 3.66799417861e-06,
        "dvar2": 9.72110501607e-06,
        "max": 0.0360724255443,
        "mean": 0.0028700074181,
        "median": 0.0018578087911,
        "min": 2.44192902953e-23,
        "var": 1.32526911329e-05
    },
    "spectral_energyband_middle_high": {
        "dmean": 0.00318931764923,
        "dmean2": 0.00512516917661,
        "dvar": 1.26888353407e-05,
        "dvar2": 3.18577804137e-05,
        "max": 0.0496667213738,
        "mean": 0.00808293558657,
        "median": 0.00722296023741,
        "min": 1.2826745033e-21,
        "var": 3.81596328225e-05
    },
    "spectral_energyband_middle_low": {
        "dmean": 0.00537545559928,
        "dmean2": 0.00861635245383,
        "dvar": 3.5783432395e-05,
        "dvar2": 9.31274844334e-05,
        "max": 0.0935594514012,
        "mean": 0.0246908571571,
        "median": 0.0250713378191,
        "min": 1.79028814375e-22,
        "var": 0.000254480692092
    },
    "spectral_entropy": {
        "dmean": 0.121775485575,
        "dmean2": 0.197992831469,
        "dvar": 0.0123450625688,
        "dvar2": 0.0300745945424,
        "max": 9.81902217865,
        "mean": 6.20286798477,
        "median": 6.24606466293,
        "min": 4.7032995224,
        "var": 0.20710657537
    },
    "spectral_flux": {
        "dmean": 0.0168458689004,
        "dmean2": 0.0286742970347,
        "dvar": 0.000265532667981,
        "dvar2": 0.00076400738908,
        "max": 0.188903003931,
        "mean": 0.0683875009418,
        "median": 0.0718839168549,
        "min": 6.30078489383e-11,
        "var": 0.0010928196134
    },
    "spectral_kurtosis": {
        "dmean": 13.8753986359,
        "dmean2": 23.6671714783,
        "dvar": 258.430725098,
        "dvar2": 732.484375,
        "max": 290.541625977,
        "mean": 70.2887573242,
        "median": 47.1828613281,
        "min": -1.248072505,
        "var": 3040.41455078
    },
    "spectral_rms": {
        "dmean": 0.000490816659294,
        "dmean2": 0.000788838369772,
        "dvar": 2.19656087097e-07,
        "dvar2": 5.79624668262e-07,
        "max": 0.00978588405997,
        "mean": 0.00521200383082,
        "median": 0.00585350766778,
        "min": 3.16027867937e-12,
        "var": 4.71685598313e-06
    },
    "spectral_rolloff": {
        "dmean": 86.2885818481,
        "dmean2": 154.090911865,
        "dvar": 70416.90625,
        "dvar2": 120954.242188,
        "max": 19401.4160156,
        "mean": 858.096252441,
        "median": 818.26171875,
        "min": 193.798828125,
        "var": 679841.1875
    },
    "spectral_skewness": {
        "dmean": 0.75199007988,
        "dmean2": 1.30378770828,
        "dvar": 0.610401451588,
        "dvar2": 1.80438053608,
        "max": 13.168296814,
        "mean": 5.94042634964,
        "median": 5.11649703979,
        "min": -0.0623419806361,
        "var": 5.41891479492
    },
    "spectral_spread": {
        "dmean": 219575.921875,
        "dmean2": 381630.625,
        "dvar": 234717478912,
        "dvar2": 373629714432,
        "max": 41720072,
        "mean": 1654679.125,
        "median": 1374721.5,
        "min": 334676.53125,
        "var": 3.38261573632e+12
    },
    "spectral_strongpeak": {
        "dmean": 0.751651406288,
        "dmean2": 1.2596758604,
        "dvar": 0.894899785519,
        "dvar2": 2.21639227867,
        "max": 10.7150707245,
        "mean": 1.89913535118,
        "median": 1.71460318565,
        "min": 0,
        "var": 1.92849683762
    },
    "zerocrossingrate": {
        "dmean": 0.00256002647802,
        "dmean2": 0.00347670866176,
        "dvar": 4.12455883634e-05,
        "dvar2": 6.84860206093e-05,
        "max": 0.5185546875,
        "mean": 0.0307793375105,
        "median": 0.02978515625,
        "min": 0.0087890625,
        "var": 0.000478397269035
    },
    "barkbands": {
        "dmean": [1.28196979858e-05, 0.000564852147363, 0.000639003294054, 0.000732901855372, 0.00152287143283, 0.00102346320637, 0.00237840251066, 0.000800413428806, 0.000656179850921, 0.00444434676319, 0.000196174005396, 0.000371684029233, 0.000595084042288, 4.24424833909e-05, 6.30175854894e-05, 2.42232435994e-05, 1.32491240947e-05, 4.65423909191e-06, 2.62826756625e-06, 8.26958682865e-07, 9.7784470654e-07, 5.91580999298e-07, 3.56615231567e-07, 9.19140461519e-07, 1.05577839804e-06, 6.52519588584e-07, 4.0247942934e-07],
        "dmean2": [2.25605126616e-05, 0.000980023527518, 0.00105021474883, 0.00126004440244, 0.00253799301572, 0.0016936607426, 0.00369737460278, 0.00104712648317, 0.00106856075581, 0.00712479371578, 0.000309649767587, 0.000588170310948, 0.000992588582449, 7.14152556611e-05, 0.000101750752947, 3.87126674468e-05, 2.09359604924e-05, 7.51275683797e-06, 4.3802961045e-06, 1.38380028147e-06, 1.63992183388e-06, 1.00643421774e-06, 5.98186318257e-07, 1.47242531057e-06, 1.71709257302e-06, 1.03990919342e-06, 6.50079073239e-07],
        "dvar": [1.30844068913e-09, 7.41269388982e-07, 1.60425270224e-06, 2.4784346806e-06, 4.9225022849e-06, 2.48524725066e-06, 1.06732022687e-05, 1.46155241509e-06, 7.75319222157e-07, 2.95588015433e-05, 1.63205058357e-07, 3.42391132335e-07, 1.10562064037e-06, 4.74550754248e-09, 1.55971591198e-08, 2.79429035466e-09, 1.77473447049e-09, 2.50132220492e-10, 6.22183277121e-11, 2.70042365205e-12, 5.21871521691e-12, 1.89392273565e-12, 7.0496332296e-13, 5.5661339253e-12, 5.88841735788e-12, 1.90879560422e-12, 5.26761522856e-13],
        "dvar2": [3.51867401882e-09, 2.26145857596e-06, 3.87013596992e-06, 6.91616787662e-06, 1.35686996146e-05, 6.80932998876e-06, 3.03323467961e-05, 2.32219645113e-06, 1.8779654738e-06, 7.3082948802e-05, 3.17543879191e-07, 7.79982769927e-07, 2.97369979307e-06, 1.28309567415e-08, 3.61754430855e-08, 6.52692744296e-09, 3.58348994922e-09, 5.67385749495e-10, 1.72016637046e-10, 7.09269015048e-12, 1.42896484576e-11, 5.33127448438e-12, 1.92621721525e-12, 1.25124589509e-11, 1.39892047599e-11, 4.35214538019e-12, 1.26339054236e-12],
        "max": [0.000722696888261, 0.00827385485172, 0.028857447207, 0.0238444656134, 0.031702876091, 0.073676019907, 0.0631517991424, 0.0353753603995, 0.0251574683934, 0.0722358226776, 0.020969895646, 0.0130036640912, 0.0209853667766, 0.00145317264833, 0.00285658868961, 0.00171965092886, 0.00288260425441, 0.000731444975827, 0.000322046340443, 4.02378173021e-05, 8.65329348017e-05, 4.65878110845e-05, 3.29728027282e-05, 7.38334783819e-05, 7.69878024585e-05, 6.24055028311e-05, 2.36333962675e-05],
        "mean": [1.11960835056e-05, 0.00100513233338, 0.00117598648649, 0.00128127844073, 0.00391670735553, 0.00366855482571, 0.00651600165293, 0.003032366978, 0.00127048033755, 0.00840249005705, 0.00043283161358, 0.000652961083688, 0.000946037354879, 9.25262283999e-05, 0.000138208110002, 5.63315588806e-05, 3.45180851582e-05, 1.22416713566e-05, 7.73143256083e-06, 2.31976582654e-06, 3.43732358488e-06, 2.20598053602e-06, 1.41968712342e-06, 3.83348742616e-06, 6.56997144688e-06, 3.6907458707e-06, 2.07618882087e-06],
        "median": [2.20719994104e-06, 0.00061170803383, 0.000490385631565, 0.000474551459774, 0.0025795721449, 0.001902751741, 0.00397282931954, 0.00103728508111, 0.000806262367405, 0.0061450493522, 0.00020921023679, 0.000364626263035, 0.000501647766214, 5.44436079508e-05, 5.41657791473e-05, 2.27712280321e-05, 1.00447041405e-05, 4.15526392317e-06, 2.16871717384e-06, 7.38335302231e-07, 3.94707001306e-07, 1.74590709889e-07, 8.35828615209e-08, 8.02237565267e-08, 2.33596779253e-07, 1.61128707532e-06, 8.27446967833e-07],
        "min": [8.44546990951e-25, 7.19713056055e-25, 1.24710271089e-24, 2.69880576666e-24, 4.5941302745e-24, 3.33764958518e-24, 8.60048265511e-24, 1.45006944316e-23, 1.35232373944e-23, 1.3921750991e-23, 3.35849925779e-23, 1.94665075657e-23, 3.49541237878e-23, 5.20300656885e-23, 6.03503015628e-23, 6.90015497837e-23, 9.07598734062e-23, 1.38485478545e-22, 1.34886606743e-22, 1.50607834655e-22, 2.52010514524e-22, 3.63165888074e-22, 4.97144989232e-22, 6.33880307283e-22, 8.681040405e-22, 1.38095309203e-21, 1.96013552595e-21],
        "var": [1.06083497542e-09, 1.3652393136e-06, 5.22874142916e-06, 5.93343247601e-06, 1.84661148523e-05, 3.8162288547e-05, 5.43454334547e-05, 2.15971558646e-05, 2.65290054813e-06, 7.1421454777e-05, 8.40821485326e-07, 8.51341781072e-07, 1.8451695496e-06, 1.43315226353e-08, 5.42327214248e-08, 1.02334904994e-08, 9.79428982362e-09, 9.31596799703e-10, 3.33475386194e-10, 1.10391695785e-11, 5.33762582744e-11, 2.05724361158e-11, 7.61741190958e-12, 4.61293121756e-11, 1.09897257961e-10, 2.64164384811e-11, 7.17848263471e-12]
    },
    "erbbands": {
        "dmean": [0.00787008367479, 0.156502380967, 0.636200904846, 1.56664597988, 3.62125301361, 6.20774936676, 6.60205078125, 9.9755821228, 31.0835876465, 21.6263008118, 13.8155508041, 15.4302911758, 144.602005005, 80.0431518555, 6.91528367996, 18.6343574524, 25.8351364136, 7.98856258392, 3.53428983688, 1.52871072292, 1.12360227108, 0.471692413092, 0.304353117943, 0.158461853862, 0.121049173176, 0.0401266552508, 0.0418849028647, 0.0304481070489, 0.0269187018275, 0.0119976745918, 0.0108511643484, 0.0138797378168, 0.0191088356078, 0.013139070943, 0.0080470200628, 0.003578646807, 0.00114750128705, 0.000327725341776, 5.44595059182e-05, 1.00701799965e-05],
        "dmean2": [0.0139474496245, 0.270480424166, 1.0761077404, 2.6518266201, 6.27477216721, 10.0823297501, 9.85777568817, 17.0372085571, 45.649936676, 32.748588562, 19.5319957733, 23.9456005096, 232.618362427, 128.043899536, 11.2043609619, 29.4436092377, 43.0851707458, 13.3644552231, 5.740046978, 2.4449133873, 1.79083013535, 0.755673468113, 0.484030455351, 0.261875808239, 0.20175331831, 0.0665284618735, 0.0705353990197, 0.0508216582239, 0.0459385290742, 0.0204609166831, 0.0183149538934, 0.0225392933935, 0.0308225043118, 0.0214801579714, 0.0132599985227, 0.00569371320307, 0.00184652220923, 0.00053538242355, 8.96369383554e-05, 1.62638916663e-05],
        "dvar": [0.000141670971061, 0.0588943883777, 1.44264531136, 10.3470468521, 36.6856651306, 103.854125977, 108.463874817, 295.099212646, 1669.07116699, 853.443786621, 474.199066162, 434.96307373, 42027.6523438, 10446.3837891, 77.878692627, 877.378051758, 2032.68762207, 172.955581665, 51.6423492432, 8.14094734192, 5.07558679581, 1.84592735767, 1.45946121216, 0.141932740808, 0.1902731359, 0.00731182098389, 0.00978091917932, 0.0067200162448, 0.00466238567606, 0.000799078785349, 0.0007671508356, 0.00182284228504, 0.00244892342016, 0.000825358671136, 0.000339931983035, 6.75277551636e-05, 4.46243939223e-06, 4.50676509445e-07, 1.20182734875e-08, 1.82764026135e-10],
        "dvar2": [0.000432652508607, 0.180133983493, 3.76105308533, 27.7770385742, 105.007759094, 249.200927734, 223.679214478, 821.778076172, 4164.02294922, 2151.46484375, 897.815429688, 930.619750977, 103200.789062, 25434.0859375, 197.359176636, 1993.86877441, 5443.62402344, 468.019775391, 120.725669861, 18.4609298706, 11.8023757935, 4.01842832565, 3.2387213707, 0.371493428946, 0.520747184753, 0.0185125805438, 0.0270794089884, 0.0178794525564, 0.0129619501531, 0.00227724201977, 0.00208480446599, 0.00424367003143, 0.00554560450837, 0.00203811144456, 0.000831463781651, 0.000156043432071, 1.06092684291e-05, 1.05685091967e-06, 3.01723588336e-08, 4.37991587443e-10],
        "max": [0.212037175894, 2.71637701988, 28.7178096771, 58.7926864624, 108.448371887, 176.263641357, 309.74105835, 898.153564453, 948.873474121, 656.381835938, 626.538024902, 715.240722656, 2851.33837891, 1655.13525391, 189.285064697, 670.996337891, 894.937438965, 267.277648926, 170.212539673, 79.0919342041, 86.1286239624, 77.7649993896, 50.3224182129, 12.0226697922, 20.239364624, 2.34288024902, 3.90629243851, 3.1750562191, 2.42871618271, 1.23746085167, 1.1127717495, 2.46098327637, 1.53497970104, 0.84731310606, 0.555926263332, 0.268249094486, 0.080811329186, 0.0400933474302, 0.00380534143187, 0.000365712214261],
        "mean": [0.0137370647863, 0.288257539272, 1.22849726677, 3.19529342651, 7.38293600082, 14.7157459259, 23.8268089294, 34.4481964111, 97.4123764038, 71.8097381592, 46.8271369934, 37.9649047852, 237.076919556, 141.655273438, 18.7415828705, 33.3781433105, 42.9670677185, 15.0578279495, 7.74138832092, 4.26113414764, 2.94995164871, 1.41001284122, 0.843582332134, 0.50822532177, 0.333876907825, 0.121864922345, 0.131709590554, 0.113754220307, 0.0974113196135, 0.0418608635664, 0.0425519570708, 0.0616964101791, 0.0806817933917, 0.077046521008, 0.0442083701491, 0.0175147242844, 0.00628091348335, 0.00173007079866, 0.000301421212498, 6.61872982164e-05],
        "median": [0.00950089562684, 0.177552908659, 0.605594873428, 1.42430245876, 3.67994999886, 7.90484714508, 12.8325204849, 15.0293645859, 59.228302002, 44.6141471863, 21.1709480286, 26.2985668182, 134.653198242, 99.7655181885, 15.2410116196, 18.7011432648, 24.1679897308, 9.95882129669, 3.52939128876, 1.93412458897, 1.25340640545, 0.560220241547, 0.281103312969, 0.151152431965, 0.0922867879272, 0.0369125269353, 0.0204521529377, 0.0122384913266, 0.00685250619426, 0.00357372360304, 0.00236804247834, 0.00175830593798, 0.00124825793318, 0.00155115243979, 0.00213990337215, 0.00286252424121, 0.00369576923549, 0.00107280083466, 0.000113537316793, 5.374268585e-05],
        "min": [3.85371173975e-23, 3.05813554563e-22, 2.91730284617e-21, 6.28565136684e-21, 1.12846556026e-20, 1.53224367886e-20, 1.10671415135e-19, 5.64712262157e-20, 2.39377694069e-19, 3.11502415111e-19, 3.67320020009e-19, 4.86196963423e-19, 5.85865247899e-19, 1.05112384017e-18, 1.77805161005e-18, 1.21651488134e-18, 1.51665674622e-18, 2.66830474431e-18, 2.08212547797e-18, 4.74350734095e-18, 4.99896304798e-18, 5.90010849654e-18, 7.385233945e-18, 7.16209783886e-18, 7.08595172757e-18, 7.66571269274e-18, 8.83871766707e-18, 1.22421258276e-17, 1.25794360194e-17, 1.43188636715e-17, 1.42670044102e-17, 1.11503557797e-17, 1.06110166495e-17, 8.30370303713e-18, 6.12491964342e-18, 4.76821646661e-18, 2.34332533398e-18, 1.04286857766e-18, 2.62677252274e-19, 3.06785747248e-20],
        "var": [0.000226308577112, 0.111523039639, 4.37457227707, 30.9493732452, 113.658149719, 382.475982666, 885.11541748, 5534.35400391, 12285.1083984, 6903.13525391, 4366.86621094, 2073.39477539, 87239.1875, 23030.5957031, 309.465454102, 2187.2265625, 3475.14233398, 327.693145752, 156.819992065, 39.3937683105, 21.9845962524, 10.1622886658, 5.4766368866, 1.01658737659, 0.841060340405, 0.0328440703452, 0.0620227940381, 0.0735215693712, 0.0493712536991, 0.00497885560617, 0.00742930406705, 0.0156438220292, 0.0210680980235, 0.015015438199, 0.00486414600164, 0.000776178378146, 6.98039730196e-05, 5.68997438677e-06, 1.73908887291e-07, 2.95102542403e-09]
    },
    "gfcc": {
        "mean": [-106.287460327, 180.623016357, -95.4664840698, -64.5513534546, -35.5365066528, -9.42496967316, -28.0150318146, -1.46814024448, -29.7428264618, 2.57036828995, -19.1329250336, 2.91678595543, -10.2106323242],
        "cov": [[17895.0976562, -2661.32495117, -488.980895996, 1466.5222168, -2125.7097168, 1470.33178711, -545.580078125, 902.506652832, 848.566955566, 258.985839844, 438.258636475, -585.82232666, 467.464202881], [-2661.32495117, 1891.4876709, 292.186218262, -846.327880859, 817.449584961, -407.145355225, 489.275360107, -324.690826416, -282.90322876, -101.98034668, -202.337615967, 136.867462158, -217.221038818], [-488.980895996, 292.186218262, 329.149078369, -70.5394515991, 111.221855164, 86.6853027344, 84.5160751343, -50.4664840698, -53.3690605164, -63.0202713013, 7.49388551712, 7.08037853241, -24.5154361725], [1466.5222168, -846.327880859, -70.5394515991, 686.952697754, -495.774261475, 354.985900879, -238.472076416, 159.958770752, 221.362640381, -25.070104599, 187.41708374, -123.700668335, 176.452911377], [-2125.7097168, 817.449584961, 111.221855164, -495.774261475, 599.670166016, -329.237518311, 233.482528687, -159.288650513, -198.613586426, 29.2978153229, -159.356796265, 142.88571167, -174.71043396], [1470.33178711, -407.145355225, 86.6853027344, 354.985900879, -329.237518311, 406.579956055, -96.1550598145, 96.4482650757, 112.146133423, -56.9285736084, 139.350799561, -135.740661621, 114.087585449], [-545.580078125, 489.275360107, 84.5160751343, -238.472076416, 233.482528687, -96.1550598145, 256.44241333, -39.6041793823, -49.8964614868, -35.1311264038, -87.024597168, 48.5506095886, -84.5840072632], [902.506652832, -324.690826416, -50.4664840698, 159.958770752, -159.288650513, 96.4482650757, -39.6041793823, 168.125915527, 107.662780762, 39.9156723022, 31.2982139587, -40.1936759949, 34.951385498], [848.566955566, -282.90322876, -53.3690605164, 221.362640381, -198.613586426, 112.146133423, -49.8964614868, 107.662780762, 190.213562012, 37.2836151123, 71.3488235474, -56.3901939392, 46.5903015137], [258.985839844, -101.98034668, -63.0202713013, -25.070104599, 29.2978153229, -56.9285736084, -35.1311264038, 39.9156723022, 37.2836151123, 157.443283081, 10.4383440018, 17.9823532104, -32.3004226685], [438.258636475, -202.337615967, 7.49388551712, 187.41708374, -159.356796265, 139.350799561, -87.024597168, 31.2982139587, 71.3488235474, 10.4383440018, 142.115386963, -26.4837093353, 57.092124939], [-585.82232666, 136.867462158, 7.08037853241, -123.700668335, 142.88571167, -135.740661621, 48.5506095886, -40.1936759949, -56.3901939392, 17.9823532104, -26.4837093353, 126.879898071, -26.2270431519], [467.464202881, -217.221038818, -24.5154361725, 176.452911377, -174.71043396, 114.087585449, -84.5840072632, 34.951385498, 46.5903015137, -32.3004226685, 57.092124939, -26.2270431519, 131.439819336]],
        "icov": [[0.000167920850799, -0.000263513677055, 0.000263948400971, 8.9235829364e-05, 0.000856642669532, -0.000779886089731, 6.43233797746e-05, -0.000328513706336, 5.17216176377e-05, -0.000603928114288, 0.000614542979747, -0.000495260697789, 0.000308567134198], [-0.000263513677055, 0.00404143566266, -0.00145510176662, 0.00211855419911, -0.00422234553844, 0.0028876492288, -0.00347560760565, 0.00293286540546, -0.00141630682629, 0.00264254654758, -0.0040237326175, 0.00423232233152, -0.00289093866013], [0.000263948400971, -0.00145510176662, 0.00604623788968, 0.000184961259947, 0.000141395750688, -0.00551828742027, 0.00103090400808, -0.000644179061055, 0.000169359584106, 0.000112145615276, 0.00136022688821, -0.00325797242112, 0.00207498017699], [8.9235829364e-05, 0.00211855419911, 0.000184961259947, 0.00739260809496, -0.000904548098333, -0.00196761544794, 0.000853557954542, 0.000385682826163, -0.00435292627662, 0.00268712081015, -0.00263648410328, 0.000698819523677, -0.00226582307369], [0.000856642669532, -0.00422234553844, 0.000141395750688, -0.000904548098333, 0.0148510038853, -0.00260805943981, -0.000454377266578, -0.00146444968414, 0.00426096562296, -0.00714570004493, 0.00656989775598, -0.00669520627707, 0.0058608930558], [-0.000779886089731, 0.0028876492288, -0.00551828742027, -0.00196761544794, -0.00260805943981, 0.0159884914756, -0.00482367072254, 0.000358229997801, 0.00233411206864, 0.00351993786171, -0.00958902854472, 0.0111889084801, -0.00495037157089], [6.43233797746e-05, -0.00347560760565, 0.00103090400808, 0.000853557954542, -0.000454377266578, -0.00482367072254, 0.0133082913235, -0.00377811165527, -0.00364516186528, 0.00256678229198, 0.00557941570878, -0.00600065523759, 0.0045274621807], [-0.000328513706336, 0.00293286540546, -0.000644179061055, 0.000385682826163, -0.00146444968414, 0.000358229997801, -0.00377811165527, 0.0142800230533, -0.00473707169294, -0.00128559395671, 0.00073453981895, 0.00160282687284, -0.0017446767306], [5.17216176377e-05, -0.00141630682629, 0.000169359584106, -0.00435292627662, 0.00426096562296, 0.00233411206864, -0.00364516186528, -0.00473707169294, 0.0150338253006, -0.00466840388253, -0.00228996970691, 0.00214690295979, 0.000849208852742], [-0.000603928114288, 0.00264254654758, 0.000112145615276, 0.00268712081015, -0.00714570004493, 0.00351993786171, 0.00256678229198, -0.00128559395671, -0.00466840388253, 0.0144310444593, -0.00611397298053, 0.00213649054058, 0.00065191561589], [0.000614542979747, -0.0040237326175, 0.00136022688821, -0.00263648410328, 0.00656989775598, -0.00958902854472, 0.00557941570878, 0.00073453981895, -0.00228996970691, -0.00611397298053, 0.0211536921561, -0.010034751147, 0.0035273632966], [-0.000495260697789, 0.00423232233152, -0.00325797242112, 0.000698819523677, -0.00669520627707, 0.0111889084801, -0.00600065523759, 0.00160282687284, 0.00214690295979, 0.00213649054058, -0.010034751147, 0.021248858422, -0.00732614425942], [0.000308567134198, -0.00289093866013, 0.00207498017699, -0.00226582307369, 0.0058608930558, -0.00495037157089, 0.0045274621807, -0.0017446767306, 0.000849208852742, 0.00065191561589, 0.0035273632966, -0.00732614425942, 0.0174915995449]]
    },
    "melbands": {
        "dmean": [0.000114758135169, 0.000283689209027, 0.000293723598588, 0.000386534287827, 0.000210283280467, 0.000206981087103, 0.000506250420585, 0.000219487206778, 0.00010058843327, 0.000127343548229, 0.000717675371561, 0.000350474059815, 2.11604656215e-05, 4.28241219197e-05, 2.56208386418e-05, 7.86124219303e-05, 6.80067114445e-06, 5.415407486e-06, 3.33919433615e-06, 2.1839218789e-06, 1.26100701436e-06, 6.01277292844e-07, 4.52675180895e-07, 2.10358336972e-07, 1.37766804187e-07, 1.24430485471e-07, 4.45841124019e-08, 2.59264876235e-08, 2.80104579531e-08, 3.45318156292e-08, 1.27142332218e-08, 1.7415718645e-08, 1.24921308853e-08, 5.7422528954e-09, 6.71846844824e-09, 7.98320698436e-09, 1.08588098513e-08, 1.68695173386e-08, 1.26140120571e-08, 1.13135998348e-08],
        "dmean2": [0.000200735608814, 0.000480775284814, 0.000499329471495, 0.000648663844913, 0.000319477519952, 0.000351297057932, 0.000765179283917, 0.000324499269482, 0.000144393037772, 0.000201140544959, 0.00115452334285, 0.000560777145438, 3.41995037161e-05, 6.7766464781e-05, 4.10008760809e-05, 0.000131341352244, 1.14791628221e-05, 8.83819848241e-06, 5.32111107532e-06, 3.46654383065e-06, 2.01185616788e-06, 9.62301101026e-07, 7.15118403605e-07, 3.41493006317e-07, 2.29015213904e-07, 2.06998990393e-07, 7.41336592114e-08, 4.33187921089e-08, 4.73687364888e-08, 5.78960843711e-08, 2.11921573623e-08, 2.97754656486e-08, 2.10841744064e-08, 9.76296554711e-09, 1.13401625867e-08, 1.32681403642e-08, 1.75636021282e-08, 2.71154654286e-08, 2.05623980065e-08, 1.84372694889e-08],
        "dvar": [2.90013435489e-08, 2.45583265723e-07, 2.99656733205e-07, 3.62680736998e-07, 9.50351335405e-08, 1.19513629215e-07, 4.61679036334e-07, 9.07674433392e-08, 2.60994035273e-08, 2.86419226114e-08, 1.02761532617e-06, 2.0488155883e-07, 1.10069064974e-09, 4.39569047828e-09, 1.33700661653e-09, 2.06601526997e-08, 9.90286116997e-11, 1.179918524e-10, 4.54217115309e-11, 2.42468718714e-11, 7.43243747797e-12, 2.67752985582e-12, 4.45303733124e-12, 3.68991539797e-13, 1.18869703577e-13, 2.09704744346e-13, 9.16102554872e-15, 3.31891627997e-15, 5.0773611254e-15, 7.23059595732e-15, 1.32181736056e-15, 1.90672346855e-15, 1.16162913656e-15, 1.5067650723e-16, 2.79820695787e-16, 6.26611204517e-16, 1.19290201649e-15, 2.21203924725e-15, 1.23185187365e-15, 5.91335882154e-16],
        "dvar2": [8.79162698197e-08, 6.71634325045e-07, 7.9867606928e-07, 9.94804395305e-07, 2.07268143981e-07, 3.33568806354e-07, 1.24005373436e-06, 1.99453694449e-07, 4.97947993949e-08, 6.56903935692e-08, 2.52464974437e-06, 4.98493704981e-07, 2.45721376579e-09, 1.00965040772e-08, 3.14829140535e-09, 5.55385710754e-08, 2.69657213225e-10, 2.79024886529e-10, 1.00919606005e-10, 5.48610670781e-11, 1.601970466e-11, 5.38046386958e-12, 9.86770127415e-12, 8.51328068371e-13, 3.11140165282e-13, 5.68202548814e-13, 2.44723437749e-14, 8.44650582387e-15, 1.40716296037e-14, 1.90425474868e-14, 3.57449089587e-15, 5.27806854686e-15, 3.1014966867e-15, 4.38993936095e-16, 7.71321224901e-16, 1.60195201441e-15, 2.7682868425e-15, 4.93314317822e-15, 2.84173942211e-15, 1.44207126336e-15],
        "max": [0.00213186233304, 0.0110302530229, 0.00842441245914, 0.00866219867021, 0.00852422602475, 0.0175250303, 0.0146332494915, 0.00797402951866, 0.00475249998271, 0.00490636751056, 0.0140892397612, 0.00737200584263, 0.00135805772152, 0.00144728214946, 0.000804260605946, 0.00287544261664, 0.000173860549694, 0.00025239479146, 0.000207834411412, 0.000161916803336, 0.000154282606672, 0.000115387352707, 0.000104206585092, 2.69077172561e-05, 1.10092505565e-05, 2.08074925467e-05, 3.81856852982e-06, 1.58556201768e-06, 2.46370291279e-06, 3.187816219e-06, 1.50935863985e-06, 1.32759748794e-06, 1.66829352111e-06, 2.31697043773e-07, 6.71330610658e-07, 1.19242520213e-06, 1.72295938228e-06, 1.63738047831e-06, 1.20921572488e-06, 1.03443619537e-06],
        "mean": [0.000208769430174, 0.000566690578125, 0.000624745036475, 0.000842121138703, 0.000762950861827, 0.000701763201505, 0.00149009795859, 0.000753631815314, 0.000315977289574, 0.00026550918119, 0.00118223449681, 0.000584802415688, 5.01784634253e-05, 7.7595381299e-05, 5.52063247596e-05, 0.00011698633898, 1.41475902637e-05, 1.11013960122e-05, 8.04168757895e-06, 5.04269246449e-06, 3.09732968162e-06, 1.58715999987e-06, 1.06878621864e-06, 5.60335422506e-07, 3.84024360756e-07, 3.102174162e-07, 1.19638912111e-07, 6.70269741931e-08, 7.0525587148e-08, 1.06400783295e-07, 4.33431992519e-08, 5.61733841664e-08, 3.9760323034e-08, 1.67915494842e-08, 2.08524717493e-08, 3.1294980829e-08, 4.28425082077e-08, 6.06632397648e-08, 5.81531054422e-08, 6.27155998245e-08],
        "median": [0.00013705487072, 0.000318864418659, 0.000297030899674, 0.000407353887567, 0.000475705455756, 0.000310902192723, 0.000899054401089, 0.000407059007557, 0.000139024486998, 0.000170136190718, 0.00067763926927, 0.000389504915802, 3.30744260282e-05, 4.55739827885e-05, 3.72318863811e-05, 5.59613654332e-05, 9.74582144408e-06, 4.91844821227e-06, 3.35016557074e-06, 1.84132613867e-06, 1.22599817587e-06, 5.71232988023e-07, 2.86868328203e-07, 1.89449650634e-07, 1.08491946094e-07, 7.50594324472e-08, 3.78198805606e-08, 2.04802468318e-08, 1.35137332435e-08, 8.98381546932e-09, 6.21182572047e-09, 4.1371954751e-09, 2.33235719627e-09, 1.54869372881e-09, 1.24199317497e-09, 1.11527731494e-09, 9.71004499029e-10, 7.7225525974e-10, 8.40350233844e-10, 1.24368071397e-09],
        "min": [3.44803114455e-25, 8.57261456591e-25, 2.0079762117e-24, 5.96745122326e-25, 3.86461931949e-24, 1.1251599019e-24, 3.64066249735e-24, 3.94252012274e-24, 2.61871666325e-24, 2.94435509227e-24, 2.5798047186e-24, 3.69591392073e-24, 3.81199795837e-24, 3.26623006312e-24, 3.45083534786e-24, 4.49974030618e-24, 4.47964131361e-24, 2.88406422822e-24, 3.68488801185e-24, 3.94091439636e-24, 4.84827680348e-24, 4.36518114613e-24, 4.40552467612e-24, 6.87623624241e-24, 5.42961364808e-24, 5.17103017095e-24, 5.90963708663e-24, 4.68074680747e-24, 5.98174015666e-24, 4.99001656991e-24, 6.02211997425e-24, 5.358608278e-24, 7.79271669829e-24, 6.93770349528e-24, 6.92223708837e-24, 5.73763227714e-24, 6.95928988509e-24, 6.62271370241e-24, 7.49790202307e-24, 6.57009983548e-24],
        "var": [5.22961194349e-08, 6.81586357132e-07, 9.42732356179e-07, 1.25202075196e-06, 7.42445422475e-07, 2.08679966818e-06, 2.89113449981e-06, 9.54437496148e-07, 2.17711274786e-07, 1.08140000066e-07, 2.14119518205e-06, 4.32714642784e-07, 4.99750774097e-09, 1.10137916565e-08, 4.0487697639e-09, 3.25163718173e-08, 2.63911559273e-10, 3.37403716077e-10, 1.9621587688e-10, 8.96495516711e-11, 3.28644784997e-11, 1.49023033497e-11, 1.4696247691e-11, 1.58028267121e-12, 7.20346254434e-13, 8.99179060203e-13, 4.24264234313e-14, 1.11836783934e-14, 1.89663568732e-14, 5.80868157935e-14, 1.18834843089e-14, 1.60404272465e-14, 8.44635844014e-15, 6.63934281969e-16, 1.71836409339e-15, 5.39570109445e-15, 8.50821132704e-15, 1.4899046962e-14, 1.28965535015e-14, 9.6860004758e-15]
    },
    "mfcc": {
        "mean": [-756.708190918, 230.176513672, 2.38781762123, -30.1172485352, -5.05899477005, -7.97134780884, -1.38965117931, -4.95085525513, -2.77783751488, -5.72896432877, -3.65861701965, -4.43640470505, -4.9317779541],
        "cov": [[9567.49707031, 315.061248779, -568.72644043, -42.1396141052, 150.320129395, -390.179412842, -61.0379333496, -135.300384521, 537.025634766, 392.851348877, 480.813079834, 256.495758057, 115.777389526], [315.061248779, 2221.53881836, -219.366088867, -333.29083252, -11.9554605484, 70.5082626343, 121.724876404, 191.46937561, -11.2522821426, 74.5616531372, 15.7352638245, -38.154586792, -88.4293060303], [-568.72644043, -219.366088867, 502.165588379, -39.9323234558, 10.7042093277, 153.992462158, 111.418731689, 44.4416275024, -32.8320960999, -85.0432662964, -61.4990959167, -21.8887786865, -0.159840762615], [-42.1396141052, -333.29083252, -39.9323234558, 203.394348145, 0.541235268116, -21.2693805695, -42.891002655, -15.3215417862, 20.4696063995, 8.71843624115, 21.7797317505, 26.8751087189, 29.7055454254], [150.320129395, -11.9554605484, 10.7042093277, 0.541235268116, 88.0033187866, 10.6323785782, 3.8565557003, -32.10779953, 1.28067934513, 16.6209983826, 8.57431221008, 11.3759479523, 13.2364940643], [-390.179412842, 70.5082626343, 153.992462158, -21.2693805695, 10.6323785782, 142.009140015, 72.4360733032, 36.0799179077, -37.9176368713, -45.457408905, -31.8009605408, -14.7443399429, -13.5761880875], [-61.0379333496, 121.724876404, 111.418731689, -42.891002655, 3.8565557003, 72.4360733032, 128.779098511, 49.7763252258, -0.821363627911, -29.3472690582, -8.40037631989, -8.98835945129, 3.57016897202], [-135.300384521, 191.46937561, 44.4416275024, -15.3215417862, -32.10779953, 36.0799179077, 49.7763252258, 137.012435913, 22.4446315765, -9.63171863556, -12.4834260941, -4.60132169724, -22.750082016], [537.025634766, -11.2522821426, -32.8320960999, 20.4696063995, 1.28067934513, -37.9176368713, -0.821363627911, 22.4446315765, 118.845970154, 60.4108200073, 32.3814544678, 10.4965829849, 4.6917347908], [392.851348877, 74.5616531372, -85.0432662964, 8.71843624115, 16.6209983826, -45.457408905, -29.3472690582, -9.63171863556, 60.4108200073, 110.450698853, 64.1893997192, 22.2631778717, -0.686137497425], [480.813079834, 15.7352638245, -61.4990959167, 21.7797317505, 8.57431221008, -31.8009605408, -8.40037631989, -12.4834260941, 32.3814544678, 64.1893997192, 107.179512024, 60.5982589722, 20.2465171814], [256.495758057, -38.154586792, -21.8887786865, 26.8751087189, 11.3759479523, -14.7443399429, -8.98835945129, -4.60132169724, 10.4965829849, 22.2631778717, 60.5982589722, 87.9047164917, 44.7596244812], [115.777389526, -88.4293060303, -0.159840762615, 29.7055454254, 13.2364940643, -13.5761880875, 3.57016897202, -22.750082016, 4.6917347908, -0.686137497425, 20.2465171814, 44.7596244812, 77.1577301025]],
