{
"lowlevel": {
    "average_loudness": 0.960486233234,
    "barkbands_crest": {
        "dmean": 2.60537195206,
        "dmean2": 4.25658416748,
        "dvar": 6.28184700012,
        "dvar2": 14.5706577301,
        "max": 25.822057724,
        "mean": 11.6280355453,
        "median": 10.9779262543,
        "min": 2.98710131645,
        "var": 13.2306032181
    },
    "barkbands_flatness_db": {
        "dmean": 0.0312519073486,
        "dmean2": 0.0485988967121,
        "dvar": 0.0015380786499,
        "dvar2": 0.003681297414,
        "max": 0.532457172871,
        "mean": 0.255568653345,
        "median": 0.251007646322,
        "min": 0.0406634695828,
        "var": 0.00658328132704
    },
    "barkbands_kurtosis": {
        "dmean": 7.66945934296,
        "dmean2": 12.3730373383,
        "dvar": 296.307983398,
        "dvar2": 696.001647949,
        "max": 650.504272461,
        "mean": 14.9613161087,
        "median": 10.5970897675,
        "min": -1.89052963257,
        "var": 346.517608643
    },
    "barkbands_skewness": {
        "dmean": 0.705061435699,
        "dmean2": 1.08559429646,
        "dvar": 0.90306776762,
        "dvar2": 1.94350337982,
        "max": 22.0807132721,
        "mean": 2.69014930725,
        "median": 2.51233100891,
        "min": -3.22595334053,
        "var": 2.10510873795
    },
    "barkbands_spread": {
        "dmean": 3.20760297775,
        "dmean2": 5.17201042175,
        "dvar": 34.274017334,
        "dvar2": 76.0773620605,
        "max": 100.433990479,
        "mean": 8.18445968628,
        "median": 5.62008619308,
        "min": 0.243016809225,
        "var": 81.5766372681
    },
    "dissonance": {
        "dmean": 0.0259729046375,
        "dmean2": 0.0434614308178,
        "dvar": 0.000594492768869,
        "dvar2": 0.00163235340733,
        "max": 0.500000119209,
        "mean": 0.440061092377,
        "median": 0.449794650078,
        "min": 0.201855093241,
        "var": 0.00175042264163
    },
    "dynamic_complexity": 2.15492582321,
    "erbbands_crest": {
        "dmean": 2.72080183029,
        "dmean2": 4.39500188828,
        "dvar": 6.15831804276,
        "dvar2": 15.6748685837,
        "max": 29.6372699738,
        "mean": 11.5455799103,
        "median": 10.9182720184,
        "min": 2.33970808983,
        "var": 20.8620891571
    },
    "erbbands_flatness_db": {
        "dmean": 0.0205006636679,
        "dmean2": 0.030549749732,
        "dvar": 0.000656177813653,
        "dvar2": 0.00128888897598,
        "max": 0.466142177582,
        "mean": 0.208560541272,
        "median": 0.207132846117,
        "min": 0.0588706843555,
        "var": 0.00405866745859
    },
    "erbbands_kurtosis": {
        "dmean": 1.61695480347,
        "dmean2": 2.56907224655,
        "dvar": 6.08169698715,
        "dvar2": 14.0085067749,
        "max": 81.4802322388,
        "mean": 2.08900618553,
        "median": 0.588095903397,
        "min": -1.87119626999,
        "var": 30.7003936768
    },
    "erbbands_skewness": {
        "dmean": 0.465386033058,
        "dmean2": 0.742000281811,
        "dvar": 0.21971873939,
        "dvar2": 0.550696372986,
        "max": 6.35510349274,
        "mean": 1.11435854435,
        "median": 1.03023910522,
        "min": -2.22159457207,
        "var": 0.857110083103
    },
    "erbbands_spread": {
        "dmean": 9.71369361877,
        "dmean2": 14.5066270828,
        "dvar": 162.225143433,
        "dvar2": 316.201080322,
        "max": 166.27557373,
        "mean": 37.1146278381,
        "median": 30.8655319214,
        "min": 0.731857657433,
        "var": 583.364746094
    },
    "hfc": {
        "dmean": 4.33971834183,
        "dmean2": 6.92361068726,
        "dvar": 54.4811592102,
        "dvar2": 116.390472412,
        "max": 235.52645874,
        "mean": 15.3944406509,
        "median": 12.3561105728,
        "min": 1.21202116476e-16,
        "var": 161.934524536
    },
    "melbands_crest": {
        "dmean": 3.11033082008,
        "dmean2": 5.09708499908,
        "dvar": 7.80496644974,
        "dvar2": 20.0327320099,
        "max": 32.0852661133,
        "mean": 15.7987766266,
        "median": 15.0586328506,
        "min": 2.56117129326,
        "var": 20.8046913147
    },
    "melbands_flatness_db": {
        "dmean": 0.0351153463125,
        "dmean2": 0.0547628365457,
        "dvar": 0.00202304264531,
        "dvar2": 0.00486180791631,
        "max": 0.684696614742,
        "mean": 0.35994207859,
        "median": 0.353074222803,
        "min": 0.00777071388438,
        "var": 0.00856524612755
    },
    "melbands_kurtosis": {
        "dmean": 14.9470300674,
        "dmean2": 23.5738620758,
        "dvar": 799.535522461,
        "dvar2": 1870.62084961,
        "max": 631.219238281,
        "mean": 32.698890686,
        "median": 23.6094512939,
        "min": -1.35283279419,
        "var": 1196.67614746
    },
    "melbands_skewness": {
        "dmean": 0.916101813316,
        "dmean2": 1.38556313515,
        "dvar": 1.15278470516,
        "dvar2": 2.46944761276,
        "max": 17.1494846344,
        "mean": 3.78069019318,
        "median": 3.51829481125,
        "min": -3.73804521561,
        "var": 3.91129612923
    },
    "melbands_spread": {
        "dmean": 2.24653601646,
        "dmean2": 3.696434021,
        "dvar": 17.9178123474,
        "dvar2": 42.3931770325,
        "max": 144.647506714,
        "mean": 6.47658443451,
        "median": 4.96794176102,
        "min": 0.272516965866,
        "var": 36.0610656738
    },
    "pitch_salience": {
        "dmean": 0.0783153772354,
        "dmean2": 0.130210310221,
        "dvar": 0.00573485763744,
        "dvar2": 0.0137659553438,
        "max": 0.886988282204,
        "mean": 0.545728087425,
        "median": 0.559530258179,
        "min": 0.0705069005489,
        "var": 0.0133168287575
    },
    "silence_rate_20dB": {
        "dmean": 0,
        "dmean2": 0,
        "dvar": 0,
        "dvar2": 0,
        "max": 1,
        "mean": 1,
        "median": 1,
        "min": 1,
        "var": 0
    },
    "silence_rate_30dB": {
        "dmean": 0.0554917082191,
        "dmean2": 0.110992528498,
        "dvar": 0.0524082295597,
        "dvar2": 0.105246864259,
        "max": 1,
        "mean": 0.935073435307,
        "median": 1,
        "min": 0,
        "var": 0.06070869416
    },
    "silence_rate_60dB": {
        "dmean": 0.00213429657742,
        "dmean2": 0.00418684817851,
        "dvar": 0.002129543107,
        "dvar2": 0.00515553634614,
        "max": 1,
        "mean": 0.0218337029219,
        "median": 0,
        "min": 0,
        "var": 0.0213543716818
    },
    "spectral_centroid": {
        "dmean": 132.664993286,
        "dmean2": 223.438339233,
        "dvar": 59294.5273438,
        "dvar2": 142710.640625,
        "max": 11027.3828125,
        "mean": 488.562255859,
        "median": 397.750854492,
        "min": 119.662017822,
        "var": 104457.515625
    },
    "spectral_complexity": {
        "dmean": 2.86192750931,
        "dmean2": 4.84139251709,
        "dvar": 16.2227783203,
        "dvar2": 42.4699440002,
        "max": 46,
        "mean": 11.2470655441,
        "median": 11,
        "min": 0,
        "var": 29.8049621582
    },
    "spectral_decrease": {
        "dmean": 4.02845312664e-09,
        "dmean2": 6.42402886442e-09,
        "dvar": 2.76856970518e-17,
        "dvar2": 5.63043909689e-17,
        "max": 8.13738927599e-21,
        "mean": -1.42743621367e-08,
        "median": -1.29172370578e-08,
        "min": -5.89130522144e-08,
        "var": 6.25645600192e-17
    },
    "spectral_energy": {
        "dmean": 0.0153976902366,
        "dmean2": 0.0245461892337,
        "dvar": 0.000397571100621,
        "dvar2": 0.000810419151094,
        "max": 0.224161669612,
        "mean": 0.0552711747587,
        "median": 0.0502309314907,
        "min": 1.06994503608e-20,
        "var": 0.000911786279175
    },
    "spectral_energyband_high": {
        "dmean": 0.00027632448473,
        "dmean2": 0.000406661420129,
        "dvar": 6.78096171214e-07,
        "dvar2": 1.32966363253e-06,
        "max": 0.028019670397,
        "mean": 0.000435613037553,
        "median": 7.10299573257e-05,
        "min": 7.81118850117e-21,
        "var": 1.67106020399e-06
    },
    "spectral_energyband_low": {
        "dmean": 0.0130832782015,
        "dmean2": 0.0202437974513,
        "dvar": 0.000476507528219,
        "dvar2": 0.0009233080782,
        "max": 0.218124389648,
        "mean": 0.0295058805496,
        "median": 0.0216319933534,
        "min": 6.15755729425e-23,
        "var": 0.000852086697705
    },
    "spectral_energyband_middle_high": {
        "dmean": 0.000841375265736,
        "dmean2": 0.00138119026087,
        "dvar": 1.66050278949e-06,
        "dvar2": 4.33958257418e-06,
        "max": 0.0356003381312,
        "mean": 0.00213531497866,
        "median": 0.00145524158143,
        "min": 1.32058859728e-21,
        "var": 6.69166547596e-06
    },
    "spectral_energyband_middle_low": {
        "dmean": 0.00822547823191,
        "dmean2": 0.0139688961208,
        "dvar": 6.55488183838e-05,
        "dvar2": 0.000188814141438,
        "max": 0.105243988335,
        "mean": 0.0255296137184,
        "median": 0.0227334238589,
        "min": 3.76201808222e-22,
        "var": 0.000245574105065
    },
    "spectral_entropy": {
        "dmean": 0.270629107952,
        "dmean2": 0.425094813108,
        "dvar": 0.112356096506,
        "dvar2": 0.257967382669,
        "max": 9.80197048187,
        "mean": 6.6526222229,
        "median": 6.6396150589,
        "min": 3.9937942028,
        "var": 0.462429851294
    },
    "spectral_flux": {
        "dmean": 0.0333740636706,
        "dmean2": 0.0536080487072,
        "dvar": 0.00173332064878,
        "dvar2": 0.00432070204988,
        "max": 0.413578420877,
        "mean": 0.09981995821,
        "median": 0.0864328816533,
        "min": 1.03438146937e-10,
        "var": 0.00352108618245
    },
    "spectral_kurtosis": {
        "dmean": 6.46900987625,
        "dmean2": 10.7263307571,
        "dvar": 105.984107971,
        "dvar2": 265.837890625,
        "max": 257.778625488,
        "mean": 13.9767580032,
        "median": 9.07796001434,
        "min": -1.34979641438,
        "var": 360.330657959
    },
    "spectral_rms": {
        "dmean": 0.000971462286543,
        "dmean2": 0.00154791085515,
        "dvar": 1.13724263429e-06,
        "dvar2": 2.36566893363e-06,
        "max": 0.0147883165628,
        "mean": 0.00706285284832,
        "median": 0.00700041325763,
        "min": 3.23086501129e-12,
        "var": 4.03905505664e-06
    },
    "spectral_rolloff": {
        "dmean": 128.618179321,
        "dmean2": 228.552032471,
        "dvar": 312221.8125,
        "dvar2": 669298.1875,
        "max": 19250.6835938,
        "mean": 408.673522949,
        "median": 279.931640625,
        "min": 64.599609375,
        "var": 492898.5625
    },
    "spectral_skewness": {
        "dmean": 0.548784852028,
        "dmean2": 0.895701408386,
        "dvar": 0.46277025342,
        "dvar2": 1.14129960537,
        "max": 13.544095993,
        "mean": 2.53748822212,
        "median": 2.35786390305,
        "min": -0.0119179505855,
        "var": 1.75871908665
    },
    "spectral_spread": {
        "dmean": 504144.9375,
        "dmean2": 740525.5,
        "dvar": 692801110016,
        "dvar2": 1.08387958784e+12,
        "max": 40737636,
        "mean": 3320749.25,
        "median": 2997715.75,
        "min": 360359.28125,
        "var": 3.28622145536e+12
    },
    "spectral_strongpeak": {
        "dmean": 0.375137776136,
        "dmean2": 0.641639173031,
        "dvar": 0.189714238048,
        "dvar2": 0.465673089027,
        "max": 7.22901535034,
        "mean": 0.847671985626,
        "median": 0.625996232033,
        "min": 0,
        "var": 0.533983170986
    },
    "zerocrossingrate": {
        "dmean": 0.00603766040877,
        "dmean2": 0.00713537586853,
        "dvar": 9.93493013084e-05,
        "dvar2": 0.000102352300019,
        "max": 0.50732421875,
        "mean": 0.0240006484091,
        "median": 0.0185546875,
        "min": 0.0029296875,
        "var": 0.000438999268226
    },
    "barkbands": {
        "dmean": [0.00080641877139, 0.00954438187182, 0.00580894108862, 0.00472861761227, 0.00424302648753, 0.0023204497993, 0.000452845473774, 0.000194285486941, 0.000256207335042, 0.000187446319615, 0.000154316934641, 0.000166243698914, 0.000257094478002, 0.000113567453809, 0.00010061901412, 7.89947298472e-05, 6.50214133202e-05, 4.58210379293e-05, 5.77501814405e-05, 3.60630037903e-05, 4.02371806558e-05, 9.48646993493e-05, 6.29000205663e-05, 3.98930060328e-05, 2.96612779493e-05, 1.05131803139e-05, 4.55681947642e-06],
        "dmean2": [0.00133218697738, 0.0154031794518, 0.00932694133371, 0.00862353574485, 0.00709843169898, 0.00357248983346, 0.000687480904162, 0.000281349057332, 0.000377135002054, 0.000284090725472, 0.00023472844623, 0.00026946287835, 0.000419613788836, 0.000192471168702, 0.000169945531525, 0.000140449847095, 0.000117740513815, 8.16229876364e-05, 0.000101438163256, 6.19475104031e-05, 6.04195520282e-05, 0.000152805849211, 9.43583363551e-05, 5.82539032621e-05, 4.23116252932e-05, 1.46811526065e-05, 6.76243598718e-06],
        "dvar": [3.333899258e-06, 0.000414506270317, 9.17648358154e-05, 4.03744052164e-05, 1.81732266356e-05, 1.35939189931e-05, 1.80969493613e-06, 6.46615660571e-07, 4.68503372986e-07, 2.58277879084e-07, 2.08106470723e-07, 1.76469214352e-07, 2.06497887234e-07, 5.78383030359e-08, 4.72207730695e-08, 4.65462903776e-08, 3.09712504531e-08, 1.39516638242e-08, 1.9434652998e-08, 1.26528378885e-08, 2.01508427722e-08, 7.73688952904e-08, 4.97205441263e-08, 3.99616553182e-08, 3.80012430412e-08, 2.7399016389e-09, 3.75656700191e-10],
        "dvar2": [8.33423018776e-06, 0.000778636429459, 0.000258789019426, 0.000128355401102, 4.78858310089e-05, 3.11290568789e-05, 3.89076012652e-06, 1.47362175085e-06, 8.84835117176e-07, 5.35634626431e-07, 4.03228540335e-07, 3.95067445425e-07, 5.11553878368e-07, 1.39410957445e-07, 1.17643288888e-07, 1.29886473133e-07, 8.93698768323e-08, 3.86147682718e-08, 5.34565742782e-08, 3.43887229803e-08, 4.49246826406e-08, 1.89187659316e-07, 1.06335797057e-07, 7.29175724246e-08, 6.71643931582e-08, 5.27830712471e-09, 8.53679460455e-10],
        "max": [0.0495470315218, 0.185770183802, 0.0973734408617, 0.0686688423157, 0.0558219105005, 0.0852339118719, 0.0531723126769, 0.0541563890874, 0.0315526872873, 0.0252482630312, 0.0310412235558, 0.0230396371335, 0.0116667468101, 0.0102057680488, 0.00485222972929, 0.00562012149021, 0.00509631913155, 0.00265247188509, 0.00322133116424, 0.00185314554255, 0.00426111230627, 0.00632647285238, 0.00654989853501, 0.00626034615561, 0.0102483183146, 0.00201317411847, 0.000348497822415],
        "mean": [0.000857734121382, 0.0165457371622, 0.00982270110399, 0.00646299822256, 0.0105223413557, 0.0061585213989, 0.00115608249325, 0.000474739121273, 0.000634530384559, 0.000397757656174, 0.000349780340912, 0.000326212029904, 0.000449368642876, 0.000180829301826, 0.000160931973369, 0.000104029757495, 7.64000797062e-05, 5.69448566239e-05, 7.66704397392e-05, 4.95139247505e-05, 6.04973138252e-05, 0.000127932347823, 8.79508661455e-05, 6.33616218693e-05, 4.59240982309e-05, 1.57948215929e-05, 5.86252690482e-06],
        "median": [0.000233648825088, 0.00954605638981, 0.00608305353671, 0.00363329262473, 0.00884539168328, 0.0021540292073, 0.000197697547264, 8.07575997896e-05, 0.000104331717012, 0.000125404403661, 9.79354372248e-05, 0.000114197959192, 0.000154877037858, 7.6140393503e-05, 5.61092710996e-05, 4.71500097774e-05, 3.37785131705e-05, 2.17406795855e-05, 2.83744539047e-05, 1.44732439367e-05, 6.52670223644e-06, 3.63200979336e-06, 3.83595397579e-06, 2.51777191806e-06, 9.85659198705e-07, 2.57477552168e-07, 4.98183361231e-08],
        "min": [8.07489313156e-25, 1.47751943608e-23, 3.07243241892e-23, 4.77450426711e-23, 8.74427637868e-23, 3.94138858066e-23, 6.08148649053e-23, 4.13922416718e-23, 4.89783604321e-23, 1.87931898551e-22, 1.1067332274e-22, 4.42905829019e-23, 2.81455315791e-23, 1.42766658232e-22, 1.57535144119e-22, 8.68371394927e-23, 1.15016298634e-22, 1.00310435681e-22, 2.74446223539e-22, 1.8625253359e-22, 4.80813018895e-22, 5.83930493045e-22, 7.00285987196e-22, 9.13860093461e-22, 1.25975477447e-21, 1.54419474234e-21, 2.47306909288e-21],
        "var": [4.14004580307e-06, 0.000587777874898, 0.000119377837109, 5.66314774915e-05, 5.68649265915e-05, 8.11120335129e-05, 1.45493677337e-05, 2.55063378063e-06, 2.47884690907e-06, 1.25169890453e-06, 1.7948623281e-06, 8.58704481743e-07, 4.93947140967e-07, 1.47461449274e-07, 1.08951070388e-07, 5.65942421815e-08, 2.32413643886e-08, 1.34076110214e-08, 1.99789162991e-08, 1.26000339051e-08, 3.46080710756e-08, 1.13734941465e-07, 1.05190764543e-07, 9.98433264954e-08, 9.17052958016e-08, 6.84870382628e-09, 5.35691546677e-10]
    },
    "erbbands": {
        "dmean": [0.304220974445, 2.29976963997, 6.82030534744, 10.1011199951, 12.6439380646, 18.6598072052, 19.1607170105, 18.5799789429, 8.12931632996, 4.29165506363, 4.53628826141, 6.34932518005, 4.90409755707, 5.65642595291, 6.38375902176, 7.93770837784, 11.9604091644, 6.31076955795, 5.58270978928, 4.60932064056, 3.391320467, 3.86311602592, 2.98113274574, 2.71040940285, 2.19418740273, 1.79254221916, 1.45096874237, 1.81855213642, 2.97439670563, 3.34270358086, 1.58409559727, 0.928835988045, 0.713250935078, 0.396802186966, 0.178554549813, 0.0606424026191, 0.0155395213515, 0.00419247895479, 0.000730486121029, 6.72656751703e-05],
        "dmean2": [0.502560317516, 3.65218138695, 11.0878620148, 18.2560386658, 21.9201393127, 30.6016979218, 32.2362136841, 27.8538856506, 12.2629861832, 6.53210639954, 6.48846101761, 9.19896030426, 7.4000916481, 8.62045955658, 9.73145294189, 12.8478164673, 19.4169940948, 10.4874486923, 9.35930347443, 8.10966110229, 5.99739980698, 7.06949281693, 5.41925001144, 4.74577045441, 3.77292823792, 3.05133152008, 2.26218223572, 2.79473209381, 4.83146953583, 5.12832593918, 2.35722374916, 1.37649261951, 1.03633284569, 0.575492203236, 0.251406431198, 0.0855788066983, 0.0211563147604, 0.00634346995503, 0.00109118991531, 9.84986472758e-05],
        "dvar": [0.573877155781, 21.6537265778, 132.330001831, 160.485870361, 227.866333008, 408.034545898, 662.191955566, 1449.52307129, 422.674926758, 277.509094238, 223.902786255, 357.477874756, 184.721969604, 202.305847168, 348.486114502, 349.088317871, 420.198791504, 153.211074829, 147.80090332, 112.42363739, 79.3622894287, 109.620475769, 64.7930831909, 47.5054130554, 27.1110687256, 30.4460811615, 18.6388645172, 53.4197998047, 109.297325134, 96.9475021362, 36.2214698792, 19.0310916901, 13.9966783524, 6.87825584412, 1.51739907265, 0.14061281085, 0.00467539951205, 0.00029648799682, 9.39006258704e-06, 5.36725472955e-08],
        "dvar2": [1.32538187504, 46.4335327148, 385.786499023, 500.85534668, 700.724182129, 1039.55944824, 1709.26464844, 3152.23974609, 911.17755127, 638.401306152, 423.493835449, 656.711120605, 387.867919922, 432.328094482, 659.216918945, 809.770446777, 1047.36096191, 360.247924805, 361.018280029, 311.997955322, 227.323394775, 318.460784912, 183.919769287, 129.375549316, 71.9448776245, 81.3402557373, 40.7981071472, 127.19467926, 278.7940979, 223.263244629, 76.6790771484, 38.6691665649, 25.195356369, 12.407040596, 2.7968583107, 0.266024947166, 0.00860185269266, 0.000699578085914, 2.14421870623e-05, 1.1523980703e-07],
        "max": [7.24054431915, 48.6322364807, 110.143280029, 121.188430786, 171.372375488, 307.122528076, 517.757202148, 1088.22546387, 670.285949707, 856.984313965, 544.400939941, 980.994262695, 754.988525391, 797.023620605, 1252.86694336, 1148.83813477, 424.206390381, 545.320556641, 259.994140625, 311.37411499, 240.229125977, 267.677612305, 121.818229675, 172.270370483, 122.573905945, 93.4582366943, 119.722824097, 236.11289978, 238.037765503, 153.827606201, 223.271774292, 164.004364014, 150.435806274, 140.471115112, 73.4909362793, 15.3416872025, 3.13575601578, 0.368113487959, 0.0534720383584, 0.00441958988085],
        "mean": [0.385967582464, 4.03651285172, 12.2278747559, 14.8849534988, 25.2017974854, 45.018699646, 39.6424674988, 53.2229728699, 23.5043869019, 11.2930707932, 11.9083595276, 16.26720047, 12.2040777206, 12.3574714661, 15.0995368958, 16.5271492004, 21.7114982605, 11.6174116135, 9.30266094208, 6.77232027054, 4.76828765869, 4.43153381348, 3.46991586685, 3.70088219643, 3.17752766609, 2.47951006889, 2.25638532639, 2.69589352608, 3.96180605888, 4.56541633606, 2.25684690475, 1.3905595541, 1.0987187624, 0.610758423805, 0.27137696743, 0.096087038517, 0.0227536391467, 0.00532427197322, 0.000952913542278, 0.000130718239234],
        "median": [0.173757687211, 2.51613092422, 8.55547428131, 10.9698734283, 20.5873069763, 35.5079994202, 24.9431800842, 12.2762727737, 4.546043396, 2.76991200447, 2.11638689041, 2.53552007675, 4.31985282898, 4.81253576279, 5.22706317902, 7.24991846085, 8.64982318878, 5.86320543289, 3.74061393738, 2.94674348831, 2.48429393768, 2.00633335114, 1.41319966316, 1.32840692997, 1.13592875004, 0.728964090347, 0.425066292286, 0.211779788136, 0.147215932608, 0.188964575529, 0.168243288994, 0.0695364400744, 0.0379111804068, 0.0156454760581, 0.00511045334861, 0.00143204431515, 0.000403490121244, 8.54989411891e-05, 4.00543685828e-05, 6.186048995e-05],
        "min": [4.49539795822e-22, 3.65988727743e-21, 3.30818769087e-20, 8.8024205165e-20, 1.92031892059e-19, 2.58192020499e-19, 3.87445376011e-19, 4.38577054437e-19, 8.63491359902e-19, 7.71758115645e-19, 7.71554060527e-19, 1.0990193554e-18, 5.22506666456e-18, 5.44288482655e-18, 3.40015547961e-18, 1.50409911055e-18, 1.87343649482e-18, 5.73659019228e-18, 7.77539932351e-18, 7.65192111039e-18, 5.01840013801e-18, 7.08492685079e-18, 5.80173066552e-18, 9.37617165263e-18, 1.42325424115e-17, 8.25976982044e-18, 1.81625370587e-17, 2.01518402575e-17, 2.15206455002e-17, 2.1633290956e-17, 1.84116491176e-17, 1.82697826795e-17, 1.53030944495e-17, 1.17950992266e-17, 1.02628662559e-17, 5.14492857964e-18, 3.17298128451e-18, 1.38806004287e-18, 3.25140322816e-19, 3.72235863916e-20],
        "var": [0.587206304073, 29.5587978363, 154.968704224, 175.74369812, 407.048187256, 1348.73083496, 2061.32836914, 9763.33691406, 3544.06860352, 1783.83325195, 1210.50146484, 1845.61914062, 1194.09936523, 884.714538574, 2866.015625, 1779.75402832, 995.953063965, 462.552032471, 318.514007568, 177.948562622, 74.7482757568, 77.7510604858, 49.2523193359, 53.2490730286, 34.2603645325, 31.3775157928, 32.3258972168, 83.1140899658, 146.490829468, 151.0859375, 84.3485107422, 40.3315505981, 35.5365028381, 15.9067182541, 3.5463821888, 0.376806199551, 0.0107865333557, 0.000407605606597, 1.31908336698e-05, 8.08074531733e-08]
    },
    "gfcc": {
        "mean": [-49.15209198, 160.589752197, -89.9995193481, 36.548500061, -31.6737632751, 9.04501819611, -28.222858429, -16.1389427185, -22.6243095398, -10.9205331802, -4.36884880066, -3.44479799271, -3.98318958282],
        "cov": [[7953.79736328, -2632.54516602, 262.783813477, 497.085784912, -976.487792969, 589.125793457, -544.448913574, 612.625, -128.707351685, 385.905609131, -118.563369751, 131.679519653, -321.726043701], [-2632.54516602, 2677.98779297, -465.746673584, -259.132110596, 853.383361816, -499.933502197, 464.518005371, -319.979736328, 262.558990479, -266.248260498, 159.077667236, -122.330291748, 263.941772461], [262.783813477, -465.746673584, 593.614135742, -86.838508606, -218.866668701, 117.657455444, -218.385406494, 149.803115845, -145.1277771, 60.5302200317, -14.5795240402, -35.1320915222, -27.5364093781], [497.085784912, -259.132110596, -86.838508606, 533.010681152, 39.9779281616, 32.704334259, 135.428924561, -160.555145264, 109.027259827, -53.7049064636, -55.9897117615, 56.766494751, -32.1383171082], [-976.487792969, 853.383361816, -218.866668701, 39.9779281616, 601.020996094, -233.913726807, 244.711029053, -118.231620789, 88.8141708374, -93.9393463135, 6.91061925888, -52.6468658447, 123.524002075], [589.125793457, -499.933502197, 117.657455444, 32.704334259, -233.913726807, 306.470275879, -111.464065552, 51.508934021, 12.42603302, 33.1724052429, 11.6681051254, 40.7687301636, -97.9786758423], [-544.448913574, 464.518005371, -218.385406494, 135.428924561, 244.711029053, -111.464065552, 365.439178467, -215.016372681, 121.286712646, -58.1569442749, -25.0112533569, 72.7818984985, 17.3653850555], [612.625, -319.979736328, 149.803115845, -160.555145264, -118.231620789, 51.508934021, -215.016372681, 334.162811279, -138.724761963, 96.610244751, 17.189496994, -89.5157165527, 36.5287857056], [-128.707351685, 262.558990479, -145.1277771, 109.027259827, 88.8141708374, 12.42603302, 121.286712646, -138.724761963, 238.881317139, -55.819190979, 10.8289346695, 56.4133415222, -41.4095573425], [385.905609131, -266.248260498, 60.5302200317, -53.7049064636, -93.9393463135, 33.1724052429, -58.1569442749, 96.610244751, -55.819190979, 126.212333679, -5.23840904236, 13.5060958862, -6.2712469101], [-118.563369751, 159.077667236, -14.5795240402, -55.9897117615, 6.91061925888, 11.6681051254, -25.0112533569, 17.189496994, 10.8289346695, -5.23840904236, 116.365211487, -8.29218769073, 9.28409862518], [131.679519653, -122.330291748, -35.1320915222, 56.766494751, -52.6468658447, 40.7687301636, 72.7818984985, -89.5157165527, 56.4133415222, 13.5060958862, -8.29218769073, 134.998092651, -43.1175765991], [-321.726043701, 263.941772461, -27.5364093781, -32.1383171082, 123.524002075, -97.9786758423, 17.3653850555, 36.5287857056, -41.4095573425, -6.2712469101, 9.28409862518, -43.1175765991, 143.394546509]],
        "icov": [[0.000269637879683, -3.09408642352e-05, 0.000133129724418, -0.000453802174889, 0.000161271338584, -6.03460321145e-05, 0.000171977168065, -0.000668459688313, -2.86866657007e-06, -0.000356687436579, 0.0001737557468, -0.000336763419909, 0.000426141778007], [-3.09408642352e-05, 0.0020767939277, -5.01942631672e-05, 0.00172603304964, -0.000823286711238, 0.00106029922608, -0.00134850223549, 0.00117008492816, -0.00181065336801, 0.00164216256235, -0.00203331722878, 0.00187233649194, -0.00197240058333], [0.000133129724418, -5.01942631672e-05, 0.0024957805872, -0.000204511467018, 0.00023075286299, -0.000573069322854, 0.000983100850135, -0.000325129949488, 0.00100968510378, -0.00026600327692, 0.000573138066102, -0.000156783920829, 0.00039363882388], [-0.000453802174889, 0.00172603304964, -0.000204511467018, 0.00458728568628, -0.000828679825645, 0.000313297699904, -0.00179509457666, 0.00270534260198, -0.00196788879111, 0.00222733989358, -0.000771891442128, 0.00211037020199, -0.00253656040877], [0.000161271338584, -0.000823286711238, 0.00023075286299, -0.000828679825645, 0.00423873215914, 0.00084571010666, -0.00141611474101, -0.000980823882855, -0.000320230203215, 8.25521710794e-05, 0.000584851193707, 0.000933930918109, -0.000762240495533], [-6.03460321145e-05, 0.00106029922608, -0.000573069322854, 0.000313297699904, 0.00084571010666, 0.00641506211832, -9.65263971011e-05, -0.000443087774329, -0.00192333047744, 0.00121340074111, -0.00195640069433, -0.000155462694238, 0.00123001483735], [0.000171977168065, -0.00134850223549, 0.000983100850135, -0.00179509457666, -0.00141611474101, -9.65263971011e-05, 0.00792994722724, 0.001355728833, 0.000836180872284, -0.00207335059531, 0.00232336996123, -0.00384783162735, 0.00134604901541], [-0.000668459688313, 0.00117008492816, -0.000325129949488, 0.00270534260198, -0.000980823882855, -0.000443087774329, 0.001355728833, 0.0100009934977, 3.82656071451e-05, -0.00260413694195, -0.00156167848036, 0.00509305810556, -0.00374962110072], [-2.86866657007e-06, -0.00181065336801, 0.00100968510378, -0.00196788879111, -0.000320230203215, -0.00192333047744, 0.000836180872284, 3.82656071451e-05, 0.00876191817224, -0.000108538872155, 0.000723946490325, -0.00300371996127, 0.00350534310564], [-0.000356687436579, 0.00164216256235, -0.00026600327692, 0.00222733989358, 8.25521710794e-05, 0.00121340074111, -0.00207335059531, -0.00260413694195, -0.000108538872155, 0.0143821397796, -0.00111721549183, -0.00210732012056, -0.00166605249979], [0.0001737557468, -0.00203331722878, 0.000573138066102, -0.000771891442128, 0.000584851193707, -0.00195640069433, 0.00232336996123, -0.00156167848036, 0.000723946490325, -0.00111721549183, 0.0117852669209, -0.00212151417509, 0.00110469385982], [-0.000336763419909, 0.00187233649194, -0.000156783920829, 0.00211037020199, 0.000933930918109, -0.000155462694238, -0.00384783162735, 0.00509305810556, -0.00300371996127, -0.00210732012056, -0.00212151417509, 0.015137033537, -0.00177186389919], [0.000426141778007, -0.00197240058333, 0.00039363882388, -0.00253656040877, -0.000762240495533, 0.00123001483735, 0.00134604901541, -0.00374962110072, 0.00350534310564, -0.00166605249979, 0.00110469385982, -0.00177186389919, 0.0136918388307]]
    },
    "melbands": {
        "dmean": [0.00265770382248, 0.00317000807263, 0.00182513624895, 0.00104835559614, 0.000661502359435, 0.000407691317378, 0.000117454743304, 4.36235241068e-05, 3.74319570255e-05, 4.04415150115e-05, 2.49433815043e-05, 2.40493882302e-05, 2.11332844628e-05, 1.93031610252e-05, 2.28212575166e-05, 2.42285714194e-05, 1.15082357297e-05, 9.13497297006e-06, 7.29165594748e-06, 6.42217173663e-06, 3.55109864358e-06, 3.94702919948e-06, 3.8198600123e-06, 1.89608692835e-06, 2.32164461522e-06, 2.23176380132e-06, 1.02839828742e-06, 1.28188412418e-06, 9.85395558928e-07, 1.04375635601e-06, 9.28894507979e-07, 2.0640859475e-06, 1.55134546276e-06, 1.86306135674e-06, 9.10762594231e-07, 7.88468355495e-07, 5.53300480988e-07, 5.48139439616e-07, 4.12733157873e-07, 3.20326336123e-07],
        "dmean2": [0.00430909218267, 0.00513632548973, 0.0032769786194, 0.00172440486494, 0.00112072518095, 0.000615482684225, 0.00017728547391, 6.62076927256e-05, 5.38388303539e-05, 5.89359369769e-05, 3.77050673706e-05, 3.67263419321e-05, 3.22734085785e-05, 3.06234032905e-05, 3.71608985006e-05, 3.96233263018e-05, 1.91368417291e-05, 1.53602486535e-05, 1.27086304929e-05, 1.1352918591e-05, 6.24231370239e-06, 7.1736535574e-06, 7.05738375473e-06, 3.32030253958e-06, 4.07402103519e-06, 3.91431194657e-06, 1.72110901531e-06, 2.21851109927e-06, 1.5754578726e-06, 1.65483857018e-06, 1.4168015241e-06, 3.42718635693e-06, 2.45032038038e-06, 2.85136388811e-06, 1.38428936225e-06, 1.19375886243e-06, 8.24825008294e-07, 8.05843910712e-07, 6.04510717039e-07, 4.62714211835e-07],
        "dvar": [3.5871489672e-05, 3.06306646962e-05, 5.34394621354e-06, 1.19084779726e-06, 6.09808978425e-07, 5.95397352754e-07, 9.39154602975e-08, 3.23067297359e-08, 1.3762253559e-08, 1.42437768247e-08, 4.70599115232e-09, 3.96110744205e-09, 4.09877465302e-09, 2.18878981606e-09, 1.6229165789e-09, 2.20163198783e-09, 6.48950893023e-10, 3.93841181889e-10, 2.65108740516e-10, 3.05749758844e-10, 8.50726780688e-11, 1.16812892692e-10, 1.03868774692e-10, 2.71066970953e-11, 3.47842137038e-11, 2.77978057239e-11, 7.4087680435e-12, 1.68292411257e-11, 8.92672567809e-12, 1.44401010246e-11, 1.63283483956e-11, 6.95096896708e-11, 2.4254025871e-11, 3.12120537749e-11, 1.25782865026e-11, 1.50682105682e-11, 8.29325410429e-12, 7.84628785555e-12, 7.01559383504e-12, 4.95395434744e-12],
        "dvar2": [7.06084392732e-05, 8.5560590378e-05, 1.65481615113e-05, 3.08503308588e-06, 1.6179569684e-06, 1.31458375563e-06, 2.02298309659e-07, 7.68960788378e-08, 2.59363055477e-08, 2.58859707003e-08, 9.91620030533e-09, 8.44362890717e-09, 8.00636357212e-09, 4.85380091675e-09, 3.88023746467e-09, 5.48630074704e-09, 1.48988399395e-09, 9.65806656872e-10, 7.16845471871e-10, 8.26380130992e-10, 2.46495768241e-10, 3.36401934087e-10, 3.01662306246e-10, 7.33603802705e-11, 9.4573217313e-11, 7.56345749919e-11, 1.89738242479e-11, 4.57530402453e-11, 2.07211279385e-11, 3.39727170007e-11, 3.94894707212e-11, 1.83126194764e-10, 5.70226817154e-11, 7.21103662893e-11, 2.75819072443e-11, 3.31932328845e-11, 1.7843929459e-11, 1.49696349067e-11, 1.32044332066e-11, 9.25095850618e-12],
        "max": [0.0560913570225, 0.0549022033811, 0.0245004203171, 0.0148299830034, 0.0150184128433, 0.020944070071, 0.0104163903743, 0.0114551018924, 0.00443662470207, 0.00634794589132, 0.00367655255832, 0.00371473073028, 0.00488758459687, 0.00215151556768, 0.00200547161512, 0.00140195980202, 0.001243123319, 0.00046072321129, 0.000378518103389, 0.000555803650059, 0.000318978360156, 0.000333422387484, 0.000116044757306, 0.000171328472788, 0.000141005599289, 0.000127270905068, 4.36767186329e-05, 7.57806046749e-05, 8.10050478322e-05, 9.65083163464e-05, 0.000155457266374, 0.000179218695848, 8.16126339487e-05, 9.17150391615e-05, 0.000161807605764, 0.000131243577925, 9.54001297941e-05, 0.000115431474114, 0.000118326897791, 0.000120940632769],
        "mean": [0.00403729686514, 0.00613792287186, 0.00298454612494, 0.00263603590429, 0.00148492108565, 0.00115897657815, 0.000334479409503, 0.000111241817649, 9.54815550358e-05, 0.000101016870758, 5.92273281654e-05, 4.97398577863e-05, 4.92786493851e-05, 4.11474757129e-05, 4.25196485594e-05, 4.29689789598e-05, 1.92970237549e-05, 1.4495069081e-05, 1.0772108908e-05, 8.52470111568e-06, 4.77680760014e-06, 4.51922596767e-06, 4.05100490752e-06, 2.41660586653e-06, 3.06377660308e-06, 2.8934268812e-06, 1.58078398727e-06, 1.6456482399e-06, 1.46248726196e-06, 1.4648587694e-06, 1.38316067932e-06, 2.58887257587e-06, 2.08828646464e-06, 2.49442791755e-06, 1.27511907522e-06, 1.08188373815e-06, 7.9959551158e-07, 8.06425418887e-07, 6.47658737307e-07, 4.71380758427e-07],
        "median": [0.00213789427653, 0.00449129054323, 0.00218123011291, 0.00221678288653, 0.00111427437514, 0.000297087652143, 5.4414056649e-05, 2.29903089348e-05, 1.44130481203e-05, 1.55245670612e-05, 1.97651534108e-05, 1.83234751603e-05, 1.42622675412e-05, 1.4249853848e-05, 1.85737171705e-05, 1.57447211677e-05, 8.06456500868e-06, 5.75806552661e-06, 4.07022889704e-06, 3.44824798049e-06, 2.53278858509e-06, 1.97845065486e-06, 1.67017356034e-06, 8.65741185407e-07, 1.0493646414e-06, 1.02567150861e-06, 5.04128422563e-07, 4.46127046416e-07, 2.7329497243e-07, 1.43144092135e-07, 8.90682585464e-08, 3.82455169756e-08, 4.28801563146e-08, 7.88632448234e-08, 5.66977789163e-08, 3.73779265317e-08, 2.7564007965e-08, 2.45132660837e-08, 1.67980864774e-08, 9.4736041234e-09],
        "min": [3.55616484478e-24, 1.24481288434e-23, 2.07913300363e-23, 1.31886404637e-23, 1.58670598952e-23, 9.23557958154e-24, 1.35643764906e-23, 9.33117769034e-24, 5.1912506481e-24, 7.76385858866e-24, 2.66184325507e-23, 2.2776329688e-23, 1.24025800147e-23, 5.42657968904e-24, 3.06874366588e-24, 5.57062845135e-24, 1.02283752303e-23, 1.28769599423e-23, 1.11086627478e-23, 7.40892166841e-24, 5.91167116448e-24, 7.71677858097e-24, 5.2740467277e-24, 4.95529249059e-24, 7.3924463084e-24, 1.13711625249e-23, 8.49701644764e-24, 4.28197249228e-24, 1.176173387e-23, 7.66997940777e-24, 1.36070238888e-23, 1.24428687188e-23, 1.05503929849e-23, 1.29124066182e-23, 9.2050064883e-24, 1.23262900654e-23, 1.07144784198e-23, 1.205090109e-23, 7.48904548169e-24, 1.1168557012e-23],
        "var": [4.56462475995e-05, 3.71728347091e-05, 6.98598250892e-06, 3.82270536647e-06, 1.91657204596e-06, 4.03988997277e-06, 8.04867966053e-07, 1.6918630763e-07, 7.38943768397e-08, 7.29190148263e-08, 2.96940338984e-08, 1.65334466118e-08, 3.98913435617e-08, 1.29021975326e-08, 5.05513364502e-09, 5.47318812494e-09, 1.92890659001e-09, 8.13119460652e-10, 5.00181007723e-10, 4.82037743055e-10, 6.71871308588e-11, 8.92525359175e-11, 6.94185611771e-11, 2.63893646518e-11, 3.93137224164e-11, 3.00743006887e-11, 1.00566308753e-11, 1.55928447237e-11, 1.36192611008e-11, 2.21859076249e-11, 2.55925662607e-11, 8.18288492521e-11, 3.77501432891e-11, 4.74200470557e-11, 2.94143147339e-11, 2.74898350611e-11, 1.50186026809e-11, 1.80791076554e-11, 1.69865961575e-11, 1.04801081008e-11]
    },
    "mfcc": {
        "mean": [-700.791442871, 185.102050781, 13.8834352493, 35.6567459106, 21.0652217865, 19.8326644897, 10.0994825363, 2.07040381432, -9.9501619339, -4.34507656097, -7.13674545288, -5.10462522507, -2.22573065758],
        "cov": [[6323.78271484, -1908.73718262, 189.131912231, -14.9572906494, -244.750595093, -67.8071517944, -107.206192017, 14.2317714691, -106.47769165, 257.725341797, 66.4219360352, 103.957633972, -36.4441833496], [-1908.73718262, 2319.03149414, -579.895568848, 43.6301574707, 252.971618652, -67.8057632446, 141.711212158, 4.95603370667, 111.093856812, -7.84958982468, -34.0215072632, -40.3551483154, 78.3054199219], [189.131912231, -579.895568848, 712.787475586, -217.925338745, -52.3761901855, -98.7674255371, -40.3820533752, -37.0727539062, -117.430809021, 47.0660896301, -33.7121353149, -0.158918067813, -45.6444358826], [-14.9572906494, 43.6301574707, -217.925338745, 455.443756104, -20.49559021, 191.970748901, 5.62144136429, 39.93592453, 100.245948792, -106.792945862, 37.5311889648, -2.99000453949, -13.3352499008], [-244.750595093, 252.971618652, -52.3761901855, -20.49559021, 255.244720459, -84.4837646484, 49.8251686096, -14.4711198807, 26.4043750763, 75.2858505249, -59.5256576538, 15.0321578979, -32.5410842896], [-67.8071517944, -67.8057632446, -98.7674255371, 191.970748901, -84.4837646484, 372.58303833, -77.7971343994, 119.21950531, 24.1687164307, -115.445861816, 128.869262695, -53.6255645752, 79.8662796021], [-107.206192017, 141.711212158, -40.3820533752, 5.62144136429, 49.8251686096, -77.7971343994, 178.284927368, -39.9714889526, 34.4321937561, 15.3012990952, -59.8212928772, 34.5624504089, -37.0402603149], [14.2317714691, 4.95603370667, -37.0727539062, 39.93592453, -14.4711198807, 119.21950531, -39.9714889526, 127.190299988, -13.497218132, -8.82067012787, 53.2931976318, -30.8657951355, 57.8385925293], [-106.47769165, 111.093856812, -117.430809021, 100.245948792, 26.4043750763, 24.1687164307, 34.4321937561, -13.497218132, 166.161621094, -40.2113342285, 10.0057086945, 4.08783769608, -32.6126251221], [257.725341797, -7.84958982468, 47.0660896301, -106.792945862, 75.2858505249, -115.445861816, 15.3012990952, -8.82067012787, -40.2113342285, 177.018447876, -43.1229286194, 19.6433849335, -16.066734314], [66.4219360352, -34.0215072632, -33.7121353149, 37.5311889648, -59.5256576538, 128.869262695, -59.8212928772, 53.2931976318, 10.0057086945, -43.1229286194, 137.696380615, -27.485250473, 59.5293922424], [103.957633972, -40.3551483154, -0.158918067813, -2.99000453949, 15.0321578979, -53.6255645752, 34.5624504089, -30.8657951355, 4.08783769608, 19.6433849335, -27.485250473, 90.5593185425, -24.9106178284], [-36.4441833496, 78.3054199219, -45.6444358826, -13.3352499008, -32.5410842896, 79.8662796021, -37.0402603149, 57.8385925293, -32.6126251221, -16.066734314, 59.5293922424, -24.9106178284, 120.574668884]],
