{
"lowlevel": {
    "average_loudness": 0.785411119461,
    "barkbands_crest": {
        "dmean": 2.92495560646,
        "dmean2": 4.43264007568,
        "dvar": 10.5420837402,
        "dvar2": 20.0743732452,
        "max": 26.777973175,
        "mean": 13.1343994141,
        "median": 10.8032798767,
        "min": 2.11484742165,
        "var": 58.4119873047
    },
    "barkbands_flatness_db": {
        "dmean": 0.0448850616813,
        "dmean2": 0.0591873526573,
        "dvar": 0.00234445906244,
        "dvar2": 0.00369394454174,
        "max": 0.809112548828,
        "mean": 0.208943486214,
        "median": 0.15634842217,
        "min": 0.0168399475515,
        "var": 0.0224356707186
    },
    "barkbands_kurtosis": {
        "dmean": 33.5004425049,
        "dmean2": 45.9527702332,
        "dvar": 13771.3535156,
        "dvar2": 30461.9941406,
        "max": 3870.04858398,
        "mean": 51.747467041,
        "median": 3.79024004936,
        "min": -1.92061603069,
        "var": 19214.9980469
    },
    "barkbands_skewness": {
        "dmean": 1.66120004654,
        "dmean2": 2.13285565376,
        "dvar": 5.49573945999,
        "dvar2": 9.36798095703,
        "max": 55.9390640259,
        "mean": 3.53251457214,
        "median": 1.40608239174,
        "min": -4.40351486206,
        "var": 28.4536876678
    },
    "barkbands_spread": {
        "dmean": 10.0520830154,
        "dmean2": 14.9089870453,
        "dvar": 217.27696228,
        "dvar2": 435.157501221,
        "max": 112.545608521,
        "mean": 23.3558120728,
        "median": 14.0274562836,
        "min": 0.0171734727919,
        "var": 635.671325684
    },
    "dissonance": {
        "dmean": 0.0262293033302,
        "dmean2": 0.0445708446205,
        "dvar": 0.00191721809097,
        "dvar2": 0.00497163273394,
        "max": 0.500000119209,
        "mean": 0.450328975916,
        "median": 0.480305105448,
        "min": 0.0427358858287,
        "var": 0.00653302529827
    },
    "dynamic_complexity": 4.60738039017,
    "erbbands_crest": {
        "dmean": 3.16147279739,
        "dmean2": 5.02287244797,
        "dvar": 11.3217573166,
        "dvar2": 24.0405597687,
        "max": 33.3956489563,
        "mean": 10.8914709091,
        "median": 8.3771686554,
        "min": 2.12939357758,
        "var": 51.5851097107
    },
    "erbbands_flatness_db": {
        "dmean": 0.03085642308,
        "dmean2": 0.0452217124403,
        "dvar": 0.00140816578642,
        "dvar2": 0.00283976388164,
        "max": 0.606010615826,
        "mean": 0.173849746585,
        "median": 0.131357848644,
        "min": 0.0365971103311,
        "var": 0.0162640679628
    },
    "erbbands_kurtosis": {
        "dmean": 2.61295032501,
        "dmean2": 4.18982219696,
        "dvar": 94.0045928955,
        "dvar2": 235.829910278,
        "max": 228.594451904,
        "mean": 2.57015180588,
        "median": -0.229980707169,
        "min": -1.86316037178,
        "var": 127.365409851
    },
    "erbbands_skewness": {
        "dmean": 0.55982208252,
        "dmean2": 0.859615981579,
        "dvar": 0.510630071163,
        "dvar2": 1.16159975529,
        "max": 10.917339325,
        "mean": 0.394833862782,
        "median": 0.228696376085,
        "min": -3.75657868385,
        "var": 1.7051461935
    },
    "erbbands_spread": {
        "dmean": 13.5498819351,
        "dmean2": 19.5442810059,
        "dvar": 227.431808472,
        "dvar2": 431.199005127,
        "max": 178.312225342,
        "mean": 52.2794380188,
        "median": 48.9429779053,
        "min": 0.318577975035,
        "var": 1236.14916992
    },
    "hfc": {
        "dmean": 15.2482852936,
        "dmean2": 24.1926898956,
        "dvar": 586.804138184,
        "dvar2": 1456.67431641,
        "max": 211.535369873,
        "mean": 22.3704032898,
        "median": 13.2427139282,
        "min": 1.20097347285e-16,
        "var": 684.611633301
    },
    "melbands_crest": {
        "dmean": 4.25754117966,
        "dmean2": 6.29257106781,
        "dvar": 18.2589263916,
        "dvar2": 35.9207954407,
        "max": 39.9262580872,
        "mean": 18.2944316864,
        "median": 16.2398719788,
        "min": 1.97433495522,
        "var": 90.1174850464
    },
    "melbands_flatness_db": {
        "dmean": 0.0524957180023,
        "dmean2": 0.0669802129269,
        "dvar": 0.00327670341358,
        "dvar2": 0.00467017618939,
        "max": 0.990184247494,
        "mean": 0.272077798843,
        "median": 0.220802724361,
        "min": 0.00399216404185,
        "var": 0.0358589068055
    },
    "melbands_kurtosis": {
        "dmean": 56.2858161926,
        "dmean2": 81.2773971558,
        "dvar": 41346.6953125,
        "dvar2": 109599.40625,
        "max": 6210.09082031,
        "mean": 110.937843323,
        "median": 12.2846240997,
        "min": -1.81090545654,
        "var": 52684.3789062
    },
    "melbands_skewness": {
        "dmean": 1.89821565151,
        "dmean2": 2.66700530052,
        "dvar": 9.35902309418,
        "dvar2": 18.2501754761,
        "max": 54.901927948,
        "mean": 5.4783372879,
        "median": 2.88693976402,
        "min": -2.85272622108,
        "var": 40.5355262756
    },
    "melbands_spread": {
        "dmean": 14.281001091,
        "dmean2": 22.2029418945,
        "dvar": 567.259765625,
        "dvar2": 1190.88720703,
        "max": 211.355743408,
        "mean": 30.1952571869,
        "median": 11.3709888458,
        "min": 0.018176369369,
        "var": 1557.39782715
    },
    "pitch_salience": {
        "dmean": 0.0899391546845,
        "dmean2": 0.12926928699,
        "dvar": 0.0113029927015,
        "dvar2": 0.0214031357318,
        "max": 0.958697855473,
        "mean": 0.474144488573,
        "median": 0.550733745098,
        "min": 0.0109488917515,
        "var": 0.0580386407673
    },
    "silence_rate_20dB": {
        "dmean": 0.0475779213011,
        "dmean2": 0.0951633155346,
        "dvar": 0.0453099384904,
        "dvar2": 0.0988152176142,
        "max": 1,
        "mean": 0.953681886196,
        "median": 1,
        "min": 0,
        "var": 0.0441689677536
    },
    "silence_rate_30dB": {
        "dmean": 0.063437230885,
        "dmean2": 0.126805901527,
        "dvar": 0.0594156011939,
        "dvar2": 0.110723719001,
        "max": 1,
        "mean": 0.745328962803,
        "median": 1,
        "min": 0,
        "var": 0.189813837409
    },
    "silence_rate_60dB": {
        "dmean": 0.119651407003,
        "dmean2": 0.239243090153,
        "dvar": 0.105335354805,
        "dvar2": 0.21543879807,
        "max": 1,
        "mean": 0.220128744841,
        "median": 0,
        "min": 0,
        "var": 0.17166659236
    },
    "spectral_centroid": {
        "dmean": 393.611053467,
        "dmean2": 587.042602539,
        "dvar": 285458.375,
        "dvar2": 505437.65625,
        "max": 11229.7050781,
        "mean": 1489.11950684,
        "median": 1121.00585938,
        "min": 52.1116523743,
        "var": 1298122.375
    },
    "spectral_complexity": {
        "dmean": 4.21951770782,
        "dmean2": 6.42407369614,
        "dvar": 26.6810283661,
        "dvar2": 60.2951316833,
        "max": 51,
        "mean": 9.29847717285,
        "median": 8,
        "min": 0,
        "var": 57.8932762146
    },
    "spectral_decrease": {
        "dmean": 7.14505610233e-09,
        "dmean2": 9.86912951362e-09,
        "dvar": 1.6119853579e-16,
        "dvar2": 2.68723637736e-16,
        "max": 1.0573497633e-10,
        "mean": -1.83064479131e-08,
        "median": -2.08040296101e-09,
        "min": -1.72893933836e-07,
        "var": 8.72894186623e-16
    },
    "spectral_energy": {
        "dmean": 0.0280159953982,
        "dmean2": 0.0390136279166,
        "dvar": 0.00234219874255,
        "dvar2": 0.00395801011473,
        "max": 0.657337903976,
        "mean": 0.0711217224598,
        "median": 0.0103350039572,
        "min": 1.09526257894e-20,
        "var": 0.0125701418146
    },
    "spectral_energyband_high": {
        "dmean": 0.00124571216293,
        "dmean2": 0.0019672436174,
        "dvar": 5.19995955983e-06,
        "dvar2": 1.30009539134e-05,
        "max": 0.0236577633768,
        "mean": 0.00146454339847,
        "median": 0.000442416756414,
        "min": 8.19076827489e-21,
        "var": 5.62945888305e-06
    },
    "spectral_energyband_low": {
        "dmean": 0.0246275700629,
        "dmean2": 0.0314920954406,
        "dvar": 0.00203970447183,
        "dvar2": 0.00277121877298,
        "max": 0.647712349892,
        "mean": 0.0639676004648,
        "median": 0.000724144978449,
        "min": 1.18393759269e-22,
        "var": 0.0123145934194
    },
    "spectral_energyband_middle_high": {
        "dmean": 0.00100204488263,
        "dmean2": 0.00164562044665,
        "dvar": 3.50134450855e-06,
        "dvar2": 9.43993109104e-06,
        "max": 0.0237602833658,
        "mean": 0.00151451316196,
        "median": 0.000929466914386,
        "min": 1.46195802508e-21,
        "var": 4.08355708714e-06
    },
    "spectral_energyband_middle_low": {
        "dmean": 0.0070509458892,
        "dmean2": 0.0127872303128,
        "dvar": 0.000484073272673,
        "dvar2": 0.00138576107565,
        "max": 0.173988565803,
        "mean": 0.0064387419261,
        "median": 0.00239729788154,
        "min": 3.4480496749e-22,
        "var": 0.000283150497125
    },
    "spectral_entropy": {
        "dmean": 0.303510963917,
        "dmean2": 0.453207999468,
        "dvar": 0.154758572578,
        "dvar2": 0.292845338583,
        "max": 9.81252765656,
        "mean": 7.49490022659,
        "median": 7.90065288544,
        "min": 3.0248632431,
        "var": 1.4998935461
    },
    "spectral_flux": {
        "dmean": 0.0533224642277,
        "dmean2": 0.0858353078365,
        "dvar": 0.00512817921117,
        "dvar2": 0.011785004288,
        "max": 0.560831546783,
        "mean": 0.109855405986,
        "median": 0.0719438642263,
        "min": 1.04654791777e-10,
        "var": 0.0123072676361
    },
    "spectral_kurtosis": {
        "dmean": 8.94390583038,
        "dmean2": 14.9348649979,
        "dvar": 833.64074707,
        "dvar2": 2360.54125977,
        "max": 563.916442871,
        "mean": 21.9586334229,
        "median": 2.36334228516,
        "min": -1.21958458424,
        "var": 3448.8996582
    },
    "spectral_rms": {
        "dmean": 0.00163973402232,
        "dmean2": 0.0023115738295,
        "dvar": 5.706885986e-06,
        "dvar2": 9.24209416553e-06,
        "max": 0.0253240056336,
        "mean": 0.00589871080592,
        "median": 0.0031753629446,
        "min": 3.26886651428e-12,
        "var": 3.45924308931e-05
    },
    "spectral_rolloff": {
        "dmean": 1419.15673828,
        "dmean2": 2236.36694336,
        "dvar": 6478127.5,
        "dvar2": 11888016,
        "max": 18281.6894531,
        "mean": 3378.86645508,
        "median": 753.662109375,
        "min": 21.533203125,
        "var": 20093334
    },
    "spectral_skewness": {
        "dmean": 0.521620213985,
        "dmean2": 0.832181632519,
        "dvar": 1.02786922455,
        "dvar2": 2.58881902695,
        "max": 21.0876674652,
        "mean": 2.44066286087,
        "median": 1.37158417702,
        "min": -0.057114072144,
        "var": 9.4558429718
    },
    "spectral_spread": {
        "dmean": 1036366.3125,
        "dmean2": 1545911.75,
        "dvar": 1.83180158566e+12,
        "dvar2": 3.42759781171e+12,
        "max": 41439768,
        "mean": 6448443.5,
        "median": 6896338.5,
        "min": 200755.375,
        "var": 9.98556408218e+12
    },
    "spectral_strongpeak": {
        "dmean": 0.418182611465,
        "dmean2": 0.667445361614,
        "dvar": 0.348973453045,
        "dvar2": 0.876587629318,
        "max": 7.99605846405,
        "mean": 0.836368024349,
        "median": 0.597052931786,
        "min": 0,
        "var": 0.614077985287
    },
    "zerocrossingrate": {
        "dmean": 0.0290327034891,
        "dmean2": 0.0273971948773,
        "dvar": 0.00137760082725,
        "dvar2": 0.00119283096865,
        "max": 0.53076171875,
        "mean": 0.1075867787,
        "median": 0.064453125,
        "min": 0.00048828125,
        "var": 0.0122711770236
    },
    "barkbands": {
        "dmean": [0.00142787827644, 0.0232326555997, 0.0093195354566, 0.005182470195, 0.00144921243191, 0.000263951485977, 0.000158908820595, 0.000203482821235, 0.000228098404477, 0.000153669156134, 0.000215943146031, 0.000180578499567, 0.000111481218482, 0.000126158382045, 0.000140679796459, 8.57472696225e-05, 8.00612251624e-05, 5.74372061237e-05, 9.14969787118e-05, 8.64451722009e-05, 9.22261242522e-05, 0.000134235189762, 0.000216514643398, 0.000255624821875, 0.000273119076155, 0.000190899518202, 0.000101769554021],
        "dmean2": [0.00173380388878, 0.0268095061183, 0.0137607688084, 0.00970055162907, 0.00256268843077, 0.000439574214397, 0.000261398090515, 0.000311532698106, 0.000362127670087, 0.00024636319722, 0.000371627800632, 0.000318663573125, 0.000191079700016, 0.000200509501155, 0.000231695987168, 0.000141862386954, 0.000132806075271, 8.5585823399e-05, 0.000147511236719, 0.000137260460178, 0.000146195845446, 0.000208811077755, 0.000349051057128, 0.000422865821747, 0.00044597464148, 0.00030031192, 0.000165907287737],
        "dvar": [9.30285204959e-06, 0.00219992687926, 0.000730125117116, 0.000336478609825, 1.62837550306e-05, 3.78802724299e-07, 1.29219941414e-07, 3.96747594777e-07, 3.7222832816e-07, 1.84936794767e-07, 3.53429214783e-07, 2.39157373016e-07, 5.04436172832e-08, 5.30113304364e-08, 7.25033544313e-08, 2.45600357829e-08, 1.92287235024e-08, 1.60389870274e-08, 4.91825034032e-08, 2.4257312603e-08, 2.20696101394e-08, 6.13759851831e-08, 2.13135535887e-07, 3.62480335525e-07, 3.39769968605e-07, 1.57065599637e-07, 5.58800401507e-08],
        "dvar2": [1.47020382428e-05, 0.00231736642309, 0.00140834914055, 0.000970382476225, 4.56961606687e-05, 8.8347030669e-07, 2.99470997334e-07, 8.50458150126e-07, 8.60174452555e-07, 4.48711006129e-07, 9.51836454988e-07, 6.68915561164e-07, 1.36980958132e-07, 1.21217169635e-07, 1.8218699438e-07, 6.20742142132e-08, 4.84610644946e-08, 3.18311066394e-08, 1.31471082909e-07, 5.66979991845e-08, 5.06285182666e-08, 1.489614192e-07, 5.20854598562e-07, 9.59604449235e-07, 8.96004053175e-07, 3.79236553272e-07, 1.37699814218e-07],
        "max": [0.0766308456659, 0.607210576534, 0.319572836161, 0.14853104949, 0.0556583628058, 0.017113937065, 0.00755857350305, 0.0233523361385, 0.0158020686358, 0.00792097486556, 0.0134831536561, 0.0105391312391, 0.00506088091061, 0.00518670026213, 0.00393178639933, 0.00236519798636, 0.00198961701244, 0.00278175692074, 0.00446558697149, 0.00212202453986, 0.0025925245136, 0.0033617769368, 0.0059645366855, 0.00940117333084, 0.0106619559228, 0.00365683739074, 0.00239501916803],
        "mean": [0.00222628097981, 0.0501240193844, 0.00937842391431, 0.00350649468601, 0.0015426321188, 0.000398135074647, 0.000221055335714, 0.000363316299627, 0.000371148111299, 0.00020663466421, 0.000203438539756, 0.000158700961038, 0.000124844111269, 0.000141543452628, 0.0001932138548, 0.000110316104838, 0.000105641891423, 9.5201205113e-05, 0.00012472346134, 0.000114119509817, 0.000128284911625, 0.000172013125848, 0.000224859119044, 0.000266990187811, 0.000275072350632, 0.000231363112107, 0.000112540619739],
        "median": [1.04237124106e-05, 0.000161683026818, 0.000103688318632, 7.86285818322e-05, 0.000340910744853, 0.000103887039586, 5.6973840401e-05, 7.34483037377e-05, 8.51973891258e-05, 6.59826109768e-05, 4.52252388641e-05, 3.52561255568e-05, 4.61247655039e-05, 4.83603907924e-05, 7.48250604374e-05, 4.41586416855e-05, 4.55113986391e-05, 2.95427453239e-05, 4.20325304731e-05, 4.86400313093e-05, 6.61072554067e-05, 6.26156688668e-05, 6.15072349319e-05, 6.67930798954e-05, 5.46990340808e-05, 2.5773748348e-05, 6.55823077977e-06],
        "min": [1.02633288681e-23, 3.178728586e-23, 5.31495665981e-23, 2.98894853149e-23, 6.51664993375e-23, 4.89924936641e-23, 1.89073266685e-23, 4.80372083514e-23, 8.54415561989e-23, 1.14940176713e-22, 4.16531179731e-23, 9.13630932523e-23, 1.37908297419e-22, 6.41358872747e-23, 1.35156573877e-22, 1.38604703826e-22, 1.45963425542e-22, 2.05549383997e-22, 2.79984178555e-22, 2.71011510536e-22, 4.29121500753e-22, 6.08228772077e-22, 7.37337155705e-22, 8.77044800673e-22, 1.47242925114e-21, 1.55929704892e-21, 2.55125603807e-21],
        "var": [2.60388824245e-05, 0.0101821059361, 0.000871352036484, 0.000188139732927, 1.18342686619e-05, 8.81486528215e-07, 2.43340508632e-07, 9.4213697821e-07, 8.56739973187e-07, 2.665551051e-07, 3.17791204907e-07, 1.69082937873e-07, 5.08526589726e-08, 6.3464611344e-08, 1.06285220625e-07, 3.26560325448e-08, 2.73415157181e-08, 4.16045686791e-08, 6.84200642809e-08, 3.30840279616e-08, 3.2807037087e-08, 8.9995623398e-08, 2.15471970932e-07, 2.98432865975e-07, 2.85840144443e-07, 1.93283511862e-07, 5.94024491818e-08]
    },
    "erbbands": {
        "dmean": [0.766935229301, 5.70363759995, 9.887342453, 16.4745883942, 9.07331562042, 4.24518871307, 2.75963401794, 2.09690880775, 2.24247598648, 2.4885225296, 4.79578876495, 6.20560789108, 3.50594782829, 6.49748516083, 9.27031803131, 6.91181516647, 5.48041820526, 5.49515390396, 8.42267894745, 5.37786483765, 4.43066692352, 3.78276586533, 3.50800609589, 3.58196473122, 4.83380365372, 4.11111164093, 3.41997051239, 4.30378913879, 4.68709564209, 5.03318119049, 6.84556865692, 5.3400220871, 4.37496757507, 3.31047487259, 1.81012046337, 0.664681613445, 0.366558998823, 0.176724418998, 0.0137446504086, 0.000407725281548],
        "dmean2": [0.792791545391, 6.61689138412, 12.6619091034, 29.1826686859, 16.5336971283, 7.37452936172, 4.58116579056, 3.54857206345, 3.63974714279, 3.98801636696, 7.37191581726, 9.75775337219, 5.83000135422, 10.5697813034, 15.8767871857, 12.2235994339, 9.39812088013, 8.75077438354, 13.6073274612, 8.84398365021, 7.32620477676, 6.238489151, 5.33218050003, 5.66381597519, 7.7091050148, 6.50451898575, 5.44636154175, 6.88582754135, 7.33957862854, 7.9787530899, 11.1421585083, 8.79500293732, 7.27735853195, 5.46500682831, 2.97045922279, 1.04344725609, 0.579987287521, 0.284572154284, 0.022297969088, 0.000659980694763],
        "dvar": [2.30603742599, 143.596847534, 603.30255127, 3095.14794922, 882.813171387, 132.921981812, 58.6923484802, 25.6244430542, 26.0510406494, 32.2245063782, 262.010070801, 279.489196777, 121.066345215, 262.691131592, 635.227661133, 295.34588623, 122.026725769, 94.9071578979, 218.330963135, 94.2530899048, 61.8403358459, 44.9230232239, 66.3382873535, 63.0195655823, 124.903045654, 56.4434089661, 34.8856658936, 52.7438850403, 71.9678726196, 102.078315735, 226.446456909, 136.29737854, 118.26940918, 58.7930488586, 13.0656614304, 1.41777050495, 0.593057870865, 0.182490944862, 0.000949661131017, 8.1780609662e-07],
        "dvar2": [2.26042437553, 157.2681427, 917.76751709, 8593.5390625, 2521.15625, 363.09967041, 132.08581543, 62.9412193298, 57.8741493225, 73.8266983032, 559.076965332, 632.480651855, 334.179992676, 610.513244629, 1699.48693848, 828.507385254, 327.984344482, 239.644927979, 524.564025879, 244.778625488, 159.020584106, 109.713302612, 131.198348999, 162.982772827, 318.277893066, 130.799224854, 82.8222198486, 128.033874512, 172.766677856, 249.618240356, 563.344909668, 352.25970459, 314.366882324, 156.44078064, 33.9015235901, 3.45047354698, 1.43126153946, 0.448957741261, 0.00235247681849, 1.87442265087e-06],
        "max": [24.6470775604, 161.397796631, 394.097229004, 584.884338379, 232.663024902, 202.139038086, 285.816162109, 103.439819336, 100.012672424, 147.756454468, 627.723449707, 460.888519287, 282.075866699, 286.901000977, 472.924713135, 329.683135986, 217.872024536, 181.957015991, 186.103652954, 167.033981323, 132.480224609, 114.628974915, 176.133041382, 168.816162109, 217.996810913, 128.484191895, 101.488693237, 112.214347839, 114.352836609, 170.624893188, 171.281570435, 241.273895264, 136.093276978, 167.859802246, 54.9672889709, 13.7996635437, 7.76424837112, 4.52454662323, 0.273235797882, 0.00897332280874],
        "mean": [1.65378904343, 10.2225389481, 13.0107650757, 12.2003383636, 7.03232765198, 4.95017910004, 4.3132724762, 2.92364168167, 3.29673981667, 3.94377279282, 8.619140625, 10.642578125, 4.80912399292, 8.17540740967, 9.27505016327, 6.38167047501, 6.12987041473, 6.84825563431, 11.3487253189, 6.82290172577, 6.04339981079, 5.42256641388, 5.82820510864, 4.9791932106, 6.89110040665, 5.43891000748, 4.54561424255, 5.59282159805, 6.09212303162, 6.05943536758, 6.83760499954, 5.46979856491, 4.53937482834, 3.34449243546, 1.82292616367, 0.793197393417, 0.435756623745, 0.20206913352, 0.0150780482218, 0.000483884476125],
        "median": [0.00292895012535, 0.0287766605616, 0.12719553709, 0.294615209103, 0.501398146152, 0.983938336372, 1.25593113899, 0.766182422638, 0.909661531448, 1.23901319504, 1.95181286335, 2.55300974846, 1.84315478802, 2.50900220871, 2.59253358841, 1.83214068413, 2.32189035416, 3.13529348373, 4.26473522186, 2.99825429916, 2.91232061386, 2.46221399307, 1.79389667511, 2.00770616531, 2.39404320717, 2.30063724518, 2.17925643921, 2.65899324417, 2.29113435745, 1.98408675194, 1.80478906631, 1.37303066254, 1.06491136551, 0.666403234005, 0.337892323732, 0.128253102303, 0.0439379513264, 0.0109441205859, 0.00112808914855, 0.000158193404786],
        "min": [2.22152116639e-21, 2.67366018948e-21, 3.90131657975e-20, 1.13492411217e-19, 1.0637103884e-19, 2.63495695792e-19, 3.8212714751e-19, 3.73044368342e-19, 2.10956233511e-19, 6.66877249141e-19, 1.34390586555e-18, 1.58060763034e-18, 4.07859061325e-18, 1.73726209328e-18, 1.92349022766e-18, 4.35175336207e-18, 6.99276735002e-18, 4.43568489728e-18, 6.23821443602e-18, 6.12779120092e-18, 7.7691747894e-18, 7.85434792271e-18, 1.0291389925e-17, 1.39185529228e-17, 1.52490348877e-17, 1.21446748525e-17, 1.62337040715e-17, 1.73941557528e-17, 2.13149951651e-17, 2.39939056056e-17, 1.6820505998e-17, 1.39710772373e-17, 1.82973807335e-17, 1.45760109629e-17, 1.19067586832e-17, 6.37115476817e-18, 3.08203939361e-18, 1.1068272166e-18, 4.23427215669e-19, 3.52624962556e-20],
        "var": [11.7149000168, 504.132507324, 1143.03979492, 1974.11022949, 519.614135742, 116.708229065, 158.881988525, 46.6120948792, 55.3658332825, 67.5466995239, 630.481811523, 686.035705566, 110.020500183, 392.822021484, 593.626953125, 213.180526733, 124.876571655, 111.514564514, 355.451049805, 112.53679657, 81.5609130859, 71.8032989502, 168.855743408, 84.1334075928, 192.506469727, 75.7380752563, 48.9076576233, 67.0169143677, 106.097114563, 138.61315918, 212.415740967, 121.695457458, 93.0398788452, 47.3820915222, 11.5925121307, 1.78526091576, 0.714875400066, 0.199431195855, 0.00100820499938, 8.55407563449e-07]
    },
    "gfcc": {
        "mean": [-81.2741394043, 49.7052268982, -89.7068786621, 11.1499834061, -52.7619819641, 12.0305128098, -31.9651813507, 3.11777925491, -19.7145042419, 1.58125889301, -17.2146530151, -2.00174403191, -8.83454799652],
        "cov": [[25676.8125, -6434.04736328, 1512.86193848, 4332.05371094, 1688.75073242, 2708.63256836, -55.7929763794, 938.197998047, -482.181152344, 557.024169922, -626.428466797, 184.736923218, -899.06640625], [-6434.04736328, 6711.37646484, 711.203369141, -827.408325195, 621.668457031, -675.228088379, 613.938537598, -324.525024414, 390.6015625, -487.795715332, 326.063751221, -208.586715698, 537.879943848], [1512.86193848, 711.203369141, 2169.60107422, 812.233398438, 922.429931641, 594.872314453, 269.797119141, 85.6340789795, 62.5742111206, 7.96604824066, -36.0205612183, 49.0923538208, -59.1701965332], [4332.05371094, -827.408325195, 812.233398438, 2097.10986328, 1093.70910645, 1042.31542969, 294.326629639, 346.140380859, 114.826438904, 195.71635437, -9.3579158783, 64.5884933472, -93.642791748], [1688.75073242, 621.668457031, 922.429931641, 1093.70910645, 1493.64892578, 749.023681641, 474.677856445, 202.250274658, 180.847061157, 82.5679321289, 53.4853363037, 17.7361431122, -13.1564502716], [2708.63256836, -675.228088379, 594.872314453, 1042.31542969, 749.023681641, 936.491638184, 288.078735352, 260.59979248, 21.1464614868, 113.192451477, -22.4967632294, 84.1993026733, -105.867858887], [-55.7929763794, 613.938537598, 269.797119141, 294.326629639, 474.677856445, 288.078735352, 416.464355469, 129.374542236, 107.879486084, -16.1122131348, 68.3516311646, 8.34917926788, 43.1918296814], [938.197998047, -324.525024414, 85.6340789795, 346.140380859, 202.250274658, 260.59979248, 129.374542236, 231.06300354, 85.3806915283, 81.1731262207, 11.2086677551, 31.3026828766, -30.9453811646], [-482.181152344, 390.6015625, 62.5742111206, 114.826438904, 180.847061157, 21.1464614868, 107.879486084, 85.3806915283, 211.248550415, 59.3104782104, 72.1973800659, -5.99632263184, 66.4874267578], [557.024169922, -487.795715332, 7.96604824066, 195.71635437, 82.5679321289, 113.192451477, -16.1122131348, 81.1731262207, 59.3104782104, 140.012908936, 16.3984966278, 31.6948604584, -25.8369960785], [-626.428466797, 326.063751221, -36.0205612183, -9.3579158783, 53.4853363037, -22.4967632294, 68.3516311646, 11.2086677551, 72.1973800659, 16.3984966278, 118.613952637, 27.5416793823, 70.8196182251], [184.736923218, -208.586715698, 49.0923538208, 64.5884933472, 17.7361431122, 84.1993026733, 8.34917926788, 31.3026828766, -5.99632263184, 31.6948604584, 27.5416793823, 82.1755142212, 13.8935613632], [-899.06640625, 537.879943848, -59.1701965332, -93.642791748, -13.1564502716, -105.867858887, 43.1918296814, -30.9453811646, 66.4874267578, -25.8369960785, 70.8196182251, 13.8935613632, 136.930328369]],
        "icov": [[9.42952028709e-05, 1.86368779396e-05, -1.31991441776e-06, -0.000132641638629, -2.97290098388e-05, -4.59819675598e-05, 0.000105157116195, -0.000197015397134, 0.000209552890738, -3.16530058626e-05, 0.000199793808861, -2.80464769276e-06, 0.000127770254039], [1.86368779396e-05, 0.000597140635364, -0.000222419606871, 0.000128281579236, -0.000276774022495, 0.000208173005376, -0.000302854867186, 0.000256808329141, -0.000614884891547, 0.00155468727462, -0.000727384525817, 0.0010678115068, -0.00108397356234], [-1.31991441776e-06, -0.000222419606871, 0.000786869495641, -0.000134813235491, -0.000237431013375, -0.000213723207708, 0.00010197507072, 0.000337865611073, -0.000239692890318, -7.19806048437e-05, 0.00076103565516, -0.00117415271234, 0.00079732312588], [-0.000132641638629, 0.000128281579236, -0.000134813235491, 0.0015636124881, -0.000490102509502, -0.00104799238034, 0.000420579774072, -0.000328204128891, -0.000305115449009, -9.87080056802e-05, -0.000547999399714, 0.00112766947132, -0.00112941057887], [-2.97290098388e-05, -0.000276774022495, -0.000237431013375, -0.000490102509502, 0.00212688976899, -0.000803964328952, -0.00123381207231, 0.000975272851065, -0.000639371923171, -0.00113207602408, 8.3765029558e-05, 0.000257878185948, 0.000673950475175], [-4.59819675598e-05, 0.000208173005376, -0.000213723207708, -0.00104799238034, -0.000803964328952, 0.00451866909862, -0.00171640736517, -0.00124639540445, 0.00114418100566, -4.16726797994e-05, 0.00057423155522, -0.00251001515426, 0.00114166853018], [0.000105157116195, -0.000302854867186, 0.00010197507072, 0.000420579774072, -0.00123381207231, -0.00171640736517, 0.00657737022266, -0.00311559485272, -0.000242405280005, 0.00266699236818, -0.00194746488705, 0.000832528865431, -0.000468924845336], [-0.000197015397134, 0.000256808329141, 0.000337865611073, -0.000328204128891, 0.000975272851065, -0.00124639540445, -0.00311559485272, 0.0110643366352, -0.00520184403285, -0.00117713061627, 0.000885876826942, -0.00229379581288, 0.00231071654707], [0.000209552890738, -0.000614884891547, -0.000239692890318, -0.000305115449009, -0.000639371923171, 0.00114418100566, -0.000242405280005, -0.00520184403285, 0.0133613366634, -0.00731632718816, -0.00182369945105, 0.00443638674915, -0.00417203130201], [-3.16530058626e-05, 0.00155468727462, -7.19806048437e-05, -9.87080056802e-05, -0.00113207602408, -4.16726797994e-05, 0.00266699236818, -0.00117713061627, -0.00731632718816, 0.0189255811274, -0.00414727767929, -0.00214947154745, 0.00182483892422], [0.000199793808861, -0.000727384525817, 0.00076103565516, -0.000547999399714, 8.3765029558e-05, 0.00057423155522, -0.00194746488705, 0.000885876826942, -0.00182369945105, -0.00414727767929, 0.0179462134838, -0.00709481630474, -0.00306915864348], [-2.80464769276e-06, 0.0010678115068, -0.00117415271234, 0.00112766947132, 0.000257878185948, -0.00251001515426, 0.000832528865431, -0.00229379581288, 0.00443638674915, -0.00214947154745, -0.00709481630474, 0.0228651948273, -0.00785623863339], [0.000127770254039, -0.00108397356234, 0.00079732312588, -0.00112941057887, 0.000673950475175, 0.00114166853018, -0.000468924845336, 0.00231071654707, -0.00417203130201, 0.00182483892422, -0.00306915864348, -0.00785623863339, 0.0183441787958]]
    },
    "melbands": {
        "dmean": [0.00660970807076, 0.00513214152306, 0.00262619298883, 0.000434974062955, 0.000104376376839, 4.58448630525e-05, 3.42696912412e-05, 2.91812229989e-05, 3.86259816878e-05, 3.86452484236e-05, 1.71898100234e-05, 2.619362931e-05, 3.13664604619e-05, 2.20933816308e-05, 1.42978260556e-05, 1.0863256648e-05, 1.05158032966e-05, 1.41001928569e-05, 9.50215780904e-06, 6.72675605529e-06, 5.3132098401e-06, 4.04661841458e-06, 4.47140382676e-06, 2.28747330766e-06, 2.97656174553e-06, 4.05749415222e-06, 3.29064346261e-06, 2.57175997831e-06, 2.27296163757e-06, 2.16119838115e-06, 2.67966220235e-06, 2.63718243332e-06, 2.70968052973e-06, 2.78386733044e-06, 4.03584454034e-06, 3.85395424018e-06, 2.98815189126e-06, 2.9949508189e-06, 2.98624559036e-06, 2.87136708721e-06],
        "dmean2": [0.00698253326118, 0.00522683141753, 0.00458915345371, 0.000773325329646, 0.000175875218702, 7.73176725488e-05, 5.58807914786e-05, 4.61112394987e-05, 5.97941434535e-05, 6.0837912315e-05, 2.89758827421e-05, 4.23734236392e-05, 5.42833586223e-05, 3.81974241463e-05, 2.54954120464e-05, 1.86224224308e-05, 1.664503543e-05, 2.30591613217e-05, 1.5577821614e-05, 1.11289118649e-05, 8.83947177499e-06, 6.68945267535e-06, 7.2937382356e-06, 3.40928772857e-06, 4.82541145175e-06, 6.56305064695e-06, 5.29852695763e-06, 4.09951780966e-06, 3.66464064427e-06, 3.51443327418e-06, 4.29478359365e-06, 4.18621584686e-06, 4.2592500904e-06, 4.47488264399e-06, 6.60413252263e-06, 6.31646207694e-06, 4.96026541441e-06, 5.04571835336e-06, 4.93603965879e-06, 4.80589733343e-06],
        "dvar": [0.000159645453095, 0.000104370636109, 7.57744055591e-05, 1.61930222475e-06, 7.40374375141e-08, 1.14255280792e-08, 6.03926686438e-09, 4.68917438212e-09, 1.50997632176e-08, 1.20413732319e-08, 3.17459325494e-09, 4.50248149875e-09, 7.5475554695e-09, 3.93067045579e-09, 9.24712695305e-10, 5.03513175598e-10, 3.46567996523e-10, 6.39953146031e-10, 4.24322160741e-10, 1.47909656745e-10, 8.59216864324e-11, 4.56326851306e-11, 1.19840859458e-10, 2.33730777788e-11, 4.76376889325e-11, 1.18559370654e-10, 4.41224799752e-11, 2.21499086434e-11, 2.02471182181e-11, 1.17977355316e-11, 2.18067924829e-11, 2.2728543006e-11, 2.84605030515e-11, 3.26810349616e-11, 7.88807491547e-11, 7.93798707321e-11, 3.9786569872e-11, 5.94820998012e-11, 4.99662637654e-11, 4.60594201668e-11],
        "dvar2": [0.000162652635481, 0.000111946406832, 0.000208060882869, 4.55780264019e-06, 1.8105141919e-07, 2.80053864543e-08, 1.36481119739e-08, 1.05378354931e-08, 3.24304849642e-08, 2.7417499382e-08, 8.84440165549e-09, 1.03111075234e-08, 2.05877555004e-08, 1.08780726649e-08, 2.56686849553e-09, 1.38177291831e-09, 8.36553215589e-10, 1.52776025164e-09, 1.08108622054e-09, 3.79866360589e-10, 2.21288792845e-10, 1.15019348212e-10, 2.60185456513e-10, 4.67417146655e-11, 1.26138058332e-10, 3.14343190366e-10, 1.0564075309e-10, 5.24511371836e-11, 5.01743854797e-11, 2.89420518801e-11, 5.30284462175e-11, 5.53121090596e-11, 6.88698126305e-11, 7.9979155243e-11, 1.94649546481e-10, 2.05882519366e-10, 1.02566025117e-10, 1.58511717641e-10, 1.318743309e-10, 1.23615562231e-10],
        "max": [0.164817109704, 0.175576493144, 0.0890437960625, 0.0147284828126, 0.00803108885884, 0.00201071565971, 0.00156702718232, 0.00183413526975, 0.0045716483146, 0.00305984960869, 0.00143789791036, 0.00127667351626, 0.00189034617506, 0.00144249608275, 0.000390002765926, 0.00060743704671, 0.000408633524785, 0.000313234922942, 0.000406142848078, 0.000178557922482, 0.000140219810419, 9.87708190223e-05, 0.000213128121686, 0.000102802790934, 0.00014715884754, 0.000247274001595, 0.000101625722891, 8.23770315037e-05, 7.54812863306e-05, 6.95922790328e-05, 6.93875626894e-05, 7.71417981014e-05, 8.63777240738e-05, 0.000103762198705, 9.85745064099e-05, 0.000149334737216, 0.000146913444041, 9.64817008935e-05, 0.000101655983599, 0.000162718191859],
        "mean": [0.0144387399778, 0.0093606589362, 0.00197432003915, 0.000414502428612, 0.00015694303147, 6.49192152196e-05, 4.92593935633e-05, 4.78704532725e-05, 6.7710505391e-05, 6.42978702672e-05, 2.20238016482e-05, 3.29532158503e-05, 2.983952254e-05, 2.11148126255e-05, 1.34220708787e-05, 1.24928992591e-05, 1.25074739117e-05, 1.80121587618e-05, 1.20303502626e-05, 8.01048645371e-06, 6.97719315212e-06, 5.49037713427e-06, 6.43715111437e-06, 3.85989233109e-06, 3.72867725673e-06, 5.73389434066e-06, 4.20770402343e-06, 3.30592774844e-06, 2.78198854176e-06, 2.93730931844e-06, 3.29907879859e-06, 3.34476703756e-06, 3.4233421502e-06, 3.25192786477e-06, 4.02412160838e-06, 3.66742483493e-06, 3.1255203794e-06, 3.12040288009e-06, 3.03730735141e-06, 2.81278039438e-06],
        "median": [3.66251115338e-05, 5.67408715142e-05, 5.58066094527e-05, 5.10503487021e-05, 4.99158049934e-05, 1.65333294717e-05, 1.32139848574e-05, 1.38991108543e-05, 1.59116843861e-05, 1.39615840453e-05, 7.81440849096e-06, 9.49366403802e-06, 7.40037648939e-06, 5.54331836611e-06, 4.03270132665e-06, 4.72596912005e-06, 4.64114964416e-06, 6.45406134936e-06, 4.56604038845e-06, 3.23396807289e-06, 3.18106481245e-06, 2.47653815677e-06, 1.66734582763e-06, 1.36497442327e-06, 1.4711242784e-06, 1.53548876369e-06, 1.60106867497e-06, 1.37173901749e-06, 1.10273094833e-06, 1.49703350871e-06, 1.37420147439e-06, 1.22638562061e-06, 1.16188766697e-06, 1.02221861198e-06, 1.05730327959e-06, 8.61371688643e-07, 8.00749944574e-07, 7.39381505355e-07, 6.58620933791e-07, 5.26046392224e-07],
        "min": [1.32759137234e-23, 1.49394131132e-23, 1.78637331106e-23, 1.36671934655e-23, 1.29859142551e-23, 8.52007169646e-24, 3.10368034322e-24, 8.04329520939e-24, 1.25615291762e-23, 1.01310526715e-23, 2.11854938539e-23, 7.6157783527e-24, 5.30340813059e-24, 1.03796053878e-23, 1.14535393249e-23, 1.54292673363e-23, 6.71318027102e-24, 9.23894801761e-24, 8.31167988885e-24, 7.83219839774e-24, 9.05628885273e-24, 6.06226195027e-24, 1.30568068181e-23, 7.4430391137e-24, 1.15970638892e-23, 1.12030886093e-23, 1.04962581942e-23, 7.43273027939e-24, 1.13355020677e-23, 8.79305859043e-24, 1.06026321429e-23, 1.34711883518e-23, 1.03079910171e-23, 1.54408699025e-23, 9.81511230126e-24, 8.67707394926e-24, 8.54957588317e-24, 1.32144788138e-23, 1.20307307055e-23, 1.20771228265e-23],
        "var": [0.000833097845316, 0.00039460483822, 4.97314758832e-05, 1.08138726773e-06, 1.61898327633e-07, 2.15418420879e-08, 1.23382948303e-08, 1.01572137368e-08, 3.62601966231e-08, 2.85274861511e-08, 2.65920063747e-09, 6.97531055138e-09, 6.54773124609e-09, 2.98955238343e-09, 7.15992376499e-10, 4.99196406434e-10, 4.31132129997e-10, 9.55989842844e-10, 4.83332984746e-10, 1.8063069096e-10, 1.12452908096e-10, 6.90017834537e-11, 2.36605318671e-10, 5.77229514187e-11, 5.07415880147e-11, 1.90483087636e-10, 5.62014323968e-11, 2.82082603803e-11, 2.38865732749e-11, 1.71204838501e-11, 2.6018603938e-11, 3.13816368724e-11, 4.26044650947e-11, 4.20809463664e-11, 7.48546988283e-11, 6.66372096392e-11, 3.68606534185e-11, 4.61990445899e-11, 4.02445680947e-11, 3.57695956188e-11]
    },
    "mfcc": {
        "mean": [-727.897338867, 87.4619903564, 18.0182876587, 7.3738155365, 3.00323319435, 6.19281148911, -0.61813211441, 0.573062777519, 2.42450451851, 2.91868042946, -0.763859152794, -3.4137365818, -2.41316223145],
        "cov": [[18139.8417969, -2817.91967773, -133.462387085, 1404.44799805, 1976.25012207, 1768.51184082, 1143.57556152, 826.581542969, 519.828308105, 408.579193115, 216.059646606, 151.706634521, 235.758239746], [-2817.91967773, 3906.96582031, 567.105651855, 198.491790771, 103.346862793, 60.1235618591, 167.588088989, 180.47265625, 143.073806763, -11.6419439316, -29.9989433289, -17.7538414001, -39.5440559387], [-133.462387085, 567.105651855, 1296.20043945, 384.996276855, 308.171356201, 281.784606934, 166.816238403, 159.578964233, 84.2359237671, 5.01086997986, 34.5961380005, 16.8109264374, 0.549072384834], [1404.44799805, 198.491790771, 384.996276855, 1020.59344482, 798.086364746, 600.716430664, 409.185089111, 315.160186768, 255.936935425, 192.075195312, 126.690078735, 97.9481124878, 119.377876282], [1976.25012207, 103.346862793, 308.171356201, 798.086364746, 1065.07519531, 787.53338623, 514.552368164, 382.38494873, 306.445861816, 211.672790527, 157.063613892, 131.466033936, 148.21534729], [1768.51184082, 60.1235618591, 281.784606934, 600.716430664, 787.53338623, 798.475952148, 534.802062988, 386.906616211, 264.910217285, 157.56842041, 123.587265015, 115.877388, 128.623199463], [1143.57556152, 167.588088989, 166.816238403, 409.185089111, 514.552368164, 534.802062988, 508.950531006, 352.688110352, 207.313430786, 121.090133667, 96.796005249, 94.2379760742, 83.714805603], [826.581542969, 180.47265625, 159.578964233, 315.160186768, 382.38494873, 386.906616211, 352.688110352, 345.752532959, 201.79586792, 118.264076233, 104.640563965, 83.8679275513, 71.6967773438], [519.828308105, 143.073806763, 84.2359237671, 255.936935425, 306.445861816, 264.910217285, 207.313430786, 201.79586792, 211.313400269, 133.57043457, 90.6971588135, 67.5958251953, 61.9893188477], [408.579193115, -11.6419439316, 5.01086997986, 192.075195312, 211.672790527, 157.56842041, 121.090133667, 118.264076233, 133.57043457, 153.669372559, 96.4784088135, 57.5445899963, 48.5535545349], [216.059646606, -29.9989433289, 34.5961380005, 126.690078735, 157.063613892, 123.587265015, 96.796005249, 104.640563965, 90.6971588135, 96.4784088135, 123.680671692, 76.9295730591, 37.4398498535], [151.706634521, -17.7538414001, 16.8109264374, 97.9481124878, 131.466033936, 115.877388, 94.2379760742, 83.8679275513, 67.5958251953, 57.5445899963, 76.9295730591, 93.861289978, 53.2111854553], [235.758239746, -39.5440559387, 0.549072384834, 119.377876282, 148.21534729, 128.623199463, 83.714805603, 71.6967773438, 61.9893188477, 48.5535545349, 37.4398498535, 53.2111854553, 88.7656555176]],
