{
"lowlevel": {
    "average_loudness": 0.929299533367,
    "barkbands_crest": {
        "dmean": 3.03912830353,
        "dmean2": 4.55194759369,
        "dvar": 9.08333110809,
        "dvar2": 20.6927070618,
        "max": 25.6522655487,
        "mean": 13.7674751282,
        "median": 13.4961042404,
        "min": 2.53844070435,
        "var": 28.0372524261
    },
    "barkbands_flatness_db": {
        "dmean": 0.0381944030523,
        "dmean2": 0.0527367182076,
        "dvar": 0.00201414665207,
        "dvar2": 0.00397211778909,
        "max": 0.497854650021,
        "mean": 0.19499720633,
        "median": 0.184345111251,
        "min": 0.0235109906644,
        "var": 0.00836457218975
    },
    "barkbands_kurtosis": {
        "dmean": 12.1591339111,
        "dmean2": 17.6996021271,
        "dvar": 491.367095947,
        "dvar2": 1016.72296143,
        "max": 480.621765137,
        "mean": 21.0351390839,
        "median": 9.34325218201,
        "min": -1.93952298164,
        "var": 1123.77954102
    },
    "barkbands_skewness": {
        "dmean": 1.11760735512,
        "dmean2": 1.54065835476,
        "dvar": 1.58776712418,
        "dvar2": 3.09361743927,
        "max": 18.5719909668,
        "mean": 3.13688087463,
        "median": 2.66361761093,
        "min": -2.17959213257,
        "var": 5.60203552246
    },
    "barkbands_spread": {
        "dmean": 9.76165008545,
        "dmean2": 14.7328205109,
        "dvar": 220.541442871,
        "dvar2": 431.30255127,
        "max": 107.453483582,
        "mean": 19.3125629425,
        "median": 11.27231884,
        "min": 0.198383793235,
        "var": 398.16192627
    },
    "dissonance": {
        "dmean": 0.020493844524,
        "dmean2": 0.0321677513421,
        "dvar": 0.000447566300863,
        "dvar2": 0.00107734079938,
        "max": 0.5,
        "mean": 0.446534395218,
        "median": 0.453689724207,
        "min": 0.218878343701,
        "var": 0.00147152366117
    },
    "dynamic_complexity": 3.25050258636,
    "erbbands_crest": {
        "dmean": 2.25392842293,
        "dmean2": 3.58957600594,
        "dvar": 5.03488206863,
        "dvar2": 12.0764541626,
        "max": 27.3982410431,
        "mean": 8.93605422974,
        "median": 8.04874992371,
        "min": 2.14066410065,
        "var": 13.7303504944
    },
    "erbbands_flatness_db": {
        "dmean": 0.0227683167905,
        "dmean2": 0.0318337567151,
        "dvar": 0.000643099134322,
        "dvar2": 0.00132282997947,
        "max": 0.327100157738,
        "mean": 0.144510611892,
        "median": 0.134375736117,
        "min": 0.0318401195109,
        "var": 0.00305298343301
    },
    "erbbands_kurtosis": {
        "dmean": 1.36245822906,
        "dmean2": 2.05268478394,
        "dvar": 3.23659348488,
        "dvar2": 6.9865527153,
        "max": 34.0465202332,
        "mean": 1.10916936398,
        "median": 0.0910503864288,
        "min": -1.84915983677,
        "var": 8.59936523438
    },
    "erbbands_skewness": {
        "dmean": 0.511358141899,
        "dmean2": 0.73087978363,
        "dvar": 0.313221246004,
        "dvar2": 0.623637139797,
        "max": 4.42951393127,
        "mean": 0.439704686403,
        "median": 0.393473684788,
        "min": -3.93241071701,
        "var": 1.23191285133
    },
    "erbbands_spread": {
        "dmean": 14.4796104431,
        "dmean2": 21.7122821808,
        "dvar": 354.545928955,
        "dvar2": 760.354614258,
        "max": 160.532119751,
        "mean": 48.4480743408,
        "median": 42.3523750305,
        "min": 6.31490755081,
        "var": 784.92388916
    },
    "hfc": {
        "dmean": 8.03051757812,
        "dmean2": 12.1182413101,
        "dvar": 184.7628479,
        "dvar2": 400.89276123,
        "max": 124.99899292,
        "mean": 11.9426527023,
        "median": 4.29000043869,
        "min": 1.21599057291e-16,
        "var": 360.427246094
    },
    "melbands_crest": {
        "dmean": 4.05674695969,
        "dmean2": 6.2981133461,
        "dvar": 16.031829834,
        "dvar2": 39.2981948853,
        "max": 35.1003227234,
        "mean": 20.5467433929,
        "median": 20.8789424896,
        "min": 2.39462327957,
        "var": 51.2028770447
    },
    "melbands_flatness_db": {
        "dmean": 0.0480646044016,
        "dmean2": 0.0667770430446,
        "dvar": 0.00325202685781,
        "dvar2": 0.00633086077869,
        "max": 0.632090628147,
        "mean": 0.296790719032,
        "median": 0.297065317631,
        "min": 0.00698975520208,
        "var": 0.0129164410755
    },
    "melbands_kurtosis": {
        "dmean": 22.9489212036,
        "dmean2": 32.9375038147,
        "dvar": 1236.70385742,
        "dvar2": 2566.18652344,
        "max": 640.565002441,
        "mean": 45.5392951965,
        "median": 25.7736244202,
        "min": -1.8783107996,
        "var": 3168.69555664
    },
    "melbands_skewness": {
        "dmean": 1.32022452354,
        "dmean2": 1.84916448593,
        "dvar": 1.94610834122,
        "dvar2": 3.97988367081,
        "max": 21.5155353546,
        "mean": 4.58616161346,
        "median": 4.07062339783,
        "min": -0.809028685093,
        "var": 7.37357330322
    },
    "melbands_spread": {
        "dmean": 8.68939685822,
        "dmean2": 13.3391160965,
        "dvar": 225.421142578,
        "dvar2": 496.463226318,
        "max": 231.86177063,
        "mean": 15.6301107407,
        "median": 7.1714425087,
        "min": 0.240553349257,
        "var": 437.83013916
    },
    "pitch_salience": {
        "dmean": 0.0875490233302,
        "dmean2": 0.131243303418,
        "dvar": 0.00814946740866,
        "dvar2": 0.0184461530298,
        "max": 0.861741542816,
        "mean": 0.46238014102,
        "median": 0.478768140078,
        "min": 0.0371013656259,
        "var": 0.0259859189391
    },
    "silence_rate_20dB": {
        "dmean": 0,
        "dmean2": 0,
        "dvar": 0,
        "dvar2": 0,
        "max": 1,
        "mean": 1,
        "median": 1,
        "min": 1,
        "var": 0
    },
    "silence_rate_30dB": {
        "dmean": 0.00539707019925,
        "dmean2": 0.0107951806858,
        "dvar": 0.00536826066673,
        "dvar2": 0.0141489990056,
        "max": 1,
        "mean": 0.996338069439,
        "median": 1,
        "min": 0,
        "var": 0.0036486312747
    },
    "silence_rate_60dB": {
        "dmean": 0.021588280797,
        "dmean2": 0.0431807227433,
        "dvar": 0.0211250223219,
        "dvar2": 0.0492169186473,
        "max": 1,
        "mean": 0.0780572444201,
        "median": 0,
        "min": 0,
        "var": 0.0719731226563
    },
    "spectral_centroid": {
        "dmean": 313.362915039,
        "dmean2": 466.414794922,
        "dvar": 216459.6875,
        "dvar2": 412990.71875,
        "max": 11022.9941406,
        "mean": 1018.18481445,
        "median": 760.416809082,
        "min": 110.703056335,
        "var": 615595.875
    },
    "spectral_complexity": {
        "dmean": 3.27602148056,
        "dmean2": 4.80520486832,
        "dvar": 33.4848556519,
        "dvar2": 56.2262878418,
        "max": 62,
        "mean": 10.4294109344,
        "median": 7,
        "min": 0,
        "var": 119.628120422
    },
    "spectral_decrease": {
        "dmean": 2.28345342634e-09,
        "dmean2": 3.51737394766e-09,
        "dvar": 1.20729235518e-17,
        "dvar2": 2.92131836602e-17,
        "max": -2.24863951819e-29,
        "mean": -5.90903903586e-09,
        "median": -3.72267638937e-09,
        "min": -4.45799805959e-08,
        "var": 3.31119241152e-17
    },
    "spectral_energy": {
        "dmean": 0.00897821690887,
        "dmean2": 0.0139114446938,
        "dvar": 0.00017620610015,
        "dvar2": 0.000428375700722,
        "max": 0.169122651219,
        "mean": 0.0233853124082,
        "median": 0.0148913906887,
        "min": 1.11142660899e-20,
        "var": 0.000495372514706
    },
    "spectral_energyband_high": {
        "dmean": 0.000580376887228,
        "dmean2": 0.000895919161849,
        "dvar": 1.17109777875e-06,
        "dvar2": 2.27975874623e-06,
        "max": 0.00872386526316,
        "mean": 0.000668659282383,
        "median": 7.36919464543e-05,
        "min": 8.14729040174e-21,
        "var": 1.70837176938e-06
    },
    "spectral_energyband_low": {
        "dmean": 0.00773778464645,
        "dmean2": 0.0116735594347,
        "dvar": 0.000186690507689,
        "dvar2": 0.000432678963989,
        "max": 0.167686983943,
        "mean": 0.0165937021375,
        "median": 0.0077450145036,
        "min": 7.98479391575e-23,
        "var": 0.000444552511908
    },
    "spectral_energyband_middle_high": {
        "dmean": 0.00172868452501,
        "dmean2": 0.00293353409506,
        "dvar": 2.02230548894e-05,
        "dvar2": 4.98972331116e-05,
        "max": 0.0373784713447,
        "mean": 0.0022043606732,
        "median": 0.000454863358755,
        "min": 1.6261966946e-21,
        "var": 3.05244175252e-05
    },
    "spectral_energyband_middle_low": {
        "dmean": 0.00233404012397,
        "dmean2": 0.00371738802642,
        "dvar": 2.15505424421e-05,
        "dvar2": 5.28467062395e-05,
        "max": 0.0427766665816,
        "mean": 0.00474619166926,
        "median": 0.00329509563744,
        "min": 4.28088888139e-22,
        "var": 2.33284808928e-05
    },
    "spectral_entropy": {
        "dmean": 0.321889668703,
        "dmean2": 0.455211639404,
        "dvar": 0.194834068418,
        "dvar2": 0.403220951557,
        "max": 9.80982208252,
        "mean": 7.2390127182,
        "median": 7.25626564026,
        "min": 5.12715911865,
        "var": 0.531341195107
    },
    "spectral_flux": {
        "dmean": 0.0258083660156,
        "dmean2": 0.0427090413868,
        "dvar": 0.000988352578133,
        "dvar2": 0.00248024915345,
        "max": 0.286476045847,
        "mean": 0.0640919879079,
        "median": 0.0403553284705,
        "min": 1.05424217967e-10,
        "var": 0.00286330282688
    },
    "spectral_kurtosis": {
        "dmean": 3.2759282589,
        "dmean2": 5.06978607178,
        "dvar": 24.117515564,
        "dvar2": 60.7464752197,
        "max": 62.7933120728,
        "mean": 7.06857395172,
        "median": 5.86513137817,
        "min": -1.17804777622,
        "var": 44.0282478333
    },
    "spectral_rms": {
        "dmean": 0.000811320787761,
        "dmean2": 0.00123409752268,
        "dvar": 9.8383054592e-07,
        "dvar2": 2.25629082706e-06,
        "max": 0.0128451436758,
        "mean": 0.00428371364251,
        "median": 0.0038115857169,
        "min": 3.29289937331e-12,
        "var": 4.4646835704e-06
    },
    "spectral_rolloff": {
        "dmean": 768.334106445,
        "dmean2": 1331.51928711,
        "dvar": 2587954,
        "dvar2": 5655593.5,
        "max": 18647.7539062,
        "mean": 1092.06884766,
        "median": 279.931640625,
        "min": 64.599609375,
        "var": 3206184.75
    },
    "spectral_skewness": {
        "dmean": 0.423079699278,
        "dmean2": 0.638612091541,
        "dvar": 0.305568009615,
        "dvar2": 0.697733700275,
        "max": 6.46177959442,
        "mean": 1.91368234158,
        "median": 1.87905490398,
        "min": 0.00953071471304,
        "var": 0.694324433804
    },
    "spectral_spread": {
        "dmean": 1318393.125,
        "dmean2": 1844506,
        "dvar": 3.28617505587e+12,
        "dvar2": 6.29499808973e+12,
        "max": 40668920,
        "mean": 5330569,
        "median": 4519296,
        "min": 1068779.875,
        "var": 8.12497030349e+12
    },
    "spectral_strongpeak": {
        "dmean": 0.158365473151,
        "dmean2": 0.270727008581,
        "dvar": 0.102015443146,
        "dvar2": 0.273885518312,
        "max": 6.30130147934,
        "mean": 0.347151070833,
        "median": 0.29491469264,
        "min": 0,
        "var": 0.0996699780226
    },
    "zerocrossingrate": {
        "dmean": 0.0186870638281,
        "dmean2": 0.0223053935915,
        "dvar": 0.000533624086529,
        "dvar2": 0.000775943684857,
        "max": 0.4931640625,
        "mean": 0.0458142086864,
        "median": 0.0322265625,
        "min": 0.001953125,
        "var": 0.0016901511699
    },
    "barkbands": {
        "dmean": [0.000459081347799, 0.00662081688643, 0.001897355658, 0.00107389176264, 0.00112550146878, 0.000312400457915, 0.000187319310498, 0.000149453713675, 0.000150630105054, 0.000184365213499, 0.000132370463689, 0.000150044390466, 0.000127618128317, 0.000219614667003, 0.000317294790875, 0.000153168904944, 0.000224805990001, 0.000177426089067, 0.000258420041064, 7.73735591793e-05, 8.46648399602e-05, 0.000133746085339, 0.000137549432111, 8.82505337358e-05, 8.85935442057e-05, 3.85752537113e-05, 5.87850945521e-06],
        "dmean2": [0.000731390086003, 0.0101623693481, 0.00274970452301, 0.00176996993832, 0.00185508595314, 0.000519517285284, 0.000289617251838, 0.000219057605136, 0.00024833867792, 0.000327020330587, 0.000220478657866, 0.000277000799542, 0.000229285360547, 0.00038869594573, 0.000571312208194, 0.000208972982364, 0.000339737540344, 0.000240729612415, 0.000461233168608, 0.00013210150064, 0.000139426265378, 0.000205293283216, 0.000220694157179, 0.000134251720738, 0.000142153599882, 5.41540066479e-05, 7.31232785256e-06],
        "dvar": [7.0428836807e-07, 0.000156741647515, 2.39483615587e-05, 9.69436314335e-06, 5.69761277802e-06, 4.70586911661e-07, 1.65084358628e-07, 1.04753851815e-07, 1.54643601036e-07, 2.77757891354e-07, 1.12795653706e-07, 1.82962196504e-07, 1.09162272111e-07, 4.00002363676e-07, 8.5019951257e-07, 1.78944489448e-07, 5.82543009386e-07, 3.37197548106e-07, 7.61547198636e-07, 5.20360003975e-08, 3.69561625746e-08, 6.55514327264e-08, 7.81925493243e-08, 3.17076640499e-08, 3.22779811768e-08, 3.69969899161e-09, 6.93727991719e-11],
        "dvar2": [1.80468964572e-06, 0.000360276229912, 5.06704527652e-05, 2.68973908533e-05, 1.46999627759e-05, 1.30912189888e-06, 4.07541818959e-07, 2.40615150915e-07, 4.26975532264e-07, 7.96612312115e-07, 3.04939760554e-07, 5.29978422037e-07, 3.05863267158e-07, 9.16012197649e-07, 2.36489813688e-06, 2.60979646782e-07, 1.29761156131e-06, 5.22473612818e-07, 2.38899338001e-06, 1.11935506197e-07, 8.89000730808e-08, 1.2302137975e-07, 1.60842589025e-07, 7.40557979384e-08, 6.28117291512e-08, 7.28960358742e-09, 1.04787900579e-10],
        "max": [0.0112456353381, 0.157427787781, 0.0459142625332, 0.0338692069054, 0.0239458605647, 0.00684704491869, 0.0131210237741, 0.00865739397705, 0.0142467971891, 0.00462145265192, 0.005047313869, 0.00327365566045, 0.00296487682499, 0.00619783066213, 0.00595604162663, 0.00580792687833, 0.00838525779545, 0.00745031377301, 0.00764052290469, 0.00301540177315, 0.00397514551878, 0.00285346806049, 0.0018234209856, 0.00150963349734, 0.00137999944855, 0.000452392967418, 6.43722960376e-05],
        "mean": [0.000962502788752, 0.0122891925275, 0.00254563405178, 0.0018436225364, 0.00167425139807, 0.000446695310529, 0.000284996523988, 0.000231091908063, 0.000204547628528, 0.000185318189324, 0.000142464923556, 0.00013791731908, 0.00012424448505, 0.00024038090487, 0.000296728190733, 0.000243531889282, 0.000309977069264, 0.000270626886049, 0.000229229961406, 9.87805833574e-05, 9.01894236449e-05, 0.000153616725584, 0.000146193662658, 8.72277814778e-05, 9.06903951545e-05, 4.70477389172e-05, 8.62299930304e-06],
        "median": [0.000408780644648, 0.00536784622818, 0.000363611383364, 0.000525388109963, 0.0010104769608, 0.000228205928579, 0.000111927438411, 6.92364264978e-05, 4.38666647824e-05, 6.0616992414e-05, 2.55820832535e-05, 3.52562783519e-05, 1.86150900845e-05, 2.58914224105e-05, 3.19103201036e-05, 2.36862961174e-05, 4.23489727837e-05, 1.69581544469e-05, 1.95171487576e-05, 8.8420447355e-06, 6.37988841845e-06, 6.0109732658e-06, 8.79554590938e-06, 6.07801939623e-06, 6.39088239041e-06, 5.28989357917e-06, 1.32166110234e-06],
        "min": [4.8726284663e-23, 2.11805603178e-23, 3.63427871937e-23, 6.11622753037e-24, 3.51356817028e-23, 9.98567459971e-23, 1.18404727591e-22, 4.08321567399e-23, 6.96449321162e-23, 1.53356794029e-22, 4.36192464943e-23, 1.08126627302e-22, 5.50827996196e-23, 1.32585139761e-22, 9.52864203892e-23, 1.3874599197e-22, 7.59219172717e-23, 3.01349838774e-22, 2.99549393131e-22, 3.75362081566e-22, 4.52736588376e-22, 6.46638952289e-22, 6.63190087118e-22, 7.36283641432e-22, 1.06364874971e-21, 2.05336197177e-21, 2.54752766687e-21],
        "var": [1.48600793182e-06, 0.000308378395857, 3.58173601853e-05, 9.41036341828e-06, 5.01916292706e-06, 4.05646432e-07, 2.08705785099e-07, 1.59844759651e-07, 1.55045043471e-07, 1.90276040257e-07, 1.04657992495e-07, 1.18381748848e-07, 9.95813564941e-08, 5.66723088014e-07, 6.85792940658e-07, 5.57349153496e-07, 8.66377945385e-07, 8.84536632384e-07, 6.64204492296e-07, 8.91169662509e-08, 5.93970774787e-08, 1.02246822564e-07, 9.59672945555e-08, 3.54303573147e-08, 3.7318176993e-08, 5.38717337406e-09, 1.60698843121e-10]
    },
    "erbbands": {
        "dmean": [0.303274601698, 1.15735828876, 2.28797841072, 2.02331328392, 3.15471053123, 4.30501699448, 5.00966787338, 2.17107605934, 2.85199165344, 2.92224359512, 3.09210658073, 3.43080759048, 4.28884840012, 5.17641592026, 6.9371304512, 6.16438007355, 6.05428600311, 9.94032287598, 16.2804698944, 10.711476326, 9.24333000183, 12.2335138321, 11.3237733841, 8.60943126678, 12.3004722595, 3.74967694283, 3.60731267929, 3.21504735947, 3.41078615189, 6.29815626144, 3.81481599808, 2.14040637016, 1.23748111725, 0.943990647793, 0.703241527081, 0.247373059392, 0.0585409104824, 0.00786407291889, 0.0011691255495, 5.86700589338e-05],
        "dmean2": [0.448940426111, 1.85221326351, 3.54169797897, 3.19006896019, 5.35652542114, 7.07943820953, 8.02064418793, 3.6750767231, 4.50019741058, 4.35995388031, 4.58928108215, 5.65666055679, 7.2222032547, 9.30410671234, 11.8606328964, 11.3944702148, 11.2581291199, 17.2539978027, 29.470085144, 15.7777013779, 11.6556682587, 18.6342601776, 17.8391838074, 13.4690990448, 22.5662498474, 6.51828384399, 6.18247699738, 4.66536855698, 5.06475305557, 10.0393610001, 6.05788755417, 3.45535540581, 1.89547133446, 1.52461409569, 1.09134793282, 0.361581921577, 0.0786772072315, 0.00989997480065, 0.00143695285078, 7.44856661186e-05],
        "dvar": [0.345451444387, 4.55704212189, 33.3189888, 23.8176555634, 73.4856338501, 98.1128311157, 115.232589722, 23.7955780029, 39.5059165955, 33.7757835388, 54.5728225708, 80.8588790894, 110.288139343, 270.426574707, 340.24307251, 305.073455811, 235.661834717, 789.12121582, 2340.60229492, 693.409851074, 660.210876465, 1720.94116211, 1409.54296875, 707.893371582, 1877.3404541, 138.222442627, 67.4253768921, 51.1709899902, 48.7100830078, 162.127838135, 59.8227958679, 19.6160163879, 6.02873373032, 3.84268188477, 1.96738398075, 0.194724470377, 0.00731136742979, 0.000116766772408, 2.70750547315e-06, 5.22883025766e-09],
        "dvar2": [0.736818492413, 11.9773330688, 75.9920806885, 62.9075012207, 203.112716675, 255.303909302, 300.743988037, 66.4087677002, 103.460098267, 79.2696762085, 123.23979187, 225.441619873, 305.491424561, 779.504272461, 938.778625488, 882.197692871, 677.216552734, 1899.34033203, 6573.66894531, 1603.20776367, 796.782287598, 3943.71240234, 3165.49926758, 1468.90087891, 6022.24169922, 311.206298828, 175.414489746, 108.802276611, 98.0163726807, 313.022277832, 126.558746338, 47.7160797119, 12.106710434, 7.4242181778, 4.16734027863, 0.429048091173, 0.0128435734659, 0.000173589840415, 4.29494139098e-06, 8.34591151744e-09],
        "max": [7.71210098267, 23.0169506073, 52.9065055847, 68.810798645, 77.7481460571, 102.343940735, 125.725593567, 46.3426475525, 177.31880188, 131.7394104, 258.500610352, 308.459533691, 124.055335999, 179.149551392, 225.552520752, 134.549316406, 136.953292847, 284.204071045, 293.849700928, 254.191055298, 357.115386963, 452.76461792, 406.106445312, 317.421661377, 361.076324463, 131.059844971, 150.506332397, 151.040496826, 127.564849854, 87.2802581787, 52.9811019897, 35.8194007874, 20.9154224396, 15.8317604065, 9.51750183105, 2.95111656189, 0.659784257412, 0.0923768132925, 0.0133058978245, 0.000679212505929],
        "mean": [0.541815936565, 2.01254940033, 3.24278497696, 4.20276117325, 4.81429576874, 5.78120279312, 7.52643108368, 2.95323038101, 4.1866517067, 4.55595541, 5.12720298767, 4.71601772308, 5.30664682388, 4.89524030685, 7.04849052429, 5.63620185852, 5.76405191422, 10.6566734314, 14.5672264099, 13.620300293, 16.0290527344, 17.2127838135, 15.2436189651, 12.3166265488, 9.88779640198, 4.72489118576, 3.71778321266, 3.52787423134, 3.80291891098, 6.90153694153, 4.00520706177, 2.00657486916, 1.33042669296, 0.969673752785, 0.689517140388, 0.268464773893, 0.0749677196145, 0.0112986667082, 0.00164494395722, 0.000106034902274],
        "median": [0.188577666879, 0.855761229992, 0.607610344887, 1.83353507519, 1.99025118351, 3.0142250061, 4.51081132889, 1.55113792419, 2.09927105904, 1.71070027351, 1.34929072857, 1.15162062645, 2.11040258408, 1.14913332462, 1.36791300774, 1.42531621456, 1.03780126572, 1.39147233963, 1.41198194027, 2.21449232101, 2.29777407646, 2.02227091789, 1.1398485899, 1.14307713509, 0.749878704548, 0.454096227884, 0.355304330587, 0.20320853591, 0.213883012533, 0.30315130949, 0.238139674067, 0.128913626075, 0.103136993945, 0.0675517246127, 0.0467706508934, 0.0265619158745, 0.0090840710327, 0.00168482586741, 0.000241830217419, 4.88759760628e-05],
        "min": [4.98614416217e-22, 5.98185030373e-21, 3.92453967545e-20, 2.98008876272e-20, 2.76684774004e-20, 1.05940278073e-19, 6.64940715929e-19, 8.34139889842e-19, 1.36886542015e-18, 1.6668712979e-18, 8.57780608351e-19, 1.43800799999e-18, 5.16080093482e-18, 2.28395134358e-18, 2.81666392987e-18, 4.35571431643e-18, 2.8923945897e-18, 7.47684254347e-18, 2.8406792578e-18, 6.74700165028e-18, 8.65673462358e-18, 6.43825979536e-18, 1.19433266837e-17, 1.31643172325e-17, 1.99249346893e-17, 1.87757343186e-17, 1.40207312351e-17, 2.06713113365e-17, 1.5153651037e-17, 2.88716705638e-17, 1.90235907174e-17, 1.31443945875e-17, 1.38904899933e-17, 1.09656546207e-17, 7.93756311951e-18, 8.04176140691e-18, 3.91350438814e-18, 1.36293980844e-18, 3.63444316947e-19, 3.76542082175e-20],
        "var": [0.647957503796, 8.69779491425, 48.5281028748, 37.296295166, 63.7125778198, 84.3839797974, 103.029296875, 18.8918628693, 42.0902099609, 55.7374916077, 91.5796432495, 77.7380218506, 98.1586151123, 170.518493652, 284.99597168, 200.135269165, 208.836410522, 1067.73486328, 1879.96740723, 1183.57409668, 2225.05029297, 2747.19848633, 2789.40087891, 1525.01672363, 1407.50268555, 214.295898438, 95.8383026123, 93.0216064453, 80.9073104858, 208.163482666, 73.0892410278, 20.317232132, 7.61516523361, 4.51550626755, 2.13981223106, 0.228987976909, 0.012502620928, 0.000258480373304, 5.9084845816e-06, 1.4103781254e-08]
    },
    "gfcc": {
        "mean": [-63.7556190491, 95.4605102539, -76.9474258423, 37.0632743835, -30.6054649353, 13.9812717438, -34.3375053406, 6.65315103531, -15.086019516, -0.545242130756, -12.727314949, 8.22860622406, -6.45716810226],
        "cov": [[8070.75097656, -3299.78149414, -177.191772461, 66.2201538086, -752.087341309, 681.008728027, -449.480377197, 543.710693359, -229.399673462, 426.347106934, -412.4637146, 119.210494995, -316.925323486], [-3299.78149414, 3189.72485352, -517.498535156, -127.161499023, 563.291320801, -477.443267822, 554.633544922, -259.917175293, 241.50402832, -311.33706665, 301.089813232, -216.455551147, 187.308853149], [-177.191772461, -517.498535156, 1505.74511719, -188.103561401, -82.7361831665, 196.807373047, -164.245101929, 86.7372207642, -26.9726982117, 74.4278793335, -93.0132598877, 91.4568862915, -50.9542160034], [66.2201538086, -127.161499023, -188.103561401, 561.674316406, 41.8512153625, 60.8137168884, -14.1276807785, -117.888755798, -21.0353431702, -45.8534431458, 17.6412982941, -10.8826932907, 61.5544586182], [-752.087341309, 563.291320801, -82.7361831665, 41.8512153625, 628.840393066, -87.7023162842, 114.12033844, -60.3599052429, 2.61596822739, -89.6443557739, 62.2380981445, -1.69661581516, 63.7345237732], [681.008728027, -477.443267822, 196.807373047, 60.8137168884, -87.7023162842, 315.919403076, -24.6847896576, 62.9881629944, -29.8719215393, 45.1441078186, -35.3438262939, 47.3767814636, -17.0546798706], [-449.480377197, 554.633544922, -164.245101929, -14.1276807785, 114.12033844, -24.6847896576, 245.144088745, 4.18421888351, 80.7660903931, -42.1663360596, 72.2498703003, -33.0588569641, 36.7135429382], [543.710693359, -259.917175293, 86.7372207642, -117.888755798, -60.3599052429, 62.9881629944, 4.18421888351, 227.645690918, 71.8402175903, 86.0444259644, -25.5622825623, 14.2638750076, -56.8848648071], [-229.399673462, 241.50402832, -26.9726982117, -21.0353431702, 2.61596822739, -29.8719215393, 80.7660903931, 71.8402175903, 171.666519165, 51.1493110657, 64.3188095093, -6.32660484314, 14.4783811569], [426.347106934, -311.33706665, 74.4278793335, -45.8534431458, -89.6443557739, 45.1441078186, -42.1663360596, 86.0444259644, 51.1493110657, 147.943099976, 22.4127216339, 49.8831176758, -18.8259449005], [-412.4637146, 301.089813232, -93.0132598877, 17.6412982941, 62.2380981445, -35.3438262939, 72.2498703003, -25.5622825623, 64.3188095093, 22.4127216339, 129.118255615, 39.8378791809, 60.3220214844], [119.210494995, -216.455551147, 91.4568862915, -10.8826932907, -1.69661581516, 47.3767814636, -33.0588569641, 14.2638750076, -6.32660484314, 49.8831176758, 39.8378791809, 121.932235718, 46.1799621582], [-316.925323486, 187.308853149, -50.9542160034, 61.5544586182, 63.7345237732, -17.0546798706, 36.7135429382, -56.8848648071, 14.4783811569, -18.8259449005, 60.3220214844, 46.1799621582, 113.985168457]],
        "icov": [[0.000313907978125, 0.000110086613859, 0.000218708693865, -6.38571946183e-05, 6.84583865223e-05, -0.000326498906361, -1.81475606951e-05, -0.000413255329477, 0.000344322790625, -0.000599196529947, 0.000634338590316, -9.01115126908e-05, 9.47306398302e-05], [0.000110086613859, 0.00166176573839, -9.69541724771e-05, 0.000743011129089, -0.000345670647221, 0.000744991120882, -0.00142375775613, 0.000669276691042, -0.00104948424269, 0.00197892170399, -0.0025365895126, 0.00257031433284, -0.00101070466917], [0.000218708693865, -9.69541724771e-05, 0.00105905334931, 0.000245700881351, -3.24611974065e-05, -0.00087903381791, 0.000651596987154, -0.000109419132059, -0.000209964433452, -0.000555949984118, 0.00139681063592, -0.000991759472527, 0.000327754154569], [-6.38571946183e-05, 0.000743011129089, 0.000245700881351, 0.00282686133869, -0.000367046013707, -0.000726347323507, 0.000193814295926, 0.00169657997321, -0.001345579396, 0.00134764506947, -0.00136256800033, 0.00202606269158, -0.00164069677703], [6.84583865223e-05, -0.000345670647221, -3.24611974065e-05, -0.000367046013707, 0.00210937205702, 0.00025038223248, -0.000399590382585, -0.000610979273915, 0.000807841890492, 0.000442176853539, 3.54467883881e-05, -0.000925612228457, -4.94573796459e-05], [-0.000326498906361, 0.000744991120882, -0.00087903381791, -0.000726347323507, 0.00025038223248, 0.00554577866569, -0.00224195420742, -0.000523973547388, 0.000653056369629, 0.000872492499184, -0.0010219035903, -0.000362365710316, -0.000233580736676], [-1.81475606951e-05, -0.00142375775613, 0.000651596987154, 0.000193814295926, -0.000399590382585, -0.00224195420742, 0.00904669798911, -0.0016846958315, -0.0016021974152, 0.00134575238917, -0.00154282082804, 0.000544449372683, -0.000369170535123], [-0.000413255329477, 0.000669276691042, -0.000109419132059, 0.00169657997321, -0.000610979273915, -0.000523973547388, -0.0016846958315, 0.0101821050048, -0.00551769509912, -0.0011403671233, 0.00199784175493, -0.00107002095319, 0.00256210193038], [0.000344322790625, -0.00104948424269, -0.000209964433452, -0.001345579396, 0.000807841890492, 0.000653056369629, -0.0016021974152, -0.00551769509912, 0.0136371264234, -0.00574861094356, -0.00263067963533, 0.00229116715491, -0.00149453873746], [-0.000599196529947, 0.00197892170399, -0.000555949984118, 0.00134764506947, 0.000442176853539, 0.000872492499184, 0.00134575238917, -0.0011403671233, -0.00574861094356, 0.018187077716, -0.00896486546844, -0.000664983235765, 0.00173423171509], [0.000634338590316, -0.0025365895126, 0.00139681063592, -0.00136256800033, 3.54467883881e-05, -0.0010219035903, -0.00154282082804, 0.00199784175493, -0.00263067963533, -0.00896486546844, 0.0245480518788, -0.0105652008206, -0.00124367442913], [-9.01115126908e-05, 0.00257031433284, -0.000991759472527, 0.00202606269158, -0.000925612228457, -0.000362365710316, 0.000544449372683, -0.00107002095319, 0.00229116715491, -0.000664983235765, -0.0105652008206, 0.021764235571, -0.00988497585058], [9.47306398302e-05, -0.00101070466917, 0.000327754154569, -0.00164069677703, -4.94573796459e-05, -0.000233580736676, -0.000369170535123, 0.00256210193038, -0.00149453873746, 0.00173423171509, -0.00124367442913, -0.00988497585058, 0.0182593222708]]
    },
    "melbands": {
        "dmean": [0.00217002700083, 0.00116315635387, 0.00041712296661, 0.000210996309761, 0.000200623006094, 5.10361023771e-05, 4.21884542448e-05, 3.17808771797e-05, 2.53085017903e-05, 2.23751976591e-05, 2.21789068746e-05, 2.18201057578e-05, 1.98818270292e-05, 1.73597927642e-05, 1.71256142494e-05, 1.25798978843e-05, 1.94059721252e-05, 2.53450107266e-05, 2.23789447773e-05, 1.07040632429e-05, 1.11064018711e-05, 1.3232335732e-05, 1.24093085105e-05, 8.83065604285e-06, 6.67893345963e-06, 1.09318725663e-05, 5.36347033631e-06, 2.08790697798e-06, 2.33356627177e-06, 1.87683258446e-06, 1.84784039448e-06, 1.64622883858e-06, 3.13144823849e-06, 3.54395388058e-06, 2.46483637056e-06, 1.82208486876e-06, 1.04176388049e-06, 9.23785194118e-07, 7.25479026187e-07, 8.40236054955e-07],
        "dmean2": [0.00325062219054, 0.00178256817162, 0.000676736468449, 0.000353941431968, 0.00032261578599, 8.60079671838e-05, 6.61982994643e-05, 4.69431251986e-05, 3.76875505026e-05, 3.72977556253e-05, 3.74997434847e-05, 3.94397684431e-05, 3.35014519806e-05, 3.16070436384e-05, 3.17781232297e-05, 2.26429274335e-05, 3.29468493874e-05, 4.55375302408e-05, 3.92210640712e-05, 1.49471443365e-05, 1.35952996061e-05, 1.96829460037e-05, 2.13683124457e-05, 1.05412500488e-05, 1.0386050235e-05, 1.96895016416e-05, 1.00981296782e-05, 3.29629961016e-06, 4.04168622481e-06, 3.01298973682e-06, 2.67418067779e-06, 2.46427657657e-06, 4.84315069116e-06, 5.71979808228e-06, 3.92835090679e-06, 3.03883302877e-06, 1.64755874721e-06, 1.39718895298e-06, 1.14052591016e-06, 1.3606909306e-06],
        "dvar": [1.73689350049e-05, 5.80691266805e-06, 1.04173057025e-06, 2.07249627238e-07, 1.91210389744e-07, 1.25373542659e-08, 8.62213411779e-09, 3.96625932098e-09, 4.0052996475e-09, 3.52171358742e-09, 3.03982394811e-09, 4.97427876667e-09, 2.70175015693e-09, 2.15345430377e-09, 2.3639847857e-09, 9.88720660899e-10, 3.23678639447e-09, 5.71123237592e-09, 4.26466906234e-09, 8.09630140708e-10, 9.7090235851e-10, 1.85155835108e-09, 1.90729365634e-09, 8.08989819578e-10, 4.1774358972e-10, 1.38668887484e-09, 3.80115133813e-10, 3.53552846721e-11, 2.79686707821e-11, 2.14793530184e-11, 1.74209240783e-11, 1.41378202548e-11, 3.83716045049e-11, 5.26956395186e-11, 2.49587694262e-11, 1.46746625268e-11, 4.49290040935e-12, 3.35387273509e-12, 2.12593723008e-12, 3.22060238721e-12],
        "dvar2": [3.83385668101e-05, 1.43792758536e-05, 2.87885291073e-06, 5.38690585472e-07, 4.92348192438e-07, 3.50350077838e-08, 2.23237268671e-08, 9.31112431601e-09, 8.90247875418e-09, 9.9374464213e-09, 8.42875991225e-09, 1.43618077431e-08, 7.38830907565e-09, 6.15764905731e-09, 6.82809542241e-09, 2.72161315706e-09, 7.62425500511e-09, 1.57817847679e-08, 1.17507452657e-08, 1.22546794934e-09, 1.22964616267e-09, 3.9901335569e-09, 5.33027133542e-09, 1.19520826569e-09, 8.50969461563e-10, 4.46656400754e-09, 1.13864762064e-09, 6.6434212298e-11, 7.46693470943e-11, 5.27584122223e-11, 3.60694217549e-11, 2.98451992287e-11, 7.95935123366e-11, 1.00269591241e-10, 5.18790288506e-11, 3.53262627484e-11, 1.06891440144e-11, 7.08104495178e-12, 4.02508061603e-12, 6.43755361518e-12],
        "max": [0.0543851219118, 0.0243838895112, 0.0118398554623, 0.00439677527174, 0.00503176869825, 0.00100448739249, 0.0028036844451, 0.00128152349498, 0.00256786332466, 0.00185935932677, 0.000597587961238, 0.00070353213232, 0.000633955176454, 0.000393041176721, 0.00037382444134, 0.000306004309095, 0.000620350358076, 0.000485699769342, 0.000477459194371, 0.000384854269214, 0.000439402472693, 0.000508542289026, 0.000393647002056, 0.000383550825063, 0.000248034659307, 0.00032714594272, 0.000164547192981, 7.7399177826e-05, 6.74112889101e-05, 0.000157150876475, 9.08686997718e-05, 7.49302998884e-05, 5.89583469264e-05, 4.38027564087e-05, 3.64194675058e-05, 3.23072781612e-05, 1.71066403709e-05, 1.62167179951e-05, 1.07721234599e-05, 1.59168976097e-05],
        "mean": [0.00397763354704, 0.0019578805659, 0.000814016384538, 0.000320870109135, 0.000298876664601, 7.05665661371e-05, 6.30189533695e-05, 4.83409748995e-05, 4.21055592597e-05, 2.94999317703e-05, 2.6834437449e-05, 2.00241720449e-05, 2.08235087484e-05, 1.63443055499e-05, 1.52988395712e-05, 1.25351889437e-05, 2.07475895877e-05, 2.29118177231e-05, 2.19540688704e-05, 1.6735330064e-05, 1.90125520021e-05, 1.83016636583e-05, 1.46269821926e-05, 1.26977265609e-05, 9.66590414464e-06, 8.52122411743e-06, 4.96300663144e-06, 2.71798194262e-06, 2.27826785704e-06, 2.09853396882e-06, 2.03205854632e-06, 1.82837948159e-06, 3.38302265845e-06, 3.87694944948e-06, 2.61350987785e-06, 1.63341212556e-06, 1.01789191831e-06, 9.72049747361e-07, 7.68794905071e-07, 8.40901634547e-07],
        "median": [0.00160992052406, 0.000592190423049, 0.000391151697841, 0.000178253074409, 0.00018101024034, 3.64339139196e-05, 3.17598533002e-05, 1.66488807736e-05, 8.44722490001e-06, 7.04039894117e-06, 1.01952264231e-05, 3.53224913852e-06, 3.9433693928e-06, 3.49160950464e-06, 2.46481408794e-06, 1.61284231126e-06, 2.55938289229e-06, 1.89682896234e-06, 2.29994680012e-06, 2.05880905924e-06, 2.47573825618e-06, 2.29043484978e-06, 8.03760485724e-07, 8.46817613365e-07, 8.79658159647e-07, 5.1482697927e-07, 3.79735666911e-07, 2.56053311887e-07, 2.14043623714e-07, 1.49508991854e-07, 1.00262056435e-07, 1.0681311835e-07, 1.14322268985e-07, 1.90257907207e-07, 1.48611704276e-07, 7.57123785888e-08, 7.2189010325e-08, 7.00518683061e-08, 5.81041561531e-08, 5.30040473734e-08],
        "min": [7.50270934143e-24, 1.65080977331e-23, 5.18865845117e-24, 3.62639200358e-24, 1.96787726803e-23, 1.86981428445e-23, 2.0872959785e-23, 1.57688861555e-23, 6.00516577567e-24, 1.01503931743e-23, 2.64761914631e-23, 1.02457285925e-23, 7.10452469977e-24, 1.33461239217e-23, 6.4351931822e-24, 8.53027955657e-24, 1.42747189145e-23, 3.4646857732e-24, 8.1192435819e-24, 8.61231083552e-24, 9.91721614594e-24, 4.78239429612e-24, 1.37970273487e-23, 8.6575527973e-24, 1.02528725168e-23, 1.39759220694e-23, 1.46374497805e-23, 1.12078896168e-23, 7.5425073741e-24, 1.21286772532e-23, 1.13944418102e-23, 6.72306627589e-24, 1.41067073189e-23, 1.55733196485e-23, 1.05671113141e-23, 9.50153456941e-24, 7.71817249819e-24, 8.56670363115e-24, 1.23046855318e-23, 8.29635389918e-24],
        "var": [3.33804746333e-05, 1.07507512439e-05, 1.33075798203e-06, 1.89421470509e-07, 1.69548414419e-07, 1.04357038566e-08, 9.39816935386e-09, 6.32152685753e-09, 7.18076176298e-09, 3.20811577303e-09, 2.67759703299e-09, 3.11076742143e-09, 2.31095187431e-09, 1.50944334809e-09, 1.62298363637e-09, 1.04185660099e-09, 4.38124514446e-09, 4.9055413065e-09, 3.51402906773e-09, 2.35826824735e-09, 3.1345532836e-09, 2.9598792306e-09, 2.50290921322e-09, 2.04783878743e-09, 9.16229370151e-10, 1.00946317971e-09, 3.47778444931e-10, 6.4298642799e-11, 3.60071625294e-11, 3.53842545542e-11, 3.08261645376e-11, 2.30367582649e-11, 5.14254264172e-11, 6.63690144509e-11, 3.15713739873e-11, 1.41213212998e-11, 5.10454482502e-12, 4.14713749453e-12, 2.65912031977e-12, 3.61399625504e-12]
    },
    "mfcc": {
        "mean": [-722.47479248, 132.41267395, 20.5204315186, 33.2926177979, 27.0209293365, 13.7576036453, 0.582770824432, 11.8627624512, 0.564025580883, 2.31217932701, -1.80925321579, -2.60345339775, 3.48962855339],
        "cov": [[7486.38085938, -2648.39892578, -518.702636719, -310.804748535, -494.835540771, 133.883117676, -239.064071655, 62.4833641052, 65.951675415, 126.262130737, 185.633850098, -35.4450912476, 3.76854538918], [-2648.39892578, 2552.74414062, -295.440612793, 85.4365386963, 90.0973892212, -182.054885864, 223.132293701, 61.3564414978, 61.0834503174, 52.0366821289, -3.76214790344, 75.0852279663, 26.9242305756], [-518.702636719, -295.440612793, 1232.14624023, -174.16998291, 11.3949899673, 61.3586654663, -87.0544509888, -6.75163030624, 0.442872881889, -8.11811065674, 5.43832159042, -9.40242671967, 45.4910736084], [-310.804748535, 85.4365386963, -174.16998291, 365.667419434, 140.166183472, 55.4933128357, 38.7202033997, -6.625893116, -7.71820259094, -11.7650337219, -27.8632030487, -14.8032960892, -24.0949554443], [-494.835540771, 90.0973892212, 11.3949899673, 140.166183472, 349.12286377, 91.4401779175, 78.2533111572, 12.2731590271, -2.09842324257, -37.6282463074, -53.7987289429, -31.9910392761, 2.67864465714], [133.883117676, -182.054885864, 61.3586654663, 55.4933128357, 91.4401779175, 219.820144653, 79.3974075317, 31.8356571198, -13.3521938324, -28.5322952271, -34.5771026611, -30.4186820984, 2.68136835098], [-239.064071655, 223.132293701, -87.0544509888, 38.7202033997, 78.2533111572, 79.3974075317, 167.993408203, 50.7765693665, 9.76871299744, -23.385427475, -36.9917793274, -16.0926799774, -10.98042202], [62.4833641052, 61.3564414978, -6.75163030624, -6.625893116, 12.2731590271, 31.8356571198, 50.7765693665, 124.788475037, 47.1546516418, 28.9822998047, 18.0351963043, 8.68782043457, 9.87709522247], [65.951675415, 61.0834503174, 0.442872881889, -7.71820259094, -2.09842324257, -13.3521938324, 9.76871299744, 47.1546516418, 91.1686248779, 49.9041442871, 23.0644016266, 22.928609848, 7.9410905838], [126.262130737, 52.0366821289, -8.11811065674, -11.7650337219, -37.6282463074, -28.5322952271, -23.385427475, 28.9822998047, 49.9041442871, 107.04637146, 70.5640029907, 28.4364643097, 21.3369617462], [185.633850098, -3.76214790344, 5.43832159042, -27.8632030487, -53.7987289429, -34.5771026611, -36.9917793274, 18.0351963043, 23.0644016266, 70.5640029907, 104.339988708, 51.9691543579, 25.283372879], [-35.4450912476, 75.0852279663, -9.40242671967, -14.8032960892, -31.9910392761, -30.4186820984, -16.0926799774, 8.68782043457, 22.928609848, 28.4364643097, 51.9691543579, 90.3023452759, 44.3136138916], [3.76854538918, 26.9242305756, 45.4910736084, -24.0949554443, 2.67864465714, 2.68136835098, -10.98042202, 9.87709522247, 7.9410905838, 21.3369617462, 25.283372879, 44.3136138916, 85.6215515137]],
