{
"lowlevel": {
    "average_loudness": 0.907290756702,
    "barkbands_crest": {
        "dmean": 3.27266335487,
        "dmean2": 5.10769224167,
        "dvar": 9.51709270477,
        "dvar2": 20.6647415161,
        "max": 26.1485309601,
        "mean": 13.4491109848,
        "median": 12.9079179764,
        "min": 2.37008190155,
        "var": 26.3501968384
    },
    "barkbands_flatness_db": {
        "dmean": 0.0462966673076,
        "dmean2": 0.0624548718333,
        "dvar": 0.00238830386661,
        "dvar2": 0.00419882545248,
        "max": 0.458009898663,
        "mean": 0.186250671744,
        "median": 0.185100644827,
        "min": 0.0122432103381,
        "var": 0.0067589986138
    },
    "barkbands_kurtosis": {
        "dmean": 8.30646800995,
        "dmean2": 12.7546195984,
        "dvar": 216.731918335,
        "dvar2": 464.801605225,
        "max": 332.741333008,
        "mean": 12.4552345276,
        "median": 6.12626409531,
        "min": -1.8394895792,
        "var": 388.771942139
    },
    "barkbands_skewness": {
        "dmean": 0.91021490097,
        "dmean2": 1.39271450043,
        "dvar": 1.10538423061,
        "dvar2": 2.49271321297,
        "max": 15.9767408371,
        "mean": 2.50917673111,
        "median": 2.13934588432,
        "min": -2.2483997345,
        "var": 2.74629735947
    },
    "barkbands_spread": {
        "dmean": 10.907623291,
        "dmean2": 18.2605743408,
        "dvar": 270.985778809,
        "dvar2": 668.650817871,
        "max": 97.3863143921,
        "mean": 17.1731548309,
        "median": 10.3042030334,
        "min": 0.340802013874,
        "var": 306.45123291
    },
    "dissonance": {
        "dmean": 0.0264587439597,
        "dmean2": 0.0429828129709,
        "dvar": 0.000584771274589,
        "dvar2": 0.00150098092854,
        "max": 0.500000178814,
        "mean": 0.44122043252,
        "median": 0.451955497265,
        "min": 0.216189846396,
        "var": 0.00184879277367
    },
    "dynamic_complexity": 3.78423810005,
    "erbbands_crest": {
        "dmean": 2.89978122711,
        "dmean2": 4.4696559906,
        "dvar": 7.03348302841,
        "dvar2": 15.8515281677,
        "max": 32.0460281372,
        "mean": 10.9114494324,
        "median": 9.46120166779,
        "min": 2.04047060013,
        "var": 36.0473899841
    },
    "erbbands_flatness_db": {
        "dmean": 0.0290663465858,
        "dmean2": 0.0402255132794,
        "dvar": 0.000841504486743,
        "dvar2": 0.0014199113939,
        "max": 0.41908416152,
        "mean": 0.168142586946,
        "median": 0.159620344639,
        "min": 0.0416250936687,
        "var": 0.00536165805534
    },
    "erbbands_kurtosis": {
        "dmean": 1.7786039114,
        "dmean2": 2.82319331169,
        "dvar": 6.85851144791,
        "dvar2": 16.1993675232,
        "max": 64.7370681763,
        "mean": 1.67701721191,
        "median": 0.307270050049,
        "min": -1.86381471157,
        "var": 18.5010089874
    },
    "erbbands_skewness": {
        "dmean": 0.566262841225,
        "dmean2": 0.881868243217,
        "dvar": 0.297243416309,
        "dvar2": 0.732357919216,
        "max": 6.96578168869,
        "mean": 0.906298935413,
        "median": 0.826855897903,
        "min": -2.88162755966,
        "var": 0.945415735245
    },
    "erbbands_spread": {
        "dmean": 14.4197072983,
        "dmean2": 22.2621707916,
        "dvar": 310.711090088,
        "dvar2": 651.898681641,
        "max": 150.152130127,
        "mean": 42.203666687,
        "median": 36.7143936157,
        "min": 1.57149660587,
        "var": 698.994445801
    },
    "hfc": {
        "dmean": 15.7962665558,
        "dmean2": 26.70860672,
        "dvar": 813.968994141,
        "dvar2": 2203.56616211,
        "max": 262.073242188,
        "mean": 22.3858966827,
        "median": 14.4339694977,
        "min": 1.12835601479e-16,
        "var": 698.624938965
    },
    "melbands_crest": {
        "dmean": 4.23217010498,
        "dmean2": 6.65558481216,
        "dvar": 15.8649940491,
        "dvar2": 37.2878074646,
        "max": 34.6867103577,
        "mean": 18.9844341278,
        "median": 19.1755104065,
        "min": 1.77999567986,
        "var": 40.8630714417
    },
    "melbands_flatness_db": {
        "dmean": 0.0541090480983,
        "dmean2": 0.0751244872808,
        "dvar": 0.00359242735431,
        "dvar2": 0.00676032621413,
        "max": 0.573722481728,
        "mean": 0.266268491745,
        "median": 0.262804448605,
        "min": 0.00472660595551,
        "var": 0.00931736920029
    },
    "melbands_kurtosis": {
        "dmean": 14.5967311859,
        "dmean2": 22.5534172058,
        "dvar": 512.67956543,
        "dvar2": 1192.08557129,
        "max": 373.04019165,
        "mean": 27.3142967224,
        "median": 16.5397377014,
        "min": -1.76740169525,
        "var": 1082.94543457
    },
    "melbands_skewness": {
        "dmean": 1.00055325031,
        "dmean2": 1.53821384907,
        "dvar": 1.12963140011,
        "dvar2": 2.75225090981,
        "max": 16.6094379425,
        "mean": 3.57128500938,
        "median": 3.2325592041,
        "min": -0.932085216045,
        "var": 4.13347434998
    },
    "melbands_spread": {
        "dmean": 8.60817909241,
        "dmean2": 14.6693191528,
        "dvar": 224.759185791,
        "dvar2": 594.268920898,
        "max": 199.846389771,
        "mean": 13.8226537704,
        "median": 9.29300022125,
        "min": 0.412295132875,
        "var": 229.769668579
    },
    "pitch_salience": {
        "dmean": 0.09846124053,
        "dmean2": 0.150802657008,
        "dvar": 0.00996840652078,
        "dvar2": 0.0216095559299,
        "max": 0.915666937828,
        "mean": 0.457117170095,
        "median": 0.457224875689,
        "min": 0.0540088675916,
        "var": 0.0245892014354
    },
    "silence_rate_20dB": {
        "dmean": 0,
        "dmean2": 0,
        "dvar": 0,
        "dvar2": 0,
        "max": 1,
        "mean": 1,
        "median": 1,
        "min": 1,
        "var": 0
    },
    "silence_rate_30dB": {
        "dmean": 0.0648952126503,
        "dmean2": 0.129798904061,
        "dvar": 0.0606847070158,
        "dvar2": 0.11451471597,
        "max": 1,
        "mean": 0.893328130245,
        "median": 1,
        "min": 0,
        "var": 0.0952799841762
    },
    "silence_rate_60dB": {
        "dmean": 0.00430893758312,
        "dmean2": 0.00861843861639,
        "dvar": 0.00429067015648,
        "dvar2": 0.0103730894625,
        "max": 1,
        "mean": 0.0690690726042,
        "median": 0,
        "min": 0,
        "var": 0.0642897412181
    },
    "spectral_centroid": {
        "dmean": 391.891693115,
        "dmean2": 631.84375,
        "dvar": 307351.84375,
        "dvar2": 737211.25,
        "max": 11505.0742188,
        "mean": 991.890075684,
        "median": 768.3359375,
        "min": 124.29372406,
        "var": 483197.03125
    },
    "spectral_complexity": {
        "dmean": 4.50349283218,
        "dmean2": 7.48237133026,
        "dvar": 43.3859291077,
        "dvar2": 107.016456604,
        "max": 55,
        "mean": 14.2932500839,
        "median": 12,
        "min": 0,
        "var": 67.9789886475
    },
    "spectral_decrease": {
        "dmean": 4.09360367826e-09,
        "dmean2": 5.60914026337e-09,
        "dvar": 3.08860538787e-17,
        "dvar2": 6.039064996e-17,
        "max": 1.62310478476e-28,
        "mean": -1.19365619611e-08,
        "median": -9.45089517757e-09,
        "min": -7.01448001905e-08,
        "var": 1.09720254004e-16
    },
    "spectral_energy": {
        "dmean": 0.0157242715359,
        "dmean2": 0.0215680338442,
        "dvar": 0.000429609761341,
        "dvar2": 0.000862626649905,
        "max": 0.266934156418,
        "mean": 0.0470818653703,
        "median": 0.0377896539867,
        "min": 1.01641982654e-20,
        "var": 0.0016043925425
    },
    "spectral_energyband_high": {
        "dmean": 0.00177995034028,
        "dmean2": 0.00313440477476,
        "dvar": 1.29876498249e-05,
        "dvar2": 3.47742243321e-05,
        "max": 0.0313778892159,
        "mean": 0.00142988236621,
        "median": 0.000199675923795,
        "min": 7.46374841009e-21,
        "var": 9.34124273044e-06
    },
    "spectral_energyband_low": {
        "dmean": 0.014866264537,
        "dmean2": 0.0216973666102,
        "dvar": 0.000606658286415,
        "dvar2": 0.00116497802082,
        "max": 0.259449124336,
        "mean": 0.0289521757513,
        "median": 0.0169924125075,
        "min": 2.5981550432e-23,
        "var": 0.00149591895752
    },
    "spectral_energyband_middle_high": {
        "dmean": 0.00113751273602,
        "dmean2": 0.00180497358087,
        "dvar": 3.59752948498e-06,
        "dvar2": 8.73774752108e-06,
        "max": 0.0302242822945,
        "mean": 0.0023345304653,
        "median": 0.00157945416868,
        "min": 1.12173597342e-21,
        "var": 6.30007616564e-06
    },
    "spectral_energyband_middle_low": {
        "dmean": 0.00683912727982,
        "dmean2": 0.00999110750854,
        "dvar": 0.000112152301881,
        "dvar2": 0.000240035064053,
        "max": 0.128789931536,
        "mean": 0.0156917758286,
        "median": 0.0107266698033,
        "min": 2.02607248365e-22,
        "var": 0.000227503303904
    },
    "spectral_entropy": {
        "dmean": 0.375452905893,
        "dmean2": 0.533063054085,
        "dvar": 0.174396529794,
        "dvar2": 0.307562798262,
        "max": 9.81271648407,
        "mean": 7.31802511215,
        "median": 7.26935338974,
        "min": 5.1143860817,
        "var": 0.517406284809
    },
    "spectral_flux": {
        "dmean": 0.0384592600167,
        "dmean2": 0.0565607361495,
        "dvar": 0.00167952314951,
        "dvar2": 0.00347412400879,
        "max": 0.415955394506,
        "mean": 0.104561112821,
        "median": 0.0800724327564,
        "min": 6.52522896827e-11,
        "var": 0.00594444386661
    },
    "spectral_kurtosis": {
        "dmean": 3.49055171013,
        "dmean2": 5.64249753952,
        "dvar": 26.726726532,
        "dvar2": 74.4090957642,
        "max": 117.263938904,
        "mean": 6.52607917786,
        "median": 3.51055312157,
        "min": -1.25045049191,
        "var": 98.6231079102
    },
    "spectral_rms": {
        "dmean": 0.00102583493572,
        "dmean2": 0.00139000697527,
        "dvar": 1.13930468615e-06,
        "dvar2": 2.21706818593e-06,
        "max": 0.0161376446486,
        "mean": 0.00614519836381,
        "median": 0.00607189908624,
        "min": 3.14901425248e-12,
        "var": 8.17000636744e-06
    },
    "spectral_rolloff": {
        "dmean": 895.174133301,
        "dmean2": 1656.15039062,
        "dvar": 3148312,
        "dvar2": 8405733,
        "max": 19315.2832031,
        "mean": 1025.17590332,
        "median": 538.330078125,
        "min": 64.599609375,
        "var": 2764177.75
    },
    "spectral_skewness": {
        "dmean": 0.451905280352,
        "dmean2": 0.702936589718,
        "dvar": 0.230950847268,
        "dvar2": 0.502612352371,
        "max": 8.60344219208,
        "mean": 1.74185180664,
        "median": 1.57396757603,
        "min": -0.051936507225,
        "var": 0.856497704983
    },
    "spectral_spread": {
        "dmean": 1108206.25,
        "dmean2": 1556365.125,
        "dvar": 1.79087002829e+12,
        "dvar2": 2.96468794573e+12,
        "max": 42245408,
        "mean": 4908469,
        "median": 4447124.5,
        "min": 671937.875,
        "var": 5.35940929946e+12
    },
    "spectral_strongpeak": {
        "dmean": 0.377086400986,
        "dmean2": 0.595385909081,
        "dvar": 0.367922008038,
        "dvar2": 0.844847619534,
        "max": 7.46690607071,
        "mean": 0.95731317997,
        "median": 0.485011935234,
        "min": 0,
        "var": 1.26750421524
    },
    "zerocrossingrate": {
        "dmean": 0.015553465113,
        "dmean2": 0.0204664319754,
        "dvar": 0.000297192833386,
        "dvar2": 0.000405813363614,
        "max": 0.51708984375,
        "mean": 0.0443588420749,
        "median": 0.0341796875,
        "min": 0.00244140625,
        "var": 0.00128667615354
    },
    "barkbands": {
        "dmean": [0.000923335901462, 0.0117303645238, 0.00691157439724, 0.00297141028568, 0.00239588227123, 0.00123968918342, 0.000895745703019, 0.00198865612037, 0.000374009017833, 0.000280962907709, 0.00021786490106, 0.000199281406822, 0.000114372851385, 0.000196785578737, 0.000126873841509, 9.3552225735e-05, 0.000140441916301, 9.60483012022e-05, 0.00014967257448, 0.000179767637746, 0.000278582505416, 0.000386787229218, 0.000431919121183, 0.000400590739446, 0.00015856117534, 5.48780226381e-05, 1.30542584884e-05],
        "dmean2": [0.00137160078157, 0.0173699334264, 0.0107410596684, 0.00530394073576, 0.00409967824817, 0.00194351072423, 0.00137944496237, 0.00261975056492, 0.000552284647711, 0.000420239521191, 0.000340385304298, 0.000313729862683, 0.000183820317034, 0.00031201847014, 0.000209745863685, 0.000163088538102, 0.000246000359766, 0.000169340957655, 0.000264744070591, 0.000310812203679, 0.000491847342346, 0.000682092504576, 0.000774832209572, 0.000717875082046, 0.000276970764389, 9.34009585762e-05, 2.22947710427e-05],
        "dvar": [2.84836391984e-06, 0.000383892969694, 0.000345183041645, 7.55021537771e-05, 2.78424558928e-05, 3.59516047865e-06, 2.96588245874e-06, 1.62711767189e-05, 9.14265569918e-07, 5.20442199559e-07, 2.08130344959e-07, 3.18580248404e-07, 1.71821497474e-07, 1.64990552776e-07, 1.2697131524e-07, 3.99306721022e-08, 1.15737570638e-07, 4.88766325191e-08, 1.09560453154e-07, 1.41830739153e-07, 2.97057880516e-07, 6.84256747263e-07, 9.35629714149e-07, 7.37493735414e-07, 9.08413895218e-08, 1.36121585115e-08, 1.71700731411e-09],
        "dvar2": [5.44518297829e-06, 0.000817735213786, 0.000819499837235, 0.000209428806556, 7.6168886153e-05, 9.33627688937e-06, 7.191747045e-06, 2.56673411059e-05, 1.69486270352e-06, 1.10567020783e-06, 4.49029982974e-07, 6.60601415348e-07, 3.88917186456e-07, 3.82390140885e-07, 2.9313127925e-07, 1.10270782727e-07, 3.23253118495e-07, 1.34396117346e-07, 2.97792126958e-07, 3.66432146848e-07, 7.88306408595e-07, 1.82012058758e-06, 2.55224176726e-06, 2.01597458727e-06, 2.35846840724e-07, 3.56179548078e-08, 3.82976583779e-09],
        "max": [0.0221267864108, 0.216356098652, 0.174860283732, 0.072090819478, 0.0925011858344, 0.0294024273753, 0.0468016937375, 0.0957264453173, 0.0397981144488, 0.0382351130247, 0.012138735503, 0.0186914987862, 0.0165264587849, 0.00812365859747, 0.0142979584634, 0.00430273683742, 0.00424898136407, 0.00344206206501, 0.00491274194792, 0.00973735377192, 0.00540961557999, 0.00949872285128, 0.00731974141672, 0.00719166779891, 0.00405753729865, 0.00209149671718, 0.00189257541206],
        "mean": [0.00162194878794, 0.0194324050099, 0.00671722926199, 0.00225814222358, 0.0029226206243, 0.00242435303517, 0.00198377924971, 0.00509061804041, 0.000723633100279, 0.000492043618578, 0.000349278358044, 0.000339158636052, 0.000156721973326, 0.000331909832312, 0.000179336886504, 0.000119814205391, 0.000165473305969, 0.000107028434286, 0.000155596440891, 0.000180057686521, 0.000231712387176, 0.000304289278574, 0.00031703960849, 0.00028900676989, 0.000129466352519, 4.50921434094e-05, 1.40791817103e-05],
        "median": [0.000154711015057, 0.0091420058161, 0.00123965973035, 0.000393769150833, 0.00136924814433, 0.00149443978444, 0.000860321917571, 0.000810001278296, 0.000189316429896, 0.000182174902875, 0.000137197814183, 0.000116499402793, 5.73406432522e-05, 9.30290916585e-05, 7.23595294403e-05, 5.84984009038e-05, 8.30190256238e-05, 4.33418790635e-05, 5.77102837269e-05, 5.26307703694e-05, 4.26657788921e-05, 3.69921181118e-05, 2.70618766081e-05, 1.78790742211e-05, 7.95903633843e-06, 1.52855886881e-06, 1.20570547324e-07],
        "min": [6.67190470188e-24, 9.43948513719e-24, 1.21009902076e-24, 1.16559839102e-24, 1.15001026287e-23, 2.75663719906e-23, 1.50472283108e-23, 1.30345948616e-23, 1.92496512806e-23, 2.18698022902e-23, 3.55213968201e-23, 3.27041788901e-23, 4.20408083982e-23, 6.17143177985e-23, 7.18332953762e-23, 7.28943764026e-23, 7.65193689669e-23, 1.06840001476e-22, 1.13890777138e-22, 2.48886524365e-22, 2.93775309958e-22, 3.50594802637e-22, 4.32919594643e-22, 5.28243022075e-22, 8.92030280107e-22, 1.37027416205e-21, 1.89552133022e-21],
        "var": [7.46717751099e-06, 0.00075357692549, 0.000329343922203, 4.80381931993e-05, 2.28807275562e-05, 8.32793466543e-06, 1.16821374831e-05, 9.88629835774e-05, 3.50877257915e-06, 1.21495440908e-06, 4.35812808064e-07, 1.00313116036e-06, 2.06701059824e-07, 4.61869717583e-07, 2.08828623727e-07, 3.99842434717e-08, 8.91576803497e-08, 3.92929528914e-08, 8.8264464182e-08, 1.22128000157e-07, 2.20145679464e-07, 4.90282843657e-07, 6.15143221694e-07, 4.98891040479e-07, 8.02961395152e-08, 1.18242962088e-08, 5.61032909019e-09]
    },
    "erbbands": {
        "dmean": [0.346322119236, 2.69018125534, 7.27909421921, 8.81687450409, 8.61144638062, 7.77775239944, 9.74113559723, 9.46292304993, 12.730342865, 27.804983139, 33.4079055786, 10.3292140961, 9.17389678955, 6.51555252075, 8.48101520538, 9.21833133698, 5.44778680801, 9.84716796875, 7.21589040756, 4.7240819931, 5.47621631622, 7.14468574524, 5.32835054398, 5.80491638184, 9.01881980896, 7.81197977066, 9.26131057739, 12.9998378754, 12.5596218109, 16.7760906219, 10.7927789688, 9.16289424896, 6.02726507187, 2.44970273972, 0.845593988895, 0.288633853197, 0.0958357080817, 0.0164372883737, 0.00201418600045, 0.000168200800545],
        "dmean2": [0.532121181488, 3.82242035866, 10.7288160324, 14.7556333542, 14.7752838135, 13.3425483704, 15.930724144, 14.757601738, 18.9731769562, 39.2175178528, 43.5246315002, 14.7041397095, 13.5574874878, 10.1097459793, 13.2377824783, 14.3984098434, 8.6580953598, 15.6689395905, 11.3967704773, 8.18243694305, 9.5056142807, 12.5965194702, 9.32712459564, 10.1563415527, 15.9732961655, 13.5513725281, 16.0806350708, 23.0281734467, 21.8826084137, 30.3125286102, 19.2855873108, 16.5184841156, 10.7950191498, 4.34883165359, 1.44833159447, 0.48360863328, 0.166444033384, 0.0281840153039, 0.00351142371073, 0.000286785973003],
        "dvar": [0.27147102356, 25.4581069946, 331.952972412, 612.667602539, 464.694213867, 287.37789917, 363.716033936, 213.57850647, 631.899353027, 3354.82617188, 6569.35058594, 693.893920898, 595.531494141, 260.761505127, 330.166656494, 791.993041992, 347.388641357, 390.992218018, 367.035400391, 102.369842529, 148.826629639, 375.570617676, 132.622268677, 165.138778687, 382.751922607, 278.867034912, 334.326690674, 656.053161621, 650.470336914, 1553.62109375, 587.904663086, 382.888092041, 174.702194214, 24.1406650543, 2.61181092262, 0.355629771948, 0.0457109622657, 0.00159558956511, 3.45230328094e-05, 4.64565829361e-07],
        "dvar2": [0.638585269451, 51.4520759583, 704.958496094, 1593.61474609, 1251.22229004, 801.046386719, 1025.82641602, 531.02746582, 1543.21154785, 6061.85205078, 9454.83105469, 1279.82629395, 1250.60644531, 538.500976562, 738.467956543, 1632.07751465, 793.55267334, 922.66973877, 796.60168457, 286.088348389, 409.268981934, 1056.62890625, 364.075469971, 445.494720459, 1033.62231445, 728.471984863, 876.254394531, 1730.8248291, 1695.32446289, 4280.70507812, 1601.5670166, 1044.66467285, 480.758483887, 64.4759597778, 6.59788179398, 0.897888243198, 0.121732033789, 0.00395723804832, 8.33896556287e-05, 9.92660034171e-07],
        "max": [5.88012742996, 54.4454612732, 193.791091919, 192.520217896, 226.986312866, 456.291595459, 337.85357666, 251.071578979, 765.428833008, 1203.72631836, 2660.55297852, 1121.48864746, 1501.72229004, 481.319763184, 519.57598877, 958.678771973, 853.794128418, 404.067260742, 853.434204102, 125.934326172, 271.772338867, 244.937393188, 137.900344849, 353.165985107, 223.193252563, 505.13381958, 171.223770142, 348.925048828, 422.3644104, 299.398986816, 206.762207031, 164.143692017, 127.288101196, 71.0364456177, 27.6111373901, 14.7652339935, 3.1883058548, 1.2029453516, 0.223730504513, 0.0354261659086],
        "mean": [0.592694818974, 4.14545869827, 8.61108970642, 7.65957832336, 8.11906719208, 9.7822303772, 14.724565506, 18.5962924957, 30.5406856537, 65.3513793945, 88.3552932739, 23.0716953278, 16.6974468231, 11.2131004333, 14.1004476547, 15.9784402847, 8.41227912903, 17.1225414276, 11.9479036331, 6.86624288559, 7.19790792465, 8.11277770996, 6.46334981918, 6.74549388885, 8.83393764496, 7.7316198349, 8.46893787384, 10.5558004379, 10.1373538971, 11.8521232605, 8.11917877197, 6.57876443863, 4.37929201126, 1.93444919586, 0.709267199039, 0.240980863571, 0.0756338909268, 0.0148000139743, 0.00215732539073, 0.000224443370826],
        "median": [0.196323573589, 1.74242711067, 2.22888970375, 1.67307972908, 2.50136566162, 4.35840606689, 8.94908046722, 10.1666135788, 13.6335449219, 16.375541687, 15.2614192963, 6.72647571564, 6.74288749695, 4.95172309875, 5.70015764236, 5.30424118042, 3.82756209373, 5.72684764862, 5.08493900299, 3.86488389969, 3.99909448624, 3.76890587807, 3.08325958252, 2.75899600983, 3.01287412643, 2.35115337372, 1.93578529358, 1.7175142765, 1.29909205437, 1.03309488297, 0.72493571043, 0.422870218754, 0.27811357379, 0.123205721378, 0.0383144952357, 0.0104817505926, 0.0020925719291, 0.000253517209785, 6.28162379144e-05, 6.11857976764e-05],
        "min": [1.98320414123e-22, 2.20921281582e-21, 2.9155794186e-21, 1.4708500753e-20, 2.18704825281e-20, 2.85047149944e-20, 8.72645043958e-20, 1.7968843154e-19, 1.60910345961e-19, 2.38811178747e-19, 2.76825530417e-19, 4.65307551028e-19, 7.00851986741e-19, 8.37589801683e-19, 1.21656254762e-18, 1.64376638563e-18, 2.44997910703e-18, 3.43830298151e-18, 3.3080999968e-18, 3.81803161543e-18, 5.68371060367e-18, 4.11984541912e-18, 5.42107372815e-18, 7.05181481087e-18, 8.77583622408e-18, 1.11643864173e-17, 1.043171698e-17, 1.47164281806e-17, 1.26342979463e-17, 1.28463316343e-17, 1.20475919727e-17, 1.1525429248e-17, 8.54615381057e-18, 9.40221212549e-18, 6.62591853862e-18, 4.61540891051e-18, 2.44793183501e-18, 9.58029521918e-19, 2.40163670747e-19, 2.6829572472e-20],
        "var": [0.555395126343, 48.8688850403, 413.383728027, 467.473724365, 337.08102417, 264.372802734, 365.361907959, 629.524902344, 3098.2644043, 14942.8857422, 45698.171875, 2931.34667969, 1396.07250977, 554.51953125, 698.093566895, 2539.97241211, 430.057769775, 1044.49255371, 708.610778809, 97.8107147217, 129.142608643, 268.918029785, 112.119743347, 158.063323975, 290.864837646, 228.169036865, 269.547668457, 482.358337402, 496.111938477, 986.055847168, 392.456634521, 254.889389038, 118.404289246, 19.1177062988, 2.48232316971, 0.321522325277, 0.0373680517077, 0.00251786736771, 0.000108783176984, 1.25595261125e-06]
    },
    "gfcc": {
        "mean": [-30.0686340332, 112.247459412, -99.3411407471, 34.7219047546, -62.0228462219, 8.04658031464, -29.5388946533, 6.1738319397, -7.81990480423, 5.25339651108, -4.5710310936, -2.30069494247, -4.99011993408],
        "cov": [[20640.7089844, -4367.92529297, 631.944030762, 1434.27307129, -1177.54089355, 1548.30432129, -334.441986084, 474.3644104, -390.35144043, 536.666320801, -173.527008057, 48.8874168396, -491.056854248], [-4367.92529297, 2920.54589844, -676.14630127, -328.676696777, 549.916748047, -551.374816895, 373.256866455, -189.966247559, 335.203338623, -182.002990723, 266.109436035, -171.843612671, 237.682525635], [631.944030762, -676.14630127, 1015.62945557, 260.340240479, 183.907775879, 315.190216064, 34.4503211975, 144.643676758, -102.891746521, 11.935921669, -164.365982056, 142.71572876, -84.130531311], [1434.27307129, -328.676696777, 260.340240479, 492.451263428, 77.9031448364, 194.506515503, 72.2143096924, 40.2709579468, -22.2170791626, 12.7581253052, -20.0081233978, 47.612953186, 0.275860518217], [-1177.54089355, 549.916748047, 183.907775879, 77.9031448364, 432.526519775, -22.0133361816, 148.038360596, 16.86369133, 58.2218742371, -44.3462142944, 8.61462211609, 7.81463527679, 42.7452049255], [1548.30432129, -551.374816895, 315.190216064, 194.506515503, -22.0133361816, 342.135498047, 7.11967277527, 118.1378479, -51.7248268127, 54.9644241333, -58.3509941101, 47.796459198, -58.4811515808], [-334.441986084, 373.256866455, 34.4503211975, 72.2143096924, 148.038360596, 7.11967277527, 212.900466919, 13.736574173, 75.5132064819, -24.1340999603, 46.2073936462, -0.513966262341, 32.9260864258], [474.3644104, -189.966247559, 144.643676758, 40.2709579468, 16.86369133, 118.1378479, 13.736574173, 147.138397217, 22.8170375824, 41.0305404663, -14.9014520645, 22.4060440063, -21.5859031677], [-390.35144043, 335.203338623, -102.891746521, -22.2170791626, 58.2218742371, -51.7248268127, 75.5132064819, 22.8170375824, 161.691833496, 39.4500961304, 79.2410583496, -37.085144043, 29.1739749908], [536.666320801, -182.002990723, 11.935921669, 12.7581253052, -44.3462142944, 54.9644241333, -24.1340999603, 41.0305404663, 39.4500961304, 120.545188904, 35.0998458862, 4.79555892944, -21.1388282776], [-173.527008057, 266.109436035, -164.365982056, -20.0081233978, 8.61462211609, -58.3509941101, 46.2073936462, -14.9014520645, 79.2410583496, 35.0998458862, 142.769973755, 5.66299390793, 46.8530578613], [48.8874168396, -171.843612671, 142.71572876, 47.612953186, 7.81463527679, 47.796459198, -0.513966262341, 22.4060440063, -37.085144043, 4.79555892944, 5.66299390793, 135.789321899, 34.6092224121], [-491.056854248, 237.682525635, -84.130531311, 0.275860518217, 42.7452049255, -58.4811515808, 32.9260864258, -21.5859031677, 29.1739749908, -21.1388282776, 46.8530578613, 34.6092224121, 101.357391357]],
        "icov": [[0.000126559636556, 2.86777758447e-05, 9.45213760133e-05, -0.000302405329421, 0.000246323121246, -0.000315906014293, -2.35709121625e-05, -0.000120424840134, 0.000203429211979, -0.000222828777623, -0.000120392011013, 0.000124240395962, 0.00022924777295], [2.86777758447e-05, 0.00150512147229, 0.000320032966556, 0.000657404656522, -0.00133347488008, 0.000445438316092, -0.00105372094549, 0.000590093666688, -0.00106815702748, 0.00134387833532, -0.00104757095687, 0.00114598474465, -0.0011586996261], [9.45213760133e-05, 0.000320032966556, 0.00265517341904, -0.000456317968201, -0.00126375735272, -0.00107172969729, -0.000373279763153, -0.000466370431241, -0.000201062604901, -0.000106105064333, 0.00185340922326, -0.00232715462334, 0.00182275148109], [-0.000302405329421, 0.000657404656522, -0.000456317968201, 0.00408740434796, -0.00148532784078, -0.000849480333272, -0.00115784211084, 0.00155345560052, -0.000841400236823, 0.00105374772102, -0.000405966857215, 0.000379134551622, -0.00203320547007], [0.000246323121246, -0.00133347488008, -0.00126375735272, -0.00148532784078, 0.00561168184504, -7.75827356847e-05, -0.000969562679529, -0.00115648237988, 0.000855532009155, -0.000991416745819, 0.000670569483191, 0.000177180962055, 0.000109267712105], [-0.000315906014293, 0.000445438316092, -0.00107172969729, -0.000849480333272, -7.75827356847e-05, 0.00827424786985, -0.00162371748593, -0.00345628033392, 0.00157624226995, -0.0012633134611, 0.000347178895026, 0.000167240126757, 0.000201103684958], [-2.35709121625e-05, -0.00105372094549, -0.000373279763153, -0.00115784211084, -0.000969562679529, -0.00162371748593, 0.00923991482705, -0.000189533559023, -0.00298591819592, 0.00257536582649, -0.00150023668539, -0.000900718441699, 0.000877770711668], [-0.000120424840134, 0.000590093666688, -0.000466370431241, 0.00155345560052, -0.00115648237988, -0.00345628033392, -0.000189533559023, 0.012043167837, -0.0046154842712, -0.000489347730763, 0.00118750007823, -0.0012256053742, -0.000142641976709], [0.000203429211979, -0.00106815702748, -0.000201062604901, -0.000841400236823, 0.000855532009155, 0.00157624226995, -0.00298591819592, -0.0046154842712, 0.0155317718163, -0.00629618717358, -0.00373301585205, 0.00426908535883, -0.00165428582113], [-0.000222828777623, 0.00134387833532, -0.000106105064333, 0.00105374772102, -0.000991416745819, -0.0012633134611, 0.00257536582649, -0.000489347730763, -0.00629618717358, 0.0161089189351, -0.00526068732142, -0.000516233034432, 0.00220642401837], [-0.000120392011013, -0.00104757095687, 0.00185340922326, -0.000405966857215, 0.000670569483191, 0.000347178895026, -0.00150023668539, 0.00118750007823, -0.00373301585205, -0.00526068732142, 0.015688246116, -0.0045146481134, -0.00166254653595], [0.000124240395962, 0.00114598474465, -0.00232715462334, 0.000379134551622, 0.000177180962055, 0.000167240126757, -0.000900718441699, -0.0012256053742, 0.00426908535883, -0.000516233034432, -0.0045146481134, 0.0146819734946, -0.00822750106454], [0.00022924777295, -0.0011586996261, 0.00182275148109, -0.00203320547007, 0.000109267712105, 0.000201103684958, 0.000877770711668, -0.000142641976709, -0.00165428582113, 0.00220642401837, -0.00166254653595, -0.00822750106454, 0.0194809865206]]
    },
    "melbands": {
        "dmean": [0.0030801887624, 0.00331027968787, 0.00143490475602, 0.000568359217141, 0.000328359514242, 0.000227202952374, 0.000187643119716, 0.000341068691341, 0.000252730824286, 5.37027808605e-05, 4.53444808954e-05, 2.62641151494e-05, 2.63338442892e-05, 2.36755131482e-05, 1.73124881258e-05, 1.28877045427e-05, 2.10587822949e-05, 1.19847800306e-05, 8.59277133713e-06, 7.08422612661e-06, 6.70720010021e-06, 8.35098308016e-06, 4.97483051731e-06, 5.36567040399e-06, 4.60037563244e-06, 6.24468384558e-06, 6.52047310723e-06, 5.06880633111e-06, 5.74320119995e-06, 6.79819322613e-06, 7.79426954978e-06, 7.38374910725e-06, 7.19007357475e-06, 1.00673269117e-05, 6.26907058177e-06, 5.68515588384e-06, 5.50895674678e-06, 4.70537543151e-06, 2.69904012384e-06, 1.87637022009e-06],
        "dmean2": [0.00463618896902, 0.00471333786845, 0.00229189684615, 0.000973062298726, 0.000545608694665, 0.000351847964339, 0.000280946842395, 0.000472988118418, 0.00032932832255, 7.89649056969e-05, 6.72874739394e-05, 4.08812702517e-05, 4.13633024436e-05, 3.68707333109e-05, 2.7202826459e-05, 2.06719159905e-05, 3.35606127919e-05, 1.89318707271e-05, 1.45399089888e-05, 1.23306654132e-05, 1.165744834e-05, 1.47630162246e-05, 8.61599073687e-06, 9.54854294832e-06, 8.02287922852e-06, 1.11428280434e-05, 1.14887980089e-05, 8.75923342392e-06, 9.94073525362e-06, 1.20774429888e-05, 1.38526656883e-05, 1.28354868139e-05, 1.28651208797e-05, 1.82162075362e-05, 1.11780454972e-05, 1.02829199022e-05, 9.9308344943e-06, 8.46725833981e-06, 4.785629244e-06, 3.34271294378e-06],
        "dvar": [2.16144726437e-05, 5.34564351256e-05, 1.39670610224e-05, 1.65185383594e-06, 4.53648425491e-07, 1.22510030565e-07, 1.2535041094e-07, 5.29479393663e-07, 4.08230221183e-07, 2.20472315959e-08, 1.50484495975e-08, 4.52661552686e-09, 3.01107139222e-09, 3.18246495823e-09, 2.64188582122e-09, 2.11525930105e-09, 1.98937222251e-09, 8.22793555511e-10, 4.41463393619e-10, 1.98587868372e-10, 2.2192368776e-10, 5.20889220645e-10, 1.03273466168e-10, 1.66921657052e-10, 1.05618819246e-10, 2.16843376588e-10, 1.82617490574e-10, 1.2485436296e-10, 1.37007016843e-10, 1.91544946571e-10, 2.41580006e-10, 2.24015223038e-10, 2.73297023901e-10, 5.56767798532e-10, 2.07232273008e-10, 1.70679206879e-10, 1.3566987811e-10, 1.08257222631e-10, 3.36669858658e-11, 1.51639568957e-11],
        "dvar2": [4.79096124764e-05, 9.98407558654e-05, 3.41348604707e-05, 4.48718992629e-06, 1.28944293465e-06, 3.01817237869e-07, 2.98655891129e-07, 9.1696557547e-07, 5.78387016503e-07, 4.2667029021e-08, 3.16022124025e-08, 9.44557942972e-09, 6.68772814905e-09, 6.88936641069e-09, 5.51054890607e-09, 4.7522275004e-09, 4.70093164395e-09, 1.77505721233e-09, 1.11740972031e-09, 5.53509238443e-10, 6.11260708716e-10, 1.46164425008e-09, 2.84446077803e-10, 4.61919336114e-10, 2.85159701408e-10, 5.94833460266e-10, 4.87805906779e-10, 3.25337479179e-10, 3.556983319e-10, 5.14984388467e-10, 6.35657637638e-10, 5.76802161589e-10, 7.50257078685e-10, 1.53268708836e-09, 5.64869095943e-10, 4.70070871117e-10, 3.69327901595e-10, 2.98796681841e-10, 9.08784783538e-11, 4.07621644771e-11],
        "max": [0.0593620948493, 0.0770074576139, 0.0294941868633, 0.0172124635428, 0.0157047472894, 0.00705062784255, 0.0101100057364, 0.0155541766435, 0.0211948864162, 0.00607477733865, 0.00744263455272, 0.0023205250036, 0.00189777032938, 0.00187264452688, 0.00155093159992, 0.00193032296374, 0.000926316250116, 0.00122911809012, 0.000610145449173, 0.000238689885009, 0.000305273046251, 0.000300752319163, 0.000143929137266, 0.000217852386413, 0.000321047089528, 0.00019347606576, 0.000153614106239, 0.00041197965038, 0.000121440723888, 0.000170008657733, 0.000267578929197, 0.00029574992368, 0.00014530113549, 0.000178406582563, 0.000122734694742, 0.000109542525024, 0.000121683158795, 0.000103026650322, 6.0857997596e-05, 8.72320670169e-05],
        "mean": [0.00538623752072, 0.00499963480979, 0.0013740581926, 0.000632034265436, 0.000494753476232, 0.000462047930341, 0.000443690369138, 0.00081150024198, 0.000660944962874, 0.000106973318907, 7.92288701632e-05, 4.29485371569e-05, 4.28728671977e-05, 4.07115003327e-05, 2.83578156086e-05, 1.69469549292e-05, 3.58667930414e-05, 2.0043047698e-05, 1.16546289064e-05, 9.47329863266e-06, 8.27917301649e-06, 8.9029508672e-06, 6.6552320277e-06, 5.54976577405e-06, 5.33621505383e-06, 5.90814306634e-06, 6.30269551039e-06, 4.95220547236e-06, 5.37447294846e-06, 5.61258093512e-06, 6.24156882623e-06, 5.98878295932e-06, 5.35890239917e-06, 6.98694157109e-06, 4.7361736506e-06, 4.16248940383e-06, 3.9161532186e-06, 3.33038974532e-06, 2.15590330299e-06, 1.45516685279e-06],
        "median": [0.0023331916891, 0.00186485890299, 0.000336942321155, 0.00024583353661, 0.000303602602798, 0.000254057929851, 0.000190816499526, 0.000171713123564, 0.000107676693005, 2.90532989311e-05, 2.91109063255e-05, 1.69501799974e-05, 1.68715614564e-05, 1.6331234292e-05, 9.1769534265e-06, 5.81743097428e-06, 9.84428152151e-06, 7.65177810536e-06, 5.04214222019e-06, 4.8573820095e-06, 4.50322568213e-06, 3.91380490328e-06, 3.21428206007e-06, 2.17145225179e-06, 2.11106953429e-06, 2.00892395696e-06, 1.93204732568e-06, 1.44608452501e-06, 1.22451979223e-06, 1.10887037863e-06, 9.35862772167e-07, 7.63246191582e-07, 5.77704724947e-07, 5.43229248251e-07, 4.23640074132e-07, 3.24536699736e-07, 2.21014715862e-07, 1.91896845081e-07, 1.53878076503e-07, 8.2214143049e-08],
        "min": [2.75793700517e-24, 2.1071387885e-24, 2.60194133889e-24, 1.43238266891e-24, 3.00780159715e-24, 4.80099366411e-24, 2.46756440571e-24, 2.39998880563e-24, 1.89395504532e-24, 2.73821074938e-24, 3.25052108149e-24, 2.79970364023e-24, 4.56131129426e-24, 4.00478294183e-24, 4.49934272028e-24, 4.24632623456e-24, 5.44682185987e-24, 4.88364617102e-24, 4.89021343806e-24, 5.62672829462e-24, 6.16722502131e-24, 4.07144957693e-24, 3.40847825041e-24, 4.92091274905e-24, 4.99069656801e-24, 4.54199761272e-24, 6.9869599702e-24, 6.9629076012e-24, 4.66872141183e-24, 7.33674089558e-24, 8.72893208744e-24, 7.26016301207e-24, 5.66108239818e-24, 6.8641374827e-24, 6.83615974184e-24, 6.84384561364e-24, 6.95850102419e-24, 6.24574389708e-24, 6.58971407302e-24, 7.56519501373e-24],
        "var": [4.58326321677e-05, 9.40554455156e-05, 1.22363435366e-05, 1.32945410769e-06, 4.24520465003e-07, 4.15663436115e-07, 6.22324989763e-07, 2.44566990659e-06, 2.83489816866e-06, 7.6851840447e-08, 3.50044082609e-08, 9.76249125983e-09, 6.40573594168e-09, 9.22272480608e-09, 6.83664858059e-09, 2.53732079791e-09, 5.43138556353e-09, 1.72070957483e-09, 6.00582861221e-10, 2.19489731945e-10, 1.84033913109e-10, 3.64868996128e-10, 1.11586739848e-10, 1.2309318842e-10, 1.07457980014e-10, 1.57545185231e-10, 1.46269663048e-10, 1.0200410655e-10, 1.14904454007e-10, 1.38279068751e-10, 1.78325090805e-10, 1.75433459426e-10, 1.80588211052e-10, 3.522249159e-10, 1.379475284e-10, 1.11126760571e-10, 9.07062203126e-11, 7.18726536619e-11, 2.53366546493e-11, 1.20074540588e-11]
    },
    "mfcc": {
        "mean": [-667.885314941, 129.884094238, 22.0985507965, 27.8233127594, -0.728039443493, 4.62745380402, -5.54614877701, 0.7442086339, 0.987632572651, 5.22771930695, 3.795794487, 6.27538967133, 4.52453947067],
        "cov": [[11626.5566406, -1497.39770508, 448.036102295, 107.613067627, -17.6405563354, 415.669067383, 93.6445846558, 163.356826782, -19.4099903107, 193.620910645, 143.921264648, 98.7076950073, -52.8029289246], [-1497.39770508, 2233.31469727, -583.93371582, 231.10345459, -19.2645187378, -74.7314453125, 13.2669038773, 17.5232658386, 79.8631286621, 43.9378852844, 70.390625, 86.5306777954, 95.1009063721], [448.036102295, -583.93371582, 703.675415039, -9.34094333649, 157.833587646, 136.915924072, 90.0147094727, 130.061325073, 47.5599327087, 10.0133085251, -17.3139591217, -31.4000110626, -32.1953773499], [107.613067627, 231.10345459, -9.34094333649, 360.277862549, 91.8389511108, 129.138961792, 75.7421340942, 74.6604537964, 48.6708259583, 28.6528110504, -0.880937159061, 17.8031768799, 6.94758892059], [-17.6405563354, -19.2645187378, 157.833587646, 91.8389511108, 225.851379395, 92.7094497681, 71.8599319458, 77.6050567627, 52.9834480286, 27.6509456635, 11.2075500488, -8.70680904388, -4.14856052399], [415.669067383, -74.7314453125, 136.915924072, 129.138961792, 92.7094497681, 197.669906616, 100.593177795, 91.2335128784, 39.315322876, 25.3559741974, 7.2371544838, 5.36224412918, -11.5476465225], [93.6445846558, 13.2669038773, 90.0147094727, 75.7421340942, 71.8599319458, 100.593177795, 128.921127319, 95.6747207642, 40.7757911682, 11.4999961853, 3.14814805984, 3.10268473625, 0.540289282799], [163.356826782, 17.5232658386, 130.061325073, 74.6604537964, 77.6050567627, 91.2335128784, 95.6747207642, 162.099441528, 58.9662857056, 17.8561611176, -2.35655593872, -0.926695406437, 7.42499876022], [-19.4099903107, 79.8631286621, 47.5599327087, 48.6708259583, 52.9834480286, 39.315322876, 40.7757911682, 58.9662857056, 96.6629486084, 44.7390975952, 21.6669807434, 15.9803590775, 1.84384679794], [193.620910645, 43.9378852844, 10.0133085251, 28.6528110504, 27.6509456635, 25.3559741974, 11.4999961853, 17.8561611176, 44.7390975952, 94.0130386353, 61.4288253784, 24.4776706696, 2.48591828346], [143.921264648, 70.390625, -17.3139591217, -0.880937159061, 11.2075500488, 7.2371544838, 3.14814805984, -2.35655593872, 21.6669807434, 61.4288253784, 99.2183303833, 50.0666160583, 17.7192955017], [98.7076950073, 86.5306777954, -31.4000110626, 17.8031768799, -8.70680904388, 5.36224412918, 3.10268473625, -0.926695406437, 15.9803590775, 24.4776706696, 50.0666160583, 90.5814437866, 51.1230812073], [-52.8029289246, 95.1009063721, -32.1953773499, 6.94758892059, -4.14856052399, -11.5476465225, 0.540289282799, 7.42499876022, 1.84384679794, 2.48591828346, 17.7192955017, 51.1230812073, 92.6357727051]],
