{
"lowlevel": {
    "average_loudness": 0.649995207787,
    "barkbands_crest": {
        "dmean": 2.83916473389,
        "dmean2": 4.49181461334,
        "dvar": 8.48269557953,
        "dvar2": 18.9586200714,
        "max": 25.9390277863,
        "mean": 12.613650322,
        "median": 11.9075393677,
        "min": 2.47159385681,
        "var": 22.906419754
    },
    "barkbands_flatness_db": {
        "dmean": 0.0357702746987,
        "dmean2": 0.04968252033,
        "dvar": 0.00188444426749,
        "dvar2": 0.00327457603998,
        "max": 0.485506355762,
        "mean": 0.182576134801,
        "median": 0.175129354,
        "min": 0.0181030593812,
        "var": 0.0060515133664
    },
    "barkbands_kurtosis": {
        "dmean": 6.38793516159,
        "dmean2": 9.60067081451,
        "dvar": 165.862243652,
        "dvar2": 336.171112061,
        "max": 208.242218018,
        "mean": 9.53332328796,
        "median": 2.88446378708,
        "min": -1.86317014694,
        "var": 347.33770752
    },
    "barkbands_skewness": {
        "dmean": 0.749680876732,
        "dmean2": 1.13469195366,
        "dvar": 0.960328876972,
        "dvar2": 2.01870560646,
        "max": 12.6566238403,
        "mean": 1.96621799469,
        "median": 1.53645133972,
        "min": -2.45490789413,
        "var": 3.46385288239
    },
    "barkbands_spread": {
        "dmean": 9.2920293808,
        "dmean2": 15.3346004486,
        "dvar": 243.343292236,
        "dvar2": 607.445251465,
        "max": 106.55909729,
        "mean": 17.9726409912,
        "median": 13.2543020248,
        "min": 0.639380156994,
        "var": 249.266876221
    },
    "dissonance": {
        "dmean": 0.03000982292,
        "dmean2": 0.0504120998085,
        "dvar": 0.000829126511235,
        "dvar2": 0.00234208838083,
        "max": 0.500000059605,
        "mean": 0.433756381273,
        "median": 0.444221645594,
        "min": 0.158716514707,
        "var": 0.002167949453
    },
    "dynamic_complexity": 7.23325538635,
    "erbbands_crest": {
        "dmean": 2.87122821808,
        "dmean2": 4.45031309128,
        "dvar": 8.23131275177,
        "dvar2": 18.7976036072,
        "max": 31.7257328033,
        "mean": 12.7928237915,
        "median": 11.0556402206,
        "min": 2.29733943939,
        "var": 47.5164718628
    },
    "erbbands_flatness_db": {
        "dmean": 0.0219326689839,
        "dmean2": 0.0310451164842,
        "dvar": 0.000550022232346,
        "dvar2": 0.000941343489103,
        "max": 0.433198869228,
        "mean": 0.17847160995,
        "median": 0.173701375723,
        "min": 0.0356646701694,
        "var": 0.00557644385844
    },
    "erbbands_kurtosis": {
        "dmean": 1.42493033409,
        "dmean2": 2.25087738037,
        "dvar": 3.27212786674,
        "dvar2": 7.21577262878,
        "max": 50.4000244141,
        "mean": 2.19612765312,
        "median": 0.602171421051,
        "min": -1.77916693687,
        "var": 19.1916942596
    },
    "erbbands_skewness": {
        "dmean": 0.487435400486,
        "dmean2": 0.776441931725,
        "dvar": 0.234582021832,
        "dvar2": 0.582985460758,
        "max": 6.40790462494,
        "mean": 0.725779831409,
        "median": 0.679575622082,
        "min": -2.9290368557,
        "var": 0.792456626892
    },
    "erbbands_spread": {
        "dmean": 10.6725559235,
        "dmean2": 16.3972568512,
        "dvar": 196.273666382,
        "dvar2": 418.420837402,
        "max": 126.80708313,
        "mean": 36.3813896179,
        "median": 30.9368782043,
        "min": 1.7812718153,
        "var": 580.554382324
    },
    "hfc": {
        "dmean": 15.4418239594,
        "dmean2": 26.6198101044,
        "dvar": 1314.71508789,
        "dvar2": 3600.5559082,
        "max": 336.091156006,
        "mean": 18.0942173004,
        "median": 7.28038406372,
        "min": 1.05835059459e-16,
        "var": 1082.86865234
    },
    "melbands_crest": {
        "dmean": 3.52529978752,
        "dmean2": 5.58470201492,
        "dvar": 12.9461307526,
        "dvar2": 30.6810703278,
        "max": 34.368057251,
        "mean": 16.8558273315,
        "median": 15.9373111725,
        "min": 1.71510589123,
        "var": 42.543346405
    },
    "melbands_flatness_db": {
        "dmean": 0.0415675006807,
        "dmean2": 0.0591039247811,
        "dvar": 0.00270246947184,
        "dvar2": 0.00494936620817,
        "max": 0.608248651028,
        "mean": 0.262709081173,
        "median": 0.251312494278,
        "min": 0.00367956166156,
        "var": 0.00851954706013
    },
    "melbands_kurtosis": {
        "dmean": 11.4256763458,
        "dmean2": 17.3077125549,
        "dvar": 449.242248535,
        "dvar2": 962.664794922,
        "max": 475.338409424,
        "mean": 21.8150615692,
        "median": 9.54462242126,
        "min": -1.77637827396,
        "var": 1213.69909668
    },
    "melbands_skewness": {
        "dmean": 0.812443673611,
        "dmean2": 1.22566378117,
        "dvar": 0.896910011768,
        "dvar2": 1.98891353607,
        "max": 17.0514831543,
        "mean": 2.94363975525,
        "median": 2.4718310833,
        "min": -1.89839184284,
        "var": 5.24160528183
    },
    "melbands_spread": {
        "dmean": 7.28743505478,
        "dmean2": 12.1706962585,
        "dvar": 156.722915649,
        "dvar2": 410.422393799,
        "max": 146.750518799,
        "mean": 17.0079345703,
        "median": 15.0357618332,
        "min": 0.54567861557,
        "var": 190.697662354
    },
    "pitch_salience": {
        "dmean": 0.0808432102203,
        "dmean2": 0.124181136489,
        "dvar": 0.00825699605048,
        "dvar2": 0.0176350586116,
        "max": 0.86031973362,
        "mean": 0.451660513878,
        "median": 0.446323752403,
        "min": 0.0562780126929,
        "var": 0.0184573251754
    },
    "silence_rate_20dB": {
        "dmean": 0,
        "dmean2": 0,
        "dvar": 0,
        "dvar2": 0,
        "max": 1,
        "mean": 1,
        "median": 1,
        "min": 1,
        "var": 0
    },
    "silence_rate_30dB": {
        "dmean": 0.05152137205,
        "dmean2": 0.1030523628,
        "dvar": 0.0488634891808,
        "dvar2": 0.101766839623,
        "max": 1,
        "mean": 0.90163320303,
        "median": 1,
        "min": 0,
        "var": 0.0887004733086
    },
    "silence_rate_60dB": {
        "dmean": 0.0196005217731,
        "dmean2": 0.0392047055066,
        "dvar": 0.0192141551524,
        "dvar2": 0.0438195802271,
        "max": 1,
        "mean": 0.297806799412,
        "median": 0,
        "min": 0,
        "var": 0.209153324366
    },
    "spectral_centroid": {
        "dmean": 338.802062988,
        "dmean2": 545.996948242,
        "dvar": 262393.5,
        "dvar2": 641538.5625,
        "max": 11873.109375,
        "mean": 1031.18725586,
        "median": 864.716674805,
        "min": 153.863204956,
        "var": 481312.21875
    },
    "spectral_complexity": {
        "dmean": 4.02538728714,
        "dmean2": 6.71389913559,
        "dvar": 46.7000694275,
        "dvar2": 115.066345215,
        "max": 57,
        "mean": 12.1993465424,
        "median": 11,
        "min": 0,
        "var": 94.2207717896
    },
    "spectral_decrease": {
        "dmean": 3.50318285491e-09,
        "dmean2": 4.75411576772e-09,
        "dvar": 4.13906587056e-17,
        "dvar2": 7.91488364691e-17,
        "max": 1.01618863602e-20,
        "mean": -9.45757516746e-09,
        "median": -4.0125023304e-09,
        "min": -8.70113225915e-08,
        "var": 1.65527218257e-16
    },
    "spectral_energy": {
        "dmean": 0.0135757094249,
        "dmean2": 0.0186380632222,
        "dvar": 0.000590253679547,
        "dvar2": 0.00116746895947,
        "max": 0.331783175468,
        "mean": 0.0373363345861,
        "median": 0.0162480231375,
        "min": 1.00904620608e-20,
        "var": 0.0024658315815
    },
    "spectral_energyband_high": {
        "dmean": 0.00174111698288,
        "dmean2": 0.00310135167092,
        "dvar": 1.91017970792e-05,
        "dvar2": 5.22410919075e-05,
        "max": 0.0344101451337,
        "mean": 0.00132621568628,
        "median": 8.84284236236e-05,
        "min": 6.95546450293e-21,
        "var": 1.29324998852e-05
    },
    "spectral_energyband_low": {
        "dmean": 0.0128153003752,
        "dmean2": 0.0185352489352,
        "dvar": 0.000758706300985,
        "dvar2": 0.00145178532694,
        "max": 0.322189122438,
        "mean": 0.0258456803858,
        "median": 0.00323068979196,
        "min": 1.90937960315e-23,
        "var": 0.00199075066485
    },
    "spectral_energyband_middle_high": {
        "dmean": 0.000981239951216,
        "dmean2": 0.00160587427672,
        "dvar": 4.50926290796e-06,
        "dvar2": 1.17084900921e-05,
        "max": 0.0328586325049,
        "mean": 0.00176907249261,
        "median": 0.00104697758798,
        "min": 1.29077626888e-21,
        "var": 5.77711398364e-06
    },
    "spectral_energyband_middle_low": {
        "dmean": 0.00550741003826,
        "dmean2": 0.00836901459843,
        "dvar": 0.00015739594528,
        "dvar2": 0.000355973374099,
        "max": 0.147441074252,
        "mean": 0.00959037151188,
        "median": 0.00561013398692,
        "min": 1.52515590625e-22,
        "var": 0.00020063536067
    },
    "spectral_entropy": {
        "dmean": 0.282813042402,
        "dmean2": 0.405659675598,
        "dvar": 0.127915784717,
        "dvar2": 0.233534216881,
        "max": 9.81349754333,
        "mean": 7.25514984131,
        "median": 7.18153333664,
        "min": 4.99823284149,
        "var": 0.486137151718
    },
    "spectral_flux": {
        "dmean": 0.0305886045098,
        "dmean2": 0.0428976975381,
        "dvar": 0.00182321097236,
        "dvar2": 0.00352729740553,
        "max": 0.449423074722,
        "mean": 0.0834352299571,
        "median": 0.0518154725432,
        "min": 6.55961673868e-11,
        "var": 0.00784245878458
    },
    "spectral_kurtosis": {
        "dmean": 3.2211124897,
        "dmean2": 5.41367816925,
        "dvar": 20.3232097626,
        "dvar2": 59.1810760498,
        "max": 75.5045013428,
        "mean": 6.58895874023,
        "median": 4.45830869675,
        "min": -1.26320374012,
        "var": 59.9736251831
    },
    "spectral_rms": {
        "dmean": 0.00083050748799,
        "dmean2": 0.00115364126395,
        "dvar": 1.40023701078e-06,
        "dvar2": 2.76520700027e-06,
        "max": 0.017991412431,
        "mean": 0.00473969103768,
        "median": 0.00398142309859,
        "min": 3.13757114907e-12,
        "var": 1.39610310725e-05
    },
    "spectral_rolloff": {
        "dmean": 739.555358887,
        "dmean2": 1356.1192627,
        "dvar": 2659638.5,
        "dvar2": 7139141,
        "max": 19078.4179688,
        "mean": 1068.36193848,
        "median": 667.529296875,
        "min": 64.599609375,
        "var": 2566593.5
    },
    "spectral_skewness": {
        "dmean": 0.392910420895,
        "dmean2": 0.625982224941,
        "dvar": 0.16395495832,
        "dvar2": 0.402308613062,
        "max": 6.55003786087,
        "mean": 1.78147363663,
        "median": 1.71491229534,
        "min": -0.0755782723427,
        "var": 0.584294915199
    },
    "spectral_spread": {
        "dmean": 798975.1875,
        "dmean2": 1148332,
        "dvar": 1.33622123725e+12,
        "dvar2": 2.21730308096e+12,
        "max": 42182728,
        "mean": 4633157,
        "median": 4158334,
        "min": 857996.6875,
        "var": 6.49153688371e+12
    },
    "spectral_strongpeak": {
        "dmean": 0.244094029069,
        "dmean2": 0.391083985567,
        "dvar": 0.154554247856,
        "dvar2": 0.371829211712,
        "max": 4.60932683945,
        "mean": 0.579823970795,
        "median": 0.429680407047,
        "min": 0,
        "var": 0.34556671977
    },
    "zerocrossingrate": {
        "dmean": 0.0131140928715,
        "dmean2": 0.0169849228114,
        "dvar": 0.000278167339275,
        "dvar2": 0.000399986252887,
        "max": 0.5234375,
        "mean": 0.0457060411572,
        "median": 0.037109375,
        "min": 0.0029296875,
        "var": 0.00135611451697
    },
    "barkbands": {
        "dmean": [0.000732110522222, 0.00941149238497, 0.00652862340212, 0.00273784948513, 0.00233360403217, 0.000821999274194, 0.000627885747235, 0.000555331178475, 0.000715935486369, 0.000213807681575, 0.000206465832889, 9.08157744561e-05, 0.000119487420307, 0.000111676738015, 0.000134715839522, 9.93541034404e-05, 0.00013254705118, 9.32465627557e-05, 0.000138381801662, 0.000167673482792, 0.000249774602707, 0.000353125098627, 0.000408774154494, 0.000390125875128, 0.000185847398825, 6.67905114824e-05, 2.71823664661e-05],
        "dmean2": [0.00102817860898, 0.0138364396989, 0.0102872550488, 0.00483954604715, 0.00400123186409, 0.001325842808, 0.000910788250621, 0.000841375149321, 0.00103664281778, 0.000318810634781, 0.000333579984726, 0.000147404716699, 0.000195424319827, 0.000188787671505, 0.000226710923016, 0.000171495470568, 0.000233332364587, 0.000166325306054, 0.00024835014483, 0.000297770660836, 0.000446443096735, 0.000628598616458, 0.000737452937756, 0.000700107542798, 0.00033031636849, 0.000117589457659, 4.95148306072e-05],
        "dvar": [2.52279437518e-06, 0.000412690453231, 0.000446745048976, 9.57428201218e-05, 3.58140714525e-05, 2.99188127428e-06, 1.46820354985e-06, 1.77772437837e-06, 2.90351749754e-06, 1.98683594022e-07, 1.78100833637e-07, 9.12044058055e-08, 7.04008229491e-08, 7.8255958158e-08, 1.74286725496e-07, 7.55282059117e-08, 1.61610202554e-07, 6.52239222632e-08, 1.42505584222e-07, 1.78746304869e-07, 3.85466762509e-07, 8.9730599484e-07, 1.19035371426e-06, 1.04042294424e-06, 1.84503548439e-07, 2.86711241415e-08, 7.9858928359e-09],
        "dvar2": [4.14561282014e-06, 0.000840829336084, 0.00104739330709, 0.000267214607447, 9.9599987152e-05, 7.83170253271e-06, 3.03170827465e-06, 3.82502093998e-06, 6.2999470174e-06, 3.91571603586e-07, 4.22572384196e-07, 2.05511625495e-07, 1.72233143303e-07, 2.0189796146e-07, 4.01680125606e-07, 2.09307145838e-07, 4.53497335684e-07, 1.81587154202e-07, 4.00446879212e-07, 4.81461370327e-07, 1.05153606e-06, 2.45578598879e-06, 3.2889972772e-06, 2.8804622616e-06, 4.98310157582e-07, 7.79274387241e-08, 2.19974332083e-08],
        "max": [0.0185549817979, 0.217180103064, 0.202208250761, 0.0963417738676, 0.0989172831178, 0.022511407733, 0.0298932660371, 0.0398823395371, 0.0314757786691, 0.0104993516579, 0.0103706866503, 0.00845202524215, 0.00773463910446, 0.00916278734803, 0.0164600759745, 0.00807123631239, 0.00839413702488, 0.00348046678118, 0.00479403231293, 0.00495325867087, 0.00548009481281, 0.00911050569266, 0.00982452463359, 0.0112672327086, 0.00374166690744, 0.00208462798037, 0.0022137935739],
        "mean": [0.00133360014297, 0.0172055307776, 0.00618262542412, 0.00210888008587, 0.0026264837943, 0.00114375166595, 0.001273124828, 0.00100504094735, 0.00125205435324, 0.000410588982049, 0.00030217965832, 0.000116137904115, 0.000168768499861, 0.000139841940836, 0.000167149992194, 0.000132982022478, 0.000149540355778, 9.0887035185e-05, 0.000130445390823, 0.000147503160406, 0.000194897991605, 0.000269907613983, 0.000294714060146, 0.000281533546513, 0.000139566254802, 4.87871657242e-05, 1.97368353838e-05],
        "median": [5.75738522457e-05, 0.00167367374524, 0.000496865657624, 0.000211712074815, 0.000951696420088, 0.000532903010026, 0.000510017969646, 0.000207588615012, 0.000412184774177, 0.000131765526021, 0.000155271336553, 3.29344584316e-05, 7.65478180256e-05, 4.72878273285e-05, 5.63784269616e-05, 5.31701225555e-05, 5.20769681316e-05, 2.12706108869e-05, 2.74061058008e-05, 1.71698866325e-05, 1.5414736481e-05, 1.49019833771e-05, 9.37504773901e-06, 8.79835261003e-06, 2.21014124691e-06, 4.24992776971e-07, 3.33172671674e-08],
        "min": [5.27924551828e-25, 4.46844895508e-24, 3.76083125677e-24, 3.06245131687e-24, 5.10287968848e-24, 2.00399147805e-23, 6.08823480114e-24, 1.00703963677e-23, 2.5090410555e-23, 1.21460408706e-23, 1.83412306166e-23, 2.86611563103e-23, 3.08483646779e-23, 6.39581663791e-23, 5.63796364607e-23, 1.00466466057e-22, 1.14499209777e-22, 1.20029276184e-22, 1.62768750287e-22, 1.58995066909e-22, 2.57814031675e-22, 4.25270748819e-22, 3.91652021393e-22, 6.86052159675e-22, 9.82849400123e-22, 1.27378180684e-21, 2.00202891202e-21],
        "var": [7.91318416304e-06, 0.000931145681534, 0.00042219721945, 6.05619570706e-05, 2.83524550468e-05, 3.38923132404e-06, 4.89316335006e-06, 8.30077806313e-06, 6.35151172901e-06, 8.91916613455e-07, 2.53978129194e-07, 1.21190012692e-07, 9.62311403896e-08, 9.14925664119e-08, 2.15898353417e-07, 7.82213689376e-08, 1.28116283804e-07, 4.86700457714e-08, 1.02174688266e-07, 1.35861753847e-07, 2.65706148639e-07, 5.99503664489e-07, 7.65018342008e-07, 6.82061852331e-07, 1.33296921945e-07, 2.06928980617e-08, 7.97557309085e-09]
    },
    "erbbands": {
        "dmean": [0.287939935923, 2.20660424232, 7.0752863884, 7.80304336548, 7.10399675369, 8.75081539154, 7.42009353638, 6.97353982925, 6.52205562592, 16.0241661072, 8.28921604156, 19.176492691, 5.85736227036, 6.98287963867, 8.18109989166, 4.11036872864, 5.55606985092, 5.47153186798, 6.88248491287, 5.86972236633, 5.53058195114, 6.79509067535, 5.07485151291, 5.88939666748, 8.06272506714, 7.4278588295, 8.3815279007, 11.6186599731, 11.5460214615, 15.4532756805, 10.211180687, 8.71154212952, 6.04754781723, 2.89589762688, 0.89203196764, 0.341322541237, 0.111613199115, 0.0253331623971, 0.0041569606401, 0.000336496770615],
        "dmean2": [0.428289026022, 3.17153477669, 10.7016468048, 12.6702222824, 12.2961006165, 14.866569519, 12.4306745529, 11.2659320831, 9.62927818298, 23.7425556183, 12.3932151794, 27.7729244232, 7.88778972626, 11.080994606, 13.2089548111, 6.54435110092, 9.05078125, 9.15486907959, 11.5102901459, 9.91436481476, 9.57600402832, 11.9837398529, 8.94738864899, 10.4992322922, 14.5416431427, 13.1880378723, 14.895275116, 20.8112773895, 20.4372386932, 28.0980415344, 18.3369941711, 15.7146148682, 10.8830804825, 5.21835708618, 1.55440092087, 0.593363940716, 0.198745012283, 0.0458314865828, 0.00761300744489, 0.000612119678408],
        "dvar": [0.313155770302, 26.6702728271, 472.300262451, 653.15057373, 493.219818115, 456.119659424, 374.947784424, 188.553665161, 212.475524902, 1025.43164062, 351.227050781, 2159.76049805, 188.830444336, 208.362976074, 271.065856934, 206.374862671, 140.98538208, 166.384933472, 533.817138672, 228.417282104, 223.077941895, 452.518585205, 179.087051392, 226.580505371, 483.742340088, 351.043060303, 433.373626709, 863.848449707, 884.627746582, 1868.3223877, 755.561157227, 502.685882568, 269.030334473, 48.9055938721, 4.15210771561, 0.696286082268, 0.0853102877736, 0.00599877489731, 0.000181963332579, 1.25884662339e-06],
        "dvar2": [0.737165153027, 50.5797691345, 1043.89538574, 1650.80578613, 1338.26086426, 1286.67687988, 1047.00756836, 485.180999756, 457.755432129, 2213.86791992, 830.199645996, 4658.85742188, 286.016876221, 489.207366943, 657.492736816, 451.137908936, 346.320343018, 421.895355225, 1164.71740723, 613.646484375, 622.269592285, 1277.61804199, 496.599609375, 633.54107666, 1345.75354004, 952.117248535, 1172.91296387, 2358.58764648, 2399.44262695, 5196.07080078, 2089.59887695, 1387.91967773, 750.489196777, 134.081832886, 10.9758996964, 1.85603296757, 0.233157947659, 0.0166773628443, 0.000507680117153, 3.35831146003e-06],
        "max": [5.82615423203, 52.8241043091, 212.085250854, 226.066390991, 245.568603516, 379.562072754, 288.725372314, 222.432769775, 450.05581665, 813.262268066, 464.998504639, 833.818603516, 432.734985352, 331.172790527, 321.328887939, 437.408813477, 392.822753906, 473.165527344, 966.566101074, 518.429443359, 283.033813477, 426.680419922, 202.733108521, 182.063232422, 316.25302124, 195.701248169, 202.940979004, 273.519958496, 268.963897705, 455.719116211, 256.750091553, 202.084472656, 207.807891846, 67.8637237549, 25.1903743744, 13.924533844, 2.80852293968, 1.36242592335, 0.273851305246, 0.0405406020582],
        "mean": [0.533870458603, 3.63993668556, 7.89148902893, 6.93669366837, 6.30007123947, 10.4650764465, 9.66408920288, 10.007853508, 12.0577869415, 33.0067062378, 15.4101610184, 33.7016601562, 12.6001386642, 11.6085929871, 12.5393562317, 6.01456737518, 8.19339752197, 7.60295009613, 8.51417255402, 8.04460048676, 7.20563411713, 7.61254024506, 5.38653659821, 6.1086139679, 7.22531795502, 6.68172168732, 6.9814491272, 8.92917537689, 8.85660362244, 10.8648109436, 7.57685565948, 6.27255964279, 4.33379077911, 2.12524580956, 0.698264181614, 0.256394386292, 0.0797148868442, 0.0182454865426, 0.00303220702335, 0.000279739324469],
        "median": [0.0453334935009, 0.354537904263, 0.849041104317, 0.843729138374, 1.36000347137, 3.71515250206, 4.69476461411, 4.93087530136, 6.23746728897, 9.12684440613, 5.69221687317, 11.0657558441, 3.77350521088, 5.8017115593, 6.87567424774, 2.36953210831, 3.83398318291, 3.02441358566, 2.98401379585, 3.18272614479, 2.90191674232, 2.71076345444, 1.62789714336, 1.52031970024, 1.27550578117, 0.92327183485, 0.638042330742, 0.599378466606, 0.510321199894, 0.390237152576, 0.275306135416, 0.208649218082, 0.115168511868, 0.0371914468706, 0.0101050883532, 0.00277542159893, 0.00066122924909, 9.46248110267e-05, 2.39988130488e-05, 2.30094483413e-05],
        "min": [7.72049080262e-23, 1.49266902383e-21, 3.76271697512e-21, 8.82157831029e-21, 2.74550066412e-20, 1.97717669865e-20, 5.85598508001e-20, 1.30327876052e-19, 1.29658441367e-19, 3.68191842525e-19, 5.60464082251e-19, 5.5610964841e-19, 7.48845005882e-19, 1.0398801809e-18, 1.0221911303e-18, 1.35299110041e-18, 1.80040058264e-18, 3.22471440079e-18, 3.62265651783e-18, 3.99048636544e-18, 6.21544835761e-18, 7.021038729e-18, 6.57672734836e-18, 7.72595956547e-18, 8.78205248638e-18, 8.65119251348e-18, 1.07904949901e-17, 9.10207294895e-18, 1.48535598369e-17, 1.11539300272e-17, 9.92269401924e-18, 1.21722207941e-17, 1.29814052652e-17, 1.00031348523e-17, 6.46224100209e-18, 4.47160728333e-18, 2.47099156254e-18, 1.0296190054e-18, 2.69283064948e-19, 2.96728846586e-20],
        "var": [0.728556990623, 57.4483451843, 538.565979004, 531.545654297, 341.938690186, 396.96182251, 318.444000244, 239.653427124, 369.801361084, 4928.58398438, 798.888671875, 4737.69824219, 1118.46630859, 401.635192871, 379.887817383, 292.782623291, 208.772583008, 230.347991943, 663.1015625, 279.388000488, 207.974685669, 335.872619629, 140.493225098, 184.354705811, 337.738128662, 263.49041748, 318.722320557, 584.391845703, 604.823608398, 1171.98876953, 489.156005859, 327.282653809, 173.821548462, 33.4918670654, 3.22944951057, 0.519041538239, 0.0603544451296, 0.0046963468194, 0.000171415755176, 1.44769069266e-06]
    },
    "gfcc": {
        "mean": [-88.935256958, 119.606262207, -105.589836121, 32.1239433289, -56.0843658447, 13.9620523453, -19.4713134766, 9.09172916412, -10.0405759811, -2.27952337265, -11.7939596176, -2.64358639717, -3.35015773773],
        "cov": [[33019.6835938, -4622.61132812, 1921.94592285, 1539.68249512, -1635.43737793, 923.451721191, -2617.39575195, 262.820617676, -49.2545967102, 1034.81030273, 565.366638184, 241.97543335, -399.169128418], [-4622.61132812, 2712.41503906, -855.37298584, -238.227157593, 471.21295166, -415.466339111, 702.282043457, -177.527816772, 102.753684998, -325.41003418, 19.7025318146, -110.951766968, 182.814254761], [1921.94592285, -855.37298584, 965.386291504, 193.671386719, -34.651473999, 221.377151489, -178.529373169, 80.5465545654, 15.2621192932, 126.541625977, -21.8682384491, 46.286781311, -72.0329742432], [1539.68249512, -238.227157593, 193.671386719, 361.717346191, -1.29764807224, 92.6253128052, -119.423324585, -17.9741306305, 90.8420028687, 55.677520752, 82.6477279663, 9.54128932953, -16.6811008453], [-1635.43737793, 471.21295166, -34.651473999, -1.29764807224, 409.366027832, -64.7927093506, 220.463500977, 11.4082508087, 13.532834053, -50.6743812561, -9.91483211517, -12.7130565643, 46.3980522156], [923.451721191, -415.466339111, 221.377151489, 92.6253128052, -64.7927093506, 257.264892578, -85.9152908325, 63.1884613037, 26.0615844727, 47.805644989, -5.3158621788, 11.3709869385, -30.420381546], [-2617.39575195, 702.282043457, -178.529373169, -119.423324585, 220.463500977, -85.9152908325, 541.161499023, -37.0075073242, -7.81078195572, -132.171783447, -85.6440200806, -19.1074638367, 39.8662376404], [262.820617676, -177.527816772, 80.5465545654, -17.9741306305, 11.4082508087, 63.1884613037, -37.0075073242, 195.089950562, -16.8096809387, 39.2626457214, -8.49440670013, -25.4471950531, 15.2850856781], [-49.2545967102, 102.753684998, 15.2621192932, 90.8420028687, 13.532834053, 26.0615844727, -7.81078195572, -16.8096809387, 200.452545166, 8.11299133301, 51.1612205505, 7.96663045883, -0.360761255026], [1034.81030273, -325.41003418, 126.541625977, 55.677520752, -50.6743812561, 47.805644989, -132.171783447, 39.2626457214, 8.11299133301, 147.3334198, 57.5701751709, 23.902715683, -18.9012298584], [565.366638184, 19.7025318146, -21.8682384491, 82.6477279663, -9.91483211517, -5.3158621788, -85.6440200806, -8.49440670013, 51.1612205505, 57.5701751709, 158.563140869, 19.3498802185, 18.0069122314], [241.97543335, -110.951766968, 46.286781311, 9.54128932953, -12.7130565643, 11.3709869385, -19.1074638367, -25.4471950531, 7.96663045883, 23.902715683, 19.3498802185, 97.6929321289, 3.95077037811], [-399.169128418, 182.814254761, -72.0329742432, -16.6811008453, 46.3980522156, -30.420381546, 39.8662376404, 15.2850856781, -0.360761255026, -18.9012298584, 18.0069122314, 3.95077037811, 89.4331970215]],
        "icov": [[7.30468018446e-05, -4.87506586069e-05, -4.06639846915e-05, -0.000250126759056, 0.000182183415745, -4.44331417384e-05, 0.000205568692763, -8.07937904028e-05, 0.000166573459865, -0.000181678915396, -6.87486533479e-07, -0.000118670563097, 0.00012647677795], [-4.87506586069e-05, 0.00128006562591, 0.000414745794842, 0.000503742776345, -0.000715745205525, 0.000723826000467, -0.000935081276111, 0.000618071178906, -0.000833889411297, 0.00119705277029, -0.00085983396275, 0.00111963285599, -0.00110419862904], [-4.06639846915e-05, 0.000414745794842, 0.00177037692629, -0.000423695077188, -0.000571541837417, -0.000555398932192, -0.00014642131282, -0.00012174477888, -0.000204084833967, -0.000423253368353, 0.000641739054117, -0.00031501770718, 0.000305712892441], [-0.000250126759056, 0.000503742776345, -0.000423695077188, 0.00530061079189, -0.00133980228566, -0.000816575076897, -0.000338066747645, 0.001556320698, -0.00196388433687, 0.000870069721714, -0.00199020979926, 0.00150389492046, -0.000686419662088], [0.000182183415745, -0.000715745205525, -0.000571541837417, -0.00133980228566, 0.00423895940185, 0.000401587341912, -0.000577194383368, -0.00112567550968, 0.000626812048722, -0.000765359785873, 0.000143440760439, -0.000647627690341, -0.000206406824873], [-4.44331417384e-05, 0.000723826000467, -0.000555398932192, -0.000816575076897, 0.000401587341912, 0.00629392452538, -0.00061957485741, -0.00153781310655, -0.00107656477485, 0.000616561213974, 0.000339447578881, -6.76489944453e-05, 0.000254561193287], [0.000205568692763, -0.000935081276111, -0.00014642131282, -0.000338066747645, -0.000577194383368, -0.00061957485741, 0.00429062033072, -0.000182452742592, 0.000601971580181, 0.000267483497737, 0.00156293041073, -0.0011304699583, 0.000649455643725], [-8.07937904028e-05, 0.000618071178906, -0.00012174477888, 0.001556320698, -0.00112567550968, -0.00153781310655, -0.000182452742592, 0.00748796528205, -0.000250158540439, -0.00157323956955, 0.000168889848283, 0.00325150578283, -0.00308047630824], [0.000166573459865, -0.000833889411297, -0.000204084833967, -0.00196388433687, 0.000626812048722, -0.00107656477485, 0.000601971580181, -0.000250158540439, 0.00683698803186, -0.00049762922572, -0.00121428363491, -0.00105606485158, 0.00121396465693], [-0.000181678915396, 0.00119705277029, -0.000423253368353, 0.000870069721714, -0.000765359785873, 0.000616561213974, 0.000267483497737, -0.00157323956955, -0.00049762922572, 0.0130208991468, -0.00455494923517, -0.000888347392902, 0.00102623028215], [-6.87486533479e-07, -0.00085983396275, 0.000641739054117, -0.00199020979926, 0.000143440760439, 0.000339447578881, 0.00156293041073, 0.000168889848283, -0.00121428363491, -0.00455494923517, 0.0108708683401, -0.00161976600066, -0.00186909991316], [-0.000118670563097, 0.00111963285599, -0.00031501770718, 0.00150389492046, -0.000647627690341, -6.76489944453e-05, -0.0011304699583, 0.00325150578283, -0.00105606485158, -0.000888347392902, -0.00161976600066, 0.0130981057882, -0.00297488179058], [0.00012647677795, -0.00110419862904, 0.000305712892441, -0.000686419662088, -0.000206406824873, 0.000254561193287, 0.000649455643725, -0.00308047630824, 0.00121396465693, 0.00102623028215, -0.00186909991316, -0.00297488179058, 0.0152815682814]]
    },
    "melbands": {
        "dmean": [0.00249295472167, 0.00313381897286, 0.00127254228573, 0.000535488070454, 0.000300233514281, 0.000151787913637, 0.000104768798337, 0.000170759274624, 7.98375695013e-05, 0.000109842570964, 2.66496936092e-05, 2.89627369057e-05, 2.92296463158e-05, 1.27478569993e-05, 1.21206048789e-05, 1.05976278064e-05, 1.07850146378e-05, 1.08430449473e-05, 8.42970803205e-06, 8.10553501651e-06, 6.59500528855e-06, 7.75960415922e-06, 5.13275062985e-06, 5.06754258822e-06, 4.72425881526e-06, 5.60163789487e-06, 5.97946427661e-06, 4.75904607811e-06, 5.12153064847e-06, 6.05972536505e-06, 6.98468784321e-06, 6.67352605888e-06, 6.7120431595e-06, 9.3404942163e-06, 5.90322770222e-06, 5.29903263669e-06, 5.33375532541e-06, 4.53798111266e-06, 3.22118035001e-06, 2.19321873374e-06],
        "dmean2": [0.00365742109716, 0.00449928082526, 0.00198569195345, 0.000916766759474, 0.000501455564518, 0.000244458351517, 0.000153145345394, 0.000253792037256, 0.000116598021123, 0.000159662929946, 3.63351791748e-05, 4.61658783024e-05, 4.71514686069e-05, 2.05072228709e-05, 1.96900309675e-05, 1.72181553353e-05, 1.81951891136e-05, 1.82199910341e-05, 1.43233974086e-05, 1.38113946377e-05, 1.14618769658e-05, 1.37393253681e-05, 8.90282080945e-06, 9.09193295229e-06, 8.41308155941e-06, 1.01293653643e-05, 1.0762830243e-05, 8.46002330945e-06, 9.10388644115e-06, 1.08782933239e-05, 1.25466913232e-05, 1.18060315799e-05, 1.21061748359e-05, 1.70138318936e-05, 1.05924245872e-05, 9.59343469731e-06, 9.60860234045e-06, 8.19106207928e-06, 5.78103208682e-06, 3.96374798584e-06],
        "dvar": [2.52089157584e-05, 7.27601509425e-05, 1.55239940796e-05, 2.0431377834e-06, 5.46726141692e-07, 8.95670098089e-08, 5.06502217945e-08, 1.23398450569e-07, 3.18075912276e-08, 6.91867185765e-08, 4.3979779818e-09, 3.83113585301e-09, 3.46061335144e-09, 1.22073751108e-09, 8.45066905342e-10, 5.72963732015e-10, 6.98985203051e-10, 1.23354781945e-09, 5.70868907701e-10, 5.43033396028e-10, 3.5526076525e-10, 6.63481436458e-10, 1.56435545073e-10, 2.08880412966e-10, 1.44149844838e-10, 2.59039456552e-10, 2.4894306061e-10, 1.42210979104e-10, 1.73383737923e-10, 2.43293329927e-10, 3.19248544267e-10, 2.89272467091e-10, 3.72424147077e-10, 6.65956012558e-10, 2.64656047078e-10, 2.13321929565e-10, 1.81798298637e-10, 1.51172380169e-10, 7.6017109274e-11, 2.67366337403e-11],
        "dvar2": [5.54868165636e-05, 0.000147068174556, 3.7001522287e-05, 5.64641550227e-06, 1.52405232257e-06, 2.30216826935e-07, 1.08494774054e-07, 2.66706933871e-07, 7.2385915928e-08, 1.50004154875e-07, 6.63444899018e-09, 8.97995722227e-09, 8.29739388308e-09, 2.93397461881e-09, 1.97400917834e-09, 1.36725075706e-09, 1.78730186207e-09, 2.75294387286e-09, 1.44446243855e-09, 1.49587908727e-09, 9.94007542943e-10, 1.87179605149e-09, 4.34976610286e-10, 5.84224224554e-10, 4.04622363392e-10, 7.29653282239e-10, 6.83528178502e-10, 3.83768905543e-10, 4.6760462169e-10, 6.69738597914e-10, 8.71489658216e-10, 7.77890807324e-10, 1.04046604665e-09, 1.84744697318e-09, 7.32396976399e-10, 5.9518517892e-10, 5.00186614349e-10, 4.21917278892e-10, 2.10929274047e-10, 7.33252694674e-11],
        "max": [0.0556174553931, 0.0822921395302, 0.0363551303744, 0.0252055656165, 0.0105557087809, 0.00436680391431, 0.00678759394214, 0.00982663128525, 0.00353809632361, 0.00462767481804, 0.00214466056786, 0.00144393113442, 0.00142306287307, 0.000895607518032, 0.00072214222746, 0.000518898654263, 0.00104514451232, 0.00137990212534, 0.000728811661247, 0.000724613317288, 0.000434945919551, 0.000522991991602, 0.000437415234046, 0.00020253425464, 0.000160895651788, 0.000225587849854, 0.00020504432905, 0.000131823515403, 0.000127843595692, 0.00015533871192, 0.000165944511537, 0.000175957320607, 0.000199600777705, 0.000265716138529, 0.000166739628185, 0.000157250397024, 0.000111166787974, 0.000153097891598, 0.000109539294499, 4.90699894726e-05],
        "mean": [0.00477833813056, 0.00448768446222, 0.00122266705148, 0.00057594536338, 0.000402102683438, 0.000216351370909, 0.000200470080017, 0.000346214335877, 0.000142247736221, 0.000191596976947, 5.51079720026e-05, 4.55151312053e-05, 4.34818975918e-05, 1.78791924554e-05, 1.70574458025e-05, 1.54374283738e-05, 1.40507117976e-05, 1.31092083393e-05, 1.03738939288e-05, 1.08980366349e-05, 7.86855434853e-06, 8.10598703538e-06, 6.15401495452e-06, 4.75235628983e-06, 4.866652489e-06, 4.93594234285e-06, 5.17136641065e-06, 4.2441702135e-06, 4.30378531746e-06, 4.63439300802e-06, 5.40511018698e-06, 5.16577256349e-06, 4.89081639898e-06, 6.46457419862e-06, 4.40959138359e-06, 3.84046052204e-06, 3.81828840545e-06, 3.20795447806e-06, 2.39027099269e-06, 1.5871182768e-06],
        "median": [0.000455043162219, 0.000546818773728, 0.000157933551236, 0.0001973824983, 0.000193530373508, 0.000102743346361, 9.56756339292e-05, 9.02194806258e-05, 4.9513153499e-05, 6.27664849162e-05, 1.41037462527e-05, 2.06201002584e-05, 2.2896372684e-05, 7.17269494999e-06, 7.05213369656e-06, 7.20655680198e-06, 4.72542023999e-06, 4.47248339697e-06, 3.5489806578e-06, 4.32708429798e-06, 2.59770422417e-06, 2.29230317927e-06, 1.94585618374e-06, 9.26074392282e-07, 1.11615429432e-06, 8.78493096934e-07, 7.20500395346e-07, 5.49107539882e-07, 3.74373570367e-07, 2.99862847442e-07, 3.48323254684e-07, 3.01698065641e-07, 2.1154444596e-07, 1.89357209024e-07, 1.54784203232e-07, 1.40459761155e-07, 1.10858287883e-07, 8.52987085409e-08, 4.70409489139e-08, 2.27904930483e-08],
        "min": [9.12414469564e-25, 2.25486088161e-24, 1.48343922581e-24, 1.65641679941e-24, 1.85134334301e-24, 3.15170520905e-24, 1.75613138163e-24, 4.64173014152e-24, 4.15946988788e-24, 3.39652582441e-24, 3.04660467901e-24, 3.79213562407e-24, 2.85113816011e-24, 3.28738041007e-24, 2.88286338471e-24, 2.98005873962e-24, 5.8622533675e-24, 5.56197425279e-24, 4.35199296952e-24, 5.01965920172e-24, 6.17021795958e-24, 7.38516038908e-24, 5.28748378993e-24, 5.41062024407e-24, 5.21734695571e-24, 7.36658902565e-24, 4.75211584242e-24, 4.81332632107e-24, 6.69154181639e-24, 3.77781700978e-24, 4.9588648472e-24, 7.58842381195e-24, 6.59301072275e-24, 6.13905440395e-24, 5.36032681149e-24, 5.93496977688e-24, 6.96355525601e-24, 8.59879449277e-24, 7.10641796594e-24, 7.83555973406e-24],
        "var": [6.00801286055e-05, 0.000118061710964, 1.4188996829e-05, 1.54240944994e-06, 5.07698587171e-07, 1.13315749672e-07, 1.01207056957e-07, 6.06042078743e-07, 6.58150369759e-08, 1.47576386667e-07, 2.64475215062e-08, 7.21396142822e-09, 4.90685136967e-09, 1.56570523213e-09, 1.2723772036e-09, 7.87533815938e-10, 9.24246568168e-10, 1.47257339655e-09, 6.35134500548e-10, 6.15063167064e-10, 3.05385716715e-10, 4.8191312052e-10, 1.46513301491e-10, 1.5096203454e-10, 1.20755502819e-10, 1.75163758498e-10, 1.79232906294e-10, 1.08015187072e-10, 1.29584953878e-10, 1.63919169904e-10, 2.16455700586e-10, 2.01495028995e-10, 2.34860991766e-10, 4.18216100639e-10, 1.70996508619e-10, 1.3475240368e-10, 1.19549717348e-10, 9.69961055919e-11, 5.05457134481e-11, 1.82857149561e-11]
    },
    "mfcc": {
        "mean": [-722.114257812, 133.333862305, 18.1856784821, 21.5228538513, 1.0149115324, 6.93512010574, 0.818003296852, 9.81007766724, 7.50655460358, 5.41372919083, 0.909680426121, 3.80993652344, 1.9404976368],
        "cov": [[21282.1875, -1307.29174805, 983.038391113, 683.905151367, 401.476196289, 251.827545166, -896.113586426, -688.502258301, -761.721557617, 332.159393311, 263.756225586, -78.901008606, -76.0712890625], [-1307.29174805, 2145.5559082, -552.820556641, 178.713088989, -105.501365662, -46.4833335876, 106.281410217, 122.613426208, 93.166305542, -86.531791687, -45.5188789368, 42.3409843445, 37.0443153381], [983.038391113, -552.820556641, 781.768005371, -65.7853775024, 108.875595093, 89.219619751, -2.97754716873, 38.06665802, 38.005531311, 40.6491928101, 21.9921913147, 30.1485614777, -6.41520881653], [683.905151367, 178.713088989, -65.7853775024, 304.800506592, 80.1874237061, 61.5716819763, -6.69203710556, -11.87682724, -27.350446701, 25.7016868591, 17.4916553497, 19.7853736877, 31.0847377777], [401.476196289, -105.501365662, 108.875595093, 80.1874237061, 246.971679688, 52.0246162415, -5.35558795929, -10.4691057205, 12.5791702271, 53.2628517151, 30.2372779846, -7.77428340912, 11.9921665192], [251.827545166, -46.4833335876, 89.219619751, 61.5716819763, 52.0246162415, 165.744064331, 10.6030750275, 23.2585868835, 1.61798632145, 5.68207597733, 31.5127220154, 12.8561477661, 15.7928304672], [-896.113586426, 106.281410217, -2.97754716873, -6.69203710556, -5.35558795929, 10.6030750275, 221.932769775, 83.4438247681, 90.0028381348, -28.5120220184, -27.3179016113, 28.3287982941, 20.2937774658], [-688.502258301, 122.613426208, 38.06665802, -11.87682724, -10.4691057205, 23.2585868835, 83.4438247681, 145.808486938, 97.3926620483, -4.32206869125, -10.1179590225, 8.50541687012, 3.26502633095], [-761.721557617, 93.166305542, 38.005531311, -27.350446701, 12.5791702271, 1.61798632145, 90.0028381348, 97.3926620483, 159.916503906, 14.7065172195, -6.9109416008, -5.24998617172, -11.3516893387], [332.159393311, -86.531791687, 40.6491928101, 25.7016868591, 53.2628517151, 5.68207597733, -28.5120220184, -4.32206869125, 14.7065172195, 125.515846252, 26.1131896973, -10.0228271484, 5.80942630768], [263.756225586, -45.5188789368, 21.9921913147, 17.4916553497, 30.2372779846, 31.5127220154, -27.3179016113, -10.1179590225, -6.9109416008, 26.1131896973, 88.8020248413, 21.9571762085, 2.57815408707], [-78.901008606, 42.3409843445, 30.1485614777, 19.7853736877, -7.77428340912, 12.8561477661, 28.3287982941, 8.50541687012, -5.24998617172, -10.0228271484, 21.9571762085, 122.570770264, 60.9791145325], [-76.0712890625, 37.0443153381, -6.41520881653, 31.0847377777, 11.9921665192, 15.7928304672, 20.2937774658, 3.26502633095, -11.3516893387, 5.80942630768, 2.57815408707, 60.9791145325, 91.95753479]],
