{
"lowlevel": {
    "average_loudness": 0.130607277155,
    "barkbands_crest": {
        "dmean": 1.99438035488,
        "dmean2": 3.30857992172,
        "dvar": 2.82255172729,
        "dvar2": 7.74460601807,
        "max": 22.1961097717,
        "mean": 8.86191940308,
        "median": 8.21104621887,
        "min": 2.59597373009,
        "var": 11.4477987289
    },
    "barkbands_flatness_db": {
        "dmean": 0.0152409346774,
        "dmean2": 0.0246596653014,
        "dvar": 0.000180861199624,
        "dvar2": 0.000476783548947,
        "max": 0.436968386173,
        "mean": 0.208955615759,
        "median": 0.215857282281,
        "min": 0.0463668182492,
        "var": 0.00733925681561
    },
    "barkbands_kurtosis": {
        "dmean": 1.5771727562,
        "dmean2": 2.55897474289,
        "dvar": 4.46417617798,
        "dvar2": 11.757686615,
        "max": 57.485710144,
        "mean": 2.83674383163,
        "median": 1.84712791443,
        "min": -1.71516668797,
        "var": 15.5543317795
    },
    "barkbands_skewness": {
        "dmean": 0.363853365183,
        "dmean2": 0.588735759258,
        "dvar": 0.103122629225,
        "dvar2": 0.273804396391,
        "max": 4.66044044495,
        "mean": 1.20647370815,
        "median": 1.15421104431,
        "min": -1.85594642162,
        "var": 0.435190171003
    },
    "barkbands_spread": {
        "dmean": 2.14785575867,
        "dmean2": 3.47422909737,
        "dvar": 5.96862268448,
        "dvar2": 15.7477731705,
        "max": 45.7556915283,
        "mean": 12.9390411377,
        "median": 9.84636116028,
        "min": 0.781436741352,
        "var": 90.0967407227
    },
    "dissonance": {
        "dmean": 0.0264880619943,
        "dmean2": 0.0449008643627,
        "dvar": 0.000754207605496,
        "dvar2": 0.00209050113335,
        "max": 0.500000059605,
        "mean": 0.447124630213,
        "median": 0.456523507833,
        "min": 0.216082319617,
        "var": 0.00139432202559
    },
    "dynamic_complexity": 7.91931390762,
    "erbbands_crest": {
        "dmean": 2.32289719582,
        "dmean2": 3.75715494156,
        "dvar": 4.32083320618,
        "dvar2": 11.0021104813,
        "max": 27.9984874725,
        "mean": 9.51341152191,
        "median": 8.69728374481,
        "min": 2.78080964088,
        "var": 13.4817304611
    },
    "erbbands_flatness_db": {
        "dmean": 0.0142243914306,
        "dmean2": 0.021971412003,
        "dvar": 0.000161236021086,
        "dvar2": 0.00035658897832,
        "max": 0.395146369934,
        "mean": 0.241721108556,
        "median": 0.250886529684,
        "min": 0.0915252789855,
        "var": 0.00324019393884
    },
    "erbbands_kurtosis": {
        "dmean": 1.00827407837,
        "dmean2": 1.62664723396,
        "dvar": 3.40111923218,
        "dvar2": 7.95985603333,
        "max": 46.9273338318,
        "mean": 1.30270624161,
        "median": -0.0571558475494,
        "min": -1.63557994366,
        "var": 19.0337429047
    },
    "erbbands_skewness": {
        "dmean": 0.291182518005,
        "dmean2": 0.467087030411,
        "dvar": 0.0635321140289,
        "dvar2": 0.163277983665,
        "max": 4.6667637825,
        "mean": 0.572634339333,
        "median": 0.505856871605,
        "min": -1.77013099194,
        "var": 0.413244664669
    },
    "erbbands_spread": {
        "dmean": 3.88486194611,
        "dmean2": 6.20741462708,
        "dvar": 13.198474884,
        "dvar2": 33.1507110596,
        "max": 74.1507263184,
        "mean": 23.8734359741,
        "median": 22.7338123322,
        "min": 1.63317644596,
        "var": 159.573959351
    },
    "hfc": {
        "dmean": 1.78336930275,
        "dmean2": 2.86076688766,
        "dvar": 12.9176912308,
        "dvar2": 34.5769004822,
        "max": 84.0298461914,
        "mean": 9.93883800507,
        "median": 1.3117442131,
        "min": 1.16617934461e-16,
        "var": 214.786560059
    },
    "melbands_crest": {
        "dmean": 2.90945100784,
        "dmean2": 4.89179468155,
        "dvar": 6.58134078979,
        "dvar2": 19.4777984619,
        "max": 28.1823120117,
        "mean": 12.5875253677,
        "median": 11.6784734726,
        "min": 1.94710564613,
        "var": 20.884180069
    },
    "melbands_flatness_db": {
        "dmean": 0.0172550976276,
        "dmean2": 0.0282708648592,
        "dvar": 0.000222352071432,
        "dvar2": 0.000618181715254,
        "max": 0.567246317863,
        "mean": 0.28436845541,
        "median": 0.283855736256,
        "min": 0.00607705768198,
        "var": 0.011486873962
    },
    "melbands_kurtosis": {
        "dmean": 2.48397088051,
        "dmean2": 4.05123662949,
        "dvar": 7.05577611923,
        "dvar2": 18.5605659485,
        "max": 55.0573234558,
        "mean": 5.42710542679,
        "median": 4.17186832428,
        "min": -1.44162893295,
        "var": 22.8424625397
    },
    "melbands_skewness": {
        "dmean": 0.446895360947,
        "dmean2": 0.720999538898,
        "dvar": 0.143807157874,
        "dvar2": 0.385269194841,
        "max": 5.58276939392,
        "mean": 1.73124814034,
        "median": 1.69868934155,
        "min": -1.05619597435,
        "var": 0.656421422958
    },
    "melbands_spread": {
        "dmean": 3.01475858688,
        "dmean2": 4.90064811707,
        "dvar": 14.973487854,
        "dvar2": 36.0211219788,
        "max": 142.825515747,
        "mean": 15.8556451797,
        "median": 11.8630285263,
        "min": 1.36390841007,
        "var": 143.350082397
    },
    "pitch_salience": {
        "dmean": 0.0633484572172,
        "dmean2": 0.106132626534,
        "dvar": 0.00284656393342,
        "dvar2": 0.00827985163778,
        "max": 0.883748888969,
        "mean": 0.592774689198,
        "median": 0.596381604671,
        "min": 0.219193696976,
        "var": 0.00720737176016
    },
    "silence_rate_20dB": {
        "dmean": 0,
        "dmean2": 0,
        "dvar": 0,
        "dvar2": 0,
        "max": 1,
        "mean": 1,
        "median": 1,
        "min": 1,
        "var": 0
    },
    "silence_rate_30dB": {
        "dmean": 0,
        "dmean2": 0,
        "dvar": 0,
        "dvar2": 0,
        "max": 1,
        "mean": 1,
        "median": 1,
        "min": 1,
        "var": 0
    },
    "silence_rate_60dB": {
        "dmean": 0.0220316182822,
        "dmean2": 0.0440669432282,
        "dvar": 0.0215485487133,
        "dvar2": 0.0522257611156,
        "max": 1,
        "mean": 0.510552406311,
        "median": 1,
        "min": 0,
        "var": 0.249868646264
    },
    "spectral_centroid": {
        "dmean": 116.567756653,
        "dmean2": 187.771972656,
        "dvar": 34973.3320312,
        "dvar2": 63435.8671875,
        "max": 11150.7001953,
        "mean": 959.250549316,
        "median": 714.640319824,
        "min": 206.221450806,
        "var": 421410.75
    },
    "spectral_complexity": {
        "dmean": 1.79734277725,
        "dmean2": 3.02564954758,
        "dvar": 3.64801907539,
        "dvar2": 9.65887641907,
        "max": 50,
        "mean": 13.0505342484,
        "median": 8,
        "min": 0,
        "var": 126.730743408
    },
    "spectral_decrease": {
        "dmean": 7.07175873416e-10,
        "dmean2": 1.12825815357e-09,
        "dvar": 1.95176553575e-18,
        "dvar2": 4.85839073391e-18,
        "max": 2.51889593856e-30,
        "mean": -2.85906431863e-09,
        "median": -7.50261575089e-10,
        "min": -2.60126018503e-08,
        "var": 1.46473255122e-17
    },
    "spectral_energy": {
        "dmean": 0.00279356259853,
        "dmean2": 0.00445193704218,
        "dvar": 3.02242806356e-05,
        "dvar2": 7.51720435801e-05,
        "max": 0.10342965275,
        "mean": 0.0116922203451,
        "median": 0.00297297327779,
        "min": 1.05680837398e-20,
        "var": 0.000246851181146
    },
    "spectral_energyband_high": {
        "dmean": 4.5749842684e-05,
        "dmean2": 7.11402972229e-05,
        "dvar": 1.31296280514e-08,
        "dvar2": 2.87123640419e-08,
        "max": 0.00342916464433,
        "mean": 0.000172604006366,
        "median": 2.12221402762e-06,
        "min": 7.48624546093e-21,
        "var": 1.11815367632e-07
    },
    "spectral_energyband_low": {
        "dmean": 0.00129823666066,
        "dmean2": 0.00218016421422,
        "dvar": 8.45620706968e-06,
        "dvar2": 2.22085745918e-05,
        "max": 0.047444883734,
        "mean": 0.00194562145043,
        "median": 0.000549121527001,
        "min": 4.64152787759e-23,
        "var": 1.28570372908e-05
    },
    "spectral_energyband_middle_high": {
        "dmean": 0.000896621146239,
        "dmean2": 0.00147207546979,
        "dvar": 3.56322630068e-06,
        "dvar2": 9.86356644717e-06,
        "max": 0.0350926704705,
        "mean": 0.00344755477272,
        "median": 0.000392420246499,
        "min": 1.46768326198e-21,
        "var": 2.98996128549e-05
    },
    "spectral_energyband_middle_low": {
        "dmean": 0.00194789387751,
        "dmean2": 0.0030877480749,
        "dvar": 1.46984330058e-05,
        "dvar2": 3.7393419916e-05,
        "max": 0.0698643103242,
        "mean": 0.00690423185006,
        "median": 0.00202509760857,
        "min": 3.30253752828e-22,
        "var": 8.58841012814e-05
    },
    "spectral_entropy": {
        "dmean": 0.103683426976,
        "dmean2": 0.167599156499,
        "dvar": 0.0088618369773,
        "dvar2": 0.0220244135708,
        "max": 9.7984457016,
        "mean": 6.81225252151,
        "median": 6.80693387985,
        "min": 5.025349617,
        "var": 0.442680090666
    },
    "spectral_flux": {
        "dmean": 0.00782631151378,
        "dmean2": 0.012716752477,
        "dvar": 0.000121633471281,
        "dvar2": 0.000294218363706,
        "max": 0.198147714138,
        "mean": 0.0418422482908,
        "median": 0.0232642143965,
        "min": 1.02801184232e-10,
        "var": 0.00149209972005
    },
    "spectral_kurtosis": {
        "dmean": 7.07545042038,
        "dmean2": 12.5094671249,
        "dvar": 74.1872024536,
        "dvar2": 223.778060913,
        "max": 143.661804199,
        "mean": 17.3175506592,
        "median": 9.66502666473,
        "min": -1.25319051743,
        "var": 314.988372803
    },
    "spectral_rms": {
        "dmean": 0.000315677461913,
        "dmean2": 0.000500382040627,
        "dvar": 1.73580929186e-07,
        "dvar2": 4.23675146521e-07,
        "max": 0.0100452462211,
        "mean": 0.00266035366803,
        "median": 0.00170307420194,
        "min": 3.21096946775e-12,
        "var": 4.32959996033e-06
    },
    "spectral_rolloff": {
        "dmean": 243.783157349,
        "dmean2": 419.752197266,
        "dvar": 184832.453125,
        "dvar2": 402974.1875,
        "max": 19164.5507812,
        "mean": 1044.87695312,
        "median": 775.1953125,
        "min": 129.19921875,
        "var": 629199.1875
    },
    "spectral_skewness": {
        "dmean": 0.482139110565,
        "dmean2": 0.844559133053,
        "dvar": 0.243138343096,
        "dvar2": 0.738502502441,
        "max": 9.76029586792,
        "mean": 2.5486831665,
        "median": 2.05944085121,
        "min": -0.0180353205651,
        "var": 2.51770234108
    },
    "spectral_spread": {
        "dmean": 226667.9375,
        "dmean2": 368944.21875,
        "dvar": 238144323584,
        "dvar2": 259301965824,
        "max": 41017244,
        "mean": 2310008,
        "median": 2115936.25,
        "min": 706629.25,
        "var": 1.10092432179e+12
    },
    "spectral_strongpeak": {
        "dmean": 0.301043450832,
        "dmean2": 0.505187690258,
        "dvar": 0.306125581264,
        "dvar2": 0.817982673645,
        "max": 8.52225780487,
        "mean": 0.587298870087,
        "median": 0.244442790747,
        "min": 1.78385328731e-09,
        "var": 0.540923893452
    },
    "zerocrossingrate": {
        "dmean": 0.00364601402543,
        "dmean2": 0.00485332915559,
        "dvar": 3.88326770917e-05,
        "dvar2": 4.48338905699e-05,
        "max": 0.50244140625,
        "mean": 0.03760221228,
        "median": 0.03173828125,
        "min": 0.00537109375,
        "var": 0.000523137103301
    },
    "barkbands": {
        "dmean": [6.66764099151e-05, 0.000297014281387, 0.000897116609849, 0.000648792949505, 0.000793080544099, 0.000482529081637, 0.000546104449313, 0.000275743077509, 0.000355052907253, 0.000614547403529, 0.000187257479411, 0.000315274432069, 0.000116912713565, 0.000214351879549, 0.000134821180836, 4.14654896304e-05, 8.06797688711e-05, 0.000140578471473, 0.000201229093364, 5.83295368415e-05, 2.24356044782e-05, 1.08088961497e-05, 6.19698857918e-06, 4.48491982752e-06, 1.88727540262e-06, 6.8226967187e-07, 1.17365352992e-07],
        "dmean2": [0.000125889535411, 0.000510907848366, 0.00154772144742, 0.00112158886623, 0.00133070081938, 0.000666130741592, 0.000858573068399, 0.000402592850151, 0.000569247989915, 0.00101047591306, 0.000309348484734, 0.000525967217982, 0.000191973012988, 0.000370368681615, 0.000226771720918, 7.11952889105e-05, 0.00013973993191, 0.000241883302806, 0.000345387175912, 9.52551272349e-05, 3.69364097423e-05, 1.64246721397e-05, 9.29638827074e-06, 7.02177521816e-06, 2.94467508866e-06, 1.11087388177e-06, 1.92789485709e-07],
        "dvar": [3.13534336271e-08, 4.1963573949e-07, 4.57916075902e-06, 2.36984692492e-06, 3.45445141647e-06, 1.13203168439e-06, 1.06811842215e-06, 2.75306291542e-07, 1.53124733515e-06, 2.71027988674e-06, 1.65827913179e-07, 6.89358103045e-07, 1.51139303739e-07, 3.78825546932e-07, 1.90957351265e-07, 1.17131460087e-08, 3.15063317657e-08, 1.34421355824e-07, 2.56029608181e-07, 1.90517397414e-08, 2.91366686334e-09, 1.17649745501e-09, 3.50271062155e-10, 1.86526377677e-10, 3.36425262648e-11, 8.99611895394e-12, 2.2056751499e-13],
        "dvar2": [1.02658468393e-07, 1.15742955131e-06, 1.26105169329e-05, 6.76492845741e-06, 9.06285640667e-06, 2.36534287978e-06, 2.8139920687e-06, 5.73267982418e-07, 4.00548196922e-06, 7.36575202609e-06, 4.14484958355e-07, 1.92756033357e-06, 4.07365320143e-07, 1.100277359e-06, 5.39435234259e-07, 3.4025962492e-08, 9.25407519503e-08, 4.07602982477e-07, 7.65122194935e-07, 4.74991459498e-08, 7.53698703448e-09, 2.48291742722e-09, 6.74226285913e-10, 4.63266869311e-10, 7.74677058613e-11, 2.26913349222e-11, 5.95165138961e-13],
        "max": [0.00207396247424, 0.00849368888885, 0.0312840864062, 0.0294492989779, 0.036994934082, 0.0374753214419, 0.0192738361657, 0.0135084409267, 0.0311509910971, 0.0278860423714, 0.0105799259618, 0.0121959047392, 0.0116867469624, 0.0101691344753, 0.00945159420371, 0.00241198390722, 0.00306438980624, 0.00746986083686, 0.00786462426186, 0.00344730471261, 0.000954887247644, 0.000980145297945, 0.000543759902939, 0.000603803317063, 0.000233511571423, 0.000126833037939, 1.92966926988e-05],
        "mean": [6.18636040599e-05, 0.000414264883148, 0.00101770821493, 0.000873211829457, 0.00132223207038, 0.00173546443693, 0.00125086063053, 0.000537337327842, 0.00059972278541, 0.000992660876364, 0.000322092499118, 0.000471987354103, 0.000205060467124, 0.000304565503029, 0.00022681322298, 8.1212274381e-05, 0.000161836942425, 0.000322699343087, 0.000491636979859, 0.000171783322003, 6.57524287817e-05, 2.69631436822e-05, 1.58920884132e-05, 1.21915618365e-05, 4.82990799355e-06, 1.43690908772e-06, 1.69213024037e-07],
        "median": [7.484084108e-07, 0.000118858501082, 0.00024396754452, 0.0002455948852, 0.000467138655949, 0.000288152717985, 0.000310461095069, 0.00017664731422, 4.48479695478e-05, 8.57386621647e-05, 4.62259304186e-05, 1.91245107999e-05, 1.57937429321e-05, 2.39207529376e-05, 2.33872397075e-05, 1.25137630675e-05, 1.18723355627e-05, 8.72651617101e-06, 9.67564574239e-06, 3.45899707099e-06, 7.72462044552e-07, 1.72756571715e-07, 4.63786911098e-08, 1.76456342871e-08, 9.19116960318e-09, 2.914491537e-09, 7.49055373284e-10],
        "min": [6.04002356692e-24, 1.59118908604e-23, 2.16925957319e-23, 1.71553581058e-23, 1.77164133366e-23, 7.01699348259e-23, 2.50322131306e-23, 5.59269375861e-23, 5.49521894972e-23, 7.96646773029e-23, 7.01029005816e-23, 7.25432007711e-23, 1.15178955442e-22, 4.25299116257e-23, 1.31451502464e-22, 9.21640773719e-23, 1.68928731593e-22, 1.83571618203e-22, 1.72774220247e-22, 3.29984732327e-22, 3.97175284664e-22, 5.08655744638e-22, 4.69553184365e-22, 1.00705251098e-21, 1.06062214916e-21, 1.53880504269e-21, 2.29100575149e-21],
        "var": [2.5687146632e-08, 5.82519817272e-07, 4.8549532039e-06, 3.22984101331e-06, 5.25242057847e-06, 1.38386321851e-05, 3.78956724489e-06, 7.69983671489e-07, 3.12980205308e-06, 4.98407007399e-06, 4.33904830288e-07, 1.16505520964e-06, 3.1236589848e-07, 5.6774888435e-07, 3.52843329665e-07, 2.47514702068e-08, 7.59262661632e-08, 4.05498695955e-07, 9.09302002583e-07, 9.5851682147e-08, 1.44043870165e-08, 4.31200763984e-09, 1.90803661759e-09, 1.56934421014e-09, 1.95505778233e-10, 2.864977873e-11, 2.96257891266e-13]
    },
    "erbbands": {
        "dmean": [0.00587427383289, 0.0878100842237, 0.811575889587, 1.65436518192, 2.75348496437, 2.57038879395, 2.59985423088, 4.94833278656, 6.5205206871, 6.94326019287, 5.15210819244, 9.53881645203, 20.7285308838, 10.5256471634, 7.49936342239, 15.6699895859, 5.39934539795, 11.8814239502, 7.49648284912, 3.14394140244, 3.11318588257, 2.75191998482, 5.94952106476, 14.5668973923, 6.34671926498, 2.72294259071, 1.1164586544, 0.648479700089, 0.385216057301, 0.277141809464, 0.183239266276, 0.114983059466, 0.0673778802156, 0.0242122858763, 0.0131199155003, 0.00519856065512, 0.000804860144854, 0.000164906668942, 2.12297782127e-05, 3.65670007341e-06],
        "dmean2": [0.0101713882759, 0.149735450745, 1.38804030418, 2.82481503487, 4.667304039, 4.3211107254, 4.20061206818, 6.45127725601, 10.2151460648, 10.4041910172, 7.57006692886, 15.2456045151, 34.3700714111, 17.3626861572, 12.0639247894, 26.2226810455, 8.93146705627, 20.4088077545, 12.8465003967, 5.23777008057, 5.31414222717, 4.75268602371, 10.2806282043, 25.3398323059, 10.6119232178, 4.45157432556, 1.86201834679, 1.04740512371, 0.584191381931, 0.40899181366, 0.279864996672, 0.177197039127, 0.107905954123, 0.0380602106452, 0.020610101521, 0.00848375074565, 0.00128196016885, 0.000264305912424, 3.48724388459e-05, 5.81413632972e-06],
        "dvar": [0.000201276270673, 0.0362005531788, 3.56635642052, 14.5331954956, 48.6598091125, 33.3843536377, 23.9457511902, 146.868499756, 149.172485352, 155.983642578, 126.309555054, 1164.21350098, 3610.16577148, 526.135559082, 349.158538818, 1779.75476074, 268.300628662, 1065.22790527, 544.254455566, 93.1287841797, 48.9314155579, 31.5867176056, 211.29637146, 1428.58361816, 259.806396484, 38.6109085083, 6.84503746033, 3.06363987923, 1.45363581181, 0.756423771381, 0.267661720514, 0.113448493183, 0.0567693971097, 0.00574088888243, 0.00198871456087, 0.000610716757365, 5.62912737223e-06, 3.19916352964e-07, 6.30446805872e-09, 5.68540839407e-11],
        "dvar2": [0.000566260889173, 0.0984207391739, 9.65944194794, 39.8892440796, 126.50566864, 93.3626098633, 65.4736404419, 279.453308105, 387.84677124, 364.664794922, 259.328643799, 3026.96655273, 9978.45703125, 1345.2779541, 811.691345215, 4985.57958984, 731.987792969, 3088.06689453, 1484.20019531, 278.545440674, 137.644302368, 92.9994430542, 627.461669922, 4319.94335938, 724.205932617, 99.0182418823, 18.2601318359, 7.42352390289, 3.04906964302, 1.51068198681, 0.553182482719, 0.270203769207, 0.152936995029, 0.0136187709868, 0.00473446026444, 0.00155958614778, 1.39776238939e-05, 8.05294348538e-07, 1.65773865746e-08, 1.39644906749e-10],
        "max": [0.216526955366, 3.01524376869, 26.7026767731, 65.5750350952, 158.090957642, 88.6943435669, 108.885322571, 449.89654541, 222.767959595, 291.946746826, 363.387084961, 922.946716309, 977.27746582, 669.151611328, 549.357971191, 620.296875, 492.079864502, 533.135192871, 597.37878418, 288.116577148, 113.062477112, 88.4367599487, 259.541748047, 566.220275879, 357.131561279, 148.41003418, 48.0823173523, 43.6050453186, 32.3433456421, 25.5698871613, 16.7218818665, 14.2509317398, 11.2624473572, 3.44013214111, 1.78936064243, 1.07471108437, 0.0698713734746, 0.023036736995, 0.0026991663035, 0.000142479897477],
        "mean": [0.00838413462043, 0.118702441454, 0.971104383469, 2.3264439106, 3.95484399796, 4.1140460968, 6.24690532684, 19.0036125183, 16.7110385895, 16.5321388245, 10.0887956619, 16.5785865784, 32.4635314941, 19.1356773376, 13.8057794571, 22.9892368317, 10.6581296921, 18.3194465637, 12.7701120377, 6.68556404114, 6.50599575043, 7.41836595535, 14.8797826767, 30.783996582, 17.3361492157, 8.35306167603, 3.49948787689, 1.85852515697, 0.972121298313, 0.676918983459, 0.470197200775, 0.301936626434, 0.175705194473, 0.0694333463907, 0.027943784371, 0.0103652011603, 0.00179391854908, 0.000318898935802, 3.6581132008e-05, 1.52325410454e-05],
        "median": [0.000891992356628, 0.038470454514, 0.27184048295, 0.592912137508, 1.16237139702, 1.30580151081, 1.93074035645, 2.42951154709, 4.66730356216, 4.77301120758, 3.17028808594, 1.54619407654, 2.26194620132, 2.68163204193, 1.71726942062, 1.03658163548, 0.82617098093, 1.62289631367, 1.1163752079, 1.19492399693, 0.747388780117, 0.646350800991, 0.550731599331, 0.59749931097, 0.388647466898, 0.175646856427, 0.0525382496417, 0.0185461807996, 0.00738249812275, 0.00314966146834, 0.00124378188048, 0.000545969931409, 0.000241840592935, 0.000132670873427, 5.21690599271e-05, 1.89127313206e-05, 5.79619972996e-06, 1.10843200218e-06, 1.68179985849e-06, 3.52075198862e-06],
        "min": [7.61423439413e-22, 2.77020828245e-21, 2.46594576726e-20, 3.21276012875e-20, 6.8516895252e-20, 4.9884109117e-20, 1.52997303576e-19, 6.9903834155e-19, 7.23160944464e-19, 3.6060651876e-19, 1.41926305333e-18, 1.15706499713e-18, 1.20955674143e-18, 3.87249484132e-18, 2.68445275744e-18, 2.51465635912e-18, 4.4787508151e-18, 3.26921795852e-18, 5.02109591963e-18, 7.80446893177e-18, 8.01269510737e-18, 9.83088607024e-18, 8.60798225264e-18, 1.09128705715e-17, 7.67784495078e-18, 1.53239774512e-17, 1.30636931926e-17, 1.73101423267e-17, 1.78136405482e-17, 1.64050462636e-17, 1.25471883832e-17, 1.80825106432e-17, 1.78698607057e-17, 1.11863397907e-17, 7.28367849965e-18, 4.93405335813e-18, 2.93165258157e-18, 1.08428137503e-18, 3.05019774801e-19, 3.51911099225e-20],
        "var": [0.00029539532261, 0.0490534007549, 4.01263332367, 20.8097915649, 69.5842971802, 50.0222206116, 88.0334701538, 2077.31567383, 617.06262207, 589.143798828, 324.370605469, 2306.05981445, 6176.6484375, 1285.55163574, 979.110961914, 2882.41796875, 604.043945312, 1668.84020996, 1016.64379883, 196.976577759, 124.211624146, 136.60043335, 733.917663574, 3996.76953125, 1048.24230957, 211.517425537, 37.7532806396, 13.0373659134, 5.41670084, 3.23805236816, 1.48952257633, 0.778029382229, 0.409586191177, 0.0404079444706, 0.00833262689412, 0.00178306852467, 2.64684586e-05, 8.10956407804e-07, 9.83689307787e-09, 4.47685472027e-10]
    },
    "gfcc": {
        "mean": [-154.433227539, 169.078277588, -132.019302368, 14.1546049118, -56.5998687744, -17.4778289795, -26.6413612366, -5.83656740189, -21.3749637604, -7.9238653183, -9.30101013184, -13.1058883667, -7.32550382614],
        "cov": [[22183.6875, -5825.56933594, -3208.4140625, 2271.2331543, -151.810119629, 938.913452148, -408.029846191, 1271.16845703, -1061.13391113, 358.388580322, 464.092407227, 664.160888672, -618.742370605], [-5825.56933594, 2191.21728516, 703.999023438, -612.741027832, 362.339813232, -332.602386475, 178.307312012, -386.654724121, 426.927642822, -125.15083313, -73.7326583862, -214.047515869, 218.997161865], [-3208.4140625, 703.999023438, 1047.4263916, -359.295776367, -146.469909668, -43.2931632996, 42.9533576965, -157.778594971, 122.293197632, -24.9350013733, -123.179618835, -67.6572723389, 48.8661766052], [2271.2331543, -612.741027832, -359.295776367, 367.376220703, 33.5981330872, 108.175979614, -14.8073558807, 142.828903198, -101.953117371, 54.6161880493, 60.7473335266, 56.3344039917, -55.8690681458], [-151.810119629, 362.339813232, -146.469909668, 33.5981330872, 334.097991943, 39.0306816101, 32.6998138428, -3.60082149506, 106.621292114, -25.5196800232, 26.0015239716, -27.0179824829, 33.9335098267], [938.913452148, -332.602386475, -43.2931632996, 108.175979614, 39.0306816101, 229.189941406, -12.6883840561, 104.737983704, -34.4395751953, -0.671729326248, 0.323198199272, 30.0207233429, -49.7745552063], [-408.029846191, 178.307312012, 42.9533576965, -14.8073558807, 32.6998138428, -12.6883840561, 96.2041473389, -1.57217156887, 25.9439220428, -1.97021400928, -4.04311132431, -23.5984115601, 15.5099411011], [1271.16845703, -386.654724121, -157.778594971, 142.828903198, -3.60082149506, 104.737983704, -1.57217156887, 146.626098633, -50.3315620422, 23.5117664337, 19.9912643433, 34.1324577332, -45.0994148254], [-1061.13391113, 426.927642822, 122.293197632, -101.953117371, 106.621292114, -34.4395751953, 25.9439220428, -50.3315620422, 156.545410156, 6.95746946335, -8.01580047607, -40.4855232239, 40.8334083557], [358.388580322, -125.15083313, -24.9350013733, 54.6161880493, -25.5196800232, -0.671729326248, -1.97021400928, 23.5117664337, 6.95746946335, 80.6780471802, 33.0528450012, 19.5755252838, -6.67405366898], [464.092407227, -73.7326583862, -123.179618835, 60.7473335266, 26.0015239716, 0.323198199272, -4.04311132431, 19.9912643433, -8.01580047607, 33.0528450012, 68.3113327026, 31.6012935638, -0.735544979572], [664.160888672, -214.047515869, -67.6572723389, 56.3344039917, -27.0179824829, 30.0207233429, -23.5984115601, 34.1324577332, -40.4855232239, 19.5755252838, 31.6012935638, 74.2966461182, -1.56321561337], [-618.742370605, 218.997161865, 48.8661766052, -55.8690681458, 33.9335098267, -49.7745552063, 15.5099411011, -45.0994148254, 40.8334083557, -6.67405366898, -0.735544979572, -1.56321561337, 65.3897857666]],
        "icov": [[0.000361085491022, 0.000236715262872, 0.000392327143345, -0.000717187300324, -0.000252566882409, 0.000104538965388, 0.000352860195562, -0.000735068693757, 0.000389075808926, -0.000230316538364, 0.000157016154844, -0.00110119115561, 0.00104692671448], [0.000236715262872, 0.0135176386684, -0.00435875775293, 0.00616636360064, -0.00999849103391, 0.00786788854748, -0.010283540003, 0.00836701225489, -0.011875923723, 0.0113021871075, -0.0108849750832, 0.00930281635374, -0.00644906843081], [0.000392327143345, -0.00435875775293, 0.00413823500276, -0.0019230521284, 0.00431521143764, -0.00387044809759, 0.00303811137564, -0.00230799824931, 0.00338488421403, -0.00522206444293, 0.0063472064212, -0.00508788553998, 0.00337976659648], [-0.000717187300324, 0.00616636360064, -0.0019230521284, 0.0120935589075, -0.00623932713643, 0.002862340305, -0.00616230024025, 0.00283355521969, -0.00277608516626, 0.00160705565941, -0.00594962807372, 0.0070635266602, -0.0048360992223], [-0.000252566882409, -0.00999849103391, 0.00431521143764, -0.00623932713643, 0.0144676724449, -0.00832081213593, 0.00642683776096, -0.00454310933128, 0.00257034483366, -0.00371878803708, 0.0048224045895, -0.00476417364553, 0.00199669250287], [0.000104538965388, 0.00786788854748, -0.00387044809759, 0.002862340305, -0.00832081213593, 0.0133209666237, -0.00512972893193, -0.000212669852772, -0.00655515957624, 0.00791827403009, -0.0045854113996, 0.00239854259416, 0.000412159744883], [0.000352860195562, -0.010283540003, 0.00303811137564, -0.00616230024025, 0.00642683776096, -0.00512972893193, 0.0214788187295, -0.010946159251, 0.0105112884194, -0.0093434844166, 0.00707604456693, -0.0038417337928, 0.00283019244671], [-0.000735068693757, 0.00836701225489, -0.00230799824931, 0.00283355521969, -0.00454310933128, -0.000212669852772, -0.010946159251, 0.0242336522788, -0.0100913178176, 0.00647417362779, -0.00547043420374, 0.00532364379615, -0.0022974954918], [0.000389075808926, -0.011875923723, 0.00338488421403, -0.00277608516626, 0.00257034483366, -0.00655515957624, 0.0105112884194, -0.0100913178176, 0.0278509221971, -0.0183467697352, 0.0103591205552, -0.00526902498677, 0.00350317894481], [-0.000230316538364, 0.0113021871075, -0.00522206444293, 0.00160705565941, -0.00371878803708, 0.00791827403009, -0.0093434844166, 0.00647417362779, -0.0183467697352, 0.0322893038392, -0.0196332391351, 0.00788477063179, -0.00539720384404], [0.000157016154844, -0.0108849750832, 0.0063472064212, -0.00594962807372, 0.0048224045895, -0.0045854113996, 0.00707604456693, -0.00547043420374, 0.0103591205552, -0.0196332391351, 0.0386058017612, -0.019535690546, 0.00816417112947], [-0.00110119115561, 0.00930281635374, -0.00508788553998, 0.0070635266602, -0.00476417364553, 0.00239854259416, -0.0038417337928, 0.00532364379615, -0.00526902498677, 0.00788477063179, -0.019535690546, 0.0367278084159, -0.0181042999029], [0.00104692671448, -0.00644906843081, 0.00337976659648, -0.0048360992223, 0.00199669250287, 0.000412159744883, 0.00283019244671, -0.0022974954918, 0.00350317894481, -0.00539720384404, 0.00816417112947, -0.0181042999029, 0.0340824723244]]
    },
    "melbands": {
        "dmean": [6.28950074315e-05, 0.000314733508276, 0.000295981939416, 0.000195349464775, 8.74316610862e-05, 0.000103824015241, 0.000108152889879, 7.05763086444e-05, 3.85700404877e-05, 6.57514392515e-05, 0.000103548947664, 4.36461341451e-05, 2.16620446736e-05, 3.66588101315e-05, 2.04657917493e-05, 1.5152702872e-05, 2.58805921476e-05, 1.1786954019e-05, 8.67202743393e-06, 3.21094148603e-06, 4.81091683469e-06, 3.68953760699e-06, 4.84276824864e-06, 6.24418089501e-06, 1.39662979564e-05, 5.94427592659e-06, 3.11465646519e-06, 1.58997579547e-06, 7.29801570287e-07, 7.33866045266e-07, 3.60121589438e-07, 2.4627419748e-07, 2.05427497235e-07, 1.3958212719e-07, 1.20877942322e-07, 9.71782796455e-08, 6.99151812e-08, 5.59809194556e-08, 3.20041912971e-08, 1.97211260655e-08],
        "dmean2": [0.000107898806164, 0.000536694715265, 0.000499882851727, 0.000332513562171, 0.000141436001286, 0.000137632843689, 0.00017026074056, 0.000105257495306, 5.69587682548e-05, 0.000105092469312, 0.000171744526597, 7.15103233233e-05, 3.53121431544e-05, 6.07257097727e-05, 3.41649465554e-05, 2.48767955782e-05, 4.45623627456e-05, 2.02222963708e-05, 1.43613733599e-05, 5.5284967857e-06, 8.21722642286e-06, 6.38715710011e-06, 8.3862705651e-06, 1.06860024971e-05, 2.43190206675e-05, 9.89474938251e-06, 5.06624428454e-06, 2.64666914518e-06, 1.22742687836e-06, 1.22444714634e-06, 5.85396094266e-07, 3.79378690241e-07, 3.1509028986e-07, 2.09361076031e-07, 1.89943875739e-07, 1.50624984485e-07, 1.11580675366e-07, 9.08043134018e-08, 5.2247305149e-08, 3.15661630168e-08],
        "dvar": [1.9641838378e-08, 5.21292463418e-07, 4.53233155895e-07, 2.27748600423e-07, 2.59909178624e-08, 5.89216533342e-08, 4.12182288301e-08, 1.57386530475e-08, 7.40961958456e-09, 5.44665077484e-08, 9.0739490588e-08, 9.64173096918e-09, 2.60265364815e-09, 8.15281353539e-09, 2.89157142674e-09, 2.72074007768e-09, 5.48957768132e-09, 1.32645261441e-09, 9.50415190992e-10, 9.49989947818e-11, 1.32615057824e-10, 6.38230926442e-11, 1.30253252628e-10, 2.28118163248e-10, 1.32573929612e-09, 2.27247595741e-10, 5.2968369274e-11, 1.3122946306e-11, 2.82358034523e-12, 3.45519099443e-12, 1.27897627385e-12, 5.41256818011e-13, 5.03296460497e-13, 1.88730988845e-13, 1.13222975375e-13, 9.38092038403e-14, 5.11980865689e-14, 4.05754124961e-14, 1.22038253933e-14, 4.87800556851e-15],
        "dvar2": [5.4480025824e-08, 1.40871429721e-06, 1.22707649552e-06, 6.06135074577e-07, 7.09657754783e-08, 1.15569278591e-07, 1.09624835432e-07, 3.63120555846e-08, 1.53326080721e-08, 1.41549975297e-07, 2.50811808655e-07, 2.42013911134e-08, 6.27770724293e-09, 2.2642121067e-08, 7.94757060163e-09, 7.36327843143e-09, 1.59290109991e-08, 3.5778009444e-09, 2.83015344493e-09, 2.76255185394e-10, 3.72557401596e-10, 1.87510812433e-10, 3.87595677775e-10, 6.94430013493e-10, 4.00523170185e-09, 6.30972829541e-10, 1.3317673353e-10, 3.53276054244e-11, 7.63831966427e-12, 9.48150065405e-12, 3.1568198576e-12, 1.19574445831e-12, 1.1528412773e-12, 3.84860952786e-13, 2.53401683317e-13, 2.28539165674e-13, 1.29149891736e-13, 1.08519767337e-13, 3.22418856208e-14, 1.1690311669e-14],
        "max": [0.00200641527772, 0.010524565354, 0.011785119772, 0.00939451903105, 0.00319475517608, 0.00884382985532, 0.0034027597867, 0.00267019099556, 0.00274332053959, 0.00611775787547, 0.0049348785542, 0.00298900040798, 0.0014248957159, 0.00129568087868, 0.000764611468185, 0.00156156800222, 0.00122072733939, 0.00093606550945, 0.000878914725035, 0.000218154542381, 0.00019519146008, 0.000136273141834, 0.000193403087906, 0.000319700338878, 0.000512214086484, 0.000304418848827, 0.000175140841748, 6.96782226441e-05, 3.16481055052e-05, 3.74227020075e-05, 2.74186368188e-05, 1.69029881363e-05, 2.16770258703e-05, 1.17079571282e-05, 1.01062814792e-05, 8.28038810141e-06, 1.0850036233e-05, 8.42619647301e-06, 4.80595826957e-06, 3.47204104401e-06],
        "mean": [9.3399103207e-05, 0.000389538035961, 0.000451717700344, 0.000296862301184, 0.000213648279896, 0.000384854589356, 0.000268531148322, 0.000166840967722, 6.99429292581e-05, 0.000110377113742, 0.000159811490448, 7.58189999033e-05, 3.84195882361e-05, 5.87798240304e-05, 3.05006778945e-05, 2.56389375863e-05, 3.66171298083e-05, 1.87655296031e-05, 1.52191096277e-05, 5.92394098931e-06, 8.78802711668e-06, 7.91639286035e-06, 1.05096132756e-05, 1.51652175191e-05, 2.71124863502e-05, 1.37145589179e-05, 8.98250982573e-06, 4.44043871539e-06, 2.02019259632e-06, 1.91770527636e-06, 8.15854548364e-07, 5.67015717934e-07, 4.56638588275e-07, 3.17178432852e-07, 2.84121227878e-07, 2.17656264567e-07, 1.6908504108e-07, 1.29776992708e-07, 8.66554827894e-08, 4.9466652996e-08],
        "median": [1.99387468456e-05, 0.000115352835564, 0.000134119312861, 8.98543876247e-05, 7.00496602803e-05, 5.30248253199e-05, 7.29736930225e-05, 5.1368628192e-05, 2.03159161174e-05, 8.4473122115e-06, 1.07022542579e-05, 9.62496596912e-06, 5.5714381233e-06, 2.77590470432e-06, 1.52147140398e-06, 1.73618605004e-06, 2.85960209112e-06, 1.63326819802e-06, 1.6145538666e-06, 1.30118314701e-06, 7.00866962688e-07, 6.42910890747e-07, 5.19009631716e-07, 4.30780460192e-07, 4.53937275324e-07, 2.91079970793e-07, 1.73439246964e-07, 8.77313865999e-08, 3.17074224654e-08, 1.866721e-08, 7.10795688974e-09, 4.25326263098e-09, 2.27439556078e-09, 1.19056575709e-09, 7.55457418844e-10, 4.17934353791e-10, 2.64999827637e-10, 1.52161269695e-10, 1.26406218826e-10, 9.9464367298e-11],
        "min": [5.44945507757e-24, 9.28465698504e-24, 9.77154666891e-24, 3.96505985095e-24, 4.80286208116e-24, 1.72310571983e-23, 1.05524274572e-23, 4.13523174213e-24, 1.12977392962e-23, 6.75542061705e-24, 5.8098264606e-24, 1.56247297137e-23, 9.34616762526e-24, 1.10564582997e-23, 2.51880387973e-24, 1.41659712832e-23, 4.41350282088e-24, 7.84325112788e-24, 9.00996536265e-24, 9.26000587061e-24, 9.87138174963e-24, 1.10413839567e-23, 6.68726934573e-24, 8.40806212538e-24, 8.85391210952e-24, 6.20985190918e-24, 5.17715291486e-24, 1.06275735582e-23, 7.01908790829e-24, 8.70450106521e-24, 1.11236779263e-23, 9.34809244587e-24, 1.09377134342e-23, 8.59425617598e-24, 6.20134562204e-24, 9.64271700562e-24, 1.13425686837e-23, 1.24659996983e-23, 1.07316487663e-23, 8.87489817618e-24],
        "var": [2.98121918263e-08, 6.12640747022e-07, 7.26938026219e-07, 3.21705101669e-07, 9.6929689164e-08, 7.86981445344e-07, 1.6022234206e-07, 5.87465009971e-08, 1.80083059576e-08, 1.06953429224e-07, 1.54094010441e-07, 2.27076935033e-08, 6.99882329869e-09, 1.54028061417e-08, 4.92667906471e-09, 5.08899500318e-09, 8.03740807243e-09, 2.37342523413e-09, 1.65431479626e-09, 1.72673125798e-10, 2.773849761e-10, 1.76104270055e-10, 3.72242153768e-10, 8.18191792096e-10, 3.31594107728e-09, 7.11064263026e-10, 2.72798478251e-10, 6.02551064599e-11, 1.26888308888e-11, 1.41116849109e-11, 3.40135341767e-12, 1.83887258719e-12, 1.51790234028e-12, 7.86966412175e-13, 5.16494074072e-13, 4.1559263626e-13, 2.80541106838e-13, 2.34606333926e-13, 8.184470083e-14, 2.25126127728e-14]
    },
    "mfcc": {
        "mean": [-777.625549316, 175.718170166, -2.0721309185, 18.880613327, -5.86348247528, -10.6004657745, -2.42056751251, -5.39070463181, -6.74072599411, -1.27838349342, -4.71040153503, -3.46211266518, -3.31266593933],
        "cov": [[20076.5996094, -3524.05053711, -4458.625, 2102.48291016, -536.4375, 94.2026596069, 901.824157715, 586.958496094, -707.818603516, 265.616790771, 363.838684082, -127.452072144, -189.693069458], [-3524.05053711, 1254.390625, 469.36807251, -309.969696045, 282.213287354, -14.6314258575, -182.023162842, -125.546607971, 179.53767395, -31.8420295715, -53.7659339905, 50.5259361267, 83.0857315063], [-4458.625, 469.36807251, 1718.44482422, -584.181945801, 35.1405258179, 28.299282074, -223.186660767, -69.3448181152, 140.681884766, -58.452205658, -77.5445709229, 50.0759849548, 17.2396736145], [2102.48291016, -309.969696045, -584.181945801, 392.493133545, -93.6365432739, -16.9204959869, 106.864677429, 15.3789644241, -74.3788604736, 20.2504501343, 32.5247077942, -6.93665122986, -8.79616260529], [-536.4375, 282.213287354, 35.1405258179, -93.6365432739, 294.137054443, 80.800453186, -14.7170286179, 39.6344299316, 75.5289764404, 31.7437858582, 24.4325675964, 38.4734268188, 24.4588012695], [94.2026596069, -14.6314258575, 28.299282074, -16.9204959869, 80.800453186, 103.313606262, 24.0929870605, 34.8537216187, 24.0929336548, 16.7323417664, 20.135383606, 25.5744495392, 8.9660692215], [901.824157715, -182.023162842, -223.186660767, 106.864677429, -14.7170286179, 24.0929870605, 121.88949585, 59.897567749, -22.3229160309, 11.4569759369, 28.2065067291, -2.97260403633, -9.7087469101], [586.958496094, -125.546607971, -69.3448181152, 15.3789644241, 39.6344299316, 34.8537216187, 59.897567749, 112.374023438, 16.099407196, 16.6908397675, 18.8010196686, 0.15686917305, -8.62450504303], [-707.818603516, 179.53767395, 140.681884766, -74.3788604736, 75.5289764404, 24.0929336548, -22.3229160309, 16.099407196, 93.804397583, 24.4583206177, 0.230873942375, 18.7386398315, 11.1314258575], [265.616790771, -31.8420295715, -58.452205658, 20.2504501343, 31.7437858582, 16.7323417664, 11.4569759369, 16.6908397675, 24.4583206177, 66.8994979858, 35.0027046204, 6.61620187759, -3.31808447838], [363.838684082, -53.7659339905, -77.5445709229, 32.5247077942, 24.4325675964, 20.135383606, 28.2065067291, 18.8010196686, 0.230873942375, 35.0027046204, 71.2724761963, 30.9238033295, -2.99224209785], [-127.452072144, 50.5259361267, 50.0759849548, -6.93665122986, 38.4734268188, 25.5744495392, -2.97260403633, 0.15686917305, 18.7386398315, 6.61620187759, 30.9238033295, 71.6720962524, 28.5037689209], [-189.693069458, 83.0857315063, 17.2396736145, -8.79616260529, 24.4588012695, 8.9660692215, -9.7087469101, -8.62450504303, 11.1314258575, -3.31808447838, -2.99224209785, 28.5037689209, 53.6235389709]],
