{
"lowlevel": {
    "average_loudness": 0.103699572384,
    "barkbands_crest": {
        "dmean": 1.47933578491,
        "dmean2": 2.13379859924,
        "dvar": 2.5328810215,
        "dvar2": 5.58931112289,
        "max": 25.2433929443,
        "mean": 11.1077365875,
        "median": 10.0822439194,
        "min": 3.27180099487,
        "var": 22.4903354645
    },
    "barkbands_flatness_db": {
        "dmean": 0.0121101578698,
        "dmean2": 0.0176445227116,
        "dvar": 0.000168340484379,
        "dvar2": 0.000350762886228,
        "max": 0.573062598705,
        "mean": 0.25912669301,
        "median": 0.236828163266,
        "min": 0.0164583045989,
        "var": 0.00822352804244
    },
    "barkbands_kurtosis": {
        "dmean": 1.21263980865,
        "dmean2": 1.75746703148,
        "dvar": 5.40461683273,
        "dvar2": 10.464673996,
        "max": 117.780380249,
        "mean": 3.31058096886,
        "median": 1.6220946312,
        "min": -1.51444470882,
        "var": 39.4259643555
    },
    "barkbands_skewness": {
        "dmean": 0.278430104256,
        "dmean2": 0.406857520342,
        "dvar": 0.0903283655643,
        "dvar2": 0.186575487256,
        "max": 7.16099882126,
        "mean": 0.722910761833,
        "median": 0.761525988579,
        "min": -3.12880349159,
        "var": 0.910771012306
    },
    "barkbands_spread": {
        "dmean": 1.34250950813,
        "dmean2": 1.99548614025,
        "dvar": 2.74045562744,
        "dvar2": 6.1780667305,
        "max": 81.232421875,
        "mean": 8.78754043579,
        "median": 8.18935680389,
        "min": 0.195891514421,
        "var": 32.3740539551
    },
    "dissonance": {
        "dmean": 0.0305193774402,
        "dmean2": 0.0516818501055,
        "dvar": 0.00100585178006,
        "dvar2": 0.00282510439865,
        "max": 0.499986678362,
        "mean": 0.393203943968,
        "median": 0.41138741374,
        "min": 0.0829245522618,
        "var": 0.00562377553433
    },
    "dynamic_complexity": 8.42265415192,
    "erbbands_crest": {
        "dmean": 1.96130228043,
        "dmean2": 2.91357588768,
        "dvar": 4.49354028702,
        "dvar2": 10.1977796555,
        "max": 34.3958053589,
        "mean": 13.3790483475,
        "median": 12.4102725983,
        "min": 2.68987083435,
        "var": 31.3414478302
    },
    "erbbands_flatness_db": {
        "dmean": 0.0114136924967,
        "dmean2": 0.0160482637584,
        "dvar": 0.000146881531691,
        "dvar2": 0.000281255546724,
        "max": 0.578661799431,
        "mean": 0.303924918175,
        "median": 0.281134754419,
        "min": 0.0471556782722,
        "var": 0.00786872580647
    },
    "erbbands_kurtosis": {
        "dmean": 1.04332911968,
        "dmean2": 1.55345928669,
        "dvar": 3.3883793354,
        "dvar2": 7.23897075653,
        "max": 68.6667327881,
        "mean": 2.66459512711,
        "median": 0.909203767776,
        "min": -1.59601569176,
        "var": 25.8626174927
    },
    "erbbands_skewness": {
        "dmean": 0.277903854847,
        "dmean2": 0.408403366804,
        "dvar": 0.0782275721431,
        "dvar2": 0.161644905806,
        "max": 5.54942131042,
        "mean": 0.811325907707,
        "median": 0.725009143353,
        "min": -2.69887137413,
        "var": 0.711833178997
    },
    "erbbands_spread": {
        "dmean": 2.20796513557,
        "dmean2": 3.25775980949,
        "dvar": 6.60408878326,
        "dvar2": 15.2836065292,
        "max": 68.8312301636,
        "mean": 14.3182172775,
        "median": 14.426943779,
        "min": 0.367660522461,
        "var": 70.4157867432
    },
    "hfc": {
        "dmean": 1.93190848827,
        "dmean2": 2.59400892258,
        "dvar": 15.979174614,
        "dvar2": 29.1572818756,
        "max": 96.4426422119,
        "mean": 9.29866504669,
        "median": 2.57891178131,
        "min": 1.0766645057e-16,
        "var": 173.175674438
    },
    "melbands_crest": {
        "dmean": 1.94290757179,
        "dmean2": 2.76555991173,
        "dvar": 4.61652565002,
        "dvar2": 9.71653175354,
        "max": 34.3903274536,
        "mean": 15.0306110382,
        "median": 13.7095184326,
        "min": 1.54067265987,
        "var": 40.2311897278
    },
    "melbands_flatness_db": {
        "dmean": 0.012813734822,
        "dmean2": 0.0185070950538,
        "dvar": 0.000222492570174,
        "dvar2": 0.000469614431495,
        "max": 0.675683140755,
        "mean": 0.329660862684,
        "median": 0.296856850386,
        "min": 0.00355628784746,
        "var": 0.0130421938375
    },
    "melbands_kurtosis": {
        "dmean": 1.49871575832,
        "dmean2": 2.16539144516,
        "dvar": 6.46790838242,
        "dvar2": 11.7854862213,
        "max": 100.752784729,
        "mean": 4.40240716934,
        "median": 2.71707391739,
        "min": -1.71095049381,
        "var": 50.1202087402
    },
    "melbands_skewness": {
        "dmean": 0.295882940292,
        "dmean2": 0.424466580153,
        "dvar": 0.104393221438,
        "dvar2": 0.208324089646,
        "max": 8.12652397156,
        "mean": 1.0473947525,
        "median": 1.07573521137,
        "min": -3.54346561432,
        "var": 1.0032197237
    },
    "melbands_spread": {
        "dmean": 2.0583255291,
        "dmean2": 3.07997441292,
        "dvar": 9.64201641083,
        "dvar2": 22.323381424,
        "max": 160.819534302,
        "mean": 13.0936126709,
        "median": 11.6322975159,
        "min": 0.395326197147,
        "var": 161.158355713
    },
    "pitch_salience": {
        "dmean": 0.045055758208,
        "dmean2": 0.0672806277871,
        "dvar": 0.00230474909768,
        "dvar2": 0.00520780822262,
        "max": 0.990374624729,
        "mean": 0.536778867245,
        "median": 0.544881224632,
        "min": 0.0655792057514,
        "var": 0.0137592954561
    },
    "silence_rate_20dB": {
        "dmean": 0,
        "dmean2": 0,
        "dvar": 0,
        "dvar2": 0,
        "max": 1,
        "mean": 1,
        "median": 1,
        "min": 1,
        "var": 0
    },
    "silence_rate_30dB": {
        "dmean": 0.00243400107138,
        "dmean2": 0.00486845802516,
        "dvar": 0.00242802803405,
        "dvar2": 0.0055935587734,
        "max": 1,
        "mean": 0.996817350388,
        "median": 1,
        "min": 0,
        "var": 0.00317255337723
    },
    "silence_rate_60dB": {
        "dmean": 0.0359483249485,
        "dmean2": 0.0719033777714,
        "dvar": 0.0346510522068,
        "dvar2": 0.0738576054573,
        "max": 1,
        "mean": 0.436768710613,
        "median": 0,
        "min": 0,
        "var": 0.245994746685
    },
    "spectral_centroid": {
        "dmean": 64.2593765259,
        "dmean2": 97.9302520752,
        "dvar": 18754.4667969,
        "dvar2": 37238.9335938,
        "max": 11707.9941406,
        "mean": 809.765319824,
        "median": 672.06463623,
        "min": 310.320159912,
        "var": 849413.25
    },
    "spectral_complexity": {
        "dmean": 1.21962177753,
        "dmean2": 1.99288451672,
        "dvar": 2.18272638321,
        "dvar2": 5.03133153915,
        "max": 33,
        "mean": 10.2923336029,
        "median": 9,
        "min": 0,
        "var": 62.3684997559
    },
    "spectral_decrease": {
        "dmean": 6.77114198044e-10,
        "dmean2": 8.49789738577e-10,
        "dvar": 1.81630292312e-18,
        "dvar2": 2.91176509169e-18,
        "max": 1.51617378387e-28,
        "mean": -3.85735665631e-09,
        "median": -1.10135423004e-09,
        "min": -3.59623832935e-08,
        "var": 2.83413749993e-17
    },
    "spectral_energy": {
        "dmean": 0.00271348934621,
        "dmean2": 0.00341245625168,
        "dvar": 2.92139593512e-05,
        "dvar2": 4.70502855023e-05,
        "max": 0.142521932721,
        "mean": 0.0154019128531,
        "median": 0.00436307862401,
        "min": 1.01037139143e-20,
        "var": 0.000451422907645
    },
    "spectral_energyband_high": {
        "dmean": 2.09893823921e-05,
        "dmean2": 3.38317950082e-05,
        "dvar": 2.96823676749e-09,
        "dvar2": 7.57490781211e-09,
        "max": 0.00133124087006,
        "mean": 5.81475360377e-05,
        "median": 3.29889394379e-06,
        "min": 6.83409513508e-21,
        "var": 1.25813235385e-08
    },
    "spectral_energyband_low": {
        "dmean": 0.00072887603892,
        "dmean2": 0.00103959511034,
        "dvar": 3.51444305124e-06,
        "dvar2": 6.85422719471e-06,
        "max": 0.0506718717515,
        "mean": 0.00263002468273,
        "median": 0.000286769849481,
        "min": 9.86624784286e-24,
        "var": 2.57633473666e-05
    },
    "spectral_energyband_middle_high": {
        "dmean": 0.00103839300573,
        "dmean2": 0.00148925278336,
        "dvar": 5.41352983419e-06,
        "dvar2": 1.08075846583e-05,
        "max": 0.0682950764894,
        "mean": 0.00326252053492,
        "median": 0.000803204253316,
        "min": 1.21769407416e-21,
        "var": 2.75567672361e-05
    },
    "spectral_energyband_middle_low": {
        "dmean": 0.00186319218483,
        "dmean2": 0.00226084142923,
        "dvar": 1.42676399264e-05,
        "dvar2": 2.31351004913e-05,
        "max": 0.0995682254434,
        "mean": 0.00983991380781,
        "median": 0.00300362706184,
        "min": 1.34102504246e-22,
        "var": 0.000200660957489
    },
    "spectral_entropy": {
        "dmean": 0.107087366283,
        "dmean2": 0.156521052122,
        "dvar": 0.0211932063103,
        "dvar2": 0.0477768480778,
        "max": 9.82518386841,
        "mean": 6.27488899231,
        "median": 6.4896068573,
        "min": 3.46428918839,
        "var": 0.683121860027
    },
    "spectral_flux": {
        "dmean": 0.0094591518864,
        "dmean2": 0.015054657124,
        "dvar": 0.000242154972511,
        "dvar2": 0.000574488483835,
        "max": 0.2086982131,
        "mean": 0.0298693012446,
        "median": 0.0177511181682,
        "min": 6.41883005081e-11,
        "var": 0.000908517511562
    },
    "spectral_kurtosis": {
        "dmean": 12.9724798203,
        "dmean2": 22.4930419922,
        "dvar": 341.001098633,
        "dvar2": 976.509399414,
        "max": 296.859802246,
        "mean": 43.1946716309,
        "median": 16.0607738495,
        "min": -1.25116336346,
        "var": 2976.51904297
    },
    "spectral_rms": {
        "dmean": 0.000284138135612,
        "dmean2": 0.000353303767042,
        "dvar": 1.79772200681e-07,
        "dvar2": 2.90297123229e-07,
        "max": 0.0117917675525,
        "mean": 0.00299257668667,
        "median": 0.00206316797994,
        "min": 3.13963091636e-12,
        "var": 6.07076617598e-06
    },
    "spectral_rolloff": {
        "dmean": 120.652336121,
        "dmean2": 209.814453125,
        "dvar": 78268.359375,
        "dvar2": 168514.703125,
        "max": 19552.1484375,
        "mean": 1001.91442871,
        "median": 796.728515625,
        "min": 193.798828125,
        "var": 2591053
    },
    "spectral_skewness": {
        "dmean": 0.74440574646,
        "dmean2": 1.29155254364,
        "dvar": 0.766493678093,
        "dvar2": 2.21749687195,
        "max": 13.9638490677,
        "mean": 4.0590429306,
        "median": 2.71378970146,
        "min": -0.095846645534,
        "var": 8.54316902161
    },
    "spectral_spread": {
        "dmean": 230648.015625,
        "dmean2": 391422.875,
        "dvar": 224718503936,
        "dvar2": 458276962304,
        "max": 42697508,
        "mean": 2143228,
        "median": 1897123.75,
        "min": 278307.3125,
        "var": 1.17104286106e+13
    },
    "spectral_strongpeak": {
        "dmean": 0.306178420782,
        "dmean2": 0.469418764114,
        "dvar": 0.371881127357,
        "dvar2": 0.850138783455,
        "max": 10.0740404129,
        "mean": 0.998277783394,
        "median": 0.606870651245,
        "min": 0,
        "var": 1.21573078632
    },
    "zerocrossingrate": {
        "dmean": 0.00273847975768,
        "dmean2": 0.00343122612685,
        "dvar": 2.98184295389e-05,
        "dvar2": 5.49034048163e-05,
        "max": 0.52294921875,
        "mean": 0.0363159589469,
        "median": 0.03076171875,
        "min": 0.005859375,
        "var": 0.00187768554315
    },
    "barkbands": {
        "dmean": [1.28521730858e-06, 0.000347742839949, 0.000446623715106, 0.000156175796292, 0.000285794463707, 0.000398048869101, 0.00044960307423, 0.00092468643561, 0.000429554929724, 0.000461586401798, 0.000298457744066, 0.000232666294323, 0.000158728900715, 0.000376476644306, 0.000120627693832, 8.39537169668e-05, 6.17927726125e-05, 2.85675432679e-05, 2.85415262624e-05, 2.31640606216e-05, 1.21784032672e-05, 5.25725545231e-06, 1.88996455108e-06, 5.54065422875e-07, 1.4339705956e-07, 2.43091449192e-08, 3.71694963697e-09],
        "dmean2": [2.17354477172e-06, 0.00047790640383, 0.00067217455944, 0.000244576134719, 0.00041208579205, 0.000497762172017, 0.000597849488258, 0.000983030535281, 0.000603606109507, 0.000653265509754, 0.000435712951003, 0.000337467063218, 0.000243914953899, 0.000582576030865, 0.00018383510178, 0.000138446412166, 0.000103489095636, 4.85332093376e-05, 4.7837569582e-05, 3.90381210309e-05, 1.99368223548e-05, 8.6497175289e-06, 3.1984063753e-06, 9.66435436567e-07, 2.56991171455e-07, 4.02795024002e-08, 6.02702510122e-09],
        "dvar": [1.12524347479e-11, 9.36426602038e-07, 1.45203910051e-06, 2.14042657376e-07, 5.41072154192e-07, 9.45607155245e-07, 1.40316433317e-06, 5.5463242461e-06, 1.96197174773e-06, 1.44852958783e-06, 9.04992589312e-07, 1.10764904093e-06, 2.8252296147e-07, 8.81033599853e-07, 1.90787972087e-07, 6.98819349054e-08, 2.98578370916e-08, 7.73640707052e-09, 5.60170043684e-09, 3.93521837339e-09, 1.02987596229e-09, 2.13526335502e-10, 2.73592936501e-11, 3.41926400388e-12, 2.3310628601e-13, 5.83470471848e-15, 1.00161950415e-16],
        "dvar2": [2.85624319335e-11, 1.49865127241e-06, 3.11039389089e-06, 5.1044293059e-07, 1.10854807645e-06, 1.49066806898e-06, 2.30335058404e-06, 6.91122568242e-06, 4.65284347229e-06, 2.88209957944e-06, 1.91122421711e-06, 2.01746888706e-06, 6.21699086878e-07, 2.12108716369e-06, 4.42174666659e-07, 1.82980727459e-07, 8.06741198289e-08, 2.18720188627e-08, 1.51484726985e-08, 1.07133368843e-08, 2.70531597124e-09, 5.47725254041e-10, 7.72645281089e-11, 1.0252256509e-11, 7.53752745983e-13, 1.59729966477e-14, 2.62124774621e-16],
        "max": [8.44333844725e-05, 0.0308731812984, 0.0328860394657, 0.013465357013, 0.0287535917014, 0.0371354855597, 0.0630563050508, 0.0770020186901, 0.0404710955918, 0.0351600050926, 0.0546853132546, 0.0534212440252, 0.0156281944364, 0.0177192222327, 0.0179412290454, 0.00616049300879, 0.0046073962003, 0.00224167946726, 0.00125981296878, 0.00145707698539, 0.000609831884503, 0.000329763395712, 0.000110325687274, 6.22835141257e-05, 1.28634228531e-05, 2.72173838312e-06, 3.1714083093e-07],
        "mean": [1.43505485539e-06, 0.00132887647487, 0.00110137206502, 0.000511954422109, 0.00119452853687, 0.00167491985485, 0.00155632488895, 0.00341654266231, 0.00110914232209, 0.000999915297143, 0.00055166601669, 0.000411539833294, 0.000282008346403, 0.00062669836916, 0.000212189057493, 0.000129903288325, 0.000107371088234, 4.98664958286e-05, 5.1650673413e-05, 4.4165935833e-05, 2.37345630012e-05, 1.08301655928e-05, 3.74845421902e-06, 1.13275905278e-06, 3.37285541718e-07, 7.6113892078e-08, 1.03169268684e-08],
        "median": [3.07041858605e-07, 0.000100449571619, 0.000120430340758, 5.48219031771e-05, 0.000259548804024, 0.000309932831442, 0.000271144614089, 0.000727231323253, 0.000219811321585, 0.000232593680266, 6.03033113293e-05, 3.20051221934e-05, 3.59115401807e-05, 6.03533844696e-05, 1.87873883988e-05, 1.16849914775e-05, 9.91190790955e-06, 4.31654370914e-06, 5.03099545313e-06, 2.52103291132e-06, 1.31684964799e-06, 4.95753624818e-07, 1.58827589303e-07, 5.39239195518e-08, 9.12598974168e-09, 1.87926008088e-09, 2.98607499838e-10],
        "min": [2.51917922961e-25, 2.39995153195e-24, 3.67272683353e-25, 2.52507552114e-24, 9.76913038796e-24, 6.86671548014e-24, 8.06455974395e-24, 7.84909500947e-24, 1.53450801005e-23, 1.25866985722e-23, 1.83215958686e-23, 2.78717242698e-23, 1.90974610793e-23, 3.2882193242e-23, 2.10923956453e-23, 6.85754639207e-23, 4.65548535136e-23, 1.02157379941e-22, 1.1973982103e-22, 1.73387285077e-22, 2.0030888634e-22, 3.14793366507e-22, 3.90584850361e-22, 5.02447144257e-22, 8.27866176856e-22, 1.2467952413e-21, 1.94049220783e-21],
        "var": [1.42550459284e-11, 9.6822877822e-06, 5.3216458582e-06, 1.28983515424e-06, 4.44269926447e-06, 1.11268527689e-05, 1.32372724693e-05, 5.35158142156e-05, 6.27775807516e-06, 4.81242386741e-06, 2.71255839834e-06, 2.64973505182e-06, 5.93936874793e-07, 1.731257953e-06, 3.65791038348e-07, 1.20351231203e-07, 6.01941181344e-08, 1.56151696018e-08, 1.12952243114e-08, 8.58315196695e-09, 2.54034548952e-09, 5.0957632558e-10, 7.53382425889e-11, 6.59803288394e-12, 7.34326282507e-13, 2.91408844483e-14, 6.30037346909e-16]
    },
    "erbbands": {
        "dmean": [0.00274402927607, 0.101755350828, 0.4868901968, 0.438879311085, 0.815217792988, 0.915089607239, 1.86882388592, 3.93207621574, 6.34312915802, 17.1534481049, 10.9626636505, 8.90438175201, 14.626698494, 9.22754096985, 11.2416667938, 9.67612171173, 8.62643814087, 18.4268169403, 7.62636899948, 5.2987537384, 3.22036528587, 2.98360037804, 1.58321845531, 2.07320141792, 0.948401629925, 0.960533797741, 0.518964231014, 0.390208661556, 0.213436931372, 0.120579205453, 0.0502429828048, 0.0180896241218, 0.0067492085509, 0.00285118422471, 0.000810606405139, 0.000185227341717, 3.33543721354e-05, 5.72952058064e-06, 1.61558682521e-06, 3.11992744173e-06],
        "dmean2": [0.00383415468968, 0.141109094024, 0.72071403265, 0.664921343327, 1.2258592844, 1.29348468781, 2.53189229965, 4.78243207932, 8.14567947388, 18.9353752136, 13.3192033768, 12.4143791199, 20.6622714996, 14.0432529449, 15.8081626892, 13.8549289703, 13.1069688797, 28.2978153229, 11.8290748596, 8.26985740662, 5.28462171555, 4.98092699051, 2.68311190605, 3.44452619553, 1.6019179821, 1.62073004246, 0.849458813667, 0.641341984272, 0.348268479109, 0.201003685594, 0.0857201889157, 0.0313697382808, 0.0119161931798, 0.00513806939125, 0.00144391250797, 0.000313276046654, 5.40403743798e-05, 9.14429165277e-06, 2.22707103603e-06, 3.9377223402e-06],
        "dvar": [5.61413762625e-05, 0.0794717073441, 1.70850515366, 1.45685839653, 5.41158008575, 6.22530078888, 27.1595993042, 98.4552764893, 370.940795898, 2081.51000977, 815.063171387, 767.262817383, 1521.41088867, 824.678161621, 1608.05859375, 1891.05847168, 803.403686523, 2129.80493164, 337.118621826, 311.789215088, 76.0540847778, 93.3616104126, 30.4231777191, 31.7567634583, 8.19821071625, 6.22775316238, 2.10856223106, 1.39397537708, 0.457736760378, 0.12324411422, 0.0202478598803, 0.00323724886402, 0.000492265447974, 9.54915813054e-05, 8.62376327859e-06, 3.55743651426e-07, 8.12055134247e-09, 2.59651633527e-10, 9.94801116483e-12, 3.87682976e-11],
        "dvar2": [9.24940250115e-05, 0.130122005939, 3.50128626823, 3.40013122559, 12.5777025223, 12.3349657059, 50.9220619202, 143.177154541, 558.081787109, 2755.79541016, 1265.04614258, 1801.05322266, 3055.97607422, 2056.68994141, 2999.04663086, 3396.48242188, 1691.01660156, 5017.34765625, 825.847106934, 748.375427246, 194.39982605, 259.112579346, 86.9745025635, 85.721862793, 23.3601303101, 16.6888084412, 5.42896318436, 3.68853902817, 1.16272687912, 0.326833337545, 0.0586108826101, 0.0093654775992, 0.00157526624389, 0.000311039679218, 2.82844630419e-05, 1.01487944448e-06, 2.12737347738e-08, 6.69554578447e-10, 2.04674367732e-11, 6.29773594385e-11],
        "max": [0.257544070482, 8.70060825348, 41.0149078369, 22.890504837, 82.0197372437, 96.4356002808, 254.995117188, 464.96887207, 1116.8737793, 1416.62634277, 1878.37561035, 846.537536621, 818.412475586, 1114.23046875, 2810.76489258, 2419.08227539, 1159.21875, 924.208312988, 442.528961182, 718.947998047, 194.944961548, 319.302978516, 157.029525757, 99.6454315186, 77.0042572021, 49.5388221741, 33.9757995605, 21.9363918304, 16.2158927917, 9.00103569031, 3.27181839943, 1.99361681938, 0.611755251884, 0.275664031506, 0.0795473754406, 0.0193854868412, 0.00265098689124, 0.000677476404235, 8.98769649211e-05, 0.000161911550094],
        "mean": [0.00982145778835, 0.390527874231, 1.41504204273, 1.33724939823, 3.22602105141, 3.70520806313, 6.33270215988, 17.5423526764, 25.0813140869, 62.686252594, 40.4683418274, 24.6946315765, 30.3119907379, 19.358625412, 22.0011940002, 18.2267570496, 16.372751236, 31.7512702942, 15.9082727432, 9.57367324829, 6.09989929199, 5.47224473953, 3.1022105217, 3.72325110435, 1.99044775963, 1.881767869, 1.130235672, 0.771462798119, 0.42916059494, 0.245479986072, 0.101503878832, 0.0367447547615, 0.0142714586109, 0.00592163391411, 0.00182703824248, 0.000516439264175, 0.000115416405606, 2.0781524654e-05, 9.46333693719e-06, 1.77477868419e-05],
        "median": [0.00107646163087, 0.0294750947505, 0.134108692408, 0.20165848732, 0.489722579718, 0.728607594967, 1.33046293259, 2.87696385384, 3.96336388588, 13.0125789642, 10.8940753937, 5.82732248306, 7.5610742569, 4.03615379333, 2.39180779457, 1.81167447567, 2.27065753937, 3.67304849625, 2.62586522102, 1.16074085236, 0.742316544056, 0.542316317558, 0.341453641653, 0.339928090572, 0.179837554693, 0.112440340221, 0.0728729516268, 0.0436419695616, 0.0202910397202, 0.00969697441906, 0.00435309205204, 0.00171839690302, 0.000568608753383, 0.000171476887772, 4.83912626805e-05, 1.60797335411e-05, 5.4438346524e-06, 1.02232104382e-06, 2.42983037424e-06, 5.00472424392e-06],
        "min": [7.34344558218e-23, 6.25468550922e-22, 1.81779139424e-21, 6.3725877261e-21, 9.54643328834e-21, 2.11012869533e-20, 2.50087928474e-20, 5.58446886005e-20, 1.36358539706e-19, 1.81128113547e-19, 2.7291935092e-19, 4.2043845702e-19, 5.45024342528e-19, 5.30452366965e-19, 1.09969722991e-18, 1.22909764263e-18, 1.44304087703e-18, 2.03082042766e-18, 1.26296427806e-18, 4.06861895097e-18, 4.23334866124e-18, 4.41579285791e-18, 5.23484807531e-18, 6.27914788222e-18, 5.7964156165e-18, 6.85252342666e-18, 8.72310180567e-18, 8.77311976295e-18, 1.02373353263e-17, 1.23495327486e-17, 1.05520998832e-17, 1.09760034774e-17, 8.39971637237e-18, 7.95667264602e-18, 6.17112719321e-18, 4.11611400738e-18, 1.9957430066e-18, 9.32931621362e-19, 2.75356922939e-19, 2.8881450527e-20],
        "var": [0.000497146043926, 0.798835337162, 8.50984287262, 6.05191898346, 37.6110038757, 48.8477973938, 176.470733643, 1404.89379883, 3881.2824707, 18606.8710938, 6014.9375, 2482.10961914, 3829.96826172, 1862.80053711, 5229.22753906, 4752.74414062, 1797.63098145, 4263.87255859, 918.246765137, 612.234802246, 177.525360107, 179.938186646, 62.9572563171, 62.3157043457, 18.1910991669, 14.6738243103, 5.79587984085, 2.99792313576, 0.973499596119, 0.294226944447, 0.049139443785, 0.00663863820955, 0.00108258915134, 0.00022453366546, 2.08622695936e-05, 1.35372522436e-06, 5.82202268617e-08, 1.9998758205e-09, 1.80724143983e-10, 5.98382954298e-10]
    },
    "gfcc": {
        "mean": [-198.602355957, 184.557739258, -142.486328125, -11.6216564178, -54.9553337097, -13.4911222458, -20.0798721313, -6.40111017227, -1.23245632648, -1.35815274715, -5.70257711411, -15.9778499603, -8.99248218536],
        "cov": [[38344.765625, -1278.33154297, -5035.59082031, 5285.18212891, -719.727050781, 1030.87512207, -48.4415473938, -823.409118652, -859.893371582, -631.4765625, -410.34375, -80.6177139282, 100.527801514], [-1278.33154297, 1702.58850098, 248.522842407, -776.281616211, 385.911102295, -280.370941162, 65.4867858887, -42.7922668457, 127.040550232, -68.842956543, 98.137260437, -86.7573928833, 5.27403450012], [-5035.59082031, 248.522842407, 1262.63598633, -451.079528809, 111.073219299, -21.7202777863, -70.1588287354, 105.091926575, 69.3002700806, 132.900741577, 67.0918655396, 36.4161758423, -64.5958099365], [5285.18212891, -776.281616211, -451.079528809, 1580.5447998, -90.6812896729, 350.923187256, 14.7577199936, -166.007369995, -219.390731812, -104.566902161, -108.667610168, 22.677406311, 14.3209018707], [-719.727050781, 385.911102295, 111.073219299, -90.6812896729, 313.351470947, -20.1975498199, 79.0481033325, -5.35443735123, 24.1958560944, -44.3769798279, 9.04894733429, -38.6028938293, 5.47161054611], [1030.87512207, -280.370941162, -21.7202777863, 350.923187256, -20.1975498199, 210.396438599, 16.6373386383, -0.0453129597008, -54.2431030273, -14.9013061523, -44.6151504517, -4.83806562424, -8.72981357574], [-48.4415473938, 65.4867858887, -70.1588287354, 14.7577199936, 79.0481033325, 16.6373386383, 138.021408081, 27.4244441986, 14.1811695099, -37.3896560669, -27.271774292, -31.0817737579, 6.60178756714], [-823.409118652, -42.7922668457, 105.091926575, -166.007369995, -5.35443735123, -0.0453129597008, 27.4244441986, 130.642807007, 40.9191436768, 22.1230258942, -8.27631950378, -4.65101623535, -18.6579055786], [-859.893371582, 127.040550232, 69.3002700806, -219.390731812, 24.1958560944, -54.2431030273, 14.1811695099, 40.9191436768, 136.282653809, 72.3256912231, 30.9766864777, -28.7364635468, -11.3112621307], [-631.4765625, -68.842956543, 132.900741577, -104.566902161, -44.3769798279, -14.9013061523, -37.3896560669, 22.1230258942, 72.3256912231, 140.476287842, 45.9894332886, 1.5452811718, -23.6871089935], [-410.34375, 98.137260437, 67.0918655396, -108.667610168, 9.04894733429, -44.6151504517, -27.271774292, -8.27631950378, 30.9766864777, 45.9894332886, 97.3872375488, 39.9609642029, 4.09656238556], [-80.6177139282, -86.7573928833, 36.4161758423, 22.677406311, -38.6028938293, -4.83806562424, -31.0817737579, -4.65101623535, -28.7364635468, 1.5452811718, 39.9609642029, 90.3487548828, 31.8662147522], [100.527801514, 5.27403450012, -64.5958099365, 14.3209018707, 5.47161054611, -8.72981357574, 6.60178756714, -18.6579055786, -11.3112621307, -23.6871089935, 4.09656238556, 31.8662147522, 65.0085754395]],
        "icov": [[0.000198827750864, -0.000448111706646, 0.00073856121162, -0.000543531496078, 0.000307434092974, -0.000481900555314, 0.000461879419163, -0.000235877101659, 0.000327086541802, -0.000387589709135, 0.000216990883928, -0.000297023361782, 0.000424915837357], [-0.000448111706646, 0.00250477646478, -0.00189374608453, 0.00166555936448, -0.001735805301, 0.00189912784845, -0.00106813258026, 0.00156728050206, -0.00128554366529, 0.00248203985393, -0.0020262831822, 0.00225558481179, -0.00109673920088], [0.00073856121162, -0.00189374608453, 0.00402770843357, -0.0017154031666, 0.000377070391551, -0.00243510189466, 0.00241314875893, -0.00148903776426, 0.0015500492882, -0.0027421452105, 0.00152459787205, -0.00271287444048, 0.00286468840204], [-0.000543531496078, 0.00166555936448, -0.0017154031666, 0.00316755659878, -0.00112793617882, -0.000597604957875, -0.00160505319946, 0.00261308415793, -0.000244913593633, 0.00121158617549, -0.000224864852498, 0.000248610769631, -0.000478109199321], [0.000307434092974, -0.001735805301, 0.000377070391551, -0.00112793617882, 0.00630705570802, -0.00128381303512, -0.00186587066855, -4.0315597289e-05, 0.000214630941628, 0.000898288330063, -0.00126967974938, 0.00152562756557, -0.000539946020581], [-0.000481900555314, 0.00189912784845, -0.00243510189466, -0.000597604957875, -0.00128381303512, 0.0106293596327, -0.00186234805733, -0.00124553591013, 0.000656212621834, 0.000452721316833, 4.63319120172e-05, 0.00246685696766, -0.00126277422532], [0.000461879419163, -0.00106813258026, 0.00241314875893, -0.00160505319946, -0.00186587066855, -0.00186234805733, 0.0124409701675, -0.00394077831879, -0.00116913428064, 0.001231091097, 0.00132389727514, 0.00131730979774, -0.000847668212373], [-0.000235877101659, 0.00156728050206, -0.00148903776426, 0.00261308415793, -4.0315597289e-05, -0.00124553591013, -0.00394077831879, 0.0135301006958, -0.00387722463347, 0.00155933352653, 0.00247332290746, -0.00311627844349, 0.00356718315743], [0.000327086541802, -0.00128554366529, 0.0015500492882, -0.000244913593633, 0.000214630941628, 0.000656212621834, -0.00116913428064, -0.00387722463347, 0.0172120891511, -0.00890531390905, -0.00253768707626, 0.00568896532059, -0.00261005852371], [-0.000387589709135, 0.00248203985393, -0.0027421452105, 0.00121158617549, 0.000898288330063, 0.000452721316833, 0.001231091097, 0.00155933352653, -0.00890531390905, 0.017653780058, -0.00721033709124, 0.00329944933765, 0.00143408752047], [0.000216990883928, -0.0020262831822, 0.00152459787205, -0.000224864852498, -0.00126967974938, 4.63319120172e-05, 0.00132389727514, 0.00247332290746, -0.00253768707626, -0.00721033709124, 0.0226707607508, -0.0146612348035, 0.00477112364024], [-0.000297023361782, 0.00225558481179, -0.00271287444048, 0.000248610769631, 0.00152562756557, 0.00246685696766, 0.00131730979774, -0.00311627844349, 0.00568896532059, 0.00329944933765, -0.0146612348035, 0.0282661095262, -0.0140390601009], [0.000424915837357, -0.00109673920088, 0.00286468840204, -0.000478109199321, -0.000539946020581, -0.00126277422532, -0.000847668212373, 0.00356718315743, -0.00261005852371, 0.00143408752047, 0.00477112364024, -0.0140390601009, 0.0254015401006]]
    },
    "melbands": {
        "dmean": [6.00297171331e-05, 0.000208971541724, 8.42053486849e-05, 6.05765162618e-05, 5.98496590101e-05, 8.88106224011e-05, 8.85362023837e-05, 0.000208683952224, 8.76878257259e-05, 5.46529663552e-05, 7.49723840272e-05, 3.99803611799e-05, 3.44491818396e-05, 2.24965715461e-05, 3.13588061545e-05, 1.52999309648e-05, 4.15271460952e-05, 1.38866726047e-05, 1.02130561572e-05, 8.21500725579e-06, 3.05526668853e-06, 3.82523194276e-06, 1.88562398762e-06, 1.1000864788e-06, 1.94381937035e-06, 6.62245270178e-07, 8.87467649591e-07, 6.53394010897e-07, 3.11779444928e-07, 4.13359629192e-07, 1.95520783564e-07, 1.49193894572e-07, 8.16666840819e-08, 6.33546193285e-08, 3.3330945115e-08, 2.37976678363e-08, 9.95482096755e-09, 6.46388320646e-09, 3.80311737658e-09, 2.32115460186e-09],
        "dmean2": [8.21620487841e-05, 0.000301304913592, 0.000127814899315, 8.68671631906e-05, 8.17451145849e-05, 0.000109221087769, 0.00011506905139, 0.000226440126426, 0.000111172557808, 7.72616476752e-05, 0.000105702099972, 6.01573810854e-05, 4.94981177326e-05, 3.15438264806e-05, 4.63278120151e-05, 2.36383621086e-05, 6.39256541035e-05, 2.1854739316e-05, 1.53025266627e-05, 1.36483267852e-05, 5.05676098328e-06, 6.37559196548e-06, 3.18338447869e-06, 1.85631972727e-06, 3.22695109389e-06, 1.12434258881e-06, 1.50710263824e-06, 1.09005543436e-06, 5.0814298902e-07, 6.81419351167e-07, 3.23768489352e-07, 2.45404720545e-07, 1.33212125775e-07, 1.05953823493e-07, 5.71396228111e-08, 4.14319920594e-08, 1.77176247007e-08, 1.15256861832e-08, 6.87789114551e-09, 4.195572334e-09],
        "dvar": [2.76273919297e-08, 3.0905042081e-07, 4.53202524398e-08, 3.02540321684e-08, 2.38633841576e-08, 4.50416486331e-08, 6.46566462592e-08, 3.09290385303e-07, 6.59987335894e-08, 2.96754336659e-08, 4.05568805206e-08, 1.44656189249e-08, 1.27201493783e-08, 7.5041226566e-09, 2.2371784425e-08, 4.12941725259e-09, 1.12238351946e-08, 1.2733260002e-09, 2.13254969239e-09, 6.39396868785e-10, 6.69536509568e-11, 1.59534385702e-10, 2.57386594676e-11, 1.0645424646e-11, 2.90701560046e-11, 5.16075290141e-12, 9.31685631422e-12, 3.82191804246e-12, 9.56188578836e-13, 1.25137151075e-12, 4.78408708048e-13, 2.63314082994e-13, 6.6378699141e-14, 3.30592046522e-14, 1.15287003238e-14, 6.35953861458e-15, 1.1130676789e-15, 5.75073484841e-16, 1.20401683576e-16, 6.56893836756e-17],
        "dvar2": [4.37118679031e-08, 6.0564747173e-07, 1.07227037915e-07, 5.94269913279e-08, 4.70870098468e-08, 6.83001175616e-08, 9.89752919622e-08, 3.9743181901e-07, 1.17115604326e-07, 7.14360055554e-08, 8.06478368531e-08, 3.44664741192e-08, 2.46858764541e-08, 1.33747741771e-08, 4.25485673361e-08, 8.90461659964e-09, 2.65715947023e-08, 3.21817861249e-09, 4.93316498762e-09, 1.69843383802e-09, 1.69371669467e-10, 4.38755531906e-10, 7.28754903645e-11, 3.0131962897e-11, 7.82109793596e-11, 1.48640665748e-11, 2.6165593997e-11, 9.92712509418e-12, 2.4076762719e-12, 3.31113847278e-12, 1.26632168293e-12, 6.89923433054e-13, 1.64818937036e-13, 9.06408195028e-14, 3.34588212442e-14, 1.8735538701e-14, 3.3954891172e-15, 1.89730594449e-15, 3.82756427642e-16, 2.1495632882e-16],
        "max": [0.00558502972126, 0.0166639089584, 0.00477622589096, 0.00769047578797, 0.00665754126385, 0.00903371814638, 0.0143665801734, 0.0178249329329, 0.014067103155, 0.00598601112142, 0.00459646992385, 0.00416436372325, 0.0075939479284, 0.00524713005871, 0.00888921692967, 0.00214914209209, 0.00211613671854, 0.000941905658692, 0.00194992299657, 0.000577474420425, 0.000180575778359, 0.000402012839913, 0.000122946759802, 8.48243507789e-05, 9.42625192693e-05, 6.25709362794e-05, 9.54346469371e-05, 4.86625140184e-05, 3.37364181178e-05, 2.12676204683e-05, 1.5686486222e-05, 1.26945787997e-05, 6.93202991897e-06, 4.56250290881e-06, 2.87870784632e-06, 2.02751584766e-06, 8.8728523906e-07, 7.0584127343e-07, 2.49449243483e-07, 2.29892080483e-07],
        "mean": [0.000223407245358, 0.000699589727446, 0.00029838597402, 0.000261906825472, 0.000216388260014, 0.000391885463614, 0.00033548817737, 0.000754155276809, 0.000307241280098, 0.000141405878821, 0.000153289700393, 8.30971548567e-05, 6.55018302496e-05, 4.35227520938e-05, 5.55395708943e-05, 2.60864035226e-05, 6.82373793097e-05, 2.69544943876e-05, 1.67332000274e-05, 1.23092631839e-05, 5.59191812499e-06, 6.43525936539e-06, 3.40186329595e-06, 2.06078198062e-06, 3.29729869009e-06, 1.25118469896e-06, 1.57803651746e-06, 1.19937317322e-06, 6.4046918169e-07, 7.59855765864e-07, 3.35090987846e-07, 2.73908710824e-07, 1.53093623112e-07, 1.162403791e-07, 5.8943147252e-08, 4.01007014261e-08, 1.73629928213e-08, 1.15422240654e-08, 6.72385658262e-09, 4.04133837506e-09],
        "median": [1.94637068489e-05, 6.45456311759e-05, 4.85715681862e-05, 4.28619423474e-05, 4.81198549096e-05, 7.00931268511e-05, 5.31704608875e-05, 0.000141147334944, 7.85329393693e-05, 3.16999321512e-05, 3.49856381945e-05, 1.42443723234e-05, 6.97948371453e-06, 4.43201952294e-06, 4.78859146824e-06, 2.81050279227e-06, 6.7180253609e-06, 3.81565632779e-06, 1.18677041883e-06, 1.21920254514e-06, 5.73713464291e-07, 5.419967124e-07, 3.65966968729e-07, 2.11081967905e-07, 2.5360179734e-07, 1.11354232502e-07, 8.05116115998e-08, 5.81680978939e-08, 4.61597515766e-08, 3.2862303101e-08, 1.88275546265e-08, 1.14935794215e-08, 6.9287859894e-09, 4.27780966206e-09, 2.73037592535e-09, 1.34596256363e-09, 8.38106806178e-10, 4.10947526008e-10, 2.15030285244e-10, 1.05834931097e-10],
        "min": [1.33016917256e-24, 1.10977405742e-24, 1.86296681402e-24, 1.3759585052e-24, 1.04851358471e-24, 1.24222745188e-24, 2.2164845735e-24, 1.81597082002e-24, 2.45458981319e-24, 2.36034519249e-24, 2.40833948996e-24, 1.60179666198e-24, 3.84419294964e-24, 2.89815229791e-24, 2.22836580481e-24, 2.6276672763e-24, 2.9638395622e-24, 1.63353371949e-24, 2.35780900468e-24, 4.38773941258e-24, 3.4891952871e-24, 3.14103290708e-24, 4.01306440362e-24, 4.22129686132e-24, 5.1610510805e-24, 3.700613954e-24, 4.57404705915e-24, 3.35664022818e-24, 4.30820842827e-24, 3.11974845378e-24, 6.00312144264e-24, 3.41984179175e-24, 4.77862590757e-24, 5.75622375652e-24, 5.95611874332e-24, 5.59795656526e-24, 6.76365553604e-24, 4.2243079434e-24, 6.65388080791e-24, 5.9047485156e-24],
        "var": [2.75992334764e-07, 2.05024639399e-06, 2.62112962446e-07, 2.57428155237e-07, 1.64922084878e-07, 6.03355545081e-07, 6.64385083837e-07, 2.8596575703e-06, 3.88897689163e-07, 8.81273933828e-08, 1.0692916419e-07, 3.80515139398e-08, 4.1131595907e-08, 2.1137044115e-08, 4.76957495721e-08, 8.06948996512e-09, 2.14728377301e-08, 3.03385983003e-09, 3.71987174397e-09, 1.03897457304e-09, 1.59524976562e-10, 2.8616059522e-10, 5.67156946407e-11, 2.33620969792e-11, 5.40019626238e-11, 1.00394683886e-11, 1.69556192003e-11, 8.18135576647e-12, 2.15362558516e-12, 2.93230500645e-12, 7.89245350932e-13, 5.05814411623e-13, 1.43974296461e-13, 7.1785378206e-14, 2.29975171122e-14, 1.2210270467e-14, 1.85974151559e-15, 9.58331805974e-16, 2.4677976693e-16, 1.22951861552e-16]
    },
    "mfcc": {
        "mean": [-799.560791016, 180.902679443, -9.85609912872, 2.56551504135, -16.7613620758, -4.98590040207, -11.914182663, -6.66934967041, 0.859477818012, 8.22619438171, 6.43029165268, 0.936575293541, -3.00056314468],
        "cov": [[20016.5234375, 2624.95117188, -3308.19433594, 2231.01049805, 161.080627441, 1425.07214355, 350.984985352, 350.557373047, -284.458709717, -295.535125732, -499.874511719, -172.156005859, -120.511329651], [2624.95117188, 1826.38977051, -385.245758057, 26.7110538483, 228.177444458, 166.227615356, 136.543655396, 26.6358394623, -18.3777141571, -56.7398796082, -38.2926216125, -72.9131546021, -38.3541107178], [-3308.19433594, -385.245758057, 942.413757324, -363.810150146, 8.7883939743, -187.162078857, -70.6968536377, -45.9089736938, 21.8548469543, 77.2864227295, 100.86870575, 46.4640922546, 34.1029510498], [2231.01049805, 26.7110538483, -363.810150146, 643.977844238, 134.86618042, 253.54876709, 81.4275817871, 43.5013237, -51.3513145447, -55.348777771, -52.6122817993, 0.442533612251, 5.59223031998], [161.080627441, 228.177444458, 8.7883939743, 134.86618042, 258.392120361, 101.245765686, 66.9868774414, 11.7315998077, -37.7235069275, -49.4174995422, -14.5485515594, 10.5162963867, 21.094581604], [1425.07214355, 166.227615356, -187.162078857, 253.54876709, 101.245765686, 256.245330811, 92.2607727051, 48.2301712036, -10.757478714, -4.08966112137, -36.2601776123, -28.4027519226, -20.7125968933], [350.984985352, 136.543655396, -70.6968536377, 81.4275817871, 66.9868774414, 92.2607727051, 120.965301514, 62.5979156494, 7.18136072159, -16.9639472961, -25.3181495667, -30.1730098724, -22.7735404968], [350.557373047, 26.6358394623, -45.9089736938, 43.5013237, 11.7315998077, 48.2301712036, 62.5979156494, 116.760452271, 41.8387527466, 2.17698645592, -22.3192329407, -30.4913368225, -27.2237300873], [-284.458709717, -18.3777141571, 21.8548469543, -51.3513145447, -37.7235069275, -10.757478714, 7.18136072159, 41.8387527466, 107.001441956, 65.5697555542, 18.9144573212, -14.8828449249, -26.6855583191], [-295.535125732, -56.7398796082, 77.2864227295, -55.348777771, -49.4174995422, -4.08966112137, -16.9639472961, 2.17698645592, 65.5697555542, 122.121315002, 58.0392417908, -7.3105969429, -25.7802906036], [-499.874511719, -38.2926216125, 100.86870575, -52.6122817993, -14.5485515594, -36.2601776123, -25.3181495667, -22.3192329407, 18.9144573212, 58.0392417908, 92.295501709, 38.484828949, 4.48934984207], [-172.156005859, -72.9131546021, 46.4640922546, 0.442533612251, 10.5162963867, -28.4027519226, -30.1730098724, -30.4913368225, -14.8828449249, -7.3105969429, 38.484828949, 101.496208191, 67.6462936401], [-120.511329651, -38.3541107178, 34.1029510498, 5.59223031998, 21.094581604, -20.7125968933, -22.7735404968, -27.2237300873, -26.6855583191, -25.7802906036, 4.48934984207, 67.6462936401, 105.689888]],
