{
"lowlevel": {
    "average_loudness": 0.855387687683,
    "barkbands_crest": {
        "dmean": 2.38364434242,
        "dmean2": 3.99174141884,
        "dvar": 5.47537612915,
        "dvar2": 14.8381509781,
        "max": 25.265417099,
        "mean": 12.208480835,
        "median": 11.5831241608,
        "min": 2.99618911743,
        "var": 18.6139755249
    },
    "barkbands_flatness_db": {
        "dmean": 0.0339389033616,
        "dmean2": 0.0484827719629,
        "dvar": 0.00142408569809,
        "dvar2": 0.00265650614165,
        "max": 0.604620993137,
        "mean": 0.243277221918,
        "median": 0.22525125742,
        "min": 0.0139330085367,
        "var": 0.0122788269073
    },
    "barkbands_kurtosis": {
        "dmean": 4.88750362396,
        "dmean2": 7.88649940491,
        "dvar": 65.8519363403,
        "dvar2": 167.175933838,
        "max": 222.366790771,
        "mean": 9.04479122162,
        "median": 5.46743869781,
        "min": -1.80440056324,
        "var": 139.109375
    },
    "barkbands_skewness": {
        "dmean": 0.615856170654,
        "dmean2": 0.969065070152,
        "dvar": 0.473328888416,
        "dvar2": 1.1133569479,
        "max": 11.9067440033,
        "mean": 2.19431447983,
        "median": 1.98941063881,
        "min": -2.02060699463,
        "var": 1.72179317474
    },
    "barkbands_spread": {
        "dmean": 3.45894384384,
        "dmean2": 5.65376615524,
        "dvar": 36.7621994019,
        "dvar2": 92.2412414551,
        "max": 87.8768768311,
        "mean": 9.87421894073,
        "median": 7.13524150848,
        "min": 0.624418973923,
        "var": 76.2541351318
    },
    "dissonance": {
        "dmean": 0.0310173220932,
        "dmean2": 0.0505798943341,
        "dvar": 0.000936185300816,
        "dvar2": 0.00236172392033,
        "max": 0.500000178814,
        "mean": 0.407761067152,
        "median": 0.42478504777,
        "min": 0.0645464211702,
        "var": 0.0041680415161
    },
    "dynamic_complexity": 3.25474405289,
    "erbbands_crest": {
        "dmean": 2.33625268936,
        "dmean2": 3.77399039268,
        "dvar": 4.65267801285,
        "dvar2": 12.8253154755,
        "max": 28.6615943909,
        "mean": 10.1925582886,
        "median": 9.53313064575,
        "min": 2.50477480888,
        "var": 15.7125720978
    },
    "erbbands_flatness_db": {
        "dmean": 0.0312330555171,
        "dmean2": 0.0412971936166,
        "dvar": 0.00132665887941,
        "dvar2": 0.00226168404333,
        "max": 0.498707741499,
        "mean": 0.207012549043,
        "median": 0.185467392206,
        "min": 0.0448950156569,
        "var": 0.00929101742804
    },
    "erbbands_kurtosis": {
        "dmean": 1.48892021179,
        "dmean2": 2.37366437912,
        "dvar": 4.9987578392,
        "dvar2": 12.2274284363,
        "max": 47.2545013428,
        "mean": 1.92538309097,
        "median": 1.03817939758,
        "min": -1.85186600685,
        "var": 10.5435218811
    },
    "erbbands_skewness": {
        "dmean": 0.368945211172,
        "dmean2": 0.572190642357,
        "dvar": 0.150086537004,
        "dvar2": 0.349918723106,
        "max": 5.20132827759,
        "mean": 0.854252338409,
        "median": 0.811098575592,
        "min": -1.8378674984,
        "var": 0.493794590235
    },
    "erbbands_spread": {
        "dmean": 9.45995807648,
        "dmean2": 14.6775178909,
        "dvar": 205.546264648,
        "dvar2": 470.630065918,
        "max": 128.58203125,
        "mean": 29.7361164093,
        "median": 24.6447963715,
        "min": 1.9741396904,
        "var": 446.669006348
    },
    "hfc": {
        "dmean": 6.67774105072,
        "dmean2": 10.8143539429,
        "dvar": 157.29800415,
        "dvar2": 393.478515625,
        "max": 151.054290771,
        "mean": 17.6720275879,
        "median": 13.1548957825,
        "min": 1.07498281442e-16,
        "var": 248.994415283
    },
    "melbands_crest": {
        "dmean": 2.76602220535,
        "dmean2": 4.60074329376,
        "dvar": 7.05394172668,
        "dvar2": 19.315776825,
        "max": 35.3365325928,
        "mean": 16.4334697723,
        "median": 16.4658851624,
        "min": 1.83512341976,
        "var": 24.570646286
    },
    "melbands_flatness_db": {
        "dmean": 0.0379422083497,
        "dmean2": 0.0548262000084,
        "dvar": 0.0018108098302,
        "dvar2": 0.00341708934866,
        "max": 0.782256364822,
        "mean": 0.354847848415,
        "median": 0.33696526289,
        "min": 0.00693108560517,
        "var": 0.0168698448688
    },
    "melbands_kurtosis": {
        "dmean": 9.39583683014,
        "dmean2": 14.989323616,
        "dvar": 279.248901367,
        "dvar2": 684.023376465,
        "max": 308.734375,
        "mean": 18.2434310913,
        "median": 10.9702129364,
        "min": -1.54191398621,
        "var": 574.900817871
    },
    "melbands_skewness": {
        "dmean": 0.770948410034,
        "dmean2": 1.21153855324,
        "dvar": 0.834714233875,
        "dvar2": 1.94700372219,
        "max": 14.0840377808,
        "mean": 2.89734339714,
        "median": 2.61468410492,
        "min": -0.660305738449,
        "var": 2.84094429016
    },
    "melbands_spread": {
        "dmean": 2.28206968307,
        "dmean2": 3.66952180862,
        "dvar": 13.1831979752,
        "dvar2": 31.1821537018,
        "max": 163.863952637,
        "mean": 8.44260692596,
        "median": 6.71929550171,
        "min": 0.712328016758,
        "var": 55.8496551514
    },
    "pitch_salience": {
        "dmean": 0.0701806545258,
        "dmean2": 0.116331346333,
        "dvar": 0.00429423525929,
        "dvar2": 0.0114939399064,
        "max": 0.988970398903,
        "mean": 0.494226545095,
        "median": 0.496433019638,
        "min": 0.104365251958,
        "var": 0.0151305682957
    },
    "silence_rate_20dB": {
        "dmean": 0,
        "dmean2": 0,
        "dvar": 0,
        "dvar2": 0,
        "max": 1,
        "mean": 1,
        "median": 1,
        "min": 1,
        "var": 0
    },
    "silence_rate_30dB": {
        "dmean": 0.0862529352307,
        "dmean2": 0.172519817948,
        "dvar": 0.0788192451,
        "dvar2": 0.176104232669,
        "max": 1,
        "mean": 0.811812281609,
        "median": 1,
        "min": 0,
        "var": 0.152765914798
    },
    "silence_rate_60dB": {
        "dmean": 0.00145642855205,
        "dmean2": 0.0029130927287,
        "dvar": 0.00145409477409,
        "dvar2": 0.00355113763362,
        "max": 1,
        "mean": 0.0362459532917,
        "median": 0,
        "min": 0,
        "var": 0.0349316820502
    },
    "spectral_centroid": {
        "dmean": 127.78452301,
        "dmean2": 203.245666504,
        "dvar": 42805.5664062,
        "dvar2": 89945.828125,
        "max": 11042.0410156,
        "mean": 650.642700195,
        "median": 499.149475098,
        "min": 155.329406738,
        "var": 185962.25
    },
    "spectral_complexity": {
        "dmean": 2.63743019104,
        "dmean2": 4.18805646896,
        "dvar": 16.53632164,
        "dvar2": 34.2877464294,
        "max": 59,
        "mean": 13.6330909729,
        "median": 10,
        "min": 0,
        "var": 80.4827423096
    },
    "spectral_decrease": {
        "dmean": 5.08885111827e-09,
        "dmean2": 8.46658476661e-09,
        "dvar": 6.67057239506e-17,
        "dvar2": 1.6945051605e-16,
        "max": 8.12539612034e-29,
        "mean": -1.59080073558e-08,
        "median": -1.28159687307e-08,
        "min": -9.90621416008e-08,
        "var": 1.52797490965e-16
    },
    "spectral_energy": {
        "dmean": 0.019592711702,
        "dmean2": 0.0325502976775,
        "dvar": 0.000983909820206,
        "dvar2": 0.00249212165363,
        "max": 0.378943234682,
        "mean": 0.0616432130337,
        "median": 0.0499945096672,
        "min": 1.02266924069e-20,
        "var": 0.00225769146346
    },
    "spectral_energyband_high": {
        "dmean": 0.000451779575087,
        "dmean2": 0.000755142886192,
        "dvar": 1.08112874386e-06,
        "dvar2": 2.81716120298e-06,
        "max": 0.011416352354,
        "mean": 0.000510594865773,
        "median": 6.56618503854e-05,
        "min": 7.1221607834e-21,
        "var": 1.04034074866e-06
    },
    "spectral_energyband_low": {
        "dmean": 0.0159479379654,
        "dmean2": 0.0265653841197,
        "dvar": 0.000801335670985,
        "dvar2": 0.00208502705209,
        "max": 0.361321538687,
        "mean": 0.0405999943614,
        "median": 0.0267134383321,
        "min": 2.15277553571e-23,
        "var": 0.00178738951217
    },
    "spectral_energyband_middle_high": {
        "dmean": 0.00072665483458,
        "dmean2": 0.00113742472604,
        "dvar": 2.05646460927e-06,
        "dvar2": 4.90379534313e-06,
        "max": 0.0239683501422,
        "mean": 0.0022267291788,
        "median": 0.000956598669291,
        "min": 1.41623559653e-21,
        "var": 8.47729370435e-06
    },
    "spectral_energyband_middle_low": {
        "dmean": 0.00701600965112,
        "dmean2": 0.0116004440933,
        "dvar": 0.000179083697731,
        "dvar2": 0.000429973355494,
        "max": 0.199513658881,
        "mean": 0.0196193084121,
        "median": 0.016621414572,
        "min": 2.29156620876e-22,
        "var": 0.000256688508671
    },
    "spectral_entropy": {
        "dmean": 0.286513268948,
        "dmean2": 0.403170764446,
        "dvar": 0.133233591914,
        "dvar2": 0.25697812438,
        "max": 9.82159328461,
        "mean": 6.70394229889,
        "median": 6.8364982605,
        "min": 4.07466220856,
        "var": 0.838654398918
    },
    "spectral_flux": {
        "dmean": 0.0317823439837,
        "dmean2": 0.0517350547016,
        "dvar": 0.00201588170603,
        "dvar2": 0.00447301799431,
        "max": 0.548221290112,
        "mean": 0.0959992110729,
        "median": 0.0827932804823,
        "min": 7.07277084122e-11,
        "var": 0.00439039850608
    },
    "spectral_kurtosis": {
        "dmean": 13.2776584625,
        "dmean2": 21.0262413025,
        "dvar": 634.91619873,
        "dvar2": 1530.23205566,
        "max": 465.421966553,
        "mean": 30.5108661652,
        "median": 8.14521598816,
        "min": -1.22961437702,
        "var": 2668.44555664
    },
    "spectral_rms": {
        "dmean": 0.00109545502346,
        "dmean2": 0.00178934063297,
        "dvar": 2.1423322778e-06,
        "dvar2": 5.13930490342e-06,
        "max": 0.0192276034504,
        "mean": 0.00714334333315,
        "median": 0.00698391953483,
        "min": 3.15868034853e-12,
        "var": 9.11234292289e-06
    },
    "spectral_rolloff": {
        "dmean": 141.845504761,
        "dmean2": 249.457962036,
        "dvar": 268918.53125,
        "dvar2": 688410,
        "max": 19056.8847656,
        "mean": 499.697052002,
        "median": 430.6640625,
        "min": 64.599609375,
        "var": 468688.90625
    },
    "spectral_skewness": {
        "dmean": 0.814371585846,
        "dmean2": 1.26925873756,
        "dvar": 1.33306336403,
        "dvar2": 3.14712500572,
        "max": 17.2848644257,
        "mean": 3.31708407402,
        "median": 2.2815322876,
        "min": -0.0309988446534,
        "var": 6.74363708496
    },
    "spectral_spread": {
        "dmean": 1095373.625,
        "dmean2": 1534677.375,
        "dvar": 2.42405002445e+12,
        "dvar2": 4.17692490138e+12,
        "max": 42436872,
        "mean": 3645147,
        "median": 3255437,
        "min": 208033.609375,
        "var": 6.00723108659e+12
    },
    "spectral_strongpeak": {
        "dmean": 0.315701812506,
        "dmean2": 0.551666200161,
        "dvar": 0.179721057415,
        "dvar2": 0.461204946041,
        "max": 5.01720571518,
        "mean": 0.636191904545,
        "median": 0.462181806564,
        "min": 0,
        "var": 0.302207648754
    },
    "zerocrossingrate": {
        "dmean": 0.00724788894877,
        "dmean2": 0.00952128693461,
        "dvar": 0.000119690339488,
        "dvar2": 0.000171790641616,
        "max": 0.5107421875,
        "mean": 0.0272991880774,
        "median": 0.02099609375,
        "min": 0.00244140625,
        "var": 0.000549255637452
    },
    "barkbands": {
        "dmean": [0.00113415182568, 0.0126501088962, 0.00510215666145, 0.00214278115891, 0.00404700962827, 0.00164068839513, 0.00155298109166, 0.000587941089179, 0.000836550316308, 0.0003915973939, 0.000166187048308, 0.000106474362838, 7.21956967027e-05, 8.2085680333e-05, 9.26484208321e-05, 0.000114977869089, 9.26663196879e-05, 6.87175052008e-05, 8.10782439657e-05, 6.39922291157e-05, 6.70376393828e-05, 7.6884374721e-05, 5.37197956874e-05, 4.10291395383e-05, 0.000121169985505, 7.159775123e-05, 1.31044953378e-05],
        "dmean2": [0.00198264559731, 0.0214598886669, 0.00830777455121, 0.00367209454998, 0.00679342076182, 0.00264065060765, 0.00265074963681, 0.00086135690799, 0.00116673542652, 0.000603913038503, 0.000275449594483, 0.000172044135979, 0.000120664284623, 0.000135186361149, 0.000153982167831, 0.000185305048944, 0.000149761413923, 0.000111378940346, 0.000133963345434, 0.000104771308543, 0.000113505135232, 0.000129243824631, 9.15131386137e-05, 6.6791435529e-05, 0.000207833829336, 0.000123735895613, 2.26176507567e-05],
        "dvar": [8.65980928211e-06, 0.000592606433202, 7.96680760686e-05, 1.38696850627e-05, 0.000102958154457, 1.20034801512e-05, 5.0539597396e-06, 1.65782091699e-06, 1.63204776982e-06, 5.83226267281e-07, 1.48950604739e-07, 4.69797534208e-08, 2.85970465086e-08, 4.69630663247e-08, 5.6043873542e-08, 7.4413591733e-08, 4.44538486022e-08, 2.32038068759e-08, 2.88726926811e-08, 1.52604240355e-08, 2.00575058784e-08, 3.24510374128e-08, 1.83197705894e-08, 8.50553760756e-09, 9.61499679875e-08, 3.20095487893e-08, 1.02060859763e-09],
        "dvar2": [2.52577046922e-05, 0.00162478955463, 0.000191245562746, 3.78866498068e-05, 0.000257361854892, 3.33105126629e-05, 1.52781431098e-05, 3.25036671711e-06, 3.32097124556e-06, 1.33414516768e-06, 3.81821052997e-07, 1.14933442319e-07, 7.73103607798e-08, 1.21787621765e-07, 1.49840275299e-07, 1.82286683525e-07, 1.10067183812e-07, 5.85015520471e-08, 7.78073996344e-08, 3.84354912342e-08, 5.28682306822e-08, 8.42011189661e-08, 4.96829031249e-08, 2.11746389311e-08, 2.53801886174e-07, 8.36369125068e-08, 2.64447908016e-09],
        "max": [0.0564946383238, 0.336353182793, 0.141036421061, 0.0574564039707, 0.156012609601, 0.0647311210632, 0.0406050384045, 0.0382307209074, 0.0361566729844, 0.0192446690053, 0.00987009145319, 0.0063949576579, 0.00338002294302, 0.00449828291312, 0.00423346692696, 0.0061927260831, 0.00403971690685, 0.00262312171981, 0.00375177618116, 0.00174493214581, 0.0018688745331, 0.00211477116682, 0.00174993672408, 0.00122265738901, 0.0033430964686, 0.0018106745556, 0.000323505111737],
        "mean": [0.00151259009726, 0.0267855748534, 0.0111527573317, 0.0028221430257, 0.00590498698875, 0.00323919183575, 0.00327647011727, 0.00149339227937, 0.00256532221101, 0.000874766788911, 0.000229283308727, 0.000189694881556, 0.000118740303151, 0.000127734427224, 0.000131217238959, 0.000204495736398, 0.000176309098606, 0.000121878307255, 0.000152995737153, 0.000118875774206, 9.92543427856e-05, 8.82577005541e-05, 5.66667658859e-05, 4.54109140264e-05, 9.26206193981e-05, 5.24709685124e-05, 1.02412441265e-05],
        "median": [0.000411455286667, 0.0161990150809, 0.00506514962763, 0.00146431149915, 0.00356121640652, 0.00218042079359, 0.00199360633269, 0.000451639352832, 0.00154820969328, 0.000370684370864, 6.65642728563e-05, 5.01397335029e-05, 4.46480480605e-05, 2.57197316387e-05, 3.91849171137e-05, 4.15983158746e-05, 3.40938167938e-05, 2.17255728785e-05, 3.19609171129e-05, 1.4640721929e-05, 1.14346566988e-05, 7.59575323173e-06, 5.89275896345e-06, 6.00217344982e-06, 3.57444491783e-06, 1.56340161084e-06, 2.94926508104e-07],
        "min": [2.63347368699e-24, 9.53901335102e-24, 3.78225622592e-25, 5.71626952939e-24, 5.66778321937e-23, 8.24202110433e-24, 1.78591798055e-23, 1.93023266787e-23, 1.99244996969e-23, 1.33702362441e-23, 4.26928114027e-23, 6.206051414e-23, 8.01299285321e-23, 7.50404882725e-23, 1.15882430043e-22, 6.71648733371e-23, 1.71638462492e-22, 1.62800393076e-22, 2.58002121358e-22, 2.40419156466e-22, 3.53946943992e-22, 4.31372518501e-22, 5.32147896178e-22, 7.53844972604e-22, 1.09407288077e-21, 1.35444070132e-21, 1.98807387426e-21],
        "var": [1.11081080831e-05, 0.00105170346797, 0.00022025796352, 1.60179315571e-05, 9.83231366263e-05, 1.48525668919e-05, 1.45188796523e-05, 8.41687142383e-06, 8.87793066795e-06, 2.09605718737e-06, 2.14969290369e-07, 1.11223549482e-07, 4.37141096654e-08, 7.35085734505e-08, 6.59699281869e-08, 1.89619456137e-07, 1.05880381795e-07, 4.80387036816e-08, 6.47347349059e-08, 3.83628986356e-08, 3.39034897934e-08, 3.95563723998e-08, 1.63137983122e-08, 9.27163856801e-09, 6.96410182854e-08, 2.31187620159e-08, 7.73200947712e-10]
    },
    "erbbands": {
        "dmean": [0.3748460114, 2.92395544052, 5.92229938507, 5.8551363945, 11.9158687592, 13.6103076935, 13.045088768, 13.4618368149, 22.3614063263, 18.3678131104, 9.64818191528, 18.9653778076, 12.8042201996, 9.57109451294, 6.94941139221, 3.88723874092, 3.29913234711, 3.93324542046, 4.63884353638, 4.685587883, 5.6987323761, 4.90439605713, 3.45752739906, 4.74069213867, 2.80796813965, 3.20581555367, 2.62482666969, 2.68970823288, 2.49527001381, 2.60973238945, 1.37391972542, 0.975583195686, 0.646096527576, 0.869561851025, 1.17658901215, 0.415805995464, 0.129421308637, 0.0172867178917, 0.00227746367455, 0.000155424175318],
        "dmean2": [0.645421922207, 4.95916318893, 9.59232330322, 9.85716629028, 20.5476875305, 22.9057941437, 21.8273944855, 21.7110824585, 38.8158798218, 28.348733902, 13.5764989853, 26.8814029694, 19.8828601837, 14.5079593658, 11.4037160873, 6.31479120255, 5.46321630478, 6.45847082138, 7.66754198074, 7.70925140381, 9.18657016754, 7.92786884308, 5.61279392242, 7.81497430801, 4.56501054764, 5.26932001114, 4.30941152573, 4.59065103531, 4.06574487686, 4.51211214066, 2.31894087791, 1.59951782227, 1.04871666431, 1.47816455364, 2.03293704987, 0.72177618742, 0.224632099271, 0.0297743678093, 0.00392162194476, 0.00026590609923],
        "dvar": [0.540832102299, 32.8023414612, 103.831436157, 99.6292648315, 1341.29101562, 836.432617188, 1136.55480957, 709.635070801, 1374.58886719, 975.776306152, 255.63899231, 897.997192383, 472.820648193, 633.920349121, 286.480957031, 57.8509292603, 52.7164421082, 111.293998718, 111.651496887, 128.346008301, 210.343429565, 139.724075317, 58.3970794678, 117.588577271, 29.0040740967, 40.3003768921, 28.7291679382, 35.3377494812, 31.0589771271, 52.7986946106, 10.3906612396, 4.84628868103, 2.12627696991, 4.70825862885, 9.32914447784, 1.15324282646, 0.103877350688, 0.00173836073373, 3.06220208586e-05, 1.38683603268e-07],
        "dvar2": [1.52130198479, 88.8959655762, 253.461700439, 264.85244751, 3596.06542969, 2198.33520508, 3177.81103516, 1998.71154785, 4262.84179688, 2234.09887695, 495.546569824, 1906.53161621, 1114.37341309, 1425.43566895, 734.965148926, 144.77961731, 144.806121826, 285.286865234, 282.332855225, 326.225799561, 525.120422363, 346.381286621, 147.15826416, 312.433624268, 73.3608093262, 102.502044678, 70.7115020752, 94.4430541992, 76.4349136353, 145.638824463, 27.9379177094, 12.2124862671, 5.33797883987, 12.4655094147, 24.6714553833, 3.04756164551, 0.271106988192, 0.00453017372638, 7.9535493569e-05, 3.60371330999e-07],
        "max": [9.47537326813, 84.2874908447, 156.533081055, 148.250457764, 547.624938965, 502.111053467, 584.592773438, 501.63394165, 719.881591797, 620.435058594, 395.284088135, 789.080932617, 397.149017334, 757.927490234, 447.585479736, 223.649856567, 125.587837219, 191.488876343, 177.94418335, 206.789749146, 358.086761475, 276.123687744, 107.765792847, 269.534423828, 94.3804550171, 107.956230164, 71.8668746948, 77.2029418945, 60.4584236145, 102.110649109, 38.9219779968, 27.5865421295, 17.9794368744, 24.792766571, 33.5755157471, 11.8466062546, 2.80233883858, 0.473137080669, 0.0575804710388, 0.00377864437178],
        "mean": [0.712783277035, 6.14541721344, 14.0813217163, 10.361325264, 14.6164216995, 20.5550079346, 22.6382026672, 28.9187068939, 45.8323974609, 44.822063446, 30.6703128815, 54.811832428, 33.8272666931, 20.5862998962, 10.8905324936, 7.74198532104, 6.04214191437, 6.3851480484, 7.36350774765, 7.73456764221, 11.1673316956, 9.69665050507, 6.75678348541, 8.94234466553, 5.9655122757, 5.84254264832, 4.4584107399, 3.52779507637, 3.01408529282, 2.67847490311, 1.48061192036, 1.09004426003, 0.681576728821, 0.713376879692, 0.86331641674, 0.304238438606, 0.0932740345597, 0.0130897173658, 0.0017880188534, 0.000176907022251],
        "median": [0.410329252481, 3.26135587692, 7.46658229828, 5.89499807358, 7.92149925232, 12.783490181, 14.0655918121, 20.4555644989, 23.8855934143, 22.7690315247, 16.372631073, 32.7893600464, 15.621295929, 7.23502826691, 3.51743745804, 2.1190264225, 2.33408498764, 1.46221590042, 2.12701559067, 2.36789655685, 2.23022222519, 1.66182088852, 1.30573761463, 1.81912302971, 1.11097955704, 0.728352546692, 0.520086824894, 0.417905986309, 0.262373477221, 0.203013569117, 0.181599259377, 0.154549628496, 0.0763167142868, 0.0430685505271, 0.0237202979624, 0.0101472958922, 0.00192797009367, 0.000350552087184, 7.8528188169e-05, 7.17075308785e-05],
        "min": [2.40025180397e-22, 2.12893994569e-21, 1.94123578181e-21, 1.66701579601e-20, 9.1825255176e-20, 1.82490660962e-19, 9.69161705677e-20, 4.83908219291e-20, 1.17737876936e-19, 5.94797350948e-19, 4.34429622545e-19, 3.17138384365e-19, 5.62825372707e-19, 9.33578373204e-19, 2.06120732105e-18, 2.77355541225e-18, 3.79582388394e-18, 3.27394757047e-18, 5.86744851083e-18, 5.23492458951e-18, 4.56709949479e-18, 9.42109169579e-18, 7.22333732833e-18, 8.98812799239e-18, 1.59425331871e-17, 1.15598846292e-17, 1.45942635303e-17, 1.41137973258e-17, 1.31089565157e-17, 1.39973815808e-17, 1.55328306297e-17, 1.73354160032e-17, 1.20859243495e-17, 1.11940424966e-17, 8.71220287392e-18, 4.67393276603e-18, 2.86716806256e-18, 1.12878669051e-18, 2.521377305e-19, 3.08041220009e-20],
        "var": [0.90239328146, 61.0378303528, 284.014129639, 154.514694214, 1007.06060791, 857.878295898, 1005.99328613, 1000.15063477, 3928.8984375, 3891.13354492, 1586.11633301, 4266.07470703, 1970.8515625, 2234.46459961, 447.673858643, 167.39453125, 89.5396270752, 179.387588501, 172.593063354, 204.840957642, 583.764831543, 329.329742432, 129.052124023, 242.746398926, 86.0983200073, 95.6191940308, 61.853351593, 50.5816040039, 41.6971511841, 45.1233901978, 9.96484565735, 5.16590547562, 2.2442317009, 3.51443505287, 6.63812017441, 0.814160943031, 0.0747760608792, 0.00128477532417, 2.30736477533e-05, 1.09157390682e-07]
    },
    "gfcc": {
        "mean": [-52.2748222351, 156.301315308, -77.5292816162, 19.4374980927, -43.4039535522, -7.17554855347, -24.6915779114, 12.5272569656, -10.7521696091, -0.417148023844, -11.3718185425, -3.96606206894, -4.43608903885],
        "cov": [[21051.9589844, -5617.9296875, -281.398132324, 1922.25488281, -1558.2902832, 1839.01464844, 234.937454224, 1134.05285645, -261.970794678, 615.606933594, -964.79284668, 377.411773682, -18.3488960266], [-5617.9296875, 4721.32763672, -104.457824707, -1161.63366699, 1063.93884277, -1035.7857666, 441.473297119, -348.92791748, 498.573394775, -440.235290527, 405.724121094, -369.10635376, 400.68536377], [-281.398132324, -104.457824707, 886.612365723, -109.771026611, 54.487159729, 189.494949341, -36.0822563171, 40.0417480469, 17.6041126251, 50.1583709717, -59.0168151855, 74.0759735107, -33.9032020569], [1922.25488281, -1161.63366699, -109.771026611, 689.689453125, -273.324127197, 298.691833496, -4.70543432236, 116.030220032, -73.0218353271, 93.9984893799, -67.8655548096, 72.8001174927, -67.3125457764], [-1558.2902832, 1063.93884277, 54.487159729, -273.324127197, 503.747375488, -215.426651001, 110.857818604, -66.7261581421, 79.4982910156, -96.0594406128, 108.813171387, -79.5879440308, 69.2051544189], [1839.01464844, -1035.7857666, 189.494949341, 298.691833496, -215.426651001, 421.376678467, -22.6503582001, 139.347579956, -69.8686752319, 105.710456848, -107.270835876, 95.8724517822, -81.0740509033], [234.937454224, 441.473297119, -36.0822563171, -4.70543432236, 110.857818604, -22.6503582001, 231.945983887, 49.0859260559, 92.189666748, -27.1090755463, 30.3282699585, -46.1537094116, 69.3948974609], [1134.05285645, -348.92791748, 40.0417480469, 116.030220032, -66.7261581421, 139.347579956, 49.0859260559, 178.050430298, 12.665263176, 54.6121788025, -48.8777046204, 21.5827655792, -12.7472019196], [-261.970794678, 498.573394775, 17.6041126251, -73.0218353271, 79.4982910156, -69.8686752319, 92.189666748, 12.665263176, 154.769989014, -19.4750595093, 30.9142684937, -40.3827056885, 61.7075004578], [615.606933594, -440.235290527, 50.1583709717, 93.9984893799, -96.0594406128, 105.710456848, -27.1090755463, 54.6121788025, -19.4750595093, 117.321762085, -22.6268882751, 40.786907196, -38.8161087036], [-964.79284668, 405.724121094, -59.0168151855, -67.8655548096, 108.813171387, -107.270835876, 30.3282699585, -48.8777046204, 30.9142684937, -22.6268882751, 128.914398193, -14.9746208191, 6.31773042679], [377.411773682, -369.10635376, 74.0759735107, 72.8001174927, -79.5879440308, 95.8724517822, -46.1537094116, 21.5827655792, -40.3827056885, 40.786907196, -14.9746208191, 89.2339859009, -15.827542305], [-18.3488960266, 400.68536377, -33.9032020569, -67.3125457764, 69.2051544189, -81.0740509033, 69.3948974609, -12.7472019196, 61.7075004578, -38.8161087036, 6.31773042679, -15.827542305, 123.710090637]],
        "icov": [[0.000160623487318, -5.61886263313e-05, 0.000179325448698, -0.000111029796244, 0.000125296399347, -0.000359068479156, -0.000189702914213, -0.000422766170232, 0.000183890690096, -0.000326548004523, 0.000777302368078, -0.000159073970281, -0.000302247179206], [-5.61886263313e-05, 0.00282364431769, -0.00059129082365, 0.00166122755036, -0.00123154965695, 0.00170464476105, -0.00135250610765, 0.00120934296865, -0.00330183072947, 0.0032467439305, -0.00362501316704, 0.00310549465939, -0.00247446633875], [0.000179325448698, -0.00059129082365, 0.00202578841709, 0.000224996969337, -0.000341067760019, -0.00187209947035, 0.000304142653476, -0.000317713071126, -0.000208863435546, -0.00117172359023, 0.00234448886476, -0.00216604745947, 0.000719573756214], [-0.000111029796244, 0.00166122755036, 0.000224996969337, 0.00365620711818, -0.000136154369102, -0.000530418357812, -0.00117358262651, 0.000742266711313, -0.00172924739309, 0.00179758796003, -0.00283490796573, 0.00155614677351, -0.00111215794459], [0.000125296399347, -0.00123154965695, -0.000341067760019, -0.000136154369102, 0.00442787352949, -0.000350005517248, -0.000688965315931, -0.00101379049011, 0.00215857801959, -0.00043907109648, -0.000252601894317, 0.000160996220075, 0.000234540231759], [-0.000359068479156, 0.00170464476105, -0.00187209947035, -0.000530418357812, -0.000350005517248, 0.00924973655492, -0.00211163191125, -0.000592937169131, -0.00141591590364, 0.00160038145259, -0.000607027730439, -0.0017581845168, 0.00201944541186], [-0.000189702914213, -0.00135250610765, 0.000304142653476, -0.00117358262651, -0.000688965315931, -0.00211163191125, 0.00928157381713, -0.0025220096577, -0.000852903351188, -0.000477762718219, -0.0014810039429, 0.00220062350854, -0.00203479966149], [-0.000422766170232, 0.00120934296865, -0.000317713071126, 0.000742266711313, -0.00101379049011, -0.000592937169131, -0.0025220096577, 0.0111973937601, -0.00336532783695, -0.000568367540836, -0.000746735662688, 0.000911314389668, 0.000739248585887], [0.000183890690096, -0.00330183072947, -0.000208863435546, -0.00172924739309, 0.00215857801959, -0.00141591590364, -0.000852903351188, -0.00336532783695, 0.0152750397101, -0.00513664307073, 0.00223697512411, 0.00032299713348, -0.00158427841961], [-0.000326548004523, 0.0032467439305, -0.00117172359023, 0.00179758796003, -0.00043907109648, 0.00160038145259, -0.000477762718219, -0.000568367540836, -0.00513664307073, 0.0175506956875, -0.00626175710931, 0.000712518929504, 7.64832439017e-05], [0.000777302368078, -0.00362501316704, 0.00234448886476, -0.00283490796573, -0.000252601894317, -0.000607027730439, -0.0014810039429, -0.000746735662688, 0.00223697512411, -0.00626175710931, 0.0212954524904, -0.00955032091588, 0.00606372067705], [-0.000159073970281, 0.00310549465939, -0.00216604745947, 0.00155614677351, 0.000160996220075, -0.0017581845168, 0.00220062350854, 0.000911314389668, 0.00032299713348, 0.000712518929504, -0.00955032091588, 0.0249186176807, -0.0084734428674], [-0.000302247179206, -0.00247446633875, 0.000719573756214, -0.00111215794459, 0.000234540231759, 0.00201944541186, -0.00203479966149, 0.000739248585887, -0.00158427841961, 7.64832439017e-05, 0.00606372067705, -0.0084734428674, 0.0174755305052]]
    },
    "melbands": {
        "dmean": [0.00339759280905, 0.00321415648796, 0.00112628098577, 0.000967843225226, 0.00047247170005, 0.000301971827867, 0.000326365727233, 0.000185775628779, 9.65108920354e-05, 0.000111206529255, 6.39197460259e-05, 4.1324608901e-05, 2.32609181694e-05, 1.32033292175e-05, 9.97191636998e-06, 6.72419855619e-06, 7.81694052421e-06, 7.54408029024e-06, 6.46576154395e-06, 8.22006222734e-06, 6.62132651996e-06, 5.65578829992e-06, 3.81356881007e-06, 3.95203551307e-06, 4.27540453529e-06, 2.6582818009e-06, 1.94203198589e-06, 2.41715156335e-06, 1.73359887867e-06, 1.78821289865e-06, 1.56290695941e-06, 1.35355867315e-06, 1.61614195804e-06, 1.33919832024e-06, 7.43690350191e-07, 6.86546684392e-07, 6.20103719484e-07, 4.00396061195e-07, 4.95525569022e-07, 8.3322095179e-07],
        "dmean2": [0.00581155577675, 0.00527777988464, 0.00189597834833, 0.00164289050736, 0.000793390441686, 0.000483289186377, 0.000564490735997, 0.000279706116999, 0.000133306297357, 0.000158277267474, 9.90692569758e-05, 6.22993829893e-05, 3.82853650081e-05, 2.15538675548e-05, 1.60628769663e-05, 1.13509831863e-05, 1.2841563148e-05, 1.24016596601e-05, 1.08670665213e-05, 1.32325358209e-05, 1.06745428639e-05, 9.10610833671e-06, 6.26322571406e-06, 6.37984021523e-06, 7.11539632903e-06, 4.41960401076e-06, 3.13843975164e-06, 4.00041471948e-06, 2.85024475488e-06, 3.05836965708e-06, 2.66871347776e-06, 2.17638535105e-06, 2.77790377368e-06, 2.31656713368e-06, 1.24450355088e-06, 1.18803586702e-06, 1.00991746876e-06, 6.42667941975e-07, 8.27497274258e-07, 1.42693113503e-06],
        "dvar": [4.36957743659e-05, 3.16477489832e-05, 4.22645643994e-06, 6.40163261778e-06, 1.38960967888e-06, 3.38451798143e-07, 2.64737792577e-07, 1.1876518613e-07, 2.65507864583e-08, 2.91032282718e-08, 1.19077760985e-08, 1.19413625654e-08, 3.11858783242e-09, 7.88957899012e-10, 4.65074451172e-10, 3.1986732707e-10, 4.84183637628e-10, 2.83287698855e-10, 3.54522605717e-10, 3.77354675285e-10, 3.40978467683e-10, 1.91339319389e-10, 8.25630189216e-11, 9.48816164525e-11, 1.04136185786e-10, 2.86276731487e-11, 1.687745603e-11, 2.40554989123e-11, 1.3025741076e-11, 1.57155469194e-11, 1.18929328191e-11, 8.76645631087e-12, 1.54458442564e-11, 1.51129248005e-11, 2.76643790341e-12, 2.82596103636e-12, 1.91243960772e-12, 7.98729626276e-13, 1.3798307115e-12, 4.58876556544e-12],
        "dvar2": [0.000121725752251, 7.93183571659e-05, 1.10607315946e-05, 1.6715746824e-05, 3.87452519135e-06, 9.42672386373e-07, 8.27339249554e-07, 2.57642994939e-07, 5.00088219724e-08, 6.27535854392e-08, 2.78688272459e-08, 2.65240718278e-08, 8.00749599961e-09, 2.00547045637e-09, 1.17074616668e-09, 8.95641949494e-10, 1.24441734695e-09, 7.09294789569e-10, 9.6596375343e-10, 9.09344766153e-10, 8.66305749359e-10, 4.68587946223e-10, 2.23306526048e-10, 2.35253011516e-10, 2.83115531019e-10, 7.77322928247e-11, 4.24130279508e-11, 6.15179573948e-11, 3.23181204021e-11, 4.33171172542e-11, 3.17383133663e-11, 2.10242170895e-11, 4.10639439119e-11, 4.1972043896e-11, 7.3170107126e-12, 7.73776182017e-12, 4.67077721986e-12, 1.96531571399e-12, 3.59911623074e-12, 1.22491877752e-11],
        "max": [0.0798366963863, 0.0749573111534, 0.025263234973, 0.0408555492759, 0.017530951649, 0.011241951026, 0.00947293359786, 0.00810168590397, 0.00456452928483, 0.00430140178651, 0.00195466866717, 0.00328928884119, 0.00142134749331, 0.000738850794733, 0.000489826023113, 0.000215374238905, 0.000442574819317, 0.000330144830514, 0.000335113698384, 0.000503033224959, 0.000491455779411, 0.000288660492515, 0.000246168579906, 0.000164833778399, 0.000257821026025, 8.1958300143e-05, 9.02906031115e-05, 0.000101407829789, 5.32797857886e-05, 5.1781291404e-05, 4.2800893425e-05, 3.5926415876e-05, 5.2856921684e-05, 5.32118683623e-05, 1.6322483134e-05, 2.31783615163e-05, 1.60135696206e-05, 1.18167772598e-05, 1.67780453921e-05, 2.76011960523e-05],
        "mean": [0.00700310990214, 0.00787897966802, 0.00195894925855, 0.0013776703272, 0.000834016595036, 0.000657055585179, 0.000659619399812, 0.000460066687083, 0.000302687927615, 0.000326300243614, 0.000159933581017, 8.57341510709e-05, 3.42322018696e-05, 2.21489972319e-05, 1.95744414668e-05, 1.02603498817e-05, 1.20926733871e-05, 1.16920937216e-05, 8.96347137314e-06, 1.36310118251e-05, 1.25831802507e-05, 1.06887846414e-05, 6.20265700491e-06, 6.80322136759e-06, 7.40054338166e-06, 4.98285862705e-06, 3.68558289665e-06, 3.9258943616e-06, 2.81302186522e-06, 2.45448472924e-06, 1.90542573364e-06, 1.64549089732e-06, 1.74971944489e-06, 1.33519301926e-06, 8.30526175832e-07, 6.87247847964e-07, 6.90775209478e-07, 4.52620213309e-07, 4.51748348951e-07, 6.60728005641e-07],
        "median": [0.00428913347423, 0.00450211158022, 0.00114761199802, 0.000814953236841, 0.000537920626812, 0.000459551694803, 0.000376712880097, 0.000180357863428, 0.00015415812959, 0.000201722054044, 6.75553019391e-05, 2.66369970632e-05, 1.0320720321e-05, 6.45939235255e-06, 5.96657127971e-06, 3.45751459463e-06, 2.41165184889e-06, 3.27707016368e-06, 2.65049584414e-06, 3.40414885613e-06, 2.39633664023e-06, 1.69577197084e-06, 1.28227463847e-06, 1.0389687759e-06, 1.42674934978e-06, 1.03802858575e-06, 4.83255973904e-07, 4.82334371554e-07, 3.21681966398e-07, 2.65647202013e-07, 2.01094223939e-07, 1.43501694083e-07, 1.2533877225e-07, 1.00278782611e-07, 1.04350277752e-07, 9.02110457446e-08, 9.28017769297e-08, 5.51618164479e-08, 3.49802746769e-08, 3.48917588155e-08],
        "min": [3.15108851704e-24, 1.44575612923e-24, 3.87653309131e-24, 1.57189149726e-23, 3.52475555898e-24, 9.55158306068e-25, 2.12458503906e-24, 6.07586625101e-24, 2.81579659991e-24, 2.06326628925e-24, 2.82395835205e-24, 2.59444834358e-24, 6.6075218191e-24, 7.91200193349e-24, 5.10699004823e-24, 8.29930423896e-24, 5.27300227586e-24, 9.42391775608e-24, 9.2046877885e-24, 4.94451073417e-24, 5.19533339772e-24, 1.10706144086e-23, 4.58374965385e-24, 9.09394749462e-24, 6.34431088389e-24, 1.15877813629e-23, 7.93608822351e-24, 7.77894870891e-24, 9.34633091947e-24, 7.74764513047e-24, 7.35089463794e-24, 6.80738998463e-24, 9.28021885359e-24, 5.93558153851e-24, 8.32788940273e-24, 1.07868193314e-23, 1.03421912928e-23, 7.39710689863e-24, 8.46669421217e-24, 8.75070228185e-24],
        "var": [7.32941480237e-05, 7.73677238612e-05, 5.58824831387e-06, 5.66527796764e-06, 1.25131714412e-06, 4.99412692534e-07, 7.14106249688e-07, 5.2801755146e-07, 1.73282984406e-07, 1.40909875768e-07, 4.87551936601e-08, 4.21829895458e-08, 4.71782346523e-09, 1.58292901009e-09, 1.29448407549e-09, 3.78426456837e-10, 7.6612227673e-10, 4.52529430595e-10, 3.5791450359e-10, 7.95822796551e-10, 8.94328888723e-10, 4.60900123622e-10, 1.55105400745e-10, 1.88765142406e-10, 1.92871538185e-10, 6.34033311964e-11, 4.19052154088e-11, 4.94031621168e-11, 2.59005351888e-11, 2.39475089064e-11, 1.60131699567e-11, 1.2754031338e-11, 1.6670605868e-11, 1.20213968988e-11, 2.93052366228e-12, 2.37634282911e-12, 2.16721909516e-12, 9.42318163603e-13, 1.18756642974e-12, 3.30342957849e-12]
    },
    "mfcc": {
        "mean": [-700.64263916, 181.404586792, 28.3146572113, 32.1201210022, 6.59986019135, -4.84465742111, -3.22360658646, 5.48116159439, 6.40808677673, 7.03764772415, 1.47037065029, 0.326555281878, 0.475430697203],
        "cov": [[13627.2392578, -2984.37866211, -595.309631348, 599.30291748, -575.280212402, 314.819061279, 480.672180176, 402.336181641, 366.96206665, 305.484619141, 46.4724197388, 51.4370155334, 107.858100891], [-2984.37866211, 3772.20800781, 13.5562448502, -161.035140991, 279.530975342, -294.413208008, -114.799957275, 51.7576675415, 95.9527587891, 88.0721817017, -11.415640831, -6.83666992188, 42.1383018494], [-595.309631348, 13.5562448502, 670.281677246, -106.3331604, 78.6737365723, 108.31174469, -51.7687530518, 9.01391792297, 37.6401062012, -20.1413650513, 60.1412887573, -13.2661561966, 12.8776197433], [599.30291748, -161.035140991, -106.3331604, 300.56350708, -3.21973347664, 30.3361434937, 80.5032348633, 46.5299186707, 22.6249446869, 40.1678466797, 11.4550580978, 21.7176399231, 8.10982131958], [-575.280212402, 279.530975342, 78.6737365723, -3.21973347664, 206.217971802, 21.9905910492, 7.28335189819, 10.4244432449, 4.90719461441, -4.74002552032, 9.1702413559, 4.95795536041, 7.00757741928], [314.819061279, -294.413208008, 108.31174469, 30.3361434937, 21.9905910492, 155.801605225, 46.1204833984, 25.5750846863, 19.9060115814, -10.8750162125, 19.6160926819, 11.5130786896, 13.2198085785], [480.672180176, -114.799957275, -51.7687530518, 80.5032348633, 7.28335189819, 46.1204833984, 149.564285278, 68.2002944946, 21.8068237305, 38.8744087219, 14.9072313309, 18.5440483093, 11.6067638397], [402.336181641, 51.7576675415, 9.01391792297, 46.5299186707, 10.4244432449, 25.5750846863, 68.2002944946, 113.244171143, 59.4752540588, 41.3292427063, 22.4161949158, 5.16886615753, 21.0084171295], [366.96206665, 95.9527587891, 37.6401062012, 22.6249446869, 4.90719461441, 19.9060115814, 21.8068237305, 59.4752540588, 115.388328552, 49.3935127258, 1.20732879639, 12.5010166168, 19.4912872314], [305.484619141, 88.0721817017, -20.1413650513, 40.1678466797, -4.74002552032, -10.8750162125, 38.8744087219, 41.3292427063, 49.3935127258, 103.712303162, 36.2014503479, 0.122128732502, 10.5485496521], [46.4724197388, -11.415640831, 60.1412887573, 11.4550580978, 9.1702413559, 19.6160926819, 14.9072313309, 22.4161949158, 1.20732879639, 36.2014503479, 87.5596237183, 22.1158905029, 6.18926429749], [51.4370155334, -6.83666992188, -13.2661561966, 21.7176399231, 4.95795536041, 11.5130786896, 18.5440483093, 5.16886615753, 12.5010166168, 0.122128732502, 22.1158905029, 86.7938919067, 17.3008708954], [107.858100891, 42.1383018494, 12.8776197433, 8.10982131958, 7.00757741928, 13.2198085785, 11.6067638397, 21.0084171295, 19.4912872314, 10.5485496521, 6.18926429749, 17.3008708954, 61.0536766052]],
