{
"lowlevel": {
    "average_loudness": 0.495363354683,
    "barkbands_crest": {
        "dmean": 1.77564501762,
        "dmean2": 2.75956058502,
        "dvar": 4.09518623352,
        "dvar2": 10.1378145218,
        "max": 25.96052742,
        "mean": 11.8124847412,
        "median": 10.9045314789,
        "min": 2.37301111221,
        "var": 24.3144550323
    },
    "barkbands_flatness_db": {
        "dmean": 0.0157899074256,
        "dmean2": 0.0247437655926,
        "dvar": 0.00040063666529,
        "dvar2": 0.00107188988477,
        "max": 0.475398570299,
        "mean": 0.191743642092,
        "median": 0.164025828242,
        "min": 0.0341485254467,
        "var": 0.00892400182784
    },
    "barkbands_kurtosis": {
        "dmean": 3.00857162476,
        "dmean2": 4.71687364578,
        "dvar": 65.484664917,
        "dvar2": 133.289855957,
        "max": 693.78918457,
        "mean": 6.43740367889,
        "median": 3.07868099213,
        "min": -1.77492713928,
        "var": 221.678527832
    },
    "barkbands_skewness": {
        "dmean": 0.44168010354,
        "dmean2": 0.687138140202,
        "dvar": 0.357017427683,
        "dvar2": 0.894513189793,
        "max": 20.22772789,
        "mean": 1.99060678482,
        "median": 1.78828835487,
        "min": -2.55755615234,
        "var": 1.79589211941
    },
    "barkbands_spread": {
        "dmean": 4.04488563538,
        "dmean2": 6.51464366913,
        "dvar": 43.5379829407,
        "dvar2": 119.63508606,
        "max": 92.5718383789,
        "mean": 19.666475296,
        "median": 16.104681015,
        "min": 0.207537934184,
        "var": 223.303741455
    },
    "dissonance": {
        "dmean": 0.0145475324243,
        "dmean2": 0.0243229623884,
        "dvar": 0.000392560032196,
        "dvar2": 0.00104045320768,
        "max": 0.500000178814,
        "mean": 0.454361736774,
        "median": 0.472771197557,
        "min": 0.189757823944,
        "var": 0.00246706046164
    },
    "dynamic_complexity": 5.75785493851,
    "erbbands_crest": {
        "dmean": 1.81999707222,
        "dmean2": 2.90908718109,
        "dvar": 3.49075889587,
        "dvar2": 9.04984760284,
        "max": 31.203294754,
        "mean": 9.05696105957,
        "median": 7.48284196854,
        "min": 2.33022618294,
        "var": 25.4562320709
    },
    "erbbands_flatness_db": {
        "dmean": 0.0109862973914,
        "dmean2": 0.0166215747595,
        "dvar": 0.000183923155419,
        "dvar2": 0.000384331389796,
        "max": 0.501715898514,
        "mean": 0.193927899003,
        "median": 0.158955097198,
        "min": 0.0476986542344,
        "var": 0.0095167728141
    },
    "erbbands_kurtosis": {
        "dmean": 0.710245728493,
        "dmean2": 1.05942773819,
        "dvar": 3.24947237968,
        "dvar2": 5.85264635086,
        "max": 127.829681396,
        "mean": 0.410391420126,
        "median": -0.601629734039,
        "min": -1.76648378372,
        "var": 15.8499183655
    },
    "erbbands_skewness": {
        "dmean": 0.274572134018,
        "dmean2": 0.421957314014,
        "dvar": 0.0783141031861,
        "dvar2": 0.175115033984,
        "max": 9.21254348755,
        "mean": 0.260418176651,
        "median": 0.146727353334,
        "min": -3.49117851257,
        "var": 0.721872508526
    },
    "erbbands_spread": {
        "dmean": 6.08498954773,
        "dmean2": 9.79501533508,
        "dvar": 53.6853599548,
        "dvar2": 141.190856934,
        "max": 124.199691772,
        "mean": 42.7886581421,
        "median": 43.9695358276,
        "min": 0.91660708189,
        "var": 438.367584229
    },
    "hfc": {
        "dmean": 3.651086092,
        "dmean2": 6.00756692886,
        "dvar": 68.7400054932,
        "dvar2": 188.374023438,
        "max": 148.063201904,
        "mean": 15.5574617386,
        "median": 8.92109203339,
        "min": 1.29781382327e-16,
        "var": 319.064239502
    },
    "melbands_crest": {
        "dmean": 2.18976020813,
        "dmean2": 3.39681839943,
        "dvar": 6.02127218246,
        "dvar2": 14.9143667221,
        "max": 34.145565033,
        "mean": 15.9893817902,
        "median": 15.1631994247,
        "min": 1.71453881264,
        "var": 32.4584579468
    },
    "melbands_flatness_db": {
        "dmean": 0.0179827976972,
        "dmean2": 0.0277070589364,
        "dvar": 0.000573571887799,
        "dvar2": 0.00151574646588,
        "max": 0.565214574337,
        "mean": 0.24721595645,
        "median": 0.224743366241,
        "min": 0.00722644012421,
        "var": 0.0101239969954
    },
    "melbands_kurtosis": {
        "dmean": 6.64266586304,
        "dmean2": 10.7981081009,
        "dvar": 212.234344482,
        "dvar2": 576.096252441,
        "max": 255.311004639,
        "mean": 17.3459587097,
        "median": 11.9564256668,
        "min": -1.87183105946,
        "var": 377.960235596
    },
    "melbands_skewness": {
        "dmean": 0.580649018288,
        "dmean2": 0.914179623127,
        "dvar": 0.697144448757,
        "dvar2": 1.81567764282,
        "max": 13.7412500381,
        "mean": 3.20665001869,
        "median": 3.08518981934,
        "min": -2.54845070839,
        "var": 2.92801737785
    },
    "melbands_spread": {
        "dmean": 4.20760536194,
        "dmean2": 6.70040798187,
        "dvar": 36.9034080505,
        "dvar2": 96.424949646,
        "max": 123.896911621,
        "mean": 17.420665741,
        "median": 13.5460176468,
        "min": 0.385101824999,
        "var": 188.070007324
    },
    "pitch_salience": {
        "dmean": 0.0556122139096,
        "dmean2": 0.089034087956,
        "dvar": 0.00379428802989,
        "dvar2": 0.0102079594508,
        "max": 0.810779988766,
        "mean": 0.494991451502,
        "median": 0.507721602917,
        "min": 0.062915481627,
        "var": 0.0153292780742
    },
    "silence_rate_20dB": {
        "dmean": 0,
        "dmean2": 0,
        "dvar": 0,
        "dvar2": 0,
        "max": 1,
        "mean": 1,
        "median": 1,
        "min": 1,
        "var": 0
    },
    "silence_rate_30dB": {
        "dmean": 0.0041707213968,
        "dmean2": 0.00834202300757,
        "dvar": 0.00415352592245,
        "dvar2": 0.0111924912781,
        "max": 1,
        "mean": 0.997219741344,
        "median": 1,
        "min": 0,
        "var": 0.00277250632644
    },
    "silence_rate_60dB": {
        "dmean": 0.00305852922611,
        "dmean2": 0.00611748360097,
        "dvar": 0.0030481570866,
        "dvar2": 0.00733202695847,
        "max": 1,
        "mean": 0.217974558473,
        "median": 0,
        "min": 0,
        "var": 0.170481592417
    },
    "spectral_centroid": {
        "dmean": 179.611999512,
        "dmean2": 292.902496338,
        "dvar": 67469.1796875,
        "dvar2": 174363.3125,
        "max": 10974.9482422,
        "mean": 1131.36364746,
        "median": 925.126159668,
        "min": 184.084655762,
        "var": 415736.78125
    },
    "spectral_complexity": {
        "dmean": 2.20214104652,
        "dmean2": 3.70886349678,
        "dvar": 8.85439872742,
        "dvar2": 22.3833999634,
        "max": 54,
        "mean": 15.9001178741,
        "median": 15,
        "min": 0,
        "var": 121.815071106
    },
    "spectral_decrease": {
        "dmean": 1.5687366961e-09,
        "dmean2": 2.58048493684e-09,
        "dvar": 1.70595264535e-17,
        "dvar2": 4.6281784285e-17,
        "max": 1.10681003159e-28,
        "mean": -5.70682034962e-09,
        "median": -4.48964065924e-09,
        "min": -5.10089250838e-08,
        "var": 3.29828707048e-17
    },
    "spectral_energy": {
        "dmean": 0.00610341597348,
        "dmean2": 0.0100288102403,
        "dvar": 0.000251534191193,
        "dvar2": 0.000679071352351,
        "max": 0.194837227464,
        "mean": 0.0229499824345,
        "median": 0.0180288981646,
        "min": 1.13538116177e-20,
        "var": 0.000518779677805
    },
    "spectral_energyband_high": {
        "dmean": 0.000345116888639,
        "dmean2": 0.000579093641136,
        "dvar": 8.66708035119e-07,
        "dvar2": 2.47155094257e-06,
        "max": 0.0147061450407,
        "mean": 0.000912668125238,
        "median": 0.000184882926987,
        "min": 8.48398199162e-21,
        "var": 2.53027451436e-06
    },
    "spectral_energyband_low": {
        "dmean": 0.00410346360877,
        "dmean2": 0.00691391294822,
        "dvar": 0.000206710785278,
        "dvar2": 0.000581052328926,
        "max": 0.189624726772,
        "mean": 0.0103033799678,
        "median": 0.00551025429741,
        "min": 4.45389668019e-23,
        "var": 0.000243203234277
    },
    "spectral_energyband_middle_high": {
        "dmean": 0.000774939602707,
        "dmean2": 0.00126321939752,
        "dvar": 1.54497342919e-06,
        "dvar2": 4.21255799665e-06,
        "max": 0.0218266919255,
        "mean": 0.00293042464182,
        "median": 0.00192863959819,
        "min": 1.50740873207e-21,
        "var": 8.95254015632e-06
    },
    "spectral_energyband_middle_low": {
        "dmean": 0.00296326796524,
        "dmean2": 0.00449936278164,
        "dvar": 5.04424242536e-05,
        "dvar2": 0.000122429744806,
        "max": 0.122089877725,
        "mean": 0.0115400683135,
        "median": 0.00809466466308,
        "min": 2.57377823149e-22,
        "var": 0.000168618527823
    },
    "spectral_entropy": {
        "dmean": 0.127448290586,
        "dmean2": 0.199458479881,
        "dvar": 0.0309988427907,
        "dvar2": 0.0752665773034,
        "max": 9.79413700104,
        "mean": 7.11788415909,
        "median": 7.3144774437,
        "min": 4.18401479721,
        "var": 0.612859129906
    },
    "spectral_flux": {
        "dmean": 0.0154189066961,
        "dmean2": 0.0248384214938,
        "dvar": 0.00111600500531,
        "dvar2": 0.00220815837383,
        "max": 0.366071045399,
        "mean": 0.0500972121954,
        "median": 0.0384188741446,
        "min": 1.06554265411e-10,
        "var": 0.00242048758082
    },
    "spectral_kurtosis": {
        "dmean": 4.12695360184,
        "dmean2": 7.31739425659,
        "dvar": 60.0900192261,
        "dvar2": 187.248016357,
        "max": 104.230682373,
        "mean": 10.3503541946,
        "median": 3.47762346268,
        "min": -1.19003593922,
        "var": 249.928253174
    },
    "spectral_rms": {
        "dmean": 0.00048710545525,
        "dmean2": 0.000765001459513,
        "dvar": 1.00953820947e-06,
        "dvar2": 2.57556848737e-06,
        "max": 0.0137871354818,
        "mean": 0.00406372919679,
        "median": 0.00419394439086,
        "min": 3.32819600872e-12,
        "var": 5.87624936088e-06
    },
    "spectral_rolloff": {
        "dmean": 374.034301758,
        "dmean2": 645.678710938,
        "dvar": 622252.125,
        "dvar2": 1605357.25,
        "max": 19013.8183594,
        "mean": 1199.2923584,
        "median": 753.662109375,
        "min": 86.1328125,
        "var": 1409182.875
    },
    "spectral_skewness": {
        "dmean": 0.352365523577,
        "dmean2": 0.621597111225,
        "dvar": 0.271223127842,
        "dvar2": 0.866721570492,
        "max": 8.17992115021,
        "mean": 1.90741848946,
        "median": 1.51087093353,
        "min": -0.0317080020905,
        "var": 1.57651388645
    },
    "spectral_spread": {
        "dmean": 348216.46875,
        "dmean2": 556019.0625,
        "dvar": 386640674816,
        "dvar2": 722953961472,
        "max": 40691700,
        "mean": 3984893.75,
        "median": 4095230.25,
        "min": 670469.75,
        "var": 3.20112767795e+12
    },
    "spectral_strongpeak": {
        "dmean": 0.180047303438,
        "dmean2": 0.298310041428,
        "dvar": 0.244550794363,
        "dvar2": 0.665514230728,
        "max": 11.0680437088,
        "mean": 0.609668910503,
        "median": 0.493288934231,
        "min": 0,
        "var": 0.31219342351
    },
    "zerocrossingrate": {
        "dmean": 0.00639819493517,
        "dmean2": 0.00786114111543,
        "dvar": 7.86939490354e-05,
        "dvar2": 0.000102344027255,
        "max": 0.509765625,
        "mean": 0.0503165237606,
        "median": 0.04052734375,
        "min": 0.00537109375,
        "var": 0.00101458712015
    },
    "barkbands": {
        "dmean": [2.33780374401e-05, 0.00194794987328, 0.00199453230016, 0.00117913959548, 0.00184080656618, 0.000600242463406, 0.000319663289702, 0.000140301926876, 0.000182680319995, 0.000116582436021, 0.000131005115691, 0.000125552032841, 0.000199965739739, 0.000155111134518, 0.000225333526032, 0.000126988714328, 8.50595024531e-05, 0.000189000580576, 0.000100733042927, 0.000177554509719, 0.000122281562653, 0.000100046570878, 6.51196532999e-05, 5.82831635256e-05, 2.86339327431e-05, 1.65601559274e-05, 2.83749295704e-06],
        "dmean2": [2.7320742447e-05, 0.00343364896253, 0.00341723975725, 0.00174910516944, 0.00284326821566, 0.000974619528279, 0.000480210059322, 0.000201111310162, 0.000240828914684, 0.000181070485269, 0.000197973102331, 0.000199094065465, 0.000325322849676, 0.000256367668044, 0.000367697328329, 0.000216435000766, 0.000146935533849, 0.000328466412611, 0.000175386594492, 0.000314657343552, 0.000211033257074, 0.000174371307367, 0.000108507825644, 9.34061172302e-05, 4.5927856263e-05, 2.89514700853e-05, 5.04710260429e-06],
        "dvar": [6.767520766e-09, 6.87222345732e-05, 4.84841330035e-05, 5.46413684788e-06, 3.6733050365e-05, 1.08211042971e-06, 5.41444251212e-07, 1.28141522282e-07, 1.07753216128e-07, 8.30377047123e-08, 5.23014449527e-08, 7.40157446444e-08, 1.63838123513e-07, 9.25412422248e-08, 2.17899099653e-07, 5.99370437726e-08, 3.71436144064e-08, 2.4034522994e-07, 4.50483490511e-08, 2.41339279228e-07, 8.01219997015e-08, 8.71895053933e-08, 3.42838859524e-08, 3.00820914845e-08, 1.19543503985e-08, 6.89848755897e-09, 1.56850504807e-10],
        "dvar2": [9.29740462396e-09, 0.000189717524336, 0.000141274795169, 1.40533284139e-05, 8.95210687304e-05, 3.00493275063e-06, 1.2939891576e-06, 2.87325747195e-07, 1.88324008832e-07, 2.08577745298e-07, 1.16244862625e-07, 1.72416733335e-07, 4.28108023698e-07, 2.54791729049e-07, 5.65871062008e-07, 1.600058539e-07, 1.0628589564e-07, 6.98969643054e-07, 1.32063405545e-07, 7.46623584291e-07, 2.27429069355e-07, 2.55612462752e-07, 9.62429638207e-08, 8.15043321722e-08, 3.03049141337e-08, 1.88359692288e-08, 4.35538605181e-10],
        "max": [0.00108164316043, 0.126757368445, 0.100676856935, 0.0839777737856, 0.101982466877, 0.0376236960292, 0.0213182866573, 0.0140586402267, 0.00858106464148, 0.00809407792985, 0.00534698786214, 0.0103420987725, 0.00909418426454, 0.00885291490704, 0.0111097330227, 0.00529856793582, 0.0043089366518, 0.0105670243502, 0.0061831176281, 0.0105963721871, 0.00495935324579, 0.00604460714385, 0.00376334553584, 0.00653049722314, 0.0020996062085, 0.00165889156051, 0.000237187094172],
        "mean": [3.08011512971e-05, 0.00290599442087, 0.00468093343079, 0.00428443262354, 0.00394965847954, 0.00151499791536, 0.000805936462712, 0.000367478176486, 0.000495805521496, 0.000299227918731, 0.000257567386143, 0.00022460334003, 0.000369984976714, 0.000290893833153, 0.000428392319009, 0.000221585403779, 0.000147444254253, 0.000322664243868, 0.000197965870029, 0.000340082799084, 0.000252866186202, 0.000198079200345, 0.00014412830933, 0.000147781349369, 5.12859260198e-05, 1.68314309121e-05, 2.57089368461e-06],
        "median": [4.69398656833e-07, 0.000834509730339, 0.00162290758453, 0.00133065471891, 0.00183891959023, 0.000951579888351, 0.000342352839652, 0.000132646193379, 0.00024727921118, 0.000112525267468, 0.000120299468108, 7.34540080884e-05, 0.000152909167809, 0.000130878775963, 0.000163439384778, 9.37744334806e-05, 6.24354288448e-05, 9.67766318354e-05, 7.62287745601e-05, 7.56516237743e-05, 4.47567617812e-05, 2.6179546694e-05, 2.54505612247e-05, 2.03734743991e-05, 5.71937425775e-06, 3.3166600133e-07, 3.42088113392e-09],
        "min": [1.00168153573e-23, 7.99796568406e-24, 2.91941604361e-24, 4.52995801758e-23, 6.69792385889e-23, 2.67925499297e-23, 2.37234581789e-23, 1.25930489025e-23, 6.6878485274e-23, 1.02665892302e-22, 5.36001955016e-23, 8.23312101783e-23, 9.29890113086e-23, 1.43104846057e-22, 1.33021424018e-22, 1.80931976018e-22, 1.70802168958e-22, 1.82728622507e-22, 2.05229131713e-22, 3.72882054341e-22, 5.37577026254e-22, 5.61609339255e-22, 8.22402967988e-22, 7.08300763506e-22, 1.22523008132e-21, 1.86023690722e-21, 2.90944261087e-21],
        "var": [1.45069058988e-08, 5.600860095e-05, 7.16054564691e-05, 7.11888787919e-05, 5.20671419508e-05, 3.78150275537e-06, 1.60156105267e-06, 5.30240242824e-07, 5.17457976912e-07, 2.8974315569e-07, 1.36813866902e-07, 2.1998451416e-07, 3.65648190837e-07, 2.54732668736e-07, 6.25223378847e-07, 1.31234315859e-07, 7.12207253173e-08, 4.71697262583e-07, 1.01250854811e-07, 5.02313810102e-07, 1.97174955474e-07, 1.62967566553e-07, 8.73632544085e-08, 1.30435509504e-07, 1.69978697784e-08, 5.19774001617e-09, 1.16264518846e-10]
    },
    "erbbands": {
        "dmean": [0.0329367592931, 0.535015165806, 2.05058884621, 3.36138081551, 5.64110946655, 6.15409612656, 4.20299243927, 6.01351451874, 3.52465367317, 4.97209024429, 3.28518295288, 3.47398996353, 3.93955826759, 5.39968013763, 3.8003847599, 4.23182439804, 8.31437778473, 8.34442234039, 7.45980978012, 8.92960071564, 7.86452770233, 5.0178194046, 9.98744106293, 5.64108419418, 8.00331115723, 6.66642284393, 5.38890075684, 4.23226976395, 3.92293024063, 2.70731115341, 1.75073421001, 1.47063374519, 0.87106013298, 0.313923507929, 0.215473935008, 0.104793965816, 0.0235495958477, 0.00406732503325, 0.000504032010213, 2.31541416724e-05],
        "dmean2": [0.0540749840438, 0.962417066097, 3.6315009594, 5.10621786118, 8.73537635803, 9.64538669586, 5.88211202621, 10.0642728806, 5.55054330826, 7.4636888504, 4.6056265831, 4.66739988327, 5.33380889893, 8.45949840546, 5.87409496307, 6.79640340805, 13.5740385056, 13.8616714478, 12.1960382462, 14.5453805923, 13.4666023254, 8.61695671082, 17.3747558594, 9.77286529541, 14.0152406693, 11.8156404495, 9.40653419495, 7.2713932991, 6.90890645981, 4.60001325607, 2.87709212303, 2.38716554642, 1.38353216648, 0.496018379927, 0.356633931398, 0.183646827936, 0.0404783077538, 0.00717717548832, 0.000891169009265, 3.94594462705e-05],
        "dvar": [0.0152215110138, 5.48818397522, 62.4142227173, 54.1831855774, 316.673248291, 372.288238525, 68.2452392578, 127.530136108, 43.0406417847, 144.077529907, 59.1173973083, 47.8091850281, 54.244468689, 125.475013733, 47.4059295654, 88.4983062744, 311.623474121, 307.688415527, 165.244766235, 352.497802734, 234.162506104, 159.05078125, 639.357055664, 140.472366333, 409.648040771, 482.690612793, 153.650039673, 126.225860596, 133.776916504, 66.5088882446, 24.3540554047, 29.9518375397, 5.57520723343, 0.868239283562, 0.956085979939, 0.316996783018, 0.0112723205239, 0.000327820045641, 5.0957669373e-06, 8.00834243364e-09],
        "dvar2": [0.0380718708038, 15.3867864609, 182.583068848, 149.09463501, 779.066101074, 953.700805664, 159.556900024, 369.522033691, 107.736473083, 352.694854736, 134.888412476, 84.0018310547, 97.5165176392, 319.321472168, 107.249313354, 221.193984985, 804.76385498, 898.336669922, 423.040802002, 925.475708008, 630.736450195, 453.141265869, 1862.57055664, 405.337188721, 1257.7355957, 1493.49230957, 442.521240234, 353.653656006, 395.978637695, 188.524032593, 66.7293548584, 85.5545959473, 13.2703838348, 2.09939455986, 2.49365901947, 0.872216582298, 0.0300492011011, 0.000893956166692, 1.41425507536e-05, 2.20586180433e-08],
        "max": [1.89655888081, 34.229385376, 104.525886536, 183.472183228, 311.316131592, 405.139007568, 362.885986328, 338.943145752, 143.156295776, 447.823577881, 279.281951904, 227.400619507, 222.403488159, 255.849502563, 228.883026123, 214.25958252, 393.869232178, 373.06817627, 346.118804932, 458.417907715, 360.929290771, 297.918701172, 486.705383301, 293.487731934, 481.874542236, 631.985717773, 258.447265625, 193.811264038, 200.529556274, 206.468856812, 132.768432617, 256.745574951, 68.6756439209, 15.3616933823, 20.706237793, 10.9973239899, 2.09401750565, 0.281309813261, 0.0457220748067, 0.00188350863755],
        "mean": [0.0575817525387, 0.791119813919, 4.13716125488, 12.2510042191, 12.2804670334, 12.7932910919, 13.3385229111, 13.6755228043, 10.2950363159, 11.4979810715, 8.91101932526, 9.64871406555, 12.3835983276, 10.969824791, 8.4287776947, 7.96147680283, 15.7632446289, 16.8190689087, 16.3281345367, 18.0269927979, 14.3604679108, 9.92181968689, 17.0930614471, 11.2175617218, 16.1340465546, 13.5354585648, 10.9857368469, 8.38797664642, 7.41746711731, 5.36231231689, 4.0374045372, 3.66912913322, 2.09841918945, 0.709159433842, 0.305920124054, 0.110308751464, 0.0246794465929, 0.00367557513528, 0.000475829816423, 4.40363837697e-05],
        "median": [0.0137249389663, 0.294417500496, 1.6790009737, 5.05217599869, 4.77635335922, 5.8038020134, 6.48657894135, 7.87120342255, 5.91401863098, 5.3103055954, 3.97056102753, 4.92844963074, 5.85819625854, 5.47307157516, 4.34146738052, 3.12093901634, 6.79862689972, 7.93032693863, 8.37372589111, 7.15484428406, 6.54817581177, 4.54939746857, 5.42147111893, 4.77092456818, 4.45921039581, 3.04989719391, 2.18304133415, 1.344394207, 0.914587080479, 1.0510597229, 0.597614228725, 0.582988679409, 0.259111136198, 0.100340798497, 0.025059863925, 0.00363367144018, 0.000302227010252, 2.36787145695e-05, 1.37975985126e-05, 2.28536191571e-05],
        "min": [6.04195812207e-22, 5.52629148658e-22, 4.34997360866e-21, 8.67244976275e-20, 9.29282358994e-20, 2.38143411348e-19, 4.26004400265e-19, 2.42416910736e-19, 3.92427614087e-19, 1.99329305273e-19, 5.50452818695e-19, 1.65245054129e-18, 1.84274747371e-18, 3.41662299124e-18, 3.25665928887e-18, 3.20318268265e-18, 3.85955566859e-18, 5.75596607095e-18, 7.29887546186e-18, 7.02194945485e-18, 1.38776794472e-17, 8.17897412693e-18, 9.23381386921e-18, 8.12603456772e-18, 1.46109312196e-17, 1.75817818225e-17, 2.58643264067e-17, 1.88607949554e-17, 1.91288196718e-17, 1.68869203294e-17, 2.46475387626e-17, 1.47051322021e-17, 1.2836991938e-17, 1.34619773488e-17, 8.31689822226e-18, 6.20015585604e-18, 3.14415404016e-18, 1.6332846631e-18, 3.88150883525e-19, 4.41920208281e-20],
        "var": [0.0194720029831, 4.03250789642, 61.1812286377, 383.451934814, 513.437316895, 563.575256348, 437.091186523, 396.913421631, 187.636306763, 341.178283691, 226.415771484, 227.804916382, 342.766052246, 278.904693604, 156.901443481, 198.694213867, 676.353149414, 659.552856445, 573.928588867, 1036.40063477, 528.351928711, 317.045349121, 1230.07324219, 326.917694092, 954.601501465, 924.808044434, 374.751922607, 252.198181152, 231.706481934, 128.981430054, 72.9469146729, 109.732292175, 24.0815906525, 2.11951327324, 1.00482237339, 0.234792649746, 0.0095099946484, 0.000243093716563, 3.74613046006e-06, 6.88227741463e-09]
    },
    "gfcc": {
        "mean": [-86.8019561768, 119.381652832, -132.421234131, 32.5458602905, -60.9123687744, -2.30470776558, -43.7756118774, -7.73222970963, -22.1463947296, -7.59894514084, -12.7058172226, -13.0388717651, -5.10620880127],
        "cov": [[34986.1445312, -4428.31054688, 2986.36108398, 6293.86083984, -147.040588379, 5010.54199219, 203.331756592, 2084.18994141, -497.027191162, 697.585998535, 67.0758895874, 197.921340942, -517.211303711], [-4428.31054688, 2041.18652344, -864.092468262, -1047.44335938, 234.241851807, -770.037719727, 136.32749939, -431.795806885, 107.888114929, -273.971710205, 15.0163707733, -221.581970215, 204.699691772], [2986.36108398, -864.092468262, 1070.13793945, 819.912902832, 119.839195251, 771.979492188, 1.00901770592, 352.776367188, -102.328407288, 166.251205444, 1.41352081299, 65.7666625977, -130.334640503], [6293.86083984, -1047.44335938, 819.912902832, 1739.22814941, 34.9777984619, 1080.41296387, -19.4066734314, 472.656921387, -62.5316543579, 203.319244385, 103.393997192, 48.7742996216, -87.3280715942], [-147.040588379, 234.241851807, 119.839195251, 34.9777984619, 242.296173096, 77.418838501, 61.2346687317, 8.26041221619, -15.8971281052, -15.4143619537, -10.9675922394, -44.1324539185, 1.51759791374], [5010.54199219, -770.037719727, 771.979492188, 1080.41296387, 77.418838501, 1109.97619629, 108.951461792, 426.359588623, -105.479057312, 110.817314148, 6.4099407196, 16.7841300964, -107.836227417], [203.331756592, 136.32749939, 1.00901770592, -19.4066734314, 61.2346687317, 108.951461792, 194.691864014, 32.0087547302, -13.363038063, -36.7290382385, -33.2268676758, -26.4590549469, -8.11411094666], [2084.18994141, -431.795806885, 352.776367188, 472.656921387, 8.26041221619, 426.359588623, 32.0087547302, 292.924682617, -14.5832185745, 78.1105957031, 21.5282497406, 21.5003738403, -38.4145812988], [-497.027191162, 107.888114929, -102.328407288, -62.5316543579, -15.8971281052, -105.479057312, -13.363038063, -14.5832185745, 112.093009949, 27.1841621399, 23.6116867065, -7.96403598785, 18.6269512177], [697.585998535, -273.971710205, 166.251205444, 203.319244385, -15.4143619537, 110.817314148, -36.7290382385, 78.1105957031, 27.1841621399, 132.754898071, 42.1132659912, 38.9652709961, -24.591501236], [67.0758895874, 15.0163707733, 1.41352081299, 103.393997192, -10.9675922394, 6.4099407196, -33.2268676758, 21.5282497406, 23.6116867065, 42.1132659912, 100.61403656, 32.5756645203, 23.3487243652], [197.921340942, -221.581970215, 65.7666625977, 48.7742996216, -44.1324539185, 16.7841300964, -26.4590549469, 21.5003738403, -7.96403598785, 38.9652709961, 32.5756645203, 100.645599365, 8.64535903931], [-517.211303711, 204.699691772, -130.334640503, -87.3280715942, 1.51759791374, -107.836227417, -8.11411094666, -38.4145812988, 18.6269512177, -24.591501236, 23.3487243652, 8.64535903931, 98.6277770996]],
        "icov": [[0.000148395236465, -0.000157766902703, 0.000268515723292, -0.000383346428862, 0.0002207790385, -0.000419199524913, 0.00013700677664, -0.000262664252659, 0.000340603728546, -0.000368035573047, 0.000607286929153, -0.000423366436735, 0.00030553212855], [-0.000157766902703, 0.00320870033465, -2.35835632338e-05, 0.00132383522578, -0.00228680996224, 0.000274743739283, -0.00155039876699, 0.00221537891775, -0.00174455274828, 0.00280281249434, -0.00466456031427, 0.00541630433872, -0.00361720961519], [0.000268515723292, -2.35835632338e-05, 0.00362707581371, -0.000654944276903, -0.00149709766265, -0.0019137468189, 0.00127814675216, -0.00161067931913, 0.00177869526669, -0.00230381428264, 0.00194415322039, -0.00204862793908, 0.00188765733037], [-0.000383346428862, 0.00132383522578, -0.000654944276903, 0.00319349393249, -0.00113131478429, -0.000701182696503, 0.000134550966322, 0.000839859596454, -0.00131488218904, 0.000953842711169, -0.00402873614803, 0.00303083355539, -0.00203258707188], [0.0002207790385, -0.00228680996224, -0.00149709766265, -0.00113131478429, 0.00764523958787, -0.000322808715282, -0.000753942062147, -0.000429601641372, 0.00151360314339, -0.00177156925201, 0.00246745836921, -0.00071927922545, 0.000975314993411], [-0.000419199524913, 0.000274743739283, -0.0019137468189, -0.000701182696503, -0.000322808715282, 0.00583245093003, -0.00232961797155, -0.00181264476851, 0.000639133621007, 0.00151064619422, -0.00105395342689, 0.00149212079123, -5.93951335759e-05], [0.00013700677664, -0.00155039876699, 0.00127814675216, 0.000134550966322, -0.000753942062147, -0.00232961797155, 0.00827287696302, -0.00217114109546, 0.000399847223889, -0.000206762546441, 0.00373299163766, -0.00318176718429, 0.00231202016585], [-0.000262664252659, 0.00221537891775, -0.00161067931913, 0.000839859596454, -0.000429601641372, -0.00181264476851, -0.00217114109546, 0.011068481952, -0.00337509508245, 0.00115847529378, -0.00421244604513, 0.00417907256633, -0.00364587828517], [0.000340603728546, -0.00174455274828, 0.00177869526669, -0.00131488218904, 0.00151360314339, 0.000639133621007, 0.000399847223889, -0.00337509508245, 0.014558323659, -0.00708076357841, 0.00177006528247, -0.0004256911634, 0.0010903312359], [-0.000368035573047, 0.00280281249434, -0.00230381428264, 0.000953842711169, -0.00177156925201, 0.00151064619422, -0.000206762546441, 0.00115847529378, -0.00708076357841, 0.0179150775075, -0.00806456804276, 0.00174458546098, -0.000273498124443], [0.000607286929153, -0.00466456031427, 0.00194415322039, -0.00402873614803, 0.00246745836921, -0.00105395342689, 0.00373299163766, -0.00421244604513, 0.00177006528247, -0.00806456804276, 0.0230807121843, -0.012073722668, 0.00259314081632], [-0.000423366436735, 0.00541630433872, -0.00204862793908, 0.00303083355539, -0.00071927922545, 0.00149212079123, -0.00318176718429, 0.00417907256633, -0.0004256911634, 0.00174458546098, -0.012073722668, 0.0242610014975, -0.00922972708941], [0.00030553212855, -0.00361720961519, 0.00188765733037, -0.00203258707188, 0.000975314993411, -5.93951335759e-05, 0.00231202016585, -0.00364587828517, 0.0010903312359, -0.000273498124443, 0.00259314081632, -0.00922972708941, 0.0185548551381]]
    },
    "melbands": {
        "dmean": [0.000421283970354, 0.000950902118348, 0.00059427623637, 0.000457558635389, 0.000162068638019, 0.000124480357044, 5.89714982198e-05, 4.91805221827e-05, 2.58850486716e-05, 2.49173554039e-05, 1.98409070435e-05, 2.18091281567e-05, 1.41325936056e-05, 1.29401987579e-05, 1.17071804198e-05, 2.60175420408e-05, 1.45979274748e-05, 1.04687642306e-05, 2.17686156248e-05, 7.18997489457e-06, 9.39038363867e-06, 6.27475992587e-06, 5.4283159443e-06, 1.09193615572e-05, 4.26341739512e-06, 4.27870691055e-06, 8.94054574019e-06, 3.79642187909e-06, 3.75895410798e-06, 2.92084541798e-06, 2.47899538408e-06, 2.54144265455e-06, 1.85531791885e-06, 1.48319452364e-06, 1.06734330529e-06, 1.02932619939e-06, 8.77414095157e-07, 7.80153186497e-07, 3.61350060984e-07, 2.53163136676e-07],
        "dmean2": [0.000725694466382, 0.00169410498347, 0.000912574119866, 0.000721756950952, 0.000230361227295, 0.000206903918297, 9.15640048333e-05, 7.27817969164e-05, 3.58832403435e-05, 3.32691452058e-05, 2.68767544185e-05, 3.4343716834e-05, 2.14069495996e-05, 2.03116724151e-05, 1.90964565263e-05, 4.24909521826e-05, 2.43259291892e-05, 1.70708244696e-05, 3.54700605385e-05, 1.19973565234e-05, 1.61485386343e-05, 1.08389122033e-05, 9.45432020671e-06, 1.8879190975e-05, 7.44824728827e-06, 7.42182419344e-06, 1.5767667719e-05, 6.69984319757e-06, 6.55786334391e-06, 5.06992728333e-06, 4.29075271313e-06, 4.49208891951e-06, 3.20659160025e-06, 2.54515975939e-06, 1.77656079359e-06, 1.7028247612e-06, 1.44792215906e-06, 1.24247412714e-06, 5.80429116326e-07, 4.05115599733e-07],
        "dvar": [2.9530269785e-06, 1.46176489579e-05, 1.44607906805e-06, 2.5922572604e-06, 1.09814003224e-07, 5.16595939359e-08, 1.34965345566e-08, 1.25264847384e-08, 3.3549012457e-09, 2.40024111697e-09, 1.40288636263e-09, 2.16777151785e-09, 5.58641799486e-10, 8.42740599527e-10, 9.49051393029e-10, 2.8057320911e-09, 9.71235314395e-10, 3.83786141755e-10, 2.30714669591e-09, 2.5331844955e-10, 3.40122263687e-10, 2.74249761789e-10, 1.82541148863e-10, 1.22033771977e-09, 7.46832526377e-11, 7.91970031222e-11, 6.81971590311e-10, 1.66637106891e-10, 8.13983117021e-11, 5.28633144203e-11, 4.61098763338e-11, 5.48950329637e-11, 2.88080774513e-11, 2.02208562394e-11, 1.01521239332e-11, 7.01300345921e-12, 1.29694701159e-11, 5.45861402954e-12, 7.9486422869e-13, 6.49500527146e-13],
        "dvar2": [7.92823720985e-06, 4.21333243139e-05, 3.95476308768e-06, 6.34212028672e-06, 2.69156515742e-07, 1.48108753706e-07, 3.24308899735e-08, 3.0242112814e-08, 7.3171015913e-09, 4.19428980436e-09, 2.50993914541e-09, 5.63863933323e-09, 1.25164545395e-09, 1.80103298941e-09, 2.44387621251e-09, 7.39176231335e-09, 2.81286038906e-09, 9.59788692967e-10, 5.97334715025e-09, 6.634472971e-10, 9.28485899276e-10, 7.89635690168e-10, 5.39493782981e-10, 3.49640494335e-09, 2.13084938583e-10, 2.32554780988e-10, 2.12053885562e-09, 5.12600462077e-10, 2.35959335404e-10, 1.4931333947e-10, 1.2925302495e-10, 1.62774321799e-10, 8.34964805629e-11, 5.78686543129e-11, 2.83151991437e-11, 1.91717475229e-11, 3.75400197039e-11, 1.2713631363e-11, 1.9650637454e-12, 1.60009256279e-12],
        "max": [0.0276483222842, 0.0469855293632, 0.0294576659799, 0.0273886937648, 0.012637716718, 0.007241838146, 0.00272217672318, 0.00395126920193, 0.00183140626177, 0.00155373988673, 0.00111325457692, 0.000992286717519, 0.000469889841042, 0.00139284913894, 0.000624691252597, 0.00124417420011, 0.00062580476515, 0.000810260709841, 0.00118773279246, 0.000396325805923, 0.000412500434322, 0.000377886724891, 0.000286527472781, 0.000831498764455, 0.000280140666291, 0.000220729896682, 0.000628407287877, 0.000377749151085, 0.000172913263668, 0.000176473389729, 0.000139715193654, 0.000143215089338, 9.78558018687e-05, 0.0001000991615, 0.000102488527773, 8.51957302075e-05, 0.000167439415236, 7.48580496293e-05, 1.37845745485e-05, 1.27186967802e-05],
        "mean": [0.000679482764099, 0.00184222124517, 0.00210349820554, 0.000876346020959, 0.000502427865285, 0.000293353659799, 0.000166429454111, 0.000119382639241, 6.65213883622e-05, 6.80846933392e-05, 6.10354109085e-05, 4.31150765507e-05, 3.08585767925e-05, 2.36255345953e-05, 2.02371320484e-05, 4.70383420179e-05, 2.77025756077e-05, 2.17051674554e-05, 3.91692046833e-05, 1.35932832563e-05, 1.60718118423e-05, 1.04199307316e-05, 9.74844169832e-06, 1.78063455678e-05, 7.76974047767e-06, 8.30275348562e-06, 1.61726911756e-05, 6.84649012328e-06, 7.03105388311e-06, 5.65892923987e-06, 4.44993656856e-06, 4.44987381343e-06, 3.4609308841e-06, 2.69711449619e-06, 2.19262074097e-06, 2.43574277192e-06, 2.09094241654e-06, 1.73454600372e-06, 7.94726815911e-07, 5.1075500096e-07],
        "median": [0.000182006057003, 0.000764646974858, 0.001002495992, 0.000403850048315, 0.000246457813773, 0.000176742556505, 9.35702846618e-05, 5.62201385037e-05, 2.76165501418e-05, 3.37671917805e-05, 2.79482410406e-05, 2.07059074455e-05, 1.63717086252e-05, 6.79220011079e-06, 7.17296097719e-06, 1.7514146748e-05, 1.17084091471e-05, 1.01326168078e-05, 1.31574670377e-05, 5.11148209625e-06, 6.46072976451e-06, 3.77608103008e-06, 3.55049382961e-06, 4.29958572568e-06, 3.3784920106e-06, 3.05387175104e-06, 2.96299549518e-06, 1.391165938e-06, 1.36665835271e-06, 8.95666175893e-07, 6.33267859484e-07, 4.32144986462e-07, 5.75233570999e-07, 5.09268261339e-07, 2.67012921995e-07, 4.3533705707e-07, 2.94274002499e-07, 1.80408775918e-07, 1.25611848034e-07, 6.61681198721e-08],
        "min": [4.45311704896e-24, 1.03645071817e-24, 1.50550743214e-23, 9.78941910158e-24, 1.56100348128e-23, 5.15281813366e-24, 5.45789233938e-24, 2.01240389074e-24, 6.62981976144e-24, 9.64268939548e-24, 8.92228662848e-24, 1.43936633617e-23, 8.84385649956e-24, 1.05926554191e-23, 8.50307411053e-24, 8.52063415428e-24, 1.13032920881e-23, 1.2969048409e-23, 8.6098314457e-24, 1.06190167839e-23, 1.69645626296e-23, 9.67960177496e-24, 6.66520253963e-24, 8.89743435452e-24, 5.51462563796e-24, 1.10500369719e-23, 1.09564157486e-23, 1.17517894894e-23, 1.48971822335e-23, 1.42561806832e-23, 1.07530647621e-23, 1.25857353731e-23, 8.41472878889e-24, 9.59675639156e-24, 1.42106271214e-23, 1.27673295757e-23, 8.17353535598e-24, 8.23371992103e-24, 1.08094194075e-23, 1.14863519943e-23],
        "var": [2.81423149318e-06, 1.26458471641e-05, 9.49297555053e-06, 3.15081570079e-06, 5.93983827457e-07, 1.63113810459e-07, 4.9626109444e-08, 3.33267458075e-08, 1.25004397944e-08, 1.14498019954e-08, 8.7324218967e-09, 4.66080507522e-09, 1.72369352125e-09, 3.17452930609e-09, 1.60616431266e-09, 6.41825170788e-09, 2.06618588905e-09, 1.50305123903e-09, 6.21342000073e-09, 6.03964767087e-10, 7.32153560001e-10, 4.83618756153e-10, 3.91289473045e-10, 2.15272577542e-09, 1.59729673932e-10, 1.77965642223e-10, 1.4030728801e-09, 2.90693524807e-10, 1.80322909382e-10, 1.13741141505e-10, 8.08801497998e-11, 9.43892117244e-11, 5.11177801477e-11, 3.57034089793e-11, 2.34088304296e-11, 2.84653273175e-11, 4.45545926542e-11, 2.11121172627e-11, 2.29882042221e-12, 1.30244654038e-12]
    },
    "mfcc": {
        "mean": [-706.876403809, 123.14515686, 1.70081603527, 20.3787288666, 2.90275979042, -0.010241298005, -9.1531496048, -8.03738880157, -8.74589443207, 0.0574543774128, -6.54995298386, -8.96691989899, -9.43977355957],
        "cov": [[23439.578125, -1200.95275879, 1228.93078613, 3072.2277832, 1041.37438965, 2350.86621094, 2003.87316895, 1544.15686035, 687.42175293, 814.609985352, 342.939697266, 932.010009766, 488.11151123], [-1200.95275879, 1634.58117676, -484.240386963, -194.353271484, -43.6009674072, -111.183822632, -53.0049934387, -107.974784851, 4.11063098907, -88.3155593872, -53.7618980408, -148.530288696, -116.754920959], [1228.93078613, -484.240386963, 415.506408691, 178.836868286, 116.863288879, 168.571868896, 145.953399658, 120.453536987, 49.67029953, 85.5321655273, 55.4911346436, 93.1275787354, 58.945892334], [3072.2277832, -194.353271484, 178.836868286, 819.959350586, 276.937744141, 402.99118042, 330.644073486, 219.443893433, 110.515708923, 126.298240662, 66.021484375, 195.984024048, 139.524291992], [1041.37438965, -43.6009674072, 116.863288879, 276.937744141, 240.936447144, 180.145767212, 144.528915405, 91.8525466919, 48.1506690979, 70.3766555786, 36.7241706848, 76.5533676147, 68.7127990723], [2350.86621094, -111.183822632, 168.571868896, 402.99118042, 180.145767212, 413.34564209, 326.362609863, 212.274597168, 103.436378479, 92.2517929077, 42.0082092285, 119.286849976, 53.4171295166], [2003.87316895, -53.0049934387, 145.953399658, 330.644073486, 144.528915405, 326.362609863, 367.497528076, 240.345703125, 112.905090332, 91.9379196167, 39.6572303772, 99.1635360718, 43.1242141724], [1544.15686035, -107.974784851, 120.453536987, 219.443893433, 91.8525466919, 212.274597168, 240.345703125, 231.446411133, 104.010307312, 82.6727905273, 31.6032295227, 74.2639541626, 30.740852356], [687.42175293, 4.11063098907, 49.67029953, 110.515708923, 48.1506690979, 103.436378479, 112.905090332, 104.010307312, 116.612854004, 74.5873184204, 24.3561115265, 28.3512592316, 8.08313941956], [814.609985352, -88.3155593872, 85.5321655273, 126.298240662, 70.3766555786, 92.2517929077, 91.9379196167, 82.6727905273, 74.5873184204, 131.043640137, 59.2805366516, 44.0941581726, 19.4912471771], [342.939697266, -53.7618980408, 55.4911346436, 66.021484375, 36.7241706848, 42.0082092285, 39.6572303772, 31.6032295227, 24.3561115265, 59.2805366516, 91.2294311523, 57.3264846802, 13.8483867645], [932.010009766, -148.530288696, 93.1275787354, 195.984024048, 76.5533676147, 119.286849976, 99.1635360718, 74.2639541626, 28.3512592316, 44.0941581726, 57.3264846802, 138.402481079, 73.0284194946], [488.11151123, -116.754920959, 58.945892334, 139.524291992, 68.7127990723, 53.4171295166, 43.1242141724, 30.740852356, 8.08313941956, 19.4912471771, 13.8483867645, 73.0284194946, 131.322402954]],
