{
"lowlevel": {
    "average_loudness": 0.0411084555089,
    "barkbands_crest": {
        "dmean": 1.93001973629,
        "dmean2": 3.21534824371,
        "dvar": 5.50818538666,
        "dvar2": 16.252281189,
        "max": 26.5711536407,
        "mean": 10.352809906,
        "median": 9.43266773224,
        "min": 2.34503054619,
        "var": 15.8448467255
    },
    "barkbands_flatness_db": {
        "dmean": 0.0151516878977,
        "dmean2": 0.0246504656971,
        "dvar": 0.000282403227175,
        "dvar2": 0.000752718187869,
        "max": 0.391560047865,
        "mean": 0.194627478719,
        "median": 0.197138801217,
        "min": 0.0246028788388,
        "var": 0.00402286788449
    },
    "barkbands_kurtosis": {
        "dmean": 2.85697078705,
        "dmean2": 4.62607812881,
        "dvar": 27.8202381134,
        "dvar2": 73.7737731934,
        "max": 188.125518799,
        "mean": 8.03453540802,
        "median": 5.82166576385,
        "min": -1.93828964233,
        "var": 192.642089844
    },
    "barkbands_skewness": {
        "dmean": 0.415018081665,
        "dmean2": 0.654629349709,
        "dvar": 0.256969988346,
        "dvar2": 0.657306194305,
        "max": 12.9005565643,
        "mean": 1.87645232677,
        "median": 2.16560029984,
        "min": -11.5695171356,
        "var": 3.07492685318
    },
    "barkbands_spread": {
        "dmean": 3.12133407593,
        "dmean2": 5.07883834839,
        "dvar": 41.6357803345,
        "dvar2": 107.123153687,
        "max": 122.962081909,
        "mean": 15.991985321,
        "median": 9.1583404541,
        "min": 1.04887211323,
        "var": 402.768585205
    },
    "dissonance": {
        "dmean": 0.0182085298002,
        "dmean2": 0.030165201053,
        "dvar": 0.000307563081151,
        "dvar2": 0.000784484844189,
        "max": 0.499999910593,
        "mean": 0.431710004807,
        "median": 0.437000691891,
        "min": 0.193679332733,
        "var": 0.00217013177462
    },
    "dynamic_complexity": 9.50791549683,
    "erbbands_crest": {
        "dmean": 1.45070242882,
        "dmean2": 2.26746177673,
        "dvar": 2.20842313766,
        "dvar2": 5.77610588074,
        "max": 26.0622787476,
        "mean": 7.76686573029,
        "median": 7.22893190384,
        "min": 2.42960333824,
        "var": 8.42278957367
    },
    "erbbands_flatness_db": {
        "dmean": 0.00770962703973,
        "dmean2": 0.0117603261024,
        "dvar": 7.47303129174e-05,
        "dvar2": 0.000162889351486,
        "max": 0.336307317019,
        "mean": 0.18532037735,
        "median": 0.191501766443,
        "min": 0.0375109389424,
        "var": 0.00303897541016
    },
    "erbbands_kurtosis": {
        "dmean": 0.508056938648,
        "dmean2": 0.788353562355,
        "dvar": 0.424701929092,
        "dvar2": 1.06272268295,
        "max": 24.5037117004,
        "mean": 0.262313187122,
        "median": -0.146802663803,
        "min": -1.74543952942,
        "var": 2.24267220497
    },
    "erbbands_skewness": {
        "dmean": 0.1983961761,
        "dmean2": 0.30546271801,
        "dvar": 0.0437699779868,
        "dvar2": 0.105716355145,
        "max": 4.28119516373,
        "mean": 0.416235715151,
        "median": 0.563750743866,
        "min": -2.16328930855,
        "var": 0.540970206261
    },
    "erbbands_spread": {
        "dmean": 4.25146722794,
        "dmean2": 6.55727291107,
        "dvar": 31.115240097,
        "dvar2": 73.8034439087,
        "max": 142.564239502,
        "mean": 37.1428794861,
        "median": 31.4605693817,
        "min": 3.72954106331,
        "var": 481.083557129
    },
    "hfc": {
        "dmean": 1.45624279976,
        "dmean2": 2.14876317978,
        "dvar": 21.7993583679,
        "dvar2": 39.6206474304,
        "max": 265.225830078,
        "mean": 8.75809383392,
        "median": 5.04391050339,
        "min": 1.10056327561e-16,
        "var": 157.306945801
    },
    "melbands_crest": {
        "dmean": 2.63252162933,
        "dmean2": 4.28530454636,
        "dvar": 8.17587852478,
        "dvar2": 24.1443462372,
        "max": 38.9196052551,
        "mean": 16.2663860321,
        "median": 15.2864255905,
        "min": 1.91271102428,
        "var": 38.9858055115
    },
    "melbands_flatness_db": {
        "dmean": 0.0167006943375,
        "dmean2": 0.0269413087517,
        "dvar": 0.000354035320925,
        "dvar2": 0.000902251340449,
        "max": 0.510954737663,
        "mean": 0.25507709384,
        "median": 0.252683848143,
        "min": 0.00608025770634,
        "var": 0.00886702723801
    },
    "melbands_kurtosis": {
        "dmean": 5.17887210846,
        "dmean2": 8.28156852722,
        "dvar": 99.3963165283,
        "dvar2": 263.555328369,
        "max": 263.420623779,
        "mean": 14.4766130447,
        "median": 11.5459270477,
        "min": -1.7399096489,
        "var": 251.119979858
    },
    "melbands_skewness": {
        "dmean": 0.512732684612,
        "dmean2": 0.804027318954,
        "dvar": 0.388218730688,
        "dvar2": 1.01348412037,
        "max": 12.789645195,
        "mean": 2.88495492935,
        "median": 2.8446700573,
        "min": -1.28981113434,
        "var": 2.21757173538
    },
    "melbands_spread": {
        "dmean": 3.67519521713,
        "dmean2": 5.89305830002,
        "dvar": 66.882484436,
        "dvar2": 147.24571228,
        "max": 234.50769043,
        "mean": 20.0784130096,
        "median": 9.8157749176,
        "min": 0.895587205887,
        "var": 1063.82849121
    },
    "pitch_salience": {
        "dmean": 0.0552018135786,
        "dmean2": 0.0895343795419,
        "dvar": 0.00388494576328,
        "dvar2": 0.0111402887851,
        "max": 0.846551775932,
        "mean": 0.501502096653,
        "median": 0.518203556538,
        "min": 0.0325821861625,
        "var": 0.0205160547048
    },
    "silence_rate_20dB": {
        "dmean": 0,
        "dmean2": 0,
        "dvar": 0,
        "dvar2": 0,
        "max": 1,
        "mean": 1,
        "median": 1,
        "min": 1,
        "var": 0
    },
    "silence_rate_30dB": {
        "dmean": 0.00219039595686,
        "dmean2": 0.00438116118312,
        "dvar": 0.0021860068664,
        "dvar2": 0.00571163231507,
        "max": 1,
        "mean": 0.995282649994,
        "median": 1,
        "min": 0,
        "var": 0.00469541177154
    },
    "silence_rate_60dB": {
        "dmean": 0.0102780116722,
        "dmean2": 0.0205577556044,
        "dvar": 0.0101732946932,
        "dvar2": 0.0235056523234,
        "max": 1,
        "mean": 0.375537037849,
        "median": 0,
        "min": 0,
        "var": 0.234511852264
    },
    "spectral_centroid": {
        "dmean": 110.526222229,
        "dmean2": 179.011886597,
        "dvar": 45105.8515625,
        "dvar2": 89031.6640625,
        "max": 10751.2080078,
        "mean": 936.49432373,
        "median": 582.344848633,
        "min": 177.900344849,
        "var": 957015.4375
    },
    "spectral_complexity": {
        "dmean": 1.17944395542,
        "dmean2": 1.9528182745,
        "dvar": 3.35616636276,
        "dvar2": 8.13943958282,
        "max": 42,
        "mean": 9.85645675659,
        "median": 10,
        "min": 0,
        "var": 70.9783554077
    },
    "spectral_decrease": {
        "dmean": 1.01600949876e-09,
        "dmean2": 1.60047097797e-09,
        "dvar": 3.3143038514e-18,
        "dvar2": 8.46251261575e-18,
        "max": 2.26717706871e-15,
        "mean": -4.34850377928e-09,
        "median": -2.95596080946e-09,
        "min": -5.21140357534e-08,
        "var": 2.78682971721e-17
    },
    "spectral_energy": {
        "dmean": 0.00393553404137,
        "dmean2": 0.00617917953059,
        "dvar": 4.94793130201e-05,
        "dvar2": 0.000125857943203,
        "max": 0.202431768179,
        "mean": 0.0172065459192,
        "median": 0.0116878161207,
        "min": 9.97111621588e-21,
        "var": 0.000433099048678
    },
    "spectral_energyband_high": {
        "dmean": 8.00831694505e-05,
        "dmean2": 0.000123222765978,
        "dvar": 2.66729159648e-07,
        "dvar2": 4.48963049848e-07,
        "max": 0.0326063558459,
        "mean": 0.000256458792137,
        "median": 4.64460790681e-05,
        "min": 7.1845692988e-21,
        "var": 8.89810053195e-07
    },
    "spectral_energyband_low": {
        "dmean": 0.00108991272282,
        "dmean2": 0.00174544297624,
        "dvar": 5.24513870914e-06,
        "dvar2": 1.50530804603e-05,
        "max": 0.0740112513304,
        "mean": 0.00299789384007,
        "median": 0.00149181636516,
        "min": 2.60994267616e-23,
        "var": 1.61463194672e-05
    },
    "spectral_energyband_middle_high": {
        "dmean": 0.000346772139892,
        "dmean2": 0.000514240120538,
        "dvar": 3.96951662651e-07,
        "dvar2": 8.69679809057e-07,
        "max": 0.0187561828643,
        "mean": 0.00164711661637,
        "median": 0.000765581149608,
        "min": 1.51121121834e-21,
        "var": 5.03617275172e-06
    },
    "spectral_energyband_middle_low": {
        "dmean": 0.00365079473704,
        "dmean2": 0.0057632108219,
        "dvar": 4.60156188637e-05,
        "dvar2": 0.000116927541967,
        "max": 0.184855654836,
        "mean": 0.0139774959534,
        "median": 0.00897130463272,
        "min": 3.96601448309e-22,
        "var": 0.000320663675666
    },
    "spectral_entropy": {
        "dmean": 0.0998833701015,
        "dmean2": 0.158104941249,
        "dvar": 0.0149486074224,
        "dvar2": 0.0349990017712,
        "max": 9.79582500458,
        "mean": 7.00120019913,
        "median": 6.85029029846,
        "min": 5.12060308456,
        "var": 0.619065880775
    },
    "spectral_flux": {
        "dmean": 0.0098814945668,
        "dmean2": 0.0165637228638,
        "dvar": 0.000228564123972,
        "dvar2": 0.000633144925814,
        "max": 0.235495656729,
        "mean": 0.0352997742593,
        "median": 0.0269729755819,
        "min": 9.98554780529e-11,
        "var": 0.00116065819748
    },
    "spectral_kurtosis": {
        "dmean": 2.42859911919,
        "dmean2": 4.18992853165,
        "dvar": 12.0912532806,
        "dvar2": 35.3068847656,
        "max": 78.1056442261,
        "mean": 11.4396295547,
        "median": 6.41016674042,
        "min": -1.22589695454,
        "var": 172.685836792
    },
    "spectral_rms": {
        "dmean": 0.000382778991479,
        "dmean2": 0.000598090351559,
        "dvar": 3.02314418832e-07,
        "dvar2": 7.82864560733e-07,
        "max": 0.0140532702208,
        "mean": 0.00323547190055,
        "median": 0.00337679544464,
        "min": 3.11896103562e-12,
        "var": 6.31856573818e-06
    },
    "spectral_rolloff": {
        "dmean": 324.808868408,
        "dmean2": 557.155517578,
        "dvar": 1094437,
        "dvar2": 2617035.25,
        "max": 19810.546875,
        "mean": 1793.23730469,
        "median": 559.86328125,
        "min": 21.533203125,
        "var": 12739840
    },
    "spectral_skewness": {
        "dmean": 0.215299353004,
        "dmean2": 0.365010291338,
        "dvar": 0.06295209378,
        "dvar2": 0.169829905033,
        "max": 7.18101406097,
        "mean": 2.36348104477,
        "median": 2.10928606987,
        "min": 0.0239467155188,
        "var": 1.71783411503
    },
    "spectral_spread": {
        "dmean": 250808.203125,
        "dmean2": 403039.125,
        "dvar": 217994674176,
        "dvar2": 326977912832,
        "max": 41120832,
        "mean": 4485213.5,
        "median": 3607692.75,
        "min": 1095778.125,
        "var": 9.28570146816e+12
    },
    "spectral_strongpeak": {
        "dmean": 0.178216010332,
        "dmean2": 0.30394461751,
        "dvar": 0.104316160083,
        "dvar2": 0.264513671398,
        "max": 5.12403249741,
        "mean": 0.432818889618,
        "median": 0.263154476881,
        "min": 0,
        "var": 0.282338380814
    },
    "zerocrossingrate": {
        "dmean": 0.00645012548193,
        "dmean2": 0.00835537258536,
        "dvar": 0.000178114089067,
        "dvar2": 0.000222731439862,
        "max": 0.79248046875,
        "mean": 0.0684026032686,
        "median": 0.0322265625,
        "min": 0,
        "var": 0.0125065222383
    },
    "barkbands": {
        "dmean": [2.92569948215e-05, 0.000187601879588, 0.000287304865196, 0.00198916951194, 0.00158368831035, 0.000709193758667, 0.00054432003526, 0.00041617374518, 0.000108132524474, 0.000205449265195, 0.000142603821587, 4.20867363573e-05, 2.38709744735e-05, 4.55729823443e-05, 9.65053404798e-05, 6.44572137389e-05, 6.85379418428e-05, 2.71174194495e-05, 3.09369097522e-05, 3.59937221219e-05, 3.19254650094e-05, 2.38747852563e-05, 1.39585781653e-05, 1.85045209946e-05, 9.49283457885e-06, 3.04618401969e-06, 1.15472244033e-06],
        "dmean2": [5.01147660543e-05, 0.000334480311722, 0.000411826738855, 0.00321618118323, 0.00241057388484, 0.00101644115057, 0.000699698110111, 0.000559386739042, 0.000152132764924, 0.000290993368253, 0.000204770098208, 6.82689278619e-05, 3.73253024009e-05, 7.43724522181e-05, 0.00015461682051, 9.53187482082e-05, 0.00011225551134, 4.64590193587e-05, 5.30036813871e-05, 6.26846085652e-05, 5.63887915632e-05, 3.97429867007e-05, 2.05458054552e-05, 2.58485288214e-05, 1.49508550749e-05, 4.7527469178e-06, 1.80332926902e-06],
        "dvar": [6.43268478484e-08, 6.85232464548e-07, 8.79938681919e-07, 1.37833867484e-05, 1.35714717544e-05, 4.22723178417e-06, 2.01838611247e-06, 9.99712597149e-07, 6.57059615605e-08, 1.57620320351e-07, 9.61409796219e-08, 2.28678587177e-08, 1.0764235725e-08, 1.85457800228e-08, 7.13421854925e-08, 2.45273863442e-08, 3.82570242152e-08, 5.14668752061e-09, 6.93796042839e-09, 1.34838655796e-08, 8.00348409769e-09, 7.07014446988e-09, 8.16112155633e-09, 6.52954312841e-08, 2.22372467107e-08, 3.66512487027e-10, 1.49370293911e-10],
        "dvar2": [1.74395069052e-07, 2.13265298044e-06, 2.35734250964e-06, 4.03388621635e-05, 3.20626677421e-05, 1.01236128103e-05, 4.19744583269e-06, 2.1255568754e-06, 1.28590315285e-07, 3.28196136934e-07, 1.94669539155e-07, 5.84619783695e-08, 2.1995948174e-08, 4.83637165871e-08, 1.6761310917e-07, 5.15726163997e-08, 1.01523347951e-07, 1.48285046464e-08, 2.02426804208e-08, 3.67051420369e-08, 2.33693135954e-08, 1.51882826316e-08, 1.19861631731e-08, 1.05440129516e-07, 6.05309082857e-08, 8.65541194273e-10, 3.67141289592e-10],
        "max": [0.0103886965662, 0.0236476026475, 0.0590364634991, 0.0573850460351, 0.113915763795, 0.0610843673348, 0.0435339063406, 0.0340704508126, 0.00662509864196, 0.00872941408306, 0.00751516688615, 0.00690818717703, 0.0060841771774, 0.00675009563565, 0.0110821668059, 0.00814274977893, 0.00573443761095, 0.00146792153828, 0.00127953046467, 0.00645319791511, 0.00338835269213, 0.00494666444138, 0.00808807834983, 0.0184757057577, 0.0108402762562, 0.00112366571557, 0.000715515692718],
        "mean": [2.84471734631e-05, 0.000266546849161, 0.00109488493763, 0.00381119549274, 0.00448973290622, 0.0023066769354, 0.0018655952299, 0.00112379516941, 0.000242383932346, 0.000434935616795, 0.000302848784486, 7.45320139686e-05, 4.7832421842e-05, 0.000103339167254, 0.000255058490438, 0.000196589578991, 0.000140961565194, 5.29623030161e-05, 6.20165010332e-05, 6.83557154844e-05, 6.29497735645e-05, 6.05487221037e-05, 3.38595309586e-05, 3.98823976866e-05, 2.6608526241e-05, 1.1293874195e-05, 2.75518027593e-06],
        "median": [2.13970494656e-08, 2.98789791486e-06, 0.00033625040669, 0.00200277427211, 0.00185769284144, 0.00103099225089, 0.000765131728258, 0.000361552927643, 0.000101474470284, 0.000172395390109, 6.61831436446e-05, 1.98277648451e-05, 1.80717288458e-05, 2.79475116258e-05, 7.7202625107e-05, 5.02059447172e-05, 1.70280782186e-05, 1.30891521621e-05, 1.16256014735e-05, 8.39327276481e-06, 7.17251668902e-06, 1.14666227091e-05, 7.11291340849e-06, 6.85075110596e-06, 2.55328086496e-06, 1.3993759751e-07, 5.22839194161e-08],
        "min": [7.11844178386e-24, 1.66347099084e-23, 6.59798133531e-24, 1.01644964296e-23, 1.01369061772e-22, 8.26763462906e-23, 1.62705543596e-23, 5.69107228656e-23, 9.88465370327e-23, 1.15593568112e-22, 7.14206453921e-23, 1.05960945371e-22, 8.72474418267e-23, 6.01415121693e-23, 1.19666766199e-22, 1.26087892019e-22, 2.19219876479e-22, 2.42741083343e-22, 2.38499157375e-22, 3.42377875987e-22, 4.52936870693e-22, 4.16337965607e-22, 5.57998148601e-22, 6.99230352465e-22, 9.77019755899e-22, 1.75922070608e-21, 2.39096172357e-21],
        "var": [6.71950033393e-08, 1.03309992028e-06, 3.39505459124e-06, 2.68170570052e-05, 5.9723839513e-05, 1.64409157151e-05, 9.49245350057e-06, 4.31703392678e-06, 1.95986046947e-07, 4.78274444049e-07, 3.16227328767e-07, 4.21261567851e-08, 2.99069249365e-08, 3.69489967511e-08, 3.01400376657e-07, 1.42346010534e-07, 1.09287391581e-07, 1.14839560084e-08, 1.49479593148e-08, 2.95996525068e-08, 1.97613960751e-08, 2.25331238113e-08, 2.61411354785e-08, 1.63264189723e-07, 3.49287425649e-08, 3.72828301565e-09, 2.91165674904e-10]
    },
    "erbbands": {
        "dmean": [0.00327299768105, 0.0513617321849, 0.251733720303, 3.26476025581, 8.79535484314, 3.05043101311, 2.58320307732, 6.64693212509, 9.14530754089, 8.14668083191, 8.04263401031, 2.75368952751, 4.75938177109, 5.80695295334, 4.82821702957, 2.02986121178, 1.04861402512, 2.50869226456, 4.23637580872, 4.04539489746, 4.05511045456, 2.39131426811, 1.21150159836, 1.87363266945, 1.41249907017, 1.84520769119, 1.51699757576, 0.864364922047, 0.803024291992, 0.643506288528, 0.444461882114, 0.442544937134, 0.278497993946, 0.152211338282, 0.0482181608677, 0.0179837010801, 0.00475501455367, 0.00139492552262, 0.000204545343877, 1.2474981304e-05],
        "dmean2": [0.00556247355416, 0.0919333249331, 0.388249099255, 5.24236774445, 14.1233663559, 4.45690202713, 2.67679476738, 9.70409202576, 12.1736268997, 10.962688446, 10.6555452347, 3.71278905869, 6.97227811813, 8.00546550751, 6.99165582657, 3.25279521942, 1.62992072105, 4.11595058441, 6.93753767014, 6.17162275314, 6.21889019012, 3.77290129662, 2.03837275505, 3.18998074532, 2.42585706711, 3.20816373825, 2.70040273666, 1.4913829565, 1.35144460201, 1.05330073833, 0.671743750572, 0.628531932831, 0.392595738173, 0.238788679242, 0.0750657171011, 0.0285068582743, 0.0074276807718, 0.00212329509668, 0.000324910681229, 1.97515091713e-05],
        "dvar": [0.000299820094369, 0.0449869260192, 0.531942009926, 38.121547699, 350.742614746, 54.7668075562, 32.0198554993, 413.993835449, 745.088439941, 389.210205078, 464.857330322, 39.9255409241, 145.287475586, 119.92540741, 102.701881409, 53.1097106934, 23.4281044006, 50.7893791199, 147.909240723, 126.074859619, 90.2400588989, 43.0964813232, 10.5318555832, 30.2014007568, 20.087387085, 38.6747131348, 19.0193634033, 7.68489933014, 8.70651817322, 5.49908781052, 8.48862361908, 37.73229599, 15.8128738403, 9.31143951416, 0.0910317078233, 0.0118540273979, 0.00089714769274, 0.000135218448122, 5.88848934058e-06, 9.14148223785e-09],
        "dvar2": [0.000761670351494, 0.144516006112, 1.47155582905, 111.845787048, 884.153747559, 127.401489258, 38.8710861206, 993.68157959, 1674.2869873, 897.230102539, 931.390319824, 73.7315673828, 334.777038574, 216.644500732, 205.434173584, 132.481735229, 48.9258308411, 130.660461426, 391.872955322, 275.102752686, 215.781051636, 105.849510193, 28.4628620148, 87.931854248, 57.9242897034, 107.356262207, 57.4400787354, 19.1663627625, 18.7390975952, 11.1439828873, 12.286444664, 71.6583175659, 28.111913681, 24.8640708923, 0.222971320152, 0.0301904417574, 0.00201373454183, 0.000299370323773, 1.49903135025e-05, 2.33730972354e-08],
        "max": [0.512059211731, 6.32631206512, 41.578125, 103.721282959, 541.021484375, 201.558456421, 380.280029297, 632.727416992, 872.431030273, 549.457763672, 721.659606934, 182.672286987, 292.609588623, 320.672912598, 258.237213135, 355.213378906, 284.337463379, 348.354736328, 464.36831665, 655.289916992, 395.037475586, 271.620513916, 103.731895447, 107.083305359, 162.724151611, 361.837432861, 189.299560547, 142.000396729, 166.203430176, 127.884002686, 241.693374634, 447.670562744, 278.661804199, 242.454269409, 21.1122169495, 7.42398929596, 1.70227837563, 0.568498075008, 0.150081261992, 0.00572266848758],
        "mean": [0.00462887529284, 0.0828025266528, 0.884818375111, 7.59478664398, 18.2470836639, 10.7948989868, 13.0263204575, 19.161901474, 29.1534729004, 26.8971767426, 20.4674930573, 7.1075463295, 10.2689599991, 13.8206186295, 10.4571180344, 3.88482141495, 2.46397924423, 5.89478492737, 9.57713890076, 12.6169681549, 12.7721538544, 5.81832170486, 2.79167461395, 3.87138605118, 3.08368372917, 3.58623600006, 2.8858191967, 1.95598518848, 1.89654135704, 1.53480350971, 1.05812835693, 0.894165575504, 0.594067931175, 0.331529915333, 0.172554835677, 0.0664911195636, 0.0170442834496, 0.00376800796948, 0.000455667177448, 4.24442259828e-05],
        "median": [0.000356243370334, 0.00979233440012, 0.392510592937, 3.80630230904, 7.86702823639, 3.96148586273, 3.46810746193, 10.1481161118, 12.0921907425, 10.7571716309, 4.93269681931, 3.51537895203, 3.54530572891, 6.06726837158, 3.49889016151, 1.16174829006, 0.998550891876, 1.63627052307, 2.74380159378, 4.16505622864, 2.43600893021, 0.957470715046, 0.806779563427, 0.6726308465, 0.558318734169, 0.378456175327, 0.245967626572, 0.33703109622, 0.416173428297, 0.267139226198, 0.20496635139, 0.159751057625, 0.0992588400841, 0.0398237258196, 0.0142089789733, 0.00165365997236, 0.000123468300444, 3.47223358403e-05, 1.75286040758e-05, 1.82185140147e-05],
        "min": [6.82804627588e-22, 3.06497235697e-21, 6.85863751923e-21, 2.05665421523e-20, 1.99363155054e-19, 3.82358835629e-19, 2.22751493004e-19, 9.67620784518e-19, 3.96659004812e-19, 7.44375800731e-19, 1.22381836916e-18, 1.78737104042e-18, 3.55464572787e-18, 3.66691109419e-18, 3.36667265598e-18, 4.44638447851e-18, 3.33743182132e-18, 4.26413673723e-18, 2.47031968508e-18, 7.38662526279e-18, 8.49253596327e-18, 1.49514004141e-17, 1.57175963088e-17, 1.19075966171e-17, 1.13939935573e-17, 1.55098532067e-17, 2.18179226319e-17, 1.26528019766e-17, 1.60081600426e-17, 1.37708556885e-17, 1.74822802666e-17, 1.41316578096e-17, 1.14303167124e-17, 9.52673920363e-18, 8.7252805994e-18, 6.43619391178e-18, 2.77724277662e-18, 1.31738345659e-18, 3.315899276e-19, 3.72607901322e-20],
        "var": [0.00040955550503, 0.070387288928, 2.05873990059, 97.9401702881, 1041.98693848, 296.882476807, 780.499389648, 1345.62390137, 2834.24536133, 2072.65283203, 1729.52612305, 140.715576172, 393.049926758, 475.506958008, 357.100708008, 95.9176254272, 65.7598876953, 116.723526001, 458.352874756, 627.888305664, 572.008605957, 159.729904175, 29.2904815674, 68.109413147, 43.7597999573, 84.1384506226, 44.4317779541, 19.9285545349, 23.5298576355, 16.4035549164, 27.1932353973, 84.7901535034, 35.1674156189, 11.4422492981, 0.792964220047, 0.130890518427, 0.0086799999699, 0.000469361053547, 8.66992650117e-06, 1.89935960293e-08]
    },
    "gfcc": {
        "mean": [-141.335205078, 109.079818726, -107.79145813, 8.14741516113, -65.8418197632, -0.816094636917, -45.2554016113, -7.68001651764, -22.8630161285, -15.6901664734, -24.1558551788, -15.3708286285, -11.2496910095],
        "cov": [[33065.3320312, 2994.24438477, -3234.07177734, 3817.71630859, -3169.3034668, -726.423950195, -2227.00732422, -777.385314941, 114.155822754, -212.842147827, -95.2289581299, -379.590606689, 887.19317627], [2994.24438477, 4572.05224609, -720.148681641, -490.184387207, 465.984802246, -459.665466309, -253.54460144, -363.444366455, 31.0174827576, -423.605377197, 88.8212203979, -299.425109863, -48.9145050049], [-3234.07177734, -720.148681641, 1174.59960938, -436.378356934, 423.879455566, 415.137207031, 321.122344971, 211.985366821, -58.353717804, 169.037078857, -55.5197563171, 161.605331421, -141.537368774], [3817.71630859, -490.184387207, -436.378356934, 984.075744629, -541.696838379, -63.212890625, -205.013000488, -36.4860954285, 83.5839538574, 50.3270263672, 39.0597038269, -19.01612854, 208.332427979], [-3169.3034668, 465.984802246, 423.879455566, -541.696838379, 685.828369141, 67.3169937134, 324.600219727, 68.3464813232, -36.1091423035, 1.70447063446, 11.3656721115, 34.9657669067, -167.015411377], [-726.423950195, -459.665466309, 415.137207031, -63.212890625, 67.3169937134, 276.223327637, 112.357078552, 115.25769043, -5.42831087112, 81.9396133423, -21.3637237549, 66.3236923218, -16.6570930481], [-2227.00732422, -253.54460144, 321.122344971, -205.013000488, 324.600219727, 112.357078552, 383.557159424, 136.240875244, -0.477111905813, 76.2058868408, -0.677057147026, 62.4877510071, -97.7054214478], [-777.385314941, -363.444366455, 211.985366821, -36.4860954285, 68.3464813232, 115.25769043, 136.240875244, 157.950958252, 11.2838258743, 63.8480682373, -12.8512859344, 50.0274429321, -18.6989402771], [114.155822754, 31.0174827576, -58.353717804, 83.5839538574, -36.1091423035, -5.42831087112, -0.477111905813, 11.2838258743, 104.584625244, 23.3212032318, 44.9725532532, 0.676143825054, 52.2904548645], [-212.842147827, -423.605377197, 169.037078857, 50.3270263672, 1.70447063446, 81.9396133423, 76.2058868408, 63.8480682373, 23.3212032318, 117.763618469, 10.9915790558, 66.3589859009, 4.04287862778], [-95.2289581299, 88.8212203979, -55.5197563171, 39.0597038269, 11.3656721115, -21.3637237549, -0.677057147026, -12.8512859344, 44.9725532532, 10.9915790558, 89.7083435059, 12.1986532211, 40.8087348938], [-379.590606689, -299.425109863, 161.605331421, -19.01612854, 34.9657669067, 66.3236923218, 62.4877510071, 50.0274429321, 0.676143825054, 66.3589859009, 12.1986532211, 86.3499679565, 2.43078231812], [887.19317627, -48.9145050049, -141.537368774, 208.332427979, -167.015411377, -16.6570930481, -97.7054214478, -18.6989402771, 52.2904548645, 4.04287862778, 40.8087348938, 2.43078231812, 123.596084595]],
        "icov": [[0.000224652016186, -0.00039054302033, 0.000285181013169, -0.00068861170439, 0.000522465794347, -0.000450108811492, 0.000542419147678, -2.92280819849e-05, 0.000429291918408, -0.000908863323275, 0.00073499995051, -0.000713746529073, 0.000409326516092], [-0.00039054302033, 0.00117282092106, -0.000386706728023, 0.00126631278545, -0.00154576788191, 0.000879031431396, -0.000580240797717, 0.000410816981457, -0.00120844691992, 0.00246119592339, -0.00149342988152, 0.00183652783744, -0.000788920384366], [0.000285181013169, -0.000386706728023, 0.00372391566634, -0.000397426600102, -0.00076002406422, -0.00415592640638, 0.00128890562337, -9.47031949181e-05, 0.000920877093449, -0.00284171989188, 0.00193692662288, -0.00265489635058, 0.00126776099205], [-0.00068861170439, 0.00126631278545, -0.000397426600102, 0.00450218794867, -0.000431381282397, 0.00131897465326, -0.00219943677075, 0.000206878466997, -0.00101365335286, 0.000965480518062, -0.00222436944023, 0.00341548328288, -0.00364787341096], [0.000522465794347, -0.00154576788191, -0.00076002406422, -0.000431381282397, 0.00700810924172, -2.01720413315e-05, -0.00224050646648, 0.000225248586503, 0.00123752292711, -0.00116093468387, -0.000614103861153, -0.00218218122609, 0.00298502156511], [-0.000450108811492, 0.000879031431396, -0.00415592640638, 0.00131897465326, -2.01720413315e-05, 0.010860549286, -0.00154977012426, -0.00274772103876, -0.000649343885016, 0.00159091723617, -0.00113409874029, 0.00254647177644, -0.0030609681271], [0.000542419147678, -0.000580240797717, 0.00128890562337, -0.00219943677075, -0.00224050646648, -0.00154977012426, 0.00892580859363, -0.00371962133795, -0.000145460187923, -0.00364299211651, 0.00130802439526, -0.00223052268848, 0.00410967832431], [-2.92280819849e-05, 0.000410816981457, -9.47031949181e-05, 0.000206878466997, 0.000225248586503, -0.00274772103876, -0.00371962133795, 0.0132960565388, -0.00238371198066, -0.00025910534896, 0.0024271721486, -0.00157497182954, -0.000833037949633], [0.000429291918408, -0.00120844691992, 0.000920877093449, -0.00101365335286, 0.00123752292711, -0.000649343885016, -0.000145460187923, -0.00238371198066, 0.0175745543092, -0.00763081666082, -0.00376969110221, 0.00365361873992, -0.00570043781772], [-0.000908863323275, 0.00246119592339, -0.00284171989188, 0.000965480518062, -0.00116093468387, 0.00159091723617, -0.00364299211651, -0.00025910534896, -0.00763081666082, 0.0272546652704, -0.00459061516449, -0.00819844007492, 0.00235681771301], [0.00073499995051, -0.00149342988152, 0.00193692662288, -0.00222436944023, -0.000614103861153, -0.00113409874029, 0.00130802439526, 0.0024271721486, -0.00376969110221, -0.00459061516449, 0.0211809482425, -0.00660080555826, -0.0045996196568], [-0.000713746529073, 0.00183652783744, -0.00265489635058, 0.00341548328288, -0.00218218122609, 0.00254647177644, -0.00223052268848, -0.00157497182954, 0.00365361873992, -0.00819844007492, -0.00660080555826, 0.0293945074081, -0.00723056774586], [0.000409326516092, -0.000788920384366, 0.00126776099205, -0.00364787341096, 0.00298502156511, -0.0030609681271, 0.00410967832431, -0.000833037949633, -0.00570043781772, 0.00235681771301, -0.0045996196568, -0.00723056774586, 0.0231804586947]]
    },
    "melbands": {
        "dmean": [4.32031229138e-05, 0.000102701495052, 0.000774917891249, 0.000426265673013, 8.56972765177e-05, 0.000150507621584, 0.000132881905301, 8.66649497766e-05, 5.90211311646e-05, 1.64308585227e-05, 2.4262113584e-05, 2.46447161771e-05, 1.92740299099e-05, 6.35655533188e-06, 3.09298025059e-06, 2.43702288572e-06, 5.38755057278e-06, 6.46414173389e-06, 5.92425612922e-06, 5.08280072609e-06, 5.45824968867e-06, 3.23056224261e-06, 1.51101664869e-06, 1.39698636303e-06, 1.64860193763e-06, 1.13905070975e-06, 1.33207595354e-06, 1.12773989258e-06, 9.07493586055e-07, 9.35751131692e-07, 5.99912823418e-07, 6.0060301621e-07, 4.26026417699e-07, 3.23747144648e-07, 2.81480737385e-07, 3.00365002204e-07, 2.60488945969e-07, 2.05908207818e-07, 2.11069632883e-07, 1.12306949518e-07],
        "dmean2": [7.60481416364e-05, 0.000163229822647, 0.00125909061171, 0.000665718107484, 9.1792026069e-05, 0.00022030431137, 0.000177333669853, 0.000117632422189, 7.76115412009e-05, 2.2770729629e-05, 3.54737167072e-05, 3.38085192197e-05, 2.78786228591e-05, 9.95940081339e-06, 4.85485634272e-06, 3.76547586711e-06, 8.86148063728e-06, 1.07236292024e-05, 9.18838850339e-06, 7.81971266406e-06, 8.48012950883e-06, 5.17524176757e-06, 2.51923847827e-06, 2.39413520831e-06, 2.80706467493e-06, 1.96647943085e-06, 2.31183003052e-06, 1.95654365598e-06, 1.61529658271e-06, 1.6530124185e-06, 1.05030301256e-06, 1.03372792637e-06, 6.99846680163e-07, 5.25475059021e-07, 4.34961179963e-07, 4.37856442659e-07, 3.80314361337e-07, 2.88375503033e-07, 3.39275032957e-07, 1.79956742841e-07],
        "dvar": [3.84008238541e-08, 1.0069642542e-07, 2.08932146961e-06, 9.4019401331e-07, 2.94310495974e-08, 2.09141902019e-07, 1.38825882345e-07, 4.47617729549e-08, 2.55319392295e-08, 1.43589795609e-09, 3.6003280357e-09, 2.29413710251e-09, 1.88545912216e-09, 3.2116709292e-10, 1.70055358684e-10, 9.56297749322e-11, 2.49499282345e-10, 3.71924102627e-10, 3.77893133452e-10, 1.62556801353e-10, 1.79670653355e-10, 8.22642301501e-11, 3.20505393059e-11, 1.59331853267e-11, 2.53677478329e-11, 1.50063416554e-11, 1.8843614169e-11, 1.48209066547e-11, 9.48088222513e-12, 8.35724805331e-12, 3.9643670291e-12, 4.1882686555e-12, 2.47242330775e-12, 1.56497937439e-12, 1.59043665824e-12, 1.55472665991e-11, 1.35918038977e-11, 6.39448173231e-12, 1.63860956054e-11, 5.31357379971e-12],
        "dvar2": [1.13396858126e-07, 2.87411438649e-07, 5.85606767345e-06, 2.25484495786e-06, 3.9930252882e-08, 5.08806863309e-07, 3.12092510057e-07, 1.03749918878e-07, 5.03942167995e-08, 2.76252465348e-09, 8.2810416302e-09, 4.12730294386e-09, 3.81044484854e-09, 7.7934969589e-10, 3.77582437538e-10, 1.77046391436e-10, 6.45618114525e-10, 1.0155537522e-09, 7.94521004543e-10, 3.50373896563e-10, 4.5172635077e-10, 2.05801084507e-10, 8.98813384831e-11, 4.58171382778e-11, 7.37681582486e-11, 4.47528403225e-11, 5.39259470411e-11, 3.91878682282e-11, 2.88212682886e-11, 2.52679023538e-11, 1.10716505408e-11, 1.02351668807e-11, 5.54623881543e-12, 3.12928784447e-12, 2.4566763554e-12, 3.42901956829e-11, 2.39678173142e-11, 1.04748969915e-11, 4.15617956717e-11, 1.44174542097e-11],
        "max": [0.00538322236389, 0.0158532857895, 0.0303728859872, 0.028447298333, 0.0104119051248, 0.013504714705, 0.0116467485204, 0.006133149378, 0.00545412208885, 0.00105599383824, 0.00143437460065, 0.00143155024853, 0.00104841112625, 0.000635908509139, 0.000643987150397, 0.000499588262755, 0.000789940299001, 0.000921521626879, 0.000980867655016, 0.000685204111505, 0.000420552911237, 0.000349844602169, 0.000226306103286, 9.98763352982e-05, 9.9924604001e-05, 7.85878655734e-05, 0.000258636282524, 0.00026147137396, 0.00011551532225, 9.207543917e-05, 9.27903820411e-05, 0.000100695266156, 0.000103965561721, 7.37264344934e-05, 9.36754731811e-05, 0.000281626271317, 0.000289528659778, 0.000157504196977, 0.000279168772977, 0.000199954462005],
        "mean": [5.85894085816e-05, 0.000333039090037, 0.0017022062093, 0.00107565172948, 0.000433677749243, 0.000442578602815, 0.000438685558038, 0.000277939921943, 0.000143543322338, 3.81244462915e-05, 5.15973988513e-05, 5.67737588426e-05, 4.02735604439e-05, 1.21093153211e-05, 5.96802738073e-06, 5.40136716154e-06, 1.13732548925e-05, 1.38014711411e-05, 1.58990078489e-05, 1.59915452969e-05, 1.503716976e-05, 6.95094922776e-06, 2.83019676317e-06, 2.76799823951e-06, 3.12841234518e-06, 2.15267050407e-06, 2.56272687693e-06, 2.10435700865e-06, 1.65581309375e-06, 1.62416631611e-06, 1.16038847864e-06, 1.22086350984e-06, 9.40881818678e-07, 7.1693159498e-07, 6.27611086657e-07, 5.76981506129e-07, 5.04011779867e-07, 4.16821507088e-07, 3.78849847493e-07, 2.42254742489e-07],
        "median": [5.48545585843e-07, 0.000108739259304, 0.000946070766076, 0.000476772343973, 0.000142299963045, 0.000217110486119, 0.000187833211385, 0.000108122629172, 3.23301792378e-05, 1.69943468791e-05, 1.74879587576e-05, 2.37053609453e-05, 9.59642147791e-06, 4.08389769291e-06, 2.00930685423e-06, 2.02379783332e-06, 2.7549956485e-06, 3.39466146215e-06, 5.29258932147e-06, 5.3053990996e-06, 2.01109719455e-06, 9.06609386675e-07, 6.39702591343e-07, 6.84735482537e-07, 4.96564894092e-07, 4.32097976955e-07, 3.26027048914e-07, 2.0780365162e-07, 1.36405944318e-07, 1.50931455778e-07, 1.90087519059e-07, 2.36613317384e-07, 1.47721863186e-07, 1.24375958421e-07, 1.1068574679e-07, 1.02264813506e-07, 8.68303757784e-08, 6.88344314881e-08, 4.83297029064e-08, 2.78276903742e-08],
        "min": [5.33879445865e-24, 3.59494721904e-24, 7.67398839889e-24, 2.29720050578e-23, 9.25076436511e-24, 1.95361876495e-23, 5.80425276387e-24, 8.99454076537e-24, 1.03810797689e-23, 1.22355631727e-23, 1.84968081866e-23, 1.52858666233e-23, 9.49650715886e-24, 1.25648487029e-23, 9.91331680649e-24, 8.43005477856e-24, 7.24421303342e-24, 2.53861296592e-24, 1.03049412809e-23, 7.14072868215e-24, 1.00270382057e-23, 1.37040348475e-23, 1.85323353263e-23, 8.81914622057e-24, 1.03338782766e-23, 6.76489720311e-24, 9.78789344459e-24, 1.004458405e-23, 1.55124842732e-23, 1.00969297042e-23, 6.24818897145e-24, 7.86779574609e-24, 1.02113555562e-23, 7.30186298838e-24, 1.02523282028e-23, 9.02118927561e-24, 8.65002785312e-24, 8.17406073735e-24, 6.35318635794e-24, 8.9217091823e-24],
        "var": [5.38309770093e-08, 3.40926078479e-07, 5.35791059519e-06, 3.56067971552e-06, 6.70069084663e-07, 7.0922891382e-07, 5.84627741773e-07, 2.23624567752e-07, 9.20398477433e-08, 4.37119496155e-09, 9.7578789493e-09, 8.74015437802e-09, 6.0430398463e-09, 7.05882297058e-10, 3.19125392778e-10, 3.33161720434e-10, 4.82075879216e-10, 9.67457336465e-10, 1.5168133416e-09, 8.45723713283e-10, 8.80721773289e-10, 2.53911253134e-10, 7.32235105882e-11, 3.50840155539e-11, 5.18648284042e-11, 2.78792735425e-11, 3.73484021488e-11, 3.19650035607e-11, 1.95038325768e-11, 1.75811205871e-11, 8.54538922263e-12, 9.69693943198e-12, 6.65147407639e-12, 4.02256223123e-12, 5.21064138018e-12, 3.18966207613e-11, 3.08566713847e-11, 1.49734079302e-11, 2.20958876196e-11, 5.43742915277e-12]
    },
    "mfcc": {
        "mean": [-770.239318848, 130.182037354, 11.6146230698, 5.26904964447, -6.16111564636, -4.49160575867, -16.759595871, -7.31971359253, -5.26605415344, -6.20831108093, -15.1414413452, -14.3583040237, -7.74944400787],
        "cov": [[23041.9355469, 1512.6583252, -1189.22412109, 1711.41247559, -103.937919617, -664.505737305, -1952.61767578, -848.100952148, -496.955841064, -262.551086426, -896.883056641, -538.414306641, 123.457015991], [1512.6583252, 2688.09008789, -345.139770508, -84.1354217529, 178.618850708, -119.938476562, -147.562759399, -82.6982345581, -163.685806274, -126.058143616, -126.463577271, -101.604072571, -66.2242889404], [-1189.22412109, -345.139770508, 577.66809082, -107.743484497, 41.72498703, 198.906143188, 242.145339966, 138.462921143, 149.965744019, 67.2096939087, 119.486122131, 100.901809692, 38.9042549133], [1711.41247559, -84.1354217529, -107.743484497, 384.670379639, 10.7300453186, -31.0863513947, -92.1287078857, -15.2009687424, 14.0524768829, 45.4104194641, -16.443901062, 6.40359687805, 39.6636619568], [-103.937919617, 178.618850708, 41.72498703, 10.7300453186, 161.551055908, 53.8733406067, 44.2629699707, 36.0511703491, 19.0517940521, 10.6332769394, 29.2348022461, 24.2063922882, 28.7107620239], [-664.505737305, -119.938476562, 198.906143188, -31.0863513947, 53.8733406067, 175.129928589, 166.885543823, 88.3420257568, 79.3511047363, 44.9903182983, 93.9555511475, 70.7749862671, 28.7886486053], [-1952.61767578, -147.562759399, 242.145339966, -92.1287078857, 44.2629699707, 166.885543823, 351.825805664, 180.670532227, 125.566184998, 75.768737793, 153.564529419, 115.837753296, 22.9572372437], [-848.100952148, -82.6982345581, 138.462921143, -15.2009687424, 36.0511703491, 88.3420257568, 180.670532227, 149.460723877, 106.494567871, 59.5297966003, 92.3594894409, 70.9258575439, 29.7431793213], [-496.955841064, -163.685806274, 149.965744019, 14.0524768829, 19.0517940521, 79.3511047363, 125.566184998, 106.494567871, 136.430648804, 75.2812271118, 78.4931335449, 67.0049362183, 38.6985015869], [-262.551086426, -126.058143616, 67.2096939087, 45.4104194641, 10.6332769394, 44.9903182983, 75.768737793, 59.5297966003, 75.2812271118, 94.3368759155, 70.913192749, 43.2682380676, 20.8632144928], [-896.883056641, -126.463577271, 119.486122131, -16.443901062, 29.2348022461, 93.9555511475, 153.564529419, 92.3594894409, 78.4931335449, 70.913192749, 137.646255493, 85.9619445801, 27.5878505707], [-538.414306641, -101.604072571, 100.901809692, 6.40359687805, 24.2063922882, 70.7749862671, 115.837753296, 70.9258575439, 67.0049362183, 43.2682380676, 85.9619445801, 113.520599365, 48.7882957458], [123.457015991, -66.2242889404, 38.9042549133, 39.6636619568, 28.7107620239, 28.7886486053, 22.9572372437, 29.7431793213, 38.6985015869, 20.8632144928, 27.5878505707, 48.7882957458, 80.1259155273]],
