{
"lowlevel": {
    "average_loudness": 0.924181103706,
    "barkbands_crest": {
        "dmean": 3.26768088341,
        "dmean2": 4.57518768311,
        "dvar": 7.71715641022,
        "dvar2": 15.3594465256,
        "max": 26.7731399536,
        "mean": 12.4101362228,
        "median": 10.9844694138,
        "min": 2.36896538734,
        "var": 38.3024635315
    },
    "barkbands_flatness_db": {
        "dmean": 0.0347779989243,
        "dmean2": 0.0468062087893,
        "dvar": 0.000929467612877,
        "dvar2": 0.00175003951881,
        "max": 0.723042905331,
        "mean": 0.155188396573,
        "median": 0.145357936621,
        "min": 0.0255643762648,
        "var": 0.00575983105227
    },
    "barkbands_kurtosis": {
        "dmean": 6.97505998611,
        "dmean2": 9.69826316833,
        "dvar": 1809.0567627,
        "dvar2": 3950.75048828,
        "max": 3989.67675781,
        "mean": 8.88727474213,
        "median": 1.61177253723,
        "min": -1.89764547348,
        "var": 2487.8293457
    },
    "barkbands_skewness": {
        "dmean": 0.83094394207,
        "dmean2": 1.06604361534,
        "dvar": 0.838464856148,
        "dvar2": 1.4090937376,
        "max": 31.4309844971,
        "mean": 1.78531551361,
        "median": 1.24447631836,
        "min": -2.3722114563,
        "var": 4.13573026657
    },
    "barkbands_spread": {
        "dmean": 7.32246494293,
        "dmean2": 11.042257309,
        "dvar": 65.0174179077,
        "dvar2": 143.948104858,
        "max": 88.8709487915,
        "mean": 21.0412368774,
        "median": 18.4048271179,
        "min": 0.0106177432463,
        "var": 195.031906128
    },
    "dissonance": {
        "dmean": 0.0234400369227,
        "dmean2": 0.0391688160598,
        "dvar": 0.000570809352212,
        "dvar2": 0.00155199610163,
        "max": 0.499983340502,
        "mean": 0.455922365189,
        "median": 0.463416337967,
        "min": 0.208191916347,
        "var": 0.00106382032391
    },
    "dynamic_complexity": 2.72311329842,
    "erbbands_crest": {
        "dmean": 3.46318602562,
        "dmean2": 5.65719079971,
        "dvar": 10.445772171,
        "dvar2": 26.0242328644,
        "max": 33.1239471436,
        "mean": 10.0537385941,
        "median": 8.71271514893,
        "min": 2.22840857506,
        "var": 28.5431289673
    },
    "erbbands_flatness_db": {
        "dmean": 0.0247290302068,
        "dmean2": 0.0364232137799,
        "dvar": 0.000600725295953,
        "dvar2": 0.00121613591909,
        "max": 0.52297604084,
        "mean": 0.163146674633,
        "median": 0.139231860638,
        "min": 0.0255280937999,
        "var": 0.00546222506091
    },
    "erbbands_kurtosis": {
        "dmean": 1.66950047016,
        "dmean2": 2.63150024414,
        "dvar": 15.1730222702,
        "dvar2": 34.7894134521,
        "max": 292.855316162,
        "mean": 1.55793106556,
        "median": 0.225165009499,
        "min": -1.71460843086,
        "var": 40.9249076843
    },
    "erbbands_skewness": {
        "dmean": 0.426202207804,
        "dmean2": 0.649411916733,
        "dvar": 0.195330947638,
        "dvar2": 0.476018339396,
        "max": 11.8874750137,
        "mean": 0.284599751234,
        "median": 0.273375064135,
        "min": -4.49770593643,
        "var": 0.586688578129
    },
    "erbbands_spread": {
        "dmean": 10.6269922256,
        "dmean2": 16.1525001526,
        "dvar": 125.331741333,
        "dvar2": 265.912506104,
        "max": 145.247360229,
        "mean": 38.2889404297,
        "median": 38.772605896,
        "min": 0.677314281464,
        "var": 484.052368164
    },
    "hfc": {
        "dmean": 12.4736404419,
        "dmean2": 17.780538559,
        "dvar": 233.306304932,
        "dvar2": 497.158630371,
        "max": 121.967338562,
        "mean": 24.8683834076,
        "median": 18.8660297394,
        "min": 1.28617387004e-16,
        "var": 456.551269531
    },
    "melbands_crest": {
        "dmean": 3.89621090889,
        "dmean2": 5.79550218582,
        "dvar": 11.5138759613,
        "dvar2": 23.7299976349,
        "max": 32.1196556091,
        "mean": 16.3832569122,
        "median": 15.4414863586,
        "min": 2.09220433235,
        "var": 52.757598877
    },
    "melbands_flatness_db": {
        "dmean": 0.0401831865311,
        "dmean2": 0.0515103340149,
        "dvar": 0.00138022238389,
        "dvar2": 0.00233741803095,
        "max": 0.89536857605,
        "mean": 0.207980304956,
        "median": 0.201502069831,
        "min": 0.00527726579458,
        "var": 0.00858949869871
    },
    "melbands_kurtosis": {
        "dmean": 14.3368883133,
        "dmean2": 18.5015964508,
        "dvar": 773.875244141,
        "dvar2": 1312.37988281,
        "max": 997.080078125,
        "mean": 23.8192844391,
        "median": 7.09442090988,
        "min": -1.73660206795,
        "var": 2090.36132812
    },
    "melbands_skewness": {
        "dmean": 1.11908781528,
        "dmean2": 1.37736046314,
        "dvar": 1.28582847118,
        "dvar2": 1.98142194748,
        "max": 19.2484111786,
        "mean": 3.06160736084,
        "median": 2.34940934181,
        "min": -2.01356363297,
        "var": 7.82980489731
    },
    "melbands_spread": {
        "dmean": 8.80775356293,
        "dmean2": 12.7559452057,
        "dvar": 139.653503418,
        "dvar2": 313.653717041,
        "max": 161.891876221,
        "mean": 22.9525775909,
        "median": 19.0101413727,
        "min": 0.185726732016,
        "var": 353.29019165
    },
    "pitch_salience": {
        "dmean": 0.0869603231549,
        "dmean2": 0.118433199823,
        "dvar": 0.00639799050987,
        "dvar2": 0.0110891349614,
        "max": 0.860789954662,
        "mean": 0.468571513891,
        "median": 0.499394893646,
        "min": 0.0162013545632,
        "var": 0.0294246580452
    },
    "silence_rate_20dB": {
        "dmean": 0,
        "dmean2": 0,
        "dvar": 0,
        "dvar2": 0,
        "max": 1,
        "mean": 1,
        "median": 1,
        "min": 1,
        "var": 0
    },
    "silence_rate_30dB": {
        "dmean": 0.0843167826533,
        "dmean2": 0.168646082282,
        "dvar": 0.0771967172623,
        "dvar2": 0.142582446337,
        "max": 1,
        "mean": 0.84577703476,
        "median": 1,
        "min": 0,
        "var": 0.130447879434
    },
    "silence_rate_60dB": {
        "dmean": 0.0271654427052,
        "dmean2": 0.0543349161744,
        "dvar": 0.0264246258885,
        "dvar2": 0.0611705519259,
        "max": 1,
        "mean": 0.040893573314,
        "median": 0,
        "min": 0,
        "var": 0.0392247550189
    },
    "spectral_centroid": {
        "dmean": 322.066833496,
        "dmean2": 501.402618408,
        "dvar": 142119.34375,
        "dvar2": 286639.65625,
        "max": 11599.0625,
        "mean": 1377.46520996,
        "median": 1253.05078125,
        "min": 60.4972877502,
        "var": 396821.65625
    },
    "spectral_complexity": {
        "dmean": 4.46611738205,
        "dmean2": 6.2893409729,
        "dvar": 24.0816516876,
        "dvar2": 40.6160202026,
        "max": 54,
        "mean": 18.2724514008,
        "median": 16,
        "min": 0,
        "var": 72.9443435669
    },
    "spectral_decrease": {
        "dmean": 4.60474858244e-09,
        "dmean2": 5.18445464337e-09,
        "dvar": 2.94399899668e-17,
        "dvar2": 4.24474414951e-17,
        "max": 7.70415190808e-29,
        "mean": -1.13691207559e-08,
        "median": -6.67144872679e-09,
        "min": -5.73181111463e-08,
        "var": 1.50401989146e-16
    },
    "spectral_energy": {
        "dmean": 0.0180852487683,
        "dmean2": 0.020569305867,
        "dvar": 0.000426461192546,
        "dvar2": 0.000624016451184,
        "max": 0.219684302807,
        "mean": 0.0451652221382,
        "median": 0.0272816307843,
        "min": 1.13752068381e-20,
        "var": 0.00220972066745
    },
    "spectral_energyband_high": {
        "dmean": 0.00109179678839,
        "dmean2": 0.00162144110072,
        "dvar": 2.49815957432e-06,
        "dvar2": 5.66422613701e-06,
        "max": 0.0150877805427,
        "mean": 0.00147633033339,
        "median": 0.00063475308707,
        "min": 8.21809027671e-21,
        "var": 3.8581320041e-06
    },
    "spectral_energyband_low": {
        "dmean": 0.0150495795533,
        "dmean2": 0.0156037518755,
        "dvar": 0.000493479543366,
        "dvar2": 0.000577096012421,
        "max": 0.209548339248,
        "mean": 0.0292599350214,
        "median": 0.0100211985409,
        "min": 8.42198504705e-23,
        "var": 0.00198007724248
    },
    "spectral_energyband_middle_high": {
        "dmean": 0.00317244790494,
        "dmean2": 0.00478793866932,
        "dvar": 2.12206887227e-05,
        "dvar2": 4.87692486786e-05,
        "max": 0.0884876400232,
        "mean": 0.00658466806635,
        "median": 0.00431162025779,
        "min": 1.82405805479e-21,
        "var": 4.62099924334e-05
    },
    "spectral_energyband_middle_low": {
        "dmean": 0.00674631400034,
        "dmean2": 0.0106222257018,
        "dvar": 0.00019270190387,
        "dvar2": 0.000481518422021,
        "max": 0.106428556144,
        "mean": 0.00906005129218,
        "median": 0.00426596216857,
        "min": 3.03513008972e-22,
        "var": 0.000189808080904
    },
    "spectral_entropy": {
        "dmean": 0.238216400146,
        "dmean2": 0.363490492105,
        "dvar": 0.0626044198871,
        "dvar2": 0.13382820785,
        "max": 9.79630565643,
        "mean": 7.66688776016,
        "median": 7.7613863945,
        "min": 3.45889377594,
        "var": 0.280833989382
    },
    "spectral_flux": {
        "dmean": 0.039307359606,
        "dmean2": 0.0534320212901,
        "dvar": 0.00167129340116,
        "dvar2": 0.00295846047811,
        "max": 0.407564997673,
        "mean": 0.111028023064,
        "median": 0.0870341658592,
        "min": 1.06654615695e-10,
        "var": 0.00607643416151
    },
    "spectral_kurtosis": {
        "dmean": 2.29856729507,
        "dmean2": 3.80889463425,
        "dvar": 40.7974357605,
        "dvar2": 115.71257782,
        "max": 215.317687988,
        "mean": 5.24551963806,
        "median": 2.28579807281,
        "min": -1.19619369507,
        "var": 188.659301758
    },
    "spectral_rms": {
        "dmean": 0.00130166893359,
        "dmean2": 0.00148123200051,
        "dvar": 1.48826575241e-06,
        "dvar2": 2.29410102293e-06,
        "max": 0.0146398823708,
        "mean": 0.00580651778728,
        "median": 0.0051590912044,
        "min": 3.3313304372e-12,
        "var": 1.03480051621e-05
    },
    "spectral_rolloff": {
        "dmean": 676.817260742,
        "dmean2": 1103.51806641,
        "dvar": 1287179.375,
        "dvar2": 2675990.5,
        "max": 18820.0195312,
        "mean": 1541.73657227,
        "median": 1227.39257812,
        "min": 64.599609375,
        "var": 2779589.75
    },
    "spectral_skewness": {
        "dmean": 0.303566902876,
        "dmean2": 0.485643714666,
        "dvar": 0.179836273193,
        "dvar2": 0.458974182606,
        "max": 11.3362321854,
        "mean": 1.5781005621,
        "median": 1.38777112961,
        "min": -0.03550735116,
        "var": 0.797924697399
    },
    "spectral_spread": {
        "dmean": 749250.5625,
        "dmean2": 1139049.625,
        "dvar": 691030851584,
        "dvar2": 1.38383877734e+12,
        "max": 40467888,
        "mean": 5366407.5,
        "median": 5778173.5,
        "min": 395641.5,
        "var": 2.85639206502e+12
    },
    "spectral_strongpeak": {
        "dmean": 0.623025417328,
        "dmean2": 1.01801276207,
        "dvar": 0.861893832684,
        "dvar2": 2.12547039986,
        "max": 13.3832674026,
        "mean": 1.07871389389,
        "median": 0.707866191864,
        "min": 0,
        "var": 1.47643768787
    },
    "zerocrossingrate": {
        "dmean": 0.0151411406696,
        "dmean2": 0.0156608447433,
        "dvar": 0.000243423579377,
        "dvar2": 0.000227885917411,
        "max": 0.505859375,
        "mean": 0.0626196265221,
        "median": 0.05419921875,
        "min": 0.00244140625,
        "var": 0.00167901604436
    },
    "barkbands": {
        "dmean": [0.000209117322811, 0.0138390576467, 0.00623940164223, 0.00245425873436, 0.00351617042907, 0.000678191601764, 0.000485002849018, 0.000349524052581, 0.000925936794374, 0.000469616963528, 0.000817414547782, 0.00114253244828, 0.00114337948617, 0.00045279841288, 0.000290265597869, 0.000158487848239, 0.00019681386766, 0.000124864469399, 0.000116427472676, 0.000184116754099, 0.000184025397175, 0.000246995536145, 0.00024412246421, 0.000197729517822, 0.000121316465084, 2.75558231806e-05, 2.89304830403e-06],
        "dmean2": [0.000293123390293, 0.0160278026015, 0.0100395372137, 0.00448713032529, 0.0063665881753, 0.000978925847448, 0.000710595864803, 0.000530903111212, 0.0013211594196, 0.000716126291081, 0.001285416889, 0.00182252621744, 0.00186852086335, 0.000725282647181, 0.000467861245852, 0.000240073772147, 0.000301849911921, 0.000193404543097, 0.000184045289643, 0.000285955466097, 0.000305655383272, 0.000382491067285, 0.000380769837648, 0.000291416654363, 0.000188022328075, 4.4118722144e-05, 4.71432849736e-06],
        "dvar": [8.70489600402e-08, 0.000558702740818, 0.000247782067163, 5.6606328144e-05, 0.000101063116745, 1.24809741919e-06, 6.30621286746e-07, 4.5805973059e-07, 3.75670674657e-06, 8.41988992306e-07, 4.40287249148e-06, 9.03601812752e-06, 5.10117115482e-06, 7.87758381193e-07, 1.99863791295e-07, 6.84022012365e-08, 9.90604078766e-08, 4.94377196958e-08, 2.98865749926e-08, 8.74051053756e-08, 6.87020147438e-08, 1.44411188785e-07, 1.40153943562e-07, 8.78047785591e-08, 2.81115397627e-08, 1.92603955007e-09, 2.78263436598e-11],
        "dvar2": [1.88301612525e-07, 0.000828514108434, 0.000620661885478, 0.000159043527674, 0.000287292379653, 2.6708146379e-06, 1.30613523197e-06, 9.83371364782e-07, 7.87616590969e-06, 1.79638698228e-06, 1.03489837784e-05, 2.35858060478e-05, 1.27087751025e-05, 1.99455985239e-06, 4.87789975523e-07, 1.44135327673e-07, 2.12690764556e-07, 1.1557150259e-07, 6.70672761771e-08, 1.82338567356e-07, 1.67031302567e-07, 3.41162660789e-07, 3.27298010916e-07, 1.89477034951e-07, 6.5458884535e-08, 4.66069138838e-09, 6.97958704721e-11],
        "max": [0.00402786489576, 0.205900028348, 0.137711018324, 0.0693175718188, 0.0731759443879, 0.025262221694, 0.0110848462209, 0.0123830549419, 0.0286020077765, 0.0186886098236, 0.0407758280635, 0.084044419229, 0.0544261224568, 0.0258733760566, 0.00575472088531, 0.00372539600357, 0.0046270545572, 0.00309743406251, 0.00240241410211, 0.00262763537467, 0.00329724978656, 0.00888106226921, 0.00357454270124, 0.00250956090167, 0.00180883484427, 0.00033346057171, 4.40268231614e-05],
        "mean": [0.000294575584121, 0.0217741988599, 0.00615535536781, 0.00170816516038, 0.00290991435759, 0.00140590535011, 0.000784968957305, 0.000502456328832, 0.00140005012508, 0.000644283893052, 0.00111493654549, 0.00162856234238, 0.00144734652713, 0.000627220666502, 0.000382769998396, 0.000215010208194, 0.000277105515124, 0.000174021857674, 0.000164097582456, 0.000246298644925, 0.000241422560066, 0.000336018798407, 0.000303620268824, 0.000253277918091, 0.000140500618727, 3.02540993289e-05, 2.863978807e-06],
        "median": [0.000117393268738, 0.00545186363161, 0.000148721956066, 5.5638156482e-05, 0.000745452009141, 0.000444700097432, 0.000290303374641, 0.00017269156524, 0.000393311609514, 0.000271202152362, 0.000409444328398, 0.000587705755606, 0.00056703959126, 0.000326058943756, 0.000185458397027, 9.55679715844e-05, 0.000118164854939, 6.6186854383e-05, 7.35348439775e-05, 8.53691453813e-05, 0.00012587045785, 0.000124198413687, 0.000111870620458, 9.99152034638e-05, 4.25587713835e-05, 9.89989894151e-06, 7.29529801902e-07],
        "min": [1.05708994242e-23, 1.25544759709e-23, 4.30676465504e-23, 3.89070048096e-23, 5.54899843753e-23, 7.84820990753e-23, 4.38926467514e-23, 3.39642358803e-23, 3.31986148174e-23, 7.65301353406e-23, 6.35455479495e-23, 1.62567344632e-22, 8.1233967768e-23, 8.37404628538e-23, 1.65889610246e-22, 8.2927008421e-23, 1.79935575275e-22, 4.63022880196e-22, 2.33863028146e-22, 3.97253741614e-22, 3.67158205831e-22, 3.61550427158e-22, 6.14346647144e-22, 8.82717329048e-22, 1.13985427825e-21, 2.21914382993e-21, 2.70938344634e-21],
        "var": [1.63681249887e-07, 0.00148849084508, 0.000217328313738, 3.50192312908e-05, 6.28217021585e-05, 6.37226185063e-06, 1.62799642567e-06, 8.29047792195e-07, 6.9575339694e-06, 1.25444603327e-06, 6.00973862674e-06, 1.5229183191e-05, 7.02038869349e-06, 1.01406294561e-06, 2.72032650628e-07, 1.04650219157e-07, 1.54976660838e-07, 7.42525969599e-08, 4.66670435628e-08, 1.32313843437e-07, 9.4373660886e-08, 2.45249424324e-07, 1.84882409826e-07, 1.26017354773e-07, 4.41563194897e-08, 2.17465312424e-09, 2.67303575108e-11]
    },
    "erbbands": {
        "dmean": [0.351703882217, 3.44645738602, 6.82639408112, 7.21874809265, 10.9595060349, 11.2902097702, 5.7301864624, 5.28325128555, 7.21664237976, 7.92720985413, 8.15367412567, 24.4119167328, 14.9427242279, 12.201423645, 44.0641517639, 47.3762283325, 56.5257301331, 21.3066520691, 16.6874160767, 12.323589325, 9.27922534943, 9.05253696442, 7.26702308655, 6.96654033661, 4.93551301956, 9.04534435272, 6.37767267227, 9.0425157547, 8.45687484741, 8.36862468719, 7.08455228806, 5.05311250687, 2.8826622963, 1.69719254971, 0.657058358192, 0.178567245603, 0.0415759943426, 0.00621899496764, 0.000633484800346, 3.39661855833e-05],
        "dmean2": [0.410362094641, 4.1058588028, 9.72865962982, 12.010011673, 19.7475337982, 20.3363037109, 9.47692584991, 7.53031158447, 10.1876945496, 11.7117443085, 12.1299686432, 34.7029724121, 22.1430263519, 18.8395824432, 68.5557479858, 75.3872756958, 92.3424453735, 34.485004425, 26.4115982056, 19.5895690918, 13.7998943329, 13.6996555328, 11.061583519, 11.0588579178, 7.75459480286, 14.0504608154, 9.97108745575, 15.3249721527, 13.1504554749, 13.1423978806, 11.3107385635, 7.53862190247, 4.37637996674, 2.6204123497, 1.04026663303, 0.283814609051, 0.06706892699, 0.0100866267458, 0.00102762668394, 4.85439086333e-05],
        "dvar": [0.280019462109, 39.0287971497, 243.261932373, 373.991424561, 1071.91430664, 1017.6685791, 148.894973755, 76.5746459961, 159.815811157, 263.794342041, 200.234024048, 2833.39770508, 1031.49731445, 507.376342773, 11763.7753906, 20681.5292969, 11854.5605469, 1948.96032715, 655.336364746, 373.187866211, 190.736526489, 189.771575928, 161.524383545, 134.115478516, 50.6220550537, 218.214248657, 86.8367233276, 164.929580688, 175.56098938, 164.239318848, 110.461990356, 65.1062927246, 17.3728218079, 5.55295562744, 0.838528037071, 0.0757903009653, 0.00445213820785, 0.000115241746244, 1.23184941003e-06, 1.8371649757e-09],
        "dvar2": [0.384532064199, 58.9559288025, 549.335876465, 974.14074707, 2987.29272461, 2908.60717773, 402.417297363, 154.779312134, 291.703491211, 561.020812988, 432.844848633, 5937.63525391, 2122.9543457, 1134.91296387, 26875.5839844, 54986.7265625, 29624.3515625, 5108.41210938, 1588.4309082, 847.714050293, 384.855834961, 405.912200928, 369.381591797, 306.58505249, 111.641098022, 430.594238281, 186.158813477, 417.666717529, 420.444213867, 378.175964355, 259.430175781, 138.196121216, 39.1987419128, 12.9833698273, 1.99005937576, 0.180581957102, 0.0110279005021, 0.000289272429654, 3.01457043861e-06, 4.07451539175e-09],
        "max": [6.68986082077, 49.8875083923, 138.619354248, 187.682342529, 234.878814697, 260.097625732, 274.923614502, 197.337219238, 323.360168457, 203.712631226, 337.311828613, 781.168334961, 729.94317627, 477.202667236, 2180.61425781, 4303.578125, 2543.96679688, 1387.86047363, 411.923095703, 298.996429443, 180.033203125, 208.037887573, 185.341201782, 241.006011963, 94.4606781006, 123.845718384, 86.0051040649, 184.640808105, 338.948791504, 189.839782715, 87.9779281616, 69.134185791, 34.6589317322, 23.5088863373, 8.39207077026, 2.44642567635, 0.615609109402, 0.0840000584722, 0.00937402248383, 0.00037119051558],
        "mean": [0.590419709682, 4.97244501114, 7.91071987152, 6.71648168564, 8.10426425934, 9.90579795837, 7.49976587296, 11.3866930008, 13.8862714767, 11.7199144363, 13.3768644333, 37.1862487793, 21.4177761078, 18.8391666412, 64.5105743408, 74.1168212891, 73.4020462036, 31.0984745026, 24.1944828033, 16.6963214874, 13.4207525253, 13.4581384659, 10.4143972397, 9.51679420471, 7.5220284462, 12.266951561, 9.24073314667, 10.769572258, 11.0676031113, 11.4017658234, 8.61419582367, 6.38349676132, 3.58174133301, 1.98200440407, 0.744627296925, 0.201043397188, 0.0446194298565, 0.00639756256714, 0.000636730110273, 7.10445892764e-05],
        "median": [0.184792891145, 1.10265159607, 0.704009890556, 0.34424495697, 1.09777235985, 2.87543964386, 2.99576377869, 3.62392044067, 4.59639453888, 4.48970127106, 5.87171268463, 10.3636684418, 9.03445053101, 10.1152439117, 28.3450298309, 30.2416114807, 32.4728355408, 18.4548835754, 12.7973079681, 8.3392534256, 6.42484474182, 5.91879940033, 4.45903730392, 3.82723999023, 3.44324350357, 4.24373435974, 4.40016365051, 5.10210990906, 4.39577198029, 3.99580287933, 3.30733013153, 2.39689540863, 1.48701119423, 0.616745471954, 0.23544305563, 0.0634114593267, 0.0158160384744, 0.00209235213697, 0.000163889984833, 4.59725852124e-05],
        "min": [7.83763020994e-22, 2.11175131027e-21, 3.39181468145e-20, 1.04440599623e-19, 2.27632479003e-19, 1.4560720736e-19, 3.57125949537e-19, 6.58962164655e-19, 6.36552549391e-19, 5.69638083931e-19, 6.56631169688e-19, 5.95837633966e-19, 1.91896430894e-18, 2.46910765869e-18, 3.72666496728e-18, 6.79470639697e-18, 4.94953073457e-18, 3.9856241978e-18, 8.14552128859e-18, 5.66754873528e-18, 5.65537966769e-18, 1.06521060193e-17, 1.81000518353e-17, 1.88531170649e-17, 1.58901792718e-17, 1.93020197115e-17, 1.70721707363e-17, 1.33031636342e-17, 1.45515379973e-17, 1.03688777232e-17, 1.70606481104e-17, 1.84537228323e-17, 1.50132751783e-17, 1.29236242179e-17, 8.90972864111e-18, 7.63634529945e-18, 4.36123740138e-18, 1.40569026025e-18, 3.56514171926e-19, 4.33345318009e-20],
        "var": [0.896155238152, 90.268371582, 288.469696045, 299.856811523, 679.987976074, 644.098388672, 144.625869751, 438.871643066, 912.203796387, 424.368377686, 397.269866943, 5245.18164062, 1643.87036133, 721.0703125, 16970.4179688, 34895.9726562, 16031.2021484, 2242.65209961, 1006.11193848, 527.657226562, 330.392456055, 321.839874268, 239.620803833, 197.972763062, 85.3590164185, 340.801422119, 141.978805542, 206.296539307, 275.2137146, 265.694824219, 144.047485352, 89.0303421021, 24.1185894012, 8.52516365051, 1.19901609421, 0.0950819626451, 0.00466786045581, 0.000113376401714, 1.22744461351e-06, 4.27465485231e-09]
    },
    "gfcc": {
        "mean": [2.5677690506, 75.1398696899, -124.270401001, 20.7300930023, -66.2532958984, 32.3939476013, -33.545917511, 1.61958229542, -21.7604026794, 5.76134538651, -6.14055871964, 4.44354104996, -6.24376106262],
        "cov": [[8267.73339844, -1757.57104492, 1503.41625977, 1950.43835449, 110.234115601, 923.43359375, 188.818374634, 636.296569824, 71.3853759766, 278.128173828, -278.951782227, 118.156135559, -281.455505371], [-1757.57104492, 1702.17236328, 139.131973267, -228.745483398, 517.716552734, 1.90861666203, 211.787719727, -69.3968200684, 125.79284668, -113.987190247, 156.633270264, -103.822738647, 81.5498046875], [1503.41625977, 139.131973267, 1793.91125488, 1166.22595215, 526.888061523, 627.084899902, 403.674530029, 384.437866211, 209.335601807, 174.104141235, -59.6815452576, -22.8890018463, -112.789276123], [1950.43835449, -228.745483398, 1166.22595215, 1135.08288574, 390.414093018, 534.450256348, 280.181335449, 362.204193115, 194.735671997, 155.90852356, -37.9031639099, 27.6403064728, -83.9291992188], [110.234115601, 517.716552734, 526.888061523, 390.414093018, 559.065307617, 307.80090332, 250.673202515, 147.480255127, 156.173568726, 31.6104545593, 71.3742980957, -0.75525778532, 6.90106296539], [923.43359375, 1.90861666203, 627.084899902, 534.450256348, 307.80090332, 480.628662109, 258.562835693, 201.194549561, 118.904380798, 89.4881973267, 30.065322876, 29.8982276917, -25.5888805389], [188.818374634, 211.787719727, 403.674530029, 280.181335449, 250.673202515, 258.562835693, 261.952667236, 169.272781372, 120.356269836, 60.752948761, 49.629119873, 14.5176744461, 0.312197029591], [636.296569824, -69.3968200684, 384.437866211, 362.204193115, 147.480255127, 201.194549561, 169.272781372, 253.324172974, 161.758773804, 98.0599517822, 11.525677681, 34.8184318542, -6.47718524933], [71.3853759766, 125.79284668, 209.335601807, 194.735671997, 156.173568726, 118.904380798, 120.356269836, 161.758773804, 192.738372803, 88.5393676758, 60.147315979, 26.2589607239, 27.6509552002], [278.128173828, -113.987190247, 174.104141235, 155.90852356, 31.6104545593, 89.4881973267, 60.752948761, 98.0599517822, 88.5393676758, 131.085159302, 48.3039550781, 47.5255470276, 7.6383523941], [-278.951782227, 156.633270264, -59.6815452576, -37.9031639099, 71.3742980957, 30.065322876, 49.629119873, 11.525677681, 60.147315979, 48.3039550781, 124.435935974, 62.0259284973, 49.7107124329], [118.156135559, -103.822738647, -22.8890018463, 27.6403064728, -0.75525778532, 29.8982276917, 14.5176744461, 34.8184318542, 26.2589607239, 47.5255470276, 62.0259284973, 104.014587402, 49.1505088806], [-281.455505371, 81.5498046875, -112.789276123, -83.9291992188, 6.90106296539, -25.5888805389, 0.312197029591, -6.47718524933, 27.6509552002, 7.6383523941, 49.7107124329, 49.1505088806, 86.3311462402]],
        "icov": [[0.000349526904756, -6.47765045869e-05, 0.000273952726275, -0.000589775794651, 0.000119952201203, -0.000532170641236, 0.000597534992266, -0.000752789201215, 0.000677184434608, -0.000342128943885, 0.000556609709747, -0.000530759163667, 0.00055433617672], [-6.47765045869e-05, 0.00245886389166, -0.00109957251698, 0.00118901557289, -0.0017311705742, 0.00138739752583, -0.00147668120917, 0.00121291994583, -0.00147206103429, 0.002733979607, -0.00363887869753, 0.00352568365633, -0.00185088883154], [0.000273952726275, -0.00109957251698, 0.00292246975005, -0.00270008016378, 0.000264577771304, -0.000871565018315, -0.000749658036511, -0.000126322542201, 0.00131623109337, -0.0030269480776, 0.00363785400987, -0.0014312940184, 0.00140511360951], [-0.000589775794651, 0.00118901557289, -0.00270008016378, 0.00611433014274, -0.00185999844689, -0.000909989932552, 0.0014827856794, -0.00173059967346, -0.00151228101458, 0.0015779362293, -0.00173290795647, 0.00100748683326, -0.000116552233521], [0.000119952201203, -0.0017311705742, 0.000264577771304, -0.00185999844689, 0.00613711867481, -0.00189304305241, -0.00126069330145, 0.00122404377908, -0.00197968282737, 0.00139241991565, 0.000200030321139, -0.00166150694713, 0.000950111600105], [-0.000532170641236, 0.00138739752583, -0.000871565018315, -0.000909989932552, -0.00189304305241, 0.00890463311225, -0.00676896143705, 0.00283481180668, -0.000592583499383, 0.000894042139407, -0.00245518819429, 0.00124653067905, -0.00122627569363], [0.000597534992266, -0.00147668120917, -0.000749658036511, 0.0014827856794, -0.00126069330145, -0.00676896143705, 0.018258985132, -0.0121159255505, 0.00514156464487, -0.00048052315833, -0.0038920645602, 0.00169196235947, 0.000598027778324], [-0.000752789201215, 0.00121291994583, -0.000126322542201, -0.00173059967346, 0.00122404377908, 0.00283481180668, -0.0121159255505, 0.0253385677934, -0.0169498287141, 3.86699575756e-05, 0.00798272062093, -0.0064095617272, 0.00171782670077], [0.000677184434608, -0.00147206103429, 0.00131623109337, -0.00151228101458, -0.00197968282737, -0.000592583499383, 0.00514156464487, -0.0169498287141, 0.0241997782141, -0.0079577350989, -0.00563657516614, 0.00690714176744, -0.00519363582134], [-0.000342128943885, 0.002733979607, -0.0030269480776, 0.0015779362293, 0.00139241991565, 0.000894042139407, -0.00048052315833, 3.86699575756e-05, -0.0079577350989, 0.0214090310037, -0.0108968159184, 0.000145682308357, 0.000885940913577], [0.000556609709747, -0.00363887869753, 0.00363785400987, -0.00173290795647, 0.000200030321139, -0.00245518819429, -0.0038920645602, 0.00798272062093, -0.00563657516614, -0.0108968159184, 0.030990621075, -0.0181261524558, 0.00343362754211], [-0.000530759163667, 0.00352568365633, -0.0014312940184, 0.00100748683326, -0.00166150694713, 0.00124653067905, 0.00169196235947, -0.0064095617272, 0.00690714176744, 0.000145682308357, -0.0181261524558, 0.030939027667, -0.0153382467106], [0.00055433617672, -0.00185088883154, 0.00140511360951, -0.000116552233521, 0.000950111600105, -0.00122627569363, 0.000598027778324, 0.00171782670077, -0.00519363582134, 0.000885940913577, 0.00343362754211, -0.0153382467106, 0.0248890575022]]
    },
    "melbands": {
        "dmean": [0.00357271707617, 0.00347966398112, 0.00123824062757, 0.000890437571798, 0.000236960302573, 0.00012467300985, 0.000107831205241, 8.56968617882e-05, 9.23445622902e-05, 0.000138305636938, 7.2257615102e-05, 4.59332513856e-05, 0.00012519180018, 0.00014643681061, 0.000147624348756, 7.05642523826e-05, 4.60364135506e-05, 2.98631821352e-05, 1.82217572728e-05, 1.33497924253e-05, 1.23831259771e-05, 9.60690340435e-06, 1.02396206785e-05, 5.83562632528e-06, 6.02582758802e-06, 4.16713555751e-06, 3.52730057784e-06, 7.02722900314e-06, 4.32615070167e-06, 4.26725364377e-06, 5.99040822635e-06, 5.09422898176e-06, 4.93697552884e-06, 4.55396912002e-06, 3.94397739001e-06, 3.98389556722e-06, 2.84140378426e-06, 2.00469230549e-06, 1.89815148133e-06, 1.30687942601e-06],
        "dmean2": [0.00404575187713, 0.00409864028916, 0.00197300082073, 0.00161097140517, 0.000402266246965, 0.000175778186531, 0.000152441076352, 0.000126619677758, 0.000134697911562, 0.000196944049094, 0.000108204738353, 7.18988812878e-05, 0.00019451098342, 0.000230827688938, 0.000239857341512, 0.000114634021884, 7.50900726416e-05, 4.7119865485e-05, 2.95057943731e-05, 2.09383706533e-05, 1.85460612556e-05, 1.46078027683e-05, 1.60657309607e-05, 9.13175972528e-06, 9.71094323177e-06, 6.52132985124e-06, 5.63880712434e-06, 1.08954163807e-05, 6.87270994604e-06, 6.93900074111e-06, 1.03865795609e-05, 8.21473167889e-06, 7.72443218011e-06, 7.23228868083e-06, 6.50433321425e-06, 6.17618024989e-06, 4.22237189923e-06, 3.05149774249e-06, 2.96972280012e-06, 2.05274022846e-06],
        "dvar": [3.25014407281e-05, 4.17105729866e-05, 9.94070796878e-06, 6.65052994009e-06, 2.81041252492e-07, 4.34609646049e-08, 3.32224701083e-08, 3.04644558469e-08, 2.89596204794e-08, 8.4971851777e-08, 2.55251162429e-08, 8.76849526321e-09, 8.88004692001e-08, 1.28916525455e-07, 7.18565402735e-08, 1.93293701045e-08, 9.85132064812e-09, 2.01164840341e-09, 8.87249662629e-10, 4.73458605654e-10, 4.08460543166e-10, 2.06648975709e-10, 3.51737639015e-10, 1.15519836752e-10, 1.06702938152e-10, 3.95826080246e-11, 2.67877907356e-11, 1.3903099505e-10, 4.17257235708e-11, 4.60781274247e-11, 7.28730617516e-11, 7.16378900645e-11, 6.42648989579e-11, 5.23449721068e-11, 3.28355537205e-11, 4.47199464959e-11, 2.09251695832e-11, 8.5275788167e-12, 8.41348084951e-12, 3.13323000357e-12],
        "dvar2": [4.53777538496e-05, 6.91473178449e-05, 2.43834201683e-05, 1.88449448615e-05, 7.77545608344e-07, 8.40406926272e-08, 6.16332229697e-08, 6.49999165603e-08, 6.06238614864e-08, 1.7881482961e-07, 5.27660688476e-08, 2.00696987918e-08, 2.02701244234e-07, 3.28282283135e-07, 1.83576673862e-07, 4.78513797475e-08, 2.59125663149e-08, 4.71564520765e-09, 2.18686047049e-09, 1.03339414803e-09, 8.65994553845e-10, 4.34970892638e-10, 8.24335377736e-10, 2.78288808664e-10, 2.4853899494e-10, 9.12747655235e-11, 6.03611466365e-11, 2.7860638796e-10, 9.36180785671e-11, 1.11322139007e-10, 1.87062323964e-10, 1.75983311257e-10, 1.48174084114e-10, 1.23210580627e-10, 7.96923568802e-11, 1.00470340381e-10, 4.46222087058e-11, 1.91818175926e-11, 1.999946736e-11, 7.44083527432e-12],
        "max": [0.056993342936, 0.0551015995443, 0.0288816634566, 0.0184613931924, 0.0110508035868, 0.00514687644318, 0.00435428414494, 0.00236982875504, 0.00255768140778, 0.00426094094291, 0.00362948141992, 0.00210192706436, 0.00559396995232, 0.00918278284371, 0.00551531743258, 0.00298380944878, 0.003085864475, 0.000793424958829, 0.000392795744119, 0.000366745487554, 0.000303414271912, 0.000246236886596, 0.000313927070238, 0.000142550037708, 0.000222008253331, 9.96574526653e-05, 6.84371188981e-05, 0.000109520740807, 5.92620126554e-05, 8.22656802484e-05, 0.000114624162961, 0.000264070316916, 0.000180160088348, 9.08218498807e-05, 6.30158974673e-05, 5.35233375558e-05, 3.72680151486e-05, 2.50999910349e-05, 3.8304777263e-05, 1.48939770952e-05],
        "mean": [0.00582689559087, 0.00514284567907, 0.00119928712957, 0.00071012484841, 0.000289357383735, 0.000272983219475, 0.000201190079679, 0.00012431498908, 0.000148167717271, 0.000209688339964, 9.86352824839e-05, 6.58780700178e-05, 0.000181434748811, 0.000211672668229, 0.000202512077522, 9.05207998585e-05, 6.12579824519e-05, 4.193418863e-05, 2.39248965954e-05, 1.72565687535e-05, 1.66775371326e-05, 1.39638459586e-05, 1.30818607431e-05, 7.8389666669e-06, 7.65681397752e-06, 5.84620966038e-06, 5.13477561981e-06, 9.13942221814e-06, 5.76405864194e-06, 5.7860816014e-06, 6.62759384795e-06, 6.19708544036e-06, 6.81044093653e-06, 5.93867389398e-06, 4.6740747166e-06, 4.84439806314e-06, 3.56897453457e-06, 2.48556193583e-06, 2.27238410844e-06, 1.46757190578e-06],
        "median": [0.00162279419601, 0.000986568629742, 6.35522592347e-05, 0.000146963982843, 0.000120878365124, 8.33936792333e-05, 6.69962901156e-05, 4.45984405815e-05, 5.59438340133e-05, 6.07437323197e-05, 3.58060497092e-05, 3.11845178658e-05, 7.64234355302e-05, 8.08963377494e-05, 9.70010078163e-05, 3.67790853488e-05, 3.19716709782e-05, 2.07378725463e-05, 1.19679625641e-05, 7.51375091568e-06, 7.23119774193e-06, 5.67806728213e-06, 5.17099897479e-06, 2.81738789454e-06, 2.86337444777e-06, 2.37783069679e-06, 2.49996423918e-06, 2.55697159446e-06, 2.42992427957e-06, 2.88312094199e-06, 2.91766673399e-06, 2.48702281169e-06, 2.09358768188e-06, 2.08398478208e-06, 1.81961468115e-06, 1.69405120687e-06, 1.31322440211e-06, 1.10212727122e-06, 7.36525578304e-07, 4.45859654974e-07],
        "min": [6.09139773894e-24, 1.27176281833e-23, 2.21105626384e-23, 1.47973297978e-23, 1.05123525344e-23, 1.54011239347e-23, 8.84463116097e-24, 6.81563279223e-24, 4.55552421066e-24, 4.45728499555e-24, 9.6512264482e-24, 1.00101423829e-23, 1.02798586595e-23, 1.71200881348e-23, 1.49465980583e-23, 8.89811750807e-24, 6.47346831889e-24, 1.17751500274e-23, 1.23184464214e-23, 4.32488415894e-24, 7.62723103532e-24, 1.10247003374e-23, 1.11016710736e-23, 2.23380496131e-23, 1.41512968927e-23, 1.00023231936e-23, 1.40185095142e-23, 1.1713702496e-23, 1.11756141617e-23, 9.11914371193e-24, 7.43986947058e-24, 8.85607989929e-24, 5.8146550782e-24, 6.12981802604e-24, 9.56928825484e-24, 1.17565226548e-23, 1.16682775185e-23, 1.18962393875e-23, 7.18480549637e-24, 1.23828521812e-23],
        "var": [9.74088106886e-05, 8.90898008947e-05, 8.96838355402e-06, 4.16736156694e-06, 2.30483237829e-07, 2.80198776181e-07, 1.73417603833e-07, 4.98696977047e-08, 5.65506077521e-08, 1.56352044201e-07, 4.05879028165e-08, 1.16775007442e-08, 1.29957371087e-07, 2.12803072941e-07, 1.06773761388e-07, 2.60783341588e-08, 1.10940634457e-08, 3.32325567065e-09, 1.15446818771e-09, 6.63217814001e-10, 6.41697250892e-10, 3.58676394141e-10, 4.59353832749e-10, 1.63575680778e-10, 1.46457179717e-10, 6.15159659323e-11, 4.06955961985e-11, 2.14097642393e-10, 6.18734646851e-11, 6.30833163484e-11, 8.4060897132e-11, 9.68342558916e-11, 1.09265547998e-10, 7.40172576008e-11, 4.09775963162e-11, 5.5674052174e-11, 2.83324457645e-11, 1.16140925002e-11, 1.20806177561e-11, 4.57639048185e-12]
    },
    "mfcc": {
        "mean": [-634.119873047, 103.197311401, 1.82019793987, -3.71178436279, -3.70994329453, 17.4059619904, 2.28726243973, 2.71253943443, -5.52709627151, -1.27314639091, 0.544515430927, 6.03278207779, 1.66388690472],
        "cov": [[5961.140625, -1570.74804688, 1096.45812988, 1069.02636719, 554.719482422, 482.052246094, 375.192779541, 424.792022705, 405.56161499, 312.083648682, 193.05241394, 144.126861572, 59.7758102417], [-1570.74804688, 1361.26403809, -160.640579224, -200.904037476, 102.98261261, 40.1090316772, 72.766204834, 34.3840713501, -26.619222641, -38.6784858704, 16.5165233612, 6.95236444473, 4.57144451141], [1096.45812988, -160.640579224, 1279.08837891, 735.123962402, 451.182739258, 429.592132568, 367.776428223, 299.90713501, 339.043945312, 273.609802246, 185.512451172, 143.651565552, 99.6605834961], [1069.02636719, -200.904037476, 735.123962402, 679.301574707, 400.906402588, 289.704589844, 238.769683838, 251.596755981, 256.422821045, 215.484970093, 156.916290283, 120.590568542, 70.1513366699], [554.719482422, 102.98261261, 451.182739258, 400.906402588, 443.583862305, 299.58883667, 226.542053223, 227.620056152, 198.78225708, 155.406478882, 126.802253723, 99.0939102173, 64.9216003418], [482.052246094, 40.1090316772, 429.592132568, 289.704589844, 299.58883667, 347.984039307, 265.557495117, 195.756774902, 158.137756348, 119.574516296, 100.76940155, 93.9055480957, 70.8006973267], [375.192779541, 72.766204834, 367.776428223, 238.769683838, 226.542053223, 265.557495117, 275.635650635, 199.11807251, 145.454559326, 105.126304626, 91.1303939819, 82.2616271973, 62.1387138367], [424.792022705, 34.3840713501, 299.90713501, 251.596755981, 227.620056152, 195.756774902, 199.11807251, 240.166061401, 177.682693481, 125.108047485, 103.174201965, 89.8817367554, 57.9039573669], [405.56161499, -26.619222641, 339.043945312, 256.422821045, 198.78225708, 158.137756348, 145.454559326, 177.682693481, 214.010131836, 153.368682861, 105.110992432, 80.4752120972, 55.0515441895], [312.083648682, -38.6784858704, 273.609802246, 215.484970093, 155.406478882, 119.574516296, 105.126304626, 125.108047485, 153.368682861, 173.247421265, 113.545516968, 71.1280441284, 43.7750854492], [193.05241394, 16.5165233612, 185.512451172, 156.916290283, 126.802253723, 100.76940155, 91.1303939819, 103.174201965, 105.110992432, 113.545516968, 129.566116333, 88.5705490112, 44.7922019958], [144.126861572, 6.95236444473, 143.651565552, 120.590568542, 99.0939102173, 93.9055480957, 82.2616271973, 89.8817367554, 80.4752120972, 71.1280441284, 88.5705490112, 112.184043884, 69.4315948486], [59.7758102417, 4.57144451141, 99.6605834961, 70.1513366699, 64.9216003418, 70.8006973267, 62.1387138367, 57.9039573669, 55.0515441895, 43.7750854492, 44.7922019958, 69.4315948486, 91.2381973267]],
