{
"lowlevel": {
    "average_loudness": 0.713537454605,
    "barkbands_crest": {
        "dmean": 3.58816456795,
        "dmean2": 5.59948682785,
        "dvar": 12.9303865433,
        "dvar2": 27.6830024719,
        "max": 26.8570480347,
        "mean": 13.7573328018,
        "median": 12.7275362015,
        "min": 2.12338423729,
        "var": 53.0444335938
    },
    "barkbands_flatness_db": {
        "dmean": 0.0487110801041,
        "dmean2": 0.0646345168352,
        "dvar": 0.00318989367224,
        "dvar2": 0.00599640281871,
        "max": 0.64938223362,
        "mean": 0.208058863878,
        "median": 0.165588244796,
        "min": 0.0249182283878,
        "var": 0.0167937763035
    },
    "barkbands_kurtosis": {
        "dmean": 63.3975257874,
        "dmean2": 91.0319671631,
        "dvar": 42389.5039062,
        "dvar2": 81829.3203125,
        "max": 4084.60180664,
        "mean": 84.529258728,
        "median": 2.73790407181,
        "min": -1.93351113796,
        "var": 77470.0390625
    },
    "barkbands_skewness": {
        "dmean": 2.19132018089,
        "dmean2": 2.96681451797,
        "dvar": 11.9197721481,
        "dvar2": 23.462272644,
        "max": 53.9355354309,
        "mean": 4.09408283234,
        "median": 1.91600418091,
        "min": -5.20635414124,
        "var": 38.4972724915
    },
    "barkbands_spread": {
        "dmean": 11.3382253647,
        "dmean2": 16.3688545227,
        "dvar": 197.677612305,
        "dvar2": 384.358215332,
        "max": 117.633979797,
        "mean": 28.7267456055,
        "median": 21.2757644653,
        "min": 0.0362862981856,
        "var": 796.97845459
    },
    "dissonance": {
        "dmean": 0.0143439704552,
        "dmean2": 0.0243119932711,
        "dvar": 0.000275281840004,
        "dvar2": 0.000704844249412,
        "max": 0.500000119209,
        "mean": 0.476957082748,
        "median": 0.48289552331,
        "min": 0.180969029665,
        "var": 0.000529691926204
    },
    "dynamic_complexity": 7.463098526,
    "erbbands_crest": {
        "dmean": 2.75143027306,
        "dmean2": 4.50798463821,
        "dvar": 10.4855518341,
        "dvar2": 23.6418628693,
        "max": 27.414691925,
        "mean": 8.16016387939,
        "median": 6.34918069839,
        "min": 2.10234022141,
        "var": 25.3392791748
    },
    "erbbands_flatness_db": {
        "dmean": 0.0257079247385,
        "dmean2": 0.0383918806911,
        "dvar": 0.000823778740596,
        "dvar2": 0.00170802744105,
        "max": 0.469478517771,
        "mean": 0.156211033463,
        "median": 0.139335468411,
        "min": 0.0359920486808,
        "var": 0.00366643886082
    },
    "erbbands_kurtosis": {
        "dmean": 2.74103021622,
        "dmean2": 4.3060503006,
        "dvar": 52.299407959,
        "dvar2": 120.878471375,
        "max": 144.338287354,
        "mean": 2.0466003418,
        "median": 0.243110179901,
        "min": -1.87528336048,
        "var": 67.2484207153
    },
    "erbbands_skewness": {
        "dmean": 0.656412124634,
        "dmean2": 0.941802322865,
        "dvar": 0.75053614378,
        "dvar2": 1.52680265903,
        "max": 10.9695796967,
        "mean": -0.113908976316,
        "median": -0.375728368759,
        "min": -3.24761867523,
        "var": 2.18133640289
    },
    "erbbands_spread": {
        "dmean": 21.9174041748,
        "dmean2": 33.1158027649,
        "dvar": 610.822387695,
        "dvar2": 1364.32641602,
        "max": 194.127319336,
        "mean": 53.1457138062,
        "median": 40.548324585,
        "min": 1.77478694916,
        "var": 1396.3972168
    },
    "hfc": {
        "dmean": 13.943447113,
        "dmean2": 19.0063591003,
        "dvar": 609.75177002,
        "dvar2": 1281.48681641,
        "max": 178.265075684,
        "mean": 16.4654388428,
        "median": 3.10609722137,
        "min": 1.11155683682e-16,
        "var": 873.540039062
    },
    "melbands_crest": {
        "dmean": 4.68492507935,
        "dmean2": 6.73919248581,
        "dvar": 25.9719486237,
        "dvar2": 53.2004241943,
        "max": 39.2817192078,
        "mean": 22.1655445099,
        "median": 22.504858017,
        "min": 1.79676163197,
        "var": 120.245071411
    },
    "melbands_flatness_db": {
        "dmean": 0.0560357570648,
        "dmean2": 0.0734855607152,
        "dvar": 0.00383958499879,
        "dvar2": 0.00718615762889,
        "max": 0.779061079025,
        "mean": 0.260098874569,
        "median": 0.213458552957,
        "min": 0.00331430719234,
        "var": 0.0250651035458
    },
    "melbands_kurtosis": {
        "dmean": 124.66027832,
        "dmean2": 179.379180908,
        "dvar": 99578.0390625,
        "dvar2": 219477.171875,
        "max": 6919.51074219,
        "mean": 192.822479248,
        "median": 24.7705249786,
        "min": -1.80535399914,
        "var": 232445.296875
    },
    "melbands_skewness": {
        "dmean": 2.97667098045,
        "dmean2": 4.11715555191,
        "dvar": 16.6851482391,
        "dvar2": 36.3410949707,
        "max": 68.3342895508,
        "mean": 7.12763309479,
        "median": 4.57751512527,
        "min": -2.33771920204,
        "var": 65.9218292236
    },
    "melbands_spread": {
        "dmean": 14.1745605469,
        "dmean2": 20.8880710602,
        "dvar": 491.21194458,
        "dvar2": 1108.35070801,
        "max": 297.891601562,
        "mean": 30.2170829773,
        "median": 18.3891601562,
        "min": 0.0547845475376,
        "var": 1183.78723145
    },
    "pitch_salience": {
        "dmean": 0.117863677442,
        "dmean2": 0.173900306225,
        "dvar": 0.0173297412694,
        "dvar2": 0.0358862765133,
        "max": 0.950115144253,
        "mean": 0.373257488012,
        "median": 0.422765284777,
        "min": 0.00806888286024,
        "var": 0.0522356331348
    },
    "silence_rate_20dB": {
        "dmean": 0,
        "dmean2": 0,
        "dvar": 0,
        "dvar2": 0,
        "max": 1,
        "mean": 1,
        "median": 1,
        "min": 1,
        "var": 0
    },
    "silence_rate_30dB": {
        "dmean": 0.0891217142344,
        "dmean2": 0.178254961967,
        "dvar": 0.0811749622226,
        "dvar2": 0.186050117016,
        "max": 1,
        "mean": 0.879842221737,
        "median": 1,
        "min": 0,
        "var": 0.10571616888
    },
    "silence_rate_60dB": {
        "dmean": 0.138274475932,
        "dmean2": 0.276566833258,
        "dvar": 0.119169741869,
        "dvar2": 0.214041411877,
        "max": 1,
        "mean": 0.404125988483,
        "median": 0,
        "min": 0,
        "var": 0.240801885724
    },
    "spectral_centroid": {
        "dmean": 477.654144287,
        "dmean2": 690.024475098,
        "dvar": 299487.96875,
        "dvar2": 533023.875,
        "max": 11399.3886719,
        "mean": 1994.50183105,
        "median": 2047.51379395,
        "min": 64.181602478,
        "var": 1202076.375
    },
    "spectral_complexity": {
        "dmean": 5.12585687637,
        "dmean2": 7.55811405182,
        "dvar": 79.9659957886,
        "dvar2": 148.764663696,
        "max": 60,
        "mean": 7.23158502579,
        "median": 1,
        "min": 0,
        "var": 144.418518066
    },
    "spectral_decrease": {
        "dmean": 5.26571142245e-09,
        "dmean2": 8.2297146875e-09,
        "dvar": 8.56225438489e-17,
        "dvar2": 2.05811019968e-16,
        "max": 5.301101016e-20,
        "mean": -9.38881061785e-09,
        "median": -1.18913945357e-09,
        "min": -8.24221686457e-08,
        "var": 1.93114697537e-16
    },
    "spectral_energy": {
        "dmean": 0.0208976436406,
        "dmean2": 0.0323714353144,
        "dvar": 0.00131927547045,
        "dvar2": 0.00315909134224,
        "max": 0.315049439669,
        "mean": 0.0369288288057,
        "median": 0.00539057748392,
        "min": 1.04202348988e-20,
        "var": 0.00291974516585
    },
    "spectral_energyband_high": {
        "dmean": 0.00136364751961,
        "dmean2": 0.00187917682342,
        "dvar": 6.77096113577e-06,
        "dvar2": 1.33156208904e-05,
        "max": 0.0198185313493,
        "mean": 0.00149725656956,
        "median": 5.49637770746e-05,
        "min": 7.31151001887e-21,
        "var": 9.80494041869e-06
    },
    "spectral_energyband_low": {
        "dmean": 0.0148620335385,
        "dmean2": 0.0219765882939,
        "dvar": 0.000737535476219,
        "dvar2": 0.00169875589199,
        "max": 0.307405412197,
        "mean": 0.0288324505091,
        "median": 0.00259590381756,
        "min": 3.59710443807e-23,
        "var": 0.00206904229708
    },
    "spectral_energyband_middle_high": {
        "dmean": 0.000847222981974,
        "dmean2": 0.00124824442901,
        "dvar": 2.85231453745e-06,
        "dvar2": 5.85291672905e-06,
        "max": 0.0160853788257,
        "mean": 0.00108505634125,
        "median": 0.000119366930448,
        "min": 1.36829870288e-21,
        "var": 4.32386696048e-06
    },
    "spectral_energyband_middle_low": {
        "dmean": 0.00956059060991,
        "dmean2": 0.0164655167609,
        "dvar": 0.000588678754866,
        "dvar2": 0.00150190328714,
        "max": 0.172065094113,
        "mean": 0.00694838957861,
        "median": 9.99821277219e-05,
        "min": 2.2505234798e-22,
        "var": 0.000439815572463
    },
    "spectral_entropy": {
        "dmean": 0.271274864674,
        "dmean2": 0.399698078632,
        "dvar": 0.137361586094,
        "dvar2": 0.26952919364,
        "max": 9.81179904938,
        "mean": 7.74816131592,
        "median": 7.90560722351,
        "min": 4.51943826675,
        "var": 0.47135451436
    },
    "spectral_flux": {
        "dmean": 0.0490034557879,
        "dmean2": 0.0737095475197,
        "dvar": 0.00458544073626,
        "dvar2": 0.00797903724015,
        "max": 0.451715856791,
        "mean": 0.0908776521683,
        "median": 0.0448684804142,
        "min": 6.52676176993e-11,
        "var": 0.010261866264
    },
    "spectral_kurtosis": {
        "dmean": 2.22257852554,
        "dmean2": 3.6549077034,
        "dvar": 25.6251907349,
        "dvar2": 61.3692855835,
        "max": 179.608520508,
        "mean": 3.56354999542,
        "median": 2.03177499771,
        "min": -1.25828325748,
        "var": 54.5036125183
    },
    "spectral_rms": {
        "dmean": 0.00157819478773,
        "dmean2": 0.00221655052155,
        "dvar": 4.93989682582e-06,
        "dvar2": 1.03031652543e-05,
        "max": 0.017531838268,
        "mean": 0.00428868550807,
        "median": 0.00229327264242,
        "min": 3.1884295551e-12,
        "var": 1.76355242729e-05
    },
    "spectral_rolloff": {
        "dmean": 977.782043457,
        "dmean2": 1613.62121582,
        "dvar": 3049760.5,
        "dvar2": 6147513.5,
        "max": 19422.9492188,
        "mean": 2163.3762207,
        "median": 968.994140625,
        "min": 21.533203125,
        "var": 7924903.5
    },
    "spectral_skewness": {
        "dmean": 0.313872277737,
        "dmean2": 0.484179645777,
        "dvar": 0.165150374174,
        "dvar2": 0.398213535547,
        "max": 10.5584039688,
        "mean": 1.17425107956,
        "median": 1.03843092918,
        "min": -0.0194824002683,
        "var": 0.462340772152
    },
    "spectral_spread": {
        "dmean": 983674.0625,
        "dmean2": 1468475.5,
        "dvar": 1.6296902656e+12,
        "dvar2": 3.0573288489e+12,
        "max": 42013348,
        "mean": 5584585.5,
        "median": 5226730,
        "min": 459612.0625,
        "var": 6.82233639731e+12
    },
    "spectral_strongpeak": {
        "dmean": 0.190338641405,
        "dmean2": 0.308883309364,
        "dvar": 0.0812193751335,
        "dvar2": 0.220804870129,
        "max": 3.40015459061,
        "mean": 0.333903849125,
        "median": 0.181643858552,
        "min": 0,
        "var": 0.135533675551
    },
    "zerocrossingrate": {
        "dmean": 0.0203680098057,
        "dmean2": 0.020231410861,
        "dvar": 0.000561253924388,
        "dvar2": 0.000581920670811,
        "max": 0.5185546875,
        "mean": 0.0726206153631,
        "median": 0.0625,
        "min": 0.00146484375,
        "var": 0.00444578938186
    },
    "barkbands": {
        "dmean": [0.0005956478999, 0.01166623272, 0.0045889467001, 0.00469936523587, 0.00496251834556, 0.000632373034023, 0.000144312522025, 0.000108701264253, 0.000176638030098, 7.34423301765e-05, 8.95009216038e-05, 5.18011365784e-05, 7.89761179476e-05, 0.000105726881884, 0.000108338688733, 8.39251079015e-05, 9.92082132143e-05, 7.81092749094e-05, 0.000132610119181, 0.000187908459338, 0.000272573408438, 0.000336030789185, 0.000188768026419, 0.00023745407816, 0.000220593457925, 6.95737471688e-05, 4.09957607417e-07],
        "dmean2": [0.000824758957606, 0.0167785808444, 0.00781091209501, 0.00830265879631, 0.00939531624317, 0.00112173263915, 0.00022774815443, 0.000201755581656, 0.000325992965372, 0.000122430312331, 0.000136163813295, 8.43279703986e-05, 0.000124662823509, 0.000169112594449, 0.000172347092303, 0.000140977092087, 0.000162666256074, 0.000123203848489, 0.000204319585464, 0.000280812993878, 0.000395231123548, 0.000511272752192, 0.00026791804703, 0.000330723094521, 0.00032002775697, 9.87524617813e-05, 7.11681764187e-07],
        "dvar": [2.82446171695e-06, 0.000553025805857, 0.000102761456219, 0.000168487764313, 0.000224519710173, 2.32600973504e-06, 7.87980383166e-08, 1.38414037565e-07, 4.86603198624e-07, 4.03103115332e-08, 6.31696295272e-08, 1.96858316315e-08, 3.2445761633e-08, 6.31349337255e-08, 5.77515457678e-08, 5.13804678803e-08, 3.61840406526e-08, 2.82179826172e-08, 8.85484894297e-08, 1.76343931457e-07, 4.44564932423e-07, 8.0541292391e-07, 1.2588328957e-07, 2.17277104753e-07, 2.19567894533e-07, 2.00095389147e-08, 1.87290157341e-12],
        "dvar2": [5.12892984261e-06, 0.00131087307818, 0.000257302250247, 0.000441220181528, 0.000638249097392, 6.48829336569e-06, 1.76426055987e-07, 4.04001184506e-07, 1.41978000556e-06, 1.03785147587e-07, 1.31562586603e-07, 4.341948312e-08, 6.59689973759e-08, 1.50342430061e-07, 1.33400703817e-07, 1.3267950294e-07, 8.65574278919e-08, 6.72704416615e-08, 1.89049259802e-07, 3.30431674911e-07, 8.22869026251e-07, 1.88302931292e-06, 2.23826901902e-07, 3.75275476472e-07, 4.6662415798e-07, 3.88782339655e-08, 4.79399939884e-12],
        "max": [0.0336631312966, 0.283943712711, 0.108146339655, 0.097896412015, 0.0995603352785, 0.0270224381238, 0.00481646228582, 0.00617133453488, 0.00692957825959, 0.00502638332546, 0.00427857320756, 0.00378618855029, 0.00243383157067, 0.0027785631828, 0.00320990150794, 0.00331632350571, 0.00233505456708, 0.00224430300295, 0.00327657861635, 0.00445696339011, 0.00632111681625, 0.00836032815278, 0.00290149473585, 0.00378820369951, 0.00364624755457, 0.00219509680755, 7.03666373738e-05],
        "mean": [0.00205592182465, 0.0214974731207, 0.00387015100569, 0.00314391800202, 0.00292580504902, 0.000484423100716, 0.00015961760073, 7.75277076173e-05, 0.000123435893329, 7.55197761464e-05, 9.58354430622e-05, 5.9905971284e-05, 8.68709830684e-05, 0.000121539611428, 0.000127624385641, 7.10684107617e-05, 0.000115229428047, 9.33653500397e-05, 0.000144114310388, 0.000204827272682, 0.000299174716929, 0.000315131212119, 0.000222783288336, 0.000262720684987, 0.00022095029999, 7.34368659323e-05, 3.15033162224e-07],
        "median": [0.000194671345525, 0.00184065429494, 1.52455268108e-05, 6.01014971835e-06, 1.57181311806e-05, 1.36617309181e-05, 9.8069649539e-06, 2.90204206976e-06, 3.53875975634e-06, 6.6786210482e-06, 9.41732832871e-06, 6.55316489429e-06, 4.96483835377e-06, 8.6534073489e-06, 1.5793773855e-05, 6.19690990789e-06, 1.63307413459e-05, 8.79779508978e-06, 8.68120787345e-06, 1.49013749251e-05, 1.29911786644e-05, 1.23404142869e-05, 6.35579135633e-06, 5.1261004046e-06, 2.35708193941e-06, 5.30305499069e-07, 1.53189905205e-09],
        "min": [9.29445582077e-25, 6.26186111423e-24, 4.29826641428e-24, 4.36327013059e-24, 2.62725675308e-23, 1.80205965239e-23, 1.16597578208e-23, 2.14294096458e-23, 2.74583106684e-23, 3.34992276203e-23, 2.78248817092e-23, 4.48498063976e-23, 4.26328390412e-23, 3.49946712383e-23, 9.51367829418e-23, 1.10152851247e-22, 1.04843413458e-22, 7.89956538355e-23, 1.97381442453e-22, 2.47929061796e-22, 2.38181240119e-22, 4.19086811385e-22, 4.07262909754e-22, 6.88717878446e-22, 9.80365939776e-22, 1.37099289638e-21, 2.08125205441e-21],
        "var": [2.70913078566e-05, 0.0014347168617, 0.000100222932815, 0.000117452334962, 0.000128405430587, 1.58860405008e-06, 1.2208963085e-07, 7.9602415326e-08, 2.77661825976e-07, 3.97636945593e-08, 8.28821953291e-08, 2.76514544595e-08, 5.04382775546e-08, 6.8675099385e-08, 6.77333815702e-08, 4.20246948352e-08, 4.4929343801e-08, 3.67324304307e-08, 1.18797593984e-07, 2.58792510976e-07, 6.26792598268e-07, 8.52672258134e-07, 2.01207754458e-07, 3.40869746651e-07, 2.87888155981e-07, 2.90793344959e-08, 1.68914665241e-12]
    },
    "erbbands": {
        "dmean": [0.424971818924, 2.50617432594, 4.4706287384, 11.5874891281, 21.1692581177, 11.9476604462, 6.48723363876, 4.65835046768, 2.90187454224, 1.95371758938, 2.36049008369, 4.40571165085, 3.09557032585, 2.34403252602, 2.94645810127, 2.74014878273, 3.95193624496, 4.930727005, 5.44670677185, 5.37948894501, 4.69242286682, 5.17819833755, 3.99677491188, 5.75518321991, 7.75923919678, 8.78721141815, 10.321267128, 11.4853982925, 12.1778392792, 7.30497598648, 5.59255599976, 4.17234373093, 4.61175251007, 3.18046426773, 1.09430110455, 0.365458399057, 0.126972973347, 0.0111188758165, 0.000234278370044, 3.56150740117e-05],
        "dmean2": [0.613274753094, 3.56275868416, 7.11135292053, 20.2128601074, 38.9334068298, 22.4898586273, 11.9273729324, 8.20842075348, 4.70898723602, 3.29191231728, 4.33086442947, 8.13603019714, 5.52480888367, 3.53166460991, 4.45192193985, 4.32275247574, 6.18483114243, 7.5999956131, 8.93281078339, 8.41340446472, 7.6239771843, 8.52624607086, 6.3283905983, 8.7940826416, 11.9426050186, 13.2447624207, 15.2593584061, 16.8097000122, 18.7105026245, 10.6685647964, 7.9471950531, 5.69276952744, 6.4016623497, 4.69523668289, 1.56661248207, 0.517269611359, 0.182266280055, 0.0161507036537, 0.000336621771567, 5.1551967772e-05],
        "dvar": [0.946834146976, 22.305103302, 86.2327804565, 879.569030762, 4182.57177734, 1221.30151367, 283.313659668, 124.560829163, 36.8125267029, 23.6989459991, 67.7560348511, 307.379974365, 122.509437561, 30.3483219147, 60.8009796143, 57.3145904541, 82.8094863892, 129.971862793, 176.389480591, 136.123840332, 135.283843994, 102.927268982, 63.2319488525, 184.601593018, 305.933288574, 377.626190186, 577.334777832, 865.790283203, 1056.75524902, 301.303833008, 106.846565247, 49.7307395935, 103.067909241, 48.5121879578, 5.2359495163, 0.568432211876, 0.066709510982, 0.000492752995342, 2.00666079309e-07, 3.1190248162e-09],
        "dvar2": [2.38890123367, 50.3885993958, 196.181274414, 2309.29589844, 11624.9873047, 3456.06494141, 787.034912109, 346.743347168, 88.9458694458, 63.0449562073, 196.950576782, 898.988098145, 350.584625244, 63.1583900452, 122.569740295, 120.232383728, 168.656280518, 293.224182129, 419.326965332, 312.367218018, 340.678405762, 252.016784668, 141.444137573, 420.3203125, 606.273498535, 709.591125488, 1022.60217285, 1823.71398926, 2460.22094727, 619.851379395, 190.499191284, 82.2457504272, 192.209335327, 110.292602539, 10.2506284714, 1.0759563446, 0.136311993003, 0.000962280028034, 3.93514483221e-07, 7.02461333546e-09],
        "max": [14.097577095, 54.2464561462, 108.412086487, 193.680801392, 476.62600708, 261.193756104, 286.840881348, 145.437438965, 80.9430847168, 90.1971817017, 118.971458435, 167.181015015, 248.570114136, 113.787132263, 127.280891418, 204.106063843, 122.508674622, 164.039413452, 136.881622314, 183.252716064, 164.937316895, 111.748542786, 89.6675338745, 172.116333008, 185.091690063, 197.857788086, 301.823730469, 289.369506836, 316.029968262, 183.875717163, 89.5240402222, 64.2015686035, 82.8365936279, 55.6851730347, 18.2932567596, 10.3910970688, 3.70999908447, 0.668941020966, 0.0129059730098, 0.000459482747829],
        "mean": [0.892667531967, 3.68650603294, 4.76275396347, 8.02114772797, 13.0201396942, 7.31243610382, 4.20528888702, 3.67846989632, 2.90575551987, 2.05108571053, 1.69504570961, 3.1188826561, 2.58193254471, 2.65313816071, 3.30127906799, 3.2950258255, 4.4145617485, 5.75094652176, 5.73816299438, 6.55426120758, 4.46082258224, 5.81590461731, 4.91399717331, 6.37689495087, 8.6869726181, 9.6358423233, 11.2163448334, 11.9681396484, 11.3921470642, 8.03629302979, 6.41959524155, 4.72736930847, 4.88505792618, 3.10324883461, 1.15993392467, 0.390558600426, 0.130315065384, 0.0116578862071, 0.000256328494288, 5.62010500289e-05],
        "median": [0.0904755145311, 0.183162093163, 0.0417096689343, 0.0448323041201, 0.0524897426367, 0.0609591193497, 0.0838438868523, 0.120767280459, 0.151801258326, 0.114086262882, 0.0575510039926, 0.0902192443609, 0.173804491758, 0.278633505106, 0.315004587173, 0.352620691061, 0.316195249557, 0.473564296961, 0.503346025944, 0.895850837231, 0.523055553436, 0.799038827419, 0.552766799927, 0.515850961208, 0.443848639727, 0.785063683987, 0.553728580475, 0.414382040501, 0.434939056635, 0.327091127634, 0.189236298203, 0.128416836262, 0.0767864063382, 0.0373777039349, 0.0100607117638, 0.00303373252973, 0.000885558314621, 7.93436338427e-05, 2.00076428882e-05, 1.36972639666e-05],
        "min": [1.02437879946e-22, 2.2149275514e-21, 6.49772706653e-21, 1.50607924522e-20, 2.95036260569e-20, 6.31551557579e-20, 7.53003643487e-20, 2.04168854693e-19, 2.06419923333e-19, 3.05612553107e-19, 2.92042629309e-19, 5.10200607426e-19, 9.17564053147e-19, 9.3695295991e-19, 1.6307161639e-18, 1.93530174643e-18, 1.99049020292e-18, 2.1531033648e-18, 3.39131353924e-18, 4.76396144954e-18, 7.05679940124e-18, 6.20314156446e-18, 5.31088872107e-18, 8.17604508038e-18, 1.09206518595e-17, 1.10295435697e-17, 8.9941986709e-18, 1.27046529661e-17, 1.26709734803e-17, 1.34789105631e-17, 1.2680296633e-17, 1.22867820002e-17, 1.30635294108e-17, 9.21455296864e-18, 7.21094616275e-18, 5.04142346959e-18, 2.51125561283e-18, 1.08431622001e-18, 2.6454789538e-19, 2.76385858072e-20],
        "var": [3.22402882576, 43.483417511, 113.942367554, 624.540405273, 2540.20581055, 717.534790039, 176.466323853, 86.8975143433, 42.6082687378, 24.5853748322, 39.9440841675, 174.250656128, 79.180809021, 44.1642303467, 87.3742904663, 86.0807495117, 131.391525269, 159.726608276, 175.537780762, 169.22479248, 121.699508667, 117.594772339, 91.7963867188, 224.371734619, 443.123901367, 547.29864502, 853.047729492, 1077.26538086, 1133.66564941, 388.672088623, 168.098617554, 84.4365005493, 148.069366455, 58.4499588013, 7.67890119553, 0.840181946754, 0.0922865122557, 0.00071704282891, 2.94795626132e-07, 5.96292659694e-09]
    },
    "gfcc": {
        "mean": [-135.814575195, 59.3109970093, -110.467979431, 59.6872520447, -42.4052696228, 28.0140457153, -26.1559829712, 11.4640102386, -13.5785264969, 11.6364002228, -5.27654600143, 6.71064567566, -0.252269595861],
        "cov": [[24144.6894531, -2690.17382812, 4206.09619141, 2090.80834961, -1191.94189453, 960.45703125, -1060.93786621, 532.497131348, -631.070251465, 243.422210693, -869.49395752, -191.581130981, -710.969543457], [-2690.17382812, 2555.53637695, -789.093505859, -276.385101318, 500.43069458, -478.674468994, 462.845458984, -470.627960205, 258.432952881, -297.77255249, 148.736709595, -224.203598022, 166.653671265], [4206.09619141, -789.093505859, 3291.91650391, 1072.05126953, 401.027252197, 672.676391602, -6.83857011795, 439.048065186, -131.709381104, 18.9388751984, -186.192398071, -175.640960693, -236.23538208], [2090.80834961, -276.385101318, 1072.05126953, 867.925476074, 241.703689575, 320.429260254, 155.664978027, 155.868789673, 101.396141052, -15.5826644897, -3.27911734581, -74.9899139404, -21.8666286469], [-1191.94189453, 500.43069458, 401.027252197, 241.703689575, 552.985412598, 146.799087524, 353.113220215, 69.1005249023, 176.79510498, -24.9393577576, 145.110153198, -52.8566513062, 66.76587677], [960.45703125, -478.674468994, 672.676391602, 320.429260254, 146.799087524, 398.233337402, 84.3339767456, 228.076812744, 31.2135505676, 78.8517532349, 41.6349868774, 26.0796661377, -15.5767230988], [-1060.93786621, 462.845458984, -6.83857011795, 155.664978027, 353.113220215, 84.3339767456, 457.841003418, 81.9072036743, 240.989334106, 26.834022522, 235.282897949, 7.53245401382, 83.6882095337], [532.497131348, -470.627960205, 439.048065186, 155.868789673, 69.1005249023, 228.076812744, 81.9072036743, 293.091156006, 51.0859565735, 137.383880615, 78.2465057373, 71.990486145, -14.8347797394], [-631.070251465, 258.432952881, -131.709381104, 101.396141052, 176.79510498, 31.2135505676, 240.989334106, 51.0859565735, 290.875305176, 54.5078735352, 144.629943848, 11.311879158, 113.51360321], [243.422210693, -297.77255249, 18.9388751984, -15.5826644897, -24.9393577576, 78.8517532349, 26.834022522, 137.383880615, 54.5078735352, 182.478530884, 103.404586792, 93.6838760376, -0.864436030388], [-869.49395752, 148.736709595, -186.192398071, -3.27911734581, 145.110153198, 41.6349868774, 235.282897949, 78.2465057373, 144.629943848, 103.404586792, 262.493469238, 86.2220153809, 69.0799713135], [-191.581130981, -224.203598022, -175.640960693, -74.9899139404, -52.8566513062, 26.0796661377, 7.53245401382, 71.990486145, 11.311879158, 93.6838760376, 86.2220153809, 129.560852051, 33.8848381042], [-710.969543457, 166.653671265, -236.23538208, -21.8666286469, 66.76587677, -15.5767230988, 83.6882095337, -14.8347797394, 113.51360321, -0.864436030388, 69.0799713135, 33.8848381042, 127.738044739]],
        "icov": [[0.000122444660519, -0.000190624326933, -6.43909661449e-05, -0.00034506994416, 0.000524693517946, -0.000254534708802, 5.32298545295e-05, -4.15892573074e-05, 3.84002232749e-05, -0.000408066873206, 0.000292770942906, -0.000117183823022, 0.000242935129791], [-0.000190624326933, 0.0019830360543, -9.57258962444e-05, 0.00117652781773, -0.00171154504642, 0.00169600662775, -0.0012866462348, 0.00173191167414, -0.000329923146637, 0.00128981878515, -0.00117715192027, 0.00192825880367, -0.0010512934532], [-6.43909661449e-05, -9.57258962444e-05, 0.00106628797948, -0.000657572236378, -0.000950920279138, -0.000404752761824, 0.000693598005455, -0.00122358743101, 0.000538704101928, -7.54237480578e-05, 0.000206005002838, 0.00083355611423, 0.000665303785354], [-0.00034506994416, 0.00117652781773, -0.000657572236378, 0.00382445030846, -0.00138465908822, -6.20939463261e-05, -0.00115052901674, 0.00135662942193, -0.00157585053239, 0.00232894322835, -0.000993221299723, 0.000899584731087, -0.000674865383189], [0.000524693517946, -0.00171154504642, -0.000950920279138, -0.00138465908822, 0.00787308719009, -0.00260241609067, -0.00271133612841, -0.000383371458156, 0.0006288785371, -0.00161226640921, 0.000940388010349, 0.000513103033882, -0.000757345871534], [-0.000254534708802, 0.00169600662775, -0.000404752761824, -6.20939463261e-05, -0.00260241609067, 0.00803736876696, -0.000957688025665, -0.00220760144293, 0.000805157294963, 0.000864597095642, -0.000994754489511, 0.0011032737093, -0.00214153924026], [5.32298545295e-05, -0.0012866462348, 0.000693598005455, -0.00115052901674, -0.00271133612841, -0.000957688025665, 0.0111204376444, -0.00329311005771, -0.00416751392186, 0.00356724951416, -0.00573002919555, -0.000995276262984, 0.00378334033303], [-4.15892573074e-05, 0.00173191167414, -0.00122358743101, 0.00135662942193, -0.000383371458156, -0.00220760144293, -0.00329311005771, 0.0124635770917, -0.00129843945615, -0.00378735479899, 0.000610234797932, -0.00202995096333, 0.000351157243131], [3.84002232749e-05, -0.000329923146637, 0.000538704101928, -0.00157585053239, 0.0006288785371, 0.000805157294963, -0.00416751392186, -0.00129843945615, 0.0118713602424, -0.00642403354868, 0.000728780287318, 0.00578819634393, -0.00880270078778], [-0.000408066873206, 0.00128981878515, -7.54237480578e-05, 0.00232894322835, -0.00161226640921, 0.000864597095642, 0.00356724951416, -0.00378735479899, -0.00642403354868, 0.0190957095474, -0.00684962933883, -0.00623236363754, 0.00567176332697], [0.000292770942906, -0.00117715192027, 0.000206005002838, -0.000993221299723, 0.000940388010349, -0.000994754489511, -0.00573002919555, 0.000610234797932, 0.000728780287318, -0.00684962933883, 0.0145426103845, -0.00601241039112, -0.000375285046175], [-0.000117183823022, 0.00192825880367, 0.00083355611423, 0.000899584731087, 0.000513103033882, 0.0011032737093, -0.000995276262984, -0.00202995096333, 0.00578819634393, -0.00623236363754, -0.00601241039112, 0.0242043845356, -0.00954471714795], [0.000242935129791, -0.0010512934532, 0.000665303785354, -0.000674865383189, -0.000757345871534, -0.00214153924026, 0.00378334033303, 0.000351157243131, -0.00880270078778, 0.00567176332697, -0.000375285046175, -0.00954471714795, 0.0199596192688]]
    },
    "melbands": {
        "dmean": [0.00345380348153, 0.00251621101052, 0.00221897126175, 0.0012881354196, 0.000248046504566, 0.000107163628854, 4.0911949327e-05, 2.1934227334e-05, 1.91381750483e-05, 2.80855438177e-05, 1.47058535731e-05, 8.98871894606e-06, 1.28017263705e-05, 5.82493885304e-06, 8.13833321445e-06, 7.57159841669e-06, 9.36993365031e-06, 8.89286093297e-06, 7.30541205485e-06, 6.56758084006e-06, 5.43176338397e-06, 5.79770039622e-06, 4.21635741077e-06, 3.96804034608e-06, 4.69042106488e-06, 5.5694895309e-06, 6.25800794296e-06, 5.63108642382e-06, 5.99503073317e-06, 7.6391024777e-06, 6.71303041599e-06, 7.56497456678e-06, 5.81559197599e-06, 3.40669703291e-06, 3.35883328262e-06, 2.78899028672e-06, 2.47538969234e-06, 2.99790917779e-06, 4.02106479669e-06, 2.26424913308e-06],
        "dmean2": [0.00487090600654, 0.00358805642463, 0.00383615260944, 0.00241320650093, 0.00045738654444, 0.000188315301784, 6.54427130939e-05, 3.82929029001e-05, 3.48103567376e-05, 5.20822650287e-05, 2.62175690295e-05, 1.36389608087e-05, 1.94410677068e-05, 9.44080784393e-06, 1.26329350678e-05, 1.17532399599e-05, 1.45279254866e-05, 1.47462787936e-05, 1.146595514e-05, 1.07081059468e-05, 8.83430857357e-06, 9.73247733782e-06, 6.79683171256e-06, 6.18767353444e-06, 7.27814403945e-06, 8.72445161804e-06, 9.51292622631e-06, 8.60130694491e-06, 9.06828336156e-06, 1.12074494609e-05, 1.0296178516e-05, 1.21917964861e-05, 8.74164470588e-06, 4.98726967635e-06, 4.86174667458e-06, 3.92182755604e-06, 3.39985786013e-06, 4.18774106947e-06, 5.93127469983e-06, 3.4763502299e-06],
        "dvar": [5.26491676283e-05, 2.05486612685e-05, 3.17072699545e-05, 1.52386528498e-05, 4.07483554454e-07, 6.52748610719e-08, 7.01784808044e-09, 3.67714414473e-09, 4.36264357973e-09, 1.2845654318e-08, 2.80745404702e-09, 4.41285757935e-10, 1.29363442181e-09, 2.31961033714e-10, 3.83325593489e-10, 2.82891710057e-10, 4.7949494375e-10, 4.99812691235e-10, 2.40882841451e-10, 2.70296923732e-10, 1.65369495875e-10, 1.32131125485e-10, 6.87198908889e-11, 7.1295670756e-11, 1.30962268807e-10, 1.56388915706e-10, 2.14708001378e-10, 1.53672116698e-10, 1.74710815259e-10, 3.91435883706e-10, 3.20619170102e-10, 4.2968498204e-10, 2.46071218957e-10, 5.68991138927e-11, 4.22844641246e-11, 2.37739550268e-11, 1.80440523634e-11, 4.15729325964e-11, 9.37173949556e-11, 2.40391456741e-11],
        "dvar2": [0.000129138818011, 4.47831298516e-05, 7.99840127002e-05, 4.29743013228e-05, 1.13351165965e-06, 1.81159421686e-07, 1.64993405605e-08, 1.03291721842e-08, 1.2637831226e-08, 3.75729065638e-08, 8.02555533141e-09, 9.25493293114e-10, 2.65617039474e-09, 5.07587638587e-10, 7.59884433155e-10, 5.71628078205e-10, 1.10146791688e-09, 1.20723131491e-09, 5.57559720615e-10, 6.68648636459e-10, 4.14220741041e-10, 3.36603300788e-10, 1.56168300514e-10, 1.66801961132e-10, 3.04937797235e-10, 3.32532695824e-10, 4.23120899429e-10, 2.94433116776e-10, 3.28653104731e-10, 7.30069671384e-10, 7.55575213507e-10, 1.06960862389e-09, 5.29734311971e-10, 1.13216706843e-10, 8.04676603128e-11, 4.21282973784e-11, 2.9902209181e-11, 7.0461081414e-11, 2.12697914836e-10, 5.71089182888e-11],
        "max": [0.0921984240413, 0.0536735728383, 0.0381765961647, 0.025859022513, 0.0086608286947, 0.00361198233441, 0.0011455201311, 0.00116260279901, 0.000980221200734, 0.00107708189171, 0.00123076851014, 0.000454371940577, 0.000594590208493, 0.000396464922233, 0.000317918456858, 0.000283786648652, 0.000296599173453, 0.000226510077482, 0.000225657291594, 0.000221445996431, 0.000164510958712, 0.000124710175442, 8.82572494447e-05, 0.000112511625048, 0.000151742540766, 0.000144294244819, 0.000160036855959, 0.000129582927912, 0.000168176993611, 0.000191997271031, 0.000184846838238, 0.000216254324187, 0.000161254109116, 7.8360477346e-05, 6.00168423261e-05, 3.87252548535e-05, 4.06987746828e-05, 6.27733388683e-05, 8.41576838866e-05, 4.05148348364e-05],
        "mean": [0.00684614479542, 0.00332675105892, 0.00159495742992, 0.000775792053901, 0.000159902803716, 8.51733057061e-05, 4.21368167736e-05, 2.10958605749e-05, 1.3931507965e-05, 1.94619842659e-05, 1.23091003843e-05, 1.00852512332e-05, 1.3840352949e-05, 6.65311972625e-06, 9.61145724432e-06, 8.40741085995e-06, 1.10912715172e-05, 9.1808333309e-06, 9.01466319192e-06, 6.7746896093e-06, 5.24389133716e-06, 6.50516494716e-06, 4.66905430585e-06, 4.74658008898e-06, 5.00256055602e-06, 5.97114649281e-06, 6.84371161697e-06, 6.0656639107e-06, 6.23013920631e-06, 8.17623367766e-06, 6.5775116127e-06, 6.68011080052e-06, 5.76062211621e-06, 3.91768571717e-06, 3.75326817448e-06, 3.19410128213e-06, 2.76936157206e-06, 3.24513666783e-06, 3.78776576326e-06, 2.21359687202e-06],
        "median": [0.00066637416603, 8.91336167115e-05, 4.93877814733e-06, 3.80632468477e-06, 3.11135136144e-06, 2.64693790086e-06, 2.28616772802e-06, 1.12636314498e-06, 4.53653854038e-07, 5.28785733422e-07, 8.38164794459e-07, 1.04475532225e-06, 1.29684929107e-06, 6.93838842381e-07, 8.77138006672e-07, 5.17736964412e-07, 8.59021952238e-07, 6.80681012e-07, 1.1706223404e-06, 8.25777362934e-07, 6.26255769021e-07, 9.01403950593e-07, 4.75001172617e-07, 4.41938368567e-07, 3.9835424559e-07, 3.20352768313e-07, 4.34249272985e-07, 4.99336351822e-07, 2.49618636872e-07, 3.59061203881e-07, 1.87884808156e-07, 2.11687904539e-07, 2.44749116973e-07, 1.35000448154e-07, 1.14907365401e-07, 7.34128988711e-08, 7.44268646713e-08, 5.5392508358e-08, 3.99415895913e-08, 2.72505236154e-08],
        "min": [1.68805899639e-24, 4.03785948516e-24, 3.6452248744e-24, 3.00697013776e-24, 4.24045592613e-24, 4.32646543063e-24, 2.67469896625e-24, 4.07869960308e-24, 1.80576887637e-24, 3.40612665605e-24, 4.16109967451e-24, 3.13889923555e-24, 4.32502260403e-24, 4.81937767307e-24, 5.45106119837e-24, 5.25343024237e-24, 3.11865785358e-24, 5.3036491276e-24, 6.80088267102e-24, 5.76409422177e-24, 7.21345140242e-24, 5.12931638957e-24, 5.35148091973e-24, 3.8248327253e-24, 6.2587612853e-24, 8.1044208855e-24, 5.6324956567e-24, 6.91200950674e-24, 6.74327373683e-24, 4.55284247801e-24, 7.13008300424e-24, 6.72401606442e-24, 8.87070932477e-24, 6.88028704316e-24, 6.86164468224e-24, 7.67890379119e-24, 6.1757009373e-24, 7.7565734582e-24, 7.39660833854e-24, 7.87342979067e-24],
        "var": [0.000160099676577, 3.58898178092e-05, 2.40754816332e-05, 8.93457399798e-06, 2.51711611554e-07, 4.61553106845e-08, 8.75099370745e-09, 2.9755973241e-09, 2.60957921938e-09, 7.24301552069e-09, 1.82369697121e-09, 6.362826932e-10, 1.74331749037e-09, 3.25560717274e-10, 6.36599828407e-10, 4.42501063569e-10, 5.73732172882e-10, 4.7322407104e-10, 2.9947144764e-10, 2.59223309484e-10, 1.54492182936e-10, 1.44794884416e-10, 9.27054197297e-11, 9.71593014376e-11, 1.49081885725e-10, 2.09681175201e-10, 3.02277980424e-10, 2.17143442116e-10, 2.51944687335e-10, 5.19905840601e-10, 3.47627815422e-10, 4.14023926254e-10, 2.77922296288e-10, 7.92990256793e-11, 6.13521455861e-11, 3.85435607042e-11, 3.02668723418e-11, 6.35232144663e-11, 1.06035638603e-10, 2.77078863326e-11]
    },
    "mfcc": {
        "mean": [-770.16607666, 76.1929016113, 7.8593006134, 33.8821258545, 16.4317016602, 20.8746185303, 9.34724521637, 7.07395744324, 7.70699930191, 6.02217149734, 2.58519673347, 6.25360774994, 6.61496734619],
        "cov": [[18115.2382812, -1212.49890137, 2532.80786133, 1187.20812988, 130.014938354, 221.752349854, -256.838806152, -112.291236877, -105.297302246, 216.605331421, -43.934627533, -300.165405273, -346.359344482], [-1212.49890137, 1739.32373047, -421.353973389, 117.076004028, -47.9295310974, 125.820793152, -16.2472362518, -2.09314155579, 46.1680603027, -29.2761287689, -34.2612571716, 15.8050785065, -15.4690647125], [2532.80786133, -421.353973389, 2045.57458496, 635.532348633, 614.592407227, 283.831573486, 307.55456543, 248.727920532, 115.081871033, 173.312576294, 119.409797668, -31.1199245453, -98.2429962158], [1187.20812988, 117.076004028, 635.532348633, 703.493286133, 294.732666016, 276.057891846, 183.929214478, 196.525390625, 137.57572937, 145.641265869, 98.9607009888, 29.1017684937, 9.28359222412], [130.014938354, -47.9295310974, 614.592407227, 294.732666016, 387.317901611, 192.446151733, 192.665039062, 150.060546875, 116.402259827, 92.8157119751, 61.7710609436, 23.2164134979, 10.5726709366], [221.752349854, 125.820793152, 283.831573486, 276.057891846, 192.446151733, 271.30480957, 142.685623169, 145.224182129, 107.016807556, 98.567565918, 52.2476425171, 44.8326377869, 27.0318450928], [-256.838806152, -16.2472362518, 307.55456543, 183.929214478, 192.665039062, 142.685623169, 320.99432373, 190.493133545, 55.1134872437, 73.1870346069, 147.537155151, 102.918258667, 70.9755859375], [-112.291236877, -2.09314155579, 248.727920532, 196.525390625, 150.060546875, 145.224182129, 190.493133545, 216.10206604, 103.746963501, 105.085914612, 99.3116989136, 77.3138198853, 56.0954971313], [-105.297302246, 46.1680603027, 115.081871033, 137.57572937, 116.402259827, 107.016807556, 55.1134872437, 103.746963501, 165.024475098, 102.771087646, 42.735332489, 28.8426570892, 37.9870681763], [216.605331421, -29.2761287689, 173.312576294, 145.641265869, 92.8157119751, 98.567565918, 73.1870346069, 105.085914612, 102.771087646, 153.203811646, 97.3885498047, 62.6620063782, 49.729675293], [-43.934627533, -34.2612571716, 119.409797668, 98.9607009888, 61.7710609436, 52.2476425171, 147.537155151, 99.3116989136, 42.735332489, 97.3885498047, 173.81362915, 114.487792969, 73.1224060059], [-300.165405273, 15.8050785065, -31.1199245453, 29.1017684937, 23.2164134979, 44.8326377869, 102.918258667, 77.3138198853, 28.8426570892, 62.6620063782, 114.487792969, 141.298706055, 96.3115005493], [-346.359344482, -15.4690647125, -98.2429962158, 9.28359222412, 10.5726709366, 27.0318450928, 70.9755859375, 56.0954971313, 37.9870681763, 49.729675293, 73.1224060059, 96.3115005493, 114.03553772]],
