{
"lowlevel": {
    "average_loudness": 0.68809992075,
    "barkbands_crest": {
        "dmean": 2.35423851013,
        "dmean2": 3.76194500923,
        "dvar": 5.7133731842,
        "dvar2": 14.386174202,
        "max": 26.1582450867,
        "mean": 11.5674495697,
        "median": 10.6470155716,
        "min": 2.57725787163,
        "var": 20.8136234283
    },
    "barkbands_flatness_db": {
        "dmean": 0.0272845197469,
        "dmean2": 0.0383937358856,
        "dvar": 0.000821921101306,
        "dvar2": 0.00158460927196,
        "max": 0.465553015471,
        "mean": 0.178317472339,
        "median": 0.171654865146,
        "min": 0.0325904116035,
        "var": 0.0050275255926
    },
    "barkbands_kurtosis": {
        "dmean": 5.54265737534,
        "dmean2": 8.47353839874,
        "dvar": 222.279129028,
        "dvar2": 462.77835083,
        "max": 898.197387695,
        "mean": 11.1072330475,
        "median": 4.94662475586,
        "min": -1.92186665535,
        "var": 712.715026855
    },
    "barkbands_skewness": {
        "dmean": 0.638401806355,
        "dmean2": 0.964703023434,
        "dvar": 0.648064017296,
        "dvar2": 1.45769071579,
        "max": 25.5954055786,
        "mean": 2.12588596344,
        "median": 1.90385484695,
        "min": -10.1007537842,
        "var": 3.4490981102
    },
    "barkbands_spread": {
        "dmean": 4.85695266724,
        "dmean2": 7.29331350327,
        "dvar": 47.3805961609,
        "dvar2": 101.449020386,
        "max": 103.295181274,
        "mean": 16.0956020355,
        "median": 12.1202077866,
        "min": 0.293740481138,
        "var": 187.353927612
    },
    "dissonance": {
        "dmean": 0.0253611486405,
        "dmean2": 0.0416357181966,
        "dvar": 0.000704174453858,
        "dvar2": 0.00186146935448,
        "max": 0.5,
        "mean": 0.435817718506,
        "median": 0.446317285299,
        "min": 0.189728826284,
        "var": 0.00208508991636
    },
    "dynamic_complexity": 4.75268602371,
    "erbbands_crest": {
        "dmean": 2.74927806854,
        "dmean2": 4.14674663544,
        "dvar": 8.47700881958,
        "dvar2": 18.4939823151,
        "max": 34.1008491516,
        "mean": 12.5458707809,
        "median": 10.9745073318,
        "min": 2.213752985,
        "var": 43.0235328674
    },
    "erbbands_flatness_db": {
        "dmean": 0.0227522663772,
        "dmean2": 0.0296865347773,
        "dvar": 0.000540480774362,
        "dvar2": 0.000911109440494,
        "max": 0.411996364594,
        "mean": 0.170357063413,
        "median": 0.161879256368,
        "min": 0.0498039387167,
        "var": 0.00385678675957
    },
    "erbbands_kurtosis": {
        "dmean": 1.71559500694,
        "dmean2": 2.57762551308,
        "dvar": 17.7124595642,
        "dvar2": 38.6652641296,
        "max": 216.105819702,
        "mean": 2.51016592979,
        "median": 0.695677042007,
        "min": -1.84468638897,
        "var": 60.0558624268
    },
    "erbbands_skewness": {
        "dmean": 0.41352429986,
        "dmean2": 0.611919879913,
        "dvar": 0.229315519333,
        "dvar2": 0.501526355743,
        "max": 12.8300466537,
        "mean": 0.848056852818,
        "median": 0.806681096554,
        "min": -7.15108966827,
        "var": 1.1344486475
    },
    "erbbands_spread": {
        "dmean": 9.72640800476,
        "dmean2": 14.114066124,
        "dvar": 153.643280029,
        "dvar2": 315.026306152,
        "max": 174.881622314,
        "mean": 38.2308578491,
        "median": 31.4858074188,
        "min": 0.768848419189,
        "var": 672.274414062
    },
    "hfc": {
        "dmean": 6.12565469742,
        "dmean2": 8.93451118469,
        "dvar": 120.647529602,
        "dvar2": 275.34942627,
        "max": 213.247665405,
        "mean": 16.1164169312,
        "median": 8.56184864044,
        "min": 1.08132867939e-16,
        "var": 376.862579346
    },
    "melbands_crest": {
        "dmean": 2.83983206749,
        "dmean2": 4.53592729568,
        "dvar": 7.89386987686,
        "dvar2": 19.5745182037,
        "max": 33.0313529968,
        "mean": 15.5625963211,
        "median": 14.9551105499,
        "min": 1.61361730099,
        "var": 29.1478309631
    },
    "melbands_flatness_db": {
        "dmean": 0.0314668789506,
        "dmean2": 0.045212700963,
        "dvar": 0.00122962659225,
        "dvar2": 0.00245107314549,
        "max": 0.610732674599,
        "mean": 0.254355251789,
        "median": 0.251430720091,
        "min": 0.00364660890773,
        "var": 0.00829435978085
    },
    "melbands_kurtosis": {
        "dmean": 11.4999952316,
        "dmean2": 17.7200241089,
        "dvar": 648.767028809,
        "dvar2": 1438.33044434,
        "max": 998.868103027,
        "mean": 23.8991165161,
        "median": 11.5513057709,
        "min": -1.91983151436,
        "var": 1761.77929688
    },
    "melbands_skewness": {
        "dmean": 0.868607461452,
        "dmean2": 1.3112565279,
        "dvar": 1.2492454052,
        "dvar2": 2.82633781433,
        "max": 23.106338501,
        "mean": 3.0856757164,
        "median": 2.67916870117,
        "min": -3.79428625107,
        "var": 5.1137547493
    },
    "melbands_spread": {
        "dmean": 4.91806364059,
        "dmean2": 7.73707962036,
        "dvar": 76.1132278442,
        "dvar2": 168.306533813,
        "max": 210.020431519,
        "mean": 16.4997882843,
        "median": 11.4940366745,
        "min": 0.312719583511,
        "var": 373.151092529
    },
    "pitch_salience": {
        "dmean": 0.0689446851611,
        "dmean2": 0.110792063177,
        "dvar": 0.00535330083221,
        "dvar2": 0.0133875375614,
        "max": 0.91772544384,
        "mean": 0.484160006046,
        "median": 0.478504925966,
        "min": 0.0225021764636,
        "var": 0.0166342090815
    },
    "silence_rate_20dB": {
        "dmean": 0,
        "dmean2": 0,
        "dvar": 0,
        "dvar2": 0,
        "max": 1,
        "mean": 1,
        "median": 1,
        "min": 1,
        "var": 0
    },
    "silence_rate_30dB": {
        "dmean": 0.0264126788825,
        "dmean2": 0.0528295859694,
        "dvar": 0.0257170684636,
        "dvar2": 0.0665324404836,
        "max": 1,
        "mean": 0.979831933975,
        "median": 1,
        "min": 0,
        "var": 0.0197634678334
    },
    "silence_rate_60dB": {
        "dmean": 0.0372979044914,
        "dmean2": 0.0746017768979,
        "dvar": 0.0359094105661,
        "dvar2": 0.0802339687943,
        "max": 1,
        "mean": 0.149579837918,
        "median": 0,
        "min": 0,
        "var": 0.127210259438
    },
    "spectral_centroid": {
        "dmean": 209.564590454,
        "dmean2": 320.832214355,
        "dvar": 90519.5859375,
        "dvar2": 192996.875,
        "max": 11674.4404297,
        "mean": 1012.39343262,
        "median": 797.477355957,
        "min": 109.012756348,
        "var": 1123691.875
    },
    "spectral_complexity": {
        "dmean": 3.23723387718,
        "dmean2": 5.17057561874,
        "dvar": 25.8477573395,
        "dvar2": 61.4412384033,
        "max": 61,
        "mean": 10.7306919098,
        "median": 9,
        "min": 0,
        "var": 58.0499038696
    },
    "spectral_decrease": {
        "dmean": 2.70119571155e-09,
        "dmean2": 4.32162527986e-09,
        "dvar": 2.9118246487e-17,
        "dvar2": 7.45374699903e-17,
        "max": 2.17135082849e-16,
        "mean": -6.84166145959e-09,
        "median": -4.54847803866e-09,
        "min": -5.5908127905e-08,
        "var": 5.47030222426e-17
    },
    "spectral_energy": {
        "dmean": 0.0106513332576,
        "dmean2": 0.0169602036476,
        "dvar": 0.000439723255113,
        "dvar2": 0.0011183177121,
        "max": 0.216748014092,
        "mean": 0.0272838976234,
        "median": 0.0181600283831,
        "min": 1.00775696755e-20,
        "var": 0.000852468598168
    },
    "spectral_energyband_high": {
        "dmean": 0.000384522019885,
        "dmean2": 0.000580393709242,
        "dvar": 7.74598731823e-07,
        "dvar2": 1.82928124559e-06,
        "max": 0.0216757059097,
        "mean": 0.000690270157065,
        "median": 0.000103335012682,
        "min": 7.13922865368e-21,
        "var": 1.88108515431e-06
    },
    "spectral_energyband_low": {
        "dmean": 0.00639583496377,
        "dmean2": 0.0109236976132,
        "dvar": 0.000335769233061,
        "dvar2": 0.000919084530324,
        "max": 0.189124554396,
        "mean": 0.0107592111453,
        "median": 0.00380993331783,
        "min": 1.9300010583e-23,
        "var": 0.000381974794436
    },
    "spectral_energyband_middle_high": {
        "dmean": 0.00134248251561,
        "dmean2": 0.00199048547074,
        "dvar": 9.06277909962e-06,
        "dvar2": 2.02426726901e-05,
        "max": 0.0701942741871,
        "mean": 0.00340615189634,
        "median": 0.00094010628527,
        "min": 1.19690166969e-21,
        "var": 4.43130411441e-05
    },
    "spectral_energyband_middle_low": {
        "dmean": 0.00482823140919,
        "dmean2": 0.00720583321527,
        "dvar": 6.15245007793e-05,
        "dvar2": 0.000138133371365,
        "max": 0.123127236962,
        "mean": 0.014098524116,
        "median": 0.00912859663367,
        "min": 2.02906397042e-22,
        "var": 0.000236493069679
    },
    "spectral_entropy": {
        "dmean": 0.261911988258,
        "dmean2": 0.357667207718,
        "dvar": 0.0883668884635,
        "dvar2": 0.155069664121,
        "max": 9.81962585449,
        "mean": 7.16602325439,
        "median": 7.2016749382,
        "min": 4.0627913475,
        "var": 0.579855084419
    },
    "spectral_flux": {
        "dmean": 0.0296310056001,
        "dmean2": 0.0456488728523,
        "dvar": 0.00181643047836,
        "dvar2": 0.00392759731039,
        "max": 0.428746640682,
        "mean": 0.0657937973738,
        "median": 0.0477228760719,
        "min": 6.40070357827e-11,
        "var": 0.00361582962796
    },
    "spectral_kurtosis": {
        "dmean": 2.47667336464,
        "dmean2": 3.87104725838,
        "dvar": 11.3077306747,
        "dvar2": 27.282995224,
        "max": 75.5773239136,
        "mean": 6.90453624725,
        "median": 5.0761089325,
        "min": -1.25294661522,
        "var": 48.9326438904
    },
    "spectral_rms": {
        "dmean": 0.000881747633684,
        "dmean2": 0.00134940887801,
        "dvar": 1.87683099284e-06,
        "dvar2": 4.41277052232e-06,
        "max": 0.0145417153835,
        "mean": 0.00445043761283,
        "median": 0.00420916872099,
        "min": 3.13556624242e-12,
        "var": 6.81202845954e-06
    },
    "spectral_rolloff": {
        "dmean": 386.971221924,
        "dmean2": 654.454162598,
        "dvar": 974261.0625,
        "dvar2": 2134244.25,
        "max": 19702.8808594,
        "mean": 1259.71606445,
        "median": 667.529296875,
        "min": 64.599609375,
        "var": 5855313
    },
    "spectral_skewness": {
        "dmean": 0.311663508415,
        "dmean2": 0.476213753223,
        "dvar": 0.124885104597,
        "dvar2": 0.272285223007,
        "max": 6.885430336,
        "mean": 1.915807724,
        "median": 1.8194873333,
        "min": -0.0893647298217,
        "var": 0.735125124454
    },
    "spectral_spread": {
        "dmean": 776823.25,
        "dmean2": 1088391.625,
        "dvar": 1.00556249498e+12,
        "dvar2": 1.9007888425e+12,
        "max": 42407156,
        "mean": 5320281.5,
        "median": 4735250,
        "min": 763873.375,
        "var": 1.41275053425e+13
    },
    "spectral_strongpeak": {
        "dmean": 0.421553313732,
        "dmean2": 0.694131910801,
        "dvar": 0.691183388233,
        "dvar2": 1.59302949905,
        "max": 14.1042261124,
        "mean": 1.11879193783,
        "median": 0.477062046528,
        "min": 0,
        "var": 2.77076148987
    },
    "zerocrossingrate": {
        "dmean": 0.0103043215349,
        "dmean2": 0.01196701359,
        "dvar": 0.000209467500099,
        "dvar2": 0.00024136173306,
        "max": 0.7705078125,
        "mean": 0.0561231896281,
        "median": 0.03955078125,
        "min": 0.00341796875,
        "var": 0.00479075498879
    },
    "barkbands": {
        "dmean": [0.000191078477656, 0.00432983832434, 0.00213433452882, 0.00124782172497, 0.00194155820645, 0.000977596500888, 0.000743403914385, 0.000626567518339, 0.00091601832537, 0.000453230197309, 0.000259875378106, 0.000232435195358, 0.000242224341491, 0.000128327665152, 0.000147848986671, 0.000139230731293, 0.000147730257595, 7.74102954892e-05, 0.000117940246128, 8.70054645929e-05, 7.51188199501e-05, 0.000107007472252, 8.56804690557e-05, 5.77641912969e-05, 4.07324805565e-05, 3.42033708876e-05, 8.09092762211e-06],
        "dmean2": [0.000311988027534, 0.00759456679225, 0.00356965186074, 0.00198986683972, 0.00305508752353, 0.00154975964688, 0.00115522893611, 0.00087727967184, 0.00131480966229, 0.000602978514507, 0.00038250038051, 0.000383050326491, 0.000351350900019, 0.000198351335712, 0.000231075769989, 0.000223344904953, 0.000228892080486, 0.000126853905385, 0.00018766852736, 0.000145086814882, 0.00012200341007, 0.000181776180398, 0.0001376728178, 8.76129197422e-05, 5.9462239733e-05, 5.19151144545e-05, 1.26110444398e-05],
        "dvar": [3.60378578534e-07, 0.000188980178791, 3.11673975375e-05, 8.4134780991e-06, 1.41034897752e-05, 4.25713506047e-06, 4.15330259784e-06, 4.0021282075e-06, 9.40095742408e-06, 3.20641606777e-06, 1.412173674e-06, 1.07569894681e-06, 1.48846879711e-06, 2.2102084074e-07, 2.81529281665e-07, 2.5985400498e-07, 3.18415402489e-07, 9.51983381015e-08, 1.00849774753e-07, 4.03774969016e-08, 2.6380202911e-08, 7.00108770957e-08, 8.76094645719e-08, 2.97342399591e-08, 1.2411649486e-08, 1.04535002876e-08, 6.88826551354e-10],
        "dvar2": [9.4814708973e-07, 0.0005259339232, 8.58818893903e-05, 2.14909414353e-05, 3.33118005074e-05, 9.89447926258e-06, 9.96859489533e-06, 7.99514964456e-06, 1.82992298505e-05, 5.60823991691e-06, 2.86081922241e-06, 2.81711390926e-06, 2.60236265603e-06, 4.99428665535e-07, 6.77174909924e-07, 5.55287101633e-07, 7.04250851413e-07, 2.27681255183e-07, 2.45107543151e-07, 1.02991570827e-07, 6.50653717571e-08, 1.87216429026e-07, 2.34237489849e-07, 7.17177286447e-08, 2.61607588925e-08, 2.36990675972e-08, 1.55489643383e-09],
        "max": [0.00904081389308, 0.144734755158, 0.0781891196966, 0.0705047473311, 0.0756353288889, 0.0454394780099, 0.0505894459784, 0.068783082068, 0.085967078805, 0.105216100812, 0.0395727418363, 0.0337437540293, 0.0697076097131, 0.0324602462351, 0.0363163128495, 0.0185332335532, 0.0307066701353, 0.0209869984537, 0.00746295275167, 0.00372849451378, 0.00270317308605, 0.00416077720001, 0.00816130358726, 0.00771154928952, 0.00384924095124, 0.00229509989731, 0.000615079945419],
        "mean": [0.00020195961406, 0.00575261190534, 0.00360876647756, 0.00233898125589, 0.00401797657833, 0.00204287725501, 0.00120319041889, 0.00125916977413, 0.00218252604827, 0.0013102137018, 0.000586618552916, 0.000329291768139, 0.000660619465634, 0.000184137330507, 0.000216223212192, 0.000192893086933, 0.00020389976271, 9.1491616331e-05, 0.000157844886417, 0.000114370654046, 0.000112106572487, 0.000153920016601, 0.000134941976285, 0.000104448794445, 7.03574842191e-05, 4.37342787336e-05, 8.69775249157e-06],
        "median": [1.32289858357e-06, 0.000921382685192, 0.00140401860699, 0.000755420944188, 0.0018743602559, 0.000671112793498, 0.000337776786182, 0.000198878158699, 0.000130491607706, 0.000106483741547, 4.80846392747e-05, 4.35622350778e-05, 5.13430968567e-05, 3.94041053369e-05, 4.07891202485e-05, 2.00440299523e-05, 3.60853518941e-05, 1.83451156772e-05, 3.85819184885e-05, 2.76969876722e-05, 2.38245720539e-05, 1.47813252624e-05, 1.02266321846e-05, 7.99771351012e-06, 6.52952303426e-06, 3.99010696128e-06, 5.83958012612e-07],
        "min": [2.25080751706e-25, 4.20101406416e-24, 5.08518813916e-26, 1.05621296575e-24, 5.11651396594e-24, 1.10525550159e-23, 5.77710214367e-24, 5.29274154786e-24, 1.98193808258e-23, 1.20673393735e-23, 5.15022593672e-24, 1.41036670489e-23, 2.19115661642e-23, 1.93564961793e-23, 4.25483267947e-23, 4.21153273547e-23, 8.68086837021e-23, 1.0223113528e-22, 1.36882222884e-22, 1.784047686e-22, 2.11057564247e-22, 3.08370978509e-22, 4.10108615029e-22, 5.9519285193e-22, 9.35816427481e-22, 1.24971652576e-21, 1.90084509372e-21],
        "var": [4.41358054104e-07, 0.000189441852854, 3.38000972988e-05, 1.68648075487e-05, 3.31660667143e-05, 1.23652789625e-05, 6.84733049638e-06, 1.26521244965e-05, 4.30619475082e-05, 2.52522168012e-05, 6.65446987114e-06, 2.23542974709e-06, 1.57087251864e-05, 3.22974159417e-07, 3.78855531835e-07, 5.55499354959e-07, 4.75252562637e-07, 1.15860615324e-07, 1.36429008535e-07, 5.43339560011e-08, 4.52052866251e-08, 1.08833411616e-07, 1.15834495773e-07, 7.16212227303e-08, 3.34524479229e-08, 1.60315174469e-08, 8.77035721825e-10]
    },
    "erbbands": {
        "dmean": [0.133139714599, 1.00576376915, 2.44868707657, 3.08524847031, 6.44610929489, 6.09654188156, 6.07989168167, 8.66899108887, 10.2144775391, 13.8004617691, 11.855931282, 20.2363471985, 20.923324585, 7.16422986984, 11.83548069, 9.89951229095, 11.7957468033, 7.63151741028, 6.42309808731, 7.92479276657, 7.12166166306, 7.15946912766, 4.94802808762, 4.41205739975, 6.36497163773, 3.93725585938, 3.36450457573, 3.14782881737, 4.16511821747, 2.90447545052, 2.39569783211, 1.40785062313, 0.943134367466, 0.52636641264, 0.267556458712, 0.14402666688, 0.0644533783197, 0.0140875028446, 0.00137814471964, 8.09001357993e-05],
        "dmean2": [0.233660399914, 1.77359879017, 4.20817708969, 4.93881034851, 10.0888948441, 9.82379150391, 9.33047199249, 13.9465904236, 16.1177082062, 20.3522377014, 16.6785793304, 28.9514751434, 27.9304866791, 10.5718050003, 17.6655139923, 15.9221401215, 17.2088394165, 11.5793132782, 9.8797121048, 12.5984773636, 11.313170433, 11.133849144, 7.84780216217, 7.17888975143, 10.0925474167, 6.58052062988, 5.47106981277, 5.16152906418, 7.07317733765, 4.64866304398, 3.92753696442, 2.23070287704, 1.43675899506, 0.78755158186, 0.394274204969, 0.214714437723, 0.100434444845, 0.021800108254, 0.00215055304579, 0.000123406294733],
        "dvar": [0.190920233727, 10.0311822891, 46.7972221375, 50.0718002319, 205.549407959, 159.266159058, 203.276199341, 361.794372559, 739.092529297, 1678.2755127, 1404.52478027, 4547.89453125, 5935.96923828, 1047.09387207, 2664.41308594, 1582.18444824, 3651.77929688, 809.915222168, 810.106933594, 566.56817627, 614.675415039, 478.475219727, 290.385314941, 153.449462891, 335.21685791, 84.1195449829, 54.4818153381, 51.7108345032, 112.774208069, 55.3469276428, 81.6260223389, 21.9748153687, 7.11723995209, 2.49576115608, 0.489480763674, 0.16323491931, 0.0412813089788, 0.00205657747574, 2.11114984268e-05, 6.25620018013e-08],
        "dvar2": [0.54224717617, 28.2873668671, 132.447006226, 126.893737793, 477.811462402, 386.596862793, 410.521636963, 876.105957031, 1839.03796387, 3482.21337891, 2656.81347656, 9119.09082031, 11296.5800781, 2140.46777344, 5252.26464844, 4090.04638672, 6375.19335938, 1801.47875977, 1919.44555664, 1310.66149902, 1321.72106934, 1072.22338867, 709.111755371, 381.683990479, 795.59753418, 218.809509277, 136.025619507, 132.227264404, 299.884735107, 129.270263672, 226.487518311, 57.4171829224, 16.9261169434, 5.61368227005, 1.02660667896, 0.351603060961, 0.0961204618216, 0.00467581860721, 4.82840951008e-05, 1.40410264748e-07],
        "max": [4.53671169281, 33.9401130676, 91.2860031128, 203.149871826, 315.908081055, 443.506866455, 368.640472412, 397.798980713, 561.277648926, 1341.74389648, 1535.77600098, 2373.33105469, 4139.90478516, 1038.91174316, 1608.82751465, 1725.56152344, 3487.34155273, 1935.79162598, 2157.54443359, 1123.23413086, 1035.0793457, 774.725402832, 949.99609375, 433.567565918, 482.660461426, 175.072875977, 149.843109131, 158.896530151, 213.714614868, 221.984527588, 273.957305908, 210.685943604, 84.3648300171, 69.8944473267, 21.159784317, 10.3125677109, 4.49838256836, 1.1433198452, 0.105932958424, 0.00590618560091],
        "mean": [0.143837690353, 1.37316691875, 4.22514438629, 6.2392745018, 11.9763851166, 11.9252996445, 12.9265956879, 17.1978168488, 18.1240139008, 26.7604637146, 24.7878417969, 49.6181411743, 65.1005096436, 15.2288856506, 27.9010257721, 17.7562561035, 33.2400474548, 12.1827058792, 9.63629150391, 11.7138671875, 9.97320842743, 9.8317155838, 6.60515785217, 5.64837694168, 8.60862541199, 5.10039710999, 5.10516452789, 4.55636024475, 5.73372459412, 4.80793952942, 3.508913517, 2.33225488663, 1.65154230595, 0.928146600723, 0.43787163496, 0.206146210432, 0.0762942656875, 0.0159911774099, 0.00150198722258, 0.000105498940684],
        "median": [0.00819468870759, 0.270733118057, 1.64133071899, 2.59006714821, 4.58294582367, 4.83244276047, 3.95122766495, 5.35124206543, 5.63545751572, 4.7167339325, 5.6313495636, 4.20034742355, 6.21513128281, 2.73649334908, 2.95238280296, 2.57179355621, 2.79164814949, 2.8402671814, 2.47413372993, 2.06811738014, 1.52051150799, 2.00332117081, 1.46219158173, 1.53806042671, 1.95360338688, 1.30964004993, 1.24765360355, 0.756182789803, 0.564692556858, 0.337273776531, 0.292565882206, 0.189330309629, 0.118977859616, 0.0758864358068, 0.043833360076, 0.0200347770005, 0.00602784194052, 0.00108020566404, 0.000115866292617, 3.43679421348e-05],
        "min": [1.00304509758e-22, 7.08071552081e-22, 2.99525462246e-22, 5.13351075038e-21, 1.30818145355e-20, 2.01913430431e-20, 2.38982463295e-20, 8.51531905058e-20, 1.38843609986e-19, 1.74347390948e-19, 2.55572804788e-19, 5.40100963522e-19, 4.13385320581e-19, 6.94291720701e-19, 6.39263737246e-19, 8.26784082847e-19, 1.14183215595e-18, 1.5625447975e-18, 1.93473140539e-18, 2.62885505333e-18, 3.64801622105e-18, 5.49814007787e-18, 6.06623448769e-18, 6.32695313137e-18, 7.39586900613e-18, 9.52817849789e-18, 7.24113990947e-18, 1.05131347133e-17, 1.00345462089e-17, 1.16447980278e-17, 1.17738026346e-17, 1.21648406886e-17, 1.06034065879e-17, 8.51520484795e-18, 6.81218389613e-18, 4.49673827111e-18, 2.24520454933e-18, 8.77657034687e-19, 2.47488975457e-19, 2.57372885511e-20],
        "var": [0.181404709816, 9.53114032745, 48.1893844604, 93.1044311523, 416.379425049, 418.852935791, 692.213256836, 990.579406738, 1203.90734863, 5126.09423828, 4349.88085938, 19704.3613281, 47147.8125, 2639.09521484, 15184.3779297, 4437.28222656, 39030.1640625, 1310.3092041, 1025.8918457, 948.949829102, 1074.10253906, 737.240905762, 379.478149414, 189.439834595, 479.244171143, 105.90020752, 91.9205551147, 84.416557312, 169.160430908, 123.658950806, 86.6884384155, 37.5845718384, 17.8565578461, 6.34141349792, 1.24193799496, 0.312520086765, 0.0557984486222, 0.00280186231248, 2.63876445388e-05, 7.51230686546e-08]
    },
    "gfcc": {
        "mean": [-59.1642990112, 91.5939102173, -91.6278610229, 19.6221294403, -57.6318969727, 4.71345043182, -34.5082626343, 3.37823939323, -25.7686843872, -0.0763997212052, -19.3688430786, -4.33525466919, -14.4513454437],
        "cov": [[24031.5722656, 42.9735031128, -1308.12719727, 1280.65710449, -1214.83081055, 718.594787598, -512.637084961, 323.278991699, -216.732528687, 198.885162354, -396.486907959, -42.5154838562, -317.571228027], [42.9735031128, 2076.67504883, -107.678375244, -90.0975875854, 383.001312256, -248.360916138, 117.867904663, 14.9613161087, 12.7789812088, -99.8558731079, 70.1085739136, -146.92086792, 128.063674927], [-1308.12719727, -107.678375244, 1031.2232666, 291.184539795, 219.770965576, 213.472671509, 130.091369629, 26.6988430023, 3.61719155312, -23.1686515808, 49.4147644043, 26.7046909332, -25.5803508759], [1280.65710449, -90.0975875854, 291.184539795, 642.554504395, 55.8113136292, 246.981628418, 68.3913040161, 79.4257583618, 38.3856887817, 27.3080158234, 33.0071601868, 3.63469028473, -52.3622055054], [-1214.83081055, 383.001312256, 219.770965576, 55.8113136292, 565.373413086, 38.8888053894, 142.263824463, 64.9815444946, 50.7880592346, 17.6802043915, 43.0206985474, 10.0080299377, 37.8156089783], [718.594787598, -248.360916138, 213.472671509, 246.981628418, 38.8888053894, 455.394958496, 153.658401489, 67.4080123901, 46.6279563904, 40.8833274841, 10.7393922806, 31.5037746429, -55.027759552], [-512.637084961, 117.867904663, 130.091369629, 68.3913040161, 142.263824463, 153.658401489, 242.923522949, 83.8579940796, 61.5863227844, 34.3529014587, 36.5412368774, -1.30893278122, 20.6399898529], [323.278991699, 14.9613161087, 26.6988430023, 79.4257583618, 64.9815444946, 67.4080123901, 83.8579940796, 158.415176392, 80.18384552, 35.8573608398, 8.66924095154, 11.7511520386, 7.23882102966], [-216.732528687, 12.7789812088, 3.61719155312, 38.3856887817, 50.7880592346, 46.6279563904, 61.5863227844, 80.18384552, 151.795761108, 57.7263069153, 12.3356323242, 11.0410699844, 19.4465847015], [198.885162354, -99.8558731079, -23.1686515808, 27.3080158234, 17.6802043915, 40.8833274841, 34.3529014587, 35.8573608398, 57.7263069153, 140.862075806, 48.0363807678, 22.0401611328, -3.42301559448], [-396.486907959, 70.1085739136, 49.4147644043, 33.0071601868, 43.0206985474, 10.7393922806, 36.5412368774, 8.66924095154, 12.3356323242, 48.0363807678, 149.342788696, 49.3833847046, -14.5623512268], [-42.5154838562, -146.92086792, 26.7046909332, 3.63469028473, 10.0080299377, 31.5037746429, -1.30893278122, 11.7511520386, 11.0410699844, 22.0401611328, 49.3833847046, 116.172821045, 29.0660171509], [-317.571228027, 128.063674927, -25.5803508759, -52.3622055054, 37.8156089783, -55.027759552, 20.6399898529, 7.23882102966, 19.4465847015, -3.42301559448, -14.5623512268, 29.0660171509, 128.169250488]],
        "icov": [[0.000113100773888, -0.00017723981, 0.000139062627568, -0.000236001316807, 0.000239590081037, -0.000241028756136, 0.000321806117427, -0.000419828022132, 0.000438983843196, -0.000448166247224, 0.000536364794243, -0.000364103791071, 0.000251321471296], [-0.00017723981, 0.00118167547043, -1.17727986435e-05, 0.000313837314025, -0.00091264268849, 0.000622039660811, -0.000672181660775, 0.000604214961641, -0.000783118419349, 0.00161125406157, -0.00210032542236, 0.00229579536244, -0.00148095807526], [0.000139062627568, -1.17727986435e-05, 0.00152978778351, -0.000765397271607, -0.000237549087615, -0.000510190613568, -6.98003577781e-06, -0.000179236725671, 0.00060827168636, 0.000166616649949, 0.000184393487871, -0.000337925797794, 0.000220984395128], [-0.000236001316807, 0.000313837314025, -0.000765397271607, 0.00278607360087, -0.000485110009322, -0.000688676896971, 0.000142057033372, -0.000128470375785, -0.000904079526663, 0.000863946275786, -0.00167656794656, 0.00138349155895, -0.000425024394644], [0.000239590081037, -0.00091264268849, -0.000237549087615, -0.000485110009322, 0.00311798695475, -0.000245194823947, -0.000366298452718, -0.00116709549911, 0.000788620614912, -0.00143218378071, 0.00157865858637, -0.00175409507938, 0.000778877467383], [-0.000241028756136, 0.000622039660811, -0.000510190613568, -0.000688676896971, -0.000245194823947, 0.00499383267015, -0.00381584954448, 0.00132724968717, -0.00119710236322, 0.0005813841708, 0.000461040704977, -0.00128991773818, 0.00169606402051], [0.000321806117427, -0.000672181660775, -6.98003577781e-06, 0.000142057033372, -0.000366298452718, -0.00381584954448, 0.00941129680723, -0.00394031172618, 0.000779129273724, -0.00143172498792, -0.00100262311753, 0.00196326035075, -0.00201320019551], [-0.000419828022132, 0.000604214961641, -0.000179236725671, -0.000128470375785, -0.00116709549911, 0.00132724968717, -0.00394031172618, 0.0118640931323, -0.00574029609561, 0.00133953487966, -0.000650195113849, -0.000291705218842, 4.54513647128e-05], [0.000438983843196, -0.000783118419349, 0.00060827168636, -0.000904079526663, 0.000788620614912, -0.00119710236322, 0.000779129273724, -0.00574029609561, 0.0121582197025, -0.00503561878577, 0.00254620611668, -0.00129726645537, -0.000321404280839], [-0.000448166247224, 0.00161125406157, 0.000166616649949, 0.000863946275786, -0.00143218378071, 0.0005813841708, -0.00143172498792, 0.00133953487966, -0.00503561878577, 0.0124620925635, -0.0062509519048, 0.00283513683826, -0.00176339829341], [0.000536364794243, -0.00210032542236, 0.000184393487871, -0.00167656794656, 0.00157865858637, 0.000461040704977, -0.00100262311753, -0.000650195113849, 0.00254620611668, -0.0062509519048, 0.0147241083905, -0.00946673937142, 0.00597628718242], [-0.000364103791071, 0.00229579536244, -0.000337925797794, 0.00138349155895, -0.00175409507938, -0.00128991773818, 0.00196326035075, -0.000291705218842, -0.00129726645537, 0.00283513683826, -0.00946673937142, 0.0175292417407, -0.00781255029142], [0.000251321471296, -0.00148095807526, 0.000220984395128, -0.000425024394644, 0.000778877467383, 0.00169606402051, -0.00201320019551, 4.54513647128e-05, -0.000321404280839, -0.00176339829341, 0.00597628718242, -0.00781255029142, 0.0130475126207]]
    },
    "melbands": {
        "dmean": [0.00117201707326, 0.00128704798408, 0.000624616921414, 0.000446634978289, 0.000224724048167, 0.000195817294298, 0.000157295638928, 0.000146654318087, 9.93165085674e-05, 0.000134360219818, 0.000102909631096, 2.83178906102e-05, 3.71164132957e-05, 2.95878508041e-05, 2.74135691143e-05, 2.05980995815e-05, 1.42402095662e-05, 9.68169297266e-06, 9.72673660726e-06, 1.17154067993e-05, 7.96250878921e-06, 7.48837192077e-06, 6.94591381034e-06, 3.73159355149e-06, 3.50912273461e-06, 5.3728954299e-06, 3.5503660456e-06, 2.61450850303e-06, 2.33239211411e-06, 1.85882447568e-06, 2.05117407859e-06, 2.71072030955e-06, 1.87592843304e-06, 1.5538965954e-06, 1.49299160057e-06, 1.22369112887e-06, 7.65829270222e-07, 7.36951506042e-07, 5.4370076441e-07, 4.41659949502e-07],
        "dmean2": [0.0020403044764, 0.002245813841, 0.000985685735941, 0.000711225555278, 0.000348342728103, 0.000312094722176, 0.000248462398304, 0.000213641440496, 0.000140633739647, 0.000192538514966, 0.000137341703521, 4.23680467065e-05, 5.489178875e-05, 4.78282308904e-05, 4.17219525843e-05, 3.02227817883e-05, 2.18118166231e-05, 1.50033674799e-05, 1.56986152433e-05, 1.84457367141e-05, 1.28237388708e-05, 1.17904601211e-05, 1.08001850094e-05, 6.12465282757e-06, 5.79027164349e-06, 8.47010596772e-06, 5.82924667469e-06, 4.42731789008e-06, 3.84176473744e-06, 3.02075022773e-06, 3.4338002024e-06, 4.62558955405e-06, 3.16693399327e-06, 2.45071669269e-06, 2.47310867962e-06, 2.04434309126e-06, 1.19727258152e-06, 1.14407009733e-06, 8.31303850646e-07, 6.69445796575e-07],
        "dvar": [1.43111565194e-05, 1.41604477903e-05, 1.66049005657e-06, 8.31673503399e-07, 2.22148514695e-07, 1.75679559788e-07, 1.73959790573e-07, 1.99602638418e-07, 9.76714957801e-08, 2.00704377562e-07, 1.45797329765e-07, 2.17007816161e-08, 2.68814197568e-08, 1.60109543401e-08, 1.56385091543e-08, 7.73513164631e-09, 3.29276361732e-09, 1.79231629538e-09, 9.2580221267e-10, 1.86633908328e-09, 1.044574649e-09, 5.86303838812e-10, 7.06940617157e-10, 4.30602109525e-10, 1.0018101626e-10, 2.50062415219e-10, 9.70265048861e-11, 4.28184709911e-11, 2.90563927086e-11, 1.68551336083e-11, 2.49226247279e-11, 4.99631308548e-11, 2.05527539432e-11, 1.8127678178e-11, 2.3463581772e-11, 3.60750561368e-11, 6.46188397929e-12, 4.31891545097e-12, 3.16237249061e-12, 1.65266086406e-12],
        "dvar2": [3.95080787712e-05, 4.03352278227e-05, 4.12478902945e-06, 2.02033061214e-06, 4.6761692829e-07, 4.2089268959e-07, 4.37949097432e-07, 4.19823862785e-07, 1.91411899664e-07, 4.03693974249e-07, 2.75876089972e-07, 4.44171526226e-08, 5.52916432639e-08, 4.04104874008e-08, 2.99148936733e-08, 1.41578304635e-08, 7.27793425526e-09, 4.23211732326e-09, 2.2963970725e-09, 3.82927556331e-09, 2.3111579317e-09, 1.30903010653e-09, 1.59515878284e-09, 1.04808206558e-09, 2.55134274818e-10, 5.95605897935e-10, 2.41037190207e-10, 1.12589715329e-10, 7.39594774313e-11, 4.09455386263e-11, 6.54011636514e-11, 1.31194471953e-10, 5.48349629592e-11, 4.17322530699e-11, 6.37121466696e-11, 1.03046272903e-10, 1.66482366087e-11, 1.04623332567e-11, 7.77770469557e-12, 3.65485246234e-12],
        "max": [0.0369486585259, 0.0454179234803, 0.0283577479422, 0.0174550097436, 0.0102802496403, 0.00882610585541, 0.00744004361331, 0.0155369490385, 0.01165394485, 0.0157796703279, 0.0204679183662, 0.00467387167737, 0.00588982505724, 0.00370636302978, 0.00642253691331, 0.00441493140534, 0.00414176518098, 0.00315730925649, 0.00151670421474, 0.00177799386438, 0.00187469343655, 0.0012974194251, 0.000915742013603, 0.00162937352434, 0.00036909559276, 0.00032637512777, 0.000270712131169, 0.000142094373587, 0.00011218569125, 7.11155298632e-05, 0.000135101232445, 0.000173353095306, 5.99709637754e-05, 0.000133754176204, 0.000122579032904, 0.000193791842321, 0.000136094138725, 6.13959055045e-05, 6.94813061273e-05, 4.88957339257e-05],
        "mean": [0.00144607760012, 0.00211244099773, 0.00127571483608, 0.000866045826115, 0.000484201591462, 0.000397153227823, 0.000271934346529, 0.000290714378934, 0.000209228994208, 0.000328937661834, 0.000316856778227, 5.07626318722e-05, 8.28193806228e-05, 5.22663940501e-05, 7.04615231371e-05, 4.95319691254e-05, 2.0693814804e-05, 1.41284072015e-05, 1.339344999e-05, 1.78833233804e-05, 1.01986961454e-05, 9.82531310001e-06, 9.57662450674e-06, 4.33978129877e-06, 4.17242381445e-06, 7.12100063538e-06, 4.45679052063e-06, 3.18256661558e-06, 3.41052646036e-06, 2.59771491073e-06, 2.74659373645e-06, 3.5826428757e-06, 2.6173461265e-06, 2.59018770521e-06, 2.09277209251e-06, 1.6831670564e-06, 1.2957485751e-06, 1.23200220514e-06, 9.28642180043e-07, 7.3013814017e-07],
        "median": [0.000164446042618, 0.000773308100179, 0.000593364005908, 0.000389717810322, 0.000149414612679, 0.000122876139358, 8.12767830212e-05, 4.42401142209e-05, 3.42059247487e-05, 2.30283330893e-05, 2.47407406277e-05, 7.17626198821e-06, 7.93934850662e-06, 5.96221707383e-06, 5.29914723302e-06, 5.04557237946e-06, 4.16233888245e-06, 3.3417652503e-06, 2.62574053522e-06, 2.14841065826e-06, 1.29584134356e-06, 1.92860875359e-06, 1.52769462147e-06, 8.79868707671e-07, 1.04561308945e-06, 1.4976840248e-06, 1.03719128219e-06, 6.90988656515e-07, 7.97668690211e-07, 5.20182140917e-07, 3.59726925581e-07, 3.27064697103e-07, 2.24970548857e-07, 1.64594524676e-07, 1.65526145679e-07, 1.41224546724e-07, 1.02871808849e-07, 8.65599361077e-08, 6.45230215923e-08, 5.97323506213e-08],
        "min": [2.09283831801e-24, 3.00058209006e-25, 1.12570746998e-24, 1.1095575151e-24, 1.13775732031e-24, 1.95257569361e-24, 2.41765850105e-24, 1.79027268996e-24, 1.82165969044e-24, 3.18079169392e-24, 1.77210206787e-24, 2.31050338277e-24, 8.25921048206e-25, 2.32791038751e-24, 2.98505755397e-24, 1.98668741966e-24, 2.66334942719e-24, 2.97327729685e-24, 3.6803035467e-24, 3.41924304632e-24, 4.15830434589e-24, 4.67434007362e-24, 3.63748930436e-24, 4.19995935713e-24, 4.28245606402e-24, 5.46234703691e-24, 4.79968454944e-24, 5.40536524715e-24, 4.09747488706e-24, 5.01400622447e-24, 5.68480107902e-24, 4.68694567646e-24, 4.58728098969e-24, 6.0375299776e-24, 6.40744973302e-24, 6.11551361125e-24, 6.82472835846e-24, 5.7608823746e-24, 6.82290214547e-24, 6.73650688799e-24],
        "var": [1.45525154949e-05, 1.38871473609e-05, 3.34284118253e-06, 1.70139446709e-06, 7.91375612152e-07, 4.9149679171e-07, 2.68726296326e-07, 6.35702747331e-07, 3.28707017161e-07, 8.79476033333e-07, 1.17042247894e-06, 4.68936427467e-08, 1.22775077216e-07, 4.37976481749e-08, 1.46504305576e-07, 6.98316569014e-08, 4.9038457739e-09, 2.25422480682e-09, 1.21623477956e-09, 4.46470860282e-09, 1.48930945354e-09, 8.4334056405e-10, 1.11270148651e-09, 4.79886241855e-10, 1.13897551113e-10, 3.50793172288e-10, 1.24282903413e-10, 5.04382785538e-11, 4.60921370515e-11, 2.67716734198e-11, 3.63353791499e-11, 7.68731051037e-11, 2.97335628341e-11, 4.13775749775e-11, 2.91059606972e-11, 2.9499035159e-11, 1.23470096994e-11, 9.96228100014e-12, 7.02196764277e-12, 3.93415074823e-12]
    },
    "mfcc": {
        "mean": [-706.981506348, 128.969955444, 16.861825943, 21.5470561981, 0.0220744591206, 2.5742225647, -1.46384441853, -0.890769064426, -2.7210714817, 1.04585123062, -2.21211719513, -3.12056970596, -4.10175561905],
        "cov": [[12727.1396484, -816.589172363, 277.187683105, 312.639160156, -215.436645508, 184.651626587, -185.733932495, 71.55909729, 162.550247192, 84.6592636108, 68.3533554077, 62.3220901489, 57.4124031067], [-816.589172363, 2147.67016602, -335.439483643, 195.498657227, 185.706680298, -157.983169556, 103.376899719, -56.3501586914, 37.1909255981, 57.4833374023, -37.0887451172, -65.7012939453, -75.1635665894], [277.187683105, -335.439483643, 862.539916992, 129.228210449, 88.7991027832, 220.169342041, 134.018264771, 143.001586914, 2.20577812195, 8.27329921722, 49.4860420227, 24.0995979309, 32.9493522644], [312.639160156, 195.498657227, 129.228210449, 395.125946045, 171.884918213, 50.130065918, 89.5081939697, 44.6989555359, 42.3367004395, 41.8178100586, 32.5090446472, 18.2648239136, 22.8629512787], [-215.436645508, 185.706680298, 88.7991027832, 171.884918213, 305.487762451, 98.2984848022, 95.5185699463, 83.2961196899, 54.603729248, 20.0217838287, 32.1994361877, 24.3911533356, 32.5391044617], [184.651626587, -157.983169556, 220.169342041, 50.130065918, 98.2984848022, 282.919403076, 138.747528076, 105.239227295, 66.7461700439, 38.0859451294, 61.0403633118, 60.6609916687, 45.3275375366], [-185.733932495, 103.376899719, 134.018264771, 89.5081939697, 95.5185699463, 138.747528076, 224.500961304, 105.240882874, 33.9902305603, 36.1315841675, 59.6385955811, 42.3917427063, 29.6235389709], [71.55909729, -56.3501586914, 143.001586914, 44.6989555359, 83.2961196899, 105.239227295, 105.240882874, 185.341201782, 71.8341140747, 21.1537418365, 45.4624557495, 44.5218467712, 39.1539115906], [162.550247192, 37.1909255981, 2.20577812195, 42.3367004395, 54.603729248, 66.7461700439, 33.9902305603, 71.8341140747, 196.548629761, 81.4357910156, 17.1418247223, -0.792837619781, -0.684383273125], [84.6592636108, 57.4833374023, 8.27329921722, 41.8178100586, 20.0217838287, 38.0859451294, 36.1315841675, 21.1537418365, 81.4357910156, 140.424209595, 62.1064147949, -1.74977898598, -12.3702955246], [68.3533554077, -37.0887451172, 49.4860420227, 32.5090446472, 32.1994361877, 61.0403633118, 59.6385955811, 45.4624557495, 17.1418247223, 62.1064147949, 140.182800293, 83.6101608276, 32.2756690979], [62.3220901489, -65.7012939453, 24.0995979309, 18.2648239136, 24.3911533356, 60.6609916687, 42.3917427063, 44.5218467712, -0.792837619781, -1.74977898598, 83.6101608276, 151.605743408, 87.0496826172], [57.4124031067, -75.1635665894, 32.9493522644, 22.8629512787, 32.5391044617, 45.3275375366, 29.6235389709, 39.1539115906, -0.684383273125, -12.3702955246, 32.2756690979, 87.0496826172, 137.968643188]],
