{
"lowlevel": {
    "average_loudness": 0.875776052475,
    "barkbands_crest": {
        "dmean": 2.52337813377,
        "dmean2": 3.83122706413,
        "dvar": 7.10729789734,
        "dvar2": 15.3992500305,
        "max": 26.9611263275,
        "mean": 11.8699884415,
        "median": 11.3174228668,
        "min": 2.7328619957,
        "var": 20.6605701447
    },
    "barkbands_flatness_db": {
        "dmean": 0.0307765118778,
        "dmean2": 0.0429696291685,
        "dvar": 0.00138462509494,
        "dvar2": 0.00267046829686,
        "max": 0.651070296764,
        "mean": 0.227088660002,
        "median": 0.229457646608,
        "min": 0.0262484420091,
        "var": 0.00590243563056
    },
    "barkbands_kurtosis": {
        "dmean": 5.18767118454,
        "dmean2": 8.07237625122,
        "dvar": 368.060943604,
        "dvar2": 692.825622559,
        "max": 1323.81860352,
        "mean": 8.12099552155,
        "median": 3.17881512642,
        "min": -1.90271365643,
        "var": 687.919921875
    },
    "barkbands_skewness": {
        "dmean": 0.67029094696,
        "dmean2": 1.00060808659,
        "dvar": 0.831578075886,
        "dvar2": 1.7390049696,
        "max": 15.6406259537,
        "mean": 1.84926390648,
        "median": 1.63744854927,
        "min": -33.4043731689,
        "var": 3.289239645
    },
    "barkbands_spread": {
        "dmean": 5.52714776993,
        "dmean2": 9.07761955261,
        "dvar": 99.7470321655,
        "dvar2": 258.788024902,
        "max": 99.5800704956,
        "mean": 13.9591751099,
        "median": 10.9635715485,
        "min": 0.0583398900926,
        "var": 146.751220703
    },
    "dissonance": {
        "dmean": 0.0315185002983,
        "dmean2": 0.0519432425499,
        "dvar": 0.000873828248587,
        "dvar2": 0.00228731427342,
        "max": 0.499999940395,
        "mean": 0.419934600592,
        "median": 0.427176892757,
        "min": 0.0129900565371,
        "var": 0.00255182641558
    },
    "dynamic_complexity": 4.06864118576,
    "erbbands_crest": {
        "dmean": 2.6622068882,
        "dmean2": 4.07113742828,
        "dvar": 6.69849157333,
        "dvar2": 15.0366201401,
        "max": 33.8926429749,
        "mean": 10.9679365158,
        "median": 9.77886009216,
        "min": 2.40174555779,
        "var": 27.457490921
    },
    "erbbands_flatness_db": {
        "dmean": 0.0272143557668,
        "dmean2": 0.0337644852698,
        "dvar": 0.00121546851005,
        "dvar2": 0.00175148667768,
        "max": 0.67593061924,
        "mean": 0.21864053607,
        "median": 0.231850028038,
        "min": 0.0417609587312,
        "var": 0.00613755220547
    },
    "erbbands_kurtosis": {
        "dmean": 1.29111659527,
        "dmean2": 1.98601865768,
        "dvar": 12.5216970444,
        "dvar2": 28.8972454071,
        "max": 143.692947388,
        "mean": 1.97462570667,
        "median": 0.140518307686,
        "min": -1.88151752949,
        "var": 103.226470947
    },
    "erbbands_skewness": {
        "dmean": 0.381064325571,
        "dmean2": 0.572554886341,
        "dvar": 0.158147886395,
        "dvar2": 0.3764577806,
        "max": 8.06358909607,
        "mean": 0.340973734856,
        "median": 0.282640069723,
        "min": -8.59544277191,
        "var": 1.12287640572
    },
    "erbbands_spread": {
        "dmean": 10.0380277634,
        "dmean2": 14.493598938,
        "dvar": 241.724807739,
        "dvar2": 459.604156494,
        "max": 157.622161865,
        "mean": 32.5159339905,
        "median": 25.1764945984,
        "min": 0.305780977011,
        "var": 565.231506348
    },
    "hfc": {
        "dmean": 9.89443588257,
        "dmean2": 15.6883306503,
        "dvar": 447.415496826,
        "dvar2": 1143.84240723,
        "max": 163.911560059,
        "mean": 18.879611969,
        "median": 13.4503688812,
        "min": 1.10548314737e-16,
        "var": 483.66619873
    },
    "melbands_crest": {
        "dmean": 2.76780343056,
        "dmean2": 4.29454851151,
        "dvar": 8.90067577362,
        "dvar2": 19.2366886139,
        "max": 36.6273765564,
        "mean": 15.4850072861,
        "median": 15.1343164444,
        "min": 1.62707233429,
        "var": 32.4557342529
    },
    "melbands_flatness_db": {
        "dmean": 0.0349739864469,
        "dmean2": 0.0487095229328,
        "dvar": 0.00195255631115,
        "dvar2": 0.003886369057,
        "max": 0.65470123291,
        "mean": 0.304560303688,
        "median": 0.30444714427,
        "min": 0.00306178512983,
        "var": 0.00984098669142
    },
    "melbands_kurtosis": {
        "dmean": 11.2937726974,
        "dmean2": 16.9773654938,
        "dvar": 700.662902832,
        "dvar2": 1522.46594238,
        "max": 618.950134277,
        "mean": 19.2415142059,
        "median": 8.02020549774,
        "min": -1.85563933849,
        "var": 1427.70471191
    },
    "melbands_skewness": {
        "dmean": 0.878085792065,
        "dmean2": 1.23863494396,
        "dvar": 1.32008373737,
        "dvar2": 2.52118587494,
        "max": 21.0066719055,
        "mean": 2.83704972267,
        "median": 2.40213060379,
        "min": -13.1865377426,
        "var": 5.41884565353
    },
    "melbands_spread": {
        "dmean": 5.13715267181,
        "dmean2": 8.20312976837,
        "dvar": 87.7035598755,
        "dvar2": 215.572219849,
        "max": 221.221313477,
        "mean": 15.225399971,
        "median": 10.9168949127,
        "min": 0.378460675478,
        "var": 243.767471313
    },
    "pitch_salience": {
        "dmean": 0.0734519660473,
        "dmean2": 0.115893907845,
        "dvar": 0.00610143784434,
        "dvar2": 0.0142305642366,
        "max": 0.996005475521,
        "mean": 0.460181444883,
        "median": 0.463757395744,
        "min": 0.0261076036841,
        "var": 0.0177041962743
    },
    "silence_rate_20dB": {
        "dmean": 0.000164271041285,
        "dmean2": 0.000328569090925,
        "dvar": 0.000164228025824,
        "dvar2": 0.000492681516334,
        "max": 1,
        "mean": 0.999917864799,
        "median": 1,
        "min": 0,
        "var": 8.21180219646e-05
    },
    "silence_rate_30dB": {
        "dmean": 0.0617659129202,
        "dmean2": 0.123541973531,
        "dvar": 0.0579604692757,
        "dvar2": 0.124048836529,
        "max": 1,
        "mean": 0.918281853199,
        "median": 1,
        "min": 0,
        "var": 0.0750318691134
    },
    "silence_rate_60dB": {
        "dmean": 0.00772073911503,
        "dmean2": 0.0154427466914,
        "dvar": 0.00766244763508,
        "dvar2": 0.0171803981066,
        "max": 1,
        "mean": 0.0901773944497,
        "median": 0,
        "min": 0,
        "var": 0.0820319652557
    },
    "spectral_centroid": {
        "dmean": 177.135299683,
        "dmean2": 279.720336914,
        "dvar": 82707.5625,
        "dvar2": 202651.171875,
        "max": 11459.21875,
        "mean": 922.971801758,
        "median": 759.029541016,
        "min": 154.789840698,
        "var": 475132.71875
    },
    "spectral_complexity": {
        "dmean": 2.93059539795,
        "dmean2": 4.55676031113,
        "dvar": 27.3876094818,
        "dvar2": 49.6224365234,
        "max": 60,
        "mean": 13.4695301056,
        "median": 13,
        "min": 0,
        "var": 64.4695510864
    },
    "spectral_decrease": {
        "dmean": 4.39230740668e-09,
        "dmean2": 6.62895160985e-09,
        "dvar": 7.3008092447e-17,
        "dvar2": 1.68615540087e-16,
        "max": 9.27683121602e-20,
        "mean": -1.18787957248e-08,
        "median": -9.3297440884e-09,
        "min": -1.09396076198e-07,
        "var": 1.42360933324e-16
    },
    "spectral_energy": {
        "dmean": 0.0170151591301,
        "dmean2": 0.0255197174847,
        "dvar": 0.0010543379467,
        "dvar2": 0.00239267526194,
        "max": 0.420134246349,
        "mean": 0.0465457513928,
        "median": 0.0367234200239,
        "min": 1.03253926639e-20,
        "var": 0.00211217720062
    },
    "spectral_energyband_high": {
        "dmean": 0.000819211883936,
        "dmean2": 0.00137641304173,
        "dvar": 4.49680510428e-06,
        "dvar2": 1.19754040497e-05,
        "max": 0.0179043486714,
        "mean": 0.000703674915712,
        "median": 3.57921308023e-05,
        "min": 7.32226498242e-21,
        "var": 3.66372046301e-06
    },
    "spectral_energyband_low": {
        "dmean": 0.0148535147309,
        "dmean2": 0.0236773714423,
        "dvar": 0.00115131319035,
        "dvar2": 0.00286779413,
        "max": 0.380245745182,
        "mean": 0.0287707131356,
        "median": 0.0163225904107,
        "min": 2.46112879956e-23,
        "var": 0.00173639785498
    },
    "spectral_energyband_middle_high": {
        "dmean": 0.00148566882126,
        "dmean2": 0.00223929691128,
        "dvar": 5.71477903577e-06,
        "dvar2": 1.36152766572e-05,
        "max": 0.0460503175855,
        "mean": 0.0042030941695,
        "median": 0.00272666849196,
        "min": 1.26966276647e-21,
        "var": 1.98817615455e-05
    },
    "spectral_energyband_middle_low": {
        "dmean": 0.00524329952896,
        "dmean2": 0.00840830616653,
        "dvar": 0.000114855312859,
        "dvar2": 0.000310186907882,
        "max": 0.146154612303,
        "mean": 0.0138058857992,
        "median": 0.0103193642572,
        "min": 1.29420330784e-22,
        "var": 0.000164696321008
    },
    "spectral_entropy": {
        "dmean": 0.26573613286,
        "dmean2": 0.352717190981,
        "dvar": 0.154851853848,
        "dvar2": 0.270853161812,
        "max": 9.8152256012,
        "mean": 6.76495456696,
        "median": 6.55318164825,
        "min": 2.57845282555,
        "var": 0.588669300079
    },
    "spectral_flux": {
        "dmean": 0.0359032414854,
        "dmean2": 0.0531083159149,
        "dvar": 0.0028097925242,
        "dvar2": 0.00532349990681,
        "max": 0.577934086323,
        "mean": 0.0844811946154,
        "median": 0.0597482062876,
        "min": 6.31323535116e-11,
        "var": 0.00632568867877
    },
    "spectral_kurtosis": {
        "dmean": 7.58626461029,
        "dmean2": 12.5774240494,
        "dvar": 116.348350525,
        "dvar2": 294.593994141,
        "max": 255.929016113,
        "mean": 14.4931430817,
        "median": 9.38669013977,
        "min": -1.27750062943,
        "var": 292.294006348
    },
    "spectral_rms": {
        "dmean": 0.00102709839121,
        "dmean2": 0.00147555256262,
        "dvar": 2.24274253924e-06,
        "dvar2": 4.44457646154e-06,
        "max": 0.020245667547,
        "mean": 0.00594444386661,
        "median": 0.00598562695086,
        "min": 3.173886284e-12,
        "var": 1.00738916444e-05
    },
    "spectral_rolloff": {
        "dmean": 432.215148926,
        "dmean2": 778.109069824,
        "dvar": 1324162.75,
        "dvar2": 3505876,
        "max": 19573.6816406,
        "mean": 1050.27722168,
        "median": 602.9296875,
        "min": 64.599609375,
        "var": 2269255
    },
    "spectral_skewness": {
        "dmean": 0.614982903004,
        "dmean2": 0.980576872826,
        "dvar": 0.485092192888,
        "dvar2": 1.19599473476,
        "max": 12.9771251678,
        "mean": 2.42284846306,
        "median": 2.1997013092,
        "min": -0.0781597867608,
        "var": 1.61907160282
    },
    "spectral_spread": {
        "dmean": 866999,
        "dmean2": 1180922,
        "dvar": 2.19722167091e+12,
        "dvar2": 3.69710045594e+12,
        "max": 42613428,
        "mean": 3608497,
        "median": 2464067,
        "min": 147283.6875,
        "var": 7.82553894093e+12
    },
    "spectral_strongpeak": {
        "dmean": 0.436960428953,
        "dmean2": 0.739551484585,
        "dvar": 0.685815393925,
        "dvar2": 1.62931931019,
        "max": 8.37865829468,
        "mean": 0.942656219006,
        "median": 0.556837797165,
        "min": 0,
        "var": 1.43587815762
    },
    "zerocrossingrate": {
        "dmean": 0.00915109273046,
        "dmean2": 0.0117018241435,
        "dvar": 0.000184550182894,
        "dvar2": 0.000261221401161,
        "max": 0.52392578125,
        "mean": 0.0409575589001,
        "median": 0.0302734375,
        "min": 0.00390625,
        "var": 0.00149089784827
    },
    "barkbands": {
        "dmean": [0.000398426927859, 0.0114287761971, 0.0050829378888, 0.00187258177903, 0.00200265459716, 0.0012766312575, 0.00102494109888, 0.000563318899367, 0.00083596794866, 0.000312351010507, 0.000140780757647, 0.000547786476091, 0.000282070512185, 0.000294428959023, 0.000128395666252, 0.000158793758601, 8.00279449322e-05, 0.000102573947515, 9.08545625862e-05, 0.000102679026895, 9.89510517684e-05, 9.35871066758e-05, 0.000155477900989, 0.000258305750322, 0.000153379602125, 3.46982196788e-05, 1.26434929371e-06],
        "dmean2": [0.000595882069319, 0.0184293240309, 0.00882368348539, 0.00337441754527, 0.00324108800851, 0.0017975413939, 0.00159727886785, 0.000812618236523, 0.00127590331249, 0.000482655566884, 0.000230408462812, 0.000867815921083, 0.000413631118136, 0.000377961638151, 0.000185814045835, 0.000261297944235, 0.000128940024297, 0.000159833711223, 0.000143222598126, 0.000160400682944, 0.000153375804075, 0.000152918306412, 0.000257209758274, 0.000462504976895, 0.000271361495834, 5.91545649513e-05, 2.20292326958e-06],
        "dvar": [1.07770881641e-06, 0.000731775653549, 0.000242322188569, 4.14139722125e-05, 1.89026559383e-05, 5.07824506712e-06, 3.34040032612e-06, 9.89049567579e-07, 2.59503576672e-06, 5.53166898953e-07, 2.37218017674e-07, 1.30747162075e-06, 5.71513282921e-07, 3.67931164647e-07, 1.5457582947e-07, 2.0520178623e-07, 6.70526247859e-08, 7.46799173612e-08, 5.6051007391e-08, 6.33538732586e-08, 6.15463662257e-08, 5.14810984953e-08, 1.61015151434e-07, 5.17703711012e-07, 1.74995150815e-07, 7.97831489763e-09, 1.12988993162e-11],
        "dvar2": [2.45844830715e-06, 0.00186345167458, 0.000687468447722, 0.000119454627566, 4.9624562962e-05, 1.2463728126e-05, 7.87395765656e-06, 1.87232240023e-06, 5.39696111446e-06, 1.22392657431e-06, 6.73644024118e-07, 3.16069917972e-06, 1.48048695792e-06, 5.61851038583e-07, 3.06116362481e-07, 5.26493806774e-07, 1.76545739805e-07, 1.85015949228e-07, 1.41909296758e-07, 1.47907456949e-07, 1.56788217964e-07, 1.23815695474e-07, 4.19715263433e-07, 1.43089255289e-06, 4.76003521044e-07, 2.08410053659e-08, 2.99758343147e-11],
        "max": [0.0129503915086, 0.334277868271, 0.152190312743, 0.0691082850099, 0.0901158899069, 0.0362734496593, 0.0448957830667, 0.0383096188307, 0.0586569532752, 0.0394536405802, 0.0115305362269, 0.0225388221443, 0.0312114711851, 0.0147501574829, 0.0108438264579, 0.00875092484057, 0.00414742063731, 0.0067222872749, 0.00415088748559, 0.00296787917614, 0.00226387521252, 0.00630807178095, 0.00537463324144, 0.00421472545713, 0.00223206030205, 0.000838699168526, 4.20163378294e-05],
        "mean": [0.000733450055122, 0.0202617589384, 0.00685235438868, 0.00214640051126, 0.00384553731419, 0.00312668923289, 0.0022123651579, 0.00101113237906, 0.00140307552647, 0.000576317950618, 0.000205694625038, 0.00101141771302, 0.000641277700197, 0.000780811998993, 0.000276880135061, 0.000273489713436, 0.000103003374534, 0.000162732583703, 0.000137466879096, 0.000132645713165, 0.000105408544187, 9.73896458163e-05, 0.00013448370737, 0.000178220929229, 0.000108033353172, 2.67891973635e-05, 8.91838453754e-07],
        "median": [0.000156948604854, 0.00893744267523, 0.00175477995072, 0.000852906610817, 0.00196103891358, 0.00189184444025, 0.000943589955568, 0.000491511309519, 0.000647782930173, 0.00022076939058, 2.95603640552e-05, 0.000241753383307, 0.000125534861581, 0.000137757728226, 5.4341617215e-05, 5.34303326276e-05, 1.94366330106e-05, 3.70263733203e-05, 3.28273599735e-05, 2.36035739363e-05, 1.54615281645e-05, 3.39645862368e-06, 1.40836618812e-06, 5.99343252361e-07, 2.45052092396e-07, 1.25356336866e-07, 5.05450081789e-09],
        "min": [1.80340189922e-24, 5.21206710967e-24, 1.64673836357e-24, 3.15348862635e-24, 1.26792572e-23, 1.6889890634e-23, 2.47672379079e-23, 5.14416748497e-24, 1.94831414867e-23, 2.3510621929e-23, 1.96440533342e-23, 2.29468703717e-23, 4.42547686168e-23, 4.10927869167e-23, 6.06059051178e-23, 9.56218251135e-23, 8.34422355663e-23, 1.04994483477e-22, 1.25474032017e-22, 2.18109362272e-22, 3.38608635473e-22, 3.30205865816e-22, 4.07499063154e-22, 7.02868856639e-22, 9.85836418785e-22, 1.3353346669e-21, 1.9018277746e-21],
        "var": [1.69223301327e-06, 0.000976175186224, 0.000193889020011, 2.66140596068e-05, 3.55702577508e-05, 1.28535903059e-05, 1.17743256851e-05, 2.78683705801e-06, 7.8269667938e-06, 1.48277570133e-06, 4.09732763273e-07, 3.28565101881e-06, 3.66551671505e-06, 2.53586404142e-06, 5.49713888631e-07, 4.16534163605e-07, 6.80498217775e-08, 1.16104253323e-07, 7.79320714628e-08, 8.13777489839e-08, 6.35758041767e-08, 6.56262102439e-08, 1.42068401487e-07, 3.42521843777e-07, 1.19348058547e-07, 6.29989704848e-09, 7.98389479528e-12]
    },
    "erbbands": {
        "dmean": [0.288020581007, 2.82067513466, 6.29308700562, 5.58423948288, 6.83398914337, 6.6956820488, 7.19661712646, 12.7071256638, 16.4735507965, 9.30070877075, 12.5121364594, 13.8882055283, 16.4130249023, 10.0892715454, 11.0081958771, 18.582906723, 12.4222831726, 15.9704723358, 8.72400665283, 4.89194726944, 9.46141147614, 4.79272556305, 5.65318870544, 4.17535209656, 5.27132177353, 4.26835918427, 4.30056476593, 3.30038619041, 3.13558006287, 4.57913780212, 4.22563314438, 3.0660815239, 6.06516361237, 2.09164953232, 0.90583306551, 0.240675568581, 0.0553318113089, 0.00544489035383, 0.000262265675701, 2.54180795309e-05],
        "dmean2": [0.447010576725, 4.467045784, 10.6015501022, 9.94185066223, 11.6160812378, 10.6422071457, 10.7249393463, 18.0798530579, 26.1686038971, 13.3033695221, 18.1305923462, 21.3013725281, 25.0094585419, 15.8607883453, 17.4261703491, 29.8220481873, 18.1245384216, 20.5317497253, 12.2062635422, 7.69913959503, 15.4240760803, 7.61003923416, 8.88275051117, 6.3988366127, 8.32833576202, 6.67372751236, 6.64233350754, 5.22483158112, 5.09440565109, 7.63929033279, 6.815117836, 5.0411901474, 11.1852064133, 3.70717906952, 1.60812580585, 0.416455566883, 0.0948627740145, 0.00938299205154, 0.000456231529824, 3.8701822632e-05],
        "dvar": [0.479849845171, 46.7311515808, 313.846862793, 380.858123779, 298.555419922, 262.939575195, 141.917175293, 572.418457031, 931.906860352, 488.986938477, 482.055603027, 796.635803223, 1148.33911133, 577.41986084, 479.635772705, 1725.05908203, 1310.21630859, 1206.10498047, 669.461547852, 198.002151489, 663.855529785, 216.404312134, 234.779937744, 131.911773682, 157.526870728, 111.267822266, 114.358627319, 71.4868927002, 53.8275146484, 136.424072266, 118.644714355, 59.6373062134, 309.210754395, 32.8635177612, 6.10375833511, 0.406497478485, 0.0202724225819, 0.000198424590053, 4.72050459166e-07, 2.0378636556e-09],
        "dvar2": [1.20018339157, 119.327339172, 872.998413086, 1082.50256348, 836.70880127, 621.898742676, 353.403839111, 1445.13549805, 2339.72973633, 795.810058594, 933.919067383, 1604.76806641, 2576.67895508, 1266.01611328, 1188.88085938, 4427.32958984, 3460.02270508, 1751.2376709, 1297.31152344, 505.736083984, 1682.32885742, 555.215332031, 579.083068848, 331.335144043, 390.841247559, 252.886825562, 282.483459473, 181.601074219, 126.631500244, 357.103912354, 304.824645996, 153.929443359, 868.727966309, 89.8082046509, 16.5697040558, 1.08665800095, 0.0526808612049, 0.000520155590493, 1.25837175347e-06, 4.27644364365e-09],
        "max": [7.54863595963, 83.8936233521, 174.579788208, 223.90737915, 206.901321411, 472.970306396, 219.36126709, 407.23739624, 704.179992676, 1176.4074707, 1044.55200195, 1555.1907959, 1458.80236816, 1460.234375, 420.806549072, 674.796142578, 1581.7956543, 833.659667969, 649.17376709, 282.687438965, 546.233520508, 206.881988525, 311.854858398, 196.547195435, 140.54208374, 133.773727417, 93.8286590576, 89.677154541, 238.172317505, 210.063034058, 141.720993042, 94.7977752686, 104.970794678, 30.5353946686, 13.8851623535, 4.29643964767, 1.22990608215, 0.113955721259, 0.00818568374962, 0.000477071298519],
        "mean": [0.486840307713, 4.79189443588, 9.47830963135, 6.67950963974, 10.5728607178, 13.1650762558, 16.5438213348, 29.6196727753, 35.6564331055, 22.2813835144, 22.748249054, 23.9415397644, 29.6095409393, 18.3347549438, 21.343044281, 34.1621246338, 31.3985366821, 42.7486152649, 21.0062923431, 8.52186965942, 17.5367183685, 7.11581611633, 9.40598583221, 6.56707954407, 7.74140834808, 5.63748979568, 4.79949712753, 3.44156956673, 3.30014061928, 4.16999197006, 3.70519161224, 2.56897044182, 3.86493825912, 1.47330188751, 0.631830811501, 0.18140271306, 0.0414993353188, 0.00395830441266, 0.000203634277568, 5.98096157773e-05],
        "median": [0.17090678215, 1.65717625618, 2.80719590187, 3.51222395897, 4.84052753448, 5.37499332428, 9.41939163208, 16.944896698, 17.5087852478, 10.1845378876, 11.9987125397, 10.9727153778, 15.7683591843, 8.05060768127, 7.89945840836, 10.2814807892, 6.88081359863, 8.40907287598, 5.71654987335, 3.03466939926, 3.56347322464, 1.6386371851, 2.29285144806, 2.01666545868, 2.51502370834, 1.33235836029, 0.840070486069, 0.295338213444, 0.143849283457, 0.0665643364191, 0.0315442159772, 0.0166333839297, 0.00728238932788, 0.00291264639236, 0.00163912633434, 0.000866407062858, 0.00017630434013, 1.89997372217e-05, 2.54425176536e-05, 4.47385464213e-05],
        "min": [1.49538972305e-22, 3.53284704728e-22, 2.44191754372e-21, 8.72435793113e-21, 3.05638938877e-20, 4.84082347273e-20, 5.44720534598e-20, 1.31040194882e-19, 2.10485283399e-19, 3.89948553792e-19, 2.04380690478e-19, 4.76070876858e-19, 7.48332981083e-19, 1.16867664837e-18, 1.06479796288e-18, 1.53021361608e-18, 2.22907080507e-18, 1.90950322389e-18, 3.98666975409e-18, 4.07024394728e-18, 4.98563179164e-18, 5.56310973832e-18, 5.40241666944e-18, 6.02758612793e-18, 8.88653284237e-18, 1.1333079977e-17, 1.19994012574e-17, 1.14073938833e-17, 1.21790210459e-17, 1.41338647275e-17, 1.12174326828e-17, 1.28274198039e-17, 1.14073136468e-17, 9.84094789521e-18, 7.22210317485e-18, 4.85912981979e-18, 2.24890618257e-18, 9.29191007235e-19, 2.65558710089e-19, 2.70554186286e-20],
        "var": [0.649795413017, 58.5484962463, 310.856201172, 243.043212891, 310.32510376, 835.221984863, 395.949493408, 1254.55822754, 2669.10131836, 2434.18334961, 1278.13195801, 2446.40893555, 3084.84960938, 1485.52624512, 1212.98254395, 3683.35058594, 9157.04101562, 8272.74804688, 2675.36279297, 252.609863281, 1732.62890625, 236.198730469, 393.167419434, 177.083099365, 203.647857666, 145.15725708, 125.052818298, 75.7649765015, 73.1536712646, 129.598724365, 108.238861084, 52.24401474, 188.662841797, 22.3772125244, 4.12942457199, 0.301566034555, 0.0156990084797, 0.000146639766172, 3.3428915458e-07, 3.74999187258e-09]
    },
    "gfcc": {
        "mean": [-69.7493515015, 143.958908081, -119.559051514, 20.0944538116, -51.079536438, -0.776683449745, -28.6325130463, -2.70736551285, -19.8130588531, -1.31453442574, -6.47727203369, -7.01037406921, -6.49914169312],
        "cov": [[24063.3984375, -836.87902832, -207.057098389, 1156.10986328, -770.159729004, 1600.31518555, -81.4661560059, 727.168884277, -166.048934937, 603.263183594, 158.913467407, 214.376495361, -229.884109497], [-836.87902832, 3984.7043457, -511.915618896, -624.002929688, 1075.74353027, -636.797973633, 901.34588623, -342.573425293, 500.499969482, -129.879928589, 521.306091309, -196.780273438, 343.430847168], [-207.057098389, -511.915618896, 2121.16430664, 666.843139648, -52.4695243835, 662.031494141, 83.2554092407, 374.689575195, 184.198150635, 215.363922119, 36.1287345886, 236.448516846, 25.220533371], [1156.10986328, -624.002929688, 666.843139648, 722.578063965, 58.1682128906, 423.792510986, 73.0523986816, 207.824234009, 28.2476043701, 150.752792358, 7.31937074661, 92.4885025024, -32.2031555176], [-770.159729004, 1075.74353027, -52.4695243835, 58.1682128906, 777.566833496, -74.0021743774, 366.27331543, -25.3128585815, 173.049667358, 11.5009698868, 173.909545898, -25.4581851959, 93.6066131592], [1600.31518555, -636.797973633, 662.031494141, 423.792510986, -74.0021743774, 605.858276367, 40.5379600525, 205.072601318, 0.275672733784, 152.991699219, 1.32949709892, 108.990684509, -45.6084899902], [-81.4661560059, 901.34588623, 83.2554092407, 73.0523986816, 366.27331543, 40.5379600525, 482.973114014, 13.0785398483, 151.764877319, 39.6123771667, 182.677520752, -38.6778831482, 76.421005249], [727.168884277, -342.573425293, 374.689575195, 207.824234009, -25.3128585815, 205.072601318, 13.0785398483, 286.085632324, 83.2517471313, 66.7843856812, -18.7443599701, 102.549057007, -11.5520172119], [-166.048934937, 500.499969482, 184.198150635, 28.2476043701, 173.049667358, 0.275672733784, 151.764877319, 83.2517471313, 253.091781616, 37.7218704224, 79.4653930664, 17.1618061066, 77.049987793], [603.263183594, -129.879928589, 215.363922119, 150.752792358, 11.5009698868, 152.991699219, 39.6123771667, 66.7843856812, 37.7218704224, 186.668167114, 73.8293075562, 38.1096534729, 0.397429257631], [158.913467407, 521.306091309, 36.1287345886, 7.31937074661, 173.909545898, 1.32949709892, 182.677520752, -18.7443599701, 79.4653930664, 73.8293075562, 210.358215332, 37.5969314575, 47.4687995911], [214.376495361, -196.780273438, 236.448516846, 92.4885025024, -25.4581851959, 108.990684509, -38.6778831482, 102.549057007, 17.1618061066, 38.1096534729, 37.5969314575, 163.211074829, 14.4405736923], [-229.884109497, 343.430847168, 25.220533371, -32.2031555176, 93.6066131592, -45.6084899902, 76.421005249, -11.5520172119, 77.049987793, 0.397429257631, 47.4687995911, 14.4405736923, 112.432846069]],
        "icov": [[0.000106241175672, -0.000308482878609, 0.000223852111958, -0.000275812024483, 0.000268979754765, -0.000420289405156, 0.000319451850373, -0.000428089260822, 0.000284601876047, -0.000264944304945, 7.33653723728e-05, -1.05025601442e-05, 0.000151011539856], [-0.000308482878609, 0.00254807202145, -0.000863594817929, 0.00176531111356, -0.00154446356464, 0.00166417355649, -0.00219953432679, 0.0020858370699, -0.00225997925736, 0.00194302562159, -0.00226052873768, 0.000997014925815, -0.00167609320488], [0.000223852111958, -0.000863594817929, 0.00142207148019, -0.00110494578257, 0.000833842030261, -0.00151267298497, 0.000779908441473, -0.00108804763295, 0.000170374463778, -0.000778798130341, 0.000601292354986, -0.000756393768825, 0.000239653483732], [-0.000275812024483, 0.00176531111356, -0.00110494578257, 0.0041375355795, -0.00170128699392, 0.000229832148761, -0.0017863685498, 0.000948582834098, -0.00104158918839, 0.000407896150136, -0.000763300282415, 0.000564144866075, -0.00073974148836], [0.000268979754765, -0.00154446356464, 0.000833842030261, -0.00170128699392, 0.00333930784836, -0.000872195989359, 7.11399552529e-05, -0.00111851701513, 0.000617396668531, -0.000885598885361, 0.000674079812597, -0.00071020325413, 0.000682672485709], [-0.000420289405156, 0.00166417355649, -0.00151267298497, 0.000229832148761, -0.000872195989359, 0.00585409905761, -0.002645149827, 0.00121151655912, -0.000625638407655, -0.000268842210062, -1.51920530698e-05, -0.000682494253851, 9.55923860602e-06], [0.000319451850373, -0.00219953432679, 0.000779908441473, -0.0017863685498, 7.11399552529e-05, -0.002645149827, 0.00739886378869, -0.00316034676507, 0.00139778386801, -0.000126875092974, -0.00259115803055, 0.00280926050618, -2.51353249041e-05], [-0.000428089260822, 0.0020858370699, -0.00108804763295, 0.000948582834098, -0.00111851701513, 0.00121151655912, -0.00316034676507, 0.00999447610229, -0.0051192054525, 0.000520549365319, 0.00210966635495, -0.00405431073159, 0.00100323976949], [0.000284601876047, -0.00225997925736, 0.000170374463778, -0.00104158918839, 0.000617396668531, -0.000625638407655, 0.00139778386801, -0.0051192054525, 0.00974995363504, -0.0022336828988, 0.000651972310152, 0.000843258865643, -0.00215259939432], [-0.000264944304945, 0.00194302562159, -0.000778798130341, 0.000407896150136, -0.000885598885361, -0.000268842210062, -0.000126875092974, 0.000520549365319, -0.0022336828988, 0.0108157387003, -0.00670802360401, 0.0026535235811, -0.00143346213736], [7.33653723728e-05, -0.00226052873768, 0.000601292354986, -0.000763300282415, 0.000674079812597, -1.51920530698e-05, -0.00259115803055, 0.00210966635495, 0.000651972310152, -0.00670802360401, 0.0149903409183, -0.00724272988737, 0.00229026493616], [-1.05025601442e-05, 0.000997014925815, -0.000756393768825, 0.000564144866075, -0.00071020325413, -0.000682494253851, 0.00280926050618, -0.00405431073159, 0.000843258865643, 0.0026535235811, -0.00724272988737, 0.0129863265902, -0.00394457625225], [0.000151011539856, -0.00167609320488, 0.000239653483732, -0.00073974148836, 0.000682672485709, 9.55923860602e-06, -2.51353249041e-05, 0.00100323976949, -0.00215259939432, -0.00143346213736, 0.00229026493616, -0.00394457625225, 0.014632627368]]
    },
    "melbands": {
        "dmean": [0.00282739964314, 0.00339778605849, 0.00099041336216, 0.000486575678224, 0.000251518009463, 0.000271797936875, 0.00023270395468, 0.000103182232124, 9.42738115555e-05, 0.000106319937913, 8.38938867673e-05, 4.42682976427e-05, 2.91233955068e-05, 7.14940106263e-05, 2.99612111121e-05, 3.13296077366e-05, 2.78166644421e-05, 1.48014951264e-05, 8.05410127214e-06, 7.61642104408e-06, 1.11545905384e-05, 4.32391152572e-06, 6.0494508034e-06, 4.5892243179e-06, 3.24419784192e-06, 4.01045326726e-06, 4.1385392251e-06, 2.52462200478e-06, 2.50195739682e-06, 2.95882387036e-06, 1.59730348059e-06, 1.51542371896e-06, 2.29508486882e-06, 2.77668209492e-06, 2.61912532551e-06, 1.79124765509e-06, 1.67728023825e-06, 4.98451436215e-06, 2.51080882663e-06, 1.56364296799e-06],
        "dmean2": [0.00453700637445, 0.00548371346667, 0.00172962364741, 0.000803721311968, 0.000375176750822, 0.000384739163565, 0.000367230153643, 0.000145203666762, 0.000137030408951, 0.000163114455063, 0.000127559877001, 6.94245100021e-05, 4.66949750262e-05, 0.000113902235171, 4.72285682918e-05, 4.25768193963e-05, 3.58830875484e-05, 2.08190522244e-05, 1.20216382129e-05, 1.25519663925e-05, 1.81675932254e-05, 6.88276486471e-06, 9.68023869063e-06, 7.05910997567e-06, 4.97750852446e-06, 6.45394220555e-06, 6.47484148431e-06, 3.97845906264e-06, 3.92004130845e-06, 4.81701681565e-06, 2.53909684034e-06, 2.4148778266e-06, 3.91039429815e-06, 4.66971823698e-06, 4.26040105594e-06, 2.8864799333e-06, 2.76417767964e-06, 9.2732734629e-06, 4.5026376938e-06, 2.77726644526e-06],
        "dvar": [4.51026062365e-05, 7.57561865612e-05, 1.01222758531e-05, 1.24803239032e-06, 1.9220939862e-07, 2.52080042173e-07, 1.71065764221e-07, 4.81017288223e-08, 2.64090473934e-08, 4.14870697796e-08, 2.95524955618e-08, 1.15592957428e-08, 5.40199307508e-09, 2.42225368652e-08, 6.06654237956e-09, 4.49359793819e-09, 3.53963680588e-09, 2.01356065155e-09, 3.92083726597e-10, 5.73974257012e-10, 9.03031815991e-10, 1.87331872237e-10, 3.58597651573e-10, 1.32937438835e-10, 8.45121611581e-11, 1.10410576515e-10, 1.00489207233e-10, 3.94839438922e-11, 3.74364046707e-11, 6.09804567953e-11, 1.54413634657e-11, 1.15974747167e-11, 3.76144601577e-11, 5.10486618255e-11, 4.57543170018e-11, 2.03980686508e-11, 1.7665660601e-11, 2.14107842567e-10, 4.85614083667e-11, 1.86574557887e-11],
        "dvar2": [0.000112595844257, 0.000202505558264, 2.8298520192e-05, 3.3659298424e-06, 4.57475152871e-07, 6.29029329957e-07, 4.31335109852e-07, 7.94839323248e-08, 5.09373485613e-08, 8.61611297864e-08, 6.59141861092e-08, 2.52642315957e-08, 1.48700465274e-08, 5.7879098847e-08, 1.64262647928e-08, 8.93631568744e-09, 5.1980064697e-09, 3.88341048208e-09, 8.46194447846e-10, 1.46586298655e-09, 2.27896235216e-09, 4.88235840646e-10, 9.09567698937e-10, 3.25719951011e-10, 2.13879761124e-10, 2.79683082249e-10, 2.44782277781e-10, 8.72060895718e-11, 8.73272149038e-11, 1.61102617358e-10, 3.76395234425e-11, 2.57666873948e-11, 9.72579100589e-11, 1.35130864831e-10, 1.17908613428e-10, 5.10757443284e-11, 4.51356729769e-11, 6.05088590344e-10, 1.3343713634e-10, 5.1287377123e-11],
        "max": [0.0859107151628, 0.0912985503674, 0.0335694737732, 0.0220262724906, 0.00882514566183, 0.00845078006387, 0.00929793994874, 0.0108463624492, 0.00789903383702, 0.00839004758745, 0.00729261385277, 0.0064864535816, 0.00172994798049, 0.00332205812447, 0.00282814260572, 0.00208215974271, 0.00142450246494, 0.00119155610446, 0.000453151587863, 0.00034654251067, 0.000654334202409, 0.000210220590816, 0.000301740394207, 0.0004127350403, 0.000152569031343, 0.000180317540071, 0.000143883415149, 8.68237839313e-05, 6.9149871706e-05, 6.5195687057e-05, 5.16860127391e-05, 0.000123500358313, 0.000158039372764, 0.000114311500511, 9.65890212683e-05, 5.07482982357e-05, 6.83736870997e-05, 8.77432248672e-05, 3.92761503463e-05, 2.45251867454e-05],
        "mean": [0.00509648490697, 0.00567003013566, 0.00134866544977, 0.000843525398523, 0.000594378972892, 0.00065989268478, 0.000509567325935, 0.000232413905906, 0.000167014091858, 0.00017611758085, 0.000150896419655, 7.73254214437e-05, 5.11109283252e-05, 0.000128401108668, 6.1828061007e-05, 8.10297206044e-05, 7.25963764125e-05, 3.3594064007e-05, 1.63306540344e-05, 1.10773808046e-05, 2.06811400858e-05, 5.73434635953e-06, 8.83625125425e-06, 7.59080103307e-06, 4.89257445224e-06, 6.03510261499e-06, 5.38588574273e-06, 3.31912406182e-06, 3.01004752146e-06, 2.69422957899e-06, 1.75126524482e-06, 1.67425446307e-06, 2.16880448534e-06, 2.42976693698e-06, 2.26259703595e-06, 1.62413402904e-06, 1.410242362e-06, 3.10658379021e-06, 1.71146677985e-06, 1.09709026219e-06],
        "median": [0.00208566291258, 0.00237309653312, 0.000745236233342, 0.000386897096178, 0.000323003798258, 0.000380536454031, 0.000267586787231, 0.000106365507236, 8.46753755468e-05, 7.92234714027e-05, 8.01909263828e-05, 2.94657038467e-05, 1.69370941876e-05, 2.72675133601e-05, 9.51691799855e-06, 1.34890888148e-05, 1.1532051758e-05, 4.92733124702e-06, 3.73454531655e-06, 2.29677743846e-06, 3.57050271305e-06, 9.85392830444e-07, 1.15163948067e-06, 2.1742566787e-06, 1.01671093944e-06, 1.85281078302e-06, 1.15073885354e-06, 4.72176282074e-07, 4.99895008943e-07, 2.05000560527e-07, 1.36163890829e-07, 7.31674560939e-08, 5.84353117006e-08, 3.3689676826e-08, 2.04657126801e-08, 9.2745118252e-09, 9.09960551354e-09, 5.48325207461e-09, 3.10642001011e-09, 1.96605265401e-09],
        "min": [2.76478195125e-24, 6.54580854023e-25, 2.8856571356e-24, 2.66448597854e-24, 2.059170129e-24, 3.01460138094e-24, 4.06685958976e-24, 3.62727592222e-24, 2.11922058769e-24, 2.53577050287e-24, 3.76838736095e-24, 4.18112056985e-24, 4.17605174411e-24, 2.14115111807e-24, 3.86630669296e-24, 4.40624885043e-24, 3.1797604555e-24, 6.00687681497e-24, 4.77987940755e-24, 5.12610612012e-24, 4.96968683553e-24, 4.40564813285e-24, 4.46423525456e-24, 5.05304103421e-24, 4.70271106165e-24, 5.17145655027e-24, 6.16899719733e-24, 5.1774305939e-24, 6.48116089601e-24, 7.28619226649e-24, 5.4954788005e-24, 6.43696101949e-24, 6.3697078663e-24, 6.89569507436e-24, 6.17647323213e-24, 6.87688547493e-24, 6.4192696304e-24, 7.98772705837e-24, 6.64616022624e-24, 7.70018725842e-24],
        "var": [6.25777829555e-05, 8.85977133294e-05, 7.20148227629e-06, 1.86251975265e-06, 6.80038965584e-07, 6.0451139916e-07, 4.90740148962e-07, 2.25429857892e-07, 7.25627842257e-08, 1.23257422047e-07, 8.06891762295e-08, 3.01122398128e-08, 1.05819717433e-08, 6.02262346661e-08, 3.12763823729e-08, 2.97723978804e-08, 2.42132891515e-08, 8.5601925548e-09, 1.16401210892e-09, 6.48343101428e-10, 2.54576759673e-09, 2.09463044132e-10, 4.85336937306e-10, 2.03105518515e-10, 1.18796625315e-10, 1.44406778202e-10, 1.26119684141e-10, 5.92570437163e-11, 4.89932157344e-11, 5.21935550335e-11, 1.86611663622e-11, 1.79355870433e-11, 3.85592842378e-11, 4.57219540007e-11, 4.16125328639e-11, 1.91365517183e-11, 1.62138306253e-11, 1.27587648779e-10, 3.22805671082e-11, 1.25523159575e-11]
    },
    "mfcc": {
        "mean": [-706.262634277, 168.01008606, -4.16526412964, 21.4983119965, -3.83706474304, 1.59888541698, 1.12606739998, -3.4480175972, -6.91568279266, 1.71963691711, -0.154561847448, -1.95129776001, -2.8795106411],
        "cov": [[12595.3183594, -179.57081604, 1383.71398926, 427.407501221, -21.1721420288, 450.563323975, 304.303466797, 265.055480957, -18.3690242767, 311.249359131, 128.0546875, 167.392242432, 272.464569092], [-179.57081604, 4633.15478516, -964.102844238, 311.399078369, -45.8787269592, 22.9727363586, 321.029693604, -3.89711880684, 74.0662460327, 141.923858643, 132.736206055, 86.4253616333, 167.372253418], [1383.71398926, -964.102844238, 1698.15783691, 147.525848389, 268.362426758, 304.322662354, 96.8629379272, 292.771759033, 223.709503174, 168.685516357, 108.910400391, 188.807449341, 122.552513123], [427.407501221, 311.399078369, 147.525848389, 438.720275879, 149.664031982, 177.255355835, 192.56098938, 127.32383728, 97.8938064575, 124.385063171, 99.203163147, 72.4847717285, 92.6916122437], [-21.1721420288, -45.8787269592, 268.362426758, 149.664031982, 361.849761963, 152.858764648, 84.9875717163, 133.142715454, 118.25894165, 70.2647857666, 66.2852478027, 82.7740783691, 51.3410072327], [450.563323975, 22.9727363586, 304.322662354, 177.255355835, 152.858764648, 351.372253418, 214.790344238, 104.667915344, 77.1216659546, 99.0095977783, 111.355895996, 85.678855896, 51.5145683289], [304.303466797, 321.029693604, 96.8629379272, 192.56098938, 84.9875717163, 214.790344238, 329.871002197, 116.43724823, 46.7609596252, 89.4918060303, 107.674842834, 71.0839691162, 71.1450881958], [265.055480957, -3.89711880684, 292.771759033, 127.32383728, 133.142715454, 104.667915344, 116.43724823, 254.424072266, 121.402999878, 59.6653556824, 61.426361084, 107.079711914, 75.9349975586], [-18.3690242767, 74.0662460327, 223.709503174, 97.8938064575, 118.25894165, 77.1216659546, 46.7609596252, 121.402999878, 191.197555542, 104.076057434, 44.0634346008, 50.9475059509, 34.0478210449], [311.249359131, 141.923858643, 168.685516357, 124.385063171, 70.2647857666, 99.0095977783, 89.4918060303, 59.6653556824, 104.076057434, 202.284408569, 88.4301147461, 19.5648880005, 47.6141700745], [128.0546875, 132.736206055, 108.910400391, 99.203163147, 66.2852478027, 111.355895996, 107.674842834, 61.426361084, 44.0634346008, 88.4301147461, 157.079681396, 69.4982223511, 29.941368103], [167.392242432, 86.4253616333, 188.807449341, 72.4847717285, 82.7740783691, 85.678855896, 71.0839691162, 107.079711914, 50.9475059509, 19.5648880005, 69.4982223511, 161.030639648, 75.2161941528], [272.464569092, 167.372253418, 122.552513123, 92.6916122437, 51.3410072327, 51.5145683289, 71.1450881958, 75.9349975586, 34.0478210449, 47.6141700745, 29.941368103, 75.2161941528, 147.632919312]],
