{
"lowlevel": {
    "average_loudness": 0.580521583557,
    "barkbands_crest": {
        "dmean": 2.24478030205,
        "dmean2": 3.65537023544,
        "dvar": 4.63361167908,
        "dvar2": 11.993847847,
        "max": 25.7447071075,
        "mean": 10.6240272522,
        "median": 9.90594959259,
        "min": 2.75424075127,
        "var": 15.6962385178
    },
    "barkbands_flatness_db": {
        "dmean": 0.0276987459511,
        "dmean2": 0.0394527427852,
        "dvar": 0.000749077124055,
        "dvar2": 0.00145929900464,
        "max": 0.538680493832,
        "mean": 0.176002830267,
        "median": 0.167506858706,
        "min": 0.0275404881686,
        "var": 0.00449705962092
    },
    "barkbands_kurtosis": {
        "dmean": 3.50628781319,
        "dmean2": 5.5024189949,
        "dvar": 60.5396003723,
        "dvar2": 120.172988892,
        "max": 406.617248535,
        "mean": 6.27178573608,
        "median": 2.94599032402,
        "min": -1.82964336872,
        "var": 195.189880371
    },
    "barkbands_skewness": {
        "dmean": 0.537641465664,
        "dmean2": 0.828695714474,
        "dvar": 0.372695714235,
        "dvar2": 0.832233130932,
        "max": 12.468331337,
        "mean": 1.72772228718,
        "median": 1.57280445099,
        "min": -19.0210094452,
        "var": 1.9634231329
    },
    "barkbands_spread": {
        "dmean": 4.35834264755,
        "dmean2": 6.87660741806,
        "dvar": 35.1273269653,
        "dvar2": 82.308265686,
        "max": 102.489860535,
        "mean": 15.178730011,
        "median": 13.1533718109,
        "min": 0.479529261589,
        "var": 102.559120178
    },
    "dissonance": {
        "dmean": 0.0258596558124,
        "dmean2": 0.042678963393,
        "dvar": 0.000608563190326,
        "dvar2": 0.00161095289513,
        "max": 0.5,
        "mean": 0.44121453166,
        "median": 0.450437188148,
        "min": 0.195708170533,
        "var": 0.00163764460012
    },
    "dynamic_complexity": 4.49697971344,
    "erbbands_crest": {
        "dmean": 2.54073572159,
        "dmean2": 4.01209115982,
        "dvar": 6.63108825684,
        "dvar2": 15.665350914,
        "max": 31.8719882965,
        "mean": 10.7325305939,
        "median": 9.5335111618,
        "min": 2.50846767426,
        "var": 26.5247268677
    },
    "erbbands_flatness_db": {
        "dmean": 0.0249505061656,
        "dmean2": 0.0338215455413,
        "dvar": 0.000620889186393,
        "dvar2": 0.00111161638051,
        "max": 0.46668535471,
        "mean": 0.180477172136,
        "median": 0.171337515116,
        "min": 0.0329433605075,
        "var": 0.00400085002184
    },
    "erbbands_kurtosis": {
        "dmean": 1.00563836098,
        "dmean2": 1.59214615822,
        "dvar": 2.07924103737,
        "dvar2": 5.16135931015,
        "max": 28.4024353027,
        "mean": 0.886729240417,
        "median": 0.261021137238,
        "min": -1.79363191128,
        "var": 5.19061470032
    },
    "erbbands_skewness": {
        "dmean": 0.354198276997,
        "dmean2": 0.54497140646,
        "dvar": 0.126201316714,
        "dvar2": 0.297711521387,
        "max": 4.26332998276,
        "mean": 0.525824725628,
        "median": 0.505163311958,
        "min": -3.49340486526,
        "var": 0.504047513008
    },
    "erbbands_spread": {
        "dmean": 7.79906511307,
        "dmean2": 11.8965415955,
        "dvar": 95.7763290405,
        "dvar2": 219.917800903,
        "max": 139.901168823,
        "mean": 32.5977706909,
        "median": 28.6034088135,
        "min": 2.75537061691,
        "var": 353.114135742
    },
    "hfc": {
        "dmean": 4.75617170334,
        "dmean2": 7.13835096359,
        "dvar": 114.531044006,
        "dvar2": 264.838653564,
        "max": 214.349365234,
        "mean": 13.3771305084,
        "median": 8.10087966919,
        "min": 1.07439114868e-16,
        "var": 303.76373291
    },
    "melbands_crest": {
        "dmean": 2.8700735569,
        "dmean2": 4.68347406387,
        "dvar": 7.1837644577,
        "dvar2": 18.9934711456,
        "max": 32.7339057922,
        "mean": 14.6464138031,
        "median": 13.8708381653,
        "min": 1.71683621407,
        "var": 27.3554725647
    },
    "melbands_flatness_db": {
        "dmean": 0.0319740250707,
        "dmean2": 0.046304166317,
        "dvar": 0.00108109530993,
        "dvar2": 0.00216416385956,
        "max": 0.561946570873,
        "mean": 0.251151144505,
        "median": 0.24294474721,
        "min": 0.00275130220689,
        "var": 0.00660002464429
    },
    "melbands_kurtosis": {
        "dmean": 6.78026723862,
        "dmean2": 10.5941944122,
        "dvar": 172.06149292,
        "dvar2": 398.069702148,
        "max": 411.468322754,
        "mean": 13.7487802505,
        "median": 7.38426399231,
        "min": -1.708370924,
        "var": 490.830627441
    },
    "melbands_skewness": {
        "dmean": 0.674800753593,
        "dmean2": 1.04389715195,
        "dvar": 0.631417989731,
        "dvar2": 1.50719809532,
        "max": 14.5755386353,
        "mean": 2.55180072784,
        "median": 2.28424024582,
        "min": -1.22789943218,
        "var": 2.91915535927
    },
    "melbands_spread": {
        "dmean": 4.64902305603,
        "dmean2": 7.41041231155,
        "dvar": 43.4002456665,
        "dvar2": 108.13420105,
        "max": 161.950210571,
        "mean": 16.6022071838,
        "median": 13.9125804901,
        "min": 0.436441898346,
        "var": 226.082061768
    },
    "pitch_salience": {
        "dmean": 0.0642982497811,
        "dmean2": 0.103682801127,
        "dvar": 0.00362801202573,
        "dvar2": 0.00890211667866,
        "max": 0.843967974186,
        "mean": 0.505352973938,
        "median": 0.506066024303,
        "min": 0.0879241526127,
        "var": 0.0132917333394
    },
    "silence_rate_20dB": {
        "dmean": 0,
        "dmean2": 0,
        "dvar": 0,
        "dvar2": 0,
        "max": 1,
        "mean": 1,
        "median": 1,
        "min": 1,
        "var": 0
    },
    "silence_rate_30dB": {
        "dmean": 0.0205934662372,
        "dmean2": 0.0411907881498,
        "dvar": 0.0201708320528,
        "dvar2": 0.0484821125865,
        "max": 1,
        "mean": 0.977910876274,
        "median": 1,
        "min": 0,
        "var": 0.0216014273465
    },
    "silence_rate_60dB": {
        "dmean": 0.0335111841559,
        "dmean2": 0.0670286491513,
        "dvar": 0.0323929339647,
        "dvar2": 0.0683458819985,
        "max": 1,
        "mean": 0.167727440596,
        "median": 0,
        "min": 0,
        "var": 0.139574289322
    },
    "spectral_centroid": {
        "dmean": 199.672729492,
        "dmean2": 314.572143555,
        "dvar": 74273.4140625,
        "dvar2": 163631.375,
        "max": 11813.7998047,
        "mean": 986.371887207,
        "median": 818.49206543,
        "min": 140.180770874,
        "var": 1079273.125
    },
    "spectral_complexity": {
        "dmean": 2.6236076355,
        "dmean2": 4.11084079742,
        "dvar": 15.3169517517,
        "dvar2": 33.0207061768,
        "max": 57,
        "mean": 12.406496048,
        "median": 11,
        "min": 0,
        "var": 63.8486976624
    },
    "spectral_decrease": {
        "dmean": 2.11310280385e-09,
        "dmean2": 3.38793637589e-09,
        "dvar": 2.26356386438e-17,
        "dvar2": 6.12886438505e-17,
        "max": 3.57444134445e-15,
        "mean": -6.23736085004e-09,
        "median": -3.97217103654e-09,
        "min": -6.66337598432e-08,
        "var": 5.15935179711e-17
    },
    "spectral_energy": {
        "dmean": 0.00830674916506,
        "dmean2": 0.0132774058729,
        "dvar": 0.00034385593608,
        "dvar2": 0.000923319603316,
        "max": 0.261958539486,
        "mean": 0.0247545968741,
        "median": 0.0159033928066,
        "min": 1.00710079684e-20,
        "var": 0.000804989074823
    },
    "spectral_energyband_high": {
        "dmean": 0.000279136525933,
        "dmean2": 0.000446049729362,
        "dvar": 7.63935133818e-07,
        "dvar2": 1.96117798623e-06,
        "max": 0.0163096208125,
        "mean": 0.000393258233089,
        "median": 8.73780663824e-05,
        "min": 7.04955791319e-21,
        "var": 9.28392125843e-07
    },
    "spectral_energyband_low": {
        "dmean": 0.00448035867885,
        "dmean2": 0.007650451269,
        "dvar": 0.00024390789622,
        "dvar2": 0.000721414689906,
        "max": 0.217350617051,
        "mean": 0.00929010845721,
        "median": 0.00308625446633,
        "min": 1.62389415477e-23,
        "var": 0.000288973998977
    },
    "spectral_energyband_middle_high": {
        "dmean": 0.00135391007643,
        "dmean2": 0.00198520766571,
        "dvar": 9.3064545581e-06,
        "dvar2": 2.10441503441e-05,
        "max": 0.0854771211743,
        "mean": 0.00385201652534,
        "median": 0.00188325392082,
        "min": 1.17674833091e-21,
        "var": 3.19504397339e-05
    },
    "spectral_energyband_middle_low": {
        "dmean": 0.00482763815671,
        "dmean2": 0.0074802772142,
        "dvar": 7.5575626397e-05,
        "dvar2": 0.000177888243343,
        "max": 0.161387175322,
        "mean": 0.0125950360671,
        "median": 0.00846961792558,
        "min": 1.72805762061e-22,
        "var": 0.000198257344891
    },
    "spectral_entropy": {
        "dmean": 0.278043866158,
        "dmean2": 0.39544942975,
        "dvar": 0.0849166586995,
        "dvar2": 0.166607424617,
        "max": 9.8295917511,
        "mean": 7.07087564468,
        "median": 7.13861179352,
        "min": 4.50075817108,
        "var": 0.469855427742
    },
    "spectral_flux": {
        "dmean": 0.0222053080797,
        "dmean2": 0.0346714220941,
        "dvar": 0.00110825628508,
        "dvar2": 0.00236884155311,
        "max": 0.438589692116,
        "mean": 0.0601188391447,
        "median": 0.0465465262532,
        "min": 6.3137363393e-11,
        "var": 0.00267714494839
    },
    "spectral_kurtosis": {
        "dmean": 4.15429067612,
        "dmean2": 6.424077034,
        "dvar": 39.5888786316,
        "dvar2": 88.7629394531,
        "max": 120.080406189,
        "mean": 9.97510719299,
        "median": 6.0075302124,
        "min": -1.25730967522,
        "var": 144.531021118
    },
    "spectral_rms": {
        "dmean": 0.000692542933393,
        "dmean2": 0.00105690059718,
        "dvar": 1.14874637802e-06,
        "dvar2": 2.76366245089e-06,
        "max": 0.0159865356982,
        "mean": 0.00422087451443,
        "median": 0.00393897248432,
        "min": 3.13454514081e-12,
        "var": 6.33514218862e-06
    },
    "spectral_rolloff": {
        "dmean": 307.651794434,
        "dmean2": 532.441650391,
        "dvar": 479701.875,
        "dvar2": 1163637.875,
        "max": 19595.2148438,
        "mean": 1146.55810547,
        "median": 775.1953125,
        "min": 86.1328125,
        "var": 4196295
    },
    "spectral_skewness": {
        "dmean": 0.412141770124,
        "dmean2": 0.634611070156,
        "dvar": 0.236156478524,
        "dvar2": 0.530758023262,
        "max": 8.78582763672,
        "mean": 2.19501209259,
        "median": 1.96532726288,
        "min": -0.105489268899,
        "var": 1.07092058659
    },
    "spectral_spread": {
        "dmean": 824337.4375,
        "dmean2": 1184857.625,
        "dvar": 1.0980465705e+12,
        "dvar2": 2.17479682458e+12,
        "max": 43176760,
        "mean": 4500914.5,
        "median": 4110617,
        "min": 759091.875,
        "var": 1.48892266004e+13
    },
    "spectral_strongpeak": {
        "dmean": 0.37553280592,
        "dmean2": 0.643285930157,
        "dvar": 0.549398958683,
        "dvar2": 1.38334691525,
        "max": 12.8771886826,
        "mean": 0.787547826767,
        "median": 0.452107191086,
        "min": 0,
        "var": 0.929652035236
    },
    "zerocrossingrate": {
        "dmean": 0.00842697639018,
        "dmean2": 0.0105344327167,
        "dvar": 0.000129743420985,
        "dvar2": 0.000181098133908,
        "max": 0.7900390625,
        "mean": 0.0489578284323,
        "median": 0.03955078125,
        "min": 0.00244140625,
        "var": 0.00323630752973
    },
    "barkbands": {
        "dmean": [7.43721029721e-05, 0.00249617779627, 0.00194155378267, 0.00183643307537, 0.00246898899786, 0.000657074619085, 0.00055286596762, 0.000473458901979, 0.000517957203556, 0.000429061095929, 0.000386231055018, 0.0002708468528, 0.000243275950197, 0.000161932402989, 0.000143045384903, 0.000143065815791, 0.000148916456965, 0.000120850134408, 0.000100541088614, 9.74318973022e-05, 7.37850132282e-05, 6.80959346937e-05, 4.08390842495e-05, 2.91641736112e-05, 3.04923669319e-05, 1.97732897504e-05, 6.66721143716e-06],
        "dmean2": [0.000129280597321, 0.00421505142003, 0.00332713243552, 0.00294640217908, 0.00401494512334, 0.00104110839311, 0.00086634256877, 0.000727931153961, 0.00076363835251, 0.000631330593023, 0.000573660829104, 0.000413483154261, 0.000377023417968, 0.00025039492175, 0.000225086332648, 0.000226257892791, 0.000239417742705, 0.000181576353498, 0.000156493741088, 0.000158769922564, 0.000126116137835, 0.000114650778414, 6.69784203637e-05, 4.6726414439e-05, 4.73887521366e-05, 3.23119165841e-05, 1.06682618934e-05],
        "dvar": [1.47693071995e-07, 8.23455266072e-05, 4.66448145744e-05, 2.00692502403e-05, 2.55442610069e-05, 1.75505510924e-06, 2.43450108428e-06, 1.27243481529e-06, 1.50111100083e-06, 1.34614083436e-06, 2.8253587061e-06, 4.96211271184e-07, 4.55465652749e-07, 3.07545349187e-07, 1.69289322116e-07, 4.54403334516e-07, 6.65771665354e-07, 1.75556181148e-07, 1.55593056661e-07, 1.38825356544e-07, 9.26926944089e-08, 6.94381370181e-08, 1.91346352096e-08, 8.65123794824e-09, 8.47591330455e-09, 3.80023479352e-09, 1.07982811581e-09],
        "dvar2": [4.22086174012e-07, 0.000241921195993, 0.000135351350764, 4.78727015434e-05, 6.30173672107e-05, 4.40151006842e-06, 5.89834871789e-06, 3.16041359838e-06, 3.15346755997e-06, 2.76758441942e-06, 6.99646489011e-06, 1.18287073292e-06, 1.02392095869e-06, 6.74826424074e-07, 3.95092627059e-07, 1.00013414794e-06, 1.81711902769e-06, 3.40269423305e-07, 3.57812524499e-07, 3.08817135419e-07, 2.61583949168e-07, 1.89299683484e-07, 5.12141689057e-08, 2.15038706841e-08, 1.875819855e-08, 9.48054079686e-09, 2.60060861734e-09],
        "max": [0.00874372757971, 0.151285886765, 0.129442855716, 0.123471811414, 0.117971584201, 0.0399371236563, 0.0391179807484, 0.0282230041921, 0.0358013175428, 0.029972910881, 0.0720151886344, 0.0190331861377, 0.0134332207963, 0.0223324224353, 0.0158623494208, 0.037072379142, 0.0364605560899, 0.0172138530761, 0.0184320919216, 0.0181475821882, 0.00555490702391, 0.00653953012079, 0.00312341353856, 0.00201872433536, 0.00219272007234, 0.00109574769158, 0.00116897292901],
        "mean": [0.00010278262198, 0.00502041308209, 0.00307829119265, 0.00280473288149, 0.0043606813997, 0.00140735309105, 0.00116655859165, 0.000970490393229, 0.00125398824457, 0.000971892150119, 0.00078269286314, 0.00059435213916, 0.000436132977484, 0.000285593298031, 0.000253064004937, 0.000234744642512, 0.000214903280721, 0.000203886855161, 0.000145651094499, 0.000137692884891, 8.60207146616e-05, 8.27599360491e-05, 5.1067534514e-05, 3.91457724618e-05, 4.31011867477e-05, 1.96455494006e-05, 7.02319857737e-06],
        "median": [6.66623094503e-08, 0.000355225405656, 0.0011650986271, 0.000590117298998, 0.00196385500021, 0.000611014314927, 0.000330504379235, 0.000299628765788, 0.000296187587082, 0.000164978380781, 0.000117752002552, 0.000167498918017, 8.12771904748e-05, 4.98814151797e-05, 6.11719005974e-05, 3.42862476828e-05, 5.06587239215e-05, 4.14749156334e-05, 2.36734504142e-05, 2.6784306101e-05, 1.64351622516e-05, 1.28719038912e-05, 8.29818236525e-06, 6.5278418333e-06, 5.69462554267e-06, 1.98174166144e-06, 7.46754722059e-07],
        "min": [7.72359808628e-25, 2.05751214059e-24, 9.19144340554e-25, 1.42193282571e-24, 1.03555033206e-23, 4.41549785011e-24, 3.63920389354e-24, 4.29026933685e-24, 1.3433064282e-23, 1.68583677522e-23, 1.23604556312e-23, 1.4677378764e-23, 3.68998492105e-23, 2.93639524908e-23, 3.8843738165e-23, 6.25909315909e-23, 7.01752675256e-23, 1.09017131357e-22, 1.27183209609e-22, 1.67522829999e-22, 2.53864577465e-22, 3.4241609472e-22, 4.24790414569e-22, 5.57258512616e-22, 8.44402014094e-22, 1.19462086456e-21, 1.98358738879e-21],
        "var": [1.37308063586e-07, 0.000113738613436, 4.32803717558e-05, 3.90026107198e-05, 4.89098165417e-05, 5.08751236339e-06, 6.22427387498e-06, 3.23833387483e-06, 5.23152993992e-06, 5.15660940437e-06, 6.38261462882e-06, 1.2829860907e-06, 1.04347873275e-06, 7.78322089445e-07, 5.2455277455e-07, 1.09564734885e-06, 5.99887300723e-07, 3.9000096308e-07, 2.65655188514e-07, 2.45133207954e-07, 7.49400896893e-08, 6.34642773889e-08, 2.07559427423e-08, 1.15438831827e-08, 1.35734312678e-08, 3.57120932826e-09, 1.2122272075e-09]
    },
    "erbbands": {
        "dmean": [0.0626500472426, 0.618396043777, 2.02431988716, 3.91150689125, 9.3034734726, 7.58933067322, 5.68177318573, 4.76111268997, 6.98902082443, 8.02704906464, 13.0910320282, 10.3372879028, 15.2440309525, 12.3841543198, 11.1139736176, 11.6197328568, 11.2361030579, 8.98212432861, 6.39752197266, 6.68510055542, 8.37508487701, 6.98456954956, 6.85774993896, 5.77432584763, 4.6598033905, 4.2116727829, 2.84343361855, 3.15189170837, 2.65216302872, 1.64439558983, 1.07945609093, 0.670589029789, 0.476651251316, 0.319070339203, 0.230090707541, 0.096941113472, 0.0362190417945, 0.007266162429, 0.0011749867117, 7.11945685907e-05],
        "dmean2": [0.107099443674, 1.04753684998, 3.47652363777, 6.48470973969, 14.6863222122, 12.6708221436, 9.1413230896, 7.50572299957, 11.2442159653, 12.180847168, 19.753118515, 15.4488315582, 22.1654720306, 18.6392803192, 16.0971736908, 17.8439540863, 17.400592804, 13.6638021469, 9.76746559143, 10.5318698883, 12.9298143387, 11.0909194946, 10.3402786255, 8.74306774139, 7.47877550125, 6.92921733856, 4.76962137222, 5.38060283661, 4.49459695816, 2.73378372192, 1.77161717415, 1.0894562006, 0.754514098167, 0.496649354696, 0.365066945553, 0.15826575458, 0.059727191925, 0.0114214709029, 0.00185813824646, 0.000117004856293],
        "dvar": [0.0653024315834, 4.86156892776, 48.4291496277, 102.619979858, 540.920593262, 208.312698364, 120.576889038, 139.774017334, 369.420898438, 405.835906982, 1026.63806152, 578.702270508, 1982.62402344, 3335.6315918, 1681.18579102, 996.282409668, 905.924926758, 680.480712891, 402.880828857, 397.448669434, 1229.12121582, 1170.92553711, 641.855407715, 395.281860352, 359.754608154, 247.292175293, 126.62210083, 165.287322998, 110.459480286, 28.89569664, 14.1764335632, 4.9505572319, 2.36832714081, 0.897798717022, 0.506385207176, 0.0952190458775, 0.0130358235911, 0.000698491407093, 5.42579291505e-05, 1.2889566392e-07],
        "dvar2": [0.189930945635, 14.382645607, 141.906936646, 276.972625732, 1262.99853516, 568.275756836, 316.315704346, 340.664245605, 1013.71057129, 929.41229248, 2406.07641602, 1275.21228027, 4051.23608398, 8525.45898438, 3300.28417969, 2376.72192383, 2021.3380127, 1510.82116699, 822.613952637, 928.086669922, 2783.02368164, 3167.56567383, 1215.48376465, 869.606933594, 827.488647461, 599.029785156, 352.791870117, 459.045532227, 301.829467773, 77.5692596436, 38.0417022705, 12.5963201523, 5.83747053146, 2.02610778809, 1.17256736755, 0.233489170671, 0.0333116576076, 0.00157512817532, 0.000133344510687, 3.54304688699e-07],
        "max": [4.71173524857, 36.7923622131, 123.285255432, 200.896286011, 479.073394775, 215.661514282, 182.469696045, 497.564544678, 638.605163574, 492.168151855, 772.032043457, 630.075500488, 1150.46569824, 2641.85595703, 2076.82958984, 855.327270508, 633.741882324, 971.908813477, 1277.55578613, 781.472167969, 1423.21557617, 1491.80847168, 991.109130859, 669.52746582, 1156.57885742, 615.689575195, 228.221359253, 271.752593994, 293.275970459, 103.456848145, 97.2474975586, 48.9143409729, 31.1564083099, 21.7964267731, 15.459528923, 6.39307832718, 1.8799738884, 0.707157731056, 0.296283334494, 0.0124104088172],
        "mean": [0.126864895225, 1.20255935192, 3.47478914261, 6.37969398499, 14.8124475479, 13.3100242615, 11.7142782211, 10.2537851334, 14.1961374283, 18.4438076019, 29.5960636139, 25.3165740967, 35.2410736084, 24.9883403778, 24.7950344086, 26.434715271, 22.5972938538, 17.8919582367, 12.6785287857, 12.1226158142, 14.0837287903, 10.9863519669, 11.207865715, 9.96333789825, 6.82017850876, 5.67919397354, 3.71359992027, 3.63768315315, 3.11705374718, 2.06829833984, 1.36119747162, 0.870383739471, 0.642157614231, 0.483978271484, 0.293055772781, 0.0983664393425, 0.0357573144138, 0.00829000025988, 0.00122042803559, 8.95287230378e-05],
        "median": [0.00244557997212, 0.131475910544, 1.33443665504, 2.1614074707, 4.40692949295, 6.24333381653, 5.53597831726, 4.21695566177, 4.97099494934, 5.94322872162, 8.13670825958, 7.98912143707, 6.76967430115, 5.89931535721, 4.75802230835, 8.40776920319, 5.79460096359, 4.15548038483, 3.60581064224, 3.39446926117, 2.65115737915, 2.80571699142, 2.38552427292, 1.71982979774, 1.23929274082, 1.15627658367, 0.866587400436, 0.579238295555, 0.466121196747, 0.327479451895, 0.231047064066, 0.140045925975, 0.107546180487, 0.0724329203367, 0.0349568352103, 0.0113623999059, 0.00317829521373, 0.000507333199494, 8.89887305675e-05, 3.50506306859e-05],
        "min": [1.29466008986e-22, 6.30797565083e-22, 1.41944889836e-21, 4.62198072477e-21, 1.68201038332e-20, 2.73257338211e-20, 3.64267658925e-20, 7.41574075373e-20, 9.08101365434e-20, 1.37502078128e-19, 2.53494771993e-19, 2.77771825038e-19, 6.65432009514e-19, 8.56664586608e-19, 7.92884515284e-19, 7.51132728962e-19, 1.6372140812e-18, 1.75510975576e-18, 2.47436749341e-18, 3.46280345086e-18, 3.75025450399e-18, 4.45059896373e-18, 5.41916252735e-18, 5.700703375e-18, 8.62376403155e-18, 8.2184835817e-18, 8.20518748054e-18, 1.1044850547e-17, 1.13828779043e-17, 1.01285246798e-17, 1.28156597772e-17, 1.22531231939e-17, 1.02000542961e-17, 8.27573771498e-18, 6.11696878338e-18, 4.03536008649e-18, 1.99328462582e-18, 9.25723466107e-19, 2.4732886431e-19, 2.75497608266e-20],
        "var": [0.0880001932383, 6.41652297974, 48.4787559509, 140.697937012, 945.227233887, 399.663574219, 293.38458252, 408.383331299, 689.694641113, 1257.84130859, 3020.10302734, 1798.97399902, 7312.40673828, 7504.23681641, 5442.53662109, 2483.55761719, 2094.73071289, 1905.20690918, 1753.96801758, 846.338256836, 3234.75585938, 1109.38708496, 1292.4173584, 954.211730957, 640.813110352, 343.534759521, 111.984336853, 143.888473511, 97.4160842896, 32.1064834595, 14.7695999146, 6.1291513443, 3.16569304466, 1.55942118168, 0.67599183321, 0.0935126170516, 0.011732253246, 0.000912477262318, 5.75953745283e-05, 9.26582046645e-08]
    },
    "gfcc": {
        "mean": [-63.6701126099, 110.656890869, -107.032592773, 12.0220785141, -52.2713508606, 3.62751507759, -35.0269775391, -0.388856112957, -26.8968238831, -5.86878681183, -18.1351928711, -7.29062604904, -13.1884832382],
        "cov": [[22692.1035156, -422.179382324, -726.140197754, 1615.30053711, -875.209960938, 969.07611084, -419.736083984, 650.860839844, -334.29196167, 431.286071777, -332.168243408, 263.825134277, -258.37588501], [-422.179382324, 1919.37915039, -223.59677124, -251.863433838, 344.069946289, -265.361816406, 143.446121216, -191.109069824, 142.040847778, -163.885360718, 164.243972778, -160.821762085, 106.949150085], [-726.140197754, -223.59677124, 1009.41040039, 206.375732422, 111.64528656, 231.34538269, 57.6297035217, 67.0000228882, 39.3742446899, 65.9869232178, -18.6915168762, 97.6693725586, -25.0938816071], [1615.30053711, -251.863433838, 206.375732422, 691.22479248, -32.7325439453, 221.491836548, 45.1564712524, 123.177078247, 33.8133430481, 71.0536270142, -28.9285888672, 34.4235305786, -20.1712322235], [-875.209960938, 344.069946289, 111.64528656, -32.7325439453, 387.506347656, -12.8881797791, 93.1312789917, -1.8501752615, 75.0979385376, -17.3151054382, 53.804309845, -37.9161911011, 23.4780979156], [969.07611084, -265.361816406, 231.34538269, 221.491836548, -12.8881797791, 370.765533447, 94.7425689697, 136.762298584, 7.92063999176, 106.714416504, -17.6759300232, 60.1837615967, -17.5318946838], [-419.736083984, 143.446121216, 57.6297035217, 45.1564712524, 93.1312789917, 94.7425689697, 229.702758789, 60.4943847656, 72.9599838257, 30.9806022644, 69.1968154907, -3.57197117805, 35.8791427612], [650.860839844, -191.109069824, 67.0000228882, 123.177078247, -1.8501752615, 136.762298584, 60.4943847656, 247.568099976, 39.0142059326, 94.9943695068, -21.1332473755, 49.2224388123, -15.8561620712], [-334.29196167, 142.040847778, 39.3742446899, 33.8133430481, 75.0979385376, 7.92063999176, 72.9599838257, 39.0142059326, 187.773117065, 57.6107406616, 53.4360618591, -8.86943244934, 17.6030769348], [431.286071777, -163.885360718, 65.9869232178, 71.0536270142, -17.3151054382, 106.714416504, 30.9806022644, 94.9943695068, 57.6107406616, 167.456176758, 22.7446365356, 45.1936302185, -18.1590995789], [-332.168243408, 164.243972778, -18.6915168762, -28.9285888672, 53.804309845, -17.6759300232, 69.1968154907, -21.1332473755, 53.4360618591, 22.7446365356, 151.202148438, 18.3835163116, 36.1546020508], [263.825134277, -160.821762085, 97.6693725586, 34.4235305786, -37.9161911011, 60.1837615967, -3.57197117805, 49.2224388123, -8.86943244934, 45.1936302185, 18.3835163116, 143.609466553, 19.0446491241], [-258.37588501, 106.949150085, -25.0938816071, -20.1712322235, 23.4780979156, -17.5318946838, 35.8791427612, -15.8561620712, 17.6030769348, -18.1590995789, 36.1546020508, 19.0446491241, 114.573997498]],
        "icov": [[9.34156851145e-05, -0.000128698258777, 0.000134448142489, -0.000192234190763, 0.000128799540107, -0.000247966818279, 0.000274273130344, -0.000144096586155, 0.000166588797583, -0.00015382291167, 5.82960165048e-05, -0.000130250788061, 0.000109510932816], [-0.000128698258777, 0.00106686388608, -8.45061658765e-05, 0.000350172893377, -0.000665133353323, 0.000553964579012, -0.000667248270474, 0.000459813658381, -0.000680856406689, 0.00078280584421, -0.000563729146961, 0.000666648789775, -0.000453550223028], [0.000134448142489, -8.45061658765e-05, 0.00155224988703, -0.000451670901384, -0.00040954243741, -0.00103794352617, 0.000343279971275, 0.000219943496631, -0.000126141967485, -6.79140648572e-05, 0.000454156979686, -0.00114606157877, 0.000546371506061], [-0.000192234190763, 0.000350172893377, -0.000451670901384, 0.00228422181681, -8.12353100628e-05, -0.000426034006523, -0.000424319325248, -0.000118013223982, -0.000793711747974, 0.000577473954763, -7.58675741963e-05, 0.000502088223584, -0.000235200772295], [0.000128799540107, -0.000665133353323, -0.00040954243741, -8.12353100628e-05, 0.00382428360172, -0.00021252692386, -0.000333770411089, -0.000630865455605, -0.00036396694486, 0.000199934918783, -0.000381720601581, 0.000570568663534, 0.0001215821394], [-0.000247966818279, 0.000553964579012, -0.00103794352617, -0.000426034006523, -0.00021252692386, 0.00609365757555, -0.00300487224013, -0.000464763608761, 0.000834602862597, -0.00168095796835, 0.000748660764657, -0.000138904346386, -0.000133772031404], [0.000274273130344, -0.000667248270474, 0.000343279971275, -0.000424319325248, -0.000333770411089, -0.00300487224013, 0.00839168019593, -0.0020566736348, -0.000769851962104, 0.00040264139534, -0.00269886758178, 0.00103231915273, -0.00119992299005], [-0.000144096586155, 0.000459813658381, 0.000219943496631, -0.000118013223982, -0.000630865455605, -0.000464763608761, -0.0020566736348, 0.00696844374761, -0.001076537068, -0.00201841024682, 0.00204728310928, -0.00149790651631, 0.00038826483069], [0.000166588797583, -0.000680856406689, -0.000126141967485, -0.000793711747974, -0.00036396694486, 0.000834602862597, -0.000769851962104, -0.001076537068, 0.0084490859881, -0.00361350737512, -0.00106047198642, 0.000980646815151, -0.000560945481993], [-0.00015382291167, 0.00078280584421, -6.79140648572e-05, 0.000577473954763, 0.000199934918783, -0.00168095796835, 0.00040264139534, -0.00201841024682, -0.00361350737512, 0.0111218392849, -0.00246163480915, -0.00109178805724, 0.00158175535034], [5.82960165048e-05, -0.000563729146961, 0.000454156979686, -7.58675741963e-05, -0.000381720601581, 0.000748660764657, -0.00269886758178, 0.00204728310928, -0.00106047198642, -0.00246163480915, 0.0104565219954, -0.00270764809102, -0.00101172353607], [-0.000130250788061, 0.000666648789775, -0.00114606157877, 0.000502088223584, 0.000570568663534, -0.000138904346386, 0.00103231915273, -0.00149790651631, 0.000980646815151, -0.00109178805724, -0.00270764809102, 0.01049974747, -0.00296194455586], [0.000109510932816, -0.000453550223028, 0.000546371506061, -0.000235200772295, 0.0001215821394, -0.000133772031404, -0.00119992299005, 0.00038826483069, -0.000560945481993, 0.00158175535034, -0.00101172353607, -0.00296194455586, 0.011009148322]]
    },
    "melbands": {
        "dmean": [0.000627617351711, 0.000956083706114, 0.000837308645714, 0.000621335173491, 0.000209809441003, 0.000113952897664, 0.000111190522148, 8.57510822243e-05, 0.000118392330478, 6.41170045128e-05, 7.57432499086e-05, 4.81431234221e-05, 3.90921595681e-05, 2.83978697553e-05, 2.86051799776e-05, 2.84231136902e-05, 1.6981308363e-05, 1.00074767033e-05, 1.23793224702e-05, 1.07580181066e-05, 1.04291530079e-05, 8.96490655578e-06, 6.07863239566e-06, 5.04111494593e-06, 4.99287898492e-06, 3.54383905687e-06, 3.67797952094e-06, 2.88039632323e-06, 1.88260992218e-06, 1.73388309577e-06, 1.93911864699e-06, 1.67215671354e-06, 1.13912835786e-06, 8.65716060616e-07, 6.55918199755e-07, 5.21227434547e-07, 3.89186510574e-07, 3.69078520635e-07, 2.94369101539e-07, 2.70783857559e-07],
        "dmean2": [0.0010630536126, 0.00164420402143, 0.00135524454527, 0.00101074867416, 0.000339696096489, 0.000180505012395, 0.000175681241672, 0.000130009022541, 0.000176958172233, 9.57376905717e-05, 0.000110211789433, 7.25428762962e-05, 5.78779618081e-05, 4.3261803512e-05, 4.35238616774e-05, 4.39455943706e-05, 2.58865202341e-05, 1.53559703904e-05, 1.9532360966e-05, 1.6938736735e-05, 1.61918014783e-05, 1.45305029946e-05, 9.2217742349e-06, 7.81617109169e-06, 7.59011390983e-06, 5.61309298064e-06, 5.99673103352e-06, 4.76490822621e-06, 3.1301983654e-06, 2.99875750898e-06, 3.31330943482e-06, 2.8456149721e-06, 1.93056098396e-06, 1.4478181356e-06, 1.08155529688e-06, 8.65141487338e-07, 6.3680505491e-07, 5.9505777017e-07, 4.6908104423e-07, 4.2348258944e-07],
        "dvar": [5.71560167373e-06, 1.12553852887e-05, 4.01318220611e-06, 1.65757114701e-06, 1.55587002837e-07, 6.7619737365e-08, 9.16831268682e-08, 4.22673487321e-08, 8.16947434146e-08, 2.36349357863e-08, 4.9084320608e-08, 4.65287470774e-08, 2.29840200205e-08, 6.10731554218e-09, 5.39563504987e-09, 6.90886814425e-09, 3.00744007475e-09, 1.4376243529e-09, 1.26304811054e-09, 2.82233769688e-09, 2.1828243657e-09, 2.65704569458e-09, 6.51880494029e-10, 2.81535933455e-10, 3.17069620559e-10, 2.94532648271e-10, 2.08046468941e-10, 1.22567664351e-10, 4.96720026222e-11, 6.22311716048e-11, 6.10920133925e-11, 4.51928390544e-11, 1.8360261228e-11, 8.3185749955e-12, 5.32652134205e-12, 3.46195338022e-12, 1.75996923198e-12, 1.6037436136e-12, 9.20755225536e-13, 6.28416806439e-13],
        "dvar2": [1.66163299582e-05, 3.34969481628e-05, 9.97246388579e-06, 4.09256745115e-06, 4.0950874336e-07, 1.68790606381e-07, 2.35679806337e-07, 9.70836353531e-08, 1.80957414386e-07, 5.15271025847e-08, 1.0019530805e-07, 1.18377634806e-07, 5.09182704889e-08, 1.40414853078e-08, 1.28328601079e-08, 1.56550239439e-08, 6.64558319485e-09, 2.79905787437e-09, 2.9539528601e-09, 6.1910485627e-09, 5.27062171685e-09, 7.30907068203e-09, 1.27434984787e-09, 6.2336674711e-10, 6.94036328408e-10, 6.81701806116e-10, 4.62114790878e-10, 3.00811209275e-10, 1.34347311054e-10, 1.77986805849e-10, 1.68667552147e-10, 1.23528076656e-10, 5.02263473867e-11, 2.2435948932e-11, 1.43194995791e-11, 9.33906771361e-12, 4.43180605061e-12, 4.04938539297e-12, 2.27689286696e-12, 1.39608441994e-12],
        "max": [0.038194168359, 0.0479347780347, 0.0423799976707, 0.028709795326, 0.00616895779967, 0.00965233333409, 0.00846153590828, 0.00522208306938, 0.00699565000832, 0.00416168943048, 0.00563286803663, 0.00975366868079, 0.006278318353, 0.00217854115181, 0.00238576903939, 0.00175906915683, 0.00225293007679, 0.00235359370708, 0.00152000249363, 0.00302528264001, 0.00199489295483, 0.00234780809842, 0.00120539055206, 0.000752034364268, 0.000650078756735, 0.00121705571655, 0.000719905598089, 0.000394106376916, 0.000130941596581, 0.000191073908354, 0.000202505660127, 0.000196547262021, 7.50224280637e-05, 6.91264285706e-05, 5.77302671445e-05, 3.30846050929e-05, 3.0826566217e-05, 2.93309221888e-05, 2.45216215262e-05, 1.93314917851e-05],
        "mean": [0.00128308671992, 0.00176744093187, 0.00142483762465, 0.00105480384082, 0.000436241505668, 0.000243589660386, 0.000233165585087, 0.000192528023035, 0.000270183401881, 0.000153492655954, 0.000171209132532, 9.32852053666e-05, 8.13855367596e-05, 6.25085449428e-05, 6.38813289697e-05, 4.98168592458e-05, 3.11204967147e-05, 1.83650136023e-05, 2.12119684875e-05, 1.69196373463e-05, 1.63076165336e-05, 1.31340138978e-05, 9.08364927454e-06, 8.56139195093e-06, 8.27367966849e-06, 4.68131338494e-06, 5.04076297148e-06, 3.59708269571e-06, 2.51116375694e-06, 1.91141657524e-06, 2.17552747017e-06, 1.92569291357e-06, 1.32786112772e-06, 1.05919059479e-06, 8.17236070816e-07, 6.13516817793e-07, 5.00388068758e-07, 4.71139514957e-07, 4.08853395584e-07, 4.0821370817e-07],
        "median": [5.4922165873e-05, 0.000548628682736, 0.000483525014715, 0.00044520595111, 0.00022337315022, 0.000102837759187, 7.57810339564e-05, 5.76599195483e-05, 6.17561017862e-05, 4.41261727246e-05, 2.75479596894e-05, 1.79500275408e-05, 1.27736584545e-05, 1.79758571903e-05, 1.67457437783e-05, 6.52375911159e-06, 5.63264893572e-06, 4.42129930889e-06, 4.61509762317e-06, 2.83243684862e-06, 2.45047817771e-06, 2.94199389828e-06, 1.92108996089e-06, 1.89325817246e-06, 1.159479325e-06, 7.45938677937e-07, 7.9729124991e-07, 6.90336605658e-07, 5.5438556501e-07, 3.69033330117e-07, 2.94036169635e-07, 2.60762647031e-07, 2.02178796371e-07, 1.5319301383e-07, 1.30524426822e-07, 9.37128135092e-08, 7.36852499017e-08, 7.05267524381e-08, 7.16678059121e-08, 5.49070122702e-08],
        "min": [1.9138832495e-24, 8.39702891955e-25, 9.31451359537e-25, 1.55247126033e-24, 2.00462217234e-24, 1.60593512489e-24, 1.08447814781e-24, 1.81608421878e-24, 2.23404718105e-24, 1.87563592016e-24, 3.00177963022e-24, 3.18523731955e-24, 2.46386583136e-24, 2.50231925061e-24, 2.55119845281e-24, 3.37587305148e-24, 2.93309883601e-24, 3.03783037637e-24, 4.03050611823e-24, 3.52120844592e-24, 4.1288924559e-24, 3.25880885416e-24, 4.11598984693e-24, 3.227309441e-24, 2.71076785621e-24, 5.37818307251e-24, 5.07537999733e-24, 4.5401011911e-24, 3.45557009101e-24, 4.9654498636e-24, 4.61317101017e-24, 5.21189277141e-24, 4.75561562383e-24, 5.29845290082e-24, 6.93568874453e-24, 6.00981058868e-24, 7.4098178144e-24, 5.81710133587e-24, 5.72628806289e-24, 5.80179151785e-24],
        "var": [8.02652539278e-06, 1.18551597552e-05, 6.95724611433e-06, 3.00665692521e-06, 3.6323658037e-07, 1.90114107568e-07, 2.03784296104e-07, 1.33638252464e-07, 2.7450570883e-07, 7.11539769327e-08, 1.82300809115e-07, 1.06587378923e-07, 5.95212164001e-08, 1.72030087953e-08, 1.52463837111e-08, 1.66944662539e-08, 8.12923062199e-09, 5.75210634679e-09, 3.21417359395e-09, 5.24983567729e-09, 5.49688428109e-09, 2.22746310286e-09, 1.0968912445e-09, 5.89756521396e-10, 7.57442553123e-10, 4.05567635031e-10, 4.16139539494e-10, 1.50692666678e-10, 5.03060093582e-11, 4.5698389517e-11, 5.53354410904e-11, 3.99442805221e-11, 1.63534429054e-11, 9.30716614889e-12, 5.57123401232e-12, 3.31987085392e-12, 2.24967592298e-12, 1.97858743278e-12, 1.24036089559e-12, 1.13464565434e-12]
    },
    "mfcc": {
        "mean": [-707.423400879, 146.153717041, 3.21192026138, 14.8941640854, 1.25638389587, 1.1790677309, -0.505605578423, -0.929187893867, -3.00544595718, -4.6014881134, -3.34069156647, -3.07673978806, -5.27180242538],
        "cov": [[12226.5947266, -721.424316406, 274.51184082, 730.002990723, -9.02339076996, 334.740386963, 218.821960449, 307.275360107, 222.457824707, 126.821739197, 327.791503906, 99.9609222412, 127.837127686], [-721.424316406, 1852.09375, -198.777679443, -32.305557251, 107.79510498, -76.5345153809, 4.00412988663, -63.047039032, -44.4084510803, -46.3803863525, -13.4465970993, -21.0765705109, -34.6873855591], [274.51184082, -198.777679443, 733.957092285, 78.1908874512, 61.7502098083, 183.257247925, 45.5666923523, 99.1574020386, 49.2888717651, 52.9842987061, 58.5613517761, 25.9653148651, 35.5363883972], [730.002990723, -32.305557251, 78.1908874512, 359.930175781, 73.573097229, 70.4887466431, 31.280626297, 58.274307251, 40.0368881226, 49.694393158, 40.4368553162, 25.3746814728, 19.8913955688], [-9.02339076996, 107.79510498, 61.7502098083, 73.573097229, 231.475402832, 59.2390556335, 31.02617836, 36.6089630127, 29.5481815338, 18.7184238434, 31.9427852631, -3.23807644844, 5.09534692764], [334.740386963, -76.5345153809, 183.257247925, 70.4887466431, 59.2390556335, 223.493209839, 72.5902709961, 52.070690155, 37.9018974304, 43.7441177368, 45.3962669373, 19.8525123596, 15.0337305069], [218.821960449, 4.00412988663, 45.5666923523, 31.280626297, 31.02617836, 72.5902709961, 200.201141357, 73.0609817505, 45.2009124756, 39.9697875977, 35.3743286133, 16.6820163727, 18.1425533295], [307.275360107, -63.047039032, 99.1574020386, 58.274307251, 36.6089630127, 52.070690155, 73.0609817505, 150.024734497, 68.6997528076, 29.8778896332, 48.2501220703, 26.0640888214, 23.8125209808], [222.457824707, -44.4084510803, 49.2888717651, 40.0368881226, 29.5481815338, 37.9018974304, 45.2009124756, 68.6997528076, 161.234375, 68.7582931519, 46.2247581482, 30.3408679962, 17.2381057739], [126.821739197, -46.3803863525, 52.9842987061, 49.694393158, 18.7184238434, 43.7441177368, 39.9697875977, 29.8778896332, 68.7582931519, 160.953140259, 63.8082122803, 24.5941505432, 14.4466762543], [327.791503906, -13.4465970993, 58.5613517761, 40.4368553162, 31.9427852631, 45.3962669373, 35.3743286133, 48.2501220703, 46.2247581482, 63.8082122803, 176.524337769, 65.569732666, 19.622013092], [99.9609222412, -21.0765705109, 25.9653148651, 25.3746814728, -3.23807644844, 19.8525123596, 16.6820163727, 26.0640888214, 30.3408679962, 24.5941505432, 65.569732666, 146.520584106, 67.0723800659], [127.837127686, -34.6873855591, 35.5363883972, 19.8913955688, 5.09534692764, 15.0337305069, 18.1425533295, 23.8125209808, 17.2381057739, 14.4466762543, 19.622013092, 67.0723800659, 143.127349854]],
