{
"lowlevel": {
    "average_loudness": 0.863773286343,
    "barkbands_crest": {
        "dmean": 2.1350581646,
        "dmean2": 3.40347337723,
        "dvar": 4.82043647766,
        "dvar2": 12.4866600037,
        "max": 25.6003665924,
        "mean": 11.6408634186,
        "median": 11.1284751892,
        "min": 2.01586389542,
        "var": 16.0661735535
    },
    "barkbands_flatness_db": {
        "dmean": 0.0280377231538,
        "dmean2": 0.0378677435219,
        "dvar": 0.00109160831198,
        "dvar2": 0.00203222944401,
        "max": 0.551228880882,
        "mean": 0.213621884584,
        "median": 0.193396538496,
        "min": 0.0185123290867,
        "var": 0.00972895603627
    },
    "barkbands_kurtosis": {
        "dmean": 5.15579462051,
        "dmean2": 7.84259939194,
        "dvar": 72.6642532349,
        "dvar2": 184.637237549,
        "max": 161.455322266,
        "mean": 12.7770290375,
        "median": 8.2635717392,
        "min": -1.92956185341,
        "var": 222.346710205
    },
    "barkbands_skewness": {
        "dmean": 0.598866641521,
        "dmean2": 0.906023025513,
        "dvar": 0.487850397825,
        "dvar2": 1.17190122604,
        "max": 10.5964078903,
        "mean": 2.62376928329,
        "median": 2.46337985992,
        "min": -3.70607328415,
        "var": 2.01251626015
    },
    "barkbands_spread": {
        "dmean": 4.25484275818,
        "dmean2": 6.35239124298,
        "dvar": 62.1140594482,
        "dvar2": 123.040016174,
        "max": 130.290496826,
        "mean": 13.7602672577,
        "median": 9.43606567383,
        "min": 0.455029129982,
        "var": 240.695678711
    },
    "dissonance": {
        "dmean": 0.0212582573295,
        "dmean2": 0.0349827818573,
        "dvar": 0.000460898707388,
        "dvar2": 0.00115447491407,
        "max": 0.500000059605,
        "mean": 0.446857690811,
        "median": 0.457659602165,
        "min": 0.117557294667,
        "var": 0.00181363744196
    },
    "dynamic_complexity": 3.09218168259,
    "erbbands_crest": {
        "dmean": 2.18889641762,
        "dmean2": 3.41383051872,
        "dvar": 5.30757761002,
        "dvar2": 12.7931585312,
        "max": 29.0540447235,
        "mean": 9.9396276474,
        "median": 8.92361068726,
        "min": 2.43429040909,
        "var": 20.6584739685
    },
    "erbbands_flatness_db": {
        "dmean": 0.0207748692483,
        "dmean2": 0.0265529248863,
        "dvar": 0.00059630908072,
        "dvar2": 0.00102278008126,
        "max": 0.488309413195,
        "mean": 0.188198924065,
        "median": 0.164936304092,
        "min": 0.0388424023986,
        "var": 0.00610310630873
    },
    "erbbands_kurtosis": {
        "dmean": 0.97644507885,
        "dmean2": 1.47967243195,
        "dvar": 3.05469894409,
        "dvar2": 6.59216356277,
        "max": 56.4617195129,
        "mean": 1.08466362953,
        "median": -0.165680408478,
        "min": -1.88773405552,
        "var": 22.2705249786
    },
    "erbbands_skewness": {
        "dmean": 0.348305732012,
        "dmean2": 0.514336287975,
        "dvar": 0.153400212526,
        "dvar2": 0.318628102541,
        "max": 5.50239372253,
        "mean": 0.675771892071,
        "median": 0.586856901646,
        "min": -4.69916629791,
        "var": 0.905253708363
    },
    "erbbands_spread": {
        "dmean": 7.75632762909,
        "dmean2": 11.4776744843,
        "dvar": 105.430358887,
        "dvar2": 215.794921875,
        "max": 180.677139282,
        "mean": 40.4483833313,
        "median": 37.904006958,
        "min": 2.01121354103,
        "var": 460.440643311
    },
    "hfc": {
        "dmean": 5.15440130234,
        "dmean2": 7.4577794075,
        "dvar": 99.3768768311,
        "dvar2": 202.812042236,
        "max": 249.518341064,
        "mean": 15.5478096008,
        "median": 10.3025979996,
        "min": 1.15338054443e-16,
        "var": 330.816833496
    },
    "melbands_crest": {
        "dmean": 2.94270086288,
        "dmean2": 4.69279909134,
        "dvar": 9.54762935638,
        "dvar2": 23.5472335815,
        "max": 37.4546318054,
        "mean": 17.9028377533,
        "median": 17.4489955902,
        "min": 2.59926152229,
        "var": 31.596200943
    },
    "melbands_flatness_db": {
        "dmean": 0.032619163394,
        "dmean2": 0.0437875054777,
        "dvar": 0.00152359099593,
        "dvar2": 0.00272178067826,
        "max": 0.680003941059,
        "mean": 0.310297340155,
        "median": 0.294315248728,
        "min": 0.00821496918797,
        "var": 0.0132409203798
    },
    "melbands_kurtosis": {
        "dmean": 10.6214542389,
        "dmean2": 16.2132873535,
        "dvar": 247.131988525,
        "dvar2": 563.721496582,
        "max": 289.65625,
        "mean": 29.0735816956,
        "median": 20.7202777863,
        "min": -1.86852121353,
        "var": 809.904785156
    },
    "melbands_skewness": {
        "dmean": 0.786556839943,
        "dmean2": 1.19905161858,
        "dvar": 0.799926519394,
        "dvar2": 1.79741668701,
        "max": 12.6429576874,
        "mean": 3.87224340439,
        "median": 3.61749720573,
        "min": -1.10988140106,
        "var": 3.3747344017
    },
    "melbands_spread": {
        "dmean": 4.17909812927,
        "dmean2": 6.21440219879,
        "dvar": 91.1654434204,
        "dvar2": 164.164321899,
        "max": 298.318969727,
        "mean": 12.1496267319,
        "median": 7.63438463211,
        "min": 0.459111869335,
        "var": 320.167663574
    },
    "pitch_salience": {
        "dmean": 0.0659520104527,
        "dmean2": 0.107130996883,
        "dvar": 0.00428571738303,
        "dvar2": 0.0110179502517,
        "max": 0.854763627052,
        "mean": 0.514006376266,
        "median": 0.521948873997,
        "min": 0.08936124295,
        "var": 0.0144290914759
    },
    "silence_rate_20dB": {
        "dmean": 0,
        "dmean2": 0,
        "dvar": 0,
        "dvar2": 0,
        "max": 1,
        "mean": 1,
        "median": 1,
        "min": 1,
        "var": 0
    },
    "silence_rate_30dB": {
        "dmean": 0.0357649736106,
        "dmean2": 0.0715350210667,
        "dvar": 0.0344874076545,
        "dvar2": 0.0879974737763,
        "max": 1,
        "mean": 0.973745822906,
        "median": 1,
        "min": 0,
        "var": 0.0255663096905
    },
    "silence_rate_60dB": {
        "dmean": 0.0167470909655,
        "dmean2": 0.0334965586662,
        "dvar": 0.0164633505046,
        "dvar2": 0.0353613384068,
        "max": 1,
        "mean": 0.0674803107977,
        "median": 0,
        "min": 0,
        "var": 0.0629219859838
    },
    "spectral_centroid": {
        "dmean": 178.434860229,
        "dmean2": 262.564727783,
        "dvar": 75661.34375,
        "dvar2": 139014.5625,
        "max": 10607.1738281,
        "mean": 810.093811035,
        "median": 648.937927246,
        "min": 142.291015625,
        "var": 372619.5
    },
    "spectral_complexity": {
        "dmean": 3.1393699646,
        "dmean2": 4.53424167633,
        "dvar": 16.4694290161,
        "dvar2": 30.8960037231,
        "max": 53,
        "mean": 14.185836792,
        "median": 11,
        "min": 0,
        "var": 95.3846054077
    },
    "spectral_decrease": {
        "dmean": 3.13940473617e-09,
        "dmean2": 4.79707518153e-09,
        "dvar": 2.29612831074e-17,
        "dvar2": 5.37336856787e-17,
        "max": -6.97998780452e-29,
        "mean": -1.0297769748e-08,
        "median": -9.65663016217e-09,
        "min": -5.51606547106e-08,
        "var": 5.71952314014e-17
    },
    "spectral_energy": {
        "dmean": 0.0121714286506,
        "dmean2": 0.0185794066638,
        "dvar": 0.000344271509675,
        "dvar2": 0.000805851188488,
        "max": 0.211134031415,
        "mean": 0.0402764417231,
        "median": 0.0378393381834,
        "min": 1.07249354401e-20,
        "var": 0.000864267523866
    },
    "spectral_energyband_high": {
        "dmean": 0.000216968299355,
        "dmean2": 0.000284950452624,
        "dvar": 5.91982995957e-07,
        "dvar2": 9.65578919931e-07,
        "max": 0.0255628377199,
        "mean": 0.000460517243482,
        "median": 8.28781485325e-05,
        "min": 7.72470612189e-21,
        "var": 2.18262402996e-06
    },
    "spectral_energyband_low": {
        "dmean": 0.00895877555013,
        "dmean2": 0.0138696143404,
        "dvar": 0.000213892606553,
        "dvar2": 0.000503543473314,
        "max": 0.193808794022,
        "mean": 0.0245786663145,
        "median": 0.0215136613697,
        "min": 4.14550886424e-23,
        "var": 0.000485117838252
    },
    "spectral_energyband_middle_high": {
        "dmean": 0.00137810246088,
        "dmean2": 0.00209298403934,
        "dvar": 7.23850007489e-06,
        "dvar2": 1.70415241882e-05,
        "max": 0.0426436066628,
        "mean": 0.00325401709415,
        "median": 0.00136287976056,
        "min": 1.87922873982e-21,
        "var": 2.4368542654e-05
    },
    "spectral_energyband_middle_low": {
        "dmean": 0.00522390939295,
        "dmean2": 0.00818475801498,
        "dvar": 9.54098140937e-05,
        "dvar2": 0.00023272317776,
        "max": 0.136825159192,
        "mean": 0.0157344266772,
        "median": 0.0123636499047,
        "min": 2.3482665014e-22,
        "var": 0.000195803295355
    },
    "spectral_entropy": {
        "dmean": 0.229674696922,
        "dmean2": 0.297461688519,
        "dvar": 0.0795299485326,
        "dvar2": 0.134798586369,
        "max": 9.81111526489,
        "mean": 6.93322324753,
        "median": 7.08470678329,
        "min": 4.02445173264,
        "var": 0.733032643795
    },
    "spectral_flux": {
        "dmean": 0.0298372413963,
        "dmean2": 0.0452563241124,
        "dvar": 0.00135818915442,
        "dvar2": 0.00275847967714,
        "max": 0.391258299351,
        "mean": 0.0783063396811,
        "median": 0.0659571439028,
        "min": 1.03561263731e-10,
        "var": 0.00337834632955
    },
    "spectral_kurtosis": {
        "dmean": 5.43423938751,
        "dmean2": 8.75627422333,
        "dvar": 98.481086731,
        "dvar2": 251.106643677,
        "max": 319.558319092,
        "mean": 11.8786020279,
        "median": 5.95158863068,
        "min": -1.20986711979,
        "var": 340.078399658
    },
    "spectral_rms": {
        "dmean": 0.000892849813681,
        "dmean2": 0.00133000698406,
        "dvar": 1.31572005557e-06,
        "dvar2": 2.88007640847e-06,
        "max": 0.014352157712,
        "mean": 0.00576263293624,
        "median": 0.00607588887215,
        "min": 3.23471045956e-12,
        "var": 6.08581240158e-06
    },
    "spectral_rolloff": {
        "dmean": 299.32598877,
        "dmean2": 508.681213379,
        "dvar": 828910.5625,
        "dvar2": 1771106.625,
        "max": 18324.7558594,
        "mean": 784.668273926,
        "median": 366.064453125,
        "min": 21.533203125,
        "var": 2264216.75
    },
    "spectral_skewness": {
        "dmean": 0.459478348494,
        "dmean2": 0.71669626236,
        "dvar": 0.371482282877,
        "dvar2": 0.940293490887,
        "max": 14.3074560165,
        "mean": 2.18317461014,
        "median": 1.86872112751,
        "min": -0.242572754622,
        "var": 1.59870159626
    },
    "spectral_spread": {
        "dmean": 619403,
        "dmean2": 820763.125,
        "dvar": 808725381120,
        "dvar2": 1.31874698035e+12,
        "max": 41262744,
        "mean": 3797103.5,
        "median": 3653044.5,
        "min": 256141.65625,
        "var": 4.32859722547e+12
    },
    "spectral_strongpeak": {
        "dmean": 0.25220310688,
        "dmean2": 0.430379539728,
        "dvar": 0.183419704437,
        "dvar2": 0.484829813242,
        "max": 6.78702068329,
        "mean": 0.678939580917,
        "median": 0.620397746563,
        "min": 0,
        "var": 0.282158762217
    },
    "zerocrossingrate": {
        "dmean": 0.00792351737618,
        "dmean2": 0.00902476534247,
        "dvar": 0.000186183926417,
        "dvar2": 0.000187613084563,
        "max": 0.4951171875,
        "mean": 0.0355968587101,
        "median": 0.02587890625,
        "min": 0.00244140625,
        "var": 0.00151854311116
    },
    "barkbands": {
        "dmean": [0.000966281397268, 0.00417758570984, 0.00490658171475, 0.00191208138131, 0.0020816763863, 0.00129393767565, 0.000871258147527, 0.000663257902488, 0.000550520897377, 0.000435257330537, 0.000278491294011, 0.00017733045388, 0.000163592732861, 0.00019143690588, 0.000170865852851, 0.000183881726116, 0.000167736521689, 0.000178084868821, 9.2599344498e-05, 4.66868950753e-05, 3.76829229936e-05, 3.22375635733e-05, 3.27442103298e-05, 7.03033874743e-05, 4.3679800001e-05, 1.47083355841e-05, 1.56962573783e-06],
        "dmean2": [0.0015841757413, 0.00669131753966, 0.0077492245473, 0.00307351327501, 0.00332255871035, 0.00213124975562, 0.00139226124156, 0.00108017469756, 0.000847228860948, 0.000697845302057, 0.000443203753093, 0.000285967544187, 0.000255764956819, 0.000301068066619, 0.000282381981378, 0.000304098182824, 0.000265145034064, 0.000285734247882, 0.000146145597682, 7.14279885869e-05, 5.61090455449e-05, 4.53929860669e-05, 4.67407444376e-05, 9.54104107223e-05, 6.29216156085e-05, 2.03187901207e-05, 2.10689404412e-06],
        "dvar": [2.50984476224e-06, 8.33281956147e-05, 6.82317113387e-05, 1.45073572639e-05, 1.45131270983e-05, 1.85584613064e-05, 4.22977427661e-06, 2.35934362536e-06, 2.17954607251e-06, 1.36342362111e-06, 5.82773168389e-07, 2.27209810078e-07, 1.45803369378e-07, 2.74249714494e-07, 2.99774484347e-07, 2.13977671137e-07, 1.52891345806e-07, 1.70909657982e-07, 3.93154842016e-08, 8.30425594955e-09, 6.50178222372e-09, 4.79491113481e-09, 1.26974386561e-08, 1.25678468521e-07, 9.03286334619e-08, 7.4085932944e-09, 6.78913938956e-11],
        "dvar2": [5.78081835556e-06, 0.000210823578527, 0.000172754589585, 3.15945217153e-05, 3.64699117199e-05, 5.07357435708e-05, 1.05706276372e-05, 5.87829390497e-06, 5.20416324434e-06, 3.27196221406e-06, 1.27159148633e-06, 4.91137029712e-07, 3.32415964976e-07, 6.74537204759e-07, 7.53820586397e-07, 5.65577749967e-07, 3.73243665308e-07, 4.24775862484e-07, 9.33555597271e-08, 1.90096454133e-08, 1.42523184365e-08, 9.57979207072e-09, 2.73187321653e-08, 2.23203983296e-07, 1.62243054547e-07, 1.30585640079e-08, 1.07441368302e-10],
        "max": [0.0188421327621, 0.123728014529, 0.119279079139, 0.0597337633371, 0.0568224266171, 0.0795535072684, 0.0426576212049, 0.0232037845999, 0.0299268383533, 0.0329308062792, 0.0244544371963, 0.0176503565162, 0.00850149057806, 0.0225672274828, 0.00923165492713, 0.00995993241668, 0.00889632012695, 0.00860752910376, 0.00410766154528, 0.00168620643672, 0.0018360959366, 0.00177784031257, 0.00404006708413, 0.0129794338718, 0.0170821025968, 0.00354462186806, 0.000528750009835],
        "mean": [0.001281745499, 0.00746454112232, 0.0121838850901, 0.00526094762608, 0.00487565482035, 0.00215102336369, 0.00136778887827, 0.00104488711804, 0.00085306505207, 0.000755629793275, 0.00043738191016, 0.000262405956164, 0.000288247247227, 0.000289755465928, 0.00020677804423, 0.000267479772447, 0.000294462253805, 0.000309653260047, 0.000169501276105, 9.08573492779e-05, 7.18877272448e-05, 6.46124681225e-05, 5.65529808227e-05, 0.00012502487516, 7.60036564316e-05, 2.4027791369e-05, 2.60449701273e-06],
        "median": [0.000629443151411, 0.00344575266354, 0.00880458299071, 0.00231475103647, 0.00320947123691, 0.000779785157647, 0.000379224104108, 0.000168694270542, 0.000204529438633, 0.000181320938282, 0.000107263876998, 5.64580186619e-05, 7.76440429036e-05, 6.07582551311e-05, 2.62847170234e-05, 6.00353596383e-05, 8.53908859426e-05, 8.82364765857e-05, 4.68499165436e-05, 2.19688554353e-05, 1.3776331798e-05, 1.60605759447e-05, 9.03352338355e-06, 1.07272790046e-05, 4.3915142669e-06, 1.45481192249e-06, 1.75208683117e-07],
        "min": [1.15173913043e-23, 2.0377274302e-23, 6.78599055485e-24, 8.30839191659e-24, 4.98459275676e-23, 2.60079820055e-23, 2.21664518559e-23, 4.18297786397e-23, 6.64750996724e-23, 4.6618019184e-23, 3.82204686301e-23, 3.94544301016e-23, 2.31995283201e-22, 1.41224075441e-22, 2.21040516961e-22, 1.81272284302e-22, 9.74142559296e-23, 3.21174456058e-22, 3.62384827426e-22, 4.03425511657e-22, 4.18332155489e-22, 4.91444491004e-22, 4.50624763556e-22, 9.3263210524e-22, 1.46607898396e-21, 1.76202960626e-21, 2.21222043321e-21],
        "var": [3.75139529751e-06, 0.000120340002468, 0.000158762137289, 6.17320620222e-05, 2.79479536403e-05, 1.80774823093e-05, 6.81693518345e-06, 4.78431093143e-06, 3.50095069734e-06, 4.12153167417e-06, 1.46590343775e-06, 4.63422423991e-07, 3.75536217234e-07, 4.46353453754e-07, 3.40540935895e-07, 3.04443545929e-07, 3.3009962408e-07, 3.5483509464e-07, 9.427546388e-08, 2.38497026572e-08, 2.00425525065e-08, 1.60124500326e-08, 3.01118312507e-08, 3.7942606923e-07, 2.55570341778e-07, 2.07152179854e-08, 2.05387998276e-10]
    },
    "erbbands": {
        "dmean": [0.161559924483, 0.948497831821, 4.78482818604, 6.5873465538, 5.51623535156, 7.7030248642, 9.32327747345, 11.4070625305, 13.0577630997, 11.8437414169, 13.3566970825, 13.4476976395, 11.5060033798, 13.3473548889, 10.5839805603, 6.35622310638, 7.34325170517, 8.5776014328, 8.73550701141, 10.2576189041, 8.57472038269, 8.73969554901, 11.0528440475, 5.44364118576, 3.88381099701, 2.18189835548, 1.55456542969, 1.50187981129, 1.25171422958, 0.831243574619, 0.963957905769, 1.40388286114, 1.19778347015, 0.654012322426, 0.237446635962, 0.0861023440957, 0.0234149992466, 0.00361120793968, 0.000256918021478, 2.32713828154e-05],
        "dmean2": [0.253993451595, 1.58307981491, 7.64157581329, 10.3221740723, 9.19747161865, 12.2779655457, 14.7031173706, 19.1210727692, 20.69298172, 19.478887558, 21.4268665314, 20.6003456116, 18.3968105316, 21.2095870972, 16.5862026215, 10.1907272339, 11.3582038879, 13.3231477737, 14.0641717911, 17.1621208191, 13.7599153519, 13.6445140839, 17.4985961914, 8.68835449219, 6.09552240372, 3.31814074516, 2.34266972542, 2.24470210075, 1.78210520744, 1.17553663254, 1.35511577129, 1.95466554165, 1.68105864525, 0.951681673527, 0.341423094273, 0.121885672212, 0.0321360118687, 0.00486100232229, 0.000340824393788, 3.27807574649e-05],
        "dvar": [0.119230896235, 4.85974025726, 68.5458755493, 143.826171875, 143.581710815, 191.363983154, 444.433380127, 1683.0333252, 920.581848145, 771.284729004, 982.26965332, 1350.05395508, 839.110961914, 1299.0958252, 846.928833008, 255.261550903, 293.564971924, 623.80279541, 663.324890137, 999.476257324, 461.920440674, 414.103668213, 660.015441895, 156.240325928, 69.379119873, 18.5639972687, 11.4267292023, 10.7888832092, 7.33156442642, 2.89366912842, 15.3572998047, 47.5952262878, 42.7120666504, 22.2672462463, 2.34137105942, 0.289321184158, 0.018056044355, 0.000391786830733, 1.67381290339e-06, 3.32307292794e-09],
        "dvar2": [0.272711068392, 13.2989664078, 178.068054199, 318.315612793, 387.475799561, 480.425384521, 1164.89868164, 4553.14746094, 2262.76782227, 1984.95788574, 2415.2980957, 3207.99682617, 1997.14331055, 3106.78222656, 1775.99389648, 581.917785645, 672.766784668, 1535.81481934, 1621.1328125, 2635.06738281, 1217.92175293, 993.000915527, 1627.64990234, 382.87677002, 163.649917603, 42.7093086243, 25.6762104034, 23.4929828644, 14.944767952, 5.70198917389, 33.2700843811, 88.8099136353, 80.4959182739, 40.3246192932, 4.35519170761, 0.525429546833, 0.0315323323011, 0.000648068555165, 2.58719592239e-06, 5.79482195562e-09],
        "max": [4.61215209961, 31.7793903351, 116.514717102, 189.715774536, 190.275787354, 261.605957031, 370.542144775, 799.721801758, 505.620513916, 601.419677734, 548.899047852, 767.284484863, 776.355651855, 1003.77453613, 1089.39709473, 667.649230957, 396.365234375, 1302.3972168, 407.862487793, 479.401092529, 666.641601562, 465.808807373, 551.786560059, 284.910949707, 268.308776855, 78.8229064941, 92.6434326172, 66.5647583008, 78.2959976196, 53.1299781799, 157.487594604, 334.568084717, 180.533950806, 304.04776001, 63.1225738525, 21.3252811432, 5.66499757767, 0.854202091694, 0.0693730711937, 0.00235139927827],
        "mean": [0.223532453179, 1.76095128059, 11.7447624207, 19.1056880951, 11.4305095673, 18.1306152344, 22.2852878571, 16.366941452, 21.497423172, 18.1757678986, 22.0302963257, 21.8362579346, 19.0437583923, 23.0823554993, 18.3871212006, 10.5884361267, 13.4818811417, 14.9811143875, 12.1364822388, 12.3668279648, 14.4172010422, 16.4053649902, 20.3790950775, 9.54842472076, 7.57111263275, 4.27094745636, 2.97712564468, 2.87543821335, 2.48530197144, 1.58389437199, 1.68250477314, 2.44747614861, 2.0615477562, 1.11667370796, 0.397373735905, 0.139420613647, 0.0382072962821, 0.00605184724554, 0.000455920147942, 6.60290243104e-05],
        "median": [0.084732607007, 0.90291339159, 8.2022600174, 12.0201931, 7.38332748413, 10.604180336, 10.916302681, 5.6182808876, 5.89702415466, 5.51919603348, 4.50590419769, 5.70192050934, 5.10882949829, 6.4842915535, 4.32132482529, 2.85532808304, 3.80432605743, 3.89056348801, 2.21715736389, 2.2110877037, 3.815751791, 5.10251379013, 6.23258638382, 2.77678799629, 2.23276877403, 1.07851409912, 0.58426618576, 0.583107054234, 0.637025356293, 0.340438336134, 0.259800881147, 0.240876346827, 0.151044160128, 0.0602166131139, 0.0262061133981, 0.0091304499656, 0.00220944453031, 0.000316468125675, 5.22836453456e-05, 4.98085246363e-05],
        "min": [1.32872752137e-21, 1.63900315089e-21, 7.68522198013e-21, 2.13778270031e-20, 1.25672891306e-19, 1.73601610078e-19, 1.26345570089e-19, 1.86208695643e-19, 2.4061965406e-19, 6.87343145062e-19, 9.00256332805e-19, 1.49367839259e-18, 1.63095149678e-18, 1.37517577425e-18, 1.2301227262e-18, 1.90498185466e-18, 8.03333657238e-18, 1.06130085005e-17, 1.26753988966e-17, 8.15036194954e-18, 9.47254563862e-18, 7.09634111606e-18, 1.63704386811e-17, 1.45118300191e-17, 2.22515240915e-17, 1.89729871162e-17, 1.51818198455e-17, 2.08974310831e-17, 1.64944297462e-17, 1.26701223115e-17, 1.27745877782e-17, 1.33556532072e-17, 1.85888146612e-17, 1.33766933733e-17, 1.25757203241e-17, 7.10265746722e-18, 3.32604919571e-18, 1.22593253941e-18, 3.07102641433e-19, 3.09543360615e-20],
        "var": [0.175761982799, 6.02796173096, 153.113891602, 512.883422852, 201.184295654, 466.165039062, 992.626831055, 1484.76062012, 1558.4161377, 1164.44421387, 2156.22290039, 2253.59277344, 1894.98999023, 3547.50415039, 2587.9453125, 531.019470215, 799.861328125, 1103.8782959, 830.503356934, 1018.4329834, 804.483520508, 957.441772461, 1498.36914062, 305.816253662, 191.006790161, 50.2392616272, 32.9011535645, 32.8070755005, 23.3466281891, 10.4418296814, 33.9569549561, 129.730529785, 117.360229492, 58.5315055847, 6.27245998383, 0.783242285252, 0.049265101552, 0.0011963074794, 5.24576944372e-06, 1.01369854733e-08]
    },
    "gfcc": {
        "mean": [-53.7570152283, 136.93409729, -98.2652740479, 34.317024231, -37.8288040161, -0.216656163335, -33.162979126, 5.13860940933, -21.3207759857, -12.1106796265, -11.4787807465, -3.98705244064, -10.9344453812],
        "cov": [[16122.7714844, -2686.04370117, -388.739959717, 737.189758301, -1496.85217285, 1704.1003418, -217.245025635, 863.307678223, 9.99535179138, 587.271362305, -257.412109375, 273.053100586, -241.426147461], [-2686.04370117, 3297.52905273, -606.076293945, -573.815856934, 1007.62969971, -1079.06921387, 262.326965332, -432.558380127, 54.5846443176, -496.568572998, 171.764221191, -246.714202881, 87.871131897], [-388.739959717, -606.076293945, 1159.8059082, 201.039703369, -129.32925415, 447.074951172, -88.4620513916, 53.4150085449, -91.7562179565, 21.5889263153, -38.8616943359, 46.2447319031, -66.1794281006], [737.189758301, -573.815856934, 201.039703369, 439.935668945, -171.865585327, 231.310821533, -35.8778953552, 83.1354522705, 12.7304668427, 60.5408210754, -10.3704042435, 21.5957450867, -3.89266371727], [-1496.85217285, 1007.62969971, -129.32925415, -171.865585327, 561.00378418, -353.895568848, 84.2936935425, -132.642349243, 12.9361181259, -182.49887085, 54.8888587952, -62.9167747498, 27.6782341003], [1704.1003418, -1079.06921387, 447.074951172, 231.310821533, -353.895568848, 730.355041504, -9.13008594513, 201.458816528, -16.1802101135, 145.928665161, -43.2980575562, 102.570396423, -66.9665527344], [-217.245025635, 262.326965332, -88.4620513916, -35.8778953552, 84.2936935425, -9.13008594513, 210.834213257, -3.12970590591, 13.049946785, -43.1320533752, 10.6046466827, -15.4027032852, 6.80803203583], [863.307678223, -432.558380127, 53.4150085449, 83.1354522705, -132.642349243, 201.458816528, -3.12970590591, 193.111221313, 39.2474861145, 79.5149383545, -22.1557331085, 27.8988189697, -28.0453929901], [9.99535179138, 54.5846443176, -91.7562179565, 12.7304668427, 12.9361181259, -16.1802101135, 13.049946785, 39.2474861145, 118.445243835, 30.0382728577, 0.362128049135, -17.6750926971, 1.15596520901], [587.271362305, -496.568572998, 21.5889263153, 60.5408210754, -182.49887085, 145.928665161, -43.1320533752, 79.5149383545, 30.0382728577, 171.425048828, -4.55361270905, 27.0733413696, -25.568693161], [-257.412109375, 171.764221191, -38.8616943359, -10.3704042435, 54.8888587952, -43.2980575562, 10.6046466827, -22.1557331085, 0.362128049135, -4.55361270905, 107.656539917, 21.0282421112, 2.8106803894], [273.053100586, -246.714202881, 46.2447319031, 21.5957450867, -62.9167747498, 102.570396423, -15.4027032852, 27.8988189697, -17.6750926971, 27.0733413696, 21.0282421112, 117.079360962, 16.9438171387], [-241.426147461, 87.871131897, -66.1794281006, -3.89266371727, 27.6782341003, -66.9665527344, 6.80803203583, -28.0453929901, 1.15596520901, -25.568693161, 2.8106803894, 16.9438171387, 88.1295089722]],
        "icov": [[0.000179630951607, -0.000366622029105, 0.000315211509587, -0.000305302324705, 0.000328075926518, -0.000516655272804, 0.000367759203073, -0.000557084276807, 0.000507066899445, -0.000426454440458, 0.000629510323051, -0.000432719476521, 0.000312280899379], [-0.000366622029105, 0.00262288493104, -0.000663779617753, 0.00157093617599, -0.00155386631377, 0.00188349350356, -0.00166007620282, 0.00214071851224, -0.00244501465932, 0.00353636825457, -0.00333823962137, 0.00264980830252, -0.000664833234623], [0.000315211509587, -0.000663779617753, 0.00194529630244, -0.000866140588187, 0.000200385678909, -0.00195937883109, 0.00130308850203, -0.000611651747022, 0.00165245123208, -0.000447440543212, 0.00136102130637, -0.000641516933683, 0.00102920609061], [-0.000305302324705, 0.00157093617599, -0.000866140588187, 0.0040106261149, -0.00043673827895, 0.000659626268316, -0.00077419099398, 0.00101415114477, -0.00212910328992, 0.00230641290545, -0.00269822659902, 0.00231809867546, -0.00151757348794], [0.000328075926518, -0.00155386631377, 0.000200385678909, -0.00043673827895, 0.00493365107104, -0.000149977378896, 0.000277800689219, -0.00126376072876, 0.000287964532617, 0.000865663576405, 0.000702966237441, -0.00134182511829, 0.000975111674052], [-0.000516655272804, 0.00188349350356, -0.00195937883109, 0.000659626268316, -0.000149977378896, 0.00573739502579, -0.00270687649027, 0.000122211946291, -0.00182204716839, 0.00181159435306, -0.0021288448479, -5.69108706259e-05, 0.000547525065485], [0.000367759203073, -0.00166007620282, 0.00130308850203, -0.00077419099398, 0.000277800689219, -0.00270687649027, 0.00695191929117, -0.00187562801875, 0.00135270203464, -0.000777184090111, 0.00173672346864, -0.000800187001005, 0.000184208605788], [-0.000557084276807, 0.00214071851224, -0.000611651747022, 0.00101415114477, -0.00126376072876, 0.000122211946291, -0.00187562801875, 0.0112896664068, -0.00504314200953, 0.00135387782939, -0.0018678001361, 0.00134294887539, 0.000412618479459], [0.000507066899445, -0.00244501465932, 0.00165245123208, -0.00212910328992, 0.000287964532617, -0.00182204716839, 0.00135270203464, -0.00504314200953, 0.0136967971921, -0.0059765749611, 0.00327254622243, -0.000585303932894, -0.000116010050988], [-0.000426454440458, 0.00353636825457, -0.000447440543212, 0.00230641290545, 0.000865663576405, 0.00181159435306, -0.000777184090111, 0.00135387782939, -0.0059765749611, 0.0159004423767, -0.00587488245219, 0.00298654357903, 0.000971902918536], [0.000629510323051, -0.00333823962137, 0.00136102130637, -0.00269822659902, 0.000702966237441, -0.0021288448479, 0.00173672346864, -0.0018678001361, 0.00327254622243, -0.00587488245219, 0.0156120471656, -0.00693612033501, 0.00247710687108], [-0.000432719476521, 0.00264980830252, -0.000641516933683, 0.00231809867546, -0.00134182511829, -5.69108706259e-05, -0.000800187001005, 0.00134294887539, -0.000585303932894, 0.00298654357903, -0.00693612033501, 0.0150744980201, -0.00514231109992], [0.000312280899379, -0.000664833234623, 0.00102920609061, -0.00151757348794, 0.000975111674052, 0.000547525065485, 0.000184208605788, 0.000412618479459, -0.000116010050988, 0.000971902918536, 0.00247710687108, -0.00514231109992, 0.0149911670014]]
    },
    "melbands": {
        "dmean": [0.00122093886603, 0.00202556047589, 0.00104206835385, 0.000465982710011, 0.000330047187163, 0.0002518427209, 0.000194811989786, 0.000135876602144, 0.000103816266346, 8.50423966767e-05, 5.92720971326e-05, 5.72657627345e-05, 3.62744794984e-05, 2.13891235035e-05, 1.73911921593e-05, 1.60190502356e-05, 1.71394531208e-05, 1.51640288095e-05, 1.28628707898e-05, 1.47247856148e-05, 9.70987457549e-06, 8.93688957149e-06, 1.24911884996e-05, 7.67246547184e-06, 4.63553988084e-06, 3.17445346809e-06, 2.20788228944e-06, 1.43275599385e-06, 1.00661441138e-06, 1.02330977825e-06, 9.1309959771e-07, 7.79943150064e-07, 5.73070110477e-07, 4.70656118523e-07, 4.84351573959e-07, 8.15493422124e-07, 9.51039226038e-07, 9.59284875535e-07, 6.97852840403e-07, 5.39532550192e-07],
        "dmean2": [0.00192057550885, 0.00323934643529, 0.00164071831387, 0.000763761345297, 0.000518634333275, 0.000419225340011, 0.000308990653139, 0.000223075898248, 0.000165099889273, 0.000130716784042, 9.52612681431e-05, 9.0835019364e-05, 5.72677054151e-05, 3.3820499084e-05, 2.75426646112e-05, 2.48653013841e-05, 2.67617724603e-05, 2.45484734478e-05, 2.12254108192e-05, 2.46836152655e-05, 1.56527858053e-05, 1.42367953231e-05, 1.97869467229e-05, 1.23638228615e-05, 7.53822087063e-06, 5.00931218994e-06, 3.4395802686e-06, 2.22895346269e-06, 1.54884480708e-06, 1.56588680511e-06, 1.37773258757e-06, 1.13111138944e-06, 8.31007241686e-07, 6.90951026172e-07, 7.03658656676e-07, 1.19407229704e-06, 1.35369646159e-06, 1.36210860546e-06, 9.93489607026e-07, 7.93181300196e-07],
        "dvar": [6.77563684803e-06, 1.30051339511e-05, 3.21662128044e-06, 8.69365237577e-07, 4.58760638367e-07, 7.60665727739e-07, 2.02348616085e-07, 9.41517512842e-08, 5.72291192213e-08, 5.59117872001e-08, 2.32334773642e-08, 2.5333433129e-08, 9.84022729966e-09, 3.10473757814e-09, 1.86405002545e-09, 1.71163982987e-09, 2.42781017512e-09, 2.01981520398e-09, 1.83159287737e-09, 1.63866564762e-09, 6.26754426136e-10, 4.60496002441e-10, 9.36565491827e-10, 3.27522037269e-10, 1.22970592042e-10, 4.79489607741e-11, 1.99976563087e-11, 9.29442980913e-12, 5.16534471445e-12, 5.13652922279e-12, 4.16585472715e-12, 3.10611931141e-12, 1.43243273146e-12, 9.06622379167e-13, 3.5270421566e-12, 1.40951963642e-11, 2.48876908665e-11, 2.76872708788e-11, 2.01581876191e-11, 1.59258075477e-11],
        "dvar2": [1.5964740669e-05, 3.41622762789e-05, 7.42327438275e-06, 2.2922122298e-06, 1.19308469948e-06, 2.05624542104e-06, 4.98048621012e-07, 2.40332525436e-07, 1.38346010203e-07, 1.34040746502e-07, 5.52258363484e-08, 6.07655721296e-08, 2.05555679145e-08, 6.70160149596e-09, 4.23539470162e-09, 4.0787608846e-09, 5.92584825654e-09, 5.03203967384e-09, 4.58855264895e-09, 4.39304237432e-09, 1.65531044427e-09, 1.13338260999e-09, 2.31599894818e-09, 8.29177171369e-10, 3.05058533989e-10, 1.12869033564e-10, 4.77573779134e-11, 2.20953047525e-11, 1.22018940091e-11, 1.22283494094e-11, 9.23845461936e-12, 6.50353902676e-12, 3.04935026882e-12, 1.9179679546e-12, 8.1149982567e-12, 2.91051037438e-11, 4.86149211165e-11, 5.51586970543e-11, 3.827722167e-11, 3.05493061403e-11],
        "max": [0.033548694104, 0.0519013181329, 0.0262775011361, 0.0142138665542, 0.0112162213773, 0.0168584808707, 0.00833666324615, 0.00567283388227, 0.00418579252437, 0.00508479541168, 0.00388521375135, 0.0047181462869, 0.00403935927898, 0.00205879844725, 0.00157531013247, 0.00117227504961, 0.00245816842653, 0.00071848143125, 0.000926470966078, 0.0006119919708, 0.000911621318664, 0.000563907145988, 0.000704562175088, 0.000359820493031, 0.000250085286098, 0.000240177498199, 0.000153628061526, 5.52193559997e-05, 6.23161031399e-05, 3.67033135262e-05, 4.73220497952e-05, 4.8270339903e-05, 3.08518137899e-05, 2.60346259893e-05, 8.2781923993e-05, 0.000155022265972, 0.000235597981373, 0.000178552378202, 0.000243476621108, 0.000249900942435],
        "mean": [0.00199992745183, 0.00491368537769, 0.00303575745784, 0.000986753962934, 0.000825777475256, 0.000372315495042, 0.000319207785651, 0.000204895812203, 0.000172632673639, 0.00013185638818, 9.53128037509e-05, 9.71761255641e-05, 5.95694691583e-05, 3.56426826329e-05, 2.72480665444e-05, 2.84236029984e-05, 2.81881202682e-05, 2.01260845643e-05, 1.47890914377e-05, 1.89980528376e-05, 1.61385578394e-05, 1.52541952048e-05, 2.24323193834e-05, 1.30444132083e-05, 7.25696963855e-06, 5.7409515648e-06, 4.3056065806e-06, 2.48613923759e-06, 1.77603044449e-06, 1.78281140961e-06, 1.63523736774e-06, 1.45472745317e-06, 1.08981430458e-06, 8.01873170531e-07, 8.10577319044e-07, 1.332952138e-06, 1.58710633968e-06, 1.57784074872e-06, 1.13211990538e-06, 8.74295608355e-07],
        "median": [0.000978607800789, 0.00351550499909, 0.00216916552745, 0.000653419876471, 0.000462701224023, 0.000129512336571, 8.75220721355e-05, 5.44267168152e-05, 3.28756868839e-05, 3.20780818583e-05, 2.29919351113e-05, 2.49662989518e-05, 1.42316175697e-05, 8.5470983322e-06, 6.41860060568e-06, 7.66705852584e-06, 6.42488203084e-06, 3.48369462699e-06, 1.79500455033e-06, 3.78961203751e-06, 4.03213107347e-06, 4.0708778215e-06, 6.75489627611e-06, 3.49383572029e-06, 1.71304691321e-06, 1.60760873769e-06, 1.16882506518e-06, 5.17892146945e-07, 2.80402872477e-07, 3.11125717189e-07, 3.11828642907e-07, 3.52244967416e-07, 2.64263235294e-07, 1.44360939203e-07, 1.37014083634e-07, 1.57957273927e-07, 1.33589097118e-07, 1.1460208782e-07, 6.4396239452e-08, 4.19306900312e-08],
        "min": [8.54330286125e-24, 3.2441914588e-24, 5.31817679003e-24, 1.36738688065e-23, 4.09884908276e-24, 4.69946963219e-24, 3.79103910741e-24, 8.74367984207e-24, 7.08478424448e-24, 1.01905035959e-23, 8.23417193832e-24, 5.54101816284e-24, 4.78705764736e-24, 3.26897707401e-24, 7.40749540789e-24, 2.61438380529e-23, 1.8168290218e-23, 2.02481756372e-23, 1.18847401621e-23, 1.21969365985e-23, 1.08292127164e-23, 6.33956746327e-24, 1.32501826584e-23, 1.28910939632e-23, 1.15547257244e-23, 1.38232916837e-23, 1.70983723718e-23, 1.18836681001e-23, 1.00527811036e-23, 8.37230779372e-24, 1.41431526927e-23, 1.08388809957e-23, 7.00592024206e-24, 7.25883851461e-24, 7.71420610556e-24, 6.24389796256e-24, 9.25848179134e-24, 1.42210195749e-23, 1.12240194557e-23, 1.10550186285e-23],
        "var": [1.00654051494e-05, 2.60561700998e-05, 1.05552880996e-05, 1.26954705593e-06, 1.08106758034e-06, 6.89212299676e-07, 3.44296211097e-07, 1.53582973894e-07, 1.29359918333e-07, 8.68147864708e-08, 5.34227488913e-08, 7.09685394895e-08, 2.86381514059e-08, 8.08770561633e-09, 4.13102307917e-09, 3.86857346157e-09, 4.35573355162e-09, 2.44303155483e-09, 2.07982231437e-09, 1.84003345893e-09, 1.12251230533e-09, 9.52509959795e-10, 1.94353311223e-09, 6.13262607363e-10, 2.12626541374e-10, 1.18820842054e-10, 5.84211776178e-11, 1.97244946071e-11, 1.26383261495e-11, 1.36625060224e-11, 1.11135510517e-11, 8.64948650897e-12, 4.70439789554e-12, 2.79884860947e-12, 7.01788323634e-12, 3.1488468083e-11, 6.30649213407e-11, 7.05195415951e-11, 5.05872149725e-11, 3.94817581406e-11]
    },
    "mfcc": {
        "mean": [-697.032165527, 159.653396606, 10.9051017761, 33.8441925049, 18.2969665527, 0.0929209664464, 2.05550956726, 11.0197563171, -4.14800548553, -3.49109077454, -1.10313999653, -0.86012506485, -6.5390753746],
        "cov": [[11448.7177734, -2024.54382324, -203.589813232, -178.251998901, -692.225158691, 322.057067871, 4.49478435516, 276.518249512, 355.547943115, 409.077026367, 220.236953735, 284.225189209, 47.6246147156], [-2024.54382324, 2612.16064453, -595.745910645, 100.518821716, 335.706237793, -244.23538208, 47.8287277222, 69.2381820679, -178.845581055, -212.572387695, 10.5436582565, -123.903541565, -37.0538711548], [-203.589813232, -595.745910645, 898.044921875, -1.33509731293, -3.67083764076, 229.67930603, 76.2446746826, 17.304151535, 43.4978294373, 24.0365543365, -31.824836731, 36.8640213013, -23.6492176056], [-178.251998901, 100.518821716, -1.33509731293, 293.111114502, 76.5864334106, -4.56072187424, 16.8952922821, 6.3927898407, -3.54404425621, -7.92657899857, -9.33904743195, -0.937919974327, -4.1569943428], [-692.225158691, 335.706237793, -3.67083764076, 76.5864334106, 280.107177734, -28.1582679749, -5.93970108032, 6.27419185638, -42.4102745056, -42.6909790039, -26.1027107239, -26.0013389587, -7.86030292511], [322.057067871, -244.23538208, 229.67930603, -4.56072187424, -28.1582679749, 251.404891968, 95.2133407593, 65.2712783813, 45.571269989, 17.8245124817, 23.0227069855, 35.1283531189, -13.2656002045], [4.49478435516, 47.8287277222, 76.2446746826, 16.8952922821, -5.93970108032, 95.2133407593, 173.1980896, 79.5796890259, 11.0469608307, -12.9832983017, 17.8435974121, 10.5264091492, -6.20727920532], [276.518249512, 69.2381820679, 17.304151535, 6.3927898407, 6.27419185638, 65.2712783813, 79.5796890259, 167.516387939, 40.8788757324, -2.09339499474, 15.9361982346, 13.3583650589, 6.06466770172], [355.547943115, -178.845581055, 43.4978294373, -3.54404425621, -42.4102745056, 45.571269989, 11.0469608307, 40.8788757324, 136.113296509, 64.1066589355, 5.03988313675, 5.78383159637, 3.64870810509], [409.077026367, -212.572387695, 24.0365543365, -7.92657899857, -42.6909790039, 17.8245124817, -12.9832983017, -2.09339499474, 64.1066589355, 130.322219849, 38.7936401367, 6.31619358063, 11.3184013367], [220.236953735, 10.5436582565, -31.824836731, -9.33904743195, -26.1027107239, 23.0227069855, 17.8435974121, 15.9361982346, 5.03988313675, 38.7936401367, 124.970375061, 48.5019645691, -14.0270795822], [284.225189209, -123.903541565, 36.8640213013, -0.937919974327, -26.0013389587, 35.1283531189, 10.5264091492, 13.3583650589, 5.78383159637, 6.31619358063, 48.5019645691, 95.4656448364, 20.0635280609], [47.6246147156, -37.0538711548, -23.6492176056, -4.1569943428, -7.86030292511, -13.2656002045, -6.20727920532, 6.06466770172, 3.64870810509, 11.3184013367, -14.0270795822, 20.0635280609, 93.6409301758]],
