{
"lowlevel": {
    "average_loudness": 0.926130533218,
    "barkbands_crest": {
        "dmean": 2.84241366386,
        "dmean2": 4.42002677917,
        "dvar": 10.6064720154,
        "dvar2": 23.9165401459,
        "max": 26.8606472015,
        "mean": 17.1294269562,
        "median": 18.0948829651,
        "min": 2.10909342766,
        "var": 42.7688140869
    },
    "barkbands_flatness_db": {
        "dmean": 0.0457189232111,
        "dmean2": 0.0646849349141,
        "dvar": 0.00274771708064,
        "dvar2": 0.00519592454657,
        "max": 0.701825261116,
        "mean": 0.205309614539,
        "median": 0.187216475606,
        "min": 0.0179580729455,
        "var": 0.0124320210889
    },
    "barkbands_kurtosis": {
        "dmean": 47.0487174988,
        "dmean2": 73.9174880981,
        "dvar": 49217.5546875,
        "dvar2": 112021.078125,
        "max": 9515.81738281,
        "mean": 68.4816665649,
        "median": 10.206158638,
        "min": -1.87339890003,
        "var": 69209.9453125
    },
    "barkbands_skewness": {
        "dmean": 1.65374398232,
        "dmean2": 2.49620938301,
        "dvar": 10.0721197128,
        "dvar2": 21.4809799194,
        "max": 71.1766357422,
        "mean": 4.43027019501,
        "median": 3.06660890579,
        "min": -4.43241024017,
        "var": 27.328950882
    },
    "barkbands_spread": {
        "dmean": 7.53882312775,
        "dmean2": 12.0699872971,
        "dvar": 105.882652283,
        "dvar2": 256.5574646,
        "max": 126.671142578,
        "mean": 15.5998544693,
        "median": 10.826798439,
        "min": 0.0139904711396,
        "var": 229.388198853
    },
    "dissonance": {
        "dmean": 0.0163870081306,
        "dmean2": 0.0274550952017,
        "dvar": 0.000349274952896,
        "dvar2": 0.000928574125282,
        "max": 0.500000119209,
        "mean": 0.469324141741,
        "median": 0.478572875261,
        "min": 0.13845461607,
        "var": 0.00113895873073
    },
    "dynamic_complexity": 3.42055487633,
    "erbbands_crest": {
        "dmean": 2.47741007805,
        "dmean2": 4.01498365402,
        "dvar": 7.60630559921,
        "dvar2": 16.7401599884,
        "max": 29.1287250519,
        "mean": 7.79553413391,
        "median": 6.34928560257,
        "min": 2.25507259369,
        "var": 21.2791557312
    },
    "erbbands_flatness_db": {
        "dmean": 0.0242352653295,
        "dmean2": 0.0356862060726,
        "dvar": 0.000857758335769,
        "dvar2": 0.00147497153375,
        "max": 0.568622589111,
        "mean": 0.138804912567,
        "median": 0.114526920021,
        "min": 0.0289167929441,
        "var": 0.00567931635305
    },
    "erbbands_kurtosis": {
        "dmean": 1.50343990326,
        "dmean2": 2.35276055336,
        "dvar": 30.5688457489,
        "dvar2": 61.0182800293,
        "max": 174.296081543,
        "mean": 1.1474776268,
        "median": -0.308051347733,
        "min": -1.84514188766,
        "var": 56.1123428345
    },
    "erbbands_skewness": {
        "dmean": 0.456746190786,
        "dmean2": 0.690933585167,
        "dvar": 0.399541586637,
        "dvar2": 0.740442872047,
        "max": 11.9725723267,
        "mean": 0.414115607738,
        "median": 0.259552896023,
        "min": -4.28699493408,
        "var": 1.25572669506
    },
    "erbbands_spread": {
        "dmean": 12.3158950806,
        "dmean2": 18.3518180847,
        "dvar": 208.212402344,
        "dvar2": 432.363098145,
        "max": 204.905166626,
        "mean": 51.4766578674,
        "median": 48.600566864,
        "min": 1.27292108536,
        "var": 834.305908203
    },
    "hfc": {
        "dmean": 12.5780830383,
        "dmean2": 19.7230052948,
        "dvar": 365.518280029,
        "dvar2": 824.307617188,
        "max": 156.238677979,
        "mean": 21.5865764618,
        "median": 13.6271533966,
        "min": 3.64891916682e-09,
        "var": 565.530822754
    },
    "melbands_crest": {
        "dmean": 3.30120015144,
        "dmean2": 5.17872238159,
        "dvar": 13.9337053299,
        "dvar2": 32.9328460693,
        "max": 39.2249221802,
        "mean": 22.6268863678,
        "median": 24.4355583191,
        "min": 2.06661939621,
        "var": 60.5022621155
    },
    "melbands_flatness_db": {
        "dmean": 0.0501834154129,
        "dmean2": 0.0716324001551,
        "dvar": 0.00335909798741,
        "dvar2": 0.00647525442764,
        "max": 0.813054144382,
        "mean": 0.29320332408,
        "median": 0.278092086315,
        "min": 0.00645439093933,
        "var": 0.0168528109789
    },
    "melbands_kurtosis": {
        "dmean": 42.8332366943,
        "dmean2": 66.1585235596,
        "dvar": 8619.95898438,
        "dvar2": 19857.3261719,
        "max": 1920.54663086,
        "mean": 85.1790466309,
        "median": 33.8639564514,
        "min": -1.76092815399,
        "var": 23850.1484375
    },
    "melbands_skewness": {
        "dmean": 1.62961864471,
        "dmean2": 2.4777135849,
        "dvar": 4.8617401123,
        "dvar2": 11.0878610611,
        "max": 30.1983547211,
        "mean": 5.81021213531,
        "median": 4.82691764832,
        "min": -1.04132330418,
        "var": 19.0930080414
    },
    "melbands_spread": {
        "dmean": 5.29849433899,
        "dmean2": 8.52458763123,
        "dvar": 73.1711349487,
        "dvar2": 175.501419067,
        "max": 255.422897339,
        "mean": 12.7200832367,
        "median": 7.5604557991,
        "min": 0.127602085471,
        "var": 349.967071533
    },
    "pitch_salience": {
        "dmean": 0.0922355279326,
        "dmean2": 0.141994327307,
        "dvar": 0.0107096284628,
        "dvar2": 0.0228388365358,
        "max": 0.941847622395,
        "mean": 0.394086867571,
        "median": 0.386514425278,
        "min": 0.00284247053787,
        "var": 0.0455224215984
    },
    "silence_rate_20dB": {
        "dmean": 0,
        "dmean2": 0,
        "dvar": 0,
        "dvar2": 0,
        "max": 1,
        "mean": 1,
        "median": 1,
        "min": 1,
        "var": 0
    },
    "silence_rate_30dB": {
        "dmean": 0.125190138817,
        "dmean2": 0.250399321318,
        "dvar": 0.109512098134,
        "dvar2": 0.226670369506,
        "max": 1,
        "mean": 0.801810026169,
        "median": 1,
        "min": 0,
        "var": 0.158929213881
    },
    "silence_rate_60dB": {
        "dmean": 0.0152114387602,
        "dmean2": 0.0303491298109,
        "dvar": 0.0149789871648,
        "dvar2": 0.0335329510272,
        "max": 1,
        "mean": 0.0601566657424,
        "median": 0,
        "min": 0,
        "var": 0.0565423890948
    },
    "spectral_centroid": {
        "dmean": 343.477783203,
        "dmean2": 532.570495605,
        "dvar": 176388.65625,
        "dvar2": 386970.03125,
        "max": 6484.51513672,
        "mean": 1186.94946289,
        "median": 979.738586426,
        "min": 63.5626296997,
        "var": 632859.5625
    },
    "spectral_complexity": {
        "dmean": 5.74170970917,
        "dmean2": 8.54712104797,
        "dvar": 50.7456474304,
        "dvar2": 102.329032898,
        "max": 61,
        "mean": 17.6902427673,
        "median": 16,
        "min": 0,
        "var": 170.720169067
    },
    "spectral_decrease": {
        "dmean": 5.70510705344e-09,
        "dmean2": 8.59095194983e-09,
        "dvar": 8.21368907744e-17,
        "dvar2": 2.1233939406e-16,
        "max": 1.9178358554e-11,
        "mean": -1.63715281332e-08,
        "median": -1.4907344692e-08,
        "min": -8.5126544036e-08,
        "var": 1.75825630118e-16
    },
    "spectral_energy": {
        "dmean": 0.0221723187715,
        "dmean2": 0.0334419794381,
        "dvar": 0.00120953435544,
        "dvar2": 0.00311231380329,
        "max": 0.323937118053,
        "mean": 0.0637480840087,
        "median": 0.0586728006601,
        "min": 3.58386307827e-13,
        "var": 0.00259564234875
    },
    "spectral_energyband_high": {
        "dmean": 0.000964197155554,
        "dmean2": 0.00149430520833,
        "dvar": 2.63872902906e-06,
        "dvar2": 5.88702005189e-06,
        "max": 0.013875096105,
        "mean": 0.00126240286045,
        "median": 0.000310101022478,
        "min": 2.45242411448e-13,
        "var": 4.09966469306e-06
    },
    "spectral_energyband_low": {
        "dmean": 0.0185543950647,
        "dmean2": 0.026590520516,
        "dvar": 0.00107260409277,
        "dvar2": 0.0027332038153,
        "max": 0.319473206997,
        "mean": 0.0484813153744,
        "median": 0.0400749519467,
        "min": 7.91737365908e-15,
        "var": 0.0023010277655
    },
    "spectral_energyband_middle_high": {
        "dmean": 0.00178863643669,
        "dmean2": 0.00298876431771,
        "dvar": 9.11313691176e-06,
        "dvar2": 2.41002981056e-05,
        "max": 0.0403868369758,
        "mean": 0.00309681403451,
        "median": 0.00200084829703,
        "min": 6.97077757929e-14,
        "var": 1.30303178594e-05
    },
    "spectral_energyband_middle_low": {
        "dmean": 0.00831672735512,
        "dmean2": 0.0133857904002,
        "dvar": 0.000353143404936,
        "dvar2": 0.00086878798902,
        "max": 0.179308354855,
        "mean": 0.0122465193272,
        "median": 0.00632733060047,
        "min": 1.20510502957e-14,
        "var": 0.000356549746357
    },
    "spectral_entropy": {
        "dmean": 0.264622360468,
        "dmean2": 0.391321927309,
        "dvar": 0.115951597691,
        "dvar2": 0.210197135806,
        "max": 8.97634792328,
        "mean": 7.61336278915,
        "median": 7.81399869919,
        "min": 4.01317071915,
        "var": 0.51115322113
    },
    "spectral_flux": {
        "dmean": 0.0399540103972,
        "dmean2": 0.0595786496997,
        "dvar": 0.00289783976041,
        "dvar2": 0.0061751473695,
        "max": 0.489599496126,
        "mean": 0.104354672134,
        "median": 0.0763123482466,
        "min": 1.39634539664e-05,
        "var": 0.00724398624152
    },
    "spectral_kurtosis": {
        "dmean": 4.08138513565,
        "dmean2": 6.67659330368,
        "dvar": 290.572357178,
        "dvar2": 883.265563965,
        "max": 837.647583008,
        "mean": 9.56156730652,
        "median": 3.27971839905,
        "min": -1.11643981934,
        "var": 1551.88378906
    },
    "spectral_rms": {
        "dmean": 0.00124929251615,
        "dmean2": 0.00182181491982,
        "dvar": 2.89332479042e-06,
        "dvar2": 6.99441307006e-06,
        "max": 0.0177774075419,
        "mean": 0.0071258158423,
        "median": 0.00756582804024,
        "min": 1.869880073e-08,
        "var": 1.14154545372e-05
    },
    "spectral_rolloff": {
        "dmean": 430.238555908,
        "dmean2": 750.878662109,
        "dvar": 1172241.5,
        "dvar2": 3050982.5,
        "max": 17183.4960938,
        "mean": 834.996704102,
        "median": 258.3984375,
        "min": 21.533203125,
        "var": 2616338.25
    },
    "spectral_skewness": {
        "dmean": 0.348646968603,
        "dmean2": 0.542723238468,
        "dvar": 0.302205324173,
        "dvar2": 0.789436101913,
        "max": 24.2263641357,
        "mean": 1.81524419785,
        "median": 1.46130692959,
        "min": -0.00719522684813,
        "var": 2.55678725243
    },
    "spectral_spread": {
        "dmean": 941856.1875,
        "dmean2": 1373299.25,
        "dvar": 1.35219878298e+12,
        "dvar2": 2.62275674931e+12,
        "max": 16520100,
        "mean": 5142526,
        "median": 5156574.5,
        "min": 139433.546875,
        "var": 4.8107487232e+12
    },
    "spectral_strongpeak": {
        "dmean": 0.20959751308,
        "dmean2": 0.330670922995,
        "dvar": 0.130140289664,
        "dvar2": 0.337276875973,
        "max": 6.30033063889,
        "mean": 0.584311246872,
        "median": 0.53411090374,
        "min": 0,
        "var": 0.156123921275
    },
    "zerocrossingrate": {
        "dmean": 0.0118191689253,
        "dmean2": 0.0144048351794,
        "dvar": 0.000194383552298,
        "dvar2": 0.000239724002313,
        "max": 0.50634765625,
        "mean": 0.040853831917,
        "median": 0.02880859375,
        "min": 0.001953125,
        "var": 0.00196271389723
    },
    "barkbands": {
        "dmean": [0.00048813628382, 0.0172156170011, 0.0045778080821, 0.00242787203752, 0.00562041671947, 0.00149508821778, 0.00061048619682, 0.000325518631143, 0.00052317843074, 0.000402437581215, 0.000300741870888, 0.000316092540743, 0.000320161285345, 0.000181057839654, 0.000176890956936, 0.000188061327208, 0.000120026736113, 0.000163023185451, 0.000137371884193, 0.00017915868375, 0.000171305175172, 0.000142163931741, 0.000145209007314, 0.00016252786736, 0.000144082194311, 0.00014684148482, 3.46405249729e-05],
        "dmean2": [0.000695656461176, 0.0249928422272, 0.00747454399243, 0.00415372848511, 0.00976257584989, 0.00256697740406, 0.000987668056041, 0.000556202663574, 0.000876801088452, 0.000686138577294, 0.000511232530698, 0.000532459467649, 0.000558411353268, 0.000311927462462, 0.000298173195915, 0.000333816627972, 0.000200183363631, 0.000275791651802, 0.0002253218845, 0.000270736811217, 0.000291704927804, 0.00022546123364, 0.000216880522203, 0.000259830965661, 0.000223408453166, 0.000251269200817, 5.87752583669e-05],
        "dvar": [1.30836394874e-06, 0.00103431427851, 0.00017107797612, 4.79947302665e-05, 0.000264931295533, 1.3508277334e-05, 1.0102592114e-06, 2.7786524015e-07, 1.13297414828e-06, 4.96310178733e-07, 3.83293581763e-07, 3.60034903224e-07, 5.02948978465e-07, 1.57477757057e-07, 1.03514651073e-07, 1.32901689653e-07, 4.4118024789e-08, 9.6083937251e-08, 6.47012967647e-08, 9.8965678319e-08, 1.55810695901e-07, 6.84452743371e-08, 6.99344298027e-08, 1.09232907164e-07, 7.68757217884e-08, 8.94306140253e-08, 4.57933602149e-09],
        "dvar2": [3.17018088936e-06, 0.002669489244, 0.000429263949627, 0.000129781474243, 0.000714863534085, 3.76644420612e-05, 2.52169616033e-06, 7.54006748593e-07, 2.95572249343e-06, 1.34833078391e-06, 1.04381922483e-06, 9.18072032619e-07, 1.37231882036e-06, 4.37772399664e-07, 2.71522793582e-07, 3.70987805809e-07, 1.14609420621e-07, 2.48814842507e-07, 1.60813527827e-07, 2.20900773229e-07, 4.27965971994e-07, 1.59577581371e-07, 1.45175491184e-07, 2.68197425157e-07, 1.6907257816e-07, 2.29197766544e-07, 1.10280469201e-08],
        "max": [0.0221184100956, 0.306196898222, 0.107627391815, 0.10575016588, 0.164512574673, 0.0470455735922, 0.0161486081779, 0.00828604307026, 0.0178980976343, 0.00873319245875, 0.0130866039544, 0.0138674816117, 0.0111575573683, 0.00687682488933, 0.00698193674907, 0.00549018289894, 0.00390056753531, 0.00355314090848, 0.00412123231217, 0.00327620841563, 0.00431453809142, 0.00274369493127, 0.00284803286195, 0.00362680316903, 0.00356525997631, 0.00363370939158, 0.00054736668244],
        "mean": [0.00146240275353, 0.0415828153491, 0.00418043415993, 0.00264844833873, 0.0054369289428, 0.00180341710802, 0.000987801002339, 0.000470521510579, 0.000738990085665, 0.000561238441151, 0.000403231213568, 0.000425309466664, 0.000396385497879, 0.000246408017119, 0.000245609495323, 0.000223675160669, 0.000171918203705, 0.000201572460355, 0.000200703638257, 0.000232059275731, 0.00021871048375, 0.000191362283658, 0.000192402512766, 0.000204949843464, 0.00016485733795, 0.000125126622152, 3.06225811073e-05],
        "median": [0.000932483409997, 0.0347365923226, 0.000729026622139, 0.00039746312541, 0.00153891579248, 0.000712580338586, 0.00047289597569, 0.000227912736591, 0.000263763795374, 0.000214800675167, 0.000167921360116, 0.000182536256034, 0.00016126279661, 0.000123714984511, 0.000118185773317, 9.85949809547e-05, 8.15177118056e-05, 7.44613207644e-05, 7.18087394489e-05, 6.87271676725e-05, 6.14065720583e-05, 4.83054900542e-05, 3.75614654331e-05, 3.16828918585e-05, 2.00759459403e-05, 1.1012080904e-05, 2.64196410171e-06],
        "min": [6.56754746005e-15, 3.97811480074e-15, 7.22302475332e-16, 2.29070399115e-16, 1.60842451079e-16, 1.08411259875e-15, 1.53108701458e-15, 4.38957587794e-15, 4.29344780282e-15, 1.36084355658e-15, 4.39908297574e-15, 2.95228590381e-15, 4.31402985641e-15, 3.4333440784e-15, 5.27232481645e-15, 9.78896834197e-15, 8.02197968697e-15, 1.4525652816e-14, 1.06855442463e-14, 1.07110755134e-14, 1.08067614373e-14, 1.47854717022e-14, 8.69858791117e-15, 2.6747828331e-14, 3.76259760111e-14, 7.0528272892e-14, 7.59027443762e-14],
        "var": [3.84445411328e-06, 0.00191574031487, 0.000144646241097, 4.08060986956e-05, 0.000195317377802, 1.12853458631e-05, 2.00854992727e-06, 4.21956798391e-07, 1.60043384767e-06, 7.25210156816e-07, 4.69349600962e-07, 6.22386039595e-07, 5.04882109453e-07, 1.55987223138e-07, 1.24103067378e-07, 1.18490127932e-07, 5.70899523211e-08, 1.03547584729e-07, 9.75127036895e-08, 1.45093778769e-07, 1.59960904966e-07, 9.93595961063e-08, 1.18644379654e-07, 1.40215817623e-07, 1.15750793839e-07, 8.64277467372e-08, 4.61882221359e-09]
    },
    "erbbands": {
        "dmean": [0.590976715088, 3.55670332909, 4.99317979813, 6.66788864136, 9.02160835266, 22.1302833557, 21.9134559631, 11.8485269547, 9.98227977753, 6.81954145432, 7.3799495697, 13.405670166, 10.8194236755, 12.012509346, 13.807595253, 11.7353506088, 14.5319700241, 9.95725059509, 9.23724746704, 10.6475734711, 8.40020084381, 6.97835206985, 8.23847389221, 8.59683895111, 6.53720760345, 8.15659427643, 7.24535989761, 6.84783792496, 5.03865146637, 4.85323524475, 4.04717969894, 3.15174865723, 3.08642864227, 2.00029850006, 0.833000659943, 0.589719951153, 0.29496461153, 0.0520310774446, 0.00561645580456, 0.000266773247859],
        "dmean2": [0.834738373756, 5.25081110001, 7.52606582642, 10.9497642517, 15.5030107498, 38.9970092773, 37.6069221497, 20.0384502411, 16.1912326813, 11.4201841354, 12.4408349991, 22.3209018707, 18.6362724304, 20.3222370148, 23.2429695129, 19.8597354889, 25.174030304, 17.4263401031, 15.4072542191, 18.5936069489, 14.5735054016, 11.6066827774, 13.89569664, 14.6630573273, 10.0883922577, 12.1476163864, 11.7328224182, 11.7599334717, 8.11276721954, 7.34640932083, 6.05966377258, 4.85588788986, 5.01715278625, 3.04172420502, 1.31973862648, 0.974310934544, 0.511257231236, 0.0895327180624, 0.00934313610196, 0.000442665652372],
        "dvar": [1.2845133543, 47.0357170105, 158.22644043, 347.394134521, 439.805419922, 4750.37939453, 4836.32177734, 772.920043945, 285.158660889, 135.194595337, 148.400588989, 731.671142578, 423.657043457, 546.790893555, 651.226928711, 494.090209961, 993.562194824, 486.782623291, 328.864624023, 470.441497803, 259.712219238, 140.511459351, 241.653259277, 290.031066895, 112.552146912, 202.2837677, 227.845046997, 230.452545166, 81.3671264648, 85.2581253052, 52.5932731628, 33.7577018738, 48.294128418, 19.4238948822, 2.14830088615, 1.22460770607, 0.467488586903, 0.0105531867594, 0.000123364574392, 3.10062205244e-07],
        "dvar2": [3.22420358658, 121.091873169, 369.9140625, 889.066040039, 1186.98510742, 12993.6494141, 12660.8671875, 2125.3137207, 714.789123535, 373.364105225, 403.474456787, 1891.1986084, 1103.56884766, 1512.75610352, 1724.4609375, 1272.90429688, 2686.98168945, 1349.1574707, 872.251525879, 1311.22851562, 709.021240234, 359.718231201, 621.295532227, 755.268798828, 245.932632446, 429.465423584, 584.844970703, 637.618896484, 190.575485229, 197.700958252, 106.447822571, 79.1056518555, 120.125778198, 42.0852012634, 4.99046182632, 3.12538504601, 1.187743783, 0.0267750062048, 0.000292592972983, 7.30025988105e-07],
        "max": [12.67304039, 62.3260307312, 105.69090271, 262.467193604, 236.495620728, 687.605712891, 772.72857666, 373.746002197, 251.889129639, 166.768508911, 246.722763062, 452.544281006, 296.447937012, 471.737945557, 470.554199219, 662.247314453, 491.52432251, 327.268981934, 490.780548096, 252.730758667, 275.169494629, 191.143951416, 166.202514648, 262.160186768, 107.237754822, 148.12878418, 157.078460693, 183.708297729, 88.4718170166, 97.59400177, 79.2487487793, 73.1570892334, 72.4085617065, 71.2212600708, 14.2204685211, 9.80476093292, 9.59021091461, 0.754601061344, 0.116124719381, 0.00713061075658],
        "mean": [1.65207278728, 7.49789094925, 6.01861953735, 7.01920604706, 10.3104476929, 20.1331882477, 21.402639389, 14.754152298, 16.1882743835, 10.6573791504, 11.7658472061, 19.3414859772, 14.3197441101, 17.928155899, 19.0796203613, 16.966178894, 18.9108028412, 12.7697696686, 13.5550422668, 13.1927776337, 11.2909402847, 10.1403532028, 10.7851467133, 10.8290224075, 9.89078330994, 10.9075727463, 9.34589195251, 8.62117481232, 6.8287987709, 6.22808218002, 5.45871067047, 4.33028697968, 3.43209385872, 2.26641559601, 0.913702666759, 0.528500139713, 0.246787250042, 0.0448532141745, 0.00498522492126, 0.000297079852317],
        "median": [1.42687594891, 5.49604511261, 1.74747061729, 1.43770396709, 3.43124079704, 4.82515716553, 5.4837770462, 6.00599193573, 7.70733213425, 5.58109283447, 6.35993480682, 6.45509910583, 6.12727117538, 7.16310787201, 8.54154682159, 7.93331289291, 7.79565143585, 6.21386909485, 7.07311153412, 5.96734046936, 5.37247133255, 4.77586364746, 4.2792263031, 3.81645894051, 3.48746228218, 3.26954746246, 2.68000817299, 2.20439052582, 1.87978100777, 1.28682541847, 1.06801223755, 0.705388605595, 0.476169109344, 0.252280920744, 0.121370278299, 0.0543576851487, 0.0180609971285, 0.00398493977264, 0.000448967446573, 0.000110504995973],
        "min": [2.11827259834e-13, 5.75966303731e-13, 8.94855478779e-13, 8.5935761545e-13, 3.90410468711e-13, 5.02275955203e-13, 3.42781966006e-12, 1.05884918888e-11, 1.49365866897e-11, 5.33862017094e-11, 1.09375744572e-10, 1.06726211202e-10, 4.55394437437e-11, 7.00063132464e-11, 1.76935424645e-10, 1.34165192844e-10, 2.28698948668e-10, 1.33656863355e-10, 3.06810021833e-10, 2.00051933352e-10, 6.88404888649e-10, 5.09657982484e-10, 5.9232774241e-10, 7.89728005213e-10, 5.11347797438e-10, 4.03546418504e-10, 4.99434216206e-10, 4.72621275449e-10, 2.96362573371e-10, 5.51205692201e-10, 2.65146266054e-10, 7.90740362078e-10, 2.37782543655e-10, 2.12320785953e-10, 3.74667075143e-10, 2.77423722883e-10, 1.23486748604e-10, 5.60714530362e-11, 1.20008994062e-11, 8.41034544525e-13],
        "var": [2.80745172501, 76.4154205322, 176.573257446, 300.267028809, 372.102874756, 3336.30957031, 3852.39453125, 704.799133301, 534.642150879, 202.550308228, 239.952178955, 1128.97619629, 507.551422119, 797.828979492, 893.825622559, 954.493103027, 1091.66821289, 443.383056641, 387.197357178, 410.92477417, 270.435272217, 192.973007202, 273.433807373, 320.536437988, 218.264511108, 319.928222656, 271.379394531, 240.134170532, 119.309532166, 122.276542664, 94.0053863525, 59.0447044373, 52.3847045898, 28.4567546844, 2.8796877861, 1.2614248991, 0.440497756004, 0.00926984474063, 0.000130419197376, 3.30905436385e-07]
    },
    "gfcc": {
        "mean": [-26.9489574432, 89.943359375, -89.5371398926, 32.904624939, -42.8231658936, 17.9804363251, -22.6448020935, 8.6406621933, -14.2045125961, 6.326608181, -6.66811656952, 4.64144325256, -3.48551726341],
        "cov": [[22063.8085938, -1639.95605469, 697.835510254, 1143.6932373, 158.941040039, 623.337036133, -739.046936035, 197.500473022, -631.573974609, 353.035369873, -304.748687744, 466.466125488, -236.703887939], [-1639.95605469, 3715.97290039, -357.135314941, -538.231933594, 417.207824707, -301.752563477, 305.4737854, -345.014160156, 292.103302002, -271.016326904, 148.235305786, -292.153137207, 181.200958252], [697.835510254, -357.135314941, 1434.01367188, 600.995727539, 381.221679688, 304.541503906, 102.099876404, 236.396026611, 64.584022522, 127.250846863, 57.4931259155, 56.6663970947, -43.1206588745], [1143.6932373, -538.231933594, 600.995727539, 1064.66149902, 345.904541016, 320.140289307, 162.267929077, 219.6484375, 119.392204285, 133.815383911, 114.475639343, 53.1173324585, 2.85913395882], [158.941040039, 417.207824707, 381.221679688, 345.904541016, 617.998779297, 258.915679932, 260.460021973, 140.999908447, 150.133773804, 52.6649742126, 108.890823364, 5.78686857224, 26.1554164886], [623.337036133, -301.752563477, 304.541503906, 320.140289307, 258.915679932, 401.321899414, 192.879104614, 209.149047852, 85.7145767212, 109.307540894, 78.4483642578, 68.1738815308, 2.63464927673], [-739.046936035, 305.4737854, 102.099876404, 162.267929077, 260.460021973, 192.879104614, 346.99786377, 142.968917847, 177.173416138, 42.8949165344, 120.937187195, 5.03481626511, 61.0260009766], [197.500473022, -345.014160156, 236.396026611, 219.6484375, 140.999908447, 209.149047852, 142.968917847, 251.098266602, 104.79283905, 106.470230103, 56.7968139648, 58.2810249329, 10.7957305908], [-631.573974609, 292.103302002, 64.584022522, 119.392204285, 150.133773804, 85.7145767212, 177.173416138, 104.79283905, 212.697860718, 58.8768730164, 93.8906402588, -2.64188623428, 56.2203140259], [353.035369873, -271.016326904, 127.250846863, 133.815383911, 52.6649742126, 109.307540894, 42.8949165344, 106.470230103, 58.8768730164, 129.045166016, 55.3571205139, 71.0288848877, 10.1833181381], [-304.748687744, 148.235305786, 57.4931259155, 114.475639343, 108.890823364, 78.4483642578, 120.937187195, 56.7968139648, 93.8906402588, 55.3571205139, 128.309158325, 39.8140068054, 51.6542282104], [466.466125488, -292.153137207, 56.6663970947, 53.1173324585, 5.78686857224, 68.1738815308, 5.03481626511, 58.2810249329, -2.64188623428, 71.0288848877, 39.8140068054, 114.4453125, 21.3870735168], [-236.703887939, 181.200958252, -43.1206588745, 2.85913395882, 26.1554164886, 2.63464927673, 61.0260009766, 10.7957305908, 56.2203140259, 10.1833181381, 51.6542282104, 21.3870735168, 84.8736114502]],
        "icov": [[8.68623901624e-05, -0.000133850146085, 5.28355158167e-05, -0.000168451311765, 1.29249528982e-05, -0.000177500885911, 0.000227220793022, -0.000155022731633, 0.000338213780196, -0.000300164683722, 0.000424449943239, -0.000438674062025, 8.26014002087e-05], [-0.000133850146085, 0.00111248111352, -0.000180562623427, 0.000774944608565, -0.000789524812717, 0.00049061171012, -0.000473488820717, 0.0014885077253, -0.00160659779795, 0.0013047484681, -0.00163800443988, 0.00205424800515, -0.00110012420919], [5.28355158167e-05, -0.000180562623427, 0.0011349794222, -0.000519630906638, -0.000413683184888, -0.000205590869882, 0.000521567475516, -0.000827739597298, 0.000517577514984, -0.000473976426292, 0.000346939166775, -0.000379906501621, 0.000589727889746], [-0.000168451311765, 0.000774944608565, -0.000519630906638, 0.0021649536211, -0.000780217291322, -0.000123803867609, -9.67247688095e-05, 0.000673373171594, -0.00127588782925, 0.000657073047478, -0.00221353303641, 0.00214816280641, -0.000660855497699], [1.29249528982e-05, -0.000789524812717, -0.000413683184888, -0.000780217291322, 0.00383400800638, -0.00133002176881, -0.00121000222862, -0.000367804634152, 0.000217602108023, -2.56492353401e-06, 0.000354293355485, -0.00100464560091, 0.00120801990852], [-0.000177500885911, 0.00049061171012, -0.000205590869882, -0.000123803867609, -0.00133002176881, 0.00697988690808, -0.00290643144399, -0.00213297409937, 0.000916931312531, -0.000878087244928, -0.00091347558191, -3.97367839469e-05, 0.000975489558186], [0.000227220793022, -0.000473488820717, 0.000521567475516, -9.67247688095e-05, -0.00121000222862, -0.00290643144399, 0.00949852354825, -0.00297502009198, -0.0023479256779, 0.00254952977411, -0.00286021688953, 0.000107852931251, -0.00111238576937], [-0.000155022731633, 0.0014885077253, -0.000827739597298, 0.000673373171594, -0.000367804634152, -0.00213297409937, -0.00297502009198, 0.0127591220662, -0.00506148347631, -0.00236474396661, 0.00128190487158, 0.00047230409109, -0.000620452861767], [0.000338213780196, -0.00160659779795, 0.000517577514984, -0.00127588782925, 0.000217602108023, 0.000916931312531, -0.0023479256779, -0.00506148347631, 0.015477290377, -0.00749158021063, -0.000530495191924, 0.00269312830642, -0.00279339263216], [-0.000300164683722, 0.0013047484681, -0.000473976426292, 0.000657073047478, -2.56492353401e-06, -0.000878087244928, 0.00254952977411, -0.00236474396661, -0.00749158021063, 0.0224103741348, -0.00670986343175, -0.00611699651927, 0.0025086463429], [0.000424449943239, -0.00163800443988, 0.000346939166775, -0.00221353303641, 0.000354293355485, -0.00091347558191, -0.00286021688953, 0.00128190487158, -0.000530495191924, -0.00670986343175, 0.0220616068691, -0.00791970826685, -0.00353028671816], [-0.000438674062025, 0.00205424800515, -0.000379906501621, 0.00214816280641, -0.00100464560091, -3.97367839469e-05, 0.000107852931251, 0.00047230409109, 0.00269312830642, -0.00611699651927, -0.00791970826685, 0.0228403490037, -0.00768683385104], [8.26014002087e-05, -0.00110012420919, 0.000589727889746, -0.000660855497699, 0.00120801990852, 0.000975489558186, -0.00111238576937, -0.000620452861767, -0.00279339263216, 0.0025086463429, -0.00353028671816, -0.00768683385104, 0.020794250071]]
    },
    "melbands": {
        "dmean": [0.00507909106091, 0.00282742618583, 0.00113375554793, 0.00103079795372, 0.000914749223739, 0.000261721841525, 0.000145240483107, 7.16994472896e-05, 6.65222978569e-05, 8.02704307716e-05, 5.46771188965e-05, 5.09245110152e-05, 4.51225423603e-05, 3.74140763597e-05, 3.06532165268e-05, 3.01860563923e-05, 1.79564322025e-05, 1.54576082423e-05, 1.34749971039e-05, 1.4846551494e-05, 9.12920677365e-06, 7.47803687773e-06, 7.19770605428e-06, 7.89821115177e-06, 7.21855076335e-06, 4.85129112349e-06, 5.01109752804e-06, 5.8825467022e-06, 4.73748514196e-06, 4.43583849119e-06, 4.00639146392e-06, 3.04395234707e-06, 2.6430266189e-06, 2.69386941909e-06, 2.47561297329e-06, 2.16563739741e-06, 1.8742176735e-06, 2.44004058914e-06, 1.83712086255e-06, 1.63719130342e-06],
        "dmean2": [0.00732514448464, 0.00419347407296, 0.00179802044295, 0.00179262505844, 0.00158008886501, 0.000445669633336, 0.000234926410485, 0.000121235520055, 0.000111745204777, 0.000133737878059, 9.37582808547e-05, 8.62494998728e-05, 7.60176772019e-05, 6.26468608971e-05, 5.25915929757e-05, 5.30141405761e-05, 3.14651988447e-05, 2.58581694652e-05, 2.29150427913e-05, 2.64652153419e-05, 1.57486738317e-05, 1.25347387439e-05, 1.188308579e-05, 1.36732023748e-05, 1.24129646792e-05, 7.68365953263e-06, 7.83989526099e-06, 8.82462609297e-06, 7.62687795941e-06, 7.76970773586e-06, 6.91004470355e-06, 4.96474422107e-06, 4.21802724304e-06, 4.08875848734e-06, 3.72682802663e-06, 3.44622685589e-06, 2.92048639494e-06, 4.01985334975e-06, 3.07258164867e-06, 2.47712569035e-06],
        "dvar": [9.16887074709e-05, 3.25881264871e-05, 8.33738340589e-06, 6.3379434323e-06, 9.49137938733e-06, 3.84009524623e-07, 6.02257799187e-08, 1.47127954264e-08, 1.29276047645e-08, 2.63728043848e-08, 1.06916191456e-08, 9.61702451008e-09, 8.04942068555e-09, 5.16972287201e-09, 3.66863539547e-09, 4.91510920853e-09, 1.73443115425e-09, 1.00822539206e-09, 5.96998950275e-10, 9.34381461093e-10, 3.78358511188e-10, 1.69843222819e-10, 1.62355295874e-10, 2.49470999414e-10, 2.13985634767e-10, 7.19529574811e-11, 7.06067496137e-11, 1.17827886337e-10, 9.33180616114e-11, 1.05019701269e-10, 7.76424896598e-11, 3.02448274758e-11, 2.70164533106e-11, 2.51191081824e-11, 1.98490494874e-11, 1.73445112439e-11, 1.23173554689e-11, 3.91211611717e-11, 1.84563753169e-11, 1.2378265947e-11],
        "dvar2": [0.000236685853451, 7.16460635886e-05, 1.99481382879e-05, 1.71668361872e-05, 2.51397159445e-05, 1.07033235963e-06, 1.5083504934e-07, 4.0698253656e-08, 3.52364040168e-08, 6.79687843785e-08, 2.77475482591e-08, 2.63959094582e-08, 2.17133475644e-08, 1.31875159681e-08, 9.69956293062e-09, 1.35797977308e-08, 4.83022244424e-09, 2.7191546792e-09, 1.59013091583e-09, 2.64280997087e-09, 1.04123609734e-09, 4.45288583784e-10, 4.03571676078e-10, 6.63986754468e-10, 5.63656010755e-10, 1.66053587547e-10, 1.60208679656e-10, 2.56643789553e-10, 2.322952386e-10, 2.92378704581e-10, 2.16029041877e-10, 7.16409639945e-11, 6.6761485229e-11, 5.62909822921e-11, 3.94666625769e-11, 4.12991377208e-11, 2.94752139363e-11, 1.01784740358e-10, 4.03534740345e-11, 2.71242004551e-11],
        "max": [0.0989449173212, 0.0507321506739, 0.0399417318404, 0.0223524570465, 0.0323248617351, 0.00812724791467, 0.00383412791416, 0.00163483095821, 0.00246869283728, 0.00252739083953, 0.00145746767521, 0.00181785563473, 0.00198357016779, 0.0012512053363, 0.00155374302994, 0.00110503123142, 0.000693017384037, 0.000835318292957, 0.000352864386514, 0.000453080196166, 0.000399463198846, 0.000220056492253, 0.00018797001394, 0.000188307021745, 0.000239890941884, 0.000109694927232, 9.42863334785e-05, 0.000116679555504, 0.000121360237245, 0.000108902429929, 0.00012190342386, 5.37777741556e-05, 6.13750817138e-05, 5.11189900863e-05, 5.13994564244e-05, 4.64780059701e-05, 4.70866616524e-05, 7.02924298821e-05, 6.31782386336e-05, 5.34566534043e-05],
        "mean": [0.0130046382546, 0.00536943785846, 0.00131772342138, 0.00107517035212, 0.000852762255818, 0.000326902401866, 0.000239083718043, 0.000108609208837, 0.00010477896285, 0.000113524300104, 6.91386012477e-05, 7.31852487661e-05, 6.18198973825e-05, 5.11866783199e-05, 4.21762815677e-05, 3.61013735528e-05, 2.24089708354e-05, 2.21902027988e-05, 1.78482514457e-05, 1.6888792743e-05, 1.22554702102e-05, 1.04782375274e-05, 9.80666391115e-06, 9.36196192924e-06, 8.7628759502e-06, 7.29027033231e-06, 7.05287402525e-06, 7.38068729333e-06, 5.96391009822e-06, 5.29280987394e-06, 4.9039967962e-06, 3.94556445826e-06, 3.44794807461e-06, 3.42211956195e-06, 3.17420767715e-06, 2.99243515656e-06, 2.43488307206e-06, 2.51132360063e-06, 2.21245727516e-06, 1.765482466e-06],
        "median": [0.0112234978005, 0.00310445693322, 0.000310037750751, 0.000316961493809, 0.000210430313018, 0.000134119822178, 0.000116608054668, 5.53508398298e-05, 5.36912375537e-05, 3.80541387131e-05, 2.87256025331e-05, 2.73079313047e-05, 2.59599255514e-05, 2.24053965212e-05, 1.87468522199e-05, 1.45898302435e-05, 1.05616882138e-05, 1.12766801976e-05, 8.20850982564e-06, 7.16682370694e-06, 5.7072634263e-06, 4.77777803098e-06, 4.33794002674e-06, 3.27130987898e-06, 2.99688167615e-06, 2.48732339969e-06, 2.39255518864e-06, 1.99790338229e-06, 1.66228016951e-06, 1.42238252465e-06, 1.18438174468e-06, 1.08370295493e-06, 7.94540767401e-07, 6.63248329147e-07, 6.11040661624e-07, 4.87575334773e-07, 3.85701554251e-07, 3.19160960771e-07, 2.71667857987e-07, 1.78878238444e-07],
        "min": [1.8138477882e-15, 5.67398995762e-16, 1.39574181693e-16, 2.06119693994e-17, 1.00880201267e-16, 2.36401204576e-16, 2.44681931017e-16, 6.5786550266e-16, 9.33290018042e-16, 6.15401729311e-16, 2.11750401759e-16, 2.48976996865e-16, 6.47992274869e-16, 2.37490833053e-16, 5.62539091287e-16, 4.03401373424e-16, 2.1498880724e-16, 4.90603706511e-16, 3.84486942423e-16, 2.65960298625e-16, 9.29512674614e-16, 4.54566848589e-16, 6.78829991621e-16, 5.30195773471e-16, 6.75011196518e-16, 2.9656944883e-16, 3.76248699978e-16, 2.40706408349e-16, 3.80398526145e-16, 2.43086015066e-16, 3.00380197121e-16, 1.52974110569e-16, 3.04158202293e-16, 2.6199033461e-16, 8.11782810886e-17, 3.98384847263e-16, 4.86001035355e-16, 1.29929520448e-16, 2.20937625507e-16, 1.4501620956e-16],
        "var": [0.000178817848791, 5.53553545615e-05, 8.46902548801e-06, 4.92680010211e-06, 7.20700700185e-06, 3.39808224226e-07, 1.15948857626e-07, 2.1390405891e-08, 2.02434637941e-08, 3.89889969199e-08, 1.25156134345e-08, 1.39775311325e-08, 1.0596003186e-08, 8.16472667253e-09, 5.58376855864e-09, 4.42250636112e-09, 1.53893875421e-09, 1.1234704278e-09, 6.6466288029e-10, 7.5198641758e-10, 3.69439007164e-10, 2.22704757413e-10, 2.02967379015e-10, 2.4824847733e-10, 2.24942064975e-10, 1.29673619065e-10, 1.15189614791e-10, 1.67291069886e-10, 1.1116823434e-10, 1.0289102903e-10, 8.12247352711e-11, 4.17268129771e-11, 3.53491784455e-11, 3.79547816787e-11, 3.43638242861e-11, 3.08843818575e-11, 1.90528079425e-11, 3.45700898463e-11, 2.78765639045e-11, 1.69092517766e-11]
    },
    "mfcc": {
        "mean": [-672.499267578, 123.551704407, 15.1057395935, 25.7433795929, 9.3593711853, 14.1006755829, 8.01449489594, 7.42171478271, 4.45798301697, 4.75692129135, 2.55713224411, 5.28658533096, 4.04379796982],
        "cov": [[14432.8388672, -1202.25939941, 195.963088989, 282.871704102, 189.149780273, 195.166015625, -120.720306396, -97.1508483887, -273.392822266, -94.3874130249, -152.281356812, -168.523406982, -118.772689819], [-1202.25939941, 3045.02001953, -410.863891602, -132.506011963, -56.5901908875, -8.93349266052, -60.3366394043, -47.856300354, 46.3265380859, -33.0338783264, -11.2616930008, -3.10774087906, -40.8045158386], [195.963088989, -410.863891602, 963.207458496, 370.449615479, 276.063232422, 131.192626953, 139.140579224, 97.4788742065, 53.9333229065, 112.543815613, 64.4111938477, 51.0321846008, 53.2281761169], [282.871704102, -132.506011963, 370.449615479, 624.760437012, 309.680511475, 199.889343262, 133.833847046, 120.840606689, 68.0690231323, 119.520309448, 78.2255020142, 75.9119186401, 52.4341850281], [189.149780273, -56.5901908875, 276.063232422, 309.680511475, 399.01449585, 195.693008423, 172.995605469, 130.807342529, 91.6148300171, 109.577842712, 89.7113723755, 71.1199493408, 62.0830039978], [195.166015625, -8.93349266052, 131.192626953, 199.889343262, 195.693008423, 256.222351074, 170.667648315, 135.348403931, 79.2825317383, 95.7076339722, 84.9547576904, 83.6904754639, 59.1161117554], [-120.720306396, -60.3366394043, 139.140579224, 133.833847046, 172.995605469, 170.667648315, 257.008239746, 167.14239502, 107.702781677, 98.0598602295, 99.7219467163, 92.1168212891, 71.9568862915], [-97.1508483887, -47.856300354, 97.4788742065, 120.840606689, 130.807342529, 135.348403931, 167.14239502, 195.686264038, 123.428665161, 114.756919861, 93.3901901245, 88.9124832153, 73.1678924561], [-273.392822266, 46.3265380859, 53.9333229065, 68.0690231323, 91.6148300171, 79.2825317383, 107.702781677, 123.428665161, 165.89012146, 108.365989685, 88.7704086304, 78.1816711426, 58.9509429932], [-94.3874130249, -33.0338783264, 112.543815613, 119.520309448, 109.577842712, 95.7076339722, 98.0598602295, 114.756919861, 108.365989685, 154.526275635, 90.355758667, 75.8676147461, 61.9393615723], [-152.281356812, -11.2616930008, 64.4111938477, 78.2255020142, 89.7113723755, 84.9547576904, 99.7219467163, 93.3901901245, 88.7704086304, 90.355758667, 116.558738708, 84.523651123, 59.5876541138], [-168.523406982, -3.10774087906, 51.0321846008, 75.9119186401, 71.1199493408, 83.6904754639, 92.1168212891, 88.9124832153, 78.1816711426, 75.8676147461, 84.523651123, 112.429466248, 76.0839309692], [-118.772689819, -40.8045158386, 53.2281761169, 52.4341850281, 62.0830039978, 59.1161117554, 71.9568862915, 73.1678924561, 58.9509429932, 61.9393615723, 59.5876541138, 76.0839309692, 92.7222747803]],
