{
"lowlevel": {
    "average_loudness": 0.877109646797,
    "barkbands_crest": {
        "dmean": 3.38484501839,
        "dmean2": 5.36793899536,
        "dvar": 9.65169048309,
        "dvar2": 21.9425201416,
        "max": 26.6577301025,
        "mean": 15.1144666672,
        "median": 14.6805839539,
        "min": 2.0710670948,
        "var": 42.7962646484
    },
    "barkbands_flatness_db": {
        "dmean": 0.0404789708555,
        "dmean2": 0.0623157210648,
        "dvar": 0.00168882240541,
        "dvar2": 0.00361058628187,
        "max": 0.628929197788,
        "mean": 0.174017488956,
        "median": 0.155820041895,
        "min": 0.016238566488,
        "var": 0.00896604172885
    },
    "barkbands_kurtosis": {
        "dmean": 29.6211338043,
        "dmean2": 47.4070892334,
        "dvar": 11039.8955078,
        "dvar2": 29598.5410156,
        "max": 2358.69848633,
        "mean": 31.5168590546,
        "median": 4.81103801727,
        "min": -1.87163829803,
        "var": 11628.7421875
    },
    "barkbands_skewness": {
        "dmean": 1.50875747204,
        "dmean2": 2.27280879021,
        "dvar": 6.06006479263,
        "dvar2": 14.3585662842,
        "max": 37.1046867371,
        "mean": 3.22735881805,
        "median": 2.18828749657,
        "min": -4.07101011276,
        "var": 14.0885133743
    },
    "barkbands_spread": {
        "dmean": 7.93522644043,
        "dmean2": 13.2593612671,
        "dvar": 99.2709121704,
        "dvar2": 260.250976562,
        "max": 114.447036743,
        "mean": 19.11577034,
        "median": 15.1512107849,
        "min": 0.0481385067105,
        "var": 251.168563843
    },
    "dissonance": {
        "dmean": 0.0176713466644,
        "dmean2": 0.0298162009567,
        "dvar": 0.00036434669164,
        "dvar2": 0.000988132786006,
        "max": 0.500000298023,
        "mean": 0.468770503998,
        "median": 0.477611064911,
        "min": 0.137904107571,
        "var": 0.00102085259277
    },
    "dynamic_complexity": 3.64899873734,
    "erbbands_crest": {
        "dmean": 2.68641233444,
        "dmean2": 4.32145261765,
        "dvar": 7.08729076385,
        "dvar2": 16.6278610229,
        "max": 33.1791114807,
        "mean": 8.45450210571,
        "median": 7.07888698578,
        "min": 2.22660422325,
        "var": 23.6942043304
    },
    "erbbands_flatness_db": {
        "dmean": 0.0224438924342,
        "dmean2": 0.0336068682373,
        "dvar": 0.000572889228351,
        "dvar2": 0.00119870877825,
        "max": 0.488072425127,
        "mean": 0.141309022903,
        "median": 0.125841975212,
        "min": 0.0286527350545,
        "var": 0.0044875042513
    },
    "erbbands_kurtosis": {
        "dmean": 1.66957843304,
        "dmean2": 2.70173501968,
        "dvar": 17.0976104736,
        "dvar2": 40.1583061218,
        "max": 73.9927139282,
        "mean": 1.27492725849,
        "median": 0.109706759453,
        "min": -1.83037352562,
        "var": 23.4063224792
    },
    "erbbands_skewness": {
        "dmean": 0.465926140547,
        "dmean2": 0.706438183784,
        "dvar": 0.303919136524,
        "dvar2": 0.637175261974,
        "max": 7.20066976547,
        "mean": 0.341976314783,
        "median": 0.225845575333,
        "min": -3.31569743156,
        "var": 0.913973927498
    },
    "erbbands_spread": {
        "dmean": 11.4065637589,
        "dmean2": 18.0150966644,
        "dvar": 150.10585022,
        "dvar2": 356.534881592,
        "max": 178.511474609,
        "mean": 42.0904884338,
        "median": 38.3731040955,
        "min": 0.68267506361,
        "var": 587.762878418
    },
    "hfc": {
        "dmean": 9.3617401123,
        "dmean2": 14.5399398804,
        "dvar": 217.889007568,
        "dvar2": 520.728759766,
        "max": 201.880172729,
        "mean": 22.3227176666,
        "median": 14.4253501892,
        "min": 1.15262112645e-16,
        "var": 562.163818359
    },
    "melbands_crest": {
        "dmean": 4.27422380447,
        "dmean2": 7.08808612823,
        "dvar": 14.5146379471,
        "dvar2": 38.4498596191,
        "max": 37.1194953918,
        "mean": 20.0144233704,
        "median": 20.7892494202,
        "min": 2.35246443748,
        "var": 46.3918380737
    },
    "melbands_flatness_db": {
        "dmean": 0.046727899462,
        "dmean2": 0.0724162310362,
        "dvar": 0.00230608810671,
        "dvar2": 0.00495381327346,
        "max": 0.768112778664,
        "mean": 0.2593947649,
        "median": 0.242316916585,
        "min": 0.00641130190343,
        "var": 0.0133722973987
    },
    "melbands_kurtosis": {
        "dmean": 30.8229465485,
        "dmean2": 47.1090507507,
        "dvar": 3373.74658203,
        "dvar2": 7641.11132812,
        "max": 789.453613281,
        "mean": 49.8017959595,
        "median": 16.206401825,
        "min": -1.68343436718,
        "var": 7269.38378906
    },
    "melbands_skewness": {
        "dmean": 1.50600838661,
        "dmean2": 2.27416157722,
        "dvar": 2.85936117172,
        "dvar2": 6.40566015244,
        "max": 21.4714317322,
        "mean": 4.50497198105,
        "median": 3.5343413353,
        "min": -2.98309636116,
        "var": 12.2333784103
    },
    "melbands_spread": {
        "dmean": 6.66356229782,
        "dmean2": 10.934094429,
        "dvar": 86.1177825928,
        "dvar2": 213.311447144,
        "max": 180.958938599,
        "mean": 16.4078769684,
        "median": 11.7950401306,
        "min": 0.25803989172,
        "var": 294.765045166
    },
    "pitch_salience": {
        "dmean": 0.110500380397,
        "dmean2": 0.173500269651,
        "dvar": 0.0129073271528,
        "dvar2": 0.025674207136,
        "max": 0.959800243378,
        "mean": 0.412551254034,
        "median": 0.419606089592,
        "min": 0.0239371433854,
        "var": 0.0414846539497
    },
    "silence_rate_20dB": {
        "dmean": 0,
        "dmean2": 0,
        "dvar": 0,
        "dvar2": 0,
        "max": 1,
        "mean": 1,
        "median": 1,
        "min": 1,
        "var": 0
    },
    "silence_rate_30dB": {
        "dmean": 0.0950686708093,
        "dmean2": 0.190150871873,
        "dvar": 0.0860265791416,
        "dvar2": 0.17603969574,
        "max": 1,
        "mean": 0.894193828106,
        "median": 1,
        "min": 0,
        "var": 0.0946083888412
    },
    "silence_rate_60dB": {
        "dmean": 0.0146587919444,
        "dmean2": 0.0292485058308,
        "dvar": 0.0144427083433,
        "dvar2": 0.0326618291438,
        "max": 1,
        "mean": 0.0631137043238,
        "median": 0,
        "min": 0,
        "var": 0.0591235980392
    },
    "spectral_centroid": {
        "dmean": 321.250244141,
        "dmean2": 509.426757812,
        "dvar": 138716.21875,
        "dvar2": 317683.1875,
        "max": 10948.5283203,
        "mean": 1341.51672363,
        "median": 1248.77624512,
        "min": 81.9020309448,
        "var": 614712.375
    },
    "spectral_complexity": {
        "dmean": 4.11243152618,
        "dmean2": 6.32778263092,
        "dvar": 26.5514583588,
        "dvar2": 52.5188369751,
        "max": 63,
        "mean": 18.9786529541,
        "median": 16,
        "min": 0,
        "var": 184.897415161
    },
    "spectral_decrease": {
        "dmean": 5.7482658633e-09,
        "dmean2": 9.50159595448e-09,
        "dvar": 5.7154441471e-17,
        "dvar2": 1.4986522172e-16,
        "max": -2.45166292791e-29,
        "mean": -1.32522730567e-08,
        "median": -1.11022533389e-08,
        "min": -7.53195479319e-08,
        "var": 1.26090595078e-16
    },
    "spectral_energy": {
        "dmean": 0.0219429899007,
        "dmean2": 0.0361322201788,
        "dvar": 0.00081939593656,
        "dvar2": 0.00215393374674,
        "max": 0.288101583719,
        "mean": 0.0520417653024,
        "median": 0.0438150167465,
        "min": 1.05471408838e-20,
        "var": 0.00186014408246
    },
    "spectral_energyband_high": {
        "dmean": 0.000825574970804,
        "dmean2": 0.0013114818139,
        "dvar": 2.42685973717e-06,
        "dvar2": 5.5618083934e-06,
        "max": 0.0192551761866,
        "mean": 0.00132413452957,
        "median": 0.000390003144275,
        "min": 7.61804748269e-21,
        "var": 5.16199315825e-06
    },
    "spectral_energyband_low": {
        "dmean": 0.0216522365808,
        "dmean2": 0.034396391362,
        "dvar": 0.000878840859514,
        "dvar2": 0.00223915837705,
        "max": 0.270170450211,
        "mean": 0.0378368236125,
        "median": 0.029858617112,
        "min": 9.20144777899e-23,
        "var": 0.00162092759274
    },
    "spectral_energyband_middle_high": {
        "dmean": 0.00164980639238,
        "dmean2": 0.00255938572809,
        "dvar": 6.07540641795e-06,
        "dvar2": 1.41852133311e-05,
        "max": 0.0383267439902,
        "mean": 0.0045127524063,
        "median": 0.00298866536468,
        "min": 1.47821628425e-21,
        "var": 2.1993611881e-05
    },
    "spectral_energyband_middle_low": {
        "dmean": 0.00601997086778,
        "dmean2": 0.00987025815994,
        "dvar": 0.000162182448548,
        "dvar2": 0.000409235537518,
        "max": 0.148154079914,
        "mean": 0.0095994360745,
        "median": 0.00421068724245,
        "min": 2.70736936454e-22,
        "var": 0.000189586629858
    },
    "spectral_entropy": {
        "dmean": 0.247549191117,
        "dmean2": 0.378421157598,
        "dvar": 0.101537950337,
        "dvar2": 0.230597645044,
        "max": 9.80909061432,
        "mean": 7.6522603035,
        "median": 7.82705831528,
        "min": 3.87807440758,
        "var": 0.457521349192
    },
    "spectral_flux": {
        "dmean": 0.0370670258999,
        "dmean2": 0.0549841225147,
        "dvar": 0.00177932460792,
        "dvar2": 0.00354089820758,
        "max": 0.461456865072,
        "mean": 0.116233184934,
        "median": 0.0941142588854,
        "min": 1.02699272697e-10,
        "var": 0.006318311207
    },
    "spectral_kurtosis": {
        "dmean": 2.50447821617,
        "dmean2": 4.03147029877,
        "dvar": 35.3169250488,
        "dvar2": 89.9854888916,
        "max": 184.256484985,
        "mean": 6.60130548477,
        "median": 3.51430130005,
        "min": -1.1854057312,
        "var": 145.30355835
    },
    "spectral_rms": {
        "dmean": 0.00137516588438,
        "dmean2": 0.0022410126403,
        "dvar": 2.32707634495e-06,
        "dvar2": 6.19675847702e-06,
        "max": 0.0167652834207,
        "mean": 0.00642656022683,
        "median": 0.00653806980699,
        "min": 3.20778646701e-12,
        "var": 9.47175249166e-06
    },
    "spectral_rolloff": {
        "dmean": 546.143615723,
        "dmean2": 953.21270752,
        "dvar": 1219178.375,
        "dvar2": 3151510,
        "max": 19229.1503906,
        "mean": 1028.91955566,
        "median": 581.396484375,
        "min": 43.06640625,
        "var": 2332450.25
    },
    "spectral_skewness": {
        "dmean": 0.292303413153,
        "dmean2": 0.4649553895,
        "dvar": 0.177866026759,
        "dvar2": 0.440213650465,
        "max": 11.0136089325,
        "mean": 1.74445939064,
        "median": 1.51787757874,
        "min": -0.0350986979902,
        "var": 0.96483963728
    },
    "spectral_spread": {
        "dmean": 828916.375,
        "dmean2": 1246787.625,
        "dvar": 1.13612095488e+12,
        "dvar2": 2.24047661056e+12,
        "max": 40769676,
        "mean": 5092490.5,
        "median": 4903857,
        "min": 491865.21875,
        "var": 3.80283099546e+12
    },
    "spectral_strongpeak": {
        "dmean": 0.31862783432,
        "dmean2": 0.528229355812,
        "dvar": 0.305697411299,
        "dvar2": 0.71005821228,
        "max": 9.80058002472,
        "mean": 0.619708478451,
        "median": 0.437094867229,
        "min": 0,
        "var": 0.618642270565
    },
    "zerocrossingrate": {
        "dmean": 0.0123474737629,
        "dmean2": 0.0156848356128,
        "dvar": 0.00022703128343,
        "dvar2": 0.000324560940498,
        "max": 0.51611328125,
        "mean": 0.0495561361313,
        "median": 0.03759765625,
        "min": 0.00244140625,
        "var": 0.00178631977178
    },
    "barkbands": {
        "dmean": [0.00135949254036, 0.0198622979224, 0.0051740068011, 0.00255842506886, 0.00275183981284, 0.0013403838966, 0.000897826394066, 0.000644290295895, 0.000515685591381, 0.000599782215431, 0.000328457419528, 0.0003154668957, 0.000362593476893, 0.000208636498428, 0.000395412993385, 0.000135280773975, 0.000128104933538, 0.000113157329906, 0.000145181373227, 0.000180266346433, 0.000192612526007, 0.000151660016854, 0.000120297860121, 0.000123285761219, 9.90668631857e-05, 8.45148970257e-05, 3.57886856364e-05],
        "dmean2": [0.00226998189464, 0.0334743075073, 0.00888529699296, 0.00463050464168, 0.00498750526458, 0.00231925747357, 0.00152950070333, 0.0010398789309, 0.000860608473886, 0.000947413616814, 0.000526784337126, 0.000514314859174, 0.000597017176915, 0.000350521324435, 0.000624221225735, 0.000229440047406, 0.000213766965317, 0.000192340434296, 0.000233789149206, 0.000304174172925, 0.000308606744511, 0.000256325496593, 0.00018746771093, 0.000197539236979, 0.000168693426531, 0.000147038226714, 6.15256358287e-05],
        "dvar": [4.7502576308e-06, 0.000945019943174, 0.000182527131983, 4.74136832054e-05, 6.50311922072e-05, 7.5222524174e-06, 2.56587759395e-06, 1.03354227576e-06, 6.43831469915e-07, 9.21058926906e-07, 2.94687282576e-07, 2.57597577047e-07, 3.20252667052e-07, 1.49202605826e-07, 7.4883621437e-07, 1.06117553855e-07, 6.87654022613e-08, 6.36917576458e-08, 9.62382813441e-08, 1.36390639227e-07, 1.55211182573e-07, 9.37787731914e-08, 7.24057898083e-08, 7.49501367636e-08, 4.03073521227e-08, 3.20707229662e-08, 6.02260818994e-09],
        "dvar2": [1.30928156068e-05, 0.00246243178844, 0.000483689917019, 0.000134310335852, 0.000182732735993, 2.04416028282e-05, 6.99919792169e-06, 2.59834382632e-06, 1.66015900049e-06, 2.17746446651e-06, 7.19082549949e-07, 6.57784084979e-07, 8.19343313196e-07, 3.99284459718e-07, 1.65966071108e-06, 2.82397337514e-07, 1.83997713066e-07, 1.71865764287e-07, 2.26543576787e-07, 3.63429307981e-07, 3.21865201158e-07, 2.38235855932e-07, 1.6277166992e-07, 1.71440049712e-07, 1.04462635875e-07, 8.42652525535e-08, 1.52392232167e-08],
        "max": [0.0212698280811, 0.233737811446, 0.165997847915, 0.105839528143, 0.108703657985, 0.0399786494672, 0.0239957906306, 0.027052052319, 0.0136582748964, 0.0196745768189, 0.0103505039588, 0.0136173376814, 0.0150177814066, 0.00812477339059, 0.0191692374647, 0.00551654165611, 0.00580287026241, 0.00652969023213, 0.00541823683307, 0.00680067716166, 0.00574930012226, 0.00352705805562, 0.00503255240619, 0.00496441731229, 0.00287942122668, 0.00188596977387, 0.000740712275729],
        "mean": [0.00171209254768, 0.0303365569562, 0.00462856050581, 0.00231916201301, 0.00236657098867, 0.00175648822915, 0.00116526463535, 0.00102557183709, 0.000833211874124, 0.000940771133173, 0.000503416580614, 0.000559198088013, 0.000602422573138, 0.000352740549715, 0.00062939937925, 0.000190815204405, 0.000224963136134, 0.000192037361558, 0.000252031430136, 0.000333406642312, 0.000309639144689, 0.000197633635253, 0.000197448709514, 0.000195389031433, 0.000113085683552, 7.32461339794e-05, 3.06308538711e-05],
        "median": [0.000527376774698, 0.0209945049137, 0.000640432408545, 0.000244859344093, 0.000478625122923, 0.000382428523153, 0.000526606629137, 0.000524978036992, 0.000448313745437, 0.000432477187132, 0.000170532759512, 0.000286849652184, 0.000319386250339, 0.000172918895259, 0.000178733724169, 7.82407805673e-05, 7.99082990852e-05, 7.94474835857e-05, 8.29938071547e-05, 9.15850978345e-05, 7.35727371648e-05, 5.79636689508e-05, 5.04244380863e-05, 5.85102607147e-05, 2.4822405976e-05, 1.04360551632e-05, 2.51197184298e-06],
        "min": [2.98221797025e-23, 5.37549510786e-23, 5.95111460417e-24, 3.73472469397e-24, 4.86318201474e-23, 4.23341668361e-23, 4.48849832831e-23, 7.77450316217e-23, 3.87268163571e-23, 4.89596612732e-23, 2.46340308555e-23, 6.81878492263e-23, 1.48132262917e-22, 1.07855246529e-22, 1.27052031507e-22, 1.1652555994e-22, 2.68000409528e-22, 2.02341181359e-22, 1.7796554347e-22, 3.53362934486e-22, 4.61577838479e-22, 7.91406212263e-22, 7.50155224025e-22, 9.57889083775e-22, 1.02089536641e-21, 1.38190113876e-21, 2.36599767117e-21],
        "var": [7.00847203916e-06, 0.00127563311253, 0.000156404654263, 3.93101618101e-05, 4.18740455643e-05, 9.63765796769e-06, 3.08752100864e-06, 2.10418647839e-06, 1.32807883801e-06, 1.9098742996e-06, 5.47342949631e-07, 6.23826679202e-07, 6.42665725081e-07, 2.73468771184e-07, 1.6520839381e-06, 1.18477018418e-07, 1.28446387748e-07, 9.84889183542e-08, 1.94100877593e-07, 3.32959587013e-07, 3.64513539353e-07, 1.24216938957e-07, 1.5021754507e-07, 1.48972631564e-07, 4.76079371481e-08, 2.60203965041e-08, 5.21548138011e-09]
    },
    "erbbands": {
        "dmean": [0.616413116455, 4.44780015945, 5.5049238205, 7.74139118195, 8.08508110046, 9.37382507324, 11.516125679, 10.7306661606, 14.274515152, 9.67134666443, 14.6377220154, 12.7060804367, 10.4248485565, 19.9857749939, 16.00116539, 14.119310379, 16.733543396, 11.3174009323, 24.0822372437, 8.6230840683, 6.89131736755, 5.90684318542, 5.73270463943, 6.60836315155, 7.85556650162, 8.35956573486, 8.14399337769, 6.72123384476, 5.90598154068, 3.72134065628, 3.62940573692, 2.80751180649, 2.00152587891, 1.18367016315, 0.661737382412, 0.346973210573, 0.157025650144, 0.0448817387223, 0.00626648496836, 0.000302958360408],
        "dmean2": [1.04514908791, 7.35994148254, 8.76766014099, 13.541557312, 14.8912057877, 17.1774864197, 19.393032074, 19.2915859222, 24.4336051941, 15.889210701, 23.8298721313, 21.0345420837, 17.4591598511, 31.2647571564, 25.1303157806, 22.7393779755, 27.5899562836, 18.5592327118, 37.6728096008, 14.4166889191, 11.6232967377, 9.76107120514, 9.65222454071, 10.8684082031, 13.1277599335, 14.1268959045, 13.3524580002, 10.7695198059, 10.0717687607, 5.99722242355, 5.6857213974, 4.32906579971, 3.22086119652, 1.99679911137, 1.14299321175, 0.593882858753, 0.275857925415, 0.0783219262958, 0.0107981180772, 0.000513535516802],
        "dvar": [0.732750654221, 54.0722808838, 165.298049927, 388.050201416, 623.528991699, 786.345336914, 597.145935059, 545.733337402, 697.59967041, 246.949127197, 617.460021973, 378.672912598, 333.952178955, 1117.74365234, 669.557800293, 524.097045898, 646.516174316, 361.320404053, 2830.23046875, 295.761505127, 210.51461792, 149.428924561, 173.632217407, 210.321899414, 306.491241455, 292.964752197, 275.988647461, 192.094146729, 152.203109741, 58.2189712524, 70.8510360718, 41.3787841797, 19.4470329285, 5.60263776779, 1.84222221375, 0.541995286942, 0.115174464881, 0.00946115422994, 0.000181311843335, 4.01602449074e-07],
        "dvar2": [2.12036466599, 136.945831299, 398.937133789, 1060.08898926, 1756.16381836, 2237.77929688, 1557.4173584, 1542.57531738, 1933.04919434, 646.653991699, 1557.71105957, 958.813781738, 857.262084961, 2619.70507812, 1597.88195801, 1322.91418457, 1654.50695801, 936.583129883, 6197.84423828, 804.608764648, 556.250366211, 395.17980957, 463.557525635, 509.651123047, 775.450195312, 775.335754395, 627.509277344, 390.066680908, 396.571777344, 133.794296265, 168.086593628, 89.5209121704, 46.2437858582, 14.2177095413, 4.8259396553, 1.37839221954, 0.309107095003, 0.0244404301047, 0.000464075099444, 1.02244348454e-06],
        "max": [8.04906463623, 59.0577735901, 176.097671509, 262.083282471, 309.417114258, 355.96194458, 502.358856201, 258.841918945, 324.343383789, 314.139953613, 648.230712891, 363.16003418, 613.605773926, 717.164245605, 415.645751953, 526.289367676, 548.05065918, 518.844360352, 1196.56225586, 257.780792236, 276.779083252, 215.08505249, 370.72442627, 313.125366211, 393.014068604, 302.638763428, 249.928955078, 224.069519043, 133.731033325, 114.442230225, 148.554870605, 88.3493804932, 94.1434631348, 41.0975723267, 17.3733596802, 9.06932830811, 3.1290678978, 0.950371444225, 0.119609072804, 0.0058726654388],
        "mean": [0.897023797035, 6.64891290665, 6.77203941345, 7.5672955513, 6.32585287094, 7.63664960861, 15.4781761169, 12.0668334961, 18.2182178497, 15.0376720428, 23.3320789337, 21.0555400848, 17.6321582794, 31.5495758057, 26.881439209, 26.4831428528, 28.1812877655, 21.8066501617, 38.581489563, 14.2851877213, 11.1274766922, 11.1164627075, 10.0785112381, 11.8697891235, 13.6794786453, 15.6420440674, 14.5567045212, 10.2150011063, 7.51582956314, 5.54381418228, 5.90518712997, 4.6866645813, 2.88866519928, 1.46228945255, 0.699258267879, 0.324279040098, 0.13168784976, 0.0366613641381, 0.00536096002907, 0.000317247700877],
        "median": [0.593323409557, 4.20278644562, 2.48835134506, 0.916395187378, 0.98267519474, 1.4834176302, 1.85966348648, 3.49400639534, 8.03690719604, 7.65660715103, 11.4992904663, 12.1881513596, 9.25859832764, 13.6940860748, 11.6541576385, 14.8074960709, 15.1865606308, 12.0023193359, 10.7716722488, 5.92721700668, 4.75189685822, 4.2630815506, 4.06869363785, 4.63057422638, 4.35660362244, 4.28311491013, 3.64441013336, 2.35816240311, 2.07052755356, 1.71602678299, 1.41429805756, 1.13574123383, 0.924266934395, 0.348839700222, 0.147241562605, 0.0522768422961, 0.0177822336555, 0.00384662486613, 0.000471716019092, 9.91490742308e-05],
        "min": [3.5785594289e-21, 4.50601145692e-21, 6.04592166218e-21, 1.29731873034e-20, 4.45677902395e-20, 1.93083600509e-19, 2.54093004522e-19, 4.24132232045e-19, 8.89903753849e-19, 6.09215367519e-19, 1.67173284515e-18, 1.05580423488e-18, 1.26313116175e-18, 1.41161793992e-18, 9.70699654156e-19, 4.72495781571e-18, 6.17936425775e-18, 4.35192045255e-18, 7.40412923173e-18, 6.24434508513e-18, 6.81012504359e-18, 1.38630499308e-17, 1.0848672257e-17, 9.74717208352e-18, 1.19071350503e-17, 1.63469103558e-17, 2.20840266349e-17, 1.72705054861e-17, 2.6801500534e-17, 2.16353589076e-17, 2.09484532377e-17, 1.98606677188e-17, 1.70271820372e-17, 1.35078999348e-17, 6.12099591219e-18, 4.41026977296e-18, 2.55793217402e-18, 1.18588314249e-18, 3.38326047069e-19, 3.46042866702e-20],
        "var": [0.977322041988, 71.4330291748, 186.573822021, 347.946868896, 392.98727417, 483.373840332, 979.875915527, 497.026885986, 776.015930176, 421.274688721, 1193.60876465, 811.492370605, 660.876525879, 2299.88305664, 1335.51672363, 1263.82946777, 1332.64233398, 879.037231445, 6415.77685547, 453.054290771, 314.765960693, 288.392974854, 271.617828369, 397.645629883, 587.041015625, 728.407775879, 703.933959961, 409.717559814, 183.955917358, 102.397735596, 136.953887939, 94.7819519043, 32.2282028198, 7.67047739029, 1.91189587116, 0.503982186317, 0.0869671776891, 0.00753180496395, 0.000155453992193, 3.69943393252e-07]
    },
    "gfcc": {
        "mean": [-7.82633066177, 81.8801116943, -98.0494537354, 23.8723278046, -45.8230476379, 22.889799118, -18.7786121368, 10.8601398468, -13.5771684647, 9.71094512939, -6.20219516754, -0.366621881723, -9.51435852051],
        "cov": [[11746.6552734, -1806.37805176, -254.752212524, 821.604003906, -732.042358398, 471.837799072, -188.184280396, 349.375183105, -166.532669067, 383.546905518, 185.614349365, 427.457183838, 229.844680786], [-1806.37805176, 3022.43359375, 135.358428955, -84.0820999146, 405.5965271, -176.191848755, 246.668426514, -9.52606105804, 228.276046753, -172.131790161, 106.964630127, -234.482086182, -27.2099246979], [-254.752212524, 135.358428955, 1397.51208496, 497.963684082, 395.117095947, 223.288467407, 206.705810547, 147.764724731, 56.5912437439, -4.00956487656, -25.196472168, 49.4389381409, -31.9743347168], [821.604003906, -84.0820999146, 497.963684082, 845.155822754, 240.856613159, 265.986968994, 158.418395996, 172.138534546, 60.3817329407, 20.9903507233, 79.301902771, 66.7175140381, 57.6401443481], [-732.042358398, 405.5965271, 395.117095947, 240.856613159, 489.089050293, 183.17678833, 185.235931396, 91.3062591553, 99.087562561, -10.7276134491, 41.1485786438, 1.47554755211, 2.56382608414], [471.837799072, -176.191848755, 223.288467407, 265.986968994, 183.17678833, 410.646148682, 187.870864868, 191.883102417, 88.5805053711, 89.7222137451, 124.839950562, 95.3908004761, 36.628490448], [-188.184280396, 246.668426514, 206.705810547, 158.418395996, 185.235931396, 187.870864868, 276.884002686, 173.787902832, 131.914245605, 58.7166824341, 99.0011367798, 21.9056911469, 11.7279882431], [349.375183105, -9.52606105804, 147.764724731, 172.138534546, 91.3062591553, 191.883102417, 173.787902832, 218.685302734, 113.764472961, 74.2714767456, 93.2140884399, 59.1129074097, 19.4401168823], [-166.532669067, 228.276046753, 56.5912437439, 60.3817329407, 99.087562561, 88.5805053711, 131.914245605, 113.764472961, 156.309005737, 68.1959915161, 74.2821121216, 3.78348326683, 14.5675296783], [383.546905518, -172.131790161, -4.00956487656, 20.9903507233, -10.7276134491, 89.7222137451, 58.7166824341, 74.2714767456, 68.1959915161, 142.074127197, 68.0923538208, 52.6181793213, 32.5095291138], [185.614349365, 106.964630127, -25.196472168, 79.301902771, 41.1485786438, 124.839950562, 99.0011367798, 93.2140884399, 74.2821121216, 68.0923538208, 145.629577637, 59.9295425415, 36.6543960571], [427.457183838, -234.482086182, 49.4389381409, 66.7175140381, 1.47554755211, 95.3908004761, 21.9056911469, 59.1129074097, 3.78348326683, 52.6181793213, 59.9295425415, 123.884651184, 44.4081573486], [229.844680786, -27.2099246979, -31.9743347168, 57.6401443481, 2.56382608414, 36.628490448, 11.7279882431, 19.4401168823, 14.5675296783, 32.5095291138, 36.6543960571, 44.4081573486, 79.3481445312]],
        "icov": [[0.000155291476403, -6.26656255918e-05, 4.96663451486e-05, -0.000198629248189, 0.000264752394287, -0.000152833919856, 0.00025878296583, -0.00039841857506, 0.000421950971941, -0.000455019209767, 0.000194622043637, -0.000203229225008, -5.28610289621e-05], [-6.26656255918e-05, 0.000793904066086, -0.00018208140682, 0.000301494961604, -0.00052203371888, 0.000706376740709, -0.000477443449199, 0.000465837103548, -0.00112626352347, 0.00152688764501, -0.001682250062, 0.00136789074168, -0.000598646234721], [4.96663451486e-05, -0.00018208140682, 0.00132794992533, -0.000680765660945, -0.000486728211399, -0.000146611229866, -0.000478725269204, -0.000218341432628, 0.000430422020145, -0.000657079333905, 0.00175731570926, -0.00137947697658, 0.00118143553846], [-0.000198629248189, 0.000301494961604, -0.000680765660945, 0.00233032600954, -0.00077194662299, -0.000206094657187, 2.32332422456e-05, -0.000650991743896, -0.000163669785252, 0.00154986884445, -0.00131641665939, 0.00136650179047, -0.00177384715062], [0.000264752394287, -0.00052203371888, -0.000486728211399, -0.00077194662299, 0.00471910880879, -0.00200468208641, -0.00117003463674, 0.00133816315793, -0.00124602287542, 0.000406448671129, 0.00162904686294, -0.00115615851246, -6.52000881018e-06], [-0.000152833919856, 0.000706376740709, -0.000146611229866, -0.000206094657187, -0.00200468208641, 0.00658808695152, -0.00144889275543, -0.00233136210591, 0.000995686161332, -8.0374047684e-05, -0.00328758498654, -4.45555451734e-05, -2.17537817662e-05], [0.00025878296583, -0.000477443449199, -0.000478725269204, 2.32332422456e-05, -0.00117003463674, -0.00144889275543, 0.0116247935221, -0.00631527369842, -0.00102972926106, -0.00121547863819, -0.00209561409429, 0.00206176191568, -8.62371889525e-05], [-0.00039841857506, 0.000465837103548, -0.000218341432628, -0.000650991743896, 0.00133816315793, -0.00233136210591, -0.00631527369842, 0.0168695636094, -0.00813887640834, 0.0019543194212, -0.00021124369232, -0.00382123701274, 0.00246181897819], [0.000421950971941, -0.00112626352347, 0.000430422020145, -0.000163669785252, -0.00124602287542, 0.000995686161332, -0.00102972926106, -0.00813887640834, 0.0198752004653, -0.00842014886439, -0.00161293696146, 0.00381442555226, -0.00117808335926], [-0.000455019209767, 0.00152688764501, -0.000657079333905, 0.00154986884445, 0.000406448671129, -8.0374047684e-05, -0.00121547863819, 0.0019543194212, -0.00842014886439, 0.0163773428649, -0.00451907422394, -0.000307677866658, -0.00272849318571], [0.000194622043637, -0.001682250062, 0.00175731570926, -0.00131641665939, 0.00162904686294, -0.00328758498654, -0.00209561409429, -0.00021124369232, -0.00161293696146, -0.00451907422394, 0.0190316438675, -0.00821057148278, 0.000301453750581], [-0.000203229225008, 0.00136789074168, -0.00137947697658, 0.00136650179047, -0.00115615851246, -4.45555451734e-05, 0.00206176191568, -0.00382123701274, 0.00381442555226, -0.000307677866658, -0.00821057148278, 0.0193210653961, -0.00739606888965], [-5.28610289621e-05, -0.000598646234721, 0.00118143553846, -0.00177384715062, -6.52000881018e-06, -2.17537817662e-05, -8.62371889525e-05, 0.00246181897819, -0.00117808335926, -0.00272849318571, 0.000301453750581, -0.00739606888965, 0.019069230184]]
    },
    "melbands": {
        "dmean": [0.00562043208629, 0.00353378430009, 0.00129497598391, 0.000648403714877, 0.000386272877222, 0.000240637891693, 0.000210854443139, 0.00010642351117, 0.000115828501293, 7.90680496721e-05, 5.43778114661e-05, 8.73598910403e-05, 4.57603673567e-05, 4.19454117946e-05, 3.41697195836e-05, 3.27390480379e-05, 2.19499033847e-05, 3.78639997507e-05, 1.83285974344e-05, 1.06281358967e-05, 8.72928467288e-06, 7.20167554391e-06, 5.58876445211e-06, 5.89159662923e-06, 5.63267985854e-06, 5.94558287048e-06, 6.15196677245e-06, 6.28827910987e-06, 5.12793440066e-06, 5.06984224558e-06, 3.78587446903e-06, 3.46691354025e-06, 2.8732008559e-06, 1.88094770692e-06, 2.22373341785e-06, 1.9709937078e-06, 1.74543038156e-06, 1.53338612563e-06, 1.1507538602e-06, 9.79566948445e-07],
        "dmean2": [0.00951749738306, 0.0053482092917, 0.00226123561151, 0.00119272235315, 0.000665018043946, 0.000429369974881, 0.000359911442501, 0.000173986511072, 0.000189041165868, 0.000131438704557, 9.081682947e-05, 0.000136991322506, 7.32569169486e-05, 6.6044034611e-05, 5.6755317928e-05, 5.31161022082e-05, 3.66562890122e-05, 5.90771051066e-05, 2.97153637803e-05, 1.83213396667e-05, 1.48238414113e-05, 1.20229260574e-05, 9.2755208243e-06, 1.00862062027e-05, 9.38743687584e-06, 9.78999014478e-06, 1.063761556e-05, 1.0647228919e-05, 8.50502601679e-06, 8.12221514934e-06, 6.13773909208e-06, 5.97262123847e-06, 4.84401743961e-06, 3.05147750623e-06, 3.62943751497e-06, 2.92482582154e-06, 2.84460475086e-06, 2.49558070209e-06, 1.91204344446e-06, 1.68111535004e-06],
        "dvar": [6.80769735482e-05, 3.58909419447e-05, 1.08626327346e-05, 4.22122502641e-06, 7.29185671844e-07, 2.68087376298e-07, 1.48461040794e-07, 2.84863848066e-08, 3.79454121457e-08, 1.49101211377e-08, 8.8276506105e-09, 2.16621920401e-08, 5.48386935861e-09, 4.20851220539e-09, 2.69102429229e-09, 2.66958988249e-09, 1.39893541196e-09, 6.53604059764e-09, 1.31753752353e-09, 6.86365464464e-10, 3.21345033916e-10, 2.24527535453e-10, 1.22075682896e-10, 1.87342419355e-10, 1.54541351938e-10, 1.79924103394e-10, 1.97752009212e-10, 1.58819013496e-10, 1.0217925811e-10, 1.27242869019e-10, 5.71912864289e-11, 5.23527159124e-11, 3.66958512188e-11, 1.67120969841e-11, 2.86588530685e-11, 1.9180993599e-11, 1.78074169993e-11, 1.29670371662e-11, 5.82523959625e-12, 3.83523421355e-12],
        "dvar2": [0.000185633747606, 7.76861052145e-05, 2.94571000268e-05, 1.18829666462e-05, 1.98989800992e-06, 7.55729558932e-07, 4.08535839824e-07, 7.42012318256e-08, 9.69810400875e-08, 3.82764717699e-08, 2.2558062085e-08, 5.08837558755e-08, 1.34060700319e-08, 1.00814521176e-08, 6.93623025683e-09, 6.44360875768e-09, 3.68791552852e-09, 1.42248346435e-08, 3.17319148735e-09, 1.89705051667e-09, 8.43058067801e-10, 6.05186178948e-10, 3.23767845867e-10, 5.07780817394e-10, 3.82798653886e-10, 4.41551795127e-10, 5.49697176666e-10, 4.24935087118e-10, 2.3867990917e-10, 2.66998534393e-10, 1.27785962367e-10, 1.39215111661e-10, 9.26677901081e-11, 3.91778866293e-11, 7.29943744338e-11, 3.63052053698e-11, 4.28501609195e-11, 3.14378557909e-11, 1.43818160506e-11, 9.9385430441e-12],
        "max": [0.0655090659857, 0.0769601017237, 0.0411990098655, 0.0265498943627, 0.0135527253151, 0.00525779742748, 0.00517001142725, 0.00373139535077, 0.0051779197529, 0.00238628988154, 0.00306797982194, 0.00314678577706, 0.00132226978894, 0.0019847387448, 0.0012896489352, 0.00165316194762, 0.000883919768967, 0.00180521071889, 0.000723912788089, 0.000472432846436, 0.000353184645064, 0.000283495319309, 0.00027597186272, 0.00030540471198, 0.000276190810837, 0.000323142157868, 0.000403104728321, 0.00019780297589, 0.000145690530189, 0.000179366907105, 0.000115664239274, 9.78653843049e-05, 8.08205586509e-05, 8.60096988617e-05, 9.01428720681e-05, 8.995715325e-05, 5.81425993005e-05, 7.34439236112e-05, 5.18821725564e-05, 3.1728475733e-05],
        "mean": [0.0086198495701, 0.00551803270355, 0.00124229944777, 0.000489610014483, 0.000484291726025, 0.000280516716884, 0.000272460310953, 0.000168405589648, 0.000184851553058, 0.000126326456666, 8.91966701602e-05, 0.000133693261887, 7.31563995942e-05, 7.9177574662e-05, 6.11124487477e-05, 5.38165295438e-05, 3.7988400436e-05, 6.03981716267e-05, 3.00192696159e-05, 1.47607570398e-05, 1.32692302941e-05, 1.23136615002e-05, 9.52418213274e-06, 9.16093540582e-06, 9.49249533733e-06, 1.00667602965e-05, 9.49380682869e-06, 1.10310174932e-05, 9.4773085948e-06, 7.73366264184e-06, 5.25332825418e-06, 4.17788851337e-06, 3.78027289116e-06, 2.81792949863e-06, 3.37025153385e-06, 3.44103500538e-06, 2.63876563622e-06, 2.2021379209e-06, 1.46594436501e-06, 1.15208501938e-06],
        "median": [0.00601409282535, 0.00309918704443, 0.000155030254973, 7.69261096139e-05, 6.59779034322e-05, 7.6046664617e-05, 0.000119574688142, 8.8384054834e-05, 9.39349411055e-05, 6.84181286488e-05, 4.50531515526e-05, 5.58622014069e-05, 2.97977621813e-05, 3.96737777919e-05, 3.25758301187e-05, 3.03215329041e-05, 1.89688980754e-05, 1.68032820511e-05, 1.04240380097e-05, 5.62517379876e-06, 5.04167292092e-06, 4.59104830952e-06, 3.38867198479e-06, 3.7169886582e-06, 3.44492968907e-06, 3.04546597363e-06, 2.86502040581e-06, 2.68580788543e-06, 2.3666875677e-06, 1.50695086631e-06, 1.27564908325e-06, 1.14899353321e-06, 1.04481432572e-06, 8.66358050189e-07, 7.81494293278e-07, 7.34562718208e-07, 6.68516236146e-07, 7.04012677488e-07, 4.07762769328e-07, 2.43783659926e-07],
        "min": [2.4465440236e-23, 3.57551205291e-24, 2.58072906636e-24, 7.95500195258e-24, 9.6555446728e-24, 1.03310667763e-23, 1.16241786162e-23, 9.89112851581e-24, 1.2294867369e-23, 6.03283507192e-24, 6.29861138279e-24, 5.9915934238e-24, 3.01333683691e-24, 6.82020029687e-24, 2.0881047187e-23, 7.20989995063e-24, 8.63479021588e-24, 1.22230471056e-23, 9.33679437999e-24, 9.0389544232e-24, 7.56308796625e-24, 1.41376054228e-23, 1.11601548545e-23, 1.05353170642e-23, 7.31229488499e-24, 7.52183764066e-24, 1.10177165518e-23, 9.98153591985e-24, 1.47378512633e-23, 1.05928045138e-23, 1.03635134142e-23, 1.47657627399e-23, 1.54636632495e-23, 1.03739255893e-23, 1.0186227181e-23, 1.52620966665e-23, 1.15155903349e-23, 1.24493870765e-23, 1.18606870042e-23, 1.13411077133e-23],
        "var": [9.26863576751e-05, 5.90460731473e-05, 9.28095960262e-06, 2.59599028141e-06, 9.12074426651e-07, 2.55110762737e-07, 1.71929769976e-07, 5.17025462443e-08, 7.23484419041e-08, 3.1166258907e-08, 1.7293144694e-08, 4.36299245621e-08, 1.03853752265e-08, 1.07098960811e-08, 6.36977270929e-09, 5.63617952309e-09, 3.06195135913e-09, 1.52107269002e-08, 2.72050804107e-09, 7.30572213836e-10, 4.95475216411e-10, 3.85206672116e-10, 2.30548913294e-10, 2.52712406557e-10, 2.70183708739e-10, 3.38684080781e-10, 3.03383790312e-10, 3.8750863629e-10, 2.80451134538e-10, 2.6930349617e-10, 1.04041573967e-10, 5.80184372767e-11, 4.91636800715e-11, 2.83621945374e-11, 4.54620577295e-11, 5.20479735699e-11, 3.22711822542e-11, 2.02365867119e-11, 8.25737221655e-12, 4.8548439574e-12]
    },
    "mfcc": {
        "mean": [-656.991149902, 119.15826416, 9.06344127655, 14.2462205887, 3.26374936104, 14.1755723953, 10.0855674744, 6.74714899063, 3.63465857506, 11.667547226, 6.17303466797, 7.43218994141, 3.25955152512],
        "cov": [[10949.1796875, -1765.96936035, -208.647827148, 259.198486328, -379.141571045, -19.4236431122, 72.9963226318, -54.1960830688, -61.1320533752, 24.5578536987, -150.027008057, 116.290649414, 122.092765808], [-1765.96936035, 2275.2734375, 117.190727234, -0.368584007025, 147.301574707, -35.2218666077, 8.10653209686, 65.2420349121, 27.5644741058, 74.4523086548, 118.401184082, 37.43019104, -26.4139060974], [-208.647827148, 117.190727234, 886.456542969, 389.468109131, 261.456176758, 157.142211914, 177.327713013, 178.133834839, 128.107849121, 19.8787708282, 80.6554107666, 58.6381454468, 1.75431513786], [259.198486328, -0.368584007025, 389.468109131, 578.238037109, 243.661956787, 150.919158936, 138.239059448, 142.288223267, 100.548484802, 44.9007568359, 39.5207328796, 49.6912651062, 13.7239236832], [-379.141571045, 147.301574707, 261.456176758, 243.661956787, 365.884094238, 182.987197876, 151.97744751, 156.24382019, 90.8976745605, 38.8541488647, 40.9076118469, 53.9663505554, 17.7109622955], [-19.4236431122, -35.2218666077, 157.142211914, 150.919158936, 182.987197876, 224.973373413, 159.765701294, 123.744132996, 80.1303787231, 65.753036499, 52.1315345764, 62.3196601868, 39.3071327209], [72.9963226318, 8.10653209686, 177.327713013, 138.239059448, 151.97744751, 159.765701294, 243.836898804, 179.900756836, 98.276222229, 78.2338943481, 80.3112258911, 102.194656372, 57.6887817383], [-54.1960830688, 65.2420349121, 178.133834839, 142.288223267, 156.24382019, 123.744132996, 179.900756836, 244.90045166, 103.394355774, 73.949760437, 78.9251708984, 111.39981842, 55.0419158936], [-61.1320533752, 27.5644741058, 128.107849121, 100.548484802, 90.8976745605, 80.1303787231, 98.276222229, 103.394355774, 138.458206177, 82.7994842529, 65.7356872559, 63.5768013, 31.902973175], [24.5578536987, 74.4523086548, 19.8787708282, 44.9007568359, 38.8541488647, 65.753036499, 78.2338943481, 73.949760437, 82.7994842529, 145.114074707, 82.1235733032, 77.3879928589, 38.1080207825], [-150.027008057, 118.401184082, 80.6554107666, 39.5207328796, 40.9076118469, 52.1315345764, 80.3112258911, 78.9251708984, 65.7356872559, 82.1235733032, 124.773223877, 79.1264648438, 41.4277153015], [116.290649414, 37.43019104, 58.6381454468, 49.6912651062, 53.9663505554, 62.3196601868, 102.194656372, 111.39981842, 63.5768013, 77.3879928589, 79.1264648438, 134.002502441, 63.1287002563], [122.092765808, -26.4139060974, 1.75431513786, 13.7239236832, 17.7109622955, 39.3071327209, 57.6887817383, 55.0419158936, 31.902973175, 38.1080207825, 41.4277153015, 63.1287002563, 81.0316848755]],
