{
"lowlevel": {
    "average_loudness": 0.753149032593,
    "barkbands_crest": {
        "dmean": 1.80494558811,
        "dmean2": 2.79976534843,
        "dvar": 4.82172012329,
        "dvar2": 11.1186141968,
        "max": 26.2138214111,
        "mean": 13.8832883835,
        "median": 13.1390972137,
        "min": 2.44182157516,
        "var": 32.0037956238
    },
    "barkbands_flatness_db": {
        "dmean": 0.0195962078869,
        "dmean2": 0.0271156542003,
        "dvar": 0.000541090790648,
        "dvar2": 0.00100970314816,
        "max": 0.623039960861,
        "mean": 0.222764581442,
        "median": 0.200330883265,
        "min": 0.0182216577232,
        "var": 0.0114045394585
    },
    "barkbands_kurtosis": {
        "dmean": 4.68538618088,
        "dmean2": 6.91131305695,
        "dvar": 166.37828064,
        "dvar2": 339.734344482,
        "max": 722.242736816,
        "mean": 17.08045578,
        "median": 4.85157966614,
        "min": -1.92620658875,
        "var": 1338.01477051
    },
    "barkbands_skewness": {
        "dmean": 0.492974668741,
        "dmean2": 0.719552636147,
        "dvar": 0.437410414219,
        "dvar2": 0.897240757942,
        "max": 22.7769680023,
        "mean": 2.60835027695,
        "median": 1.99937558174,
        "min": -2.64567923546,
        "var": 5.67141342163
    },
    "barkbands_spread": {
        "dmean": 2.96948027611,
        "dmean2": 4.30916690826,
        "dvar": 38.6636695862,
        "dvar2": 65.5328063965,
        "max": 114.495620728,
        "mean": 12.2700281143,
        "median": 9.38872337341,
        "min": 0.151349231601,
        "var": 165.489257812
    },
    "dissonance": {
        "dmean": 0.025169743225,
        "dmean2": 0.0418663844466,
        "dvar": 0.000675635354128,
        "dvar2": 0.00176419178024,
        "max": 0.499999880791,
        "mean": 0.430948376656,
        "median": 0.443888425827,
        "min": 0.152865365148,
        "var": 0.00259276921861
    },
    "dynamic_complexity": 4.34788274765,
    "erbbands_crest": {
        "dmean": 2.0697414875,
        "dmean2": 3.1623814106,
        "dvar": 5.11887788773,
        "dvar2": 11.4292554855,
        "max": 31.7257175446,
        "mean": 10.7296352386,
        "median": 9.37416553497,
        "min": 2.22794175148,
        "var": 27.2961902618
    },
    "erbbands_flatness_db": {
        "dmean": 0.0167478881776,
        "dmean2": 0.0226140003651,
        "dvar": 0.000382813595934,
        "dvar2": 0.000709344807547,
        "max": 0.409268736839,
        "mean": 0.18959403038,
        "median": 0.186005294323,
        "min": 0.0405981317163,
        "var": 0.00381037662737
    },
    "erbbands_kurtosis": {
        "dmean": 1.08934748173,
        "dmean2": 1.62431645393,
        "dvar": 4.4377245903,
        "dvar2": 9.79600906372,
        "max": 105.117797852,
        "mean": 1.52371621132,
        "median": 0.0976356267929,
        "min": -1.87999510765,
        "var": 22.5380020142
    },
    "erbbands_skewness": {
        "dmean": 0.314866662025,
        "dmean2": 0.460687339306,
        "dvar": 0.122207067907,
        "dvar2": 0.24805419147,
        "max": 8.88017749786,
        "mean": 0.533592224121,
        "median": 0.399528324604,
        "min": -3.14221358299,
        "var": 1.05481755733
    },
    "erbbands_spread": {
        "dmean": 5.54484891891,
        "dmean2": 8.18166923523,
        "dvar": 75.0148391724,
        "dvar2": 153.457351685,
        "max": 182.769851685,
        "mean": 31.220905304,
        "median": 29.715587616,
        "min": 1.77851092815,
        "var": 339.981658936
    },
    "hfc": {
        "dmean": 3.08221054077,
        "dmean2": 4.20262241364,
        "dvar": 46.4038124084,
        "dvar2": 78.2220230103,
        "max": 166.0337677,
        "mean": 12.8594884872,
        "median": 6.99041843414,
        "min": 1.16975025023e-16,
        "var": 289.833404541
    },
    "melbands_crest": {
        "dmean": 2.07583284378,
        "dmean2": 3.26738071442,
        "dvar": 6.15313768387,
        "dvar2": 14.7848920822,
        "max": 33.7553062439,
        "mean": 17.3561916351,
        "median": 16.8458709717,
        "min": 2.07095074654,
        "var": 39.4875946045
    },
    "melbands_flatness_db": {
        "dmean": 0.0213630981743,
        "dmean2": 0.0294654015452,
        "dvar": 0.000716591894161,
        "dvar2": 0.00133089511655,
        "max": 0.758104205132,
        "mean": 0.310972929001,
        "median": 0.28752848506,
        "min": 0.00630709109828,
        "var": 0.0151742463931
    },
    "melbands_kurtosis": {
        "dmean": 7.37817811966,
        "dmean2": 11.1379461288,
        "dvar": 212.876174927,
        "dvar2": 477.434783936,
        "max": 506.315765381,
        "mean": 28.7448883057,
        "median": 11.9520559311,
        "min": -1.71875107288,
        "var": 1873.43884277
    },
    "melbands_skewness": {
        "dmean": 0.594396591187,
        "dmean2": 0.877746224403,
        "dvar": 0.601294279099,
        "dvar2": 1.28406012058,
        "max": 15.8196258545,
        "mean": 3.41962623596,
        "median": 2.89091968536,
        "min": -1.84766197205,
        "var": 6.18053293228
    },
    "melbands_spread": {
        "dmean": 3.0194375515,
        "dmean2": 4.43736171722,
        "dvar": 42.1660842896,
        "dvar2": 81.4804916382,
        "max": 195.127334595,
        "mean": 12.237030983,
        "median": 9.72811126709,
        "min": 0.210898920894,
        "var": 177.91619873
    },
    "pitch_salience": {
        "dmean": 0.0526385679841,
        "dmean2": 0.0826892182231,
        "dvar": 0.00363999675028,
        "dvar2": 0.00859791226685,
        "max": 0.938400387764,
        "mean": 0.44515016675,
        "median": 0.465795457363,
        "min": 0.0386590883136,
        "var": 0.0284401513636
    },
    "silence_rate_20dB": {
        "dmean": 0,
        "dmean2": 0,
        "dvar": 0,
        "dvar2": 0,
        "max": 1,
        "mean": 1,
        "median": 1,
        "min": 1,
        "var": 0
    },
    "silence_rate_30dB": {
        "dmean": 0.00279305223376,
        "dmean2": 0.00558659201488,
        "dvar": 0.00278512295336,
        "dvar2": 0.00660235993564,
        "max": 1,
        "mean": 0.995287120342,
        "median": 1,
        "min": 0,
        "var": 0.00469112629071
    },
    "silence_rate_60dB": {
        "dmean": 0.0139652611688,
        "dmean2": 0.0279329605401,
        "dvar": 0.0137713318691,
        "dvar2": 0.029947521165,
        "max": 1,
        "mean": 0.0610926859081,
        "median": 0,
        "min": 0,
        "var": 0.0573596172035
    },
    "spectral_centroid": {
        "dmean": 123.061439514,
        "dmean2": 181.263504028,
        "dvar": 54735.7070312,
        "dvar2": 93134.34375,
        "max": 11095.6884766,
        "mean": 741.501464844,
        "median": 636.615234375,
        "min": 99.3699645996,
        "var": 268315.0625
    },
    "spectral_complexity": {
        "dmean": 1.78633153439,
        "dmean2": 2.85038399696,
        "dvar": 5.70064735413,
        "dvar2": 12.5664405823,
        "max": 47,
        "mean": 12.0274915695,
        "median": 12,
        "min": 0,
        "var": 47.2133560181
    },
    "spectral_decrease": {
        "dmean": 1.25916144178e-09,
        "dmean2": 1.87380111427e-09,
        "dvar": 4.0020077506e-18,
        "dvar2": 8.61126533249e-18,
        "max": 5.34043002908e-19,
        "mean": -6.6075811489e-09,
        "median": -5.37715294513e-09,
        "min": -3.91051386828e-08,
        "var": 2.52847474213e-17
    },
    "spectral_energy": {
        "dmean": 0.00495363911614,
        "dmean2": 0.00734317721799,
        "dvar": 6.11536597717e-05,
        "dvar2": 0.000130767803057,
        "max": 0.154968380928,
        "mean": 0.0261049736291,
        "median": 0.021133011207,
        "min": 1.06169835234e-20,
        "var": 0.000401716737542
    },
    "spectral_energyband_high": {
        "dmean": 0.000141680648085,
        "dmean2": 0.00018836093659,
        "dvar": 4.204216566e-07,
        "dvar2": 6.2901989395e-07,
        "max": 0.0188822895288,
        "mean": 0.000301918393234,
        "median": 3.82200523745e-05,
        "min": 7.5362761555e-21,
        "var": 1.4357596001e-06
    },
    "spectral_energyband_low": {
        "dmean": 0.00233375676908,
        "dmean2": 0.00370550598018,
        "dvar": 2.76947066595e-05,
        "dvar2": 7.05427373759e-05,
        "max": 0.0699871182442,
        "mean": 0.0110305035487,
        "median": 0.00909178890288,
        "min": 8.60610896886e-23,
        "var": 8.84017790668e-05
    },
    "spectral_energyband_middle_high": {
        "dmean": 0.00108428252861,
        "dmean2": 0.00151567731518,
        "dvar": 8.85765712155e-06,
        "dvar2": 1.76383473445e-05,
        "max": 0.100704655051,
        "mean": 0.00381632032804,
        "median": 0.00149070448242,
        "min": 1.65914083867e-21,
        "var": 6.2676750531e-05
    },
    "spectral_energyband_middle_low": {
        "dmean": 0.00330609502271,
        "dmean2": 0.00484361965209,
        "dvar": 3.40523474733e-05,
        "dvar2": 6.90310625941e-05,
        "max": 0.147079125047,
        "mean": 0.0116616729647,
        "median": 0.00678853690624,
        "min": 3.03669771411e-22,
        "var": 0.000204294963623
    },
    "spectral_entropy": {
        "dmean": 0.171036422253,
        "dmean2": 0.23707164824,
        "dvar": 0.046287804842,
        "dvar2": 0.0850411504507,
        "max": 9.8072719574,
        "mean": 6.85310268402,
        "median": 6.93750762939,
        "min": 3.84282231331,
        "var": 0.658733189106
    },
    "spectral_flux": {
        "dmean": 0.0168304238468,
        "dmean2": 0.0258362069726,
        "dvar": 0.00048288833932,
        "dvar2": 0.00103448762093,
        "max": 0.32973882556,
        "mean": 0.0497196055949,
        "median": 0.0410026758909,
        "min": 1.03038751142e-10,
        "var": 0.00156846735626
    },
    "spectral_kurtosis": {
        "dmean": 4.45017290115,
        "dmean2": 7.40028905869,
        "dvar": 47.0833053589,
        "dvar2": 126.932762146,
        "max": 191.803207397,
        "mean": 13.656908989,
        "median": 8.86857128143,
        "min": -1.17970609665,
        "var": 225.627502441
    },
    "spectral_rms": {
        "dmean": 0.000460716808448,
        "dmean2": 0.000669681641739,
        "dvar": 4.18011211423e-07,
        "dvar2": 8.60218847265e-07,
        "max": 0.0122958803549,
        "mean": 0.00466856500134,
        "median": 0.0045406576246,
        "min": 3.21838974741e-12,
        "var": 3.67274469681e-06
    },
    "spectral_rolloff": {
        "dmean": 221.921142578,
        "dmean2": 363.66519165,
        "dvar": 589616.75,
        "dvar2": 1137531.125,
        "max": 19681.3476562,
        "mean": 809.978027344,
        "median": 516.796875,
        "min": 64.599609375,
        "var": 2033908.75
    },
    "spectral_skewness": {
        "dmean": 0.38625651598,
        "dmean2": 0.61915576458,
        "dvar": 0.212628856301,
        "dvar2": 0.549644351006,
        "max": 10.9573497772,
        "mean": 2.58841586113,
        "median": 2.33943128586,
        "min": -0.00638329656795,
        "var": 1.470687747
    },
    "spectral_spread": {
        "dmean": 504543.65625,
        "dmean2": 698609.9375,
        "dvar": 666174488576,
        "dvar2": 1.02780515123e+12,
        "max": 39409220,
        "mean": 3620515,
        "median": 3331728,
        "min": 559180.625,
        "var": 3.64015806054e+12
    },
    "spectral_strongpeak": {
        "dmean": 0.303385466337,
        "dmean2": 0.490439683199,
        "dvar": 0.44667032361,
        "dvar2": 0.958155691624,
        "max": 13.0534286499,
        "mean": 0.951478898525,
        "median": 0.456900507212,
        "min": 0,
        "var": 1.94683659077
    },
    "zerocrossingrate": {
        "dmean": 0.00619759596884,
        "dmean2": 0.00691917911172,
        "dvar": 0.000151607222506,
        "dvar2": 0.000135572481668,
        "max": 0.52392578125,
        "mean": 0.0333261117339,
        "median": 0.02685546875,
        "min": 0.00244140625,
        "var": 0.00139074609615
    },
    "barkbands": {
        "dmean": [3.35428667313e-05, 0.00174312607851, 0.000781020149589, 0.000554148806259, 0.00139008252881, 0.000518614368048, 0.000959811033681, 0.00107897957787, 0.000511938298587, 0.000464874727186, 0.000361556158168, 0.000331319577526, 0.000153478002176, 0.000137904222356, 0.00013526143448, 7.24844430806e-05, 5.4699186876e-05, 3.85950843338e-05, 2.59609059867e-05, 1.9408242224e-05, 2.28884255193e-05, 2.88582832582e-05, 3.08852431772e-05, 2.91248034046e-05, 3.27823145199e-05, 1.41818882184e-05, 3.33096204486e-06],
        "dmean2": [5.55884907953e-05, 0.00276612513699, 0.00129399483558, 0.000923733867239, 0.00224786065519, 0.000818574335426, 0.00134471408091, 0.00155071204063, 0.000717100629117, 0.000670420180541, 0.000503921473864, 0.000475540175103, 0.000229303419474, 0.000211382837733, 0.000208023833693, 0.000115386945254, 8.65989131853e-05, 6.14137316006e-05, 4.15408721892e-05, 3.0895058444e-05, 3.45118969562e-05, 4.1850413254e-05, 4.5209977543e-05, 3.99663476855e-05, 4.22256853199e-05, 1.95248831005e-05, 5.23668768437e-06],
        "dvar": [9.98659999141e-09, 1.83465854207e-05, 3.69068925465e-06, 1.30154353428e-06, 6.1263040152e-06, 1.59064688887e-06, 1.03169368231e-05, 1.50969781316e-05, 3.06565743813e-06, 3.69835220226e-06, 3.0928013075e-06, 2.45792944042e-06, 2.18293322973e-07, 1.3316582681e-07, 2.78569075363e-07, 3.4147202399e-08, 1.42654430491e-08, 1.2507929803e-08, 9.60429069607e-09, 3.97496391358e-09, 5.73907810164e-09, 1.77065331286e-08, 2.89865234038e-08, 2.93023187936e-08, 4.1758678293e-08, 6.14260198262e-09, 2.64558736029e-10],
        "dvar2": [2.58155239408e-08, 4.64508048026e-05, 9.81632365438e-06, 3.41836516782e-06, 1.629862345e-05, 3.60909893971e-06, 1.87182158697e-05, 2.99389539578e-05, 5.71772761759e-06, 7.3573814916e-06, 5.96300787947e-06, 5.16271529705e-06, 4.85586838295e-07, 2.82362321968e-07, 7.30424517315e-07, 8.17764060912e-08, 3.49579458714e-08, 2.60825228082e-08, 2.13646327296e-08, 9.29478094491e-09, 1.15872760276e-08, 3.52983668961e-08, 5.91607900446e-08, 4.82268767144e-08, 6.08980457173e-08, 1.10397486708e-08, 6.58945675802e-10],
        "max": [0.00203396240249, 0.0644685477018, 0.0408127307892, 0.0211324691772, 0.0477016568184, 0.0403229147196, 0.125476419926, 0.118621319532, 0.0685415044427, 0.0753517448902, 0.0777976214886, 0.0897672325373, 0.0245144311339, 0.0133715886623, 0.0425165370107, 0.007334058173, 0.00234498968348, 0.00678069610149, 0.00422526616603, 0.00235896511003, 0.00232787779532, 0.00535202585161, 0.00657025398687, 0.00637839967385, 0.00716873351485, 0.00296683399938, 0.000525747833308],
        "mean": [7.57082816563e-05, 0.00779057806358, 0.00251858890988, 0.00134329602588, 0.00312757538632, 0.00122647965327, 0.00225025066175, 0.00233929371461, 0.00125753774773, 0.000994965899736, 0.000795568048488, 0.000721465796232, 0.000315932091326, 0.00029169433401, 0.000330501614371, 0.000153545828653, 0.000121345103253, 7.89514524513e-05, 5.08319535584e-05, 3.77558462787e-05, 4.31339576608e-05, 4.93291227031e-05, 5.41249974049e-05, 5.24882088939e-05, 5.69896110392e-05, 2.31802423514e-05, 3.78791969524e-06],
        "median": [3.18589491144e-06, 0.00497028417885, 0.0011372838635, 0.000497515196912, 0.00179926061537, 0.000533356680535, 0.000335474323947, 0.000206520096981, 0.000186761215446, 0.000141608892591, 7.24257697584e-05, 9.27557121031e-05, 0.00010753832612, 0.000121230361401, 0.000101470366644, 5.1901974075e-05, 4.39167306467e-05, 2.48410215136e-05, 1.39497715281e-05, 9.6718667919e-06, 7.30085275791e-06, 6.19123738943e-06, 5.3130725064e-06, 4.23938672611e-06, 2.69704105449e-06, 1.31196156872e-06, 1.77396657364e-07],
        "min": [1.13447954802e-22, 3.19586327595e-23, 5.20196180147e-24, 4.3339308158e-23, 1.40450726697e-22, 4.66625866697e-23, 1.178018296e-23, 1.5427902607e-23, 3.87254879153e-23, 1.00548065829e-22, 5.54873085591e-23, 6.03378564931e-23, 4.68777058831e-23, 8.76756986349e-23, 1.55293138318e-22, 1.40706872988e-22, 3.83331419488e-22, 1.13684663561e-22, 2.7007853421e-22, 4.500071044e-22, 3.35935419368e-22, 4.16303028536e-22, 5.95069410975e-22, 7.58859957016e-22, 1.30280492093e-21, 1.75047028227e-21, 2.52289400204e-21],
        "var": [2.62604693546e-08, 7.25675272406e-05, 1.33774856295e-05, 5.85582483836e-06, 1.5824491129e-05, 5.4267447922e-06, 4.69428159704e-05, 6.34858151898e-05, 1.3475491869e-05, 1.41718064697e-05, 1.53837827384e-05, 1.15679195005e-05, 6.29535918506e-07, 3.4277510963e-07, 9.53757080424e-07, 8.76692141105e-08, 4.10966833897e-08, 2.81824821258e-08, 1.79343029316e-08, 7.86744536185e-09, 1.44711673755e-08, 3.90075776124e-08, 6.85059760031e-08, 8.11454938798e-08, 1.2534475502e-07, 1.50427439394e-08, 3.04213459978e-10]
    },
    "erbbands": {
        "dmean": [0.0401641912758, 0.433243155479, 0.912356555462, 1.24698376656, 3.29348254204, 5.23397731781, 5.48593235016, 4.02812957764, 8.85296344757, 21.0177097321, 19.4709396362, 10.7526140213, 12.5399274826, 14.7643966675, 15.5052223206, 9.89760875702, 6.79291582108, 7.0129737854, 7.98327159882, 4.74505853653, 3.63996553421, 2.942091465, 2.2925825119, 1.24328446388, 1.33564245701, 0.885897576809, 0.861833751202, 0.977997124195, 1.06307220459, 0.883710920811, 0.898504734039, 0.752334415913, 0.410414785147, 0.371276587248, 0.238998964429, 0.0808958634734, 0.0221812147647, 0.00535762077197, 0.000551569100935, 2.86675458483e-05],
        "dmean2": [0.0645513758063, 0.687116384506, 1.4903652668, 2.06645894051, 5.38184118271, 8.51154899597, 8.70453929901, 6.30874729156, 12.8077402115, 29.6714115143, 27.6053218842, 15.0383291245, 17.8523921967, 21.0297012329, 21.7279853821, 14.2765235901, 10.0641965866, 10.7002563477, 12.2238988876, 7.24822425842, 5.80370664597, 4.64127826691, 3.63584065437, 1.9371509552, 2.15874910355, 1.40739381313, 1.34547126293, 1.44314575195, 1.55602550507, 1.31824398041, 1.32486093044, 1.0656632185, 0.552936732769, 0.486170709133, 0.316018521786, 0.111048728228, 0.0312009230256, 0.00799560453743, 0.000865889014676, 4.44080033049e-05],
        "dvar": [0.0125011298805, 1.0710837841, 4.52268123627, 6.98532629013, 49.0823860168, 106.186065674, 151.871734619, 120.387687683, 954.286804199, 5444.11865234, 5669.34130859, 1471.640625, 1910.91333008, 3971.58422852, 3924.95800781, 1715.55053711, 382.223846436, 434.874237061, 1033.57580566, 138.372802734, 96.3439483643, 42.3857307434, 45.1917266846, 17.7868785858, 23.2071933746, 8.54848384857, 6.32031393051, 16.3428153992, 24.5899810791, 19.688993454, 26.7975749969, 19.8296928406, 5.57065343857, 5.09760570526, 2.47479939461, 0.233972936869, 0.0155854476616, 0.000627309491392, 7.30996316634e-06, 1.45260070639e-08],
        "dvar2": [0.0321500003338, 2.69291090965, 11.9604558945, 18.5376644135, 131.16204834, 288.971160889, 372.778594971, 257.376983643, 1695.47973633, 10198.1582031, 11695.3701172, 2727.35083008, 3676.90966797, 8058.47558594, 7893.02099609, 3730.07739258, 894.902954102, 900.468322754, 2813.37719727, 313.277008057, 227.405151367, 101.263412476, 94.3897171021, 36.2204208374, 53.0535583496, 20.0411624908, 13.8743591309, 31.004119873, 49.6761703491, 42.1764183044, 55.5477867126, 35.6627120972, 8.78592681885, 8.40636634827, 3.84250402451, 0.388412892818, 0.0308184176683, 0.0013989477884, 1.83695628948e-05, 3.74781663481e-08],
        "max": [2.24994206429, 15.1409406662, 48.0392494202, 59.970123291, 131.18510437, 248.34197998, 303.478118896, 366.271331787, 1099.80883789, 3016.83178711, 2470.27661133, 1886.90637207, 1697.83862305, 3353.10009766, 2277.13525391, 2021.08996582, 761.26953125, 970.754821777, 2523.22045898, 484.892608643, 495.476257324, 163.008346558, 425.174224854, 251.904800415, 192.301818848, 100.412399292, 104.568717957, 143.476074219, 188.353225708, 217.110961914, 184.965576172, 164.168151855, 85.351234436, 68.0809326172, 59.5433082581, 18.2103939056, 5.82148504257, 0.818147540092, 0.0794057101011, 0.00442515034229],
        "mean": [0.154018998146, 1.95668399334, 3.60690498352, 3.56023025513, 6.52469968796, 11.1329813004, 13.0403404236, 9.8457736969, 20.3153133392, 51.8167762756, 43.5361747742, 27.0616359711, 29.5616512299, 34.2281684875, 36.3960342407, 22.2423381805, 15.6968641281, 15.4904232025, 19.905292511, 11.5413599014, 7.86393165588, 6.79847955704, 4.99098014832, 2.68416547775, 2.62407112122, 1.76385140419, 1.79049503803, 1.73217284679, 1.81762731075, 1.48977971077, 1.5609151125, 1.31792986393, 0.746625244617, 0.619398832321, 0.405024349689, 0.136663869023, 0.0353942997754, 0.00695377029479, 0.000645399151836, 5.86212408962e-05],
        "median": [0.0701171457767, 1.22554063797, 2.33003044128, 1.84022331238, 3.2653491497, 5.52563285828, 5.99981498718, 4.09251737595, 4.3617477417, 6.54010391235, 5.57115840912, 5.32591056824, 4.23342895508, 6.44776391983, 4.68901872635, 4.43314266205, 5.74196338654, 6.70772409439, 7.2629327774, 3.96414995193, 2.92617273331, 2.63987326622, 1.78826582432, 0.879293859005, 0.731249988079, 0.456859976053, 0.345284104347, 0.2500192523, 0.22613093257, 0.174169108272, 0.148169800639, 0.100767567754, 0.0636837407947, 0.0317995250225, 0.0178267527372, 0.00736747868359, 0.00194352772087, 0.000341631646734, 4.55900917586e-05, 3.0678245821e-05],
        "min": [2.19485892998e-21, 3.46158163078e-21, 5.93307936323e-21, 6.40463847068e-20, 4.84657580303e-19, 3.3390711899e-19, 5.18039229404e-19, 1.82182613732e-19, 1.51284509796e-19, 1.62085963482e-19, 5.89182345553e-19, 8.92862785695e-19, 1.41258842957e-18, 4.62336101133e-18, 1.64549219458e-18, 2.52929083852e-18, 2.32415418251e-18, 5.01331835392e-18, 4.89474697619e-18, 7.70454551378e-18, 1.02764096841e-17, 1.91288974268e-17, 1.03412507179e-17, 1.06902861948e-17, 1.95142213172e-17, 1.87189698763e-17, 1.44580450814e-17, 1.36811322346e-17, 1.10741459755e-17, 1.62844168605e-17, 1.9521924023e-17, 1.23978169353e-17, 1.45711686476e-17, 1.31757521773e-17, 9.34784402537e-18, 5.98764157615e-18, 4.03376652304e-18, 1.22613178654e-18, 3.06070009836e-19, 3.66591422523e-20],
        "var": [0.039523538202, 4.67987298965, 16.6583995819, 26.897026062, 89.5655517578, 260.326965332, 524.242736816, 440.344482422, 3992.86987305, 26210.5273438, 20141.0839844, 6255.921875, 6652.43212891, 16358.6259766, 18775.3554688, 6592.15771484, 1227.3840332, 1220.09814453, 3369.87402344, 477.490692139, 225.586837769, 129.882141113, 103.062774658, 39.4624938965, 41.4511299133, 18.2283153534, 19.1544628143, 39.4691810608, 53.380241394, 44.4574699402, 59.8257865906, 49.6003952026, 16.3451061249, 14.0406074524, 6.94182825089, 0.619530022144, 0.0339772067964, 0.00103885203134, 8.24717608339e-06, 1.60815840644e-08]
    },
    "gfcc": {
        "mean": [-69.4230651855, 131.3230896, -96.8854217529, 15.8919010162, -39.2784805298, 14.3551492691, -33.5502433777, 1.61456739902, -16.1284008026, -1.407304883, -13.3879289627, -3.51722311974, -9.57770061493],
        "cov": [[14628.203125, -2725.32226562, -1363.72460938, -122.752609253, -1869.80322266, 45.0816078186, -705.789123535, 541.943237305, -303.498352051, 380.546173096, -486.464202881, 370.042388916, -196.384552002], [-2725.32226562, 2043.52331543, 110.184242249, -131.510482788, 733.539245605, -30.02825737, 325.658660889, -82.2426986694, 260.955169678, -155.685089111, 283.00213623, -143.375137329, 112.663864136], [-1363.72460938, 110.184242249, 879.549194336, 243.279983521, 285.146728516, 182.529724121, 180.711593628, 6.94578695297, 69.2983856201, 71.9527359009, 74.2064056396, 34.2559204102, 33.9059562683], [-122.752609253, -131.510482788, 243.279983521, 569.65625, 194.169616699, 75.0801925659, 60.2088890076, -10.9236707687, 55.5951004028, 83.5827789307, 18.0735111237, 25.0081634521, 71.1283187866], [-1869.80322266, 733.539245605, 285.146728516, 194.169616699, 802.977478027, 113.108863831, 213.925628662, -45.8994789124, 151.162216187, 17.389957428, 137.294815063, -40.911655426, 77.6736679077], [45.0816078186, -30.02825737, 182.529724121, 75.0801925659, 113.108863831, 263.731994629, 131.072113037, 47.4268188477, 27.0903358459, 47.9819374084, 36.2263641357, 19.9858951569, 9.95339012146], [-705.789123535, 325.658660889, 180.711593628, 60.2088890076, 213.925628662, 131.072113037, 285.021697998, 40.9203987122, 58.9279747009, 6.38996505737, 87.0476531982, -1.28896450996, 36.875377655], [541.943237305, -82.2426986694, 6.94578695297, -10.9236707687, -45.8994789124, 47.4268188477, 40.9203987122, 170.735778809, 43.724773407, 41.3675117493, 9.86386966705, 38.3863143921, 1.45419681072], [-303.498352051, 260.955169678, 69.2983856201, 55.5951004028, 151.162216187, 27.0903358459, 58.9279747009, 43.724773407, 194.472747803, 51.4293785095, 60.1790390015, -4.10308837891, 37.412021637], [380.546173096, -155.685089111, 71.9527359009, 83.5827789307, 17.389957428, 47.9819374084, 6.38996505737, 41.3675117493, 51.4293785095, 156.060409546, 22.0614299774, 28.805267334, 16.3025379181], [-486.464202881, 283.00213623, 74.2064056396, 18.0735111237, 137.294815063, 36.2263641357, 87.0476531982, 9.86386966705, 60.1790390015, 22.0614299774, 134.868927002, 8.62784481049, 26.0431632996], [370.042388916, -143.375137329, 34.2559204102, 25.0081634521, -40.911655426, 19.9858951569, -1.28896450996, 38.3863143921, -4.10308837891, 28.805267334, 8.62784481049, 101.728507996, 30.6560230255], [-196.384552002, 112.663864136, 33.9059562683, 71.1283187866, 77.6736679077, 9.95339012146, 36.875377655, 1.45419681072, 37.412021637, 16.3025379181, 26.0431632996, 30.6560230255, 105.404273987]],
        "icov": [[0.000178536021849, -9.93742796709e-05, 0.000264104746748, -0.000152463806444, 0.000272258592304, -0.00030259945197, 0.000227342825383, -0.000365734333172, 0.000136870425195, -0.000461101153633, 0.000404428050388, -0.00051452149637, 0.000282697816147], [-9.93742796709e-05, 0.00194235588424, -0.000148860417539, 0.000858114624862, -0.00106254359707, 0.000984359416179, -0.00104334577918, 0.000563075125683, -0.00151835463475, 0.00212723831646, -0.00252887420356, 0.0021012078505, -0.00152155547403], [0.000264104746748, -0.000148860417539, 0.00200394587591, -0.000666103849653, 0.000134406029247, -0.00102476985194, -0.000203648960451, -0.000184417469427, 0.000103679936728, -0.00095076917205, 0.000558748317417, -0.00140708149411, 0.000909008551389], [-0.000152463806444, 0.000858114624862, -0.000666103849653, 0.00282044359483, -0.000979094882496, 0.000443422992248, -0.000530061719473, 0.000809426303022, -0.000734535104129, 0.000135814989335, -0.00058535579592, 0.00107561948244, -0.00196487735957], [0.000272258592304, -0.00106254359707, 0.000134406029247, -0.000979094882496, 0.00307388440706, -0.00114104093518, 4.45877230959e-06, 0.00015938958677, -0.000153810455231, -0.00124824082013, 0.000675305142067, -0.000719519215636, 0.000389333086787], [-0.00030259945197, 0.000984359416179, -0.00102476985194, 0.000443422992248, -0.00114104093518, 0.00662343529984, -0.00302560906857, -7.69261314417e-05, -0.000274694000836, 0.000291490112431, -0.0012549450621, 0.00104329758324, -0.000251526536886], [0.000227342825383, -0.00104334577918, -0.000203648960451, -0.000530061719473, 4.45877230959e-06, -0.00302560906857, 0.00733188679442, -0.00228960230015, 0.00106856343336, -0.000111771769298, -0.000939529854804, -0.000290269934339, -0.000334470591042], [-0.000365734333172, 0.000563075125683, -0.000184417469427, 0.000809426303022, 0.00015938958677, -7.69261314417e-05, -0.00228960230015, 0.00907941162586, -0.00293082860298, 9.17147262953e-05, -0.000520580855664, -0.00161530717742, 0.000419892225182], [0.000136870425195, -0.00151835463475, 0.000103679936728, -0.000734535104129, -0.000153810455231, -0.000274694000836, 0.00106856343336, -0.00293082860298, 0.00911310594529, -0.00366021716036, 0.000113297981443, 0.000196875960683, -0.000607581285294], [-0.000461101153633, 0.00212723831646, -0.00095076917205, 0.000135814989335, -0.00124824082013, 0.000291490112431, -0.000111771769298, 9.17147262953e-05, -0.00366021716036, 0.0117383562028, -0.00439135869965, 0.00185865373351, -0.00196045311168], [0.000404428050388, -0.00252887420356, 0.000558748317417, -0.00058535579592, 0.000675305142067, -0.0012549450621, -0.000939529854804, -0.000520580855664, 0.000113297981443, -0.00439135869965, 0.0148355634883, -0.00500739412382, 0.0020583611913], [-0.00051452149637, 0.0021012078505, -0.00140708149411, 0.00107561948244, -0.000719519215636, 0.00104329758324, -0.000290269934339, -0.00161530717742, 0.000196875960683, 0.00185865373351, -0.00500739412382, 0.0169953908771, -0.00698534958065], [0.000282697816147, -0.00152155547403, 0.000909008551389, -0.00196487735957, 0.000389333086787, -0.000251526536886, -0.000334470591042, 0.000419892225182, -0.000607581285294, -0.00196045311168, 0.0020583611913, -0.00698534958065, 0.0145638603717]]
    },
    "melbands": {
        "dmean": [0.00042944776942, 0.000500693102367, 0.000261956971372, 0.000304455665173, 0.000199354937649, 9.11097959033e-05, 0.000151189815369, 0.000240372377448, 0.000141705997521, 6.86325874995e-05, 6.63221944706e-05, 6.44880856271e-05, 5.75697376917e-05, 3.91626017517e-05, 1.86003344425e-05, 1.5694555259e-05, 1.30299576995e-05, 1.34798538056e-05, 7.9839501268e-06, 5.66260496271e-06, 4.38246161139e-06, 3.43603755937e-06, 2.80802737507e-06, 1.78400307504e-06, 1.02039666672e-06, 1.13695330128e-06, 8.14664190329e-07, 5.87678584907e-07, 5.73173565499e-07, 5.55349004117e-07, 6.32991941529e-07, 6.58998544623e-07, 5.46430101167e-07, 5.21430308709e-07, 5.47725164779e-07, 5.15620968145e-07, 4.89307979024e-07, 3.03111676203e-07, 3.23360580978e-07, 3.13752735792e-07],
        "dmean2": [0.000686832354404, 0.000805121089797, 0.000429716223152, 0.000498176785186, 0.000315974379191, 0.000143009077874, 0.000216460844968, 0.000340731086908, 0.000202125287615, 9.58825548878e-05, 9.48348606471e-05, 9.21820610529e-05, 8.02176873549e-05, 5.5804157455e-05, 2.77001818176e-05, 2.32913262153e-05, 1.99818623514e-05, 2.06992626772e-05, 1.22237624964e-05, 8.84120800038e-06, 7.00354166838e-06, 5.47318268218e-06, 4.45880641564e-06, 2.84467500933e-06, 1.60347053679e-06, 1.86126897006e-06, 1.30909938889e-06, 9.39252970511e-07, 9.12446864731e-07, 8.54680706652e-07, 9.39697429203e-07, 9.78752495939e-07, 8.31754960018e-07, 7.96369420186e-07, 8.19105252958e-07, 7.53073493343e-07, 7.16583713256e-07, 4.22967275426e-07, 4.46594782488e-07, 4.22530945343e-07],
        "dvar": [1.25251006011e-06, 1.24402004076e-06, 2.6488299909e-07, 3.37146190077e-07, 1.71343316424e-07, 6.05090519912e-08, 2.47919530239e-07, 6.28861300811e-07, 3.09757268724e-07, 5.58864456934e-08, 5.32550359367e-08, 7.64096554917e-08, 6.60412311504e-08, 4.16032186479e-08, 4.83436890519e-09, 2.2603889871e-09, 1.44237322086e-09, 2.6390427621e-09, 6.92005119873e-10, 1.9972140608e-10, 1.67778277382e-10, 5.71837195651e-11, 5.31124588754e-11, 2.46307592378e-11, 1.34873900243e-11, 1.89839602371e-11, 8.72374134736e-12, 3.72744023147e-12, 3.04643810178e-12, 3.05196926759e-12, 8.03607354272e-12, 9.36342409857e-12, 6.50635318192e-12, 8.12814485857e-12, 1.09362328221e-11, 7.74360003203e-12, 9.64919723984e-12, 2.97202540356e-12, 3.93056247272e-12, 3.75445334544e-12],
        "dvar2": [3.21474158227e-06, 3.19149125971e-06, 6.95762651048e-07, 9.27659868921e-07, 4.19274016394e-07, 1.32707285161e-07, 4.46604502713e-07, 1.20377933399e-06, 6.53014694763e-07, 1.03250918926e-07, 1.02837461213e-07, 1.5476869919e-07, 1.28307362957e-07, 8.64658460387e-08, 1.11146079007e-08, 4.66223015749e-09, 3.02566682819e-09, 7.0893020343e-09, 1.68867031469e-09, 4.75711636749e-10, 4.09842687565e-10, 1.3916900965e-10, 1.22586232831e-10, 5.18208150002e-11, 2.74783026194e-11, 4.60548162107e-11, 1.99477656615e-11, 8.89180482716e-12, 6.9377038836e-12, 6.44452720355e-12, 1.58734258376e-11, 1.94096197448e-11, 1.44685765105e-11, 1.83981736096e-11, 2.40878931385e-11, 1.51278486266e-11, 1.87617005265e-11, 5.0089502858e-12, 7.19081261549e-12, 6.50232949082e-12],
        "max": [0.0192103162408, 0.0203581377864, 0.00898025836796, 0.0102015631273, 0.0103101059794, 0.00942419469357, 0.0173830613494, 0.0276261530817, 0.0195092260838, 0.0103486925364, 0.00876693427563, 0.0141056990251, 0.0112559730187, 0.0121815567836, 0.0036447730381, 0.00242872466333, 0.00162221095525, 0.00366926379502, 0.00177899387199, 0.00045399661758, 0.000620533479378, 0.000212976592593, 0.000328381982399, 0.000300319603411, 0.000243495582254, 0.000206328957574, 0.000138269504532, 8.02651484264e-05, 0.000102486919786, 5.33835154783e-05, 0.000116095412523, 0.000109810578579, 0.000106738385512, 0.000138036702992, 0.000141776807141, 7.84039948485e-05, 0.000121967066661, 6.07553956797e-05, 6.27581393928e-05, 6.24322638032e-05],
        "mean": [0.00183493248187, 0.00224321894348, 0.000707098806743, 0.000640109879896, 0.000482826959342, 0.0002203087206, 0.000345172826201, 0.000588892609812, 0.000309676135657, 0.000169071907294, 0.000151598636876, 0.00014423574612, 0.000132450368255, 8.53686942719e-05, 3.74284791178e-05, 3.33470779879e-05, 2.71245771728e-05, 3.16073455906e-05, 1.95219345187e-05, 1.2249849533e-05, 8.35129139887e-06, 7.17972307029e-06, 5.74106570639e-06, 3.54500480171e-06, 1.94725430447e-06, 2.08911524169e-06, 1.4887184534e-06, 1.08713845748e-06, 1.14060651413e-06, 1.00501335965e-06, 1.02071601304e-06, 1.06993093141e-06, 8.72258056006e-07, 8.29095654353e-07, 8.9901419642e-07, 8.74819534147e-07, 7.96138010628e-07, 5.21211461546e-07, 5.22533241565e-07, 5.06356514052e-07],
        "median": [0.00108471512794, 0.00165767292492, 0.000386990490369, 0.000357649085345, 0.000238617038121, 8.91798990779e-05, 6.69354049023e-05, 6.83403923176e-05, 4.08033301937e-05, 2.59607004409e-05, 1.94824351638e-05, 2.55291470239e-05, 1.40105785249e-05, 9.5809400591e-06, 1.10441942525e-05, 1.13629384941e-05, 1.09521570266e-05, 1.10542132461e-05, 6.3862485149e-06, 3.68545988749e-06, 2.95039899356e-06, 2.54702376878e-06, 2.07528000828e-06, 1.07809137262e-06, 5.78150491037e-07, 5.68486825614e-07, 4.02669428468e-07, 2.55379234204e-07, 2.20860513878e-07, 1.75370615807e-07, 1.20237189094e-07, 1.24812117974e-07, 1.11345386244e-07, 8.55653610188e-08, 8.33027300473e-08, 7.365030541e-08, 5.18759222246e-08, 4.46391581477e-08, 3.41964465633e-08, 2.23074074768e-08],
        "min": [1.90729637927e-23, 2.97061942725e-24, 2.4562948177e-23, 3.30251947914e-23, 1.56664336343e-23, 5.35130224273e-24, 2.29600786642e-24, 1.96525367444e-24, 5.21235741048e-24, 5.51846502399e-24, 7.06910405626e-24, 1.92266244307e-23, 6.15746050102e-24, 5.79758610036e-24, 7.0817045315e-24, 4.23939648593e-24, 1.01514210601e-23, 5.87961540716e-24, 1.23868690609e-23, 7.76086249494e-24, 1.23812965475e-23, 1.87266033683e-23, 1.78313771917e-23, 6.29026602328e-24, 8.73173017707e-24, 9.74866812494e-24, 1.75613422153e-23, 1.17007746435e-23, 9.19029817672e-24, 9.43992137727e-24, 7.52320473661e-24, 6.09937272826e-24, 8.08532966273e-24, 9.01333300986e-24, 1.31826750975e-23, 7.57968323312e-24, 7.4142669899e-24, 9.53847771446e-24, 1.16015667072e-23, 1.14712437302e-23],
        "var": [4.38084634879e-06, 4.59393959318e-06, 8.60939451286e-07, 7.39938798233e-07, 5.88282432545e-07, 2.16894605387e-07, 1.01324621937e-06, 3.05431899505e-06, 9.88143256109e-07, 2.46410564841e-07, 1.84307637596e-07, 3.11029339173e-07, 3.31942288767e-07, 2.02530486604e-07, 1.20335457154e-08, 7.49907869135e-09, 3.76965791915e-09, 8.07777311707e-09, 2.28934204927e-09, 5.92478399675e-10, 3.13311071531e-10, 1.63804858566e-10, 1.19618370764e-10, 5.55479967579e-11, 2.74840167985e-11, 2.92554626358e-11, 1.42185976534e-11, 8.24551798367e-12, 1.05907045286e-11, 6.70204473516e-12, 1.80522870957e-11, 1.92862288639e-11, 1.24302027005e-11, 1.66641422883e-11, 2.15901029693e-11, 1.87850880684e-11, 2.10930439781e-11, 7.96447283125e-12, 9.72810460659e-12, 9.80949869944e-12]
    },
    "mfcc": {
        "mean": [-718.019775391, 163.771682739, 8.67476654053, 14.6205310822, 14.3131628036, 11.7338018417, -0.75525033474, 4.2463850975, -0.0823755934834, 3.19242024422, -0.0276693962514, -0.418040901423, -3.06007528305],
        "cov": [[10948.6494141, -1422.58081055, -914.293029785, -438.634063721, -953.955383301, -628.159362793, -615.368041992, -155.765808105, -62.2240943909, 43.5059165955, -158.648910522, -35.3567848206, -40.9588088989], [-1422.58081055, 1713.3861084, -156.824447632, -73.0576934814, 227.374862671, 33.7745399475, 138.539886475, 120.979217529, 18.1841411591, 61.3187179565, 98.8713912964, 52.6326904297, 50.6937561035], [-914.293029785, -156.824447632, 712.615844727, 136.808502197, 97.9869613647, 183.754470825, 134.19493103, 74.0603942871, 68.1964645386, 18.3234786987, 61.4621620178, 57.6631584167, 44.3600769043], [-438.634063721, -73.0576934814, 136.808502197, 463.368896484, 207.892166138, 142.775497437, 71.7292785645, -2.64938139915, 80.2313842773, 27.7348041534, 18.3165798187, 45.3015441895, 47.7012252808], [-953.955383301, 227.374862671, 97.9869613647, 207.892166138, 421.2940979, 212.590881348, 102.234329224, 36.8422698975, 84.2567443848, 61.5864334106, 69.0221252441, 54.6798591614, 44.0806159973], [-628.159362793, 33.7745399475, 183.754470825, 142.775497437, 212.590881348, 307.163391113, 159.175979614, 39.9738845825, 75.3226776123, 60.6092605591, 64.5752563477, 41.1884765625, 35.0056991577], [-615.368041992, 138.539886475, 134.19493103, 71.7292785645, 102.234329224, 159.175979614, 274.653717041, 99.2327270508, 42.1405448914, 38.8255157471, 56.2447090149, 31.6639385223, 33.7663040161], [-155.765808105, 120.979217529, 74.0603942871, -2.64938139915, 36.8422698975, 39.9738845825, 99.2327270508, 173.210540771, 48.9058799744, 22.0981445312, 42.8761520386, 26.26927948, 23.7687034607], [-62.2240943909, 18.1841411591, 68.1964645386, 80.2313842773, 84.2567443848, 75.3226776123, 42.1405448914, 48.9058799744, 141.680145264, 61.5954284668, 27.549036026, 35.7462043762, 43.9827003479], [43.5059165955, 61.3187179565, 18.3234786987, 27.7348041534, 61.5864334106, 60.6092605591, 38.8255157471, 22.0981445312, 61.5954284668, 140.829193115, 69.8099060059, 28.9008350372, 30.5949497223], [-158.648910522, 98.8713912964, 61.4621620178, 18.3165798187, 69.0221252441, 64.5752563477, 56.2447090149, 42.8761520386, 27.549036026, 69.8099060059, 134.935516357, 58.6938781738, 16.769159317], [-35.3567848206, 52.6326904297, 57.6631584167, 45.3015441895, 54.6798591614, 41.1884765625, 31.6639385223, 26.26927948, 35.7462043762, 28.9008350372, 58.6938781738, 109.993499756, 46.9691963196], [-40.9588088989, 50.6937561035, 44.3600769043, 47.7012252808, 44.0806159973, 35.0056991577, 33.7663040161, 23.7687034607, 43.9827003479, 30.5949497223, 16.769159317, 46.9691963196, 99.7034225464]],
