{
"lowlevel": {
    "average_loudness": 0.631950318813,
    "barkbands_crest": {
        "dmean": 2.28693223,
        "dmean2": 3.56389546394,
        "dvar": 5.39363384247,
        "dvar2": 12.8024454117,
        "max": 26.535402298,
        "mean": 10.5943937302,
        "median": 9.63279533386,
        "min": 2.62392234802,
        "var": 20.3485984802
    },
    "barkbands_flatness_db": {
        "dmean": 0.0201890189201,
        "dmean2": 0.0290045440197,
        "dvar": 0.000427291932283,
        "dvar2": 0.000845432339702,
        "max": 0.550961434841,
        "mean": 0.157082825899,
        "median": 0.136463835835,
        "min": 0.0210446715355,
        "var": 0.00688466383144
    },
    "barkbands_kurtosis": {
        "dmean": 2.27768540382,
        "dmean2": 3.31917405128,
        "dvar": 148.896316528,
        "dvar2": 254.6690979,
        "max": 844.341064453,
        "mean": 4.03171682358,
        "median": 0.424029827118,
        "min": -1.86975288391,
        "var": 1111.6986084
    },
    "barkbands_skewness": {
        "dmean": 0.4396507442,
        "dmean2": 0.646472275257,
        "dvar": 0.344358801842,
        "dvar2": 0.661283552647,
        "max": 22.7807636261,
        "mean": 0.912593722343,
        "median": 0.764212369919,
        "min": -6.90082645416,
        "var": 2.63151431084
    },
    "barkbands_spread": {
        "dmean": 4.78414011002,
        "dmean2": 7.29336643219,
        "dvar": 42.8454818726,
        "dvar2": 96.3074493408,
        "max": 120.721191406,
        "mean": 22.2979450226,
        "median": 20.382144928,
        "min": 0.209473013878,
        "var": 180.376647949
    },
    "dissonance": {
        "dmean": 0.021420173347,
        "dmean2": 0.0360737703741,
        "dvar": 0.000492567778565,
        "dvar2": 0.00133842125069,
        "max": 0.500000119209,
        "mean": 0.451200008392,
        "median": 0.460683912039,
        "min": 0.173572272062,
        "var": 0.00149686227087
    },
    "dynamic_complexity": 6.08440828323,
    "erbbands_crest": {
        "dmean": 2.11329579353,
        "dmean2": 3.25347852707,
        "dvar": 5.0985918045,
        "dvar2": 10.9413471222,
        "max": 34.9049110413,
        "mean": 10.0473194122,
        "median": 8.89966773987,
        "min": 2.24981427193,
        "var": 24.690120697
    },
    "erbbands_flatness_db": {
        "dmean": 0.0196644105017,
        "dmean2": 0.0274225007743,
        "dvar": 0.000489290629048,
        "dvar2": 0.000877694285009,
        "max": 0.547968029976,
        "mean": 0.198310896754,
        "median": 0.182052642107,
        "min": 0.0366593003273,
        "var": 0.00739362742752
    },
    "erbbands_kurtosis": {
        "dmean": 1.02579963207,
        "dmean2": 1.49295783043,
        "dvar": 15.6938199997,
        "dvar2": 27.7615661621,
        "max": 253.510742188,
        "mean": 1.10202968121,
        "median": -0.0589156150818,
        "min": -1.81457531452,
        "var": 56.0813865662
    },
    "erbbands_skewness": {
        "dmean": 0.31990006566,
        "dmean2": 0.466130256653,
        "dvar": 0.139462098479,
        "dvar2": 0.276090294123,
        "max": 11.7024707794,
        "mean": 0.240426719189,
        "median": 0.182374224067,
        "min": -7.85357141495,
        "var": 0.940469741821
    },
    "erbbands_spread": {
        "dmean": 6.07937717438,
        "dmean2": 9.11535644531,
        "dvar": 68.3093032837,
        "dvar2": 143.018478394,
        "max": 173.86100769,
        "mean": 31.328289032,
        "median": 27.543056488,
        "min": 0.481489390135,
        "var": 368.43951416
    },
    "hfc": {
        "dmean": 5.54869842529,
        "dmean2": 7.41515111923,
        "dvar": 129.005828857,
        "dvar2": 247.602890015,
        "max": 343.222717285,
        "mean": 15.7120952606,
        "median": 8.61508560181,
        "min": 1.23099245285e-16,
        "var": 447.544952393
    },
    "melbands_crest": {
        "dmean": 2.73327159882,
        "dmean2": 4.26992273331,
        "dvar": 7.39203119278,
        "dvar2": 17.3252315521,
        "max": 34.3206787109,
        "mean": 13.8109607697,
        "median": 12.7040510178,
        "min": 2.24123096466,
        "var": 29.6810703278
    },
    "melbands_flatness_db": {
        "dmean": 0.0210323370993,
        "dmean2": 0.03078266792,
        "dvar": 0.000520611996762,
        "dvar2": 0.00104123051278,
        "max": 0.70275336504,
        "mean": 0.196685045958,
        "median": 0.177471354604,
        "min": 0.00728217698634,
        "var": 0.00725667644292
    },
    "melbands_kurtosis": {
        "dmean": 5.0339679718,
        "dmean2": 7.63070487976,
        "dvar": 483.301483154,
        "dvar2": 1000.48046875,
        "max": 1109.35253906,
        "mean": 9.58235549927,
        "median": 2.69358778,
        "min": -1.90803551674,
        "var": 1610.97558594
    },
    "melbands_skewness": {
        "dmean": 0.568679213524,
        "dmean2": 0.848714709282,
        "dvar": 0.678367197514,
        "dvar2": 1.35135257244,
        "max": 25.7058830261,
        "mean": 1.72981929779,
        "median": 1.3773676157,
        "min": -4.76106262207,
        "var": 3.63826322556
    },
    "melbands_spread": {
        "dmean": 6.53501415253,
        "dmean2": 9.90337562561,
        "dvar": 70.2156524658,
        "dvar2": 154.61239624,
        "max": 185.434692383,
        "mean": 29.2072296143,
        "median": 25.4256343842,
        "min": 0.237025618553,
        "var": 318.253845215
    },
    "pitch_salience": {
        "dmean": 0.0663104504347,
        "dmean2": 0.103703849018,
        "dvar": 0.00451823882759,
        "dvar2": 0.0105419438332,
        "max": 0.89210575819,
        "mean": 0.53617310524,
        "median": 0.537681043148,
        "min": 0.0660496577621,
        "var": 0.0175736248493
    },
    "silence_rate_20dB": {
        "dmean": 0,
        "dmean2": 0,
        "dvar": 0,
        "dvar2": 0,
        "max": 1,
        "mean": 1,
        "median": 1,
        "min": 1,
        "var": 0
    },
    "silence_rate_30dB": {
        "dmean": 0.00244728918187,
        "dmean2": 0.00489503890276,
        "dvar": 0.00244127679616,
        "dvar2": 0.00618906132877,
        "max": 1,
        "mean": 0.998117625713,
        "median": 1,
        "min": 0,
        "var": 0.00187881779857
    },
    "silence_rate_60dB": {
        "dmean": 0.040474396199,
        "dmean2": 0.0809564143419,
        "dvar": 0.0388396829367,
        "dvar2": 0.0849378481507,
        "max": 1,
        "mean": 0.244047060609,
        "median": 0,
        "min": 0,
        "var": 0.184486448765
    },
    "spectral_centroid": {
        "dmean": 208.466537476,
        "dmean2": 304.33505249,
        "dvar": 66395.4140625,
        "dvar2": 130560.554688,
        "max": 10712.078125,
        "mean": 1555.79052734,
        "median": 1471.80102539,
        "min": 171.480026245,
        "var": 428606.0625
    },
    "spectral_complexity": {
        "dmean": 2.43354678154,
        "dmean2": 3.64718055725,
        "dvar": 12.8902702332,
        "dvar2": 25.7070484161,
        "max": 54,
        "mean": 11.5543527603,
        "median": 11,
        "min": 0,
        "var": 63.0432929993
    },
    "spectral_decrease": {
        "dmean": 1.03244202077e-09,
        "dmean2": 1.43705158884e-09,
        "dvar": 3.53753053381e-18,
        "dvar2": 7.13606481062e-18,
        "max": 8.22424970266e-21,
        "mean": -3.12177794726e-09,
        "median": -2.3247728187e-09,
        "min": -4.155420541e-08,
        "var": 1.18427787443e-17
    },
    "spectral_energy": {
        "dmean": 0.0043490990065,
        "dmean2": 0.00600092764944,
        "dvar": 6.38888741378e-05,
        "dvar2": 0.000127710984088,
        "max": 0.176872327924,
        "mean": 0.0132074337453,
        "median": 0.00968507118523,
        "min": 1.0774996023e-20,
        "var": 0.000216810920392
    },
    "spectral_energyband_high": {
        "dmean": 0.000208465091418,
        "dmean2": 0.000305424589897,
        "dvar": 2.83612280327e-07,
        "dvar2": 6.95696314779e-07,
        "max": 0.0112363202497,
        "mean": 0.00046986801317,
        "median": 0.000189440441318,
        "min": 7.87748250362e-21,
        "var": 6.43226996999e-07
    },
    "spectral_energyband_low": {
        "dmean": 0.000974626862444,
        "dmean2": 0.00153941148892,
        "dvar": 5.00204396303e-06,
        "dvar2": 1.24060743474e-05,
        "max": 0.0433164797723,
        "mean": 0.0017644027248,
        "median": 0.000990607426502,
        "min": 6.15000757985e-23,
        "var": 7.5684802141e-06
    },
    "spectral_energyband_middle_high": {
        "dmean": 0.00212894240394,
        "dmean2": 0.00284811109304,
        "dvar": 3.13021482725e-05,
        "dvar2": 5.84221197641e-05,
        "max": 0.157508656383,
        "mean": 0.00538480095565,
        "median": 0.00214874488302,
        "min": 1.55320790101e-21,
        "var": 9.00370432646e-05
    },
    "spectral_energyband_middle_low": {
        "dmean": 0.00213518342935,
        "dmean2": 0.00313713261858,
        "dvar": 1.64915909409e-05,
        "dvar2": 3.7630838051e-05,
        "max": 0.0810624659061,
        "mean": 0.00568458018824,
        "median": 0.0033849994652,
        "min": 2.15268453272e-22,
        "var": 4.7860925406e-05
    },
    "spectral_entropy": {
        "dmean": 0.185616776347,
        "dmean2": 0.258969932795,
        "dvar": 0.0407778993249,
        "dvar2": 0.0737679600716,
        "max": 9.8069486618,
        "mean": 7.25735235214,
        "median": 7.36221075058,
        "min": 3.37682390213,
        "var": 0.46545997262
    },
    "spectral_flux": {
        "dmean": 0.0174871906638,
        "dmean2": 0.0272451210767,
        "dvar": 0.000577352242544,
        "dvar2": 0.00136953277979,
        "max": 0.324499726295,
        "mean": 0.0461445897818,
        "median": 0.0366619452834,
        "min": 1.03802681728e-10,
        "var": 0.00147611706052
    },
    "spectral_kurtosis": {
        "dmean": 2.62021803856,
        "dmean2": 4.45094680786,
        "dvar": 29.9664707184,
        "dvar2": 85.6199493408,
        "max": 121.957450867,
        "mean": 7.58808612823,
        "median": 4.11418294907,
        "min": -1.21568512917,
        "var": 157.280929565
    },
    "spectral_rms": {
        "dmean": 0.000525494862814,
        "dmean2": 0.000710410589818,
        "dvar": 5.22855202689e-07,
        "dvar2": 1.01126590835e-06,
        "max": 0.0131361475214,
        "mean": 0.00306948949583,
        "median": 0.00307389814407,
        "min": 3.24225108567e-12,
        "var": 3.46358524439e-06
    },
    "spectral_rolloff": {
        "dmean": 430.247680664,
        "dmean2": 707.854919434,
        "dvar": 773181.9375,
        "dvar2": 1727722.375,
        "max": 19832.0800781,
        "mean": 1876.32434082,
        "median": 1679.58984375,
        "min": 64.599609375,
        "var": 1835753
    },
    "spectral_skewness": {
        "dmean": 0.263719022274,
        "dmean2": 0.44065362215,
        "dvar": 0.149558290839,
        "dvar2": 0.430171728134,
        "max": 8.52758216858,
        "mean": 1.74470496178,
        "median": 1.53004145622,
        "min": 0.0204176343977,
        "var": 0.909996390343
    },
    "spectral_spread": {
        "dmean": 543110.6875,
        "dmean2": 815365.6875,
        "dvar": 607198773248,
        "dvar2": 1.10726414336e+12,
        "max": 40508984,
        "mean": 4387618.5,
        "median": 4251937,
        "min": 639879.5625,
        "var": 3.3042989056e+12
    },
    "spectral_strongpeak": {
        "dmean": 0.618991851807,
        "dmean2": 0.988952338696,
        "dvar": 1.34942984581,
        "dvar2": 3.06910943985,
        "max": 19.9328727722,
        "mean": 1.36382853985,
        "median": 0.719152271748,
        "min": 0,
        "var": 3.18071913719
    },
    "zerocrossingrate": {
        "dmean": 0.00927738938481,
        "dmean2": 0.0109074758366,
        "dvar": 0.000140605960041,
        "dvar2": 0.000179103255505,
        "max": 0.51123046875,
        "mean": 0.0688816159964,
        "median": 0.06494140625,
        "min": 0.00732421875,
        "var": 0.00100766681135
    },
    "barkbands": {
        "dmean": [1.37401357279e-05, 0.000743031909224, 0.000267593190074, 0.000175849170773, 0.000517193577252, 0.000449735816801, 0.000518524437211, 0.000417189206928, 0.000705142156221, 0.000109307948151, 0.000257047329796, 0.000668300432153, 0.000272878620308, 0.000212523300434, 0.000424890808063, 0.00024363223929, 0.000282506429357, 0.000255219318205, 0.000201077316888, 0.000120464748761, 6.22408479103e-05, 5.3003339417e-05, 3.89590022678e-05, 2.10553334909e-05, 1.70772964339e-05, 1.38549312396e-05, 4.76010745842e-06],
        "dmean2": [2.42885653279e-05, 0.00118391157594, 0.000434973801021, 0.000296684273053, 0.000825623224955, 0.000690231099725, 0.000775157241151, 0.000618216872681, 0.000968268082943, 0.000164728888194, 0.000350600690581, 0.000906500965357, 0.000395211012801, 0.000324486900354, 0.000654570991173, 0.000364270876162, 0.000423875782872, 0.000386739906389, 0.000289150164463, 0.000182421907084, 9.67120286077e-05, 8.44155074446e-05, 6.05811765126e-05, 3.15224315273e-05, 2.45615938184e-05, 2.22344351641e-05, 7.82447568781e-06],
        "dvar": [1.15078369056e-09, 3.23205586028e-06, 7.69838493397e-07, 3.40219713735e-07, 2.38815437115e-06, 1.06934635369e-06, 2.27696523325e-06, 1.25651172311e-06, 4.66541541755e-06, 1.08061627202e-07, 9.71380927695e-07, 1.31122096718e-05, 1.26860788896e-06, 7.65971151395e-07, 2.55339386968e-06, 4.06678168474e-07, 7.08904337898e-07, 5.43720318547e-07, 3.34749103104e-07, 1.36937160278e-07, 3.38967431901e-08, 2.55167318386e-08, 1.39343612204e-08, 3.53258222674e-09, 2.21199791817e-09, 1.53651780188e-09, 2.15427078953e-10],
        "dvar2": [3.25615889807e-09, 8.08738695923e-06, 1.90379728338e-06, 9.0115833018e-07, 5.92521746512e-06, 2.49041568168e-06, 4.94674577567e-06, 2.83775716525e-06, 9.03728505364e-06, 2.44185287102e-07, 1.64575180861e-06, 2.44283346547e-05, 2.66587539954e-06, 1.80244137482e-06, 5.90381887378e-06, 8.84728194706e-07, 1.51231722612e-06, 1.1930836763e-06, 6.45086913664e-07, 2.9695519288e-07, 8.79571544488e-08, 6.89403520937e-08, 3.43138530923e-08, 7.86956100285e-09, 4.83526907402e-09, 3.89079657381e-09, 5.55226586929e-10],
        "max": [0.000629366491921, 0.0287969559431, 0.0329222381115, 0.0135286869481, 0.0237155929208, 0.0222273375839, 0.0437505207956, 0.0293407496065, 0.0675978511572, 0.011083798483, 0.0384124070406, 0.122156336904, 0.0411603264511, 0.0385358780622, 0.081648811698, 0.0174893811345, 0.0239956639707, 0.0272033475339, 0.0132625130937, 0.0137737197801, 0.00517506804317, 0.00488471193239, 0.0045571080409, 0.00189045176376, 0.00149368192069, 0.000653380935546, 0.000288816750981],
        "mean": [1.52789471031e-05, 0.00122268195264, 0.000460574083263, 0.000183937561815, 0.00075095781358, 0.00110064237379, 0.0010683760047, 0.000878496502992, 0.0016538281925, 0.000206663826248, 0.000580891035497, 0.00114965485409, 0.000478112342535, 0.000373258488253, 0.000728780112695, 0.000445411802502, 0.000525633047801, 0.00043074862333, 0.000343495921697, 0.000218377710553, 0.00011435826309, 9.66070292634e-05, 7.78383764555e-05, 4.69498118036e-05, 3.46409324266e-05, 1.6628553567e-05, 4.58637759948e-06],
        "median": [4.03644617109e-06, 0.00059816823341, 9.20071543078e-05, 2.64567570412e-05, 0.000171106104972, 0.000200363443582, 0.000125262929942, 0.000132383123855, 0.000173277498106, 4.51463638456e-05, 7.24190176697e-05, 0.000151385422214, 9.56189542194e-05, 7.99672779976e-05, 0.00014859654766, 8.3682280092e-05, 9.8010765214e-05, 7.71831546444e-05, 6.34203897789e-05, 5.33729689778e-05, 3.87547515857e-05, 3.42634775734e-05, 2.4745157134e-05, 1.90757837117e-05, 1.14799740913e-05, 1.68247674992e-06, 1.45549037711e-07],
        "min": [2.95381294288e-24, 1.26649417411e-23, 2.80622625774e-23, 2.71221486377e-23, 5.84569091725e-23, 2.03861631867e-23, 1.88883845404e-23, 2.71558487755e-23, 2.60437158268e-23, 6.87899457345e-23, 6.6764870371e-23, 5.50988103405e-23, 1.27893058206e-22, 1.96226714171e-22, 9.56415466361e-23, 8.7249833653e-23, 1.37567471643e-22, 4.18497854144e-22, 2.5059664859e-22, 1.84260905929e-22, 5.06004818587e-22, 6.23141651065e-22, 4.40747619178e-22, 6.95150187158e-22, 1.43312322786e-21, 1.7097817203e-21, 2.62612153806e-21],
        "var": [1.24704746529e-09, 4.22888615503e-06, 1.68473013673e-06, 3.58065051387e-07, 2.94988672067e-06, 4.16226021116e-06, 7.55064547775e-06, 3.90353534385e-06, 1.53649925778e-05, 2.16983082169e-07, 4.33946706835e-06, 2.8764419767e-05, 2.52588415606e-06, 1.23393442664e-06, 4.17391220253e-06, 9.68546601143e-07, 1.62314529462e-06, 9.86894406196e-07, 7.94502398094e-07, 2.85726002858e-07, 5.443332185e-08, 3.40794024112e-08, 2.88297155038e-08, 8.28970403433e-09, 5.15083753427e-09, 1.70699987478e-09, 1.93224422573e-10]
    },
    "erbbands": {
        "dmean": [0.0154075305909, 0.188706368208, 0.338393121958, 0.411921113729, 1.59123468399, 1.40087330341, 3.09991908073, 3.3853096962, 6.11009550095, 7.32783460617, 14.4189243317, 13.6075086594, 3.15058875084, 10.3673095703, 5.24843978882, 24.6020679474, 16.9223480225, 9.29634475708, 13.3365917206, 18.9601726532, 13.8355417252, 14.3977241516, 13.5170593262, 12.4558048248, 7.68527460098, 4.74005937576, 2.68492245674, 2.4566848278, 1.89200818539, 1.80487084389, 0.955067157745, 0.532116651535, 0.332643479109, 0.211030066013, 0.111999720335, 0.0652179867029, 0.0242608226836, 0.00608697766438, 0.000791555154137, 4.38238639617e-05],
        "dmean2": [0.0242734570056, 0.301127791405, 0.547044157982, 0.68963521719, 2.57824110985, 2.31857657433, 4.71166944504, 5.36252593994, 9.62531661987, 10.6943178177, 20.2946414948, 19.1584129333, 4.51359653473, 14.3453931808, 7.53822278976, 33.5884170532, 23.1573848724, 13.9024505615, 20.7497367859, 28.9350910187, 20.7654914856, 21.5061225891, 20.2420578003, 17.9400939941, 11.1611814499, 7.05005121231, 4.14857435226, 3.88756561279, 2.98927497864, 2.86988973618, 1.49455916882, 0.812275886536, 0.498274773359, 0.310177952051, 0.160003215075, 0.100648596883, 0.0400510579348, 0.0101694883779, 0.0013009266695, 6.95158960298e-05],
        "dvar": [0.00122977851424, 0.212605580688, 0.726997852325, 2.85511636734, 30.4885406494, 15.5490865707, 58.9722328186, 67.3723144531, 302.949951172, 384.24105835, 1519.67871094, 1965.60131836, 66.6670761108, 1539.14990234, 197.073760986, 17734.9394531, 6549.63476562, 945.15637207, 2305.4152832, 3446.09863281, 1205.14208984, 1983.94055176, 1736.68688965, 1129.80493164, 572.934997559, 164.307296753, 55.1532020569, 58.3314476013, 37.3971443176, 25.7495212555, 7.73783349991, 2.06108260155, 0.915201485157, 0.371539443731, 0.0865059047937, 0.0303991306573, 0.00488694664091, 0.000368692941265, 6.09120115769e-06, 1.7386572182e-08],
        "dvar2": [0.00295257521793, 0.537173569202, 1.8016012907, 7.87384557724, 74.5929031372, 41.1389007568, 134.942596436, 160.81552124, 752.81854248, 799.143859863, 3147.90429688, 3989.37841797, 127.891136169, 2932.98193359, 399.19720459, 33314.8125, 12298.265625, 1830.50268555, 5638.04394531, 7879.48193359, 2639.75708008, 4401.06884766, 3732.71655273, 2178.81201172, 1137.30786133, 342.395782471, 139.872573853, 155.857574463, 101.764884949, 66.0971374512, 19.2168807983, 4.67959308624, 2.11650633812, 0.851207077503, 0.182264402509, 0.0721582397819, 0.0126587292179, 0.000978679163381, 1.58006041602e-05, 4.33971329983e-08],
        "max": [0.535735607147, 7.59000349045, 21.3770771027, 60.5200653076, 71.9634780884, 66.9715805054, 199.520965576, 198.136810303, 470.857818604, 542.998901367, 1130.12255859, 1443.81933594, 376.42477417, 1767.49853516, 397.6875, 4491.26123047, 2699.96191406, 1195.40087891, 1890.97802734, 2764.0390625, 817.09765625, 1654.08007812, 1911.45251465, 740.512817383, 820.925292969, 344.039428711, 152.81350708, 185.166046143, 208.05619812, 197.113113403, 66.7264556885, 39.23878479, 32.420791626, 19.282037735, 8.65093994141, 3.29833340645, 1.05437815189, 0.441285073757, 0.0545856654644, 0.00363105116412],
        "mean": [0.0264137871563, 0.304547458887, 0.601942539215, 0.53665715456, 1.69578897953, 2.21654510498, 7.6268324852, 7.63586378098, 11.3787298203, 16.4310665131, 34.3869628906, 31.5143852234, 7.70424175262, 22.8544654846, 11.7026290894, 43.2488250732, 30.7011432648, 18.6017951965, 24.0347919464, 35.6972885132, 27.6952266693, 28.1821060181, 24.8370285034, 22.5525608063, 13.2858161926, 9.02365493774, 5.17909193039, 4.31345081329, 3.38192915916, 3.48104524612, 1.94174563885, 1.15321540833, 0.712751924992, 0.435717016459, 0.211374983191, 0.0901837423444, 0.0274534989148, 0.00600963225588, 0.000776660453994, 5.70000811422e-05],
        "median": [0.00886304676533, 0.147061914206, 0.20027731359, 0.125768944621, 0.200955614448, 0.571327269077, 1.37778401375, 1.83178043365, 2.2755355835, 3.17257618904, 5.61295700073, 4.95577573776, 2.73057842255, 3.70882320404, 4.3100233078, 6.99552059174, 6.65337562561, 6.65164375305, 7.72161483765, 10.6903209686, 7.06816911697, 6.16487121582, 5.25670385361, 4.22044801712, 2.94845223427, 2.35501241684, 1.76932156086, 1.41817247868, 1.07920694351, 1.23299789429, 0.647233426571, 0.490828096867, 0.24783937633, 0.153194770217, 0.0618331283331, 0.0135648380965, 0.00202259654179, 0.000279429048533, 3.69690606021e-05, 1.83802785614e-05],
        "min": [3.37291124165e-22, 3.26208287304e-21, 2.25314790013e-20, 8.35962814966e-20, 9.77120152522e-20, 2.70797296607e-19, 1.96342808445e-19, 1.40594092183e-19, 2.09330138598e-19, 3.90218550713e-19, 6.85363339964e-19, 5.40103289967e-19, 2.40400234063e-18, 1.58668213457e-18, 2.81836916271e-18, 2.64733612937e-18, 5.92124792428e-18, 8.69093771473e-18, 6.6456695437e-18, 5.13919828595e-18, 5.41091470946e-18, 8.84844365671e-18, 2.61085134322e-17, 1.23338858002e-17, 1.27151920743e-17, 1.04789266591e-17, 1.34634340138e-17, 2.37204645105e-17, 2.52623457159e-17, 1.39455405174e-17, 1.37841683333e-17, 1.18639826921e-17, 1.4990759322e-17, 1.1889066117e-17, 1.15498567186e-17, 7.62193994908e-18, 3.0922707906e-18, 1.17561266121e-18, 4.12969248733e-19, 3.69187218683e-20],
        "var": [0.00202626246028, 0.264839679003, 1.54467797279, 3.024122715, 28.7170715332, 24.669090271, 234.35609436, 216.209533691, 624.081481934, 1453.21484375, 4995.51708984, 6146.859375, 285.58480835, 5906.71337891, 643.861328125, 38657.5429688, 14559.5410156, 2427.08325195, 3072.8125, 6186.82568359, 3073.58081055, 4128.5234375, 3269.84667969, 2799.81567383, 1161.87023926, 454.525726318, 103.425079346, 79.1902313232, 47.0250663757, 47.0493659973, 15.527545929, 4.58372831345, 2.11643338203, 0.801329493523, 0.19806163013, 0.0456911586225, 0.00499184057117, 0.000306514732074, 5.40853397979e-06, 1.82613106858e-08]
    },
    "gfcc": {
        "mean": [-83.6587295532, 69.5651321411, -147.307830811, 15.0186738968, -59.1354637146, 6.82602930069, -39.8676071167, 8.35295772552, -12.5973234177, 4.80691814423, -7.08690214157, 1.011911273, -8.57685852051],
        "cov": [[26296.0117188, -549.327819824, 2772.6015625, 4718.68017578, -50.4296226501, 2276.15356445, 483.412994385, 1530.35046387, 189.626541138, 620.877563477, -478.524810791, 116.060195923, -188.195755005], [-549.327819824, 1838.91430664, 219.85647583, -52.2356452942, 63.6936073303, -112.296348572, -113.869422913, -187.251983643, -68.0232467651, -250.872253418, 40.509147644, -133.113510132, 124.590576172], [2772.6015625, 219.85647583, 2511.46386719, 1099.47131348, 123.832351685, 550.816833496, 141.868530273, 183.476882935, -116.536567688, 15.1279239655, -254.195449829, 14.0938854218, -105.093383789], [4718.68017578, -52.2356452942, 1099.47131348, 1708.94934082, 48.5218925476, 654.425476074, 127.5129776, 332.119720459, 24.0163879395, 52.9643783569, -131.782104492, -60.2292518616, -65.6156005859], [-50.4296226501, 63.6936073303, 123.832351685, 48.5218925476, 374.075805664, 58.8233299255, 72.8541259766, 60.5495986938, 34.7851448059, 39.4616241455, 5.49738264084, 34.515083313, -25.6399211884], [2276.15356445, -112.296348572, 550.816833496, 654.425476074, 58.8233299255, 551.321472168, 187.927764893, 240.745880127, 67.2552261353, 99.0712432861, -30.7967300415, 3.77828645706, -13.9956407547], [483.412994385, -113.869422913, 141.868530273, 127.5129776, 72.8541259766, 187.927764893, 200.125076294, 144.800704956, 66.2642364502, 59.5819664001, -0.972226321697, 10.2597303391, -26.7711849213], [1530.35046387, -187.251983643, 183.476882935, 332.119720459, 60.5495986938, 240.745880127, 144.800704956, 341.383575439, 147.029418945, 130.559082031, 10.3536920547, 7.1009221077, -26.2172470093], [189.626541138, -68.0232467651, -116.536567688, 24.0163879395, 34.7851448059, 67.2552261353, 66.2642364502, 147.029418945, 175.444625854, 100.592842102, 42.9298667908, -3.26542544365, 1.0587952137], [620.877563477, -250.872253418, 15.1279239655, 52.9643783569, 39.4616241455, 99.0712432861, 59.5819664001, 130.559082031, 100.592842102, 174.295730591, 64.9388198853, 58.6565856934, -9.55919647217], [-478.524810791, 40.509147644, -254.195449829, -131.782104492, 5.49738264084, -30.7967300415, -0.972226321697, 10.3536920547, 42.9298667908, 64.9388198853, 170.133117676, 72.0361099243, 53.4303474426], [116.060195923, -133.113510132, 14.0938854218, -60.2292518616, 34.515083313, 3.77828645706, 10.2597303391, 7.1009221077, -3.26542544365, 58.6565856934, 72.0361099243, 159.148773193, 64.160774231], [-188.195755005, 124.590576172, -105.093383789, -65.6156005859, -25.6399211884, -13.9956407547, -26.7711849213, -26.2172470093, 1.0587952137, -9.55919647217, 53.4303474426, 64.160774231, 132.602279663]],
        "icov": [[0.000142459699418, -0.000200675814995, 0.000168615762959, -0.000298572413158, 0.000201309725526, -0.000212362254388, 0.000179721944733, -0.000420175987529, 0.000455812201835, -0.000724780315068, 0.000790143967606, -0.000622448744252, 0.000273261859547], [-0.000200675814995, 0.00142128125299, -0.000663739047013, 0.000497521075886, -0.00080667831935, 0.000345212116372, 3.28640235239e-05, 0.000795826956164, -0.00128512305673, 0.00284459302202, -0.00277576944791, 0.00261302874424, -0.00178618682548], [0.000168615762959, -0.000663739047013, 0.00110084353946, -0.000648708664812, 0.00031085399678, -0.000637159391772, 9.19619851629e-05, -0.000602321757469, 0.0013859848259, -0.00174921774305, 0.00248061446473, -0.00195132324006, 0.0011142162839], [-0.000298572413158, 0.000497521075886, -0.000648708664812, 0.00210333638825, -0.00047764449846, -0.00114466086961, 0.000898139376659, -0.000125127859064, -0.000724306737538, 0.00222877715714, -0.00173528469168, 0.00165937806014, -0.000358372402843], [0.000201309725526, -0.00080667831935, 0.00031085399678, -0.00047764449846, 0.00357046350837, -0.000174082058948, -0.00078628025949, -0.000600416737143, 0.000294596975436, -0.0015721594682, 0.00181772047654, -0.00273531489074, 0.00192360929213], [-0.000212362254388, 0.000345212116372, -0.000637159391772, -0.00114466086961, -0.000174082058948, 0.00610662903637, -0.00411416823044, 0.000204392228625, 7.87732205936e-05, -0.000966990424786, -0.00121273996774, 0.0021250450518, -0.00248637516052], [0.000179721944733, 3.28640235239e-05, 9.19619851629e-05, 0.000898139376659, -0.00078628025949, -0.00411416823044, 0.0106670977548, -0.00313303340226, -0.000909228343517, 0.00141316454392, 0.000557108374778, -0.00183585530613, 0.00246232911013], [-0.000420175987529, 0.000795826956164, -0.000602321757469, -0.000125127859064, -0.000600416737143, 0.000204392228625, -0.00313303340226, 0.00936178304255, -0.00584266101941, 0.000272166682407, -0.00210241531022, 0.00193437410053, -0.000782018352766], [0.000455812201835, -0.00128512305673, 0.0013859848259, -0.000724306737538, 0.000294596975436, 7.87732205936e-05, -0.000909228343517, -0.00584266101941, 0.015651518479, -0.00951034016907, 0.0029335168656, 0.00151399418246, -0.00140417169314], [-0.000724780315068, 0.00284459302202, -0.00174921774305, 0.00222877715714, -0.0015721594682, -0.000966990424786, 0.00141316454392, 0.000272166682407, -0.00951034016907, 0.0214300118387, -0.010003327392, -5.4317752074e-05, 0.00162602530327], [0.000790143967606, -0.00277576944791, 0.00248061446473, -0.00173528469168, 0.00181772047654, -0.00121273996774, 0.000557108374778, -0.00210241531022, 0.0029335168656, -0.010003327392, 0.0173446126282, -0.00867853406817, 0.00122292013839], [-0.000622448744252, 0.00261302874424, -0.00195132324006, 0.00165937806014, -0.00273531489074, 0.0021250450518, -0.00183585530613, 0.00193437410053, 0.00151399418246, -5.4317752074e-05, -0.00867853406817, 0.0181765574962, -0.00967075489461], [0.000273261859547, -0.00178618682548, 0.0011142162839, -0.000358372402843, 0.00192360929213, -0.00248637516052, 0.00246232911013, -0.000782018352766, -0.00140417169314, 0.00162602530327, 0.00122292013839, -0.00967075489461, 0.0150801548734]]
    },
    "melbands": {
        "dmean": [0.000179414186277, 0.000203551651794, 0.000106174396933, 0.000111605251732, 9.43671257119e-05, 8.12333237263e-05, 9.90931148408e-05, 7.98188484623e-05, 0.000142766686622, 7.6781201642e-05, 1.38786799653e-05, 3.95904789912e-05, 2.20787442231e-05, 3.24672218994e-05, 9.71503905021e-05, 1.93998512259e-05, 1.84482250916e-05, 1.69829527294e-05, 4.36536829511e-05, 1.6393723854e-05, 1.73691696546e-05, 1.7283615307e-05, 1.38322229759e-05, 1.03391066659e-05, 1.09485135908e-05, 6.42470422463e-06, 5.72887529415e-06, 2.82784435512e-06, 1.88559181424e-06, 1.40101212764e-06, 1.55750740305e-06, 1.09946779503e-06, 1.07721041331e-06, 1.04497632947e-06, 6.11551229213e-07, 4.40633215248e-07, 3.04484075286e-07, 2.52512506904e-07, 2.20981192456e-07, 1.76108400751e-07],
        "dmean2": [0.000283699628199, 0.000326894019963, 0.000173668537172, 0.000181967130629, 0.000145497062476, 0.000127731385874, 0.000152337815962, 0.000117191942991, 0.000197744026082, 0.000108371881652, 2.00316153496e-05, 5.49923643121e-05, 3.0735587643e-05, 4.66024030175e-05, 0.000129955413286, 2.83427161776e-05, 2.79437354038e-05, 2.66339538939e-05, 6.73234026181e-05, 2.4326993298e-05, 2.62167468463e-05, 2.58776126429e-05, 2.08698475035e-05, 1.5630688722e-05, 1.58969742188e-05, 9.33260344027e-06, 8.52364883031e-06, 4.33136347056e-06, 2.93925063488e-06, 2.2318365609e-06, 2.49701929533e-06, 1.76087644377e-06, 1.7379691144e-06, 1.67349958247e-06, 9.74358158601e-07, 6.85396344124e-07, 4.75255802712e-07, 3.9093021087e-07, 3.35420736519e-07, 2.63426386482e-07],
        "dvar": [1.8225649967e-07, 2.20362878167e-07, 1.09662160241e-07, 1.33974111804e-07, 5.07816473316e-08, 3.6492973976e-08, 7.80601681072e-08, 4.23897468238e-08, 1.67251457128e-07, 5.89267692419e-08, 1.62227797862e-09, 2.16738271774e-08, 5.02448438411e-09, 1.19619976147e-08, 3.84063355341e-07, 8.58076898425e-09, 3.75784914297e-09, 6.05332228787e-09, 2.92371566957e-08, 2.350839301e-09, 2.4406807686e-09, 3.15322368216e-09, 1.85766002581e-09, 9.48048417548e-10, 9.36249744399e-10, 3.39180461495e-10, 4.1083622615e-10, 6.05622635375e-11, 2.74255670257e-11, 2.60899045423e-11, 2.61011351421e-11, 1.39003157942e-11, 8.58074635651e-12, 1.11003341935e-11, 3.42234704118e-12, 1.41405062572e-12, 6.78006424875e-13, 5.27376265488e-13, 3.94885458967e-13, 2.61135541359e-13],
        "dvar2": [4.45119411552e-07, 5.4983956943e-07, 2.82541265051e-07, 3.35568586252e-07, 1.21018615573e-07, 8.84453470462e-08, 1.84762257049e-07, 9.00721701669e-08, 3.3173816405e-07, 1.19890984251e-07, 3.09242742524e-09, 4.16460430586e-08, 8.51018544523e-09, 2.42527846694e-08, 7.17583588994e-07, 1.75864691698e-08, 7.68662733464e-09, 1.56765285197e-08, 6.74646685184e-08, 5.03298647203e-09, 5.3084590057e-09, 6.95050239585e-09, 4.04184774538e-09, 2.13263162685e-09, 1.79354064933e-09, 6.74439171178e-10, 8.45591485721e-10, 1.32989494417e-10, 6.88997608966e-11, 6.98551008704e-11, 7.12037026562e-11, 3.810501914e-11, 2.2686443002e-11, 2.8316439471e-11, 8.7114152697e-12, 3.42796169055e-12, 1.59782701393e-12, 1.26867700373e-12, 9.42583576295e-13, 5.91881199e-13],
        "max": [0.00629633618519, 0.00831923726946, 0.00848843809217, 0.00495357066393, 0.00527815334499, 0.00408560270444, 0.00692774634808, 0.0048315692693, 0.0130783701316, 0.00791145209223, 0.00187114288565, 0.00669690221548, 0.00267190136947, 0.00291743921116, 0.021319584921, 0.00569141097367, 0.00205114739947, 0.00390966190025, 0.00860770046711, 0.00185503310058, 0.00122872530483, 0.00205207709223, 0.0013403117191, 0.00109135138337, 0.000695358146913, 0.000402150268201, 0.000793954823166, 0.000231733196415, 0.00011582528532, 0.000245084316703, 0.000141396289109, 0.000124112470075, 8.65458423505e-05, 0.000166595011251, 5.41967856407e-05, 2.92053973681e-05, 2.16126481973e-05, 2.36785344896e-05, 2.02138744498e-05, 1.61778061738e-05],
        "mean": [0.000301208259771, 0.000358393182978, 0.000128799467348, 0.000140418094816, 0.000226607153309, 0.000184744218132, 0.000194286418264, 0.000173186228494, 0.000340601167409, 0.000175499953912, 3.13646560244e-05, 8.63970199134e-05, 4.9956550356e-05, 5.88538387092e-05, 0.000164572149515, 3.58936849807e-05, 3.42207495123e-05, 2.76665432466e-05, 7.33640044928e-05, 3.20343860949e-05, 3.22589730786e-05, 3.15830511681e-05, 2.41027973971e-05, 1.74725919351e-05, 1.92446350411e-05, 1.08833264676e-05, 9.29234101932e-06, 5.0609723985e-06, 3.47686909663e-06, 2.34107483266e-06, 2.55879672295e-06, 1.79410142209e-06, 1.96617975234e-06, 1.91037383956e-06, 1.1414065284e-06, 8.64221419761e-07, 6.23384494247e-07, 5.02812440573e-07, 4.35860641801e-07, 3.45498847309e-07],
        "median": [0.000132708635647, 0.000167483376572, 2.75922520814e-05, 2.36603809753e-05, 4.55632034573e-05, 4.13132147514e-05, 3.16393961839e-05, 2.59067310253e-05, 4.09032945754e-05, 2.34428880503e-05, 5.86409396419e-06, 1.32116128952e-05, 1.16164892461e-05, 1.2061792404e-05, 1.27549919853e-05, 6.93420406606e-06, 8.52117682371e-06, 7.12847986506e-06, 1.28559386212e-05, 7.18069668437e-06, 6.2863855419e-06, 5.69594658373e-06, 4.70070244774e-06, 3.52586903318e-06, 3.23257245327e-06, 2.16063108383e-06, 1.60441175012e-06, 1.32638490413e-06, 1.12647387596e-06, 8.30929423046e-07, 7.64443370826e-07, 5.3795167787e-07, 6.72374312671e-07, 6.45753289064e-07, 3.53820951204e-07, 3.26715053234e-07, 2.65597350335e-07, 1.68705810211e-07, 1.46436178738e-07, 1.18920112868e-07],
        "min": [3.38551963706e-24, 9.52670554317e-24, 1.33921334451e-23, 1.38550354465e-23, 7.77011819994e-24, 3.2743456669e-24, 3.37763773332e-24, 4.47889110689e-24, 5.53224602957e-24, 3.59597234378e-24, 1.20642785932e-23, 6.01242802916e-24, 9.39687481539e-24, 6.27585471783e-24, 1.05272091518e-23, 1.41057591081e-23, 1.61763028364e-23, 1.16946507163e-23, 7.74839297061e-24, 5.67103348407e-24, 6.23489548191e-24, 7.14396932275e-24, 2.07348333959e-23, 1.83401419885e-23, 9.13589201781e-24, 1.03123573622e-23, 6.72231449144e-24, 7.11302625375e-24, 6.6151662757e-24, 9.24307849331e-24, 1.50334374445e-23, 1.54942252987e-23, 1.01250991383e-23, 6.29669287307e-24, 7.74770745048e-24, 7.77713590655e-24, 7.56243005626e-24, 1.10150162809e-23, 1.07812357739e-23, 8.77148718898e-24],
        "var": [2.616203858e-07, 3.59401070682e-07, 1.2118914583e-07, 1.42623960642e-07, 1.81169866664e-07, 1.12870630176e-07, 2.03755192274e-07, 1.54994538093e-07, 5.53576171569e-07, 1.84808413906e-07, 6.97562052565e-09, 8.15687855038e-08, 2.2320122639e-08, 2.66871111876e-08, 8.41591827339e-07, 1.69045453191e-08, 9.21749432337e-09, 6.4047682713e-09, 4.78955684002e-08, 6.03280714273e-09, 6.17536644043e-09, 6.31242302873e-09, 3.59361984614e-09, 1.61341384697e-09, 2.26813745563e-09, 7.72143293748e-10, 7.5044970238e-10, 1.53631635191e-10, 4.94425229924e-11, 2.85297896419e-11, 3.187410752e-11, 1.54077185038e-11, 1.3708381652e-11, 1.87084028824e-11, 6.04454463912e-12, 2.71456706939e-12, 1.42436399047e-12, 1.10777110141e-12, 8.22259957605e-13, 5.38901334581e-13]
    },
    "mfcc": {
        "mean": [-712.282043457, 92.9635925293, -20.0310668945, 9.46885871887, 0.874846339226, -1.4656509161, -9.04326915741, 0.574782967567, -3.77823209763, 2.06429862976, 3.58930301666, 4.03549098969, 5.01962184906],
        "cov": [[17347.4765625, 946.300354004, 932.453674316, 2155.78515625, 611.415771484, 572.820007324, 458.016937256, 802.438537598, 581.094787598, 541.426086426, 335.437591553, 172.537017822, 145.164352417], [946.300354004, 1232.89208984, 254.561981201, 3.77763795853, 99.0290527344, 18.3629226685, -8.3523273468, 7.37875413895, -17.9279785156, -28.8973407745, -78.049079895, -88.1417999268, -100.568336487], [932.453674316, 254.561981201, 1474.56262207, 390.662109375, 140.648132324, 293.571960449, 167.23626709, 155.3646698, 149.265335083, 58.0495643616, 16.2372703552, -31.2486858368, -125.127838135], [2155.78515625, 3.77763795853, 390.662109375, 723.397583008, 250.651184082, 153.006362915, 132.606063843, 194.181304932, 140.536636353, 115.093490601, 79.7715530396, 43.8772926331, 28.5656318665], [611.415771484, 99.0290527344, 140.648132324, 250.651184082, 270.89453125, 113.101707458, 85.5351257324, 99.8623504639, 84.4201965332, 56.0860214233, 40.3387947083, 32.6231956482, 34.7823867798], [572.820007324, 18.3629226685, 293.571960449, 153.006362915, 113.101707458, 239.763671875, 127.461372375, 98.8462219238, 82.8303909302, 45.6226997375, 25.5784778595, 22.8104286194, 8.03956508636], [458.016937256, -8.3523273468, 167.23626709, 132.606063843, 85.5351257324, 127.461372375, 190.086196899, 126.689277649, 71.2513580322, 59.5475502014, 45.7452392578, 40.9813919067, 34.9578285217], [802.438537598, 7.37875413895, 155.3646698, 194.181304932, 99.8623504639, 98.8462219238, 126.689277649, 186.420806885, 121.721763611, 80.4619522095, 61.4872283936, 46.67527771, 34.8484992981], [581.094787598, -17.9279785156, 149.265335083, 140.536636353, 84.4201965332, 82.8303909302, 71.2513580322, 121.721763611, 175.349899292, 108.996902466, 69.2917633057, 50.9747848511, 21.9666118622], [541.426086426, -28.8973407745, 58.0495643616, 115.093490601, 56.0860214233, 45.6226997375, 59.5475502014, 80.4619522095, 108.996902466, 169.687011719, 109.053955078, 66.6835479736, 36.2713127136], [335.437591553, -78.049079895, 16.2372703552, 79.7715530396, 40.3387947083, 25.5784778595, 45.7452392578, 61.4872283936, 69.2917633057, 109.053955078, 157.930252075, 106.471870422, 48.5113716125], [172.537017822, -88.1417999268, -31.2486858368, 43.8772926331, 32.6231956482, 22.8104286194, 40.9813919067, 46.67527771, 50.9747848511, 66.6835479736, 106.471870422, 144.170227051, 89.4329147339], [145.164352417, -100.568336487, -125.127838135, 28.5656318665, 34.7823867798, 8.03956508636, 34.9578285217, 34.8484992981, 21.9666118622, 36.2713127136, 48.5113716125, 89.4329147339, 157.649291992]],
