{
"lowlevel": {
    "average_loudness": 0.241636395454,
    "barkbands_crest": {
        "dmean": 2.80247998238,
        "dmean2": 4.50091266632,
        "dvar": 6.79163599014,
        "dvar2": 16.8723220825,
        "max": 26.810798645,
        "mean": 14.1717767715,
        "median": 13.3277406693,
        "min": 3.91282105446,
        "var": 25.6130046844
    },
    "barkbands_flatness_db": {
        "dmean": 0.0267671886832,
        "dmean2": 0.0417221859097,
        "dvar": 0.000760633382015,
        "dvar2": 0.00177712470759,
        "max": 0.669527351856,
        "mean": 0.355311304331,
        "median": 0.349717766047,
        "min": 0.0536915510893,
        "var": 0.00664355093613
    },
    "barkbands_kurtosis": {
        "dmean": 5.23913955688,
        "dmean2": 8.38649559021,
        "dvar": 341.926940918,
        "dvar2": 834.243591309,
        "max": 938.684387207,
        "mean": 8.70631027222,
        "median": 3.62254428864,
        "min": -1.82373738289,
        "var": 512.753051758
    },
    "barkbands_skewness": {
        "dmean": 0.661896526814,
        "dmean2": 1.03162157536,
        "dvar": 0.686248004436,
        "dvar2": 1.62579846382,
        "max": 24.2060070038,
        "mean": 1.01789259911,
        "median": 0.795871317387,
        "min": -4.61646938324,
        "var": 2.74986100197
    },
    "barkbands_spread": {
        "dmean": 1.43770396709,
        "dmean2": 2.28355431557,
        "dvar": 8.07350921631,
        "dvar2": 20.2354469299,
        "max": 117.912719727,
        "mean": 4.50372266769,
        "median": 3.38667917252,
        "min": 0.0303456541151,
        "var": 18.2079811096
    },
    "dissonance": {
        "dmean": 0.0560358129442,
        "dmean2": 0.0957874953747,
        "dvar": 0.0025004807394,
        "dvar2": 0.00725363148376,
        "max": 0.499999910593,
        "mean": 0.352972269058,
        "median": 0.362383931875,
        "min": 0.046482976526,
        "var": 0.00693971803412
    },
    "dynamic_complexity": 8.67991542816,
    "erbbands_crest": {
        "dmean": 3.07033038139,
        "dmean2": 4.81296777725,
        "dvar": 9.48094081879,
        "dvar2": 22.9106292725,
        "max": 33.9290351868,
        "mean": 18.0062942505,
        "median": 17.0901832581,
        "min": 2.03296041489,
        "var": 49.4682846069
    },
    "erbbands_flatness_db": {
        "dmean": 0.0223831180483,
        "dmean2": 0.0339534804225,
        "dvar": 0.000509775767568,
        "dvar2": 0.00116640934721,
        "max": 0.652316749096,
        "mean": 0.385123342276,
        "median": 0.379773169756,
        "min": 0.0233895778656,
        "var": 0.00605183187872
    },
    "erbbands_kurtosis": {
        "dmean": 3.17433953285,
        "dmean2": 4.95688581467,
        "dvar": 19.7829799652,
        "dvar2": 46.0293884277,
        "max": 173.20715332,
        "mean": 5.9681596756,
        "median": 3.41058492661,
        "min": -1.89920330048,
        "var": 71.3176269531
    },
    "erbbands_skewness": {
        "dmean": 0.521689713001,
        "dmean2": 0.804162323475,
        "dvar": 0.270554870367,
        "dvar2": 0.622113466263,
        "max": 11.2535982132,
        "mean": 0.991520702839,
        "median": 0.91623032093,
        "min": -3.78116226196,
        "var": 1.47844576836
    },
    "erbbands_spread": {
        "dmean": 2.10920333862,
        "dmean2": 3.26997065544,
        "dvar": 8.72378540039,
        "dvar2": 21.540561676,
        "max": 110.95766449,
        "mean": 7.97036027908,
        "median": 5.99587059021,
        "min": 0.260856211185,
        "var": 49.8807258606
    },
    "hfc": {
        "dmean": 3.49285316467,
        "dmean2": 5.64246082306,
        "dvar": 90.3925170898,
        "dvar2": 241.534927368,
        "max": 298.772033691,
        "mean": 8.01811504364,
        "median": 3.58902168274,
        "min": 1.10441045955e-16,
        "var": 156.932815552
    },
    "melbands_crest": {
        "dmean": 3.58268594742,
        "dmean2": 5.71004009247,
        "dvar": 12.0445976257,
        "dvar2": 28.8512611389,
        "max": 39.7581710815,
        "mean": 17.6106109619,
        "median": 16.734413147,
        "min": 1.00327813625,
        "var": 39.0844726562
    },
    "melbands_flatness_db": {
        "dmean": 0.0284512471408,
        "dmean2": 0.0439267531037,
        "dvar": 0.000952008820605,
        "dvar2": 0.00210077152587,
        "max": 0.785043418407,
        "mean": 0.453067958355,
        "median": 0.4516697824,
        "min": 1.25115619198e-07,
        "var": 0.0086704948917
    },
    "melbands_kurtosis": {
        "dmean": 5.11186552048,
        "dmean2": 8.00291538239,
        "dvar": 803.481506348,
        "dvar2": 1630.43994141,
        "max": 1993.78466797,
        "mean": 8.12085437775,
        "median": 3.41316795349,
        "min": -1.81263947487,
        "var": 1057.88012695
    },
    "melbands_skewness": {
        "dmean": 0.643909454346,
        "dmean2": 0.983142733574,
        "dvar": 0.616808891296,
        "dvar2": 1.26471889019,
        "max": 32.6984367371,
        "mean": 0.977080583572,
        "median": 0.798724353313,
        "min": -4.24320077896,
        "var": 2.72734069824
    },
    "melbands_spread": {
        "dmean": 2.11939358711,
        "dmean2": 3.34336400032,
        "dvar": 20.7024459839,
        "dvar2": 42.2498397827,
        "max": 174.388778687,
        "mean": 6.82562875748,
        "median": 5.16131305695,
        "min": 0.136173069477,
        "var": 61.7316093445
    },
    "pitch_salience": {
        "dmean": 0.0755848959088,
        "dmean2": 0.121133260429,
        "dvar": 0.00517662335187,
        "dvar2": 0.0124556617811,
        "max": 0.996033787727,
        "mean": 0.47096952796,
        "median": 0.474876999855,
        "min": 0.0167850255966,
        "var": 0.0164170730859
    },
    "silence_rate_20dB": {
        "dmean": 0,
        "dmean2": 0,
        "dvar": 0,
        "dvar2": 0,
        "max": 1,
        "mean": 1,
        "median": 1,
        "min": 1,
        "var": 0
    },
    "silence_rate_30dB": {
        "dmean": 0.0155421467498,
        "dmean2": 0.0310871358961,
        "dvar": 0.015301390551,
        "dvar2": 0.0367044098675,
        "max": 1,
        "mean": 0.985099196434,
        "median": 1,
        "min": 0,
        "var": 0.0146790947765
    },
    "silence_rate_60dB": {
        "dmean": 0.0457121953368,
        "dmean2": 0.0914327502251,
        "dvar": 0.0436132922769,
        "dvar2": 0.0947733968496,
        "max": 1,
        "mean": 0.327817887068,
        "median": 0,
        "min": 0,
        "var": 0.220338866115
    },
    "spectral_centroid": {
        "dmean": 52.2148513794,
        "dmean2": 80.0949554443,
        "dvar": 39891.2734375,
        "dvar2": 64653.5507812,
        "max": 11437.3876953,
        "mean": 548.479553223,
        "median": 513.362182617,
        "min": 85.6522979736,
        "var": 153968.796875
    },
    "spectral_complexity": {
        "dmean": 1.08685314655,
        "dmean2": 1.82298624516,
        "dvar": 1.58863651752,
        "dvar2": 3.92202425003,
        "max": 30,
        "mean": 7.15814971924,
        "median": 7,
        "min": 0,
        "var": 25.8466815948
    },
    "spectral_decrease": {
        "dmean": 2.19415619007e-09,
        "dmean2": 3.38868555438e-09,
        "dvar": 2.16955842736e-17,
        "dvar2": 5.08694371501e-17,
        "max": 7.91323883963e-20,
        "mean": -4.69879912757e-09,
        "median": -2.03965444534e-09,
        "min": -9.09899711132e-08,
        "var": 4.81130364298e-17
    },
    "spectral_energy": {
        "dmean": 0.00857612863183,
        "dmean2": 0.0132669825107,
        "dvar": 0.000333327130647,
        "dvar2": 0.000788202683907,
        "max": 0.359977573156,
        "mean": 0.0184616148472,
        "median": 0.00805105734617,
        "min": 1.01818703653e-20,
        "var": 0.000737636350095
    },
    "spectral_energyband_high": {
        "dmean": 2.74898707175e-06,
        "dmean2": 4.54681139672e-06,
        "dvar": 5.2361814884e-10,
        "dvar2": 1.48774370601e-09,
        "max": 0.000860007130541,
        "mean": 4.83827125208e-06,
        "median": 1.75070937303e-07,
        "min": 7.23439642939e-21,
        "var": 5.52588808045e-10
    },
    "spectral_energyband_low": {
        "dmean": 0.00304367719218,
        "dmean2": 0.00447869021446,
        "dvar": 0.000104237340565,
        "dvar2": 0.000195329848793,
        "max": 0.174755826592,
        "mean": 0.00395045941696,
        "median": 0.000143412908074,
        "min": 3.01349630514e-23,
        "var": 0.000154383014888
    },
    "spectral_energyband_middle_high": {
        "dmean": 0.000733924389351,
        "dmean2": 0.00116269744467,
        "dvar": 2.39335695369e-05,
        "dvar2": 6.44328029011e-05,
        "max": 0.227478072047,
        "mean": 0.00145455973689,
        "median": 0.000415614864323,
        "min": 1.21206122864e-21,
        "var": 2.25806033995e-05
    },
    "spectral_energyband_middle_low": {
        "dmean": 0.0062358318828,
        "dmean2": 0.0100807137787,
        "dvar": 0.000199053014512,
        "dvar2": 0.000523557711858,
        "max": 0.324617445469,
        "mean": 0.0133254379034,
        "median": 0.00567338382825,
        "min": 2.40900248022e-22,
        "var": 0.000403397600166
    },
    "spectral_entropy": {
        "dmean": 0.201381623745,
        "dmean2": 0.31280207634,
        "dvar": 0.0461302287877,
        "dvar2": 0.10617941618,
        "max": 9.82654190063,
        "mean": 5.59634590149,
        "median": 5.64012861252,
        "min": 3.26557374001,
        "var": 0.446145296097
    },
    "spectral_flux": {
        "dmean": 0.0214745085686,
        "dmean2": 0.0347412899137,
        "dvar": 0.00111526285764,
        "dvar2": 0.00264163804241,
        "max": 0.516777217388,
        "mean": 0.052526358515,
        "median": 0.0348145887256,
        "min": 6.65324600968e-11,
        "var": 0.00313352490775
    },
    "spectral_kurtosis": {
        "dmean": 28.8900585175,
        "dmean2": 48.9271583557,
        "dvar": 1085.24304199,
        "dvar2": 3038.50830078,
        "max": 545.305786133,
        "mean": 88.7671356201,
        "median": 74.0502853394,
        "min": -1.22223222256,
        "var": 4839.68017578
    },
    "spectral_rms": {
        "dmean": 0.000752708525397,
        "dmean2": 0.00112610892393,
        "dvar": 1.2665103668e-06,
        "dvar2": 2.73766158898e-06,
        "max": 0.0187402684242,
        "mean": 0.00332236010581,
        "median": 0.00280262203887,
        "min": 3.15175056192e-12,
        "var": 6.97329323884e-06
    },
    "spectral_rolloff": {
        "dmean": 95.3443527222,
        "dmean2": 165.226211548,
        "dvar": 325447.71875,
        "dvar2": 689408.75,
        "max": 19401.4160156,
        "mean": 659.559814453,
        "median": 602.9296875,
        "min": 21.533203125,
        "var": 691979.1875
    },
    "spectral_skewness": {
        "dmean": 1.36625277996,
        "dmean2": 2.33584737778,
        "dvar": 1.47823822498,
        "dvar2": 4.0454325676,
        "max": 19.2738647461,
        "mean": 6.59213733673,
        "median": 6.16981601715,
        "min": -0.0567167140543,
        "var": 10.1003551483
    },
    "spectral_spread": {
        "dmean": 340577.15625,
        "dmean2": 594619,
        "dvar": 570828259328,
        "dvar2": 1.1068932096e+12,
        "max": 41851976,
        "mean": 1287923.75,
        "median": 1090590.375,
        "min": 159687.859375,
        "var": 2.20963930112e+12
    },
    "spectral_strongpeak": {
        "dmean": 0.464393019676,
        "dmean2": 0.754185378551,
        "dvar": 0.556404352188,
        "dvar2": 1.42754352093,
        "max": 13.4149980545,
        "mean": 1.09254181385,
        "median": 0.760152459145,
        "min": 0,
        "var": 1.20760560036
    },
    "zerocrossingrate": {
        "dmean": 0.00277621229179,
        "dmean2": 0.00362503179349,
        "dvar": 0.000198091438506,
        "dvar2": 0.000357538898243,
        "max": 0.52197265625,
        "mean": 0.0250852201134,
        "median": 0.02392578125,
        "min": 0.0029296875,
        "var": 0.000532853649929
    },
    "barkbands": {
        "dmean": [0.000605843088124, 0.00227554817684, 0.000607117428444, 0.000252753088716, 0.00110413925722, 0.00176467269193, 0.00146099727135, 0.00278681097552, 0.000438424642198, 0.000337314151693, 0.00022029626416, 0.000205337855732, 8.7732267275e-05, 6.89235093887e-05, 4.45595687779e-05, 1.2700530533e-05, 2.75968850474e-05, 5.52259962205e-06, 3.31046339852e-06, 3.74310138795e-06, 1.24435075577e-06, 4.66933954613e-07, 1.59915458653e-07, 6.33838297404e-08, 3.38944801115e-08, 2.12815578493e-08, 2.12464943417e-08],
        "dmean2": [0.000987472129054, 0.00344454287551, 0.0010013889987, 0.0004301207955, 0.00177386426367, 0.00290856673382, 0.00228505651467, 0.00451764650643, 0.000734596280381, 0.000539339031093, 0.000326666602632, 0.000345687352819, 0.000154485576786, 0.0001120308807, 6.59731886117e-05, 1.82968960871e-05, 4.49252365797e-05, 8.64726644068e-06, 5.38874792255e-06, 5.78863591727e-06, 2.13259295379e-06, 8.04287026313e-07, 2.68049092256e-07, 1.10262234898e-07, 5.88986317496e-08, 3.78815450119e-08, 3.75557789312e-08],
        "dvar": [7.20942898624e-06, 7.27224323782e-05, 7.21586275176e-06, 1.33364562771e-06, 2.32327984122e-05, 2.44670882239e-05, 2.42608184635e-05, 7.31205072952e-05, 4.13529960497e-06, 7.88720353739e-06, 9.32506964091e-07, 6.19783531874e-06, 2.02773389901e-06, 6.0749982822e-08, 2.93838695598e-08, 1.29014647854e-08, 2.20644835736e-08, 8.93476626018e-10, 1.94773863704e-10, 4.26826490818e-10, 1.38973221819e-10, 5.29120497417e-11, 2.82117580165e-12, 3.05323583256e-13, 9.43696347195e-14, 4.82258072994e-14, 5.4121536083e-14],
        "dvar2": [1.76227076736e-05, 0.000138632036396, 1.96778091777e-05, 3.85908924727e-06, 5.95163946855e-05, 6.80187513353e-05, 6.56141273794e-05, 0.00019173725741, 1.06795914689e-05, 2.06438944588e-05, 2.40053509515e-06, 1.72179607034e-05, 5.3056996876e-06, 1.53319433593e-07, 6.42474446977e-08, 1.85197475133e-08, 5.93359175127e-08, 2.11573758513e-09, 5.01327257485e-10, 1.0423409913e-09, 3.98845068084e-10, 1.53443147077e-10, 8.00859378813e-12, 8.8115680117e-13, 2.70426476351e-13, 1.39336066014e-13, 1.48627651527e-13],
        "max": [0.0427134670317, 0.136611789465, 0.0831475555897, 0.0242377966642, 0.206713154912, 0.103324234486, 0.185719445348, 0.269569128752, 0.0754446536303, 0.0868189036846, 0.0310407541692, 0.14477699995, 0.0776566192508, 0.00679483637214, 0.00672612106428, 0.0143632199615, 0.00674440246075, 0.00180581538007, 0.00054113403894, 0.000966530817095, 0.000341365957865, 0.000367672910215, 7.12948094588e-05, 2.24215000344e-05, 9.80920412985e-06, 5.6457915889e-06, 8.55379767017e-06],
        "mean": [0.000485289987409, 0.00254852953367, 0.000793434912339, 0.000296277110465, 0.00183182803448, 0.0027231851127, 0.00297408318147, 0.0045924987644, 0.000618195394054, 0.000466339319246, 0.000443212629762, 0.00025702372659, 9.56232615863e-05, 0.00010849613318, 0.000112273693958, 2.90936768579e-05, 5.52392884856e-05, 1.20563554447e-05, 7.24924257156e-06, 9.12230098038e-06, 1.6178991018e-06, 5.97966959504e-07, 2.0894722752e-07, 7.50732525034e-08, 3.57174627652e-08, 2.05773034168e-08, 2.48731382158e-08],
        "median": [3.72488074163e-07, 4.34070607298e-05, 2.47877178481e-05, 1.39438552651e-05, 0.000331842631567, 0.000508330587763, 0.000390974950278, 0.00103433593176, 5.80150626774e-05, 9.5620736829e-05, 6.75294213579e-05, 3.64981060557e-05, 8.593309758e-06, 9.54385177465e-06, 6.44365900371e-06, 1.90367563846e-06, 2.37679955717e-06, 7.55672260766e-07, 3.24110999372e-07, 1.46149488955e-07, 4.56163746776e-08, 1.57788822008e-08, 5.23867527136e-09, 3.95370491901e-09, 1.45826850595e-09, 1.05368291869e-09, 1.52481516302e-09],
        "min": [5.39467618188e-24, 4.48014066256e-24, 7.08039443076e-25, 4.87041263491e-24, 1.60357814656e-23, 1.36986232617e-23, 1.56567006685e-23, 1.49284889674e-23, 4.63372257225e-23, 5.32680535061e-23, 4.00424722639e-23, 3.5568895713e-23, 5.83491002857e-23, 4.69333174214e-23, 7.97816874632e-23, 7.63001602986e-23, 8.77428717187e-23, 6.90921615027e-23, 1.17880848219e-22, 1.10109621669e-22, 2.45493160295e-22, 3.77543553337e-22, 4.62941797917e-22, 6.06568251426e-22, 1.08533699724e-21, 1.40849410688e-21, 2.04443464116e-21],
        "var": [6.20637865723e-06, 9.49167151703e-05, 7.12721566742e-06, 1.33640435251e-06, 3.27730558638e-05, 4.13126144849e-05, 4.64798322355e-05, 9.84361104202e-05, 5.40569271834e-06, 6.71717270961e-06, 1.25657334138e-06, 4.10169786846e-06, 1.47260243466e-06, 1.21621326343e-07, 1.75022904614e-07, 1.29366554802e-07, 7.27649123178e-08, 3.2681237716e-09, 6.40458075463e-10, 1.60873370181e-09, 1.09665471149e-10, 3.5413564442e-11, 2.55147205447e-12, 2.21906531778e-13, 7.2566796593e-14, 2.95018289041e-14, 5.46825022871e-14]
    },
    "erbbands": {
        "dmean": [0.103161223233, 0.452181696892, 0.720226347446, 0.830093741417, 0.998961031437, 3.90053963661, 10.5866107941, 13.0487375259, 22.0273666382, 30.1395568848, 63.0597305298, 11.3704156876, 11.091293335, 7.49934864044, 7.10571718216, 8.70156860352, 4.65260314941, 3.65040874481, 1.82746398449, 2.30033111572, 1.20903730392, 0.872819364071, 0.314078837633, 0.157510116696, 0.232814267278, 0.155441090465, 0.0529048256576, 0.0432252846658, 0.0224982202053, 0.00750951655209, 0.0039798640646, 0.00190237816423, 0.000947323220316, 0.00048701025662, 0.000203695977689, 0.000112483328849, 3.22665073327e-05, 9.12670384423e-06, 6.29172654953e-06, 9.7445999927e-06],
        "dmean2": [0.144008725882, 0.743333756924, 1.1840916872, 1.37523138523, 1.65559947491, 6.28693580627, 17.4940681458, 21.554107666, 34.5673332214, 49.6230278015, 102.274398804, 18.4570846558, 17.5279865265, 10.7808971405, 11.6794157028, 14.6156482697, 8.04421329498, 5.87765884399, 2.87239861488, 3.29673814774, 1.8515818119, 1.41018271446, 0.501259505749, 0.253400474787, 0.375831723213, 0.234118118882, 0.0857178717852, 0.0739972442389, 0.0397315695882, 0.0129749439657, 0.00656847702339, 0.00316353118978, 0.00165310758166, 0.000817565771285, 0.00036573514808, 0.000201364091481, 5.66638918826e-05, 1.64089506143e-05, 1.01735604403e-05, 1.51350859596e-05],
        "dvar": [0.152849659324, 3.30634593964, 9.2115650177, 13.2027902603, 15.509095192, 312.560455322, 1631.65026855, 1752.69396973, 4371.47900391, 18509.3984375, 28830.1601562, 1688.98571777, 7034.91992188, 1402.50524902, 2536.44848633, 11851.59375, 5599.86083984, 151.966033936, 71.9482574463, 90.8275299072, 34.041633606, 25.3688716888, 2.66753029823, 0.636052191257, 1.03970718384, 0.616501688957, 0.137474238873, 0.257962077856, 0.167023211718, 0.00723106740043, 0.00185230863281, 0.000287492264761, 6.63451501168e-05, 1.7345917513e-05, 4.18310628447e-06, 1.35439142923e-06, 1.14028779308e-07, 1.04923723043e-08, 8.91717089058e-10, 4.42478359508e-10],
        "dvar2": [0.298012882471, 7.8698682785, 24.9400024414, 35.908454895, 44.867893219, 768.678405762, 4250.75927734, 4951.17138672, 11062.8007812, 49256.2773438, 78633.0625, 4445.63720703, 18658.3300781, 3439.94848633, 6831.24951172, 32504.34375, 15037.9589844, 373.983642578, 176.947662354, 175.519973755, 75.8216705322, 66.4736099243, 6.55299806595, 1.66755056381, 2.66666436195, 1.40440094471, 0.377219438553, 0.750766634941, 0.487758517265, 0.0209298692644, 0.00521649047732, 0.000811148434877, 0.000191864310182, 4.81928436784e-05, 1.220856484e-05, 3.9167880459e-06, 3.30686816596e-07, 3.04808729368e-08, 2.47238851614e-09, 1.06724096227e-09],
        "max": [6.60757780075, 31.5488739014, 93.4705657959, 82.3996429443, 82.4581756592, 879.185791016, 1681.33728027, 977.914672852, 1405.62597656, 4561.02148438, 3714.5925293, 1529.84387207, 3307.36303711, 1394.99145508, 1887.63366699, 6273.20117188, 4252.67089844, 387.528137207, 425.226226807, 398.755584717, 415.277435303, 210.806625366, 88.5858612061, 36.8789138794, 41.4967079163, 35.6855659485, 10.483584404, 18.1468334198, 20.3815040588, 3.76844882965, 2.11823320389, 0.686406254768, 0.262052804232, 0.134992882609, 0.0748361647129, 0.0362713672221, 0.0101233338937, 0.00353121990338, 0.000725944817532, 0.000410799111705],
        "mean": [0.101326927543, 0.462204515934, 0.925076544285, 1.0864610672, 1.71281564236, 6.71965789795, 15.7882566452, 20.260843277, 41.4495162964, 50.3823699951, 110.195732117, 20.0332946777, 16.4032325745, 15.9126529694, 10.3885211945, 11.2320899963, 5.63621902466, 6.11880779266, 4.27274370193, 5.22087907791, 2.88166356087, 1.84843182564, 0.719986736774, 0.321368664503, 0.539288878441, 0.374358266592, 0.0969589874148, 0.0526714883745, 0.0265127010643, 0.00934457685798, 0.0055635990575, 0.00264024292119, 0.00108115607873, 0.000588928640354, 0.000195850036107, 0.000107707834104, 3.77426367777e-05, 1.10037817649e-05, 1.19224278023e-05, 2.11368114833e-05],
        "median": [0.000828451826237, 0.00991829950362, 0.0309042017907, 0.0511355698109, 0.208557799459, 1.02036070824, 3.4391245842, 3.44129395485, 6.34353351593, 14.6537370682, 19.9733257294, 3.84011673927, 3.64248371124, 3.1431889534, 1.93786168098, 1.6989992857, 0.660622477531, 0.668977797031, 0.390530794859, 0.282218575478, 0.164494201541, 0.0984328687191, 0.0560967177153, 0.024926232174, 0.0109332222492, 0.00722782686353, 0.00322164432146, 0.00105136993807, 0.000600548984949, 0.000301081803627, 0.000162670970894, 0.000103851860331, 6.58304343233e-05, 3.01463824144e-05, 1.61596617545e-05, 1.02100420918e-05, 5.29849830855e-06, 1.36280505103e-06, 4.40939311375e-06, 9.18992554944e-06],
        "min": [2.49527584291e-22, 7.68884624694e-22, 1.81021550227e-21, 8.3051607297e-21, 4.26823483555e-20, 5.00987915665e-20, 4.82691843738e-20, 1.62242921003e-19, 1.48906029493e-19, 3.29310502175e-19, 3.32140467997e-19, 1.12400672395e-18, 1.18930043239e-18, 1.6930337799e-18, 1.3946845188e-18, 1.75149642405e-18, 3.09244925482e-18, 3.26024842555e-18, 4.5029512247e-18, 4.31904788142e-18, 4.29188202933e-18, 5.84740261586e-18, 4.98697182423e-18, 8.78788741842e-18, 7.2812275635e-18, 6.13968150864e-18, 1.19169586473e-17, 1.04047393115e-17, 1.28611753904e-17, 1.53634405839e-17, 1.34970613873e-17, 1.36285988211e-17, 9.25365958646e-18, 1.07385819621e-17, 7.94186942178e-18, 5.29780479173e-18, 2.60841004372e-18, 9.14578344726e-19, 2.75893969951e-19, 3.14185394815e-20],
        "var": [0.195756494999, 3.11416816711, 8.95058917999, 15.5064477921, 23.3018608093, 533.612915039, 2136.40576172, 2718.31054688, 9810.45214844, 18582.3789062, 50304.6914062, 2428.00561523, 6207.48535156, 1890.31835938, 2134.75952148, 8091.18408203, 3852.58618164, 354.588623047, 272.373779297, 523.935241699, 210.506530762, 70.6698684692, 10.1677103043, 1.26405727863, 3.86952352524, 2.44023871422, 0.194331020117, 0.168860569596, 0.101676568389, 0.00516249006614, 0.00175117817707, 0.00030892790528, 4.44314282504e-05, 1.60820054589e-05, 2.63803417511e-06, 8.21038725007e-07, 6.96518469567e-08, 6.54611387318e-09, 9.97740445818e-10, 9.76770220262e-10]
    },
    "gfcc": {
        "mean": [-264.970275879, 211.491790771, -118.117301941, -45.5722427368, -51.3140640259, -32.9096679688, -23.3549900055, -7.21005916595, -3.84079051018, -5.25356912613, -0.855232954025, -9.27335357666, 0.113917522132],
        "cov": [[33447.2070312, 2468.28271484, -4899.50146484, 2688.75756836, 2286.78540039, 539.738647461, 1027.22814941, 238.736236572, 648.690490723, 292.654388428, 867.627258301, -146.677185059, 263.095550537], [2468.28271484, 1201.9621582, 93.5018997192, -158.328582764, 431.124572754, 95.1805953979, 221.598754883, 93.5865097046, 79.730430603, -52.4417724609, 76.5645141602, -19.2638988495, 5.65875196457], [-4899.50146484, 93.5018997192, 2078.6472168, -176.118469238, -98.5425567627, 445.011138916, 38.2470703125, 181.775115967, -58.5959854126, -53.6324272156, -135.035385132, -30.6182765961, -214.970016479], [2688.75756836, -158.328582764, -176.118469238, 1022.64044189, 385.791046143, 279.057312012, 157.511581421, 32.021068573, 46.0082626343, 73.7429504395, 56.3144989014, -32.8412971497, -45.2028884888], [2286.78540039, 431.124572754, -98.5425567627, 385.791046143, 569.26776123, 226.877349854, 174.741760254, 89.9386138916, 76.7929077148, 25.7963294983, 79.449546814, -2.05280375481, -7.36664915085], [539.738647461, 95.1805953979, 445.011138916, 279.057312012, 226.877349854, 532.535522461, 191.500961304, 167.784957886, 87.4485015869, -13.5424423218, -5.73740434647, -21.5087451935, -91.0021209717], [1027.22814941, 221.598754883, 38.2470703125, 157.511581421, 174.741760254, 191.500961304, 288.707122803, 153.071578979, 75.0178222656, -4.11169099808, -4.73976898193, -15.3767156601, -15.8441524506], [238.736236572, 93.5865097046, 181.775115967, 32.021068573, 89.9386138916, 167.784957886, 153.071578979, 241.462005615, 109.521621704, -7.33980369568, -3.89739751816, -19.0937576294, -10.1449041367], [648.690490723, 79.730430603, -58.5959854126, 46.0082626343, 76.7929077148, 87.4485015869, 75.0178222656, 109.521621704, 167.697921753, 48.6673698425, 30.1841106415, -6.79702234268, 4.24222278595], [292.654388428, -52.4417724609, -53.6324272156, 73.7429504395, 25.7963294983, -13.5424423218, -4.11169099808, -7.33980369568, 48.6673698425, 129.946716309, 56.1753387451, 4.25127792358, 9.07023048401], [867.627258301, 76.5645141602, -135.035385132, 56.3144989014, 79.449546814, -5.73740434647, -4.73976898193, -3.89739751816, 30.1841106415, 56.1753387451, 141.486587524, 40.8325157166, 33.4795532227], [-146.677185059, -19.2638988495, -30.6182765961, -32.8412971497, -2.05280375481, -21.5087451935, -15.3767156601, -19.0937576294, -6.79702234268, 4.25127792358, 40.8325157166, 102.794166565, 44.2573471069], [263.095550537, 5.65875196457, -214.970016479, -45.2028884888, -7.36664915085, -91.0021209717, -15.8441524506, -10.1449041367, 4.24222278595, 9.07023048401, 33.4795532227, 44.2573471069, 125.025871277]],
        "icov": [[0.000147901955643, -0.000433876062743, 0.000431628897786, -0.000357706710929, 0.000199860034627, -0.000293543445878, 0.000130280313897, -0.000278474297374, 0.000168110564118, -0.000162089709193, -0.000287920818664, 0.000120312222862, 0.000153814893565], [-0.000433876062743, 0.0036280429922, -0.00175908731762, 0.00231221667491, -0.00293573923409, 0.00163957197219, -0.00236122822389, 0.00239646364935, -0.00175120227505, 0.00226489314809, -0.000862543005496, 0.00112846610136, -0.000797537097242], [0.000431628897786, -0.00175908731762, 0.00230680615641, -0.000994469271973, 0.00119979772717, -0.00191333715338, 0.00129065150395, -0.00215822993778, 0.00189314305317, -0.00153077021241, 9.02095052879e-05, -0.000480946997413, 0.00163749675266], [-0.000357706710929, 0.00231221667491, -0.000994469271973, 0.00318273878656, -0.00248681032099, 0.0002447461884, -0.00156788248569, 0.00178617646452, -0.000415865535615, 0.000269342417596, -7.71416671341e-05, 0.000824721937533, -0.00020995385421], [0.000199860034627, -0.00293573923409, 0.00119979772717, -0.00248681032099, 0.0056890193373, -0.00183798826765, 0.00112306175288, -0.00184442615137, 0.00119101721793, -0.00145090790465, -0.000241093410295, -0.00107512052637, 0.000376175477868], [-0.000293543445878, 0.00163957197219, -0.00191333715338, 0.0002447461884, -0.00183798826765, 0.00532871158794, -0.00212656985968, 0.000536507286597, -0.00233929115348, 0.00225358153693, -0.000372059148503, -0.000273647485301, 0.000998906092718], [0.000130280313897, -0.00236122822389, 0.00129065150395, -0.00156788248569, 0.00112306175288, -0.00212656985968, 0.00850462075323, -0.00522771151736, 0.00176527665462, -0.00202281144448, 0.00248443265446, -0.00155115977395, 0.00062754919054], [-0.000278474297374, 0.00239646364935, -0.00215822993778, 0.00178617646452, -0.00184442615137, 0.000536507286597, -0.00522771151736, 0.0117696151137, -0.00679498212412, 0.00383123848587, -0.00133272376843, 0.00249449140392, -0.00258671259508], [0.000168110564118, -0.00175120227505, 0.00189314305317, -0.000415865535615, 0.00119101721793, -0.00233929115348, 0.00176527665462, -0.00679498212412, 0.0128192789853, -0.00598476454616, 0.000609998009168, -0.000675004499499, 0.000944858649746], [-0.000162089709193, 0.00226489314809, -0.00153077021241, 0.000269342417596, -0.00145090790465, 0.00225358153693, -0.00202281144448, 0.00383123848587, -0.00598476454616, 0.013400407508, -0.00534271262586, 0.00219211820513, -0.000801095273346], [-0.000287920818664, -0.000862543005496, 9.02095052879e-05, -7.71416671341e-05, -0.000241093410295, -0.000372059148503, 0.00248443265446, -0.00133272376843, 0.000609998009168, -0.00534271262586, 0.0132399396971, -0.00525843771175, -0.000623269414064], [0.000120312222862, 0.00112846610136, -0.000480946997413, 0.000824721937533, -0.00107512052637, -0.000273647485301, -0.00155115977395, 0.00249449140392, -0.000675004499499, 0.00219211820513, -0.00525843771175, 0.0144634870812, -0.00493759056553], [0.000153814893565, -0.000797537097242, 0.00163749675266, -0.00020995385421, 0.000376175477868, 0.000998906092718, 0.00062754919054, -0.00258671259508, 0.000944858649746, -0.000801095273346, -0.000623269414064, -0.00493759056553, 0.0130100371316]]
    },
    "melbands": {
        "dmean": [0.00075135298539, 0.000445633399067, 0.000138612595038, 0.000142913515447, 0.000335004355293, 0.000329186703311, 0.000333865842549, 0.000370452122297, 0.000482641044073, 4.57358146377e-05, 5.62126115256e-05, 3.02689441014e-05, 2.40500703512e-05, 1.71832962224e-05, 3.03968809021e-05, 3.11631401928e-06, 8.00078305474e-06, 3.00248666463e-06, 3.03023784909e-06, 2.16851708501e-06, 1.75384525392e-06, 1.33071966957e-06, 4.07290059456e-07, 1.53028850036e-07, 1.38069268019e-07, 1.65261667462e-07, 1.81929820542e-07, 8.65344134127e-08, 3.40852537306e-08, 3.47278898971e-08, 2.16175486401e-08, 1.36449234134e-08, 7.06668501493e-09, 3.36679084612e-09, 2.29382757233e-09, 1.99678407142e-09, 9.53910617163e-10, 7.22148840726e-10, 4.91967466765e-10, 4.08885481029e-10],
        "dmean2": [0.00106689648237, 0.000725859135855, 0.000230682475376, 0.000231096273637, 0.000545384187717, 0.000538546533789, 0.00052707240684, 0.000613581389189, 0.000780353904702, 7.50626786612e-05, 8.91286035767e-05, 4.4232714572e-05, 3.78400327463e-05, 2.85084952338e-05, 5.22105910932e-05, 5.27707061337e-06, 1.28763467728e-05, 4.80430753669e-06, 4.59128887087e-06, 2.99858766084e-06, 2.76365085483e-06, 2.17535125557e-06, 6.53388894989e-07, 2.43669404654e-07, 2.26727806307e-07, 2.70884612519e-07, 2.87684002842e-07, 1.27810196204e-07, 5.54642731743e-08, 5.91750612955e-08, 3.73064814596e-08, 2.40831088405e-08, 1.17144232092e-08, 5.99880634056e-09, 3.87411525082e-09, 3.02673042185e-09, 1.64603441988e-09, 1.2768086588e-09, 8.49910974932e-10, 6.64347021839e-10],
        "dvar": [7.68200879975e-06, 2.92671893476e-06, 3.58075652684e-07, 3.05901693309e-07, 1.86807108093e-06, 1.05741423795e-06, 9.93161279439e-07, 2.62573325926e-06, 1.68851488525e-06, 4.27805737502e-08, 1.9289856823e-07, 3.65598111784e-08, 1.92328997173e-08, 1.39098217389e-08, 2.65622247753e-07, 6.69715893853e-10, 7.59220963875e-10, 2.51221987657e-10, 1.24034477134e-10, 1.57763219155e-10, 7.34395599888e-11, 5.50697196178e-11, 5.92932473953e-12, 4.55253835931e-13, 5.46487605602e-13, 4.63833778244e-13, 1.0907689682e-12, 1.97905304341e-13, 6.47206965213e-14, 1.20216391095e-13, 7.82533082387e-14, 6.33855150984e-14, 8.50610136797e-15, 1.30039780315e-15, 8.05062888234e-16, 3.05121331694e-16, 8.36339288644e-17, 4.52607654764e-17, 1.48204775755e-17, 1.34299472611e-17],
        "dvar2": [1.36579028549e-05, 7.62372337704e-06, 1.01901821381e-06, 7.77974776156e-07, 4.85043483422e-06, 2.92316963169e-06, 2.57799479186e-06, 6.87779720465e-06, 4.60956016468e-06, 1.10584963409e-07, 5.09260985382e-07, 9.15895554954e-08, 5.18140836903e-08, 3.88701586473e-08, 7.20671835097e-07, 1.79652459575e-09, 1.85928061835e-09, 6.43284370216e-10, 2.91994484147e-10, 2.37187908203e-10, 1.91075669176e-10, 1.47343595658e-10, 1.47546818513e-11, 1.09823608541e-12, 1.45409834347e-12, 1.21647809014e-12, 2.83319678482e-12, 4.34926725711e-13, 1.79809956529e-13, 3.38973695033e-13, 2.27388745853e-13, 1.85194524646e-13, 2.36187209113e-14, 3.80562543487e-15, 2.31578977186e-15, 6.79328470511e-16, 2.40320637781e-16, 1.31335767194e-16, 4.25745328331e-17, 3.50387520166e-17],
        "max": [0.0479839369655, 0.0419564321637, 0.0138634620234, 0.0250567514449, 0.0560221634805, 0.0225718766451, 0.0252642631531, 0.0594989582896, 0.0255416613072, 0.00848620105535, 0.0167032852769, 0.0075225122273, 0.00495541514829, 0.00453267758712, 0.0302060451359, 0.00115099165123, 0.00086550769629, 0.000667491869535, 0.000374439434381, 0.00138298352249, 0.000381005113013, 0.000309529452352, 0.000137063325383, 2.36876967392e-05, 3.41415143339e-05, 3.29854810843e-05, 4.49349354312e-05, 2.07737848541e-05, 8.89216516953e-06, 9.21301034396e-06, 1.00922725323e-05, 1.28224810396e-05, 4.15299109591e-06, 1.64330629104e-06, 1.55777070177e-06, 1.029575742e-06, 4.26077605198e-07, 2.09847954125e-07, 1.19333932957e-07, 1.77571266136e-07],
        "mean": [0.000816403189674, 0.000534132821485, 0.000196139459149, 0.00025847015786, 0.000523648515809, 0.000518829619978, 0.000654267496429, 0.000596173806116, 0.000839287182316, 7.3854913353e-05, 7.87941244198e-05, 6.0111287894e-05, 4.11461005569e-05, 2.33246155403e-05, 3.27480956912e-05, 4.67537847726e-06, 1.28614265122e-05, 6.10375900578e-06, 7.12794690116e-06, 5.02585680806e-06, 3.66868493984e-06, 2.64395134764e-06, 8.13092640328e-07, 3.56181146799e-07, 2.27346774295e-07, 3.37322688893e-07, 4.31801510103e-07, 1.98224569203e-07, 6.10635595422e-08, 4.40210143893e-08, 2.47377816009e-08, 1.54686627951e-08, 9.52018819333e-09, 3.65244567924e-09, 2.96169289093e-09, 3.18886295148e-09, 1.10498854511e-09, 7.41904426782e-10, 5.48660616939e-10, 4.96013619067e-10],
        "median": [1.03736447272e-05, 1.73947828443e-05, 1.14946633403e-05, 3.89548986277e-05, 0.00010423247295, 8.17842956167e-05, 9.38228840823e-05, 0.000187970115803, 0.000130581436679, 1.28487899929e-05, 1.25328588183e-05, 9.97436927719e-06, 6.89758280714e-06, 3.31647538587e-06, 3.02682451547e-06, 5.0867703294e-07, 1.15708030535e-06, 5.16465092915e-07, 4.64610337758e-07, 2.44042155373e-07, 1.64394165836e-07, 1.16527033356e-07, 5.49779208825e-08, 2.87594623671e-08, 1.8581159722e-08, 7.56728812945e-09, 6.14743278504e-09, 3.80572284797e-09, 2.21219709218e-09, 6.50952181047e-10, 4.56811838356e-10, 3.3392050236e-10, 1.67100347448e-10, 1.26195567884e-10, 8.64856936067e-11, 5.92484603046e-11, 5.37054012373e-11, 4.11259880317e-11, 2.3269679586e-11, 1.47902072534e-11],
        "min": [3.20155687953e-24, 1.78113787789e-24, 4.26998496196e-24, 2.98593240071e-24, 1.78604124006e-24, 3.5728397866e-24, 2.53239437541e-24, 3.86989127692e-24, 2.96967772454e-24, 7.08558414944e-24, 6.09127664879e-24, 6.61933422229e-24, 5.09571328159e-24, 3.33389381841e-24, 6.14060924879e-24, 6.46718819722e-24, 5.03299016216e-24, 6.55558085051e-24, 5.33952336612e-24, 5.52401111058e-24, 3.79441385436e-24, 4.90681304366e-24, 6.27846505856e-24, 2.68059313772e-24, 6.69257049101e-24, 4.7279337058e-24, 6.05307487617e-24, 3.3437581296e-24, 5.63960013801e-24, 6.62795173882e-24, 5.15042630739e-24, 5.95266787129e-24, 6.95051538524e-24, 7.82128529598e-24, 7.38955828863e-24, 6.95172786446e-24, 7.54783060749e-24, 6.57623717332e-24, 6.47741814544e-24, 8.59012806687e-24],
        "var": [1.0838532944e-05, 2.7869339192e-06, 4.01415690021e-07, 5.70146141854e-07, 2.44945886152e-06, 1.7765563598e-06, 2.24804693971e-06, 2.57473925558e-06, 3.00076885651e-06, 5.42622267119e-08, 1.69069338085e-07, 3.97703807664e-08, 1.83779356178e-08, 1.17443583747e-08, 1.76971724386e-07, 5.87829174226e-10, 1.73219505406e-09, 6.58594900838e-10, 6.55592635734e-10, 1.41464018277e-09, 2.87824986067e-10, 1.56923668504e-10, 1.67913564997e-11, 1.73543633891e-12, 8.00563771091e-13, 1.71562731469e-12, 3.40656951432e-12, 7.5225893223e-13, 8.04450364829e-14, 1.05644659687e-13, 4.9999856821e-14, 3.76843941794e-14, 8.66383499638e-15, 8.28081326213e-16, 5.73351308041e-16, 8.76974132572e-16, 6.38459157276e-17, 2.81580850104e-17, 1.08296272506e-17, 1.63981839732e-17]
    },
    "mfcc": {
        "mean": [-861.757446289, 207.021774292, 3.58324861526, -11.3161649704, -11.8446874619, -21.8952331543, -16.1051712036, -10.3305273056, -4.2394733429, 0.16319000721, -2.78829646111, 2.04119229317, 6.55049228668],
        "cov": [[12727.1123047, 5732.79882812, -2767.25024414, 604.91204834, 533.140808105, 242.275878906, 431.808563232, 21.6654758453, 129.384490967, 429.530822754, 29.9835948944, 183.211013794, 373.150360107], [5732.79882812, 4026.92626953, -445.892883301, -71.8393936157, 444.97467041, 167.712036133, 320.173034668, 223.13230896, 135.471740723, 235.149551392, 118.132568359, 163.568222046, 210.456512451], [-2767.25024414, -445.892883301, 1472.43286133, -140.242218018, 24.0625019073, 152.696014404, 72.4602661133, 222.940032959, 74.7711639404, -35.9626617432, 103.575714111, 48.722454071, -52.2053604126], [604.91204834, -71.8393936157, -140.242218018, 472.259918213, 164.164993286, 136.931091309, 146.84538269, 29.1470680237, 34.5441513062, 56.6527404785, 28.8144226074, 35.6717834473, 13.7860822678], [533.140808105, 444.97467041, 24.0625019073, 164.164993286, 359.929046631, 217.209518433, 175.810195923, 126.229866028, 52.3531913757, 75.5596008301, 66.9310455322, 59.2847251892, 29.9082221985], [242.275878906, 167.712036133, 152.696014404, 136.931091309, 217.209518433, 331.24987793, 201.6144104, 137.554046631, 86.2208175659, 60.441204071, 72.6257019043, 54.9636421204, 14.793132782], [431.808563232, 320.173034668, 72.4602661133, 146.84538269, 175.810195923, 201.6144104, 263.922302246, 166.77381897, 82.2081451416, 81.3744888306, 52.7993278503, 48.5704650879, 32.2968902588], [21.6654758453, 223.13230896, 222.940032959, 29.1470680237, 126.229866028, 137.554046631, 166.77381897, 248.880126953, 148.990707397, 75.994468689, 66.1329956055, 41.0358314514, 17.6886882782], [129.384490967, 135.471740723, 74.7711639404, 34.5441513062, 52.3531913757, 86.2208175659, 82.2081451416, 148.990707397, 183.662582397, 111.666313171, 54.3377037048, 21.2527256012, 7.30407905579], [429.530822754, 235.149551392, -35.9626617432, 56.6527404785, 75.5596008301, 60.441204071, 81.3744888306, 75.994468689, 111.666313171, 177.68812561, 75.8520431519, 13.010764122, 27.2182388306], [29.9835948944, 118.132568359, 103.575714111, 28.8144226074, 66.9310455322, 72.6257019043, 52.7993278503, 66.1329956055, 54.3377037048, 75.8520431519, 119.94569397, 63.0559387207, 3.78824543953], [183.211013794, 163.568222046, 48.722454071, 35.6717834473, 59.2847251892, 54.9636421204, 48.5704650879, 41.0358314514, 21.2527256012, 13.010764122, 63.0559387207, 107.516410828, 47.0048866272], [373.150360107, 210.456512451, -52.2053604126, 13.7860822678, 29.9082221985, 14.793132782, 32.2968902588, 17.6886882782, 7.30407905579, 27.2182388306, 3.78824543953, 47.0048866272, 102.230049133]],
