{
"lowlevel": {
    "average_loudness": 0.688987493515,
    "barkbands_crest": {
        "dmean": 1.63497269154,
        "dmean2": 2.2600440979,
        "dvar": 2.23661613464,
        "dvar2": 4.9894824028,
        "max": 25.0157756805,
        "mean": 13.8677682877,
        "median": 13.5357494354,
        "min": 2.6316318512,
        "var": 21.5297222137
    },
    "barkbands_flatness_db": {
        "dmean": 0.0176330171525,
        "dmean2": 0.0281255505979,
        "dvar": 0.000262865563855,
        "dvar2": 0.000693733687513,
        "max": 0.863705098629,
        "mean": 0.320162087679,
        "median": 0.315666258335,
        "min": 0.0159536730498,
        "var": 0.00907832663506
    },
    "barkbands_kurtosis": {
        "dmean": 3.07050704956,
        "dmean2": 4.37341499329,
        "dvar": 32.295955658,
        "dvar2": 64.7091598511,
        "max": 234.127319336,
        "mean": 6.9486489296,
        "median": 2.58124232292,
        "min": -1.74021673203,
        "var": 193.345001221
    },
    "barkbands_skewness": {
        "dmean": 0.479912310839,
        "dmean2": 0.669622719288,
        "dvar": 0.214580640197,
        "dvar2": 0.433331876993,
        "max": 12.2518005371,
        "mean": 1.75849223137,
        "median": 1.47277355194,
        "min": -1.92294061184,
        "var": 1.8824429512
    },
    "barkbands_spread": {
        "dmean": 1.72676038742,
        "dmean2": 2.5366101265,
        "dvar": 7.13038158417,
        "dvar2": 16.4540958405,
        "max": 85.9027557373,
        "mean": 9.61713027954,
        "median": 7.44886779785,
        "min": 0.0865115970373,
        "var": 66.210609436
    },
    "dissonance": {
        "dmean": 0.0367907471955,
        "dmean2": 0.060455724597,
        "dvar": 0.00108876090962,
        "dvar2": 0.0029029387515,
        "max": 0.49987077713,
        "mean": 0.37717872858,
        "median": 0.383373677731,
        "min": 0.0376141667366,
        "var": 0.00505562499166
    },
    "dynamic_complexity": 2.67065858841,
    "erbbands_crest": {
        "dmean": 3.00622487068,
        "dmean2": 4.63770580292,
        "dvar": 6.8301692009,
        "dvar2": 15.8887033463,
        "max": 32.3005027771,
        "mean": 13.634636879,
        "median": 12.8974285126,
        "min": 2.1805267334,
        "var": 23.4385051727
    },
    "erbbands_flatness_db": {
        "dmean": 0.0173626132309,
        "dmean2": 0.0254610758275,
        "dvar": 0.00022072988213,
        "dvar2": 0.000476792105474,
        "max": 0.48906993866,
        "mean": 0.282542139292,
        "median": 0.283123224974,
        "min": 0.0484431162477,
        "var": 0.00258543086238
    },
    "erbbands_kurtosis": {
        "dmean": 1.63000917435,
        "dmean2": 2.42327880859,
        "dvar": 3.91351270676,
        "dvar2": 8.32169628143,
        "max": 81.9609527588,
        "mean": 2.63405227661,
        "median": 1.73508787155,
        "min": -1.75648033619,
        "var": 13.965212822
    },
    "erbbands_skewness": {
        "dmean": 0.355404913425,
        "dmean2": 0.517434954643,
        "dvar": 0.0924611538649,
        "dvar2": 0.207176268101,
        "max": 5.9549241066,
        "mean": 0.759740352631,
        "median": 0.745297849178,
        "min": -2.7967710495,
        "var": 0.563139736652
    },
    "erbbands_spread": {
        "dmean": 4.48828458786,
        "dmean2": 6.65201997757,
        "dvar": 20.9576702118,
        "dvar2": 47.2275352478,
        "max": 87.4073791504,
        "mean": 18.1485786438,
        "median": 16.1112823486,
        "min": 1.35061407089,
        "var": 103.547950745
    },
    "hfc": {
        "dmean": 3.39275479317,
        "dmean2": 4.68171405792,
        "dvar": 19.5603523254,
        "dvar2": 37.0512657166,
        "max": 152.406768799,
        "mean": 14.8341083527,
        "median": 12.3681697845,
        "min": 1.21516021592e-16,
        "var": 113.376953125
    },
    "melbands_crest": {
        "dmean": 1.93797445297,
        "dmean2": 2.64558625221,
        "dvar": 3.14391088486,
        "dvar2": 7.05692815781,
        "max": 36.4602584839,
        "mean": 19.0345535278,
        "median": 18.3699989319,
        "min": 2.52237033844,
        "var": 38.2362937927
    },
    "melbands_flatness_db": {
        "dmean": 0.0177880935371,
        "dmean2": 0.0268650949001,
        "dvar": 0.000296612532111,
        "dvar2": 0.000736749323551,
        "max": 1,
        "mean": 0.430819898844,
        "median": 0.431155204773,
        "min": 0.00691229104996,
        "var": 0.0142743419856
    },
    "melbands_kurtosis": {
        "dmean": 5.20465993881,
        "dmean2": 7.53345632553,
        "dvar": 78.550567627,
        "dvar2": 168.30531311,
        "max": 259.020385742,
        "mean": 11.4974594116,
        "median": 5.3256726265,
        "min": -1.67651224136,
        "var": 331.60168457
    },
    "melbands_skewness": {
        "dmean": 0.598695158958,
        "dmean2": 0.837890565395,
        "dvar": 0.33458262682,
        "dvar2": 0.693254947662,
        "max": 12.7800636292,
        "mean": 2.36095809937,
        "median": 2.04830145836,
        "min": -1.55422759056,
        "var": 2.45119190216
    },
    "melbands_spread": {
        "dmean": 2.10152888298,
        "dmean2": 3.03015875816,
        "dvar": 11.6678104401,
        "dvar2": 24.7422828674,
        "max": 158.566741943,
        "mean": 10.7271127701,
        "median": 8.18215465546,
        "min": 0.107663042843,
        "var": 99.7337646484
    },
    "pitch_salience": {
        "dmean": 0.0429411306977,
        "dmean2": 0.0644939988852,
        "dvar": 0.00146532675717,
        "dvar2": 0.00346837658435,
        "max": 0.889508664608,
        "mean": 0.371695429087,
        "median": 0.373152136803,
        "min": 0.0387446694076,
        "var": 0.0117084523663
    },
    "silence_rate_20dB": {
        "dmean": 0.000299962499412,
        "dmean2": 0.000599969993345,
        "dvar": 0.000299866020214,
        "dvar2": 0.000599700084422,
        "max": 1,
        "mean": 0.999475121498,
        "median": 1,
        "min": 0,
        "var": 0.000524774717633
    },
    "silence_rate_30dB": {
        "dmean": 0.0368953868747,
        "dmean2": 0.0737963095307,
        "dvar": 0.0355383828282,
        "dvar2": 0.080645211041,
        "max": 1,
        "mean": 0.861652672291,
        "median": 1,
        "min": 0,
        "var": 0.119221046567
    },
    "silence_rate_60dB": {
        "dmean": 0.00194975628983,
        "dmean2": 0.00389980501495,
        "dvar": 0.00194596848451,
        "dvar2": 0.00418462976813,
        "max": 1,
        "mean": 0.0191211756319,
        "median": 0,
        "min": 0,
        "var": 0.0187556687742
    },
    "spectral_centroid": {
        "dmean": 86.6090087891,
        "dmean2": 127.527244568,
        "dvar": 23413.7480469,
        "dvar2": 41992.8125,
        "max": 10978.2900391,
        "mean": 676.605407715,
        "median": 528.134521484,
        "min": 60.501701355,
        "var": 206012.625
    },
    "spectral_complexity": {
        "dmean": 1.35568058491,
        "dmean2": 2.26128697395,
        "dvar": 1.55977809429,
        "dvar2": 3.83425045013,
        "max": 28,
        "mean": 11.0926065445,
        "median": 11,
        "min": 0,
        "var": 17.9108161926
    },
    "spectral_decrease": {
        "dmean": 2.19721663086e-09,
        "dmean2": 2.7843738426e-09,
        "dvar": 6.04937199731e-18,
        "dvar2": 1.25262325895e-17,
        "max": 2.05161688487e-29,
        "mean": -1.57281210278e-08,
        "median": -1.33014879111e-08,
        "min": -1.05233546321e-07,
        "var": 1.15945575589e-16
    },
    "spectral_energy": {
        "dmean": 0.0085322977975,
        "dmean2": 0.010855929926,
        "dvar": 9.05107372091e-05,
        "dvar2": 0.000186713019502,
        "max": 0.403730392456,
        "mean": 0.0607070103288,
        "median": 0.0516666732728,
        "min": 1.09444315315e-20,
        "var": 0.0016914884327
    },
    "spectral_energyband_high": {
        "dmean": 4.98354893352e-05,
        "dmean2": 7.05502316123e-05,
        "dvar": 8.27998931641e-08,
        "dvar2": 1.66301035165e-07,
        "max": 0.0204481817782,
        "mean": 0.000101377576357,
        "median": 9.2217742349e-06,
        "min": 8.16478074805e-21,
        "var": 2.67342244342e-07
    },
    "spectral_energyband_low": {
        "dmean": 0.00579345831648,
        "dmean2": 0.00665791053325,
        "dvar": 5.38390959264e-05,
        "dvar2": 0.000120039912872,
        "max": 0.311294823885,
        "mean": 0.0411717370152,
        "median": 0.0309213660657,
        "min": 4.36050375317e-23,
        "var": 0.00126098631881
    },
    "spectral_energyband_middle_high": {
        "dmean": 0.00097128743073,
        "dmean2": 0.00146257644519,
        "dvar": 3.30028251483e-06,
        "dvar2": 7.59351951274e-06,
        "max": 0.0565843507648,
        "mean": 0.00276761944406,
        "median": 0.00154510117136,
        "min": 1.55146417763e-21,
        "var": 1.34935471579e-05
    },
    "spectral_energyband_middle_low": {
        "dmean": 0.00518516497687,
        "dmean2": 0.00700534833595,
        "dvar": 4.22812627221e-05,
        "dvar2": 7.69068719819e-05,
        "max": 0.15912887454,
        "mean": 0.0174387842417,
        "median": 0.0135430004448,
        "min": 2.33272430074e-22,
        "var": 0.000233858489082
    },
    "spectral_entropy": {
        "dmean": 0.126212194562,
        "dmean2": 0.183434784412,
        "dvar": 0.0129894101992,
        "dvar2": 0.0269583687186,
        "max": 9.81600284576,
        "mean": 5.97384595871,
        "median": 6.02124834061,
        "min": 3.66791558266,
        "var": 0.244165986776
    },
    "spectral_flux": {
        "dmean": 0.0170210395008,
        "dmean2": 0.0284848306328,
        "dvar": 0.000290392694296,
        "dvar2": 0.000799446017481,
        "max": 0.235949203372,
        "mean": 0.0594584755599,
        "median": 0.0554534308612,
        "min": 1.04615635599e-10,
        "var": 0.000790449033957
    },
    "spectral_kurtosis": {
        "dmean": 15.7300949097,
        "dmean2": 27.7888011932,
        "dvar": 703.804870605,
        "dvar2": 2326.24462891,
        "max": 740.489257812,
        "mean": 36.2812652588,
        "median": 23.5481109619,
        "min": -1.20448386669,
        "var": 2384.01147461
    },
    "spectral_rms": {
        "dmean": 0.000542804365978,
        "dmean2": 0.000699758587871,
        "dvar": 2.75339544942e-07,
        "dvar2": 6.12643646036e-07,
        "max": 0.0198464933783,
        "mean": 0.00725450553,
        "median": 0.00709975417703,
        "min": 3.26764353423e-12,
        "var": 6.59833085592e-06
    },
    "spectral_rolloff": {
        "dmean": 112.204666138,
        "dmean2": 195.298416138,
        "dvar": 122828.234375,
        "dvar2": 263950.40625,
        "max": 18798.4863281,
        "mean": 536.773193359,
        "median": 473.73046875,
        "min": 43.06640625,
        "var": 294798.3125
    },
    "spectral_skewness": {
        "dmean": 0.942535281181,
        "dmean2": 1.65813052654,
        "dvar": 0.840684175491,
        "dvar2": 2.60061264038,
        "max": 22.8912696838,
        "mean": 3.78316354752,
        "median": 3.2195391655,
        "min": 0.0310108587146,
        "var": 5.48201942444
    },
    "spectral_spread": {
        "dmean": 284418.03125,
        "dmean2": 488966,
        "dvar": 144236412928,
        "dvar2": 259980099584,
        "max": 40060248,
        "mean": 1815391.25,
        "median": 1640300.75,
        "min": 129321.289062,
        "var": 695063805952
    },
    "spectral_strongpeak": {
        "dmean": 0.350586295128,
        "dmean2": 0.603966891766,
        "dvar": 0.73303937912,
        "dvar2": 1.7726984024,
        "max": 22.9512882233,
        "mean": 0.756741940975,
        "median": 0.409915566444,
        "min": 0,
        "var": 1.04626512527
    },
    "zerocrossingrate": {
        "dmean": 0.00291643221863,
        "dmean2": 0.00371004408225,
        "dvar": 5.07081640535e-05,
        "dvar2": 8.1250211224e-05,
        "max": 0.5,
        "mean": 0.020849565044,
        "median": 0.0166015625,
        "min": 0.00146484375,
        "var": 0.000339047226589
    },
    "barkbands": {
        "dmean": [0.000387479813071, 0.00502688577399, 0.00126268062741, 0.000295214937069, 0.000740945106372, 0.00196107616648, 0.00206060986966, 0.00184057885781, 0.000912572140805, 0.000399090669816, 0.000329310598318, 0.000190344479051, 0.000206002965569, 8.14735758468e-05, 0.000244288297836, 5.53025893169e-05, 0.000108107655251, 5.10573954671e-05, 4.14548521803e-05, 3.17017365887e-05, 1.72452164406e-05, 1.77935162355e-05, 8.35668197396e-06, 2.57915849033e-06, 1.34402398544e-06, 2.03691200795e-07, 5.64447422136e-09],
        "dmean2": [0.000422011973569, 0.00562283070758, 0.00159514776897, 0.000408000167226, 0.00100278924219, 0.00267653912306, 0.00269980332814, 0.00245592999272, 0.0013408010127, 0.000614148797467, 0.000474558095448, 0.00029421877116, 0.00033259569318, 0.000125542792375, 0.000396977207856, 8.5527113697e-05, 0.000173471635208, 7.96062740847e-05, 6.28472262179e-05, 4.69568512926e-05, 2.56604798778e-05, 2.63139445451e-05, 1.19456517496e-05, 3.92424499296e-06, 2.15458703678e-06, 3.29368049279e-07, 9.50666478872e-09],
        "dvar": [4.60072755004e-07, 4.2661515181e-05, 3.13185250889e-06, 4.56640378843e-07, 1.57186866545e-06, 1.03764377855e-05, 1.08297317638e-05, 1.31626084112e-05, 5.40380915481e-06, 1.40722818287e-06, 6.55772907976e-07, 4.23767005486e-07, 5.81735946525e-07, 8.38854390395e-08, 2.96095691965e-07, 4.84233062537e-08, 2.31561827491e-07, 4.57605722204e-08, 3.86672347474e-08, 3.22997131263e-08, 7.7058821546e-09, 2.47704434742e-08, 7.30422078377e-09, 7.70567554209e-10, 1.99587874006e-10, 9.16714707616e-12, 6.53131064941e-16],
        "dvar2": [7.1602130447e-07, 8.23956725071e-05, 8.51002459967e-06, 7.95535640918e-07, 2.59074863607e-06, 2.23636707233e-05, 1.73971875483e-05, 2.28063672694e-05, 1.09027578219e-05, 3.25833070747e-06, 1.50435016621e-06, 1.08579911284e-06, 1.50248649788e-06, 1.7664625318e-07, 7.612110835e-07, 8.12442308984e-08, 5.52173730739e-07, 9.61222994533e-08, 8.00869841555e-08, 5.58058914635e-08, 1.59954502976e-08, 5.65240441119e-08, 1.52076804483e-08, 1.8418692127e-09, 5.15454845473e-10, 2.3563566029e-11, 1.54005285832e-15],
        "max": [0.0334023311734, 0.283775001764, 0.0504884235561, 0.0174101311713, 0.0515016205609, 0.0707871988416, 0.0928490534425, 0.068827830255, 0.0665736719966, 0.0382869504392, 0.0234635099769, 0.0187187623233, 0.0278535615653, 0.0212462581694, 0.0111572891474, 0.0150602627546, 0.0256658494473, 0.0115250200033, 0.0148864323273, 0.0168603733182, 0.00531167676672, 0.0117150237784, 0.00433784397319, 0.00206025037915, 0.000801617687102, 0.000189734142623, 1.7984822307e-06],
        "mean": [0.00340444338508, 0.032060585916, 0.00505780475214, 0.00109297886956, 0.00174484180752, 0.00432783411816, 0.00431791786104, 0.00395669788122, 0.0017193548847, 0.000646789791062, 0.000593267264776, 0.000325740227709, 0.000325056811562, 0.00013903377112, 0.000415233604144, 9.72528287093e-05, 0.00018230274145, 8.85812623892e-05, 7.44403514545e-05, 6.14507080172e-05, 2.98451195704e-05, 2.85656424239e-05, 1.14303120426e-05, 3.71126748178e-06, 1.65136520991e-06, 2.17679371417e-07, 1.02374198008e-08],
        "median": [0.00188136473298, 0.0223960559815, 0.0031418830622, 0.000441490061348, 0.00103463162668, 0.00182548817247, 0.00196867319755, 0.00147318595555, 0.000246213399805, 0.000173994558281, 0.000173280888703, 6.85829654685e-05, 5.80246341997e-05, 2.11299811781e-05, 0.000142391421832, 1.80106508196e-05, 2.84288398689e-05, 2.4848664907e-05, 8.53802794154e-06, 8.28415431897e-06, 4.29895681009e-06, 1.11745066533e-06, 9.24366361232e-08, 2.69247220075e-08, 9.22269904891e-09, 3.69323105431e-09, 1.88286009006e-09],
        "min": [2.94829758242e-23, 2.26729794431e-23, 2.16713047705e-24, 1.75026020545e-23, 4.41117449792e-23, 6.29801382066e-24, 6.5716360632e-23, 4.55054192296e-23, 3.82528908133e-23, 3.81851970813e-23, 5.7320053323e-23, 4.24453899129e-23, 1.58990131795e-22, 1.48284973767e-22, 2.28267063454e-22, 1.3134263966e-22, 2.03644972797e-22, 1.58459588126e-22, 2.47790777635e-22, 2.8825086024e-22, 4.25762442666e-22, 5.99458910731e-22, 6.09666493165e-22, 9.07275667122e-22, 1.38635824074e-21, 1.9601674338e-21, 2.33977951927e-21],
        "var": [1.94231633941e-05, 0.000985602266155, 3.05740904878e-05, 3.37575670528e-06, 6.42610712021e-06, 4.45879923063e-05, 4.12386725657e-05, 4.54986184195e-05, 1.45371386679e-05, 2.69651968665e-06, 1.6175708879e-06, 8.02343379291e-07, 1.04783953248e-06, 2.43045036541e-07, 6.59959596305e-07, 1.83800381137e-07, 6.11931113781e-07, 1.18842486074e-07, 1.18237629465e-07, 1.24184339256e-07, 1.74199925596e-08, 6.78799381149e-08, 1.112595438e-08, 9.42279254623e-10, 2.01391556209e-10, 7.57111994626e-12, 2.31446289475e-15]
    },
    "erbbands": {
        "dmean": [0.161760643125, 1.14189183712, 1.77629697323, 0.955251812935, 0.6743491292, 1.9560033083, 20.3207473755, 7.9042840004, 17.5457897186, 31.889957428, 47.1331176758, 19.4606285095, 15.4105920792, 14.4364757538, 9.38388824463, 9.3384771347, 9.81786346436, 5.94622802734, 9.82949829102, 6.86188697815, 4.98131322861, 3.28029942513, 3.06596374512, 1.7928828001, 2.44194602966, 1.39746510983, 0.70522415638, 0.692090392113, 0.706180870533, 0.219045415521, 0.349052071571, 0.0781307294965, 0.0237090662122, 0.0170881338418, 0.00776124186814, 0.00140107504558, 0.000316515244776, 1.08723288577e-05, 4.69389988211e-06, 9.48955130298e-06],
        "dmean2": [0.161495149136, 1.32722258568, 2.33421850204, 1.18978500366, 0.970216572285, 2.80252218246, 27.4129810333, 10.940369606, 23.5329647064, 42.8831558228, 61.589302063, 28.2689113617, 23.212430954, 20.882982254, 14.6958599091, 14.4025096893, 15.8159227371, 9.27326965332, 16.0935382843, 10.8353652954, 7.85498523712, 5.20748758316, 4.81053495407, 2.70614647865, 3.77188014984, 2.07572865486, 1.05144011974, 0.968771100044, 1.03673517704, 0.340072393417, 0.503173410892, 0.11747045815, 0.0370256528258, 0.0275444146246, 0.0124171907082, 0.00222696433775, 0.000519312801771, 1.76769390237e-05, 6.18570220468e-06, 1.21184848467e-05],
        "dvar": [0.0499445013702, 2.26325726509, 6.44162559509, 2.95889687538, 1.43727314472, 9.31863212585, 1224.75671387, 208.292404175, 944.648742676, 1888.90368652, 9797.44433594, 1919.58984375, 2738.2746582, 1240.03552246, 1161.92041016, 1076.13830566, 1384.10339355, 273.661987305, 784.061889648, 205.972106934, 325.262268066, 163.771057129, 185.43031311, 54.0485229492, 137.204528809, 77.3399734497, 12.5275344849, 23.8352470398, 48.6125907898, 5.18680047989, 13.9251441956, 0.82587403059, 0.0334726907313, 0.0350049510598, 0.00699537247419, 0.000256391969742, 2.96262169286e-05, 1.84961095329e-08, 6.67052801884e-11, 1.10637665696e-10],
        "dvar2": [0.0722923949361, 5.04180431366, 20.2653675079, 4.80317020416, 2.87862205505, 19.3100643158, 2608.72900391, 421.890777588, 1606.74560547, 3148.4296875, 16474.5605469, 4141.81591797, 5799.66259766, 2855.78735352, 2975.06176758, 2763.70751953, 3582.37255859, 582.296142578, 2096.97070312, 457.34161377, 725.748291016, 385.692932129, 392.288909912, 102.077308655, 295.225799561, 136.514389038, 24.2537155151, 45.0804367065, 112.955741882, 15.1513643265, 29.164188385, 1.96228611469, 0.0824987515807, 0.0938896015286, 0.0171675495803, 0.00064708024729, 7.16591821401e-05, 4.17763388327e-08, 1.47882942003e-10, 2.2692471513e-10],
        "max": [8.66008281708, 60.6761283875, 72.0498275757, 43.6672019958, 31.3534240723, 102.845954895, 1041.38586426, 459.331451416, 1040.09680176, 1123.70788574, 1825.55065918, 935.067077637, 1530.73937988, 1349.18237305, 1281.80871582, 964.395019531, 1436.58984375, 1197.97705078, 664.635803223, 483.221191406, 1002.01635742, 582.324035645, 818.937927246, 551.138244629, 931.606384277, 758.956542969, 284.693786621, 377.675537109, 597.08215332, 143.729736328, 190.027099609, 73.8870010376, 9.31959152222, 9.03203773499, 4.5241560936, 0.957579731941, 0.330071359873, 0.0107084196061, 0.000415219634306, 0.000440693635028],
        "mean": [1.27627277374, 5.59333896637, 7.77186870575, 4.28587818146, 2.14282202721, 4.91102933884, 42.8209686279, 18.7417945862, 37.5428733826, 69.3734741211, 105.279006958, 39.9833221436, 28.5590515137, 27.7587966919, 16.125082016, 16.1370429993, 16.0757770538, 10.8257188797, 16.696811676, 12.7055768967, 8.96912288666, 6.002368927, 5.44834280014, 3.40545654297, 4.68625497818, 2.72218465805, 1.31746971607, 1.23014008999, 1.21239030361, 0.347911655903, 0.469567596912, 0.111784934998, 0.0363927483559, 0.0216865167022, 0.0096425935626, 0.00171486590989, 0.000346386688761, 1.74452216015e-05, 3.01755953842e-05, 6.70074587106e-05],
        "median": [0.783630013466, 3.76998639107, 5.34338855743, 2.57668828964, 1.18560886383, 3.22976660728, 17.3214569092, 7.49956226349, 17.3991966248, 41.1097259521, 39.0165672302, 12.7741413116, 4.14741659164, 10.932182312, 4.91887283325, 3.91360282898, 3.50963544846, 3.67959117889, 5.12699699402, 4.70730113983, 2.46238493919, 1.37540531158, 1.6759775877, 0.736538410187, 0.630101919174, 0.324930161238, 0.22837664187, 0.0974976271391, 0.0565715506673, 0.0088214147836, 0.00311063486151, 0.00113536545541, 0.000468132202514, 0.000215548585402, 0.000100732024293, 5.70387128391e-05, 2.65517228399e-05, 4.39501309302e-06, 2.55601480603e-05, 5.72310891584e-05],
        "min": [1.4471507651e-21, 2.1074342595e-21, 3.34418983846e-21, 2.30027069941e-20, 7.35804425977e-20, 2.15937528084e-19, 1.08871340875e-19, 9.37060118574e-20, 9.090499865e-19, 6.9502646388e-19, 1.11030416691e-18, 9.46757738506e-19, 1.12213315986e-18, 1.53892341434e-18, 2.1497754104e-18, 2.24187680172e-18, 5.97303935679e-18, 9.18931568815e-18, 1.43571770231e-17, 6.75487268739e-18, 7.85774349912e-18, 1.21140873678e-17, 9.30957451433e-18, 1.47320354244e-17, 9.04377491374e-18, 1.54460395312e-17, 1.47727856501e-17, 1.82841011759e-17, 1.9459147632e-17, 1.81659036838e-17, 1.91438627784e-17, 2.01978645867e-17, 1.38623848776e-17, 1.44101331259e-17, 1.0309169345e-17, 7.75627573492e-18, 3.62295678439e-18, 1.13682088901e-18, 3.36973994508e-19, 3.66130850943e-20],
        "var": [1.859380126, 37.032585144, 59.0432815552, 25.8769493103, 7.27836704254, 33.8355712891, 4672.98828125, 928.266601562, 3930.27929688, 7247.29394531, 34027.6054688, 5129.32519531, 6679.15820312, 3015.41333008, 2007.13427734, 2029.17272949, 2405.87817383, 800.630493164, 1523.45544434, 642.59185791, 916.206237793, 449.744384766, 459.336669922, 148.165985107, 438.696899414, 270.046234131, 38.3985671997, 56.8881645203, 148.778823853, 6.98621845245, 20.776632309, 1.00414216518, 0.0432079471648, 0.0342802293599, 0.00762201985344, 0.000237940097577, 2.6940015232e-05, 1.96923686246e-08, 4.66393146326e-10, 1.99467686812e-09]
    },
    "gfcc": {
        "mean": [-98.221824646, 207.945953369, -116.970802307, 22.774394989, -25.2293167114, -13.9426841736, -0.677281916142, 2.24036884308, 9.34645271301, 6.92216110229, 2.13487291336, -8.45038032532, 3.19336819649],
        "cov": [[9132.70605469, -1211.73706055, -2917.78051758, 544.046081543, -451.702392578, 800.875488281, -149.101364136, -11.4675827026, -112.01222229, -302.578979492, -123.42250824, -117.478927612, -71.3301544189], [-1211.73706055, 1811.16503906, 410.052307129, -633.339538574, 672.419494629, -917.310913086, 182.512954712, -252.823638916, 154.34954834, 235.177459717, 93.2837677002, 57.4274291992, 123.031089783], [-2917.78051758, 410.052307129, 1469.2010498, -241.394897461, 164.327423096, -170.496643066, -41.0084075928, 87.4725189209, 2.91105031967, 122.604118347, 86.0445251465, 52.4917182922, 30.9527339935], [544.046081543, -633.339538574, -241.394897461, 458.996124268, -188.21661377, 248.96975708, 11.5307836533, 24.3219051361, -27.7491798401, -105.766647339, -44.7966308594, -28.4344425201, -50.4287223816], [-451.702392578, 672.419494629, 164.327423096, -188.21661377, 587.327941895, -331.255493164, 97.4013214111, -131.140640259, -4.15452194214, 219.780761719, 72.5857849121, 67.7508468628, 70.663772583], [800.875488281, -917.310913086, -170.496643066, 248.96975708, -331.255493164, 657.079589844, -105.580795288, 134.291091919, -97.8397140503, -187.245330811, -52.3489303589, -55.3434753418, -63.936252594], [-149.101364136, 182.512954712, -41.0084075928, 11.5307836533, 97.4013214111, -105.580795288, 207.818481445, -21.7845993042, 33.9756469727, 23.6667156219, -15.9878339767, -3.6334297657, -3.33184909821], [-11.4675827026, -252.823638916, 87.4725189209, 24.3219051361, -131.140640259, 134.291091919, -21.7845993042, 201.424514771, 26.5321140289, -74.9032516479, -17.551492691, -49.6975860596, -20.9504966736], [-112.01222229, 154.34954834, 2.91105031967, -27.7491798401, -4.15452194214, -97.8397140503, 33.9756469727, 26.5321140289, 214.479598999, -1.12160360813, 1.78322827816, -21.4928855896, -21.6704120636], [-302.578979492, 235.177459717, 122.604118347, -105.766647339, 219.780761719, -187.245330811, 23.6667156219, -74.9032516479, -1.12160360813, 266.610321045, 77.3037948608, 64.8103790283, 34.5885353088], [-123.42250824, 93.2837677002, 86.0445251465, -44.7966308594, 72.5857849121, -52.3489303589, -15.9878339767, -17.551492691, 1.78322827816, 77.3037948608, 112.130821228, 38.7492218018, 4.95019578934], [-117.478927612, 57.4274291992, 52.4917182922, -28.4344425201, 67.7508468628, -55.3434753418, -3.6334297657, -49.6975860596, -21.4928855896, 64.8103790283, 38.7492218018, 112.463417053, 27.4710063934], [-71.3301544189, 123.031089783, 30.9527339935, -50.4287223816, 70.663772583, -63.936252594, -3.33184909821, -20.9504966736, -21.6704120636, 34.5885353088, 4.95019578934, 27.4710063934, 106.824897766]],
        "icov": [[0.000453749787994, -0.00107977259904, 0.00104322598781, -0.000825598021038, 0.000314134202199, -0.00115445419215, 0.000707674596924, -0.00102543784305, 0.000355275144102, -0.000697291165125, 9.34614508878e-05, -0.000466900091851, 0.000190338963876], [-0.00107977259904, 0.0128763960674, -0.00354941491969, 0.0101327877492, -0.00522133568302, 0.0108572049066, -0.00488437432796, 0.00951333623379, -0.00367805873975, 0.00801386591047, -0.00312176533043, 0.0054574450478, -0.0026732289698], [0.00104322598781, -0.00354941491969, 0.00335535942577, -0.00247343652882, 0.00103886052966, -0.00331730768085, 0.00215709838085, -0.00383535888977, 0.001253172406, -0.00238617579453, 0.00024853265495, -0.00183272839058, 0.000773679174017], [-0.000825598021038, 0.0101327877492, -0.00247343652882, 0.0111454520375, -0.00362443993799, 0.00751973735169, -0.00464971270412, 0.00794601812959, -0.0028271030169, 0.00646028574556, -0.00230350554921, 0.00408787326887, -0.00154137855861], [0.000314134202199, -0.00522133568302, 0.00103886052966, -0.00362443993799, 0.00552924908698, -0.00371037353761, 0.000694339512847, -0.00280852126889, 0.00187906424981, -0.00469656800851, 0.00068230740726, -0.00199774769135, 0.000187793702935], [-0.00115445419215, 0.0108572049066, -0.00331730768085, 0.00751973735169, -0.00371037353761, 0.0125086102635, -0.00335035426542, 0.00673042889684, -0.00169206014834, 0.00746690994129, -0.00257089431398, 0.00456326408312, -0.00142301223241], [0.000707674596924, -0.00488437432796, 0.00215709838085, -0.00464971270412, 0.000694339512847, -0.00335035426542, 0.00820775330067, -0.00422951905057, 0.000906861503609, -0.00304109277204, 0.0025187889114, -0.00200331164524, 0.00180695205927], [-0.00102543784305, 0.00951333623379, -0.00383535888977, 0.00794601812959, -0.00280852126889, 0.00673042889684, -0.00422951905057, 0.0147832771763, -0.00401109177619, 0.00650390796363, -0.00274736154824, 0.00632359459996, -0.00254390691407], [0.000355275144102, -0.00367805873975, 0.001253172406, -0.0028271030169, 0.00187906424981, -0.00169206014834, 0.000906861503609, -0.00401109177619, 0.00683439848945, -0.00214772671461, 0.00043523410568, -0.000864067231305, 0.00204536388628], [-0.000697291165125, 0.00801386591047, -0.00238617579453, 0.00646028574556, -0.00469656800851, 0.00746690994129, -0.00304109277204, 0.00650390796363, -0.00214772671461, 0.0118477363139, -0.00466074235737, 0.00200622854754, -0.00176942173857], [9.34614508878e-05, -0.00312176533043, 0.00024853265495, -0.00230350554921, 0.00068230740726, -0.00257089431398, 0.0025187889114, -0.00274736154824, 0.00043523410568, -0.00466074235737, 0.0133442627266, -0.00415620207787, 0.00209585414268], [-0.000466900091851, 0.0054574450478, -0.00183272839058, 0.00408787326887, -0.00199774769135, 0.00456326408312, -0.00200331164524, 0.00632359459996, -0.000864067231305, 0.00200622854754, -0.00415620207787, 0.0146000944078, -0.00329280574806], [0.000190338963876, -0.0026732289698, 0.000773679174017, -0.00154137855861, 0.000187793702935, -0.00142301223241, 0.00180695205927, -0.00254390691407, 0.00204536388628, -0.00176942173857, 0.00209585414268, -0.00329280574806, 0.0119341975078]]
    },
    "melbands": {
        "dmean": [0.00138699903619, 0.00109433324542, 0.0001598411327, 5.57292223675e-05, 0.000547764182556, 0.000222383561777, 0.000340605183737, 0.000324736436596, 0.000369803572539, 0.000118507843581, 7.64363721828e-05, 5.73367688048e-05, 3.48985413439e-05, 2.36644482356e-05, 2.02806131711e-05, 2.20701385842e-05, 1.04311757241e-05, 1.26066606754e-05, 1.80905335583e-05, 5.03195224155e-06, 7.23759012544e-06, 4.53717757409e-06, 2.70606597041e-06, 2.57118927038e-06, 1.32505226702e-06, 2.0244708594e-06, 1.20624679312e-06, 9.47859348344e-07, 4.81562267396e-07, 3.3246340081e-07, 5.30138493104e-07, 5.70823829094e-07, 1.30587324065e-07, 8.24748198625e-08, 3.07365070285e-07, 3.03984037942e-08, 4.6247844665e-08, 2.15656292823e-08, 8.86385009835e-09, 1.84202058051e-08],
        "dmean2": [0.00146496586967, 0.00139686837792, 0.000202302326215, 8.56133265188e-05, 0.000736257177778, 0.000305113353534, 0.000449312530691, 0.000440776813775, 0.000484658230562, 0.000176346715307, 0.000115225207992, 8.36478138808e-05, 5.28169075551e-05, 3.72007707483e-05, 3.14872158924e-05, 3.56464806828e-05, 1.61456900969e-05, 2.06813365367e-05, 2.90607240458e-05, 7.79362108005e-06, 1.15035900308e-05, 7.27057431504e-06, 4.27779332313e-06, 4.01480156142e-06, 1.98945667762e-06, 3.12511110678e-06, 1.87394687146e-06, 1.38315510867e-06, 7.04161493559e-07, 5.16745217283e-07, 7.25530298951e-07, 8.42608358198e-07, 2.05002976372e-07, 1.28990023995e-07, 4.42407980472e-07, 4.59350459892e-08, 6.94140993573e-08, 3.41076074051e-08, 1.37465034911e-08, 2.98519360342e-08],
        "dvar": [3.33237812811e-06, 2.35894276557e-06, 7.34583451845e-08, 9.83577752578e-09, 8.77750096606e-07, 1.42489810173e-07, 3.1744110629e-07, 1.84054854913e-07, 6.04643503266e-07, 9.64618962485e-08, 6.89751615823e-08, 2.3004959715e-08, 1.05443094256e-08, 6.190826074e-09, 5.33092858745e-09, 4.69477434706e-09, 1.31464328312e-09, 1.717200937e-09, 1.53278034709e-09, 4.52625686931e-10, 9.2528334994e-10, 3.94093035982e-10, 1.64504368461e-10, 9.77097777688e-11, 4.30416605135e-11, 1.35870967255e-10, 2.2435622804e-11, 5.87365017735e-11, 9.51228505686e-12, 4.44464820851e-12, 2.09554110175e-11, 3.89633637854e-11, 1.31175235604e-12, 9.67878880341e-13, 1.13725322562e-11, 1.80846711304e-13, 2.99258339463e-13, 3.78800215208e-14, 9.06669826565e-15, 4.82362969554e-14],
        "dvar2": [5.18253500559e-06, 7.083901437e-06, 1.26207552853e-07, 2.36177992718e-08, 1.81902453278e-06, 2.86315327003e-07, 5.20519279235e-07, 3.26182004073e-07, 1.0351157016e-06, 2.0507991394e-07, 1.45436587218e-07, 5.43272662412e-08, 2.62684469732e-08, 1.58992445876e-08, 1.35160824755e-08, 1.223596513e-08, 2.76887091033e-09, 4.59927029794e-09, 3.66403196672e-09, 7.56541329583e-10, 2.15007034399e-09, 9.69090918623e-10, 3.42211398108e-10, 1.99151806157e-10, 8.03280705841e-11, 2.84506918025e-10, 4.80267041414e-11, 9.73375824387e-11, 1.57221267255e-11, 1.02770535138e-11, 3.93342476646e-11, 9.08533526189e-11, 3.80498627398e-12, 2.7812567787e-12, 2.38112966844e-11, 4.54044110252e-13, 6.91808752212e-13, 9.47644875982e-14, 2.37012778246e-14, 1.26814669334e-13],
        "max": [0.0786505490541, 0.0462694354355, 0.00669085746631, 0.00224635261111, 0.0292912852019, 0.0104075772688, 0.0152290919796, 0.00998964812607, 0.0140599878505, 0.00759588507935, 0.00774361845106, 0.00604705931619, 0.00327398977242, 0.00194814230781, 0.00239618681371, 0.00192401441745, 0.00273616798222, 0.00100594910327, 0.00105755543336, 0.00155498483218, 0.00177144689951, 0.000977724557742, 0.000624389504083, 0.000560482847504, 0.000520746340044, 0.000985271297395, 0.000292509444989, 0.000746080535464, 0.000332846917445, 0.000115619492135, 0.00036785309203, 0.000539035303518, 6.55921903672e-05, 6.31985094515e-05, 0.000170855841134, 3.7130095734e-05, 3.69412555301e-05, 1.08994991024e-05, 6.55882922729e-06, 1.23576082842e-05],
        "mean": [0.00988355465233, 0.00532416859642, 0.000691885652486, 0.000156515598064, 0.00117462687194, 0.000510085490532, 0.000719758856576, 0.00072867894778, 0.000811948615592, 0.000222851536819, 0.000136529823067, 0.000106469648017, 6.05427521805e-05, 3.98166703235e-05, 3.36128177878e-05, 3.48277717421e-05, 1.77519923454e-05, 2.04366169783e-05, 3.09908682539e-05, 9.0561743491e-06, 1.20451559269e-05, 7.78595313022e-06, 4.61216541225e-06, 4.47889351562e-06, 2.26386441682e-06, 3.6208491565e-06, 2.35525749304e-06, 1.75013497028e-06, 8.89047612418e-07, 5.47755917069e-07, 8.81007508724e-07, 9.45447084177e-07, 1.97714612682e-07, 1.20335030829e-07, 4.00331373385e-07, 4.36505764867e-08, 6.25591312087e-08, 3.0933023254e-08, 1.27380710424e-08, 2.14353210737e-08],
        "median": [0.00669510941952, 0.00385941891, 0.00044888391858, 9.20596939977e-05, 0.000495171174407, 0.000198832072783, 0.00032616322278, 0.000462435593363, 0.00028187216958, 4.33329405496e-05, 1.34549663926e-05, 3.64080842701e-05, 1.78957743628e-05, 7.85928932601e-06, 5.45974307897e-06, 6.76368244967e-06, 3.37922233484e-06, 4.8534261623e-06, 1.01633449958e-05, 1.50151026901e-06, 2.60646334027e-06, 1.33139144509e-06, 7.67152528169e-07, 1.12152474685e-06, 3.44882892023e-07, 2.61727848283e-07, 4.22341258854e-07, 9.33097794587e-08, 1.08814077748e-07, 7.89208911556e-08, 2.43678535128e-08, 3.58806175882e-08, 4.41280967323e-09, 1.7641721417e-09, 1.50098644625e-09, 5.75156033911e-10, 3.43560457861e-10, 2.52239201748e-10, 1.34540753538e-10, 9.73047545316e-11],
        "min": [1.04610118889e-23, 1.9523242442e-24, 6.29667985687e-24, 9.76185393497e-24, 5.87750914855e-24, 1.87845373131e-24, 1.39873384644e-23, 7.01949653824e-24, 9.26308163928e-24, 6.06074418189e-24, 5.42124067844e-24, 5.71779124208e-24, 8.24081651373e-24, 4.93626161568e-24, 8.3612463861e-24, 1.70917664505e-23, 1.49342934059e-23, 2.43954698514e-23, 1.02207232795e-23, 6.77953767265e-24, 9.63509266497e-24, 1.31118180333e-23, 8.9922278252e-24, 8.18295751064e-24, 1.30817592774e-23, 7.04309688994e-24, 7.82225165058e-24, 1.06328534042e-23, 8.67719227839e-24, 8.89046397956e-24, 1.17930303487e-23, 1.04042312587e-23, 1.24243257544e-23, 9.57111131239e-24, 1.197757568e-23, 1.13198976101e-23, 1.19355641036e-23, 9.8362379963e-24, 1.05224467985e-23, 1.23539877606e-23],
        "var": [9.54855422606e-05, 2.76171595033e-05, 5.85576515277e-07, 3.7193785829e-08, 3.4154363675e-06, 6.70616486786e-07, 1.25945268792e-06, 6.91075626946e-07, 2.06596314456e-06, 2.42251388727e-07, 1.69288270513e-07, 5.16052374167e-08, 2.01501162422e-08, 1.15859801753e-08, 9.55485113252e-09, 9.2766683224e-09, 3.78498432596e-09, 3.27360827335e-09, 4.08862232959e-09, 1.76873182767e-09, 2.46119458147e-09, 1.03862218825e-09, 4.18817841519e-10, 2.63700339342e-10, 1.1227685448e-10, 4.33665492405e-10, 8.70129870933e-11, 2.2229280916e-10, 3.61382104797e-11, 8.29180214074e-12, 4.76022450624e-11, 1.1769242525e-10, 1.69884147982e-12, 1.24047213473e-12, 1.68826133629e-11, 1.8756955082e-13, 3.81070744621e-13, 4.59686779473e-14, 1.0489094436e-14, 4.63756705022e-14]
    },
    "mfcc": {
        "mean": [-740.080383301, 221.119277954, -4.2748799324, 38.0465240479, 5.96330738068, 1.88466441631, 1.2631893158, 1.83972072601, 11.0781965256, 12.1280488968, 11.6601247787, 10.7430915833, 9.25837516785],
        "cov": [[5597.24462891, -57.5359764099, -1569.20776367, -238.792953491, -641.249633789, 103.542541504, -115.516616821, 263.100402832, 104.304634094, 94.7076187134, -91.21875, -228.131866455, -123.097137451], [-57.5359764099, 1991.84545898, -233.236953735, -22.1485919952, 201.392852783, -279.939453125, -38.4721717834, -355.595123291, -10.4271669388, -166.786300659, 39.5789985657, 187.528915405, 16.7516441345], [-1569.20776367, -233.236953735, 789.851135254, 32.773399353, 160.642364502, 14.4505872726, 48.9928665161, 38.0878982544, -32.622882843, -0.262272268534, 10.4522886276, 26.5269851685, -3.07835865021], [-238.792953491, -22.1485919952, 32.773399353, 266.9012146, 33.6961479187, -1.06700897217, 1.33998930454, -49.2332992554, 12.2952241898, -22.5377159119, 29.1022262573, 58.8639945984, 33.0904579163], [-641.249633789, 201.392852783, 160.642364502, 33.6961479187, 273.147399902, -9.96960163116, 31.2646465302, -84.8845977783, -59.7199363708, -52.147567749, 22.6613101959, 54.7780265808, 50.7371940613], [103.542541504, -279.939453125, 14.4505872726, -1.06700897217, -9.96960163116, 197.469665527, 50.4451675415, 50.2858467102, -22.2411231995, 12.9398126602, -8.04009628296, -49.5692977905, 18.0166225433], [-115.516616821, -38.4721717834, 48.9928665161, 1.33998930454, 31.2646465302, 50.4451675415, 182.685317993, 7.7216758728, -24.3756904602, -32.6992683411, -17.2251777649, 8.71409606934, -17.4903182983], [263.100402832, -355.595123291, 38.0878982544, -49.2332992554, -84.8845977783, 50.2858467102, 7.7216758728, 236.255172729, 57.4679641724, 67.3782577515, -23.2675666809, -79.3967208862, -29.1562023163], [104.304634094, -10.4271669388, -32.622882843, 12.2952241898, -59.7199363708, -22.2411231995, -24.3756904602, 57.4679641724, 161.682571411, 56.0977935791, -14.6545934677, -23.566986084, -25.8137168884], [94.7076187134, -166.786300659, -0.262272268534, -22.5377159119, -52.147567749, 12.9398126602, -32.6992683411, 67.3782577515, 56.0977935791, 170.02835083, 2.38673496246, -67.1274795532, -1.06607663631], [-91.21875, 39.5789985657, 10.4522886276, 29.1022262573, 22.6613101959, -8.04009628296, -17.2251777649, -23.2675666809, -14.6545934677, 2.38673496246, 132.736190796, 70.3201904297, -2.92385673523], [-228.131866455, 187.528915405, 26.5269851685, 58.8639945984, 54.7780265808, -49.5692977905, 8.71409606934, -79.3967208862, -23.566986084, -67.1274795532, 70.3201904297, 225.285308838, -4.8565993309], [-123.097137451, 16.7516441345, -3.07835865021, 33.0904579163, 50.7371940613, 18.0166225433, -17.4903182983, -29.1562023163, -25.8137168884, -1.06607663631, -2.92385673523, -4.8565993309, 188.910308838]],
