{
"lowlevel": {
    "average_loudness": 0.0277829281986,
    "barkbands_crest": {
        "dmean": 2.43365693092,
        "dmean2": 3.97925066948,
        "dvar": 5.01429462433,
        "dvar2": 13.8567609787,
        "max": 26.8540153503,
        "mean": 13.1978197098,
        "median": 12.3485527039,
        "min": 3.31433343887,
        "var": 24.6664543152
    },
    "barkbands_flatness_db": {
        "dmean": 0.0245565325022,
        "dmean2": 0.0377386026084,
        "dvar": 0.000610915594734,
        "dvar2": 0.00140076468233,
        "max": 0.631134331226,
        "mean": 0.33851146698,
        "median": 0.334091961384,
        "min": 0.0314229913056,
        "var": 0.00541150290519
    },
    "barkbands_kurtosis": {
        "dmean": 3.50182151794,
        "dmean2": 5.44076108932,
        "dvar": 163.186981201,
        "dvar2": 341.150268555,
        "max": 867.848876953,
        "mean": 6.07976293564,
        "median": 0.537442207336,
        "min": -1.93150436878,
        "var": 393.665588379
    },
    "barkbands_skewness": {
        "dmean": 0.529347777367,
        "dmean2": 0.82798832655,
        "dvar": 0.387214779854,
        "dvar2": 0.892509818077,
        "max": 23.4702625275,
        "mean": 1.12173759937,
        "median": 0.669468581676,
        "min": -8.13347816467,
        "var": 3.69829583168
    },
    "barkbands_spread": {
        "dmean": 2.62758350372,
        "dmean2": 4.15818166733,
        "dvar": 9.3033285141,
        "dvar2": 22.6123123169,
        "max": 68.9794464111,
        "mean": 12.5062274933,
        "median": 10.9232292175,
        "min": 0.117831759155,
        "var": 79.4294281006
    },
    "dissonance": {
        "dmean": 0.048478577286,
        "dmean2": 0.0820440202951,
        "dvar": 0.00217346008867,
        "dvar2": 0.00632570963353,
        "max": 0.499949276447,
        "mean": 0.386126160622,
        "median": 0.399824082851,
        "min": 0.0725842267275,
        "var": 0.00554437283427
    },
    "dynamic_complexity": 6.07310724258,
    "erbbands_crest": {
        "dmean": 3.18995523453,
        "dmean2": 5.10196638107,
        "dvar": 9.20506286621,
        "dvar2": 22.4222621918,
        "max": 34.1616973877,
        "mean": 14.5773429871,
        "median": 13.2579278946,
        "min": 2.70490932465,
        "var": 40.2780799866
    },
    "erbbands_flatness_db": {
        "dmean": 0.0204680897295,
        "dmean2": 0.0307796113193,
        "dvar": 0.000420410593506,
        "dvar2": 0.000874449673574,
        "max": 0.588228940964,
        "mean": 0.35269638896,
        "median": 0.351988375187,
        "min": 0.0750936046243,
        "var": 0.00448020221666
    },
    "erbbands_kurtosis": {
        "dmean": 2.21813178062,
        "dmean2": 3.49374961853,
        "dvar": 35.4476203918,
        "dvar2": 73.6864395142,
        "max": 321.889984131,
        "mean": 2.62166118622,
        "median": 0.486319065094,
        "min": -1.85106134415,
        "var": 81.4821395874
    },
    "erbbands_skewness": {
        "dmean": 0.490697443485,
        "dmean2": 0.758907020092,
        "dvar": 0.258150547743,
        "dvar2": 0.596238434315,
        "max": 12.5171146393,
        "mean": -0.0519822500646,
        "median": 0.000159622228239,
        "min": -7.25249767303,
        "var": 1.75238347054
    },
    "erbbands_spread": {
        "dmean": 3.53834557533,
        "dmean2": 5.54719877243,
        "dvar": 15.833647728,
        "dvar2": 37.1608390808,
        "max": 82.5591201782,
        "mean": 16.0700435638,
        "median": 12.6865606308,
        "min": 0.367243498564,
        "var": 136.505447388
    },
    "hfc": {
        "dmean": 3.85539770126,
        "dmean2": 5.73996496201,
        "dvar": 396.320404053,
        "dvar2": 875.170532227,
        "max": 1619.81555176,
        "mean": 11.8741207123,
        "median": 5.47505664825,
        "min": 1.0517369878e-16,
        "var": 667.609741211
    },
    "melbands_crest": {
        "dmean": 2.79241895676,
        "dmean2": 4.5990653038,
        "dvar": 6.67746591568,
        "dvar2": 17.7472057343,
        "max": 34.0841255188,
        "mean": 15.6915740967,
        "median": 15.1796379089,
        "min": 1.64190042019,
        "var": 31.1342811584
    },
    "melbands_flatness_db": {
        "dmean": 0.0274369623512,
        "dmean2": 0.0413309149444,
        "dvar": 0.000834890583064,
        "dvar2": 0.0018278863281,
        "max": 0.794501543045,
        "mean": 0.43602719903,
        "median": 0.432211220264,
        "min": 0.0031847958453,
        "var": 0.00929496251047
    },
    "melbands_kurtosis": {
        "dmean": 4.87695550919,
        "dmean2": 7.7131652832,
        "dvar": 136.527999878,
        "dvar2": 299.289825439,
        "max": 627.028259277,
        "mean": 10.6483821869,
        "median": 1.91717386246,
        "min": -1.93084466457,
        "var": 629.511779785
    },
    "melbands_skewness": {
        "dmean": 0.58584690094,
        "dmean2": 0.928054571152,
        "dvar": 0.413690805435,
        "dvar2": 1.04344558716,
        "max": 17.4974517822,
        "mean": 1.66323387623,
        "median": 1.06192612648,
        "min": -7.82481575012,
        "var": 4.75095510483
    },
    "melbands_spread": {
        "dmean": 3.7421901226,
        "dmean2": 5.99808979034,
        "dvar": 26.1344108582,
        "dvar2": 65.2867660522,
        "max": 156.704025269,
        "mean": 15.5492563248,
        "median": 12.0955152512,
        "min": 0.326365679502,
        "var": 251.156738281
    },
    "pitch_salience": {
        "dmean": 0.0569551549852,
        "dmean2": 0.0935135856271,
        "dvar": 0.00261756777763,
        "dvar2": 0.00708393007517,
        "max": 0.886833369732,
        "mean": 0.424853473902,
        "median": 0.424543052912,
        "min": 0.0371442548931,
        "var": 0.0115095982328
    },
    "silence_rate_20dB": {
        "dmean": 0.00193986424711,
        "dmean2": 0.00388004211709,
        "dvar": 0.00193614617456,
        "dvar2": 0.00451183645055,
        "max": 1,
        "mean": 0.993049383163,
        "median": 1,
        "min": 0,
        "var": 0.0069012963213
    },
    "silence_rate_30dB": {
        "dmean": 0.0166505016387,
        "dmean2": 0.0333036929369,
        "dvar": 0.0163715947419,
        "dvar2": 0.0386565215886,
        "max": 1,
        "mean": 0.926129460335,
        "median": 1,
        "min": 0,
        "var": 0.0684040412307
    },
    "silence_rate_60dB": {
        "dmean": 0.0276430658996,
        "dmean2": 0.0552905984223,
        "dvar": 0.0268777627498,
        "dvar2": 0.0583721511066,
        "max": 1,
        "mean": 0.240523725748,
        "median": 0,
        "min": 0,
        "var": 0.182678461075
    },
    "spectral_centroid": {
        "dmean": 103.22681427,
        "dmean2": 157.648208618,
        "dvar": 22210.9257812,
        "dvar2": 44862.9960938,
        "max": 11974.2890625,
        "mean": 846.149108887,
        "median": 675.245056152,
        "min": 104.094467163,
        "var": 993379.375
    },
    "spectral_complexity": {
        "dmean": 1.41658580303,
        "dmean2": 2.35017371178,
        "dvar": 2.05482888222,
        "dvar2": 5.0047545433,
        "max": 36,
        "mean": 9.36773586273,
        "median": 9,
        "min": 0,
        "var": 28.6418418884
    },
    "spectral_decrease": {
        "dmean": 2.27750551751e-09,
        "dmean2": 3.64451469004e-09,
        "dvar": 3.25442234434e-17,
        "dvar2": 8.34036550168e-17,
        "max": 2.17803440751e-21,
        "mean": -8.85986040089e-09,
        "median": -4.05546396465e-09,
        "min": -2.70505978506e-07,
        "var": 2.21289104476e-16
    },
    "spectral_energy": {
        "dmean": 0.00887753535062,
        "dmean2": 0.0141652813181,
        "dvar": 0.000513878127094,
        "dvar2": 0.00130680773873,
        "max": 1.16787099838,
        "mean": 0.0345161221921,
        "median": 0.0159215964377,
        "min": 9.90715189007e-21,
        "var": 0.00330797419883
    },
    "spectral_energyband_high": {
        "dmean": 3.3713722587e-06,
        "dmean2": 5.34853688805e-06,
        "dvar": 3.76961750703e-09,
        "dvar2": 1.01517612094e-08,
        "max": 0.00493114627898,
        "mean": 4.52910899185e-06,
        "median": 1.86752089348e-07,
        "min": 7.1107587772e-21,
        "var": 3.10555847705e-09
    },
    "spectral_energyband_low": {
        "dmean": 0.00540396384895,
        "dmean2": 0.00912983994931,
        "dvar": 0.000287951435894,
        "dvar2": 0.000775961671025,
        "max": 0.684614658356,
        "mean": 0.017916565761,
        "median": 0.00214679865167,
        "min": 1.05300522065e-23,
        "var": 0.00237200665288
    },
    "spectral_energyband_middle_high": {
        "dmean": 0.00206738314591,
        "dmean2": 0.00319332117215,
        "dvar": 0.000177627371158,
        "dvar2": 0.000424465484684,
        "max": 1.05218923092,
        "mean": 0.00474339257926,
        "median": 0.00163331674412,
        "min": 1.16129009029e-21,
        "var": 0.000208668934647
    },
    "spectral_energyband_middle_low": {
        "dmean": 0.00336196948774,
        "dmean2": 0.00488267187029,
        "dvar": 7.32071566745e-05,
        "dvar2": 0.000137474693474,
        "max": 0.313707053661,
        "mean": 0.00999003555626,
        "median": 0.0038244347088,
        "min": 1.67450911128e-22,
        "var": 0.000319913669955
    },
    "spectral_entropy": {
        "dmean": 0.175406560302,
        "dmean2": 0.26413166523,
        "dvar": 0.0365245006979,
        "dvar2": 0.0765298232436,
        "max": 9.82134246826,
        "mean": 5.97308540344,
        "median": 5.96061658859,
        "min": 3.52104473114,
        "var": 0.349531710148
    },
    "spectral_flux": {
        "dmean": 0.0153263462707,
        "dmean2": 0.0249536726624,
        "dvar": 0.000501103117131,
        "dvar2": 0.00126780627761,
        "max": 0.786065459251,
        "mean": 0.0550312772393,
        "median": 0.0419760942459,
        "min": 6.3770322356e-11,
        "var": 0.00234701111913
    },
    "spectral_kurtosis": {
        "dmean": 25.9829902649,
        "dmean2": 44.3997116089,
        "dvar": 761.21661377,
        "dvar2": 2099.81494141,
        "max": 661.678527832,
        "mean": 63.8854675293,
        "median": 48.5442962646,
        "min": -1.26222372055,
        "var": 3456.44506836
    },
    "spectral_rms": {
        "dmean": 0.000608369882684,
        "dmean2": 0.000947353895754,
        "dvar": 7.60677664857e-07,
        "dvar2": 1.96728342416e-06,
        "max": 0.0337547957897,
        "mean": 0.00459928065538,
        "median": 0.00394122628495,
        "min": 3.10894105598e-12,
        "var": 1.25210299302e-05
    },
    "spectral_rolloff": {
        "dmean": 153.9972229,
        "dmean2": 273.085205078,
        "dvar": 116168.195312,
        "dvar2": 257616.65625,
        "max": 19379.8828125,
        "mean": 954.015930176,
        "median": 775.1953125,
        "min": 21.533203125,
        "var": 2924933.25
    },
    "spectral_skewness": {
        "dmean": 1.4497436285,
        "dmean2": 2.51354622841,
        "dvar": 1.5810251236,
        "dvar2": 4.44964504242,
        "max": 21.9503498077,
        "mean": 4.84744501114,
        "median": 4.30010271072,
        "min": -0.218350857496,
        "var": 7.39380025864
    },
    "spectral_spread": {
        "dmean": 261541.15625,
        "dmean2": 447466.1875,
        "dvar": 141280460800,
        "dvar2": 310099116032,
        "max": 42613472,
        "mean": 1484611.5,
        "median": 1087306,
        "min": 160549.3125,
        "var": 1.29060485202e+13
    },
    "spectral_strongpeak": {
        "dmean": 0.495067387819,
        "dmean2": 0.837831556797,
        "dvar": 2.07658791542,
        "dvar2": 5.10537290573,
        "max": 58.229221344,
        "mean": 0.866667449474,
        "median": 0.295299857855,
        "min": 0,
        "var": 2.95606303215
    },
    "zerocrossingrate": {
        "dmean": 0.00345447543077,
        "dmean2": 0.00437669083476,
        "dvar": 4.31025109719e-05,
        "dvar2": 7.80994596425e-05,
        "max": 0.52490234375,
        "mean": 0.0326896645129,
        "median": 0.0263671875,
        "min": 0.001953125,
        "var": 0.00211795046926
    },
    "barkbands": {
        "dmean": [0.00144715548959, 0.00461460556835, 0.00113543018233, 0.000283062661765, 0.0007525596302, 0.000965229119174, 0.00141825294122, 0.00071602279786, 0.000273674289929, 0.000554788217414, 0.000619177997578, 0.000460540934, 0.000425299367635, 0.000320978404488, 0.000234563296544, 0.000154854584252, 0.000116681556392, 8.69210925885e-05, 3.08421476802e-05, 8.251361578e-06, 1.24881034935e-06, 4.47182941343e-07, 2.87278822952e-07, 1.56490614245e-07, 5.20382705815e-08, 1.56258757045e-08, 8.2491160569e-09],
        "dmean2": [0.00257777026854, 0.00775958318263, 0.00181548879482, 0.00043921393808, 0.0012298617512, 0.00140982517041, 0.00199666107073, 0.00103836460039, 0.000445598212536, 0.000895367411431, 0.000929066562094, 0.000764625729062, 0.000685780250933, 0.00051385111874, 0.000367412576452, 0.000242006732151, 0.000168112179381, 0.00012737743964, 4.91510181746e-05, 1.40433376146e-05, 2.15872546505e-06, 6.74161753977e-07, 4.74490974511e-07, 2.75475713352e-07, 8.20006320623e-08, 2.5306706064e-08, 1.38092719482e-08],
        "dvar": [1.12861334856e-05, 0.000230748657486, 1.85777116712e-05, 6.62506977278e-07, 3.44435648003e-06, 1.02710000647e-05, 4.10004358855e-05, 5.82094435231e-06, 1.21521873098e-06, 3.33159528054e-06, 5.28535520061e-06, 4.59549437437e-06, 7.65936347307e-05, 2.00781396416e-05, 9.04774333321e-06, 1.00453735286e-06, 3.37742108059e-07, 1.46849799876e-06, 3.83022978667e-07, 2.1333905309e-08, 8.21665013806e-10, 1.07444567132e-10, 1.05906949877e-10, 1.10889960409e-11, 2.38359679217e-12, 4.60037715387e-13, 1.4104472798e-13],
        "dvar2": [3.5861707147e-05, 0.000647725886665, 4.06963808928e-05, 1.47241667037e-06, 8.41812652652e-06, 1.89656093426e-05, 7.33413908165e-05, 9.99228177534e-06, 3.49949459633e-06, 8.91796116775e-06, 1.12870338853e-05, 1.24776051962e-05, 0.000204378331546, 5.03560477227e-05, 2.08368219319e-05, 2.4280557227e-06, 8.05637171197e-07, 4.13907173424e-06, 9.65106664808e-07, 5.80577079745e-08, 2.42440711951e-09, 2.87748352923e-10, 2.85854284687e-10, 2.29690710896e-11, 5.61969958415e-12, 1.16485662262e-12, 3.66226119526e-13],
        "max": [0.0706491172314, 0.593648850918, 0.151233404875, 0.0388654395938, 0.061613149941, 0.191384866834, 0.287124454975, 0.118392005563, 0.0520174726844, 0.0710286796093, 0.101321280003, 0.0782393068075, 0.675778925419, 0.353016734123, 0.251611143351, 0.034082442522, 0.0347724668682, 0.0967413932085, 0.0370621532202, 0.00869742780924, 0.0020474861376, 0.000936429714784, 0.00090514664771, 0.000270281598205, 0.000144533725688, 6.29966889392e-05, 3.42897474184e-05],
        "mean": [0.00405272515491, 0.0134129673243, 0.0027470975183, 0.00073311640881, 0.00152729835827, 0.00233354885131, 0.0025935403537, 0.00140751665458, 0.000497467292007, 0.0011811174918, 0.00108779734001, 0.000677509175148, 0.000582508859225, 0.000565001391806, 0.000366054504411, 0.000264392292593, 0.000259399268543, 0.000161634729011, 5.21716865478e-05, 1.07580117401e-05, 1.44663306401e-06, 5.72403166643e-07, 2.48990772889e-07, 1.37191108251e-07, 4.27721147389e-08, 1.23939445373e-08, 6.2884422114e-09],
        "median": [0.0007753080572, 0.000597703270614, 0.000141253447509, 0.000107390267658, 0.000428372935858, 0.000278445193544, 0.000342619576259, 0.000369417248294, 6.90500455676e-05, 0.000187129058759, 0.000166603465914, 0.000107375053631, 3.59234363714e-05, 3.47198838426e-05, 2.10770449485e-05, 7.06347236701e-06, 1.13738024083e-05, 3.52143820237e-06, 9.60493821367e-07, 1.90524033883e-07, 5.47344427559e-08, 1.93109563895e-08, 5.43851630397e-09, 3.16226800301e-09, 1.13505338462e-09, 4.87237528102e-10, 3.46688927566e-10],
        "min": [3.80297467152e-25, 1.98352842617e-24, 5.26566231957e-25, 7.39612910554e-25, 8.79159209801e-24, 7.1012532936e-24, 5.9462670539e-24, 7.73173143943e-24, 1.18079974066e-23, 1.68125475554e-23, 1.83026221861e-23, 3.03208502351e-23, 2.47924009931e-23, 4.24047477991e-23, 3.21885257599e-23, 5.067918872e-23, 7.22373057556e-23, 9.59424497398e-23, 1.27064779499e-22, 1.64155277458e-22, 2.42259739351e-22, 3.05536885267e-22, 3.46591705886e-22, 5.6368244047e-22, 8.5714934999e-22, 1.35340298951e-21, 1.89523476545e-21],
        "var": [4.50792358606e-05, 0.00163972028531, 7.0184127253e-05, 4.27717486673e-06, 1.20258091556e-05, 7.99781482783e-05, 8.51459481055e-05, 1.48328599607e-05, 3.48161665897e-06, 1.22615383589e-05, 1.24923435578e-05, 6.91679542797e-06, 5.54195103177e-05, 2.0063978809e-05, 1.07425821625e-05, 1.877297791e-06, 1.46999911976e-06, 2.51165374721e-06, 9.26255893319e-07, 2.25923351138e-08, 5.15516629385e-10, 8.04079650085e-11, 7.04862418432e-11, 1.12058287996e-11, 2.03041034506e-12, 3.48692835673e-13, 1.01825916676e-13]
    },
    "erbbands": {
        "dmean": [0.122776940465, 1.09321272373, 1.51997089386, 1.05515611172, 1.27805781364, 2.89157152176, 5.68278741837, 7.69445800781, 21.3428859711, 14.3140354156, 15.0280981064, 5.82775259018, 20.7698535919, 11.1175365448, 24.8719215393, 19.1257915497, 15.4332695007, 24.2993354797, 6.81077861786, 14.5614509583, 8.20813846588, 4.23938751221, 5.17159986496, 2.03430461884, 1.22823822498, 0.441058635712, 0.0882359445095, 0.0212609153241, 0.0168533120304, 0.0104139484465, 0.00904745142907, 0.00466765696183, 0.00186430558097, 0.000724287412595, 0.000278005405562, 0.000103825026599, 2.83071385638e-05, 6.29422584097e-06, 5.15905503562e-06, 9.98404357233e-06],
        "dmean2": [0.209142446518, 1.84221303463, 2.5855858326, 1.55810952187, 2.12457251549, 4.71911239624, 8.78066158295, 11.4482917786, 30.7696018219, 19.9149627686, 21.8098144531, 9.24017238617, 34.2144622803, 15.852853775, 38.3961143494, 31.560464859, 24.711359024, 39.2202148438, 10.5749807358, 22.8415756226, 12.3311243057, 6.4371638298, 7.66033172607, 2.87159371376, 2.15222096443, 0.747406542301, 0.152503162622, 0.0325915515423, 0.0254170950502, 0.0160878356546, 0.0152748683468, 0.00785304885358, 0.00337607855909, 0.00116824998986, 0.000447986269137, 0.000170994739165, 4.556858039e-05, 9.87569819699e-06, 8.1949547166e-06, 1.58738530445e-05],
        "dvar": [0.151093736291, 13.7426891327, 28.273525238, 13.5799160004, 9.53075885773, 65.3612823486, 409.458465576, 691.898498535, 12665.2763672, 2077.23071289, 1569.27502441, 431.855072021, 4953.32617188, 1763.7376709, 12438.3369141, 7359.68505859, 32980.1523438, 267303.40625, 1509.64599609, 45931.3476562, 2479.09936523, 702.738830566, 4291.50537109, 742.612731934, 945.302856445, 73.9263076782, 3.23895001411, 0.0393592901528, 0.196479424834, 0.0250731855631, 0.159563198686, 0.0083598671481, 0.00360859348439, 0.000349632027792, 8.38376727188e-05, 2.11695260077e-05, 1.31224408051e-06, 5.90553028701e-08, 3.63490948452e-09, 8.62715954231e-10],
        "dvar2": [0.454772502184, 37.631061554, 70.3467102051, 25.6641139984, 25.4439067841, 160.400405884, 800.179870605, 1465.74035645, 22855.7558594, 3461.39868164, 3226.32226562, 1245.03552246, 14175.4150391, 2993.45727539, 27876.8144531, 20349.0332031, 85917.4765625, 697919.25, 3576.15673828, 104113.195312, 6179.84326172, 1964.16906738, 12406.5830078, 1446.82495117, 2791.71069336, 194.573760986, 9.39989471436, 0.101798921824, 0.519787192345, 0.0669200569391, 0.430624723434, 0.0190056171268, 0.00703562377021, 0.000722298165783, 0.000211573176784, 5.49120195501e-05, 3.32619970322e-06, 1.45383353356e-07, 9.2319432099e-09, 2.18801754492e-09],
        "max": [14.4910545349, 142.993331909, 182.225143433, 143.892501831, 68.4175567627, 249.573989868, 1555.34619141, 1359.83044434, 5126.17431641, 2047.51367188, 1082.59973145, 907.876220703, 2546.7109375, 2112.66333008, 5642.57324219, 2984.2902832, 13848.2089844, 40688.9882812, 1889.25585938, 17577.2792969, 2129.28320312, 1258.45153809, 5105.64941406, 2380.41845703, 1951.53173828, 546.303100586, 126.120979309, 14.1325511932, 40.8552932739, 13.595615387, 35.1978111267, 7.88188314438, 4.84150791168, 1.72372806072, 0.842708647251, 0.419218569994, 0.106486491859, 0.0229910053313, 0.00560210971162, 0.00197895243764],
        "mean": [0.411213606596, 2.93291473389, 3.34940743446, 3.57708001137, 2.43047213554, 5.74372959137, 14.452287674, 16.349199295, 38.0661239624, 29.8658771515, 30.311126709, 12.3117818832, 42.9563713074, 23.6332511902, 42.7358551025, 30.9615459442, 25.1589851379, 38.5738449097, 14.7212467194, 22.4605560303, 16.7890605927, 9.2541885376, 9.87881469727, 3.94678592682, 2.05150175095, 0.646440923214, 0.116576395929, 0.03253582865, 0.0223962571472, 0.0119584975764, 0.00747380312532, 0.00393864978105, 0.00178791955113, 0.000650770147331, 0.000244250812102, 9.45182764553e-05, 3.17750091199e-05, 6.89720855007e-06, 1.72232248588e-05, 3.85229031963e-05],
        "median": [0.0328804515302, 0.108328603208, 0.171351894736, 0.343640267849, 0.710256814957, 1.28815245628, 1.47717189789, 2.46038889885, 5.56870794296, 6.93274259567, 7.44811964035, 2.78336000443, 6.30615997314, 4.7107758522, 6.04387903214, 5.85754156113, 2.9373960495, 2.78355813026, 1.70739400387, 1.25889968872, 0.831502020359, 0.660458087921, 0.349952161312, 0.131917193532, 0.0315382145345, 0.0114662405103, 0.00400688080117, 0.00175915681757, 0.000872524804436, 0.000375089090085, 0.000181493887794, 9.26429202082e-05, 6.17586920271e-05, 3.93620575778e-05, 2.26346382988e-05, 1.35225945996e-05, 7.28659551896e-06, 1.48041351622e-06, 7.99570352683e-06, 1.79714879778e-05],
        "min": [8.53716126356e-23, 4.33518220163e-22, 9.14593065148e-22, 3.80963766446e-21, 8.48872697103e-21, 1.71571912419e-20, 4.45561709369e-20, 7.002468395e-20, 7.75961395153e-20, 1.21371629669e-19, 3.18720367287e-19, 2.75913615491e-19, 5.77975547518e-19, 4.51511884471e-19, 1.26959475106e-18, 1.04859473545e-18, 1.54060393515e-18, 2.85379937629e-18, 2.71005999445e-18, 3.1939689246e-18, 4.15108968522e-18, 5.25772458233e-18, 6.53114059762e-18, 6.43817749089e-18, 6.73711601477e-18, 7.3606112597e-18, 8.0935114804e-18, 8.85742601098e-18, 1.0950666108e-17, 1.00714459088e-17, 1.10119502653e-17, 1.11547158487e-17, 1.00328852302e-17, 8.29291660194e-18, 5.49630911359e-18, 4.35552820079e-18, 2.38858245324e-18, 9.88297921688e-19, 2.46904158764e-19, 2.48886093205e-20],
        "var": [1.30136203766, 86.3957595825, 96.0788040161, 123.649902344, 24.5488605499, 227.980682373, 4050.69189453, 2714.44604492, 24437.0371094, 6190.09179688, 4715.78564453, 1229.75854492, 17952.109375, 5356.47021484, 27313.5546875, 13521.8017578, 27972.6601562, 208007.15625, 3255.97119141, 53062.1796875, 5190.91455078, 1610.12670898, 7326.72363281, 2002.51098633, 2205.79321289, 87.8300323486, 2.40936851501, 0.0513491518795, 0.151624962687, 0.0188590362668, 0.105844177306, 0.00748075312003, 0.00386394420639, 0.000356177944923, 6.38877754682e-05, 1.52714528667e-05, 9.95868845166e-07, 4.74924135574e-08, 3.47878925666e-09, 4.20362189502e-09]
    },
    "gfcc": {
        "mean": [-204.386428833, 227.095993042, -134.061080933, -28.8795814514, -9.20923709869, -14.2934236526, -14.5958795547, -0.668606817722, 1.4380723238, -8.44603729248, 4.52174711227, -2.81379365921, -0.0530898608267],
        "cov": [[19932.0488281, 1998.73974609, -2470.52905273, 1330.70422363, 609.874816895, -137.369308472, -65.0979003906, -249.697418213, 147.160385132, -279.585083008, 144.798675537, 84.2624359131, 234.267074585], [1998.73974609, 1372.05444336, 147.891647339, -320.036682129, 381.756988525, -22.3953037262, 47.1298408508, -26.9843139648, -29.4965744019, -83.6374206543, -4.56578826904, -29.5013256073, 26.1641998291], [-2470.52905273, 147.891647339, 1517.50756836, 82.7227630615, 74.9359970093, 172.034790039, 107.268745422, 85.6587524414, -61.5793190002, -32.3615646362, -93.566368103, -47.7247314453, -10.7396440506], [1330.70422363, -320.036682129, 82.7227630615, 1141.51928711, 335.023529053, 101.628746033, 104.286079407, 84.8828201294, 78.6990432739, -71.9100112915, -64.6059112549, -35.0774650574, 11.5797767639], [609.874816895, 381.756988525, 74.9359970093, 335.023529053, 817.384643555, 137.086868286, 38.6052703857, 27.9461936951, 34.1225776672, -34.1576499939, -35.6019744873, -24.9752693176, -7.7063627243], [-137.369308472, -22.3953037262, 172.034790039, 101.628746033, 137.086868286, 292.5440979, 88.5568618774, -19.633480072, -20.4600353241, 6.77659797668, 7.9338145256, -12.0857667923, -2.8779168129], [-65.0979003906, 47.1298408508, 107.268745422, 104.286079407, 38.6052703857, 88.5568618774, 297.255371094, 86.5466384888, -11.6747255325, 5.38721179962, 22.9492149353, -8.99606513977, -6.87586784363], [-249.697418213, -26.9843139648, 85.6587524414, 84.8828201294, 27.9461936951, -19.633480072, 86.5466384888, 237.93347168, 95.4580078125, -15.0821237564, -16.304473877, -24.5818557739, -9.55591392517], [147.160385132, -29.4965744019, -61.5793190002, 78.6990432739, 34.1225776672, -20.4600353241, -11.6747255325, 95.4580078125, 194.358108521, 71.0924530029, -17.2679538727, -36.0766677856, -6.68837404251], [-279.585083008, -83.6374206543, -32.3615646362, -71.9100112915, -34.1576499939, 6.77659797668, 5.38721179962, -15.0821237564, 71.0924530029, 175.488143921, 65.005569458, -24.867149353, -30.317243576], [144.798675537, -4.56578826904, -93.566368103, -64.6059112549, -35.6019744873, 7.9338145256, 22.9492149353, -16.304473877, -17.2679538727, 65.005569458, 163.14730835, 57.2391471863, -22.3962230682], [84.2624359131, -29.5013256073, -47.7247314453, -35.0774650574, -24.9752693176, -12.0857667923, -8.99606513977, -24.5818557739, -36.0766677856, -24.867149353, 57.2391471863, 132.821212769, 50.2906723022], [234.267074585, 26.1641998291, -10.7396440506, 11.5797767639, -7.7063627243, -2.8779168129, -6.87586784363, -9.55591392517, -6.68837404251, -30.317243576, -22.3962230682, 50.2906723022, 143.072479248]],
        "icov": [[0.000142831879202, -0.000383899925509, 0.000274293357506, -0.000360302772606, 0.000205081189051, -0.000129759151605, 0.000115748604003, 5.63119465369e-05, -3.0306950066e-05, 1.03925194708e-05, -7.69952312112e-05, -6.90873639542e-05, -8.31392535474e-05], [-0.000383899925509, 0.00239380658604, -0.000978475669399, 0.00173077883665, -0.00149710627738, 0.00101041747257, -0.000996009330265, 0.000726693717297, -0.000835125683807, 0.00161869823933, -0.000902755768038, 0.00137623748742, -0.00040344853187], [0.000274293357506, -0.000978475669399, 0.00137873820495, -0.000843816844281, 0.000576029648073, -0.000849885167554, 0.000355085154297, -0.000652556715067, 0.000823678972665, -0.000718838244211, 0.00077716744272, -0.000451317784609, 5.54893958906e-05], [-0.000360302772606, 0.00173077883665, -0.000843816844281, 0.00245702033862, -0.00140014931094, 0.000542176188901, -0.00104448001366, 0.000474316912005, -0.0011718866881, 0.0016258249525, -0.000436429487308, 0.00101429701317, -0.000206901022466], [0.000205081189051, -0.00149710627738, 0.000576029648073, -0.00140014931094, 0.00244960281998, -0.00128918944392, 0.000744083488826, -0.000541871355381, 0.000342223967891, -0.000860086583998, 0.000749268743675, -0.000899993698113, 0.00046750868205], [-0.000129759151605, 0.00101041747257, -0.000849885167554, 0.000542176188901, -0.00128918944392, 0.00501918653026, -0.00180071580689, 0.00162749539595, -0.000586999696679, 0.000828722899314, -0.001114258077, 0.00119263096713, -0.000471778446808], [0.000115748604003, -0.000996009330265, 0.000355085154297, -0.00104448001366, 0.000744083488826, -0.00180071580689, 0.00520986737683, -0.00298587232828, 0.00237093004398, -0.0018712808378, 8.99703536561e-06, -0.000379793375032, 7.83290397521e-06], [5.63119465369e-05, 0.000726693717297, -0.000652556715067, 0.000474316912005, -0.000541871355381, 0.00162749539595, -0.00298587232828, 0.00837930198759, -0.00593074783683, 0.00458925962448, -0.00221290625632, 0.00166167598218, -0.000128030427732], [-3.0306950066e-05, -0.000835125683807, 0.000823678972665, -0.0011718866881, 0.000342223967891, -0.000586999696679, 0.00237093004398, -0.00593074783683, 0.0116046629846, -0.00749176740646, 0.00372773851268, -0.000945694744587, -4.55961235275e-05], [1.03925194708e-05, 0.00161869823933, -0.000718838244211, 0.0016258249525, -0.000860086583998, 0.000828722899314, -0.0018712808378, 0.00458925962448, -0.00749176740646, 0.0136359157041, -0.00736315688118, 0.00512682739645, -0.000727124104742], [-7.69952312112e-05, -0.000902755768038, 0.00077716744272, -0.000436429487308, 0.000749268743675, -0.001114258077, 8.99703536561e-06, -0.00221290625632, 0.00372773851268, -0.00736315688118, 0.012950707227, -0.0076637333259, 0.00359051325358], [-6.90873639542e-05, 0.00137623748742, -0.000451317784609, 0.00101429701317, -0.000899993698113, 0.00119263096713, -0.000379793375032, 0.00166167598218, -0.000945694744587, 0.00512682739645, -0.0076637333259, 0.0142357219011, -0.00534769613296], [-8.31392535474e-05, -0.00040344853187, 5.54893958906e-05, -0.000206901022466, 0.00046750868205, -0.000471778446808, 7.83290397521e-06, -0.000128030427732, -4.55961235275e-05, -0.000727124104742, 0.00359051325358, -0.00534769613296, 0.00951338652521]]
    },
    "melbands": {
        "dmean": [0.00124506186694, 0.00100364664104, 0.000175541266799, 0.000142714867252, 0.000184249889571, 0.00019833794795, 0.000313332304358, 0.000146696547745, 0.000118775948067, 3.52719362127e-05, 0.000103480553662, 4.09036038036e-05, 7.51790430513e-05, 5.11533835379e-05, 5.18552988069e-05, 4.403152343e-05, 4.50101433671e-05, 9.8870777947e-06, 1.68481474248e-05, 1.82427902473e-05, 9.38617540669e-06, 5.46879891772e-06, 3.57548469765e-06, 5.48892239749e-06, 1.2533635072e-06, 1.33261175961e-06, 4.19701223109e-07, 2.50931719847e-07, 6.97678359529e-08, 1.65344857805e-08, 1.00949311133e-08, 8.37681302102e-09, 1.02740518315e-08, 4.69353089727e-09, 4.67208627342e-09, 4.95648500021e-09, 2.35643637936e-09, 1.56628754411e-09, 7.64759755523e-10, 5.86070414421e-10],
        "dmean2": [0.00210709986277, 0.00170652661473, 0.00026356219314, 0.000237664120505, 0.000285700283712, 0.000292105105473, 0.00044397302554, 0.000205591626582, 0.000173005100805, 5.79834086238e-05, 0.000170536106452, 5.87190879742e-05, 0.000115003742394, 8.21005669422e-05, 8.62560991663e-05, 6.98996518622e-05, 7.29994353605e-05, 1.53394867084e-05, 2.63229649136e-05, 2.83914960164e-05, 1.36779362947e-05, 7.97590473667e-06, 5.69350186197e-06, 7.95912364993e-06, 1.71966098605e-06, 2.29038209909e-06, 7.09455946435e-07, 4.21525953698e-07, 1.22066566632e-07, 2.56526533349e-08, 1.52808539156e-08, 1.2545672945e-08, 1.60048632125e-08, 7.36045402405e-09, 7.76650832535e-09, 8.61345483827e-09, 4.05721412022e-09, 2.79997336428e-09, 1.31954236426e-09, 9.15473807872e-10],
        "dvar": [1.49074494402e-05, 1.20007725855e-05, 3.09428116907e-07, 1.41941029597e-07, 3.35148939712e-07, 4.81556583054e-07, 2.24224550038e-06, 2.7159956062e-07, 9.81614931561e-08, 1.9753027658e-08, 1.22245083389e-07, 2.73358331526e-08, 9.29455055143e-08, 3.65571999339e-08, 1.07428874685e-07, 1.08541553345e-06, 7.30143199235e-07, 4.59729054825e-09, 4.18440926353e-08, 3.57638434423e-08, 2.85534529354e-09, 8.74821159957e-10, 1.58880120171e-09, 8.78841799334e-09, 4.6497233841e-10, 1.30013932953e-09, 6.78810202492e-11, 2.77495491863e-11, 3.06174573542e-12, 1.41188051037e-14, 7.41006868631e-15, 3.7718987005e-14, 7.53715530743e-14, 1.62442358674e-15, 3.8146216871e-14, 3.70320974948e-14, 1.54105373363e-15, 3.63059158204e-15, 1.83237803681e-16, 3.03453365002e-16],
        "dvar2": [4.32949564129e-05, 3.1573294109e-05, 5.99293116466e-07, 3.81462200494e-07, 6.73065414958e-07, 9.64654191193e-07, 4.06947037845e-06, 4.42388511601e-07, 2.11795239125e-07, 6.07538765962e-08, 3.48814154449e-07, 4.84393041233e-08, 2.08241232258e-07, 9.46488540876e-08, 2.81584362938e-07, 2.84950237983e-06, 1.90318883142e-06, 1.11142028913e-08, 9.28826793256e-08, 8.06700484191e-08, 7.02514535433e-09, 2.30278907054e-09, 4.57212401272e-09, 2.33098695901e-08, 6.55362264457e-10, 3.650891367e-09, 1.88115134581e-10, 7.25355192577e-11, 9.03624917947e-12, 3.50768405207e-14, 1.78202924964e-14, 9.57118837853e-14, 2.09110113665e-13, 4.02772297936e-15, 1.01769883753e-13, 1.01027435658e-13, 3.65759626294e-15, 7.12828792981e-15, 3.98654706666e-16, 6.57950205955e-16],
        "max": [0.15587669611, 0.126545071602, 0.0204892773181, 0.0109645826742, 0.0407606437802, 0.0347573757172, 0.0678516700864, 0.0260357894003, 0.0115391565487, 0.00749505171552, 0.0129752866924, 0.00779817020521, 0.0143225658685, 0.00828737858683, 0.013879111968, 0.0817758142948, 0.0670295581222, 0.00433946261182, 0.017123773694, 0.0141175026074, 0.00229525170289, 0.00153241772205, 0.00284773134626, 0.00757244462147, 0.00250366725959, 0.00238002720289, 0.000609300972428, 0.000348337256582, 0.000126418890432, 5.95918891122e-06, 5.66303197047e-06, 1.83366464626e-05, 2.40437784669e-05, 2.7328858323e-06, 1.7349690097e-05, 1.67654779943e-05, 3.07121695187e-06, 5.05891466673e-06, 1.03478453184e-06, 1.64541131653e-06],
        "mean": [0.00397669756785, 0.00255996268243, 0.000564787362237, 0.000268414034508, 0.000456507201307, 0.000421545555582, 0.000579252955504, 0.0003089979582, 0.000234850434936, 6.97901487001e-05, 0.000211683785892, 8.28423435451e-05, 0.000129534499138, 8.87034620973e-05, 7.12012333679e-05, 6.17308032815e-05, 7.30009560357e-05, 2.05276683118e-05, 2.65737726295e-05, 2.92394724966e-05, 1.98314828594e-05, 1.20794584291e-05, 6.28730549579e-06, 9.36597461987e-06, 2.34433946389e-06, 1.8587007844e-06, 7.04026263065e-07, 3.29592751314e-07, 8.04003903454e-08, 2.5586963659e-08, 1.45018024256e-08, 1.12507354544e-08, 1.20719469976e-08, 4.90194951297e-09, 3.924010894e-09, 3.73553143973e-09, 1.91548066297e-09, 1.45905665327e-09, 6.57830179218e-10, 4.90094687056e-10],
        "median": [0.000413750705775, 0.000118736417789, 7.88978941273e-05, 7.50318649807e-05, 5.33769052709e-05, 5.60579792364e-05, 8.34124948597e-05, 7.52444320824e-05, 5.14881940035e-05, 1.29717036543e-05, 2.91807536996e-05, 1.15810080388e-05, 1.890252679e-05, 1.52518459799e-05, 8.49973093864e-06, 2.7080604923e-06, 4.36905747847e-06, 2.23824258683e-06, 1.43901445426e-06, 9.01032706224e-07, 7.89436001014e-07, 5.9667087271e-07, 2.82693946474e-07, 1.65288028597e-07, 6.68938255899e-08, 1.28077441985e-08, 9.8672821025e-09, 4.53694948277e-09, 1.89217441715e-09, 1.36355771119e-09, 5.66107660749e-10, 4.2371503528e-10, 2.46679759952e-10, 1.31083505162e-10, 9.07369041014e-11, 4.5921474956e-11, 3.55496534987e-11, 2.45208384847e-11, 2.30644444515e-11, 1.04192383887e-11],
        "min": [1.36454871689e-24, 5.88574889931e-25, 1.00179507253e-24, 8.72484499909e-25, 1.74854727288e-24, 1.56897531516e-24, 1.04921951661e-24, 1.04704285216e-24, 2.7288102884e-24, 1.55676088872e-24, 2.70220792652e-24, 1.75701668078e-24, 2.81924766916e-24, 3.771333362e-24, 2.63373913869e-24, 3.06498947683e-24, 4.42519058405e-24, 4.11231730499e-24, 2.44810123503e-24, 3.67917981434e-24, 4.38168332741e-24, 3.64768335941e-24, 3.77920146067e-24, 4.81186377295e-24, 4.16786928437e-24, 4.34104003028e-24, 3.7997130275e-24, 4.37495039958e-24, 3.99785516536e-24, 4.20512245175e-24, 5.00572476269e-24, 5.91793669222e-24, 4.62410383346e-24, 5.37053033286e-24, 5.15344488365e-24, 5.84467794096e-24, 6.23673865541e-24, 5.58105324821e-24, 6.26482131478e-24, 6.83229274568e-24],
        "var": [0.000127379709738, 5.74585064896e-05, 2.65012545242e-06, 3.95201652736e-07, 2.97773181046e-06, 2.02912406166e-06, 4.56083307654e-06, 7.61468243127e-07, 3.06312955445e-07, 5.14522540129e-08, 4.42804918066e-07, 7.80574538339e-08, 2.0734459838e-07, 9.17651448162e-08, 1.12527935414e-07, 8.09822893189e-07, 5.94035952872e-07, 8.74052386024e-09, 5.47884724256e-08, 4.4895394069e-08, 8.41295211274e-09, 3.17142978545e-09, 1.73763337052e-09, 1.386011661e-08, 1.40622491429e-09, 2.13645168223e-09, 1.77122205791e-10, 2.74271282769e-11, 2.01319863558e-12, 2.85232347995e-14, 9.97990481488e-15, 3.21196316614e-14, 5.1242230538e-14, 1.45132912172e-15, 2.60441421576e-14, 2.39783660186e-14, 1.31935249469e-15, 3.8544983889e-15, 1.76669526397e-16, 2.90847529514e-16]
    },
    "mfcc": {
        "mean": [-817.615844727, 231.756408691, -14.762468338, -8.88478755951, 16.6079978943, -2.70685982704, -3.41061043739, 8.25203418732, 3.48052072525, -1.45315957069, 4.77051496506, 9.43544578552, 6.56054258347],
        "cov": [[7495.94433594, 2691.96704102, -2086.50439453, 795.023498535, 589.256835938, -10.8765230179, 25.5982437134, 100.590629578, -57.801902771, -12.2097578049, 63.7235069275, 6.45786857605, -57.0482597351], [2691.96704102, 2006.27050781, -308.998626709, -19.9578552246, 352.360412598, 33.4263267517, 46.8617935181, 66.3592071533, -7.87798690796, -42.7850799561, 26.0520000458, -7.81073522568, -58.9155502319], [-2086.50439453, -308.998626709, 1287.29724121, -63.2862510681, -198.155227661, 85.4657821655, 89.395614624, 48.7499237061, 53.5242729187, 14.4225292206, -43.110244751, -46.8819999695, -13.3566265106], [795.023498535, -19.9578552246, -63.2862510681, 784.470825195, 312.361022949, 44.1898536682, 96.7347946167, 132.79145813, 113.172241211, 53.1973419189, 2.3918697834, -11.7760543823, -28.901304245], [589.256835938, 352.360412598, -198.155227661, 312.361022949, 648.129943848, 204.363723755, 19.6879577637, 93.2773590088, 88.9422149658, -7.72461175919, 16.8387203217, 47.813167572, -53.5145149231], [-10.8765230179, 33.4263267517, 85.4657821655, 44.1898536682, 204.363723755, 329.89730835, 130.821990967, 0.213521242142, 10.6019210815, -10.9053897858, -8.12757110596, 24.4953975677, -6.09381246567], [25.5982437134, 46.8617935181, 89.395614624, 96.7347946167, 19.6879577637, 130.821990967, 243.936080933, 95.409362793, -8.44190788269, -3.05384063721, 5.80947589874, 17.3175449371, 10.5256099701], [100.590629578, 66.3592071533, 48.7499237061, 132.79145813, 93.2773590088, 0.213521242142, 95.409362793, 224.466247559, 100.125740051, -25.4887828827, 5.84442567825, 27.253288269, -5.87180423737], [-57.801902771, -7.87798690796, 53.5242729187, 113.172241211, 88.9422149658, 10.6019210815, -8.44190788269, 100.125740051, 216.699295044, 86.8180999756, -33.3187522888, -0.748887658119, 6.17722606659], [-12.2097578049, -42.7850799561, 14.4225292206, 53.1973419189, -7.72461175919, -10.9053897858, -3.05384063721, -25.4887828827, 86.8180999756, 187.55569458, 69.9748077393, -22.9642543793, -12.1804161072], [63.7235069275, 26.0520000458, -43.110244751, 2.3918697834, 16.8387203217, -8.12757110596, 5.80947589874, 5.84442567825, -33.3187522888, 69.9748077393, 216.45614624, 81.5707015991, -50.8690910339], [6.45786857605, -7.81073522568, -46.8819999695, -11.7760543823, 47.813167572, 24.4953975677, 17.3175449371, 27.253288269, -0.748887658119, -22.9642543793, 81.5707015991, 175.564117432, 68.2426147461], [-57.0482597351, -58.9155502319, -13.3566265106, -28.901304245, -53.5145149231, -6.09381246567, 10.5256099701, -5.87180423737, 6.17722606659, -12.1804161072, -50.8690910339, 68.2426147461, 183.249267578]],
