{
"lowlevel": {
    "average_loudness": 0.124960161746,
    "barkbands_crest": {
        "dmean": 1.82160997391,
        "dmean2": 2.91240739822,
        "dvar": 4.34547519684,
        "dvar2": 11.8598222733,
        "max": 25.800825119,
        "mean": 13.5179033279,
        "median": 13.0280761719,
        "min": 3.96061563492,
        "var": 17.986951828
    },
    "barkbands_flatness_db": {
        "dmean": 0.0214356295764,
        "dmean2": 0.0324902236462,
        "dvar": 0.000642864091787,
        "dvar2": 0.00138239748776,
        "max": 0.584088087082,
        "mean": 0.311922311783,
        "median": 0.309333384037,
        "min": 0.048148099333,
        "var": 0.00869939196855
    },
    "barkbands_kurtosis": {
        "dmean": 4.24890518188,
        "dmean2": 6.69610977173,
        "dvar": 93.4716720581,
        "dvar2": 229.731170654,
        "max": 714.534973145,
        "mean": 12.6896629333,
        "median": 6.37302112579,
        "min": -1.90957999229,
        "var": 485.18460083
    },
    "barkbands_skewness": {
        "dmean": 0.454568356276,
        "dmean2": 0.699486076832,
        "dvar": 0.381753027439,
        "dvar2": 0.9138879776,
        "max": 20.6530914307,
        "mean": 2.27515649796,
        "median": 2.04140090942,
        "min": -2.80559873581,
        "var": 2.62287092209
    },
    "barkbands_spread": {
        "dmean": 1.80860936642,
        "dmean2": 2.69951367378,
        "dvar": 30.350479126,
        "dvar2": 56.0777893066,
        "max": 127.798660278,
        "mean": 7.32482147217,
        "median": 5.10250854492,
        "min": 0.191331446171,
        "var": 109.896316528
    },
    "dissonance": {
        "dmean": 0.0285401698202,
        "dmean2": 0.0474528893828,
        "dvar": 0.000855880032759,
        "dvar2": 0.00220655743033,
        "max": 0.499774992466,
        "mean": 0.392624050379,
        "median": 0.4026517272,
        "min": 0.0843879282475,
        "var": 0.00438735634089
    },
    "dynamic_complexity": 5.54339122772,
    "erbbands_crest": {
        "dmean": 1.80695736408,
        "dmean2": 2.77810263634,
        "dvar": 3.78986096382,
        "dvar2": 8.82926750183,
        "max": 32.5146102905,
        "mean": 12.0902442932,
        "median": 11.1112041473,
        "min": 2.616989851,
        "var": 25.7780323029
    },
    "erbbands_flatness_db": {
        "dmean": 0.0154264643788,
        "dmean2": 0.0226619169116,
        "dvar": 0.000395264301915,
        "dvar2": 0.00078973826021,
        "max": 0.550613760948,
        "mean": 0.260203957558,
        "median": 0.260724693537,
        "min": 0.0324728675187,
        "var": 0.00782590825111
    },
    "erbbands_kurtosis": {
        "dmean": 1.08743274212,
        "dmean2": 1.62518322468,
        "dvar": 3.75891280174,
        "dvar2": 7.67490768433,
        "max": 142.494003296,
        "mean": 2.34422063828,
        "median": 0.887404441833,
        "min": -1.82050120831,
        "var": 37.3952102661
    },
    "erbbands_skewness": {
        "dmean": 0.268899232149,
        "dmean2": 0.398851424456,
        "dvar": 0.108861081302,
        "dvar2": 0.219052061439,
        "max": 9.76238059998,
        "mean": 0.827739477158,
        "median": 0.763445734978,
        "min": -5.40163898468,
        "var": 0.884428858757
    },
    "erbbands_spread": {
        "dmean": 4.19677591324,
        "dmean2": 6.33857870102,
        "dvar": 71.5504684448,
        "dvar2": 155.91519165,
        "max": 166.088424683,
        "mean": 23.3805484772,
        "median": 18.2374229431,
        "min": 1.01815342903,
        "var": 355.301361084
    },
    "hfc": {
        "dmean": 1.97518217564,
        "dmean2": 2.73448061943,
        "dvar": 38.6437301636,
        "dvar2": 64.4226379395,
        "max": 232.953186035,
        "mean": 8.67788791656,
        "median": 3.49245476723,
        "min": 1.21062686912e-16,
        "var": 276.873718262
    },
    "melbands_crest": {
        "dmean": 1.9744130373,
        "dmean2": 3.16708612442,
        "dvar": 5.03987264633,
        "dvar2": 13.6202545166,
        "max": 37.0440444946,
        "mean": 17.4375324249,
        "median": 17.08360672,
        "min": 2.27770447731,
        "var": 23.9824256897
    },
    "melbands_flatness_db": {
        "dmean": 0.0239397455007,
        "dmean2": 0.0359694212675,
        "dvar": 0.000884994165972,
        "dvar2": 0.00184366898611,
        "max": 0.740305244923,
        "mean": 0.417475342751,
        "median": 0.411937773228,
        "min": 0.00921175163239,
        "var": 0.0121329175308
    },
    "melbands_kurtosis": {
        "dmean": 7.18103075027,
        "dmean2": 11.2245731354,
        "dvar": 396.362548828,
        "dvar2": 686.940124512,
        "max": 1935.93981934,
        "mean": 21.6125621796,
        "median": 10.8582725525,
        "min": -1.81624937057,
        "var": 1675.47619629
    },
    "melbands_skewness": {
        "dmean": 0.530491828918,
        "dmean2": 0.816773116589,
        "dvar": 0.584137380123,
        "dvar2": 1.3177665472,
        "max": 34.130947113,
        "mean": 2.90077495575,
        "median": 2.59196472168,
        "min": -2.88049077988,
        "var": 4.0542178154
    },
    "melbands_spread": {
        "dmean": 1.69105482101,
        "dmean2": 2.48899698257,
        "dvar": 29.2374610901,
        "dvar2": 50.4897651672,
        "max": 213.283004761,
        "mean": 7.36263132095,
        "median": 5.35954666138,
        "min": 0.210961848497,
        "var": 104.105628967
    },
    "pitch_salience": {
        "dmean": 0.0507928356528,
        "dmean2": 0.0824157893658,
        "dvar": 0.00331949233077,
        "dvar2": 0.0090986546129,
        "max": 0.874789357185,
        "mean": 0.450512707233,
        "median": 0.450938552618,
        "min": 0.0531695820391,
        "var": 0.0129187945276
    },
    "silence_rate_20dB": {
        "dmean": 0,
        "dmean2": 0,
        "dvar": 0,
        "dvar2": 0,
        "max": 1,
        "mean": 1,
        "median": 1,
        "min": 1,
        "var": 0
    },
    "silence_rate_30dB": {
        "dmean": 0.0115576107055,
        "dmean2": 0.0231172759086,
        "dvar": 0.0114254606888,
        "dvar2": 0.0259661469609,
        "max": 1,
        "mean": 0.967019319534,
        "median": 1,
        "min": 0,
        "var": 0.0318965911865
    },
    "silence_rate_60dB": {
        "dmean": 0.0211593173444,
        "dmean2": 0.0423223972321,
        "dvar": 0.0207090880722,
        "dvar2": 0.0458696596324,
        "max": 1,
        "mean": 0.187661126256,
        "median": 0,
        "min": 0,
        "var": 0.152414530516
    },
    "spectral_centroid": {
        "dmean": 76.3090286255,
        "dmean2": 113.39050293,
        "dvar": 49079.2539062,
        "dvar2": 79700.6328125,
        "max": 10988.1425781,
        "mean": 507.870666504,
        "median": 410.389862061,
        "min": 93.633430481,
        "var": 195509.578125
    },
    "spectral_complexity": {
        "dmean": 1.18563294411,
        "dmean2": 1.89303815365,
        "dvar": 3.19097805023,
        "dvar2": 6.03501558304,
        "max": 49,
        "mean": 8.17352676392,
        "median": 7,
        "min": 0,
        "var": 23.6316623688
    },
    "spectral_decrease": {
        "dmean": 1.59312862902e-09,
        "dmean2": 2.50196818818e-09,
        "dvar": 1.20562451091e-17,
        "dvar2": 3.02239421205e-17,
        "max": 8.62854772573e-29,
        "mean": -6.37701802475e-09,
        "median": -4.05463573827e-09,
        "min": -7.35040615041e-08,
        "var": 5.48012449772e-17
    },
    "spectral_energy": {
        "dmean": 0.00614258088171,
        "dmean2": 0.00962532032281,
        "dvar": 0.00017748605751,
        "dvar2": 0.00044329740922,
        "max": 0.279947012663,
        "mean": 0.0248553473502,
        "median": 0.0157697200775,
        "min": 1.06550782602e-20,
        "var": 0.000838952837512
    },
    "spectral_energyband_high": {
        "dmean": 8.59036445036e-05,
        "dmean2": 0.000109088468889,
        "dvar": 4.02125294841e-07,
        "dvar2": 5.93590641529e-07,
        "max": 0.0311897359788,
        "mean": 0.000186244753422,
        "median": 3.03832894133e-06,
        "min": 8.0238991266e-21,
        "var": 1.62722358255e-06
    },
    "spectral_energyband_low": {
        "dmean": 0.0044229766354,
        "dmean2": 0.00725011853501,
        "dvar": 0.000124709622469,
        "dvar2": 0.000332638039254,
        "max": 0.267679154873,
        "mean": 0.0130052249879,
        "median": 0.00828842725605,
        "min": 5.10312762747e-23,
        "var": 0.00027380316169
    },
    "spectral_energyband_middle_high": {
        "dmean": 0.000407220679335,
        "dmean2": 0.000563901965506,
        "dvar": 1.93542109628e-06,
        "dvar2": 3.74232558897e-06,
        "max": 0.0718933194876,
        "mean": 0.00168824195862,
        "median": 0.000363439379726,
        "min": 1.22193458649e-21,
        "var": 2.42796686507e-05
    },
    "spectral_energyband_middle_low": {
        "dmean": 0.00292637804523,
        "dmean2": 0.0044782999903,
        "dvar": 4.6524211939e-05,
        "dvar2": 0.000107564701466,
        "max": 0.14207829535,
        "mean": 0.0109232896939,
        "median": 0.00449335901067,
        "min": 1.90206771453e-22,
        "var": 0.000282056309516
    },
    "spectral_entropy": {
        "dmean": 0.165765672922,
        "dmean2": 0.246701031923,
        "dvar": 0.0571366325021,
        "dvar2": 0.11637724936,
        "max": 9.78309249878,
        "mean": 6.13163042068,
        "median": 6.03078365326,
        "min": 4.21310901642,
        "var": 0.598892748356
    },
    "spectral_flux": {
        "dmean": 0.0156626049429,
        "dmean2": 0.0249753966928,
        "dvar": 0.000612338422798,
        "dvar2": 0.00145412969869,
        "max": 0.450336694717,
        "mean": 0.0415758192539,
        "median": 0.0261948239058,
        "min": 1.03223436743e-10,
        "var": 0.00191055785399
    },
    "spectral_kurtosis": {
        "dmean": 15.3021268845,
        "dmean2": 26.1135311127,
        "dvar": 617.629638672,
        "dvar2": 1804.73742676,
        "max": 576.38067627,
        "mean": 46.9673080444,
        "median": 23.5668525696,
        "min": -1.23537778854,
        "var": 3642.08276367
    },
    "spectral_rms": {
        "dmean": 0.000518405693583,
        "dmean2": 0.000787885859609,
        "dvar": 7.28604277356e-07,
        "dvar2": 1.71936642346e-06,
        "max": 0.0165263134986,
        "mean": 0.00420435378328,
        "median": 0.00392238330096,
        "min": 3.22415857033e-12,
        "var": 6.57250166114e-06
    },
    "spectral_rolloff": {
        "dmean": 121.732452393,
        "dmean2": 205.958740234,
        "dvar": 432860.03125,
        "dvar2": 910260.0625,
        "max": 18949.21875,
        "mean": 520.936950684,
        "median": 409.130859375,
        "min": 64.599609375,
        "var": 1021375.9375
    },
    "spectral_skewness": {
        "dmean": 0.878975331783,
        "dmean2": 1.48864865303,
        "dvar": 1.1396856308,
        "dvar2": 3.21694421768,
        "max": 19.564491272,
        "mean": 4.40149354935,
        "median": 3.68102478981,
        "min": -0.105718761683,
        "var": 7.89403104782
    },
    "spectral_spread": {
        "dmean": 447171.46875,
        "dmean2": 686493.5,
        "dvar": 626164301824,
        "dvar2": 1.00929994752e+12,
        "max": 42110080,
        "mean": 2603573.75,
        "median": 1977273.875,
        "min": 176372.453125,
        "var": 4.25210046054e+12
    },
    "spectral_strongpeak": {
        "dmean": 0.192345872521,
        "dmean2": 0.32072943449,
        "dvar": 0.194547429681,
        "dvar2": 0.455300152302,
        "max": 8.46378517151,
        "mean": 0.692044496536,
        "median": 0.36694213748,
        "min": 0,
        "var": 1.19713973999
    },
    "zerocrossingrate": {
        "dmean": 0.00421216385439,
        "dmean2": 0.00488454895094,
        "dvar": 0.000111019806354,
        "dvar2": 9.84668295132e-05,
        "max": 0.50634765625,
        "mean": 0.0220531318337,
        "median": 0.01708984375,
        "min": 0.001953125,
        "var": 0.000751022307668
    },
    "barkbands": {
        "dmean": [3.17600934068e-05, 0.0030209235847, 0.00168775394559, 0.00107906840276, 0.00131249707192, 0.000388167478377, 0.000619375729002, 0.000461573887151, 0.000302198517602, 0.000261126493569, 8.32273217384e-05, 0.000120088414405, 4.72297069791e-05, 2.46081435762e-05, 3.24789907609e-05, 1.68950027728e-05, 2.07050634344e-05, 1.47095588545e-05, 1.14691529234e-05, 1.1402268683e-05, 1.81346422323e-05, 1.84303280548e-05, 1.47545788423e-05, 1.51730291691e-05, 2.29233901337e-05, 8.83307893673e-06, 1.86207819297e-06],
        "dmean2": [5.25820287294e-05, 0.00492908153683, 0.00279291928746, 0.00182948890142, 0.00211471389048, 0.00057009072043, 0.000907314999495, 0.000655875832308, 0.000428662402555, 0.00036177347647, 0.000127537772642, 0.000171906256583, 6.95002527209e-05, 3.81746358471e-05, 4.88720761496e-05, 2.59232183453e-05, 2.93722259812e-05, 2.2084772354e-05, 1.74866527232e-05, 1.67103116837e-05, 2.71511926258e-05, 2.60053675447e-05, 2.08557430597e-05, 2.04253628908e-05, 3.13965392706e-05, 1.19373435155e-05, 2.78127913589e-06],
        "dvar": [5.11621323085e-08, 6.66872510919e-05, 1.88506055565e-05, 1.13847863759e-05, 1.11489262054e-05, 1.66030724813e-06, 4.39674477093e-06, 6.0513311837e-06, 2.43151293944e-06, 1.38735140354e-06, 1.86995322338e-07, 3.46352152292e-07, 2.9258265144e-08, 8.7509794966e-09, 1.12814859676e-08, 3.4332559018e-09, 4.90978635526e-09, 2.70422884086e-09, 6.67711486102e-09, 7.75670550013e-09, 1.4766491141e-08, 1.95343545784e-08, 1.44554039849e-08, 2.44075923916e-08, 5.09226936174e-08, 3.99725141875e-09, 2.75939188166e-10],
        "dvar2": [1.37333714179e-07, 0.000179963506525, 5.09736892127e-05, 3.09113529511e-05, 3.00952306134e-05, 3.02984608425e-06, 9.86018949334e-06, 1.24030257211e-05, 4.39041014033e-06, 2.59659009316e-06, 4.35202736071e-07, 7.33663000574e-07, 5.66507587507e-08, 1.96984597522e-08, 2.63296815461e-08, 7.20335258109e-09, 1.00397032909e-08, 6.22961815466e-09, 1.30860122738e-08, 1.62657052272e-08, 2.91953643483e-08, 3.77366760063e-08, 2.56501238027e-08, 4.40854321937e-08, 9.06624322283e-08, 7.550704062e-09, 6.03191718795e-10],
        "max": [0.00858087278903, 0.179090499878, 0.102830529213, 0.0770017057657, 0.0751467272639, 0.0690888464451, 0.0744551867247, 0.107577741146, 0.0752703770995, 0.0707506015897, 0.0199601855129, 0.0424861684442, 0.0134677700698, 0.00465940218419, 0.00252927141264, 0.00251896353438, 0.00250343605876, 0.00203478964977, 0.00563571462408, 0.00793612934649, 0.00722363172099, 0.00750457961112, 0.00504423910752, 0.0100689064711, 0.0110472841188, 0.00279559427872, 0.000776088854764],
        "mean": [6.55110925436e-05, 0.00763337034732, 0.00440295087174, 0.00167636270635, 0.00320880371146, 0.000979949370958, 0.00180692062713, 0.00219753361307, 0.000933965435252, 0.000790829770267, 0.000201038623345, 0.000388124637539, 0.000119778014778, 4.97465443914e-05, 6.69596993248e-05, 3.48292160197e-05, 4.79477057524e-05, 3.15310244332e-05, 2.22459384531e-05, 2.01786933758e-05, 3.13108066621e-05, 3.33105090249e-05, 2.78717452602e-05, 2.85459373117e-05, 3.9057671529e-05, 1.4573185581e-05, 2.14182341551e-06],
        "median": [5.8876833009e-07, 0.0042705447413, 0.00159646570683, 0.000447664497187, 0.000912501127459, 0.000331904913764, 0.000421389675466, 8.17121908767e-05, 6.30009235465e-05, 8.96555138752e-05, 1.94355652638e-05, 2.46758645517e-05, 2.30464302149e-05, 8.27992971608e-06, 9.65733579505e-06, 6.19400452706e-06, 4.45266414317e-06, 4.48120408691e-06, 1.55844747951e-06, 7.01316423601e-07, 4.43947726581e-07, 2.88423194661e-07, 1.27381682091e-07, 8.0543287595e-08, 5.88072914809e-08, 3.48369759706e-08, 8.63576765653e-09],
        "min": [5.00677749757e-24, 2.60034949647e-23, 1.77159037324e-23, 9.59482683778e-24, 3.71362550466e-23, 3.82707159144e-23, 2.76247476976e-23, 1.89928376129e-23, 4.05451407436e-23, 1.1665437777e-22, 6.73383596274e-23, 1.7208446867e-23, 1.0316378344e-22, 1.05670013469e-22, 1.70974557154e-22, 1.1261010879e-22, 1.65021951603e-22, 1.22236900272e-22, 1.17578935373e-22, 3.24386899613e-22, 7.05077616686e-22, 3.88949573259e-22, 6.69240864831e-22, 8.8305549163e-22, 1.35683096248e-21, 1.87141111563e-21, 2.19617765297e-21],
        "var": [4.90253064811e-08, 0.000113082307507, 5.83070141147e-05, 1.55089092004e-05, 3.19895480061e-05, 6.30143995295e-06, 1.8231687136e-05, 9.02063547983e-05, 1.62925134646e-05, 1.16037008411e-05, 7.56972099225e-07, 4.43719409304e-06, 1.38329511401e-07, 2.31744827772e-08, 3.04607112867e-08, 1.01788524276e-08, 2.35962644979e-08, 6.87918522146e-09, 1.27055157506e-08, 1.58210138324e-08, 3.74263251501e-08, 5.43081313253e-08, 4.70959022891e-08, 8.38047711227e-08, 1.38411749617e-07, 1.00774739664e-08, 3.81012332795e-10]
    },
    "erbbands": {
        "dmean": [0.052111107856, 0.791561305523, 1.93569302559, 2.71775102615, 4.45492935181, 4.31264925003, 2.64565396309, 3.3862888813, 8.64040279388, 6.91348934174, 10.8230695724, 7.37877559662, 5.6687707901, 8.47173404694, 3.45226573944, 4.85595798492, 2.44380402565, 1.40562164783, 1.61769664288, 1.04311382771, 1.10752999783, 0.920847475529, 0.923473954201, 0.401539951563, 0.695344567299, 0.530424535275, 0.62480533123, 0.79694288969, 0.681477427483, 0.550033271313, 0.39514029026, 0.327001541853, 0.258360981941, 0.267480999231, 0.166046440601, 0.0512925647199, 0.0137535464019, 0.00293193035759, 0.000301081890939, 2.05056785489e-05],
        "dmean2": [0.0850789919496, 1.29801595211, 3.2263906002, 4.53776931763, 7.37047147751, 6.81490468979, 4.04891395569, 4.97737884521, 12.5158014297, 10.0042123795, 15.2593202591, 10.3680944443, 8.17300510406, 11.6911478043, 5.20587539673, 6.96657848358, 3.50197768211, 2.16574239731, 2.47616910934, 1.55557072163, 1.66949045658, 1.31153821945, 1.3701441288, 0.605096817017, 1.04162669182, 0.773149251938, 0.954581797123, 1.17463314533, 0.971481084824, 0.771514594555, 0.57839512825, 0.450982272625, 0.352903723717, 0.363425701857, 0.2354619205, 0.0697009116411, 0.0191103164107, 0.00421768985689, 0.0004474267771, 3.06688198179e-05],
        "dvar": [0.0327022895217, 4.35008192062, 24.3117961884, 51.0208244324, 216.733215332, 110.465530396, 49.3949813843, 187.321853638, 816.602478027, 920.110656738, 2645.84399414, 1329.65380859, 1069.51281738, 1697.15576172, 337.817626953, 595.138549805, 71.6942062378, 28.6303157806, 26.3423976898, 14.9368495941, 12.920088768, 8.95702362061, 9.44019603729, 4.5919175148, 29.8953170776, 15.0690984726, 15.5042352676, 37.1688842773, 29.0168170929, 18.9908447266, 11.0196008682, 11.2500982285, 6.76337528229, 7.26314973831, 2.88414907455, 0.178325995803, 0.0098653100431, 0.000529497279786, 6.32223691355e-06, 1.54573651656e-08],
        "dvar2": [0.0877917632461, 11.8109035492, 66.6419906616, 139.504898071, 595.094360352, 282.87487793, 124.665565491, 331.422058105, 1703.30102539, 1956.69885254, 4967.02001953, 2725.89746094, 2188.79614258, 3235.70556641, 777.502685547, 1198.46887207, 135.359649658, 64.1897964478, 63.7209815979, 33.3803634644, 26.9675884247, 18.6783542633, 21.3223419189, 9.67167663574, 66.9753036499, 32.3950538635, 33.2848243713, 70.0733261108, 59.049446106, 34.3859214783, 20.445306778, 21.0114517212, 11.8912420273, 12.0400218964, 6.21031093597, 0.342519104481, 0.0191295240074, 0.00114660337567, 1.34418278321e-05, 3.38175851766e-08],
        "max": [4.28959274292, 42.6886634827, 104.732421875, 219.96963501, 392.927947998, 347.376464844, 236.512496948, 832.696166992, 1046.07104492, 1644.75231934, 2781.98046875, 1638.41064453, 1662.89746094, 2543.13867188, 1023.98522949, 2066.91894531, 695.777832031, 264.237609863, 121.127586365, 108.515022278, 168.445617676, 93.5393066406, 131.454559326, 126.449684143, 369.284729004, 324.38494873, 226.824859619, 407.789337158, 343.619445801, 232.180770874, 169.459793091, 259.593933105, 129.896377563, 155.91368103, 81.7302398682, 20.8483428955, 3.98562788963, 1.25151991844, 0.122348025441, 0.00434574950486],
        "mean": [0.144880101085, 1.97550749779, 5.33654642105, 5.42521953583, 8.80431175232, 11.2475814819, 6.82856750488, 8.91348934174, 25.8761482239, 21.8243217468, 54.946395874, 24.6752738953, 18.0957050323, 26.9798240662, 10.8274993896, 17.3772583008, 7.13734149933, 3.2114303112, 3.4295270443, 2.28816771507, 2.49672436714, 2.19287228584, 2.08413434029, 0.88297110796, 1.33554363251, 0.980166137218, 1.12873363495, 1.31885182858, 1.19202399254, 0.998797297478, 0.749304711819, 0.614841341972, 0.477033257484, 0.441985994577, 0.270548403263, 0.0865473523736, 0.0223707519472, 0.00393913779408, 0.000367032829672, 4.50140396424e-05],
        "median": [0.0692717507482, 1.1144194603, 2.38446927071, 2.13799309731, 2.42609262466, 2.84688782692, 2.99495434761, 2.89464759827, 6.72489929199, 4.21291160583, 2.40206074715, 1.93476569653, 1.85583746433, 3.19886493683, 1.41498756409, 1.34647750854, 1.39709508419, 0.758643686771, 0.623619556427, 0.40102159977, 0.410292774439, 0.288398504257, 0.31276756525, 0.101518936455, 0.0866013988853, 0.0349999889731, 0.0192466303706, 0.0172709152102, 0.0113403415307, 0.00611524190754, 0.00344294309616, 0.00188206962775, 0.00131989037618, 0.000702811579686, 0.000404954655096, 0.000196981200133, 5.49091600988e-05, 1.17863082778e-05, 1.11210483738e-05, 1.88136582437e-05],
        "min": [1.58102285885e-21, 2.51245044291e-21, 1.59846740327e-20, 2.62301605648e-20, 4.15793062398e-20, 9.59119668417e-20, 3.98129861188e-19, 2.50102349205e-19, 4.7527378494e-19, 4.48703761388e-19, 2.52733946775e-19, 8.1354903795e-19, 2.39448169857e-18, 4.9389440635e-18, 1.11735836317e-18, 1.53227422638e-18, 4.56854830163e-18, 4.61674728875e-18, 6.71563827017e-18, 7.97758294473e-18, 7.37017015886e-18, 9.68131692624e-18, 7.55534942823e-18, 4.06456204365e-18, 9.99921484335e-18, 1.12927838735e-17, 2.53327867625e-17, 2.66883157564e-17, 1.82171607577e-17, 1.38801370008e-17, 1.75733015668e-17, 1.75793466027e-17, 1.70570167875e-17, 1.55318892982e-17, 9.55620503141e-18, 6.20745613853e-18, 3.8714546617e-18, 1.36103532847e-18, 2.99378325475e-19, 3.28566091323e-20],
        "var": [0.0509454421699, 7.65351772308, 65.6965484619, 104.644866943, 367.1121521, 460.226867676, 154.817001343, 681.349243164, 3544.35424805, 5219.24560547, 59195.7890625, 6591.9375, 7158.71435547, 14840.46875, 1513.93078613, 9769.19238281, 417.605773926, 84.7836532593, 73.6832351685, 38.899230957, 48.4538002014, 35.8418083191, 26.5042533875, 8.56034946442, 52.5148773193, 29.3296871185, 33.7802047729, 96.5840301514, 69.3070755005, 57.6178283691, 35.6369247437, 40.6217079163, 21.0950546265, 19.2637252808, 6.69925117493, 0.459359228611, 0.0232824590057, 0.000930930080358, 9.39058918448e-06, 2.168764901e-08]
    },
    "gfcc": {
        "mean": [-157.981170654, 186.25138855, -85.4034881592, -0.0493036545813, -33.4106674194, -2.7050614357, -23.7542552948, -0.208567470312, -15.1529607773, -6.00141334534, -8.27194786072, -5.97319126129, -8.83713531494],
        "cov": [[18917.4375, -5187.86376953, -233.888244629, 2887.09326172, -1889.72827148, 1552.49328613, -133.643554688, 1013.47546387, -351.226135254, 438.16015625, -356.398376465, 789.893432617, -332.826629639], [-5187.86376953, 3813.23046875, -875.099243164, -1365.63391113, 1384.75610352, -885.918762207, 365.917694092, -422.828277588, 399.828765869, -192.315612793, 371.474853516, -382.999298096, 263.951782227], [-233.888244629, -875.099243164, 1593.27734375, 281.3934021, -338.650024414, 597.612854004, -122.949432373, 149.02104187, -110.375411987, 45.5176277161, -86.0384674072, 155.472793579, -82.5999908447], [2887.09326172, -1365.63391113, 281.3934021, 1571.37536621, -184.489715576, 442.122955322, 289.290649414, 278.265716553, 55.9846420288, 167.785400391, -25.4502773285, 134.092285156, 12.9348163605], [-1889.72827148, 1384.75610352, -338.650024414, -184.489715576, 913.076904297, -276.912414551, 290.469970703, -80.820526123, 229.736038208, 15.3097047806, 173.534790039, -131.415740967, 152.754425049], [1552.49328613, -885.918762207, 597.612854004, 442.122955322, -276.912414551, 584.806762695, 17.5646648407, 186.729568481, -46.1634635925, 71.1944656372, -44.7711639404, 150.720748901, -50.3844299316], [-133.643554688, 365.917694092, -122.949432373, 289.290649414, 290.469970703, 17.5646648407, 462.0418396, 93.5224151611, 134.095062256, 61.3110618591, 102.1043396, -57.7136497498, 64.8759536743], [1013.47546387, -422.828277588, 149.02104187, 278.265716553, -80.820526123, 186.729568481, 93.5224151611, 264.71585083, 28.40376091, 53.8614883423, 7.2291226387, 64.8406524658, -33.9925270081], [-351.226135254, 399.828765869, -110.375411987, 55.9846420288, 229.736038208, -46.1634635925, 134.095062256, 28.40376091, 223.232330322, 48.1560401917, 84.4664535522, -6.14002895355, 51.5535583496], [438.16015625, -192.315612793, 45.5176277161, 167.785400391, 15.3097047806, 71.1944656372, 61.3110618591, 53.8614883423, 48.1560401917, 163.130142212, 40.1106681824, 37.0214576721, 21.534658432], [-356.398376465, 371.474853516, -86.0384674072, -25.4502773285, 173.534790039, -44.7711639404, 102.1043396, 7.2291226387, 84.4664535522, 40.1106681824, 157.56942749, 5.40490484238, 44.1675262451], [789.893432617, -382.999298096, 155.472793579, 134.092285156, -131.415740967, 150.720748901, -57.7136497498, 64.8406524658, -6.14002895355, 37.0214576721, 5.40490484238, 165.364334106, -1.81835782528], [-332.826629639, 263.951782227, -82.5999908447, 12.9348163605, 152.754425049, -50.3844299316, 64.8759536743, -33.9925270081, 51.5535583496, 21.534658432, 44.1675262451, -1.81835782528, 116.746673584]],
        "icov": [[0.000178050671821, -0.000183189971722, 0.000343157182215, -0.000304343120661, 0.000232582984609, -0.000391992536606, 0.000197088971618, -0.000376375712221, 0.000333435484208, -0.000386487663491, 0.000350606249413, -0.000501510454342, 0.000289274117677], [-0.000183189971722, 0.00281131593511, -0.000579139392357, 0.00186822644901, -0.00187206279952, 0.00106606248301, -0.00134198367596, 0.00171927397605, -0.00240163016133, 0.00285552768037, -0.00295093492605, 0.0021637682803, -0.00165530107915], [0.000343157182215, -0.000579139392357, 0.00176257349085, -0.000648327579256, 0.000482028932311, -0.0020132237114, 0.000752655323595, -0.000805774470791, 0.000974208873231, -0.00100690545514, 0.000986875267699, -0.00107691204175, 0.000819534470793], [-0.000304343120661, 0.00186822644901, -0.000648327579256, 0.00254032947123, -0.00112530449405, 0.000574185978621, -0.00175817357376, 0.00106525863521, -0.00193341064733, 0.00157231930643, -0.00148923671804, 0.001487891539, -0.00167396792676], [0.000232582984609, -0.00187206279952, 0.000482028932311, -0.00112530449405, 0.00379605498165, -0.000477370456792, 0.00010193833441, -0.00110151374247, 0.000369046698324, -0.00179354287684, 0.00109690742102, -0.000693745852914, -0.000446856487542], [-0.000391992536606, 0.00106606248301, -0.0020132237114, 0.000574185978621, -0.000477370456792, 0.00555739039555, -0.00142016308382, 0.00010944535461, -0.000923916464671, 0.00109889975283, -0.000986457918771, -0.000469159305794, -0.000600528379437], [0.000197088971618, -0.00134198367596, 0.000752655323595, -0.00175817357376, 0.00010193833441, -0.00142016308382, 0.00520107802004, -0.00230815075338, 0.000676219759043, -0.00154312874656, -6.42891754978e-05, 0.00113729271106, 4.27654085797e-05], [-0.000376375712221, 0.00171927397605, -0.000805774470791, 0.00106525863521, -0.00110151374247, 0.00010944535461, -0.00230815075338, 0.00771838147193, -0.00252737198025, 0.0015639011981, -0.00213084905408, 0.000503268383909, 0.00101179257035], [0.000333435484208, -0.00240163016133, 0.000974208873231, -0.00193341064733, 0.000369046698324, -0.000923916464671, 0.000676219759043, -0.00252737198025, 0.00958919711411, -0.0036705378443, 0.00119502912275, -0.0029885568656, 0.00123457808513], [-0.000386487663491, 0.00285552768037, -0.00100690545514, 0.00157231930643, -0.00179354287684, 0.00109889975283, -0.00154312874656, 0.0015639011981, -0.0036705378443, 0.0111341746524, -0.00481299869716, 0.00204932806082, -0.00289077032357], [0.000350606249413, -0.00295093492605, 0.000986875267699, -0.00148923671804, 0.00109690742102, -0.000986457918771, -6.42891754978e-05, -0.00213084905408, 0.00119502912275, -0.00481299869716, 0.0134391989559, -0.00494891172275, 0.00128753995523], [-0.000501510454342, 0.0021637682803, -0.00107691204175, 0.001487891539, -0.000693745852914, -0.000469159305794, 0.00113729271106, 0.000503268383909, -0.0029885568656, 0.00204932806082, -0.00494891172275, 0.0128840086982, -0.00401414511725], [0.000289274117677, -0.00165530107915, 0.000819534470793, -0.00167396792676, -0.000446856487542, -0.000600528379437, 4.27654085797e-05, 0.00101179257035, 0.00123457808513, -0.00289077032357, 0.00128753995523, -0.00401414511725, 0.0139327570796]]
    },
    "melbands": {
        "dmean": [0.000669753586408, 0.00102170254104, 0.000500532507431, 0.000338142272085, 9.82964775176e-05, 7.50491017243e-05, 0.000135398237035, 7.96800595708e-05, 8.51690710988e-05, 4.40028270532e-05, 2.9364364309e-05, 3.68191831512e-05, 1.12992465802e-05, 1.5130389329e-05, 7.86922555562e-06, 4.18211811848e-06, 2.65931203103e-06, 2.43980821324e-06, 1.97451049644e-06, 1.11872054731e-06, 1.42254145885e-06, 9.02816736925e-07, 1.31184026486e-06, 6.30773854482e-07, 3.05057710648e-07, 5.40391170034e-07, 4.63653151428e-07, 3.41578299867e-07, 4.04021392342e-07, 4.22189401661e-07, 5.18746901434e-07, 4.26259077813e-07, 3.6567718098e-07, 3.12751183174e-07, 2.52645719456e-07, 2.22902386326e-07, 2.07850277434e-07, 1.91688485529e-07, 2.03287314093e-07, 2.4357856887e-07],
        "dmean2": [0.00108833704144, 0.00170026195701, 0.000835569109768, 0.000548230309505, 0.000151549189468, 0.000110385619337, 0.000196267748834, 0.000114066344395, 0.000120092772704, 6.19511847617e-05, 4.25182406616e-05, 5.07147487951e-05, 1.71435967786e-05, 2.20144611376e-05, 1.10577020678e-05, 6.09573271504e-06, 4.14520854974e-06, 3.78885351893e-06, 2.94448682325e-06, 1.66965730841e-06, 2.1526313958e-06, 1.30651176278e-06, 1.88109163446e-06, 9.72110456132e-07, 4.6568709422e-07, 8.21818616714e-07, 7.21463493392e-07, 4.91584501106e-07, 6.2681357349e-07, 6.54503310216e-07, 7.67157246173e-07, 6.29129090157e-07, 5.20733408393e-07, 4.43026806352e-07, 3.72744779042e-07, 3.26638826209e-07, 2.86185496634e-07, 2.68232241751e-07, 2.74964406799e-07, 3.32575041284e-07],
        "dvar": [3.79658808924e-06, 6.6572229116e-06, 1.94925291908e-06, 7.92998662291e-07, 5.89460320555e-08, 8.45239327418e-08, 1.99054198902e-07, 1.43457697277e-07, 1.48143229239e-07, 4.97798389176e-08, 2.79618674881e-08, 3.30241007873e-08, 3.30835780993e-09, 5.82415005113e-09, 9.26343779462e-10, 3.0574809351e-10, 1.17093126861e-10, 5.77011528835e-11, 4.83545495311e-11, 1.58094683178e-11, 2.18172580696e-11, 1.04541869952e-11, 2.23077754186e-11, 5.19746398697e-12, 3.06605327065e-12, 1.73183568181e-11, 1.83872257697e-11, 5.57386211839e-12, 8.07891253896e-12, 9.32888575417e-12, 1.72732106396e-11, 1.17760757742e-11, 7.45587792894e-12, 6.59435960698e-12, 4.87853724432e-12, 3.52736589937e-12, 6.2916872233e-12, 3.91797618654e-12, 4.38487007121e-12, 6.24684548881e-12],
        "dvar2": [1.02977846836e-05, 1.8185000954e-05, 5.25944369656e-06, 2.10857319871e-06, 1.47764581016e-07, 1.50870931748e-07, 4.28884987969e-07, 3.06736268385e-07, 2.80073834347e-07, 9.64045838714e-08, 5.80317838228e-08, 6.21612201712e-08, 7.62560503631e-09, 1.27504131697e-08, 1.73247505231e-09, 5.48856182725e-10, 2.6355048699e-10, 1.40697023476e-10, 1.08113400177e-10, 3.51140644339e-11, 4.62516448752e-11, 2.25147834404e-11, 4.39646929973e-11, 1.23415843517e-11, 6.93318579631e-12, 3.36976696547e-11, 4.90670039321e-11, 1.05806014991e-11, 1.78720857558e-11, 2.06479174036e-11, 3.38882082118e-11, 2.56042877872e-11, 1.5308950288e-11, 1.21047720458e-11, 1.00116278115e-11, 6.63935833395e-12, 1.31067682749e-11, 7.45987473183e-12, 7.56685599596e-12, 1.08018047631e-11],
        "max": [0.0457071177661, 0.0500558950007, 0.0301947817206, 0.0207290127873, 0.00776300951838, 0.0166133139282, 0.0163720808923, 0.0216475240886, 0.0198723655194, 0.0093140900135, 0.00834866147488, 0.0114215901121, 0.00280698342249, 0.00491208815947, 0.00213116779923, 0.00165390386246, 0.000571906624828, 0.00015703261306, 0.000181602954399, 0.000172847372596, 0.000189912010683, 0.000110555782157, 0.000158751194249, 8.05110903457e-05, 8.80427469383e-05, 0.000312200776534, 0.000346085027559, 0.000191851286218, 0.000212158673094, 0.000167587320902, 0.000267876079306, 0.000209721692954, 0.000135411391966, 0.000124598664115, 9.6447285614e-05, 0.00012553036504, 0.000205988486414, 9.80393670034e-05, 0.000152660577442, 0.000130489774165],
        "mean": [0.0017555024242, 0.00284048728645, 0.00103282323107, 0.000799427332822, 0.000271236756817, 0.000191032610019, 0.000403610116336, 0.00026329891989, 0.000415402493672, 0.000137412906042, 8.94575350685e-05, 0.000115196060506, 3.01114650938e-05, 4.70196609967e-05, 2.62908724835e-05, 1.07293008114e-05, 5.4670508689e-06, 4.88099340146e-06, 4.12630606661e-06, 2.38692496168e-06, 3.12471775032e-06, 2.07601829061e-06, 2.73849877885e-06, 1.35757204589e-06, 5.60714170206e-07, 1.01939724573e-06, 8.05815261629e-07, 5.98487986281e-07, 6.7270116233e-07, 7.11744291948e-07, 7.96679387349e-07, 6.79371453316e-07, 6.18609362846e-07, 5.34541527486e-07, 4.33798646782e-07, 4.03370762569e-07, 3.65445743e-07, 3.35419628072e-07, 3.33014753551e-07, 3.86897539784e-07],
        "median": [0.000947020947933, 0.00162004749291, 0.00041314351256, 0.000207190721994, 0.000108190099127, 5.71793716517e-05, 0.000101138968603, 4.15424074163e-05, 1.77651891136e-05, 9.60724628385e-06, 8.67708149599e-06, 1.28421834233e-05, 3.50963819074e-06, 3.36472635354e-06, 3.29808153765e-06, 2.12208760786e-06, 8.43515749693e-07, 8.31750810448e-07, 6.39964923721e-07, 4.0615952912e-07, 4.36095916712e-07, 1.95273528902e-07, 3.10366090162e-07, 1.34209685143e-07, 5.44810170311e-08, 5.88442610194e-08, 4.47495480671e-08, 1.49532475291e-08, 9.65975477385e-09, 9.60972990072e-09, 7.65920127321e-09, 5.69545122175e-09, 4.34403046867e-09, 2.49548448572e-09, 1.9088635117e-09, 1.42538914005e-09, 8.3194645617e-10, 8.00331634299e-10, 7.71668395849e-10, 4.5879694488e-10],
        "min": [9.37033674568e-24, 6.65857689688e-24, 5.42938132855e-24, 3.69177003439e-24, 1.24136098679e-23, 6.86733710254e-24, 6.32513880288e-24, 4.98900446137e-24, 1.92739821175e-24, 5.86774462826e-24, 1.26390813029e-23, 2.06127524377e-23, 5.39616634013e-24, 1.26810780882e-24, 1.03256149586e-23, 9.16678459972e-24, 8.21799871205e-24, 1.0232040278e-23, 1.32711663584e-23, 7.89169902038e-24, 8.86906297206e-24, 1.02397324607e-23, 8.61386331378e-24, 4.96928254431e-24, 2.81315135208e-24, 5.30956913426e-24, 8.98872922708e-24, 7.13727899342e-24, 1.52241824336e-23, 1.84664906843e-23, 1.37641002946e-23, 9.50284486737e-24, 7.56479032809e-24, 8.62352291557e-24, 8.43449685432e-24, 1.19919668695e-23, 1.13971799464e-23, 1.17322162726e-23, 1.24142322791e-23, 1.33733001798e-23],
        "var": [6.08659001955e-06, 1.49261295519e-05, 3.4752351894e-06, 2.19405910684e-06, 2.35103527757e-07, 3.13377881866e-07, 8.59939234488e-07, 8.55487940044e-07, 3.2612126688e-06, 2.88387042247e-07, 1.84209653753e-07, 2.91651218731e-07, 1.40516105418e-08, 6.02080234557e-08, 1.344648215e-08, 1.47881595858e-09, 3.16346060458e-10, 1.55144216918e-10, 1.27890406598e-10, 5.15599923867e-11, 9.21578646729e-11, 4.45596094745e-11, 7.31515126251e-11, 1.37904384093e-11, 4.54754246412e-12, 3.30890419231e-11, 2.59014823478e-11, 1.1491851741e-11, 1.41671544288e-11, 1.908556993e-11, 4.18140765068e-11, 2.43426043212e-11, 1.81703957436e-11, 1.86680861741e-11, 1.24585801745e-11, 1.22184588836e-11, 1.79864231148e-11, 1.15670788919e-11, 1.11822912041e-11, 1.53656150303e-11]
    },
    "mfcc": {
        "mean": [-794.22467041, 197.260070801, 27.9821376801, 12.6140546799, 8.57788276672, 3.3962931633, 1.20928227901, 3.96978831291, -0.854427874088, -1.40248155594, 1.47471320629, 1.13596749306, 1.37171697617],
        "cov": [[11137.4550781, -1103.77990723, -857.038024902, 890.211303711, -174.214660645, 106.4034729, 306.536376953, 642.712097168, 216.819900513, 115.843460083, 221.064971924, 215.567367554, 122.504776001], [-1103.77990723, 2208.86547852, -558.786560059, -332.533416748, 320.150085449, -85.990562439, 9.37161922455, -48.8743896484, 16.119802475, 48.8547401428, 34.0063896179, 78.6292495728, 119.775245667], [-857.038024902, -558.786560059, 1152.22302246, -29.1163253784, -81.3025894165, 170.581741333, 37.475566864, 94.0754241943, -25.1810493469, -55.0850715637, 26.191236496, -66.7740020752, -92.8645935059], [890.211303711, -332.533416748, -29.1163253784, 767.828857422, 151.727844238, 180.134765625, 223.174545288, 141.066085815, 190.516448975, 132.160614014, 40.7333335876, 131.801605225, 93.9696807861], [-174.214660645, 320.150085449, -81.3025894165, 151.727844238, 365.524902344, 126.074867249, 52.2294464111, 73.5327148438, 94.8194351196, 70.0008850098, 35.512878418, 75.4381408691, 91.5043029785], [106.4034729, -85.990562439, 170.581741333, 180.134765625, 126.074867249, 294.866119385, 141.237808228, 73.884437561, 99.6991043091, 66.8400344849, 31.1298370361, 56.1545600891, 34.1459732056], [306.536376953, 9.37161922455, 37.475566864, 223.174545288, 52.2294464111, 141.237808228, 294.686553955, 130.138442993, 105.909339905, 114.78629303, 58.5737113953, 81.6793060303, 33.3259468079], [642.712097168, -48.8743896484, 94.0754241943, 141.066085815, 73.5327148438, 73.884437561, 130.138442993, 276.507202148, 95.5135574341, 46.1704673767, 81.210067749, 54.3934631348, 28.9673023224], [216.819900513, 16.119802475, -25.1810493469, 190.516448975, 94.8194351196, 99.6991043091, 105.909339905, 95.5135574341, 187.246994019, 108.971565247, 37.3579750061, 74.2667617798, 61.8940925598], [115.843460083, 48.8547401428, -55.0850715637, 132.160614014, 70.0008850098, 66.8400344849, 114.78629303, 46.1704673767, 108.971565247, 187.339767456, 58.7250137329, 61.364730835, 50.639087677], [221.064971924, 34.0063896179, 26.191236496, 40.7333335876, 35.512878418, 31.1298370361, 58.5737113953, 81.210067749, 37.3579750061, 58.7250137329, 122.3983078, 54.7801933289, 26.6842155457], [215.567367554, 78.6292495728, -66.7740020752, 131.801605225, 75.4381408691, 56.1545600891, 81.6793060303, 54.3934631348, 74.2667617798, 61.364730835, 54.7801933289, 157.303100586, 105.267967224], [122.504776001, 119.775245667, -92.8645935059, 93.9696807861, 91.5043029785, 34.1459732056, 33.3259468079, 28.9673023224, 61.8940925598, 50.639087677, 26.6842155457, 105.267967224, 160.034088135]],
