{
"lowlevel": {
    "average_loudness": 0.750879347324,
    "barkbands_crest": {
        "dmean": 2.08042621613,
        "dmean2": 3.55813384056,
        "dvar": 4.83666467667,
        "dvar2": 13.7733335495,
        "max": 26.4430084229,
        "mean": 11.4660787582,
        "median": 10.8398323059,
        "min": 1.88347184658,
        "var": 26.4020824432
    },
    "barkbands_flatness_db": {
        "dmean": 0.0218160636723,
        "dmean2": 0.0339443646371,
        "dvar": 0.000723996898159,
        "dvar2": 0.00153603986837,
        "max": 0.546986222267,
        "mean": 0.247550919652,
        "median": 0.281473428011,
        "min": 0.00745150120929,
        "var": 0.0167760960758
    },
    "barkbands_kurtosis": {
        "dmean": 6.34111452103,
        "dmean2": 10.6167259216,
        "dvar": 446.206542969,
        "dvar2": 1287.70837402,
        "max": 1006.21508789,
        "mean": 13.7167673111,
        "median": 6.17926263809,
        "min": -1.86883187294,
        "var": 671.961242676
    },
    "barkbands_skewness": {
        "dmean": 0.589667260647,
        "dmean2": 0.956290006638,
        "dvar": 0.733879804611,
        "dvar2": 1.89456999302,
        "max": 25.8991622925,
        "mean": 1.80339193344,
        "median": 1.52452945709,
        "min": -2.04396939278,
        "var": 3.24981355667
    },
    "barkbands_spread": {
        "dmean": 3.32543635368,
        "dmean2": 5.39300727844,
        "dvar": 56.9207229614,
        "dvar2": 158.116394043,
        "max": 131.668060303,
        "mean": 14.7093572617,
        "median": 4.83159828186,
        "min": 0.135893508792,
        "var": 483.108428955
    },
    "dissonance": {
        "dmean": 0.0329638123512,
        "dmean2": 0.0558932721615,
        "dvar": 0.00132339727134,
        "dvar2": 0.00360573432408,
        "max": 0.500000178814,
        "mean": 0.403448134661,
        "median": 0.416938900948,
        "min": 0.0405016094446,
        "var": 0.00641640089452
    },
    "dynamic_complexity": 10.8086833954,
    "erbbands_crest": {
        "dmean": 1.69114875793,
        "dmean2": 2.67175102234,
        "dvar": 3.1133787632,
        "dvar2": 7.74161911011,
        "max": 32.9462394714,
        "mean": 11.8598642349,
        "median": 11.2447376251,
        "min": 2.50865530968,
        "var": 34.7967567444
    },
    "erbbands_flatness_db": {
        "dmean": 0.015460876748,
        "dmean2": 0.0211932342499,
        "dvar": 0.000371713860659,
        "dvar2": 0.000642925966531,
        "max": 0.500376164913,
        "mean": 0.230129510164,
        "median": 0.240535855293,
        "min": 0.0396372564137,
        "var": 0.0100133912638
    },
    "erbbands_kurtosis": {
        "dmean": 2.29119968414,
        "dmean2": 3.58932781219,
        "dvar": 18.8687820435,
        "dvar2": 45.6401062012,
        "max": 128.074935913,
        "mean": 6.24478626251,
        "median": 1.78674459457,
        "min": -1.82754659653,
        "var": 117.868438721
    },
    "erbbands_skewness": {
        "dmean": 0.356832414865,
        "dmean2": 0.541358411312,
        "dvar": 0.180440083146,
        "dvar2": 0.416842490435,
        "max": 9.2332611084,
        "mean": 1.03721106052,
        "median": 0.705989837646,
        "min": -2.8295507431,
        "var": 1.60781562328
    },
    "erbbands_spread": {
        "dmean": 4.15913105011,
        "dmean2": 6.04486083984,
        "dvar": 43.777923584,
        "dvar2": 81.8757019043,
        "max": 123.934249878,
        "mean": 21.0657997131,
        "median": 15.6628570557,
        "min": 0.699446678162,
        "var": 287.114776611
    },
    "hfc": {
        "dmean": 1.99466133118,
        "dmean2": 3.02806043625,
        "dvar": 21.3052845001,
        "dvar2": 43.8718032837,
        "max": 84.5126342773,
        "mean": 8.49477100372,
        "median": 7.0853099823,
        "min": 1.14982843235e-16,
        "var": 77.1060180664
    },
    "melbands_crest": {
        "dmean": 3.00626134872,
        "dmean2": 5.20972919464,
        "dvar": 9.41167926788,
        "dvar2": 28.4103813171,
        "max": 32.7589797974,
        "mean": 15.6303672791,
        "median": 15.3414316177,
        "min": 2.0053524971,
        "var": 32.3086967468
    },
    "melbands_flatness_db": {
        "dmean": 0.0268525537103,
        "dmean2": 0.0418515726924,
        "dvar": 0.00110741797835,
        "dvar2": 0.0022691169288,
        "max": 0.669747114182,
        "mean": 0.343391805887,
        "median": 0.382457137108,
        "min": 0.00530220847577,
        "var": 0.0256356596947
    },
    "melbands_kurtosis": {
        "dmean": 6.26142215729,
        "dmean2": 10.1317539215,
        "dvar": 233.364318848,
        "dvar2": 565.19519043,
        "max": 504.037780762,
        "mean": 12.6282043457,
        "median": 5.56538152695,
        "min": -1.78297173977,
        "var": 509.070648193
    },
    "melbands_skewness": {
        "dmean": 0.567510604858,
        "dmean2": 0.917604982853,
        "dvar": 0.44146323204,
        "dvar2": 1.05576431751,
        "max": 18.4449996948,
        "mean": 1.94898331165,
        "median": 1.70629942417,
        "min": -1.59753036499,
        "var": 2.43550729752
    },
    "melbands_spread": {
        "dmean": 3.23354291916,
        "dmean2": 5.36315393448,
        "dvar": 41.8688964844,
        "dvar2": 117.646492004,
        "max": 186.111694336,
        "mean": 18.5362167358,
        "median": 5.4302315712,
        "min": 0.347738772631,
        "var": 1052.58959961
    },
    "pitch_salience": {
        "dmean": 0.0620039217174,
        "dmean2": 0.106101386249,
        "dvar": 0.0043019996956,
        "dvar2": 0.0126101151109,
        "max": 0.959413826466,
        "mean": 0.540820240974,
        "median": 0.542832493782,
        "min": 0.0932981744409,
        "var": 0.0214562341571
    },
    "silence_rate_20dB": {
        "dmean": 0,
        "dmean2": 0,
        "dvar": 0,
        "dvar2": 0,
        "max": 1,
        "mean": 1,
        "median": 1,
        "min": 1,
        "var": 0
    },
    "silence_rate_30dB": {
        "dmean": 0.0212782360613,
        "dmean2": 0.0425597541034,
        "dvar": 0.0208278503269,
        "dvar2": 0.0452201552689,
        "max": 1,
        "mean": 0.976025283337,
        "median": 1,
        "min": 0,
        "var": 0.0234024859965
    },
    "silence_rate_60dB": {
        "dmean": 0.00570503436029,
        "dmean2": 0.0114109478891,
        "dvar": 0.00567203154787,
        "dvar2": 0.0134414182976,
        "max": 1,
        "mean": 0.246685162187,
        "median": 0,
        "min": 0,
        "var": 0.185858353972
    },
    "spectral_centroid": {
        "dmean": 89.5259933472,
        "dmean2": 139.161651611,
        "dvar": 22521.2363281,
        "dvar2": 49416.5859375,
        "max": 10594.2890625,
        "mean": 878.027282715,
        "median": 402.377960205,
        "min": 119.613502502,
        "var": 856112.6875
    },
    "spectral_complexity": {
        "dmean": 1.14717447758,
        "dmean2": 1.65026986599,
        "dvar": 5.7040886879,
        "dvar2": 7.58007287979,
        "max": 48,
        "mean": 7.6206445694,
        "median": 7,
        "min": 0,
        "var": 39.0377388
    },
    "spectral_decrease": {
        "dmean": 2.46425568839e-09,
        "dmean2": 4.20042178817e-09,
        "dvar": 2.41078232652e-17,
        "dvar2": 6.56405932543e-17,
        "max": -1.02975374002e-29,
        "mean": -7.47676587309e-09,
        "median": -5.5110045416e-09,
        "min": -6.97008673001e-08,
        "var": 6.4640564981e-17
    },
    "spectral_energy": {
        "dmean": 0.00945254415274,
        "dmean2": 0.0160798002034,
        "dvar": 0.000352187023964,
        "dvar2": 0.000956766831223,
        "max": 0.265314817429,
        "mean": 0.0289894007146,
        "median": 0.0215155817568,
        "min": 1.04681515976e-20,
        "var": 0.000954919785727
    },
    "spectral_energyband_high": {
        "dmean": 6.60692312522e-05,
        "dmean2": 7.97352186055e-05,
        "dvar": 5.1512717647e-08,
        "dvar2": 6.71380320227e-08,
        "max": 0.00450625875965,
        "mean": 0.000104663056845,
        "median": 5.02947841596e-06,
        "min": 7.48551844672e-21,
        "var": 1.37810545198e-07
    },
    "spectral_energyband_low": {
        "dmean": 0.00739123811945,
        "dmean2": 0.0129790659994,
        "dvar": 0.000323954562191,
        "dvar2": 0.000897386868019,
        "max": 0.260590434074,
        "mean": 0.0116065703332,
        "median": 0.00243863416836,
        "min": 4.01985973034e-23,
        "var": 0.00056093634339
    },
    "spectral_energyband_middle_high": {
        "dmean": 0.00032805185765,
        "dmean2": 0.000412210036302,
        "dvar": 7.89094372067e-07,
        "dvar2": 1.5241254232e-06,
        "max": 0.0350559614599,
        "mean": 0.00139738072176,
        "median": 0.000139076117193,
        "min": 1.53704960629e-21,
        "var": 8.73313729244e-06
    },
    "spectral_energyband_middle_low": {
        "dmean": 0.00407853163779,
        "dmean2": 0.00670668203384,
        "dvar": 8.04279188742e-05,
        "dvar2": 0.000199919566512,
        "max": 0.143603801727,
        "mean": 0.0167021434754,
        "median": 0.0121594518423,
        "min": 3.0857590564e-22,
        "var": 0.000351897877408
    },
    "spectral_entropy": {
        "dmean": 0.169314906001,
        "dmean2": 0.239441975951,
        "dvar": 0.0655048564076,
        "dvar2": 0.118063218892,
        "max": 9.79410457611,
        "mean": 6.37765550613,
        "median": 5.95850944519,
        "min": 3.73939108849,
        "var": 1.50875806808
    },
    "spectral_flux": {
        "dmean": 0.018000125885,
        "dmean2": 0.0270475372672,
        "dvar": 0.00115628936328,
        "dvar2": 0.00258562946692,
        "max": 0.43620595336,
        "mean": 0.0514800027013,
        "median": 0.036857444793,
        "min": 1.02313983674e-10,
        "var": 0.00326225860044
    },
    "spectral_kurtosis": {
        "dmean": 6.36276435852,
        "dmean2": 10.0344343185,
        "dvar": 77.3762512207,
        "dvar2": 188.77230835,
        "max": 201.19329834,
        "mean": 26.9080238342,
        "median": 19.6763687134,
        "min": -1.17622661591,
        "var": 695.187011719
    },
    "spectral_rms": {
        "dmean": 0.000656862626784,
        "dmean2": 0.00111201161053,
        "dvar": 1.11410633963e-06,
        "dvar2": 2.99584257846e-06,
        "max": 0.0160886216909,
        "mean": 0.00437462283298,
        "median": 0.00458157295361,
        "min": 3.19575203973e-12,
        "var": 9.14513111638e-06
    },
    "spectral_rolloff": {
        "dmean": 238.059066772,
        "dmean2": 409.594329834,
        "dvar": 327879.71875,
        "dvar2": 899763.125,
        "max": 19013.8183594,
        "mean": 1516.80957031,
        "median": 430.6640625,
        "min": 64.599609375,
        "var": 9434748
    },
    "spectral_skewness": {
        "dmean": 0.488429158926,
        "dmean2": 0.732885599136,
        "dvar": 0.372019916773,
        "dvar2": 0.802617311478,
        "max": 11.9193334579,
        "mean": 3.78042912483,
        "median": 3.61740732193,
        "min": 0.0319369770586,
        "var": 4.62250423431
    },
    "spectral_spread": {
        "dmean": 508624.1875,
        "dmean2": 737263.25,
        "dvar": 671748587520,
        "dvar2": 1.18389866496e+12,
        "max": 39271532,
        "mean": 3747874,
        "median": 3130581,
        "min": 533267.4375,
        "var": 5.33151403213e+12
    },
    "spectral_strongpeak": {
        "dmean": 0.251871913671,
        "dmean2": 0.437050670385,
        "dvar": 0.129009321332,
        "dvar2": 0.352227598429,
        "max": 8.32993507385,
        "mean": 0.844591796398,
        "median": 0.604668855667,
        "min": 0,
        "var": 0.773806333542
    },
    "zerocrossingrate": {
        "dmean": 0.0060024978593,
        "dmean2": 0.00763058988377,
        "dvar": 9.84654543572e-05,
        "dvar2": 0.000158521317644,
        "max": 0.50146484375,
        "mean": 0.0545660331845,
        "median": 0.02294921875,
        "min": 0.0029296875,
        "var": 0.00652466388419
    },
    "barkbands": {
        "dmean": [3.70515081158e-05, 0.00415600789711, 0.00393868144602, 0.00125721143559, 0.00235932297073, 0.000898956146557, 0.000549848657101, 0.000419644347858, 0.000204398718779, 0.000121328288515, 5.68278883293e-05, 0.000116278213682, 4.42771852249e-05, 3.35179938702e-05, 2.90198913717e-05, 1.38140585477e-05, 2.56435960182e-05, 1.60359068104e-05, 8.90200135473e-06, 1.05582403194e-05, 1.48293956954e-05, 2.14951469388e-05, 1.04639429992e-05, 8.88362501428e-06, 2.703005066e-06, 6.38326446278e-06, 1.51374615598e-06],
        "dmean2": [5.77549144509e-05, 0.00727692712098, 0.00735894124955, 0.00232090288773, 0.00395278586075, 0.00137679139152, 0.000894221826456, 0.000706698454451, 0.000336907076417, 0.000135054928251, 7.07849831088e-05, 0.000149722982314, 6.37954653939e-05, 5.44641879969e-05, 4.4278538553e-05, 1.65905730682e-05, 3.92770343751e-05, 2.24957348109e-05, 1.19032374641e-05, 1.50052910612e-05, 1.53297260113e-05, 2.72834640782e-05, 1.28011442939e-05, 1.17855452118e-05, 3.98019847125e-06, 9.61020941759e-06, 2.10898292607e-06],
        "dvar": [2.00217229462e-08, 0.000270687072771, 6.9773683208e-05, 1.16165438158e-05, 3.90273089579e-05, 2.90133721137e-06, 1.92936636267e-06, 5.00531677972e-06, 1.24286987102e-06, 1.29263895587e-07, 7.57011662245e-08, 1.4081963684e-07, 2.36135004883e-08, 2.74564353475e-08, 1.40540761251e-08, 3.05615732721e-09, 7.73599495574e-09, 3.20377169238e-09, 1.1639895714e-09, 1.83654380592e-09, 3.44623818371e-09, 1.04188293548e-08, 1.68030367398e-09, 5.62399238291e-10, 6.11518960469e-11, 6.83527845435e-10, 3.16007116308e-11],
        "dvar2": [5.56507515626e-08, 0.000765785167459, 0.000234652485233, 3.55095871782e-05, 0.000103942787973, 5.75419653615e-06, 4.8171027629e-06, 1.44188807099e-05, 3.31905266648e-06, 1.48114779108e-07, 1.42591758845e-07, 2.36747112581e-07, 5.08205388883e-08, 7.74194646169e-08, 2.89289463495e-08, 4.65983074349e-09, 1.87950579544e-08, 5.4369553304e-09, 2.48090215038e-09, 3.35620553571e-09, 3.98050747918e-09, 1.74814012155e-08, 2.2691966084e-09, 9.79926584321e-10, 1.40151584782e-10, 1.53421542137e-09, 5.7848340701e-11],
        "max": [0.00388279091567, 0.235435143113, 0.0920366197824, 0.044494971633, 0.11845099926, 0.0481067746878, 0.041620567441, 0.0402451381087, 0.0200856830925, 0.019737072289, 0.0140149630606, 0.0229006130248, 0.00616409117356, 0.00324950786307, 0.00193367269821, 0.00123866309877, 0.00144743314013, 0.00112174346577, 0.00068174477201, 0.000871277821716, 0.00137076759711, 0.00196922407486, 0.000807970878668, 0.000397752213757, 0.000140472897328, 0.000517276639584, 0.000120532611618],
        "mean": [4.19913267251e-05, 0.00514885596931, 0.00565940327942, 0.00224975403398, 0.00712321186438, 0.0042980639264, 0.00165731669404, 0.000865401816554, 0.000365691375919, 0.000613516196609, 0.000204784533707, 0.000319025479257, 0.000118878517242, 5.03188093717e-05, 3.95560164179e-05, 2.30088953685e-05, 4.64440236101e-05, 3.46239285136e-05, 1.51864860527e-05, 1.98369198188e-05, 2.57213196164e-05, 2.60865981545e-05, 1.48203234858e-05, 1.24445905385e-05, 4.49124718216e-06, 8.29764758237e-06, 2.81133839053e-06],
        "median": [3.97020613718e-07, 0.000135564085213, 0.00109286734369, 0.000669000437483, 0.00203681737185, 0.00195534946397, 0.000776145607233, 0.000173186010215, 5.20686153322e-05, 3.5033612221e-05, 1.01012019513e-05, 5.20158027939e-06, 2.78992320091e-06, 1.46026854964e-06, 1.11132567326e-06, 7.60664420341e-07, 1.05717413135e-06, 6.49100229566e-07, 6.33749436929e-07, 5.761387456e-07, 3.61549894023e-07, 2.31488286317e-07, 2.08046131434e-07, 4.1419474428e-07, 5.60317914733e-07, 1.29837246732e-06, 7.14053612683e-07],
        "min": [1.32332963018e-23, 9.08748435722e-24, 2.42172693284e-23, 1.06924987828e-24, 7.16667258183e-23, 4.84670618141e-23, 6.29677104919e-23, 7.5089094726e-23, 4.70694401038e-23, 7.2470448863e-23, 1.08918984439e-22, 4.81915127e-23, 7.00161006385e-23, 7.7138934011e-23, 1.59627607137e-22, 1.93751344381e-22, 2.74992165773e-22, 1.6254954793e-22, 2.46460896988e-22, 3.05402084715e-22, 4.01236138656e-22, 6.43640271107e-22, 5.98187797066e-22, 9.15736294994e-22, 1.19009287869e-21, 1.60561997102e-21, 2.283784077e-21],
        "var": [2.3291779172e-08, 0.000331053015543, 0.000113913301902, 1.64711600519e-05, 0.000181714014616, 3.86238571082e-05, 5.91828165852e-06, 7.41152416595e-06, 1.39404187394e-06, 3.43605393027e-06, 4.09692773928e-07, 1.62542153248e-06, 1.50371732843e-07, 2.85743411155e-08, 1.86520630052e-08, 7.42789740826e-09, 1.46203857909e-08, 1.01342267911e-08, 2.63610910878e-09, 5.57207791019e-09, 1.18244090075e-08, 1.7562351573e-08, 3.76073439057e-09, 1.31023802918e-09, 1.10629901073e-10, 9.48569223169e-10, 6.63175417359e-11]
    },
    "erbbands": {
        "dmean": [0.0715317428112, 1.15346872807, 4.3330245018, 3.61546468735, 6.46504831314, 9.4093875885, 5.49157190323, 7.83134365082, 8.21153831482, 6.16157913208, 10.9124307632, 4.82122755051, 2.74214434624, 3.92981719971, 2.34728121758, 5.27450942993, 2.18540740013, 2.00873804092, 1.52937602997, 0.990798950195, 1.08015787601, 1.07285439968, 0.783479630947, 0.715515613556, 0.407428741455, 0.48320749402, 0.447492390871, 0.786886572838, 0.852911531925, 0.427903234959, 0.282280087471, 0.236074477434, 0.125993579626, 0.037859570235, 0.0213903915137, 0.0242952983826, 0.0117058297619, 0.00337185454555, 0.000241679968894, 1.42734406836e-05],
        "dmean2": [0.116022534668, 2.04674768448, 8.1216135025, 6.64267158508, 11.4857635498, 15.6570358276, 8.02915382385, 13.2440013885, 12.7099752426, 10.3758792877, 18.5175857544, 7.74265909195, 3.57371783257, 4.18298244476, 3.03899693489, 6.72176885605, 2.88439011574, 3.18286275864, 2.29365682602, 1.41629898548, 1.32694244385, 1.6161198616, 1.07684576511, 0.887842297554, 0.549621105194, 0.690018057823, 0.602292597294, 0.88931286335, 1.0794634819, 0.575535356998, 0.355772525072, 0.316148132086, 0.171507015824, 0.0526420287788, 0.0336927250028, 0.0380510799587, 0.017529329285, 0.00482178898528, 0.000339186226483, 2.27109212574e-05],
        "dvar": [0.0986575260758, 17.3289318085, 82.6053009033, 92.365737915, 189.883651733, 809.755615234, 204.069717407, 187.990646362, 402.696014404, 447.450653076, 3840.69775391, 603.714294434, 61.2122650146, 180.099334717, 165.223098755, 286.05267334, 53.0637321472, 74.0009384155, 42.9594955444, 19.9934368134, 13.2084827423, 15.9886112213, 7.74843597412, 6.01693487167, 2.14292860031, 4.09134244919, 3.10027265549, 12.504070282, 16.2011260986, 4.01160287857, 1.2176451683, 0.62795060873, 0.105305418372, 0.0101406183094, 0.00560535630211, 0.00988568738103, 0.00228994898498, 0.000183346724953, 8.04119338227e-07, 8.35140345767e-10],
        "dvar2": [0.264119356871, 49.326965332, 274.883880615, 281.886810303, 557.815673828, 2147.18725586, 338.769714355, 498.741485596, 965.840637207, 1130.23632812, 11106.9697266, 1625.38305664, 123.14755249, 180.240905762, 334.54119873, 497.85824585, 90.806137085, 207.896697998, 96.5177230835, 40.1855125427, 22.5117416382, 37.6506080627, 13.1387805939, 10.818116188, 4.01382017136, 7.244784832, 4.25914859772, 19.3685798645, 28.5360031128, 6.17041492462, 1.51995766163, 1.03945791721, 0.206414967775, 0.0198550522327, 0.0147351594642, 0.024596311152, 0.00476787937805, 0.000370383873815, 1.47457240018e-06, 1.89601001566e-09],
        "max": [4.80391788483, 59.2373886108, 96.471031189, 126.747703552, 308.227844238, 681.842956543, 457.609466553, 422.516296387, 654.536376953, 485.28503418, 1093.78027344, 496.339904785, 370.300720215, 735.501708984, 704.621948242, 811.228149414, 489.712219238, 164.779129028, 118.986694336, 73.7656860352, 73.7348480225, 76.2113952637, 56.2536048889, 61.3245353699, 31.9344558716, 40.2346343994, 34.7066497803, 79.9036636353, 79.3254241943, 37.1785316467, 22.2485866547, 15.0514888763, 4.76324319839, 2.68701434135, 1.03935301304, 1.8052521944, 0.957192718983, 0.302301794291, 0.0196474157274, 0.000431173073594],
        "mean": [0.0927567332983, 1.42445552349, 6.10667276382, 6.55110788345, 16.6933326721, 27.9671459198, 22.6327857971, 34.2185783386, 36.0620574951, 14.6486606598, 19.2875671387, 10.6457033157, 10.1935682297, 21.601190567, 7.65616226196, 14.5991458893, 6.76301288605, 3.9795794487, 2.20151925087, 1.432949543, 1.79902672768, 2.05848002434, 1.86266827583, 1.41292488575, 0.775198400021, 0.957073926926, 0.89596670866, 1.13616681099, 1.02076590061, 0.539242088795, 0.419239848852, 0.306613951921, 0.187169417739, 0.0634034797549, 0.0308505054563, 0.0278690233827, 0.0162592157722, 0.00498993275687, 0.000468787620775, 4.60962910438e-05],
        "median": [0.00170493300539, 0.0626979023218, 0.972406089306, 2.91714763641, 5.39014720917, 5.51925516129, 7.14055538177, 17.0352630615, 15.1730365753, 6.59867572784, 3.43011331558, 2.15860486031, 2.04601669312, 1.20581936836, 0.484380066395, 0.304767876863, 0.197753638029, 0.132929414511, 0.0929504483938, 0.0661813020706, 0.0669061541557, 0.058406740427, 0.0410482361913, 0.0397606492043, 0.03301782161, 0.028937663883, 0.019021788612, 0.0127229243517, 0.00882757920772, 0.00638849847019, 0.00604189746082, 0.00723077263683, 0.00757451727986, 0.00560726132244, 0.00448255054653, 0.00420948956162, 0.00262586656027, 0.000854010577314, 0.000135746144224, 3.59392142855e-05],
        "min": [2.93118397083e-22, 2.53547195372e-21, 1.99423196735e-20, 1.98070094042e-20, 2.96517592413e-20, 2.91975575981e-19, 3.57721157687e-19, 4.80080583178e-19, 9.46213453663e-19, 8.39849090429e-19, 1.70757323692e-18, 1.43701672742e-18, 9.37313817453e-19, 5.35491085968e-18, 3.27301389035e-18, 1.67687904593e-18, 3.12758499211e-18, 3.20760354944e-18, 6.43808815538e-18, 1.14843713111e-17, 1.10867695789e-17, 1.38704780127e-17, 1.05700348133e-17, 1.26282644909e-17, 1.00550561521e-17, 1.26871407254e-17, 1.83035978229e-17, 1.55381742165e-17, 1.86425698205e-17, 2.50207047523e-17, 1.6775188081e-17, 1.83574621701e-17, 1.38563985715e-17, 1.4276245672e-17, 8.58806374349e-18, 5.51398224097e-18, 2.76956860849e-18, 1.19099780701e-18, 2.93609542034e-19, 3.63464292067e-20],
        "var": [0.145724862814, 20.7486381531, 122.814697266, 109.799667358, 766.567993164, 4579.40625, 2231.96044922, 2130.27441406, 3226.28344727, 909.735290527, 4826.83496094, 838.266723633, 477.700500488, 4785.09033203, 652.325012207, 2754.53125, 669.277832031, 108.289588928, 51.3868331909, 29.4222927094, 30.9411640167, 34.8684539795, 26.9881286621, 19.6572742462, 6.6664056778, 13.8423519135, 12.2581176758, 28.4973068237, 26.4798717499, 6.98762321472, 2.94384551048, 1.2285592556, 0.245261222124, 0.025498252362, 0.00613950844854, 0.00982178281993, 0.00381189398468, 0.00032414693851, 1.78270749984e-06, 2.44356912482e-09]
    },
    "gfcc": {
        "mean": [-172.374099731, 115.901298523, -60.7199783325, -5.67573833466, -55.6234550476, -8.82892131805, -35.5371551514, -0.576102793217, -25.2576007843, -1.04005467892, -14.3588342667, 0.669407308102, -12.9756288528],
        "cov": [[29293.5976562, 7658.25976562, 2036.31188965, -285.783508301, -852.67175293, -989.146972656, -1240.87084961, -524.912353516, -507.744018555, -644.583007812, -339.476104736, -234.978897095, -130.510162354], [7658.25976562, 4177.65527344, 1291.03881836, -825.191955566, -57.9989700317, -825.789672852, -470.318817139, -272.769012451, -269.575714111, -323.315368652, -80.6598587036, -174.658172607, 29.5990791321], [2036.31188965, 1291.03881836, 3588.21704102, 512.340698242, -361.645507812, 37.9575843811, -139.44581604, -82.1704940796, 71.5696029663, 41.9897270203, -342.03793335, -122.418876648, 28.9994888306], [-285.783508301, -825.191955566, 512.340698242, 1068.32373047, -49.5211448669, 417.093658447, 140.040924072, 28.0550842285, 197.862060547, 137.800338745, -77.8604660034, -23.7011089325, 4.01609659195], [-852.67175293, -57.9989700317, -361.645507812, -49.5211448669, 449.742858887, 78.0318908691, 47.4702835083, 25.1525859833, -50.5172195435, 13.901052475, 89.7872390747, 32.3020973206, -9.15005970001], [-989.146972656, -825.789672852, 37.9575843811, 417.093658447, 78.0318908691, 464.5597229, 193.64755249, 55.0471229553, 69.1481933594, 73.9188537598, -25.7248935699, 54.689289093, 1.07113325596], [-1240.87084961, -470.318817139, -139.44581604, 140.040924072, 47.4702835083, 193.64755249, 247.208786011, 110.360816956, 51.4750823975, 59.6247825623, 34.7206726074, 35.2150001526, 25.7805023193], [-524.912353516, -272.769012451, -82.1704940796, 28.0550842285, 25.1525859833, 55.0471229553, 110.360816956, 155.110107422, 66.9070968628, 50.7790031433, 34.6597137451, 18.952703476, 3.62877035141], [-507.744018555, -269.575714111, 71.5696029663, 197.862060547, -50.5172195435, 69.1481933594, 51.4750823975, 66.9070968628, 167.134841919, 110.664474487, 10.1477355957, -7.61842155457, 12.5176897049], [-644.583007812, -323.315368652, 41.9897270203, 137.800338745, 13.901052475, 73.9188537598, 59.6247825623, 50.7790031433, 110.664474487, 180.26701355, 75.1389389038, 23.3347797394, 2.0895717144], [-339.476104736, -80.6598587036, -342.03793335, -77.8604660034, 89.7872390747, -25.7248935699, 34.7206726074, 34.6597137451, 10.1477355957, 75.1389389038, 167.301834106, 64.6232681274, 2.39003205299], [-234.978897095, -174.658172607, -122.418876648, -23.7011089325, 32.3020973206, 54.689289093, 35.2150001526, 18.952703476, -7.61842155457, 23.3347797394, 64.6232681274, 103.477432251, 28.5281162262], [-130.510162354, 29.5990791321, 28.9994888306, 4.01609659195, -9.15005970001, 1.07113325596, 25.7805023193, 3.62877035141, 12.5176897049, 2.0895717144, 2.39003205299, 28.5281162262, 81.6601333618]],
        "icov": [[0.00017956586089, -0.000546861439943, 0.000236019084696, -0.000396450224798, 0.000536526436917, -0.000568871037103, 0.000906695669983, -0.000890359457117, 0.000799384608399, -0.000545766786672, 0.000400499877287, -0.00048784725368, 0.000291918055154], [-0.000546861439943, 0.0023175496608, -0.0010793749243, 0.00146207795478, -0.0018954067491, 0.00235632807016, -0.0027128662914, 0.00330125563778, -0.0027504588943, 0.00281770527363, -0.00223473832011, 0.00231739110313, -0.00133081362583], [0.000236019084696, -0.0010793749243, 0.000937505392358, -0.000866970513016, 0.000991676351987, -0.000924153602682, 0.00142243842129, -0.00167643022723, 0.00172978569753, -0.00216111703776, 0.00218414701521, -0.00122821365949, 0.000382112746593], [-0.000396450224798, 0.00146207795478, -0.000866970513016, 0.00305809057318, -0.001186358626, -0.000371356436517, -0.00195120170247, 0.0030795452185, -0.00386390672065, 0.00183504808228, -0.00164169678465, 0.00249298429117, -0.000932523922529], [0.000536526436917, -0.0018954067491, 0.000991676351987, -0.001186358626, 0.00475897220895, -0.00325317005627, 0.00334974774159, -0.0037621948868, 0.0043378053233, -0.00233996333554, -0.000417321251007, -0.000313769240165, 0.000453013868537], [-0.000568871037103, 0.00235632807016, -0.000924153602682, -0.000371356436517, -0.00325317005627, 0.00925425812602, -0.0072270212695, 0.00482772244141, -0.00296242604963, 0.00141133589204, 0.0023723016493, -0.00326720881276, 0.00165432225913], [0.000906695669983, -0.0027128662914, 0.00142243842129, -0.00195120170247, 0.00334974774159, -0.0072270212695, 0.014924033545, -0.0107369879261, 0.00636653788388, -0.0035221229773, -0.000230676188949, 0.000560846354347, -0.00281607569195], [-0.000890359457117, 0.00330125563778, -0.00167643022723, 0.0030795452185, -0.0037621948868, 0.00482772244141, -0.0107369879261, 0.0176965519786, -0.0105601772666, 0.00523583078757, -0.00294347875752, 0.000852845085319, 0.00121575687081], [0.000799384608399, -0.0027504588943, 0.00172978569753, -0.00386390672065, 0.0043378053233, -0.00296242604963, 0.00636653788388, -0.0105601772666, 0.0206880625337, -0.0122617799789, 0.00414514075965, 0.00066841597436, -0.00237783743069], [-0.000545766786672, 0.00281770527363, -0.00216111703776, 0.00183504808228, -0.00233996333554, 0.00141133589204, -0.0035221229773, 0.00523583078757, -0.0122617799789, 0.0188063979149, -0.0112561080605, 0.0035236729309, -0.000120959208289], [0.000400499877287, -0.00223473832011, 0.00218414701521, -0.00164169678465, -0.000417321251007, 0.0023723016493, -0.000230676188949, -0.00294347875752, 0.00414514075965, -0.0112561080605, 0.0200251489878, -0.0119604878128, 0.00412588659674], [-0.00048784725368, 0.00231739110313, -0.00122821365949, 0.00249298429117, -0.000313769240165, -0.00326720881276, 0.000560846354347, 0.000852845085319, 0.00066841597436, 0.0035236729309, -0.0119604878128, 0.022309936583, -0.00914994534105], [0.000291918055154, -0.00133081362583, 0.000382112746593, -0.000932523922529, 0.000453013868537, 0.00165432225913, -0.00281607569195, 0.00121575687081, -0.00237783743069, -0.000120959208289, 0.00412588659674, -0.00914994534105, 0.017412437126]]
    },
    "melbands": {
        "dmean": [0.000921630067751, 0.00195531384088, 0.000676588679198, 0.000611043127719, 0.000212479528273, 0.00017437893257, 0.000123342237202, 6.77134376019e-05, 8.91992822289e-05, 2.51639321505e-05, 1.34142464958e-05, 1.65861911228e-05, 6.59903207634e-06, 1.23113240988e-05, 9.65038088907e-06, 4.36996106146e-06, 3.77775836569e-06, 2.42876444645e-06, 2.23700408242e-06, 1.00847353224e-06, 1.42310022966e-06, 1.20647291624e-06, 1.17322883852e-06, 7.08762399881e-07, 6.02637499014e-07, 2.78180237956e-07, 3.75384615836e-07, 3.33197220925e-07, 3.25411463109e-07, 3.34571609528e-07, 5.16331795097e-07, 5.59322586469e-07, 2.80206108982e-07, 2.0817243751e-07, 1.53671251724e-07, 1.84637386269e-07, 1.33280593673e-07, 9.82102363878e-08, 5.66691760184e-08, 2.37087931509e-08],
        "dmean2": [0.00157309905626, 0.00358634884469, 0.00124804046936, 0.0010229278123, 0.000332262949087, 0.000284997542622, 0.000194208827452, 0.000114307644253, 0.000151750748046, 3.94838389184e-05, 1.75787081389e-05, 1.75384757313e-05, 8.30070712254e-06, 1.63169461302e-05, 1.18846974146e-05, 6.29752275927e-06, 6.09917560723e-06, 3.76710659111e-06, 3.4344402593e-06, 1.32973104883e-06, 1.87267289675e-06, 1.89660147498e-06, 1.81638779395e-06, 8.56901635871e-07, 7.75817852627e-07, 3.7967629396e-07, 5.28078260231e-07, 5.04955892211e-07, 5.13231213972e-07, 4.50597099189e-07, 5.98706549226e-07, 7.3789834687e-07, 3.80052739501e-07, 2.79653647794e-07, 1.95509628043e-07, 2.31589964983e-07, 1.9234457227e-07, 1.36932186479e-07, 7.93773509145e-08, 3.3765441998e-08],
        "dvar": [1.54544923134e-05, 1.85867211258e-05, 2.49221147897e-06, 2.77075628219e-06, 2.68581885621e-07, 9.96800437747e-08, 8.75676278156e-08, 6.50528590995e-08, 2.65090307039e-07, 1.47460781363e-08, 1.44398970559e-09, 3.38953221046e-09, 1.25369981063e-09, 1.40181577457e-09, 1.46430356729e-09, 2.84940571138e-10, 2.89132134901e-10, 1.26573335146e-10, 1.05099241809e-10, 1.62254654157e-11, 2.34466144416e-11, 1.87789610251e-11, 2.15359518413e-11, 5.29588569179e-12, 4.66339163466e-12, 1.12890740592e-12, 2.12196709856e-12, 2.18761315486e-12, 1.81325679298e-12, 1.64338464712e-12, 6.05413765994e-12, 7.17323856564e-12, 1.72434224018e-12, 9.17916242148e-13, 3.81902842683e-13, 5.15831084444e-13, 1.74431744548e-13, 6.77475043838e-14, 2.36675760777e-14, 3.83643625833e-15],
        "dvar2": [4.27543345722e-05, 5.6756005506e-05, 7.62095123719e-06, 7.38262269806e-06, 5.57362739073e-07, 2.40375300109e-07, 2.14024467482e-07, 1.70000618027e-07, 7.68341976709e-07, 3.78856981342e-08, 2.96443292136e-09, 3.30156302297e-09, 2.46957299055e-09, 2.79113221424e-09, 1.76893688586e-09, 5.81750758677e-10, 8.22328038996e-10, 3.07928404997e-10, 2.32786637189e-10, 2.48210497295e-11, 4.66749555672e-11, 4.55191370707e-11, 5.19776270635e-11, 7.79652818e-12, 9.08096427915e-12, 2.29353992395e-12, 4.6749587708e-12, 4.17326589952e-12, 3.66328885629e-12, 3.0259234788e-12, 9.60621252682e-12, 1.38432590044e-11, 2.45716901687e-12, 1.48451780382e-12, 4.90857625813e-13, 8.80089837813e-13, 3.03904796294e-13, 1.35913781857e-13, 4.923391542e-14, 7.51568268341e-15],
        "max": [0.0581689849496, 0.0502833724022, 0.0200626589358, 0.0306079052389, 0.0149221634492, 0.0107044093311, 0.00896124076098, 0.00554458983243, 0.00913355126977, 0.0026489214506, 0.0018439280102, 0.00326377782039, 0.00192154664546, 0.0016793764662, 0.00369271193631, 0.000854151905514, 0.000342012033798, 0.000211053920793, 0.000160827679792, 8.22496658657e-05, 8.80780717125e-05, 7.21575561329e-05, 8.73272438184e-05, 9.17810975807e-05, 5.64365727769e-05, 2.44706861849e-05, 3.09284150717e-05, 2.7225309168e-05, 2.35080915445e-05, 2.71062399406e-05, 5.44406393601e-05, 5.31692094228e-05, 2.49907479883e-05, 1.78437676368e-05, 1.17554845929e-05, 1.44261157402e-05, 7.18789260645e-06, 4.62600246465e-06, 3.70667180505e-06, 1.62088360867e-06],
        "mean": [0.00116744369734, 0.00278628990054, 0.00144802150317, 0.00175052881241, 0.000820558401756, 0.000816110754386, 0.000511861697305, 0.000152317705215, 0.000145350990351, 6.06335561315e-05, 4.97009277751e-05, 9.07533903955e-05, 2.18654076889e-05, 3.05520479742e-05, 3.18925085594e-05, 1.14237082016e-05, 6.58542148813e-06, 3.2248815387e-06, 2.81851953332e-06, 1.56181420152e-06, 2.33350237977e-06, 2.09553672903e-06, 2.24989503295e-06, 1.59453111337e-06, 1.07792197923e-06, 4.5216117428e-07, 6.5051835918e-07, 6.2535610823e-07, 5.38832239272e-07, 5.4990391618e-07, 7.05955130798e-07, 6.41203598661e-07, 3.60249288178e-07, 2.60531322738e-07, 2.35009721905e-07, 2.3306984076e-07, 1.7240816419e-07, 1.43455665125e-07, 8.52242152405e-08, 4.16178522755e-08],
        "median": [2.42638016061e-05, 0.000375753326807, 0.000637155724689, 0.000444190460257, 0.000262891204329, 0.000384926679544, 0.000220724556129, 5.470020551e-05, 2.07603534363e-05, 1.04248483694e-05, 8.37353491079e-06, 3.55158408638e-06, 1.26244071907e-06, 6.33155764262e-07, 4.26539997989e-07, 2.96921399467e-07, 1.72970700874e-07, 1.12330951652e-07, 8.98518237591e-08, 6.06439272133e-08, 7.77307178623e-08, 5.62403883464e-08, 3.67549262137e-08, 3.03923215483e-08, 2.58881627246e-08, 1.88611171126e-08, 1.84131554448e-08, 1.56275739016e-08, 1.12203597524e-08, 8.88367779339e-09, 6.39303188166e-09, 5.07433206565e-09, 4.0448266958e-09, 3.32754224175e-09, 3.30235905288e-09, 3.723485964e-09, 4.61886351388e-09, 5.2498556613e-09, 5.08126785093e-09, 4.4639687502e-09],
        "min": [3.59108377275e-24, 8.30242339498e-24, 3.21525032155e-24, 1.03752279987e-23, 1.48689678344e-23, 1.06588905473e-23, 1.47697969745e-23, 1.09052439194e-23, 1.37559844936e-23, 7.73540358695e-24, 3.84875966542e-24, 2.07860983107e-23, 1.26080388375e-23, 5.39354298319e-24, 5.8255271592e-24, 7.36214616103e-24, 4.96296731833e-24, 1.06005692717e-23, 9.93075930997e-24, 1.82151375117e-23, 1.30165962112e-23, 1.62269492842e-23, 1.02456441843e-23, 7.72624254525e-24, 1.09638334076e-23, 7.42747331032e-24, 7.39816239452e-24, 8.68084707097e-24, 1.16355934335e-23, 1.06507471361e-23, 8.90166186011e-24, 8.82887603097e-24, 1.54050193298e-23, 1.28576020846e-23, 9.27332420928e-24, 1.04620626517e-23, 1.12618011599e-23, 8.15285773394e-24, 1.28721423688e-23, 1.17937837108e-23],
        "var": [2.04367606784e-05, 2.80081894743e-05, 4.29261444879e-06, 1.22436440506e-05, 2.43381805376e-06, 1.30874684601e-06, 6.21172944193e-07, 1.25198212686e-07, 3.01674248249e-07, 2.80976699685e-08, 1.21800951547e-08, 9.26707457438e-08, 5.20962828432e-09, 8.39772695826e-09, 2.95735205214e-08, 1.95284100002e-09, 3.64126673258e-10, 1.30426364153e-10, 1.27764063218e-10, 3.15627038394e-11, 4.82344442165e-11, 3.53983196921e-11, 4.57145675481e-11, 2.6910149456e-11, 1.40726709799e-11, 2.63475677907e-12, 5.6969997296e-12, 6.41926399189e-12, 4.82635069063e-12, 4.74296860467e-12, 1.23429478444e-11, 1.07132809568e-11, 3.19709493254e-12, 1.55343121179e-12, 9.53565785361e-13, 9.22028295727e-13, 3.44586175999e-13, 1.54749558437e-13, 4.9524373182e-14, 1.03864696181e-14]
    },
    "mfcc": {
        "mean": [-832.616943359, 166.452972412, 37.8284606934, 12.2052221298, -0.0495709069073, -8.62203502655, -5.72516059875, -5.40336275101, -5.58865261078, -8.00093841553, -3.7464466095, 0.977300405502, -3.32328653336],
        "cov": [[18805.9609375, 5306.49902344, 1088.70593262, 795.842163086, 203.533355713, -166.311218262, -567.609008789, -200.719772339, -323.696868896, -497.435089111, -485.674499512, 61.1993255615, -355.513458252], [5306.49902344, 5166.17480469, 1213.36816406, 158.457687378, 176.818252563, -599.673034668, -304.951934814, -345.906951904, -273.194366455, -382.195159912, -381.265197754, -163.97984314, -174.304992676], [1088.70593262, 1213.36816406, 2955.01074219, 808.196105957, 205.55317688, 284.559234619, -82.9159164429, -172.10585022, 229.293228149, 144.09463501, -180.180908203, -142.040710449, 24.0079956055], [795.842163086, 158.457687378, 808.196105957, 516.407775879, 160.976318359, 187.692596436, -4.05234098434, -41.0406303406, 90.5900726318, 100.866912842, -15.0316429138, -20.9492588043, 17.7514438629], [203.533355713, 176.818252563, 205.55317688, 160.976318359, 291.834350586, 151.525848389, 45.6975746155, -11.2425432205, -1.29395246506, -3.71955609322, -5.68525981903, 20.1065807343, 0.731167852879], [-166.311218262, -599.673034668, 284.559234619, 187.692596436, 151.525848389, 395.154205322, 140.778030396, 58.1248588562, 109.432350159, 80.4482421875, 13.1608800888, 37.7774620056, 65.5307693481], [-567.609008789, -304.951934814, -82.9159164429, -4.05234098434, 45.6975746155, 140.778030396, 223.744369507, 113.229484558, 45.6035232544, 32.6897087097, 29.1117401123, 31.8139839172, 63.2125167847], [-200.719772339, -345.906951904, -172.10585022, -41.0406303406, -11.2425432205, 58.1248588562, 113.229484558, 165.923980713, 66.4021682739, 16.3688983917, 28.4114246368, 21.8574314117, 7.7265124321], [-323.696868896, -273.194366455, 229.293228149, 90.5900726318, -1.29395246506, 109.432350159, 45.6035232544, 66.4021682739, 161.347808838, 104.246200562, 9.62835216522, 0.701581418514, 25.4558486938], [-497.435089111, -382.195159912, 144.09463501, 100.866912842, -3.71955609322, 80.4482421875, 32.6897087097, 16.3688983917, 104.246200562, 190.656600952, 95.6689605713, 10.990152359, 32.7234802246], [-485.674499512, -381.265197754, -180.180908203, -15.0316429138, -5.68525981903, 13.1608800888, 29.1117401123, 28.4114246368, 9.62835216522, 95.6689605713, 169.190322876, 73.2007827759, 29.1429576874], [61.1993255615, -163.97984314, -142.040710449, -20.9492588043, 20.1065807343, 37.7774620056, 31.8139839172, 21.8574314117, 0.701581418514, 10.990152359, 73.2007827759, 133.670471191, 79.6493759155], [-355.513458252, -174.304992676, 24.0079956055, 17.7514438629, 0.731167852879, 65.5307693481, 63.2125167847, 7.7265124321, 25.4558486938, 32.7234802246, 29.1429576874, 79.6493759155, 150.035522461]],
