{
"lowlevel": {
    "average_loudness": 0.881917953491,
    "barkbands_crest": {
        "dmean": 3.44974708557,
        "dmean2": 5.68576097488,
        "dvar": 9.96039009094,
        "dvar2": 25.6891059875,
        "max": 26.6694965363,
        "mean": 13.0146503448,
        "median": 12.4327535629,
        "min": 2.32640552521,
        "var": 26.1689910889
    },
    "barkbands_flatness_db": {
        "dmean": 0.0367196723819,
        "dmean2": 0.0561646074057,
        "dvar": 0.00123667973094,
        "dvar2": 0.00284373830073,
        "max": 0.497955858707,
        "mean": 0.165298819542,
        "median": 0.146409198642,
        "min": 0.0162161048502,
        "var": 0.00754864607006
    },
    "barkbands_kurtosis": {
        "dmean": 11.9560337067,
        "dmean2": 19.2952289581,
        "dvar": 716.202270508,
        "dvar2": 1658.3581543,
        "max": 924.851196289,
        "mean": 17.0217895508,
        "median": 6.94926071167,
        "min": -1.89593839645,
        "var": 1212.41723633
    },
    "barkbands_skewness": {
        "dmean": 1.10508036613,
        "dmean2": 1.75871551037,
        "dvar": 1.67602956295,
        "dvar2": 3.79952073097,
        "max": 24.4496307373,
        "mean": 2.81044268608,
        "median": 2.42043828964,
        "min": -3.37091445923,
        "var": 4.78750181198
    },
    "barkbands_spread": {
        "dmean": 8.53351402283,
        "dmean2": 13.5301122665,
        "dvar": 127.37827301,
        "dvar2": 313.805969238,
        "max": 112.223121643,
        "mean": 21.1800117493,
        "median": 16.4680461884,
        "min": 0.14452521503,
        "var": 312.922119141
    },
    "dissonance": {
        "dmean": 0.0292947981507,
        "dmean2": 0.0490191206336,
        "dvar": 0.00134007981978,
        "dvar2": 0.00367025868036,
        "max": 0.500000059605,
        "mean": 0.441112816334,
        "median": 0.458230257034,
        "min": 0.0705693736672,
        "var": 0.00307031720877
    },
    "dynamic_complexity": 2.81819105148,
    "erbbands_crest": {
        "dmean": 2.88388347626,
        "dmean2": 4.54035758972,
        "dvar": 9.0947637558,
        "dvar2": 19.8492698669,
        "max": 34.2328681946,
        "mean": 10.5258483887,
        "median": 8.70618343353,
        "min": 2.49171829224,
        "var": 40.0076713562
    },
    "erbbands_flatness_db": {
        "dmean": 0.0208808854222,
        "dmean2": 0.030524995178,
        "dvar": 0.000532857317012,
        "dvar2": 0.00104994559661,
        "max": 0.515926241875,
        "mean": 0.143117114902,
        "median": 0.10662175715,
        "min": 0.0424702391028,
        "var": 0.00774723896757
    },
    "erbbands_kurtosis": {
        "dmean": 2.80281805992,
        "dmean2": 4.33439683914,
        "dvar": 94.5028762817,
        "dvar2": 176.125823975,
        "max": 352.969116211,
        "mean": 3.59931087494,
        "median": -0.117600440979,
        "min": -1.89420187473,
        "var": 257.943206787
    },
    "erbbands_skewness": {
        "dmean": 0.531096756458,
        "dmean2": 0.817197322845,
        "dvar": 0.457418113947,
        "dvar2": 0.980289816856,
        "max": 13.6642580032,
        "mean": 0.716266751289,
        "median": 0.526368796825,
        "min": -2.98947501183,
        "var": 1.68617880344
    },
    "erbbands_spread": {
        "dmean": 12.4738988876,
        "dmean2": 18.9312438965,
        "dvar": 174.873977661,
        "dvar2": 387.717376709,
        "max": 168.950180054,
        "mean": 49.2010879517,
        "median": 50.4037094116,
        "min": 0.342991679907,
        "var": 715.071166992
    },
    "hfc": {
        "dmean": 16.2918968201,
        "dmean2": 26.9477043152,
        "dvar": 1310.07897949,
        "dvar2": 3592.83032227,
        "max": 354.135650635,
        "mean": 29.5205535889,
        "median": 19.5605983734,
        "min": 1.14767776276e-16,
        "var": 1311.0559082
    },
    "melbands_crest": {
        "dmean": 3.57987213135,
        "dmean2": 5.91283559799,
        "dvar": 10.8599748611,
        "dvar2": 26.446352005,
        "max": 34.983127594,
        "mean": 17.66563797,
        "median": 17.7693500519,
        "min": 1.83441925049,
        "var": 25.539182663
    },
    "melbands_flatness_db": {
        "dmean": 0.0456099845469,
        "dmean2": 0.069359049201,
        "dvar": 0.00192535773385,
        "dvar2": 0.0043777176179,
        "max": 0.558565497398,
        "mean": 0.244030356407,
        "median": 0.237426534295,
        "min": 0.00247482210398,
        "var": 0.00906217750162
    },
    "melbands_kurtosis": {
        "dmean": 24.1295776367,
        "dmean2": 39.121219635,
        "dvar": 1804.12792969,
        "dvar2": 4326.87792969,
        "max": 862.40423584,
        "mean": 40.4244384766,
        "median": 21.0968418121,
        "min": -1.82735705376,
        "var": 3585.45874023
    },
    "melbands_skewness": {
        "dmean": 1.37243831158,
        "dmean2": 2.19269919395,
        "dvar": 2.19526195526,
        "dvar2": 5.17102575302,
        "max": 23.1530513763,
        "mean": 4.20065069199,
        "median": 3.79248356819,
        "min": -4.4600353241,
        "var": 7.45585775375
    },
    "melbands_spread": {
        "dmean": 7.71412658691,
        "dmean2": 12.5458660126,
        "dvar": 145.901702881,
        "dvar2": 357.53125,
        "max": 240.333816528,
        "mean": 16.5555667877,
        "median": 10.3024501801,
        "min": 0.303005099297,
        "var": 335.224487305
    },
    "pitch_salience": {
        "dmean": 0.0950388237834,
        "dmean2": 0.152978673577,
        "dvar": 0.00799899827689,
        "dvar2": 0.0187091939151,
        "max": 0.968750059605,
        "mean": 0.464420586824,
        "median": 0.469392061234,
        "min": 0.0489489175379,
        "var": 0.0191108509898
    },
    "silence_rate_20dB": {
        "dmean": 0,
        "dmean2": 0,
        "dvar": 0,
        "dvar2": 0,
        "max": 1,
        "mean": 1,
        "median": 1,
        "min": 1,
        "var": 0
    },
    "silence_rate_30dB": {
        "dmean": 0.0251876562834,
        "dmean2": 0.0503795146942,
        "dvar": 0.0245557539165,
        "dvar2": 0.0620275959373,
        "max": 1,
        "mean": 0.980652153492,
        "median": 1,
        "min": 0,
        "var": 0.018975943327
    },
    "silence_rate_60dB": {
        "dmean": 0.0236864052713,
        "dmean2": 0.0473767630756,
        "dvar": 0.023128317669,
        "dvar2": 0.0524821542203,
        "max": 1,
        "mean": 0.0625469088554,
        "median": 0,
        "min": 0,
        "var": 0.0586298331618
    },
    "spectral_centroid": {
        "dmean": 335.193389893,
        "dmean2": 536.549316406,
        "dvar": 167574.9375,
        "dvar2": 402400.53125,
        "max": 11460.2880859,
        "mean": 1229.08825684,
        "median": 1018.01983643,
        "min": 156.818145752,
        "var": 561963.5
    },
    "spectral_complexity": {
        "dmean": 4.7666387558,
        "dmean2": 7.05613470078,
        "dvar": 33.6588630676,
        "dvar2": 62.8475074768,
        "max": 62,
        "mean": 17.111000061,
        "median": 14,
        "min": 0,
        "var": 179.273727417
    },
    "spectral_decrease": {
        "dmean": 4.18394874302e-09,
        "dmean2": 7.05056013572e-09,
        "dvar": 2.8769718899e-17,
        "dvar2": 8.45535287124e-17,
        "max": 1.49552264346e-19,
        "mean": -1.14026601494e-08,
        "median": -1.15115286192e-08,
        "min": -4.6556671407e-08,
        "var": 7.6192241497e-17
    },
    "spectral_energy": {
        "dmean": 0.0166602805257,
        "dmean2": 0.0281304698437,
        "dvar": 0.000428864965215,
        "dvar2": 0.00124718027655,
        "max": 0.177267238498,
        "mean": 0.0457141809165,
        "median": 0.0463460236788,
        "min": 1.03170045355e-20,
        "var": 0.00116502970923
    },
    "spectral_energyband_high": {
        "dmean": 0.00157895009033,
        "dmean2": 0.00267463829368,
        "dvar": 1.58531111083e-05,
        "dvar2": 4.36404625361e-05,
        "max": 0.0385989882052,
        "mean": 0.00202685710974,
        "median": 0.000917774857953,
        "min": 7.62158238734e-21,
        "var": 1.33169032779e-05
    },
    "spectral_energyband_low": {
        "dmean": 0.0135654453188,
        "dmean2": 0.0232166741043,
        "dvar": 0.000402594043408,
        "dvar2": 0.0011730985716,
        "max": 0.170379981399,
        "mean": 0.0292354561388,
        "median": 0.0276461597532,
        "min": 1.94493829732e-23,
        "var": 0.000868349859957
    },
    "spectral_energyband_middle_high": {
        "dmean": 0.00179234961979,
        "dmean2": 0.00285286526196,
        "dvar": 8.48942545417e-06,
        "dvar2": 2.11087372008e-05,
        "max": 0.0314086228609,
        "mean": 0.00412312569097,
        "median": 0.00261978409253,
        "min": 1.22679790766e-21,
        "var": 1.97515837499e-05
    },
    "spectral_energyband_middle_low": {
        "dmean": 0.00640843948349,
        "dmean2": 0.0106378579512,
        "dvar": 9.43308550632e-05,
        "dvar2": 0.000248843833106,
        "max": 0.108422741294,
        "mean": 0.0121292602271,
        "median": 0.00915440823883,
        "min": 2.44238808347e-22,
        "var": 0.000119731899758
    },
    "spectral_entropy": {
        "dmean": 0.287885308266,
        "dmean2": 0.43770390749,
        "dvar": 0.0911163538694,
        "dvar2": 0.203724429011,
        "max": 9.80124568939,
        "mean": 7.47991514206,
        "median": 7.67575311661,
        "min": 4.44459247589,
        "var": 0.507457971573
    },
    "spectral_flux": {
        "dmean": 0.0382233262062,
        "dmean2": 0.059938583523,
        "dvar": 0.00145693402737,
        "dvar2": 0.0034679567907,
        "max": 0.359284728765,
        "mean": 0.104065954685,
        "median": 0.0959171503782,
        "min": 6.62575411203e-11,
        "var": 0.00394743168727
    },
    "spectral_kurtosis": {
        "dmean": 1.64447402954,
        "dmean2": 2.56988310814,
        "dvar": 5.85008716583,
        "dvar2": 14.2558441162,
        "max": 45.9071502686,
        "mean": 4.06579351425,
        "median": 3.07808828354,
        "min": -1.21484470367,
        "var": 13.4761018753
    },
    "spectral_rms": {
        "dmean": 0.00115501519758,
        "dmean2": 0.00190294417553,
        "dvar": 1.59265402999e-06,
        "dvar2": 4.41920519734e-06,
        "max": 0.0131508037448,
        "mean": 0.00605115760118,
        "median": 0.00672425702214,
        "min": 3.17259673394e-12,
        "var": 7.98260862211e-06
    },
    "spectral_rolloff": {
        "dmean": 758.194274902,
        "dmean2": 1312.79785156,
        "dvar": 2453466,
        "dvar2": 6163991,
        "max": 19379.8828125,
        "mean": 1334.12573242,
        "median": 689.0625,
        "min": 86.1328125,
        "var": 3745507
    },
    "spectral_skewness": {
        "dmean": 0.298681467772,
        "dmean2": 0.45564186573,
        "dvar": 0.11647233367,
        "dvar2": 0.265369266272,
        "max": 5.33913898468,
        "mean": 1.58071804047,
        "median": 1.44069385529,
        "min": -0.0714231431484,
        "var": 0.380022972822
    },
    "spectral_spread": {
        "dmean": 963875.5,
        "dmean2": 1386379.875,
        "dvar": 1.11778594816e+12,
        "dvar2": 2.2865009705e+12,
        "max": 41523736,
        "mean": 6285886.5,
        "median": 6059126.5,
        "min": 1214502.125,
        "var": 4.23761045094e+12
    },
    "spectral_strongpeak": {
        "dmean": 0.35930109024,
        "dmean2": 0.609043180943,
        "dvar": 0.258121222258,
        "dvar2": 0.603095591068,
        "max": 9.11370849609,
        "mean": 0.796324431896,
        "median": 0.592854857445,
        "min": 0,
        "var": 0.506319344044
    },
    "zerocrossingrate": {
        "dmean": 0.0147202750668,
        "dmean2": 0.0179566871375,
        "dvar": 0.000241075220401,
        "dvar2": 0.000339176069247,
        "max": 0.52001953125,
        "mean": 0.0620946250856,
        "median": 0.05078125,
        "min": 0.00341796875,
        "var": 0.0018035460962
    },
    "barkbands": {
        "dmean": [0.000255127029959, 0.00984388124198, 0.00555029232055, 0.00268307793885, 0.00260986224748, 0.000819051638246, 0.0015700556105, 0.000349806738086, 0.000563539855648, 0.000470333645353, 0.00058701512171, 0.000230194316828, 0.000353738490958, 0.000148565843119, 0.000235247527598, 0.000195644897758, 0.000194135136553, 0.000172275977093, 0.000168383354321, 0.000199897825951, 0.000275897764368, 0.0003262986138, 0.000266122835455, 0.000218056477024, 0.000223523500608, 0.000195667467779, 9.39335368457e-05],
        "dmean2": [0.000411876739236, 0.0170525684953, 0.00935055222362, 0.00467563048005, 0.00457003014162, 0.00126709893811, 0.00250962912105, 0.000569059920963, 0.000902378291357, 0.000740251329262, 0.000966090941802, 0.000384299608413, 0.000607474416029, 0.000236649560975, 0.00037647181307, 0.000317519443342, 0.000306264206301, 0.000267717405222, 0.000281011511106, 0.000343878695276, 0.000471628503874, 0.000567719282117, 0.000457423884654, 0.000358031131327, 0.000378065771656, 0.000338331214152, 0.000160069495905],
        "dvar": [1.84888605759e-07, 0.000296292593703, 7.37016889616e-05, 2.36890664382e-05, 3.05581379507e-05, 2.22452172238e-06, 6.83364442011e-06, 4.24463820536e-07, 1.26174802517e-06, 9.14405063668e-07, 1.68381563981e-06, 1.68253080801e-07, 7.47798196699e-07, 7.80938478329e-08, 1.79230212893e-07, 1.42204669373e-07, 1.2481238798e-07, 8.07727786878e-08, 9.35211090791e-08, 1.60982807529e-07, 3.12641617484e-07, 7.46338287172e-07, 6.53942549889e-07, 3.83097415124e-07, 6.40337191271e-07, 3.78119949573e-07, 4.74400252415e-08],
        "dvar2": [4.61751710645e-07, 0.000869428156875, 0.000194764928892, 6.47088018013e-05, 8.39430504129e-05, 4.96242728332e-06, 1.6376727217e-05, 9.8182374586e-07, 2.7367916573e-06, 1.85528790553e-06, 3.89181377614e-06, 4.43697189212e-07, 2.05295054911e-06, 1.70446611492e-07, 4.21415393248e-07, 3.58648321708e-07, 2.9126911727e-07, 1.74435726308e-07, 2.34186032344e-07, 4.45988575848e-07, 8.60203385855e-07, 2.14569854506e-06, 1.82862027032e-06, 1.00644399481e-06, 1.76500702764e-06, 1.05307026388e-06, 1.34238959504e-07],
        "max": [0.00451874407008, 0.160044327378, 0.109089180827, 0.0447945334017, 0.0702616795897, 0.0307182073593, 0.0319894477725, 0.0121830580756, 0.0212478339672, 0.0180415660143, 0.0278837215155, 0.00649096770212, 0.0105519816279, 0.00905183237046, 0.00585813540965, 0.00592625839636, 0.00583685701713, 0.00399462971836, 0.00704618357122, 0.00407844223082, 0.00469528045505, 0.00784400943667, 0.00866433978081, 0.00665590772405, 0.00786601193249, 0.00679350225255, 0.0017594009405],
        "mean": [0.000453449203633, 0.0179968904704, 0.00912563223392, 0.00346599565819, 0.00310574728064, 0.00165066984482, 0.00231752451509, 0.000473729422083, 0.000828570104204, 0.000796186970547, 0.000828282558359, 0.000280711217783, 0.000379983626772, 0.000229627010413, 0.000365700863767, 0.000284172187094, 0.00034639443038, 0.000317038706271, 0.000301141117234, 0.000308061396936, 0.000383755366784, 0.000373188231606, 0.000297537393635, 0.000261037814198, 0.000226611940889, 0.000202974333661, 0.000113383102871],
        "median": [8.97385179996e-05, 0.0117058381438, 0.0055606039241, 0.00165592727717, 0.00125121057499, 0.000405923172366, 0.000959222554229, 0.000114919203043, 0.000246339419391, 0.000335056072799, 0.000274169578915, 8.70780786499e-05, 0.000102911908471, 4.42190612375e-05, 0.000120702679851, 7.2325768997e-05, 9.43587947404e-05, 0.000100377721537, 0.000114803784527, 0.000139077412314, 0.000140489748446, 0.000124765603687, 0.00011565029854, 0.000108374937554, 8.77055354067e-05, 7.10065796738e-05, 2.40008903347e-05],
        "min": [3.74613675026e-24, 8.75868397648e-24, 1.98312531824e-24, 9.83037754864e-24, 2.56634470051e-23, 1.3065201087e-23, 3.10559076712e-23, 4.27831059996e-24, 3.2037433653e-23, 2.83237983665e-23, 2.34262706101e-23, 2.76173576486e-23, 5.01676629101e-23, 6.31426672189e-23, 4.14313029083e-23, 1.01333903819e-22, 9.45976943319e-23, 1.37051493502e-22, 2.13792160041e-22, 2.73626540261e-22, 3.28081924093e-22, 3.70904373741e-22, 4.90448330075e-22, 7.32602374687e-22, 9.49073430631e-22, 1.70906843858e-21, 2.13307504096e-21],
        "var": [4.29367901233e-07, 0.000467848207336, 0.000138358474942, 2.85588212137e-05, 2.65831749857e-05, 1.08320145955e-05, 1.13732012323e-05, 1.11913595902e-06, 2.95749896395e-06, 2.22182620746e-06, 2.76241007668e-06, 2.12317843307e-07, 6.79291815686e-07, 2.13824108641e-07, 4.0366106191e-07, 2.95560823815e-07, 3.66223758874e-07, 2.76288318446e-07, 2.09528593587e-07, 2.1178202303e-07, 3.78740708129e-07, 5.91829802943e-07, 4.72307419841e-07, 3.40534114684e-07, 4.57751099248e-07, 2.68893273869e-07, 4.46423449318e-08]
    },
    "erbbands": {
        "dmean": [0.226742058992, 2.54182505608, 6.50024318695, 6.80121326447, 10.6639499664, 7.84743356705, 4.86739397049, 8.33769035339, 16.259262085, 21.0192527771, 6.81090116501, 14.4125394821, 12.7185211182, 22.7386417389, 14.0681362152, 10.8342809677, 15.829580307, 9.10838508606, 11.0435276031, 10.0385475159, 9.87062263489, 9.06452274323, 9.891289711, 7.85535860062, 9.14434337616, 8.81591320038, 10.9461402893, 12.0643177032, 12.550989151, 8.54756450653, 8.19709777832, 4.50343990326, 3.7329890728, 2.50388097763, 1.72852778435, 0.965964376926, 0.323620021343, 0.096350684762, 0.0170627590269, 0.000721661257558],
        "dmean2": [0.381461083889, 4.44182348251, 10.9345998764, 11.6952476501, 18.9372177124, 13.7760000229, 8.24555301666, 12.6473665237, 25.7161693573, 33.9920692444, 10.902176857, 22.7845478058, 20.0428619385, 36.0426597595, 23.6181659698, 18.4363212585, 27.6633110046, 14.6085968018, 17.7638149261, 16.1429290771, 15.5903263092, 13.5417375565, 14.6051826477, 12.9608898163, 15.4442253113, 15.1465520859, 18.6879081726, 21.0404090881, 22.1253852844, 14.4903144836, 14.1878166199, 7.46035289764, 6.12143754959, 4.22470855713, 2.97970318794, 1.67869997025, 0.552376449108, 0.160254403949, 0.0295735672116, 0.00129003066104],
        "dvar": [0.173465460539, 19.1123275757, 94.0863952637, 132.060897827, 556.604187012, 248.396347046, 78.8342208862, 276.415557861, 692.507324219, 1480.89111328, 165.56262207, 909.664245605, 658.836181641, 2572.00170898, 625.15625, 403.095489502, 1583.62731934, 276.538269043, 395.921234131, 341.611816406, 309.110626221, 280.71585083, 269.004394531, 181.613739014, 335.564941406, 293.934204102, 489.563751221, 788.734680176, 1216.44555664, 399.528015137, 720.569824219, 127.829246521, 125.0287323, 74.8070144653, 44.4167289734, 13.2506828308, 0.781417608261, 0.0451157316566, 0.00164835993201, 3.1591912375e-06],
        "dvar2": [0.496060281992, 56.2054595947, 251.766342163, 358.816375732, 1544.30908203, 683.94152832, 209.579803467, 586.882263184, 1587.10986328, 3730.29370117, 374.219909668, 1886.0838623, 1263.39611816, 5630.37255859, 1691.57141113, 1085.86120605, 4432.9453125, 645.150085449, 901.05090332, 818.566955566, 725.503723145, 563.412109375, 531.608032227, 459.360900879, 851.086669922, 802.014282227, 1354.58569336, 2195.57226562, 3540.85107422, 1109.71459961, 2018.7421875, 336.273834229, 332.055603027, 205.937210083, 123.97039032, 36.9254074097, 2.14287137985, 0.124639295042, 0.00471007823944, 9.06596869754e-06],
        "max": [3.91609215736, 39.23985672, 106.546257019, 118.100128174, 285.077850342, 170.19152832, 147.104537964, 399.414001465, 430.880218506, 505.668395996, 277.981506348, 547.457458496, 676.356262207, 984.455566406, 337.440338135, 287.75012207, 485.700042725, 500.647247314, 241.814590454, 290.775238037, 263.908721924, 254.082901001, 250.588287354, 254.668395996, 454.827423096, 194.844665527, 216.369293213, 247.762390137, 331.186248779, 176.566589355, 291.859985352, 124.966880798, 117.340820312, 85.3512420654, 67.4483947754, 39.5015258789, 9.20673179626, 1.78261339664, 0.329402536154, 0.0131621500477],
        "mean": [0.366745322943, 4.45547437668, 11.9368810654, 10.2581787109, 12.9686813354, 8.96465206146, 6.72654485703, 17.7182006836, 25.651517868, 29.4365558624, 10.1530256271, 22.319984436, 21.4128684998, 40.1119003296, 19.2897148132, 13.5480670929, 17.1181697845, 13.8955259323, 17.1747398376, 16.8514652252, 16.2985019684, 17.4349727631, 19.1310806274, 14.3393440247, 16.5917453766, 13.9690980911, 15.5756349564, 14.9778261185, 13.8537092209, 10.1589651108, 8.81200790405, 5.7924451828, 4.12292432785, 2.539894104, 1.66845881939, 0.91781693697, 0.354926645756, 0.124290890992, 0.0201019905508, 0.000798105087597],
        "median": [0.1691147089, 2.85358810425, 8.09265232086, 7.0215549469, 4.99366283417, 3.82431387901, 2.56349492073, 4.12096261978, 12.170955658, 11.6372709274, 3.76317334175, 7.20226049423, 9.32908058167, 14.9769039154, 8.54914665222, 4.73921346664, 5.10111188889, 4.00611639023, 5.67028951645, 5.49395132065, 5.35237455368, 4.79282093048, 6.05488395691, 5.70547485352, 6.761054039, 6.22981262207, 6.10869932175, 5.18189048767, 4.38954496384, 3.8643155098, 3.23595905304, 2.47539258003, 1.59429728985, 0.979143381119, 0.632694542408, 0.324124932289, 0.119330123067, 0.0287328194827, 0.00422810344025, 0.000277943210676],
        "min": [3.37421507096e-22, 6.20953590728e-22, 6.16904636545e-21, 3.28976708949e-20, 2.57390608501e-20, 9.86664912062e-20, 7.40988909713e-20, 1.38576521121e-19, 4.44508404719e-19, 4.22573591126e-19, 3.52615979892e-19, 8.01436011855e-19, 8.77313961528e-19, 9.90567395096e-19, 1.17429537608e-18, 1.62974794899e-18, 3.03018571575e-18, 3.42344144103e-18, 2.97154026468e-18, 5.18054697682e-18, 4.97498349561e-18, 5.4084811441e-18, 8.3745891069e-18, 7.8696226399e-18, 1.06487675183e-17, 1.22958437638e-17, 1.22958793326e-17, 1.5576972296e-17, 1.34132588922e-17, 1.36895165373e-17, 1.41946558851e-17, 1.52968558533e-17, 1.20714577878e-17, 1.02332821413e-17, 6.90820798472e-18, 5.35427144906e-18, 2.9912126876e-18, 1.18948282572e-18, 2.65265371164e-19, 3.05456700648e-20],
        "var": [0.243250861764, 29.144449234, 189.947799683, 175.521835327, 483.239105225, 216.912582397, 129.33026123, 1504.38183594, 1284.75195312, 2075.83447266, 462.539123535, 2311.66381836, 1729.17199707, 5378.46044922, 751.256774902, 502.937591553, 1373.73413086, 670.748840332, 829.734863281, 855.916870117, 825.051513672, 1014.66802979, 1035.95300293, 470.372711182, 683.039672852, 422.0519104, 672.55682373, 710.371459961, 927.279846191, 343.909912109, 504.983062744, 124.918273926, 104.324668884, 53.9881782532, 29.9245529175, 8.95715522766, 0.61876308918, 0.0487458482385, 0.00145996024366, 2.3631903332e-06]
    },
    "gfcc": {
        "mean": [5.22194814682, 52.0595016479, -86.6325454712, 17.2370357513, -61.9256210327, 4.39207553864, -28.3055286407, 5.03856086731, -23.5406475067, -2.57801365852, -16.8858165741, 1.63053405285, -11.9975891113],
        "cov": [[13007.7929688, -299.56161499, 1844.1151123, 2783.14648438, 2810.52441406, 1707.48986816, 320.28918457, 537.663818359, 323.207641602, 776.584472656, -378.512207031, -121.541526794, -551.571533203], [-299.56161499, 1170.54870605, 385.569793701, 237.030944824, 275.015594482, 114.84349823, 120.466156006, 117.42048645, 41.9652557373, -9.74997711182, 47.6825752258, -23.3027133942, 30.0273647308], [1844.1151123, 385.569793701, 1605.71008301, 942.217834473, 980.397155762, 603.891174316, 241.578399658, 277.407409668, 171.547805786, 240.143722534, -4.841152668, 17.0629253387, -58.9041481018], [2783.14648438, 237.030944824, 942.217834473, 1351.54833984, 1103.38378906, 689.938659668, 206.475067139, 245.360015869, 131.776702881, 271.675933838, -65.7368240356, -54.6644897461, -140.02897644], [2810.52441406, 275.015594482, 980.397155762, 1103.38378906, 1431.59899902, 744.692077637, 190.622253418, 259.566680908, 184.585906982, 273.719482422, -84.3555221558, -29.0404510498, -140.563171387], [1707.48986816, 114.84349823, 603.891174316, 689.938659668, 744.692077637, 609.763916016, 194.116744995, 172.030990601, 101.87726593, 156.689422607, -41.942691803, -21.7257823944, -72.5425796509], [320.28918457, 120.466156006, 241.578399658, 206.475067139, 190.622253418, 194.116744995, 249.381362915, 128.023513794, 54.2547798157, 21.8424777985, 14.0148534775, 10.3456783295, 0.122115507722], [537.663818359, 117.42048645, 277.407409668, 245.360015869, 259.566680908, 172.030990601, 128.023513794, 223.143966675, 89.6554946899, 85.4162597656, 21.8569335938, 2.3193423748, -8.93091201782], [323.207641602, 41.9652557373, 171.547805786, 131.776702881, 184.585906982, 101.87726593, 54.2547798157, 89.6554946899, 149.853652954, 95.5473861694, 13.6464185715, -2.52832603455, -14.9135761261], [776.584472656, -9.74997711182, 240.143722534, 271.675933838, 273.719482422, 156.689422607, 21.8424777985, 85.4162597656, 95.5473861694, 185.591262817, 32.5321922302, -7.22928094864, -38.3768959045], [-378.512207031, 47.6825752258, -4.841152668, -65.7368240356, -84.3555221558, -41.942691803, 14.0148534775, 21.8569335938, 13.6464185715, 32.5321922302, 110.384994507, 51.0586471558, 31.881313324], [-121.541526794, -23.3027133942, 17.0629253387, -54.6644897461, -29.0404510498, -21.7257823944, 10.3456783295, 2.3193423748, -2.52832603455, -7.22928094864, 51.0586471558, 92.0653152466, 53.3101654053], [-551.571533203, 30.0273647308, -58.9041481018, -140.02897644, -140.563171387, -72.5425796509, 0.122115507722, -8.93091201782, -14.9135761261, -38.3768959045, 31.881313324, 53.3101654053, 106.135276794]],
        "icov": [[0.000228590506595, 2.1837240638e-05, 5.96739882894e-05, -0.000169881634065, -3.24487155012e-05, -0.000156888621859, 8.16372357804e-06, -0.000187220866792, 0.000255276099779, -0.000703228870407, 0.000994586269371, -0.000882761843968, 0.000751027837396], [2.1837240638e-05, 0.00124650343787, -0.000235937870457, -0.000184223827091, -0.0005452723708, 0.00039473126526, -0.000116960865853, -0.000143317040056, -0.000226748292334, 0.00138741126284, -0.00176748249214, 0.00189515051898, -0.00102862191852], [5.96739882894e-05, -0.000235937870457, 0.00134539080318, -0.000425047590397, -0.000286647409666, -0.000282088411041, -0.000235243031057, -0.000306821078993, -7.17284929124e-05, -0.000625938817393, 0.00050096900668, -0.000973014452029, 6.66217893013e-05], [-0.000169881634065, -0.000184223827091, -0.000425047590397, 0.0029025496915, -0.000878322869539, -0.000880418752786, -0.000416657683672, -0.000178693197086, 0.0012017848203, -0.00139168219175, 0.000100353223388, 0.000856726081111, 0.000188476871699], [-3.24487155012e-05, -0.0005452723708, -0.000286647409666, -0.000878322869539, 0.00339495320804, -0.0020869304426, 0.000865880690981, -0.000549759774003, -0.000832391728181, -0.0010879333131, 0.00255129858851, -0.00270319450647, 0.00177134282421], [-0.000156888621859, 0.00039473126526, -0.000282088411041, -0.000880418752786, -0.0020869304426, 0.00644184462726, -0.00271666469052, 0.000438191345893, 0.000295148900477, -0.000170289626112, -0.000484233227326, 0.00154679815751, -0.00121765583754], [8.16372357804e-06, -0.000116960865853, -0.000235243031057, -0.000416657683672, 0.000865880690981, -0.00271666469052, 0.00785650406033, -0.00316577847116, -0.00163784413598, 0.00357218226418, -0.00166562595405, -0.000307363545289, 0.00012596603483], [-0.000187220866792, -0.000143317040056, -0.000306821078993, -0.000178693197086, -0.000549759774003, 0.000438191345893, -0.00316577847116, 0.00905421283096, -0.00255679129623, -0.00051782571245, -0.00223088706844, 0.00191732158419, -0.00184094847646], [0.000255276099779, -0.000226748292334, -7.17284929124e-05, 0.0012017848203, -0.000832391728181, 0.000295148900477, -0.00163784413598, -0.00255679129623, 0.0125894648954, -0.00726742297411, 0.00277083250694, -0.00109389587305, 0.00068096909672], [-0.000703228870407, 0.00138741126284, -0.000625938817393, -0.00139168219175, -0.0010879333131, -0.000170289626112, 0.00357218226418, -0.00051782571245, -0.00726742297411, 0.0186092294753, -0.0124928047881, 0.00731862382963, -0.0020512866322], [0.000994586269371, -0.00176748249214, 0.00050096900668, 0.000100353223388, 0.00255129858851, -0.000484233227326, -0.00166562595405, -0.00223088706844, 0.00277083250694, -0.0124928047881, 0.0249654427171, -0.0161165129393, 0.00540933478624], [-0.000882761843968, 0.00189515051898, -0.000973014452029, 0.000856726081111, -0.00270319450647, 0.00154679815751, -0.000307363545289, 0.00191732158419, -0.00109389587305, 0.00731862382963, -0.0161165129393, 0.0276275854558, -0.0134377945215], [0.000751027837396, -0.00102862191852, 6.66217893013e-05, 0.000188476871699, 0.00177134282421, -0.00121765583754, 0.00012596603483, -0.00184094847646, 0.00068096909672, -0.0020512866322, 0.00540933478624, -0.0134377945215, 0.0197389032692]]
    },
    "melbands": {
        "dmean": [0.00238556810655, 0.00326831801794, 0.00128911051434, 0.000663284619804, 0.000198996494873, 0.000178825226612, 0.000283875822788, 0.000196962995687, 5.06992691953e-05, 9.66097504715e-05, 6.28511697869e-05, 8.93524411367e-05, 5.81663080084e-05, 2.79124597e-05, 3.65714331565e-05, 3.07412155962e-05, 1.6664593204e-05, 1.7261969333e-05, 1.77320307557e-05, 1.4041284885e-05, 1.2349663848e-05, 1.01783316495e-05, 1.10656183097e-05, 7.3809942478e-06, 6.75749970469e-06, 7.10322456143e-06, 6.25268376098e-06, 6.45109594188e-06, 7.30027977625e-06, 6.9626403274e-06, 7.07633580532e-06, 7.55068185754e-06, 5.99761096964e-06, 4.34540152128e-06, 5.22957998328e-06, 3.54921235157e-06, 2.59714738604e-06, 2.82694441012e-06, 2.14641409002e-06, 2.12923077925e-06],
        "dmean2": [0.00408996967599, 0.00548684876412, 0.00221714936197, 0.00116402155254, 0.000340841012076, 0.000272509409115, 0.000449641491286, 0.000318728940329, 8.12749858596e-05, 0.000152848864673, 9.91136475932e-05, 0.000141273005283, 9.70801338553e-05, 4.54874571005e-05, 6.63575410726e-05, 5.13357808813e-05, 2.69223382929e-05, 2.7996926292e-05, 2.87345301331e-05, 2.27262262342e-05, 1.9784014512e-05, 1.52654829435e-05, 1.69497652678e-05, 1.14768508865e-05, 1.12782181532e-05, 1.19906571854e-05, 1.05294338937e-05, 1.12076068035e-05, 1.25521619339e-05, 1.19010055641e-05, 1.23500576592e-05, 1.33879120767e-05, 1.03615511762e-05, 7.33374417905e-06, 9.0619423645e-06, 6.13431302554e-06, 4.23661504101e-06, 4.67304153062e-06, 3.48694811692e-06, 3.64116203855e-06],
        "dvar": [1.83378797374e-05, 2.36167197727e-05, 4.94950472785e-06, 2.00364593184e-06, 1.26615432805e-07, 1.19692685985e-07, 2.02955305895e-07, 1.24443047866e-07, 1.04245065913e-08, 4.13970937529e-08, 1.61110591534e-08, 3.90416978746e-08, 1.27339614409e-08, 2.2269202038e-09, 1.00230597155e-08, 3.90123267024e-09, 1.08819997457e-09, 1.02522090817e-09, 1.13693121584e-09, 6.9844413586e-10, 5.29616350775e-10, 3.56582569028e-10, 4.38221736676e-10, 1.47144033069e-10, 1.43413836362e-10, 1.70781500053e-10, 1.34753555536e-10, 1.82502915558e-10, 2.53626564195e-10, 1.91900759172e-10, 2.8320742973e-10, 5.11886311116e-10, 1.92385357645e-10, 1.10845839452e-10, 3.33280014697e-10, 8.37082347882e-11, 4.08454242651e-11, 6.41304440108e-11, 4.98856407571e-11, 5.27268263772e-11],
        "dvar2": [5.45057591808e-05, 6.63727405481e-05, 1.34009351314e-05, 5.49463629795e-06, 3.44329578184e-07, 2.57715697671e-07, 4.74105348758e-07, 3.14091607834e-07, 2.38623574234e-08, 8.56218491663e-08, 3.0869394152e-08, 8.53629416042e-08, 3.25386828592e-08, 5.85699799771e-09, 2.93779347516e-08, 1.00754720123e-08, 2.55330045995e-09, 2.37788322366e-09, 2.71239031235e-09, 1.75023373572e-09, 1.26534094314e-09, 7.45681627556e-10, 9.76195124736e-10, 3.17785298076e-10, 3.68055724786e-10, 4.14754008915e-10, 3.50941303795e-10, 5.03054820022e-10, 6.89411194799e-10, 5.33531052671e-10, 7.85950138305e-10, 1.47861112243e-09, 5.57440094084e-10, 3.05540870382e-10, 9.35375665811e-10, 2.32340341411e-10, 1.05660938332e-10, 1.70845670944e-10, 1.32285779553e-10, 1.467094779e-10],
        "max": [0.0395254865289, 0.0431854203343, 0.0222547240555, 0.0177489854395, 0.00430086581036, 0.00764829246327, 0.00684080040082, 0.00465444661677, 0.00207691383548, 0.00371608044952, 0.00336078670807, 0.00362268765457, 0.00199890811928, 0.000727807753719, 0.0012600813061, 0.000670039677061, 0.00114421721082, 0.000425414502388, 0.000641019258182, 0.000472647108836, 0.000336039753165, 0.000294286175631, 0.000322658277582, 0.000182058487553, 0.000230010526138, 0.000320001418004, 0.000228359320317, 0.00015262409579, 0.000149102299474, 0.000158579394338, 0.000155531684868, 0.000224118237384, 0.000118609670608, 0.000104884449684, 0.000192912106286, 0.000107396714156, 6.5508960688e-05, 8.34196835058e-05, 7.30172541807e-05, 7.39740062272e-05],
        "mean": [0.00410167872906, 0.00642488338053, 0.0019794460386, 0.000795454019681, 0.000264563655946, 0.000368032284314, 0.000442673859652, 0.000275788333965, 6.86882631271e-05, 0.000148424282088, 0.00010079092317, 0.000156263879035, 7.90574486018e-05, 3.60954109055e-05, 3.4693905036e-05, 3.65026935469e-05, 2.42446421908e-05, 2.50615157711e-05, 2.65532198682e-05, 2.19833891606e-05, 1.88644025911e-05, 1.7988268155e-05, 2.04229709198e-05, 1.35107911774e-05, 1.10150149339e-05, 1.18970529002e-05, 1.05404978967e-05, 9.10397466214e-06, 9.71841927822e-06, 9.54454026214e-06, 8.23756454338e-06, 8.03146758699e-06, 6.72751411912e-06, 5.11540929438e-06, 5.35678236702e-06, 4.06456365454e-06, 3.35674258167e-06, 3.05391722577e-06, 2.25121334552e-06, 2.10336042983e-06],
        "median": [0.00259319902398, 0.00529299210757, 0.00132931035478, 0.000324807362631, 0.000107450890937, 8.33440280985e-05, 0.000203129660804, 0.000113469199277, 1.78748450708e-05, 4.42855707661e-05, 4.04395832447e-05, 5.62699315196e-05, 3.0848190363e-05, 1.37299657581e-05, 7.75583521317e-06, 1.13383703138e-05, 5.14983094035e-06, 7.24851634004e-06, 8.21396861284e-06, 5.79074639973e-06, 5.67761162529e-06, 4.68415009891e-06, 5.09238952873e-06, 4.36499885836e-06, 3.92886340705e-06, 4.38057850261e-06, 4.67977042717e-06, 3.56551709046e-06, 3.61749061994e-06, 3.29755630446e-06, 2.635993269e-06, 2.31839021581e-06, 2.27838040701e-06, 1.98234647542e-06, 1.81383779818e-06, 1.64750383647e-06, 1.39806513744e-06, 1.15392094813e-06, 7.81388564519e-07, 8.06187358648e-07],
        "min": [2.61485637241e-24, 2.84700393732e-24, 4.5402656686e-24, 5.4216145985e-24, 2.79737728942e-24, 3.48106331445e-24, 7.27182000966e-24, 3.88094282377e-24, 3.55828135859e-24, 4.65984672664e-24, 3.83797751456e-24, 4.03204636915e-24, 3.21344737995e-24, 5.18096942392e-24, 5.8691089632e-24, 4.78551976302e-24, 6.4113920654e-24, 4.3900050211e-24, 4.65712555095e-24, 6.66987732935e-24, 5.51562551916e-24, 4.77526812113e-24, 5.97562451249e-24, 6.17207257157e-24, 5.76948490277e-24, 8.7411468097e-24, 6.57343632267e-24, 8.04663209102e-24, 5.93018375777e-24, 9.98111861243e-24, 7.83756896278e-24, 7.92693585929e-24, 6.03660267161e-24, 8.30082437393e-24, 8.75834555516e-24, 6.07283071425e-24, 8.63123008661e-24, 8.57401479402e-24, 7.20706872884e-24, 8.3968831775e-24],
        "var": [2.61082186626e-05, 4.79180198454e-05, 6.22245261184e-06, 1.71414103534e-06, 1.69954745388e-07, 6.05890875249e-07, 3.70377932768e-07, 1.79161631308e-07, 2.68422777339e-08, 1.059099759e-07, 4.21348289592e-08, 8.38228686462e-08, 1.71046306008e-08, 2.99632962886e-09, 7.32468841136e-09, 4.54548310103e-09, 2.61005661528e-09, 1.9109069882e-09, 2.52993537231e-09, 1.67463298784e-09, 1.24542209878e-09, 1.15472587048e-09, 1.41322897829e-09, 4.79842776624e-10, 3.24524629391e-10, 3.74076547516e-10, 2.44098574687e-10, 2.19395654422e-10, 2.96708380088e-10, 2.43894959784e-10, 2.44295889074e-10, 3.7667693964e-10, 1.61074709126e-10, 9.30420185341e-11, 2.27006344278e-10, 6.74583305882e-11, 4.2723869581e-11, 5.35118997724e-11, 4.06409003673e-11, 3.66884994607e-11]
    },
    "mfcc": {
        "mean": [-654.021789551, 96.3987808228, 20.7464160919, 18.5084323883, -6.2345790863, -0.383331000805, -1.28987360001, 4.52872514725, -0.741562187672, -1.35550820827, -7.41862821579, -3.05822181702, -0.176660060883],
        "cov": [[11136.0517578, -600.505187988, 239.689926147, 1671.9675293, 2259.62744141, 2037.4420166, 957.535461426, 536.671020508, 645.067871094, 617.509765625, 864.238342285, 519.978637695, 36.3357200623], [-600.505187988, 991.873657227, 232.76763916, 120.713699341, 150.013366699, -5.61813545227, 96.383644104, 93.6749191284, 76.8442993164, 41.6274299622, -4.21022939682, 8.6779499054, 72.5764694214], [239.689926147, 232.76763916, 858.94152832, 396.781311035, 388.672149658, 307.880828857, 265.433410645, 177.037094116, 162.413726807, 155.269515991, 119.627250671, 90.5960388184, 74.6031723022], [1671.9675293, 120.713699341, 396.781311035, 774.43927002, 743.970214844, 554.79486084, 361.582946777, 218.259094238, 226.675308228, 213.781219482, 221.061798096, 155.551300049, 78.1907653809], [2259.62744141, 150.013366699, 388.672149658, 743.970214844, 1186.14562988, 808.764648438, 446.361053467, 260.681640625, 304.381378174, 257.259094238, 316.252380371, 196.059631348, 96.0899734497], [2037.4420166, -5.61813545227, 307.880828857, 554.79486084, 808.764648438, 768.990478516, 388.522216797, 221.796981812, 234.575088501, 204.193435669, 263.922729492, 155.925567627, 34.5035514832], [957.535461426, 96.383644104, 265.433410645, 361.582946777, 446.361053467, 388.522216797, 356.453826904, 214.277648926, 170.45640564, 147.279037476, 152.258972168, 96.3634185791, 56.3880996704], [536.671020508, 93.6749191284, 177.037094116, 218.259094238, 260.681640625, 221.796981812, 214.277648926, 230.610702515, 156.981994629, 98.0814819336, 89.0483703613, 58.4661026001, 37.0261993408], [645.067871094, 76.8442993164, 162.413726807, 226.675308228, 304.381378174, 234.575088501, 170.45640564, 156.981994629, 211.044998169, 140.86656189, 105.975822449, 72.012046814, 39.4013175964], [617.509765625, 41.6274299622, 155.269515991, 213.781219482, 257.259094238, 204.193435669, 147.279037476, 98.0814819336, 140.86656189, 196.513366699, 142.314987183, 73.9550323486, 29.6969871521], [864.238342285, -4.21022939682, 119.627250671, 221.061798096, 316.252380371, 263.922729492, 152.258972168, 89.0483703613, 105.975822449, 142.314987183, 210.035964966, 109.0859375, 24.9387435913], [519.978637695, 8.6779499054, 90.5960388184, 155.551300049, 196.059631348, 155.925567627, 96.3634185791, 58.4661026001, 72.012046814, 73.9550323486, 109.0859375, 135.473571777, 60.7902870178], [36.3357200623, 72.5764694214, 74.6031723022, 78.1907653809, 96.0899734497, 34.5035514832, 56.3880996704, 37.0261993408, 39.4013175964, 29.6969871521, 24.9387435913, 60.7902870178, 114.660583496]],
