{
"lowlevel": {
    "average_loudness": 0.256759554148,
    "barkbands_crest": {
        "dmean": 2.08989810944,
        "dmean2": 3.29368162155,
        "dvar": 4.26500892639,
        "dvar2": 9.75415992737,
        "max": 26.5736961365,
        "mean": 9.35795497894,
        "median": 8.3187084198,
        "min": 2.73780274391,
        "var": 16.3261508942
    },
    "barkbands_flatness_db": {
        "dmean": 0.0179076883942,
        "dmean2": 0.0261704325676,
        "dvar": 0.000288245588308,
        "dvar2": 0.000593869714066,
        "max": 0.425191044807,
        "mean": 0.142246410251,
        "median": 0.133257433772,
        "min": 0.0361161082983,
        "var": 0.00264836614951
    },
    "barkbands_kurtosis": {
        "dmean": 1.46610605717,
        "dmean2": 2.35639452934,
        "dvar": 13.4743061066,
        "dvar2": 35.8901557922,
        "max": 151.353012085,
        "mean": 2.56770658493,
        "median": 1.16145086288,
        "min": -1.80813384056,
        "var": 63.8055305481
    },
    "barkbands_skewness": {
        "dmean": 0.33967423439,
        "dmean2": 0.528933823109,
        "dvar": 0.140126511455,
        "dvar2": 0.32819762826,
        "max": 11.3581399918,
        "mean": 1.16027903557,
        "median": 1.04740452766,
        "min": -2.19112229347,
        "var": 0.955214738846
    },
    "barkbands_spread": {
        "dmean": 3.52987957001,
        "dmean2": 5.27620983124,
        "dvar": 15.1607999802,
        "dvar2": 33.1965560913,
        "max": 120.127616882,
        "mean": 17.4640464783,
        "median": 16.8677768707,
        "min": 1.61174452305,
        "var": 58.0610809326
    },
    "dissonance": {
        "dmean": 0.022397628054,
        "dmean2": 0.0375956110656,
        "dvar": 0.000431561900768,
        "dvar2": 0.00117036292795,
        "max": 0.5,
        "mean": 0.451585620642,
        "median": 0.458179175854,
        "min": 0.234477385879,
        "var": 0.00113355123904
    },
    "dynamic_complexity": 5.67402791977,
    "erbbands_crest": {
        "dmean": 3.0044529438,
        "dmean2": 4.69419813156,
        "dvar": 7.58865404129,
        "dvar2": 17.1979694366,
        "max": 30.480550766,
        "mean": 10.9366664886,
        "median": 9.76359462738,
        "min": 2.49330663681,
        "var": 26.8481273651
    },
    "erbbands_flatness_db": {
        "dmean": 0.0171325635165,
        "dmean2": 0.0247680675238,
        "dvar": 0.000246630981565,
        "dvar2": 0.000492981751449,
        "max": 0.368254393339,
        "mean": 0.182934418321,
        "median": 0.177818000317,
        "min": 0.0247348062694,
        "var": 0.00189246854279
    },
    "erbbands_kurtosis": {
        "dmean": 0.926518797874,
        "dmean2": 1.47149670124,
        "dvar": 2.83286261559,
        "dvar2": 7.25852489471,
        "max": 56.809551239,
        "mean": 0.747131645679,
        "median": 0.0411956310272,
        "min": -1.7277585268,
        "var": 9.62570858002
    },
    "erbbands_skewness": {
        "dmean": 0.330727428198,
        "dmean2": 0.517664194107,
        "dvar": 0.0979468375444,
        "dvar2": 0.235019236803,
        "max": 5.78062295914,
        "mean": 0.514359354973,
        "median": 0.44415178895,
        "min": -1.53495287895,
        "var": 0.386153280735
    },
    "erbbands_spread": {
        "dmean": 5.24165773392,
        "dmean2": 7.92360687256,
        "dvar": 26.0698699951,
        "dvar2": 56.0411949158,
        "max": 119.31980896,
        "mean": 28.5060081482,
        "median": 28.0227603912,
        "min": 2.3290617466,
        "var": 138.032104492
    },
    "hfc": {
        "dmean": 3.38915777206,
        "dmean2": 4.69045162201,
        "dvar": 22.1796455383,
        "dvar2": 42.2390823364,
        "max": 102.451271057,
        "mean": 14.6663541794,
        "median": 11.1500682831,
        "min": 1.0612610792e-16,
        "var": 206.268630981
    },
    "melbands_crest": {
        "dmean": 2.67839193344,
        "dmean2": 4.35317564011,
        "dvar": 6.46831798553,
        "dvar2": 16.4633655548,
        "max": 39.5905075073,
        "mean": 12.9090204239,
        "median": 11.6920061111,
        "min": 1.6639469862,
        "var": 28.0591506958
    },
    "melbands_flatness_db": {
        "dmean": 0.0197084285319,
        "dmean2": 0.0289836470038,
        "dvar": 0.000345155887771,
        "dvar2": 0.000738071161322,
        "max": 0.573527336121,
        "mean": 0.20612564683,
        "median": 0.19743077457,
        "min": 0.00381063949317,
        "var": 0.00381267652847
    },
    "melbands_kurtosis": {
        "dmean": 2.86735248566,
        "dmean2": 4.62429332733,
        "dvar": 51.6910018921,
        "dvar2": 147.979370117,
        "max": 273.772521973,
        "mean": 6.62860536575,
        "median": 3.92647886276,
        "min": -1.58039045334,
        "var": 218.193374634
    },
    "melbands_skewness": {
        "dmean": 0.446302950382,
        "dmean2": 0.687877297401,
        "dvar": 0.227103203535,
        "dvar2": 0.530145943165,
        "max": 13.5148057938,
        "mean": 1.80270195007,
        "median": 1.63314878941,
        "min": -1.76970052719,
        "var": 1.57220864296
    },
    "melbands_spread": {
        "dmean": 4.31920957565,
        "dmean2": 6.66512918472,
        "dvar": 21.9587898254,
        "dvar2": 48.6770591736,
        "max": 176.397689819,
        "mean": 21.0500278473,
        "median": 19.8135204315,
        "min": 1.04046535492,
        "var": 158.541427612
    },
    "pitch_salience": {
        "dmean": 0.0583708770573,
        "dmean2": 0.0940137133002,
        "dvar": 0.00273071043193,
        "dvar2": 0.00676710763946,
        "max": 0.91429322958,
        "mean": 0.542621254921,
        "median": 0.551624774933,
        "min": 0.0203524213284,
        "var": 0.0119291609153
    },
    "silence_rate_20dB": {
        "dmean": 0,
        "dmean2": 0,
        "dvar": 0,
        "dvar2": 0,
        "max": 1,
        "mean": 1,
        "median": 1,
        "min": 1,
        "var": 0
    },
    "silence_rate_30dB": {
        "dmean": 0.00150206533726,
        "dmean2": 0.00300441263244,
        "dvar": 0.0014998089755,
        "dvar2": 0.003370935563,
        "max": 1,
        "mean": 0.997465491295,
        "median": 1,
        "min": 0,
        "var": 0.00252807280049
    },
    "silence_rate_60dB": {
        "dmean": 0.00807360094041,
        "dmean2": 0.016148718074,
        "dvar": 0.00800981838256,
        "dvar2": 0.0188910719007,
        "max": 1,
        "mean": 0.199755936861,
        "median": 0,
        "min": 0,
        "var": 0.159858345985
    },
    "spectral_centroid": {
        "dmean": 172.801498413,
        "dmean2": 259.26550293,
        "dvar": 39164.0664062,
        "dvar2": 76791.5546875,
        "max": 11761.4736328,
        "mean": 1232.43566895,
        "median": 1123.9576416,
        "min": 217.685928345,
        "var": 861305.625
    },
    "spectral_complexity": {
        "dmean": 2.47446489334,
        "dmean2": 3.65975022316,
        "dvar": 6.26424026489,
        "dvar2": 12.2829418182,
        "max": 43,
        "mean": 16.4035491943,
        "median": 18,
        "min": 0,
        "var": 83.6213989258
    },
    "spectral_decrease": {
        "dmean": 1.16135412398e-09,
        "dmean2": 1.71739977795e-09,
        "dvar": 2.36483988812e-18,
        "dvar2": 5.17993238162e-18,
        "max": 3.6546592564e-24,
        "mean": -5.15947906621e-09,
        "median": -4.10414768837e-09,
        "min": -3.75456536972e-08,
        "var": 2.23152401597e-17
    },
    "spectral_energy": {
        "dmean": 0.00462943594903,
        "dmean2": 0.00681313825771,
        "dvar": 3.746656148e-05,
        "dvar2": 8.10146011645e-05,
        "max": 0.147359311581,
        "mean": 0.0208033490926,
        "median": 0.0165924038738,
        "min": 9.88317576921e-21,
        "var": 0.000362817867426
    },
    "spectral_energyband_high": {
        "dmean": 0.000119196432934,
        "dmean2": 0.00016572358436,
        "dvar": 8.64155822455e-08,
        "dvar2": 1.663378697e-07,
        "max": 0.0100873215124,
        "mean": 0.00027879155823,
        "median": 0.000150281106471,
        "min": 6.71828257918e-21,
        "var": 2.18696712295e-07
    },
    "spectral_energyband_low": {
        "dmean": 0.00169857149012,
        "dmean2": 0.00280795665458,
        "dvar": 9.2466480055e-06,
        "dvar2": 2.49689237535e-05,
        "max": 0.068053252995,
        "mean": 0.0045817932114,
        "median": 0.00270323897712,
        "min": 1.23351529177e-23,
        "var": 3.29558170051e-05
    },
    "spectral_energyband_middle_high": {
        "dmean": 0.00131701352075,
        "dmean2": 0.00191534333862,
        "dvar": 3.97068470193e-06,
        "dvar2": 8.26199902804e-06,
        "max": 0.0490123666823,
        "mean": 0.004583616741,
        "median": 0.00316162430681,
        "min": 1.1901574012e-21,
        "var": 2.56443545368e-05
    },
    "spectral_energyband_middle_low": {
        "dmean": 0.00339592061937,
        "dmean2": 0.00502006430179,
        "dvar": 2.27172731684e-05,
        "dvar2": 5.03917217429e-05,
        "max": 0.0947761982679,
        "mean": 0.0119821485132,
        "median": 0.00844622962177,
        "min": 1.21197446656e-22,
        "var": 0.000157805028721
    },
    "spectral_entropy": {
        "dmean": 0.146722480655,
        "dmean2": 0.212190538645,
        "dvar": 0.0231943298131,
        "dvar2": 0.0457438752055,
        "max": 9.81815338135,
        "mean": 7.30022287369,
        "median": 7.35021591187,
        "min": 4.81346321106,
        "var": 0.245124951005
    },
    "spectral_flux": {
        "dmean": 0.0135924033821,
        "dmean2": 0.0217307880521,
        "dvar": 0.000238496781094,
        "dvar2": 0.00058294844348,
        "max": 0.223756670952,
        "mean": 0.0558062903583,
        "median": 0.0545356832445,
        "min": 6.39436628647e-11,
        "var": 0.00128839234821
    },
    "spectral_kurtosis": {
        "dmean": 2.13732171059,
        "dmean2": 3.65573549271,
        "dvar": 8.22851276398,
        "dvar2": 21.287311554,
        "max": 142.087722778,
        "mean": 6.16755867004,
        "median": 4.83989667892,
        "min": -1.25133883953,
        "var": 52.8476142883
    },
    "spectral_rms": {
        "dmean": 0.000462599506136,
        "dmean2": 0.000666903331876,
        "dvar": 2.45487711936e-07,
        "dvar2": 5.03547710196e-07,
        "max": 0.011990211904,
        "mean": 0.00392618449405,
        "median": 0.00402339547873,
        "min": 3.10517670604e-12,
        "var": 4.88113028041e-06
    },
    "spectral_rolloff": {
        "dmean": 290.337890625,
        "dmean2": 496.214050293,
        "dvar": 249453.0625,
        "dvar2": 526474.1875,
        "max": 19509.0820312,
        "mean": 1287.2376709,
        "median": 1033.59375,
        "min": 21.533203125,
        "var": 2695707.25
    },
    "spectral_skewness": {
        "dmean": 0.236847668886,
        "dmean2": 0.386017382145,
        "dvar": 0.0557922013104,
        "dvar2": 0.138561591506,
        "max": 10.0455551147,
        "mean": 1.70056855679,
        "median": 1.58798444271,
        "min": -0.0627318695188,
        "var": 0.47568359971
    },
    "spectral_spread": {
        "dmean": 396689.28125,
        "dmean2": 589836.9375,
        "dvar": 404788543488,
        "dvar2": 674217852928,
        "max": 42872524,
        "mean": 3832176.5,
        "median": 3356870.75,
        "min": 813995.625,
        "var": 1.11512639242e+13
    },
    "spectral_strongpeak": {
        "dmean": 0.464075624943,
        "dmean2": 0.758448839188,
        "dvar": 0.438248366117,
        "dvar2": 1.01096856594,
        "max": 7.90980243683,
        "mean": 1.01362287998,
        "median": 0.505205094814,
        "min": 0,
        "var": 1.30616438389
    },
    "zerocrossingrate": {
        "dmean": 0.00629521580413,
        "dmean2": 0.00757159153,
        "dvar": 5.82081775065e-05,
        "dvar2": 6.79298173054e-05,
        "max": 0.5205078125,
        "mean": 0.0501540414989,
        "median": 0.04541015625,
        "min": 0.0048828125,
        "var": 0.0018198172329
    },
    "barkbands": {
        "dmean": [3.20346807712e-05, 0.000783812662121, 0.000927562883589, 0.000682319107, 0.00104704336263, 0.000451886997325, 0.000924678635783, 0.00105602422263, 0.00139616872184, 0.000454159686342, 0.000435004360043, 0.000192886742298, 0.000361851096386, 0.000252768106293, 0.000285817222903, 0.000139444993692, 0.000133650974021, 5.07857912453e-05, 0.00010928465781, 6.05715576967e-05, 3.33218522428e-05, 3.65994237654e-05, 2.74673930107e-05, 1.4348996956e-05, 7.68638710724e-06, 2.66887832368e-06, 7.39430106478e-07],
        "dmean2": [5.21811271028e-05, 0.00132696970832, 0.00153301947284, 0.00108738825656, 0.00169479695614, 0.00069951673504, 0.00138950592373, 0.00162373983767, 0.00200490863062, 0.000691034889314, 0.000659353856463, 0.000293023069389, 0.000552727666218, 0.000405539642088, 0.000490216072649, 0.000232622682233, 0.000209694277146, 7.86130840424e-05, 0.000158757786267, 9.03992986423e-05, 4.96392312925e-05, 5.37085579708e-05, 3.98912416131e-05, 2.04889074666e-05, 1.12546349555e-05, 4.10467600886e-06, 1.20830418382e-06],
        "dvar": [7.69297159309e-09, 3.22914047501e-06, 2.63766696662e-06, 1.14809233764e-06, 2.78169022749e-06, 9.21510036278e-07, 4.74418766316e-06, 6.65567449687e-06, 6.64257959215e-06, 9.45667750329e-07, 1.68536655565e-06, 4.12190672705e-07, 4.98636040902e-07, 4.16767733213e-07, 3.20489817796e-07, 5.41355120731e-08, 4.73038070936e-08, 6.60180932144e-09, 3.5369168927e-08, 1.31506769918e-08, 5.39315125891e-09, 9.94980009494e-09, 9.78149383712e-09, 4.41985514854e-09, 8.36180902297e-10, 5.31789716429e-11, 4.24655493061e-12],
        "dvar2": [1.70863962978e-08, 8.65216043167e-06, 6.92585990691e-06, 2.82434552901e-06, 7.10446283847e-06, 2.14905799112e-06, 1.05108783828e-05, 1.38046143547e-05, 1.4331400962e-05, 2.01639636543e-06, 3.42656539942e-06, 8.91385013801e-07, 1.06586583115e-06, 1.02811725355e-06, 8.92800017027e-07, 1.50450603087e-07, 1.12476776337e-07, 1.54455932488e-08, 7.32198230935e-08, 2.68779132284e-08, 1.26340200524e-08, 2.02579251152e-08, 2.00576355525e-08, 7.79979192345e-09, 1.5295820166e-09, 1.09928115222e-10, 1.10658452887e-11],
        "max": [0.00263478490524, 0.039128869772, 0.043838378042, 0.0251441076398, 0.0394532568753, 0.0237611662596, 0.0682911276817, 0.081876501441, 0.0544745177031, 0.0336090251803, 0.0328541994095, 0.0299689415842, 0.0245186649263, 0.01797025837, 0.0164374466985, 0.00488107418641, 0.00558104272932, 0.00215943646617, 0.00488545652479, 0.0023939574603, 0.00348217017017, 0.00298740458675, 0.00335611612536, 0.0040818261914, 0.00125174003188, 0.000198339141207, 3.09304559778e-05],
        "mean": [5.98854749114e-05, 0.00213101413101, 0.00196004123427, 0.00122948875651, 0.00233605271205, 0.000956236326601, 0.00221193558536, 0.00205168663524, 0.00283029465936, 0.000850088254083, 0.000870307150763, 0.000416387745645, 0.000679115590174, 0.000409128930187, 0.000474100670544, 0.000263315683696, 0.000291043979814, 0.000122799683595, 0.00029393992736, 0.00012934966071, 7.66150624258e-05, 7.69999605836e-05, 4.37346643594e-05, 2.3331533157e-05, 1.17321378639e-05, 3.93360551243e-06, 7.68886934566e-07],
        "median": [9.02902684174e-06, 0.000856091559399, 0.000910990871489, 0.000604648084845, 0.00150319957174, 0.000376897369279, 0.000401964236517, 0.000628893030807, 0.00108474737499, 0.000364546373021, 0.000172800937435, 8.06869065855e-05, 0.000283350556856, 0.000163396660355, 0.00019987115229, 0.000161632837262, 0.000174595392309, 7.38194285077e-05, 0.000101394587546, 6.7529574153e-05, 3.84521918022e-05, 3.51890412276e-05, 1.41172567965e-05, 5.98789392825e-06, 3.12511156153e-06, 1.16365379199e-06, 1.29324263298e-07],
        "min": [2.63562446695e-25, 3.29827142372e-24, 7.15660036635e-25, 1.4720799246e-24, 1.042276949e-23, 3.86045334505e-24, 9.05411790752e-24, 9.72862869136e-24, 1.11186623486e-23, 1.55920077634e-23, 1.92544996197e-23, 3.39268596506e-23, 3.73395602791e-23, 4.01704665235e-23, 4.72735089537e-23, 3.01280557853e-23, 5.02400456313e-23, 1.02106217578e-22, 1.19888732725e-22, 1.7376535771e-22, 2.15726623685e-22, 2.5685033395e-22, 3.63014729703e-22, 5.80460767239e-22, 9.59229516226e-22, 1.32320534357e-21, 2.01360297825e-21],
        "var": [3.94441279639e-08, 1.19442647701e-05, 8.58878956933e-06, 3.17611579703e-06, 8.14398754301e-06, 3.18297361446e-06, 3.0204462746e-05, 2.55905233644e-05, 2.18045734073e-05, 2.74267085842e-06, 5.59168529435e-06, 2.37295284933e-06, 1.36035816922e-06, 6.9792179147e-07, 9.00551356153e-07, 1.19485846994e-07, 1.28773564256e-07, 2.46551454808e-08, 2.09692871067e-07, 3.6416118121e-08, 1.56134092322e-08, 2.05726387037e-08, 1.66183262706e-08, 9.22906551182e-09, 1.74992309532e-09, 1.05750179447e-10, 3.86225253168e-12]
    },
    "erbbands": {
        "dmean": [0.00862643215805, 0.227946326137, 1.04594624043, 1.38954031467, 3.66413283348, 3.60449075699, 2.47520565987, 4.31181812286, 9.33196353912, 23.9560222626, 17.0693073273, 37.1272201538, 14.354516983, 12.8294382095, 16.6820602417, 8.15846538544, 17.6872138977, 13.4273843765, 15.3965835571, 9.04618644714, 7.19821691513, 6.16209173203, 2.82071185112, 3.66600346565, 6.10861110687, 2.62517595291, 1.55298650265, 1.10894739628, 1.18746423721, 1.00422739983, 0.719321370125, 0.4826631248, 0.189451321959, 0.0995874032378, 0.0518082082272, 0.0167559683323, 0.00380963808857, 0.000947911874391, 0.000121103177662, 1.01844543678e-05],
        "dmean2": [0.0141371442005, 0.387332171202, 1.7629442215, 2.18275356293, 6.0020866394, 5.78144025803, 3.75660777092, 6.69755649567, 14.0002069473, 36.5794410706, 25.6749591827, 53.1906929016, 21.0713882446, 19.711812973, 25.11759758, 12.2774734497, 26.919708252, 21.3116035461, 25.978937149, 15.4389944077, 11.6540927887, 9.55504894257, 4.2996134758, 5.59145116806, 8.79723262787, 3.81006002426, 2.34849309921, 1.64624559879, 1.74090409279, 1.49007570744, 1.03742790222, 0.685540795326, 0.272085636854, 0.143662512302, 0.0772160366178, 0.0252746511251, 0.00600266829133, 0.0015520126326, 0.000199651592993, 1.57586382556e-05],
        "dvar": [0.000338770274539, 0.266469299793, 3.87507772446, 4.43626880646, 33.7643508911, 46.7641716003, 21.9584579468, 93.3832702637, 694.028381348, 3547.48291016, 1494.51428223, 4931.79101562, 1134.140625, 624.673400879, 2372.50634766, 596.380981445, 1114.09680176, 1223.48620605, 1173.5916748, 196.382064819, 144.156646729, 133.157058716, 16.9986667633, 30.9931507111, 124.457939148, 26.9638748169, 13.2944984436, 5.44178819656, 9.85488319397, 11.2581167221, 7.63704156876, 5.04563426971, 0.55270665884, 0.204426720738, 0.0295251812786, 0.00225325720385, 0.000113389869512, 6.83822236169e-06, 1.18161814555e-07, 3.87885029651e-10],
        "dvar2": [0.000924938009121, 0.721821606159, 10.6846761703, 10.5141019821, 89.4905929565, 118.968383789, 49.183555603, 223.539108276, 1574.62231445, 7975.14746094, 3237.93603516, 10704.5068359, 2137.14941406, 1493.91601562, 4998.31298828, 1257.64013672, 2471.23120117, 3062.91845703, 3261.13012695, 564.134277344, 376.900360107, 318.451568604, 39.1767349243, 71.3649978638, 256.499328613, 52.0454368591, 31.5872783661, 12.2947130203, 20.5918731689, 23.1279640198, 15.8893117905, 9.60755252838, 0.950218498707, 0.369485080242, 0.0616400577128, 0.00432246457785, 0.000257840962149, 1.74116430571e-05, 3.09613682248e-07, 9.6336427724e-10],
        "max": [0.42467340827, 10.7673902512, 48.3689842224, 43.263835907, 123.711395264, 183.544631958, 121.280151367, 305.72076416, 664.014282227, 1935.14245605, 1371.09106445, 1401.00170898, 1345.11364746, 712.047912598, 1150.19934082, 1083.66638184, 814.63659668, 942.979614258, 1098.57873535, 341.860626221, 316.095733643, 336.409515381, 98.1957244873, 109.409416199, 285.066345215, 122.291381836, 203.550765991, 52.5558509827, 104.795402527, 112.377990723, 105.361381531, 137.576400757, 32.3627090454, 24.1845283508, 5.12517738342, 1.38308846951, 0.256396234035, 0.0405580699444, 0.00470833294094, 0.000388570857467],
        "mean": [0.0270069334656, 0.602364838123, 2.26607441902, 3.05282258987, 6.7136888504, 8.00433921814, 5.7765955925, 9.35697650909, 20.7349319458, 57.6989707947, 36.1214408875, 74.7161331177, 31.1357917786, 25.2951259613, 35.6019706726, 19.5194187164, 34.7148933411, 23.9288825989, 26.4924468994, 17.1343421936, 15.598772049, 14.1890888214, 7.64115285873, 9.70802783966, 16.081363678, 6.43014240265, 3.76036977768, 2.37226009369, 2.50027132034, 1.94496154785, 1.13486218452, 0.731933891773, 0.311470717192, 0.15953874588, 0.071841865778, 0.0256348513067, 0.00513058388606, 0.00105681584682, 0.000133723049657, 3.18433958455e-05],
        "median": [0.0118800681084, 0.252684772015, 1.03368496895, 1.91589736938, 4.01599168777, 4.50916290283, 3.15645980835, 3.81963229179, 4.88275814056, 14.1265745163, 16.5929393768, 28.7613601685, 14.4082698822, 10.4321670532, 7.53515958786, 6.12594366074, 14.7989759445, 11.1014280319, 10.0064706802, 10.3211755753, 10.3759374619, 7.88775587082, 4.9104552269, 5.97899436951, 4.82287454605, 3.59790110588, 1.89796483517, 1.28498017788, 1.22479236126, 0.734970390797, 0.340659677982, 0.18501265347, 0.0798598453403, 0.0389294698834, 0.0197485126555, 0.00795643124729, 0.00142010499258, 0.000231116137002, 3.36673838319e-05, 2.4351207685e-05],
        "min": [8.8555291166e-23, 6.32237810526e-22, 2.13307443511e-21, 7.83947339291e-21, 1.3768691099e-20, 2.25048961306e-20, 1.89832667611e-20, 4.68777373365e-20, 1.45303102163e-19, 9.40349777096e-20, 2.92247434059e-19, 2.92494916158e-19, 7.0270714606e-19, 6.41999688821e-19, 1.14809474037e-18, 1.70097326621e-18, 2.05211888087e-18, 2.80528916247e-18, 2.38000293593e-18, 2.62913898308e-18, 3.11565456613e-18, 4.19831508075e-18, 5.52930576181e-18, 6.05416261383e-18, 6.91053194865e-18, 9.55363746279e-18, 8.4544128632e-18, 8.51507001751e-18, 1.0288793405e-17, 1.08826247124e-17, 1.04837631841e-17, 1.02467403699e-17, 9.73115124942e-18, 8.86664907481e-18, 6.78132550979e-18, 4.41024495754e-18, 2.35875514753e-18, 9.89239149827e-19, 2.43697903312e-19, 2.72938065882e-20],
        "var": [0.00132427294739, 0.950050473213, 11.3920898438, 13.8230895996, 73.3741149902, 132.977554321, 79.253944397, 314.570648193, 2557.41259766, 23473.2246094, 4430.51220703, 14882.9013672, 3817.06835938, 1623.79553223, 8053.07519531, 3423.55834961, 3330.0456543, 2118.1628418, 3272.14038086, 504.259735107, 351.173248291, 364.699127197, 80.6806716919, 127.142097473, 696.044067383, 81.9622879028, 43.8568992615, 11.7031526566, 19.792224884, 21.0322208405, 12.694776535, 9.3742313385, 1.2437864542, 0.430855244398, 0.0486927293241, 0.00498793506995, 0.000182204181328, 7.0399651122e-06, 1.04570538895e-07, 1.06085462637e-09]
    },
    "gfcc": {
        "mean": [-68.8464050293, 116.474006653, -131.204284668, 25.4672870636, -57.8528366089, 7.15779304504, -28.0607376099, 6.21523809433, -16.7452030182, -1.49235093594, -19.2112216949, -10.9686975479, -13.6842422485],
        "cov": [[36499.1679688, 1112.43322754, -3534.64208984, 613.991760254, -935.136657715, 280.976654053, -598.094726562, 267.635681152, -443.617736816, -110.281059265, -418.810424805, -162.722595215, -683.449645996], [1112.43322754, 984.88079834, -195.843841553, 6.29222345352, 29.7055091858, -89.2002182007, 43.0688705444, -44.7127037048, 13.7517604828, -49.1228599548, 30.1774082184, -63.5038261414, -2.53510189056], [-3534.64208984, -195.843841553, 924.10559082, 12.5159854889, 210.064208984, 41.227306366, 56.6062431335, -5.32878828049, 39.4831886292, 44.0401268005, 51.6129074097, 88.2629699707, 38.7670288086], [613.991760254, 6.29222345352, 12.5159854889, 231.417251587, 47.7343139648, 51.3044128418, 18.2777271271, 10.7400398254, -6.83729791641, 1.96821641922, -12.3540124893, -7.47554969788, 8.04142951965], [-935.136657715, 29.7055091858, 210.064208984, 47.7343139648, 201.097229004, 25.7263050079, 57.7664985657, -8.43472957611, 10.4753112793, 13.1684732437, 10.5006685257, 11.9346675873, 18.4779548645], [280.976654053, -89.2002182007, 41.227306366, 51.3044128418, 25.7263050079, 152.6302948, 51.6319770813, 26.5359020233, -9.02593517303, 3.93119621277, -23.4528579712, 7.65771913528, -3.89376521111], [-598.094726562, 43.0688705444, 56.6062431335, 18.2777271271, 57.7664985657, 51.6319770813, 153.870498657, 23.0421905518, 5.11132574081, -9.55017089844, 4.88517856598, 6.07263088226, -1.65007090569], [267.635681152, -44.7127037048, -5.32878828049, 10.7400398254, -8.43472957611, 26.5359020233, 23.0421905518, 78.8822479248, 19.2291488647, 1.22983622551, -2.99430847168, -10.3712730408, -11.7701330185], [-443.617736816, 13.7517604828, 39.4831886292, -6.83729791641, 10.4753112793, -9.02593517303, 5.11132574081, 19.2291488647, 81.2479705811, 23.5213508606, 14.0213766098, -16.8596496582, 2.18196964264], [-110.281059265, -49.1228599548, 44.0401268005, 1.96821641922, 13.1684732437, 3.93119621277, -9.55017089844, 1.22983622551, 23.5213508606, 76.4317474365, 14.8621835709, 2.04788064957, -5.71920824051], [-418.810424805, 30.1774082184, 51.6129074097, -12.3540124893, 10.5006685257, -23.4528579712, 4.88517856598, -2.99430847168, 14.0213766098, 14.8621835709, 89.6955718994, 22.3632736206, -5.44543123245], [-162.722595215, -63.5038261414, 88.2629699707, -7.47554969788, 11.9346675873, 7.65771913528, 6.07263088226, -10.3712730408, -16.8596496582, 2.04788064957, 22.3632736206, 82.8582687378, 16.2248764038], [-683.449645996, -2.53510189056, 38.7670288086, 8.04142951965, 18.4779548645, -3.89376521111, -1.65007090569, -11.7701330185, 2.18196964264, -5.71920824051, -5.44543123245, 16.2248764038, 78.0754165649]],
        "icov": [[0.000104005426692, -0.000176718152943, 0.000329105358105, -0.00027387321461, 3.2963394915e-05, -0.00025992988958, 0.00050931336591, -0.000461203104351, 0.000296490965411, -0.000155127316248, 0.000376517971745, -0.000579696323257, 0.000817040971015], [-0.000176718152943, 0.0016520441277, -0.000233765298617, 0.000332794850692, -0.000487111799885, 0.00112550961785, -0.00149769464042, 0.00166968931444, -0.000877567508724, 0.0011157306144, -0.00132049433887, 0.00190790125635, -0.00140235375147], [0.000329105358105, -0.000233765298617, 0.00279315630905, -0.000675353803672, -0.00162283272948, -0.000955169962253, 0.00161280529574, -0.00133005366661, 6.49685389362e-05, -0.000618002843112, 0.000751914281864, -0.00317442277446, 0.00239101378247], [-0.00027387321461, 0.000332794850692, -0.000675353803672, 0.00572798307985, -0.00140094349626, -0.000937848410103, -0.000905715627596, 0.000578917621169, -0.000112435474875, 0.000179514434421, -0.000943970284425, 0.00215358473361, -0.0027853876818], [3.2963394915e-05, -0.000487111799885, -0.00162283272948, -0.00140094349626, 0.0080287437886, -0.000245515519055, -0.00220198603347, 0.00123209948651, 0.00016496621538, -0.00111754389945, 0.000169557286426, 0.000639384030364, -0.000757886504289], [-0.00025992988958, 0.00112550961785, -0.000955169962253, -0.000937848410103, -0.000245515519055, 0.0100542688742, -0.00416408479214, -0.000783300609328, 0.00044592472841, -0.000605752051342, 0.00148992927279, 0.000573380268179, -0.00138657086063], [0.00050931336591, -0.00149769464042, 0.00161280529574, -0.000905715627596, -0.00220198603347, -0.00416408479214, 0.0114974835888, -0.00458108773455, 0.00104581587948, 0.000866065267473, 0.00108654878568, -0.0036312432494, 0.00443267775699], [-0.000461203104351, 0.00166968931444, -0.00133005366661, 0.000578917621169, 0.00123209948651, -0.000783300609328, -0.00458108773455, 0.0183331519365, -0.00579567532986, 0.00203634984791, -0.00188388174865, 0.00397874647751, -0.00169300974812], [0.000296490965411, -0.000877567508724, 6.49685389362e-05, -0.000112435474875, 0.00016496621538, 0.00044592472841, 0.00104581587948, -0.00579567532986, 0.0177221950144, -0.00529998447746, -0.00115991523489, 0.0029955713544, 9.08773799893e-05], [-0.000155127316248, 0.0011157306144, -0.000618002843112, 0.000179514434421, -0.00111754389945, -0.000605752051342, 0.000866065267473, 0.00203634984791, -0.00529998447746, 0.0164174251258, -0.00278601236641, 0.000799975648988, 0.000516402476933], [0.000376517971745, -0.00132049433887, 0.000751914281864, -0.000943970284425, 0.000169557286426, 0.00148992927279, 0.00108654878568, -0.00188388174865, -0.00115991523489, -0.00278601236641, 0.0157522186637, -0.00706235179678, 0.00514468085021], [-0.000579696323257, 0.00190790125635, -0.00317442277446, 0.00215358473361, 0.000639384030364, 0.000573380268179, -0.0036312432494, 0.00397874647751, 0.0029955713544, 0.000799975648988, -0.00706235179678, 0.020663453266, -0.00806957390159], [0.000817040971015, -0.00140235375147, 0.00239101378247, -0.0027853876818, -0.000757886504289, -0.00138657086063, 0.00443267775699, -0.00169300974812, 9.08773799893e-05, 0.000516402476933, 0.00514468085021, -0.00806957390159, 0.0210341196507]]
    },
    "melbands": {
        "dmean": [0.000143129043863, 0.000459301838418, 0.00030270597199, 0.000254609476542, 0.000104828926851, 9.78989628493e-05, 0.000148919032654, 0.000265252456302, 0.000159008603077, 0.000219050285523, 6.91995010129e-05, 5.14720304636e-05, 6.6404005338e-05, 2.00371923711e-05, 3.67705688404e-05, 3.30645161739e-05, 2.6536614314e-05, 2.43810227403e-05, 1.49992301886e-05, 1.20018275993e-05, 8.75240039022e-06, 7.64239575801e-06, 4.51274672741e-06, 2.57393003267e-06, 3.19765990753e-06, 4.93365860166e-06, 3.67688608094e-06, 1.47779189774e-06, 1.01141381492e-06, 8.23595428301e-07, 7.1204459573e-07, 7.14316911399e-07, 8.04316982794e-07, 4.90128286401e-07, 4.02542468692e-07, 5.06808021328e-07, 2.22653525839e-07, 1.28148784029e-07, 1.18774195812e-07, 7.53623226046e-08],
        "dmean2": [0.000240245761233, 0.000773639592808, 0.000476345274365, 0.000415179587435, 0.000160772891832, 0.000151267755427, 0.000222680260777, 0.000405129947467, 0.000233848579228, 0.000313755328534, 0.000101723264379, 7.94703300926e-05, 9.9630371551e-05, 3.10306095344e-05, 5.56851045985e-05, 5.09580931976e-05, 4.24327699875e-05, 4.06969484175e-05, 2.56723178609e-05, 2.04583629966e-05, 1.41567061291e-05, 1.19308624562e-05, 7.1588474384e-06, 4.02412888434e-06, 4.97081919093e-06, 7.17852299204e-06, 5.47406079932e-06, 2.17861497731e-06, 1.53990333729e-06, 1.2682119177e-06, 1.07776736513e-06, 1.06979689463e-06, 1.20850495477e-06, 7.44333078728e-07, 6.08681546055e-07, 7.3694383218e-07, 3.21009338222e-07, 1.87126588003e-07, 1.71762223999e-07, 1.10718687552e-07],
        "dvar": [1.03538944529e-07, 7.97984398559e-07, 2.010804252e-07, 1.54866086177e-07, 4.11200709038e-08, 4.6164238654e-08, 1.52515596596e-07, 4.27383241686e-07, 1.09296443895e-07, 1.76687294129e-07, 2.79074150455e-08, 1.07998090471e-08, 4.23913064651e-08, 2.99582980645e-09, 9.50777057085e-09, 3.43434103378e-09, 5.04245045718e-09, 3.0360032266e-09, 7.14479919672e-10, 3.68948704921e-10, 2.14837467261e-10, 2.25982940694e-10, 5.18549821138e-11, 1.83269788234e-11, 2.49055047419e-11, 9.15934550427e-11, 4.58839043149e-11, 1.00106563664e-11, 6.10913663407e-12, 3.10040014495e-12, 2.61228972481e-12, 3.29738124825e-12, 6.11217760432e-12, 3.05784412548e-12, 2.51213633229e-12, 4.67080280703e-12, 1.34648412212e-12, 2.38786177246e-13, 2.46189299415e-13, 1.28528372841e-13],
        "dvar2": [2.75571181874e-07, 2.2168110263e-06, 4.99993802805e-07, 4.08002136965e-07, 9.39848163739e-08, 1.07435099039e-07, 3.48404086026e-07, 9.44832834193e-07, 2.37972074046e-07, 3.84982257629e-07, 5.23920320461e-08, 2.64644839376e-08, 8.54245527648e-08, 6.70312783058e-09, 2.00204546275e-08, 8.19969159238e-09, 1.22580940953e-08, 8.14835843244e-09, 1.93212512656e-09, 1.08564557344e-09, 5.446252338e-10, 5.52747736471e-10, 1.28542940181e-10, 4.42629995157e-11, 5.95785226709e-11, 1.9230145254e-10, 9.75086400512e-11, 1.99691391894e-11, 1.4444794319e-11, 7.48147464119e-12, 6.02708941783e-12, 7.34728423935e-12, 1.27389921528e-11, 6.68007316129e-12, 5.73782297716e-12, 9.87533058799e-12, 2.42978944257e-12, 4.08138177118e-13, 4.41916089226e-13, 2.50147640232e-13],
        "max": [0.00727478228509, 0.0209067314863, 0.00997669436038, 0.00720685301349, 0.0055995285511, 0.00590434810147, 0.0101561564952, 0.0191461611539, 0.0124577125534, 0.0100131249055, 0.00662954058498, 0.0030862481799, 0.00521215191111, 0.00182176439557, 0.00411856733263, 0.00116509653162, 0.00215853191912, 0.0018784981221, 0.000541967281606, 0.000455010071164, 0.00038010746357, 0.000485855533043, 0.000184443051694, 0.000115182381705, 9.87380772131e-05, 0.000276009232039, 0.000144638732309, 7.96973399702e-05, 0.000146414604387, 5.31576188223e-05, 3.9631700929e-05, 5.11007747264e-05, 7.04252088326e-05, 6.00933053647e-05, 5.27728734596e-05, 9.25270433072e-05, 7.28359664208e-05, 2.23526276386e-05, 2.26691408898e-05, 1.85258741112e-05],
        "mean": [0.00042144631152, 0.00109594292007, 0.000666160136461, 0.000556807499379, 0.000246562296525, 0.000207670280361, 0.000341374281561, 0.000612405769061, 0.000317679427098, 0.000444028933998, 0.000140105868923, 9.4737202744e-05, 0.000136300208396, 4.04942875321e-05, 7.61884875828e-05, 6.2027866079e-05, 4.24970894528e-05, 4.10621105402e-05, 2.64307036559e-05, 2.16358112084e-05, 1.78504215e-05, 1.60672989296e-05, 9.49707009568e-06, 5.87308659306e-06, 7.33338220016e-06, 1.32787890834e-05, 8.12663620309e-06, 3.22492019222e-06, 2.35503694057e-06, 1.71919521108e-06, 1.35207721996e-06, 1.41236228046e-06, 1.53283576765e-06, 8.71898976129e-07, 6.15208705312e-07, 7.06529306171e-07, 3.34420661829e-07, 2.0561213887e-07, 1.89384920191e-07, 1.1505508013e-07],
        "median": [0.00017579618725, 0.000524217844941, 0.000434229586972, 0.000360149657354, 0.000137545328471, 7.963625103e-05, 7.33134729671e-05, 0.000155851157615, 0.000144826655742, 0.000159925679327, 5.56643462915e-05, 3.66404638044e-05, 2.54050446529e-05, 1.12025772978e-05, 2.23963816097e-05, 2.74772664852e-05, 1.64719713212e-05, 1.53845412569e-05, 1.26538561744e-05, 1.31753085952e-05, 1.10379196485e-05, 8.47259980219e-06, 4.81448978462e-06, 3.46493675352e-06, 4.57346777694e-06, 3.1013721582e-06, 3.41337454302e-06, 1.49609343225e-06, 1.02205876829e-06, 8.95446419236e-07, 6.58560111333e-07, 6.93366928317e-07, 5.63129333386e-07, 3.18076189387e-07, 1.85165191624e-07, 1.58613616463e-07, 7.81282523121e-08, 5.45143024056e-08, 3.95760970662e-08, 2.81974443794e-08],
        "min": [1.10755558333e-24, 1.35493427739e-24, 1.58603975704e-24, 7.39378520257e-25, 7.95824180431e-25, 9.42406862573e-25, 2.23604181585e-24, 6.45975318319e-25, 2.13179128343e-24, 1.6173358413e-24, 3.35789096714e-24, 2.42211950947e-24, 2.8123484889e-24, 4.2334729294e-24, 2.40094529948e-24, 4.80779522283e-24, 4.59664871294e-24, 2.68598796024e-24, 4.02845231886e-24, 1.8818742322e-24, 3.36657317027e-24, 3.43435604355e-24, 3.64353119004e-24, 4.61630278797e-24, 4.17380270167e-24, 4.47677538194e-24, 5.02140850078e-24, 5.52975401797e-24, 4.61884923097e-24, 4.60252020466e-24, 4.3215445163e-24, 5.11097734568e-24, 5.66819871241e-24, 5.2527920539e-24, 5.12807827238e-24, 5.97134375879e-24, 5.35555301972e-24, 6.2146730326e-24, 6.52345488458e-24, 6.77687290051e-24],
        "var": [4.01018439788e-07, 2.45956925937e-06, 6.1513168248e-07, 4.15468917936e-07, 1.48855193061e-07, 1.60274183258e-07, 6.35673529814e-07, 2.52422273661e-06, 3.33030754973e-07, 5.62781394819e-07, 9.19786273812e-08, 2.62808139695e-08, 1.41742276583e-07, 8.78232508938e-09, 5.1166903603e-08, 8.53543546953e-09, 8.60340687581e-09, 8.44623837537e-09, 1.90729987359e-09, 7.81837206087e-10, 4.99473684634e-10, 5.31104715762e-10, 1.69530875449e-10, 5.72958729073e-11, 7.66244637185e-11, 5.89846782528e-10, 1.6204723674e-10, 2.69219299631e-11, 2.36771279666e-11, 6.42537585638e-12, 4.68824284949e-12, 6.09272441526e-12, 1.1384913845e-11, 4.98768127494e-12, 3.6161019925e-12, 7.19732043061e-12, 2.62318205352e-12, 5.2524120036e-13, 5.334308841e-13, 2.47192809841e-13]
    },
    "mfcc": {
        "mean": [-691.033752441, 138.594009399, -13.9179019928, 20.992017746, -6.3218870163, 4.30930042267, -4.44374656677, 3.87660980225, 1.88333845139, 9.10274410248, 2.58490347862, -4.03514289856, -3.64637827873],
        "cov": [[16782.5058594, 1840.60668945, -806.264465332, 471.553741455, -139.974624634, 83.7813110352, -344.90045166, 226.962005615, -183.047271729, 37.1286392212, 162.227233887, -18.8902988434, 186.395141602], [1840.60668945, 1131.57910156, -226.957733154, 103.207328796, -43.4997253418, -9.24338245392, 0.41217264533, 33.6535263062, -9.69514751434, 21.1072845459, 51.9205970764, -8.43013858795, -18.1421222687], [-806.264465332, -226.957733154, 334.910827637, 5.57469177246, 89.1040267944, 39.6174087524, 49.6413230896, 35.8209571838, 19.8082675934, 1.52899181843, -18.5439872742, 10.7766656876, 14.5799779892], [471.553741455, 103.207328796, 5.57469177246, 196.007385254, 45.4153709412, 45.1173934937, 21.0752449036, 11.1522312164, 13.4573554993, 16.5496063232, -11.7736291885, -5.7659611702, 12.3792085648], [-139.974624634, -43.4997253418, 89.1040267944, 45.4153709412, 153.441574097, 25.6169490814, 14.846862793, -9.17750835419, 14.5863933563, 1.3362005949, -9.33530044556, 1.72869849205, 0.715795278549], [83.7813110352, -9.24338245392, 39.6174087524, 45.1173934937, 25.6169490814, 136.400604248, 53.1275863647, 25.1759567261, 35.4904327393, 6.7228808403, -13.7759160995, 17.1266441345, 8.32116222382], [-344.90045166, 0.41217264533, 49.6413230896, 21.0752449036, 14.846862793, 53.1275863647, 124.84715271, 48.0056991577, 20.0027427673, 10.1446409225, -9.59213542938, 12.5780944824, 13.0909643173], [226.962005615, 33.6535263062, 35.8209571838, 11.1522312164, -9.17750835419, 25.1759567261, 48.0056991577, 112.547775269, 18.3445301056, -2.72884225845, 6.48865222931, 4.55852603912, 9.28384208679], [-183.047271729, -9.69514751434, 19.8082675934, 13.4573554993, 14.5863933563, 35.4904327393, 20.0027427673, 18.3445301056, 92.0846405029, 30.0227241516, -17.5851078033, -1.21541190147, -20.408788681], [37.1286392212, 21.1072845459, 1.52899181843, 16.5496063232, 1.3362005949, 6.7228808403, 10.1446409225, -2.72884225845, 30.0227241516, 96.9820632935, 30.9174194336, -7.85629892349, -9.4789686203], [162.227233887, 51.9205970764, -18.5439872742, -11.7736291885, -9.33530044556, -13.7759160995, -9.59213542938, 6.48865222931, -17.5851078033, 30.9174194336, 94.8087692261, 15.0466213226, 2.48843860626], [-18.8902988434, -8.43013858795, 10.7766656876, -5.7659611702, 1.72869849205, 17.1266441345, 12.5780944824, 4.55852603912, -1.21541190147, -7.85629892349, 15.0466213226, 65.1348342896, 16.4553909302], [186.395141602, -18.1421222687, 14.5799779892, 12.3792085648, 0.715795278549, 8.32116222382, 13.0909643173, 9.28384208679, -20.408788681, -9.4789686203, 2.48843860626, 16.4553909302, 86.8259277344]],
