{
"lowlevel": {
    "average_loudness": 0.238003447652,
    "barkbands_crest": {
        "dmean": 2.60227251053,
        "dmean2": 4.15458774567,
        "dvar": 4.78570175171,
        "dvar2": 12.4941959381,
        "max": 26.3466529846,
        "mean": 12.8897209167,
        "median": 12.210518837,
        "min": 4.09028434753,
        "var": 22.5869369507
    },
    "barkbands_flatness_db": {
        "dmean": 0.0188693944365,
        "dmean2": 0.0285767838359,
        "dvar": 0.000235307452385,
        "dvar2": 0.000565115944482,
        "max": 0.514031708241,
        "mean": 0.32055452466,
        "median": 0.325107306242,
        "min": 0.0638779476285,
        "var": 0.00457045575604
    },
    "barkbands_kurtosis": {
        "dmean": 5.79996013641,
        "dmean2": 9.12396526337,
        "dvar": 103.348999023,
        "dvar2": 242.680709839,
        "max": 304.432281494,
        "mean": 12.2874565125,
        "median": 5.51184177399,
        "min": -1.87174463272,
        "var": 351.300933838
    },
    "barkbands_skewness": {
        "dmean": 0.602153301239,
        "dmean2": 0.953245460987,
        "dvar": 0.410507172346,
        "dvar2": 1.0615003109,
        "max": 12.6051969528,
        "mean": 1.07627081871,
        "median": 0.967094182968,
        "min": -9.93343830109,
        "var": 2.20333647728
    },
    "barkbands_spread": {
        "dmean": 0.883487522602,
        "dmean2": 1.3885474205,
        "dvar": 1.72141182423,
        "dvar2": 3.81515789032,
        "max": 113.132987976,
        "mean": 3.77297377586,
        "median": 2.94881534576,
        "min": 0.133898466825,
        "var": 13.8431491852
    },
    "dissonance": {
        "dmean": 0.0434511229396,
        "dmean2": 0.0725035071373,
        "dvar": 0.00134831632022,
        "dvar2": 0.00358592928387,
        "max": 0.500000119209,
        "mean": 0.406854748726,
        "median": 0.415930330753,
        "min": 0.14940084517,
        "var": 0.00325869233347
    },
    "dynamic_complexity": 7.11121511459,
    "erbbands_crest": {
        "dmean": 2.74553632736,
        "dmean2": 4.27612447739,
        "dvar": 5.64134979248,
        "dvar2": 13.3896846771,
        "max": 31.2617759705,
        "mean": 13.192814827,
        "median": 12.4983530045,
        "min": 2.94052600861,
        "var": 23.1280231476
    },
    "erbbands_flatness_db": {
        "dmean": 0.0169013179839,
        "dmean2": 0.0238858181983,
        "dvar": 0.000196855180548,
        "dvar2": 0.000402064470109,
        "max": 0.4918179214,
        "mean": 0.303496062756,
        "median": 0.298210680485,
        "min": 0.0461905375123,
        "var": 0.00296835135669
    },
    "erbbands_kurtosis": {
        "dmean": 3.98005533218,
        "dmean2": 5.68333673477,
        "dvar": 29.7259120941,
        "dvar2": 55.2315483093,
        "max": 130.372879028,
        "mean": 10.681265831,
        "median": 6.04992198944,
        "min": -1.66436588764,
        "var": 152.444656372
    },
    "erbbands_skewness": {
        "dmean": 0.493060439825,
        "dmean2": 0.73503446579,
        "dvar": 0.186360195279,
        "dvar2": 0.394759476185,
        "max": 8.69057750702,
        "mean": 1.82448577881,
        "median": 1.59270751476,
        "min": -2.15615177155,
        "var": 2.5021173954
    },
    "erbbands_spread": {
        "dmean": 2.04173350334,
        "dmean2": 3.0812933445,
        "dvar": 4.11124944687,
        "dvar2": 9.95929813385,
        "max": 87.5604858398,
        "mean": 8.77963161469,
        "median": 7.81524944305,
        "min": 0.706492483616,
        "var": 33.2193145752
    },
    "hfc": {
        "dmean": 1.28590154648,
        "dmean2": 1.63400387764,
        "dvar": 4.80103445053,
        "dvar2": 7.49777746201,
        "max": 53.3748245239,
        "mean": 4.69214630127,
        "median": 1.44115114212,
        "min": 1.18033075053e-16,
        "var": 35.3341636658
    },
    "melbands_crest": {
        "dmean": 3.05941033363,
        "dmean2": 4.94212722778,
        "dvar": 6.80349969864,
        "dvar2": 17.7066116333,
        "max": 35.4437828064,
        "mean": 14.662528038,
        "median": 13.8263921738,
        "min": 1.83962059021,
        "var": 28.7564735413
    },
    "melbands_flatness_db": {
        "dmean": 0.0197835769504,
        "dmean2": 0.0303696263582,
        "dvar": 0.000266179908067,
        "dvar2": 0.000680704775732,
        "max": 0.642767727375,
        "mean": 0.432083696127,
        "median": 0.447589308023,
        "min": 0.00901201087981,
        "var": 0.00719282636419
    },
    "melbands_kurtosis": {
        "dmean": 4.20409154892,
        "dmean2": 6.70501041412,
        "dvar": 37.1398010254,
        "dvar2": 93.763885498,
        "max": 130.390258789,
        "mean": 8.79296207428,
        "median": 5.21488952637,
        "min": -1.5957531929,
        "var": 112.187309265
    },
    "melbands_skewness": {
        "dmean": 0.51774263382,
        "dmean2": 0.809575259686,
        "dvar": 0.222342506051,
        "dvar2": 0.567970097065,
        "max": 6.89403104782,
        "mean": 1.20065104961,
        "median": 1.07676851749,
        "min": -1.90002143383,
        "var": 0.926234304905
    },
    "melbands_spread": {
        "dmean": 1.27943742275,
        "dmean2": 2.04167842865,
        "dvar": 4.21098899841,
        "dvar2": 10.2515306473,
        "max": 142.307540894,
        "mean": 6.32871246338,
        "median": 3.74257588387,
        "min": 0.395932763815,
        "var": 154.850418091
    },
    "pitch_salience": {
        "dmean": 0.0744619369507,
        "dmean2": 0.121388331056,
        "dvar": 0.00394427217543,
        "dvar2": 0.0103618418798,
        "max": 0.879984200001,
        "mean": 0.598599731922,
        "median": 0.617977321148,
        "min": 0.140879034996,
        "var": 0.0127956820652
    },
    "silence_rate_20dB": {
        "dmean": 0,
        "dmean2": 0,
        "dvar": 0,
        "dvar2": 0,
        "max": 1,
        "mean": 1,
        "median": 1,
        "min": 1,
        "var": 0
    },
    "silence_rate_30dB": {
        "dmean": 0.00560606038198,
        "dmean2": 0.0112129710615,
        "dvar": 0.00557410903275,
        "dvar2": 0.0132070174441,
        "max": 1,
        "mean": 0.993712604046,
        "median": 1,
        "min": 0,
        "var": 0.00624706689268
    },
    "silence_rate_60dB": {
        "dmean": 0.0440909080207,
        "dmean2": 0.0881884992123,
        "dvar": 0.0421497821808,
        "dvar2": 0.0987426042557,
        "max": 1,
        "mean": 0.300583302975,
        "median": 0,
        "min": 0,
        "var": 0.210224896669
    },
    "spectral_centroid": {
        "dmean": 34.9425010681,
        "dmean2": 54.7223777771,
        "dvar": 6734.52734375,
        "dvar2": 9922.86914062,
        "max": 11377.7939453,
        "mean": 409.22177124,
        "median": 324.162078857,
        "min": 170.783233643,
        "var": 175800.828125
    },
    "spectral_complexity": {
        "dmean": 1.15818178654,
        "dmean2": 1.96711874008,
        "dvar": 1.02068841457,
        "dvar2": 2.65722250938,
        "max": 13,
        "mean": 6.08855390549,
        "median": 6,
        "min": 0,
        "var": 3.96766471863
    },
    "spectral_decrease": {
        "dmean": 1.30553035049e-09,
        "dmean2": 1.74486358695e-09,
        "dvar": 4.5505108012e-18,
        "dvar2": 7.82142365279e-18,
        "max": 2.75879477954e-15,
        "mean": -4.70994088175e-09,
        "median": -1.67112923499e-09,
        "min": -4.82828674819e-08,
        "var": 3.42981573619e-17
    },
    "spectral_energy": {
        "dmean": 0.00504014268517,
        "dmean2": 0.00672856485471,
        "dvar": 6.79915319779e-05,
        "dvar2": 0.00011654735863,
        "max": 0.187071934342,
        "mean": 0.0182019900531,
        "median": 0.00643158517778,
        "min": 1.10020304439e-20,
        "var": 0.000512460363097
    },
    "spectral_energyband_high": {
        "dmean": 1.53128240754e-07,
        "dmean2": 2.50420640668e-07,
        "dvar": 9.50063527741e-14,
        "dvar2": 2.37019036125e-13,
        "max": 1.20089289339e-05,
        "mean": 6.76791387377e-07,
        "median": 5.43832754829e-07,
        "min": 7.18610168319e-21,
        "var": 4.19694742284e-13
    },
    "spectral_energyband_low": {
        "dmean": 0.0013637014199,
        "dmean2": 0.00224656728096,
        "dvar": 3.79662333216e-06,
        "dvar2": 1.04841747088e-05,
        "max": 0.0487036928535,
        "mean": 0.00300812814385,
        "median": 0.00183881691191,
        "min": 7.62194819161e-23,
        "var": 1.42560866152e-05
    },
    "spectral_energyband_middle_high": {
        "dmean": 4.41070296802e-05,
        "dmean2": 6.80731172906e-05,
        "dvar": 3.23190052498e-09,
        "dvar2": 7.06726721589e-09,
        "max": 0.0020449499134,
        "mean": 0.000125016202219,
        "median": 0.000102855956357,
        "min": 2.23050181138e-21,
        "var": 1.02514201572e-08
    },
    "spectral_energyband_middle_low": {
        "dmean": 0.00466035073623,
        "dmean2": 0.00602803379297,
        "dvar": 6.68806751492e-05,
        "dvar2": 0.000111881970952,
        "max": 0.181651636958,
        "mean": 0.0154563570395,
        "median": 0.00376043259166,
        "min": 3.27870307422e-22,
        "var": 0.000456214213045
    },
    "spectral_entropy": {
        "dmean": 0.152114167809,
        "dmean2": 0.223159998655,
        "dvar": 0.0166028160602,
        "dvar2": 0.035527266562,
        "max": 9.79919147491,
        "mean": 5.7633972168,
        "median": 5.74695682526,
        "min": 4.06507635117,
        "var": 0.385623455048
    },
    "spectral_flux": {
        "dmean": 0.011674172245,
        "dmean2": 0.019602900371,
        "dvar": 0.000192615247215,
        "dvar2": 0.0005580658908,
        "max": 0.213689237833,
        "mean": 0.0428452864289,
        "median": 0.0363857075572,
        "min": 1.04890561514e-10,
        "var": 0.000730817380827
    },
    "spectral_kurtosis": {
        "dmean": 15.0027418137,
        "dmean2": 25.6566410065,
        "dvar": 195.47013855,
        "dvar2": 549.340087891,
        "max": 167.2550354,
        "mean": 47.0898094177,
        "median": 41.6630821228,
        "min": -1.25809574127,
        "var": 689.04876709
    },
    "spectral_rms": {
        "dmean": 0.000500449794345,
        "dmean2": 0.000698028772604,
        "dvar": 3.28637526081e-07,
        "dvar2": 5.94033167545e-07,
        "max": 0.013509596698,
        "mean": 0.00346054160036,
        "median": 0.0025049385149,
        "min": 3.27623084911e-12,
        "var": 5.78270237384e-06
    },
    "spectral_rolloff": {
        "dmean": 57.1609992981,
        "dmean2": 98.1557846069,
        "dvar": 41420.1210938,
        "dvar2": 73668.9296875,
        "max": 19832.0800781,
        "mean": 648.214233398,
        "median": 366.064453125,
        "min": 64.599609375,
        "var": 4092986.25
    },
    "spectral_skewness": {
        "dmean": 0.861902058125,
        "dmean2": 1.476557374,
        "dvar": 0.567911088467,
        "dvar2": 1.60665488243,
        "max": 10.4614343643,
        "mean": 5.02512836456,
        "median": 4.86572313309,
        "min": -0.075705498457,
        "var": 2.21616768837
    },
    "spectral_spread": {
        "dmean": 246181.921875,
        "dmean2": 422158.84375,
        "dvar": 102176440320,
        "dvar2": 186652557312,
        "max": 42494512,
        "mean": 1614545.375,
        "median": 1416558.75,
        "min": 436098.375,
        "var": 2.3292018688e+12
    },
    "spectral_strongpeak": {
        "dmean": 0.253681153059,
        "dmean2": 0.386380076408,
        "dvar": 0.101800777018,
        "dvar2": 0.206248313189,
        "max": 5.8793964386,
        "mean": 0.712047219276,
        "median": 0.366304278374,
        "min": 4.06987277213e-10,
        "var": 0.591623663902
    },
    "zerocrossingrate": {
        "dmean": 0.0018425588496,
        "dmean2": 0.00244273804128,
        "dvar": 3.26969347952e-05,
        "dvar2": 4.94835112477e-05,
        "max": 0.75537109375,
        "mean": 0.0239996090531,
        "median": 0.01416015625,
        "min": 0.001953125,
        "var": 0.00542349321768
    },
    "barkbands": {
        "dmean": [1.74841188709e-05, 0.00057473796187, 0.000861375185195, 0.000520640984178, 0.00353642902337, 0.00192841654643, 0.000238671549596, 7.71242848714e-05, 5.53567297175e-05, 5.41997906112e-05, 7.19372246749e-06, 6.17660180069e-06, 1.2432406038e-06, 1.10683993171e-06, 3.0984363093e-06, 3.16880141327e-06, 2.08183450923e-06, 1.29186798858e-06, 4.48949492693e-07, 1.42895302702e-07, 6.16000619402e-08, 4.19528589646e-08, 2.09751718216e-08, 1.82185697639e-08, 7.24091320237e-09, 4.29025881488e-09, 2.14938999932e-09],
        "dmean2": [2.77389699477e-05, 0.000991337117739, 0.00139816780575, 0.000848639581818, 0.00454822136089, 0.00237816572189, 0.000324990338413, 0.000119890508358, 8.24591916171e-05, 8.26669711387e-05, 1.1948231986e-05, 9.78939442575e-06, 2.08466053664e-06, 1.87115563222e-06, 5.04992203787e-06, 5.15052033734e-06, 3.50887876266e-06, 2.12155214285e-06, 7.3660913813e-07, 2.32650819498e-07, 1.02018631765e-07, 6.97307029895e-08, 3.43215269538e-08, 3.05639211717e-08, 1.22048211537e-08, 7.09677339117e-09, 3.69151686996e-09],
        "dvar": [1.67819835806e-09, 7.98394125923e-07, 1.87756154446e-06, 1.37952747536e-06, 4.00173521484e-05, 1.63689837791e-05, 1.51155802541e-07, 9.30921206788e-09, 7.15766113046e-09, 4.78920680891e-09, 1.62987928709e-10, 1.03756010728e-10, 6.04209477589e-12, 5.56115266684e-12, 3.94374498336e-11, 3.11648762352e-11, 1.11366445579e-11, 4.61289253323e-12, 8.20642382174e-13, 1.00429389739e-13, 4.76359471075e-15, 2.67249122782e-15, 1.19603561487e-15, 3.37335900502e-16, 8.45533037193e-17, 1.78282981886e-17, 3.34142027944e-18],
        "dvar2": [4.10207512402e-09, 2.43165618485e-06, 5.12746828463e-06, 3.62827063327e-06, 6.61805170239e-05, 2.3228885766e-05, 2.17231772126e-07, 2.20228884018e-08, 1.43735867653e-08, 1.03489918857e-08, 4.42842484905e-10, 2.48969123096e-10, 1.75823626491e-11, 1.58829425306e-11, 1.06093626939e-10, 8.21031923004e-11, 3.12508942335e-11, 1.27269167427e-11, 2.16599850035e-12, 2.476141037e-13, 1.2562172846e-14, 7.46289813123e-15, 3.0968009478e-15, 9.35992053144e-16, 2.34046691211e-16, 4.73764651815e-17, 9.80542875971e-18],
        "max": [0.00271727493964, 0.0175314228982, 0.0338622815907, 0.0299259815365, 0.149275019765, 0.131939545274, 0.0120297046378, 0.00163347099442, 0.00287864613347, 0.00222576130182, 0.000492416555062, 0.000302480970277, 7.42077318137e-05, 6.62816237309e-05, 0.000167692400282, 0.000110407840111, 5.47917625227e-05, 4.88225450681e-05, 2.44780731009e-05, 1.14213216875e-05, 1.27814507778e-06, 8.2433064108e-07, 8.05592776487e-07, 3.71358652274e-07, 2.16512603401e-07, 1.02274277936e-07, 2.96322379967e-08],
        "mean": [6.02058280492e-05, 0.00109402381349, 0.00148620607797, 0.000875775585882, 0.00925634149462, 0.00450627645478, 0.000525282404851, 0.000138004907058, 0.000104511804238, 0.000105462240754, 1.18905618365e-05, 1.09099255496e-05, 2.15659565583e-06, 2.04131060855e-06, 6.45426462142e-06, 6.84621136315e-06, 4.61077797809e-06, 3.12440215566e-06, 1.08636925233e-06, 3.59597947863e-07, 1.67441157828e-07, 1.2420019857e-07, 6.31897378867e-08, 6.21132443257e-08, 2.56222136841e-08, 1.71872915899e-08, 1.35275755042e-08],
        "median": [7.4087174653e-06, 0.000541014946066, 0.000532002653927, 0.00022410004749, 0.00146485876758, 0.000939191377256, 0.000216734435526, 9.20720631257e-05, 6.09601083852e-05, 7.1017886512e-05, 8.506278391e-06, 5.68882296648e-06, 1.25616315927e-06, 1.00900308553e-06, 1.75761442733e-06, 2.24676455218e-06, 2.26429551731e-06, 1.56720000177e-06, 4.53340049944e-07, 1.99915675125e-07, 1.35790131139e-07, 9.7515687969e-08, 3.68825681107e-08, 5.84497854561e-08, 1.8513876654e-08, 1.57292383562e-08, 1.31602595488e-08],
        "min": [7.4016572061e-23, 2.31227579545e-23, 1.14679983565e-23, 5.14257635253e-23, 4.39798505913e-23, 1.31729736861e-22, 2.13350918582e-23, 1.56297563354e-23, 5.21671318486e-23, 1.90272227976e-22, 4.15210626576e-23, 2.00774276409e-22, 1.36679151155e-22, 7.01604621841e-23, 6.01495269961e-23, 2.81321607023e-22, 4.20003732814e-22, 3.73306625591e-22, 3.15545270856e-22, 3.04334080645e-22, 4.44451453657e-22, 4.95622904203e-22, 4.9528772036e-22, 8.71950248595e-22, 8.19507684383e-22, 1.46236787934e-21, 2.65293462993e-21],
        "var": [3.45898456544e-08, 2.31524404626e-06, 6.15678027316e-06, 3.95624510929e-06, 0.000241242058109, 7.38587259548e-05, 9.16720921396e-07, 2.20194422695e-08, 2.07637036453e-08, 1.29074209099e-08, 1.77212397534e-10, 2.45629017126e-10, 8.61753290254e-12, 1.1423450727e-11, 1.20317616981e-10, 9.64570506801e-11, 3.28421075058e-11, 1.60774171754e-11, 2.79519788392e-12, 3.60184294499e-13, 1.67050940003e-14, 1.08923846098e-14, 6.29883345731e-15, 1.29564499541e-15, 5.61892963967e-16, 8.93027299511e-17, 6.32130886446e-18]
    },
    "erbbands": {
        "dmean": [0.0152658140287, 0.144175931811, 0.798951804638, 1.32256507874, 5.77252292633, 12.7308855057, 20.4499168396, 12.255730629, 5.80641889572, 1.31961977482, 1.85168159008, 1.40989732742, 1.55502557755, 1.14013004303, 0.25465580821, 0.290466099977, 0.0634917616844, 0.0451745279133, 0.144712269306, 0.141516461968, 0.133332386613, 0.101552650332, 0.0695593953133, 0.0419254899025, 0.0101875308901, 0.00723516056314, 0.00330780632794, 0.00209236750379, 0.00163931725547, 0.00102977396455, 0.000523193157278, 0.000451322586741, 0.00028453709092, 0.000112200214062, 4.55197550764e-05, 2.37029144046e-05, 8.84406563273e-06, 1.78191612576e-06, 2.36005007537e-06, 5.53224163014e-06],
        "dmean2": [0.025581933558, 0.249799460173, 1.31987202168, 2.10673427582, 9.44430828094, 14.7841482162, 25.6067676544, 15.1364145279, 7.17871427536, 2.11223101616, 2.82335734367, 2.09409499168, 2.39313173294, 1.75565326214, 0.410996198654, 0.45609164238, 0.104808367789, 0.075810007751, 0.236069947481, 0.234066233039, 0.216177433729, 0.169754683971, 0.114345230162, 0.0701310187578, 0.0167255569249, 0.0118280295283, 0.00541798956692, 0.00347826490179, 0.00272280233912, 0.00171089067589, 0.000858853280079, 0.000758356938604, 0.000482319243019, 0.000188052741578, 7.69299149397e-05, 3.95550705434e-05, 1.43704037328e-05, 2.95922927762e-06, 3.17009448736e-06, 7.37598884371e-06],
        "dvar": [0.000736471090931, 0.0494926273823, 1.55965852737, 5.46527481079, 153.123886108, 540.126464844, 2491.75878906, 474.119354248, 126.82245636, 2.93291330338, 4.87630462646, 4.54552125931, 4.56814193726, 3.38450288773, 0.124425806105, 0.242766112089, 0.0127194449306, 0.0114622730762, 0.100781910121, 0.0828990787268, 0.0490331947803, 0.0277747716755, 0.0121844168752, 0.00790284760296, 0.000243289367063, 0.000311196170514, 2.27520777116e-05, 8.57574286783e-06, 4.35343690697e-06, 2.42384544435e-06, 1.11760073196e-06, 3.12045870032e-07, 1.02293761017e-07, 1.90618738571e-08, 6.1868381529e-09, 6.68555655281e-10, 9.17473180762e-11, 4.89899613931e-12, 1.38164635982e-11, 8.20515946853e-11],
        "dvar2": [0.00219760974869, 0.151090398431, 4.48898601532, 13.8717374802, 429.344451904, 648.919311523, 3749.66357422, 696.400817871, 136.03024292, 7.45784139633, 10.6210746765, 9.1510848999, 10.0243244171, 7.23656511307, 0.320555388927, 0.564929902554, 0.036301292479, 0.0319985896349, 0.27317532897, 0.235660150647, 0.126118853688, 0.0781913101673, 0.0328181684017, 0.022470196709, 0.000637205550447, 0.000778745918069, 5.76230995648e-05, 2.28437256737e-05, 1.21496359498e-05, 6.47056640446e-06, 2.89016816168e-06, 8.42932251999e-07, 2.88413303906e-07, 5.12784232853e-08, 1.77425185655e-08, 1.86193593876e-09, 2.34571223556e-10, 1.29812922564e-11, 2.3267408833e-11, 1.4017054184e-10],
        "max": [0.752453804016, 4.50350809097, 22.2215232849, 67.3570632935, 185.741073608, 665.927612305, 1573.00378418, 534.886901855, 383.974639893, 34.2544212341, 36.527557373, 73.0047912598, 48.7152786255, 68.529800415, 8.62176513672, 14.7279863358, 3.30924010277, 2.82336568832, 9.73546600342, 6.64605665207, 4.16851091385, 3.41706824303, 2.71995663643, 2.34486532211, 0.414090514183, 0.6041457057, 0.150347113609, 0.0655097439885, 0.0355558097363, 0.0274403709918, 0.0275299493223, 0.0136863077059, 0.00583734828979, 0.00358619028702, 0.00135744654108, 0.000453242275398, 0.000261499342741, 5.74566147407e-05, 8.78657665453e-05, 0.000206358148716],
        "mean": [0.0346292182803, 0.248991072178, 1.36113238335, 2.64944219589, 10.8609008789, 35.2033195496, 47.8512420654, 30.1930046082, 14.5065050125, 2.72270798683, 3.53989481926, 2.82469415665, 2.79208922386, 2.11759567261, 0.535056173801, 0.521055400372, 0.131837412715, 0.0972871556878, 0.289415240288, 0.336346596479, 0.325538009405, 0.250414609909, 0.187585443258, 0.107993416488, 0.030925007537, 0.0186619050801, 0.00878370646387, 0.00586285209283, 0.00477627106011, 0.00302211730741, 0.00164985959418, 0.00146260252222, 0.000918363279197, 0.000376638345188, 0.000165039673448, 8.86334673851e-05, 3.68777909898e-05, 7.58143823987e-06, 1.00614970506e-05, 2.02287574211e-05],
        "median": [0.012865178287, 0.138671770692, 0.603192985058, 0.982196688652, 2.39281201363, 5.04814147949, 6.82431650162, 7.72749900818, 5.20259094238, 1.9303984642, 2.49613428116, 1.74773776531, 1.80801856518, 1.15421891212, 0.409996986389, 0.268825829029, 0.0894686728716, 0.0583337508142, 0.0933724939823, 0.107632793486, 0.133657261729, 0.123283572495, 0.10731497407, 0.0394425950944, 0.0176825560629, 0.0102580841631, 0.00659583462402, 0.00398358283564, 0.00372567842714, 0.00183934764937, 0.000999516458251, 0.00114415318239, 0.000789609737694, 0.00034992347355, 8.14593659015e-05, 8.43895541038e-05, 3.3295382309e-05, 5.99108216193e-06, 4.7106996135e-06, 7.26232292436e-06],
        "min": [1.09272315869e-21, 4.12959783008e-21, 1.82096687114e-20, 7.13498919148e-20, 1.80451001592e-19, 1.23105968919e-19, 4.96114858967e-19, 1.25465866093e-18, 5.14019338422e-19, 2.99620094859e-19, 4.2239809959e-19, 1.15612790489e-18, 3.63199331899e-18, 4.76214537451e-18, 3.78778492915e-18, 7.91788780146e-18, 6.00861639494e-18, 4.56329363679e-18, 3.20863235532e-18, 1.07639797156e-17, 1.36634677926e-17, 2.54024105547e-17, 1.86325046868e-17, 2.13252472416e-17, 1.56363009982e-17, 1.21859238681e-17, 1.31450993454e-17, 2.25902032671e-17, 1.81654206103e-17, 1.39135931478e-17, 1.59146208046e-17, 1.68535303568e-17, 1.34889881045e-17, 9.16058522394e-18, 6.7514849692e-18, 5.29115053729e-18, 2.76453707562e-18, 1.4899786205e-18, 3.54776368857e-19, 3.62839350652e-20],
        "var": [0.00373518536799, 0.102757513523, 3.98519635201, 20.2270641327, 411.078033447, 3983.5012207, 10024.4443359, 2628.51318359, 947.587768555, 7.02032470703, 12.0682525635, 13.138718605, 10.0230035782, 8.53736305237, 0.229770511389, 0.589677631855, 0.0225555878133, 0.0218181014061, 0.261591851711, 0.260614812374, 0.17382581532, 0.0911884307861, 0.0483279712498, 0.026926657185, 0.00118912348989, 0.000997682334855, 8.67231356096e-05, 3.16053774441e-05, 1.68912392837e-05, 9.9001244962e-06, 5.42105317436e-06, 1.44329055729e-06, 3.54569948513e-07, 7.82580755754e-08, 3.50859146181e-08, 2.71440403488e-09, 5.12430209376e-10, 2.30940700591e-11, 1.07600046928e-10, 6.19136464319e-10]
    },
    "gfcc": {
        "mean": [-207.046981812, 196.979110718, -69.5066680908, 3.71667480469, -47.9664459229, -23.1082420349, -29.5586338043, -0.99041312933, -11.9996318817, -18.609210968, -8.51347923279, -0.485747039318, 4.2067899704],
        "cov": [[7082.06835938, 2879.44311523, 12.6858186722, 584.940734863, 271.157775879, -702.803649902, -783.416259766, -366.882049561, -97.9144897461, -449.620880127, -0.285413175821, 31.9991359711, 176.784378052], [2879.44311523, 1493.43798828, 126.256248474, 165.212860107, 148.820251465, -259.674468994, -269.725708008, -145.182266235, -40.3390426636, -191.672027588, 8.91994953156, -15.7502508163, 94.8152084351], [12.6858186722, 126.256248474, 391.651123047, 152.608520508, 8.72954082489, -55.3628540039, 42.1886138916, -10.0535621643, -30.6733531952, -26.7587947845, 35.0559120178, -2.06732130051, 28.1696681976], [584.940734863, 165.212860107, 152.608520508, 258.058105469, 81.8930435181, -118.697303772, -68.5272979736, -16.2675933838, 2.76794862747, -77.534828186, 17.0042057037, 24.3886127472, 7.16823577881], [271.157775879, 148.820251465, 8.72954082489, 81.8930435181, 381.950683594, -117.884239197, -237.17628479, -135.094329834, 56.3018684387, -117.013595581, 3.67175388336, 4.48680591583, 70.494140625], [-702.803649902, -259.674468994, -55.3628540039, -118.697303772, -117.884239197, 319.597198486, 257.569152832, 111.581375122, 14.2445812225, 146.74508667, -25.5429134369, -30.4820079803, -48.9450149536], [-783.416259766, -269.725708008, 42.1886138916, -68.5272979736, -237.17628479, 257.569152832, 385.188293457, 201.283355713, -14.554649353, 129.732757568, 9.56517982483, -13.2060747147, -81.7540130615], [-366.882049561, -145.182266235, -10.0535621643, -16.2675933838, -135.094329834, 111.581375122, 201.283355713, 210.530380249, 20.7250404358, 64.6620025635, 5.5421204567, 9.72297763824, -46.0255355835], [-97.9144897461, -40.3390426636, -30.6733531952, 2.76794862747, 56.3018684387, 14.2445812225, -14.554649353, 20.7250404358, 92.1627349854, 12.3227968216, -8.16264152527, 3.2533659935, 1.56515800953], [-449.620880127, -191.672027588, -26.7587947845, -77.534828186, -117.013595581, 146.74508667, 129.732757568, 64.6620025635, 12.3227968216, 161.268157959, 12.5167284012, -15.205701828, -23.0303897858], [-0.285413175821, 8.91994953156, 35.0559120178, 17.0042057037, 3.67175388336, -25.5429134369, 9.56517982483, 5.5421204567, -8.16264152527, 12.5167284012, 99.6805648804, 26.5483150482, -19.3230953217], [31.9991359711, -15.7502508163, -2.06732130051, 24.3886127472, 4.48680591583, -30.4820079803, -13.2060747147, 9.72297763824, 3.2533659935, -15.205701828, 26.5483150482, 63.8677825928, 21.7653923035], [176.784378052, 94.8152084351, 28.1696681976, 7.16823577881, 70.494140625, -48.9450149536, -81.7540130615, -46.0255355835, 1.56515800953, -23.0303897858, -19.3230953217, 21.7653923035, 90.6918258667]],
        "icov": [[0.00211220118217, -0.00363568845205, 0.0025936497841, -0.00437233317643, 0.00216228421777, -0.000879170140252, 0.00216122739948, 0.00042543411837, 0.000634536438156, 0.000241529851337, -0.000564098823816, 0.000168056314578, -0.000877521466464], [-0.00363568845205, 0.00723381061107, -0.00441048899665, 0.00701281102374, -0.00312493997626, 0.00119532668032, -0.00315393391065, -0.000835693033878, -0.00112725468352, 0.000841383764055, -7.33862907509e-05, 0.00132211111486, 4.70038903586e-05], [0.0025936497841, -0.00441048899665, 0.0082777319476, -0.00863593071699, 0.00285205896944, 0.000483230774989, -0.00118633988313, 0.00229087797925, 0.000910027127247, 0.000617653888185, -0.00319861643948, 0.00398513302207, -0.00569298770279], [-0.00437233317643, 0.00701281102374, -0.00863593071699, 0.0167248938233, -0.0064315428026, 0.00368758826517, -0.00383638963103, -0.00229425681755, -0.00113841868006, -0.000996669987217, 0.00391258951277, -0.00508011272177, 0.00673781801015], [0.00216228421777, -0.00312493997626, 0.00285205896944, -0.0064315428026, 0.0103680370376, -0.0056562400423, 0.00681548099965, 0.00128889712505, -0.00408044690266, 0.00669341441244, -0.00586446095258, 0.00486038345844, -0.00628490699455], [-0.000879170140252, 0.00119532668032, 0.000483230774989, 0.00368758826517, -0.0056562400423, 0.0148814255372, -0.0119134187698, 0.0025199141819, 2.28047301789e-05, -0.00849835760891, 0.0060219867155, -0.00136426649988, 0.002441868186], [0.00216122739948, -0.00315393391065, -0.00118633988313, -0.00383638963103, 0.00681548099965, -0.0119134187698, 0.0200218185782, -0.00797957181931, 0.00247456156649, 0.0034942808561, -0.00326089723967, 8.18176704342e-05, 0.00215835007839], [0.00042543411837, -0.000835693033878, 0.00229087797925, -0.00229425681755, 0.00128889712505, 0.0025199141819, -0.00797957181931, 0.0124686602503, -0.00415656622499, -0.000425550388172, 0.00042639230378, -0.00179910520092, -0.000506841344759], [0.000634536438156, -0.00112725468352, 0.000910027127247, -0.00113841868006, -0.00408044690266, 2.28047301789e-05, 0.00247456156649, -0.00415656622499, 0.0161648094654, -0.00462830392644, 0.00345437927172, -0.00310061615892, 0.00308003812097], [0.000241529851337, 0.000841383764055, 0.000617653888185, -0.000996669987217, 0.00669341441244, -0.00849835760891, 0.0034942808561, -0.000425550388172, -0.00462830392644, 0.0181560534984, -0.00894367974252, 0.0075255734846, -0.00733996136114], [-0.000564098823816, -7.33862907509e-05, -0.00319861643948, 0.00391258951277, -0.00586446095258, 0.0060219867155, -0.00326089723967, 0.00042639230378, 0.00345437927172, -0.00894367974252, 0.0198795292526, -0.0134729975834, 0.0120840603486], [0.000168056314578, 0.00132211111486, 0.00398513302207, -0.00508011272177, 0.00486038345844, -0.00136426649988, 8.18176704342e-05, -0.00179910520092, -0.00310061615892, 0.0075255734846, -0.0134729975834, 0.0302949417382, -0.0160762034357], [-0.000877521466464, 4.70038903586e-05, -0.00569298770279, 0.00673781801015, -0.00628490699455, 0.002441868186, 0.00215835007839, -0.000506841344759, 0.00308003812097, -0.00733996136114, 0.0120840603486, -0.0160762034357, 0.0263307373971]]
    },
    "melbands": {
        "dmean": [0.000143599827425, 0.00032928030123, 0.000306748726871, 0.000664469960611, 0.000715515168849, 0.000298402301269, 7.97635293566e-05, 1.29406716951e-05, 1.5111936591e-05, 7.71396753407e-06, 7.77623063186e-06, 5.05137222717e-06, 9.5642838005e-07, 7.78000298851e-07, 3.54567589511e-07, 9.54281063059e-08, 9.57064401064e-08, 2.21482110874e-07, 2.13337685295e-07, 2.70658290447e-07, 1.42301004757e-07, 1.12931168417e-07, 1.10781002149e-07, 5.24520622491e-08, 3.6651847779e-08, 1.12988365331e-08, 4.75501726882e-09, 5.76837022592e-09, 2.78839795698e-09, 1.413411721e-09, 1.49820122974e-09, 1.12835629729e-09, 8.79991579605e-10, 5.68473990104e-10, 3.18715526193e-10, 3.41689787575e-10, 3.30158261841e-10, 2.61524163436e-10, 1.53225016009e-10, 9.80246162019e-11],
        "dmean2": [0.000245515722781, 0.000546352763195, 0.000502846494783, 0.00089660967933, 0.000864704954438, 0.000364489213098, 9.90738262772e-05, 2.12933882722e-05, 2.29188444791e-05, 1.15053899208e-05, 1.19687310871e-05, 7.79118454375e-06, 1.58164539243e-06, 1.23621134662e-06, 5.58987210297e-07, 1.61809936117e-07, 1.60915504921e-07, 3.63820305438e-07, 3.49506478869e-07, 4.43577334863e-07, 2.32693508906e-07, 1.90402090539e-07, 1.82007198646e-07, 8.76020109786e-08, 6.12661565924e-08, 1.84773405465e-08, 7.82967024548e-09, 9.43253208874e-09, 4.55298732049e-09, 2.35345631872e-09, 2.48275688897e-09, 1.88152537994e-09, 1.47140433171e-09, 9.46750122743e-10, 5.24683851921e-10, 5.68011249147e-10, 5.55548385073e-10, 4.44928982546e-10, 2.56790422259e-10, 1.65229357973e-10],
        "dvar": [5.3327706695e-08, 2.49440489597e-07, 3.48488441659e-07, 1.4711691847e-06, 2.48774722422e-06, 2.82857769207e-07, 2.35722481534e-08, 3.1677577228e-10, 3.12934012037e-10, 1.34091376891e-10, 1.11985844209e-10, 6.87724599491e-11, 2.28021703082e-12, 1.50690256714e-12, 3.06757576155e-13, 4.83196992075e-14, 5.30090735033e-14, 2.20265673105e-13, 2.07463318985e-13, 2.59524579561e-13, 5.62417408652e-14, 3.79891227525e-14, 3.3385186976e-14, 1.09038381893e-14, 6.39456088585e-15, 3.39736418344e-16, 3.61827428038e-17, 2.58506196931e-16, 2.21605358785e-17, 2.83590042861e-18, 5.67525640422e-18, 2.38737725109e-18, 1.7418390904e-18, 8.62393174242e-19, 3.60028681403e-19, 3.51783189961e-19, 1.68144712502e-19, 9.19360327546e-20, 3.471421445e-20, 1.97565061504e-20],
        "dvar2": [1.61958368494e-07, 7.22114577911e-07, 9.87678504316e-07, 2.85041687675e-06, 3.63980780094e-06, 4.03704063956e-07, 2.49911789041e-08, 8.45150338602e-10, 6.76816769296e-10, 2.70899247479e-10, 2.46764886302e-10, 1.46200634932e-10, 6.13212605693e-12, 3.72765707191e-12, 7.31503941621e-13, 1.44278943718e-13, 1.48812901021e-13, 5.97800454971e-13, 5.62018368042e-13, 7.03488103274e-13, 1.46972413623e-13, 1.07780510862e-13, 8.91673142115e-14, 3.20699311562e-14, 1.79990215305e-14, 8.6874033705e-16, 9.6066824048e-17, 6.43164663526e-16, 5.62326578662e-17, 7.6500988315e-18, 1.49344167418e-17, 6.62425052891e-18, 4.85458322155e-18, 2.2564099515e-18, 9.26332684628e-19, 9.25822520985e-19, 4.52955624833e-19, 2.63287013633e-19, 9.50747372772e-20, 5.35380663818e-20],
        "max": [0.00511290924624, 0.00868643540889, 0.0120516847819, 0.028680710122, 0.0428982675076, 0.0119827641174, 0.00526209129021, 0.000371904752683, 0.000314504024573, 0.000389119901229, 0.000238043518038, 0.000304916320601, 5.02081602463e-05, 3.76399002562e-05, 1.4118458239e-05, 7.9367782746e-06, 6.58791077512e-06, 1.39481026054e-05, 9.02887495613e-06, 9.73949136096e-06, 4.23780284109e-06, 3.48450635101e-06, 3.31871706294e-06, 2.70546888714e-06, 2.08211099562e-06, 3.74008379822e-07, 1.24127069512e-07, 5.63170317491e-07, 1.49021175844e-07, 2.95610469436e-08, 5.80466057443e-08, 2.76200822213e-08, 3.11884917892e-08, 1.6821660509e-08, 1.52058063918e-08, 1.43360745497e-08, 7.49503126229e-09, 6.32368202247e-09, 2.76709877234e-09, 3.61075591648e-09],
        "mean": [0.000299650186207, 0.000592246185988, 0.000600534607656, 0.00166620698292, 0.00180037855171, 0.000722711614799, 0.000192127277842, 2.40446061071e-05, 2.99108833133e-05, 1.50966707224e-05, 1.36426533572e-05, 8.99727638171e-06, 1.66231200183e-06, 1.41946907206e-06, 6.76410650158e-07, 1.76205716684e-07, 1.73810079218e-07, 4.13900210106e-07, 4.52807341844e-07, 5.44281590464e-07, 3.19906519053e-07, 2.48782981771e-07, 2.46731161724e-07, 1.27890714907e-07, 8.55184865145e-08, 2.79797234271e-08, 1.23107462002e-08, 1.27120918236e-08, 6.37022257166e-09, 3.25420845826e-09, 3.48865225597e-09, 2.83963852432e-09, 2.18876605729e-09, 1.42623868271e-09, 8.54677217887e-10, 9.39991973148e-10, 8.85636508574e-10, 7.07428893243e-10, 4.22043955339e-10, 2.64186672538e-10],
        "median": [0.000133136607474, 0.000305961875711, 0.000215771680814, 0.000296792684821, 0.000245839444688, 0.000171796185896, 6.35836913716e-05, 1.73287662619e-05, 2.16768257815e-05, 9.26231496123e-06, 8.74616671354e-06, 4.4844337026e-06, 1.2080806755e-06, 8.10014341823e-07, 4.01293988261e-07, 1.04319070715e-07, 9.19389222531e-08, 1.37664741828e-07, 1.02028096194e-07, 1.7265872998e-07, 1.39288701462e-07, 1.13404659885e-07, 1.21208955761e-07, 6.18353368509e-08, 2.59710510875e-08, 1.32381625662e-08, 8.42971825676e-09, 5.54528556407e-09, 4.17655909857e-09, 2.59678811787e-09, 1.98910865556e-09, 2.00539163053e-09, 1.45678069607e-09, 6.96548096979e-10, 4.7202869391e-10, 5.75570757722e-10, 7.06942948625e-10, 5.86876269804e-10, 3.31890293026e-10, 1.92841798086e-10],
        "min": [1.1304466702e-23, 7.7785030025e-24, 1.90012658028e-23, 8.81761109724e-24, 1.49976484029e-23, 2.67429400451e-23, 7.66828414569e-24, 3.04949447372e-24, 3.19638885452e-24, 8.09278282056e-24, 2.04323462596e-23, 2.24046136963e-23, 8.22196983784e-24, 2.07253875755e-23, 1.45686863531e-23, 1.55579053064e-23, 7.16187488758e-24, 5.52526618828e-24, 5.48212654082e-24, 2.28067386982e-23, 1.34174779682e-23, 2.63591607924e-23, 1.75147268467e-23, 1.86438360821e-23, 1.76739047778e-23, 9.38634588889e-24, 1.23505349165e-23, 7.54636884823e-24, 7.70157092044e-24, 9.76169142962e-24, 1.42104598828e-23, 9.70684114202e-24, 9.74005770815e-24, 6.68600164625e-24, 9.083453278e-24, 9.52183038278e-24, 1.06755394567e-23, 9.39939995915e-24, 8.7900546081e-24, 7.51682285188e-24],
        "var": [2.06257013247e-07, 6.54435325487e-07, 9.80269760475e-07, 8.1524858615e-06, 1.17200615932e-05, 1.52470533976e-06, 1.76944467967e-07, 6.09965966625e-10, 8.32138247198e-10, 3.8576308814e-10, 2.45664377729e-10, 1.73423511662e-10, 2.86134657634e-12, 3.51948353274e-12, 7.72431760481e-13, 6.15271586934e-14, 9.5144432697e-14, 5.31978215819e-13, 6.37228551176e-13, 6.93631458694e-13, 1.73949477869e-13, 1.07907992708e-13, 1.01036908874e-13, 3.54263025978e-14, 2.00547823519e-14, 1.32462495715e-15, 1.53634531571e-16, 7.35142277202e-16, 7.94090145503e-17, 7.23906368613e-18, 1.68513250933e-17, 7.99670322459e-18, 5.54461025751e-18, 2.96809815936e-18, 1.66049518294e-18, 1.49400699009e-18, 5.23443303744e-19, 2.65589987856e-19, 1.19201844449e-19, 7.15181262342e-20]
    },
    "mfcc": {
        "mean": [-858.567687988, 224.740005493, 38.5357093811, 25.3305282593, 7.41645812988, -17.5864658356, -9.74131202698, 5.51888465881, 0.925716400146, -9.30201339722, -9.86962604523, -6.88485908508, -1.87517464161],
        "cov": [[2566.37060547, 1500.8951416, -255.967559814, 563.533630371, 630.177490234, -147.550537109, -336.995758057, -98.9872741699, -207.052505493, -295.636016846, -197.546432495, -178.944961548, -132.227355957], [1500.8951416, 1139.17382812, 52.7829971313, 274.698760986, 353.36151123, -63.9939155579, -151.993469238, -43.9752235413, -92.8098068237, -163.891830444, -113.729072571, -87.7899551392, -72.9020385742], [-255.967559814, 52.7829971313, 410.561981201, 56.5907592773, -200.778900146, 4.21917390823, 139.570877075, 57.4774513245, 34.1915206909, 57.8148536682, 29.587436676, 47.2218780518, 43.4736976624], [563.533630371, 274.698760986, 56.5907592773, 431.876159668, 256.054077148, -100.712379456, -100.619400024, 4.0106086731, -89.1659011841, -127.672241211, -71.1919250488, -62.4201469421, -37.2067222595], [630.177490234, 353.36151123, -200.778900146, 256.054077148, 529.155944824, 11.819439888, -228.735397339, -72.3790664673, -72.968170166, -150.918792725, -114.817184448, -100.766723633, -74.5311584473], [-147.550537109, -63.9939155579, 4.21917390823, -100.712379456, 11.819439888, 155.316802979, 45.3432540894, -36.6076164246, 36.0135917664, 46.7793197632, 6.48086166382, 5.22125864029, 9.18991756439], [-336.995758057, -151.993469238, 139.570877075, -100.619400024, -228.735397339, 45.3432540894, 210.681854248, 79.3739700317, 28.1508808136, 92.6495742798, 75.0498123169, 59.5464096069, 45.4414253235], [-98.9872741699, -43.9752235413, 57.4774513245, 4.0106086731, -72.3790664673, -36.6076164246, 79.3739700317, 127.314399719, 59.4784660339, 22.1084594727, 41.8429718018, 27.8428764343, 11.7840948105], [-207.052505493, -92.8098068237, 34.1915206909, -89.1659011841, -72.968170166, 36.0135917664, 28.1508808136, 59.4784660339, 145.323516846, 69.8538894653, 23.5709037781, 29.7156658173, 3.46966362], [-295.636016846, -163.891830444, 57.8148536682, -127.672241211, -150.918792725, 46.7793197632, 92.6495742798, 22.1084594727, 69.8538894653, 159.449890137, 63.5467376709, 37.4525756836, 42.0555000305], [-197.546432495, -113.729072571, 29.587436676, -71.1919250488, -114.817184448, 6.48086166382, 75.0498123169, 41.8429718018, 23.5709037781, 63.5467376709, 112.331108093, 46.8044776917, 10.1906423569], [-178.944961548, -87.7899551392, 47.2218780518, -62.4201469421, -100.766723633, 5.22125864029, 59.5464096069, 27.8428764343, 29.7156658173, 37.4525756836, 46.8044776917, 89.0416259766, 43.736076355], [-132.227355957, -72.9020385742, 43.4736976624, -37.2067222595, -74.5311584473, 9.18991756439, 45.4414253235, 11.7840948105, 3.46966362, 42.0555000305, 10.1906423569, 43.736076355, 98.6030960083]],
