{
"lowlevel": {
    "average_loudness": 0.763184428215,
    "barkbands_crest": {
        "dmean": 2.55524039268,
        "dmean2": 3.76849150658,
        "dvar": 5.49277210236,
        "dvar2": 11.3652429581,
        "max": 26.8196296692,
        "mean": 13.2791547775,
        "median": 12.3785591125,
        "min": 2.74332642555,
        "var": 30.6414241791
    },
    "barkbands_flatness_db": {
        "dmean": 0.0292853917927,
        "dmean2": 0.0399937517941,
        "dvar": 0.000918780686334,
        "dvar2": 0.00160644261632,
        "max": 0.598065257072,
        "mean": 0.190997794271,
        "median": 0.177792236209,
        "min": 0.0340055041015,
        "var": 0.00556158274412
    },
    "barkbands_kurtosis": {
        "dmean": 9.17965698242,
        "dmean2": 14.1633796692,
        "dvar": 3162.29296875,
        "dvar2": 8979.79785156,
        "max": 3946.57910156,
        "mean": 15.8569002151,
        "median": 3.79790496826,
        "min": -1.86388599873,
        "var": 3029.65185547
    },
    "barkbands_skewness": {
        "dmean": 0.768992185593,
        "dmean2": 1.12387275696,
        "dvar": 1.22403943539,
        "dvar2": 2.80332517624,
        "max": 52.4238166809,
        "mean": 2.39127969742,
        "median": 1.81764471531,
        "min": -2.16941165924,
        "var": 5.80230236053
    },
    "barkbands_spread": {
        "dmean": 4.6551194191,
        "dmean2": 7.15621232986,
        "dvar": 44.3133430481,
        "dvar2": 95.5340042114,
        "max": 104.805862427,
        "mean": 14.8011894226,
        "median": 12.3715705872,
        "min": 0.0525559671223,
        "var": 131.0262146
    },
    "dissonance": {
        "dmean": 0.0257656462491,
        "dmean2": 0.0428335703909,
        "dvar": 0.000520871195477,
        "dvar2": 0.00137595250271,
        "max": 0.5,
        "mean": 0.445750772953,
        "median": 0.452828168869,
        "min": 0.27578496933,
        "var": 0.00127355114091
    },
    "dynamic_complexity": 3.87864351273,
    "erbbands_crest": {
        "dmean": 2.46713995934,
        "dmean2": 3.95289039612,
        "dvar": 5.34798336029,
        "dvar2": 13.1152944565,
        "max": 28.7735137939,
        "mean": 9.02799224854,
        "median": 8.23455238342,
        "min": 2.32159495354,
        "var": 15.3866348267
    },
    "erbbands_flatness_db": {
        "dmean": 0.0259309429675,
        "dmean2": 0.034481253475,
        "dvar": 0.000607281632256,
        "dvar2": 0.00105726555921,
        "max": 0.363804757595,
        "mean": 0.176020950079,
        "median": 0.181138932705,
        "min": 0.0429266840219,
        "var": 0.00285455328412
    },
    "erbbands_kurtosis": {
        "dmean": 0.94698625803,
        "dmean2": 1.47469615936,
        "dvar": 2.18464446068,
        "dvar2": 4.72597026825,
        "max": 47.0406646729,
        "mean": 0.34733119607,
        "median": -0.141333341599,
        "min": -1.86748087406,
        "var": 4.24371671677
    },
    "erbbands_skewness": {
        "dmean": 0.389803826809,
        "dmean2": 0.600519061089,
        "dvar": 0.160673007369,
        "dvar2": 0.36333745718,
        "max": 5.30523824692,
        "mean": 0.298269838095,
        "median": 0.272224098444,
        "min": -2.74638962746,
        "var": 0.610828638077
    },
    "erbbands_spread": {
        "dmean": 10.0567579269,
        "dmean2": 14.6358098984,
        "dvar": 169.73739624,
        "dvar2": 318.231506348,
        "max": 180.72013855,
        "mean": 34.771572113,
        "median": 29.2749881744,
        "min": 4.07520389557,
        "var": 428.437011719
    },
    "hfc": {
        "dmean": 4.40375232697,
        "dmean2": 6.16567707062,
        "dvar": 62.883026123,
        "dvar2": 109.36517334,
        "max": 232.50177002,
        "mean": 13.4196643829,
        "median": 6.15773010254,
        "min": 1.05227941976e-16,
        "var": 359.395111084
    },
    "melbands_crest": {
        "dmean": 2.99949121475,
        "dmean2": 4.56499052048,
        "dvar": 7.79901599884,
        "dvar2": 17.1422233582,
        "max": 39.5953674316,
        "mean": 17.5452423096,
        "median": 17.1359043121,
        "min": 1.39718103409,
        "var": 44.875125885
    },
    "melbands_flatness_db": {
        "dmean": 0.0356368608773,
        "dmean2": 0.0487529709935,
        "dvar": 0.00146579148713,
        "dvar2": 0.00262539158575,
        "max": 0.733447790146,
        "mean": 0.279017567635,
        "median": 0.26628729701,
        "min": 0.0022330689244,
        "var": 0.0108983879909
    },
    "melbands_kurtosis": {
        "dmean": 15.2933111191,
        "dmean2": 22.882183075,
        "dvar": 1923.93054199,
        "dvar2": 4352.52050781,
        "max": 2085.44873047,
        "mean": 29.094909668,
        "median": 9.51136302948,
        "min": -1.61963200569,
        "var": 3542.27783203
    },
    "melbands_skewness": {
        "dmean": 0.993196904659,
        "dmean2": 1.43285739422,
        "dvar": 1.60383284092,
        "dvar2": 3.24483966827,
        "max": 33.6315879822,
        "mean": 3.38415360451,
        "median": 2.65499734879,
        "min": -0.683673858643,
        "var": 7.2311630249
    },
    "melbands_spread": {
        "dmean": 5.53723955154,
        "dmean2": 8.43322658539,
        "dvar": 108.930374146,
        "dvar2": 221.490814209,
        "max": 218.499816895,
        "mean": 18.105928421,
        "median": 11.8877286911,
        "min": 0.0485176481307,
        "var": 506.431671143
    },
    "pitch_salience": {
        "dmean": 0.0740057229996,
        "dmean2": 0.111232966185,
        "dvar": 0.00468253251165,
        "dvar2": 0.00997723918408,
        "max": 0.901796579361,
        "mean": 0.469183593988,
        "median": 0.46852517128,
        "min": 0.0243218354881,
        "var": 0.0265858862549
    },
    "silence_rate_20dB": {
        "dmean": 0,
        "dmean2": 0,
        "dvar": 0,
        "dvar2": 0,
        "max": 1,
        "mean": 1,
        "median": 1,
        "min": 1,
        "var": 0
    },
    "silence_rate_30dB": {
        "dmean": 0.00731435837224,
        "dmean2": 0.0146298799664,
        "dvar": 0.00726077659056,
        "dvar2": 0.0172778200358,
        "max": 1,
        "mean": 0.98990380764,
        "median": 1,
        "min": 0,
        "var": 0.00999388191849
    },
    "silence_rate_60dB": {
        "dmean": 0.0415010340512,
        "dmean2": 0.0830086693168,
        "dvar": 0.0397725403309,
        "dvar2": 0.084071598947,
        "max": 1,
        "mean": 0.116225458682,
        "median": 0,
        "min": 0,
        "var": 0.102708570659
    },
    "spectral_centroid": {
        "dmean": 236.444381714,
        "dmean2": 373.987640381,
        "dvar": 120570.59375,
        "dvar2": 273328.21875,
        "max": 11955.7197266,
        "mean": 1169.83886719,
        "median": 858.787231445,
        "min": 93.1210861206,
        "var": 2152516
    },
    "spectral_complexity": {
        "dmean": 2.20400691032,
        "dmean2": 3.39285993576,
        "dvar": 4.99803447723,
        "dvar2": 10.3994970322,
        "max": 44,
        "mean": 11.3322200775,
        "median": 11,
        "min": 0,
        "var": 39.6356430054
    },
    "spectral_decrease": {
        "dmean": 2.08533990076e-09,
        "dmean2": 2.90038260076e-09,
        "dvar": 7.02013131187e-18,
        "dvar2": 1.26010701011e-17,
        "max": 4.66735335852e-20,
        "mean": -7.01286184679e-09,
        "median": -6.00100324988e-09,
        "min": -5.62716806485e-08,
        "var": 3.49750690356e-17
    },
    "spectral_energy": {
        "dmean": 0.00818452890962,
        "dmean2": 0.0113666262478,
        "dvar": 0.000108468710096,
        "dvar2": 0.000193872823729,
        "max": 0.222166180611,
        "mean": 0.027685360983,
        "median": 0.0234376452863,
        "min": 9.74995283856e-21,
        "var": 0.000553020392545
    },
    "spectral_energyband_high": {
        "dmean": 0.000132845700136,
        "dmean2": 0.000192883904674,
        "dvar": 5.14542364272e-08,
        "dvar2": 1.02426902515e-07,
        "max": 0.00789762008935,
        "mean": 0.000192837105715,
        "median": 4.78087677038e-05,
        "min": 6.87429498194e-21,
        "var": 1.4390732872e-07
    },
    "spectral_energyband_low": {
        "dmean": 0.0054401177913,
        "dmean2": 0.00752140441909,
        "dvar": 6.6772212449e-05,
        "dvar2": 0.000119091455417,
        "max": 0.0935287997127,
        "mean": 0.0156635660678,
        "median": 0.0134477866814,
        "min": 4.77298989083e-24,
        "var": 0.000268031028099
    },
    "spectral_energyband_middle_high": {
        "dmean": 0.00175871991087,
        "dmean2": 0.00257193646394,
        "dvar": 1.36723319883e-05,
        "dvar2": 2.57887004409e-05,
        "max": 0.0907227471471,
        "mean": 0.00486105820164,
        "median": 0.00123782479204,
        "min": 1.12213179227e-21,
        "var": 7.10180174792e-05
    },
    "spectral_energyband_middle_low": {
        "dmean": 0.00319489487447,
        "dmean2": 0.00481056096032,
        "dvar": 2.98940922221e-05,
        "dvar2": 6.76842901157e-05,
        "max": 0.147521808743,
        "mean": 0.00743359001353,
        "median": 0.00472149066627,
        "min": 1.43764636697e-22,
        "var": 0.000100127021142
    },
    "spectral_entropy": {
        "dmean": 0.288536816835,
        "dmean2": 0.403879135847,
        "dvar": 0.0897693485022,
        "dvar2": 0.191169440746,
        "max": 9.82492542267,
        "mean": 7.10090732574,
        "median": 7.04476261139,
        "min": 4.93582439423,
        "var": 0.399680823088
    },
    "spectral_flux": {
        "dmean": 0.023064956069,
        "dmean2": 0.036475546658,
        "dvar": 0.000671770831104,
        "dvar2": 0.00156026531477,
        "max": 0.315451711416,
        "mean": 0.0634548217058,
        "median": 0.0553297623992,
        "min": 6.30200960861e-11,
        "var": 0.0015696802875
    },
    "spectral_kurtosis": {
        "dmean": 4.11678791046,
        "dmean2": 6.24954652786,
        "dvar": 20.1373844147,
        "dvar2": 44.325466156,
        "max": 54.8637199402,
        "mean": 9.38283920288,
        "median": 7.61383342743,
        "min": -1.27676641941,
        "var": 55.5085792542
    },
    "spectral_rms": {
        "dmean": 0.000769388629124,
        "dmean2": 0.00103020737879,
        "dvar": 6.8608261472e-07,
        "dvar2": 1.13101202714e-06,
        "max": 0.0147223463282,
        "mean": 0.00466908048838,
        "median": 0.00478184036911,
        "min": 3.08417722784e-12,
        "var": 5.20969115314e-06
    },
    "spectral_rolloff": {
        "dmean": 325.625976562,
        "dmean2": 535.644104004,
        "dvar": 626192.8125,
        "dvar2": 1261528.5,
        "max": 19961.2792969,
        "mean": 1262.58691406,
        "median": 602.9296875,
        "min": 21.533203125,
        "var": 7026777
    },
    "spectral_skewness": {
        "dmean": 0.447608709335,
        "dmean2": 0.665642440319,
        "dvar": 0.205411598086,
        "dvar2": 0.445725262165,
        "max": 6.09704780579,
        "mean": 2.13051772118,
        "median": 2.01916623116,
        "min": -0.084127984941,
        "var": 0.70046120882
    },
    "spectral_spread": {
        "dmean": 874903.125,
        "dmean2": 1157795.625,
        "dvar": 1.31105384038e+12,
        "dvar2": 2.37795121562e+12,
        "max": 48529972,
        "mean": 4514654.5,
        "median": 3225906.75,
        "min": 1232778.875,
        "var": 2.79206973932e+13
    },
    "spectral_strongpeak": {
        "dmean": 0.383970558643,
        "dmean2": 0.650581359863,
        "dvar": 0.864708304405,
        "dvar2": 2.19316744804,
        "max": 16.7129592896,
        "mean": 0.722956299782,
        "median": 0.353458583355,
        "min": 0,
        "var": 1.50212395191
    },
    "zerocrossingrate": {
        "dmean": 0.00884966086596,
        "dmean2": 0.010440569371,
        "dvar": 0.000187040568562,
        "dvar2": 0.000244056122028,
        "max": 0.5234375,
        "mean": 0.0460282042623,
        "median": 0.03369140625,
        "min": 0,
        "var": 0.00473763979971
    },
    "barkbands": {
        "dmean": [0.000290991069051, 0.00432470347732, 0.00138957216404, 0.000719242263585, 0.000996016198769, 0.000668882334139, 0.000606310321018, 0.000770848419052, 0.000555144855753, 0.00046042870963, 0.000272835255601, 0.000355914438842, 0.000368657987565, 0.000223406779696, 0.000227476615692, 0.000333487289026, 0.000322622683598, 0.00019527002587, 5.43951573491e-05, 3.64906081813e-05, 4.21104195993e-05, 2.71897933999e-05, 1.5636875105e-05, 1.92710431293e-05, 1.27159519252e-05, 4.68749567517e-06, 6.11903317349e-07],
        "dmean2": [0.000421008793637, 0.00571262929589, 0.00217766594142, 0.00124148617033, 0.0016450099647, 0.00100395770278, 0.000899012724403, 0.00116642168723, 0.000796848093159, 0.000689558160957, 0.000417110219132, 0.000544538081158, 0.000564209301956, 0.000340329366736, 0.000358147255611, 0.000511623511557, 0.000488309888169, 0.000307438254822, 8.3083366917e-05, 5.51994125999e-05, 6.39712598058e-05, 4.20124270022e-05, 2.26146530622e-05, 2.94092533295e-05, 1.77840338438e-05, 6.94366690368e-06, 9.52271591359e-07],
        "dvar": [5.81647498166e-07, 4.3617481424e-05, 8.55101370689e-06, 1.8051614461e-06, 2.7371181659e-06, 1.56490875725e-06, 1.80751669632e-06, 1.18002863019e-05, 1.02780077214e-05, 1.96745895664e-06, 6.82164738919e-07, 1.32112131723e-06, 1.18677155569e-06, 4.14589180764e-07, 4.67288401751e-07, 1.08814481337e-06, 7.91711556758e-07, 4.69303756745e-07, 2.55857912634e-08, 8.03485988854e-09, 1.6812267134e-08, 1.58154611629e-09, 5.62025315176e-10, 8.33455915394e-10, 3.81108367087e-10, 7.91440871173e-11, 2.93563402753e-11],
        "dvar2": [1.12997201995e-06, 7.76000888436e-05, 2.02444261959e-05, 4.89716148877e-06, 7.26869666323e-06, 3.70156976714e-06, 4.06334311265e-06, 3.00747142319e-05, 2.01480706892e-05, 4.56464431409e-06, 1.43228362504e-06, 3.06859510601e-06, 2.53723874266e-06, 8.73243777733e-07, 1.09188692932e-06, 2.50187235906e-06, 1.65825849763e-06, 1.09771087864e-06, 4.85724314103e-08, 1.66490536913e-08, 3.6093865674e-08, 3.40451000724e-09, 1.15003839785e-09, 1.99592564698e-09, 7.24815263364e-10, 1.91599819344e-10, 7.88272919161e-11],
        "max": [0.0430915951729, 0.0831870734692, 0.0357211232185, 0.0230743922293, 0.028541084379, 0.0270390156657, 0.0338972583413, 0.122896611691, 0.120371110737, 0.0465029552579, 0.0218931883574, 0.0402495339513, 0.0455542355776, 0.0185420922935, 0.0217533428222, 0.0311358775944, 0.030035244301, 0.0310626421124, 0.00704184174538, 0.00265821628273, 0.00432538986206, 0.000845720293, 0.000680706696585, 0.000393102294765, 0.000348041736288, 0.000431170250522, 0.000463589996798],
        "mean": [0.000677105505019, 0.0123651567847, 0.00223349407315, 0.00085316359764, 0.00146702874918, 0.00130989099853, 0.00123638741206, 0.00140885182191, 0.000985773745924, 0.000820786575787, 0.000478338391986, 0.000595883466303, 0.000631633389276, 0.00036935947719, 0.000384956219932, 0.000580805528443, 0.000631921982858, 0.000341767881764, 9.68332751654e-05, 6.2218401581e-05, 6.0402238887e-05, 3.1545132515e-05, 1.99399873964e-05, 1.97352837858e-05, 1.56494515977e-05, 5.14376097271e-06, 1.55239217747e-06],
        "median": [6.41474907752e-05, 0.00946902483702, 0.000705072365236, 0.000305670138914, 0.000750806299038, 0.000470205763122, 0.000303287117276, 0.000121207296615, 7.47617450543e-05, 0.000119410491607, 8.29522614367e-05, 7.89416735643e-05, 9.00401646504e-05, 6.4775289502e-05, 7.05342099536e-05, 7.98530527391e-05, 8.50533833727e-05, 4.45152254542e-05, 2.08914098039e-05, 1.4384955648e-05, 9.18184105103e-06, 6.1105365603e-06, 4.53921256849e-06, 4.29375086242e-06, 3.40193400916e-06, 1.06187621896e-06, 9.20497996049e-07],
        "min": [4.66064322964e-26, 1.43309708107e-24, 6.00519624542e-25, 1.79920782161e-25, 6.44531466204e-24, 4.59319310775e-24, 7.0362251226e-24, 4.12377669293e-24, 1.2825335307e-23, 1.16212827078e-23, 9.82440744931e-24, 1.31679320761e-23, 1.60015007261e-23, 3.03571031269e-23, 4.67714873399e-23, 4.93076246631e-23, 7.59836125054e-23, 9.95067820559e-23, 1.17551697584e-22, 1.74545042585e-22, 2.35834448346e-22, 3.18156539292e-22, 3.7125546102e-22, 5.31302439236e-22, 8.58826733332e-22, 1.20089469427e-21, 1.98829581554e-21],
        "var": [3.3274479847e-06, 0.00018954614643, 1.3008415408e-05, 1.97310259864e-06, 4.16080001742e-06, 5.05540765516e-06, 6.78300148138e-06, 3.00100746244e-05, 3.13780910801e-05, 5.54763118998e-06, 1.99942587642e-06, 3.16125669997e-06, 4.15203976445e-06, 1.01815226117e-06, 1.19175547297e-06, 2.91563037536e-06, 2.64031905317e-06, 1.33602748065e-06, 8.06492082006e-08, 2.37186377205e-08, 4.18799146473e-08, 2.70336708574e-09, 1.2955494455e-09, 1.05554132102e-09, 6.45315301195e-10, 9.00814492444e-11, 2.19533020235e-11]
    },
    "erbbands": {
        "dmean": [0.134902656078, 0.934585928917, 1.67625832558, 1.89572799206, 3.08060956001, 3.34918045998, 4.25144863129, 6.05416679382, 8.32245349884, 9.6635427475, 18.8224639893, 13.7038106918, 9.7329158783, 13.2153558731, 11.9240312576, 17.0963230133, 16.7807025909, 11.0771160126, 11.9836025238, 13.8312397003, 14.6933488846, 15.5434131622, 11.7670135498, 4.41279315948, 1.86061692238, 1.91364121437, 1.84863388538, 1.46230816841, 0.931842386723, 0.814768254757, 0.415476679802, 0.493919789791, 0.242135718465, 0.141245499253, 0.0934314802289, 0.0327220782638, 0.00649535330012, 0.000907544337679, 0.000123854362755, 1.42413327922e-05],
        "dmean2": [0.187218993902, 1.22534370422, 2.47631621361, 3.07258319855, 5.32426548004, 5.44222831726, 6.54709625244, 9.05159854889, 12.2779874802, 14.5331869125, 28.0870685577, 19.5036239624, 14.4516649246, 19.8415222168, 18.2934360504, 26.0729408264, 25.3992538452, 16.8890724182, 18.6749267578, 21.0076656342, 22.2655658722, 23.416601181, 18.3161220551, 6.66994047165, 2.86026883125, 2.88855838776, 2.81325411797, 2.24865341187, 1.43900775909, 1.23566973209, 0.599458575249, 0.757206082344, 0.352733999491, 0.197433561087, 0.133091196418, 0.049268424511, 0.00935681536794, 0.00129963445943, 0.000197989997105, 2.04086645681e-05],
        "dvar": [0.0456990487874, 2.55361771584, 11.9268388748, 12.1426448822, 34.1846199036, 35.015625, 85.9903411865, 140.820465088, 277.052520752, 562.24017334, 8627.50683594, 5017.24169922, 750.555236816, 1650.28356934, 1188.27331543, 2851.18115234, 2211.55053711, 953.340026855, 1443.40454102, 1863.37731934, 1574.8293457, 1576.94946289, 1367.12145996, 255.674331665, 23.5290641785, 20.4289741516, 60.3976287842, 6.54229593277, 1.94886815548, 1.40329778194, 0.413173288107, 0.553645849228, 0.130175098777, 0.0427777357399, 0.0236964840442, 0.00337833631784, 0.000164094919455, 9.35623938858e-06, 9.82308620223e-07, 5.6439004581e-09],
        "dvar2": [0.0912410244346, 4.2380771637, 25.5281867981, 29.3034515381, 94.7565612793, 89.6862945557, 206.558776855, 318.691253662, 624.476928711, 1344.29699707, 21655.1679688, 9652.57421875, 1687.0892334, 3677.93994141, 2569.2409668, 6628.59326172, 4746.08642578, 2089.65795898, 3309.24804688, 4145.97998047, 3405.76928711, 3327.46069336, 3262.52392578, 534.008911133, 47.9451980591, 41.6679725647, 130.902587891, 14.5837478638, 4.41644239426, 2.88499093056, 0.859719455242, 1.30175065994, 0.303609967232, 0.0777742415667, 0.0531215853989, 0.0082444800064, 0.000380921846954, 2.33685095736e-05, 2.64377626991e-06, 1.50395962351e-08],
        "max": [3.73366427422, 22.2200298309, 41.1488380432, 46.0726356506, 94.0605239868, 115.859519958, 185.833618164, 311.858642578, 476.039001465, 522.049621582, 3287.94580078, 2647.78344727, 1130.64135742, 1080.24475098, 889.636779785, 1979.01953125, 1810.39770508, 1029.97021484, 1339.36975098, 1373.11853027, 1224.10119629, 1001.41119385, 1436.59924316, 757.027038574, 159.546188354, 152.887542725, 214.604568481, 76.5503845215, 29.8736820221, 26.2742881775, 17.9836845398, 7.05876159668, 8.59457969666, 3.98721146584, 2.45705342293, 1.73347496986, 0.72900301218, 0.238291010261, 0.084804020822, 0.00637715449557],
        "mean": [0.389580130577, 2.57108855247, 3.24844288826, 2.75170087814, 3.69209742546, 4.90735626221, 7.77643728256, 11.9514532089, 17.2247600555, 19.2881259918, 34.2250595093, 26.1789779663, 17.341173172, 24.3543205261, 21.6549186707, 30.3096427917, 30.2056999207, 19.9487724304, 21.8849105835, 27.024394989, 29.1417942047, 32.5154876709, 22.3561401367, 8.46538639069, 3.2958548069, 3.21136951447, 3.04731845856, 1.80447924137, 1.06864511967, 0.970825374126, 0.532455205917, 0.49254873395, 0.27362421155, 0.178091108799, 0.102806024253, 0.0337811820209, 0.00780441565439, 0.00119707291014, 0.000376318494091, 4.8015936045e-05],
        "median": [0.174942374229, 1.84570860863, 1.45920038223, 1.143892169, 1.54849135876, 2.32657837868, 2.63986301422, 4.66163873672, 5.39035654068, 4.43585920334, 2.88229894638, 2.50632762909, 3.80230879784, 3.98243069649, 4.98553133011, 5.12721014023, 5.33812046051, 5.02699708939, 4.6836771965, 4.59438276291, 4.73734951019, 4.7992348671, 3.17534685135, 1.4553374052, 0.88116890192, 0.781950056553, 0.392436742783, 0.346998184919, 0.228760868311, 0.171306669712, 0.123845510185, 0.0978441908956, 0.0702112987638, 0.0425024405122, 0.0199399571866, 0.00648295879364, 0.00162249570712, 0.000172395812115, 0.000279371801298, 3.68825785699e-05],
        "min": [2.79512382936e-23, 3.12371752854e-22, 1.05552103376e-21, 4.52835825816e-21, 9.73433657333e-21, 1.60872573533e-20, 2.42432242658e-20, 4.84303101099e-20, 1.07906441153e-19, 1.07729114309e-19, 1.04988632628e-19, 3.79915240702e-19, 4.08547839112e-19, 6.74017213695e-19, 8.30147037326e-19, 6.14247727571e-19, 8.17412643495e-19, 1.59936281336e-18, 2.34058260986e-18, 2.72758877881e-18, 3.13516734319e-18, 5.00695692142e-18, 4.950766956e-18, 5.68267621432e-18, 6.49593454998e-18, 8.95979374769e-18, 7.9111107107e-18, 1.00263769731e-17, 1.09132287407e-17, 1.26365412601e-17, 9.69417710322e-18, 8.28972616632e-18, 9.0921467816e-18, 8.27763195858e-18, 6.01257693571e-18, 3.9719455256e-18, 2.14777797601e-18, 8.61330660745e-19, 2.43948952628e-19, 2.71191034579e-20],
        "var": [0.285210698843, 9.37358951569, 25.0217342377, 18.2037010193, 35.8088874817, 56.2788772583, 215.603149414, 476.00088501, 989.453613281, 1765.59960938, 21715.5136719, 18198.9082031, 1697.18249512, 4709.13037109, 3251.60961914, 7110, 7005.55419922, 2317.32348633, 4041.45288086, 6282.27539062, 5014.95458984, 5990.26953125, 4052.82177734, 783.922241211, 65.3783721924, 57.6545181274, 153.110671997, 13.890707016, 3.25694847107, 2.65467119217, 0.905959129333, 0.698124825954, 0.191490218043, 0.0794022679329, 0.0320626460016, 0.00377413583919, 0.000209884208743, 9.54713505052e-06, 7.19980334907e-07, 5.26285637292e-09]
    },
    "gfcc": {
        "mean": [-74.3933410645, 113.718963623, -105.139381409, 17.4353275299, -34.2295722961, 11.0620517731, -30.7821311951, 7.66869306564, -9.87511444092, 0.45882537961, -2.38081097603, 3.25551271439, -2.33791971207],
        "cov": [[27935.328125, 1286.74841309, -3374.91235352, 996.79901123, -855.603515625, 614.157836914, -863.401184082, 548.138427734, -323.814575195, 321.947814941, -337.372589111, 253.575317383, -229.625350952], [1286.74841309, 2019.64562988, -9.6577129364, -202.835388184, 538.563171387, -185.445541382, 123.173538208, -60.7229385376, 116.695304871, -281.427368164, 203.059951782, -209.512893677, 126.528190613], [-3374.91235352, -9.6577129364, 1930.25134277, 470.235137939, 94.8927459717, 390.031799316, 203.409881592, -114.140396118, -44.6447410583, -41.7696342468, -129.29864502, -79.6328353882, -73.7765350342], [996.79901123, -202.835388184, 470.235137939, 649.558288574, 53.6995544434, 280.050933838, 85.6216278076, 38.3593902588, -35.6237030029, 82.3644332886, -99.2506637573, 14.6148300171, -61.2302474976], [-855.603515625, 538.563171387, 94.8927459717, 53.6995544434, 506.276641846, -0.556878566742, 132.865951538, 9.53001403809, 110.0753479, -72.5125808716, 100.220481873, -59.6768531799, 38.80859375], [614.157836914, -185.445541382, 390.031799316, 280.050933838, -0.556878566742, 329.186462402, 68.0305557251, 42.5887260437, -19.5131015778, 76.3920059204, -85.9833602905, 35.3411712646, -45.1526985168], [-863.401184082, 123.173538208, 203.409881592, 85.6216278076, 132.865951538, 68.0305557251, 293.08026123, 17.30975914, 78.2715301514, 24.9449214935, 53.8907470703, -3.27683186531, 67.2789077759], [548.138427734, -60.7229385376, -114.140396118, 38.3593902588, 9.53001403809, 42.5887260437, 17.30975914, 139.908843994, 52.7836112976, 35.0707015991, 3.05557966232, 16.7619400024, -20.0905342102], [-323.814575195, 116.695304871, -44.6447410583, -35.6237030029, 110.0753479, -19.5131015778, 78.2715301514, 52.7836112976, 180.550338745, 47.4252967834, 67.2636184692, 17.8682804108, 33.5313529968], [321.947814941, -281.427368164, -41.7696342468, 82.3644332886, -72.5125808716, 76.3920059204, 24.9449214935, 35.0707015991, 47.4252967834, 154.218673706, 8.36253261566, 57.019657135, -1.42220699787], [-337.372589111, 203.059951782, -129.29864502, -99.2506637573, 100.220481873, -85.9833602905, 53.8907470703, 3.05557966232, 67.2636184692, 8.36253261566, 148.743347168, 9.84521579742, 43.5677528381], [253.575317383, -209.512893677, -79.6328353882, 14.6148300171, -59.6768531799, 35.3411712646, -3.27683186531, 16.7619400024, 17.8682804108, 57.019657135, 9.84521579742, 110.368003845, 23.1053371429], [-229.625350952, 126.528190613, -73.7765350342, -61.2302474976, 38.80859375, -45.1526985168, 67.2789077759, -20.0905342102, 33.5313529968, -1.42220699787, 43.5677528381, 23.1053371429, 113.469612122]],
        "icov": [[0.000312744319672, -0.000930331880227, 0.000842815323267, -0.000823787297122, 0.000905353401322, -0.00100651860703, 0.00054113130318, -0.00036355946213, 0.000352999719325, -0.000606875517406, 0.000558457628358, -0.000784883857705, 0.000511835503858], [-0.000930331880227, 0.00406846636906, -0.00233856984414, 0.00231591658667, -0.00301278475672, 0.00211345101707, -0.00121952814516, 0.00145881134085, -0.00200206344016, 0.00402556266636, -0.00327011896297, 0.00443434575573, -0.00284263212234], [0.000842815323267, -0.00233856984414, 0.0033346102573, -0.00262625515461, 0.0027073440142, -0.00408634077758, 0.00096613453934, 0.00048191161477, 8.98738726391e-05, -0.000315377255902, 0.00124526245054, -0.00122647092212, 0.00176578538958], [-0.000823787297122, 0.00231591658667, -0.00262625515461, 0.00515968119726, -0.00335777411237, 0.00183481827844, -0.00195580301806, 0.000266671617283, 0.00047204218572, -0.000450916704722, 2.96729358524e-05, 0.00147713557817, -0.00054473883938], [0.000905353401322, -0.00301278475672, 0.0027073440142, -0.00335777411237, 0.00668755266815, -0.00414791842923, 0.00110020639841, -0.000450870109489, -0.00146883330308, 0.00110601633787, -0.000760029710364, -0.000913912837859, 0.00139584764838], [-0.00100651860703, 0.00211345101707, -0.00408634077758, 0.00183481827844, -0.00414791842923, 0.0121377184987, -0.00326947006397, -0.00160486181267, 0.00175718998071, -0.00320439669304, 0.00287817744538, -0.00185158336535, 0.00055516109569], [0.00054113130318, -0.00121952814516, 0.00096613453934, -0.00195580301806, 0.00110020639841, -0.00326947006397, 0.00711381994188, -0.00136115553323, -0.000815613660961, -0.000775177264586, -0.00136461632792, 0.000849991163705, -0.00352634675801], [-0.00036355946213, 0.00145881134085, 0.00048191161477, 0.000266671617283, -0.000450870109489, -0.00160486181267, -0.00136115553323, 0.0115434061736, -0.00486797001213, 0.00261679734103, -0.00124934932683, 0.00150009733625, 0.00210686633363], [0.000352999719325, -0.00200206344016, 8.98738726391e-05, 0.00047204218572, -0.00146883330308, 0.00175718998071, -0.000815613660961, -0.00486797001213, 0.0121385361999, -0.00738816708326, 0.00130666256882, -0.00365090952255, 0.000645334075671], [-0.000606875517406, 0.00402556266636, -0.000315377255902, -0.000450916704722, 0.00110601633787, -0.00320439669304, -0.000775177264586, 0.00261679734103, -0.00738816708326, 0.0184673499316, -0.00700919888914, 0.00284860399552, -0.00236984831281], [0.000558457628358, -0.00327011896297, 0.00124526245054, 2.96729358524e-05, -0.000760029710364, 0.00287817744538, -0.00136461632792, -0.00124934932683, 0.00130666256882, -0.00700919888914, 0.0157857649028, -0.00626724539325, 0.00233651162125], [-0.000784883857705, 0.00443434575573, -0.00122647092212, 0.00147713557817, -0.000913912837859, -0.00185158336535, 0.000849991163705, 0.00150009733625, -0.00365090952255, 0.00284860399552, -0.00626724539325, 0.0193708632141, -0.00761942053214], [0.000511835503858, -0.00284263212234, 0.00176578538958, -0.00054473883938, 0.00139584764838, 0.00055516109569, -0.00352634675801, 0.00210686633363, 0.000645334075671, -0.00236984831281, 0.00233651162125, -0.00761942053214, 0.0165140144527]]
    },
    "melbands": {
        "dmean": [0.00119063130114, 0.000969242304564, 0.000362074730219, 0.000225974625209, 0.0001479985076, 0.000134040150442, 0.000126706785522, 0.000115772294521, 0.000156407317263, 7.60472976253e-05, 5.00220339745e-05, 5.74741352466e-05, 3.8252757804e-05, 3.79355587938e-05, 4.90306592837e-05, 3.1230818422e-05, 2.09436784644e-05, 2.08098135772e-05, 1.31584411065e-05, 2.73831956292e-05, 1.77412839548e-05, 1.7387463231e-05, 1.78694226634e-05, 6.30119575362e-06, 3.65546907233e-06, 1.7168439399e-06, 1.05395724859e-06, 1.407860168e-06, 1.20468564546e-06, 8.56014139572e-07, 8.73318469985e-07, 4.40937441226e-07, 6.74461261951e-07, 3.82012274258e-07, 2.20822570896e-07, 2.71616556802e-07, 3.28731630361e-07, 1.98265183826e-07, 1.39373554475e-07, 1.13457190309e-07],
        "dmean2": [0.00159006810281, 0.00137006037403, 0.000593123550061, 0.000379288569093, 0.000228604083532, 0.000200259761186, 0.000186668112292, 0.000175316614332, 0.000228583565331, 0.000108418913442, 7.45080396882e-05, 8.65156034706e-05, 5.85334382777e-05, 5.82720458624e-05, 7.46130463085e-05, 4.74816006317e-05, 3.19872415275e-05, 3.2422489312e-05, 2.02887586056e-05, 4.18016752519e-05, 2.70623822871e-05, 2.62713147094e-05, 2.79095838778e-05, 9.8341215562e-06, 5.59863838134e-06, 2.67330142378e-06, 1.64970708738e-06, 2.13817679651e-06, 1.85757494364e-06, 1.26589816318e-06, 1.38301970765e-06, 6.83090433995e-07, 1.05622621049e-06, 5.83204950999e-07, 3.27629209096e-07, 4.02404879196e-07, 5.20602156939e-07, 3.06485219426e-07, 1.89650023685e-07, 1.68848657722e-07],
        "dvar": [3.01664908875e-06, 3.4945162497e-06, 4.06004886599e-07, 1.63218487614e-07, 8.44359178132e-08, 6.27531733244e-08, 6.65167121383e-08, 9.57882733132e-08, 5.5904661167e-07, 1.47893274516e-07, 2.139350741e-08, 3.54087639209e-08, 1.44838514515e-08, 1.5378395446e-08, 2.04023606898e-08, 6.97441704389e-09, 3.60014795753e-09, 4.62416904767e-09, 1.44131429014e-09, 9.58976986709e-09, 2.98867419701e-09, 2.2690647139e-09, 3.00224911598e-09, 3.80792036792e-10, 1.8623395881e-10, 2.53685388668e-11, 6.83038218e-12, 1.29596420401e-11, 2.80566004457e-11, 6.20314260028e-12, 2.11617290531e-12, 5.09240490488e-13, 1.08634965173e-12, 3.31562197402e-13, 1.352913956e-13, 1.73084528481e-13, 2.82457651019e-13, 1.01983024347e-13, 3.98424782749e-14, 3.06625689737e-14],
        "dvar2": [5.86067881159e-06, 6.20249238636e-06, 1.02224339571e-06, 4.42485486474e-07, 2.04042706287e-07, 1.44368314636e-07, 1.4783947222e-07, 2.35850208696e-07, 1.31675426474e-06, 2.85111212861e-07, 4.85592508426e-08, 8.00794381917e-08, 3.11053369728e-08, 3.56704603632e-08, 4.41780834137e-08, 1.50048347081e-08, 7.75748532078e-09, 1.04893702613e-08, 3.11108849793e-09, 2.23620215678e-08, 6.4091802976e-09, 4.76923034398e-09, 7.19553927553e-09, 8.74573802268e-10, 4.01148697593e-10, 5.30640219265e-11, 1.4918599342e-11, 2.7109346018e-11, 6.06739936071e-11, 1.32076103526e-11, 5.10204205273e-12, 1.16984080843e-12, 2.45798780635e-12, 6.78615204395e-13, 2.81281779552e-13, 3.95834000343e-13, 6.82197137322e-13, 2.54786046861e-13, 8.79424029258e-14, 6.00232483074e-14],
        "max": [0.0267854537815, 0.0239862222224, 0.00769861601293, 0.00498550850898, 0.00661286711693, 0.00626791361719, 0.00673315813765, 0.00951263308525, 0.0249776672572, 0.0142089277506, 0.00547379767522, 0.00532036926597, 0.00299822795205, 0.00489133456722, 0.00634923158213, 0.00257286103442, 0.00176540494431, 0.00255011534318, 0.00110133888666, 0.00329628540203, 0.00193526560906, 0.00150636129547, 0.00268922396936, 0.000776786589995, 0.000638924073428, 0.000164414872415, 0.000149735045852, 0.000122514247778, 0.0001666147582, 8.62348606461e-05, 2.64312311629e-05, 1.98456727958e-05, 3.09124770865e-05, 1.43412107718e-05, 1.23874851852e-05, 6.92621279086e-06, 4.67508289148e-06, 7.45641409594e-06, 3.16639943776e-06, 3.45054286299e-06],
        "mean": [0.00349442707375, 0.00238061207347, 0.00051613181131, 0.000305413181195, 0.000268653733656, 0.000265149748884, 0.000262909103185, 0.000221931986744, 0.000284347304842, 0.000141697149957, 8.66830523591e-05, 0.000103525868326, 6.65618936182e-05, 6.54526738799e-05, 8.70419244166e-05, 5.22766567883e-05, 3.49412912328e-05, 3.59745390597e-05, 2.35259067267e-05, 4.80973758386e-05, 3.26595254592e-05, 3.38230493071e-05, 3.22704618156e-05, 1.1412058484e-05, 6.39310519546e-06, 2.86244858216e-06, 1.63414381404e-06, 2.28016187975e-06, 1.96361679627e-06, 1.29730869958e-06, 9.66312768469e-07, 5.17196895089e-07, 7.12497694622e-07, 4.59097890371e-07, 2.85455172389e-07, 3.00126657748e-07, 3.05579675342e-07, 2.09044614508e-07, 1.54441295308e-07, 1.44472650732e-07],
        "median": [0.00235866988078, 0.00168213876896, 0.000236887819483, 0.000154459936311, 0.000107098938315, 0.000104105129139, 7.41427284083e-05, 4.27826016676e-05, 1.7282227418e-05, 1.25609394672e-05, 1.59469091159e-05, 1.29236332214e-05, 1.1951416127e-05, 1.18224234029e-05, 9.92540481093e-06, 9.28968074732e-06, 6.07372294326e-06, 6.33912077319e-06, 4.95359108754e-06, 6.0130332713e-06, 4.91397076985e-06, 5.07358618052e-06, 3.83796805181e-06, 1.6778230929e-06, 1.0053523738e-06, 7.23537254999e-07, 4.27733482411e-07, 4.96030111208e-07, 1.61588559422e-07, 2.10806689438e-07, 1.79588099058e-07, 1.13736248863e-07, 1.19774469454e-07, 7.97139421138e-08, 6.15742408172e-08, 7.06896017277e-08, 5.22304688388e-08, 5.26384056343e-08, 3.62715226743e-08, 3.39713679409e-08],
        "min": [5.00585640385e-25, 5.86788859538e-25, 1.14116894651e-24, 1.02053189954e-24, 8.53870833813e-25, 9.71609112778e-25, 1.44508293505e-24, 1.01191231225e-24, 8.48434103061e-25, 1.87488038863e-24, 1.67412830445e-24, 1.58361026267e-24, 2.7941687949e-24, 1.63919596585e-24, 1.89259031595e-24, 1.71074505831e-24, 2.7385866416e-24, 3.48021923329e-24, 3.34813591319e-24, 2.23843521984e-24, 2.9414670725e-24, 3.49740851241e-24, 3.77012837697e-24, 3.78919948378e-24, 3.73848440505e-24, 3.80507333735e-24, 3.63572620024e-24, 4.69988260087e-24, 3.88809582003e-24, 3.81629093942e-24, 4.83925420687e-24, 5.86258350579e-24, 4.76987625684e-24, 5.7875032747e-24, 5.30262084741e-24, 5.45153924808e-24, 4.75795775186e-24, 5.64985335763e-24, 4.94081373753e-24, 6.04706572822e-24],
        "var": [1.62095566338e-05, 9.88211104413e-06, 5.44217471088e-07, 2.07663433116e-07, 2.05863713632e-07, 2.11292515928e-07, 2.53218871649e-07, 2.68952902616e-07, 1.48698745761e-06, 5.30783097474e-07, 4.98075500843e-08, 1.01214823189e-07, 3.97774364558e-08, 3.56294727055e-08, 7.51665609755e-08, 1.68576708148e-08, 8.91929019531e-09, 1.24929497858e-08, 3.96058519314e-09, 2.61370782795e-08, 8.7333766885e-09, 7.46386152883e-09, 8.77730865767e-09, 1.13959119918e-09, 5.26813037638e-10, 6.20539730711e-11, 1.77791965178e-11, 3.37078351342e-11, 7.2221569003e-11, 1.6135159181e-11, 3.32854273657e-12, 8.70448082103e-13, 1.58970221969e-12, 6.94878995924e-13, 3.02732502695e-13, 2.67435270977e-13, 3.08735838544e-13, 1.25618401315e-13, 6.27349531373e-14, 5.28108711818e-14]
    },
    "mfcc": {
        "mean": [-715.160339355, 150.995834351, -3.70387434959, 18.205575943, 17.4271259308, 6.25545692444, 0.244138613343, 7.52013874054, 1.70451617241, -1.84890663624, 2.20183491707, 8.0245475769, 5.04672813416],
        "cov": [[10396.6152344, -298.264221191, -1277.33251953, 314.949584961, 122.960105896, 56.8626213074, -153.625930786, 95.4176559448, 144.758010864, -3.97029542923, 51.2407264709, 269.179595947, 97.9068145752], [-298.264221191, 2396.26586914, -217.255706787, 69.8477783203, 345.894287109, -112.603225708, 145.072097778, 97.021270752, -39.3889312744, 55.4913597107, 14.3473262787, -48.2883338928, -95.5994033813], [-1277.33251953, -217.255706787, 1604.62268066, 195.875991821, 86.1884918213, 429.816345215, 168.287963867, 100.768989563, 73.1143035889, 52.4503631592, 7.60979366302, -104.718833923, -28.4480247498], [314.949584961, 69.8477783203, 195.875991821, 370.99017334, 137.274734497, 164.982284546, 126.123260498, 66.6910552979, 70.0542221069, 27.0833244324, 21.4529953003, 30.2310066223, 34.1369819641], [122.960105896, 345.894287109, 86.1884918213, 137.274734497, 328.203796387, 93.7939987183, 55.8616142273, 76.6822509766, 9.98585033417, 47.494140625, 8.42481517792, 13.394080162, -28.0890350342], [56.8626213074, -112.603225708, 429.816345215, 164.982284546, 93.7939987183, 320.898742676, 128.819900513, 58.8561706543, 96.907371521, 22.0213394165, 10.2084674835, 20.8316745758, 31.4690628052], [-153.625930786, 145.072097778, 168.287963867, 126.123260498, 55.8616142273, 128.819900513, 196.976593018, 63.0341835022, 39.186466217, 31.3168201447, 2.97060632706, -2.18424630165, 3.60982584953], [95.4176559448, 97.021270752, 100.768989563, 66.6910552979, 76.6822509766, 58.8561706543, 63.0341835022, 133.697341919, 54.2424430847, 22.3979320526, 25.6977214813, 18.207906723, 11.2706899643], [144.758010864, -39.3889312744, 73.1143035889, 70.0542221069, 9.98585033417, 96.907371521, 39.186466217, 54.2424430847, 148.647979736, 32.8597869873, 12.6462783813, 40.373626709, 34.5456619263], [-3.97029542923, 55.4913597107, 52.4503631592, 27.0833244324, 47.494140625, 22.0213394165, 31.3168201447, 22.3979320526, 32.8597869873, 112.902908325, 40.7205924988, 5.0253200531, 6.45213603973], [51.2407264709, 14.3473262787, 7.60979366302, 21.4529953003, 8.42481517792, 10.2084674835, 2.97060632706, 25.6977214813, 12.6462783813, 40.7205924988, 106.752571106, 38.1120376587, 27.7362136841], [269.179595947, -48.2883338928, -104.718833923, 30.2310066223, 13.394080162, 20.8316745758, -2.18424630165, 18.207906723, 40.373626709, 5.0253200531, 38.1120376587, 132.466903687, 70.3330001831], [97.9068145752, -95.5994033813, -28.4480247498, 34.1369819641, -28.0890350342, 31.4690628052, 3.60982584953, 11.2706899643, 34.5456619263, 6.45213603973, 27.7362136841, 70.3330001831, 114.514144897]],
