{
"lowlevel": {
    "average_loudness": 0.731777667999,
    "barkbands_crest": {
        "dmean": 3.24713420868,
        "dmean2": 5.21145772934,
        "dvar": 8.73692512512,
        "dvar2": 20.8302993774,
        "max": 26.8405265808,
        "mean": 16.4009304047,
        "median": 16.2908763885,
        "min": 3.91546988487,
        "var": 28.16588974
    },
    "barkbands_flatness_db": {
        "dmean": 0.0410340391099,
        "dmean2": 0.0596071779728,
        "dvar": 0.00149138655979,
        "dvar2": 0.00278240418993,
        "max": 0.566938042641,
        "mean": 0.244060456753,
        "median": 0.242577776313,
        "min": 0.0259172115475,
        "var": 0.0046154698357
    },
    "barkbands_kurtosis": {
        "dmean": 15.8490619659,
        "dmean2": 24.8835220337,
        "dvar": 1174.0255127,
        "dvar2": 2627.9855957,
        "max": 1382.5546875,
        "mean": 28.5966186523,
        "median": 18.142786026,
        "min": -1.93643021584,
        "var": 1716.72839355
    },
    "barkbands_skewness": {
        "dmean": 1.11197686195,
        "dmean2": 1.72896742821,
        "dvar": 1.53253364563,
        "dvar2": 3.56423711777,
        "max": 30.8670520782,
        "mean": 3.62647557259,
        "median": 3.34358525276,
        "min": -1.88299500942,
        "var": 4.42526531219
    },
    "barkbands_spread": {
        "dmean": 3.09800887108,
        "dmean2": 4.88306283951,
        "dvar": 34.8528213501,
        "dvar2": 76.6866073608,
        "max": 95.7514343262,
        "mean": 6.19813346863,
        "median": 4.1896481514,
        "min": 0.0564843714237,
        "var": 64.7186126709
    },
    "dissonance": {
        "dmean": 0.032300285995,
        "dmean2": 0.0514742098749,
        "dvar": 0.000932947092224,
        "dvar2": 0.00224983692169,
        "max": 0.500000119209,
        "mean": 0.41578027606,
        "median": 0.425990104675,
        "min": 0.107335023582,
        "var": 0.00267454166897
    },
    "dynamic_complexity": 4.52616691589,
    "erbbands_crest": {
        "dmean": 3.34343123436,
        "dmean2": 5.34478282928,
        "dvar": 9.00251483917,
        "dvar2": 21.6967182159,
        "max": 29.9489345551,
        "mean": 13.4411840439,
        "median": 12.822763443,
        "min": 2.18520307541,
        "var": 25.9969615936
    },
    "erbbands_flatness_db": {
        "dmean": 0.0354005843401,
        "dmean2": 0.0498822592199,
        "dvar": 0.00116519071162,
        "dvar2": 0.00207288283855,
        "max": 0.478971868753,
        "mean": 0.21182526648,
        "median": 0.213195279241,
        "min": 0.0341166332364,
        "var": 0.00345870293677
    },
    "erbbands_kurtosis": {
        "dmean": 3.3929848671,
        "dmean2": 5.27344799042,
        "dvar": 41.1309204102,
        "dvar2": 85.040435791,
        "max": 181.994842529,
        "mean": 4.9243221283,
        "median": 2.44319009781,
        "min": -1.9100278616,
        "var": 79.8151855469
    },
    "erbbands_skewness": {
        "dmean": 0.596569359303,
        "dmean2": 0.897596120834,
        "dvar": 0.403229832649,
        "dvar2": 0.838909864426,
        "max": 9.74003887177,
        "mean": 1.66356194019,
        "median": 1.48313081264,
        "min": -3.26195502281,
        "var": 1.38992714882
    },
    "erbbands_spread": {
        "dmean": 9.67195987701,
        "dmean2": 14.4982585907,
        "dvar": 163.480484009,
        "dvar2": 327.970733643,
        "max": 157.401168823,
        "mean": 28.1007556915,
        "median": 22.8746547699,
        "min": 0.577808558941,
        "var": 400.934295654
    },
    "hfc": {
        "dmean": 3.21648311615,
        "dmean2": 4.66867589951,
        "dvar": 31.6528911591,
        "dvar2": 70.0190429688,
        "max": 104.247192383,
        "mean": 8.75137042999,
        "median": 5.51520061493,
        "min": 1.19946191609e-16,
        "var": 100.965545654
    },
    "melbands_crest": {
        "dmean": 3.88337063789,
        "dmean2": 6.25543785095,
        "dvar": 11.9796218872,
        "dvar2": 28.7212219238,
        "max": 34.8692359924,
        "mean": 19.390039444,
        "median": 18.6764221191,
        "min": 2.19344139099,
        "var": 38.3285636902
    },
    "melbands_flatness_db": {
        "dmean": 0.0417220555246,
        "dmean2": 0.0609962493181,
        "dvar": 0.001628068625,
        "dvar2": 0.003075447632,
        "max": 0.673278868198,
        "mean": 0.31977763772,
        "median": 0.317306786776,
        "min": 0.00489228358492,
        "var": 0.00558624463156
    },
    "melbands_kurtosis": {
        "dmean": 20.1616897583,
        "dmean2": 31.5092563629,
        "dvar": 763.739379883,
        "dvar2": 1764.7142334,
        "max": 762.513244629,
        "mean": 41.911190033,
        "median": 30.2679710388,
        "min": -1.59816932678,
        "var": 1791.53466797
    },
    "melbands_skewness": {
        "dmean": 1.16300725937,
        "dmean2": 1.77899515629,
        "dvar": 1.35894799232,
        "dvar2": 3.10269761086,
        "max": 21.9426364899,
        "mean": 4.18390274048,
        "median": 3.9586417675,
        "min": -1.24919629097,
        "var": 5.1348156929
    },
    "melbands_spread": {
        "dmean": 2.58154439926,
        "dmean2": 4.04799318314,
        "dvar": 34.1986236572,
        "dvar2": 75.0020446777,
        "max": 204.66998291,
        "mean": 5.91115474701,
        "median": 4.20730781555,
        "min": 0.197990387678,
        "var": 57.7156867981
    },
    "pitch_salience": {
        "dmean": 0.087354183197,
        "dmean2": 0.139573335648,
        "dvar": 0.00604570377618,
        "dvar2": 0.0141514893621,
        "max": 0.893587350845,
        "mean": 0.492901176214,
        "median": 0.509139895439,
        "min": 0.0550303719938,
        "var": 0.0178688373417
    },
    "silence_rate_20dB": {
        "dmean": 0,
        "dmean2": 0,
        "dvar": 0,
        "dvar2": 0,
        "max": 1,
        "mean": 1,
        "median": 1,
        "min": 1,
        "var": 0
    },
    "silence_rate_30dB": {
        "dmean": 0.00598902022466,
        "dmean2": 0.0119790369645,
        "dvar": 0.00595329049975,
        "dvar2": 0.0149964774027,
        "max": 1,
        "mean": 0.994676887989,
        "median": 1,
        "min": 0,
        "var": 0.00529459025711
    },
    "silence_rate_60dB": {
        "dmean": 0.0216270163655,
        "dmean2": 0.0432576313615,
        "dvar": 0.0211626458913,
        "dvar2": 0.0478706732392,
        "max": 1,
        "mean": 0.0961490496993,
        "median": 0,
        "min": 0,
        "var": 0.0869054198265
    },
    "spectral_centroid": {
        "dmean": 120.13709259,
        "dmean2": 188.203308105,
        "dvar": 49589.3632812,
        "dvar2": 100732.546875,
        "max": 11128.5966797,
        "mean": 460.571105957,
        "median": 386.656097412,
        "min": 146.19152832,
        "var": 89370.9375
    },
    "spectral_complexity": {
        "dmean": 1.97504580021,
        "dmean2": 2.96797275543,
        "dvar": 7.25539970398,
        "dvar2": 14.4959344864,
        "max": 56,
        "mean": 8.54129600525,
        "median": 8,
        "min": 0,
        "var": 28.3068008423
    },
    "spectral_decrease": {
        "dmean": 2.2140833611e-09,
        "dmean2": 3.36754535368e-09,
        "dvar": 9.32921178207e-18,
        "dvar2": 2.05333309929e-17,
        "max": -1.06865353762e-29,
        "mean": -5.84857673402e-09,
        "median": -4.42934178224e-09,
        "min": -5.70792515475e-08,
        "var": 2.86736501426e-17
    },
    "spectral_energy": {
        "dmean": 0.00858939997852,
        "dmean2": 0.0130384098738,
        "dvar": 0.000140136500704,
        "dvar2": 0.000307738635456,
        "max": 0.222970381379,
        "mean": 0.0228675305843,
        "median": 0.0172986034304,
        "min": 1.09198059446e-20,
        "var": 0.000438709073933
    },
    "spectral_energyband_high": {
        "dmean": 0.000147980579641,
        "dmean2": 0.000224093688303,
        "dvar": 2.76871389815e-07,
        "dvar2": 6.43669068268e-07,
        "max": 0.013928629458,
        "mean": 0.000164968019817,
        "median": 2.29878096434e-05,
        "min": 7.96222004879e-21,
        "var": 3.66861002021e-07
    },
    "spectral_energyband_low": {
        "dmean": 0.00142500794027,
        "dmean2": 0.00240152003244,
        "dvar": 6.49000457997e-06,
        "dvar2": 1.74642391357e-05,
        "max": 0.0386982448399,
        "mean": 0.00242957123555,
        "median": 0.00148090685252,
        "min": 1.54413463745e-22,
        "var": 9.15896725928e-06
    },
    "spectral_energyband_middle_high": {
        "dmean": 0.000561210617889,
        "dmean2": 0.000737827154808,
        "dvar": 2.57366650658e-06,
        "dvar2": 3.75598165192e-06,
        "max": 0.0617626160383,
        "mean": 0.00146499508992,
        "median": 0.000460463983472,
        "min": 1.44508018824e-21,
        "var": 1.36129574457e-05
    },
    "spectral_energyband_middle_low": {
        "dmean": 0.00808275211602,
        "dmean2": 0.012363197282,
        "dvar": 0.000133246925543,
        "dvar2": 0.000296803016681,
        "max": 0.213879019022,
        "mean": 0.0196628533304,
        "median": 0.0144439321011,
        "min": 3.62841786149e-22,
        "var": 0.000371171452571
    },
    "spectral_entropy": {
        "dmean": 0.409457206726,
        "dmean2": 0.595235586166,
        "dvar": 0.165156632662,
        "dvar2": 0.302608549595,
        "max": 9.7983007431,
        "mean": 6.47121524811,
        "median": 6.44483184814,
        "min": 3.4295129776,
        "var": 0.478563845158
    },
    "spectral_flux": {
        "dmean": 0.0253996439278,
        "dmean2": 0.0403710007668,
        "dvar": 0.000691841298249,
        "dvar2": 0.00173534452915,
        "max": 0.32520326972,
        "mean": 0.0623468160629,
        "median": 0.0533755198121,
        "min": 1.0449787563e-10,
        "var": 0.00178879569285
    },
    "spectral_kurtosis": {
        "dmean": 6.13869190216,
        "dmean2": 9.60425949097,
        "dvar": 61.9514884949,
        "dvar2": 131.142944336,
        "max": 130.5599823,
        "mean": 12.3121776581,
        "median": 9.33594799042,
        "min": -1.19591546059,
        "var": 115.234100342
    },
    "spectral_rms": {
        "dmean": 0.0008271089755,
        "dmean2": 0.00123284291476,
        "dvar": 7.55210635361e-07,
        "dvar2": 1.61574428148e-06,
        "max": 0.0147489691153,
        "mean": 0.00423999968916,
        "median": 0.0041081244126,
        "min": 3.26396526994e-12,
        "var": 4.33241348219e-06
    },
    "spectral_rolloff": {
        "dmean": 151.095672607,
        "dmean2": 263.843688965,
        "dvar": 352663.625,
        "dvar2": 813476.5625,
        "max": 18755.4199219,
        "mean": 471.901947021,
        "median": 301.46484375,
        "min": 107.666015625,
        "var": 548924.875
    },
    "spectral_skewness": {
        "dmean": 0.569537878036,
        "dmean2": 0.855813384056,
        "dvar": 0.370404988527,
        "dvar2": 0.73723000288,
        "max": 9.95998954773,
        "mean": 2.61777043343,
        "median": 2.46360635757,
        "min": -0.111467018723,
        "var": 0.995895981789
    },
    "spectral_spread": {
        "dmean": 887251.625,
        "dmean2": 1266809.875,
        "dvar": 904924364800,
        "dvar2": 1.57642286694e+12,
        "max": 39522524,
        "mean": 3669384.5,
        "median": 3322729.75,
        "min": 782885.9375,
        "var": 2.49311946342e+12
    },
    "spectral_strongpeak": {
        "dmean": 0.358462929726,
        "dmean2": 0.57570618391,
        "dvar": 0.228363826871,
        "dvar2": 0.535674154758,
        "max": 10.5124778748,
        "mean": 0.88597369194,
        "median": 0.649868547916,
        "min": 0,
        "var": 0.721751868725
    },
    "zerocrossingrate": {
        "dmean": 0.00606801733375,
        "dmean2": 0.00763182668015,
        "dvar": 0.00010217387171,
        "dvar2": 0.000131320441142,
        "max": 0.50341796875,
        "mean": 0.0245798006654,
        "median": 0.02001953125,
        "min": 0.0048828125,
        "var": 0.000454781402368
    },
    "barkbands": {
        "dmean": [3.42650446328e-06, 0.000399313226808, 0.000853151024785, 0.000808914774098, 0.00718167703599, 0.000833844358567, 0.000854033220094, 0.000475252920296, 0.000376214884454, 0.000264086876996, 0.000161187752383, 8.83298271219e-05, 7.96117310529e-05, 4.29142928624e-05, 4.78540823678e-05, 4.15918621002e-05, 3.31560841005e-05, 3.09118004225e-05, 2.81572229142e-05, 2.84195084532e-05, 2.4196880986e-05, 2.80397653114e-05, 3.05922840198e-05, 2.9347545933e-05, 2.15421896428e-05, 6.52955759506e-06, 8.09787252365e-07],
        "dmean2": [5.40708788321e-06, 0.00069208885543, 0.00143724330701, 0.00129694573116, 0.0110820522532, 0.0012535211863, 0.00127899588551, 0.000696229632013, 0.00054132938385, 0.00034709321335, 0.000232504142332, 0.000131132357637, 0.0001163053239, 6.52927265037e-05, 7.37813097658e-05, 6.53675015201e-05, 4.97235232615e-05, 4.71711355203e-05, 4.06367907999e-05, 4.23353922088e-05, 3.60023768735e-05, 4.31127191405e-05, 4.65834527859e-05, 4.70403501822e-05, 3.59161895176e-05, 1.10898663479e-05, 1.38239101943e-06],
        "dvar": [2.75343059464e-09, 6.8008745302e-07, 3.07225582219e-06, 2.32306797443e-06, 0.00011939072283, 3.64134484698e-06, 1.28939009301e-05, 6.06878438703e-06, 1.76309663402e-06, 1.31808837978e-06, 5.44402951164e-07, 3.0717794175e-07, 1.81235336072e-07, 2.54781831188e-08, 1.6355597765e-08, 1.40683384942e-08, 7.27218329999e-09, 7.85223708277e-09, 5.45124967388e-09, 7.5948198841e-09, 7.01323399355e-09, 1.53866537289e-08, 2.24060130449e-08, 1.78550170205e-08, 5.89042770116e-09, 6.04623962008e-10, 1.04002813306e-11],
        "dvar2": [5.54329693259e-09, 1.85265002983e-06, 8.4080884335e-06, 6.03860553383e-06, 0.000265369249973, 7.54960365157e-06, 3.01965555991e-05, 1.27624680317e-05, 3.65331379726e-06, 2.08631354326e-06, 9.09910966129e-07, 5.16599072853e-07, 2.39518925582e-07, 5.39580078396e-08, 3.85235878753e-08, 3.54869378327e-08, 1.61916471342e-08, 1.90527238431e-08, 1.18304930297e-08, 1.76574292965e-08, 1.65220210846e-08, 3.81831348761e-08, 5.16186986488e-08, 4.19417744979e-08, 1.48083634244e-08, 1.52858103952e-09, 2.52334438067e-11],
        "max": [0.0046948203817, 0.0267014931887, 0.0306512396783, 0.0348806157708, 0.19289085269, 0.0575939714909, 0.140576392412, 0.0937163308263, 0.0439354255795, 0.0447345264256, 0.0392700023949, 0.0392088629305, 0.042076677084, 0.00533896964043, 0.00396840833127, 0.0025758666452, 0.00252640899271, 0.00265513290651, 0.00234804372303, 0.00198092847131, 0.00225283904001, 0.00495723448694, 0.00544301653281, 0.00450316211209, 0.00142894440796, 0.000468658196041, 9.99406765914e-05],
        "mean": [3.15190209221e-06, 0.000477443536511, 0.00127846852411, 0.0016212182818, 0.0129273580387, 0.00184868252836, 0.00144086952787, 0.000798753346317, 0.000693774258252, 0.000707704923116, 0.000267188210273, 0.000132969682454, 0.00013465541997, 6.87556384946e-05, 7.75335138314e-05, 6.16688485024e-05, 5.43590758753e-05, 4.58148097096e-05, 4.51122687082e-05, 3.65665509889e-05, 2.80133881461e-05, 3.01856980514e-05, 3.19313476211e-05, 3.08000635414e-05, 1.86527122423e-05, 5.32051080882e-06, 6.9356832455e-07],
        "median": [3.4004256122e-07, 0.000214350948227, 0.00057283428032, 0.000400846009143, 0.00786348711699, 0.000707599159796, 0.000187702549738, 8.06557727628e-05, 0.000178173155291, 4.79303889733e-05, 5.5561948102e-05, 2.54397200479e-05, 3.11341354973e-05, 1.66435711435e-05, 2.24267841986e-05, 1.76435205503e-05, 1.71623505594e-05, 1.25286078401e-05, 1.23130566863e-05, 7.67524670664e-06, 4.59844841316e-06, 3.7555007566e-06, 2.64560208052e-06, 2.28079056797e-06, 1.15274235668e-06, 2.81812276626e-07, 3.21648556678e-08],
        "min": [4.59730149534e-24, 7.88770470207e-23, 4.84870862594e-23, 5.2995271716e-23, 5.34993033473e-23, 8.02169051801e-23, 4.38859288119e-23, 7.97917470175e-23, 4.75404563285e-23, 1.3337985717e-22, 4.96275803354e-23, 7.65910669569e-23, 8.35696713124e-23, 1.15909162961e-22, 1.61432760702e-22, 1.14932300725e-22, 1.36959139978e-22, 2.01416964544e-22, 1.93554886461e-22, 3.97805641325e-22, 5.74958178436e-22, 4.81755411065e-22, 7.7395660904e-22, 8.77651049745e-22, 1.0228746626e-21, 1.68450454693e-21, 2.55734579183e-21],
        "var": [3.01164182481e-09, 6.59532759073e-07, 3.78409868063e-06, 6.98922212905e-06, 0.00025551894214, 1.25287360788e-05, 2.18661425606e-05, 1.31064407469e-05, 3.71852820535e-06, 8.35817445477e-06, 1.27455507481e-06, 5.70546035306e-07, 6.71474595038e-07, 5.07698452168e-08, 2.97260047688e-08, 1.77657142331e-08, 1.23535626173e-08, 1.03739736801e-08, 9.37222477404e-09, 9.78344427693e-09, 7.93910803765e-09, 1.60745852185e-08, 3.05166381054e-08, 2.53237821823e-08, 5.66229818588e-09, 5.10355258054e-10, 1.06509462708e-11]
    },
    "erbbands": {
        "dmean": [0.00446378951892, 0.120790429413, 0.827271938324, 1.9169023037, 16.5765399933, 27.1712226868, 7.56471776962, 7.48886346817, 11.1702423096, 12.3124294281, 8.01763725281, 9.48350811005, 7.53620004654, 6.17325401306, 6.79382610321, 3.09847092628, 3.67048668861, 2.27637910843, 2.55898547173, 2.16030359268, 1.82611012459, 1.78709852695, 1.92466449738, 1.49944913387, 1.33486950397, 1.26185309887, 1.02369022369, 1.05360293388, 1.04313397408, 0.924022018909, 0.874629020691, 0.696335017681, 0.478486061096, 0.287124425173, 0.127064973116, 0.0391019396484, 0.0100634209812, 0.00164937239606, 0.000151786967763, 1.49258194142e-05],
        "dmean2": [0.00754530820996, 0.208921700716, 1.39766454697, 3.11021924019, 25.6313228607, 42.8810920715, 11.684138298, 11.351559639, 16.5381603241, 18.6339702606, 11.3924703598, 13.9426832199, 9.67249679565, 8.06386375427, 9.54814338684, 4.43493127823, 5.27115869522, 3.40623116493, 3.88540363312, 3.33607244492, 2.7894244194, 2.6809232235, 2.86330842972, 2.235039711, 1.93608891964, 1.88099086285, 1.51065206528, 1.58941543102, 1.6140806675, 1.41383600235, 1.33596873283, 1.09944701195, 0.765684723854, 0.476713210344, 0.213432475924, 0.0658474862576, 0.0172640159726, 0.00286266044714, 0.000257129140664, 2.34146536968e-05],
        "dvar": [0.000287402595859, 0.0546449944377, 2.68410253525, 11.7467699051, 740.235473633, 1635.20214844, 139.624343872, 348.599182129, 1998.1583252, 3872.70410156, 1120.45605469, 1128.53991699, 994.676696777, 1273.07885742, 1021.08807373, 170.756835938, 312.089660645, 74.9403152466, 48.4289360046, 29.2205886841, 24.6556339264, 22.1669254303, 29.9586048126, 17.625125885, 13.5102443695, 15.1597414017, 10.9111042023, 18.2885169983, 23.9349327087, 15.6807327271, 18.8289833069, 11.2211065292, 4.13258838654, 1.05479514599, 0.215011939406, 0.0211497042328, 0.00156506872736, 4.47015845566e-05, 3.39520170201e-07, 1.00950514614e-09],
        "dvar2": [0.000755107379518, 0.148945957422, 7.28701972961, 31.1803894043, 1615.1229248, 3903.39648438, 307.57800293, 720.52923584, 4408.99414062, 8959.69140625, 2393.40014648, 2403.98168945, 1469.55859375, 1875.54626465, 1569.30493164, 299.753173828, 387.516845703, 158.998901367, 108.925514221, 68.9961853027, 60.540222168, 51.6184539795, 71.5946807861, 40.0413398743, 30.1200561523, 35.0868797302, 25.6848564148, 44.962348938, 61.1786499023, 36.7112770081, 43.4250106812, 25.8760623932, 9.94608020782, 2.62896561623, 0.543870031834, 0.053110320121, 0.00402305601165, 0.000115586917673, 8.33335263906e-07, 2.4559294598e-09],
        "max": [1.20325517654, 4.20245552063, 30.5364341736, 87.8643341064, 424.26461792, 757.496459961, 306.170227051, 519.690368652, 1438.03588867, 1951.21350098, 1062.29333496, 1134.95227051, 1329.45959473, 2009.05725098, 2231.36987305, 658.826721191, 1809.88269043, 308.152130127, 212.821914673, 156.723434448, 146.533065796, 143.722717285, 182.268829346, 162.390167236, 80.381942749, 106.089683533, 71.2942276001, 154.864593506, 217.621200562, 135.886611938, 163.353088379, 127.398498535, 54.5188293457, 19.966091156, 7.5840473175, 2.65693640709, 0.951139032841, 0.148673191667, 0.0161318611354, 0.000629869173281],
        "mean": [0.00494315754622, 0.157928302884, 1.30111527443, 3.90679717064, 26.7843837738, 48.3208122253, 17.4322662354, 16.5405025482, 21.5641555786, 21.0022239685, 14.8153047562, 18.1504459381, 20.4119319916, 14.6753978729, 11.8578596115, 5.81301546097, 6.53220510483, 3.92867469788, 4.27685403824, 3.46906232834, 2.93412470818, 2.92988634109, 3.01925349236, 2.34546756744, 2.05007171631, 1.62977921963, 1.24711430073, 1.19390141964, 1.09676635265, 0.986518085003, 0.907084822655, 0.727765083313, 0.486900478601, 0.258001893759, 0.105539098382, 0.0323603190482, 0.00814032834023, 0.0013159615919, 0.000139821291668, 3.1724692235e-05],
        "median": [0.00204224698246, 0.0801493674517, 0.662861943245, 1.78646981716, 14.5843925476, 28.8879489899, 11.5600385666, 5.84524965286, 3.09033560753, 2.76879477501, 2.53285527229, 5.17128992081, 2.09773588181, 1.86311531067, 2.66369223595, 1.47988021374, 1.6989634037, 1.04227030277, 1.26911330223, 1.10786569118, 0.917729020119, 0.925964474678, 0.910296440125, 0.656082391739, 0.531769394875, 0.349435418844, 0.224785089493, 0.188958838582, 0.137364640832, 0.107596680522, 0.0719861760736, 0.0516079068184, 0.0360961705446, 0.017146807164, 0.00585269369185, 0.00172264536377, 0.000415560527472, 6.0849240981e-05, 1.7304550056e-05, 2.07868306461e-05],
        "min": [2.25955834793e-21, 1.81619232649e-20, 4.96271209028e-20, 1.20562776276e-19, 1.50552429104e-19, 2.60605138991e-19, 2.60362645824e-19, 9.18561426171e-19, 8.76864802456e-19, 1.12034520897e-18, 9.2334046216e-19, 8.66700717281e-19, 2.09211120233e-18, 5.32207178936e-18, 2.66766388613e-18, 3.02296608337e-18, 3.07785716843e-18, 5.71468603607e-18, 6.33488579344e-18, 8.94002413105e-18, 7.36645115483e-18, 7.66845975955e-18, 1.00828775449e-17, 1.16031180511e-17, 1.22318141941e-17, 1.69945232922e-17, 2.06658618706e-17, 2.24840925382e-17, 1.99733115202e-17, 1.89770717341e-17, 2.13321707433e-17, 1.83823520347e-17, 1.31054765668e-17, 9.79085962758e-18, 8.55127902165e-18, 5.90043151057e-18, 3.24538274917e-18, 1.38462341762e-18, 3.6149695284e-19, 3.55161595915e-20],
        "var": [0.000219779714826, 0.0564925074577, 3.32388138771, 27.2990474701, 1461.66491699, 3477.3815918, 387.057312012, 1339.26208496, 4480.85107422, 7397.46826172, 2647.24926758, 2247.30566406, 6124.06835938, 6543.63134766, 2755.32519531, 512.110656738, 1243.76757812, 157.690536499, 92.043548584, 47.7066001892, 35.832195282, 35.4758110046, 41.4026794434, 27.386100769, 21.151720047, 19.7932033539, 12.8424291611, 18.7474117279, 22.7416648865, 19.8827323914, 25.3748493195, 15.915719986, 5.5779633522, 1.10822188854, 0.192544043064, 0.0183206573129, 0.0012868035119, 3.69952176698e-05, 3.44634656813e-07, 1.57050150662e-09]
    },
    "gfcc": {
        "mean": [-103.692901611, 132.519775391, -95.1078872681, 25.1595554352, -62.9465026855, -4.7730884552, -46.6778297424, -11.3444366455, -32.6566581726, -18.5128498077, -17.9439334869, -9.9282875061, -6.88204336166],
        "cov": [[14212.4277344, -864.265625, -1147.45397949, -28.0490455627, -813.86505127, -5.18289518356, -420.440612793, 101.158317566, -26.5469532013, 192.250015259, -116.18951416, -22.4226131439, -224.956329346], [-864.265625, 1266.29052734, -153.297439575, -258.114929199, 113.188934326, -272.570556641, 161.147399902, -184.233108521, 115.660018921, -140.009780884, 118.454696655, -149.290252686, 58.3957901001], [-1147.45397949, -153.297439575, 642.816223145, 133.091125488, 103.824813843, 144.374069214, -8.40638065338, 77.6505432129, -17.564994812, 33.2230148315, -19.2148265839, 45.0522537231, -15.909778595], [-28.0490455627, -258.114929199, 133.091125488, 447.895141602, 122.61113739, 60.421749115, -21.1975498199, 3.14964723587, -10.0598621368, -1.39865410328, -33.2267799377, 24.1385135651, 4.35137653351], [-813.86505127, 113.188934326, 103.824813843, 122.61113739, 265.256439209, 30.1397457123, 21.5560398102, -4.38444375992, -1.89517319202, -10.9289293289, -5.05032587051, -5.56326246262, 5.55049610138], [-5.18289518356, -272.570556641, 144.374069214, 60.421749115, 30.1397457123, 238.999984741, 13.85597229, 94.3991622925, -19.9475860596, 52.9145050049, -14.1701917648, 48.5573654175, -19.9301948547], [-420.440612793, 161.147399902, -8.40638065338, -21.1975498199, 21.5560398102, 13.85597229, 147.652008057, -6.33081579208, -7.62875986099, -15.5691843033, 13.8832178116, 4.27921056747, 22.3336849213], [101.158317566, -184.233108521, 77.6505432129, 3.14964723587, -4.38444375992, 94.3991622925, -6.33081579208, 159.00491333, 22.3484973907, 66.2490844727, -3.35932517052, 37.5050163269, -21.8992366791], [-26.5469532013, 115.660018921, -17.564994812, -10.0598621368, -1.89517319202, -19.9475860596, -7.62875986099, 22.3484973907, 112.110191345, 22.7870368958, 24.1513843536, -16.4723625183, -9.61551380157], [192.250015259, -140.009780884, 33.2230148315, -1.39865410328, -10.9289293289, 52.9145050049, -15.5691843033, 66.2490844727, 22.7870368958, 116.801101685, 10.873175621, 33.8354415894, -17.772687912], [-116.18951416, 118.454696655, -19.2148265839, -33.2267799377, -5.05032587051, -14.1701917648, 13.8832178116, -3.35932517052, 24.1513843536, 10.873175621, 82.4965515137, 3.65321588516, -3.59605789185], [-22.4226131439, -149.290252686, 45.0522537231, 24.1385135651, -5.56326246262, 48.5573654175, 4.27921056747, 37.5050163269, -16.4723625183, 33.8354415894, 3.65321588516, 99.5736846924, 16.7794895172], [-224.956329346, 58.3957901001, -15.909778595, 4.35137653351, 5.55049610138, -19.9301948547, 22.3336849213, -21.8992366791, -9.61551380157, -17.772687912, -3.59605789185, 16.7794895172, 73.0155792236]],
        "icov": [[0.000134580972372, -0.00021268214914, 0.000285955320578, -0.000244499591645, 0.000477281602798, -0.00021227094112, 0.0004363519256, -0.000144279751112, 0.00029802674544, -0.000268722767942, 0.000348622445017, -0.000134606845677, 0.000412587571191], [-0.00021268214914, 0.00389598938636, -0.000861295149662, 0.00227968022227, -0.00287300557829, 0.00241109845228, -0.00364210666157, 0.00186175282579, -0.00367284123786, 0.00225523440167, -0.00370128825307, 0.00290390313603, -0.00233010784723], [0.000285955320578, -0.000861295149662, 0.00263007683679, -0.00101634010207, 0.000676485011354, -0.00149207934737, 0.00147146126255, -0.000942071084864, 0.00115795480087, -0.000657163443975, 0.00118784012739, -0.000958529300988, 0.00128347647842], [-0.000244499591645, 0.00227968022227, -0.00101634010207, 0.00428339838982, -0.0031647644937, 0.000979328644462, -0.00178186455742, 0.00165218859911, -0.0025654877536, 0.00165538419969, -0.00137133919634, 0.000937914708629, -0.00172277470119], [0.000477281602798, -0.00287300557829, 0.000676485011354, -0.0031647644937, 0.00761871039867, -0.00226000254042, 0.00252703391016, -0.00124384823721, 0.00280082575046, -0.00181387388147, 0.00284846080467, -0.00123208458535, 0.0021129255183], [-0.00021227094112, 0.00241109845228, -0.00149207934737, 0.000979328644462, -0.00226000254042, 0.00843102391809, -0.00355045660399, -0.0017603560118, -0.00075657578418, 0.000332382769557, -0.00172585737891, 0.000431164808106, -0.000137476134114], [0.0004363519256, -0.00364210666157, 0.00147146126255, -0.00178186455742, 0.00252703391016, -0.00355045660399, 0.0116017581895, -0.00188612483907, 0.00395324453712, -0.00123784434982, 0.00211847294122, -0.00256919139065, 0.000322482665069], [-0.000144279751112, 0.00186175282579, -0.000942071084864, 0.00165218859911, -0.00124384823721, -0.0017603560118, -0.00188612483907, 0.0116848899052, -0.00426060287282, -0.00228070374578, -0.000413353147451, -0.000744348915759, 0.000492807826959], [0.00029802674544, -0.00367284123786, 0.00115795480087, -0.0025654877536, 0.00280082575046, -0.00075657578418, 0.00395324453712, -0.00426060287282, 0.0147499265149, -0.00432540802285, 0.000476136658108, 0.000134261179483, 0.00223653530702], [-0.000268722767942, 0.00225523440167, -0.000657163443975, 0.00165538419969, -0.00181387388147, 0.000332382769557, -0.00123784434982, -0.00228070374578, -0.00432540802285, 0.0144056389108, -0.00359292398207, -0.0016448374372, 0.000187655503396], [0.000348622445017, -0.00370128825307, 0.00118784012739, -0.00137133919634, 0.00284846080467, -0.00172585737891, 0.00211847294122, -0.000413353147451, 0.000476136658108, -0.00359292398207, 0.0178729146719, -0.00464930990711, 0.00405207974836], [-0.000134606845677, 0.00290390313603, -0.000958529300988, 0.000937914708629, -0.00123208458535, 0.000431164808106, -0.00256919139065, -0.000744348915759, 0.000134261179483, -0.0016448374372, -0.00464930990711, 0.0165556594729, -0.00664424989372], [0.000412587571191, -0.00233010784723, 0.00128347647842, -0.00172277470119, 0.0021129255183, -0.000137476134114, 0.000322482665069, 0.000492807826959, 0.00223653530702, 0.000187655503396, 0.00405207974836, -0.00664424989372, 0.0191304422915]]
    },
    "melbands": {
        "dmean": [7.29263629182e-05, 0.000338257057592, 0.000541945511941, 0.00189708732069, 0.000391783483792, 0.000168998041772, 0.000169674982317, 0.000127939754748, 6.76611307426e-05, 5.64503025089e-05, 3.78326913051e-05, 2.63786296273e-05, 2.30756631936e-05, 1.17554081953e-05, 8.59179363033e-06, 6.41566430204e-06, 4.40741541752e-06, 4.11196242567e-06, 2.96659413834e-06, 3.40871520166e-06, 1.9103674731e-06, 1.82002895599e-06, 2.01597185878e-06, 1.62027572514e-06, 1.24729956497e-06, 9.75735247266e-07, 9.62219246503e-07, 8.37346817661e-07, 7.50662820792e-07, 5.31729654085e-07, 6.28819464055e-07, 6.31803800388e-07, 4.90227705541e-07, 5.10248582941e-07, 4.79415405152e-07, 5.32358455985e-07, 3.98781850208e-07, 3.6026361272e-07, 2.73572908327e-07, 2.37230565858e-07],
        "dmean2": [0.000125148100778, 0.000572790449951, 0.000851229415275, 0.00294762058184, 0.000616226519924, 0.000255193590419, 0.000252459401963, 0.000192732171854, 9.62002304732e-05, 8.22399815661e-05, 4.90212296427e-05, 3.45348853443e-05, 3.28945025103e-05, 1.7060625396e-05, 1.23485879158e-05, 9.39548681345e-06, 6.69692462907e-06, 6.25253096587e-06, 4.54491282653e-06, 5.42762290934e-06, 2.90167145067e-06, 2.77100321e-06, 3.01361410493e-06, 2.4591345209e-06, 1.89844661236e-06, 1.42428996242e-06, 1.43708928135e-06, 1.26796180666e-06, 1.130704959e-06, 7.9144490428e-07, 9.73717646957e-07, 9.8550083294e-07, 7.58935470913e-07, 7.87401745583e-07, 7.38380435905e-07, 8.32013824947e-07, 6.369355674e-07, 5.78069943913e-07, 4.46497011808e-07, 3.97078991909e-07],
        "dvar": [3.04644700577e-08, 4.21718539201e-07, 6.72975090765e-07, 8.88458089321e-06, 3.04873822188e-07, 1.7443908007e-07, 4.63404433049e-07, 4.31117399557e-07, 7.18963448776e-08, 4.0229263476e-08, 2.63717954141e-08, 2.33042793951e-08, 1.04280584168e-08, 4.4262198351e-09, 2.31743357837e-09, 6.97114976855e-10, 3.10671821602e-10, 1.27199931144e-10, 6.95524055017e-11, 9.11424755112e-11, 2.62776415211e-11, 2.48307849976e-11, 2.92963014958e-11, 2.11781408382e-11, 1.33566499874e-11, 6.95014228461e-12, 1.0430697972e-11, 7.1101674895e-12, 6.34650361778e-12, 3.03285846957e-12, 7.99558509679e-12, 9.2951332395e-12, 4.63406396589e-12, 5.35185177425e-12, 5.70158850688e-12, 8.66462977755e-12, 3.43796367243e-12, 2.7524319629e-12, 1.10244268142e-12, 7.35256527971e-13],
        "dvar2": [8.12259486338e-08, 1.14449778721e-06, 1.62766980338e-06, 1.99223795789e-05, 7.14860846074e-07, 3.62512110996e-07, 1.05275364604e-06, 9.73547230387e-07, 1.53835387096e-07, 8.36589606479e-08, 3.97212289727e-08, 3.45663586643e-08, 1.68560525537e-08, 7.00422564393e-09, 3.05665914802e-09, 1.10820197463e-09, 6.73172684262e-10, 2.72178085625e-10, 1.59843444036e-10, 2.28333185692e-10, 6.42485162294e-11, 6.03443683911e-11, 6.48081310839e-11, 5.03935053409e-11, 3.10484381261e-11, 1.53439708855e-11, 2.54830306162e-11, 1.67697938869e-11, 1.54855954448e-11, 7.00031655906e-12, 1.99398692002e-11, 2.39410193059e-11, 1.16225805022e-11, 1.24676848706e-11, 1.31797905922e-11, 2.05985159485e-11, 7.94343583965e-12, 6.74913337023e-12, 2.71146538382e-12, 1.86385715889e-12],
        "max": [0.00887455698103, 0.0115150939673, 0.0142634408548, 0.0520728081465, 0.00935067702085, 0.0130388801917, 0.0212622955441, 0.0196679551154, 0.00846608541906, 0.0070952414535, 0.00650956435129, 0.00759843038395, 0.00513088377193, 0.00516655156389, 0.00519468728453, 0.00193554058205, 0.000600028724875, 0.000457810732769, 0.000230844685575, 0.000250857876381, 0.000163225369761, 0.000180892835488, 0.000174580578459, 0.000134046596941, 0.000156012189109, 5.51105949853e-05, 9.51729307417e-05, 8.82353342604e-05, 5.58617066417e-05, 5.16218606208e-05, 9.89824256976e-05, 0.000141598851769, 8.47857954795e-05, 8.29582495498e-05, 9.43157065194e-05, 0.000119759351946, 6.93803158356e-05, 5.21296751685e-05, 2.28686931223e-05, 1.46019910972e-05],
        "mean": [8.51780059747e-05, 0.000509724835865, 0.00106671382673, 0.00324213388376, 0.00085570209194, 0.000372893584426, 0.000317834404996, 0.000218301211135, 0.000123405348859, 0.000104419326817, 0.000100222940091, 6.03902590228e-05, 3.91539069824e-05, 1.91034068848e-05, 1.57393296831e-05, 1.07490504888e-05, 7.01959334037e-06, 6.66827418172e-06, 4.79036407341e-06, 4.96345273859e-06, 2.97174642583e-06, 2.87954026135e-06, 3.15787497129e-06, 2.38860366153e-06, 1.84547468507e-06, 1.50385039888e-06, 1.29768795887e-06, 1.03982893052e-06, 8.98942630556e-07, 6.23300877578e-07, 6.83907956045e-07, 6.53282711482e-07, 5.1319875638e-07, 5.37183950655e-07, 4.92030721944e-07, 5.42863006103e-07, 4.10501428405e-07, 3.65955713733e-07, 2.60010892816e-07, 2.0289736824e-07],
        "median": [3.66047388525e-05, 0.000269768934231, 0.000587684568018, 0.0018329086015, 0.000589085160755, 0.000125566934003, 4.31984190072e-05, 2.55892227869e-05, 2.2070697014e-05, 2.89175604848e-05, 7.14410634828e-06, 6.58554972688e-06, 8.25020561024e-06, 4.12708277509e-06, 3.78430127057e-06, 2.74625131169e-06, 1.57413080615e-06, 1.95898792299e-06, 1.39374185437e-06, 1.44508987887e-06, 8.93627941423e-07, 8.48256775043e-07, 9.21254411423e-07, 6.42730753952e-07, 4.72840582688e-07, 3.90412651541e-07, 2.92280134317e-07, 2.01787344167e-07, 1.51544711002e-07, 1.01929636287e-07, 9.67397610907e-08, 7.82013032108e-08, 5.86931641067e-08, 5.43044684775e-08, 3.92582535369e-08, 3.40147003897e-08, 2.81289107562e-08, 2.64103743319e-08, 1.75158234583e-08, 1.17981517889e-08],
        "min": [2.1944750387e-23, 2.56505885724e-23, 2.34364879365e-23, 1.32769187322e-23, 1.00060048074e-23, 1.92722190133e-23, 1.14370892085e-23, 1.51579985814e-23, 6.24361160605e-24, 6.42166303438e-24, 1.04967181001e-23, 2.22993906956e-23, 7.8997012254e-24, 1.03494204141e-23, 6.35612052607e-24, 7.35523495064e-24, 1.13171255529e-23, 9.22050681623e-24, 1.40780937561e-23, 8.12405168912e-24, 8.98585777339e-24, 8.65492115732e-24, 7.11290634689e-24, 9.84487286777e-24, 9.53092594902e-24, 7.64701172252e-24, 1.15322384554e-23, 1.11510119567e-23, 1.37303102265e-23, 1.04031315866e-23, 1.43899352051e-23, 1.23324834124e-23, 7.99356147362e-24, 1.24710302643e-23, 1.23584172146e-23, 1.20849317606e-23, 1.10471734068e-23, 9.54197157941e-24, 8.68768570615e-24, 7.92481066801e-24],
        "var": [2.76956892975e-08, 5.05154105213e-07, 1.67228279224e-06, 1.79901890078e-05, 8.45496344937e-07, 6.43182033855e-07, 9.50394451138e-07, 8.96737674339e-07, 1.65989192169e-07, 7.95948125187e-08, 1.57685732916e-07, 1.25385255956e-07, 2.67648587737e-08, 9.56520906925e-09, 9.98322224888e-09, 2.04537076165e-09, 5.88551984926e-10, 2.36767078166e-10, 1.25117208261e-10, 1.15677446788e-10, 3.91103677222e-11, 3.73614125748e-11, 4.68905261841e-11, 2.90701508004e-11, 1.96060199326e-11, 1.12647148554e-11, 1.23203322544e-11, 8.91506833633e-12, 6.97953717391e-12, 3.6329947297e-12, 7.79588980176e-12, 8.50964698013e-12, 4.96567587396e-12, 6.89242066199e-12, 7.47303347676e-12, 1.09158177289e-11, 4.92432396942e-12, 3.47230490888e-12, 1.38891296467e-12, 6.89543908083e-13]
    },
    "mfcc": {
        "mean": [-748.726379395, 157.517990112, 20.802280426, 26.3783302307, 4.11982584, -1.43422329426, -6.16288852692, -3.74020051956, -11.4539356232, -10.6168041229, -13.076426506, -11.2109727859, -11.4558696747],
        "cov": [[10915.9511719, -85.5874633789, -830.235595703, -118.453552246, -375.921722412, -217.05456543, -358.685150146, -148.306213379, -151.992507935, 47.3890457153, 52.0926132202, 9.37779808044, 8.16637420654], [-85.5874633789, 1503.99267578, -184.59664917, -60.949131012, -116.237701416, -123.130050659, -46.8282089233, -70.6418685913, -63.5818099976, -12.4062433243, -0.909022927284, -6.47192335129, -26.2095508575], [-830.235595703, -184.59664917, 512.094238281, 23.972032547, 101.990859985, 55.231174469, 53.9418792725, 61.5734519958, 37.099319458, 14.6956481934, -0.0350884310901, 26.3092422485, 20.4147911072], [-118.453552246, -60.949131012, 23.972032547, 331.789520264, 98.6891326904, 70.3984146118, 10.5138177872, 12.5299425125, 14.8324584961, -9.07399559021, -35.1631011963, -7.15464925766, 2.45498919487], [-375.921722412, -116.237701416, 101.990859985, 98.6891326904, 249.967941284, 66.9977035522, 26.8047122955, 36.4860916138, 25.0306930542, 27.2795753479, 9.24707508087, 16.1012878418, 2.46716690063], [-217.05456543, -123.130050659, 55.231174469, 70.3984146118, 66.9977035522, 155.611465454, 62.8805007935, 37.529548645, 25.3160877228, -4.75020027161, -4.07472515106, 1.98919439316, 3.31314468384], [-358.685150146, -46.8282089233, 53.9418792725, 10.5138177872, 26.8047122955, 62.8805007935, 153.906860352, 47.1954345703, 25.8579769135, -4.91654729843, 0.836727082729, 11.3720664978, 6.07018375397], [-148.306213379, -70.6418685913, 61.5734519958, 12.5299425125, 36.4860916138, 37.529548645, 47.1954345703, 105.350791931, 30.7520694733, 5.7871723175, 5.43084859848, 11.5604152679, 16.7442741394], [-151.992507935, -63.5818099976, 37.099319458, 14.8324584961, 25.0306930542, 25.3160877228, 25.8579769135, 30.7520694733, 96.3607940674, 18.8869190216, 3.2165184021, 2.32121968269, 10.9058837891], [47.3890457153, -12.4062433243, 14.6956481934, -9.07399559021, 27.2795753479, -4.75020027161, -4.91654729843, 5.7871723175, 18.8869190216, 101.245567322, 35.0044898987, 12.2824115753, 5.32316064835], [52.0926132202, -0.909022927284, -0.0350884310901, -35.1631011963, 9.24707508087, -4.07472515106, 0.836727082729, 5.43084859848, 3.2165184021, 35.0044898987, 94.420539856, 31.4273548126, 6.36078691483], [9.37779808044, -6.47192335129, 26.3092422485, -7.15464925766, 16.1012878418, 1.98919439316, 11.3720664978, 11.5604152679, 2.32121968269, 12.2824115753, 31.4273548126, 91.5271072388, 31.8949317932], [8.16637420654, -26.2095508575, 20.4147911072, 2.45498919487, 2.46716690063, 3.31314468384, 6.07018375397, 16.7442741394, 10.9058837891, 5.32316064835, 6.36078691483, 31.8949317932, 80.000869751]],
