{
"lowlevel": {
    "average_loudness": 0.542929053307,
    "barkbands_crest": {
        "dmean": 2.2771396637,
        "dmean2": 3.55647706985,
        "dvar": 5.53152894974,
        "dvar2": 13.7150249481,
        "max": 26.7959518433,
        "mean": 11.3368902206,
        "median": 10.2233304977,
        "min": 2.62098288536,
        "var": 23.6783466339
    },
    "barkbands_flatness_db": {
        "dmean": 0.0225954819471,
        "dmean2": 0.036432299763,
        "dvar": 0.00102100649383,
        "dvar2": 0.00281736208126,
        "max": 0.526825428009,
        "mean": 0.215550243855,
        "median": 0.211419448256,
        "min": 0.0293671227992,
        "var": 0.00469631003216
    },
    "barkbands_kurtosis": {
        "dmean": 14.4067230225,
        "dmean2": 25.5105113983,
        "dvar": 13996.5683594,
        "dvar2": 42411.9609375,
        "max": 2564.29541016,
        "mean": 13.7028970718,
        "median": 2.8872218132,
        "min": -1.74672102928,
        "var": 9509.4453125
    },
    "barkbands_skewness": {
        "dmean": 0.77683287859,
        "dmean2": 1.25874626637,
        "dvar": 6.05112361908,
        "dvar2": 17.8758602142,
        "max": 44.9864044189,
        "mean": 2.0106408596,
        "median": 1.57264256477,
        "min": -1.85134994984,
        "var": 7.19540071487
    },
    "barkbands_spread": {
        "dmean": 3.37757492065,
        "dmean2": 5.8091711998,
        "dvar": 41.8197975159,
        "dvar2": 123.1926651,
        "max": 81.6449127197,
        "mean": 11.6541786194,
        "median": 10.382689476,
        "min": 0.136228203773,
        "var": 56.2489471436
    },
    "dissonance": {
        "dmean": 0.0260970816016,
        "dmean2": 0.0440165325999,
        "dvar": 0.000600295199547,
        "dvar2": 0.00165519397706,
        "max": 0.500000178814,
        "mean": 0.448906302452,
        "median": 0.457314431667,
        "min": 0.215174332261,
        "var": 0.00148250488564
    },
    "dynamic_complexity": 5.15458679199,
    "erbbands_crest": {
        "dmean": 2.82375001907,
        "dmean2": 4.55181455612,
        "dvar": 6.86324453354,
        "dvar2": 17.116437912,
        "max": 31.6866493225,
        "mean": 10.2059803009,
        "median": 9.22670650482,
        "min": 1.82195353508,
        "var": 22.6113739014
    },
    "erbbands_flatness_db": {
        "dmean": 0.0189972873777,
        "dmean2": 0.0287824757397,
        "dvar": 0.000362584658433,
        "dvar2": 0.000848189054523,
        "max": 0.391120940447,
        "mean": 0.202800199389,
        "median": 0.198021188378,
        "min": 0.0298744048923,
        "var": 0.00291766389273
    },
    "erbbands_kurtosis": {
        "dmean": 1.13000965118,
        "dmean2": 1.78174328804,
        "dvar": 2.8171505928,
        "dvar2": 6.69798612595,
        "max": 48.0173683167,
        "mean": 1.39392614365,
        "median": 0.500302791595,
        "min": -1.66247498989,
        "var": 10.6834163666
    },
    "erbbands_skewness": {
        "dmean": 0.322625219822,
        "dmean2": 0.514422237873,
        "dvar": 0.0865386873484,
        "dvar2": 0.223521411419,
        "max": 4.67870426178,
        "mean": 0.446920901537,
        "median": 0.390925347805,
        "min": -3.39545536041,
        "var": 0.599211812019
    },
    "erbbands_spread": {
        "dmean": 6.53725481033,
        "dmean2": 10.5688056946,
        "dvar": 84.8135681152,
        "dvar2": 228.666488647,
        "max": 123.968185425,
        "mean": 25.0067615509,
        "median": 22.6276359558,
        "min": 1.45532655716,
        "var": 189.493850708
    },
    "hfc": {
        "dmean": 4.85834407806,
        "dmean2": 7.86203384399,
        "dvar": 97.1661605835,
        "dvar2": 262.95880127,
        "max": 221.92364502,
        "mean": 16.6988391876,
        "median": 14.4779682159,
        "min": 1.11830411599e-16,
        "var": 206.999801636
    },
    "melbands_crest": {
        "dmean": 3.01910614967,
        "dmean2": 4.85898637772,
        "dvar": 8.56795120239,
        "dvar2": 22.0009670258,
        "max": 39.8022956848,
        "mean": 15.3522462845,
        "median": 14.121339798,
        "min": 2.6189365387,
        "var": 35.6297607422
    },
    "melbands_flatness_db": {
        "dmean": 0.0282197333872,
        "dmean2": 0.0460951626301,
        "dvar": 0.00140306074172,
        "dvar2": 0.00378008792177,
        "max": 0.603108227253,
        "mean": 0.294463962317,
        "median": 0.284967720509,
        "min": 0.00633905967698,
        "var": 0.00642080791295
    },
    "melbands_kurtosis": {
        "dmean": 16.6064682007,
        "dmean2": 29.0038509369,
        "dvar": 13981.1357422,
        "dvar2": 43173.3359375,
        "max": 2976.94091797,
        "mean": 18.371383667,
        "median": 5.80298900604,
        "min": -1.63171756268,
        "var": 9808.80273438
    },
    "melbands_skewness": {
        "dmean": 0.887931466103,
        "dmean2": 1.41862165928,
        "dvar": 5.70935773849,
        "dvar2": 16.9026107788,
        "max": 48.3553848267,
        "mean": 2.53899025917,
        "median": 2.08649158478,
        "min": -1.0095846653,
        "var": 7.27554988861
    },
    "melbands_spread": {
        "dmean": 4.10672807693,
        "dmean2": 6.91591072083,
        "dvar": 67.7806396484,
        "dvar2": 190.174530029,
        "max": 144.015777588,
        "mean": 13.0233621597,
        "median": 11.3643321991,
        "min": 0.183512508869,
        "var": 88.1010742188
    },
    "pitch_salience": {
        "dmean": 0.0681793689728,
        "dmean2": 0.110641092062,
        "dvar": 0.00483826873824,
        "dvar2": 0.0127118714154,
        "max": 0.893156409264,
        "mean": 0.515535831451,
        "median": 0.536102235317,
        "min": 0.0168509595096,
        "var": 0.019118597731
    },
    "silence_rate_20dB": {
        "dmean": 0,
        "dmean2": 0,
        "dvar": 0,
        "dvar2": 0,
        "max": 1,
        "mean": 1,
        "median": 1,
        "min": 1,
        "var": 0
    },
    "silence_rate_30dB": {
        "dmean": 0.0499476082623,
        "dmean2": 0.0999039411545,
        "dvar": 0.0474552549422,
        "dvar2": 0.10338447988,
        "max": 1,
        "mean": 0.898978412151,
        "median": 1,
        "min": 0,
        "var": 0.090819992125
    },
    "silence_rate_60dB": {
        "dmean": 0.00261962972581,
        "dmean2": 0.00523971719667,
        "dvar": 0.00261352350935,
        "dvar2": 0.00591046363115,
        "max": 1,
        "mean": 0.0885357558727,
        "median": 0,
        "min": 0,
        "var": 0.0806948766112
    },
    "spectral_centroid": {
        "dmean": 167.799789429,
        "dmean2": 290.791259766,
        "dvar": 107733.203125,
        "dvar2": 300848.1875,
        "max": 10568.0380859,
        "mean": 772.260192871,
        "median": 643.786682129,
        "min": 124.721366882,
        "var": 254011.96875
    },
    "spectral_complexity": {
        "dmean": 2.71638131142,
        "dmean2": 4.58466529846,
        "dvar": 14.1387519836,
        "dvar2": 36.2925605774,
        "max": 52,
        "mean": 16.6751060486,
        "median": 17,
        "min": 0,
        "var": 70.7111740112
    },
    "spectral_decrease": {
        "dmean": 3.3864111515e-09,
        "dmean2": 5.10031528123e-09,
        "dvar": 2.39170936139e-17,
        "dvar2": 5.10382944916e-17,
        "max": -3.63935638983e-29,
        "mean": -1.48884975459e-08,
        "median": -1.22653025514e-08,
        "min": -1.05557596441e-07,
        "var": 1.61085893642e-16
    },
    "spectral_energy": {
        "dmean": 0.0130111351609,
        "dmean2": 0.0195668507367,
        "dvar": 0.000347925582901,
        "dvar2": 0.000737223541364,
        "max": 0.401339739561,
        "mean": 0.0577070750296,
        "median": 0.0478470921516,
        "min": 1.02807071394e-20,
        "var": 0.00236878031865
    },
    "spectral_energyband_high": {
        "dmean": 0.000313535827445,
        "dmean2": 0.000577214814257,
        "dvar": 1.60615218192e-06,
        "dvar2": 4.7011890274e-06,
        "max": 0.0248545762151,
        "mean": 0.000316171033774,
        "median": 5.78641665925e-05,
        "min": 7.50647099626e-21,
        "var": 1.06100299035e-06
    },
    "spectral_energyband_low": {
        "dmean": 0.00982646923512,
        "dmean2": 0.0150541458279,
        "dvar": 0.000284853333142,
        "dvar2": 0.000636165787,
        "max": 0.328323364258,
        "mean": 0.0242122374475,
        "median": 0.017576765269,
        "min": 5.09116975832e-23,
        "var": 0.000611224502791
    },
    "spectral_energyband_middle_high": {
        "dmean": 0.00167580565903,
        "dmean2": 0.00263043353334,
        "dvar": 6.19902493781e-06,
        "dvar2": 1.47641958392e-05,
        "max": 0.0532927289605,
        "mean": 0.00556871015579,
        "median": 0.00407881755382,
        "min": 1.54226280305e-21,
        "var": 3.63917424693e-05
    },
    "spectral_energyband_middle_low": {
        "dmean": 0.00526525592431,
        "dmean2": 0.00828055758029,
        "dvar": 4.46156373073e-05,
        "dvar2": 0.00011245431233,
        "max": 0.106362298131,
        "mean": 0.0182655639946,
        "median": 0.0168380271643,
        "min": 3.70819479686e-22,
        "var": 0.000178254209459
    },
    "spectral_entropy": {
        "dmean": 0.189988568425,
        "dmean2": 0.304434090853,
        "dvar": 0.0530701689422,
        "dvar2": 0.134416162968,
        "max": 9.80060958862,
        "mean": 7.01094532013,
        "median": 7.01456260681,
        "min": 5.29758310318,
        "var": 0.279844492674
    },
    "spectral_flux": {
        "dmean": 0.0291865803301,
        "dmean2": 0.0462724454701,
        "dvar": 0.00127829273697,
        "dvar2": 0.00295690982603,
        "max": 0.462129384279,
        "mean": 0.0885451436043,
        "median": 0.0808851271868,
        "min": 1.01393823893e-10,
        "var": 0.00320873735473
    },
    "spectral_kurtosis": {
        "dmean": 5.51458072662,
        "dmean2": 9.51792049408,
        "dvar": 52.4524803162,
        "dvar2": 153.001556396,
        "max": 96.5103149414,
        "mean": 12.5426130295,
        "median": 8.59662151337,
        "min": -1.24725270271,
        "var": 131.876373291
    },
    "spectral_rms": {
        "dmean": 0.00079333037138,
        "dmean2": 0.0011832297314,
        "dvar": 9.03587192624e-07,
        "dvar2": 1.85809062714e-06,
        "max": 0.0197876468301,
        "mean": 0.00676416326314,
        "median": 0.00683228299022,
        "min": 3.16701092434e-12,
        "var": 1.05460039777e-05
    },
    "spectral_rolloff": {
        "dmean": 192.038818359,
        "dmean2": 343.296203613,
        "dvar": 266547.40625,
        "dvar2": 659641,
        "max": 18583.1542969,
        "mean": 584.36529541,
        "median": 516.796875,
        "min": 21.533203125,
        "var": 266319.25
    },
    "spectral_skewness": {
        "dmean": 0.48745200038,
        "dmean2": 0.834646582603,
        "dvar": 0.295230031013,
        "dvar2": 0.842166125774,
        "max": 7.68846130371,
        "mean": 2.43582391739,
        "median": 2.19644141197,
        "min": 0.0387104153633,
        "var": 1.01347613335
    },
    "spectral_spread": {
        "dmean": 420808.78125,
        "dmean2": 644076.875,
        "dvar": 449020002304,
        "dvar2": 848566812672,
        "max": 41686588,
        "mean": 2961233.75,
        "median": 2781733,
        "min": 746873.9375,
        "var": 1.64496500326e+12
    },
    "spectral_strongpeak": {
        "dmean": 0.310878127813,
        "dmean2": 0.536007702351,
        "dvar": 0.49751868844,
        "dvar2": 1.17140984535,
        "max": 11.6463012695,
        "mean": 0.474750876427,
        "median": 0.169825479388,
        "min": 0,
        "var": 0.918393909931
    },
    "zerocrossingrate": {
        "dmean": 0.00408711703494,
        "dmean2": 0.00551688298583,
        "dvar": 4.94658161188e-05,
        "dvar2": 5.68449868297e-05,
        "max": 0.50048828125,
        "mean": 0.0246893893927,
        "median": 0.0224609375,
        "min": 0,
        "var": 0.000192088453332
    },
    "barkbands": {
        "dmean": [0.00309098046273, 0.00701021309942, 0.00383729441091, 0.00229703146033, 0.0021602101624, 0.0010553940665, 0.00138979707845, 0.00131158262957, 0.000455062865512, 0.000808123964816, 0.000852202938404, 0.000317629339406, 0.000216733940761, 0.000193435829715, 0.000220645219088, 0.000166615805938, 8.45128961373e-05, 5.19943168911e-05, 0.000103078215034, 7.11322718416e-05, 0.000147811311763, 8.68814240675e-05, 2.67669038294e-05, 1.64853572642e-05, 7.9505798567e-06, 1.04380637822e-06, 4.32791189553e-08],
        "dmean2": [0.00441595353186, 0.0105202998966, 0.00641747005284, 0.00380894471891, 0.00359736545943, 0.00158864853438, 0.00200779014267, 0.00204905867577, 0.000725519203115, 0.00121071573813, 0.001348414924, 0.000534403021447, 0.000359149737051, 0.000314934877679, 0.000354357005563, 0.000269161682809, 0.00013991475862, 8.73702520039e-05, 0.000184945049114, 0.000130048239953, 0.000279328291072, 0.000162519500009, 4.40411786258e-05, 2.44642997131e-05, 1.15476868814e-05, 1.61527816545e-06, 7.73812871557e-08],
        "dvar": [5.84344415984e-05, 0.000214051819057, 6.07500878687e-05, 9.39729488891e-06, 1.18402049338e-05, 2.87485772787e-06, 5.81103904551e-06, 5.1825149967e-06, 5.62658215131e-07, 2.41356565311e-06, 2.68258077085e-06, 2.98148933098e-07, 1.73858310859e-07, 1.2356291279e-07, 1.50788139308e-07, 1.59047985449e-07, 3.98964381532e-08, 1.18300960139e-08, 1.2624042256e-07, 5.68116185207e-08, 3.89729223116e-07, 1.36389559202e-07, 8.03542832273e-09, 2.47599407643e-09, 5.538798864e-10, 4.03766083068e-11, 1.63439520164e-13],
        "dvar2": [9.82093333732e-05, 0.000461518939119, 0.000167731879628, 2.6838561098e-05, 3.13548480335e-05, 6.65859852234e-06, 1.14472250061e-05, 1.20139447972e-05, 1.35499340104e-06, 5.10378640683e-06, 6.3213606154e-06, 8.01416035756e-07, 4.78648701119e-07, 3.13174126632e-07, 3.85206277542e-07, 4.10294120456e-07, 1.10227425409e-07, 3.22479678516e-08, 3.68315227206e-07, 1.66569549265e-07, 1.15216130325e-06, 4.01298734687e-07, 2.13273558813e-08, 5.23719423384e-09, 1.17459064697e-09, 8.57405743626e-11, 4.65760026033e-13],
        "max": [0.314086019993, 0.242761969566, 0.114059790969, 0.0548239052296, 0.0498691238463, 0.0517652966082, 0.0572020150721, 0.0647264793515, 0.0183981303126, 0.0482022501528, 0.0386417284608, 0.0114495530725, 0.00889485515654, 0.00702307699248, 0.00855947006494, 0.011069717817, 0.0053022839129, 0.0017911066534, 0.00698109669611, 0.00516182836145, 0.0115986466408, 0.00709576765075, 0.00194973137695, 0.001205475186, 0.00105081801303, 0.000584007473662, 2.52269892371e-05],
        "mean": [0.0162535607815, 0.012292617932, 0.00525772245601, 0.00506559200585, 0.00389671651646, 0.0023242761381, 0.00315448455513, 0.00248258793727, 0.000781025039032, 0.00174667255487, 0.00175914331339, 0.000530093384441, 0.000351828202838, 0.000356046104571, 0.000402002828196, 0.0003303764679, 0.000157684000442, 9.26665306906e-05, 0.000119754608022, 8.31384895719e-05, 0.000123720557895, 7.20107418601e-05, 3.26300796587e-05, 2.58777345152e-05, 1.25292781377e-05, 2.33825426221e-06, 7.14688965786e-08],
        "median": [0.00228329864331, 0.00638708984479, 0.00312580075115, 0.00421987753361, 0.00249934988096, 0.00118474999908, 0.00142085901462, 0.0010003214702, 0.000453950895462, 0.000719369854778, 0.000560504151508, 0.000279353465885, 0.000163666627486, 0.000180221410119, 0.000186918972759, 0.000117734300147, 6.85885170242e-05, 3.92669135181e-05, 3.4732867789e-05, 2.22984781431e-05, 2.3935272111e-05, 8.5339670477e-06, 2.61522268374e-06, 2.60642627836e-06, 7.24858466583e-07, 2.32499303365e-07, 1.86660447099e-08],
        "min": [2.0199377096e-24, 3.26554809287e-23, 1.08398165847e-23, 7.54575748103e-24, 1.26484266225e-22, 7.21262088966e-23, 2.4562812493e-23, 4.34021961494e-23, 9.0492411694e-23, 2.64913470588e-23, 1.01948937646e-22, 6.50096296134e-23, 1.5063489574e-22, 6.24850285921e-23, 1.95064816721e-22, 1.01447512411e-22, 1.16147209628e-22, 2.59830132957e-22, 3.21414572696e-22, 2.91933515381e-22, 3.58942793794e-22, 4.8933640223e-22, 5.77320823158e-22, 6.48773041919e-22, 1.59459348786e-21, 1.58538413632e-21, 2.33266366574e-21],
        "var": [0.00107565207873, 0.000338512909366, 5.35991530342e-05, 1.99372734642e-05, 1.96164037334e-05, 1.07020441646e-05, 2.24156920012e-05, 1.80145561899e-05, 1.15612988338e-06, 1.11888411993e-05, 1.13479372885e-05, 5.48514094589e-07, 3.09095753437e-07, 2.72649941735e-07, 4.0708428628e-07, 4.77549633615e-07, 6.32050145555e-08, 2.07452686141e-08, 8.88119586762e-08, 4.30517452799e-08, 2.25259029207e-07, 8.33992501725e-08, 9.12393538499e-09, 5.41728129022e-09, 1.77630021803e-09, 2.28890351117e-10, 1.59783278731e-13]
    },
    "erbbands": {
        "dmean": [0.222992062569, 1.60392379761, 4.27489376068, 5.63253116608, 7.21219730377, 7.2079615593, 8.28388595581, 8.64654827118, 15.8669080734, 34.6930732727, 17.448841095, 11.7183961868, 18.0226478577, 24.3460102081, 36.4175338745, 14.2271509171, 9.59473609924, 11.1565971375, 9.69295310974, 10.8496894836, 6.01632785797, 3.7582514286, 2.88354659081, 3.44384479523, 5.53048276901, 3.40081930161, 5.86475801468, 4.91739988327, 3.13759541512, 1.72713065147, 0.661798834801, 0.439598858356, 0.244246423244, 0.12460334599, 0.0375309698284, 0.00852028094232, 0.00132374628447, 0.00010570257291, 1.31821980176e-05, 1.44512341649e-05],
        "dmean2": [0.336109727621, 2.4510781765, 7.11470842361, 9.57651042938, 12.228843689, 11.7370319366, 13.1798038483, 13.1752204895, 21.4408149719, 54.4908866882, 27.1532897949, 18.5238933563, 27.731294632, 36.40076828, 58.1747779846, 23.8406658173, 15.8665914536, 18.121471405, 15.6840190887, 17.5141906738, 9.73767948151, 6.29857110977, 4.85696458817, 5.74264526367, 10.128692627, 6.15126276016, 11.0501480103, 9.22599697113, 5.88218641281, 3.20663619041, 1.04670524597, 0.665523886681, 0.373322427273, 0.184976056218, 0.0569474585354, 0.0131214596331, 0.00202935840935, 0.000171451945789, 2.17650158447e-05, 2.1731830202e-05],
        "dvar": [0.179724887013, 12.4523324966, 75.9473342896, 72.7127151489, 129.048294067, 130.333679199, 155.329559326, 238.491271973, 954.809387207, 3549.79736328, 957.955444336, 404.55960083, 964.747375488, 2581.40722656, 5239.01123047, 647.637329102, 373.23739624, 439.2215271, 395.513580322, 439.385437012, 149.925811768, 89.4443817139, 38.0448379517, 71.5060119629, 404.759216309, 120.328918457, 569.539978027, 437.284545898, 172.979827881, 47.6977996826, 4.52875423431, 1.7823330164, 0.583940982819, 0.140871554613, 0.014246897772, 0.00155102764256, 0.000157110785949, 1.09101199541e-06, 5.2474069534e-09, 4.37568370426e-10],
        "dvar2": [0.446042895317, 26.4797992706, 205.391036987, 209.981811523, 363.844787598, 328.785949707, 382.960449219, 568.063842773, 1684.61340332, 8497.0703125, 2187.03198242, 961.765808105, 2102.71142578, 5335.66357422, 12641.0283203, 1721.7454834, 1022.5769043, 1125.65148926, 976.88873291, 1168.63806152, 392.361450195, 252.773834229, 103.964195251, 194.208251953, 1190.70910645, 350.689880371, 1689.50134277, 1282.1282959, 510.192749023, 139.768753052, 11.5715408325, 3.95328593254, 1.31535077095, 0.310178369284, 0.0324307344854, 0.00374101684429, 0.000351885915734, 2.79381197288e-06, 1.4569669915e-08, 9.0513269102e-10],
        "max": [7.73413276672, 68.4440460205, 145.756958008, 150.144699097, 168.074615479, 161.968917847, 306.498779297, 374.490539551, 873.402038574, 1206.91186523, 671.404663086, 533.556091309, 846.522399902, 1784.50183105, 1645.77258301, 577.221252441, 431.462249756, 410.904083252, 527.265197754, 501.858825684, 311.796813965, 271.301361084, 102.99848938, 158.953445435, 404.092285156, 249.478668213, 432.22479248, 402.445861816, 256.255523682, 129.29989624, 46.9438095093, 21.3778324127, 26.7394313812, 13.2901763916, 8.05471229553, 3.18096089363, 1.21821320057, 0.0820173621178, 0.00445489166304, 0.000469952530693],
        "mean": [0.444458544254, 2.55292153358, 6.21326637268, 11.7660169601, 14.0247945786, 12.9190664291, 16.7723274231, 18.2224082947, 37.5150794983, 68.4205322266, 35.1407432556, 21.7367324829, 35.7820320129, 55.9586677551, 75.2112121582, 26.5482082367, 17.0037403107, 21.2574291229, 18.7999477386, 21.9719104767, 13.3927297592, 7.32008123398, 5.44883918762, 5.69517993927, 5.83503007889, 4.30966424942, 4.91459751129, 4.22738313675, 2.63521099091, 1.62495493889, 0.872511327267, 0.628010928631, 0.379818439484, 0.188446491957, 0.0640555098653, 0.0175930075347, 0.0030514919199, 0.000238892665948, 4.36865157099e-05, 6.48316417937e-05],
        "median": [0.260406762362, 1.22431004047, 3.73905873299, 10.0015573502, 10.8848562241, 7.43327903748, 9.51962852478, 8.47889614105, 15.796995163, 30.7119312286, 17.2240638733, 13.185218811, 18.6496906281, 23.4227581024, 28.0546550751, 15.2497081757, 8.85368919373, 11.0683813095, 8.87316226959, 9.63698673248, 6.48278188705, 3.72496700287, 2.62828540802, 2.22661876678, 1.59530115128, 1.30217504501, 0.995300650597, 0.75542396307, 0.355821639299, 0.164397597313, 0.0719613656402, 0.0491351634264, 0.0371467508376, 0.01145195961, 0.00412087421864, 0.00153967377264, 0.000348135596141, 5.19904679095e-05, 2.98817067232e-05, 5.40695473319e-05],
        "min": [6.93705094954e-22, 8.52374482216e-21, 1.04816118618e-20, 2.77427944085e-20, 8.77099993168e-20, 6.9035030848e-19, 5.20274374817e-19, 6.20312977714e-19, 2.41499955178e-19, 6.78285827547e-19, 1.05601092663e-18, 1.72140059484e-18, 1.7273709777e-18, 1.49819996861e-18, 4.83099947511e-18, 2.62633111849e-18, 5.56864978047e-18, 5.27937396691e-18, 9.62402060675e-18, 6.66262964138e-18, 5.64682537939e-18, 7.04436439509e-18, 1.13836901956e-17, 1.38694729883e-17, 2.07494468172e-17, 1.2761002991e-17, 1.54676802303e-17, 1.45920814278e-17, 1.87555047896e-17, 1.36865858364e-17, 1.76198420568e-17, 1.12699015762e-17, 1.43133678835e-17, 1.82722741475e-17, 1.03747416066e-17, 6.06744589369e-18, 2.92316550169e-18, 1.37244266611e-18, 3.12887658294e-19, 3.26851016333e-20],
        "var": [0.320326983929, 18.2719593048, 74.0506057739, 107.235527039, 191.907516479, 261.035980225, 452.352996826, 834.776855469, 3744.13793945, 10955.125, 3207.92285156, 880.112976074, 3347.77612305, 12317.6210938, 18535.6621094, 1305.97216797, 678.763061523, 980.46685791, 1110.79284668, 1322.55419922, 480.331451416, 119.407455444, 62.8564605713, 98.5617446899, 270.671539307, 99.5765991211, 329.929901123, 259.804138184, 106.353279114, 32.2842826843, 6.07357120514, 3.29338407516, 1.2303839922, 0.333135634661, 0.0626314729452, 0.00888426229358, 0.0005788745475, 2.3175921342e-06, 7.03537983426e-09, 2.92661339607e-09]
    },
    "gfcc": {
        "mean": [-60.2485046387, 158.111709595, -113.446517944, 23.3075389862, -47.0344161987, 9.38191986084, -22.4062271118, 2.15011501312, -12.4122648239, -3.35580706596, -9.53780651093, -5.79014492035, -0.931136190891],
        "cov": [[22049.3300781, 966.961853027, -1192.62438965, 1052.5802002, -565.422241211, 1114.25500488, -64.2220001221, 76.0669784546, -325.002593994, -29.3111057281, -141.305770874, -451.155944824, -58.8565368652], [966.961853027, 1704.86645508, 7.59156560898, -522.981323242, 243.778579712, -315.165222168, 143.650177002, -201.218673706, 145.142700195, -118.797073364, 47.6542701721, -122.288749695, 12.3904666901], [-1192.62438965, 7.59156560898, 682.86529541, 45.738193512, 114.261276245, 7.27056598663, 19.6255264282, 100.613365173, 62.8767738342, 37.9491577148, -3.84732937813, 70.1444473267, 16.2188625336], [1052.5802002, -522.981323242, 45.738193512, 587.817749023, -21.8501663208, 171.294342041, 28.640920639, 75.5372543335, -20.1908760071, 20.5894298553, -22.4652843475, -14.0090265274, 1.88884007931], [-565.422241211, 243.778579712, 114.261276245, -21.8501663208, 339.133117676, 34.376083374, 85.5739135742, -7.50413703918, 39.7517776489, -11.6456680298, 8.60877513885, -14.0729694366, 5.33749008179], [1114.25500488, -315.165222168, 7.27056598663, 171.294342041, 34.376083374, 323.431304932, 11.5926418304, 82.9181976318, -58.3453216553, 8.08228206635, -26.1670703888, -19.3689422607, -10.5488138199], [-64.2220001221, 143.650177002, 19.6255264282, 28.640920639, 85.5739135742, 11.5926418304, 138.10697937, 0.795163869858, 42.5745887756, -5.56307458878, 16.5941314697, -16.249080658, 3.12993121147], [76.0669784546, -201.218673706, 100.613365173, 75.5372543335, -7.50413703918, 82.9181976318, 0.795163869858, 107.266784668, 6.73679876328, 18.6714076996, -15.1190748215, 22.344121933, 2.44599437714], [-325.002593994, 145.142700195, 62.8767738342, -20.1908760071, 39.7517776489, -58.3453216553, 42.5745887756, 6.73679876328, 105.057739258, 26.7663669586, 28.139837265, -1.89224636555, 2.52741336823], [-29.3111057281, -118.797073364, 37.9491577148, 20.5894298553, -11.6456680298, 8.08228206635, -5.56307458878, 18.6714076996, 26.7663669586, 101.919273376, 36.8067207336, 24.6689605713, -15.5100545883], [-141.305770874, 47.6542701721, -3.84732937813, -22.4652843475, 8.60877513885, -26.1670703888, 16.5941314697, -15.1190748215, 28.139837265, 36.8067207336, 74.3516235352, 20.268371582, -8.24621677399], [-451.155944824, -122.288749695, 70.1444473267, -14.0090265274, -14.0729694366, -19.3689422607, -16.249080658, 22.344121933, -1.89224636555, 24.6689605713, 20.268371582, 84.791053772, 31.7984848022], [-58.8565368652, 12.3904666901, 16.2188625336, 1.88884007931, 5.33749008179, -10.5488138199, 3.12993121147, 2.44599437714, 2.52741336823, -15.5100545883, -8.24621677399, 31.7984848022, 65.3487014771]],
        "icov": [[0.000274625577731, -0.00120929582044, 0.000598599610385, -0.0010518435156, 0.000807819655165, -0.00123802723829, 0.000665881729219, -0.000931121467147, 0.000912946416065, -0.00125165260397, 0.000564898247831, -0.000508906377945, 8.21354915388e-05], [-0.00120929582044, 0.00734085962176, -0.00318886269815, 0.0060157016851, -0.00411861762404, 0.00614977255464, -0.00389264826663, 0.00574629986659, -0.00521362898871, 0.00706587452441, -0.00399384973571, 0.0057784174569, -0.00200004596263], [0.000598599610385, -0.00318886269815, 0.00358117045835, -0.00280792196281, 0.00108134979382, -0.00257436465472, 0.00191926723346, -0.00409910175949, 0.00125142536126, -0.00322895171121, 0.00257221073844, -0.00394484261051, 0.00132308911998], [-0.0010518435156, 0.0060157016851, -0.00280792196281, 0.00714235147461, -0.00308245234191, 0.00436075730249, -0.00384134519845, 0.0039584254846, -0.00400488963351, 0.00524401199073, -0.00301564671099, 0.00518465368077, -0.00210984027945], [0.000807819655165, -0.00411861762404, 0.00108134979382, -0.00308245234191, 0.00660478370264, -0.00499091437086, 0.000200139518711, -0.00158554606605, 0.002001875313, -0.0035661153961, 0.00207271147519, -0.00221512629651, 0.000449452811154], [-0.00123802723829, 0.00614977255464, -0.00257436465472, 0.00436075730249, -0.00499091437086, 0.0117972837761, -0.00395612046123, -0.000423060148023, 0.000145657933899, 0.00477144494653, -0.00401058420539, 0.00662024412304, -0.00185150129255], [0.000665881729219, -0.00389264826663, 0.00191926723346, -0.00384134519845, 0.000200139518711, -0.00395612046123, 0.0124918008223, -0.00331818219274, -0.000955149589572, -0.00192968465853, -0.00054088095203, -0.00120373058598, -6.01563187956e-05], [-0.000931121467147, 0.00574629986659, -0.00409910175949, 0.0039584254846, -0.00158554606605, -0.000423060148023, -0.00331818219274, 0.0226878747344, -0.00946276634932, 0.00493219867349, 0.0028973899316, -0.002480504103, 0.00145495007746], [0.000912946416065, -0.00521362898871, 0.00125142536126, -0.00400488963351, 0.002001875313, 0.000145657933899, -0.000955149589572, -0.00946276634932, 0.0216632783413, -0.00962605513632, -0.00270609534346, 0.00347879203036, -0.00328087690286], [-0.00125165260397, 0.00706587452441, -0.00322895171121, 0.00524401199073, -0.0035661153961, 0.00477144494653, -0.00192968465853, 0.00493219867349, -0.00962605513632, 0.0223975386471, -0.00896456558257, -0.000100559504062, 0.00375799671747], [0.000564898247831, -0.00399384973571, 0.00257221073844, -0.00301564671099, 0.00207271147519, -0.00401058420539, -0.00054088095203, 0.0028973899316, -0.00270609534346, -0.00896456558257, 0.0251904372126, -0.0130368247628, 0.00731495628133], [-0.000508906377945, 0.0057784174569, -0.00394484261051, 0.00518465368077, -0.00221512629651, 0.00662024412304, -0.00120373058598, -0.002480504103, 0.00347879203036, -0.000100559504062, -0.0130368247628, 0.0327255763113, -0.0170523412526], [8.21354915388e-05, -0.00200004596263, 0.00132308911998, -0.00210984027945, 0.000449452811154, -0.00185150129255, -6.01563187956e-05, 0.00145495007746, -0.00328087690286, 0.00375799671747, 0.00731495628133, -0.0170523412526, 0.0253406632692]]
    },
    "melbands": {
        "dmean": [0.00203288299963, 0.00203945161775, 0.000971950765233, 0.000499633140862, 0.000287609407678, 0.000199357556994, 0.000247202668106, 0.000369503744878, 0.000124011537991, 7.17848524801e-05, 9.17154829949e-05, 0.000103594946268, 0.000121323755593, 5.32952981303e-05, 2.79280939139e-05, 1.87399182323e-05, 2.24978339247e-05, 1.5206858734e-05, 1.23407817227e-05, 1.74984124897e-05, 5.57096063858e-06, 4.18523995904e-06, 3.78432309844e-06, 2.97466772281e-06, 2.70012401415e-06, 4.76674813399e-06, 2.56167231782e-06, 2.26304973694e-06, 3.50913069269e-06, 4.50513243777e-06, 2.36365576711e-06, 1.91072535927e-06, 1.55529107815e-06, 7.11638790563e-07, 3.68451452459e-07, 3.8322187379e-07, 2.18274351482e-07, 1.77493063802e-07, 1.54918353701e-07, 9.32830701572e-08],
        "dmean2": [0.00302411685698, 0.00327725009993, 0.00163435889408, 0.000836567836814, 0.000461039686343, 0.000299373961752, 0.000339009449817, 0.000580897904001, 0.000193331943592, 0.000114444039355, 0.000141550495755, 0.000154732726514, 0.000192792955204, 8.76829581102e-05, 4.64757104055e-05, 3.0984498153e-05, 3.65135092579e-05, 2.46671879722e-05, 2.00609083549e-05, 2.81840148091e-05, 9.17959096114e-06, 7.07107483322e-06, 6.25695520284e-06, 4.95728500027e-06, 4.44392162535e-06, 8.70051735546e-06, 4.66212895844e-06, 4.07764810006e-06, 6.56956672174e-06, 8.56802944327e-06, 4.38239521827e-06, 3.57819590135e-06, 2.94532947009e-06, 1.29116642711e-06, 5.67024017073e-07, 6.08733330409e-07, 3.16324019423e-07, 2.74650602705e-07, 2.33430810681e-07, 1.39461178605e-07],
        "dvar": [1.56719834195e-05, 1.69648137671e-05, 2.10525672628e-06, 6.91136904152e-07, 1.74952972998e-07, 1.18039039876e-07, 2.21843421855e-07, 4.03718956932e-07, 4.80850168572e-08, 1.50213548267e-08, 2.44989877274e-08, 5.10157320832e-08, 5.411043702e-08, 8.84306672333e-09, 2.36123498532e-09, 1.18556098272e-09, 1.79142944923e-09, 9.62791846248e-10, 4.39742464664e-10, 1.62431990081e-09, 9.77328842855e-11, 8.3218321123e-11, 1.10342866788e-10, 3.89929893929e-11, 4.08212109948e-11, 2.89718332658e-10, 8.39334990399e-11, 4.96101666692e-11, 1.78335415879e-10, 3.88292259457e-10, 9.35495847454e-11, 6.38025604571e-11, 4.37320006597e-11, 6.98717819714e-12, 1.2472520846e-12, 1.5445344656e-12, 4.18335071445e-13, 3.1364982226e-13, 2.18553650112e-13, 8.48997115015e-14],
        "dvar2": [3.57385943062e-05, 4.22514349339e-05, 6.02007548878e-06, 1.84492876087e-06, 4.39039496314e-07, 2.72195933348e-07, 3.96958853344e-07, 9.65711592471e-07, 1.09931015402e-07, 3.63431666983e-08, 5.38594342459e-08, 1.05857900223e-07, 1.28893219653e-07, 2.21000160394e-08, 6.4575682579e-09, 3.23980797745e-09, 4.5365409207e-09, 2.40369191218e-09, 1.17090881435e-09, 4.17770440464e-09, 2.6560750821e-10, 2.35750058364e-10, 2.96737440175e-10, 1.02876658581e-10, 1.06745556838e-10, 8.46707648439e-10, 2.48916470769e-10, 1.44019407511e-10, 5.30593735615e-10, 1.14330078738e-09, 2.73003758489e-10, 1.87973192567e-10, 1.29558946904e-10, 2.00023730218e-11, 3.05939366722e-12, 3.87548023187e-12, 8.57329669497e-13, 7.20787849979e-13, 4.839090283e-13, 1.91919668092e-13],
        "max": [0.0678112506866, 0.0876158848405, 0.0263011138886, 0.0135789513588, 0.00841211155057, 0.00839147064835, 0.0131045356393, 0.014927812852, 0.00495540909469, 0.00353189837188, 0.0041851173155, 0.00793364271522, 0.00564092025161, 0.00189590023365, 0.000871041032951, 0.00075621920405, 0.000849519739859, 0.000792954058852, 0.000479672889924, 0.00108241860289, 0.000219630223, 0.00022965669632, 0.00028534210287, 0.000103821235825, 0.000111836336146, 0.000339022546541, 0.000199251240701, 0.000154382942128, 0.000241508329054, 0.000363880215446, 0.000188393067219, 0.000157726448379, 0.000119100441225, 5.19205859746e-05, 2.41645484493e-05, 2.30407185882e-05, 1.6518693883e-05, 2.23723345698e-05, 9.0514531621e-06, 1.44381965583e-05],
        "mean": [0.00420645298436, 0.0032572967466, 0.00218354421668, 0.000945108418819, 0.000584429479204, 0.000423130579293, 0.00059318455169, 0.000723728328012, 0.000242256573983, 0.000125962673337, 0.00017924956046, 0.000224421804887, 0.000252459547482, 9.96795570245e-05, 4.6006654884e-05, 3.19236642099e-05, 4.06131402997e-05, 2.83953941107e-05, 2.27096606977e-05, 3.52336428477e-05, 1.13713440442e-05, 7.65390268498e-06, 6.30740987617e-06, 5.16122190675e-06, 4.26041879109e-06, 4.78115407532e-06, 2.84908105641e-06, 2.83121289613e-06, 3.0693311146e-06, 3.32017248184e-06, 2.16189550883e-06, 1.55728127993e-06, 1.26812483359e-06, 7.34971536076e-07, 4.96060124533e-07, 4.69720788487e-07, 3.36439086368e-07, 2.73701289188e-07, 2.16726661506e-07, 1.41535778653e-07],
        "median": [0.00250651501119, 0.00189243734349, 0.00189851294272, 0.000646875007078, 0.000354449322913, 0.000201241709874, 0.000257967272773, 0.000317151716445, 0.000121833691082, 7.38712333259e-05, 9.06369823497e-05, 8.14696104499e-05, 8.53795136209e-05, 4.88979603688e-05, 2.4241160645e-05, 1.63654203789e-05, 1.88639332919e-05, 1.2403056644e-05, 1.14475542432e-05, 1.1477625776e-05, 5.62763625567e-06, 3.63222306987e-06, 2.09048425859e-06, 1.94048675439e-06, 1.42648059409e-06, 1.04209789242e-06, 8.06100160844e-07, 7.52197934162e-07, 6.15854958141e-07, 4.02687334145e-07, 3.89168889114e-07, 1.92582064074e-07, 1.2996241594e-07, 6.8660334307e-08, 4.07382252376e-08, 2.96734281591e-08, 2.49775364836e-08, 2.4979733837e-08, 1.61468918236e-08, 6.66175248298e-09],
        "min": [9.02197103677e-24, 7.81289260481e-24, 4.54837397542e-24, 2.72156854529e-23, 2.21262925249e-23, 1.31426806385e-23, 4.34976207088e-24, 8.01916001e-24, 8.23631211796e-24, 1.22952255118e-23, 8.66763601739e-24, 5.14484906079e-24, 1.45710608244e-23, 1.01866855091e-23, 4.54422535592e-24, 1.79052981917e-23, 7.99048176065e-24, 1.45368637041e-23, 1.21444197614e-23, 6.59239265023e-24, 6.02727163039e-24, 6.10977938133e-24, 8.92674053715e-24, 1.34933269443e-23, 1.02819625516e-23, 1.3814039923e-23, 1.30909021753e-23, 7.42274408919e-24, 1.05197536274e-23, 8.34914683754e-24, 8.2996970917e-24, 1.20893825138e-23, 7.07100442219e-24, 7.86931035902e-24, 1.13390527306e-23, 7.33884636534e-24, 6.54215443791e-24, 9.5057660193e-24, 1.26428773016e-23, 1.58893799256e-23],
        "var": [2.8647162253e-05, 2.12413906411e-05, 3.40116662301e-06, 1.15003012979e-06, 4.65390002091e-07, 4.28672251473e-07, 8.79718186297e-07, 1.26397947042e-06, 1.53264409164e-07, 3.12988355233e-08, 8.54974970821e-08, 2.37687785898e-07, 2.25339931603e-07, 2.21370246578e-08, 4.03484845535e-09, 2.26969576467e-09, 3.97786958928e-09, 2.64078248158e-09, 1.09200470888e-09, 5.1723696437e-09, 2.73767980508e-10, 1.26026425407e-10, 1.66484437347e-10, 8.10653696948e-11, 6.41865796625e-11, 1.97430072291e-10, 5.76277012221e-11, 4.37813535425e-11, 1.06238302877e-10, 2.18662685181e-10, 5.76587215473e-11, 3.90619897539e-11, 2.62970270559e-11, 5.45364144469e-12, 1.88003540687e-12, 2.02590440083e-12, 9.43796364845e-13, 6.84818521335e-13, 3.75444846653e-13, 2.45304509127e-13]
    },
    "mfcc": {
        "mean": [-696.72088623, 178.919921875, 1.38870787621, 21.5680904388, 1.06588459015, 9.58463764191, 1.56377828121, 4.91439723969, 6.60200309753, 1.46081864834, -2.04282259941, 2.37413191795, 2.39334845543],
        "cov": [[16899.9433594, 1274.23925781, -1068.17810059, 475.073883057, -202.988952637, 705.651977539, 299.028411865, 80.7792434692, 42.9078483582, 184.378692627, -157.463439941, -104.754760742, 18.9473381042], [1274.23925781, 2475.96264648, -318.438964844, 6.35309553146, 35.1777381897, 16.7153491974, -30.8305072784, -41.6643638611, 31.9813270569, -29.8736820221, 39.7293930054, 24.1734733582, -73.1456298828], [-1068.17810059, -318.438964844, 516.109985352, 41.531829834, 25.9681167603, -76.7305603027, -40.5264701843, 34.3464393616, 30.7835941315, -20.587726593, -1.18474805355, 29.51313591, 17.5523509979], [475.073883057, 6.35309553146, 41.531829834, 370.654510498, 26.842874527, 57.8968963623, 5.02224731445, 29.3954467773, 45.6917114258, 12.7423839569, 21.2762584686, 13.3829936981, 6.17297792435], [-202.988952637, 35.1777381897, 25.9681167603, 26.842874527, 195.575027466, 61.6988296509, 54.7237968445, 48.7806892395, 41.830909729, 9.17744064331, 5.89834690094, 12.5025873184, -7.43144607544], [705.651977539, 16.7153491974, -76.7305603027, 57.8968963623, 61.6988296509, 157.244476318, 88.8666152954, 40.4061012268, 24.7276134491, 35.983745575, 10.0975589752, -3.23570895195, 1.55778384209], [299.028411865, -30.8305072784, -40.5264701843, 5.02224731445, 54.7237968445, 88.8666152954, 117.324234009, 54.6345405579, 19.6868610382, 24.8320083618, 1.42854642868, -8.993683815, 2.45596265793], [80.7792434692, -41.6643638611, 34.3464393616, 29.3954467773, 48.7806892395, 40.4061012268, 54.6345405579, 103.331741333, 51.7965087891, 11.7794561386, -9.2984418869, -2.88725090027, 0.00208968902007], [42.9078483582, 31.9813270569, 30.7835941315, 45.6917114258, 41.830909729, 24.7276134491, 19.6868610382, 51.7965087891, 105.50025177, 9.23287391663, -13.8511600494, 5.47130155563, -0.119467034936], [184.378692627, -29.8736820221, -20.587726593, 12.7423839569, 9.17744064331, 35.983745575, 24.8320083618, 11.7794561386, 9.23287391663, 75.5510864258, 31.2788181305, 0.283985316753, -8.97327709198], [-157.463439941, 39.7293930054, -1.18474805355, 21.2762584686, 5.89834690094, 10.0975589752, 1.42854642868, -9.2984418869, -13.8511600494, 31.2788181305, 89.0750198364, 38.7502822876, 4.65627241135], [-104.754760742, 24.1734733582, 29.51313591, 13.3829936981, 12.5025873184, -3.23570895195, -8.993683815, -2.88725090027, 5.47130155563, 0.283985316753, 38.7502822876, 76.4077529907, 28.7380828857], [18.9473381042, -73.1456298828, 17.5523509979, 6.17297792435, -7.43144607544, 1.55778384209, 2.45596265793, 0.00208968902007, -0.119467034936, -8.97327709198, 4.65627241135, 28.7380828857, 69.8642578125]],
