{
"lowlevel": {
    "average_loudness": 0.148001328111,
    "barkbands_crest": {
        "dmean": 1.42547976971,
        "dmean2": 2.17191982269,
        "dvar": 2.74856996536,
        "dvar2": 6.66214466095,
        "max": 26.472032547,
        "mean": 12.6256752014,
        "median": 11.8399839401,
        "min": 3.3795542717,
        "var": 19.8244571686
    },
    "barkbands_flatness_db": {
        "dmean": 0.0165571141988,
        "dmean2": 0.0229797679931,
        "dvar": 0.000383675011108,
        "dvar2": 0.000664639985189,
        "max": 0.504266321659,
        "mean": 0.222773298621,
        "median": 0.217616140842,
        "min": 0.0392717905343,
        "var": 0.00476106675342
    },
    "barkbands_kurtosis": {
        "dmean": 3.17093062401,
        "dmean2": 4.7538523674,
        "dvar": 36.7547912598,
        "dvar2": 81.9807434082,
        "max": 245.749465942,
        "mean": 12.433298111,
        "median": 8.11313343048,
        "min": -1.83590710163,
        "var": 215.413131714
    },
    "barkbands_skewness": {
        "dmean": 0.377402275801,
        "dmean2": 0.562646567822,
        "dvar": 0.241326987743,
        "dvar2": 0.526753902435,
        "max": 14.7142505646,
        "mean": 2.32270979881,
        "median": 2.18382692337,
        "min": -2.15345692635,
        "var": 2.02528047562
    },
    "barkbands_spread": {
        "dmean": 1.59381723404,
        "dmean2": 2.3319504261,
        "dvar": 7.45759963989,
        "dvar2": 17.1436309814,
        "max": 119.818222046,
        "mean": 8.58160400391,
        "median": 6.80808115005,
        "min": 0.32767906785,
        "var": 61.0308685303
    },
    "dissonance": {
        "dmean": 0.025115840137,
        "dmean2": 0.0415524542332,
        "dvar": 0.000638647819869,
        "dvar2": 0.00163062673528,
        "max": 0.499859273434,
        "mean": 0.401594549417,
        "median": 0.409856617451,
        "min": 0.15416687727,
        "var": 0.00285497750156
    },
    "dynamic_complexity": 6.20096921921,
    "erbbands_crest": {
        "dmean": 1.74058246613,
        "dmean2": 2.49888944626,
        "dvar": 4.24083948135,
        "dvar2": 9.26978874207,
        "max": 33.5752220154,
        "mean": 14.3974466324,
        "median": 13.6079158783,
        "min": 2.65036487579,
        "var": 32.9512786865
    },
    "erbbands_flatness_db": {
        "dmean": 0.0155581226572,
        "dmean2": 0.0204583834857,
        "dvar": 0.000418021838414,
        "dvar2": 0.000681176839862,
        "max": 0.455427587032,
        "mean": 0.227679461241,
        "median": 0.223141923547,
        "min": 0.0404450558126,
        "var": 0.00476513942704
    },
    "erbbands_kurtosis": {
        "dmean": 1.30156910419,
        "dmean2": 1.86772727966,
        "dvar": 5.88725280762,
        "dvar2": 11.7104883194,
        "max": 94.8726119995,
        "mean": 3.82568860054,
        "median": 1.92541837692,
        "min": -1.83983254433,
        "var": 39.2198486328
    },
    "erbbands_skewness": {
        "dmean": 0.259915530682,
        "dmean2": 0.370722651482,
        "dvar": 0.0948704406619,
        "dvar2": 0.193486958742,
        "max": 8.68595504761,
        "mean": 1.38365960121,
        "median": 1.27093172073,
        "min": -2.27945208549,
        "var": 1.03137016296
    },
    "erbbands_spread": {
        "dmean": 3.83606958389,
        "dmean2": 5.40695238113,
        "dvar": 32.5311431885,
        "dvar2": 64.4508132935,
        "max": 143.020217896,
        "mean": 24.433965683,
        "median": 20.3560276031,
        "min": 0.971941709518,
        "var": 267.137054443
    },
    "hfc": {
        "dmean": 1.73965978622,
        "dmean2": 2.3768632412,
        "dvar": 22.3057193756,
        "dvar2": 42.5719604492,
        "max": 198.178665161,
        "mean": 9.2446641922,
        "median": 3.12885761261,
        "min": 1.15566157769e-16,
        "var": 209.795944214
    },
    "melbands_crest": {
        "dmean": 1.82396459579,
        "dmean2": 2.79148864746,
        "dvar": 4.29951953888,
        "dvar2": 10.5410041809,
        "max": 32.8003005981,
        "mean": 15.9242219925,
        "median": 15.2422485352,
        "min": 1.77478802204,
        "var": 28.1059322357
    },
    "melbands_flatness_db": {
        "dmean": 0.0168107412755,
        "dmean2": 0.0231338739395,
        "dvar": 0.000418108131271,
        "dvar2": 0.000756412453484,
        "max": 0.633445560932,
        "mean": 0.291442811489,
        "median": 0.282543450594,
        "min": 0.00375995202921,
        "var": 0.00636106543243
    },
    "melbands_kurtosis": {
        "dmean": 5.00226020813,
        "dmean2": 7.54124164581,
        "dvar": 109.276329041,
        "dvar2": 260.437072754,
        "max": 387.482269287,
        "mean": 18.2949905396,
        "median": 12.0240116119,
        "min": -1.67805290222,
        "var": 534.72064209
    },
    "melbands_skewness": {
        "dmean": 0.43877390027,
        "dmean2": 0.646920382977,
        "dvar": 0.352499574423,
        "dvar2": 0.759841382504,
        "max": 14.4533147812,
        "mean": 2.55812907219,
        "median": 2.35044288635,
        "min": -1.8096909523,
        "var": 2.77154827118
    },
    "melbands_spread": {
        "dmean": 1.67287945747,
        "dmean2": 2.48629903793,
        "dvar": 9.00914669037,
        "dvar2": 20.8443145752,
        "max": 177.074691772,
        "mean": 9.86185646057,
        "median": 7.89814949036,
        "min": 0.393863260746,
        "var": 84.4588394165
    },
    "pitch_salience": {
        "dmean": 0.0406897813082,
        "dmean2": 0.0626159161329,
        "dvar": 0.00219711870886,
        "dvar2": 0.00527828419581,
        "max": 0.877599358559,
        "mean": 0.505839407444,
        "median": 0.5085709095,
        "min": 0.101075328887,
        "var": 0.012999410741
    },
    "silence_rate_20dB": {
        "dmean": 0,
        "dmean2": 0,
        "dvar": 0,
        "dvar2": 0,
        "max": 1,
        "mean": 1,
        "median": 1,
        "min": 1,
        "var": 0
    },
    "silence_rate_30dB": {
        "dmean": 0.00202531646937,
        "dmean2": 0.00405097473413,
        "dvar": 0.00202109315433,
        "dvar2": 0.00420333677903,
        "max": 1,
        "mean": 0.995612204075,
        "median": 1,
        "min": 0,
        "var": 0.00436847796664
    },
    "silence_rate_60dB": {
        "dmean": 0.0383122377098,
        "dmean2": 0.0766309425235,
        "dvar": 0.0368418879807,
        "dvar2": 0.0805386453867,
        "max": 1,
        "mean": 0.300396591425,
        "median": 0,
        "min": 0,
        "var": 0.21017229557
    },
    "spectral_centroid": {
        "dmean": 72.7687835693,
        "dmean2": 107.138046265,
        "dvar": 17292.4003906,
        "dvar2": 32579.3183594,
        "max": 10883.5830078,
        "mean": 677.348937988,
        "median": 602.002380371,
        "min": 190.953094482,
        "var": 137256.65625
    },
    "spectral_complexity": {
        "dmean": 1.12827003002,
        "dmean2": 1.7945817709,
        "dvar": 2.25157284737,
        "dvar2": 4.61391830444,
        "max": 37,
        "mean": 8.55446815491,
        "median": 7,
        "min": 0,
        "var": 30.6051044464
    },
    "spectral_decrease": {
        "dmean": 6.95970614473e-10,
        "dmean2": 9.87183335077e-10,
        "dvar": 2.68630150611e-18,
        "dvar2": 5.02274573136e-18,
        "max": 6.15170292448e-19,
        "mean": -3.73421693567e-09,
        "median": -1.84899595634e-09,
        "min": -6.10397918877e-08,
        "var": 2.28935750655e-17
    },
    "spectral_energy": {
        "dmean": 0.00276827532798,
        "dmean2": 0.0039135585539,
        "dvar": 4.25169200753e-05,
        "dvar2": 7.94075094745e-05,
        "max": 0.240299761295,
        "mean": 0.014932279475,
        "median": 0.00729044200853,
        "min": 1.04349520898e-20,
        "var": 0.000371419650037
    },
    "spectral_energyband_high": {
        "dmean": 3.0760140362e-05,
        "dmean2": 3.91288922401e-05,
        "dvar": 1.52607562143e-08,
        "dvar2": 2.97389100012e-08,
        "max": 0.00680889701471,
        "mean": 7.53704152885e-05,
        "median": 1.43450379255e-05,
        "min": 7.94963462502e-21,
        "var": 4.40681411362e-08
    },
    "spectral_energyband_low": {
        "dmean": 0.000390117405914,
        "dmean2": 0.000634651922155,
        "dvar": 1.04151126834e-06,
        "dvar2": 2.82541031993e-06,
        "max": 0.0349015705287,
        "mean": 0.00111597077921,
        "median": 0.000485558644868,
        "min": 3.99582597846e-23,
        "var": 3.39747725775e-06
    },
    "spectral_energyband_middle_high": {
        "dmean": 0.000713602115866,
        "dmean2": 0.00104056985583,
        "dvar": 6.64669187245e-06,
        "dvar2": 1.54046319949e-05,
        "max": 0.0721738710999,
        "mean": 0.00276543945074,
        "median": 0.000380966986995,
        "min": 1.48583266687e-21,
        "var": 4.02707446483e-05
    },
    "spectral_energyband_middle_low": {
        "dmean": 0.002285071183,
        "dmean2": 0.0031799771823,
        "dvar": 2.96109355986e-05,
        "dvar2": 5.37972591701e-05,
        "max": 0.201840430498,
        "mean": 0.0114344609901,
        "median": 0.0058445581235,
        "min": 1.2146911773e-22,
        "var": 0.000210484635318
    },
    "spectral_entropy": {
        "dmean": 0.167240560055,
        "dmean2": 0.233894839883,
        "dvar": 0.049445938319,
        "dvar2": 0.0927265286446,
        "max": 9.81197071075,
        "mean": 6.39452695847,
        "median": 6.43766641617,
        "min": 4.03902769089,
        "var": 0.429007947445
    },
    "spectral_flux": {
        "dmean": 0.0123945623636,
        "dmean2": 0.019827099517,
        "dvar": 0.000491721264552,
        "dvar2": 0.00124388933182,
        "max": 0.319870471954,
        "mean": 0.0288628675044,
        "median": 0.0181395076215,
        "min": 1.02151613557e-10,
        "var": 0.0010146520799
    },
    "spectral_kurtosis": {
        "dmean": 5.43503761292,
        "dmean2": 9.1797504425,
        "dvar": 60.6168403625,
        "dvar2": 155.103042603,
        "max": 166.906066895,
        "mean": 14.6771669388,
        "median": 9.71349430084,
        "min": -1.18150770664,
        "var": 236.422897339
    },
    "spectral_rms": {
        "dmean": 0.000299629580695,
        "dmean2": 0.000416997179855,
        "dvar": 2.62086246039e-07,
        "dvar2": 4.89337423915e-07,
        "max": 0.0153113938868,
        "mean": 0.00319474446587,
        "median": 0.00266695069149,
        "min": 3.19068035881e-12,
        "var": 4.361714673e-06
    },
    "spectral_rolloff": {
        "dmean": 97.2662887573,
        "dmean2": 170.69229126,
        "dvar": 85195.546875,
        "dvar2": 196981.1875,
        "max": 18992.2851562,
        "mean": 734.528137207,
        "median": 559.86328125,
        "min": 86.1328125,
        "var": 1198605.375
    },
    "spectral_skewness": {
        "dmean": 0.428814530373,
        "dmean2": 0.716590225697,
        "dvar": 0.258909612894,
        "dvar2": 0.655553638935,
        "max": 11.3426523209,
        "mean": 2.68468761444,
        "median": 2.37880206108,
        "min": 0.0395119525492,
        "var": 1.34094297886
    },
    "spectral_spread": {
        "dmean": 447868.96875,
        "dmean2": 660361.375,
        "dvar": 403993952256,
        "dvar2": 692879360000,
        "max": 39874976,
        "mean": 3311146,
        "median": 3035960,
        "min": 537911.6875,
        "var": 2.18482173542e+12
    },
    "spectral_strongpeak": {
        "dmean": 0.262958616018,
        "dmean2": 0.419397383928,
        "dvar": 0.385881215334,
        "dvar2": 0.862253606319,
        "max": 18.4433097839,
        "mean": 1.180996418,
        "median": 0.651377856731,
        "min": 0,
        "var": 1.80199289322
    },
    "zerocrossingrate": {
        "dmean": 0.00415517063811,
        "dmean2": 0.00504591641948,
        "dvar": 2.7396286896e-05,
        "dvar2": 3.32591844199e-05,
        "max": 0.50830078125,
        "mean": 0.0345081463456,
        "median": 0.0302734375,
        "min": 0.00390625,
        "var": 0.000866147340275
    },
    "barkbands": {
        "dmean": [9.27984046939e-07, 8.87453134055e-05, 0.00023170899658, 0.000467443140224, 0.000866725225933, 0.000586445908993, 0.000519311695825, 0.000420514494181, 0.000372722308384, 0.000184278687811, 0.000371492496924, 0.00011376911425, 3.22029518429e-05, 4.40603216703e-05, 2.97593924188e-05, 9.3906717666e-05, 0.00015087419888, 4.79174159409e-05, 2.48565829679e-05, 9.50419962464e-06, 5.91618845647e-06, 8.81001142261e-06, 3.76878824682e-06, 7.9618394011e-06, 6.54959330859e-06, 1.94679091692e-06, 2.37082758758e-07],
        "dmean2": [1.63326103575e-06, 0.000141063239425, 0.00037904799683, 0.000697159965057, 0.00127704779152, 0.000864896632265, 0.000711869972292, 0.000533791084308, 0.000505823933054, 0.000262712652329, 0.000567163631786, 0.000162617361639, 4.60732990177e-05, 6.42841041554e-05, 4.38992465206e-05, 0.000140681295306, 0.000213556137169, 7.03566838638e-05, 3.63040489901e-05, 1.41830796565e-05, 8.87357145984e-06, 1.33506582642e-05, 5.27022848473e-06, 1.07897130874e-05, 8.88557133294e-06, 2.7092999062e-06, 3.34848948569e-07],
        "dvar": [2.83418926349e-12, 7.64965619737e-08, 4.15122542563e-07, 3.52810070581e-06, 7.15658507033e-06, 2.84606403511e-06, 5.27991733179e-06, 2.55331838162e-06, 2.70240411737e-06, 9.09387267711e-07, 4.50955622e-06, 2.3368251334e-07, 2.57583590013e-08, 4.58437590112e-08, 1.12748388403e-08, 1.86697718618e-07, 7.46778141547e-07, 2.99612743504e-08, 5.27081356338e-09, 7.25309534655e-10, 5.10944175858e-10, 2.04790429059e-09, 2.35544334037e-10, 1.04024022729e-09, 8.62539040192e-10, 7.75541922349e-11, 1.44275791401e-12],
        "dvar2": [7.80054319749e-12, 1.80858791055e-07, 1.19697699574e-06, 6.45974751023e-06, 1.3489322555e-05, 7.19146601114e-06, 9.83849349723e-06, 4.04091542805e-06, 4.89138392368e-06, 1.61084926731e-06, 1.15103612188e-05, 4.32963929597e-07, 5.06048536408e-08, 8.51738093388e-08, 2.35070256593e-08, 3.71966535795e-07, 1.43774923345e-06, 6.04091141554e-08, 1.07628528312e-08, 1.65879909808e-09, 1.10313780333e-09, 5.15183851135e-09, 4.81243878081e-10, 1.99275551616e-09, 1.62787927582e-09, 1.63552879573e-10, 2.97047065764e-12],
        "max": [4.23548262916e-05, 0.012137291953, 0.0217278581113, 0.0927292630076, 0.0961936786771, 0.0650424584746, 0.112026251853, 0.0545568056405, 0.0968695804477, 0.0464873239398, 0.0536940433085, 0.0136132044718, 0.00607803789899, 0.0139450104907, 0.00589091517031, 0.0209505148232, 0.0553214624524, 0.0095770675689, 0.00245429901406, 0.000771488063037, 0.00131816021167, 0.00312459375709, 0.000559992797207, 0.00129611126613, 0.000998919596896, 0.000425743113738, 7.10300228093e-05],
        "mean": [9.81959033197e-07, 0.000256218627328, 0.00049379147822, 0.00095748185413, 0.00256779231131, 0.00243017380126, 0.00230905390345, 0.00151826546062, 0.00142917525955, 0.000633509072941, 0.000941185455304, 0.00033686318784, 7.27152146283e-05, 9.45144711295e-05, 6.97646974004e-05, 0.000223088631174, 0.000342131737852, 0.000110373017378, 5.57843231945e-05, 2.19198209379e-05, 1.31999458972e-05, 1.67216694535e-05, 7.87649605627e-06, 1.5318270016e-05, 1.14324775495e-05, 2.69413249043e-06, 2.95272684525e-07],
        "median": [4.45288549145e-07, 8.77837446751e-05, 0.000163876451552, 0.000234302337049, 0.0010859486647, 0.000859711726662, 0.000161383504746, 0.00010187306907, 6.14711098024e-05, 7.05064885551e-05, 1.00551887954e-05, 2.66042625299e-05, 6.92529010848e-06, 7.65299773775e-06, 1.19805808936e-05, 1.56656988111e-05, 2.62060966634e-05, 1.18073103295e-05, 9.62245667324e-06, 5.10383051733e-06, 2.57599299403e-06, 2.95654922411e-06, 1.23012614495e-06, 1.77078914021e-06, 7.26153530195e-07, 1.46411622381e-07, 1.3652527997e-08],
        "min": [2.00573375624e-23, 2.32225441259e-23, 4.20361138869e-24, 1.0131548865e-23, 3.02530460626e-23, 3.52323171637e-23, 1.18631569277e-23, 6.92295258522e-24, 2.06491930784e-23, 1.71041925875e-23, 8.72286858698e-23, 1.13448169373e-22, 7.92546905132e-23, 7.61554768977e-23, 6.80112579795e-23, 1.69963691857e-22, 1.60329074876e-22, 3.0780130734e-22, 2.46184050987e-22, 3.01703677599e-22, 4.27937022948e-22, 5.91552984604e-22, 6.52299767658e-22, 1.06525797547e-21, 1.26829436417e-21, 1.66259385324e-21, 2.28683854642e-21],
        "var": [2.8938323092e-12, 2.89951799459e-07, 1.06622724161e-06, 7.72547537053e-06, 2.42011501541e-05, 2.03117651836e-05, 4.84554693685e-05, 1.97707286134e-05, 2.07237389986e-05, 5.05893103764e-06, 1.62356900546e-05, 1.41660962072e-06, 7.80928814947e-08, 1.76595179369e-07, 4.96335843536e-08, 7.38544486012e-07, 2.54135511568e-06, 1.39064127325e-07, 1.97507645794e-08, 2.20931584138e-09, 1.3105079244e-09, 3.04627811865e-09, 5.62932422898e-10, 2.67650479557e-09, 2.22189600052e-09, 1.2291728746e-10, 2.03445355181e-12]
    },
    "erbbands": {
        "dmean": [0.000738158414606, 0.028647724539, 0.23056307435, 0.777353048325, 3.42431902885, 2.21475839615, 3.24583983421, 5.28685712814, 7.22812223434, 7.38782787323, 9.75504970551, 7.82577133179, 7.50981473923, 7.10129308701, 13.3280153275, 4.93555736542, 1.64107167721, 1.60447621346, 1.97610962391, 2.42876005173, 7.02939987183, 6.99992752075, 2.54369950294, 1.83844208717, 0.877621054649, 0.435169607401, 0.245833411813, 0.259680777788, 0.381685882807, 0.143505349755, 0.103152193129, 0.128279328346, 0.154205262661, 0.0818880796432, 0.044246532023, 0.0123115442693, 0.00328029738739, 0.000414767942857, 4.21970289608e-05, 4.81006736663e-06],
        "dmean2": [0.00126012379769, 0.0458281114697, 0.376920700073, 1.19194579124, 4.97363853455, 3.39093494415, 4.44142007828, 7.93665122986, 10.0628757477, 10.1696090698, 12.0860881805, 10.4447507858, 10.0618419647, 10.2675056458, 19.9965209961, 7.19536447525, 2.36676430702, 2.29960823059, 2.93575429916, 3.66592121124, 10.2722387314, 9.96040058136, 3.63064336777, 2.69190907478, 1.28776109219, 0.648724615574, 0.37557297945, 0.38256046176, 0.583251655102, 0.210031032562, 0.142164170742, 0.180635213852, 0.212613925338, 0.111130304635, 0.0603823810816, 0.0172603838146, 0.00464626634493, 0.000567683135159, 5.88867733313e-05, 6.62642014504e-06],
        "dvar": [3.24484130942e-06, 0.00790794752538, 0.469660460949, 6.47331619263, 203.001449585, 40.3988647461, 61.4019355774, 312.684692383, 1106.9395752, 1089.68054199, 1510.92724609, 1351.86486816, 1359.07385254, 736.549560547, 5176.98339844, 424.100921631, 64.3528747559, 36.4367408752, 82.8883209229, 77.8424758911, 1008.9230957, 2363.51806641, 87.0188980103, 28.9354190826, 6.26401901245, 1.32835710049, 0.684883117676, 1.4262137413, 4.12127876282, 0.351778447628, 0.175101906061, 0.260050773621, 0.448513448238, 0.130519360304, 0.0432370007038, 0.00279977405444, 0.000277139712125, 4.31124408351e-06, 4.28028243959e-08, 1.81837669921e-10],
        "dvar2": [8.15002113086e-06, 0.0191825646907, 1.32026290894, 13.2876548767, 348.409454346, 89.4211730957, 136.010971069, 764.83215332, 2081.65966797, 1995.40991211, 2222.34423828, 2597.09887695, 2239.91235352, 1681.98925781, 13103.3964844, 853.311401367, 128.323028564, 66.4042358398, 161.476928711, 180.499984741, 2013.48803711, 4460.69091797, 165.993118286, 59.7335853577, 12.8567657471, 2.97475647926, 1.44929254055, 3.54078364372, 10.4523715973, 0.806591451168, 0.34633731842, 0.526695072651, 0.913321316242, 0.245888516307, 0.0804849341512, 0.00584551878273, 0.000623309286311, 8.52885841596e-06, 9.09268678129e-08, 3.52206014353e-10],
        "max": [0.0542308501899, 3.93448138237, 25.5750541687, 109.14100647, 608.870056152, 279.780181885, 481.746337891, 814.400695801, 1756.87121582, 1456.6229248, 1471.5480957, 2875.34448242, 2039.59216309, 762.747314453, 1902.68981934, 661.069702148, 310.735961914, 217.368255615, 553.011169434, 362.504638672, 1398.58947754, 3520.64428711, 447.388580322, 248.936096191, 94.0602416992, 35.7594070435, 58.7943115234, 79.1759796143, 132.195678711, 32.107131958, 16.4741802216, 21.1368370056, 28.0698757172, 12.6766672134, 10.4922828674, 1.6129128933, 0.922578394413, 0.117923349142, 0.0111023457721, 0.000579373911023],
        "mean": [0.00250808289275, 0.0804200917482, 0.51855713129, 1.92485487461, 6.78067493439, 7.86326122284, 12.882437706, 21.4272060394, 32.5877723694, 30.0523777008, 38.0136871338, 31.954328537, 27.0328922272, 24.4171218872, 35.9851112366, 14.9240436554, 4.08906173706, 3.89906167984, 4.82391500473, 6.14979887009, 17.6133270264, 16.167596817, 6.62915468216, 4.48551464081, 2.06737112999, 1.04033231735, 0.561130106449, 0.550910711288, 0.676413476467, 0.305913239717, 0.223489776254, 0.252870470285, 0.281849145889, 0.144328385592, 0.0753064379096, 0.0180411245674, 0.00434432551265, 0.000555617618375, 6.02748514211e-05, 1.98856578209e-05],
        "median": [0.00075664522592, 0.0292319748551, 0.173571556807, 0.671987831593, 1.75794684887, 3.14598059654, 6.21249818802, 5.34531736374, 4.49532222748, 2.79004645348, 3.12492799759, 2.04859757423, 2.85286331177, 2.39322471619, 1.1353546381, 1.47179400921, 0.548427641392, 0.467412114143, 0.672739088535, 0.834104239941, 1.3758045435, 1.16288149357, 0.725468039513, 0.714022040367, 0.418521910906, 0.261705160141, 0.125308632851, 0.109539866447, 0.111085444689, 0.0506923384964, 0.0332673937082, 0.0321600586176, 0.0293558035046, 0.0101991873235, 0.00440996699035, 0.00108526227996, 0.00023191877699, 2.86671911454e-05, 9.72322959569e-06, 9.46590171225e-06],
        "min": [9.17898556424e-22, 4.43725772306e-21, 6.21353034549e-21, 1.77048155035e-20, 4.31106501982e-20, 1.34354009663e-19, 2.17106243817e-19, 3.48950458254e-19, 1.85950460196e-19, 1.25181326302e-19, 2.31368983077e-19, 5.23523798757e-19, 5.75355194433e-19, 1.62839768004e-18, 3.18809221994e-18, 4.02816775106e-18, 4.24123210606e-18, 4.51096495047e-18, 3.50692361038e-18, 3.16711202448e-18, 1.08276353996e-17, 1.03621552264e-17, 1.72053501237e-17, 1.13805808237e-17, 1.55860150344e-17, 1.24461151841e-17, 1.46210112426e-17, 2.19648960831e-17, 2.27844782145e-17, 1.71467906994e-17, 1.99176621173e-17, 2.08102727163e-17, 1.62565276389e-17, 1.23648430346e-17, 1.08182866044e-17, 6.57448320736e-18, 2.95106196105e-18, 1.26155228076e-18, 3.59826022153e-19, 2.98345435384e-20],
        "var": [1.89558013517e-05, 0.0285638719797, 1.25829327106, 16.6023769379, 435.213684082, 261.367614746, 423.202209473, 2300.07739258, 9223.98828125, 9089.765625, 12603.1757812, 11324.4121094, 8233.53808594, 4589.28027344, 20277.4960938, 2708.15966797, 194.495193481, 178.383209229, 365.395111084, 346.292755127, 3900.29272461, 7958.18066406, 449.899383545, 127.884315491, 24.4136333466, 4.52296924591, 1.92403995991, 2.48596286774, 5.67194080353, 0.81477946043, 0.46843546629, 0.694651961327, 1.00900030136, 0.32033187151, 0.11911650002, 0.00496117211878, 0.000379359786166, 6.71157749821e-06, 6.0303662508e-08, 8.12085121371e-10]
    },
    "gfcc": {
        "mean": [-125.460899353, 129.913421631, -111.379722595, 14.6949205399, -65.4783782959, -13.492562294, -47.8271141052, 0.804258286953, -25.5634784698, -15.1180124283, -14.7593955994, -2.97370839119, -3.92422986031],
        "cov": [[15638.1474609, -636.056152344, -2010.49755859, -231.047714233, -1040.39733887, 120.832809448, -519.828430176, 661.182983398, -110.475509644, -206.076919556, -335.560516357, -80.1767959595, -151.087982178], [-636.056152344, 1532.06262207, -224.869430542, -279.556610107, 262.586639404, -336.524017334, 238.735183716, -175.594192505, 203.161132812, -159.741027832, 164.153533936, -78.7402038574, 72.9344177246], [-2010.49755859, -224.869430542, 1003.01660156, 295.228088379, 78.8196334839, 168.092193604, -23.6162414551, -99.4560852051, -107.586585999, 119.835220337, -45.1156539917, 31.8565921783, -13.6018095016], [-231.047714233, -279.556610107, 295.228088379, 464.434417725, 52.8704071045, 173.670700073, -1.74160754681, -17.1274147034, -59.9253234863, 57.5039329529, -20.2332439423, 12.6921768188, -2.85945796967], [-1040.39733887, 262.586639404, 78.8196334839, 52.8704071045, 349.56439209, 6.78890895844, 101.36643219, -23.5823097229, 57.6711006165, -18.6924247742, 34.7932014465, 6.83124876022, -4.60435581207], [120.832809448, -336.524017334, 168.092193604, 173.670700073, 6.78890895844, 267.639038086, 13.7010030746, 59.0359764099, -60.8139572144, 54.4960708618, -38.7068786621, 21.9816226959, -17.3814601898], [-519.828430176, 238.735183716, -23.6162414551, -1.74160754681, 101.36643219, 13.7010030746, 204.688034058, 20.9198207855, 45.0315284729, -25.8829612732, 36.8597373962, -10.1110248566, 9.57779693604], [661.182983398, -175.594192505, -99.4560852051, -17.1274147034, -23.5823097229, 59.0359764099, 20.9198207855, 202.62059021, 48.2808456421, 12.6947507858, -25.2999687195, 24.6446247101, -2.86112380028], [-110.475509644, 203.161132812, -107.586585999, -59.9253234863, 57.6711006165, -60.8139572144, 45.0315284729, 48.2808456421, 161.408721924, 9.43312072754, 24.4252376556, -7.01448249817, 20.6468963623], [-206.076919556, -159.741027832, 119.835220337, 57.5039329529, -18.6924247742, 54.4960708618, -25.8829612732, 12.6947507858, 9.43312072754, 132.319046021, 24.109582901, 10.1653747559, -23.133731842], [-335.560516357, 164.153533936, -45.1156539917, -20.2332439423, 34.7932014465, -38.7068786621, 36.8597373962, -25.2999687195, 24.4252376556, 24.109582901, 129.247772217, 39.7409439087, 9.9994430542], [-80.1767959595, -78.7402038574, 31.8565921783, 12.6921768188, 6.83124876022, 21.9816226959, -10.1110248566, 24.6446247101, -7.01448249817, 10.1653747559, 39.7409439087, 114.385749817, 46.6804389954], [-151.087982178, 72.9344177246, -13.6018095016, -2.85945796967, -4.60435581207, -17.3814601898, 9.57779693604, -2.86112380028, 20.6468963623, -23.133731842, 9.9994430542, 46.6804389954, 118.882637024]],
        "icov": [[0.00021769630257, -0.000450622756034, 0.000506357755512, -0.000313021097099, 0.000542976136785, -0.000366850668797, 0.000677082396578, -0.000733969616704, 0.000456589419628, -0.000138666160638, 0.000700774777215, -0.000413311441662, 0.000495778163895], [-0.000450622756034, 0.00324522610754, -0.00136405148078, 0.00132569181733, -0.00182667339686, 0.00179583975114, -0.0027663751971, 0.00294409994967, -0.00277171400376, 0.00236908486113, -0.00378804490902, 0.00280522136018, -0.00204276968725], [0.000506357755512, -0.00136405148078, 0.00288354046643, -0.00136990100145, 0.00091803498799, -0.0011305619264, 0.00144154159352, -0.000899592821952, 0.00197698432021, -0.00226351828314, 0.00325558288023, -0.00207758042961, 0.00126794551034], [-0.000313021097099, 0.00132569181733, -0.00136990100145, 0.00396388443187, -0.00144852639642, -0.00101117906161, -0.00111541780643, 0.00179537339136, -0.000878432998434, 0.000457204179838, -0.00189918116666, 0.00164342240896, -0.00158742524218], [0.000542976136785, -0.00182667339686, 0.00091803498799, -0.00144852639642, 0.00561676966026, -0.00158429192379, 0.000604517699685, -0.00130262726452, -0.000434321118519, 0.000485415104777, 0.00197358918376, -0.00256610685028, 0.00279827136546], [-0.000366850668797, 0.00179583975114, -0.0011305619264, -0.00101117906161, -0.00158429192379, 0.00836646836251, -0.00332914246246, -0.000441264011897, 0.00135791278444, -0.0015062848106, 1.69019021996e-05, 0.000291484029731, -0.000947005581111], [0.000677082396578, -0.0027663751971, 0.00144154159352, -0.00111541780643, 0.000604517699685, -0.00332914246246, 0.0101003227755, -0.00434310082346, 0.00129287608434, 0.000806842232123, 0.000162331300089, 0.000205751261092, 0.00115220993757], [-0.000733969616704, 0.00294409994967, -0.000899592821952, 0.00179537339136, -0.00130262726452, -0.000441264011897, -0.00434310082346, 0.0114266173914, -0.00598787330091, 0.00103431625757, -0.000656384974718, -0.00112624431495, -0.000550156924874], [0.000456589419628, -0.00277171400376, 0.00197698432021, -0.000878432998434, -0.000434321118519, 0.00135791278444, 0.00129287608434, -0.00598787330091, 0.0131010664627, -0.00548669882119, 0.00291782431304, -0.000139675103128, -0.00111434003338], [-0.000138666160638, 0.00236908486113, -0.00226351828314, 0.000457204179838, 0.000485415104777, -0.0015062848106, 0.000806842232123, 0.00103431625757, -0.00548669882119, 0.0145339602605, -0.00727041531354, 0.00261065480299, 0.00124835351016], [0.000700774777215, -0.00378804490902, 0.00325558288023, -0.00189918116666, 0.00197358918376, 1.69019021996e-05, 0.000162331300089, -0.000656384974718, 0.00291782431304, -0.00727041531354, 0.0180306378752, -0.00985949393362, 0.00402472633868], [-0.000413311441662, 0.00280522136018, -0.00207758042961, 0.00164342240896, -0.00256610685028, 0.000291484029731, 0.000205751261092, -0.00112624431495, -0.000139675103128, 0.00261065480299, -0.00985949393362, 0.0176310967654, -0.00810635462403], [0.000495778163895, -0.00204276968725, 0.00126794551034, -0.00158742524218, 0.00279827136546, -0.000947005581111, 0.00115220993757, -0.000550156924874, -0.00111434003338, 0.00124835351016, 0.00402472633868, -0.00810635462403, 0.0135466847569]]
    },
    "melbands": {
        "dmean": [1.4645965166e-05, 8.98276266525e-05, 0.000223358045332, 0.000208209341508, 0.000100898956589, 0.000114044079965, 0.000112238994916, 7.81205962994e-05, 7.5229916547e-05, 5.25237592228e-05, 3.7681649701e-05, 2.64604532276e-05, 5.7568486227e-05, 1.46527590914e-05, 6.52721610095e-06, 2.71515227723e-06, 3.3864616853e-06, 3.80897222385e-06, 1.87131865914e-06, 4.80504650113e-06, 9.50311459746e-06, 9.66228344623e-06, 2.45531850851e-06, 3.09451934299e-06, 1.43112106343e-06, 9.03541831576e-07, 4.43111758841e-07, 2.72062493423e-07, 1.97880225983e-07, 1.38028426022e-07, 1.73003371629e-07, 2.56380928931e-07, 1.38402583616e-07, 7.2771150883e-08, 6.51241549576e-08, 6.2278616042e-08, 1.02879432973e-07, 1.24610096464e-07, 8.24273556077e-08, 7.45895931686e-08],
        "dmean2": [2.37404037762e-05, 0.000145871468703, 0.000330110866344, 0.000308267946821, 0.000140926626045, 0.000171450548805, 0.000156794078066, 0.000108377389552, 9.23989791772e-05, 7.09657324478e-05, 5.04561030539e-05, 3.76782882086e-05, 8.73169628903e-05, 2.07094908546e-05, 9.75647253654e-06, 3.924280918e-06, 4.85629107061e-06, 5.68773748455e-06, 2.7792605124e-06, 7.1880640462e-06, 1.37648294185e-05, 1.38409504871e-05, 3.48780667991e-06, 4.57854730485e-06, 2.10228381547e-06, 1.33283072046e-06, 6.733081932e-07, 4.03939935723e-07, 3.06580716369e-07, 2.05691563337e-07, 2.57937358583e-07, 3.90933763583e-07, 2.1770784997e-07, 1.05810308071e-07, 9.00384051761e-08, 8.9570470152e-08, 1.50930873133e-07, 1.73044782059e-07, 1.16944384843e-07, 1.05517351301e-07],
        "dvar": [1.82784087865e-09, 7.08298486529e-08, 7.98166524874e-07, 4.74572800613e-07, 5.66188127493e-08, 1.38728609045e-07, 2.50120791634e-07, 1.02738361818e-07, 8.56425472762e-08, 6.24387794801e-08, 3.38172974068e-08, 1.02082626796e-08, 1.07338387068e-07, 3.6334613096e-09, 6.72277011837e-10, 1.32450966861e-10, 1.93391289094e-10, 3.723797104e-10, 4.29660751422e-11, 3.24206383961e-10, 1.9020316433e-09, 4.86839013547e-09, 1.10806655518e-10, 1.55913670863e-10, 1.80134639843e-11, 7.51129453774e-12, 1.86027777384e-12, 4.91373218156e-13, 4.40648521361e-13, 2.5519709501e-13, 6.0438242952e-13, 1.61608497851e-12, 5.99877569493e-13, 8.58894119021e-14, 7.1606857542e-14, 8.26485418732e-14, 1.82531141352e-13, 2.53793595298e-13, 1.76539867252e-13, 1.166890613e-13],
        "dvar2": [4.40257963419e-09, 1.94837369349e-07, 1.3873863054e-06, 8.90577666723e-07, 1.25831775222e-07, 3.46605702362e-07, 4.74334882483e-07, 1.91689750295e-07, 1.22755267284e-07, 1.183942544e-07, 5.57606050222e-08, 2.17820907977e-08, 2.73073965218e-07, 6.45062847582e-09, 1.41596223635e-09, 2.616427075e-10, 3.47424089497e-10, 7.25554505365e-10, 9.80313885623e-11, 6.66638022562e-10, 3.81555231854e-09, 9.13093778365e-09, 1.98971963905e-10, 3.18146259337e-10, 3.79300237052e-11, 1.47807235201e-11, 4.32622210625e-12, 1.09332475799e-12, 9.935501857e-13, 5.63817981018e-13, 1.49742653173e-12, 4.09059591755e-12, 1.50906045472e-12, 1.81854287488e-13, 1.40074800717e-13, 1.84820041216e-13, 4.08555025748e-13, 5.11169936674e-13, 3.93365868307e-13, 2.25861633541e-13],
        "max": [0.00174414075445, 0.0103697692975, 0.0420386530459, 0.0249123666435, 0.0135671384633, 0.015774236992, 0.0264509674162, 0.0127430493012, 0.0107748666778, 0.0192149877548, 0.00989777315408, 0.00347821158357, 0.00828509312123, 0.001813532901, 0.000685726874508, 0.000404492864618, 0.000572298071347, 0.00129549170379, 0.000267647352302, 0.000733240507543, 0.00182122539263, 0.00512298522517, 0.000626792025287, 0.000720374926459, 0.00013656221563, 0.000118273703265, 3.65823761967e-05, 2.19190897042e-05, 4.48179671366e-05, 2.23319366341e-05, 4.98920235259e-05, 8.103322034e-05, 5.37418054591e-05, 1.4124536392e-05, 1.14606045827e-05, 1.51468066178e-05, 1.62557716976e-05, 2.07470075111e-05, 2.26581632887e-05, 1.20258964671e-05],
        "mean": [4.61962736154e-05, 0.000212221508264, 0.00047882180661, 0.000549615419004, 0.000409539614338, 0.000467409059638, 0.000510356563609, 0.000311194016831, 0.0002932381758, 0.00020121523994, 0.000132447763463, 9.07196299522e-05, 0.000149303959915, 4.41840456915e-05, 1.65430919878e-05, 6.30166732662e-06, 7.60954662837e-06, 8.62492652232e-06, 4.86255203214e-06, 1.14295189633e-05, 2.2636320864e-05, 2.06270815397e-05, 5.82144730288e-06, 6.8434219429e-06, 3.1714475881e-06, 1.9579090349e-06, 9.50060211835e-07, 6.00336875323e-07, 3.93269431243e-07, 2.69694595545e-07, 3.23155063597e-07, 4.37853429958e-07, 2.34129231558e-07, 1.48196718897e-07, 1.33426425464e-07, 1.12663741447e-07, 1.81128513077e-07, 2.17652797119e-07, 1.37200515837e-07, 1.22990101659e-07],
        "median": [1.51714948515e-05, 7.57519010222e-05, 0.000144415069371, 0.000196028297069, 0.000195295971935, 0.000124545826111, 6.84650149196e-05, 2.71242515737e-05, 1.81549185072e-05, 9.77873605734e-06, 1.10388809844e-05, 7.71405029809e-06, 2.42415853791e-06, 3.53336372427e-06, 1.81207940386e-06, 6.89221565153e-07, 7.43497366784e-07, 9.15699502002e-07, 7.12210180609e-07, 1.26825284497e-06, 1.57073293394e-06, 1.23693291698e-06, 6.07910521921e-07, 6.09180688116e-07, 5.19131788224e-07, 3.23145940229e-07, 2.14958760125e-07, 1.44263111679e-07, 7.94250851754e-08, 5.15406632928e-08, 5.96397384811e-08, 7.06520495442e-08, 3.29134941524e-08, 2.34408190636e-08, 1.88949229596e-08, 1.40281875005e-08, 1.97902156884e-08, 2.28303829175e-08, 1.12370779348e-08, 6.88656021097e-09],
        "min": [8.42653882551e-24, 4.06583840932e-24, 3.94872609148e-24, 5.75337202435e-24, 7.30361899275e-24, 7.13743045471e-24, 2.71342473974e-24, 1.09518417358e-24, 2.46248631085e-24, 3.16026967469e-24, 2.64743849717e-24, 5.78443539464e-24, 1.24506618757e-23, 9.33367759055e-24, 1.22653268947e-23, 8.7109239707e-24, 8.29991245072e-24, 5.24295850829e-24, 4.80052626402e-24, 3.9125572134e-24, 1.56243920813e-23, 9.05483577094e-24, 1.65187931093e-23, 1.33510969008e-23, 8.23220609695e-24, 1.13570300818e-23, 1.1496210389e-23, 7.44043350613e-24, 8.44934242769e-24, 1.11813791572e-23, 1.37616153827e-23, 1.54539334391e-23, 7.29484922607e-24, 9.8525824054e-24, 1.20526326397e-23, 9.36400929236e-24, 1.45828511395e-23, 1.47210406374e-23, 5.26733588798e-24, 1.23752751722e-23],
        "var": [7.66716024003e-09, 2.04456839015e-07, 1.7648104631e-06, 1.42653129842e-06, 4.26144794119e-07, 1.03486547687e-06, 2.15829845729e-06, 8.30385374684e-07, 7.28975805941e-07, 4.56713166841e-07, 2.04781713364e-07, 7.50740696276e-08, 3.94920334656e-07, 2.32787957799e-08, 2.91391843987e-09, 4.79881301363e-10, 8.29365243149e-10, 1.53822576898e-09, 2.02012601092e-10, 1.39114775255e-09, 6.51327702883e-09, 1.57475135154e-08, 5.33483701659e-10, 6.96495361385e-10, 6.29778659778e-11, 3.02743489999e-11, 4.80901820102e-12, 1.58580906653e-12, 1.0833624579e-12, 5.79502320696e-13, 9.45065857169e-13, 2.20614260367e-12, 8.96232578169e-13, 2.01757461107e-13, 1.86495675673e-13, 1.5671105635e-13, 4.04218542319e-13, 5.6835547553e-13, 3.21270598016e-13, 2.66963859873e-13]
    },
    "mfcc": {
        "mean": [-767.098632812, 156.748825073, 7.28798007965, 21.9011459351, 1.27796602249, -17.9971427917, -13.3232154846, -1.88870978355, -6.3478345871, -12.5091276169, -11.1486434937, -6.77388763428, -3.0366063118],
        "cov": [[10552.8867188, -286.97454834, -1191.99108887, -268.121124268, -275.158935547, -512.047973633, -255.674057007, 298.072570801, 247.661407471, 12.6706781387, 46.8785820007, 108.364471436, -58.5620422363], [-286.97454834, 1436.0657959, -224.749069214, -7.52129220963, -39.8345069885, -149.561630249, -97.5727310181, 22.2700366974, -8.02747344971, -40.1832580566, -16.4580249786, 14.8842487335, 14.2471780777], [-1191.99108887, -224.749069214, 741.453613281, 121.351593018, 87.2887496948, 196.740112305, 95.4202651978, -91.3678512573, -43.2285766602, 1.75601112843, -19.4852294922, -58.4351577759, -11.1165437698], [-268.121124268, -7.52129220963, 121.351593018, 256.565979004, 88.420715332, 95.0122756958, 52.545173645, 13.8592853546, 6.94779157639, 17.4848842621, -1.13175058365, 7.0616402626, 6.82125997543], [-275.158935547, -39.8345069885, 87.2887496948, 88.420715332, 201.402450562, 85.1821975708, 29.547372818, 18.4088630676, 14.7808771133, 2.42027068138, 6.5313501358, 2.57189321518, 3.42816925049], [-512.047973633, -149.561630249, 196.740112305, 95.0122756958, 85.1821975708, 235.029983521, 98.3528823853, -10.1089706421, -8.49324607849, 22.2482357025, 10.0364904404, -13.1997041702, -8.21356773376], [-255.674057007, -97.5727310181, 95.4202651978, 52.545173645, 29.547372818, 98.3528823853, 167.686767578, 48.14686203, 0.847139120102, 13.2083330154, 12.7433614731, 6.05443811417, 7.52684926987], [298.072570801, 22.2700366974, -91.3678512573, 13.8592853546, 18.4088630676, -10.1089706421, 48.14686203, 158.714691162, 74.1435241699, 0.823738276958, 8.19467258453, 24.7617874146, 13.7720737457], [247.661407471, -8.02747344971, -43.2285766602, 6.94779157639, 14.7808771133, -8.49324607849, 0.847139120102, 74.1435241699, 145.224807739, 47.4978065491, 8.37464237213, 7.53458356857, -6.4189581871], [12.6706781387, -40.1832580566, 1.75601112843, 17.4848842621, 2.42027068138, 22.2482357025, 13.2083330154, 0.823738276958, 47.4978065491, 134.347930908, 63.1865196228, -2.78709983826, -20.3755950928], [46.8785820007, -16.4580249786, -19.4852294922, -1.13175058365, 6.5313501358, 10.0364904404, 12.7433614731, 8.19467258453, 8.37464237213, 63.1865196228, 133.993240356, 48.4193305969, -7.2016825676], [108.364471436, 14.8842487335, -58.4351577759, 7.0616402626, 2.57189321518, -13.1997041702, 6.05443811417, 24.7617874146, 7.53458356857, -2.78709983826, 48.4193305969, 132.399887085, 63.889415741], [-58.5620422363, 14.2471780777, -11.1165437698, 6.82125997543, 3.42816925049, -8.21356773376, 7.52684926987, 13.7720737457, -6.4189581871, -20.3755950928, -7.2016825676, 63.889415741, 131.198562622]],
