{
"lowlevel": {
    "average_loudness": 0.796836137772,
    "barkbands_crest": {
        "dmean": 0.848710477352,
        "dmean2": 1.13333845139,
        "dvar": 0.810194432735,
        "dvar2": 2.0250453949,
        "max": 24.8866424561,
        "mean": 11.4010725021,
        "median": 10.5683135986,
        "min": 3.45235943794,
        "var": 17.363325119
    },
    "barkbands_flatness_db": {
        "dmean": 0.00902207847685,
        "dmean2": 0.0139718549326,
        "dvar": 6.74566472298e-05,
        "dvar2": 0.000159691509907,
        "max": 0.601375579834,
        "mean": 0.289548575878,
        "median": 0.266831219196,
        "min": 0.0642692148685,
        "var": 0.00674062361941
    },
    "barkbands_kurtosis": {
        "dmean": 1.40468811989,
        "dmean2": 1.86098861694,
        "dvar": 3.47877335548,
        "dvar2": 6.00333547592,
        "max": 69.4454193115,
        "mean": 6.14018058777,
        "median": 3.91690015793,
        "min": -1.47869646549,
        "var": 50.1563224792
    },
    "barkbands_skewness": {
        "dmean": 0.219573423266,
        "dmean2": 0.293868690729,
        "dvar": 0.0477978587151,
        "dvar2": 0.087434887886,
        "max": 6.65672826767,
        "mean": 1.97143959999,
        "median": 1.8149895668,
        "min": -2.07624459267,
        "var": 1.01221263409
    },
    "barkbands_spread": {
        "dmean": 1.43587458134,
        "dmean2": 2.06246209145,
        "dvar": 2.70181012154,
        "dvar2": 5.48551368713,
        "max": 40.4451713562,
        "mean": 10.7513380051,
        "median": 10.0944681168,
        "min": 0.594841122627,
        "var": 42.3413772583
    },
    "dissonance": {
        "dmean": 0.0165281202644,
        "dmean2": 0.0276504568756,
        "dvar": 0.00030951097142,
        "dvar2": 0.000850142678246,
        "max": 0.498653709888,
        "mean": 0.439013630152,
        "median": 0.445842027664,
        "min": 0.158023655415,
        "var": 0.00125935219694
    },
    "dynamic_complexity": 3.11581158638,
    "erbbands_crest": {
        "dmean": 1.56557488441,
        "dmean2": 2.17422008514,
        "dvar": 2.21994662285,
        "dvar2": 4.89112615585,
        "max": 27.4091491699,
        "mean": 10.263718605,
        "median": 9.30555152893,
        "min": 3.15096783638,
        "var": 17.2696247101
    },
    "erbbands_flatness_db": {
        "dmean": 0.0072574368678,
        "dmean2": 0.0105179892853,
        "dvar": 3.84856139135e-05,
        "dvar2": 8.34551537992e-05,
        "max": 0.412849396467,
        "mean": 0.261487871408,
        "median": 0.252170443535,
        "min": 0.0517392605543,
        "var": 0.00160087679978
    },
    "erbbands_kurtosis": {
        "dmean": 0.43175008893,
        "dmean2": 0.620677709579,
        "dvar": 0.242527678609,
        "dvar2": 0.517476975918,
        "max": 8.70890617371,
        "mean": -0.0205575395375,
        "median": -0.399449825287,
        "min": -1.75989294052,
        "var": 1.58075094223
    },
    "erbbands_skewness": {
        "dmean": 0.196688517928,
        "dmean2": 0.269964903593,
        "dvar": 0.0288090221584,
        "dvar2": 0.0582110546529,
        "max": 2.52365779877,
        "mean": 0.389469981194,
        "median": 0.328455716372,
        "min": -1.90953063965,
        "var": 0.416492640972
    },
    "erbbands_spread": {
        "dmean": 3.14874243736,
        "dmean2": 4.45579910278,
        "dvar": 8.71318340302,
        "dvar2": 18.3877086639,
        "max": 95.4263305664,
        "mean": 28.8298950195,
        "median": 28.5318603516,
        "min": 5.66135835648,
        "var": 115.268554688
    },
    "hfc": {
        "dmean": 1.51451575756,
        "dmean2": 2.07052969933,
        "dvar": 4.19932842255,
        "dvar2": 8.51128864288,
        "max": 78.7616271973,
        "mean": 12.4261875153,
        "median": 10.3689918518,
        "min": 1.178418706e-16,
        "var": 94.6198959351
    },
    "melbands_crest": {
        "dmean": 1.05395829678,
        "dmean2": 1.4823359251,
        "dvar": 1.4718978405,
        "dvar2": 3.88934659958,
        "max": 29.7029781342,
        "mean": 15.8824291229,
        "median": 15.156876564,
        "min": 3.08256530762,
        "var": 24.173374176
    },
    "melbands_flatness_db": {
        "dmean": 0.00948160421103,
        "dmean2": 0.0141117982566,
        "dvar": 0.000101144818473,
        "dvar2": 0.000212044920772,
        "max": 0.77414470911,
        "mean": 0.373292148113,
        "median": 0.343776077032,
        "min": 0.0100253680721,
        "var": 0.0117663731799
    },
    "melbands_kurtosis": {
        "dmean": 2.78738212585,
        "dmean2": 3.64542126656,
        "dvar": 14.9167404175,
        "dvar2": 26.0404987335,
        "max": 134.727157593,
        "mean": 14.6572751999,
        "median": 10.3907251358,
        "min": -1.46723937988,
        "var": 192.747665405
    },
    "melbands_skewness": {
        "dmean": 0.285893857479,
        "dmean2": 0.376016676426,
        "dvar": 0.0749295949936,
        "dvar2": 0.14485783875,
        "max": 9.06785869598,
        "mean": 2.89529109001,
        "median": 2.70373535156,
        "min": -0.0441383086145,
        "var": 1.69452667236
    },
    "melbands_spread": {
        "dmean": 1.55608057976,
        "dmean2": 2.19215703011,
        "dvar": 7.41278076172,
        "dvar2": 11.9881286621,
        "max": 170.378005981,
        "mean": 10.9427595139,
        "median": 9.74344062805,
        "min": 0.692345917225,
        "var": 63.5376663208
    },
    "pitch_salience": {
        "dmean": 0.0270764809102,
        "dmean2": 0.0393737889826,
        "dvar": 0.000677547883242,
        "dvar2": 0.00173421401996,
        "max": 0.807681441307,
        "mean": 0.470027059317,
        "median": 0.472864329815,
        "min": 0.168515995145,
        "var": 0.00930478144437
    },
    "silence_rate_20dB": {
        "dmean": 0,
        "dmean2": 0,
        "dvar": 0,
        "dvar2": 0,
        "max": 1,
        "mean": 1,
        "median": 1,
        "min": 1,
        "var": 0
    },
    "silence_rate_30dB": {
        "dmean": 0.00987935811281,
        "dmean2": 0.0197605919093,
        "dvar": 0.0097828945145,
        "dvar2": 0.0224126335233,
        "max": 1,
        "mean": 0.966280400753,
        "median": 1,
        "min": 0,
        "var": 0.03258343786
    },
    "silence_rate_60dB": {
        "dmean": 0.00132991350256,
        "dmean2": 0.0026600798592,
        "dvar": 0.00132821977604,
        "dvar2": 0.00322287529707,
        "max": 1,
        "mean": 0.00702887540683,
        "median": 0,
        "min": 0,
        "var": 0.00697965919971
    },
    "spectral_centroid": {
        "dmean": 78.6684417725,
        "dmean2": 116.843978882,
        "dvar": 14148.5761719,
        "dvar2": 18952.0585938,
        "max": 11174.8701172,
        "mean": 707.78314209,
        "median": 673.729797363,
        "min": 137.777359009,
        "var": 130894.585938
    },
    "spectral_complexity": {
        "dmean": 1.26854753494,
        "dmean2": 2.12692379951,
        "dvar": 1.44646251202,
        "dvar2": 3.61326313019,
        "max": 27,
        "mean": 13.8352966309,
        "median": 14,
        "min": 0,
        "var": 31.8228378296
    },
    "spectral_decrease": {
        "dmean": 8.68468852389e-10,
        "dmean2": 1.10581610535e-09,
        "dvar": 1.38095838712e-18,
        "dvar2": 2.96288319919e-18,
        "max": 1.47464686662e-20,
        "mean": -9.47902645265e-09,
        "median": -7.35482252878e-09,
        "min": -4.45073560229e-08,
        "var": 4.8668144104e-17
    },
    "spectral_energy": {
        "dmean": 0.00337937823497,
        "dmean2": 0.00431310944259,
        "dvar": 2.08574729186e-05,
        "dvar2": 4.45984915132e-05,
        "max": 0.173008978367,
        "mean": 0.0369030162692,
        "median": 0.0289499461651,
        "min": 1.09822677743e-20,
        "var": 0.000729244376998
    },
    "spectral_energyband_high": {
        "dmean": 1.33108605951e-05,
        "dmean2": 2.06397835427e-05,
        "dvar": 3.66123464879e-10,
        "dvar2": 8.61817228692e-10,
        "max": 0.000313303724397,
        "mean": 3.81268728233e-05,
        "median": 2.62735811702e-05,
        "min": 7.6062181537e-21,
        "var": 1.70744651751e-09
    },
    "spectral_energyband_low": {
        "dmean": 0.00167688797228,
        "dmean2": 0.00189831550233,
        "dvar": 3.92954507333e-06,
        "dvar2": 6.71179759593e-06,
        "max": 0.0950984284282,
        "mean": 0.0190094020218,
        "median": 0.0127440318465,
        "min": 2.18061929644e-22,
        "var": 0.000302019732771
    },
    "spectral_energyband_middle_high": {
        "dmean": 0.000732630956918,
        "dmean2": 0.00104329525493,
        "dvar": 1.12245743367e-06,
        "dvar2": 2.42838473241e-06,
        "max": 0.0264575164765,
        "mean": 0.00347004225478,
        "median": 0.00248499168083,
        "min": 1.91976079178e-21,
        "var": 1.17467461678e-05
    },
    "spectral_energyband_middle_low": {
        "dmean": 0.00238932995126,
        "dmean2": 0.0032187346369,
        "dvar": 1.77471356437e-05,
        "dvar2": 4.02042678616e-05,
        "max": 0.13541854918,
        "mean": 0.0158352293074,
        "median": 0.0107333380729,
        "min": 2.54943865401e-22,
        "var": 0.00025161850499
    },
    "spectral_entropy": {
        "dmean": 0.0620442740619,
        "dmean2": 0.0928881987929,
        "dvar": 0.00360709312372,
        "dvar2": 0.00672177784145,
        "max": 9.81171607971,
        "mean": 6.30657815933,
        "median": 6.40838193893,
        "min": 4.54352617264,
        "var": 0.266324847937
    },
    "spectral_flux": {
        "dmean": 0.00651953881606,
        "dmean2": 0.0109147168696,
        "dvar": 6.06271823926e-05,
        "dvar2": 0.000167771067936,
        "max": 0.14817199111,
        "mean": 0.0322144813836,
        "median": 0.0278980955482,
        "min": 1.04796317457e-10,
        "var": 0.000417644478148
    },
    "spectral_kurtosis": {
        "dmean": 10.6796646118,
        "dmean2": 18.8666744232,
        "dvar": 311.369232178,
        "dvar2": 916.580200195,
        "max": 335.063873291,
        "mean": 26.9065647125,
        "median": 11.2340831757,
        "min": -1.21635103226,
        "var": 2275.56884766
    },
    "spectral_rms": {
        "dmean": 0.00026080198586,
        "dmean2": 0.000329174974468,
        "dvar": 7.80398252687e-08,
        "dvar2": 1.78201091217e-07,
        "max": 0.0129918921739,
        "mean": 0.0056288195774,
        "median": 0.00531449448317,
        "min": 3.27328702338e-12,
        "var": 4.31937814938e-06
    },
    "spectral_rolloff": {
        "dmean": 100.268318176,
        "dmean2": 165.695022583,
        "dvar": 101129.703125,
        "dvar2": 173279.546875,
        "max": 19013.8183594,
        "mean": 594.822692871,
        "median": 495.263671875,
        "min": 86.1328125,
        "var": 296510.3125
    },
    "spectral_skewness": {
        "dmean": 0.680275797844,
        "dmean2": 1.19746696949,
        "dvar": 0.59812182188,
        "dvar2": 1.75946521759,
        "max": 14.8518190384,
        "mean": 2.80076169968,
        "median": 2.04723739624,
        "min": -0.0226238593459,
        "var": 5.47113513947
    },
    "spectral_spread": {
        "dmean": 168663.953125,
        "dmean2": 286185.125,
        "dvar": 122569113600,
        "dvar2": 113800544256,
        "max": 41704900,
        "mean": 1884090.5,
        "median": 1996955,
        "min": 250837.625,
        "var": 446168530944
    },
    "spectral_strongpeak": {
        "dmean": 0.163983002305,
        "dmean2": 0.277803122997,
        "dvar": 0.134462103248,
        "dvar2": 0.32186844945,
        "max": 7.00079727173,
        "mean": 0.713835299015,
        "median": 0.516868591309,
        "min": 0,
        "var": 0.390401810408
    },
    "zerocrossingrate": {
        "dmean": 0.00272856769152,
        "dmean2": 0.0033340989612,
        "dvar": 3.37221536029e-05,
        "dvar2": 3.40776605299e-05,
        "max": 0.5068359375,
        "mean": 0.024572679773,
        "median": 0.0234375,
        "min": 0.0029296875,
        "var": 0.000239724380663
    },
    "barkbands": {
        "dmean": [2.47314164881e-06, 0.000926328415517, 0.000699517258909, 0.00075985112926, 0.00101201538928, 0.000536562351044, 0.00064561230829, 0.000404019781854, 0.000245651899604, 0.000282994442387, 0.000221117705223, 0.000269509735517, 0.000142175558722, 0.000118735893921, 0.000185570010217, 0.000108749300125, 0.000208835466765, 3.98588235839e-05, 4.54907785752e-05, 2.27469008678e-05, 1.05519811768e-05, 1.10722567115e-06, 2.5945746529e-07, 7.33590752588e-08, 9.45530942431e-09, 4.18969525739e-09, 1.66776725763e-09],
        "dmean2": [4.14696933149e-06, 0.000934385636356, 0.000844385009259, 0.00119969889056, 0.00136988039594, 0.00062863342464, 0.000691119174007, 0.000573066354264, 0.000278653373243, 0.000335487449775, 0.000302800734062, 0.00039371161256, 0.000198215377168, 0.000168537648278, 0.00027262698859, 0.000158225971973, 0.00029970772448, 6.23416708549e-05, 6.99967422406e-05, 3.69779590983e-05, 1.64324974321e-05, 1.81182554115e-06, 4.41747801005e-07, 1.19888994732e-07, 1.51375232349e-08, 6.99702473739e-09, 2.98554669875e-09],
        "dvar": [3.30290517159e-11, 1.21252162444e-06, 9.9216504168e-07, 4.92124763696e-06, 4.35465335613e-06, 1.6236973579e-06, 2.21413574764e-06, 1.12591612833e-06, 2.50338587193e-07, 2.7744823683e-07, 2.26729952146e-07, 5.22294612892e-07, 7.97627421889e-08, 5.09260189574e-08, 9.32560624278e-08, 5.90005271306e-08, 1.0436936293e-07, 6.62545929231e-09, 4.7627475297e-09, 1.34145072828e-09, 2.82179613009e-10, 3.08731837838e-12, 1.7652140871e-13, 1.70479509144e-14, 2.88860549038e-16, 3.79894839326e-17, 6.89441392083e-18],
        "dvar2": [9.27985188692e-11, 1.34360300308e-06, 1.21415519061e-06, 1.39668527481e-05, 1.07045752884e-05, 2.28473800234e-06, 2.94621418107e-06, 3.08354765366e-06, 3.29194392634e-07, 4.07162787042e-07, 4.68224271799e-07, 1.37822439683e-06, 1.64095482091e-07, 1.01062823887e-07, 2.02686237571e-07, 1.12758911541e-07, 2.02608617883e-07, 1.53043284712e-08, 1.09299786999e-08, 3.60164387203e-09, 6.68001209903e-10, 7.61994981002e-12, 5.12752709216e-13, 4.13032679076e-14, 6.83913724552e-16, 1.00398047614e-16, 2.27063592775e-17],
        "max": [0.000162169904797, 0.0561649911106, 0.0522327236831, 0.0728197991848, 0.082432359457, 0.0618456751108, 0.074096493423, 0.0213351193815, 0.019511051476, 0.010913236998, 0.00773635273799, 0.0175064038485, 0.0073091648519, 0.00342673994601, 0.00674169836566, 0.00894743110985, 0.00741010950878, 0.00235137739219, 0.00115704152267, 0.000687381834723, 0.000276946753729, 4.80915623484e-05, 1.027025246e-05, 3.53012001142e-06, 5.27615725332e-07, 1.86619146803e-07, 5.22659888702e-08],
        "mean": [8.15102157503e-06, 0.011026176624, 0.00667480425909, 0.00308442232199, 0.00499943690374, 0.00223810016178, 0.00303327990696, 0.00117093976587, 0.000981255783699, 0.000737773370929, 0.000461252668174, 0.000600941071752, 0.000310286326567, 0.000256204948528, 0.000386709987652, 0.000223706039833, 0.000464058044599, 8.71527590789e-05, 8.77654820215e-05, 4.18652962253e-05, 2.52969894063e-05, 2.70725172413e-06, 6.62074626234e-07, 2.11769361158e-07, 3.28633262825e-08, 1.60232556112e-08, 2.40491071501e-09],
        "median": [6.84303358867e-07, 0.00621205195785, 0.00308914389461, 0.00172481848858, 0.00216519413516, 0.000848405004945, 0.000809851917438, 0.000563519250136, 0.000200212030904, 0.000185119686648, 0.000124724378111, 8.7681117293e-05, 0.000109922912088, 7.044900849e-05, 0.00019145233091, 9.89508116618e-05, 0.000238537817495, 2.9304112104e-05, 5.40447290405e-05, 2.45015507971e-05, 1.30677108245e-05, 1.72365002982e-06, 4.41501413206e-07, 1.40614531574e-07, 1.68371112608e-08, 1.28525661225e-08, 1.43993683643e-09],
        "min": [3.29889860759e-23, 1.08222742115e-22, 6.73580622173e-23, 1.85850359679e-23, 2.16250613498e-23, 1.26686817307e-23, 1.00402921733e-22, 2.32638772819e-23, 6.29215968388e-23, 8.37793000539e-23, 3.00886253619e-23, 1.81645005302e-22, 1.3050040127e-22, 9.37077771892e-23, 1.7121231352e-22, 2.15156018505e-22, 1.82143010036e-22, 3.88326158573e-22, 2.9873183031e-22, 2.89868517345e-22, 6.01402108643e-22, 7.29024959901e-22, 4.65602669926e-22, 7.94282108823e-22, 9.47915559527e-22, 1.50128767632e-21, 2.61573755371e-21],
        "var": [3.41226796818e-10, 0.000144566918607, 8.89712755452e-05, 2.20059919229e-05, 6.03537664574e-05, 1.82257754204e-05, 3.3822721889e-05, 3.33834418598e-06, 3.54517101187e-06, 1.44699720295e-06, 7.09614823791e-07, 1.69327074673e-06, 3.16828106861e-07, 1.89286609498e-07, 2.79607803577e-07, 1.58534774641e-07, 4.09397529211e-07, 2.32864820759e-08, 1.1910018749e-08, 2.78716583146e-09, 1.10494424721e-09, 1.0794512853e-11, 5.96066598857e-13, 7.10830388149e-14, 2.49817142375e-15, 2.82803972297e-16, 8.60027210215e-18]
    },
    "erbbands": {
        "dmean": [0.0128059228882, 0.256229490042, 0.860231876373, 1.49967443943, 4.2371764183, 2.41989374161, 2.62019085884, 4.76034593582, 5.78138446808, 15.5197916031, 4.84915304184, 6.70921802521, 7.06887197495, 6.94196939468, 9.19632434845, 13.1837377548, 6.99445104599, 6.56431674957, 7.33207845688, 8.75912094116, 8.41368865967, 7.3664021492, 3.20780420303, 2.76458978653, 1.45832073689, 1.33037626743, 0.604654610157, 0.132058188319, 0.0460772365332, 0.0167260635644, 0.00673966947943, 0.00249607721344, 0.000578017847147, 0.00015498616267, 4.93589650432e-05, 2.02936407732e-05, 9.90192347672e-06, 2.29961437981e-06, 1.61887805916e-06, 3.75923195861e-06],
        "dmean2": [0.0121484100819, 0.264102578163, 1.04858875275, 2.18585348129, 6.16333246231, 3.277582407, 2.94474411011, 5.8902258873, 6.02588176727, 19.4213352203, 6.36679029465, 7.55966091156, 8.4247636795, 8.45079231262, 12.7691993713, 19.2350997925, 9.65163612366, 9.30742835999, 10.893992424, 12.7424268723, 11.9121809006, 10.6727924347, 4.88958358765, 4.24812030792, 2.34869933128, 2.15771532059, 0.940840244293, 0.214073330164, 0.0753600671887, 0.0282707680017, 0.01144318562, 0.00408596498892, 0.000951585127041, 0.000249488337431, 7.86257733125e-05, 3.29200156557e-05, 1.62628075486e-05, 3.93847221858e-06, 2.11159135688e-06, 4.81309325551e-06],
        "dvar": [0.000369702611351, 0.0909107401967, 1.32499289513, 14.0683269501, 97.4731216431, 29.0698165894, 35.9422264099, 134.482879639, 135.236175537, 2130.89208984, 70.27394104, 191.332244873, 211.823074341, 185.987197876, 399.989685059, 1202.76318359, 185.060958862, 150.613189697, 215.343856812, 202.238296509, 302.645751953, 103.538864136, 25.075378418, 19.9547309875, 5.40904426575, 4.69579267502, 0.934118151665, 0.0363825932145, 0.0053240088746, 0.000677575240843, 0.000153847693582, 1.97079516511e-05, 8.79911908669e-07, 7.22185760083e-08, 8.45785486092e-09, 9.72676938993e-10, 2.32184438342e-10, 1.13636123081e-11, 4.64508943462e-12, 2.56136119259e-11],
        "dvar2": [0.000363307306543, 0.104206189513, 1.73035871983, 40.5709953308, 248.351394653, 62.1422653198, 40.7126922607, 220.262985229, 134.452651978, 4470.13671875, 148.993682861, 252.523910522, 323.34967041, 269.125335693, 826.686584473, 3201.16552734, 374.683532715, 302.662872314, 450.1121521, 405.001953125, 569.995666504, 210.986053467, 55.0574874878, 46.22397995, 14.1407575607, 12.4024133682, 2.19315743446, 0.0957981720567, 0.0133379260078, 0.00190325907897, 0.000454354652902, 4.83352778247e-05, 2.32722095461e-06, 1.73196994524e-07, 2.09052597455e-08, 2.45282882894e-09, 5.96989790935e-10, 3.32353103372e-11, 9.87804976704e-12, 5.4527295873e-11],
        "max": [1.29396677017, 14.6539115906, 70.3918533325, 108.037208557, 377.77835083, 149.240005493, 241.644241333, 516.289367676, 958.471252441, 1955.71154785, 285.638549805, 528.045654297, 368.750976562, 386.136688232, 352.0362854, 827.453491211, 338.443847656, 186.942230225, 411.794006348, 330.134155273, 617.751953125, 193.823745728, 121.140838623, 68.6769256592, 35.7440452576, 36.8190612793, 16.1826858521, 3.51301050186, 1.93401885033, 0.466464281082, 0.385797858238, 0.119219832122, 0.0289300195873, 0.00784593541175, 0.00339094968513, 0.000965653744061, 0.000405602622777, 8.00888592494e-05, 8.07827163953e-05, 0.000191786690266],
        "mean": [0.165418684483, 3.00701355934, 8.3955783844, 8.53932285309, 20.476392746, 10.5726699829, 12.0648078918, 18.7693767548, 26.7621517181, 61.6133003235, 20.0933074951, 27.5863361359, 19.5631275177, 18.3619689941, 21.1969203949, 30.343957901, 16.7234725952, 14.9104452133, 15.7166042328, 18.3716773987, 19.1588802338, 18.4922199249, 7.53532743454, 5.62258672714, 2.93364024162, 2.4688205719, 1.47118639946, 0.373103797436, 0.118293069303, 0.042511202395, 0.0176984649152, 0.00706620002165, 0.00189399137162, 0.000573370431084, 0.000184725169674, 9.04405969777e-05, 4.24815261795e-05, 8.09006360214e-06, 1.76846333488e-05, 4.10932698287e-05],
        "median": [0.0706451684237, 1.82203674316, 4.10696363449, 5.96647167206, 8.9574098587, 5.57264137268, 4.89750957489, 7.41244220734, 10.7814245224, 11.8938398361, 12.3341703415, 7.21053123474, 6.92206287384, 5.48038101196, 7.80343914032, 6.48780727386, 7.16411399841, 5.25360393524, 6.76343536377, 10.2970781326, 8.80062866211, 10.3696584702, 4.66566944122, 2.97116088867, 1.90560126305, 1.46950936317, 0.812952041626, 0.254622995853, 0.0813793390989, 0.0302154477686, 0.012319223024, 0.00478661665693, 0.00134207773954, 0.000356313481461, 0.000107304949779, 6.68487627991e-05, 3.57799253834e-05, 6.90653132551e-06, 1.42261660585e-05, 3.25514956785e-05],
        "min": [4.76202385651e-21, 1.88807981471e-20, 6.73367734742e-20, 7.61612073347e-20, 1.05586781146e-19, 3.95182661902e-20, 5.46517067491e-20, 1.47584724786e-19, 8.80288916601e-19, 1.51025219693e-18, 8.8209289412e-19, 1.14370396228e-18, 2.02599837828e-18, 2.01923989909e-18, 2.90900065409e-18, 7.84561785852e-18, 5.3010146661e-18, 5.30527464625e-18, 8.03213633331e-18, 9.50603239135e-18, 1.21929871633e-17, 9.94821502268e-18, 1.61361315008e-17, 1.97805602395e-17, 1.60927740018e-17, 1.20837836061e-17, 2.01195984115e-17, 2.47503870912e-17, 3.17649531319e-17, 1.81571190257e-17, 1.06170401788e-17, 1.22676335962e-17, 1.56945973791e-17, 1.02476262803e-17, 7.67937440774e-18, 5.6935226201e-18, 2.57185010822e-18, 1.29722061896e-18, 3.52811427161e-19, 3.90687840002e-20],
        "var": [0.0607570186257, 10.1698904037, 132.406097412, 81.4309005737, 1100.22851562, 260.087585449, 495.734741211, 1284.2434082, 2501.79150391, 18220.6699219, 603.333374023, 2668.69433594, 1043.6126709, 1052.77526855, 1295.07116699, 3958.85595703, 769.520935059, 553.617919922, 630.995422363, 605.90222168, 964.427429199, 501.31072998, 90.1286773682, 55.4534225464, 12.0068340302, 9.63688755035, 3.60799360275, 0.167399734259, 0.0192517060786, 0.00219191494398, 0.000449414801551, 7.63036150602e-05, 5.02635202793e-06, 6.05309708135e-07, 6.81908360889e-08, 9.37882571606e-09, 1.52879031656e-09, 5.37657973698e-11, 1.59438975911e-10, 8.89476770016e-10]
    },
    "gfcc": {
        "mean": [-95.5509414673, 208.512496948, -134.861419678, 29.8269309998, -19.6069602966, -18.8802719116, -9.63889694214, -10.918050766, -2.61026954651, -10.069773674, -5.05292367935, -13.1732625961, -5.74296617508],
        "cov": [[7387.91503906, -1482.19567871, -2829.57910156, 1015.82641602, -612.229980469, -353.357757568, 5.7423377037, 206.449493408, -62.1536827087, -151.082931519, -123.196479797, 32.9996109009, 43.4130020142], [-1482.19567871, 737.928344727, 846.383850098, -458.582214355, 220.581604004, 140.35697937, 8.05806159973, -126.687141418, -24.388376236, 12.5576734543, 66.3334732056, 9.42411231995, 46.6235542297], [-2829.57910156, 846.383850098, 1617.015625, -501.636505127, 314.085479736, 274.440856934, 9.25935745239, -96.5108718872, -1.54826557636, 81.4543228149, 92.2339019775, -12.2958583832, 46.6724281311], [1015.82641602, -458.582214355, -501.636505127, 553.314147949, -33.4036254883, -126.71723938, 59.9103012085, 129.195526123, 76.6808624268, 8.46748828888, -23.1280994415, -28.4756011963, -46.6711807251], [-612.229980469, 220.581604004, 314.085479736, -33.4036254883, 207.001754761, 85.3856964111, 25.793258667, -18.5374984741, 20.1373653412, 11.4662637711, 25.7692775726, -2.82027339935, 15.2470121384], [-353.357757568, 140.35697937, 274.440856934, -126.71723938, 85.3856964111, 163.825561523, 24.7425251007, -25.5285453796, -25.615064621, 14.2183237076, 16.962884903, 8.95827293396, 31.2109107971], [5.7423377037, 8.05806159973, 9.25935745239, 59.9103012085, 25.793258667, 24.7425251007, 111.948883057, 50.1810569763, 29.6301898956, 17.8215999603, 9.10616779327, -9.24692440033, -10.9152336121], [206.449493408, -126.687141418, -96.5108718872, 129.195526123, -18.5374984741, -25.5285453796, 50.1810569763, 137.478820801, 76.9611282349, 20.9734287262, 4.51864290237, -6.95344543457, -17.9901218414], [-62.1536827087, -24.388376236, -1.54826557636, 76.6808624268, 20.1373653412, -25.615064621, 29.6301898956, 76.9611282349, 121.630661011, 47.0777893066, 14.2106781006, -4.54582548141, -29.94115448], [-151.082931519, 12.5576734543, 81.4543228149, 8.46748828888, 11.4662637711, 14.2183237076, 17.8215999603, 20.9734287262, 47.0777893066, 76.7788848877, 34.1583404541, -11.6220760345, -11.6747140884], [-123.196479797, 66.3334732056, 92.2339019775, -23.1280994415, 25.7692775726, 16.962884903, 9.10616779327, 4.51864290237, 14.2106781006, 34.1583404541, 77.4118118286, 25.8928203583, -9.11814880371], [32.9996109009, 9.42411231995, -12.2958583832, -28.4756011963, -2.82027339935, 8.95827293396, -9.24692440033, -6.95344543457, -4.54582548141, -11.6220760345, 25.8928203583, 57.4759788513, 23.1708316803], [43.4130020142, 46.6235542297, 46.6724281311, -46.6711807251, 15.2470121384, 31.2109107971, -10.9152336121, -17.9901218414, -29.94115448, -11.6747140884, -9.11814880371, 23.1708316803, 69.8282623291]],
        "icov": [[0.000730983447284, -0.00131291756406, 0.00150060339365, -0.00149460125249, 0.00188761809841, -0.00186055002268, 0.000836386752781, -0.000450385763543, -8.43602776968e-07, 0.000603070133366, -0.00103264569771, 0.00104083749466, -0.00152537948452], [-0.00131291756406, 0.015965456143, -0.00596822332591, 0.0114114424214, -0.010795103386, 0.0101758427918, -0.00870261713862, 0.00784307345748, -0.00635196082294, 0.0071802479215, -0.00792338233441, 0.00623231614009, -0.00438420427963], [0.00150060339365, -0.00596822332591, 0.00538636511192, -0.00398745806888, 0.00400607381016, -0.0061799697578, 0.00363119319081, -0.00282493769191, 0.00135385198519, -0.00143408391159, -0.00067666155519, 0.00151839188766, -0.00173744536005], [-0.00149460125249, 0.0114114424214, -0.00398745806888, 0.0125784883276, -0.0108649786562, 0.0101768756285, -0.00721002137288, 0.0027612419799, -0.00314505072311, 0.00254261656664, -0.00337805529125, 0.00350507395342, -0.000737436988857], [0.00188761809841, -0.010795103386, 0.00400607381016, -0.0108649786562, 0.0194247122854, -0.0127264959738, 0.00500317849219, -0.000401101802709, -0.00317105883732, 0.00381853547879, -0.00260725594126, 0.00311100971885, -0.00387360132299], [-0.00186055002268, 0.0101758427918, -0.0061799697578, 0.0101768756285, -0.0127264959738, 0.0206922292709, -0.00883964728564, 0.00248807761818, 0.00240032956935, -0.00272848643363, 0.000841815315653, -0.00241882633418, -0.00043009503861], [0.000836386752781, -0.00870261713862, 0.00363119319081, -0.00721002137288, 0.00500317849219, -0.00883964728564, 0.0172497872263, -0.00842501409352, 0.00377715122886, -0.00436443928629, 0.00331176072359, -0.00190973118879, 0.0033850800246], [-0.000450385763543, 0.00784307345748, -0.00282493769191, 0.0027612419799, -0.000401101802709, 0.00248807761818, -0.00842501409352, 0.0208641644567, -0.0151487858966, 0.00983737781644, -0.00897208042443, 0.00811369158328, -0.00690389843658], [-8.43602776968e-07, -0.00635196082294, 0.00135385198519, -0.00314505072311, -0.00317105883732, 0.00240032956935, 0.00377715122886, -0.0151487858966, 0.0275369454175, -0.0206376668066, 0.0147792529315, -0.0159201771021, 0.0131113352254], [0.000603070133366, 0.0071802479215, -0.00143408391159, 0.00254261656664, 0.00381853547879, -0.00272848643363, -0.00436443928629, 0.00983737781644, -0.0206376668066, 0.0384909361601, -0.0264699049294, 0.024337824434, -0.0142192523926], [-0.00103264569771, -0.00792338233441, -0.00067666155519, -0.00337805529125, -0.00260725594126, 0.000841815315653, 0.00331176072359, -0.00897208042443, 0.0147792529315, -0.0264699049294, 0.0404646284878, -0.0312503539026, 0.0200911127031], [0.00104083749466, 0.00623231614009, 0.00151839188766, 0.00350507395342, 0.00311100971885, -0.00241882633418, -0.00190973118879, 0.00811369158328, -0.0159201771021, 0.024337824434, -0.0312503539026, 0.0462467633188, -0.0234705973417], [-0.00152537948452, -0.00438420427963, -0.00173744536005, -0.000737436988857, -0.00387360132299, -0.00043009503861, 0.0033850800246, -0.00690389843658, 0.0131113352254, -0.0142192523926, 0.0200911127031, -0.0234705973417, 0.032309602946]]
    },
    "melbands": {
        "dmean": [0.000189601021702, 0.000406577310059, 0.000345134176314, 0.000253845151747, 8.84244946064e-05, 0.00010754163668, 9.7667267255e-05, 0.000155238769366, 3.58299148502e-05, 3.86387982871e-05, 3.56558521162e-05, 2.98103277601e-05, 3.1168001442e-05, 3.50615082425e-05, 2.14444971789e-05, 1.16991532195e-05, 1.39278427014e-05, 1.11826057037e-05, 1.0236178241e-05, 1.09028997031e-05, 1.14831591418e-05, 9.53119433689e-06, 6.62598313284e-06, 1.92244078789e-06, 2.44624061452e-06, 1.58484158419e-06, 8.47232627166e-07, 8.18043361051e-07, 4.63732021672e-07, 2.35781229208e-07, 7.16878716389e-08, 3.34398500001e-08, 1.90303346415e-08, 8.67989768949e-09, 5.20094234346e-09, 2.20955675978e-09, 1.25875443402e-09, 5.76162617616e-10, 2.25461760373e-10, 1.31893537758e-10],
        "dmean2": [0.000181295588845, 0.000468369573355, 0.00051407382125, 0.0003580749908, 0.000101037498098, 0.000129402629682, 0.000101335492218, 0.000199822534341, 4.45513360319e-05, 4.38753449998e-05, 4.27039994975e-05, 3.61418206012e-05, 4.27807790402e-05, 5.12400038133e-05, 3.07075279125e-05, 1.63767745107e-05, 1.98074885702e-05, 1.6525726096e-05, 1.5198876099e-05, 1.58531347552e-05, 1.61484822456e-05, 1.35703558044e-05, 1.00438992376e-05, 3.01227237287e-06, 3.75644890482e-06, 2.50794028034e-06, 1.39565327117e-06, 1.3209894405e-06, 7.26522898731e-07, 3.68488997537e-07, 1.21462946368e-07, 5.44840190742e-08, 3.17463602073e-08, 1.4846587959e-08, 8.85925643956e-09, 3.65126928692e-09, 2.06451100659e-09, 9.59593515759e-10, 3.73634234663e-10, 2.10892026065e-10],
        "dvar": [5.54223085203e-08, 2.57571059592e-07, 6.70138092573e-07, 2.93006138463e-07, 3.95237798045e-08, 6.45531059718e-08, 3.71061439353e-08, 2.10021397606e-07, 3.32872929221e-09, 5.97143223757e-09, 5.54247758799e-09, 3.6545666493e-09, 4.29458468787e-09, 8.51258796786e-09, 1.72652647734e-09, 4.50554399345e-10, 7.54558526772e-10, 4.94036422882e-10, 3.11111469919e-10, 2.7050270357e-10, 6.16308337698e-10, 2.12071651906e-10, 1.28112145892e-10, 1.45283464079e-11, 1.78296405418e-11, 6.83520861439e-12, 1.68072381099e-12, 1.68011145361e-12, 7.50240960936e-13, 1.64266536029e-13, 1.48754147428e-14, 3.29024823812e-15, 1.05222858455e-15, 1.84127770611e-16, 1.124457678e-16, 1.2443943835e-17, 4.59053476231e-18, 9.11061896545e-19, 1.42163641546e-19, 7.14961800986e-20],
        "dvar2": [5.50500480756e-08, 3.29876854721e-07, 1.84481177712e-06, 7.6563969742e-07, 4.39684413323e-08, 9.84288917039e-08, 3.89105423437e-08, 4.70129720043e-07, 5.41804245913e-09, 7.91063037298e-09, 8.50073345049e-09, 5.18374276837e-09, 8.8561682432e-09, 2.23628706664e-08, 4.19107637484e-09, 8.69709637641e-10, 1.49991230547e-09, 1.01712305245e-09, 7.25793258827e-10, 5.36208688562e-10, 1.16701137642e-09, 4.19985879407e-10, 2.71250522044e-10, 3.47124308464e-11, 4.11561028313e-11, 1.70540231242e-11, 4.57376367682e-12, 4.32258309008e-12, 1.80334696828e-12, 3.83584494463e-13, 4.21384322292e-14, 8.07168950954e-15, 2.80063270142e-15, 5.25933874258e-16, 3.33563348104e-16, 3.13221434977e-17, 1.14316220034e-17, 2.47829143144e-18, 3.80918223044e-19, 1.66950470492e-19],
        "max": [0.0134381493554, 0.0307319648564, 0.0254504866898, 0.0201988890767, 0.0072467783466, 0.0116534586996, 0.0149506768212, 0.0178186446428, 0.00209168344736, 0.00283191795461, 0.00188243866432, 0.00171583390329, 0.00116807199083, 0.00234474102035, 0.000791882397607, 0.000471682433272, 0.000425912090577, 0.000617560348473, 0.000380582001526, 0.000324973952956, 0.000766876502894, 0.000322572625009, 0.000221515831072, 8.20606583147e-05, 6.51391019346e-05, 3.42229031958e-05, 2.50679695455e-05, 2.05538035516e-05, 1.65929741343e-05, 9.06385866983e-06, 1.98009752239e-06, 1.68905228293e-06, 4.64885175688e-07, 2.12217713624e-07, 3.07144745193e-07, 8.32570279385e-08, 5.28056069982e-08, 2.72798050815e-08, 9.34273902686e-09, 8.60605720021e-09],
        "mean": [0.00235574576072, 0.00443115737289, 0.00193202623632, 0.00120188633446, 0.000406574865337, 0.000425467645982, 0.000461342162453, 0.000588924682233, 0.000155719681061, 0.000152849563165, 9.304566629e-05, 7.40795294405e-05, 6.58674325678e-05, 7.90646517999e-05, 5.1307855756e-05, 2.62488647422e-05, 2.90915741061e-05, 2.36433552345e-05, 2.09079280467e-05, 2.34245071624e-05, 2.40255776589e-05, 2.22968319576e-05, 1.25962196762e-05, 4.17388810092e-06, 4.50361494586e-06, 2.72806437351e-06, 1.54872770963e-06, 1.46221611885e-06, 1.01056002677e-06, 5.1623607078e-07, 1.39783580266e-07, 7.45094155263e-08, 3.51638114182e-08, 1.80180617093e-08, 1.13184723816e-08, 5.65357316518e-09, 3.25620397312e-09, 1.45938050533e-09, 6.23897711272e-10, 3.98250266098e-10],
        "median": [0.00125073548406, 0.00278873648494, 0.00130777945742, 0.000551236851607, 0.000176137444214, 0.000167130565387, 0.000173820153577, 0.000126491271658, 7.81562848715e-05, 3.87774307455e-05, 2.70933524007e-05, 1.76608991751e-05, 2.00794893317e-05, 1.50657451741e-05, 1.88653048099e-05, 9.99603798846e-06, 7.77745844971e-06, 9.62895501289e-06, 1.07863943413e-05, 1.44469295265e-05, 7.52338473831e-06, 1.10783257696e-05, 5.31161595063e-06, 1.5858779534e-06, 1.88593537587e-06, 1.30996488679e-06, 1.00116790236e-06, 8.17842590095e-07, 4.47429329142e-07, 2.24042778996e-07, 8.36603248899e-08, 4.23453556664e-08, 2.06935339975e-08, 1.13991411865e-08, 6.82236800387e-09, 3.88919474403e-09, 2.13932493942e-09, 9.3536400847e-10, 3.87373799704e-10, 1.9134081819e-10],
        "min": [3.80620369614e-23, 3.19447551184e-23, 1.48269736129e-23, 5.4844576248e-24, 1.67449473034e-24, 3.00865494744e-24, 1.58852336727e-23, 1.43066788252e-23, 8.75039147065e-24, 6.59942731735e-24, 1.05282133717e-23, 8.88706556678e-24, 6.53958827338e-24, 1.97200727042e-23, 1.61743101737e-23, 1.07778744376e-23, 9.44209626678e-24, 1.29232574e-23, 1.12460815286e-23, 1.60214699511e-23, 1.36689273818e-23, 8.50894639111e-24, 1.50911505083e-23, 1.74971242044e-23, 1.56534584502e-23, 1.12840446708e-23, 1.09571075796e-23, 7.23333464154e-24, 1.07275222349e-23, 1.67582960133e-23, 1.33406239834e-23, 1.91936626667e-23, 1.22329181221e-23, 9.80566569192e-24, 5.70937488508e-24, 6.60944230097e-24, 7.55356641513e-24, 1.23564845054e-23, 8.63009886007e-24, 8.28587624864e-24],
        "var": [7.85835163697e-06, 2.51245855907e-05, 4.2235183173e-06, 3.45111175193e-06, 5.18054434906e-07, 6.54955215396e-07, 6.82978964051e-07, 1.5585313804e-06, 4.31247677568e-08, 7.91459129346e-08, 2.59451304885e-08, 2.01555145907e-08, 1.35808315704e-08, 2.78277507704e-08, 6.74522526722e-09, 1.86545268122e-09, 2.63466537476e-09, 1.49764523005e-09, 8.33666524702e-10, 8.93751406217e-10, 2.01522398768e-09, 9.39340050188e-10, 4.16105455647e-10, 4.95271011702e-11, 4.61252147588e-11, 1.46218957081e-11, 3.36481363605e-12, 3.55672912997e-12, 2.41020745029e-12, 6.05232769284e-13, 3.16194078841e-14, 1.04527846746e-14, 2.01941569647e-15, 4.55072791956e-16, 2.43703846191e-16, 4.5967243894e-17, 1.65291084662e-17, 3.56846088487e-18, 6.09850228639e-19, 5.18969135509e-19]
    },
    "mfcc": {
        "mean": [-729.032226562, 217.855072021, -22.6341495514, 48.5901603699, 6.76029634476, 7.67140579224, 2.47207379341, 1.11224758625, 4.34613704681, 2.47760391235, -2.1698179245, 8.23180103302, 5.45782136917],
        "cov": [[6132.18212891, -291.761322021, -2870.1628418, 720.376342773, -679.110351562, -238.278381348, -348.220153809, 94.6028442383, 52.1558685303, 10.5186538696, -219.027542114, -79.1557312012, -166.205657959], [-291.761322021, 517.543212891, 324.402954102, -303.088195801, 127.621139526, 89.2525863647, 63.574634552, -5.51818847656, -35.0676498413, -52.9303283691, -37.8620986938, -39.2701721191, 1.22647333145], [-2870.1628418, 324.402954102, 1644.26049805, -397.596069336, 308.052978516, 209.319274902, 189.954696655, -34.1955871582, -46.0729522705, 3.1961722374, 109.048057556, 22.0825195312, 43.5094146729], [720.376342773, -303.088195801, -397.596069336, 457.114501953, -73.6887054443, -110.516906738, -15.5969772339, 18.1708812714, 72.2986221313, 58.3066864014, 49.2069816589, 76.0579147339, 31.4361457825], [-679.110351562, 127.621139526, 308.052978516, -73.6887054443, 226.836166382, 47.598033905, 61.1174583435, 7.61989498138, 2.05794262886, -12.1525411606, 7.21517133713, 20.0935993195, 31.1186523438], [-238.278381348, 89.2525863647, 209.319274902, -110.516906738, 47.598033905, 168.384094238, 61.2058830261, -7.74108314514, -8.86330795288, -10.5685958862, -5.17828416824, -35.9075164795, -42.1056671143], [-348.220153809, 63.574634552, 189.954696655, -15.5969772339, 61.1174583435, 61.2058830261, 130.293365479, 17.1732311249, 2.84907722473, 7.3248128891, 16.3912582397, 10.0279340744, 7.32778739929], [94.6028442383, -5.51818847656, -34.1955871582, 18.1708812714, 7.61989498138, -7.74108314514, 17.1732311249, 82.5291671753, 29.0410499573, 5.63162994385, 1.96466326714, 7.15458917618, 6.62816810608], [52.1558685303, -35.0676498413, -46.0729522705, 72.2986221313, 2.05794262886, -8.86330795288, 2.84907722473, 29.0410499573, 96.9457931519, 33.9828186035, 9.68661403656, 18.1742401123, 2.99631142616], [10.5186538696, -52.9303283691, 3.1961722374, 58.3066864014, -12.1525411606, -10.5685958862, 7.3248128891, 5.63162994385, 33.9828186035, 96.5522613525, 47.3191452026, 6.01625585556, 13.1444559097], [-219.027542114, -37.8620986938, 109.048057556, 49.2069816589, 7.21517133713, -5.17828416824, 16.3912582397, 1.96466326714, 9.68661403656, 47.3191452026, 115.756340027, 49.1467704773, 22.5229549408], [-79.1557312012, -39.2701721191, 22.0825195312, 76.0579147339, 20.0935993195, -35.9075164795, 10.0279340744, 7.15458917618, 18.1742401123, 6.01625585556, 49.1467704773, 108.979232788, 57.3310165405], [-166.205657959, 1.22647333145, 43.5094146729, 31.4361457825, 31.1186523438, -42.1056671143, 7.32778739929, 6.62816810608, 2.99631142616, 13.1444559097, 22.5229549408, 57.3310165405, 118.112220764]],
