{
"lowlevel": {
    "average_loudness": 0.9618511796,
    "barkbands_crest": {
        "dmean": 2.87199115753,
        "dmean2": 4.74338626862,
        "dvar": 6.21242570877,
        "dvar2": 16.4882793427,
        "max": 25.4186382294,
        "mean": 10.3930339813,
        "median": 9.71867370605,
        "min": 2.14639902115,
        "var": 15.8289146423
    },
    "barkbands_flatness_db": {
        "dmean": 0.0280014965683,
        "dmean2": 0.0416877679527,
        "dvar": 0.000585245725233,
        "dvar2": 0.00123689777683,
        "max": 0.461767315865,
        "mean": 0.136995121837,
        "median": 0.128734335303,
        "min": 0.01718852669,
        "var": 0.00379704427905
    },
    "barkbands_kurtosis": {
        "dmean": 4.57125425339,
        "dmean2": 7.22333526611,
        "dvar": 40.927947998,
        "dvar2": 95.48072052,
        "max": 173.587280273,
        "mean": 6.81324338913,
        "median": 3.56032133102,
        "min": -1.90023899078,
        "var": 98.795211792
    },
    "barkbands_skewness": {
        "dmean": 0.742282509804,
        "dmean2": 1.16270148754,
        "dvar": 0.499079972506,
        "dvar2": 1.17992675304,
        "max": 10.715546608,
        "mean": 1.9783911705,
        "median": 1.83749353886,
        "min": -8.98694992065,
        "var": 1.66405022144
    },
    "barkbands_spread": {
        "dmean": 8.21981716156,
        "dmean2": 12.641708374,
        "dvar": 109.256416321,
        "dvar2": 237.361053467,
        "max": 126.246383667,
        "mean": 20.7661914825,
        "median": 16.8236351013,
        "min": 0.813501238823,
        "var": 232.277618408
    },
    "dissonance": {
        "dmean": 0.0210074782372,
        "dmean2": 0.035802565515,
        "dvar": 0.000504065828864,
        "dvar2": 0.00138808600605,
        "max": 0.500000059605,
        "mean": 0.464668601751,
        "median": 0.473059654236,
        "min": 0.147375226021,
        "var": 0.000989790307358
    },
    "dynamic_complexity": 2.52160096169,
    "erbbands_crest": {
        "dmean": 3.21458411217,
        "dmean2": 5.1915640831,
        "dvar": 10.3667135239,
        "dvar2": 25.5407028198,
        "max": 31.4873790741,
        "mean": 9.50571346283,
        "median": 8.18627738953,
        "min": 1.91783761978,
        "var": 24.7025547028
    },
    "erbbands_flatness_db": {
        "dmean": 0.023999042809,
        "dmean2": 0.034204620868,
        "dvar": 0.000519305875059,
        "dvar2": 0.00109184416942,
        "max": 0.460982471704,
        "mean": 0.136520534754,
        "median": 0.128705859184,
        "min": 0.0273472014815,
        "var": 0.00242737191729
    },
    "erbbands_kurtosis": {
        "dmean": 1.32862401009,
        "dmean2": 2.17119765282,
        "dvar": 5.88103437424,
        "dvar2": 15.5519104004,
        "max": 57.986946106,
        "mean": 0.70825445652,
        "median": -0.153755903244,
        "min": -1.8260743618,
        "var": 8.2033662796
    },
    "erbbands_skewness": {
        "dmean": 0.458055049181,
        "dmean2": 0.715796649456,
        "dvar": 0.197842553258,
        "dvar2": 0.491491883993,
        "max": 6.07312774658,
        "mean": 0.381085664034,
        "median": 0.349228620529,
        "min": -4.54721021652,
        "var": 0.598172008991
    },
    "erbbands_spread": {
        "dmean": 12.0676116943,
        "dmean2": 18.1806201935,
        "dvar": 153.113800049,
        "dvar2": 342.283447266,
        "max": 143.920410156,
        "mean": 43.1850700378,
        "median": 41.0851287842,
        "min": 1.33185815811,
        "var": 434.635772705
    },
    "hfc": {
        "dmean": 12.7202501297,
        "dmean2": 19.5909996033,
        "dvar": 462.890258789,
        "dvar2": 1077.31542969,
        "max": 220.135498047,
        "mean": 22.8014812469,
        "median": 15.9787654877,
        "min": 1.19522503081e-16,
        "var": 564.291015625
    },
    "melbands_crest": {
        "dmean": 3.74025249481,
        "dmean2": 6.21224594116,
        "dvar": 9.98983573914,
        "dvar2": 27.0684509277,
        "max": 33.7327384949,
        "mean": 15.0407924652,
        "median": 14.7207317352,
        "min": 2.59143805504,
        "var": 23.027469635
    },
    "melbands_flatness_db": {
        "dmean": 0.0351824909449,
        "dmean2": 0.051797542721,
        "dvar": 0.000964356528129,
        "dvar2": 0.00202071107924,
        "max": 0.599116325378,
        "mean": 0.220788404346,
        "median": 0.216384574771,
        "min": 0.00691034970805,
        "var": 0.00615810649469
    },
    "melbands_kurtosis": {
        "dmean": 11.1695346832,
        "dmean2": 17.8809871674,
        "dvar": 238.596939087,
        "dvar2": 564.540161133,
        "max": 259.262207031,
        "mean": 19.2654094696,
        "median": 11.9195632935,
        "min": -1.79424595833,
        "var": 507.36416626
    },
    "melbands_skewness": {
        "dmean": 1.02703511715,
        "dmean2": 1.6162263155,
        "dvar": 1.04199945927,
        "dvar2": 2.43788790703,
        "max": 13.4243030548,
        "mean": 3.1956281662,
        "median": 2.98523974419,
        "min": -1.6366969347,
        "var": 3.05012249947
    },
    "melbands_spread": {
        "dmean": 8.10745429993,
        "dmean2": 12.9873142242,
        "dvar": 129.650024414,
        "dvar2": 320.789031982,
        "max": 158.887573242,
        "mean": 18.6521816254,
        "median": 14.2595558167,
        "min": 0.744016826153,
        "var": 264.460876465
    },
    "pitch_salience": {
        "dmean": 0.0797184705734,
        "dmean2": 0.130237564445,
        "dvar": 0.00461158389226,
        "dvar2": 0.0117025757208,
        "max": 0.88858628273,
        "mean": 0.544956982136,
        "median": 0.549611389637,
        "min": 0.102643825114,
        "var": 0.0125878723338
    },
    "silence_rate_20dB": {
        "dmean": 0,
        "dmean2": 0,
        "dvar": 0,
        "dvar2": 0,
        "max": 1,
        "mean": 1,
        "median": 1,
        "min": 1,
        "var": 0
    },
    "silence_rate_30dB": {
        "dmean": 0.0251079481095,
        "dmean2": 0.050219912082,
        "dvar": 0.0244784820825,
        "dvar2": 0.0660857409239,
        "max": 1,
        "mean": 0.983769118786,
        "median": 1,
        "min": 0,
        "var": 0.0159670021385
    },
    "silence_rate_60dB": {
        "dmean": 0.00303854141384,
        "dmean2": 0.00607756897807,
        "dvar": 0.00302953296341,
        "dvar2": 0.00684150028974,
        "max": 1,
        "mean": 0.0403773896396,
        "median": 0,
        "min": 0,
        "var": 0.0387490950525
    },
    "spectral_centroid": {
        "dmean": 304.41394043,
        "dmean2": 473.690246582,
        "dvar": 121785.210938,
        "dvar2": 278535.25,
        "max": 10968.9335938,
        "mean": 1118.30334473,
        "median": 979.915405273,
        "min": 163.186019897,
        "var": 406258.46875
    },
    "spectral_complexity": {
        "dmean": 5.04014062881,
        "dmean2": 7.45173931122,
        "dvar": 31.5543060303,
        "dvar2": 61.1812171936,
        "max": 57,
        "mean": 18.576877594,
        "median": 17,
        "min": 0,
        "var": 92.7724609375
    },
    "spectral_decrease": {
        "dmean": 4.02035649216e-09,
        "dmean2": 6.3620677615e-09,
        "dvar": 2.96232567945e-17,
        "dvar2": 7.13444270944e-17,
        "max": 9.0009109107e-17,
        "mean": -9.12148667709e-09,
        "median": -7.73465202997e-09,
        "min": -4.8454495527e-08,
        "var": 4.58994580972e-17
    },
    "spectral_energy": {
        "dmean": 0.0158464685082,
        "dmean2": 0.0249173566699,
        "dvar": 0.000449041865068,
        "dvar2": 0.0010728960624,
        "max": 0.185793146491,
        "mean": 0.0364945568144,
        "median": 0.0311964862049,
        "min": 1.11881743545e-20,
        "var": 0.000703474972397
    },
    "spectral_energyband_high": {
        "dmean": 0.00105698627885,
        "dmean2": 0.00165428686887,
        "dvar": 5.93134473093e-06,
        "dvar2": 1.45018620969e-05,
        "max": 0.0261426437646,
        "mean": 0.00116483599413,
        "median": 0.000360860227374,
        "min": 8.1702745521e-21,
        "var": 5.69431904296e-06
    },
    "spectral_energyband_low": {
        "dmean": 0.00942217744887,
        "dmean2": 0.0150039773434,
        "dvar": 0.00027371555916,
        "dvar2": 0.000665749015752,
        "max": 0.168480411172,
        "mean": 0.0157879889011,
        "median": 0.0115925297141,
        "min": 1.45536090124e-22,
        "var": 0.000336167693604
    },
    "spectral_energyband_middle_high": {
        "dmean": 0.00261256867088,
        "dmean2": 0.00428096670657,
        "dvar": 2.30137484323e-05,
        "dvar2": 6.10718125245e-05,
        "max": 0.0667808279395,
        "mean": 0.00465567363426,
        "median": 0.00315629853867,
        "min": 1.67516635232e-21,
        "var": 2.74775029538e-05
    },
    "spectral_energyband_middle_low": {
        "dmean": 0.00868792179972,
        "dmean2": 0.0144553640857,
        "dvar": 0.000161256160936,
        "dvar2": 0.000409614673117,
        "max": 0.141953483224,
        "mean": 0.0170665178448,
        "median": 0.0123679675162,
        "min": 2.96668675053e-22,
        "var": 0.000267731491476
    },
    "spectral_entropy": {
        "dmean": 0.245978415012,
        "dmean2": 0.3394998312,
        "dvar": 0.0483228191733,
        "dvar2": 0.091236114502,
        "max": 9.81793022156,
        "mean": 7.56385374069,
        "median": 7.62030649185,
        "min": 4.86380338669,
        "var": 0.268207460642
    },
    "spectral_flux": {
        "dmean": 0.0363535694778,
        "dmean2": 0.0554546229541,
        "dvar": 0.0016500861384,
        "dvar2": 0.00345414387994,
        "max": 0.384648352861,
        "mean": 0.103264331818,
        "median": 0.0911708474159,
        "min": 1.05774167203e-10,
        "var": 0.00337103544734
    },
    "spectral_kurtosis": {
        "dmean": 1.91371905804,
        "dmean2": 2.91384077072,
        "dvar": 11.7409515381,
        "dvar2": 29.6395759583,
        "max": 223.919311523,
        "mean": 5.35770654678,
        "median": 3.88651323318,
        "min": -1.21170222759,
        "var": 70.8510284424
    },
    "spectral_rms": {
        "dmean": 0.00119300198276,
        "dmean2": 0.00183319812641,
        "dvar": 1.74090314431e-06,
        "dvar2": 3.99393547923e-06,
        "max": 0.0134633434936,
        "mean": 0.00558102270588,
        "median": 0.00551684666425,
        "min": 3.30382986594e-12,
        "var": 4.45700607088e-06
    },
    "spectral_rolloff": {
        "dmean": 707.119628906,
        "dmean2": 1211.40881348,
        "dvar": 1865233.25,
        "dvar2": 4480329,
        "max": 19767.4804688,
        "mean": 1241.10742188,
        "median": 710.595703125,
        "min": 86.1328125,
        "var": 2807663.5
    },
    "spectral_skewness": {
        "dmean": 0.276529759169,
        "dmean2": 0.407055974007,
        "dvar": 0.0796094313264,
        "dvar2": 0.181062549353,
        "max": 12.1452989578,
        "mean": 1.69966971874,
        "median": 1.59421730042,
        "min": 0.000797156011686,
        "var": 0.552283108234
    },
    "spectral_spread": {
        "dmean": 900509.5,
        "dmean2": 1225582.625,
        "dvar": 978745819136,
        "dvar2": 1.83610310656e+12,
        "max": 40151656,
        "mean": 5113047.5,
        "median": 4791694.5,
        "min": 411031.6875,
        "var": 3.1705113559e+12
    },
    "spectral_strongpeak": {
        "dmean": 0.420643597841,
        "dmean2": 0.720456063747,
        "dvar": 0.45044323802,
        "dvar2": 1.09689760208,
        "max": 12.4428825378,
        "mean": 0.71292245388,
        "median": 0.445730358362,
        "min": 0,
        "var": 0.802271664143
    },
    "zerocrossingrate": {
        "dmean": 0.0145746450871,
        "dmean2": 0.0173236560076,
        "dvar": 0.000313259311952,
        "dvar2": 0.000395676732296,
        "max": 0.75634765625,
        "mean": 0.0564209446311,
        "median": 0.04638671875,
        "min": 0.0029296875,
        "var": 0.00190798623953
    },
    "barkbands": {
        "dmean": [0.00020545735606, 0.00566098093987, 0.00397266773507, 0.0035762146581, 0.00435563595966, 0.00131565169431, 0.000819018343464, 0.000775104155764, 0.000808423501439, 0.000705729005858, 0.000643626146484, 0.000624827633146, 0.00028670206666, 0.000247926684096, 0.000286742899334, 0.000312016141834, 0.000225026917178, 0.000157004789799, 0.000160026989761, 0.000131133405375, 0.000156062669703, 0.000156416674145, 0.000276476435829, 0.000170572689967, 0.000180184637429, 0.000112207548227, 1.78107911779e-05],
        "dmean2": [0.000354088522727, 0.00905209593475, 0.006898639258, 0.00618413137272, 0.00727146631107, 0.00228045065887, 0.00137294351589, 0.00132903631311, 0.00127694185358, 0.00119425682351, 0.00113030069042, 0.00105224433355, 0.00048893148778, 0.000407515326515, 0.000477589201182, 0.000508927390911, 0.000370688620023, 0.000255914666923, 0.000254185404629, 0.000209832956898, 0.000252196594374, 0.000244229915552, 0.000456541252788, 0.000272020697594, 0.000292470067507, 0.000179246460903, 2.86969952867e-05],
        "dvar": [1.84921063351e-07, 0.000124835292809, 5.69211151742e-05, 3.08196795231e-05, 5.84810841247e-05, 6.82258132656e-06, 2.55325312537e-06, 3.2636044125e-06, 2.53130860983e-06, 3.73024795408e-06, 4.17269347963e-06, 4.36197751696e-06, 6.92818957759e-07, 6.85468535266e-07, 5.27539157247e-07, 3.83504612955e-07, 2.91947827691e-07, 1.00462372643e-07, 7.27033864223e-08, 5.13056299667e-08, 1.10775580708e-07, 1.09738621745e-07, 6.76082095197e-07, 1.7584916634e-07, 1.69208547618e-07, 8.95447271887e-08, 1.63791957775e-09],
        "dvar2": [5.51482230549e-07, 0.000280470645521, 0.00016605349083, 8.73587487149e-05, 0.000148545470438, 1.87399928109e-05, 6.8789740908e-06, 8.98321741261e-06, 6.19217962594e-06, 1.02374715425e-05, 1.17451063488e-05, 1.16752607937e-05, 1.90301238945e-06, 1.85243686701e-06, 1.3693955907e-06, 9.75617240329e-07, 8.03242755865e-07, 2.36358815187e-07, 1.77884246e-07, 1.30083691374e-07, 2.90091037414e-07, 2.68855927743e-07, 1.7892842834e-06, 4.20598723849e-07, 4.10676506135e-07, 2.2231454011e-07, 4.1432288711e-09],
        "max": [0.00437208171934, 0.12153609097, 0.097958907485, 0.087947934866, 0.0881562158465, 0.0493885055184, 0.033724360168, 0.0415204837918, 0.0284383259714, 0.0411848761141, 0.0399642959237, 0.0494270883501, 0.0214759390801, 0.0464468896389, 0.0235847774893, 0.0144173223525, 0.0277213826776, 0.0143897971138, 0.00474205799401, 0.00287105515599, 0.00429343385622, 0.00348879466765, 0.0100904135033, 0.00511036487296, 0.00406443607062, 0.00321821705438, 0.000686397310346],
        "mean": [0.000229294979363, 0.00815943907946, 0.00541725754738, 0.00462510483339, 0.00685435067862, 0.00165216194, 0.00117831758689, 0.000982708996162, 0.00140008283779, 0.000899879378267, 0.000666117528453, 0.000815337407403, 0.000329772359692, 0.000356285425369, 0.00037275016075, 0.000460106559331, 0.000309752271278, 0.000243176677031, 0.000277215847746, 0.000198073437787, 0.000183474447113, 0.000182547533768, 0.000251217134064, 0.000172335508978, 0.000162554104463, 9.92272325675e-05, 1.61162952281e-05],
        "median": [5.63874382351e-05, 0.00453186128289, 0.00311967171729, 0.0024984786287, 0.00287850457244, 0.000825257506222, 0.000685439968947, 0.000365715823136, 0.000524015864357, 0.000294072873658, 0.000181990399142, 0.0002279743494, 0.000120663033158, 0.000138402800076, 0.000137985654874, 0.000202674695174, 0.000140364398248, 0.000117205781862, 0.000140958174597, 0.000104902552266, 6.79560034769e-05, 6.26402179478e-05, 4.6423614549e-05, 3.92995025322e-05, 2.72537308774e-05, 1.2124269233e-05, 1.96236919692e-06],
        "min": [1.82223492781e-23, 4.92706617965e-23, 7.12823927853e-23, 2.74945888037e-23, 5.32541884868e-23, 8.93379800235e-23, 1.74527476231e-23, 1.45179783741e-23, 8.7529002061e-23, 1.96624669254e-23, 4.35518967057e-23, 2.88376939146e-23, 8.94745539343e-23, 2.12783301606e-22, 1.49345278554e-22, 1.47319572102e-22, 2.92998389251e-22, 2.3932664091e-22, 3.55876939528e-22, 3.07822360459e-22, 4.38661088394e-22, 5.63346044937e-22, 8.58030551797e-22, 1.07366761137e-21, 1.44700435252e-21, 1.27113173907e-21, 2.46237229047e-21],
        "var": [1.99150491653e-07, 0.00014948102762, 5.12236183567e-05, 3.88702865166e-05, 0.000102841397165, 6.32053161098e-06, 2.6632301342e-06, 3.51403741661e-06, 5.59708996661e-06, 3.87412092095e-06, 3.2355028452e-06, 6.30824752079e-06, 5.78574031351e-07, 7.20347202332e-07, 6.08720256423e-07, 5.67996323753e-07, 2.98359282169e-07, 2.57493184108e-07, 1.6019639304e-07, 6.77026292806e-08, 1.01539470165e-07, 1.10116374685e-07, 5.1682764024e-07, 1.67473501733e-07, 1.5721826685e-07, 7.84944731436e-08, 1.49300660723e-09]
    },
    "erbbands": {
        "dmean": [0.15335470438, 1.39791381359, 4.35474205017, 7.80769729614, 16.4920482635, 12.1985673904, 10.0579843521, 11.064994812, 10.4587440491, 18.614610672, 13.0318222046, 19.0134029388, 22.1770496368, 21.7068634033, 27.6509857178, 23.5063076019, 13.9507522583, 12.427028656, 12.7428483963, 17.0716514587, 15.769695282, 12.3769311905, 8.38596248627, 8.68555641174, 7.41372442245, 6.27757787704, 4.77514028549, 7.41135215759, 5.82907009125, 7.2504940033, 7.86122179031, 4.29211378098, 2.70385551453, 1.81264698505, 1.38456857204, 0.576603233814, 0.197238191962, 0.0340608023107, 0.00282906135544, 0.000127815059386],
        "dmean2": [0.249101907015, 2.27221274376, 7.50144004822, 13.6114454269, 27.365228653, 20.9178256989, 17.4312458038, 19.2073307037, 17.5572776794, 32.482257843, 21.9583759308, 29.8660964966, 36.3552513123, 37.3176841736, 47.9859771729, 39.7591362, 23.7765789032, 20.4082145691, 21.1544113159, 28.0734958649, 25.7494258881, 20.2055282593, 13.5511684418, 13.9698629379, 11.74650383, 10.0946836472, 7.55215167999, 12.1831054688, 9.17667484283, 11.7549257278, 13.1386566162, 6.86743354797, 4.34919500351, 2.90357470512, 2.26808452606, 0.914396166801, 0.318639606237, 0.0556268803775, 0.00449615623802, 0.000200220907573],
        "dvar": [0.111362636089, 7.64632558823, 71.0379714966, 135.306549072, 896.614257812, 514.87286377, 639.753051758, 482.913787842, 392.770355225, 2157.52636719, 775.137634277, 1590.19091797, 3436.47070312, 3469.10595703, 8498.84765625, 5179.671875, 1571.65405273, 1368.65942383, 1169.99060059, 1544.32446289, 1171.54907227, 753.183105469, 330.928741455, 236.858703613, 171.526229858, 122.846450806, 69.2894134521, 312.17086792, 162.03465271, 353.327484131, 589.565979004, 124.345962524, 43.0369529724, 17.994594574, 9.78693389893, 2.22362399101, 0.27500423789, 0.00741449417546, 3.95878778363e-05, 8.15710805568e-08],
        "dvar2": [0.276898354292, 17.9780921936, 202.850875854, 403.914276123, 2173.16772461, 1409.22619629, 1737.84411621, 1351.94604492, 1065.94616699, 6002.45800781, 2102.56420898, 3854.59130859, 9246.95996094, 9528.13671875, 23846.640625, 13886.6337891, 4349.62451172, 3665.68481445, 3127.53173828, 4028.82592773, 3075.38989258, 2012.40795898, 738.268798828, 590.930847168, 434.481445312, 315.537597656, 171.42149353, 829.647277832, 404.056671143, 911.302185059, 1579.984375, 302.410705566, 105.588638306, 43.7981910706, 23.9943141937, 5.39693880081, 0.690263330936, 0.0189699027687, 9.87847670331e-05, 2.04733936471e-07],
        "max": [3.30453658104, 28.606300354, 90.3559341431, 129.949279785, 439.422851562, 374.078063965, 728.306762695, 527.446411133, 681.094299316, 745.446960449, 659.502502441, 888.588684082, 1198.42163086, 993.732788086, 1980.67736816, 1492.51086426, 959.699584961, 1920.63916016, 922.759094238, 896.17767334, 1233.47570801, 1114.01062012, 1020.20678711, 334.599853516, 301.959411621, 156.890014648, 101.56602478, 240.379882812, 136.721313477, 210.462295532, 312.52142334, 120.735877991, 79.0150985718, 43.3861351013, 30.482257843, 15.7645053864, 5.79089355469, 0.952870249748, 0.12561032176, 0.00669491291046],
        "mean": [0.197666883469, 1.97786033154, 6.0747551918, 11.0977811813, 24.6032943726, 19.976228714, 11.3925876617, 14.4362249374, 16.783744812, 22.107509613, 19.5926952362, 33.9007720947, 32.7510643005, 26.3200206757, 31.4084796906, 30.8330936432, 17.4986190796, 18.3571434021, 17.2718906403, 23.8135643005, 23.312959671, 18.2905426025, 13.6890230179, 14.062628746, 12.920747757, 9.41680812836, 6.87587833405, 7.92693471909, 6.62477588654, 7.29033184052, 6.95622777939, 4.22286939621, 2.66069841385, 1.70785057545, 1.200958848, 0.521395087242, 0.169409736991, 0.0289591122419, 0.00267370324582, 0.000154221386765],
        "median": [0.0859640166163, 1.12487602234, 3.24669718742, 8.04288005829, 9.9014081955, 8.57602500916, 5.21557044983, 7.32601547241, 10.5758094788, 8.88404083252, 9.26394271851, 12.9296722412, 11.0256175995, 9.66113471985, 9.1807975769, 10.2414484024, 7.51487016678, 7.52541685104, 6.67850637436, 10.2255306244, 10.4715147018, 8.8401594162, 6.85147237778, 7.79132080078, 6.29453086853, 4.84026765823, 3.06017637253, 2.63879966736, 2.19669008255, 1.81754124165, 1.24335467815, 0.864004194736, 0.6147788167, 0.333893328905, 0.173221319914, 0.0652885586023, 0.0190843176097, 0.00357544096187, 0.000382129044738, 5.91748175793e-05],
        "min": [1.27349635279e-21, 1.24161288206e-20, 6.99754473165e-20, 9.87636590788e-20, 6.65107043856e-20, 1.71415513891e-19, 4.57184947606e-19, 8.27601595786e-19, 3.79423714473e-19, 4.86436122017e-19, 4.95576674581e-19, 2.27401504327e-18, 9.16823312909e-19, 9.32582964734e-19, 1.63244569516e-18, 1.27404219102e-18, 4.22030609093e-18, 1.00199150382e-17, 7.11783374992e-18, 8.03131080706e-18, 1.27620411027e-17, 1.42018291953e-17, 9.6071055904e-18, 1.63282061477e-17, 1.92655261573e-17, 1.59738138492e-17, 1.3928391409e-17, 2.27831745779e-17, 1.87828844678e-17, 2.96704093982e-17, 2.17355486777e-17, 2.13089683271e-17, 1.83956977667e-17, 1.60552481261e-17, 1.05196835022e-17, 3.86292270727e-18, 2.41304363152e-18, 1.17216724716e-18, 3.60146838984e-19, 3.87002362632e-20],
        "var": [0.11968678236, 8.46580314636, 65.6091308594, 145.72492981, 1652.35644531, 801.539611816, 499.346008301, 485.952880859, 445.798309326, 1937.70996094, 952.045471191, 3829.09545898, 4883.72216797, 3183.31420898, 7177.00488281, 6530.70703125, 1343.10754395, 1651.20495605, 1212.84216309, 1857.71789551, 1558.8347168, 933.877685547, 1047.65405273, 404.968902588, 371.765930176, 157.465835571, 90.9425430298, 253.89855957, 155.349624634, 297.500946045, 432.890777588, 113.645317078, 39.3950996399, 16.8293743134, 8.84757709503, 2.05535960197, 0.233058467507, 0.0061327428557, 3.80430428777e-05, 7.80592870342e-08]
    },
    "gfcc": {
        "mean": [11.467461586, 89.1087265015, -93.6910400391, 31.6630344391, -50.5815200806, 13.4402980804, -33.7177391052, 9.13650417328, -22.9059619904, -1.22314119339, -19.9916000366, -1.26284694672, -13.2265205383],
        "cov": [[11323.7929688, -1573.24230957, -191.681427002, 720.977600098, -207.492721558, 676.23651123, -360.936279297, 97.2475891113, -497.123565674, -58.0001106262, -294.525238037, 125.92023468, -43.2588996887], [-1573.24230957, 1589.21240234, 10.2476758957, -93.9064483643, 157.447631836, -144.499038696, 191.180053711, -56.9973297119, 150.704391479, -76.8920059204, 61.9821853638, -127.851280212, 58.0163726807], [-191.681427002, 10.2476758957, 702.320800781, 27.7806911469, 9.00708580017, 71.2589187622, 46.9308815002, 33.0218086243, 63.3623313904, 43.4809379578, -47.8934059143, -28.1755599976, -27.8830127716], [720.977600098, -93.9064483643, 27.7806911469, 413.648529053, 20.3873310089, 46.038433075, 2.35988855362, 12.3126087189, -28.9204654694, -17.142742157, -2.01398873329, -29.6545085907, -9.09590530396], [-207.492721558, 157.447631836, 9.00708580017, 20.3873310089, 240.510299683, 36.7686347961, 39.1992721558, 10.0594263077, 21.3187923431, -8.82302474976, 9.29273986816, 0.0778540149331, 10.5756235123], [676.23651123, -144.499038696, 71.2589187622, 46.038433075, 36.7686347961, 209.429458618, 47.3913879395, 26.4609260559, -19.3536243439, 17.0363922119, -19.0905570984, 15.2565889359, -7.94409608841], [-360.936279297, 191.180053711, 46.9308815002, 2.35988855362, 39.1992721558, 47.3913879395, 157.631408691, 50.0443000793, 42.5521087646, -9.58092021942, 18.9535179138, -17.1477832794, 10.3175563812], [97.2475891113, -56.9973297119, 33.0218086243, 12.3126087189, 10.0594263077, 26.4609260559, 50.0443000793, 128.386474609, 44.8433418274, 13.1867656708, -20.2853527069, 2.41293144226, -6.87959766388], [-497.123565674, 150.704391479, 63.3623313904, -28.9204654694, 21.3187923431, -19.3536243439, 42.5521087646, 44.8433418274, 146.724777222, 59.002117157, 4.42738723755, -33.3269004822, 3.43723678589], [-58.0001106262, -76.8920059204, 43.4809379578, -17.142742157, -8.82302474976, 17.0363922119, -9.58092021942, 13.1867656708, 59.002117157, 110.371269226, 28.7552642822, 4.28640365601, -18.440952301], [-294.525238037, 61.9821853638, -47.8934059143, -2.01398873329, 9.29273986816, -19.0905570984, 18.9535179138, -20.2853527069, 4.42738723755, 28.7552642822, 93.2415771484, 31.6860027313, 0.0626250207424], [125.92023468, -127.851280212, -28.1755599976, -29.6545085907, 0.0778540149331, 15.2565889359, -17.1477832794, 2.41293144226, -33.3269004822, 4.28640365601, 31.6860027313, 92.2034454346, 23.2042942047], [-43.2588996887, 58.0163726807, -27.8830127716, -9.09590530396, 10.5756235123, -7.94409608841, 10.3175563812, -6.87959766388, 3.43723678589, -18.440952301, 0.0626250207424, 23.2042942047, 65.1240158081]],
        "icov": [[0.000195543863811, -6.42924205749e-05, 9.79972101049e-05, -0.000274115096545, 0.000187249461305, -0.0006453662063, 0.000544126727618, -0.00035780959297, 0.000519385037478, -0.000224149567657, 0.000455656088889, -0.000134055517265, -8.58557323227e-05], [-6.42924205749e-05, 0.00136078218929, -0.00012503277685, 0.000421114033088, -0.000670752371661, 0.000835250306409, -0.00129707099404, 0.00102586403955, -0.00131568033248, 0.00147275615018, -0.00145735125989, 0.00184844492469, -0.000895751581993], [9.79972101049e-05, -0.00012503277685, 0.00175722024869, -0.000360507227015, 0.000165826801094, -0.000582798442338, -0.000444748788141, 0.00031719400431, -0.000371580274077, -0.000854284386151, 0.00188636314124, -0.000867740134709, 0.000969512853771], [-0.000274115096545, 0.000421114033088, -0.000360507227015, 0.00326044810936, -0.000586725887842, 0.000178693197086, -9.90979751805e-05, -0.000399063806981, -2.78140432783e-05, 0.00119477382395, -0.0025832511019, 0.00289714871906, -0.000855587131809], [0.000187249461305, -0.000670752371661, 0.000165826801094, -0.000586725887842, 0.00504803238437, -0.00193674478214, 0.000688968400937, -0.00058299000375, -0.000309944851324, 0.00047019959311, 0.00017346853565, -0.00106062751729, 1.14753338494e-05], [-0.0006453662063, 0.000835250306409, -0.000582798442338, 0.000178693197086, -0.00193674478214, 0.00974620040506, -0.00631591817364, 0.00215640477836, 0.00054108328186, -0.0026212441735, 0.00242393021472, -0.00173563032877, 0.00117975613102], [0.000544126727618, -0.00129707099404, -0.000444748788141, -9.90979751805e-05, 0.000688968400937, -0.00631591817364, 0.0147870630026, -0.00688413111493, -0.000111499080958, 0.00363939325325, -0.00593566615134, 0.00384214287624, -0.00296641630121], [-0.00035780959297, 0.00102586403955, 0.00031719400431, -0.000399063806981, -0.00058299000375, 0.00215640477836, -0.00688413111493, 0.0139180254191, -0.00594332860783, 0.00041576026706, 0.00514879636467, -0.00508634652942, 0.00408591795713], [0.000519385037478, -0.00131568033248, -0.000371580274077, -2.78140432783e-05, -0.000309944851324, 0.00054108328186, -0.000111499080958, -0.00594332860783, 0.0175084397197, -0.0108008151874, 0.00209821318276, 0.00470721209422, -0.00480149546638], [-0.000224149567657, 0.00147275615018, -0.000854284386151, 0.00119477382395, 0.00047019959311, -0.0026212441735, 0.00363939325325, 0.00041576026706, -0.0108008151874, 0.0199019294232, -0.00934879761189, 0.00114443805069, 0.00321827060543], [0.000455656088889, -0.00145735125989, 0.00188636314124, -0.0025832511019, 0.00017346853565, 0.00242393021472, -0.00593566615134, 0.00514879636467, 0.00209821318276, -0.00934879761189, 0.0240624267608, -0.0130389723927, 0.00566437700763], [-0.000134055517265, 0.00184844492469, -0.000867740134709, 0.00289714871906, -0.00106062751729, -0.00173563032877, 0.00384214287624, -0.00508634652942, 0.00470721209422, 0.00114443805069, -0.0130389723927, 0.0244173817337, -0.0115001164377], [-8.58557323227e-05, -0.000895751581993, 0.000969512853771, -0.000855587131809, 1.14753338494e-05, 0.00117975613102, -0.00296641630121, 0.00408591795713, -0.00480149546638, 0.00321827060543, 0.00566437700763, -0.0115001164377, 0.0226924028248]]
    },
    "melbands": {
        "dmean": [0.00145258556586, 0.00208210782148, 0.00157369719818, 0.00108698324766, 0.000358842080459, 0.000246287963819, 0.00016115658218, 0.000201182905585, 0.000105257124233, 0.000120813441754, 0.000111009831016, 8.71964002727e-05, 9.39915844356e-05, 7.85655865911e-05, 4.28917483077e-05, 2.56200983131e-05, 2.40286972257e-05, 2.02572409762e-05, 2.2513586373e-05, 2.209421109e-05, 1.9142684323e-05, 1.4575930436e-05, 8.41799828777e-06, 7.85996689956e-06, 7.51433935875e-06, 5.93636968915e-06, 5.13612621944e-06, 4.1808621063e-06, 2.94069945994e-06, 3.62791229236e-06, 4.50585594081e-06, 3.38178529091e-06, 2.94976916848e-06, 4.69482756671e-06, 5.09295659867e-06, 3.21207699017e-06, 2.39546216108e-06, 1.9492536012e-06, 1.68632152509e-06, 1.45237629567e-06],
        "dmean2": [0.00231589609757, 0.00351333408616, 0.00268541742116, 0.001817868324, 0.000622233434115, 0.000426816986874, 0.000270217045909, 0.0003505803179, 0.000174493470695, 0.000191091239685, 0.000182566611329, 0.000150250431034, 0.000163406541105, 0.000132417058921, 7.37544178264e-05, 4.28802923125e-05, 3.95879833377e-05, 3.36908196914e-05, 3.73507355107e-05, 3.64783372788e-05, 3.13824893965e-05, 2.39883011091e-05, 1.3769033103e-05, 1.28885321828e-05, 1.2172339666e-05, 9.51228503254e-06, 8.27079929877e-06, 6.81955134496e-06, 4.7287499001e-06, 5.85330826652e-06, 7.44361750549e-06, 5.37430560144e-06, 4.69243605039e-06, 7.71498525864e-06, 8.61477838043e-06, 5.2553855312e-06, 3.81168524655e-06, 3.1318108995e-06, 2.73204750556e-06, 2.32212801166e-06],
        "dvar": [8.76957710716e-06, 1.61925963766e-05, 5.56838085686e-06, 3.52252732227e-06, 7.9023317312e-07, 2.35443494034e-07, 8.99081982197e-08, 2.55729361243e-07, 4.65403218186e-08, 6.42851105681e-08, 9.02011123571e-08, 5.77516487965e-08, 9.07852140131e-08, 7.22000592646e-08, 2.25691501043e-08, 4.04373379226e-09, 6.30923224776e-09, 3.49424267299e-09, 3.18516835129e-09, 2.33100139191e-09, 2.00893524038e-09, 1.16444054399e-09, 2.89055723801e-10, 2.79907735878e-10, 1.89042254073e-10, 1.04582412175e-10, 8.29585081186e-11, 5.54833991251e-11, 2.58550923726e-11, 5.5176765934e-11, 1.15939896572e-10, 5.38027677965e-11, 3.92963890594e-11, 1.67774863447e-10, 2.66426936069e-10, 7.72448424669e-11, 3.74262704161e-11, 2.13554382511e-11, 1.80567696212e-11, 1.10816824467e-11],
        "dvar2": [1.9993785827e-05, 4.39491777797e-05, 1.51783724505e-05, 8.98861617316e-06, 2.1515163553e-06, 6.56226859519e-07, 2.4277716193e-07, 7.11581776613e-07, 1.24108353816e-07, 1.58993387345e-07, 2.43374756792e-07, 1.57972735337e-07, 2.52943323176e-07, 1.91701246877e-07, 6.31443981547e-08, 1.09495159606e-08, 1.70163332314e-08, 9.45591782653e-09, 8.0617370557e-09, 6.01724892135e-09, 5.31565502726e-09, 3.13625858617e-09, 7.39637295855e-10, 6.52437659454e-10, 4.69782213131e-10, 2.57494525702e-10, 2.12427048174e-10, 1.43868694735e-10, 6.44440750763e-11, 1.42864484132e-10, 3.07328551497e-10, 1.34044539357e-10, 9.75296093886e-11, 4.39397823682e-10, 7.21712578589e-10, 1.98296323806e-10, 9.00347990607e-11, 5.27558031982e-11, 4.48858866742e-11, 2.6911899792e-11],
        "max": [0.0316918417811, 0.0442339815199, 0.0341121964157, 0.0232481583953, 0.0228264387697, 0.0113361757249, 0.00944433547556, 0.00949933473021, 0.00545513164252, 0.00504931109026, 0.00601935759187, 0.0037485032808, 0.00643697427586, 0.00650029443204, 0.00432455912232, 0.00141067593358, 0.00446137599647, 0.00208671949804, 0.00238576042466, 0.000869738461915, 0.00183865358122, 0.00156520295423, 0.000554877857212, 0.000800978625193, 0.000344077328919, 0.000201269969693, 0.000164655401022, 0.000106886582216, 9.44230123423e-05, 8.96278943401e-05, 0.000144964898936, 7.80263435445e-05, 7.52593914513e-05, 0.00014768516121, 0.000211256017792, 9.88155734376e-05, 6.50370566291e-05, 5.54366779397e-05, 4.82803370687e-05, 3.30667862727e-05],
        "mean": [0.00203982531093, 0.0030512639787, 0.00238796067424, 0.00175203557592, 0.00044483091915, 0.00032137540984, 0.000258685526205, 0.000236615145695, 0.000168153783306, 0.000208392710192, 0.000156423731823, 0.000101827798062, 0.00010211411427, 0.000102990830783, 4.99828711327e-05, 3.27039706463e-05, 3.39655634889e-05, 2.57875744865e-05, 3.023467616e-05, 3.0331506423e-05, 2.68796356977e-05, 2.00357080757e-05, 1.24909092847e-05, 1.17533882076e-05, 1.14576214401e-05, 9.97146344162e-06, 7.99572080723e-06, 5.82577740715e-06, 4.22568564318e-06, 4.28924386142e-06, 4.64488857688e-06, 3.79652692573e-06, 3.33516072715e-06, 4.44371335107e-06, 4.3507538976e-06, 3.01966724692e-06, 2.36119444708e-06, 1.90777313946e-06, 1.59351486673e-06, 1.36312075938e-06],
        "median": [0.00108641118277, 0.00192766473629, 0.00155505980365, 0.000732534273993, 0.000219336769078, 0.000163583696121, 0.000164260272868, 9.10406088224e-05, 7.79807305662e-05, 7.561390521e-05, 4.51995947515e-05, 3.35316290148e-05, 2.82869987132e-05, 2.77363687928e-05, 1.95220018213e-05, 1.29646086862e-05, 1.29053514684e-05, 9.3667595138e-06, 1.1689709936e-05, 1.31262140712e-05, 1.0612459846e-05, 8.51778804645e-06, 6.31710236121e-06, 5.33533057023e-06, 6.09588823863e-06, 4.50189736512e-06, 3.81062000088e-06, 2.80437257061e-06, 1.8834372213e-06, 1.56942576268e-06, 1.47278831264e-06, 1.2462705854e-06, 1.07395692339e-06, 9.50372680109e-07, 7.32558589789e-07, 5.67837446397e-07, 4.85444218157e-07, 4.60380249478e-07, 3.18179928627e-07, 2.55387675452e-07],
        "min": [1.30568462611e-23, 3.0294524369e-23, 1.67169518132e-23, 6.17788923745e-24, 1.55623103057e-23, 1.78443429096e-23, 5.94098365799e-24, 4.822746898e-24, 5.24468887468e-24, 1.43069296829e-23, 4.19488382607e-24, 3.41169483075e-24, 5.74728004601e-24, 3.22085379778e-24, 4.40725504251e-24, 1.49964666893e-23, 1.82290214637e-23, 1.03909326416e-23, 1.44630846991e-23, 8.49339242064e-24, 1.70095466338e-23, 1.87270056873e-23, 5.54109310463e-24, 1.12767745287e-23, 1.29684827957e-23, 1.54454421403e-23, 8.84455464146e-24, 1.15775632476e-23, 8.55146757162e-24, 9.56974737188e-24, 1.37587975716e-23, 1.02524701978e-23, 1.04297240877e-23, 2.00325310424e-23, 1.35057420372e-23, 8.76669170353e-24, 1.4524279795e-23, 1.37804044717e-23, 1.07268659026e-23, 1.479723829e-23],
        "var": [1.03796146504e-05, 1.56163932843e-05, 7.97800839791e-06, 6.69651080898e-06, 6.34980835912e-07, 2.3447593378e-07, 1.03024248688e-07, 2.3564909668e-07, 6.61988153183e-08, 1.39097977581e-07, 1.24391888789e-07, 5.32326147606e-08, 7.45750412534e-08, 1.15380167642e-07, 1.74297358768e-08, 4.14012646388e-09, 6.7982859342e-09, 3.23546545111e-09, 4.10423206532e-09, 2.86586110398e-09, 2.68246447277e-09, 1.38144040651e-09, 4.69924654745e-10, 7.51176287839e-10, 3.15389825367e-10, 2.42234093895e-10, 1.35576536109e-10, 6.70636809974e-11, 3.52344334265e-11, 5.37931400812e-11, 9.33153138094e-11, 5.12161701938e-11, 3.87281352821e-11, 1.34432881493e-10, 1.89126506123e-10, 6.36088959283e-11, 3.5033188156e-11, 1.9426594014e-11, 1.60527407339e-11, 1.04927412245e-11]
    },
    "mfcc": {
        "mean": [-637.356445312, 121.649833679, 15.2883701324, 25.6031303406, 7.75200033188, 6.7200050354, 1.10531234741, 6.93803358078, 2.05865430832, 2.08609199524, -2.08320236206, -1.7879011631, -0.172932803631],
        "cov": [[7916.18603516, -709.455993652, -384.343566895, 38.8567352295, 108.195587158, 291.521575928, 86.6318359375, 106.146759033, -56.9485931396, -74.2124938965, -207.634735107, -178.429336548, -83.5674209595], [-709.455993652, 1282.20153809, 3.12161970139, 28.4591064453, 18.2137832642, 14.2115488052, 34.7803688049, 37.1387443542, 74.1658477783, 22.959154129, 11.4558086395, -3.55995869637, -11.4075670242], [-384.343566895, 3.12161970139, 583.971130371, 40.3585662842, -6.13773965836, 41.3676643372, -2.45774769783, 5.21746397018, 54.8007011414, 73.5960464478, 53.9778213501, 15.2477788925, -9.67851448059], [38.8567352295, 28.4591064453, 40.3585662842, 285.63772583, 57.34349823, 7.6960644722, 21.1665172577, 16.7753734589, -4.37212753296, 14.7072906494, 5.464179039, -9.95345687866, -15.8277664185], [108.195587158, 18.2137832642, -6.13773965836, 57.34349823, 160.202987671, 57.9327774048, 13.3463077545, 9.99708175659, 16.5528182983, 5.46223020554, 5.48926496506, 2.25503563881, -1.44004154205], [291.521575928, 14.2115488052, 41.3676643372, 7.6960644722, 57.9327774048, 154.280288696, 56.5087776184, 12.4560823441, 8.80217552185, 19.9101276398, 2.87763190269, 0.318973213434, 5.21959066391], [86.6318359375, 34.7803688049, -2.45774769783, 21.1665172577, 13.3463077545, 56.5087776184, 124.487487793, 65.9831314087, 1.89865207672, -4.6897687912, -1.0562902689, -0.847862958908, 4.85212373734], [106.146759033, 37.1387443542, 5.21746397018, 16.7753734589, 9.99708175659, 12.4560823441, 65.9831314087, 117.237182617, 46.7746429443, 6.366147995, -3.2184252739, -5.78480148315, -2.75892138481], [-56.9485931396, 74.1658477783, 54.8007011414, -4.37212753296, 16.5528182983, 8.80217552185, 1.89865207672, 46.7746429443, 112.018287659, 67.171585083, 18.3348178864, -4.87514352798, -9.88422107697], [-74.2124938965, 22.959154129, 73.5960464478, 14.7072906494, 5.46223020554, 19.9101276398, -4.6897687912, 6.366147995, 67.171585083, 129.68006897, 67.2829360962, 4.19908809662, -23.1800918579], [-207.634735107, 11.4558086395, 53.9778213501, 5.464179039, 5.48926496506, 2.87763190269, -1.0562902689, -3.2184252739, 18.3348178864, 67.2829360962, 100.891571045, 42.7567520142, -4.64940404892], [-178.429336548, -3.55995869637, 15.2477788925, -9.95345687866, 2.25503563881, 0.318973213434, -0.847862958908, -5.78480148315, -4.87514352798, 4.19908809662, 42.7567520142, 79.3440856934, 40.5921173096], [-83.5674209595, -11.4075670242, -9.67851448059, -15.8277664185, -1.44004154205, 5.21959066391, 4.85212373734, -2.75892138481, -9.88422107697, -23.1800918579, -4.64940404892, 40.5921173096, 82.2587509155]],
