{
"lowlevel": {
    "average_loudness": 0.224477633834,
    "barkbands_crest": {
        "dmean": 2.11851096153,
        "dmean2": 3.36220145226,
        "dvar": 4.43591213226,
        "dvar2": 11.2250099182,
        "max": 26.5966072083,
        "mean": 11.2996511459,
        "median": 10.4818286896,
        "min": 2.8374478817,
        "var": 20.4068431854
    },
    "barkbands_flatness_db": {
        "dmean": 0.0203233212233,
        "dmean2": 0.0296125691384,
        "dvar": 0.000437284383224,
        "dvar2": 0.000930197536945,
        "max": 0.653638005257,
        "mean": 0.184594914317,
        "median": 0.168842941523,
        "min": 0.0359520949423,
        "var": 0.00704147014767
    },
    "barkbands_kurtosis": {
        "dmean": 4.47824621201,
        "dmean2": 6.77645254135,
        "dvar": 117.574562073,
        "dvar2": 241.847686768,
        "max": 535.078674316,
        "mean": 11.6579837799,
        "median": 5.29835224152,
        "min": -1.9271645546,
        "var": 794.448974609
    },
    "barkbands_skewness": {
        "dmean": 0.50963807106,
        "dmean2": 0.76811093092,
        "dvar": 0.400500893593,
        "dvar2": 0.887205243111,
        "max": 15.8812913895,
        "mean": 2.12102985382,
        "median": 1.91085028648,
        "min": -4.7255859375,
        "var": 2.76629829407
    },
    "barkbands_spread": {
        "dmean": 2.96028757095,
        "dmean2": 4.56253528595,
        "dvar": 24.361114502,
        "dvar2": 60.4554977417,
        "max": 117.624397278,
        "mean": 12.0569486618,
        "median": 9.96821403503,
        "min": 0.11374052614,
        "var": 79.4461746216
    },
    "dissonance": {
        "dmean": 0.0235922951251,
        "dmean2": 0.0387869924307,
        "dvar": 0.000513587205205,
        "dvar2": 0.00133869599085,
        "max": 0.499999910593,
        "mean": 0.431649386883,
        "median": 0.444774329662,
        "min": 0.0659880191088,
        "var": 0.00281566870399
    },
    "dynamic_complexity": 7.32181167603,
    "erbbands_crest": {
        "dmean": 2.22663140297,
        "dmean2": 3.42701101303,
        "dvar": 5.02610683441,
        "dvar2": 11.5668706894,
        "max": 33.1233329773,
        "mean": 10.8247346878,
        "median": 9.56632995605,
        "min": 2.67986893654,
        "var": 25.6267185211
    },
    "erbbands_flatness_db": {
        "dmean": 0.0169494971633,
        "dmean2": 0.0240253955126,
        "dvar": 0.000313405704219,
        "dvar2": 0.000634257099591,
        "max": 0.657401680946,
        "mean": 0.194328293204,
        "median": 0.186197906733,
        "min": 0.0315665341914,
        "var": 0.00452322233468
    },
    "erbbands_kurtosis": {
        "dmean": 1.45695674419,
        "dmean2": 2.15030312538,
        "dvar": 15.237944603,
        "dvar2": 28.4290828705,
        "max": 249.580688477,
        "mean": 2.55932092667,
        "median": 0.748195171356,
        "min": -1.85687804222,
        "var": 75.2777023315
    },
    "erbbands_skewness": {
        "dmean": 0.341726869345,
        "dmean2": 0.50905174017,
        "dvar": 0.156017929316,
        "dvar2": 0.329714208841,
        "max": 11.8355007172,
        "mean": 0.912967801094,
        "median": 0.831878304482,
        "min": -4.09222364426,
        "var": 1.17027044296
    },
    "erbbands_spread": {
        "dmean": 5.77840900421,
        "dmean2": 8.7675037384,
        "dvar": 69.1942749023,
        "dvar2": 168.867767334,
        "max": 194.125244141,
        "mean": 28.6266269684,
        "median": 26.9368591309,
        "min": 0.521280646324,
        "var": 232.648529053
    },
    "hfc": {
        "dmean": 3.84277057648,
        "dmean2": 5.19782781601,
        "dvar": 109.87146759,
        "dvar2": 178.781707764,
        "max": 480.410400391,
        "mean": 11.3257322311,
        "median": 2.94266700745,
        "min": 1.15781436486e-16,
        "var": 475.506195068
    },
    "melbands_crest": {
        "dmean": 2.63634371758,
        "dmean2": 4.21379566193,
        "dvar": 6.7910528183,
        "dvar2": 17.2397670746,
        "max": 38.2265052795,
        "mean": 14.4845666885,
        "median": 13.1691484451,
        "min": 2.02132487297,
        "var": 33.0837287903
    },
    "melbands_flatness_db": {
        "dmean": 0.0231967959553,
        "dmean2": 0.0336088761687,
        "dvar": 0.000610420131125,
        "dvar2": 0.0012657440966,
        "max": 0.693131625652,
        "mean": 0.254794090986,
        "median": 0.237552046776,
        "min": 0.00496670464054,
        "var": 0.00940938014537
    },
    "melbands_kurtosis": {
        "dmean": 6.76326274872,
        "dmean2": 10.4249362946,
        "dvar": 241.856185913,
        "dvar2": 539.412231445,
        "max": 691.481384277,
        "mean": 18.2588291168,
        "median": 10.0780029297,
        "min": -1.81713891029,
        "var": 1244.49609375
    },
    "melbands_skewness": {
        "dmean": 0.590448558331,
        "dmean2": 0.893257081509,
        "dvar": 0.509460389614,
        "dvar2": 1.17908835411,
        "max": 19.0631732941,
        "mean": 2.66256451607,
        "median": 2.43763780594,
        "min": -3.36547064781,
        "var": 3.22630310059
    },
    "melbands_spread": {
        "dmean": 3.35437583923,
        "dmean2": 5.14434194565,
        "dvar": 26.348197937,
        "dvar2": 60.0648040771,
        "max": 135.279190063,
        "mean": 13.9202842712,
        "median": 10.3019781113,
        "min": 0.169179365039,
        "var": 137.026092529
    },
    "pitch_salience": {
        "dmean": 0.0605230033398,
        "dmean2": 0.0955786406994,
        "dvar": 0.00329904048704,
        "dvar2": 0.00825702957809,
        "max": 0.886651933193,
        "mean": 0.538769364357,
        "median": 0.552912294865,
        "min": 0.0225883647799,
        "var": 0.015133658424
    },
    "silence_rate_20dB": {
        "dmean": 0,
        "dmean2": 0,
        "dvar": 0,
        "dvar2": 0,
        "max": 1,
        "mean": 1,
        "median": 1,
        "min": 1,
        "var": 0
    },
    "silence_rate_30dB": {
        "dmean": 0.00932251103222,
        "dmean2": 0.0186465196311,
        "dvar": 0.00923499464989,
        "dvar2": 0.0227998569608,
        "max": 1,
        "mean": 0.990999698639,
        "median": 1,
        "min": 0,
        "var": 0.00892004463822
    },
    "silence_rate_60dB": {
        "dmean": 0.043558627367,
        "dmean2": 0.0871242582798,
        "dvar": 0.0416576191783,
        "dvar2": 0.0914150848985,
        "max": 1,
        "mean": 0.332610100508,
        "median": 0,
        "min": 0,
        "var": 0.221955940127
    },
    "spectral_centroid": {
        "dmean": 128.319580078,
        "dmean2": 194.409255981,
        "dvar": 37472.3710938,
        "dvar2": 75156.921875,
        "max": 10740.3857422,
        "mean": 803.644470215,
        "median": 672.678222656,
        "min": 157.781539917,
        "var": 221549.09375
    },
    "spectral_complexity": {
        "dmean": 1.97556865215,
        "dmean2": 2.95450901985,
        "dvar": 7.4800362587,
        "dvar2": 14.5727987289,
        "max": 49,
        "mean": 10.8643522263,
        "median": 8,
        "min": 0,
        "var": 76.0013885498
    },
    "spectral_decrease": {
        "dmean": 1.39105327257e-09,
        "dmean2": 2.06846184625e-09,
        "dvar": 1.1431990926e-17,
        "dvar2": 2.68534259698e-17,
        "max": -3.41097239479e-29,
        "mean": -3.9078731362e-09,
        "median": -1.94142457666e-09,
        "min": -6.14647959196e-08,
        "var": 2.90407661334e-17
    },
    "spectral_energy": {
        "dmean": 0.00555532984436,
        "dmean2": 0.00819056946784,
        "dvar": 0.00017835869221,
        "dvar2": 0.000411471148254,
        "max": 0.252795338631,
        "mean": 0.0157764721662,
        "median": 0.00767266284674,
        "min": 1.06304550967e-20,
        "var": 0.000482171803014
    },
    "spectral_energyband_high": {
        "dmean": 0.000142694538226,
        "dmean2": 0.000211149425013,
        "dvar": 2.18742641778e-07,
        "dvar2": 5.11915288826e-07,
        "max": 0.0149811692536,
        "mean": 0.000240043271333,
        "median": 2.37553267652e-05,
        "min": 7.62490403449e-21,
        "var": 3.42300324974e-07
    },
    "spectral_energyband_low": {
        "dmean": 0.00217162678018,
        "dmean2": 0.00357069331221,
        "dvar": 8.21385037852e-05,
        "dvar2": 0.000220944755711,
        "max": 0.158704251051,
        "mean": 0.00344689167105,
        "median": 0.000770803773776,
        "min": 7.21412729845e-23,
        "var": 7.79051988502e-05
    },
    "spectral_energyband_middle_high": {
        "dmean": 0.0013073120499,
        "dmean2": 0.00176858308259,
        "dvar": 1.94019194169e-05,
        "dvar2": 2.92280128633e-05,
        "max": 0.20510417223,
        "mean": 0.00382151594386,
        "median": 0.000439528026618,
        "min": 1.69139664164e-21,
        "var": 8.7550812168e-05
    },
    "spectral_energyband_middle_low": {
        "dmean": 0.00335595663637,
        "dmean2": 0.00510838953778,
        "dvar": 5.36813604413e-05,
        "dvar2": 0.000130297761643,
        "max": 0.143041297793,
        "mean": 0.00916844978929,
        "median": 0.00518785603344,
        "min": 3.25546462034e-22,
        "var": 0.000131365348352
    },
    "spectral_entropy": {
        "dmean": 0.196577116847,
        "dmean2": 0.282108217478,
        "dvar": 0.048537991941,
        "dvar2": 0.100837983191,
        "max": 9.80779743195,
        "mean": 6.87468910217,
        "median": 6.99672031403,
        "min": 3.18385028839,
        "var": 0.596157848835
    },
    "spectral_flux": {
        "dmean": 0.0170404724777,
        "dmean2": 0.0257243067026,
        "dvar": 0.000685975595843,
        "dvar2": 0.00141690589953,
        "max": 0.368228912354,
        "mean": 0.0469464659691,
        "median": 0.0316455997527,
        "min": 1.03104101645e-10,
        "var": 0.00235795765184
    },
    "spectral_kurtosis": {
        "dmean": 3.73018050194,
        "dmean2": 6.05288267136,
        "dvar": 48.2035827637,
        "dvar2": 119.912254333,
        "max": 210.515899658,
        "mean": 10.813129425,
        "median": 6.44044303894,
        "min": -1.18583488464,
        "var": 271.631774902
    },
    "spectral_rms": {
        "dmean": 0.000536441977601,
        "dmean2": 0.000760047696531,
        "dvar": 7.29025430246e-07,
        "dvar2": 1.52570237333e-06,
        "max": 0.0157044455409,
        "mean": 0.00318442005664,
        "median": 0.00273596867919,
        "min": 3.22043086642e-12,
        "var": 5.25114637639e-06
    },
    "spectral_rolloff": {
        "dmean": 207.096939087,
        "dmean2": 356.349609375,
        "dvar": 408838.46875,
        "dvar2": 1017309.625,
        "max": 18863.0859375,
        "mean": 881.398132324,
        "median": 602.9296875,
        "min": 21.533203125,
        "var": 729709.375
    },
    "spectral_skewness": {
        "dmean": 0.340513318777,
        "dmean2": 0.539115607738,
        "dvar": 0.194315299392,
        "dvar2": 0.453061938286,
        "max": 12.2013559341,
        "mean": 2.30183386803,
        "median": 1.99018442631,
        "min": 0.0292168762535,
        "var": 1.41594588757
    },
    "spectral_spread": {
        "dmean": 519724.65625,
        "dmean2": 787710.25,
        "dvar": 618858217472,
        "dvar2": 1.36039432192e+12,
        "max": 39562596,
        "mean": 3769709,
        "median": 3568139.25,
        "min": 517647.1875,
        "var": 2.34310572442e+12
    },
    "spectral_strongpeak": {
        "dmean": 0.429046571255,
        "dmean2": 0.710895359516,
        "dvar": 1.49158596992,
        "dvar2": 3.18015098572,
        "max": 39.1123199463,
        "mean": 0.928349077702,
        "median": 0.445886492729,
        "min": 0,
        "var": 3.41705560684
    },
    "zerocrossingrate": {
        "dmean": 0.00602120673284,
        "dmean2": 0.00728316884488,
        "dvar": 8.11448626337e-05,
        "dvar2": 0.000104393839138,
        "max": 0.5078125,
        "mean": 0.0398295708001,
        "median": 0.03466796875,
        "min": 0.00439453125,
        "var": 0.000618761638179
    },
    "barkbands": {
        "dmean": [5.68369869143e-05, 0.00122731353622, 0.000875778961927, 0.000652901479043, 0.00157207774464, 0.000923725252505, 0.000704928010236, 0.000522179005202, 0.000289065355901, 0.000306768139126, 0.000227669952437, 0.000141717784572, 0.000344219180988, 0.000265824666712, 0.000228520962992, 0.000201226226636, 0.000297045859043, 5.05404095748e-05, 6.65281986585e-05, 3.35327786161e-05, 3.00366864394e-05, 3.44845284417e-05, 2.57626979874e-05, 1.45604171848e-05, 3.37206838594e-05, 4.52377707916e-06, 2.29409783969e-06],
        "dmean2": [9.90607150015e-05, 0.00209833751433, 0.00142664008308, 0.00103742978536, 0.00258485996164, 0.00142172630876, 0.00114588835277, 0.000787598837633, 0.00043964094948, 0.000452823878732, 0.00034747904283, 0.000218044195208, 0.000517799635418, 0.000412305700593, 0.000322686944855, 0.000294117780868, 0.000402878737077, 7.9158358858e-05, 0.000104943523183, 5.24683855474e-05, 4.59781658719e-05, 5.40288892807e-05, 3.8808244426e-05, 2.24417963182e-05, 5.59820218768e-05, 6.96499091646e-06, 3.28821874973e-06],
        "dvar": [1.0629818803e-07, 5.32142767042e-05, 5.59268210054e-06, 2.49562299359e-06, 1.94723361346e-05, 5.0707481023e-06, 4.73574527859e-06, 2.15127124648e-06, 6.60567820887e-07, 1.3624589883e-06, 6.96343079198e-07, 3.86191999269e-07, 2.21078471441e-06, 1.19555420497e-06, 1.45181741118e-06, 1.21490177207e-06, 6.15208227828e-06, 3.80634368469e-08, 4.29452065021e-08, 9.61542934164e-09, 8.59711590806e-09, 3.38687300427e-08, 1.22550192216e-08, 2.80490097815e-09, 2.6825158983e-08, 3.20712734148e-10, 5.38866763711e-11],
        "dvar2": [2.88900537271e-07, 0.000145278434502, 1.51354943227e-05, 6.09351218372e-06, 5.26724943484e-05, 1.13628530016e-05, 1.23278196043e-05, 4.56217094325e-06, 1.51073277266e-06, 2.80631661553e-06, 1.68880922047e-06, 8.5168858277e-07, 4.42837244918e-06, 2.74267063105e-06, 2.41835164161e-06, 2.13790349335e-06, 8.08228924143e-06, 7.86951872556e-08, 1.00850932938e-07, 2.32518111432e-08, 2.05628314376e-08, 8.52610000379e-08, 2.77990874764e-08, 6.79153666638e-09, 7.11751440008e-08, 8.49210590737e-10, 1.21174195677e-10],
        "max": [0.00554903037846, 0.111422538757, 0.0456828661263, 0.0365036763251, 0.0855637565255, 0.10953194648, 0.0542095676064, 0.0410376265645, 0.0315050110221, 0.0538312271237, 0.0337496250868, 0.0273756608367, 0.049596901983, 0.0431090258062, 0.0676783397794, 0.0542660653591, 0.179376885295, 0.00895990338176, 0.00632501579821, 0.00222475687042, 0.00251959217712, 0.0116820838302, 0.00499324547127, 0.00200059078634, 0.00283126253635, 0.00066421343945, 0.000138987321407],
        "mean": [5.85264460824e-05, 0.00119749899022, 0.00147120398469, 0.00147920160089, 0.00295172003098, 0.00172227493022, 0.00107157812454, 0.00102426111698, 0.000572671415284, 0.000596586964093, 0.000442387507064, 0.000263516558334, 0.000567590235732, 0.000510667334311, 0.000451597239589, 0.000389588152757, 0.000517422158737, 9.65037106653e-05, 0.000121129865875, 6.25468528597e-05, 5.82932043471e-05, 4.96744542033e-05, 3.64569204976e-05, 2.22798844334e-05, 3.239158832e-05, 5.95026085648e-06, 2.96691200674e-06],
        "median": [5.07752986323e-07, 7.32871121727e-05, 0.000269894604571, 0.000245076662395, 0.00133612891659, 0.000540877692401, 0.000241913381615, 0.000195731205167, 0.000132221568492, 7.6530232036e-05, 7.72213679738e-05, 2.55623908743e-05, 2.06734002859e-05, 2.92316835839e-05, 2.16753705899e-05, 2.35364277614e-05, 2.36088617385e-05, 1.0874851796e-05, 1.05124945549e-05, 6.1872678998e-06, 4.97943892697e-06, 4.77237153973e-06, 2.66243091573e-06, 1.45240255733e-06, 1.30850298774e-06, 1.73046643681e-07, 3.01259817093e-08],
        "min": [4.01559230839e-24, 4.68418947534e-23, 2.26669730562e-23, 1.90101949194e-24, 4.19514777892e-23, 4.1163740222e-23, 4.03891829427e-23, 1.04639388784e-22, 8.11031809408e-23, 7.23086314032e-23, 1.5989429261e-22, 1.38088182949e-22, 1.39727019392e-22, 7.57821626738e-23, 1.06797819506e-22, 1.87963907371e-22, 1.26434965574e-22, 2.37695655211e-22, 2.97092615214e-22, 4.48364405695e-22, 2.42516239053e-22, 5.00798488074e-22, 7.11543802241e-22, 8.1688619231e-22, 1.20516145989e-21, 1.65267758136e-21, 2.40716969759e-21],
        "var": [1.20338242482e-07, 3.79492339562e-05, 8.4012908701e-06, 9.14530301088e-06, 2.3490672902e-05, 1.17341778605e-05, 7.0591659096e-06, 6.35505602986e-06, 1.90684613699e-06, 3.24959842146e-06, 1.55174905103e-06, 1.08227220608e-06, 5.22298114447e-06, 3.19480523103e-06, 3.89352726415e-06, 3.57884118785e-06, 1.74094748218e-05, 1.0146123941e-07, 8.8119016084e-08, 1.9069593904e-08, 1.76175660727e-08, 3.37815961871e-08, 1.53060870645e-08, 4.03635302959e-09, 2.12786517295e-08, 3.2999666888e-10, 7.69319052907e-11]
    },
    "erbbands": {
        "dmean": [0.0335129760206, 0.286262512207, 0.944516658783, 1.52345943451, 3.51021647453, 6.37020635605, 5.72434473038, 8.3001947403, 10.292298317, 12.1274585724, 7.45819234848, 7.35102701187, 9.4709815979, 6.05616283417, 10.2301092148, 7.26316452026, 16.356092453, 13.7420425415, 11.6163797379, 10.9470024109, 13.4903335571, 9.65279388428, 3.55495595932, 3.76014208794, 2.29018163681, 1.6085537672, 1.41815626621, 1.29630088806, 1.1265668869, 0.851136445999, 0.789480984211, 0.368184775114, 0.310884773731, 0.55615401268, 0.0985652580857, 0.0304457116872, 0.00620544841513, 0.0016655838117, 0.000442779273726, 3.04343884636e-05],
        "dmean2": [0.0592728331685, 0.484839469194, 1.54244017601, 2.43715643883, 5.80137395859, 10.5004835129, 8.96274375916, 13.0240983963, 16.3779163361, 18.9322128296, 11.3115434647, 11.023806572, 13.9324607849, 8.97112083435, 15.7150230408, 11.0244865417, 24.5429344177, 21.2236862183, 16.1893291473, 15.9375352859, 18.3919715881, 13.3064527512, 5.25597572327, 5.8714723587, 3.60462260246, 2.52028369904, 2.14710569382, 2.02895736694, 1.77097702026, 1.32525742054, 1.18500959873, 0.56851541996, 0.490796029568, 0.929295837879, 0.163465276361, 0.0494372434914, 0.00910748634487, 0.0023991886992, 0.000655596610159, 4.17375813413e-05],
        "dvar": [0.0604174621403, 2.37581276894, 8.01346111298, 11.7958269119, 89.8626861572, 348.464813232, 161.579971313, 439.798522949, 946.571960449, 1347.23242188, 416.766174316, 461.607116699, 1587.32568359, 480.08770752, 1599.71716309, 1021.20428467, 4920.12109375, 3150.32397461, 4704.42822266, 1618.06970215, 7747.69921875, 4883.96386719, 158.951324463, 139.560317993, 68.4848403931, 22.3339252472, 16.3167457581, 51.5535202026, 22.0168418884, 11.9210577011, 13.0530633926, 1.87989747524, 1.43276107311, 7.83516836166, 0.200100466609, 0.0186544843018, 0.000519005057868, 2.85499118036e-05, 2.28447447626e-06, 7.79835929166e-09],
        "dvar2": [0.165754437447, 6.55934619904, 21.7299690247, 29.7680988312, 244.122390747, 939.124267578, 391.17276001, 1043.96313477, 2369.8059082, 3297.6887207, 884.454833984, 1034.56542969, 3330.29663086, 895.873962402, 3913.23291016, 2267.35986328, 10039.4472656, 7337.05664062, 7771.96386719, 2808.82910156, 11192.0117188, 6449.66748047, 300.119049072, 323.09072876, 168.757675171, 52.9213447571, 37.11510849, 130.929046631, 55.3209037781, 29.9526329041, 29.6965236664, 4.41850805283, 3.58784580231, 20.9286022186, 0.537757396698, 0.0507780574262, 0.0013196504442, 6.72518872307e-05, 5.46263618162e-06, 1.66556617387e-08],
        "max": [3.35505843163, 24.8494758606, 55.5817527771, 66.4803771973, 202.714248657, 359.923095703, 481.689758301, 846.812133789, 793.439575195, 1205.11242676, 1100.54467773, 888.532775879, 2060.31323242, 750.384521484, 1682.51062012, 1377.03308105, 1944.93835449, 2401.47216797, 3986.30541992, 1202.06237793, 5776.23535156, 4759.10253906, 582.539245605, 474.298309326, 254.303634644, 140.096603394, 111.876350403, 459.986114502, 236.393478394, 120.701202393, 184.647521973, 52.0255661011, 47.0492515564, 46.3232803345, 10.668639183, 4.89208173752, 0.849924623966, 0.164039194584, 0.0328864343464, 0.00135172950104],
        "mean": [0.0263744015247, 0.309090703726, 1.52455985546, 3.58146429062, 6.66634941101, 11.0589313507, 11.5851364136, 14.4499492645, 16.3087825775, 22.1864681244, 15.1587667465, 15.7140665054, 18.2304058075, 12.4308366776, 20.7592716217, 14.9220466614, 27.8603744507, 27.7138805389, 24.855304718, 22.5438270569, 27.0185527802, 17.9703445435, 7.13988780975, 7.01547670364, 4.26916885376, 3.14379787445, 2.82915186882, 2.06300401688, 1.68743669987, 1.25694572926, 1.09370160103, 0.556843936443, 0.40421962738, 0.513790428638, 0.108556695282, 0.0362991690636, 0.00884958729148, 0.002298647305, 0.000547171686776, 5.19969689776e-05],
        "median": [0.000880553328898, 0.0299734920263, 0.30217769742, 0.840853452682, 2.49928498268, 4.11046218872, 4.64618396759, 4.42676067352, 3.78758859634, 4.62457370758, 3.85308790207, 3.93818378448, 2.74273467064, 2.24711894989, 3.25495219231, 1.44121348858, 1.19028353691, 1.52113008499, 1.3258754015, 1.57302236557, 1.42861402035, 1.06555712223, 0.818045735359, 0.611187875271, 0.430478692055, 0.288687288761, 0.264874577522, 0.160250559449, 0.175645947456, 0.112244725227, 0.077152967453, 0.0364486537874, 0.0288439840078, 0.0200562551618, 0.00487051531672, 0.00135995587334, 0.000201896560611, 4.53117972938e-05, 1.04233022284e-05, 9.96087965177e-06],
        "min": [8.52618637821e-22, 1.27402761842e-20, 2.99890485984e-20, 1.43782731272e-20, 1.06442706285e-19, 1.09917129814e-19, 2.38781710438e-19, 2.80098658252e-19, 3.36819932119e-19, 1.92064596713e-18, 1.79463947647e-18, 1.41688945857e-18, 2.35188375818e-18, 5.38277402502e-18, 4.38639940844e-18, 5.99363780841e-18, 6.85414511425e-18, 3.60824413643e-18, 4.03654460913e-18, 8.82850860395e-18, 9.06221938704e-18, 8.20276963161e-18, 1.13831426021e-17, 1.43157915227e-17, 1.55205718131e-17, 1.85571932008e-17, 1.63226276417e-17, 1.00111543683e-17, 1.73318922138e-17, 2.11812417144e-17, 1.90175274835e-17, 1.21759100196e-17, 1.65305643041e-17, 1.21159559688e-17, 9.67163146844e-18, 5.8436889885e-18, 3.1318948099e-18, 1.48211409743e-18, 3.38811266047e-19, 3.39119881963e-20],
        "var": [0.040585629642, 1.73701107502, 10.4678621292, 40.3509712219, 131.117095947, 409.354614258, 353.388061523, 888.487976074, 1555.63317871, 2841.11083984, 1151.99121094, 1445.56591797, 3380.22631836, 1361.7064209, 3685.11450195, 2993.1340332, 11560.5996094, 8202.55078125, 12957.1572266, 5466.28369141, 23707.8164062, 13944.4072266, 489.23815918, 304.691436768, 120.535499573, 49.2915115356, 38.0225524902, 51.9443626404, 25.0443820953, 13.8567333221, 15.8784255981, 2.77983641624, 1.55152082443, 6.04078149796, 0.167970940471, 0.0159102268517, 0.00064216402825, 4.07358747907e-05, 2.78351922134e-06, 1.39142226629e-08]
    },
    "gfcc": {
        "mean": [-111.360084534, 117.653106689, -114.491905212, 16.2905311584, -63.0759315491, -3.31577467918, -44.9428329468, -7.47673845291, -23.4566478729, -9.43286895752, -17.508644104, -8.0427942276, -8.98365402222],
        "cov": [[22172.2050781, -1155.33813477, -1680.21325684, 551.670227051, -521.225158691, 713.319641113, -174.790908813, 522.416442871, -74.2070007324, 254.790145874, -79.985748291, -103.959663391, -157.857421875], [-1155.33813477, 1555.58068848, 301.485687256, -35.7066917419, 22.0864639282, -162.263000488, 98.8436279297, -139.39680481, 69.4003448486, -236.953201294, 12.553144455, -124.105758667, 83.8991470337], [-1680.21325684, 301.485687256, 1109.93395996, 53.6843643188, -29.1729354858, 39.0984802246, -44.5394935608, -45.2314414978, -94.1338424683, -96.435760498, -0.971186101437, 25.3309669495, 43.2402648926], [551.670227051, -35.7066917419, 53.6843643188, 371.769134521, 43.6892929077, 96.4892883301, 39.7438011169, 67.6907577515, 5.87326383591, -4.82192802429, -13.2666330338, -11.4346570969, -7.77765417099], [-521.225158691, 22.0864639282, -29.1729354858, 43.6892929077, 358.312896729, 46.8613967896, 85.931892395, 22.6567497253, 70.6487350464, 49.8158607483, 13.1529102325, -18.5723419189, 4.4024181366], [713.319641113, -162.263000488, 39.0984802246, 96.4892883301, 46.8613967896, 215.799087524, 37.1695785522, 64.4333572388, -20.0210285187, 29.1153564453, 7.65089178085, 11.5475654602, -3.29511332512], [-174.790908813, 98.8436279297, -44.5394935608, 39.7438011169, 85.931892395, 37.1695785522, 192.674743652, 63.1901626587, 46.3380851746, -3.88401865959, 12.5611686707, -10.8340072632, -15.0250358582], [522.416442871, -139.39680481, -45.2314414978, 67.6907577515, 22.6567497253, 64.4333572388, 63.1901626587, 166.05480957, 46.9770698547, 30.9060382843, -3.16966891289, -0.246420204639, -10.5442790985], [-74.2070007324, 69.4003448486, -94.1338424683, 5.87326383591, 70.6487350464, -20.0210285187, 46.3380851746, 46.9770698547, 127.570762634, 40.541305542, 8.18715858459, -17.8931083679, -1.95491397381], [254.790145874, -236.953201294, -96.435760498, -4.82192802429, 49.8158607483, 29.1153564453, -3.88401865959, 30.9060382843, 40.541305542, 146.038742065, 36.6027526855, 11.5706119537, -23.5015201569], [-79.985748291, 12.553144455, -0.971186101437, -13.2666330338, 13.1529102325, 7.65089178085, 12.5611686707, -3.16966891289, 8.18715858459, 36.6027526855, 75.9413299561, 27.0588188171, 0.355262249708], [-103.959663391, -124.105758667, 25.3309669495, -11.4346570969, -18.5723419189, 11.5475654602, -10.8340072632, -0.246420204639, -17.8931083679, 11.5706119537, 27.0588188171, 103.376403809, 9.29725551605], [-157.857421875, 83.8991470337, 43.2402648926, -7.77765417099, 4.4024181366, -3.29511332512, -15.0250358582, -10.5442790985, -1.95491397381, -23.5015201569, 0.355262249708, 9.29725551605, 77.1843185425]],
        "icov": [[7.45428478695e-05, -5.5730677559e-05, 0.000138013900141, -6.259624206e-05, 0.000126794242533, -0.000257572770352, 0.000174906846951, -0.000208092125831, 0.000120963755762, -0.000117176852655, 7.20180905773e-05, 4.48471910204e-05, 7.84518633736e-05], [-5.5730677559e-05, 0.00168270932045, -0.00046823368757, 2.38109873862e-06, 5.4280576478e-06, 0.000664454128128, -0.000986128346995, 0.00149604864419, -0.00187932373956, 0.0027336969506, -0.00196678354405, 0.0018861402059, -0.00107342656702], [0.000138013900141, -0.00046823368757, 0.00137268076651, -0.000250590092037, 0.00010425857181, -0.000764034630265, 0.000732560933102, -0.000628220383078, 0.00111809000373, -0.000155666843057, 0.000226564952754, -0.000460958894109, 5.05986499775e-05], [-6.259624206e-05, 2.38109873862e-06, -0.000250590092037, 0.00330732413568, -0.000349228153937, -0.00100648938678, -0.000138285380672, -0.000748330494389, -0.000172401181771, 0.000526352261659, 0.000357753393473, 0.000189170183148, 0.000322313455399], [0.000126794242533, 5.4280576478e-06, 0.00010425857181, -0.000349228153937, 0.00396381691098, -0.00119750679005, -0.00129370228387, 0.000842576147988, -0.00159186508972, -0.00129562348593, 0.000329930218868, 0.000634265248664, -0.000766858225688], [-0.000257572770352, 0.000664454128128, -0.000764034630265, -0.00100648938678, -0.00119750679005, 0.00775850843638, -0.00162666058168, -0.00126016221475, 0.00211626524106, -0.000457406276837, -0.000973820919171, 0.000131381995743, -0.00110873789527], [0.000174906846951, -0.000986128346995, 0.000732560933102, -0.000138285380672, -0.00129370228387, -0.00162666058168, 0.00847704522312, -0.0034825601615, -0.000486257456942, 0.00119181978516, -0.00117714796215, -0.000516874308232, 0.00260232808068], [-0.000208092125831, 0.00149604864419, -0.000628220383078, -0.000748330494389, 0.000842576147988, -0.00126016221475, -0.0034825601615, 0.0109489429742, -0.00506863836199, 0.00105307763442, 0.000223134062253, 0.000642641272862, -0.000945457082707], [0.000120963755762, -0.00187932373956, 0.00111809000373, -0.000172401181771, -0.00159186508972, 0.00211626524106, -0.000486257456942, -0.00506863836199, 0.0147564178333, -0.00590872066095, 0.00168566266075, -0.000205647549592, -0.0003678437497], [-0.000117176852655, 0.0027336969506, -0.000155666843057, 0.000526352261659, -0.00129562348593, -0.000457406276837, 0.00119181978516, 0.00105307763442, -0.00590872066095, 0.0154823204502, -0.00805980712175, 0.00240993103944, 0.00167061353568], [7.20180905773e-05, -0.00196678354405, 0.000226564952754, 0.000357753393473, 0.000329930218868, -0.000973820919171, -0.00117714796215, 0.000223134062253, 0.00168566266075, -0.00805980712175, 0.0198152959347, -0.0062691452913, 0.000187789060874], [4.48471910204e-05, 0.0018861402059, -0.000460958894109, 0.000189170183148, 0.000634265248664, 0.000131381995743, -0.000516874308232, 0.000642641272862, -0.000205647549592, 0.00240993103944, -0.0062691452913, 0.0137347504497, -0.00262158620171], [7.84518633736e-05, -0.00107342656702, 5.05986499775e-05, 0.000322313455399, -0.000766858225688, -0.00110873789527, 0.00260232808068, -0.000945457082707, -0.0003678437497, 0.00167061353568, 0.000187789060874, -0.00262158620171, 0.015475500375]]
    },
    "melbands": {
        "dmean": [0.00031457975274, 0.000447914120741, 0.000301208288874, 0.000362090999261, 0.000217124630581, 0.000184375719982, 0.000155058674864, 0.000133742083563, 5.97844664298e-05, 4.30982727266e-05, 4.70566810691e-05, 2.47047137236e-05, 3.20039544022e-05, 2.107283035e-05, 3.00659557979e-05, 2.75919537671e-05, 2.95689042105e-05, 1.89716611203e-05, 1.24525549836e-05, 1.83876636584e-05, 1.87889181689e-05, 1.31447777676e-05, 6.02405043537e-06, 2.61436753135e-06, 3.36190123562e-06, 2.13038811125e-06, 1.14433134968e-06, 1.13239718758e-06, 9.83399218057e-07, 7.11704217338e-07, 9.43151860611e-07, 6.81679750869e-07, 5.91031039221e-07, 4.52434051113e-07, 5.22651475876e-07, 3.19840694374e-07, 1.79687432933e-07, 1.51765490841e-07, 4.99361135553e-07, 4.20360947828e-07],
        "dmean2": [0.00054678262677, 0.000742852047551, 0.000482694304083, 0.000599767256062, 0.000339696009178, 0.000286340131424, 0.000247502204729, 0.00020680448506, 9.05667620827e-05, 6.49039793643e-05, 6.95122216712e-05, 3.6760517105e-05, 4.91118989885e-05, 3.21259904013e-05, 4.63512951683e-05, 4.07633742725e-05, 4.61779200123e-05, 2.71725075436e-05, 1.75385775947e-05, 2.66594634013e-05, 2.53882608376e-05, 1.77129622898e-05, 9.42516089708e-06, 4.0818904381e-06, 5.28231794306e-06, 3.3494732179e-06, 1.81471398264e-06, 1.79888365892e-06, 1.52588961555e-06, 1.09318932573e-06, 1.51702442963e-06, 1.08588824332e-06, 9.3208564067e-07, 7.20831565104e-07, 7.90251817762e-07, 4.92562776344e-07, 2.81478577335e-07, 2.35453399e-07, 8.30275212138e-07, 7.05865033979e-07],
        "dvar": [4.36607115262e-06, 2.58659451902e-06, 4.439786494e-07, 1.14621286684e-06, 2.4178356739e-07, 2.18144236896e-07, 2.14805837118e-07, 1.5563193756e-07, 2.57951935367e-08, 1.50154040313e-08, 3.95505175277e-08, 9.01019436839e-09, 1.34115918371e-08, 6.69721034185e-09, 1.59742317152e-08, 1.71768821389e-08, 1.60493396351e-08, 1.1040217629e-08, 2.66571875684e-09, 8.78139960747e-09, 2.20193392408e-08, 1.28997035276e-08, 6.04416294792e-10, 9.46419886905e-11, 1.20510754154e-10, 5.84726503328e-11, 1.01276383113e-11, 1.28144951247e-11, 8.90614838822e-12, 4.02999768973e-12, 4.37388354702e-11, 1.13695745527e-11, 5.76837926383e-12, 3.72806343088e-12, 7.34614973019e-12, 1.44082326365e-12, 4.65905742805e-13, 4.22672774602e-13, 5.84360077688e-12, 4.49607365227e-12],
        "dvar2": [1.18835223475e-05, 7.11498068995e-06, 1.13318060357e-06, 3.13732448376e-06, 6.0412349967e-07, 5.03887349623e-07, 5.42373413737e-07, 3.66325764389e-07, 5.61326984894e-08, 3.38056516114e-08, 8.32587190303e-08, 1.68540719159e-08, 3.25326077188e-08, 1.52858259383e-08, 3.61441045982e-08, 2.88018160433e-08, 3.78659557043e-08, 1.88055278016e-08, 4.30029434284e-09, 1.41097356021e-08, 3.09855074931e-08, 1.68106986109e-08, 1.27096200231e-09, 2.18762355453e-10, 2.78804007658e-10, 1.44221440346e-10, 2.4546111671e-11, 3.1211425805e-11, 2.12368369418e-11, 9.35669944302e-12, 1.12403662766e-10, 2.91039067846e-11, 1.46943134743e-11, 9.42409171534e-12, 1.70901695573e-11, 3.32353502358e-12, 1.13424959529e-12, 1.02855376126e-12, 1.54596873497e-11, 1.20826994243e-11],
        "max": [0.0305299926549, 0.0309726148844, 0.013873421587, 0.0219278987497, 0.0140607049689, 0.0198012720793, 0.0109008159488, 0.0109775578603, 0.00839542690665, 0.00495256390423, 0.0102722709998, 0.00325834285468, 0.00466409279034, 0.00316774775274, 0.00401876540855, 0.00683098146692, 0.0054387152195, 0.00603663828224, 0.00256123160943, 0.00466805137694, 0.0105605339631, 0.00796348135918, 0.000923913321458, 0.000416550668888, 0.0004494022578, 0.000220433983486, 6.43273087917e-05, 9.03991021914e-05, 7.40195973776e-05, 4.90096608701e-05, 0.00044986474677, 0.000209440127946, 6.49921857985e-05, 7.34366476536e-05, 0.000159962743055, 3.59807854693e-05, 2.53605303442e-05, 4.0247963625e-05, 4.470202839e-05, 3.58723154932e-05],
        "mean": [0.000281392451143, 0.000671043293551, 0.000707192346454, 0.000650795584079, 0.000449050974566, 0.000329943082761, 0.000239702814724, 0.000248730008025, 0.000118903422845, 9.03447871679e-05, 8.81617379491e-05, 4.72834362881e-05, 6.34792668279e-05, 4.1846469685e-05, 5.20133398823e-05, 4.64066069981e-05, 5.62259374419e-05, 3.97344811063e-05, 2.50316916208e-05, 3.64840780094e-05, 3.45383232343e-05, 2.33489827224e-05, 9.88659576251e-06, 4.96564416608e-06, 5.82712164032e-06, 3.60736135008e-06, 2.16759576688e-06, 2.03457034331e-06, 1.7948364075e-06, 1.3995855852e-06, 1.2491226471e-06, 9.71357053459e-07, 8.4060042127e-07, 6.3826252017e-07, 6.93149559083e-07, 4.43896254865e-07, 2.76377647879e-07, 2.26174805107e-07, 4.80861388041e-07, 3.82405289656e-07],
        "median": [1.36072640089e-05, 0.000118343690701, 0.000212443905184, 0.000282091408735, 0.000180403221748, 0.000100888311863, 5.36041334271e-05, 4.92464350828e-05, 3.1883304473e-05, 2.06305994652e-05, 1.18042644317e-05, 7.34116656531e-06, 1.11688732432e-05, 4.18226363763e-06, 2.96479402095e-06, 1.8459952571e-06, 2.74280773738e-06, 2.12840359382e-06, 1.48022763824e-06, 2.08280675906e-06, 1.53747396325e-06, 1.08070048555e-06, 8.38705716433e-07, 5.68952032154e-07, 4.5239028168e-07, 3.17841397646e-07, 2.37135509451e-07, 1.71231548052e-07, 1.6084200638e-07, 1.25425117403e-07, 7.67838983506e-08, 9.85464652103e-08, 8.21453056687e-08, 4.96488432589e-08, 4.5042096275e-08, 3.16768122843e-08, 1.62240603174e-08, 1.67236500204e-08, 2.18435118882e-08, 1.38402160843e-08],
        "min": [1.15091082648e-23, 1.61864191886e-23, 4.45941649772e-24, 9.28225411472e-24, 6.93156773516e-24, 6.75378767498e-24, 5.64047971792e-24, 2.26716147137e-23, 1.36484848403e-23, 9.28312265058e-24, 1.16054423809e-23, 2.07172749299e-23, 1.74445134929e-23, 1.54440931882e-23, 1.37813668821e-23, 1.48911774243e-23, 5.98571404347e-24, 6.48008607302e-24, 9.43290288179e-24, 1.43080609095e-23, 9.59902831096e-24, 9.42650521985e-24, 6.94267016354e-24, 1.18880218234e-23, 1.09176692675e-23, 1.23928549375e-23, 9.16787243891e-24, 1.3791740403e-23, 1.30735543351e-23, 5.70210987057e-24, 5.44429987156e-24, 8.45081996417e-24, 1.22454696879e-23, 1.19553692455e-23, 1.05419995049e-23, 1.04006269532e-23, 6.30520704882e-24, 1.00435679971e-23, 1.25375028396e-23, 9.88138687249e-24],
        "var": [3.04612831314e-06, 2.68005146609e-06, 1.33387038659e-06, 1.29830209517e-06, 4.81276629216e-07, 4.62718645622e-07, 3.42186439184e-07, 3.70429063423e-07, 6.93436277288e-08, 4.78427928385e-08, 8.38724218966e-08, 2.46758773415e-08, 3.05531671074e-08, 1.88709048388e-08, 3.53596973923e-08, 4.40700844706e-08, 3.97029857879e-08, 3.1413925683e-08, 8.16811862592e-09, 2.77946465843e-08, 6.3211125223e-08, 3.60746383876e-08, 1.36363464964e-09, 2.62954630292e-10, 2.45368309004e-10, 9.72257135912e-11, 2.19144286051e-11, 2.36992613034e-11, 1.68748591489e-11, 9.38564070213e-12, 3.78627927622e-11, 1.10993193803e-11, 6.73269513057e-12, 4.0313720244e-12, 8.18272099384e-12, 1.97780984298e-12, 6.58536810152e-13, 5.07186794733e-13, 4.65377692979e-12, 3.41608945992e-12]
    },
    "mfcc": {
        "mean": [-749.125061035, 143.38269043, 4.38802099228, 16.2289180756, -0.294919610023, -2.62964344025, -11.7737598419, -6.3779668808, -5.57565021515, -7.71323108673, -7.53264379501, -7.26422119141, -3.54437494278],
        "cov": [[17372.0332031, 48.3169364929, -1423.77307129, -19.1779346466, -59.9311408997, 229.675643921, 86.6933517456, 141.267623901, 72.5347366333, 285.103240967, 237.23210144, 153.546295166, -9.49722957611], [48.3169364929, 1564.14001465, 231.346618652, 102.781143188, -3.93811774254, -33.5451965332, -34.4318275452, 32.3949203491, 9.7502412796, -65.6667938232, -82.2019348145, -88.5000686646, -47.0768814087], [-1423.77307129, 231.346618652, 815.723327637, 62.0559692383, 39.7378158569, -7.86971902847, 45.6549072266, 8.58273124695, -15.7250671387, -97.9376678467, -37.2862014771, -109.724250793, -14.12570858], [-19.1779346466, 102.781143188, 62.0559692383, 263.296386719, 60.847114563, 42.36095047, 26.2195281982, 58.7952423096, 32.3367462158, 40.3778419495, -3.77633285522, 4.69951438904, -13.1495723724], [-59.9311408997, -3.93811774254, 39.7378158569, 60.847114563, 213.9427948, 65.3320007324, 40.2830467224, -3.3874733448, 56.7818183899, 22.0217952728, 31.872461319, 4.04016637802, 13.2157840729], [229.675643921, -33.5451965332, -7.86971902847, 42.36095047, 65.3320007324, 152.022293091, 61.1077919006, 23.2833881378, 4.87317037582, 29.4024581909, 16.3779220581, 12.4967241287, 1.04383862019], [86.6933517456, -34.4318275452, 45.6549072266, 26.2195281982, 40.2830467224, 61.1077919006, 152.688812256, 57.1490745544, 35.516998291, 24.7469539642, 37.8298606873, 5.43592262268, 0.580218732357], [141.267623901, 32.3949203491, 8.58273124695, 58.7952423096, -3.3874733448, 23.2833881378, 57.1490745544, 151.59437561, 50.1175003052, 28.3249034882, 13.9092712402, 10.8368206024, -5.18079280853], [72.5347366333, 9.7502412796, -15.7250671387, 32.3367462158, 56.7818183899, 4.87317037582, 35.516998291, 50.1175003052, 139.535171509, 56.1301498413, 32.9960784912, 14.04342556, 9.50890350342], [285.103240967, -65.6667938232, -97.9376678467, 40.3778419495, 22.0217952728, 29.4024581909, 24.7469539642, 28.3249034882, 56.1301498413, 130.070098877, 55.8790130615, 35.6439208984, 9.92505645752], [237.23210144, -82.2019348145, -37.2862014771, -3.77633285522, 31.872461319, 16.3779220581, 37.8298606873, 13.9092712402, 32.9960784912, 55.8790130615, 118.752944946, 49.8900718689, 16.829574585], [153.546295166, -88.5000686646, -109.724250793, 4.69951438904, 4.04016637802, 12.4967241287, 5.43592262268, 10.8368206024, 14.04342556, 35.6439208984, 49.8900718689, 122.698013306, 34.4804115295], [-9.49722957611, -47.0768814087, -14.12570858, -13.1495723724, 13.2157840729, 1.04383862019, 0.580218732357, -5.18079280853, 9.50890350342, 9.92505645752, 16.829574585, 34.4804115295, 79.8722000122]],
