{
"lowlevel": {
    "average_loudness": 0.674106240273,
    "barkbands_crest": {
        "dmean": 2.15040373802,
        "dmean2": 3.48361492157,
        "dvar": 5.11523008347,
        "dvar2": 13.3793563843,
        "max": 26.9631786346,
        "mean": 14.1939325333,
        "median": 12.7729730606,
        "min": 3.5303311348,
        "var": 32.4299316406
    },
    "barkbands_flatness_db": {
        "dmean": 0.0457628257573,
        "dmean2": 0.0657629147172,
        "dvar": 0.00232692598365,
        "dvar2": 0.00488880788907,
        "max": 0.739780128002,
        "mean": 0.360366463661,
        "median": 0.337312757969,
        "min": 0.0506217032671,
        "var": 0.0184887498617
    },
    "barkbands_kurtosis": {
        "dmean": 13.1631689072,
        "dmean2": 21.4738426208,
        "dvar": 2758.71801758,
        "dvar2": 7184.67626953,
        "max": 1992.19274902,
        "mean": 20.9154777527,
        "median": 2.86008071899,
        "min": -1.988702178,
        "var": 5966.78320312
    },
    "barkbands_skewness": {
        "dmean": 0.899370193481,
        "dmean2": 1.41511058807,
        "dvar": 2.14215278625,
        "dvar2": 5.21735334396,
        "max": 39.3625946045,
        "mean": 2.09189319611,
        "median": 1.24864566326,
        "min": -13.0448961258,
        "var": 10.4901199341
    },
    "barkbands_spread": {
        "dmean": 1.83500289917,
        "dmean2": 2.85862994194,
        "dvar": 12.2485322952,
        "dvar2": 29.1812210083,
        "max": 118.737785339,
        "mean": 6.96098613739,
        "median": 5.49845647812,
        "min": 0.0247124563903,
        "var": 67.2167053223
    },
    "dissonance": {
        "dmean": 0.0496992021799,
        "dmean2": 0.0836667120457,
        "dvar": 0.00321803311817,
        "dvar2": 0.00919922161847,
        "max": 0.500000238419,
        "mean": 0.385005295277,
        "median": 0.402554631233,
        "min": 0.0236604940146,
        "var": 0.00616558454931
    },
    "dynamic_complexity": 5.95787525177,
    "erbbands_crest": {
        "dmean": 3.08914136887,
        "dmean2": 4.98682308197,
        "dvar": 10.312204361,
        "dvar2": 26.9834537506,
        "max": 34.782699585,
        "mean": 16.0049190521,
        "median": 15.0916786194,
        "min": 2.23137974739,
        "var": 46.6174240112
    },
    "erbbands_flatness_db": {
        "dmean": 0.0403706245124,
        "dmean2": 0.0584618896246,
        "dvar": 0.00180916313548,
        "dvar2": 0.00359803880565,
        "max": 0.677305042744,
        "mean": 0.339760154486,
        "median": 0.320615798235,
        "min": 0.0402511693537,
        "var": 0.0157549865544
    },
    "erbbands_kurtosis": {
        "dmean": 4.8260345459,
        "dmean2": 7.86719369888,
        "dvar": 97.3132553101,
        "dvar2": 246.306671143,
        "max": 351.472381592,
        "mean": 7.93822336197,
        "median": 2.35887908936,
        "min": -1.97359824181,
        "var": 276.442810059
    },
    "erbbands_skewness": {
        "dmean": 0.681163311005,
        "dmean2": 1.04858493805,
        "dvar": 0.61110585928,
        "dvar2": 1.47978425026,
        "max": 13.3650016785,
        "mean": 1.23400783539,
        "median": 0.962595939636,
        "min": -12.5131874084,
        "var": 3.43334245682
    },
    "erbbands_spread": {
        "dmean": 4.19332933426,
        "dmean2": 6.59628582001,
        "dvar": 33.5625457764,
        "dvar2": 81.1566619873,
        "max": 157.810684204,
        "mean": 14.0198745728,
        "median": 12.0529851913,
        "min": 0.278312802315,
        "var": 119.579414368
    },
    "hfc": {
        "dmean": 3.04498720169,
        "dmean2": 4.8416185379,
        "dvar": 40.4678192139,
        "dvar2": 90.1227416992,
        "max": 110.260269165,
        "mean": 9.25361442566,
        "median": 6.7886223793,
        "min": 1.21205636957e-16,
        "var": 104.95413208
    },
    "melbands_crest": {
        "dmean": 2.85152816772,
        "dmean2": 4.63201570511,
        "dvar": 8.60819721222,
        "dvar2": 22.7647190094,
        "max": 35.8463249207,
        "mean": 18.609331131,
        "median": 18.0695266724,
        "min": 2.20960903168,
        "var": 36.7016830444
    },
    "melbands_flatness_db": {
        "dmean": 0.0510567165911,
        "dmean2": 0.0735561773181,
        "dvar": 0.00301737571135,
        "dvar2": 0.00627418421209,
        "max": 0.868036985397,
        "mean": 0.479344338179,
        "median": 0.458132654428,
        "min": 0.00675518158823,
        "var": 0.02187679708
    },
    "melbands_kurtosis": {
        "dmean": 8.13471031189,
        "dmean2": 13.0950317383,
        "dvar": 279.226013184,
        "dvar2": 702.301818848,
        "max": 315.823486328,
        "mean": 16.9776420593,
        "median": 4.84800767899,
        "min": -1.97189950943,
        "var": 1130.11120605
    },
    "melbands_skewness": {
        "dmean": 0.75837957859,
        "dmean2": 1.19702160358,
        "dvar": 0.878977298737,
        "dvar2": 2.16024017334,
        "max": 14.5958986282,
        "mean": 2.24558615685,
        "median": 1.67289578915,
        "min": -7.05155181885,
        "var": 4.90619039536
    },
    "melbands_spread": {
        "dmean": 2.5328438282,
        "dmean2": 3.92589521408,
        "dvar": 34.4898910522,
        "dvar2": 77.6160049438,
        "max": 213.11277771,
        "mean": 8.73686981201,
        "median": 6.0160574913,
        "min": 0.220822498202,
        "var": 219.351547241
    },
    "pitch_salience": {
        "dmean": 0.0702443644404,
        "dmean2": 0.115173973143,
        "dvar": 0.00563508970663,
        "dvar2": 0.0150399468839,
        "max": 0.947099268436,
        "mean": 0.460624337196,
        "median": 0.483317732811,
        "min": 0.016154108569,
        "var": 0.0224310047925
    },
    "silence_rate_20dB": {
        "dmean": 0,
        "dmean2": 0,
        "dvar": 0,
        "dvar2": 0,
        "max": 1,
        "mean": 1,
        "median": 1,
        "min": 1,
        "var": 0
    },
    "silence_rate_30dB": {
        "dmean": 0.0150958793238,
        "dmean2": 0.0301938112825,
        "dvar": 0.0148684112355,
        "dvar2": 0.0363559834659,
        "max": 1,
        "mean": 0.984565198421,
        "median": 1,
        "min": 0,
        "var": 0.0151982540265
    },
    "silence_rate_60dB": {
        "dmean": 0.0179518572986,
        "dmean2": 0.035838149488,
        "dvar": 0.0176284983754,
        "dvar2": 0.0384955070913,
        "max": 1,
        "mean": 0.202964574099,
        "median": 0,
        "min": 0,
        "var": 0.161727383733
    },
    "spectral_centroid": {
        "dmean": 71.2342987061,
        "dmean2": 107.841896057,
        "dvar": 26628.4511719,
        "dvar2": 47639.25,
        "max": 11213.3193359,
        "mean": 497.424682617,
        "median": 399.787414551,
        "min": 140.578552246,
        "var": 150255.015625
    },
    "spectral_complexity": {
        "dmean": 1.46878826618,
        "dmean2": 2.40931653976,
        "dvar": 3.04841899872,
        "dvar2": 6.90332174301,
        "max": 35,
        "mean": 8.19786453247,
        "median": 8,
        "min": 0,
        "var": 29.1710453033
    },
    "spectral_decrease": {
        "dmean": 1.91845073161e-09,
        "dmean2": 3.09159053913e-09,
        "dvar": 8.52663648402e-18,
        "dvar2": 2.08659370085e-17,
        "max": 4.6354172806e-14,
        "mean": -8.51740900032e-09,
        "median": -6.95467239353e-09,
        "min": -4.35065068416e-08,
        "var": 5.81964111102e-17
    },
    "spectral_energy": {
        "dmean": 0.00747225712985,
        "dmean2": 0.0120500344783,
        "dvar": 0.000130232801894,
        "dvar2": 0.00031737057725,
        "max": 0.170445874333,
        "mean": 0.0329860560596,
        "median": 0.0270211379975,
        "min": 1.08830044852e-20,
        "var": 0.000871707568876
    },
    "spectral_energyband_high": {
        "dmean": 1.88846952369e-05,
        "dmean2": 3.11434159812e-05,
        "dvar": 3.93921917308e-09,
        "dvar2": 9.49567358077e-09,
        "max": 0.00116809399333,
        "mean": 1.64885423146e-05,
        "median": 5.65426489629e-07,
        "min": 7.9463089389e-21,
        "var": 3.72757380518e-09
    },
    "spectral_energyband_low": {
        "dmean": 0.00341793219559,
        "dmean2": 0.00520106684417,
        "dvar": 3.6103749153e-05,
        "dvar2": 9.02590618352e-05,
        "max": 0.108478479087,
        "mean": 0.0143675170839,
        "median": 0.00915496982634,
        "min": 1.03976114535e-22,
        "var": 0.00024221977219
    },
    "spectral_energyband_middle_high": {
        "dmean": 0.00092965294607,
        "dmean2": 0.00139463192318,
        "dvar": 1.02307585621e-05,
        "dvar2": 2.31450085266e-05,
        "max": 0.0657022669911,
        "mean": 0.001621719799,
        "median": 0.000501843227539,
        "min": 1.5606714087e-21,
        "var": 1.46691954797e-05
    },
    "spectral_energyband_middle_low": {
        "dmean": 0.00521962111816,
        "dmean2": 0.00852171424776,
        "dvar": 6.63480896037e-05,
        "dvar2": 0.000171065257746,
        "max": 0.132015705109,
        "mean": 0.0181131325662,
        "median": 0.0131662087515,
        "min": 2.94077500482e-22,
        "var": 0.000333136180416
    },
    "spectral_entropy": {
        "dmean": 0.328020811081,
        "dmean2": 0.4850474298,
        "dvar": 0.147629484534,
        "dvar2": 0.316670954227,
        "max": 9.78622627258,
        "mean": 5.69275999069,
        "median": 5.83428668976,
        "min": 2.91094827652,
        "var": 0.998905479908
    },
    "spectral_flux": {
        "dmean": 0.0203433837742,
        "dmean2": 0.0332649797201,
        "dvar": 0.000760860624723,
        "dvar2": 0.00178280635737,
        "max": 0.311132580042,
        "mean": 0.052057120949,
        "median": 0.0408258736134,
        "min": 1.04321641603e-10,
        "var": 0.00178533967119
    },
    "spectral_kurtosis": {
        "dmean": 44.3339958191,
        "dmean2": 72.7396087646,
        "dvar": 4438.30175781,
        "dvar2": 12037.2578125,
        "max": 1061.60571289,
        "mean": 93.44480896,
        "median": 51.2199668884,
        "min": -1.21390032768,
        "var": 10540.1152344
    },
    "spectral_rms": {
        "dmean": 0.000602602784056,
        "dmean2": 0.000959990371484,
        "dvar": 6.00063913225e-07,
        "dvar2": 1.38834263907e-06,
        "max": 0.0128952963278,
        "mean": 0.0048821172677,
        "median": 0.00513440230861,
        "min": 3.25846055867e-12,
        "var": 8.346290997e-06
    },
    "spectral_rolloff": {
        "dmean": 126.657341003,
        "dmean2": 227.61668396,
        "dvar": 329377.46875,
        "dvar2": 790816.4375,
        "max": 19767.4804688,
        "mean": 686.169311523,
        "median": 387.59765625,
        "min": 64.599609375,
        "var": 3140084.25
    },
    "spectral_skewness": {
        "dmean": 1.73009085655,
        "dmean2": 2.7853448391,
        "dvar": 3.86681747437,
        "dvar2": 9.02898597717,
        "max": 28.6483306885,
        "mean": 6.66696023941,
        "median": 5.2059044838,
        "min": -0.0611483044922,
        "var": 15.858259201
    },
    "spectral_spread": {
        "dmean": 734109.375,
        "dmean2": 1145891.125,
        "dvar": 954030096384,
        "dvar2": 1.91663361229e+12,
        "max": 41095632,
        "mean": 1924305.5,
        "median": 1472399.875,
        "min": 97887.265625,
        "var": 3.22894928282e+12
    },
    "spectral_strongpeak": {
        "dmean": 0.348518192768,
        "dmean2": 0.603241026402,
        "dvar": 0.929135084152,
        "dvar2": 2.38211488724,
        "max": 17.4560241699,
        "mean": 0.809052109718,
        "median": 0.327107787132,
        "min": 0,
        "var": 1.30990934372
    },
    "zerocrossingrate": {
        "dmean": 0.00340760941617,
        "dmean2": 0.00419815629721,
        "dvar": 4.27796840086e-05,
        "dvar2": 5.35060826223e-05,
        "max": 0.66748046875,
        "mean": 0.0249316934496,
        "median": 0.0166015625,
        "min": 0.00146484375,
        "var": 0.00280109932646
    },
    "barkbands": {
        "dmean": [0.000365500862245, 0.0026604286395, 0.00074279110413, 0.0010198407108, 0.0010590365855, 0.00289816781878, 0.00124584662262, 0.000529206299689, 0.00054280232871, 0.000199904970941, 0.0001620122639, 8.3972568973e-05, 0.000112396934128, 0.000316293473588, 0.000252765341429, 3.61699676432e-05, 2.2846250431e-05, 3.84825625588e-06, 3.0067735679e-06, 2.24188329412e-06, 2.34009826272e-06, 2.88289993478e-06, 2.58982095147e-06, 3.049308134e-06, 2.78600168713e-06, 2.94440837934e-06, 1.42718511142e-06],
        "dmean2": [0.000514969404321, 0.00398603267968, 0.00122943788301, 0.00154758081771, 0.00173992675263, 0.00456050038338, 0.00210915249772, 0.000854499987327, 0.000822942412924, 0.000321958010318, 0.000252708559856, 0.00013813226542, 0.000172720334376, 0.000485478434712, 0.000379672797862, 5.74881232751e-05, 3.2212727092e-05, 6.23129426458e-06, 5.00903433931e-06, 3.59812429451e-06, 3.83155747841e-06, 4.80476364828e-06, 4.25611551691e-06, 5.11227381139e-06, 4.58945851278e-06, 5.09809478899e-06, 2.44851685238e-06],
        "dvar": [5.30592899395e-07, 2.25638632401e-05, 3.41355098499e-06, 4.31481885244e-06, 5.25306086274e-06, 2.71917524515e-05, 9.60518264037e-06, 1.65578035194e-06, 1.56613680247e-06, 1.94083881411e-07, 2.18571912569e-07, 6.59636825162e-08, 6.90865988417e-07, 4.35300307799e-06, 2.52075096796e-06, 4.71983234718e-08, 2.41792754707e-08, 2.22171753217e-10, 2.05734679293e-10, 8.67872232413e-11, 9.16304948584e-11, 1.1627214469e-10, 1.05936766304e-10, 1.32617541948e-10, 1.04080757901e-10, 1.33573138661e-10, 3.25914989441e-11],
        "dvar2": [1.34088736559e-06, 5.53255013074e-05, 9.07488993107e-06, 1.04709333755e-05, 1.44503756019e-05, 7.29992607376e-05, 2.58874606516e-05, 4.11310838899e-06, 3.42848534274e-06, 4.8516511697e-07, 4.78135348203e-07, 1.60891119094e-07, 1.61769344231e-06, 1.03229103843e-05, 5.71570217289e-06, 1.15743638673e-07, 4.54680275652e-08, 5.19897347395e-10, 5.37803801492e-10, 2.04553790573e-10, 2.24237156621e-10, 2.88314649932e-10, 2.62989074962e-10, 3.3439689906e-10, 2.53221499324e-10, 3.56591367545e-10, 8.55904028207e-11],
        "max": [0.0233221221715, 0.0947449430823, 0.0486745759845, 0.0631185472012, 0.0732816904783, 0.107895001769, 0.0844913572073, 0.0344248563051, 0.0351870544255, 0.00762931536883, 0.0152815794572, 0.010144000873, 0.0298411790282, 0.0397457368672, 0.0518564283848, 0.00644784746692, 0.0122893676162, 0.000612781208474, 0.000702943070792, 0.00027624683571, 0.000248694210313, 0.000207546167076, 0.000248485477641, 0.000240869703703, 0.000227374228416, 0.000211324644624, 0.000122565164929],
        "mean": [0.00192522036377, 0.00993793364614, 0.00140761735383, 0.00279123382643, 0.00249863089994, 0.00856393296272, 0.00234880484641, 0.00086936383741, 0.000954470946454, 0.000316490797559, 0.000305947003653, 0.00011955545051, 0.000151165251737, 0.000388483866118, 0.000292151235044, 4.96801258123e-05, 3.78937656933e-05, 5.82638813285e-06, 3.80058077099e-06, 2.61594959738e-06, 2.29514512284e-06, 2.50854895967e-06, 2.25149778998e-06, 2.52459130934e-06, 2.33297100749e-06, 2.18208401748e-06, 1.02273304492e-06],
        "median": [0.000576396996621, 0.00550808385015, 0.000466210854938, 0.000624300912023, 0.000761889968999, 0.00292029581033, 0.000586570473388, 0.000158215727424, 0.000172786560142, 5.33382444701e-05, 3.72721333406e-05, 2.06630211323e-05, 1.34233532663e-05, 3.28060705215e-05, 2.08845594898e-05, 6.64714116283e-06, 2.25054282055e-06, 3.76978022132e-07, 1.93762872414e-07, 1.02976954963e-07, 7.58415978908e-08, 5.67540610064e-08, 4.12300558139e-08, 3.54555353965e-08, 2.9475097918e-08, 2.08449257855e-08, 6.88228363188e-09],
        "min": [1.73712661802e-23, 2.34771063846e-23, 4.73387130406e-23, 3.33598926963e-23, 9.88139239452e-24, 5.81081821653e-23, 3.21370257646e-23, 6.5840331701e-23, 6.05906895687e-23, 5.82465357463e-23, 6.33178511378e-23, 1.12373665089e-22, 5.65649619754e-23, 6.08315572021e-23, 9.66842377371e-23, 2.23754577128e-22, 1.00828944488e-22, 2.45958348415e-22, 1.86345089063e-22, 5.65345081579e-22, 3.97773329582e-22, 4.72311546961e-22, 7.04143958784e-22, 8.46693673956e-22, 1.28037289747e-21, 1.80895130534e-21, 2.41227051007e-21],
        "var": [6.90362139721e-06, 0.000129802676383, 6.67776521368e-06, 2.36980140471e-05, 1.96986366063e-05, 0.000146993930684, 2.73799632851e-05, 3.09425513478e-06, 3.40925657838e-06, 3.99127799255e-07, 7.46309069655e-07, 9.98824845055e-08, 8.39195308799e-07, 4.78788024338e-06, 2.88199044007e-06, 6.60810712816e-08, 7.87094549537e-08, 3.17561116292e-10, 1.78061870804e-10, 9.22377937917e-11, 8.86090853469e-11, 1.03962650988e-10, 9.38074964929e-11, 1.12537194841e-10, 9.43938260889e-11, 9.3857782657e-11, 2.31715341359e-11]
    },
    "erbbands": {
        "dmean": [0.116732306778, 0.497723072767, 0.912105977535, 2.00693655014, 3.80709648132, 2.97048401833, 15.1988992691, 22.762348175, 18.6364555359, 14.0964889526, 11.9936094284, 11.5986509323, 7.67377138138, 5.48672151566, 4.92306041718, 3.034709692, 4.19949960709, 11.4552412033, 12.7230215073, 11.4475688934, 2.34497714043, 1.34953176975, 0.322241425514, 0.164415970445, 0.132375016809, 0.101620025933, 0.103240579367, 0.0951681509614, 0.098397128284, 0.0919649228454, 0.073891595006, 0.0639787018299, 0.0487673543394, 0.0315164849162, 0.0204510837793, 0.0116200493649, 0.00536914682016, 0.00179680623114, 0.000271037366474, 1.55415582412e-05],
        "dmean2": [0.16988375783, 0.760574042797, 1.49579739571, 3.0693833828, 6.03567838669, 4.93974876404, 24.8262367249, 35.3354797363, 30.9893131256, 24.1893749237, 18.5609226227, 17.9147949219, 12.3463897705, 8.84179592133, 7.80893087387, 4.9701590538, 6.52188491821, 17.109790802, 19.6181125641, 16.8186836243, 3.54017663002, 1.85391557217, 0.483776330948, 0.268115371466, 0.217313528061, 0.163218811154, 0.168454110622, 0.157260596752, 0.164548888803, 0.1524643749, 0.121847473085, 0.106879845262, 0.0813957303762, 0.0520280823112, 0.0340186320245, 0.0196788813919, 0.00933886412531, 0.00311567564495, 0.00046626268886, 2.56966141023e-05],
        "dvar": [0.0435817502439, 0.919403970242, 4.66779756546, 16.7555618286, 68.1752548218, 39.7984428406, 867.805969238, 1798.21264648, 2100.95141602, 1422.6809082, 783.102600098, 794.658508301, 266.354034424, 170.648117065, 186.462966919, 77.3398590088, 481.745941162, 7152.86376953, 5805.60986328, 5074.23486328, 191.308578491, 79.4135971069, 2.89939022064, 0.573626697063, 0.340814888477, 0.185287699103, 0.210601955652, 0.139814868569, 0.139988467097, 0.1344435215, 0.0829651281238, 0.0649277791381, 0.0322370156646, 0.0137287545949, 0.005759797059, 0.00176916236524, 0.000471622915938, 6.11696959822e-05, 1.17364049856e-06, 1.26041099779e-09],
        "dvar2": [0.109852328897, 2.16493082047, 11.8586502075, 40.9989318848, 186.20552063, 105.878005981, 2421.82421875, 4255.91503906, 5345.32519531, 4126.99658203, 1843.51916504, 1778.98510742, 667.687316895, 420.250518799, 408.007049561, 191.004348755, 1122.21496582, 16349.3662109, 13812.8623047, 10980.5322266, 462.928894043, 147.822875977, 5.13581752777, 1.44806826115, 0.873384356499, 0.438249886036, 0.528134524822, 0.343160837889, 0.350535899401, 0.336232632399, 0.205328658223, 0.164910137653, 0.0801631063223, 0.0336818657815, 0.0143417650834, 0.00454494869336, 0.0012670395663, 0.000164630546351, 3.10825566885e-06, 3.2213451906e-09],
        "max": [3.92189526558, 19.2132129669, 52.5579338074, 99.3906097412, 289.527252197, 172.437225342, 582.430419922, 1230.4230957, 1384.98693848, 1330.36743164, 614.901733398, 829.928100586, 222.719055176, 372.876373291, 446.472045898, 393.037567139, 721.217712402, 2510.64379883, 1498.99719238, 3581.04589844, 426.195098877, 613.701416016, 190.100860596, 38.7718086243, 20.4112281799, 12.666891098, 12.2242975235, 9.60902881622, 9.16878986359, 8.32443618774, 7.26411008835, 5.55901241302, 3.8201444149, 2.90727186203, 1.8288615942, 0.932458996773, 0.409758269787, 0.169205516577, 0.0240272134542, 0.000834373757243],
        "mean": [0.497606366873, 1.35519695282, 1.93058478832, 5.4842300415, 11.370221138, 5.94079828262, 39.3342971802, 69.0269775391, 40.3477668762, 23.5409469604, 21.8665809631, 19.9078197479, 12.5546455383, 10.3849658966, 9.36969184875, 4.77848386765, 6.02985906601, 14.8999614716, 15.3300685883, 13.7974328995, 3.38230657578, 2.30378603935, 0.555416941643, 0.239593714476, 0.159819379449, 0.118024155498, 0.103964142501, 0.0892423018813, 0.085780583322, 0.0798163488507, 0.0638759955764, 0.0533212386072, 0.0406442806125, 0.0265769269317, 0.0167121458799, 0.00910177920014, 0.00391946127638, 0.00127738784067, 0.000205651624128, 4.2328138079e-05],
        "median": [0.205254048109, 0.669207394123, 0.755070447922, 1.75629460812, 2.38166928291, 3.3123524189, 12.7526607513, 23.9833526611, 13.0593719482, 6.53415393829, 4.48253059387, 3.7758128643, 2.59257268906, 1.69738066196, 1.20370328426, 0.986664891243, 0.836884081364, 1.47483694553, 1.84734201431, 1.26224446297, 0.503421783447, 0.186528906226, 0.0463495440781, 0.0178922079504, 0.0104121295735, 0.00533517356962, 0.00395804736763, 0.00274218386039, 0.00207265187055, 0.00165358255617, 0.00114047515672, 0.000813577149529, 0.000577514292672, 0.000383500038879, 0.000224583258387, 0.000113898691779, 4.71417406516e-05, 1.04670070868e-05, 1.99055921257e-05, 3.1800562283e-05],
        "min": [8.64520971159e-22, 5.09330363338e-21, 3.13577061635e-20, 1.29268890998e-19, 2.63937322997e-20, 2.48851972005e-20, 3.49355647507e-19, 4.22010281129e-19, 4.09796158054e-19, 7.22243549466e-19, 1.44718701645e-18, 1.26729529235e-18, 2.45798332022e-18, 2.18896267833e-18, 3.32808840271e-18, 4.16267104098e-18, 2.67687061315e-18, 3.02695309392e-18, 3.95769733955e-18, 7.98804926102e-18, 1.14512013685e-17, 7.35076781041e-18, 1.34042227712e-17, 1.02734252164e-17, 1.87297281873e-17, 2.09184844841e-17, 1.54509083162e-17, 1.62945994538e-17, 1.88817557121e-17, 1.55255977625e-17, 1.87173833438e-17, 1.96377243457e-17, 1.47758644163e-17, 1.39219973028e-17, 8.47008628144e-18, 5.70737003715e-18, 3.66133631045e-18, 1.67464576168e-18, 3.56148687342e-19, 3.10140643178e-20],
        "var": [0.352501839399, 3.2385058403, 10.7927379608, 82.5455551147, 564.716796875, 66.5057983398, 3598.79760742, 10860.1679688, 7548.84130859, 2082.05566406, 1647.61193848, 1648.96459961, 512.612854004, 424.554016113, 635.44128418, 121.100601196, 624.024291992, 8548.81054688, 6447.04150391, 6329.87011719, 278.74597168, 257.276611328, 9.86197185516, 0.573725998402, 0.314299851656, 0.195599377155, 0.190351217985, 0.133540287614, 0.123440265656, 0.117355838418, 0.0736668407917, 0.0541965030134, 0.0282436273992, 0.0123916016892, 0.00493371626362, 0.00138386280742, 0.000324858992826, 4.12902518292e-05, 8.22363347197e-07, 2.07739847546e-09]
    },
    "gfcc": {
        "mean": [-203.075012207, 192.178649902, -75.8793716431, -28.8719043732, -32.2681388855, -12.9473457336, -48.2690505981, -13.7018709183, -0.390457749367, 6.61548042297, -2.59436273575, -0.109384328127, 5.30036973953],
        "cov": [[31251.703125, 1125.7755127, -557.770751953, 3022.61279297, -29.5172901154, 3467.84277344, 2602.89135742, 2510.17895508, -458.935821533, -468.118804932, -849.216491699, -193.870834351, -609.343078613], [1125.7755127, 3596.95336914, 477.135223389, -619.294067383, 741.515991211, -136.933670044, 356.777435303, -29.5900802612, 370.007629395, -252.516494751, 128.372268677, -268.547302246, 184.036102295], [-557.770751953, 477.135223389, 1220.23046875, -91.0071487427, -67.4993133545, 210.526229858, 251.201522827, 32.1392402649, 2.56864380836, 48.7506637573, 46.9046936035, -31.976896286, -59.5781440735], [3022.61279297, -619.294067383, -91.0071487427, 902.133605957, -15.1483802795, 544.852416992, 421.713989258, 429.931396484, -85.7706375122, -42.2920646667, -117.367095947, 41.2471351624, -100.946655273], [-29.5172901154, 741.515991211, -67.4993133545, -15.1483802795, 800.036682129, 120.466346741, 26.0124855042, 109.866638184, 281.969055176, -14.0845432281, -7.0401725769, -24.2258682251, 152.33895874], [3467.84277344, -136.933670044, 210.526229858, 544.852416992, 120.466346741, 902.555480957, 614.653808594, 458.305999756, -75.2160949707, -4.19541358948, -140.652832031, -59.2541007996, -145.609527588], [2602.89135742, 356.777435303, 251.201522827, 421.713989258, 26.0124855042, 614.653808594, 799.39642334, 494.895996094, -84.4446258545, -127.681922913, -68.489692688, -75.1988296509, -164.363128662], [2510.17895508, -29.5900802612, 32.1392402649, 429.931396484, 109.866638184, 458.305999756, 494.895996094, 601.13269043, 30.0219364166, -116.441947937, -129.401702881, 26.5581035614, -111.396965027], [-458.935821533, 370.007629395, 2.56864380836, -85.7706375122, 281.969055176, -75.2160949707, -84.4446258545, 30.0219364166, 283.275817871, 65.7280883789, 22.4677772522, 5.69690990448, 125.389671326], [-468.118804932, -252.516494751, 48.7506637573, -42.2920646667, -14.0845432281, -4.19541358948, -127.681922913, -116.441947937, 65.7280883789, 200.396652222, 71.3506622314, 10.8584833145, 28.2936820984], [-849.216491699, 128.372268677, 46.9046936035, -117.367095947, -7.0401725769, -140.652832031, -68.489692688, -129.401702881, 22.4677772522, 71.3506622314, 153.24861145, 30.2193202972, 32.0682983398], [-193.870834351, -268.547302246, -31.976896286, 41.2471351624, -24.2258682251, -59.2541007996, -75.1988296509, 26.5581035614, 5.69690990448, 10.8584833145, 30.2193202972, 123.26272583, 41.3734664917], [-609.343078613, 184.036102295, -59.5781440735, -100.946655273, 152.33895874, -145.609527588, -164.363128662, -111.396965027, 125.389671326, 28.2936820984, 32.0682983398, 41.3734664917, 178.456359863]],
        "icov": [[0.000144670819282, -0.000379172939574, 0.000214418512769, -0.000305050227325, 0.000316284014843, -0.00047696303227, 0.000399534532335, -0.000476019049529, 0.000494477513712, -0.000557279738132, 0.000437692768173, -0.000319950951962, -6.78485375829e-05], [-0.000379172939574, 0.00206769397482, -0.000837031402625, 0.00131977384444, -0.00116499944124, 0.00116251362488, -0.00161435001064, 0.00139985000715, -0.00246606441215, 0.00370469293557, -0.00291215651669, 0.00301632820629, -0.000660553050693], [0.000214418512769, -0.000837031402625, 0.00144319445826, -0.000206497235922, 0.000767316028941, -0.0010660237167, 7.51044062781e-05, -0.000144764824654, 0.000393343827454, -0.00145956710912, 0.00109207292553, -0.00167314766441, 0.000561016844586], [-0.000305050227325, 0.00131977384444, -0.000206497235922, 0.00322316912934, -0.000654098461382, 6.59456563881e-05, -0.00142393645365, 0.000232726335526, -0.00103348016273, 0.00173236965202, -0.00132452021353, 0.000693721929565, -0.000673696631566], [0.000316284014843, -0.00116499944124, 0.000767316028941, -0.000654098461382, 0.00355381821282, -0.00265131401829, 0.00199924292974, -0.00135666539427, -0.00120914040599, 0.000264136411715, -0.000192229170352, -0.00022417693981, -0.00114075338934], [-0.00047696303227, 0.00116251362488, -0.0010660237167, 6.59456563881e-05, -0.00265131401829, 0.00684409728274, -0.00439140759408, 0.000828063464724, 0.00126486131921, -0.00319508905523, 0.00276077748276, 0.000913433555979, 8.3852748503e-05], [0.000399534532335, -0.00161435001064, 7.51044062781e-05, -0.00142393645365, 0.00199924292974, -0.00439140759408, 0.00885573681444, -0.00632052309811, 0.00305049796589, 0.00110902776942, -0.00433163018897, 0.00390530494042, -0.00127642450389], [-0.000476019049529, 0.00139985000715, -0.000144764824654, 0.000232726335526, -0.00135666539427, 0.000828063464724, -0.00632052309811, 0.0119531629607, -0.00818636734039, 0.00446202792227, 0.00354733178392, -0.00720226438716, 0.00656509399414], [0.000494477513712, -0.00246606441215, 0.000393343827454, -0.00103348016273, -0.00120914040599, 0.00126486131921, 0.00305049796589, -0.00818636734039, 0.0157029479742, -0.0105466181412, 0.00316627533175, 0.00153923267499, -0.0067451656796], [-0.000557279738132, 0.00370469293557, -0.00145956710912, 0.00173236965202, 0.000264136411715, -0.00319508905523, 0.00110902776942, 0.00446202792227, -0.0105466181412, 0.0196234174073, -0.0120008643717, 0.0058885612525, 0.000834087491967], [0.000437692768173, -0.00291215651669, 0.00109207292553, -0.00132452021353, -0.000192229170352, 0.00276077748276, -0.00433163018897, 0.00354733178392, 0.00316627533175, -0.0120008643717, 0.0204278826714, -0.0123621430248, 0.00362774217501], [-0.000319950951962, 0.00301632820629, -0.00167314766441, 0.000693721929565, -0.00022417693981, 0.000913433555979, 0.00390530494042, -0.00720226438716, 0.00153923267499, 0.0058885612525, -0.0123621430248, 0.0234983153641, -0.00957310199738], [-6.78485375829e-05, -0.000660553050693, 0.000561016844586, -0.000673696631566, -0.00114075338934, 8.3852748503e-05, -0.00127642450389, 0.00656509399414, -0.0067451656796, 0.000834087491967, 0.00362774217501, -0.00957310199738, 0.0159987378865]]
    },
    "melbands": {
        "dmean": [0.000838970707264, 0.00051700824406, 0.000405249244068, 0.000225786789088, 0.00044127664296, 0.000529753218871, 0.000272669625701, 0.000143959376146, 0.000102883270301, 6.93838155712e-05, 3.86804458685e-05, 2.29547858908e-05, 2.00968406716e-05, 9.77595027507e-06, 8.54166773934e-06, 1.27991525005e-05, 2.38537741097e-05, 2.28449716815e-05, 2.16423341044e-05, 6.54381074128e-06, 2.17695787796e-06, 1.64236587352e-06, 5.17831892921e-07, 1.8899984866e-07, 1.33246587097e-07, 1.13813037217e-07, 7.88940042185e-08, 6.81243577105e-08, 6.87535646193e-08, 5.35988213812e-08, 5.85074495518e-08, 6.12490040908e-08, 4.72500616411e-08, 5.09965829565e-08, 4.24052934989e-08, 3.93983050628e-08, 3.96628436761e-08, 3.41869963449e-08, 3.21299822303e-08, 2.50295997262e-08],
        "dmean2": [0.00123336422257, 0.000827715266496, 0.00062553351745, 0.000366533553461, 0.000722060271073, 0.000827267067507, 0.00045697070891, 0.000243779621087, 0.000155878835358, 0.000107940686576, 6.21823855909e-05, 3.69028493878e-05, 3.1410214433e-05, 1.6176391e-05, 1.39635558298e-05, 1.94023887161e-05, 3.58898105333e-05, 3.55950178346e-05, 3.28315072693e-05, 9.49862987909e-06, 3.43647661794e-06, 2.260936526e-06, 7.55089217819e-07, 3.07258716248e-07, 2.19546492986e-07, 1.91628672042e-07, 1.26576509274e-07, 1.11007864234e-07, 1.13064800189e-07, 8.77051604675e-08, 9.8221512701e-08, 1.0413068452e-07, 7.71886448092e-08, 8.50535357699e-08, 7.01780322743e-08, 6.50082441211e-08, 6.70266189218e-08, 5.74162335454e-08, 5.36091775416e-08, 4.15889829242e-08],
        "dvar": [2.21290065383e-06, 1.22766084587e-06, 6.51269999707e-07, 2.17214022769e-07, 7.23941013803e-07, 9.01994837932e-07, 4.35275666177e-07, 1.40279681204e-07, 5.80006478401e-08, 2.68216879817e-08, 6.83675249746e-09, 2.80469070191e-09, 3.79140852047e-09, 8.42292846581e-10, 9.11420272587e-10, 1.42795650859e-08, 2.82251306771e-08, 2.70437752192e-08, 2.35501715906e-08, 2.16152651333e-09, 2.41893116648e-10, 1.33597341523e-10, 2.78423863825e-11, 6.87841222782e-13, 4.28235978579e-13, 2.83655558894e-13, 9.71029355014e-14, 8.93920489931e-14, 1.05776844261e-13, 4.87821249866e-14, 5.44810575234e-14, 5.66992674057e-14, 3.39036219617e-14, 4.35903110753e-14, 2.63300445764e-14, 2.76506095987e-14, 2.57597406811e-14, 1.57647942552e-14, 1.43634595591e-14, 9.61042650218e-15],
        "dvar2": [5.54367670702e-06, 3.00044575852e-06, 1.64845982908e-06, 6.04102808666e-07, 2.02430805984e-06, 2.25074222726e-06, 1.1368495052e-06, 3.97334531499e-07, 1.30537131326e-07, 6.15988682284e-08, 1.70559726342e-08, 6.97167656938e-09, 8.05407918136e-09, 2.06590811125e-09, 2.21019669233e-09, 3.32134568737e-08, 6.4700287794e-08, 6.50107239153e-08, 5.50891030571e-08, 4.55592452653e-09, 6.08898764742e-10, 2.51895060366e-10, 4.45281693462e-11, 1.61213523e-12, 1.10177210237e-12, 7.49993708631e-13, 2.2835289974e-13, 2.1688678414e-13, 2.71104373759e-13, 1.17821063236e-13, 1.36824037343e-13, 1.46765696926e-13, 8.03605771336e-14, 1.11017077963e-13, 6.46479194504e-14, 6.93090875491e-14, 6.69296093699e-14, 3.93271264892e-14, 3.58458414047e-14, 2.40210259859e-14],
        "max": [0.0297445487231, 0.0219536237419, 0.0214887615293, 0.0189674943686, 0.0157232750207, 0.0250862110406, 0.0188847165555, 0.0120498798788, 0.00434280047193, 0.00453642243519, 0.00110887351912, 0.00137924891897, 0.00219445489347, 0.00125135772396, 0.00161924818531, 0.00437631551176, 0.00491454591975, 0.00350693310611, 0.00349632301368, 0.00290522631258, 0.000496428052429, 0.000846388807986, 0.000674502167385, 4.65168559458e-05, 3.72784779756e-05, 1.88550002349e-05, 9.4062570497e-06, 8.31315173855e-06, 8.31623765407e-06, 5.72011094846e-06, 5.98984161115e-06, 5.37665573574e-06, 4.46652620667e-06, 5.15802457812e-06, 3.77995161216e-06, 5.21510901308e-06, 4.56554198536e-06, 2.83339045382e-06, 2.51809433394e-06, 2.68150597549e-06],
        "mean": [0.00347111234441, 0.00124397710897, 0.00120403512847, 0.000579056853894, 0.00113854813389, 0.00159793894272, 0.000561671680771, 0.00023554902873, 0.00018779754464, 0.000116781586257, 6.13793235971e-05, 4.21601253038e-05, 3.86317224184e-05, 1.39582816701e-05, 1.2463562598e-05, 1.69406011992e-05, 3.01589443552e-05, 2.69045976893e-05, 2.50233297265e-05, 8.23603113531e-06, 3.0439089187e-06, 2.69207998826e-06, 8.58782584601e-07, 2.82979215172e-07, 1.80926008397e-07, 1.31387452029e-07, 9.63420205835e-08, 7.42024397482e-08, 6.7769342138e-08, 5.35282858038e-08, 5.22713001772e-08, 5.12286391086e-08, 4.31212150431e-08, 4.33583515758e-08, 3.66908956551e-08, 3.36193792805e-08, 3.23765512178e-08, 2.82959913278e-08, 2.66542858895e-08, 2.09398471895e-08],
        "median": [0.00174487312324, 0.000562698172871, 0.000361881073331, 0.000188964302652, 0.000370301364455, 0.000614729593508, 0.000156550566317, 5.56085033168e-05, 3.56399868906e-05, 2.22675298573e-05, 1.14605672934e-05, 6.69118526275e-06, 4.60037563244e-06, 2.30965702031e-06, 2.00951558327e-06, 1.24503128518e-06, 2.70206351161e-06, 2.40291478804e-06, 1.54788290274e-06, 7.95580660906e-07, 2.87507475605e-07, 1.39600572879e-07, 4.77638408825e-08, 1.52774131124e-08, 9.88298065607e-09, 6.9255263746e-09, 4.16003809178e-09, 2.97068081245e-09, 2.51956144837e-09, 1.63672220221e-09, 1.46710787963e-09, 1.16092269131e-09, 8.90586271396e-10, 8.1259621254e-10, 6.16048267954e-10, 5.23593390866e-10, 4.6099041251e-10, 3.75562164701e-10, 3.43399197966e-10, 2.843960345e-10],
        "min": [7.52782588379e-24, 1.4130373146e-23, 1.81336292476e-23, 7.02709060635e-25, 9.89784724414e-24, 1.00647836223e-23, 6.22019505894e-24, 8.98049588581e-24, 1.16513327863e-23, 8.54287293206e-24, 1.19498014652e-23, 7.94126472877e-24, 8.95151471388e-24, 1.48882949265e-23, 6.2728779512e-24, 5.40608626602e-24, 5.66309912109e-24, 6.05481155345e-24, 7.54222101759e-24, 1.26341225233e-23, 1.46800293367e-23, 7.1841712522e-24, 1.23562068264e-23, 8.88437476224e-24, 8.35638858065e-24, 7.4294470403e-24, 2.21685186714e-23, 1.19215460453e-23, 9.83306046458e-24, 8.77440676319e-24, 9.54272967474e-24, 1.10234144941e-23, 8.42717938056e-24, 9.07636851821e-24, 8.1785533002e-24, 1.56483340097e-23, 1.12640423137e-23, 1.00980262209e-23, 1.07585015915e-23, 1.25497128287e-23],
        "var": [1.60434756253e-05, 3.38074369211e-06, 3.94976996176e-06, 1.11755059606e-06, 2.8534775538e-06, 5.21600031789e-06, 1.38784548653e-06, 2.1182808041e-07, 1.25868197642e-07, 5.35454702799e-08, 1.3226478579e-08, 6.81030387639e-09, 1.37264235534e-08, 1.25558252684e-09, 1.47102896531e-09, 1.72089933415e-08, 3.29553309086e-08, 2.96520497045e-08, 2.54594727522e-08, 2.87660517628e-09, 3.37581074206e-10, 4.14028672457e-10, 1.06197065031e-10, 8.91449837125e-13, 3.92163650728e-13, 2.35025838851e-13, 1.09345265318e-13, 8.81655046279e-14, 8.94845585435e-14, 4.91879655767e-14, 4.84764240197e-14, 4.61288722064e-14, 3.311956422e-14, 3.65662564789e-14, 2.37868264582e-14, 2.35533790957e-14, 2.04815649846e-14, 1.3748992213e-14, 1.2472731249e-14, 8.35249956628e-15]
    },
    "mfcc": {
        "mean": [-832.614868164, 207.045196533, 29.5130462646, -0.309383153915, 11.9829626083, 2.67557001114, -19.8822498322, -18.927280426, -5.77938652039, -0.160560101271, -3.70976042747, -2.57152295113, 3.7921204567],
        "cov": [[16118.0947266, 4336.73486328, -1044.7421875, 201.49697876, 285.74118042, 817.299926758, 1689.75634766, 2165.62475586, 1427.5435791, 887.239929199, 624.137756348, 299.438110352, -230.322738647], [4336.73486328, 3767.82397461, 161.081741333, -72.3600311279, 349.313415527, 455.180755615, 534.82434082, 643.838439941, 629.430969238, 447.573730469, 244.379714966, 66.7682266235, -51.55834198], [-1044.7421875, 161.081741333, 977.623962402, 71.7286376953, -136.717926025, 25.6661529541, 8.23246383667, -109.504631042, -100.196533203, -3.7814552784, 44.0940742493, 9.45916461945, -1.07791614532], [201.49697876, -72.3600311279, 71.7286376953, 290.517700195, 29.1270160675, -27.0536708832, 81.8362350464, 129.854278564, 56.5410003662, -0.882609367371, 17.5504970551, 55.4312438965, 35.6821403503], [285.74118042, 349.313415527, -136.717926025, 29.1270160675, 393.405334473, 189.600006104, -23.278547287, 67.4490203857, 188.099411011, 106.543487549, -4.76007699966, 3.21089196205, 50.5163154602], [817.299926758, 455.180755615, 25.6661529541, -27.0536708832, 189.600006104, 338.439849854, 212.704162598, 128.787109375, 158.910491943, 181.166900635, 95.8978118896, -21.3054714203, -38.3942947388], [1689.75634766, 534.82434082, 8.23246383667, 81.8362350464, -23.278547287, 212.704162598, 528.267456055, 485.202087402, 241.184936523, 168.924423218, 174.206375122, 76.1530380249, -77.0683822632], [2165.62475586, 643.838439941, -109.504631042, 129.854278564, 67.4490203857, 128.787109375, 485.202087402, 723.416320801, 454.839294434, 167.436279297, 132.284973145, 148.438140869, -2.43375515938], [1427.5435791, 629.430969238, -100.196533203, 56.5410003662, 188.099411011, 158.910491943, 241.184936523, 454.839294434, 451.393310547, 216.255386353, 63.4232368469, 66.6578979492, 49.5591812134], [887.239929199, 447.573730469, -3.7814552784, -0.882609367371, 106.543487549, 181.166900635, 168.924423218, 167.436279297, 216.255386353, 236.584686279, 113.955825806, -7.11668777466, -10.5905647278], [624.137756348, 244.379714966, 44.0940742493, 17.5504970551, -4.76007699966, 95.8978118896, 174.206375122, 132.284973145, 63.4232368469, 113.955825806, 163.711593628, 62.1991653442, -44.8633842468], [299.438110352, 66.7682266235, 9.45916461945, 55.4312438965, 3.21089196205, -21.3054714203, 76.1530380249, 148.438140869, 66.6578979492, -7.11668777466, 62.1991653442, 135.873687744, 48.4956550598], [-230.322738647, -51.55834198, -1.07791614532, 35.6821403503, 50.5163154602, -38.3942947388, -77.0683822632, -2.43375515938, 49.5591812134, -10.5905647278, -44.8633842468, 48.4956550598, 137.244277954]],
