{
"lowlevel": {
    "average_loudness": 0.343001723289,
    "barkbands_crest": {
        "dmean": 2.6063144207,
        "dmean2": 4.11288499832,
        "dvar": 5.25124979019,
        "dvar2": 13.7526741028,
        "max": 25.8806419373,
        "mean": 11.9721546173,
        "median": 11.2353439331,
        "min": 1.85765171051,
        "var": 20.8133296967
    },
    "barkbands_flatness_db": {
        "dmean": 0.0239793304354,
        "dmean2": 0.0365419201553,
        "dvar": 0.000602175074164,
        "dvar2": 0.00139415543526,
        "max": 0.537120044231,
        "mean": 0.232513740659,
        "median": 0.218236982822,
        "min": 0.00857020355761,
        "var": 0.00864374171942
    },
    "barkbands_kurtosis": {
        "dmean": 3.31273198128,
        "dmean2": 5.22648954391,
        "dvar": 55.3121299744,
        "dvar2": 144.161193848,
        "max": 177.422943115,
        "mean": 5.82002830505,
        "median": 2.28669428825,
        "min": -1.94928443432,
        "var": 122.172660828
    },
    "barkbands_skewness": {
        "dmean": 0.520524024963,
        "dmean2": 0.794381558895,
        "dvar": 0.327076494694,
        "dvar2": 0.8213326931,
        "max": 10.9749889374,
        "mean": 1.57471096516,
        "median": 1.28724479675,
        "min": -3.11000132561,
        "var": 1.91290640831
    },
    "barkbands_spread": {
        "dmean": 2.76287698746,
        "dmean2": 4.2427740097,
        "dvar": 12.1187181473,
        "dvar2": 27.5084609985,
        "max": 139.649856567,
        "mean": 12.2938947678,
        "median": 10.3685665131,
        "min": 0.396460443735,
        "var": 107.571472168
    },
    "dissonance": {
        "dmean": 0.0305257625878,
        "dmean2": 0.0508591681719,
        "dvar": 0.000849833071698,
        "dvar2": 0.00229590712115,
        "max": 0.500000119209,
        "mean": 0.434580028057,
        "median": 0.445732325315,
        "min": 0.133906036615,
        "var": 0.00248663383536
    },
    "dynamic_complexity": 5.59610652924,
    "erbbands_crest": {
        "dmean": 2.66314983368,
        "dmean2": 4.17614793777,
        "dvar": 6.1842956543,
        "dvar2": 14.7076950073,
        "max": 31.923625946,
        "mean": 10.6139764786,
        "median": 9.66212081909,
        "min": 2.28515696526,
        "var": 21.1737442017
    },
    "erbbands_flatness_db": {
        "dmean": 0.0177814681083,
        "dmean2": 0.025422623381,
        "dvar": 0.000337787088938,
        "dvar2": 0.000669552944601,
        "max": 0.518827736378,
        "mean": 0.22826141119,
        "median": 0.222817599773,
        "min": 0.0446755513549,
        "var": 0.00554793700576
    },
    "erbbands_kurtosis": {
        "dmean": 1.15947294235,
        "dmean2": 1.78021121025,
        "dvar": 3.0948882103,
        "dvar2": 7.41279554367,
        "max": 80.7753829956,
        "mean": 1.22739136219,
        "median": 0.485557436943,
        "min": -1.81482160091,
        "var": 8.48053741455
    },
    "erbbands_skewness": {
        "dmean": 0.364229291677,
        "dmean2": 0.543185353279,
        "dvar": 0.110910385847,
        "dvar2": 0.24657908082,
        "max": 5.31794166565,
        "mean": 0.548484385014,
        "median": 0.526416897774,
        "min": -2.96536922455,
        "var": 0.606109321117
    },
    "erbbands_spread": {
        "dmean": 4.82815790176,
        "dmean2": 7.24932718277,
        "dvar": 33.6760253906,
        "dvar2": 75.3302841187,
        "max": 176.416213989,
        "mean": 25.3055725098,
        "median": 20.4330329895,
        "min": 0.661589622498,
        "var": 365.885925293
    },
    "hfc": {
        "dmean": 3.52137708664,
        "dmean2": 5.37139987946,
        "dvar": 74.4660720825,
        "dvar2": 184.143875122,
        "max": 194.305892944,
        "mean": 11.7743844986,
        "median": 6.52371549606,
        "min": 1.06538116657e-16,
        "var": 229.460906982
    },
    "melbands_crest": {
        "dmean": 3.39106988907,
        "dmean2": 5.49902820587,
        "dvar": 9.52800750732,
        "dvar2": 25.9811706543,
        "max": 36.214630127,
        "mean": 15.653470993,
        "median": 15.058757782,
        "min": 1.62065589428,
        "var": 30.6706981659
    },
    "melbands_flatness_db": {
        "dmean": 0.028199153021,
        "dmean2": 0.0427728816867,
        "dvar": 0.000863792782184,
        "dvar2": 0.00196015229449,
        "max": 0.702576756477,
        "mean": 0.332758009434,
        "median": 0.315068483353,
        "min": 0.00367799098603,
        "var": 0.0139907021075
    },
    "melbands_kurtosis": {
        "dmean": 6.20136022568,
        "dmean2": 9.80302524567,
        "dvar": 252.13710022,
        "dvar2": 602.333496094,
        "max": 606.744812012,
        "mean": 13.4270629883,
        "median": 5.22908449173,
        "min": -1.65619337559,
        "var": 720.509643555
    },
    "melbands_skewness": {
        "dmean": 0.629167020321,
        "dmean2": 0.962103128433,
        "dvar": 0.513380646706,
        "dvar2": 1.26006603241,
        "max": 21.0832519531,
        "mean": 2.34553337097,
        "median": 1.87342882156,
        "min": -2.27026939392,
        "var": 3.56451511383
    },
    "melbands_spread": {
        "dmean": 3.25877809525,
        "dmean2": 5.03774261475,
        "dvar": 21.8974781036,
        "dvar2": 49.4948005676,
        "max": 170.731536865,
        "mean": 13.1854906082,
        "median": 10.6805610657,
        "min": 0.291737735271,
        "var": 192.251525879
    },
    "pitch_salience": {
        "dmean": 0.0706144049764,
        "dmean2": 0.113668978214,
        "dvar": 0.00421177549288,
        "dvar2": 0.0112735610455,
        "max": 0.93634134531,
        "mean": 0.496865212917,
        "median": 0.49871841073,
        "min": 0.0994014367461,
        "var": 0.0127631844953
    },
    "silence_rate_20dB": {
        "dmean": 0,
        "dmean2": 0,
        "dvar": 0,
        "dvar2": 0,
        "max": 1,
        "mean": 1,
        "median": 1,
        "min": 1,
        "var": 0
    },
    "silence_rate_30dB": {
        "dmean": 0.0319517180324,
        "dmean2": 0.0639091059566,
        "dvar": 0.0309271961451,
        "dvar2": 0.0738516524434,
        "max": 1,
        "mean": 0.958288967609,
        "median": 1,
        "min": 0,
        "var": 0.0399708673358
    },
    "silence_rate_60dB": {
        "dmean": 0.020236087963,
        "dmean2": 0.0404757671058,
        "dvar": 0.019828658551,
        "dvar2": 0.0448810756207,
        "max": 1,
        "mean": 0.115903444588,
        "median": 0,
        "min": 0,
        "var": 0.102464362979
    },
    "spectral_centroid": {
        "dmean": 125.34903717,
        "dmean2": 191.738418579,
        "dvar": 59301.234375,
        "dvar2": 115809.15625,
        "max": 11563.5556641,
        "mean": 819.182189941,
        "median": 632.633911133,
        "min": 146.121841431,
        "var": 941730.875
    },
    "spectral_complexity": {
        "dmean": 2.10348796844,
        "dmean2": 3.31528496742,
        "dvar": 8.85992717743,
        "dvar2": 17.5085868835,
        "max": 63,
        "mean": 11.9430246353,
        "median": 11,
        "min": 0,
        "var": 65.3305130005
    },
    "spectral_decrease": {
        "dmean": 2.83980772231e-09,
        "dmean2": 4.58855753394e-09,
        "dvar": 3.24589709007e-17,
        "dvar2": 8.25260693264e-17,
        "max": 5.70133203226e-20,
        "mean": -7.65496643851e-09,
        "median": -4.66771643559e-09,
        "min": -8.50505088579e-08,
        "var": 7.57375237706e-17
    },
    "spectral_energy": {
        "dmean": 0.0109653444961,
        "dmean2": 0.0176869351417,
        "dvar": 0.000481319613755,
        "dvar2": 0.00122211233247,
        "max": 0.328750908375,
        "mean": 0.0299596115947,
        "median": 0.0183086246252,
        "min": 1.00932731824e-20,
        "var": 0.00114910735283
    },
    "spectral_energyband_high": {
        "dmean": 8.01717833383e-05,
        "dmean2": 0.000127070918097,
        "dvar": 7.96046535356e-08,
        "dvar2": 1.78435016096e-07,
        "max": 0.00619137985632,
        "mean": 0.000205845703022,
        "median": 1.40439151437e-05,
        "min": 6.7311753684e-21,
        "var": 3.257365222e-07
    },
    "spectral_energyband_low": {
        "dmean": 0.00823694653809,
        "dmean2": 0.0137950628996,
        "dvar": 0.000347892986611,
        "dvar2": 0.000904008396901,
        "max": 0.283226966858,
        "mean": 0.0151512883604,
        "median": 0.00701726321131,
        "min": 1.25453188735e-23,
        "var": 0.000555328442715
    },
    "spectral_energyband_middle_high": {
        "dmean": 0.00142960902303,
        "dmean2": 0.0022451847326,
        "dvar": 1.31524075186e-05,
        "dvar2": 3.41246304743e-05,
        "max": 0.0844248682261,
        "mean": 0.00343646598049,
        "median": 0.00128809711896,
        "min": 1.1600245807e-21,
        "var": 3.21996012644e-05
    },
    "spectral_energyband_middle_low": {
        "dmean": 0.00433467375115,
        "dmean2": 0.00669896276668,
        "dvar": 7.95188243501e-05,
        "dvar2": 0.000213495077332,
        "max": 0.168855458498,
        "mean": 0.0121873160824,
        "median": 0.00765904504806,
        "min": 1.5048032949e-22,
        "var": 0.00020448466239
    },
    "spectral_entropy": {
        "dmean": 0.172961190343,
        "dmean2": 0.258006453514,
        "dvar": 0.0354805663228,
        "dvar2": 0.0793384686112,
        "max": 9.82234287262,
        "mean": 6.72460460663,
        "median": 6.75849628448,
        "min": 4.14835548401,
        "var": 0.535557985306
    },
    "spectral_flux": {
        "dmean": 0.0226892456412,
        "dmean2": 0.0369747914374,
        "dvar": 0.00131346983835,
        "dvar2": 0.00286780041642,
        "max": 0.485680818558,
        "mean": 0.0716689154506,
        "median": 0.0579082928598,
        "min": 6.34519034537e-11,
        "var": 0.00344116054475
    },
    "spectral_kurtosis": {
        "dmean": 10.1340665817,
        "dmean2": 17.0925827026,
        "dvar": 327.095092773,
        "dvar2": 902.768493652,
        "max": 344.408996582,
        "mean": 27.0600738525,
        "median": 10.7879638672,
        "min": -1.50370490551,
        "var": 1894.38244629
    },
    "spectral_rms": {
        "dmean": 0.000815525010694,
        "dmean2": 0.00127226766199,
        "dvar": 1.41325324421e-06,
        "dvar2": 3.43014153259e-06,
        "max": 0.0179090090096,
        "mean": 0.00465514743701,
        "median": 0.00422635488212,
        "min": 3.13800829939e-12,
        "var": 7.55852670409e-06
    },
    "spectral_rolloff": {
        "dmean": 192.108016968,
        "dmean2": 325.509216309,
        "dvar": 321026.75,
        "dvar2": 741653.375,
        "max": 19659.8144531,
        "mean": 826.2109375,
        "median": 559.86328125,
        "min": 21.533203125,
        "var": 3231197
    },
    "spectral_skewness": {
        "dmean": 0.624044179916,
        "dmean2": 1.05223977566,
        "dvar": 0.707510709763,
        "dvar2": 1.9634706974,
        "max": 14.6977052689,
        "mean": 3.15782594681,
        "median": 2.41907262802,
        "min": -0.0770075842738,
        "var": 5.34730100632
    },
    "spectral_spread": {
        "dmean": 348186.40625,
        "dmean2": 539466.3125,
        "dvar": 737753432064,
        "dvar2": 1.35809387725e+12,
        "max": 50358416,
        "mean": 2985825.75,
        "median": 2409524,
        "min": 264431.25,
        "var": 1.26250070835e+13
    },
    "spectral_strongpeak": {
        "dmean": 0.371195197105,
        "dmean2": 0.639188051224,
        "dvar": 0.516638219357,
        "dvar2": 1.25803601742,
        "max": 19.3149738312,
        "mean": 0.625662922859,
        "median": 0.291154652834,
        "min": 0,
        "var": 0.861920773983
    },
    "zerocrossingrate": {
        "dmean": 0.00464372057468,
        "dmean2": 0.00585716450587,
        "dvar": 6.36025652057e-05,
        "dvar2": 8.92478274181e-05,
        "max": 0.52099609375,
        "mean": 0.0332287363708,
        "median": 0.0244140625,
        "min": 0.0009765625,
        "var": 0.00255776173435
    },
    "barkbands": {
        "dmean": [0.00123336852994, 0.00571559462696, 0.00268902885728, 0.00102316227276, 0.00180198031012, 0.00118037883658, 0.000496965309139, 0.00100660021417, 0.000560313346796, 0.000686886487529, 0.000536209496204, 0.000273729674518, 0.000181219424121, 0.000258826912614, 0.000131078180857, 0.000124786485685, 0.000117154988402, 5.81377789786e-05, 6.02114341746e-05, 4.91223909194e-05, 3.05061930703e-05, 2.42326204898e-05, 1.19349369925e-05, 7.06227547198e-06, 5.10019344802e-06, 3.08370840685e-06, 1.20894685551e-06],
        "dmean2": [0.00220218393952, 0.00961970537901, 0.00460863672197, 0.00184437632561, 0.00287231407128, 0.00187128456309, 0.000695110997185, 0.00135494675487, 0.000839794054627, 0.00101649214048, 0.00086741859559, 0.000434480927652, 0.000294217112241, 0.00040540608461, 0.00021400055266, 0.000201002316317, 0.000192063263967, 9.70071487245e-05, 9.84707148746e-05, 8.14062950667e-05, 4.98259796586e-05, 3.89154083678e-05, 1.89333550225e-05, 1.05890785562e-05, 7.17101011105e-06, 4.50814331998e-06, 1.67164250797e-06],
        "dvar": [1.91668550542e-05, 0.00013885255612, 9.03635736904e-05, 1.84894597623e-05, 1.55068973982e-05, 5.17439093528e-06, 1.38082225476e-06, 5.27284237251e-06, 2.9104078294e-06, 3.68627138414e-06, 2.16369244299e-06, 5.2464588407e-07, 4.12831440144e-07, 5.68251152799e-07, 1.95885732523e-07, 1.75313687123e-07, 1.4870970233e-07, 3.52420634897e-08, 3.60608893857e-08, 2.93498629844e-08, 1.35185880268e-08, 9.88053994178e-09, 3.21754245469e-09, 8.99555097078e-10, 8.68448590818e-10, 4.11292333524e-10, 1.15034010095e-10],
        "dvar2": [5.36769293831e-05, 0.00036326420377, 0.000252142985119, 5.4097512475e-05, 4.22344382969e-05, 1.38647010317e-05, 2.65490007223e-06, 9.1024885478e-06, 7.50190383769e-06, 7.97117536422e-06, 5.83183191338e-06, 1.30044099933e-06, 1.0753301467e-06, 1.38131542826e-06, 4.9137725e-07, 4.3596853061e-07, 3.94505832446e-07, 9.15020521575e-08, 8.58934185999e-08, 6.93949928632e-08, 3.22056195046e-08, 2.52550069746e-08, 8.62885762842e-09, 1.73324499197e-09, 1.18669485349e-09, 7.04094837989e-10, 1.84225940059e-10],
        "max": [0.0956372097135, 0.192105203867, 0.1673643291, 0.0866811499, 0.0893792659044, 0.045786164701, 0.0479135327041, 0.0817799791694, 0.0463916249573, 0.0616079010069, 0.0256460625678, 0.0157531034201, 0.0147678470239, 0.0190895646811, 0.0098138730973, 0.0178812891245, 0.00716950930655, 0.00373895186931, 0.00312138581648, 0.00336817186326, 0.00214052945375, 0.0029578730464, 0.00272612413391, 0.00160429521929, 0.00304855103604, 0.00192573328968, 0.00142692925874],
        "mean": [0.00127128185704, 0.00926672481, 0.00412819720805, 0.00117955741007, 0.00322569394484, 0.00226775906049, 0.0011043723207, 0.00219109863974, 0.00109326967504, 0.00137269427069, 0.000859408231918, 0.000455714442069, 0.00024718826171, 0.000356259348337, 0.0001840753539, 0.000169868057128, 0.000164750978001, 8.23329319246e-05, 8.59295469127e-05, 7.87990575191e-05, 5.48914249521e-05, 5.57702260267e-05, 2.32844231505e-05, 1.5633615476e-05, 1.39604808282e-05, 7.19508989278e-06, 3.94961534766e-06],
        "median": [0.000304147717543, 0.00479209795594, 0.000680709956214, 0.000257502950262, 0.00147360260598, 0.00105527997948, 0.000322168954881, 0.000458214024547, 0.000261267065071, 0.000210463826079, 0.000149627856445, 9.73022906692e-05, 4.3864507461e-05, 4.36361151515e-05, 3.17181220453e-05, 2.00818649319e-05, 1.89496095118e-05, 9.01259772945e-06, 9.51369747781e-06, 7.89838122728e-06, 3.33990942636e-06, 1.95359416466e-06, 6.59866486785e-07, 3.71556183154e-07, 1.30248963615e-07, 6.36188772773e-08, 1.09082094468e-08],
        "min": [5.57590307118e-25, 2.18857171645e-24, 8.02442575515e-25, 1.7410144401e-24, 1.00130469687e-23, 5.33494245085e-24, 9.25191610203e-24, 7.90610440937e-24, 1.22696159314e-23, 5.11220875755e-24, 1.20310344169e-23, 2.68711772738e-23, 2.21213132349e-23, 3.72144248514e-23, 4.17651961751e-23, 4.92085090235e-23, 7.85877685713e-23, 8.89454870133e-23, 1.37593851152e-22, 2.04923142034e-22, 2.23996385083e-22, 2.67890751552e-22, 3.91696626744e-22, 5.35063526084e-22, 9.05607371458e-22, 1.33778601745e-21, 1.91852648321e-21],
        "var": [1.57109716383e-05, 0.000190658160136, 0.000126195896883, 1.43830802699e-05, 2.51373276114e-05, 1.11691842903e-05, 7.26961889086e-06, 2.1315041522e-05, 5.40600103704e-06, 1.47759055835e-05, 4.03848162023e-06, 1.00613885934e-06, 4.8858333912e-07, 9.93631374513e-07, 2.32448229553e-07, 3.16231648867e-07, 1.79145473567e-07, 4.66356944173e-08, 5.43717426638e-08, 5.5342006533e-08, 3.05015568358e-08, 4.83598121548e-08, 8.85435369469e-09, 4.1796939243e-09, 1.09193827313e-08, 3.33652705464e-09, 2.53316168042e-09]
    },
    "erbbands": {
        "dmean": [0.241157203913, 1.07420742512, 2.63102555275, 3.59311270714, 3.4872879982, 6.87165307999, 11.7980413437, 7.57636260986, 6.74308395386, 17.3256320953, 16.186662674, 13.1327371597, 25.6015548706, 12.5957345963, 20.6848621368, 11.9406661987, 8.33126354218, 14.5123720169, 6.76477432251, 6.88020944595, 5.61573076248, 5.41167402267, 3.16387176514, 3.61303472519, 2.72921776772, 2.05891251564, 1.44356632233, 1.0520824194, 0.87806558609, 0.567800819874, 0.284128308296, 0.180660575628, 0.0999312922359, 0.061968293041, 0.0388553589582, 0.0162111055106, 0.00469386810437, 0.00135775352828, 0.000230691119214, 1.92831448658e-05],
        "dmean2": [0.412177592516, 1.79495692253, 4.49792385101, 6.19177532196, 5.80156326294, 11.0045461655, 19.6511497498, 11.2687883377, 9.07536506653, 23.6524658203, 22.4472675323, 19.8360309601, 37.7802696228, 20.1181087494, 32.920173645, 18.8257808685, 13.3473272324, 22.8602390289, 10.8636236191, 11.1643028259, 9.08816814423, 8.85369110107, 5.21462440491, 5.98668956757, 4.5266866684, 3.42463636398, 2.33455872536, 1.6990531683, 1.41664636135, 0.927789330482, 0.44213706255, 0.281618237495, 0.141968026757, 0.0897724404931, 0.0488515011966, 0.0221591293812, 0.00683186762035, 0.00182191154454, 0.000285482645268, 3.00959618471e-05],
        "dvar": [0.329173535109, 4.5284318924, 77.3952941895, 208.665771484, 106.286590576, 231.47416687, 633.371459961, 229.951324463, 187.95211792, 1765.51403809, 1148.95336914, 1800.07556152, 5245.53564453, 1528.42565918, 3706.44213867, 1025.18347168, 742.711791992, 1742.75634766, 563.734924316, 490.449707031, 256.663085938, 405.464416504, 101.936271667, 129.60446167, 97.4642791748, 56.9751930237, 28.6891040802, 17.2237205505, 13.3639154434, 6.32153224945, 2.06973552704, 0.628896653652, 0.250557094812, 0.129019841552, 0.102507956326, 0.0141926398501, 0.000935461313929, 0.000139053896419, 4.95454423799e-06, 3.64051788715e-09],
        "dvar2": [0.85277736187, 12.1786317825, 215.459213257, 591.455444336, 289.851318359, 626.319580078, 1809.20153809, 548.779052734, 360.299499512, 3122.25805664, 2276.08911133, 4680.88818359, 11203.4775391, 4026.63720703, 9811.27832031, 2475.01147461, 1908.79296875, 4306.70458984, 1449.86682129, 1240.82128906, 665.169921875, 1093.43920898, 259.759735107, 333.286987305, 231.570159912, 135.4947052, 72.3239898682, 38.2538414001, 35.2067146301, 16.0483112335, 5.74407625198, 1.53770017624, 0.325422078371, 0.200103670359, 0.0875193104148, 0.0191554389894, 0.00173713988625, 0.000225090014283, 5.72696535528e-06, 8.38582181473e-09],
        "max": [11.1790981293, 37.3283195496, 144.539749146, 293.781311035, 225.471725464, 373.36630249, 694.242492676, 357.800811768, 337.722473145, 1474.48352051, 801.93548584, 1219.3236084, 2431.9152832, 1034.31298828, 1191.71789551, 806.360656738, 624.409057617, 1012.55230713, 675.039428711, 917.469360352, 303.274353027, 432.289428711, 225.266159058, 258.178436279, 198.212280273, 158.546890259, 93.8908843994, 77.5827713013, 102.967666626, 109.667770386, 93.8711013794, 40.9033279419, 45.6418037415, 35.7086029053, 40.6409225464, 14.1554832458, 3.11996626854, 1.46791136265, 0.340418159962, 0.00395631417632],
        "mean": [0.345574170351, 1.80919003487, 4.1561293602, 5.2667798996, 4.961165905, 11.8208351135, 19.6041755676, 15.9050397873, 15.6622447968, 37.8793640137, 36.4660148621, 27.0263214111, 52.3550758362, 22.9671096802, 32.1998786926, 20.6287956238, 12.8244113922, 20.837387085, 9.88088226318, 10.644276619, 8.33010482788, 7.72198486328, 4.82239580154, 5.30894470215, 4.12093496323, 3.35890102386, 2.37507772446, 2.23266983032, 1.93725800514, 1.25743234158, 0.585465729237, 0.366716474295, 0.22925798595, 0.151969775558, 0.1073859483, 0.0393361411989, 0.0111584076658, 0.00416807923466, 0.000750686391257, 5.12979859195e-05],
        "median": [0.154460251331, 0.942098975182, 0.941146850586, 1.04642820358, 1.64706373215, 5.08854007721, 9.63711929321, 7.08987140656, 5.49521875381, 6.83535194397, 9.78619003296, 7.34200286865, 7.62136602402, 4.95306015015, 5.9304561615, 5.10428524017, 2.97191905975, 3.19224214554, 2.12875199318, 1.85760879517, 1.48046326637, 0.925830960274, 0.67029774189, 0.556565999985, 0.433799266815, 0.35776746273, 0.196658730507, 0.120915815234, 0.0753680542111, 0.0402907729149, 0.0181717388332, 0.00920527242124, 0.00465567363426, 0.0019687009044, 0.000768668949604, 0.000314207689371, 0.000117646348372, 2.11509814108e-05, 1.63372933457e-05, 2.27685995924e-05],
        "min": [9.24332871999e-23, 6.91199571745e-22, 1.45915629407e-21, 5.13246102264e-21, 1.12013737014e-20, 2.61699831752e-20, 5.71167954474e-20, 5.47520217854e-20, 1.43276044373e-19, 1.45109154159e-19, 2.1929915132e-19, 3.42234423765e-19, 4.40410396868e-19, 1.0765812541e-18, 7.3925767239e-19, 1.35670824329e-18, 1.63560107901e-18, 2.14756228867e-18, 1.97885921633e-18, 2.52961778166e-18, 3.43266677961e-18, 4.76502727176e-18, 5.66941774987e-18, 5.45618795875e-18, 8.22161446032e-18, 1.00032672012e-17, 9.1345521957e-18, 7.78415999337e-18, 8.47400711755e-18, 1.03207531823e-17, 1.23649695932e-17, 9.05419242637e-18, 8.67747865898e-18, 7.91455591796e-18, 7.01043923663e-18, 4.7083012933e-18, 2.45138655484e-18, 8.73615843805e-19, 2.29939020443e-19, 2.67705066064e-20],
        "var": [0.378530979156, 6.92997646332, 107.898750305, 251.153152466, 143.978881836, 372.367462158, 913.014831543, 616.171264648, 808.324890137, 7204.73974609, 4415.13476562, 3178.73803711, 21984.3203125, 3107.7800293, 6066.12207031, 2019.34631348, 1000.82312012, 2963.2265625, 607.881164551, 881.441223145, 385.421783447, 423.627227783, 145.741226196, 191.802734375, 148.221450806, 99.169670105, 49.8283462524, 61.1784248352, 57.1551628113, 24.7826347351, 6.4879860878, 2.29926896095, 1.66190898418, 1.00284516811, 1.25349593163, 0.140599548817, 0.0100856125355, 0.00233821291476, 0.00010767038475, 2.21819664858e-08]
    },
    "gfcc": {
        "mean": [-113.890197754, 169.133834839, -104.716407776, 13.3540945053, -41.9572029114, 2.09660577774, -16.3587627411, 1.17249810696, -9.09447193146, -0.647935807705, -4.58617115021, -1.14266526699, -0.335035592318],
        "cov": [[24370.9472656, -1235.1986084, -2644.68652344, 1690.13293457, -1119.40576172, 560.456665039, -359.177368164, 417.15625, -220.978347778, 309.666015625, -364.241577148, -23.4427757263, -174.262359619], [-1235.1986084, 3211.01831055, 70.3704376221, -924.964477539, 733.642822266, -511.18182373, 274.463500977, -419.451416016, 210.162826538, -281.485168457, 287.632537842, -131.789810181, 159.294204712], [-2644.68652344, 70.3704376221, 1343.90563965, -232.195236206, 151.589614868, 76.4553070068, -60.1833953857, 32.6699676514, -76.1568069458, -23.7435379028, -16.1493835449, 24.4069480896, -21.4797267914], [1690.13293457, -924.964477539, -232.195236206, 871.33984375, -245.7787323, 175.469848633, -12.2355051041, 112.779174805, 0.0690684467554, 47.8397026062, -93.2978057861, -17.0965824127, -64.7785797119], [-1119.40576172, 733.642822266, 151.589614868, -245.7787323, 502.10369873, -111.490356445, 122.966964722, -65.227935791, 76.0822677612, -71.5868759155, 58.8404960632, -49.9777908325, 10.19181633], [560.456665039, -511.18182373, 76.4553070068, 175.469848633, -111.490356445, 312.977874756, -56.3040084839, 108.618156433, -23.1434230804, 45.8766288757, -42.083026886, 1.13109076023, -31.1163330078], [-359.177368164, 274.463500977, -60.1833953857, -12.2355051041, 122.966964722, -56.3040084839, 201.572418213, -30.7623977661, 56.4578895569, -26.6856784821, 26.9962329865, -22.9586162567, 8.47966766357], [417.15625, -419.451416016, 32.6699676514, 112.779174805, -65.227935791, 108.618156433, -30.7623977661, 206.91456604, 3.73706507683, 42.8942222595, -35.3177719116, 17.988899231, -22.9055747986], [-220.978347778, 210.162826538, -76.1568069458, 0.0690684467554, 76.0822677612, -23.1434230804, 56.4578895569, 3.73706507683, 149.818496704, -4.60669755936, 30.8962230682, -31.8732662201, 5.55911397934], [309.666015625, -281.485168457, -23.7435379028, 47.8397026062, -71.5868759155, 45.8766288757, -26.6856784821, 42.8942222595, -4.60669755936, 116.372680664, -3.91812372208, 15.971036911, -12.6330337524], [-364.241577148, 287.632537842, -16.1493835449, -93.2978057861, 58.8404960632, -42.083026886, 26.9962329865, -35.3177719116, 30.8962230682, -3.91812372208, 127.094177246, 23.7576217651, 29.7218780518], [-23.4427757263, -131.789810181, 24.4069480896, -17.0965824127, -49.9777908325, 1.13109076023, -22.9586162567, 17.988899231, -31.8732662201, 15.971036911, 23.7576217651, 102.163650513, 27.9798812866], [-174.262359619, 159.294204712, -21.4797267914, -64.7785797119, 10.19181633, -31.1163330078, 8.47966766357, -22.9055747986, 5.55911397934, -12.6330337524, 29.7218780518, 27.9798812866, 90.3227539062]],
        "icov": [[9.30016321945e-05, -0.000219543406274, 0.00019194946799, -0.000195248139789, 0.000113125119242, -0.000173705149791, 0.000157712653163, -0.000243712347583, 0.000271532975603, -0.000320965395076, 0.000346876913682, -0.0002085857559, 0.000211886610487], [-0.000219543406274, 0.00180959980935, -0.000479378475575, 0.00113219360355, -0.00085037923418, 0.000998814008199, -0.000650546047837, 0.00151984370314, -0.00130432681181, 0.00221631512977, -0.00229881121777, 0.00193443603348, -0.00148298079148], [0.00019194946799, -0.000479378475575, 0.00130208255723, -0.000173646694748, -0.000159918577992, -0.000721836753655, 0.000581853324547, -0.000660490128212, 0.000989542924799, -0.000513324572239, 0.00091177993454, -0.000766941229813, 0.00075297721196], [-0.000195248139789, 0.00113219360355, -0.000173646694748, 0.00243347347714, 0.000110332126496, 5.814096221e-05, -0.000944054976571, 0.000682263635099, -0.00118228653446, 0.00153123692144, -0.00084431853611, 0.00123314978555, -0.00021748286963], [0.000113125119242, -0.00085037923418, -0.000159918577992, 0.000110332126496, 0.00374360801652, -8.13376900624e-05, -0.00109165452886, -0.000774726271629, -0.000255769089563, 1.19997712318e-05, 0.000335885299137, 0.000264482223429, 0.001039632014], [-0.000173705149791, 0.000998814008199, -0.000721836753655, 5.814096221e-05, -8.13376900624e-05, 0.00519149331376, 0.000115453876788, -0.000836922903545, -0.00051466783043, 0.000571035197936, -0.00134156108834, 0.001744043082, -0.000639302073978], [0.000157712653163, -0.000650546047837, 0.000581853324547, -0.000944054976571, -0.00109165452886, 0.000115453876788, 0.00693909777328, -0.000340665166732, -0.000794742198195, -0.00041720061563, 0.000463773438241, -0.0003875826078, 0.000296016485663], [-0.000243712347583, 0.00151984370314, -0.000660490128212, 0.000682263635099, -0.000774726271629, -0.000836922903545, -0.000340665166732, 0.00810731016099, -0.00257655256428, 0.000582192209549, -0.000505950360093, -0.000361307465937, -0.000412882654928], [0.000271532975603, -0.00130432681181, 0.000989542924799, -0.00118228653446, -0.000255769089563, -0.00051466783043, -0.000794742198195, -0.00257655256428, 0.010218732059, -0.00220254459418, -0.000526848656591, 0.0017031513853, 0.000193139683688], [-0.000320965395076, 0.00221631512977, -0.000513324572239, 0.00153123692144, 1.19997712318e-05, 0.000571035197936, -0.00041720061563, 0.000582192209549, -0.00220254459418, 0.0131359286606, -0.00363670079969, 0.00117203034461, -0.000363214756362], [0.000346876913682, -0.00229881121777, 0.00091177993454, -0.00084431853611, 0.000335885299137, -0.00134156108834, 0.000463773438241, -0.000505950360093, -0.000526848656591, -0.00363670079969, 0.0137101085857, -0.00578444683924, 0.000466999510536], [-0.0002085857559, 0.00193443603348, -0.000766941229813, 0.00123314978555, 0.000264482223429, 0.001744043082, -0.0003875826078, -0.000361307465937, 0.0017031513853, 0.00117203034461, -0.00578444683924, 0.0159302800894, -0.00556854391471], [0.000211886610487, -0.00148298079148, 0.00075297721196, -0.00021748286963, 0.001039632014, -0.000639302073978, 0.000296016485663, -0.000412882654928, 0.000193139683688, -0.000363214756362, 0.000466999510536, -0.00556854391471, 0.015157295391]]
    },
    "melbands": {
        "dmean": [0.00182521122042, 0.0012816657545, 0.000588538532611, 0.000342767132679, 0.000389974680729, 0.00018229795387, 0.000104503262264, 0.000206332260859, 0.000131106397021, 8.28378761071e-05, 0.000126780782011, 4.72143910883e-05, 6.32962401141e-05, 3.78695767722e-05, 2.75313122984e-05, 1.84469736269e-05, 3.07150075969e-05, 1.05182798507e-05, 1.03892889456e-05, 1.12640263978e-05, 6.28861153018e-06, 6.76850413583e-06, 3.33646312356e-06, 2.88822820949e-06, 3.16712043968e-06, 1.96005134967e-06, 2.2043577701e-06, 1.28172439418e-06, 1.01405476016e-06, 8.52606262924e-07, 6.67682229505e-07, 6.56579288716e-07, 3.72124503656e-07, 3.22094479088e-07, 1.81036043045e-07, 1.28367972252e-07, 1.16212497403e-07, 7.8329762232e-08, 6.25037017699e-08, 5.62057707043e-08],
        "dmean2": [0.0030954007525, 0.00215662852861, 0.000999966170639, 0.000558224739507, 0.000635452277493, 0.000272944336757, 0.00013968233543, 0.000279703992419, 0.000184693941264, 0.000125270846183, 0.000187341618584, 7.58444803068e-05, 0.000101923171314, 5.94778284722e-05, 4.40539442934e-05, 2.97789956676e-05, 4.81197421323e-05, 1.69375907717e-05, 1.68535316334e-05, 1.81044506462e-05, 1.02744133983e-05, 1.10863848022e-05, 5.48521120436e-06, 4.80066501041e-06, 5.27776273884e-06, 3.22863934343e-06, 3.66359813597e-06, 2.14744409277e-06, 1.65853055023e-06, 1.43053478041e-06, 1.07713924535e-06, 1.06343100015e-06, 5.93195238707e-07, 5.26844189608e-07, 2.84818440832e-07, 2.04754940114e-07, 1.80299167596e-07, 1.12274669561e-07, 9.02917278722e-08, 8.28722264146e-08],
        "dvar": [1.64580251294e-05, 1.27210305436e-05, 5.00894611832e-06, 7.51025538648e-07, 6.49239325412e-07, 1.22778999412e-07, 4.83109481308e-08, 2.60986695366e-07, 8.27588237939e-08, 6.87443559855e-08, 1.29316873654e-07, 2.24277023619e-08, 3.21190398722e-08, 9.1352285736e-09, 8.69540617288e-09, 4.83144502184e-09, 7.75781838769e-09, 1.47298551134e-09, 1.17364140628e-09, 1.4408984006e-09, 3.71806641031e-10, 5.96931282182e-10, 1.21532062192e-10, 8.9021373606e-11, 9.82117651094e-11, 5.64003670156e-11, 6.4689351098e-11, 2.56080764233e-11, 1.42125096414e-11, 8.88726852527e-12, 7.3076779003e-12, 7.85080767757e-12, 2.73137285359e-12, 2.48622043092e-12, 6.93023004435e-13, 8.60180253848e-13, 2.30212713042e-13, 1.49035203124e-13, 1.19975779528e-13, 1.59316949824e-13],
        "dvar2": [4.27671257057e-05, 3.4501470509e-05, 1.41091950354e-05, 2.04988077712e-06, 1.8237809627e-06, 2.9689084613e-07, 8.97795899846e-08, 4.52495669379e-07, 1.74400568653e-07, 1.75683425141e-07, 2.76810226296e-07, 5.89411150997e-08, 8.5499024749e-08, 2.31467929268e-08, 2.23245102404e-08, 1.22418946091e-08, 1.8649448208e-08, 3.84494125427e-09, 2.93480950653e-09, 3.61078944522e-09, 9.75155955985e-10, 1.60225999135e-09, 3.2223632096e-10, 2.35182706643e-10, 2.55409554617e-10, 1.35094185838e-10, 1.57821325453e-10, 6.40455674605e-11, 3.69355414309e-11, 2.25713683855e-11, 1.67782975014e-11, 2.05988594237e-11, 7.18104959177e-12, 6.48256361785e-12, 1.81157779749e-12, 2.48320266259e-12, 5.24207467798e-13, 2.06859323507e-13, 1.63443314872e-13, 2.45627547165e-13],
        "max": [0.077416010201, 0.0625963658094, 0.0430339314044, 0.0178493410349, 0.0243832487613, 0.00728411460295, 0.0073454095982, 0.0186745114625, 0.00794652104378, 0.00706032849848, 0.0120037551969, 0.00387868611142, 0.00322119100019, 0.00170408759732, 0.00284169334918, 0.00179009279236, 0.00232462212443, 0.00115340470802, 0.000880054023582, 0.00166344002355, 0.000441692158347, 0.000526532705408, 0.000207310426049, 0.000178200556547, 0.000219968453166, 0.000152332911966, 0.00015216821339, 0.000141563155921, 7.43211858207e-05, 5.30302095285e-05, 5.96096651861e-05, 7.06082137185e-05, 9.01685416466e-05, 4.35462789028e-05, 4.11875516875e-05, 6.92507237545e-05, 2.10691123357e-05, 3.15041470458e-05, 3.29735448759e-05, 3.9413520426e-05],
        "mean": [0.00287566636689, 0.0022806643974, 0.000893169490155, 0.000554045895115, 0.000699476688169, 0.000381815392757, 0.000240730616497, 0.000447507307399, 0.000283479137579, 0.000166676109075, 0.000253871927271, 7.93140643509e-05, 0.000100681769254, 6.34551033727e-05, 4.23017190769e-05, 2.42818168772e-05, 4.28108105552e-05, 1.42564849739e-05, 1.49897723531e-05, 1.55780617206e-05, 8.75809928402e-06, 9.36880314839e-06, 4.440763405e-06, 4.20899095843e-06, 4.39214772996e-06, 2.54670931099e-06, 3.31000933329e-06, 1.95747611542e-06, 1.56074884217e-06, 1.28968451918e-06, 1.37836389058e-06, 1.28223427964e-06, 7.71672716837e-07, 6.3785716975e-07, 3.34778491151e-07, 2.5633235623e-07, 2.10177020676e-07, 1.57785578381e-07, 1.39136162147e-07, 1.24758571474e-07],
        "median": [0.00146695424337, 0.000849411066156, 0.000212250626646, 0.000235119994613, 0.000354453397449, 0.000172529777046, 7.60740658734e-05, 7.37190275686e-05, 7.16326467227e-05, 4.14622190874e-05, 3.3621367038e-05, 1.49706183947e-05, 1.72876025317e-05, 1.48575563799e-05, 8.2636706793e-06, 3.63072194887e-06, 5.45043212696e-06, 2.88734554488e-06, 2.11059159483e-06, 1.8074408672e-06, 1.38059203891e-06, 9.17948625556e-07, 6.53509403037e-07, 4.34250921444e-07, 4.1064632228e-07, 2.1890727453e-07, 2.88209207611e-07, 2.02887022738e-07, 1.29725577835e-07, 7.33583860324e-08, 6.31553902508e-08, 4.43026522134e-08, 2.69354885063e-08, 1.767218194e-08, 1.01159596255e-08, 6.24953333528e-09, 4.80215556209e-09, 3.24135829288e-09, 2.26597096642e-09, 1.3052665615e-09],
        "min": [9.08273147027e-25, 1.43686694873e-24, 1.28673508276e-24, 1.95583921118e-24, 2.40208658399e-24, 1.29027726544e-24, 2.02319629679e-24, 1.33076880545e-24, 1.57079245625e-24, 1.83406472539e-24, 1.98683848653e-24, 3.54832238409e-24, 1.91133010118e-24, 2.96457497778e-24, 3.00940633745e-24, 3.95987151278e-24, 3.69511559349e-24, 2.78462988884e-24, 2.74579032217e-24, 2.98453414475e-24, 3.28808091855e-24, 4.01396764935e-24, 3.84472069758e-24, 4.58139372076e-24, 3.93755187676e-24, 4.69189065104e-24, 4.77711563337e-24, 5.93292189397e-24, 4.186243827e-24, 4.72955954813e-24, 4.05472690904e-24, 4.08608807432e-24, 5.66320206744e-24, 4.48400844758e-24, 5.4275803591e-24, 5.71853198247e-24, 5.18590572104e-24, 5.66402169392e-24, 5.90919690225e-24, 6.34976151832e-24],
        "var": [2.05862579605e-05, 1.98418038053e-05, 5.88174088989e-06, 9.77088689069e-07, 1.07564517293e-06, 3.36750417773e-07, 2.36765146155e-07, 1.04167622794e-06, 2.84146665308e-07, 1.31037793949e-07, 5.35214098818e-07, 4.26474286996e-08, 5.60431949737e-08, 1.71138356819e-08, 1.41897364969e-08, 5.95404570092e-09, 1.42019533911e-08, 1.48429468716e-09, 1.56339541313e-09, 2.73291411723e-09, 4.97941632371e-10, 6.46786957326e-10, 1.34816338648e-10, 1.25488369696e-10, 1.42700851136e-10, 7.27700608105e-11, 1.15071882578e-10, 3.78587959593e-11, 2.31724448657e-11, 1.53534893133e-11, 2.91528710894e-11, 2.82196002677e-11, 1.16108242812e-11, 6.88156606352e-12, 2.21913091202e-12, 2.35515123029e-12, 7.49586319664e-13, 8.22257951831e-13, 8.2662934657e-13, 1.08946835928e-12]
    },
    "mfcc": {
        "mean": [-748.69317627, 189.384140015, 8.65734577179, 20.3853397369, -0.445904165506, 7.15971326828, 2.24551701546, 4.4443526268, 4.21429586411, 2.77108716965, 1.56254208088, 2.17012500763, 1.99685394764],
        "cov": [[14123.9570312, -560.889526367, -2061.36938477, 892.09967041, -485.577972412, 136.382522583, -132.131240845, 102.784622192, 98.6353378296, 241.847671509, 18.5301990509, 59.6473045349, 88.8288497925], [-560.889526367, 2952.41064453, -122.617736816, -319.252716064, 193.729522705, 11.6824226379, 61.5279464722, -101.30947876, -50.2770080566, -103.075431824, -38.3006439209, 13.6140737534, 14.6026000977], [-2061.36938477, -122.617736816, 1217.41149902, -141.796554565, 138.664978027, 23.7177429199, 42.262638092, 29.6069469452, -19.5944633484, -55.9574432373, -20.8738746643, -20.6335544586, -24.4729404449], [892.09967041, -319.252716064, -141.796554565, 476.545623779, -42.7386436462, 46.9685096741, 2.46458792686, 34.8313713074, 29.1598892212, 21.5603981018, 41.2212562561, 2.69366383553, 3.27221632004], [-485.577972412, 193.729522705, 138.664978027, -42.7386436462, 253.832183838, 37.7704391479, 34.1703453064, 33.2168235779, 17.379907608, 22.0255088806, 23.2660961151, 6.78586530685, -11.9640045166], [136.382522583, 11.6824226379, 23.7177429199, 46.9685096741, 37.7704391479, 146.180480957, 31.2849445343, 16.4162406921, 6.89721441269, 12.0006189346, 10.5761623383, 2.83858585358, 4.64870023727], [-132.131240845, 61.5279464722, 42.262638092, 2.46458792686, 34.1703453064, 31.2849445343, 123.294441223, 28.1989326477, 7.98750209808, 0.891517758369, 1.3495041132, 0.0235110521317, 4.29568386078], [102.784622192, -101.30947876, 29.6069469452, 34.8313713074, 33.2168235779, 16.4162406921, 28.1989326477, 132.511169434, 38.5031242371, 16.6990184784, 20.9101257324, 12.5857925415, 3.02492690086], [98.6353378296, -50.2770080566, -19.5944633484, 29.1598892212, 17.379907608, 6.89721441269, 7.98750209808, 38.5031242371, 110.149139404, 44.0436706543, 15.6299800873, 4.87181901932, 0.17343723774], [241.847671509, -103.075431824, -55.9574432373, 21.5603981018, 22.0255088806, 12.0006189346, 0.891517758369, 16.6990184784, 44.0436706543, 116.30997467, 40.0074729919, 8.15967082977, -8.07654476166], [18.5301990509, -38.3006439209, -20.8738746643, 41.2212562561, 23.2660961151, 10.5761623383, 1.3495041132, 20.9101257324, 15.6299800873, 40.0074729919, 94.7316818237, 28.4668159485, -6.63014364243], [59.6473045349, 13.6140737534, -20.6335544586, 2.69366383553, 6.78586530685, 2.83858585358, 0.0235110521317, 12.5857925415, 4.87181901932, 8.15967082977, 28.4668159485, 85.7630691528, 32.1539077759], [88.8288497925, 14.6026000977, -24.4729404449, 3.27221632004, -11.9640045166, 4.64870023727, 4.29568386078, 3.02492690086, 0.17343723774, -8.07654476166, -6.63014364243, 32.1539077759, 91.0387878418]],
