{
"lowlevel": {
    "average_loudness": 0.00363116618246,
    "barkbands_crest": {
        "dmean": 1.57201564312,
        "dmean2": 2.47037053108,
        "dvar": 3.55076694489,
        "dvar2": 9.09005641937,
        "max": 26.8431949615,
        "mean": 15.8622903824,
        "median": 15.430480957,
        "min": 3.78866863251,
        "var": 24.7858181
    },
    "barkbands_flatness_db": {
        "dmean": 0.0155076384544,
        "dmean2": 0.024035807699,
        "dvar": 0.000268340867478,
        "dvar2": 0.000611334631685,
        "max": 0.605189442635,
        "mean": 0.408082395792,
        "median": 0.420083045959,
        "min": 0.0641663894057,
        "var": 0.00495691318065
    },
    "barkbands_kurtosis": {
        "dmean": 3.33195376396,
        "dmean2": 5.01949119568,
        "dvar": 92.710067749,
        "dvar2": 219.853500366,
        "max": 670.756225586,
        "mean": 10.6581478119,
        "median": 4.880610466,
        "min": -1.80460727215,
        "var": 546.417114258
    },
    "barkbands_skewness": {
        "dmean": 0.422420650721,
        "dmean2": 0.639985084534,
        "dvar": 0.396337896585,
        "dvar2": 0.978233397007,
        "max": 18.4518146515,
        "mean": 1.45552647114,
        "median": 1.27464723587,
        "min": -10.7112817764,
        "var": 2.4989771843
    },
    "barkbands_spread": {
        "dmean": 0.545187354088,
        "dmean2": 0.858986735344,
        "dvar": 3.40957069397,
        "dvar2": 9.39100551605,
        "max": 80.2976837158,
        "mean": 2.65744042397,
        "median": 1.96105599403,
        "min": 0.0497418008745,
        "var": 10.8700733185
    },
    "dissonance": {
        "dmean": 0.0401859767735,
        "dmean2": 0.0680129230022,
        "dvar": 0.00189823063556,
        "dvar2": 0.0049182982184,
        "max": 0.499999970198,
        "mean": 0.333299219608,
        "median": 0.341168880463,
        "min": 0.051968306303,
        "var": 0.00723768072203
    },
    "dynamic_complexity": 10.0338983536,
    "erbbands_crest": {
        "dmean": 1.55664873123,
        "dmean2": 2.37039113045,
        "dvar": 3.90023970604,
        "dvar2": 8.79346084595,
        "max": 32.9118080139,
        "mean": 15.5394916534,
        "median": 13.8981666565,
        "min": 1.85163068771,
        "var": 41.4611549377
    },
    "erbbands_flatness_db": {
        "dmean": 0.0115067800507,
        "dmean2": 0.017815278843,
        "dvar": 0.00016869213141,
        "dvar2": 0.000338009820553,
        "max": 0.581587016582,
        "mean": 0.403157234192,
        "median": 0.413549125195,
        "min": 0.0198582205921,
        "var": 0.005017997697
    },
    "erbbands_kurtosis": {
        "dmean": 1.26342582703,
        "dmean2": 1.80106735229,
        "dvar": 7.30795669556,
        "dvar2": 12.3882875443,
        "max": 166.888442993,
        "mean": 5.08897304535,
        "median": 1.85485506058,
        "min": -1.50475883484,
        "var": 98.8167877197
    },
    "erbbands_skewness": {
        "dmean": 0.243528217077,
        "dmean2": 0.354595214128,
        "dvar": 0.100913375616,
        "dvar2": 0.205367028713,
        "max": 6.86585092545,
        "mean": 1.06511926651,
        "median": 0.943140506744,
        "min": -4.77600860596,
        "var": 1.42815518379
    },
    "erbbands_spread": {
        "dmean": 0.979450643063,
        "dmean2": 1.50959515572,
        "dvar": 4.07587862015,
        "dvar2": 10.3964262009,
        "max": 128.694107056,
        "mean": 8.04746055603,
        "median": 5.91990089417,
        "min": 0.295626819134,
        "var": 139.855102539
    },
    "hfc": {
        "dmean": 0.816604614258,
        "dmean2": 1.08516466618,
        "dvar": 12.7328462601,
        "dvar2": 20.0519504547,
        "max": 224.383499146,
        "mean": 4.73944234848,
        "median": 0.750995755196,
        "min": 1.18380305622e-16,
        "var": 155.503433228
    },
    "melbands_crest": {
        "dmean": 1.96769118309,
        "dmean2": 3.08993649483,
        "dvar": 5.86667299271,
        "dvar2": 15.0860118866,
        "max": 37.6557273865,
        "mean": 18.7905158997,
        "median": 18.0363273621,
        "min": 2.45908784866,
        "var": 37.1147270203
    },
    "melbands_flatness_db": {
        "dmean": 0.0162573736161,
        "dmean2": 0.0250575523823,
        "dvar": 0.000300972082186,
        "dvar2": 0.000672915601172,
        "max": 0.714633107185,
        "mean": 0.527138590813,
        "median": 0.54458552599,
        "min": 0.00966525543481,
        "var": 0.00699436990544
    },
    "melbands_kurtosis": {
        "dmean": 2.99182510376,
        "dmean2": 4.68609476089,
        "dvar": 173.873535156,
        "dvar2": 481.127044678,
        "max": 542.70300293,
        "mean": 8.78927135468,
        "median": 4.55970478058,
        "min": -1.7954723835,
        "var": 445.102630615
    },
    "melbands_skewness": {
        "dmean": 0.352714955807,
        "dmean2": 0.534200191498,
        "dvar": 0.301953673363,
        "dvar2": 0.755488395691,
        "max": 19.5330123901,
        "mean": 1.41952967644,
        "median": 1.3074182272,
        "min": -6.49448680878,
        "var": 2.46116423607
    },
    "melbands_spread": {
        "dmean": 0.621977448463,
        "dmean2": 0.949584901333,
        "dvar": 2.4096558094,
        "dvar2": 3.69026017189,
        "max": 151.798843384,
        "mean": 3.83229184151,
        "median": 3.20215272903,
        "min": 0.24476005137,
        "var": 9.15367794037
    },
    "pitch_salience": {
        "dmean": 0.0430474802852,
        "dmean2": 0.0670043900609,
        "dvar": 0.00262970826589,
        "dvar2": 0.00648979656398,
        "max": 0.87550508976,
        "mean": 0.500872552395,
        "median": 0.514578223228,
        "min": 0.0489540286362,
        "var": 0.0199137553573
    },
    "silence_rate_20dB": {
        "dmean": 0.000416464230511,
        "dmean2": 0.00083298626123,
        "dvar": 0.00041621280252,
        "dvar2": 0.000832399586216,
        "max": 1,
        "mean": 0.999097704887,
        "median": 1,
        "min": 0,
        "var": 0.000901504477952
    },
    "silence_rate_30dB": {
        "dmean": 0.00513639207929,
        "dmean2": 0.0102734975517,
        "dvar": 0.00510866055265,
        "dvar2": 0.0112792998552,
        "max": 1,
        "mean": 0.979455828667,
        "median": 1,
        "min": 0,
        "var": 0.020124880597
    },
    "silence_rate_60dB": {
        "dmean": 0.036787673831,
        "dmean2": 0.0735804513097,
        "dvar": 0.0354281179607,
        "dvar2": 0.0759402438998,
        "max": 1,
        "mean": 0.571210443974,
        "median": 1,
        "min": 0,
        "var": 0.244904890656
    },
    "spectral_centroid": {
        "dmean": 24.5023498535,
        "dmean2": 36.8210525513,
        "dvar": 10002.5341797,
        "dvar2": 14990.9921875,
        "max": 10728.6162109,
        "mean": 395.119598389,
        "median": 356.064147949,
        "min": 202.562774658,
        "var": 36994.5703125
    },
    "spectral_complexity": {
        "dmean": 0.644547760487,
        "dmean2": 1.08371508121,
        "dvar": 1.09617269039,
        "dvar2": 2.31703233719,
        "max": 40,
        "mean": 5.47661018372,
        "median": 4,
        "min": 0,
        "var": 29.5668067932
    },
    "spectral_decrease": {
        "dmean": 5.22998200303e-10,
        "dmean2": 7.0901129412e-10,
        "dvar": 4.57592964783e-18,
        "dvar2": 7.61208988235e-18,
        "max": -1.00901744791e-28,
        "mean": -2.93347990343e-09,
        "median": -5.96506677386e-10,
        "min": -1.48409625922e-07,
        "var": 5.4812954546e-17
    },
    "spectral_energy": {
        "dmean": 0.00204501789995,
        "dmean2": 0.00276983599178,
        "dvar": 7.01589378878e-05,
        "dvar2": 0.000116242212243,
        "max": 0.580483555794,
        "mean": 0.0115014566109,
        "median": 0.00231900042854,
        "min": 1.11182759772e-20,
        "var": 0.000844115216751
    },
    "spectral_energyband_high": {
        "dmean": 8.43499208258e-07,
        "dmean2": 1.10708458578e-06,
        "dvar": 8.31145569036e-11,
        "dvar2": 1.6663861957e-10,
        "max": 0.000555739272386,
        "mean": 2.54432984548e-06,
        "median": 6.46040998475e-09,
        "min": 8.08379136503e-21,
        "var": 2.7087690424e-10
    },
    "spectral_energyband_low": {
        "dmean": 0.000292819517199,
        "dmean2": 0.000482335453853,
        "dvar": 1.34570871069e-06,
        "dvar2": 3.04026889353e-06,
        "max": 0.0621792823076,
        "mean": 0.000741824915167,
        "median": 2.91991309496e-05,
        "min": 1.65691385278e-22,
        "var": 5.98562928644e-06
    },
    "spectral_energyband_middle_high": {
        "dmean": 0.000156093912665,
        "dmean2": 0.000208885583561,
        "dvar": 7.65452341511e-07,
        "dvar2": 1.29689669848e-06,
        "max": 0.0434414893389,
        "mean": 0.000676178897265,
        "median": 1.91243743757e-05,
        "min": 1.33533910976e-21,
        "var": 5.72650424147e-06
    },
    "spectral_energyband_middle_low": {
        "dmean": 0.00191006553359,
        "dmean2": 0.0026061264798,
        "dvar": 5.75721205678e-05,
        "dvar2": 9.64692662819e-05,
        "max": 0.540391027927,
        "mean": 0.0103679224849,
        "median": 0.00219570379704,
        "min": 5.58549063813e-22,
        "var": 0.000674116134178
    },
    "spectral_entropy": {
        "dmean": 0.109762124717,
        "dmean2": 0.167072251439,
        "dvar": 0.0196530427784,
        "dvar2": 0.0431785061955,
        "max": 9.81127929688,
        "mean": 5.12369823456,
        "median": 5.02504587173,
        "min": 3.32169985771,
        "var": 0.470212608576
    },
    "spectral_flux": {
        "dmean": 0.00670422660187,
        "dmean2": 0.0102919004858,
        "dvar": 0.00020271257381,
        "dvar2": 0.000422496144893,
        "max": 0.410084813833,
        "mean": 0.0182704217732,
        "median": 0.0086621530354,
        "min": 1.05443237475e-10,
        "var": 0.000700391596183
    },
    "spectral_kurtosis": {
        "dmean": 35.400390625,
        "dmean2": 60.8229675293,
        "dvar": 1198.91149902,
        "dvar2": 3520.7722168,
        "max": 483.151855469,
        "mean": 161.642028809,
        "median": 169.414703369,
        "min": -1.12874996662,
        "var": 6556.65136719
    },
    "spectral_rms": {
        "dmean": 0.000217676803004,
        "dmean2": 0.000292821612675,
        "dvar": 1.80019469553e-07,
        "dvar2": 3.05061547579e-07,
        "max": 0.0237975940108,
        "mean": 0.00229413155466,
        "median": 0.00150414078962,
        "min": 3.29349329926e-12,
        "var": 5.95797428105e-06
    },
    "spectral_rolloff": {
        "dmean": 32.7048530579,
        "dmean2": 56.3772773743,
        "dvar": 36264.2265625,
        "dvar2": 58813.0742188,
        "max": 18497.0214844,
        "mean": 468.82598877,
        "median": 430.6640625,
        "min": 21.533203125,
        "var": 54735.6875
    },
    "spectral_skewness": {
        "dmean": 1.27137184143,
        "dmean2": 2.2036523819,
        "dvar": 1.4953110218,
        "dvar2": 4.3154668808,
        "max": 17.4938430786,
        "mean": 9.82461357117,
        "median": 10.7304725647,
        "min": 0.041643012315,
        "var": 11.5486125946
    },
    "spectral_spread": {
        "dmean": 312300.78125,
        "dmean2": 561159.8125,
        "dvar": 137952346112,
        "dvar2": 299438768128,
        "max": 38535840,
        "mean": 1102045.375,
        "median": 825995.75,
        "min": 202424.90625,
        "var": 1.67545235046e+12
    },
    "spectral_strongpeak": {
        "dmean": 0.128809392452,
        "dmean2": 0.200853198767,
        "dvar": 0.0679330974817,
        "dvar2": 0.160772636533,
        "max": 6.26075077057,
        "mean": 0.652274847031,
        "median": 0.346677064896,
        "min": 0,
        "var": 0.658722400665
    },
    "zerocrossingrate": {
        "dmean": 0.00160830840468,
        "dmean2": 0.00208517722785,
        "dvar": 2.48248561547e-05,
        "dvar2": 3.20596409438e-05,
        "max": 0.4931640625,
        "mean": 0.0189048014581,
        "median": 0.01708984375,
        "min": 0.00634765625,
        "var": 0.000123752790387
    },
    "barkbands": {
        "dmean": [4.39836242094e-07, 8.8944187155e-05, 0.000141862838063, 0.000210683501791, 0.000957448093686, 0.000644451705739, 0.00057995779207, 0.000217306020204, 0.000247940712143, 5.86669520999e-05, 4.26045626227e-05, 2.46300987783e-05, 2.21389545914e-05, 4.5986216719e-05, 1.09064903882e-05, 1.90517494048e-05, 1.44177165566e-05, 8.75158912095e-06, 3.27122438648e-06, 1.2444506865e-06, 3.8463014107e-07, 1.37105374165e-07, 1.46634803855e-07, 9.47468503654e-09, 1.40017264449e-09, 2.08385486644e-09, 7.3829803382e-10],
        "dmean2": [7.38591552363e-07, 0.000150181353092, 0.000225529292948, 0.000340464437613, 0.00137370626908, 0.000859193271026, 0.000874087447301, 0.000336480385158, 0.000343477207934, 8.03409056971e-05, 5.67186216358e-05, 3.65079322364e-05, 3.24315697071e-05, 6.46287808195e-05, 1.7035037672e-05, 2.7856329325e-05, 2.31266440096e-05, 1.3021534869e-05, 5.67640017834e-06, 1.67425605468e-06, 4.64661127353e-07, 1.88348934671e-07, 1.9109511129e-07, 1.46756260477e-08, 2.17745110831e-09, 3.9105523264e-09, 1.34774180705e-09],
        "dvar": [1.87641937578e-12, 1.34825782538e-07, 6.06356309163e-07, 5.47073000234e-07, 1.55676352733e-05, 1.59909723152e-05, 4.8524225349e-06, 9.73691044237e-07, 1.34482195335e-06, 9.14299178589e-08, 7.41596224429e-08, 1.6975949535e-08, 1.18586251929e-08, 1.05427695019e-07, 7.55901918836e-09, 1.85689081889e-08, 8.90449758373e-09, 3.52036000351e-09, 7.69723174088e-10, 1.3589157577e-10, 1.37466201616e-11, 2.4170225283e-12, 4.19500762253e-12, 3.61495264333e-14, 2.04253511666e-16, 9.47181781894e-16, 7.96656820769e-18],
        "dvar2": [4.78730466727e-12, 3.77051605938e-07, 1.26157203795e-06, 1.26838142478e-06, 3.86632782465e-05, 2.28406261158e-05, 1.13974392661e-05, 2.35348829847e-06, 2.84022894448e-06, 1.83718341873e-07, 1.36974549036e-07, 3.58139544687e-08, 2.62932058348e-08, 2.11062754829e-07, 1.82530950354e-08, 3.93139991672e-08, 2.5184554886e-08, 7.24901294546e-09, 2.19074336449e-09, 2.59633065047e-10, 2.46572259138e-11, 5.29033067354e-12, 8.57280392508e-12, 9.64481315993e-14, 4.15892356539e-16, 2.82309453287e-15, 2.59069675673e-17],
        "max": [4.67864483653e-05, 0.0139367682859, 0.0497716441751, 0.0493184477091, 0.286571413279, 0.332663118839, 0.138329640031, 0.0557246617973, 0.0390036515892, 0.0179587882012, 0.0190313216299, 0.00531876506284, 0.00473886029795, 0.0203075539321, 0.00490933842957, 0.00704914378002, 0.00330168101937, 0.00211169174872, 0.00099659874104, 0.000656864256598, 0.000199384317966, 0.000100192344689, 0.000136569724418, 1.36276876219e-05, 9.80064896794e-07, 2.07184939427e-06, 1.31634337208e-07],
        "mean": [5.08972391344e-07, 0.000181443159818, 0.000284561509034, 0.000531165627763, 0.00304651120678, 0.00225149653852, 0.00311079644598, 0.000651568581816, 0.000744698860217, 0.000166004436323, 0.000142177421367, 6.86957064318e-05, 6.02463042014e-05, 0.000132526474772, 2.44962539e-05, 4.93220177304e-05, 2.50597731792e-05, 2.03196577786e-05, 5.06919377585e-06, 3.05166668113e-06, 1.11726274099e-06, 3.32424860972e-07, 2.9365534715e-07, 1.42743346032e-08, 2.6951232357e-09, 2.23327112359e-09, 1.91655646908e-09],
        "median": [1.28663828036e-07, 3.975306754e-06, 1.17299587146e-05, 2.4339351512e-05, 0.000671705754939, 0.000168180340552, 0.000200425129151, 2.64796781266e-05, 7.24468118278e-05, 6.50098627375e-06, 2.69667407338e-06, 2.10980397242e-06, 1.53221355959e-06, 6.21855690497e-07, 1.29122298631e-07, 5.69799318839e-08, 1.84636022027e-08, 6.74449474047e-09, 2.77166112284e-09, 1.29384702952e-09, 9.63418900213e-10, 5.64953139826e-10, 4.76202854927e-10, 5.02432928595e-10, 6.19714779493e-10, 9.07443398201e-10, 1.53712909068e-09],
        "min": [1.31726620861e-23, 1.08363967149e-22, 3.99780444161e-23, 1.46601673968e-23, 9.33316735532e-23, 1.75132075006e-23, 6.81946523628e-23, 1.06548274403e-22, 1.37362430916e-22, 1.33370201513e-22, 6.65007281855e-23, 4.05093390803e-23, 5.53087293828e-23, 1.16556647371e-22, 1.71790870419e-22, 1.83900604755e-22, 1.25912361002e-22, 1.98241780468e-22, 1.83310208632e-22, 3.49005695986e-22, 6.17502999532e-22, 6.93385915521e-22, 6.41134394488e-22, 9.31965069702e-22, 1.28161134599e-21, 1.6527956202e-21, 2.2428362133e-21],
        "var": [2.63902094622e-12, 4.33781650599e-07, 1.92690436052e-06, 3.55796942131e-06, 7.17571165296e-05, 0.000120416632853, 7.25543650333e-05, 4.75138040201e-06, 5.36717971045e-06, 4.00055768068e-07, 3.74770081635e-07, 6.32106420539e-08, 4.77181174574e-08, 4.31125982914e-07, 2.39046045181e-08, 7.13767320804e-08, 1.80422699003e-08, 1.20628609324e-08, 9.67997237922e-10, 4.53647619469e-10, 5.12962866628e-11, 6.52993891598e-12, 8.14532902932e-12, 3.77749284489e-14, 5.01553142602e-16, 4.92164735293e-16, 5.44012824715e-18]
    },
    "erbbands": {
        "dmean": [0.000870251678862, 0.0261038318276, 0.136209130287, 0.482010662556, 1.85891008377, 3.66867852211, 4.9552025795, 4.27359437943, 7.36862134933, 8.20712375641, 4.05416727066, 4.47890377045, 3.00778341293, 1.48569917679, 1.23528707027, 1.03732585907, 1.04894244671, 2.19279456139, 0.977212369442, 1.2031763792, 0.449230313301, 0.983933329582, 0.366581946611, 0.292492806911, 0.22249558568, 0.0630816817284, 0.0194530170411, 0.00912567321211, 0.006504106801, 0.00287485448644, 0.00600301474333, 0.000645001360681, 6.76901690895e-05, 1.91199251276e-05, 1.03560723801e-05, 3.96335735786e-06, 7.22697041056e-06, 8.38124094571e-07, 9.8581358543e-07, 2.28086696552e-06],
        "dmean2": [0.00143280625343, 0.043914552778, 0.222299382091, 0.784094452858, 2.44869923592, 5.60045385361, 6.68102645874, 6.15491008759, 10.6735229492, 12.7641906738, 5.44641876221, 6.190762043, 4.41598892212, 1.98327720165, 1.65674245358, 1.51587116718, 1.49709320068, 3.0805170536, 1.36431336403, 1.76677644253, 0.647227525711, 1.58132135868, 0.558621823788, 0.4324888587, 0.390135794878, 0.0872455984354, 0.0237749647349, 0.0117240678519, 0.00870149210095, 0.00392555538565, 0.00777517165989, 0.000884415232576, 0.000100847923022, 2.89212657663e-05, 1.65060137078e-05, 6.73475688018e-06, 1.3532743651e-05, 1.51870005993e-06, 1.34028027787e-06, 3.08507037516e-06],
        "dvar": [1.461368538e-05, 0.0117243686691, 0.535252213478, 2.88259077072, 61.1848106384, 291.329711914, 851.34753418, 474.440490723, 899.425842285, 1576.45410156, 337.356445312, 452.72845459, 186.475143433, 76.8696212769, 45.4671096802, 31.3764076233, 28.1193084717, 249.813964844, 44.0373153687, 70.7159423828, 9.06745624542, 42.8167648315, 6.33518791199, 4.27390861511, 3.83293533325, 0.344399064779, 0.0353449694812, 0.00757199944928, 0.00499815121293, 0.001065867953, 0.00829687900841, 0.000128115658299, 1.241060545e-06, 4.64930138833e-08, 1.01426671506e-08, 3.24106352867e-10, 1.65697819909e-08, 4.27072613385e-11, 1.64065393216e-11, 8.77363945384e-11],
        "dvar2": [3.89706110582e-05, 0.0326598919928, 1.22016835213, 6.76762342453, 110.791511536, 841.849487305, 1287.53320312, 794.264892578, 1844.07958984, 4210.43896484, 540.580078125, 936.409790039, 461.55355835, 142.851516724, 77.9075622559, 67.0669631958, 58.2280349731, 496.698364258, 93.7577133179, 153.13899231, 17.3734779358, 120.055091858, 14.9635314941, 8.47381877899, 10.7944135666, 0.690737366676, 0.0640310570598, 0.0146045805886, 0.0106705762446, 0.00213982327841, 0.0171160697937, 0.00030988137587, 3.21294464811e-06, 9.39412387879e-08, 2.25734737569e-08, 8.77436012736e-10, 4.93490368569e-08, 1.27130000971e-10, 2.71759021536e-11, 1.44640258104e-10],
        "max": [0.150774732232, 4.30944395065, 43.1659011841, 113.538917542, 629.164916992, 1012.41131592, 2179.23242188, 1661.21716309, 2443.93139648, 1414.80895996, 1130.31640625, 659.256469727, 482.400909424, 629.652770996, 358.621673584, 239.259796143, 291.361968994, 982.910583496, 318.622924805, 398.333068848, 163.82232666, 230.754745483, 133.317352295, 71.2658615112, 72.7410583496, 34.5856704712, 11.1629981995, 3.74110555649, 4.51361036301, 1.89235579967, 6.15246915817, 0.865316271782, 0.0837515071034, 0.0151339909062, 0.00682760449126, 0.000912779534701, 0.00874555297196, 0.000411481130868, 0.000291620672215, 0.000649147666991],
        "mean": [0.00200595613569, 0.0546356812119, 0.290678471327, 1.29320406914, 6.92048072815, 9.7998714447, 16.373052597, 16.5600414276, 42.0787963867, 33.2683105469, 14.4143152237, 13.7289495468, 7.81077289581, 5.00117683411, 4.63849925995, 3.11324334145, 3.13582205772, 6.48579835892, 2.59789180756, 3.00663042068, 1.35807335377, 1.76404774189, 0.952542960644, 0.617034196854, 0.330107212067, 0.154408320785, 0.0562680177391, 0.0266284067184, 0.0164667963982, 0.00665932893753, 0.0116122132167, 0.00119309604634, 0.000120184020489, 4.24143727287e-05, 2.56832609011e-05, 1.17987410704e-05, 9.3026956165e-06, 1.8818737999e-06, 5.70809015699e-06, 1.28871824927e-05],
        "median": [6.01122519583e-05, 0.00144957867451, 0.0141413565725, 0.0969772189856, 1.34284853935, 1.90359079838, 1.48784947395, 1.72430288792, 3.67406868935, 1.12221002579, 1.45065116882, 1.39423513412, 0.46830791235, 0.190674856305, 0.125700891018, 0.0829125493765, 0.0718643963337, 0.0458943247795, 0.0173850450665, 0.00784469395876, 0.00335938297212, 0.00131369312294, 0.00055388675537, 0.000251247372944, 0.000101241574157, 6.43807725282e-05, 4.77513312944e-05, 3.37437013513e-05, 2.25797593885e-05, 1.77271613211e-05, 1.47410082718e-05, 1.21019966173e-05, 1.02925132524e-05, 8.30230419524e-06, 6.29218902759e-06, 4.39608538727e-06, 2.50402536039e-06, 8.97790584986e-07, 1.30651346808e-06, 2.59250236923e-06],
        "min": [3.41427239274e-21, 2.3027986086e-20, 5.48597038991e-20, 3.71115454239e-20, 1.95045233483e-19, 3.26301968739e-19, 2.08443711174e-19, 1.68529441959e-19, 6.94047599023e-19, 1.8125063709e-18, 2.26047409664e-18, 2.458462051e-18, 6.28439055295e-18, 1.92487927071e-18, 2.62781487371e-18, 1.3176472238e-18, 2.06163104432e-18, 6.28323456804e-18, 6.89632884395e-18, 7.78992875097e-18, 1.24605072996e-17, 8.23174080538e-18, 1.05819660664e-17, 8.73630443543e-18, 1.18957604897e-17, 1.52485170727e-17, 3.04195339394e-17, 1.76448923945e-17, 2.9110914358e-17, 1.7723100667e-17, 2.0210712356e-17, 2.06971359152e-17, 1.29577975305e-17, 1.27064702819e-17, 1.0071982749e-17, 5.33609746383e-18, 3.05271501371e-18, 1.38335317839e-18, 3.27054961591e-19, 3.24261424028e-20],
        "var": [5.62382192584e-05, 0.0367030091584, 1.56057429314, 16.1734657288, 446.88772583, 811.491516113, 5804.26171875, 3595.91015625, 16807.3691406, 14090.4443359, 1885.04138184, 2027.06079102, 646.279846191, 365.695098877, 332.059204102, 128.129333496, 125.713066101, 1051.4699707, 169.208755493, 262.529693604, 44.5587043762, 90.0523834229, 24.6807537079, 12.0018806458, 4.88617181778, 1.08858060837, 0.127112656832, 0.0279794931412, 0.0147290648893, 0.0024966977071, 0.0155521873385, 0.000182923467946, 1.45081094161e-06, 1.0771211123e-07, 2.49915110828e-08, 7.78578590488e-10, 8.74099992387e-09, 3.0321467559e-11, 1.95346905318e-10, 1.05978448239e-09]
    },
    "gfcc": {
        "mean": [-333.738616943, 225.525985718, -69.7828903198, -57.4263420105, -50.7376441956, -30.1041431427, -38.5393753052, -20.6208286285, -15.1861467361, -12.4631099701, -11.6385221481, -12.9261379242, -8.03513908386],
        "cov": [[17804.0820312, 3357.22338867, -4894.63671875, 558.232971191, 1521.9041748, -1022.11920166, 354.273681641, -378.174072266, 579.712463379, -321.467803955, 451.066345215, -189.675430298, 34.312046051], [3357.22338867, 1747.98144531, -401.770050049, -512.34753418, 323.687133789, -219.720108032, -98.3264465332, -204.641494751, 31.7014389038, -154.113189697, 25.3932590485, -161.004699707, 23.2214221954], [-4894.63671875, -401.770050049, 2027.57421875, -159.712661743, -487.685546875, 267.581420898, -180.706008911, -32.1077270508, -240.702758789, 8.85596466064, -188.098922729, -30.7540817261, -20.7671813965], [558.232971191, -512.34753418, -159.712661743, 767.876220703, 121.898147583, 29.7156925201, 148.069458008, 46.3977279663, 32.7963027954, 8.69013500214, 13.1307153702, 53.4053230286, -33.5185699463], [1521.9041748, 323.687133789, -487.685546875, 121.898147583, 482.583312988, 34.5151176453, 67.9173202515, 29.6362495422, 60.5090713501, -38.3400382996, 28.3681411743, -9.82338428497, 24.5771903992], [-1022.11920166, -219.720108032, 267.581420898, 29.7156925201, 34.5151176453, 272.151367188, 87.2128601074, 60.7657737732, -8.46492576599, 0.968201756477, -70.2936096191, -4.0552315712, 14.2039546967], [354.273681641, -98.3264465332, -180.706008911, 148.069458008, 67.9173202515, 87.2128601074, 189.476821899, 102.498153687, 40.8695068359, -4.86296319962, -16.3645095825, -10.5440120697, -14.1467447281], [-378.174072266, -204.641494751, -32.1077270508, 46.3977279663, 29.6362495422, 60.7657737732, 102.498153687, 175.384002686, 56.667301178, 26.3565807343, 1.89040565491, 20.3442440033, -15.8399934769], [579.712463379, 31.7014389038, -240.702758789, 32.7963027954, 60.5090713501, -8.46492576599, 40.8695068359, 56.667301178, 118.709663391, 41.1819229126, 36.8729667664, 13.1409025192, 0.219384118915], [-321.467803955, -154.113189697, 8.85596466064, 8.69013500214, -38.3400382996, 0.968201756477, -4.86296319962, 26.3565807343, 41.1819229126, 108.531570435, 61.0595703125, 41.2226524353, 5.62968254089], [451.066345215, 25.3932590485, -188.098922729, 13.1307153702, 28.3681411743, -70.2936096191, -16.3645095825, 1.89040565491, 36.8729667664, 61.0595703125, 131.393280029, 68.3046340942, 3.12885808945], [-189.675430298, -161.004699707, -30.7540817261, 53.4053230286, -9.82338428497, -4.0552315712, -10.5440120697, 20.3442440033, 13.1409025192, 41.2226524353, 68.3046340942, 110.189163208, 35.3108406067], [34.312046051, 23.2214221954, -20.7671813965, -33.5185699463, 24.5771903992, 14.2039546967, -14.1467447281, -15.8399934769, 0.219384118915, 5.62968254089, 3.12885808945, 35.3108406067, 77.1342391968]],
        "icov": [[0.00153344694991, -0.00251811696216, 0.00258346926421, -0.00232088146731, 0.000616536301095, 0.000925290572923, -0.00123618496582, 0.00184733502101, -0.00191270804498, 0.0018535037525, -0.00167969125323, 0.00137826718856, -0.00114387215581], [-0.00251811696216, 0.00701516261324, -0.00553144142032, 0.00614272290841, -0.00368969608098, 0.00147738773376, -0.00148508057464, 0.001262809732, -0.000923694751691, 0.00112830952276, -0.000339080259437, 0.000373299961211, 0.00084196095122], [0.00258346926421, -0.00553144142032, 0.00644784746692, -0.0052655893378, 0.00333650410175, -0.00162179791369, 0.00193990441039, -8.60080763232e-05, 0.000805302290246, 0.000501091475599, -0.000708310282789, 0.00171417300589, -0.00125732645392], [-0.00232088146731, 0.00614272290841, -0.0052655893378, 0.00747635681182, -0.00400593131781, 0.00200720364228, -0.00364952837117, 0.00224823923782, -0.000853907840792, -0.000123865247588, 0.00178387132473, -0.00310266320594, 0.00307289022021], [0.000616536301095, -0.00368969608098, 0.00333650410175, -0.00400593131781, 0.00665110209957, -0.00479308748618, 0.0048446804285, -0.00476888101548, 0.00305555900559, -0.000757832778618, -0.000640832411591, 0.00119978573639, -0.00180995475966], [0.000925290572923, 0.00147738773376, -0.00162179791369, 0.00200720364228, -0.00479308748618, 0.0121162189171, -0.0103494338691, 0.00705008115619, -0.00650674197823, 0.00308414548635, 0.00067617330933, -0.000192945939489, -0.00172076933086], [-0.00123618496582, -0.00148508057464, 0.00193990441039, -0.00364952837117, 0.0048446804285, -0.0103494338691, 0.020934773609, -0.0147609552369, 0.00860781222582, -0.00484460359439, 0.0029055646155, 0.0015882931184, 0.000587947724853], [0.00184733502101, 0.001262809732, -8.60080763232e-05, 0.00224823923782, -0.00476888101548, 0.00705008115619, -0.0147609552369, 0.0212457757443, -0.0135466111824, 0.00672371126711, -0.0030105013866, -0.00121788517572, 0.00185631215572], [-0.00191270804498, -0.000923694751691, 0.000805302290246, -0.000853907840792, 0.00305555900559, -0.00650674197823, 0.00860781222582, -0.0135466111824, 0.0246251448989, -0.0139831742272, 0.00607751123607, -0.00274581764825, 0.00195709639229], [0.0018535037525, 0.00112830952276, 0.000501091475599, -0.000123865247588, -0.000757832778618, 0.00308414548635, -0.00484460359439, 0.00672371126711, -0.0139831742272, 0.0263558700681, -0.0167330596596, 0.00731327896938, -0.0054703024216], [-0.00167969125323, -0.000339080259437, -0.000708310282789, 0.00178387132473, -0.000640832411591, 0.00067617330933, 0.0029055646155, -0.0030105013866, 0.00607751123607, -0.0167330596596, 0.0291033182293, -0.0194751638919, 0.0103669529781], [0.00137826718856, 0.000373299961211, 0.00171417300589, -0.00310266320594, 0.00119978573639, -0.000192945939489, 0.0015882931184, -0.00121788517572, -0.00274581764825, 0.00731327896938, -0.0194751638919, 0.0288831312209, -0.0148759949952], [-0.00114387215581, 0.00084196095122, -0.00125732645392, 0.00307289022021, -0.00180995475966, -0.00172076933086, 0.000587947724853, 0.00185631215572, 0.00195709639229, -0.0054703024216, 0.0103669529781, -0.0148759949952, 0.0223823506385]]
    },
    "melbands": {
        "dmean": [1.618807255e-05, 5.74162040721e-05, 9.88641550066e-05, 0.000226260206546, 0.000159326533321, 0.000107256651972, 0.000106468949525, 8.06132375146e-05, 3.56122145604e-05, 2.89960917144e-05, 1.53219989443e-05, 6.50319134365e-06, 5.35255048817e-06, 1.79146718438e-06, 4.68549615107e-06, 2.0766030957e-06, 4.38050392404e-06, 1.86310569461e-06, 1.13288081138e-06, 1.55190161877e-06, 4.88228579343e-07, 1.02298724869e-06, 4.53619293239e-07, 4.25442863161e-07, 2.28657640378e-07, 1.50944487132e-07, 1.03256510897e-07, 3.20431432499e-08, 1.00645811685e-08, 1.24676908797e-08, 4.45918812986e-09, 3.55003182406e-09, 2.84550738527e-09, 1.4131285031e-09, 3.91036891756e-09, 1.15945431034e-09, 2.38230879468e-10, 3.80430235924e-11, 1.36349291233e-11, 1.64678010811e-11],
        "dmean2": [2.70266809821e-05, 9.43679769989e-05, 0.000148342485772, 0.000320431863656, 0.000224241812248, 0.000150716135977, 0.000156856433023, 0.000125299528008, 4.63536816824e-05, 4.0749891923e-05, 2.24953946599e-05, 8.71618613019e-06, 7.19719037079e-06, 2.53640337178e-06, 6.77734351484e-06, 3.04597597278e-06, 6.18680724074e-06, 2.6138004614e-06, 1.69465886302e-06, 2.29464171753e-06, 7.14077884822e-07, 1.63933771091e-06, 7.36811671231e-07, 6.27577378509e-07, 3.38343198791e-07, 2.6733306413e-07, 1.64766689181e-07, 4.34658566917e-08, 1.2846988362e-08, 1.48106229503e-08, 6.15583184427e-09, 4.88199791704e-09, 3.75034803213e-09, 1.91120230753e-09, 5.06219821617e-09, 1.49326917498e-09, 3.70855512966e-10, 5.98610605529e-11, 2.22495182001e-11, 2.54421431839e-11],
        "dvar": [4.57924409503e-09, 8.30795059414e-08, 1.00479944365e-07, 1.06496202079e-06, 6.61706792471e-07, 3.25889601527e-07, 1.72718216618e-07, 1.47946892071e-07, 3.23874935759e-08, 1.78353580793e-08, 4.79134554254e-09, 1.37668265676e-09, 1.01282970899e-09, 8.16007886262e-11, 7.43449579677e-10, 1.15879986162e-10, 1.11935183345e-09, 1.51207893428e-10, 5.48436018821e-11, 1.24000643087e-10, 1.14604992163e-11, 4.55679001476e-11, 8.94708526017e-12, 8.1328025911e-12, 2.57853721014e-12, 1.66528574784e-12, 8.83183283451e-13, 9.06025268374e-14, 9.21068793745e-15, 1.47097452627e-14, 1.63078840406e-15, 1.35455603101e-15, 1.23002397655e-15, 2.97006014905e-16, 3.50358725017e-15, 3.29944955702e-16, 2.44775051702e-17, 3.78828041034e-19, 2.03992561825e-20, 4.10821900787e-20],
        "dvar2": [1.24729329087e-08, 1.95348945908e-07, 2.01808290967e-07, 2.7148657864e-06, 1.06525135379e-06, 4.98507972679e-07, 3.63127611536e-07, 3.9530047502e-07, 5.46726823814e-08, 3.79505813441e-08, 1.18131380233e-08, 2.59450794182e-09, 1.78914705273e-09, 1.59025140278e-10, 1.57419222102e-09, 2.49459619628e-10, 2.24731921961e-09, 3.16472265061e-10, 1.19649248842e-10, 2.80375028749e-10, 2.26469450831e-11, 1.27306068465e-10, 2.50998492823e-11, 1.57837371645e-11, 5.1620066728e-12, 4.84246410332e-12, 2.09427397299e-12, 1.81099872511e-13, 1.79065187564e-14, 2.62851535242e-14, 3.4249950864e-15, 2.96834268387e-15, 2.58980810667e-15, 5.73405941666e-16, 7.24557742905e-15, 6.91141456691e-16, 6.52634981567e-17, 1.01303020841e-18, 5.06771103681e-20, 7.78232393676e-20],
        "max": [0.00274878786877, 0.0162377189845, 0.0175156425685, 0.0783586800098, 0.0591706484556, 0.047418538481, 0.0322106927633, 0.0132459271699, 0.00735623668879, 0.00363808125257, 0.00247981585562, 0.00232241675258, 0.00158350938, 0.000459523318568, 0.0011305421358, 0.000419222633354, 0.00212420336902, 0.000595872581471, 0.000303402746795, 0.00055961945327, 0.000173319815076, 0.000241746165557, 0.000140749049024, 0.00010783689504, 5.47055678908e-05, 4.63487122033e-05, 4.74727676192e-05, 1.79376766027e-05, 5.10050494995e-06, 7.28229269953e-06, 1.69543045558e-06, 2.20651827476e-06, 2.38597203861e-06, 1.35596849304e-06, 3.99303780796e-06, 1.26876454942e-06, 3.49304428937e-07, 4.18531627133e-08, 1.10217959204e-08, 1.53276733528e-08],
        "mean": [3.49016663677e-05, 0.000124509795569, 0.000321155384881, 0.000716211798135, 0.00050781306345, 0.000432919012383, 0.000594539393205, 0.000300634477753, 0.000118884781841, 8.42108711367e-05, 3.8671780203e-05, 2.07774555747e-05, 1.90051632671e-05, 5.87213253311e-06, 1.14280910566e-05, 6.06204775977e-06, 1.26159548017e-05, 4.56837869933e-06, 2.77290632766e-06, 3.61424463335e-06, 1.31319279717e-06, 1.79831351943e-06, 9.44962891936e-07, 9.64460468822e-07, 4.61028747623e-07, 2.08284461678e-07, 1.98275003527e-07, 8.13441403125e-08, 2.7360142596e-08, 3.4899805712e-08, 1.07698872043e-08, 8.65810179107e-09, 7.03715397066e-09, 2.64731148114e-09, 7.48377004811e-09, 2.23732521398e-09, 3.34104466315e-10, 5.71980830755e-11, 2.15214460836e-11, 3.05438382919e-11],
        "median": [7.75072408032e-07, 4.84852716909e-06, 4.51029627584e-05, 0.000141744647408, 5.52480560145e-05, 4.36578702647e-05, 5.05800780957e-05, 7.13998588253e-06, 1.26856193674e-05, 7.62654917708e-06, 2.04750358535e-06, 6.78516471453e-07, 3.52098368239e-07, 2.72344948371e-07, 1.45308746369e-07, 1.24475761254e-07, 6.74667433032e-08, 2.50345166819e-08, 1.03473833946e-08, 5.67229641035e-09, 2.81453016449e-09, 1.12621600934e-09, 6.60757448756e-10, 2.87831092294e-10, 1.73949632476e-10, 7.33667432362e-11, 4.53532419953e-11, 3.72025119044e-11, 2.89365233164e-11, 2.27295959832e-11, 1.68592501071e-11, 1.21287563326e-11, 9.77804989755e-12, 8.92822100973e-12, 7.89601543871e-12, 6.65002775069e-12, 6.2927683897e-12, 5.98458435586e-12, 5.77273732288e-12, 5.4587645168e-12],
        "min": [3.09643714072e-23, 2.95939874862e-23, 9.95237725421e-24, 2.20012486051e-23, 8.32621070672e-24, 4.26833032622e-24, 1.10958137814e-23, 2.23641482873e-23, 1.88566549771e-23, 1.79586488547e-23, 3.06698139006e-23, 5.94787633015e-24, 9.31609782528e-24, 5.37449238676e-24, 2.51621188001e-24, 6.22109633252e-24, 1.26123665284e-23, 1.00366260212e-23, 1.24775233784e-23, 9.61283179908e-24, 1.51004858883e-23, 8.48243987583e-24, 7.54782587432e-24, 9.96001027233e-24, 6.69535674773e-24, 6.90941099892e-24, 9.57994418794e-24, 1.02702905656e-23, 1.7810431357e-23, 1.86452986302e-23, 7.8502869783e-24, 1.7166960672e-23, 1.1600915897e-23, 1.00631995896e-23, 1.0750490709e-23, 1.36260259703e-23, 1.2168899693e-23, 8.42731743122e-24, 9.5356015276e-24, 1.13145988314e-23],
        "var": [1.68070695139e-08, 2.4431693646e-07, 7.39774918657e-07, 4.69264023195e-06, 4.43102408099e-06, 2.68338908427e-06, 3.05056278194e-06, 1.23702716337e-06, 1.47583662624e-07, 7.33276266374e-08, 1.61244226859e-08, 6.46142916949e-09, 6.51617204639e-09, 4.53617421403e-10, 2.34168906488e-09, 5.02400676616e-10, 4.45254277892e-09, 5.3650950349e-10, 2.01978406222e-10, 4.18229006982e-10, 5.19468669469e-11, 9.60417162466e-11, 2.46652941127e-11, 2.69851588991e-11, 6.91448374252e-12, 1.86618710936e-12, 1.87850646496e-12, 3.07263383573e-13, 2.89530599745e-14, 5.41029758971e-14, 4.90186352202e-15, 3.81000840686e-15, 3.44543145032e-15, 5.84864391618e-16, 6.49152074732e-15, 6.15702267189e-16, 2.47306340182e-17, 3.82110242006e-19, 2.16806898139e-20, 1.01637258677e-19]
    },
    "mfcc": {
        "mean": [-921.015075684, 200.055053711, 48.2599983215, -6.34764099121, -14.1295852661, -14.3657217026, -17.1494617462, -15.5281972885, -12.983877182, -8.32085609436, -5.60837984085, -7.32720375061, -9.84965991974],
        "cov": [[10612.1113281, 4565.80566406, -3141.36889648, -46.4064025879, 504.33694458, 109.701911926, -224.88835144, 140.338821411, -69.3362426758, 51.8512458801, 163.452148438, 146.920623779, 106.114868164], [4565.80566406, 3076.20654297, -693.529602051, -456.208496094, 201.552993774, 50.5108718872, -129.467788696, -68.0874862671, -65.9771957397, -32.4426574707, 45.7285118103, 26.1982517242, -41.258026123], [-3141.36889648, -693.529602051, 1646.53527832, -55.0071983337, -278.649261475, -17.8873844147, 47.6800422668, -135.494918823, -33.1044578552, -47.1134872437, -94.9198684692, -105.086120605, -119.551605225], [-46.4064025879, -456.208496094, -55.0071983337, 430.222351074, 57.5243186951, 1.75329685211, 39.7792167664, 58.5162315369, 0.543943464756, -2.22906327248, -21.3710575104, -17.6597137451, 6.69373130798], [504.33694458, 201.552993774, -278.649261475, 57.5243186951, 290.436859131, 115.330673218, 32.0682754517, 57.3107337952, 32.7453689575, -2.01233696938, 0.892886221409, 12.6402463913, 24.9367523193], [109.701911926, 50.5108718872, -17.8873844147, 1.75329685211, 115.330673218, 193.385482788, 86.7275390625, 34.6685371399, 40.5678329468, 35.2250099182, -4.21506643295, -11.0675601959, 9.44204711914], [-224.88835144, -129.467788696, 47.6800422668, 39.7792167664, 32.0682754517, 86.7275390625, 127.415817261, 75.8540649414, 49.7206497192, 31.2050819397, 4.43400669098, -11.2598047256, -4.21183919907], [140.338821411, -68.0874862671, -135.494918823, 58.5162315369, 57.3107337952, 34.6685371399, 75.8540649414, 144.674972534, 92.4353637695, 43.6415634155, 20.6793746948, 7.73346281052, 5.7659702301], [-69.3362426758, -65.9771957397, -33.1044578552, 0.543943464756, 32.7453689575, 40.5678329468, 49.7206497192, 92.4353637695, 128.416152954, 79.9586029053, 20.9282588959, -3.46674704552, -4.76055240631], [51.8512458801, -32.4426574707, -47.1134872437, -2.22906327248, -2.01233696938, 35.2250099182, 31.2050819397, 43.6415634155, 79.9586029053, 106.62600708, 50.5462684631, 5.79703712463, -1.24927783012], [163.452148438, 45.7285118103, -94.9198684692, -21.3710575104, 0.892886221409, -4.21506643295, 4.43400669098, 20.6793746948, 20.9282588959, 50.5462684631, 87.0360794067, 61.7473526001, 18.8364562988], [146.920623779, 26.1982517242, -105.086120605, -17.6597137451, 12.6402463913, -11.0675601959, -11.2598047256, 7.73346281052, -3.46674704552, 5.79703712463, 61.7473526001, 99.6056442261, 72.3426055908], [106.114868164, -41.258026123, -119.551605225, 6.69373130798, 24.9367523193, 9.44204711914, -4.21183919907, 5.7659702301, -4.76055240631, -1.24927783012, 18.8364562988, 72.3426055908, 117.331565857]],
