{
"lowlevel": {
    "average_loudness": 0.860686480999,
    "barkbands_crest": {
        "dmean": 2.5124835968,
        "dmean2": 4.02687740326,
        "dvar": 5.40448570251,
        "dvar2": 13.3972864151,
        "max": 24.2052841187,
        "mean": 10.3440551758,
        "median": 9.57413005829,
        "min": 2.72227096558,
        "var": 16.2035827637
    },
    "barkbands_flatness_db": {
        "dmean": 0.040660303086,
        "dmean2": 0.0597771145403,
        "dvar": 0.00128870841581,
        "dvar2": 0.00249112863094,
        "max": 0.5406640172,
        "mean": 0.201465949416,
        "median": 0.203102275729,
        "min": 0.0373662114143,
        "var": 0.00510729337111
    },
    "barkbands_kurtosis": {
        "dmean": 2.36869168282,
        "dmean2": 3.76378893852,
        "dvar": 10.8344278336,
        "dvar2": 26.8129577637,
        "max": 85.4409332275,
        "mean": 2.96833181381,
        "median": 1.70357036591,
        "min": -1.66010272503,
        "var": 20.1004905701
    },
    "barkbands_skewness": {
        "dmean": 0.522026181221,
        "dmean2": 0.801980912685,
        "dvar": 0.271792799234,
        "dvar2": 0.648761630058,
        "max": 8.04685401917,
        "mean": 1.39590370655,
        "median": 1.32986462116,
        "min": -3.35821700096,
        "var": 0.942125499249
    },
    "barkbands_spread": {
        "dmean": 3.31161355972,
        "dmean2": 5.27926874161,
        "dvar": 11.2843694687,
        "dvar2": 28.965511322,
        "max": 46.9063644409,
        "mean": 13.3072109222,
        "median": 12.8226766586,
        "min": 0.509138703346,
        "var": 29.9470119476
    },
    "dissonance": {
        "dmean": 0.0305651370436,
        "dmean2": 0.0511650331318,
        "dvar": 0.000790650257841,
        "dvar2": 0.00215390021913,
        "max": 0.500000059605,
        "mean": 0.437364339828,
        "median": 0.446915626526,
        "min": 0.136739835143,
        "var": 0.00186146586202
    },
    "dynamic_complexity": 3.07457947731,
    "erbbands_crest": {
        "dmean": 2.49995088577,
        "dmean2": 3.93653059006,
        "dvar": 5.00978851318,
        "dvar2": 12.1045150757,
        "max": 27.7509288788,
        "mean": 9.98543930054,
        "median": 9.37912273407,
        "min": 2.57840633392,
        "var": 13.6434278488
    },
    "erbbands_flatness_db": {
        "dmean": 0.038305260241,
        "dmean2": 0.0540846809745,
        "dvar": 0.00127841020003,
        "dvar2": 0.0023796078749,
        "max": 0.450612127781,
        "mean": 0.21461571753,
        "median": 0.217014297843,
        "min": 0.066933311522,
        "var": 0.00499296421185
    },
    "erbbands_kurtosis": {
        "dmean": 0.77675229311,
        "dmean2": 1.22510004044,
        "dvar": 0.706886529922,
        "dvar2": 1.75214624405,
        "max": 14.9120254517,
        "mean": 0.508729934692,
        "median": 0.231581687927,
        "min": -1.51705038548,
        "var": 1.5083527565
    },
    "erbbands_skewness": {
        "dmean": 0.395419299603,
        "dmean2": 0.587533175945,
        "dvar": 0.120063856244,
        "dvar2": 0.258167088032,
        "max": 3.28533434868,
        "mean": 0.122337073088,
        "median": 0.13509593904,
        "min": -2.2637321949,
        "var": 0.348452061415
    },
    "erbbands_spread": {
        "dmean": 6.43549060822,
        "dmean2": 10.020658493,
        "dvar": 51.8319854736,
        "dvar2": 116.162887573,
        "max": 81.9570159912,
        "mean": 24.4563369751,
        "median": 22.1486320496,
        "min": 2.75299715996,
        "var": 118.492271423
    },
    "hfc": {
        "dmean": 5.81596660614,
        "dmean2": 9.20972919464,
        "dvar": 84.4348373413,
        "dvar2": 206.538406372,
        "max": 99.3577728271,
        "mean": 12.5431241989,
        "median": 9.69707202911,
        "min": 1.06151088775e-16,
        "var": 117.080406189
    },
    "melbands_crest": {
        "dmean": 3.25251626968,
        "dmean2": 5.20064020157,
        "dvar": 8.92655658722,
        "dvar2": 21.9455909729,
        "max": 31.8557281494,
        "mean": 15.3262262344,
        "median": 15.1844835281,
        "min": 1.44555187225,
        "var": 28.5413360596
    },
    "melbands_flatness_db": {
        "dmean": 0.0463081970811,
        "dmean2": 0.0691925510764,
        "dvar": 0.00173664977774,
        "dvar2": 0.00350941927172,
        "max": 0.71203571558,
        "mean": 0.291667610407,
        "median": 0.295204073191,
        "min": 0.00305621349253,
        "var": 0.00689434586093
    },
    "melbands_kurtosis": {
        "dmean": 4.88531923294,
        "dmean2": 7.7870349884,
        "dvar": 49.7655906677,
        "dvar2": 123.998191833,
        "max": 127.512710571,
        "mean": 7.82227897644,
        "median": 4.87877893448,
        "min": -1.67847979069,
        "var": 90.4285354614
    },
    "melbands_skewness": {
        "dmean": 0.661187410355,
        "dmean2": 1.02568948269,
        "dvar": 0.465567559004,
        "dvar2": 1.13220286369,
        "max": 8.54162025452,
        "mean": 2.17512130737,
        "median": 2.03806400299,
        "min": -1.62199413776,
        "var": 1.52854883671
    },
    "melbands_spread": {
        "dmean": 4.01054954529,
        "dmean2": 6.3025803566,
        "dvar": 18.2271347046,
        "dvar2": 41.2866477966,
        "max": 151.734924316,
        "mean": 15.6651172638,
        "median": 14.0507297516,
        "min": 0.545621275902,
        "var": 160.91468811
    },
    "pitch_salience": {
        "dmean": 0.0781667083502,
        "dmean2": 0.126745566726,
        "dvar": 0.00504423910752,
        "dvar2": 0.0129279410467,
        "max": 0.921782612801,
        "mean": 0.489228785038,
        "median": 0.487120985985,
        "min": 0.129318162799,
        "var": 0.0124893337488
    },
    "silence_rate_20dB": {
        "dmean": 0,
        "dmean2": 0,
        "dvar": 0,
        "dvar2": 0,
        "max": 1,
        "mean": 1,
        "median": 1,
        "min": 1,
        "var": 0
    },
    "silence_rate_30dB": {
        "dmean": 0.040384978056,
        "dmean2": 0.0807775780559,
        "dvar": 0.038752168417,
        "dvar2": 0.0923735722899,
        "max": 1,
        "mean": 0.949995279312,
        "median": 1,
        "min": 0,
        "var": 0.047505337745
    },
    "silence_rate_60dB": {
        "dmean": 0.00905831251293,
        "dmean2": 0.0181183349341,
        "dvar": 0.00897804647684,
        "dvar2": 0.021193774417,
        "max": 1,
        "mean": 0.0523634292185,
        "median": 0,
        "min": 0,
        "var": 0.0496256649494
    },
    "spectral_centroid": {
        "dmean": 160.438796997,
        "dmean2": 259.358978271,
        "dvar": 34522.1054688,
        "dvar2": 85046.8359375,
        "max": 11748.453125,
        "mean": 858.637634277,
        "median": 748.8125,
        "min": 134.061294556,
        "var": 911527.5
    },
    "spectral_complexity": {
        "dmean": 2.97131538391,
        "dmean2": 4.76776456833,
        "dvar": 13.7019510269,
        "dvar2": 32.2168083191,
        "max": 47,
        "mean": 14.367770195,
        "median": 14,
        "min": 0,
        "var": 33.3820419312
    },
    "spectral_decrease": {
        "dmean": 4.29149560333e-09,
        "dmean2": 6.97928825844e-09,
        "dvar": 5.54488380614e-17,
        "dvar2": 1.41284592676e-16,
        "max": 6.78290234868e-20,
        "mean": -8.73151240199e-09,
        "median": -5.93622084821e-09,
        "min": -8.53661177302e-08,
        "var": 8.73133274907e-17
    },
    "spectral_energy": {
        "dmean": 0.0166470594704,
        "dmean2": 0.027048362419,
        "dvar": 0.00082834425848,
        "dvar2": 0.00210788892582,
        "max": 0.325184851885,
        "mean": 0.0340923555195,
        "median": 0.0233487989753,
        "min": 1.01393513431e-20,
        "var": 0.00130030268338
    },
    "spectral_energyband_high": {
        "dmean": 0.000216230328078,
        "dmean2": 0.000347303401213,
        "dvar": 1.64358709753e-07,
        "dvar2": 3.92118352011e-07,
        "max": 0.00440088799223,
        "mean": 0.000206961747608,
        "median": 2.20769579755e-05,
        "min": 7.06004630486e-21,
        "var": 1.85758324278e-07
    },
    "spectral_energyband_low": {
        "dmean": 0.0103650204837,
        "dmean2": 0.0170407164842,
        "dvar": 0.000389814231312,
        "dvar2": 0.00101132725831,
        "max": 0.306640267372,
        "mean": 0.0187681932002,
        "median": 0.0098829632625,
        "min": 8.88477392585e-24,
        "var": 0.000699460564647
    },
    "spectral_energyband_middle_high": {
        "dmean": 0.00149370846339,
        "dmean2": 0.00229911529459,
        "dvar": 4.62018351755e-06,
        "dvar2": 1.12673578769e-05,
        "max": 0.0334201976657,
        "mean": 0.00412897998467,
        "median": 0.00352116418071,
        "min": 1.22022266997e-21,
        "var": 9.51889796852e-06
    },
    "spectral_energyband_middle_low": {
        "dmean": 0.00847422797233,
        "dmean2": 0.0139335850254,
        "dvar": 0.000280566804577,
        "dvar2": 0.000729891238734,
        "max": 0.185275629163,
        "mean": 0.0130240898579,
        "median": 0.00787703040987,
        "min": 1.54035744522e-22,
        "var": 0.000275882426649
    },
    "spectral_entropy": {
        "dmean": 0.349467784166,
        "dmean2": 0.520170986652,
        "dvar": 0.111725077033,
        "dvar2": 0.217379868031,
        "max": 9.82077217102,
        "mean": 6.92009353638,
        "median": 6.82768440247,
        "min": 4.55169439316,
        "var": 0.402985453606
    },
    "spectral_flux": {
        "dmean": 0.0354086123407,
        "dmean2": 0.054374486208,
        "dvar": 0.00227928161621,
        "dvar2": 0.00485295942053,
        "max": 0.446447402239,
        "mean": 0.0825971215963,
        "median": 0.0613180994987,
        "min": 6.3273337958e-11,
        "var": 0.00428931321949
    },
    "spectral_kurtosis": {
        "dmean": 9.00072383881,
        "dmean2": 14.827085495,
        "dvar": 114.919563293,
        "dvar2": 305.131347656,
        "max": 242.909103394,
        "mean": 15.3162021637,
        "median": 10.4225978851,
        "min": -1.26031374931,
        "var": 281.867614746
    },
    "spectral_rms": {
        "dmean": 0.00117603829131,
        "dmean2": 0.00183811981697,
        "dvar": 2.55274358096e-06,
        "dvar2": 6.19163347437e-06,
        "max": 0.0178116112947,
        "mean": 0.00514398049563,
        "median": 0.00477276789024,
        "min": 3.14516294952e-12,
        "var": 6.80037328493e-06
    },
    "spectral_rolloff": {
        "dmean": 211.644607544,
        "dmean2": 355.451202393,
        "dvar": 107042.195312,
        "dvar2": 199795.9375,
        "max": 19638.28125,
        "mean": 952.69732666,
        "median": 775.1953125,
        "min": 64.599609375,
        "var": 2810818.75
    },
    "spectral_skewness": {
        "dmean": 0.694864869118,
        "dmean2": 1.13885247707,
        "dvar": 0.442486196756,
        "dvar2": 1.19214606285,
        "max": 13.4701805115,
        "mean": 2.54069805145,
        "median": 2.3626909256,
        "min": -0.0794992372394,
        "var": 1.24977529049
    },
    "spectral_spread": {
        "dmean": 885391.9375,
        "dmean2": 1279649.75,
        "dvar": 906046996480,
        "dvar2": 1.66826108518e+12,
        "max": 42641912,
        "mean": 3222123.75,
        "median": 2376909.25,
        "min": 383661,
        "var": 1.35738970604e+13
    },
    "spectral_strongpeak": {
        "dmean": 0.356189727783,
        "dmean2": 0.613974690437,
        "dvar": 0.3072912395,
        "dvar2": 0.772428452969,
        "max": 5.65487623215,
        "mean": 0.652475655079,
        "median": 0.385891199112,
        "min": 0,
        "var": 0.480903416872
    },
    "zerocrossingrate": {
        "dmean": 0.00605817977339,
        "dmean2": 0.0077554564923,
        "dvar": 6.58769567963e-05,
        "dvar2": 7.98174442025e-05,
        "max": 0.71630859375,
        "mean": 0.0362894460559,
        "median": 0.03076171875,
        "min": 0.00341796875,
        "var": 0.00205856817774
    },
    "barkbands": {
        "dmean": [0.000260298256762, 0.0066075832583, 0.00375713873655, 0.00372275640257, 0.00246587581933, 0.00111149414442, 0.00134487554897, 0.00100200029556, 0.000569730764255, 0.000491092505399, 0.000426661281381, 0.000470926315757, 0.000222756745643, 0.000290843658149, 0.00012094592239, 7.9651181295e-05, 6.72086825944e-05, 5.19531422469e-05, 5.86706228205e-05, 6.50822985335e-05, 5.65155278309e-05, 3.90592285839e-05, 3.39243160852e-05, 2.37065250985e-05, 1.53059336299e-05, 1.40172642205e-05, 5.88483180763e-06],
        "dmean2": [0.000399925978854, 0.0105249080807, 0.00618273532018, 0.00651101116091, 0.00412929058075, 0.00176077242941, 0.00225847400725, 0.00163832248654, 0.000876937119756, 0.000768416794017, 0.000652457238175, 0.000712605833542, 0.000349679292412, 0.00044338524458, 0.000198878638912, 0.000135782873258, 0.000112269364763, 8.70005678735e-05, 9.87534804153e-05, 0.000109832893941, 9.4053473731e-05, 6.50514775771e-05, 5.67195020267e-05, 3.99488417315e-05, 2.50610810326e-05, 2.32024030993e-05, 1.00358774944e-05],
        "dvar": [3.29406248056e-07, 0.000191461120266, 6.18318590568e-05, 9.49062523432e-05, 5.17560438311e-05, 4.07019842896e-06, 6.3784118538e-06, 6.28052384855e-06, 1.01350667592e-06, 1.08079609618e-06, 6.39285758552e-07, 5.46495130038e-07, 2.74902760111e-07, 3.21164350225e-07, 3.96066006658e-08, 6.8243643625e-08, 1.4340113097e-08, 7.20328596771e-09, 1.17531531174e-08, 1.9575107757e-08, 1.16348992663e-08, 5.69678970663e-09, 8.46291658974e-09, 2.55645771219e-09, 1.04951480839e-09, 9.77374514655e-10, 5.71662828186e-10],
        "dvar2": [7.93371896179e-07, 0.000511329388246, 0.000156917114509, 0.000262007961283, 0.000136898073833, 9.5952555057e-06, 1.6691205019e-05, 1.67214348039e-05, 2.29691636378e-06, 2.62281855612e-06, 1.50490495798e-06, 1.26254951738e-06, 6.96414076629e-07, 7.67922983869e-07, 9.77559437843e-08, 1.92179598457e-07, 3.79649449656e-08, 1.81746511174e-08, 3.03504812393e-08, 5.10712929724e-08, 2.84253491856e-08, 1.34125004436e-08, 2.18837907795e-08, 6.62196253387e-09, 2.510320396e-09, 2.52983967108e-09, 1.49401147009e-09],
        "max": [0.00753782130778, 0.258604764938, 0.10660199821, 0.102384030819, 0.10512200743, 0.074506342411, 0.0364264659584, 0.0521368719637, 0.0202167201787, 0.0262789856642, 0.0278556868434, 0.0135306818411, 0.0155972931534, 0.0149922836572, 0.00373515184037, 0.0103520080447, 0.00297293020412, 0.00113254529424, 0.00153445836622, 0.00208874326199, 0.00132118992042, 0.00102936802432, 0.00118250446394, 0.00057851098245, 0.000359536323231, 0.000266418908723, 0.000323063024553],
        "mean": [0.000374662573449, 0.0113758817315, 0.0051687778905, 0.00373686244711, 0.00290065142326, 0.00179696187843, 0.00187803478912, 0.00131497043185, 0.0010122214444, 0.000844559282996, 0.000884429027792, 0.00103544257581, 0.000379580247682, 0.00058981886832, 0.000215542677324, 0.00010125888366, 0.000107881722215, 6.77524876664e-05, 6.68410866638e-05, 6.97657742421e-05, 5.33515158168e-05, 3.72014801542e-05, 2.94856254186e-05, 2.08292694879e-05, 1.38123596116e-05, 1.16157889352e-05, 4.30650879935e-06],
        "median": [3.29235481331e-05, 0.0039741480723, 0.00251157116145, 0.000865521724336, 0.001191862626, 0.000990785076283, 0.00101059768349, 0.000592301017605, 0.000516649975907, 0.000436364236521, 0.000424518511863, 0.000580121995881, 0.000184028103831, 0.000176463072421, 9.81609409791e-05, 3.5360451875e-05, 6.20239661657e-05, 3.59169571311e-05, 2.75515121757e-05, 2.14430747292e-05, 5.36155948794e-06, 2.33193418353e-06, 1.30623334371e-06, 7.07838694325e-07, 4.19704804244e-07, 2.15882209886e-07, 1.66819482672e-08],
        "min": [3.11949276424e-25, 6.15605455367e-25, 1.68343153832e-24, 7.44395034665e-25, 1.48694017079e-23, 4.63953355833e-24, 8.55158116759e-24, 1.16136938659e-23, 1.61610020903e-23, 1.74434658856e-23, 9.5035524756e-24, 1.79841353729e-23, 2.1794521294e-23, 2.88280887442e-23, 3.85478395949e-23, 4.36322721656e-23, 7.11993099548e-23, 8.34595652627e-23, 1.13018864957e-22, 1.89984956388e-22, 2.49609322903e-22, 3.18201649514e-22, 4.40192715484e-22, 6.12308432513e-22, 7.973395065e-22, 1.34232884652e-21, 1.89222977338e-21],
        "var": [6.48099444334e-07, 0.000371736532543, 7.04430422047e-05, 7.52992709749e-05, 4.20440555899e-05, 6.45418458589e-06, 7.34745890441e-06, 6.31179182164e-06, 2.08668780033e-06, 1.58904174441e-06, 1.71429519469e-06, 1.53935718572e-06, 4.14611946553e-07, 8.01960538865e-07, 9.55592938112e-08, 5.68519880062e-08, 2.00847747323e-08, 8.53320880623e-09, 1.1813340528e-08, 1.82277464233e-08, 1.26090498043e-08, 6.61669385948e-09, 7.31752836103e-09, 2.38417774412e-09, 1.02688757497e-09, 8.22640733311e-10, 4.26199686654e-10]
    },
    "erbbands": {
        "dmean": [0.180229336023, 1.55666148663, 3.99096083641, 8.66755867004, 11.9360141754, 6.4738445282, 6.8675699234, 9.70932579041, 19.5881748199, 17.9746932983, 22.4003219604, 12.2938051224, 15.0294437408, 13.463341713, 14.8328533173, 18.3887310028, 12.130522728, 12.9574947357, 9.26561355591, 5.08148145676, 4.00785398483, 3.56954145432, 2.77802538872, 3.20845985413, 2.90278506279, 3.03087377548, 2.55687832832, 1.99375367165, 1.43063139915, 1.25805747509, 0.928648650646, 0.625536859035, 0.316518008709, 0.184317708015, 0.10085915029, 0.0641149058938, 0.0247290022671, 0.00806176569313, 0.00094301829813, 3.97239127778e-05],
        "dmean2": [0.264700591564, 2.5742354393, 6.56325101852, 15.0020923615, 20.2815284729, 10.8927850723, 11.1834802628, 15.4197015762, 32.8340606689, 29.3736820221, 36.7944641113, 19.166261673, 23.5104179382, 21.1044082642, 22.9672451019, 27.7948703766, 18.6831951141, 19.6721076965, 14.5349550247, 8.50247192383, 6.82982492447, 6.0166516304, 4.67035675049, 5.3391866684, 4.94549274445, 5.15931415558, 4.24989461899, 3.28276729584, 2.38714385033, 2.09661650658, 1.5697401762, 1.06037604809, 0.525390326977, 0.301462382078, 0.166389852762, 0.107814282179, 0.0408407598734, 0.0134108439088, 0.00161477318034, 6.63071696181e-05],
        "dvar": [0.187890335917, 10.2717437744, 67.5958862305, 485.254669189, 1191.35754395, 321.83605957, 198.008239746, 346.013427734, 1223.06481934, 1787.58447266, 2684.79736328, 527.95880127, 1098.05908203, 537.889282227, 1225.00939941, 796.788818359, 564.998413086, 528.508239746, 367.622711182, 101.857543945, 100.497192383, 45.4458045959, 22.6145000458, 31.6745986938, 36.6918678284, 45.814907074, 24.7501449585, 14.6580619812, 8.043841362, 8.23900604248, 6.0240521431, 2.05203294754, 0.404256641865, 0.146156311035, 0.0458090901375, 0.0235267709941, 0.00304869981483, 0.00064468733035, 1.57647173182e-05, 1.09096509604e-08],
        "dvar2": [0.413076341152, 28.9411716461, 171.514434814, 1334.578125, 3126.1027832, 887.870239258, 501.105499268, 798.368286133, 3221.62158203, 4735.56347656, 7185.19482422, 1240.796875, 2681.47314453, 1313.22766113, 2910.78125, 1853.18103027, 1404.20483398, 1239.79150391, 895.115234375, 270.312927246, 278.447967529, 120.980262756, 57.2894859314, 81.1666412354, 98.0991592407, 120.358734131, 61.4004478455, 35.0075569153, 19.1817111969, 20.0646572113, 15.7248764038, 5.42452526093, 1.01085853577, 0.343226790428, 0.113602176309, 0.0620890893042, 0.00783799774945, 0.00165012653451, 4.13354573539e-05, 2.83715220206e-08],
        "max": [10.3037157059, 58.7062988281, 106.947601318, 229.731369019, 490.818847656, 266.139068604, 220.664199829, 924.731628418, 519.875671387, 779.842590332, 904.344787598, 521.632629395, 1018.94335938, 507.837799072, 1383.03308105, 554.396850586, 643.181396484, 430.088256836, 637.462585449, 286.304138184, 333.151611328, 195.216934204, 65.3680801392, 94.3950653076, 85.7751541138, 102.361076355, 61.0460243225, 42.6491165161, 48.7509689331, 33.1454162598, 31.9617385864, 18.4598197937, 6.52315139771, 4.82108163834, 1.97353494167, 1.40191411972, 0.539220690727, 0.372847497463, 0.0512584410608, 0.00160827231593],
        "mean": [0.335806727409, 2.46969246864, 6.10173511505, 9.61574459076, 12.4192829132, 8.18749904633, 10.0567722321, 15.5699491501, 28.0374031067, 25.2768688202, 30.6861820221, 22.0082035065, 27.3212738037, 27.3742771149, 28.3855438232, 41.9232902527, 25.4595623016, 27.2629013062, 19.4072246552, 8.29795742035, 5.78573846817, 5.521961689, 3.57819604874, 4.1689157486, 3.29684853554, 3.1021566391, 2.44272375107, 1.90428376198, 1.35337460041, 1.12902295589, 0.810060679913, 0.546708583832, 0.283190995455, 0.168176814914, 0.0887373685837, 0.052217271179, 0.0206959489733, 0.0064333085902, 0.000693713373039, 5.42906127521e-05],
        "median": [0.0604973994195, 1.01885092258, 3.18088889122, 3.29466128349, 3.29010295868, 3.53628253937, 4.85749387741, 8.56383037567, 15.4755344391, 11.8061571121, 15.3100700378, 12.0094575882, 13.9574613571, 14.9096698761, 13.0698022842, 25.6601467133, 15.0550022125, 13.0687837601, 9.57096099854, 5.2580780983, 3.11093688011, 2.97882580757, 1.6579529047, 2.21395564079, 1.37564539909, 0.979704678059, 0.340340584517, 0.188559383154, 0.0925716161728, 0.0606837943196, 0.0375722050667, 0.0190736819059, 0.00950121413916, 0.00507415179163, 0.00239012856036, 0.00103868858423, 0.000377742340788, 7.52810447011e-05, 1.87388541235e-05, 2.90302214125e-05],
        "min": [4.12383664636e-23, 8.53269631084e-23, 1.92476446709e-21, 6.26112311908e-21, 1.44262883769e-20, 2.2996000692e-20, 3.59758878352e-20, 5.77567941346e-20, 1.4417516385e-19, 1.39520566844e-19, 2.82795784037e-19, 3.62895146569e-19, 4.49294781936e-19, 5.56048540443e-19, 8.33880878912e-19, 9.17635294078e-19, 1.39257086554e-18, 1.49788688075e-18, 2.61265844335e-18, 2.83267566499e-18, 3.19566381768e-18, 5.02420818668e-18, 4.89789853433e-18, 5.3563220298e-18, 6.96783199046e-18, 7.57250432696e-18, 8.98397720008e-18, 1.12822265673e-17, 1.19075825551e-17, 1.25660952504e-17, 1.15698273402e-17, 1.17738994147e-17, 9.07993925012e-18, 7.23932424803e-18, 6.44699813135e-18, 4.1856968541e-18, 2.23414452415e-18, 9.56550522983e-19, 2.56161576439e-19, 2.77924672506e-20],
        "var": [0.528069853783, 15.285276413, 83.1295318604, 389.576293945, 991.94342041, 270.450622559, 258.539031982, 569.931640625, 1444.0201416, 1884.15722656, 2672.20654297, 968.58795166, 1614.51647949, 1235.20349121, 2759.27294922, 2247.18701172, 1028.83972168, 1429.13684082, 788.586120605, 115.413833618, 90.1960983276, 60.4085540771, 26.8389625549, 35.2295036316, 32.009098053, 40.2085494995, 25.7500152588, 16.669878006, 8.98543739319, 8.4614648819, 5.19331979752, 1.85399496555, 0.392973214388, 0.149809896946, 0.0424994565547, 0.0182803664356, 0.00264074467123, 0.00052816135576, 1.15683142212e-05, 9.0578247125e-09]
    },
    "gfcc": {
        "mean": [-63.7120170593, 162.299087524, -122.879585266, 10.7841501236, -38.3007888794, 4.85723352432, -18.1311779022, -1.3234500885, -16.9468193054, 0.50971776247, -6.3368434906, -7.32832050323, -11.0468950272],
        "cov": [[19394.6367188, -2341.36132812, 191.702301025, 1031.2064209, -1192.38659668, 1167.66308594, -726.079040527, 649.545654297, -489.631500244, 607.041564941, -455.511901855, 460.029022217, -417.048217773], [-2341.36132812, 2977.59716797, -964.462524414, -301.226654053, 651.629821777, -653.952575684, 485.672149658, -329.219451904, 316.662841797, -283.521331787, 373.289764404, -362.514587402, 241.561126709], [191.702301025, -964.462524414, 777.131713867, 131.681442261, -85.6599502563, 275.84954834, -107.498222351, 150.669952393, -68.3966293335, 96.204864502, -128.513076782, 147.965438843, -56.736289978], [1031.2064209, -301.226654053, 131.681442261, 361.135894775, -51.6528778076, 156.261764526, -10.5192861557, 53.664932251, -3.51151537895, 59.5006484985, -60.3497047424, 24.8537044525, 28.8306293488], [-1192.38659668, 651.629821777, -85.6599502563, -51.6528778076, 390.981719971, -120.449447632, 189.621780396, -53.5492134094, 100.887359619, -38.1168479919, 101.879798889, -71.8381958008, 77.7150497437], [1167.66308594, -653.952575684, 275.84954834, 156.261764526, -120.449447632, 323.554595947, -79.5859298706, 134.257720947, -53.1865692139, 94.1585083008, -87.5243148804, 101.637901306, -47.8789672852], [-726.079040527, 485.672149658, -107.498222351, -10.5192861557, 189.621780396, -79.5859298706, 207.701339722, -17.566368103, 97.2336196899, -26.2993717194, 82.7958068848, -56.3407058716, 67.0583877563], [649.545654297, -329.219451904, 150.669952393, 53.664932251, -53.5492134094, 134.257720947, -17.566368103, 151.178283691, 5.87443637848, 66.7525177002, -25.2417850494, 66.4244689941, -23.4568157196], [-489.631500244, 316.662841797, -68.3966293335, -3.51151537895, 100.887359619, -53.1865692139, 97.2336196899, 5.87443637848, 141.083786011, 12.1955976486, 68.1973419189, -34.5726890564, 54.5931663513], [607.041564941, -283.521331787, 96.204864502, 59.5006484985, -38.1168479919, 94.1585083008, -26.2993717194, 66.7525177002, 12.1955976486, 122.169784546, -5.09788608551, 49.2779083252, -12.8900175095], [-455.511901855, 373.289764404, -128.513076782, -60.3497047424, 101.879798889, -87.5243148804, 82.7958068848, -25.2417850494, 68.1973419189, -5.09788608551, 143.08921814, -13.4316892624, 28.3294258118], [460.029022217, -362.514587402, 147.965438843, 24.8537044525, -71.8381958008, 101.637901306, -56.3407058716, 66.4244689941, -34.5726890564, 49.2779083252, -13.4316892624, 122.592918396, -13.7810506821], [-417.048217773, 241.561126709, -56.736289978, 28.8306293488, 77.7150497437, -47.8789672852, 67.0583877563, -23.4568157196, 54.5931663513, -12.8900175095, 28.3294258118, -13.7810506821, 110.685905457]],
        "icov": [[0.000140352771268, -0.000281886343146, 0.000156806927407, -0.000346986606019, 0.000248305266723, -0.000197137444047, 0.000221101086936, -0.00041087140562, 0.000445146171842, -0.000638052937575, 0.000327145156916, -0.000382135855034, 0.000408962689107], [-0.000281886343146, 0.00248137279414, 0.00059086404508, 0.000912411953323, -0.00155915867072, 0.000811076664831, -0.00109342264477, 0.00122765812557, -0.00193067430519, 0.00313633307815, -0.00237720971927, 0.00247433804907, -0.00181006465573], [0.000156806927407, 0.00059086404508, 0.00294135906734, -0.000460128241684, -0.00108131486923, -0.000781073467806, 0.00029524997808, -0.000809557328466, -0.000319506390952, 7.62381678214e-05, 0.00125965545885, -0.0016203323612, 0.000642114784569], [-0.000346986606019, 0.000912411953323, -0.000460128241684, 0.00506931357086, -0.000198429755983, -0.00164779357146, -0.00122260523494, 0.00153513450641, -0.00109215162229, 0.000603253138252, -0.000205649746931, 0.00242891767994, -0.00339835789055], [0.000248305266723, -0.00155915867072, -0.00108131486923, -0.000198429755983, 0.0063698659651, -0.000481862574816, -0.00302512710914, 7.79776310083e-05, 0.00129000318702, -0.00227498053573, 6.77049411024e-06, -0.000209866586374, 7.50619437895e-05], [-0.000197137444047, 0.000811076664831, -0.000781073467806, -0.00164779357146, -0.000481862574816, 0.00882993452251, -0.000801560294349, -0.00293278391473, 0.000228969816817, -0.000537751475349, 0.00110734254122, -0.00146450020839, 0.000896594894584], [0.000221101086936, -0.00109342264477, 0.00029524997808, -0.00122260523494, -0.00302512710914, -0.000801560294349, 0.0128473807126, -0.00327327754349, -0.0017973294016, 0.00034345081076, -0.0017524153227, 0.00139701564331, -0.00146180251613], [-0.00041087140562, 0.00122765812557, -0.000809557328466, 0.00153513450641, 7.79776310083e-05, -0.00293278391473, -0.00327327754349, 0.0152319492772, -0.00515901809558, -0.000261671375483, 0.000144466932397, -0.0026648407802, 0.000990861561149], [0.000445146171842, -0.00193067430519, -0.000319506390952, -0.00109215162229, 0.00129000318702, 0.000228969816817, -0.0017973294016, -0.00515901809558, 0.0168372262269, -0.00633520074189, -0.00238196901046, 0.00246795080602, -0.00292505580001], [-0.000638052937575, 0.00313633307815, 7.62381678214e-05, 0.000603253138252, -0.00227498053573, -0.000537751475349, 0.00034345081076, -0.000261671375483, -0.00633520074189, 0.0180004294962, -0.0047425837256, 0.00113496475387, -0.00168962345924], [0.000327145156916, -0.00237720971927, 0.00125965545885, -0.000205649746931, 6.77049411024e-06, 0.00110734254122, -0.0017524153227, 0.000144466932397, -0.00238196901046, -0.0047425837256, 0.0163852702826, -0.00804126169533, 0.00411411048844], [-0.000382135855034, 0.00247433804907, -0.0016203323612, 0.00242891767994, -0.000209866586374, -0.00146450020839, 0.00139701564331, -0.0026648407802, 0.00246795080602, 0.00113496475387, -0.00804126169533, 0.0201517101377, -0.00671827699989], [0.000408962689107, -0.00181006465573, 0.000642114784569, -0.00339835789055, 7.50619437895e-05, 0.000896594894584, -0.00146180251613, 0.000990861561149, -0.00292505580001, -0.00168962345924, 0.00411411048844, -0.00671827699989, 0.0165273360908]]
    },
    "melbands": {
        "dmean": [0.00173394614831, 0.00197195471264, 0.00162870751228, 0.000644041749183, 0.000233471000683, 0.000230861041928, 0.000287645409117, 0.000200971247978, 0.000180413961061, 7.23629273125e-05, 7.69223843236e-05, 5.54441430722e-05, 4.82613104396e-05, 3.88333646697e-05, 5.77190621698e-05, 2.07673056138e-05, 2.75392521871e-05, 1.72215186467e-05, 9.98832001642e-06, 6.41554333924e-06, 4.53140910395e-06, 4.1987914301e-06, 2.4542250685e-06, 2.50219727604e-06, 2.71076442004e-06, 2.18820787268e-06, 2.11234237213e-06, 2.07368611882e-06, 1.69683460172e-06, 1.35122797928e-06, 1.08650397124e-06, 8.29375551348e-07, 7.21035917195e-07, 7.07494393737e-07, 6.04060346632e-07, 3.98642356458e-07, 3.66861513612e-07, 2.34695022527e-07, 1.77659387646e-07, 1.47322012367e-07],
        "dmean2": [0.00269657024182, 0.0032731955871, 0.00278096226975, 0.00107911787927, 0.000382770609576, 0.000369155284716, 0.000480272719869, 0.000326624372974, 0.000293635763228, 0.000111934707093, 0.000120304110169, 8.7232736405e-05, 7.45917350287e-05, 5.95674318902e-05, 8.62509477884e-05, 3.31107585225e-05, 4.16065558966e-05, 2.68342810159e-05, 1.65249384736e-05, 1.0881453818e-05, 7.70913175074e-06, 7.04280091668e-06, 4.13018142353e-06, 4.1964308366e-06, 4.52151152786e-06, 3.75462332158e-06, 3.62391097042e-06, 3.54204212272e-06, 2.84520456262e-06, 2.29830129683e-06, 1.80557879048e-06, 1.38905829772e-06, 1.22035180539e-06, 1.19303933843e-06, 1.04085449948e-06, 6.63257083033e-07, 6.25917721209e-07, 3.92655465475e-07, 2.92534167556e-07, 2.4240424068e-07],
        "dvar": [1.47674982145e-05, 1.520771184e-05, 1.60499275808e-05, 3.43750434695e-06, 2.50162344173e-07, 1.72656143604e-07, 2.68766370937e-07, 2.38629098703e-07, 1.54007437914e-07, 1.94822469268e-08, 2.88505592749e-08, 9.55974233108e-09, 1.01584083367e-08, 5.1725548289e-09, 9.94798021736e-09, 4.31856594929e-09, 2.58621812854e-09, 1.75788295032e-09, 3.21922793978e-10, 5.20468668164e-10, 9.04656211054e-11, 6.28916571599e-11, 1.81397986909e-11, 1.85510235645e-11, 2.41623249186e-11, 1.91186528414e-11, 2.32622515001e-11, 2.27155030896e-11, 1.15603984718e-11, 6.96051549731e-12, 4.74240959003e-12, 2.92157704279e-12, 2.13281822758e-12, 3.47831312364e-12, 3.11386745382e-12, 8.70048119921e-13, 6.76468267253e-13, 2.23222915846e-13, 1.60288313655e-13, 9.2289809692e-14],
        "dvar2": [3.74991141143e-05, 3.95976639993e-05, 4.34514076915e-05, 9.10772087082e-06, 6.56937345411e-07, 4.06460202385e-07, 7.0566204613e-07, 6.29394435236e-07, 4.03895569434e-07, 4.48771473316e-08, 7.03427005533e-08, 2.34071002581e-08, 2.44285907058e-08, 1.24542243185e-08, 2.22345111212e-08, 1.09565760908e-08, 5.96534954767e-09, 4.27564517125e-09, 8.14192158138e-10, 1.47761347602e-09, 2.4530949494e-10, 1.68371774856e-10, 4.63370244952e-11, 4.71214560427e-11, 6.23102819342e-11, 5.05386392458e-11, 6.30430985193e-11, 5.90004364809e-11, 2.85018605939e-11, 1.68366865588e-11, 1.14191937156e-11, 6.96313362872e-12, 5.22393760194e-12, 8.73668411921e-12, 8.33575569681e-12, 2.22298872019e-12, 1.79751591216e-12, 5.61257908639e-13, 4.03645297525e-13, 2.12000542447e-13],
        "max": [0.08193025738, 0.0488221235573, 0.0381117388606, 0.02667472139, 0.00699849240482, 0.0179505329579, 0.00816933810711, 0.0103177390993, 0.00614916160703, 0.00354827847332, 0.00508549809456, 0.00200981996022, 0.00371143314987, 0.00178034452256, 0.00230800104327, 0.00209785462357, 0.000966359220911, 0.00144056114368, 0.000401198660256, 0.000957232667133, 0.000240576729993, 0.000234520935919, 5.11409853061e-05, 6.67314889142e-05, 8.70601797942e-05, 6.23439627816e-05, 8.9107779786e-05, 7.61162082199e-05, 3.79610792152e-05, 3.7300564145e-05, 2.4675804525e-05, 3.35489385179e-05, 1.77886995516e-05, 2.28668104683e-05, 2.50422126555e-05, 1.45545100168e-05, 1.01254281617e-05, 4.35026913692e-06, 7.9981118688e-06, 3.22695655086e-06],
        "mean": [0.00302265118808, 0.00330824707635, 0.00183107575867, 0.000730872619897, 0.000343688385328, 0.000373491842765, 0.00041195738595, 0.000274545425782, 0.000255256891251, 0.000130504136905, 0.000134904781589, 0.000106904226413, 9.3595997896e-05, 7.95958549134e-05, 0.000127876090119, 3.34919859597e-05, 5.63848298043e-05, 3.43024075846e-05, 1.67172620422e-05, 8.42190820549e-06, 6.26767950962e-06, 6.61680496705e-06, 3.08898415824e-06, 3.14853241434e-06, 3.43979922945e-06, 2.35236871049e-06, 2.31489593716e-06, 2.04008370019e-06, 1.60483409672e-06, 1.29048294184e-06, 1.0135543107e-06, 7.76209503783e-07, 6.65918321374e-07, 6.11312884757e-07, 5.06943422351e-07, 3.60587392834e-07, 3.15545662488e-07, 2.0697882519e-07, 1.58811531037e-07, 1.33654936008e-07],
        "median": [0.000855572056025, 0.00176653009839, 0.000619249767624, 0.000264157628408, 0.000169758292031, 0.000214517131099, 0.000230359146371, 0.000119397649541, 0.000121371012938, 7.02679462847e-05, 6.44835890853e-05, 5.59610052733e-05, 4.53012689832e-05, 5.23338276253e-05, 5.71896707697e-05, 9.00250779523e-06, 2.03004728974e-05, 1.21645407489e-05, 8.27346866572e-06, 3.10869677378e-06, 3.15516376759e-06, 3.57160161002e-06, 1.44364946664e-06, 1.53551775384e-06, 1.77844890459e-06, 8.6789185616e-07, 7.73920021402e-07, 5.20536673321e-07, 2.09243566474e-07, 1.50295591084e-07, 8.05842290674e-08, 4.89000235859e-08, 3.77152673536e-08, 2.90847754769e-08, 2.11981312503e-08, 1.38809612693e-08, 1.00070947084e-08, 6.74804434553e-09, 4.95715468674e-09, 3.74323638752e-09],
        "min": [2.31774433702e-25, 5.56917211551e-25, 1.32125839699e-24, 2.15460849347e-24, 1.32093279465e-24, 1.4604539884e-24, 2.24692336318e-24, 1.15881103179e-24, 1.83579173913e-24, 2.28623644361e-24, 1.63975339469e-24, 1.84889886028e-24, 1.80180169487e-24, 1.55582855374e-24, 2.83053153555e-24, 3.4250790393e-24, 2.43248080303e-24, 3.69393900745e-24, 3.47685868583e-24, 2.80113207012e-24, 3.5940479176e-24, 3.92199751186e-24, 4.17626236997e-24, 3.17133975977e-24, 4.16487082407e-24, 4.0563468349e-24, 5.11055096636e-24, 4.38697895067e-24, 4.8937447739e-24, 5.09495518626e-24, 5.81122432212e-24, 6.30044863984e-24, 5.92204192437e-24, 5.71567275612e-24, 5.87739791916e-24, 6.48192135792e-24, 6.33867841703e-24, 5.90842579071e-24, 6.52212289294e-24, 5.3689869265e-24],
        "var": [3.27610396198e-05, 2.12194408959e-05, 1.34939355121e-05, 2.81868142338e-06, 2.92163406357e-07, 2.76000776012e-07, 3.14706880999e-07, 2.53188915167e-07, 1.76557378495e-07, 3.7820086618e-08, 4.25947597193e-08, 2.00410088524e-08, 2.32379928633e-08, 1.00396890801e-08, 3.24947180275e-08, 6.5749929945e-09, 7.48438822029e-09, 3.66402774787e-09, 5.42790201674e-10, 4.30905700011e-10, 9.31874369337e-11, 8.93697477133e-11, 2.08063236778e-11, 2.07253120915e-11, 2.66643148533e-11, 1.71532892057e-11, 1.98692139131e-11, 2.03139085414e-11, 1.16366629874e-11, 7.76376966188e-12, 5.16838611839e-12, 3.22242536474e-12, 2.29063773158e-12, 3.14992454863e-12, 2.46743879669e-12, 8.2798649664e-13, 6.06813590261e-13, 2.11635179867e-13, 1.46453975249e-13, 9.66223019021e-14]
    },
    "mfcc": {
        "mean": [-700.822875977, 188.798324585, -9.78954219818, 15.7911319733, -0.111867241561, 6.40291070938, 8.41133117676, 2.44821238518, -1.92062354088, 3.73184013367, 1.99529087543, 1.98373663425, 1.34734678268],
        "cov": [[8973.01171875, -1563.14318848, 478.120300293, 438.455657959, -118.68535614, 473.555114746, -75.5488357544, 113.788154602, 74.6025848389, 129.895095825, 7.29262065887, 174.225036621, 66.5297470093], [-1563.14318848, 2328.38061523, -680.520080566, 112.471389771, 109.636367798, -176.523086548, 179.752716064, -30.3236083984, -1.78323996067, 50.3650856018, 101.963851929, 17.5513648987, 65.7647323608], [478.120300293, -680.520080566, 559.728881836, -54.9136581421, 16.1769924164, 84.8517532349, -56.0244026184, 51.8747749329, 26.471786499, -20.5032444, -39.0595207214, -5.8227648735, -36.0046806335], [438.455657959, 112.471389771, -54.9136581421, 250.178268433, 39.625667572, 72.183303833, 46.6662635803, -2.3406932354, 58.0908737183, 49.6262397766, 3.32269501686, 11.8772163391, 1.26932692528], [-118.68535614, 109.636367798, 16.1769924164, 39.625667572, 127.545806885, 40.1976661682, 36.3222732544, 19.9556350708, 15.9419393539, 17.7940788269, 9.82153892517, -4.16960954666, 1.9199283123], [473.555114746, -176.523086548, 84.8517532349, 72.183303833, 40.1976661682, 162.880996704, 27.6055526733, 27.697977066, 48.5394325256, 30.1336040497, -0.342763751745, 13.0848970413, -8.82705020905], [-75.5488357544, 179.752716064, -56.0244026184, 46.6662635803, 36.3222732544, 27.6055526733, 109.374671936, 27.690410614, 20.3993415833, 18.4634094238, 13.8904066086, 5.45174741745, 5.93324565887], [113.788154602, -30.3236083984, 51.8747749329, -2.3406932354, 19.9556350708, 27.697977066, 27.690410614, 111.914497375, 23.2578220367, 3.08133101463, 17.3152732849, 5.9004483223, 17.9445362091], [74.6025848389, -1.78323996067, 26.471786499, 58.0908737183, 15.9419393539, 48.5394325256, 20.3993415833, 23.2578220367, 113.410987854, 49.2919616699, -4.45410013199, 10.2782678604, -17.1417121887], [129.895095825, 50.3650856018, -20.5032444, 49.6262397766, 17.7940788269, 30.1336040497, 18.4634094238, 3.08133101463, 49.2919616699, 93.3273468018, 29.5191898346, 15.4016637802, 5.18760681152], [7.29262065887, 101.963851929, -39.0595207214, 3.32269501686, 9.82153892517, -0.342763751745, 13.8904066086, 17.3152732849, -4.45410013199, 29.5191898346, 84.7359161377, 35.1417503357, 12.9283781052], [174.225036621, 17.5513648987, -5.8227648735, 11.8772163391, -4.16960954666, 13.0848970413, 5.45174741745, 5.9004483223, 10.2782678604, 15.4016637802, 35.1417503357, 76.9778213501, 30.3649368286], [66.5297470093, 65.7647323608, -36.0046806335, 1.26932692528, 1.9199283123, -8.82705020905, 5.93324565887, 17.9445362091, -17.1417121887, 5.18760681152, 12.9283781052, 30.3649368286, 89.5756835938]],
