{
"lowlevel": {
    "average_loudness": 0.699771106243,
    "barkbands_crest": {
        "dmean": 2.14121675491,
        "dmean2": 3.39999985695,
        "dvar": 4.64778375626,
        "dvar2": 11.3362264633,
        "max": 26.3624153137,
        "mean": 11.4801359177,
        "median": 10.6187839508,
        "min": 2.33062744141,
        "var": 20.0352573395
    },
    "barkbands_flatness_db": {
        "dmean": 0.0224077049643,
        "dmean2": 0.0328641310334,
        "dvar": 0.000595997436903,
        "dvar2": 0.00127643742599,
        "max": 0.469322234392,
        "mean": 0.162657663226,
        "median": 0.153470054269,
        "min": 0.0186157897115,
        "var": 0.00393602345139
    },
    "barkbands_kurtosis": {
        "dmean": 3.73939180374,
        "dmean2": 5.91994762421,
        "dvar": 47.5692405701,
        "dvar2": 108.356704712,
        "max": 166.562210083,
        "mean": 7.95423078537,
        "median": 4.9820022583,
        "min": -1.93083107471,
        "var": 127.302139282
    },
    "barkbands_skewness": {
        "dmean": 0.529844164848,
        "dmean2": 0.81403273344,
        "dvar": 0.393406838179,
        "dvar2": 0.898732066154,
        "max": 11.1068897247,
        "mean": 2.05922603607,
        "median": 1.99595987797,
        "min": -4.16123056412,
        "var": 1.77459311485
    },
    "barkbands_spread": {
        "dmean": 5.06662273407,
        "dmean2": 7.86562919617,
        "dvar": 70.3991088867,
        "dvar2": 157.67364502,
        "max": 104.888931274,
        "mean": 16.1583442688,
        "median": 12.2254962921,
        "min": 0.467280626297,
        "var": 193.96534729
    },
    "dissonance": {
        "dmean": 0.0214330088347,
        "dmean2": 0.0350686460733,
        "dvar": 0.000454374443507,
        "dvar2": 0.00116460910067,
        "max": 0.5,
        "mean": 0.439939379692,
        "median": 0.448214322329,
        "min": 0.142257675529,
        "var": 0.00156981206965
    },
    "dynamic_complexity": 4.80121564865,
    "erbbands_crest": {
        "dmean": 2.20875477791,
        "dmean2": 3.4105629921,
        "dvar": 5.35954141617,
        "dvar2": 12.4929018021,
        "max": 28.9986400604,
        "mean": 10.3875904083,
        "median": 9.56753444672,
        "min": 2.19524550438,
        "var": 22.3834056854
    },
    "erbbands_flatness_db": {
        "dmean": 0.0187394302338,
        "dmean2": 0.0246835649014,
        "dvar": 0.000429463165347,
        "dvar2": 0.000753133790568,
        "max": 0.394395768642,
        "mean": 0.165532380342,
        "median": 0.161056280136,
        "min": 0.0414971671999,
        "var": 0.00303437304683
    },
    "erbbands_kurtosis": {
        "dmean": 1.05508136749,
        "dmean2": 1.59800183773,
        "dvar": 3.59191226959,
        "dvar2": 7.41547870636,
        "max": 63.5131835938,
        "mean": 1.25854206085,
        "median": 0.30947804451,
        "min": -1.77522027493,
        "var": 11.1158809662
    },
    "erbbands_skewness": {
        "dmean": 0.340713381767,
        "dmean2": 0.503248751163,
        "dvar": 0.156146124005,
        "dvar2": 0.30418753624,
        "max": 4.96982002258,
        "mean": 0.7420617342,
        "median": 0.712357342243,
        "min": -6.55841255188,
        "var": 0.773070633411
    },
    "erbbands_spread": {
        "dmean": 7.99067211151,
        "dmean2": 11.6350593567,
        "dvar": 119.593162537,
        "dvar2": 258.824554443,
        "max": 166.535827637,
        "mean": 38.2065963745,
        "median": 34.3119277954,
        "min": 2.50604009628,
        "var": 443.450439453
    },
    "hfc": {
        "dmean": 5.17699384689,
        "dmean2": 7.07216358185,
        "dvar": 154.515213013,
        "dvar2": 277.935272217,
        "max": 443.518707275,
        "mean": 16.0070133209,
        "median": 8.2296962738,
        "min": 1.07296495695e-16,
        "var": 549.743835449
    },
    "melbands_crest": {
        "dmean": 2.65809822083,
        "dmean2": 4.28070878983,
        "dvar": 6.80389308929,
        "dvar2": 17.8383846283,
        "max": 32.0987739563,
        "mean": 15.201918602,
        "median": 14.5655298233,
        "min": 1.3544986248,
        "var": 26.6854934692
    },
    "melbands_flatness_db": {
        "dmean": 0.0251070410013,
        "dmean2": 0.0378570109606,
        "dvar": 0.000814389029983,
        "dvar2": 0.00183611898683,
        "max": 0.592419743538,
        "mean": 0.228737935424,
        "median": 0.219857037067,
        "min": 0.000376019539544,
        "var": 0.00569447083399
    },
    "melbands_kurtosis": {
        "dmean": 7.259288311,
        "dmean2": 11.6505975723,
        "dvar": 153.524734497,
        "dvar2": 392.221008301,
        "max": 227.88432312,
        "mean": 17.661108017,
        "median": 12.5091371536,
        "min": -1.91814041138,
        "var": 337.01473999
    },
    "melbands_skewness": {
        "dmean": 0.655705869198,
        "dmean2": 1.01151120663,
        "dvar": 0.614025831223,
        "dvar2": 1.50951194763,
        "max": 12.4050302505,
        "mean": 2.95920681953,
        "median": 2.84190392494,
        "min": -1.52193260193,
        "var": 2.61061286926
    },
    "melbands_spread": {
        "dmean": 5.31246519089,
        "dmean2": 8.10713863373,
        "dvar": 150.058883667,
        "dvar2": 265.721008301,
        "max": 277.005950928,
        "mean": 17.1053924561,
        "median": 11.817650795,
        "min": 0.65372222662,
        "var": 564.33807373
    },
    "pitch_salience": {
        "dmean": 0.0585925430059,
        "dmean2": 0.0943725332618,
        "dvar": 0.00354994367808,
        "dvar2": 0.0091742053628,
        "max": 0.981486618519,
        "mean": 0.531355202198,
        "median": 0.538224041462,
        "min": 0.100674107671,
        "var": 0.0134216900915
    },
    "silence_rate_20dB": {
        "dmean": 0,
        "dmean2": 0,
        "dvar": 0,
        "dvar2": 0,
        "max": 1,
        "mean": 1,
        "median": 1,
        "min": 1,
        "var": 0
    },
    "silence_rate_30dB": {
        "dmean": 0.00188323913608,
        "dmean2": 0.00376683310606,
        "dvar": 0.00187976984307,
        "dvar2": 0.00525960698724,
        "max": 1,
        "mean": 0.998870134354,
        "median": 1,
        "min": 0,
        "var": 0.00112844153773
    },
    "silence_rate_60dB": {
        "dmean": 0.0282485876232,
        "dmean2": 0.056502494961,
        "dvar": 0.0274488497525,
        "dvar2": 0.0619721151888,
        "max": 1,
        "mean": 0.143865928054,
        "median": 0,
        "min": 0,
        "var": 0.123170688748
    },
    "spectral_centroid": {
        "dmean": 193.211502075,
        "dmean2": 296.290527344,
        "dvar": 100053.476562,
        "dvar2": 190139.828125,
        "max": 11802.7060547,
        "mean": 960.648986816,
        "median": 756.028137207,
        "min": 179.470596313,
        "var": 1035253.875
    },
    "spectral_complexity": {
        "dmean": 2.28399252892,
        "dmean2": 3.44458055496,
        "dvar": 9.62375164032,
        "dvar2": 18.2105197906,
        "max": 53,
        "mean": 12.7445631027,
        "median": 12,
        "min": 0,
        "var": 57.7258491516
    },
    "spectral_decrease": {
        "dmean": 1.52181744983e-09,
        "dmean2": 2.43349185247e-09,
        "dvar": 9.13057842004e-18,
        "dvar2": 2.305007102e-17,
        "max": 2.52879401424e-24,
        "mean": -5.09760456069e-09,
        "median": -3.61063490217e-09,
        "min": -4.0937099044e-08,
        "var": 2.41948906421e-17
    },
    "spectral_energy": {
        "dmean": 0.00607330352068,
        "dmean2": 0.00963710434735,
        "dvar": 0.000142081349622,
        "dvar2": 0.000355042953743,
        "max": 0.161561653018,
        "mean": 0.0206914711744,
        "median": 0.0148001844063,
        "min": 1.00333680193e-20,
        "var": 0.000395841925638
    },
    "spectral_energyband_high": {
        "dmean": 0.00038670230424,
        "dmean2": 0.000512747268658,
        "dvar": 1.93343885257e-06,
        "dvar2": 3.15867282552e-06,
        "max": 0.0553743503988,
        "mean": 0.000733414490242,
        "median": 0.000149896251969,
        "min": 7.109679565e-21,
        "var": 5.79287188884e-06
    },
    "spectral_energyband_low": {
        "dmean": 0.00215354096144,
        "dmean2": 0.00366236129776,
        "dvar": 3.91506800952e-05,
        "dvar2": 0.000108101092337,
        "max": 0.102272108197,
        "mean": 0.00348727405071,
        "median": 0.00179639132693,
        "min": 2.11095691472e-23,
        "var": 3.68125147361e-05
    },
    "spectral_energyband_middle_high": {
        "dmean": 0.00129932374693,
        "dmean2": 0.00182343786582,
        "dvar": 9.86296799965e-06,
        "dvar2": 1.9960640202e-05,
        "max": 0.0800694972277,
        "mean": 0.00401749555022,
        "median": 0.00134047842585,
        "min": 1.12244642786e-21,
        "var": 5.5865264585e-05
    },
    "spectral_energyband_middle_low": {
        "dmean": 0.00434061232954,
        "dmean2": 0.00695187225938,
        "dvar": 8.12363286968e-05,
        "dvar2": 0.000204785479582,
        "max": 0.148496761918,
        "mean": 0.0134130660444,
        "median": 0.00935315620154,
        "min": 1.60140530808e-22,
        "var": 0.000191909071873
    },
    "spectral_entropy": {
        "dmean": 0.210934698582,
        "dmean2": 0.295833051205,
        "dvar": 0.0619290098548,
        "dvar2": 0.115732729435,
        "max": 9.81810569763,
        "mean": 7.22930049896,
        "median": 7.25773429871,
        "min": 4.64830684662,
        "var": 0.439355790615
    },
    "spectral_flux": {
        "dmean": 0.0191086269915,
        "dmean2": 0.029007082805,
        "dvar": 0.000791771861259,
        "dvar2": 0.00160051160492,
        "max": 0.328994005919,
        "mean": 0.0569949187338,
        "median": 0.0435915589333,
        "min": 6.47733255921e-11,
        "var": 0.00234194938093
    },
    "spectral_kurtosis": {
        "dmean": 2.40538978577,
        "dmean2": 3.91732978821,
        "dvar": 19.7028846741,
        "dvar2": 50.764919281,
        "max": 168.614898682,
        "mean": 6.58160877228,
        "median": 4.51545190811,
        "min": -1.26248157024,
        "var": 73.4398803711
    },
    "spectral_rms": {
        "dmean": 0.000564720947295,
        "dmean2": 0.000865163921844,
        "dvar": 7.95727885361e-07,
        "dvar2": 1.8307814571e-06,
        "max": 0.0125547247007,
        "mean": 0.00398326246068,
        "median": 0.00379989529029,
        "min": 3.1286819923e-12,
        "var": 4.32038632425e-06
    },
    "spectral_rolloff": {
        "dmean": 402.476928711,
        "dmean2": 684.491027832,
        "dvar": 1051756.125,
        "dvar2": 2348462.5,
        "max": 19702.8808594,
        "mean": 1208.84729004,
        "median": 645.99609375,
        "min": 64.599609375,
        "var": 4320661
    },
    "spectral_skewness": {
        "dmean": 0.270966440439,
        "dmean2": 0.419760793447,
        "dvar": 0.118792630732,
        "dvar2": 0.274322360754,
        "max": 10.473320961,
        "mean": 1.8971953392,
        "median": 1.77797186375,
        "min": -0.245344132185,
        "var": 0.677307128906
    },
    "spectral_spread": {
        "dmean": 736469.0625,
        "dmean2": 1002428.625,
        "dvar": 1.09805083034e+12,
        "dvar2": 2.06247165952e+12,
        "max": 42816708,
        "mean": 5127926.5,
        "median": 4634176.5,
        "min": 694343.125,
        "var": 1.19400216658e+13
    },
    "spectral_strongpeak": {
        "dmean": 0.358109652996,
        "dmean2": 0.587172865868,
        "dvar": 0.427626520395,
        "dvar2": 1.02847778797,
        "max": 12.6461019516,
        "mean": 1.00261604786,
        "median": 0.699981987476,
        "min": 0,
        "var": 1.19986248016
    },
    "zerocrossingrate": {
        "dmean": 0.0101284794509,
        "dmean2": 0.0115921162069,
        "dvar": 0.000258050160483,
        "dvar2": 0.000276854407275,
        "max": 0.529296875,
        "mean": 0.0529979392886,
        "median": 0.041015625,
        "min": 0.00439453125,
        "var": 0.00301493750885
    },
    "barkbands": {
        "dmean": [3.9034493966e-05, 0.000694276532158, 0.00123185140546, 0.00130266195629, 0.0024332664907, 0.000641615770292, 0.00049424089957, 0.000895092787687, 0.00040468541556, 0.00060700631002, 0.000307460344629, 0.000289817457087, 0.000178679081728, 0.000220214424189, 0.000172957617906, 0.000111529363494, 7.8394295997e-05, 8.60978325363e-05, 6.89742009854e-05, 5.72826065763e-05, 5.74048062845e-05, 7.11281754775e-05, 9.81950724963e-05, 8.05224699434e-05, 6.04377892159e-05, 4.36859154433e-05, 2.18599848267e-06],
        "dmean2": [6.13238080405e-05, 0.00114618707448, 0.00214490597136, 0.00231427117251, 0.00398859474808, 0.00098819413688, 0.000752832565922, 0.00128385354765, 0.000550434866454, 0.000885131361429, 0.00044011301361, 0.000437681359472, 0.000270287273452, 0.000316184276016, 0.000253121805144, 0.000166503043147, 0.000119672564324, 0.000132955581648, 0.000106128798507, 9.06854475033e-05, 8.3798491687e-05, 0.00010341295274, 0.000132619999931, 0.000111638160888, 8.66630725795e-05, 6.82627796778e-05, 3.32641980094e-06],
        "dvar": [3.40199726168e-08, 8.96756955626e-06, 1.0517618648e-05, 1.53833043441e-05, 2.43920003413e-05, 2.36963069256e-06, 2.74534909295e-06, 1.01684663605e-05, 1.81375980901e-06, 4.1359644456e-06, 1.76194532742e-06, 6.55113865378e-07, 3.33165445454e-07, 9.49472905631e-07, 2.88011563043e-07, 1.10349944293e-07, 5.04230861509e-08, 8.93751561648e-08, 4.03143971539e-08, 2.80073280123e-08, 3.39046550835e-08, 8.37861122704e-08, 3.09062954784e-07, 1.34408637109e-07, 4.41964402853e-08, 2.40529818285e-08, 7.01691413307e-11],
        "dvar2": [7.57188942657e-08, 2.40854606091e-05, 3.0911018257e-05, 4.33902750956e-05, 6.53429378872e-05, 5.29327553522e-06, 6.147280601e-06, 2.19106041186e-05, 3.3483097468e-06, 8.94031109056e-06, 3.7384074858e-06, 1.40061570164e-06, 7.77742229729e-07, 2.08769847632e-06, 6.07970775945e-07, 2.44379094738e-07, 1.12417538389e-07, 2.15502311107e-07, 9.17990448102e-08, 6.91948187637e-08, 6.10668067225e-08, 1.68190922523e-07, 5.49591220533e-07, 2.28887060416e-07, 8.0879374309e-08, 5.7749669935e-08, 1.71301903218e-10],
        "max": [0.00221302895807, 0.0390033423901, 0.074393466115, 0.0651133358479, 0.0900254771113, 0.0426136665046, 0.0477334484458, 0.0776275321841, 0.0365783721209, 0.0579211488366, 0.0494855716825, 0.0255247559398, 0.0191739890724, 0.0380703657866, 0.0210342276841, 0.0101538458839, 0.00809359271079, 0.0169463735074, 0.00803968496621, 0.00462744757533, 0.0141202984378, 0.011231366545, 0.0304206646979, 0.0136378575116, 0.0104369837791, 0.00426579732448, 0.000276825245237],
        "mean": [3.45857297361e-05, 0.000925500993617, 0.00193686410785, 0.00153004238382, 0.00563038093969, 0.00178538321052, 0.0010268605547, 0.00195978675038, 0.000890597468242, 0.00129016290884, 0.000630736525636, 0.000575499318074, 0.00033547412022, 0.000402469944675, 0.000334888754878, 0.000195696935407, 0.000148068284034, 0.000159808638273, 0.000125955484691, 0.000107294486952, 0.000102350219095, 0.000123393925605, 0.000160149720614, 0.000137247145176, 9.33868941502e-05, 4.66097226308e-05, 2.28422914006e-06],
        "median": [1.10893859073e-06, 0.000430629821494, 0.000828619115055, 0.000555567094125, 0.00307748815976, 0.000598275277298, 0.000275467842584, 0.000266790215392, 0.000110858592961, 0.000188639183762, 0.000114444286737, 0.000135802256409, 5.99466875428e-05, 4.86329918203e-05, 6.29206915619e-05, 3.92962974729e-05, 4.73417385365e-05, 4.8639227316e-05, 3.48430112354e-05, 3.11032308673e-05, 2.70698510576e-05, 2.20855563384e-05, 1.87594450836e-05, 2.05105461646e-05, 1.14593667604e-05, 4.73353429697e-06, 1.64712389505e-07],
        "min": [6.85520767587e-25, 3.92152301202e-24, 2.9377809227e-24, 1.98343336843e-24, 3.71791880125e-24, 5.56186144568e-24, 1.01675335441e-23, 1.12475235664e-23, 2.04796873802e-23, 1.69140171559e-23, 1.63403180626e-23, 2.21713333271e-23, 1.67202713399e-23, 1.57194277322e-23, 4.91679868165e-23, 4.84526098824e-23, 6.25631131999e-23, 9.0958906168e-23, 1.40776986946e-22, 2.0222432897e-22, 2.15562969757e-22, 3.48201259811e-22, 4.12524296447e-22, 5.91840508627e-22, 8.63129849663e-22, 1.28056828254e-21, 1.99143469939e-21],
        "var": [3.22038502532e-08, 6.678396403e-06, 1.24524867715e-05, 1.22916217151e-05, 4.91368446092e-05, 9.33136652748e-06, 5.05729167344e-06, 2.67901305051e-05, 6.99568408891e-06, 1.40723432196e-05, 5.45742477698e-06, 2.08064011531e-06, 8.62852971295e-07, 2.32831416724e-06, 9.74181148194e-07, 2.84497616576e-07, 1.19749117289e-07, 1.19644838037e-07, 8.57054018866e-08, 6.45165698643e-08, 8.87444144837e-08, 1.9086748182e-07, 7.2947790386e-07, 3.35647513339e-07, 1.05981520448e-07, 2.73927032168e-08, 7.04846112032e-11]
    },
    "erbbands": {
        "dmean": [0.0164965894073, 0.183773055673, 1.15781116486, 2.65484023094, 7.27496099472, 8.71344852448, 7.59015655518, 5.19646692276, 6.01173019409, 12.8268108368, 16.1673641205, 10.5145864487, 16.701467514, 15.2758579254, 11.1636543274, 12.2948551178, 8.29671764374, 10.2225904465, 7.9197010994, 7.94956302643, 4.79881668091, 3.68144726753, 5.03635120392, 2.96538376808, 3.74848818779, 2.49987816811, 2.27494096756, 2.43876099586, 2.35390019417, 2.7973921299, 2.80496096611, 2.15094017982, 1.21686780453, 0.741109132767, 0.39066618681, 0.290075302124, 0.0542466565967, 0.00657819909975, 0.000417329691118, 1.76977027877e-05],
        "dmean2": [0.0255321059376, 0.321797788143, 2.01710605621, 4.69247770309, 12.7507753372, 13.903591156, 11.7591552734, 7.77234792709, 9.08804702759, 18.7877578735, 22.9199562073, 13.7985448837, 23.7644710541, 22.1147003174, 15.8029727936, 18.466424942, 12.3894872665, 14.743598938, 11.4597158432, 11.8061485291, 7.11916208267, 5.57108879089, 7.77267217636, 4.41498470306, 5.91671180725, 3.92650341988, 3.43327617645, 3.59199428558, 3.47388744354, 3.98667550087, 3.89097476006, 2.99062418938, 1.63457119465, 1.04620814323, 0.570161759853, 0.456951022148, 0.0840344056487, 0.0100149894133, 0.000633864547126, 2.62835601461e-05],
        "dvar": [0.00548080960289, 0.612502217293, 10.7225122452, 46.1043319702, 448.312103271, 276.411132812, 281.42578125, 218.028884888, 231.059906006, 2002.18884277, 3877.84863281, 1230.31115723, 2681.12597656, 4550.22509766, 2182.15332031, 1045.94836426, 735.747314453, 2120.56884766, 619.558410645, 592.848571777, 203.977401733, 110.843254089, 345.859283447, 57.4227294922, 151.039657593, 55.4321632385, 48.7215614319, 69.2296295166, 66.0544509888, 197.799667358, 279.282470703, 136.615249634, 24.9741840363, 8.80396080017, 1.45696508884, 1.25605380535, 0.0274852458388, 0.000693064008374, 2.76277728517e-06, 2.20305929055e-09],
        "dvar2": [0.0122996587306, 1.7541333437, 31.2799282074, 129.65222168, 1269.80700684, 686.563354492, 695.335754395, 441.18951416, 522.414428711, 4252.265625, 8522.36035156, 2194.46508789, 5234.11279297, 10534.7197266, 4483.51074219, 2314.02685547, 1723.42211914, 5112.01367188, 1219.65917969, 1290.94995117, 451.098022461, 250.865570068, 842.905456543, 128.969741821, 359.742858887, 134.651657104, 102.221641541, 126.793945312, 133.217849731, 379.950195312, 498.686279297, 265.593444824, 41.371837616, 15.4682655334, 2.87243103981, 3.116979599, 0.0622984059155, 0.00173932337202, 7.0032729127e-06, 5.19897325191e-09],
        "max": [0.885777235031, 10.1194162369, 64.8936462402, 118.440597534, 321.533416748, 264.802185059, 378.805999756, 547.445556641, 483.780487061, 1126.97949219, 1683.13061523, 1049.50708008, 1517.73278809, 2618.57714844, 1934.64929199, 1127.26220703, 1062.96911621, 2217.61035156, 847.514526367, 726.067138672, 493.734893799, 426.800354004, 1051.26123047, 351.744812012, 515.238098145, 187.819656372, 315.742858887, 611.09564209, 281.535705566, 559.833129883, 949.039855957, 585.101623535, 166.0105896, 153.85345459, 54.4376068115, 31.9365577698, 5.35084056854, 1.17758572102, 0.0575438700616, 0.00120023160707],
        "mean": [0.019652588293, 0.256603896618, 1.86162364483, 3.78667593002, 9.73242378235, 21.0701007843, 20.756105423, 14.6131811142, 16.4139270782, 27.4621829987, 34.1983642578, 25.3309268951, 37.5599021912, 32.5257911682, 25.1549968719, 25.0460109711, 16.9910678864, 19.9254055023, 17.1912078857, 15.9582929611, 9.56723308563, 7.44452524185, 9.59844398499, 6.09640741348, 6.54561567307, 4.73258447647, 4.71986532211, 4.05798244476, 4.09674882889, 4.76856899261, 4.54321908951, 3.33585596085, 2.15027356148, 1.21956598759, 0.552633047104, 0.303495943546, 0.0605944693089, 0.00721151567996, 0.000448564096587, 3.83718142984e-05],
        "median": [0.00690690241754, 0.129350021482, 0.817479014397, 1.86794161797, 3.795337677, 8.7800693512, 7.13561820984, 5.48260879517, 4.78109169006, 5.52439594269, 4.96190881729, 3.44557356834, 6.12108230591, 5.14792156219, 5.09300136566, 6.23657083511, 4.0903711319, 3.21353030205, 3.04866456985, 3.49850988388, 2.27341389656, 2.61228132248, 3.16525888443, 2.20891070366, 1.57155776024, 1.53073716164, 1.19726085663, 1.08417153358, 0.748520731926, 0.673884928226, 0.523226618767, 0.412243902683, 0.344734281301, 0.155581951141, 0.0664658248425, 0.0301499515772, 0.00622955430299, 0.00064649496926, 4.53638640465e-05, 2.20990987145e-05],
        "min": [1.15975351547e-22, 4.01711802849e-22, 2.82361979504e-21, 5.19587120206e-21, 1.29297393186e-20, 7.97371575904e-21, 3.28900808665e-20, 6.37386024331e-20, 1.92177618019e-19, 2.11688520998e-19, 2.44696000119e-19, 4.73961049308e-19, 5.05252206206e-19, 6.26106343929e-19, 7.48286658968e-19, 8.36227486913e-19, 9.19406701359e-19, 1.27312164239e-18, 2.04778383407e-18, 2.75085364713e-18, 3.02665923801e-18, 4.75311504376e-18, 4.69810629225e-18, 6.4203087353e-18, 6.03342354151e-18, 9.92835441618e-18, 9.48991394994e-18, 9.0771367622e-18, 1.14897132435e-17, 1.14771756669e-17, 1.210950396e-17, 9.43377485612e-18, 1.02871588961e-17, 9.27333738606e-18, 6.13651175253e-18, 4.44284704062e-18, 1.91812389344e-18, 9.37193669469e-19, 2.53643121666e-19, 2.97772031199e-20],
        "var": [0.00526099372655, 0.403267890215, 11.5413532257, 40.6299514771, 392.005157471, 803.187194824, 1073.22290039, 850.789672852, 831.718200684, 4974.00439453, 9413.3671875, 5279.18505859, 10278.2724609, 14129.6132812, 7314.921875, 3212.00708008, 2054.63110352, 4482.58789062, 2469.03808594, 1760.0246582, 521.524536133, 246.18107605, 437.993347168, 117.354530334, 295.186706543, 117.073074341, 165.739318848, 159.385177612, 165.839569092, 454.972595215, 640.397216797, 276.051025391, 69.5665435791, 21.5858154297, 3.09631538391, 1.2984508276, 0.037819288671, 0.000714283320121, 2.61905552179e-06, 3.2707272446e-09]
    },
    "gfcc": {
        "mean": [-51.3231811523, 101.758323669, -103.863586426, 23.2777557373, -65.3637008667, 9.16457176208, -44.0300979614, 1.63135898113, -31.2312049866, -5.03403282166, -17.3127422333, -2.75375580788, -11.9645862579],
        "cov": [[20788.34375, -2056.28613281, -1344.61889648, 236.192443848, -1148.71972656, 666.025695801, -944.588989258, 221.195266724, -624.327148438, 219.923477173, -719.06817627, 121.230499268, -371.732879639], [-2056.28613281, 1851.80627441, -390.8359375, -196.393814087, 218.1978302, -319.500366211, 178.204910278, -171.61000061, 149.638076782, -182.655853271, 214.049789429, -140.618225098, 130.090377808], [-1344.61889648, -390.8359375, 745.515197754, 99.6368637085, 38.4995994568, 114.248527527, 50.0969085693, 64.4548797607, -27.0022163391, 61.2504653931, -15.3288621902, 67.8226318359, -26.2125873566], [236.192443848, -196.393814087, 99.6368637085, 452.827545166, 23.8297901154, 38.0787582397, -20.9330596924, 44.8810806274, -10.8687992096, 22.147108078, 53.3306007385, 26.1014976501, 46.920715332], [-1148.71972656, 218.1978302, 38.4995994568, 23.8297901154, 261.036132812, -52.7050209045, 71.1294708252, 1.86534237862, 27.3381443024, -13.0352153778, 36.1596260071, -15.9993448257, 26.6048583984], [666.025695801, -319.500366211, 114.248527527, 38.0787582397, -52.7050209045, 241.775253296, 37.4659423828, 59.1681251526, -41.1729469299, 40.426235199, -26.3517951965, 22.1777381897, -42.8258285522], [-944.588989258, 178.204910278, 50.0969085693, -20.9330596924, 71.1294708252, 37.4659423828, 189.151657104, 26.9089889526, 37.6924514771, -0.585280776024, 59.4824256897, -11.8022403717, 0.110307872295], [221.195266724, -171.61000061, 64.4548797607, 44.8810806274, 1.86534237862, 59.1681251526, 26.9089889526, 142.812988281, 34.9792976379, 53.0692138672, -9.70309448242, 20.6239337921, -22.3222332001], [-624.327148438, 149.638076782, -27.0022163391, -10.8687992096, 27.3381443024, -41.1729469299, 37.6924514771, 34.9792976379, 150.981643677, 18.1427192688, 28.7707004547, -16.357585907, 16.2457389832], [219.923477173, -182.655853271, 61.2504653931, 22.147108078, -13.0352153778, 40.426235199, -0.585280776024, 53.0692138672, 18.1427192688, 114.817359924, 26.5165901184, 28.2627849579, -23.807718277], [-719.06817627, 214.049789429, -15.3288621902, 53.3306007385, 36.1596260071, -26.3517951965, 59.4824256897, -9.70309448242, 28.7707004547, 26.5165901184, 178.600738525, 20.4348297119, 38.5818252563], [121.230499268, -140.618225098, 67.8226318359, 26.1014976501, -15.9993448257, 22.1777381897, -11.8022403717, 20.6239337921, -16.357585907, 28.2627849579, 20.4348297119, 82.9161758423, 15.1287078857], [-371.732879639, 130.090377808, -26.2125873566, 46.920715332, 26.6048583984, -42.8258285522, 0.110307872295, -22.3222332001, 16.2457389832, -23.807718277, 38.5818252563, 15.1287078857, 91.4632949829]],
        "icov": [[0.000185043027159, -0.000176081695827, 0.000442373362603, -0.000249170174357, 0.000428436935181, -0.000464349839604, 0.000574082951061, -0.000324272434227, 0.000577017781325, -0.000511665130034, 0.000650790345389, -0.00042769688298, 0.000395784823922], [-0.000176081695827, 0.00173265859485, -0.000136120506795, 0.000807841192, -0.000851950782817, 0.00136714184191, -0.00137305492535, 0.000777451088652, -0.00119794020429, 0.00204128259793, -0.00224332744256, 0.00197189045139, -0.00118987623136], [0.000442373362603, -0.000136120506795, 0.00281039299443, -0.000859022838995, 0.000553778547328, -0.00132861395832, 0.00064283591928, -0.000593670876697, 0.00137523107696, -0.00145065155812, 0.00185285997577, -0.00212482083589, 0.00125680898782], [-0.000249170174357, 0.000807841192, -0.000859022838995, 0.00336700840853, -0.0010360525921, 0.000336580764269, 5.4087551689e-05, -0.000670706096571, -0.000507361954078, 0.00133995374199, -0.00260920519941, 0.00182260712609, -0.00260189711116], [0.000428436935181, -0.000851950782817, 0.000553778547328, -0.0010360525921, 0.00601464416832, 0.000133655907121, -0.000421942444518, -0.00126540113706, 0.00174914428499, -0.00164446956478, 0.00195394223556, -0.000422776851337, 0.000154929002747], [-0.000464349839604, 0.00136714184191, -0.00132861395832, 0.000336580764269, 0.000133655907121, 0.00817774794996, -0.00432473653927, -0.000449015555205, 0.000225787734962, 0.000956340751145, -0.00144160015043, 0.00140773830935, -0.000115299510071], [0.000574082951061, -0.00137305492535, 0.00064283591928, 5.4087551689e-05, -0.000421942444518, -0.00432473653927, 0.010798368603, -0.00283854175359, 0.000618626072537, -0.000186863573617, -0.000781707232818, -0.0003917979775, 0.00207065697759], [-0.000324272434227, 0.000777451088652, -0.000593670876697, -0.000670706096571, -0.00126540113706, -0.000449015555205, -0.00283854175359, 0.0119190989062, -0.00435914192349, -0.00208686199039, 0.000657781725749, -0.0015006987378, 0.00102222827263], [0.000577017781325, -0.00119794020429, 0.00137523107696, -0.000507361954078, 0.00174914428499, 0.000225787734962, 0.000618626072537, -0.00435914192349, 0.0112985577434, -0.00421292008832, 0.0021674525924, 0.000909965543542, -0.000932542257942], [-0.000511665130034, 0.00204128259793, -0.00145065155812, 0.00133995374199, -0.00164446956478, 0.000956340751145, -0.000186863573617, -0.00208686199039, -0.00421292008832, 0.0167441051453, -0.00689171394333, -0.000385442108382, 0.00240861997008], [0.000650790345389, -0.00224332744256, 0.00185285997577, -0.00260920519941, 0.00195394223556, -0.00144160015043, -0.000781707232818, 0.000657781725749, 0.0021674525924, -0.00689171394333, 0.0128371184692, -0.00533337052912, -8.83798566065e-05], [-0.00042769688298, 0.00197189045139, -0.00212482083589, 0.00182260712609, -0.000422776851337, 0.00140773830935, -0.0003917979775, -0.0015006987378, 0.000909965543542, -0.000385442108382, -0.00533337052912, 0.0199529714882, -0.00698312185705], [0.000395784823922, -0.00118987623136, 0.00125680898782, -0.00260189711116, 0.000154929002747, -0.000115299510071, 0.00207065697759, 0.00102222827263, -0.000932542257942, 0.00240861997008, -8.83798566065e-05, -0.00698312185705, 0.0180621538311]]
    },
    "melbands": {
        "dmean": [0.000163611257449, 0.00048126198817, 0.000616759876721, 0.000541137065738, 0.000303758482914, 0.000116140079626, 9.51559559326e-05, 0.000160084600793, 0.000120377604617, 6.49621579214e-05, 8.56581827975e-05, 6.4472820668e-05, 3.7388963392e-05, 3.48181420122e-05, 2.1847024982e-05, 1.84707678272e-05, 2.15621221287e-05, 1.39354933708e-05, 1.43338966154e-05, 9.97629740596e-06, 5.22318305229e-06, 4.16562852479e-06, 5.05816569785e-06, 4.03376452596e-06, 2.44853345066e-06, 3.01890509036e-06, 1.93659457182e-06, 1.83267059128e-06, 1.64427649452e-06, 1.52419977439e-06, 1.45869466905e-06, 1.27974010411e-06, 1.64884625065e-06, 1.62631681633e-06, 1.67129519468e-06, 1.76408627794e-06, 1.18480181754e-06, 9.06391278477e-07, 7.42982592783e-07, 6.13713211806e-07],
        "dmean2": [0.000258995423792, 0.000841088767629, 0.00108938268386, 0.000905809749383, 0.000468359037768, 0.000174613436684, 0.000144494799315, 0.000232041857089, 0.000169137128978, 8.54413592606e-05, 0.000122435973026, 9.40839381656e-05, 5.2982231864e-05, 5.18151828146e-05, 3.32203999278e-05, 2.76188602584e-05, 3.10699506372e-05, 2.00244849111e-05, 2.09407025977e-05, 1.49040051838e-05, 7.85658357927e-06, 6.30633030596e-06, 7.95186770119e-06, 6.18259400653e-06, 3.74825322069e-06, 4.75128263133e-06, 3.08328799292e-06, 2.91419178211e-06, 2.59017156168e-06, 2.29462648349e-06, 2.22382936954e-06, 1.97104736799e-06, 2.42814462581e-06, 2.3635427624e-06, 2.39243831857e-06, 2.49708932643e-06, 1.7215115804e-06, 1.2581089095e-06, 1.03391460016e-06, 8.92119601303e-07],
        "dvar": [5.15892963904e-07, 2.17520459955e-06, 2.86460294774e-06, 1.49502091062e-06, 3.64673383046e-07, 9.30618568873e-08, 6.64927597427e-08, 3.02017014064e-07, 2.06699453997e-07, 4.87677311867e-08, 7.21755455402e-08, 8.04717217306e-08, 2.67294506529e-08, 1.09470335019e-08, 3.05647418486e-09, 3.46790507422e-09, 1.04412194446e-08, 2.51176568433e-09, 2.39244735134e-09, 8.78786154956e-10, 2.99651026214e-10, 1.63270119646e-10, 2.48107701051e-10, 2.27893301452e-10, 3.75105606298e-11, 1.11505901734e-10, 2.46304990292e-11, 3.94824485606e-11, 3.18216841766e-11, 3.05431652192e-11, 2.48904195865e-11, 1.69161299551e-11, 7.15213444025e-11, 6.87289114509e-11, 9.1956157966e-11, 1.51819501415e-10, 3.15532669437e-11, 1.4194338413e-11, 1.11575861397e-11, 5.62132502005e-12],
        "dvar2": [1.28667579702e-06, 6.31911325399e-06, 8.05917534308e-06, 4.07766037824e-06, 8.9423093641e-07, 1.96118037366e-07, 1.50094621176e-07, 6.3604522893e-07, 4.44192266968e-07, 8.47792662739e-08, 1.42371121115e-07, 1.86746603958e-07, 5.57546613322e-08, 2.27202718861e-08, 7.00038116364e-09, 8.14922351822e-09, 2.48591227603e-08, 4.68434890877e-09, 5.04186026262e-09, 1.98329952461e-09, 6.43826880697e-10, 3.68615693525e-10, 5.93693483264e-10, 5.50835932422e-10, 8.66499996754e-11, 2.55768461965e-10, 6.1069878321e-11, 1.00263942981e-10, 7.63998100894e-11, 5.86555803928e-11, 5.01904108552e-11, 3.88249050964e-11, 1.50885220984e-10, 1.34520686257e-10, 1.67236544057e-10, 3.14476750196e-10, 6.53862450295e-11, 2.56520551328e-11, 1.94720073399e-11, 1.05607918244e-11],
        "max": [0.00932075735182, 0.0245413482189, 0.0262993052602, 0.020705409348, 0.0112208938226, 0.0105539690703, 0.00893170759082, 0.0128693534061, 0.0138749498874, 0.0070642712526, 0.00768060656264, 0.0100997500122, 0.00652634724975, 0.00369174336083, 0.0018502168823, 0.0017806753749, 0.0047974716872, 0.00224181450903, 0.00175249972381, 0.00105675205123, 0.000735371781047, 0.000414414767874, 0.000840285152663, 0.000916748831514, 0.000211687161936, 0.000446040125098, 0.000124375350424, 0.00015960415476, 0.000188287085621, 0.000476381683256, 0.000273494311841, 0.00012463486928, 0.000373400864191, 0.000341760169249, 0.000466746307211, 0.000757497618906, 0.00022213999182, 0.000136921880767, 0.000144667515997, 0.000127400955535],
        "mean": [0.000208867553738, 0.000763929332606, 0.00084540824173, 0.00106645049527, 0.000851642049383, 0.000333834788762, 0.000239823653828, 0.000344022642821, 0.000252204248682, 0.000151283980813, 0.0001855831797, 0.000131438093376, 7.8984296124e-05, 7.40519462852e-05, 4.22379707743e-05, 3.48788598785e-05, 3.93519512727e-05, 2.75358725048e-05, 2.69221691269e-05, 1.79139533429e-05, 9.70172823145e-06, 7.6472379078e-06, 9.00267514226e-06, 7.5647981248e-06, 4.48998025604e-06, 5.03840465171e-06, 3.31338355863e-06, 3.24089978676e-06, 3.25431801684e-06, 2.49171807809e-06, 2.23739016292e-06, 2.1125024432e-06, 2.69265183306e-06, 2.60548176811e-06, 2.60097158389e-06, 2.62407320406e-06, 1.76387914053e-06, 1.56580586008e-06, 1.26652298604e-06, 9.45609428982e-07],
        "median": [9.22090912354e-05, 0.000353288603947, 0.000395385839511, 0.000560353975743, 0.000343242922099, 0.000115260612802, 6.69750588713e-05, 5.67089155084e-05, 3.51614617102e-05, 1.89309484995e-05, 2.90272600978e-05, 1.89086076716e-05, 1.479014918e-05, 1.81620944204e-05, 1.08662516141e-05, 6.71670841257e-06, 5.1846354836e-06, 4.11847076975e-06, 4.98613917443e-06, 3.63211802323e-06, 2.14058195525e-06, 2.31915737459e-06, 3.19072023558e-06, 2.13587077269e-06, 1.53347116338e-06, 1.06746915662e-06, 9.2466859769e-07, 9.38709547427e-07, 7.26176608623e-07, 6.1419927988e-07, 5.87133115459e-07, 3.73551756638e-07, 4.02224799245e-07, 3.42141134979e-07, 2.92758443265e-07, 2.59854147089e-07, 2.32608897477e-07, 2.52170991644e-07, 1.70621149209e-07, 1.08015420608e-07],
        "min": [1.36692417429e-24, 1.72789686654e-24, 1.31741901096e-24, 7.67369425238e-25, 1.07616749817e-24, 1.27755954575e-24, 2.75786285225e-24, 2.11706088375e-24, 1.93571221404e-24, 2.76194579908e-24, 2.32072780896e-24, 1.97213194988e-24, 2.29185826085e-24, 1.99580822945e-24, 2.20872750701e-24, 1.73841652392e-24, 1.76801912104e-24, 2.86610640136e-24, 4.0560230075e-24, 4.35570377122e-24, 3.34845066869e-24, 3.47835199952e-24, 3.4294840386e-24, 4.15669112534e-24, 4.09733052551e-24, 3.82580972953e-24, 4.41619954189e-24, 5.60844683757e-24, 5.103945834e-24, 5.07468737745e-24, 4.67147335309e-24, 4.89677478864e-24, 6.34858374898e-24, 4.94084884184e-24, 6.12681917131e-24, 4.53764625597e-24, 5.56705017828e-24, 6.54759915588e-24, 6.95184856017e-24, 7.08219914729e-24],
        "var": [4.32777653714e-07, 2.01204102268e-06, 2.44478587774e-06, 2.1368355192e-06, 1.50086634676e-06, 3.83424918482e-07, 1.89445003684e-07, 8.1334439983e-07, 5.26681333213e-07, 2.14547029032e-07, 2.65655813791e-07, 2.44920158821e-07, 7.9894590499e-08, 3.70225450297e-08, 8.44314040904e-09, 8.72700312016e-09, 2.14229469719e-08, 8.68022631551e-09, 7.33848404266e-09, 2.36819652777e-09, 7.09145797639e-10, 3.59030860597e-10, 3.64967916999e-10, 3.0166491527e-10, 7.17368525693e-11, 2.14467041348e-10, 5.16870227174e-11, 7.02507774175e-11, 9.18507145342e-11, 6.21107609788e-11, 5.02598518359e-11, 3.85750389964e-11, 1.42822614846e-10, 1.48888221196e-10, 2.07652853246e-10, 2.63311789039e-10, 6.10935607659e-11, 3.62144307597e-11, 2.78867970382e-11, 1.24463347614e-11]
    },
    "mfcc": {
        "mean": [-690.496154785, 130.077468872, 14.3333816528, 15.1574726105, 1.85186648369, 1.00657486916, -2.29143881798, -0.659323632717, -7.22070789337, -5.90343475342, -7.01434230804, -3.87985444069, -5.51541757584],
        "cov": [[11089.125, -1089.55456543, -379.811676025, -424.770904541, -217.537460327, 86.3166503906, -182.963272095, -16.4616527557, 58.639125824, -3.10919618607, -56.9943313599, -137.46295166, -264.808959961], [-1089.55456543, 1554.93017578, -311.682312012, -39.9225921631, -34.648273468, -84.3621673584, -19.7074432373, -13.9354581833, -53.7627601624, -29.3202629089, 11.994269371, -23.776884079, -51.0742874146], [-379.811676025, -311.682312012, 581.561950684, 51.1187973022, 24.7750740051, 67.3074417114, 48.4755516052, 29.2468662262, 3.49216461182, 3.95090818405, 4.57800912857, 35.4378814697, 47.7069702148], [-424.770904541, -39.9225921631, 51.1187973022, 345.448577881, 116.343605042, -15.3210029602, 29.8338985443, -4.60268211365, 6.21669912338, -4.57907533646, -45.0472564697, 41.4502944946, 82.2333221436], [-217.537460327, -34.648273468, 24.7750740051, 116.343605042, 162.713943481, 8.63043308258, 9.74869823456, -1.82755708694, 12.3965921402, 4.80318784714, -23.1417675018, 7.04328346252, 20.8062667847], [86.3166503906, -84.3621673584, 67.3074417114, -15.3210029602, 8.63043308258, 124.23979187, 61.6585578918, 23.2124118805, -0.514583945274, 12.2890930176, 11.1918325424, -11.2059755325, -8.67024803162], [-182.963272095, -19.7074432373, 48.4755516052, 29.8338985443, 9.74869823456, 61.6585578918, 184.212753296, 41.5649032593, -25.2441062927, 16.2438850403, 19.1190929413, 10.4575080872, 34.5587997437], [-16.4616527557, -13.9354581833, 29.2468662262, -4.60268211365, -1.82755708694, 23.2124118805, 41.5649032593, 99.5762023926, 36.8926124573, 13.8663692474, 14.7350006104, 8.32226753235, 2.13217902184], [58.639125824, -53.7627601624, 3.49216461182, 6.21669912338, 12.3965921402, -0.514583945274, -25.2441062927, 36.8926124573, 109.526329041, 38.3462142944, 6.09369134903, 10.0954780579, -13.6988172531], [-3.10919618607, -29.3202629089, 3.95090818405, -4.57907533646, 4.80318784714, 12.2890930176, 16.2438850403, 13.8663692474, 38.3462142944, 93.7134246826, 43.0306243896, 11.4245471954, 6.70628547668], [-56.9943313599, 11.994269371, 4.57800912857, -45.0472564697, -23.1417675018, 11.1918325424, 19.1190929413, 14.7350006104, 6.09369134903, 43.0306243896, 95.9975662231, 32.7688331604, 4.15489959717], [-137.46295166, -23.776884079, 35.4378814697, 41.4502944946, 7.04328346252, -11.2059755325, 10.4575080872, 8.32226753235, 10.0954780579, 11.4245471954, 32.7688331604, 101.538032532, 63.5171737671], [-264.808959961, -51.0742874146, 47.7069702148, 82.2333221436, 20.8062667847, -8.67024803162, 34.5587997437, 2.13217902184, -13.6988172531, 6.70628547668, 4.15489959717, 63.5171737671, 130.313644409]],
