{
"lowlevel": {
    "average_loudness": 0.829967141151,
    "barkbands_crest": {
        "dmean": 2.47244405746,
        "dmean2": 3.98455739021,
        "dvar": 6.96238231659,
        "dvar2": 17.9032497406,
        "max": 25.2961025238,
        "mean": 10.9375267029,
        "median": 10.2176361084,
        "min": 2.45518875122,
        "var": 19.6773147583
    },
    "barkbands_flatness_db": {
        "dmean": 0.0200330149382,
        "dmean2": 0.0310914684087,
        "dvar": 0.000474177388242,
        "dvar2": 0.00104620482307,
        "max": 0.374666780233,
        "mean": 0.1168827191,
        "median": 0.105964027345,
        "min": 0.0169958155602,
        "var": 0.00308392918669
    },
    "barkbands_kurtosis": {
        "dmean": 2.39729762077,
        "dmean2": 3.6761879921,
        "dvar": 26.7525177002,
        "dvar2": 55.3676223755,
        "max": 189.154220581,
        "mean": 3.16943430901,
        "median": 1.12199449539,
        "min": -1.87635958195,
        "var": 49.9895172119
    },
    "barkbands_skewness": {
        "dmean": 0.490067929029,
        "dmean2": 0.732859253883,
        "dvar": 0.396480709314,
        "dvar2": 0.765129983425,
        "max": 12.7142601013,
        "mean": 1.6321644783,
        "median": 1.4512308836,
        "min": -2.85159301758,
        "var": 1.25294220448
    },
    "barkbands_spread": {
        "dmean": 7.66220331192,
        "dmean2": 11.470035553,
        "dvar": 75.5433349609,
        "dvar2": 143.451644897,
        "max": 105.526824951,
        "mean": 35.2182655334,
        "median": 32.7291603088,
        "min": 1.35387372971,
        "var": 325.584472656
    },
    "dissonance": {
        "dmean": 0.0159023236483,
        "dmean2": 0.0264444556087,
        "dvar": 0.000242528636591,
        "dvar2": 0.00065545947291,
        "max": 0.500000059605,
        "mean": 0.462949961424,
        "median": 0.467356652021,
        "min": 0.262437999249,
        "var": 0.00066207407508
    },
    "dynamic_complexity": 3.10965275764,
    "erbbands_crest": {
        "dmean": 2.2305290699,
        "dmean2": 3.51169800758,
        "dvar": 5.10088729858,
        "dvar2": 11.9777269363,
        "max": 26.4948482513,
        "mean": 8.37717151642,
        "median": 7.35953474045,
        "min": 2.13793563843,
        "var": 16.8719520569
    },
    "erbbands_flatness_db": {
        "dmean": 0.0147978095338,
        "dmean2": 0.0213991552591,
        "dvar": 0.000267299736151,
        "dvar2": 0.00048586606863,
        "max": 0.40052729845,
        "mean": 0.126505091786,
        "median": 0.112929083407,
        "min": 0.0393963418901,
        "var": 0.00302141928114
    },
    "erbbands_kurtosis": {
        "dmean": 0.516797542572,
        "dmean2": 0.816580295563,
        "dvar": 0.532601118088,
        "dvar2": 1.24674296379,
        "max": 14.3929672241,
        "mean": -0.495914131403,
        "median": -0.825656652451,
        "min": -1.76597714424,
        "var": 1.65509867668
    },
    "erbbands_skewness": {
        "dmean": 0.311206638813,
        "dmean2": 0.467031389475,
        "dvar": 0.100351214409,
        "dvar2": 0.208522707224,
        "max": 3.45488357544,
        "mean": 0.257187992334,
        "median": 0.266657054424,
        "min": -2.63639235497,
        "var": 0.494079738855
    },
    "erbbands_spread": {
        "dmean": 9.78074455261,
        "dmean2": 14.6428661346,
        "dvar": 114.521453857,
        "dvar2": 234.864868164,
        "max": 157.992279053,
        "mean": 60.4162597656,
        "median": 58.5997886658,
        "min": 4.17789316177,
        "var": 425.80758667
    },
    "hfc": {
        "dmean": 8.52639484406,
        "dmean2": 12.3689565659,
        "dvar": 137.553375244,
        "dvar2": 276.361572266,
        "max": 120.109916687,
        "mean": 32.3165092468,
        "median": 30.6977081299,
        "min": 2.26766214695e-08,
        "var": 529.793395996
    },
    "melbands_crest": {
        "dmean": 3.15671563148,
        "dmean2": 5.04152822495,
        "dvar": 10.6635818481,
        "dvar2": 26.0415782928,
        "max": 34.9053840637,
        "mean": 16.1098461151,
        "median": 15.3483905792,
        "min": 1.63444495201,
        "var": 34.2853813171
    },
    "melbands_flatness_db": {
        "dmean": 0.0246205851436,
        "dmean2": 0.0375454127789,
        "dvar": 0.000798772962298,
        "dvar2": 0.00165256869514,
        "max": 0.452369987965,
        "mean": 0.172587275505,
        "median": 0.164857760072,
        "min": 0.00445196591318,
        "var": 0.00349001190625
    },
    "melbands_kurtosis": {
        "dmean": 9.76725673676,
        "dmean2": 15.2082414627,
        "dvar": 478.299438477,
        "dvar2": 1062.44799805,
        "max": 531.25213623,
        "mean": 19.5717315674,
        "median": 12.4654102325,
        "min": -1.83158767223,
        "var": 690.965454102
    },
    "melbands_skewness": {
        "dmean": 0.797376453876,
        "dmean2": 1.20991277695,
        "dvar": 1.29959928989,
        "dvar2": 2.63811326027,
        "max": 16.9674339294,
        "mean": 3.45898485184,
        "median": 3.13822770119,
        "min": -0.747569799423,
        "var": 3.17130064964
    },
    "melbands_spread": {
        "dmean": 7.89199733734,
        "dmean2": 11.8972320557,
        "dvar": 123.541755676,
        "dvar2": 252.198608398,
        "max": 215.378189087,
        "mean": 28.276260376,
        "median": 24.4581604004,
        "min": 0.778208613396,
        "var": 386.664978027
    },
    "pitch_salience": {
        "dmean": 0.0716463401914,
        "dmean2": 0.115748614073,
        "dvar": 0.00618874421343,
        "dvar2": 0.0158394239843,
        "max": 0.92005610466,
        "mean": 0.508048415184,
        "median": 0.509719491005,
        "min": 0.117604918778,
        "var": 0.0150903258473
    },
    "silence_rate_20dB": {
        "dmean": 0,
        "dmean2": 0,
        "dvar": 0,
        "dvar2": 0,
        "max": 1,
        "mean": 1,
        "median": 1,
        "min": 1,
        "var": 0
    },
    "silence_rate_30dB": {
        "dmean": 0.0623012147844,
        "dmean2": 0.124614089727,
        "dvar": 0.0584204234183,
        "dvar2": 0.148740693927,
        "max": 1,
        "mean": 0.957066714764,
        "median": 1,
        "min": 0,
        "var": 0.0410857126117
    },
    "silence_rate_60dB": {
        "dmean": 0.0203928910196,
        "dmean2": 0.0407895967364,
        "dvar": 0.0199755616486,
        "dvar2": 0.0428749956191,
        "max": 1,
        "mean": 0.0807221010327,
        "median": 0,
        "min": 0,
        "var": 0.0742137804627
    },
    "spectral_centroid": {
        "dmean": 317.670623779,
        "dmean2": 466.231079102,
        "dvar": 131455.484375,
        "dvar2": 245807.03125,
        "max": 5180.4140625,
        "mean": 1694.4465332,
        "median": 1575.14624023,
        "min": 221.105072021,
        "var": 508595.53125
    },
    "spectral_complexity": {
        "dmean": 3.69036483765,
        "dmean2": 5.76508569717,
        "dvar": 15.9671850204,
        "dvar2": 35.8141059875,
        "max": 51,
        "mean": 18.6514816284,
        "median": 18,
        "min": 0,
        "var": 90.6879882812
    },
    "spectral_decrease": {
        "dmean": 3.09490544304e-09,
        "dmean2": 4.62554439196e-09,
        "dvar": 3.34185533508e-17,
        "dvar2": 6.63288538461e-17,
        "max": 5.70263360096e-18,
        "mean": -8.07937361458e-09,
        "median": -6.2221920949e-09,
        "min": -5.01532504416e-08,
        "var": 6.20525749247e-17
    },
    "spectral_energy": {
        "dmean": 0.0121424291283,
        "dmean2": 0.0180458184332,
        "dvar": 0.000493245839607,
        "dvar2": 0.000973629008513,
        "max": 0.195678144693,
        "mean": 0.03342461586,
        "median": 0.0265473145992,
        "min": 1.99377927362e-12,
        "var": 0.000955777359195
    },
    "spectral_energyband_high": {
        "dmean": 0.000767795892898,
        "dmean2": 0.00114044931252,
        "dvar": 1.27067767153e-06,
        "dvar2": 2.56948010247e-06,
        "max": 0.0134920049459,
        "mean": 0.00267252093181,
        "median": 0.00217633810826,
        "min": 1.41449124549e-12,
        "var": 5.50594859305e-06
    },
    "spectral_energyband_low": {
        "dmean": 0.008359846659,
        "dmean2": 0.0132325766608,
        "dvar": 0.000433990557212,
        "dvar2": 0.000922645325772,
        "max": 0.178993612528,
        "mean": 0.0146940173581,
        "median": 0.00716671580449,
        "min": 3.27312267188e-14,
        "var": 0.000576179067139
    },
    "spectral_energyband_middle_high": {
        "dmean": 0.000987223349512,
        "dmean2": 0.00150697364006,
        "dvar": 1.53919415879e-06,
        "dvar2": 3.41152735928e-06,
        "max": 0.0208468753844,
        "mean": 0.00330772763118,
        "median": 0.0028911663685,
        "min": 2.57800156006e-13,
        "var": 6.10861616224e-06
    },
    "spectral_energyband_middle_low": {
        "dmean": 0.00647146813571,
        "dmean2": 0.0102902213112,
        "dvar": 0.000123236415675,
        "dvar2": 0.000317386758979,
        "max": 0.117444217205,
        "mean": 0.0140019562095,
        "median": 0.00999736599624,
        "min": 4.15722483022e-14,
        "var": 0.000201235161512
    },
    "spectral_entropy": {
        "dmean": 0.157587900758,
        "dmean2": 0.240397289395,
        "dvar": 0.0380268469453,
        "dvar2": 0.0789199396968,
        "max": 8.91806221008,
        "mean": 7.89506149292,
        "median": 8.0175151825,
        "min": 5.47340869904,
        "var": 0.233423650265
    },
    "spectral_flux": {
        "dmean": 0.0350378379226,
        "dmean2": 0.0563941262662,
        "dvar": 0.00243143457919,
        "dvar2": 0.00565941026434,
        "max": 0.41052415967,
        "mean": 0.086076721549,
        "median": 0.0713009014726,
        "min": 5.69514304516e-06,
        "var": 0.00475804228336
    },
    "spectral_kurtosis": {
        "dmean": 0.760195732117,
        "dmean2": 1.23865711689,
        "dvar": 2.57489085197,
        "dvar2": 7.24090909958,
        "max": 81.3972702026,
        "mean": 2.12213587761,
        "median": 1.41194105148,
        "min": -1.21451365948,
        "var": 7.92348337173
    },
    "spectral_rms": {
        "dmean": 0.00086464965716,
        "dmean2": 0.00125435704831,
        "dvar": 1.62507421919e-06,
        "dvar2": 2.93102766591e-06,
        "max": 0.0138168558478,
        "mean": 0.00515107857063,
        "median": 0.00508918659762,
        "min": 4.41038601195e-08,
        "var": 6.07563606536e-06
    },
    "spectral_rolloff": {
        "dmean": 921.651184082,
        "dmean2": 1478.51098633,
        "dvar": 1859846.5,
        "dvar2": 3735108.25,
        "max": 19444.4824219,
        "mean": 2522.7578125,
        "median": 1593.45703125,
        "min": 64.599609375,
        "var": 5980128
    },
    "spectral_skewness": {
        "dmean": 0.131588324904,
        "dmean2": 0.2055991292,
        "dvar": 0.0243620537221,
        "dvar2": 0.0624138303101,
        "max": 7.19236755371,
        "mean": 1.14468193054,
        "median": 1.10861599445,
        "min": -0.109008595347,
        "var": 0.139728888869
    },
    "spectral_spread": {
        "dmean": 688526.5625,
        "dmean2": 986090.8125,
        "dvar": 765258694656,
        "dvar2": 1.41171136922e+12,
        "max": 14574688,
        "mean": 6752133.5,
        "median": 6948010,
        "min": 1018982.0625,
        "var": 3.61788420915e+12
    },
    "spectral_strongpeak": {
        "dmean": 0.432966738939,
        "dmean2": 0.73499506712,
        "dvar": 0.640418350697,
        "dvar2": 1.61559069157,
        "max": 12.5063333511,
        "mean": 0.843989431858,
        "median": 0.473872333765,
        "min": 0,
        "var": 0.874882876873
    },
    "zerocrossingrate": {
        "dmean": 0.0149952126667,
        "dmean2": 0.0172252878547,
        "dvar": 0.000263512978563,
        "dvar2": 0.000335487158736,
        "max": 0.56982421875,
        "mean": 0.0919742211699,
        "median": 0.0849609375,
        "min": 0.0029296875,
        "var": 0.00261173956096
    },
    "barkbands": {
        "dmean": [0.000207245844649, 0.0038958012592, 0.00484101567417, 0.00227614189498, 0.00181502616033, 0.00241464027204, 0.00150591065176, 0.00055766251171, 0.000494180247188, 0.000421597593231, 0.000161126707098, 0.000274235353572, 0.000171359468368, 0.000212468468817, 0.000169794569956, 0.000117462775961, 0.000147961851326, 0.000123431600514, 0.000119192314742, 0.000161973512149, 0.000180726594408, 0.000165471123182, 0.000183181968168, 0.000171352745383, 0.00018930096121, 0.000107892505184, 1.98382658709e-05],
        "dmean2": [0.000292870972771, 0.00617925729603, 0.00802577100694, 0.00383910979144, 0.00302496296354, 0.00385683099739, 0.0023150856141, 0.000889773305971, 0.000771958613768, 0.000653317430988, 0.000248955679126, 0.000431581021985, 0.000270694465144, 0.000329632981448, 0.00026065192651, 0.000189484548173, 0.000237685773754, 0.00019503038493, 0.000185438155313, 0.000248337659286, 0.000291715463391, 0.000258377229329, 0.000292285752948, 0.000267960102065, 0.000289668649202, 0.000162760334206, 2.79506912193e-05],
        "dvar": [1.69994407884e-07, 8.20253335405e-05, 0.000256247702055, 4.14778478444e-05, 2.18755958485e-05, 2.01849979931e-05, 8.66348636919e-06, 1.16639250791e-06, 1.53851544837e-06, 1.24307621263e-06, 1.39065434723e-07, 2.97449616937e-07, 1.20491520761e-07, 1.79353989438e-07, 1.10902099948e-07, 3.82841740532e-08, 7.18033916769e-08, 3.54408058456e-08, 3.48122846106e-08, 8.73278764857e-08, 8.44007459477e-08, 4.87417395334e-08, 7.50095736635e-08, 5.51509913294e-08, 1.09408418325e-07, 5.08032833579e-08, 1.63611268977e-09],
        "dvar2": [3.48605624367e-07, 0.000212204933632, 0.000571151205804, 0.000109776825411, 5.7307723182e-05, 5.02831571794e-05, 1.99437126867e-05, 2.66315964836e-06, 3.39017628903e-06, 2.63668039224e-06, 3.1851982385e-07, 7.07040840098e-07, 2.89520244223e-07, 4.20790172484e-07, 2.45410717525e-07, 9.29614927259e-08, 1.71302858121e-07, 7.97604258196e-08, 7.471040675e-08, 1.7663727192e-07, 2.11657521731e-07, 1.14514833172e-07, 1.88603706874e-07, 1.2394997384e-07, 2.39629827092e-07, 9.07501771508e-08, 2.89062862535e-09],
        "max": [0.0121621657163, 0.112108565867, 0.13893596828, 0.057187102735, 0.0549858883023, 0.0736066624522, 0.0688592344522, 0.025744497776, 0.0258090831339, 0.0189821049571, 0.0149343814701, 0.0114911096171, 0.0100456438959, 0.00978677999228, 0.00686116749421, 0.0047381776385, 0.00549122085795, 0.00435538683087, 0.00425342610106, 0.0065538091585, 0.00440037064254, 0.00639188382775, 0.00334464968182, 0.00459201540798, 0.00441330065951, 0.00204734317958, 0.000447170634288],
        "mean": [0.000493750150781, 0.00871476717293, 0.00442244531587, 0.00205627875403, 0.00263803708367, 0.00432701362297, 0.00274511775933, 0.00091938325204, 0.000839248590637, 0.000698488322087, 0.000297162652714, 0.000468241778435, 0.000274628575426, 0.000361469603376, 0.000283841160126, 0.000214783009142, 0.000279734871583, 0.000263233814621, 0.000271889090072, 0.000372231414076, 0.000472146610264, 0.000511950929649, 0.000456554786069, 0.000463287811726, 0.000381138641387, 0.000163911987329, 3.37987730745e-05],
        "median": [0.000148698352859, 0.00485395686701, 0.000453247281257, 0.00030709913699, 0.000843268062454, 0.00176161061972, 0.00109732104465, 0.000351130787749, 0.00022142274247, 0.000220012429054, 0.000101808698673, 0.000198016365175, 0.000138873117976, 0.00018781934341, 0.000139321826282, 0.000130414002342, 0.000162658179761, 0.000172076935996, 0.000165918507264, 0.000208637342439, 0.000332666008035, 0.00034731690539, 0.000302116124658, 0.000305599503918, 0.000197845336515, 5.41609151696e-05, 6.64885101287e-06],
        "min": [3.74890378886e-14, 1.10697177336e-14, 1.46635813318e-15, 6.54341422083e-16, 2.36266902208e-15, 3.93149791897e-15, 1.72833737695e-15, 3.56997282213e-15, 2.75581559525e-14, 1.12558947284e-14, 2.76461537819e-15, 2.52378082964e-15, 3.09510582311e-14, 1.09164030761e-14, 2.40795136109e-14, 2.86947589713e-14, 4.88995135887e-14, 1.44109205092e-14, 5.43230418331e-14, 4.43348123784e-14, 9.20149847701e-14, 6.93123198268e-14, 1.53827864617e-13, 1.45618489055e-13, 2.48877822647e-13, 2.4005550694e-13, 4.9203875566e-13],
        "var": [5.59546094792e-07, 0.000139483337989, 0.000239474029513, 3.22529776895e-05, 2.55297472904e-05, 4.26667938882e-05, 2.17772158067e-05, 2.93227481052e-06, 3.77415290131e-06, 2.76273749478e-06, 4.67353203248e-07, 5.87854458445e-07, 1.86083710219e-07, 3.11927095709e-07, 2.02053797693e-07, 7.73339792204e-08, 1.46839013837e-07, 9.78542473717e-08, 1.13699059057e-07, 2.63867974581e-07, 2.43306033099e-07, 2.91171204481e-07, 2.36768613604e-07, 2.11296523389e-07, 2.32007607792e-07, 7.88051011114e-08, 3.40101258267e-09]
    },
    "erbbands": {
        "dmean": [0.127307057381, 0.916866600513, 4.37213754654, 7.17345380783, 6.44020462036, 5.95133209229, 8.84157371521, 21.8889331818, 26.6781311035, 17.2846317291, 11.3319225311, 9.5798625946, 17.8090381622, 6.08234167099, 6.99739694595, 12.3052005768, 7.94388437271, 11.6753063202, 5.28820800781, 10.3773441315, 6.45888757706, 6.93034601212, 5.97203922272, 6.87506341934, 5.79623794556, 7.81942176819, 6.82910203934, 6.89491844177, 6.34645938873, 5.84499549866, 4.96498632431, 3.74908399582, 3.03100848198, 2.25226616859, 1.31389045715, 0.58495926857, 0.180512204766, 0.0344893559813, 0.00335025810637, 0.000151234067744],
        "dmean2": [0.19345228374, 1.45862257481, 7.17972278595, 11.7336902618, 10.6638641357, 9.98250675201, 14.1466798782, 35.2519721985, 40.9208221436, 26.624792099, 17.8162403107, 14.7359781265, 27.4482727051, 9.35381698608, 10.7966499329, 19.4245071411, 12.3812656403, 18.02526474, 8.16529941559, 16.2300796509, 10.3310127258, 11.1601572037, 9.45790863037, 10.8179998398, 9.04659366608, 11.7941417694, 10.7960948944, 10.9520845413, 9.95776176453, 9.20955848694, 7.9117770195, 5.89687538147, 4.74514627457, 3.47853732109, 2.01478552818, 0.895734667778, 0.266942620277, 0.0491561181843, 0.0046713729389, 0.000212742088479],
        "dvar": [0.0616878084838, 5.69964504242, 191.508422852, 482.61505127, 261.281280518, 248.312332153, 689.463500977, 1773.68518066, 2484.88549805, 1787.52819824, 513.533325195, 614.75592041, 2271.7824707, 293.878173828, 239.204071045, 578.744506836, 264.360137939, 545.694885254, 92.9549255371, 404.013458252, 107.697227478, 163.993637085, 75.5187911987, 141.719406128, 93.1897125244, 252.547424316, 96.8128814697, 110.361351013, 73.1856536865, 70.8003463745, 52.7967720032, 27.6273117065, 18.1353530884, 13.6487207413, 6.18569850922, 1.36252903938, 0.151549890637, 0.00568565307185, 4.61547497252e-05, 8.21457888378e-08],
        "dvar2": [0.148595675826, 14.560459137, 413.114990234, 1169.05456543, 692.535888672, 639.896789551, 1572.63769531, 4444.52441406, 5675.13330078, 3847.12768555, 1176.17358398, 1298.27490234, 5054.72802734, 553.83392334, 541.16986084, 1349.85717773, 618.768859863, 1260.49755859, 204.952865601, 912.135681152, 260.990753174, 402.863586426, 174.443710327, 299.435211182, 192.269546509, 479.117218018, 228.532302856, 266.55090332, 172.543624878, 166.893096924, 134.031219482, 66.1054992676, 39.8302345276, 29.3949069977, 13.885219574, 2.69401359558, 0.261674910784, 0.00958089996129, 8.70395524544e-05, 1.57601235173e-07],
        "max": [2.95941925049, 27.4637718201, 113.622817993, 182.529541016, 201.147705078, 178.630661011, 626.614929199, 878.195922852, 841.411071777, 1374.15905762, 471.157623291, 523.250732422, 886.458557129, 605.457580566, 727.537780762, 481.888061523, 431.383422852, 504.611724854, 281.959320068, 402.935516357, 257.058776855, 322.934844971, 189.118743896, 283.814331055, 271.256225586, 412.362487793, 209.473419189, 181.087280273, 174.153106689, 198.28427124, 96.7140960693, 54.8435707092, 103.433586121, 68.1270751953, 34.9834327698, 10.5098743439, 4.0152554512, 0.776718497276, 0.0847415775061, 0.00408714218065],
        "mean": [0.334003180265, 1.66109526157, 4.5134344101, 6.52353620529, 7.49499893188, 8.46939659119, 15.3612384796, 37.9050254822, 48.7386856079, 32.4262084961, 19.1964378357, 17.8482093811, 29.8709278107, 11.9957199097, 13.8949832916, 21.6057834625, 13.8746271133, 20.1397895813, 10.3370962143, 17.7852039337, 13.4624290466, 14.1951732635, 13.6119604111, 15.2681474686, 13.7023897171, 18.2976665497, 17.9249229431, 19.0515556335, 18.9775981903, 15.8230257034, 12.4788255692, 9.26397228241, 7.91465139389, 5.01633691788, 2.30463075638, 0.874763846397, 0.271815776825, 0.0532028414309, 0.00570582225919, 0.000303461158182],
        "median": [0.171884864569, 0.800008177757, 0.738201320171, 1.02857208252, 1.74009001255, 2.16445612907, 5.38892221451, 14.5854873657, 19.7788391113, 9.47096252441, 8.3521194458, 5.78111314774, 8.88679504395, 5.09430932999, 6.06550121307, 9.77295017242, 7.63488388062, 10.262960434, 6.50292778015, 9.13613796234, 8.5317697525, 9.0368309021, 9.89286804199, 9.15782546997, 8.92586231232, 10.4437389374, 12.4402732849, 12.3480958939, 12.2435016632, 10.6299524307, 8.27949619293, 6.21525001526, 4.76517343521, 2.87639951706, 1.08520960808, 0.333814173937, 0.0781286433339, 0.0124056227505, 0.00118923431728, 9.05481938389e-05],
        "min": [9.03151143282e-13, 1.61016989672e-12, 1.80061445355e-12, 2.28027991454e-12, 2.3279390568e-12, 8.53992310895e-12, 1.96868788632e-11, 3.91312642012e-11, 1.60461522541e-11, 5.78229582271e-11, 1.97559441029e-10, 5.6952548233e-10, 3.43960360194e-10, 3.47559758751e-10, 1.19867588078e-10, 1.34112471128e-10, 1.01145669618e-09, 1.10955644672e-09, 1.24727173034e-09, 1.03507435956e-09, 1.90300419867e-09, 2.44411735295e-09, 1.20942100779e-09, 2.45682962863e-09, 2.65501487462e-09, 1.84559012517e-09, 1.83358350725e-09, 4.87097961965e-09, 2.15500706169e-09, 4.47668346837e-09, 3.76129527524e-09, 2.93361468451e-09, 2.47328113545e-09, 2.31953789509e-09, 2.05664352215e-09, 7.85445986029e-10, 4.22958279511e-10, 3.02031039068e-10, 7.20211876248e-11, 6.80608173986e-12],
        "var": [0.177129358053, 7.23584890366, 190.537490845, 414.081420898, 258.552307129, 307.222747803, 1277.64831543, 3572.37963867, 6318.30908203, 5268.84667969, 1134.34313965, 1624.48132324, 5027.29638672, 882.608093262, 736.25579834, 1204.83215332, 433.587738037, 977.976867676, 207.926544189, 727.508728027, 259.845550537, 332.802459717, 208.252868652, 417.468383789, 307.163085938, 769.063293457, 335.349945068, 410.327270508, 424.835845947, 286.9246521, 168.343200684, 80.4558258057, 72.0819549561, 38.7999382019, 9.86916828156, 2.00571370125, 0.237555012107, 0.00953217688948, 9.30006499402e-05, 2.18159001975e-07]
    },
    "gfcc": {
        "mean": [23.0763072968, 38.8341255188, -103.371574402, 26.1837348938, -74.2874298096, 8.80952167511, -43.4519577026, 5.32544946671, -20.8725452423, 10.5584411621, -10.5967102051, 6.10020685196, -10.0531196594],
        "cov": [[11671.671875, 54.9721984863, 2253.68017578, 1477.67028809, 634.684020996, 1149.12023926, 634.676025391, 678.001464844, 301.077606201, 433.687561035, 7.46289110184, 160.343170166, -66.4601898193], [54.9721984863, 1221.2355957, -38.2108573914, 274.371673584, 292.633270264, -23.4177742004, 122.10231781, -27.8550548553, 49.8891410828, -55.813583374, 79.2757263184, -14.3131752014, 40.0572929382], [2253.68017578, -38.2108573914, 1472.47607422, 755.471374512, 518.53314209, 622.175415039, 367.862731934, 334.41494751, 167.709487915, 180.038452148, 22.1925868988, 82.885559082, -14.3894805908], [1477.67028809, 274.371673584, 755.471374512, 876.433837891, 468.306304932, 453.093444824, 292.330474854, 230.677902222, 171.95954895, 113.643074036, 75.995803833, 63.7506790161, 28.7252693176], [634.684020996, 292.633270264, 518.53314209, 468.306304932, 573.68347168, 290.976379395, 250.278579712, 161.18572998, 117.170898438, 68.1721115112, 61.518409729, 46.3226661682, 11.5597696304], [1149.12023926, -23.4177742004, 622.175415039, 453.093444824, 290.976379395, 527.1796875, 289.426818848, 253.772567749, 137.862838745, 142.135299683, 53.0119171143, 59.6793861389, 20.0604915619], [634.676025391, 122.10231781, 367.862731934, 292.330474854, 250.278579712, 289.426818848, 368.299591064, 215.494476318, 120.051483154, 80.5642623901, 33.8878593445, 25.2691822052, 10.7937860489], [678.001464844, -27.8550548553, 334.41494751, 230.677902222, 161.18572998, 253.772567749, 215.494476318, 258.622558594, 147.73576355, 109.938354492, 35.8682899475, 44.9188041687, 24.0392208099], [301.077606201, 49.8891410828, 167.709487915, 171.95954895, 117.170898438, 137.862838745, 120.051483154, 147.73576355, 183.817428589, 112.217094421, 53.6804618835, 31.5091552734, 29.8096904755], [433.687561035, -55.813583374, 180.038452148, 113.643074036, 68.1721115112, 142.135299683, 80.5642623901, 109.938354492, 112.217094421, 151.953582764, 70.7946472168, 45.94896698, 20.5906105042], [7.46289110184, 79.2757263184, 22.1925868988, 75.995803833, 61.518409729, 53.0119171143, 33.8878593445, 35.8682899475, 53.6804618835, 70.7946472168, 121.222366333, 76.0565032959, 38.6802406311], [160.343170166, -14.3131752014, 82.885559082, 63.7506790161, 46.3226661682, 59.6793861389, 25.2691822052, 44.9188041687, 31.5091552734, 45.94896698, 76.0565032959, 117.026802063, 51.7149772644], [-66.4601898193, 40.0572929382, -14.3894805908, 28.7252693176, 11.5597696304, 20.0604915619, 10.7937860489, 24.0392208099, 29.8096904755, 20.5906105042, 38.6802406311, 51.7149772644, 90.1384353638]],
        "icov": [[0.000146323422086, -7.99469053163e-05, -0.000111721506983, -0.000166709898622, 0.000136688817292, -2.18614277401e-05, 3.65679843526e-05, -0.000179008449777, 0.000254234415479, -0.000440913368948, 0.000398059026338, -0.000269138254225, 0.000209641701076], [-7.99469053163e-05, 0.00139145145658, 0.000168747166754, -0.000316302815918, -0.000626340159215, 0.000501029076986, -0.000616980949417, 0.00072172016371, -0.000739717797842, 0.00148417393211, -0.00178951339331, 0.00130212143995, -0.000772891449742], [-0.000111721506983, 0.000168747166754, 0.00210003461689, -0.000769443693571, -0.000794006395154, -0.000920363934711, 6.31613802398e-05, -0.000370283058146, 0.000635550823063, -0.00111427519005, 0.00177143351175, -0.00122404843569, 0.000807397533208], [-0.000166709898622, -0.000316302815918, -0.000769443693571, 0.00351135316305, -0.00106414535549, -0.00152994086966, 0.000214731699089, 0.000613934302237, -0.00176075822674, 0.00182326592039, -0.00139177928213, 0.000644029001705, -0.000543114787433], [0.000136688817292, -0.000626340159215, -0.000794006395154, -0.00106414535549, 0.00412506377324, -0.000203764167964, -0.00104110804386, 0.000196153399884, -0.000495834101457, 0.000557998893782, -0.0005546718603, -0.00057239230955, 0.000783112598583], [-2.18614277401e-05, 0.000501029076986, -0.000920363934711, -0.00152994086966, -0.000203764167964, 0.00681341765448, -0.00192622991744, -0.00234134471975, 0.00193302554544, -0.00238465983421, -0.000373456656234, 0.00048544650781, -0.000746060803067], [3.65679843526e-05, -0.000616980949417, 6.31613802398e-05, 0.000214731699089, -0.00104110804386, -0.00192622991744, 0.00719521334395, -0.0045610377565, 0.000317487836583, 0.00077841343591, -0.000380169367418, 0.000938420300372, 0.000501720001921], [-0.000179008449777, 0.00072172016371, -0.000370283058146, 0.000613934302237, 0.000196153399884, -0.00234134471975, -0.0045610377565, 0.0148055786267, -0.00747034745291, -9.22613180592e-05, 0.00207606144249, -0.00232069334015, -0.000681760895532], [0.000254234415479, -0.000739717797842, 0.000635550823063, -0.00176075822674, -0.000495834101457, 0.00193302554544, 0.000317487836583, -0.00747034745291, 0.0166686307639, -0.00973328761756, 0.00080560229253, 0.00170586758759, -0.00184707448352], [-0.000440913368948, 0.00148417393211, -0.00111427519005, 0.00182326592039, 0.000557998893782, -0.00238465983421, 0.00077841343591, -9.22613180592e-05, -0.00973328761756, 0.0216215159744, -0.0115841599181, 0.00303483684547, 0.000156623369548], [0.000398059026338, -0.00178951339331, 0.00177143351175, -0.00139177928213, -0.0005546718603, -0.000373456656234, -0.000380169367418, 0.00207606144249, 0.00080560229253, -0.0115841599181, 0.0244902018458, -0.013669253327, 0.00117414898705], [-0.000269138254225, 0.00130212143995, -0.00122404843569, 0.000644029001705, -0.00057239230955, 0.00048544650781, 0.000938420300372, -0.00232069334015, 0.00170586758759, 0.00303483684547, -0.013669253327, 0.0211190227419, -0.00821406580508], [0.000209641701076, -0.000772891449742, 0.000807397533208, -0.000543114787433, 0.000783112598583, -0.000746060803067, 0.000501720001921, -0.000681760895532, -0.00184707448352, 0.000156623369548, 0.00117414898705, -0.00821406580508, 0.0168652683496]]
    },
    "melbands": {
        "dmean": [0.00107385008596, 0.00185668095946, 0.00123573071323, 0.000404365389841, 0.000296711572446, 0.000505134987179, 0.0003886881168, 0.000169480597833, 8.88486101758e-05, 6.54500545352e-05, 8.78128994373e-05, 2.43820413743e-05, 2.33917453443e-05, 3.25073669956e-05, 2.38951761276e-05, 1.69197901414e-05, 2.33172249864e-05, 8.77737602423e-06, 1.28815563585e-05, 1.12474644993e-05, 8.34097318148e-06, 8.20023979031e-06, 7.07903291186e-06, 6.31409511698e-06, 6.01199963057e-06, 4.64849699711e-06, 5.0297726375e-06, 5.50075901629e-06, 4.36868049292e-06, 5.92057995163e-06, 4.01300167141e-06, 4.20364676756e-06, 3.65787263945e-06, 3.5799869238e-06, 2.95861264021e-06, 3.04991772282e-06, 2.32140064327e-06, 2.28099133892e-06, 2.2836034077e-06, 1.92737934412e-06],
        "dmean2": [0.00168090371881, 0.00301386625506, 0.00200722552836, 0.000676899624523, 0.000479089387227, 0.000804146577138, 0.000597463280428, 0.000262761313934, 0.000139152543852, 0.000101468140201, 0.000135367998155, 3.76830394089e-05, 3.61294369213e-05, 5.08074990648e-05, 3.75103772967e-05, 2.62072317128e-05, 3.62650571333e-05, 1.3896409655e-05, 1.99017358682e-05, 1.79121489055e-05, 1.34298261401e-05, 1.32591576403e-05, 1.14331287477e-05, 9.73932765191e-06, 9.52979462454e-06, 7.24247365724e-06, 7.93769868324e-06, 8.32672230899e-06, 6.9867332968e-06, 9.7322918009e-06, 6.24805807092e-06, 6.64438312015e-06, 5.86545547776e-06, 5.70594465898e-06, 4.76616651213e-06, 4.90465981784e-06, 3.67469260709e-06, 3.61459933629e-06, 3.63041021956e-06, 2.99211706078e-06],
        "dvar": [5.17608850714e-06, 2.91668693535e-05, 1.24727139337e-05, 1.07103596747e-06, 6.93017625508e-07, 9.02239264633e-07, 4.96356506119e-07, 1.56258181505e-07, 3.30921103853e-08, 2.69615600956e-08, 5.47114211713e-08, 5.75548719794e-09, 2.92398150137e-09, 4.34402780414e-09, 2.16368545303e-09, 9.32097621309e-10, 2.33148744755e-09, 2.66575317376e-10, 7.52448214847e-10, 3.89547893942e-10, 2.10620632046e-10, 2.80253265039e-10, 1.38526204396e-10, 1.39692535317e-10, 1.19966842016e-10, 7.6810106886e-11, 7.29306823266e-11, 1.29270011362e-10, 4.06404875031e-11, 1.40195244303e-10, 3.74570305328e-11, 3.47159107017e-11, 2.66411944588e-11, 2.69002337766e-11, 1.79508977127e-11, 2.13341757455e-11, 1.001544854e-11, 1.00045978446e-11, 1.21595468069e-11, 1.07758602388e-11],
        "dvar2": [1.31604965645e-05, 6.24989916105e-05, 3.01369509543e-05, 2.85568830805e-06, 1.56268117735e-06, 2.22631365432e-06, 1.13759563192e-06, 3.40109750141e-07, 7.52030899775e-08, 5.89081885494e-08, 1.21346289461e-07, 1.07276152406e-08, 6.77348310774e-09, 1.02333199692e-08, 5.12952746945e-09, 2.14750794925e-09, 5.5111364361e-09, 6.21222684405e-10, 1.67500535664e-09, 9.16554221408e-10, 5.12246522977e-10, 6.91940060804e-10, 3.2258254401e-10, 2.81201922858e-10, 2.53424503605e-10, 1.49276604966e-10, 1.52090340322e-10, 2.51635240422e-10, 9.6435540109e-11, 3.67367247733e-10, 8.20217158082e-11, 8.6190318771e-11, 6.69849037349e-11, 6.56738621818e-11, 4.5785601005e-11, 5.38715495824e-11, 2.40233718335e-11, 2.29961761439e-11, 2.70249048834e-11, 2.40881446734e-11],
        "max": [0.0277123227715, 0.0424583032727, 0.0277309678495, 0.0138936620206, 0.0170632861555, 0.0175211131573, 0.0115225156769, 0.0120347905904, 0.00345946243033, 0.00350684742443, 0.00431043328717, 0.00270528066903, 0.00215665553696, 0.00154291756917, 0.00111167877913, 0.000607427151408, 0.00112824258395, 0.00041966221761, 0.000640167039819, 0.000460226699943, 0.000380415091058, 0.000444281904493, 0.000331876508426, 0.000336648285156, 0.000264440954197, 0.000259458262008, 0.000191125043784, 0.000249314209213, 0.000115320828627, 0.000184912438272, 0.000150297259097, 0.000105662031274, 0.000148828985402, 8.36862454889e-05, 8.08075201348e-05, 4.5392960601e-05, 3.66677631973e-05, 6.9817127951e-05, 8.53005549288e-05, 6.10724891885e-05],
        "mean": [0.002643390093, 0.00230878824368, 0.00120674772188, 0.000539315398782, 0.000510246318299, 0.000897020217963, 0.000718581315596, 0.000308819377096, 0.000145456811879, 0.000116493843962, 0.000146096150274, 4.45783298346e-05, 4.44991055701e-05, 5.56602790311e-05, 4.02740333811e-05, 2.8498343454e-05, 3.8596932427e-05, 1.51510384967e-05, 2.08427682082e-05, 2.0020896045e-05, 1.58386919793e-05, 1.51112608364e-05, 1.34508927658e-05, 1.29599720822e-05, 1.2087198229e-05, 9.97007464321e-06, 1.03694301288e-05, 1.2214733033e-05, 1.06015750134e-05, 1.23272311612e-05, 1.06631532617e-05, 1.11167582872e-05, 9.39859273785e-06, 8.53284473123e-06, 7.37494110581e-06, 6.12359372099e-06, 5.47673607798e-06, 5.64326592212e-06, 5.09215215061e-06, 3.95440156353e-06],
        "median": [0.00144367327448, 0.000675456947647, 0.000220915477257, 0.000159598188475, 0.000162498414284, 0.000353030249244, 0.000307756388793, 8.2957885752e-05, 5.714258441e-05, 3.40457518178e-05, 4.24672398367e-05, 1.72851978277e-05, 1.58891962201e-05, 2.33971277339e-05, 2.05699107028e-05, 1.46615984704e-05, 1.88305912161e-05, 8.56462975207e-06, 1.01034820545e-05, 1.11239069156e-05, 8.77465299709e-06, 8.906074072e-06, 8.2168244262e-06, 7.46834894017e-06, 6.47687011224e-06, 5.95242727286e-06, 5.70392694499e-06, 6.43163866698e-06, 6.59195575281e-06, 7.63967545936e-06, 6.63417267788e-06, 6.50626816423e-06, 6.61457488604e-06, 5.42611678611e-06, 4.91981654704e-06, 3.82198413718e-06, 3.6636099594e-06, 3.43381520906e-06, 2.91623791782e-06, 2.10764574149e-06],
        "min": [7.80944302688e-15, 1.29771016761e-15, 3.88511010667e-16, 3.1676906704e-16, 6.97579860002e-16, 8.21149102694e-16, 2.76997799672e-16, 6.14932155421e-16, 2.26583727434e-15, 3.66881097917e-15, 1.72944222555e-15, 1.5075640626e-15, 4.2371674398e-16, 2.67140480218e-16, 3.59163568976e-16, 3.83041131298e-15, 1.6817736465e-15, 1.78312399737e-15, 1.57783137481e-15, 1.82541508188e-15, 2.34960311536e-15, 2.75199098739e-15, 1.75624266564e-15, 6.24293351796e-16, 2.28654405353e-15, 1.55274098836e-15, 2.20938189314e-15, 1.01750002196e-15, 7.12818776817e-16, 2.25664675511e-15, 2.83752733902e-15, 1.19683394343e-15, 1.18997403535e-15, 3.1344449978e-15, 2.18769552034e-15, 1.84097804174e-15, 1.77307808074e-15, 1.53737877531e-15, 1.87110763895e-15, 1.99148499679e-15],
        "var": [1.13819469334e-05, 3.10009236273e-05, 1.11679546535e-05, 1.14839292564e-06, 1.2428052969e-06, 1.96160249288e-06, 1.26817099044e-06, 4.63391131689e-07, 7.29072411332e-08, 6.80200855641e-08, 1.22047921991e-07, 1.66716880301e-08, 9.78525704909e-09, 8.31898461229e-09, 3.53953089061e-09, 1.69747527146e-09, 3.96944344061e-09, 5.11393871694e-10, 1.21485832505e-09, 7.95182864e-10, 4.77610451188e-10, 4.96609919853e-10, 3.21841137074e-10, 4.14913214897e-10, 3.27140453615e-10, 2.43542075395e-10, 1.94376056917e-10, 3.86042003919e-10, 1.3661909104e-10, 2.42496633884e-10, 1.49738721422e-10, 1.62581448304e-10, 1.01958982923e-10, 8.97438651171e-11, 6.01340713335e-11, 4.35036694169e-11, 2.88063184417e-11, 3.73703325229e-11, 3.69844606329e-11, 2.73772445686e-11]
    },
    "mfcc": {
        "mean": [-623.399047852, 74.7585220337, 15.9519367218, 13.0190153122, -5.68512105942, -0.605140805244, -10.2273435593, -6.947306633, -6.03889083862, -3.79460668564, 0.390198647976, 4.37777519226, 2.19779849052],
        "cov": [[7604.47070312, -77.0184402466, 1749.71374512, 980.042175293, 764.276184082, 944.18737793, 785.711425781, 671.371398926, 620.968383789, 545.756896973, 390.827667236, 270.369018555, 227.034500122], [-77.0184402466, 867.233947754, -95.2414321899, 190.208145142, 89.4420623779, 38.9033737183, 73.4700164795, 52.191493988, -3.42934322357, 16.2326450348, -0.805821120739, 0.362640172243, 10.2768697739], [1749.71374512, -95.2414321899, 1083.94287109, 406.553924561, 411.541259766, 447.025756836, 382.581268311, 315.317779541, 303.308807373, 221.273345947, 181.622619629, 130.992340088, 101.314613342], [980.042175293, 190.208145142, 406.553924561, 585.929260254, 370.765197754, 319.868255615, 253.57649231, 238.30291748, 162.943634033, 159.594940186, 90.2664260864, 92.8460617065, 76.9697113037], [764.276184082, 89.4420623779, 411.541259766, 370.765197754, 475.07321167, 311.100891113, 225.680496216, 194.913787842, 156.403182983, 126.361633301, 106.134216309, 108.232124329, 76.7091522217], [944.18737793, 38.9033737183, 447.025756836, 319.868255615, 311.100891113, 389.602996826, 292.573486328, 224.104492188, 177.366821289, 158.772094727, 131.034164429, 96.98387146, 65.6988449097], [785.711425781, 73.4700164795, 382.581268311, 253.57649231, 225.680496216, 292.573486328, 349.708129883, 248.448577881, 180.522888184, 163.071990967, 116.36428833, 70.0327529907, 67.6671829224], [671.371398926, 52.191493988, 315.317779541, 238.30291748, 194.913787842, 224.104492188, 248.448577881, 271.507507324, 187.758026123, 147.483261108, 103.527557373, 74.3930664062, 59.490562439], [620.968383789, -3.42934322357, 303.308807373, 162.943634033, 156.403182983, 177.366821289, 180.522888184, 187.758026123, 245.515930176, 178.513381958, 114.301261902, 69.006980896, 60.3518180847], [545.756896973, 16.2326450348, 221.273345947, 159.594940186, 126.361633301, 158.772094727, 163.071990967, 147.483261108, 178.513381958, 209.302871704, 120.845825195, 52.8747253418, 46.6862945557], [390.827667236, -0.805821120739, 181.622619629, 90.2664260864, 106.134216309, 131.034164429, 116.36428833, 103.527557373, 114.301261902, 120.845825195, 168.840377808, 99.3040771484, 35.1854782104], [270.369018555, 0.362640172243, 130.992340088, 92.8460617065, 108.232124329, 96.98387146, 70.0327529907, 74.3930664062, 69.006980896, 52.8747253418, 99.3040771484, 141.577896118, 75.0909347534], [227.034500122, 10.2768697739, 101.314613342, 76.9697113037, 76.7091522217, 65.6988449097, 67.6671829224, 59.490562439, 60.3518180847, 46.6862945557, 35.1854782104, 75.0909347534, 134.2081604]],
