{
"lowlevel": {
    "average_loudness": 0.946622848511,
    "barkbands_crest": {
        "dmean": 2.86776304245,
        "dmean2": 4.77142190933,
        "dvar": 8.36283683777,
        "dvar2": 21.931646347,
        "max": 25.2368507385,
        "mean": 11.4998521805,
        "median": 10.5920810699,
        "min": 1.95882916451,
        "var": 25.8684673309
    },
    "barkbands_flatness_db": {
        "dmean": 0.026684500277,
        "dmean2": 0.0393731370568,
        "dvar": 0.000825134513434,
        "dvar2": 0.0016385121271,
        "max": 0.500355839729,
        "mean": 0.158821254969,
        "median": 0.152185901999,
        "min": 0.0192106664181,
        "var": 0.00583786983043
    },
    "barkbands_kurtosis": {
        "dmean": 5.46674728394,
        "dmean2": 8.7300901413,
        "dvar": 184.825042725,
        "dvar2": 447.194274902,
        "max": 448.04208374,
        "mean": 9.7924079895,
        "median": 3.87993812561,
        "min": -1.89256882668,
        "var": 455.259063721
    },
    "barkbands_skewness": {
        "dmean": 0.652273952961,
        "dmean2": 1.02742159367,
        "dvar": 0.719440281391,
        "dvar2": 1.6075694561,
        "max": 17.3544960022,
        "mean": 2.2277276516,
        "median": 1.82752680779,
        "min": -3.07798147202,
        "var": 2.66999006271
    },
    "barkbands_spread": {
        "dmean": 4.46251821518,
        "dmean2": 6.95599651337,
        "dvar": 39.2943229675,
        "dvar2": 88.7227096558,
        "max": 118.22190094,
        "mean": 16.0789661407,
        "median": 12.8729114532,
        "min": 0.321922749281,
        "var": 142.171539307
    },
    "dissonance": {
        "dmean": 0.0173297338188,
        "dmean2": 0.0287502072752,
        "dvar": 0.000314951728797,
        "dvar2": 0.00084049772704,
        "max": 0.500000059605,
        "mean": 0.464236617088,
        "median": 0.47273465991,
        "min": 0.263862133026,
        "var": 0.000892152427696
    },
    "dynamic_complexity": 2.7346997261,
    "erbbands_crest": {
        "dmean": 1.78437328339,
        "dmean2": 2.73886466026,
        "dvar": 3.33688426018,
        "dvar2": 7.26429414749,
        "max": 31.3326053619,
        "mean": 8.10803890228,
        "median": 7.09530210495,
        "min": 2.37387275696,
        "var": 16.9442558289
    },
    "erbbands_flatness_db": {
        "dmean": 0.0195820461959,
        "dmean2": 0.024688443169,
        "dvar": 0.000353777839337,
        "dvar2": 0.000682177138515,
        "max": 0.349800378084,
        "mean": 0.148238480091,
        "median": 0.139471679926,
        "min": 0.0486146472394,
        "var": 0.00213008001447
    },
    "erbbands_kurtosis": {
        "dmean": 0.759889543056,
        "dmean2": 1.18281543255,
        "dvar": 1.24232804775,
        "dvar2": 2.86214160919,
        "max": 34.8326759338,
        "mean": 0.521395266056,
        "median": 0.0114376544952,
        "min": -1.8622020483,
        "var": 3.85631299019
    },
    "erbbands_skewness": {
        "dmean": 0.290650129318,
        "dmean2": 0.452349305153,
        "dvar": 0.0950286909938,
        "dvar2": 0.224587038159,
        "max": 4.07381725311,
        "mean": 0.449303537607,
        "median": 0.431283473969,
        "min": -3.89595341682,
        "var": 0.394092172384
    },
    "erbbands_spread": {
        "dmean": 8.76333618164,
        "dmean2": 13.0995502472,
        "dvar": 122.371994019,
        "dvar2": 275.505462646,
        "max": 173.440963745,
        "mean": 38.7742729187,
        "median": 35.6323165894,
        "min": 4.01257658005,
        "var": 403.110229492
    },
    "hfc": {
        "dmean": 7.19996547699,
        "dmean2": 11.3354549408,
        "dvar": 221.432052612,
        "dvar2": 576.172241211,
        "max": 193.720458984,
        "mean": 17.3087463379,
        "median": 13.776553154,
        "min": 1.0571755349e-16,
        "var": 254.709747314
    },
    "melbands_crest": {
        "dmean": 3.70793962479,
        "dmean2": 6.05751800537,
        "dvar": 11.669052124,
        "dvar2": 30.0798721313,
        "max": 39.2608833313,
        "mean": 15.8743886948,
        "median": 15.4975337982,
        "min": 1.58637833595,
        "var": 36.6096878052
    },
    "melbands_flatness_db": {
        "dmean": 0.0323087014258,
        "dmean2": 0.0472934022546,
        "dvar": 0.00122024235316,
        "dvar2": 0.00229206890799,
        "max": 0.665211498737,
        "mean": 0.247052937746,
        "median": 0.248739823699,
        "min": 0.00173804059159,
        "var": 0.00981571525335
    },
    "melbands_kurtosis": {
        "dmean": 13.4910354614,
        "dmean2": 21.6936511993,
        "dvar": 3611.41772461,
        "dvar2": 9916.09472656,
        "max": 3962.67626953,
        "mean": 25.5639533997,
        "median": 9.95430469513,
        "min": -1.84773039818,
        "var": 4284.88183594
    },
    "melbands_skewness": {
        "dmean": 0.915732800961,
        "dmean2": 1.45519912243,
        "dvar": 1.88451778889,
        "dvar2": 4.25544643402,
        "max": 56.2094688416,
        "mean": 3.33802843094,
        "median": 2.67613458633,
        "min": -0.451337993145,
        "var": 6.11413574219
    },
    "melbands_spread": {
        "dmean": 4.77804899216,
        "dmean2": 7.52068758011,
        "dvar": 71.8105697632,
        "dvar2": 141.607025146,
        "max": 240.150390625,
        "mean": 15.705493927,
        "median": 11.5158405304,
        "min": 0.149629354477,
        "var": 251.634353638
    },
    "pitch_salience": {
        "dmean": 0.0836275964975,
        "dmean2": 0.136667698622,
        "dvar": 0.00665584160015,
        "dvar2": 0.016339475289,
        "max": 0.962108075619,
        "mean": 0.535555481911,
        "median": 0.537691116333,
        "min": 0.024723354727,
        "var": 0.0205750800669
    },
    "silence_rate_20dB": {
        "dmean": 0,
        "dmean2": 0,
        "dvar": 0,
        "dvar2": 0,
        "max": 1,
        "mean": 1,
        "median": 1,
        "min": 1,
        "var": 0
    },
    "silence_rate_30dB": {
        "dmean": 0.055624820292,
        "dmean2": 0.111260309815,
        "dvar": 0.0525284819305,
        "dvar2": 0.121322996914,
        "max": 1,
        "mean": 0.951380908489,
        "median": 1,
        "min": 0,
        "var": 0.0462487973273
    },
    "silence_rate_60dB": {
        "dmean": 0.025510692969,
        "dmean2": 0.0510262809694,
        "dvar": 0.024863248691,
        "dvar2": 0.0578173808753,
        "max": 1,
        "mean": 0.0514959730208,
        "median": 0,
        "min": 0,
        "var": 0.0488470494747
    },
    "spectral_centroid": {
        "dmean": 214.409759521,
        "dmean2": 333.809509277,
        "dvar": 83528.5859375,
        "dvar2": 177428.203125,
        "max": 11697.2832031,
        "mean": 1046.14135742,
        "median": 892.823486328,
        "min": 121.24760437,
        "var": 468839.84375
    },
    "spectral_complexity": {
        "dmean": 4.55912542343,
        "dmean2": 6.83157491684,
        "dvar": 33.5269355774,
        "dvar2": 67.9398498535,
        "max": 62,
        "mean": 19.1758728027,
        "median": 16,
        "min": 0,
        "var": 125.650817871
    },
    "spectral_decrease": {
        "dmean": 5.05663821926e-09,
        "dmean2": 8.43734238032e-09,
        "dvar": 6.04667241066e-17,
        "dvar2": 1.56498455844e-16,
        "max": 1.54487779643e-19,
        "mean": -1.1289248647e-08,
        "median": -9.65124691277e-09,
        "min": -7.7928135056e-08,
        "var": 8.47318887048e-17
    },
    "spectral_energy": {
        "dmean": 0.0196392592043,
        "dmean2": 0.032714124769,
        "dvar": 0.000900934333913,
        "dvar2": 0.00233179912902,
        "max": 0.298102259636,
        "mean": 0.0441782213748,
        "median": 0.0377423614264,
        "min": 1.03571874187e-20,
        "var": 0.00125740410294
    },
    "spectral_energyband_high": {
        "dmean": 0.000414206733694,
        "dmean2": 0.000655630719848,
        "dvar": 1.15471505069e-06,
        "dvar2": 3.16928685606e-06,
        "max": 0.0154114319012,
        "mean": 0.000618725200184,
        "median": 0.00025534973247,
        "min": 7.18648457734e-21,
        "var": 1.08147162337e-06
    },
    "spectral_energyband_low": {
        "dmean": 0.0143182156608,
        "dmean2": 0.0239352863282,
        "dvar": 0.000692728732247,
        "dvar2": 0.0018278186908,
        "max": 0.268571048975,
        "mean": 0.0257751531899,
        "median": 0.0197841115296,
        "min": 2.75310499547e-23,
        "var": 0.000901679741219
    },
    "spectral_energyband_middle_high": {
        "dmean": 0.00162979436573,
        "dmean2": 0.00255510234274,
        "dvar": 1.46557913467e-05,
        "dvar2": 3.74197625206e-05,
        "max": 0.0772449076176,
        "mean": 0.00406570546329,
        "median": 0.00304687907919,
        "min": 1.34494256358e-21,
        "var": 1.97530116566e-05
    },
    "spectral_energyband_middle_low": {
        "dmean": 0.00711373519152,
        "dmean2": 0.0121073462069,
        "dvar": 0.00017636368284,
        "dvar2": 0.000487158162287,
        "max": 0.123731702566,
        "mean": 0.0161849688739,
        "median": 0.0131494645029,
        "min": 1.76465887335e-22,
        "var": 0.000209251447814
    },
    "spectral_entropy": {
        "dmean": 0.183016911149,
        "dmean2": 0.255798190832,
        "dvar": 0.0461573153734,
        "dvar2": 0.0879401415586,
        "max": 9.81725215912,
        "mean": 7.48075866699,
        "median": 7.61499023438,
        "min": 4.92532014847,
        "var": 0.328466266394
    },
    "spectral_flux": {
        "dmean": 0.038976252079,
        "dmean2": 0.0604269653559,
        "dvar": 0.0027118511498,
        "dvar2": 0.00598723767325,
        "max": 0.486176759005,
        "mean": 0.0935901328921,
        "median": 0.0727266073227,
        "min": 6.50898016041e-11,
        "var": 0.0045326105319
    },
    "spectral_kurtosis": {
        "dmean": 2.37549591064,
        "dmean2": 3.80315732956,
        "dvar": 14.3863916397,
        "dvar2": 32.9296646118,
        "max": 98.7072067261,
        "mean": 5.93091392517,
        "median": 3.90504717827,
        "min": -1.25316107273,
        "var": 36.826789856
    },
    "spectral_rms": {
        "dmean": 0.00130668166094,
        "dmean2": 0.00209654774517,
        "dvar": 2.78416109722e-06,
        "dvar2": 6.79364029565e-06,
        "max": 0.0170537810773,
        "mean": 0.00603904388845,
        "median": 0.00606809789315,
        "min": 3.1787690969e-12,
        "var": 6.63069613438e-06
    },
    "spectral_rolloff": {
        "dmean": 317.300201416,
        "dmean2": 514.564453125,
        "dvar": 529182.9375,
        "dvar2": 1086963.875,
        "max": 19810.546875,
        "mean": 948.671875,
        "median": 602.9296875,
        "min": 43.06640625,
        "var": 1950800.875
    },
    "spectral_skewness": {
        "dmean": 0.301474273205,
        "dmean2": 0.471452862024,
        "dvar": 0.127972841263,
        "dvar2": 0.29167330265,
        "max": 7.63276433945,
        "mean": 1.76006984711,
        "median": 1.58909809589,
        "min": -0.0496131926775,
        "var": 0.511482357979
    },
    "spectral_spread": {
        "dmean": 665889.875,
        "dmean2": 909119.125,
        "dvar": 835391455232,
        "dvar2": 1.66375273267e+12,
        "max": 42410172,
        "mean": 4397330,
        "median": 4288595.5,
        "min": 880633.9375,
        "var": 3.56610421555e+12
    },
    "spectral_strongpeak": {
        "dmean": 0.233325198293,
        "dmean2": 0.400069832802,
        "dvar": 0.123585894704,
        "dvar2": 0.314730614424,
        "max": 5.0050907135,
        "mean": 0.573476850986,
        "median": 0.465995430946,
        "min": 0,
        "var": 0.239004358649
    },
    "zerocrossingrate": {
        "dmean": 0.00877688731998,
        "dmean2": 0.0101609891281,
        "dvar": 0.000154137625941,
        "dvar2": 0.00019455801521,
        "max": 0.52197265625,
        "mean": 0.0433061644435,
        "median": 0.03271484375,
        "min": 0.00146484375,
        "var": 0.00149934750516
    },
    "barkbands": {
        "dmean": [0.000286396971205, 0.0122198201716, 0.00252600270323, 0.00295301736332, 0.00185062421951, 0.00210048560984, 0.00116459978744, 0.000612475792877, 0.000758894777391, 0.000608699687291, 0.000336092547514, 0.000263256311882, 0.000319888669765, 0.000172504704096, 0.000220461850404, 0.000151481493958, 0.000117232804769, 0.000101928846561, 0.000113636750029, 0.000142388613313, 0.000126045852085, 6.54376854072e-05, 7.49864848331e-05, 2.75967558991e-05, 4.75418964925e-05, 2.81553748209e-05, 4.93768675369e-06],
        "dmean2": [0.000424938887591, 0.0205886773765, 0.00433347793296, 0.00492605753243, 0.00311100226827, 0.00375391053967, 0.00199483521283, 0.00099907477852, 0.00123235513456, 0.000941414386034, 0.000549761403818, 0.000435157824541, 0.00051508913748, 0.000287812697934, 0.000361481768778, 0.000253043312114, 0.0001967150165, 0.000170139071997, 0.000188175516087, 0.000242540394538, 0.000214155137655, 0.000105018480099, 0.000119253432786, 4.14042515331e-05, 7.17754519428e-05, 4.80690650875e-05, 8.55054622662e-06],
        "dvar": [1.80098922442e-07, 0.000561594846658, 2.73776331596e-05, 1.99980459001e-05, 8.77009824762e-06, 3.06338479277e-05, 9.41450161918e-06, 1.37725226068e-06, 2.31519288718e-06, 1.25034716802e-06, 8.0693922655e-07, 3.80063880812e-07, 6.67096173856e-07, 2.58273416875e-07, 2.56645620311e-07, 9.41040525504e-08, 4.19015577791e-08, 3.56924338973e-08, 4.41990337663e-08, 8.40699101445e-08, 9.51544123495e-08, 1.80607973022e-08, 5.84486627986e-08, 4.563712519e-09, 1.41751526073e-08, 2.06307699813e-08, 6.60433652211e-10],
        "dvar2": [3.96597044983e-07, 0.00152348261327, 7.41638286854e-05, 5.03062801727e-05, 2.31950343732e-05, 8.79489743966e-05, 2.55774011748e-05, 3.77075662072e-06, 6.15683802607e-06, 3.04390687234e-06, 2.11841484088e-06, 1.02509420685e-06, 1.73786884261e-06, 6.81795768287e-07, 6.85426641667e-07, 2.49593085755e-07, 1.0901171521e-07, 9.49777714254e-08, 1.13761316811e-07, 2.28453046702e-07, 2.6589205504e-07, 4.727506564e-08, 1.59282208756e-07, 1.16749543366e-08, 3.53169617995e-08, 5.94415041633e-08, 1.90769422481e-09],
        "max": [0.00506477616727, 0.245916202664, 0.0616880618036, 0.0632970184088, 0.0369409359992, 0.0561987608671, 0.0348072052002, 0.0174900256097, 0.0207681469619, 0.0227688383311, 0.0302501581609, 0.00917900912464, 0.0163688082248, 0.0138024194166, 0.0108856186271, 0.0059679816477, 0.00406621210277, 0.00412990711629, 0.00410277908668, 0.00522690359503, 0.00479114660993, 0.00231834081933, 0.00368989096023, 0.00205221609212, 0.00183195038699, 0.00223311339505, 0.000389887456549],
        "mean": [0.000520677305758, 0.0186749845743, 0.00438539031893, 0.00410165730864, 0.00351855857298, 0.00356377591379, 0.00154978956562, 0.00128951808438, 0.00157489732374, 0.00140493689105, 0.000580287480261, 0.000404615682783, 0.000518982124049, 0.00023715912539, 0.000361503683962, 0.000262013374595, 0.000184204342077, 0.000162247990374, 0.000180900024134, 0.000199678121135, 0.000178208589205, 9.84900689218e-05, 9.67285086517e-05, 4.1745530325e-05, 5.87043396081e-05, 2.43722861342e-05, 4.1380235416e-06],
        "median": [0.000159487623023, 0.0116454614326, 0.00204588216729, 0.00211651809514, 0.00240017380565, 0.00180568522774, 0.000700679258443, 0.000640920596197, 0.000842751469463, 0.000873895478435, 0.000217164357309, 0.000224176503252, 0.000187728728633, 8.9459346782e-05, 0.000197568166186, 0.000128909392515, 0.000105119310319, 6.87830761308e-05, 8.13838123577e-05, 8.89502916834e-05, 7.21137912478e-05, 3.46359520336e-05, 2.75193087873e-05, 1.36954486152e-05, 1.73149019247e-05, 4.44742818217e-06, 6.11806626694e-07],
        "min": [1.46249674371e-24, 7.47928490571e-24, 4.36252820691e-24, 4.21258152604e-24, 7.9515388532e-24, 7.11519798782e-24, 1.86208060768e-23, 1.33303356595e-23, 1.99572532017e-23, 2.02530839297e-23, 1.22288657436e-23, 5.58173868945e-23, 5.68859337005e-23, 8.72587509366e-23, 6.095843759e-23, 5.62632321455e-23, 1.24947804996e-22, 1.20370329153e-22, 2.15324721142e-22, 2.47454634537e-22, 3.01572335414e-22, 4.25465830965e-22, 5.3877018784e-22, 5.95185329352e-22, 1.00677402414e-21, 1.3491158271e-21, 1.97815639069e-21],
        "var": [5.17661192134e-07, 0.00066573364893, 3.88241933251e-05, 2.72206198133e-05, 1.38054047056e-05, 3.10128561978e-05, 7.76670458436e-06, 3.15624151881e-06, 4.25922235081e-06, 3.2352031667e-06, 1.68411679624e-06, 3.7857213897e-07, 9.02980445971e-07, 2.41523508748e-07, 2.92387653644e-07, 1.35966089942e-07, 5.32741708525e-08, 4.84549040891e-08, 5.98528799856e-08, 8.54361559277e-08, 8.72951062547e-08, 2.31883028334e-08, 5.03461770052e-08, 5.47006484553e-09, 1.53048969054e-08, 1.20866845421e-08, 3.84514975416e-10]
    },
    "erbbands": {
        "dmean": [0.377137899399, 2.71139407158, 3.35821318626, 6.36356115341, 8.37218093872, 5.57443857193, 9.76714134216, 20.146150589, 20.6200752258, 11.841217041, 14.3283720016, 16.7320785522, 18.9275627136, 17.3152198792, 12.5328264236, 11.1542510986, 15.0789613724, 9.53698253632, 11.6147527695, 9.06407833099, 7.65145111084, 6.11714935303, 5.54725456238, 5.85507917404, 5.4221906662, 6.83420228958, 6.52378749847, 3.85350990295, 2.48202753067, 2.84088778496, 1.71622312069, 0.746432065964, 0.4201605618, 0.347882062197, 0.459401339293, 0.127904161811, 0.0664532035589, 0.00778092211112, 0.000971813162323, 8.0303158029e-05],
        "dmean2": [0.618488609791, 4.61874580383, 5.7773900032, 10.550784111, 14.1130065918, 9.43771076202, 16.5987606049, 36.5633239746, 35.7740058899, 19.7855072021, 23.2869472504, 27.3508472443, 29.7606525421, 26.8886413574, 20.6913146973, 18.1804046631, 24.0869216919, 15.8075704575, 18.879322052, 15.2424135208, 12.7937669754, 10.2531356812, 9.24235439301, 9.78343200684, 8.98462867737, 11.6213092804, 11.3025159836, 6.42249917984, 4.00108385086, 4.63983011246, 2.68961620331, 1.15195453167, 0.630433559418, 0.526304543018, 0.700920760632, 0.19913969934, 0.11950673908, 0.0137718413025, 0.00168998609297, 0.000138805029565],
        "dvar": [0.488709121943, 30.0871810913, 51.3131942749, 94.4225387573, 175.475357056, 88.6947402954, 415.708221436, 3266.10839844, 2877.42138672, 782.610839844, 790.102355957, 1183.14074707, 1067.05432129, 1760.00463867, 1023.98742676, 681.241760254, 1331.94140625, 892.028747559, 735.485107422, 421.853118896, 244.220825195, 128.162261963, 109.628822327, 115.660018921, 96.6881027222, 191.024307251, 327.558441162, 52.3121109009, 23.7489032745, 121.218971252, 21.5919742584, 4.06250047684, 0.928336858749, 0.799157321453, 1.25690722466, 0.145359620452, 0.207001447678, 0.00243200804107, 2.64086647803e-05, 1.44406172353e-07],
        "dvar2": [1.2773219347, 83.1541442871, 139.76751709, 243.61656189, 458.865386963, 237.423965454, 1162.57873535, 9381.05664062, 7946.80761719, 2118.7722168, 2183.63989258, 3171.86743164, 2733.4050293, 4439.73242188, 2663.33837891, 1810.15649414, 3404.52832031, 2376.78320312, 1933.35986328, 1124.07141113, 643.593139648, 331.075622559, 291.452728271, 301.199523926, 246.122009277, 517.707336426, 932.727050781, 139.16116333, 62.2048301697, 336.097930908, 57.2062225342, 10.8125810623, 2.30400133133, 1.99949479103, 3.09394335747, 0.372874379158, 0.608382344246, 0.00712281046435, 7.63109637774e-05, 4.18954698489e-07],
        "max": [7.7067656517, 59.5474510193, 83.4017333984, 100.102554321, 223.489273071, 110.498374939, 419.669830322, 501.521697998, 599.260253906, 385.394744873, 413.005340576, 463.995422363, 816.818481445, 1101.99731445, 822.63659668, 436.801391602, 646.48425293, 970.149414062, 507.116424561, 354.047058105, 303.745025635, 219.644348145, 273.466674805, 185.03086853, 239.741287231, 219.140869141, 276.475799561, 89.687171936, 81.4125289917, 189.350158691, 107.425354004, 80.4177093506, 24.5707988739, 17.4792556763, 22.8773212433, 5.22882080078, 7.34534788132, 0.823947191238, 0.0811559930444, 0.0060724071227],
        "mean": [0.50400018692, 4.1947259903, 6.40929174423, 9.78915596008, 12.4724388123, 10.3002729416, 20.9449100494, 28.5245170593, 28.0165061951, 21.2466564178, 30.3994655609, 36.9488182068, 42.6685562134, 36.4905166626, 23.7514743805, 19.2047233582, 25.5921535492, 13.7251195908, 19.269487381, 15.0508995056, 13.5620985031, 9.71913051605, 8.94615268707, 9.49079322815, 8.76529216766, 9.56506061554, 8.56517505646, 5.8265748024, 3.75770878792, 3.52806663513, 2.36742019653, 1.07603418827, 0.622462749481, 0.455052316189, 0.545712709427, 0.13773047924, 0.048606581986, 0.00608729198575, 0.000810375320725, 9.91969936877e-05],
        "median": [0.200518906116, 2.8315653801, 3.68658399582, 6.35457277298, 7.78118181229, 6.48596763611, 8.95367527008, 13.1166782379, 12.3749847412, 9.18308639526, 18.0953121185, 20.947052002, 28.0328235626, 19.8929290771, 11.0858459473, 11.6300468445, 9.7207365036, 6.29661273956, 10.5281257629, 7.97281742096, 7.51069450378, 5.15988254547, 4.02686595917, 4.3025636673, 3.88941383362, 4.33720397949, 3.36428499222, 2.39038133621, 1.37780272961, 0.953896820545, 0.722405791283, 0.342212855816, 0.205021083355, 0.142626821995, 0.145968317986, 0.0337607264519, 0.00644317734987, 0.000904355430976, 0.00013176642824, 5.59527907171e-05],
        "min": [1.98385189069e-22, 1.5451602576e-21, 6.24991740672e-21, 1.57861813818e-20, 1.96296001655e-20, 2.35145476164e-20, 1.05399334264e-19, 8.26230518071e-20, 1.91748647323e-19, 3.13924270698e-19, 2.73540175819e-19, 4.6287724269e-19, 8.33849032459e-19, 7.15333386027e-19, 1.10348964623e-18, 2.31195450924e-18, 2.82357936659e-18, 3.8140520495e-18, 4.69652720446e-18, 2.37987658409e-18, 5.54324665027e-18, 6.65567305243e-18, 5.85349438749e-18, 7.6684448703e-18, 1.23554628064e-17, 1.27295271143e-17, 9.4826496498e-18, 1.43527714592e-17, 1.28154653897e-17, 1.36304616318e-17, 1.45003123563e-17, 1.16152891866e-17, 1.00344742441e-17, 1.0081137984e-17, 7.17243346061e-18, 4.40537617246e-18, 2.59230649156e-18, 1.10425251355e-18, 2.73165592249e-19, 2.74247079201e-20],
        "var": [0.653214275837, 32.6512145996, 70.448890686, 120.34589386, 213.283905029, 139.027420044, 1087.18737793, 2642.2421875, 2456.39233398, 1174.03735352, 1440.61987305, 2335.97192383, 2368.1315918, 3539.34204102, 2624.18847656, 726.767456055, 2072.10424805, 790.380432129, 846.325012207, 489.574127197, 320.105377197, 155.625366211, 141.572952271, 158.041717529, 137.48223877, 195.070175171, 253.193832397, 66.330657959, 31.1663188934, 92.2001190186, 22.5993461609, 4.22500133514, 1.17987716198, 0.855822384357, 1.41214573383, 0.125961273909, 0.111311383545, 0.00133212085348, 1.52907596203e-05, 8.3408984608e-08]
    },
    "gfcc": {
        "mean": [-2.64327383041, 111.922920227, -101.383857727, 31.0275211334, -53.3383789062, 12.9347219467, -25.9023265839, 9.39200687408, -21.7790164948, 2.97671365738, -17.9656028748, -1.79576301575, -4.90261697769],
        "cov": [[9250.04882812, -507.020751953, -902.338378906, -59.062702179, -603.296264648, -45.8301811218, -332.242797852, 10.5360498428, -270.89642334, 64.311882019, -191.186309814, -33.9699859619, -167.765701294], [-507.020751953, 2004.89904785, 56.4540901184, -163.59197998, 343.567901611, -139.391525269, 278.891571045, -55.4932250977, 224.079330444, -62.5777359009, 149.245498657, -105.910614014, 186.965179443], [-902.338378906, 56.4540901184, 790.515930176, 156.276351929, 246.587463379, 95.9574813843, 104.696594238, 78.8579483032, 29.8915252686, 39.6389427185, 12.8121299744, 57.8234519958, 13.5818843842], [-59.062702179, -163.59197998, 156.276351929, 393.134185791, 135.302093506, 50.4883308411, 48.3111495972, 42.9266166687, 19.3364658356, 3.20977878571, 8.70074272156, 10.351020813, 5.18670606613], [-603.296264648, 343.567901611, 246.587463379, 135.302093506, 331.266601562, 87.5561523438, 150.144714355, 52.2515869141, 80.8764038086, 11.8852930069, 45.3650245667, 8.83751583099, 57.5083618164], [-45.8301811218, -139.391525269, 95.9574813843, 50.4883308411, 87.5561523438, 161.432113647, 44.9545097351, 51.6850128174, 12.7232246399, 23.5772514343, -8.07162094116, 28.6353435516, -6.1425485611], [-332.242797852, 278.891571045, 104.696594238, 48.3111495972, 150.144714355, 44.9545097351, 159.456817627, 46.7323722839, 57.5554695129, 8.58024692535, 38.8106460571, -5.21843338013, 40.7570381165], [10.5360498428, -55.4932250977, 78.8579483032, 42.9266166687, 52.2515869141, 51.6850128174, 46.7323722839, 93.2763595581, 26.3003177643, 20.463218689, -4.60354757309, 20.3040943146, 6.53350973129], [-270.89642334, 224.079330444, 29.8915252686, 19.3364658356, 80.8764038086, 12.7232246399, 57.5554695129, 26.3003177643, 111.808143616, 18.6521034241, 25.123090744, -3.60288190842, 35.0820045471], [64.311882019, -62.5777359009, 39.6389427185, 3.20977878571, 11.8852930069, 23.5772514343, 8.58024692535, 20.463218689, 18.6521034241, 80.3751220703, 18.8256931305, 9.31376266479, -4.94339704514], [-191.186309814, 149.245498657, 12.8121299744, 8.70074272156, 45.3650245667, -8.07162094116, 38.8106460571, -4.60354757309, 25.123090744, 18.8256931305, 78.2090835571, 9.80230617523, 12.8366451263], [-33.9699859619, -105.910614014, 57.8234519958, 10.351020813, 8.83751583099, 28.6353435516, -5.21843338013, 20.3040943146, -3.60288190842, 9.31376266479, 9.80230617523, 68.781463623, 15.6557722092], [-167.765701294, 186.965179443, 13.5818843842, 5.18670606613, 57.5083618164, -6.1425485611, 40.7570381165, 6.53350973129, 35.0820045471, -4.94339704514, 12.8366451263, 15.6557722092, 82.5472869873]],
        "icov": [[0.00017895064957, -0.00026487649302, 0.000230298086535, -0.000270888936939, 0.000297205348033, -0.000202258612262, 0.000258806307102, -0.000396438699681, 0.000580599706154, -0.000563381647225, 0.000527725787833, -0.000332045601681, 0.000324661959894], [-0.00026487649302, 0.00219386024401, -0.000523048394825, 0.00161335046869, -0.00169072777499, 0.00167001760565, -0.00175416958518, 0.00158218876459, -0.00261484016664, 0.00238179205917, -0.00250722002238, 0.00280272844248, -0.00236732931808], [0.000230298086535, -0.000523048394825, 0.00226903217845, -0.000678081938531, -0.00108204153366, 7.36848451197e-05, 1.8712333258e-05, -0.000890694907866, 0.00136239232961, -0.00168213120196, 0.00184455071576, -0.00246213981882, 0.0016429485986], [-0.000270888936939, 0.00161335046869, -0.000678081938531, 0.00433826772496, -0.00264492910355, 0.00118919706438, -0.000755176995881, 0.000297221704386, -0.00180267298128, 0.00226184190251, -0.00209060451016, 0.0021529647056, -0.00126688857563], [0.000297205348033, -0.00169072777499, -0.00108204153366, -0.00264492910355, 0.0096909282729, -0.00421883165836, -0.00240855081938, -0.0005464135902, 0.00018958664441, -0.000764175725635, -0.000129559979541, -0.000274753954727, -0.00110930076335], [-0.000202258612262, 0.00167001760565, 7.36848451197e-05, 0.00118919706438, -0.00421883165836, 0.0115060508251, -0.00329911289737, -0.00085717526963, -0.00152543268632, -0.000471538573038, 0.00201208028011, -0.00278340326622, 0.002046744572], [0.000258806307102, -0.00175416958518, 1.8712333258e-05, -0.000755176995881, -0.00240855081938, -0.00329911289737, 0.0165883786976, -0.00704781990498, 0.00126090389676, -0.000133403111249, -0.00399315916002, 0.0037199659273, -0.00228503998369], [-0.000396438699681, 0.00158218876459, -0.000890694907866, 0.000297221704386, -0.0005464135902, -0.00085717526963, -0.00704781990498, 0.0191894583404, -0.00510600442067, -0.000977918040007, 0.0032461581286, -0.00349032948725, 0.000285087531665], [0.000580599706154, -0.00261484016664, 0.00136239232961, -0.00180267298128, 0.00018958664441, -0.00152543268632, 0.00126090389676, -0.00510600442067, 0.0171468853951, -0.0058134291321, 0.00136057927739, -0.000635639531538, -0.00119892053772], [-0.000563381647225, 0.00238179205917, -0.00168213120196, 0.00226184190251, -0.000764175725635, -0.000471538573038, -0.000133403111249, -0.000977918040007, -0.0058134291321, 0.018776698038, -0.00835700426251, 0.00373937096447, -0.00157892925199], [0.000527725787833, -0.00250722002238, 0.00184455071576, -0.00209060451016, -0.000129559979541, 0.00201208028011, -0.00399315916002, 0.0032461581286, 0.00136057927739, -0.00835700426251, 0.0231628678739, -0.0103398431093, 0.0058141159825], [-0.000332045601681, 0.00280272844248, -0.00246213981882, 0.0021529647056, -0.000274753954727, -0.00278340326622, 0.0037199659273, -0.00349032948725, -0.000635639531538, 0.00373937096447, -0.0103398431093, 0.0264355707914, -0.0112409228459], [0.000324661959894, -0.00236732931808, 0.0016429485986, -0.00126688857563, -0.00110930076335, 0.002046744572, -0.00228503998369, 0.000285087531665, -0.00119892053772, -0.00157892925199, 0.0058141159825, -0.0112409228459, 0.0216188076884]]
    },
    "melbands": {
        "dmean": [0.00342118996195, 0.00231742300093, 0.00115969823673, 0.000457784102764, 0.000313732132781, 0.000443857774371, 0.000292773591354, 0.000122147452203, 0.000121035554912, 0.000105863677163, 9.47225998971e-05, 7.30273241061e-05, 4.58534486825e-05, 3.2020456274e-05, 3.13801101584e-05, 2.82327455352e-05, 1.75470067916e-05, 1.83373776963e-05, 1.46140173456e-05, 1.16385390356e-05, 8.89851708052e-06, 6.68318853059e-06, 5.78884510105e-06, 5.18457682119e-06, 4.97261453347e-06, 4.2367964852e-06, 3.96375980927e-06, 5.01802151121e-06, 4.58521390101e-06, 3.27075736095e-06, 1.98326711143e-06, 1.46066486195e-06, 1.34027209242e-06, 1.73959324457e-06, 1.13556745873e-06, 6.22014567853e-07, 4.05462316166e-07, 2.95419624763e-07, 2.8667108154e-07, 2.91381496709e-07],
        "dmean2": [0.00570808583871, 0.00395787926391, 0.00193559739273, 0.00077102764044, 0.000531471800059, 0.000798228313215, 0.000506883719936, 0.000204843105166, 0.000197378059966, 0.000172648244188, 0.000148958337377, 0.000113201109343, 7.49145037844e-05, 5.30029683432e-05, 5.0329050282e-05, 4.58830181742e-05, 2.93478042295e-05, 2.99327548419e-05, 2.43971517193e-05, 1.94498843484e-05, 1.4962766727e-05, 1.12315547085e-05, 9.71549252426e-06, 8.705917935e-06, 8.36876188259e-06, 7.03509658706e-06, 6.63707942294e-06, 8.6571162683e-06, 8.06015577837e-06, 5.59981617698e-06, 3.29698627866e-06, 2.3881832476e-06, 2.19482171815e-06, 2.86938438876e-06, 1.78690163466e-06, 1.00164936612e-06, 6.32388719168e-07, 4.47889732413e-07, 4.40048438577e-07, 4.54557579133e-07],
        "dvar": [4.26420228905e-05, 2.25217117986e-05, 3.07195568894e-06, 5.10353856953e-07, 4.06840058531e-07, 1.50274343014e-06, 5.95023038841e-07, 7.70072645651e-08, 5.7692965072e-08, 4.64443949966e-08, 2.63740318474e-08, 3.0339069923e-08, 1.31858399754e-08, 5.32750821236e-09, 5.59749846474e-09, 5.84043169383e-09, 2.99572011642e-09, 1.92231719431e-09, 1.31309696449e-09, 5.38398881034e-10, 3.21797283265e-10, 1.55245025169e-10, 1.07824110751e-10, 9.52898177031e-11, 8.27956384009e-11, 6.3396947414e-11, 4.89712610741e-11, 1.10642585371e-10, 1.72245162577e-10, 5.90739332451e-11, 1.2310670712e-11, 7.43056137453e-12, 1.2332423277e-11, 5.1420145919e-11, 8.70973345529e-12, 3.11236865273e-12, 1.17016661118e-12, 4.37807992984e-13, 5.18059390959e-13, 6.1218765517e-13],
        "dvar2": [0.000114625159767, 6.1771926994e-05, 7.84080384619e-06, 1.32629782001e-06, 1.13728765427e-06, 4.30293448517e-06, 1.64203174791e-06, 2.08862843465e-07, 1.60467536148e-07, 1.2412304784e-07, 6.76684379641e-08, 7.54975886252e-08, 3.4115760883e-08, 1.42174920725e-08, 1.45858969347e-08, 1.55287445125e-08, 8.01773314407e-09, 5.07115816006e-09, 3.58451002214e-09, 1.42092448918e-09, 8.57082460559e-10, 4.04804523235e-10, 2.87343954186e-10, 2.56217269623e-10, 2.16880485793e-10, 1.62670821258e-10, 1.27084204271e-10, 3.04412800523e-10, 4.94642993232e-10, 1.60451027464e-10, 3.21943582904e-11, 1.9411845395e-11, 3.33632323157e-11, 1.4356058009e-10, 2.25327707881e-11, 8.42878804946e-12, 3.09908197195e-12, 1.09338525647e-12, 1.30041615497e-12, 1.5628884905e-12],
        "max": [0.070889249444, 0.0568542815745, 0.0220019686967, 0.0106766130775, 0.0119679179043, 0.0109487511218, 0.00872354209423, 0.00399033678696, 0.00354779604822, 0.00312190037221, 0.00410194741562, 0.0045432979241, 0.0037647287827, 0.00118002388626, 0.00152227992658, 0.0016835964052, 0.00177878490649, 0.00087164901197, 0.000839171523694, 0.000402829784434, 0.000325508241076, 0.000270766206086, 0.000180603688932, 0.000247012882028, 0.000166552374139, 0.000152795299073, 0.000171303880052, 0.000189969912753, 0.000196713910555, 0.000122896803077, 4.8158242862e-05, 4.49042781838e-05, 5.49582327949e-05, 0.000121354096336, 7.2022950917e-05, 5.95058518229e-05, 4.34203393525e-05, 1.48823128256e-05, 2.06145632546e-05, 1.5535075363e-05],
        "mean": [0.00492205051705, 0.00426738476381, 0.00181689101737, 0.000783869356383, 0.00067346112337, 0.000668474123813, 0.000399811542593, 0.000230349018238, 0.000259295426076, 0.000225454714382, 0.000209545702091, 0.000148881968926, 8.27643161756e-05, 5.20003595739e-05, 5.30915895069e-05, 4.49366052635e-05, 2.31375852309e-05, 2.93808661809e-05, 2.3033200705e-05, 2.01693073905e-05, 1.4717717022e-05, 1.01066334537e-05, 8.64979665494e-06, 7.95723826741e-06, 7.65462755226e-06, 6.48399873171e-06, 6.00713292442e-06, 6.5253198045e-06, 5.60939179195e-06, 4.4530966079e-06, 2.97934639093e-06, 2.15322461372e-06, 1.8145856302e-06, 2.04368848244e-06, 1.54344206749e-06, 8.28113741136e-07, 5.74302873702e-07, 4.36532104686e-07, 3.8092377963e-07, 3.56349318054e-07],
        "median": [0.00257314601913, 0.00313439476304, 0.00120315304957, 0.000542289810255, 0.000313474942232, 0.000326233217493, 0.000177038673428, 0.00010260057752, 0.000155523084686, 0.000127296923893, 0.000134308429551, 7.50463077566e-05, 3.43148349202e-05, 2.71450226137e-05, 2.41162597376e-05, 1.82934381883e-05, 8.65215679369e-06, 1.56706701091e-05, 1.22282744996e-05, 9.57950487646e-06, 8.46371949592e-06, 5.37733103556e-06, 3.96142149839e-06, 3.41552504324e-06, 3.41276586369e-06, 2.66676761385e-06, 2.75939646599e-06, 2.85395390165e-06, 2.10899474951e-06, 1.70940757016e-06, 1.22993901641e-06, 7.58331452744e-07, 6.06035087003e-07, 5.0964933962e-07, 4.64428154601e-07, 2.35399426174e-07, 1.8319107653e-07, 1.43341623016e-07, 1.17362603191e-07, 1.07957816908e-07],
        "min": [2.54978540571e-24, 2.75281690347e-24, 3.16128158601e-24, 1.18238939399e-24, 3.94937374628e-24, 1.67336665925e-24, 3.59889665116e-24, 4.225183579e-24, 2.50014100844e-24, 2.72398660118e-24, 3.56481707119e-24, 2.64825516542e-24, 2.28765087121e-24, 6.27756339055e-24, 6.08063491518e-24, 5.70992984873e-24, 6.61146375704e-24, 5.56658751136e-24, 3.70243109509e-24, 3.2468777274e-24, 5.93133273368e-24, 6.79584184984e-24, 5.06434501656e-24, 5.78913818893e-24, 5.26582364162e-24, 7.6962831858e-24, 8.21615751069e-24, 7.55959094586e-24, 4.97818247304e-24, 3.88558763678e-24, 8.81533523353e-24, 7.69553376794e-24, 6.68495009467e-24, 6.72836742117e-24, 8.70431252745e-24, 8.57249465905e-24, 6.21813139881e-24, 5.98476819925e-24, 7.13701472501e-24, 7.76844660368e-24],
        "var": [5.21602269146e-05, 2.66533097601e-05, 3.97149187847e-06, 6.83250618749e-07, 9.58817963692e-07, 1.2978241557e-06, 5.0388746331e-07, 1.36938098194e-07, 9.79936913836e-08, 8.36885547528e-08, 5.85795589814e-08, 6.59614798337e-08, 3.08884118283e-08, 6.78081635286e-09, 7.35130445406e-09, 6.58284715627e-09, 2.61784194322e-09, 2.11259565397e-09, 1.33526345536e-09, 8.57028170653e-10, 3.87580578742e-10, 1.83621923222e-10, 1.31530633607e-10, 1.21204324355e-10, 1.10257969421e-10, 8.6448133374e-11, 6.39837627325e-11, 1.04729516726e-10, 1.24650345601e-10, 5.88922591249e-11, 1.68862025057e-11, 1.00345044773e-11, 1.18330276133e-11, 3.74746692011e-11, 9.791010884e-12, 2.94913963042e-12, 1.21190731062e-12, 5.63817547337e-13, 5.74057023705e-13, 5.99502056071e-13]
    },
    "mfcc": {
        "mean": [-649.811401367, 143.794143677, 8.06811332703, 28.7321033478, -2.35814738274, 9.18678188324, 2.80653452873, 5.78676223755, 6.36717319489, 4.37062120438, -2.90611481667, -1.91612064838, 0.00677987281233],
        "cov": [[7150.74316406, -587.557861328, -594.671691895, -271.183288574, -389.539978027, -213.40965271, -188.746551514, -242.761383057, -183.05140686, -42.8282623291, -65.8140563965, -33.8092308044, -130.403457642], [-587.557861328, 1953.78369141, -41.7291183472, 93.6697006226, 39.2310180664, 23.9728565216, 58.2771110535, 33.8024635315, 140.779876709, 53.0086746216, 31.7691516876, 57.1814956665, 37.8625717163], [-594.671691895, -41.7291183472, 465.594268799, 137.203201294, 133.015182495, 57.4737892151, 67.1824035645, 62.1228675842, 34.0185279846, 14.6664972305, 21.3762626648, 3.83666872978, 24.5693683624], [-271.183288574, 93.6697006226, 137.203201294, 345.423370361, 131.73840332, 67.5832748413, 76.5983657837, 60.1811828613, 60.2223205566, 29.7032909393, 9.44916248322, 28.756772995, 31.2319126129], [-389.539978027, 39.2310180664, 133.015182495, 131.73840332, 187.47769165, 93.3398132324, 71.8697128296, 70.0836181641, 60.1520614624, 32.5710983276, 20.3994216919, 15.4605970383, 38.0261535645], [-213.40965271, 23.9728565216, 57.4737892151, 67.5832748413, 93.3398132324, 124.085693359, 61.7537765503, 52.6536979675, 41.2159080505, 29.3554801941, 23.3927726746, 18.1566448212, 27.632396698], [-188.746551514, 58.2771110535, 67.1824035645, 76.5983657837, 71.8697128296, 61.7537765503, 135.79309082, 56.4893264771, 42.2255973816, 25.977645874, 20.8724098206, 30.8006343842, 13.0180568695], [-242.761383057, 33.8024635315, 62.1228675842, 60.1811828613, 70.0836181641, 52.6536979675, 56.4893264771, 117.072776794, 57.6149902344, 16.1989631653, 7.6063451767, 7.39631414413, 36.4936561584], [-183.05140686, 140.779876709, 34.0185279846, 60.2223205566, 60.1520614624, 41.2159080505, 42.2255973816, 57.6149902344, 116.29524231, 44.6095123291, 10.213850975, 4.39336538315, 27.7772216797], [-42.8282623291, 53.0086746216, 14.6664972305, 29.7032909393, 32.5710983276, 29.3554801941, 25.977645874, 16.1989631653, 44.6095123291, 70.6382598877, 34.9448738098, 11.3781890869, 6.10714435577], [-65.8140563965, 31.7691516876, 21.3762626648, 9.44916248322, 20.3994216919, 23.3927726746, 20.8724098206, 7.6063451767, 10.213850975, 34.9448738098, 73.5454025269, 31.5179977417, -6.48424911499], [-33.8092308044, 57.1814956665, 3.83666872978, 28.756772995, 15.4605970383, 18.1566448212, 30.8006343842, 7.39631414413, 4.39336538315, 11.3781890869, 31.5179977417, 69.9214019775, 22.4783382416], [-130.403457642, 37.8625717163, 24.5693683624, 31.2319126129, 38.0261535645, 27.632396698, 13.0180568695, 36.4936561584, 27.7772216797, 6.10714435577, -6.48424911499, 22.4783382416, 90.707824707]],
