{
"lowlevel": {
    "average_loudness": 0.827857494354,
    "barkbands_crest": {
        "dmean": 2.48968052864,
        "dmean2": 3.92250156403,
        "dvar": 4.82617378235,
        "dvar2": 11.5217990875,
        "max": 26.1834716797,
        "mean": 10.2336444855,
        "median": 9.4712562561,
        "min": 2.24273610115,
        "var": 16.1349601746
    },
    "barkbands_flatness_db": {
        "dmean": 0.0209845472127,
        "dmean2": 0.0302009657025,
        "dvar": 0.000493144383654,
        "dvar2": 0.000940810830798,
        "max": 0.381694436073,
        "mean": 0.140785127878,
        "median": 0.134503692389,
        "min": 0.0178699698299,
        "var": 0.00287451478653
    },
    "barkbands_kurtosis": {
        "dmean": 2.08285784721,
        "dmean2": 3.2894961834,
        "dvar": 9.25326251984,
        "dvar2": 22.8975830078,
        "max": 103.582481384,
        "mean": 3.61650323868,
        "median": 2.47575306892,
        "min": -1.84404563904,
        "var": 22.798242569
    },
    "barkbands_skewness": {
        "dmean": 0.408694833517,
        "dmean2": 0.630143880844,
        "dvar": 0.155207931995,
        "dvar2": 0.370447635651,
        "max": 7.78974485397,
        "mean": 1.56823945045,
        "median": 1.50041997433,
        "min": -2.74240207672,
        "var": 0.716203391552
    },
    "barkbands_spread": {
        "dmean": 5.05439949036,
        "dmean2": 7.67866134644,
        "dvar": 47.1900405884,
        "dvar2": 107.895927429,
        "max": 88.8440246582,
        "mean": 19.124622345,
        "median": 16.2905426025,
        "min": 0.585148632526,
        "var": 144.732162476
    },
    "dissonance": {
        "dmean": 0.0202853344381,
        "dmean2": 0.0336262658238,
        "dvar": 0.000313104363158,
        "dvar2": 0.000849155941978,
        "max": 0.500000119209,
        "mean": 0.448578059673,
        "median": 0.452649891376,
        "min": 0.269464969635,
        "var": 0.000815318664536
    },
    "dynamic_complexity": 3.95447731018,
    "erbbands_crest": {
        "dmean": 2.51855564117,
        "dmean2": 3.8699054718,
        "dvar": 5.66851139069,
        "dvar2": 12.2479763031,
        "max": 31.6187858582,
        "mean": 8.79916381836,
        "median": 7.6771697998,
        "min": 2.12086629868,
        "var": 18.8112354279
    },
    "erbbands_flatness_db": {
        "dmean": 0.0171090643853,
        "dmean2": 0.0239393375814,
        "dvar": 0.000412850960856,
        "dvar2": 0.000712606182788,
        "max": 0.421250462532,
        "mean": 0.166779726744,
        "median": 0.169591277838,
        "min": 0.0596392303705,
        "var": 0.00225209258497
    },
    "erbbands_kurtosis": {
        "dmean": 0.756473302841,
        "dmean2": 1.17007231712,
        "dvar": 1.28851425648,
        "dvar2": 2.86896348,
        "max": 47.8591499329,
        "mean": 0.0655339807272,
        "median": -0.370536923409,
        "min": -1.78076457977,
        "var": 2.86576032639
    },
    "erbbands_skewness": {
        "dmean": 0.325824528933,
        "dmean2": 0.488063722849,
        "dvar": 0.0837125107646,
        "dvar2": 0.185662254691,
        "max": 5.97256183624,
        "mean": 0.548023045063,
        "median": 0.535995721817,
        "min": -4.14066123962,
        "var": 0.389183372259
    },
    "erbbands_spread": {
        "dmean": 7.85563230515,
        "dmean2": 11.9795608521,
        "dvar": 95.9458007812,
        "dvar2": 224.026565552,
        "max": 128.561706543,
        "mean": 37.8161201477,
        "median": 33.6724853516,
        "min": 2.01032423973,
        "var": 272.401000977
    },
    "hfc": {
        "dmean": 6.50791215897,
        "dmean2": 9.6566696167,
        "dvar": 185.752212524,
        "dvar2": 417.512176514,
        "max": 180.827423096,
        "mean": 18.9774055481,
        "median": 12.7973356247,
        "min": 1.14133653001e-16,
        "var": 437.273162842
    },
    "melbands_crest": {
        "dmean": 3.38659238815,
        "dmean2": 5.50951480865,
        "dvar": 8.9396982193,
        "dvar2": 24.5414562225,
        "max": 34.3371810913,
        "mean": 13.9017353058,
        "median": 12.910068512,
        "min": 1.77454447746,
        "var": 27.063041687
    },
    "melbands_flatness_db": {
        "dmean": 0.0238646194339,
        "dmean2": 0.0346099659801,
        "dvar": 0.000640077865683,
        "dvar2": 0.0012721150415,
        "max": 0.48614308238,
        "mean": 0.203994274139,
        "median": 0.19776776433,
        "min": 0.00609127618372,
        "var": 0.00455889245495
    },
    "melbands_kurtosis": {
        "dmean": 4.26119565964,
        "dmean2": 6.62285423279,
        "dvar": 34.1027069092,
        "dvar2": 80.8740081787,
        "max": 130.585388184,
        "mean": 10.3384828568,
        "median": 7.89757633209,
        "min": -1.64927327633,
        "var": 95.9060134888
    },
    "melbands_skewness": {
        "dmean": 0.521411418915,
        "dmean2": 0.798765838146,
        "dvar": 0.240169122815,
        "dvar2": 0.552891254425,
        "max": 9.28244876862,
        "mean": 2.41822266579,
        "median": 2.28692674637,
        "min": -1.42027997971,
        "var": 1.18031704426
    },
    "melbands_spread": {
        "dmean": 5.22269392014,
        "dmean2": 7.91638374329,
        "dvar": 39.4819145203,
        "dvar2": 86.1092910767,
        "max": 146.989074707,
        "mean": 19.7300682068,
        "median": 16.7757339478,
        "min": 0.962137460709,
        "var": 165.503509521
    },
    "pitch_salience": {
        "dmean": 0.0655376315117,
        "dmean2": 0.104819111526,
        "dvar": 0.00348412129097,
        "dvar2": 0.00867221225053,
        "max": 0.931959450245,
        "mean": 0.536923646927,
        "median": 0.537567853928,
        "min": 0.130280062556,
        "var": 0.00999424234033
    },
    "silence_rate_20dB": {
        "dmean": 0,
        "dmean2": 0,
        "dvar": 0,
        "dvar2": 0,
        "max": 1,
        "mean": 1,
        "median": 1,
        "min": 1,
        "var": 0
    },
    "silence_rate_30dB": {
        "dmean": 0.00568851875141,
        "dmean2": 0.0113778272644,
        "dvar": 0.00565539859235,
        "dvar2": 0.0149926384911,
        "max": 1,
        "mean": 0.996184766293,
        "median": 1,
        "min": 0,
        "var": 0.003800958395
    },
    "silence_rate_60dB": {
        "dmean": 0.0113770375028,
        "dmean2": 0.0227556545287,
        "dvar": 0.011242274195,
        "dvar2": 0.02695646137,
        "max": 1,
        "mean": 0.130202546716,
        "median": 0,
        "min": 0,
        "var": 0.113264195621
    },
    "spectral_centroid": {
        "dmean": 206.57963562,
        "dmean2": 312.211364746,
        "dvar": 58421.5585938,
        "dvar2": 118342.40625,
        "max": 11324.0019531,
        "mean": 1149.5760498,
        "median": 1028.58666992,
        "min": 233.915512085,
        "var": 336839.34375
    },
    "spectral_complexity": {
        "dmean": 3.15005207062,
        "dmean2": 4.7532954216,
        "dvar": 20.1323776245,
        "dvar2": 31.7942428589,
        "max": 59,
        "mean": 17.957616806,
        "median": 17,
        "min": 0,
        "var": 97.083656311
    },
    "spectral_decrease": {
        "dmean": 2.02294136997e-09,
        "dmean2": 3.19779225322e-09,
        "dvar": 8.29428641304e-18,
        "dvar2": 1.99027182724e-17,
        "max": 4.06553196462e-20,
        "mean": -7.34481364617e-09,
        "median": -5.86605874986e-09,
        "min": -3.82254086162e-08,
        "var": 3.76168920062e-17
    },
    "spectral_energy": {
        "dmean": 0.00794745236635,
        "dmean2": 0.0125257624313,
        "dvar": 0.000129409309011,
        "dvar2": 0.00030580436578,
        "max": 0.148490518332,
        "mean": 0.0294423028827,
        "median": 0.0237415861338,
        "min": 1.03285608303e-20,
        "var": 0.000590852811001
    },
    "spectral_energyband_high": {
        "dmean": 0.00055885250913,
        "dmean2": 0.000868276692927,
        "dvar": 1.90649757315e-06,
        "dvar2": 4.32066190115e-06,
        "max": 0.0168300401419,
        "mean": 0.000950418063439,
        "median": 0.000159044895554,
        "min": 7.51501502881e-21,
        "var": 3.47373270415e-06
    },
    "spectral_energyband_low": {
        "dmean": 0.0052275643684,
        "dmean2": 0.00843644328415,
        "dvar": 9.72718989942e-05,
        "dvar2": 0.000249372125836,
        "max": 0.128734648228,
        "mean": 0.0103023983538,
        "median": 0.00200687581673,
        "min": 1.66349386781e-23,
        "var": 0.00024684832897
    },
    "spectral_energyband_middle_high": {
        "dmean": 0.00131819862872,
        "dmean2": 0.00199164263904,
        "dvar": 5.34704349775e-06,
        "dvar2": 1.17073759611e-05,
        "max": 0.0511438399553,
        "mean": 0.00378546654247,
        "median": 0.00278051150963,
        "min": 1.33029453991e-21,
        "var": 1.49606757986e-05
    },
    "spectral_energyband_middle_low": {
        "dmean": 0.00455586565658,
        "dmean2": 0.00696412613615,
        "dvar": 4.11068031099e-05,
        "dvar2": 0.000101924124465,
        "max": 0.0917619094253,
        "mean": 0.0147575736046,
        "median": 0.012613138184,
        "min": 1.76138415396e-22,
        "var": 0.000144515259308
    },
    "spectral_entropy": {
        "dmean": 0.165460050106,
        "dmean2": 0.240289121866,
        "dvar": 0.0455710925162,
        "dvar2": 0.0923958197236,
        "max": 9.81087589264,
        "mean": 7.37297916412,
        "median": 7.29500770569,
        "min": 5.50294208527,
        "var": 0.222828388214
    },
    "spectral_flux": {
        "dmean": 0.0191227644682,
        "dmean2": 0.0296563990414,
        "dvar": 0.000642747734673,
        "dvar2": 0.00128945091274,
        "max": 0.296588391066,
        "mean": 0.0743354484439,
        "median": 0.0652043968439,
        "min": 6.50749940045e-11,
        "var": 0.00233416282572
    },
    "spectral_kurtosis": {
        "dmean": 2.16832852364,
        "dmean2": 3.69159436226,
        "dvar": 7.7409081459,
        "dvar2": 22.2562408447,
        "max": 41.4543533325,
        "mean": 5.24968528748,
        "median": 4.29044294357,
        "min": -1.23853731155,
        "var": 18.0816707611
    },
    "spectral_rms": {
        "dmean": 0.000639023783151,
        "dmean2": 0.000988330226392,
        "dvar": 5.81418589718e-07,
        "dvar2": 1.31160015826e-06,
        "max": 0.0120361456648,
        "mean": 0.00481071835384,
        "median": 0.00481274584308,
        "min": 3.17437309078e-12,
        "var": 5.58110650672e-06
    },
    "spectral_rolloff": {
        "dmean": 452.758850098,
        "dmean2": 746.318786621,
        "dvar": 699724.875,
        "dvar2": 1646873.125,
        "max": 19401.4160156,
        "mean": 1299.99829102,
        "median": 882.861328125,
        "min": 64.599609375,
        "var": 1888042.375
    },
    "spectral_skewness": {
        "dmean": 0.252470076084,
        "dmean2": 0.41435983777,
        "dvar": 0.0721808150411,
        "dvar2": 0.191506490111,
        "max": 4.70827674866,
        "mean": 1.59793949127,
        "median": 1.55196368694,
        "min": -0.026429573074,
        "var": 0.230986207724
    },
    "spectral_spread": {
        "dmean": 533561.6875,
        "dmean2": 798928.5,
        "dvar": 935559102464,
        "dvar2": 1.80782720614e+12,
        "max": 41742848,
        "mean": 4240989.5,
        "median": 3674569,
        "min": 1332986.125,
        "var": 3.404627968e+12
    },
    "spectral_strongpeak": {
        "dmean": 0.389605522156,
        "dmean2": 0.647005677223,
        "dvar": 0.36083483696,
        "dvar2": 0.851225912571,
        "max": 13.0203275681,
        "mean": 0.815859079361,
        "median": 0.474613249302,
        "min": 0,
        "var": 0.843636751175
    },
    "zerocrossingrate": {
        "dmean": 0.0092030595988,
        "dmean2": 0.0112022841349,
        "dvar": 0.000123372010421,
        "dvar2": 0.000148571707541,
        "max": 0.50732421875,
        "mean": 0.0536072924733,
        "median": 0.04638671875,
        "min": 0.00341796875,
        "var": 0.00124131818302
    },
    "barkbands": {
        "dmean": [0.00108804530464, 0.00423911726102, 0.000948752742261, 0.000750536739361, 0.00246347882785, 0.00153869099449, 0.000856633589137, 0.000935204385314, 0.00111216830555, 0.000406039354857, 0.00035612389911, 0.00016090706049, 0.00034816635889, 0.000128215149743, 0.000256744679064, 0.000234522871324, 0.000163380580489, 0.000129644482513, 0.000133388850372, 0.000124923462863, 0.000137213704875, 0.000120845594211, 0.000121584540466, 9.39158417168e-05, 7.36344591132e-05, 1.87761270354e-05, 7.07387334842e-06],
        "dmean2": [0.00196873163804, 0.00681279134005, 0.00158003950492, 0.00126614805777, 0.00389107037336, 0.00223940866999, 0.00122370384634, 0.00137034349609, 0.00156743742991, 0.000627706293017, 0.000554596888833, 0.0002610834199, 0.00056558457436, 0.000205547839869, 0.000417714356445, 0.000386420666473, 0.000267775496468, 0.000204528754693, 0.000217065258767, 0.000196438006242, 0.000206773678656, 0.000190035745618, 0.000202116250875, 0.000150845356984, 0.0001236385433, 3.01092313748e-05, 1.24162552311e-05],
        "dvar": [4.29931196777e-06, 7.47832382331e-05, 8.67732433107e-06, 4.57512942376e-06, 1.36577791636e-05, 8.05572017271e-06, 1.63861409419e-06, 5.46289811609e-06, 5.48398065803e-06, 1.09581935703e-06, 3.76357945697e-07, 1.79772897013e-07, 4.12338749811e-07, 4.99081558303e-08, 3.70306878494e-07, 2.92837370353e-07, 9.12477489123e-08, 1.01799358276e-07, 8.5489929802e-08, 8.85613502533e-08, 1.18098704149e-07, 8.7347750366e-08, 9.05730530576e-08, 5.58842856435e-08, 3.95842434386e-08, 2.41572206683e-09, 5.65102020733e-10],
        "dvar2": [1.41521477417e-05, 0.000192805091501, 2.32225902437e-05, 1.28952542582e-05, 3.80374694942e-05, 2.06571203307e-05, 3.54957569471e-06, 1.13543974294e-05, 1.01578780232e-05, 2.46888112088e-06, 8.79743822679e-07, 4.39244359995e-07, 1.03423838027e-06, 1.13637725008e-07, 8.461388461e-07, 7.4817580753e-07, 2.25023370604e-07, 2.3862023113e-07, 1.99024839276e-07, 1.85468323366e-07, 2.61709232063e-07, 1.87637269278e-07, 2.30951229696e-07, 1.36756725055e-07, 1.06134208977e-07, 6.17673556746e-09, 1.52527257491e-09],
        "max": [0.0222025625408, 0.109594807029, 0.0691698342562, 0.0364705137908, 0.05884790048, 0.0573085173965, 0.0323100946844, 0.0567790940404, 0.0670466050506, 0.0360549539328, 0.0154083697125, 0.0216274745762, 0.0120086492971, 0.0110990861431, 0.0318179167807, 0.0239226929843, 0.0121216056868, 0.00815706979483, 0.0144625678658, 0.00619587115943, 0.00506277522072, 0.0046138195321, 0.00392141798511, 0.00435185851529, 0.00250486680306, 0.0011276723817, 0.000257459847489],
        "mean": [0.00120765576139, 0.00753172440454, 0.00128245027736, 0.00104101083707, 0.00499283336103, 0.00303011573851, 0.00179272820242, 0.0016622368712, 0.00210392195731, 0.000699443917256, 0.000598037673626, 0.000258373125689, 0.000534428982064, 0.000206814322155, 0.00040050005191, 0.000368361972505, 0.000265384704107, 0.000200029506232, 0.000228603297728, 0.000199185291422, 0.000196297114599, 0.00019660856924, 0.000179166454473, 0.00014322498464, 9.31216709432e-05, 2.45394821832e-05, 5.49188553123e-06],
        "median": [5.88577677263e-05, 0.00104662089143, 0.00023329204123, 0.000318646489177, 0.00332027068362, 0.00144945923239, 0.00108284270391, 0.000604845234193, 0.000513100763783, 0.000309491064399, 0.000281437387457, 0.000117968069389, 0.00024601543555, 0.000116454408271, 0.000204821742955, 0.000174521672307, 0.000159379647812, 8.33554877318e-05, 0.000109204440378, 6.45354084554e-05, 3.87931213481e-05, 2.69645370281e-05, 1.35543186843e-05, 7.84516851127e-06, 3.18719230563e-06, 8.52560106068e-07, 1.40068323162e-07],
        "min": [3.94223425927e-25, 1.03552832284e-23, 1.09498794443e-24, 4.45552484966e-25, 2.00347051431e-23, 1.56805069129e-23, 2.82340039074e-23, 6.43805280298e-24, 5.26059972582e-23, 2.54611231156e-23, 5.07866757515e-23, 9.28879929365e-23, 3.45332664948e-23, 5.33081087074e-23, 4.51179212866e-23, 7.84604401103e-23, 1.31594898444e-22, 1.66787321334e-22, 1.50067016862e-22, 2.76243841905e-22, 2.35949003571e-22, 4.51986097665e-22, 4.32955642431e-22, 7.11866515771e-22, 8.65130047509e-22, 1.1971923744e-21, 2.01969495344e-21],
        "var": [5.00918395119e-06, 0.000162476688274, 9.09212303668e-06, 4.60051023765e-06, 2.97817969113e-05, 1.86171746464e-05, 4.67686231787e-06, 1.47167411342e-05, 1.90949358512e-05, 2.553831564e-06, 8.91199988473e-07, 2.63101441078e-07, 6.89664034326e-07, 9.71842410991e-08, 5.53282347937e-07, 4.82681969061e-07, 1.33626400611e-07, 1.5668439346e-07, 1.80945207262e-07, 1.4567471851e-07, 1.76527180429e-07, 1.72363542106e-07, 1.47509553017e-07, 9.68305045035e-08, 4.66091982787e-08, 4.51749926356e-09, 4.15718820479e-10]
    },
    "erbbands": {
        "dmean": [0.212286710739, 0.69186681509, 1.05470180511, 1.77990829945, 4.46783924103, 11.0298709869, 10.4372119904, 13.1145601273, 12.0239210129, 15.1347904205, 20.0127868652, 30.3665428162, 9.5330324173, 13.7882585526, 13.0829706192, 7.60640144348, 16.6070861816, 6.93393135071, 10.9406604767, 14.1680574417, 10.4197750092, 7.98820734024, 7.68762683868, 6.18908452988, 6.3302989006, 6.23024511337, 5.62089490891, 4.99686288834, 4.62513446808, 4.5238199234, 2.97745347023, 2.16751098633, 1.58863329887, 1.11059868336, 0.344954162836, 0.116626515985, 0.0288170650601, 0.00528130261227, 0.00114267657045, 9.71263216343e-05],
        "dmean2": [0.358917295933, 1.05114364624, 1.69053053856, 3.02777934074, 7.39213943481, 17.6520214081, 15.1171417236, 19.3948745728, 17.2680587769, 22.7240829468, 28.2312164307, 42.3407020569, 14.6173963547, 21.3715324402, 20.3831195831, 12.1994838715, 27.0428905487, 10.9737319946, 17.7999610901, 23.3278884888, 16.7410774231, 12.7930135727, 12.2379627228, 9.86424827576, 10.025935173, 9.78505802155, 8.37086296082, 7.75369739532, 7.41887760162, 7.39223146439, 4.7656955719, 3.43082308769, 2.65129852295, 1.88781690598, 0.555658996105, 0.180801302195, 0.0490396469831, 0.0089554162696, 0.00200266297907, 0.00016929373669],
        "dvar": [0.160514727235, 3.18385004997, 9.43405914307, 26.92902565, 94.281211853, 283.978027344, 232.999710083, 760.921081543, 375.147064209, 819.768005371, 3275.24511719, 4100.55322266, 953.49029541, 837.049560547, 431.077911377, 342.87487793, 954.133056641, 123.43031311, 784.008789062, 924.346374512, 681.950622559, 228.333206177, 315.286193848, 217.054977417, 182.325332642, 221.222366333, 190.572097778, 166.152069092, 134.336029053, 120.607727051, 49.8382072449, 27.9071674347, 17.3253173828, 9.14123344421, 0.801494419575, 0.081234395504, 0.00724012637511, 0.000284264271613, 1.45045860336e-05, 9.75571836648e-08],
        "dvar2": [0.472689688206, 7.69568109512, 24.0607910156, 75.2145080566, 258.019897461, 826.582946777, 528.411499023, 2006.39770508, 887.42401123, 1842.37695312, 6513.34082031, 7510.87988281, 2124.24682617, 1940.72192383, 991.436035156, 843.567138672, 2404.27856445, 281.985229492, 1816.92785645, 2142.73852539, 1615.62939453, 538.631530762, 738.579772949, 494.453369141, 410.855529785, 477.89666748, 397.31539917, 386.422363281, 305.889160156, 293.788604736, 119.799819946, 66.933921814, 45.2482299805, 24.8150348663, 2.05235075951, 0.194420725107, 0.0193384923041, 0.000752759864554, 3.92615802411e-05, 2.64949278517e-07],
        "max": [4.95771789551, 27.5310020447, 62.8090515137, 93.5122070312, 151.923477173, 275.30682373, 354.834381104, 505.370849609, 427.605560303, 783.883666992, 1558.91210938, 1841.77172852, 1371.28857422, 759.336730957, 488.610717773, 928.680053711, 582.499511719, 276.167449951, 951.43572998, 2189.92138672, 1284.08483887, 421.520965576, 443.500305176, 868.581054688, 573.543395996, 334.230529785, 219.378143311, 177.877670288, 188.08883667, 122.575210571, 111.94367981, 87.977355957, 75.686416626, 40.7410697937, 11.0256958008, 5.00670337677, 2.09566044807, 0.452955037355, 0.0427133142948, 0.00281794392504],
        "mean": [0.324553132057, 1.27477955818, 1.59383165836, 2.59979128838, 7.00382184982, 20.7499237061, 24.6264286041, 24.9275302887, 23.8588314056, 29.6406574249, 39.9368553162, 57.9829864502, 18.3809661865, 25.0448970795, 23.9737300873, 13.8095626831, 25.2987041473, 12.1607427597, 17.6805171967, 22.2804908752, 17.8500823975, 13.6747398376, 12.4837169647, 10.8380832672, 11.0945310593, 10.1662902832, 8.769780159, 7.09386014938, 6.95741510391, 6.63282680511, 4.73539066315, 3.33231544495, 2.24569964409, 1.34739983082, 0.47863945365, 0.160686731339, 0.033598087728, 0.00535447383299, 0.000926559441723, 0.000100425837445],
        "median": [0.0409182347357, 0.176530361176, 0.323311716318, 0.911469578743, 3.75105953217, 12.7793235779, 14.735004425, 11.1930580139, 13.9322071075, 18.0181674957, 13.3585243225, 14.3588075638, 9.26663017273, 12.1106119156, 13.6197042465, 7.74092006683, 12.0091094971, 7.33734130859, 8.96828556061, 11.3952083588, 8.75020027161, 8.05453109741, 6.41030311584, 5.3908700943, 4.9777879715, 3.47188258171, 1.91880047321, 1.30817854404, 0.949414134026, 0.648887991905, 0.367211937904, 0.199570000172, 0.111987330019, 0.0447868295014, 0.0177633054554, 0.00521947164088, 0.00134112581145, 0.000241137255216, 4.15189606429e-05, 3.39278849424e-05],
        "min": [1.11425668851e-22, 1.29604580923e-21, 1.80902743989e-21, 3.07987594633e-21, 1.99754327474e-20, 8.43390573749e-20, 7.6225662799e-20, 1.76093414125e-19, 3.75818396074e-19, 3.11701894886e-19, 3.86008537438e-19, 1.0311383294e-18, 1.23107718923e-18, 1.02269519349e-18, 2.52303011526e-18, 3.16847501133e-18, 1.72474664381e-18, 2.25915226202e-18, 4.26990301328e-18, 4.58185432897e-18, 4.49587552174e-18, 8.3127068981e-18, 9.96310179217e-18, 9.10995928891e-18, 6.76300800872e-18, 1.28196997273e-17, 9.91846299041e-18, 1.02471175642e-17, 1.63690175848e-17, 1.65078036023e-17, 1.32748434516e-17, 1.52243501639e-17, 1.15727133733e-17, 9.1058084966e-18, 6.95569063343e-18, 3.95403582457e-18, 2.07075071058e-18, 1.07155230617e-18, 2.75951226359e-19, 3.05856881581e-20],
        "var": [0.296672105789, 5.78339481354, 11.5847635269, 26.196231842, 107.402626038, 590.583374023, 903.853759766, 1498.22351074, 873.602111816, 1813.64648438, 9454.41308594, 14549.9033203, 2010.68408203, 1983.86254883, 1099.73706055, 520.924987793, 1538.67456055, 258.541320801, 1156.61352539, 1558.8190918, 1402.9609375, 382.844787598, 490.062469482, 433.829833984, 370.422363281, 366.445159912, 325.908630371, 235.051055908, 224.161056519, 203.791152954, 102.200576782, 49.7774009705, 25.9133853912, 9.86337566376, 1.2413816452, 0.164844542742, 0.0107674952596, 0.000351236143615, 1.08879012259e-05, 6.96795154909e-08]
    },
    "gfcc": {
        "mean": [-20.4778766632, 110.679283142, -126.721374512, 28.7584438324, -62.8423461914, 3.08120274544, -37.5335464478, 4.10394334793, -16.0504379272, 0.528593599796, -7.70197057724, -0.261988550425, -1.964204669],
        "cov": [[11479.2509766, -1200.43603516, 612.261108398, 381.593139648, -595.601867676, 579.661682129, -205.577682495, 177.523635864, -221.241195679, 107.121109009, -181.092666626, 108.18145752, -26.0463886261], [-1200.43603516, 1998.29699707, -312.140258789, -25.8163585663, 484.00680542, -237.545761108, 244.607589722, -157.125732422, 176.428131104, -144.768768311, 224.53086853, -77.2013320923, 176.877105713], [612.261108398, -312.140258789, 694.442016602, 236.291122437, -16.9816226959, 293.052032471, -11.8502464294, 74.439704895, -17.3893260956, 24.4395809174, -21.7536869049, 28.1888847351, 18.1026973724], [381.593139648, -25.8163585663, 236.291122437, 274.877929688, 21.3271007538, 147.308776855, 22.0440921783, 38.4455375671, 20.5684642792, 18.789516449, 7.24271774292, 6.08960390091, 15.9969348907], [-595.601867676, 484.00680542, -16.9816226959, 21.3271007538, 345.788543701, -68.3122253418, 117.527862549, -31.7623443604, 51.939125061, -3.54779887199, 70.301399231, 9.14627456665, 25.088848114], [579.661682129, -237.545761108, 293.052032471, 147.308776855, -68.3122253418, 343.180603027, -11.9853067398, 115.748703003, 6.31639385223, 33.7230529785, -4.25919294357, 6.21711444855, 23.4206943512], [-205.577682495, 244.607589722, -11.8502464294, 22.0440921783, 117.527862549, -11.9853067398, 166.058502197, 13.7277326584, 56.98229599, 2.76041555405, 39.8795127869, 1.5939899683, 12.7746229172], [177.523635864, -157.125732422, 74.439704895, 38.4455375671, -31.7623443604, 115.748703003, 13.7277326584, 148.873306274, 44.4160842896, 51.3075675964, -4.45265722275, 4.78639984131, -6.66328382492], [-221.241195679, 176.428131104, -17.3893260956, 20.5684642792, 51.939125061, 6.31639385223, 56.98229599, 44.4160842896, 109.028388977, 25.482383728, 40.0493087769, -13.4378786087, 21.0676555634], [107.121109009, -144.768768311, 24.4395809174, 18.789516449, -3.54779887199, 33.7230529785, 2.76041555405, 51.3075675964, 25.482383728, 90.0566482544, 17.8868980408, 21.92004776, -19.9791469574], [-181.092666626, 224.53086853, -21.7536869049, 7.24271774292, 70.301399231, -4.25919294357, 39.8795127869, -4.45265722275, 40.0493087769, 17.8868980408, 100.094291687, 21.8451442719, 36.2784309387], [108.18145752, -77.2013320923, 28.1888847351, 6.08960390091, 9.14627456665, 6.21711444855, 1.5939899683, 4.78639984131, -13.4378786087, 21.92004776, 21.8451442719, 68.501953125, 18.5260124207], [-26.0463886261, 176.877105713, 18.1026973724, 15.9969348907, 25.088848114, 23.4206943512, 12.7746229172, -6.66328382492, 21.0676555634, -19.9791469574, 36.2784309387, 18.5260124207, 86.56640625]],
        "icov": [[0.000111666195153, -5.90050403844e-05, -8.25690403872e-06, -0.000109593820525, 0.000195822576643, -0.000111170695163, -2.31385511142e-05, -2.09314421227e-05, 0.000219431371079, -0.000185581317055, 0.000189978512935, -0.000207263045013, 1.97721001314e-05], [-5.90050403844e-05, 0.00203790329397, 0.000446288642706, -0.000226143311011, -0.0016724820016, 0.000541391258594, -0.000664763676468, 0.000585650035646, -0.00109926250298, 0.00230566947721, -0.00282586645335, 0.00297297490761, -0.00240412610583], [-8.25690403872e-06, 0.000446288642706, 0.00286462623626, -0.00145703612361, -0.000755863613449, -0.00182991637848, 4.42564523837e-05, 0.000480746821268, -1.02144201719e-06, 0.000607953465078, 0.000305978464894, -0.000489799072966, -0.000382382539101], [-0.000109593820525, -0.000226143311011, -0.00145703612361, 0.00589989172295, -0.000358245160896, -0.00156343029812, -0.000322729320033, 0.000878194929101, -0.0012081481982, -0.000646673608571, 0.000444981909823, -0.000115419730719, 0.000268557138043], [0.000195822576643, -0.0016724820016, -0.000755863613449, -0.000358245160896, 0.00606441870332, 0.00047274705139, -0.00201352569275, 0.000211903374293, 0.000672566879075, -0.00187446118798, 0.000492004211992, -0.00260641193017, 0.00188374018762], [-0.000111170695163, 0.000541391258594, -0.00182991637848, -0.00156343029812, 0.00047274705139, 0.00742407329381, -0.000238330147113, -0.0045589399524, 0.00203485460952, 4.02300975111e-05, -0.00219240831211, 0.00321139302105, -0.00318382610567], [-2.31385511142e-05, -0.000664763676468, 4.42564523837e-05, -0.000322729320033, -0.00201352569275, -0.000238330147113, 0.00957369804382, -0.000994632719085, -0.00351884635165, 0.00137908873148, -0.000142141958349, -0.00226782634854, 0.00227996800095], [-2.09314421227e-05, 0.000585650035646, 0.000480746821268, 0.000878194929101, 0.000211903374293, -0.0045589399524, -0.000994632719085, 0.0139527181163, -0.00647832266986, -0.00374228553846, 0.00260500563309, -0.00127526535653, 0.000821162131615], [0.000219431371079, -0.00109926250298, -1.02144201719e-06, -0.0012081481982, 0.000672566879075, 0.00203485460952, -0.00351884635165, -0.00647832266986, 0.0201338045299, -0.00664356630296, -0.0029694440309, 0.0071312491782, -0.00490425061435], [-0.000185581317055, 0.00230566947721, 0.000607953465078, -0.000646673608571, -0.00187446118798, 4.02300975111e-05, 0.00137908873148, -0.00374228553846, -0.00664356630296, 0.0229200832546, -0.00739939790219, -0.00480750389397, 0.00630277302116], [0.000189978512935, -0.00282586645335, 0.000305978464894, 0.000444981909823, 0.000492004211992, -0.00219240831211, -0.000142141958349, 0.00260500563309, -0.0029694440309, -0.00739939790219, 0.021417370066, -0.00824283622205, -0.00183970388025], [-0.000207263045013, 0.00297297490761, -0.000489799072966, -0.000115419730719, -0.00260641193017, 0.00321139302105, -0.00226782634854, -0.00127526535653, 0.0071312491782, -0.00480750389397, -0.00824283622205, 0.0272578913718, -0.0111141959205], [1.97721001314e-05, -0.00240412610583, -0.000382382539101, 0.000268557138043, 0.00188374018762, -0.00318382610567, 0.00227996800095, 0.000821162131615, -0.00490425061435, 0.00630277302116, -0.00183970388025, -0.0111141959205, 0.0223402678967]]
    },
    "melbands": {
        "dmean": [0.00149028375745, 0.000602754473221, 0.00034449249506, 0.000561175926123, 0.000381787365768, 0.000288093433483, 0.000179238501005, 0.000170170897036, 0.000176021814696, 0.000176428540726, 4.59182592749e-05, 5.88946058997e-05, 4.93362022098e-05, 2.04831958399e-05, 3.39664220519e-05, 2.8391386877e-05, 1.26042905322e-05, 1.7207898054e-05, 1.59790288308e-05, 2.04154694075e-05, 1.13991172839e-05, 7.87495446275e-06, 1.07243986349e-05, 5.72869703319e-06, 5.21966967426e-06, 5.91542084294e-06, 3.90692457586e-06, 4.36073651144e-06, 3.52846132046e-06, 3.92894116885e-06, 2.73238765658e-06, 2.89926856567e-06, 2.22942071559e-06, 2.8053875667e-06, 1.76260175522e-06, 1.55385384915e-06, 1.35424158998e-06, 1.1433214695e-06, 1.08638698748e-06, 9.12095629246e-07],
        "dmean2": [0.00247024651617, 0.000905083725229, 0.000573024211917, 0.000914286472835, 0.000555186066777, 0.000423507677624, 0.000256263767369, 0.000256506464211, 0.000246989540756, 0.000247751362622, 7.15144487913e-05, 9.12402538233e-05, 7.70375918364e-05, 3.26266890625e-05, 5.46967639821e-05, 4.60676055809e-05, 2.01341681532e-05, 2.81023676507e-05, 2.58742402366e-05, 3.38951540471e-05, 1.82205130841e-05, 1.27069433802e-05, 1.76057164936e-05, 9.10067683435e-06, 8.44853002491e-06, 9.69555276242e-06, 5.99936538492e-06, 7.02452052792e-06, 5.34306946065e-06, 6.16630813965e-06, 4.45547993877e-06, 4.70997065349e-06, 3.40630003848e-06, 4.77940375276e-06, 2.77953881778e-06, 2.5281510716e-06, 2.15830209527e-06, 1.92222069018e-06, 1.8204641492e-06, 1.57412739554e-06],
        "dvar": [7.96413678472e-06, 2.61900663645e-06, 8.90978697043e-07, 8.28343956982e-07, 2.60761709114e-07, 3.43530189184e-07, 7.85069786957e-08, 1.14302011411e-07, 2.13434162788e-07, 1.43150302279e-07, 2.39886546183e-08, 1.60202091593e-08, 6.89878731919e-09, 1.64796465363e-09, 4.85138729189e-09, 2.83352585839e-09, 4.3316134013e-10, 1.83173765045e-09, 1.50698220569e-09, 1.56836865717e-09, 1.0479567214e-09, 2.55473642241e-10, 5.22369425493e-10, 1.51844245511e-10, 1.62800911641e-10, 1.6347403986e-10, 7.81697623298e-11, 1.11280352988e-10, 7.34527438873e-11, 1.15905826603e-10, 4.4189794185e-11, 5.46524561718e-11, 2.99916029511e-11, 5.07059290389e-11, 1.7124756474e-11, 1.38893341273e-11, 1.12220658113e-11, 8.9233976111e-12, 7.97798199031e-12, 6.48179253326e-12],
        "dvar2": [2.18699897232e-05, 6.27079680271e-06, 2.43276258516e-06, 2.38199822888e-06, 6.13050474385e-07, 9.00255997749e-07, 1.8140222835e-07, 2.60496676674e-07, 4.23957914109e-07, 2.6658071306e-07, 5.39661826338e-08, 3.69232857622e-08, 1.62887392463e-08, 3.91875110139e-09, 1.17834986213e-08, 7.1230550347e-09, 1.00963226668e-09, 4.23327906063e-09, 3.3756442086e-09, 3.95685306742e-09, 2.47488340932e-09, 5.96558025201e-10, 1.31593580477e-09, 3.46729894796e-10, 3.72387204406e-10, 3.91716270531e-10, 1.64716920659e-10, 2.48841475203e-10, 1.5304232881e-10, 2.75029388153e-10, 1.0498569375e-10, 1.32127725427e-10, 5.91291668406e-11, 1.32849120593e-10, 4.14054138198e-11, 3.47099085585e-11, 2.76013031875e-11, 2.37873141323e-11, 2.09026216474e-11, 1.79727014521e-11],
        "max": [0.0362951233983, 0.0262186601758, 0.01578964293, 0.0139454957098, 0.00985534209758, 0.0111063821241, 0.00657497998327, 0.0106362216175, 0.0122566446662, 0.00989286508411, 0.0068848808296, 0.00328691327013, 0.00218763994053, 0.0013461727649, 0.00264860712923, 0.00105464283843, 0.00061376253143, 0.0013635213254, 0.00206817034632, 0.00181387574412, 0.002000851091, 0.00050834036665, 0.000452400563518, 0.000380859419238, 0.000783235882409, 0.000515492865816, 0.000402589765145, 0.000212715676753, 0.000212655038922, 0.000194623396965, 0.000114347480121, 0.000142840086482, 7.86770033301e-05, 8.4890940343e-05, 7.81804337748e-05, 5.45585717191e-05, 6.94572299835e-05, 6.06693320151e-05, 4.3344545702e-05, 2.98521590594e-05],
        "mean": [0.00250934809446, 0.00110268150456, 0.000531942758244, 0.00101434777025, 0.000937829550821, 0.000549501157366, 0.000358454271918, 0.000323107669828, 0.00034704466816, 0.000331127084792, 8.10773854028e-05, 0.000102702004369, 8.50803626236e-05, 3.48658904841e-05, 5.50069926248e-05, 4.27836748713e-05, 1.98018460651e-05, 2.68984822469e-05, 2.48607484536e-05, 3.14053322654e-05, 1.82509666047e-05, 1.30445860123e-05, 1.52493521455e-05, 9.28998997551e-06, 8.38804498926e-06, 9.49063905864e-06, 6.25879829386e-06, 6.79712366036e-06, 5.46857472727e-06, 5.02080411025e-06, 3.81478685085e-06, 4.16253578805e-06, 3.49288757207e-06, 3.70579459741e-06, 2.72365332421e-06, 2.28732983487e-06, 1.9429612621e-06, 1.60517072345e-06, 1.38591292398e-06, 1.04325999928e-06],
        "median": [0.000337567122187, 0.000194859749172, 0.000207001314266, 0.000636600831058, 0.000613643729594, 0.000258033978753, 0.00021383643616, 0.00018304947298, 0.000105410566903, 7.77095119702e-05, 3.85429157177e-05, 4.57542664662e-05, 4.37108537881e-05, 1.85438257176e-05, 2.46469171543e-05, 1.99081423489e-05, 1.10362361738e-05, 1.32797376864e-05, 1.23273475765e-05, 1.62362011906e-05, 7.75224907557e-06, 7.21400556358e-06, 7.15844225851e-06, 3.90649347537e-06, 3.7640879782e-06, 4.23173469244e-06, 2.26799511438e-06, 2.12406825995e-06, 1.15183593152e-06, 8.28723273116e-07, 6.91047830514e-07, 5.48150296709e-07, 4.34745743405e-07, 3.05358639707e-07, 2.20310738541e-07, 1.39938961752e-07, 1.02653586964e-07, 8.50056665058e-08, 5.11001516657e-08, 3.19354782619e-08],
        "min": [2.4970772699e-24, 1.03577851007e-24, 6.96722345922e-25, 3.35766219748e-24, 3.58149437959e-24, 3.56115754545e-24, 5.62238600977e-24, 2.93743776821e-24, 4.3166977549e-24, 7.02512584966e-24, 5.64300920042e-24, 3.6362113497e-24, 7.60378372263e-24, 6.43475299781e-24, 4.16678144518e-24, 4.29034546193e-24, 3.48357110327e-24, 6.28195497921e-24, 4.37734617015e-24, 7.17849303141e-24, 4.57220901324e-24, 5.89855792965e-24, 7.07714649319e-24, 8.42854805423e-24, 7.58475955304e-24, 3.78401390662e-24, 5.69717199574e-24, 7.19215610229e-24, 5.75422044425e-24, 5.32281134785e-24, 5.51936195884e-24, 8.26075970627e-24, 8.84560540419e-24, 8.01638085303e-24, 7.25014368971e-24, 8.2373242265e-24, 9.03791943769e-24, 8.40335814781e-24, 6.58124801779e-24, 6.6441431089e-24],
        "var": [1.71551328094e-05, 4.32277920481e-06, 9.32096156703e-07, 1.41231930684e-06, 1.05016476937e-06, 6.92849198458e-07, 1.90808847833e-07, 2.43680858603e-07, 6.05078469107e-07, 5.09247342961e-07, 5.01728223412e-08, 3.81380047543e-08, 1.57449555616e-08, 2.86354584489e-09, 8.48993497726e-09, 4.55459536752e-09, 8.09476763397e-10, 2.77680811678e-09, 2.45666909038e-09, 2.49951570552e-09, 1.98914862359e-09, 4.24702634172e-10, 6.54111598219e-10, 2.97152108475e-10, 3.08744252386e-10, 3.07171343916e-10, 1.42655443014e-10, 1.73375314105e-10, 1.2924267212e-10, 1.38474010036e-10, 6.53997273004e-11, 8.31867699724e-11, 6.12905073916e-11, 6.83187395545e-11, 3.55812601605e-11, 2.40146288272e-11, 1.78367563775e-11, 1.33838903502e-11, 1.00698806932e-11, 6.30195288315e-12]
    },
    "mfcc": {
        "mean": [-656.811584473, 134.965835571, -5.69681310654, 22.7561454773, -2.42515611649, -0.874710381031, -8.15025997162, -1.12042546272, -3.23725128174, 0.705147206783, -2.68492221832, -0.346885681152, 1.87530338764],
        "cov": [[8542.20800781, -1080.58874512, 917.700561523, -185.339157104, -72.6802749634, 183.071472168, 58.819442749, 84.8802032471, 19.6969814301, 34.0043029785, -39.859664917, -0.872471570969, -113.180610657], [-1080.58874512, 1800.39453125, -558.466674805, 277.127319336, 84.4044036865, 38.7060623169, 54.7820930481, 31.3268413544, -17.3539905548, -16.4841098785, -15.5330963135, 4.89341402054, 66.0840911865], [917.700561523, -558.466674805, 798.828735352, -75.9050979614, 132.837600708, 131.303009033, 90.1039810181, 77.2323303223, 68.1670379639, 34.3831825256, 13.1192893982, 12.4899282455, -44.7436141968], [-185.339157104, 277.127319336, -75.9050979614, 259.73059082, 38.6854133606, 52.7682762146, 24.1400966644, 15.1341304779, -0.397856771946, 7.91516590118, 1.1135405302, 7.47876024246, 36.584651947], [-72.6802749634, 84.4044036865, 132.837600708, 38.6854133606, 190.934875488, 74.1152420044, 59.3963241577, 34.1656265259, 30.6541442871, 21.3367481232, 25.6788024902, 8.59901809692, 8.60286045074], [183.071472168, 38.7060623169, 131.303009033, 52.7682762146, 74.1152420044, 136.996688843, 72.1301498413, 39.7677536011, 20.8692817688, 11.5159273148, 8.07119750977, 12.7403726578, 2.62705945969], [58.819442749, 54.7820930481, 90.1039810181, 24.1400966644, 59.3963241577, 72.1301498413, 111.035125732, 54.2123451233, 25.014913559, 16.7812538147, 18.197555542, 15.1853981018, 14.5461740494], [84.8802032471, 31.3268413544, 77.2323303223, 15.1341304779, 34.1656265259, 39.7677536011, 54.2123451233, 86.5335845947, 47.2985420227, 25.1968421936, 16.7207584381, 12.3819580078, 7.89037084579], [19.6969814301, -17.3539905548, 68.1670379639, -0.397856771946, 30.6541442871, 20.8692817688, 25.014913559, 47.2985420227, 92.3726348877, 47.1554794312, 25.4678497314, 14.7723388672, 8.32388114929], [34.0043029785, -16.4841098785, 34.3831825256, 7.91516590118, 21.3367481232, 11.5159273148, 16.7812538147, 25.1968421936, 47.1554794312, 89.3985748291, 45.2513999939, 23.2534389496, 15.7578058243], [-39.859664917, -15.5330963135, 13.1192893982, 1.1135405302, 25.6788024902, 8.07119750977, 18.197555542, 16.7207584381, 25.4678497314, 45.2513999939, 84.2258148193, 39.45337677, 16.0222740173], [-0.872471570969, 4.89341402054, 12.4899282455, 7.47876024246, 8.59901809692, 12.7403726578, 15.1853981018, 12.3819580078, 14.7723388672, 23.2534389496, 39.45337677, 72.5902252197, 31.834197998], [-113.180610657, 66.0840911865, -44.7436141968, 36.584651947, 8.60286045074, 2.62705945969, 14.5461740494, 7.89037084579, 8.32388114929, 15.7578058243, 16.0222740173, 31.834197998, 75.0712432861]],
