{
"lowlevel": {
    "average_loudness": 0.545047581196,
    "barkbands_crest": {
        "dmean": 2.26260447502,
        "dmean2": 3.68894076347,
        "dvar": 5.18117332458,
        "dvar2": 12.940410614,
        "max": 26.7588291168,
        "mean": 13.1480588913,
        "median": 12.2773160934,
        "min": 2.88547277451,
        "var": 26.4326705933
    },
    "barkbands_flatness_db": {
        "dmean": 0.0242474190891,
        "dmean2": 0.0382884740829,
        "dvar": 0.000772944767959,
        "dvar2": 0.00172882969491,
        "max": 0.679073512554,
        "mean": 0.317509323359,
        "median": 0.30943825841,
        "min": 0.0457181744277,
        "var": 0.0113170128316
    },
    "barkbands_kurtosis": {
        "dmean": 4.69149827957,
        "dmean2": 7.28237533569,
        "dvar": 120.346412659,
        "dvar2": 244.172439575,
        "max": 557.26940918,
        "mean": 10.3655948639,
        "median": 4.28096151352,
        "min": -1.84261798859,
        "var": 521.250244141
    },
    "barkbands_skewness": {
        "dmean": 0.540756285191,
        "dmean2": 0.837915241718,
        "dvar": 0.442404955626,
        "dvar2": 0.954373836517,
        "max": 19.3204708099,
        "mean": 1.92838299274,
        "median": 1.65665459633,
        "min": -2.63096046448,
        "var": 2.72644639015
    },
    "barkbands_spread": {
        "dmean": 2.08751797676,
        "dmean2": 3.23241567612,
        "dvar": 11.8942527771,
        "dvar2": 25.6057071686,
        "max": 71.6443786621,
        "mean": 9.25209140778,
        "median": 5.715528965,
        "min": 0.108495905995,
        "var": 83.598991394
    },
    "dissonance": {
        "dmean": 0.0287799015641,
        "dmean2": 0.0481714829803,
        "dvar": 0.000869032402989,
        "dvar2": 0.00230844086036,
        "max": 0.500000119209,
        "mean": 0.419770717621,
        "median": 0.435408085585,
        "min": 0.140748053789,
        "var": 0.00356126436964
    },
    "dynamic_complexity": 3.68586850166,
    "erbbands_crest": {
        "dmean": 2.15731716156,
        "dmean2": 3.40550470352,
        "dvar": 5.0085067749,
        "dvar2": 12.3559474945,
        "max": 32.1881523132,
        "mean": 12.0837841034,
        "median": 10.6429262161,
        "min": 2.84035611153,
        "var": 31.9761791229
    },
    "erbbands_flatness_db": {
        "dmean": 0.015699589625,
        "dmean2": 0.024388089776,
        "dvar": 0.000376400799723,
        "dvar2": 0.000853423029184,
        "max": 0.497740149498,
        "mean": 0.2934884727,
        "median": 0.292250365019,
        "min": 0.0434651747346,
        "var": 0.00471218721941
    },
    "erbbands_kurtosis": {
        "dmean": 1.53720939159,
        "dmean2": 2.39976119995,
        "dvar": 9.38347625732,
        "dvar2": 20.9642276764,
        "max": 134.878448486,
        "mean": 2.80746722221,
        "median": 0.50900053978,
        "min": -1.873472929,
        "var": 52.2523155212
    },
    "erbbands_skewness": {
        "dmean": 0.35787448287,
        "dmean2": 0.548369586468,
        "dvar": 0.175131514668,
        "dvar2": 0.382606744766,
        "max": 8.49952602386,
        "mean": 0.83018809557,
        "median": 0.678615152836,
        "min": -5.22665023804,
        "var": 1.46560168266
    },
    "erbbands_spread": {
        "dmean": 4.24000453949,
        "dmean2": 6.66558694839,
        "dvar": 33.8764419556,
        "dvar2": 79.2383346558,
        "max": 88.8551101685,
        "mean": 22.5893096924,
        "median": 20.7993869781,
        "min": 0.81132620573,
        "var": 201.691101074
    },
    "hfc": {
        "dmean": 3.12076449394,
        "dmean2": 4.58643579483,
        "dvar": 57.8980178833,
        "dvar2": 120.353843689,
        "max": 196.859558105,
        "mean": 11.6308603287,
        "median": 7.20020198822,
        "min": 1.07725623762e-16,
        "var": 217.349349976
    },
    "melbands_crest": {
        "dmean": 2.73853158951,
        "dmean2": 4.50235748291,
        "dvar": 7.46309518814,
        "dvar2": 20.0991802216,
        "max": 34.9119567871,
        "mean": 16.6458778381,
        "median": 16.1622467041,
        "min": 1.56964361668,
        "var": 31.1943778992
    },
    "melbands_flatness_db": {
        "dmean": 0.0276864543557,
        "dmean2": 0.042703166604,
        "dvar": 0.00107134296559,
        "dvar2": 0.00225227023475,
        "max": 0.823455631733,
        "mean": 0.413868129253,
        "median": 0.402823537588,
        "min": 0.00360344070941,
        "var": 0.0196042004973
    },
    "melbands_kurtosis": {
        "dmean": 6.48737478256,
        "dmean2": 10.1919498444,
        "dvar": 150.454910278,
        "dvar2": 332.307342529,
        "max": 366.735931396,
        "mean": 15.719625473,
        "median": 8.34467506409,
        "min": -1.9175286293,
        "var": 560.177307129
    },
    "melbands_skewness": {
        "dmean": 0.591670691967,
        "dmean2": 0.928277492523,
        "dvar": 0.476816684008,
        "dvar2": 1.09326934814,
        "max": 14.3735408783,
        "mean": 2.50018024445,
        "median": 2.24759936333,
        "min": -2.06246948242,
        "var": 2.68563914299
    },
    "melbands_spread": {
        "dmean": 2.90625071526,
        "dmean2": 4.49876928329,
        "dvar": 34.5623435974,
        "dvar2": 70.2161560059,
        "max": 168.352096558,
        "mean": 11.6251602173,
        "median": 6.10595369339,
        "min": 0.210498481989,
        "var": 252.98223877
    },
    "pitch_salience": {
        "dmean": 0.0654621943831,
        "dmean2": 0.107004322112,
        "dvar": 0.00426194258034,
        "dvar2": 0.0107286637649,
        "max": 0.98179680109,
        "mean": 0.481020271778,
        "median": 0.486135780811,
        "min": 0.0495761558414,
        "var": 0.0202484577894
    },
    "silence_rate_20dB": {
        "dmean": 0,
        "dmean2": 0,
        "dvar": 0,
        "dvar2": 0,
        "max": 1,
        "mean": 1,
        "median": 1,
        "min": 1,
        "var": 0
    },
    "silence_rate_30dB": {
        "dmean": 0.0267992578447,
        "dmean2": 0.0536030344665,
        "dvar": 0.0260827373713,
        "dvar2": 0.0628628954291,
        "max": 1,
        "mean": 0.969158172607,
        "median": 1,
        "min": 0,
        "var": 0.0298879314214
    },
    "silence_rate_60dB": {
        "dmean": 0.0102814761922,
        "dmean2": 0.020564686507,
        "dvar": 0.010176458396,
        "dvar2": 0.0233455765992,
        "max": 1,
        "mean": 0.0664868950844,
        "median": 0,
        "min": 0,
        "var": 0.0620670281351
    },
    "spectral_centroid": {
        "dmean": 118.825012207,
        "dmean2": 181.254333496,
        "dvar": 50519.46875,
        "dvar2": 97302.1015625,
        "max": 11730.3232422,
        "mean": 743.922363281,
        "median": 499.761505127,
        "min": 112.710929871,
        "var": 733094.25
    },
    "spectral_complexity": {
        "dmean": 1.79942691326,
        "dmean2": 2.87821316719,
        "dvar": 8.01836109161,
        "dvar2": 16.761100769,
        "max": 55,
        "mean": 11.4359989166,
        "median": 10,
        "min": 0,
        "var": 51.4369430542
    },
    "spectral_decrease": {
        "dmean": 2.39450614892e-09,
        "dmean2": 3.6402956205e-09,
        "dvar": 1.81359233497e-17,
        "dvar2": 4.16762577013e-17,
        "max": 1.79052214334e-28,
        "mean": -7.61376917069e-09,
        "median": -5.42788392011e-09,
        "min": -6.65335875283e-08,
        "var": 5.56494624471e-17
    },
    "spectral_energy": {
        "dmean": 0.00927021354437,
        "dmean2": 0.0140824094415,
        "dvar": 0.000265996844973,
        "dvar2": 0.000610399118159,
        "max": 0.254020810127,
        "mean": 0.0297910533845,
        "median": 0.0214486606419,
        "min": 9.9992653983e-21,
        "var": 0.000822906149551
    },
    "spectral_energyband_high": {
        "dmean": 0.000105412327684,
        "dmean2": 0.00015994477144,
        "dvar": 3.4893386669e-07,
        "dvar2": 7.31404725229e-07,
        "max": 0.0206096637994,
        "mean": 0.000181564391823,
        "median": 5.27061547473e-06,
        "min": 6.91412485934e-21,
        "var": 8.08686138498e-07
    },
    "spectral_energyband_low": {
        "dmean": 0.00682779261842,
        "dmean2": 0.0103766750544,
        "dvar": 0.000237059517531,
        "dvar2": 0.000549620541278,
        "max": 0.251028805971,
        "mean": 0.0156406238675,
        "median": 0.0054795620963,
        "min": 2.19917144322e-23,
        "var": 0.000663446611725
    },
    "spectral_energyband_middle_high": {
        "dmean": 0.0008096943493,
        "dmean2": 0.00116474670358,
        "dvar": 5.59870341021e-06,
        "dvar2": 1.18002189993e-05,
        "max": 0.0565174147487,
        "mean": 0.00274934596382,
        "median": 0.000784915115219,
        "min": 1.0764857002e-21,
        "var": 2.39452074311e-05
    },
    "spectral_energyband_middle_low": {
        "dmean": 0.00401035463437,
        "dmean2": 0.00645906338468,
        "dvar": 4.40844123659e-05,
        "dvar2": 0.000111814646516,
        "max": 0.1411395818,
        "mean": 0.0130977630615,
        "median": 0.00964484084398,
        "min": 1.85001539034e-22,
        "var": 0.000161485833814
    },
    "spectral_entropy": {
        "dmean": 0.181521475315,
        "dmean2": 0.284675300121,
        "dvar": 0.052898850292,
        "dvar2": 0.116483382881,
        "max": 9.82198905945,
        "mean": 6.0809006691,
        "median": 6.17982721329,
        "min": 3.68236279488,
        "var": 0.59287661314
    },
    "spectral_flux": {
        "dmean": 0.0219484362751,
        "dmean2": 0.0358194038272,
        "dvar": 0.000977424671873,
        "dvar2": 0.00239806296304,
        "max": 0.380728244781,
        "mean": 0.0571833103895,
        "median": 0.0453124158084,
        "min": 6.32849189719e-11,
        "var": 0.00205469597131
    },
    "spectral_kurtosis": {
        "dmean": 16.2158317566,
        "dmean2": 27.556470871,
        "dvar": 558.087463379,
        "dvar2": 1455.9440918,
        "max": 451.717193604,
        "mean": 43.9500274658,
        "median": 17.0407619476,
        "min": -1.24914240837,
        "var": 3551.91040039
    },
    "spectral_rms": {
        "dmean": 0.000740516930819,
        "dmean2": 0.00111128203571,
        "dvar": 9.98311520561e-07,
        "dvar2": 2.1158493837e-06,
        "max": 0.015742463991,
        "mean": 0.00485667679459,
        "median": 0.00457444228232,
        "min": 3.1233605112e-12,
        "var": 5.47718127564e-06
    },
    "spectral_rolloff": {
        "dmean": 161.933334351,
        "dmean2": 277.929473877,
        "dvar": 179009.234375,
        "dvar2": 379959.65625,
        "max": 19939.7460938,
        "mean": 762.495849609,
        "median": 387.59765625,
        "min": 86.1328125,
        "var": 1825163.875
    },
    "spectral_skewness": {
        "dmean": 0.933061122894,
        "dmean2": 1.58183920383,
        "dvar": 1.08648276329,
        "dvar2": 2.75678992271,
        "max": 17.3028812408,
        "mean": 3.90764689445,
        "median": 2.65278887749,
        "min": -0.279244303703,
        "var": 10.026055336
    },
    "spectral_spread": {
        "dmean": 288164.84375,
        "dmean2": 495236.53125,
        "dvar": 262311051264,
        "dvar2": 595088375808,
        "max": 42667636,
        "mean": 1931831.5,
        "median": 1895516.75,
        "min": 215532.96875,
        "var": 5.80071666483e+12
    },
    "spectral_strongpeak": {
        "dmean": 0.370170503855,
        "dmean2": 0.609324872494,
        "dvar": 0.971131801605,
        "dvar2": 2.23262643814,
        "max": 23.1284885406,
        "mean": 1.02373719215,
        "median": 0.541786015034,
        "min": 0,
        "var": 2.39026355743
    },
    "zerocrossingrate": {
        "dmean": 0.0037532967981,
        "dmean2": 0.00455087190494,
        "dvar": 5.07886688865e-05,
        "dvar2": 6.93251131452e-05,
        "max": 0.51806640625,
        "mean": 0.0267888531089,
        "median": 0.0185546875,
        "min": 0.00244140625,
        "var": 0.00131634727586
    },
    "barkbands": {
        "dmean": [5.59676300327e-05, 0.00414556497708, 0.00276313791983, 0.00166220485698, 0.00156738806982, 0.0010132023599, 0.000510040728841, 0.000331968272803, 0.000414849055232, 0.000207344157388, 7.87279495853e-05, 0.000107025778561, 8.59027422848e-05, 8.64391622599e-05, 0.000122720273794, 0.000168314800248, 0.0001594338828, 0.000118678421131, 0.000141706303111, 7.61791598052e-05, 6.99356241967e-05, 6.13107431491e-06, 5.97281484715e-07, 2.69460684876e-07, 2.7293899052e-07, 1.40377409252e-07, 5.98339511271e-08],
        "dmean2": [9.8375887319e-05, 0.00634656753391, 0.00444140983745, 0.00286398106255, 0.00259885401465, 0.00153934711125, 0.000787266879342, 0.000486592092784, 0.000625265238341, 0.000318789301673, 0.000116263989185, 0.000146365928231, 0.000120733602671, 0.000120683864225, 0.00017157891125, 0.000251916557318, 0.000242020745645, 0.000181929251994, 0.000220045883907, 0.00011676667782, 0.00010704738088, 9.25787935557e-06, 9.99336748464e-07, 4.55101115904e-07, 4.73623373409e-07, 2.51947028573e-07, 1.14667571438e-07],
        "dvar": [3.15808996731e-08, 0.000114680078696, 6.21716608293e-05, 2.39949586103e-05, 7.55746805225e-06, 6.46005628369e-06, 2.24487166633e-06, 1.20832009998e-06, 2.8006525099e-06, 9.3140994295e-07, 6.24774969538e-08, 1.27753850165e-07, 8.75495871355e-08, 9.94091990947e-08, 2.77070910215e-07, 4.92877575198e-07, 4.20285147129e-07, 3.05335504436e-07, 6.95473431733e-07, 1.66240610611e-07, 2.01917643494e-07, 1.64949609527e-09, 7.96579035373e-12, 2.28114554156e-12, 2.41030394428e-12, 7.89286442194e-13, 5.84189218267e-13],
        "dvar2": [9.34926802643e-08, 0.000273940328043, 0.000146876773215, 6.60468067508e-05, 1.91650233319e-05, 1.27279799926e-05, 5.12181122758e-06, 2.27107261708e-06, 6.28682573733e-06, 1.96818382392e-06, 1.31835406592e-07, 2.35799134884e-07, 1.73097589595e-07, 1.84628007105e-07, 5.2136715567e-07, 1.07398000182e-06, 1.01324712887e-06, 6.74935847655e-07, 1.58875309353e-06, 3.52044992269e-07, 4.29965410831e-07, 3.70593222776e-09, 2.12736633864e-11, 6.52317999963e-12, 6.76925225943e-12, 2.28691479816e-12, 1.74132648405e-12],
        "max": [0.00428929226473, 0.176898092031, 0.219630509615, 0.131876826286, 0.0569261983037, 0.0947070121765, 0.0471933558583, 0.0650802850723, 0.0536756813526, 0.0361749790609, 0.00984441488981, 0.0166272055358, 0.0149873262271, 0.0137790096924, 0.0258623659611, 0.0418041609228, 0.0219064168632, 0.0266413986683, 0.0353239066899, 0.0179534368217, 0.0134993437678, 0.00208378094248, 8.48100316944e-05, 3.77943688363e-05, 2.63674173766e-05, 1.80176139111e-05, 2.15423478949e-05],
        "mean": [8.35835962789e-05, 0.00880668126047, 0.00496296724305, 0.00279920059256, 0.00366608356126, 0.0031010620296, 0.00133760273457, 0.000901815714315, 0.00108857825398, 0.000515523715876, 0.000181977564353, 0.000292096781777, 0.000221120862989, 0.000205388088943, 0.000316881749313, 0.0002995429968, 0.000310850329697, 0.000211293634493, 0.000239573055296, 0.000124047728605, 0.000113096946734, 1.01069344964e-05, 8.06648017715e-07, 4.68744246973e-07, 4.65209097911e-07, 2.11913786075e-07, 3.99159745257e-08],
        "median": [8.60763611854e-06, 0.00201319856569, 0.00110694172326, 0.00106380123179, 0.00199480773881, 0.00106347538531, 0.000404518184951, 0.000167133228388, 0.00015773679479, 5.32688645762e-05, 2.1804451535e-05, 2.31626036111e-05, 2.81137745333e-05, 2.69640622719e-05, 2.86934064206e-05, 3.48641588062e-05, 2.88055525743e-05, 1.91334656847e-05, 1.61131829373e-05, 7.31048839953e-06, 1.22807944081e-06, 2.76087604334e-07, 4.16140686355e-08, 1.01878407932e-08, 5.60775026415e-09, 2.91825208443e-09, 1.44374268096e-09],
        "min": [4.75218930509e-25, 3.36484004286e-24, 5.40197797703e-25, 2.19922666348e-24, 9.40674898734e-24, 8.35506566091e-24, 1.1465851866e-23, 1.74212594512e-23, 1.62534250339e-23, 2.58167479226e-23, 2.60674558069e-23, 3.25247824539e-23, 2.27613034655e-23, 4.03702345037e-23, 4.37281724081e-23, 7.32413426723e-23, 7.03486717743e-23, 8.13975333435e-23, 1.22246076302e-22, 1.90973670471e-22, 2.64901991085e-22, 3.54908798938e-22, 4.25676412651e-22, 5.80299814371e-22, 7.2894912828e-22, 1.29063793423e-21, 2.05908700673e-21],
        "var": [3.84020566457e-08, 0.000281426880974, 0.00018634875596, 4.56943016616e-05, 2.52466925303e-05, 4.76181630802e-05, 1.09366319521e-05, 1.02825615613e-05, 1.24546322695e-05, 3.69341296391e-06, 3.29167534119e-07, 6.45837474167e-07, 3.71865411353e-07, 3.33850579182e-07, 1.27359396629e-06, 1.21056712032e-06, 8.33033766412e-07, 7.43944326587e-07, 1.33005448788e-06, 3.13453199396e-07, 4.69850391482e-07, 2.5723849717e-09, 7.95291176664e-12, 2.43732746659e-12, 2.94042177759e-12, 7.10950395777e-13, 3.0248080516e-13]
    },
    "erbbands": {
        "dmean": [0.0682584345341, 1.10985219479, 3.15526843071, 4.51276063919, 3.5266315937, 5.88584041595, 9.82305240631, 8.54559421539, 6.35428476334, 8.61359977722, 6.51400709152, 9.11955356598, 9.3182477951, 4.23102045059, 3.44601202011, 3.90604090691, 3.76584982872, 4.4311671257, 3.81107974052, 7.65974283218, 10.3486118317, 7.58271789551, 5.95441532135, 6.96679449081, 6.42613220215, 3.25227499008, 3.56921815872, 1.67799162865, 0.285157740116, 0.0530215464532, 0.0148244407028, 0.00676860380918, 0.0044413250871, 0.00328116468154, 0.00179946399294, 0.000721126969438, 0.000234327002545, 5.77394239372e-05, 1.5832387362e-05, 1.06433408291e-05],
        "dmean2": [0.0984564423561, 1.71698343754, 5.00597763062, 7.51558494568, 6.07146263123, 9.55843448639, 15.9355611801, 12.8143568039, 9.70585727692, 13.5860776901, 9.1560382843, 13.6827068329, 13.9614477158, 6.45794439316, 4.92333650589, 5.37310791016, 5.24917030334, 6.13911056519, 5.39486074448, 10.6459121704, 15.6664905548, 11.4065818787, 9.22944545746, 10.8671655655, 9.94491481781, 5.01609945297, 5.40660953522, 2.67478394508, 0.433428317308, 0.0814511701465, 0.0247324965894, 0.0113908164203, 0.00754177058116, 0.00568027468398, 0.00306499260478, 0.00124712858815, 0.000431309948908, 0.000108469874249, 2.86369777314e-05, 1.62394808285e-05],
        "dvar": [0.0283050332218, 8.31387710571, 69.0404968262, 186.428192139, 57.8707122803, 149.817016602, 382.509765625, 608.820678711, 281.178405762, 589.063903809, 521.983337402, 1293.35998535, 1589.40429688, 353.811309814, 86.3137512207, 199.321640015, 162.074279785, 295.250762939, 112.76411438, 1265.25610352, 1941.89501953, 816.827148438, 669.891723633, 1237.41625977, 1642.63122559, 229.444061279, 528.379760742, 130.56149292, 2.64299678802, 0.0528573915362, 0.00482696201652, 0.00168151815888, 0.000596739177126, 0.000337496079737, 0.000108997046482, 1.56513960974e-05, 2.84710540654e-06, 2.12561118929e-07, 2.76482126083e-08, 3.67386676636e-10],
        "dvar2": [0.0596739053726, 20.0614395142, 163.896942139, 496.330688477, 159.419021606, 355.261413574, 963.371520996, 1165.19067383, 584.844848633, 1493.30688477, 803.201782227, 2912.19042969, 3365.83081055, 770.330749512, 177.951080322, 351.706268311, 304.08682251, 562.431884766, 231.430297852, 2319.57983398, 4311.72607422, 1913.57971191, 1522.76477051, 2805.58569336, 3689.55541992, 500.059326172, 1055.53344727, 318.428375244, 5.69458341599, 0.118353888392, 0.0127251856029, 0.00485357502475, 0.00167708739173, 0.000936613127124, 0.000303174339933, 4.38295246568e-05, 8.35281571199e-06, 6.28656323443e-07, 8.24121215715e-08, 8.6729623483e-10],
        "max": [3.3219397068, 46.5456886292, 165.602142334, 380.141296387, 172.426055908, 336.040008545, 525.581176758, 925.096191406, 684.737792969, 769.365844727, 1777.1739502, 1269.46142578, 1479.35327148, 766.572998047, 308.48840332, 809.885803223, 661.883972168, 787.24810791, 310.26864624, 1945.98181152, 2734.74755859, 796.164978027, 1128.7557373, 1331.42358398, 1982.38366699, 523.28503418, 821.822387695, 423.774169922, 59.6466369629, 7.09532308578, 1.31363534927, 1.11471951008, 0.57332521677, 0.38320478797, 0.277682870626, 0.0829757601023, 0.0364640019834, 0.00954510085285, 0.00462856004015, 0.000275622558547],
        "mean": [0.160687163472, 2.2840988636, 5.71234941483, 8.75667190552, 7.08170700073, 13.6781568527, 23.3705844879, 26.7974205017, 18.0838928223, 21.7182826996, 19.4120903015, 24.2154178619, 23.8762378693, 11.70662117, 9.59185123444, 10.8494968414, 10.5185108185, 10.9687767029, 10.3571748734, 19.3881626129, 19.5455417633, 16.1110019684, 11.8511285782, 12.2012748718, 11.2602434158, 5.77973270416, 6.1558175087, 2.40448760986, 0.486524432898, 0.0923640951514, 0.0206742994487, 0.0110084479675, 0.0075733079575, 0.00547277042642, 0.0031612010207, 0.00136063096579, 0.000297791906632, 5.38347812835e-05, 2.22873022722e-05, 3.38515746989e-05],
        "median": [0.0364564917982, 0.525073289871, 1.44440960884, 3.25988316536, 3.43823671341, 6.35865497589, 10.6348848343, 7.54390716553, 6.67077064514, 6.53005933762, 4.80079698563, 3.98158550262, 3.47820520401, 2.18352985382, 1.96984028816, 1.3761600256, 1.55974423885, 1.77305090427, 1.71038818359, 2.04176282883, 2.64413261414, 1.83179759979, 1.39118278027, 1.0037227869, 0.852192401886, 0.335642367601, 0.0838618278503, 0.0384223274887, 0.014169126749, 0.00348534295335, 0.00116010417696, 0.000366942724213, 0.000175993540324, 0.000103159567516, 5.98808619543e-05, 3.29075483023e-05, 1.59199207701e-05, 3.01043610307e-06, 1.14834138003e-05, 2.43207905442e-05],
        "min": [1.00486452637e-22, 1.07931479522e-21, 1.52007432936e-21, 8.90096018411e-21, 1.67735329184e-20, 2.90423113067e-20, 4.51916427489e-20, 7.33377555608e-20, 1.89929056771e-19, 2.69806101589e-19, 4.9329453497e-19, 3.86180539306e-19, 5.36589530123e-19, 9.2460977081e-19, 1.43791328781e-18, 1.39268594705e-18, 1.65567209958e-18, 2.33552378003e-18, 3.22814802751e-18, 3.51805787501e-18, 4.56347478935e-18, 5.01368479493e-18, 5.90602656024e-18, 7.0263591547e-18, 9.13908100955e-18, 9.2886013499e-18, 8.98320130466e-18, 1.12922222179e-17, 1.03574535318e-17, 1.21534131885e-17, 1.23730023442e-17, 1.00761492578e-17, 1.04482763087e-17, 8.84262609546e-18, 5.73929300494e-18, 4.00143037853e-18, 2.23520621047e-18, 8.98965827652e-19, 2.54311767945e-19, 2.72769818638e-20],
        "var": [0.102546572685, 19.2326488495, 167.231796265, 463.77041626, 130.053253174, 551.056152344, 1345.10864258, 5153.08740234, 1635.0958252, 2159.45410156, 6244.50439453, 5207.29150391, 6449.08154297, 1701.69885254, 504.230651855, 918.589050293, 781.801879883, 980.469482422, 457.247924805, 6346.39306641, 4538.8359375, 1853.73156738, 1660.09423828, 2184.57324219, 3512.70336914, 529.111877441, 1378.46606445, 203.785430908, 4.73503112793, 0.0952715426683, 0.00503578176722, 0.00134272372816, 0.000743798562326, 0.000465546851046, 0.000129571722937, 2.24077120947e-05, 1.91536969396e-06, 1.21119541063e-07, 1.45752814262e-08, 1.04144515234e-09]
    },
    "gfcc": {
        "mean": [-147.524612427, 204.516983032, -113.776679993, 18.8742656708, -23.0996723175, -31.5349655151, -18.7510852814, -6.78649711609, -13.7523374557, -6.39805746078, -8.48975467682, -11.4419460297, 1.03077697754],
        "cov": [[16995.109375, -2072.25756836, -4846.875, 1394.1270752, -345.888977051, 410.382354736, -292.539916992, 255.914550781, -154.708847046, 102.05506134, -1.0558218956, 402.155700684, -375.806365967], [-2072.25756836, 1833.40673828, 1373.6472168, -497.662445068, 309.348846436, -258.88571167, 261.510253906, -60.5894889832, 118.37286377, -39.5760154724, 67.5211868286, -200.859069824, 178.455474854], [-4846.875, 1373.6472168, 3318.57666016, -575.42956543, 272.010986328, 448.88168335, 79.9665985107, 207.88104248, 72.7520675659, 28.8454303741, 222.104415894, -132.792388916, 8.74917221069], [1394.1270752, -497.662445068, -575.42956543, 739.5234375, 34.5915298462, -66.7621841431, 109.694580078, -6.11195468903, 31.9130306244, 8.7463092804, -9.30311393738, 56.6508255005, -17.136713028], [-345.888977051, 309.348846436, 272.010986328, 34.5915298462, 393.843933105, 27.2532138824, 25.9863586426, 48.4234313965, -6.19316148758, 6.0158290863, 44.1105575562, -45.3458633423, 2.76881337166], [410.382354736, -258.88571167, 448.88168335, -66.7621841431, 27.2532138824, 636.2890625, -100.164375305, 184.137985229, -9.31995868683, 34.8229484558, 89.5085144043, 62.4763679504, -139.244186401], [-292.539916992, 261.510253906, 79.9665985107, 109.694580078, 25.9863586426, -100.164375305, 328.169433594, -18.2946300507, 108.613327026, 9.37959289551, -38.6974754333, -43.6716117859, 102.754371643], [255.914550781, -60.5894889832, 207.88104248, -6.11195468903, 48.4234313965, 184.137985229, -18.2946300507, 218.165985107, 23.4245471954, 32.6873626709, 58.9557571411, 28.5069522858, -50.9671440125], [-154.708847046, 118.37286377, 72.7520675659, 31.9130306244, -6.19316148758, -9.31995868683, 108.613327026, 23.4245471954, 188.926116943, 42.8137702942, -20.0871009827, 4.2304816246, 57.8553009033], [102.05506134, -39.5760154724, 28.8454303741, 8.7463092804, 6.0158290863, 34.8229484558, 9.37959289551, 32.6873626709, 42.8137702942, 149.380706787, 43.1930847168, 10.153380394, 1.5854177475], [-1.0558218956, 67.5211868286, 222.104415894, -9.30311393738, 44.1105575562, 89.5085144043, -38.6974754333, 58.9557571411, -20.0871009827, 43.1930847168, 171.891906738, 40.5633049011, -56.0447654724], [402.155700684, -200.859069824, -132.792388916, 56.6508255005, -45.3458633423, 62.4763679504, -43.6716117859, 28.5069522858, 4.2304816246, 10.153380394, 40.5633049011, 126.362884521, -7.31629562378], [-375.806365967, 178.455474854, 8.74917221069, -17.136713028, 2.76881337166, -139.244186401, 102.754371643, -50.9671440125, 57.8553009033, 1.5854177475, -56.0447654724, -7.31629562378, 159.876785278]],
        "icov": [[0.000216925531277, -0.000485244760057, 0.000481293332996, -0.000450967199868, 0.000317459081998, -0.000516367610544, 0.000253842998063, -0.000440326926764, 0.000301196501823, -0.000270587741397, 0.000147276761709, -0.000224193674512, 0.00015317244106], [-0.000485244760057, 0.00325115956366, -0.00163062755018, 0.00224222126417, -0.00189876288641, 0.00216507050209, -0.00164198735729, 0.0015441646101, -0.00171454239171, 0.00165642681532, -0.00195429776795, 0.00182106520515, -0.000971598026808], [0.000481293332996, -0.00163062755018, 0.00173321901821, -0.00098701484967, 0.000843242916744, -0.00178942480125, 0.00069340452319, -0.00126125721727, 0.000731085485313, -0.000604845525231, -7.08762454451e-05, -9.896724805e-05, 4.2030653276e-05], [-0.000450967199868, 0.00224222126417, -0.00098701484967, 0.00355092110112, -0.00181452766992, 0.00178454315756, -0.00218649534509, 0.00125737173948, -0.00134732190054, 0.00111336295959, -0.00116450036876, 0.000146425736602, 0.000338594138157], [0.000317459081998, -0.00189876288641, 0.000843242916744, -0.00181452766992, 0.00419261073694, -0.00136416533496, 0.00111806532368, -0.00163885322399, 0.0013287771726, -0.000795970670879, 0.000140828648, 0.00056464766385, -0.000274526246358], [-0.000516367610544, 0.00216507050209, -0.00178942480125, 0.00178454315756, -0.00136416533496, 0.0045436071232, -0.00106348760892, -9.85293809208e-05, -0.00127233495004, 0.000738165690564, -0.000366694061086, -0.000483694195282, 0.00159416138195], [0.000253842998063, -0.00164198735729, 0.00069340452319, -0.00218649534509, 0.00111806532368, -0.00106348760892, 0.00604108162224, -0.000969755055849, -0.00119829073083, -0.00044498682837, 0.000503647665028, 0.00130537780933, -0.00230591138825], [-0.000440326926764, 0.0015441646101, -0.00126125721727, 0.00125737173948, -0.00163885322399, -9.85293809208e-05, -0.000969755055849, 0.00786556489766, -0.00196080957539, 0.00027133806725, -0.00137689698022, -0.000153817571118, 0.000735626905225], [0.000301196501823, -0.00171454239171, 0.000731085485313, -0.00134732190054, 0.0013287771726, -0.00127233495004, -0.00119829073083, -0.00196080957539, 0.00874009355903, -0.00300379912369, 0.00232442677952, -0.00203045411035, -0.000959848926868], [-0.000270587741397, 0.00165642681532, -0.000604845525231, 0.00111336295959, -0.000795970670879, 0.000738165690564, -0.00044498682837, 0.00027133806725, -0.00300379912369, 0.0090318704024, -0.00377605785616, 0.00199165940285, -0.00153845478781], [0.000147276761709, -0.00195429776795, -7.08762454451e-05, -0.00116450036876, 0.000140828648, -0.000366694061086, 0.000503647665028, -0.00137689698022, 0.00232442677952, -0.00377605785616, 0.0112599162385, -0.00555612426251, 0.0042113927193], [-0.000224193674512, 0.00182106520515, -9.896724805e-05, 0.000146425736602, 0.00056464766385, -0.000483694195282, 0.00130537780933, -0.000153817571118, -0.00203045411035, 0.00199165940285, -0.00555612426251, 0.0137129602954, -0.00446277391165], [0.00015317244106, -0.000971598026808, 4.2030653276e-05, 0.000338594138157, -0.000274526246358, 0.00159416138195, -0.00230591138825, 0.000735626905225, -0.000959848926868, -0.00153845478781, 0.0042113927193, -0.00446277391165, 0.0124777648598]]
    },
    "melbands": {
        "dmean": [0.00091321329819, 0.00158943317365, 0.000734984467272, 0.000289649440674, 0.000342809187714, 0.000184160235221, 0.000101452067611, 8.97163408808e-05, 4.83703443024e-05, 6.33445524727e-05, 4.67560712423e-05, 1.78908012458e-05, 1.17624786071e-05, 1.22846413433e-05, 9.16949284147e-06, 7.97103894001e-06, 8.9465511337e-06, 6.35387232251e-06, 8.31670604384e-06, 1.077485922e-05, 1.3522961126e-05, 8.41671317175e-06, 7.3634923865e-06, 5.71125610804e-06, 5.99221311859e-06, 6.02146428719e-06, 3.38347967954e-06, 2.09807285501e-06, 2.40353347181e-06, 2.06084291676e-06, 5.90100626141e-07, 1.75343387809e-07, 6.68619151156e-08, 1.68091442987e-08, 8.86119622123e-09, 5.85546011678e-09, 3.45587714001e-09, 3.12983239326e-09, 3.15268766649e-09, 2.79791967372e-09],
        "dmean2": [0.00137549755163, 0.00247326423414, 0.0012294203043, 0.0004786112695, 0.00055980833713, 0.000277041253867, 0.000155255125719, 0.000140599775477, 6.79946606397e-05, 9.55722935032e-05, 7.00154050719e-05, 2.73917285085e-05, 1.70587754837e-05, 1.68976785062e-05, 1.27190887724e-05, 1.11313611342e-05, 1.2484067156e-05, 9.08675156097e-06, 1.17675117508e-05, 1.52435341079e-05, 2.06714030355e-05, 1.26769236886e-05, 1.16271239676e-05, 8.81577034306e-06, 9.38592620514e-06, 9.42534461501e-06, 5.32916874363e-06, 3.25440441884e-06, 3.67983102478e-06, 3.21241918755e-06, 9.67279788711e-07, 2.69965170219e-07, 1.01614482162e-07, 2.76466050053e-08, 1.50322563286e-08, 1.01688044651e-08, 5.73703351492e-09, 5.28693222535e-09, 5.50314016579e-09, 4.81208450864e-09],
        "dvar": [5.32614740223e-06, 1.52372422235e-05, 4.23591882281e-06, 2.97471530075e-07, 4.22863934091e-07, 2.61730548345e-07, 7.68245698168e-08, 6.01679488454e-08, 2.74475127071e-08, 6.85328060968e-08, 4.03213498146e-08, 7.18243287068e-09, 1.2132028715e-09, 1.69270886197e-09, 1.11840803285e-09, 7.10496383949e-10, 1.35742539431e-09, 3.63635038747e-10, 1.27780430681e-09, 1.6643975087e-09, 3.80003228884e-09, 9.55641787925e-10, 1.42066136632e-09, 8.18504708455e-10, 9.7615626693e-10, 2.09177808408e-09, 4.00284361213e-10, 1.03529733397e-10, 2.76975470337e-10, 2.14849193991e-10, 1.44902692276e-11, 1.34360122854e-12, 1.13425057107e-13, 5.09905702731e-15, 1.73495079844e-15, 1.68352711058e-15, 3.03721239172e-16, 3.24694727858e-16, 3.18904331221e-16, 2.36976975222e-16],
        "dvar2": [1.24725956994e-05, 3.56019227183e-05, 1.1298159734e-05, 7.43965301808e-07, 1.07815139927e-06, 5.03472108448e-07, 1.64455485674e-07, 1.51253360059e-07, 4.27301465322e-08, 1.54601409008e-07, 8.4707025394e-08, 1.55036161686e-08, 2.52090126551e-09, 3.16142512169e-09, 2.06056238738e-09, 1.48471490657e-09, 2.577628333e-09, 7.32252147806e-10, 2.45709674829e-09, 3.16223491836e-09, 8.38079117216e-09, 2.21097784525e-09, 3.48314155296e-09, 1.72257330622e-09, 2.27157670452e-09, 4.75176076264e-09, 8.92426854637e-10, 2.27231247707e-10, 5.83865344961e-10, 4.85082418678e-10, 3.70955766105e-11, 2.95388062968e-12, 2.51438166078e-13, 1.29910222391e-14, 4.58685959224e-15, 4.8984821665e-15, 8.59136518675e-16, 9.17457278192e-16, 8.97037960812e-16, 6.43642284229e-16],
        "max": [0.0399833768606, 0.0676265135407, 0.0537443757057, 0.0147991692647, 0.0144488252699, 0.0177612714469, 0.0107333604246, 0.00697549618781, 0.013034296222, 0.00920153036714, 0.00729305157438, 0.00337659940124, 0.00141614221502, 0.00210087304004, 0.0016232682392, 0.000794759194832, 0.00179356802255, 0.00074817345012, 0.00167393940501, 0.00175897951704, 0.00417939014733, 0.00087930256268, 0.00145028287079, 0.00207790266722, 0.00126974692103, 0.00250773178414, 0.00113302702084, 0.000400164019084, 0.000695345166605, 0.000579677696805, 0.000127595165395, 5.01466456626e-05, 1.253600567e-05, 2.57691249317e-06, 8.3210630919e-07, 1.11913163892e-06, 4.60450820583e-07, 4.39189705048e-07, 3.9141588104e-07, 2.95980044029e-07],
        "mean": [0.00201089214534, 0.00317049585283, 0.0014527203748, 0.000681211939082, 0.000812989776023, 0.000575832906179, 0.000286446302198, 0.000228332704864, 0.000142528690048, 0.000164287150255, 0.000118206764455, 4.82069990539e-05, 3.05970861518e-05, 3.38889185514e-05, 2.37333624682e-05, 2.15969539568e-05, 2.04023162951e-05, 1.58179118444e-05, 2.11652040889e-05, 2.40357076109e-05, 2.29817342188e-05, 1.70389157574e-05, 1.30753969643e-05, 1.02595877252e-05, 9.51921174419e-06, 9.87739167613e-06, 5.5878740568e-06, 3.34933884005e-06, 4.0782506403e-06, 2.95466338684e-06, 8.00159227765e-07, 2.81343233155e-07, 1.14131545104e-07, 2.48686706783e-08, 1.12121778528e-08, 7.43757677668e-09, 6.22581497467e-09, 5.20702769791e-09, 4.8356980642e-09, 4.59685356446e-09],
        "median": [0.000473650958156, 0.000843024696223, 0.000611857627518, 0.000344166939612, 0.00039985604235, 0.000170067622093, 9.93302528514e-05, 6.28360940027e-05, 2.82496966975e-05, 2.34723484027e-05, 1.47640221257e-05, 6.4572386691e-06, 4.86154840473e-06, 2.98732607007e-06, 2.46234867518e-06, 2.87418970402e-06, 2.61322225015e-06, 2.26862084673e-06, 2.1460143671e-06, 2.67866744252e-06, 2.61593345385e-06, 1.62554965755e-06, 1.16542980777e-06, 9.1656221457e-07, 6.49966750643e-07, 5.68719769944e-07, 4.03982539865e-07, 1.13162641924e-07, 4.2341625317e-08, 1.88191968675e-08, 1.32252484519e-08, 6.99668412096e-09, 2.82448087141e-09, 1.00433061867e-09, 5.8717214424e-10, 2.83788853528e-10, 1.40661024495e-10, 9.67029512022e-11, 7.12849709816e-11, 5.6448443142e-11],
        "min": [1.52194845697e-24, 1.47511536275e-24, 1.98418949161e-24, 2.23486680753e-24, 1.80951182415e-24, 1.9506767082e-24, 3.23397354071e-24, 3.15636619371e-24, 3.79645187651e-24, 1.92807880149e-24, 2.39180851526e-24, 3.45413160315e-24, 3.96286445105e-24, 2.76399092098e-24, 3.66925515529e-24, 3.69533253024e-24, 3.62335094479e-24, 4.49902599263e-24, 3.51480565638e-24, 3.60861226207e-24, 4.23933219377e-24, 3.39289193665e-24, 4.15390407976e-24, 3.59011860144e-24, 4.97464798176e-24, 4.14707451647e-24, 5.42680293668e-24, 5.97565685579e-24, 5.34277228976e-24, 5.42885121402e-24, 6.47880535734e-24, 4.2156636056e-24, 6.92880987744e-24, 5.61060476658e-24, 6.32253516746e-24, 7.42931451167e-24, 5.52609685882e-24, 6.02911559275e-24, 4.63502561269e-24, 7.49904902683e-24],
        "var": [1.46313841469e-05, 3.71156311303e-05, 1.03887095975e-05, 1.12918348805e-06, 1.38905943459e-06, 2.15605041376e-06, 4.29965496096e-07, 2.31514277971e-07, 3.36453723548e-07, 2.8453126788e-07, 1.65660949847e-07, 3.47899948849e-08, 7.13125158924e-09, 8.97944474332e-09, 4.83853757061e-09, 3.31808203136e-09, 4.10398737216e-09, 1.37383882048e-09, 5.62639312918e-09, 7.28036742004e-09, 8.28423729615e-09, 2.1092729785e-09, 2.37015429505e-09, 2.8706141908e-09, 1.48771783781e-09, 3.71417607781e-09, 8.39545599707e-10, 2.20512538784e-10, 7.02351232729e-10, 3.80254439047e-10, 2.09657811945e-11, 2.16388517348e-12, 1.9574282245e-13, 6.76695765056e-15, 1.7689078199e-15, 1.09149216155e-15, 3.35928131744e-16, 3.63694930546e-16, 4.22955658407e-16, 3.84936769858e-16]
    },
    "mfcc": {
        "mean": [-776.911865234, 210.146209717, -3.84688401222, 42.6752929688, 11.5451459885, -6.55724906921, -1.72502183914, -4.7382311821, 0.0107762217522, -0.368689835072, -2.34068632126, -4.58868503571, -1.29472756386],
        "cov": [[10822.7236328, -623.705993652, -4842.48046875, 1085.59143066, -502.181610107, -86.8934555054, 54.9362106323, 25.2600727081, -8.43706130981, -242.881195068, 252.635192871, -12.3394794464, 46.9960174561], [-623.705993652, 1546.15319824, 941.728637695, -284.288970947, 259.268341064, -9.45546913147, 157.80847168, 96.4462356567, 25.5589981079, 139.998184204, 48.4513931274, 72.7637710571, 77.4946670532], [-4842.48046875, 941.728637695, 3160.2565918, -536.664978027, 335.927978516, 198.339736938, 121.332588196, 177.42628479, 29.407535553, 210.996826172, 44.9270324707, 102.680473328, 86.6836776733], [1085.59143066, -284.288970947, -536.664978027, 735.725097656, -104.06842041, -30.3551921844, 47.9055480957, -37.6381645203, 102.76259613, -3.78970384598, -26.6956043243, 46.1482391357, -35.8217658997], [-502.181610107, 259.268341064, 335.927978516, -104.06842041, 438.614196777, 67.7219696045, 87.2622680664, 106.847633362, -92.8924102783, 29.7861423492, 100.745986938, 39.9131202698, 46.6888656616], [-86.8934555054, -9.45546913147, 198.339736938, -30.3551921844, 67.7219696045, 249.35597229, 70.3200759888, 63.8307418823, 40.0469818115, 29.8759536743, 69.4203872681, 15.0581550598, 20.5064754486], [54.9362106323, 157.80847168, 121.332588196, 47.9055480957, 87.2622680664, 70.3200759888, 215.447311401, 88.404045105, -20.7405776978, 50.2469291687, 54.9745330811, 46.1529960632, 35.4932098389], [25.2600727081, 96.4462356567, 177.42628479, -37.6381645203, 106.847633362, 63.8307418823, 88.404045105, 220.380325317, 2.65881896019, 10.6401090622, 82.9434280396, 34.1802902222, 46.7558670044], [-8.43706130981, 25.5589981079, 29.407535553, 102.76259613, -92.8924102783, 40.0469818115, -20.7405776978, 2.65881896019, 262.071563721, 71.9694519043, -58.4076766968, -2.06409096718, -21.6991519928], [-242.881195068, 139.998184204, 210.996826172, -3.78970384598, 29.7861423492, 29.8759536743, 50.2469291687, 10.6401090622, 71.9694519043, 173.071182251, 44.4627838135, 3.19068980217, 14.0623645782], [252.635192871, 48.4513931274, 44.9270324707, -26.6956043243, 100.745986938, 69.4203872681, 54.9745330811, 82.9434280396, -58.4076766968, 44.4627838135, 223.904998779, 54.0935287476, 46.5883407593], [-12.3394794464, 72.7637710571, 102.680473328, 46.1482391357, 39.9131202698, 15.0581550598, 46.1529960632, 34.1802902222, -2.06409096718, 3.19068980217, 54.0935287476, 126.84160614, 69.9951782227], [46.9960174561, 77.4946670532, 86.6836776733, -35.8217658997, 46.6888656616, 20.5064754486, 35.4932098389, 46.7558670044, -21.6991519928, 14.0623645782, 46.5883407593, 69.9951782227, 147.974319458]],
