{
"lowlevel": {
    "average_loudness": 0.897946357727,
    "barkbands_crest": {
        "dmean": 2.72201967239,
        "dmean2": 4.27706670761,
        "dvar": 7.78137969971,
        "dvar2": 18.6300506592,
        "max": 26.682964325,
        "mean": 14.2151098251,
        "median": 14.0092773438,
        "min": 2.78499436378,
        "var": 31.372215271
    },
    "barkbands_flatness_db": {
        "dmean": 0.025993520394,
        "dmean2": 0.0388790220022,
        "dvar": 0.000883935950696,
        "dvar2": 0.00198698230088,
        "max": 0.552180290222,
        "mean": 0.204856663942,
        "median": 0.200415462255,
        "min": 0.0263609755784,
        "var": 0.00678466400132
    },
    "barkbands_kurtosis": {
        "dmean": 8.30667495728,
        "dmean2": 12.7829122543,
        "dvar": 774.66619873,
        "dvar2": 1830.50793457,
        "max": 958.182617188,
        "mean": 14.7746238708,
        "median": 3.00355100632,
        "min": -1.94089543819,
        "var": 2289.6784668
    },
    "barkbands_skewness": {
        "dmean": 0.733077228069,
        "dmean2": 1.10958623886,
        "dvar": 1.15543293953,
        "dvar2": 2.59627509117,
        "max": 26.6095848083,
        "mean": 2.24108576775,
        "median": 1.73186457157,
        "min": -2.28752636909,
        "var": 6.01438856125
    },
    "barkbands_spread": {
        "dmean": 4.52706861496,
        "dmean2": 6.94043397903,
        "dvar": 32.9418754578,
        "dvar2": 74.0627365112,
        "max": 108.308937073,
        "mean": 18.5396537781,
        "median": 16.4856758118,
        "min": 0.136739060283,
        "var": 181.621414185
    },
    "dissonance": {
        "dmean": 0.0193288289011,
        "dmean2": 0.0325014255941,
        "dvar": 0.000377400894649,
        "dvar2": 0.00104481726885,
        "max": 0.500000119209,
        "mean": 0.45479157567,
        "median": 0.461259961128,
        "min": 0.216627955437,
        "var": 0.00105389440432
    },
    "dynamic_complexity": 3.01936388016,
    "erbbands_crest": {
        "dmean": 2.51930236816,
        "dmean2": 3.96853685379,
        "dvar": 6.3837223053,
        "dvar2": 14.9724588394,
        "max": 30.843919754,
        "mean": 11.4028530121,
        "median": 10.2222232819,
        "min": 2.77619194984,
        "var": 27.4919185638
    },
    "erbbands_flatness_db": {
        "dmean": 0.0179272908717,
        "dmean2": 0.026380084455,
        "dvar": 0.000391727604438,
        "dvar2": 0.000819579639938,
        "max": 0.45309895277,
        "mean": 0.200163692236,
        "median": 0.203229352832,
        "min": 0.0361268669367,
        "var": 0.00347657944076
    },
    "erbbands_kurtosis": {
        "dmean": 1.05036115646,
        "dmean2": 1.67585718632,
        "dvar": 5.99928092957,
        "dvar2": 14.6930027008,
        "max": 102.412841797,
        "mean": 0.661055028439,
        "median": -0.210068702698,
        "min": -1.84878444672,
        "var": 12.5173883438
    },
    "erbbands_skewness": {
        "dmean": 0.387031972408,
        "dmean2": 0.583482146263,
        "dvar": 0.167396396399,
        "dvar2": 0.380629241467,
        "max": 6.51287937164,
        "mean": 0.38609585166,
        "median": 0.347700983286,
        "min": -4.00019073486,
        "var": 0.972194552422
    },
    "erbbands_spread": {
        "dmean": 6.69368124008,
        "dmean2": 10.326338768,
        "dvar": 65.9172592163,
        "dvar2": 150.401077271,
        "max": 196.443817139,
        "mean": 36.8419647217,
        "median": 35.5493583679,
        "min": 1.15005683899,
        "var": 319.920196533
    },
    "hfc": {
        "dmean": 5.80721569061,
        "dmean2": 8.72184467316,
        "dvar": 96.2990722656,
        "dvar2": 229.269668579,
        "max": 224.927947998,
        "mean": 20.03474617,
        "median": 17.7809619904,
        "min": 1.0959667322e-16,
        "var": 270.188293457
    },
    "melbands_crest": {
        "dmean": 2.79238772392,
        "dmean2": 4.34593915939,
        "dvar": 8.55770397186,
        "dvar2": 19.6214447021,
        "max": 35.6063079834,
        "mean": 17.1770401001,
        "median": 17.2200469971,
        "min": 1.66606223583,
        "var": 33.2351760864
    },
    "melbands_flatness_db": {
        "dmean": 0.029481895268,
        "dmean2": 0.0436973758042,
        "dvar": 0.00118940917309,
        "dvar2": 0.00257527036592,
        "max": 0.730949580669,
        "mean": 0.280396312475,
        "median": 0.270589977503,
        "min": 0.00425737444311,
        "var": 0.0110329519957
    },
    "melbands_kurtosis": {
        "dmean": 12.2380466461,
        "dmean2": 19.1064300537,
        "dvar": 1062.26037598,
        "dvar2": 2211.86254883,
        "max": 1482.74267578,
        "mean": 25.3786830902,
        "median": 10.5760135651,
        "min": -1.80645954609,
        "var": 3459.17456055
    },
    "melbands_skewness": {
        "dmean": 0.842205822468,
        "dmean2": 1.28958415985,
        "dvar": 1.21809649467,
        "dvar2": 2.78562569618,
        "max": 31.3332595825,
        "mean": 3.19003009796,
        "median": 2.7487142086,
        "min": -2.07589459419,
        "var": 5.55411338806
    },
    "melbands_spread": {
        "dmean": 5.48051929474,
        "dmean2": 8.34513282776,
        "dvar": 59.5131340027,
        "dvar2": 129.872024536,
        "max": 173.858016968,
        "mean": 20.1830005646,
        "median": 14.6337585449,
        "min": 0.244594365358,
        "var": 362.962677002
    },
    "pitch_salience": {
        "dmean": 0.0718672275543,
        "dmean2": 0.113059356809,
        "dvar": 0.00604441808537,
        "dvar2": 0.0143615761772,
        "max": 0.969983041286,
        "mean": 0.420292615891,
        "median": 0.412101298571,
        "min": 0.0408516600728,
        "var": 0.021068951115
    },
    "silence_rate_20dB": {
        "dmean": 0,
        "dmean2": 0,
        "dvar": 0,
        "dvar2": 0,
        "max": 1,
        "mean": 1,
        "median": 1,
        "min": 1,
        "var": 0
    },
    "silence_rate_30dB": {
        "dmean": 0.0504270680249,
        "dmean2": 0.100862421095,
        "dvar": 0.0478878952563,
        "dvar2": 0.112198576331,
        "max": 1,
        "mean": 0.944485485554,
        "median": 1,
        "min": 0,
        "var": 0.0524236187339
    },
    "silence_rate_60dB": {
        "dmean": 0.0121550587937,
        "dmean2": 0.024312114343,
        "dvar": 0.0120066003874,
        "dvar2": 0.0293058082461,
        "max": 1,
        "mean": 0.0601954497397,
        "median": 0,
        "min": 0,
        "var": 0.0565744414926
    },
    "spectral_centroid": {
        "dmean": 204.38041687,
        "dmean2": 308.571868896,
        "dvar": 70915.8515625,
        "dvar2": 151283.71875,
        "max": 11808.2294922,
        "mean": 1352.4432373,
        "median": 1288.81604004,
        "min": 104.743896484,
        "var": 841608.9375
    },
    "spectral_complexity": {
        "dmean": 2.6767411232,
        "dmean2": 4.09133481979,
        "dvar": 10.9965877533,
        "dvar2": 22.9534759521,
        "max": 49,
        "mean": 15.0735816956,
        "median": 13,
        "min": 0,
        "var": 85.246925354
    },
    "spectral_decrease": {
        "dmean": 4.06354638827e-09,
        "dmean2": 6.52259446454e-09,
        "dvar": 6.36722408862e-17,
        "dvar2": 1.67130333989e-16,
        "max": 1.37059310049e-28,
        "mean": -1.000787897e-08,
        "median": -7.30316740416e-09,
        "min": -1.07169071839e-07,
        "var": 1.00194270016e-16
    },
    "spectral_energy": {
        "dmean": 0.015730721876,
        "dmean2": 0.0251935645938,
        "dvar": 0.000932347204071,
        "dvar2": 0.00244661490433,
        "max": 0.408398777246,
        "mean": 0.039589304477,
        "median": 0.0296751484275,
        "min": 1.0280833963e-20,
        "var": 0.00147374626249
    },
    "spectral_energyband_high": {
        "dmean": 0.00026004074607,
        "dmean2": 0.00038814599975,
        "dvar": 2.68827733407e-07,
        "dvar2": 5.64299170946e-07,
        "max": 0.00941624119878,
        "mean": 0.000610222865362,
        "median": 0.000335072574671,
        "min": 7.3100495281e-21,
        "var": 6.98368012308e-07
    },
    "spectral_energyband_low": {
        "dmean": 0.0112473480403,
        "dmean2": 0.0181622635573,
        "dvar": 0.000798133842181,
        "dvar2": 0.00208728597499,
        "max": 0.397741734982,
        "mean": 0.0215999688953,
        "median": 0.00771268922836,
        "min": 1.56451312345e-23,
        "var": 0.0012509052176
    },
    "spectral_energyband_middle_high": {
        "dmean": 0.00160583178513,
        "dmean2": 0.00238003069535,
        "dvar": 9.58412874752e-06,
        "dvar2": 2.25728890655e-05,
        "max": 0.0812552198768,
        "mean": 0.00538801914081,
        "median": 0.00341943954118,
        "min": 1.1754906973e-21,
        "var": 3.93868685933e-05
    },
    "spectral_energyband_middle_low": {
        "dmean": 0.00575200282037,
        "dmean2": 0.00929257646203,
        "dvar": 0.000176066241693,
        "dvar2": 0.000461598741822,
        "max": 0.240365594625,
        "mean": 0.0125746317208,
        "median": 0.00781247206032,
        "min": 1.89205776384e-22,
        "var": 0.000245152245043
    },
    "spectral_entropy": {
        "dmean": 0.211445346475,
        "dmean2": 0.310528278351,
        "dvar": 0.0557133369148,
        "dvar2": 0.116381764412,
        "max": 9.82476902008,
        "mean": 6.89937019348,
        "median": 6.90747976303,
        "min": 4.55583286285,
        "var": 0.416386067867
    },
    "spectral_flux": {
        "dmean": 0.0340695083141,
        "dmean2": 0.0536747612059,
        "dvar": 0.00230621825904,
        "dvar2": 0.00506652891636,
        "max": 0.55995118618,
        "mean": 0.0774562135339,
        "median": 0.0577948652208,
        "min": 6.49968343036e-11,
        "var": 0.00438769953325
    },
    "spectral_kurtosis": {
        "dmean": 3.29217338562,
        "dmean2": 5.72038936615,
        "dvar": 21.5097255707,
        "dvar2": 60.4276657104,
        "max": 154.028121948,
        "mean": 7.61115932465,
        "median": 5.35569381714,
        "min": -1.24013888836,
        "var": 72.4623184204
    },
    "spectral_rms": {
        "dmean": 0.00103209598456,
        "dmean2": 0.0015838353429,
        "dvar": 2.38210282077e-06,
        "dvar2": 5.89230148762e-06,
        "max": 0.0199609082192,
        "mean": 0.0056256162934,
        "median": 0.00538064725697,
        "min": 3.16703043998e-12,
        "var": 6.97607947586e-06
    },
    "spectral_rolloff": {
        "dmean": 342.625762939,
        "dmean2": 579.733764648,
        "dvar": 471827.59375,
        "dvar2": 1008590.5625,
        "max": 19466.015625,
        "mean": 1233.5958252,
        "median": 624.462890625,
        "min": 64.599609375,
        "var": 2574998.25
    },
    "spectral_skewness": {
        "dmean": 0.349367678165,
        "dmean2": 0.583464741707,
        "dvar": 0.138890206814,
        "dvar2": 0.372681766748,
        "max": 9.62384605408,
        "mean": 1.66208195686,
        "median": 1.46916389465,
        "min": -0.0722910836339,
        "var": 0.876498579979
    },
    "spectral_spread": {
        "dmean": 437699.875,
        "dmean2": 651952.75,
        "dvar": 537650921472,
        "dvar2": 1.0042450903e+12,
        "max": 42505372,
        "mean": 3628540,
        "median": 3096982.75,
        "min": 707833.75,
        "var": 6.26672952934e+12
    },
    "spectral_strongpeak": {
        "dmean": 0.490996479988,
        "dmean2": 0.830852091312,
        "dvar": 1.14674305916,
        "dvar2": 2.90440249443,
        "max": 25.1984195709,
        "mean": 1.20847797394,
        "median": 0.674976170063,
        "min": 0,
        "var": 2.25288558006
    },
    "zerocrossingrate": {
        "dmean": 0.00770955812186,
        "dmean2": 0.0091022439301,
        "dvar": 0.000121417011542,
        "dvar2": 0.000167328471434,
        "max": 0.521484375,
        "mean": 0.0469120107591,
        "median": 0.0380859375,
        "min": 0.00244140625,
        "var": 0.00181419716682
    },
    "barkbands": {
        "dmean": [0.000223023147555, 0.00962600857019, 0.00244234502316, 0.000815190142021, 0.00169031508267, 0.00243614660576, 0.00107735407073, 0.000425145204645, 0.000539612781722, 0.000518949818797, 0.000289814401185, 0.000253461970715, 0.000183029420441, 0.000185191398486, 0.000178016882273, 0.00034342406434, 0.00033389867167, 0.000247415737249, 0.000130608255859, 0.000138517963933, 0.000123955236631, 3.99637392547e-05, 1.97886129172e-05, 1.71818828676e-05, 2.03934414458e-05, 2.65143135039e-05, 1.73781281774e-05],
        "dmean2": [0.000296717305901, 0.0153436101973, 0.0043353093788, 0.00146193208639, 0.00281660980545, 0.0039865556173, 0.00160518556368, 0.000684161088429, 0.000860585365444, 0.000789680634625, 0.00043695923523, 0.000380890443921, 0.000291354110232, 0.000290478667011, 0.000278743391391, 0.000511108490173, 0.000507991469931, 0.00037252571201, 0.000197547211428, 0.000202822106075, 0.000185282624443, 6.29043133813e-05, 3.09941497108e-05, 2.71316876024e-05, 2.94613710139e-05, 4.04707971029e-05, 2.6975705623e-05],
        "dvar": [8.95539756129e-07, 0.000554539146833, 9.30301830522e-05, 8.61382977746e-06, 2.38593529502e-05, 8.56561891851e-05, 6.69185874358e-06, 1.7284930891e-06, 4.03134208682e-06, 3.14757539854e-06, 6.01861700034e-07, 4.26380722729e-07, 2.45752659112e-07, 1.77527738288e-07, 1.86856155437e-07, 1.22098094835e-06, 9.36350545544e-07, 2.2898223051e-07, 1.39849760217e-07, 7.53208198034e-08, 4.81178190626e-08, 1.36152280561e-08, 5.26161247905e-09, 3.9017984399e-09, 5.24246202005e-09, 1.1312899062e-08, 4.32715818732e-09],
        "dvar2": [1.54110807671e-06, 0.00141538784374, 0.000266945076874, 2.43716604018e-05, 6.30402864772e-05, 0.000224269810133, 1.4471724171e-05, 4.40529811385e-06, 1.05906956378e-05, 7.0847677307e-06, 1.38167922614e-06, 1.07542541627e-06, 6.50010861136e-07, 4.49597479246e-07, 4.63615577928e-07, 2.91533501695e-06, 1.8892864091e-06, 5.18454669418e-07, 2.92966774396e-07, 1.53717763851e-07, 1.00613888776e-07, 3.59336915778e-08, 1.20526273406e-08, 9.23317067247e-09, 9.60679447104e-09, 2.65363588881e-08, 9.76531300267e-09],
        "max": [0.0133293913677, 0.302271187305, 0.164976656437, 0.0641912892461, 0.109301522374, 0.189615368843, 0.0678217038512, 0.0383967272937, 0.0487345010042, 0.0496564134955, 0.0185479465872, 0.0140292020515, 0.0100453272462, 0.0101001793519, 0.0167790874839, 0.0555271953344, 0.0790070295334, 0.011875522323, 0.0178581997752, 0.0113244587556, 0.00580608053133, 0.00268649030477, 0.0017164144665, 0.00132838217542, 0.0011619143188, 0.00365475635044, 0.000969802087639],
        "mean": [0.000292826356599, 0.017429606989, 0.00339695671573, 0.000814242172055, 0.00271913176402, 0.00413644546643, 0.00293513340876, 0.00080070598051, 0.000942885060795, 0.000968041364104, 0.000564437592402, 0.000550136668608, 0.000333875999786, 0.000372091104509, 0.000338691053912, 0.000676711380947, 0.000703397672623, 0.000526308256667, 0.00026208977215, 0.000328979309415, 0.000289550924208, 7.55219880375e-05, 2.95496738545e-05, 2.56877865468e-05, 2.81254579022e-05, 3.04026852973e-05, 1.77972342499e-05],
        "median": [2.98225113511e-05, 0.00407319935039, 0.00132191751618, 0.00019077899924, 0.000394331145799, 0.000487443059683, 0.000349102338078, 0.000120709402836, 0.000129046311486, 0.000126671453472, 9.36549549806e-05, 6.47068154649e-05, 4.03938465752e-05, 8.05181043688e-05, 8.20248897071e-05, 0.000208731828025, 0.000215403284528, 0.00025156151969, 0.000126461818581, 0.000160565250553, 0.000128300656797, 3.5232569644e-05, 3.76765569854e-06, 3.24652683048e-06, 8.92835259947e-07, 3.24415850628e-07, 2.25946990895e-07],
        "min": [2.66461337958e-25, 2.7341155752e-24, 2.07947560592e-24, 2.93211552089e-24, 6.00482656548e-24, 9.438397298e-24, 8.29195363305e-24, 7.46647380461e-24, 1.72520109217e-23, 1.13103839476e-23, 2.36491648366e-23, 3.25148838273e-23, 1.94077358505e-23, 2.80570213855e-23, 4.30171184317e-23, 4.69389057121e-23, 7.95052895347e-23, 8.79286389956e-23, 1.3662356486e-22, 1.57849274843e-22, 2.49483509055e-22, 2.73054950582e-22, 3.58709316209e-22, 6.35138092354e-22, 8.52617527105e-22, 1.46049743334e-21, 2.05747606441e-21],
        "var": [1.36249138905e-06, 0.000928655674215, 6.58419521642e-05, 7.40584846426e-06, 5.59902582609e-05, 0.000108443076897, 3.53076648025e-05, 4.44720262749e-06, 7.53272479415e-06, 8.40050870465e-06, 1.64625521393e-06, 1.58859177191e-06, 6.20566254383e-07, 5.18000490501e-07, 4.84417455482e-07, 2.63745414486e-06, 4.48381888418e-06, 7.00649366081e-07, 2.74221378049e-07, 2.835805617e-07, 1.83729284231e-07, 1.7751048631e-08, 7.25845517024e-09, 5.29290744566e-09, 8.69367511314e-09, 1.23509469319e-08, 4.57770266138e-09]
    },
    "erbbands": {
        "dmean": [0.255338340998, 2.27498722076, 3.2561955452, 2.6163828373, 3.52732586861, 6.05452919006, 16.9626731873, 17.1282558441, 13.5487422943, 14.5073099136, 9.03329563141, 10.3937540054, 18.1952781677, 13.6025276184, 8.42256450653, 8.95973205566, 7.76132822037, 7.79316234589, 8.53135490417, 10.3305559158, 24.4359455109, 15.6669483185, 12.3489303589, 9.55325889587, 6.38530921936, 5.95148181915, 4.9087600708, 4.62635612488, 1.69239401817, 0.856386184692, 0.552107512951, 0.383326292038, 0.283264756203, 0.204931557178, 0.15761166811, 0.0976354852319, 0.0551772192121, 0.0162781011313, 0.00324794161133, 0.000155986956088],
        "dmean2": [0.394844144583, 3.64240241051, 5.56961679459, 4.69163656235, 6.07017660141, 10.1104621887, 27.6673355103, 27.7306270599, 20.1306037903, 22.2182312012, 14.2945804596, 16.6697750092, 28.7900238037, 20.6469860077, 12.8318367004, 13.4985589981, 12.0672073364, 12.3961706161, 13.5595264435, 15.7175626755, 36.3241157532, 24.208650589, 18.8554897308, 14.3737630844, 9.44541835785, 8.74905490875, 7.31454896927, 7.00897884369, 2.64911103249, 1.35373318195, 0.850843250751, 0.609315514565, 0.44159463048, 0.30884668231, 0.225433453918, 0.141284316778, 0.0864448696375, 0.0252043809742, 0.00507160555571, 0.000242094931309],
        "dvar": [0.446238696575, 33.3814735413, 131.715698242, 109.719306946, 116.960464478, 382.028381348, 4021.36035156, 3986.97338867, 1445.64099121, 1344.94189453, 755.23638916, 1608.11401367, 4472.06787109, 1489.7076416, 471.618927002, 544.308166504, 450.948516846, 344.790863037, 392.480133057, 539.780456543, 5473.40625, 1273.61169434, 586.041564941, 658.515625, 298.211120605, 147.962738037, 92.1095046997, 84.5836029053, 19.1871604919, 8.30979633331, 3.98289418221, 1.94733583927, 1.05539035797, 0.592984974384, 0.289002358913, 0.136052340269, 0.0498107373714, 0.0038338333834, 0.000152544700541, 3.33791518869e-07],
        "dvar2": [1.08191692829, 84.7660446167, 364.808135986, 317.307342529, 304.461334229, 959.955627441, 10668.7470703, 10140.4140625, 3152.93164062, 2964.96044922, 1911.11853027, 4237.29199219, 11398.1835938, 3543.43579102, 1145.03149414, 1295.12341309, 1129.47106934, 890.369628906, 985.383483887, 1274.48010254, 13086.8144531, 2768.21972656, 1368.54699707, 1590.17456055, 587.011291504, 281.132904053, 189.067459106, 186.804244995, 50.2002983093, 21.1861438751, 8.95737457275, 4.61344146729, 2.37470507622, 1.15767168999, 0.514251887798, 0.287004292011, 0.121175423265, 0.00911887828261, 0.00034650505404, 7.64658977914e-07],
        "max": [11.0915431976, 81.8814239502, 189.311019897, 146.197250366, 261.653533936, 630.214538574, 1111.34545898, 1318.9050293, 1202.74377441, 828.60546875, 898.595275879, 1136.10839844, 1511.78100586, 907.875427246, 532.753723145, 396.832397461, 491.3956604, 617.913696289, 516.344726562, 1123.5447998, 3420.62231445, 2489.51391602, 694.520385742, 1318.01257324, 887.557006836, 602.796936035, 385.122070312, 260.787750244, 99.4855499268, 65.4417419434, 43.3121833801, 31.9384536743, 20.4511833191, 11.7418327332, 9.81391525269, 14.9185771942, 6.46596860886, 1.42723405361, 0.179441720247, 0.00690443115309],
        "mean": [0.447676688433, 4.02447509766, 5.10466575623, 3.2917304039, 4.04419231415, 10.1598424911, 28.2953033447, 30.9176521301, 35.8722610474, 36.06640625, 18.7827510834, 16.7150363922, 33.6031494141, 26.8029193878, 18.9682102203, 18.7798080444, 16.4375019073, 16.9449367523, 16.7467269897, 22.9359760284, 50.8173179626, 34.151714325, 27.3788089752, 21.0905189514, 15.1491889954, 13.8532400131, 11.2333545685, 9.86046886444, 3.42946434021, 1.47181868553, 0.832572638988, 0.588881850243, 0.397969394922, 0.277073293924, 0.222745329142, 0.122161708772, 0.0593264773488, 0.0172903034836, 0.00330365495756, 0.000188795442227],
        "median": [0.102462954819, 0.969130277634, 2.23768830299, 1.22933149338, 0.720878660679, 1.51618850231, 3.08587288857, 4.40157938004, 5.6623468399, 6.01757717133, 4.81026649475, 3.70525097847, 4.48431491852, 7.2731552124, 4.46127700806, 3.00165343285, 2.50025987625, 3.62875151634, 5.14277791977, 8.23131275177, 18.9636878967, 16.4342193604, 14.2615423203, 11.3596582413, 8.83822822571, 7.34983110428, 5.18675661087, 4.18513727188, 1.67632055283, 0.60546875, 0.124734818935, 0.0988223478198, 0.0302362330258, 0.013975805603, 0.00420050462708, 0.00194105133414, 0.000439925090177, 0.000100435361674, 6.54438190395e-05, 4.92736580782e-05],
        "min": [3.73389859883e-23, 7.88343967825e-22, 1.88372915973e-21, 7.38399010446e-21, 9.06011651944e-21, 2.34122647949e-20, 5.3977519007e-20, 9.27292020268e-20, 1.29530641963e-19, 2.75269939727e-19, 3.90972732637e-19, 4.01684178732e-19, 5.10935815894e-19, 8.43942497088e-19, 1.00501069237e-18, 1.52240358353e-18, 1.59277690472e-18, 2.52111333098e-18, 2.5934138796e-18, 2.04546814195e-18, 2.67056129302e-18, 5.02981688483e-18, 5.32613448694e-18, 6.82445139821e-18, 8.83957049028e-18, 7.0938306229e-18, 9.77926751847e-18, 1.3077943033e-17, 1.14091963098e-17, 1.36511692713e-17, 1.11994208249e-17, 1.04570452503e-17, 1.15306694371e-17, 8.67936132206e-18, 5.45601259646e-18, 4.50725504542e-18, 2.38285298673e-18, 9.84829346584e-19, 2.69927283548e-19, 2.84208466351e-20],
        "var": [0.739727675915, 51.7395896912, 109.156295776, 76.5586624146, 166.756652832, 1288.6307373, 4537.48925781, 6690.28417969, 7243.89257812, 5902.43945312, 1938.41650391, 1909.6496582, 9120.859375, 2985.34179688, 1611.77990723, 1656.60522461, 1432.72631836, 1330.55065918, 943.881835938, 1786.10473633, 13358.1777344, 5470.68847656, 1892.72790527, 1667.19311523, 682.464660645, 598.991516113, 336.611907959, 248.622161865, 30.7657566071, 9.5751543045, 5.81222343445, 2.60948610306, 1.45692396164, 0.868974924088, 0.523166656494, 0.183005541563, 0.0498162955046, 0.00397387845442, 0.000158646740601, 3.38915839393e-07]
    },
    "gfcc": {
        "mean": [-42.5482139587, 116.39957428, -123.45463562, 42.4668159485, -35.938533783, -8.48407173157, -14.9554281235, 6.59818696976, -6.8577413559, 3.55412578583, -9.54642677307, 3.74743390083, 0.144342809916],
        "cov": [[11909.5332031, -1715.80895996, -1011.01776123, 328.323699951, -411.133666992, 434.960906982, -321.473602295, 319.393737793, -378.068786621, 124.011665344, -162.17640686, 223.689575195, -48.9244995117], [-1715.80895996, 2340.26196289, -38.7889785767, 102.315895081, 335.532104492, -352.409210205, 235.456253052, -274.295135498, 188.514755249, -170.298202515, 171.010437012, -60.3130378723, 249.956451416], [-1011.01776123, -38.7889785767, 1831.47338867, -266.618469238, 331.724243164, 341.818206787, -56.3207244873, 35.9297065735, -140.116943359, 19.2952289581, -50.3637962341, 56.6744270325, -67.1649780273], [328.323699951, 102.315895081, -266.618469238, 757.366882324, 7.95300769806, -110.566207886, 196.419311523, 41.8129577637, 157.341339111, 32.45936203, 37.164352417, 7.37653160095, 88.5125961304], [-411.133666992, 335.532104492, 331.724243164, 7.95300769806, 390.703063965, 161.572174072, 97.363319397, 9.90752124786, 13.4145565033, -16.8621463776, 44.0042572021, 4.65778398514, 15.0543375015], [434.960906982, -352.409210205, 341.818206787, -110.566207886, 161.572174072, 511.070800781, 53.3502426147, 143.150695801, -72.2204589844, 14.1070804596, -8.52118206024, -11.3199148178, -86.2060394287], [-321.473602295, 235.456253052, -56.3207244873, 196.419311523, 97.363319397, 53.3502426147, 254.591384888, 90.9760894775, 111.570365906, -9.93733406067, 11.7707500458, -32.8522834778, 29.769071579], [319.393737793, -274.295135498, 35.9297065735, 41.8129577637, 9.90752124786, 143.150695801, 90.9760894775, 223.82208252, 68.1625518799, 46.4632148743, -46.1441879272, -23.4937744141, -62.4557723999], [-378.068786621, 188.514755249, -140.116943359, 157.341339111, 13.4145565033, -72.2204589844, 111.570365906, 68.1625518799, 209.083511353, 68.7536773682, 29.0927562714, -47.0809783936, -10.4753808975], [124.011665344, -170.298202515, 19.2952289581, 32.45936203, -16.8621463776, 14.1070804596, -9.93733406067, 46.4632148743, 68.7536773682, 150.785720825, 47.1132316589, 7.20725059509, -55.8325080872], [-162.17640686, 171.010437012, -50.3637962341, 37.164352417, 44.0042572021, -8.52118206024, 11.7707500458, -46.1441879272, 29.0927562714, 47.1132316589, 145.041015625, 46.5594558716, 23.7348594666], [223.689575195, -60.3130378723, 56.6744270325, 7.37653160095, 4.65778398514, -11.3199148178, -32.8522834778, -23.4937744141, -47.0809783936, 7.20725059509, 46.5594558716, 128.255096436, 72.9753036499], [-48.9244995117, 249.956451416, -67.1649780273, 88.5125961304, 15.0543375015, -86.2060394287, 29.769071579, -62.4557723999, -10.4753808975, -55.8325080872, 23.7348594666, 72.9753036499, 177.769622803]],
        "icov": [[0.000142972465255, -8.52783559822e-05, 0.000151060172357, -0.000185722179594, 5.36981242476e-05, -0.000206039228942, 0.000308360002236, -0.000312477641273, 0.00042787368875, -0.000306933477987, 0.000313633994665, -0.000317773607094, 6.03052358201e-05], [-8.52783559822e-05, 0.0013760299189, -0.00028377896524, 0.000538360152859, -0.000860311789438, 0.000926124921534, -0.00100992515218, 0.00116940354928, -0.00139892264269, 0.00155443861149, -0.0017531249905, 0.00173664349131, -0.00130466523115], [0.000151060172357, -0.00028377896524, 0.00100624538027, -0.000117723953736, -0.000548092531972, -0.000613013922703, 0.000522022892255, -0.000243957823841, 0.000804747280199, -0.00098768400494, 0.00135847146157, -0.00121159304399, 0.000508606492076], [-0.000185722179594, 0.000538360152859, -0.000117723953736, 0.0023425614927, -0.000258235464571, 0.000757791451178, -0.00204418553039, 0.000875772617292, -0.0014921289403, 0.00021385672153, -0.000673152098898, 0.000535083876457, -0.00113013095688], [5.36981242476e-05, -0.000860311789438, -0.000548092531972, -0.000258235464571, 0.00475464342162, -0.0017676949501, -0.000731138163246, 0.000231206126045, -6.38315250399e-05, 2.7530008083e-05, -0.000240097491769, -0.000945545965806, 0.000514835875947], [-0.000206039228942, 0.000926124921534, -0.000613013922703, 0.000757791451178, -0.0017676949501, 0.00490049971268, -0.00180093967356, -0.0020487040747, 0.0018950200174, 0.000858672952745, -0.00282789045013, 0.00240694335662, -8.90493829502e-05], [0.000308360002236, -0.00100992515218, 0.000522022892255, -0.00204418553039, -0.000731138163246, -0.00180093967356, 0.0101138819009, -0.00437950855121, -0.00154409126844, 0.00127113389317, 5.65414811717e-05, 0.000591738324147, -0.00126601324882], [-0.000312477641273, 0.00116940354928, -0.000243957823841, 0.000875772617292, 0.000231206126045, -0.0020487040747, -0.00437950855121, 0.0120497774333, -0.00565379485488, -0.000127332241391, 0.00359641155228, -0.0023541979026, 0.0018083723262], [0.00042787368875, -0.00139892264269, 0.000804747280199, -0.0014921289403, -6.38315250399e-05, 0.0018950200174, -0.00154409126844, -0.00565379485488, 0.0149854300544, -0.00726685021073, -0.000408052903367, 0.00334324548021, -0.000388898071833], [-0.000306933477987, 0.00155443861149, -0.00098768400494, 0.00021385672153, 2.7530008083e-05, 0.000858672952745, 0.00127113389317, -0.000127332241391, -0.00726685021073, 0.015196563676, -0.00637420359999, -0.000809927238151, 0.00293483585119], [0.000313633994665, -0.0017531249905, 0.00135847146157, -0.000673152098898, -0.000240097491769, -0.00282789045013, 5.65414811717e-05, 0.00359641155228, -0.000408052903367, -0.00637420359999, 0.0154173607007, -0.00840822886676, 0.00266998424195], [-0.000317773607094, 0.00173664349131, -0.00121159304399, 0.000535083876457, -0.000945545965806, 0.00240694335662, 0.000591738324147, -0.0023541979026, 0.00334324548021, -0.000809927238151, -0.00840822886676, 0.0196066759527, -0.00991578307003], [6.03052358201e-05, -0.00130466523115, 0.000508606492076, -0.00113013095688, 0.000514835875947, -8.90493829502e-05, -0.00126601324882, 0.0018083723262, -0.000388898071833, 0.00293483585119, 0.00266998424195, -0.00991578307003, 0.0136045543477]]
    },
    "melbands": {
        "dmean": [0.00253608846106, 0.00212442362681, 0.00047871217248, 0.000315180950565, 0.000523928902112, 0.000408271385822, 0.000205803691642, 0.000144640769577, 7.22258846508e-05, 7.23493867554e-05, 9.32395778364e-05, 5.74835830776e-05, 3.32402560161e-05, 2.4885921448e-05, 2.42757923843e-05, 1.86699107871e-05, 1.52778666234e-05, 1.53790515469e-05, 1.4795046809e-05, 1.59172705025e-05, 3.37109268003e-05, 2.01242128242e-05, 1.11629115054e-05, 1.16410619739e-05, 8.07698506833e-06, 5.48444495507e-06, 5.89232968196e-06, 4.06106437367e-06, 2.78205288851e-06, 3.74604587705e-06, 2.41149655267e-06, 9.70721089288e-07, 8.66716106884e-07, 3.9712821831e-07, 3.4400679283e-07, 2.77660433312e-07, 2.36140166976e-07, 2.07911583061e-07, 1.87521678185e-07, 1.71925464088e-07],
        "dmean2": [0.00400163186714, 0.00347108533606, 0.000848758383654, 0.000533549580723, 0.000849986448884, 0.000662050500978, 0.000304701476125, 0.000221729846089, 0.000114963921078, 0.000115842231025, 0.000146908525494, 8.65140755195e-05, 5.06146134285e-05, 3.72106915165e-05, 3.58959332516e-05, 2.96101461572e-05, 2.43114391196e-05, 2.44513521466e-05, 2.32762376982e-05, 2.34477247432e-05, 5.03273768118e-05, 3.10140094371e-05, 1.71393458004e-05, 1.75221030077e-05, 1.2240320757e-05, 8.15400198917e-06, 8.69721952768e-06, 5.98590486334e-06, 4.1578850869e-06, 5.62473178434e-06, 3.68452970179e-06, 1.52942232035e-06, 1.37775111853e-06, 6.3321192556e-07, 5.33439674655e-07, 4.28908862204e-07, 3.82951668598e-07, 3.28582615339e-07, 2.89903312023e-07, 2.56982048086e-07],
        "dvar": [3.80584569939e-05, 3.86983520002e-05, 3.00980423162e-06, 8.19748038339e-07, 3.49184892912e-06, 2.22779021897e-06, 2.70500351007e-07, 1.28149153511e-07, 4.64567655456e-08, 8.19052559109e-08, 1.14548967645e-07, 2.75030167529e-08, 7.30784055492e-09, 4.9230619581e-09, 5.22970911021e-09, 2.64632982194e-09, 1.25796029149e-09, 1.51095247425e-09, 1.29280530725e-09, 1.4327294906e-09, 1.20199192821e-08, 2.83130430212e-09, 5.68942615242e-10, 5.16940823481e-10, 5.24967513904e-10, 4.69533245617e-10, 1.78231512882e-10, 7.47328865458e-11, 2.8572616495e-11, 5.00149019422e-11, 2.36039139623e-11, 6.05383104757e-12, 7.53264551429e-12, 1.91466308953e-12, 1.58563613628e-12, 9.41923947693e-13, 8.04041241139e-13, 6.12827659712e-13, 5.04159919108e-13, 4.15190559884e-13],
        "dvar2": [9.54808638198e-05, 0.000101996287412, 8.64184039528e-06, 2.12844906855e-06, 9.21901391848e-06, 5.73535362491e-06, 5.90226591157e-07, 2.88547994387e-07, 1.19571382129e-07, 2.15561016148e-07, 2.88533101411e-07, 6.26929903547e-08, 1.72047638358e-08, 1.2777499947e-08, 1.21415588694e-08, 6.88827483941e-09, 3.23285398451e-09, 3.80430531521e-09, 3.1879152651e-09, 2.90028512318e-09, 2.94273743151e-08, 5.87504489502e-09, 1.242456249e-09, 1.18964160745e-09, 1.27991206522e-09, 9.10531539056e-10, 3.97172378319e-10, 1.39633624108e-10, 5.89644999494e-11, 1.04294503589e-10, 5.29538912719e-11, 1.56884661512e-11, 2.05128778547e-11, 4.68565550943e-12, 3.58890261259e-12, 2.17294368263e-12, 2.03572705568e-12, 1.53604602995e-12, 1.00180801155e-12, 8.35107590719e-13],
        "max": [0.0892184525728, 0.094109326601, 0.0233667381108, 0.0227291900665, 0.0308782923967, 0.0302882902324, 0.0158278141171, 0.00762017443776, 0.0059463637881, 0.007896900177, 0.00742565235123, 0.00399531796575, 0.0023560191039, 0.00184436608106, 0.00142881763168, 0.00133223040029, 0.00108461815398, 0.000921195198316, 0.00117370649241, 0.00148972810712, 0.00555420853198, 0.00411183061078, 0.00075560703408, 0.00059451215202, 0.00120594212785, 0.00125236087479, 0.000743975921068, 0.000390439177863, 0.000218934568693, 0.000171680760104, 0.000119076066767, 4.50828920293e-05, 7.23616976757e-05, 2.51836827374e-05, 2.54209699051e-05, 2.4595121431e-05, 2.12662489503e-05, 1.69675622601e-05, 9.85547194432e-06, 1.02202266135e-05],
        "mean": [0.00458339974284, 0.00375909986906, 0.000593277567532, 0.000461079413071, 0.000900682411157, 0.000739605980925, 0.000556518032681, 0.000344704109011, 0.000142399061588, 0.000114465830848, 0.000173775086296, 0.000115039816592, 7.04485282768e-05, 5.53123827558e-05, 4.64067452413e-05, 3.43198262271e-05, 3.13737218676e-05, 2.7885163945e-05, 2.68511776085e-05, 3.50176051143e-05, 6.66421619826e-05, 4.10221691709e-05, 2.15648597077e-05, 2.45095670834e-05, 1.61952084454e-05, 1.07765145003e-05, 1.2554964087e-05, 8.12763482827e-06, 5.90002355239e-06, 8.14644772618e-06, 4.50180550615e-06, 1.74311480805e-06, 1.49908271396e-06, 5.69494602587e-07, 4.8873829428e-07, 4.06199688996e-07, 3.45235974919e-07, 2.82938970031e-07, 2.4726131187e-07, 2.25273126375e-07],
        "median": [0.00103781023063, 0.00153017695993, 0.000213382925722, 6.17012919975e-05, 0.000105629122118, 9.66479856288e-05, 7.79471738497e-05, 4.73591717309e-05, 2.61143050011e-05, 1.64760622283e-05, 2.00162976398e-05, 2.69723295787e-05, 1.48726649059e-05, 5.57794828637e-06, 5.69226085645e-06, 3.47321247318e-06, 6.06440471529e-06, 5.88066086493e-06, 6.44511919745e-06, 1.00046872831e-05, 1.97393455892e-05, 1.40555657708e-05, 8.75855221238e-06, 1.11801628009e-05, 6.93780157235e-06, 4.92074650538e-06, 5.2111995501e-06, 3.35943354912e-06, 2.61705145022e-06, 2.88347791866e-06, 1.56644193794e-06, 7.18914520803e-07, 6.02395402893e-07, 1.20562233974e-07, 5.11407272086e-08, 5.68444633586e-08, 5.55373205202e-08, 2.05531787145e-08, 1.11993916363e-08, 1.10771125605e-08],
        "min": [6.91887072307e-25, 1.32231645668e-24, 1.61786082824e-24, 6.81799464178e-25, 1.95449913372e-24, 2.50391649673e-24, 2.13958404588e-24, 3.66694103183e-24, 3.87704230102e-24, 2.13524846635e-24, 2.11263241584e-24, 2.69863418941e-24, 3.29145191841e-24, 3.31872481206e-24, 3.89155970826e-24, 2.12081329786e-24, 3.8949731094e-24, 4.05113561976e-24, 2.54459903969e-24, 3.98366040224e-24, 2.84635529644e-24, 3.96069113926e-24, 4.69359932376e-24, 3.75751646325e-24, 4.722133606e-24, 5.50559199731e-24, 4.05229603416e-24, 3.51618182423e-24, 5.66804212352e-24, 4.9623464848e-24, 6.823522979e-24, 5.77070093185e-24, 6.01138081631e-24, 7.03552066981e-24, 6.195226428e-24, 5.57448834776e-24, 5.72704615822e-24, 6.71916772529e-24, 6.36074443427e-24, 6.05584614453e-24],
        "var": [6.63396858727e-05, 4.4662552682e-05, 2.28252747547e-06, 2.1100986487e-06, 4.35953324995e-06, 3.39951839123e-06, 1.42240480727e-06, 5.24128267898e-07, 1.11552111548e-07, 1.15961256597e-07, 2.48269117264e-07, 6.56584902003e-08, 2.51785134964e-08, 1.80709172071e-08, 1.38713396325e-08, 7.47999440165e-09, 4.46031567236e-09, 3.31483862581e-09, 3.1069680162e-09, 6.53321796662e-09, 3.00139326725e-08, 1.30261721409e-08, 1.55505142097e-09, 1.68883718121e-09, 1.30244126595e-09, 8.41294478526e-10, 5.21093612704e-10, 2.77959794071e-10, 9.71699873342e-11, 1.82303144802e-10, 6.33734592581e-11, 9.85749155913e-12, 8.72029965598e-12, 2.26778882131e-12, 2.20625059021e-12, 1.34241619557e-12, 9.56435451671e-13, 7.6374231375e-13, 7.1078744019e-13, 5.93291149716e-13]
    },
    "mfcc": {
        "mean": [-686.854614258, 141.875350952, -17.0260124207, 52.1117630005, 1.04161930084, 5.42772245407, 0.990043342113, 5.37021207809, 10.8367414474, -0.561970829964, 0.297195911407, 6.75743722916, 3.16871881485],
        "cov": [[8385.18945312, -1489.1151123, -1067.76867676, 90.6088180542, -329.628845215, 27.1928443909, -45.4628715515, 112.776817322, -76.2031173706, -38.8073501587, -116.492835999, 2.39130520821, 21.1234359741], [-1489.1151123, 2030.2845459, 132.211975098, 30.6448364258, 222.986328125, 57.1677894592, 84.7416915894, -25.5454101562, 5.88108253479, -66.1523742676, -75.0527496338, -88.3946990967, -42.0327835083], [-1067.76867676, 132.211975098, 1060.61816406, -129.263259888, 273.903289795, 111.483573914, 125.71723938, 64.2889099121, 37.5820236206, 50.3793869019, 18.1870422363, -20.2290744781, -4.3345208168], [90.6088180542, 30.6448364258, -129.263259888, 855.930419922, -103.809539795, 14.0068359375, -74.3588485718, -9.74921131134, 142.717605591, -63.1349945068, 15.1017036438, 83.1147842407, 24.8669548035], [-329.628845215, 222.986328125, 273.903289795, -103.809539795, 307.766845703, 126.190742493, 122.199920654, 60.5725440979, -10.0981149673, 39.6705131531, 12.1321849823, -7.19432878494, 26.6406898499], [27.1928443909, 57.1677894592, 111.483573914, 14.0068359375, 126.190742493, 199.134368896, 125.869979858, 71.9527816772, 18.5912780762, 45.6214637756, 23.1476402283, 2.9366877079, 15.997502327], [-45.4628715515, 84.7416915894, 125.71723938, -74.3588485718, 122.199920654, 125.869979858, 200.825134277, 114.287063599, 25.56199646, 58.6521606445, 16.2111358643, -10.2283992767, 16.1101932526], [112.776817322, -25.5454101562, 64.2889099121, -9.74921131134, 60.5725440979, 71.9527816772, 114.287063599, 179.197494507, 83.4938201904, 64.3889312744, 21.0720443726, -0.139955937862, 19.528181076], [-76.2031173706, 5.88108253479, 37.5820236206, 142.717605591, -10.0981149673, 18.5912780762, 25.56199646, 83.4938201904, 177.285705566, 66.6984558105, 26.4697322845, 28.768201828, 15.5862035751], [-38.8073501587, -66.1523742676, 50.3793869019, -63.1349945068, 39.6705131531, 45.6214637756, 58.6521606445, 64.3889312744, 66.6984558105, 168.024993896, 100.245628357, 26.5602207184, 19.5995864868], [-116.492835999, -75.0527496338, 18.1870422363, 15.1017036438, 12.1321849823, 23.1476402283, 16.2111358643, 21.0720443726, 26.4697322845, 100.245628357, 161.726989746, 79.443611145, 16.7334117889], [2.39130520821, -88.3946990967, -20.2290744781, 83.1147842407, -7.19432878494, 2.9366877079, -10.2283992767, -0.139955937862, 28.768201828, 26.5602207184, 79.443611145, 159.480529785, 88.6229705811], [21.1234359741, -42.0327835083, -4.3345208168, 24.8669548035, 26.6406898499, 15.997502327, 16.1101932526, 19.528181076, 15.5862035751, 19.5995864868, 16.7334117889, 88.6229705811, 159.345825195]],
