{
"lowlevel": {
    "average_loudness": 0.766956925392,
    "barkbands_crest": {
        "dmean": 2.85415911674,
        "dmean2": 4.38076257706,
        "dvar": 6.81279659271,
        "dvar2": 17.2786922455,
        "max": 25.248292923,
        "mean": 11.6310071945,
        "median": 11.4400186539,
        "min": 2.11426115036,
        "var": 22.9894199371
    },
    "barkbands_flatness_db": {
        "dmean": 0.0268548317254,
        "dmean2": 0.0388848409057,
        "dvar": 0.000805502349976,
        "dvar2": 0.00170218234416,
        "max": 0.466050237417,
        "mean": 0.161206141114,
        "median": 0.144636109471,
        "min": 0.0136303948238,
        "var": 0.00676083518192
    },
    "barkbands_kurtosis": {
        "dmean": 8.97701835632,
        "dmean2": 13.2564506531,
        "dvar": 313.87701416,
        "dvar2": 683.448242188,
        "max": 338.877593994,
        "mean": 15.3204813004,
        "median": 4.17701721191,
        "min": -1.97140014172,
        "var": 798.38885498
    },
    "barkbands_skewness": {
        "dmean": 0.923878192902,
        "dmean2": 1.29657077789,
        "dvar": 1.02692019939,
        "dvar2": 2.15356135368,
        "max": 15.6767597198,
        "mean": 2.32534599304,
        "median": 1.85764670372,
        "min": -8.46887207031,
        "var": 6.44638347626
    },
    "barkbands_spread": {
        "dmean": 8.57666015625,
        "dmean2": 12.4681882858,
        "dvar": 119.284729004,
        "dvar2": 231.627670288,
        "max": 137.734848022,
        "mean": 29.5562915802,
        "median": 22.3745918274,
        "min": 0.274384945631,
        "var": 623.833190918
    },
    "dissonance": {
        "dmean": 0.0183379109949,
        "dmean2": 0.0302985850722,
        "dvar": 0.000429308012826,
        "dvar2": 0.00115461123642,
        "max": 0.5,
        "mean": 0.461962997913,
        "median": 0.473240315914,
        "min": 0.175465390086,
        "var": 0.00135226093698
    },
    "dynamic_complexity": 4.60350465775,
    "erbbands_crest": {
        "dmean": 3.03904652596,
        "dmean2": 4.8851146698,
        "dvar": 8.83497428894,
        "dvar2": 21.5456142426,
        "max": 31.5813236237,
        "mean": 9.88407707214,
        "median": 8.1842918396,
        "min": 2.35426187515,
        "var": 30.8516540527
    },
    "erbbands_flatness_db": {
        "dmean": 0.017377205193,
        "dmean2": 0.0258921664208,
        "dvar": 0.000290300318738,
        "dvar2": 0.000661298690829,
        "max": 0.473599076271,
        "mean": 0.139478638768,
        "median": 0.123771198094,
        "min": 0.0510722286999,
        "var": 0.00343686249107
    },
    "erbbands_kurtosis": {
        "dmean": 2.12335085869,
        "dmean2": 3.41435909271,
        "dvar": 26.2770690918,
        "dvar2": 68.6727905273,
        "max": 185.934341431,
        "mean": 1.79737555981,
        "median": -0.113882064819,
        "min": -1.933177948,
        "var": 44.4397201538
    },
    "erbbands_skewness": {
        "dmean": 0.564965307713,
        "dmean2": 0.8410795331,
        "dvar": 0.352746188641,
        "dvar2": 0.805023729801,
        "max": 11.8243532181,
        "mean": 0.263811469078,
        "median": 0.167519435287,
        "min": -6.95070171356,
        "var": 1.88451957703
    },
    "erbbands_spread": {
        "dmean": 13.997256279,
        "dmean2": 20.5058898926,
        "dvar": 195.859680176,
        "dvar2": 418.822814941,
        "max": 190.019317627,
        "mean": 56.8671836853,
        "median": 53.7483596802,
        "min": 0.904633283615,
        "var": 920.587402344
    },
    "hfc": {
        "dmean": 10.5160951614,
        "dmean2": 14.345085144,
        "dvar": 583.376037598,
        "dvar2": 925.636413574,
        "max": 534.874816895,
        "mean": 27.3862895966,
        "median": 11.7267456055,
        "min": 7.38055572214e-09,
        "var": 1962.85998535
    },
    "melbands_crest": {
        "dmean": 4.27024459839,
        "dmean2": 6.37333345413,
        "dvar": 14.6320352554,
        "dvar2": 33.7906074524,
        "max": 38.1665878296,
        "mean": 19.4553585052,
        "median": 18.8410511017,
        "min": 2.50251817703,
        "var": 65.2785644531
    },
    "melbands_flatness_db": {
        "dmean": 0.034008577466,
        "dmean2": 0.0478303991258,
        "dvar": 0.00123903050553,
        "dvar2": 0.00250657834113,
        "max": 0.538791120052,
        "mean": 0.224329993129,
        "median": 0.220547273755,
        "min": 0.0196823738515,
        "var": 0.0120388735086
    },
    "melbands_kurtosis": {
        "dmean": 25.1520614624,
        "dmean2": 37.64635849,
        "dvar": 2512.22094727,
        "dvar2": 5495.52685547,
        "max": 1567.29345703,
        "mean": 46.7347183228,
        "median": 15.8067216873,
        "min": -1.90016555786,
        "var": 6219.56201172
    },
    "melbands_skewness": {
        "dmean": 1.34791302681,
        "dmean2": 1.95421481133,
        "dvar": 2.35262513161,
        "dvar2": 5.0197429657,
        "max": 29.3615684509,
        "mean": 4.29105949402,
        "median": 3.41008019447,
        "min": -5.64699602127,
        "var": 11.7833108902
    },
    "melbands_spread": {
        "dmean": 12.6920928955,
        "dmean2": 18.0559501648,
        "dvar": 377.243652344,
        "dvar2": 738.007751465,
        "max": 266.233184814,
        "mean": 32.2790374756,
        "median": 14.4525299072,
        "min": 0.238902926445,
        "var": 1549.41699219
    },
    "pitch_salience": {
        "dmean": 0.0830706581473,
        "dmean2": 0.12752571702,
        "dvar": 0.0058979652822,
        "dvar2": 0.0151197575033,
        "max": 0.876142024994,
        "mean": 0.483473777771,
        "median": 0.492206811905,
        "min": 0.0644668415189,
        "var": 0.0229376219213
    },
    "silence_rate_20dB": {
        "dmean": 0,
        "dmean2": 0,
        "dvar": 0,
        "dvar2": 0,
        "max": 1,
        "mean": 1,
        "median": 1,
        "min": 1,
        "var": 0
    },
    "silence_rate_30dB": {
        "dmean": 0.0460907891393,
        "dmean2": 0.0921887084842,
        "dvar": 0.0439725033939,
        "dvar2": 0.110460050404,
        "max": 1,
        "mean": 0.960640251637,
        "median": 1,
        "min": 0,
        "var": 0.0378157943487
    },
    "silence_rate_60dB": {
        "dmean": 0.0378934331238,
        "dmean2": 0.0757927298546,
        "dvar": 0.0364562124014,
        "dvar2": 0.080251686275,
        "max": 1,
        "mean": 0.157516241074,
        "median": 0,
        "min": 0,
        "var": 0.132716149092
    },
    "spectral_centroid": {
        "dmean": 378.662567139,
        "dmean2": 553.63079834,
        "dvar": 192738.109375,
        "dvar2": 390254.46875,
        "max": 11276.9873047,
        "mean": 1709.07958984,
        "median": 1540.24108887,
        "min": 173.464492798,
        "var": 1243493.5
    },
    "spectral_complexity": {
        "dmean": 3.64782309532,
        "dmean2": 5.46024751663,
        "dvar": 26.1891918182,
        "dvar2": 45.9022941589,
        "max": 65,
        "mean": 12.5553665161,
        "median": 9,
        "min": 0,
        "var": 120.086265564
    },
    "spectral_decrease": {
        "dmean": 3.10635583922e-09,
        "dmean2": 4.39164571375e-09,
        "dvar": 2.58551810978e-17,
        "dvar2": 5.8469063075e-17,
        "max": 1.01458597079e-09,
        "mean": -8.44075209727e-09,
        "median": -4.5575019314e-09,
        "min": -5.89603175172e-08,
        "var": 8.52617806052e-17
    },
    "spectral_energy": {
        "dmean": 0.0121147846803,
        "dmean2": 0.0171588584781,
        "dvar": 0.000374840805307,
        "dvar2": 0.000837268074974,
        "max": 0.22554500401,
        "mean": 0.0343414992094,
        "median": 0.0211499128491,
        "min": 6.8848925042e-13,
        "var": 0.00125549256336
    },
    "spectral_energyband_high": {
        "dmean": 0.00101632752921,
        "dmean2": 0.00135632988531,
        "dvar": 5.93202412347e-06,
        "dvar2": 9.87727980828e-06,
        "max": 0.0444780103862,
        "mean": 0.00238361419179,
        "median": 0.000601376057602,
        "min": 5.02556275674e-13,
        "var": 1.96678392967e-05
    },
    "spectral_energyband_low": {
        "dmean": 0.00856709200889,
        "dmean2": 0.0122289927676,
        "dvar": 0.000270504096989,
        "dvar2": 0.000636091688648,
        "max": 0.189817219973,
        "mean": 0.0210277587175,
        "median": 0.00384270166978,
        "min": 1.30109927349e-14,
        "var": 0.000866574351676
    },
    "spectral_energyband_middle_high": {
        "dmean": 0.000961957441177,
        "dmean2": 0.00153098814189,
        "dvar": 5.04892341269e-06,
        "dvar2": 1.13692140076e-05,
        "max": 0.0439163409173,
        "mean": 0.00190229865257,
        "median": 0.000923811458051,
        "min": 9.70487660503e-14,
        "var": 1.01703190012e-05
    },
    "spectral_energyband_middle_low": {
        "dmean": 0.00622929818928,
        "dmean2": 0.00967162940651,
        "dvar": 0.000181572700967,
        "dvar2": 0.000449879531516,
        "max": 0.163677692413,
        "mean": 0.0101959789172,
        "median": 0.00450996495783,
        "min": 1.1878216611e-14,
        "var": 0.000252652855124
    },
    "spectral_entropy": {
        "dmean": 0.18945710361,
        "dmean2": 0.288877367973,
        "dvar": 0.0473197437823,
        "dvar2": 0.104160360992,
        "max": 9.81114196777,
        "mean": 7.68183898926,
        "median": 7.89498233795,
        "min": 4.4513874054,
        "var": 0.424957305193
    },
    "spectral_flux": {
        "dmean": 0.0263201892376,
        "dmean2": 0.0416472107172,
        "dvar": 0.00170591264032,
        "dvar2": 0.00392028689384,
        "max": 0.439889341593,
        "mean": 0.0793461874127,
        "median": 0.0636042654514,
        "min": 1.28453020807e-05,
        "var": 0.00378112960607
    },
    "spectral_kurtosis": {
        "dmean": 1.05834019184,
        "dmean2": 1.66514706612,
        "dvar": 3.29556083679,
        "dvar2": 8.42973136902,
        "max": 57.6272659302,
        "mean": 3.32667779922,
        "median": 2.17923045158,
        "min": -1.19649255276,
        "var": 19.1922149658
    },
    "spectral_rms": {
        "dmean": 0.000911695242394,
        "dmean2": 0.00124958227389,
        "dvar": 1.32822549403e-06,
        "dvar2": 2.63579499915e-06,
        "max": 0.0148338768631,
        "mean": 0.00493247061968,
        "median": 0.0045424727723,
        "min": 2.59171137884e-08,
        "var": 9.17439047043e-06
    },
    "spectral_rolloff": {
        "dmean": 912.917114258,
        "dmean2": 1434.51647949,
        "dvar": 2875852.25,
        "dvar2": 5437540.5,
        "max": 18367.8222656,
        "mean": 2789.94458008,
        "median": 904.39453125,
        "min": 43.06640625,
        "var": 11321709
    },
    "spectral_skewness": {
        "dmean": 0.198792144656,
        "dmean2": 0.30130520463,
        "dvar": 0.0494239479303,
        "dvar2": 0.109782747924,
        "max": 6.28889942169,
        "mean": 1.31204617023,
        "median": 1.1761341095,
        "min": -0.563195466995,
        "var": 0.474029034376
    },
    "spectral_spread": {
        "dmean": 671890.3125,
        "dmean2": 950401,
        "dvar": 716661194752,
        "dvar2": 1.3155359785e+12,
        "max": 40795068,
        "mean": 6151295,
        "median": 6031199,
        "min": 1143648.5,
        "var": 3.69976095539e+12
    },
    "spectral_strongpeak": {
        "dmean": 0.907678842545,
        "dmean2": 1.43035817146,
        "dvar": 16.0371017456,
        "dvar2": 27.2938919067,
        "max": 90.4241104126,
        "mean": 1.36042010784,
        "median": 0.348147451878,
        "min": 0,
        "var": 34.8957862854
    },
    "zerocrossingrate": {
        "dmean": 0.0200058612972,
        "dmean2": 0.0200171135366,
        "dvar": 0.000598532380536,
        "dvar2": 0.000552620389499,
        "max": 0.5595703125,
        "mean": 0.0982077345252,
        "median": 0.0712890625,
        "min": 0.00146484375,
        "var": 0.00721195107326
    },
    "barkbands": {
        "dmean": [0.00155451835599, 0.00531103275716, 0.00328995613381, 0.0025733942166, 0.0027364147827, 0.00134278845508, 0.000739544513635, 0.000405632541515, 0.000213556355448, 0.00011196603009, 0.000169557752088, 0.000136852599098, 0.000107682986709, 9.65926665231e-05, 9.2754358775e-05, 0.000100990197097, 0.000118053278129, 0.000128552259412, 0.000187673460459, 0.000212131562876, 0.000213410225115, 0.000194949941942, 0.000180490227649, 0.000128599349409, 0.000274477672065, 0.000123439604067, 1.51728909259e-05],
        "dmean2": [0.00188548048027, 0.00686291279271, 0.00582422502339, 0.00445914594457, 0.00402137404308, 0.00206797430292, 0.00123138527852, 0.000666065549012, 0.000356241565896, 0.000189257960301, 0.000285908667138, 0.000223210518016, 0.000182891875738, 0.000164588418556, 0.000152291395352, 0.000168866550666, 0.000198354653548, 0.000209958598134, 0.00027889906778, 0.000324607972289, 0.000311423646053, 0.00027064155438, 0.000265547452727, 0.000181822411832, 0.000331057846779, 0.000164675788255, 2.26491283684e-05],
        "dvar": [9.37443837756e-06, 9.87362363958e-05, 0.000140176431159, 6.41900332994e-05, 5.28379168827e-05, 1.3089946151e-05, 1.91330082089e-06, 1.42976580264e-06, 3.1904090747e-07, 6.0842907601e-08, 2.42403643824e-07, 1.87885504488e-07, 2.41851779492e-07, 1.96988423795e-07, 5.48410241663e-08, 1.58268676387e-07, 1.38514252512e-07, 1.49012834072e-07, 2.67144429245e-07, 3.80798780952e-07, 2.11016526919e-07, 1.74227963612e-07, 3.46710692156e-07, 1.61516112485e-07, 1.32122170271e-06, 4.84199063067e-07, 2.31257812899e-09],
        "dvar2": [1.42108538057e-05, 0.000190151506104, 0.000390863482608, 0.000177703521331, 0.000115551840281, 2.95757417916e-05, 5.66525977774e-06, 3.77683568331e-06, 8.20708919491e-07, 1.47507194015e-07, 6.3295237851e-07, 4.65133751959e-07, 6.28517909718e-07, 5.06690128077e-07, 1.35290250114e-07, 4.20291939918e-07, 3.64740628811e-07, 3.68342369939e-07, 3.95801862396e-07, 7.52885569e-07, 4.43324211119e-07, 3.20546462262e-07, 6.76883928463e-07, 3.65181080042e-07, 1.68662177202e-06, 8.14856264242e-07, 5.05378716653e-09],
        "max": [0.0510127581656, 0.115135960281, 0.141314744949, 0.0983893051744, 0.0801280215383, 0.0787409842014, 0.018329070881, 0.0267302375287, 0.012903236784, 0.00614353548735, 0.0212179683149, 0.016612675041, 0.0191804356873, 0.0156582817435, 0.00665200036019, 0.0124284680933, 0.00579643715173, 0.00888304319233, 0.00692521827295, 0.00800550263375, 0.00630015414208, 0.00634699594229, 0.0208102762699, 0.0145076690242, 0.036391697824, 0.0332770459354, 0.000999018433504],
        "mean": [0.00379701587372, 0.0128055848181, 0.00327399931848, 0.00284977792762, 0.00369590660557, 0.00188403623179, 0.000934562936891, 0.00055448274361, 0.000251399265835, 0.000139366355143, 0.000221263908315, 0.000174424552824, 0.000136615926749, 0.000118564959848, 0.000136747126817, 0.000141599593917, 0.000167828533449, 0.000201600792934, 0.000327380461385, 0.000313477299642, 0.000417580857174, 0.000380915502319, 0.000338316953275, 0.000263131776592, 0.000569910625927, 0.000214003492147, 3.18060920108e-05],
        "median": [9.31685353862e-05, 0.000466013152618, 0.000326473265886, 0.00054328807164, 0.000601281179115, 0.000435893249232, 0.000309915689286, 8.84831752046e-05, 5.000254896e-05, 5.25542563992e-05, 7.1006041253e-05, 2.94477649732e-05, 2.63918700512e-05, 2.22561138798e-05, 4.68470207124e-05, 4.69829101348e-05, 5.13808372489e-05, 6.03693624726e-05, 8.9737935923e-05, 9.76621668087e-05, 0.000113818619866, 0.000114025446237, 6.048927753e-05, 5.74140030949e-05, 6.25617103651e-05, 2.06845797948e-05, 7.17484044799e-06],
        "min": [1.40559772819e-14, 4.62945857322e-15, 7.1759720731e-16, 9.18718298492e-16, 7.23767577633e-16, 1.07029876193e-15, 2.47826593774e-16, 5.98254457855e-15, 2.90872659922e-15, 7.30344841408e-16, 2.35174483816e-15, 6.62867274566e-15, 1.26828309953e-14, 3.62356713781e-15, 1.72447420791e-14, 3.43325132829e-15, 1.11923664103e-14, 1.81062863948e-14, 1.79772324549e-14, 1.06358530585e-14, 3.52816259823e-14, 3.4359315523e-14, 5.07491658831e-14, 5.25443336302e-14, 7.06084699715e-14, 1.1289188036e-13, 1.5108327458e-13],
        "var": [4.31518128607e-05, 0.000389770284528, 0.000111638866656, 5.38334061275e-05, 7.80254486017e-05, 1.91067101696e-05, 3.00744636661e-06, 2.62982212007e-06, 4.07373590861e-07, 9.04924206679e-08, 2.9259390999e-07, 2.89054270297e-07, 2.89978345336e-07, 2.22080046797e-07, 9.02260808289e-08, 1.49658390569e-07, 1.608735829e-07, 2.36840506318e-07, 7.42064969472e-07, 6.08288019066e-07, 5.67591541767e-07, 4.60782416667e-07, 6.75065507494e-07, 3.41767446344e-07, 4.08890718973e-06, 1.03519357708e-06, 8.47790371239e-09]
    },
    "erbbands": {
        "dmean": [0.301815539598, 0.712057173252, 2.82604265213, 6.49281024933, 9.08977508545, 9.2030248642, 11.0221004486, 9.17478275299, 7.66007804871, 12.6554088593, 6.91513109207, 5.28451538086, 3.20280694962, 6.50925445557, 5.3745098114, 5.03728675842, 4.58601856232, 5.04511642456, 4.75149106979, 4.29640436172, 6.28517580032, 6.57415628433, 6.86745882034, 8.01103782654, 10.6870412827, 9.01097869873, 9.19613647461, 8.10017681122, 7.4310631752, 6.57368659973, 4.76624917984, 3.14573192596, 2.11326217651, 1.82782745361, 2.41141009331, 1.01497781277, 0.208568230271, 0.0244772695005, 0.00274600228295, 0.000199193571461],
        "dmean2": [0.359521508217, 1.02846825123, 4.8871922493, 11.1955022812, 13.7751874924, 14.9461555481, 16.4743747711, 14.7728214264, 12.4778032303, 21.8235015869, 11.2394227982, 8.663813591, 5.54554796219, 10.8965463638, 8.94180297852, 8.26811122894, 7.76430463791, 8.42903900146, 7.96512460709, 7.13727521896, 10.6951370239, 10.9726667404, 11.261051178, 11.7192249298, 15.1323184967, 13.4491682053, 13.6398696899, 12.0236606598, 10.4442253113, 9.35256099701, 7.11107969284, 4.34475040436, 3.06607961655, 2.44621419907, 2.92063117027, 1.21812605858, 0.299723446369, 0.0355365909636, 0.00406083511189, 0.000299090228509],
        "dvar": [0.325894683599, 1.88389241695, 94.5615463257, 475.345031738, 553.26184082, 739.155700684, 1104.50769043, 661.198364258, 190.530029297, 1531.62768555, 248.271987915, 202.987838745, 71.5625686646, 235.391265869, 301.073455811, 286.020507812, 399.544128418, 611.778686523, 165.718215942, 133.204772949, 630.39440918, 510.39440918, 439.5987854, 470.674316406, 919.642944336, 598.562255859, 413.857971191, 297.672515869, 302.01385498, 266.67956543, 269.221893311, 126.798400879, 35.6512145996, 54.1645011902, 93.3028640747, 30.4462985992, 1.29968380928, 0.0116717964411, 7.94525913079e-05, 4.33231633679e-07],
        "dvar2": [0.563164055347, 4.17234516144, 257.538787842, 1316.6114502, 1155.68432617, 1786.12231445, 2460.28515625, 1651.47473145, 495.45111084, 4694.37353516, 577.947021484, 506.236541748, 202.513183594, 591.240539551, 724.102966309, 705.317016602, 1035.82421875, 1501.17712402, 436.852172852, 324.111572266, 1729.32373047, 1355.1784668, 1094.20129395, 849.418273926, 1291.84814453, 1150.13391113, 890.250244141, 624.218933105, 585.623718262, 478.09375, 583.726623535, 284.422515869, 83.1195449829, 82.3268432617, 123.302650452, 45.0754852295, 3.12494134903, 0.0283048208803, 0.000166690602782, 9.98855739454e-07],
        "max": [7.18777894974, 16.4134540558, 115.210792542, 244.770355225, 290.282501221, 305.623840332, 739.576599121, 553.291992188, 241.02494812, 792.199707031, 287.540039062, 376.584655762, 213.883468628, 501.604431152, 866.644104004, 528.377990723, 740.439697266, 832.307006836, 246.30166626, 307.102325439, 716.438720703, 390.025787354, 517.870727539, 367.41116333, 417.606781006, 327.412231445, 262.800750732, 221.881210327, 290.207061768, 374.757293701, 597.547302246, 390.576446533, 184.226119995, 215.053237915, 296.072509766, 276.293060303, 30.0652656555, 4.20531129837, 0.221346780658, 0.0128146167845],
        "mean": [0.689292728901, 1.62961113453, 3.33507704735, 7.46882915497, 12.4713125229, 10.9949359894, 16.2311191559, 12.3747415543, 9.47564506531, 18.1028633118, 9.37525939941, 6.57301712036, 4.01324319839, 8.67531013489, 7.53059577942, 6.68625688553, 6.23080778122, 6.4436507225, 6.87865209579, 6.5990023613, 8.78428173065, 9.55902767181, 10.8623209, 14.0347537994, 17.3252925873, 14.2186489105, 16.4662647247, 15.7421255112, 13.6340389252, 12.761264801, 8.959400177, 6.19356012344, 4.22469711304, 3.83313679695, 4.75269174576, 1.91145920753, 0.32544106245, 0.0455034077168, 0.00600807042792, 0.000402188423323],
        "median": [0.0231858789921, 0.057165376842, 0.347580999136, 1.66820573807, 1.56960916519, 1.59886622429, 3.97058105469, 2.81308054924, 3.63602519035, 3.93421316147, 2.3943977356, 1.48427200317, 1.25008034706, 3.71096992493, 2.21574306488, 1.2805018425, 1.32515358925, 1.28560292721, 2.37589025497, 2.35520648956, 3.0106678009, 3.10294437408, 3.25194597244, 3.76307678223, 4.91434144974, 4.76083469391, 4.70066976547, 4.23297119141, 3.59989380836, 3.62361097336, 1.61125564575, 1.16217064857, 0.947735309601, 0.624239563942, 0.435797035694, 0.16723510623, 0.0343551263213, 0.00757901184261, 0.00112652848475, 0.000129985739477],
        "min": [3.13234166252e-13, 5.17032922552e-13, 8.70108184722e-13, 1.99656632373e-12, 3.52795678955e-12, 1.26453914614e-12, 7.2691609676e-12, 7.07696228008e-12, 3.44570791171e-12, 3.55837616317e-11, 1.54934703955e-10, 6.36383098995e-11, 1.84035824774e-11, 5.18005881245e-11, 9.88144843728e-11, 3.51036893997e-10, 6.76878497696e-10, 2.39259112522e-10, 5.016245197e-10, 7.6450840103e-10, 2.5267424264e-10, 6.65600186078e-10, 9.10561237522e-10, 1.15277121182e-09, 5.01660268881e-10, 6.32175478632e-10, 1.80356485302e-09, 8.3043721899e-10, 1.52497015016e-09, 9.29698429353e-10, 1.39674671829e-09, 1.0326020039e-09, 1.12986131562e-09, 8.8500029527e-10, 4.95345708895e-10, 3.82791409681e-10, 1.88241700005e-10, 8.07269459613e-11, 2.20432578441e-11, 2.25824827588e-12],
        "var": [1.17624104023, 7.82210111618, 83.5844116211, 392.148773193, 870.711181641, 916.366760254, 1598.04211426, 1000.75927734, 271.468292236, 2787.33642578, 411.999450684, 265.082397461, 87.4693222046, 302.709625244, 432.042419434, 426.23928833, 532.812133789, 705.393005371, 253.819946289, 218.770446777, 539.286682129, 556.417236328, 694.381713867, 1246.98620605, 2283.62963867, 1057.89794922, 929.466186523, 801.827819824, 698.028747559, 620.166931152, 468.810089111, 228.597900391, 84.0673522949, 141.915618896, 284.439117432, 72.437461853, 1.61071300507, 0.0222929734737, 0.000345980428392, 1.01324781099e-06]
    },
    "gfcc": {
        "mean": [-36.5566673279, 41.7424201965, -78.9941940308, 40.4715957642, -64.8066635132, 4.83033752441, -36.4488220215, 2.13640189171, -24.7619380951, 4.0903544426, -16.2897796631, 2.12588834763, -7.89260387421],
        "cov": [[20861.5097656, -916.963317871, 1463.2598877, 1953.75146484, 1082.02990723, 421.034515381, -291.273925781, 998.313598633, -393.459716797, 94.0687942505, -722.759155273, 219.146102905, -54.9696273804], [-916.963317871, 2217.41210938, 292.340576172, -113.814079285, 198.287521362, 102.157279968, 224.609329224, -81.4100112915, 210.779449463, 3.87938332558, 227.663787842, -38.7383308411, 82.0673675537], [1463.2598877, 292.340576172, 1524.26306152, 710.826782227, 252.696578979, 156.937561035, 82.5267868042, 233.76499939, 112.362480164, 104.119247437, -113.075973511, 32.6334457397, 117.115234375], [1953.75146484, -113.814079285, 710.826782227, 1341.27478027, 336.250061035, 175.86277771, 7.99531364441, 3.80801916122, -1.52430975437, -33.7319221497, -9.6457195282, 26.4469547272, 112.187416077], [1082.02990723, 198.287521362, 252.696578979, 336.250061035, 610.112976074, 253.608734131, 140.911392212, 170.270477295, 56.0278167725, 90.7352218628, 43.1899414062, 119.616500854, 85.3362731934], [421.034515381, 102.157279968, 156.937561035, 175.86277771, 253.608734131, 328.253662109, 195.848678589, 124.685096741, 62.8833999634, 71.2522888184, 62.5020523071, 55.9895210266, 50.0616149902], [-291.273925781, 224.609329224, 82.5267868042, 7.99531364441, 140.911392212, 195.848678589, 322.726623535, 149.402297974, 107.12727356, 42.0462875366, 98.6448745728, 52.5632781982, 39.0393028259], [998.313598633, -81.4100112915, 233.76499939, 3.80801916122, 170.270477295, 124.685096741, 149.402297974, 361.236053467, 102.056472778, 118.730041504, -41.6944732666, 78.6479644775, 30.3177394867], [-393.459716797, 210.779449463, 112.362480164, -1.52430975437, 56.0278167725, 62.8833999634, 107.12727356, 102.056472778, 220.117156982, 79.3134689331, 58.1914138794, 17.6089134216, 41.4334068298], [94.0687942505, 3.87938332558, 104.119247437, -33.7319221497, 90.7352218628, 71.2522888184, 42.0462875366, 118.730041504, 79.3134689331, 176.36328125, 52.5175437927, 63.1965103149, 21.4221363068], [-722.759155273, 227.663787842, -113.075973511, -9.6457195282, 43.1899414062, 62.5020523071, 98.6448745728, -41.6944732666, 58.1914138794, 52.5175437927, 209.437957764, 70.1071395874, 50.0541687012], [219.146102905, -38.7383308411, 32.6334457397, 26.4469547272, 119.616500854, 55.9895210266, 52.5632781982, 78.6479644775, 17.6089134216, 63.1965103149, 70.1071395874, 157.771453857, 93.2457199097], [-54.9696273804, 82.0673675537, 117.115234375, 112.187416077, 85.3362731934, 50.0616149902, 39.0393028259, 30.3177394867, 41.4334068298, 21.4221363068, 50.0541687012, 93.2457199097, 147.656784058]],
        "icov": [[9.5818148111e-05, -6.04991073487e-05, 3.51344060618e-05, -0.000159346251166, -4.11767996411e-06, -0.000120918659377, 0.000241446789005, -0.000363221857697, 0.000194365595235, 4.95371750731e-05, 0.00022329291096, -0.000270291609922, 0.000249885284575], [-6.04991073487e-05, 0.000812300946563, -0.000391806155676, 0.000492007296998, -0.000543697853573, 0.000298675819067, -0.000376347074052, 0.000564789632335, -0.000536368053872, 0.000446661841124, -0.00118714687414, 0.001201961888, -0.000611461699009], [3.51344060618e-05, -0.000391806155676, 0.00137208309025, -0.000854938989505, 0.000318159116432, -2.12273553188e-05, -0.000209888123209, -0.00049522833433, 8.83370012161e-05, -0.00116144004278, 0.00163737754337, -0.000154944122187, -0.00054085982265], [-0.000159346251166, 0.000492007296998, -0.000854938989505, 0.00178152811714, -0.000825848255772, -0.000205503281904, 0.000110971588583, 0.000902504252736, -0.000420886586653, 0.00106946274173, -0.00144511903636, 0.00131649780087, -0.00105448637623], [-4.11767996411e-06, -0.000543697853573, 0.000318159116432, -0.000825848255772, 0.00342909758911, -0.00189214979764, 0.000280953652691, -0.000682408630382, 0.000215334526729, -0.000583593791816, 0.00102899945341, -0.00229552015662, 0.000526369432919], [-0.000120918659377, 0.000298675819067, -2.12273553188e-05, -0.000205503281904, -0.00189214979764, 0.00716141611338, -0.00408386392519, 0.000676477968227, 0.000564772868529, -0.00203044596128, -0.000422161945608, 0.00195382838137, -0.00138630764559], [0.000241446789005, -0.000376347074052, -0.000209888123209, 0.000110971588583, 0.000280953652691, -0.00408386392519, 0.00889236759394, -0.00445660063997, -0.000973627495114, 0.00399267068133, -0.00364877679385, -0.000679779506754, 0.0015275508631], [-0.000363221857697, 0.000564789632335, -0.00049522833433, 0.000902504252736, -0.000682408630382, 0.000676477968227, -0.00445660063997, 0.00898793619126, -0.00259052589536, -0.00350725254975, 0.00408282782882, -0.00226764730178, 3.956801811e-05], [0.000194365595235, -0.000536368053872, 8.83370012161e-05, -0.000420886586653, 0.000215334526729, 0.000564772868529, -0.000973627495114, -0.00259052589536, 0.00828729011118, -0.0027739610523, -0.00101467478089, 0.00291437562555, -0.00232591014355], [4.95371750731e-05, 0.000446661841124, -0.00116144004278, 0.00106946274173, -0.000583593791816, -0.00203044596128, 0.00399267068133, -0.00350725254975, -0.0027739610523, 0.0122754797339, -0.00491623906419, -0.00234314706177, 0.00271273078397], [0.00022329291096, -0.00118714687414, 0.00163737754337, -0.00144511903636, 0.00102899945341, -0.000422161945608, -0.00364877679385, 0.00408282782882, -0.00101467478089, -0.00491623906419, 0.0136324791238, -0.00655761035159, 0.000734905945137], [-0.000270291609922, 0.001201961888, -0.000154944122187, 0.00131649780087, -0.00229552015662, 0.00195382838137, -0.000679779506754, -0.00226764730178, 0.00291437562555, -0.00234314706177, -0.00655761035159, 0.0190161820501, -0.0106001198292], [0.000249885284575, -0.000611461699009, -0.00054085982265, -0.00105448637623, 0.000526369432919, -0.00138630764559, 0.0015275508631, 3.956801811e-05, -0.00232591014355, 0.00271273078397, 0.000734905945137, -0.0106001198292, 0.0148933017626]]
    },
    "melbands": {
        "dmean": [0.00199476256967, 0.00119182432536, 0.00119301897939, 0.000704088131897, 0.000349010020727, 0.000212580052903, 0.000126872662804, 0.00012542141485, 4.99805391883e-05, 3.36597986461e-05, 1.54472618306e-05, 2.55600607488e-05, 1.98404995899e-05, 1.65205128724e-05, 1.00137831396e-05, 1.11457493404e-05, 9.55267751124e-06, 7.96906351752e-06, 6.92243884259e-06, 5.36243487659e-06, 8.46275088406e-06, 7.02365923644e-06, 7.39572988095e-06, 6.22477591605e-06, 6.71929137752e-06, 7.90486956248e-06, 8.56212591316e-06, 5.73639954382e-06, 6.07421679888e-06, 5.51505809199e-06, 4.94433152198e-06, 4.32684009866e-06, 4.15728936787e-06, 3.83237147616e-06, 2.91705032396e-06, 2.49610025094e-06, 1.887501071e-06, 1.59995761351e-06, 1.10737425985e-06, 1.92741367755e-06],
        "dmean2": [0.00244036386721, 0.00198253849521, 0.00196216651239, 0.00105734576937, 0.000529373821337, 0.000338101002853, 0.000207493823837, 0.000215544481762, 8.09547418612e-05, 5.53239951842e-05, 2.68669828074e-05, 4.27847080573e-05, 3.32502495439e-05, 2.67611849267e-05, 1.67601519934e-05, 1.87728455785e-05, 1.60968811542e-05, 1.37781216836e-05, 1.1496087609e-05, 8.89178318175e-06, 1.4722434571e-05, 1.19688074847e-05, 1.22361398098e-05, 9.86937811831e-06, 9.89062300505e-06, 1.10928267532e-05, 1.28225301523e-05, 8.79817162058e-06, 9.10217022465e-06, 8.46621514938e-06, 7.29802559363e-06, 6.25840311841e-06, 6.12069425188e-06, 5.61326896786e-06, 4.43477483714e-06, 3.6490923776e-06, 2.65005974143e-06, 2.32960906033e-06, 1.66801657997e-06, 2.56196290138e-06],
        "dvar": [1.37076067404e-05, 1.28955316541e-05, 1.35767577376e-05, 3.94328344555e-06, 8.55779205722e-07, 3.2408735251e-07, 4.71024570459e-08, 1.61776483765e-07, 1.34065114565e-08, 8.96523033589e-09, 1.76501346871e-09, 3.42379391505e-09, 3.75530495589e-09, 2.88451196262e-09, 1.34916167127e-09, 2.19623474962e-09, 2.41343722784e-09, 4.94040752752e-10, 3.42315092938e-10, 2.51307946675e-10, 1.23078403025e-09, 5.57348833752e-10, 5.97737359609e-10, 2.85944684597e-10, 3.31091792871e-10, 4.76249428782e-10, 7.96927857039e-10, 2.01010055823e-10, 1.69655262061e-10, 1.70497116425e-10, 1.12071352198e-10, 9.77538883173e-11, 9.70125924038e-11, 9.97936941416e-11, 8.77264580423e-11, 1.13392496781e-10, 3.42788748775e-11, 2.25462912229e-11, 7.12724367372e-12, 8.26154422651e-11],
        "dvar2": [2.43023714575e-05, 3.47482855432e-05, 3.51789603883e-05, 8.84219025465e-06, 1.8737849814e-06, 7.85687802818e-07, 1.24632549614e-07, 4.85814950935e-07, 3.05861966865e-08, 2.23471499083e-08, 5.02358998844e-09, 8.50886916481e-09, 9.50100531583e-09, 6.86341428136e-09, 3.39724248732e-09, 5.4826929663e-09, 6.04752914413e-09, 1.37046274329e-09, 8.41069658364e-10, 5.93949556205e-10, 3.45542194857e-09, 1.52723655944e-09, 1.57713653248e-09, 6.40517305861e-10, 6.18620765724e-10, 6.87421619627e-10, 1.54027357535e-09, 3.96548294201e-10, 3.65751956499e-10, 4.01808142314e-10, 2.42521225324e-10, 1.94551014188e-10, 2.01322347682e-10, 1.89877419343e-10, 1.9465695722e-10, 2.70844152661e-10, 7.55294091159e-11, 5.1951144775e-11, 1.70591856613e-11, 1.22967441785e-10],
        "max": [0.0457955300808, 0.0439524203539, 0.041703786701, 0.0212078709155, 0.0197700113058, 0.0107997050509, 0.00382231897675, 0.00861679296941, 0.00222542020492, 0.00250766263343, 0.00109342578799, 0.00172639684752, 0.00303063774481, 0.00213196710683, 0.00136054237373, 0.00171898806002, 0.00175047153607, 0.000399619486416, 0.000507934601046, 0.000492981809657, 0.000902735220734, 0.000349523907062, 0.000634829862975, 0.00032785179792, 0.000317209836794, 0.000304273999063, 0.000377123476937, 0.000184056043508, 0.000205255419132, 0.000182454794412, 0.000162599462783, 0.000213655672269, 0.000177820023964, 0.000250973913353, 0.000296125886962, 0.000444015284302, 0.000205275733606, 0.000154800552991, 6.28096604487e-05, 0.000273467390798],
        "mean": [0.00480603380129, 0.00184468727093, 0.00145462004002, 0.000896715209819, 0.000512632657774, 0.000287828297587, 0.000157984992256, 0.000182345203939, 6.41191436443e-05, 4.03976628149e-05, 1.8640586859e-05, 3.34660835506e-05, 2.71663793683e-05, 2.09047593671e-05, 1.3517127627e-05, 1.38673649417e-05, 1.16300616355e-05, 1.06087545646e-05, 1.02374169728e-05, 8.02708837e-06, 1.09826814878e-05, 9.66613515629e-06, 9.88584451989e-06, 9.57085376285e-06, 1.13922560558e-05, 1.29009667944e-05, 1.15365019155e-05, 8.98807320482e-06, 1.03796000985e-05, 9.40279824135e-06, 9.0409475888e-06, 7.70704809838e-06, 7.13292729415e-06, 7.02888291926e-06, 5.12639599037e-06, 4.54446490039e-06, 3.50467621502e-06, 3.01361728816e-06, 2.29919578487e-06, 3.70195675714e-06],
        "median": [0.000174751097802, 0.000195423606783, 0.000287117029075, 0.00010512371955, 0.000136427144753, 6.59608704154e-05, 5.86277601542e-05, 3.85961284337e-05, 1.52535430971e-05, 7.6891064964e-06, 5.20979028806e-06, 1.40433130582e-05, 8.35588434711e-06, 3.56887994712e-06, 2.71736325885e-06, 2.599236268e-06, 2.02478054234e-06, 3.27866428051e-06, 3.50160962626e-06, 2.64525033344e-06, 3.53958944288e-06, 3.00658211927e-06, 2.72214356301e-06, 2.78864172287e-06, 2.7024980227e-06, 3.6237211134e-06, 2.88920250568e-06, 3.0668807085e-06, 2.86606154987e-06, 2.67930727205e-06, 2.33340733757e-06, 2.05450237445e-06, 1.82377880265e-06, 1.99316787075e-06, 8.86488578544e-07, 6.61300703086e-07, 6.84258679939e-07, 6.64065510136e-07, 5.4927909332e-07, 4.80549431359e-07],
        "min": [2.88059557625e-15, 5.15072106077e-16, 4.17612548106e-16, 1.6406342621e-16, 2.02020018133e-16, 1.66783010776e-16, 4.66919103589e-17, 5.67969472452e-16, 1.29511274108e-15, 3.15490788444e-16, 8.62859757874e-17, 1.93519923393e-16, 3.06022839448e-16, 5.90448085746e-16, 1.31254150276e-15, 1.20627465502e-15, 3.2071920519e-16, 6.53531023311e-16, 1.25439671434e-15, 5.35804402132e-16, 2.33752056094e-16, 5.06227176284e-16, 1.15782712329e-15, 7.4113667643e-16, 9.85875305716e-16, 5.46532868502e-16, 2.1054389597e-16, 4.21408843896e-16, 1.04589870734e-15, 7.92704624594e-16, 3.95558801244e-16, 8.70327941491e-16, 6.38248590179e-16, 4.69959448944e-16, 6.95067983797e-16, 1.09740423976e-15, 4.06972014343e-16, 7.80905773276e-16, 6.62835733176e-16, 8.61614460623e-16],
        "var": [5.45788825548e-05, 1.50310424942e-05, 1.36926719279e-05, 5.39245911568e-06, 1.29865168219e-06, 4.79041204926e-07, 7.31866904857e-08, 3.02799406882e-07, 2.05718215796e-08, 1.18040688335e-08, 2.14235962304e-09, 4.55645965403e-09, 5.08839681501e-09, 4.3500341107e-09, 2.19253415423e-09, 2.83182011174e-09, 2.65355737383e-09, 6.842469924e-10, 5.31740540488e-10, 3.93291482714e-10, 9.36726918255e-10, 5.57045798377e-10, 7.04076963398e-10, 5.39429723112e-10, 8.5112311643e-10, 1.23287491327e-09, 1.23907151206e-09, 3.66249169881e-10, 3.8476180575e-10, 3.11344866555e-10, 2.95075436307e-10, 2.19213522334e-10, 2.00995192712e-10, 2.12202533323e-10, 1.49320153464e-10, 1.64356084298e-10, 6.61004237457e-11, 4.79296845268e-11, 2.27429030469e-11, 1.95858884666e-10]
    },
    "mfcc": {
        "mean": [-687.15612793, 76.8431015015, 32.711139679, 35.7111587524, -0.277100503445, 5.55987691879, -3.34869074821, -2.36557745934, -1.3488483429, -3.84168696404, -4.35503005981, -3.91510391235, 2.97575092316],
        "cov": [[12472.4697266, -8.66324520111, -348.866912842, 500.74911499, 484.903167725, 65.5130386353, 327.130126953, 390.088012695, 236.833847046, 72.3547286987, 107.187561035, 159.289916992, -92.19947052], [-8.66324520111, 2127.64550781, 146.668395996, -168.160522461, 54.899269104, 83.1220321655, 89.610168457, 29.1629714966, 54.7501754761, 73.6034927368, 126.742637634, 33.8973312378, 86.1625137329], [-348.866912842, 146.668395996, 1225.73120117, 514.176147461, 141.270141602, 118.757789612, 18.1571598053, 36.5213088989, 158.816848755, 93.9114532471, 13.530752182, -60.4411315918, -7.80709695816], [500.74911499, -168.160522461, 514.176147461, 769.808532715, 342.254302979, 199.164993286, 78.2102661133, 82.1276473999, 78.4419784546, 34.8072776794, -30.4428577423, -36.9449386597, 21.1122493744], [484.903167725, 54.899269104, 141.270141602, 342.254302979, 417.251800537, 204.989807129, 125.026794434, 100.893325806, 100.507926941, 44.6327819824, 37.6752128601, 16.9307193756, 40.8840370178], [65.5130386353, 83.1220321655, 118.757789612, 199.164993286, 204.989807129, 305.522857666, 168.743988037, 80.8040924072, 30.957036972, 40.9256057739, 39.6279563904, 16.1611442566, 41.0665397644], [327.130126953, 89.610168457, 18.1571598053, 78.2102661133, 125.026794434, 168.743988037, 276.428314209, 145.062637329, 67.1754989624, 52.5418586731, 49.0883598328, 99.8418731689, 22.5176200867], [390.088012695, 29.1629714966, 36.5213088989, 82.1276473999, 100.893325806, 80.8040924072, 145.062637329, 205.457077026, 140.349822998, 80.7802581787, 43.372631073, 51.1081428528, 35.4581298828], [236.833847046, 54.7501754761, 158.816848755, 78.4419784546, 100.507926941, 30.957036972, 67.1754989624, 140.349822998, 239.36328125, 120.383071899, 70.0351333618, 23.3513336182, 38.2970848083], [72.3547286987, 73.6034927368, 93.9114532471, 34.8072776794, 44.6327819824, 40.9256057739, 52.5418586731, 80.7802581787, 120.383071899, 149.960189819, 86.4222412109, 26.855670929, 30.6217346191], [107.187561035, 126.742637634, 13.530752182, -30.4428577423, 37.6752128601, 39.6279563904, 49.0883598328, 43.372631073, 70.0351333618, 86.4222412109, 134.756134033, 67.8191299438, 38.0530090332], [159.289916992, 33.8973312378, -60.4411315918, -36.9449386597, 16.9307193756, 16.1611442566, 99.8418731689, 51.1081428528, 23.3513336182, 26.855670929, 67.8191299438, 205.6043396, 25.9982891083], [-92.19947052, 86.1625137329, -7.80709695816, 21.1122493744, 40.8840370178, 41.0665397644, 22.5176200867, 35.4581298828, 38.2970848083, 30.6217346191, 38.0530090332, 25.9982891083, 133.892562866]],
