{
"lowlevel": {
    "average_loudness": 0.850056111813,
    "barkbands_crest": {
        "dmean": 2.73631072044,
        "dmean2": 4.25564956665,
        "dvar": 8.70056915283,
        "dvar2": 21.1613674164,
        "max": 26.4341754913,
        "mean": 16.4759140015,
        "median": 16.947511673,
        "min": 2.03548288345,
        "var": 24.4549274445
    },
    "barkbands_flatness_db": {
        "dmean": 0.0529270656407,
        "dmean2": 0.0691258013248,
        "dvar": 0.00504642631859,
        "dvar2": 0.00831602234393,
        "max": 0.64692991972,
        "mean": 0.325867176056,
        "median": 0.345820426941,
        "min": 0.0292075742036,
        "var": 0.0195467676967
    },
    "barkbands_kurtosis": {
        "dmean": 13.9900960922,
        "dmean2": 22.1276073456,
        "dvar": 573.538879395,
        "dvar2": 1316.45788574,
        "max": 321.812591553,
        "mean": 20.420583725,
        "median": 11.7933969498,
        "min": -1.73835015297,
        "var": 728.03918457
    },
    "barkbands_skewness": {
        "dmean": 1.16103422642,
        "dmean2": 1.76302230358,
        "dvar": 1.96857523918,
        "dvar2": 4.57334947586,
        "max": 13.2807979584,
        "mean": 2.47001743317,
        "median": 2.10841608047,
        "min": -2.41027259827,
        "var": 4.04428863525
    },
    "barkbands_spread": {
        "dmean": 5.44894838333,
        "dmean2": 8.78055667877,
        "dvar": 118.589370728,
        "dvar2": 264.913146973,
        "max": 74.1352233887,
        "mean": 7.44792509079,
        "median": 1.82446241379,
        "min": 0.205609351397,
        "var": 166.010513306
    },
    "dissonance": {
        "dmean": 0.0503753684461,
        "dmean2": 0.0758549049497,
        "dvar": 0.00260349037126,
        "dvar2": 0.00509880017489,
        "max": 0.5,
        "mean": 0.34907785058,
        "median": 0.361830860376,
        "min": 0.0675918087363,
        "var": 0.0112590333447
    },
    "dynamic_complexity": 2.8153591156,
    "erbbands_crest": {
        "dmean": 3.45728707314,
        "dmean2": 5.26755046844,
        "dvar": 12.7727241516,
        "dvar2": 26.7863063812,
        "max": 31.63032341,
        "mean": 14.272857666,
        "median": 13.5141029358,
        "min": 2.29522061348,
        "var": 46.4331474304
    },
    "erbbands_flatness_db": {
        "dmean": 0.0377902090549,
        "dmean2": 0.0507462024689,
        "dvar": 0.00278812856413,
        "dvar2": 0.00421713711694,
        "max": 0.535613775253,
        "mean": 0.270767688751,
        "median": 0.286042422056,
        "min": 0.0138039654121,
        "var": 0.0114966332912
    },
    "erbbands_kurtosis": {
        "dmean": 3.9249663353,
        "dmean2": 6.08911466599,
        "dvar": 34.3163871765,
        "dvar2": 77.9498596191,
        "max": 122.627288818,
        "mean": 6.36168479919,
        "median": 3.42160844803,
        "min": -1.7419270277,
        "var": 86.6511611938
    },
    "erbbands_skewness": {
        "dmean": 0.689316928387,
        "dmean2": 1.02308547497,
        "dvar": 0.604000389576,
        "dvar2": 1.38073897362,
        "max": 8.2824048996,
        "mean": 1.27428328991,
        "median": 1.17315089703,
        "min": -2.51286315918,
        "var": 1.60481512547
    },
    "erbbands_spread": {
        "dmean": 10.6542692184,
        "dmean2": 15.8256855011,
        "dvar": 310.845977783,
        "dvar2": 592.687072754,
        "max": 127.651008606,
        "mean": 21.5782871246,
        "median": 9.17066574097,
        "min": 0.674190223217,
        "var": 651.045227051
    },
    "hfc": {
        "dmean": 8.25653648376,
        "dmean2": 12.0915708542,
        "dvar": 365.255004883,
        "dvar2": 712.114196777,
        "max": 184.804504395,
        "mean": 11.9894742966,
        "median": 5.1146402359,
        "min": 1.25044363804e-16,
        "var": 480.950805664
    },
    "melbands_crest": {
        "dmean": 2.9632806778,
        "dmean2": 4.81357717514,
        "dvar": 10.7302751541,
        "dvar2": 27.0724716187,
        "max": 39.8219947815,
        "mean": 20.9828891754,
        "median": 20.3953781128,
        "min": 2.80214858055,
        "var": 46.7442436218
    },
    "melbands_flatness_db": {
        "dmean": 0.0635273903608,
        "dmean2": 0.08187866956,
        "dvar": 0.00757961766794,
        "dvar2": 0.0128816515207,
        "max": 0.80825316906,
        "mean": 0.425716876984,
        "median": 0.449908524752,
        "min": 0.0074691013433,
        "var": 0.0300150196999
    },
    "melbands_kurtosis": {
        "dmean": 18.7987518311,
        "dmean2": 30.4480247498,
        "dvar": 1365.88623047,
        "dvar2": 3539.47900391,
        "max": 578.992797852,
        "mean": 25.8262653351,
        "median": 10.8162603378,
        "min": -1.53751552105,
        "var": 1939.18151855
    },
    "melbands_skewness": {
        "dmean": 1.13329839706,
        "dmean2": 1.74412429333,
        "dvar": 2.05689167976,
        "dvar2": 4.99425315857,
        "max": 21.3855323792,
        "mean": 2.84533166885,
        "median": 2.36534404755,
        "min": -1.76803433895,
        "var": 5.98005342484
    },
    "melbands_spread": {
        "dmean": 5.36195611954,
        "dmean2": 8.74224281311,
        "dvar": 145.831100464,
        "dvar2": 348.48046875,
        "max": 141.758956909,
        "mean": 7.40404939651,
        "median": 2.37429738045,
        "min": 0.377381950617,
        "var": 186.57409668
    },
    "pitch_salience": {
        "dmean": 0.077294357121,
        "dmean2": 0.121310062706,
        "dvar": 0.00859605893493,
        "dvar2": 0.0188539084047,
        "max": 0.846905767918,
        "mean": 0.471592724323,
        "median": 0.498915523291,
        "min": 0.020900959149,
        "var": 0.0303220171481
    },
    "silence_rate_20dB": {
        "dmean": 0,
        "dmean2": 0,
        "dvar": 0,
        "dvar2": 0,
        "max": 1,
        "mean": 1,
        "median": 1,
        "min": 1,
        "var": 0
    },
    "silence_rate_30dB": {
        "dmean": 0.0731965005398,
        "dmean2": 0.14640404284,
        "dvar": 0.0678461939096,
        "dvar2": 0.139928400517,
        "max": 1,
        "mean": 0.867954432964,
        "median": 1,
        "min": 0,
        "var": 0.114616654813
    },
    "silence_rate_60dB": {
        "dmean": 0.0159975849092,
        "dmean2": 0.0319975838065,
        "dvar": 0.0157449916005,
        "dvar2": 0.0370234660804,
        "max": 1,
        "mean": 0.055685505271,
        "median": 0,
        "min": 0,
        "var": 0.0525952838361
    },
    "spectral_centroid": {
        "dmean": 262.066070557,
        "dmean2": 420.406860352,
        "dvar": 263073.21875,
        "dvar2": 587535.6875,
        "max": 10333.2119141,
        "mean": 610.657043457,
        "median": 322.016357422,
        "min": 113.510704041,
        "var": 435341.25
    },
    "spectral_complexity": {
        "dmean": 4.28056144714,
        "dmean2": 6.92551517487,
        "dvar": 72.8392562866,
        "dvar2": 138.375823975,
        "max": 63,
        "mean": 9.63208293915,
        "median": 6,
        "min": 0,
        "var": 106.506027222
    },
    "spectral_decrease": {
        "dmean": 4.42957581726e-09,
        "dmean2": 6.98797819609e-09,
        "dvar": 9.56289080143e-17,
        "dvar2": 1.93673527524e-16,
        "max": 1.29528854753e-29,
        "mean": -1.13780531663e-08,
        "median": -4.4956802725e-09,
        "min": -7.25340854046e-08,
        "var": 1.88568817293e-16
    },
    "spectral_energy": {
        "dmean": 0.0173096936196,
        "dmean2": 0.0271123684943,
        "dvar": 0.0014064880088,
        "dvar2": 0.00284424982965,
        "max": 0.276562839746,
        "mean": 0.0440306887031,
        "median": 0.0177431479096,
        "min": 1.12930017257e-20,
        "var": 0.00276627857238
    },
    "spectral_energyband_high": {
        "dmean": 0.000599328952376,
        "dmean2": 0.000917028344702,
        "dvar": 2.15302293327e-06,
        "dvar2": 4.29696456195e-06,
        "max": 0.0194140244275,
        "mean": 0.000588182883803,
        "median": 2.75906722891e-06,
        "min": 8.1867745435e-21,
        "var": 2.91909395855e-06
    },
    "spectral_energyband_low": {
        "dmean": 0.0126648684964,
        "dmean2": 0.0200511813164,
        "dvar": 0.00127467082348,
        "dvar2": 0.00257093808614,
        "max": 0.268719315529,
        "mean": 0.0295969229192,
        "median": 0.000789414683823,
        "min": 7.24926568752e-23,
        "var": 0.00248076673597
    },
    "spectral_energyband_middle_high": {
        "dmean": 0.00157268566545,
        "dmean2": 0.00251856306568,
        "dvar": 2.90859934466e-05,
        "dvar2": 6.95839480613e-05,
        "max": 0.0507144443691,
        "mean": 0.00135171005968,
        "median": 9.23603511183e-05,
        "min": 1.58784104046e-21,
        "var": 2.61340010184e-05
    },
    "spectral_energyband_middle_low": {
        "dmean": 0.00664149597287,
        "dmean2": 0.011433343403,
        "dvar": 0.000249219214311,
        "dvar2": 0.000668645254336,
        "max": 0.125144287944,
        "mean": 0.0130972182378,
        "median": 0.00966670643538,
        "min": 4.59610507734e-22,
        "var": 0.000207467048313
    },
    "spectral_entropy": {
        "dmean": 0.443962037563,
        "dmean2": 0.594593405724,
        "dvar": 0.437920212746,
        "dvar2": 0.726411998272,
        "max": 9.81548309326,
        "mean": 6.05472326279,
        "median": 5.75389814377,
        "min": 3.86991667747,
        "var": 1.54471409321
    },
    "spectral_flux": {
        "dmean": 0.0429633520544,
        "dmean2": 0.067320972681,
        "dvar": 0.00509062083438,
        "dvar2": 0.0112637784332,
        "max": 0.468914031982,
        "mean": 0.0760620161891,
        "median": 0.0349192619324,
        "min": 1.06268535638e-10,
        "var": 0.00940301176161
    },
    "spectral_kurtosis": {
        "dmean": 18.7761554718,
        "dmean2": 29.5294361115,
        "dvar": 842.164672852,
        "dvar2": 1644.40393066,
        "max": 383.940948486,
        "mean": 51.2521286011,
        "median": 25.2086143494,
        "min": -1.20393538475,
        "var": 3724.40527344
    },
    "spectral_rms": {
        "dmean": 0.00109458412044,
        "dmean2": 0.00163146469276,
        "dvar": 3.93802383769e-06,
        "dvar2": 6.97180757925e-06,
        "max": 0.0164261199534,
        "mean": 0.00553911644965,
        "median": 0.00416057556868,
        "min": 3.31927150696e-12,
        "var": 1.22752071547e-05
    },
    "spectral_rolloff": {
        "dmean": 449.834747314,
        "dmean2": 793.089050293,
        "dvar": 1272235.75,
        "dvar2": 3167773,
        "max": 19056.8847656,
        "mean": 673.522277832,
        "median": 366.064453125,
        "min": 21.533203125,
        "var": 1334677.125
    },
    "spectral_skewness": {
        "dmean": 1.16932106018,
        "dmean2": 1.74356269836,
        "dvar": 2.65069198608,
        "dvar2": 4.65117692947,
        "max": 17.1472606659,
        "mean": 4.86780691147,
        "median": 3.99613261223,
        "min": 0.088461600244,
        "var": 12.2570400238
    },
    "spectral_spread": {
        "dmean": 827910.125,
        "dmean2": 1181068.875,
        "dvar": 1.33838667776e+12,
        "dvar2": 1.96242623693e+12,
        "max": 40638400,
        "mean": 2930989.75,
        "median": 2039861.5,
        "min": 282821.9375,
        "var": 4.62010607206e+12
    },
    "spectral_strongpeak": {
        "dmean": 0.216343909502,
        "dmean2": 0.360349088907,
        "dvar": 0.111532106996,
        "dvar2": 0.314019680023,
        "max": 8.50020122528,
        "mean": 0.772254228592,
        "median": 0.723079442978,
        "min": 0,
        "var": 0.174717918038
    },
    "zerocrossingrate": {
        "dmean": 0.0100101707503,
        "dmean2": 0.0119175119326,
        "dvar": 0.000274398713373,
        "dvar2": 0.000340570084518,
        "max": 0.4921875,
        "mean": 0.0258332211524,
        "median": 0.01513671875,
        "min": 0,
        "var": 0.000881758460309
    },
    "barkbands": {
        "dmean": [0.000485306634801, 0.00943063013256, 0.00599041208625, 0.0017904213164, 0.00316129601561, 0.00145902915392, 0.000690297689289, 0.000368509616237, 0.000300156563753, 0.000249918404734, 0.00020148481417, 0.000172876869328, 0.000155896690558, 0.000118009993457, 0.00010049372213, 0.000162657350302, 0.000152219479787, 0.000111535169708, 0.000163964476087, 0.000154292953084, 0.000169401013409, 0.000183088341146, 9.38669909374e-05, 8.3782200818e-05, 3.00967876683e-05, 1.33989269671e-05, 1.48649928633e-06],
        "dmean2": [0.000749465019908, 0.0146238384768, 0.0108931781724, 0.00325930910185, 0.00522175617516, 0.00234450073913, 0.00120597344358, 0.000627789588179, 0.000500317662954, 0.000436077825725, 0.000324749184074, 0.000277902145172, 0.00025638967054, 0.000195157961571, 0.000160014009452, 0.000265961571131, 0.00024264138483, 0.000180893010111, 0.000259108812315, 0.00024541807943, 0.000258333137026, 0.000287669798126, 0.000132727058372, 0.000141936354339, 4.8467405577e-05, 2.22323069465e-05, 2.43154181589e-06],
        "dvar": [4.00963699576e-06, 0.000764480384532, 0.000515588908456, 4.23260316893e-05, 6.44142637611e-05, 5.5375176089e-06, 5.13234817845e-06, 1.01534556052e-06, 5.98157498644e-07, 6.44557587748e-07, 6.16089209871e-07, 4.28172000966e-07, 1.94456788449e-07, 1.58954193807e-07, 1.63992140756e-07, 4.42122740196e-07, 3.68471262391e-07, 1.71451162601e-07, 2.05938491149e-07, 1.80973515285e-07, 2.24481809141e-07, 2.66755364464e-07, 5.11687119342e-08, 3.87457355089e-08, 4.62221949604e-09, 1.01110508854e-09, 1.30258833234e-11],
        "dvar2": [9.06357945496e-06, 0.00149613677058, 0.00146444200072, 0.000122152938275, 0.000171399689862, 1.6811889509e-05, 1.41450154842e-05, 2.79015671367e-06, 1.54018141529e-06, 1.73010005255e-06, 1.47336049849e-06, 1.05850858745e-06, 4.09783694977e-07, 4.11603537032e-07, 4.03917709946e-07, 1.09087034161e-06, 9.01564760625e-07, 4.45207092525e-07, 4.73718557714e-07, 3.99008456498e-07, 4.64428723035e-07, 6.1614440483e-07, 9.71582920783e-08, 9.66113518075e-08, 1.06549693513e-08, 2.57718646424e-09, 3.14885409414e-11],
        "max": [0.0448576845229, 0.239634841681, 0.18574655056, 0.0572102181613, 0.0849232003093, 0.0359495915473, 0.0340977087617, 0.0202775429934, 0.0129005191848, 0.00948731321841, 0.0082171196118, 0.00648296950385, 0.00427398504689, 0.00492067402229, 0.0049354461953, 0.00781642179936, 0.00684231426567, 0.00552223203704, 0.00480440072715, 0.00651118112728, 0.00530426483601, 0.00792594254017, 0.00245180726051, 0.00151079881471, 0.000862355052959, 0.000262792251306, 5.8586771047e-05],
        "mean": [0.0025577978231, 0.0216684751213, 0.00481130275875, 0.00138475943822, 0.00653647398576, 0.00353352562524, 0.000719420902897, 0.000481570459669, 0.000359415920684, 0.000218452623812, 0.000168051526998, 0.000143344543176, 0.000130149332108, 9.57008305704e-05, 8.15010353108e-05, 0.000125870516058, 0.000122350029415, 9.62943813647e-05, 0.000137993411045, 0.000139500611112, 0.000149821004015, 0.000161019706866, 9.2456873972e-05, 7.27354854462e-05, 3.04539280478e-05, 1.10853543447e-05, 1.3806500192e-06],
        "median": [4.48066430181e-06, 0.000227952623391, 0.000415135000367, 0.000334402924636, 0.00348507985473, 0.00259924400598, 0.000196920096641, 9.03633335838e-05, 0.000159463656018, 4.7897483455e-05, 9.60285069596e-06, 6.76687432133e-06, 3.66226049664e-06, 2.861382427e-06, 1.78272432549e-06, 1.85852786672e-06, 1.32381637741e-06, 8.64516266574e-07, 9.80971321951e-07, 8.19776801109e-07, 7.39221491131e-07, 5.20409116689e-07, 3.63217395716e-07, 1.72585103542e-07, 3.73577258017e-08, 5.85400741215e-08, 5.0381306238e-08],
        "min": [4.03375819731e-24, 2.09610376828e-23, 3.35146482732e-23, 1.80776942762e-23, 1.30643077809e-22, 8.68292256401e-23, 8.13825891625e-23, 2.31033109555e-23, 7.16999463288e-23, 1.44322405533e-22, 6.21391099297e-23, 1.08682767929e-22, 1.00227744125e-22, 4.44377054607e-23, 6.97069870705e-23, 1.33125818715e-22, 1.84290491369e-22, 1.53988450733e-22, 3.74995545235e-22, 4.87321512638e-22, 5.66526176748e-22, 5.12867933706e-22, 5.92534201352e-22, 9.54957398973e-22, 1.12576090584e-21, 1.68169756526e-21, 2.64698967318e-21],
        "var": [4.69646729471e-05, 0.00136680633295, 0.000339832418831, 2.44815673796e-05, 7.23367993487e-05, 1.27845287352e-05, 3.91637831854e-06, 1.59751664341e-06, 5.19778552643e-07, 4.67520379743e-07, 5.33988668394e-07, 3.73554684074e-07, 2.02213428224e-07, 1.3263327503e-07, 1.37185324434e-07, 3.71892525663e-07, 3.16452656079e-07, 1.44403003333e-07, 2.09969044818e-07, 2.23522562237e-07, 2.58282767618e-07, 2.84951880758e-07, 7.3180942195e-08, 3.76098228116e-08, 6.47332987214e-09, 9.00465590981e-10, 1.65545962355e-11]
    },
    "erbbands": {
        "dmean": [0.277899086475, 2.12038064003, 6.65414476395, 6.38392829895, 10.1458883286, 10.3517112732, 5.66570615768, 16.867389679, 9.10581493378, 10.6192131042, 6.61423158646, 7.70576858521, 6.90791034698, 8.5485086441, 7.7206492424, 7.40868616104, 7.45705652237, 6.33711147308, 4.91016960144, 7.13101053238, 8.14052963257, 9.23863506317, 6.46619224548, 5.56463861465, 10.5962762833, 7.02179431915, 6.16796541214, 6.90568637848, 5.37044525146, 5.55581665039, 2.55182290077, 1.97336614132, 1.17688798904, 0.422061175108, 0.205165833235, 0.0770517736673, 0.0193710234016, 0.0034972585272, 0.000253277015872, 2.36058294831e-05],
        "dmean2": [0.433304131031, 3.3850941658, 11.8569192886, 11.5533189774, 17.6652832031, 16.3328170776, 9.40938663483, 27.1297073364, 15.7926969528, 18.2840118408, 11.6626300812, 12.899600029, 12.0549526215, 14.6701641083, 12.2701292038, 12.0544672012, 12.1298570633, 10.5989227295, 7.86460828781, 11.4728298187, 13.1287307739, 14.8118162155, 10.2576618195, 8.62338829041, 17.1388111115, 11.214058876, 9.58749675751, 10.3067140579, 7.97757959366, 8.72628116608, 3.70537900925, 3.2215487957, 1.99147605896, 0.661346554756, 0.34285390377, 0.126904949546, 0.0320105440915, 0.00581371877342, 0.000412554130889, 3.46777123923e-05],
        "dvar": [0.644983649254, 44.4057159424, 547.079589844, 582.404174805, 887.461425781, 402.234619141, 176.451095581, 665.119628906, 668.936096191, 892.976013184, 346.419281006, 443.247711182, 409.376159668, 1037.1463623, 930.386291504, 816.063415527, 482.488250732, 422.073455811, 330.859680176, 863.069274902, 1073.85864258, 1345.16149902, 538.104736328, 342.622650146, 848.05871582, 380.000610352, 279.466918945, 361.716125488, 231.218536377, 225.728363037, 36.6589241028, 20.4159317017, 7.68520307541, 0.898959517479, 0.229411691427, 0.0324290841818, 0.0020893488545, 7.21725155017e-05, 3.90342222545e-07, 1.81516046638e-09],
        "dvar2": [1.51591742039, 83.6818618774, 1535.26538086, 1649.26342773, 2473.01757812, 1055.01379395, 498.014556885, 2107.14624023, 1815.50512695, 2476.83325195, 967.331054688, 1148.41247559, 1123.32641602, 2733.20532227, 2174.74829102, 2031.98583984, 1017.44995117, 1075.65588379, 827.611999512, 2132.02978516, 2564.61010742, 3315.9453125, 1338.45410156, 819.983947754, 2020.56689453, 799.516662598, 599.276000977, 702.804382324, 489.252685547, 532.242126465, 73.9892044067, 47.272315979, 19.1830425262, 1.95807754993, 0.578567683697, 0.0818691700697, 0.00530951004475, 0.000183041542186, 9.53355026923e-07, 3.38340466755e-09],
        "max": [10.2393865585, 59.7899169922, 191.388442993, 214.158370972, 282.547210693, 230.251815796, 262.499206543, 444.454406738, 394.681365967, 392.016540527, 206.053131104, 336.738098145, 346.391601562, 343.020172119, 342.755157471, 269.581573486, 200.712417603, 209.240509033, 217.201141357, 331.590759277, 328.604125977, 390.473754883, 286.113342285, 252.401382446, 317.584533691, 393.868621826, 184.69090271, 276.993835449, 216.059143066, 221.945907593, 61.0782051086, 40.4618110657, 28.3267860413, 12.3057775497, 4.46028232574, 1.38840150833, 0.384979367256, 0.101762287319, 0.0103556858376, 0.000425735692261],
        "mean": [0.841673970222, 3.92326807976, 6.39307689667, 5.02529907227, 15.8761024475, 22.5737857819, 11.2439317703, 42.249961853, 12.8512859344, 13.8870410919, 6.91334486008, 9.46071529388, 7.42357635498, 6.57777404785, 6.61941099167, 6.06150960922, 6.28346061707, 4.97587823868, 4.21312665939, 5.70114707947, 6.53806781769, 7.41852426529, 5.65987014771, 5.03278398514, 8.46592903137, 6.6125292778, 5.36949062347, 6.4949464798, 5.01461458206, 4.79469203949, 2.49651908875, 1.80043137074, 1.03279995918, 0.437740027905, 0.185038715601, 0.0639544576406, 0.0164053440094, 0.00308162276633, 0.000253578589763, 5.65234622627e-05],
        "median": [0.00165925524198, 0.0714226514101, 0.518700182438, 0.991047680378, 5.89402389526, 15.6162147522, 7.90847635269, 30.2919826508, 6.53733682632, 4.45120859146, 1.71910238266, 4.35479831696, 3.0461537838, 0.545218288898, 0.359230518341, 0.310235261917, 0.186634406447, 0.162997081876, 0.107090681791, 0.109091386199, 0.0966441333294, 0.0790396258235, 0.0523346066475, 0.0433177873492, 0.0540212206542, 0.0374644100666, 0.0319084152579, 0.0260781440884, 0.017856201157, 0.0158647019416, 0.00964164547622, 0.00506199104711, 0.00213917973451, 0.000618248886894, 0.000238948166952, 0.000221653477638, 0.000111422632472, 3.48989706254e-05, 2.85870137304e-05, 2.30709829339e-05],
        "min": [7.80126940201e-22, 4.48222718703e-21, 2.82898774485e-20, 6.73814024532e-20, 1.11039032294e-19, 7.57957796196e-19, 5.50477323921e-19, 6.40810409895e-19, 8.57174698552e-19, 1.16693202106e-18, 6.70587154188e-19, 1.96514145984e-18, 3.07477033718e-18, 4.74192535802e-18, 2.40444839777e-18, 5.04654330399e-18, 4.78228019139e-18, 2.70597620377e-18, 1.53610252165e-18, 5.95460853197e-18, 8.6948130559e-18, 8.56258823498e-18, 9.18686971508e-18, 1.3238920652e-17, 2.3269945553e-17, 1.92005031437e-17, 2.23616731162e-17, 2.15781841836e-17, 1.90327542242e-17, 1.87054984128e-17, 1.72477580193e-17, 1.93141825753e-17, 1.4831480732e-17, 1.09333143403e-17, 8.92071938991e-18, 6.65007965713e-18, 3.25213688566e-18, 1.07287103886e-18, 3.81834997657e-19, 4.32728196035e-20],
        "var": [2.382127285, 63.9574737549, 418.554077148, 358.3331604, 740.09387207, 558.520324707, 233.522903442, 1856.91003418, 563.97442627, 925.77331543, 301.292419434, 373.807739258, 317.350738525, 747.030090332, 849.673278809, 686.586791992, 504.376220703, 349.243408203, 279.718048096, 727.675842285, 952.504821777, 1143.90234375, 495.069000244, 336.959075928, 797.074035645, 526.173156738, 309.367004395, 462.470092773, 279.188476562, 235.58972168, 51.4014625549, 22.4321022034, 7.89154815674, 1.40032505989, 0.234974473715, 0.0288439691067, 0.00193811149802, 7.94717416284e-05, 4.93111031119e-07, 4.08355393944e-09]
    },
    "gfcc": {
        "mean": [-137.987014771, 152.882324219, -54.1987342834, 10.6446657181, -66.5497970581, -14.0163125992, -29.6401596069, -11.0129232407, -19.0503234863, -6.48631620407, -10.4944257736, -2.5313103199, -5.06553506851],
        "cov": [[15690.4072266, -4876.08105469, -3198.37915039, 2708.88598633, -451.450927734, 1338.23608398, -883.640930176, 674.315429688, -304.289123535, 450.269592285, -255.831817627, 195.506958008, -366.26739502], [-4876.08105469, 4397.56054688, 2414.75756836, -1142.43078613, 485.87512207, -613.235168457, 765.381103516, -323.936431885, 316.209411621, -234.866287231, 229.399749756, -169.29347229, 282.693389893], [-3198.37915039, 2414.75756836, 2735.71289062, -168.437973022, 455.13684082, -12.6878395081, 628.170166016, 83.8180770874, 169.870620728, 46.3204421997, 270.011901855, -22.7957210541, 226.129577637], [2708.88598633, -1142.43078613, -168.437973022, 1121.33630371, 119.835700989, 432.910614014, -58.5668106079, 296.096130371, 49.186958313, 158.605072021, 24.0646190643, 98.3999176025, -0.408905506134], [-451.450927734, 485.87512207, 455.13684082, 119.835700989, 379.103240967, 117.50302124, 268.315979004, 103.251907349, 174.75189209, 49.4491500854, 99.0742034912, 7.46154785156, 77.23828125], [1338.23608398, -613.235168457, -12.6878395081, 432.910614014, 117.50302124, 415.944000244, 69.6055679321, 212.871505737, 45.9757385254, 126.961296082, 32.6583366394, 47.4568710327, 0.271459877491], [-883.640930176, 765.381103516, 628.170166016, -58.5668106079, 268.315979004, 69.6055679321, 377.134063721, 94.1964035034, 180.807174683, 32.9455375671, 123.611022949, -0.233042657375, 84.8492660522], [674.315429688, -323.936431885, 83.8180770874, 296.096130371, 103.251907349, 212.871505737, 94.1964035034, 213.504180908, 78.8271713257, 101.515151978, 46.7196655273, 37.14661026, 8.76458358765], [-304.289123535, 316.209411621, 169.870620728, 49.186958313, 174.75189209, 45.9757385254, 180.807174683, 78.8271713257, 207.226593018, 47.6871757507, 81.3477096558, 19.379611969, 51.332157135], [450.269592285, -234.866287231, 46.3204421997, 158.605072021, 49.4491500854, 126.961296082, 32.9455375671, 101.515151978, 47.6871757507, 112.517044067, 54.4025917053, 35.1520843506, 8.34606075287], [-255.831817627, 229.399749756, 270.011901855, 24.0646190643, 99.0742034912, 32.6583366394, 123.611022949, 46.7196655273, 81.3477096558, 54.4025917053, 119.986633301, 48.1697616577, 55.8810386658], [195.506958008, -169.29347229, -22.7957210541, 98.3999176025, 7.46154785156, 47.4568710327, -0.233042657375, 37.14661026, 19.379611969, 35.1520843506, 48.1697616577, 84.9821472168, 35.3398551941], [-366.26739502, 282.693389893, 226.129577637, -0.408905506134, 77.23828125, 0.271459877491, 84.8492660522, 8.76458358765, 51.332157135, 8.34606075287, 55.8810386658, 35.3398551941, 94.3324890137]],
        "icov": [[0.00032761451439, -0.000659730168991, 0.000690921908244, -0.000788809265941, 0.000364199484466, -0.000786843767855, 0.0002747909748, -0.00055444490863, 0.00103948335163, -0.0010746975895, -1.34586471745e-07, -0.00044071348384, 0.000792467326391], [-0.000659730168991, 0.00336517882533, -0.00257382448763, 0.00212082080543, -0.000948231318034, 0.0026193195954, -0.00176167278551, 0.00311910826713, -0.00409368937835, 0.00417059194297, -0.000676079769619, 0.00332993804477, -0.00339192035608], [0.000690921908244, -0.00257382448763, 0.00295997061767, -0.00210852152668, 0.000705547456164, -0.00185101793613, 3.45812736668e-06, -0.00242648366839, 0.00458474783227, -0.00378822931089, -0.000626236433163, -0.00124600087292, 0.00161924248096], [-0.000788809265941, 0.00212082080543, -0.00210852152668, 0.0041945008561, -0.0018135716673, 0.000841647677589, 0.00119408091996, -0.00027576618595, -0.0035069170408, 0.00378755596466, -0.00017073386698, 0.000817897554953, -0.00254367548041], [0.000364199484466, -0.000948231318034, 0.000705547456164, -0.0018135716673, 0.00737716723233, -0.00198655249551, -0.00266819307581, 0.0001436273742, -0.00125580781605, -0.00114037632011, -0.000323914689943, 0.00111761386506, -0.000533997779712], [-0.000786843767855, 0.0026193195954, -0.00185101793613, 0.000841647677589, -0.00198655249551, 0.0094002597034, -0.00377066945657, -0.000631155446172, -0.000883401022293, -0.00070638069883, 0.00222094217315, 0.00105619314127, -0.00258215283975], [0.0002747909748, -0.00176167278551, 3.45812736668e-06, 0.00119408091996, -0.00266819307581, -0.00377066945657, 0.0140236644074, -0.00615683943033, -0.00290015316568, 0.00391168240458, -0.0058596720919, 0.00167253357358, 0.000573532015551], [-0.00055444490863, 0.00311910826713, -0.00242648366839, -0.00027576618595, 0.0001436273742, -0.000631155446172, -0.00615683943033, 0.0188001859933, -0.00545836566016, -0.00359709025361, 0.00280312355608, 0.000669353234116, -0.000632011389825], [0.00103948335163, -0.00409368937835, 0.00458474783227, -0.0035069170408, -0.00125580781605, -0.000883401022293, -0.00290015316568, -0.00545836566016, 0.0176187511533, -0.00840403232723, -0.00120795285329, -0.0031732195057, 0.00250532990322], [-0.0010746975895, 0.00417059194297, -0.00378822931089, 0.00378755596466, -0.00114037632011, -0.00070638069883, 0.00391168240458, -0.00359709025361, -0.00840403232723, 0.0298330578953, -0.0129076680169, 0.00527117401361, -0.00221694516949], [-1.34586471745e-07, -0.000676079769619, -0.000626236433163, -0.00017073386698, -0.000323914689943, 0.00222094217315, -0.0058596720919, 0.00280312355608, -0.00120795285329, -0.0129076680169, 0.0283788759261, -0.0138067966327, -0.00104444089811], [-0.00044071348384, 0.00332993804477, -0.00124600087292, 0.000817897554953, 0.00111761386506, 0.00105619314127, 0.00167253357358, 0.000669353234116, -0.0031732195057, 0.00527117401361, -0.0138067966327, 0.028728030622, -0.0125076649711], [0.000792467326391, -0.00339192035608, 0.00161924248096, -0.00254367548041, -0.000533997779712, -0.00258215283975, 0.000573532015551, -0.000632011389825, 0.00250532990322, -0.00221694516949, -0.00104444089811, -0.0125076649711, 0.0240747760981]]
    },
    "melbands": {
        "dmean": [0.00261818594299, 0.00304518290795, 0.00120362162124, 0.000809499179013, 0.000226689313422, 0.00033472359064, 0.000146648832015, 0.000111275447125, 4.92804683745e-05, 4.89375961479e-05, 3.42708117387e-05, 3.48250796378e-05, 2.68366093223e-05, 2.1117128199e-05, 1.71235278685e-05, 1.47034270412e-05, 1.17469862744e-05, 8.02043905423e-06, 7.53634549255e-06, 1.18642756206e-05, 8.77196634974e-06, 9.94340553007e-06, 7.76945398684e-06, 4.80959033666e-06, 4.0898635234e-06, 7.36434776627e-06, 7.37475238566e-06, 4.52947551821e-06, 3.08507219415e-06, 4.75269234812e-06, 3.91373941966e-06, 3.27584530169e-06, 3.17012677442e-06, 2.73236082649e-06, 1.49013794726e-06, 1.25481494706e-06, 1.14636418402e-06, 8.43934003569e-07, 5.97605549046e-07, 2.87783620934e-07],
        "dmean2": [0.00403518183157, 0.00507537601516, 0.00215389858931, 0.00134119810537, 0.000374749390176, 0.000538265798241, 0.000256267841905, 0.000190390695934, 8.68727511261e-05, 8.15187595435e-05, 5.99428531132e-05, 6.00531420787e-05, 4.2563497118e-05, 3.47699278791e-05, 2.63516267296e-05, 2.42872465606e-05, 1.9779550712e-05, 1.30243042804e-05, 1.19744854601e-05, 1.95751326828e-05, 1.42462895383e-05, 1.62536071002e-05, 1.25902724903e-05, 7.6170003922e-06, 6.31785860605e-06, 1.20268005048e-05, 1.2009269085e-05, 7.14544830771e-06, 4.87425813844e-06, 7.35224102755e-06, 5.82226130064e-06, 4.94578625876e-06, 4.93846982863e-06, 4.24101608587e-06, 2.16716694013e-06, 1.87364287285e-06, 1.91513595382e-06, 1.43418492371e-06, 9.98615405479e-07, 4.39766068894e-07],
        "dvar": [5.63917674299e-05, 9.20021702768e-05, 1.58697348525e-05, 4.32969318354e-06, 2.37941492287e-07, 2.67781359753e-07, 1.88492705888e-07, 9.35608213126e-08, 1.91509261782e-08, 1.71917680092e-08, 1.02847579342e-08, 1.69183174137e-08, 1.11403304359e-08, 6.90655843627e-09, 2.85244872167e-09, 1.86437443261e-09, 1.5523460295e-09, 8.53736747963e-10, 8.69816607629e-10, 2.56409449229e-09, 1.25632282355e-09, 1.76278736053e-09, 8.28641377737e-10, 3.062881615e-10, 1.91744897737e-10, 4.54100257397e-10, 4.62985400018e-10, 1.75522096857e-10, 7.22557152999e-11, 1.68345795637e-10, 1.28218588524e-10, 8.55716469905e-11, 8.1995368828e-11, 5.32771708694e-11, 1.32034773739e-11, 8.76425754887e-12, 7.08841622551e-12, 4.04045156707e-12, 1.88724990496e-12, 4.62620664433e-13],
        "dvar2": [0.000120432763651, 0.000230417528655, 4.45291334472e-05, 1.15481871035e-05, 6.85105248976e-07, 8.38293942707e-07, 5.14924977324e-07, 2.58639261119e-07, 5.32926769381e-08, 4.447650781e-08, 2.82355827608e-08, 4.4808512456e-08, 2.56553409628e-08, 1.7403552377e-08, 6.1992428968e-09, 4.24746504635e-09, 4.03809208294e-09, 2.15619078148e-09, 2.09768424853e-09, 6.58543841681e-09, 2.97411784089e-09, 4.5413974803e-09, 2.04821914984e-09, 7.88229315152e-10, 4.55340959382e-10, 1.09720577068e-09, 1.13050502293e-09, 3.83194531661e-10, 1.43967476829e-10, 3.73655717478e-10, 2.5181279284e-10, 1.85075441084e-10, 1.87725265888e-10, 1.2403732208e-10, 2.7120644272e-11, 1.72664053194e-11, 1.71661591192e-11, 1.02191735976e-11, 4.57327882161e-12, 9.61560800601e-13],
        "max": [0.0750097557902, 0.0793598219752, 0.0338680408895, 0.0223381537944, 0.00996764935553, 0.00885891634971, 0.00669041648507, 0.00444541452453, 0.00154177006334, 0.0023666229099, 0.00167723710183, 0.00140853831545, 0.00112866761629, 0.000813111197203, 0.00065454444848, 0.000465047807666, 0.000464157667011, 0.000367278960766, 0.000331428658683, 0.000616615929175, 0.000358935969416, 0.000455079629319, 0.000317425525282, 0.00024590594694, 0.000195877917577, 0.000230469027883, 0.000264340691501, 0.000318267586408, 0.000106557781692, 0.000144179255585, 0.000180269606062, 0.000136038099299, 0.000103921811387, 0.000112009387522, 3.67473658116e-05, 5.96621284785e-05, 1.75543827936e-05, 1.94115746126e-05, 1.67455691553e-05, 1.17576719276e-05],
        "mean": [0.00669938279316, 0.00405026553199, 0.00110004737508, 0.00162956339773, 0.000487016426632, 0.000829953700304, 0.000193716070498, 0.000148671446368, 4.751896995e-05, 6.13424854237e-05, 3.59213372576e-05, 2.61587138084e-05, 2.30633104366e-05, 1.69127979461e-05, 1.50000487338e-05, 1.17821909953e-05, 9.13110761758e-06, 6.92026878824e-06, 6.13958081885e-06, 8.99108908925e-06, 7.07897515895e-06, 7.58308669901e-06, 6.68733582643e-06, 4.1279472498e-06, 3.78811364499e-06, 5.78635990678e-06, 5.88223883824e-06, 4.21766344516e-06, 2.79352821053e-06, 4.00894259656e-06, 3.70038242181e-06, 2.99172802443e-06, 2.80430549537e-06, 2.36007213061e-06, 1.42882868204e-06, 1.25487918012e-06, 1.00468628261e-06, 7.33676301934e-07, 5.33336560693e-07, 3.19223516954e-07],
        "median": [3.72853573936e-05, 0.000208212804864, 0.00036653431016, 0.00083527318202, 0.000363091297913, 0.000602019194048, 8.80777952261e-05, 4.25973630627e-05, 1.02022449937e-05, 2.90035513899e-05, 1.38520672408e-05, 1.63120353136e-06, 1.12788211482e-06, 9.91190631794e-07, 5.02514467371e-07, 3.7016133092e-07, 2.87914843966e-07, 1.66798358237e-07, 1.35306549964e-07, 1.36679190632e-07, 1.01861061808e-07, 8.10133187201e-08, 5.53940182613e-08, 3.67782604371e-08, 3.09795566977e-08, 3.97059096713e-08, 3.52285240979e-08, 2.08122763468e-08, 1.84057462604e-08, 1.82980528507e-08, 1.34581066291e-08, 9.92826887369e-09, 9.03102659322e-09, 8.15053624592e-09, 5.62625102063e-09, 3.63046059881e-09, 2.62277022323e-09, 1.50459411596e-09, 8.73524308442e-10, 3.09768932727e-10],
        "min": [6.58725440472e-24, 1.20280075576e-23, 9.81257138028e-24, 3.26518174586e-23, 2.26136539476e-23, 1.58864074978e-23, 1.34272140895e-23, 1.05271200105e-23, 5.87174849178e-24, 1.24679884166e-23, 1.49722439263e-23, 1.93179887231e-23, 8.14637881932e-24, 9.58856801536e-24, 1.72597875125e-23, 6.67411035697e-24, 4.79496045591e-24, 1.54507332277e-24, 6.56649592443e-24, 9.49272457082e-24, 1.06104126781e-23, 9.18693762927e-24, 7.6241844545e-24, 9.14781486153e-24, 1.04899425738e-23, 1.51012479279e-23, 1.84346885457e-23, 1.16371403897e-23, 1.64047743095e-23, 9.35230417425e-24, 1.46754760315e-23, 1.05793812566e-23, 1.09300717386e-23, 1.01586336154e-23, 9.98451702521e-24, 8.80227879669e-24, 1.36892563273e-23, 1.12120824125e-23, 7.7408546158e-24, 1.01028295949e-23],
        "var": [0.000130528977024, 0.000100722761999, 1.00685065263e-05, 4.76295372209e-06, 3.19172556829e-07, 7.13753706805e-07, 1.51357340883e-07, 1.12398389263e-07, 1.55001291802e-08, 1.47807899253e-08, 7.89779797117e-09, 1.20461409736e-08, 1.03009023533e-08, 5.64638158451e-09, 3.04026115394e-09, 1.76574554978e-09, 1.24472909757e-09, 7.28610505263e-10, 7.48127837458e-10, 2.02008632044e-09, 1.12087417126e-09, 1.37188704841e-09, 7.74808051052e-10, 2.56476923033e-10, 1.94152416366e-10, 4.15832007716e-10, 4.22708396064e-10, 2.49948700626e-10, 8.55939069622e-11, 1.76771167149e-10, 1.61025387468e-10, 9.90711956916e-11, 9.10119896114e-11, 5.59535542899e-11, 1.77605204849e-11, 1.28768514948e-11, 6.98571669261e-12, 4.04187577505e-12, 2.08156820773e-12, 8.4604274541e-13]
    },
    "mfcc": {
        "mean": [-794.139221191, 184.119628906, 56.4856414795, 27.0897674561, -7.52593326569, -2.09448885918, -7.26891279221, -4.94955348969, -8.54562091827, -4.65421104431, -6.46054363251, -5.48541593552, -4.02818202972],
        "cov": [[14590.2441406, -6033.92871094, -2928.92236328, 433.288024902, 334.347381592, 636.68560791, -128.615203857, 175.6068573, -6.74041223526, 246.831878662, 117.66569519, 224.551330566, 44.9113578796], [-6033.92871094, 4503.65673828, 1822.09667969, -11.4284667969, -38.5724067688, -158.318725586, 202.065795898, 17.9230251312, 156.651031494, -3.54387760162, 27.9985637665, -37.7081298828, 41.8515167236], [-2928.92236328, 1822.09667969, 2010.06213379, 359.155059814, 204.208221436, 99.3863220215, 381.38192749, 137.955245972, 120.830459595, 32.1326904297, 126.177680969, 43.8921775818, 98.4659118652], [433.288024902, -11.4284667969, 359.155059814, 452.728027344, 237.692474365, 151.876708984, 119.952713013, 113.067481995, 104.359924316, 62.0763549805, 79.0871582031, 59.0849838257, 88.6546783447], [334.347381592, -38.5724067688, 204.208221436, 237.692474365, 231.243270874, 149.921676636, 115.291656494, 97.6439819336, 95.3544464111, 72.1771621704, 76.6200332642, 52.9302597046, 65.3288726807], [636.68560791, -158.318725586, 99.3863220215, 151.876708984, 149.921676636, 202.228469849, 122.438987732, 110.293334961, 90.9533462524, 84.1843032837, 77.440864563, 59.069644928, 52.582775116], [-128.615203857, 202.065795898, 381.38192749, 119.952713013, 115.291656494, 122.438987732, 216.873092651, 116.834144592, 88.630241394, 74.3091964722, 84.567024231, 55.4775848389, 43.0007171631], [175.6068573, 17.9230251312, 137.955245972, 113.067481995, 97.6439819336, 110.293334961, 116.834144592, 149.432723999, 101.979316711, 75.7280349731, 78.3288192749, 55.8589744568, 54.3401756287], [-6.74041223526, 156.651031494, 120.830459595, 104.359924316, 95.3544464111, 90.9533462524, 88.630241394, 101.979316711, 139.572418213, 81.9774856567, 77.9365158081, 48.726108551, 49.6745223999], [246.831878662, -3.54387760162, 32.1326904297, 62.0763549805, 72.1771621704, 84.1843032837, 74.3091964722, 75.7280349731, 81.9774856567, 145.112564087, 88.3961486816, 53.2898178101, 25.5596084595], [117.66569519, 27.9985637665, 126.177680969, 79.0871582031, 76.6200332642, 77.440864563, 84.567024231, 78.3288192749, 77.9365158081, 88.3961486816, 127.973052979, 62.167011261, 41.6794166565], [224.551330566, -37.7081298828, 43.8921775818, 59.0849838257, 52.9302597046, 59.069644928, 55.4775848389, 55.8589744568, 48.726108551, 53.2898178101, 62.167011261, 87.9175033569, 54.7295875549], [44.9113578796, 41.8515167236, 98.4659118652, 88.6546783447, 65.3288726807, 52.582775116, 43.0007171631, 54.3401756287, 49.6745223999, 25.5596084595, 41.6794166565, 54.7295875549, 93.8837280273]],
