{
"lowlevel": {
    "average_loudness": 0.800593793392,
    "barkbands_crest": {
        "dmean": 1.75046956539,
        "dmean2": 2.7508957386,
        "dvar": 2.9427754879,
        "dvar2": 7.35248470306,
        "max": 23.3155040741,
        "mean": 9.80932712555,
        "median": 8.90093421936,
        "min": 2.93365454674,
        "var": 14.5075454712
    },
    "barkbands_flatness_db": {
        "dmean": 0.0171077046543,
        "dmean2": 0.0243754032999,
        "dvar": 0.000351848721039,
        "dvar2": 0.000712181616109,
        "max": 0.626617968082,
        "mean": 0.175887390971,
        "median": 0.162522703409,
        "min": 0.0461715199053,
        "var": 0.0050604022108
    },
    "barkbands_kurtosis": {
        "dmean": 2.22178506851,
        "dmean2": 3.42094016075,
        "dvar": 27.0212535858,
        "dvar2": 65.1562347412,
        "max": 421.501556396,
        "mean": 6.49539756775,
        "median": 2.31025648117,
        "min": -1.86448001862,
        "var": 530.246276855
    },
    "barkbands_skewness": {
        "dmean": 0.370137661695,
        "dmean2": 0.553000748158,
        "dvar": 0.172325953841,
        "dvar2": 0.403612166643,
        "max": 15.6439170837,
        "mean": 1.60694813728,
        "median": 1.38940501213,
        "min": -2.24846315384,
        "var": 1.84536218643
    },
    "barkbands_spread": {
        "dmean": 3.14558553696,
        "dmean2": 4.69494533539,
        "dvar": 20.0386943817,
        "dvar2": 41.3422889709,
        "max": 113.348327637,
        "mean": 14.8579454422,
        "median": 13.1901817322,
        "min": 0.264731764793,
        "var": 86.3444519043
    },
    "dissonance": {
        "dmean": 0.0210218746215,
        "dmean2": 0.0349587909877,
        "dvar": 0.000393172667827,
        "dvar2": 0.00103873829357,
        "max": 0.499957174063,
        "mean": 0.442864000797,
        "median": 0.450648665428,
        "min": 0.239488601685,
        "var": 0.00128479138948
    },
    "dynamic_complexity": 4.00841712952,
    "erbbands_crest": {
        "dmean": 2.35465240479,
        "dmean2": 3.65696835518,
        "dvar": 5.2236995697,
        "dvar2": 12.3446178436,
        "max": 33.0500793457,
        "mean": 10.1113882065,
        "median": 8.84358978271,
        "min": 2.70180702209,
        "var": 22.7376689911
    },
    "erbbands_flatness_db": {
        "dmean": 0.0169813036919,
        "dmean2": 0.0232341401279,
        "dvar": 0.000322362757288,
        "dvar2": 0.000613327429164,
        "max": 0.433524698019,
        "mean": 0.186245888472,
        "median": 0.181461751461,
        "min": 0.0485252961516,
        "var": 0.00259884772822
    },
    "erbbands_kurtosis": {
        "dmean": 0.858941078186,
        "dmean2": 1.30607926846,
        "dvar": 1.84303891659,
        "dvar2": 3.85882997513,
        "max": 203.765762329,
        "mean": 1.79694902897,
        "median": 0.184628009796,
        "min": -1.76260328293,
        "var": 121.846282959
    },
    "erbbands_skewness": {
        "dmean": 0.295629411936,
        "dmean2": 0.443081408739,
        "dvar": 0.078361839056,
        "dvar2": 0.170151993632,
        "max": 11.9037046432,
        "mean": 0.614699363708,
        "median": 0.529915213585,
        "min": -3.86229968071,
        "var": 0.958367645741
    },
    "erbbands_spread": {
        "dmean": 5.53697729111,
        "dmean2": 8.11950969696,
        "dvar": 40.0789909363,
        "dvar2": 85.5433883667,
        "max": 158.944534302,
        "mean": 30.4323501587,
        "median": 28.2897815704,
        "min": 0.961618185043,
        "var": 239.104125977
    },
    "hfc": {
        "dmean": 3.58498644829,
        "dmean2": 5.11205339432,
        "dvar": 36.9487304688,
        "dvar2": 82.1763534546,
        "max": 91.8824615479,
        "mean": 13.3978099823,
        "median": 8.84937286377,
        "min": 1.20833604205e-16,
        "var": 164.688751221
    },
    "melbands_crest": {
        "dmean": 2.10791230202,
        "dmean2": 3.38059830666,
        "dvar": 4.41657447815,
        "dvar2": 11.6948795319,
        "max": 29.8046665192,
        "mean": 13.5796842575,
        "median": 12.746796608,
        "min": 1.63780581951,
        "var": 23.0061244965
    },
    "melbands_flatness_db": {
        "dmean": 0.0191549435258,
        "dmean2": 0.0274738166481,
        "dvar": 0.000499268004205,
        "dvar2": 0.0010269881459,
        "max": 0.798958718777,
        "mean": 0.255265921354,
        "median": 0.238863140345,
        "min": 0.00493419077247,
        "var": 0.00768426712602
    },
    "melbands_kurtosis": {
        "dmean": 4.28536367416,
        "dmean2": 6.66751527786,
        "dvar": 81.2252731323,
        "dvar2": 204.407119751,
        "max": 541.920227051,
        "mean": 12.8705148697,
        "median": 5.94273519516,
        "min": -1.60993480682,
        "var": 1001.88598633
    },
    "melbands_skewness": {
        "dmean": 0.48937267065,
        "dmean2": 0.736876964569,
        "dvar": 0.302195131779,
        "dvar2": 0.716101408005,
        "max": 17.339012146,
        "mean": 2.31282448769,
        "median": 2.00213241577,
        "min": -1.74001276493,
        "var": 2.47644329071
    },
    "melbands_spread": {
        "dmean": 3.45774245262,
        "dmean2": 5.17050790787,
        "dvar": 27.3206501007,
        "dvar2": 55.6836738586,
        "max": 159.789474487,
        "mean": 16.11561203,
        "median": 14.5996427536,
        "min": 0.327160716057,
        "var": 132.585632324
    },
    "pitch_salience": {
        "dmean": 0.0515075065196,
        "dmean2": 0.0821757763624,
        "dvar": 0.0023805720266,
        "dvar2": 0.00633421400562,
        "max": 0.823160111904,
        "mean": 0.518358886242,
        "median": 0.529150724411,
        "min": 0.138910487294,
        "var": 0.0114909987897
    },
    "silence_rate_20dB": {
        "dmean": 0,
        "dmean2": 0,
        "dvar": 0,
        "dvar2": 0,
        "max": 1,
        "mean": 1,
        "median": 1,
        "min": 1,
        "var": 0
    },
    "silence_rate_30dB": {
        "dmean": 0.000345333683072,
        "dmean2": 0.000690726970788,
        "dvar": 0.000345262698829,
        "dvar2": 0.00103580637369,
        "max": 1,
        "mean": 0.999827325344,
        "median": 1,
        "min": 0,
        "var": 0.000172618994839
    },
    "silence_rate_60dB": {
        "dmean": 0.00397133734077,
        "dmean2": 0.00794336013496,
        "dvar": 0.00395508017391,
        "dvar2": 0.00908710062504,
        "max": 1,
        "mean": 0.0684564933181,
        "median": 0,
        "min": 0,
        "var": 0.0637829825282
    },
    "spectral_centroid": {
        "dmean": 157.022094727,
        "dmean2": 232.857620239,
        "dvar": 55728.015625,
        "dvar2": 98896.46875,
        "max": 11172.2373047,
        "mean": 956.268981934,
        "median": 870.76361084,
        "min": 109.53288269,
        "var": 274715.8125
    },
    "spectral_complexity": {
        "dmean": 2.46620035172,
        "dmean2": 3.72940778732,
        "dvar": 8.3673620224,
        "dvar2": 16.9034404755,
        "max": 48,
        "mean": 15.6098070145,
        "median": 15,
        "min": 0,
        "var": 66.3149795532
    },
    "spectral_decrease": {
        "dmean": 1.38865186017e-09,
        "dmean2": 2.09241513005e-09,
        "dvar": 6.45269657859e-18,
        "dvar2": 1.55872888926e-17,
        "max": 1.03943308978e-18,
        "mean": -5.85419446253e-09,
        "median": -4.68335370485e-09,
        "min": -3.85002003611e-08,
        "var": 1.95247380915e-17
    },
    "spectral_energy": {
        "dmean": 0.00550861982629,
        "dmean2": 0.00827028788626,
        "dvar": 9.97851457214e-05,
        "dvar2": 0.000239597604377,
        "max": 0.150006175041,
        "mean": 0.0233103763312,
        "median": 0.0185256246477,
        "min": 1.08252601699e-20,
        "var": 0.000312473159283
    },
    "spectral_energyband_high": {
        "dmean": 0.000141117852763,
        "dmean2": 0.000214557599975,
        "dvar": 1.57455517069e-07,
        "dvar2": 3.54027008598e-07,
        "max": 0.0118455821648,
        "mean": 0.000249163684202,
        "median": 7.24978162907e-05,
        "min": 7.8434558152e-21,
        "var": 3.34914233235e-07
    },
    "spectral_energyband_low": {
        "dmean": 0.00158381531946,
        "dmean2": 0.00260109035298,
        "dvar": 8.49446951179e-06,
        "dvar2": 2.28889457503e-05,
        "max": 0.074133567512,
        "mean": 0.00699611194432,
        "median": 0.00661436561495,
        "min": 7.93735497635e-23,
        "var": 2.19330504478e-05
    },
    "spectral_energyband_middle_high": {
        "dmean": 0.00126203638501,
        "dmean2": 0.00181873235852,
        "dvar": 4.34536013927e-06,
        "dvar2": 9.2816835604e-06,
        "max": 0.0491874702275,
        "mean": 0.00392029294744,
        "median": 0.00229461910203,
        "min": 1.44857389542e-21,
        "var": 2.25781823247e-05
    },
    "spectral_energyband_middle_low": {
        "dmean": 0.00450882408768,
        "dmean2": 0.00674948189408,
        "dvar": 8.70659132488e-05,
        "dvar2": 0.000213705163333,
        "max": 0.136286586523,
        "mean": 0.013069470413,
        "median": 0.00773965800181,
        "min": 3.37710924385e-22,
        "var": 0.000200332258828
    },
    "spectral_entropy": {
        "dmean": 0.143094480038,
        "dmean2": 0.205681040883,
        "dvar": 0.0287761576474,
        "dvar2": 0.0578814744949,
        "max": 9.80571365356,
        "mean": 7.13404941559,
        "median": 7.21031236649,
        "min": 3.59223937988,
        "var": 0.310770690441
    },
    "spectral_flux": {
        "dmean": 0.0159753635526,
        "dmean2": 0.0256608203053,
        "dvar": 0.000565462920349,
        "dvar2": 0.00127791310661,
        "max": 0.338792681694,
        "mean": 0.0553180836141,
        "median": 0.0466614067554,
        "min": 1.04044509119e-10,
        "var": 0.00157515052706
    },
    "spectral_kurtosis": {
        "dmean": 2.94425535202,
        "dmean2": 4.98257303238,
        "dvar": 16.3239040375,
        "dvar2": 44.5876998901,
        "max": 121.982795715,
        "mean": 8.29273700714,
        "median": 6.0195069313,
        "min": -1.21007883549,
        "var": 86.9975967407
    },
    "spectral_rms": {
        "dmean": 0.000493176281452,
        "dmean2": 0.00072644877946,
        "dvar": 4.75248015164e-07,
        "dvar2": 1.07551045403e-06,
        "max": 0.0120974164456,
        "mean": 0.00442366115749,
        "median": 0.00425132643431,
        "min": 3.24980450536e-12,
        "var": 3.17292233376e-06
    },
    "spectral_rolloff": {
        "dmean": 209.991714478,
        "dmean2": 351.98425293,
        "dvar": 192415.28125,
        "dvar2": 374456.75,
        "max": 19078.4179688,
        "mean": 894.871887207,
        "median": 732.12890625,
        "min": 86.1328125,
        "var": 1075090.625
    },
    "spectral_skewness": {
        "dmean": 0.288652479649,
        "dmean2": 0.472622811794,
        "dvar": 0.0906491875648,
        "dvar2": 0.235767960548,
        "max": 9.43909454346,
        "mean": 1.94979989529,
        "median": 1.8041703701,
        "min": -0.0567793101072,
        "var": 0.773336410522
    },
    "spectral_spread": {
        "dmean": 425241.75,
        "dmean2": 610359.375,
        "dvar": 411437465600,
        "dvar2": 765151346688,
        "max": 40438744,
        "mean": 3441425.25,
        "median": 3221842,
        "min": 782321.1875,
        "var": 1.48449381581e+12
    },
    "spectral_strongpeak": {
        "dmean": 0.408075660467,
        "dmean2": 0.679556250572,
        "dvar": 0.533728182316,
        "dvar2": 1.23803198338,
        "max": 10.7375764847,
        "mean": 0.864527344704,
        "median": 0.344728708267,
        "min": 0,
        "var": 1.28034067154
    },
    "zerocrossingrate": {
        "dmean": 0.00530798779801,
        "dmean2": 0.0063825212419,
        "dvar": 5.13375271112e-05,
        "dvar2": 5.17952430528e-05,
        "max": 0.51513671875,
        "mean": 0.0376064255834,
        "median": 0.03515625,
        "min": 0.00341796875,
        "var": 0.000788911769632
    },
    "barkbands": {
        "dmean": [8.44708301884e-06, 0.000838585197926, 0.000844054797199, 0.00104337069206, 0.00188027310651, 0.00113096972927, 0.000746019592043, 0.000795795640443, 0.000918009318411, 0.000605735753197, 0.000316686142469, 0.000312195013976, 0.000221156849875, 0.00019225050346, 0.000164732700796, 9.97905081022e-05, 0.000148214967339, 0.00010835568537, 0.000113387628517, 8.85493063834e-05, 3.74194387405e-05, 2.6956839065e-05, 2.30378773267e-05, 1.63964086823e-05, 1.02964349935e-05, 8.7713033281e-06, 4.50553926612e-07],
        "dmean2": [1.453875484e-05, 0.00135223846883, 0.00140207924414, 0.00171792146284, 0.00297890976071, 0.00168556591962, 0.00106097070966, 0.00117031624541, 0.00129068270326, 0.000882428197656, 0.000472181593068, 0.000486658565933, 0.000352066126652, 0.00029993095086, 0.000263696536422, 0.000158274357091, 0.0002308555122, 0.000168512851815, 0.00017431784363, 0.000138069721288, 5.9232552303e-05, 4.20347023464e-05, 3.62530445273e-05, 2.48053183896e-05, 1.60254367074e-05, 1.43175902849e-05, 7.55160101562e-07],
        "dvar": [2.14902318163e-10, 2.53005964623e-06, 3.36961556968e-06, 5.65543814446e-06, 3.5498462239e-05, 5.25613040736e-06, 3.34289279635e-06, 3.39574535246e-06, 4.87275974592e-06, 3.05904814013e-06, 7.21915000668e-07, 5.76932336571e-07, 3.0429842468e-07, 2.29383900319e-07, 1.37801848155e-07, 6.70781616918e-08, 1.21573805245e-07, 5.6395730752e-08, 8.37323881342e-08, 9.75772991296e-08, 1.28202666261e-08, 6.72036115645e-09, 4.68300331846e-09, 2.32818386792e-09, 1.01890373916e-09, 1.22565735339e-09, 2.99907559724e-12],
        "dvar2": [5.98297189569e-10, 6.814050721e-06, 8.93797641766e-06, 1.44112318594e-05, 8.95576231414e-05, 1.29642703541e-05, 7.44712815504e-06, 7.2889411058e-06, 1.00249226307e-05, 6.88707041263e-06, 1.54522444973e-06, 1.34806248298e-06, 7.72642295033e-07, 5.44292504401e-07, 3.17882268064e-07, 1.56563828568e-07, 2.95223799185e-07, 1.32422925958e-07, 1.83684576882e-07, 2.37708675854e-07, 2.89985599977e-08, 1.58474033896e-08, 1.14049445443e-08, 5.28829335877e-09, 2.59904586741e-09, 3.32543237391e-09, 8.00713401833e-12],
        "max": [0.000237949687289, 0.0369085818529, 0.0550530590117, 0.0330151766539, 0.0972848460078, 0.0573548935354, 0.0497695803642, 0.0427376851439, 0.0392047800124, 0.0408374927938, 0.0384591445327, 0.0299326051027, 0.015919579193, 0.0126736359671, 0.0116815064102, 0.0130047388375, 0.0133010279387, 0.00675533106551, 0.00836271978915, 0.0116778640077, 0.00417256634682, 0.00282313651405, 0.00158965273295, 0.000894146156497, 0.000548603478819, 0.00101250666194, 3.37774763466e-05],
        "mean": [2.25785188377e-05, 0.00405937479809, 0.00229396345094, 0.0017693026457, 0.00294628646225, 0.00259100040421, 0.00172473897692, 0.00158084591385, 0.00180308811832, 0.00120506074745, 0.000574076431803, 0.00052730581956, 0.000332206836902, 0.000327111134538, 0.000309055409161, 0.000175073597347, 0.000269428768661, 0.000225703362958, 0.000226778429351, 0.000163819699083, 5.88500624872e-05, 4.33556633652e-05, 3.60321355402e-05, 2.37379044847e-05, 1.3045493688e-05, 8.12990037957e-06, 4.11822725255e-07],
        "median": [1.81994710147e-05, 0.00283260084689, 0.00179013120942, 0.000672721012961, 0.00124532287009, 0.00139009137638, 0.000734012224711, 0.000532836769708, 0.000295735051623, 0.000345434556948, 0.000170804618392, 0.000125240243506, 0.000111380271846, 0.000108226333396, 0.000114366208436, 5.87963550061e-05, 9.39671153901e-05, 7.09406594979e-05, 7.16714857845e-05, 4.71035418741e-05, 1.68550686794e-05, 1.12513671411e-05, 7.88161651144e-06, 3.81834479413e-06, 2.30999557971e-06, 8.72162104315e-07, 6.22774223302e-08],
        "min": [8.1386760659e-23, 4.70350142139e-23, 4.92951054405e-24, 4.03046312531e-24, 9.17171592701e-23, 7.00914652539e-23, 4.55653947465e-23, 7.52676234152e-23, 3.44375082473e-23, 3.96575018313e-23, 5.24816854013e-23, 6.65115829116e-23, 7.97994021237e-23, 1.41145883549e-22, 1.4716698747e-22, 2.4071003788e-22, 9.91635139662e-23, 1.24805633328e-22, 3.14400652615e-22, 3.21839219677e-22, 4.93621848077e-22, 5.01194963254e-22, 4.68599028702e-22, 1.0443998368e-21, 1.2901422519e-21, 1.61918302696e-21, 2.44255832596e-21],
        "var": [4.28901053562e-10, 1.27986977532e-05, 5.97377947997e-06, 8.31666693557e-06, 3.57582721335e-05, 1.30066391648e-05, 9.5804925877e-06, 9.28526060306e-06, 1.66207319126e-05, 9.53378730628e-06, 2.05193896363e-06, 1.44632883803e-06, 4.86097462726e-07, 4.7272339998e-07, 4.85303758069e-07, 1.65300505728e-07, 3.23875411823e-07, 1.83574584867e-07, 2.14607226212e-07, 1.86394942148e-07, 2.37059047947e-08, 1.29878960919e-08, 7.92085064205e-09, 4.0200998086e-09, 1.14096776471e-09, 9.55451606721e-10, 2.40468669283e-12]
    },
    "erbbands": {
        "dmean": [0.0142211494967, 0.226859644055, 0.867914736271, 1.959451437, 7.82314062119, 4.49696874619, 4.63491773605, 10.644733429, 10.8016796112, 13.216627121, 19.0049934387, 20.3205299377, 22.9710083008, 13.1472835541, 10.916885376, 13.4898805618, 9.88098430634, 9.80303859711, 9.10255813599, 6.31601762772, 5.64360809326, 6.63863182068, 6.2778878212, 4.05115032196, 6.99830818176, 3.85736131668, 1.63356542587, 1.61690163612, 1.03330695629, 0.674686729908, 0.705790936947, 0.459194689989, 0.208851382136, 0.122836321592, 0.0676586925983, 0.0443747974932, 0.0154131380841, 0.00150935479905, 8.37957340991e-05, 9.46248655964e-06],
        "dmean2": [0.0225690603256, 0.36808219552, 1.44753277302, 3.22603392601, 12.6295690536, 7.14516067505, 6.84756708145, 15.9719219208, 15.8530979156, 18.6644706726, 27.3468132019, 28.0785655975, 33.9654693604, 18.8878231049, 16.2143535614, 21.0518360138, 15.6346139908, 15.4266738892, 14.3594427109, 10.1808710098, 8.86037445068, 10.2649068832, 9.7287311554, 6.17669248581, 10.7558803558, 5.95937871933, 2.52168750763, 2.56359124184, 1.60448694229, 1.05656433105, 1.14453184605, 0.702959775925, 0.314610034227, 0.191152513027, 0.106568604708, 0.0698326900601, 0.0258592795581, 0.00261756544933, 0.000139539755764, 1.44672349052e-05],
        "dvar": [0.000711128755938, 0.18957221508, 3.57711529732, 13.3188962936, 715.877563477, 153.875762939, 92.1707687378, 535.037536621, 755.242614746, 831.599731445, 2073.08325195, 2759.44482422, 4643.77099609, 1332.10131836, 934.857116699, 1008.21600342, 577.49407959, 573.256835938, 441.179656982, 182.018325806, 210.514282227, 269.02331543, 185.660705566, 93.7638015747, 395.370635986, 210.947631836, 22.0770492554, 27.8897476196, 10.0047960281, 4.10644102097, 5.02566242218, 1.83842349052, 0.3936599195, 0.143640637398, 0.0478580594063, 0.0258242804557, 0.00456669414416, 4.78994188597e-05, 1.07120939674e-07, 4.85949003259e-10],
        "dvar2": [0.00180660118349, 0.516296565533, 9.55497646332, 34.1412963867, 1798.78759766, 401.589111328, 205.182785034, 1321.36560059, 1800.80712891, 1671.72924805, 4371.34814453, 5419.12695312, 10680.8574219, 2664.41040039, 1981.76831055, 2349.50683594, 1453.06872559, 1378.13232422, 1010.33575439, 438.251434326, 512.289794922, 627.030151367, 435.881835938, 214.737930298, 876.655334473, 524.812866211, 47.2209396362, 63.9256210327, 23.7217712402, 9.59383392334, 13.1971292496, 4.2809419632, 0.902267336845, 0.36406198144, 0.124436214566, 0.0679512768984, 0.0126408431679, 0.000135414491524, 2.88930834813e-07, 1.21880194826e-09],
        "max": [0.546279489994, 9.87054729462, 54.6553421021, 62.2118530273, 364.671478271, 219.61491394, 279.115539551, 609.839294434, 800.423400879, 666.85357666, 1147.0546875, 1052.16540527, 1681.17590332, 1324.01159668, 1512.15307617, 919.971679688, 586.896118164, 723.916870117, 644.896179199, 877.304931641, 623.940734863, 674.263244629, 419.869354248, 304.914459229, 758.647766113, 610.121398926, 160.147140503, 192.079833984, 85.7793197632, 54.6561470032, 43.9589004517, 26.3721828461, 10.6277198792, 5.82960128784, 3.85714745522, 3.5077188015, 2.3789794445, 0.213632300496, 0.00693234149367, 0.000370426132577],
        "mean": [0.0744827017188, 1.06008112431, 2.86729335785, 3.966984272, 10.8645133972, 7.71077299118, 10.7695856094, 23.0649662018, 23.4843120575, 31.0536766052, 39.0426940918, 42.5202255249, 44.0341529846, 29.0906047821, 22.4286117554, 23.9861049652, 15.9835214615, 17.1077613831, 18.0009613037, 12.2078056335, 10.6867847443, 13.0275421143, 13.6735935211, 8.80871677399, 14.0314683914, 7.49966955185, 2.86869001389, 2.48288106918, 1.68620359898, 1.05198144913, 1.04599153996, 0.664572894573, 0.302194148302, 0.159839004278, 0.083535797894, 0.0465533174574, 0.0130474884063, 0.00123429310042, 8.6242936959e-05, 3.03741999232e-05],
        "median": [0.0467858500779, 0.770110607147, 2.54169464111, 2.20375919342, 3.14632511139, 3.74288582802, 5.30115509033, 11.5194244385, 12.1919746399, 12.6080751419, 11.8614234924, 8.57698631287, 12.6855859756, 9.73343372345, 8.1180267334, 6.57552719116, 5.93517589569, 6.26793670654, 6.87259674072, 5.66311359406, 4.39003372192, 4.72301006317, 4.61560058594, 3.56777715683, 3.89893889427, 2.29742956161, 0.877145290375, 0.681808710098, 0.432103693485, 0.240463137627, 0.217042148113, 0.111439630389, 0.0527111403644, 0.0299987532198, 0.0138887092471, 0.00607817992568, 0.00114109099377, 0.00013885894441, 2.36432606471e-05, 2.25926596613e-05],
        "min": [1.63333193518e-21, 9.64535811193e-21, 9.81603681469e-21, 1.31056064794e-20, 1.2182659193e-19, 3.98541900531e-19, 4.28764159132e-19, 5.95327108432e-19, 7.34388783907e-19, 1.05407304925e-18, 1.4587091254e-18, 7.53199181229e-19, 8.65668912865e-19, 1.34439814142e-18, 2.90659087017e-18, 2.54465799314e-18, 3.39243850488e-18, 8.07537306393e-18, 6.85277075366e-18, 7.26585027591e-18, 1.57055459416e-17, 5.50445601544e-18, 5.83649623949e-18, 1.61440410018e-17, 1.30554478562e-17, 1.75469839884e-17, 2.06770387351e-17, 1.60762270808e-17, 1.89130347198e-17, 1.55205784305e-17, 1.50369308894e-17, 1.78599444645e-17, 1.76292189762e-17, 1.44007744045e-17, 8.32995030515e-18, 5.08810912977e-18, 3.45812491732e-18, 1.30873517988e-18, 3.85891646477e-19, 3.32106456656e-20],
        "var": [0.00502185383812, 0.88426476717, 6.80574893951, 24.4667949677, 673.513305664, 186.4402771, 288.606536865, 1256.65527344, 1408.99511719, 3113.02001953, 5751.45361328, 10190.3330078, 11182.2792969, 7021.25, 2841.96508789, 2713.29394531, 998.27142334, 1140.1348877, 1567.40698242, 525.124694824, 514.616821289, 793.50958252, 631.698913574, 241.872299194, 965.184936523, 391.971557617, 48.1448326111, 53.56873703, 19.4040641785, 7.2738032341, 6.96386861801, 3.14494562149, 0.628360211849, 0.164075508714, 0.0516254901886, 0.0239034630358, 0.00314195058309, 3.1522999052e-05, 8.31749815688e-08, 7.87960974247e-10]
    },
    "gfcc": {
        "mean": [-47.8484420776, 137.030899048, -115.721641541, 29.3039646149, -51.1411476135, 5.38883733749, -28.6032943726, 10.4295921326, -18.4302940369, 0.517852127552, -9.37226963043, -5.48317623138, -8.86042881012],
        "cov": [[14392.9511719, -1229.22216797, -2025.17431641, -17.5208244324, -968.162841797, 141.281021118, -653.830810547, 176.43371582, -452.268463135, 198.85357666, -71.9264144897, 310.825195312, -271.361083984], [-1229.22216797, 1243.90209961, -135.118286133, -242.225738525, 216.574264526, -211.312225342, 173.235900879, -66.2893447876, 154.530838013, -105.485214233, 131.798126221, -139.839599609, 160.599334717], [-2025.17431641, -135.118286133, 910.280822754, 166.334228516, 81.3766937256, 144.271087646, 27.7301883698, -5.83075475693, 42.4290084839, 54.5039291382, -26.2802200317, 15.0254497528, -38.0953407288], [-17.5208244324, -242.225738525, 166.334228516, 347.643951416, -2.77989625931, 4.10744953156, 14.4880027771, -9.98846435547, -2.18944311142, 15.0282068253, -6.78756093979, -0.456339538097, -39.3309631348], [-968.162841797, 216.574264526, 81.3766937256, -2.77989625931, 216.00453186, -21.4658260345, 51.273147583, 0.0402160510421, 46.9143562317, -29.7227725983, 6.62107658386, -18.2412166595, 48.4571228027], [141.281021118, -211.312225342, 144.271087646, 4.10744953156, -21.4658260345, 223.884078979, -5.76420450211, 12.6367359161, -36.8498535156, 35.9611244202, -4.60759353638, 29.0462551117, -19.1202850342], [-653.830810547, 173.235900879, 27.7301883698, 14.4880027771, 51.273147583, -5.76420450211, 190.646255493, 18.5356197357, 27.0949878693, -29.7350234985, 34.7961654663, -39.040435791, 16.9710979462], [176.43371582, -66.2893447876, -5.83075475693, -9.98846435547, 0.0402160510421, 12.6367359161, 18.5356197357, 110.839698792, 15.1515111923, 7.8298869133, -3.91854572296, 16.1781368256, -4.98101758957], [-452.268463135, 154.530838013, 42.4290084839, -2.18944311142, 46.9143562317, -36.8498535156, 27.0949878693, 15.1515111923, 126.586334229, 21.9425430298, 14.1402931213, -20.1373023987, 23.7616825104], [198.85357666, -105.485214233, 54.5039291382, 15.0282068253, -29.7227725983, 35.9611244202, -29.7350234985, 7.8298869133, 21.9425430298, 95.7588195801, 24.9876480103, 16.2671413422, -23.4156551361], [-71.9264144897, 131.798126221, -26.2802200317, -6.78756093979, 6.62107658386, -4.60759353638, 34.7961654663, -3.91854572296, 14.1402931213, 24.9876480103, 100.992034912, 1.70879769325, 17.4649944305], [310.825195312, -139.839599609, 15.0254497528, -0.456339538097, -18.2412166595, 29.0462551117, -39.040435791, 16.1781368256, -20.1373023987, 16.2671413422, 1.70879769325, 92.1710357666, 16.1622905731], [-271.361083984, 160.599334717, -38.0953407288, -39.3309631348, 48.4571228027, -19.1202850342, 16.9710979462, -4.98101758957, 23.7616825104, -23.4156551361, 17.4649944305, 16.1622905731, 116.604148865]],
        "icov": [[0.000337763311109, -0.000687337189447, 0.000891044095624, -0.000773840933107, 0.000990195781924, -0.00071607157588, 0.000725710415281, -0.000802809896413, 0.00083002645988, -0.00102524051908, 0.000968036358245, -0.00124763243366, 0.000746888807043], [-0.000687337189447, 0.00489632505924, -0.00215039378963, 0.00376743101515, -0.00327409757301, 0.00315941963345, -0.00210465397686, 0.00318332016468, -0.00399530306458, 0.0049618287012, -0.00613297102973, 0.00601088488474, -0.00355808413588], [0.000891044095624, -0.00215039378963, 0.00394470244646, -0.00288135325536, 0.00201079878025, -0.00305474852212, 0.00167133565992, -0.0018359409878, 0.0017406521365, -0.00357788312249, 0.00360870175064, -0.00405234051868, 0.00264201825485], [-0.000773840933107, 0.00376743101515, -0.00288135325536, 0.00647663045675, -0.00295949331485, 0.00325096352026, -0.00253402767703, 0.00318566523492, -0.00310157798231, 0.00384061899967, -0.00468882964924, 0.00467031635344, -0.00202045612969], [0.000990195781924, -0.00327409757301, 0.00201079878025, -0.00295949331485, 0.00957298930734, -0.00250719743781, 0.00168063782621, -0.00295330327936, 0.00159045611508, -0.00214744498953, 0.00408575870097, -0.00424714433029, 0.000933760486078], [-0.00071607157588, 0.00315941963345, -0.00305474852212, 0.00325096352026, -0.00250719743781, 0.00842093769461, -0.00258576939814, 0.00186527299229, -0.000363518920494, 0.00105231278576, -0.00349714932963, 0.00342388032004, -0.00270597450435], [0.000725710415281, -0.00210465397686, 0.00167133565992, -0.00253402767703, 0.00168063782621, -0.00258576939814, 0.00929324515164, -0.00394712481648, 0.00127859856002, 0.000651097972877, -0.00067491439404, -0.000259927997831, 0.00164261553437], [-0.000802809896413, 0.00318332016468, -0.0018359409878, 0.00318566523492, -0.00295330327936, 0.00186527299229, -0.00394712481648, 0.0129403853789, -0.00492607848719, 0.00311403279193, -0.00273339007981, 0.00138420332223, -0.00127082737163], [0.00083002645988, -0.00399530306458, 0.0017406521365, -0.00310157798231, 0.00159045611508, -0.000363518920494, 0.00127859856002, -0.00492607848719, 0.0153521029279, -0.00968588888645, 0.00553805474192, -0.00241087679751, 0.000270976190222], [-0.00102524051908, 0.0049618287012, -0.00357788312249, 0.00384061899967, -0.00214744498953, 0.00105231278576, 0.000651097972877, 0.00311403279193, -0.00968588888645, 0.0228885021061, -0.0121359489858, 0.00467333290726, -0.00025004876079], [0.000968036358245, -0.00613297102973, 0.00360870175064, -0.00468882964924, 0.00408575870097, -0.00349714932963, -0.00067491439404, -0.00273339007981, 0.00553805474192, -0.0121359489858, 0.0208570789546, -0.00854994077235, 0.00250281463377], [-0.00124763243366, 0.00601088488474, -0.00405234051868, 0.00467031635344, -0.00424714433029, 0.00342388032004, -0.000259927997831, 0.00138420332223, -0.00241087679751, 0.00467333290726, -0.00854994077235, 0.0229692645371, -0.00898089725524], [0.000746888807043, -0.00355808413588, 0.00264201825485, -0.00202045612969, 0.000933760486078, -0.00270597450435, 0.00164261553437, -0.00127082737163, 0.000270976190222, -0.00025004876079, 0.00250281463377, -0.00898089725524, 0.0150358080864]]
    },
    "melbands": {
        "dmean": [0.000182234376553, 0.000387953274185, 0.00052745686844, 0.000465056858957, 0.000154101478984, 0.000234591818298, 0.000164031138411, 0.000146506339661, 0.000159837814863, 0.000127911131131, 0.000114273520012, 5.29827193532e-05, 4.21808108513e-05, 3.72119429812e-05, 2.97217011394e-05, 1.83682586794e-05, 1.94508684217e-05, 1.52864486154e-05, 1.02169396996e-05, 8.36961135064e-06, 7.35111780159e-06, 7.47671720092e-06, 7.51109882913e-06, 5.55965561944e-06, 3.23765607391e-06, 5.13502800459e-06, 4.50961761089e-06, 2.50678954217e-06, 1.25137478335e-06, 8.62300169047e-07, 1.00877764453e-06, 6.7243331614e-07, 4.20932224188e-07, 3.85603698305e-07, 4.40926754663e-07, 3.55130396201e-07, 2.60269558794e-07, 1.60090692702e-07, 1.13395003609e-07, 1.00171739348e-07],
        "dmean2": [0.00029011190054, 0.000648576999083, 0.000860751664732, 0.000746339967009, 0.000229795259656, 0.000350800633896, 0.000239442611928, 0.00020984330331, 0.000227228636504, 0.000179402530193, 0.000169582446688, 7.61187911849e-05, 6.25571265118e-05, 5.8237958001e-05, 4.6216588089e-05, 2.95891823043e-05, 3.06104157062e-05, 2.40764966293e-05, 1.62798332894e-05, 1.35479394885e-05, 1.16750570669e-05, 1.16901137517e-05, 1.18054567793e-05, 8.71369957167e-06, 5.05740399603e-06, 7.93371418695e-06, 7.04850845068e-06, 3.95719962398e-06, 1.99529608835e-06, 1.36982612275e-06, 1.62402920978e-06, 1.05565550257e-06, 6.76347497119e-07, 6.03724572557e-07, 7.28873999378e-07, 5.49009087081e-07, 4.03112750291e-07, 2.45354868866e-07, 1.73145963345e-07, 1.58970706821e-07],
        "dvar": [1.16541457373e-07, 6.26869734788e-07, 1.77264155354e-06, 2.34243270825e-06, 9.30769417096e-08, 2.51129932849e-07, 1.60999661603e-07, 8.97200536087e-08, 1.32535234343e-07, 9.8700070339e-08, 1.14312491917e-07, 2.3480401623e-08, 1.42772469403e-08, 8.9258591629e-09, 6.39410613346e-09, 1.82779447133e-09, 2.44255660142e-09, 1.19339305105e-09, 5.63110780227e-10, 3.84197007541e-10, 3.89577980986e-10, 3.60730390003e-10, 2.84445855758e-10, 1.42579739681e-10, 6.93094054371e-11, 2.07284814313e-10, 2.04858338626e-10, 1.10085184024e-10, 1.40638108798e-11, 1.1168628522e-11, 1.01878202055e-11, 4.6475631503e-12, 1.63671127432e-12, 1.31765345163e-12, 2.05118691129e-12, 1.06593542586e-12, 6.48583400528e-13, 2.55697698258e-13, 1.17989412728e-13, 9.35652515752e-14],
        "dvar2": [3.04482767888e-07, 1.70422333667e-06, 4.43233739134e-06, 5.9524631979e-06, 2.17237626998e-07, 6.21017079538e-07, 3.80791277621e-07, 1.8847761396e-07, 2.76184437098e-07, 2.01111703291e-07, 2.62492335423e-07, 4.67103653534e-08, 3.05277687573e-08, 2.07137897945e-08, 1.45994834e-08, 4.59905580286e-09, 5.82692694095e-09, 2.80082601556e-09, 1.30155264344e-09, 9.21509979435e-10, 9.80872494338e-10, 8.62695470616e-10, 6.9707373207e-10, 3.37942618334e-10, 1.68055014349e-10, 4.5400111448e-10, 5.01056807156e-10, 2.75658829096e-10, 3.31174324075e-11, 2.48887889465e-11, 2.43264245553e-11, 1.13576396552e-11, 4.10228405065e-12, 3.04054221037e-12, 5.51223086273e-12, 2.59116296128e-12, 1.51889492737e-12, 6.03745352323e-13, 2.83001053147e-13, 2.40683910519e-13],
        "max": [0.00783996097744, 0.0217413827777, 0.0179248731583, 0.0254015345126, 0.00763884093612, 0.0130241317675, 0.0106210270897, 0.00586506398395, 0.00895262230188, 0.00627517746761, 0.00824192911386, 0.005777283106, 0.00629182020202, 0.00446862308308, 0.00301462574862, 0.000892967625987, 0.00128502433654, 0.000878070539329, 0.000671761459671, 0.00114634714555, 0.000768919358961, 0.000721208518371, 0.000422078941483, 0.000293694523862, 0.000282431981759, 0.000502458249684, 0.000596722355112, 0.000465753051685, 0.000133691646624, 0.000163186239661, 9.92196946754e-05, 6.69789951644e-05, 3.05705434585e-05, 3.4822136513e-05, 2.88601240754e-05, 2.54858314293e-05, 1.74245960807e-05, 8.53189158079e-06, 5.65209711567e-06, 5.4921993069e-06],
        "mean": [0.000922626291867, 0.00151509209536, 0.00095607136609, 0.000689672189765, 0.000359997851774, 0.000517998065334, 0.00036699679913, 0.000334928219672, 0.000325640663505, 0.00025536827161, 0.000213260020246, 0.000113501308078, 8.03932125564e-05, 6.24956810498e-05, 5.09909004904e-05, 2.78419884125e-05, 3.25023975165e-05, 2.85878595605e-05, 1.90540176845e-05, 1.45558060467e-05, 1.2658473679e-05, 1.32865125124e-05, 1.45473059092e-05, 1.10173996291e-05, 6.08896834819e-06, 9.78712705546e-06, 8.67212020239e-06, 4.30534237239e-06, 2.01773582376e-06, 1.26542431644e-06, 1.48613401052e-06, 1.04782839117e-06, 6.24756921752e-07, 5.71605085042e-07, 6.28111820333e-07, 5.22893969901e-07, 3.5988136915e-07, 2.23278519229e-07, 1.54104796479e-07, 1.26286678892e-07],
        "median": [0.000595119257923, 0.00136592902709, 0.000471032573842, 0.000279414583929, 0.00018720710068, 0.000266750110313, 0.000189612561371, 0.000137708237162, 8.7080639787e-05, 4.79150112369e-05, 5.57330713491e-05, 3.38900863426e-05, 2.52155259659e-05, 1.73085281858e-05, 1.4353881852e-05, 1.026098289e-05, 1.05439548861e-05, 1.06376501208e-05, 7.20698426449e-06, 5.45799775864e-06, 4.49982417194e-06, 4.67466998089e-06, 4.20767173637e-06, 3.31132378051e-06, 2.41922475652e-06, 2.6149778023e-06, 2.37928429669e-06, 1.13227702059e-06, 5.30905424512e-07, 3.23866913732e-07, 3.96188283958e-07, 2.57214452404e-07, 1.37355158358e-07, 1.1990442772e-07, 1.23326685753e-07, 9.81542456202e-08, 4.95110512588e-08, 3.53876430381e-08, 2.97565350138e-08, 2.26829381944e-08],
        "min": [1.707104623e-23, 8.33360864429e-24, 2.97943376457e-24, 2.15076693807e-23, 1.44437197416e-23, 1.40237333511e-23, 1.02923344947e-23, 1.37270664305e-23, 1.14010887522e-23, 4.07426462707e-24, 4.27209200944e-24, 5.06338733942e-24, 8.83923298579e-24, 7.02525364513e-24, 6.55418890545e-24, 1.00795447876e-23, 1.50615492917e-23, 1.05577925002e-23, 8.74826233507e-24, 1.19380363937e-23, 1.91430304183e-23, 5.03983116393e-24, 4.41586624815e-24, 6.4428699821e-24, 1.4071147047e-23, 1.14663086164e-23, 7.80123245177e-24, 1.19087925311e-23, 1.33784135762e-23, 9.65663172312e-24, 9.40640346627e-24, 1.09277256663e-23, 8.53974825401e-24, 8.20680319808e-24, 8.47988712194e-24, 7.19480509721e-24, 1.35584237462e-23, 1.36888429642e-23, 1.07491638449e-23, 1.3229778771e-23],
        "var": [6.75400542605e-07, 1.34467313728e-06, 2.11129713534e-06, 2.20831407205e-06, 2.71426955578e-07, 5.86005569403e-07, 3.30290305328e-07, 3.1413344459e-07, 3.88710731158e-07, 3.36353252806e-07, 2.75653604831e-07, 1.27047087517e-07, 4.19488159764e-08, 1.95143172732e-08, 1.91831226459e-08, 2.73181965937e-09, 4.85413442775e-09, 3.63875884979e-09, 1.65873981217e-09, 9.76481007164e-10, 8.8014223687e-10, 9.33002008985e-10, 8.32099111836e-10, 4.31950308855e-10, 1.34551134123e-10, 5.02077601716e-10, 4.09846462324e-10, 1.87258944462e-10, 2.61060738999e-11, 1.93178684854e-11, 1.80752721818e-11, 8.3019155786e-12, 2.61776971627e-12, 2.27457137326e-12, 2.61204382776e-12, 1.7717057205e-12, 1.05048738805e-12, 3.7719529106e-13, 1.56872792209e-13, 1.03005941992e-13]
    },
    "mfcc": {
        "mean": [-685.298034668, 161.503921509, -2.92104816437, 28.4921398163, 2.06486964226, 0.451718330383, 1.97500765324, 4.41675376892, -1.72930717468, 7.00096893311, 0.596369981766, -0.217704713345, 0.897582352161],
        "cov": [[9007.98046875, -661.709472656, -793.108093262, -77.2420349121, -512.297790527, -239.274780273, -252.705703735, 29.0701541901, -354.752990723, -68.5041122437, 40.5208473206, 30.769241333, -83.2357330322], [-661.709472656, 1303.60852051, -250.531173706, -91.9705963135, 8.84922409058, -122.715431213, 14.8338880539, -56.0059204102, 47.681968689, -1.74641883373, 7.19276046753, -25.667049408, 28.0618667603], [-793.108093262, -250.531173706, 562.024597168, 31.5709114075, 79.6909255981, 144.828414917, 27.6575832367, 3.397336483, 9.52405071259, 13.2561283112, 14.3463430405, 37.2536430359, 11.6347341537], [-77.2420349121, -91.9705963135, 31.5709114075, 311.846832275, 25.0271759033, 12.51288414, -5.1551194191, 10.8045864105, -8.42496395111, 31.8456382751, -8.81594753265, 20.0099601746, 8.53884506226], [-512.297790527, 8.84922409058, 79.6909255981, 25.0271759033, 189.356109619, 38.9069976807, -16.9089717865, -1.46750187874, 44.952796936, -11.8380470276, -20.1061668396, 6.30966901779, 20.2385463715], [-239.274780273, -122.715431213, 144.828414917, 12.51288414, 38.9069976807, 166.705581665, 39.1113433838, 0.304348945618, -2.47656345367, 11.6430921555, 3.78204345703, 6.72969341278, 4.64113807678], [-252.705703735, 14.8338880539, 27.6575832367, -5.1551194191, -16.9089717865, 39.1113433838, 154.110702515, 42.1888084412, -3.36959195137, 3.24733781815, 9.27247238159, 4.30294752121, -3.50432300568], [29.0701541901, -56.0059204102, 3.397336483, 10.8045864105, -1.46750187874, 0.304348945618, 42.1888084412, 100.117156982, 26.4862537384, 1.73899722099, 2.66309332848, -4.35327863693, -8.45440006256], [-354.752990723, 47.681968689, 9.52405071259, -8.42496395111, 44.952796936, -2.47656345367, -3.36959195137, 26.4862537384, 117.438667297, 7.89461374283, -19.6233863831, 4.3512172699, 4.80170202255], [-68.5041122437, -1.74641883373, 13.2561283112, 31.8456382751, -11.8380470276, 11.6430921555, 3.24733781815, 1.73899722099, 7.89461374283, 91.2097244263, 34.4204292297, -5.03046894073, -6.4714884758], [40.5208473206, 7.19276046753, 14.3463430405, -8.81594753265, -20.1061668396, 3.78204345703, 9.27247238159, 2.66309332848, -19.6233863831, 34.4204292297, 91.8742980957, 29.4130783081, 2.27094602585], [30.769241333, -25.667049408, 37.2536430359, 20.0099601746, 6.30966901779, 6.72969341278, 4.30294752121, -4.35327863693, 4.3512172699, -5.03046894073, 29.4130783081, 104.482315063, 43.657119751], [-83.2357330322, 28.0618667603, 11.6347341537, 8.53884506226, 20.2385463715, 4.64113807678, -3.50432300568, -8.45440006256, 4.80170202255, -6.4714884758, 2.27094602585, 43.657119751, 74.8502120972]],
