{
"lowlevel": {
    "average_loudness": 0.910529315472,
    "barkbands_crest": {
        "dmean": 3.40157985687,
        "dmean2": 5.54197359085,
        "dvar": 9.17115402222,
        "dvar2": 23.0245552063,
        "max": 26.2194080353,
        "mean": 13.7841291428,
        "median": 13.1321630478,
        "min": 2.71793746948,
        "var": 28.0564556122
    },
    "barkbands_flatness_db": {
        "dmean": 0.0389440171421,
        "dmean2": 0.0578021667898,
        "dvar": 0.00156525277998,
        "dvar2": 0.00324709550478,
        "max": 0.63677996397,
        "mean": 0.199033409357,
        "median": 0.184307858348,
        "min": 0.0246215462685,
        "var": 0.00771517306566
    },
    "barkbands_kurtosis": {
        "dmean": 7.38850021362,
        "dmean2": 11.444940567,
        "dvar": 185.872741699,
        "dvar2": 423.94430542,
        "max": 248.313796997,
        "mean": 12.0508947372,
        "median": 5.27578163147,
        "min": -1.82571828365,
        "var": 452.996948242
    },
    "barkbands_skewness": {
        "dmean": 0.821087598801,
        "dmean2": 1.25615954399,
        "dvar": 0.746411025524,
        "dvar2": 1.71314072609,
        "max": 12.9787988663,
        "mean": 2.35837125778,
        "median": 1.99139738083,
        "min": -2.14982223511,
        "var": 3.08194684982
    },
    "barkbands_spread": {
        "dmean": 4.9961566925,
        "dmean2": 7.80391120911,
        "dvar": 37.4018592834,
        "dvar2": 85.7224731445,
        "max": 80.37474823,
        "mean": 13.7865610123,
        "median": 11.2591629028,
        "min": 0.223204612732,
        "var": 109.851036072
    },
    "dissonance": {
        "dmean": 0.0268406551331,
        "dmean2": 0.0446618907154,
        "dvar": 0.000609436945524,
        "dvar2": 0.0016034564469,
        "max": 0.500000059605,
        "mean": 0.444946199656,
        "median": 0.454043865204,
        "min": 0.18266774714,
        "var": 0.00153974583372
    },
    "dynamic_complexity": 3.03423285484,
    "erbbands_crest": {
        "dmean": 2.87255573273,
        "dmean2": 4.81304216385,
        "dvar": 7.06317663193,
        "dvar2": 19.2102813721,
        "max": 30.2108364105,
        "mean": 10.1906957626,
        "median": 9.44743537903,
        "min": 2.55489301682,
        "var": 17.0240440369
    },
    "erbbands_flatness_db": {
        "dmean": 0.0264344476163,
        "dmean2": 0.0388908460736,
        "dvar": 0.000790094258264,
        "dvar2": 0.0015697395429,
        "max": 0.514547407627,
        "mean": 0.180325031281,
        "median": 0.170226633549,
        "min": 0.0590150393546,
        "var": 0.00358091038652
    },
    "erbbands_kurtosis": {
        "dmean": 1.60300374031,
        "dmean2": 2.51604866982,
        "dvar": 6.00455713272,
        "dvar2": 12.7179307938,
        "max": 52.5923347473,
        "mean": 1.85385203362,
        "median": 0.363331079483,
        "min": -1.75287020206,
        "var": 17.5991725922
    },
    "erbbands_skewness": {
        "dmean": 0.464698344469,
        "dmean2": 0.737006187439,
        "dvar": 0.203013181686,
        "dvar2": 0.489076375961,
        "max": 5.71446847916,
        "mean": 0.765947401524,
        "median": 0.598612844944,
        "min": -3.07072901726,
        "var": 0.943173468113
    },
    "erbbands_spread": {
        "dmean": 9.05274963379,
        "dmean2": 13.6593942642,
        "dvar": 101.277366638,
        "dvar2": 201.711761475,
        "max": 136.478591919,
        "mean": 32.1418876648,
        "median": 31.1473922729,
        "min": 2.75482082367,
        "var": 251.698959351
    },
    "hfc": {
        "dmean": 6.02431583405,
        "dmean2": 9.16377830505,
        "dvar": 82.5148544312,
        "dvar2": 193.402297974,
        "max": 135.169204712,
        "mean": 15.3705816269,
        "median": 11.6291065216,
        "min": 1.22041473187e-16,
        "var": 191.998687744
    },
    "melbands_crest": {
        "dmean": 3.6272084713,
        "dmean2": 5.87504863739,
        "dvar": 10.2796058655,
        "dvar2": 25.5875244141,
        "max": 33.4812545776,
        "mean": 16.8350734711,
        "median": 16.4248161316,
        "min": 1.68880403042,
        "var": 33.2007980347
    },
    "melbands_flatness_db": {
        "dmean": 0.0441911220551,
        "dmean2": 0.0651616305113,
        "dvar": 0.00204294268042,
        "dvar2": 0.00424567889422,
        "max": 0.805164277554,
        "mean": 0.279649376869,
        "median": 0.265954822302,
        "min": 0.00370603962801,
        "var": 0.0118416808546
    },
    "melbands_kurtosis": {
        "dmean": 12.1488113403,
        "dmean2": 18.8561058044,
        "dvar": 385.778137207,
        "dvar2": 879.071044922,
        "max": 392.177307129,
        "mean": 21.3834457397,
        "median": 12.1195449829,
        "min": -1.50671100616,
        "var": 850.56842041
    },
    "melbands_skewness": {
        "dmean": 0.96730196476,
        "dmean2": 1.48540985584,
        "dvar": 1.02389872074,
        "dvar2": 2.27015137672,
        "max": 15.1911697388,
        "mean": 3.12278342247,
        "median": 2.76885700226,
        "min": -0.721060037613,
        "var": 3.3070063591
    },
    "melbands_spread": {
        "dmean": 5.37374353409,
        "dmean2": 8.55215072632,
        "dvar": 49.4559402466,
        "dvar2": 121.738235474,
        "max": 159.308105469,
        "mean": 14.2475738525,
        "median": 9.44035720825,
        "min": 0.394215583801,
        "var": 251.271972656
    },
    "pitch_salience": {
        "dmean": 0.0896088257432,
        "dmean2": 0.145974829793,
        "dvar": 0.00663235085085,
        "dvar2": 0.0166618153453,
        "max": 0.854050338268,
        "mean": 0.471361845732,
        "median": 0.479411333799,
        "min": 0.0763008743525,
        "var": 0.018701961264
    },
    "silence_rate_20dB": {
        "dmean": 0,
        "dmean2": 0,
        "dvar": 0,
        "dvar2": 0,
        "max": 1,
        "mean": 1,
        "median": 1,
        "min": 1,
        "var": 0
    },
    "silence_rate_30dB": {
        "dmean": 0.0353200882673,
        "dmean2": 0.0706455558538,
        "dvar": 0.0340753756464,
        "dvar2": 0.0776921361685,
        "max": 1,
        "mean": 0.954026460648,
        "median": 1,
        "min": 0,
        "var": 0.0438604950905
    },
    "silence_rate_60dB": {
        "dmean": 0.0202481541783,
        "dmean2": 0.0404993891716,
        "dvar": 0.0198388658464,
        "dvar2": 0.0423597842455,
        "max": 1,
        "mean": 0.0650784000754,
        "median": 0,
        "min": 0,
        "var": 0.0608441308141
    },
    "spectral_centroid": {
        "dmean": 228.625167847,
        "dmean2": 361.308349609,
        "dvar": 86184.7109375,
        "dvar2": 199110.546875,
        "max": 11609.9951172,
        "mean": 904.398254395,
        "median": 731.783813477,
        "min": 123.349769592,
        "var": 365891.03125
    },
    "spectral_complexity": {
        "dmean": 3.54342699051,
        "dmean2": 5.5235991478,
        "dvar": 19.5934238434,
        "dvar2": 44.1991958618,
        "max": 50,
        "mean": 13.6856451035,
        "median": 13,
        "min": 0,
        "var": 57.2785987854
    },
    "spectral_decrease": {
        "dmean": 4.41608083435e-09,
        "dmean2": 6.76908262776e-09,
        "dvar": 3.2919459039e-17,
        "dvar2": 7.21191048991e-17,
        "max": 7.91357953464e-19,
        "mean": -1.044931075e-08,
        "median": -8.09253730694e-09,
        "min": -6.94701611792e-08,
        "var": 8.83635490836e-17
    },
    "spectral_energy": {
        "dmean": 0.0170386936516,
        "dmean2": 0.0261210054159,
        "dvar": 0.000484796444653,
        "dvar2": 0.00106143951416,
        "max": 0.264310210943,
        "mean": 0.040832336992,
        "median": 0.0319560877979,
        "min": 1.07699150015e-20,
        "var": 0.00130994152278
    },
    "spectral_energyband_high": {
        "dmean": 0.000271690834779,
        "dmean2": 0.000416378636146,
        "dvar": 4.00563749281e-07,
        "dvar2": 9.66664288171e-07,
        "max": 0.0130512742326,
        "mean": 0.000391797861084,
        "median": 0.00012956019782,
        "min": 8.11001315201e-21,
        "var": 4.93189588724e-07
    },
    "spectral_energyband_low": {
        "dmean": 0.0127637991682,
        "dmean2": 0.0195118114352,
        "dvar": 0.000383497594157,
        "dvar2": 0.000895770092029,
        "max": 0.245157122612,
        "mean": 0.0214500948787,
        "median": 0.0112951751798,
        "min": 6.58702516174e-23,
        "var": 0.000871625379659
    },
    "spectral_energyband_middle_high": {
        "dmean": 0.00172919267789,
        "dmean2": 0.00274889194407,
        "dvar": 7.52188225306e-06,
        "dvar2": 1.80875704245e-05,
        "max": 0.0576761364937,
        "mean": 0.00386565853842,
        "median": 0.00174219720066,
        "min": 1.49629712766e-21,
        "var": 2.34562994592e-05
    },
    "spectral_energyband_middle_low": {
        "dmean": 0.00740614533424,
        "dmean2": 0.012022357434,
        "dvar": 0.000112115376396,
        "dvar2": 0.000263321271632,
        "max": 0.116307489574,
        "mean": 0.0156907495111,
        "median": 0.0111590642482,
        "min": 2.52046537068e-22,
        "var": 0.000222448521527
    },
    "spectral_entropy": {
        "dmean": 0.334012299776,
        "dmean2": 0.489214926958,
        "dvar": 0.132625028491,
        "dvar2": 0.265687435865,
        "max": 9.79536914825,
        "mean": 7.00602006912,
        "median": 7.05572080612,
        "min": 4.52290725708,
        "var": 0.451619893312
    },
    "spectral_flux": {
        "dmean": 0.0377550721169,
        "dmean2": 0.0602726824582,
        "dvar": 0.00168383459095,
        "dvar2": 0.00392584316432,
        "max": 0.375677973032,
        "mean": 0.0949067249894,
        "median": 0.0835820138454,
        "min": 1.0377820131e-10,
        "var": 0.00370587292127
    },
    "spectral_kurtosis": {
        "dmean": 5.02170228958,
        "dmean2": 8.04648017883,
        "dvar": 295.331604004,
        "dvar2": 753.181030273,
        "max": 680.746948242,
        "mean": 12.2221574783,
        "median": 5.09505176544,
        "min": -1.19136285782,
        "var": 1511.47375488
    },
    "spectral_rms": {
        "dmean": 0.00124059373047,
        "dmean2": 0.00187355314847,
        "dvar": 1.79497840236e-06,
        "dvar2": 3.76660682377e-06,
        "max": 0.0160581320524,
        "mean": 0.00569986598566,
        "median": 0.00558360712603,
        "min": 3.24148650629e-12,
        "var": 7.34790046408e-06
    },
    "spectral_rolloff": {
        "dmean": 333.089477539,
        "dmean2": 568.521240234,
        "dvar": 391768.4375,
        "dvar2": 920501.625,
        "max": 19229.1503906,
        "mean": 917.67779541,
        "median": 516.796875,
        "min": 64.599609375,
        "var": 3306245.25
    },
    "spectral_skewness": {
        "dmean": 0.433634340763,
        "dmean2": 0.664341509342,
        "dvar": 0.425556182861,
        "dvar2": 0.936408877373,
        "max": 21.2546215057,
        "mean": 2.21729421616,
        "median": 1.79216134548,
        "min": -0.0553895048797,
        "var": 3.16064858437
    },
    "spectral_spread": {
        "dmean": 795662.1875,
        "dmean2": 1129166.875,
        "dvar": 871273332736,
        "dvar2": 1.59357494886e+12,
        "max": 40178620,
        "mean": 4186842.25,
        "median": 3999950.5,
        "min": 125715.4375,
        "var": 2.89819407155e+12
    },
    "spectral_strongpeak": {
        "dmean": 0.34921219945,
        "dmean2": 0.603009104729,
        "dvar": 0.417692631483,
        "dvar2": 1.14141774178,
        "max": 10.6343479156,
        "mean": 0.685813248158,
        "median": 0.440012782812,
        "min": 0,
        "var": 0.588985979557
    },
    "zerocrossingrate": {
        "dmean": 0.00822272803634,
        "dmean2": 0.00991022121161,
        "dvar": 9.04030821403e-05,
        "dvar2": 0.000107645624666,
        "max": 0.51904296875,
        "mean": 0.0388438180089,
        "median": 0.03076171875,
        "min": 0.00244140625,
        "var": 0.00232945941389
    },
    "barkbands": {
        "dmean": [0.000319824670441, 0.0117730936036, 0.00187253649347, 0.00128100067377, 0.00391954276711, 0.00283657922409, 0.000690411252435, 0.000670573150273, 0.00036341015948, 0.000432537868619, 0.000336250173859, 0.000277557381196, 0.000351308000972, 0.000443778611952, 0.000281660177279, 0.000298804457998, 0.000161925112479, 0.000131187727675, 9.35986681725e-05, 7.72211424191e-05, 5.76784113946e-05, 5.32458398084e-05, 6.94016925991e-05, 3.48942812707e-05, 2.97020033031e-05, 1.91281505977e-05, 2.30904879572e-06],
        "dmean2": [0.000567272363696, 0.0180887654424, 0.00326973153278, 0.0022430815734, 0.00636137183756, 0.00496840523556, 0.00110645091627, 0.00100991141517, 0.000577256665565, 0.000637262244709, 0.000499251531437, 0.00044326329953, 0.000574411940761, 0.000764334981795, 0.000498482084367, 0.000522141286638, 0.000283536093775, 0.000221526672249, 0.00014986374299, 0.00012596421584, 9.22396793612e-05, 8.45974500407e-05, 0.000113414083899, 5.31667792529e-05, 4.43243261543e-05, 2.97095593851e-05, 3.43910028278e-06],
        "dvar": [4.74113505788e-07, 0.000335310323862, 1.06257639345e-05, 8.82446329342e-06, 4.85083292006e-05, 2.78897023236e-05, 1.72044281044e-06, 1.22777589695e-06, 7.35411560981e-07, 7.3966640457e-07, 8.37975505874e-07, 9.18342834666e-07, 4.59898330973e-07, 9.4797019301e-07, 3.84499571737e-07, 5.23716551015e-07, 1.1041165493e-07, 7.89337804008e-08, 3.30753664457e-08, 2.23596501314e-08, 1.17481047113e-08, 1.33942421598e-08, 1.26316450633e-07, 5.50492851303e-09, 3.70370645264e-09, 5.4258344484e-09, 3.52177488561e-11],
        "dvar2": [1.3692686025e-06, 0.000785848591477, 2.9442473533e-05, 2.52464742516e-05, 0.000115322865895, 7.49935570639e-05, 4.06026993005e-06, 2.73119735539e-06, 1.50422204115e-06, 1.6177237967e-06, 1.47785590343e-06, 2.08844244298e-06, 1.06047684767e-06, 2.58495492744e-06, 1.18267166727e-06, 1.42245573898e-06, 3.00425369915e-07, 2.06441669093e-07, 7.13495111881e-08, 5.56312258482e-08, 2.90340356202e-08, 3.14993293671e-08, 3.46721719779e-07, 1.38680373851e-08, 8.02455790705e-09, 1.18283960404e-08, 7.51536610721e-11],
        "max": [0.00973901245743, 0.221514239907, 0.0344782397151, 0.0496682226658, 0.0705309659243, 0.0671136602759, 0.039873547852, 0.016922140494, 0.0309044104069, 0.0160954911262, 0.0335597172379, 0.0455839037895, 0.022239934653, 0.022501476109, 0.0131959868595, 0.0181035399437, 0.011182741262, 0.0114613380283, 0.00648543657735, 0.0033365462441, 0.00217846571468, 0.00308569916524, 0.00904273428023, 0.00216332427226, 0.000899570528418, 0.00145042070653, 0.000108986962005],
        "mean": [0.000345059961546, 0.0183161310852, 0.00237608095631, 0.00116321258247, 0.00719833793119, 0.00356407207437, 0.00152391206939, 0.00137618358713, 0.000578264589421, 0.000770084268879, 0.000555253296625, 0.000371532543795, 0.000481361639686, 0.00045641764882, 0.00031945851515, 0.000439533090685, 0.000200263370061, 0.000175752298674, 0.000157705857418, 0.000122181561892, 9.79913820629e-05, 8.48257914186e-05, 7.09254600224e-05, 3.76382886316e-05, 2.91914020636e-05, 1.84621130757e-05, 2.3320933451e-06],
        "median": [0.000118047733849, 0.00909681618214, 0.000750083941966, 0.000200998707442, 0.00330454180948, 0.00132866809145, 0.000699117430486, 0.000776700908318, 0.000128255866002, 0.000237781176111, 6.80317316437e-05, 8.88270442374e-05, 0.000115427159471, 7.88740944699e-05, 5.75931153435e-05, 6.31220100331e-05, 5.73440665903e-05, 3.99653290515e-05, 4.93506304338e-05, 3.21412808262e-05, 2.65657745331e-05, 2.1671581635e-05, 1.47610189742e-05, 1.03680340544e-05, 5.3065400607e-06, 1.36820960961e-06, 1.20392286362e-07],
        "min": [1.00068899093e-23, 4.45840644022e-23, 1.88305641915e-23, 2.60566160692e-24, 3.04045168227e-23, 8.34009812964e-23, 4.89693484852e-23, 6.68322327815e-23, 1.52980718792e-23, 3.38495481265e-23, 2.66631230987e-23, 4.01420265102e-23, 1.32253048253e-22, 1.99214288192e-22, 1.47176895563e-22, 1.91925453241e-22, 1.78830008805e-22, 2.27480121059e-22, 2.06741548462e-22, 2.0517398718e-22, 4.15712708143e-22, 4.43232139754e-22, 6.48766024212e-22, 8.4133169172e-22, 1.72565506584e-21, 1.2303864296e-21, 2.92659449168e-21],
        "var": [4.0421073777e-07, 0.000698813120835, 1.43925253724e-05, 7.10600352249e-06, 9.39843375818e-05, 3.31346345774e-05, 9.27630026126e-06, 3.0074784263e-06, 2.55898044088e-06, 2.30800787904e-06, 3.25832456838e-06, 1.35857635541e-06, 1.1276300711e-06, 1.1537449609e-06, 5.15750514296e-07, 1.21693199162e-06, 1.78770804382e-07, 1.26790268951e-07, 8.41478424718e-08, 4.60029845328e-08, 2.72813522884e-08, 2.39313138195e-08, 8.87100952696e-08, 5.41458833325e-09, 4.31269775447e-09, 6.38737418512e-09, 4.34391307647e-11]
    },
    "erbbands": {
        "dmean": [0.313952475786, 2.81999754906, 3.12155938148, 2.57353758812, 7.54247903824, 16.2507305145, 17.5543193817, 25.589214325, 12.4500436783, 9.52453327179, 14.8413887024, 9.67615413666, 11.0319128036, 10.8825998306, 16.1876850128, 12.4398851395, 16.3127422333, 21.4509906769, 17.2925987244, 12.8812513351, 16.0660800934, 7.98191022873, 7.0227355957, 5.38531446457, 4.9524564743, 3.80121064186, 2.53770947456, 2.1528608799, 1.8375531435, 1.6142333746, 2.25182271004, 1.01069045067, 0.562621295452, 0.412186861038, 0.183178052306, 0.136283949018, 0.0145609620959, 0.00213611964136, 0.000343142397469, 4.72946740047e-05],
        "dmean2": [0.443020552397, 4.4868350029, 5.34677791595, 4.32565307617, 12.4060401917, 26.5392742157, 29.3132400513, 45.2613601685, 20.03881073, 15.2930927277, 22.4926185608, 15.1059598923, 16.9698867798, 15.6472110748, 24.1848907471, 19.5645122528, 26.6601486206, 36.5895004272, 29.9591884613, 22.2085056305, 28.8533630371, 13.9194850922, 11.9557704926, 8.80904197693, 8.01312255859, 6.14639472961, 4.1774392128, 3.39999341965, 2.9121427536, 2.58275985718, 3.7338552475, 1.6174031496, 0.834663033485, 0.616385519505, 0.27580460906, 0.210723206401, 0.0229324754328, 0.00334349530749, 0.000513729290105, 7.00822201907e-05],
        "dvar": [0.229693710804, 20.8151111603, 29.1923885345, 32.1335868835, 249.089981079, 917.31237793, 844.492736816, 2669.6940918, 552.405090332, 204.777938843, 839.84197998, 563.256835938, 768.764648438, 421.93145752, 2073.86425781, 1826.73669434, 1065.73132324, 2150.39770508, 1317.2409668, 1176.9407959, 1491.27380371, 276.362640381, 239.25932312, 114.481651306, 87.7700805664, 56.4930305481, 26.0049495697, 19.2712154388, 15.1696310043, 15.129278183, 188.753540039, 9.93951797485, 1.04751110077, 0.706736803055, 0.165699288249, 0.304389595985, 0.00139712751843, 3.13766831823e-05, 6.32125647826e-07, 1.05165023356e-08],
        "dvar2": [0.418770223856, 53.1832542419, 83.3251876831, 86.5153808594, 630.935668945, 2249.31079102, 2140.31518555, 7244.77734375, 1326.94714355, 542.99432373, 1866.58752441, 1124.14453125, 1787.05957031, 800.586486816, 3676.78198242, 3978.05371094, 2589.89746094, 5744.54101562, 3743.57348633, 3278.42749023, 4705.05371094, 733.40637207, 631.617919922, 265.488189697, 200.897888184, 137.209915161, 66.4697570801, 45.6855316162, 34.8313446045, 37.1767959595, 525.775024414, 26.4981517792, 2.38250303268, 1.53605091572, 0.361341625452, 0.660071969032, 0.0033708254341, 7.9351295426e-05, 1.33270350489e-06, 2.2184948989e-08],
        "max": [6.30481719971, 55.9188079834, 57.6837310791, 93.0545959473, 239.777023315, 315.418518066, 339.837188721, 732.985168457, 595.962097168, 200.535507202, 451.350067139, 911.757995605, 604.012512207, 505.237854004, 1618.45776367, 2240.78173828, 866.355285645, 575.608032227, 954.078857422, 801.339294434, 804.090148926, 696.073242188, 776.634521484, 389.147003174, 379.617553711, 144.768554688, 76.1068267822, 93.5318603516, 80.1390304565, 114.453666687, 356.570739746, 70.1856842041, 14.1358070374, 11.073015213, 6.46827220917, 10.2386445999, 0.645249903202, 0.103393353522, 0.0146407010034, 0.00218918081373],
        "mean": [0.507345378399, 4.09229850769, 4.27664375305, 2.95693016052, 12.6759414673, 28.0821590424, 23.2538890839, 32.626121521, 26.6930866241, 22.0378742218, 26.9920845032, 16.6446495056, 17.8806972504, 19.9497756958, 27.9972362518, 18.5397949219, 22.4234371185, 24.1038742065, 20.2687168121, 18.7980880737, 21.5685329437, 10.3175878525, 9.65249443054, 8.8852930069, 8.13119602203, 6.54151964188, 4.18095159531, 3.74052524567, 2.681401968, 2.31042814255, 2.23061656952, 1.04368889332, 0.595169961452, 0.405709475279, 0.182526186109, 0.133334681392, 0.0133264083415, 0.0019828688819, 0.000366747030057, 7.8983779531e-05],
        "median": [0.167803168297, 2.00180673599, 1.81354284286, 0.906140446663, 4.28418111801, 12.3092355728, 12.3821725845, 10.8321180344, 11.8614406586, 13.6024303436, 13.5626850128, 4.50830984116, 5.14914226532, 7.40079975128, 5.19420719147, 5.79182529449, 5.59267711639, 7.63729381561, 4.95391464233, 3.75500321388, 4.12302303314, 3.4056596756, 2.73802089691, 2.62093544006, 2.99015712738, 1.79800856113, 1.02519011497, 1.05055403709, 0.773715376854, 0.570837140083, 0.399902880192, 0.262847602367, 0.143411457539, 0.0744912102818, 0.031233638525, 0.00955414399505, 0.00164278037846, 0.000197060318897, 4.51251435152e-05, 4.52179228887e-05],
        "min": [8.81859351306e-22, 1.08405072735e-20, 2.85149351986e-20, 1.13174132473e-20, 3.00521340448e-20, 1.30205324075e-19, 2.61770222883e-19, 8.4684709011e-19, 5.57987089907e-19, 1.05167525945e-18, 1.54751027288e-18, 4.16515578814e-19, 6.87634674529e-19, 1.20933319587e-18, 1.18368005032e-18, 2.65673558947e-18, 5.94811268262e-18, 8.62947323213e-18, 7.81925892112e-18, 1.01101339732e-17, 1.13905177444e-17, 1.0081994116e-17, 1.23160013281e-17, 8.07410830477e-18, 1.1889638526e-17, 1.16640142606e-17, 1.723566133e-17, 1.60891178635e-17, 1.66210131953e-17, 1.49894871182e-17, 1.78734771393e-17, 1.55954217323e-17, 1.58732634283e-17, 1.55748729116e-17, 1.29564277194e-17, 5.21701447489e-18, 2.7081721615e-18, 1.27504504411e-18, 3.8936197934e-19, 4.31723753203e-20],
        "var": [0.622028112411, 35.8082313538, 39.9209098816, 31.2801113129, 441.477081299, 1639.95996094, 981.818115234, 3393.81884766, 2531.27026367, 626.232421875, 1646.52783203, 2030.3371582, 1708.52197266, 1573.14306641, 7918.93066406, 2989.28686523, 2316.64135742, 2173.07324219, 2019.36523438, 2322.97290039, 2199.92700195, 444.780334473, 366.416564941, 265.854400635, 198.235107422, 134.228378296, 56.2600631714, 40.6393470764, 23.4095783234, 21.048456192, 126.126091003, 7.86875724792, 1.25087618828, 0.826371371746, 0.190213501453, 0.361453235149, 0.00141577376053, 2.88750379696e-05, 8.25565450668e-07, 1.43506309058e-08]
    },
    "gfcc": {
        "mean": [-40.5073242188, 121.539123535, -101.565917969, 28.6356925964, -58.7885856628, 7.4437289238, -34.9432678223, 1.55006217957, -16.2948226929, 3.61962723732, -3.87663340569, 0.0346535518765, -1.71902418137],
        "cov": [[16507.4667969, -230.009902954, -1164.66174316, 1155.57092285, 184.924926758, 721.779296875, -340.821044922, 257.712310791, -154.032974243, 256.980194092, -124.2707901, 214.827163696, -156.941894531], [-230.009902954, 2041.03051758, 503.521911621, -45.4459762573, 408.245452881, -170.418670654, 418.134338379, 18.6361351013, 270.906005859, -61.5746574402, 201.463943481, -160.516448975, 70.1779022217], [-1164.66174316, 503.521911621, 1412.7791748, -146.588668823, 56.7207984924, -5.79974794388, 84.1868286133, 66.0383453369, 68.980796814, 0.209937334061, -22.6315746307, -47.0306396484, -61.7868652344], [1155.57092285, -45.4459762573, -146.588668823, 479.74911499, 238.89541626, 212.751358032, 106.944206238, 82.7849273682, 85.8234405518, 72.1954727173, 51.5346908569, -0.74530339241, 6.27003526688], [184.924926758, 408.245452881, 56.7207984924, 238.89541626, 623.145019531, 142.212097168, 310.747497559, 140.825439453, 173.548370361, 90.2389831543, 123.53565979, 2.71853423119, -15.0238790512], [721.779296875, -170.418670654, -5.79974794388, 212.751358032, 142.212097168, 284.012695312, 79.0572814941, 77.0707473755, 42.0491065979, 80.6378326416, 27.4905967712, 21.4280967712, 10.4670648575], [-340.821044922, 418.134338379, 84.1868286133, 106.944206238, 310.747497559, 79.0572814941, 331.929412842, 79.823600769, 144.259490967, 50.646270752, 99.6994857788, -3.81071352959, 30.1283721924], [257.712310791, 18.6361351013, 66.0383453369, 82.7849273682, 140.825439453, 77.0707473755, 79.823600769, 148.081130981, 63.5815925598, 40.7972755432, 29.7000923157, 11.9949846268, -9.57618904114], [-154.032974243, 270.906005859, 68.980796814, 85.8234405518, 173.548370361, 42.0491065979, 144.259490967, 63.5815925598, 162.414001465, 45.4862365723, 59.2325592041, -11.1753730774, 14.1414489746], [256.980194092, -61.5746574402, 0.209937334061, 72.1954727173, 90.2389831543, 80.6378326416, 50.646270752, 40.7972755432, 45.4862365723, 109.525360107, 33.5463180542, 27.9616794586, -1.10370409489], [-124.2707901, 201.463943481, -22.6315746307, 51.5346908569, 123.53565979, 27.4905967712, 99.6994857788, 29.7000923157, 59.2325592041, 33.5463180542, 120.170951843, 20.9095821381, 29.7380180359], [214.827163696, -160.516448975, -47.0306396484, -0.74530339241, 2.71853423119, 21.4280967712, -3.81071352959, 11.9949846268, -11.1753730774, 27.9616794586, 20.9095821381, 114.217781067, 15.6362447739], [-156.941894531, 70.1779022217, -61.7868652344, 6.27003526688, -15.0238790512, 10.4670648575, 30.1283721924, -9.57618904114, 14.1414489746, -1.10370409489, 29.7380180359, 15.6362447739, 90.2406005859]],
        "icov": [[0.000144313962664, -0.000340796686942, 0.000182056697668, -0.000317906873534, 0.000101805737359, -0.000379582808819, 0.000380021083402, -0.000322269683238, 0.00040013412945, -0.000357052194886, 0.000539114524145, -0.0005918686511, 0.000420478754677], [-0.000340796686942, 0.00219378224574, -0.000832874327898, 0.000839572167024, -0.000697031966411, 0.00186084792949, -0.00166185083799, 0.0013618337689, -0.00199908181094, 0.00186405621935, -0.00281764892861, 0.00296717020683, -0.00180940364953], [0.000182056697668, -0.000832874327898, 0.00118510052562, 4.16752009187e-05, 0.000318598962622, -0.000995781854726, 0.00046450283844, -0.000895467877854, 0.000400169315981, -0.000654035015032, 0.00134707079269, -0.000967247993685, 0.00134427007288], [-0.000317906873534, 0.000839572167024, 4.16752009187e-05, 0.00455887150019, -0.00118357257452, -0.00156440131832, -0.000277877028566, 0.000620084407274, -0.00197855150327, 0.000979059725069, -0.00146017828956, 0.00202918471768, -0.000899424368981], [0.000101805737359, -0.000697031966411, 0.000318598962622, -0.00118357257452, 0.00439437804744, -0.000639748410322, -0.00225788773969, -0.00157454039436, -2.53591188084e-05, -0.000922288920265, -0.000501859234646, -0.00100259145256, 0.00274385488592], [-0.000379582808819, 0.00186084792949, -0.000995781854726, -0.00156440131832, -0.000639748410322, 0.00834203884006, -0.00221398798749, -0.000368606299162, -0.000162035721587, -0.00159196159802, -0.00150791544002, 0.00237958016805, -0.00296391313896], [0.000380021083402, -0.00166185083799, 0.00046450283844, -0.000277877028566, -0.00225788773969, -0.00221398798749, 0.00909714121372, -0.00116232957225, -0.00153273565229, -0.000951631343924, 0.000446027581347, -0.0018852603389, -0.000580813095439], [-0.000322269683238, 0.0013618337689, -0.000895467877854, 0.000620084407274, -0.00157454039436, -0.000368606299162, -0.00116232957225, 0.0111122420058, -0.00364016438834, 0.00093324581394, -0.00175610778388, 0.000779676949605, 9.76208029897e-05], [0.00040013412945, -0.00199908181094, 0.000400169315981, -0.00197855150327, -2.53591188084e-05, -0.000162035721587, -0.00153273565229, -0.00364016438834, 0.014413732104, -0.00472249649465, 0.00121198734269, -0.000732646498363, 0.000213045874261], [-0.000357052194886, 0.00186405621935, -0.000654035015032, 0.000979059725069, -0.000922288920265, -0.00159196159802, -0.000951631343924, 0.00093324581394, -0.00472249649465, 0.0157484076917, -0.00423472560942, -0.000357465993147, 0.000251545658102], [0.000539114524145, -0.00281764892861, 0.00134707079269, -0.00146017828956, -0.000501859234646, -0.00150791544002, 0.000446027581347, -0.00175610778388, 0.00121198734269, -0.00423472560942, 0.0172519683838, -0.00579874077812, -0.00101351586636], [-0.0005918686511, 0.00296717020683, -0.000967247993685, 0.00202918471768, -0.00100259145256, 0.00237958016805, -0.0018852603389, 0.000779676949605, -0.000732646498363, -0.000357465993147, -0.00579874077812, 0.0147668337449, -0.00440818816423], [0.000420478754677, -0.00180940364953, 0.00134427007288, -0.000899424368981, 0.00274385488592, -0.00296391313896, -0.000580813095439, 9.76208029897e-05, 0.000213045874261, 0.000251545658102, -0.00101351586636, -0.00440818816423, 0.0162751730531]]
    },
    "melbands": {
        "dmean": [0.00310799037106, 0.00234236544929, 0.000544976850506, 0.000886394700501, 0.000626082881354, 0.000552416604478, 0.000176691595698, 0.000108444211946, 0.00011645800987, 5.54621328774e-05, 5.52130040887e-05, 4.611822078e-05, 4.9155762099e-05, 3.76087045879e-05, 3.41264421877e-05, 3.67520333384e-05, 4.18023810198e-05, 3.04818568111e-05, 1.52051625264e-05, 2.06879394682e-05, 1.85388416867e-05, 8.20159675641e-06, 8.80974675965e-06, 5.90668378209e-06, 4.29872852692e-06, 4.15622389482e-06, 3.10082896249e-06, 2.43249951382e-06, 1.63816991972e-06, 1.44676073432e-06, 1.34278627684e-06, 1.11437930173e-06, 9.54607799031e-07, 8.60880618347e-07, 1.16173589504e-06, 1.16813657769e-06, 5.11761356847e-07, 4.23404912908e-07, 3.25899975451e-07, 3.5435857626e-07],
        "dmean2": [0.00460762158036, 0.00388038298115, 0.000912099436391, 0.00142738909926, 0.00103484443389, 0.000972720212303, 0.000282440305455, 0.000171853986103, 0.00017823750386, 8.75046243891e-05, 8.46797483973e-05, 6.63621685817e-05, 7.31079926481e-05, 5.85087873333e-05, 5.56023296667e-05, 6.01868523518e-05, 7.16802605893e-05, 5.27953088749e-05, 2.67691120825e-05, 3.53874529537e-05, 3.32409908879e-05, 1.42719163705e-05, 1.54361405293e-05, 9.91607976175e-06, 7.00684631738e-06, 6.6824136411e-06, 5.11683128934e-06, 3.90389914173e-06, 2.7396445148e-06, 2.31475019064e-06, 2.11645806303e-06, 1.7730098989e-06, 1.55890563747e-06, 1.38071345646e-06, 1.91846970665e-06, 1.93571190721e-06, 8.28155350519e-07, 6.49962998978e-07, 4.91537491598e-07, 5.40084215572e-07],
        "dvar": [2.22642538574e-05, 1.60129457072e-05, 1.32209618187e-06, 3.04024047182e-06, 1.0257571148e-06, 1.15725890737e-06, 1.10152839738e-07, 2.59949395343e-08, 5.11366060607e-08, 1.78976389265e-08, 1.9354342129e-08, 8.45900682833e-09, 1.67432894216e-08, 8.50522763329e-09, 1.63073963222e-08, 4.8430899291e-09, 8.0707707184e-09, 4.47123360559e-09, 1.19990217762e-09, 2.97289837192e-09, 2.21366547315e-09, 3.49082346363e-10, 3.58461621497e-10, 2.19407603197e-10, 8.1042526856e-11, 8.22862611383e-11, 3.40144266919e-11, 2.46903868878e-11, 1.31665850098e-11, 8.64235245868e-12, 8.60101226352e-12, 5.68816304822e-12, 4.7938484779e-12, 4.20810478477e-12, 4.40012991321e-11, 4.75430458891e-11, 1.65808783804e-12, 6.70042472027e-13, 3.39915514356e-13, 5.90178567909e-13],
        "dvar2": [4.63264259452e-05, 4.43880308012e-05, 3.61007141692e-06, 7.22203458281e-06, 2.49991489909e-06, 3.13596751766e-06, 2.59696946614e-07, 6.63842740778e-08, 1.15446432858e-07, 3.6623681865e-08, 4.51012986957e-08, 1.58262896122e-08, 2.99959879158e-08, 1.73834653339e-08, 4.10898230996e-08, 1.09220632538e-08, 2.18808544616e-08, 1.2598649235e-08, 3.6638680978e-09, 6.6744485494e-09, 6.72599087537e-09, 8.75220174112e-10, 9.86660975144e-10, 5.88427750969e-10, 1.82631840207e-10, 1.76108322369e-10, 8.45427616802e-11, 5.90212601015e-11, 3.49576478875e-11, 2.03655287079e-11, 2.01951216167e-11, 1.29365511359e-11, 1.22496769672e-11, 1.00999009503e-11, 1.22167401195e-10, 1.31728392083e-10, 4.41830079467e-12, 1.59467328665e-12, 6.80138020556e-13, 1.31965987617e-12],
        "max": [0.0602534562349, 0.0478954724967, 0.021741611883, 0.0164758954197, 0.0140502639115, 0.0147926984355, 0.00914379768074, 0.00222259806469, 0.00341299502179, 0.00498245377094, 0.00303245754912, 0.00227096537128, 0.00456957472488, 0.00355484010652, 0.00689212838188, 0.00183141476009, 0.00107537524309, 0.0021982814651, 0.000550386612304, 0.00191738572903, 0.00129387620836, 0.00101564521901, 0.000618454243522, 0.000724571291357, 0.000335734453984, 0.000442830147222, 0.00016323539603, 7.97660177341e-05, 5.21101101185e-05, 6.63799801259e-05, 5.65979426028e-05, 5.18005908816e-05, 5.52470701223e-05, 5.68892573938e-05, 0.0001728542411, 0.000171378167579, 4.33327440987e-05, 9.35473781283e-06, 5.59319778404e-06, 1.10874480015e-05],
        "mean": [0.00495648290962, 0.00344778085127, 0.000679868040606, 0.00166316644754, 0.000905414402951, 0.00070266664261, 0.000385633436963, 0.000249821663601, 0.000205869306228, 9.05568231246e-05, 8.84200271685e-05, 8.09329576441e-05, 8.08081676951e-05, 5.80883133807e-05, 4.24857862527e-05, 5.10448990099e-05, 4.39457726316e-05, 3.47678287653e-05, 1.77130223165e-05, 3.31624833052e-05, 2.23144743359e-05, 9.60192573984e-06, 1.1046329746e-05, 8.12838698039e-06, 6.79900767864e-06, 6.64596109345e-06, 4.54709015685e-06, 4.19783691541e-06, 2.30305863624e-06, 2.61966079051e-06, 2.23092160923e-06, 1.60654133197e-06, 1.39601183946e-06, 1.1361827319e-06, 1.17745378247e-06, 1.1038860066e-06, 5.32067531367e-07, 4.25710680929e-07, 3.61209600896e-07, 3.3395264154e-07],
        "median": [0.00216423091479, 0.00173120840918, 0.000238052933128, 0.000645951251499, 0.000526561110746, 0.00023958759266, 0.00016993637837, 0.000151249580085, 9.54973002081e-05, 2.08820019907e-05, 2.3505948775e-05, 2.62526300503e-05, 1.11527306217e-05, 1.30425942189e-05, 8.82724998519e-06, 1.34297170007e-05, 1.0165889762e-05, 6.54465929983e-06, 3.3502885799e-06, 4.86665339849e-06, 3.68163318853e-06, 2.87152533929e-06, 2.45613182415e-06, 1.83777365237e-06, 1.54177382683e-06, 2.02824367079e-06, 1.29911745717e-06, 1.00136298897e-06, 4.86740020733e-07, 5.68646896681e-07, 5.05744992552e-07, 4.12897236401e-07, 3.64641778106e-07, 2.68101416623e-07, 2.19277666247e-07, 1.92816685285e-07, 1.3698939938e-07, 1.01071869096e-07, 7.38849195159e-08, 5.43578480006e-08],
        "min": [9.59858891544e-24, 1.55743357014e-23, 2.39459003881e-24, 5.14907656639e-24, 8.86392512099e-24, 1.79974418786e-23, 9.46909976443e-24, 1.21810071302e-23, 1.10314585087e-23, 2.27629482405e-24, 3.6758362274e-24, 5.03251645118e-24, 3.72511202941e-24, 4.36942206236e-24, 1.42260682847e-23, 1.00984064518e-23, 1.72194514767e-23, 1.26288978975e-23, 1.2788550723e-23, 1.32612803536e-23, 1.40460312935e-23, 1.04000644954e-23, 1.22040434464e-23, 8.14317525519e-24, 5.88334316937e-24, 9.57314341808e-24, 6.9396180607e-24, 7.29603409515e-24, 1.01648845492e-23, 9.22043897419e-24, 1.00419626652e-23, 1.04990594393e-23, 6.52837146017e-24, 9.23655855793e-24, 9.70022575447e-24, 1.0506682991e-23, 9.68622583998e-24, 1.09440377321e-23, 1.16032201597e-23, 1.37317222876e-23],
        "var": [5.40159962839e-05, 2.38536122197e-05, 1.45301623888e-06, 6.40125654172e-06, 1.31279830384e-06, 1.45114518091e-06, 5.53498466616e-07, 7.59348779411e-08, 1.02218379538e-07, 6.22999820621e-08, 4.34106723901e-08, 3.13879837677e-08, 6.32163477121e-08, 1.96001828101e-08, 1.93435276685e-08, 1.4983468688e-08, 8.37600655501e-09, 7.3883112961e-09, 1.67972202814e-09, 9.32393628972e-09, 2.77940248594e-09, 5.51988454944e-10, 6.45836328861e-10, 3.71904618213e-10, 1.91830329399e-10, 1.95760255228e-10, 5.9481135295e-11, 6.22912763037e-11, 1.83472178422e-11, 3.0592882394e-11, 2.03565879431e-11, 9.05531032103e-12, 6.92405247721e-12, 5.375621389e-12, 2.99315572327e-11, 3.24690135889e-11, 1.36593405857e-12, 7.09457557806e-13, 4.69982288764e-13, 6.43523049518e-13]
    },
    "mfcc": {
        "mean": [-683.069702148, 147.792770386, 15.8942451477, 24.1602840424, 1.98926460743, 5.47543525696, -3.88054203987, -2.19529128075, -5.06649780273, 1.6193574667, -0.0855174809694, 1.13647055626, 2.8450653553],
        "cov": [[10075.1660156, -961.593383789, -1061.99157715, 465.793914795, 474.38369751, 530.482788086, 160.043869019, 287.688751221, 66.5492706299, 69.5956192017, 193.521347046, 172.381515503, -7.01521348953], [-961.593383789, 1713.8458252, 376.984619141, 273.116485596, 97.4367828369, -4.46676492691, 153.203659058, 96.324836731, 108.401069641, 152.658401489, 106.077949524, 74.8580780029, 67.4460144043], [-1061.99157715, 376.984619141, 1057.75646973, -37.4749794006, -7.28454208374, -67.7505111694, -46.661441803, -19.8318710327, 33.0749015808, -18.1733169556, -13.7332086563, -8.90952587128, -34.9363594055], [465.793914795, 273.116485596, -37.4749794006, 337.292297363, 154.027542114, 121.183746338, 112.085723877, 109.69140625, 77.8501739502, 93.7788619995, 100.031669617, 76.6761322021, 37.84897995], [474.38369751, 97.4367828369, -7.28454208374, 154.027542114, 267.015228271, 113.219497681, 117.160812378, 88.7753448486, 70.7483139038, 66.0738296509, 98.1470108032, 73.9459075928, 34.4814872742], [530.482788086, -4.46676492691, -67.7505111694, 121.183746338, 113.219497681, 249.590866089, 120.013587952, 66.485496521, 81.8298568726, 78.7599639893, 61.4606056213, 73.8731918335, 27.4336414337], [160.043869019, 153.203659058, -46.661441803, 112.085723877, 117.160812378, 120.013587952, 213.367599487, 88.6272659302, 72.0227661133, 75.7570800781, 72.559135437, 70.4503173828, 43.8884735107], [287.688751221, 96.324836731, -19.8318710327, 109.69140625, 88.7753448486, 66.485496521, 88.6272659302, 151.367660522, 64.6696090698, 49.8420524597, 63.8399848938, 50.488067627, 35.8023529053], [66.5492706299, 108.401069641, 33.0749015808, 77.8501739502, 70.7483139038, 81.8298568726, 72.0227661133, 64.6696090698, 129.298980713, 74.0506668091, 54.614818573, 42.8612556458, 11.8412389755], [69.5956192017, 152.658401489, -18.1733169556, 93.7788619995, 66.0738296509, 78.7599639893, 75.7570800781, 49.8420524597, 74.0506668091, 132.695419312, 72.0566940308, 50.4558258057, 3.58535289764], [193.521347046, 106.077949524, -13.7332086563, 100.031669617, 98.1470108032, 61.4606056213, 72.559135437, 63.8399848938, 54.614818573, 72.0566940308, 136.088516235, 53.4572906494, 19.3121986389], [172.381515503, 74.8580780029, -8.90952587128, 76.6761322021, 73.9459075928, 73.8731918335, 70.4503173828, 50.488067627, 42.8612556458, 50.4558258057, 53.4572906494, 107.397842407, 32.5915031433], [-7.01521348953, 67.4460144043, -34.9363594055, 37.84897995, 34.4814872742, 27.4336414337, 43.8884735107, 35.8023529053, 11.8412389755, 3.58535289764, 19.3121986389, 32.5915031433, 96.5442047119]],
