{
"lowlevel": {
    "average_loudness": 0.361865907907,
    "barkbands_crest": {
        "dmean": 2.05241966248,
        "dmean2": 3.33187866211,
        "dvar": 3.67573165894,
        "dvar2": 9.46629333496,
        "max": 26.2860889435,
        "mean": 11.8418073654,
        "median": 10.9531354904,
        "min": 2.72178769112,
        "var": 21.0942192078
    },
    "barkbands_flatness_db": {
        "dmean": 0.0172789189965,
        "dmean2": 0.0262986365706,
        "dvar": 0.000276271457551,
        "dvar2": 0.000599147635512,
        "max": 0.415480822325,
        "mean": 0.212982922792,
        "median": 0.21062040329,
        "min": 0.0115345027298,
        "var": 0.00345158670098
    },
    "barkbands_kurtosis": {
        "dmean": 3.37564325333,
        "dmean2": 5.13133001328,
        "dvar": 45.2019081116,
        "dvar2": 94.1532287598,
        "max": 318.855377197,
        "mean": 9.59397792816,
        "median": 3.63920140266,
        "min": -1.84152674675,
        "var": 607.510742188
    },
    "barkbands_skewness": {
        "dmean": 0.448846429586,
        "dmean2": 0.688795685768,
        "dvar": 0.214524939656,
        "dvar2": 0.486291408539,
        "max": 13.5566997528,
        "mean": 1.76603960991,
        "median": 1.57894289494,
        "min": -5.61216640472,
        "var": 2.92718100548
    },
    "barkbands_spread": {
        "dmean": 2.14589357376,
        "dmean2": 3.20577383041,
        "dvar": 16.3213100433,
        "dvar2": 29.1816596985,
        "max": 97.7526245117,
        "mean": 9.77956390381,
        "median": 7.99422073364,
        "min": 0.298754900694,
        "var": 75.3608627319
    },
    "dissonance": {
        "dmean": 0.0295990034938,
        "dmean2": 0.0498792603612,
        "dvar": 0.000862456974573,
        "dvar2": 0.00240198848769,
        "max": 0.5,
        "mean": 0.424215316772,
        "median": 0.435871213675,
        "min": 0.17609757185,
        "var": 0.00257222633809
    },
    "dynamic_complexity": 5.80346536636,
    "erbbands_crest": {
        "dmean": 2.23637485504,
        "dmean2": 3.44019770622,
        "dvar": 4.63152694702,
        "dvar2": 10.748290062,
        "max": 34.5974082947,
        "mean": 12.2738370895,
        "median": 10.6278038025,
        "min": 2.35706782341,
        "var": 37.439907074
    },
    "erbbands_flatness_db": {
        "dmean": 0.0129791041836,
        "dmean2": 0.0187338478863,
        "dvar": 0.000171739666257,
        "dvar2": 0.000333926262101,
        "max": 0.452833652496,
        "mean": 0.228050529957,
        "median": 0.219778090715,
        "min": 0.0413310937583,
        "var": 0.00359583250247
    },
    "erbbands_kurtosis": {
        "dmean": 1.35392844677,
        "dmean2": 2.01202082634,
        "dvar": 8.18746089935,
        "dvar2": 15.9204101562,
        "max": 145.381652832,
        "mean": 2.56986117363,
        "median": 0.707529187202,
        "min": -1.78809392452,
        "var": 51.4222488403
    },
    "erbbands_skewness": {
        "dmean": 0.332816034555,
        "dmean2": 0.496017217636,
        "dvar": 0.116037480533,
        "dvar2": 0.238656356931,
        "max": 7.26396894455,
        "mean": 0.640712380409,
        "median": 0.547109544277,
        "min": -5.50734758377,
        "var": 1.12133526802
    },
    "erbbands_spread": {
        "dmean": 3.96424555779,
        "dmean2": 5.90706682205,
        "dvar": 31.7884674072,
        "dvar2": 66.1163864136,
        "max": 119.118515015,
        "mean": 23.1609954834,
        "median": 20.0756149292,
        "min": 0.520656347275,
        "var": 219.428756714
    },
    "hfc": {
        "dmean": 2.36388087273,
        "dmean2": 3.37755131721,
        "dvar": 20.9177036285,
        "dvar2": 39.8652496338,
        "max": 165.791763306,
        "mean": 11.7050600052,
        "median": 7.2216796875,
        "min": 1.07485569331e-16,
        "var": 192.365234375
    },
    "melbands_crest": {
        "dmean": 2.67775964737,
        "dmean2": 4.35067844391,
        "dvar": 6.05476808548,
        "dvar2": 16.0237789154,
        "max": 33.9911956787,
        "mean": 15.6297445297,
        "median": 14.6915807724,
        "min": 1.60058772564,
        "var": 34.1349029541
    },
    "melbands_flatness_db": {
        "dmean": 0.019717361778,
        "dmean2": 0.0296737924218,
        "dvar": 0.000385287508834,
        "dvar2": 0.000820748333354,
        "max": 0.530047953129,
        "mean": 0.292151868343,
        "median": 0.291229307652,
        "min": 0.00256166188046,
        "var": 0.00573821552098
    },
    "melbands_kurtosis": {
        "dmean": 4.78335905075,
        "dmean2": 7.37079000473,
        "dvar": 80.2788162231,
        "dvar2": 181.851028442,
        "max": 459.12197876,
        "mean": 13.6406040192,
        "median": 6.20939731598,
        "min": -1.78668475151,
        "var": 797.390197754
    },
    "melbands_skewness": {
        "dmean": 0.50678306818,
        "dmean2": 0.78292876482,
        "dvar": 0.27903431654,
        "dvar2": 0.671596288681,
        "max": 17.0240516663,
        "mean": 2.21059894562,
        "median": 1.99667561054,
        "min": -5.57546854019,
        "var": 3.07294917107
    },
    "melbands_spread": {
        "dmean": 2.95998811722,
        "dmean2": 4.48883247375,
        "dvar": 36.8654632568,
        "dvar2": 74.527671814,
        "max": 169.554092407,
        "mean": 13.2036409378,
        "median": 9.9146900177,
        "min": 0.385472148657,
        "var": 249.954391479
    },
    "pitch_salience": {
        "dmean": 0.0585380606353,
        "dmean2": 0.0941648036242,
        "dvar": 0.00286642718129,
        "dvar2": 0.00732419127598,
        "max": 0.902597904205,
        "mean": 0.521861433983,
        "median": 0.537759721279,
        "min": 0.0555491931736,
        "var": 0.0169702544808
    },
    "silence_rate_20dB": {
        "dmean": 0,
        "dmean2": 0,
        "dvar": 0,
        "dvar2": 0,
        "max": 1,
        "mean": 1,
        "median": 1,
        "min": 1,
        "var": 0
    },
    "silence_rate_30dB": {
        "dmean": 0.00132739171386,
        "dmean2": 0.00265503511764,
        "dvar": 0.00132562231738,
        "dvar2": 0.00302746985108,
        "max": 1,
        "mean": 0.99829351902,
        "median": 1,
        "min": 0,
        "var": 0.00170369760599
    },
    "silence_rate_60dB": {
        "dmean": 0.0174457188696,
        "dmean2": 0.0348947457969,
        "dvar": 0.0171421356499,
        "dvar2": 0.0388002470136,
        "max": 1,
        "mean": 0.208949565887,
        "median": 0,
        "min": 0,
        "var": 0.165287926793
    },
    "spectral_centroid": {
        "dmean": 104.637550354,
        "dmean2": 157.101715088,
        "dvar": 50144.7539062,
        "dvar2": 89387.8125,
        "max": 11702.4472656,
        "mean": 763.719787598,
        "median": 589.596252441,
        "min": 156.958068848,
        "var": 1120541.75
    },
    "spectral_complexity": {
        "dmean": 1.56992506981,
        "dmean2": 2.53309321404,
        "dvar": 3.06048154831,
        "dvar2": 6.87278032303,
        "max": 46,
        "mean": 11.4095563889,
        "median": 11,
        "min": 0,
        "var": 46.7051467896
    },
    "spectral_decrease": {
        "dmean": 1.29397614845e-09,
        "dmean2": 2.04882733001e-09,
        "dvar": 3.34454392023e-18,
        "dvar2": 8.75066511804e-18,
        "max": 2.03021014345e-28,
        "mean": -5.54250334517e-09,
        "median": -4.07989420026e-09,
        "min": -3.41434756024e-08,
        "var": 2.75471409905e-17
    },
    "spectral_energy": {
        "dmean": 0.00504468847066,
        "dmean2": 0.00796732492745,
        "dvar": 5.05023381265e-05,
        "dvar2": 0.000131296445034,
        "max": 0.132644787431,
        "mean": 0.0219803731889,
        "median": 0.0162285361439,
        "min": 9.99786226088e-21,
        "var": 0.000432702916441
    },
    "spectral_energyband_high": {
        "dmean": 7.05165075487e-05,
        "dmean2": 9.66736697592e-05,
        "dvar": 1.78008065177e-07,
        "dvar2": 2.82716030142e-07,
        "max": 0.0156791470945,
        "mean": 0.000149763931404,
        "median": 2.95018071483e-05,
        "min": 6.75251727444e-21,
        "var": 4.89366698275e-07
    },
    "spectral_energyband_low": {
        "dmean": 0.00195379368961,
        "dmean2": 0.00343322963454,
        "dvar": 1.52261063704e-05,
        "dvar2": 5.02431103087e-05,
        "max": 0.0751596838236,
        "mean": 0.00419492926449,
        "median": 0.00137548078783,
        "min": 1.34245808718e-23,
        "var": 4.38890383521e-05
    },
    "spectral_energyband_middle_high": {
        "dmean": 0.000958978896961,
        "dmean2": 0.00136313214898,
        "dvar": 3.72520935343e-06,
        "dvar2": 7.37780283089e-06,
        "max": 0.0824780389667,
        "mean": 0.00401157420129,
        "median": 0.0015969206579,
        "min": 1.1745492139e-21,
        "var": 4.11114669987e-05
    },
    "spectral_energyband_middle_low": {
        "dmean": 0.00403452338651,
        "dmean2": 0.0063110915944,
        "dvar": 3.76549141947e-05,
        "dvar2": 9.31252579903e-05,
        "max": 0.10596755147,
        "mean": 0.0154151134193,
        "median": 0.0102806333452,
        "min": 1.47416254894e-22,
        "var": 0.000249439297477
    },
    "spectral_entropy": {
        "dmean": 0.145537480712,
        "dmean2": 0.215003296733,
        "dvar": 0.0247147008777,
        "dvar2": 0.0485944077373,
        "max": 9.82182121277,
        "mean": 6.68525934219,
        "median": 6.7022356987,
        "min": 4.31935310364,
        "var": 0.425234168768
    },
    "spectral_flux": {
        "dmean": 0.0130193047225,
        "dmean2": 0.0213313698769,
        "dvar": 0.000260499684373,
        "dvar2": 0.000666570442263,
        "max": 0.24346549809,
        "mean": 0.0481979735196,
        "median": 0.0428069494665,
        "min": 6.30900956478e-11,
        "var": 0.00121955422219
    },
    "spectral_kurtosis": {
        "dmean": 4.36711359024,
        "dmean2": 7.4132809639,
        "dvar": 32.2187423706,
        "dvar2": 89.7546691895,
        "max": 126.347976685,
        "mean": 14.9373292923,
        "median": 10.086359024,
        "min": -1.26441299915,
        "var": 196.756820679
    },
    "spectral_rms": {
        "dmean": 0.000478870002553,
        "dmean2": 0.000744967896026,
        "dvar": 2.90836652539e-07,
        "dvar2": 7.15093506187e-07,
        "max": 0.0113758314401,
        "mean": 0.00399718945846,
        "median": 0.00397903472185,
        "min": 3.12314128552e-12,
        "var": 5.46672481505e-06
    },
    "spectral_rolloff": {
        "dmean": 170.940475464,
        "dmean2": 288.801879883,
        "dvar": 243122.15625,
        "dvar2": 495131,
        "max": 19616.7480469,
        "mean": 1016.47735596,
        "median": 667.529296875,
        "min": 129.19921875,
        "var": 3833522.5
    },
    "spectral_skewness": {
        "dmean": 0.352831214666,
        "dmean2": 0.580425262451,
        "dvar": 0.134166911244,
        "dvar2": 0.352619081736,
        "max": 9.45799922943,
        "mean": 2.76100587845,
        "median": 2.49930000305,
        "min": -0.0810461342335,
        "var": 1.3873847723
    },
    "spectral_spread": {
        "dmean": 320251.34375,
        "dmean2": 484306.5625,
        "dvar": 446507450368,
        "dvar2": 878449000448,
        "max": 49598348,
        "mean": 3395833.75,
        "median": 2956982,
        "min": 736080.8125,
        "var": 1.42885529846e+13
    },
    "spectral_strongpeak": {
        "dmean": 0.367871969938,
        "dmean2": 0.617355406284,
        "dvar": 0.523299694061,
        "dvar2": 1.31253457069,
        "max": 21.7456207275,
        "mean": 0.995155990124,
        "median": 0.592732429504,
        "min": 0,
        "var": 1.97735691071
    },
    "zerocrossingrate": {
        "dmean": 0.00464304676279,
        "dmean2": 0.00564917223528,
        "dvar": 8.76007252373e-05,
        "dvar2": 0.000116239731142,
        "max": 0.5263671875,
        "mean": 0.0376604273915,
        "median": 0.02880859375,
        "min": 0.005859375,
        "var": 0.00289806164801
    },
    "barkbands": {
        "dmean": [1.69562736119e-05, 0.000164761018823, 0.00123613188043, 0.00138492474798, 0.00231375778094, 0.00106158561539, 0.000579609826673, 0.00050408183597, 0.000402253266657, 0.000388419954106, 0.000321616302244, 0.000174402797711, 0.000284042471321, 0.000175221372047, 0.000134306072141, 6.50769943604e-05, 6.25588872936e-05, 3.85715720768e-05, 2.77423769148e-05, 2.76197588391e-05, 2.05645173992e-05, 2.38993270614e-05, 1.21218054119e-05, 7.02713441569e-06, 7.5085977187e-06, 4.09284666603e-06, 2.54189501447e-07],
        "dmean2": [2.72579363809e-05, 0.000278267863905, 0.00217873835936, 0.00233667716384, 0.00377866555937, 0.00163072044961, 0.000835266255308, 0.000695889699273, 0.000562416971661, 0.000528544129338, 0.000483288400574, 0.000259247026406, 0.000413632224081, 0.000257392355707, 0.000203204006539, 9.32223483687e-05, 9.6101561212e-05, 6.06389767199e-05, 4.23880082963e-05, 4.1764247726e-05, 3.07617774524e-05, 3.54001276719e-05, 1.75066288648e-05, 1.01890755104e-05, 1.06127718027e-05, 5.85110183238e-06, 3.5675427057e-07],
        "dvar": [1.45391865658e-07, 2.96006305689e-07, 8.16847295937e-06, 8.17119143903e-06, 1.89099591807e-05, 4.28945622843e-06, 2.21721325033e-06, 1.85308113032e-06, 1.10650989882e-06, 9.26963821257e-07, 8.92355217275e-07, 2.45773350116e-07, 6.91156515131e-07, 5.65808591091e-07, 5.64393019431e-07, 1.56938128271e-07, 3.25465840945e-08, 4.04581257385e-08, 4.56243718361e-08, 3.06068557165e-08, 1.40992053588e-08, 3.19328528064e-08, 1.07199964461e-08, 1.96749150305e-09, 2.94207636031e-09, 6.86941170613e-10, 4.86019601301e-12],
        "dvar2": [3.76481551712e-07, 8.40775271627e-07, 2.73759033007e-05, 2.39316541411e-05, 5.0277376431e-05, 9.70022210822e-06, 4.57063970316e-06, 3.71605619875e-06, 2.15432237383e-06, 1.60489696555e-06, 1.87872262813e-06, 5.14695727816e-07, 1.44668626945e-06, 1.05115032056e-06, 1.21619052607e-06, 1.9890269698e-07, 7.39306429409e-08, 1.03373992033e-07, 1.01006882858e-07, 5.57101955678e-08, 2.6833497202e-08, 5.96239502215e-08, 2.2554617729e-08, 3.50484974376e-09, 5.2700968034e-09, 1.29184207776e-09, 8.67114713365e-12],
        "max": [0.0283848680556, 0.0178132671863, 0.0560396462679, 0.0565644912422, 0.0842138156295, 0.0493299886584, 0.0459882318974, 0.0506079606712, 0.0321215465665, 0.0580579265952, 0.0372837670147, 0.0199286937714, 0.0218626689166, 0.041313752532, 0.0390248522162, 0.0460565276444, 0.00811405293643, 0.0110381143168, 0.0096249319613, 0.00888843927532, 0.0047799483873, 0.0111718000844, 0.00695120543242, 0.00209266413003, 0.0023042128887, 0.000916912860703, 9.40421014093e-05],
        "mean": [1.55914458446e-05, 0.000349727954017, 0.00223717209883, 0.00294396281242, 0.0057300394401, 0.00257133389823, 0.00138172903098, 0.00121488969307, 0.00107082747854, 0.00113394809887, 0.000770943996031, 0.000427156483056, 0.000735311477911, 0.000411676068325, 0.0003607061808, 0.000171220715856, 0.000148226332385, 7.8838209447e-05, 4.80925846205e-05, 4.77094945381e-05, 3.57507778972e-05, 4.44157158199e-05, 2.06786135095e-05, 1.17704694276e-05, 1.1619425095e-05, 6.70324379826e-06, 3.77971815624e-07],
        "median": [8.75467208061e-07, 4.68145808554e-05, 0.000627260887995, 0.000633335555904, 0.00243559549563, 0.000942850660067, 0.000399733893573, 0.000276373903034, 0.000298978382489, 0.000243081478402, 0.000141303462442, 5.87586182519e-05, 6.93731053616e-05, 5.32242847839e-05, 4.44910438091e-05, 2.38601642195e-05, 3.09117313009e-05, 1.5896595869e-05, 8.9177301561e-06, 8.05660147307e-06, 5.69191433897e-06, 6.04439992458e-06, 3.50380241798e-06, 1.26471104522e-06, 1.08702283796e-06, 7.1668370083e-07, 3.2535062644e-08],
        "min": [1.00782443504e-24, 7.9746456738e-25, 6.56014953845e-25, 3.55582948029e-25, 1.08458056167e-23, 7.20584757216e-24, 4.13938233379e-24, 8.09903769868e-24, 1.44050624018e-23, 1.12604687738e-23, 1.89153288735e-23, 1.53139090507e-23, 1.65356305564e-23, 4.05152018946e-23, 2.67131779008e-23, 6.85449634027e-23, 5.39438548664e-23, 8.01182470798e-23, 1.19204758766e-22, 1.94142265981e-22, 1.97860716474e-22, 2.73682505209e-22, 3.96282142658e-22, 5.15998689136e-22, 8.71512020584e-22, 1.28106174344e-21, 1.98293085456e-21],
        "var": [1.28981582748e-07, 1.09627558231e-06, 1.90996834135e-05, 2.54083079199e-05, 6.91119203111e-05, 1.62231553986e-05, 8.79829349287e-06, 7.38671951694e-06, 6.09051357969e-06, 8.5296924226e-06, 3.82924872611e-06, 1.33338278374e-06, 3.5228026718e-06, 2.94564347314e-06, 3.95098686568e-06, 1.75088905507e-06, 1.35919265176e-07, 6.30139069813e-08, 6.09750827607e-08, 5.29086321421e-08, 2.70316284912e-08, 7.80291884439e-08, 1.94838296608e-08, 4.60214577558e-09, 6.11465944544e-09, 1.37137834422e-09, 9.40875415772e-12]
    },
    "erbbands": {
        "dmean": [0.00198663631454, 0.0605523772538, 0.972874104977, 3.34527564049, 5.75962591171, 8.79760360718, 8.28124809265, 8.90670490265, 9.63804244995, 9.64857196808, 9.94129276276, 9.88970470428, 11.1083364487, 9.74728775024, 11.7152385712, 8.02065563202, 12.5962467194, 10.3042612076, 7.34686040878, 5.20677995682, 3.30533242226, 2.93175649643, 2.16595745087, 1.40815126896, 1.55517065525, 1.27990627289, 0.752078592777, 0.953927218914, 0.889522492886, 0.58560603857, 0.308303266764, 0.178592786193, 0.105459488928, 0.0986271426082, 0.0473327338696, 0.0279782339931, 0.00494475103915, 0.0005444175913, 4.0061877371e-05, 6.76646732245e-06],
        "dmean2": [0.00344709376805, 0.103194490075, 1.70547628403, 5.79285955429, 9.52730941772, 14.1650295258, 12.7278356552, 14.0845451355, 13.4934501648, 14.8815498352, 13.1422653198, 13.7300815582, 15.4126300812, 13.6967229843, 17.3358211517, 11.8383054733, 18.1685390472, 15.075302124, 10.9412250519, 7.49281644821, 4.82981014252, 4.41816616058, 3.33557748795, 2.24661517143, 2.34873986244, 1.92299199104, 1.07232642174, 1.42094755173, 1.30111992359, 0.863059222698, 0.458004295826, 0.264046370983, 0.152125522494, 0.141616001725, 0.0665603876114, 0.0401573032141, 0.0070470017381, 0.000775179243647, 5.48243369849e-05, 1.03995753307e-05],
        "dvar": [0.000265575043159, 0.027259118855, 5.05659770966, 43.5655403137, 125.588592529, 405.993377686, 274.090179443, 313.504730225, 515.442260742, 1097.46984863, 631.504516602, 781.335876465, 735.850341797, 772.895935059, 1060.66516113, 490.977722168, 1412.67199707, 1647.40136719, 1538.41870117, 2682.29541016, 149.815505981, 76.6028747559, 45.0444717407, 195.633712769, 124.136283875, 64.2909088135, 23.4129829407, 32.6916770935, 41.5439682007, 22.6398715973, 9.04654312134, 1.14925289154, 0.551761984825, 0.590891718864, 0.111059561372, 0.0332255065441, 0.00089027674403, 1.59764531418e-05, 1.19303734891e-07, 2.58142840437e-10],
        "dvar2": [0.000570852775127, 0.0817512348294, 16.7925701141, 138.519012451, 339.095947266, 1051.73474121, 629.150268555, 781.001037598, 927.204650879, 2854.35205078, 1067.08129883, 1569.8326416, 1356.81335449, 1334.11328125, 2227.15258789, 1032.01550293, 2953.77905273, 3159.63964844, 3211.14501953, 4036.54052734, 252.720367432, 167.683700562, 102.121986389, 495.116912842, 241.282836914, 121.933799744, 45.888004303, 64.9277648926, 78.9449386597, 43.7538948059, 21.1147651672, 2.23524236679, 1.02629315853, 1.13949358463, 0.205524533987, 0.0621352754533, 0.00170106452424, 2.95869176625e-05, 2.09486373137e-07, 4.90927354324e-10],
        "max": [1.20970308781, 5.40625715256, 49.1777992249, 139.070510864, 247.580062866, 501.851623535, 361.425537109, 393.434204102, 675.974731445, 1064.6739502, 743.992553711, 948.624389648, 1736.29284668, 2090.71972656, 1614.44641113, 1037.18664551, 1029.30041504, 2000.67700195, 2163.34521484, 5280.28564453, 888.354370117, 388.575744629, 272.35848999, 754.944824219, 625.235900879, 400.748565674, 220.297225952, 258.378967285, 376.160949707, 244.511611938, 199.592681885, 54.4959373474, 29.4847183228, 38.3137054443, 11.7953863144, 7.09604120255, 1.01470458508, 0.153419777751, 0.0162703357637, 0.000699529598933],
        "mean": [0.0033840527758, 0.134914413095, 1.91171181202, 7.34399604797, 13.9247055054, 19.8657913208, 20.3758525848, 19.7999954224, 23.8160190582, 21.204624176, 26.6595001221, 27.6134719849, 31.7206611633, 28.9560699463, 31.6550769806, 21.5885181427, 33.6491737366, 27.1209793091, 19.5925788879, 15.1450910568, 8.41503620148, 7.69372463226, 5.22928237915, 2.49214291573, 2.81214690208, 2.24697613716, 1.25142717361, 1.6755439043, 1.62542235851, 1.08239340782, 0.528969347477, 0.310865342617, 0.16319668293, 0.140487879515, 0.0758316889405, 0.0449739657342, 0.00812270585448, 0.000865172652993, 7.14947964298e-05, 2.76015653071e-05],
        "median": [0.000960177567322, 0.0291323941201, 0.606360793114, 2.34063577652, 4.93196678162, 7.507188797, 7.68430709839, 7.78612232208, 7.53615951538, 6.16536140442, 7.48862266541, 8.45000267029, 8.04718017578, 5.92409992218, 7.27801370621, 4.15884017944, 3.69324231148, 3.80376243591, 2.65384173393, 2.01252841949, 1.71083545685, 1.59805691242, 1.26297664642, 0.51950776577, 0.585643708706, 0.387114286423, 0.195780307055, 0.234910517931, 0.221670746803, 0.176251798868, 0.0825645774603, 0.0382043682039, 0.0146706625819, 0.0102912466973, 0.00734420306981, 0.00420300569385, 0.00101070594974, 0.000113150061225, 1.6980968212e-05, 1.98034322239e-05],
        "min": [3.48472710004e-23, 1.73580259387e-22, 1.50221340775e-21, 6.64906153674e-21, 1.17211775527e-20, 1.79111372897e-20, 6.83673241952e-20, 7.23538242221e-20, 9.32124887621e-20, 1.39557764122e-19, 2.77168965468e-19, 3.45740687285e-19, 5.80797680973e-19, 6.60809827649e-19, 1.26745855713e-18, 1.04056570684e-18, 1.17332964272e-18, 2.23507613632e-18, 2.67398644115e-18, 3.83189102659e-18, 3.52842492963e-18, 3.93844801951e-18, 4.84842279394e-18, 6.12273754097e-18, 6.9421538227e-18, 8.57572965338e-18, 6.88733077324e-18, 9.49969701504e-18, 9.11710861094e-18, 1.18077650162e-17, 1.15083454868e-17, 1.07622608343e-17, 9.12358543514e-18, 8.48584986238e-18, 5.68042173356e-18, 4.16103653209e-18, 2.20362486827e-18, 9.2098702992e-19, 2.55796169403e-19, 2.83420092142e-20],
        "var": [0.000322866428178, 0.115392632782, 13.4862546921, 127.371810913, 533.413452148, 1239.94567871, 1169.79345703, 966.458068848, 2255.10766602, 3000.65161133, 2751.07275391, 4082.16772461, 6015.47070312, 6764.97363281, 5099.80712891, 2733.54296875, 7195.29394531, 9100.11523438, 9754.78808594, 23195.09375, 790.993530273, 378.062744141, 151.961196899, 212.21736145, 185.988494873, 108.03855896, 42.6458702087, 61.9245300293, 95.2895431519, 54.1166267395, 13.5427417755, 2.54812526703, 1.18336248398, 1.06546640396, 0.231782868505, 0.0681699514389, 0.00169729779009, 3.03890956275e-05, 2.37751123677e-07, 1.07756337187e-09]
    },
    "gfcc": {
        "mean": [-113.123283386, 134.975463867, -113.90045166, -0.864929199219, -60.7536659241, -2.65031242371, -40.4092292786, -8.36763000488, -28.2950553894, -8.9823141098, -25.505607605, -4.8945069313, -15.2034187317],
        "cov": [[30795.1621094, 1014.54663086, -3053.67919922, 1079.36108398, -1300.82104492, 197.629882812, -1030.92333984, -725.553161621, -826.44354248, 4.25122070312, -271.867340088, 411.086456299, -446.319488525], [1014.54663086, 1457.1697998, -139.512756348, -389.100524902, 186.016021729, -120.825576782, 46.3585395813, -49.0314750671, 55.5776748657, -114.501800537, 59.1382980347, -19.6688270569, 54.1922035217], [-3053.67919922, -139.512756348, 958.830383301, 187.294235229, 110.881141663, 86.26222229, 42.5034408569, 10.0668373108, -12.2724084854, -21.1049537659, -14.709728241, -38.0843582153, 3.11024785042], [1079.36108398, -389.100524902, 187.294235229, 644.007507324, 0.730336308479, 65.1456375122, -119.734565735, -73.1303634644, -71.7591400146, -26.3650798798, -44.7607727051, -2.10307502747, -27.2418632507], [-1300.82104492, 186.016021729, 110.881141663, 0.730336308479, 300.859771729, 9.31621170044, 22.7827339172, 15.857632637, 83.6741333008, -3.43352890015, 35.3162117004, -35.6952285767, 47.816368103], [197.629882812, -120.825576782, 86.26222229, 65.1456375122, 9.31621170044, 206.045562744, 64.3231124878, -29.3327331543, -42.1393013, 24.9192848206, -15.2211971283, 4.8868355751, -30.6030063629], [-1030.92333984, 46.3585395813, 42.5034408569, -119.734565735, 22.7827339172, 64.3231124878, 252.872711182, 64.0129470825, 0.201851636171, 0.780786693096, 9.42666721344, -11.6099338531, -3.63616394997], [-725.553161621, -49.0314750671, 10.0668373108, -73.1303634644, 15.857632637, -29.3327331543, 64.0129470825, 178.79586792, 77.8915710449, 21.2566986084, 9.43987369537, -25.9009380341, 16.309337616], [-826.44354248, 55.5776748657, -12.2724084854, -71.7591400146, 83.6741333008, -42.1393013, 0.201851636171, 77.8915710449, 184.93347168, 45.7947540283, 9.90576934814, -21.9710731506, 38.0204124451], [4.25122070312, -114.501800537, -21.1049537659, -26.3650798798, -3.43352890015, 24.9192848206, 0.780786693096, 21.2566986084, 45.7947540283, 139.563156128, 25.2989177704, -14.3463068008, -15.2294311523], [-271.867340088, 59.1382980347, -14.709728241, -44.7607727051, 35.3162117004, -15.2211971283, 9.42666721344, 9.43987369537, 9.90576934814, 25.2989177704, 125.984519958, 34.6801643372, 8.18139743805], [411.086456299, -19.6688270569, -38.0843582153, -2.10307502747, -35.6952285767, 4.8868355751, -11.6099338531, -25.9009380341, -21.9710731506, -14.3463068008, 34.6801643372, 122.144493103, 11.1577148438], [-446.319488525, 54.1922035217, 3.11024785042, -27.2418632507, 47.816368103, -30.6030063629, -3.63616394997, 16.309337616, 38.0204124451, -15.2294311523, 8.18139743805, 11.1577148438, 129.161972046]],
        "icov": [[0.000227974494919, -0.000558672414627, 0.000701448763721, -0.00066758308094, 0.000699186406564, -0.000632256444078, 0.000735250941943, -0.000308112445055, 0.000658267003018, -0.000647086999379, 0.000504678871948, -0.000540483335499, 0.000260088883806], [-0.000558672414627, 0.00249799876474, -0.00162417034153, 0.00231384136714, -0.00232864962891, 0.00192203384358, -0.00191205868032, 0.00154406018555, -0.0018660298083, 0.00265832385048, -0.00165224913508, 0.0017012526514, -0.000562344212085], [0.000701448763721, -0.00162417034153, 0.00338424858637, -0.00235087238252, 0.00169286562596, -0.00227703922428, 0.00207268656231, -0.00108973262832, 0.00213405862451, -0.00171881890856, 0.00151977525093, -0.00137380557135, 0.000749279046431], [-0.00066758308094, 0.00231384136714, -0.00235087238252, 0.00443297158927, -0.00261154212058, 0.00135767075699, -0.000997017021291, 0.00138220365625, -0.00149590533692, 0.00273575843312, -0.00125255389139, 0.00179831532296, -0.000513283070177], [0.000699186406564, -0.00232864962891, 0.00169286562596, -0.00261154212058, 0.00739485025406, -0.00297784525901, 0.00195316271856, -0.000363371887943, -0.000513451988809, -0.00122415891383, -0.000377209915314, 6.1554092099e-05, -0.000515423715115], [-0.000632256444078, 0.00192203384358, -0.00227703922428, 0.00135767075699, -0.00297784525901, 0.00889470614493, -0.00444638123736, 0.00226733624004, -0.000546170631424, -0.000216181884753, -3.01390482491e-05, 0.000445214187494, 0.000247133692028], [0.000735250941943, -0.00191205868032, 0.00207268656231, -0.000997017021291, 0.00195316271856, -0.00444638123736, 0.00820849649608, -0.00343733699992, 0.00307700270787, -0.00143781874795, 0.00130910647567, -0.00142594089266, 0.000936223892495], [-0.000308112445055, 0.00154406018555, -0.00108973262832, 0.00138220365625, -0.000363371887943, 0.00226733624004, -0.00343733699992, 0.00927815120667, -0.00449189776555, 0.00150700297672, -0.00163239089306, 0.00229953974485, -0.00058665900724], [0.000658267003018, -0.0018660298083, 0.00213405862451, -0.00149590533692, -0.000513451988809, -0.000546170631424, 0.00307700270787, -0.00449189776555, 0.0115267997608, -0.00535269640386, 0.0029592460487, -0.00200215517543, -0.000633508665487], [-0.000647086999379, 0.00265832385048, -0.00171881890856, 0.00273575843312, -0.00122415891383, -0.000216181884753, -0.00143781874795, 0.00150700297672, -0.00535269640386, 0.0124530335888, -0.00470126001164, 0.00374379917048, 0.000456579873571], [0.000504678871948, -0.00165224913508, 0.00151977525093, -0.00125255389139, -0.000377209915314, -3.01390482491e-05, 0.00130910647567, -0.00163239089306, 0.0029592460487, -0.00470126001164, 0.0117737194523, -0.00527857989073, 0.000796660082415], [-0.000540483335499, 0.0017012526514, -0.00137380557135, 0.00179831532296, 6.1554092099e-05, 0.000445214187494, -0.00142594089266, 0.00229953974485, -0.00200215517543, 0.00374379917048, -0.00527857989073, 0.0120040001348, -0.00208869692869], [0.000260088883806, -0.000562344212085, 0.000749279046431, -0.000513283070177, -0.000515423715115, 0.000247133692028, 0.000936223892495, -0.00058665900724, -0.000633508665487, 0.000456579873571, 0.000796660082415, -0.00208869692869, 0.00947068352252]]
    },
    "melbands": {
        "dmean": [2.96938414976e-05, 0.000369008659618, 0.000609594280832, 0.000518712273333, 0.000318700098433, 0.000201127899345, 0.000142264034366, 0.000103730933915, 8.20261775516e-05, 5.84536501265e-05, 5.57601706532e-05, 4.08107371186e-05, 4.64852928417e-05, 2.23830302275e-05, 2.34701801674e-05, 2.54616297752e-05, 2.04882708204e-05, 1.22625851873e-05, 7.31934323994e-06, 6.04064916843e-06, 4.01362331104e-06, 3.35583126798e-06, 3.15185229738e-06, 1.53330313424e-06, 1.17825175039e-06, 1.12194811663e-06, 1.26448082938e-06, 7.98598023266e-07, 5.02674822656e-07, 4.66353355932e-07, 6.31177556443e-07, 5.39962343282e-07, 4.49522076451e-07, 3.07608388539e-07, 2.07040059763e-07, 1.22077310039e-07, 1.08528354303e-07, 7.72011929939e-08, 7.4796780325e-08, 9.08409845124e-08],
        "dmean2": [4.99810448673e-05, 0.00064635934541, 0.00104123225901, 0.00085355876945, 0.000494382809848, 0.000313846219797, 0.000200151625904, 0.000158068549354, 0.000108570828161, 8.1881225924e-05, 7.72066414356e-05, 5.71845012018e-05, 6.93183683325e-05, 3.35177428497e-05, 3.41882659995e-05, 3.68750552298e-05, 3.00862320728e-05, 1.84250075108e-05, 1.08245822048e-05, 8.62510751176e-06, 5.96576182943e-06, 5.11759071742e-06, 4.87700845042e-06, 2.42810392592e-06, 1.91267804439e-06, 1.7178191456e-06, 1.93326013687e-06, 1.19795811315e-06, 7.43526925362e-07, 6.84193196321e-07, 9.6574615327e-07, 8.01005853646e-07, 6.80492860283e-07, 4.4553669909e-07, 3.16025221991e-07, 1.84553968552e-07, 1.63424687116e-07, 1.13563999093e-07, 1.13602830254e-07, 1.29307480279e-07],
        "dvar": [2.01871959149e-08, 7.19347553968e-07, 1.24044890981e-06, 1.04159607872e-06, 3.86115999618e-07, 1.59198023653e-07, 1.12899648741e-07, 1.23031796306e-07, 3.77532138884e-08, 2.65373980568e-08, 1.82748696176e-08, 1.50212500216e-08, 1.91455509224e-08, 3.7366398864e-09, 4.4954209244e-09, 6.64083366075e-09, 8.10867106793e-09, 3.93077126404e-09, 1.75289682769e-09, 2.96778934761e-09, 1.92801802301e-10, 1.13382449263e-10, 7.1015297809e-11, 9.45401187891e-11, 1.56946886043e-10, 7.59873761136e-11, 7.1754074904e-11, 2.3849993161e-11, 1.30076643901e-11, 7.5559489221e-12, 1.65090857651e-11, 1.41562300077e-11, 1.40958260689e-11, 5.87685325751e-12, 5.38869339775e-12, 5.4514411648e-13, 4.62042567834e-13, 2.8653818142e-13, 3.61882399047e-13, 5.09537724513e-13],
        "dvar2": [4.94098593151e-08, 2.37453173213e-06, 3.7314932797e-06, 2.84408861262e-06, 9.21580976865e-07, 3.753108615e-07, 2.06043225148e-07, 3.12068181074e-07, 6.49997531355e-08, 5.40361213552e-08, 3.37407080053e-08, 2.55248924219e-08, 3.95331198888e-08, 7.92715759701e-09, 9.97736737673e-09, 1.30302106882e-08, 1.53076911147e-08, 8.24745516326e-09, 3.19738457932e-09, 4.30485957992e-09, 3.54356738397e-10, 2.53826987207e-10, 1.68166328085e-10, 2.36256070263e-10, 4.00733141115e-10, 1.62771851553e-10, 1.45475631541e-10, 4.61364210724e-11, 2.81850237593e-11, 1.35895270731e-11, 3.61029053875e-11, 2.71410775798e-11, 2.72924686323e-11, 1.17392536664e-11, 1.33723197446e-11, 1.08234775309e-12, 9.34761274461e-13, 5.58964333153e-13, 7.60954396283e-13, 9.88283890488e-13],
        "max": [0.00961279962212, 0.0180962588638, 0.0204687528312, 0.0182527061552, 0.0121545260772, 0.00950290169567, 0.0100803105161, 0.0121552823111, 0.00547322165221, 0.00628317147493, 0.00854091532528, 0.00936524476856, 0.00568340206519, 0.00228474941105, 0.00237516267225, 0.00298431003466, 0.00438274769112, 0.00331191183068, 0.0038334634155, 0.00573472678661, 0.0010534550529, 0.000556933518965, 0.000203618998057, 0.00060128653422, 0.00068285013549, 0.000472783460282, 0.000415403628722, 0.000215353196836, 0.000179933267646, 0.000140956835821, 0.000181474009878, 0.000185913188034, 0.00025345524773, 0.000127590348711, 0.000164618293638, 3.50860209437e-05, 3.65735468222e-05, 2.17517008423e-05, 2.11493406823e-05, 3.99480559281e-05],
        "mean": [5.82882785238e-05, 0.000719091389328, 0.00142923556268, 0.00125524750911, 0.000768855330534, 0.00045705208322, 0.000350535585312, 0.000231476486078, 0.000221745460294, 0.000158808397828, 0.000156296737259, 0.000116025279567, 0.000116345079732, 5.77781647735e-05, 6.01986284892e-05, 6.7560817115e-05, 4.93600782647e-05, 3.01934960589e-05, 2.03761210287e-05, 1.65349374583e-05, 8.8677252279e-06, 8.07847027318e-06, 7.15218084224e-06, 3.0922183214e-06, 1.81809036803e-06, 1.89420006791e-06, 2.09858762901e-06, 1.3263411347e-06, 7.59298529829e-07, 7.62423383094e-07, 1.05367064407e-06, 9.53544258664e-07, 7.88412762631e-07, 5.22215714227e-07, 3.26248482452e-07, 2.12472599515e-07, 1.77386382916e-07, 1.14600389622e-07, 1.03336333268e-07, 1.24821937675e-07],
        "median": [9.37766526476e-06, 0.000208706042031, 0.000560613174457, 0.00048106565373, 0.000325710978359, 0.000172836706042, 0.000108915410237, 6.64242252242e-05, 6.52405287838e-05, 4.70630766358e-05, 3.66752865375e-05, 2.00615722861e-05, 2.22275575652e-05, 1.10276341729e-05, 7.85511110735e-06, 6.36600634607e-06, 6.05919558438e-06, 3.7405736748e-06, 2.71370936389e-06, 2.07483799386e-06, 1.73581724994e-06, 1.49990114551e-06, 1.49636832703e-06, 6.00273551754e-07, 2.80098191752e-07, 3.00532548181e-07, 4.04442857871e-07, 1.6771753053e-07, 8.11487623764e-08, 1.15543294044e-07, 1.20503599987e-07, 1.1813155254e-07, 9.95510234247e-08, 8.27542976367e-08, 4.16549781335e-08, 2.51764831205e-08, 1.73189338426e-08, 8.4097679931e-09, 5.97123595014e-09, 7.51695594658e-09],
        "min": [5.2988994947e-25, 3.50332487059e-25, 1.79931559973e-24, 1.19044958029e-24, 2.26936744201e-24, 1.67157693107e-24, 1.41996925231e-24, 1.71657040166e-24, 2.21931540086e-24, 1.97504994637e-24, 2.37335705869e-24, 2.06330198521e-24, 3.50407912022e-24, 1.74815008142e-24, 2.55901586716e-24, 1.99173849604e-24, 3.63855229443e-24, 3.69403840392e-24, 2.51063522506e-24, 4.0154175757e-24, 3.23038777346e-24, 3.39263516242e-24, 3.81959232231e-24, 3.94088363079e-24, 4.02451353637e-24, 4.69647787721e-24, 5.84895041162e-24, 5.25954825312e-24, 4.24030446484e-24, 3.7979787168e-24, 5.34549070444e-24, 4.55915730956e-24, 5.68197656255e-24, 6.14223311897e-24, 6.12108494139e-24, 6.38894739492e-24, 5.46883541786e-24, 5.76352663635e-24, 6.25855933691e-24, 6.39101894366e-24],
        "var": [3.99512352089e-08, 1.98579482458e-06, 4.06181152357e-06, 3.74914588974e-06, 1.48866547534e-06, 5.19230411555e-07, 4.95522783694e-07, 3.64039664191e-07, 1.69962277141e-07, 1.3063429094e-07, 1.50414990685e-07, 1.32105256512e-07, 8.51583976669e-08, 2.09562998066e-08, 2.18356266402e-08, 3.66381982531e-08, 4.25124007108e-08, 2.26801706305e-08, 1.70866236715e-08, 2.67892783512e-08, 7.54205142783e-10, 4.97969387947e-10, 2.58549737175e-10, 1.39907890828e-10, 1.64778496403e-10, 1.01620240001e-10, 1.05082116619e-10, 4.01255591254e-11, 2.06444358136e-11, 1.43486993121e-11, 2.7527312027e-11, 3.17100581904e-11, 3.21240048451e-11, 1.31175374382e-11, 6.8099527753e-12, 1.11995840119e-12, 9.5553176916e-13, 6.05354091507e-13, 5.91620882059e-13, 8.92058996116e-13]
    },
    "mfcc": {
        "mean": [-748.265319824, 169.017105103, -1.76030421257, 6.62379264832, -8.53645610809, 1.29780054092, -13.4134893417, -2.36249160767, -6.96485948563, -9.07675075531, -7.07295227051, -8.89155483246, -7.68481063843],
        "cov": [[15283.0078125, 1139.53283691, -1054.11584473, 689.510620117, -338.504333496, 564.609436035, -391.496002197, -33.567565918, -680.885986328, -514.061401367, -78.2351760864, -182.450775146, -92.5993728638], [1139.53283691, 2002.18786621, -209.255004883, -198.59727478, -2.72109937668, -17.4133529663, -44.2695541382, 40.5503616333, -17.6908931732, -100.870887756, -15.6847419739, 4.45138263702, 39.7046852112], [-1054.11584473, -209.255004883, 557.836364746, 75.060005188, 48.0893516541, 34.2444801331, 61.0453796387, -2.3396294117, 29.7472305298, 33.049621582, -19.294303894, -10.2459449768, 6.35769939423], [689.510620117, -198.59727478, 75.060005188, 402.798095703, 138.647750854, 63.0458908081, -17.1092395782, 1.04204857349, -38.7742538452, -30.3267250061, -52.9076919556, -23.9064712524, 0.411955952644], [-338.504333496, -2.72109937668, 48.0893516541, 138.647750854, 343.676116943, 18.5980434418, -31.8846855164, -37.7685928345, 27.6758651733, 28.8682479858, -35.5251045227, 7.5196928978, 4.88582372665], [564.609436035, -17.4133529663, 34.2444801331, 63.0458908081, 18.5980434418, 254.238601685, 54.80909729, 7.85895061493, -37.5812797546, -38.6025238037, 15.9461135864, -23.2356891632, -28.4125347137], [-391.496002197, -44.2695541382, 61.0453796387, -17.1092395782, -31.8846855164, 54.80909729, 212.164764404, 36.4486656189, 7.83573436737, 16.3640937805, 19.7003231049, -7.90321540833, -7.31869411469], [-33.567565918, 40.5503616333, -2.3396294117, 1.04204857349, -37.7685928345, 7.85895061493, 36.4486656189, 147.579025269, 7.65533971786, -22.9617862701, 3.29951238632, -4.01423120499, 3.34366559982], [-680.885986328, -17.6908931732, 29.7472305298, -38.7742538452, 27.6758651733, -37.5812797546, 7.83573436737, 7.65533971786, 189.390548706, 73.878616333, -4.62612199783, 5.43224906921, -0.523692011833], [-514.061401367, -100.870887756, 33.049621582, -30.3267250061, 28.8682479858, -38.6025238037, 16.3640937805, -22.9617862701, 73.878616333, 179.263320923, 49.4629745483, 1.30253887177, -12.4401130676], [-78.2351760864, -15.6847419739, -19.294303894, -52.9076919556, -35.5251045227, 15.9461135864, 19.7003231049, 3.29951238632, -4.62612199783, 49.4629745483, 158.516159058, 36.2285232544, -10.4463891983], [-182.450775146, 4.45138263702, -10.2459449768, -23.9064712524, 7.5196928978, -23.2356891632, -7.90321540833, -4.01423120499, 5.43224906921, 1.30253887177, 36.2285232544, 126.330001831, 34.8078384399], [-92.5993728638, 39.7046852112, 6.35769939423, 0.411955952644, 4.88582372665, -28.4125347137, -7.31869411469, 3.34366559982, -0.523692011833, -12.4401130676, -10.4463891983, 34.8078384399, 126.019355774]],
