{
"lowlevel": {
    "average_loudness": 0.147369027138,
    "barkbands_crest": {
        "dmean": 1.94221067429,
        "dmean2": 2.99440407753,
        "dvar": 3.78936386108,
        "dvar2": 9.34325313568,
        "max": 26.3595924377,
        "mean": 12.1224374771,
        "median": 11.5031108856,
        "min": 3.54192733765,
        "var": 15.3007097244
    },
    "barkbands_flatness_db": {
        "dmean": 0.0192070752382,
        "dmean2": 0.0277728978544,
        "dvar": 0.000435555150034,
        "dvar2": 0.00086843140889,
        "max": 0.427643328905,
        "mean": 0.241986632347,
        "median": 0.244717523456,
        "min": 0.042060315609,
        "var": 0.00387140060775
    },
    "barkbands_kurtosis": {
        "dmean": 3.75579786301,
        "dmean2": 5.79567337036,
        "dvar": 43.4280166626,
        "dvar2": 98.5478134155,
        "max": 302.272674561,
        "mean": 9.96790504456,
        "median": 6.35089969635,
        "min": -1.88177478313,
        "var": 156.854904175
    },
    "barkbands_skewness": {
        "dmean": 0.467770665884,
        "dmean2": 0.703827857971,
        "dvar": 0.351549237967,
        "dvar2": 0.752819597721,
        "max": 14.2184438705,
        "mean": 2.0816526413,
        "median": 1.95869362354,
        "min": -6.87715768814,
        "var": 1.83889329433
    },
    "barkbands_spread": {
        "dmean": 2.19894194603,
        "dmean2": 3.32643079758,
        "dvar": 37.5749816895,
        "dvar2": 82.0891189575,
        "max": 111.580223083,
        "mean": 7.33703279495,
        "median": 4.9089846611,
        "min": 0.42133975029,
        "var": 82.8178405762
    },
    "dissonance": {
        "dmean": 0.0291654393077,
        "dmean2": 0.0480052903295,
        "dvar": 0.000872106407769,
        "dvar2": 0.00230466481298,
        "max": 0.499945193529,
        "mean": 0.402970671654,
        "median": 0.411006987095,
        "min": 0.101611949503,
        "var": 0.0033793579787
    },
    "dynamic_complexity": 8.11888694763,
    "erbbands_crest": {
        "dmean": 2.00389766693,
        "dmean2": 3.12507009506,
        "dvar": 4.52120161057,
        "dvar2": 10.8367176056,
        "max": 30.7873630524,
        "mean": 10.6580047607,
        "median": 9.84718894958,
        "min": 2.27315163612,
        "var": 15.7579536438
    },
    "erbbands_flatness_db": {
        "dmean": 0.0159336961806,
        "dmean2": 0.0226872563362,
        "dvar": 0.000364533858374,
        "dvar2": 0.00070894905366,
        "max": 0.426553159952,
        "mean": 0.24420632422,
        "median": 0.248832598329,
        "min": 0.0252068396658,
        "var": 0.00394275924191
    },
    "erbbands_kurtosis": {
        "dmean": 1.29654753208,
        "dmean2": 1.96941018105,
        "dvar": 4.55224609375,
        "dvar2": 9.91872596741,
        "max": 67.5058364868,
        "mean": 2.12117028236,
        "median": 1.01900577545,
        "min": -1.86477637291,
        "var": 15.0258646011
    },
    "erbbands_skewness": {
        "dmean": 0.329992383718,
        "dmean2": 0.483831137419,
        "dvar": 0.169179350138,
        "dvar2": 0.33092135191,
        "max": 6.63117218018,
        "mean": 0.95442700386,
        "median": 0.957871317863,
        "min": -6.5404086113,
        "var": 0.850380241871
    },
    "erbbands_spread": {
        "dmean": 4.40207576752,
        "dmean2": 6.69474887848,
        "dvar": 81.7966690063,
        "dvar2": 190.612442017,
        "max": 140.604187012,
        "mean": 20.6772594452,
        "median": 16.6929721832,
        "min": 2.0320315361,
        "var": 212.411911011
    },
    "hfc": {
        "dmean": 1.78155076504,
        "dmean2": 2.30684924126,
        "dvar": 20.0769271851,
        "dvar2": 33.925075531,
        "max": 149.616027832,
        "mean": 7.32831859589,
        "median": 2.12557911873,
        "min": 1.08886158161e-16,
        "var": 193.537704468
    },
    "melbands_crest": {
        "dmean": 2.39992499352,
        "dmean2": 3.67862725258,
        "dvar": 5.95468330383,
        "dvar2": 14.5834989548,
        "max": 34.296131134,
        "mean": 14.8954076767,
        "median": 14.1884632111,
        "min": 1.63971412182,
        "var": 23.3814888
    },
    "melbands_flatness_db": {
        "dmean": 0.0213007219136,
        "dmean2": 0.0298872664571,
        "dvar": 0.000637388031464,
        "dvar2": 0.00115493300837,
        "max": 0.571507513523,
        "mean": 0.328598111868,
        "median": 0.332964837551,
        "min": 0.00272100046277,
        "var": 0.00659669702873
    },
    "melbands_kurtosis": {
        "dmean": 4.79201698303,
        "dmean2": 7.40847253799,
        "dvar": 81.9337158203,
        "dvar2": 195.921310425,
        "max": 246.009994507,
        "mean": 12.7483301163,
        "median": 8.21855640411,
        "min": -1.91804099083,
        "var": 248.494445801
    },
    "melbands_skewness": {
        "dmean": 0.483362972736,
        "dmean2": 0.737613856792,
        "dvar": 0.410404503345,
        "dvar2": 0.962880313396,
        "max": 11.2552042007,
        "mean": 2.33659362793,
        "median": 2.13241314888,
        "min": -2.3748497963,
        "var": 1.72475898266
    },
    "melbands_spread": {
        "dmean": 3.45957779884,
        "dmean2": 5.18074131012,
        "dvar": 207.678726196,
        "dvar2": 385.208251953,
        "max": 263.728759766,
        "mean": 11.1662397385,
        "median": 6.2727189064,
        "min": 0.598618388176,
        "var": 589.041748047
    },
    "pitch_salience": {
        "dmean": 0.0570613592863,
        "dmean2": 0.0896486565471,
        "dvar": 0.00342921959236,
        "dvar2": 0.00862803030759,
        "max": 0.879145622253,
        "mean": 0.586549699306,
        "median": 0.596264362335,
        "min": 0.119250208139,
        "var": 0.0134460162371
    },
    "silence_rate_20dB": {
        "dmean": 0,
        "dmean2": 0,
        "dvar": 0,
        "dvar2": 0,
        "max": 1,
        "mean": 1,
        "median": 1,
        "min": 1,
        "var": 0
    },
    "silence_rate_30dB": {
        "dmean": 0.00522243697196,
        "dmean2": 0.0104458844289,
        "dvar": 0.00519500439987,
        "dvar2": 0.0134315183386,
        "max": 1,
        "mean": 0.993907749653,
        "median": 1,
        "min": 0,
        "var": 0.00605536578223
    },
    "silence_rate_60dB": {
        "dmean": 0.0470019355416,
        "dmean2": 0.0940129607916,
        "dvar": 0.0447877235711,
        "dvar2": 0.0938864499331,
        "max": 1,
        "mean": 0.391161382198,
        "median": 0,
        "min": 0,
        "var": 0.238141939044
    },
    "spectral_centroid": {
        "dmean": 97.3260803223,
        "dmean2": 139.485107422,
        "dvar": 98243.765625,
        "dvar2": 161271.125,
        "max": 11778.2851562,
        "mean": 615.570556641,
        "median": 423.405975342,
        "min": 163.298171997,
        "var": 811022.5625
    },
    "spectral_complexity": {
        "dmean": 1.07582199574,
        "dmean2": 1.6850758791,
        "dvar": 1.84983849525,
        "dvar2": 3.39889097214,
        "max": 25,
        "mean": 7.07977962494,
        "median": 7,
        "min": 0,
        "var": 23.0561237335
    },
    "spectral_decrease": {
        "dmean": 8.27771351464e-10,
        "dmean2": 1.13576803518e-09,
        "dvar": 3.80937765186e-18,
        "dvar2": 7.43792948592e-18,
        "max": 5.26795608272e-19,
        "mean": -3.23817550552e-09,
        "median": -1.32326871682e-09,
        "min": -4.74922856597e-08,
        "var": 2.44569811648e-17
    },
    "spectral_energy": {
        "dmean": 0.0032672798261,
        "dmean2": 0.00446871574968,
        "dvar": 5.87253452977e-05,
        "dvar2": 0.000113887275802,
        "max": 0.187188625336,
        "mean": 0.0128863016143,
        "median": 0.00524466810748,
        "min": 1.00915622757e-20,
        "var": 0.0003927598882
    },
    "spectral_energyband_high": {
        "dmean": 3.79215052817e-05,
        "dmean2": 4.93715888297e-05,
        "dvar": 7.10474168386e-08,
        "dvar2": 1.1254307708e-07,
        "max": 0.0108955018222,
        "mean": 7.3352290201e-05,
        "median": 3.2537284369e-06,
        "min": 7.06597954861e-21,
        "var": 2.07677587127e-07
    },
    "spectral_energyband_low": {
        "dmean": 0.000324151507812,
        "dmean2": 0.000502929848153,
        "dvar": 1.99022611014e-06,
        "dvar2": 5.2049513215e-06,
        "max": 0.0504567585886,
        "mean": 0.000564978283364,
        "median": 0.000125740814838,
        "min": 2.17649248105e-23,
        "var": 2.0573177153e-06
    },
    "spectral_energyband_middle_high": {
        "dmean": 0.000600891653448,
        "dmean2": 0.0008036759682,
        "dvar": 3.84453278457e-06,
        "dvar2": 7.23162338545e-06,
        "max": 0.0943879559636,
        "mean": 0.00225794897415,
        "median": 0.000259351800196,
        "min": 1.26012989361e-21,
        "var": 4.62918760604e-05
    },
    "spectral_energyband_middle_low": {
        "dmean": 0.00295042991638,
        "dmean2": 0.00410029478371,
        "dvar": 4.83357689518e-05,
        "dvar2": 9.7195035778e-05,
        "max": 0.183554783463,
        "mean": 0.0104830721393,
        "median": 0.00455205794424,
        "min": 1.88525765662e-22,
        "var": 0.000233362516155
    },
    "spectral_entropy": {
        "dmean": 0.174890607595,
        "dmean2": 0.246395885944,
        "dvar": 0.0472800172865,
        "dvar2": 0.0816468074918,
        "max": 9.82240772247,
        "mean": 6.40191888809,
        "median": 6.29837942123,
        "min": 4.77490711212,
        "var": 0.448189646006
    },
    "spectral_flux": {
        "dmean": 0.0129652852193,
        "dmean2": 0.0200423412025,
        "dvar": 0.000445851910627,
        "dvar2": 0.000970865250565,
        "max": 0.338247716427,
        "mean": 0.0339523255825,
        "median": 0.0207193251699,
        "min": 6.26695986772e-11,
        "var": 0.00145166949369
    },
    "spectral_kurtosis": {
        "dmean": 8.32131958008,
        "dmean2": 14.0344905853,
        "dvar": 130.102813721,
        "dvar2": 363.228729248,
        "max": 167.908172607,
        "mean": 26.3085136414,
        "median": 18.5982093811,
        "min": -1.25671124458,
        "var": 654.99987793
    },
    "spectral_rms": {
        "dmean": 0.000373201357434,
        "dmean2": 0.000490704725962,
        "dvar": 3.78822704761e-07,
        "dvar2": 6.38496885585e-07,
        "max": 0.01351380907,
        "mean": 0.00277820415795,
        "median": 0.00226202327758,
        "min": 3.13774223618e-12,
        "var": 4.85359487357e-06
    },
    "spectral_rolloff": {
        "dmean": 211.240036011,
        "dmean2": 355.195800781,
        "dvar": 782152,
        "dvar2": 1538187.25,
        "max": 19638.28125,
        "mean": 890.11505127,
        "median": 473.73046875,
        "min": 86.1328125,
        "var": 3281872.5
    },
    "spectral_skewness": {
        "dmean": 0.588542699814,
        "dmean2": 0.966044723988,
        "dvar": 0.469066828489,
        "dvar2": 1.29175925255,
        "max": 10.3737812042,
        "mean": 3.62705993652,
        "median": 3.44158911705,
        "min": -0.17980466783,
        "var": 2.62614178658
    },
    "spectral_spread": {
        "dmean": 488923.21875,
        "dmean2": 724198.9375,
        "dvar": 710045335552,
        "dvar2": 1.27750845235e+12,
        "max": 42570144,
        "mean": 3072705.5,
        "median": 2460157,
        "min": 495920.375,
        "var": 9.63900761702e+12
    },
    "spectral_strongpeak": {
        "dmean": 0.25650292635,
        "dmean2": 0.405614554882,
        "dvar": 0.317091226578,
        "dvar2": 0.737642228603,
        "max": 15.6182956696,
        "mean": 0.780146956444,
        "median": 0.406235218048,
        "min": 0,
        "var": 1.22557926178
    },
    "zerocrossingrate": {
        "dmean": 0.00639520958066,
        "dmean2": 0.00704812910408,
        "dvar": 0.00030928524211,
        "dvar2": 0.000288714305498,
        "max": 0.5234375,
        "mean": 0.0342563204467,
        "median": 0.02197265625,
        "min": 0.00341796875,
        "var": 0.00267435517162
    },
    "barkbands": {
        "dmean": [5.46200340068e-07, 3.50435511791e-05, 0.000140704825753, 0.000556396611501, 0.00123424769845, 0.000631134491414, 0.000739503710065, 0.000735723995604, 0.00021152519912, 0.000262281508185, 0.000213613689994, 0.000206351469387, 0.000190093080164, 9.55686118687e-05, 4.46405574621e-05, 2.8020444006e-05, 3.30802831741e-05, 1.81704253919e-05, 5.81455606152e-06, 5.28947521161e-06, 4.67513063995e-06, 6.59910801915e-06, 1.30164644361e-05, 9.10132803256e-06, 6.71829820931e-06, 2.59169360106e-06, 5.18281581208e-07],
        "dmean2": [9.35473394748e-07, 5.99444865657e-05, 0.000230665100389, 0.000906618370209, 0.00184738019016, 0.000891021627467, 0.0010274235392, 0.000986005761661, 0.000292351731332, 0.000365214160411, 0.000297531863907, 0.000294330180623, 0.00027025284362, 0.00014451489551, 6.37664925307e-05, 4.02137775382e-05, 4.60936353193e-05, 2.57557494479e-05, 8.54422523844e-06, 7.47717967897e-06, 6.93949414199e-06, 9.11515417101e-06, 1.83468364412e-05, 1.24628777485e-05, 9.54406368692e-06, 3.62533592124e-06, 7.30992098852e-07],
        "dvar": [1.73362398655e-12, 1.39921194631e-08, 4.64984594828e-07, 8.88003887667e-06, 9.37614640861e-06, 2.60229421656e-06, 8.21106550575e-06, 1.09272114059e-05, 8.11938207335e-07, 1.22591052332e-06, 7.75974910994e-07, 9.79236688181e-07, 1.13639760002e-06, 2.02247321113e-07, 8.89418103611e-08, 3.64189460811e-08, 6.55813465755e-08, 6.71870648006e-09, 4.17264112151e-10, 8.06982314305e-10, 1.11310216599e-09, 3.01152613957e-09, 1.22137251424e-08, 5.00853891694e-09, 3.89673981971e-09, 3.02771946403e-10, 1.14603344176e-11],
        "dvar2": [4.83007470825e-12, 3.83626961309e-08, 1.31276453885e-06, 2.30303485296e-05, 2.1721014491e-05, 6.00284829488e-06, 1.37296492539e-05, 1.95349730348e-05, 1.27914654513e-06, 2.55085319623e-06, 1.62953710969e-06, 1.80832626029e-06, 2.2087481284e-06, 4.38867829189e-07, 1.75882007625e-07, 6.88078642952e-08, 1.03122616224e-07, 1.23375132333e-08, 8.12349076895e-10, 1.52108881046e-09, 2.73193689893e-09, 5.11978415219e-09, 2.43629596497e-08, 8.15406231425e-09, 7.16523285149e-09, 5.31689858807e-10, 2.03319115016e-11],
        "max": [3.51727503585e-05, 0.00252011185512, 0.0328815504909, 0.105358526111, 0.0652408078313, 0.0522449873388, 0.165162175894, 0.112229853868, 0.0677581056952, 0.041312918067, 0.0511812195182, 0.0620622262359, 0.0580162927508, 0.0140662733465, 0.0173260066658, 0.012385673821, 0.0117512587458, 0.00426812795922, 0.000925985514186, 0.00142534484621, 0.00188995816279, 0.00306357140653, 0.00553144654259, 0.00317377177998, 0.00288562919013, 0.000776096538175, 0.000168030848727],
        "mean": [5.97250050305e-07, 5.31494479219e-05, 0.000224108458497, 0.000729718711227, 0.00306605384685, 0.00212490395643, 0.00174000789411, 0.00177099066786, 0.000607039721217, 0.000704675039742, 0.000508074415848, 0.000450261373771, 0.000435610505519, 0.000158194365213, 7.36142173992e-05, 4.65187404188e-05, 6.30321446806e-05, 3.73189068341e-05, 1.30806174639e-05, 9.65132494457e-06, 7.45321631257e-06, 1.09660431917e-05, 2.15290456254e-05, 1.47585724335e-05, 1.00620700323e-05, 4.12454210164e-06, 8.20675325031e-07],
        "median": [1.55201405505e-07, 1.3247354218e-05, 3.88774933526e-05, 0.00010105286492, 0.000913637399208, 0.000685153994709, 0.000346492568497, 6.13108932157e-05, 6.36083641439e-05, 5.84596527915e-05, 3.47887762473e-05, 3.72591639461e-05, 2.17780670937e-05, 1.19538781291e-05, 7.51055040382e-06, 2.93751577374e-06, 2.93846005661e-06, 2.27902842198e-06, 1.26562440528e-06, 4.79979803458e-07, 4.46290442824e-07, 2.590240058e-07, 4.34518909742e-07, 3.27650667487e-07, 1.69165133457e-07, 1.1058074989e-07, 1.64746598585e-08],
        "min": [2.45591529672e-25, 2.32860379624e-24, 5.9120924162e-25, 1.73134024439e-24, 1.29449021655e-23, 7.38652748503e-24, 1.00664962393e-23, 7.58923870526e-24, 1.8484413604e-23, 2.77279464812e-23, 1.57568307832e-23, 1.94438151929e-23, 3.35575496847e-23, 4.40708882952e-23, 4.87490322561e-23, 6.57308693618e-23, 5.65875107755e-23, 1.25751433377e-22, 1.44382636641e-22, 1.50577719101e-22, 2.82904125108e-22, 3.4086576216e-22, 3.13475956173e-22, 5.62254614853e-22, 8.99095040696e-22, 1.39836053853e-21, 2.00620560866e-21],
        "var": [2.08031725527e-12, 1.74914998041e-08, 3.92332140109e-07, 7.35790763429e-06, 2.74575413641e-05, 1.11103918243e-05, 2.31120884564e-05, 4.27040431532e-05, 5.93652248426e-06, 7.126602668e-06, 4.36644586443e-06, 5.21888478033e-06, 5.77252330913e-06, 4.37384386487e-07, 1.6504698408e-07, 8.59454800661e-08, 1.82064709975e-07, 2.23391101173e-08, 1.76502512605e-09, 2.76109668462e-09, 1.72962177913e-09, 6.69969990597e-09, 3.27872164974e-08, 1.14874545432e-08, 8.36110292113e-09, 6.2623817243e-10, 2.55513700476e-11]
    },
    "erbbands": {
        "dmean": [0.000410540989833, 0.0114384992048, 0.124312251806, 0.931651651859, 3.10552096367, 4.55689287186, 6.12461519241, 3.81099295616, 8.85345363617, 14.7860126495, 11.749288559, 4.83623981476, 9.3757019043, 6.07350254059, 7.83795642853, 9.05925941467, 7.97547245026, 5.02855920792, 2.85310387611, 1.72151494026, 1.25495398045, 1.38616144657, 1.19762504101, 0.345812708139, 0.29300352931, 0.24005612731, 0.164260432124, 0.200218871236, 0.210555911064, 0.294187009335, 0.396888136864, 0.244634330273, 0.131125360727, 0.0855874121189, 0.0439011529088, 0.0142904156819, 0.0043679876253, 0.00104561448097, 8.23031805339e-05, 5.95711026108e-06],
        "dmean2": [0.00069145555608, 0.0195582397282, 0.204092681408, 1.46620094776, 4.96678352356, 6.76096725464, 8.58514499664, 5.49888372421, 12.5318059921, 19.9465274811, 15.6910495758, 6.46348571777, 13.0503177643, 7.65960216522, 11.0690908432, 12.6827802658, 11.2634134293, 7.31319570541, 4.08048915863, 2.37224149704, 1.71712231636, 1.85396528244, 1.61891436577, 0.480788856745, 0.419188588858, 0.33684900403, 0.238075271249, 0.297726541758, 0.301469445229, 0.4015006423, 0.572084963322, 0.334977537394, 0.179798007011, 0.118306078017, 0.06621234864, 0.0203521009535, 0.00614181905985, 0.00151220534462, 0.000114828457299, 8.35200171423e-06],
        "dvar": [1.44879993513e-06, 0.00161911500618, 0.321348816156, 20.8337554932, 158.391174316, 146.903015137, 323.776824951, 107.352584839, 1059.0723877, 2665.91210938, 3571.32739258, 389.040527344, 1679.65856934, 638.331848145, 1543.57421875, 2197.3347168, 2263.76342773, 495.70489502, 327.144348145, 114.306503296, 61.7827720642, 81.1100463867, 30.0034694672, 1.65254509449, 1.14489269257, 2.10530257225, 0.554230868816, 3.71500062943, 3.80709767342, 4.5067076683, 12.6684627533, 3.21007275581, 1.38203501701, 0.672580659389, 0.188799291849, 0.011905756779, 0.000779789406806, 4.44916149718e-05, 3.1747219964e-07, 4.67647198743e-10],
        "dvar2": [3.89847900806e-06, 0.00439411448315, 0.889518201351, 53.3256835938, 416.095855713, 340.66607666, 707.809326172, 252.338623047, 1933.72180176, 4683.73144531, 6244.36328125, 587.454162598, 3396.88549805, 850.702575684, 3340.88452148, 3778.33374023, 4395.05615234, 1034.41955566, 608.470703125, 216.947387695, 113.564910889, 131.555725098, 52.0452728271, 3.09206819534, 2.21831798553, 4.0216627121, 1.17334115505, 9.04367733002, 7.12602758408, 8.03408622742, 27.029548645, 5.09372377396, 2.62910962105, 1.28022313118, 0.390935003757, 0.021959528327, 0.00135022925679, 8.3547711256e-05, 5.64198671782e-07, 9.60303392361e-10],
        "max": [0.0273017566651, 1.09343886375, 25.4962558746, 149.846481323, 415.99029541, 244.120635986, 515.397338867, 575.49407959, 1643.43432617, 1732.26672363, 1982.90185547, 1457.97338867, 2413.33520508, 1097.82092285, 2351.84765625, 3088.82348633, 3013.64697266, 794.184204102, 959.159240723, 609.827270508, 409.096038818, 487.600158691, 260.809753418, 68.0708770752, 30.1628742218, 80.0448608398, 22.7754478455, 121.846252441, 94.740524292, 107.780326843, 187.256530762, 80.2714691162, 62.4981231689, 43.8445625305, 20.2341651917, 4.82865524292, 1.18638825417, 0.235069796443, 0.0323913544416, 0.00094874331262],
        "mean": [0.000621537445113, 0.0187578145415, 0.215925469995, 1.41358196735, 5.32860040665, 12.2179059982, 19.070930481, 11.8927259445, 20.2406921387, 38.9098129272, 27.592874527, 15.3185949326, 24.9630432129, 16.2824134827, 20.0903568268, 22.1538486481, 20.0546798706, 10.4614524841, 5.17257499695, 3.39822793007, 2.71432185173, 2.86625623703, 2.60179686546, 0.879049956799, 0.631603717804, 0.452603250742, 0.286452025175, 0.312189638615, 0.345255941153, 0.501936852932, 0.63483953476, 0.415189653635, 0.202086105943, 0.126099616289, 0.0641272813082, 0.0219250451773, 0.00674250395969, 0.00160453259014, 0.000136881528306, 1.96893743123e-05],
        "median": [0.000221585913096, 0.00537578528747, 0.0479706153274, 0.303083568811, 2.23069047928, 2.4374229908, 4.58076572418, 4.38416433334, 5.86916065216, 3.78658485413, 2.44623279572, 1.58245825768, 2.18233728409, 1.43000233173, 1.20876646042, 1.43664479256, 1.29469585419, 0.875850379467, 0.498964369297, 0.359535604715, 0.194192618132, 0.166892766953, 0.139793664217, 0.0966689661145, 0.0459837056696, 0.0256128944457, 0.023016711697, 0.0121625280008, 0.0091933934018, 0.0132894292474, 0.0113640306517, 0.00729813193902, 0.00496216258034, 0.00212528510019, 0.00114044500515, 0.00061307445867, 0.000160828189109, 2.79704217974e-05, 7.19564104656e-06, 6.89752414473e-06],
        "min": [1.41227950326e-22, 4.88786345298e-22, 3.01801309549e-21, 6.2790759272e-21, 1.8381345847e-20, 2.52477575716e-20, 6.74031547184e-20, 5.3752018586e-20, 1.31245309824e-19, 1.66774423194e-19, 3.76053263669e-19, 3.03432001615e-19, 7.60019337078e-19, 9.18008352534e-19, 1.14396400719e-18, 1.30236330423e-18, 1.71574319644e-18, 2.16315257526e-18, 3.03138574803e-18, 4.50717398172e-18, 4.04375721048e-18, 4.12038143216e-18, 5.8638788129e-18, 7.22158535979e-18, 9.47482286684e-18, 7.69752440474e-18, 9.82797687602e-18, 1.39042724767e-17, 1.03088310282e-17, 1.11452677918e-17, 9.55202280623e-18, 1.00351483963e-17, 9.96808224664e-18, 8.34490986653e-18, 6.60270454191e-18, 4.38207532178e-18, 2.65622728698e-18, 1.02251476471e-18, 2.72826422348e-19, 2.79596223578e-20],
        "var": [1.8617764681e-06, 0.00204093498178, 0.308405309916, 19.0452804565, 152.739273071, 531.341430664, 1374.67382812, 373.43258667, 2466.98168945, 11909.5263672, 12764.9707031, 3813.22045898, 8922.33007812, 4113.76367188, 9026.34375, 12665.421875, 11836.7197266, 1663.15405273, 645.066589355, 253.490371704, 200.001205444, 256.085174561, 110.530906677, 6.88324022293, 3.98042678833, 6.67995786667, 1.16181111336, 5.93929672241, 7.8643989563, 11.677312851, 31.7642211914, 8.60208129883, 2.74413156509, 1.45470261574, 0.320781111717, 0.0233851056546, 0.00158081797417, 8.70773510542e-05, 7.05692912106e-07, 1.64704150318e-09]
    },
    "gfcc": {
        "mean": [-177.820129395, 145.320800781, -102.041252136, -16.6084480286, -62.171875, -10.3043556213, -49.5298957825, -13.3465328217, -27.424369812, -11.2493772507, -12.4319143295, -4.5444984436, -14.4616374969],
        "cov": [[21011.5722656, -1334.82592773, -3066.14526367, -890.729675293, -1843.20458984, -411.649627686, -1231.8359375, -37.1855010986, -560.122436523, -341.721069336, -127.591812134, -198.977920532, -436.457305908], [-1334.82592773, 3333.94433594, -363.856811523, -578.633483887, 848.413452148, -455.000244141, 374.524291992, -236.099838257, 145.954437256, -189.636398315, 188.243759155, -179.220916748, 229.480239868], [-3066.14526367, -363.856811523, 1107.91369629, 400.573608398, 103.112472534, 308.17276001, 92.4419174194, 83.6268768311, 48.7747993469, 108.217048645, -39.7399673462, 90.1842422485, -0.974348723888], [-890.729675293, -578.633483887, 400.573608398, 682.133972168, -23.5603466034, 147.00970459, -28.7723407745, 6.0044875145, 83.5072479248, 73.2147293091, -78.4644012451, 26.569196701, 4.06592845917], [-1843.20458984, 848.413452148, 103.112472534, -23.5603466034, 535.263671875, -98.2031478882, 164.705352783, -32.8493423462, 77.6962661743, 0.118195928633, 21.0131530762, -32.8957328796, 77.1122589111], [-411.649627686, -455.000244141, 308.17276001, 147.00970459, -98.2031478882, 305.81072998, -4.19456911087, 59.6036758423, -23.1902542114, 48.0575370789, -11.4099874496, 29.5199203491, -57.8077011108], [-1231.8359375, 374.524291992, 92.4419174194, -28.7723407745, 164.705352783, -4.19456911087, 278.035919189, -6.27309560776, 9.20191478729, 23.8574256897, 32.9935836792, -1.77998948097, 68.3014297485], [-37.1855010986, -236.099838257, 83.6268768311, 6.0044875145, -32.8493423462, 59.6036758423, -6.27309560776, 128.475357056, -28.5329971313, 10.0684490204, 4.88835144043, 27.7744522095, -19.269569397], [-560.122436523, 145.954437256, 48.7747993469, 83.5072479248, 77.6962661743, -23.1902542114, 9.20191478729, -28.5329971313, 151.710632324, 7.03251266479, -12.4692792892, -1.81494534016, 28.672744751], [-341.721069336, -189.636398315, 108.217048645, 73.2147293091, 0.118195928633, 48.0575370789, 23.8574256897, 10.0684490204, 7.03251266479, 119.938240051, -18.830783844, 3.54153347015, 2.26633787155], [-127.591812134, 188.243759155, -39.7399673462, -78.4644012451, 21.0131530762, -11.4099874496, 32.9935836792, 4.88835144043, -12.4692792892, -18.830783844, 101.861282349, -3.09527158737, 5.89345836639], [-198.977920532, -179.220916748, 90.1842422485, 26.569196701, -32.8957328796, 29.5199203491, -1.77998948097, 27.7744522095, -1.81494534016, 3.54153347015, -3.09527158737, 88.159538269, -1.71963644028], [-436.457305908, 229.480239868, -0.974348723888, 4.06592845917, 77.1122589111, -57.8077011108, 68.3014297485, -19.269569397, 28.672744751, 2.26633787155, 5.89345836639, -1.71963644028, 108.808731079]],
        "icov": [[0.000192182706087, -0.000185457305633, 0.00047331690439, -0.000113984075142, 0.000568856834434, -8.77463826328e-05, 0.000470489467261, -0.000251944671618, 0.000409991975175, -0.000101567777165, 0.000428799306974, -3.01005493384e-05, 0.000251178891631], [-0.000185457305633, 0.00135181529913, -0.000609959650319, 0.000796162988991, -0.0017499611713, 0.000504740688484, -0.000947336840909, 0.00138328236062, -0.000920982740354, 0.00134918338154, -0.00146522023715, 0.00129317282699, -0.000967763189692], [0.00047331690439, -0.000609959650319, 0.003011779394, -0.00100907043088, 0.000921985658351, -0.00177780096419, 0.000965059443843, -0.00115652906243, 0.00093833176652, -0.000910181552172, 0.0013421777403, -0.00151230872143, 0.000516258645803], [-0.000113984075142, 0.000796162988991, -0.00100907043088, 0.00272975186817, -0.000828060379717, -0.000192516046809, -0.000184294563951, 0.00109662965406, -0.00154077075422, 0.000316737568937, 0.000209929174162, 0.000919539656024, -0.0010503459489], [0.000568856834434, -0.0017499611713, 0.000921985658351, -0.000828060379717, 0.0058279032819, 0.000465233373689, 0.000534800812602, -0.00193599204067, 0.000649199297186, -0.00131882517599, 0.00220016296953, -0.000160939438501, 0.00118480867241], [-8.77463826328e-05, 0.000504740688484, -0.00177780096419, -0.000192516046809, 0.000465233373689, 0.00638973014429, -0.00110452284571, -0.000616773788352, 6.5214910137e-05, -0.000254226499237, -0.0010201993864, 0.000930978450924, 0.0022819917649], [0.000470489467261, -0.000947336840909, 0.000965059443843, -0.000184294563951, 0.000534800812602, -0.00110452284571, 0.00681570079178, -0.000822279136628, 0.00188855803572, -0.00178574991878, 0.00016457674792, -0.000751600484364, -0.00197032745928], [-0.000251944671618, 0.00138328236062, -0.00115652906243, 0.00109662965406, -0.00193599204067, -0.000616773788352, -0.000822279136628, 0.0109313130379, 0.000366657564882, 0.00101421389263, -0.00217552413233, -0.000999614130706, -0.000498627196066], [0.000409991975175, -0.000920982740354, 0.00093833176652, -0.00154077075422, 0.000649199297186, 6.5214910137e-05, 0.00188855803572, 0.000366657564882, 0.0094189401716, -0.00088581989985, 0.00162371015176, -0.00102191476617, -0.000460742536234], [-0.000101567777165, 0.00134918338154, -0.000910181552172, 0.000316737568937, -0.00131882517599, -0.000254226499237, -0.00178574991878, 0.00101421389263, -0.00088581989985, 0.0112156579271, 0.000136806105729, 0.00210024230182, -0.00114711117931], [0.000428799306974, -0.00146522023715, 0.0013421777403, 0.000209929174162, 0.00220016296953, -0.0010201993864, 0.00016457674792, -0.00217552413233, 0.00162371015176, 0.000136806105729, 0.0133608225733, -0.00107826758176, 0.00105310278013], [-3.01005493384e-05, 0.00129317282699, -0.00151230872143, 0.000919539656024, -0.000160939438501, 0.000930978450924, -0.000751600484364, -0.000999614130706, -0.00102191476617, 0.00210024230182, -0.00107826758176, 0.0149299306795, -0.00147264031693], [0.000251178891631, -0.000967763189692, 0.000516258645803, -0.0010503459489, 0.00118480867241, 0.0022819917649, -0.00197032745928, -0.000498627196066, -0.000460742536234, -0.00114711117931, 0.00105310278013, -0.00147264031693, 0.0138690890744]]
    },
    "melbands": {
        "dmean": [6.27621830063e-06, 4.57857458969e-05, 0.0002321498323, 0.000267387775239, 0.000207521836273, 9.65996296145e-05, 0.000144142890349, 0.000169777034898, 8.49330244819e-05, 3.09883507725e-05, 4.6961431508e-05, 2.44025686698e-05, 2.65998096438e-05, 2.47390526056e-05, 2.19704143092e-05, 1.67481412063e-05, 9.98411360342e-06, 5.54385178475e-06, 3.26830627273e-06, 2.39648466049e-06, 1.61659352216e-06, 1.62064634424e-06, 1.45107139815e-06, 8.82638630628e-07, 2.54357701124e-07, 2.47861180469e-07, 2.22779050318e-07, 1.5396730646e-07, 1.01822628551e-07, 1.22834734384e-07, 1.21013428611e-07, 1.2385636694e-07, 1.45453867617e-07, 1.77859490691e-07, 2.33748053802e-07, 2.33827989859e-07, 1.28489759277e-07, 9.33349753041e-08, 8.77779555708e-08, 6.99231321732e-08],
        "dmean2": [1.06833913378e-05, 7.58483656682e-05, 0.000373644987121, 0.000401442783186, 0.000294676108751, 0.000138252944453, 0.000201066402951, 0.000229225363, 0.000114010697871, 4.15033282479e-05, 6.56962947687e-05, 3.10503201035e-05, 3.69645276805e-05, 3.487001959e-05, 3.14674980473e-05, 2.37016829487e-05, 1.47280707097e-05, 8.04655246611e-06, 4.70344639325e-06, 3.40594897352e-06, 2.20732499656e-06, 2.25963640332e-06, 2.01026387003e-06, 1.24274356494e-06, 3.79016682928e-07, 3.62248869124e-07, 3.16304266335e-07, 2.22629992663e-07, 1.48990437765e-07, 1.854590721e-07, 1.83441940749e-07, 1.85593520996e-07, 2.01839483793e-07, 2.51832034337e-07, 3.57247159855e-07, 3.22788139329e-07, 1.7922499751e-07, 1.29758461753e-07, 1.23144602071e-07, 9.84920802694e-08],
        "dvar": [4.03604760724e-10, 4.27748290122e-08, 1.32827040034e-06, 5.04407523749e-07, 3.30796638082e-07, 5.86182729023e-08, 3.04658527739e-07, 3.91360032381e-07, 1.79365812869e-07, 1.87481550284e-08, 4.2254086452e-08, 1.2268974281e-08, 1.5040074075e-08, 1.30699433498e-08, 1.62895101852e-08, 7.79846942578e-09, 1.98868010948e-09, 1.12759279691e-09, 3.79939746331e-10, 3.07632530561e-10, 1.51434434437e-10, 1.4620936406e-10, 6.40792696682e-11, 2.29248998257e-11, 1.02970084716e-12, 8.49542116342e-13, 1.46195349663e-12, 9.09577751659e-13, 1.92519516496e-13, 6.39684540147e-13, 1.74738706577e-12, 1.64688976432e-12, 1.11361505954e-12, 1.77803767803e-12, 4.79278379137e-12, 4.33090976276e-12, 9.88576082973e-13, 6.25079577942e-13, 8.00426456886e-13, 4.40007920507e-13],
        "dvar2": [1.10734499348e-09, 1.19545518373e-07, 3.44756927007e-06, 1.22033952721e-06, 7.05259310507e-07, 1.36405603257e-07, 5.30867453108e-07, 6.94550919889e-07, 3.06519410742e-07, 2.80860668056e-08, 8.62083382458e-08, 1.65001736718e-08, 3.17738262368e-08, 2.46003111215e-08, 3.33445910883e-08, 1.47614818147e-08, 4.14756184952e-09, 2.20382934124e-09, 8.36992863906e-10, 5.84625903244e-10, 2.64504640413e-10, 2.38648822926e-10, 1.16150415674e-10, 3.85817697235e-11, 2.10440670965e-12, 1.7260895404e-12, 2.76759409661e-12, 1.80255257335e-12, 4.01859941808e-13, 1.62307819095e-12, 4.13551094411e-12, 3.45849022164e-12, 1.86759700586e-12, 3.61516741022e-12, 1.12759229037e-11, 8.44303446601e-12, 1.5524386247e-12, 1.20762232679e-12, 1.62570824858e-12, 8.61381441435e-13],
        "max": [0.00042266989476, 0.00954807642847, 0.0403361618519, 0.0172243434936, 0.0150527236983, 0.0117118088529, 0.0291915088892, 0.0207078587264, 0.0159016549587, 0.00992204807699, 0.0117372898385, 0.00505372369662, 0.00803268887103, 0.0055892476812, 0.0056403814815, 0.00407210085541, 0.00149394047912, 0.00129823549651, 0.000903404899873, 0.00119119335432, 0.000711968692485, 0.000720927200746, 0.000536807056051, 0.000315478187986, 6.06042340223e-05, 4.41945885541e-05, 5.1823015383e-05, 4.93984734931e-05, 1.39255580507e-05, 4.50724073744e-05, 7.86746386439e-05, 5.79194966122e-05, 5.82322063565e-05, 6.45509935566e-05, 0.000112790163257, 0.000112793546577, 5.89208757447e-05, 3.9262809878e-05, 5.33828788321e-05, 3.37157071044e-05],
        "mean": [9.51748279476e-06, 7.7472650446e-05, 0.000343341147527, 0.000628975860309, 0.000640890270006, 0.000309560040478, 0.000336070166668, 0.000440068601165, 0.000194720400032, 9.42930273595e-05, 0.00012168064859, 6.08499140071e-05, 6.26711189398e-05, 5.90091804042e-05, 5.1031664043e-05, 3.7204263208e-05, 1.79217622645e-05, 8.89535385795e-06, 5.39497841601e-06, 4.00083627028e-06, 3.23871859109e-06, 3.0835792586e-06, 2.81383586298e-06, 1.83773568097e-06, 5.62363993595e-07, 5.26884548435e-07, 3.98294957904e-07, 2.64437261421e-07, 1.65717239042e-07, 1.85894620586e-07, 1.79631172159e-07, 1.85170307532e-07, 2.3516942349e-07, 2.89626541417e-07, 3.54509126055e-07, 3.72886802325e-07, 2.09165904153e-07, 1.39456830084e-07, 1.22509135281e-07, 1.01032725297e-07],
        "median": [2.6615484785e-06, 1.67170037457e-05, 0.000103025238786, 0.000199921953026, 0.000160647177836, 0.000110500674054, 8.38907944853e-05, 3.28743954014e-05, 1.65024466696e-05, 8.83982102096e-06, 1.00028328234e-05, 4.74466332889e-06, 4.21885806645e-06, 3.33945877173e-06, 3.28032933794e-06, 1.84614862064e-06, 1.31742820031e-06, 7.57262000661e-07, 5.57175440008e-07, 2.95261315841e-07, 1.85803841646e-07, 1.65292775023e-07, 1.27484966583e-07, 1.03544579133e-07, 6.51243183825e-08, 2.99043101393e-08, 2.05687307187e-08, 1.22248371426e-08, 1.24734329532e-08, 1.14451292887e-08, 4.53306769899e-09, 4.05519173796e-09, 4.81926498708e-09, 7.31261051712e-09, 6.4923830756e-09, 3.31806315756e-09, 3.42934236564e-09, 3.27217031248e-09, 2.01979499792e-09, 1.33118094325e-09],
        "min": [1.52676326951e-24, 1.45375271362e-24, 1.6331647298e-24, 1.72282350484e-24, 2.88632924509e-24, 1.40829470256e-24, 1.95526906196e-24, 1.65664320249e-24, 3.21380315622e-24, 2.0018899526e-24, 3.4556438495e-24, 3.54330286215e-24, 2.93266338479e-24, 3.85308617305e-24, 2.80638292552e-24, 3.45376636055e-24, 4.00501289479e-24, 4.2636582975e-24, 3.70438786457e-24, 4.68708136053e-24, 3.94934534729e-24, 3.02475520408e-24, 5.22801551059e-24, 5.39931113413e-24, 5.20548051554e-24, 6.03404912886e-24, 4.09790244967e-24, 4.75357799611e-24, 5.40680807374e-24, 5.9607813057e-24, 6.95667638891e-24, 5.13439192064e-24, 5.38623379247e-24, 5.26918537237e-24, 4.77205666838e-24, 6.10061202875e-24, 6.46539077765e-24, 5.25111966878e-24, 6.86288713817e-24, 7.13267204573e-24],
        "var": [5.04561337156e-10, 4.06328020119e-08, 1.1421925592e-06, 1.13810199309e-06, 1.47612342971e-06, 2.32837081171e-07, 7.59852582632e-07, 1.69511872627e-06, 6.51047969313e-07, 1.76302506816e-07, 2.21671115241e-07, 7.67390559986e-08, 8.23234032055e-08, 7.28092075519e-08, 7.03276299419e-08, 3.43818662429e-08, 5.41732525505e-09, 1.99654270894e-09, 6.44075404121e-10, 6.72319866446e-10, 4.39021569099e-10, 4.00795174826e-10, 1.75619532805e-10, 7.5496310592e-11, 3.26462598274e-12, 3.43337706356e-12, 4.5852414747e-12, 2.59173064954e-12, 3.90956066349e-13, 8.59029319032e-13, 2.98431375098e-12, 2.97856574474e-12, 2.42375845956e-12, 4.15127827946e-12, 1.00611012577e-11, 1.11460259425e-11, 2.2892204625e-12, 1.20825365772e-12, 1.59279002748e-12, 9.03292577455e-13]
    },
    "mfcc": {
        "mean": [-815.619934082, 177.547973633, 12.1324501038, -6.9753279686, -1.2107077837, -9.03656291962, -14.8141889572, -8.87672519684, -19.0191726685, -11.3002920151, -9.08282375336, -5.50613069534, -8.13374137878],
        "cov": [[11353.3681641, 785.473510742, -1864.45373535, -917.458679199, -791.118469238, -831.143493652, -606.336791992, -168.774230957, -726.370239258, -130.562973022, -163.084747314, -119.265304565, -279.867095947], [785.473510742, 2940.98754883, -415.839324951, -345.078186035, 133.955383301, -185.61680603, 71.8050918579, -58.4922561646, -66.81640625, -124.128578186, -23.369468689, -72.7580795288, -4.14178085327], [-1864.45373535, -415.839324951, 888.916564941, 250.823410034, 116.702476501, 244.226211548, 94.38230896, 46.7378959656, 129.672531128, 23.5925102234, 6.04838180542, 40.4154663086, 68.8079376221], [-917.458679199, -345.078186035, 250.823410034, 446.774841309, 147.88192749, 136.50012207, -1.89236283302, 9.7853679657, 121.841140747, 53.1392593384, -28.1273155212, 23.2346630096, 38.1389083862], [-791.118469238, 133.955383301, 116.702476501, 147.88192749, 294.941986084, 78.0764083862, -3.01078701019, 14.9668369293, 60.994644165, 27.2921218872, -0.305855870247, 5.66692590714, 35.1415100098], [-831.143493652, -185.61680603, 244.226211548, 136.50012207, 78.0764083862, 230.260467529, 46.9801597595, 3.32606339455, 80.7171630859, 41.2093048096, 27.0267562866, 15.2751455307, 10.6587400436], [-606.336791992, 71.8050918579, 94.38230896, -1.89236283302, -3.01078701019, 46.9801597595, 254.920654297, 35.2462806702, 50.0587120056, -5.64805936813, 48.6366157532, 13.3542051315, 20.2624588013], [-168.774230957, -58.4922561646, 46.7378959656, 9.7853679657, 14.9668369293, 3.32606339455, 35.2462806702, 129.091247559, 3.85732865334, -6.52201557159, 3.14705920219, 6.86963033676, 23.5566768646], [-726.370239258, -66.81640625, 129.672531128, 121.841140747, 60.994644165, 80.7171630859, 50.0587120056, 3.85732865334, 176.696304321, 25.5337257385, 1.95848953724, 13.4872140884, 26.6399669647], [-130.562973022, -124.128578186, 23.5925102234, 53.1392593384, 27.2921218872, 41.2093048096, -5.64805936813, -6.52201557159, 25.5337257385, 112.357810974, 13.1717748642, -1.44922161102, -1.13346648216], [-163.084747314, -23.369468689, 6.04838180542, -28.1273155212, -0.305855870247, 27.0267562866, 48.6366157532, 3.14705920219, 1.95848953724, 13.1717748642, 110.734367371, -2.58982038498, -6.34460926056], [-119.265304565, -72.7580795288, 40.4154663086, 23.2346630096, 5.66692590714, 15.2751455307, 13.3542051315, 6.86963033676, 13.4872140884, -1.44922161102, -2.58982038498, 76.2036819458, 18.9184322357], [-279.867095947, -4.14178085327, 68.8079376221, 38.1389083862, 35.1415100098, 10.6587400436, 20.2624588013, 23.5566768646, 26.6399669647, -1.13346648216, -6.34460926056, 18.9184322357, 87.9698791504]],
