{
"lowlevel": {
    "average_loudness": 0.641345500946,
    "barkbands_crest": {
        "dmean": 2.41703653336,
        "dmean2": 3.94376063347,
        "dvar": 4.3167591095,
        "dvar2": 11.3796634674,
        "max": 25.7415103912,
        "mean": 9.71618366241,
        "median": 8.87471389771,
        "min": 2.67536950111,
        "var": 14.4360942841
    },
    "barkbands_flatness_db": {
        "dmean": 0.0185369960964,
        "dmean2": 0.0295420307666,
        "dvar": 0.000251010002103,
        "dvar2": 0.00063616927946,
        "max": 0.509913980961,
        "mean": 0.200239151716,
        "median": 0.191132888198,
        "min": 0.0678290352225,
        "var": 0.00271051097661
    },
    "barkbands_kurtosis": {
        "dmean": 2.47337722778,
        "dmean2": 3.92214584351,
        "dvar": 34.9619216919,
        "dvar2": 70.5229110718,
        "max": 466.87387085,
        "mean": 4.64794683456,
        "median": 2.18033504486,
        "min": -1.91372323036,
        "var": 125.29120636
    },
    "barkbands_skewness": {
        "dmean": 0.454548329115,
        "dmean2": 0.71369934082,
        "dvar": 0.195989504457,
        "dvar2": 0.456819266081,
        "max": 17.6400241852,
        "mean": 1.4153740406,
        "median": 1.31677699089,
        "min": -9.10868835449,
        "var": 1.48410046101
    },
    "barkbands_spread": {
        "dmean": 3.19901061058,
        "dmean2": 4.95990657806,
        "dvar": 13.3635730743,
        "dvar2": 32.9860038757,
        "max": 131.362365723,
        "mean": 14.6343669891,
        "median": 13.012172699,
        "min": 0.301088839769,
        "var": 88.5587234497
    },
    "dissonance": {
        "dmean": 0.0244368091226,
        "dmean2": 0.0410759039223,
        "dvar": 0.000492987106554,
        "dvar2": 0.00133082421962,
        "max": 0.500000059605,
        "mean": 0.442500591278,
        "median": 0.451659917831,
        "min": 0.0336457788944,
        "var": 0.0016973115271
    },
    "dynamic_complexity": 3.45140385628,
    "erbbands_crest": {
        "dmean": 2.97320866585,
        "dmean2": 4.80390930176,
        "dvar": 7.41778230667,
        "dvar2": 18.557926178,
        "max": 31.8496227264,
        "mean": 10.3751211166,
        "median": 9.2888250351,
        "min": 2.22096562386,
        "var": 22.8463001251
    },
    "erbbands_flatness_db": {
        "dmean": 0.0146931139752,
        "dmean2": 0.0223833583295,
        "dvar": 0.000171803112607,
        "dvar2": 0.00039676000597,
        "max": 0.452600806952,
        "mean": 0.216035023332,
        "median": 0.211490407586,
        "min": 0.0233192127198,
        "var": 0.00223811087199
    },
    "erbbands_kurtosis": {
        "dmean": 1.0605134964,
        "dmean2": 1.69532489777,
        "dvar": 2.57557535172,
        "dvar2": 6.24041652679,
        "max": 52.4134063721,
        "mean": 0.936075150967,
        "median": 0.189012765884,
        "min": -1.76857984066,
        "var": 7.62759971619
    },
    "erbbands_skewness": {
        "dmean": 0.353925257921,
        "dmean2": 0.547169864178,
        "dvar": 0.0948094055057,
        "dvar2": 0.223806336522,
        "max": 6.24832439423,
        "mean": 0.523263096809,
        "median": 0.492661744356,
        "min": -3.74403500557,
        "var": 0.593679785728
    },
    "erbbands_spread": {
        "dmean": 5.12763834,
        "dmean2": 8.0236749649,
        "dvar": 20.4990234375,
        "dvar2": 51.6268882751,
        "max": 102.092552185,
        "mean": 26.9130821228,
        "median": 26.315574646,
        "min": 2.49162936211,
        "var": 125.778686523
    },
    "hfc": {
        "dmean": 3.67153000832,
        "dmean2": 5.31413602829,
        "dvar": 33.8589286804,
        "dvar2": 78.8010787964,
        "max": 258.964752197,
        "mean": 15.2715482712,
        "median": 11.6589813232,
        "min": 1.24222596261e-16,
        "var": 230.192687988
    },
    "melbands_crest": {
        "dmean": 3.30336332321,
        "dmean2": 5.34856176376,
        "dvar": 8.51633834839,
        "dvar2": 22.143037796,
        "max": 35.3649520874,
        "mean": 13.8396663666,
        "median": 12.8066720963,
        "min": 1.95352339745,
        "var": 27.889251709
    },
    "melbands_flatness_db": {
        "dmean": 0.0203522611409,
        "dmean2": 0.0308340359479,
        "dvar": 0.000336453027558,
        "dvar2": 0.000769848062191,
        "max": 0.647230029106,
        "mean": 0.240654930472,
        "median": 0.229960530996,
        "min": 0.00627882126719,
        "var": 0.00518250092864
    },
    "melbands_kurtosis": {
        "dmean": 4.1666560173,
        "dmean2": 6.71320486069,
        "dvar": 46.7152099609,
        "dvar2": 123.362915039,
        "max": 271.76739502,
        "mean": 8.41558837891,
        "median": 5.21621322632,
        "min": -1.82110142708,
        "var": 119.86126709
    },
    "melbands_skewness": {
        "dmean": 0.569357275963,
        "dmean2": 0.897866010666,
        "dvar": 0.286157518625,
        "dvar2": 0.746045172215,
        "max": 11.7401676178,
        "mean": 2.05171465874,
        "median": 1.87778067589,
        "min": -1.33890509605,
        "var": 1.41501235962
    },
    "melbands_spread": {
        "dmean": 4.26042461395,
        "dmean2": 6.60837841034,
        "dvar": 27.7645168304,
        "dvar2": 67.6415100098,
        "max": 165.672271729,
        "mean": 17.5975112915,
        "median": 14.9108743668,
        "min": 0.409017950296,
        "var": 176.642944336
    },
    "pitch_salience": {
        "dmean": 0.0684041231871,
        "dmean2": 0.110894083977,
        "dvar": 0.00319145806134,
        "dvar2": 0.00844670273364,
        "max": 0.967687308788,
        "mean": 0.543976843357,
        "median": 0.54752856493,
        "min": 0.139292508364,
        "var": 0.0107168471441
    },
    "silence_rate_20dB": {
        "dmean": 0,
        "dmean2": 0,
        "dvar": 0,
        "dvar2": 0,
        "max": 1,
        "mean": 1,
        "median": 1,
        "min": 1,
        "var": 0
    },
    "silence_rate_30dB": {
        "dmean": 0.00497672194615,
        "dmean2": 0.00995424296707,
        "dvar": 0.00495174014941,
        "dvar2": 0.0132264178246,
        "max": 1,
        "mean": 0.995344758034,
        "median": 1,
        "min": 0,
        "var": 0.00463369535282
    },
    "silence_rate_60dB": {
        "dmean": 0.0110772196203,
        "dmean2": 0.0221562180668,
        "dvar": 0.0109539022669,
        "dvar2": 0.025837207213,
        "max": 1,
        "mean": 0.0687053501606,
        "median": 0,
        "min": 0,
        "var": 0.0639810860157
    },
    "spectral_centroid": {
        "dmean": 151.079040527,
        "dmean2": 231.495666504,
        "dvar": 30039.296875,
        "dvar2": 65717.953125,
        "max": 10377.5722656,
        "mean": 982.517211914,
        "median": 883.152587891,
        "min": 139.760726929,
        "var": 274990.78125
    },
    "spectral_complexity": {
        "dmean": 2.20757746696,
        "dmean2": 3.47322797775,
        "dvar": 4.44743490219,
        "dvar2": 9.42885303497,
        "max": 47,
        "mean": 15.9349870682,
        "median": 16,
        "min": 0,
        "var": 50.0442886353
    },
    "spectral_decrease": {
        "dmean": 2.06372985367e-09,
        "dmean2": 3.15801096384e-09,
        "dvar": 7.08797087544e-18,
        "dvar2": 1.82794706188e-17,
        "max": 1.55027569897e-16,
        "mean": -7.29464888494e-09,
        "median": -5.71630698332e-09,
        "min": -4.76983750275e-08,
        "var": 3.59861583682e-17
    },
    "spectral_energy": {
        "dmean": 0.00802777148783,
        "dmean2": 0.0122480327263,
        "dvar": 0.00010483317601,
        "dvar2": 0.000269179610768,
        "max": 0.184184551239,
        "mean": 0.0289168711752,
        "median": 0.0228569414467,
        "min": 1.11633767076e-20,
        "var": 0.000555729027838
    },
    "spectral_energyband_high": {
        "dmean": 7.24476558389e-05,
        "dmean2": 0.000106419138319,
        "dvar": 5.54408821074e-08,
        "dvar2": 1.15793554301e-07,
        "max": 0.0183201301843,
        "mean": 0.000229961660807,
        "median": 9.78494936135e-05,
        "min": 8.15992671651e-21,
        "var": 2.09187206224e-07
    },
    "spectral_energyband_low": {
        "dmean": 0.00541453855112,
        "dmean2": 0.00883013848215,
        "dvar": 8.88351132744e-05,
        "dvar2": 0.000240607623709,
        "max": 0.142994046211,
        "mean": 0.0111692734063,
        "median": 0.00425566732883,
        "min": 5.90222889387e-23,
        "var": 0.000236043240875
    },
    "spectral_energyband_middle_high": {
        "dmean": 0.00180660258047,
        "dmean2": 0.00275053479709,
        "dvar": 1.16741703096e-05,
        "dvar2": 3.06461915898e-05,
        "max": 0.0877188593149,
        "mean": 0.00524569815025,
        "median": 0.00321925012395,
        "min": 1.52125815083e-21,
        "var": 4.36601258116e-05
    },
    "spectral_energyband_middle_low": {
        "dmean": 0.00430319504812,
        "dmean2": 0.00638684863225,
        "dvar": 2.84692650894e-05,
        "dvar2": 6.53387978673e-05,
        "max": 0.110232330859,
        "mean": 0.0134307872504,
        "median": 0.0104891182855,
        "min": 4.92448780356e-22,
        "var": 0.000127613107907
    },
    "spectral_entropy": {
        "dmean": 0.132086858153,
        "dmean2": 0.194862768054,
        "dvar": 0.0154377780855,
        "dvar2": 0.031099582091,
        "max": 9.79553222656,
        "mean": 7.06280183792,
        "median": 7.12389850616,
        "min": 4.33916139603,
        "var": 0.258201867342
    },
    "spectral_flux": {
        "dmean": 0.0170037150383,
        "dmean2": 0.0281762890518,
        "dvar": 0.000302739237668,
        "dvar2": 0.000801122456323,
        "max": 0.312232702971,
        "mean": 0.0741738900542,
        "median": 0.0687042474747,
        "min": 1.05656879079e-10,
        "var": 0.00169850990642
    },
    "spectral_kurtosis": {
        "dmean": 3.35142683983,
        "dmean2": 5.80128765106,
        "dvar": 26.8168067932,
        "dvar2": 73.2809371948,
        "max": 264.234649658,
        "mean": 8.31145381927,
        "median": 5.76164150238,
        "min": -1.19486224651,
        "var": 113.569450378
    },
    "spectral_rms": {
        "dmean": 0.000678054755554,
        "dmean2": 0.00101044250187,
        "dvar": 4.61849310796e-07,
        "dvar2": 1.11302756522e-06,
        "max": 0.0134049337357,
        "mean": 0.00482966890559,
        "median": 0.00472222967073,
        "min": 3.30016656364e-12,
        "var": 4.88571049573e-06
    },
    "spectral_rolloff": {
        "dmean": 236.280197144,
        "dmean2": 406.568084717,
        "dvar": 218938.703125,
        "dvar2": 594365.625,
        "max": 19853.6132812,
        "mean": 1104.22375488,
        "median": 796.728515625,
        "min": 64.599609375,
        "var": 3133974.25
    },
    "spectral_skewness": {
        "dmean": 0.296878278255,
        "dmean2": 0.504338145256,
        "dvar": 0.0981524288654,
        "dvar2": 0.274238139391,
        "max": 12.7503499985,
        "mean": 1.95378684998,
        "median": 1.78427755833,
        "min": 0.072641864419,
        "var": 0.600502789021
    },
    "spectral_spread": {
        "dmean": 247328.390625,
        "dmean2": 389877.90625,
        "dvar": 125288464384,
        "dvar2": 210291818496,
        "max": 41135116,
        "mean": 3137176,
        "median": 3086244,
        "min": 358961.375,
        "var": 1.81847379149e+12
    },
    "spectral_strongpeak": {
        "dmean": 0.628972947598,
        "dmean2": 1.06722521782,
        "dvar": 1.74266159534,
        "dvar2": 4.17696237564,
        "max": 33.3296051025,
        "mean": 1.05336010456,
        "median": 0.505575299263,
        "min": 0,
        "var": 2.77061915398
    },
    "zerocrossingrate": {
        "dmean": 0.00518931122497,
        "dmean2": 0.00647297035903,
        "dvar": 5.08147350047e-05,
        "dvar2": 5.81967142352e-05,
        "max": 0.78125,
        "mean": 0.0436476953328,
        "median": 0.0361328125,
        "min": 0.00537109375,
        "var": 0.00352290039882
    },
    "barkbands": {
        "dmean": [0.000837190949824, 0.00281090731733, 0.00263298721984, 0.00125526252668, 0.00158141017891, 0.00124622846488, 0.000843956309836, 0.0014861128293, 0.000662918027956, 0.000695813447237, 0.000832913559861, 0.000363740778994, 0.000171403575223, 0.000242881622398, 0.000195570784854, 0.000278028805042, 0.000173740758328, 0.000115113361971, 0.00013617737568, 9.65346916928e-05, 2.38587726926e-05, 2.04867537832e-05, 1.59141982294e-05, 8.43227189762e-06, 4.50659990747e-06, 3.07134651045e-09, 1.45117318162e-09],
        "dmean2": [0.00123327889014, 0.00466650398448, 0.00438937963918, 0.00210737180896, 0.00241766520776, 0.00189761759248, 0.00126727682073, 0.00225667096674, 0.00100623187609, 0.00108551874291, 0.00134513736703, 0.000562430126593, 0.000266986957286, 0.000382571917726, 0.000310880597681, 0.000443795608589, 0.000272943056189, 0.00018153518613, 0.000222690170631, 0.000143607438076, 3.76931348001e-05, 3.13707714668e-05, 2.47290427069e-05, 1.28384481286e-05, 6.7780288191e-06, 5.00554220295e-09, 2.63532595746e-09],
        "dvar": [4.09833046433e-06, 3.3294702007e-05, 3.16894074786e-05, 6.49938465358e-06, 6.07325318924e-06, 4.74073885925e-06, 2.60772708316e-06, 7.78398862167e-06, 2.15143245441e-06, 3.04999207401e-06, 6.31247849014e-06, 8.14224563328e-07, 1.16300363118e-07, 4.31264538747e-07, 4.05420991001e-07, 4.78569631923e-07, 1.91198481048e-07, 8.6619962758e-08, 7.30829356144e-07, 6.51416996789e-07, 2.49262543939e-09, 3.21067861186e-09, 2.46002307414e-09, 5.87823678622e-10, 3.18554599366e-10, 8.55374845356e-16, 2.72316294895e-17],
        "dvar2": [9.06417608348e-06, 9.18274381547e-05, 9.16946155485e-05, 1.83540651051e-05, 1.36306061904e-05, 1.06475845314e-05, 5.01156910104e-06, 1.78356967808e-05, 4.68902044304e-06, 7.10513450031e-06, 1.78946829692e-05, 1.94489643945e-06, 2.71888580983e-07, 1.05204958345e-06, 1.01213288417e-06, 1.1468782759e-06, 4.37043297552e-07, 2.0762925601e-07, 2.20462311518e-06, 1.22860910778e-06, 6.01256955335e-09, 7.14435133276e-09, 5.53499468481e-09, 1.25913901527e-09, 6.89685752953e-10, 1.71938720331e-15, 6.91845724882e-17],
        "max": [0.0423761568964, 0.0907780006528, 0.095736131072, 0.052986074239, 0.0584680363536, 0.0730821490288, 0.0513061545789, 0.0788046494126, 0.0407864898443, 0.0582524053752, 0.0705686435103, 0.0249701328576, 0.00948863103986, 0.0240312181413, 0.0253811702132, 0.035086799413, 0.0154030015692, 0.00790001265705, 0.0669766739011, 0.0482708737254, 0.0010746892076, 0.00175547262188, 0.0020619132556, 0.000973498215899, 0.00072520802496, 1.9341512143e-06, 3.09846001301e-07],
        "mean": [0.0017022973625, 0.00483495462686, 0.00375096476637, 0.00178124557715, 0.00315948296338, 0.00245132553391, 0.00158661429305, 0.00265594548546, 0.00119925127365, 0.00122671690769, 0.00133189512417, 0.000651912065223, 0.000305839726934, 0.000400602468289, 0.000324995286064, 0.000455868575955, 0.000311205658363, 0.00020821596263, 0.000228028395213, 0.000179024398676, 5.47418458154e-05, 4.64536315121e-05, 3.64923944289e-05, 2.20959682338e-05, 1.06528495962e-05, 3.42893935468e-09, 1.343779088e-09],
        "median": [2.68647236226e-05, 0.000756184454076, 0.00133587396704, 0.00077096070163, 0.00192228110973, 0.00131841807161, 0.000784566858783, 0.00105756241828, 0.00043840741273, 0.000426488899393, 0.000388228421798, 0.00021096727869, 0.00013488791592, 0.000138641305966, 0.000126940140035, 0.00012758167577, 0.000120503085782, 8.39605272631e-05, 7.8897261119e-05, 4.4314245315e-05, 2.3717258955e-05, 1.57813738042e-05, 1.15383800221e-05, 7.36107904231e-06, 2.82008363683e-06, 4.03016314765e-10, 5.21557796951e-10],
        "min": [9.50399581543e-24, 2.8575429218e-23, 1.07668635171e-23, 2.4612652725e-23, 9.35308009783e-23, 5.97978086283e-23, 1.28980525052e-22, 6.74330734231e-23, 9.8772642854e-23, 1.50442741845e-22, 8.07834840149e-23, 5.30348914661e-23, 1.29942379998e-22, 6.83492186131e-23, 1.28235638409e-22, 1.5805965458e-22, 1.72090776402e-22, 2.33648230787e-22, 2.45479276343e-22, 2.88656751264e-22, 3.8670978889e-22, 4.41558240022e-22, 7.22168509079e-22, 9.57895748072e-22, 1.02762872969e-21, 2.077410996e-21, 2.60041855651e-21],
        "var": [1.5261795852e-05, 6.97607101756e-05, 4.73712498206e-05, 9.5170471468e-06, 1.62632350111e-05, 1.44180685311e-05, 7.41485973776e-06, 2.10117977986e-05, 6.16318493485e-06, 7.59502654546e-06, 1.08200001705e-05, 2.00692875296e-06, 2.73604854328e-07, 8.80609775322e-07, 7.91475713413e-07, 1.1065437775e-06, 5.31919852165e-07, 1.81580901426e-07, 1.34286381126e-06, 1.67466089351e-06, 7.76712294481e-09, 9.29203469724e-09, 7.40245953423e-09, 2.0094097497e-09, 8.01296973219e-10, 1.51594026554e-15, 2.92754637429e-17]
    },
    "erbbands": {
        "dmean": [0.123676247895, 0.574996590614, 2.45438361168, 4.02028226852, 4.74431800842, 5.46816158295, 7.45443439484, 10.3627567291, 11.5559577942, 25.676612854, 24.0341968536, 16.6304206848, 22.1016407013, 14.8512067795, 36.1969184875, 15.8000421524, 8.06975841522, 11.8531894684, 8.33890724182, 13.8446493149, 10.8741207123, 7.99069643021, 5.51971197128, 9.38240909576, 5.06660079956, 3.90396785736, 1.28685390949, 0.818998157978, 0.78125667572, 0.652379930019, 0.45585796237, 0.23178358376, 0.119332797825, 0.0728061273694, 0.0210493430495, 0.000561101245694, 2.57744923147e-05, 3.41029453921e-06, 3.93395430365e-06, 8.95806351764e-06],
        "dmean2": [0.19978518784, 0.954945147038, 4.04198026657, 6.72448539734, 7.53665542603, 8.3412103653, 11.523897171, 15.6831912994, 17.1352138519, 37.9610671997, 37.4610671997, 25.0189704895, 34.5074501038, 23.5410709381, 58.3783721924, 24.4374256134, 12.3927822113, 18.4960689545, 13.0479001999, 21.9979133606, 17.1804428101, 12.3771953583, 8.77400970459, 15.208773613, 7.63481235504, 5.991751194, 2.06665921211, 1.27791333199, 1.18942260742, 1.01017355919, 0.708935201168, 0.354110598564, 0.18150614202, 0.110100395977, 0.0320785716176, 0.000852010969538, 3.80906967621e-05, 5.05291245645e-06, 5.87324893786e-06, 1.35929331009e-05],
        "dvar": [0.0898431614041, 1.25981724262, 23.6524429321, 86.0267333984, 70.8064193726, 93.6182174683, 216.186080933, 368.087097168, 518.986022949, 2384.22900391, 3032.48925781, 1333.81445312, 2917.69750977, 1085.1517334, 14866.9384766, 1441.87792969, 252.297775269, 821.410522461, 712.800109863, 1345.23291016, 534.022338867, 475.472320557, 241.444900513, 1976.46716309, 1121.23901367, 1010.53674316, 13.9837236404, 3.5092394352, 6.91862678528, 2.758872509, 2.03168654442, 0.49143409729, 0.123827800155, 0.0838470757008, 0.00720139406621, 5.1769543461e-06, 1.06365520836e-08, 2.35917063662e-10, 2.55490125584e-11, 1.27170829423e-10],
        "dvar2": [0.231765255332, 3.502348423, 65.7783126831, 249.067932129, 174.366607666, 200.214736938, 534.378662109, 774.875793457, 944.289367676, 4985.12988281, 7584.84960938, 2813.1862793, 7060.43017578, 2657.62451172, 42183.8515625, 3530.47290039, 583.801452637, 1909.23303223, 1689.13659668, 3414.00854492, 1293.6237793, 986.171691895, 638.615539551, 5669.23730469, 2229.06469727, 2184.83129883, 34.8805351257, 8.22747039795, 15.8548707962, 6.21618938446, 4.50287342072, 1.01094329357, 0.262575864792, 0.182268768549, 0.0168858282268, 1.20604836411e-05, 2.34151826817e-08, 4.71680916547e-10, 6.12465356209e-11, 3.23260640478e-10],
        "max": [4.52108240128, 15.6180753708, 80.7302932739, 214.204605103, 262.54510498, 317.0887146, 472.714080811, 884.817077637, 945.667358398, 1398.6348877, 1217.66552734, 1144.41113281, 1464.98840332, 1109.84509277, 3738.59448242, 941.000366211, 452.048706055, 1265.60400391, 1134.85180664, 1751.35327148, 1043.26025391, 863.217529297, 504.631500244, 3154.99316406, 2327.51391602, 1747.43249512, 273.315643311, 50.488445282, 77.4943618774, 62.3160629272, 65.4539642334, 30.3062458038, 11.0431118011, 12.944858551, 2.87822437286, 0.0812030360103, 0.00430723419413, 0.000946616521105, 0.000124671685626, 0.000207187375054],
        "mean": [0.198929056525, 0.886523365974, 3.65603327751, 6.14027690887, 8.17441558838, 10.278213501, 14.4128341675, 20.0301437378, 22.6023979187, 47.7627906799, 43.3730926514, 31.6213150024, 39.2906532288, 27.6324520111, 59.084072113, 30.2067146301, 16.1318187714, 20.7086677551, 15.4628782272, 24.6778736115, 20.2445907593, 15.4122610092, 10.9227828979, 15.4442901611, 9.71423721313, 7.57131814957, 2.9469306469, 1.9340569973, 1.66051900387, 1.48615944386, 1.04866123199, 0.558570444584, 0.312460273504, 0.17972971499, 0.0456514507532, 0.00125823204871, 7.04104313627e-05, 1.0187440239e-05, 1.57651757036e-05, 3.33764583047e-05],
        "median": [0.0104446886107, 0.224621385336, 1.36315608025, 2.74414467812, 4.17280721664, 5.64638137817, 7.47841501236, 10.2311544418, 11.9511480331, 18.1021213531, 19.7922534943, 12.4309778214, 14.4320135117, 13.1947383881, 15.1937665939, 11.2308864594, 8.14547634125, 8.8684463501, 7.11201524734, 9.51258659363, 8.3339509964, 6.49790334702, 5.02650690079, 5.10914707184, 3.07201814651, 2.1424407959, 1.33385121822, 0.75331646204, 0.54458373785, 0.486467033625, 0.340593844652, 0.189092278481, 0.0998317599297, 0.0521998479962, 0.0102739362046, 0.000301200023387, 2.65539329121e-05, 4.82402765556e-06, 1.25053156808e-05, 2.65929847956e-05],
        "min": [1.60211929662e-21, 3.46204005363e-21, 1.13370587869e-20, 4.99033216792e-20, 1.24299758564e-19, 2.74979444236e-19, 7.62974956804e-19, 3.81851153528e-19, 1.56732910676e-18, 2.30136763138e-18, 1.17051588447e-18, 2.69616480773e-18, 1.87406701325e-18, 7.34958246059e-18, 2.10488969523e-18, 2.83078224857e-18, 5.80867608754e-18, 4.15307574587e-18, 5.91303319362e-18, 7.06710276295e-18, 8.97622486337e-18, 9.60303586179e-18, 1.39351312766e-17, 1.37168391401e-17, 9.56186046526e-18, 1.29805648497e-17, 2.05087488394e-17, 1.15803399786e-17, 1.60012994066e-17, 1.63044859165e-17, 2.17154151016e-17, 1.82719862887e-17, 1.57247100621e-17, 1.03766648015e-17, 8.198067937e-18, 6.71145811294e-18, 3.74936900714e-18, 1.54052773113e-18, 3.94073393314e-19, 3.69783047218e-20],
        "var": [0.176669165492, 2.21421551704, 41.6128234863, 118.950218201, 159.418151855, 240.584289551, 615.457580566, 1123.77868652, 1451.54541016, 7543.43505859, 5823.20947266, 4222.83300781, 6787.37158203, 2453.45776367, 27826.8710938, 3541.62109375, 617.038879395, 1652.50598145, 1458.02050781, 2882.05126953, 1344.62963867, 1253.10083008, 482.569274902, 3645.33740234, 3115.44189453, 2411.59008789, 36.2387504578, 11.5232200623, 15.9174480438, 8.776471138, 5.97444820404, 1.40841960907, 0.457274734974, 0.212128981948, 0.016131548211, 1.21265447888e-05, 3.04106357873e-08, 6.4922173193e-10, 1.8292904691e-10, 7.36349370367e-10]
    },
    "gfcc": {
        "mean": [-59.1106376648, 152.770401001, -147.185180664, 35.154499054, -65.8308334351, 7.262611866, -35.2473945618, -0.757440209389, -10.181927681, -19.5129089355, 1.73665499687, -19.3298149109, 3.25945162773],
        "cov": [[16174.9658203, 174.401977539, -1372.38085938, 1613.95019531, -1343.0645752, 1102.9954834, -312.34387207, 563.444946289, 189.804168701, 329.470184326, 195.681777954, -200.024688721, 242.179962158], [174.401977539, 1420.53283691, 121.923355103, -190.418823242, 211.100479126, -370.843444824, 22.9453105927, -186.705032349, 79.1923980713, -152.057601929, -6.315574646, -83.2451858521, -17.0038070679], [-1372.38085938, 121.923355103, 631.936279297, 5.529504776, 205.584518433, 9.18049526215, 56.8705253601, 17.1892852783, 52.5835914612, -12.6774988174, -10.3883609772, 29.3038024902, -14.8121938705], [1613.95019531, -190.418823242, 5.529504776, 493.625427246, -28.3057250977, 229.909118652, 23.2936191559, 101.219314575, 72.4734573364, 65.7460174561, 48.8401260376, 19.9747886658, 52.1312408447], [-1343.0645752, 211.100479126, 205.584518433, -28.3057250977, 359.663787842, -56.4419898987, 100.795425415, -41.3726043701, 37.0463943481, -20.5298557281, -1.90650439262, 33.1932487488, -1.29621422291], [1102.9954834, -370.843444824, 9.18049526215, 229.909118652, -56.4419898987, 354.524475098, 56.5177764893, 151.095184326, 32.8556671143, 100.271972656, 35.4857597351, 23.3974952698, 42.2279701233], [-312.34387207, 22.9453105927, 56.8705253601, 23.2936191559, 100.795425415, 56.5177764893, 209.853271484, 57.8038024902, 44.2394790649, 28.3257141113, 38.3459968567, 35.7169303894, 20.3058242798], [563.444946289, -186.705032349, 17.1892852783, 101.219314575, -41.3726043701, 151.095184326, 57.8038024902, 162.268066406, 42.9861526489, 61.7559051514, 24.0479755402, 15.7297153473, 24.4371681213], [189.804168701, 79.1923980713, 52.5835914612, 72.4734573364, 37.0463943481, 32.8556671143, 44.2394790649, 42.9861526489, 134.118118286, 41.6032180786, 20.4981212616, 14.02866745, 25.3140869141], [329.470184326, -152.057601929, -12.6774988174, 65.7460174561, -20.5298557281, 100.271972656, 28.3257141113, 61.7559051514, 41.6032180786, 123.235549927, 44.330997467, 12.1001548767, 15.5856142044], [195.681777954, -6.315574646, -10.3883609772, 48.8401260376, -1.90650439262, 35.4857597351, 38.3459968567, 24.0479755402, 20.4981212616, 44.330997467, 82.4138870239, 32.9787902832, 10.7192583084], [-200.024688721, -83.2451858521, 29.3038024902, 19.9747886658, 33.1932487488, 23.3974952698, 35.7169303894, 15.7297153473, 14.02866745, 12.1001548767, 32.9787902832, 92.1568908691, 36.712146759], [242.179962158, -17.0038070679, -14.8121938705, 52.1312408447, -1.29621422291, 42.2279701233, 20.3058242798, 24.4371681213, 25.3140869141, 15.5856142044, 10.7192583084, 36.712146759, 81.3137969971]],
        "icov": [[0.000617811921984, -0.00133854371961, 0.00100222439505, -0.00154094817117, 0.00174089486245, -0.0016165029956, 0.00081035727635, -0.00107659620699, 0.000519188703038, -0.000784513016697, 0.00059654074721, -0.000449905433925, 0.000152172637172], [-0.00133854371961, 0.00447195768356, -0.00234804139473, 0.00352501822636, -0.00426968699321, 0.00452266167849, -0.00199809204787, 0.00301903509535, -0.00260172295384, 0.00343813165091, -0.0032620462589, 0.00351338135079, -0.00159625639208], [0.00100222439505, -0.00234804139473, 0.00373950810172, -0.00246641412377, 0.001675519743, -0.00300058326684, 0.00159082352184, -0.00235472782515, 0.000338167679729, -0.00104322796687, 0.00162856571842, -0.00167969649192, 0.00132020271849], [-0.00154094817117, 0.00352501822636, -0.00246641412377, 0.00719763338566, -0.00461279693991, 0.00194171268959, -0.00128117343411, 0.00275232736021, -0.00286212051287, 0.00312318699434, -0.00341318850406, 0.00211993022822, -0.00154108880088], [0.00174089486245, -0.00426968699321, 0.001675519743, -0.00461279693991, 0.00967424828559, -0.00441253650934, -4.69831138616e-05, -0.00124873896129, 0.00121298641898, -0.00292000290938, 0.00340471789241, -0.00324867386371, 0.00121743569616], [-0.0016165029956, 0.00452266167849, -0.00300058326684, 0.00194171268959, -0.00441253650934, 0.0117269484326, -0.00302799534984, -0.000650756002869, -0.00033577074646, -2.56978291873e-05, -0.00149777194019, 0.00240046903491, -0.00201674713753], [0.00081035727635, -0.00199809204787, 0.00159082352184, -0.00128117343411, -4.69831138616e-05, -0.00302799534984, 0.00850812718272, -0.00412234012038, -7.14264024282e-05, -0.00040953894495, -0.00178316119127, -0.00134285993408, -9.21280225157e-05], [-0.00107659620699, 0.00301903509535, -0.00235472782515, 0.00275232736021, -0.00124873896129, -0.000650756002869, -0.00412234012038, 0.0146089214832, -0.00359260919504, 0.000389897671994, -0.0010259199189, 0.00147785572335, -0.000886919675395], [0.000519188703038, -0.00260172295384, 0.000338167679729, -0.00286212051287, 0.00121298641898, -0.00033577074646, -7.14264024282e-05, -0.00359260919504, 0.0123338475823, -0.00541564775631, 0.00234444183297, -0.00198083603755, -0.00111900386401], [-0.000784513016697, 0.00343813165091, -0.00104322796687, 0.00312318699434, -0.00292000290938, -2.56978291873e-05, -0.00040953894495, 0.000389897671994, -0.00541564775631, 0.0170564651489, -0.00937354657799, 0.00482983514667, -0.00171317358036], [0.00059654074721, -0.0032620462589, 0.00162856571842, -0.00341318850406, 0.00340471789241, -0.00149777194019, -0.00178316119127, -0.0010259199189, 0.00234444183297, -0.00937354657799, 0.0225841812789, -0.0103625385091, 0.00437994115055], [-0.000449905433925, 0.00351338135079, -0.00167969649192, 0.00211993022822, -0.00324867386371, 0.00240046903491, -0.00134285993408, 0.00147785572335, -0.00198083603755, 0.00482983514667, -0.0103625385091, 0.0210983790457, -0.0094663053751], [0.000152172637172, -0.00159625639208, 0.00132020271849, -0.00154108880088, 0.00121743569616, -0.00201674713753, -9.21280225157e-05, -0.000886919675395, -0.00111900386401, -0.00171317358036, 0.00437994115055, -0.0094663053751, 0.0184690691531]]
    },
    "melbands": {
        "dmean": [0.000887415662874, 0.0010623538401, 0.00065777648706, 0.000361230457202, 0.000250737473834, 0.00023965141736, 0.000171039297129, 0.000300349784084, 0.000184659540537, 0.0001004473379, 0.000111230830953, 5.98195510975e-05, 0.000109281143523, 6.03518856224e-05, 2.83348781522e-05, 1.63281292771e-05, 2.55849772657e-05, 1.39343874253e-05, 1.47170931086e-05, 2.8250635296e-05, 1.02686526589e-05, 1.02913027149e-05, 5.70326255911e-06, 4.9365007726e-06, 8.59327974467e-06, 4.09589074479e-06, 3.9269680201e-06, 2.47664524977e-06, 9.67628125181e-07, 6.66801270199e-07, 5.30941008492e-07, 5.20743526522e-07, 3.65192278196e-07, 3.66562346699e-07, 3.04651337046e-07, 2.24630383627e-07, 1.33275335656e-07, 9.21836686985e-08, 8.52591384159e-08, 6.39094892563e-08],
        "dmean2": [0.00143743888475, 0.00174820318352, 0.00109307235107, 0.000562437810004, 0.000380858109565, 0.000360855716281, 0.000253558711847, 0.000445099722128, 0.000290007796139, 0.000151129686856, 0.000173842185177, 9.4163689937e-05, 0.000176533445483, 9.51645852183e-05, 4.32768683822e-05, 2.51734854828e-05, 4.01667311962e-05, 2.1981606551e-05, 2.35191982938e-05, 4.50872648798e-05, 1.63198474183e-05, 1.60179351951e-05, 9.08709898795e-06, 7.84901658335e-06, 1.40089405249e-05, 6.60580553813e-06, 5.57830253456e-06, 3.96721998186e-06, 1.58765089964e-06, 1.07100493096e-06, 8.51352638165e-07, 8.09133780422e-07, 5.63396042708e-07, 5.75913475132e-07, 4.84688541746e-07, 3.54695146143e-07, 2.07747476111e-07, 1.44078057929e-07, 1.31789732905e-07, 9.82325119026e-08],
        "dvar": [3.96775067202e-06, 3.96043287765e-06, 1.82427913842e-06, 3.87952894698e-07, 1.84456922625e-07, 1.72892242745e-07, 1.02674825087e-07, 3.23395369151e-07, 1.92958225398e-07, 4.91280331971e-08, 7.80718423243e-08, 2.13515605196e-08, 1.19885584127e-07, 2.71013735897e-08, 4.3223602475e-09, 1.26936361422e-09, 4.29355972997e-09, 2.42341924306e-09, 2.80790257712e-09, 4.87931162141e-09, 5.74936431796e-10, 8.97590890503e-10, 1.9382385974e-10, 1.28544355715e-10, 1.78221781777e-09, 8.16394229997e-10, 1.62287183691e-09, 3.66027569365e-10, 1.37553449533e-11, 2.1530771957e-12, 1.93959778794e-12, 2.99623173494e-12, 9.01226413375e-13, 8.92635791672e-13, 8.34842611708e-13, 6.88939356952e-13, 1.32744658906e-13, 6.1984813983e-14, 8.96188979689e-14, 6.62987053495e-14],
        "dvar2": [1.03458369267e-05, 1.09356160465e-05, 5.26077246832e-06, 8.83044378952e-07, 4.42749154672e-07, 3.67637511545e-07, 1.93689245975e-07, 6.81732331032e-07, 4.82507289234e-07, 1.05179303489e-07, 1.87040143373e-07, 5.08740640726e-08, 3.4020567341e-07, 7.24306019606e-08, 9.45528011442e-09, 2.77776468494e-09, 9.99894833598e-09, 5.95281335336e-09, 7.24965465437e-09, 1.17986820314e-08, 1.42626743749e-09, 1.90581816994e-09, 5.15002651635e-10, 3.13819886744e-10, 5.13821163395e-09, 2.39723618733e-09, 2.80065015623e-09, 8.18625667254e-10, 3.58617510687e-11, 5.41448526639e-12, 4.69817587612e-12, 7.11489981514e-12, 1.9088561027e-12, 2.11782696415e-12, 1.95362996613e-12, 1.48930412273e-12, 2.89422403144e-13, 1.42147388695e-13, 1.87117181016e-13, 1.55509529949e-13],
        "max": [0.0335315838456, 0.0310848765075, 0.030491085723, 0.0159813258797, 0.0123790986836, 0.0172959249467, 0.0121263777837, 0.0178745146841, 0.00938572268933, 0.00617349566892, 0.00765171274543, 0.00435708789155, 0.0100133484229, 0.00543129257858, 0.00333620770834, 0.000872445176356, 0.00290310266428, 0.0022382135503, 0.0023621993605, 0.00334975798614, 0.000949055305682, 0.00115346396342, 0.000451928586699, 0.000357429235009, 0.00300942710601, 0.00222507026047, 0.00291493465193, 0.000987065257505, 0.000307915615849, 4.36092741438e-05, 3.98539450543e-05, 4.30147956649e-05, 3.44105828844e-05, 3.1310129998e-05, 4.42397322331e-05, 4.54164037365e-05, 1.3419714378e-05, 7.3393225648e-06, 1.24179259728e-05, 1.16966157293e-05],
        "mean": [0.0016282137949, 0.00169916101731, 0.00111358508002, 0.000669255619869, 0.000503450050019, 0.000470033381134, 0.000334220181685, 0.000555245031137, 0.000329691363731, 0.000183807002031, 0.000193346029846, 0.000105614257336, 0.000178764297743, 0.000105549872387, 5.26182157046e-05, 2.93986813631e-05, 4.1632923967e-05, 2.38120028371e-05, 2.43704853347e-05, 4.57581882074e-05, 1.85755579878e-05, 1.83016618394e-05, 1.03300062619e-05, 9.11967708817e-06, 1.32450168167e-05, 6.90568049322e-06, 7.14538737157e-06, 4.51280629932e-06, 1.98581301447e-06, 1.31331967168e-06, 1.08066740268e-06, 9.84519147096e-07, 8.05285083061e-07, 7.77257355367e-07, 6.37562266093e-07, 4.58631859601e-07, 3.00757534433e-07, 2.2523065013e-07, 1.85239414918e-07, 1.4469725329e-07],
        "median": [0.000162559037562, 0.000651836453471, 0.000583778368309, 0.000376645708457, 0.000280047010165, 0.000251996098086, 0.000174424145371, 0.000211582737393, 0.000142447548569, 6.83031685185e-05, 6.4983170887e-05, 4.06858489441e-05, 4.74945882161e-05, 3.32686904585e-05, 2.07467437576e-05, 1.10120363388e-05, 1.51497615661e-05, 9.52268965193e-06, 9.28872577788e-06, 1.27971243273e-05, 7.39030247132e-06, 6.50753054288e-06, 4.42508689957e-06, 3.90263448935e-06, 3.7961704038e-06, 2.00940871764e-06, 1.52740483372e-06, 1.23544145936e-06, 8.64364380959e-07, 5.07737070166e-07, 3.47718440707e-07, 2.92100139632e-07, 2.63672717438e-07, 2.4470284643e-07, 1.93024362716e-07, 1.39252307463e-07, 9.91345956436e-08, 7.03630007592e-08, 5.17986578075e-08, 3.83968270512e-08],
        "min": [1.09428544407e-23, 5.1169667721e-24, 1.0791920106e-23, 1.24681233119e-23, 2.52320379087e-23, 9.80353576748e-24, 2.36929844822e-23, 2.28754295504e-23, 1.04656535465e-23, 1.56039211408e-23, 7.926035769e-24, 2.97074635497e-23, 8.3165700376e-24, 6.59552206144e-24, 9.05696806197e-24, 1.21740194003e-23, 6.85461040955e-24, 8.03169422092e-24, 1.14630324771e-23, 8.30829409784e-24, 1.17144811018e-23, 7.80916365931e-24, 1.59859191455e-23, 8.85683247259e-24, 1.1957311421e-23, 7.4690447023e-24, 5.82349032034e-24, 9.2300859542e-24, 1.3836079119e-23, 9.88659493219e-24, 5.98593650225e-24, 8.92618044591e-24, 8.86955364355e-24, 9.41491685315e-24, 1.27318694892e-23, 1.20686204836e-23, 1.14453935472e-23, 8.55124353513e-24, 1.53790579174e-23, 6.28508044611e-24],
        "var": [9.46771888266e-06, 7.6516325862e-06, 2.90216416943e-06, 9.52616687755e-07, 5.45168290955e-07, 5.32610897608e-07, 2.91359185667e-07, 1.04086007013e-06, 3.72592467102e-07, 1.45906582816e-07, 1.84810403425e-07, 5.01220789317e-08, 2.25959027489e-07, 5.94895297468e-08, 1.01607007252e-08, 3.49399709165e-09, 8.41450820133e-09, 4.78857176134e-09, 5.45640865823e-09, 1.12825544463e-08, 1.51266044135e-09, 2.33850805387e-09, 3.59508672831e-10, 3.00466040937e-10, 3.23865645413e-09, 1.65065205948e-09, 4.62710270099e-09, 8.20162826543e-10, 2.70321386803e-11, 5.31968913364e-12, 4.69508546624e-12, 6.19929585097e-12, 3.0295390762e-12, 2.49841770536e-12, 2.13602464709e-12, 1.76329090218e-12, 3.78666173938e-13, 2.35131169092e-13, 2.12488026848e-13, 1.48735421223e-13]
    },
    "mfcc": {
        "mean": [-676.934692383, 155.71875, -8.93349552155, 18.529127121, 0.571647286415, -2.88839960098, -5.40506362915, 4.30324268341, -3.89446258545, -0.355313539505, -4.72214794159, -1.04917275906, 0.833637773991],
        "cov": [[10009.5410156, -323.948394775, -253.391098022, 194.477706909, -241.444992065, 338.026824951, 117.386421204, 241.084259033, 191.416473389, 413.632232666, 272.004394531, 192.680358887, 236.26902771], [-323.948394775, 1455.00561523, -56.9171600342, 91.6726913452, 77.3142623901, -113.960960388, -51.8765411377, -36.1706886292, -37.8689498901, -25.7002429962, -27.8292808533, -31.1231822968, -83.6872253418], [-253.391098022, -56.9171600342, 385.042327881, 60.6851730347, 92.8886795044, 40.0390777588, 17.1983623505, 52.5916137695, 41.4465293884, -7.41145324707, 21.2275600433, 22.5922107697, -4.10654878616], [194.477706909, 91.6726913452, 60.6851730347, 215.167602539, 81.5277099609, 68.7390136719, 20.5654697418, 46.3795089722, 30.0478630066, 36.4089622498, 18.5710144043, 18.9477424622, 11.8919887543], [-241.444992065, 77.3142623901, 92.8886795044, 81.5277099609, 196.997344971, 64.2541503906, 4.26277446747, 19.1556816101, 23.4041728973, -4.92865419388, 6.09335851669, 10.1161394119, -10.0655536652], [338.026824951, -113.960960388, 40.0390777588, 68.7390136719, 64.2541503906, 163.196182251, 61.2089385986, 49.4178695679, 45.7730407715, 48.3528900146, 25.9125556946, 28.6747455597, 43.5496902466], [117.386421204, -51.8765411377, 17.1983623505, 20.5654697418, 4.26277446747, 61.2089385986, 136.919677734, 57.5164871216, 32.9955215454, 39.179813385, 27.1907501221, 15.9196662903, 30.8623065948], [241.084259033, -36.1706886292, 52.5916137695, 46.3795089722, 19.1556816101, 49.4178695679, 57.5164871216, 127.087394714, 63.5037384033, 29.4110202789, 18.393535614, 24.6377906799, 32.2780532837], [191.416473389, -37.8689498901, 41.4465293884, 30.0478630066, 23.4041728973, 45.7730407715, 32.9955215454, 63.5037384033, 117.451438904, 56.8839569092, 12.8115062714, 23.6816711426, 29.6600856781], [413.632232666, -25.7002429962, -7.41145324707, 36.4089622498, -4.92865419388, 48.3528900146, 39.179813385, 29.4110202789, 56.8839569092, 125.245933533, 54.8062782288, 17.1722049713, 27.6335353851], [272.004394531, -27.8292808533, 21.2275600433, 18.5710144043, 6.09335851669, 25.9125556946, 27.1907501221, 18.393535614, 12.8115062714, 54.8062782288, 103.171783447, 35.0619316101, -1.06158053875], [192.680358887, -31.1231822968, 22.5922107697, 18.9477424622, 10.1161394119, 28.6747455597, 15.9196662903, 24.6377906799, 23.6816711426, 17.1722049713, 35.0619316101, 92.6154708862, 43.2797966003], [236.26902771, -83.6872253418, -4.10654878616, 11.8919887543, -10.0655536652, 43.5496902466, 30.8623065948, 32.2780532837, 29.6600856781, 27.6335353851, -1.06158053875, 43.2797966003, 117.581352234]],
