{
"lowlevel": {
    "average_loudness": 0.700892567635,
    "barkbands_crest": {
        "dmean": 2.18243002892,
        "dmean2": 3.52943062782,
        "dvar": 4.37275457382,
        "dvar2": 11.0168542862,
        "max": 26.3985824585,
        "mean": 10.2809724808,
        "median": 9.40386962891,
        "min": 2.52105236053,
        "var": 15.9974832535
    },
    "barkbands_flatness_db": {
        "dmean": 0.0246631186455,
        "dmean2": 0.0357410944998,
        "dvar": 0.000681316771079,
        "dvar2": 0.00154178321827,
        "max": 0.488379478455,
        "mean": 0.176808908582,
        "median": 0.170167773962,
        "min": 0.0193606726825,
        "var": 0.0038319719024
    },
    "barkbands_kurtosis": {
        "dmean": 4.81066608429,
        "dmean2": 7.77159786224,
        "dvar": 126.237121582,
        "dvar2": 322.559783936,
        "max": 282.775054932,
        "mean": 9.11098480225,
        "median": 5.10417842865,
        "min": -1.90490579605,
        "var": 203.454849243
    },
    "barkbands_skewness": {
        "dmean": 0.555982530117,
        "dmean2": 0.866116166115,
        "dvar": 0.612184345722,
        "dvar2": 1.48438501358,
        "max": 14.724448204,
        "mean": 2.2281434536,
        "median": 2.02061343193,
        "min": -2.22501325607,
        "var": 1.80322015285
    },
    "barkbands_spread": {
        "dmean": 3.94298171997,
        "dmean2": 6.15002584457,
        "dvar": 40.6638870239,
        "dvar2": 92.5643234253,
        "max": 104.798065186,
        "mean": 14.0014247894,
        "median": 11.3594284058,
        "min": 0.236808598042,
        "var": 120.311729431
    },
    "dissonance": {
        "dmean": 0.0173406843096,
        "dmean2": 0.0285967793316,
        "dvar": 0.000272083096206,
        "dvar2": 0.000709943647962,
        "max": 0.500000178814,
        "mean": 0.445883095264,
        "median": 0.451902449131,
        "min": 0.265330374241,
        "var": 0.000945776002482
    },
    "dynamic_complexity": 5.54404735565,
    "erbbands_crest": {
        "dmean": 2.11375331879,
        "dmean2": 3.30676436424,
        "dvar": 6.11959695816,
        "dvar2": 14.2237596512,
        "max": 31.1404876709,
        "mean": 9.71733570099,
        "median": 8.19098091125,
        "min": 2.38713765144,
        "var": 25.9607925415
    },
    "erbbands_flatness_db": {
        "dmean": 0.0217932388186,
        "dmean2": 0.0283543448895,
        "dvar": 0.000596931320615,
        "dvar2": 0.00121260003652,
        "max": 0.370624393225,
        "mean": 0.17482803762,
        "median": 0.173593997955,
        "min": 0.0416359081864,
        "var": 0.00239423755556
    },
    "erbbands_kurtosis": {
        "dmean": 0.920321643353,
        "dmean2": 1.4328905344,
        "dvar": 2.92696714401,
        "dvar2": 7.35180091858,
        "max": 34.509223938,
        "mean": 0.805924415588,
        "median": -0.111368656158,
        "min": -1.84879899025,
        "var": 7.75500774384
    },
    "erbbands_skewness": {
        "dmean": 0.301783382893,
        "dmean2": 0.456510394812,
        "dvar": 0.116330780089,
        "dvar2": 0.259851932526,
        "max": 5.03032016754,
        "mean": 0.736336290836,
        "median": 0.602857470512,
        "min": -2.91712522507,
        "var": 0.571869194508
    },
    "erbbands_spread": {
        "dmean": 7.33943557739,
        "dmean2": 11.0650167465,
        "dvar": 113.188369751,
        "dvar2": 263.357177734,
        "max": 168.924911499,
        "mean": 36.894947052,
        "median": 33.858921051,
        "min": 2.40254044533,
        "var": 317.929656982
    },
    "hfc": {
        "dmean": 3.49268889427,
        "dmean2": 5.07565355301,
        "dvar": 44.9245605469,
        "dvar2": 93.9695053101,
        "max": 210.767608643,
        "mean": 11.1415815353,
        "median": 6.27996063232,
        "min": 1.16220265727e-16,
        "var": 187.010528564
    },
    "melbands_crest": {
        "dmean": 2.92411637306,
        "dmean2": 4.74906396866,
        "dvar": 8.08268165588,
        "dvar2": 20.6478538513,
        "max": 32.4576034546,
        "mean": 14.8648767471,
        "median": 13.9577655792,
        "min": 1.80355966091,
        "var": 28.5839347839
    },
    "melbands_flatness_db": {
        "dmean": 0.0270538385957,
        "dmean2": 0.0396772176027,
        "dvar": 0.000866888498422,
        "dvar2": 0.00199320283718,
        "max": 0.631344497204,
        "mean": 0.254758566618,
        "median": 0.245698481798,
        "min": 0.00593906035647,
        "var": 0.00649254908785
    },
    "melbands_kurtosis": {
        "dmean": 10.2792644501,
        "dmean2": 16.7350063324,
        "dvar": 827.287902832,
        "dvar2": 2167.18115234,
        "max": 643.003356934,
        "mean": 20.5872402191,
        "median": 12.4667253494,
        "min": -1.66953933239,
        "var": 987.960693359
    },
    "melbands_skewness": {
        "dmean": 0.715299248695,
        "dmean2": 1.11954796314,
        "dvar": 1.12925386429,
        "dvar2": 2.76247692108,
        "max": 20.3024158478,
        "mean": 3.11439037323,
        "median": 2.81434178352,
        "min": -1.64274120331,
        "var": 2.99250245094
    },
    "melbands_spread": {
        "dmean": 3.64214134216,
        "dmean2": 5.55202913284,
        "dvar": 42.9598464966,
        "dvar2": 82.9145050049,
        "max": 235.703445435,
        "mean": 13.7519569397,
        "median": 10.8385705948,
        "min": 0.414176106453,
        "var": 173.689819336
    },
    "pitch_salience": {
        "dmean": 0.0645962581038,
        "dmean2": 0.104493252933,
        "dvar": 0.00414243619889,
        "dvar2": 0.0108397649601,
        "max": 0.926083624363,
        "mean": 0.527753829956,
        "median": 0.537137150764,
        "min": 0.0585501529276,
        "var": 0.0116188330576
    },
    "silence_rate_20dB": {
        "dmean": 0,
        "dmean2": 0,
        "dvar": 0,
        "dvar2": 0,
        "max": 1,
        "mean": 1,
        "median": 1,
        "min": 1,
        "var": 0
    },
    "silence_rate_30dB": {
        "dmean": 0.0122177544981,
        "dmean2": 0.0244373977184,
        "dvar": 0.012069770135,
        "dvar2": 0.028173673898,
        "max": 1,
        "mean": 0.989174962044,
        "median": 1,
        "min": 0,
        "var": 0.0107075050473
    },
    "silence_rate_60dB": {
        "dmean": 0.0204144753516,
        "dmean2": 0.0408321097493,
        "dvar": 0.0199951194227,
        "dvar2": 0.0430375598371,
        "max": 1,
        "mean": 0.192298769951,
        "median": 0,
        "min": 0,
        "var": 0.155325070024
    },
    "spectral_centroid": {
        "dmean": 158.758850098,
        "dmean2": 239.494934082,
        "dvar": 56077.7734375,
        "dvar2": 105245.4375,
        "max": 11146.2529297,
        "mean": 860.297119141,
        "median": 723.919433594,
        "min": 124.931846619,
        "var": 286268.0625
    },
    "spectral_complexity": {
        "dmean": 1.81286728382,
        "dmean2": 2.79854607582,
        "dvar": 4.94027853012,
        "dvar2": 9.27901363373,
        "max": 52,
        "mean": 12.7021570206,
        "median": 12,
        "min": 0,
        "var": 67.7551116943
    },
    "spectral_decrease": {
        "dmean": 2.39690289838e-09,
        "dmean2": 3.91993815185e-09,
        "dvar": 2.96991258003e-17,
        "dvar2": 8.02451485658e-17,
        "max": 7.04898966145e-29,
        "mean": -5.84182169305e-09,
        "median": -4.12445766429e-09,
        "min": -8.57346833527e-08,
        "var": 4.39456277118e-17
    },
    "spectral_energy": {
        "dmean": 0.00929176341742,
        "dmean2": 0.0151515454054,
        "dvar": 0.000438930641394,
        "dvar2": 0.00118225498591,
        "max": 0.334415733814,
        "mean": 0.0230589807034,
        "median": 0.0162894781679,
        "min": 1.06144244333e-20,
        "var": 0.000672936090268
    },
    "spectral_energyband_high": {
        "dmean": 0.000185460507055,
        "dmean2": 0.000272786681307,
        "dvar": 2.23733451321e-07,
        "dvar2": 4.34369781033e-07,
        "max": 0.0196284614503,
        "mean": 0.000374478549929,
        "median": 9.74857830442e-05,
        "min": 7.92836703599e-21,
        "var": 6.65260358801e-07
    },
    "spectral_energyband_low": {
        "dmean": 0.00604225089774,
        "dmean2": 0.0105335321277,
        "dvar": 0.000373292685254,
        "dvar2": 0.00104608980473,
        "max": 0.265661627054,
        "mean": 0.00851053465158,
        "median": 0.00435473024845,
        "min": 4.18852892039e-23,
        "var": 0.000275094120298
    },
    "spectral_energyband_middle_high": {
        "dmean": 0.000550913740881,
        "dmean2": 0.00075087195728,
        "dvar": 2.39154906012e-06,
        "dvar2": 4.44902116215e-06,
        "max": 0.0660991594195,
        "mean": 0.00210553314537,
        "median": 0.00107993406709,
        "min": 1.42723431178e-21,
        "var": 1.12938814709e-05
    },
    "spectral_energyband_middle_low": {
        "dmean": 0.00455832574517,
        "dmean2": 0.0069315074943,
        "dvar": 6.52777962387e-05,
        "dvar2": 0.000151736356202,
        "max": 0.151686444879,
        "mean": 0.0136155150831,
        "median": 0.00792853347957,
        "min": 2.38699338718e-22,
        "var": 0.000253932201304
    },
    "spectral_entropy": {
        "dmean": 0.202471390367,
        "dmean2": 0.286636561155,
        "dvar": 0.0583706796169,
        "dvar2": 0.122172467411,
        "max": 9.80444526672,
        "mean": 7.07952833176,
        "median": 7.10665035248,
        "min": 4.58538007736,
        "var": 0.28193628788
    },
    "spectral_flux": {
        "dmean": 0.0226082019508,
        "dmean2": 0.0357770361006,
        "dvar": 0.00139653903898,
        "dvar2": 0.00278691737913,
        "max": 0.468167543411,
        "mean": 0.0596513822675,
        "median": 0.0461011193693,
        "min": 1.03026330522e-10,
        "var": 0.00318697257899
    },
    "spectral_kurtosis": {
        "dmean": 3.1326417923,
        "dmean2": 5.1637969017,
        "dvar": 21.342256546,
        "dvar2": 56.4873962402,
        "max": 83.9641799927,
        "mean": 7.30699825287,
        "median": 4.95031499863,
        "min": -1.35107386112,
        "var": 64.173034668
    },
    "spectral_rms": {
        "dmean": 0.000754561275244,
        "dmean2": 0.00116988911759,
        "dvar": 1.54762130933e-06,
        "dvar2": 3.91927051169e-06,
        "max": 0.0180626474321,
        "mean": 0.00407647946849,
        "median": 0.00398649880663,
        "min": 3.21800181988e-12,
        "var": 5.87885961068e-06
    },
    "spectral_rolloff": {
        "dmean": 263.397949219,
        "dmean2": 440.662628174,
        "dvar": 567243.25,
        "dvar2": 1231463.875,
        "max": 19186.0839844,
        "mean": 869.327636719,
        "median": 581.396484375,
        "min": 86.1328125,
        "var": 1450286.625
    },
    "spectral_skewness": {
        "dmean": 0.317817181349,
        "dmean2": 0.501132547855,
        "dvar": 0.129798337817,
        "dvar2": 0.326716959476,
        "max": 7.82815122604,
        "mean": 1.87505662441,
        "median": 1.72471368313,
        "min": 0.00752800609916,
        "var": 0.684302151203
    },
    "spectral_spread": {
        "dmean": 783352.375,
        "dmean2": 1083863,
        "dvar": 1.50547883622e+12,
        "dvar2": 3.11618594406e+12,
        "max": 41206500,
        "mean": 4132739.75,
        "median": 3762367,
        "min": 1019601.8125,
        "var": 3.9069244457e+12
    },
    "spectral_strongpeak": {
        "dmean": 0.319376260042,
        "dmean2": 0.513641834259,
        "dvar": 0.275370568037,
        "dvar2": 0.620645582676,
        "max": 7.9325170517,
        "mean": 0.758521914482,
        "median": 0.399021178484,
        "min": 0,
        "var": 0.92874366045
    },
    "zerocrossingrate": {
        "dmean": 0.00736582744867,
        "dmean2": 0.00879687909037,
        "dvar": 0.000126573315356,
        "dvar2": 0.000133244364406,
        "max": 0.50830078125,
        "mean": 0.0400760993361,
        "median": 0.0341796875,
        "min": 0.00244140625,
        "var": 0.000951243331656
    },
    "barkbands": {
        "dmean": [3.65792875527e-05, 0.00310318404809, 0.00298929726705, 0.00120639184024, 0.00169606541749, 0.00155945355073, 0.000855379854329, 0.000640630489215, 0.000580375781283, 0.000213856706978, 0.000119774056657, 0.000117340627185, 0.000106400621007, 9.28185982048e-05, 0.00010880480113, 6.10105125816e-05, 8.34924940136e-05, 3.89603846997e-05, 4.95740532642e-05, 6.35729375063e-05, 4.05398459407e-05, 2.73135174211e-05, 2.83812332782e-05, 2.88729752356e-05, 3.0413206332e-05, 2.44536149694e-05, 5.98930455453e-06],
        "dmean2": [6.26228938927e-05, 0.00553417252377, 0.00519912037998, 0.00189818907529, 0.00268850941211, 0.00238906382583, 0.00128046690952, 0.00097649480449, 0.000902215077076, 0.000296167505439, 0.000167004371178, 0.000175683089765, 0.000166341473232, 0.000142685239553, 0.000167977952515, 9.47441149037e-05, 0.000131794251502, 5.96561476414e-05, 7.45919533074e-05, 9.41903199418e-05, 5.79977822781e-05, 4.01988399972e-05, 4.34775356553e-05, 4.41504525952e-05, 4.52567219327e-05, 4.32471133536e-05, 1.09838574645e-05],
        "dvar": [1.78542638452e-08, 0.000111301553261, 8.35881219245e-05, 8.00750785857e-06, 1.18923235277e-05, 1.74527067429e-05, 1.06439147203e-05, 6.07142919762e-06, 1.05039625851e-05, 1.36047196975e-06, 1.43799510965e-07, 3.03935536294e-07, 3.02806455466e-07, 1.34561091159e-07, 9.58182724276e-08, 3.94008203841e-08, 3.97823107789e-08, 1.13356133369e-08, 3.19165209817e-08, 4.69404461967e-08, 1.26540538048e-08, 5.79462611228e-09, 7.38460625982e-09, 1.05492485858e-08, 2.87116037612e-08, 6.43652686705e-09, 5.45962497434e-10],
        "dvar2": [4.35118359121e-08, 0.000319439219311, 0.000231579368119, 2.01188377105e-05, 2.97068017971e-05, 4.01803154091e-05, 2.2349806386e-05, 1.34040019475e-05, 2.6623469239e-05, 2.81315692519e-06, 2.87664875032e-07, 8.18905391498e-07, 7.43746909393e-07, 2.91360493065e-07, 2.14474098925e-07, 9.24856777829e-08, 9.43545046539e-08, 2.69441766676e-08, 7.02909446204e-08, 9.55258343538e-08, 2.66054840381e-08, 1.07745457001e-08, 1.4801143422e-08, 2.0477719076e-08, 4.83055480061e-08, 1.77514536404e-08, 1.55723989259e-09],
        "max": [0.00597963854671, 0.131318986416, 0.134882509708, 0.0947628095746, 0.0824968218803, 0.0992000997066, 0.0954799875617, 0.105996929109, 0.129416301847, 0.0548771508038, 0.030006499961, 0.0384724251926, 0.0286352168769, 0.0136607261375, 0.0154463863, 0.00915741547942, 0.00583474431187, 0.00270939804614, 0.00926066190004, 0.0151303838938, 0.00477002421394, 0.00492883846164, 0.00346970930696, 0.00493575166911, 0.0125213349238, 0.0020582198631, 0.000741635623854],
        "mean": [4.00125027227e-05, 0.00350055913441, 0.00357413245365, 0.00268151774071, 0.00365441176109, 0.00312066986226, 0.00154348090291, 0.00123943900689, 0.00103785982355, 0.000625197251793, 0.000264379399596, 0.000261894077994, 0.000219203313463, 0.000175069348188, 0.000208245182876, 0.000127569830511, 0.000170027313288, 8.718175377e-05, 0.000103155900433, 0.000136261354783, 8.36606850498e-05, 5.25809227838e-05, 4.57729438494e-05, 4.2982686864e-05, 4.0194572648e-05, 1.96553537535e-05, 3.84415807275e-06],
        "median": [8.84841574589e-06, 0.00124900834635, 0.00124932324979, 0.00104938214645, 0.00168246147223, 0.000801631016657, 0.000182922798558, 0.000316383171594, 8.10292112874e-05, 0.000238332053414, 7.81026683399e-05, 0.000102746969787, 6.81938763591e-05, 5.4179727158e-05, 6.98457370163e-05, 3.28528149112e-05, 5.80733430979e-05, 2.71112785413e-05, 2.71853350569e-05, 3.20680373989e-05, 2.12651648326e-05, 1.26743188957e-05, 5.70516567677e-06, 4.48499395134e-06, 2.80692052002e-06, 1.13430735382e-06, 2.30023839976e-08],
        "min": [1.08466471341e-24, 7.22132581198e-24, 2.04882812309e-23, 2.93274061428e-23, 3.27612040672e-23, 3.03690054602e-23, 3.75444653215e-23, 2.07888104145e-23, 2.07449765695e-23, 3.86590973815e-23, 2.40435337581e-23, 4.38851336401e-23, 6.1589595734e-23, 3.96648066833e-23, 1.39825191554e-22, 7.51690726e-23, 1.6951566935e-22, 1.96839311996e-22, 3.06537362843e-22, 3.76413904521e-22, 4.38441318057e-22, 4.66150404452e-22, 6.32769692103e-22, 8.55223671101e-22, 1.39915783078e-21, 1.62531024214e-21, 2.27798553283e-21],
        "var": [1.63610991422e-08, 7.42399133742e-05, 6.23762534815e-05, 2.30438799917e-05, 3.21224542859e-05, 4.60754272353e-05, 2.7971165764e-05, 1.4056744476e-05, 2.34686322074e-05, 4.11154451285e-06, 5.24887241227e-07, 3.75880119918e-07, 4.12649029613e-07, 2.62148574848e-07, 2.06774586786e-07, 9.97693021532e-08, 1.05458362043e-07, 3.16264809896e-08, 6.76250095921e-08, 1.30629061346e-07, 3.68592338873e-08, 1.75182144346e-08, 2.0482408658e-08, 2.56760497308e-08, 6.43180442239e-08, 4.87862994447e-09, 3.24615279101e-10]
    },
    "erbbands": {
        "dmean": [0.0470232740045, 0.860484302044, 3.3315179348, 3.39339923859, 4.7638297081, 5.96076250076, 11.770570755, 10.0679149628, 11.3641319275, 12.3773050308, 16.2609424591, 14.4006328583, 7.1015663147, 4.81766462326, 3.98757624626, 5.62164306641, 4.61231422424, 5.16689157486, 4.9077296257, 5.25604867935, 3.35249567032, 3.51722073555, 2.28162193298, 2.21606373787, 2.55204629898, 2.76337909698, 2.32422161102, 1.3355178833, 0.981688320637, 0.934271514416, 0.784626305103, 0.600006759167, 0.494747549295, 0.360943824053, 0.210699796677, 0.126364156604, 0.0395415276289, 0.0076844538562, 0.00102140300442, 6.41190999886e-05],
        "dmean2": [0.0821067988873, 1.53804671764, 5.89154148102, 5.53926420212, 7.62989330292, 9.4855260849, 18.0932559967, 15.3225860596, 17.0126895905, 18.5718231201, 24.790266037, 22.1465244293, 10.2170982361, 6.71444749832, 5.58527088165, 8.33615589142, 7.13480567932, 7.91734838486, 7.35268688202, 8.48565006256, 5.12333965302, 5.46443557739, 3.47066092491, 3.22201228142, 3.88265299797, 4.01945543289, 3.38094162941, 1.92011117935, 1.43728685379, 1.41668915749, 1.19763636589, 0.926590204239, 0.746422946453, 0.525469660759, 0.331591486931, 0.21814917028, 0.070504553616, 0.0139167187735, 0.00186696019955, 0.000116422277642],
        "dvar": [0.0214546788484, 8.84532546997, 120.565574646, 52.6122055054, 120.473823547, 206.717102051, 1105.50964355, 814.807250977, 2015.61108398, 2548.27441406, 4086.68041992, 7003.60058594, 1661.85571289, 613.838439941, 189.125244141, 617.416748047, 690.996032715, 377.317810059, 224.163040161, 198.033233643, 107.050926208, 78.2096176147, 34.2517242432, 61.4055404663, 82.5832214355, 96.130569458, 45.843547821, 14.016368866, 7.48760604858, 8.12727832794, 6.16634607315, 3.47348666191, 4.47568511963, 4.35481119156, 1.33263599873, 0.178576126695, 0.0185395851731, 0.000992846558802, 1.56152673298e-05, 6.59910668332e-08],
        "dvar2": [0.0597410127521, 25.3905467987, 338.506317139, 139.58581543, 323.253631592, 496.56628418, 2495.10205078, 1852.53930664, 4281.16845703, 5387.3671875, 9260.92675781, 16903.1699219, 4209.83349609, 1064.69946289, 370.638183594, 1619.41625977, 1708.94458008, 840.488525391, 464.088592529, 468.040679932, 252.51512146, 178.642715454, 77.7004165649, 140.221237183, 184.811050415, 181.673690796, 101.743309021, 28.8331718445, 14.5755395889, 16.2205848694, 12.2006168365, 7.25125169754, 8.50264835358, 7.37820863724, 2.43525671959, 0.446188777685, 0.0521634928882, 0.00284386822022, 4.43986755272e-05, 1.90313812709e-07],
        "max": [2.57122397423, 37.538608551, 138.981842041, 186.357940674, 271.411468506, 416.422271729, 804.126037598, 830.769226074, 1261.04418945, 1800.20800781, 2126.99511719, 3160.86914062, 1584.13354492, 1711.34008789, 1223.03356934, 1667.00256348, 1462.25720215, 759.652099609, 515.255615234, 589.382385254, 593.598205566, 288.979858398, 153.121109009, 419.880310059, 341.352355957, 693.054138184, 269.121154785, 177.586975098, 156.026779175, 172.803207397, 128.635757446, 79.5649261475, 116.435272217, 117.119926453, 97.6137695312, 18.9611701965, 3.33846735954, 1.26367855072, 0.143660008907, 0.0107609955594],
        "mean": [0.0610780976713, 0.952764868736, 3.82539701462, 7.04875802994, 9.60611820221, 12.2989807129, 25.1627311707, 20.2988567352, 20.2228221893, 24.4101333618, 32.318321228, 27.4404258728, 19.4086894989, 13.7547636032, 10.0960454941, 13.3075094223, 10.039059639, 10.8554801941, 9.67236042023, 10.4799060822, 7.40342092514, 7.79606437683, 5.59744691849, 5.19510602951, 5.01765632629, 6.1454000473, 4.93431186676, 2.75481152534, 1.92489171028, 1.57639753819, 1.26024830341, 0.877603590488, 0.74031329155, 0.524303376675, 0.243358135223, 0.11351826787, 0.0297092460096, 0.00526203308254, 0.000669928442221, 6.04029773967e-05],
        "median": [0.0267378371209, 0.324210554361, 1.28258013725, 3.84646868706, 4.2941904068, 4.19777154922, 7.38237524033, 4.77390861511, 3.32022571564, 4.17316484451, 7.95881748199, 3.47329735756, 6.51623916626, 5.51430606842, 3.77104830742, 5.53745412827, 3.35161304474, 4.03054094315, 3.29032945633, 3.22831249237, 2.09793281555, 2.63475990295, 1.94427335262, 1.67789411545, 1.10669732094, 1.46326112747, 1.21070492268, 0.729724884033, 0.473660439253, 0.295925498009, 0.155427694321, 0.0977324098349, 0.0666165053844, 0.0342109613121, 0.0168256871402, 0.00747215980664, 0.00153638946358, 0.000150205873069, 1.79252620001e-05, 2.27782657021e-05],
        "min": [3.9322815286e-22, 1.40394461351e-21, 2.31005130236e-20, 4.11665495765e-20, 1.10160230441e-19, 7.49688652558e-20, 1.18698750615e-19, 1.09100405281e-19, 4.03285807193e-19, 4.59376200747e-19, 5.59989642471e-19, 4.93267031215e-19, 1.02035117042e-18, 1.68169075556e-18, 9.01811535755e-19, 2.23212661705e-18, 3.13823370172e-18, 2.19251831419e-18, 4.73322135003e-18, 6.98838825586e-18, 4.19365350441e-18, 7.9178605045e-18, 1.08094622416e-17, 1.44120736916e-17, 1.55834375396e-17, 1.9665717792e-17, 1.65235878628e-17, 1.6700156182e-17, 1.60046064747e-17, 1.72071550318e-17, 1.95833736164e-17, 1.52989568921e-17, 1.50955018942e-17, 1.36862797796e-17, 1.02129384613e-17, 6.2222883141e-18, 2.80853295125e-18, 1.0378748883e-18, 2.94777650306e-19, 3.4835419028e-20],
        "var": [0.0171710867435, 5.81394386292, 84.0644607544, 97.1032333374, 242.012405396, 588.161193848, 3100.00561523, 2414.98779297, 4557.51269531, 7186.52685547, 9477.94433594, 16122.8408203, 4193.95117188, 2467.42407227, 649.071228027, 860.013671875, 897.552124023, 722.814575195, 472.430511475, 457.216552734, 322.091003418, 230.481933594, 113.555023193, 128.811706543, 196.507461548, 272.767791748, 130.910568237, 40.8750495911, 22.5309867859, 18.6676635742, 18.1158256531, 7.54520654678, 11.587521553, 11.2021045685, 2.37495088577, 0.192995101213, 0.0122346980497, 0.000588932714891, 9.48402157519e-06, 3.86547291953e-08]
    },
    "gfcc": {
        "mean": [-67.6686325073, 126.220909119, -110.882865906, 29.0500488281, -54.3400650024, 3.97108244896, -31.6881809235, -0.810809373856, -24.7999324799, -1.92628729343, -17.6759395599, -6.21561050415, -8.13162326813],
        "cov": [[12338.5136719, -2177.79174805, 514.621032715, 516.833251953, -577.830566406, 555.690246582, -674.671020508, 432.603668213, -89.6441574097, 352.808197021, -86.464225769, 306.727722168, -75.4293060303], [-2177.79174805, 1993.80761719, -461.003814697, -50.6725234985, 550.185241699, -234.124359131, 401.958831787, -146.59387207, 137.63621521, -222.643966675, 158.240692139, -175.200912476, 128.64402771], [514.621032715, -461.003814697, 1292.72692871, -44.5588798523, 91.3233566284, 307.732299805, -112.873764038, 139.197814941, 29.1181259155, 115.263336182, -70.0292892456, 54.8810539246, -77.4375915527], [516.833251953, -50.6725234985, -44.5588798523, 356.142059326, 17.791595459, 53.0062332153, 51.2697601318, 4.67714452744, 18.5058250427, -7.50484752655, 16.2319774628, 5.2858247757, 31.6819705963], [-577.830566406, 550.185241699, 91.3233566284, 17.791595459, 435.797668457, 4.82509660721, 192.979415894, 11.2268390656, 33.8434829712, -65.9849853516, 40.2891731262, -28.090587616, 19.4922008514], [555.690246582, -234.124359131, 307.732299805, 53.0062332153, 4.82509660721, 247.044815063, -5.54042673111, 72.5538253784, 3.44818210602, 37.85364151, -15.1955060959, 16.0325622559, -25.6868000031], [-674.671020508, 401.958831787, -112.873764038, 51.2697601318, 192.979415894, -5.54042673111, 276.398010254, -14.4253320694, 42.8906097412, -56.4855880737, 24.0902919769, -43.047908783, 7.28070878983], [432.603668213, -146.59387207, 139.197814941, 4.67714452744, 11.2268390656, 72.5538253784, -14.4253320694, 133.565734863, 13.8541736603, 33.7948036194, -12.4937086105, 7.68405818939, -19.8395347595], [-89.6441574097, 137.63621521, 29.1181259155, 18.5058250427, 33.8434829712, 3.44818210602, 42.8906097412, 13.8541736603, 106.034469604, 9.78135108948, 14.4304847717, -13.9171171188, 5.02311134338], [352.808197021, -222.643966675, 115.263336182, -7.50484752655, -65.9849853516, 37.85364151, -56.4855880737, 33.7948036194, 9.78135108948, 123.142631531, 0.162165060639, 29.8549194336, -15.329791069], [-86.464225769, 158.240692139, -70.0292892456, 16.2319774628, 40.2891731262, -15.1955060959, 24.0902919769, -12.4937086105, 14.4304847717, 0.162165060639, 86.9578857422, 10.0851402283, 25.2705192566], [306.727722168, -175.200912476, 54.8810539246, 5.2858247757, -28.090587616, 16.0325622559, -43.047908783, 7.68405818939, -13.9171171188, 29.8549194336, 10.0851402283, 104.70476532, 12.2545909882], [-75.4293060303, 128.64402771, -77.4375915527, 31.6819705963, 19.4922008514, -25.6868000031, 7.28070878983, -19.8395347595, 5.02311134338, -15.329791069, 25.2705192566, 12.2545909882, 84.0049362183]],
        "icov": [[0.000133130539325, 1.94610238395e-05, 7.93700819486e-05, -0.000196720415261, -1.57755384862e-05, -0.000206572280149, 0.000298763508908, -0.00028602880775, 1.11073677544e-06, -0.000102929283457, 4.4775679271e-05, -0.000202219511266, 8.13249498606e-05], [1.94610238395e-05, 0.00198409869336, 0.00014115680824, 0.00065803702455, -0.00154962099623, 0.000661520520225, -0.000726850121282, 0.00093619216932, -0.00156242842786, 0.00122069206554, -0.00192197028082, 0.00210012239404, -0.00170506467111], [7.93700819486e-05, 0.00014115680824, 0.00157104909886, 0.00019087070541, -0.00106074835639, -0.00168736372143, 0.00110258406494, -0.000175122724613, -0.000758018519264, -0.000695064256433, 0.000943973427638, -0.000444273871835, 0.000523927097674], [-0.000196720415261, 0.00065803702455, 0.00019087070541, 0.00374946277589, -0.000361121521564, -0.000616689445451, -0.00124850857537, 0.000784269941505, -0.000943287683185, 0.000650485337246, -0.000796566775534, 0.000807279080618, -0.00193686410785], [-1.57755384862e-05, -0.00154962099623, -0.00106074835639, -0.000361121521564, 0.00543450005352, 0.000274164485745, -0.00232810340822, -0.00159311550669, 0.00152059458196, 0.000697519513778, -0.000267387717031, -0.00142517325003, 0.000490340869874], [-0.000206572280149, 0.000661520520225, -0.00168736372143, -0.000616689445451, 0.000274164485745, 0.00753451185301, -0.00187122938223, -0.00149715156294, 0.000430102838436, 0.00042411047616, -0.00129440193996, 0.000969168497249, -0.000172855099663], [0.000298763508908, -0.000726850121282, 0.00110258406494, -0.00124850857537, -0.00232810340822, -0.00187122938223, 0.00771660963073, -0.000299583276501, -0.00144572905265, 9.73802307271e-05, 0.00102272594813, -0.000294941128232, 0.00193666643463], [-0.00028602880775, 0.00093619216932, -0.000175122724613, 0.000784269941505, -0.00159311550669, -0.00149715156294, -0.000299583276501, 0.010902909562, -0.00203819619492, -0.000941657519434, 2.12143959288e-06, 0.00131823588163, 0.000122159137391], [1.11073677544e-06, -0.00156242842786, -0.000758018519264, -0.000943287683185, 0.00152059458196, 0.000430102838436, -0.00144572905265, -0.00203819619492, 0.0124576855451, -0.00257012550719, -0.000281775603071, 0.000101854398963, 0.000329276517732], [-0.000102929283457, 0.00122069206554, -0.000695064256433, 0.000650485337246, 0.000697519513778, 0.00042411047616, 9.73802307271e-05, -0.000941657519434, -0.00257012550719, 0.0122670195997, -0.00301786209457, -0.000675459916238, 0.000287801085506], [4.4775679271e-05, -0.00192197028082, 0.000943973427638, -0.000796566775534, -0.000267387717031, -0.00129440193996, 0.00102272594813, 2.12143959288e-06, -0.000281775603071, -0.00301786209457, 0.0164078623056, -0.00387511588633, -0.00117222825065], [-0.000202219511266, 0.00210012239404, -0.000444273871835, 0.000807279080618, -0.00142517325003, 0.000969168497249, -0.000294941128232, 0.00131823588163, 0.000101854398963, -0.000675459916238, -0.00387511588633, 0.0141689321026, -0.00417833263054], [8.13249498606e-05, -0.00170506467111, 0.000523927097674, -0.00193686410785, 0.000490340869874, -0.000172855099663, 0.00193666643463, 0.000122159137391, 0.000329276517732, 0.000287801085506, -0.00117222825065, -0.00417833263054, 0.0164910051972]]
    },
    "melbands": {
        "dmean": [0.000647059467155, 0.0015437384136, 0.000619461818133, 0.000366694584955, 0.000364348612493, 0.000252122961683, 0.000171969339135, 0.000128563289763, 0.000138454037369, 8.11229183455e-05, 3.42178500432e-05, 2.01531784114e-05, 1.69658324012e-05, 1.2467769011e-05, 1.21930861496e-05, 1.06476927613e-05, 1.00656552604e-05, 7.94528750703e-06, 7.15807163942e-06, 6.07771244177e-06, 4.67870995635e-06, 4.20186188421e-06, 3.52036909135e-06, 1.8519800733e-06, 1.96340761249e-06, 1.90795958588e-06, 1.79538642442e-06, 2.10076609619e-06, 1.93478899746e-06, 9.20854915876e-07, 7.82766960583e-07, 6.2490420305e-07, 5.18176307196e-07, 5.6374108226e-07, 4.79548134535e-07, 4.16259382519e-07, 3.68639121007e-07, 3.49237751607e-07, 3.67632964071e-07, 3.0191802125e-07],
        "dmean2": [0.00113693368621, 0.00273663294502, 0.00100287178066, 0.000586899346672, 0.000562600675039, 0.000383185542887, 0.000257432780927, 0.000194189808099, 0.000212371305679, 0.000124010330183, 4.93951847602e-05, 2.82529563265e-05, 2.35593015532e-05, 1.86258002941e-05, 1.83373613254e-05, 1.6664607756e-05, 1.54357458086e-05, 1.19810811157e-05, 1.12715697469e-05, 9.69186112343e-06, 7.28483200874e-06, 6.64999743094e-06, 5.47749232283e-06, 2.82180462818e-06, 2.90307229989e-06, 2.95200470646e-06, 2.74972808256e-06, 3.09709002977e-06, 2.90505522571e-06, 1.35971583859e-06, 1.15923648991e-06, 9.4385563898e-07, 7.76913338996e-07, 8.80867105479e-07, 7.46734258428e-07, 6.4073969952e-07, 5.83907478813e-07, 5.35757180842e-07, 5.42887903521e-07, 4.48851750434e-07],
        "dvar": [4.48996843261e-06, 2.73479581665e-05, 1.6774828282e-06, 6.29791827578e-07, 8.92367324923e-07, 4.81487234083e-07, 4.1222185132e-07, 2.36018166788e-07, 3.05394848965e-07, 2.24141913918e-07, 4.26009094667e-08, 1.27251942317e-08, 3.2990821186e-09, 1.75102932154e-09, 5.39507549746e-09, 2.61245669542e-09, 1.49462708876e-09, 6.88081147615e-10, 5.87227266813e-10, 2.60201082902e-10, 2.14929865572e-10, 1.18025533791e-10, 8.64912585996e-11, 2.35900673995e-11, 5.1920537314e-11, 4.98122793013e-11, 5.05639800863e-11, 5.68263769374e-11, 3.9008841296e-11, 5.80432056585e-12, 5.6740610474e-12, 3.32657317491e-12, 2.31469726199e-12, 3.343528579e-12, 2.39120377145e-12, 1.99638049148e-12, 1.3455053044e-12, 1.80734366275e-12, 4.46357664372e-12, 3.36521023721e-12],
        "dvar2": [1.27195853565e-05, 7.72285929997e-05, 4.44357419838e-06, 1.57433180448e-06, 2.03977765523e-06, 1.1053483604e-06, 8.62252250045e-07, 4.96404311434e-07, 7.14729196716e-07, 5.31614830379e-07, 1.0802209971e-07, 2.23426113166e-08, 6.41983710636e-09, 4.48827375266e-09, 1.43524632179e-08, 6.10957773262e-09, 3.25585203242e-09, 1.44954237502e-09, 1.4605556764e-09, 6.17531970004e-10, 5.18203868705e-10, 2.77438960694e-10, 2.06876599185e-10, 5.44176197159e-11, 1.21832530176e-10, 1.11673233161e-10, 1.04982210425e-10, 1.13319853501e-10, 9.28709886772e-11, 1.21539063536e-11, 1.19933741757e-11, 7.15705099352e-12, 4.70261329877e-12, 7.13136103989e-12, 5.06200420122e-12, 4.11428053085e-12, 2.93226424045e-12, 3.71158442522e-12, 8.35473270427e-12, 5.90355802438e-12],
        "max": [0.0290427133441, 0.0671379193664, 0.0345655418932, 0.0220324806869, 0.0218682065606, 0.0185598582029, 0.016102520749, 0.0157596953213, 0.014537198469, 0.0173429884017, 0.00844645500183, 0.00760433310643, 0.00494676828384, 0.00207424117252, 0.00439738854766, 0.00241263932548, 0.00144649797585, 0.00113913544919, 0.00142653996591, 0.00057936203666, 0.000901017920114, 0.000419502146542, 0.000268461939413, 0.000119771095342, 0.000372272857931, 0.00033385050483, 0.000446783611551, 0.00049335276708, 0.000267101015197, 7.24913261365e-05, 0.000132948538521, 8.80581501406e-05, 9.60212782957e-05, 9.18120713322e-05, 7.8419870988e-05, 5.5268410506e-05, 4.83303301735e-05, 7.770369848e-05, 0.00013035631855, 0.000110619257612],
        "mean": [0.000776016211603, 0.00178953120485, 0.00132714770734, 0.000750368635636, 0.000811108737253, 0.000501891423482, 0.000311945186695, 0.000255347724305, 0.000269344978733, 0.000150871026563, 9.17680154089e-05, 5.49985707039e-05, 3.82309262932e-05, 2.86434078589e-05, 2.73117966572e-05, 2.13719085878e-05, 1.9842889742e-05, 1.4451306015e-05, 1.37823699333e-05, 1.20407048598e-05, 8.82956101123e-06, 8.30584576761e-06, 7.34434206606e-06, 3.99735245082e-06, 4.23331721322e-06, 3.46667115991e-06, 3.54713802153e-06, 4.36373784396e-06, 3.79887342206e-06, 1.76570756594e-06, 1.49871300437e-06, 1.14169063181e-06, 8.90454145974e-07, 8.66820698775e-07, 7.50227457047e-07, 6.05153559263e-07, 5.02286923165e-07, 4.94375171911e-07, 5.31833848072e-07, 4.1593784772e-07],
        "median": [0.000303742766846, 0.000639836187474, 0.000731846725103, 0.000306636968162, 0.000259117310634, 0.000118398740597, 4.44877259724e-05, 4.89102967549e-05, 5.93063341512e-05, 1.61294337886e-05, 3.00038427667e-05, 2.03114432225e-05, 1.14682625281e-05, 1.18026755445e-05, 1.00131946965e-05, 7.19622585166e-06, 6.69960672894e-06, 4.50951574749e-06, 4.26875249104e-06, 3.66494214177e-06, 2.21456525651e-06, 2.5567414923e-06, 2.28222984333e-06, 1.28356430196e-06, 1.29686247874e-06, 7.47521085032e-07, 7.37201162337e-07, 9.79688820735e-07, 8.54398194861e-07, 4.42237990228e-07, 3.60881529105e-07, 2.59247741496e-07, 1.79880046858e-07, 1.33611834485e-07, 8.83187212253e-08, 5.94233995344e-08, 5.24174410543e-08, 4.49486918797e-08, 3.24634825688e-08, 2.30067573881e-08],
        "min": [2.66162083574e-24, 8.23794032687e-24, 1.18279066781e-23, 4.15408039017e-24, 4.91121054877e-24, 3.33532875639e-24, 6.15632414689e-24, 4.72132186813e-24, 5.74826296669e-24, 2.81452673107e-24, 5.24170264172e-24, 6.7644010096e-24, 3.23084334064e-24, 2.56418310331e-24, 1.28152836413e-23, 4.88240963155e-24, 3.99838054673e-24, 5.26321921734e-24, 1.34679461335e-23, 5.27556094621e-24, 4.43307682652e-24, 7.60938463506e-24, 1.08635202772e-23, 8.71555773966e-24, 1.18390098954e-23, 1.14381218274e-23, 1.14418089633e-23, 1.31247017096e-23, 1.06381797931e-23, 8.54044718478e-24, 1.0494637085e-23, 8.66570251931e-24, 9.80983403294e-24, 9.25514254313e-24, 1.0650680083e-23, 9.55527966288e-24, 9.81846180466e-24, 1.11402471607e-23, 8.89508907105e-24, 1.20443914098e-23],
        "var": [3.23174162986e-06, 1.86412216863e-05, 3.49038236891e-06, 1.54864130764e-06, 2.63558945335e-06, 1.36553001084e-06, 1.00409056358e-06, 6.73150395869e-07, 6.9142782877e-07, 5.16847990184e-07, 1.03889888692e-07, 4.94217005098e-08, 1.20097620737e-08, 3.15415316088e-09, 5.90747850637e-09, 3.73895847616e-09, 2.8866713464e-09, 1.34267086338e-09, 1.08477804517e-09, 6.12854489379e-10, 5.51880985356e-10, 2.89853779867e-10, 2.352618933e-10, 6.12104117392e-11, 9.76242767181e-11, 1.02060901397e-10, 1.25078433721e-10, 1.46037529292e-10, 9.27779172932e-11, 1.53163176586e-11, 1.5198320033e-11, 8.67371018759e-12, 5.82548636066e-12, 6.43728386568e-12, 6.63982497456e-12, 4.87545073757e-12, 2.54028525645e-12, 4.16905355724e-12, 1.13138344179e-11, 7.9215592419e-12]
    },
    "mfcc": {
        "mean": [-710.016845703, 150.973770142, 3.97655248642, 27.0291233063, 0.494646131992, 5.87980175018, -0.106386706233, -2.15217661858, -0.537706971169, -1.43524289131, -4.76341152191, -1.33325576782, -4.72778987885],
        "cov": [[10455.0498047, -1262.04589844, -54.0970039368, 255.400497437, -72.4119491577, 91.7117004395, -277.582763672, 0.409170091152, -20.1695671082, 36.9700202942, -100.859100342, 166.367019653, 112.481025696], [-1262.04589844, 1497.53222656, -339.402191162, 138.924713135, 163.405654907, 32.2746124268, 191.545761108, 103.380172729, 61.8223304749, 15.5129709244, 35.8712654114, -32.7195281982, 33.3438072205], [-54.0970039368, -339.402191162, 941.784667969, -148.822845459, 175.61378479, 93.0167694092, -33.3238639832, 6.45444011688, 62.7408332825, 27.5948162079, 44.1502685547, 66.4260787964, 20.2507476807], [255.400497437, 138.924713135, -148.822845459, 333.302398682, 24.5149803162, 75.4868011475, 61.705581665, 55.4003448486, 33.3259124756, 19.6641902924, -9.366938591, -11.3136138916, 31.8868694305], [-72.4119491577, 163.405654907, 175.61378479, 24.5149803162, 242.827041626, 36.8661766052, 59.9072151184, 47.3182373047, 40.2781219482, 18.2178707123, 11.5959873199, 6.63216686249, 26.2926082611], [91.7117004395, 32.2746124268, 93.0167694092, 75.4868011475, 36.8661766052, 186.928619385, 65.1067276001, 58.5821876526, 30.1919364929, 28.4796562195, 18.9539890289, 9.49098682404, 12.2815446854], [-277.582763672, 191.545761108, -33.3238639832, 61.705581665, 59.9072151184, 65.1067276001, 181.490737915, 70.3946533203, 25.1607608795, 33.5343170166, 20.0806999207, -18.0208644867, 10.6084251404], [0.409170091152, 103.380172729, 6.45444011688, 55.4003448486, 47.3182373047, 58.5821876526, 70.3946533203, 145.682250977, 35.4479866028, 29.1245555878, 19.1972808838, -7.01883935928, 6.12908267975], [-20.1695671082, 61.8223304749, 62.7408332825, 33.3259124756, 40.2781219482, 30.1919364929, 25.1607608795, 35.4479866028, 103.348670959, 35.1158447266, 15.6630439758, 8.802069664, -0.719224452972], [36.9700202942, 15.5129709244, 27.5948162079, 19.6641902924, 18.2178707123, 28.4796562195, 33.5343170166, 29.1245555878, 35.1158447266, 105.706359863, 31.3829288483, 4.57474946976, 3.60818147659], [-100.859100342, 35.8712654114, 44.1502685547, -9.366938591, 11.5959873199, 18.9539890289, 20.0806999207, 19.1972808838, 15.6630439758, 31.3829288483, 90.2549591064, 14.0232162476, -1.08482408524], [166.367019653, -32.7195281982, 66.4260787964, -11.3136138916, 6.63216686249, 9.49098682404, -18.0208644867, -7.01883935928, 8.802069664, 4.57474946976, 14.0232162476, 87.3368606567, 24.6915130615], [112.481025696, 33.3438072205, 20.2507476807, 31.8868694305, 26.2926082611, 12.2815446854, 10.6084251404, 6.12908267975, -0.719224452972, 3.60818147659, -1.08482408524, 24.6915130615, 91.0508422852]],
