{
"lowlevel": {
    "average_loudness": 0.0409635193646,
    "barkbands_crest": {
        "dmean": 2.56808900833,
        "dmean2": 4.18375730515,
        "dvar": 6.14263153076,
        "dvar2": 16.4428367615,
        "max": 25.9245147705,
        "mean": 10.6971063614,
        "median": 9.59760761261,
        "min": 1.81694853306,
        "var": 20.7812309265
    },
    "barkbands_flatness_db": {
        "dmean": 0.0223004743457,
        "dmean2": 0.0349042452872,
        "dvar": 0.000609509937931,
        "dvar2": 0.00157184805721,
        "max": 0.593523979187,
        "mean": 0.179786831141,
        "median": 0.168601691723,
        "min": 0.0120122749358,
        "var": 0.0081651462242
    },
    "barkbands_kurtosis": {
        "dmean": 4.34371376038,
        "dmean2": 7.23356294632,
        "dvar": 165.032150269,
        "dvar2": 461.215484619,
        "max": 434.545013428,
        "mean": 7.10094261169,
        "median": 2.46862268448,
        "min": -1.81118535995,
        "var": 340.315917969
    },
    "barkbands_skewness": {
        "dmean": 0.532323122025,
        "dmean2": 0.860084116459,
        "dvar": 0.491971641779,
        "dvar2": 1.36618995667,
        "max": 16.5127696991,
        "mean": 1.60970115662,
        "median": 1.36709570885,
        "min": -2.61465358734,
        "var": 2.38900399208
    },
    "barkbands_spread": {
        "dmean": 4.25239038467,
        "dmean2": 6.69008302689,
        "dvar": 42.0334777832,
        "dvar2": 104.139434814,
        "max": 98.1537704468,
        "mean": 16.1378421783,
        "median": 13.123998642,
        "min": 0.128982901573,
        "var": 136.986099243
    },
    "dissonance": {
        "dmean": 0.0210567247123,
        "dmean2": 0.0354081951082,
        "dvar": 0.000437836832134,
        "dvar2": 0.00122566870414,
        "max": 0.5,
        "mean": 0.455010384321,
        "median": 0.461035311222,
        "min": 0.227648958564,
        "var": 0.00093823869247
    },
    "dynamic_complexity": 5.17851305008,
    "erbbands_crest": {
        "dmean": 2.42068123817,
        "dmean2": 3.68391537666,
        "dvar": 5.5293469429,
        "dvar2": 12.0968933105,
        "max": 33.6763381958,
        "mean": 10.7914552689,
        "median": 9.23197555542,
        "min": 2.33160400391,
        "var": 33.1836585999
    },
    "erbbands_flatness_db": {
        "dmean": 0.0170286856592,
        "dmean2": 0.0252754762769,
        "dvar": 0.000311534589855,
        "dvar2": 0.000685348408297,
        "max": 0.446421325207,
        "mean": 0.19335269928,
        "median": 0.194883346558,
        "min": 0.0397540256381,
        "var": 0.00490359216928
    },
    "erbbands_kurtosis": {
        "dmean": 0.966478943825,
        "dmean2": 1.49768543243,
        "dvar": 2.42996621132,
        "dvar2": 5.78969144821,
        "max": 41.3829345703,
        "mean": 0.764112174511,
        "median": -0.000421285629272,
        "min": -1.65519070625,
        "var": 6.88436746597
    },
    "erbbands_skewness": {
        "dmean": 0.325681626797,
        "dmean2": 0.495671868324,
        "dvar": 0.0986358821392,
        "dvar2": 0.24206328392,
        "max": 4.9454202652,
        "mean": 0.496588677168,
        "median": 0.46051388979,
        "min": -4.88662624359,
        "var": 0.547420918941
    },
    "erbbands_spread": {
        "dmean": 5.93690919876,
        "dmean2": 9.06355190277,
        "dvar": 52.5869560242,
        "dvar2": 127.152153015,
        "max": 147.871383667,
        "mean": 30.9348869324,
        "median": 26.8702106476,
        "min": 1.90799093246,
        "var": 294.000671387
    },
    "hfc": {
        "dmean": 5.11431503296,
        "dmean2": 7.71650934219,
        "dvar": 134.34034729,
        "dvar2": 329.798248291,
        "max": 317.214202881,
        "mean": 16.7792930603,
        "median": 11.4927577972,
        "min": 1.09129336027e-16,
        "var": 383.659851074
    },
    "melbands_crest": {
        "dmean": 3.32072496414,
        "dmean2": 5.42444705963,
        "dvar": 10.0563211441,
        "dvar2": 27.6998977661,
        "max": 36.0574493408,
        "mean": 14.6705188751,
        "median": 13.4661312103,
        "min": 1.51788067818,
        "var": 33.1973686218
    },
    "melbands_flatness_db": {
        "dmean": 0.0262551996857,
        "dmean2": 0.0415721870959,
        "dvar": 0.000878849765286,
        "dvar2": 0.00227023335174,
        "max": 0.768655955791,
        "mean": 0.258179664612,
        "median": 0.242452561855,
        "min": 0.00356861948967,
        "var": 0.0126711660996
    },
    "melbands_kurtosis": {
        "dmean": 6.49397182465,
        "dmean2": 10.7422428131,
        "dvar": 282.068756104,
        "dvar2": 794.757080078,
        "max": 679.934570312,
        "mean": 13.8104534149,
        "median": 6.0168170929,
        "min": -1.78576385975,
        "var": 792.100036621
    },
    "melbands_skewness": {
        "dmean": 0.610552787781,
        "dmean2": 0.973861157894,
        "dvar": 0.542617857456,
        "dvar2": 1.4752856493,
        "max": 19.4117355347,
        "mean": 2.33234453201,
        "median": 2.01204013824,
        "min": -2.15867090225,
        "var": 3.18878316879
    },
    "melbands_spread": {
        "dmean": 4.81635379791,
        "dmean2": 7.66618156433,
        "dvar": 64.5612716675,
        "dvar2": 164.104156494,
        "max": 160.912475586,
        "mean": 18.634185791,
        "median": 14.0951442719,
        "min": 0.206062078476,
        "var": 268.147369385
    },
    "pitch_salience": {
        "dmean": 0.0682045891881,
        "dmean2": 0.111857824028,
        "dvar": 0.00443123048171,
        "dvar2": 0.0121312616393,
        "max": 0.870615303516,
        "mean": 0.524525940418,
        "median": 0.536741733551,
        "min": 0.0513949729502,
        "var": 0.0169458743185
    },
    "silence_rate_20dB": {
        "dmean": 0,
        "dmean2": 0,
        "dvar": 0,
        "dvar2": 0,
        "max": 1,
        "mean": 1,
        "median": 1,
        "min": 1,
        "var": 0
    },
    "silence_rate_30dB": {
        "dmean": 0.00795148219913,
        "dmean2": 0.0159040372819,
        "dvar": 0.00788667332381,
        "dvar2": 0.0179399456829,
        "max": 1,
        "mean": 0.981807172298,
        "median": 1,
        "min": 0,
        "var": 0.0178653094918
    },
    "silence_rate_60dB": {
        "dmean": 0.00889487843961,
        "dmean2": 0.0177909564227,
        "dvar": 0.00881427433342,
        "dvar2": 0.0201698560268,
        "max": 1,
        "mean": 0.149922505021,
        "median": 0,
        "min": 0,
        "var": 0.127446949482
    },
    "spectral_centroid": {
        "dmean": 174.549179077,
        "dmean2": 273.537750244,
        "dvar": 71757.1875,
        "dvar2": 171459.796875,
        "max": 10876.8427734,
        "mean": 1017.97991943,
        "median": 807.444213867,
        "min": 94.331489563,
        "var": 429525.5
    },
    "spectral_complexity": {
        "dmean": 2.67911052704,
        "dmean2": 4.26915550232,
        "dvar": 16.8271751404,
        "dvar2": 36.9632835388,
        "max": 56,
        "mean": 14.8554010391,
        "median": 16,
        "min": 0,
        "var": 67.8536987305
    },
    "spectral_decrease": {
        "dmean": 2.20966756004e-09,
        "dmean2": 3.55328144686e-09,
        "dvar": 1.49526329132e-17,
        "dvar2": 4.1441401273e-17,
        "max": 2.68029183216e-18,
        "mean": -7.29600113658e-09,
        "median": -5.79785730537e-09,
        "min": -9.57898933507e-08,
        "var": 5.66438526574e-17
    },
    "spectral_energy": {
        "dmean": 0.00860463175923,
        "dmean2": 0.0137688769028,
        "dvar": 0.000218572080485,
        "dvar2": 0.0006024352042,
        "max": 0.365264952183,
        "mean": 0.0290587823838,
        "median": 0.0231828670949,
        "min": 1.05213068377e-20,
        "var": 0.000865299254656
    },
    "spectral_energyband_high": {
        "dmean": 0.000323609623592,
        "dmean2": 0.000529621262103,
        "dvar": 1.29954241856e-06,
        "dvar2": 3.44296427102e-06,
        "max": 0.0444508045912,
        "mean": 0.000459781411337,
        "median": 0.000119327138236,
        "min": 7.41873734474e-21,
        "var": 1.54740166636e-06
    },
    "spectral_energyband_low": {
        "dmean": 0.0059104822576,
        "dmean2": 0.0101162707433,
        "dvar": 0.000189942220459,
        "dvar2": 0.000538929773029,
        "max": 0.356793552637,
        "mean": 0.0103432033211,
        "median": 0.0045295865275,
        "min": 4.72943317261e-23,
        "var": 0.0004561910755
    },
    "spectral_energyband_middle_high": {
        "dmean": 0.00158784457017,
        "dmean2": 0.00221730978228,
        "dvar": 1.32689265229e-05,
        "dvar2": 2.52318586718e-05,
        "max": 0.118169158697,
        "mean": 0.00507312919945,
        "median": 0.00271898321807,
        "min": 1.93686642641e-21,
        "var": 7.19505478628e-05
    },
    "spectral_energyband_middle_low": {
        "dmean": 0.00357066490687,
        "dmean2": 0.00540933012962,
        "dvar": 3.17297744914e-05,
        "dvar2": 7.52261839807e-05,
        "max": 0.231602922082,
        "mean": 0.0140555296093,
        "median": 0.0113929836079,
        "min": 2.83278840349e-22,
        "var": 0.00022334739333
    },
    "spectral_entropy": {
        "dmean": 0.17864343524,
        "dmean2": 0.272807478905,
        "dvar": 0.039085060358,
        "dvar2": 0.0886492580175,
        "max": 9.80193328857,
        "mean": 7.05681467056,
        "median": 7.01991319656,
        "min": 4.54918956757,
        "var": 0.410306960344
    },
    "spectral_flux": {
        "dmean": 0.0206648726016,
        "dmean2": 0.0336708202958,
        "dvar": 0.00079010479385,
        "dvar2": 0.0016390212113,
        "max": 0.424765378237,
        "mean": 0.0678407624364,
        "median": 0.0564191974699,
        "min": 1.02573421978e-10,
        "var": 0.00240635639057
    },
    "spectral_kurtosis": {
        "dmean": 4.53898191452,
        "dmean2": 7.82261514664,
        "dvar": 56.8526916504,
        "dvar2": 167.555984497,
        "max": 214.822784424,
        "mean": 12.2467832565,
        "median": 6.43373584747,
        "min": -1.2099391222,
        "var": 318.532348633
    },
    "spectral_rms": {
        "dmean": 0.000688039697707,
        "dmean2": 0.00108265224844,
        "dvar": 7.58244539156e-07,
        "dvar2": 2.0133502403e-06,
        "max": 0.01887739636,
        "mean": 0.00468580238521,
        "median": 0.00475577870384,
        "min": 3.20385536677e-12,
        "var": 6.39317977402e-06
    },
    "spectral_rolloff": {
        "dmean": 352.608734131,
        "dmean2": 610.419189453,
        "dvar": 741049.875,
        "dvar2": 1828072.25,
        "max": 19143.0175781,
        "mean": 1197.16906738,
        "median": 710.595703125,
        "min": 43.06640625,
        "var": 3059002.75
    },
    "spectral_skewness": {
        "dmean": 0.381279796362,
        "dmean2": 0.641506314278,
        "dvar": 0.207634493709,
        "dvar2": 0.605397701263,
        "max": 11.8084535599,
        "mean": 2.28227949142,
        "median": 1.9700602293,
        "min": 0.00304713961668,
        "var": 1.55960738659
    },
    "spectral_spread": {
        "dmean": 444200.65625,
        "dmean2": 694590.3125,
        "dvar": 443774795776,
        "dvar2": 933228838912,
        "max": 41644196,
        "mean": 3722371.5,
        "median": 3615670.5,
        "min": 561221.375,
        "var": 3.59430383206e+12
    },
    "spectral_strongpeak": {
        "dmean": 0.526360154152,
        "dmean2": 0.850687742233,
        "dvar": 0.954539954662,
        "dvar2": 2.1943025589,
        "max": 19.9559726715,
        "mean": 1.26808619499,
        "median": 0.606110095978,
        "min": 0,
        "var": 3.66100478172
    },
    "zerocrossingrate": {
        "dmean": 0.00770309753716,
        "dmean2": 0.00968648772687,
        "dvar": 0.000116603936476,
        "dvar2": 0.000163484946825,
        "max": 0.521484375,
        "mean": 0.0497094392776,
        "median": 0.037109375,
        "min": 0.001953125,
        "var": 0.00223604287021
    },
    "barkbands": {
        "dmean": [0.00114569743164, 0.00448863906786, 0.00158705317881, 0.00115549669135, 0.00153279397637, 0.00125684996601, 0.000545485527255, 0.000615358469076, 0.000485765078338, 0.000649752619211, 0.000309559138259, 0.000366775842849, 0.000250829325523, 0.000100037541415, 0.000205304153496, 0.000168182479683, 0.000251498830039, 8.37261832203e-05, 0.000102948179119, 8.32116929814e-05, 7.76058877818e-05, 6.68926149956e-05, 6.05524910497e-05, 3.99060591008e-05, 3.20254002872e-05, 2.09796453419e-05, 1.80216156878e-05],
        "dmean2": [0.00196237699129, 0.00775546906516, 0.00265939114615, 0.00197616103105, 0.002476724796, 0.00196685828269, 0.000791860977188, 0.000871921365615, 0.000574009376578, 0.000816934101749, 0.00041817483725, 0.000514572719112, 0.000390480214264, 0.000159133705893, 0.000317608937621, 0.000252160534728, 0.000397623924073, 0.000135848109494, 0.000167029560544, 0.000138232135214, 0.00013089607819, 0.000111468572868, 0.000101532910776, 6.65134721203e-05, 5.42831403436e-05, 3.39911712217e-05, 2.71878052445e-05],
        "dvar": [7.92056289356e-06, 0.00011697300215, 2.89479030471e-05, 6.55402482153e-06, 1.05528652057e-05, 3.94504058931e-06, 1.21097252759e-06, 1.54602685143e-06, 4.06234448747e-06, 3.59951900464e-06, 1.84309840279e-06, 3.42324597113e-06, 2.21936443268e-06, 8.87798847771e-08, 2.00249530735e-07, 1.56123931561e-07, 1.14327167466e-06, 1.14750520197e-07, 6.62725696543e-08, 6.78983198554e-08, 8.51268211477e-08, 5.47716112465e-08, 8.18243393041e-08, 3.53775995166e-08, 1.63831934685e-08, 6.59232801681e-09, 1.46523273514e-08],
        "dvar2": [2.07167558983e-05, 0.000329071073793, 7.51935585868e-05, 1.98580473807e-05, 2.82664132101e-05, 1.03748088804e-05, 2.49479444392e-06, 2.89023660116e-06, 3.78244862986e-06, 4.65509947389e-06, 2.69465590463e-06, 5.37055711902e-06, 5.85208908888e-06, 1.8153507142e-07, 4.19145663955e-07, 3.51843056023e-07, 2.31698641073e-06, 2.54986730397e-07, 1.75202060859e-07, 1.88947240076e-07, 2.2807792277e-07, 1.46105094245e-07, 2.17309704453e-07, 9.5684420387e-08, 4.45716175079e-08, 1.51781556212e-08, 2.75000129335e-08],
        "max": [0.0556966736913, 0.282260656357, 0.203134283423, 0.0592623315752, 0.0889804959297, 0.0383778586984, 0.0569196417928, 0.0682846531272, 0.21820756793, 0.0873058140278, 0.0704848617315, 0.11489456892, 0.0804287344217, 0.0198925044388, 0.0171081293374, 0.0109814479947, 0.055806517601, 0.033533744514, 0.00713030761108, 0.0105700809509, 0.0153140844777, 0.0114777060226, 0.013984138146, 0.00770940585062, 0.00484344502911, 0.00245253019966, 0.00398861849681],
        "mean": [0.00131495459937, 0.00607945444062, 0.00230395700783, 0.00213841651566, 0.00379880541004, 0.0030986443162, 0.00149364455137, 0.00143640860915, 0.00162683136296, 0.00157492526341, 0.000690070854034, 0.000726163503714, 0.000498253561091, 0.000195456595975, 0.000416261900682, 0.000360232399544, 0.000470428698463, 0.000145292258821, 0.000161980788107, 0.000116604700452, 9.71405170276e-05, 8.34690727061e-05, 7.39236566005e-05, 5.72710778215e-05, 5.16778127349e-05, 2.97682126984e-05, 1.86552151717e-05],
        "median": [0.00021209262195, 0.00159780844115, 0.000748120015487, 0.00073530129157, 0.00208772323094, 0.00198983307928, 0.000502948532812, 0.000547688920051, 0.00033802218968, 0.000349114503479, 0.000159518793225, 0.000172027896042, 0.000171514606336, 0.000103402970126, 0.000180169721716, 0.000113290348963, 0.000103970000055, 4.38162132923e-05, 5.6933000451e-05, 2.97958376905e-05, 2.15914024011e-05, 1.82830335689e-05, 1.34116125992e-05, 8.7444395831e-06, 5.6036233218e-06, 1.66182735484e-06, 1.29680586269e-07],
        "min": [2.62635729388e-23, 3.1879547876e-23, 4.00144014375e-24, 1.59500070417e-23, 2.3634479402e-23, 5.38917332487e-23, 3.61524918552e-23, 5.2378104809e-23, 5.24184219122e-23, 9.63465674043e-23, 5.78360882619e-23, 5.74638531997e-23, 9.86403035485e-23, 1.66570428762e-22, 2.2711658871e-22, 2.38387505158e-22, 1.80946263867e-22, 3.02661392604e-22, 3.32856589918e-22, 4.67203413853e-22, 4.45929665397e-22, 4.78715936308e-22, 9.2802313807e-22, 8.67002916894e-22, 8.86341797809e-22, 1.50158464143e-21, 2.17710342543e-21],
        "var": [1.09272623376e-05, 0.000224620496738, 5.3609310271e-05, 1.31964870889e-05, 2.69228039542e-05, 1.32741160996e-05, 9.50285630097e-06, 1.26102640934e-05, 7.50350009184e-05, 2.31582544075e-05, 9.53518429014e-06, 1.22357778309e-05, 6.74044895277e-06, 2.68835236739e-07, 8.43003590489e-07, 6.98361986906e-07, 3.74217461285e-06, 5.93602351273e-07, 8.47454018071e-08, 7.74711210738e-08, 8.83286119802e-08, 6.55650396197e-08, 8.99196948012e-08, 3.37866303823e-08, 2.60303671951e-08, 1.24033068261e-08, 1.96332976543e-08]
    },
    "erbbands": {
        "dmean": [0.148241251707, 1.00042712688, 1.94566297531, 2.7347548008, 4.68740224838, 4.59771680832, 10.0602893829, 9.81872272491, 8.50220394135, 7.02936601639, 14.9829063416, 13.641828537, 12.055480957, 19.9793720245, 12.5188407898, 18.7206287384, 12.2149763107, 6.46336507797, 8.87278938293, 10.3259553909, 10.0672721863, 9.20194721222, 5.61515665054, 4.9452047348, 5.13668632507, 4.08290672302, 3.14699530602, 2.8967730999, 2.41705203056, 2.16643047333, 1.67520773411, 0.982579827309, 0.6205316782, 0.386024951935, 0.222079411149, 0.095040820539, 0.037578754127, 0.013379547745, 0.00365332770161, 0.000177277819603],
        "dmean2": [0.255840152502, 1.73116374016, 3.29940652847, 4.60936403275, 7.69114971161, 7.42162561417, 15.2201061249, 15.9849710464, 12.3634843826, 10.2943286896, 21.1916713715, 15.6814994812, 14.8241701126, 25.9281997681, 16.745929718, 26.0059280396, 18.9357147217, 10.1259632111, 13.7573423386, 15.5643291473, 15.2765769958, 14.5822477341, 9.07112884521, 8.01474761963, 8.39042186737, 6.80103874207, 5.27593421936, 4.86431074142, 4.04263734818, 3.62212514877, 2.80220293999, 1.63538336754, 1.03865265846, 0.65980297327, 0.374377012253, 0.15804117918, 0.0592911839485, 0.0213150251657, 0.00550047587603, 0.000256096565863],
        "dvar": [0.113891147077, 7.15975618362, 48.7119064331, 35.9047279358, 156.344345093, 81.6366729736, 243.247589111, 357.679290771, 302.895385742, 290.536773682, 878.792175293, 3368.22094727, 1539.61340332, 4079.79711914, 2744.06030273, 8974.11621094, 4538.9375, 474.774993896, 446.688262939, 681.53729248, 963.855651855, 1233.23461914, 544.032287598, 204.108795166, 164.148452759, 175.268722534, 122.953231812, 124.377731323, 72.6315841675, 82.9524536133, 67.61769104, 27.4861507416, 7.55003023148, 2.75125837326, 0.731950879097, 0.124017082155, 0.0247742645442, 0.00472800107673, 0.000696844421327, 1.55957411607e-06],
        "dvar2": [0.307275950909, 20.5893478394, 134.703216553, 104.358100891, 425.206390381, 222.078063965, 584.039489746, 986.31237793, 612.959899902, 569.132019043, 1628.27050781, 3135.13378906, 1702.52600098, 5649.19824219, 4094.68286133, 14096.7529297, 11917.5205078, 1100.84680176, 949.50213623, 1452.35290527, 2018.46362305, 2548.13793945, 1138.22900391, 541.821044922, 434.420654297, 498.039794922, 334.228271484, 331.816619873, 195.566955566, 209.576766968, 183.400054932, 75.3363723755, 20.4274806976, 7.67299175262, 1.94935393333, 0.318495154381, 0.054300121963, 0.0106516284868, 0.00132311100606, 2.78270658782e-06],
        "max": [6.66869115829, 79.1927185059, 235.51322937, 147.873519897, 380.403961182, 184.389785767, 353.235595703, 473.512359619, 853.15222168, 1237.85351562, 1415.07019043, 6406.73730469, 2193.05102539, 3159.34692383, 2933.06030273, 5922.20605469, 3116.1184082, 1172.93054199, 876.886901855, 1075.19885254, 1601.61938477, 1753.59387207, 2305.32080078, 401.111083984, 260.858856201, 665.135314941, 343.104522705, 697.776306152, 326.927764893, 547.851318359, 360.433929443, 236.109527588, 130.442596436, 74.412902832, 25.5388774872, 9.63962364197, 5.95015478134, 1.95378708839, 0.915134370327, 0.0442414842546],
        "mean": [0.186502739787, 1.30383396149, 2.86267781258, 5.22321224213, 10.0921726227, 11.7122306824, 22.9578552246, 23.0106315613, 24.0869045258, 20.402923584, 34.4789733887, 47.8101119995, 32.8597679138, 47.663772583, 30.192527771, 38.3522186279, 24.9580936432, 13.8338727951, 17.5131282806, 23.0378475189, 21.9857387543, 17.7428646088, 10.9742870331, 8.21229839325, 8.00282096863, 5.98600816727, 4.00119447708, 3.60538864136, 2.98180127144, 2.65495467186, 2.0915927887, 1.28323316574, 0.88917273283, 0.595476984978, 0.366252571344, 0.151886895299, 0.0477972514927, 0.0144881345332, 0.00373296951875, 0.000218681205297],
        "median": [0.0449757166207, 0.327730387449, 1.00408267975, 2.41033053398, 3.92821359634, 5.62373924255, 15.5677175522, 10.9218101501, 9.17526435852, 6.63581132889, 15.18745327, 10.9722728729, 7.70510625839, 13.7680606842, 9.34443378448, 9.53480529785, 9.27893257141, 7.47483301163, 8.85714912415, 7.26156806946, 7.97877502441, 5.1733622551, 3.2386443615, 3.02529263496, 2.94111227989, 1.72706758976, 0.834213078022, 0.874054312706, 0.662208914757, 0.499918341637, 0.379920214415, 0.202443733811, 0.136349692941, 0.0742388293147, 0.0328067578375, 0.0106994239613, 0.00262876879424, 0.000388048298191, 4.38977804151e-05, 3.41937411577e-05],
        "min": [1.29929455301e-21, 5.67325942867e-21, 6.89330398016e-21, 2.95445488791e-20, 4.41540771486e-20, 1.24037038247e-19, 1.16249468822e-19, 6.38585345746e-19, 4.24062412831e-19, 7.26280242554e-19, 1.19432751917e-18, 1.112339755e-18, 3.20436513734e-18, 2.26128328608e-18, 2.9258914754e-18, 2.33079396129e-18, 4.92673611843e-18, 9.06638258706e-18, 1.04065136139e-17, 1.07488282483e-17, 1.27357433766e-17, 1.24689842465e-17, 1.4140278686e-17, 1.7790515887e-17, 1.92374681909e-17, 2.12210324106e-17, 1.66356476747e-17, 1.93746924914e-17, 2.05834051985e-17, 2.47996754752e-17, 2.39388567358e-17, 1.50874004873e-17, 1.66808332429e-17, 1.08244772241e-17, 6.27461162375e-18, 5.18129805681e-18, 2.56368790352e-18, 1.32593536675e-18, 2.93761510622e-19, 3.21665272439e-20],
        "var": [0.183259993792, 12.7799072266, 89.4384460449, 64.6205978394, 360.860900879, 254.495910645, 692.724304199, 1212.60388184, 2093.87768555, 3744.06811523, 4193.73730469, 62872.890625, 12752.9638672, 23522.0195312, 15096.6650391, 31967.1757812, 14073.7558594, 1413.70922852, 1587.51782227, 2735.62255859, 3436.49511719, 3948.70849609, 3570.22680664, 269.087768555, 209.976470947, 202.702545166, 127.101379395, 132.457382202, 83.5779800415, 102.623939514, 68.8974761963, 24.9460811615, 7.44912099838, 3.38031673431, 1.42855322361, 0.275601148605, 0.0391113124788, 0.00565315084532, 0.000904647691641, 2.23855022341e-06]
    },
    "gfcc": {
        "mean": [-65.2400436401, 120.853790283, -117.3409729, 16.6720714569, -48.3998756409, 5.59876537323, -31.6947822571, 3.92481923103, -15.1679983139, -0.784053623676, -10.25623703, 0.210571855307, -3.06119275093],
        "cov": [[29790.6601562, -3177.54296875, -1865.34069824, 1295.46240234, -2054.24804688, 283.081176758, -1148.78076172, -101.180809021, -1083.83325195, 96.649269104, -268.289306641, 245.040496826, -353.580596924], [-3177.54296875, 4955.31933594, 449.186950684, -163.271865845, 1083.56115723, -391.247650146, 436.990081787, -505.248626709, 194.859161377, -418.570068359, 127.471191406, -363.603485107, 194.617584229], [-1865.34069824, 449.186950684, 1739.08935547, 217.471466064, 437.074798584, 191.706329346, 158.109436035, 26.9178276062, -100.543106079, 17.75, -122.237365723, -26.8231945038, -63.7656135559], [1295.46240234, -163.271865845, 217.471466064, 444.990692139, -17.195306778, 118.105201721, 7.73693466187, 9.40029525757, -65.2042770386, -11.439868927, -31.0542488098, 0.0409558787942, -24.1023159027], [-2054.24804688, 1083.56115723, 437.074798584, -17.195306778, 553.256408691, -36.4866333008, 218.855621338, -63.5506973267, 56.1445999146, -93.8768920898, -0.00168787420262, -90.1454696655, 31.9716472626], [283.081176758, -391.247650146, 191.706329346, 118.105201721, -36.4866333008, 214.310592651, -3.27423286438, 72.1939620972, -35.8429450989, 38.4067115784, -24.6348686218, 43.8559303284, -8.85907936096], [-1148.78076172, 436.990081787, 158.109436035, 7.73693466187, 218.855621338, -3.27423286438, 254.06652832, 6.76192522049, 64.7015533447, -46.8804664612, -23.4210681915, -53.5380630493, 24.3285923004], [-101.180809021, -505.248626709, 26.9178276062, 9.40029525757, -63.5506973267, 72.1939620972, 6.76192522049, 205.711517334, 44.5759429932, 54.3026809692, -27.8037338257, 20.8544445038, -21.777179718], [-1083.83325195, 194.859161377, -100.543106079, -65.2042770386, 56.1445999146, -35.8429450989, 64.7015533447, 44.5759429932, 189.261795044, 11.6429538727, 26.7586021423, -21.2800140381, 30.8921432495], [96.649269104, -418.570068359, 17.75, -11.439868927, -93.8768920898, 38.4067115784, -46.8804664612, 54.3026809692, 11.6429538727, 159.520172119, 34.9263801575, 55.7912368774, -32.0613746643], [-268.289306641, 127.471191406, -122.237365723, -31.0542488098, -0.00168787420262, -24.6348686218, -23.4210681915, -27.8037338257, 26.7586021423, 34.9263801575, 143.997314453, 51.1586952209, 21.3491268158], [245.040496826, -363.603485107, -26.8231945038, 0.0409558787942, -90.1454696655, 43.8559303284, -53.5380630493, 20.8544445038, -21.2800140381, 55.7912368774, 51.1586952209, 123.929298401, 21.610452652], [-353.580596924, 194.617584229, -63.7656135559, -24.1023159027, 31.9716472626, -8.85907936096, 24.3285923004, -21.777179718, 30.8921432495, -32.0613746643, 21.3491268158, 21.610452652, 97.7028045654]],
        "icov": [[8.1674887042e-05, -8.55013495311e-05, 0.00012581453484, -0.000235274768784, 0.0002067626192, -2.20740676014e-05, 0.000121986318845, -8.06115567684e-05, 0.00035873556044, -8.32458172226e-05, 0.000282478838926, -0.000215987311094, 0.000217262670049], [-8.55013495311e-05, 0.000878313207068, -0.000332381081535, 0.000310261646518, -0.000942964572459, 0.000427552498877, -0.000205583623028, 0.00116373051424, -0.000759154267143, 0.00079216202721, -0.00142828014214, 0.00185339548625, -0.00113930774387], [0.00012581453484, -0.000332381081535, 0.00132310460322, -0.00064954906702, -0.000679702789057, -0.000731260573957, 0.000248756114161, -0.000384165236028, 0.00111699127592, -0.000952325761318, 0.00166221568361, -0.00125449185725, 0.00107780809049], [-0.000235274768784, 0.000310261646518, -0.00064954906702, 0.00356956780888, -0.000167781676282, -0.00143332337029, -0.000686458486598, 0.00059230189072, -0.000599197344854, 0.00094781210646, -0.00126209168229, 0.00126437656581, -0.000288323266432], [0.0002067626192, -0.000942964572459, -0.000679702789057, -0.000167781676282, 0.00567014841363, -0.000139648938784, -0.00208038277924, -0.00048349253484, 0.000705686106812, 0.000573865603656, -0.000169514416484, -0.000158965704031, 0.000721112824976], [-2.20740676014e-05, 0.000427552498877, -0.000731260573957, -0.00143332337029, -0.000139648938784, 0.00782956182957, -0.000416740542278, -0.00162453658413, 0.00068788806675, -0.00037968941615, 0.000201650997042, -0.00119087658823, -0.00138782989234], [0.000121986318845, -0.000205583623028, 0.000248756114161, -0.000686458486598, -0.00208038277924, -0.000416740542278, 0.00702523672953, -0.000869706855156, -0.000951268419158, 7.66145458329e-05, 0.00150627875701, 0.000297141697956, -0.000525159295648], [-8.06115567684e-05, 0.00116373051424, -0.000384165236028, 0.00059230189072, -0.00048349253484, -0.00162453658413, -0.000869706855156, 0.00888013467193, -0.00354605470784, -0.000110221670184, 0.000142028933624, 0.00117570767179, 0.000286327442154], [0.00035873556044, -0.000759154267143, 0.00111699127592, -0.000599197344854, 0.000705686106812, 0.00068788806675, -0.000951268419158, -0.00354605470784, 0.0100926570594, -0.00259315920994, 0.000109883498226, 0.000894041615538, -0.00159430701751], [-8.32458172226e-05, 0.00079216202721, -0.000952325761318, 0.00094781210646, 0.000573865603656, -0.00037968941615, 7.66145458329e-05, -0.000110221670184, -0.00259315920994, 0.0112706981599, -0.00365937245078, -0.00167301727924, 0.00315530435182], [0.000282478838926, -0.00142828014214, 0.00166221568361, -0.00126209168229, -0.000169514416484, 0.000201650997042, 0.00150627875701, 0.000142028933624, 0.000109883498226, -0.00365937245078, 0.0137007301673, -0.00829067733139, 0.00197559734806], [-0.000215987311094, 0.00185339548625, -0.00125449185725, 0.00126437656581, -0.000158965704031, -0.00119087658823, 0.000297141697956, 0.00117570767179, 0.000894041615538, -0.00167301727924, -0.00829067733139, 0.0196603033692, -0.00821687653661], [0.000217262670049, -0.00113930774387, 0.00107780809049, -0.000288323266432, 0.000721112824976, -0.00138782989234, -0.000525159295648, 0.000286327442154, -0.00159430701751, 0.00315530435182, 0.00197559734806, -0.00821687653661, 0.0166811682284]]
    },
    "melbands": {
        "dmean": [0.00127610052004, 0.00108413456473, 0.000500649097376, 0.000346196204191, 0.00029917084612, 0.000218682893319, 0.000127155406517, 7.94514562585e-05, 0.000120646764117, 8.19216220407e-05, 6.05773202551e-05, 8.60067957547e-05, 4.32290580648e-05, 4.35150832345e-05, 3.37469464284e-05, 2.39862820308e-05, 1.13445066745e-05, 1.34346109917e-05, 1.16774672279e-05, 1.66071422427e-05, 1.27360272018e-05, 1.06379156932e-05, 9.12437371881e-06, 4.17476530856e-06, 4.12192139265e-06, 4.26742690252e-06, 3.16196042149e-06, 2.68652206614e-06, 2.01095804186e-06, 1.97999020202e-06, 1.64025618687e-06, 1.40413726513e-06, 1.3080843928e-06, 1.19254355013e-06, 1.0601457916e-06, 7.65500828948e-07, 5.4586718079e-07, 4.68813340149e-07, 3.6547351101e-07, 3.32715927698e-07],
        "dmean2": [0.0022043294739, 0.0018516468117, 0.000837186002173, 0.000565000402275, 0.000457984395325, 0.000351392664015, 0.0001841577905, 0.000116045514005, 0.000169067920069, 9.33264454943e-05, 7.5111289334e-05, 0.000111518216727, 5.8470730437e-05, 5.99205195613e-05, 4.91614846396e-05, 3.7577276089e-05, 1.78226073331e-05, 2.08494238905e-05, 1.81972081919e-05, 2.45129376708e-05, 1.96698783839e-05, 1.67302641785e-05, 1.47483096953e-05, 6.84034694132e-06, 6.72081978337e-06, 6.97715222486e-06, 5.26655958311e-06, 4.5073079491e-06, 3.3531553072e-06, 3.37741789735e-06, 2.76350442618e-06, 2.36324717662e-06, 2.19197045226e-06, 1.99947908186e-06, 1.76788080353e-06, 1.29139675664e-06, 9.07785988602e-07, 7.86725593116e-07, 6.16927366082e-07, 5.73661168346e-07],
        "dvar": [8.15632120066e-06, 1.20709410112e-05, 1.20834602058e-06, 7.01835745076e-07, 2.1030177777e-07, 1.58675206308e-07, 6.56042260516e-08, 3.73185642388e-08, 5.64742954623e-08, 1.39516416198e-07, 3.78163100834e-08, 7.95439873968e-08, 3.64018823973e-08, 4.38822027604e-08, 1.9700584275e-08, 2.6991843427e-08, 1.32229094341e-09, 1.00794939062e-09, 6.88777257452e-10, 1.59685475953e-09, 2.75813372141e-09, 1.87046489408e-09, 2.03352734651e-09, 2.79567091699e-10, 1.50021259304e-10, 1.04476136076e-10, 8.63548538232e-11, 8.89257834036e-11, 4.93875808305e-11, 6.6368091578e-11, 4.03150325623e-11, 2.41135254125e-11, 2.45983598074e-11, 2.62684405478e-11, 2.33050818227e-11, 2.48784517293e-11, 7.02371407563e-12, 4.6955603468e-12, 2.03022559701e-12, 2.33101797413e-12],
        "dvar2": [2.22906128329e-05, 3.47907516698e-05, 3.46892738889e-06, 1.91202570932e-06, 5.19959428402e-07, 4.30149299291e-07, 1.32270130848e-07, 7.26058928535e-08, 1.02735882024e-07, 1.27399545136e-07, 4.24109565245e-08, 1.0913490911e-07, 5.32379544893e-08, 6.79891130062e-08, 3.90546155415e-08, 7.36064151852e-08, 2.6360116312e-09, 2.13089879075e-09, 1.5432173317e-09, 3.48567841257e-09, 5.60312107822e-09, 3.63927110669e-09, 4.3954591078e-09, 6.67935651233e-10, 3.9803602081e-10, 2.74483019647e-10, 2.31645758131e-10, 2.5504273693e-10, 1.32936883723e-10, 1.79538231504e-10, 1.07871822586e-10, 6.36318914227e-11, 6.64355653823e-11, 6.52638776355e-11, 6.28251201062e-11, 6.91199944503e-11, 1.89402434708e-11, 1.26486971938e-11, 5.58306786219e-12, 6.55232899188e-12],
        "max": [0.0589856877923, 0.101867213845, 0.0219737496227, 0.0228623226285, 0.0101448623464, 0.00916822906584, 0.0131524233148, 0.0155918737873, 0.0110028330237, 0.0432169288397, 0.0108717335388, 0.0141069339588, 0.0104577736929, 0.0123323174194, 0.0069036539644, 0.0109960939735, 0.0025013142731, 0.00132581603248, 0.0008323705988, 0.00130016217008, 0.00288614421152, 0.00287295971066, 0.00255079939961, 0.00113955081906, 0.000336024881108, 0.000227454656851, 0.000276330625638, 0.000573937490117, 0.000185776152648, 0.00038043409586, 0.000414445297793, 0.000194087158889, 0.000263871770585, 0.000293466961011, 0.000221191192395, 0.000280877196928, 8.40322172735e-05, 0.000105577782961, 5.02786569996e-05, 7.19133968232e-05],
        "mean": [0.00174895359669, 0.0016216855729, 0.00103923317511, 0.00081670662621, 0.000715722097084, 0.000524239963852, 0.000360479112715, 0.000224821778829, 0.000283186993329, 0.000283831410343, 0.000157145725098, 0.000199303569389, 9.79231408564e-05, 9.23314073589e-05, 6.84177866788e-05, 4.67244644824e-05, 2.26134616241e-05, 2.54818423855e-05, 2.35384268308e-05, 3.67571738025e-05, 2.52339013969e-05, 1.96401233552e-05, 1.63899603649e-05, 6.97163750374e-06, 6.30574231764e-06, 6.55858684695e-06, 4.52766516901e-06, 3.70443717657e-06, 2.49890217674e-06, 2.32949969359e-06, 1.99571513804e-06, 1.69145596374e-06, 1.56864041401e-06, 1.42748319831e-06, 1.33947514769e-06, 8.93452863693e-07, 7.06640378212e-07, 6.4661247734e-07, 5.35506103461e-07, 4.92183403367e-07],
        "median": [0.000476759159938, 0.000563486071769, 0.000483266747324, 0.000363472412573, 0.000515224877745, 0.000270756223472, 0.000129272069898, 7.42833290133e-05, 0.000120580807561, 5.38216409041e-05, 3.42073362845e-05, 5.34345781489e-05, 2.43739341386e-05, 2.38438951783e-05, 2.189611223e-05, 1.68768747244e-05, 1.10207229227e-05, 1.21812036014e-05, 1.05664948933e-05, 9.35050502449e-06, 7.5260986705e-06, 4.82597215523e-06, 3.11006397169e-06, 2.00776753445e-06, 1.77982610694e-06, 1.98299335352e-06, 1.3806250081e-06, 9.15159034776e-07, 4.27126991553e-07, 4.47836583817e-07, 4.23631348667e-07, 3.58042342441e-07, 2.65763162588e-07, 2.34886982753e-07, 2.31024685604e-07, 1.14459460576e-07, 9.84321602004e-08, 9.2906162763e-08, 6.43912372311e-08, 5.28258397026e-08],
        "min": [1.02708759004e-23, 4.64630750693e-24, 5.47240856333e-24, 5.92540326068e-24, 4.81905147909e-24, 1.27363549523e-23, 7.03771606971e-24, 7.97703720424e-24, 9.37541779877e-24, 8.10378821905e-24, 1.58728438234e-23, 8.96786227842e-24, 9.30315419555e-24, 7.52393679953e-24, 8.00992797082e-24, 1.09307738248e-23, 1.6734579699e-23, 1.54145424587e-23, 1.50775473909e-23, 1.34445469414e-23, 1.4788169545e-23, 1.30180784808e-23, 1.17798729376e-23, 1.38670576867e-23, 1.46087715311e-23, 1.23054562489e-23, 1.44412742728e-23, 1.44501126704e-23, 9.48964485785e-24, 1.28860823298e-23, 9.99194020633e-24, 1.21829974263e-23, 9.35111614972e-24, 1.53350978546e-23, 1.43351819474e-23, 1.00899877282e-23, 9.4534077433e-24, 1.16231033988e-23, 1.03359711246e-23, 9.02111985585e-24],
        "var": [1.50214345922e-05, 2.30827172345e-05, 2.5233919132e-06, 1.64048628903e-06, 6.23207881745e-07, 5.40218877632e-07, 4.87210229494e-07, 5.18805279626e-07, 3.20526879705e-07, 2.6437512588e-06, 2.9644658639e-07, 4.57749024463e-07, 1.91731345467e-07, 1.66229341403e-07, 6.85993200022e-08, 6.75241551562e-08, 4.33505453756e-09, 3.51433926404e-09, 2.38922792661e-09, 7.81651809945e-09, 9.1877652153e-09, 5.91513105164e-09, 8.39598168767e-09, 9.56605683555e-10, 1.888335599e-10, 1.5056085545e-10, 9.78548006514e-11, 9.13096820376e-11, 5.28461163718e-11, 6.30042476524e-11, 4.22018045509e-11, 2.77341604543e-11, 2.68146390509e-11, 3.35979334631e-11, 2.4551017469e-11, 2.10265641704e-11, 6.44482037182e-12, 4.43336903647e-12, 2.49433481682e-12, 2.65316046043e-12]
    },
    "mfcc": {
        "mean": [-696.653381348, 143.099609375, -4.39454078674, 17.17278862, 3.0758805275, 4.22918748856, -4.07403230667, 3.00854730606, 0.38500893116, 1.7392655611, -2.06994700432, -0.247151181102, 4.34508800507],
        "cov": [[15342.0722656, 977.027038574, -621.391113281, 202.338760376, -377.186065674, -180.592437744, -213.557922363, -230.930328369, -447.363464355, -285.000030518, -447.742767334, -375.397674561, -154.99937439], [977.027038574, 3765.68798828, -196.899353027, 337.60546875, 166.95526123, 214.683380127, 51.690612793, -76.1961898804, -112.772186279, -168.46546936, -111.277923584, -83.45652771, -298.978088379], [-621.391113281, -196.899353027, 984.016174316, 226.56036377, 222.589447021, 193.620635986, 244.169723511, 49.0103149414, 91.2285003662, 12.912856102, 59.30235672, -19.4780960083, -117.555305481], [202.338760376, 337.60546875, 226.56036377, 379.510070801, 93.3659896851, 125.578208923, 110.907554626, 39.1709861755, 30.1468715668, 12.5856113434, 17.9664573669, -19.2460613251, -86.0870819092], [-377.186065674, 166.95526123, 222.589447021, 93.3659896851, 211.647613525, 82.9512557983, 81.9794235229, 32.0818481445, 8.82110977173, -1.35240352154, 2.07488799095, 8.86737728119, -30.5703964233], [-180.592437744, 214.683380127, 193.620635986, 125.578208923, 82.9512557983, 194.989761353, 98.956703186, 24.3767681122, 23.5172157288, -9.36012744904, 5.77321863174, -21.0911636353, -61.9727249146], [-213.557922363, 51.690612793, 244.169723511, 110.907554626, 81.9794235229, 98.956703186, 192.068649292, 48.965423584, 28.1014976501, -4.44386196136, 13.4519538879, -6.99166727066, -47.6132354736], [-230.930328369, -76.1961898804, 49.0103149414, 39.1709861755, 32.0818481445, 24.3767681122, 48.965423584, 127.385658264, 71.4791183472, 29.8820514679, -5.52738809586, 2.0278134346, -7.2697520256], [-447.363464355, -112.772186279, 91.2285003662, 30.1468715668, 8.82110977173, 23.5172157288, 28.1014976501, 71.4791183472, 165.381530762, 62.2985420227, 27.7680873871, 1.41420125961, -18.9413509369], [-285.000030518, -168.46546936, 12.912856102, 12.5856113434, -1.35240352154, -9.36012744904, -4.44386196136, 29.8820514679, 62.2985420227, 109.541404724, 29.775478363, -0.620767951012, 11.3637933731], [-447.742767334, -111.277923584, 59.30235672, 17.9664573669, 2.07488799095, 5.77321863174, 13.4519538879, -5.52738809586, 27.7680873871, 29.775478363, 123.18132019, 57.4620246887, 24.9523944855], [-375.397674561, -83.45652771, -19.4780960083, -19.2460613251, 8.86737728119, -21.0911636353, -6.99166727066, 2.0278134346, 1.41420125961, -0.620767951012, 57.4620246887, 130.558151245, 69.2045669556], [-154.99937439, -298.978088379, -117.555305481, -86.0870819092, -30.5703964233, -61.9727249146, -47.6132354736, -7.2697520256, -18.9413509369, 11.3637933731, 24.9523944855, 69.2045669556, 176.737380981]],
