{
"lowlevel": {
    "average_loudness": 0.954313099384,
    "barkbands_crest": {
        "dmean": 3.88966441154,
        "dmean2": 6.48579454422,
        "dvar": 12.0568265915,
        "dvar2": 29.5559062958,
        "max": 26.8404331207,
        "mean": 14.1904153824,
        "median": 14.0268268585,
        "min": 2.1534614563,
        "var": 30.243139267
    },
    "barkbands_flatness_db": {
        "dmean": 0.0410737283528,
        "dmean2": 0.0629629790783,
        "dvar": 0.00123741803691,
        "dvar2": 0.00293406541459,
        "max": 0.610298156738,
        "mean": 0.156959250569,
        "median": 0.143961057067,
        "min": 0.0123652340844,
        "var": 0.0059047001414
    },
    "barkbands_kurtosis": {
        "dmean": 14.5927667618,
        "dmean2": 23.5133495331,
        "dvar": 1467.07287598,
        "dvar2": 3187.59545898,
        "max": 2512.59472656,
        "mean": 17.569278717,
        "median": 5.71624279022,
        "min": -1.93458712101,
        "var": 3098.85375977
    },
    "barkbands_skewness": {
        "dmean": 1.4319807291,
        "dmean2": 2.18943500519,
        "dvar": 2.26634144783,
        "dvar2": 5.53153657913,
        "max": 46.2865409851,
        "mean": 2.97981023788,
        "median": 2.51408362389,
        "min": -6.02516126633,
        "var": 7.06001091003
    },
    "barkbands_spread": {
        "dmean": 13.7903213501,
        "dmean2": 21.7383174896,
        "dvar": 211.726409912,
        "dvar2": 511.810791016,
        "max": 126.260986328,
        "mean": 28.9433383942,
        "median": 25.8294792175,
        "min": 0.118336483836,
        "var": 427.718444824
    },
    "dissonance": {
        "dmean": 0.0102001614869,
        "dmean2": 0.0169468186796,
        "dvar": 0.000185554599739,
        "dvar2": 0.000441757467343,
        "max": 0.500000119209,
        "mean": 0.485695213079,
        "median": 0.491320252419,
        "min": 0.291170835495,
        "var": 0.000375984411221
    },
    "dynamic_complexity": 2.64647507668,
    "erbbands_crest": {
        "dmean": 2.21819210052,
        "dmean2": 3.66012597084,
        "dvar": 5.42832565308,
        "dvar2": 12.9264812469,
        "max": 26.8904743195,
        "mean": 6.64099740982,
        "median": 5.57781076431,
        "min": 2.1261036396,
        "var": 11.185956955
    },
    "erbbands_flatness_db": {
        "dmean": 0.0197079516947,
        "dmean2": 0.029008936137,
        "dvar": 0.000400185061153,
        "dvar2": 0.000858532439452,
        "max": 0.38168233633,
        "mean": 0.113410837948,
        "median": 0.101914606988,
        "min": 0.0208041314036,
        "var": 0.00242655118927
    },
    "erbbands_kurtosis": {
        "dmean": 1.25917971134,
        "dmean2": 2.05159115791,
        "dvar": 4.26504945755,
        "dvar2": 10.3285226822,
        "max": 34.3319816589,
        "mean": 0.538902580738,
        "median": -0.186176300049,
        "min": -1.92986142635,
        "var": 7.15426397324
    },
    "erbbands_skewness": {
        "dmean": 0.476543426514,
        "dmean2": 0.726080358028,
        "dvar": 0.249840185046,
        "dvar2": 0.552613735199,
        "max": 5.8209900856,
        "mean": -0.470129728317,
        "median": -0.517347812653,
        "min": -5.04488372803,
        "var": 0.696816146374
    },
    "erbbands_spread": {
        "dmean": 15.3306732178,
        "dmean2": 24.1841011047,
        "dvar": 253.733200073,
        "dvar2": 627.726806641,
        "max": 189.705917358,
        "mean": 56.533493042,
        "median": 52.9553031921,
        "min": 2.66007018089,
        "var": 781.807434082
    },
    "hfc": {
        "dmean": 25.0491199493,
        "dmean2": 37.7602348328,
        "dvar": 1360.64221191,
        "dvar2": 3226.76879883,
        "max": 308.509277344,
        "mean": 42.2217597961,
        "median": 31.5533485413,
        "min": 1.24103495488e-16,
        "var": 1703.60595703
    },
    "melbands_crest": {
        "dmean": 5.03471088409,
        "dmean2": 8.18433666229,
        "dvar": 27.7676906586,
        "dvar2": 65.2347640991,
        "max": 39.5446815491,
        "mean": 25.5374240875,
        "median": 27.2567920685,
        "min": 2.28998112679,
        "var": 75.4457550049
    },
    "melbands_flatness_db": {
        "dmean": 0.0496777929366,
        "dmean2": 0.0760648846626,
        "dvar": 0.00181248679291,
        "dvar2": 0.00426616845652,
        "max": 0.733603239059,
        "mean": 0.237587943673,
        "median": 0.231642797589,
        "min": 0.00743631925434,
        "var": 0.00898494105786
    },
    "melbands_kurtosis": {
        "dmean": 51.8645591736,
        "dmean2": 83.992515564,
        "dvar": 10984.7607422,
        "dvar2": 27533.7285156,
        "max": 3415.37451172,
        "mean": 71.9558868408,
        "median": 32.3897666931,
        "min": -1.8282687664,
        "var": 17678.0878906
    },
    "melbands_skewness": {
        "dmean": 2.37255382538,
        "dmean2": 3.65506625175,
        "dvar": 6.46269226074,
        "dvar2": 16.0894699097,
        "max": 50.1317939758,
        "mean": 6.14157342911,
        "median": 5.27108287811,
        "min": -3.29686737061,
        "var": 19.6115837097
    },
    "melbands_spread": {
        "dmean": 11.9073562622,
        "dmean2": 19.2618942261,
        "dvar": 237.739440918,
        "dvar2": 543.804504395,
        "max": 206.90776062,
        "mean": 21.8796215057,
        "median": 13.1780252457,
        "min": 0.0567361600697,
        "var": 576.999023438
    },
    "pitch_salience": {
        "dmean": 0.122314728796,
        "dmean2": 0.199081659317,
        "dvar": 0.0158063955605,
        "dvar2": 0.0371631011367,
        "max": 0.878234446049,
        "mean": 0.386082857847,
        "median": 0.380025297403,
        "min": 0.0115771209821,
        "var": 0.0388393476605
    },
    "silence_rate_20dB": {
        "dmean": 0.0431931577623,
        "dmean2": 0.0863924697042,
        "dvar": 0.041329074651,
        "dvar2": 0.110425181687,
        "max": 1,
        "mean": 0.96999502182,
        "median": 1,
        "min": 0,
        "var": 0.0291099213064
    },
    "silence_rate_30dB": {
        "dmean": 0.137419819832,
        "dmean2": 0.27485921979,
        "dvar": 0.11854095757,
        "dvar2": 0.224816173315,
        "max": 1,
        "mean": 0.722329139709,
        "median": 1,
        "min": 0,
        "var": 0.200583949685
    },
    "silence_rate_60dB": {
        "dmean": 0.00570206716657,
        "dmean2": 0.0114049464464,
        "dvar": 0.00566942850128,
        "dvar2": 0.0137012237683,
        "max": 1,
        "mean": 0.0260138269514,
        "median": 0,
        "min": 0,
        "var": 0.0253379587084
    },
    "spectral_centroid": {
        "dmean": 489.186309814,
        "dmean2": 745.458496094,
        "dvar": 252730.203125,
        "dvar2": 546234,
        "max": 10979.8154297,
        "mean": 2199.96875,
        "median": 2297.1550293,
        "min": 90.1394424438,
        "var": 835640.625
    },
    "spectral_complexity": {
        "dmean": 6.44504642487,
        "dmean2": 9.49262237549,
        "dvar": 48.3632049561,
        "dvar2": 92.7714920044,
        "max": 64,
        "mean": 25.6016674042,
        "median": 22,
        "min": 0,
        "var": 260.441741943
    },
    "spectral_decrease": {
        "dmean": 1.33209310249e-08,
        "dmean2": 1.98882599278e-08,
        "dvar": 3.21618277724e-16,
        "dvar2": 7.57473030307e-16,
        "max": 8.93642809034e-29,
        "mean": -2.32049011117e-08,
        "median": -1.43566420974e-08,
        "min": -1.57601149908e-07,
        "var": 6.49350968656e-16
    },
    "spectral_energy": {
        "dmean": 0.0512577854097,
        "dmean2": 0.0762279629707,
        "dvar": 0.00463396916166,
        "dvar2": 0.0108265504241,
        "max": 0.599573194981,
        "mean": 0.0914102569222,
        "median": 0.0575799122453,
        "min": 1.09192655307e-20,
        "var": 0.00951275601983
    },
    "spectral_energyband_high": {
        "dmean": 0.00275006098673,
        "dmean2": 0.00427339132875,
        "dvar": 1.7806662072e-05,
        "dvar2": 4.21244876634e-05,
        "max": 0.0418562181294,
        "mean": 0.00354428612627,
        "median": 0.00206463667564,
        "min": 7.96243572967e-21,
        "var": 2.05268934224e-05
    },
    "spectral_energyband_low": {
        "dmean": 0.0498399212956,
        "dmean2": 0.0761925727129,
        "dvar": 0.00487930327654,
        "dvar2": 0.011589454487,
        "max": 0.591362833977,
        "mean": 0.0772265568376,
        "median": 0.0435889437795,
        "min": 8.9394759076e-23,
        "var": 0.00896762497723
    },
    "spectral_energyband_middle_high": {
        "dmean": 0.00163992622402,
        "dmean2": 0.0025320101995,
        "dvar": 3.95824326915e-06,
        "dvar2": 8.95343782759e-06,
        "max": 0.0280977208167,
        "mean": 0.00473961047828,
        "median": 0.00308503978886,
        "min": 1.40859265769e-21,
        "var": 2.02751198231e-05
    },
    "spectral_energyband_middle_low": {
        "dmean": 0.00466180033982,
        "dmean2": 0.00855294149369,
        "dvar": 0.000153060987941,
        "dvar2": 0.000444586825324,
        "max": 0.104092106223,
        "mean": 0.0060146516189,
        "median": 0.00376435322687,
        "min": 3.10409016435e-22,
        "var": 9.33298360906e-05
    },
    "spectral_entropy": {
        "dmean": 0.151968121529,
        "dmean2": 0.216474816203,
        "dvar": 0.0247108098119,
        "dvar2": 0.0490048825741,
        "max": 9.79110431671,
        "mean": 8.06647491455,
        "median": 8.11808300018,
        "min": 5.71805858612,
        "var": 0.138433501124
    },
    "spectral_flux": {
        "dmean": 0.0643335357308,
        "dmean2": 0.106356784701,
        "dvar": 0.00532051827759,
        "dvar2": 0.0126098915935,
        "max": 0.54299390316,
        "mean": 0.144868597388,
        "median": 0.117014959455,
        "min": 1.04495287423e-10,
        "var": 0.00965416524559
    },
    "spectral_kurtosis": {
        "dmean": 1.26993513107,
        "dmean2": 2.05178332329,
        "dvar": 7.75615930557,
        "dvar2": 20.9740791321,
        "max": 79.5365447998,
        "mean": 2.82711172104,
        "median": 2.16356039047,
        "min": -1.17402803898,
        "var": 17.6388664246
    },
    "spectral_rms": {
        "dmean": 0.00240289489739,
        "dmean2": 0.0035359072499,
        "dvar": 6.06621006227e-06,
        "dvar2": 1.24033822431e-05,
        "max": 0.0241857282817,
        "mean": 0.00833815708756,
        "median": 0.00749503308907,
        "min": 3.26388438845e-12,
        "var": 1.96561559278e-05
    },
    "spectral_rolloff": {
        "dmean": 1061.65466309,
        "dmean2": 1866.16442871,
        "dvar": 3677316.75,
        "dvar2": 9388378,
        "max": 18949.21875,
        "mean": 1437.63439941,
        "median": 344.53125,
        "min": 43.06640625,
        "var": 4620537.5
    },
    "spectral_skewness": {
        "dmean": 0.222933396697,
        "dmean2": 0.344150304794,
        "dvar": 0.0780716612935,
        "dvar2": 0.189413070679,
        "max": 6.81316280365,
        "mean": 1.09720730782,
        "median": 1.04896783829,
        "min": -0.527360379696,
        "var": 0.229462713003
    },
    "spectral_spread": {
        "dmean": 1035682.9375,
        "dmean2": 1511105,
        "dvar": 1.28355611443e+12,
        "dvar2": 2.56993447117e+12,
        "max": 40131184,
        "mean": 5935640.5,
        "median": 5752742.5,
        "min": 789638.375,
        "var": 5.47732324352e+12
    },
    "spectral_strongpeak": {
        "dmean": 0.318653225899,
        "dmean2": 0.552126765251,
        "dvar": 0.351487129927,
        "dvar2": 0.91989004612,
        "max": 17.5379161835,
        "mean": 0.480167508125,
        "median": 0.345923155546,
        "min": 0,
        "var": 0.34040915966
    },
    "zerocrossingrate": {
        "dmean": 0.0185541305691,
        "dmean2": 0.023484904319,
        "dvar": 0.000386616913602,
        "dvar2": 0.000559227890335,
        "max": 0.50439453125,
        "mean": 0.0647340342402,
        "median": 0.05517578125,
        "min": 0.00146484375,
        "var": 0.0022221878171
    },
    "barkbands": {
        "dmean": [0.00703570898622, 0.0447317920625, 0.00413108477369, 0.00163412839174, 0.00194349174853, 0.000677139381878, 0.000352491915692, 0.000484734337078, 0.000492039194796, 0.00036230502883, 0.000235847954173, 0.000201519695111, 0.000306253990857, 0.000251230754657, 0.000245923612965, 0.000229078432312, 0.000194228661712, 0.000217563036131, 0.000478754052892, 0.000256381754298, 0.000475074193673, 0.00109471846372, 0.000436276459368, 0.000250417971984, 0.00021721610392, 0.000204862764804, 0.000213018400245],
        "dmean2": [0.0100508909672, 0.0712195411325, 0.00710107525811, 0.00297176511958, 0.00366563186981, 0.00124478247017, 0.000588021881413, 0.00077015592251, 0.000807261269074, 0.00058182067005, 0.000379438424716, 0.000329694186803, 0.000519421184435, 0.000410403998103, 0.000392236892367, 0.000384011364076, 0.000313111784635, 0.000344394007698, 0.000797082146164, 0.000409273518017, 0.000793260289356, 0.00178080913611, 0.00071116554318, 0.000367500237189, 0.00030927269836, 0.000307964364765, 0.000363761617336],
        "dvar": [7.72861894802e-05, 0.00474629923701, 8.83025641087e-05, 1.88562480616e-05, 3.61774364137e-05, 3.32932336278e-06, 3.01319062146e-07, 7.68387906191e-07, 5.14569535426e-07, 5.121063964e-07, 3.53069793846e-07, 1.22981546724e-07, 4.59532287778e-07, 1.5669037623e-07, 1.55357554377e-07, 1.05754864421e-07, 6.80837217715e-08, 8.41919529648e-08, 6.61948888592e-07, 1.31114589408e-07, 8.83644588612e-07, 5.12512633577e-06, 6.44517683668e-07, 2.78254617569e-07, 1.0698577313e-07, 1.26566064296e-07, 7.73024623868e-07],
        "dvar2": [0.000156221489306, 0.0120852086693, 0.000245982635533, 5.53921199753e-05, 0.000104543702037, 9.61816112977e-06, 7.56155770887e-07, 1.56507439897e-06, 1.30379396523e-06, 1.00775787359e-06, 7.38608264328e-07, 3.25683515712e-07, 1.3754822703e-06, 3.89301362702e-07, 3.26859776578e-07, 2.81956801018e-07, 1.75561552851e-07, 2.01397043043e-07, 1.79820472113e-06, 3.28241384295e-07, 2.30650539379e-06, 1.23414438349e-05, 1.67896428138e-06, 6.48116383672e-07, 1.9395601214e-07, 2.90532852887e-07, 2.02910109692e-06],
        "max": [0.0815495550632, 0.543095231056, 0.0965662151575, 0.0445946902037, 0.0497485212982, 0.0154555477202, 0.00711775897071, 0.0199012141675, 0.0161716006696, 0.0194828920066, 0.0143688013777, 0.00470894481987, 0.00868360884488, 0.00875247269869, 0.00855476222932, 0.00385799189098, 0.00295256520621, 0.00351814669557, 0.00838204566389, 0.00725465361029, 0.0221654810011, 0.0209686607122, 0.00655444106087, 0.00776718137786, 0.00329594756477, 0.00309792440385, 0.00789401587099],
        "mean": [0.0122490199283, 0.0590117126703, 0.00598252704367, 0.00174724811222, 0.00144740426913, 0.000597363279667, 0.000502274546307, 0.000701808719896, 0.000775339198299, 0.000559440115467, 0.000357761338819, 0.000334256503265, 0.000475632172311, 0.000446418707725, 0.000427086895797, 0.000393265479943, 0.000364088948118, 0.00042056365055, 0.000800841778982, 0.000496276887134, 0.000720432959497, 0.00106458121445, 0.000504497846123, 0.000340780854458, 0.000289610208711, 0.000241397865466, 0.000158898314112],
        "median": [0.0073791728355, 0.0266377460212, 0.00129905366339, 0.000801512389444, 0.000429691135651, 0.000196081979084, 0.000312957388815, 0.000304730754578, 0.000491562124807, 0.000276591279544, 0.000141366821481, 0.000150488864165, 0.000162890806678, 0.000217998909648, 0.000238814245677, 0.000177455644007, 0.000146550053614, 0.000157061993377, 0.000275704631349, 0.000232018152019, 0.000395846989704, 0.000342689658282, 0.000208424084121, 0.00012624572264, 0.000115635710245, 6.28602356301e-05, 1.31732194859e-05],
        "min": [9.90031101452e-23, 3.9000869791e-23, 2.09944790743e-23, 4.12276261224e-24, 6.96956211626e-23, 4.23983548703e-23, 2.45355305274e-23, 7.06758092363e-23, 9.55738181942e-23, 1.57798765657e-23, 3.47349151194e-23, 6.11909685414e-23, 1.44632446801e-22, 8.45748504996e-23, 6.14305171993e-23, 1.63260393647e-22, 2.28230637013e-22, 2.20151287705e-22, 2.76268252417e-22, 3.09500703056e-22, 4.6835063218e-22, 4.62640238481e-22, 5.01961811784e-22, 9.14690303299e-22, 1.35167824927e-21, 1.58915673423e-21, 2.81821787751e-21],
        "var": [0.000176546382136, 0.00717490678653, 9.040140867e-05, 1.18056468636e-05, 2.02784085559e-05, 2.04371417567e-06, 3.87557832937e-07, 1.59220712703e-06, 7.95060259406e-07, 1.01777470718e-06, 5.88599959883e-07, 2.54318820225e-07, 7.51961579226e-07, 4.13265240695e-07, 3.29442144675e-07, 2.20818378693e-07, 1.93578557628e-07, 2.78404371556e-07, 1.10401481379e-06, 3.34030602289e-07, 1.19323544823e-06, 4.56552470496e-06, 5.79479035423e-07, 3.66040211475e-07, 1.96073472125e-07, 1.83386134722e-07, 5.43268072306e-07]
    },
    "erbbands": {
        "dmean": [2.32663345337, 6.06236696243, 4.75419092178, 4.98802995682, 5.94812774658, 6.74124526978, 5.64726066589, 5.36693525314, 4.82828235626, 9.34377574921, 7.76401472092, 11.6904058456, 12.1006240845, 10.5268783569, 8.22705173492, 7.18103837967, 11.707359314, 12.0235586166, 14.8094930649, 10.2646160126, 14.10252285, 9.88196086884, 11.7272815704, 19.2760009766, 20.1295585632, 13.4429712296, 19.782913208, 17.5919322968, 45.7910804749, 25.4502124786, 9.95969581604, 5.87553691864, 3.59400486946, 2.3666882515, 1.70853793621, 0.913120687008, 0.334417819977, 0.168095394969, 0.0354595519602, 0.00211389362812],
        "dmean2": [3.72946238518, 9.71795940399, 7.68635606766, 9.0554895401, 11.1820487976, 12.6397209167, 10.5936460495, 9.82446670532, 8.17157649994, 14.8884496689, 12.5865631104, 18.9710407257, 19.5643825531, 16.6522293091, 13.3920869827, 11.7874336243, 19.0684146881, 19.7932453156, 23.5655670166, 16.9155426025, 23.4423751831, 15.8087625504, 18.5478687286, 31.8116779327, 33.2963829041, 21.6062984467, 33.4986534119, 28.7264652252, 74.1448287964, 42.432559967, 15.8987617493, 8.69046497345, 5.2088599205, 3.33296561241, 2.4869453907, 1.28734791279, 0.536810934544, 0.280756354332, 0.0602809824049, 0.00363221485168],
        "dvar": [11.3441019058, 115.685424805, 99.6026611328, 166.169067383, 328.089599609, 404.24621582, 282.770507812, 192.331680298, 77.1325531006, 249.45930481, 208.729431152, 305.030670166, 616.195251465, 631.430358887, 272.910125732, 115.624778748, 425.938690186, 910.332275391, 557.95098877, 163.936553955, 411.233642578, 169.864440918, 246.51020813, 1130.61291504, 911.234924316, 337.118438721, 1966.74536133, 947.115661621, 9923.29199219, 2593.6965332, 237.046646118, 126.529884338, 50.2272186279, 13.6308431625, 6.28288173676, 2.27139186859, 0.38684335351, 0.310323089361, 0.0211455393583, 8.17050604383e-05],
        "dvar2": [27.3408603668, 306.862243652, 263.134765625, 481.764923096, 957.06829834, 1165.28979492, 817.752441406, 553.888183594, 197.29536438, 540.116516113, 422.488098145, 758.506286621, 1274.52490234, 1208.71203613, 690.797180176, 309.403259277, 1164.69921875, 2485.21508789, 1170.59033203, 434.306854248, 1098.65197754, 426.799224854, 589.916503906, 3045.80688477, 2398.81005859, 847.033203125, 5300.70068359, 2401.69335938, 23670.9453125, 6611.59375, 560.448486328, 287.09677124, 113.155006409, 26.7808876038, 12.5140323639, 4.10574436188, 0.950357973576, 0.824492871761, 0.0550469718874, 0.000214719184441],
        "max": [26.7662792206, 89.1819534302, 115.595527649, 116.548995972, 176.249710083, 167.558837891, 131.210617065, 130.678421021, 120.60647583, 368.365081787, 544.710266113, 506.733886719, 727.711425781, 711.65032959, 409.153076172, 141.267715454, 306.803070068, 632.665222168, 488.846984863, 141.576095581, 251.260955811, 140.478378296, 185.635818481, 361.712341309, 389.560913086, 316.016937256, 800.692626953, 787.054931641, 939.083129883, 414.208892822, 135.400527954, 152.989212036, 106.516075134, 46.4226226807, 25.0078716278, 15.4022884369, 5.1492395401, 5.01827955246, 1.32005560398, 0.080462642014],
        "mean": [3.24051451683, 7.15966749191, 7.43488931656, 5.87510967255, 5.35355520248, 5.05629777908, 4.37145471573, 5.02144908905, 6.36479711533, 13.6138896942, 12.0392141342, 18.497833252, 19.7626438141, 16.1325645447, 14.1478900909, 13.1435956955, 20.4057540894, 22.1819133759, 26.5150527954, 18.7084980011, 25.1706352234, 20.1277770996, 23.014421463, 33.0047149658, 36.5195732117, 25.8962974548, 27.8147144318, 26.9550533295, 43.3598937988, 25.6849136353, 12.5982913971, 8.08560943604, 5.16417455673, 3.21986341476, 2.13557648659, 1.19208836555, 0.370847225189, 0.146506130695, 0.0264614354819, 0.00157091324218],
        "median": [1.49366128445, 2.83475494385, 2.90305757523, 3.15675735474, 2.31238222122, 1.54628741741, 1.14201390743, 1.89233136177, 3.53696227074, 7.2493891716, 6.46948766708, 11.4531917572, 11.1456127167, 7.40586662292, 6.05224990845, 6.50612163544, 7.83532381058, 9.93711185455, 14.4748792648, 11.7646102905, 9.87459754944, 8.94086170197, 8.56428623199, 11.3310623169, 14.2471132278, 12.1505832672, 15.9997835159, 13.8685016632, 12.4389953613, 9.97006607056, 5.54441165924, 2.93613409996, 1.95558404922, 1.37887752056, 0.765155315399, 0.313796103001, 0.103423170745, 0.0305476542562, 0.00218979083002, 0.000159692630405],
        "min": [8.90108337263e-22, 1.01310318771e-20, 2.74442274439e-20, 1.40389497459e-20, 1.89126930683e-20, 1.93073221978e-19, 6.62201145439e-19, 3.29358323554e-19, 4.20993210867e-19, 3.33342955963e-19, 2.13682672509e-18, 2.47262875976e-18, 8.70971450784e-19, 9.8653788814e-19, 1.55159023785e-18, 2.93133308306e-18, 6.25363184187e-18, 5.28606916679e-18, 3.25874357722e-18, 3.6932055115e-18, 1.24747381149e-17, 1.24564135828e-17, 1.31185327856e-17, 1.56454066024e-17, 9.7717997319e-18, 1.70871526316e-17, 1.73274138579e-17, 1.86970975665e-17, 1.61792425e-17, 1.89304915394e-17, 1.43653991984e-17, 1.84178430461e-17, 1.34932836534e-17, 1.21052770671e-17, 1.13607036736e-17, 5.33822497236e-18, 3.59780304915e-18, 1.29353490895e-18, 4.10965868988e-19, 3.9464900116e-20],
        "var": [19.7374210358, 134.771453857, 115.068138123, 107.860900879, 185.283462524, 230.061859131, 161.098617554, 121.700447083, 83.6613311768, 438.861083984, 471.795837402, 501.209960938, 1174.69494629, 1079.61547852, 607.932861328, 280.775238037, 1029.57336426, 1957.07800293, 1252.68579102, 354.460083008, 969.529418945, 537.96081543, 805.773498535, 2056.52416992, 2058.28320312, 914.213500977, 2011.40344238, 1500.23486328, 8825.32910156, 2139.43310547, 278.567596436, 174.574417114, 75.1132736206, 23.5014705658, 10.7203226089, 5.0285243988, 0.414471566677, 0.221845567226, 0.0150873260573, 5.70690826862e-05]
    },
    "gfcc": {
        "mean": [32.5153198242, 50.4793014526, -92.1873092651, 49.7220840454, -43.8285598755, 26.5906639099, -12.2493772507, 19.0282459259, -7.34289216995, 12.5591020584, -16.6301746368, 2.20279884338, -10.8383102417],
        "cov": [[8743.24023438, -822.532226562, 771.155456543, -75.5733108521, 275.906280518, 598.396850586, -35.7974472046, 350.506317139, -401.521362305, 163.851593018, -45.1381874084, 308.763183594, -92.6122055054], [-822.532226562, 2137.37695312, -368.085784912, 83.8732910156, 346.794677734, -263.450195312, 152.759475708, -209.389205933, 91.9063339233, -164.655792236, 119.033630371, -167.785873413, 79.6120910645], [771.155456543, -368.085784912, 1260.17492676, -98.8775405884, -80.8171386719, 238.579437256, -8.86089229584, 105.124824524, 77.8046722412, 63.2699203491, -62.0043487549, 105.638282776, -87.212928772], [-75.5733108521, 83.8732910156, -98.8775405884, 425.036102295, 54.8079223633, -71.7384109497, -1.45372605324, -14.9725799561, 34.7647819519, -15.5076999664, 11.0290575027, -14.3796186447, 42.404083252], [275.906280518, 346.794677734, -80.8171386719, 54.8079223633, 391.251281738, 14.4232034683, 112.891578674, -22.8875217438, 8.62834072113, -22.6351051331, 54.4638748169, -13.2824401855, 28.8884906769], [598.396850586, -263.450195312, 238.579437256, -71.7384109497, 14.4232034683, 377.457763672, 61.8840026855, 107.859886169, -12.6965942383, 58.4111366272, 17.0872764587, 57.0884742737, -11.3808860779], [-35.7974472046, 152.759475708, -8.86089229584, -1.45372605324, 112.891578674, 61.8840026855, 199.640579224, 36.8395500183, 60.7379188538, 8.31694126129, 47.1932296753, 12.4385108948, 38.6177597046], [350.506317139, -209.389205933, 105.124824524, -14.9725799561, -22.8875217438, 107.859886169, 36.8395500183, 180.766159058, 31.2718601227, 61.3013305664, 9.47129154205, 38.4332504272, 4.59404087067], [-401.521362305, 91.9063339233, 77.8046722412, 34.7647819519, 8.62834072113, -12.6965942383, 60.7379188538, 31.2718601227, 149.07371521, 27.9760303497, 30.426782608, 10.9189796448, 18.4170150757], [163.851593018, -164.655792236, 63.2699203491, -15.5076999664, -22.6351051331, 58.4111366272, 8.31694126129, 61.3013305664, 27.9760303497, 91.9500656128, 25.618396759, 34.0270271301, 3.87576627731], [-45.1381874084, 119.033630371, -62.0043487549, 11.0290575027, 54.4638748169, 17.0872764587, 47.1932296753, 9.47129154205, 30.426782608, 25.618396759, 81.5698165894, 15.4680929184, 42.4644546509], [308.763183594, -167.785873413, 105.638282776, -14.3796186447, -13.2824401855, 57.0884742737, 12.4385108948, 38.4332504272, 10.9189796448, 34.0270271301, 15.4680929184, 94.6897659302, 21.7408275604], [-92.6122055054, 79.6120910645, -87.212928772, 42.404083252, 28.8884906769, -11.3808860779, 38.6177597046, 4.59404087067, 18.4170150757, 3.87576627731, 42.4644546509, 21.7408275604, 93.3944320679]],
        "icov": [[0.000204508847673, -5.67751740164e-05, -8.14102022559e-05, -8.53450255818e-05, -0.000208776269574, -6.94695845596e-05, 2.43930135184e-05, -0.000338331185048, 0.000755478453357, -0.000256191706285, 0.000122103752801, -0.000609450158663, 0.000224596195039], [-5.67751740164e-05, 0.000933127012104, -4.10221327911e-05, 0.000137582610478, -0.000366451160517, 0.000315764540574, -0.000228277291171, 0.00049371708883, -0.000722163822502, 0.00134045153391, -0.00144384673331, 0.00140255119186, -0.000313790922519], [-8.14102022559e-05, -4.10221327911e-05, 0.00124718120787, 0.000128562111058, 6.35002579656e-05, -0.000646811909974, 0.000254559330642, 0.000110848457552, -0.00131995952688, 2.10117887036e-05, 0.00112774234731, -0.00109398621134, 0.000852653116453], [-8.53450255818e-05, 0.000137582610478, 0.000128562111058, 0.00273425783962, -0.000451552507002, 0.000295478123007, 0.00058228749549, 4.71019011457e-05, -0.00123997882474, 0.000471472798381, 0.000326908164425, 0.000717056449503, -0.0014813109301], [-0.000208776269574, -0.000366451160517, 6.35002579656e-05, -0.000451552507002, 0.00392900733277, -0.000122658355394, -0.00188117346261, 0.000583831220865, 0.000276891427347, 0.000622303923592, -0.00167346559465, 0.000437826005509, 0.000467079458758], [-6.94695845596e-05, 0.000315764540574, -0.000646811909974, 0.000295478123007, -0.000122658355394, 0.00433883303776, -0.00148993718904, -0.00137013569474, 0.00150603195652, -0.00053817947628, -0.00152348715346, -0.000207120057894, 0.000640184734948], [2.43930135184e-05, -0.000228277291171, 0.000254559330642, 0.00058228749549, -0.00188117346261, -0.00148993718904, 0.00844494625926, -0.00129060202744, -0.00307075702585, 0.0014323143987, -0.00105347519275, -0.000214914092794, -0.00176087173168], [-0.000338331185048, 0.00049371708883, 0.000110848457552, 4.71019011457e-05, 0.000583831220865, -0.00137013569474, -0.00129060202744, 0.00923197716475, -0.00235393666662, -0.00342236529104, 0.00107277568895, 0.000747017096728, -0.000997698167339], [0.000755478453357, -0.000722163822502, -0.00131995952688, -0.00123997882474, 0.000276891427347, 0.00150603195652, -0.00307075702585, -0.00235393666662, 0.0130971949548, -0.00378649774939, -0.0016240819823, -0.00207729707472, 0.000974953582045], [-0.000256191706285, 0.00134045153391, 2.10117887036e-05, 0.000471472798381, 0.000622303923592, -0.00053817947628, 0.0014323143987, -0.00342236529104, -0.00378649774939, 0.0202704034746, -0.00856010615826, -0.000980199314654, 0.00175265304279], [0.000122103752801, -0.00144384673331, 0.00112774234731, 0.000326908164425, -0.00167346559465, -0.00152348715346, -0.00105347519275, 0.00107277568895, -0.0016240819823, -0.00856010615826, 0.0245864745229, -0.00296014593914, -0.00684302346781], [-0.000609450158663, 0.00140255119186, -0.00109398621134, 0.000717056449503, 0.000437826005509, -0.000207120057894, -0.000214914092794, 0.000747017096728, -0.00207729707472, -0.000980199314654, -0.00296014593914, 0.0186830032617, -0.0058085094206], [0.000224596195039, -0.000313790922519, 0.000852653116453, -0.0014813109301, 0.000467079458758, 0.000640184734948, -0.00176087173168, -0.000997698167339, 0.000974953582045, 0.00175265304279, -0.00684302346781, -0.0058085094206, 0.017575494945]]
    },
    "melbands": {
        "dmean": [0.0158196445554, 0.0034355300013, 0.000896911253221, 0.000463309203042, 0.000215519990888, 0.000121059252706, 7.14777997928e-05, 0.000107639811176, 6.39722784399e-05, 7.57013622206e-05, 6.07787333138e-05, 4.35390647908e-05, 2.93788525596e-05, 2.28281896852e-05, 2.14739648072e-05, 3.00224874081e-05, 2.23987717618e-05, 2.66405313596e-05, 1.57231461344e-05, 1.26472095872e-05, 1.96729106392e-05, 1.12451043606e-05, 9.87877410807e-06, 1.09645152406e-05, 1.71542978933e-05, 2.09239042306e-05, 1.02543372122e-05, 8.80368315848e-06, 1.07872783701e-05, 1.28760702864e-05, 9.69084794633e-06, 2.38170923694e-05, 2.49892200372e-05, 1.15207394629e-05, 6.05214290772e-06, 3.6951655602e-06, 3.8483726712e-06, 2.69727047453e-06, 2.07470793612e-06, 1.97062968255e-06],
        "dmean2": [0.0252112280577, 0.00565670011565, 0.00163088156842, 0.000875301775523, 0.000403493351769, 0.000221351874643, 0.000120147829875, 0.00017122628924, 0.000104638769699, 0.000123216275824, 9.87026724033e-05, 6.95911221555e-05, 4.76411732961e-05, 3.7177127524e-05, 3.50490336132e-05, 5.0674269005e-05, 3.6967197957e-05, 4.2782692617e-05, 2.55472641584e-05, 2.12020477193e-05, 3.28960777551e-05, 1.82510157174e-05, 1.56913811225e-05, 1.74586512003e-05, 2.86888043775e-05, 3.51417074853e-05, 1.66405861819e-05, 1.42973694892e-05, 1.80331735464e-05, 2.20092770178e-05, 1.62208725669e-05, 3.86553692806e-05, 4.11067194364e-05, 1.95559514395e-05, 9.75103284873e-06, 5.80196865485e-06, 5.58215651836e-06, 3.95976894652e-06, 3.08466542265e-06, 2.78431684819e-06],
        "dvar": [0.000545930874068, 3.84612430935e-05, 5.64529909752e-06, 2.06085201171e-06, 4.08641369631e-07, 9.88135582247e-08, 1.54968819999e-08, 3.54142422054e-08, 1.31612241105e-08, 1.26757084828e-08, 1.50584096303e-08, 9.56357482096e-09, 3.56900620169e-09, 1.9008608021e-09, 9.24122389723e-10, 5.5444857594e-09, 2.5534734327e-09, 1.5624385119e-09, 4.63793781158e-10, 2.89152674027e-10, 8.54072257361e-10, 2.26631574618e-10, 1.71908987046e-10, 2.18215834291e-10, 9.60643231629e-10, 1.17132892274e-09, 2.3929758175e-10, 1.51945733773e-10, 4.7502601852e-10, 8.72103500527e-10, 3.30017124739e-10, 2.71397371243e-09, 2.7930067148e-09, 5.57728141448e-10, 8.95377105792e-11, 3.23160907756e-11, 6.47648601415e-11, 3.04578792742e-11, 1.64849505574e-11, 9.24791406648e-12],
        "dvar2": [0.00135188165586, 8.52659431985e-05, 1.63771364896e-05, 5.97240978095e-06, 1.17979766401e-06, 2.84765889091e-07, 3.94792607494e-08, 7.48730144551e-08, 2.83066672324e-08, 3.15758121872e-08, 3.1852032123e-08, 1.88962818726e-08, 8.58606252763e-09, 4.90409446385e-09, 2.35657870995e-09, 1.62964592931e-08, 6.76743550088e-09, 3.469447174e-09, 1.06975672765e-09, 7.86025189381e-10, 2.2963786428e-09, 5.77715653094e-10, 4.19861978518e-10, 5.42265121695e-10, 2.61582999705e-09, 3.17867221433e-09, 6.225687188e-10, 3.86554427356e-10, 1.26707788706e-09, 2.31130004025e-09, 8.66631710839e-10, 6.68357946765e-09, 6.63982602234e-09, 1.49542722649e-09, 2.14573012136e-10, 7.5600560534e-11, 1.40533820692e-10, 6.97452165466e-11, 3.98604239893e-11, 1.70951603568e-11],
        "max": [0.186965107918, 0.0580849833786, 0.0218478385359, 0.0121204713359, 0.00511821964756, 0.0029159472324, 0.00169899594039, 0.0041850800626, 0.00402812706307, 0.00321806315333, 0.00354214152321, 0.00263131526299, 0.00112149433699, 0.00058368378086, 0.000384074257454, 0.0010755865369, 0.00108635635115, 0.000694441958331, 0.000401448633056, 0.000219575871597, 0.000379897712264, 0.00017053745978, 0.000148030943819, 0.000166184894624, 0.000337553501595, 0.000461483403342, 0.00018684877432, 0.000245675531914, 0.00053534185281, 0.000797687505838, 0.000478626956465, 0.000586461974308, 0.000431299675256, 0.000192170744413, 8.32575460663e-05, 6.45167456241e-05, 0.000115776034363, 8.30707722344e-05, 5.87319336773e-05, 3.2528230804e-05],
        "mean": [0.021872587502, 0.00536642409861, 0.00107208755799, 0.000371716363588, 0.000169208928128, 0.000112401474325, 9.7207572253e-05, 0.000156617461471, 9.64707141975e-05, 0.000118349838885, 9.71484187176e-05, 6.39682111796e-05, 4.83112926304e-05, 3.73766524717e-05, 3.726948853e-05, 4.79364280181e-05, 3.98157353629e-05, 4.49363215012e-05, 2.84231664409e-05, 2.06627264561e-05, 3.33298157784e-05, 2.13084986171e-05, 1.86942688742e-05, 2.02221999643e-05, 2.67142168013e-05, 3.39966500178e-05, 1.93838968698e-05, 1.56950372912e-05, 1.49727857206e-05, 1.77646652446e-05, 1.47027094499e-05, 2.25033236347e-05, 2.30200457736e-05, 1.18739590107e-05, 7.4722051977e-06, 5.12386077389e-06, 5.02544753544e-06, 3.7307331695e-06, 2.97083397527e-06, 2.58239060713e-06],
        "median": [0.0106716593727, 0.00285052671097, 0.000592129130382, 0.000142602424603, 4.8434267228e-05, 4.11891960539e-05, 5.63160865568e-05, 7.83212090028e-05, 5.38873609912e-05, 7.33861525077e-05, 5.39108259545e-05, 2.92443583021e-05, 1.97751960513e-05, 1.54079116328e-05, 1.80672923307e-05, 1.49425713971e-05, 1.692929618e-05, 2.29915494856e-05, 1.72065119841e-05, 1.18194611787e-05, 1.12898887892e-05, 9.06425702851e-06, 7.51093648432e-06, 7.55685232434e-06, 8.79953495314e-06, 1.1297722267e-05, 8.00615453045e-06, 7.38262679079e-06, 8.81505729922e-06, 9.04552052816e-06, 7.42425299904e-06, 6.42008080831e-06, 6.69507653583e-06, 4.94201412948e-06, 3.32807167069e-06, 2.24157383855e-06, 1.52564371092e-06, 1.31794729441e-06, 1.33845094297e-06, 1.07273160665e-06],
        "min": [1.35951420659e-23, 1.49675107609e-23, 2.98114618438e-24, 4.4390228656e-24, 2.21972647628e-23, 6.94779460398e-24, 6.18322035945e-24, 5.36399146482e-24, 1.73508804366e-23, 1.48104879977e-23, 3.62944844516e-24, 3.51745859561e-24, 4.80375152183e-24, 5.7051099086e-24, 9.81793484558e-24, 1.58818983688e-23, 8.93759053004e-24, 5.15956092225e-24, 5.28888914563e-24, 5.83044176264e-24, 1.61068436337e-23, 1.37473575107e-23, 1.09687456445e-23, 1.1502193899e-23, 1.32525713292e-23, 8.06006560338e-24, 6.06568205672e-24, 1.25433427769e-23, 1.05053340389e-23, 1.08415063248e-23, 9.89959930421e-24, 8.66513611718e-24, 9.89532920013e-24, 1.08464942923e-23, 8.81866974858e-24, 8.75039778154e-24, 1.10517543221e-23, 7.48425315169e-24, 1.13101780549e-23, 1.00043797539e-23],
        "var": [0.000896106648725, 5.17386470165e-05, 3.62576565749e-06, 1.15087118502e-06, 2.3382384029e-07, 6.2361415587e-08, 1.77446697336e-08, 6.43836557401e-08, 2.72824980385e-08, 2.02857570741e-08, 2.81419367809e-08, 1.59259858634e-08, 7.34056859741e-09, 3.79942299844e-09, 2.15457029995e-09, 9.4210177437e-09, 6.02274186079e-09, 3.42198935854e-09, 1.04839148474e-09, 5.04092156906e-10, 1.9279398078e-09, 6.31087238023e-10, 5.3322724014e-10, 6.51860621037e-10, 1.53055557117e-09, 2.06567207783e-09, 5.70518632337e-10, 3.56980500715e-10, 5.23139254138e-10, 1.01354846738e-09, 4.6462153569e-10, 2.35102204371e-09, 2.44312881037e-09, 4.28256319296e-10, 1.01043333423e-10, 4.56688818706e-11, 9.48005840495e-11, 4.39606025193e-11, 2.09688950231e-11, 1.59489366158e-11]
    },
    "mfcc": {
        "mean": [-615.961364746, 83.7929382324, 14.8109903336, 34.0839195251, 4.76573181152, 20.8125686646, 8.65040111542, 15.3419618607, 15.6790475845, 15.4444599152, 12.3811359406, 2.89369177818, 3.91033101082],
        "cov": [[6838.48876953, -361.949676514, -97.7414474487, 55.1085319519, 189.806167603, 130.202728271, 307.347290039, 154.173706055, -52.3760414124, -32.2960891724, 30.7747097015, -102.364112854, 40.3106498718], [-361.949676514, 1511.2878418, -195.512084961, 136.242370605, 118.014480591, 27.8163318634, 65.5820388794, -19.1648292542, -20.6038913727, -4.89298057556, -5.31207466125, -13.1424570084, -16.655790329], [-97.7414474487, -195.512084961, 1064.94812012, -156.261810303, 27.7179985046, 45.5401191711, -97.5314559937, 95.5314483643, 37.453918457, 70.0219650269, 22.7969017029, 37.8205413818, 38.0875053406], [55.1085319519, 136.242370605, -156.261810303, 482.245697021, 64.2054672241, -13.0517187119, -44.0900688171, -31.7089920044, 22.3036060333, -39.687412262, 0.634809911251, -15.2670402527, 4.31744909286], [189.806167603, 118.014480591, 27.7179985046, 64.2054672241, 201.311798096, 59.7747001648, 45.7036056519, 27.5251274109, -1.37530016899, 17.752828598, 4.39997720718, 6.19757604599, 0.850849866867], [130.202728271, 27.8163318634, 45.5401191711, -13.0517187119, 59.7747001648, 192.510635376, 74.3395462036, 59.7441291809, 6.65662956238, 19.8341560364, 26.9356155396, -4.26232624054, 16.4509658813], [307.347290039, 65.5820388794, -97.5314559937, -44.0900688171, 45.7036056519, 74.3395462036, 185.338973999, 54.4203109741, 24.4756183624, 26.0812282562, 11.3630533218, 16.009311676, 3.49523591995], [154.173706055, -19.1648292542, 95.5314483643, -31.7089920044, 27.5251274109, 59.7441291809, 54.4203109741, 132.463882446, 49.1173477173, 46.1610565186, 31.4289932251, 10.7577543259, 26.8557395935], [-52.3760414124, -20.6038913727, 37.453918457, 22.3036060333, -1.37530016899, 6.65662956238, 24.4756183624, 49.1173477173, 87.3122329712, 48.7274856567, 24.514043808, 26.3212566376, 15.8116722107], [-32.2960891724, -4.89298057556, 70.0219650269, -39.687412262, 17.752828598, 19.8341560364, 26.0812282562, 46.1610565186, 48.7274856567, 86.4884262085, 41.0941772461, 35.891292572, 21.9316806793], [30.7747097015, -5.31207466125, 22.7969017029, 0.634809911251, 4.39997720718, 26.9356155396, 11.3630533218, 31.4289932251, 24.514043808, 41.0941772461, 64.7377090454, 29.8580055237, 25.3638725281], [-102.364112854, -13.1424570084, 37.8205413818, -15.2670402527, 6.19757604599, -4.26232624054, 16.009311676, 10.7577543259, 26.3212566376, 35.891292572, 29.8580055237, 65.1340332031, 25.6637001038], [40.3106498718, -16.655790329, 38.0875053406, 4.31744909286, 0.850849866867, 16.4509658813, 3.49523591995, 26.8557395935, 15.8116722107, 21.9316806793, 25.3638725281, 25.6637001038, 54.2868461609]],
