{
"lowlevel": {
    "average_loudness": 0.665466189384,
    "barkbands_crest": {
        "dmean": 2.53011703491,
        "dmean2": 4.05064105988,
        "dvar": 6.85238075256,
        "dvar2": 17.7364997864,
        "max": 24.5729236603,
        "mean": 10.6651296616,
        "median": 9.91635322571,
        "min": 1.44116961956,
        "var": 18.7034931183
    },
    "barkbands_flatness_db": {
        "dmean": 0.0243596602231,
        "dmean2": 0.0376224592328,
        "dvar": 0.000864711415488,
        "dvar2": 0.00195308180992,
        "max": 0.484798073769,
        "mean": 0.156431958079,
        "median": 0.137437194586,
        "min": 0.00447712652385,
        "var": 0.00524410884827
    },
    "barkbands_kurtosis": {
        "dmean": 4.56259155273,
        "dmean2": 7.14329719543,
        "dvar": 100.638221741,
        "dvar2": 244.653594971,
        "max": 229.851547241,
        "mean": 8.23036670685,
        "median": 4.9500541687,
        "min": -1.94625508785,
        "var": 197.510055542
    },
    "barkbands_skewness": {
        "dmean": 0.583480656147,
        "dmean2": 0.894570708275,
        "dvar": 0.579105079174,
        "dvar2": 1.28110361099,
        "max": 13.2674055099,
        "mean": 2.09175014496,
        "median": 1.90339171886,
        "min": -4.7225112915,
        "var": 1.91821444035
    },
    "barkbands_spread": {
        "dmean": 4.98883533478,
        "dmean2": 7.45920133591,
        "dvar": 69.3007736206,
        "dvar2": 145.140151978,
        "max": 126.640991211,
        "mean": 17.4718723297,
        "median": 13.3552932739,
        "min": 0.463470607996,
        "var": 221.248504639
    },
    "dissonance": {
        "dmean": 0.0185956247151,
        "dmean2": 0.0299636553973,
        "dvar": 0.000390986446291,
        "dvar2": 0.000946258893237,
        "max": 0.500000119209,
        "mean": 0.449186235666,
        "median": 0.463594079018,
        "min": 0.0347310528159,
        "var": 0.00196178723127
    },
    "dynamic_complexity": 5.9769449234,
    "erbbands_crest": {
        "dmean": 2.15729689598,
        "dmean2": 3.39928340912,
        "dvar": 5.75820875168,
        "dvar2": 12.9626169205,
        "max": 30.1734104156,
        "mean": 8.77282810211,
        "median": 7.2897605896,
        "min": 2.47670483589,
        "var": 22.7861709595
    },
    "erbbands_flatness_db": {
        "dmean": 0.0153498128057,
        "dmean2": 0.0216948874295,
        "dvar": 0.000370695459424,
        "dvar2": 0.000719692034181,
        "max": 0.378987908363,
        "mean": 0.147612705827,
        "median": 0.139945119619,
        "min": 0.0525820478797,
        "var": 0.00279675633647
    },
    "erbbands_kurtosis": {
        "dmean": 0.860464096069,
        "dmean2": 1.31546902657,
        "dvar": 1.76323187351,
        "dvar2": 3.88302993774,
        "max": 29.7579269409,
        "mean": 0.715148627758,
        "median": 0.153575181961,
        "min": -1.82450306416,
        "var": 5.16562509537
    },
    "erbbands_skewness": {
        "dmean": 0.32179287076,
        "dmean2": 0.471338272095,
        "dvar": 0.11993406713,
        "dvar2": 0.237930372357,
        "max": 5.30955171585,
        "mean": 0.567618072033,
        "median": 0.624477624893,
        "min": -3.76182317734,
        "var": 0.666181862354
    },
    "erbbands_spread": {
        "dmean": 7.85566139221,
        "dmean2": 11.8949251175,
        "dvar": 107.284660339,
        "dvar2": 240.956588745,
        "max": 168.493942261,
        "mean": 39.1773757935,
        "median": 35.3795471191,
        "min": 3.42986416817,
        "var": 369.517333984
    },
    "hfc": {
        "dmean": 5.04859256744,
        "dmean2": 7.43335342407,
        "dvar": 112.493041992,
        "dvar2": 234.737426758,
        "max": 365.86239624,
        "mean": 14.535741806,
        "median": 7.74935150146,
        "min": 1.09487048628e-16,
        "var": 424.462402344
    },
    "melbands_crest": {
        "dmean": 3.07352757454,
        "dmean2": 4.89922523499,
        "dvar": 10.1138105392,
        "dvar2": 24.5326080322,
        "max": 37.6504936218,
        "mean": 15.8379631042,
        "median": 14.9220266342,
        "min": 1.00188601017,
        "var": 36.6066017151
    },
    "melbands_flatness_db": {
        "dmean": 0.0265334602445,
        "dmean2": 0.0384144224226,
        "dvar": 0.00108063279185,
        "dvar2": 0.00216192565858,
        "max": 0.609172940254,
        "mean": 0.235770702362,
        "median": 0.221038222313,
        "min": -5.17717467119e-07,
        "var": 0.00695903971791
    },
    "melbands_kurtosis": {
        "dmean": 8.82573032379,
        "dmean2": 13.8389625549,
        "dvar": 367.290313721,
        "dvar2": 831.499145508,
        "max": 451.687225342,
        "mean": 18.8827838898,
        "median": 11.7640953064,
        "min": -1.86711847782,
        "var": 855.458190918
    },
    "melbands_skewness": {
        "dmean": 0.692376732826,
        "dmean2": 1.05459070206,
        "dvar": 0.863762199879,
        "dvar2": 1.85376095772,
        "max": 16.5998878479,
        "mean": 3.06144762039,
        "median": 2.74459934235,
        "min": -0.922762036324,
        "var": 3.12991666794
    },
    "melbands_spread": {
        "dmean": 5.21637153625,
        "dmean2": 7.67212915421,
        "dvar": 106.119537354,
        "dvar2": 204.045623779,
        "max": 289.768188477,
        "mean": 16.8656311035,
        "median": 11.7829914093,
        "min": 0.578985512257,
        "var": 369.091217041
    },
    "pitch_salience": {
        "dmean": 0.0720329359174,
        "dmean2": 0.116969689727,
        "dvar": 0.00539312465116,
        "dvar2": 0.0138214100152,
        "max": 0.995967626572,
        "mean": 0.544778704643,
        "median": 0.549851953983,
        "min": 0.08926820755,
        "var": 0.0144451288506
    },
    "silence_rate_20dB": {
        "dmean": 0,
        "dmean2": 0,
        "dvar": 0,
        "dvar2": 0,
        "max": 1,
        "mean": 1,
        "median": 1,
        "min": 1,
        "var": 0
    },
    "silence_rate_30dB": {
        "dmean": 0.0442286022007,
        "dmean2": 0.0884648710489,
        "dvar": 0.042270489037,
        "dvar2": 0.0957206040621,
        "max": 1,
        "mean": 0.958810269833,
        "median": 1,
        "min": 0,
        "var": 0.0394967459142
    },
    "silence_rate_60dB": {
        "dmean": 0.0213337950408,
        "dmean2": 0.0426712930202,
        "dvar": 0.0208810716867,
        "dvar2": 0.0462352521718,
        "max": 1,
        "mean": 0.229795351624,
        "median": 0,
        "min": 0,
        "var": 0.177009642124
    },
    "spectral_centroid": {
        "dmean": 208.668899536,
        "dmean2": 303.335205078,
        "dvar": 119498.5625,
        "dvar2": 214296.578125,
        "max": 11647.2460938,
        "mean": 1005.37670898,
        "median": 790.083251953,
        "min": 217.88911438,
        "var": 773237.5625
    },
    "spectral_complexity": {
        "dmean": 2.6630821228,
        "dmean2": 4.12376403809,
        "dvar": 15.7697372437,
        "dvar2": 32.0736999512,
        "max": 57,
        "mean": 13.5414495468,
        "median": 11,
        "min": 0,
        "var": 104.12172699
    },
    "spectral_decrease": {
        "dmean": 3.00586466828e-09,
        "dmean2": 4.9692232551e-09,
        "dvar": 4.60735299853e-17,
        "dvar2": 1.15994994668e-16,
        "max": 1.91178916488e-28,
        "mean": -7.20054948999e-09,
        "median": -3.88489240777e-09,
        "min": -7.64864438452e-08,
        "var": 8.08470250318e-17
    },
    "spectral_energy": {
        "dmean": 0.0116553502157,
        "dmean2": 0.0192114934325,
        "dvar": 0.000683290127199,
        "dvar2": 0.00171977072023,
        "max": 0.293791204691,
        "mean": 0.0284949727356,
        "median": 0.0156966485083,
        "min": 1.00819349919e-20,
        "var": 0.00122657325119
    },
    "spectral_energyband_high": {
        "dmean": 0.000319205340929,
        "dmean2": 0.000453848770121,
        "dvar": 7.3028178349e-07,
        "dvar2": 1.35664720347e-06,
        "max": 0.0338536724448,
        "mean": 0.000584959110711,
        "median": 0.00016698113177,
        "min": 6.95523589735e-21,
        "var": 2.32403931477e-06
    },
    "spectral_energyband_low": {
        "dmean": 0.0082198632881,
        "dmean2": 0.0136189116165,
        "dvar": 0.000533681770321,
        "dvar2": 0.00133301387541,
        "max": 0.24135440588,
        "mean": 0.0133872199804,
        "median": 0.00440334482118,
        "min": 2.15225536083e-23,
        "var": 0.00066868821159
    },
    "spectral_energyband_middle_high": {
        "dmean": 0.000871793716215,
        "dmean2": 0.00128257693723,
        "dvar": 3.26697136188e-06,
        "dvar2": 6.91098193784e-06,
        "max": 0.0395236797631,
        "mean": 0.0028295328375,
        "median": 0.00122476415709,
        "min": 1.14399916802e-21,
        "var": 1.70431976585e-05
    },
    "spectral_energyband_middle_low": {
        "dmean": 0.00428594369441,
        "dmean2": 0.00716687506065,
        "dvar": 8.6231782916e-05,
        "dvar2": 0.000244143971941,
        "max": 0.140488445759,
        "mean": 0.0114657478407,
        "median": 0.00591155095026,
        "min": 2.06903952834e-22,
        "var": 0.000184867254575
    },
    "spectral_entropy": {
        "dmean": 0.184931010008,
        "dmean2": 0.270700007677,
        "dvar": 0.0664670914412,
        "dvar2": 0.151525035501,
        "max": 9.81772899628,
        "mean": 7.365442276,
        "median": 7.48799991608,
        "min": 5.10673189163,
        "var": 0.404713898897
    },
    "spectral_flux": {
        "dmean": 0.0278306584805,
        "dmean2": 0.0460018590093,
        "dvar": 0.0024997247383,
        "dvar2": 0.00478427903727,
        "max": 0.466957032681,
        "mean": 0.076098844409,
        "median": 0.0626560896635,
        "min": 6.51086823344e-11,
        "var": 0.00525627844036
    },
    "spectral_kurtosis": {
        "dmean": 3.11104011536,
        "dmean2": 5.29368591309,
        "dvar": 131.711364746,
        "dvar2": 333.80847168,
        "max": 215.358016968,
        "mean": 7.72610855103,
        "median": 4.44397830963,
        "min": -1.32350790501,
        "var": 341.648620605
    },
    "spectral_rms": {
        "dmean": 0.000868135713972,
        "dmean2": 0.00137782958336,
        "dvar": 1.98944167096e-06,
        "dvar2": 4.63815968033e-06,
        "max": 0.016930019483,
        "mean": 0.00438266387209,
        "median": 0.00391328521073,
        "min": 3.13624538666e-12,
        "var": 8.59230203787e-06
    },
    "spectral_rolloff": {
        "dmean": 373.175750732,
        "dmean2": 614.747802734,
        "dvar": 890327.5625,
        "dvar2": 1869428.75,
        "max": 19466.015625,
        "mean": 1027.93066406,
        "median": 516.796875,
        "min": 21.533203125,
        "var": 2941217.75
    },
    "spectral_skewness": {
        "dmean": 0.302207589149,
        "dmean2": 0.492624670267,
        "dvar": 0.330834329128,
        "dvar2": 0.831972956657,
        "max": 11.769657135,
        "mean": 1.92079257965,
        "median": 1.71881103516,
        "min": -0.135789468884,
        "var": 1.24068069458
    },
    "spectral_spread": {
        "dmean": 513658.46875,
        "dmean2": 738013,
        "dvar": 777350086656,
        "dvar2": 1.25300585267e+12,
        "max": 42056676,
        "mean": 4844827,
        "median": 4540008,
        "min": 342322.28125,
        "var": 7.54085737267e+12
    },
    "spectral_strongpeak": {
        "dmean": 0.364681482315,
        "dmean2": 0.634200453758,
        "dvar": 0.728291511536,
        "dvar2": 2.01111292839,
        "max": 14.5226039886,
        "mean": 0.580857813358,
        "median": 0.277728617191,
        "min": 0,
        "var": 1.01589536667
    },
    "zerocrossingrate": {
        "dmean": 0.00866816751659,
        "dmean2": 0.0100313639268,
        "dvar": 0.000188635473023,
        "dvar2": 0.000202215756872,
        "max": 0.5205078125,
        "mean": 0.041711166501,
        "median": 0.03369140625,
        "min": 0.00048828125,
        "var": 0.00197729328647
    },
    "barkbands": {
        "dmean": [0.00272652250715, 0.00412269774824, 0.00414506345987, 0.00151531596202, 0.00170694326516, 0.00115795084275, 0.000751602521632, 0.000673284521326, 0.000442039512563, 0.000166254380019, 0.000185631521163, 0.000200755966944, 0.000142917531775, 0.000126460829051, 0.000155025205459, 0.000226865129662, 0.000133326422656, 8.74255856615e-05, 6.49099165457e-05, 7.12477631168e-05, 7.30363899493e-05, 6.44203682896e-05, 4.0898557927e-05, 5.41800000065e-05, 6.21199505986e-05, 2.63673591689e-05, 1.7543678041e-05],
        "dmean2": [0.00476720975712, 0.00638018781319, 0.00757783884183, 0.00272033060901, 0.00282537844032, 0.00184998393524, 0.00113699492067, 0.0010442287894, 0.000691783556249, 0.000273057899904, 0.000310786941554, 0.000322883075569, 0.000229691824643, 0.000206365570193, 0.000243032176513, 0.000343324965797, 0.000207713164855, 0.000129508334794, 9.96746384772e-05, 0.000109924301796, 0.000116927345516, 9.66672960203e-05, 6.330863107e-05, 7.6992000686e-05, 8.68835631991e-05, 3.886387276e-05, 2.96038997476e-05],
        "dvar": [2.16595344682e-05, 0.000149909566971, 0.000245887902565, 2.65797061729e-05, 1.48752214955e-05, 6.7041710281e-06, 2.62840330834e-06, 2.97222732115e-06, 1.599723646e-06, 8.63514841853e-08, 1.88526996681e-07, 2.1163255326e-07, 1.2336455768e-07, 9.19166538438e-08, 1.93384536828e-07, 5.49777496417e-07, 1.45403973306e-07, 4.90049529844e-08, 1.96140916842e-08, 2.27465957181e-08, 3.2578689968e-08, 2.23614033956e-08, 1.10509095208e-08, 6.87509356112e-08, 1.43743264402e-07, 1.32713680046e-08, 3.06828562557e-09],
        "dvar2": [6.33907984593e-05, 0.000293869728921, 0.00070809427416, 7.67038873164e-05, 4.20040851168e-05, 1.68749538716e-05, 6.06198318565e-06, 7.1269532782e-06, 3.64441848433e-06, 2.23489749374e-07, 5.18476099387e-07, 5.05948264617e-07, 3.02168672306e-07, 2.26055917096e-07, 4.27500879141e-07, 1.15099601317e-06, 3.35522656769e-07, 8.75122836419e-08, 4.50496600024e-08, 4.89634608414e-08, 8.37676239485e-08, 4.87099072188e-08, 2.60417571951e-08, 1.2613949707e-07, 2.82236811699e-07, 2.24261214044e-08, 8.12442024767e-09],
        "max": [0.0440038368106, 0.174117535353, 0.164375811815, 0.0683134049177, 0.0699372887611, 0.0645053237677, 0.0446343608201, 0.0626559332013, 0.0528205409646, 0.00439883396029, 0.00655128061771, 0.0110974889249, 0.0110609140247, 0.00566959381104, 0.013221943751, 0.0262911338359, 0.0107220588252, 0.00962589494884, 0.00278796977364, 0.00421544536948, 0.00298974732868, 0.00429093046114, 0.00223477813415, 0.0113538391888, 0.0262236539274, 0.00629791384563, 0.000624798762146],
        "mean": [0.00288232462481, 0.00652033137158, 0.00424842024222, 0.00173223309685, 0.00347893708386, 0.00246231956407, 0.00143300066702, 0.00134608394001, 0.000940658617765, 0.000288468610961, 0.000280917127384, 0.000353643874405, 0.000252684141742, 0.00020689216035, 0.000271944911219, 0.000560295244213, 0.000287749862764, 0.000165436751558, 0.000129748805193, 0.000123378267745, 0.000121936114738, 0.00011144628661, 5.19918939972e-05, 9.25551867113e-05, 0.000102462392533, 3.50176705979e-05, 1.40673282658e-05],
        "median": [0.000793730141595, 0.00141677865759, 0.00120033416897, 0.000404217629693, 0.00137330405414, 0.000599822844379, 0.000434521643911, 0.000180295697646, 0.000197016837774, 0.000112500296382, 9.18560835999e-05, 9.70190958469e-05, 7.86751552369e-05, 6.58708740957e-05, 5.41187546332e-05, 5.47068339074e-05, 4.40021176473e-05, 4.96311804454e-05, 3.40204060194e-05, 3.45937296515e-05, 3.64838488167e-05, 3.26827430399e-05, 1.88061967492e-05, 1.76688954525e-05, 1.31297510961e-05, 5.0139196901e-06, 8.37934976516e-07],
        "min": [5.55002547526e-25, 4.6136869252e-24, 1.50008744496e-24, 2.58588486402e-24, 8.44710837361e-24, 9.34898938072e-24, 1.30532033015e-23, 1.29297804908e-23, 1.37680840421e-23, 8.87471042729e-24, 1.2863441233e-23, 2.25221997251e-23, 2.59244037703e-23, 4.33197507185e-23, 3.86390003611e-23, 5.11483747874e-23, 8.36119731896e-23, 1.23642158156e-22, 1.51024807597e-22, 2.0462237777e-22, 2.06690039e-22, 2.83225046346e-22, 4.44434086095e-22, 6.44067038546e-22, 7.50699777864e-22, 1.22878891685e-21, 2.13422554094e-21],
        "var": [2.19380544877e-05, 0.000230957928579, 0.00015552691184, 1.87009591173e-05, 2.52404788625e-05, 1.88990507013e-05, 7.92034825281e-06, 1.2303659787e-05, 6.06999401498e-06, 1.7680453368e-07, 2.7217251386e-07, 4.5966649509e-07, 2.86128056359e-07, 1.64581692275e-07, 5.20618755218e-07, 3.59843784281e-06, 5.79832146741e-07, 1.42833556538e-07, 5.40246709591e-08, 5.46600062989e-08, 4.9521521106e-08, 4.80086299603e-08, 1.28112365161e-08, 1.8690990089e-07, 4.5807385618e-07, 4.02202608996e-08, 2.37819519633e-09]
    },
    "erbbands": {
        "dmean": [0.187515884638, 0.941028773785, 4.24962043762, 5.2423992157, 4.50229120255, 6.23834180832, 10.6387500763, 8.23430728912, 9.53539466858, 11.3552331924, 14.6055364609, 9.77416133881, 6.12074899673, 5.05313539505, 6.76179170609, 8.08807849884, 6.1064581871, 6.41926860809, 6.90289878845, 8.8374080658, 11.4599151611, 7.63048362732, 4.8842959404, 3.04820966721, 3.48543000221, 2.97752523422, 3.03635859489, 2.75354337692, 2.48978829384, 1.7850946188, 0.981004178524, 1.19936227798, 0.884852528572, 0.859232783318, 0.347606271505, 0.139043852687, 0.0409284234047, 0.0149397812784, 0.00300806993619, 0.000182929637958],
        "dmean2": [0.29138186574, 1.47033846378, 7.75728607178, 9.37283325195, 7.86849308014, 10.1271190643, 16.6868743896, 13.1977205276, 14.5197296143, 17.3438854218, 22.7542858124, 15.2697553635, 9.86957836151, 8.35957622528, 11.1103143692, 13.0121927261, 9.68936824799, 10.5408334732, 10.9191970825, 13.733912468, 16.7894248962, 11.6473140717, 7.28354883194, 4.56975364685, 5.24449157715, 4.56584453583, 4.74933958054, 4.32831382751, 3.79515099525, 2.79134297371, 1.4717117548, 1.74264657497, 1.26013660431, 1.21365976334, 0.474574178457, 0.198446080089, 0.0621556639671, 0.0246545206755, 0.00513740489259, 0.000300315616187],
        "dvar": [0.283067196608, 8.57745265961, 255.699859619, 335.440093994, 221.583602905, 170.083023071, 524.157836914, 335.146270752, 441.953552246, 868.682067871, 1453.72058105, 857.207519531, 225.183273315, 87.9130554199, 249.61138916, 406.300445557, 220.099685669, 256.337188721, 348.49420166, 724.573425293, 1587.15478516, 510.196868896, 148.877182007, 67.1961593628, 52.2491989136, 40.8763885498, 49.5342559814, 43.1048431396, 36.9444198608, 16.8812026978, 7.04907846451, 26.987455368, 21.381067276, 42.4291954041, 3.402520895, 0.608797490597, 0.0260154400021, 0.00219797948375, 9.67249070527e-05, 2.98773045415e-07],
        "dvar2": [0.590467810631, 21.1019535065, 730.268066406, 964.405090332, 637.830993652, 473.542663574, 1343.79003906, 856.703552246, 1019.34082031, 2021.43762207, 3496.75292969, 1901.31774902, 538.164550781, 233.734588623, 641.399475098, 978.273742676, 532.472229004, 645.372131348, 821.233642578, 1588.59863281, 3380.90161133, 1169.55444336, 278.286560059, 147.100112915, 112.808746338, 88.2349777222, 120.557731628, 105.238197327, 82.0350036621, 40.2678222656, 16.0448455811, 55.4560546875, 38.8788986206, 101.864692688, 4.99519920349, 1.05882847309, 0.0450266599655, 0.00553543586284, 0.000260792527115, 7.69737596329e-07],
        "max": [6.13854503632, 41.7775115967, 154.746810913, 196.418182373, 232.09538269, 318.887023926, 450.13684082, 508.941009521, 796.429626465, 863.346557617, 991.115478516, 1654.57897949, 561.885559082, 209.886032104, 255.009750366, 504.807434082, 315.75177002, 334.409790039, 548.816772461, 744.32019043, 1580.26916504, 614.536560059, 540.799438477, 171.060958862, 184.890975952, 180.288726807, 119.092658997, 126.209686279, 206.719573975, 49.9374542236, 65.377204895, 230.848358154, 183.106613159, 422.44921875, 112.085891724, 49.8338699341, 6.26486825943, 0.966715276241, 0.103817336261, 0.00463810516521],
        "mean": [0.238864317536, 1.31679904461, 4.27252483368, 6.32632923126, 6.09138774872, 12.7671394348, 22.8152618408, 17.4645652771, 18.8883152008, 23.6380310059, 30.3311023712, 21.2455539703, 12.883102417, 9.53515434265, 11.7282047272, 14.4104213715, 11.8155231476, 11.535610199, 12.2265529633, 19.4243049622, 30.0209827423, 18.4990291595, 10.6272907257, 5.73166322708, 7.43902444839, 5.56897115707, 5.27565765381, 4.5356259346, 4.29742431641, 2.43554615974, 1.36206173897, 1.88656949997, 1.52179193497, 1.38395226002, 0.560262322426, 0.203446537256, 0.0525892302394, 0.0135314194486, 0.00237066112459, 0.000173534630449],
        "median": [0.0425459519029, 0.266514539719, 1.14450454712, 2.05817246437, 2.03641700745, 4.84819793701, 3.95969390869, 5.43667888641, 7.02266311646, 5.02184200287, 5.57375383377, 4.73636436462, 4.12141704559, 3.85773468018, 4.10263442993, 4.02416133881, 3.97701883316, 3.94119644165, 3.3748061657, 3.19244718552, 2.87786459923, 2.89889478683, 3.04910421371, 1.99171996117, 1.88317072392, 1.66299819946, 1.5164949894, 1.36329650879, 1.1845729351, 0.842480778694, 0.498630344868, 0.41983512044, 0.244658604264, 0.166369944811, 0.0774431824684, 0.0286810174584, 0.00766771566123, 0.00126542546786, 0.00014269669191, 2.97156238958e-05],
        "min": [9.14805641074e-23, 7.72989579166e-22, 2.11252719599e-21, 7.65618664816e-21, 9.9924855869e-21, 3.30219063143e-20, 6.39938135014e-20, 7.87401044531e-20, 1.28867837648e-19, 3.09145829245e-19, 2.70744977433e-19, 2.93646429119e-19, 5.36177956069e-19, 5.88739545431e-19, 1.18307186578e-18, 1.25098091253e-18, 1.99929698811e-18, 2.71725977451e-18, 2.90229077175e-18, 3.25135106408e-18, 4.02406576241e-18, 4.98061245968e-18, 5.95773031161e-18, 7.43853746367e-18, 8.01779715739e-18, 9.79763589115e-18, 8.91478188747e-18, 8.6956451996e-18, 1.04763822515e-17, 1.19669120845e-17, 1.28384717641e-17, 1.22705518894e-17, 1.01050468125e-17, 7.1598561794e-18, 5.92680409645e-18, 4.79475903811e-18, 2.24699870408e-18, 9.98858122978e-19, 2.8219106331e-19, 2.86702512833e-20],
        "var": [0.366827249527, 9.82742023468, 161.686355591, 237.47744751, 165.397064209, 391.426147461, 1436.67004395, 861.805419922, 1414.57580566, 3135.21435547, 5145.20068359, 3316.29760742, 822.188537598, 196.257049561, 413.911987305, 810.714111328, 486.799346924, 508.98425293, 773.315979004, 2885.23193359, 10940.8369141, 2417.41162109, 499.771026611, 117.623626709, 193.997131348, 103.457923889, 93.510093689, 68.9744567871, 75.7014083862, 21.7658805847, 9.15492534637, 59.5968551636, 60.6670951843, 89.5992279053, 13.7789411545, 2.01739096642, 0.0670199766755, 0.00234893220477, 7.09991218173e-05, 2.47889943239e-07]
    },
    "gfcc": {
        "mean": [-53.9910316467, 102.263397217, -96.4906768799, 27.1657352448, -56.8868026733, 9.74529266357, -36.5891990662, 3.04791283607, -20.2366142273, 1.65831911564, -14.6187620163, -0.920569121838, -9.1174249649],
        "cov": [[20659.0449219, -2601.48388672, -417.522766113, 1084.25292969, -93.0224380493, 176.87121582, -343.40838623, 661.80480957, -103.84728241, 635.081665039, -281.146026611, 422.418792725, 2.60510230064], [-2601.48388672, 1998.72338867, -19.1646137238, -351.725097656, 59.9692687988, -52.6337585449, 151.110198975, -173.738372803, 78.4996566772, -194.960784912, 91.6469268799, -140.474319458, 30.2095050812], [-417.522766113, -19.1646137238, 672.331176758, -2.61850094795, 159.301986694, 95.8975830078, 112.195762634, 6.25524330139, 14.5372314453, 22.686504364, 22.8323402405, 20.5598201752, -3.79690790176], [1084.25292969, -351.725097656, -2.61850094795, 332.391235352, 36.2662010193, 22.5721263885, -32.9399108887, 63.8192214966, 32.3343391418, 49.8579788208, -31.2434978485, 28.3662662506, 26.4694061279], [-93.0224380493, 59.9692687988, 159.301986694, 36.2662010193, 259.147399902, 35.0958213806, 72.8805618286, 20.3440799713, 59.6203346252, 18.0927677155, 13.4628486633, 15.5597381592, 24.9618644714], [176.87121582, -52.6337585449, 95.8975830078, 22.5721263885, 35.0958213806, 191.438354492, 56.9752082825, 34.7987442017, -8.11998939514, 33.7158927917, 22.6226062775, 20.4402351379, 0.711214542389], [-343.40838623, 151.110198975, 112.195762634, -32.9399108887, 72.8805618286, 56.9752082825, 191.452957153, 12.9614295959, 33.9267425537, 16.2742385864, 48.5790061951, 5.93056774139, -7.65232658386], [661.80480957, -173.738372803, 6.25524330139, 63.8192214966, 20.3440799713, 34.7987442017, 12.9614295959, 129.442047119, 34.5317230225, 64.9776000977, 13.2041072845, 37.7185554504, 13.1739215851], [-103.84728241, 78.4996566772, 14.5372314453, 32.3343391418, 59.6203346252, -8.11998939514, 33.9267425537, 34.5317230225, 106.118347168, 36.3838119507, 25.4478168488, 8.10157203674, 33.7022247314], [635.081665039, -194.960784912, 22.686504364, 49.8579788208, 18.0927677155, 33.7158927917, 16.2742385864, 64.9776000977, 36.3838119507, 123.058578491, 29.3950462341, 41.0017204285, 13.9669923782], [-281.146026611, 91.6469268799, 22.8323402405, -31.2434978485, 13.4628486633, 22.6226062775, 48.5790061951, 13.2041072845, 25.4478168488, 29.3950462341, 91.2359848022, 29.4084606171, 14.3226861954], [422.418792725, -140.474319458, 20.5598201752, 28.3662662506, 15.5597381592, 20.4402351379, 5.93056774139, 37.7185554504, 8.10157203674, 41.0017204285, 29.4084606171, 92.9099502563, 25.0065631866], [2.60510230064, 30.2095050812, -3.79690790176, 26.4694061279, 24.9618644714, 0.711214542389, -7.65232658386, 13.1739215851, 33.7022247314, 13.9669923782, 14.3226861954, 25.0065631866, 86.7357711792]],
        "icov": [[8.83223110577e-05, -2.80760941678e-05, 5.41984845768e-05, -0.000180218266905, -6.44546071271e-06, 5.83713699598e-06, 3.97650001105e-05, -0.000240481851506, 0.000263652764261, -0.000394513044739, 0.000373414281057, -0.000297842430882, 9.16283170227e-05], [-2.80760941678e-05, 0.0010277753463, 9.67430751189e-05, 0.000762730662245, -0.000111396198918, -9.34921918088e-05, -0.000453088607173, 0.00060996535467, -0.00116600503679, 0.00151112047024, -0.00114284397569, 0.0012159749167, -0.000637573364656], [5.41984845768e-05, 9.67430751189e-05, 0.00196989485994, 3.3583088225e-05, -0.00105145142879, -0.000594514945988, -0.000659287674353, 0.000235423649428, 0.000382340018405, -0.000315418001264, 0.000276970939012, -0.000330149341607, 0.000205889387871], [-0.000180218266905, 0.000762730662245, 3.3583088225e-05, 0.00472823763266, -0.000447184051154, -0.000558396277484, 0.000299540028209, -0.000222576753004, -0.00215909350663, 0.000899719656445, 0.000634278636426, 0.000681164267007, -0.0011152557563], [-6.44546071271e-06, -0.000111396198918, -0.00105145142879, -0.000447184051154, 0.00560176279396, -0.00035062697134, -0.00126347423065, 0.000143191369716, -0.00259995530359, 0.000432195258327, 0.00103487516753, -0.00072962482227, -0.000632939569186], [5.83713699598e-06, -9.34921918088e-05, -0.000594514945988, -0.000558396277484, -0.00035062697134, 0.00681882584468, -0.00167433742899, -0.00147143891081, 0.00284279626794, -0.00128884823062, -0.000798327266239, 0.000104530532553, -0.000497834233101], [3.97650001105e-05, -0.000453088607173, -0.000659287674353, 0.000299540028209, -0.00126347423065, -0.00167433742899, 0.00815787818283, -0.000515491876286, -0.00148472783621, -0.000243274771492, -0.0026637322735, -7.94368388597e-05, 0.00229056668468], [-0.000240481851506, 0.00060996535467, 0.000235423649428, -0.000222576753004, 0.000143191369716, -0.00147143891081, -0.000515491876286, 0.0130094354972, -0.00392809463665, -0.00245149154216, -0.00044828481623, -0.001411476871, 0.000224470233661], [0.000263652764261, -0.00116600503679, 0.000382340018405, -0.00215909350663, -0.00259995530359, 0.00284279626794, -0.00148472783621, -0.00392809463665, 0.0178791619837, -0.00562534434721, -0.000797057931777, 0.00137607101351, -0.0040420377627], [-0.000394513044739, 0.00151112047024, -0.000315418001264, 0.000899719656445, 0.000432195258327, -0.00128884823062, -0.000243274771492, -0.00245149154216, -0.00562534434721, 0.0168760772794, -0.00541484449059, -0.000100709119579, -0.000174330009031], [0.000373414281057, -0.00114284397569, 0.000276970939012, 0.000634278636426, 0.00103487516753, -0.000798327266239, -0.0026637322735, -0.00044828481623, -0.000797057931777, -0.00541484449059, 0.0191542543471, -0.00686107669026, -0.000256005005213], [-0.000297842430882, 0.0012159749167, -0.000330149341607, 0.000681164267007, -0.00072962482227, 0.000104530532553, -7.94368388597e-05, -0.001411476871, 0.00137607101351, -0.000100709119579, -0.00686107669026, 0.0178752876818, -0.00475947698578], [9.16283170227e-05, -0.000637573364656, 0.000205889387871, -0.0011152557563, -0.000632939569186, -0.000497834233101, 0.00229056668468, 0.000224470233661, -0.0040420377627, -0.000174330009031, -0.000256005005213, -0.00475947698578, 0.0154652893543]]
    },
    "melbands": {
        "dmean": [0.00137033301871, 0.00185118347872, 0.000875447702128, 0.000358532735845, 0.000342833111063, 0.000192178573343, 0.00014094056678, 0.000128378946101, 0.000115186012408, 6.05945169809e-05, 3.15529978252e-05, 2.1142188416e-05, 2.51256587944e-05, 2.00332469831e-05, 1.99681817321e-05, 1.45870544657e-05, 1.21773427963e-05, 1.1763439943e-05, 1.16170758702e-05, 1.61137049872e-05, 1.3271474927e-05, 8.28055726743e-06, 6.53735378364e-06, 3.62006585419e-06, 2.55849317909e-06, 2.67256245934e-06, 2.76923151432e-06, 1.93516279978e-06, 1.90988180293e-06, 1.97559597837e-06, 1.59097351116e-06, 1.55522229761e-06, 1.17076456263e-06, 9.75320972429e-07, 5.52755068384e-07, 5.8534811842e-07, 8.37696916278e-07, 6.4683894152e-07, 6.82383529238e-07, 7.82819768119e-07],
        "dmean2": [0.00209751608782, 0.00327352574095, 0.00156314892229, 0.000602156156674, 0.000541851797607, 0.000306121859467, 0.000214297135244, 0.000196721419343, 0.000180073082447, 9.49963286985e-05, 5.08902485308e-05, 3.47920649801e-05, 4.17569863203e-05, 3.1988700357e-05, 3.18585007335e-05, 2.39137407334e-05, 2.00706253963e-05, 1.89391503227e-05, 1.82722415047e-05, 2.39921901084e-05, 1.98480811378e-05, 1.29060008476e-05, 9.72705856839e-06, 5.56013128516e-06, 3.90710010834e-06, 4.0784320845e-06, 4.31022181147e-06, 2.98339477922e-06, 2.9963553061e-06, 3.19488071909e-06, 2.48728611041e-06, 2.37111385104e-06, 1.82108010449e-06, 1.58115778959e-06, 8.42844258386e-07, 8.95901848708e-07, 1.22555900361e-06, 9.48954209434e-07, 9.94666038423e-07, 1.11464601105e-06],
        "dvar": [1.32976274472e-05, 4.39978430222e-05, 9.55175437412e-06, 8.95431412573e-07, 4.66866623583e-07, 1.69276120232e-07, 8.90812259513e-08, 1.00009373227e-07, 9.05582169253e-08, 3.50652129555e-08, 6.01346528128e-09, 1.44840239802e-09, 3.7792866614e-09, 1.93156202144e-09, 2.56087639983e-09, 1.20805865311e-09, 9.45359901472e-10, 1.00103836331e-09, 1.25591093081e-09, 3.24096549598e-09, 2.17197948515e-09, 5.76543923714e-10, 2.83746887098e-10, 9.82530862226e-11, 5.1084567132e-11, 3.30704352791e-11, 3.64972253808e-11, 1.81829204471e-11, 1.81613109967e-11, 2.53917963045e-11, 1.36651792312e-11, 1.41366076831e-11, 8.76249333509e-12, 5.46243779376e-12, 2.59140799097e-12, 2.98674214701e-12, 1.69108685388e-11, 1.26190715863e-11, 1.41890327612e-11, 4.1984960647e-11],
        "dvar2": [2.50554439845e-05, 0.00012346006406, 2.73918594758e-05, 2.56250064012e-06, 1.20698337014e-06, 4.30427235187e-07, 2.07183106227e-07, 2.36635600004e-07, 2.19372935817e-07, 8.03427298024e-08, 1.4073918031e-08, 3.81843401343e-09, 1.01123314167e-08, 4.43343317613e-09, 6.02840533048e-09, 3.03647440525e-09, 2.40125830331e-09, 2.38744335412e-09, 2.69648792184e-09, 6.19193718521e-09, 4.79025485944e-09, 1.37434164049e-09, 5.45126610518e-10, 2.12035000668e-10, 1.17680171163e-10, 7.5775774544e-11, 8.36331559562e-11, 3.88615320479e-11, 4.17701949418e-11, 6.5984183395e-11, 3.25989998884e-11, 3.11686301768e-11, 2.09876005464e-11, 1.36100670664e-11, 5.93013962588e-12, 6.56452756737e-12, 3.60875149208e-11, 2.53457064364e-11, 2.8882951586e-11, 1.02160710447e-10],
        "max": [0.0455452986062, 0.0614566877484, 0.0317525044084, 0.0165823753923, 0.0125634074211, 0.011159395799, 0.0105896843597, 0.00964526645839, 0.00742914760485, 0.00947751570493, 0.00293392175809, 0.000788339064457, 0.000983124482445, 0.000963991740718, 0.00113545288332, 0.00108983065002, 0.000730864878278, 0.000989657826722, 0.00136607617605, 0.00192870781757, 0.00163342617452, 0.000575020618271, 0.000693590147421, 0.000548000447452, 0.000147734666825, 0.000138804331073, 0.000199524132768, 0.000133839334012, 6.47550623398e-05, 9.99535768642e-05, 8.09352422948e-05, 0.00012923569011, 6.37180564809e-05, 2.40946374106e-05, 2.49642143899e-05, 6.95367416483e-05, 0.000183684256626, 0.000168407423189, 0.000163218399393, 0.000426539103501],
        "mean": [0.00209187716246, 0.002102390863, 0.00107262539677, 0.000634541385807, 0.000780044996645, 0.0004170841421, 0.000278807565337, 0.000266915536486, 0.000233912171097, 0.00012994374265, 6.26372057013e-05, 3.83336810046e-05, 3.94882299588e-05, 3.62984392268e-05, 3.44436011801e-05, 2.54612241406e-05, 2.02062037715e-05, 1.85214776138e-05, 2.14766623685e-05, 3.31105220539e-05, 3.3484720916e-05, 1.82209641935e-05, 1.41610025821e-05, 6.38015035292e-06, 4.24260315413e-06, 5.29451290276e-06, 5.14574776389e-06, 3.32814738613e-06, 3.16126670441e-06, 3.16145701618e-06, 2.4839055186e-06, 2.64133313976e-06, 1.79942730938e-06, 1.16166188491e-06, 7.06775381332e-07, 8.91287356808e-07, 1.26616328089e-06, 1.05195579181e-06, 1.09653603886e-06, 1.21238781503e-06],
        "median": [0.000497438013554, 0.000623230298515, 0.000395670067519, 0.000266856863163, 0.00017471749743, 0.000132895744173, 0.000102305930341, 4.27722407039e-05, 4.10183129134e-05, 2.4747732823e-05, 2.00213125936e-05, 1.52134271048e-05, 1.29989475681e-05, 1.03937254607e-05, 9.00652867131e-06, 8.05189120001e-06, 6.65335664962e-06, 5.02055445395e-06, 4.15031536249e-06, 3.85166731576e-06, 2.99992825603e-06, 2.59596117758e-06, 2.76709079117e-06, 2.26015117732e-06, 1.32553452659e-06, 1.23707718558e-06, 1.30504099616e-06, 9.45702311128e-07, 8.40984057504e-07, 8.92591287993e-07, 6.98068333804e-07, 6.70437202643e-07, 5.4655185977e-07, 3.98154668346e-07, 2.63827729441e-07, 2.6663076369e-07, 2.40007750563e-07, 1.69742548906e-07, 1.40700763041e-07, 1.33510837941e-07],
        "min": [1.32195456674e-24, 1.59772042047e-24, 2.52431624252e-24, 1.25148118473e-24, 2.56479624544e-24, 1.59836255324e-24, 2.19162303043e-24, 3.207466631e-24, 1.73160609051e-24, 2.05155919899e-24, 2.42858501345e-24, 2.15948128728e-24, 2.72601850966e-24, 3.05036320679e-24, 3.12642418919e-24, 4.0843068264e-24, 4.73329046578e-24, 3.60074337454e-24, 3.17833537828e-24, 3.55408185756e-24, 3.3261625871e-24, 5.22420018482e-24, 3.95642616277e-24, 5.54228704561e-24, 5.36621447485e-24, 5.96589233551e-24, 5.9669971352e-24, 6.67201435354e-24, 5.393892843e-24, 5.66282380863e-24, 4.5170940628e-24, 5.55361824365e-24, 5.72137503717e-24, 5.72349352313e-24, 6.92616561568e-24, 5.44709283359e-24, 6.82927929703e-24, 6.26145682302e-24, 6.62825939457e-24, 5.13614674172e-24],
        "var": [2.13998209802e-05, 3.1227915315e-05, 6.60539126329e-06, 1.0571287703e-06, 1.41531859299e-06, 4.70548030762e-07, 2.80283984466e-07, 4.17267841613e-07, 3.01498488398e-07, 1.4250788638e-07, 2.11796606919e-08, 3.2214437784e-09, 5.45566347654e-09, 4.70562477872e-09, 4.9179500472e-09, 2.92442581262e-09, 1.67072522483e-09, 1.99741090334e-09, 3.87563714455e-09, 1.30461588199e-08, 1.45830796328e-08, 2.45157583123e-09, 1.16136200656e-09, 1.74828512778e-10, 7.82122908105e-11, 1.0088350294e-10, 1.08594869208e-10, 4.2597550487e-11, 3.58713267423e-11, 3.5881159155e-11, 2.29767489757e-11, 3.05434670611e-11, 1.43267507233e-11, 5.62372284157e-12, 2.99518678089e-12, 5.92949691083e-12, 3.4335971566e-11, 2.98293889589e-11, 3.94403502912e-11, 8.18497492006e-11]
    },
    "mfcc": {
        "mean": [-697.55291748, 131.898666382, 17.0372657776, 20.870885849, 4.0483379364, 6.74475383759, -2.25185275078, -0.123257108033, 0.261001706123, -2.43411207199, -0.781736910343, 0.373770952225, -0.965502560139],
        "cov": [[14242.3925781, -1333.8380127, -824.716186523, 792.04498291, 241.248764038, -18.1986160278, -58.6049346924, -24.9035625458, 348.983093262, 155.996307373, 195.594177246, 244.949569702, 131.602661133], [-1333.8380127, 1305.23852539, 84.2271881104, -178.701889038, -45.4847106934, 55.4821624756, 54.620388031, 68.6389389038, -48.3248786926, 10.2103853226, 21.7199230194, -27.3527698517, -3.05657887459], [-824.716186523, 84.2271881104, 508.283355713, -25.7143955231, 34.7419052124, 58.1174163818, 90.3830108643, 28.1811199188, 15.63194561, 22.5384025574, 16.1206455231, 20.9389858246, 6.75712347031], [792.04498291, -178.701889038, -25.7143955231, 272.816223145, 72.3463668823, 15.9773168564, -20.7571201324, 11.9412918091, 65.0343475342, 26.7355194092, 18.3244895935, 34.2756004333, 32.2753143311], [241.248764038, -45.4847106934, 34.7419052124, 72.3463668823, 190.905075073, 33.4670028687, 2.36169290543, 6.80345010757, 57.0885047913, 19.8210411072, -5.92281723022, 23.000951767, 19.9440040588], [-18.1986160278, 55.4821624756, 58.1174163818, 15.9773168564, 33.4670028687, 146.450195312, 69.7631835938, 38.0112342834, 19.0101490021, 32.0857887268, 25.5477485657, 15.8049058914, 17.4215450287], [-58.6049346924, 54.620388031, 90.3830108643, -20.7571201324, 2.36169290543, 69.7631835938, 133.499389648, 50.0810813904, 3.81244063377, 36.806388855, 36.9946746826, 18.8447399139, 11.9338588715], [-24.9035625458, 68.6389389038, 28.1811199188, 11.9412918091, 6.80345010757, 38.0112342834, 50.0810813904, 98.4889831543, 10.926908493, 15.7371473312, 23.13256073, 16.4927330017, 18.7213878632], [348.983093262, -48.3248786926, 15.63194561, 65.0343475342, 57.0885047913, 19.0101490021, 3.81244063377, 10.926908493, 116.806510925, 34.5435066223, 13.1238451004, 29.3920631409, 25.0590629578], [155.996307373, 10.2103853226, 22.5384025574, 26.7355194092, 19.8210411072, 32.0857887268, 36.806388855, 15.7371473312, 34.5435066223, 89.5500946045, 42.257396698, 18.8586215973, 17.0374393463], [195.594177246, 21.7199230194, 16.1206455231, 18.3244895935, -5.92281723022, 25.5477485657, 36.9946746826, 23.13256073, 13.1238451004, 42.257396698, 103.027328491, 34.8499908447, 9.77655887604], [244.949569702, -27.3527698517, 20.9389858246, 34.2756004333, 23.000951767, 15.8049058914, 18.8447399139, 16.4927330017, 29.3920631409, 18.8586215973, 34.8499908447, 75.4339447021, 40.1192855835], [131.602661133, -3.05657887459, 6.75712347031, 32.2753143311, 19.9440040588, 17.4215450287, 11.9338588715, 18.7213878632, 25.0590629578, 17.0374393463, 9.77655887604, 40.1192855835, 81.0859222412]],
