{
"lowlevel": {
    "average_loudness": 0.800967991352,
    "barkbands_crest": {
        "dmean": 2.69651770592,
        "dmean2": 4.40338230133,
        "dvar": 7.17891407013,
        "dvar2": 18.2361316681,
        "max": 26.8302536011,
        "mean": 14.5099849701,
        "median": 13.5421619415,
        "min": 2.4213757515,
        "var": 34.9098548889
    },
    "barkbands_flatness_db": {
        "dmean": 0.0334946103394,
        "dmean2": 0.0473744086921,
        "dvar": 0.00129842024762,
        "dvar2": 0.00258223665878,
        "max": 0.618214428425,
        "mean": 0.226662412286,
        "median": 0.218925207853,
        "min": 0.0180078689009,
        "var": 0.0099042635411
    },
    "barkbands_kurtosis": {
        "dmean": 22.7162704468,
        "dmean2": 35.1152000427,
        "dvar": 5736.87597656,
        "dvar2": 14387.1259766,
        "max": 2117.87231445,
        "mean": 37.6812820435,
        "median": 7.52552509308,
        "min": -1.96999537945,
        "var": 12209.328125
    },
    "barkbands_skewness": {
        "dmean": 1.13271200657,
        "dmean2": 1.68108606339,
        "dvar": 3.048787117,
        "dvar2": 7.27802181244,
        "max": 36.9665222168,
        "mean": 3.48300147057,
        "median": 2.33930850029,
        "min": -6.88051939011,
        "var": 13.3137779236
    },
    "barkbands_spread": {
        "dmean": 5.98707485199,
        "dmean2": 8.47009181976,
        "dvar": 137.68862915,
        "dvar2": 246.80682373,
        "max": 140.435836792,
        "mean": 13.8088731766,
        "median": 7.83066606522,
        "min": 0.0473410747945,
        "var": 353.619812012
    },
    "dissonance": {
        "dmean": 0.0247122664005,
        "dmean2": 0.0416305549443,
        "dvar": 0.000587209360674,
        "dvar2": 0.00158949114848,
        "max": 0.500000119209,
        "mean": 0.438735991716,
        "median": 0.450493872166,
        "min": 0.166594907641,
        "var": 0.00211749156006
    },
    "dynamic_complexity": 6.67747354507,
    "erbbands_crest": {
        "dmean": 2.3086681366,
        "dmean2": 3.62952637672,
        "dvar": 5.44597768784,
        "dvar2": 13.7243595123,
        "max": 32.2538566589,
        "mean": 10.0869750977,
        "median": 8.92827701569,
        "min": 2.34967184067,
        "var": 24.1825656891
    },
    "erbbands_flatness_db": {
        "dmean": 0.0251371189952,
        "dmean2": 0.0325742848217,
        "dvar": 0.000848830735777,
        "dvar2": 0.00156338803936,
        "max": 0.425991386175,
        "mean": 0.178394645452,
        "median": 0.169591322541,
        "min": 0.0332652404904,
        "var": 0.00530366878957
    },
    "erbbands_kurtosis": {
        "dmean": 1.69549882412,
        "dmean2": 2.49905872345,
        "dvar": 20.7735710144,
        "dvar2": 43.6271438599,
        "max": 103.499702454,
        "mean": 1.81600737572,
        "median": 0.250822544098,
        "min": -1.87836110592,
        "var": 50.0320358276
    },
    "erbbands_skewness": {
        "dmean": 0.44407248497,
        "dmean2": 0.642491042614,
        "dvar": 0.272881031036,
        "dvar2": 0.588412702084,
        "max": 8.6618013382,
        "mean": 0.894621491432,
        "median": 0.768434584141,
        "min": -3.73377919197,
        "var": 1.17688274384
    },
    "erbbands_spread": {
        "dmean": 11.073887825,
        "dmean2": 15.3687543869,
        "dvar": 255.846786499,
        "dvar2": 495.003997803,
        "max": 192.049179077,
        "mean": 40.7534980774,
        "median": 31.0001678467,
        "min": 1.81303560734,
        "var": 853.195983887
    },
    "hfc": {
        "dmean": 5.54247140884,
        "dmean2": 8.46624279022,
        "dvar": 143.140106201,
        "dvar2": 344.850311279,
        "max": 117.328315735,
        "mean": 10.0056829453,
        "median": 4.30240440369,
        "min": 1.21627829942e-16,
        "var": 225.780273438
    },
    "melbands_crest": {
        "dmean": 2.95241737366,
        "dmean2": 4.75881528854,
        "dvar": 8.05708312988,
        "dvar2": 20.448759079,
        "max": 35.5714035034,
        "mean": 17.5038814545,
        "median": 16.8975887299,
        "min": 1.83639121056,
        "var": 41.0091819763
    },
    "melbands_flatness_db": {
        "dmean": 0.0389970950782,
        "dmean2": 0.0547272898257,
        "dvar": 0.00178798055276,
        "dvar2": 0.00348235340789,
        "max": 0.773044884205,
        "mean": 0.325750172138,
        "median": 0.317509680986,
        "min": 0.00487009761855,
        "var": 0.0143594117835
    },
    "melbands_kurtosis": {
        "dmean": 23.1269054413,
        "dmean2": 34.4265632629,
        "dvar": 2548.03125,
        "dvar2": 5569.34228516,
        "max": 907.020507812,
        "mean": 47.8322067261,
        "median": 16.6444568634,
        "min": -1.92376661301,
        "var": 6980.30029297
    },
    "melbands_skewness": {
        "dmean": 1.06725668907,
        "dmean2": 1.58212780952,
        "dvar": 1.90565145016,
        "dvar2": 3.95751571655,
        "max": 22.2855167389,
        "mean": 4.08884716034,
        "median": 3.19241046906,
        "min": -1.05001401901,
        "var": 8.44071006775
    },
    "melbands_spread": {
        "dmean": 3.91779375076,
        "dmean2": 5.74870634079,
        "dvar": 111.187515259,
        "dvar2": 212.153182983,
        "max": 268.719848633,
        "mean": 10.5609264374,
        "median": 7.42652273178,
        "min": 0.235223695636,
        "var": 316.861358643
    },
    "pitch_salience": {
        "dmean": 0.0803926214576,
        "dmean2": 0.131019607186,
        "dvar": 0.00725834490731,
        "dvar2": 0.0182384364307,
        "max": 0.886373698711,
        "mean": 0.466906636953,
        "median": 0.480595529079,
        "min": 0.0329945199192,
        "var": 0.0375366285443
    },
    "silence_rate_20dB": {
        "dmean": 0,
        "dmean2": 0,
        "dvar": 0,
        "dvar2": 0,
        "max": 1,
        "mean": 1,
        "median": 1,
        "min": 1,
        "var": 0
    },
    "silence_rate_30dB": {
        "dmean": 0.0596451498568,
        "dmean2": 0.119301557541,
        "dvar": 0.056088745594,
        "dvar2": 0.1256506145,
        "max": 1,
        "mean": 0.927904129028,
        "median": 1,
        "min": 0,
        "var": 0.0668942332268
    },
    "silence_rate_60dB": {
        "dmean": 0.0560588911176,
        "dmean2": 0.11212836206,
        "dvar": 0.0529140941799,
        "dvar2": 0.109373107553,
        "max": 1,
        "mean": 0.289610266685,
        "median": 0,
        "min": 0,
        "var": 0.205724403262
    },
    "spectral_centroid": {
        "dmean": 187.927902222,
        "dmean2": 267.838165283,
        "dvar": 130103.921875,
        "dvar2": 232106.734375,
        "max": 11565.5048828,
        "mean": 701.216796875,
        "median": 516.78717041,
        "min": 78.9485244751,
        "var": 459256.40625
    },
    "spectral_complexity": {
        "dmean": 2.36542081833,
        "dmean2": 3.44653129578,
        "dvar": 17.9677448273,
        "dvar2": 29.3234405518,
        "max": 55,
        "mean": 8.94687175751,
        "median": 7,
        "min": 0,
        "var": 70.6143569946
    },
    "spectral_decrease": {
        "dmean": 4.69290117877e-09,
        "dmean2": 8.05376210167e-09,
        "dvar": 1.52686476709e-16,
        "dvar2": 4.25241562103e-16,
        "max": 4.79208228654e-10,
        "mean": -8.63617799496e-09,
        "median": -2.90857871121e-09,
        "min": -1.32111992457e-07,
        "var": 1.85406618308e-16
    },
    "spectral_energy": {
        "dmean": 0.0181285012513,
        "dmean2": 0.0310299340636,
        "dvar": 0.00224184524268,
        "dvar2": 0.00623513944447,
        "max": 0.504752457142,
        "mean": 0.0335025079548,
        "median": 0.011567546986,
        "min": 1.07953233403e-20,
        "var": 0.00273394095711
    },
    "spectral_energyband_high": {
        "dmean": 0.000236222433159,
        "dmean2": 0.000320611114148,
        "dvar": 2.79841572137e-07,
        "dvar2": 5.2960854191e-07,
        "max": 0.00652646040544,
        "mean": 0.000302104715956,
        "median": 1.51763160829e-05,
        "min": 7.88770997797e-21,
        "var": 5.06318656335e-07
    },
    "spectral_energyband_low": {
        "dmean": 0.0130588430911,
        "dmean2": 0.0224846489727,
        "dvar": 0.00171464274172,
        "dvar2": 0.00482665048912,
        "max": 0.460184961557,
        "mean": 0.0224522035569,
        "median": 0.00195016257931,
        "min": 4.98529452742e-23,
        "var": 0.00201687123626
    },
    "spectral_energyband_middle_high": {
        "dmean": 0.000872127129696,
        "dmean2": 0.00134675519075,
        "dvar": 6.92342973707e-06,
        "dvar2": 1.63550139405e-05,
        "max": 0.0382085852325,
        "mean": 0.00183769338764,
        "median": 0.000337033823598,
        "min": 1.328114608e-21,
        "var": 1.39131188917e-05
    },
    "spectral_energyband_middle_low": {
        "dmean": 0.00590796396136,
        "dmean2": 0.0102782929316,
        "dvar": 0.000424422498327,
        "dvar2": 0.00119401037227,
        "max": 0.228613138199,
        "mean": 0.00931760761887,
        "median": 0.00273707974702,
        "min": 2.67315703506e-22,
        "var": 0.000382475554943
    },
    "spectral_entropy": {
        "dmean": 0.288574129343,
        "dmean2": 0.399806529284,
        "dvar": 0.115013934672,
        "dvar2": 0.216497525573,
        "max": 9.79424762726,
        "mean": 6.957716465,
        "median": 6.92374658585,
        "min": 4.27082252502,
        "var": 0.654125154018
    },
    "spectral_flux": {
        "dmean": 0.0341709814966,
        "dmean2": 0.053290605545,
        "dvar": 0.00396088464186,
        "dvar2": 0.00823569018394,
        "max": 0.680396854877,
        "mean": 0.0666131749749,
        "median": 0.0379116684198,
        "min": 6.95203547507e-11,
        "var": 0.00692324014381
    },
    "spectral_kurtosis": {
        "dmean": 5.94175434113,
        "dmean2": 9.27038955688,
        "dvar": 72.9400787354,
        "dvar2": 184.48236084,
        "max": 101.960357666,
        "mean": 12.3099603653,
        "median": 6.9824886322,
        "min": -1.21026170254,
        "var": 188.241775513
    },
    "spectral_rms": {
        "dmean": 0.00113424262963,
        "dmean2": 0.00181056780275,
        "dvar": 4.54399605587e-06,
        "dvar2": 1.14519507406e-05,
        "max": 0.0221910215914,
        "mean": 0.00441400241107,
        "median": 0.00335937668569,
        "min": 3.24530788527e-12,
        "var": 1.32020195451e-05
    },
    "spectral_rolloff": {
        "dmean": 610.942321777,
        "dmean2": 1004.31402588,
        "dvar": 4278530.5,
        "dvar2": 8720098,
        "max": 19466.015625,
        "mean": 1157.37536621,
        "median": 409.130859375,
        "min": 64.599609375,
        "var": 7802620.5
    },
    "spectral_skewness": {
        "dmean": 0.553573668003,
        "dmean2": 0.821412861347,
        "dvar": 0.403366863728,
        "dvar2": 0.977782607079,
        "max": 8.34125709534,
        "mean": 2.41296339035,
        "median": 2.20762276649,
        "min": -0.0822857022285,
        "var": 1.5215524435
    },
    "spectral_spread": {
        "dmean": 1144705.625,
        "dmean2": 1404288.75,
        "dvar": 2.96911896576e+12,
        "dvar2": 4.65634066432e+12,
        "max": 41302032,
        "mean": 4876299.5,
        "median": 4029158.25,
        "min": 816465.3125,
        "var": 1.25700617011e+13
    },
    "spectral_strongpeak": {
        "dmean": 0.223414644599,
        "dmean2": 0.384690225124,
        "dvar": 0.18791565299,
        "dvar2": 0.515991151333,
        "max": 8.17004299164,
        "mean": 0.561205983162,
        "median": 0.408067643642,
        "min": 0,
        "var": 0.394043117762
    },
    "zerocrossingrate": {
        "dmean": 0.014905619435,
        "dmean2": 0.015789527446,
        "dvar": 0.000868848699611,
        "dvar2": 0.000958773831371,
        "max": 0.654296875,
        "mean": 0.0449856929481,
        "median": 0.025390625,
        "min": 0.001953125,
        "var": 0.00418374827132
    },
    "barkbands": {
        "dmean": [0.000180650109542, 0.0106910476461, 0.00341613520868, 0.000736108748242, 0.00235493760556, 0.00240597734228, 0.000910709088203, 0.000176624002052, 0.00018181053747, 0.000154093955643, 0.000373500399292, 0.000216004933463, 0.000138158851769, 5.5260858062e-05, 4.24567879236e-05, 4.38681781816e-05, 3.8428879634e-05, 3.3627366065e-05, 3.62636201316e-05, 2.91467531497e-05, 3.84571249015e-05, 3.10860559694e-05, 2.8186781492e-05, 1.60114159371e-05, 4.6484030463e-05, 2.65026046691e-05, 4.92282961204e-05],
        "dmean2": [0.000267879979219, 0.0186926256865, 0.00600185059011, 0.00129922654014, 0.00413165939972, 0.00430107163265, 0.0015498829307, 0.000285656627966, 0.000259074789938, 0.00023133882496, 0.000570250442252, 0.000365416140994, 0.000206313736271, 8.2277758338e-05, 6.67546628392e-05, 7.05909260432e-05, 5.98408114456e-05, 5.45281109225e-05, 5.35636609129e-05, 4.39307914348e-05, 5.06291762576e-05, 3.78329059458e-05, 4.15858557972e-05, 2.25272906391e-05, 6.63437094772e-05, 4.07605548389e-05, 8.17580657895e-05],
        "dvar": [5.54661369279e-07, 0.00113251665607, 0.000175660854438, 4.47868069386e-06, 9.56515941652e-05, 7.96239110059e-05, 1.00084198493e-05, 3.15281198482e-07, 9.79767037279e-07, 1.97964254767e-07, 1.26183374505e-06, 8.8708623025e-07, 1.21660036712e-07, 8.30020141507e-08, 2.65761652685e-08, 1.57329864692e-08, 1.22271179848e-08, 1.03747028746e-08, 1.13943174895e-08, 1.00616084353e-08, 1.40384504022e-08, 7.39401828653e-09, 4.18807077907e-09, 1.36760958114e-09, 1.31392559055e-08, 4.61495597293e-09, 3.59021470331e-08],
        "dvar2": [1.2410718e-06, 0.00332022760995, 0.000496561988257, 1.20836466522e-05, 0.00026111130137, 0.000238835767959, 2.70148048003e-05, 7.39449035336e-07, 2.05141463994e-06, 4.03518612302e-07, 2.90452362606e-06, 2.44433408625e-06, 2.76193418358e-07, 1.1701159508e-07, 4.82426756321e-08, 3.80046110138e-08, 2.65994444248e-08, 2.43477096262e-08, 2.27430909661e-08, 2.19708304883e-08, 2.01627532448e-08, 9.95924764879e-09, 9.07409081208e-09, 2.55847543151e-09, 2.64704151931e-08, 1.08784306008e-08, 8.98630858615e-08],
        "max": [0.0176687315106, 0.412959337234, 0.186473235488, 0.0371409729123, 0.119810730219, 0.116263948381, 0.0675882771611, 0.0185096058995, 0.104001760483, 0.0142874177545, 0.0235596168786, 0.0123732592911, 0.00819755438715, 0.0239768270403, 0.0101679004729, 0.00289509049617, 0.00282144430093, 0.00164056615904, 0.00213255826384, 0.00147397944238, 0.00211434229277, 0.00147515453864, 0.000746942299884, 0.000506160780787, 0.00141840951983, 0.000925375556108, 0.0034612454474],
        "mean": [0.000202824376174, 0.0177864748985, 0.00410404382274, 0.000666546751745, 0.00251910835505, 0.00362933287397, 0.00168738793582, 0.000303820852423, 0.000412981782574, 0.000301106163533, 0.00065200519748, 0.000241442015977, 0.000276311999187, 0.000104574930447, 7.52394043957e-05, 6.04287051829e-05, 5.79708030273e-05, 4.65707089461e-05, 5.3334311815e-05, 4.51890409749e-05, 6.18892881903e-05, 4.92022045364e-05, 3.62024911738e-05, 1.92525822058e-05, 5.03170194861e-05, 2.27029286179e-05, 3.63242943422e-05],
        "median": [1.38029681693e-05, 0.00104211608414, 0.000431511900388, 0.000168569255038, 0.000615717552137, 0.000507460965309, 0.000138832037919, 3.35469630954e-05, 9.10231538001e-05, 4.47340098617e-05, 5.23940070707e-05, 2.6164798328e-05, 3.93732516386e-05, 1.26467930386e-05, 1.35268937811e-05, 1.06223060357e-05, 7.37296431907e-06, 5.39466918781e-06, 3.55537622454e-06, 1.97709982785e-06, 2.34961612477e-06, 1.65392395957e-06, 1.67009034158e-06, 5.84132692438e-07, 1.28233159558e-06, 1.49254177018e-07, 8.33590974025e-08],
        "min": [1.60850111193e-23, 1.360432914e-23, 1.01669892301e-23, 2.4373906733e-24, 4.17940085308e-23, 1.908989117e-23, 2.24562383317e-23, 2.18397088244e-23, 2.5364418235e-23, 1.11396878584e-23, 2.51830654237e-23, 8.499223996e-23, 2.9797807056e-23, 5.48858431396e-23, 1.18695306083e-22, 5.11297986908e-23, 7.48741017303e-23, 1.60756372429e-22, 1.76561345815e-22, 3.38889545686e-22, 3.60435848741e-22, 4.18134649962e-22, 5.71060725936e-22, 8.35099867274e-22, 1.08209532165e-21, 1.49275838599e-21, 2.43671535315e-21],
        "var": [6.239001209e-07, 0.00127931800671, 0.00015600649931, 3.33780872097e-06, 6.76665877108e-05, 8.17156251287e-05, 2.98015384033e-05, 9.5688278634e-07, 3.92033643948e-06, 6.88307920882e-07, 2.78635206996e-06, 7.01428007233e-07, 3.86168551358e-07, 3.65429485782e-07, 1.00794480318e-07, 2.13508037916e-08, 1.95996960883e-08, 1.49512402459e-08, 2.27542891196e-08, 1.92637532592e-08, 3.70669646088e-08, 2.15694768713e-08, 7.66685737119e-09, 2.41785058641e-09, 1.64995785923e-08, 4.33738289729e-09, 2.84343819601e-08]
    },
    "erbbands": {
        "dmean": [0.236407011747, 2.67295622826, 4.56325054169, 2.73708987236, 5.86666202545, 8.4012336731, 9.3913602829, 23.0661296844, 16.3810520172, 8.13273906708, 3.09186291695, 4.60022735596, 4.14418983459, 10.9199361801, 10.1572151184, 7.93786001205, 7.48069238663, 3.40378546715, 2.10209679604, 2.96503710747, 1.93880927563, 1.93746113777, 1.78395521641, 1.83726942539, 1.6043690443, 1.36904799938, 1.60529839993, 1.60540926456, 1.23571133614, 0.993662178516, 0.700942933559, 0.358905345201, 0.278299152851, 0.255108773708, 0.47536227107, 0.152860358357, 0.0387491062284, 0.020764278248, 0.00634310627356, 0.000867875118274],
        "dmean2": [0.401676654816, 4.72026538849, 7.88867902756, 4.80156803131, 10.3307514191, 15.020488739, 15.8433771133, 41.6796417236, 29.0408706665, 13.0660972595, 4.9322142601, 6.42617607117, 6.73839902878, 17.4103622437, 14.97240448, 13.3690452576, 11.2766141891, 5.12729072571, 3.19582867622, 4.77053022385, 3.11248683929, 3.14068102837, 2.84358716011, 2.68062973022, 2.18925356865, 1.94911777973, 2.42031335831, 1.88304591179, 1.47491562366, 1.4535806179, 1.00340938568, 0.48872718215, 0.403598219156, 0.375174403191, 0.693925559521, 0.218927055597, 0.0608807466924, 0.0334842018783, 0.0105373952538, 0.00144557713065],
        "dvar": [0.458017677069, 74.9540481567, 290.345031738, 95.1501464844, 507.165161133, 1254.22338867, 922.135498047, 7659.97412109, 4226.14746094, 837.334838867, 85.699005127, 742.207885742, 153.504943848, 1275.75061035, 768.568115234, 1089.4083252, 397.936584473, 246.698181152, 86.4133377075, 65.2833633423, 31.9232196808, 32.6672172546, 28.9029788971, 27.5087203979, 20.5322036743, 20.6762905121, 26.3626098633, 21.7814502716, 11.9316978455, 5.34655857086, 2.47944283485, 0.66162532568, 0.416375756264, 0.358797907829, 1.48265814781, 0.136975809932, 0.0110313054174, 0.00453457701951, 0.000577793281991, 1.19318574434e-05],
        "dvar2": [1.31317591667, 219.343032837, 810.797363281, 266.800720215, 1395.63171387, 3500.01464844, 2562.22851562, 23228.4394531, 12003.9970703, 1752.9473877, 195.791671753, 1539.84716797, 393.077941895, 3263.87890625, 1522.02209473, 3010.82080078, 946.691101074, 377.94519043, 149.816192627, 140.518600464, 77.7000656128, 77.6550674438, 65.8470458984, 58.4306259155, 35.6902732849, 39.852771759, 52.541633606, 28.1561260223, 17.1347084045, 10.3598947525, 5.29660892487, 1.21320319176, 0.843064725399, 0.757260859013, 2.92585873604, 0.298049330711, 0.0268456377089, 0.0112433219329, 0.00145899911877, 2.99204566545e-05],
        "max": [7.90105438232, 106.924835205, 235.209976196, 172.298950195, 258.009307861, 448.873626709, 383.004547119, 1105.65246582, 1035.3001709, 1180.16992188, 505.135894775, 2840.33764648, 300.486480713, 599.457092285, 675.66595459, 438.547271729, 423.460968018, 1235.79528809, 602.963867188, 444.813415527, 76.8350753784, 110.926185608, 114.282661438, 96.379989624, 73.211769104, 61.7105484009, 80.7692565918, 71.7397079468, 64.6278991699, 31.9083404541, 17.5134353638, 12.4886484146, 7.23566579819, 5.7675280571, 14.9107675552, 4.65346384048, 1.51449453831, 1.18538630009, 0.42401945591, 0.0634589269757],
        "mean": [0.346073865891, 4.4571928978, 6.70009279251, 2.9165084362, 5.52178955078, 9.28434085846, 15.3275337219, 32.9888114929, 24.8631305695, 19.048658371, 5.9746260643, 10.8347740173, 7.7176618576, 17.4226055145, 20.7179718018, 10.4730596542, 14.6157474518, 6.57080507278, 3.87191128731, 4.36381101608, 2.84098577499, 2.94003486633, 2.63111519814, 2.78271198273, 2.50908851624, 2.17217421532, 2.41937160492, 2.4478085041, 1.92647409439, 1.39331793785, 0.860475897789, 0.471460074186, 0.314258784056, 0.263516455889, 0.511184811592, 0.149184986949, 0.0320361852646, 0.0161954220384, 0.00468042399734, 0.000661237630993],
        "median": [0.0207003373653, 0.258328616619, 0.616501629353, 0.778153657913, 1.19088721275, 2.37125682831, 2.86927270889, 4.18265914917, 2.65877819061, 1.48551976681, 1.3263117075, 2.28074908257, 1.7808817625, 2.10135436058, 2.25552344322, 1.53895413876, 2.15399622917, 0.964755356312, 0.680870652199, 0.704271674156, 0.506210386753, 0.402414113283, 0.324757248163, 0.28108727932, 0.153301954269, 0.0941641479731, 0.0864594355226, 0.08878685534, 0.0635130479932, 0.0823738127947, 0.0361042767763, 0.014238551259, 0.00934291724116, 0.00771071435884, 0.0103092351928, 0.00181163742673, 0.000216458560317, 9.53758571995e-05, 3.24731736328e-05, 3.06392685161e-05],
        "min": [8.11660929135e-22, 1.74321346876e-21, 1.2352015053e-20, 9.84817245837e-21, 1.52407850148e-20, 1.37598328347e-19, 1.92047375846e-19, 1.5483990009e-19, 1.55183167119e-19, 2.9358878497e-19, 6.36301034786e-19, 5.580556425e-19, 4.96535687104e-19, 1.47629891433e-18, 1.6574592233e-18, 3.8558606528e-18, 1.6649555476e-18, 2.62660615604e-18, 4.74455992827e-18, 3.52915863883e-18, 2.98809152835e-18, 4.59620632618e-18, 9.20202118236e-18, 6.19737032533e-18, 1.11072547067e-17, 1.59696713287e-17, 1.11262674531e-17, 1.6473558325e-17, 1.24631526232e-17, 1.48320978087e-17, 1.73784194689e-17, 1.50517076439e-17, 1.60807550675e-17, 1.04509514108e-17, 8.02525419061e-18, 5.12670165484e-18, 2.70803319516e-18, 1.2865143169e-18, 3.4714547261e-19, 3.47658389213e-20],
        "var": [0.545305728912, 82.1134872437, 291.614624023, 68.6760559082, 343.984558105, 851.502380371, 1132.91796875, 7305.43115234, 6548.23535156, 5283.05078125, 279.177612305, 2971.0324707, 322.994476318, 2207.53930664, 2329.6550293, 924.057922363, 1075.47387695, 1022.70196533, 350.375823975, 145.857406616, 41.1847991943, 49.069393158, 44.5178413391, 56.6696281433, 48.6402359009, 44.4908256531, 57.8974113464, 59.5154418945, 34.2181892395, 11.6691474915, 4.46627378464, 1.42550241947, 0.628574252129, 0.438187390566, 1.86972308159, 0.155434966087, 0.00970295257866, 0.00377783551812, 0.000452216539998, 9.34310810408e-06]
    },
    "gfcc": {
        "mean": [-119.142112732, 124.92640686, -79.0991821289, 15.8896045685, -43.8641166687, 10.0409622192, -26.6462287903, -2.07106161118, -19.8948326111, -0.11080531776, -7.18175411224, 6.41073846817, -4.36897325516],
        "cov": [[18789.1621094, -1318.69848633, -473.839508057, 709.195800781, -426.095367432, 360.295318604, 197.209686279, 231.400741577, -151.214538574, 495.187133789, 320.05770874, 495.979797363, 188.369354248], [-1318.69848633, 3771.88378906, -1399.31591797, -398.202941895, 861.521728516, -458.733764648, 121.220001221, -80.0995788574, 322.219451904, -166.268386841, 345.165771484, -179.844360352, 193.828445435], [-473.839508057, -1399.31591797, 1857.1685791, 282.007843018, 145.91317749, 570.866027832, 169.247329712, 120.993644714, 29.8321151733, 121.499259949, -159.930709839, 91.0766525269, -113.27381897], [709.195800781, -398.202941895, 282.007843018, 876.683288574, -145.585067749, 172.645324707, 237.183624268, 36.7419204712, -41.517414093, 38.6788482666, 50.5123977661, -23.8278694153, 15.3771915436], [-426.095367432, 861.521728516, 145.91317749, -145.585067749, 599.018798828, 40.5011405945, 113.773841858, 70.4663848877, 162.504547119, -1.23644936085, 57.3714790344, -41.8722496033, 19.9093208313], [360.295318604, -458.733764648, 570.866027832, 172.645324707, 40.5011405945, 380.332580566, 88.9200973511, 74.1055145264, 29.2580871582, 97.6008453369, -12.7344608307, 90.3496932983, -15.8915262222], [197.209686279, 121.220001221, 169.247329712, 237.183624268, 113.773841858, 88.9200973511, 230.888290405, 48.8703308105, 59.1118659973, 21.814453125, 78.5051345825, -10.06919384, 28.8857002258], [231.400741577, -80.0995788574, 120.993644714, 36.7419204712, 70.4663848877, 74.1055145264, 48.8703308105, 138.301849365, 39.716884613, 44.0133285522, -11.1829681396, 8.44397926331, -26.3196430206], [-151.214538574, 322.219451904, 29.8321151733, -41.517414093, 162.504547119, 29.2580871582, 59.1118659973, 39.716884613, 151.600570679, 19.0653953552, 45.7531280518, -17.8343086243, 11.5528059006], [495.187133789, -166.268386841, 121.499259949, 38.6788482666, -1.23644936085, 97.6008453369, 21.814453125, 44.0133285522, 19.0653953552, 111.001579285, 36.4483222961, 60.03515625, -0.185344234109], [320.05770874, 345.165771484, -159.930709839, 50.5123977661, 57.3714790344, -12.7344608307, 78.5051345825, -11.1829681396, 45.7531280518, 36.4483222961, 151.347885132, 38.393699646, 51.3610687256], [495.979797363, -179.844360352, 91.0766525269, -23.8278694153, -41.8722496033, 90.3496932983, -10.06919384, 8.44397926331, -17.8343086243, 60.03515625, 38.393699646, 118.567481995, 26.3667030334], [188.369354248, 193.828445435, -113.27381897, 15.3771915436, 19.9093208313, -15.8915262222, 28.8857002258, -26.3196430206, 11.5528059006, -0.185344234109, 51.3610687256, 26.3667030334, 72.1725158691]],
        "icov": [[7.34686473152e-05, 5.64689471503e-05, 0.000107123851194, -5.77602913836e-05, -7.60863840696e-05, -4.3591985559e-06, -5.99021987e-05, -5.2123592468e-05, 3.18520178553e-05, -0.000196151231648, 2.61434688582e-05, -0.000227243159316, -7.916384493e-05], [5.64689471503e-05, 0.0012659849599, 0.000853147474118, -1.97472072614e-05, -0.00165835220832, -0.000142594988574, 0.000193363652215, 0.000361455080565, -0.000717540504411, 0.000902253959794, -0.00143837777432, 0.000619347440079, -0.000809118791949], [0.000107123851194, 0.000853147474118, 0.00221635750495, -0.000283797329757, -0.00168012431823, -0.00140055315569, -0.00148041720968, 0.00141728960443, -0.000789583544247, -0.000119819349493, 0.00176787108649, -0.00167794292793, 0.00171362480614], [-5.77602913836e-05, -1.97472072614e-05, -0.000283797329757, 0.00248479004949, 0.00113885884639, -0.00110648060217, -0.00196045520715, -0.000469581747893, 0.00146611768287, -0.000267824565526, -0.00126366643235, 0.00306728575379, -0.00117210962344], [-7.60863840696e-05, -0.00165835220832, -0.00168012431823, 0.00113885884639, 0.00535912532359, -0.000203732313821, -0.000858604034875, -0.00195330311544, -0.000496874796227, -0.000379713950679, 0.000101576930319, 0.00168278801721, -0.000727675214875], [-4.3591985559e-06, -0.000142594988574, -0.00140055315569, -0.00110648060217, -0.000203732313821, 0.00746234459803, -0.0010683760047, -0.000184246149729, -0.00167402927764, -0.00222748634405, 0.00256744073704, -0.0053302263841, 0.000874089833815], [-5.99021987e-05, 0.000193363652215, -0.00148041720968, -0.00196045520715, -0.000858604034875, -0.0010683760047, 0.0124833378941, -0.00407118815929, -0.000286610389594, 0.00267336284742, -0.00801408104599, 0.00545489788055, -0.00498496135697], [-5.2123592468e-05, 0.000361455080565, 0.00141728960443, -0.000469581747893, -0.00195330311544, -0.000184246149729, -0.00407118815929, 0.0129468515515, -0.00296500348486, -0.00399654591456, 0.00540582602844, -0.00381921767257, 0.00635147606954], [3.18520178553e-05, -0.000717540504411, -0.000789583544247, 0.00146611768287, -0.000496874796227, -0.00167402927764, -0.000286610389594, -0.00296500348486, 0.0127219557762, -0.00224269763567, -0.00373043539003, 0.00575647922233, -0.00239625293761], [-0.000196151231648, 0.000902253959794, -0.000119819349493, -0.000267824565526, -0.000379713950679, -0.00222748634405, 0.00267336284742, -0.00399654591456, -0.00224269763567, 0.0193071868271, -0.00701469182968, -0.00396038684994, 0.00189208856318], [2.61434688582e-05, -0.00143837777432, 0.00176787108649, -0.00126366643235, 0.000101576930319, 0.00256744073704, -0.00801408104599, 0.00540582602844, -0.00373043539003, -0.00701469182968, 0.0220081657171, -0.0113879777491, 0.001632288564], [-0.000227243159316, 0.000619347440079, -0.00167794292793, 0.00306728575379, 0.00168278801721, -0.0053302263841, 0.00545489788055, -0.00381921767257, 0.00575647922233, -0.00396038684994, -0.0113879777491, 0.0268978755921, -0.0122251445428], [-7.916384493e-05, -0.000809118791949, 0.00171362480614, -0.00117210962344, -0.000727675214875, 0.000874089833815, -0.00498496135697, 0.00635147606954, -0.00239625293761, 0.00189208856318, 0.001632288564, -0.0122251445428, 0.0275721363723]]
    },
    "melbands": {
        "dmean": [0.00261321011931, 0.00277505884878, 0.000534649647307, 0.00058793410426, 0.000311780138873, 0.000498128123581, 0.000235719038756, 7.38804228604e-05, 2.54971291724e-05, 2.73537789326e-05, 2.01027269213e-05, 4.14450696553e-05, 4.4211254135e-05, 1.92032657651e-05, 2.44614857365e-05, 1.11884064609e-05, 6.21030994807e-06, 3.39520556736e-06, 3.20340768667e-06, 3.80164055969e-06, 2.18941931962e-06, 2.06072354558e-06, 2.14439887714e-06, 1.5395750097e-06, 1.57745023444e-06, 1.38805546612e-06, 9.48888668972e-07, 9.94748575067e-07, 1.10330006464e-06, 9.69869233813e-07, 9.67850382949e-07, 7.72040834818e-07, 4.78156891859e-07, 6.43342332296e-07, 4.40515918854e-07, 2.9604922247e-07, 1.85614936754e-07, 1.9461374734e-07, 1.82505203838e-07, 2.1481868373e-07],
        "dmean2": [0.00453616632149, 0.00480395974591, 0.000926246109884, 0.00104930344969, 0.000525403302163, 0.000898360507563, 0.000415617221734, 0.000117912626592, 3.94879207306e-05, 3.88162334275e-05, 3.29978756781e-05, 6.57435884932e-05, 6.44376705168e-05, 3.11829790007e-05, 4.07543921028e-05, 1.70094281202e-05, 9.23480547499e-06, 5.2079390116e-06, 5.07391405336e-06, 6.12005169387e-06, 3.54281860382e-06, 3.38481595463e-06, 3.46960064235e-06, 2.46033619078e-06, 2.32720458371e-06, 2.05232845474e-06, 1.26491909214e-06, 1.48879121298e-06, 1.77294316472e-06, 1.39000258059e-06, 1.15277430268e-06, 9.40410416206e-07, 6.47686306365e-07, 9.90715420812e-07, 6.52522714972e-07, 4.10894074321e-07, 2.57180545304e-07, 2.89533204523e-07, 2.64684956619e-07, 3.22519895235e-07],
        "dvar": [6.19387574261e-05, 9.38828306971e-05, 2.80986569123e-06, 6.43222711005e-06, 1.00965598904e-06, 3.5738414681e-06, 8.30245426187e-07, 7.0207839542e-08, 9.14611408831e-09, 2.20526921169e-08, 3.63629415467e-09, 1.81381523134e-08, 1.5740278414e-08, 4.99096408646e-09, 9.30485200001e-09, 7.68657193451e-10, 1.15840437243e-09, 2.02630801027e-10, 9.11202571729e-11, 1.13848229455e-10, 4.0148835645e-11, 3.60794519261e-11, 4.39935067542e-11, 2.21447530452e-11, 2.16871624825e-11, 1.73369686662e-11, 7.03143749822e-12, 1.30927707911e-11, 1.39354413425e-11, 9.09414123867e-12, 8.49411426612e-12, 4.89680908669e-12, 1.53486186434e-12, 2.30635736204e-12, 1.04177506465e-12, 4.27444375468e-13, 2.00137988322e-13, 2.11351932049e-13, 1.83579741036e-13, 2.64530991513e-13],
        "dvar2": [0.000181344046723, 0.000263992551481, 7.74737964093e-06, 1.79919861694e-05, 2.79256209978e-06, 1.07913947431e-05, 2.34231833929e-06, 1.45290073306e-07, 1.99171825699e-08, 4.60627056498e-08, 9.28204535455e-09, 4.5455696096e-08, 3.05443919046e-08, 1.3326352466e-08, 2.5760378719e-08, 1.81667492161e-09, 1.62243674051e-09, 3.57656848582e-10, 1.81241674446e-10, 2.58827875799e-10, 9.80727998812e-11, 8.90260365427e-11, 9.85908785167e-11, 4.84726946082e-11, 4.85419412999e-11, 3.51295069423e-11, 1.18454213452e-11, 2.94282237467e-11, 3.2817797091e-11, 1.61107776425e-11, 1.18095620089e-11, 7.16558453198e-12, 2.66949505036e-12, 5.21356352187e-12, 2.32140587135e-12, 8.77017967797e-13, 3.56820963835e-13, 4.30111485707e-13, 3.91205378638e-13, 5.64278279051e-13],
        "max": [0.0915629342198, 0.119730561972, 0.0266166962683, 0.0319326370955, 0.0117851849645, 0.023574296385, 0.0157564133406, 0.0105362776667, 0.00868859980255, 0.0152971064672, 0.00148133037146, 0.00248545152135, 0.00308253639378, 0.0011873106705, 0.00119878258556, 0.00055889604846, 0.00284303864464, 0.000860337400809, 0.000438362971181, 0.000460122217191, 8.78107603057e-05, 7.93379513198e-05, 0.000235208543018, 6.05896457273e-05, 8.43772068038e-05, 7.8732642578e-05, 4.23271012551e-05, 4.69310216431e-05, 5.20747562405e-05, 6.44382598693e-05, 4.41162083007e-05, 3.77462638426e-05, 2.4574184863e-05, 1.90771788766e-05, 1.19364367492e-05, 9.46478121477e-06, 6.64368690195e-06, 5.47096169612e-06, 4.58190697827e-06, 4.87773650093e-06],
        "mean": [0.00419616140425, 0.00462322216481, 0.000562267086934, 0.000600586121436, 0.000510375073645, 0.0007227093447, 0.000371338159312, 0.00017230839876, 4.90326201543e-05, 6.314519851e-05, 3.59325240424e-05, 6.55663607176e-05, 8.79505314515e-05, 2.59100106632e-05, 3.43718857039e-05, 2.26377724175e-05, 1.15677466965e-05, 5.9204653553e-06, 5.29863245902e-06, 5.20351113664e-06, 3.02188936985e-06, 2.96354710372e-06, 3.04453351418e-06, 2.18957802645e-06, 2.25195663006e-06, 2.00094700631e-06, 1.48510696363e-06, 1.42478972975e-06, 1.49770437474e-06, 1.50218590989e-06, 1.39579401548e-06, 1.18292064144e-06, 7.42598160741e-07, 8.04193234671e-07, 5.06690582824e-07, 3.88328743384e-07, 2.40090770376e-07, 2.18501199356e-07, 1.97829123749e-07, 2.1263379324e-07],
        "median": [0.000247123272857, 0.00035992852645, 0.000150812280481, 0.000132793473313, 0.000115718110465, 9.38417506404e-05, 3.54810508725e-05, 1.34532456286e-05, 1.09100628833e-05, 1.34374622576e-05, 6.65911238684e-06, 7.54181382945e-06, 7.85181873653e-06, 3.35199365509e-06, 4.38118604507e-06, 3.44156410392e-06, 1.28479098294e-06, 9.62134322435e-07, 9.54322445068e-07, 7.93163565049e-07, 4.50664828122e-07, 3.81929567084e-07, 3.30986296149e-07, 2.43117085574e-07, 2.12351721984e-07, 1.16595884947e-07, 8.24283716838e-08, 5.44498774957e-08, 5.03385138018e-08, 5.53435661743e-08, 4.81155773002e-08, 3.250760372e-08, 3.64230317018e-08, 4.58075390952e-08, 2.07001260577e-08, 1.14193321465e-08, 7.08111969061e-09, 6.56081189376e-09, 4.92028551236e-09, 4.6602872672e-09],
        "min": [6.02120726218e-24, 4.75691724432e-24, 1.58833110215e-24, 6.58973221682e-24, 6.15883075241e-24, 3.26488387199e-24, 2.71035114043e-24, 3.37018851979e-24, 5.15240122067e-24, 3.09192789345e-24, 2.38543294142e-24, 5.31104864289e-24, 4.5384717989e-24, 9.17581863481e-24, 7.49076362074e-24, 3.06421047669e-24, 4.7822373128e-24, 6.11065738351e-24, 6.07579328138e-24, 4.3591424159e-24, 3.2446902161e-24, 3.93944159305e-24, 7.83132276213e-24, 6.10507816476e-24, 4.64940181383e-24, 7.07376937966e-24, 8.66103719591e-24, 1.05665890882e-23, 5.82161914227e-24, 8.18645453103e-24, 1.03027159042e-23, 6.40265385315e-24, 8.25392107109e-24, 6.70497296216e-24, 8.70260306587e-24, 9.30973960638e-24, 8.47436982877e-24, 1.03630077544e-23, 1.11245961604e-23, 8.07475577115e-24],
        "var": [7.19908057363e-05, 0.00010056955216, 2.1125706553e-06, 4.22519133281e-06, 1.18119976378e-06, 3.44793625118e-06, 1.45621777392e-06, 4.33785402265e-07, 3.3162876889e-08, 8.81405242126e-08, 7.68535901585e-09, 3.35749064106e-08, 4.83646402927e-08, 5.24597520979e-09, 8.54143955564e-09, 2.36576869206e-09, 5.10247133434e-09, 7.90681076168e-10, 2.7026858529e-10, 2.02677138961e-10, 5.05426117625e-11, 5.35064943741e-11, 6.65604169003e-11, 3.54992424345e-11, 4.03158929851e-11, 3.35828552467e-11, 1.76716384581e-11, 2.17589141149e-11, 2.44759230245e-11, 2.09936824869e-11, 2.10403135886e-11, 1.36724598657e-11, 4.16221267521e-12, 3.83127687562e-12, 1.58498951811e-12, 1.03674555919e-12, 3.99434202077e-13, 3.1459521945e-13, 2.54532506183e-13, 3.06743291791e-13]
    },
    "mfcc": {
        "mean": [-772.724182129, 161.131820679, 23.0793590546, 21.0246543884, 5.48523521423, 13.600235939, 2.92172908783, 6.10222911835, -3.83927416801, -5.74557495117, -0.0321986563504, -0.0702620446682, 3.0391702652],
        "cov": [[13958.0087891, 291.344940186, -1092.01721191, 319.798370361, -479.963134766, -78.3735580444, 36.919593811, -91.0265350342, -128.644119263, -198.437057495, -45.8637466431, 234.837539673, 253.263961792], [291.344940186, 3235.44628906, -1055.2635498, -144.640991211, 488.222717285, -58.7067184448, 12.8097715378, 36.7668533325, 40.0834884644, 31.3544120789, 85.0333099365, 161.651657104, 104.729705811], [-1092.01721191, -1055.2635498, 1181.79431152, 165.41003418, 70.3551177979, 326.419219971, 144.248916626, 156.075973511, 107.166122437, 74.3210372925, 68.5157165527, -31.33502388, 22.5264759064], [319.798370361, -144.640991211, 165.41003418, 479.380981445, -24.4998435974, 106.578475952, 171.257415771, 53.9325752258, 41.6735191345, 53.0827713013, 42.5246582031, 20.9470882416, 4.36790466309], [-479.963134766, 488.222717285, 70.3551177979, -24.4998435974, 324.556182861, 109.138870239, 46.9243240356, 90.6893844604, 91.7322540283, 72.1277694702, 61.7181434631, 38.383934021, 32.2318611145], [-78.3735580444, -58.7067184448, 326.419219971, 106.578475952, 109.138870239, 259.617767334, 117.61365509, 90.6074981689, 58.9985427856, 42.3857383728, 46.3318061829, 24.911567688, 49.8635673523], [36.919593811, 12.8097715378, 144.248916626, 171.257415771, 46.9243240356, 117.61365509, 187.234130859, 78.6627731323, 42.6164932251, 40.9332542419, 37.4135627747, 27.467546463, 28.2978038788], [-91.0265350342, 36.7668533325, 156.075973511, 53.9325752258, 90.6893844604, 90.6074981689, 78.6627731323, 125.866859436, 68.4607315063, 51.4336700439, 44.9567718506, 17.1519069672, 28.7140254974], [-128.644119263, 40.0834884644, 107.166122437, 41.6735191345, 91.7322540283, 58.9985427856, 42.6164932251, 68.4607315063, 104.176025391, 67.1485443115, 40.4158744812, 13.8445806503, 8.81674575806], [-198.437057495, 31.3544120789, 74.3210372925, 53.0827713013, 72.1277694702, 42.3857383728, 40.9332542419, 51.4336700439, 67.1485443115, 98.8858566284, 55.3150138855, 12.6539506912, 10.7889060974], [-45.8637466431, 85.0333099365, 68.5157165527, 42.5246582031, 61.7181434631, 46.3318061829, 37.4135627747, 44.9567718506, 40.4158744812, 55.3150138855, 84.0166015625, 42.9428977966, 26.6699752808], [234.837539673, 161.651657104, -31.33502388, 20.9470882416, 38.383934021, 24.911567688, 27.467546463, 17.1519069672, 13.8445806503, 12.6539506912, 42.9428977966, 78.7155914307, 48.7240753174], [253.263961792, 104.729705811, 22.5264759064, 4.36790466309, 32.2318611145, 49.8635673523, 28.2978038788, 28.7140254974, 8.81674575806, 10.7889060974, 26.6699752808, 48.7240753174, 87.5388717651]],
