{
"lowlevel": {
    "average_loudness": 0.870164990425,
    "barkbands_crest": {
        "dmean": 2.25334787369,
        "dmean2": 3.54098558426,
        "dvar": 5.99669694901,
        "dvar2": 12.4202394485,
        "max": 26.6324729919,
        "mean": 14.796163559,
        "median": 14.1270294189,
        "min": 4.75638628006,
        "var": 22.5746231079
    },
    "barkbands_flatness_db": {
        "dmean": 0.0572972260416,
        "dmean2": 0.0961829721928,
        "dvar": 0.00400286447257,
        "dvar2": 0.0102805318311,
        "max": 0.851658642292,
        "mean": 0.4673576653,
        "median": 0.480294466019,
        "min": 0.051819011569,
        "var": 0.0100175850093
    },
    "barkbands_kurtosis": {
        "dmean": 4.04789495468,
        "dmean2": 6.35747432709,
        "dvar": 99.9496841431,
        "dvar2": 226.401809692,
        "max": 483.981964111,
        "mean": 8.03382396698,
        "median": 3.65090417862,
        "min": -1.87146627903,
        "var": 287.88848877
    },
    "barkbands_skewness": {
        "dmean": 0.562746524811,
        "dmean2": 0.858582317829,
        "dvar": 0.490005046129,
        "dvar2": 0.980302155018,
        "max": 12.7540645599,
        "mean": 0.881835222244,
        "median": 0.811128556728,
        "min": -5.98963165283,
        "var": 2.53364777565
    },
    "barkbands_spread": {
        "dmean": 0.511652946472,
        "dmean2": 0.800306022167,
        "dvar": 0.848380744457,
        "dvar2": 1.8696937561,
        "max": 82.7428283691,
        "mean": 2.25472688675,
        "median": 1.55819106102,
        "min": 0.0154701638967,
        "var": 15.2940998077
    },
    "dissonance": {
        "dmean": 0.0685559809208,
        "dmean2": 0.11493114382,
        "dvar": 0.00390560436063,
        "dvar2": 0.00992426835001,
        "max": 0.500000119209,
        "mean": 0.28845885396,
        "median": 0.2895373106,
        "min": 0.0118164615706,
        "var": 0.0102995019406
    },
    "dynamic_complexity": 3.0467851162,
    "erbbands_crest": {
        "dmean": 2.75961685181,
        "dmean2": 4.22064828873,
        "dvar": 9.46537780762,
        "dvar2": 19.373790741,
        "max": 34.2129478455,
        "mean": 17.7201919556,
        "median": 17.0516357422,
        "min": 2.56554675102,
        "var": 39.5048980713
    },
    "erbbands_flatness_db": {
        "dmean": 0.045402854681,
        "dmean2": 0.0771208778024,
        "dvar": 0.00298797641881,
        "dvar2": 0.00765448156744,
        "max": 0.760715484619,
        "mean": 0.460385560989,
        "median": 0.473196327686,
        "min": 0.0668263807893,
        "var": 0.00797577016056
    },
    "erbbands_kurtosis": {
        "dmean": 2.62375378609,
        "dmean2": 4.14445161819,
        "dvar": 20.7465667725,
        "dvar2": 49.0934829712,
        "max": 104.582969666,
        "mean": 4.92680501938,
        "median": 2.6205432415,
        "min": -1.78583800793,
        "var": 57.5750274658
    },
    "erbbands_skewness": {
        "dmean": 0.486824095249,
        "dmean2": 0.74221855402,
        "dvar": 0.351843655109,
        "dvar2": 0.75083231926,
        "max": 7.86414432526,
        "mean": 0.584865152836,
        "median": 0.541941642761,
        "min": -4.32390260696,
        "var": 1.72425115108
    },
    "erbbands_spread": {
        "dmean": 1.20621192455,
        "dmean2": 1.89420998096,
        "dvar": 2.77317786217,
        "dvar2": 6.02207040787,
        "max": 110.238014221,
        "mean": 5.20223522186,
        "median": 4.05276727676,
        "min": 0.158133402467,
        "var": 31.1472263336
    },
    "hfc": {
        "dmean": 3.59288954735,
        "dmean2": 4.93006515503,
        "dvar": 32.638835907,
        "dvar2": 73.3945465088,
        "max": 100.082115173,
        "mean": 8.94262123108,
        "median": 6.50397396088,
        "min": 1.24151008742e-16,
        "var": 70.3468322754
    },
    "melbands_crest": {
        "dmean": 2.73862981796,
        "dmean2": 4.31994485855,
        "dvar": 8.47979259491,
        "dvar2": 18.4302940369,
        "max": 33.2417984009,
        "mean": 17.7492637634,
        "median": 17.2995834351,
        "min": 1.56789779663,
        "var": 33.0412330627
    },
    "melbands_flatness_db": {
        "dmean": 0.0638317465782,
        "dmean2": 0.107593923807,
        "dvar": 0.00523732183501,
        "dvar2": 0.0134928515181,
        "max": 0.965673685074,
        "mean": 0.572230041027,
        "median": 0.590870261192,
        "min": 0.00308632734232,
        "var": 0.0153758367524
    },
    "melbands_kurtosis": {
        "dmean": 2.62798714638,
        "dmean2": 4.12087440491,
        "dvar": 31.3990097046,
        "dvar2": 74.1076202393,
        "max": 343.991882324,
        "mean": 4.93749141693,
        "median": 2.37361311913,
        "min": -1.87639808655,
        "var": 82.256111145
    },
    "melbands_skewness": {
        "dmean": 0.480938851833,
        "dmean2": 0.726109683514,
        "dvar": 0.335517644882,
        "dvar2": 0.610711038113,
        "max": 12.0819158554,
        "mean": 0.810202360153,
        "median": 0.751526415348,
        "min": -3.43301582336,
        "var": 1.64386153221
    },
    "melbands_spread": {
        "dmean": 0.974178493023,
        "dmean2": 1.53377091885,
        "dvar": 6.08774995804,
        "dvar2": 14.8891153336,
        "max": 156.732131958,
        "mean": 5.49492406845,
        "median": 3.05908918381,
        "min": 0.154158011079,
        "var": 274.154174805
    },
    "pitch_salience": {
        "dmean": 0.069452136755,
        "dmean2": 0.112855508924,
        "dvar": 0.00539518008009,
        "dvar2": 0.0127449985594,
        "max": 0.870943844318,
        "mean": 0.51554274559,
        "median": 0.513494551182,
        "min": 0.00515310233459,
        "var": 0.016614574939
    },
    "silence_rate_20dB": {
        "dmean": 0,
        "dmean2": 0,
        "dvar": 0,
        "dvar2": 0,
        "max": 1,
        "mean": 1,
        "median": 1,
        "min": 1,
        "var": 0
    },
    "silence_rate_30dB": {
        "dmean": 0.00748729845509,
        "dmean2": 0.0149759314954,
        "dvar": 0.0074305976741,
        "dvar2": 0.019745323807,
        "max": 1,
        "mean": 0.994385004044,
        "median": 1,
        "min": 0,
        "var": 0.00558313680813
    },
    "silence_rate_60dB": {
        "dmean": 0.00802210532129,
        "dmean2": 0.0160456411541,
        "dvar": 0.00795766618103,
        "dvar2": 0.0198892913759,
        "max": 1,
        "mean": 0.0576648823917,
        "median": 0,
        "min": 0,
        "var": 0.0543408468366
    },
    "spectral_centroid": {
        "dmean": 31.2567520142,
        "dmean2": 47.4071922302,
        "dvar": 7542.79833984,
        "dvar2": 9756.79980469,
        "max": 11035.3759766,
        "mean": 453.941925049,
        "median": 383.631256104,
        "min": 189.186660767,
        "var": 211060.1875
    },
    "spectral_complexity": {
        "dmean": 1.09368038177,
        "dmean2": 1.83936536312,
        "dvar": 1.14027965069,
        "dvar2": 2.73808383942,
        "max": 15,
        "mean": 6.79616737366,
        "median": 7,
        "min": 0,
        "var": 4.63737678528
    },
    "spectral_decrease": {
        "dmean": 2.34189356796e-09,
        "dmean2": 3.25525872924e-09,
        "dvar": 1.27820960966e-17,
        "dvar2": 2.90399521876e-17,
        "max": 5.02094237423e-19,
        "mean": -5.88464166285e-09,
        "median": -4.4808308175e-09,
        "min": -6.26852170171e-08,
        "var": 2.65577816927e-17
    },
    "spectral_energy": {
        "dmean": 0.009161981754,
        "dmean2": 0.0127291167155,
        "dvar": 0.000195322019863,
        "dvar2": 0.000443779485067,
        "max": 0.244756326079,
        "mean": 0.0230210460722,
        "median": 0.0175355151296,
        "min": 1.07313856717e-20,
        "var": 0.000406509061577
    },
    "spectral_energyband_high": {
        "dmean": 5.00661371916e-07,
        "dmean2": 9.69099573922e-07,
        "dvar": 2.37570488455e-12,
        "dvar2": 6.89678696097e-12,
        "max": 2.55117811321e-05,
        "mean": 3.96511637746e-07,
        "median": 1.94936120579e-08,
        "min": 7.53016438937e-21,
        "var": 1.51266033119e-12
    },
    "spectral_energyband_low": {
        "dmean": 0.000478914560517,
        "dmean2": 0.000803551811259,
        "dvar": 1.79637800102e-06,
        "dvar2": 4.86925182486e-06,
        "max": 0.0384470187128,
        "mean": 0.000736150308512,
        "median": 0.000219555498916,
        "min": 1.05945673024e-22,
        "var": 2.34185404224e-06
    },
    "spectral_energyband_middle_high": {
        "dmean": 0.000301550753647,
        "dmean2": 0.000442810793174,
        "dvar": 1.53823646087e-06,
        "dvar2": 3.53519681084e-06,
        "max": 0.0346086211503,
        "mean": 0.000467255333206,
        "median": 0.000132326793391,
        "min": 1.63231865912e-21,
        "var": 2.1445857783e-06
    },
    "spectral_energyband_middle_low": {
        "dmean": 0.0088578145951,
        "dmean2": 0.0122936395928,
        "dvar": 0.000187330952031,
        "dvar2": 0.000423135206802,
        "max": 0.243379876018,
        "mean": 0.0223420802504,
        "median": 0.0168554577976,
        "min": 2.02093100381e-22,
        "var": 0.000394499278627
    },
    "spectral_entropy": {
        "dmean": 0.324466258287,
        "dmean2": 0.562482476234,
        "dvar": 0.172082915902,
        "dvar2": 0.449225097895,
        "max": 9.79685211182,
        "mean": 5.0599155426,
        "median": 4.94988059998,
        "min": 2.12944459915,
        "var": 0.501709282398
    },
    "spectral_flux": {
        "dmean": 0.0327349677682,
        "dmean2": 0.0544022470713,
        "dvar": 0.00195101334248,
        "dvar2": 0.00496115535498,
        "max": 0.405446887016,
        "mean": 0.0533413849771,
        "median": 0.0391833893955,
        "min": 1.03592398548e-10,
        "var": 0.00202040327713
    },
    "spectral_kurtosis": {
        "dmean": 136.747039795,
        "dmean2": 230.170059204,
        "dvar": 20840.9082031,
        "dvar2": 57083.1601562,
        "max": 1276.26049805,
        "mean": 246.024597168,
        "median": 213.882507324,
        "min": -1.17712366581,
        "var": 33292.4375
    },
    "spectral_rms": {
        "dmean": 0.000864394009113,
        "dmean2": 0.0011753377039,
        "dvar": 1.1188182043e-06,
        "dvar2": 2.4968528578e-06,
        "max": 0.0154527230188,
        "mean": 0.00433280458674,
        "median": 0.00413616001606,
        "min": 3.23568298891e-12,
        "var": 3.6861197259e-06
    },
    "spectral_rolloff": {
        "dmean": 49.5182266235,
        "dmean2": 85.9810943604,
        "dvar": 41387.078125,
        "dvar2": 79243.875,
        "max": 19293.75,
        "mean": 786.491882324,
        "median": 473.73046875,
        "min": 193.798828125,
        "var": 4775956.5
    },
    "spectral_skewness": {
        "dmean": 3.69982433319,
        "dmean2": 6.26381444931,
        "dvar": 12.8158798218,
        "dvar2": 33.4941177368,
        "max": 29.6738796234,
        "mean": 11.827548027,
        "median": 12.0433540344,
        "min": 0.0139047447592,
        "var": 25.8979187012
    },
    "spectral_spread": {
        "dmean": 447703.71875,
        "dmean2": 779417.25,
        "dvar": 251407515648,
        "dvar2": 553100771328,
        "max": 40595824,
        "mean": 967993.875,
        "median": 707339.625,
        "min": 88772.546875,
        "var": 1.82478268006e+12
    },
    "spectral_strongpeak": {
        "dmean": 0.483015954494,
        "dmean2": 0.706076800823,
        "dvar": 0.406353265047,
        "dvar2": 0.889501512051,
        "max": 7.65285205841,
        "mean": 1.44516515732,
        "median": 1.16218400002,
        "min": 0,
        "var": 1.20283710957
    },
    "zerocrossingrate": {
        "dmean": 0.00179740076419,
        "dmean2": 0.00212979945354,
        "dvar": 1.26882068798e-05,
        "dvar2": 1.35539685289e-05,
        "max": 0.5048828125,
        "mean": 0.0264866035432,
        "median": 0.01806640625,
        "min": 0.00732421875,
        "var": 0.00352505780756
    },
    "barkbands": {
        "dmean": [6.51674952223e-07, 4.12663575844e-05, 0.000157697242685, 0.00097176420968, 0.00237152958289, 0.0030715551693, 0.00222747214139, 0.00153246766422, 0.000553552701604, 0.000247236719588, 6.03877451795e-05, 1.62542455655e-05, 2.52817008004e-05, 4.86457975057e-06, 5.88274178881e-06, 1.45738908941e-06, 9.99781718747e-07, 5.1320540706e-07, 3.67194445516e-07, 2.70193567076e-07, 1.86447707051e-07, 8.26257107178e-08, 4.27257660363e-08, 2.67645923202e-08, 1.75638383837e-08, 1.40324969422e-08, 8.3354798619e-09],
        "dmean2": [1.12295788313e-06, 7.37329901312e-05, 0.000266690040007, 0.00144230085425, 0.00349980732426, 0.00434587337077, 0.00327465706505, 0.00195311091375, 0.000821913825348, 0.00035526114516, 9.05076376512e-05, 2.75975835393e-05, 3.92933143303e-05, 8.70372423378e-06, 9.81358789431e-06, 2.58633599515e-06, 1.80014978923e-06, 9.6215069334e-07, 7.0011680009e-07, 5.22412165083e-07, 3.59058219601e-07, 1.58055641464e-07, 8.20609074026e-08, 5.13581532857e-08, 3.39742243227e-08, 2.72738045481e-08, 1.60811435279e-08],
        "dvar": [4.59062822478e-12, 1.7899623117e-08, 2.57994912545e-07, 8.08968979982e-06, 3.12253141601e-05, 5.83824221394e-05, 4.27015329478e-05, 1.86877350643e-05, 4.48025593869e-06, 1.59766511842e-06, 5.79261794087e-08, 3.69413388768e-09, 1.28279342704e-08, 7.98247856704e-10, 6.29647667338e-10, 2.18797324009e-11, 6.01472257417e-12, 2.53191608304e-12, 1.37381447364e-12, 6.89880769698e-13, 3.13826194849e-13, 7.35527971537e-14, 2.14321527919e-14, 7.57294634581e-15, 3.05125513919e-15, 1.81974843146e-15, 6.42318371732e-16],
        "dvar2": [1.30514158508e-11, 5.42311404672e-08, 6.25005100119e-07, 1.90836581169e-05, 6.61447775201e-05, 0.000127031889861, 8.83291431819e-05, 3.6083823943e-05, 9.89413456409e-06, 3.51805442733e-06, 1.15325640593e-07, 9.06566643977e-09, 2.92013666581e-08, 2.03313876845e-09, 1.46731893302e-09, 5.5454234954e-11, 1.67515185751e-11, 7.22465707051e-12, 3.9949905363e-12, 2.00383633298e-12, 9.10060763727e-13, 2.13936656476e-13, 6.24330096085e-14, 2.21085255409e-14, 8.86312829634e-15, 5.27198261514e-15, 1.86296151133e-15],
        "max": [5.04278577864e-05, 0.00287513039075, 0.019066568464, 0.068805962801, 0.177755087614, 0.204460978508, 0.175656840205, 0.0983797460794, 0.0688006728888, 0.039708647877, 0.0150784831494, 0.00271668261848, 0.00443080207333, 0.00200645183213, 0.00122227112297, 0.00019281358982, 5.83265609748e-05, 3.34410360665e-05, 2.4522169042e-05, 1.61310035764e-05, 8.86247653398e-06, 4.43245335191e-06, 2.39773908106e-06, 1.53650603352e-06, 1.08210736016e-06, 8.50847413858e-07, 4.78621416278e-07],
        "mean": [7.11716950264e-07, 4.68324942631e-05, 0.000210699974559, 0.0018862511497, 0.00485656317323, 0.00663834577426, 0.0044721388258, 0.00353976059705, 0.000842114968691, 0.000346420216374, 0.000117293449875, 2.00226550078e-05, 2.93038010568e-05, 4.36987193098e-06, 6.69045721224e-06, 1.36631786063e-06, 1.00275462955e-06, 4.24489229545e-07, 2.81835752958e-07, 1.84491824484e-07, 1.36581746801e-07, 7.02607891867e-08, 4.11670519895e-08, 3.10077510335e-08, 1.2025424212e-08, 7.9348874138e-09, 4.90640994499e-09],
        "median": [6.61110703959e-08, 5.26719759364e-06, 3.08793023578e-05, 0.000426467508078, 0.00229316134937, 0.0027219094336, 0.0011383369565, 0.000990684726276, 0.000165982928593, 5.130855061e-05, 1.92017705558e-05, 3.83626684197e-06, 5.37793584954e-06, 7.10273866389e-07, 1.01405066744e-06, 2.86484294065e-07, 1.25711238752e-07, 5.64027189398e-08, 2.66119855041e-08, 9.6471008959e-09, 5.59544499623e-09, 2.23143814537e-09, 1.1963602331e-09, 9.54405110498e-10, 8.20563950121e-10, 6.56344867345e-10, 5.85558712629e-10],
        "min": [3.15901148099e-23, 5.30258037884e-23, 3.28609918163e-23, 4.96847001758e-24, 2.28789510254e-23, 4.84535659818e-23, 2.50747548215e-23, 2.33865924843e-23, 4.988094037e-23, 4.34914668049e-23, 6.60090911367e-23, 7.32829819063e-23, 5.09698176993e-23, 1.37943234491e-22, 1.64889460836e-22, 1.66223329963e-22, 1.16727874363e-22, 2.6903350177e-22, 3.44240597465e-22, 3.75559536606e-22, 3.28066979912e-22, 4.09994716136e-22, 4.7506950566e-22, 9.73537761729e-22, 1.09707464166e-21, 1.93139019187e-21, 2.40350393038e-21],
        "var": [6.04825564632e-12, 2.07907966399e-08, 4.30906055726e-07, 1.62909782375e-05, 6.32217997918e-05, 0.0001242558792, 0.000108222688141, 5.10035461048e-05, 7.36155561754e-06, 2.67896894002e-06, 1.37052381888e-07, 7.77992958945e-09, 1.60247335401e-08, 7.85780995827e-10, 7.36028127335e-10, 2.16388625768e-11, 5.85582580689e-12, 1.6419494887e-12, 8.04573042305e-13, 3.95215761159e-13, 1.9177507618e-13, 5.21698739168e-14, 1.83713670497e-14, 9.58552458057e-15, 1.7423640308e-15, 9.76950860704e-16, 3.46756468593e-16]
    },
    "erbbands": {
        "dmean": [0.000808699754998, 0.0124631272629, 0.138404726982, 1.55430757999, 3.88819670677, 10.2569580078, 18.1800403595, 30.835062027, 24.2731246948, 27.3016777039, 38.5262947083, 16.4928531647, 5.94907569885, 7.57090520859, 2.08454871178, 0.775402367115, 1.17786419392, 0.411595821381, 0.34027582407, 0.141568392515, 0.0710868090391, 0.0474081039429, 0.0312020108104, 0.0211477391422, 0.0165165141225, 0.0126636270434, 0.00947047956288, 0.00585155794397, 0.00321618141606, 0.00187586760148, 0.00114728463814, 0.000673689995892, 0.000399334297981, 0.000218319080886, 0.000115549482871, 6.19424827164e-05, 2.61443474301e-05, 7.73559895606e-06, 5.04189438288e-06, 1.02204294308e-05],
        "dmean2": [0.00144439225551, 0.0217896662652, 0.227070584893, 2.43229722977, 5.54852294922, 15.3544445038, 26.831495285, 42.2174491882, 36.3706741333, 38.3755302429, 48.2109985352, 23.0998249054, 8.43982982635, 10.9664411545, 3.10505962372, 1.23973858356, 1.82831203938, 0.681245446205, 0.568537592888, 0.246389746666, 0.12734079361, 0.0867489799857, 0.0579236038029, 0.040294919163, 0.0316699109972, 0.0244760718197, 0.0182841084898, 0.0112392492592, 0.00614925241098, 0.00359745812602, 0.0021965643391, 0.00129435432609, 0.000763672345784, 0.000419224496, 0.000222604168812, 0.00011861481471, 4.95570056955e-05, 1.48449407789e-05, 7.32425087335e-06, 1.41865857586e-05],
        "dvar": [8.60525051394e-06, 0.00141713593621, 0.174602031708, 20.1221008301, 101.590637207, 751.74810791, 1527.50170898, 7542.86328125, 4676.14599609, 5655.91455078, 13084.0820312, 3625.27294922, 792.958435059, 1430.19494629, 103.550270081, 7.77672624588, 27.6877727509, 3.83936929703, 2.64446377754, 0.142065539956, 0.0362304449081, 0.0145773878321, 0.00890462845564, 0.00448227347806, 0.00280170142651, 0.0015288911527, 0.000806747877505, 0.000316315243253, 0.000108263564471, 4.04243182857e-05, 1.51957192429e-05, 4.94773030368e-06, 1.5930435211e-06, 4.75562217161e-07, 1.30645702257e-07, 3.4825593076e-08, 5.83263037868e-09, 5.41113542862e-10, 5.96161453537e-11, 2.41987097027e-10],
        "dvar2": [2.67647719738e-05, 0.00408836780116, 0.419643521309, 51.1241264343, 217.079833984, 1594.17651367, 3425.90869141, 15842.7783203, 10087.5751953, 11386.5898438, 24897.2070312, 8025.11816406, 1521.76416016, 3273.27050781, 209.57623291, 17.023103714, 63.3397102356, 9.51459121704, 6.22843456268, 0.375866055489, 0.0966584011912, 0.0413454547524, 0.0251643937081, 0.0130339516327, 0.00814551487565, 0.00444114627317, 0.00233825785108, 0.000917401222978, 0.000315043173032, 0.000117530937132, 4.4269789214e-05, 1.44630566865e-05, 4.6487639338e-06, 1.38249833981e-06, 3.79322671051e-07, 1.00974006045e-07, 1.6901667621e-08, 1.56811119645e-09, 1.44578196637e-10, 5.49543577311e-10],
        "max": [0.0671556517482, 0.845848977566, 15.2150716782, 110.116821289, 241.19354248, 960.574035645, 996.895507812, 2425.79394531, 1863.44287109, 2132.19360352, 2717.12597656, 1978.77514648, 1555.21081543, 1173.44812012, 739.692993164, 138.600906372, 212.819122314, 123.666893005, 80.3268814087, 9.81210803986, 5.67485332489, 3.25003790855, 2.13760900497, 1.42411577702, 1.0537456274, 0.764407217503, 0.461999505758, 0.277005970478, 0.170166611671, 0.104947209358, 0.0629773661494, 0.037607036531, 0.0232098288834, 0.0132935997099, 0.00730056734756, 0.00384978903458, 0.00150733697228, 0.000458832306322, 0.000114868365927, 0.000271938130027],
        "mean": [0.000969311164226, 0.0161418002099, 0.218623533845, 2.80339407921, 8.56809043884, 19.9392166138, 37.89686203, 65.3646621704, 47.2773971558, 60.0772209167, 93.8473358154, 29.3213672638, 9.6116027832, 11.4449234009, 3.19326424599, 1.09641122818, 1.38495159149, 0.459205627441, 0.373566478491, 0.161165371537, 0.0727257803082, 0.0461562611163, 0.0274508222938, 0.016544656828, 0.012008481659, 0.00855302996933, 0.00672205397859, 0.00444103032351, 0.00272283353843, 0.00173826911487, 0.00111154210754, 0.000744135002606, 0.000468214217108, 0.0001894771558, 8.17269465188e-05, 4.49386388937e-05, 2.08531273529e-05, 5.42592533748e-06, 1.15800867206e-05, 2.56885123235e-05],
        "median": [0.000129961612402, 0.00296345027164, 0.0550639182329, 0.777217566967, 3.16884946823, 6.88836479187, 19.0004425049, 20.8738002777, 16.0918502808, 22.2420654297, 25.6533069611, 9.17480373383, 2.03820228577, 2.33607554436, 0.825344383717, 0.255643308163, 0.268735408783, 0.100729048252, 0.0707286000252, 0.028063159436, 0.0140717104077, 0.00696289911866, 0.00435149017721, 0.00182846002281, 0.0010796203278, 0.000541144167073, 0.000318417674862, 0.000174820568645, 9.89369000308e-05, 6.02588115726e-05, 4.50786938018e-05, 3.54503863491e-05, 2.96209182125e-05, 2.44139100687e-05, 1.88474095921e-05, 1.3146074707e-05, 7.41647727409e-06, 1.42172871165e-06, 8.67730886966e-06, 1.9595190679e-05],
        "min": [1.39578286926e-21, 1.23855271769e-20, 4.10829720229e-20, 2.37478933285e-20, 3.90604637264e-20, 8.82354787257e-20, 1.86768412575e-19, 4.96448936537e-19, 2.50001045429e-19, 5.21341231012e-19, 5.21362375816e-19, 1.25354020934e-18, 1.73504752398e-18, 1.47738676023e-18, 2.45152552118e-18, 3.24927918344e-18, 2.98366052861e-18, 7.05234834236e-18, 4.30764230154e-18, 1.28951055119e-17, 8.74455059895e-18, 7.23349345189e-18, 1.42487799669e-17, 1.21822627667e-17, 2.16396387401e-17, 1.68257701754e-17, 1.5482412317e-17, 1.19621342893e-17, 1.44133177713e-17, 1.4037273193e-17, 1.41240229326e-17, 1.89434799294e-17, 1.56515558631e-17, 1.12200358202e-17, 8.41543197683e-18, 6.94644937162e-18, 3.36146059094e-18, 1.4172462836e-18, 3.36689909667e-19, 3.68651231495e-20],
        "var": [1.09502852865e-05, 0.00186061428394, 0.311549276114, 33.4554443359, 226.859695435, 1572.33764648, 3319.08374023, 16569.2285156, 10440.5966797, 15026.1972656, 36804.1679688, 5774.93554688, 2070.41455078, 1934.55688477, 182.349334717, 20.3733654022, 34.420249939, 4.00281953812, 2.89368581772, 0.166520610452, 0.0348226465285, 0.0116056362167, 0.00612764945254, 0.00264844344929, 0.00158646854106, 0.000862217275426, 0.00047957332572, 0.000199109941605, 7.60029797675e-05, 3.32539784722e-05, 1.32351433422e-05, 5.52066057935e-06, 2.02635055757e-06, 3.19386771253e-07, 7.12081558163e-08, 1.90074338491e-08, 3.22584092771e-09, 2.94779034515e-10, 1.05233377568e-10, 5.05256947392e-10]
    },
    "gfcc": {
        "mean": [-265.356384277, 234.278274536, -68.6273193359, -66.7884674072, -69.2900543213, -45.2457237244, -36.6293792725, -23.1033611298, -15.8548278809, -16.1294593811, -10.4268598557, -18.5386047363, -4.79274368286],
        "cov": [[12736.421875, 2953.83007812, -1199.02514648, -23.1913318634, -313.870117188, -210.647277832, 54.4185600281, -348.362976074, 30.3324241638, -240.554153442, 69.295249939, -251.328186035, 38.2545089722], [2953.83007812, 2753.64697266, 599.815734863, -923.684265137, 147.355880737, -316.347259521, 74.8573989868, -167.075759888, -54.5456924438, -225.139068604, -11.5735988617, -195.080535889, 10.4608478546], [-1199.02514648, 599.815734863, 1252.3223877, -257.778930664, -102.764060974, -56.2550544739, 94.1901931763, 5.91657781601, -25.034154892, -18.7599697113, -29.9815769196, -36.2870368958, -23.7713718414], [-23.1913318634, -923.684265137, -257.778930664, 897.536743164, 51.3328933716, 202.384399414, -24.8941841125, 15.8306760788, 15.1284799576, 49.8643493652, -10.8545322418, 33.8144645691, -19.0797996521], [-313.870117188, 147.355880737, -102.764060974, 51.3328933716, 435.138946533, 52.9790878296, -12.171582222, 22.9516086578, -46.1759910583, -11.0293388367, -9.30289173126, -0.797203183174, -21.0450553894], [-210.647277832, -316.347259521, -56.2550544739, 202.384399414, 52.9790878296, 290.385894775, 103.313552856, 9.60641098022, 1.50256836414, 15.0801239014, -2.15724086761, 7.41884231567, -7.69521999359], [54.4185600281, 74.8573989868, 94.1901931763, -24.8941841125, -12.171582222, 103.313552856, 202.836105347, 70.4272460938, -14.1325817108, -0.605764329433, -22.3094425201, -12.6819763184, -16.6156806946], [-348.362976074, -167.075759888, 5.91657781601, 15.8306760788, 22.9516086578, 9.60641098022, 70.4272460938, 168.781188965, 58.4083633423, 11.3774261475, -35.6093673706, -14.0732727051, -41.7174530029], [30.3324241638, -54.5456924438, -25.034154892, 15.1284799576, -46.1759910583, 1.50256836414, -14.1325817108, 58.4083633423, 150.729019165, 45.7126960754, -7.39883041382, -36.7010498047, -13.6390943527], [-240.554153442, -225.139068604, -18.7599697113, 49.8643493652, -11.0293388367, 15.0801239014, -0.605764329433, 11.3774261475, 45.7126960754, 137.463195801, 43.8811187744, 26.9003582001, -7.30198097229], [69.295249939, -11.5735988617, -29.9815769196, -10.8545322418, -9.30289173126, -2.15724086761, -22.3094425201, -35.6093673706, -7.39883041382, 43.8811187744, 131.938140869, 70.3710174561, 25.0848693848], [-251.328186035, -195.080535889, -36.2870368958, 33.8144645691, -0.797203183174, 7.41884231567, -12.6819763184, -14.0732727051, -36.7010498047, 26.9003582001, 70.3710174561, 129.447006226, 60.942111969], [38.2545089722, 10.4608478546, -23.7713718414, -19.0797996521, -21.0450553894, -7.69521999359, -16.6156806946, -41.7174530029, -13.6390943527, -7.30198097229, 25.0848693848, 60.942111969, 106.053436279]],
        "icov": [[0.000319108279655, -0.000845626578666, 0.000619849015493, -0.000604524509981, 0.000834776146803, -0.000341769657098, 0.000249994423939, -0.000372668262571, 0.000317095255014, -0.000471359060612, 0.000136157104862, -0.000280181877315, 0.000169032704434], [-0.000845626578666, 0.0037148592528, -0.00203320151195, 0.00237761880271, -0.00346330692992, 0.00268812361173, -0.00297094974667, 0.00356921646744, -0.00233900221065, 0.00335199409164, -0.00174712296575, 0.00266979890876, -0.000833985919598], [0.000619849015493, -0.00203320151195, 0.0022170774173, -0.00117839733139, 0.00212246598676, -0.000946885033045, 0.000592010153923, -0.00120815145783, 0.00111103546806, -0.00152236700524, 0.000824531423859, -0.00108224549331, 0.00069683016045], [-0.000604524509981, 0.00237761880271, -0.00117839733139, 0.00312750786543, -0.00211446662433, 0.00021072360687, -0.000667385698762, 0.00169829314109, -0.00115321378689, 0.0015112448018, -0.000333239935571, 0.000921783153899, -5.38781860087e-05], [0.000834776146803, -0.00346330692992, 0.00212246598676, -0.00211446662433, 0.00597180705518, -0.00335918669589, 0.00383270299062, -0.00455548288301, 0.00384299363941, -0.0032626746688, 0.00141853385139, -0.00172781583387, 0.00081257749116], [-0.000341769657098, 0.00268812361173, -0.000946885033045, 0.00021072360687, -0.00335918669589, 0.0086706103757, -0.00750186806545, 0.00602232292295, -0.00405125040561, 0.00345536088571, -0.00170649867505, 0.00147783395369, 0.000111282315629], [0.000249994423939, -0.00297094974667, 0.000592010153923, -0.000667385698762, 0.00383270299062, -0.00750186806545, 0.0137308705598, -0.0101316105574, 0.00685772905126, -0.00491393310949, 0.0019372011302, -0.000578459003009, -0.000984615995549], [-0.000372668262571, 0.00356921646744, -0.00120815145783, 0.00169829314109, -0.00455548288301, 0.00602232292295, -0.0101316105574, 0.0173702929169, -0.00995063129812, 0.00560537539423, 0.00110161479097, -0.00248031760566, 0.0048665185459], [0.000317095255014, -0.00233900221065, 0.00111103546806, -0.00115321378689, 0.00384299363941, -0.00405125040561, 0.00685772905126, -0.00995063129812, 0.0148007245734, -0.00709949107841, -0.000403076905059, 0.00516976509243, -0.00367399887182], [-0.000471359060612, 0.00335199409164, -0.00152236700524, 0.0015112448018, -0.0032626746688, 0.00345536088571, -0.00491393310949, 0.00560537539423, -0.00709949107841, 0.0140066156164, -0.00450272159651, -0.000215502645005, 0.00204860325903], [0.000136157104862, -0.00174712296575, 0.000824531423859, -0.000333239935571, 0.00141853385139, -0.00170649867505, 0.0019372011302, 0.00110161479097, -0.000403076905059, -0.00450272159651, 0.0145292161033, -0.0102280527353, 0.00322153489105], [-0.000280181877315, 0.00266979890876, -0.00108224549331, 0.000921783153899, -0.00172781583387, 0.00147783395369, -0.000578459003009, -0.00248031760566, 0.00516976509243, -0.000215502645005, -0.0102280527353, 0.0227427016944, -0.0115404501557], [0.000169032704434, -0.000833985919598, 0.00069683016045, -5.38781860087e-05, 0.00081257749116, 0.000111282315629, -0.000984615995549, 0.0048665185459, -0.00367399887182, 0.00204860325903, 0.00322153489105, -0.0115404501557, 0.017064480111]]
    },
    "melbands": {
        "dmean": [9.32171769819e-06, 4.82661125716e-05, 0.000355455034878, 0.000466893194243, 0.000607169000432, 0.000624087755568, 0.000420838099672, 0.000280714884866, 0.000292173732305, 9.21264436329e-05, 2.74566809821e-05, 3.28388923663e-05, 6.71338739267e-06, 2.90935963676e-06, 1.82996359399e-06, 2.64692425844e-06, 5.52600113224e-07, 5.26655867361e-07, 3.46120572203e-07, 1.24169872606e-07, 7.88880214486e-08, 5.62535547033e-08, 3.40780630381e-08, 2.20967031339e-08, 1.70285989753e-08, 1.33036035521e-08, 1.02014512393e-08, 8.09499045573e-09, 6.28626795063e-09, 4.61229676674e-09, 3.03229374943e-09, 1.96481897419e-09, 1.30163035905e-09, 9.52591006076e-10, 7.10108416513e-10, 5.12387854368e-10, 3.80112247234e-10, 2.94763380371e-10, 2.2785548448e-10, 1.70780029007e-10],
        "dmean2": [1.67885191331e-05, 8.07246688055e-05, 0.000525178038515, 0.000679162272718, 0.000897133722901, 0.000864970847033, 0.00062803865876, 0.000389552529668, 0.000367898610421, 0.000133391193231, 3.93933951273e-05, 4.78565270896e-05, 1.02216654341e-05, 4.5514152589e-06, 2.94354163088e-06, 4.13604402638e-06, 9.66205561781e-07, 8.86877955963e-07, 5.86943883718e-07, 2.18729837798e-07, 1.42460265806e-07, 1.02342731623e-07, 6.25957667921e-08, 4.17148697807e-08, 3.24273372598e-08, 2.53507419501e-08, 1.97197831397e-08, 1.56210422375e-08, 1.21441878775e-08, 8.86957263191e-09, 5.79194114891e-09, 3.74656972113e-09, 2.48298337446e-09, 1.82498327561e-09, 1.35708799753e-09, 9.80269310169e-10, 7.30094096291e-10, 5.62749791211e-10, 4.36090358269e-10, 3.29634430862e-10],
        "dvar": [1.06437458847e-09, 2.29476082581e-08, 1.06133029476e-06, 1.5458094822e-06, 1.5136164393e-06, 2.94705250781e-06, 1.42841668094e-06, 5.08431810431e-07, 7.5540032185e-07, 1.46159109704e-07, 1.91408666694e-08, 2.90795174607e-08, 8.63514260097e-10, 1.58803942218e-10, 6.76685790735e-11, 1.57145976787e-10, 1.21577340209e-11, 6.82959374818e-12, 1.17908731823e-12, 1.81018110115e-13, 3.97355623882e-14, 1.88816383319e-14, 1.12272650148e-14, 4.87235797634e-15, 2.86853890928e-15, 1.83621221086e-15, 1.04094832915e-15, 6.09392507007e-16, 3.57186673486e-16, 1.89440652424e-16, 8.50864381677e-17, 3.92563408193e-17, 1.8867690333e-17, 1.02904188149e-17, 5.673226503e-18, 2.87102830768e-18, 1.52685577978e-18, 8.57102527044e-19, 5.04764066247e-19, 2.93015290312e-19],
        "dvar2": [3.33017391441e-09, 5.51375407554e-08, 2.46838590101e-06, 3.21282368532e-06, 3.35916843142e-06, 6.2413150772e-06, 3.03434057969e-06, 1.0387096836e-06, 1.44755063047e-06, 3.21637060097e-07, 3.71113237918e-08, 6.68060167186e-08, 1.76073622349e-09, 3.28498866997e-10, 1.64480110088e-10, 3.49970441516e-10, 3.07033704017e-11, 1.63694596073e-11, 2.91076798081e-12, 4.51705377746e-13, 1.10321121813e-13, 5.32701798796e-14, 3.13508205128e-14, 1.40179548199e-14, 8.34453491548e-15, 5.3381841692e-15, 3.03000202375e-15, 1.76922386907e-15, 1.03479929347e-15, 5.49719406449e-16, 2.46753058922e-16, 1.14122509224e-16, 5.46130084483e-17, 2.99362685558e-17, 1.64976342439e-17, 8.37355761268e-18, 4.46726458512e-18, 2.5038841928e-18, 1.46911495411e-18, 8.51453607243e-19],
        "max": [0.000626081309747, 0.00560576049611, 0.0251272656024, 0.0483926236629, 0.0277030635625, 0.0476548597217, 0.0282733477652, 0.0189090687782, 0.0200020968914, 0.0128121804446, 0.00768055254593, 0.00530466809869, 0.00202853535302, 0.000814259401523, 0.000440438278019, 0.000518295739312, 0.000257923267782, 0.000130302229081, 4.31911212218e-05, 1.84551263374e-05, 3.34244737132e-06, 3.51943981514e-06, 2.6121274459e-06, 1.38605321354e-06, 1.14691181352e-06, 8.7905982582e-07, 6.31222633274e-07, 4.77379899166e-07, 3.14349563268e-07, 2.18859099732e-07, 1.46017640645e-07, 1.04571597603e-07, 7.39932417559e-08, 5.2846978349e-08, 3.80779567877e-08, 2.71278342012e-08, 2.1655635507e-08, 1.64847371309e-08, 1.32063098235e-08, 1.05336601663e-08],
        "mean": [1.04151104097e-05, 6.84590559104e-05, 0.000708961277269, 0.000956714677159, 0.00126993912272, 0.00132058933377, 0.000835850078147, 0.000627352274023, 0.000698809279129, 0.000143280514749, 4.21565637225e-05, 4.74520638818e-05, 1.12664065455e-05, 4.05319678976e-06, 2.1202095013e-06, 3.0848023016e-06, 5.38427229912e-07, 5.49011986095e-07, 4.01603472255e-07, 1.17621041795e-07, 7.9627454852e-08, 5.63203492732e-08, 2.89935204734e-08, 1.74341128201e-08, 1.30960673417e-08, 9.83637882257e-09, 6.85812562295e-09, 5.40307532049e-09, 4.35099556384e-09, 3.3759881557e-09, 2.30571206572e-09, 1.6168821837e-09, 1.14939047169e-09, 8.73648875466e-10, 6.60951238185e-10, 5.02278940662e-10, 4.20258078337e-10, 3.48983897336e-10, 2.20150286889e-10, 1.23200200042e-10],
        "median": [1.03938918983e-06, 1.06159795905e-05, 0.000180921284482, 0.000343872001395, 0.000702178513166, 0.000448200822575, 0.000256854167674, 0.000267637660727, 0.000174448592588, 3.35201257258e-05, 6.67827771395e-06, 8.77285856404e-06, 2.42570422415e-06, 8.32781779536e-07, 4.20088781539e-07, 5.14907412708e-07, 9.67255786577e-08, 1.04429759062e-07, 5.27258166017e-08, 2.10526245326e-08, 1.14951079766e-08, 6.78125777753e-09, 4.92635798821e-09, 2.37770780842e-09, 1.17803478084e-09, 8.46076153582e-10, 4.48030224032e-10, 2.82134038354e-10, 1.99906563525e-10, 1.24625282316e-10, 8.24130624855e-11, 5.25178962818e-11, 3.17296119934e-11, 2.38943795305e-11, 1.91574534014e-11, 1.50862742437e-11, 1.23667829449e-11, 1.06558963042e-11, 8.99669835158e-12, 7.60385417825e-12],
        "min": [1.52735935253e-23, 2.06403783466e-23, 4.72032790338e-24, 4.44538187335e-24, 6.6000185686e-24, 1.02540195206e-23, 4.41905087963e-24, 5.84094189571e-24, 3.89008217178e-24, 8.49006500534e-24, 8.65660774193e-24, 5.44704668523e-24, 8.26628015489e-24, 8.0344126356e-24, 7.15185950953e-24, 7.038406323e-24, 1.38653395477e-23, 5.48665775786e-24, 1.43691061218e-23, 1.56216421121e-23, 9.49915536492e-24, 6.41681548412e-24, 1.31066620384e-23, 1.10174365062e-23, 8.91984352626e-24, 1.56313135468e-23, 1.53299166162e-23, 1.00991771689e-23, 9.74436094439e-24, 8.16431436086e-24, 6.22835937488e-24, 8.12581794869e-24, 7.87929812695e-24, 8.07080357802e-24, 7.89396620662e-24, 9.98291563758e-24, 1.18421266848e-23, 1.04040371989e-23, 1.03483191643e-23, 9.57332958925e-24],
        "var": [1.21390364427e-09, 4.09793123879e-08, 2.1702057893e-06, 3.36141420121e-06, 3.14954672831e-06, 6.38795199848e-06, 3.38579252457e-06, 1.30619810079e-06, 2.10574307857e-06, 2.27818290455e-07, 4.94577356847e-08, 3.85306968553e-08, 1.62745983356e-09, 3.09611863925e-10, 8.81319184298e-11, 1.99023769687e-10, 1.22521099169e-11, 7.15092481757e-12, 1.55574739289e-12, 1.86989678841e-13, 3.90459386557e-14, 1.72666836206e-14, 7.77816294717e-15, 2.95990115352e-15, 1.71883250261e-15, 1.04536571185e-15, 5.86396356582e-16, 3.4633877547e-16, 2.08311434758e-16, 1.18114165223e-16, 5.46813699629e-17, 2.73939885001e-17, 1.54926263433e-17, 8.53012222312e-18, 4.90502676326e-18, 2.70610420997e-18, 1.81935997587e-18, 1.21687594568e-18, 4.63503418414e-19, 1.74564784353e-19]
    },
    "mfcc": {
        "mean": [-883.189575195, 237.049423218, 55.948474884, -18.1885089874, -29.1842365265, -27.3660240173, -27.6560001373, -22.8460617065, -15.8169002533, -11.3694076538, -9.48295211792, -8.80071258545, -9.11635112762],
        "cov": [[3995.3371582, 2015.93103027, -796.503723145, -176.455917358, 82.3769760132, 92.3416976929, -28.6340084076, 0.977908551693, 16.333278656, -0.280771523714, -19.9122886658, 20.8831100464, -37.3044013977], [2015.93103027, 2039.79333496, 377.393737793, -305.141174316, -139.17010498, -39.8588371277, -23.6265182495, -28.1352996826, -15.3724336624, -15.7027959824, -8.04555702209, -35.6185569763, -62.7720756531], [-796.503723145, 377.393737793, 1136.55322266, 113.52797699, -268.826324463, -99.5911483765, 34.1956787109, -19.6933727264, -30.3165779114, 1.71928858757, 3.74469780922, -25.1614189148, -10.95561409], [-176.455917358, -305.141174316, 113.52797699, 383.077545166, 115.728919983, 19.4369792938, 37.4922828674, 21.3969631195, 10.795331955, 12.0361938477, 9.32206344604, 25.9538917542, 21.5254650116], [82.3769760132, -139.17010498, -268.826324463, 115.728919983, 334.047210693, 149.877410889, 9.53044319153, 24.996383667, 21.4236164093, -0.975805997849, 4.84960317612, 14.2206802368, 8.51037788391], [92.3416976929, -39.8588371277, -99.5911483765, 19.4369792938, 149.877410889, 227.21156311, 127.592063904, 28.9223804474, 13.4439954758, 7.21371507645, -4.84344625473, 10.4219198227, 15.4124355316], [-28.6340084076, -23.6265182495, 34.1956787109, 37.4922828674, 9.53044319153, 127.592063904, 205.552947998, 99.8401184082, 11.476565361, 2.54683685303, 4.36830186844, 8.66345787048, 10.9720220566], [0.977908551693, -28.1352996826, -19.6933727264, 21.3969631195, 24.996383667, 28.9223804474, 99.8401184082, 141.897155762, 70.9710617065, 14.2360086441, 9.44518756866, 6.16306400299, -1.09482216835], [16.333278656, -15.3724336624, -30.3165779114, 10.795331955, 21.4236164093, 13.4439954758, 11.476565361, 70.9710617065, 132.556838989, 84.6609420776, 25.0248661041, 8.7279882431, -5.49434137344], [-0.280771523714, -15.7027959824, 1.71928858757, 12.0361938477, -0.975805997849, 7.21371507645, 2.54683685303, 14.2360086441, 84.6609420776, 121.862998962, 73.8245162964, 24.012386322, -0.982289910316], [-19.9122886658, -8.04555702209, 3.74469780922, 9.32206344604, 4.84960317612, -4.84344625473, 4.36830186844, 9.44518756866, 25.0248661041, 73.8245162964, 103.242431641, 62.0376968384, 11.5223388672], [20.8831100464, -35.6185569763, -25.1614189148, 25.9538917542, 14.2206802368, 10.4219198227, 8.66345787048, 6.16306400299, 8.7279882431, 24.012386322, 62.0376968384, 90.2847595215, 55.5975761414], [-37.3044013977, -62.7720756531, -10.95561409, 21.5254650116, 8.51037788391, 15.4124355316, 10.9720220566, -1.09482216835, -5.49434137344, -0.982289910316, 11.5223388672, 55.5975761414, 84.6932678223]],
