{
"lowlevel": {
    "average_loudness": 0.951287209988,
    "barkbands_crest": {
        "dmean": 2.81116867065,
        "dmean2": 4.50637531281,
        "dvar": 7.00440979004,
        "dvar2": 17.5865821838,
        "max": 26.4072418213,
        "mean": 12.213259697,
        "median": 11.8727855682,
        "min": 2.53923630714,
        "var": 22.464384079
    },
    "barkbands_flatness_db": {
        "dmean": 0.0287047531456,
        "dmean2": 0.0422389805317,
        "dvar": 0.000826774688903,
        "dvar2": 0.00184820883442,
        "max": 0.608308553696,
        "mean": 0.151239007711,
        "median": 0.141185000539,
        "min": 0.021754944697,
        "var": 0.00454619852826
    },
    "barkbands_kurtosis": {
        "dmean": 4.85148191452,
        "dmean2": 7.56577062607,
        "dvar": 83.2011108398,
        "dvar2": 195.934463501,
        "max": 292.107025146,
        "mean": 6.46282863617,
        "median": 1.95890808105,
        "min": -1.9438046217,
        "var": 174.635574341
    },
    "barkbands_skewness": {
        "dmean": 0.816864907742,
        "dmean2": 1.24418473244,
        "dvar": 0.744754254818,
        "dvar2": 1.73294234276,
        "max": 13.7005357742,
        "mean": 1.91712284088,
        "median": 1.68938410282,
        "min": -4.98828268051,
        "var": 2.7801656723
    },
    "barkbands_spread": {
        "dmean": 11.8856992722,
        "dmean2": 17.6493549347,
        "dvar": 201.742599487,
        "dvar2": 404.753631592,
        "max": 114.596786499,
        "mean": 29.6243591309,
        "median": 24.1962757111,
        "min": 0.127472549677,
        "var": 487.233306885
    },
    "dissonance": {
        "dmean": 0.0152838947251,
        "dmean2": 0.024884082377,
        "dvar": 0.000291707954602,
        "dvar2": 0.000712620385457,
        "max": 0.499999910593,
        "mean": 0.469473302364,
        "median": 0.477381974459,
        "min": 0.203630551696,
        "var": 0.000772317929659
    },
    "dynamic_complexity": 2.83322763443,
    "erbbands_crest": {
        "dmean": 2.47695589066,
        "dmean2": 3.98987722397,
        "dvar": 5.76170349121,
        "dvar2": 13.8433151245,
        "max": 31.5176544189,
        "mean": 8.25778484344,
        "median": 7.36364364624,
        "min": 2.33034157753,
        "var": 13.6045713425
    },
    "erbbands_flatness_db": {
        "dmean": 0.0213458966464,
        "dmean2": 0.0311418771744,
        "dvar": 0.000437517592218,
        "dvar2": 0.000963363272604,
        "max": 0.445415109396,
        "mean": 0.145530685782,
        "median": 0.139072239399,
        "min": 0.0325686186552,
        "var": 0.00276743643917
    },
    "erbbands_kurtosis": {
        "dmean": 1.2178440094,
        "dmean2": 1.89780592918,
        "dvar": 3.61040449142,
        "dvar2": 7.9592666626,
        "max": 59.7114868164,
        "mean": 0.621209323406,
        "median": -0.0766080617905,
        "min": -1.8371899128,
        "var": 6.94674968719
    },
    "erbbands_skewness": {
        "dmean": 0.463503926992,
        "dmean2": 0.707027077675,
        "dvar": 0.226244732738,
        "dvar2": 0.536412119865,
        "max": 5.92897176743,
        "mean": -0.312877237797,
        "median": -0.308744639158,
        "min": -4.50336456299,
        "var": 0.633186340332
    },
    "erbbands_spread": {
        "dmean": 12.7891931534,
        "dmean2": 19.3723907471,
        "dvar": 176.794067383,
        "dvar2": 402.502502441,
        "max": 172.389953613,
        "mean": 46.6747322083,
        "median": 43.137752533,
        "min": 1.68199515343,
        "var": 550.852905273
    },
    "hfc": {
        "dmean": 22.609790802,
        "dmean2": 33.1576347351,
        "dvar": 2160.2109375,
        "dvar2": 5078.02099609,
        "max": 530.166564941,
        "mean": 31.0698013306,
        "median": 13.3263473511,
        "min": 1.08678509358e-16,
        "var": 2602.81787109
    },
    "melbands_crest": {
        "dmean": 3.08048605919,
        "dmean2": 4.93781375885,
        "dvar": 9.49374866486,
        "dvar2": 24.1483058929,
        "max": 33.8677101135,
        "mean": 18.3750839233,
        "median": 18.6467056274,
        "min": 1.76852345467,
        "var": 34.6518363953
    },
    "melbands_flatness_db": {
        "dmean": 0.0364895910025,
        "dmean2": 0.0533796660602,
        "dvar": 0.0013262782013,
        "dvar2": 0.00297510600649,
        "max": 0.773957014084,
        "mean": 0.233641535044,
        "median": 0.228109464049,
        "min": 0.00578054226935,
        "var": 0.00728894583881
    },
    "melbands_kurtosis": {
        "dmean": 13.83938694,
        "dmean2": 21.8493499756,
        "dvar": 496.890228271,
        "dvar2": 1186.40893555,
        "max": 546.838623047,
        "mean": 25.4160842896,
        "median": 14.521364212,
        "min": -1.91139388084,
        "var": 1148.9934082
    },
    "melbands_skewness": {
        "dmean": 1.10318207741,
        "dmean2": 1.71516931057,
        "dvar": 1.37428534031,
        "dvar2": 3.32535266876,
        "max": 17.9976863861,
        "mean": 3.87346053123,
        "median": 3.57307243347,
        "min": -2.49080061913,
        "var": 5.47400617599
    },
    "melbands_spread": {
        "dmean": 12.6961517334,
        "dmean2": 19.8798923492,
        "dvar": 340.466644287,
        "dvar2": 783.951599121,
        "max": 260.066223145,
        "mean": 26.3876628876,
        "median": 18.4432182312,
        "min": 0.264261633158,
        "var": 731.483764648
    },
    "pitch_salience": {
        "dmean": 0.0844403654337,
        "dmean2": 0.137925311923,
        "dvar": 0.00715160137042,
        "dvar2": 0.0186879839748,
        "max": 0.900021851063,
        "mean": 0.470692068338,
        "median": 0.462684333324,
        "min": 0.0600763298571,
        "var": 0.0200925450772
    },
    "silence_rate_20dB": {
        "dmean": 0,
        "dmean2": 0,
        "dvar": 0,
        "dvar2": 0,
        "max": 1,
        "mean": 1,
        "median": 1,
        "min": 1,
        "var": 0
    },
    "silence_rate_30dB": {
        "dmean": 0.0423638634384,
        "dmean2": 0.0847359225154,
        "dvar": 0.0405725240707,
        "dvar2": 0.0986512079835,
        "max": 1,
        "mean": 0.96295940876,
        "median": 1,
        "min": 0,
        "var": 0.0356694720685
    },
    "silence_rate_60dB": {
        "dmean": 0.0189573466778,
        "dmean2": 0.0379183590412,
        "dvar": 0.0185989402235,
        "dvar2": 0.0422813370824,
        "max": 1,
        "mean": 0.0588007718325,
        "median": 0,
        "min": 0,
        "var": 0.0553412921727
    },
    "spectral_centroid": {
        "dmean": 403.686950684,
        "dmean2": 619.550964355,
        "dvar": 219259.109375,
        "dvar2": 511165.9375,
        "max": 11009.8505859,
        "mean": 1498.37316895,
        "median": 1434.5168457,
        "min": 92.5781555176,
        "var": 551953.25
    },
    "spectral_complexity": {
        "dmean": 4.80201196671,
        "dmean2": 6.94447660446,
        "dvar": 33.4210205078,
        "dvar2": 56.3189582825,
        "max": 64,
        "mean": 17.6817207336,
        "median": 16,
        "min": 0,
        "var": 113.603889465
    },
    "spectral_decrease": {
        "dmean": 3.60384388998e-09,
        "dmean2": 5.85493964422e-09,
        "dvar": 3.73477175087e-17,
        "dvar2": 1.00142581154e-16,
        "max": -2.64036599525e-29,
        "mean": -8.08159228427e-09,
        "median": -6.12015416124e-09,
        "min": -6.06701036077e-08,
        "var": 5.68486228724e-17
    },
    "spectral_energy": {
        "dmean": 0.0149952052161,
        "dmean2": 0.0239407029003,
        "dvar": 0.000602719606832,
        "dvar2": 0.00156834826339,
        "max": 0.23284932971,
        "mean": 0.0333199203014,
        "median": 0.0250237286091,
        "min": 9.95712361571e-21,
        "var": 0.000940901052672
    },
    "spectral_energyband_high": {
        "dmean": 0.00197819573805,
        "dmean2": 0.00299210404046,
        "dvar": 2.19073117478e-05,
        "dvar2": 5.35788676643e-05,
        "max": 0.0525768585503,
        "mean": 0.00207395479083,
        "median": 0.00031302991556,
        "min": 7.44087654303e-21,
        "var": 2.29630113608e-05
    },
    "spectral_energyband_low": {
        "dmean": 0.0100981537253,
        "dmean2": 0.0172477178276,
        "dvar": 0.000405549013522,
        "dvar2": 0.0011567393085,
        "max": 0.214241907001,
        "mean": 0.0209630280733,
        "median": 0.0150450738147,
        "min": 7.89994214352e-23,
        "var": 0.000595501100179
    },
    "spectral_energyband_middle_high": {
        "dmean": 0.00276744109578,
        "dmean2": 0.00405477173626,
        "dvar": 2.77155377262e-05,
        "dvar2": 5.24458046129e-05,
        "max": 0.0610832609236,
        "mean": 0.00527897709981,
        "median": 0.00294997054152,
        "min": 1.35974426998e-21,
        "var": 5.12521655764e-05
    },
    "spectral_energyband_middle_low": {
        "dmean": 0.00365318194963,
        "dmean2": 0.00585399195552,
        "dvar": 8.88518115971e-05,
        "dvar2": 0.000228068151046,
        "max": 0.100303068757,
        "mean": 0.00622789375484,
        "median": 0.00369104649872,
        "min": 2.99472274089e-22,
        "var": 8.94536351552e-05
    },
    "spectral_entropy": {
        "dmean": 0.225463166833,
        "dmean2": 0.307049095631,
        "dvar": 0.0495881214738,
        "dvar2": 0.0980254635215,
        "max": 9.80516910553,
        "mean": 7.58569669724,
        "median": 7.61611747742,
        "min": 4.35634183884,
        "var": 0.259968340397
    },
    "spectral_flux": {
        "dmean": 0.0337481796741,
        "dmean2": 0.0490733534098,
        "dvar": 0.00165411806665,
        "dvar2": 0.00347362388857,
        "max": 0.409220069647,
        "mean": 0.0857921764255,
        "median": 0.0677273869514,
        "min": 9.97853882856e-11,
        "var": 0.00396111467853
    },
    "spectral_kurtosis": {
        "dmean": 2.33553981781,
        "dmean2": 3.80751109123,
        "dvar": 17.3878116608,
        "dvar2": 47.9993362427,
        "max": 112.251220703,
        "mean": 5.04297447205,
        "median": 3.82140994072,
        "min": -1.22235012054,
        "var": 40.5541152954
    },
    "spectral_rms": {
        "dmean": 0.00112948357128,
        "dmean2": 0.00172392919194,
        "dvar": 2.09019890463e-06,
        "dvar2": 5.03893988935e-06,
        "max": 0.0150721622631,
        "mean": 0.00520160188898,
        "median": 0.00494099128991,
        "min": 3.1167718146e-12,
        "var": 5.45055763723e-06
    },
    "spectral_rolloff": {
        "dmean": 1250.98657227,
        "dmean2": 2126.92919922,
        "dvar": 4120096.75,
        "dvar2": 8598681,
        "max": 18863.0859375,
        "mean": 1984.97583008,
        "median": 1119.7265625,
        "min": 64.599609375,
        "var": 6506666
    },
    "spectral_skewness": {
        "dmean": 0.326710104942,
        "dmean2": 0.509239137173,
        "dvar": 0.14764419198,
        "dvar2": 0.380228817463,
        "max": 9.03697395325,
        "mean": 1.49544239044,
        "median": 1.42700898647,
        "min": -0.123943693936,
        "var": 0.412716656923
    },
    "spectral_spread": {
        "dmean": 1101343.625,
        "dmean2": 1526700.375,
        "dvar": 1.7974615081e+12,
        "dvar2": 3.40828042035e+12,
        "max": 40864452,
        "mean": 5055615,
        "median": 4018857,
        "min": 647970.375,
        "var": 7.03122427085e+12
    },
    "spectral_strongpeak": {
        "dmean": 0.333182245493,
        "dmean2": 0.583583116531,
        "dvar": 1.02309679985,
        "dvar2": 2.76615810394,
        "max": 20.0305461884,
        "mean": 0.555004656315,
        "median": 0.397885024548,
        "min": 0,
        "var": 0.842354178429
    },
    "zerocrossingrate": {
        "dmean": 0.0216823033988,
        "dmean2": 0.024368532002,
        "dvar": 0.000623584259301,
        "dvar2": 0.000789397978224,
        "max": 0.50439453125,
        "mean": 0.0692878141999,
        "median": 0.05126953125,
        "min": 0.00244140625,
        "var": 0.00331477308646
    },
    "barkbands": {
        "dmean": [0.000232692153077, 0.00739860301837, 0.00371446181089, 0.00112972431816, 0.00198063836433, 0.000439372757683, 0.000250280078035, 0.000311653508106, 0.000254399608821, 0.000292629702017, 0.000223313225433, 0.000627410889138, 0.000410026725149, 0.000401638564654, 0.000329218863044, 0.000457334332168, 0.000358925724868, 0.000323673477396, 0.000394542934373, 0.000109870139568, 5.82093525736e-05, 0.00010210347682, 0.000592664873693, 0.000911242503207, 0.000132111410494, 0.000192327308469, 5.15038082085e-05],
        "dmean2": [0.000420773751102, 0.0125924805179, 0.00630600983277, 0.00181698706001, 0.00336732785217, 0.000742755190004, 0.000423841527663, 0.000487863086164, 0.000398249743739, 0.000457056594314, 0.000344122556271, 0.000955945521127, 0.000622085295618, 0.000638769473881, 0.000491250830237, 0.000702907971572, 0.000549394346308, 0.000482713716337, 0.000675615854561, 0.000168068232597, 9.06931163627e-05, 0.000157085902174, 0.00094153790269, 0.00143066898454, 0.000207773860893, 0.000312480289722, 8.23678419692e-05],
        "dvar": [4.16194211539e-07, 0.000235475017689, 6.31832517684e-05, 4.89640387968e-06, 4.99472625961e-05, 1.21901496186e-06, 3.4585582398e-07, 4.90406193876e-07, 3.26828597963e-07, 3.09256961373e-07, 2.77942831417e-07, 2.56239150076e-06, 8.41512928673e-07, 8.77933871379e-07, 4.85903456138e-07, 1.03175818822e-06, 6.5289526674e-07, 5.15988915595e-07, 6.91746947723e-07, 5.14946201235e-08, 1.03476676117e-08, 6.34310666214e-08, 2.19459570872e-06, 5.90926219957e-06, 1.15112428034e-07, 2.93869817369e-07, 2.14748965277e-08],
        "dvar2": [1.27467728817e-06, 0.000689698790666, 0.000169952385477, 1.21576840684e-05, 0.00013612175826, 3.31233468387e-06, 9.32543059662e-07, 1.14466172363e-06, 8.18087983134e-07, 7.57126088047e-07, 6.71430598231e-07, 5.67902679904e-06, 1.86335842045e-06, 2.18900163418e-06, 1.0081317896e-06, 2.12359168472e-06, 1.45509977756e-06, 9.58182340582e-07, 1.85431599675e-06, 1.03052393285e-07, 2.38318342838e-08, 1.54462213686e-07, 5.61766955798e-06, 1.46467109516e-05, 2.97566316476e-07, 7.87056137597e-07, 5.642761991e-08],
        "max": [0.00751696527004, 0.161383554339, 0.105317696929, 0.0295341387391, 0.0799169316888, 0.0264204852283, 0.013005678542, 0.0141762876883, 0.0117885433137, 0.0125444782898, 0.00906373653561, 0.038839045912, 0.024129614234, 0.0154431657866, 0.020838547498, 0.0213535819203, 0.0104827657342, 0.0119527699426, 0.00862039718777, 0.00308616273105, 0.00150604255032, 0.00626393593848, 0.0180233512074, 0.034341558814, 0.00573567301035, 0.0080757457763, 0.0024416600354],
        "mean": [0.000236786581809, 0.0126655902714, 0.00687406305224, 0.00186546996702, 0.00243328488432, 0.000683888734784, 0.000352273433236, 0.000447568774689, 0.000378671335056, 0.000482727307826, 0.000309328141157, 0.000869036477525, 0.000553168531042, 0.000533924438059, 0.000489390979055, 0.000659914687276, 0.000510798185132, 0.000407475890825, 0.000423652207246, 0.000137994662509, 9.6357667644e-05, 0.000120198485092, 0.000581343425438, 0.000856047787238, 0.000130041822558, 0.000172942978679, 4.79898772028e-05],
        "median": [3.54050644091e-05, 0.00686682481319, 0.00401738379151, 0.000788799254224, 0.00098756630905, 0.000307002628688, 0.000129264051793, 0.000157263479196, 0.000125052116346, 0.000196110893739, 9.00797895156e-05, 0.000188998528756, 0.000174648113898, 0.000203266070457, 0.000194302949239, 0.000257217849139, 0.000199776361114, 0.000126654733322, 0.000118241179734, 4.28164676123e-05, 4.60269220639e-05, 3.35017684847e-05, 5.07080403622e-05, 3.06912261294e-05, 1.43763372762e-05, 6.82781592332e-06, 2.09878930946e-06],
        "min": [5.82357315073e-23, 1.57538331117e-23, 1.82174267861e-23, 2.77044037164e-23, 2.59610274267e-23, 8.0600461974e-23, 4.75507178312e-23, 2.23399980996e-23, 8.56139822601e-23, 2.49376713065e-23, 1.27034996845e-23, 7.84840049633e-23, 5.80856081216e-23, 9.2031706512e-23, 1.65078497152e-22, 1.73106804005e-22, 1.84622507147e-22, 2.19618522604e-22, 1.83886796534e-22, 3.4946578491e-22, 4.88387345763e-22, 6.1541732703e-22, 3.83541344841e-22, 8.91086070402e-22, 9.94201626042e-22, 1.97211591234e-21, 2.12609893571e-21],
        "var": [3.63654436342e-07, 0.000340044265613, 7.71566337789e-05, 8.46332113724e-06, 4.029826232e-05, 1.1978644352e-06, 4.69975503847e-07, 6.6158241907e-07, 5.58577596621e-07, 5.89842215959e-07, 4.62971541992e-07, 4.44589795734e-06, 1.3373917227e-06, 1.03465890788e-06, 8.15439364032e-07, 1.76936805474e-06, 9.56747499004e-07, 7.83680548011e-07, 6.35618846445e-07, 7.4786356663e-08, 1.89484978819e-08, 6.89973234103e-08, 2.00772069547e-06, 5.81512267672e-06, 1.01486634208e-07, 2.32819502344e-07, 1.76978041111e-08]
    },
    "erbbands": {
        "dmean": [0.159679740667, 1.93342411518, 4.42638540268, 3.69593787193, 3.85595870018, 9.20405292511, 4.65931797028, 3.54820227623, 3.87783408165, 3.5379357338, 7.30098199844, 6.22343015671, 5.73538255692, 10.4667959213, 13.5269412994, 25.0766830444, 19.0069465637, 17.8598518372, 18.5005054474, 17.3707828522, 26.4780864716, 18.5002937317, 16.7735862732, 21.0717163086, 15.7212963104, 5.73866939545, 3.04372477531, 2.16194033623, 4.98338508606, 6.65155506134, 20.9182319641, 6.92069864273, 24.3458423615, 2.31473183632, 1.13410687447, 0.225863426924, 0.278626561165, 0.198185697198, 0.00873125437647, 0.000336738245096],
        "dmean2": [0.231925964355, 3.43430137634, 7.65906429291, 6.01346158981, 6.6837553978, 15.3268966675, 7.67928028107, 6.04351234436, 6.58864974976, 5.8425693512, 11.3808412552, 9.59104537964, 9.00414180756, 16.2622642517, 20.7713241577, 37.5074691772, 28.9445705414, 27.702829361, 28.224105835, 25.7492618561, 40.7394332886, 27.7493534088, 24.7202396393, 35.114528656, 26.3389587402, 8.94675254822, 4.6741361618, 3.35775637627, 7.68352937698, 10.525062561, 33.3535270691, 11.100643158, 38.2154693604, 3.52844524384, 1.79874324799, 0.378136605024, 0.454164326191, 0.316891372204, 0.0138834035024, 0.000559417821933],
        "dvar": [0.115441463888, 16.4637260437, 89.4196014404, 52.7896385193, 86.910736084, 1274.92126465, 136.686828613, 101.489974976, 77.7495040894, 74.5238571167, 310.840698242, 200.844238281, 127.236434937, 385.09753418, 921.602172852, 5151.92529297, 1797.30615234, 1822.88806152, 1282.53344727, 1563.75354004, 3457.81298828, 1839.51403809, 1378.94567871, 1981.04785156, 994.155639648, 134.727279663, 26.2632541656, 21.561088562, 168.309524536, 248.817276001, 2838.30004883, 295.970367432, 4579.02636719, 31.428276062, 9.40958786011, 0.563884019852, 0.617527842522, 0.293672978878, 0.000595819146838, 1.25876067614e-06],
        "dvar2": [0.235033646226, 52.0606498718, 247.520065308, 134.005615234, 241.387084961, 3422.03515625, 358.69039917, 276.293884277, 207.855194092, 204.219238281, 715.667724609, 493.475921631, 310.991851807, 953.084716797, 2212.39086914, 11062.953125, 3903.02954102, 4389.59326172, 2813.34985352, 3167.42456055, 7409.63769531, 3978.89111328, 2615.65063477, 4933.55908203, 2533.06518555, 282.326721191, 58.7714385986, 52.917175293, 412.312866211, 630.299438477, 7295.44140625, 767.281860352, 11400.2753906, 75.9582672119, 24.7752532959, 1.56584310532, 1.64936554432, 0.777166724205, 0.00156270316802, 3.44160139321e-06],
        "max": [4.78087997437, 36.0033454895, 116.571243286, 115.04838562, 133.421264648, 426.342895508, 119.785995483, 255.234802246, 167.164367676, 247.736038208, 375.790374756, 234.904037476, 366.538818359, 417.711242676, 404.134429932, 1940.60717773, 1238.57971191, 769.741577148, 602.126403809, 1554.79101562, 1215.39807129, 569.733703613, 589.86328125, 553.995666504, 357.272705078, 155.053939819, 76.8660736084, 77.6665725708, 343.738189697, 215.222244263, 650.743408203, 209.062484741, 962.506958008, 92.1686019897, 47.7893829346, 11.8540363312, 11.1082391739, 7.5427236557, 0.323998510838, 0.0140640577301],
        "mean": [0.338744729757, 2.95662641525, 8.08316230774, 7.0969452858, 5.62916517258, 10.4476919174, 6.87710809708, 4.90895557404, 5.73108720779, 5.22537946701, 10.4980993271, 9.36613368988, 9.67041873932, 17.2719459534, 19.5844860077, 36.4710388184, 27.4270706177, 24.7365436554, 28.4156455994, 27.3594055176, 37.4897918701, 26.5766468048, 22.8885917664, 23.3866424561, 17.2691574097, 7.20337343216, 5.13138580322, 3.03438091278, 5.70002746582, 6.7629699707, 20.5206298828, 6.25708627701, 22.9265193939, 2.33313202858, 1.10707521439, 0.192912206054, 0.248120516539, 0.183365643024, 0.008170847781, 0.00030867109308],
        "median": [0.121228083968, 1.73925316334, 4.99271774292, 4.66118335724, 2.94973731041, 2.76888751984, 2.67041778564, 2.17314720154, 2.06027889252, 2.3171339035, 3.3613820076, 3.18966531754, 4.311378479, 7.36288166046, 6.47758245468, 8.70188522339, 9.30863571167, 9.98649024963, 12.7223758698, 11.133058548, 14.6406669617, 10.7327365875, 7.95317554474, 6.50924634933, 4.83215522766, 2.4611093998, 2.4031894207, 1.35633504391, 1.33042192459, 1.19482779503, 1.5448038578, 0.565459191799, 0.546790122986, 0.198809340596, 0.0919309258461, 0.0268261022866, 0.0104258609936, 0.0030068657361, 0.000314886856358, 6.059329462e-05],
        "min": [1.24109343041e-21, 1.32697400348e-21, 1.34255920905e-20, 6.93484444122e-20, 5.87555694878e-20, 1.16606810846e-19, 2.75017727189e-19, 6.70897760508e-19, 9.33036776698e-19, 4.44977416126e-19, 4.81821022886e-19, 1.82806584502e-18, 1.55601968663e-18, 6.8549579226e-19, 1.99704374812e-18, 2.01993555798e-18, 2.29130125692e-18, 4.41854281986e-18, 6.4681371455e-18, 1.25945138676e-17, 7.70959462424e-18, 9.9904020611e-18, 1.38105603579e-17, 8.31822088406e-18, 1.04266422269e-17, 1.8073601908e-17, 2.0586801602e-17, 1.81065667098e-17, 2.30273334793e-17, 1.60281496893e-17, 1.05503412973e-17, 1.34379593325e-17, 1.74635016123e-17, 1.11186697992e-17, 7.22488332889e-18, 6.60726189349e-18, 3.94276218e-18, 1.14968199657e-18, 2.97144472532e-19, 3.24784906571e-20],
        "var": [0.334464460611, 17.1787605286, 100.721138, 74.5485153198, 81.6749420166, 1042.28051758, 153.680618286, 84.2043914795, 114.309913635, 74.2115783691, 418.375335693, 352.239715576, 259.663085938, 693.214294434, 1287.86413574, 9453.89160156, 3103.6887207, 2332.05395508, 2086.57763672, 2784.39038086, 5530.71875, 2644.34594727, 2144.328125, 2093.85351562, 1026.40637207, 184.040649414, 54.0049858093, 25.6340637207, 179.264938354, 234.131484985, 2571.08740234, 255.791519165, 4464.33349609, 33.505405426, 7.91926002502, 0.379436582327, 0.484136193991, 0.246008679271, 0.000497244065627, 8.91797185432e-07]
    },
    "gfcc": {
        "mean": [-6.72589683533, 84.064781189, -104.769706726, 38.0446510315, -27.9875392914, 24.3672084808, -30.5311450958, 7.11903619766, -16.7159538269, -7.3531332016, -11.6166734695, -2.43387818336, -12.428153038],
        "cov": [[8172.81201172, -2955.53466797, 1019.36828613, 60.4404029846, -541.214111328, 674.006896973, -562.631774902, 364.102111816, -22.088136673, 154.94442749, 78.3533782959, 197.584747314, -284.78125], [-2955.53466797, 2876.77685547, -951.004272461, 278.427124023, 380.778564453, -629.657775879, 351.950561523, -218.498519897, -7.4794921875, -28.7811889648, -1.38903033733, -258.488372803, 251.135284424], [1019.36828613, -951.004272461, 1220.04101562, -32.4066390991, -130.812179565, 359.873352051, -176.578521729, 108.793945312, 114.213523865, 39.0451049805, -19.263551712, 148.755386353, -73.954864502], [60.4404029846, 278.427124023, -32.4066390991, 560.193786621, 133.393005371, -117.870323181, 54.905834198, -64.8538360596, 75.6045761108, -4.77243757248, 17.0538711548, -48.8113479614, 53.9755554199], [-541.214111328, 380.778564453, -130.812179565, 133.393005371, 345.164154053, -7.66779518127, 67.7058258057, -7.93286418915, -15.3189935684, 2.46878457069, 23.8571453094, -28.0061416626, 42.8912086487], [674.006896973, -629.657775879, 359.873352051, -117.870323181, -7.66779518127, 430.021911621, 8.3369512558, 97.5903167725, 48.1033973694, 40.109664917, 4.75199985504, 94.0191497803, -28.705909729], [-562.631774902, 351.950561523, -176.578521729, 54.905834198, 67.7058258057, 8.3369512558, 294.766021729, 57.8049621582, 44.7813682556, -6.72780799866, 2.64909911156, -36.4534301758, 32.3816642761], [364.102111816, -218.498519897, 108.793945312, -64.8538360596, -7.93286418915, 97.5903167725, 57.8049621582, 268.794311523, 35.2822036743, 70.5933227539, -9.31501579285, -0.940353453159, -24.1631526947], [-22.088136673, -7.4794921875, 114.213523865, 75.6045761108, -15.3189935684, 48.1033973694, 44.7813682556, 35.2822036743, 197.978759766, 30.2291622162, -10.2486410141, 3.58463859558, 8.67078113556], [154.94442749, -28.7811889648, 39.0451049805, -4.77243757248, 2.46878457069, 40.109664917, -6.72780799866, 70.5933227539, 30.2291622162, 124.167602539, 16.0583438873, -3.74314212799, -1.44369339943], [78.3533782959, -1.38903033733, -19.263551712, 17.0538711548, 23.8571453094, 4.75199985504, 2.64909911156, -9.31501579285, -10.2486410141, 16.0583438873, 101.407302856, 25.3380203247, -13.9845743179], [197.584747314, -258.488372803, 148.755386353, -48.8113479614, -28.0061416626, 94.0191497803, -36.4534301758, -0.940353453159, 3.58463859558, -3.74314212799, 25.3380203247, 106.520187378, 5.37286090851], [-284.78125, 251.135284424, -73.954864502, 53.9755554199, 42.8912086487, -28.705909729, 32.3816642761, -24.1631526947, 8.67078113556, -1.44369339943, -13.9845743179, 5.37286090851, 96.3475112915]],
        "icov": [[0.00026237955899, 0.00012992239499, 7.28140512365e-05, -0.000341049657436, 0.000346868473571, -0.000339084945153, 0.000423614575993, -0.00032978845411, 0.000177939626155, -2.7733078241e-05, -0.000230299352552, 0.000143652490806, 0.000145444078953], [0.00012992239499, 0.00132544420194, -4.52709355159e-05, 0.000352697243216, -0.000701682118233, 0.00122925220057, -0.000907431356609, 0.000650785164908, -0.000205838980037, -0.000457717862446, -0.000707793864422, 0.001903899014, -0.00235359510407], [7.28140512365e-05, -4.52709355159e-05, 0.00159154948778, -0.000579918036237, 0.000419545220211, -0.0011236454593, 0.0010858111782, -0.000584639376029, -0.000534123217221, 0.000136498798383, 0.00064953166293, -0.00145055027679, 0.00107192830183], [-0.000341049657436, 0.000352697243216, -0.000579918036237, 0.00323545373976, -0.00166438450105, 0.00176715536509, -0.00127774709836, 0.00133045122493, -0.00139243935701, -8.38468477014e-05, -0.000782844319474, 0.00170111830812, -0.00223896629177], [0.000346868473571, -0.000701682118233, 0.000419545220211, -0.00166438450105, 0.00479931896552, -0.00218041567132, 0.00104110804386, -0.00114479882177, 0.00114824366756, 0.000375674018869, -0.000963891041465, 1.91144863493e-05, 0.000446840596851], [-0.000339084945153, 0.00122925220057, -0.0011236454593, 0.00176715536509, -0.00218041567132, 0.00619623204693, -0.00278162327595, 0.000937175063882, -0.000904825923499, -0.00137695192825, 0.00025551955332, -0.00097697135061, -0.00191979971714], [0.000423614575993, -0.000907431356609, 0.0010858111782, -0.00127774709836, 0.00104110804386, -0.00278162327595, 0.00664857961237, -0.00282076699659, -0.000759007874876, 0.00201036874205, -0.000765585515182, 0.000121895136544, 0.00091296370374], [-0.00032978845411, 0.000650785164908, -0.000584639376029, 0.00133045122493, -0.00114479882177, 0.000937175063882, -0.00282076699659, 0.00638997461647, -0.000462066469481, -0.00323779811151, 0.0008922725101, 0.00129347725306, -0.000475296837976], [0.000177939626155, -0.000205838980037, -0.000534123217221, -0.00139243935701, 0.00114824366756, -0.000904825923499, -0.000759007874876, -0.000462066469481, 0.00671399571002, -0.00140634924173, 0.000774261832703, -0.000359594327165, 0.000298164144624], [-2.7733078241e-05, -0.000457717862446, 0.000136498798383, -8.38468477014e-05, 0.000375674018869, -0.00137695192825, 0.00201036874205, -0.00323779811151, -0.00140634924173, 0.0110732363537, -0.00281554786488, 0.00184289983008, -0.00102128181607], [-0.000230299352552, -0.000707793864422, 0.00064953166293, -0.000782844319474, -0.000963891041465, 0.00025551955332, -0.000765585515182, 0.0008922725101, 0.000774261832703, -0.00281554786488, 0.0135889137164, -0.00691570434719, 0.00533381756395], [0.000143652490806, 0.001903899014, -0.00145055027679, 0.00170111830812, 1.91144863493e-05, -0.00097697135061, 0.000121895136544, 0.00129347725306, -0.000359594327165, 0.00184289983008, -0.00691570434719, 0.0196258835495, -0.00865886267275], [0.000145444078953, -0.00235359510407, 0.00107192830183, -0.00223896629177, 0.000446840596851, -0.00191979971714, 0.00091296370374, -0.000475296837976, 0.000298164144624, -0.00102128181607, 0.00533381756395, -0.00865886267275, 0.0190388467163]]
    },
    "melbands": {
        "dmean": [0.00178326584864, 0.00234749657102, 0.000602042942774, 0.000484761578264, 0.000214140818571, 7.95537853264e-05, 5.66810194869e-05, 4.41771189799e-05, 5.86379828746e-05, 3.61267157132e-05, 2.92800905299e-05, 4.39408540842e-05, 3.83945880458e-05, 7.32168191462e-05, 4.83882722619e-05, 3.67052998627e-05, 3.41826671502e-05, 3.15019897243e-05, 2.49374952546e-05, 2.67016912403e-05, 3.20949438901e-05, 1.93765135919e-05, 1.99653895834e-05, 1.49457482621e-05, 1.80467413884e-05, 1.41253512993e-05, 6.87491274221e-06, 3.38193376592e-06, 2.16851412915e-06, 1.23320558032e-06, 1.27376131331e-06, 3.05101525555e-06, 1.5522961121e-06, 5.04346235175e-06, 1.65599758475e-05, 3.77040055355e-06, 2.82230166704e-06, 2.23257338803e-05, 5.02355078424e-06, 9.76424189503e-07],
        "dmean2": [0.00289525301196, 0.00413777073845, 0.000976402370725, 0.000836904451717, 0.000349170411937, 0.000135826630867, 9.60191900958e-05, 7.18459778e-05, 9.04191474547e-05, 5.63277899346e-05, 4.59291150037e-05, 6.84124534018e-05, 5.85909510846e-05, 0.000111831461254, 7.28772356524e-05, 5.61595406907e-05, 5.32847880095e-05, 4.8903064453e-05, 3.71855603589e-05, 4.06622166338e-05, 4.96752145409e-05, 2.95830832329e-05, 3.04443692585e-05, 2.22027229029e-05, 3.05507492158e-05, 2.3847213015e-05, 1.11737017505e-05, 5.26995700056e-06, 3.37516780746e-06, 1.93854452846e-06, 2.05269452636e-06, 4.69928318125e-06, 2.43332215177e-06, 8.18108128442e-06, 2.64928839897e-05, 6.1509963416e-06, 4.76801506011e-06, 3.5406639654e-05, 7.71888153395e-06, 1.52663108111e-06],
        "dvar": [1.38938385135e-05, 2.35694351431e-05, 1.30135151721e-06, 3.05435787595e-06, 4.22026630531e-07, 4.71636809607e-08, 1.67438969356e-08, 1.03213508851e-08, 1.98937968321e-08, 6.44824948992e-09, 3.27294791269e-09, 7.04402003393e-09, 8.04658739639e-09, 3.33213989734e-08, 1.24742003393e-08, 6.09851280586e-09, 6.66578969799e-09, 3.74291353467e-09, 3.15950621221e-09, 3.98354993436e-09, 5.15845988147e-09, 2.31134977824e-09, 1.89479942847e-09, 1.19317122849e-09, 1.53747425902e-09, 8.03002164762e-10, 2.36359237737e-10, 4.9458315915e-11, 1.45218810935e-11, 4.65193118401e-12, 1.09402686563e-11, 6.3173334619e-11, 1.56716774974e-11, 1.56575141741e-10, 1.83154380551e-09, 9.05093847092e-11, 6.6795687037e-11, 4.14922896042e-09, 1.57208787654e-10, 5.7804785264e-12],
        "dvar2": [3.70831330656e-05, 7.03197583789e-05, 3.21999755215e-06, 8.41733617563e-06, 1.10210385174e-06, 1.28975287339e-07, 4.47827339656e-08, 2.75278466688e-08, 4.59347262449e-08, 1.59983084558e-08, 7.94392907011e-09, 1.74268901532e-08, 1.92816802524e-08, 7.54676676706e-08, 2.66740567412e-08, 1.39136124844e-08, 1.59636783792e-08, 8.71166783156e-09, 6.43174891124e-09, 8.36251334846e-09, 1.12010010156e-08, 5.29156629625e-09, 4.15009759891e-09, 2.30534968892e-09, 3.98643473787e-09, 2.10319894833e-09, 5.64996160968e-10, 1.06149491974e-10, 3.31624450123e-11, 1.06695529148e-11, 2.86294425667e-11, 1.5451059876e-10, 3.9591507156e-11, 4.02818445266e-10, 4.7146433424e-09, 2.41246855825e-10, 1.83041984347e-10, 1.04383657273e-08, 3.77550130048e-10, 1.4653018382e-11],
        "max": [0.0451056361198, 0.0535433366895, 0.0166998300701, 0.020036008209, 0.00697639398277, 0.00544348871335, 0.00251332647167, 0.00246129301377, 0.00290399463847, 0.00125825137366, 0.00180366984569, 0.00184663850814, 0.00151275203098, 0.00443007750437, 0.00225979625247, 0.00165019079577, 0.00156223017257, 0.000944116327446, 0.00136173306964, 0.0020223101601, 0.00166488962714, 0.000658657518215, 0.000680452620145, 0.000559145933948, 0.000457423302578, 0.000356086529791, 0.000248535681749, 0.00010127981659, 5.48365169379e-05, 4.38062706962e-05, 5.2701227105e-05, 0.000208973724511, 8.92677198863e-05, 0.000191970510059, 0.000549659132957, 0.00015519290173, 9.64666105574e-05, 0.000975799921434, 0.000186404387932, 5.16934233019e-05],
        "mean": [0.00329312053509, 0.00418407935649, 0.00119865383022, 0.000592445081566, 0.000285996618913, 0.000114252419735, 8.39072672534e-05, 6.50670262985e-05, 8.54454192449e-05, 5.40656910744e-05, 4.82902287331e-05, 7.17891161912e-05, 5.48356983927e-05, 0.000102459416667, 7.13890694897e-05, 5.05680327478e-05, 4.60318988189e-05, 4.60346927866e-05, 3.69627523469e-05, 3.99142918468e-05, 4.39594005002e-05, 2.62102203124e-05, 2.68908570433e-05, 1.80271781574e-05, 1.90966256923e-05, 1.5643221559e-05, 7.3133078331e-06, 4.18281570091e-06, 3.47052196048e-06, 2.11359292734e-06, 1.51948916027e-06, 3.43508077094e-06, 1.8098955934e-06, 4.84696874992e-06, 1.60880263138e-05, 3.53841755896e-06, 2.26933138947e-06, 2.0684028641e-05, 4.99076350025e-06, 9.61053729043e-07],
        "median": [0.00154142035171, 0.00299487542361, 0.000848286261316, 0.000220827205339, 0.000105605184217, 5.2380222769e-05, 3.03814085783e-05, 2.84025845758e-05, 2.69583324553e-05, 1.829966277e-05, 2.05647047551e-05, 2.95349764201e-05, 1.70294806594e-05, 2.24597824854e-05, 1.93353062059e-05, 1.85035169125e-05, 1.68423921423e-05, 1.88810117834e-05, 1.46437796502e-05, 1.5624345906e-05, 1.67035832419e-05, 9.80083859758e-06, 9.10533526621e-06, 4.98733425047e-06, 5.09240408064e-06, 4.34408320871e-06, 1.92989546122e-06, 1.36300070608e-06, 1.46673596646e-06, 1.1005856777e-06, 5.03629848936e-07, 7.43647547097e-07, 5.53917402613e-07, 6.66388132231e-07, 9.09093273549e-07, 4.52659492112e-07, 2.24029633955e-07, 4.29311540984e-07, 2.31578127341e-07, 1.37130143685e-07],
        "min": [1.085924544e-23, 5.31133973256e-24, 1.14047900876e-23, 6.31870879764e-24, 7.96675992437e-24, 1.64367326425e-23, 1.34385736866e-23, 5.13817332538e-24, 3.29541870548e-24, 1.35144084631e-23, 7.57253299787e-24, 2.58196580305e-24, 4.63738312351e-24, 8.6445862906e-24, 3.26693451591e-24, 7.27076609149e-24, 8.04659817e-24, 9.45737176935e-24, 1.59289192119e-23, 1.32697716524e-23, 8.90643920175e-24, 1.09049173309e-23, 1.06447517933e-23, 1.08806172596e-23, 6.11403725806e-24, 8.15262738655e-24, 8.39240244756e-24, 1.23585126668e-23, 1.25137604929e-23, 1.29894231084e-23, 9.58093263066e-24, 1.43497632524e-23, 1.03056481002e-23, 8.40429847001e-24, 5.86428705091e-24, 6.79726968807e-24, 8.28467560234e-24, 1.27290556223e-23, 9.46231634951e-24, 9.76495889149e-24],
        "var": [2.6204092137e-05, 2.4491275326e-05, 1.86761064924e-06, 2.41521934186e-06, 3.90089041957e-07, 4.01997297672e-08, 2.51685090547e-08, 1.12957261322e-08, 2.71632742965e-08, 1.1204467576e-08, 6.77955425132e-09, 1.28085533291e-08, 1.26654340349e-08, 5.68910856202e-08, 2.44974280861e-08, 8.87410056549e-09, 8.85911610737e-09, 5.6276188154e-09, 5.08618613893e-09, 7.2707835308e-09, 7.80802977829e-09, 2.90475687947e-09, 2.9788649325e-09, 1.70501757157e-09, 1.48774170761e-09, 8.36125946257e-10, 2.49420484266e-10, 6.69821212385e-11, 2.81368071203e-11, 8.8702751741e-12, 1.00836604691e-11, 6.7324139319e-11, 1.56724754702e-11, 1.37989231153e-10, 1.64595914676e-09, 7.32100421952e-11, 4.67756181011e-11, 3.89807164325e-09, 1.71584219055e-10, 5.34358885265e-12]
    },
    "mfcc": {
        "mean": [-655.298828125, 118.52948761, -2.74192786217, 24.3370399475, 26.8248920441, 16.4912815094, 8.06723117828, 14.9080572128, 0.959068119526, 5.3152012825, -1.40588629246, 0.531128168106, 0.783408224583],
        "cov": [[6669.71679688, -1871.47949219, 495.313720703, -340.583496094, 133.43522644, -95.2858200073, -79.3552856445, 53.4065666199, -227.14465332, 187.512756348, 40.1730194092, 145.13659668, 38.9707794189], [-1871.47949219, 1819.35876465, -609.514099121, 477.128601074, -132.876373291, -39.5429382324, 77.4109191895, -162.084915161, 127.404548645, -69.1811523438, 18.3565979004, -56.0050964355, -52.3945541382], [495.313720703, -609.514099121, 1026.99645996, -266.678436279, 135.002410889, 86.3019790649, -125.005584717, 110.821510315, 16.6775512695, 23.4709777832, 22.3653526306, 42.7424964905, 49.3245010376], [-340.583496094, 477.128601074, -266.678436279, 777.877624512, 9.83613681793, 20.9259967804, -20.3962440491, -74.8941955566, 39.7511634827, 5.4044880867, -7.79197645187, -5.73601865768, -18.793340683], [133.43522644, -132.876373291, 135.002410889, 9.83613681793, 314.006103516, 76.4699325562, 1.44996488094, 9.47703933716, -24.4488315582, 8.9680891037, -15.2186517715, 12.967915535, 17.0526123047], [-95.2858200073, -39.5429382324, 86.3019790649, 20.9259967804, 76.4699325562, 247.808807373, 17.840845108, 27.9766426086, 30.8048171997, -11.5197277069, -16.8707237244, 21.935218811, 14.9829139709], [-79.3552856445, 77.4109191895, -125.005584717, -20.3962440491, 1.44996488094, 17.840845108, 227.4037323, 61.639881134, 7.49659204483, 25.1316776276, 14.7766771317, -2.45879983902, 14.1312208176], [53.4065666199, -162.084915161, 110.821510315, -74.8941955566, 9.47703933716, 27.9766426086, 61.639881134, 170.959152222, 56.5546188354, 49.4874649048, 11.0519723892, 17.9606590271, 20.9864788055], [-227.14465332, 127.404548645, 16.6775512695, 39.7511634827, -24.4488315582, 30.8048171997, 7.49659204483, 56.5546188354, 210.0340271, 62.883480072, 45.6411857605, 11.2698402405, 0.238572075963], [187.512756348, -69.1811523438, 23.4709777832, 5.4044880867, 8.9680891037, -11.5197277069, 25.1316776276, 49.4874649048, 62.883480072, 155.133407593, 55.2385025024, 25.3255767822, 8.17963600159], [40.1730194092, 18.3565979004, 22.3653526306, -7.79197645187, -15.2186517715, -16.8707237244, 14.7766771317, 11.0519723892, 45.6411857605, 55.2385025024, 133.527557373, 28.1091747284, 10.6929597855], [145.13659668, -56.0050964355, 42.7424964905, -5.73601865768, 12.967915535, 21.935218811, -2.45879983902, 17.9606590271, 11.2698402405, 25.3255767822, 28.1091747284, 89.5619506836, 27.5041656494], [38.9707794189, -52.3945541382, 49.3245010376, -18.793340683, 17.0526123047, 14.9829139709, 14.1312208176, 20.9864788055, 0.238572075963, 8.17963600159, 10.6929597855, 27.5041656494, 75.1036453247]],
