{
"lowlevel": {
    "average_loudness": 0.915796995163,
    "barkbands_crest": {
        "dmean": 2.5870051384,
        "dmean2": 4.00670528412,
        "dvar": 6.2637257576,
        "dvar2": 14.3620977402,
        "max": 26.7430877686,
        "mean": 14.6975641251,
        "median": 14.3973617554,
        "min": 2.96929907799,
        "var": 21.1873817444
    },
    "barkbands_flatness_db": {
        "dmean": 0.0448638089001,
        "dmean2": 0.0692220553756,
        "dvar": 0.00299910572357,
        "dvar2": 0.0068103573285,
        "max": 0.754285156727,
        "mean": 0.21406750381,
        "median": 0.202455759048,
        "min": 0.0260179582983,
        "var": 0.00956983491778
    },
    "barkbands_kurtosis": {
        "dmean": 16.8192195892,
        "dmean2": 25.492773056,
        "dvar": 1847.359375,
        "dvar2": 3801.51879883,
        "max": 2642.53588867,
        "mean": 30.6481513977,
        "median": 16.625087738,
        "min": -1.94766950607,
        "var": 3519.03930664
    },
    "barkbands_skewness": {
        "dmean": 1.16423511505,
        "dmean2": 1.69583034515,
        "dvar": 1.97487854958,
        "dvar2": 4.22839546204,
        "max": 45.4069366455,
        "mean": 3.64945173264,
        "median": 3.30450963974,
        "min": -3.37851810455,
        "var": 6.32215070724
    },
    "barkbands_spread": {
        "dmean": 8.2082233429,
        "dmean2": 12.1130876541,
        "dvar": 219.034851074,
        "dvar2": 453.527648926,
        "max": 128.435272217,
        "mean": 13.4063386917,
        "median": 6.64752006531,
        "min": 0.0772619396448,
        "var": 372.095001221
    },
    "dissonance": {
        "dmean": 0.0293653830886,
        "dmean2": 0.046970076859,
        "dvar": 0.00117082265206,
        "dvar2": 0.0028036038857,
        "max": 0.499976873398,
        "mean": 0.42696043849,
        "median": 0.441475510597,
        "min": 0.0438449010253,
        "var": 0.00371545087546
    },
    "dynamic_complexity": 2.9931499958,
    "erbbands_crest": {
        "dmean": 3.13515257835,
        "dmean2": 4.80074691772,
        "dvar": 8.81449890137,
        "dvar2": 19.9435462952,
        "max": 29.122674942,
        "mean": 12.5571403503,
        "median": 11.8792591095,
        "min": 2.11899709702,
        "var": 30.7253665924
    },
    "erbbands_flatness_db": {
        "dmean": 0.036584649235,
        "dmean2": 0.0561869554222,
        "dvar": 0.00222590332851,
        "dvar2": 0.00505875423551,
        "max": 0.619254529476,
        "mean": 0.159017249942,
        "median": 0.147715091705,
        "min": 0.0214554984123,
        "var": 0.00707258004695
    },
    "erbbands_kurtosis": {
        "dmean": 4.59389686584,
        "dmean2": 7.10461044312,
        "dvar": 125.878799438,
        "dvar2": 294.08303833,
        "max": 273.373321533,
        "mean": 6.31581544876,
        "median": 2.05768203735,
        "min": -1.83543324471,
        "var": 221.576217651
    },
    "erbbands_skewness": {
        "dmean": 0.681648850441,
        "dmean2": 1.00183808804,
        "dvar": 0.699317276478,
        "dvar2": 1.55623829365,
        "max": 12.3922691345,
        "mean": 1.63710618019,
        "median": 1.385887146,
        "min": -3.2353644371,
        "var": 2.20416307449
    },
    "erbbands_spread": {
        "dmean": 14.213344574,
        "dmean2": 21.3375015259,
        "dvar": 304.454864502,
        "dvar2": 652.914428711,
        "max": 176.383026123,
        "mean": 39.3074417114,
        "median": 31.5123825073,
        "min": 0.343028753996,
        "var": 826.552246094
    },
    "hfc": {
        "dmean": 14.0828819275,
        "dmean2": 22.4759140015,
        "dvar": 1208.95996094,
        "dvar2": 3049.03833008,
        "max": 590.99786377,
        "mean": 20.3112506866,
        "median": 12.0572500229,
        "min": 1.1521346119e-16,
        "var": 1130.88024902
    },
    "melbands_crest": {
        "dmean": 3.23890590668,
        "dmean2": 5.02276849747,
        "dvar": 11.516462326,
        "dvar2": 25.0067710876,
        "max": 39.9887619019,
        "mean": 20.0757789612,
        "median": 19.3023319244,
        "min": 1.61598074436,
        "var": 49.0226135254
    },
    "melbands_flatness_db": {
        "dmean": 0.0469387099147,
        "dmean2": 0.0713958665729,
        "dvar": 0.00341179315001,
        "dvar2": 0.00758361816406,
        "max": 0.913089215755,
        "mean": 0.312698811293,
        "median": 0.303626716137,
        "min": 0.00315945851617,
        "var": 0.012495720759
    },
    "melbands_kurtosis": {
        "dmean": 27.9681968689,
        "dmean2": 42.9390869141,
        "dvar": 21183.03125,
        "dvar2": 41222.7890625,
        "max": 11948.6279297,
        "mean": 57.6807250977,
        "median": 31.6546859741,
        "min": -1.76855635643,
        "var": 31512.1152344
    },
    "melbands_skewness": {
        "dmean": 1.27888262272,
        "dmean2": 1.92539715767,
        "dvar": 3.21100854874,
        "dvar2": 6.3998208046,
        "max": 97.8999099731,
        "mean": 4.60768127441,
        "median": 4.06194496155,
        "min": -2.04017829895,
        "var": 10.311290741
    },
    "melbands_spread": {
        "dmean": 3.4604139328,
        "dmean2": 5.09043264389,
        "dvar": 52.9275588989,
        "dvar2": 110.580940247,
        "max": 178.872848511,
        "mean": 8.62775707245,
        "median": 4.690284729,
        "min": 0.0450710617006,
        "var": 268.838378906
    },
    "pitch_salience": {
        "dmean": 0.0783518925309,
        "dmean2": 0.125421628356,
        "dvar": 0.00648218858987,
        "dvar2": 0.0158828981221,
        "max": 0.94058316946,
        "mean": 0.448842942715,
        "median": 0.455216556787,
        "min": 0.00262717460282,
        "var": 0.0169818457216
    },
    "silence_rate_20dB": {
        "dmean": 0,
        "dmean2": 0,
        "dvar": 0,
        "dvar2": 0,
        "max": 1,
        "mean": 1,
        "median": 1,
        "min": 1,
        "var": 0
    },
    "silence_rate_30dB": {
        "dmean": 0.0122445132583,
        "dmean2": 0.024491334334,
        "dvar": 0.0120959524065,
        "dvar2": 0.028980428353,
        "max": 1,
        "mean": 0.98568469286,
        "median": 1,
        "min": 0,
        "var": 0.0141084818169
    },
    "silence_rate_60dB": {
        "dmean": 0.00376754254103,
        "dmean2": 0.00753579521552,
        "dvar": 0.00375348865055,
        "dvar2": 0.00898639764637,
        "max": 1,
        "mean": 0.0536824278533,
        "median": 0,
        "min": 0,
        "var": 0.0508006922901
    },
    "spectral_centroid": {
        "dmean": 165.988052368,
        "dmean2": 242.048843384,
        "dvar": 77649.609375,
        "dvar2": 134780.8125,
        "max": 11120.4248047,
        "mean": 571.294616699,
        "median": 406.309326172,
        "min": 153.209197998,
        "var": 303757.09375
    },
    "spectral_complexity": {
        "dmean": 2.27201652527,
        "dmean2": 3.68971371651,
        "dvar": 10.2530441284,
        "dvar2": 22.488658905,
        "max": 43,
        "mean": 7.91165924072,
        "median": 7,
        "min": 0,
        "var": 28.8445892334
    },
    "spectral_decrease": {
        "dmean": 2.79451772833e-09,
        "dmean2": 4.21128110162e-09,
        "dvar": 1.14932362057e-17,
        "dvar2": 2.71344721634e-17,
        "max": 4.52152315589e-10,
        "mean": -9.88117765388e-09,
        "median": -8.98056384813e-09,
        "min": -5.1361674025e-08,
        "var": 4.21171118806e-17
    },
    "spectral_energy": {
        "dmean": 0.0109771937132,
        "dmean2": 0.0166106522083,
        "dvar": 0.000172334970557,
        "dvar2": 0.000411115877796,
        "max": 0.198081299663,
        "mean": 0.0391361117363,
        "median": 0.0357608422637,
        "min": 1.05267077455e-20,
        "var": 0.000624735199381
    },
    "spectral_energyband_high": {
        "dmean": 0.000974082620814,
        "dmean2": 0.0015516448766,
        "dvar": 6.87408237354e-06,
        "dvar2": 1.68964324985e-05,
        "max": 0.0464258044958,
        "mean": 0.000915717566386,
        "median": 0.000160921248607,
        "min": 7.73339636508e-21,
        "var": 6.50187348583e-06
    },
    "spectral_energyband_low": {
        "dmean": 0.00642843730748,
        "dmean2": 0.00967653747648,
        "dvar": 7.48729071347e-05,
        "dvar2": 0.000176509885932,
        "max": 0.129557937384,
        "mean": 0.0193804148585,
        "median": 0.0158858597279,
        "min": 1.177313433e-22,
        "var": 0.000259934284259
    },
    "spectral_energyband_middle_high": {
        "dmean": 0.000579537940212,
        "dmean2": 0.000894944358151,
        "dvar": 9.40575034747e-07,
        "dvar2": 2.09409859053e-06,
        "max": 0.0344549976289,
        "mean": 0.00127801916096,
        "median": 0.000725762743969,
        "min": 1.4574281207e-21,
        "var": 3.01354361909e-06
    },
    "spectral_energyband_middle_low": {
        "dmean": 0.00911996141076,
        "dmean2": 0.0134624028578,
        "dvar": 0.000127138569951,
        "dvar2": 0.000288321840344,
        "max": 0.168781906366,
        "mean": 0.0289924461395,
        "median": 0.0243510007858,
        "min": 2.24082768508e-22,
        "var": 0.000489659549203
    },
    "spectral_entropy": {
        "dmean": 0.481050819159,
        "dmean2": 0.737435162067,
        "dvar": 0.33118635416,
        "dvar2": 0.764662563801,
        "max": 9.80702209473,
        "mean": 6.898396492,
        "median": 6.96904468536,
        "min": 2.24742436409,
        "var": 1.01719641685
    },
    "spectral_flux": {
        "dmean": 0.0341112203896,
        "dmean2": 0.0542919486761,
        "dvar": 0.00127933395561,
        "dvar2": 0.00302833900787,
        "max": 0.340737938881,
        "mean": 0.0696238949895,
        "median": 0.0598103776574,
        "min": 1.02599748142e-10,
        "var": 0.00196016044356
    },
    "spectral_kurtosis": {
        "dmean": 6.5995926857,
        "dmean2": 10.6034097672,
        "dvar": 973.82421875,
        "dvar2": 2470.01147461,
        "max": 778.06427002,
        "mean": 11.7084102631,
        "median": 5.59254932404,
        "min": -1.22710967064,
        "var": 1302.97338867
    },
    "spectral_rms": {
        "dmean": 0.000844762253109,
        "dmean2": 0.00125946488697,
        "dvar": 8.09222228781e-07,
        "dvar2": 1.86601107544e-06,
        "max": 0.0139014404267,
        "mean": 0.00578511320055,
        "median": 0.0059066596441,
        "min": 3.2046776257e-12,
        "var": 4.71409020975e-06
    },
    "spectral_rolloff": {
        "dmean": 769.192443848,
        "dmean2": 1289.05273438,
        "dvar": 6396122,
        "dvar2": 15012322,
        "max": 19143.0175781,
        "mean": 1132.84155273,
        "median": 322.998046875,
        "min": 21.533203125,
        "var": 9520697
    },
    "spectral_skewness": {
        "dmean": 0.506266236305,
        "dmean2": 0.775123655796,
        "dvar": 1.45050024986,
        "dvar2": 3.31862401962,
        "max": 23.2481441498,
        "mean": 2.37835264206,
        "median": 2.04309558868,
        "min": -0.020667148754,
        "var": 3.0912258625
    },
    "spectral_spread": {
        "dmean": 1286382.125,
        "dmean2": 1879877.625,
        "dvar": 2.11120422912e+12,
        "dvar2": 4.51756320358e+12,
        "max": 41703152,
        "mean": 6048058,
        "median": 5794923,
        "min": 179354.4375,
        "var": 6.27931401421e+12
    },
    "spectral_strongpeak": {
        "dmean": 0.314957350492,
        "dmean2": 0.497555017471,
        "dvar": 0.193008244038,
        "dvar2": 0.440120339394,
        "max": 8.55971431732,
        "mean": 1.02400028706,
        "median": 0.925097763538,
        "min": 0,
        "var": 0.478201597929
    },
    "zerocrossingrate": {
        "dmean": 0.0182536803186,
        "dmean2": 0.021164342761,
        "dvar": 0.000870399060659,
        "dvar2": 0.00112695386633,
        "max": 0.51953125,
        "mean": 0.0499434284866,
        "median": 0.0263671875,
        "min": 0,
        "var": 0.00491118244827
    },
    "barkbands": {
        "dmean": [5.0919563364e-05, 0.00173249864019, 0.00158727820963, 0.00697344820946, 0.00137402745895, 0.00311558623798, 0.000374716211809, 0.000334275799105, 0.000694743706845, 0.000140324526001, 0.000131771608721, 0.000190673890756, 9.50486282818e-05, 5.63730973226e-05, 4.78338297398e-05, 4.37106100435e-05, 4.31449952885e-05, 5.20773828612e-05, 4.40599433205e-05, 4.97505716339e-05, 5.73202669329e-05, 6.03684129601e-05, 7.29025123292e-05, 0.000102044592495, 0.000143162746099, 0.000209223144338, 0.000330826849677],
        "dmean2": [8.44446767587e-05, 0.00253431079909, 0.00269164075144, 0.0102985277772, 0.00230816868134, 0.00436619110405, 0.000547319883481, 0.000493998231832, 0.00101058068685, 0.000226027885219, 0.000204890893656, 0.00029426231049, 0.000151527274284, 8.82810418261e-05, 7.43288765079e-05, 6.88938380335e-05, 6.7668792326e-05, 8.3050756075e-05, 7.09445739631e-05, 7.87349345046e-05, 9.00536833797e-05, 9.41921171034e-05, 0.000113333830086, 0.000159938223078, 0.000227624434046, 0.000340590398991, 0.000555839389563],
        "dvar": [1.18917515834e-08, 1.14273889267e-05, 6.04750175626e-06, 9.79331452982e-05, 6.52623475617e-06, 2.85052738036e-05, 7.07319770754e-07, 1.06084917206e-06, 5.48426669411e-06, 2.27975434086e-07, 1.25794613837e-07, 2.70475339903e-07, 6.69398190212e-08, 1.37059332772e-08, 1.00450110452e-08, 6.42854169897e-09, 6.997958657e-09, 1.97795841927e-08, 5.69711522402e-09, 8.75140848677e-09, 1.9738168433e-08, 2.06357153587e-08, 3.54860425489e-08, 7.6856494502e-08, 1.62608998266e-07, 3.75560205157e-07, 1.10145833787e-06],
        "dvar2": [2.91804589381e-08, 2.33161208598e-05, 1.69805753103e-05, 0.000213803592487, 1.56824116857e-05, 5.61599117646e-05, 1.31024921757e-06, 2.129295126e-06, 1.08009189717e-05, 4.85457860577e-07, 2.87850980385e-07, 6.39777340439e-07, 1.43164356814e-07, 2.99386329061e-08, 2.05173673606e-08, 1.40486173805e-08, 1.49041152753e-08, 4.41504077742e-08, 1.28099264529e-08, 1.94537701503e-08, 4.44896919305e-08, 4.77644341856e-08, 8.34732887256e-08, 1.8750961317e-07, 3.96503793354e-07, 9.51141885253e-07, 2.8974009183e-06],
        "max": [0.00210505002178, 0.0838601440191, 0.0423357412219, 0.160522326827, 0.05873895064, 0.0992999523878, 0.0332559496164, 0.0432638972998, 0.0930934846401, 0.0333195440471, 0.0103316595778, 0.0214091874659, 0.0137496031821, 0.00257372646593, 0.00319295399822, 0.00220466568135, 0.00215157074854, 0.00818797573447, 0.00122649630066, 0.00178942480125, 0.0050352117978, 0.00317399087362, 0.00367160770111, 0.00477520469576, 0.0098445629701, 0.00980569981039, 0.0143840974197],
        "mean": [4.68678263132e-05, 0.00499295350164, 0.00293024908751, 0.017832910642, 0.00220573507249, 0.0064778230153, 0.000670238398015, 0.000572458899114, 0.00118116871454, 0.00021347963775, 0.000202047551284, 0.000323436281178, 0.000137210678076, 8.38328633108e-05, 6.90140441293e-05, 6.4361418481e-05, 5.88418697589e-05, 6.7970569944e-05, 5.81801905355e-05, 6.48514542263e-05, 7.01503740856e-05, 6.77036878187e-05, 7.69614780438e-05, 9.99133262667e-05, 0.000130823464133, 0.000176728121005, 0.000260213681031],
        "median": [9.6875573945e-06, 0.00188396102749, 0.00205194531009, 0.0117138959467, 0.000897066202015, 0.00310205807909, 0.000110603054054, 8.20354180178e-05, 0.000161576143, 5.28739328729e-05, 4.98341869388e-05, 7.05085403752e-05, 4.72353021905e-05, 2.94498277071e-05, 2.51911242231e-05, 2.44350740104e-05, 2.21610316657e-05, 2.54006263276e-05, 2.41504039877e-05, 2.66257156909e-05, 2.39593700826e-05, 1.86608740478e-05, 1.72187410499e-05, 1.76899629878e-05, 1.67702964973e-05, 1.6441103071e-05, 1.78996142495e-05],
        "min": [3.49788380111e-24, 6.9758168366e-23, 3.86797024284e-23, 7.99973273248e-24, 2.10706199289e-23, 6.84210428208e-23, 3.56453836663e-23, 2.58966737318e-23, 4.60353160323e-23, 8.18480802055e-23, 4.45781637226e-23, 5.11497631826e-23, 1.15981763408e-22, 6.46705645745e-23, 1.01619717592e-22, 1.63105789531e-22, 1.92941442978e-22, 2.2217751165e-22, 2.49326620398e-22, 3.6198496961e-22, 6.73975645849e-22, 5.34093416497e-22, 8.13952387049e-22, 8.73576034122e-22, 1.00354931222e-21, 1.43280677473e-21, 2.43165755567e-21],
        "var": [1.20445644569e-08, 5.87227114011e-05, 9.73464102572e-06, 0.000360903068213, 1.66566533153e-05, 8.44214009703e-05, 2.70187797469e-06, 3.29188651449e-06, 1.6004052668e-05, 6.84950066443e-07, 2.71491188641e-07, 6.66781943437e-07, 1.15603235429e-07, 2.80316676537e-08, 2.04407886173e-08, 1.28583588221e-08, 1.18955147954e-08, 2.43871483008e-08, 8.72980088218e-09, 1.28520039056e-08, 2.37189095031e-08, 2.35797195103e-08, 3.78867426321e-08, 7.51279571887e-08, 1.53198897124e-07, 3.21125043001e-07, 8.46311536407e-07]
    },
    "erbbands": {
        "dmean": [0.0271198991686, 0.462128043175, 1.37822580338, 15.153626442, 10.2848806381, 3.45450758934, 26.0547962189, 16.0952148438, 5.19163179398, 5.03339719772, 11.3894939423, 12.7097406387, 7.63943576813, 5.37686061859, 4.09484767914, 6.23670196533, 4.50397014618, 2.86346411705, 2.34086942673, 2.23886418343, 2.45062541962, 2.59281158447, 2.7955186367, 2.37429189682, 2.28981423378, 2.23828887939, 2.23196434975, 2.34696984291, 2.12906074524, 2.11338877678, 2.11784601212, 2.00481343269, 1.79483282566, 1.47375392914, 1.08726644516, 0.725750565529, 0.406235963106, 0.180287033319, 0.0534622482955, 0.00449462421238],
        "dmean2": [0.042804595083, 0.671441733837, 2.25231051445, 22.4375934601, 16.1938762665, 5.62426805496, 36.5557289124, 23.6274700165, 8.01020908356, 7.36163854599, 16.6432037354, 18.679933548, 11.4838418961, 8.306889534, 6.52981805801, 9.68241882324, 7.15669155121, 4.44823217392, 3.72531962395, 3.49733018875, 3.83343315125, 4.04563760757, 4.43994235992, 3.81034660339, 3.68317270279, 3.54963254929, 3.52033996582, 3.67581439018, 3.33267307281, 3.28999233246, 3.31640744209, 3.14111399651, 2.83150219917, 2.34684181213, 1.74259018898, 1.17639219761, 0.665265977383, 0.299653142691, 0.0896361991763, 0.00758719490841],
        "dvar": [0.00288432044908, 0.802634775639, 3.95510911942, 468.788360596, 268.248931885, 44.0752105713, 2128.25854492, 862.385314941, 147.734619141, 117.047447205, 1283.66906738, 2470.61132812, 1060.74609375, 180.951904297, 65.5708389282, 321.869750977, 142.939819336, 34.725933075, 19.7014408112, 17.480009079, 21.9216594696, 27.8580989838, 78.3360443115, 16.7925395966, 16.1814441681, 17.603849411, 20.1052722931, 44.4879074097, 26.7681102753, 26.9484233856, 30.8582229614, 29.3290271759, 24.6469039917, 17.9221782684, 9.56826400757, 4.37434005737, 1.49836492538, 0.308911174536, 0.0283224917948, 0.000216746164369],
        "dvar2": [0.00680030276999, 1.62359809875, 10.7180576324, 1039.21801758, 671.965698242, 105.321586609, 4329.72314453, 1830.97192383, 290.681762695, 233.230636597, 2568.05249023, 5028.10595703, 2048.73730469, 406.403717041, 149.737442017, 771.661804199, 331.340301514, 71.0504608154, 42.8301544189, 37.0867843628, 47.3910064697, 58.7355575562, 175.735488892, 38.0595855713, 36.3550682068, 39.5824775696, 45.5103721619, 101.196556091, 62.9455490112, 62.003578186, 72.8947143555, 71.4610137939, 60.3032989502, 43.9336662292, 23.5918960571, 10.9702014923, 3.82920360565, 0.800159096718, 0.0743483901024, 0.000576955382712],
        "max": [1.18865299225, 22.1643486023, 31.8773517609, 350.688171387, 359.120605469, 177.501022339, 964.396728516, 978.524230957, 634.48449707, 366.659240723, 1631.36914062, 2254.85449219, 1667.21508789, 375.617767334, 285.850189209, 760.476257324, 504.246398926, 195.496124268, 113.143371582, 95.654296875, 98.5315933228, 143.379974365, 552.769836426, 71.4208450317, 73.1208267212, 81.9480819702, 72.8030471802, 283.007598877, 164.281539917, 99.8818588257, 117.308891296, 109.415534973, 89.9018478394, 120.902153015, 64.4879150391, 28.1503372192, 23.337644577, 8.23009300232, 2.39460611343, 0.203309983015],
        "mean": [0.0682922303677, 1.35998749733, 3.42096376419, 38.6792602539, 23.3365650177, 6.65733098984, 51.402053833, 33.4375076294, 10.2058401108, 9.51937484741, 20.3241958618, 20.6893577576, 13.54778862, 9.18881988525, 6.82941389084, 10.7774629593, 7.38599348068, 4.71419000626, 3.57144594193, 3.44849848747, 3.79450178146, 3.66049003601, 3.71903061867, 3.23719072342, 3.04745483398, 2.88787770271, 2.82617950439, 2.75220274925, 2.41570878029, 2.29803395271, 2.21729969978, 2.00252580643, 1.72550868988, 1.36974620819, 0.974476754665, 0.62670147419, 0.339983969927, 0.146536290646, 0.0423237606883, 0.00350433052517],
        "median": [0.0280406624079, 0.537262737751, 2.74137163162, 25.4625854492, 15.3451690674, 3.45581150055, 23.6049118042, 15.3623456955, 3.35809183121, 2.29804825783, 3.03254127502, 3.38810539246, 2.46556138992, 2.5323972702, 2.72433567047, 2.80209946632, 2.48280858994, 1.88697946072, 1.47477889061, 1.40506470203, 1.48077583313, 1.36761045456, 1.38014388084, 1.35435438156, 1.29056930542, 1.2044878006, 1.07812643051, 0.845700025558, 0.678829550743, 0.572167634964, 0.489788591862, 0.369523972273, 0.281195700169, 0.189322769642, 0.116937957704, 0.0640081167221, 0.0302963517606, 0.011786182411, 0.00296766567044, 0.00026470181183],
        "min": [1.20686509652e-21, 1.85049899616e-20, 5.09824498741e-20, 3.28927982841e-20, 3.15692802234e-20, 7.14615677598e-20, 3.01346963634e-19, 4.52755085233e-19, 6.88868466111e-19, 5.81838015689e-19, 5.15035374708e-19, 1.00157861662e-18, 2.01749661594e-18, 2.48380086791e-18, 1.81860744831e-18, 2.56012296188e-18, 4.92854061294e-18, 3.21479154216e-18, 5.41241521509e-18, 4.14831614863e-18, 1.0493325392e-17, 1.06163519645e-17, 1.36497473478e-17, 1.15538296671e-17, 1.57890250091e-17, 1.82919577374e-17, 2.81247330881e-17, 1.93096396994e-17, 2.10193988644e-17, 2.36536564411e-17, 2.21612323646e-17, 1.61259075484e-17, 1.66141657942e-17, 1.01856977494e-17, 7.73341825306e-18, 5.29173121808e-18, 2.68088078476e-18, 1.13658638331e-18, 3.54031001577e-19, 3.66894991346e-20],
        "var": [0.0103719467297, 4.20041513443, 8.84608650208, 1680.98962402, 686.153686523, 121.486343384, 5603.72900391, 3114.33544922, 650.157958984, 386.278076172, 3839.6887207, 5316.28857422, 3939.12329102, 469.541381836, 152.819366455, 797.479064941, 316.538574219, 85.6227722168, 39.1434555054, 36.9393768311, 45.5839424133, 48.3301277161, 91.8112487793, 27.1883735657, 23.9944877625, 24.5094661713, 26.8877677917, 49.422832489, 29.8744316101, 30.2748317719, 32.4102706909, 29.0677528381, 23.5985965729, 16.6947822571, 8.78444766998, 3.84061527252, 1.24891090393, 0.24777135253, 0.0219497829676, 0.000161054209457]
    },
    "gfcc": {
        "mean": [-41.4601364136, 81.6210708618, -50.4604797363, 21.3400650024, -42.2369270325, -0.816828608513, -35.4926948547, -9.13305854797, -30.3720531464, -7.72896623611, -17.326292038, -2.94451832771, -12.8360385895],
        "cov": [[20948.8046875, -699.280700684, -112.974533081, 145.768066406, -80.4520263672, 464.349731445, 580.065429688, 642.238647461, 107.831634521, 129.81930542, -214.839645386, -179.009277344, -403.521789551], [-699.280700684, 2601.72192383, -44.1395530701, 22.6488056183, -123.14957428, -196.004760742, 23.3307914734, -116.08429718, -4.1721124649, -99.1516113281, 73.7894744873, -71.5702819824, 50.1308517456], [-112.974533081, -44.1395530701, 820.024230957, 202.338180542, 132.633331299, -51.3400726318, 15.756772995, -48.1269989014, -27.4598045349, -28.2119007111, 10.9836158752, -4.58425617218, 12.8449907303], [145.768066406, 22.6488056183, 202.338180542, 314.389862061, 127.309387207, 43.1769943237, 1.87212610245, -8.7276506424, 5.59398937225, 8.76249408722, 23.7037410736, 1.88772940636, 5.79166126251], [-80.4520263672, -123.14957428, 132.633331299, 127.309387207, 203.283248901, 102.289810181, 24.3533878326, -18.4493579865, -12.5355958939, -8.6254119873, 9.99467945099, 10.0710115433, 2.57074713707], [464.349731445, -196.004760742, -51.3400726318, 43.1769943237, 102.289810181, 211.964370728, 146.058929443, 95.9101028442, 22.3408412933, 17.5393199921, -9.23466396332, 0.0506007932127, -23.9014720917], [580.065429688, 23.3307914734, 15.756772995, 1.87212610245, 24.3533878326, 146.058929443, 294.881500244, 218.054199219, 83.109916687, 21.7722244263, -21.9990348816, -46.9338989258, -49.5671386719], [642.238647461, -116.08429718, -48.1269989014, -8.7276506424, -18.4493579865, 95.9101028442, 218.054199219, 274.615234375, 134.577178955, 43.5243110657, -41.6182670593, -46.6045532227, -49.8605232239], [107.831634521, -4.1721124649, -27.4598045349, 5.59398937225, -12.5355958939, 22.3408412933, 83.109916687, 134.577178955, 136.664199829, 62.9380874634, -5.6135802269, -28.1287021637, -14.753657341], [129.81930542, -99.1516113281, -28.2119007111, 8.76249408722, -8.6254119873, 17.5393199921, 21.7722244263, 43.5243110657, 62.9380874634, 117.637374878, 65.591506958, 28.0690498352, -10.4922275543], [-214.839645386, 73.7894744873, 10.9836158752, 23.7037410736, 9.99467945099, -9.23466396332, -21.9990348816, -41.6182670593, -5.6135802269, 65.591506958, 126.019752502, 79.8599014282, 30.3681507111], [-179.009277344, -71.5702819824, -4.58425617218, 1.88772940636, 10.0710115433, 0.0506007932127, -46.9338989258, -46.6045532227, -28.1287021637, 28.0690498352, 79.8599014282, 121.638008118, 77.0943145752], [-403.521789551, 50.1308517456, 12.8449907303, 5.79166126251, 2.57074713707, -23.9014720917, -49.5671386719, -49.8605232239, -14.753657341, -10.4922275543, 30.3681507111, 77.0943145752, 112.6588974]],
        "icov": [[5.89367664361e-05, -1.33520934469e-05, -1.46334914461e-05, -6.60403165966e-05, 0.000103685095382, -0.000103942227724, 1.78384379979e-05, -0.000135814334499, 0.000166363432072, -0.000148505961988, 0.000208603392821, -0.000176825938979, 0.00021815643413], [-1.33520934469e-05, 0.000649294641335, 0.000224090166739, -0.0002639721788, 0.000307240145048, 0.000664427527227, -0.000986053491943, 0.000952866335865, -0.000827881740406, 0.00136389269028, -0.00163078668993, 0.00132747995667, -0.000677113072015], [-1.46334914461e-05, 0.000224090166739, 0.00198013661429, -0.00101464311592, -0.00146920827683, 0.00254969461821, -0.00200903089717, 0.000973891059402, 4.94238483952e-05, 0.000183866461157, 0.000157959060743, -0.000130751213874, -0.000133680528961], [-6.60403165966e-05, -0.0002639721788, -0.00101464311592, 0.00517959659919, -0.00268017197959, -0.000950266083237, 0.00199883291498, -0.00162519246805, 0.000364357692888, -0.00048756718752, -0.00159797421657, 0.00199475954287, -0.00118195125833], [0.000103685095382, 0.000307240145048, -0.00146920827683, -0.00268017197959, 0.0116443410516, -0.00731140142307, 0.000965397397522, 0.00292487093247, -0.00295648421161, 0.0033057727851, -0.00178745470475, 7.63258358347e-05, 0.000792610575445], [-0.000103942227724, 0.000664427527227, 0.00254969461821, -0.000950266083237, -0.00731140142307, 0.0154744852334, -0.00863707903773, 0.00148947245907, 0.00179186358582, -0.00238184328191, 0.00364909390919, -0.00397306401283, 0.00114718812983], [1.78384379979e-05, -0.000986053491943, -0.00200903089717, 0.00199883291498, 0.000965397397522, -0.00863707903773, 0.0162805337459, -0.0129476049915, 0.00437335809693, 0.000627321715001, -0.00531236222014, 0.00617972156033, -0.00195853132755], [-0.000135814334499, 0.000952866335865, 0.000973891059402, -0.00162519246805, 0.00292487093247, 0.00148947245907, -0.0129476049915, 0.0222587939352, -0.0158892031759, 0.00315270316787, 0.00581226265058, -0.00808165036142, 0.00564241595566], [0.000166363432072, -0.000827881740406, 4.94238483952e-05, 0.000364357692888, -0.00295648421161, 0.00179186358582, 0.00437335809693, -0.0158892031759, 0.0277666300535, -0.0151532376185, 0.00133398757316, 0.0102693429217, -0.00888258777559], [-0.000148505961988, 0.00136389269028, 0.000183866461157, -0.00048756718752, 0.0033057727851, -0.00238184328191, 0.000627321715001, 0.00315270316787, -0.0151532376185, 0.026644622907, -0.0153028648347, -0.00129179621581, 0.00546189723536], [0.000208603392821, -0.00163078668993, 0.000157959060743, -0.00159797421657, -0.00178745470475, 0.00364909390919, -0.00531236222014, 0.00581226265058, 0.00133398757316, -0.0153028648347, 0.0307821203023, -0.0216432064772, 0.00784975383431], [-0.000176825938979, 0.00132747995667, -0.000130751213874, 0.00199475954287, 7.63258358347e-05, -0.00397306401283, 0.00617972156033, -0.00808165036142, 0.0102693429217, -0.00129179621581, -0.0216432064772, 0.039394851774, -0.0229140818119], [0.00021815643413, -0.000677113072015, -0.000133680528961, -0.00118195125833, 0.000792610575445, 0.00114718812983, -0.00195853132755, 0.00564241595566, -0.00888258777559, 0.00546189723536, 0.00784975383431, -0.0229140818119, 0.0248058028519]]
    },
    "melbands": {
        "dmean": [0.000376267620595, 0.000654617906548, 0.00240847677924, 0.000361917016562, 0.00070409354521, 0.000411383603932, 8.17685722723e-05, 5.55405604246e-05, 0.000110050736112, 8.20919231046e-05, 3.78137883672e-05, 2.16785010707e-05, 1.41798336699e-05, 1.6987320123e-05, 1.98441211978e-05, 7.64480773796e-06, 5.25193217982e-06, 3.93793334297e-06, 4.06682920584e-06, 2.86279578177e-06, 2.84265479422e-06, 2.90165280603e-06, 2.48329774877e-06, 2.43536533162e-06, 1.95621487364e-06, 1.73466423803e-06, 1.75376817424e-06, 1.49366724145e-06, 1.46627019149e-06, 1.40098200063e-06, 1.35795141887e-06, 1.22915321299e-06, 1.18270384064e-06, 1.19019375688e-06, 1.21816924548e-06, 1.2218467873e-06, 1.24257337575e-06, 1.26325187466e-06, 1.23255631479e-06, 1.25367478176e-06],
        "dmean2": [0.000557240913622, 0.00104049267247, 0.00359008461237, 0.000592511554714, 0.000993340509012, 0.000590263924096, 0.000124307640363, 8.1591635535e-05, 0.000161053423653, 0.000120080949273, 5.70304728171e-05, 3.35308723152e-05, 2.24969662668e-05, 2.63187830569e-05, 3.11418843921e-05, 1.21458651847e-05, 8.20077730168e-06, 6.34889283901e-06, 6.23959522272e-06, 4.57435226053e-06, 4.48352602689e-06, 4.56207862953e-06, 3.97710346078e-06, 3.89537080991e-06, 3.1760089314e-06, 2.81693837678e-06, 2.81432812699e-06, 2.38834422817e-06, 2.33680952988e-06, 2.21676941692e-06, 2.14981537283e-06, 1.94426615963e-06, 1.86262445823e-06, 1.87083492165e-06, 1.92877701011e-06, 1.92187599168e-06, 1.97460894924e-06, 2.01311377168e-06, 1.95550501303e-06, 2.01451280191e-06],
        "dvar": [5.33708032435e-07, 1.01634202565e-06, 1.18197631309e-05, 3.73983255031e-07, 1.54487963755e-06, 5.07096899582e-07, 3.14642889521e-08, 1.92695992496e-08, 1.31980598894e-07, 1.11035070915e-07, 2.64735504629e-08, 2.89581603141e-09, 9.00500563006e-10, 1.74366554528e-09, 6.39104014155e-09, 3.12203984887e-10, 1.21840981748e-10, 6.72367023169e-11, 9.03791624873e-11, 2.98062824422e-11, 3.17031262353e-11, 4.16596410147e-11, 5.61814345046e-11, 3.38027141e-11, 1.18267236282e-11, 9.32340316062e-12, 1.09330261858e-11, 8.205576843e-12, 8.97334723887e-12, 1.39970387711e-11, 1.27407416214e-11, 1.07230231638e-11, 8.13421812546e-12, 9.00327382092e-12, 1.043177697e-11, 1.06620658483e-11, 1.20317046257e-11, 1.27216492549e-11, 1.16681664331e-11, 1.36980071383e-11],
        "dvar2": [1.1005054148e-06, 2.52702125181e-06, 2.64653135673e-05, 9.71055555965e-07, 3.17875174005e-06, 1.04097409803e-06, 6.11854815702e-08, 3.85201381903e-08, 2.63627072172e-07, 2.2401624733e-07, 5.07860526966e-08, 6.40511421679e-09, 2.09693862274e-09, 3.96919475065e-09, 1.52482435567e-08, 6.56711851565e-10, 2.53954579588e-10, 1.48076231832e-10, 1.8205542629e-10, 6.62975438437e-11, 6.91107449047e-11, 8.67435637208e-11, 1.27330354593e-10, 7.32507457468e-11, 2.70585116813e-11, 2.16035678929e-11, 2.49062073049e-11, 1.88468858575e-11, 2.05886644539e-11, 3.20760640271e-11, 2.93176975752e-11, 2.60811598013e-11, 1.89662244243e-11, 2.10655035082e-11, 2.49041932909e-11, 2.56814205318e-11, 2.97942122363e-11, 3.1537387285e-11, 2.822093427e-11, 3.39792569082e-11],
        "max": [0.0178432129323, 0.0230834148824, 0.0542060956359, 0.0150535348803, 0.0282310489565, 0.0195235423744, 0.00811248552054, 0.00631630886346, 0.0166533105075, 0.0148489661515, 0.00835624244064, 0.00193551613484, 0.000959481636528, 0.00109276524745, 0.00325940130278, 0.000493668427225, 0.000318888487527, 0.00022252992494, 0.000309582304908, 0.000233753133216, 0.000127171544591, 0.000200194437639, 0.000459285220131, 0.000277036888292, 6.51742520859e-05, 5.03679439134e-05, 7.09739688318e-05, 5.38830354344e-05, 4.87033721583e-05, 0.000151536034537, 0.000126358951093, 0.000145926431287, 5.21234724147e-05, 5.91976531723e-05, 6.98409057804e-05, 6.56555057503e-05, 7.31449108571e-05, 6.90891902195e-05, 6.69567743898e-05, 0.000111447188829],
        "mean": [0.00107404473238, 0.00174440338742, 0.00615959381685, 0.000748579623178, 0.00140759756323, 0.000867876922712, 0.00015546096256, 0.000103536454844, 0.000189678889001, 0.000134757559863, 6.59650904709e-05, 3.62883147318e-05, 2.27714517678e-05, 2.7862679417e-05, 3.20911167364e-05, 1.13576998046e-05, 8.13832321001e-06, 5.49265860172e-06, 5.88625607634e-06, 4.06776462114e-06, 4.18003173763e-06, 3.89756769437e-06, 3.17453918797e-06, 3.18269781019e-06, 2.55754457612e-06, 2.21375262299e-06, 2.22300559471e-06, 1.83791576092e-06, 1.81774612429e-06, 1.64326286267e-06, 1.54329063662e-06, 1.37160827762e-06, 1.28606234284e-06, 1.26953364088e-06, 1.26721113247e-06, 1.24697282899e-06, 1.21643449802e-06, 1.20522645375e-06, 1.17091406082e-06, 1.14802799089e-06],
        "median": [0.000412774592405, 0.00118680554442, 0.00410132808611, 0.000503438874148, 0.000650395348202, 0.000408277963288, 3.64763582184e-05, 2.00189024326e-05, 2.3346638045e-05, 1.97122863028e-05, 1.00491506601e-05, 8.99390761333e-06, 8.29957843962e-06, 7.13639383321e-06, 5.42774705536e-06, 3.99765849579e-06, 2.88816249849e-06, 2.03029435397e-06, 1.97705503524e-06, 1.60863942256e-06, 1.57869556006e-06, 1.34933100071e-06, 1.18141974781e-06, 1.15126749733e-06, 1.04206469587e-06, 8.93030119187e-07, 8.77829052115e-07, 7.26172743271e-07, 6.93379320182e-07, 5.43825990462e-07, 4.43347857981e-07, 3.8473388031e-07, 3.2700611996e-07, 3.0084959235e-07, 2.81753528952e-07, 2.40567601395e-07, 2.12439829284e-07, 1.95647984924e-07, 1.78279776719e-07, 1.51900707124e-07],
        "min": [1.59001037008e-23, 2.68441950754e-23, 5.39765137079e-24, 3.81806745418e-24, 8.55117805967e-24, 1.24478606306e-23, 9.78206534022e-24, 6.32027074224e-24, 4.06064376025e-24, 6.67717350386e-24, 1.08358667582e-23, 1.07258664158e-23, 5.48120633458e-24, 7.45708635984e-24, 9.57093618527e-24, 8.57241419524e-24, 6.05414378269e-24, 8.54493580333e-24, 6.96842804982e-24, 6.12792357658e-24, 1.33718313208e-23, 1.02396732961e-23, 1.19513081896e-23, 1.23849955163e-23, 8.77131837274e-24, 8.94738897134e-24, 1.40208824078e-23, 1.16545608051e-23, 1.5332724961e-23, 1.55581277652e-23, 1.07884388628e-23, 1.00856963249e-23, 1.26034752771e-23, 1.41704141478e-23, 1.35993719381e-23, 9.54368656302e-24, 1.03937764851e-23, 1.26073872383e-23, 8.56397969444e-24, 8.58522845178e-24],
        "var": [2.67682435151e-06, 3.5545413084e-06, 4.18073759647e-05, 8.48967715683e-07, 4.14654368797e-06, 1.7290623191e-06, 1.37350127716e-07, 6.3315788168e-08, 3.82584829595e-07, 2.61539014446e-07, 1.01173981193e-07, 8.30434121468e-09, 1.94499638617e-09, 4.36977076745e-09, 1.47868677303e-08, 6.58076704241e-10, 2.79094414246e-10, 1.2801924798e-10, 1.87495102777e-10, 5.45960533727e-11, 6.11681261198e-11, 7.00778116092e-11, 6.38035388412e-11, 4.84081767727e-11, 1.84704196382e-11, 1.29464624785e-11, 1.57781739063e-11, 1.06609235329e-11, 1.20406488599e-11, 1.55352432307e-11, 1.4267971353e-11, 1.09698621714e-11, 9.06351556307e-12, 9.74352022676e-12, 1.06972972147e-11, 1.08431119986e-11, 1.14265766987e-11, 1.18132925317e-11, 1.12811071248e-11, 1.23709358729e-11]
    },
    "mfcc": {
        "mean": [-705.90802002, 129.107528687, 40.8044929504, 31.1127128601, 12.9321107864, 8.67319011688, 3.49983859062, -1.55211019516, -7.5607008934, -8.76791858673, -9.37890434265, -6.72385501862, -6.55763959885],
        "cov": [[11616.3740234, -329.408691406, -424.712615967, -173.14465332, -259.321228027, -3.29378890991, 313.128387451, 431.462280273, 436.743041992, 495.770751953, 451.393096924, 345.929901123, 140.957183838], [-329.408691406, 1773.48571777, 134.890640259, 140.018981934, -131.78666687, -50.5613212585, -7.01666498184, 6.08796405792, -24.5371513367, -19.8382110596, -22.2500934601, 23.4655265808, 16.6386756897], [-424.712615967, 134.890640259, 549.297729492, 254.899871826, 116.498718262, 45.3366279602, 51.3921432495, 11.1067857742, -3.67438912392, -17.1023406982, -6.28370046616, -22.0901107788, -19.7555503845], [-173.14465332, 140.018981934, 254.899871826, 299.780059814, 130.317596436, 61.210193634, 35.8169708252, 4.94487047195, -15.6696367264, -8.01035022736, 3.3944003582, 7.77002906799, -3.79533076286], [-259.321228027, -131.78666687, 116.498718262, 130.317596436, 239.744873047, 124.893188477, 17.4380149841, -22.0626468658, -48.0604286194, -54.4535903931, -48.3992729187, -46.5842247009, -22.6438179016], [-3.29378890991, -50.5613212585, 45.3366279602, 61.210193634, 124.893188477, 169.390487671, 84.7632064819, 20.5695133209, -14.3865070343, -26.9278640747, -20.5530719757, -11.8544445038, 1.27470421791], [313.128387451, -7.01666498184, 51.3921432495, 35.8169708252, 17.4380149841, 84.7632064819, 171.694244385, 119.269462585, 55.6492424011, 38.997543335, 41.4362373352, 34.2739143372, 21.9960041046], [431.462280273, 6.08796405792, 11.1067857742, 4.94487047195, -22.0626468658, 20.5695133209, 119.269462585, 180.479690552, 132.161941528, 93.9518356323, 58.161605835, 28.768863678, 6.35715770721], [436.743041992, -24.5371513367, -3.67438912392, -15.6696367264, -48.0604286194, -14.3865070343, 55.6492424011, 132.161941528, 181.09312439, 142.273147583, 79.6812362671, 26.6798591614, -2.67473220825], [495.770751953, -19.8382110596, -17.1023406982, -8.01035022736, -54.4535903931, -26.9278640747, 38.997543335, 93.9518356323, 142.273147583, 183.174926758, 122.311637878, 58.7933731079, 9.92848205566], [451.393096924, -22.2500934601, -6.28370046616, 3.3944003582, -48.3992729187, -20.5530719757, 41.4362373352, 58.161605835, 79.6812362671, 122.311637878, 158.5546875, 104.98387146, 35.8397216797], [345.929901123, 23.4655265808, -22.0901107788, 7.77002906799, -46.5842247009, -11.8544445038, 34.2739143372, 28.768863678, 26.6798591614, 58.7933731079, 104.98387146, 143.790802002, 70.7960891724], [140.957183838, 16.6386756897, -19.7555503845, -3.79533076286, -22.6438179016, 1.27470421791, 21.9960041046, 6.35715770721, -2.67473220825, 9.92848205566, 35.8397216797, 70.7960891724, 97.6774597168]],
