{
"lowlevel": {
    "average_loudness": 0.427585154772,
    "barkbands_crest": {
        "dmean": 2.45496582985,
        "dmean2": 3.99234461784,
        "dvar": 6.94246101379,
        "dvar2": 18.9842567444,
        "max": 26.9992656708,
        "mean": 15.5102710724,
        "median": 15.17694664,
        "min": 2.1865363121,
        "var": 31.8191394806
    },
    "barkbands_flatness_db": {
        "dmean": 0.0347431227565,
        "dmean2": 0.0491990819573,
        "dvar": 0.00185477000196,
        "dvar2": 0.00322124990635,
        "max": 0.889943897724,
        "mean": 0.338054120541,
        "median": 0.312021642923,
        "min": 0.0121670179069,
        "var": 0.017115842551
    },
    "barkbands_kurtosis": {
        "dmean": 127.077957153,
        "dmean2": 191.979690552,
        "dvar": 5013580,
        "dvar2": 10720661,
        "max": 132893.328125,
        "mean": 143.347946167,
        "median": 4.80065441132,
        "min": -1.93093013763,
        "var": 6443197
    },
    "barkbands_skewness": {
        "dmean": 1.33017706871,
        "dmean2": 1.97557449341,
        "dvar": 50.41746521,
        "dvar2": 101.884231567,
        "max": 328.830291748,
        "mean": 3.06642889977,
        "median": 1.80050301552,
        "min": -9.56715202332,
        "var": 97.5975723267
    },
    "barkbands_spread": {
        "dmean": 2.12326598167,
        "dmean2": 3.22948241234,
        "dvar": 9.58929443359,
        "dvar2": 20.4808120728,
        "max": 98.1682815552,
        "mean": 8.15622997284,
        "median": 6.34258937836,
        "min": 0.00126903830096,
        "var": 66.6563110352
    },
    "dissonance": {
        "dmean": 0.0407569482923,
        "dmean2": 0.0676633492112,
        "dvar": 0.00236632651649,
        "dvar2": 0.00602529617026,
        "max": 0.500000178814,
        "mean": 0.38788574934,
        "median": 0.412056237459,
        "min": 0.00681418599561,
        "var": 0.00872270949185
    },
    "dynamic_complexity": 5.35040807724,
    "erbbands_crest": {
        "dmean": 2.91463661194,
        "dmean2": 4.56285429001,
        "dvar": 9.83465480804,
        "dvar2": 21.542634964,
        "max": 34.1818809509,
        "mean": 14.4013786316,
        "median": 12.8263664246,
        "min": 2.66896891594,
        "var": 48.1201095581
    },
    "erbbands_flatness_db": {
        "dmean": 0.0273033455014,
        "dmean2": 0.0373434275389,
        "dvar": 0.00164404569659,
        "dvar2": 0.00278158066794,
        "max": 0.693859279156,
        "mean": 0.311010479927,
        "median": 0.313624978065,
        "min": 0.0399834625423,
        "var": 0.0125103890896
    },
    "erbbands_kurtosis": {
        "dmean": 4.22067213058,
        "dmean2": 6.40717458725,
        "dvar": 235.016876221,
        "dvar2": 539.395874023,
        "max": 376.991027832,
        "mean": 6.14505672455,
        "median": 0.802598953247,
        "min": -1.85809636116,
        "var": 409.498382568
    },
    "erbbands_skewness": {
        "dmean": 0.532960414886,
        "dmean2": 0.797974288464,
        "dvar": 0.623807907104,
        "dvar2": 1.33978366852,
        "max": 12.5442714691,
        "mean": 0.950548052788,
        "median": 0.653469324112,
        "min": -5.7431344986,
        "var": 2.3983771801
    },
    "erbbands_spread": {
        "dmean": 4.88972187042,
        "dmean2": 7.45372915268,
        "dvar": 47.2096977234,
        "dvar2": 105.803588867,
        "max": 113.492652893,
        "mean": 20.0799884796,
        "median": 16.7309379578,
        "min": 0.202584832907,
        "var": 244.473678589
    },
    "hfc": {
        "dmean": 2.68435096741,
        "dmean2": 4.01157569885,
        "dvar": 21.9469528198,
        "dvar2": 46.6222648621,
        "max": 97.5593795776,
        "mean": 10.4876623154,
        "median": 7.75634288788,
        "min": 1.1536598006e-16,
        "var": 113.698471069
    },
    "melbands_crest": {
        "dmean": 2.73707842827,
        "dmean2": 4.53183078766,
        "dvar": 10.0399627686,
        "dvar2": 28.8307533264,
        "max": 39.3422889709,
        "mean": 18.099111557,
        "median": 17.8499736786,
        "min": 1.8018733263,
        "var": 37.8543510437
    },
    "melbands_flatness_db": {
        "dmean": 0.0374156534672,
        "dmean2": 0.0518968626857,
        "dvar": 0.00213305535726,
        "dvar2": 0.00374610908329,
        "max": 0.975026726723,
        "mean": 0.432042062283,
        "median": 0.40521389246,
        "min": 0.00482524884865,
        "var": 0.0221029184759
    },
    "melbands_kurtosis": {
        "dmean": 10.85754776,
        "dmean2": 17.6300792694,
        "dvar": 812.605895996,
        "dvar2": 2203.41137695,
        "max": 584.882751465,
        "mean": 22.0504932404,
        "median": 8.2045135498,
        "min": -1.89736998081,
        "var": 1792.86096191
    },
    "melbands_skewness": {
        "dmean": 0.85281920433,
        "dmean2": 1.33289289474,
        "dvar": 1.4496576786,
        "dvar2": 3.85439777374,
        "max": 20.9305744171,
        "mean": 2.75682473183,
        "median": 2.23261404037,
        "min": -6.96791124344,
        "var": 5.58452415466
    },
    "melbands_spread": {
        "dmean": 2.63445234299,
        "dmean2": 4.0624165535,
        "dvar": 18.2210121155,
        "dvar2": 38.8943634033,
        "max": 133.279891968,
        "mean": 9.31579589844,
        "median": 7.00257301331,
        "min": 0.123188965023,
        "var": 82.3690414429
    },
    "pitch_salience": {
        "dmean": 0.0687632784247,
        "dmean2": 0.11236050725,
        "dvar": 0.00664587970823,
        "dvar2": 0.0185091607273,
        "max": 0.944519877434,
        "mean": 0.403933078051,
        "median": 0.424297094345,
        "min": 0.00379950297065,
        "var": 0.0252829454839
    },
    "silence_rate_20dB": {
        "dmean": 0,
        "dmean2": 0,
        "dvar": 0,
        "dvar2": 0,
        "max": 1,
        "mean": 1,
        "median": 1,
        "min": 1,
        "var": 0
    },
    "silence_rate_30dB": {
        "dmean": 0.0261692274362,
        "dmean2": 0.0523419678211,
        "dvar": 0.0254828035831,
        "dvar2": 0.060075968504,
        "max": 1,
        "mean": 0.943169593811,
        "median": 1,
        "min": 0,
        "var": 0.053604260087
    },
    "silence_rate_60dB": {
        "dmean": 0.0276454407722,
        "dmean2": 0.0552274845541,
        "dvar": 0.02687988244,
        "dvar2": 0.056876257062,
        "max": 1,
        "mean": 0.161500275135,
        "median": 0,
        "min": 0,
        "var": 0.135445654392
    },
    "spectral_centroid": {
        "dmean": 116.465530396,
        "dmean2": 176.113143921,
        "dvar": 48560.6328125,
        "dvar2": 107129.164062,
        "max": 10816.0576172,
        "mean": 669.510253906,
        "median": 560.481933594,
        "min": 74.0945739746,
        "var": 177316.34375
    },
    "spectral_complexity": {
        "dmean": 1.46695291996,
        "dmean2": 2.37961339951,
        "dvar": 2.57190847397,
        "dvar2": 5.34062433243,
        "max": 31,
        "mean": 9.74671268463,
        "median": 10,
        "min": 0,
        "var": 34.0208702087
    },
    "spectral_decrease": {
        "dmean": 2.16064277581e-09,
        "dmean2": 3.38892225393e-09,
        "dvar": 1.20156727272e-17,
        "dvar2": 2.97802093527e-17,
        "max": -3.60785961115e-29,
        "mean": -9.19871379068e-09,
        "median": -6.29702601174e-09,
        "min": -7.16675501167e-08,
        "var": 9.00435727601e-17
    },
    "spectral_energy": {
        "dmean": 0.00836058612913,
        "dmean2": 0.0130989421159,
        "dvar": 0.000178468428203,
        "dvar2": 0.000439974479377,
        "max": 0.279338389635,
        "mean": 0.03566923365,
        "median": 0.024651851505,
        "min": 1.06001983808e-20,
        "var": 0.00133346405346
    },
    "spectral_energyband_high": {
        "dmean": 1.9222159608e-05,
        "dmean2": 2.50164084719e-05,
        "dvar": 2.02673522409e-09,
        "dvar2": 3.79567444142e-09,
        "max": 0.000709531537723,
        "mean": 3.69738118025e-05,
        "median": 2.83307076643e-06,
        "min": 7.69440820857e-21,
        "var": 6.76834055469e-09
    },
    "spectral_energyband_low": {
        "dmean": 0.00512747000903,
        "dmean2": 0.00834901724011,
        "dvar": 0.000121654076793,
        "dvar2": 0.000331769551849,
        "max": 0.200709357858,
        "mean": 0.0187386833131,
        "median": 0.0044363681227,
        "min": 3.75683394079e-23,
        "var": 0.000838443229441
    },
    "spectral_energyband_middle_high": {
        "dmean": 0.000634842726868,
        "dmean2": 0.000962412450463,
        "dvar": 1.52193774738e-06,
        "dvar2": 3.37046481036e-06,
        "max": 0.0238794870675,
        "mean": 0.00180448475294,
        "median": 0.00109028886072,
        "min": 1.65499069824e-21,
        "var": 5.60399666938e-06
    },
    "spectral_energyband_middle_low": {
        "dmean": 0.00463880272582,
        "dmean2": 0.00705845234916,
        "dvar": 8.02581052994e-05,
        "dvar2": 0.000174420856638,
        "max": 0.226677983999,
        "mean": 0.0155229428783,
        "median": 0.0086318012327,
        "min": 3.04313431422e-22,
        "var": 0.000390191067709
    },
    "spectral_entropy": {
        "dmean": 0.239260330796,
        "dmean2": 0.344278723001,
        "dvar": 0.153086662292,
        "dvar2": 0.263091653585,
        "max": 9.79609775543,
        "mean": 6.038210392,
        "median": 6.18486785889,
        "min": 2.1095085144,
        "var": 1.06318211555
    },
    "spectral_flux": {
        "dmean": 0.0208029821515,
        "dmean2": 0.0346251502633,
        "dvar": 0.000865311303642,
        "dvar2": 0.0022402908653,
        "max": 0.32792109251,
        "mean": 0.05494626984,
        "median": 0.0449727252126,
        "min": 1.02957267711e-10,
        "var": 0.00188251433428
    },
    "spectral_kurtosis": {
        "dmean": 22.1346187592,
        "dmean2": 36.3599586487,
        "dvar": 1453.92565918,
        "dvar2": 3718.73535156,
        "max": 976.950622559,
        "mean": 53.4526062012,
        "median": 23.2995567322,
        "min": -1.1504650116,
        "var": 5733.36621094
    },
    "spectral_rms": {
        "dmean": 0.000640038924757,
        "dmean2": 0.000976728159003,
        "dvar": 6.31373779925e-07,
        "dvar2": 1.47520484006e-06,
        "max": 0.0165083389729,
        "mean": 0.00505639053881,
        "median": 0.00490413978696,
        "min": 3.21584469123e-12,
        "var": 9.2318850875e-06
    },
    "spectral_rolloff": {
        "dmean": 136.856903076,
        "dmean2": 238.389312744,
        "dvar": 116684.632812,
        "dvar2": 242446.0625,
        "max": 18798.4863281,
        "mean": 639.303833008,
        "median": 473.73046875,
        "min": 21.533203125,
        "var": 956675.1875
    },
    "spectral_skewness": {
        "dmean": 1.14561402798,
        "dmean2": 1.87381076813,
        "dvar": 1.88007843494,
        "dvar2": 4.65579891205,
        "max": 25.5827026367,
        "mean": 4.34627819061,
        "median": 3.15699696541,
        "min": 0.0335260778666,
        "var": 10.9862508774
    },
    "spectral_spread": {
        "dmean": 414749.75,
        "dmean2": 659805.0625,
        "dvar": 1.08914055578e+12,
        "dvar2": 2.68746909286e+12,
        "max": 38443212,
        "mean": 2037767.25,
        "median": 1566034.25,
        "min": 96638.4453125,
        "var": 2.40473106022e+12
    },
    "spectral_strongpeak": {
        "dmean": 0.372856169939,
        "dmean2": 0.615792691708,
        "dvar": 0.399289488792,
        "dvar2": 0.950556695461,
        "max": 8.38046455383,
        "mean": 1.05318522453,
        "median": 0.687401235104,
        "min": 0,
        "var": 1.27804410458
    },
    "zerocrossingrate": {
        "dmean": 0.00363729079254,
        "dmean2": 0.00437687011436,
        "dvar": 3.6747649574e-05,
        "dvar2": 4.20723445131e-05,
        "max": 0.50341796875,
        "mean": 0.0247379131615,
        "median": 0.02099609375,
        "min": 0,
        "var": 0.000683663412929
    },
    "barkbands": {
        "dmean": [0.000369337387383, 0.00452648568898, 0.0011008932488, 0.000388033746276, 0.00114817242138, 0.00230521964841, 0.00113158032764, 0.000511941383593, 0.00118958274834, 0.000248354015639, 0.000180647402885, 0.000161119780387, 0.000119002943393, 9.52819318627e-05, 8.70898220455e-05, 4.52827116533e-05, 4.74811895401e-05, 4.37796225015e-05, 2.45924948103e-05, 9.66303741734e-06, 5.6110316109e-06, 3.52247707269e-06, 4.05802165915e-06, 1.85282488019e-06, 7.37506184123e-07, 3.04607368662e-07, 8.65781544235e-08],
        "dmean2": [0.000588556635194, 0.00730077922344, 0.00191483215895, 0.000641817168798, 0.00170651590452, 0.003616244765, 0.00158265116625, 0.00071197329089, 0.00186368555296, 0.00039566171472, 0.000283802597551, 0.000253064208664, 0.000187893281691, 0.000151111162268, 0.000136877017212, 6.60099685774e-05, 6.9512592745e-05, 6.23104351689e-05, 3.63765539078e-05, 1.34606871143e-05, 7.79123547545e-06, 4.66225947093e-06, 5.62404238735e-06, 2.49220215665e-06, 1.05662206806e-06, 4.6593666525e-07, 1.41127827646e-07],
        "dvar": [2.88141791316e-06, 0.000105944185634, 4.96637267133e-06, 8.98740381672e-07, 8.95342145668e-06, 3.36417324434e-05, 9.91809974948e-06, 2.44096554525e-06, 1.442503617e-05, 4.0288495029e-07, 3.33520802087e-07, 3.45906983057e-07, 1.16609015777e-07, 6.1539587648e-08, 5.60702950736e-08, 1.46916869781e-08, 1.34260460527e-08, 9.93016247008e-09, 2.59686072646e-09, 4.09357658882e-10, 2.12244999354e-10, 1.05489970925e-10, 1.66690716785e-10, 2.59780252865e-11, 1.00965538014e-11, 2.04195796556e-12, 7.01393831253e-14],
        "dvar2": [7.73205010773e-06, 0.000290874973871, 1.51213689605e-05, 2.29749775826e-06, 1.93817213585e-05, 7.16899885447e-05, 2.08212732105e-05, 4.90662023367e-06, 3.21654224535e-05, 9.77717490969e-07, 8.23768914415e-07, 7.95630114681e-07, 2.36363732142e-07, 1.48792551613e-07, 1.29747846245e-07, 3.14284953618e-08, 2.94968565129e-08, 2.12115107701e-08, 5.84625725608e-09, 8.60703175398e-10, 4.65589983234e-10, 1.9458876177e-10, 3.32131239178e-10, 4.56195740905e-11, 1.92864838683e-11, 4.01355858271e-12, 1.75129550618e-13],
        "max": [0.0513501092792, 0.187136262655, 0.0396412760019, 0.0225313864648, 0.0581538453698, 0.157557010651, 0.0774629339576, 0.04142126441, 0.0859732702374, 0.017926229164, 0.0168166253716, 0.0176164656878, 0.0134121598676, 0.00429403642192, 0.00425957515836, 0.00282152555883, 0.00138668366708, 0.00168785010464, 0.000821178022306, 0.000297122169286, 0.000345322419889, 0.000194365813513, 0.000377527961973, 0.000125712700537, 0.000306593661662, 0.000149567727931, 4.23154142482e-06],
        "mean": [0.000892429554369, 0.0151753956452, 0.00235607475042, 0.000715557893272, 0.00354665471241, 0.00467313127592, 0.00251098629087, 0.00130549108144, 0.00254101655446, 0.000465285003884, 0.000353612791514, 0.000291180738714, 0.000218500354094, 0.000167534031789, 0.00013976325863, 8.18543630885e-05, 7.48037346057e-05, 7.15698552085e-05, 4.33399400208e-05, 1.6071007849e-05, 9.92911918729e-06, 6.47768956696e-06, 7.25225254428e-06, 3.6526034819e-06, 1.11141287107e-06, 4.25591849762e-07, 7.32157374728e-08],
        "median": [4.56485031464e-06, 0.00291654490866, 0.00054294540314, 0.00021649338305, 0.000439335475676, 0.00100749521516, 0.00049485755153, 0.000256205152255, 0.000196528111701, 0.000138872477692, 9.27947257878e-05, 6.44269675831e-05, 2.92768436339e-05, 3.99946802645e-05, 2.38510019699e-05, 1.8393733626e-05, 1.40791935337e-05, 1.15737111628e-05, 7.23256198398e-06, 3.15595389111e-06, 5.05174739374e-07, 8.48842489631e-08, 4.70655301399e-08, 1.74399872321e-08, 6.15124751135e-09, 3.06961256413e-09, 9.89522241923e-10],
        "min": [2.55190665268e-23, 9.67160745855e-24, 1.43580652245e-23, 9.8447632161e-24, 1.62321746988e-23, 4.46941231202e-23, 6.86587234561e-23, 6.44695375723e-23, 7.47097346721e-23, 5.39068415127e-23, 5.43322142455e-23, 9.05165571486e-23, 8.03646746049e-23, 1.04484096782e-22, 1.6004195475e-22, 1.78332546807e-22, 2.29068318942e-22, 1.58803960621e-22, 3.04363287432e-22, 3.75785718805e-22, 4.39698093386e-22, 6.32011880763e-22, 6.13106229635e-22, 9.20556500182e-22, 1.19861762518e-21, 1.68613750162e-21, 2.38406296455e-21],
        "var": [1.4270713109e-05, 0.000646315864287, 1.68518054124e-05, 1.87546004327e-06, 4.60965347884e-05, 0.000123428922961, 3.27972447849e-05, 9.67687446973e-06, 4.49745093647e-05, 8.70103065154e-07, 7.15009548458e-07, 8.30485987535e-07, 4.09425098269e-07, 1.1494094565e-07, 9.90521371591e-08, 3.37614238788e-08, 2.41561473047e-08, 1.99173406656e-08, 5.73815350791e-09, 8.86246187548e-10, 6.15736461818e-10, 3.40825145884e-10, 4.29879409847e-10, 1.0249656679e-10, 2.88791594805e-11, 7.45822847925e-12, 6.58206873879e-14]
    },
    "erbbands": {
        "dmean": [0.123117052019, 1.16260480881, 1.55888533592, 1.24200284481, 1.05638706684, 4.74149847031, 6.87544965744, 22.9244441986, 25.24010849, 9.50932025909, 11.2458734512, 34.0132980347, 11.3588094711, 5.54416036606, 7.62727499008, 7.68541049957, 5.96654129028, 4.58463525772, 4.88272714615, 3.57558774948, 2.34881067276, 2.17757558823, 2.5100581646, 1.48090410233, 1.02770590782, 0.491938173771, 0.317909687757, 0.161614388227, 0.131207883358, 0.119439229369, 0.0970510616899, 0.0567050091922, 0.0246663670987, 0.0119696045294, 0.00476032868028, 0.00169391313102, 0.000458366790554, 0.000107207037217, 1.84317850653e-05, 9.57134579949e-06],
        "dmean2": [0.204856127501, 1.89378941059, 2.63514614105, 2.11869931221, 1.77656924725, 6.99423265457, 10.6381292343, 36.1304130554, 36.1371002197, 12.9299259186, 16.2803115845, 53.2226638794, 17.8790512085, 8.73512077332, 11.8643255234, 11.9386377335, 9.32371616364, 7.38555669785, 7.64896583557, 5.46888160706, 3.43173384666, 3.14738273621, 3.5613656044, 2.09974813461, 1.52306222916, 0.68129992485, 0.444333702326, 0.217048093677, 0.1771004498, 0.161616846919, 0.132324799895, 0.0781198069453, 0.0338167361915, 0.01700466685, 0.00680170673877, 0.00249961111695, 0.000710235734005, 0.000170979066752, 2.95321351587e-05, 1.49294110088e-05],
        "dvar": [0.115538530052, 6.86786460876, 9.60385990143, 7.36270141602, 7.35241699219, 182.86479187, 218.303131104, 3147.31176758, 6307.23925781, 469.360565186, 1577.12207031, 11626.3779297, 772.274414062, 217.887557983, 424.745117188, 870.295837402, 271.64352417, 145.857833862, 169.759216309, 118.07585144, 35.3990020752, 27.6628284454, 32.1122207642, 9.06630420685, 4.63632011414, 1.18170332909, 0.622547507286, 0.157172963023, 0.156377494335, 0.143020108342, 0.106431812048, 0.0282523743808, 0.00526401773095, 0.00129666889552, 0.000779423571657, 0.000121048869914, 2.13942644223e-06, 1.0547036311e-07, 2.223824902e-09, 2.20636689474e-10],
        "dvar2": [0.345050424337, 18.9187889099, 26.9052143097, 20.337141037, 20.1874237061, 419.557342529, 511.957275391, 6947.85742188, 12585.9472656, 826.785644531, 3357.11523438, 25843.6328125, 1846.61535645, 519.542358398, 1021.78588867, 1992.97961426, 540.911010742, 362.620910645, 400.267852783, 261.589447021, 75.2310028076, 59.1635398865, 68.8702850342, 19.4942626953, 10.5474376678, 2.48219513893, 1.40392994881, 0.313629090786, 0.284054845572, 0.273183912039, 0.206259310246, 0.0555996336043, 0.00914482120425, 0.00247590616345, 0.00155088026077, 0.000221153706661, 5.06735659656e-06, 2.61635818788e-07, 5.50787504494e-09, 5.39501665564e-10],
        "max": [5.7943572998, 48.0686454773, 73.2507171631, 57.4545593262, 83.7204742432, 260.071136475, 257.668121338, 1387.58337402, 2208.91870117, 651.564453125, 1125.1953125, 2359.01538086, 697.077026367, 479.124450684, 606.452514648, 897.67565918, 643.08795166, 220.15246582, 242.512802124, 225.122161865, 96.5230636597, 92.3923110962, 114.010772705, 42.6553153992, 31.1057033539, 18.4038333893, 18.6017742157, 8.19300079346, 8.44519042969, 7.96999406815, 15.3575620651, 4.78249645233, 1.91224813461, 1.80319905281, 2.95548653603, 1.29560089111, 0.0899610817432, 0.00803580414504, 0.000821291469038, 0.000310117233312],
        "mean": [0.354764848948, 3.59227156639, 4.06920957565, 2.65224838257, 2.25486397743, 14.8351650238, 18.599943161, 44.8139953613, 56.4304466248, 23.5024356842, 31.054485321, 73.2793731689, 22.2085285187, 11.3610200882, 15.5232152939, 14.3952417374, 11.4919090271, 8.53295898438, 8.57999038696, 6.25198459625, 4.35799121857, 3.7491080761, 4.20432424545, 2.58357477188, 1.78280854225, 0.865507006645, 0.556975066662, 0.269927680492, 0.216313898563, 0.231271132827, 0.18404263258, 0.116967558861, 0.0433858595788, 0.019228938967, 0.00698684109375, 0.00266837212257, 0.000590755487792, 0.000107985484647, 2.97037604469e-05, 4.00744538638e-05],
        "median": [0.0403267070651, 0.727977216244, 1.03581237793, 0.96598315239, 1.11017632484, 1.41081249714, 3.87072753906, 9.70213508606, 9.39631080627, 8.10760116577, 7.08060264587, 6.73126125336, 6.65003299713, 4.32141160965, 4.86488246918, 3.40941739082, 2.54410648346, 3.05267858505, 2.39152669907, 1.36748194695, 1.2598618269, 1.00714159012, 0.94997137785, 0.561646938324, 0.374636799097, 0.182686775923, 0.0553529188037, 0.0136710908264, 0.00441111531109, 0.00194652669597, 0.00111799011938, 0.000562882632948, 0.000250314653385, 0.000124930375023, 6.9577654358e-05, 4.221913332e-05, 2.04517018574e-05, 3.21974494e-06, 1.41941263792e-05, 2.81863649434e-05],
        "min": [6.32829569801e-22, 1.41451398649e-21, 1.59701563667e-20, 1.67699947826e-20, 6.65518501587e-20, 3.02505798436e-20, 1.39604887568e-19, 4.22657989398e-19, 1.03240763805e-18, 9.80413339487e-19, 1.43012341779e-18, 2.00390128219e-18, 2.22365297885e-18, 1.08371630727e-18, 2.73739914088e-18, 4.01502798703e-18, 3.58157872861e-18, 5.08403650603e-18, 6.83899530133e-18, 8.26948092083e-18, 1.38517953114e-17, 1.0258579806e-17, 7.43000095975e-18, 1.40891820852e-17, 1.98813389623e-17, 1.60681455262e-17, 2.02461984043e-17, 1.30834239317e-17, 2.0780396607e-17, 2.31502624445e-17, 1.91536532882e-17, 1.56944749563e-17, 1.58309663748e-17, 1.00580687439e-17, 1.01845322519e-17, 6.32414361242e-18, 3.44410069042e-18, 1.15817827883e-18, 2.97618705517e-19, 3.73847541329e-20],
        "var": [0.490094780922, 39.2564201355, 50.5651435852, 21.944190979, 13.2414312363, 867.877746582, 947.280639648, 10313.671875, 22874.6660156, 2565.46166992, 5180.56201172, 36423.4960938, 1740.46716309, 486.890289307, 1042.63476562, 2091.35742188, 983.281982422, 254.370681763, 312.575408936, 235.829162598, 72.9339447021, 52.7506790161, 64.3145751953, 19.228603363, 9.62198734283, 2.60597753525, 1.72444880009, 0.390195399523, 0.365552306175, 0.558598339558, 0.302934229374, 0.111578091979, 0.0179433338344, 0.00383257656358, 0.00200216355734, 0.000519923865795, 5.67908864468e-06, 1.37102659892e-07, 2.50619414111e-09, 1.62651503377e-09]
    },
    "gfcc": {
        "mean": [-173.042327881, 190.511413574, -120.476364136, -7.04627323151, -30.928604126, -15.6609659195, -17.8330535889, 3.18241596222, -4.54887151718, -1.81194186211, 5.43133974075, -7.19917297363, -1.41487288475],
        "cov": [[30061.3554688, 1032.54650879, -1484.32946777, 4221.91992188, 217.994018555, 1667.51147461, 212.871841431, 44.8603935242, -573.137817383, -822.959289551, -462.614349365, -321.090393066, 81.2948226929], [1032.54650879, 3885.32104492, 185.107528687, -1206.04064941, 1321.0098877, -628.08215332, 473.409240723, -228.950775146, -6.74926233292, -310.057098389, 101.887939453, -170.760879517, 257.118804932], [-1484.32946777, 185.107528687, 2316.52050781, 372.813781738, 15.9600477219, 881.06237793, 151.571685791, 140.800506592, 303.364349365, 19.2426872253, -35.5039520264, 93.8610229492, -40.6159667969], [4221.91992188, -1206.04064941, 372.813781738, 2139.86767578, -158.111358643, 894.661682129, 88.9058303833, 99.7982940674, -110.785926819, -129.733612061, -153.867156982, -27.6493434906, -88.1780090332], [217.994018555, 1321.0098877, 15.9600477219, -158.111358643, 944.375427246, -73.4834442139, 285.045166016, 33.7646713257, -36.8372192383, -115.768783569, 0.614917099476, -70.6625595093, 53.218460083], [1667.51147461, -628.08215332, 881.06237793, 894.661682129, -73.4834442139, 1248.96240234, 215.506439209, 299.901031494, 289.782714844, -20.9769802094, -79.4070510864, -3.57550311089, -141.969146729], [212.871841431, 473.409240723, 151.571685791, 88.9058303833, 285.045166016, 215.506439209, 417.75491333, 159.562866211, 135.154129028, -19.3816318512, -38.560092926, -86.8456497192, 4.71420669556], [44.8603935242, -228.950775146, 140.800506592, 99.7982940674, 33.7646713257, 299.901031494, 159.562866211, 313.034484863, 176.361541748, 56.4372444153, -45.0480804443, -48.9657402039, -85.6960144043], [-573.137817383, -6.74926233292, 303.364349365, -110.785926819, -36.8372192383, 289.782714844, 135.154129028, 176.361541748, 353.667510986, 125.469055176, 29.94764328, -19.4219398499, -66.4829864502], [-822.959289551, -310.057098389, 19.2426872253, -129.733612061, -115.768783569, -20.9769802094, -19.3816318512, 56.4372444153, 125.469055176, 206.089065552, 57.9012336731, 34.6970901489, -51.2873191833], [-462.614349365, 101.887939453, -35.5039520264, -153.867156982, 0.614917099476, -79.4070510864, -38.560092926, -45.0480804443, 29.94764328, 57.9012336731, 168.995101929, 68.8708343506, 16.9035625458], [-321.090393066, -170.760879517, 93.8610229492, -27.6493434906, -70.6625595093, -3.57550311089, -86.8456497192, -48.9657402039, -19.4219398499, 34.6970901489, 68.8708343506, 190.930938721, 65.9527816772], [81.2948226929, 257.118804932, -40.6159667969, -88.1780090332, 53.218460083, -141.969146729, 4.71420669556, -85.6960144043, -66.4829864502, -51.2873191833, 16.9035625458, 65.9527816772, 155.32019043]],
        "icov": [[0.000125309554278, -0.00043284666026, 0.000274666264886, -0.000362425198546, 0.000344319560099, -0.000340625469107, 0.000363837112673, -0.000319323182339, 0.000260497297859, -0.000365583546227, 0.000317995087244, -0.000154099659994, -7.79138863436e-05], [-0.00043284666026, 0.00285470020026, -0.00128554098774, 0.001743069035, -0.00246069044806, 0.00165674509481, -0.00205127778463, 0.00222847145051, -0.00185799878091, 0.00308802793734, -0.00201008142903, 0.00159153388813, -0.000429159408668], [0.000274666264886, -0.00128554098774, 0.00134666147642, -0.000846873736009, 0.000972077716142, -0.00138175580651, 0.000998814590275, -0.000623073196039, 0.000453067390481, -0.00129511044361, 0.00121677480638, -0.000979145988822, -6.48109125905e-05], [-0.000362425198546, 0.001743069035, -0.000846873736009, 0.00215349462815, -0.00128950469662, 0.000209749428905, -0.00156708608847, 0.00148949713912, 1.75151562871e-05, 0.00146061682608, -0.00101976480801, 0.000980167882517, -7.17804323358e-06], [0.000344319560099, -0.00246069044806, 0.000972077716142, -0.00128950469662, 0.00375755177811, -0.00120040716138, 0.000439887051471, -0.00209389138035, 0.00213142670691, -0.00188421388157, 0.00116769305896, -0.00131918583065, 0.000585266330745], [-0.000340625469107, 0.00165674509481, -0.00138175580651, 0.000209749428905, -0.00120040716138, 0.00393090583384, -0.00166674610227, 0.000288880604785, -0.00300008244812, 0.00351827638224, -0.00109539786354, -0.000551656587049, 0.00163878966123], [0.000363837112673, -0.00205127778463, 0.000998814590275, -0.00156708608847, 0.000439887051471, -0.00166674610227, 0.00655084336177, -0.00314229191281, -8.06107254903e-06, -0.00236819987185, 0.00149775156751, 0.00109854515176, -0.002444854239], [-0.000319323182339, 0.00222847145051, -0.000623073196039, 0.00148949713912, -0.00209389138035, 0.000288880604785, -0.00314229191281, 0.00827285461128, -0.00303790927865, 0.00145175412763, 0.000242814887315, 0.000662392587401, 0.00167343125213], [0.000260497297859, -0.00185799878091, 0.000453067390481, 1.75151562871e-05, 0.00213142670691, -0.00300008244812, -8.06107254903e-06, -0.00303790927865, 0.00904011912644, -0.00572117976844, -0.000153138491441, 0.000643860432319, -0.000356934906449], [-0.000365583546227, 0.00308802793734, -0.00129511044361, 0.00146061682608, -0.00188421388157, 0.00351827638224, -0.00236819987185, 0.00145175412763, -0.00572117976844, 0.0132197318599, -0.00369092985056, -0.00105460244231, 0.00307007622905], [0.000317995087244, -0.00201008142903, 0.00121677480638, -0.00101976480801, 0.00116769305896, -0.00109539786354, 0.00149775156751, 0.000242814887315, -0.000153138491441, -0.00369092985056, 0.0101136183366, -0.00418491335586, 0.000979535048828], [-0.000154099659994, 0.00159153388813, -0.000979145988822, 0.000980167882517, -0.00131918583065, -0.000551656587049, 0.00109854515176, 0.000662392587401, 0.000643860432319, -0.00105460244231, -0.00418491335586, 0.0111473044381, -0.00632429588586], [-7.79138863436e-05, -0.000429159408668, -6.48109125905e-05, -7.17804323358e-06, 0.000585266330745, 0.00163878966123, -0.002444854239, 0.00167343125213, -0.000356934906449, 0.00307007622905, 0.000979535048828, -0.00632429588586, 0.0129032116383]]
    },
    "melbands": {
        "dmean": [0.0011617904529, 0.00108489277773, 0.000200879687327, 0.000164355631568, 0.000271808559773, 0.000525296782143, 0.000347760214936, 0.000101901947346, 0.000101062527392, 0.000211688398849, 5.08877528773e-05, 2.26457159442e-05, 2.60716151388e-05, 1.8787517547e-05, 1.67764883372e-05, 1.05949202407e-05, 9.41654889175e-06, 8.44529768074e-06, 4.73109275845e-06, 4.30499267168e-06, 2.85634837383e-06, 2.56243970398e-06, 2.52032850767e-06, 2.03435729418e-06, 1.19190190162e-06, 9.52576215241e-07, 4.70863653845e-07, 3.26970734932e-07, 2.23234053465e-07, 1.45715148392e-07, 8.8907341933e-08, 7.11386007879e-08, 6.71180373502e-08, 7.56422053882e-08, 5.98466129986e-08, 5.8179487894e-08, 2.71856883671e-08, 1.74029306521e-08, 1.66824136727e-08, 8.17859824309e-09],
        "dmean2": [0.00189832784235, 0.00178849359509, 0.000339945341693, 0.000252068333793, 0.000411791726947, 0.000819637149107, 0.000497858447488, 0.000139278869028, 0.000150353487697, 0.000330813782057, 8.07929609437e-05, 3.57726858056e-05, 4.12484914705e-05, 2.89726849587e-05, 2.62742250925e-05, 1.68574952113e-05, 1.51262947838e-05, 1.31958931888e-05, 7.34379591449e-06, 6.47087063044e-06, 4.24232939622e-06, 3.85691510019e-06, 3.54479129783e-06, 2.82769178739e-06, 1.73781575086e-06, 1.43439126532e-06, 6.79512936586e-07, 4.525375914e-07, 3.26811345985e-07, 1.93126979298e-07, 1.23386982409e-07, 9.85781838381e-08, 8.7808750493e-08, 1.066025348e-07, 8.18230176947e-08, 8.35887021822e-08, 3.70466395339e-08, 2.40466455637e-08, 2.32346568652e-08, 1.21925820551e-08],
        "dvar": [7.34100922273e-06, 5.14147950526e-06, 1.88500195009e-07, 1.79838224312e-07, 3.87073868069e-07, 1.81691700618e-06, 1.14379656679e-06, 5.81730503768e-08, 1.25736391965e-07, 4.57624480532e-07, 1.61229660733e-08, 3.98274346836e-09, 7.25391258172e-09, 4.23287849216e-09, 2.06851491491e-09, 7.98364763188e-10, 7.19243442582e-10, 4.09329986573e-10, 1.54470616853e-10, 1.57634183484e-10, 5.70293673396e-11, 4.21576593079e-11, 4.57907704809e-11, 2.79196717828e-11, 6.86315500958e-12, 4.52479546886e-12, 1.38804842186e-12, 7.26685367696e-13, 4.21856153525e-13, 1.68263054314e-13, 6.81753508898e-14, 5.29229336407e-14, 3.7715182133e-14, 6.93791134569e-14, 5.01434661751e-14, 3.44572223673e-14, 6.52771912384e-15, 3.06702392805e-15, 4.6073357667e-15, 7.38849740412e-16],
        "dvar2": [2.07156463148e-05, 1.39227004183e-05, 5.04089086917e-07, 4.37148429455e-07, 8.51378842981e-07, 3.85256771551e-06, 2.27818077292e-06, 1.02021601833e-07, 2.70664230584e-07, 1.02012359093e-06, 3.94329369158e-08, 9.52573664392e-09, 1.80555339568e-08, 9.48860279237e-09, 4.54256987581e-09, 1.80242709646e-09, 1.78813708285e-09, 9.74083480543e-10, 3.45791284495e-10, 3.44548473086e-10, 1.25336824253e-10, 9.49823414365e-11, 9.64011023785e-11, 5.49568342223e-11, 1.517992676e-11, 1.0547955738e-11, 2.95212357164e-12, 1.49194556449e-12, 1.06497493116e-12, 3.25688911604e-13, 1.41206341867e-13, 1.00878317201e-13, 6.42204253101e-14, 1.44494456005e-13, 9.83498696437e-14, 7.24164177517e-14, 1.25090918323e-14, 5.92052567318e-15, 7.59293547633e-15, 1.54576958956e-15],
        "max": [0.0466657876968, 0.0492501705885, 0.00923522282392, 0.0075625795871, 0.0122545845807, 0.0355890505016, 0.0295239519328, 0.00799659918994, 0.0104864360765, 0.0154562359676, 0.00346477678977, 0.0021451744251, 0.00249185436405, 0.00198795460165, 0.00132774899248, 0.000912286399398, 0.00050581083633, 0.000345144828316, 0.000199010042707, 0.000279005878838, 0.000117596893688, 0.000119652497233, 9.28119334276e-05, 7.52150954213e-05, 3.47504574165e-05, 4.03356534662e-05, 2.06856329896e-05, 1.30682419694e-05, 1.7855234546e-05, 7.18420596968e-06, 5.46276669411e-06, 4.50070911029e-06, 4.12820691054e-06, 4.66377605335e-06, 1.09446345959e-05, 5.02777584188e-06, 1.97511167244e-06, 1.57261217737e-06, 2.89980312118e-06, 1.31400815917e-06],
        "mean": [0.00391224073246, 0.00326169305481, 0.000444026751211, 0.000495622225571, 0.000791105616372, 0.00104447617196, 0.000789414625615, 0.000243419985054, 0.00026679597795, 0.000444236502517, 9.29078305489e-05, 4.34666144429e-05, 4.97863074997e-05, 3.6891153286e-05, 3.15520774166e-05, 1.92042334675e-05, 1.63246731972e-05, 1.45203730426e-05, 8.00887119112e-06, 7.39379584047e-06, 4.87295073981e-06, 4.06098888561e-06, 4.02347086492e-06, 3.30908142132e-06, 1.94346421267e-06, 1.57129147738e-06, 8.01149838026e-07, 5.2115433391e-07, 3.66965934973e-07, 2.44485590883e-07, 1.33668180524e-07, 1.07033891084e-07, 1.37664386557e-07, 1.23739184232e-07, 1.030623622e-07, 1.10735200565e-07, 5.4586127618e-08, 2.76398317567e-08, 2.97553430784e-08, 1.16163842989e-08],
        "median": [0.000687398423906, 0.000761976349168, 0.000171143328771, 8.7744454504e-05, 0.000119019678095, 0.000209350240766, 0.000131514549139, 7.33167471481e-05, 4.47202728537e-05, 3.48735193256e-05, 2.83396220766e-05, 1.35397167469e-05, 1.422616333e-05, 1.062336014e-05, 5.8217433434e-06, 2.92026834359e-06, 4.23387928095e-06, 3.67994653061e-06, 1.49342031364e-06, 1.45426554354e-06, 1.07198502519e-06, 7.22295226296e-07, 5.87487818393e-07, 4.74683304219e-07, 2.90515060897e-07, 2.35595990716e-07, 1.15535655709e-07, 7.24705984112e-08, 2.98718987324e-08, 1.0377532611e-08, 4.06310496359e-09, 1.97629068666e-09, 9.19992859671e-10, 7.38379357657e-10, 5.3522059007e-10, 4.15424639133e-10, 2.55048260289e-10, 1.33445365869e-10, 8.43336026013e-11, 6.17047177243e-11],
        "min": [5.35244490775e-24, 5.72522546725e-24, 5.34212857926e-24, 3.22019766272e-24, 3.87284595544e-24, 1.00203289437e-23, 1.51398800242e-23, 1.19127415688e-23, 1.06495946104e-23, 1.25963999837e-23, 1.0606006101e-23, 3.8668667842e-24, 8.61202842332e-24, 9.34513342862e-24, 7.69995612217e-24, 8.89700126988e-24, 9.74331728142e-24, 1.04891994668e-23, 1.31765235602e-23, 1.09825152116e-23, 1.71715139772e-23, 1.24377979209e-23, 6.41895684705e-24, 8.07300765539e-24, 1.18518359848e-23, 1.11195995154e-23, 1.78245298791e-23, 8.55408501211e-24, 1.17886300825e-23, 1.08394978849e-23, 6.46358113073e-24, 1.04793371278e-23, 1.40960703184e-23, 1.21386855315e-23, 1.2170499503e-23, 7.17583535902e-24, 1.04291624187e-23, 1.15029235953e-23, 1.00610428439e-23, 7.84187850991e-24],
        "var": [4.39454342995e-05, 3.0862094718e-05, 5.52642973162e-07, 7.6652372627e-07, 1.99859914574e-06, 6.37653602098e-06, 4.30477939517e-06, 3.18805376764e-07, 4.21827735408e-07, 1.36280323204e-06, 3.28529061733e-08, 8.53633164155e-09, 1.46222749464e-08, 1.0629321423e-08, 6.27815488485e-09, 2.20308882248e-09, 1.20632470679e-09, 7.81200604205e-10, 2.90758334076e-10, 3.2722868859e-10, 1.11258995072e-10, 7.5686110157e-11, 8.81036840705e-11, 5.66726873763e-11, 1.33678164024e-11, 8.97281034196e-12, 2.80844965339e-12, 1.39907139693e-12, 9.6455948697e-13, 4.53756823782e-13, 1.31633934438e-13, 1.03279560739e-13, 1.83599188912e-13, 1.68126512603e-13, 1.15722698351e-13, 1.2314207e-13, 2.33537876402e-14, 7.41024741026e-15, 1.75774024107e-14, 1.68454344424e-15]
    },
    "mfcc": {
        "mean": [-791.034851074, 195.223861694, -3.40498781204, 11.8209285736, 5.4098534584, -6.06202602386, -0.536661565304, 2.81521344185, -3.65882968903, 7.41481637955, 2.14335107803, 5.91678094864, 6.24913930893],
        "cov": [[14625.4345703, 3455.34521484, -1402.79858398, 1501.16833496, 561.844482422, 375.942504883, 574.462402344, 581.115905762, -81.1087722778, 336.566223145, -269.407409668, -400.04119873, -595.614013672], [3455.34521484, 4547.99121094, -379.376281738, -74.2596817017, 462.821838379, -94.5236434937, 362.283721924, 97.1857757568, 121.933753967, 45.2121009827, -144.683227539, -187.431442261, -139.797042847], [-1402.79858398, -379.376281738, 1610.3079834, 145.926452637, 14.9854335785, 561.614196777, 73.6163635254, 220.815948486, 297.298065186, 138.453460693, 121.874526978, 168.256484985, 28.4752998352], [1501.16833496, -74.2596817017, 145.926452637, 787.170043945, 225.746856689, 223.13684082, 215.182373047, 148.896118164, -4.24151277542, 38.2542457581, -54.9252891541, -73.1519546509, -133.482559204], [561.844482422, 462.821838379, 14.9854335785, 225.746856689, 398.677825928, 177.002197266, 170.9190979, 133.26701355, 27.0083255768, 3.53246307373, -8.55905151367, -57.2407722473, -43.2391052246], [375.942504883, -94.5236434937, 561.614196777, 223.13684082, 177.002197266, 559.059692383, 190.326416016, 252.982437134, 205.011581421, 117.222457886, 88.0896530151, 86.1466827393, -3.51129674911], [574.462402344, 362.283721924, 73.6163635254, 215.182373047, 170.9190979, 190.326416016, 294.8644104, 189.123184204, 88.8017501831, 99.9300384521, -8.57259845734, -19.8765602112, -51.4287490845], [581.115905762, 97.1857757568, 220.815948486, 148.896118164, 133.26701355, 252.982437134, 189.123184204, 326.934814453, 198.57383728, 142.245269775, 71.1849365234, 36.419708252, -21.0207023621], [-81.1087722778, 121.933753967, 297.298065186, -4.24151277542, 27.0083255768, 205.011581421, 88.8017501831, 198.57383728, 338.959350586, 168.083312988, 151.937225342, 73.6845626831, 14.1022510529], [336.566223145, 45.2121009827, 138.453460693, 38.2542457581, 3.53246307373, 117.222457886, 99.9300384521, 142.245269775, 168.083312988, 344.179412842, 98.9630966187, 93.3208694458, -10.9697170258], [-269.407409668, -144.683227539, 121.874526978, -54.9252891541, -8.55905151367, 88.0896530151, -8.57259845734, 71.1849365234, 151.937225342, 98.9630966187, 253.109024048, 121.920059204, 51.3623085022], [-400.04119873, -187.431442261, 168.256484985, -73.1519546509, -57.2407722473, 86.1466827393, -19.8765602112, 36.419708252, 73.6845626831, 93.3208694458, 121.920059204, 254.036636353, 147.389160156], [-595.614013672, -139.797042847, 28.4752998352, -133.482559204, -43.2391052246, -3.51129674911, -51.4287490845, -21.0207023621, 14.1022510529, -10.9697170258, 51.3623085022, 147.389160156, 232.545806885]],
