{
"lowlevel": {
    "average_loudness": 0.792513549328,
    "barkbands_crest": {
        "dmean": 2.60594344139,
        "dmean2": 4.22734975815,
        "dvar": 6.45707511902,
        "dvar2": 16.409362793,
        "max": 26.2042579651,
        "mean": 12.7856378555,
        "median": 12.1375102997,
        "min": 2.49427556992,
        "var": 23.6101551056
    },
    "barkbands_flatness_db": {
        "dmean": 0.0329789891839,
        "dmean2": 0.0487829148769,
        "dvar": 0.00116871809587,
        "dvar2": 0.00270634982735,
        "max": 0.626079797745,
        "mean": 0.253512322903,
        "median": 0.232230916619,
        "min": 0.0272558722645,
        "var": 0.0110918059945
    },
    "barkbands_kurtosis": {
        "dmean": 12.2027139664,
        "dmean2": 19.4573993683,
        "dvar": 732.098449707,
        "dvar2": 1749.16552734,
        "max": 1064.93579102,
        "mean": 26.0341491699,
        "median": 9.42006206512,
        "min": -1.87505280972,
        "var": 5640.16308594
    },
    "barkbands_skewness": {
        "dmean": 0.924007534981,
        "dmean2": 1.44271087646,
        "dvar": 1.38932394981,
        "dvar2": 3.25920295715,
        "max": 26.2302341461,
        "mean": 2.8404405117,
        "median": 2.28487062454,
        "min": -1.61885130405,
        "var": 7.17265129089
    },
    "barkbands_spread": {
        "dmean": 3.26905012131,
        "dmean2": 5.1720905304,
        "dvar": 33.946521759,
        "dvar2": 82.8180770874,
        "max": 107.930221558,
        "mean": 9.3258266449,
        "median": 5.95834064484,
        "min": 0.0847237706184,
        "var": 96.6486587524
    },
    "dissonance": {
        "dmean": 0.0306543502957,
        "dmean2": 0.0497781895101,
        "dvar": 0.000820554094389,
        "dvar2": 0.00206449558027,
        "max": 0.5,
        "mean": 0.422316104174,
        "median": 0.433797746897,
        "min": 0.125157207251,
        "var": 0.00269878120162
    },
    "dynamic_complexity": 4.69879388809,
    "erbbands_crest": {
        "dmean": 2.63421034813,
        "dmean2": 4.18485403061,
        "dvar": 7.49907207489,
        "dvar2": 17.8786811829,
        "max": 32.3553695679,
        "mean": 11.686337471,
        "median": 10.6408424377,
        "min": 2.31016540527,
        "var": 27.2348995209
    },
    "erbbands_flatness_db": {
        "dmean": 0.0260305963457,
        "dmean2": 0.0371122360229,
        "dvar": 0.000724543817341,
        "dvar2": 0.00150807877071,
        "max": 0.434862732887,
        "mean": 0.206121772528,
        "median": 0.202444344759,
        "min": 0.0300619173795,
        "var": 0.00469415262341
    },
    "erbbands_kurtosis": {
        "dmean": 3.16926622391,
        "dmean2": 4.97371149063,
        "dvar": 53.8223266602,
        "dvar2": 119.658927917,
        "max": 312.313415527,
        "mean": 4.64870262146,
        "median": 1.314265728,
        "min": -1.84305846691,
        "var": 116.239891052
    },
    "erbbands_skewness": {
        "dmean": 0.550031661987,
        "dmean2": 0.842949450016,
        "dvar": 0.464734584093,
        "dvar2": 1.09758925438,
        "max": 13.198299408,
        "mean": 1.22873938084,
        "median": 1.08072423935,
        "min": -3.02545881271,
        "var": 2.03803801537
    },
    "erbbands_spread": {
        "dmean": 10.030787468,
        "dmean2": 15.6624135971,
        "dvar": 241.970733643,
        "dvar2": 573.135192871,
        "max": 187.486175537,
        "mean": 30.0055484772,
        "median": 24.8723297119,
        "min": 0.75258487463,
        "var": 519.810302734
    },
    "hfc": {
        "dmean": 3.33063721657,
        "dmean2": 4.72370290756,
        "dvar": 44.7436790466,
        "dvar2": 91.7106552124,
        "max": 126.810173035,
        "mean": 9.49655723572,
        "median": 4.4164686203,
        "min": 1.16580942944e-16,
        "var": 176.293060303
    },
    "melbands_crest": {
        "dmean": 3.09844326973,
        "dmean2": 5.06986713409,
        "dvar": 8.8102684021,
        "dvar2": 22.6737880707,
        "max": 35.2756919861,
        "mean": 16.7640151978,
        "median": 16.048084259,
        "min": 2.41001057625,
        "var": 34.3694648743
    },
    "melbands_flatness_db": {
        "dmean": 0.0382342562079,
        "dmean2": 0.0571390278637,
        "dvar": 0.00163398834411,
        "dvar2": 0.00374964950606,
        "max": 0.800101995468,
        "mean": 0.353741765022,
        "median": 0.332740902901,
        "min": 0.00986459571868,
        "var": 0.0169316194952
    },
    "melbands_kurtosis": {
        "dmean": 21.1893291473,
        "dmean2": 33.8489341736,
        "dvar": 1936.27490234,
        "dvar2": 4626.54638672,
        "max": 1665.31188965,
        "mean": 43.6520957947,
        "median": 17.1894874573,
        "min": -1.71359777451,
        "var": 9537.4140625
    },
    "melbands_skewness": {
        "dmean": 1.13648235798,
        "dmean2": 1.77855837345,
        "dvar": 2.1997961998,
        "dvar2": 5.13557004929,
        "max": 30.6378860474,
        "mean": 3.60833978653,
        "median": 2.91747140884,
        "min": -0.982560873032,
        "var": 8.18254852295
    },
    "melbands_spread": {
        "dmean": 3.16704630852,
        "dmean2": 4.95902824402,
        "dvar": 33.5014381409,
        "dvar2": 73.7976379395,
        "max": 209.064071655,
        "mean": 9.68172550201,
        "median": 5.3129119873,
        "min": 0.164722904563,
        "var": 160.340667725
    },
    "pitch_salience": {
        "dmean": 0.0789329111576,
        "dmean2": 0.129043221474,
        "dvar": 0.00617939326912,
        "dvar2": 0.016539549455,
        "max": 0.963119566441,
        "mean": 0.482262670994,
        "median": 0.491396486759,
        "min": 0.0179272294044,
        "var": 0.0179222635925
    },
    "silence_rate_20dB": {
        "dmean": 0,
        "dmean2": 0,
        "dvar": 0,
        "dvar2": 0,
        "max": 1,
        "mean": 1,
        "median": 1,
        "min": 1,
        "var": 0
    },
    "silence_rate_30dB": {
        "dmean": 0.00876861438155,
        "dmean2": 0.0175385549664,
        "dvar": 0.00869122892618,
        "dvar2": 0.0210091657937,
        "max": 1,
        "mean": 0.991836726665,
        "median": 1,
        "min": 0,
        "var": 0.00809744745493
    },
    "silence_rate_60dB": {
        "dmean": 0.0455060862005,
        "dmean2": 0.0910190492868,
        "dvar": 0.0434378571808,
        "dvar2": 0.0978593230247,
        "max": 1,
        "mean": 0.0957671925426,
        "median": 0,
        "min": 0,
        "var": 0.0865921676159
    },
    "spectral_centroid": {
        "dmean": 135.045730591,
        "dmean2": 208.338180542,
        "dvar": 50554.921875,
        "dvar2": 103298.921875,
        "max": 11211.9550781,
        "mean": 590.202819824,
        "median": 413.874633789,
        "min": 85.3843765259,
        "var": 252091.5
    },
    "spectral_complexity": {
        "dmean": 1.82750022411,
        "dmean2": 2.77955842018,
        "dvar": 6.28600358963,
        "dvar2": 11.92075634,
        "max": 48,
        "mean": 9.10831451416,
        "median": 8,
        "min": 0,
        "var": 41.8173370361
    },
    "spectral_decrease": {
        "dmean": 2.31367569548e-09,
        "dmean2": 3.57214968716e-09,
        "dvar": 1.96273035244e-17,
        "dvar2": 4.92606006372e-17,
        "max": -8.10200690487e-29,
        "mean": -5.85377479823e-09,
        "median": -4.44691217183e-09,
        "min": -8.93697134075e-08,
        "var": 3.363393133e-17
    },
    "spectral_energy": {
        "dmean": 0.00898344162852,
        "dmean2": 0.0138209257275,
        "dvar": 0.000293208344374,
        "dvar2": 0.000732720131055,
        "max": 0.345259070396,
        "mean": 0.0229548923671,
        "median": 0.0172970350832,
        "min": 1.08800301893e-20,
        "var": 0.000515368650667
    },
    "spectral_energyband_high": {
        "dmean": 7.87143435446e-05,
        "dmean2": 0.000122100900626,
        "dvar": 4.62946090352e-08,
        "dvar2": 1.07487835521e-07,
        "max": 0.00383789348416,
        "mean": 9.71218833001e-05,
        "median": 1.51329804794e-05,
        "min": 7.44329992373e-21,
        "var": 6.12462898175e-08
    },
    "spectral_energyband_low": {
        "dmean": 0.00481432909146,
        "dmean2": 0.00787854846567,
        "dvar": 9.68824315351e-05,
        "dvar2": 0.000249930890277,
        "max": 0.17874352634,
        "mean": 0.00942025426775,
        "median": 0.0073326099664,
        "min": 2.02755775096e-23,
        "var": 0.000121064353152
    },
    "spectral_energyband_middle_high": {
        "dmean": 0.000905553286429,
        "dmean2": 0.00127936934587,
        "dvar": 6.06471394349e-06,
        "dvar2": 1.18369416668e-05,
        "max": 0.0560192614794,
        "mean": 0.0025578471832,
        "median": 0.000434798654169,
        "min": 1.85420874772e-21,
        "var": 2.97953210975e-05
    },
    "spectral_energyband_middle_low": {
        "dmean": 0.00565600581467,
        "dmean2": 0.00874002929777,
        "dvar": 0.000188817852177,
        "dvar2": 0.000482113653561,
        "max": 0.330079287291,
        "mean": 0.0122122708708,
        "median": 0.00682685989887,
        "min": 3.43611402007e-22,
        "var": 0.00030472164508
    },
    "spectral_entropy": {
        "dmean": 0.335066229105,
        "dmean2": 0.491303652525,
        "dvar": 0.123898938298,
        "dvar2": 0.285234719515,
        "max": 9.79674243927,
        "mean": 6.50299692154,
        "median": 6.57859516144,
        "min": 3.74314022064,
        "var": 0.703484237194
    },
    "spectral_flux": {
        "dmean": 0.0272911135107,
        "dmean2": 0.0424712114036,
        "dvar": 0.0011761393398,
        "dvar2": 0.00256419181824,
        "max": 0.513661086559,
        "mean": 0.0624741688371,
        "median": 0.0498543605208,
        "min": 1.04307382176e-10,
        "var": 0.00245479657315
    },
    "spectral_kurtosis": {
        "dmean": 8.33501720428,
        "dmean2": 13.3576364517,
        "dvar": 231.491149902,
        "dvar2": 558.157836914,
        "max": 253.813049316,
        "mean": 19.4300060272,
        "median": 10.3456840515,
        "min": -1.1867480278,
        "var": 776.648010254
    },
    "spectral_rms": {
        "dmean": 0.000855061924085,
        "dmean2": 0.00126673234627,
        "dvar": 1.26637951325e-06,
        "dvar2": 2.84405155071e-06,
        "max": 0.0183531511575,
        "mean": 0.00424867216498,
        "median": 0.00410793814808,
        "min": 3.25801538525e-12,
        "var": 4.34379899161e-06
    },
    "spectral_rolloff": {
        "dmean": 168.311935425,
        "dmean2": 286.657928467,
        "dvar": 270847.84375,
        "dvar2": 651491.25,
        "max": 18820.0195312,
        "mean": 578.622070312,
        "median": 322.998046875,
        "min": 64.599609375,
        "var": 616740.5625
    },
    "spectral_skewness": {
        "dmean": 0.673135280609,
        "dmean2": 1.0530782938,
        "dvar": 0.798834323883,
        "dvar2": 1.92784643173,
        "max": 13.4787082672,
        "mean": 3.05072379112,
        "median": 2.5537006855,
        "min": -0.026519568637,
        "var": 3.28707385063
    },
    "spectral_spread": {
        "dmean": 909796.625,
        "dmean2": 1368431.125,
        "dvar": 1.63225980109e+12,
        "dvar2": 3.45300952678e+12,
        "max": 40050876,
        "mean": 3762241.25,
        "median": 3120325,
        "min": 398294.25,
        "var": 4.95895864934e+12
    },
    "spectral_strongpeak": {
        "dmean": 0.341821610928,
        "dmean2": 0.569620370865,
        "dvar": 0.471362859011,
        "dvar2": 1.15347731113,
        "max": 12.7124166489,
        "mean": 0.702670454979,
        "median": 0.375212550163,
        "min": 5.00857133545e-10,
        "var": 1.0250223875
    },
    "zerocrossingrate": {
        "dmean": 0.0058790477924,
        "dmean2": 0.00733632594347,
        "dvar": 8.8171720563e-05,
        "dvar2": 0.000114840288006,
        "max": 0.50634765625,
        "mean": 0.0256935581565,
        "median": 0.0205078125,
        "min": 0.001953125,
        "var": 0.000483462965349
    },
    "barkbands": {
        "dmean": [5.14164421475e-05, 0.00265837088227, 0.00220301561058, 0.00219048885629, 0.00297665200196, 0.00074769242201, 0.000395976472646, 0.000519568682648, 0.00030220192275, 0.000166979283676, 0.000200550144655, 0.000176244153408, 9.98806863208e-05, 8.46103284857e-05, 0.000133103050757, 0.000144362609717, 0.000114736380056, 9.85077276709e-05, 4.63873730041e-05, 1.6610696548e-05, 1.10078681246e-05, 1.20528866319e-05, 1.05483986772e-05, 2.05204687518e-05, 1.65016790561e-05, 5.07440563524e-06, 2.55530312643e-06],
        "dmean2": [8.16197352833e-05, 0.00441761268303, 0.00374618824571, 0.00374639150687, 0.00471836561337, 0.00111406121869, 0.000588449009228, 0.000716116221156, 0.000439922878286, 0.000246221927227, 0.000285640388029, 0.000264363712631, 0.000147699713125, 0.000129589287098, 0.000194686086616, 0.000209790072404, 0.000169427221408, 0.000145460595377, 6.7123088229e-05, 2.5322287911e-05, 1.63540826179e-05, 1.80031620403e-05, 1.72375821421e-05, 3.37110141118e-05, 2.67647646979e-05, 8.4325329226e-06, 4.26450060331e-06],
        "dvar": [2.67734794335e-08, 2.77814142464e-05, 3.00547362713e-05, 3.64119368896e-05, 6.47599445074e-05, 4.01050965593e-06, 1.36584628763e-06, 3.39701591656e-06, 1.29461386678e-06, 2.58555587607e-07, 5.07822221607e-07, 4.58719881635e-07, 9.49711420617e-08, 7.80444011639e-08, 1.90329870975e-07, 3.69296060398e-07, 1.58228957048e-07, 1.34016815423e-07, 5.87131800955e-08, 4.51417658809e-09, 1.3838034052e-09, 1.25448773591e-09, 9.41714595193e-10, 4.17674961284e-09, 2.79971468231e-09, 4.25536522686e-10, 1.19500603857e-10],
        "dvar2": [6.78243665675e-08, 7.2417773481e-05, 8.17443360575e-05, 9.82821147772e-05, 0.000160398645676, 8.15870680526e-06, 2.66027063844e-06, 5.92113246967e-06, 2.4513635708e-06, 5.53422921712e-07, 1.05032211195e-06, 9.24470214159e-07, 2.09472545976e-07, 1.66811858548e-07, 3.73855243652e-07, 7.84384894814e-07, 3.22704408973e-07, 2.83462924244e-07, 1.1553301249e-07, 1.1009174905e-08, 3.02201930147e-09, 2.62843968812e-09, 2.31885222135e-09, 1.06994422211e-08, 7.0041030753e-09, 1.09161424344e-09, 3.0684266239e-10],
        "max": [0.00646719057113, 0.11171361804, 0.12926620245, 0.13400042057, 0.227757185698, 0.0499705523252, 0.0516238883138, 0.0787160992622, 0.0515601783991, 0.0171790644526, 0.0230915695429, 0.0176966413856, 0.00769303319976, 0.00691020395607, 0.0121546313167, 0.024376174435, 0.0148071637377, 0.00967909023166, 0.0105406567454, 0.00274629984051, 0.00108445074875, 0.000906695902813, 0.00118258327711, 0.00206865463406, 0.00108091940638, 0.000529470096808, 0.000183605428902],
        "mean": [7.07440121914e-05, 0.00456803292036, 0.00351626519114, 0.0026686496567, 0.00522775528952, 0.00160150101874, 0.000867883849423, 0.00115787168033, 0.000534631428309, 0.000315757410135, 0.000381555088097, 0.000394843664253, 0.000183684736839, 0.000156734458869, 0.000308268441586, 0.00028517562896, 0.000295971578453, 0.000207953140489, 9.59943281487e-05, 2.84224897769e-05, 1.54091940203e-05, 1.57593585755e-05, 1.09040556708e-05, 2.1949508664e-05, 1.70192979567e-05, 4.16953798776e-06, 1.9499825612e-06],
        "median": [1.62334326888e-05, 0.00311352871358, 0.00187697052024, 0.000980010954663, 0.00166801968589, 0.000351796566974, 0.000174832894118, 0.000132173037855, 7.51382904127e-05, 5.4081378039e-05, 3.86736101063e-05, 2.73285331787e-05, 3.01608561131e-05, 1.97058434424e-05, 1.68559345184e-05, 1.61200332514e-05, 1.1702840311e-05, 7.97386383056e-06, 4.93922016176e-06, 2.53765438174e-06, 1.86545889846e-06, 1.33581875161e-06, 1.27513180814e-06, 3.11900885208e-06, 2.6643201636e-06, 2.13686575989e-07, 2.24301377472e-08],
        "min": [1.80539258972e-24, 6.45243847045e-24, 4.59145209173e-24, 1.30740315959e-23, 2.45235366862e-23, 1.19673796528e-22, 8.98772958254e-23, 5.89257702292e-23, 3.4337228249e-23, 8.13872465973e-23, 1.60747877975e-22, 1.21894787075e-22, 2.54629785165e-22, 1.49546898779e-22, 1.54990872063e-22, 1.51658117754e-22, 1.54218873848e-22, 2.22581534651e-22, 1.59043572388e-22, 3.99956543158e-22, 4.59117703171e-22, 6.27283814528e-22, 6.96285944913e-22, 9.25933679035e-22, 1.23227818116e-21, 1.30532018815e-21, 2.27233663241e-21],
        "var": [3.08442160701e-08, 3.53529358108e-05, 3.39375110343e-05, 3.45135777025e-05, 0.000122103709145, 1.46372431118e-05, 4.88892283101e-06, 1.34981055453e-05, 3.83533051718e-06, 6.46838714147e-07, 1.16115961646e-06, 1.8986863779e-06, 2.00319917099e-07, 2.0593684269e-07, 9.15986504424e-07, 1.1333203247e-06, 1.08374354113e-06, 3.40134391763e-07, 1.40719279784e-07, 7.04243019456e-09, 2.03221661721e-09, 1.89346605062e-09, 1.11962727978e-09, 4.96080954093e-09, 2.6355586602e-09, 3.31175892265e-10, 9.00263266712e-11]
    },
    "erbbands": {
        "dmean": [0.0607423111796, 0.676220476627, 2.22358584404, 4.92116785049, 11.6725502014, 7.90287399292, 5.48609399796, 6.83117580414, 5.67520618439, 9.09794902802, 8.00798988342, 6.8688158989, 6.55895185471, 4.11665773392, 9.52173995972, 7.05914497375, 4.41449069977, 4.64277172089, 4.7637052536, 8.2435798645, 6.42531967163, 5.86668014526, 5.6136636734, 3.23083686829, 1.80183660984, 0.801805913448, 0.452342301607, 0.44604486227, 0.429816305637, 0.407392591238, 0.26613292098, 0.407910317183, 0.332916408777, 0.240361154079, 0.0858468040824, 0.0245188958943, 0.00957187451422, 0.00273060100153, 0.000468582351459, 2.50931425398e-05],
        "dmean2": [0.0995119586587, 1.13079309464, 3.76604008675, 8.24283885956, 19.5000324249, 12.2650642395, 7.90304422379, 10.250248909, 8.40674591064, 12.8763694763, 11.197145462, 9.86454486847, 9.61817646027, 5.94295167923, 13.6979627609, 10.4835472107, 6.55672025681, 7.00980424881, 7.13343095779, 11.7421541214, 9.39793395996, 8.59261512756, 8.30012130737, 4.72262001038, 2.62707901001, 1.21176433563, 0.670620143414, 0.662880063057, 0.640319883823, 0.652624666691, 0.430239737034, 0.673239171505, 0.544753193855, 0.390580326319, 0.139691278338, 0.0410059317946, 0.0158054791391, 0.00448829261586, 0.000785800628364, 4.01921352022e-05],
        "dvar": [0.0146341957152, 1.92314589024, 29.8425598145, 136.300415039, 1421.43444824, 350.582824707, 172.07723999, 448.736602783, 290.894622803, 706.45300293, 908.521911621, 668.488647461, 567.291320801, 271.997314453, 1063.7767334, 728.639648438, 175.017166138, 237.579666138, 178.944213867, 1046.60144043, 595.549438477, 433.514404297, 404.00567627, 188.45916748, 91.9659805298, 9.16020488739, 2.63979554176, 2.14241266251, 1.7648717165, 1.38116276264, 0.597303509712, 1.65301644802, 1.04296183586, 0.590867519379, 0.0799811705947, 0.00959550682455, 0.00151912833098, 0.000124936457723, 4.2081474021e-06, 5.70278801959e-09],
        "dvar2": [0.0376228541136, 5.08350849152, 81.1835632324, 362.046447754, 3769.54370117, 789.762451172, 294.762695312, 852.594116211, 510.943267822, 1426.46630859, 1526.90551758, 1241.06408691, 1190.08068848, 578.697692871, 2284.38232422, 1420.86376953, 394.530517578, 512.042236328, 360.336029053, 2054.66796875, 1289.0489502, 840.902099609, 847.299072266, 379.387145996, 184.170150757, 22.074224472, 6.05450391769, 4.65578794479, 3.77720856667, 3.26211977005, 1.4791482687, 4.28568792343, 2.63063168526, 1.49125182629, 0.200752452016, 0.0248466916382, 0.00389563478529, 0.000316048855893, 1.09132006401e-05, 1.43788376761e-08],
        "max": [2.68383479118, 30.8465900421, 129.750640869, 358.52557373, 1029.64453125, 497.137359619, 458.535186768, 620.133728027, 907.769470215, 810.640686035, 1462.01171875, 1434.11999512, 873.213012695, 782.377319336, 1164.02062988, 895.137573242, 358.280670166, 414.145599365, 361.022918701, 1304.11987305, 1077.01928711, 1013.63012695, 531.700195312, 409.083435059, 415.345153809, 92.4702453613, 47.302028656, 40.994846344, 31.9231910706, 44.0520362854, 26.1834640503, 35.3024902344, 30.1784076691, 16.5240955353, 4.63771915436, 3.08762836456, 0.877953350544, 0.190623894334, 0.0341070666909, 0.00135457445867],
        "mean": [0.100314468145, 1.14673674107, 3.7203950882, 7.10765647888, 16.3221225739, 15.3985061646, 12.2635688782, 13.9065341949, 12.3939504623, 20.311252594, 18.438167572, 12.7635450363, 12.3797225952, 8.29988098145, 17.9951686859, 16.6262645721, 8.98550224304, 9.60594558716, 10.253320694, 19.8725528717, 15.9145441055, 15.537987709, 12.373544693, 6.68525362015, 3.66611456871, 1.39696979523, 0.681610286236, 0.606970787048, 0.57297462225, 0.443346202374, 0.283582627773, 0.432543307543, 0.361309498549, 0.252916157246, 0.0847303196788, 0.0204530954361, 0.0079529248178, 0.0022096040193, 0.000359813740943, 3.82321049983e-05],
        "median": [0.053638651967, 0.750262498856, 2.29325294495, 3.55223035812, 5.34354877472, 4.49246501923, 3.18429279327, 3.17687916756, 3.11056041718, 3.80696392059, 2.90767621994, 2.29515528679, 2.18273878098, 1.81051683426, 1.73439109325, 1.44358921051, 1.66017568111, 1.66230857372, 1.2087187767, 0.97535854578, 0.986841678619, 0.704198241234, 0.508110761642, 0.370725214481, 0.209813117981, 0.12220557034, 0.0752265751362, 0.0689127892256, 0.0466969758272, 0.0424656048417, 0.0358435027301, 0.0566349551082, 0.0558637157083, 0.0401469767094, 0.0119246728718, 0.00143187388312, 0.000424159807153, 6.72716560075e-05, 1.6540485376e-05, 2.12708964682e-05],
        "min": [2.86281282819e-22, 1.15706593578e-21, 5.09476412415e-21, 2.77851874149e-20, 3.10755761824e-20, 1.01376276732e-19, 3.51897366735e-19, 1.33250007888e-18, 9.60928686568e-19, 1.57352996283e-18, 1.39967200431e-18, 7.56603546437e-19, 1.15816090804e-18, 5.69062417923e-18, 5.29511728192e-18, 6.28008052837e-18, 8.84563041545e-18, 1.14524413122e-17, 8.68254927614e-18, 7.34406268437e-18, 6.50556996335e-18, 1.08431657156e-17, 1.2199195981e-17, 8.25214404237e-18, 1.12017857343e-17, 1.8566042379e-17, 1.69978071992e-17, 2.09516362287e-17, 2.29465642556e-17, 2.05712158649e-17, 2.04215292613e-17, 1.94812085389e-17, 1.51288256924e-17, 1.05181672802e-17, 1.05807294314e-17, 5.80106395795e-18, 2.23264277775e-18, 1.16257288263e-18, 3.1505781833e-19, 3.26471450292e-20],
        "var": [0.0195731353015, 2.32835507393, 32.3429260254, 143.900527954, 1613.57312012, 1051.06665039, 804.282470703, 1552.03320312, 1112.5378418, 2092.58374023, 3910.31811523, 2196.24316406, 1438.86486816, 672.703308105, 2203.875, 3420.23095703, 390.636688232, 682.181274414, 590.68951416, 4675.34570312, 2553.98828125, 3080.53417969, 1132.9942627, 468.811004639, 207.613677979, 15.6511926651, 3.82056927681, 3.12013435364, 2.59343743324, 1.68113481998, 0.730286896229, 1.81162750721, 1.27953791618, 0.563612222672, 0.0725842937827, 0.0073775225319, 0.00119276938494, 9.87492967397e-05, 3.09639153784e-06, 5.02714403439e-09]
    },
    "gfcc": {
        "mean": [-112.039596558, 142.913131714, -78.8348388672, 26.6358528137, -36.2534980774, 12.7035722733, -42.3460426331, 5.81810045242, -17.8371696472, -8.45353031158, -9.04940986633, -10.7378387451, -5.8638343811],
        "cov": [[15803.6494141, -1626.07556152, -3551.53515625, -356.898712158, -1544.01464844, 33.6989059448, -584.974731445, 500.459289551, -493.040740967, -99.4269485474, 60.5821647644, 360.974212646, -214.298675537], [-1626.07556152, 2130.37182617, 102.379447937, -423.736022949, 520.002258301, -243.010040283, 114.65586853, -279.339874268, 191.200683594, -159.088012695, 87.1618499756, -191.358184814, 165.620315552], [-3551.53515625, 102.379447937, 2120.38476562, 213.081390381, 127.409317017, 153.987457275, 147.219116211, -100.030975342, 87.4892349243, 79.5349121094, -34.8728256226, -100.636199951, -35.7009620667], [-356.898712158, -423.736022949, 213.081390381, 519.110473633, 48.8832473755, 57.0655975342, 79.5477371216, 35.8781433105, 2.0025267601, 22.4030075073, -14.8600730896, 27.1920070648, -10.2609739304], [-1544.01464844, 520.002258301, 127.409317017, 48.8832473755, 594.83984375, -43.9808082581, 117.024085999, -85.2909393311, 110.004646301, -17.9457454681, 13.0962028503, -32.6091880798, 63.8887748718], [33.6989059448, -243.010040283, 153.987457275, 57.0655975342, -43.9808082581, 205.105133057, 40.1992073059, 62.8880691528, -12.2683649063, 36.739074707, 9.89973926544, 17.0504169464, -24.6281013489], [-584.974731445, 114.65586853, 147.219116211, 79.5477371216, 117.024085999, 40.1992073059, 190.866104126, 14.7361326218, 47.4517593384, 7.74726295471, -5.19037723541, -16.7711620331, 6.52537870407], [500.459289551, -279.339874268, -100.030975342, 35.8781433105, -85.2909393311, 62.8880691528, 14.7361326218, 200.197250366, 5.01735401154, 38.8263206482, 35.2286491394, 27.5633678436, -29.8009738922], [-493.040740967, 191.200683594, 87.4892349243, 2.0025267601, 110.004646301, -12.2683649063, 47.4517593384, 5.01735401154, 124.014343262, 35.5186538696, 11.5743160248, -12.2881450653, 19.0688533783], [-99.4269485474, -159.088012695, 79.5349121094, 22.4030075073, -17.9457454681, 36.739074707, 7.74726295471, 38.8263206482, 35.5186538696, 106.730895996, 28.5943756104, 13.249753952, -15.5111589432], [60.5821647644, 87.1618499756, -34.8728256226, -14.8600730896, 13.0962028503, 9.89973926544, -5.19037723541, 35.2286491394, 11.5743160248, 28.5943756104, 105.823005676, 30.2381515503, 13.4235677719], [360.974212646, -191.358184814, -100.636199951, 27.1920070648, -32.6091880798, 17.0504169464, -16.7711620331, 27.5633678436, -12.2881450653, 13.249753952, 30.2381515503, 124.761100769, 22.8090667725], [-214.298675537, 165.620315552, -35.7009620667, -10.2609739304, 63.8887748718, -24.6281013489, 6.52537870407, -29.8009738922, 19.0688533783, -15.5111589432, 13.4235677719, 22.8090667725, 88.6700744629]],
        "icov": [[0.000170772676938, -0.000136524686241, 0.000254165555816, -9.0374123829e-05, 0.000315606914228, -0.000162409443874, 0.000203129806323, -0.000217224936932, 0.00024768259027, -6.94985865266e-05, 0.000195555971004, -0.000388281652704, 0.000403991056373], [-0.000136524686241, 0.00269840122201, -0.000312013289658, 0.00175518565811, -0.000830349395983, 0.00111803913023, -0.00152026175056, 0.002258712193, -0.00317555386573, 0.00392576958984, -0.00425605289638, 0.00357013149187, -0.00241718115285], [0.000254165555816, -0.000312013289658, 0.0010039760964, -0.000417073955759, 0.000522968242876, -0.000792404636741, 0.000143572993693, 0.00016668929311, 0.000160545139806, -0.000618001620751, 0.000463375705294, -0.000273693003692, 0.000859196472447], [-9.0374123829e-05, 0.00175518565811, -0.000417073955759, 0.00341485301033, -0.000801642308943, 0.000644814688712, -0.00175085931551, 0.00100511801429, -0.0014891786268, 0.00220184866339, -0.00211781682447, 0.00150801299606, -0.00140807626303], [0.000315606914228, -0.000830349395983, 0.000522968242876, -0.000801642308943, 0.00329481274821, -0.000366591208149, -0.000451581843663, 0.000177052468644, -0.000752876570914, -0.000220647270908, 0.000495020591188, -0.00101484544575, 0.000357860757504], [-0.000162409443874, 0.00111803913023, -0.000792404636741, 0.000644814688712, -0.000366591208149, 0.00716326152906, -0.00210827984847, -0.000698689662386, 0.000364931474905, 2.54481278716e-06, -0.00167606631294, 0.000746870762669, -0.00056759850122], [0.000203129806323, -0.00152026175056, 0.000143572993693, -0.00175085931551, -0.000451581843663, -0.00210827984847, 0.00826018396765, -0.00225298223086, -1.72436248249e-05, -0.00137716077734, 0.00297544710338, -0.00144810974598, 0.00124528387096], [-0.000217224936932, 0.002258712193, 0.00016668929311, 0.00100511801429, 0.000177052468644, -0.000698689662386, -0.00225298223086, 0.00932194851339, -0.00413845991716, 0.00243719713762, -0.00562165956944, 0.00249429279938, -5.75150079385e-05], [0.00024768259027, -0.00317555386573, 0.000160545139806, -0.0014891786268, -0.000752876570914, 0.000364931474905, -1.72436248249e-05, -0.00413845991716, 0.0165789350867, -0.00955000519753, 0.00537983048707, -0.0032071089372, 0.000451082625659], [-6.94985865266e-05, 0.00392576958984, -0.000618001620751, 0.00220184866339, -0.000220647270908, 2.54481278716e-06, -0.00137716077734, 0.00243719713762, -0.00955000519753, 0.0194100476801, -0.00915003940463, 0.00377908255905, -0.000552216777578], [0.000195555971004, -0.00425605289638, 0.000463375705294, -0.00211781682447, 0.000495020591188, -0.00167606631294, 0.00297544710338, -0.00562165956944, 0.00537983048707, -0.00915003940463, 0.0186389666051, -0.00760475359857, 0.00181005662307], [-0.000388281652704, 0.00357013149187, -0.000273693003692, 0.00150801299606, -0.00101484544575, 0.000746870762669, -0.00144810974598, 0.00249429279938, -0.0032071089372, 0.00377908255905, -0.00760475359857, 0.01537840534, -0.00711276289076], [0.000403991056373, -0.00241718115285, 0.000859196472447, -0.00140807626303, 0.000357860757504, -0.00056759850122, 0.00124528387096, -5.75150079385e-05, 0.000451082625659, -0.000552216777578, 0.00181005662307, -0.00711276289076, 0.01778755337]]
    },
    "melbands": {
        "dmean": [0.000645110674668, 0.00104152795393, 0.0010458054021, 0.000743997516111, 0.000206768323551, 0.000149656640133, 8.21999565233e-05, 0.000110507535283, 5.88882612647e-05, 4.48325117759e-05, 3.23625972669e-05, 1.624712786e-05, 2.74808553513e-05, 2.46420077019e-05, 1.20483055071e-05, 1.15269513117e-05, 8.6860909505e-06, 7.18070486982e-06, 9.89706131804e-06, 1.20903923744e-05, 7.41672147342e-06, 6.90053866492e-06, 5.23697872268e-06, 4.71733847007e-06, 2.56859084402e-06, 1.55633551913e-06, 8.6560771706e-07, 4.7966426564e-07, 2.87189749315e-07, 2.94505070997e-07, 2.56946918853e-07, 2.64012953721e-07, 2.18441840616e-07, 2.34455214354e-07, 1.44084921772e-07, 1.69779497128e-07, 3.07687002987e-07, 2.63829946334e-07, 1.75852022721e-07, 2.21895646746e-07],
        "dmean2": [0.00107032770757, 0.00174245017115, 0.00175892875995, 0.00119730178267, 0.000300531188259, 0.000224605726544, 0.00012220905046, 0.000154616951477, 8.26467148727e-05, 6.5262975113e-05, 4.7560006351e-05, 2.3745931685e-05, 3.95488968934e-05, 3.66174936062e-05, 1.76950998139e-05, 1.69268641912e-05, 1.32152899823e-05, 1.0792707144e-05, 1.44459918374e-05, 1.73289990926e-05, 1.09891861939e-05, 9.99574785965e-06, 7.87806311564e-06, 6.97555333318e-06, 3.80300957659e-06, 2.26548036153e-06, 1.32598711389e-06, 7.31690477096e-07, 4.34354177514e-07, 4.4924854592e-07, 3.83163808237e-07, 3.96503651245e-07, 3.36778811061e-07, 3.86000266417e-07, 2.35547574334e-07, 2.78879667803e-07, 5.13158170179e-07, 4.37185008195e-07, 2.85719238491e-07, 3.63824739225e-07],
        "dvar": [1.58051295784e-06, 5.77108994548e-06, 7.34629702492e-06, 4.45406521976e-06, 2.28326229035e-07, 1.87121457884e-07, 5.7987818991e-08, 1.16603068534e-07, 4.41440626275e-08, 2.8639242089e-08, 1.38313476228e-08, 4.12941947303e-09, 8.68408811527e-09, 8.73617267416e-09, 1.90751903162e-09, 1.27427057794e-09, 9.37010913304e-10, 4.05283417937e-10, 1.24245147504e-09, 2.46996467723e-09, 9.43779721041e-10, 6.46294406881e-10, 3.670295734e-10, 3.573438212e-10, 1.32191244062e-10, 7.45733683138e-11, 1.7118263404e-11, 3.51807276887e-12, 1.27508875854e-12, 1.05539643865e-12, 6.97733646034e-13, 7.37101569018e-13, 4.00485119243e-13, 5.4148585572e-13, 2.34738091595e-13, 2.06992788795e-13, 1.12195083952e-12, 7.14143588015e-13, 2.85850851453e-13, 5.69969527305e-13],
        "dvar2": [4.10061284128e-06, 1.55318666657e-05, 1.97087392735e-05, 1.12204288598e-05, 3.98726911044e-07, 3.6830132899e-07, 1.07217481116e-07, 2.21073406692e-07, 7.49853867887e-08, 5.57228290177e-08, 2.8842151778e-08, 8.99715235647e-09, 1.83609785154e-08, 1.84755730714e-08, 3.90649379511e-09, 2.68669708703e-09, 1.99052241356e-09, 8.11781586396e-10, 2.34491159823e-09, 5.01828578692e-09, 1.9553463293e-09, 1.18267273752e-09, 7.87729381724e-10, 7.48545836426e-10, 2.73230049697e-10, 1.44660741719e-10, 3.81806218586e-11, 8.81501902722e-12, 3.0948553182e-12, 2.4273222321e-12, 1.52410636195e-12, 1.62769331433e-12, 8.86119845035e-13, 1.34928147214e-12, 6.12471119828e-13, 5.1218615937e-13, 2.97266898597e-12, 1.83907121303e-12, 6.97048430261e-13, 1.46551932916e-12],
        "max": [0.0249477196485, 0.0498183183372, 0.0585305392742, 0.0602706894279, 0.0162177477032, 0.0120270391926, 0.0118424883112, 0.0111621711403, 0.00955451093614, 0.00775137357414, 0.0042953742668, 0.00295843812637, 0.00308371311985, 0.00252953195013, 0.00188343529589, 0.000848227413371, 0.00082847638987, 0.000522384012584, 0.000928360852413, 0.00201314245351, 0.00104868609924, 0.00139115692582, 0.00056865188526, 0.000529909390025, 0.000385580555303, 0.000386916013667, 0.00016257975949, 6.83905745973e-05, 3.81123682018e-05, 2.81879638351e-05, 2.197165486e-05, 2.08440415008e-05, 1.78041500476e-05, 3.24710817949e-05, 1.98593534151e-05, 1.48420112964e-05, 2.94088749797e-05, 2.65067174041e-05, 2.18984114326e-05, 1.77303281816e-05],
        "mean": [0.00109975913074, 0.00186209916137, 0.00149928685278, 0.00126126478426, 0.00045752938604, 0.000309916940751, 0.000181969022378, 0.000247840158409, 0.000133540015668, 7.84568328527e-05, 6.0251186369e-05, 3.1048872188e-05, 5.06448050146e-05, 5.47625713807e-05, 2.37697640841e-05, 2.20259826165e-05, 1.70706953213e-05, 1.41135342346e-05, 2.26204920182e-05, 2.72356774076e-05, 1.74921096914e-05, 1.86403576663e-05, 1.11550407382e-05, 9.43166651268e-06, 4.97308610647e-06, 3.19444075103e-06, 1.59252374488e-06, 7.46503417304e-07, 4.15609065385e-07, 4.02112135589e-07, 3.34020171522e-07, 3.47261845945e-07, 2.67679837407e-07, 2.3523060122e-07, 1.46839823856e-07, 1.85193400171e-07, 3.11690001809e-07, 2.72919834288e-07, 2.02288617857e-07, 2.2233896857e-07],
        "median": [0.000730649684556, 0.00131069880445, 0.000764143071137, 0.000408476771554, 0.000127376173623, 7.00793243595e-05, 4.12480076193e-05, 3.68881446775e-05, 1.95071042981e-05, 1.16263172458e-05, 9.48999968386e-06, 5.51822904526e-06, 5.10951986143e-06, 3.54663006874e-06, 2.84201132672e-06, 2.89194440484e-06, 2.48424521487e-06, 1.75735067387e-06, 1.26985753468e-06, 1.21195648717e-06, 9.81274979495e-07, 6.97509676684e-07, 4.55176007108e-07, 3.94130154291e-07, 2.51173872812e-07, 1.27887346935e-07, 1.26956052782e-07, 6.18029645238e-08, 3.71344981431e-08, 5.14601303792e-08, 3.0818334551e-08, 2.34873205329e-08, 2.48395348734e-08, 2.0347060925e-08, 1.5314338242e-08, 2.67881858917e-08, 3.72195003706e-08, 3.61652929826e-08, 3.82147113953e-08, 3.11323375968e-08],
        "min": [2.25618044869e-24, 2.06264368078e-24, 4.86874261637e-24, 3.7705989325e-24, 1.16015706515e-23, 2.79916216611e-23, 1.5466899157e-23, 1.55561887451e-23, 1.08882794656e-23, 4.24540800046e-24, 5.63711838161e-24, 2.19887577815e-23, 1.88872438475e-23, 1.6713113216e-23, 1.5037160868e-23, 2.47688787386e-23, 1.99764730088e-23, 1.24834493015e-23, 1.04770470646e-23, 1.24960545099e-23, 5.57445403231e-24, 1.06999862561e-23, 1.02836515028e-23, 1.07683063437e-23, 5.99915307785e-24, 7.03382146342e-24, 1.20274798097e-23, 1.16290253776e-23, 1.16534106459e-23, 9.62820196496e-24, 1.23897073824e-23, 1.51075603929e-23, 9.06559820027e-24, 1.18800409177e-23, 1.07775928143e-23, 1.17144274592e-23, 1.23905727629e-23, 1.16000513054e-23, 7.53162424905e-24, 9.66111560851e-24],
        "var": [2.04183197638e-06, 6.32735964246e-06, 7.19227364243e-06, 7.99483768787e-06, 9.83906943475e-07, 6.41043072847e-07, 2.164326105e-07, 3.92786148495e-07, 1.89646030435e-07, 8.35281284139e-08, 3.55081617442e-08, 9.79520553557e-09, 1.80091799251e-08, 3.20438964252e-08, 6.08297234805e-09, 3.15379500293e-09, 2.79432876837e-09, 1.23500387694e-09, 5.43356648564e-09, 1.04186268501e-08, 4.3481160894e-09, 5.51202283816e-09, 9.72954383727e-10, 8.32952151697e-10, 2.98441660274e-10, 1.81376816344e-10, 3.05826475255e-11, 4.92624777776e-12, 1.6723032464e-12, 1.45095188035e-12, 9.93868941139e-13, 1.0283024432e-12, 5.49307723873e-13, 5.74948725782e-13, 2.37289761408e-13, 2.66521125915e-13, 1.13207739624e-12, 8.25018872663e-13, 3.56524786907e-13, 4.94320025451e-13]
    },
    "mfcc": {
        "mean": [-762.21661377, 167.045806885, 28.134935379, 22.4994182587, 29.8481884003, 3.63993644714, 2.81942462921, 2.78590083122, 1.28049743176, -1.02726244926, -0.196740970016, -0.337578564882, -4.35226106644],
        "cov": [[14276.0283203, -595.276306152, -3019.69335938, -788.825439453, -828.592468262, -996.763000488, -342.69732666, 49.5327606201, -289.145294189, -535.222717285, -39.9453201294, -17.858707428, 162.213943481], [-595.276306152, 1872.86706543, -54.9510154724, -224.232803345, 146.436309814, 14.2060956955, -69.3343505859, -91.0422744751, -20.6654396057, -27.105594635, -47.2324638367, -30.8928661346, -47.247379303], [-3019.69335938, -54.9510154724, 1728.22460938, 216.033309937, 77.4664077759, 269.97277832, 120.650482178, -24.7509746552, 44.7335929871, 162.819091797, 15.2344093323, 51.3005180359, -70.8161087036], [-788.825439453, -224.232803345, 216.033309937, 408.500488281, 116.487014771, 113.212623596, 49.4378204346, 49.6253967285, 54.2647590637, 23.0026683807, 22.2343521118, 5.17492103577, 16.0030574799], [-828.592468262, 146.436309814, 77.4664077759, 116.487014771, 284.759002686, 99.464302063, 34.1319465637, 14.5482215881, 20.7687759399, 39.0017471313, -4.33149337769, 6.93684720993, 11.4268665314], [-996.763000488, 14.2060956955, 269.97277832, 113.212623596, 99.464302063, 264.136779785, 44.9748687744, 14.1211919785, 52.2523612976, 32.9566040039, 12.5227012634, -13.669043541, -20.5770740509], [-342.69732666, -69.3343505859, 120.650482178, 49.4378204346, 34.1319465637, 44.9748687744, 143.813903809, 53.8573722839, 15.0363016129, 46.0670928955, 20.4989681244, 24.7557811737, 5.57104730606], [49.5327606201, -91.0422744751, -24.7509746552, 49.6253967285, 14.5482215881, 14.1211919785, 53.8573722839, 118.218002319, 39.9873390198, -4.90094661713, 21.8961601257, 13.5501747131, 22.7280693054], [-289.145294189, -20.6654396057, 44.7335929871, 54.2647590637, 20.7687759399, 52.2523612976, 15.0363016129, 39.9873390198, 97.2061843872, 42.0311050415, 12.7497415543, 5.73119592667, 1.22917973995], [-535.222717285, -27.105594635, 162.819091797, 23.0026683807, 39.0017471313, 32.9566040039, 46.0670928955, -4.90094661713, 42.0311050415, 140.129974365, 39.6696434021, 14.7434129715, -3.39476490021], [-39.9453201294, -47.2324638367, 15.2344093323, 22.2343521118, -4.33149337769, 12.5227012634, 20.4989681244, 21.8961601257, 12.7497415543, 39.6696434021, 90.4254760742, 40.1611785889, 12.0844602585], [-17.858707428, -30.8928661346, 51.3005180359, 5.17492103577, 6.93684720993, -13.669043541, 24.7557811737, 13.5501747131, 5.73119592667, 14.7434129715, 40.1611785889, 86.546913147, 47.0545425415], [162.213943481, -47.247379303, -70.8161087036, 16.0030574799, 11.4268665314, -20.5770740509, 5.57104730606, 22.7280693054, 1.22917973995, -3.39476490021, 12.0844602585, 47.0545425415, 104.650901794]],
