{
"lowlevel": {
    "average_loudness": 0.929868996143,
    "barkbands_crest": {
        "dmean": 2.21870017052,
        "dmean2": 3.3724424839,
        "dvar": 6.67859649658,
        "dvar2": 14.882060051,
        "max": 26.5767803192,
        "mean": 14.916469574,
        "median": 15.0672388077,
        "min": 2.35787153244,
        "var": 27.1254291534
    },
    "barkbands_flatness_db": {
        "dmean": 0.0292314533144,
        "dmean2": 0.0382605530322,
        "dvar": 0.0013232632773,
        "dvar2": 0.00237908470444,
        "max": 0.67561507225,
        "mean": 0.248323321342,
        "median": 0.24775390327,
        "min": 0.0270677711815,
        "var": 0.00932689197361
    },
    "barkbands_kurtosis": {
        "dmean": 16.8349342346,
        "dmean2": 25.5207176208,
        "dvar": 3844.88745117,
        "dvar2": 9761.54492188,
        "max": 1908.00488281,
        "mean": 36.4361877441,
        "median": 7.69005870819,
        "min": -1.95810246468,
        "var": 15354.2421875
    },
    "barkbands_skewness": {
        "dmean": 0.932184755802,
        "dmean2": 1.32779014111,
        "dvar": 2.05250287056,
        "dvar2": 4.52720069885,
        "max": 32.3134536743,
        "mean": 3.38960671425,
        "median": 2.50803518295,
        "min": -8.49212932587,
        "var": 11.5819072723
    },
    "barkbands_spread": {
        "dmean": 7.35799455643,
        "dmean2": 10.5531730652,
        "dvar": 209.534454346,
        "dvar2": 454.87008667,
        "max": 119.491104126,
        "mean": 15.7111968994,
        "median": 7.62329339981,
        "min": 0.0915828049183,
        "var": 392.716644287
    },
    "dissonance": {
        "dmean": 0.0249261986464,
        "dmean2": 0.0407762490213,
        "dvar": 0.000672205758747,
        "dvar2": 0.00175791850779,
        "max": 0.499999821186,
        "mean": 0.429850012064,
        "median": 0.443275630474,
        "min": 0.0579036027193,
        "var": 0.00363875320181
    },
    "dynamic_complexity": 3.31708836555,
    "erbbands_crest": {
        "dmean": 2.24295711517,
        "dmean2": 3.47973012924,
        "dvar": 5.14731931686,
        "dvar2": 11.4496364594,
        "max": 33.5939979553,
        "mean": 10.602013588,
        "median": 9.16754150391,
        "min": 2.28318858147,
        "var": 33.714263916
    },
    "erbbands_flatness_db": {
        "dmean": 0.0187690146267,
        "dmean2": 0.0259316470474,
        "dvar": 0.00049061892787,
        "dvar2": 0.000907369016204,
        "max": 0.603189408779,
        "mean": 0.203249946237,
        "median": 0.187441512942,
        "min": 0.0561483427882,
        "var": 0.00833862274885
    },
    "erbbands_kurtosis": {
        "dmean": 2.75030231476,
        "dmean2": 4.39081859589,
        "dvar": 154.220169067,
        "dvar2": 390.195831299,
        "max": 581.80871582,
        "mean": 5.94483995438,
        "median": 0.305528759956,
        "min": -1.9433170557,
        "var": 1216.3536377
    },
    "erbbands_skewness": {
        "dmean": 0.492035806179,
        "dmean2": 0.714596509933,
        "dvar": 0.407665461302,
        "dvar2": 0.904690623283,
        "max": 17.9110851288,
        "mean": 0.844336569309,
        "median": 0.708932638168,
        "min": -4.77888345718,
        "var": 2.66523146629
    },
    "erbbands_spread": {
        "dmean": 12.5438146591,
        "dmean2": 17.6068782806,
        "dvar": 325.950500488,
        "dvar2": 670.033874512,
        "max": 189.067855835,
        "mean": 46.2290840149,
        "median": 32.0395050049,
        "min": 0.203683629632,
        "var": 1313.4909668
    },
    "hfc": {
        "dmean": 19.3861694336,
        "dmean2": 29.1551074982,
        "dvar": 2477.50708008,
        "dvar2": 5931.64111328,
        "max": 566.716369629,
        "mean": 29.9847221375,
        "median": 12.2430152893,
        "min": 1.26432412577e-16,
        "var": 3138.06689453
    },
    "melbands_crest": {
        "dmean": 2.49312901497,
        "dmean2": 3.83723568916,
        "dvar": 8.15947914124,
        "dvar2": 18.3944187164,
        "max": 36.7798271179,
        "mean": 20.6842727661,
        "median": 21.077255249,
        "min": 1.76666104794,
        "var": 47.6264877319
    },
    "melbands_flatness_db": {
        "dmean": 0.0329824723303,
        "dmean2": 0.0422660969198,
        "dvar": 0.00174588931259,
        "dvar2": 0.00305376690812,
        "max": 0.763876318932,
        "mean": 0.321412175894,
        "median": 0.319296658039,
        "min": 0.00382869550958,
        "var": 0.0122793670744
    },
    "melbands_kurtosis": {
        "dmean": 25.9379196167,
        "dmean2": 36.520866394,
        "dvar": 4440.08837891,
        "dvar2": 8717.42871094,
        "max": 1781.53076172,
        "mean": 56.0434837341,
        "median": 20.0115852356,
        "min": -1.82284319401,
        "var": 13804.5507812
    },
    "melbands_skewness": {
        "dmean": 1.13496172428,
        "dmean2": 1.60215234756,
        "dvar": 2.75092053413,
        "dvar2": 5.84541940689,
        "max": 31.9854793549,
        "mean": 4.620698452,
        "median": 3.63749885559,
        "min": -0.981410503387,
        "var": 12.5706996918
    },
    "melbands_spread": {
        "dmean": 5.05718564987,
        "dmean2": 7.40957689285,
        "dvar": 110.834571838,
        "dvar2": 242.402435303,
        "max": 192.028686523,
        "mean": 12.1538448334,
        "median": 7.34242200851,
        "min": 0.163016989827,
        "var": 286.950408936
    },
    "pitch_salience": {
        "dmean": 0.0641710460186,
        "dmean2": 0.0996046289802,
        "dvar": 0.00551422778517,
        "dvar2": 0.0123991239816,
        "max": 0.959431111813,
        "mean": 0.410439163446,
        "median": 0.416257321835,
        "min": 0.0141174662858,
        "var": 0.0277575124055
    },
    "silence_rate_20dB": {
        "dmean": 0,
        "dmean2": 0,
        "dvar": 0,
        "dvar2": 0,
        "max": 1,
        "mean": 1,
        "median": 1,
        "min": 1,
        "var": 0
    },
    "silence_rate_30dB": {
        "dmean": 0.0443972572684,
        "dmean2": 0.0888030901551,
        "dvar": 0.0424296855927,
        "dvar2": 0.0832258015871,
        "max": 1,
        "mean": 0.92819917202,
        "median": 1,
        "min": 0,
        "var": 0.0666390955448
    },
    "silence_rate_60dB": {
        "dmean": 0.002702441765,
        "dmean2": 0.00530888047069,
        "dvar": 0.00269545451738,
        "dvar2": 0.00643811235204,
        "max": 1,
        "mean": 0.0515344515443,
        "median": 0,
        "min": 0,
        "var": 0.0488782264292
    },
    "spectral_centroid": {
        "dmean": 250.164779663,
        "dmean2": 358.125762939,
        "dvar": 208242.25,
        "dvar2": 426625.46875,
        "max": 10768.9980469,
        "mean": 912.969482422,
        "median": 645.749267578,
        "min": 93.0177764893,
        "var": 568071.8125
    },
    "spectral_complexity": {
        "dmean": 2.7190425396,
        "dmean2": 3.99459457397,
        "dvar": 20.9911594391,
        "dvar2": 30.703622818,
        "max": 69,
        "mean": 13.0572280884,
        "median": 11,
        "min": 0,
        "var": 98.6741943359
    },
    "spectral_decrease": {
        "dmean": 3.00464741976e-09,
        "dmean2": 4.43841230435e-09,
        "dvar": 5.16918201151e-17,
        "dvar2": 9.91463446766e-17,
        "max": 3.43832140282e-16,
        "mean": -1.37049918081e-08,
        "median": -1.37446241055e-08,
        "min": -8.66390266197e-08,
        "var": 1.20055577973e-16
    },
    "spectral_energy": {
        "dmean": 0.0126739703119,
        "dmean2": 0.0187922324985,
        "dvar": 0.000826303963549,
        "dvar2": 0.00160785811022,
        "max": 0.332886666059,
        "mean": 0.0544454976916,
        "median": 0.0536932051182,
        "min": 1.11519940885e-20,
        "var": 0.00189783936366
    },
    "spectral_energyband_high": {
        "dmean": 0.0020251008682,
        "dmean2": 0.00309580331668,
        "dvar": 2.94867186312e-05,
        "dvar2": 7.23223856767e-05,
        "max": 0.0546811893582,
        "mean": 0.00242266175337,
        "median": 5.31281693839e-05,
        "min": 8.06998778856e-21,
        "var": 3.58243887604e-05
    },
    "spectral_energyband_low": {
        "dmean": 0.00773742096499,
        "dmean2": 0.0105469059199,
        "dvar": 0.000536286504939,
        "dvar2": 0.000994711997919,
        "max": 0.303951025009,
        "mean": 0.0350920185447,
        "median": 0.0382686629891,
        "min": 6.3584303108e-23,
        "var": 0.00138462788891
    },
    "spectral_energyband_middle_high": {
        "dmean": 0.0013345082989,
        "dmean2": 0.00191389454994,
        "dvar": 2.99682760669e-05,
        "dvar2": 5.40926230315e-05,
        "max": 0.0835965201259,
        "mean": 0.00282347179018,
        "median": 0.00127252540551,
        "min": 1.52692381296e-21,
        "var": 5.40467335668e-05
    },
    "spectral_energyband_middle_low": {
        "dmean": 0.0056925015524,
        "dmean2": 0.00921198446304,
        "dvar": 0.000140334581374,
        "dvar2": 0.00036793135223,
        "max": 0.13390532136,
        "mean": 0.0153077403083,
        "median": 0.0112740639597,
        "min": 3.77805505645e-22,
        "var": 0.000235843559494
    },
    "spectral_entropy": {
        "dmean": 0.245279476047,
        "dmean2": 0.326533138752,
        "dvar": 0.103363238275,
        "dvar2": 0.186086788774,
        "max": 9.77950382233,
        "mean": 7.06617832184,
        "median": 6.99751567841,
        "min": 2.73567509651,
        "var": 0.980852067471
    },
    "spectral_flux": {
        "dmean": 0.0289868302643,
        "dmean2": 0.0447146371007,
        "dvar": 0.00239435723051,
        "dvar2": 0.00537783652544,
        "max": 0.492014616728,
        "mean": 0.0743536353111,
        "median": 0.0538149401546,
        "min": 1.05603005507e-10,
        "var": 0.00471301563084
    },
    "spectral_kurtosis": {
        "dmean": 5.14000368118,
        "dmean2": 8.58544921875,
        "dvar": 60.2019309998,
        "dvar2": 173.202041626,
        "max": 122.347442627,
        "mean": 10.6526498795,
        "median": 5.43957471848,
        "min": -1.23510992527,
        "var": 214.84336853
    },
    "spectral_rms": {
        "dmean": 0.00073174003046,
        "dmean2": 0.00106612453237,
        "dvar": 1.64575874351e-06,
        "dvar2": 3.09604320137e-06,
        "max": 0.018021306023,
        "mean": 0.00668957643211,
        "median": 0.00723765231669,
        "min": 3.29848366502e-12,
        "var": 8.36745948618e-06
    },
    "spectral_rolloff": {
        "dmean": 562.095275879,
        "dmean2": 981.960021973,
        "dvar": 2457644,
        "dvar2": 5707081,
        "max": 19767.4804688,
        "mean": 995.803527832,
        "median": 430.6640625,
        "min": 43.06640625,
        "var": 3738684.25
    },
    "spectral_skewness": {
        "dmean": 0.503451943398,
        "dmean2": 0.774391889572,
        "dvar": 0.305609762669,
        "dvar2": 0.808018624783,
        "max": 9.67311668396,
        "mean": 2.04790282249,
        "median": 1.91746544838,
        "min": -0.0632050409913,
        "var": 1.80148470402
    },
    "spectral_spread": {
        "dmean": 916305.25,
        "dmean2": 1217156,
        "dvar": 2.12976939827e+12,
        "dvar2": 3.55985470259e+12,
        "max": 41812996,
        "mean": 4866923,
        "median": 3947977.5,
        "min": 668214.375,
        "var": 9.89491573555e+12
    },
    "spectral_strongpeak": {
        "dmean": 0.20443302393,
        "dmean2": 0.341233432293,
        "dvar": 0.204238608479,
        "dvar2": 0.477007269859,
        "max": 17.402545929,
        "mean": 0.674616515636,
        "median": 0.507198870182,
        "min": 0,
        "var": 0.488838613033
    },
    "zerocrossingrate": {
        "dmean": 0.0123084951192,
        "dmean2": 0.0137137277052,
        "dvar": 0.000341665378073,
        "dvar2": 0.000414557754993,
        "max": 0.8251953125,
        "mean": 0.0426844619215,
        "median": 0.02783203125,
        "min": 0.001953125,
        "var": 0.00271460739896
    },
    "barkbands": {
        "dmean": [0.000252185884165, 0.00732737127692, 0.00180755811743, 0.000670756970067, 0.00334240496159, 0.00178406923078, 0.00118465011474, 0.000497893313877, 0.00047393006389, 0.000297865772154, 0.000118143492728, 0.000202840063139, 0.000168723287061, 0.000118059339002, 0.000179530194146, 0.000204268551897, 0.000169861028553, 0.000168349768501, 0.000159153220011, 0.000181530180271, 0.000181587427505, 0.000399661657866, 0.000640343292616, 0.000332950992743, 0.000289367686491, 0.000153103057528, 2.36205687543e-06],
        "dmean2": [0.000374899827875, 0.00978216901422, 0.00298092165031, 0.00110967212822, 0.00539549998939, 0.00298110768199, 0.00191151548643, 0.000764932716265, 0.000641144055407, 0.000436227855971, 0.000180420596735, 0.000290406635031, 0.000256054743659, 0.000170446030097, 0.000284294394078, 0.000309983850457, 0.00024677903275, 0.000261435779976, 0.000245222327067, 0.000274860212812, 0.000268376548775, 0.000626584514976, 0.00102340709418, 0.000535024621058, 0.00048320449423, 0.000245474861003, 3.61027014151e-06],
        "dvar": [2.50875132224e-07, 0.000490761594847, 4.60518858745e-05, 3.44030900123e-06, 4.76785571664e-05, 3.72761096514e-05, 2.76170999314e-06, 9.50536616529e-07, 6.88596628606e-07, 3.57158370434e-07, 2.20459568823e-07, 2.91355775062e-07, 4.11594186289e-07, 2.39935275204e-07, 5.93666300119e-07, 8.57617919792e-07, 5.44508679923e-07, 7.8940666981e-07, 8.02919885246e-07, 1.16035982956e-06, 7.71499856e-07, 1.31678336857e-06, 2.71684257314e-06, 8.02767260666e-07, 7.78866478868e-07, 2.12345767636e-07, 3.834252707e-11],
        "dvar2": [5.43266935438e-07, 0.00093628524337, 0.000128651314299, 9.2378413683e-06, 0.000117277682875, 0.000105044164229, 7.05857382854e-06, 2.13077782973e-06, 1.10502912776e-06, 7.58576447879e-07, 5.30543161403e-07, 5.48477373741e-07, 8.74407817264e-07, 4.70011485731e-07, 1.48505716879e-06, 1.94207950699e-06, 9.51101412738e-07, 2.00262320504e-06, 1.95193229047e-06, 2.88855653707e-06, 1.74023398358e-06, 3.19359469358e-06, 6.77356320011e-06, 2.03875151783e-06, 2.04230741474e-06, 5.11339123932e-07, 8.93118773382e-11],
        "max": [0.00680665625259, 0.270965278149, 0.0990086421371, 0.046012211591, 0.095978051424, 0.102049671113, 0.0225432254374, 0.0179601944983, 0.0242885015905, 0.0118342386559, 0.0108130928129, 0.0151866804808, 0.0108948694542, 0.0103267943487, 0.0109775457531, 0.0139464940876, 0.011622145772, 0.0127219427377, 0.0119617898017, 0.0163651928306, 0.0138213299215, 0.015298540704, 0.0173923261464, 0.00931409280747, 0.00874886102974, 0.00425958819687, 6.28536363365e-05],
        "mean": [0.00252720201388, 0.0268980115652, 0.00450667319819, 0.00179742556065, 0.00631136400625, 0.0026462955866, 0.00228018290363, 0.000911303272005, 0.00130734930281, 0.000667603046168, 0.000158936571097, 0.000332620547852, 0.000257645035163, 0.000163686170708, 0.000258498388575, 0.000280235399259, 0.000239533939748, 0.000210245154449, 0.000181105147931, 0.000195415457711, 0.000227968659601, 0.000497779576108, 0.000846620008815, 0.000390713801607, 0.000229489640333, 0.000119417098176, 2.1306502731e-06],
        "median": [0.00330712110735, 0.0240403153002, 0.00167726865038, 0.000299634441035, 0.00226828828454, 0.000787505006883, 0.00138526840601, 0.000410687411204, 0.000459525035694, 0.000269119394943, 2.84040106635e-05, 7.06186838215e-05, 6.85918275849e-05, 3.47155109921e-05, 8.02229187684e-05, 7.79652327765e-05, 5.00623027619e-05, 4.9833819503e-05, 1.62793730851e-05, 1.05755534605e-05, 1.00128709164e-05, 1.08696021925e-05, 9.78642128757e-06, 6.53235383652e-06, 1.69819270468e-06, 1.15984875038e-07, 3.91209109551e-09],
        "min": [4.28606242053e-23, 3.92492379139e-23, 6.88542647195e-24, 9.27281302741e-24, 4.31348070124e-23, 6.69598894086e-23, 4.69213393575e-23, 6.17567837588e-23, 1.24440914532e-22, 4.45802242273e-23, 7.99664954852e-23, 3.09700985374e-23, 5.7827404481e-23, 1.99607393358e-22, 6.76500795918e-23, 1.07808533341e-22, 1.94589707886e-22, 2.57318728001e-22, 3.31740017261e-22, 2.87195780868e-22, 3.22561690048e-22, 3.85599299927e-22, 8.65040180474e-22, 9.270744855e-22, 1.29037015066e-21, 1.68977883307e-21, 2.5705526108e-21],
        "var": [4.84481461172e-06, 0.00102074746974, 5.98578917561e-05, 1.91421277123e-05, 0.000103285165096, 3.20460785588e-05, 7.07030676494e-06, 2.24266477744e-06, 5.46988076167e-06, 1.17866295568e-06, 2.78361511619e-07, 6.67981794322e-07, 6.10019810665e-07, 3.66430782606e-07, 7.47406204482e-07, 1.04906632714e-06, 8.78952107541e-07, 8.01766191216e-07, 8.50527783314e-07, 1.12468683255e-06, 9.29735392674e-07, 1.70300575064e-06, 3.88739681512e-06, 8.73941246482e-07, 5.91382786297e-07, 1.82941747084e-07, 4.07283963499e-11]
    },
    "erbbands": {
        "dmean": [0.203275263309, 1.74169194698, 2.49649357796, 1.84920012951, 6.45378875732, 12.8326339722, 13.9380321503, 16.3061618805, 19.0708026886, 10.8576755524, 10.334687233, 11.4607591629, 7.20247507095, 8.08882427216, 6.49947500229, 6.70162916183, 7.35939598083, 5.27918052673, 8.85426425934, 9.20930290222, 11.0248155594, 9.14271259308, 8.74371242523, 8.95391941071, 7.88432455063, 8.29071521759, 8.11322021484, 7.17357540131, 11.5798015594, 20.4053497314, 17.6079406738, 9.21373176575, 4.73100137711, 3.08027362823, 2.10205721855, 1.16656684875, 0.19016905129, 0.0120734088123, 0.000593550677877, 4.61998824903e-05],
        "dmean2": [0.293251425028, 2.31621289253, 3.80502867699, 2.94100546837, 10.5623760223, 20.7816753387, 23.8134384155, 27.273109436, 31.9317359924, 16.3380088806, 15.6461334229, 15.2436628342, 10.8995571136, 11.8555374146, 9.28806209564, 9.34474372864, 11.0523357391, 7.01935005188, 13.0833406448, 14.4242153168, 16.6862888336, 13.0371923447, 13.0160064697, 13.9544963837, 12.1567430496, 12.4255504608, 12.0507659912, 10.6850719452, 18.2137298584, 31.8475322723, 28.4299259186, 14.7731075287, 7.65134382248, 5.12387418747, 3.51862215996, 1.88203394413, 0.302860796452, 0.0192097146064, 0.000938789104111, 7.06091304892e-05],
        "dvar": [0.286131531, 32.6236534119, 79.0424880981, 36.2309341431, 143.064651489, 882.027099609, 1936.61523438, 2620.66357422, 837.788818359, 370.776031494, 384.114654541, 453.862670898, 182.167327881, 335.83001709, 359.428588867, 412.610137939, 694.683166504, 458.646514893, 1430.96838379, 1635.83569336, 2225.80981445, 1437.76538086, 2097.87963867, 2653.69848633, 2193.04443359, 2239.21264648, 1895.18713379, 887.722595215, 1410.14440918, 2892.7668457, 2083.64916992, 582.885192871, 169.229644775, 82.6492614746, 43.0757102966, 12.653470993, 0.323433816433, 0.00121075997595, 2.56443695434e-06, 1.08893729589e-08],
        "dvar2": [0.755588412285, 58.4216766357, 198.291900635, 93.5158920288, 341.351104736, 2206.9921875, 5313.84912109, 7559.22070312, 2332.31933594, 786.413879395, 869.858703613, 683.459106445, 450.178710938, 677.85144043, 715.849365234, 769.332214355, 1397.64953613, 814.37878418, 3207.80859375, 3365.0769043, 4647.71923828, 2535.02905273, 5103.67333984, 6899.64550781, 5413.89746094, 5388.95458984, 4509.45458984, 1874.65100098, 3613.7277832, 6994.87402344, 5325.44580078, 1488.2487793, 425.119689941, 214.857192993, 112.87713623, 30.983663559, 0.78163164854, 0.00293325888924, 6.23972027824e-06, 2.56442902469e-08],
        "max": [6.96639204025, 65.6168136597, 141.275482178, 139.177093506, 179.177658081, 421.663818359, 772.006652832, 805.898986816, 342.746246338, 396.598266602, 376.204711914, 678.098510742, 334.55178833, 392.844726562, 439.347564697, 374.32409668, 458.102630615, 411.85848999, 604.429992676, 644.033081055, 639.92388916, 574.327331543, 757.498168945, 832.672424316, 628.811279297, 654.492980957, 652.097290039, 480.123352051, 631.888977051, 486.764190674, 481.475158691, 260.050170898, 125.70401001, 85.7833557129, 65.1642532349, 33.8768806458, 5.53678560257, 0.324291437864, 0.0142782879993, 0.0010617406806],
        "mean": [1.11100029945, 4.50411224365, 6.37847137451, 6.18271255493, 12.312163353, 23.2377414703, 17.5702610016, 25.537902832, 35.9567756653, 23.2170066833, 22.5048351288, 33.2173042297, 16.9187068939, 17.1580047607, 11.3685283661, 10.9927654266, 12.2558555603, 7.63031244278, 12.9436397552, 13.7764234543, 15.7079401016, 13.6490240097, 11.2944946289, 10.3133945465, 8.73231697083, 9.44105911255, 9.28535842896, 9.70181941986, 15.5750417709, 24.1811027527, 23.0429191589, 12.2112340927, 4.98758983612, 2.59441184998, 1.6079865694, 0.898868262768, 0.148702576756, 0.00967168994248, 0.000527659663931, 9.13020485314e-05],
        "median": [1.02799391747, 3.29635095596, 2.85865306854, 1.36125802994, 4.59975814819, 6.62092065811, 7.00876617432, 8.08307552338, 23.6287498474, 11.9152526855, 12.1593084335, 11.3391990662, 9.3095035553, 6.6145529747, 2.89821887016, 3.13860416412, 3.56154131889, 2.00939846039, 3.62784433365, 3.72048354149, 4.43681621552, 3.21676254272, 2.74747037888, 1.81127357483, 0.690273046494, 0.595590651035, 0.380986839533, 0.336564034224, 0.354089021683, 0.385116994381, 0.273226976395, 0.184284895658, 0.0791700854897, 0.0287245810032, 0.00739642465487, 0.00119455414824, 0.000143247889355, 1.35852824314e-05, 2.91649994324e-05, 6.26445616945e-05],
        "min": [4.88454291655e-22, 1.07273717455e-20, 1.48259652467e-20, 1.75514058117e-20, 4.55063138862e-20, 1.28838227167e-19, 5.59585771537e-19, 4.6196460398e-19, 7.9765176395e-19, 5.9184824527e-19, 1.87148021267e-18, 2.80854722011e-18, 1.95776321557e-18, 1.87919656702e-18, 2.970281089e-18, 1.34904389793e-18, 2.86397969489e-18, 5.26824797408e-18, 9.84782507482e-18, 3.6926297938e-18, 5.69604097148e-18, 1.16041636074e-17, 1.52186343459e-17, 1.49037415759e-17, 1.6104036893e-17, 1.46039398891e-17, 1.29747125469e-17, 1.18184463994e-17, 1.31430214677e-17, 2.34370542347e-17, 2.52969781138e-17, 1.89911553112e-17, 1.56283948059e-17, 1.32146453825e-17, 1.07423994006e-17, 6.71570196308e-18, 3.17871468013e-18, 1.34915753187e-18, 3.51916727931e-19, 3.78455874382e-20],
        "var": [1.02834713459, 55.752243042, 104.357902527, 267.459838867, 368.536651611, 1732.70568848, 1536.39550781, 2472.55249023, 1650.78747559, 1076.62731934, 968.79510498, 3944.85864258, 513.819213867, 1007.95910645, 705.409484863, 745.371520996, 1162.43383789, 772.814147949, 1991.13525391, 2322.71850586, 3095.92822266, 2453.34326172, 2266.73876953, 2403.00244141, 2225.37866211, 2374.65966797, 2037.13452148, 1243.75354004, 1838.70617676, 3456.68798828, 2946.38085938, 805.89855957, 162.09034729, 64.9967422485, 32.4224052429, 10.6072769165, 0.279624134302, 0.00105912191793, 2.40992335421e-06, 1.38227171931e-08]
    },
    "gfcc": {
        "mean": [-57.940574646, 124.250541687, -103.715103149, 32.1662330627, -63.8779754639, 9.87561035156, -36.8468742371, 4.82168388367, 0.238205894828, -6.68078660965, -3.91169810295, -1.5320224762, -2.83926272392],
        "cov": [[21505.1835938, -1995.51293945, 1642.2746582, 3381.40112305, -48.2176170349, 3001.20849609, 235.86958313, 1162.28820801, -390.897033691, 126.929954529, -971.04498291, 412.298095703, -257.617828369], [-1995.51293945, 3979.17333984, -1544.06616211, -1167.75952148, 771.326171875, -1271.2355957, 179.709899902, -488.111907959, 69.9197616577, -831.405944824, 171.47833252, -519.69354248, 210.256256104], [1642.2746582, -1544.06616211, 2189.63574219, 1159.04956055, 147.503494263, 1218.80834961, 111.85735321, 539.754394531, 178.364715576, 477.137390137, -46.4691162109, 265.132507324, -84.1504974365], [3381.40112305, -1167.75952148, 1159.04956055, 1503.41235352, 81.0870056152, 1140.68334961, 170.539047241, 379.105041504, 104.318069458, 229.347702026, -71.1410369873, 94.1539916992, -18.6110572815], [-48.2176170349, 771.326171875, 147.503494263, 81.0870056152, 646.56817627, 115.29372406, 216.784286499, 83.1928939819, 131.272491455, -62.7483482361, 90.7654571533, -51.2988319397, 55.8422393799], [3001.20849609, -1271.2355957, 1218.80834961, 1140.68334961, 115.29372406, 1390.54333496, 230.595123291, 559.020141602, 226.332397461, 343.395721436, -18.4117145538, 188.346786499, -11.5716733932], [235.86958313, 179.709899902, 111.85735321, 170.539047241, 216.784286499, 230.595123291, 247.92980957, 173.82875061, 140.50793457, 25.4352989197, 50.4573745728, -7.12010860443, 40.3832702637], [1162.28820801, -488.111907959, 539.754394531, 379.105041504, 83.1928939819, 559.020141602, 173.82875061, 427.984649658, 200.433853149, 216.696777344, 33.8411712646, 132.876861572, 2.93825793266], [-390.897033691, 69.9197616577, 178.364715576, 104.318069458, 131.272491455, 226.332397461, 140.50793457, 200.433853149, 272.869354248, 117.703697205, 127.363586426, 11.0615081787, 47.9972610474], [126.929954529, -831.405944824, 477.137390137, 229.347702026, -62.7483482361, 343.395721436, 25.4352989197, 216.696777344, 117.703697205, 368.517974854, 83.9125442505, 182.09034729, -22.6750030518], [-971.04498291, 171.47833252, -46.4691162109, -71.1410369873, 90.7654571533, -18.4117145538, 50.4573745728, 33.8411712646, 127.363586426, 83.9125442505, 231.067077637, 60.560333252, 69.672492981], [412.298095703, -519.69354248, 265.132507324, 94.1539916992, -51.2988319397, 188.346786499, -7.12010860443, 132.876861572, 11.0615081787, 182.09034729, 60.560333252, 226.013565063, 2.26184439659], [-257.617828369, 210.256256104, -84.1504974365, -18.6110572815, 55.8422393799, -11.5716733932, 40.3832702637, 2.93825793266, 47.9972610474, -22.6750030518, 69.672492981, 2.26184439659, 97.3671264648]],
        "icov": [[0.000312140589813, -0.000648917397484, 0.000506864802446, -0.000782456074376, 0.000212672006455, -0.000683779013343, 0.000665346102323, -0.000809544930235, 0.000900760176592, -0.000663477811031, 0.0013679144904, -0.00109633721877, 0.000508992292453], [-0.000648917397484, 0.00289804418571, -0.00102825544309, 0.00200098240748, -0.00169140845537, 0.00214804359712, -0.00162231503054, 0.00135330390185, -0.00261456728913, 0.00383538729511, -0.00372215500101, 0.00325329951011, -0.00185394228902], [0.000506864802446, -0.00102825544309, 0.00208961451426, -0.00173660356086, -0.000259249383816, -0.00149432232138, 0.00195293291472, -0.00165707501583, 0.00122322805692, -0.00179784873035, 0.00271832756698, -0.00214774860069, 0.0013297337573], [-0.000782456074376, 0.00200098240748, -0.00173660356086, 0.0041924151592, -0.000613780226558, 0.000166282537975, -0.0022645147983, 0.00240802811459, -0.00154141534586, 0.0022378754802, -0.00383590557612, 0.00387363438495, -0.00191655266099], [0.000212672006455, -0.00169140845537, -0.000259249383816, -0.000613780226558, 0.00385253992863, -0.00104127358645, -0.00179772858974, 0.000224932518904, 0.00107048347127, -0.00130483345129, 0.000584438152146, -0.0013324249303, 0.00106051063631], [-0.000683779013343, 0.00214804359712, -0.00149432232138, 0.000166282537975, -0.00104127358645, 0.00541267450899, -0.00191336940043, -0.000380925193895, -0.00284201465547, 0.00233207480051, -0.00274024624377, 0.00229956489056, -0.00181037653238], [0.000665346102323, -0.00162231503054, 0.00195293291472, -0.0022645147983, -0.00179772858974, -0.00191336940043, 0.0114735467359, -0.00539517449215, 0.00077886483632, -0.00149312266149, 0.00300178513862, -0.00121008837596, -0.000125106264022], [-0.000809544930235, 0.00135330390185, -0.00165707501583, 0.00240802811459, 0.000224932518904, -0.000380925193895, -0.00539517449215, 0.0123240780085, -0.00745932478458, 0.000804616545793, -0.000447739817901, -0.00167968275491, -0.00012078598229], [0.000900760176592, -0.00261456728913, 0.00122322805692, -0.00154141534586, 0.00107048347127, -0.00284201465547, 0.00077886483632, -0.00745932478458, 0.0152632659301, -0.00560387549922, -0.00122312305029, 0.00267170881853, -0.000273805606412], [-0.000663477811031, 0.00383538729511, -0.00179784873035, 0.0022378754802, -0.00130483345129, 0.00233207480051, -0.00149312266149, 0.000804616545793, -0.00560387549922, 0.0131107578054, -0.00625392096117, -0.000173870619619, 0.00075160904089], [0.0013679144904, -0.00372215500101, 0.00271832756698, -0.00383590557612, 0.000584438152146, -0.00274024624377, 0.00300178513862, -0.000447739817901, -0.00122312305029, -0.00625392096117, 0.0169737301767, -0.00930656306446, -0.00140233384445], [-0.00109633721877, 0.00325329951011, -0.00214774860069, 0.00387363438495, -0.0013324249303, 0.00229956489056, -0.00121008837596, -0.00167968275491, 0.00267170881853, -0.000173870619619, -0.00930656306446, 0.016089791432, -0.00452354503796], [0.000508992292453, -0.00185394228902, 0.0013297337573, -0.00191655266099, 0.00106051063631, -0.00181037653238, -0.000125106264022, -0.00012078598229, -0.000273805606412, 0.00075160904089, -0.00140233384445, -0.00452354503796, 0.0170541554689]]
    },
    "melbands": {
        "dmean": [0.00194318545982, 0.00154036039021, 0.00039447954623, 0.000745967088733, 0.000495468906593, 0.000351488823071, 0.000275748578133, 0.000116054965474, 8.28478587209e-05, 6.59987781546e-05, 3.79952034564e-05, 3.67764441762e-05, 1.92959487322e-05, 2.49621843977e-05, 1.68841779669e-05, 1.43842316902e-05, 9.57031170401e-06, 1.43706101881e-05, 1.41262216857e-05, 1.32049945023e-05, 1.32738696266e-05, 1.04328501038e-05, 7.66023731558e-06, 8.21253797767e-06, 7.32100124878e-06, 6.20000037088e-06, 5.62458626518e-06, 5.45069769942e-06, 5.18836213814e-06, 4.44312672698e-06, 4.02757950724e-06, 6.714445135e-06, 8.29551208881e-06, 1.25530168589e-05, 1.09592056106e-05, 8.87307669473e-06, 4.39806126451e-06, 3.43278611581e-06, 2.58097543337e-06, 2.6059992706e-06],
        "dmean2": [0.00263633066788, 0.00216895225458, 0.000646253989544, 0.0011684250785, 0.000852019351441, 0.000589506758843, 0.000455550703919, 0.000173835156602, 0.0001218697289, 8.84923356352e-05, 5.76028432988e-05, 5.38837775821e-05, 2.86122085527e-05, 3.53214054485e-05, 2.37235108216e-05, 2.17225224333e-05, 1.2977689039e-05, 2.10946182051e-05, 2.31191152125e-05, 1.98805901164e-05, 2.02276605705e-05, 1.53764212882e-05, 1.17213703561e-05, 1.30066091515e-05, 1.16103910841e-05, 9.54361439653e-06, 8.79926119524e-06, 8.17537420517e-06, 7.7710737969e-06, 6.85794066158e-06, 5.95990695729e-06, 1.08913936856e-05, 1.29174413814e-05, 1.98927555175e-05, 1.79192429641e-05, 1.43518200275e-05, 7.1084150477e-06, 5.62086461287e-06, 4.12843837694e-06, 4.4085263653e-06],
        "dvar": [3.03371161863e-05, 2.84014731733e-05, 1.04765172182e-06, 2.26350312005e-06, 2.22627795665e-06, 1.25371286686e-06, 1.64653343404e-07, 3.99141661944e-08, 2.05139922826e-08, 1.37852413928e-08, 5.14715647881e-09, 6.44056319388e-09, 4.2279997281e-09, 4.39632907856e-09, 2.72297850934e-09, 3.52265305814e-09, 1.52204193693e-09, 3.70208530498e-09, 4.19015577791e-09, 3.70650710124e-09, 3.32371419276e-09, 1.8750263564e-09, 1.29357369261e-09, 1.91435822749e-09, 1.8518919731e-09, 1.30185551228e-09, 1.25994703559e-09, 9.04865793405e-10, 8.04337596527e-10, 5.04002894974e-10, 2.37277614223e-10, 5.26592713879e-10, 4.95442409321e-10, 1.05687303353e-09, 8.21044010557e-10, 5.42246025859e-10, 1.24081814268e-10, 8.75766126285e-11, 5.04237381016e-11, 6.28078977716e-11],
        "dvar2": [6.51988884783e-05, 5.62910936424e-05, 2.84187808575e-06, 4.98880535815e-06, 6.17241357759e-06, 3.59949376616e-06, 4.49075201914e-07, 8.61243520944e-08, 4.4714123959e-08, 2.13541877514e-08, 1.27312658194e-08, 1.29038584262e-08, 9.44378975021e-09, 8.30438295907e-09, 4.48981252177e-09, 7.61757679157e-09, 2.66678634731e-09, 8.11819855784e-09, 1.03694572928e-08, 8.01030797248e-09, 7.00419588995e-09, 3.33483129999e-09, 2.79569545292e-09, 4.98793051307e-09, 4.87563545093e-09, 3.12839532057e-09, 3.24844640076e-09, 2.12440309788e-09, 1.94744331772e-09, 1.17770548869e-09, 4.6817022481e-10, 1.42081246768e-09, 1.14418408081e-09, 2.56194843118e-09, 2.11242023873e-09, 1.39233635732e-09, 3.1153604696e-10, 2.21521634369e-10, 1.2432520291e-10, 1.65737160107e-10],
        "max": [0.0728441774845, 0.0802043452859, 0.0213029533625, 0.0270860847086, 0.022681536153, 0.0178888011724, 0.00479892082512, 0.00354684493504, 0.00251474208198, 0.00364778167568, 0.00178970361594, 0.00176025903784, 0.0015352810733, 0.00204728310928, 0.00104096136056, 0.0011254780693, 0.000708433042746, 0.00117554527242, 0.000901937426534, 0.00104477151763, 0.000790182617493, 0.000667499378324, 0.000532676465809, 0.000667540705763, 0.000705820624717, 0.000525833922438, 0.0005554271047, 0.000415392336436, 0.000432057218859, 0.000369626446627, 0.000215216961806, 0.000403186830226, 0.000284755602479, 0.000305561552523, 0.000310502771754, 0.000248846714385, 0.000115502611152, 8.87671703822e-05, 6.91250825184e-05, 7.36081201467e-05],
        "mean": [0.00832988228649, 0.0043492638506, 0.00110162817873, 0.00149061775301, 0.000655787822325, 0.00054395548068, 0.000540564476978, 0.00024639008916, 0.000199704649276, 0.00018544861814, 8.37679617689e-05, 7.82360948506e-05, 3.04435270664e-05, 4.17570008722e-05, 2.76390892395e-05, 2.10315738514e-05, 1.3296457837e-05, 2.00811282411e-05, 1.92924671865e-05, 1.84681139217e-05, 1.80036076927e-05, 1.48475446622e-05, 1.07489340735e-05, 9.68196218309e-06, 8.19942579255e-06, 6.93398305884e-06, 5.85295492783e-06, 6.29958503851e-06, 5.72481076233e-06, 5.44308795725e-06, 5.52179699298e-06, 8.42910412757e-06, 1.06623629108e-05, 1.4530084627e-05, 1.33948396979e-05, 1.23238460219e-05, 5.5295004131e-06, 3.60239164365e-06, 2.45254886977e-06, 2.07447124012e-06],
        "median": [0.0073210936971, 0.00241714855656, 0.000355881464202, 0.000401366269216, 0.000267928873654, 0.000177353504114, 0.000366790161934, 0.000125701364595, 0.000101577024907, 6.41797596472e-05, 4.24239478889e-05, 2.92365912173e-05, 7.39491042623e-06, 7.657588867e-06, 8.28721658763e-06, 5.74140449316e-06, 2.93364701065e-06, 5.25830637343e-06, 5.33461434316e-06, 5.0733651733e-06, 4.42021701019e-06, 2.96166854241e-06, 2.48920127888e-06, 2.29285615205e-06, 1.24356893139e-06, 5.02483715081e-07, 3.72980309749e-07, 3.52636277512e-07, 2.08803783153e-07, 1.93617267996e-07, 1.77615675057e-07, 1.70841275349e-07, 2.16504787431e-07, 1.93933544779e-07, 1.63265610809e-07, 1.43300212585e-07, 1.00294656136e-07, 5.91696007746e-08, 3.45393473822e-08, 2.02915693137e-08],
        "min": [1.00064071265e-23, 1.14170513526e-23, 4.13968328422e-24, 4.63498340863e-24, 1.70807192424e-23, 1.05760072985e-23, 1.18455448191e-23, 6.71109767823e-24, 1.7439936522e-23, 1.78711121155e-23, 9.41393629905e-24, 6.4406655103e-24, 1.15854818334e-23, 3.90983485442e-24, 4.48760447001e-24, 5.87853624544e-24, 1.09397518508e-23, 2.00947611238e-23, 3.50472559174e-24, 7.18428721476e-24, 5.82621267932e-24, 1.26067861263e-23, 1.22531602929e-23, 1.24758928029e-23, 1.20911203744e-23, 1.22181719452e-23, 1.10607457587e-23, 9.01084967573e-24, 7.16242866794e-24, 1.02855944672e-23, 5.27147267457e-24, 6.604266979e-24, 8.87565469379e-24, 1.46162735983e-23, 1.62711144508e-23, 1.02602436331e-23, 1.14014287513e-23, 9.546737877e-24, 1.13620030609e-23, 1.07041545971e-23],
        "var": [7.28881714167e-05, 4.9299269449e-05, 5.23282596987e-06, 7.14863426765e-06, 1.73561727479e-06, 1.14473084523e-06, 3.55199773594e-07, 1.14680887009e-07, 7.29536679955e-08, 1.16430221908e-07, 1.4456972508e-08, 2.02139602834e-08, 6.34340002748e-09, 1.12057092494e-08, 5.25277554786e-09, 4.8314836576e-09, 2.56049625946e-09, 5.02660491009e-09, 5.12704634303e-09, 4.5620085487e-09, 4.51089343656e-09, 3.07113845466e-09, 1.85262349905e-09, 1.71138114791e-09, 1.61757429673e-09, 1.36967448494e-09, 1.1310474779e-09, 1.0119391991e-09, 8.33869528982e-10, 5.76403813568e-10, 3.69013652968e-10, 6.0165955551e-10, 7.04877156643e-10, 1.23473986591e-09, 9.94194393478e-10, 9.02015129256e-10, 1.61209989802e-10, 8.35984753644e-11, 4.59357794858e-11, 4.70502074801e-11]
    },
    "mfcc": {
        "mean": [-693.54083252, 141.043045044, 21.0010910034, 19.2707233429, 6.68693971634, 2.60233044624, -16.6793193817, 10.3325300217, -1.29778897762, 5.27952623367, 1.39255309105, 2.73130083084, 2.26608037949],
        "cov": [[13273.421875, -1600.78405762, 1597.97399902, 765.575927734, 249.491378784, 1083.88415527, 315.294769287, 950.610168457, 360.481994629, 354.857574463, 12.9957370758, 88.3546676636, 1.62521183491], [-1600.78405762, 4459.69824219, -1927.2220459, -193.662445068, -16.7712650299, -834.998046875, -144.125671387, -146.372619629, -151.532211304, -294.929290771, -233.949401855, -338.958679199, -309.192901611], [1597.97399902, -1927.2220459, 2015.85888672, 346.891448975, 484.588806152, 795.146362305, 283.277679443, 420.151062012, 308.703582764, 367.50189209, 264.256408691, 242.293212891, 196.509033203], [765.575927734, -193.662445068, 346.891448975, 446.195587158, 192.022323608, 247.589294434, 131.874862671, 107.96647644, 65.4384384155, 78.6634979248, 38.3036766052, 27.4828624725, -6.67205381393], [249.491378784, -16.7712650299, 484.588806152, 192.022323608, 461.822753906, 334.865661621, 196.878799438, 226.964187622, 152.081344604, 167.045944214, 130.833480835, 110.164619446, 97.5270690918], [1083.88415527, -834.998046875, 795.146362305, 247.589294434, 334.865661621, 573.896850586, 229.072647095, 255.88760376, 182.038116455, 223.457290649, 138.618118286, 148.715454102, 114.68346405], [315.294769287, -144.125671387, 283.277679443, 131.874862671, 196.878799438, 229.072647095, 213.129837036, 171.8072052, 118.910713196, 105.792961121, 75.8671035767, 89.2020645142, 80.2117385864], [950.610168457, -146.372619629, 420.151062012, 107.96647644, 226.964187622, 255.88760376, 171.8072052, 340.752258301, 198.37461853, 166.189575195, 111.049781799, 113.997512817, 94.7840881348], [360.481994629, -151.532211304, 308.703582764, 65.4384384155, 152.081344604, 182.038116455, 118.910713196, 198.37461853, 223.776443481, 185.213775635, 122.357460022, 97.1761856079, 71.7878189087], [354.857574463, -294.929290771, 367.50189209, 78.6634979248, 167.045944214, 223.457290649, 105.792961121, 166.189575195, 185.213775635, 246.06262207, 154.375961304, 106.09412384, 74.1951293945], [12.9957370758, -233.949401855, 264.256408691, 38.3036766052, 130.833480835, 138.618118286, 75.8671035767, 111.049781799, 122.357460022, 154.375961304, 175.174179077, 128.592132568, 93.8784942627], [88.3546676636, -338.958679199, 242.293212891, 27.4828624725, 110.164619446, 148.715454102, 89.2020645142, 113.997512817, 97.1761856079, 106.09412384, 128.592132568, 206.219314575, 154.879928589], [1.62521183491, -309.192901611, 196.509033203, -6.67205381393, 97.5270690918, 114.68346405, 80.2117385864, 94.7840881348, 71.7878189087, 74.1951293945, 93.8784942627, 154.879928589, 190.278320312]],
