{
"lowlevel": {
    "average_loudness": 0.958525717258,
    "barkbands_crest": {
        "dmean": 3.10606527328,
        "dmean2": 4.80528116226,
        "dvar": 7.94428491592,
        "dvar2": 17.9325141907,
        "max": 26.4814853668,
        "mean": 14.1362104416,
        "median": 13.9141893387,
        "min": 2.45684170723,
        "var": 20.3846130371
    },
    "barkbands_flatness_db": {
        "dmean": 0.0358516275883,
        "dmean2": 0.0520476438105,
        "dvar": 0.00177038169932,
        "dvar2": 0.00363246211782,
        "max": 0.660148918629,
        "mean": 0.218965113163,
        "median": 0.209625408053,
        "min": 0.0216206535697,
        "var": 0.00991093926132
    },
    "barkbands_kurtosis": {
        "dmean": 10.3588609695,
        "dmean2": 16.0346088409,
        "dvar": 350.583190918,
        "dvar2": 827.694335938,
        "max": 661.111450195,
        "mean": 20.4930915833,
        "median": 12.664513588,
        "min": -1.65282702446,
        "var": 735.914855957
    },
    "barkbands_skewness": {
        "dmean": 0.904282391071,
        "dmean2": 1.37370359898,
        "dvar": 0.946862816811,
        "dvar2": 2.1932451725,
        "max": 19.8955745697,
        "mean": 3.32144999504,
        "median": 3.00017619133,
        "min": -2.57506203651,
        "var": 3.1128885746
    },
    "barkbands_spread": {
        "dmean": 3.27070188522,
        "dmean2": 5.05671453476,
        "dvar": 22.4336853027,
        "dvar2": 52.8398208618,
        "max": 85.8859634399,
        "mean": 9.19909000397,
        "median": 5.91024494171,
        "min": 0.105344109237,
        "var": 72.9996032715
    },
    "dissonance": {
        "dmean": 0.0205807965249,
        "dmean2": 0.0350269563496,
        "dvar": 0.000342473998899,
        "dvar2": 0.000945710693486,
        "max": 0.500000059605,
        "mean": 0.463400930166,
        "median": 0.46821859479,
        "min": 0.154450461268,
        "var": 0.000608747708611
    },
    "dynamic_complexity": 2.58332324028,
    "erbbands_crest": {
        "dmean": 2.3876683712,
        "dmean2": 3.87369537354,
        "dvar": 5.7156662941,
        "dvar2": 14.1004152298,
        "max": 29.27759552,
        "mean": 7.87962770462,
        "median": 6.96293497086,
        "min": 2.19009017944,
        "var": 12.7299356461
    },
    "erbbands_flatness_db": {
        "dmean": 0.0174752976745,
        "dmean2": 0.0264405943453,
        "dvar": 0.00044256131514,
        "dvar2": 0.000942132028285,
        "max": 0.446859389544,
        "mean": 0.145974695683,
        "median": 0.12856541574,
        "min": 0.0455375202,
        "var": 0.00349484151229
    },
    "erbbands_kurtosis": {
        "dmean": 0.801942586899,
        "dmean2": 1.26929056644,
        "dvar": 0.942605495453,
        "dvar2": 2.23867154121,
        "max": 28.4861545563,
        "mean": 0.769223809242,
        "median": 0.392950773239,
        "min": -1.83365654945,
        "var": 2.26357579231
    },
    "erbbands_skewness": {
        "dmean": 0.280487298965,
        "dmean2": 0.439558744431,
        "dvar": 0.0677735209465,
        "dvar2": 0.166226178408,
        "max": 4.77067565918,
        "mean": 0.72514384985,
        "median": 0.677843630314,
        "min": -1.10406374931,
        "var": 0.238169699907
    },
    "erbbands_spread": {
        "dmean": 6.94304513931,
        "dmean2": 10.667678833,
        "dvar": 47.3582611084,
        "dvar2": 109.513198853,
        "max": 148.290283203,
        "mean": 35.8459472656,
        "median": 33.6177062988,
        "min": 4.31258630753,
        "var": 222.219680786
    },
    "hfc": {
        "dmean": 8.30040931702,
        "dmean2": 14.4720516205,
        "dvar": 320.288360596,
        "dvar2": 923.262207031,
        "max": 162.982177734,
        "mean": 18.6232662201,
        "median": 14.8362827301,
        "min": 1.14153942087e-16,
        "var": 297.731842041
    },
    "melbands_crest": {
        "dmean": 3.86790728569,
        "dmean2": 5.55215597153,
        "dvar": 11.6613769531,
        "dvar2": 22.8658256531,
        "max": 37.2519989014,
        "mean": 20.3132724762,
        "median": 18.8256702423,
        "min": 1.54192483425,
        "var": 52.0980529785
    },
    "melbands_flatness_db": {
        "dmean": 0.0409196019173,
        "dmean2": 0.0600527748466,
        "dvar": 0.00246961088851,
        "dvar2": 0.00524476449937,
        "max": 0.848772346973,
        "mean": 0.329326659441,
        "median": 0.323392122984,
        "min": 0.00206419383176,
        "var": 0.0128688365221
    },
    "melbands_kurtosis": {
        "dmean": 16.8138523102,
        "dmean2": 25.9287128448,
        "dvar": 482.751342773,
        "dvar2": 1119.01220703,
        "max": 420.945068359,
        "mean": 36.6279067993,
        "median": 25.1559333801,
        "min": -1.50383257866,
        "var": 1288.53796387
    },
    "melbands_skewness": {
        "dmean": 1.05878794193,
        "dmean2": 1.59979104996,
        "dvar": 1.05630910397,
        "dvar2": 2.47183847427,
        "max": 17.4122219086,
        "mean": 4.31830453873,
        "median": 3.95285964012,
        "min": -0.374627500772,
        "var": 4.00095701218
    },
    "melbands_spread": {
        "dmean": 3.25922393799,
        "dmean2": 5.23483276367,
        "dvar": 31.0292835236,
        "dvar2": 76.6297531128,
        "max": 161.491287231,
        "mean": 7.91579580307,
        "median": 4.60013151169,
        "min": 0.219260290265,
        "var": 114.145454407
    },
    "pitch_salience": {
        "dmean": 0.0905443578959,
        "dmean2": 0.138486623764,
        "dvar": 0.00784351304173,
        "dvar2": 0.016303319484,
        "max": 0.982968628407,
        "mean": 0.457977354527,
        "median": 0.48046207428,
        "min": 0.0693325996399,
        "var": 0.0226142723113
    },
    "silence_rate_20dB": {
        "dmean": 0.0163840185851,
        "dmean2": 0.0327703915536,
        "dvar": 0.016120377928,
        "dvar2": 0.044356752187,
        "max": 1,
        "mean": 0.989365518093,
        "median": 1,
        "min": 0,
        "var": 0.0105183599517
    },
    "silence_rate_30dB": {
        "dmean": 0.124748490751,
        "dmean2": 0.249514907598,
        "dvar": 0.109169594944,
        "dvar2": 0.212265908718,
        "max": 1,
        "mean": 0.627649664879,
        "median": 1,
        "min": 0,
        "var": 0.233728408813
    },
    "silence_rate_60dB": {
        "dmean": 0.00172463350464,
        "dmean2": 0.00344951497391,
        "dvar": 0.00172167795245,
        "dvar2": 0.00358135369606,
        "max": 1,
        "mean": 0.0209815334529,
        "median": 0,
        "min": 0,
        "var": 0.0205412972718
    },
    "spectral_centroid": {
        "dmean": 149.029327393,
        "dmean2": 240.926971436,
        "dvar": 59942.265625,
        "dvar2": 134894.1875,
        "max": 11450.3056641,
        "mean": 652.225097656,
        "median": 556.488342285,
        "min": 92.1233139038,
        "var": 228915.015625
    },
    "spectral_complexity": {
        "dmean": 3.62618565559,
        "dmean2": 5.93259096146,
        "dvar": 25.3388271332,
        "dvar2": 56.0196113586,
        "max": 48,
        "mean": 15.7535390854,
        "median": 15,
        "min": 0,
        "var": 55.7747459412
    },
    "spectral_decrease": {
        "dmean": 1.10281455079e-08,
        "dmean2": 1.73643623924e-08,
        "dvar": 2.13150110469e-16,
        "dvar2": 4.97980781147e-16,
        "max": 3.9244498488e-19,
        "mean": -2.70374336253e-08,
        "median": -1.87574524801e-08,
        "min": -1.4559257977e-07,
        "var": 5.76593432525e-16
    },
    "spectral_energy": {
        "dmean": 0.042174205184,
        "dmean2": 0.0666305199265,
        "dvar": 0.00309209525585,
        "dvar2": 0.00726642413065,
        "max": 0.55286449194,
        "mean": 0.103734746575,
        "median": 0.0722241252661,
        "min": 1.02384054137e-20,
        "var": 0.00832317396998
    },
    "spectral_energyband_high": {
        "dmean": 0.000275532423984,
        "dmean2": 0.000467901933007,
        "dvar": 4.52113766869e-07,
        "dvar2": 1.23190488921e-06,
        "max": 0.00670540053397,
        "mean": 0.000477992987726,
        "median": 0.000145608675666,
        "min": 7.55278099366e-21,
        "var": 5.64257732094e-07
    },
    "spectral_energyband_low": {
        "dmean": 0.0393026918173,
        "dmean2": 0.06012057513,
        "dvar": 0.00296067702584,
        "dvar2": 0.00672279763967,
        "max": 0.537557125092,
        "mean": 0.0853818356991,
        "median": 0.0511546656489,
        "min": 3.42620939809e-23,
        "var": 0.0077958041802
    },
    "spectral_energyband_middle_high": {
        "dmean": 0.00231694220565,
        "dmean2": 0.00410290341824,
        "dvar": 3.94468843297e-05,
        "dvar2": 0.000112379806524,
        "max": 0.0502526164055,
        "mean": 0.00336036458611,
        "median": 0.00200696126558,
        "min": 1.18483373867e-21,
        "var": 2.85278820229e-05
    },
    "spectral_energyband_middle_low": {
        "dmean": 0.00702392915264,
        "dmean2": 0.0116549273953,
        "dvar": 0.00011861166422,
        "dvar2": 0.000318269390846,
        "max": 0.116461925209,
        "mean": 0.0171588603407,
        "median": 0.0134510947391,
        "min": 2.03148646759e-22,
        "var": 0.000181465657079
    },
    "spectral_entropy": {
        "dmean": 0.2026540488,
        "dmean2": 0.316161751747,
        "dvar": 0.0781979933381,
        "dvar2": 0.173721134663,
        "max": 9.80768489838,
        "mean": 7.22524595261,
        "median": 7.32925605774,
        "min": 4.59379720688,
        "var": 0.407360613346
    },
    "spectral_flux": {
        "dmean": 0.0537221096456,
        "dmean2": 0.0897118449211,
        "dvar": 0.00405165320262,
        "dvar2": 0.00928516965359,
        "max": 0.552331864834,
        "mean": 0.137011647224,
        "median": 0.107141003013,
        "min": 6.46041276031e-11,
        "var": 0.00899523124099
    },
    "spectral_kurtosis": {
        "dmean": 4.93928909302,
        "dmean2": 8.16494655609,
        "dvar": 181.645401001,
        "dvar2": 506.409851074,
        "max": 745.783752441,
        "mean": 11.8839120865,
        "median": 6.01291561127,
        "min": -1.25515890121,
        "var": 477.369476318
    },
    "spectral_rms": {
        "dmean": 0.00188233749941,
        "dmean2": 0.00293544610031,
        "dvar": 4.68358939543e-06,
        "dvar2": 1.06135303213e-05,
        "max": 0.0232245568186,
        "mean": 0.00909899268299,
        "median": 0.00839419849217,
        "min": 3.16048858091e-12,
        "var": 1.84128257388e-05
    },
    "spectral_rolloff": {
        "dmean": 167.6690979,
        "dmean2": 282.562713623,
        "dvar": 121603.976562,
        "dvar2": 271864.1875,
        "max": 20112.0117188,
        "mean": 429.86907959,
        "median": 215.33203125,
        "min": 43.06640625,
        "var": 1604639.625
    },
    "spectral_skewness": {
        "dmean": 0.393696904182,
        "dmean2": 0.63891261816,
        "dvar": 0.393778085709,
        "dvar2": 0.991868317127,
        "max": 22.1310329437,
        "mean": 2.38495969772,
        "median": 2.08164858818,
        "min": -0.0274078175426,
        "var": 1.52046966553
    },
    "spectral_spread": {
        "dmean": 508822,
        "dmean2": 781105.9375,
        "dvar": 520305082368,
        "dvar2": 993274822656,
        "max": 45963416,
        "mean": 4297239,
        "median": 4450611,
        "min": 126862.5,
        "var": 4.32491777229e+12
    },
    "spectral_strongpeak": {
        "dmean": 0.243107244372,
        "dmean2": 0.396714895964,
        "dvar": 0.14972999692,
        "dvar2": 0.382348626852,
        "max": 6.09017705917,
        "mean": 0.476374149323,
        "median": 0.371211081743,
        "min": 0,
        "var": 0.194917112589
    },
    "zerocrossingrate": {
        "dmean": 0.00541284820065,
        "dmean2": 0.00646489299834,
        "dvar": 4.50898842246e-05,
        "dvar2": 5.30889010406e-05,
        "max": 0.5283203125,
        "mean": 0.0250706132501,
        "median": 0.01708984375,
        "min": 0.00146484375,
        "var": 0.00132743804716
    },
    "barkbands": {
        "dmean": [0.00653438130394, 0.0341331884265, 0.00642410060391, 0.00340491742827, 0.00226312782615, 0.00158857472707, 0.00103089492768, 0.00107722019311, 0.000711641157977, 0.000529988377821, 0.000574362173211, 0.000476143497508, 0.000308197486447, 0.000241053028731, 0.00026920918026, 0.000219483452383, 0.000170510669705, 0.000108377134893, 8.31558863865e-05, 6.2431608967e-05, 6.23541782261e-05, 5.64608562854e-05, 4.89142803417e-05, 4.94736159453e-05, 2.67228442681e-05, 2.81926950265e-05, 1.23956524476e-05],
        "dmean2": [0.00763324508443, 0.0529332272708, 0.0110230389982, 0.00576925976202, 0.00366752664559, 0.00270902574994, 0.00177673972212, 0.00181323871948, 0.00116881367285, 0.000891518080607, 0.0009879298741, 0.000836659630295, 0.000558482075576, 0.000433734821854, 0.000486087665195, 0.00039840649697, 0.000307427399093, 0.000195597895072, 0.000148732084199, 0.000109149856144, 0.000109382031951, 9.74359354586e-05, 8.27425756142e-05, 8.48982599564e-05, 4.27829036198e-05, 4.85453456349e-05, 2.23299939535e-05],
        "dvar": [0.000117779258289, 0.00263761845417, 0.000178212460014, 3.52657771145e-05, 1.20831709864e-05, 9.84637063084e-06, 3.75327999791e-06, 4.86679573442e-06, 1.99876171791e-06, 1.14233432669e-06, 1.80404651928e-06, 9.76981596068e-07, 6.0870240759e-07, 3.82626410556e-07, 5.49803246486e-07, 3.96426884208e-07, 2.4847355462e-07, 9.98592639689e-08, 5.16733607014e-08, 2.7940476599e-08, 2.75418301499e-08, 2.02346033262e-08, 1.24992824979e-08, 1.63875135684e-08, 2.71101852078e-09, 7.05418745639e-09, 1.16139320383e-09],
        "dvar2": [0.000129147389089, 0.00597612094134, 0.00049038202269, 0.000100877354271, 3.15240395139e-05, 2.80192798527e-05, 1.05243825601e-05, 1.34476194944e-05, 5.20769845025e-06, 3.11382314067e-06, 4.8437523219e-06, 2.76611581285e-06, 1.73022021954e-06, 1.09224140488e-06, 1.57461363415e-06, 1.12419627385e-06, 7.01191254393e-07, 2.83142497892e-07, 1.42200264008e-07, 7.5535957933e-08, 7.55068754188e-08, 5.48819940605e-08, 3.40508243823e-08, 4.48056418634e-08, 6.52905729481e-09, 1.95602751774e-08, 3.26011329044e-09],
        "max": [0.0992422103882, 0.513660430908, 0.173416346312, 0.074519738555, 0.0424018278718, 0.0414645522833, 0.0218243636191, 0.0328318327665, 0.0252307187766, 0.0140829337761, 0.0241650566459, 0.0142508847639, 0.00845449697226, 0.00673839822412, 0.00721372850239, 0.00648216484115, 0.00594664504752, 0.00355544034392, 0.00449124863371, 0.00260724965483, 0.00322454795241, 0.00251146056689, 0.00128985510673, 0.00220034574158, 0.000807377393357, 0.000976186303888, 0.00036018868559],
        "mean": [0.0124342814088, 0.062509983778, 0.00796382687986, 0.0058003985323, 0.00456085149199, 0.00251165451482, 0.00149765214883, 0.00148306903429, 0.00100049143657, 0.000728934188373, 0.000690087676048, 0.000583056884352, 0.000314033182804, 0.000258435698925, 0.000281908956822, 0.000212987506529, 0.000169572114828, 0.000112790621642, 0.00010015238513, 7.84357544035e-05, 8.57277045725e-05, 8.51604709169e-05, 8.54000027175e-05, 8.5568150098e-05, 5.3881558415e-05, 3.41338854923e-05, 1.21239563668e-05],
        "median": [0.00339404516853, 0.0338214412332, 0.0046771671623, 0.00272569106892, 0.00319450930692, 0.00148489512503, 0.000880240811966, 0.000645423599053, 0.000372686423361, 0.000333858944941, 0.000175741923158, 0.000220712885493, 0.000144563324284, 0.000112182802695, 0.000105923289084, 7.18549999874e-05, 5.99737941229e-05, 3.6930625356e-05, 3.67485590687e-05, 2.67892064585e-05, 2.78485076706e-05, 2.54513961409e-05, 2.13716430153e-05, 1.87438035937e-05, 1.30668158818e-05, 7.12377550371e-06, 1.91903268387e-06],
        "min": [1.64200864941e-24, 9.19025794482e-24, 2.68098717374e-24, 6.84578936691e-24, 7.10256516928e-24, 8.947765258e-24, 1.14818736309e-23, 2.23738386547e-23, 8.60142061072e-24, 3.56615016724e-23, 4.33759176149e-23, 5.18372554615e-23, 2.31243624976e-23, 7.64630884745e-23, 7.23486992263e-23, 5.21363252525e-23, 7.84398350635e-23, 1.22573106479e-22, 1.62530097775e-22, 1.78395150808e-22, 3.28877323077e-22, 4.05279044484e-22, 5.11154502576e-22, 4.62415419434e-22, 9.5636972505e-22, 1.49147621565e-21, 2.02295722776e-21],
        "var": [0.000438210234279, 0.00549051677808, 0.000143353492604, 5.73481775064e-05, 2.32633647101e-05, 9.95396294456e-06, 3.84105987905e-06, 5.81639551456e-06, 3.45734747498e-06, 1.38188045185e-06, 2.24705695473e-06, 9.84976054497e-07, 4.19777819616e-07, 2.56950784205e-07, 3.67717859717e-07, 2.56876802496e-07, 1.62104853985e-07, 6.54214318274e-08, 4.00042594606e-08, 2.30847412297e-08, 2.49237395167e-08, 2.09666684015e-08, 1.96781986261e-08, 2.55265995008e-08, 7.11415903965e-09, 5.4109894343e-09, 8.23190071664e-10]
    },
    "erbbands": {
        "dmean": [1.56242907047, 6.69165325165, 8.21038246155, 9.00661849976, 8.8358259201, 7.75177288055, 9.55180835724, 14.7073850632, 13.8621063232, 21.1011867523, 20.3685283661, 16.3781204224, 17.8577365875, 17.0960636139, 24.3516407013, 19.6774806976, 14.1309013367, 12.7210588455, 13.1486415863, 13.6630058289, 10.7529697418, 9.46588134766, 6.18243312836, 4.44123125076, 4.39000034332, 3.0433807373, 2.50904750824, 2.30880427361, 1.94722270966, 2.10864830017, 1.25208222866, 1.09648573399, 0.781012177467, 0.380257725716, 0.162840440869, 0.0767913833261, 0.0608211532235, 0.0220564920455, 0.00184495968278, 0.000104273174657],
        "dmean2": [2.1814687252, 10.9859867096, 13.8237161636, 14.861084938, 15.2777824402, 12.2845230103, 15.3888950348, 25.2063732147, 24.2671718597, 35.032043457, 34.4811515808, 27.2889099121, 29.962480545, 29.3339290619, 41.6903877258, 34.6464195251, 25.6782569885, 22.7993927002, 23.6505813599, 24.9433059692, 19.4594364166, 17.1606750488, 11.1865243912, 7.93303871155, 7.88151407242, 5.3808221817, 4.44595432281, 4.00403738022, 3.30072879791, 3.69291448593, 2.09019207954, 1.87645947933, 1.32641029358, 0.622649788857, 0.257987588644, 0.119564443827, 0.107964523137, 0.0404787696898, 0.00330298859626, 0.000180600589374],
        "dvar": [5.39729976654, 126.113517761, 273.039276123, 252.579559326, 218.12928772, 153.045791626, 253.655929565, 934.04888916, 680.800720215, 1443.69958496, 2064.54785156, 1298.98352051, 1153.55578613, 1672.22839355, 2912.72607422, 1927.84667969, 1330.09399414, 953.031921387, 1284.72912598, 1716.53759766, 930.885437012, 874.590881348, 338.729675293, 144.5675354, 155.91633606, 64.4162063599, 42.2319488525, 38.1179389954, 24.1353988647, 33.02684021, 7.19590950012, 7.1544303894, 4.02731657028, 0.586347699165, 0.109580792487, 0.0242008995265, 0.0415783114731, 0.0058836764656, 2.47429088631e-05, 4.01335640277e-08],
        "dvar2": [11.1246910095, 298.445098877, 745.136352539, 700.719421387, 626.144287109, 386.936035156, 694.628662109, 2663.19189453, 1947.11804199, 3870.72631836, 5762.29443359, 3458.66552734, 3103.61010742, 4679.19189453, 7828.18554688, 5454.29882812, 3783.62915039, 2715.20092773, 3675.29638672, 4921.51611328, 2633.78710938, 2478.06274414, 959.550354004, 402.765350342, 435.805541992, 179.038314819, 118.6171875, 101.13735199, 62.0970687866, 93.3177719116, 19.0176143646, 19.636390686, 10.7001695633, 1.47512292862, 0.260025173426, 0.056134108454, 0.11772429198, 0.0168272126466, 6.96732531651e-05, 1.15468196782e-07],
        "max": [19.7751865387, 115.715820312, 188.616638184, 191.519317627, 167.502182007, 183.465408325, 195.412780762, 403.740264893, 338.881164551, 560.789001465, 773.174194336, 665.50982666, 531.742126465, 459.463165283, 803.004821777, 679.002441406, 422.540679932, 386.43560791, 406.019378662, 414.093078613, 286.976593018, 342.662139893, 199.269638062, 202.788162231, 182.172119141, 91.1367492676, 84.0898971558, 139.128601074, 138.808990479, 60.2517318726, 35.5188026428, 30.4690990448, 48.609588623, 14.1277713776, 6.60742330551, 2.61931061745, 2.21302986145, 0.820191442966, 0.0534734241664, 0.00267752585933],
        "mean": [2.65406107903, 10.4839200974, 11.2220172882, 16.4401493073, 14.336025238, 16.1229438782, 18.0625953674, 21.77983284, 20.1720371246, 31.1889286041, 27.6848011017, 22.778459549, 26.2372722626, 21.4148540497, 31.5575237274, 24.6958465576, 14.9770145416, 14.4313182831, 14.3863964081, 13.6440496445, 11.0211400986, 9.02020835876, 6.48922681808, 5.38340473175, 5.07039546967, 3.83903408051, 3.41508960724, 3.24519395828, 2.99864315987, 2.97917461395, 2.32243585587, 1.87713682652, 1.3598023653, 0.719605565071, 0.319985151291, 0.139158144593, 0.0642732903361, 0.0192493963987, 0.00193919136655, 0.000195014319615],
        "median": [0.973601400852, 6.18936872482, 7.00414943695, 9.08740234375, 9.52827453613, 10.6676645279, 11.9863843918, 11.9328918457, 12.6762647629, 15.8037786484, 12.7242603302, 9.49097728729, 11.73250103, 9.96737194061, 10.7452869415, 10.0741252899, 7.3117814064, 7.00532913208, 5.85354185104, 4.69761896133, 4.03246259689, 3.17503833771, 2.28020596504, 1.92424499989, 1.7982455492, 1.34307491779, 1.10889077187, 0.991327106953, 0.944904506207, 0.751772582531, 0.582621693611, 0.420543432236, 0.282020330429, 0.163496121764, 0.0810689106584, 0.0348054207861, 0.0123725607991, 0.00306328386068, 0.000376263255021, 0.000138602030347],
        "min": [3.2018314189e-22, 1.05081957423e-21, 5.74039999878e-21, 9.37582809479e-21, 1.6087798575e-20, 4.35352458841e-20, 5.67750987686e-20, 7.07107591823e-20, 1.48261927214e-19, 5.79306791316e-19, 4.58899796413e-19, 2.55794204849e-19, 6.07795150106e-19, 1.48763821636e-18, 1.84930949751e-18, 2.15812848702e-18, 1.77094095871e-18, 3.4852783617e-18, 3.48869213609e-18, 4.14797038713e-18, 3.84358777405e-18, 5.03502026447e-18, 7.29085594583e-18, 7.0815130764e-18, 9.28897358117e-18, 9.26795161309e-18, 1.2498975334e-17, 1.10087399773e-17, 1.35852793724e-17, 1.33069148983e-17, 1.33801675318e-17, 9.72724364821e-18, 9.95689545603e-18, 1.06336259772e-17, 6.98358978113e-18, 4.6441919007e-18, 2.96468231702e-18, 1.07109384132e-18, 2.60015746955e-19, 3.15175523546e-20],
        "var": [13.5922374725, 180.460510254, 239.360153198, 389.990905762, 243.674591064, 350.385253906, 367.196014404, 883.986694336, 613.000244141, 2056.5534668, 2187.06347656, 1859.22253418, 1758.29589844, 1477.32983398, 3710.81738281, 1974.06799316, 915.94329834, 668.775817871, 873.310852051, 1095.50317383, 606.003601074, 540.600341797, 217.647125244, 108.840202332, 112.157966614, 50.9225616455, 37.313709259, 37.0948600769, 27.6166725159, 29.9720840454, 13.7547464371, 10.3272743225, 7.82669734955, 1.38746380806, 0.246546119452, 0.0464901775122, 0.0273786745965, 0.00358122726902, 1.8208345864e-05, 4.03315851827e-08]
    },
    "gfcc": {
        "mean": [-10.6381120682, 132.975143433, -76.8834228516, 27.592912674, -37.4819831848, 18.1388282776, -21.4593601227, 5.20050859451, -10.4218349457, 1.93801701069, -7.09782934189, 0.996926665306, -5.91920280457],
        "cov": [[15490.0380859, -3352.34912109, -223.87512207, 392.1590271, -1088.77539062, 830.757751465, -565.989807129, 759.916931152, -464.369110107, 436.084503174, -446.384521484, 344.474731445, -411.092926025], [-3352.34912109, 2924.4296875, -92.2001419067, -116.424194336, 641.463134766, -520.772399902, 343.228668213, -430.978851318, 331.27041626, -308.398895264, 259.623657227, -242.369522095, 236.959091187], [-223.87512207, -92.2001419067, 439.153198242, -6.04061985016, 21.7032032013, 41.4123725891, -31.9602127075, 39.7467041016, -44.0862350464, 41.2927436829, -29.4997806549, 23.5482559204, -11.3190279007], [392.1590271, -116.424194336, -6.04061985016, 193.736618042, -54.1484527588, 51.5873947144, -13.7317409515, -13.4840192795, 5.92088079453, -7.70065021515, 13.5814151764, -9.57717704773, 14.3517866135], [-1088.77539062, 641.463134766, 21.7032032013, -54.1484527588, 284.332794189, -134.112167358, 106.813697815, -92.2248382568, 77.0526733398, -64.0327606201, 61.0659408569, -41.5855140686, 51.9227371216], [830.757751465, -520.772399902, 41.4123725891, 51.5873947144, -134.112167358, 183.947647095, -54.4359359741, 91.9075622559, -63.4077377319, 54.8569335938, -43.3257522583, 39.657409668, -37.3946914673], [-565.989807129, 343.228668213, -31.9602127075, -13.7317409515, 106.813697815, -54.4359359741, 115.260887146, -36.9931144714, 59.9996299744, -40.4222831726, 41.0214653015, -28.5055351257, 39.5130500793], [759.916931152, -430.978851318, 39.7467041016, -13.4840192795, -92.2248382568, 91.9075622559, -36.9931144714, 128.133621216, -41.167388916, 58.8835334778, -52.3924484253, 40.5314483643, -40.8750686646], [-464.369110107, 331.27041626, -44.0862350464, 5.92088079453, 77.0526733398, -63.4077377319, 59.9996299744, -41.167388916, 102.227325439, -29.1653823853, 50.3644485474, -38.23777771, 43.6783409119], [436.084503174, -308.398895264, 41.2927436829, -7.70065021515, -64.0327606201, 54.8569335938, -40.4222831726, 58.8835334778, -29.1653823853, 82.6280593872, -17.9534072876, 35.9945602417, -31.4114551544], [-446.384521484, 259.623657227, -29.4997806549, 13.5814151764, 61.0659408569, -43.3257522583, 41.0214653015, -52.3924484253, 50.3644485474, -17.9534072876, 80.4580612183, -10.141251564, 37.7934494019], [344.474731445, -242.369522095, 23.5482559204, -9.57717704773, -41.5855140686, 39.657409668, -28.5055351257, 40.5314483643, -38.23777771, 35.9945602417, -10.141251564, 63.9677009583, -10.4660377502], [-411.092926025, 236.959091187, -11.3190279007, 14.3517866135, 51.9227371216, -37.3946914673, 39.5130500793, -40.8750686646, 43.6783409119, -31.4114551544, 37.7934494019, -10.4660377502, 69.1202468872]],
        "icov": [[0.000149834624608, -0.000219527006266, 0.000232984821196, -0.000457426940557, 0.000160165771376, -0.000218224682612, 0.000328006222844, -0.000721348682418, 7.63285715948e-05, -0.000279442727333, 0.000445085199317, -0.00060916406801, 0.000413570407545], [-0.000219527006266, 0.00233803479932, -0.000796934356913, 0.00171611225232, -0.00123510533012, 0.00176131539047, -0.00141825061291, 0.00292060896754, -0.00102737243287, 0.00242610741407, -0.00234748888761, 0.00356543506496, -0.00181399600115], [0.000232984821196, -0.000796934356913, 0.00322583690286, -0.00118361297064, -0.00101481669117, -0.00105853972491, 0.00155791081488, -0.00213755643927, 0.00165538082365, -0.00245272554457, 0.00169824960176, -0.00100635772105, -0.000314900360536], [-0.000457426940557, 0.00171611225232, -0.00118361297064, 0.00895520485938, 0.000515023304615, -0.0018854563823, -0.000653420574963, 0.00532154552639, -0.00192796089686, 0.00308242812753, -0.00363215222023, 0.00458926241845, -0.00324344309047], [0.000160165771376, -0.00123510533012, -0.00101481669117, 0.000515023304615, 0.00908978655934, 0.00165361037944, -0.00408133491874, 0.000567708455492, -0.000663093756884, 0.000220809859456, 0.000215384265175, -0.00260132551193, 0.00165665033273], [-0.000218224682612, 0.00176131539047, -0.00105853972491, -0.0018854563823, 0.00165361037944, 0.0141487857327, -0.00235018529929, -0.00403390591964, 0.00377048458904, 0.000327187473886, -0.00306548690423, 0.00305024371482, -0.0018434219528], [0.000328006222844, -0.00141825061291, 0.00155791081488, -0.000653420574963, -0.00408133491874, -0.00235018529929, 0.0191056877375, -0.00615806272253, -0.00330280815251, 0.0023071076721, -0.00153158814646, -0.000376992451493, -0.00164953514468], [-0.000721348682418, 0.00292060896754, -0.00213755643927, 0.00532154552639, 0.000567708455492, -0.00403390591964, -0.00615806272253, 0.0272753089666, -0.00761524867266, -0.00301991356537, 0.0066437702626, -0.00230047130026, 0.000742172996979], [7.63285715948e-05, -0.00102737243287, 0.00165538082365, -0.00192796089686, -0.000663093756884, 0.00377048458904, -0.00330280815251, -0.00761524867266, 0.0264381822199, -0.00493928417563, -0.00853907130659, 0.0113034304231, -0.00800079107285], [-0.000279442727333, 0.00242610741407, -0.00245272554457, 0.00308242812753, 0.000220809859456, 0.000327187473886, 0.0023071076721, -0.00301991356537, -0.00493928417563, 0.0276481918991, -0.00756954215467, -0.00392936030403, 0.00511525897309], [0.000445085199317, -0.00234748888761, 0.00169824960176, -0.00363215222023, 0.000215384265175, -0.00306548690423, -0.00153158814646, 0.0066437702626, -0.00853907130659, -0.00756954215467, 0.0298571456224, -0.0116563085467, -0.00142289849464], [-0.00060916406801, 0.00356543506496, -0.00100635772105, 0.00458926241845, -0.00260132551193, 0.00305024371482, -0.000376992451493, -0.00230047130026, 0.0113034304231, -0.00392936030403, -0.0116563085467, 0.0364185422659, -0.0115450602025], [0.000413570407545, -0.00181399600115, -0.000314900360536, -0.00324344309047, 0.00165665033273, -0.0018434219528, -0.00164953514468, 0.000742172996979, -0.00800079107285, 0.00511525897309, -0.00142289849464, -0.0115450602025, 0.0293183308095]]
    },
    "melbands": {
        "dmean": [0.0111893611029, 0.0055396668613, 0.0015095412964, 0.000535132247023, 0.000340660888469, 0.000319653016049, 0.000211334685446, 0.000233497150475, 0.000152337859618, 0.000104217913758, 8.875279309e-05, 6.80297598592e-05, 7.93924700702e-05, 6.26788678346e-05, 3.92854090023e-05, 2.82842611341e-05, 2.30226087297e-05, 2.14331957977e-05, 1.82749736268e-05, 1.79562157427e-05, 1.18935413411e-05, 1.02911699287e-05, 7.52114965508e-06, 5.00050009578e-06, 3.52829692929e-06, 3.44284399034e-06, 2.8301706152e-06, 1.85080295978e-06, 1.72232455498e-06, 1.3588511365e-06, 1.43654119711e-06, 1.09400184556e-06, 1.19160461054e-06, 1.21122059227e-06, 7.57631141823e-07, 6.67150402478e-07, 7.193956435e-07, 6.41171936877e-07, 4.05180259122e-07, 3.09442413027e-07],
        "dmean2": [0.0161314066499, 0.00903239753097, 0.00249604368582, 0.000894664321095, 0.000537647516467, 0.000547811854631, 0.000369239947759, 0.000389181222999, 0.000256233965047, 0.000173418491613, 0.000148399267346, 0.000116275346954, 0.000136046131956, 0.000109241977043, 7.0785805292e-05, 5.12482620252e-05, 4.1045503167e-05, 3.85190942325e-05, 3.3233238355e-05, 3.26421613863e-05, 2.14370156755e-05, 1.86037450476e-05, 1.37325741889e-05, 8.93104879651e-06, 6.30114027445e-06, 6.18251169726e-06, 4.99966927237e-06, 3.27461975758e-06, 3.06460606225e-06, 2.37345670939e-06, 2.50506718658e-06, 1.85626868188e-06, 2.08015353564e-06, 2.1200721676e-06, 1.271153792e-06, 1.11222084342e-06, 1.24631492326e-06, 1.10597090952e-06, 6.69026121614e-07, 5.10480447247e-07],
        "dvar": [0.000260889792116, 9.32924594963e-05, 6.86744215272e-06, 6.75309138387e-07, 3.1114601029e-07, 4.24432073487e-07, 1.60261180326e-07, 1.88971938542e-07, 1.11560567007e-07, 4.83025281994e-08, 2.8056319934e-08, 2.58312979895e-08, 3.22033031352e-08, 1.59051651849e-08, 9.71054348042e-09, 5.08017672374e-09, 2.86731305366e-09, 3.4571145946e-09, 2.87987922398e-09, 2.75346390133e-09, 1.07396513904e-09, 1.00253383373e-09, 5.18477094591e-10, 1.74083955584e-10, 8.69643662638e-11, 9.48421827185e-11, 6.82237322192e-11, 2.23190476517e-11, 2.02165610641e-11, 1.09772095927e-11, 1.42525479266e-11, 7.54437484707e-12, 9.15636663712e-12, 1.03068551957e-11, 2.6122944953e-12, 1.86760004163e-12, 3.25016337628e-12, 2.96397606979e-12, 7.28104371499e-13, 3.81246791949e-13],
        "dvar2": [0.000571237469558, 0.000238268577959, 1.89062084246e-05, 1.85889405202e-06, 8.15752514427e-07, 1.208842491e-06, 4.58100885226e-07, 5.11740324782e-07, 3.0910661053e-07, 1.29226606305e-07, 7.51658220111e-08, 7.18797394939e-08, 8.62124096557e-08, 4.46250147945e-08, 2.77490492806e-08, 1.44217624509e-08, 8.1473761071e-09, 9.90173987248e-09, 8.26961166212e-09, 7.84512899088e-09, 3.03558200798e-09, 2.83352785679e-09, 1.47189094246e-09, 4.89948692728e-10, 2.41858311156e-10, 2.596288462e-10, 1.82764983703e-10, 6.23292389923e-11, 5.69828594033e-11, 2.98056856973e-11, 3.80042421144e-11, 1.92239349439e-11, 2.52761041264e-11, 2.9163626375e-11, 6.97761900342e-12, 4.81841823385e-12, 9.02128372005e-12, 7.91416931989e-12, 1.87447084764e-12, 9.64631261154e-13],
        "max": [0.160136133432, 0.108926177025, 0.0325703583658, 0.010488874279, 0.00761732505634, 0.00845507718623, 0.00481012230739, 0.00626242067665, 0.00566565385088, 0.00366132333875, 0.00267102965154, 0.00202470622025, 0.00348036712967, 0.0016616723733, 0.000978160882369, 0.000884994864464, 0.000648801098578, 0.00066420371877, 0.000482979463413, 0.000547935429495, 0.000343687745044, 0.000377016753191, 0.000236387408222, 0.000144814461237, 0.000174014945515, 0.000215320833377, 0.000149135361426, 7.71085396991e-05, 6.2965984398e-05, 5.69924086449e-05, 8.06443349575e-05, 8.95554330782e-05, 3.46556626027e-05, 3.89948654629e-05, 2.3066835638e-05, 1.72440868482e-05, 1.88056819752e-05, 4.67984791612e-05, 1.66326481121e-05, 1.10182872959e-05],
        "mean": [0.0208302438259, 0.00878051575273, 0.00278553343378, 0.00102376239374, 0.000695313734468, 0.000482512579765, 0.000310074276058, 0.000340346276062, 0.000208128622035, 0.000141666474519, 0.000129649764858, 8.27255935292e-05, 0.000100494915387, 7.9889447079e-05, 4.30424843216e-05, 2.90791758744e-05, 2.58917225437e-05, 2.27451109822e-05, 1.84137206816e-05, 1.7458523871e-05, 1.20004415294e-05, 9.61043406278e-06, 7.09914638719e-06, 5.50528966414e-06, 4.12110102843e-06, 3.90435843656e-06, 3.1793015296e-06, 2.32780053011e-06, 2.1714279228e-06, 1.90000696421e-06, 1.89627371583e-06, 1.65730568824e-06, 1.66297809301e-06, 1.65617313996e-06, 1.3318837091e-06, 1.22679364267e-06, 1.10801022402e-06, 1.04291802927e-06, 7.14028885795e-07, 5.66865367091e-07],
        "median": [0.00976186618209, 0.00566278584301, 0.0016797502758, 0.000730543106329, 0.000442343472969, 0.000267556635663, 0.000196098786546, 0.000169890656252, 8.8116445113e-05, 5.46553601453e-05, 5.65557129448e-05, 3.64104125765e-05, 2.97509668599e-05, 2.9283346521e-05, 1.70246039488e-05, 1.39870599014e-05, 1.19671049106e-05, 8.86957241164e-06, 6.8894969445e-06, 5.51875518795e-06, 4.2503406803e-06, 3.11500321004e-06, 2.32270531342e-06, 1.89630361547e-06, 1.39820895129e-06, 1.37881306728e-06, 1.07103846858e-06, 7.5490385143e-07, 6.86181238052e-07, 5.5158932355e-07, 5.69813096263e-07, 5.32950423349e-07, 4.41349186531e-07, 3.84315114843e-07, 3.39070140853e-07, 2.91655084084e-07, 2.25535430332e-07, 2.00498590175e-07, 1.52021925715e-07, 1.27394400806e-07],
        "min": [3.27028184995e-24, 2.24795381274e-24, 3.18547358339e-24, 2.47430127784e-24, 1.8460948542e-24, 1.72176228971e-24, 2.98211372228e-24, 5.62360558873e-24, 3.83633707831e-24, 1.30423103157e-24, 2.86819057187e-24, 5.54379416437e-24, 7.3182634066e-24, 7.21696341117e-24, 3.78963177956e-24, 2.68219077827e-24, 6.94675488531e-24, 5.61319459693e-24, 5.06846089833e-24, 4.06206962634e-24, 4.06939222769e-24, 5.28117842471e-24, 3.82536993958e-24, 6.32999581948e-24, 5.23140169602e-24, 6.45689711228e-24, 5.69216627886e-24, 5.52636112722e-24, 7.21365335082e-24, 7.06507218818e-24, 5.80634048426e-24, 8.16753133563e-24, 6.67207194039e-24, 6.70340786213e-24, 8.62722267321e-24, 5.54758779646e-24, 6.02300152631e-24, 5.66869608921e-24, 8.32283832635e-24, 9.60587483476e-24],
        "var": [0.000659691693727, 0.000113509428047, 9.84175858321e-06, 9.93895469037e-07, 6.12385463228e-07, 4.13316229242e-07, 1.44743680153e-07, 2.56981138591e-07, 1.24866900819e-07, 6.98756750239e-08, 4.38907719058e-08, 2.370832064e-08, 4.29242952293e-08, 1.68193352579e-08, 7.33037586187e-09, 3.3726026416e-09, 2.09501616055e-09, 2.31272179185e-09, 1.81920345455e-09, 1.80869863531e-09, 7.06355474112e-10, 6.30783703048e-10, 3.25063809203e-10, 1.26001320488e-10, 6.66179819642e-11, 7.27065005424e-11, 5.24498604271e-11, 1.83058932596e-11, 1.68712162296e-11, 1.13763104839e-11, 1.33170818123e-11, 8.84175111598e-12, 8.59671101666e-12, 9.76100623939e-12, 4.60846898837e-12, 4.06828260316e-12, 3.97965514709e-12, 5.58744543688e-12, 1.55117672179e-12, 8.71911429775e-13]
    },
    "mfcc": {
        "mean": [-662.088928223, 164.284698486, 25.8157653809, 24.4995861053, 14.1478719711, 16.4727592468, 6.00059175491, 9.40082359314, 4.3559794426, 5.64006662369, 3.23556756973, 4.13266324997, 4.31929063797],
        "cov": [[9053.69140625, -2293.16723633, -4.76204204559, -351.640045166, -307.92767334, -92.3912734985, -43.414730072, 113.410797119, 54.2278442383, 92.9438476562, 19.129858017, 35.9637908936, 41.568271637], [-2293.16723633, 2215.87182617, -142.239028931, 290.506134033, 198.892440796, 51.5901298523, 27.3392086029, -5.23867321014, 18.9857940674, -19.6802482605, 16.1905460358, 8.25640296936, 9.2223033905], [-4.76204204559, -142.239028931, 378.908355713, -1.41492378712, 28.283164978, 20.6362075806, 13.8469772339, -5.55809307098, -1.10955131054, 2.93374252319, -3.02201843262, -5.19525146484, -15.1830282211], [-351.640045166, 290.506134033, -1.41492378712, 158.471099854, 37.348072052, 32.8771858215, 1.06174707413, -3.57339549065, -3.02529025078, -4.69844436646, -1.66925048828, 0.991314232349, -0.587254106998], [-307.92767334, 198.892440796, 28.283164978, 37.348072052, 103.721282959, 14.6074419022, 14.1639041901, -3.35907268524, 0.401084452868, -5.60210180283, 2.46867179871, 0.46836617589, 0.964645266533], [-92.3912734985, 51.5901298523, 20.6362075806, 32.8771858215, 14.6074419022, 70.5861358643, 16.4084472656, 5.19607019424, -5.15692806244, 2.81132864952, -0.569119632244, 3.07460689545, 2.06844496727], [-43.414730072, 27.3392086029, 13.8469772339, 1.06174707413, 14.1639041901, 16.4084472656, 55.8128242493, 18.7288322449, 5.78777694702, 0.152460843325, 3.51689815521, -0.0703478828073, 2.51776194572], [113.410797119, -5.23867321014, -5.55809307098, -3.57339549065, -3.35907268524, 5.19607019424, 18.7288322449, 50.8057327271, 18.8999671936, 5.91035652161, 0.590901076794, -1.02067279816, 0.779953479767], [54.2278442383, 18.9857940674, -1.10955131054, -3.02529025078, 0.401084452868, -5.15692806244, 5.78777694702, 18.8999671936, 51.0222167969, 20.5421867371, 1.26067316532, -2.09151220322, -6.35712432861], [92.9438476562, -19.6802482605, 2.93374252319, -4.69844436646, -5.60210180283, 2.81132864952, 0.152460843325, 5.91035652161, 20.5421867371, 48.9164962769, 15.9093942642, 2.13588881493, -7.12278652191], [19.129858017, 16.1905460358, -3.02201843262, -1.66925048828, 2.46867179871, -0.569119632244, 3.51689815521, 0.590901076794, 1.26067316532, 15.9093942642, 41.5425109863, 13.8340463638, 1.03059148788], [35.9637908936, 8.25640296936, -5.19525146484, 0.991314232349, 0.46836617589, 3.07460689545, -0.0703478828073, -1.02067279816, -2.09151220322, 2.13588881493, 13.8340463638, 42.1980552673, 17.539434433], [41.568271637, 9.2223033905, -15.1830282211, -0.587254106998, 0.964645266533, 2.06844496727, 2.51776194572, 0.779953479767, -6.35712432861, -7.12278652191, 1.03059148788, 17.539434433, 47.4031906128]],
