{
"lowlevel": {
    "average_loudness": 0.459510028362,
    "barkbands_crest": {
        "dmean": 2.63210296631,
        "dmean2": 4.49930620193,
        "dvar": 5.56032419205,
        "dvar2": 16.2772464752,
        "max": 24.9552612305,
        "mean": 10.0587110519,
        "median": 8.75831604004,
        "min": 3.01759767532,
        "var": 20.3345794678
    },
    "barkbands_flatness_db": {
        "dmean": 0.0209735985845,
        "dmean2": 0.0349701121449,
        "dvar": 0.000444067729404,
        "dvar2": 0.0012695309706,
        "max": 0.5338062644,
        "mean": 0.220188960433,
        "median": 0.197406888008,
        "min": 0.0685290396214,
        "var": 0.00454478431493
    },
    "barkbands_kurtosis": {
        "dmean": 2.79899334908,
        "dmean2": 4.78436565399,
        "dvar": 23.5685138702,
        "dvar2": 68.1309356689,
        "max": 107.852561951,
        "mean": 4.52891778946,
        "median": 2.3331246376,
        "min": -1.91522979736,
        "var": 59.2003898621
    },
    "barkbands_skewness": {
        "dmean": 0.502722263336,
        "dmean2": 0.847998559475,
        "dvar": 0.278108686209,
        "dvar2": 0.811460494995,
        "max": 8.02809524536,
        "mean": 1.47058665752,
        "median": 1.33665180206,
        "min": -9.34665584564,
        "var": 1.42128872871
    },
    "barkbands_spread": {
        "dmean": 2.42273068428,
        "dmean2": 4.02277994156,
        "dvar": 5.5145611763,
        "dvar2": 14.9108104706,
        "max": 90.616569519,
        "mean": 10.2664813995,
        "median": 9.83997535706,
        "min": 0.54108953476,
        "var": 42.672039032
    },
    "dissonance": {
        "dmean": 0.0272036008537,
        "dmean2": 0.0465383306146,
        "dvar": 0.000669944100082,
        "dvar2": 0.00187492743134,
        "max": 0.500000119209,
        "mean": 0.449419051409,
        "median": 0.459379851818,
        "min": 0.189280033112,
        "var": 0.00154913240112
    },
    "dynamic_complexity": 7.45995140076,
    "erbbands_crest": {
        "dmean": 2.37451601028,
        "dmean2": 3.90694618225,
        "dvar": 4.37297153473,
        "dvar2": 11.2012500763,
        "max": 33.5097503662,
        "mean": 9.29925441742,
        "median": 8.166015625,
        "min": 2.13886022568,
        "var": 19.0378227234
    },
    "erbbands_flatness_db": {
        "dmean": 0.0140873165801,
        "dmean2": 0.0223731976002,
        "dvar": 0.000194299020222,
        "dvar2": 0.000451977975899,
        "max": 0.439106404781,
        "mean": 0.248206391931,
        "median": 0.240226387978,
        "min": 0.0517156198621,
        "var": 0.00238971901126
    },
    "erbbands_kurtosis": {
        "dmean": 0.813182592392,
        "dmean2": 1.30270397663,
        "dvar": 1.51136565208,
        "dvar2": 3.05039095879,
        "max": 59.013584137,
        "mean": 0.560668349266,
        "median": 0.0192029476166,
        "min": -1.7988833189,
        "var": 6.49766683578
    },
    "erbbands_skewness": {
        "dmean": 0.31403452158,
        "dmean2": 0.508181035519,
        "dvar": 0.0726089775562,
        "dvar2": 0.179136678576,
        "max": 5.54673099518,
        "mean": 0.473339915276,
        "median": 0.474165201187,
        "min": -2.85797643661,
        "var": 0.404203116894
    },
    "erbbands_spread": {
        "dmean": 3.91012406349,
        "dmean2": 6.43476772308,
        "dvar": 12.5441398621,
        "dvar2": 34.6647071838,
        "max": 98.8982696533,
        "mean": 22.5360488892,
        "median": 22.337852478,
        "min": 0.921823978424,
        "var": 87.2206115723
    },
    "hfc": {
        "dmean": 2.4852449894,
        "dmean2": 3.97611045837,
        "dvar": 13.4234027863,
        "dvar2": 34.3210639954,
        "max": 73.8996047974,
        "mean": 12.0986652374,
        "median": 8.62913322449,
        "min": 1.18339423047e-16,
        "var": 152.871520996
    },
    "melbands_crest": {
        "dmean": 2.9775390625,
        "dmean2": 5.06144714355,
        "dvar": 6.30384778976,
        "dvar2": 17.8771743774,
        "max": 31.5267963409,
        "mean": 12.8388233185,
        "median": 11.4917163849,
        "min": 1.92406761646,
        "var": 28.1325054169
    },
    "melbands_flatness_db": {
        "dmean": 0.0245532449335,
        "dmean2": 0.0412413477898,
        "dvar": 0.000639381469227,
        "dvar2": 0.00176993489731,
        "max": 0.705689430237,
        "mean": 0.303564935923,
        "median": 0.272418022156,
        "min": 0.00506998272613,
        "var": 0.00849416479468
    },
    "melbands_kurtosis": {
        "dmean": 4.66526079178,
        "dmean2": 8.01159667969,
        "dvar": 63.1696777344,
        "dvar2": 189.847427368,
        "max": 148.324523926,
        "mean": 8.77478694916,
        "median": 5.06825304031,
        "min": -1.56561124325,
        "var": 152.205703735
    },
    "melbands_skewness": {
        "dmean": 0.582670450211,
        "dmean2": 0.983815729618,
        "dvar": 0.368471175432,
        "dvar2": 1.10334956646,
        "max": 10.2003192902,
        "mean": 2.03639101982,
        "median": 1.82846403122,
        "min": -3.745251894,
        "var": 1.96683764458
    },
    "melbands_spread": {
        "dmean": 3.09018135071,
        "dmean2": 5.12804460526,
        "dvar": 10.3267068863,
        "dvar2": 25.3493537903,
        "max": 149.216598511,
        "mean": 12.5613174438,
        "median": 11.8871746063,
        "min": 0.539415836334,
        "var": 79.0664672852
    },
    "pitch_salience": {
        "dmean": 0.0699961259961,
        "dmean2": 0.119635306299,
        "dvar": 0.00371370231733,
        "dvar2": 0.0111070927233,
        "max": 0.907140135765,
        "mean": 0.574374437332,
        "median": 0.613344192505,
        "min": 0.0933312773705,
        "var": 0.0211453028023
    },
    "silence_rate_20dB": {
        "dmean": 0,
        "dmean2": 0,
        "dvar": 0,
        "dvar2": 0,
        "max": 1,
        "mean": 1,
        "median": 1,
        "min": 1,
        "var": 0
    },
    "silence_rate_30dB": {
        "dmean": 0.000686754239723,
        "dmean2": 0.00137362640817,
        "dvar": 0.00068628723966,
        "dvar2": 0.00154346099589,
        "max": 1,
        "mean": 0.999399125576,
        "median": 1,
        "min": 0,
        "var": 0.000600598636083
    },
    "silence_rate_60dB": {
        "dmean": 0.0338226445019,
        "dmean2": 0.0676511004567,
        "dvar": 0.032674010843,
        "dvar2": 0.0774973779917,
        "max": 1,
        "mean": 0.269527882338,
        "median": 0,
        "min": 0,
        "var": 0.196876734495
    },
    "spectral_centroid": {
        "dmean": 108.807731628,
        "dmean2": 178.056411743,
        "dvar": 19951.4707031,
        "dvar2": 37243.484375,
        "max": 10671.9931641,
        "mean": 733.038269043,
        "median": 707.44128418,
        "min": 131.421798706,
        "var": 110391.023438
    },
    "spectral_complexity": {
        "dmean": 1.8343205452,
        "dmean2": 3.09297728539,
        "dvar": 3.37973928452,
        "dvar2": 8.91317939758,
        "max": 41,
        "mean": 14.4433479309,
        "median": 17,
        "min": 0,
        "var": 99.8375244141
    },
    "spectral_decrease": {
        "dmean": 1.63618740778e-09,
        "dmean2": 2.71478239888e-09,
        "dvar": 4.45235010508e-18,
        "dvar2": 1.21113758698e-17,
        "max": 3.69294162434e-16,
        "mean": -5.89197624024e-09,
        "median": -4.70206895642e-09,
        "min": -3.74599480324e-08,
        "var": 3.16083380634e-17
    },
    "spectral_energy": {
        "dmean": 0.00636750692502,
        "dmean2": 0.010549640283,
        "dvar": 6.74586990499e-05,
        "dvar2": 0.000182810661499,
        "max": 0.146657332778,
        "mean": 0.0233350098133,
        "median": 0.0185737907887,
        "min": 1.05396485984e-20,
        "var": 0.000495916057844
    },
    "spectral_energyband_high": {
        "dmean": 1.49630768647e-05,
        "dmean2": 2.45112078119e-05,
        "dvar": 7.28300475483e-10,
        "dvar2": 1.88189175354e-09,
        "max": 0.000695301394444,
        "mean": 5.0059381465e-05,
        "median": 3.36007979058e-05,
        "min": 7.94686631646e-21,
        "var": 3.92941501559e-09
    },
    "spectral_energyband_low": {
        "dmean": 0.00319892796688,
        "dmean2": 0.00558823393658,
        "dvar": 2.30861678574e-05,
        "dvar2": 6.94850023137e-05,
        "max": 0.0781517773867,
        "mean": 0.00520561495796,
        "median": 0.00291507923976,
        "min": 6.8829489754e-23,
        "var": 4.29582178185e-05
    },
    "spectral_energyband_middle_high": {
        "dmean": 0.00113432377111,
        "dmean2": 0.00184751919005,
        "dvar": 4.14702572016e-06,
        "dvar2": 1.16026867545e-05,
        "max": 0.0487889200449,
        "mean": 0.00399037729949,
        "median": 0.00221302034333,
        "min": 1.28304608834e-21,
        "var": 2.26132251555e-05
    },
    "spectral_energyband_middle_low": {
        "dmean": 0.00478035816923,
        "dmean2": 0.00779245980084,
        "dvar": 4.96513748658e-05,
        "dvar2": 0.000130287240609,
        "max": 0.107764385641,
        "mean": 0.0151048572734,
        "median": 0.0109250582755,
        "min": 2.18988165943e-22,
        "var": 0.000260157714365
    },
    "spectral_entropy": {
        "dmean": 0.139607921243,
        "dmean2": 0.228662744164,
        "dvar": 0.0234610382468,
        "dvar2": 0.0582682341337,
        "max": 9.8145647049,
        "mean": 6.80659389496,
        "median": 6.96045780182,
        "min": 4.81379032135,
        "var": 0.256482064724
    },
    "spectral_flux": {
        "dmean": 0.0143675729632,
        "dmean2": 0.0237818025053,
        "dvar": 0.000224845236517,
        "dvar2": 0.00059687718749,
        "max": 0.24706594646,
        "mean": 0.0695530995727,
        "median": 0.0715159922838,
        "min": 1.02662787993e-10,
        "var": 0.00218254211359
    },
    "spectral_kurtosis": {
        "dmean": 8.04704093933,
        "dmean2": 14.1176662445,
        "dvar": 103.190795898,
        "dvar2": 296.391174316,
        "max": 165.914154053,
        "mean": 18.631975174,
        "median": 11.0701818466,
        "min": -1.17241740227,
        "var": 412.802520752
    },
    "spectral_rms": {
        "dmean": 0.000606856774539,
        "dmean2": 0.00100605655462,
        "dvar": 3.7290385535e-07,
        "dvar2": 1.0104630519e-06,
        "max": 0.0119616184384,
        "mean": 0.0040456126444,
        "median": 0.0042568501085,
        "min": 3.20664697052e-12,
        "var": 6.39877407593e-06
    },
    "spectral_rolloff": {
        "dmean": 162.494369507,
        "dmean2": 285.475036621,
        "dvar": 108013.867188,
        "dvar2": 234642.28125,
        "max": 19789.0136719,
        "mean": 930.708740234,
        "median": 753.662109375,
        "min": 86.1328125,
        "var": 3436459.25
    },
    "spectral_skewness": {
        "dmean": 0.558748602867,
        "dmean2": 0.976225435734,
        "dvar": 0.359613537788,
        "dvar2": 1.05932796001,
        "max": 10.1177072525,
        "mean": 2.63137936592,
        "median": 2.17863321304,
        "min": 0.0286367144436,
        "var": 1.75207698345
    },
    "spectral_spread": {
        "dmean": 214335.296875,
        "dmean2": 358794.5625,
        "dvar": 182944301056,
        "dvar2": 276793622528,
        "max": 39933820,
        "mean": 2108489.25,
        "median": 2085831.25,
        "min": 458470.15625,
        "var": 1.75607958733e+12
    },
    "spectral_strongpeak": {
        "dmean": 0.395810246468,
        "dmean2": 0.679988920689,
        "dvar": 0.311250597239,
        "dvar2": 0.862207770348,
        "max": 5.32008552551,
        "mean": 0.652691185474,
        "median": 0.353358864784,
        "min": 0,
        "var": 0.537566184998
    },
    "zerocrossingrate": {
        "dmean": 0.00358005845919,
        "dmean2": 0.00482425047085,
        "dvar": 2.92656914098e-05,
        "dvar2": 3.34096403094e-05,
        "max": 0.7734375,
        "mean": 0.0358322151005,
        "median": 0.03125,
        "min": 0.00341796875,
        "var": 0.00341729098
    },
    "barkbands": {
        "dmean": [0.000162474068929, 0.00188423367217, 0.00117662362754, 0.0016062904615, 0.00161418889184, 0.00194770935923, 0.00131089834031, 0.00106454931665, 0.00108029169496, 0.000425663834903, 0.000677613832522, 0.000397676514694, 0.000208859550185, 0.000174214961589, 0.000122650686535, 0.000115360358905, 8.79997460288e-05, 6.48798522889e-05, 3.16476980515e-05, 2.29344404943e-05, 7.97173015599e-06, 2.76290984402e-06, 8.80626544131e-07, 3.78920503863e-07, 1.22932362956e-07, 3.71300394875e-08, 9.96033300282e-09],
        "dmean2": [0.0002779912611, 0.00330245238729, 0.00204172148369, 0.00282602710649, 0.00267866277136, 0.00316773494706, 0.00206896825694, 0.00175264244899, 0.00173280679155, 0.000699781347066, 0.00114337808918, 0.000671652902383, 0.000354604970198, 0.000291366566671, 0.000207539240364, 0.000193223750102, 0.000151544852997, 0.000104926126369, 5.38596941624e-05, 3.81666905014e-05, 1.3125483747e-05, 4.78907440993e-06, 1.43778356687e-06, 6.10985296134e-07, 1.91122154547e-07, 5.74042680057e-08, 1.6461793706e-08],
        "dvar": [1.68072091355e-07, 1.02622007034e-05, 3.31878504767e-06, 1.00433444459e-05, 8.27136591397e-06, 1.39906651384e-05, 5.71150849282e-06, 4.26898805017e-06, 4.33104105468e-06, 6.75834598951e-07, 2.33870719057e-06, 9.06097000097e-07, 1.26514294152e-07, 1.80866223332e-07, 4.80728310492e-08, 6.37566941464e-08, 2.94582136462e-08, 1.40804106152e-08, 3.38018324442e-09, 2.91492008309e-09, 2.62865534895e-10, 2.37424108152e-11, 3.95536988579e-12, 8.23893470808e-13, 1.21186250596e-13, 1.42880871793e-14, 7.44950177578e-16],
        "dvar2": [4.79539835396e-07, 3.08905619022e-05, 9.64622631727e-06, 2.91597098112e-05, 2.30484456551e-05, 3.55960764864e-05, 1.35602858791e-05, 1.11287927211e-05, 1.10701057565e-05, 1.7572122033e-06, 6.72055784889e-06, 2.58601676251e-06, 3.52042093255e-07, 5.26512508259e-07, 1.33217895382e-07, 1.76775913019e-07, 8.69674252613e-08, 3.68512367288e-08, 9.88877246755e-09, 7.84892328909e-09, 6.84325374145e-10, 6.90677862125e-11, 9.97639471034e-12, 2.0379559585e-12, 2.91239010989e-13, 3.50776299554e-14, 1.81350833974e-15],
        "max": [0.00757737923414, 0.0646880865097, 0.0209427662194, 0.066070780158, 0.0434294268489, 0.0701935365796, 0.0459396503866, 0.0435817539692, 0.0415395274758, 0.0174062605947, 0.0324272625148, 0.0188951957971, 0.00521299988031, 0.0114658167586, 0.00410165078938, 0.00671950401738, 0.00272184493951, 0.00192490278278, 0.00128111767117, 0.00183666893281, 0.000415061891545, 0.000122620826005, 7.05914353603e-05, 2.77978706436e-05, 1.00963161458e-05, 4.56888392364e-06, 1.15711065973e-06],
        "mean": [0.000196741617401, 0.00261260964908, 0.00151187763549, 0.00186258472968, 0.00296567985788, 0.00376515532844, 0.00236879987642, 0.00181794737, 0.00202341284603, 0.000757365720347, 0.00111955532338, 0.000723702367395, 0.000352767121512, 0.000310788222123, 0.00024485893664, 0.000222498129006, 0.000182098156074, 0.00013638092787, 7.57853704272e-05, 5.36190127605e-05, 2.04595507967e-05, 6.53319648336e-06, 2.36779123952e-06, 9.4207013035e-07, 3.47698289715e-07, 1.10618060489e-07, 2.70439457495e-08],
        "median": [6.25010761723e-06, 0.00105662597343, 0.000813655671664, 0.00059533433523, 0.00126920489129, 0.00159299955703, 0.000808531884104, 0.000609875423834, 0.000637935241684, 0.000304493267322, 0.000343367108144, 0.000170579209225, 0.000168531492818, 0.000168987520738, 0.000122526122141, 0.000111634988571, 7.7000076999e-05, 6.53339375276e-05, 3.58954057447e-05, 2.36955456785e-05, 1.1805075701e-05, 3.90355353375e-06, 1.30275702759e-06, 3.6549877791e-07, 8.44241085929e-08, 2.78911578278e-08, 7.92506238412e-09],
        "min": [2.70307890785e-23, 1.45501670545e-23, 3.28654315255e-23, 9.33401522302e-24, 9.62952961786e-24, 5.23660131491e-23, 4.23095701531e-23, 3.41692860732e-23, 4.95323648241e-23, 5.47883146882e-23, 1.16335248824e-22, 5.37206261629e-23, 1.42552921103e-22, 1.4424151258e-22, 7.19020840471e-23, 8.77305150015e-23, 1.74455327012e-22, 1.51319185244e-22, 1.43775175878e-22, 2.48481920762e-22, 6.20123330402e-22, 5.43422321479e-22, 5.91278738688e-22, 8.70165731631e-22, 1.31612159983e-21, 1.89508512169e-21, 2.2784970681e-21],
        "var": [2.48917217505e-07, 1.81543746294e-05, 4.17070577896e-06, 1.11351873784e-05, 1.77480014827e-05, 3.2927520806e-05, 1.36279059006e-05, 1.03795891846e-05, 1.05995577542e-05, 1.41673433518e-06, 4.29625879406e-06, 2.15747513721e-06, 2.34165270285e-07, 2.60208423697e-07, 1.16617947299e-07, 1.40904404589e-07, 6.60502479377e-08, 3.58392462374e-08, 9.81695524871e-09, 8.15006107047e-09, 9.18382370152e-10, 7.05673436352e-11, 1.07269115465e-11, 1.9053140142e-12, 4.65144958141e-13, 6.31313781091e-14, 5.24003422643e-15]
    },
    "erbbands": {
        "dmean": [0.0404062233865, 0.478862196207, 1.19701719284, 3.58651733398, 5.70603561401, 5.68507146835, 8.38255500793, 18.7510719299, 18.0021438599, 27.4762096405, 18.3988952637, 20.6332836151, 19.6213645935, 20.3057994843, 18.4956207275, 15.1201887131, 9.58466911316, 9.07399749756, 4.95789909363, 6.98856258392, 7.05629825592, 4.59385681152, 3.20604109764, 2.08883619308, 1.66243803501, 0.905102491379, 0.505371034145, 0.151978984475, 0.112959638238, 0.0498338937759, 0.022726289928, 0.0109560545534, 0.00530031975359, 0.00182371772826, 0.000771702325437, 0.000229997487622, 6.29614514764e-05, 1.23830095617e-05, 3.70998327526e-06, 7.06398896e-06],
        "dmean2": [0.0694869607687, 0.841007947922, 2.09082889557, 6.23058748245, 9.81049346924, 9.54990673065, 13.2239665985, 30.2236175537, 28.6741924286, 45.5723876953, 29.7246494293, 33.2141609192, 31.4322013855, 33.8005828857, 31.0377426147, 25.5715122223, 16.1905498505, 15.1763114929, 8.26506328583, 11.7649097443, 11.850186348, 7.92389297485, 5.1984834671, 3.43104434013, 2.80322241783, 1.51612579823, 0.846166193485, 0.24355481565, 0.196210712194, 0.0837312340736, 0.0364296548069, 0.0177485700697, 0.00859251897782, 0.00284845056012, 0.00120425550267, 0.000364074105164, 9.56816948019e-05, 1.89641905308e-05, 6.09896142123e-06, 1.16768469525e-05],
        "dvar": [0.00628914078698, 0.643745422363, 2.98045802116, 48.453792572, 114.419807434, 134.399780273, 279.573364258, 1385.66577148, 1208.22644043, 2738.69628906, 1371.75378418, 1478.83239746, 1618.28051758, 2139.38525391, 1401.33312988, 1506.11364746, 256.471405029, 584.680297852, 75.9138641357, 172.441558838, 279.711151123, 99.6866455078, 32.9461326599, 16.0701675415, 12.3469018936, 2.65977263451, 0.98156619072, 0.0807049721479, 0.039708673954, 0.0104335807264, 0.00250793411396, 0.000617929850705, 0.000159733230248, 2.51617257163e-05, 5.36511788596e-06, 4.93019797432e-07, 4.39199361324e-08, 1.21478982429e-09, 3.81850211173e-11, 8.30357588244e-11],
        "dvar2": [0.0182796157897, 1.94532680511, 8.84413146973, 137.701904297, 332.429473877, 375.291687012, 660.498413086, 3396.07617188, 2830.36694336, 7331.36132812, 3542.74975586, 3702.14282227, 4145.28662109, 5990.67236328, 4026.84619141, 4220.70751953, 717.382568359, 1703.17919922, 197.231719971, 485.792266846, 781.140625, 299.119934082, 87.9344863892, 43.0872612, 34.7859764099, 7.19856834412, 2.64190268517, 0.200883775949, 0.117731206119, 0.0274937748909, 0.00617026584223, 0.00155285047367, 0.00039312930312, 5.96869904257e-05, 1.31305387185e-05, 1.23900849758e-06, 1.01588277346e-07, 2.63935873157e-09, 9.91138213169e-11, 2.2400761801e-10],
        "max": [1.38738369942, 17.8137702942, 25.2210083008, 145.997848511, 186.835357666, 228.115127563, 458.859283447, 853.111755371, 727.902893066, 793.544555664, 570.412841797, 524.125061035, 776.275146484, 1052.95117188, 587.150268555, 827.909912109, 214.176071167, 757.364929199, 120.838623047, 220.527175903, 460.176696777, 185.649719238, 99.8255996704, 89.6302490234, 98.0904006958, 38.3662223816, 25.6769638062, 8.34788036346, 4.80886602402, 3.08239912987, 1.67724061012, 0.785299479961, 0.383661359549, 0.126361638308, 0.0728677436709, 0.0206869598478, 0.00929688196629, 0.00126378319692, 0.000273846992059, 0.000166876605363],
        "mean": [0.0581833794713, 0.640798330307, 1.67123103142, 4.44899511337, 8.66247272491, 9.33877372742, 16.8668308258, 33.9750175476, 33.4419670105, 44.9629516602, 36.2660255432, 39.3792915344, 36.7530136108, 37.1934165955, 35.3224411011, 29.0288066864, 17.8297042847, 17.1466636658, 10.4586420059, 14.002538681, 13.9578008652, 10.1237182617, 7.62918567657, 5.065741539, 4.04317426682, 2.35275125504, 1.29608607292, 0.461777925491, 0.28437936306, 0.127027705312, 0.0624820888042, 0.027558978647, 0.0128077687696, 0.00478349858895, 0.00217694579624, 0.000639135483652, 0.000193540443433, 4.26685837738e-05, 1.56124551722e-05, 2.67646300927e-05],
        "median": [0.0187338087708, 0.260735452175, 0.947947502136, 1.79276680946, 2.51663255692, 3.66976737976, 5.90366411209, 13.6158409119, 14.6364097595, 14.9488258362, 13.6033573151, 13.8907613754, 14.2763366699, 13.3126678467, 11.8036441803, 8.64829826355, 8.74982833862, 9.62383842468, 6.24124383926, 7.39501953125, 7.1570482254, 4.07833003998, 4.01181507111, 2.8419919014, 1.83792078495, 1.16668903828, 0.686386823654, 0.283102422953, 0.167469590902, 0.0776095315814, 0.0342798382044, 0.0120559856296, 0.00501297321171, 0.00142767210491, 0.000526083866134, 0.000160306852194, 5.31307632627e-05, 1.36725602715e-05, 1.09073753265e-05, 2.12467966776e-05],
        "min": [7.79851886491e-22, 2.38590958065e-21, 2.33692934083e-20, 5.36755366911e-20, 3.75175198524e-20, 1.67417543195e-20, 1.42382340345e-19, 4.97512225516e-19, 5.33169345085e-19, 7.59435967951e-19, 7.44207624573e-19, 1.11799932475e-18, 1.69257252331e-18, 3.46797870637e-18, 2.95930812458e-18, 2.76717495459e-18, 7.36181646185e-18, 4.98367468231e-18, 6.52066021926e-18, 4.60602123774e-18, 5.07894893167e-18, 1.03080352804e-17, 9.75074798531e-18, 6.90946199053e-18, 8.26594803243e-18, 1.18572808748e-17, 2.88722131943e-17, 1.68994405352e-17, 1.71774377411e-17, 2.23476772203e-17, 1.71247314468e-17, 1.81546986952e-17, 1.4303354035e-17, 1.22411332109e-17, 1.06346111493e-17, 7.38847235709e-18, 2.98897247571e-18, 1.5823418145e-18, 3.29853365302e-19, 3.07032512027e-20],
        "var": [0.0118544418365, 1.08264672756, 4.23832988739, 55.6251296997, 197.92048645, 230.232925415, 758.729187012, 3006.81689453, 2774.36254883, 5175.09667969, 3489.96728516, 3563.01074219, 3660.52368164, 4111.66162109, 3283.06616211, 3521.67700195, 529.91595459, 906.572937012, 175.584289551, 392.180053711, 585.736022949, 221.427322388, 97.3441772461, 45.1385574341, 37.6941871643, 9.77600479126, 3.72774934769, 0.408991426229, 0.136320114136, 0.0300210379064, 0.00723385671154, 0.001527776476, 0.000374661671231, 7.60881157476e-05, 2.11182432395e-05, 1.88862964023e-06, 2.17373710143e-07, 9.83917569641e-09, 3.58090085362e-10, 6.48555986693e-10]
    },
    "gfcc": {
        "mean": [-130.123092651, 182.436828613, -143.333084106, 7.39545583725, -41.4346809387, -11.0448875427, -15.2646188736, -8.13878059387, -7.54104328156, -6.91124486923, -5.57224178314, -8.75263500214, -5.25691843033],
        "cov": [[26391.7285156, 299.884918213, -2099.50244141, 2920.00488281, -1299.71984863, 45.9569664001, -1087.89172363, 522.710266113, -851.204162598, -306.71572876, -137.372421265, 14.2359666824, 117.509902954], [299.884918213, 1416.0012207, 164.345108032, 17.7640895844, 508.90826416, -54.5523986816, 213.134994507, -142.375259399, 106.399261475, 12.3636054993, -15.0999298096, -98.0612716675, -46.0359039307], [-2099.50244141, 164.345108032, 739.670715332, -14.8274774551, 358.540008545, 162.04347229, 171.115386963, -20.7365779877, 101.889907837, 55.5342941284, -6.67444849014, -45.4821929932, -43.8346443176], [2920.00488281, 17.7640895844, -14.8274774551, 748.927978516, 22.0315952301, 214.585494995, -7.60371685028, 22.3782291412, 1.49950420856, 1.19262480736, -7.48314285278, -39.5998916626, 6.16209554672], [-1299.71984863, 508.90826416, 358.540008545, 22.0315952301, 517.038085938, 108.05620575, 206.803909302, -50.2808074951, 72.8567123413, 37.0458526611, -12.2477369308, -41.6681785583, -31.5948543549], [45.9569664001, -54.5523986816, 162.04347229, 214.585494995, 108.05620575, 301.953765869, 126.790122986, 34.1085128784, 60.0698928833, 3.5057015419, 2.73027014732, -31.3150959015, -11.9517450333], [-1087.89172363, 213.134994507, 171.115386963, -7.60371685028, 206.803909302, 126.790122986, 234.14692688, -3.54315757751, 100.48928833, 22.2388515472, 2.95419931412, -29.8864192963, -16.8759326935], [522.710266113, -142.375259399, -20.7365779877, 22.3782291412, -50.2808074951, 34.1085128784, -3.54315757751, 128.09815979, -19.2433986664, -10.2428350449, -2.72488474846, 15.2700967789, 7.13627529144], [-851.204162598, 106.399261475, 101.889907837, 1.49950420856, 72.8567123413, 60.0698928833, 100.48928833, -19.2433986664, 157.196075439, 58.8791313171, 25.3234767914, -32.1853218079, -14.4073619843], [-306.71572876, 12.3636054993, 55.5342941284, 1.19262480736, 37.0458526611, 3.5057015419, 22.2388515472, -10.2428350449, 58.8791313171, 94.00390625, 29.8782787323, -12.4573497772, -9.44785404205], [-137.372421265, -15.0999298096, -6.67444849014, -7.48314285278, -12.2477369308, 2.73027014732, 2.95419931412, -2.72488474846, 25.3234767914, 29.8782787323, 63.3828392029, 13.3181591034, -0.0229934770614], [14.2359666824, -98.0612716675, -45.4821929932, -39.5998916626, -41.6681785583, -31.3150959015, -29.8864192963, 15.2700967789, -32.1853218079, -12.4573497772, 13.3181591034, 79.9740600586, 40.4616317749], [117.509902954, -46.0359039307, -43.8346443176, 6.16209554672, -31.5948543549, -11.9517450333, -16.8759326935, 7.13627529144, -14.4073619843, -9.44785404205, -0.0229934770614, 40.4616317749, 69.3334655762]],
        "icov": [[0.000495118263643, -0.00115805736277, 0.000600283558015, -0.00172831839882, 0.00126494048163, -0.000524494855199, 0.00125105225015, -0.00199197698385, 0.0018703865353, -0.000916601798963, 0.000552777550183, -0.000420606491389, 0.000429998122854], [-0.00115805736277, 0.0043527642265, -0.000985382124782, 0.00370699679479, -0.00471385940909, 0.00263226311654, -0.00358578236774, 0.00535119511187, -0.00504766171798, 0.00331756612286, -0.00182887038682, 0.00245150434785, -0.00124554871581], [0.000600283558015, -0.000985382124782, 0.00319183664396, -0.00177164725028, -0.000377613003366, -0.00139494240284, 0.00186868105084, -0.0023327562958, 0.00149883027188, -0.00152542057913, 0.00119094504043, -0.000368109496776, 0.00110498012509], [-0.00172831839882, 0.00370699679479, -0.00177164725028, 0.00809474661946, -0.00446044793352, -0.000414529204136, -0.00299126259051, 0.00683565530926, -0.00626010727137, 0.00257191294804, -0.00168751995079, 0.00224187015556, -0.00224386225455], [0.00126494048163, -0.00471385940909, -0.000377613003366, -0.00446044793352, 0.00941049680114, -0.00224140915088, 0.00033284642268, -0.00442377151921, 0.00695173162967, -0.00454711681232, 0.00268466142006, -0.00264861551113, 0.00169368239585], [-0.000524494855199, 0.00263226311654, -0.00139494240284, -0.000414529204136, -0.00224140915088, 0.00858012679964, -0.00523629132658, 0.00114024209324, -0.00301003083587, 0.00352180236951, -0.00217356672511, 0.00238257343881, -0.000679329852574], [0.00125105225015, -0.00358578236774, 0.00186868105084, -0.00299126259051, 0.00033284642268, -0.00523629132658, 0.0143877202645, -0.00630701007321, -0.000195708387764, -0.00112622766756, 0.00195378367789, -0.00140573480166, 0.000973137677647], [-0.00199197698385, 0.00535119511187, -0.0023327562958, 0.00683565530926, -0.00442377151921, 0.00114024209324, -0.00630701007321, 0.0174280088395, -0.00629665050656, 0.00354271265678, -0.00158087676391, 0.000401066994527, -0.00136172224302], [0.0018703865353, -0.00504766171798, 0.00149883027188, -0.00626010727137, 0.00695173162967, -0.00301003083587, -0.000195708387764, -0.00629665050656, 0.0202592480928, -0.00968088116497, -0.000327973568346, 0.00132674933411, 0.000348142610164], [-0.000916601798963, 0.00331756612286, -0.00152542057913, 0.00257191294804, -0.00454711681232, 0.00352180236951, -0.00112622766756, 0.00354271265678, -0.00968088116497, 0.0193083286285, -0.00783506780863, 0.00343580241315, -0.000928721041419], [0.000552777550183, -0.00182887038682, 0.00119094504043, -0.00168751995079, 0.00268466142006, -0.00217356672511, 0.00195378367789, -0.00158087676391, -0.000327973568346, -0.00783506780863, 0.0224002320319, -0.00787825882435, 0.00370791065507], [-0.000420606491389, 0.00245150434785, -0.000368109496776, 0.00224187015556, -0.00264861551113, 0.00238257343881, -0.00140573480166, 0.000401066994527, 0.00132674933411, 0.00343580241315, -0.00787825882435, 0.0242270380259, -0.0126682054251], [0.000429998122854, -0.00124554871581, 0.00110498012509, -0.00224386225455, 0.00169368239585, -0.000679329852574, 0.000973137677647, -0.00136172224302, 0.000348142610164, -0.000928721041419, 0.00370791065507, -0.0126682054251, 0.022136926651]]
    },
    "melbands": {
        "dmean": [0.000449057959486, 0.000623298401479, 0.000649510649964, 0.000378360040486, 0.000269977987045, 0.000403776561143, 0.000273894431302, 0.000289058225462, 0.000149465617142, 0.000138611634611, 9.94339643512e-05, 7.97884495114e-05, 8.27149415272e-05, 4.37723829236e-05, 3.59654513886e-05, 1.7402395315e-05, 1.68293354363e-05, 9.02572810446e-06, 8.71964766702e-06, 8.04618593975e-06, 9.09318259801e-06, 5.67923734707e-06, 3.19369860335e-06, 4.27164104622e-06, 1.57718159244e-06, 1.37628103403e-06, 1.20281174532e-06, 5.65515961171e-07, 4.58049527197e-07, 1.35146663638e-07, 9.40422566487e-08, 6.57461498577e-08, 6.22688034468e-08, 2.4457573744e-08, 1.4838817286e-08, 1.13353637587e-08, 6.03254690645e-09, 4.64487426299e-09, 2.29227192783e-09, 1.4953436267e-09],
        "dmean2": [0.000782724586315, 0.00109110097401, 0.00113023188896, 0.000642285158392, 0.000428947940236, 0.000655514188111, 0.000436273694504, 0.000480951799545, 0.000240686786128, 0.000223578928853, 0.000159420611453, 0.000132712826598, 0.000139143172419, 7.43715063436e-05, 6.05884742981e-05, 2.94330711768e-05, 2.80874246528e-05, 1.50061296154e-05, 1.47697119246e-05, 1.33279991132e-05, 1.54226145241e-05, 9.8395803434e-06, 5.46353112441e-06, 6.87355532136e-06, 2.64833261099e-06, 2.3476984552e-06, 2.01612556339e-06, 9.49204320477e-07, 7.76720867179e-07, 2.22442977815e-07, 1.51442492324e-07, 1.11945304582e-07, 1.1087453089e-07, 4.1234272885e-08, 2.41282531732e-08, 1.85030604172e-08, 9.86848114337e-09, 7.69608199391e-09, 3.61808361049e-09, 2.37701813788e-09],
        "dvar": [6.26671806003e-07, 8.37439358747e-07, 1.42011799653e-06, 4.90110551254e-07, 2.53122777849e-07, 6.2277518964e-07, 2.63575287818e-07, 3.01449944118e-07, 8.73693721815e-08, 6.89468606652e-08, 4.12730400967e-08, 3.15156505337e-08, 3.04100957749e-08, 1.19947385357e-08, 4.66254812537e-09, 1.29369170931e-09, 1.78080261648e-09, 2.78266076847e-10, 2.99131525106e-10, 1.9404072793e-10, 4.62473670471e-10, 1.71299585627e-10, 3.28066358801e-11, 6.75766040348e-11, 1.12319225101e-11, 6.15806320867e-12, 1.07451686437e-11, 1.02090005286e-12, 8.50931955107e-13, 5.40481457604e-14, 3.56402529559e-14, 1.33449990018e-14, 1.46748119299e-14, 2.75538991885e-15, 1.00465434379e-15, 6.46301385348e-16, 2.03741930236e-16, 1.19405771353e-16, 3.21113730637e-17, 1.78513219338e-17],
        "dvar2": [1.86336558272e-06, 2.51634537562e-06, 4.09846325056e-06, 1.38495818192e-06, 6.1642123228e-07, 1.56549083385e-06, 6.15625538103e-07, 8.07876574527e-07, 2.25746603633e-07, 1.7643608885e-07, 1.05694688557e-07, 8.81479067516e-08, 8.7261376791e-08, 3.44700836763e-08, 1.28366153263e-08, 3.66858388112e-09, 5.16473441792e-09, 7.08727576626e-10, 8.48939363252e-10, 5.36060362766e-10, 1.29152211148e-09, 5.16157672159e-10, 9.43492506345e-11, 1.71639563673e-10, 3.05148857571e-11, 1.79195911582e-11, 2.93335564172e-11, 2.80651630408e-12, 2.34501697574e-12, 1.40210691907e-13, 8.95879236681e-14, 3.68485759484e-14, 4.72902119753e-14, 7.28992638011e-15, 2.50177258433e-15, 1.65301486624e-15, 5.26807853441e-16, 3.04550616776e-16, 7.57992579141e-17, 4.3713388483e-17],
        "max": [0.0144154895097, 0.0183986555785, 0.0239772796631, 0.0110941324383, 0.0123147470877, 0.0167245808989, 0.0107195880264, 0.0088316546753, 0.00448023714125, 0.00459397863597, 0.00388808432035, 0.00382878142409, 0.00291926157661, 0.00221060286276, 0.00114909990225, 0.00110780843534, 0.0012830235064, 0.000272547942586, 0.000436219008407, 0.000210016107303, 0.000570132571738, 0.000248240830842, 0.000106920029793, 0.000150508494698, 7.39914685255e-05, 4.19024472649e-05, 0.000114044982183, 2.3285010684e-05, 2.35877123487e-05, 3.89487104258e-06, 5.94658877162e-06, 3.06112815451e-06, 2.3970503662e-06, 1.71311342001e-06, 1.01819978227e-06, 6.49256492125e-07, 3.68195230749e-07, 3.51527631892e-07, 1.00181615892e-07, 1.18643100677e-07],
        "mean": [0.000648826768156, 0.000905419234186, 0.000909954542294, 0.000637463352177, 0.000552401412278, 0.00074795121327, 0.000516522268299, 0.000481316441437, 0.00029310429818, 0.000257840089034, 0.000180019938853, 0.00014078298409, 0.000142813441926, 8.01386777312e-05, 6.12658477621e-05, 3.17943049595e-05, 3.11028888973e-05, 1.6518521079e-05, 1.71348110598e-05, 1.63752411027e-05, 1.61265688803e-05, 1.09523934952e-05, 6.54318228044e-06, 8.05579838925e-06, 3.43767123923e-06, 2.9926040952e-06, 2.60513661487e-06, 1.27740793232e-06, 1.02064950624e-06, 3.22704664768e-07, 2.48945269732e-07, 1.63496451933e-07, 1.18378075342e-07, 5.52223760053e-08, 3.7412764442e-08, 2.5758133404e-08, 1.29348451949e-08, 1.00593444685e-08, 5.29854649045e-09, 3.51932083476e-09],
        "median": [0.000254454353126, 0.000493715284392, 0.000369454035535, 0.000220577960135, 0.000203838775633, 0.0003107530938, 0.000228367600357, 0.000160955853062, 0.000105034756416, 8.66625196068e-05, 6.48128698231e-05, 4.86451281176e-05, 4.46819758508e-05, 1.99494133994e-05, 2.25127496378e-05, 1.63519416674e-05, 1.66120316862e-05, 8.12611233414e-06, 8.34670936456e-06, 8.90817045729e-06, 7.09239975549e-06, 4.24381960329e-06, 2.70734722108e-06, 3.33498815053e-06, 1.75201807906e-06, 1.27920770865e-06, 1.00491001831e-06, 6.19576780991e-07, 4.76572836305e-07, 1.77573241444e-07, 1.19666452747e-07, 9.43227576045e-08, 5.40632143498e-08, 3.15082573366e-08, 2.05125409991e-08, 1.04832889036e-08, 4.82999551465e-09, 3.75493769411e-09, 1.701151775e-09, 8.29006974179e-10],
        "min": [6.65911095572e-24, 9.98897330047e-24, 8.55687757971e-24, 1.98082125276e-24, 4.08225815463e-24, 1.10289759635e-23, 8.44203678685e-24, 8.71125923658e-24, 5.65862785748e-24, 7.45034238796e-24, 8.53926468228e-24, 1.34354876627e-23, 1.29413215259e-23, 6.69098566945e-24, 1.19979361799e-23, 1.27005241011e-23, 9.49294702959e-24, 1.19266231541e-23, 6.11615456073e-24, 7.04082733712e-24, 5.08808894094e-24, 1.27373639054e-23, 6.56267192119e-24, 8.4253160911e-24, 5.15621141884e-24, 6.15445099667e-24, 8.28397193841e-24, 6.89421043813e-24, 1.4084089099e-23, 1.87899410103e-23, 7.95424385725e-24, 8.17523771782e-24, 1.26175856321e-23, 1.21285313139e-23, 1.03613976893e-23, 8.14998470252e-24, 1.19721349063e-23, 1.05653332216e-23, 7.87845089033e-24, 1.15317951156e-23],
        "var": [1.19292633372e-06, 1.33750154419e-06, 1.96208634407e-06, 9.19672231703e-07, 7.22018114629e-07, 1.37914241805e-06, 6.30620036191e-07, 6.12707708569e-07, 2.22195794208e-07, 1.62714329122e-07, 9.0716461898e-08, 5.86622448395e-08, 6.07255401519e-08, 2.8834092447e-08, 9.3636618459e-09, 2.32791563803e-09, 2.83973622395e-09, 5.39867872629e-10, 6.57399468196e-10, 5.10668507481e-10, 9.00965801964e-10, 3.19978266106e-10, 7.94689869466e-11, 1.50900736351e-10, 2.51376749277e-11, 1.64253402546e-11, 2.72441132154e-11, 2.79416659081e-12, 2.74919692046e-12, 1.82038290149e-13, 1.7433678199e-13, 4.75833734665e-14, 2.9511390212e-14, 6.42071345161e-15, 2.66358022945e-15, 1.56507527038e-15, 4.08194309356e-16, 2.43338272065e-16, 7.83721800484e-17, 5.36938519691e-17]
    },
    "mfcc": {
        "mean": [-747.934082031, 192.46975708, -20.8308525085, 15.3104524612, -5.74706029892, 1.64495921135, -2.55192947388, 1.18831932545, -1.24613285065, 3.27340722084, -0.973262548447, 0.987824738026, 1.70889532566],
        "cov": [[17177.7636719, 1992.30041504, -2630.66552734, 2269.5534668, -851.901855469, -385.58682251, -407.225158691, 216.972869873, -476.98348999, -352.531005859, -433.862060547, -98.00831604, -154.996261597], [1992.30041504, 1226.48547363, -40.7907791138, 268.981811523, 169.302078247, 124.795059204, 79.8791885376, 47.9274559021, 6.19084787369, 35.1763687134, 42.2753753662, -13.8770256042, -40.3178520203], [-2630.66552734, -40.7907791138, 736.72857666, -282.548919678, 271.962493896, 206.609405518, 127.174453735, 10.0916395187, 127.156288147, 119.940185547, 134.805343628, 20.6112213135, 11.9840326309], [2269.5534668, 268.981811523, -282.548919678, 560.193725586, 10.3980922699, 65.3122634888, -14.2136087418, 35.3475418091, -38.413433075, -21.5420074463, -20.3601646423, -19.7175273895, -27.9840373993], [-851.901855469, 169.302078247, 271.962493896, 10.3980922699, 321.361206055, 199.33543396, 136.203704834, 31.924156189, 67.7874298096, 69.3325653076, 73.8773269653, 11.7172784805, 2.48582363129], [-385.58682251, 124.795059204, 206.609405518, 65.3122634888, 199.33543396, 266.521881104, 127.348075867, 53.3603096008, 72.6174545288, 67.5113449097, 69.2065505981, 3.28557395935, 5.65890264511], [-407.225158691, 79.8791885376, 127.174453735, -14.2136087418, 136.203704834, 127.348075867, 177.044082642, 78.8778305054, 61.2814979553, 45.3367347717, 29.6399307251, 20.1457595825, 20.1168956757], [216.972869873, 47.9274559021, 10.0916395187, 35.3475418091, 31.924156189, 53.3603096008, 78.8778305054, 140.195739746, 53.8212661743, 2.46540093422, -8.20819759369, 5.71731472015, 17.0218067169], [-476.98348999, 6.19084787369, 127.156288147, -38.413433075, 67.7874298096, 72.6174545288, 61.2814979553, 53.8212661743, 113.7866745, 53.4672393799, 23.9895210266, 14.5129480362, 17.0307998657], [-352.531005859, 35.1763687134, 119.940185547, -21.5420074463, 69.3325653076, 67.5113449097, 45.3367347717, 2.46540093422, 53.4672393799, 117.131256104, 66.8327407837, 18.3471622467, 2.6955268383], [-433.862060547, 42.2753753662, 134.805343628, -20.3601646423, 73.8773269653, 69.2065505981, 29.6399307251, -8.20819759369, 23.9895210266, 66.8327407837, 121.807975769, 25.649559021, -16.9877948761], [-98.00831604, -13.8770256042, 20.6112213135, -19.7175273895, 11.7172784805, 3.28557395935, 20.1457595825, 5.71731472015, 14.5129480362, 18.3471622467, 25.649559021, 68.1527709961, 20.0669994354], [-154.996261597, -40.3178520203, 11.9840326309, -27.9840373993, 2.48582363129, 5.65890264511, 20.1168956757, 17.0218067169, 17.0307998657, 2.6955268383, -16.9877948761, 20.0669994354, 68.5026092529]],
