{
"lowlevel": {
    "average_loudness": 0.0420423559844,
    "barkbands_crest": {
        "dmean": 1.93303048611,
        "dmean2": 3.13020133972,
        "dvar": 4.03548717499,
        "dvar2": 9.95663833618,
        "max": 26.1857299805,
        "mean": 12.4140615463,
        "median": 11.5859737396,
        "min": 4.49381065369,
        "var": 18.3351364136
    },
    "barkbands_flatness_db": {
        "dmean": 0.0157408323139,
        "dmean2": 0.0261347740889,
        "dvar": 0.000301034509903,
        "dvar2": 0.000777904759161,
        "max": 0.539191842079,
        "mean": 0.370462059975,
        "median": 0.377389907837,
        "min": 0.0669867023826,
        "var": 0.00260051921941
    },
    "barkbands_kurtosis": {
        "dmean": 2.05135130882,
        "dmean2": 3.33262228966,
        "dvar": 18.8207054138,
        "dvar2": 49.7795181274,
        "max": 130.693756104,
        "mean": 5.11100530624,
        "median": 2.16498565674,
        "min": -1.93057203293,
        "var": 105.140991211
    },
    "barkbands_skewness": {
        "dmean": 0.373209029436,
        "dmean2": 0.592265248299,
        "dvar": 0.175707101822,
        "dvar2": 0.417573034763,
        "max": 8.86873149872,
        "mean": 0.563350141048,
        "median": 0.614129781723,
        "min": -7.16177797318,
        "var": 1.89899718761
    },
    "barkbands_spread": {
        "dmean": 0.808457970619,
        "dmean2": 1.2976565361,
        "dvar": 3.56089234352,
        "dvar2": 8.4610118866,
        "max": 133.576385498,
        "mean": 4.61793375015,
        "median": 3.54866504669,
        "min": 0.166937708855,
        "var": 46.3088188171
    },
    "dissonance": {
        "dmean": 0.0500481650233,
        "dmean2": 0.0864558815956,
        "dvar": 0.00250827427953,
        "dvar2": 0.00694402307272,
        "max": 0.500000119209,
        "mean": 0.351424276829,
        "median": 0.359358072281,
        "min": 0.070308059454,
        "var": 0.00659713894129
    },
    "dynamic_complexity": 9.41192722321,
    "erbbands_crest": {
        "dmean": 2.06127810478,
        "dmean2": 3.15187644958,
        "dvar": 5.17469215393,
        "dvar2": 11.1101484299,
        "max": 33.8378486633,
        "mean": 15.0704288483,
        "median": 14.1249599457,
        "min": 2.11684703827,
        "var": 32.9972915649
    },
    "erbbands_flatness_db": {
        "dmean": 0.0133215561509,
        "dmean2": 0.0214501079172,
        "dvar": 0.000236958701862,
        "dvar2": 0.000551786564756,
        "max": 0.567026019096,
        "mean": 0.381210446358,
        "median": 0.388816773891,
        "min": 0.0229988023639,
        "var": 0.00428506825119
    },
    "erbbands_kurtosis": {
        "dmean": 1.50113224983,
        "dmean2": 2.31955957413,
        "dvar": 7.57339000702,
        "dvar2": 16.5725536346,
        "max": 48.6672935486,
        "mean": 3.85436654091,
        "median": 2.03426623344,
        "min": -1.6931899786,
        "var": 29.4212474823
    },
    "erbbands_skewness": {
        "dmean": 0.289602845907,
        "dmean2": 0.440927624702,
        "dvar": 0.117334477603,
        "dvar2": 0.244820028543,
        "max": 5.17129707336,
        "mean": 0.55459100008,
        "median": 0.512318193913,
        "min": -4.30216693878,
        "var": 1.15514731407
    },
    "erbbands_spread": {
        "dmean": 1.24368429184,
        "dmean2": 1.97572386265,
        "dvar": 3.26148080826,
        "dvar2": 8.06761455536,
        "max": 117.073684692,
        "mean": 8.30200099945,
        "median": 6.70990943909,
        "min": 0.373359292746,
        "var": 66.7664108276
    },
    "hfc": {
        "dmean": 1.99203026295,
        "dmean2": 2.59381341934,
        "dvar": 42.2060394287,
        "dvar2": 80.2906570435,
        "max": 234.839935303,
        "mean": 6.57131195068,
        "median": 1.9007127285,
        "min": 1.11736801223e-16,
        "var": 163.406677246
    },
    "melbands_crest": {
        "dmean": 2.30926394463,
        "dmean2": 3.70459699631,
        "dvar": 5.69682979584,
        "dvar2": 13.0030374527,
        "max": 33.2416534424,
        "mean": 15.0129003525,
        "median": 14.0957965851,
        "min": 1.77525067329,
        "var": 26.5581436157
    },
    "melbands_flatness_db": {
        "dmean": 0.017060065642,
        "dmean2": 0.0281835980713,
        "dvar": 0.000396730640205,
        "dvar2": 0.000970585853793,
        "max": 0.679233908653,
        "mean": 0.493291258812,
        "median": 0.509195804596,
        "min": 0.00384505442344,
        "var": 0.00761627731845
    },
    "melbands_kurtosis": {
        "dmean": 1.67050027847,
        "dmean2": 2.70096325874,
        "dvar": 9.80680084229,
        "dvar2": 25.1138591766,
        "max": 87.4336090088,
        "mean": 3.60565900803,
        "median": 1.90242791176,
        "min": -1.79220724106,
        "var": 40.1768760681
    },
    "melbands_skewness": {
        "dmean": 0.350212335587,
        "dmean2": 0.555688977242,
        "dvar": 0.141454979777,
        "dvar2": 0.333059638739,
        "max": 7.20529127121,
        "mean": 0.809919238091,
        "median": 0.792285323143,
        "min": -4.37290334702,
        "var": 1.01482653618
    },
    "melbands_spread": {
        "dmean": 1.20032274723,
        "dmean2": 1.90281569958,
        "dvar": 6.54188871384,
        "dvar2": 15.1931381226,
        "max": 176.769348145,
        "mean": 8.18756580353,
        "median": 5.31231021881,
        "min": 0.324844777584,
        "var": 295.009429932
    },
    "pitch_salience": {
        "dmean": 0.0488069318235,
        "dmean2": 0.079460375011,
        "dvar": 0.00258862553164,
        "dvar2": 0.00666168471798,
        "max": 0.907205820084,
        "mean": 0.535871207714,
        "median": 0.542896032333,
        "min": 0.107615545392,
        "var": 0.0116633409634
    },
    "silence_rate_20dB": {
        "dmean": 0,
        "dmean2": 0,
        "dvar": 0,
        "dvar2": 0,
        "max": 1,
        "mean": 1,
        "median": 1,
        "min": 1,
        "var": 0
    },
    "silence_rate_30dB": {
        "dmean": 0.00806234870106,
        "dmean2": 0.0161261428148,
        "dvar": 0.00799816567451,
        "dvar2": 0.0169406551868,
        "max": 1,
        "mean": 0.986295223236,
        "median": 1,
        "min": 0,
        "var": 0.0135159464553
    },
    "silence_rate_60dB": {
        "dmean": 0.027770312503,
        "dmean2": 0.0555456019938,
        "dvar": 0.0270004998893,
        "dvar2": 0.0594523362815,
        "max": 1,
        "mean": 0.405410259962,
        "median": 0,
        "min": 0,
        "var": 0.241027310491
    },
    "spectral_centroid": {
        "dmean": 31.3095989227,
        "dmean2": 47.8251953125,
        "dvar": 8593.98242188,
        "dvar2": 12328.2792969,
        "max": 11274.3066406,
        "mean": 485.950073242,
        "median": 419.499725342,
        "min": 179.764968872,
        "var": 192999.21875
    },
    "spectral_complexity": {
        "dmean": 0.845829963684,
        "dmean2": 1.45206952095,
        "dvar": 1.10058832169,
        "dvar2": 2.45305895805,
        "max": 24,
        "mean": 6.61134004593,
        "median": 7,
        "min": 0,
        "var": 15.6493806839
    },
    "spectral_decrease": {
        "dmean": 9.75942437975e-10,
        "dmean2": 1.33148636561e-09,
        "dvar": 7.98661162111e-18,
        "dvar2": 1.53381553269e-17,
        "max": 1.16307322185e-15,
        "mean": -3.6626355282e-09,
        "median": -1.35572753024e-09,
        "min": -7.72679626948e-08,
        "var": 3.90641338234e-17
    },
    "spectral_energy": {
        "dmean": 0.00385810108855,
        "dmean2": 0.00525224395096,
        "dvar": 0.000126069629914,
        "dvar2": 0.000241950605414,
        "max": 0.308734536171,
        "mean": 0.0144196320325,
        "median": 0.00528971012682,
        "min": 1.01805972826e-20,
        "var": 0.000610252376646
    },
    "spectral_energyband_high": {
        "dmean": 2.08808501156e-06,
        "dmean2": 2.8020483569e-06,
        "dvar": 7.18573811564e-10,
        "dvar2": 1.37602118588e-09,
        "max": 0.00144199549686,
        "mean": 2.74527837973e-06,
        "median": 2.03749355165e-08,
        "min": 7.32513345738e-21,
        "var": 1.04551522995e-09
    },
    "spectral_energyband_low": {
        "dmean": 0.000724674668163,
        "dmean2": 0.00114538671914,
        "dvar": 4.06475101045e-06,
        "dvar2": 9.17041506909e-06,
        "max": 0.0638587549329,
        "mean": 0.00221237097867,
        "median": 0.0004877038009,
        "min": 1.18926372908e-22,
        "var": 2.24839386647e-05
    },
    "spectral_energyband_middle_high": {
        "dmean": 0.000395898765419,
        "dmean2": 0.000470803905046,
        "dvar": 4.29381452705e-06,
        "dvar2": 6.46041962682e-06,
        "max": 0.102977141738,
        "mean": 0.00108839967288,
        "median": 8.26821778901e-05,
        "min": 1.48306940703e-21,
        "var": 1.53294695338e-05
    },
    "spectral_energyband_middle_low": {
        "dmean": 0.00343904551119,
        "dmean2": 0.00470745936036,
        "dvar": 0.000113288966531,
        "dvar2": 0.000223006078159,
        "max": 0.294860243797,
        "mean": 0.0117669645697,
        "median": 0.00380582455546,
        "min": 3.60712088897e-22,
        "var": 0.00047800631728
    },
    "spectral_entropy": {
        "dmean": 0.121687971056,
        "dmean2": 0.201047688723,
        "dvar": 0.0314451679587,
        "dvar2": 0.0798751041293,
        "max": 9.81000709534,
        "mean": 5.41444826126,
        "median": 5.32697868347,
        "min": 3.67576742172,
        "var": 0.357450217009
    },
    "spectral_flux": {
        "dmean": 0.0124082891271,
        "dmean2": 0.020080730319,
        "dvar": 0.000633156567346,
        "dvar2": 0.00154330511577,
        "max": 0.400710344315,
        "mean": 0.0280172899365,
        "median": 0.0188170168549,
        "min": 1.00898948918e-10,
        "var": 0.0010786165949
    },
    "spectral_kurtosis": {
        "dmean": 33.0433120728,
        "dmean2": 57.426990509,
        "dvar": 1052.4329834,
        "dvar2": 2962.78833008,
        "max": 450.711029053,
        "mean": 141.690628052,
        "median": 143.397491455,
        "min": -1.16670584679,
        "var": 5631.96923828
    },
    "spectral_rms": {
        "dmean": 0.000369449175196,
        "dmean2": 0.000504075898789,
        "dvar": 4.85067573663e-07,
        "dvar2": 8.6323314008e-07,
        "max": 0.0173552408814,
        "mean": 0.00286482507363,
        "median": 0.00227171578445,
        "min": 3.15155345397e-12,
        "var": 5.86076703257e-06
    },
    "spectral_rolloff": {
        "dmean": 60.5845947266,
        "dmean2": 110.128807068,
        "dvar": 305601.125,
        "dvar2": 922535.3125,
        "max": 19832.0800781,
        "mean": 911.097290039,
        "median": 538.330078125,
        "min": 129.19921875,
        "var": 6790220
    },
    "spectral_skewness": {
        "dmean": 1.4555658102,
        "dmean2": 2.55456781387,
        "dvar": 1.8607968092,
        "dvar2": 5.14819383621,
        "max": 17.4344043732,
        "mean": 8.79021453857,
        "median": 9.25898933411,
        "min": -0.0374377220869,
        "var": 10.0521526337
    },
    "spectral_spread": {
        "dmean": 285645.375,
        "dmean2": 507959.21875,
        "dvar": 137070780416,
        "dvar2": 269585006592,
        "max": 40102136,
        "mean": 1166745.5,
        "median": 805614.25,
        "min": 188982.515625,
        "var": 3.38309362483e+12
    },
    "spectral_strongpeak": {
        "dmean": 0.304367005825,
        "dmean2": 0.447023570538,
        "dvar": 0.419098198414,
        "dvar2": 0.818698227406,
        "max": 13.5494203568,
        "mean": 0.975003540516,
        "median": 0.453587889671,
        "min": 0,
        "var": 1.75155341625
    },
    "zerocrossingrate": {
        "dmean": 0.002222744748,
        "dmean2": 0.00296223373152,
        "dvar": 3.8447586121e-05,
        "dvar2": 5.48988464288e-05,
        "max": 0.79150390625,
        "mean": 0.0340571813285,
        "median": 0.02001953125,
        "min": 0.0048828125,
        "var": 0.00891018472612
    },
    "barkbands": {
        "dmean": [9.71970621322e-06, 0.000222010014113, 0.000509297824465, 0.000203870120458, 0.000683515099809, 0.000496310705785, 0.000744480232242, 0.00135160319041, 0.000595906749368, 0.00043717463268, 0.000113572954433, 2.32373986364e-05, 4.56396119262e-05, 1.13411906568e-05, 1.04348018795e-05, 1.10646278699e-05, 7.02595843904e-06, 5.57092471354e-06, 3.59432942787e-06, 2.46209015131e-06, 1.37693817237e-07, 1.55481004072e-07, 9.69280478103e-08, 1.06274269385e-08, 1.50411394451e-09, 8.06384015117e-10, 1.46318024363e-09],
        "dmean2": [1.39430521813e-05, 0.000359355151886, 0.000798722670879, 0.000346819870174, 0.00106278667226, 0.000664782070089, 0.00120633293409, 0.001791740302, 0.000859460211359, 0.000536817067768, 0.000129767984618, 3.01844866044e-05, 6.31833027001e-05, 1.52875963977e-05, 1.29635909616e-05, 1.46899274114e-05, 9.5662617241e-06, 8.54294285091e-06, 4.86042699777e-06, 3.24690222442e-06, 1.89764023162e-07, 2.36320559566e-07, 1.64878088071e-07, 1.63676308063e-08, 2.44248865577e-09, 1.44534384461e-09, 2.62411425922e-09],
        "dvar": [2.71520117501e-09, 4.95832694014e-07, 2.42626879299e-06, 3.112901652e-07, 5.9515355133e-06, 4.16510465584e-06, 1.15969505714e-05, 4.93186489621e-05, 8.88731301529e-06, 1.44388141052e-05, 7.8594405295e-07, 5.06167197045e-08, 1.04092691799e-07, 3.39935657401e-09, 3.45770745369e-09, 7.92555887585e-09, 2.47331888303e-09, 2.49148013332e-09, 5.72939695687e-10, 6.16438344814e-10, 1.37560102198e-12, 9.66361886345e-12, 3.10244451657e-12, 1.78903675321e-14, 2.00088359497e-16, 1.44965768086e-17, 3.37912648048e-18],
        "dvar2": [4.50373960348e-09, 1.18594823562e-06, 5.33987758899e-06, 9.89288082565e-07, 1.28407264128e-05, 6.48134164294e-06, 3.50961236109e-05, 0.000102015372249, 1.9186281861e-05, 2.42928635998e-05, 1.00647878298e-06, 8.63179820954e-08, 2.35821275396e-07, 6.84314915844e-09, 5.78054759615e-09, 1.45279033248e-08, 5.16982279208e-09, 6.09691541698e-09, 1.13480536079e-09, 1.16965925834e-09, 2.94578489206e-12, 2.17591031998e-11, 7.69551002783e-12, 4.15279383147e-14, 4.40646153268e-16, 3.68889168189e-17, 1.09969940126e-17],
        "max": [0.00280355731957, 0.0368437133729, 0.0573704130948, 0.0109322536737, 0.12130856514, 0.108435675502, 0.152262374759, 0.236941754818, 0.144592449069, 0.231376811862, 0.0475501194596, 0.0212292969227, 0.0191219057888, 0.00260218768381, 0.0024624208454, 0.00480055203661, 0.00281007774174, 0.00246986397542, 0.000989309395663, 0.0012735981727, 4.89104786539e-05, 0.000170097919181, 9.81908888207e-05, 5.80077130508e-06, 7.00282328125e-07, 3.0641297144e-07, 3.37967982489e-08],
        "mean": [1.3899582882e-05, 0.000431020889664, 0.00152364815585, 0.000379310367862, 0.00201091892086, 0.00195489614271, 0.00202458282001, 0.00314273452386, 0.00136657909025, 0.00101040338632, 0.00025335844839, 5.3957952332e-05, 0.000131919994601, 3.18983220495e-05, 3.02496318909e-05, 2.37143303821e-05, 1.54407789523e-05, 1.07560417746e-05, 6.48917148283e-06, 3.34447440764e-06, 2.30586763905e-07, 1.95705069927e-07, 1.01495494675e-07, 1.28250290388e-08, 2.02392480553e-09, 1.42362921451e-09, 6.97119117987e-09],
        "median": [1.84603663911e-06, 8.65300316946e-05, 0.000240515189944, 0.000102578531369, 0.00039157300489, 0.000525829032995, 0.000365201354725, 0.000190370687051, 0.000146410864545, 1.8846401872e-05, 1.4146167814e-05, 2.50870903074e-06, 6.42596342004e-06, 1.07275081973e-06, 7.26307916921e-07, 5.80308778808e-07, 2.67138545951e-07, 9.59549453228e-08, 7.11767356165e-08, 1.0696489916e-08, 1.40602851584e-09, 9.02033558958e-10, 6.63196719763e-10, 6.54218068608e-10, 6.53002263373e-10, 8.68676020005e-10, 6.73730138345e-09],
        "min": [1.03759102056e-22, 3.60193352898e-23, 2.20113870454e-23, 1.27229277508e-23, 2.58214164014e-23, 3.91342535483e-23, 5.2867160705e-23, 1.07889135993e-22, 7.85932274888e-23, 1.63244730025e-22, 7.2092382541e-23, 5.57041064685e-23, 9.11780012404e-23, 4.55484437033e-23, 4.57299195769e-23, 1.60342113169e-22, 1.83518278584e-22, 1.66894189899e-22, 2.65875988178e-22, 4.04670876902e-22, 3.10198914377e-22, 3.93810874945e-22, 5.36550320631e-22, 7.10831681725e-22, 1.4030884533e-21, 1.8537287164e-21, 2.16948896132e-21],
        "var": [6.38089803218e-09, 1.20190270536e-06, 1.4730509065e-05, 6.43581245185e-07, 2.68168787443e-05, 2.40714944084e-05, 3.48512730852e-05, 0.00011903768609, 2.53124817391e-05, 3.84306295018e-05, 2.75479624179e-06, 1.34291141762e-07, 3.44363968452e-07, 1.34758906256e-08, 1.62216018396e-08, 1.72584311287e-08, 6.52668497025e-09, 5.83219872397e-09, 1.10105158324e-09, 9.29698373842e-10, 2.3230879026e-12, 1.09080635149e-11, 3.13671766512e-12, 2.29832056435e-14, 2.30275806409e-16, 1.42163875741e-17, 3.48244278656e-18]
    },
    "erbbands": {
        "dmean": [0.00278749060817, 0.0657666400075, 0.476415783167, 0.672092616558, 1.04697835445, 2.57861733437, 4.33687973022, 3.91799807549, 8.4608631134, 25.4796981812, 15.2619314194, 16.8992481232, 19.3807983398, 5.21977996826, 2.58622837067, 1.15680396557, 1.93218743801, 0.99051451683, 0.514048337936, 0.474712699652, 0.521162748337, 0.254415988922, 0.411401689053, 0.196943536401, 0.125345528126, 0.0774753764272, 0.0602527447045, 0.00581787712872, 0.00758158974349, 0.00315419514664, 0.001604530029, 0.000888033537194, 0.000157052374561, 3.86857136618e-05, 8.20337845653e-06, 4.48801893072e-06, 2.11067253986e-06, 6.07813376519e-07, 1.86865338492e-06, 4.35586844105e-06],
        "dmean2": [0.00463091861457, 0.105818018317, 0.746047139168, 1.09081482887, 1.60161483288, 4.06574010849, 6.33621454239, 5.2707529068, 13.1825447083, 34.5032730103, 21.042011261, 23.7629737854, 24.3247509003, 6.28461933136, 3.02362537384, 1.41262614727, 2.67672038078, 1.34453678131, 0.623374938965, 0.610414385796, 0.699957370758, 0.34615957737, 0.622006237507, 0.265272796154, 0.173911914229, 0.103027746081, 0.0787517726421, 0.00804344192147, 0.0115367136896, 0.00480914860964, 0.00274587608874, 0.00147836026736, 0.000234473613091, 5.7874378399e-05, 1.30940252348e-05, 7.12821565685e-06, 3.29340355165e-06, 1.00549198123e-06, 2.52372683462e-06, 5.91390471527e-06],
        "dvar": [9.76017472567e-05, 0.0409830063581, 2.01443171501, 2.99409556389, 13.1200685501, 82.4096374512, 709.740844727, 156.895492554, 1666.0859375, 14033.0136719, 4723.34912109, 6814.20849609, 24870.3261719, 1045.1418457, 854.251525879, 129.116439819, 164.837402344, 28.4139785767, 6.63225698471, 7.25460910797, 11.4298706055, 2.69680047035, 13.1594429016, 1.47329890728, 1.62852847576, 0.468321025372, 0.616341292858, 0.0038954927586, 0.0235609337687, 0.00250851688907, 0.000728415150661, 0.000364043633454, 4.76631521451e-06, 2.71310284461e-07, 2.0030468395e-09, 5.55956114479e-10, 8.34685306983e-11, 2.386548641e-12, 2.9757765696e-11, 1.62208885213e-10],
        "dvar2": [0.000266286922852, 0.0971468389034, 4.45350074768, 7.50906610489, 29.6025485992, 203.812988281, 1178.96655273, 257.112640381, 4821.984375, 27627.21875, 10325.2324219, 14070.5683594, 44662.5351562, 1623.76977539, 1175.08569336, 215.864715576, 367.719299316, 63.07554245, 11.4101209641, 12.8509426117, 21.3584671021, 5.69222307205, 31.9732456207, 2.81836748123, 3.36839389801, 0.928116559982, 1.15138173103, 0.00828241184354, 0.052973382175, 0.00596532132477, 0.00185439689085, 0.000925138359889, 1.07041050796e-05, 5.08020889356e-07, 4.27579305295e-09, 1.24124166501e-09, 1.9512375049e-10, 5.83286500697e-12, 5.62650481761e-11, 3.10834191719e-10],
        "max": [0.371910870075, 10.238035202, 49.650138855, 47.848274231, 136.059860229, 347.714050293, 1718.00793457, 696.888916016, 1703.77844238, 4046.81518555, 2008.10449219, 3969.55541992, 9831.07910156, 1449.66491699, 2406.59936523, 1096.58288574, 735.955749512, 308.59664917, 140.133575439, 110.860290527, 165.471572876, 90.0369338989, 177.238876343, 50.9506607056, 65.2297134399, 31.3777828217, 43.3487625122, 2.79638075829, 8.41502475739, 2.22824859619, 1.49917435646, 1.33415019512, 0.119421601295, 0.032403383404, 0.0028293277137, 0.00195151579101, 0.00073950830847, 8.04174487712e-05, 0.000158727896633, 0.000358137272997],
        "mean": [0.0050234911032, 0.146116286516, 1.41859638691, 1.75422418118, 2.66765427589, 8.12633800507, 11.9452848434, 16.2000331879, 26.1415596008, 62.2875442505, 39.0207557678, 41.5655479431, 44.6858100891, 12.1035461426, 6.70688152313, 3.02172088623, 5.69333648682, 2.97368502617, 1.75781548023, 1.1672283411, 1.19496405125, 0.614975869656, 0.817070007324, 0.373959392309, 0.219997823238, 0.112325921655, 0.0775507837534, 0.0089433407411, 0.00952530559152, 0.00373114389367, 0.00171905453317, 0.000929765403271, 0.000206448006793, 5.71457021579e-05, 1.96258479264e-05, 1.27533121486e-05, 6.99068095855e-06, 1.95356506083e-06, 7.38458902561e-06, 1.63573822647e-05],
        "median": [0.00142727629282, 0.0277315396816, 0.23529958725, 0.444000780582, 0.485768079758, 1.3214006424, 2.85129523277, 4.33283662796, 4.70675611496, 7.716588974, 4.21729660034, 5.35692644119, 2.5121178627, 0.815207779408, 0.461879611015, 0.193557441235, 0.363526105881, 0.206281632185, 0.069857172668, 0.0476998947561, 0.0441917255521, 0.0148143079132, 0.00989868491888, 0.00485404441133, 0.00163387332577, 0.000563213368878, 0.000257155275904, 6.40333601041e-05, 3.85158346035e-05, 2.72349807346e-05, 2.12238246604e-05, 1.85161461559e-05, 1.4054159692e-05, 1.08857720988e-05, 8.16783085611e-06, 5.85133784625e-06, 3.3377739328e-06, 1.16121805149e-06, 2.99177008856e-06, 6.07642323303e-06],
        "min": [2.37439044438e-21, 4.14827442124e-21, 1.92926807778e-20, 4.96794433077e-20, 5.50783897735e-20, 1.04521424216e-19, 4.97417629658e-20, 3.7008471611e-19, 7.0591262603e-19, 1.44908229403e-18, 2.08316358964e-18, 1.88093716182e-18, 4.34030518239e-18, 3.49400883947e-18, 3.54829835744e-18, 2.44866513062e-18, 3.5387853668e-18, 3.20830810052e-18, 3.3702173317e-18, 3.96336352674e-18, 9.52360418911e-18, 9.89686447744e-18, 8.59638600763e-18, 1.16052910546e-17, 1.69494270596e-17, 1.86220127279e-17, 1.24059282684e-17, 1.31844243389e-17, 1.11475665267e-17, 1.69366537366e-17, 1.41644571753e-17, 1.47784485285e-17, 1.44960540305e-17, 1.47942493326e-17, 9.65693577768e-18, 7.93642409181e-18, 2.98126459996e-18, 1.20366111501e-18, 2.90827630236e-19, 3.32159835655e-20],
        "var": [0.000186910154298, 0.116858080029, 12.068274498, 13.3388109207, 49.2791213989, 494.376342773, 2355.94946289, 1317.00854492, 6353.07080078, 36491.2578125, 16280.2207031, 20760.1796875, 61669.6171875, 3493.41748047, 3425.48950195, 356.816253662, 578.098937988, 97.1135787964, 41.3650054932, 18.3019561768, 27.336894989, 7.28916597366, 31.0847873688, 2.99154520035, 2.95286679268, 0.734519422054, 0.908123970032, 0.00562826357782, 0.0267296209931, 0.00273121567443, 0.000724344863556, 0.000369122746633, 6.88117461323e-06, 3.77589941536e-07, 3.25097171405e-09, 8.64450511173e-10, 1.59119800669e-10, 6.09131712084e-12, 1.43220491022e-10, 7.77324871137e-10]
    },
    "gfcc": {
        "mean": [-287.585571289, 236.824813843, -80.4648513794, -44.7331390381, -34.9696083069, -30.8578968048, -22.8535308838, -4.27592372894, -6.07033491135, -9.09058189392, -5.97215080261, -16.1902599335, -7.53787994385],
        "cov": [[20723.8964844, 4856.90136719, -5567.01855469, 38.9139709473, 899.981018066, -1508.26245117, 397.754943848, 76.8964691162, 135.186401367, -252.252883911, 211.859069824, -447.412567139, 139.532119751], [4856.90136719, 2720.16699219, -408.612365723, -491.242401123, 241.433624268, -155.265899658, -84.6042938232, -8.01199531555, -33.0601463318, -109.880889893, 6.76614379883, -136.272705078, -7.6615729332], [-5567.01855469, -408.612365723, 2459.75561523, -81.7629089355, -336.289733887, 634.817321777, -186.850616455, -97.4221878052, -74.3436889648, -7.69414520264, -148.363876343, 71.9651947021, -74.6706848145], [38.9139709473, -491.242401123, -81.7629089355, 465.799072266, 42.6378898621, -27.0953044891, 88.9748916626, -33.7032775879, -28.3096408844, -26.4715709686, -22.6931190491, -6.15281629562, 13.0651254654], [899.981018066, 241.433624268, -336.289733887, 42.6378898621, 283.633026123, -61.2797584534, 6.60074853897, 7.78579759598, -37.6998748779, -33.3327827454, 34.2936477661, -23.0193252563, 10.8556432724], [-1508.26245117, -155.265899658, 634.817321777, -27.0953044891, -61.2797584534, 354.198425293, 26.6641578674, -26.0339622498, -16.0190486908, -43.6823005676, -52.9279975891, 39.5791778564, -9.32005500793], [397.754943848, -84.6042938232, -186.850616455, 88.9748916626, 6.60074853897, 26.6641578674, 153.910507202, 48.772769928, 4.93509435654, -12.0983896255, -12.3125658035, -7.7728600502, 13.4231653214], [76.8964691162, -8.01199531555, -97.4221878052, -33.7032775879, 7.78579759598, -26.0339622498, 48.772769928, 111.9818573, 59.3851737976, 16.9705295563, 12.2834653854, -2.10039663315, -4.5953207016], [135.186401367, -33.0601463318, -74.3436889648, -28.3096408844, -37.6998748779, -16.0190486908, 4.93509435654, 59.3851737976, 121.535430908, 59.642539978, 7.22146844864, -4.32460355759, -13.9176244736], [-252.252883911, -109.880889893, -7.69414520264, -26.4715709686, -33.3327827454, -43.6823005676, -12.0983896255, 16.9705295563, 59.642539978, 127.290840149, 48.2445449829, -2.47816944122, -20.9685745239], [211.859069824, 6.76614379883, -148.363876343, -22.6931190491, 34.2936477661, -52.9279975891, -12.3125658035, 12.2834653854, 7.22146844864, 48.2445449829, 92.7404022217, 32.0025787354, -8.57644271851], [-447.412567139, -136.272705078, 71.9651947021, -6.15281629562, -23.0193252563, 39.5791778564, -7.7728600502, -2.10039663315, -4.32460355759, -2.47816944122, 32.0025787354, 81.978805542, 23.1416473389], [139.532119751, -7.6615729332, -74.6706848145, 13.0651254654, 10.8556432724, -9.32005500793, 13.4231653214, -4.5953207016, -13.9176244736, -20.9685745239, -8.57644271851, 23.1416473389, 64.3423843384]],
        "icov": [[0.00149203313049, -0.0025509938132, 0.00249861530028, -0.00201603444293, 0.0013120964868, 0.000641018210445, -0.00180591200478, 0.00293618394062, -0.00353910750709, 0.00314113148488, -0.0028781790752, 0.0028089301195, -0.000908147776499], [-0.0025509938132, 0.00508990138769, -0.00462001375854, 0.00454835733399, -0.00294343172573, -0.000228825432714, 0.00208192551509, -0.00372670218349, 0.00486039696261, -0.00370550272055, 0.00369939394295, -0.00330010638572, 0.0011396863265], [0.00249861530028, -0.00462001375854, 0.00646934472024, -0.00480217160657, 0.00403920281678, -0.00312802568078, 0.00191197858658, 0.00107811368071, -0.00158193043899, 0.0016279714182, -0.00120967195835, 0.00323021621443, -7.68082245486e-05], [-0.00201603444293, 0.00454835733399, -0.00480217160657, 0.00767908291891, -0.00410633347929, 0.00288946763612, -0.00353821017779, 0.00170206080656, 0.00090216944227, -0.000523605907802, 0.00211986177601, -0.00256288307719, 0.000981139950454], [0.0013120964868, -0.00294343172573, 0.00403920281678, -0.00410633347929, 0.00790464878082, -0.00319005222991, 0.00331544922665, -0.00223694345914, 0.00167318957392, 0.00160553469323, -0.00403793388978, 0.00460436474532, -0.00163076026365], [0.000641018210445, -0.000228825432714, -0.00312802568078, 0.00288946763612, -0.00319005222991, 0.0124879488721, -0.0119446069002, 0.0104078315198, -0.00991928204894, 0.0085614901036, -0.00387298548594, -0.000538677559234, 0.000270120130153], [-0.00180591200478, 0.00208192551509, 0.00191197858658, -0.00353821017779, 0.00331544922665, -0.0119446069002, 0.0238142684102, -0.0192686375231, 0.0161504540592, -0.0122056202963, 0.0102149751037, -0.00355824222788, 0.000624759879429], [0.00293618394062, -0.00372670218349, 0.00107811368071, 0.00170206080656, -0.00223694345914, 0.0104078315198, -0.0192686375231, 0.0308513455093, -0.0239675976336, 0.0161928124726, -0.0134936301038, 0.00742832012475, -0.00217490061186], [-0.00353910750709, 0.00486039696261, -0.00158193043899, 0.00090216944227, 0.00167318957392, -0.00991928204894, 0.0161504540592, -0.0239675976336, 0.0333133600652, -0.0226969216019, 0.0180553905666, -0.0111816022545, 0.005671818275], [0.00314113148488, -0.00370550272055, 0.0016279714182, -0.000523605907802, 0.00160553469323, 0.0085614901036, -0.0122056202963, 0.0161928124726, -0.0226969216019, 0.0299843829125, -0.0233448892832, 0.0151186119765, -0.0042725414969], [-0.0028781790752, 0.00369939394295, -0.00120967195835, 0.00211986177601, -0.00403793388978, -0.00387298548594, 0.0102149751037, -0.0134936301038, 0.0180553905666, -0.0233448892832, 0.03874463588, -0.0253748018295, 0.0124617125839], [0.0028089301195, -0.00330010638572, 0.00323021621443, -0.00256288307719, 0.00460436474532, -0.000538677559234, -0.00355824222788, 0.00742832012475, -0.0111816022545, 0.0151186119765, -0.0253748018295, 0.0344446860254, -0.0150596927851], [-0.000908147776499, 0.0011396863265, -7.68082245486e-05, 0.000981139950454, -0.00163076026365, 0.000270120130153, 0.000624759879429, -0.00217490061186, 0.005671818275, -0.0042725414969, 0.0124617125839, -0.0150596927851, 0.0242991577834]]
    },
    "melbands": {
        "dmean": [4.07342486142e-05, 0.000190703955013, 0.000114052607387, 0.000124593716464, 0.000145866797538, 8.92435709829e-05, 0.000140993433888, 0.000308860937366, 9.89236868918e-05, 0.000114541995572, 9.20622915146e-05, 1.81041159522e-05, 1.01643890957e-05, 4.1299986151e-06, 1.87930186257e-06, 5.71787859371e-06, 1.47595267208e-06, 7.39663676086e-07, 7.63985099184e-07, 9.91122306004e-07, 5.39900668173e-07, 3.15007270046e-07, 3.65454411622e-07, 2.42636275516e-07, 1.80193978849e-07, 7.47162189896e-08, 7.78279627411e-08, 5.34987734113e-08, 6.51481499858e-08, 4.02483069095e-09, 1.9236263693e-09, 3.4903364643e-09, 3.77802811258e-09, 1.87624182857e-09, 7.63067775633e-10, 1.5212612281e-09, 1.71508265923e-10, 1.10024100941e-10, 8.95024124259e-11, 1.51956988659e-11],
        "dmean2": [6.64920080453e-05, 0.000298897066386, 0.00018362175615, 0.000193788277102, 0.000218698536628, 0.000119077085401, 0.000223478971748, 0.000417150964495, 0.000138773437357, 0.000161303440109, 0.000115895949421, 2.25209951168e-05, 1.19494388855e-05, 4.98471899846e-06, 2.45525711762e-06, 7.93031722424e-06, 2.02536079996e-06, 9.02641488665e-07, 9.63493903328e-07, 1.31136539494e-06, 7.3512239851e-07, 4.32346979551e-07, 5.32207650394e-07, 3.76113263201e-07, 2.3980967967e-07, 1.05822863361e-07, 1.06365376951e-07, 7.16292589686e-08, 8.52785930761e-08, 5.50539880351e-09, 2.92145441172e-09, 5.29271781957e-09, 5.80620440616e-09, 3.05894332087e-09, 1.30986799185e-09, 2.57758547839e-09, 2.7499552635e-10, 1.723526738e-10, 1.33434957528e-10, 2.52824775004e-11],
        "dvar": [1.73185394914e-08, 3.12436753802e-07, 8.98614516132e-08, 1.92337637372e-07, 6.06120522662e-07, 9.44455536001e-08, 4.76870638977e-07, 2.32235197473e-06, 1.90877813111e-07, 3.19109204838e-07, 5.98818360231e-07, 1.48362104824e-08, 7.90454723898e-09, 1.80736792199e-09, 2.11052467169e-10, 1.86608439812e-09, 5.30701871337e-11, 1.37188888721e-11, 2.5356605704e-11, 6.11637129833e-11, 1.10676025636e-11, 4.60589032192e-12, 1.30307327428e-11, 4.98466849394e-12, 1.48537735931e-12, 7.17485912263e-13, 4.7260562434e-13, 3.21801342084e-13, 7.95206348686e-13, 1.45438902824e-15, 5.55685324195e-16, 4.4497846739e-15, 6.68603296981e-15, 9.14146014643e-16, 1.36985397543e-16, 1.32451336056e-15, 6.48971539255e-18, 2.95708673104e-18, 3.07962630096e-18, 2.31485153486e-20],
        "dvar2": [4.21539319007e-08, 6.98693270351e-07, 2.32948494272e-07, 4.68521051289e-07, 1.07461789867e-06, 1.51432587359e-07, 1.42038220474e-06, 4.64413278678e-06, 4.17307148837e-07, 6.65053562443e-07, 1.06681602574e-06, 2.41023574432e-08, 1.06527782151e-08, 2.69806155195e-09, 3.5520411612e-10, 4.18194057161e-09, 1.12717980782e-10, 2.36000663456e-11, 4.02892788576e-11, 1.12750565828e-10, 2.19023948284e-11, 9.35462471374e-12, 2.97126802329e-11, 1.21988755902e-11, 2.80261360994e-12, 1.53123141337e-12, 9.76760230857e-13, 6.14886125957e-13, 1.48377696848e-12, 3.10466988388e-15, 1.41712879004e-15, 1.00447697509e-14, 1.50357191162e-14, 2.2222483236e-15, 3.89607600696e-16, 3.32519978214e-15, 1.73133286265e-17, 7.26678829872e-18, 5.53285147151e-18, 5.56681113891e-20],
        "max": [0.00660433806479, 0.01814189367, 0.009133329615, 0.0166563671082, 0.0481612235308, 0.0178700238466, 0.0286715067923, 0.052335716784, 0.0144002884626, 0.0272820293903, 0.0482406653464, 0.00538019603118, 0.00636823428795, 0.00299947452731, 0.00130876456387, 0.00257302261889, 0.0003093337873, 0.000209444828215, 0.000235077313846, 0.000420440162998, 0.000158172799274, 0.00013073127775, 0.000251135759754, 0.000115164526505, 5.35520230187e-05, 3.99945165555e-05, 3.37723104167e-05, 3.01767031488e-05, 4.95724816574e-05, 1.84641396572e-06, 1.18735772503e-06, 3.62767400475e-06, 4.50097923022e-06, 1.81309144409e-06, 4.73345096452e-07, 2.54057181337e-06, 1.47149918917e-07, 1.05833876773e-07, 1.19327708603e-07, 9.36625177417e-09],
        "mean": [7.8840086644e-05, 0.000564465415664, 0.000313245604048, 0.000384581653634, 0.000407527404604, 0.000368338165572, 0.000421474658651, 0.000733830500394, 0.000251076417044, 0.000271229422651, 0.00021092746465, 4.10809116147e-05, 2.40096542257e-05, 1.05788858491e-05, 5.10243717144e-06, 1.64870689332e-05, 3.95601819037e-06, 2.60625643023e-06, 2.1154330625e-06, 2.08583128369e-06, 1.21369635053e-06, 7.30159229079e-07, 7.11205245807e-07, 4.79782158891e-07, 3.18953567557e-07, 1.3966476331e-07, 1.20194172837e-07, 7.18537691569e-08, 8.06307411949e-08, 6.68587718522e-09, 2.71067435165e-09, 4.41015934882e-09, 4.55257254117e-09, 1.91087234924e-09, 7.81840869823e-10, 1.4840862983e-09, 1.99171457105e-10, 1.39203426563e-10, 1.0485583235e-10, 1.94973637929e-11],
        "median": [1.85608369065e-05, 9.86551167443e-05, 7.79276306275e-05, 5.44164940948e-05, 0.000106099629193, 9.4964649179e-05, 7.08255902282e-05, 8.27087787911e-05, 2.35040897678e-05, 2.96203706966e-05, 9.7963220469e-06, 2.33833407037e-06, 1.45119201989e-06, 5.43352030036e-07, 3.36971311299e-07, 6.63155219627e-07, 1.96012223341e-07, 8.81659403262e-08, 4.51900774578e-08, 5.31749435595e-08, 3.83099560963e-08, 1.44459768592e-08, 7.20859993919e-09, 5.29878985134e-09, 2.76833800328e-09, 9.01570040845e-10, 5.27676347062e-10, 2.75167555408e-10, 1.81080261896e-10, 3.37125258265e-11, 2.47178093965e-11, 1.86746607761e-11, 1.63267732667e-11, 1.1937248065e-11, 1.04175687174e-11, 9.7701508342e-12, 8.71737577957e-12, 7.23818314313e-12, 6.68393465575e-12, 6.00128800821e-12],
        "min": [2.07844148816e-23, 8.63158822946e-24, 7.65242725263e-24, 6.52974210599e-24, 1.99257113872e-24, 8.74223386003e-24, 1.15806760927e-23, 1.99687027288e-23, 1.50888580785e-23, 1.17090395392e-23, 2.2579646154e-23, 1.5046728173e-23, 1.12860594216e-23, 7.91917977887e-24, 4.75387776325e-24, 9.30740221152e-24, 5.49772508193e-24, 5.5461855962e-24, 2.71728838323e-24, 8.96806738225e-24, 1.18763900694e-23, 1.00527093173e-23, 8.53568088719e-24, 8.08260257058e-24, 9.48970954444e-24, 9.58983098167e-24, 1.60231044709e-23, 1.12843791479e-23, 7.31982771777e-24, 7.62319522293e-24, 7.70694858523e-24, 5.22471964973e-24, 9.42086565324e-24, 9.15016724475e-24, 8.23077194782e-24, 8.44946233455e-24, 9.3082178937e-24, 9.64652404834e-24, 1.25082203228e-23, 1.22040142585e-23],
        "var": [4.1571713183e-08, 1.74757428795e-06, 4.24269728683e-07, 1.07653625037e-06, 2.02835553864e-06, 7.77522018325e-07, 1.63895890637e-06, 5.70631664232e-06, 7.59507145176e-07, 9.60414013207e-07, 1.49250126924e-06, 4.93011107494e-08, 2.99485130029e-08, 6.60043264489e-09, 6.219081361e-10, 6.17502893263e-09, 1.76802988916e-10, 9.24808632452e-11, 8.8809799792e-11, 1.32158714528e-10, 2.89353801336e-11, 1.2778735535e-11, 2.77912710206e-11, 1.18820422251e-11, 2.83751277683e-12, 1.28764837334e-12, 8.40819059343e-13, 4.79722706871e-13, 1.16699900611e-12, 2.25004942724e-15, 6.23010996853e-16, 5.01541294728e-15, 7.52817133718e-15, 8.96990632846e-16, 1.15838306807e-16, 1.30182547718e-15, 7.24845963071e-18, 4.19612801521e-18, 4.26745414507e-18, 2.27502941227e-20]
    },
    "mfcc": {
        "mean": [-884.522460938, 221.356887817, 38.5499801636, -1.19547390938, -4.93557786942, -15.9829673767, -12.0119562149, -5.73062705994, -1.67326080799, 2.7923283577, 1.81296622753, -0.662837266922, -3.73267531395],
        "cov": [[9343.34472656, 4417.30566406, -3037.33007812, -282.397399902, 225.791229248, -639.81829834, -155.568435669, -26.5957069397, -52.8015136719, 180.16053772, 31.2766475677, 18.1756229401, -23.1596221924], [4417.30566406, 3002.63989258, -707.643493652, -403.348022461, 93.7934570312, -207.631591797, -111.281959534, -25.0305137634, -9.23759460449, 50.0791397095, 17.9006156921, 4.33547687531, -39.2060394287], [-3037.33007812, -707.643493652, 1871.96582031, 54.1445159912, -154.693771362, 345.725158691, 56.0149383545, 18.4742145538, 46.8724632263, -75.1369476318, -23.7422084808, -41.1095504761, -47.62159729], [-282.397399902, -403.348022461, 54.1445159912, 339.485992432, 53.5650939941, 8.87681865692, 60.4172782898, 1.87559342384, -12.9570608139, 13.2011737823, -2.80549550056, -15.3795700073, -12.5897912979], [225.791229248, 93.7934570312, -154.693771362, 53.5650939941, 200.796005249, 50.6890525818, 5.78163480759, 2.87263011932, -27.8172683716, -18.4864463806, -9.55144405365, -10.2661399841, -5.06727743149], [-639.81829834, -207.631591797, 345.725158691, 8.87681865692, 50.6890525818, 227.729232788, 84.8658752441, 19.607126236, 4.59803581238, -42.5430107117, -37.7843055725, -33.1679382324, -15.3239717484], [-155.568435669, -111.281959534, 56.0149383545, 60.4172782898, 5.78163480759, 84.8658752441, 144.894165039, 64.9120178223, 3.95619702339, -9.89411449432, -29.8976020813, -22.8874092102, -1.96879482269], [-26.5957069397, -25.0305137634, 18.4742145538, 1.87559342384, 2.87263011932, 19.607126236, 64.9120178223, 123.483047485, 55.2513427734, -6.18951511383, -20.2910041809, -21.6204605103, -6.94526433945], [-52.8015136719, -9.23759460449, 46.8724632263, -12.9570608139, -27.8172683716, 4.59803581238, 3.95619702339, 55.2513427734, 96.6853790283, 42.6993713379, -3.00171160698, -2.8519244194, -5.08113670349], [180.16053772, 50.0791397095, -75.1369476318, 13.2011737823, -18.4864463806, -42.5430107117, -9.89411449432, -6.18951511383, 42.6993713379, 93.1856613159, 43.4385871887, 7.93396139145, -3.29420995712], [31.2766475677, 17.9006156921, -23.7422084808, -2.80549550056, -9.55144405365, -37.7843055725, -29.8976020813, -20.2910041809, -3.00171160698, 43.4385871887, 89.9422073364, 53.6582183838, 4.15693283081], [18.1756229401, 4.33547687531, -41.1095504761, -15.3795700073, -10.2661399841, -33.1679382324, -22.8874092102, -21.6204605103, -2.8519244194, 7.93396139145, 53.6582183838, 98.6103897095, 52.4967193604], [-23.1596221924, -39.2060394287, -47.62159729, -12.5897912979, -5.06727743149, -15.3239717484, -1.96879482269, -6.94526433945, -5.08113670349, -3.29420995712, 4.15693283081, 52.4967193604, 91.2426147461]],
