{
"lowlevel": {
    "average_loudness": 0.0318252816796,
    "barkbands_crest": {
        "dmean": 1.7452776432,
        "dmean2": 2.75488138199,
        "dvar": 3.64058542252,
        "dvar2": 9.11517620087,
        "max": 25.9785327911,
        "mean": 12.5310029984,
        "median": 11.6262521744,
        "min": 3.78128218651,
        "var": 19.4030647278
    },
    "barkbands_flatness_db": {
        "dmean": 0.0155159439892,
        "dmean2": 0.0251545123756,
        "dvar": 0.000303830864141,
        "dvar2": 0.000763675372582,
        "max": 0.570482850075,
        "mean": 0.377334594727,
        "median": 0.38207834959,
        "min": 0.0757269337773,
        "var": 0.00428536022082
    },
    "barkbands_kurtosis": {
        "dmean": 1.90552270412,
        "dmean2": 3.00158166885,
        "dvar": 18.1970996857,
        "dvar2": 47.5650863647,
        "max": 113.775985718,
        "mean": 4.4199180603,
        "median": 2.54064226151,
        "min": -1.89821708202,
        "var": 51.4068756104
    },
    "barkbands_skewness": {
        "dmean": 0.345938503742,
        "dmean2": 0.527422606945,
        "dvar": 0.194016233087,
        "dvar2": 0.441595703363,
        "max": 10.1822195053,
        "mean": 0.772760629654,
        "median": 0.887462973595,
        "min": -7.21425151825,
        "var": 1.70532107353
    },
    "barkbands_spread": {
        "dmean": 1.14655780792,
        "dmean2": 1.82466268539,
        "dvar": 15.176492691,
        "dvar2": 40.3624534607,
        "max": 143.957229614,
        "mean": 5.72607851028,
        "median": 3.98610305786,
        "min": 0.296934425831,
        "var": 109.776092529
    },
    "dissonance": {
        "dmean": 0.0428323820233,
        "dmean2": 0.0737004503608,
        "dvar": 0.00188350479584,
        "dvar2": 0.00516038900241,
        "max": 0.49993506074,
        "mean": 0.344053000212,
        "median": 0.348322838545,
        "min": 0.0887716934085,
        "var": 0.00575228407979
    },
    "dynamic_complexity": 9.55848789215,
    "erbbands_crest": {
        "dmean": 1.86944591999,
        "dmean2": 2.78704881668,
        "dvar": 4.90995979309,
        "dvar2": 10.4543075562,
        "max": 33.8961486816,
        "mean": 14.8026733398,
        "median": 13.2147035599,
        "min": 2.21862673759,
        "var": 40.5105934143
    },
    "erbbands_flatness_db": {
        "dmean": 0.0120707619935,
        "dmean2": 0.0191155523062,
        "dvar": 0.000205906981137,
        "dvar2": 0.000469738646643,
        "max": 0.566911876202,
        "mean": 0.380087524652,
        "median": 0.388478249311,
        "min": 0.0205049477518,
        "var": 0.00483301002532
    },
    "erbbands_kurtosis": {
        "dmean": 1.33043408394,
        "dmean2": 1.93555867672,
        "dvar": 9.58134269714,
        "dvar2": 20.3302135468,
        "max": 172.95993042,
        "mean": 3.97339367867,
        "median": 1.09596204758,
        "min": -1.82787299156,
        "var": 172.711135864
    },
    "erbbands_skewness": {
        "dmean": 0.283635467291,
        "dmean2": 0.407976925373,
        "dvar": 0.133532866836,
        "dvar2": 0.266363471746,
        "max": 9.51688194275,
        "mean": 0.610266923904,
        "median": 0.617188155651,
        "min": -6.39553260803,
        "var": 1.7663718462
    },
    "erbbands_spread": {
        "dmean": 1.44112932682,
        "dmean2": 2.17756056786,
        "dvar": 4.68802976608,
        "dvar2": 11.0943346024,
        "max": 91.9947891235,
        "mean": 10.7258987427,
        "median": 8.9967508316,
        "min": 0.419782459736,
        "var": 80.2476501465
    },
    "hfc": {
        "dmean": 1.88414180279,
        "dmean2": 2.41387200356,
        "dvar": 63.8633728027,
        "dvar2": 124.117721558,
        "max": 275.644012451,
        "mean": 6.17093086243,
        "median": 1.44391644001,
        "min": 1.18485430351e-16,
        "var": 223.917999268
    },
    "melbands_crest": {
        "dmean": 2.1280503273,
        "dmean2": 3.41623544693,
        "dvar": 5.21806430817,
        "dvar2": 13.1398582458,
        "max": 34.6260871887,
        "mean": 15.5556688309,
        "median": 14.5788631439,
        "min": 1.93098294735,
        "var": 31.3501396179
    },
    "melbands_flatness_db": {
        "dmean": 0.0172774083912,
        "dmean2": 0.02808537893,
        "dvar": 0.000431502732681,
        "dvar2": 0.00104294042103,
        "max": 0.745230019093,
        "mean": 0.509011507034,
        "median": 0.518974423409,
        "min": 0.00456837005913,
        "var": 0.0105082662776
    },
    "melbands_kurtosis": {
        "dmean": 2.00470685959,
        "dmean2": 3.1370267868,
        "dvar": 75.6253585815,
        "dvar2": 216.017410278,
        "max": 560.026000977,
        "mean": 4.73989963531,
        "median": 3.01825332642,
        "min": -1.90725529194,
        "var": 135.921875
    },
    "melbands_skewness": {
        "dmean": 0.340125739574,
        "dmean2": 0.516155719757,
        "dvar": 0.188470125198,
        "dvar2": 0.425034791231,
        "max": 16.5183887482,
        "mean": 1.18911445141,
        "median": 1.17191326618,
        "min": -3.98996162415,
        "var": 1.35292124748
    },
    "melbands_spread": {
        "dmean": 1.43914937973,
        "dmean2": 2.22642922401,
        "dvar": 11.852602005,
        "dvar2": 30.5726490021,
        "max": 160.805603027,
        "mean": 9.07402229309,
        "median": 5.32963132858,
        "min": 0.510705590248,
        "var": 328.480651855
    },
    "pitch_salience": {
        "dmean": 0.048497069627,
        "dmean2": 0.0784598737955,
        "dvar": 0.00274507049471,
        "dvar2": 0.00708720879629,
        "max": 0.912846446037,
        "mean": 0.517260611057,
        "median": 0.521698832512,
        "min": 0.060247682035,
        "var": 0.0156372208148
    },
    "silence_rate_20dB": {
        "dmean": 0.00130353821442,
        "dmean2": 0.00260731903836,
        "dvar": 0.00130196858663,
        "dvar2": 0.00353221246041,
        "max": 1,
        "mean": 0.998975872993,
        "median": 1,
        "min": 0,
        "var": 0.00102299265563
    },
    "silence_rate_30dB": {
        "dmean": 0.0113594038412,
        "dmean2": 0.0227209236473,
        "dvar": 0.0112308748066,
        "dvar2": 0.0250001475215,
        "max": 1,
        "mean": 0.976910889149,
        "median": 1,
        "min": 0,
        "var": 0.0225568264723
    },
    "silence_rate_60dB": {
        "dmean": 0.02662942186,
        "dmean2": 0.0532638058066,
        "dvar": 0.0259164050221,
        "dvar2": 0.0573124885559,
        "max": 1,
        "mean": 0.422679454088,
        "median": 0,
        "min": 0,
        "var": 0.244026437402
    },
    "spectral_centroid": {
        "dmean": 34.5591773987,
        "dmean2": 50.9948959351,
        "dvar": 9807.03417969,
        "dvar2": 14638.5292969,
        "max": 11291.5,
        "mean": 488.86706543,
        "median": 378.827575684,
        "min": 163.791748047,
        "var": 248642.640625
    },
    "spectral_complexity": {
        "dmean": 0.777094960213,
        "dmean2": 1.32898783684,
        "dvar": 0.976559937,
        "dvar2": 2.21101856232,
        "max": 24,
        "mean": 6.38962841034,
        "median": 6,
        "min": 0,
        "var": 14.8369216919
    },
    "spectral_decrease": {
        "dmean": 1.05912290049e-09,
        "dmean2": 1.45387202277e-09,
        "dvar": 1.39407312893e-17,
        "dvar2": 2.80642496417e-17,
        "max": 1.32220053709e-15,
        "mean": -4.00841582149e-09,
        "median": -1.23394117146e-09,
        "min": -1.37798551236e-07,
        "var": 6.40097239586e-17
    },
    "spectral_energy": {
        "dmean": 0.00416184123605,
        "dmean2": 0.00569603499025,
        "dvar": 0.000218123881496,
        "dvar2": 0.000438419199781,
        "max": 0.53883010149,
        "mean": 0.0156884081662,
        "median": 0.00479815807194,
        "min": 1.09981619206e-20,
        "var": 0.000990541186184
    },
    "spectral_energyband_high": {
        "dmean": 1.03683873931e-06,
        "dmean2": 1.4312854546e-06,
        "dvar": 1.7051954293e-10,
        "dvar2": 3.86538773212e-10,
        "max": 0.000908367452212,
        "mean": 1.48607500705e-06,
        "median": 2.29457768341e-08,
        "min": 7.97179401815e-21,
        "var": 2.01489658291e-10
    },
    "spectral_energyband_low": {
        "dmean": 0.00116374983918,
        "dmean2": 0.00173994386569,
        "dvar": 1.16512383102e-05,
        "dvar2": 2.45007813646e-05,
        "max": 0.161701306701,
        "mean": 0.00354821607471,
        "median": 0.000734034169,
        "min": 2.94510364238e-23,
        "var": 6.18959893472e-05
    },
    "spectral_energyband_middle_high": {
        "dmean": 0.000387793406844,
        "dmean2": 0.000457213172922,
        "dvar": 6.34071375316e-06,
        "dvar2": 1.09923958007e-05,
        "max": 0.13949470222,
        "mean": 0.000995731214061,
        "median": 0.000115838265629,
        "min": 1.90090709188e-21,
        "var": 1.85084281838e-05
    },
    "spectral_energyband_middle_low": {
        "dmean": 0.00338507257402,
        "dmean2": 0.00466907583177,
        "dvar": 0.000193852058146,
        "dvar2": 0.000389436405385,
        "max": 0.528428554535,
        "mean": 0.0118117611855,
        "median": 0.00302061322145,
        "min": 1.8068559898e-22,
        "var": 0.000770540442318
    },
    "spectral_entropy": {
        "dmean": 0.115655824542,
        "dmean2": 0.187369763851,
        "dvar": 0.0300651881844,
        "dvar2": 0.0745271071792,
        "max": 9.79869365692,
        "mean": 5.38708972931,
        "median": 5.28305864334,
        "min": 3.77702713013,
        "var": 0.464685201645
    },
    "spectral_flux": {
        "dmean": 0.0116147734225,
        "dmean2": 0.0187375620008,
        "dvar": 0.000694718502928,
        "dvar2": 0.00174902018625,
        "max": 0.580964207649,
        "mean": 0.0270195957273,
        "median": 0.0151892853901,
        "min": 1.04872124873e-10,
        "var": 0.00128824764397
    },
    "spectral_kurtosis": {
        "dmean": 35.2846641541,
        "dmean2": 61.3409957886,
        "dvar": 1303.20678711,
        "dvar2": 3696.44702148,
        "max": 516.030273438,
        "mean": 156.097900391,
        "median": 153.68132019,
        "min": -1.15147328377,
        "var": 7372.58300781
    },
    "spectral_rms": {
        "dmean": 0.000353715528036,
        "dmean2": 0.000487108365633,
        "dvar": 5.32346177806e-07,
        "dvar2": 1.00823410776e-06,
        "max": 0.0229278840125,
        "mean": 0.00290861586109,
        "median": 0.00216359179467,
        "min": 3.27565470408e-12,
        "var": 6.84568431097e-06
    },
    "spectral_rolloff": {
        "dmean": 76.5023727417,
        "dmean2": 139.749771118,
        "dvar": 535768.9375,
        "dvar2": 1485891,
        "max": 19832.0800781,
        "mean": 1039.8092041,
        "median": 516.796875,
        "min": 64.599609375,
        "var": 9390879
    },
    "spectral_skewness": {
        "dmean": 1.48482894897,
        "dmean2": 2.59523558617,
        "dvar": 1.96952486038,
        "dvar2": 5.26960372925,
        "max": 18.670835495,
        "mean": 9.11663150787,
        "median": 9.42590236664,
        "min": -0.0645038411021,
        "var": 11.7244148254
    },
    "spectral_spread": {
        "dmean": 266649.84375,
        "dmean2": 471554.71875,
        "dvar": 132681973760,
        "dvar2": 265636347904,
        "max": 39137716,
        "mean": 1188119.125,
        "median": 730343,
        "min": 178032,
        "var": 3.96660441088e+12
    },
    "spectral_strongpeak": {
        "dmean": 0.265711575747,
        "dmean2": 0.398418366909,
        "dvar": 0.486352324486,
        "dvar2": 0.9337631464,
        "max": 19.1832389832,
        "mean": 0.84027916193,
        "median": 0.375215947628,
        "min": 0,
        "var": 1.98525905609
    },
    "zerocrossingrate": {
        "dmean": 0.0026104405988,
        "dmean2": 0.00336618069559,
        "dvar": 6.20622231509e-05,
        "dvar2": 9.81533958111e-05,
        "max": 0.78564453125,
        "mean": 0.0377470366657,
        "median": 0.017578125,
        "min": 0.00390625,
        "var": 0.0114750079811
    },
    "barkbands": {
        "dmean": [9.36555807129e-06, 0.000346528977389, 0.000804292503744, 0.000338086072588, 0.00115883024409, 0.000596976315137, 0.000367609609384, 0.00143135827966, 0.000426283048, 9.83019126579e-05, 0.000118442156236, 8.2924576418e-05, 0.000129592590383, 2.35314782913e-05, 6.6590505412e-06, 4.07870811614e-06, 6.84912720317e-06, 1.45498995607e-06, 2.44837360697e-06, 9.60492684499e-07, 2.24932236392e-07, 1.09186551356e-07, 1.34659057238e-08, 5.12368147909e-09, 9.61310364644e-10, 7.10934588977e-10, 3.04857983302e-09],
        "dmean2": [1.28489718918e-05, 0.000556336832233, 0.0012067243224, 0.000492742983624, 0.00182142981794, 0.000933965784498, 0.00054289837135, 0.00180819828529, 0.000579316925723, 0.000135977315949, 0.000151444226503, 0.00010249344632, 0.000141303491546, 3.05092780764e-05, 9.4150636869e-06, 5.35586150363e-06, 8.87528676685e-06, 2.04068214771e-06, 3.20736876347e-06, 1.33255753099e-06, 3.20211000826e-07, 1.7889148296e-07, 2.04439860596e-08, 7.77472042301e-09, 1.60947766226e-09, 1.27370880509e-09, 5.3770472519e-09],
        "dvar": [3.05928482547e-09, 9.8415625871e-07, 7.1160106927e-06, 8.74336365086e-07, 2.18631830649e-05, 7.92500941316e-06, 2.38157645072e-06, 0.000119669181004, 1.50721107275e-05, 2.73941708429e-07, 2.00774479708e-06, 1.12043358058e-06, 2.65951371148e-06, 2.22811937789e-08, 1.27198240829e-09, 7.84349862837e-10, 2.13240269886e-09, 9.61345100747e-11, 4.12763934143e-10, 1.13790032952e-10, 5.92853153722e-12, 8.59596682029e-12, 4.55742587494e-14, 4.79315234896e-15, 7.17585534137e-17, 1.65079723472e-17, 7.64073928287e-18],
        "dvar2": [4.57567095324e-09, 2.39769201471e-06, 1.48287326738e-05, 1.6277102759e-06, 5.34411119588e-05, 1.85895114555e-05, 5.0969088079e-06, 0.000241345405811, 2.84828747681e-05, 5.55567737592e-07, 4.11798964706e-06, 1.96438986677e-06, 3.90241348214e-06, 4.71196202056e-08, 2.6886368687e-09, 1.39634226404e-09, 4.00255739663e-09, 2.099573293e-10, 7.44094230676e-10, 2.61400789903e-10, 1.3984586926e-11, 1.81816124656e-11, 1.1097415711e-13, 1.04337908078e-14, 1.19394918744e-16, 4.04352551719e-17, 2.36564556203e-17],
        "max": [0.00418968871236, 0.0290436819196, 0.131014361978, 0.0346783138812, 0.290255486965, 0.197047144175, 0.0808596089482, 0.451096922159, 0.269848257303, 0.0256832540035, 0.106287620962, 0.068031616509, 0.136147037148, 0.00704987766221, 0.00204237294383, 0.0019635988865, 0.00219153636135, 0.000380814541131, 0.00143367331475, 0.000649007677566, 0.000112872447062, 0.000236767271417, 1.67613943631e-05, 3.69917802345e-06, 7.17129637451e-07, 3.12190621798e-07, 5.6883010302e-08],
        "mean": [1.34107485792e-05, 0.000844377093017, 0.0021060637664, 0.000927961664274, 0.00330160069279, 0.00201090262271, 0.00103330018464, 0.00339954881929, 0.000936924887355, 0.000290715601295, 0.00025746045867, 0.000167108548339, 0.000281139800791, 6.51721857139e-05, 1.87368732441e-05, 1.03401735032e-05, 1.46474048961e-05, 3.29857607539e-06, 3.90028026231e-06, 1.3125395526e-06, 3.34394968604e-07, 1.31537788661e-07, 1.70209606409e-08, 6.41335251572e-09, 1.42990208563e-09, 1.21005805376e-09, 1.41697924505e-08],
        "median": [1.39909752761e-06, 0.000115383088996, 0.000342012848705, 0.000157975853654, 0.000863230903633, 0.000426173588494, 0.000163842341863, 9.55847208388e-05, 6.42130326014e-05, 2.95559057122e-05, 7.79691981734e-06, 7.29501425667e-06, 5.2351474551e-06, 2.61697255155e-06, 6.57396242332e-07, 2.30089355568e-07, 1.33919954237e-07, 4.17417744814e-08, 2.39141044744e-08, 4.57495152872e-09, 1.11365283662e-09, 6.21101337028e-10, 4.76802597404e-10, 5.0183285305e-10, 5.65896607352e-10, 7.28359539348e-10, 1.41590144054e-08],
        "min": [5.81358064965e-24, 2.00432642839e-23, 4.55110856175e-24, 1.12009878727e-23, 4.93633813519e-23, 3.70390579167e-23, 1.91274851253e-23, 1.47372596176e-23, 3.70284871806e-23, 3.58976740056e-23, 1.0671107005e-22, 2.77183179605e-22, 1.31432670777e-22, 1.28592556948e-22, 1.08911966732e-22, 5.65379324453e-23, 7.87385735328e-23, 4.7698665223e-22, 4.19364237988e-22, 2.2112785964e-22, 5.61463229593e-22, 3.94225071096e-22, 7.63203463025e-22, 1.04122015937e-21, 1.36484397174e-21, 1.6088280222e-21, 2.27046255134e-21],
        "var": [8.10852629485e-09, 4.40727490059e-06, 3.21481966239e-05, 6.16573652223e-06, 7.01944882167e-05, 3.30212205881e-05, 8.42804911372e-06, 0.000334310141625, 3.24249085679e-05, 1.14552983632e-06, 4.41446127297e-06, 2.4253704396e-06, 9.03106320038e-06, 7.92687302464e-08, 4.81250106432e-09, 2.46700193607e-09, 5.99049032601e-09, 2.19903997789e-10, 7.93067611582e-10, 1.34475680591e-10, 7.4969076086e-12, 9.01569704309e-12, 4.97315980985e-14, 6.70928698883e-15, 1.23419503148e-16, 1.68005014621e-17, 1.46822656213e-17]
    },
    "erbbands": {
        "dmean": [0.00312303961255, 0.104809455574, 0.747181355953, 1.14079809189, 1.63920545578, 4.45732164383, 6.79204368591, 4.39534807205, 4.28829717636, 23.5683269501, 19.3182792664, 10.0248289108, 4.11069726944, 2.0369052887, 5.34591197968, 4.46065282822, 6.62709712982, 1.55106437206, 0.46496835351, 0.337280124426, 0.231438100338, 0.266446501017, 0.137080073357, 0.165586426854, 0.050227984786, 0.0363248772919, 0.0257446542382, 0.00912824552506, 0.00363536924124, 0.00127833546139, 0.000236046820646, 0.00010810373351, 8.41104410938e-05, 1.87260429811e-05, 7.79558558861e-06, 4.12001736549e-06, 1.93724122255e-06, 5.62997286124e-07, 2.00263639272e-06, 4.67972995466e-06],
        "dmean2": [0.00499647902325, 0.168166682124, 1.14898252487, 1.62570023537, 2.40555953979, 7.24125289917, 10.0034885406, 7.44804477692, 6.32561731339, 30.0728206635, 25.1944904327, 13.7536268234, 5.63428544998, 2.75558161736, 6.7306022644, 5.2022395134, 7.17915153503, 1.95567989349, 0.633902847767, 0.460638731718, 0.30714854598, 0.336515158415, 0.178272411227, 0.214264333248, 0.0657308325171, 0.0508756414056, 0.0351035110652, 0.0136939911172, 0.00583084765822, 0.00194977386855, 0.00036385335261, 0.000172714266228, 0.000125124657643, 2.69664869847e-05, 1.22476249089e-05, 6.58103408568e-06, 2.99825137517e-06, 9.17524118904e-07, 2.73347995972e-06, 6.39062500341e-06],
        "dvar": [8.30832213978e-05, 0.0900550335646, 5.81183242798, 10.940120697, 23.7162628174, 422.713562012, 1407.9954834, 515.615112305, 377.455596924, 33074.53125, 18394.0878906, 4957.39550781, 297.901641846, 273.697509766, 4140.2109375, 3012.79345703, 6790.85449219, 79.878692627, 5.94541978836, 3.21951532364, 1.76093316078, 3.47935795784, 0.912919640541, 2.05466723442, 0.127757504582, 0.11175300926, 0.103101506829, 0.0187273528427, 0.0071155144833, 0.00043397655827, 6.82470954416e-06, 1.35011089242e-06, 1.92422612599e-06, 5.62330662035e-08, 4.9060844276e-09, 8.28414004062e-10, 4.53943826972e-11, 2.43707614853e-12, 5.01222813254e-11, 2.77572714813e-10],
        "dvar2": [0.00018780483515, 0.221755892038, 13.3665113449, 18.5314807892, 42.2684249878, 1158.89929199, 2279.84008789, 1611.76757812, 813.532470703, 63708.9296875, 36997.0195312, 9623.84472656, 574.188171387, 573.466064453, 8699.14648438, 5276.28125, 9986.13867188, 157.869140625, 12.6278095245, 6.3731675148, 3.41768980026, 5.57298660278, 1.76788544655, 3.65594124794, 0.261339187622, 0.24267436564, 0.240076646209, 0.0443637482822, 0.0149663845077, 0.00110302562825, 1.47664886754e-05, 3.19472110277e-06, 4.30462205259e-06, 8.7854822084e-08, 1.0066067091e-08, 1.59025048685e-09, 8.76344066758e-11, 5.53008376938e-12, 9.88452791839e-11, 5.56463208845e-10],
        "max": [0.30891174078, 8.07351779938, 93.3565139771, 184.236877441, 261.937438965, 737.929931641, 3874.93066406, 948.229003906, 1245.29370117, 7443.62939453, 5618.94189453, 4045.81005859, 748.908081055, 954.50958252, 5340.47900391, 3499.00854492, 6896.31591797, 360.384490967, 122.493530273, 69.4959945679, 66.8722610474, 115.123153687, 58.546546936, 103.595115662, 16.3178844452, 18.1597633362, 19.1041183472, 7.14382219315, 6.63552045822, 1.38542830944, 0.160873264074, 0.053211659193, 0.084715411067, 0.0230348184705, 0.00494619645178, 0.00218722200952, 0.00034895905992, 4.92354847665e-05, 0.000258959684288, 0.000608225469477],
        "mean": [0.0071189859882, 0.270450443029, 1.98469090462, 3.3166437149, 4.53617477417, 11.4046964645, 22.0868625641, 12.6644468307, 15.1070213318, 56.2255706787, 44.0467910767, 24.5554389954, 12.6106014252, 5.38785028458, 11.8304853439, 9.52331638336, 14.476890564, 4.12073040009, 1.45060169697, 0.844933211803, 0.601735591888, 0.58070653677, 0.308944880962, 0.271242260933, 0.0883560329676, 0.0516436696053, 0.0371079333127, 0.0123319383711, 0.00483093224466, 0.00151596870273, 0.000350644433638, 0.000151048239786, 0.000109609565698, 3.50707887264e-05, 1.86271026905e-05, 1.23382478705e-05, 6.79810227666e-06, 1.80718700449e-06, 8.06362186268e-06, 1.7887165086e-05],
        "median": [0.00135126023088, 0.0397325344384, 0.33854714036, 0.639888942242, 0.858233273029, 2.65214920044, 3.94818210602, 2.84189748764, 2.74762201309, 2.4358651638, 2.20287799835, 1.91377270222, 1.93745648861, 0.612839400768, 0.521619260311, 0.480427891016, 0.351654589176, 0.267228931189, 0.0775869563222, 0.0421729683876, 0.0153960324824, 0.00726983370259, 0.00482552452013, 0.00248172716238, 0.000714409921784, 0.000258051994024, 0.000100816563645, 4.32595843449e-05, 2.58036561718e-05, 1.98490524781e-05, 1.59882074513e-05, 1.36816997838e-05, 1.14039685286e-05, 9.20600268728e-06, 7.05799857315e-06, 4.96242819281e-06, 2.82341329694e-06, 1.01827424714e-06, 2.93529615192e-06, 5.73567012907e-06],
        "min": [7.84711370642e-22, 3.40131174886e-21, 7.30214284467e-21, 1.92602058608e-20, 1.15731602059e-19, 1.69741171084e-19, 2.90913889665e-19, 2.62126013944e-19, 2.88947784746e-19, 2.33685140491e-19, 3.80444532897e-19, 9.18503730323e-19, 1.14127525661e-18, 2.90583213875e-18, 4.36116336872e-18, 1.31870134142e-17, 6.41475752621e-18, 5.60544897797e-18, 4.95110734082e-18, 5.88150644534e-18, 3.29932257653e-18, 8.82255952098e-18, 2.65977940733e-17, 1.05301862145e-17, 2.54893224216e-17, 1.08663904657e-17, 1.92435926362e-17, 2.08236862771e-17, 1.61460378158e-17, 1.4105915949e-17, 2.35507667535e-17, 1.85155942878e-17, 2.10558212812e-17, 1.3518850979e-17, 1.08353885635e-17, 5.04499399471e-18, 3.67268067896e-18, 1.1559057035e-18, 3.20516331493e-19, 3.35546073976e-20],
        "var": [0.000310933741275, 0.406138986349, 23.7762451172, 70.2650222778, 125.277137756, 998.598388672, 6825.57958984, 1073.90283203, 1708.35119629, 94095.28125, 49032.4101562, 13678.4716797, 1491.22766113, 688.723510742, 9565.87109375, 6661.93896484, 23004.1621094, 271.183959961, 23.4696292877, 9.42845153809, 5.88743400574, 11.8568782806, 2.26127099991, 3.97003531456, 0.228204801679, 0.144941866398, 0.125089004636, 0.0198097936809, 0.00766752148047, 0.000403597718105, 9.23906827666e-06, 1.77246079147e-06, 2.39299288296e-06, 1.1345204598e-07, 6.90903556588e-09, 1.38456024423e-09, 1.62563865147e-10, 7.32964730576e-12, 2.26924701252e-10, 1.24794119483e-09]
    },
    "gfcc": {
        "mean": [-295.97366333, 239.858184814, -76.6878738403, -48.4609832764, -27.3686981201, -21.3612289429, -22.0042648315, -15.2731237411, -13.3880548477, -9.9145822525, -3.79869365692, -14.4123439789, -7.52017688751],
        "cov": [[20211.7148438, 6118.29736328, -3776.37768555, 584.964355469, 855.186706543, -1713.71691895, -81.8676834106, -314.292907715, -253.391357422, -437.523468018, -212.084945679, -442.097351074, 169.922454834], [6118.29736328, 3651.39624023, -63.7611961365, -402.829040527, 232.053817749, -311.98046875, -316.837127686, -244.239501953, -180.243789673, -267.927429199, -100.283493042, -138.094268799, 98.0659561157], [-3776.37768555, -63.7611961365, 1865.83850098, -245.011611938, -241.222305298, 461.400512695, -138.682876587, -40.6573905945, 49.74559021, 13.1336050034, -25.2497577667, 32.0024757385, -2.8407728672], [584.964355469, -402.829040527, -245.011611938, 511.715454102, 107.920646667, -161.786911011, 131.274795532, 58.1192893982, 59.2235679626, 36.7289924622, -36.4386978149, -48.7251777649, 6.96853780746], [855.186706543, 232.053817749, -241.222305298, 107.920646667, 281.662139893, -53.9509849548, -0.721414744854, 37.7550354004, -4.13319587708, -20.3037452698, 9.0436296463, -31.8704280853, 0.305674940348], [-1713.71691895, -311.98046875, 461.400512695, -161.786911011, -53.9509849548, 390.310791016, 60.0771636963, -19.4133014679, -6.76945257187, 19.1150550842, 30.3312797546, 70.5357513428, -21.2118034363], [-81.8676834106, -316.837127686, -138.682876587, 131.274795532, -0.721414744854, 60.0771636963, 195.421722412, 82.2436599731, 20.4581356049, 31.5119056702, -0.341397643089, -2.61078953743, -12.4282112122], [-314.292907715, -244.239501953, -40.6573905945, 58.1192893982, 37.7550354004, -19.4133014679, 82.2436599731, 198.860565186, 116.933601379, 37.2264442444, 5.3194026947, -27.9161281586, -33.9590187073], [-253.391357422, -180.243789673, 49.74559021, 59.2235679626, -4.13319587708, -6.76945257187, 20.4581356049, 116.933601379, 167.278137207, 87.6774291992, -3.81356024742, -29.4043998718, -30.7849254608], [-437.523468018, -267.927429199, 13.1336050034, 36.7289924622, -20.3037452698, 19.1150550842, 31.5119056702, 37.2264442444, 87.6774291992, 151.269058228, 57.0707817078, -28.7988624573, -51.2315483093], [-212.084945679, -100.283493042, -25.2497577667, -36.4386978149, 9.0436296463, 30.3312797546, -0.341397643089, 5.3194026947, -3.81356024742, 57.0707817078, 101.469589233, 36.4885406494, -38.1608772278], [-442.097351074, -138.094268799, 32.0024757385, -48.7251777649, -31.8704280853, 70.5357513428, -2.61078953743, -27.9161281586, -29.4043998718, -28.7988624573, 36.4885406494, 122.011787415, 49.502494812], [169.922454834, 98.0659561157, -2.8407728672, 6.96853780746, 0.305674940348, -21.2118034363, -12.4282112122, -33.9590187073, -30.7849254608, -51.2315483093, -38.1608772278, 49.502494812, 115.15549469]],
        "icov": [[0.00107288651634, -0.00178740627598, 0.00171519967262, -0.00130731402896, 0.000463776290417, 0.000797674816567, -0.00182197825052, 0.00257641798817, -0.00318955816329, 0.00286152935587, -0.002663271036, 0.00203690957278, -0.000568525167182], [-0.00178740627598, 0.00373187987134, -0.00326392287388, 0.00362147344276, -0.00196553231217, 0.000221270645852, 0.00126047502272, -0.00172018550802, 0.00305513897911, -0.00235260557383, 0.00281002884731, -0.0017313065473, 0.000280033709714], [0.00171519967262, -0.00326392287388, 0.00442303391173, -0.00399386277422, 0.00296661793254, -0.00246310583316, 0.00129915378056, 0.00105837767478, -0.00320602091961, 0.00338180642575, -0.0036908981856, 0.00406730687246, -0.00173394067679], [-0.00130731402896, 0.00362147344276, -0.00399386277422, 0.00943149160594, -0.00582111719996, 0.00660335365683, -0.00798998493701, 0.00568994972855, -0.00353636359796, 0.00066655484261, 0.00189654924907, -0.00166615925264, 0.000919076148421], [0.000463776290417, -0.00196553231217, 0.00296661793254, -0.00582111719996, 0.00882289651781, -0.00618191668764, 0.00720417825505, -0.00652175722644, 0.00347374379635, 9.13890617085e-05, -0.00311904400587, 0.00372258923016, -0.00255748070776], [0.000797674816567, 0.000221270645852, -0.00246310583316, 0.00660335365683, -0.00618191668764, 0.0143435765058, -0.0151101723313, 0.0129158934578, -0.00991048756987, 0.00593889784068, -0.00244920467958, -0.00241608079523, 0.00323050259613], [-0.00182197825052, 0.00126047502272, 0.00129915378056, -0.00798998493701, 0.00720417825505, -0.0151101723313, 0.0277314316481, -0.0238963998854, 0.0219250097871, -0.0164740551263, 0.012093514204, -0.0052059320733, 5.18101514899e-05], [0.00257641798817, -0.00172018550802, 0.00105837767478, 0.00568994972855, -0.00652175722644, 0.0129158934578, -0.0238963998854, 0.0344849862158, -0.0329327620566, 0.0250933840871, -0.0198146216571, 0.0123978042975, -0.00220414414071], [-0.00318955816329, 0.00305513897911, -0.00320602091961, -0.00353636359796, 0.00347374379635, -0.00991048756987, 0.0219250097871, -0.0329327620566, 0.0436430387199, -0.0348897352815, 0.0290539860725, -0.0182077810168, 0.00665969168767], [0.00286152935587, -0.00235260557383, 0.00338180642575, 0.00066655484261, 9.13890617085e-05, 0.00593889784068, -0.0164740551263, 0.0250933840871, -0.0348897352815, 0.0422596819699, -0.035484328866, 0.0246221702546, -0.00832991953939], [-0.002663271036, 0.00281002884731, -0.0036908981856, 0.00189654924907, -0.00311904400587, -0.00244920467958, 0.012093514204, -0.0198146216571, 0.0290539860725, -0.035484328866, 0.0478209480643, -0.0312353093177, 0.0176050644368], [0.00203690957278, -0.0017313065473, 0.00406730687246, -0.00166615925264, 0.00372258923016, -0.00241608079523, -0.0052059320733, 0.0123978042975, -0.0182077810168, 0.0246221702546, -0.0312353093177, 0.0350570976734, -0.0180253125727], [-0.000568525167182, 0.000280033709714, -0.00173394067679, 0.000919076148421, -0.00255748070776, 0.00323050259613, 5.18101514899e-05, -0.00220414414071, 0.00665969168767, -0.00832991953939, 0.0176050644368, -0.0180253125727, 0.0208005625755]]
    },
    "melbands": {
        "dmean": [5.92452124692e-05, 0.000300894258544, 0.000192763036466, 0.000198485038709, 0.000247363030212, 0.000100140154245, 6.30888825981e-05, 0.000294688914437, 0.0001455644815, 5.66190574318e-05, 1.89934453374e-05, 7.40097129892e-06, 1.67528742168e-05, 1.21899420265e-05, 1.48661683852e-05, 9.19192098081e-06, 2.65649714493e-06, 8.09019184089e-07, 4.38535636249e-07, 4.40886594788e-07, 2.79642449641e-07, 3.05542386059e-07, 2.41017460212e-07, 7.91006584677e-08, 1.59080869366e-07, 3.67398556023e-08, 2.27602843239e-08, 2.69744973025e-08, 2.31551755547e-08, 5.9626810156e-09, 5.36695354825e-09, 2.65344923811e-09, 9.10261699349e-10, 5.96276306108e-10, 1.24415644454e-10, 1.05408307083e-10, 5.17668581612e-11, 7.37849573107e-11, 3.44126740992e-11, 8.9662556893e-12],
        "dmean2": [9.42788610701e-05, 0.000462529249489, 0.000274115358479, 0.000315337994834, 0.000377187039703, 0.000166106445249, 9.3820017355e-05, 0.000373865826987, 0.000191378305317, 7.81146009103e-05, 2.60500219156e-05, 1.02171588878e-05, 2.15279469558e-05, 1.48186882143e-05, 1.61136067618e-05, 1.02180483736e-05, 3.50352752321e-06, 1.09970130779e-06, 6.15248552549e-07, 5.84961981076e-07, 3.76739137664e-07, 3.90960991581e-07, 3.13377569228e-07, 1.08932283638e-07, 2.06290422966e-07, 5.00370873624e-08, 3.06516980686e-08, 3.85095049182e-08, 3.16390575961e-08, 8.64118199218e-09, 8.22903345465e-09, 4.34433156116e-09, 1.42299039219e-09, 9.16664300021e-10, 1.91812482564e-10, 1.64880484266e-10, 8.63792995465e-11, 1.14745400681e-10, 4.62600513451e-11, 1.50885987732e-11],
        "dvar": [2.80396079688e-08, 8.65552408413e-07, 2.73362331882e-07, 5.05504999637e-07, 1.5589873783e-06, 2.3497372581e-07, 8.23560597496e-08, 5.52698202227e-06, 1.20712070384e-06, 1.55897822651e-07, 6.76068756533e-09, 4.54201520839e-09, 3.86603993263e-08, 1.79608399264e-08, 2.57078234256e-08, 1.16335776568e-08, 3.0090810399e-10, 1.89367271863e-11, 4.46975442769e-12, 7.76055608664e-12, 3.19642576296e-12, 4.8789253887e-12, 5.50104970257e-12, 3.75830388945e-13, 2.2252540522e-12, 9.14516739788e-14, 3.05320140915e-14, 8.38702276574e-14, 1.2440821485e-13, 4.34152539291e-15, 9.49307262844e-15, 6.04005049237e-15, 2.81645734151e-16, 9.57873627324e-17, 1.68726047281e-18, 1.51599469154e-18, 5.26000791101e-19, 2.11340407207e-18, 7.1022528725e-19, 6.56074385048e-21],
        "dvar2": [6.59590497776e-08, 1.98938869289e-06, 4.71342616493e-07, 1.3928415683e-06, 2.94586266136e-06, 7.05349918917e-07, 1.75401737579e-07, 1.08635276774e-05, 2.37957510762e-06, 3.02377117123e-07, 1.29406689808e-08, 9.67097957272e-09, 7.92678775952e-08, 3.31956258037e-08, 3.80252487275e-08, 1.70274851996e-08, 6.48977926954e-10, 3.92090769574e-11, 9.10937384552e-12, 1.41909062626e-11, 6.45211054723e-12, 8.13533615474e-12, 1.05264946065e-11, 8.12958424537e-13, 3.94834078626e-12, 1.95060886389e-13, 6.16056210494e-14, 1.86649198701e-13, 2.90795978877e-13, 1.01219691808e-14, 2.14559866049e-14, 1.25978346272e-14, 7.41333399832e-16, 2.422592315e-16, 3.41147193077e-18, 3.5378510663e-18, 1.37483094333e-18, 5.1396867361e-18, 1.15723136383e-18, 9.08740217054e-21],
        "max": [0.00519706308842, 0.0358026847243, 0.0267077405006, 0.0217086747289, 0.117570750415, 0.0196466259658, 0.0188303925097, 0.0974347665906, 0.0619985163212, 0.0214635618031, 0.003637323156, 0.0042267460376, 0.0143494140357, 0.0073871887289, 0.0122777651995, 0.00890003331006, 0.000828589953016, 0.000177798050572, 8.71783486218e-05, 0.000178085683729, 0.000105390048702, 0.00012955153943, 0.000166217825608, 2.8510707125e-05, 0.000109437707579, 1.20943414004e-05, 6.77369280311e-06, 1.86018078239e-05, 2.2236175937e-05, 3.43654232893e-06, 5.85061025049e-06, 6.33334047961e-06, 1.1686797734e-06, 6.6155780587e-07, 6.58260148612e-08, 5.99186762429e-08, 5.1144084523e-08, 9.7088339146e-08, 8.83818813691e-08, 7.89640708376e-09],
        "mean": [0.000142782359035, 0.00083668413572, 0.000592617434449, 0.000526874326169, 0.000758403679356, 0.000306657311739, 0.000218000554014, 0.000704126956407, 0.000316546967952, 0.000138253424666, 5.73150973651e-05, 1.89022757695e-05, 3.59698060493e-05, 2.60205652012e-05, 3.18258717016e-05, 2.01723178179e-05, 7.15396117812e-06, 2.44472016675e-06, 1.24224084175e-06, 1.05605181488e-06, 6.83243740696e-07, 6.60159287236e-07, 4.81465519897e-07, 1.82151595141e-07, 2.44702562213e-07, 6.69844624213e-08, 3.49268240996e-08, 3.64354448834e-08, 3.19861186426e-08, 8.63248228455e-09, 6.81478606879e-09, 3.29469185267e-09, 1.1070777628e-09, 6.70294597604e-10, 1.76858624967e-10, 1.30372115881e-10, 6.33170738062e-11, 8.18115783452e-11, 4.5955583089e-11, 1.32479921131e-11],
        "median": [2.17108372453e-05, 0.000146171281813, 0.000128265353851, 0.000108155873022, 0.000159068003995, 6.6607070039e-05, 4.10910033679e-05, 2.59389107669e-05, 1.6249534383e-05, 1.07596297312e-05, 7.91294587543e-06, 1.52654251906e-06, 1.26304189507e-06, 1.20170591345e-06, 7.212185551e-07, 4.954005135e-07, 3.19994740039e-07, 8.76116033055e-08, 4.66741312266e-08, 2.57813752569e-08, 1.05393231919e-08, 5.76328318402e-09, 3.77648845529e-09, 1.85093240734e-09, 1.49582124465e-09, 2.84378021131e-10, 1.90616883389e-10, 1.21221810367e-10, 4.96739246958e-11, 2.56750610356e-11, 1.92546534272e-11, 1.30922651193e-11, 1.02569307214e-11, 9.13085232424e-12, 7.63010574861e-12, 6.98360032997e-12, 6.43627859342e-12, 5.90381172769e-12, 5.44812242195e-12, 5.13580410838e-12],
        "min": [5.81665760161e-24, 4.15592395811e-24, 6.75714427813e-24, 9.22961105994e-24, 9.85418063759e-24, 6.09872546789e-24, 4.46790819093e-24, 2.74953563653e-24, 3.07519694252e-24, 5.8863368965e-24, 5.48884171928e-24, 1.10964709025e-23, 1.38434739011e-23, 3.27727309028e-23, 2.53893904158e-23, 7.72990522644e-24, 1.19066484071e-23, 8.59928989742e-24, 8.23325528195e-24, 5.18327368663e-24, 3.73477360335e-24, 5.09208097155e-24, 2.79171090154e-23, 1.54575858651e-23, 5.99212038288e-24, 2.17652719093e-23, 9.79908501425e-24, 6.88531445371e-24, 1.08590931898e-23, 1.3021741162e-23, 1.1923992303e-23, 9.75563297787e-24, 6.66447363215e-24, 8.49050282315e-24, 1.23027693887e-23, 1.60494934459e-23, 8.53137449551e-24, 1.60992768799e-23, 9.60832109243e-24, 1.25308235543e-23],
        "var": [1.26336814787e-07, 3.81376185032e-06, 1.87073374036e-06, 1.53500809574e-06, 6.56450265524e-06, 6.0321320916e-07, 3.69850340576e-07, 1.54622048285e-05, 2.79109281109e-06, 4.56717572206e-07, 3.3982360037e-08, 1.18053993248e-08, 8.36602538357e-08, 4.05341253895e-08, 8.43341325663e-08, 3.94151449257e-08, 1.02965080906e-09, 7.70448566056e-11, 1.95347089199e-11, 2.3715260658e-11, 1.00050714241e-11, 1.68842266557e-11, 1.2254229749e-11, 8.5164725749e-13, 4.25700663956e-12, 1.62832366948e-13, 4.85249827245e-14, 1.01688710891e-13, 1.45516980627e-13, 5.77454547395e-15, 1.00897412712e-14, 6.37808313041e-15, 2.49918712214e-16, 9.46267753934e-17, 2.42300640161e-18, 1.72934473404e-18, 4.98605189599e-19, 2.13253221014e-18, 1.33113978037e-18, 1.36787400541e-20]
    },
    "mfcc": {
        "mean": [-891.475952148, 221.92906189, 42.5636482239, -5.3905673027, -2.75079870224, -3.02796459198, -3.58287572861, -7.74949169159, -7.63582324982, -2.76509833336, 1.03084659576, -0.223936662078, -5.24110746384],
        "cov": [[8690.40234375, 4814.91064453, -1940.01135254, 121.833580017, 499.514068604, -384.144592285, -265.177154541, -214.563644409, -15.09237957, -28.9519557953, -152.918243408, -141.52041626, -229.78994751], [4814.91064453, 3542.23242188, -225.550796509, -82.711769104, 265.821472168, -111.810821533, -174.011657715, -141.084060669, -69.6165237427, -58.8952102661, -131.975921631, -185.627792358, -211.749633789], [-1940.01135254, -225.550796509, 1513.81677246, 55.6646080017, -182.675521851, 180.820648193, 55.2910957336, 9.58088779449, -37.8439750671, -23.0348644257, -31.5493869781, -105.458007812, -56.7171859741], [121.833580017, -82.711769104, 55.6646080017, 368.29095459, 73.0078048706, -67.2887878418, -5.20428133011, -9.73849773407, 50.1768684387, 61.9694252014, 5.17657423019, -15.7817726135, -12.9973039627], [499.514068604, 265.821472168, -182.675521851, 73.0078048706, 225.434631348, 13.3707304001, -52.0943489075, 4.86839580536, 29.4062728882, 33.9273300171, 17.9291934967, -2.43112635612, -2.70692253113], [-384.144592285, -111.810821533, 180.820648193, -67.2887878418, 13.3707304001, 179.646957397, 87.2550201416, 14.5307350159, -18.0645503998, -29.6359844208, 1.42231559753, 8.71766281128, 9.30080509186], [-265.177154541, -174.011657715, 55.2910957336, -5.20428133011, -52.0943489075, 87.2550201416, 163.411697388, 65.1959762573, -23.4754734039, -26.5866088867, -2.80904984474, 21.5426521301, 13.9141044617], [-214.563644409, -141.084060669, 9.58088779449, -9.73849773407, 4.86839580536, 14.5307350159, 65.1959762573, 131.026153564, 69.3497848511, -3.41555190086, -11.4981555939, -8.39640903473, 14.9114704132], [-15.09237957, -69.6165237427, -37.8439750671, 50.1768684387, 29.4062728882, -18.0645503998, -23.4754734039, 69.3497848511, 155.749694824, 91.2914199829, -3.48833394051, -23.7979030609, 12.195690155], [-28.9519557953, -58.8952102661, -23.0348644257, 61.9694252014, 33.9273300171, -29.6359844208, -26.5866088867, -3.41555190086, 91.2914199829, 162.383605957, 85.7188415527, 4.73858547211, 0.270658105612], [-152.918243408, -131.975921631, -31.5493869781, 5.17657423019, 17.9291934967, 1.42231559753, -2.80904984474, -11.4981555939, -3.48833394051, 85.7188415527, 157.313354492, 102.428291321, 3.90199494362], [-141.52041626, -185.627792358, -105.458007812, -15.7817726135, -2.43112635612, 8.71766281128, 21.5426521301, -8.39640903473, -23.7979030609, 4.73858547211, 102.428291321, 177.440567017, 80.3857040405], [-229.78994751, -211.749633789, -56.7171859741, -12.9973039627, -2.70692253113, 9.30080509186, 13.9141044617, 14.9114704132, 12.195690155, 0.270658105612, 3.90199494362, 80.3857040405, 141.34538269]],
