{
"lowlevel": {
    "average_loudness": 0.634329020977,
    "barkbands_crest": {
        "dmean": 2.34030342102,
        "dmean2": 3.75233125687,
        "dvar": 3.91794133186,
        "dvar2": 10.3252134323,
        "max": 25.6293621063,
        "mean": 11.0381622314,
        "median": 10.4004001617,
        "min": 3.99968147278,
        "var": 11.9179029465
    },
    "barkbands_flatness_db": {
        "dmean": 0.0241059102118,
        "dmean2": 0.0415121763945,
        "dvar": 0.000382751895813,
        "dvar2": 0.00113951577805,
        "max": 0.688508152962,
        "mean": 0.441999316216,
        "median": 0.443081945181,
        "min": 0.0501277334988,
        "var": 0.0046425270848
    },
    "barkbands_kurtosis": {
        "dmean": 1.11398482323,
        "dmean2": 1.74295890331,
        "dvar": 2.44935250282,
        "dvar2": 5.6500658989,
        "max": 62.2445678711,
        "mean": 0.801772475243,
        "median": 0.0986828804016,
        "min": -1.88990390301,
        "var": 6.66344738007
    },
    "barkbands_skewness": {
        "dmean": 0.402194023132,
        "dmean2": 0.598284244537,
        "dvar": 0.11474070698,
        "dvar2": 0.271118551493,
        "max": 6.02705764771,
        "mean": 0.169612288475,
        "median": 0.151875510812,
        "min": -3.5144329071,
        "var": 0.629185676575
    },
    "barkbands_spread": {
        "dmean": 0.897634267807,
        "dmean2": 1.3740093708,
        "dvar": 1.44237852097,
        "dvar2": 3.4582285881,
        "max": 84.2634811401,
        "mean": 4.607629776,
        "median": 4.0664434433,
        "min": 0.386801838875,
        "var": 14.0957775116
    },
    "dissonance": {
        "dmean": 0.0572989992797,
        "dmean2": 0.0960570275784,
        "dvar": 0.00239513628185,
        "dvar2": 0.00643322896212,
        "max": 0.5,
        "mean": 0.329734325409,
        "median": 0.333632558584,
        "min": 0.0761869698763,
        "var": 0.00601539434865
    },
    "dynamic_complexity": 3.39667344093,
    "erbbands_crest": {
        "dmean": 3.29887223244,
        "dmean2": 5.07464981079,
        "dvar": 7.32006788254,
        "dvar2": 17.0760307312,
        "max": 32.3527908325,
        "mean": 15.2265033722,
        "median": 14.379983902,
        "min": 2.47761130333,
        "var": 25.7877254486
    },
    "erbbands_flatness_db": {
        "dmean": 0.0176391024143,
        "dmean2": 0.0274478401989,
        "dvar": 0.00019896106096,
        "dvar2": 0.000492249149829,
        "max": 0.615825712681,
        "mean": 0.444628596306,
        "median": 0.448769539595,
        "min": 0.0656797811389,
        "var": 0.00289975805208
    },
    "erbbands_kurtosis": {
        "dmean": 1.38009893894,
        "dmean2": 2.13098311424,
        "dvar": 2.88345932961,
        "dvar2": 6.4256901741,
        "max": 48.8204307556,
        "mean": 1.49347817898,
        "median": 0.733283042908,
        "min": -1.81852066517,
        "var": 7.95349025726
    },
    "erbbands_skewness": {
        "dmean": 0.436249405146,
        "dmean2": 0.635504424572,
        "dvar": 0.131393492222,
        "dvar2": 0.29277575016,
        "max": 4.34991407394,
        "mean": -0.249447062612,
        "median": -0.241291940212,
        "min": -3.94315743446,
        "var": 0.726614296436
    },
    "erbbands_spread": {
        "dmean": 1.57366752625,
        "dmean2": 2.37504649162,
        "dvar": 3.11499261856,
        "dvar2": 6.78445672989,
        "max": 68.7812042236,
        "mean": 7.02549600601,
        "median": 6.2119436264,
        "min": 0.685833930969,
        "var": 21.225107193
    },
    "hfc": {
        "dmean": 3.25349855423,
        "dmean2": 4.51371335983,
        "dvar": 14.5204982758,
        "dvar2": 27.0139408112,
        "max": 131.487091064,
        "mean": 13.5397510529,
        "median": 11.4863643646,
        "min": 1.14071726952e-16,
        "var": 101.01789856
    },
    "melbands_crest": {
        "dmean": 2.62099194527,
        "dmean2": 4.18008804321,
        "dvar": 5.05635786057,
        "dvar2": 13.3333263397,
        "max": 32.6355667114,
        "mean": 12.6159639359,
        "median": 11.7463912964,
        "min": 1.81776320934,
        "var": 17.1810340881
    },
    "melbands_flatness_db": {
        "dmean": 0.0262666642666,
        "dmean2": 0.0453901588917,
        "dvar": 0.000490683480166,
        "dvar2": 0.00153277500067,
        "max": 0.775435626507,
        "mean": 0.548688769341,
        "median": 0.554825007915,
        "min": 0.00400688173249,
        "var": 0.00728849507868
    },
    "melbands_kurtosis": {
        "dmean": 1.10746204853,
        "dmean2": 1.73133862019,
        "dvar": 2.64252066612,
        "dvar2": 6.27124452591,
        "max": 57.9393043518,
        "mean": 0.624685525894,
        "median": -0.101948976517,
        "min": -1.87866568565,
        "var": 6.32245397568
    },
    "melbands_skewness": {
        "dmean": 0.383946239948,
        "dmean2": 0.571511983871,
        "dvar": 0.105357915163,
        "dvar2": 0.251286327839,
        "max": 6.06112241745,
        "mean": 0.445475101471,
        "median": 0.425329387188,
        "min": -2.74740600586,
        "var": 0.551605165005
    },
    "melbands_spread": {
        "dmean": 1.59421026707,
        "dmean2": 2.41555285454,
        "dvar": 3.86575317383,
        "dvar2": 8.40605163574,
        "max": 183.137710571,
        "mean": 8.20302391052,
        "median": 7.16966962814,
        "min": 0.750928878784,
        "var": 58.7108573914
    },
    "pitch_salience": {
        "dmean": 0.056314021349,
        "dmean2": 0.0886036679149,
        "dvar": 0.00211129640229,
        "dvar2": 0.00518963998184,
        "max": 0.883338272572,
        "mean": 0.538313150406,
        "median": 0.540951371193,
        "min": 0.128579065204,
        "var": 0.00905616488308
    },
    "silence_rate_20dB": {
        "dmean": 0,
        "dmean2": 0,
        "dvar": 0,
        "dvar2": 0,
        "max": 1,
        "mean": 1,
        "median": 1,
        "min": 1,
        "var": 0
    },
    "silence_rate_30dB": {
        "dmean": 0.00246676709503,
        "dmean2": 0.00493387226015,
        "dvar": 0.00246066180989,
        "dvar2": 0.00586861604825,
        "max": 1,
        "mean": 0.996574163437,
        "median": 1,
        "min": 0,
        "var": 0.00341396057047
    },
    "silence_rate_60dB": {
        "dmean": 0.00301493774168,
        "dmean2": 0.00603028852493,
        "dvar": 0.00300519028679,
        "dvar2": 0.00668091792613,
        "max": 1,
        "mean": 0.0691332668066,
        "median": 0,
        "min": 0,
        "var": 0.0643650814891
    },
    "spectral_centroid": {
        "dmean": 49.1778755188,
        "dmean2": 73.1695175171,
        "dvar": 6926.09667969,
        "dvar2": 7652.89306641,
        "max": 10829.9287109,
        "mean": 517.632080078,
        "median": 477.591796875,
        "min": 229.641769409,
        "var": 71590.8515625
    },
    "spectral_complexity": {
        "dmean": 1.10209679604,
        "dmean2": 1.87391209602,
        "dvar": 0.970901191235,
        "dvar2": 2.48416399956,
        "max": 17,
        "mean": 9.15669727325,
        "median": 9,
        "min": 0,
        "var": 7.72283554077
    },
    "spectral_decrease": {
        "dmean": 1.58901081182e-09,
        "dmean2": 2.31879004886e-09,
        "dvar": 2.48835491077e-18,
        "dvar2": 5.33529799376e-18,
        "max": 2.64101026564e-18,
        "mean": -7.33630489691e-09,
        "median": -6.79384593028e-09,
        "min": -4.94634448955e-08,
        "var": 1.98031124917e-17
    },
    "spectral_energy": {
        "dmean": 0.00627080118284,
        "dmean2": 0.00913063250482,
        "dvar": 3.89865126635e-05,
        "dvar2": 8.26535761007e-05,
        "max": 0.194136828184,
        "mean": 0.0289170313627,
        "median": 0.0267514772713,
        "min": 1.04380677496e-20,
        "var": 0.000310477800667
    },
    "spectral_energyband_high": {
        "dmean": 1.16166938824e-06,
        "dmean2": 1.55000645918e-06,
        "dvar": 3.65287078363e-10,
        "dvar2": 6.68568200801e-10,
        "max": 0.00191652437206,
        "mean": 1.42138560477e-06,
        "median": 9.40088398238e-08,
        "min": 7.39314725234e-21,
        "var": 5.39858713289e-10
    },
    "spectral_energyband_low": {
        "dmean": 0.000717160583008,
        "dmean2": 0.0010365563212,
        "dvar": 1.53840574058e-06,
        "dvar2": 3.77974629373e-06,
        "max": 0.0283151268959,
        "mean": 0.0024514561519,
        "median": 0.00159143377095,
        "min": 5.25092166469e-23,
        "var": 8.07438846095e-06
    },
    "spectral_energyband_middle_high": {
        "dmean": 0.00137339427602,
        "dmean2": 0.00199184566736,
        "dvar": 8.93004835234e-06,
        "dvar2": 1.82389267138e-05,
        "max": 0.103410892189,
        "mean": 0.00288626318797,
        "median": 0.000803025090136,
        "min": 1.68068146192e-21,
        "var": 3.16006589856e-05
    },
    "spectral_energyband_middle_low": {
        "dmean": 0.00570864556357,
        "dmean2": 0.00827230047435,
        "dvar": 3.24926295434e-05,
        "dvar2": 6.98946023476e-05,
        "max": 0.18930695951,
        "mean": 0.0241551827639,
        "median": 0.0217942409217,
        "min": 2.56698594977e-22,
        "var": 0.000251295248745
    },
    "spectral_entropy": {
        "dmean": 0.105201296508,
        "dmean2": 0.164011389017,
        "dvar": 0.00761476904154,
        "dvar2": 0.0195629280061,
        "max": 9.79103565216,
        "mean": 5.24270439148,
        "median": 5.21741342545,
        "min": 3.73777914047,
        "var": 0.182894051075
    },
    "spectral_flux": {
        "dmean": 0.014857660979,
        "dmean2": 0.0251925811172,
        "dvar": 0.000174178145244,
        "dvar2": 0.00050083885435,
        "max": 0.20036239922,
        "mean": 0.0577515251935,
        "median": 0.0578190349042,
        "min": 1.02166865246e-10,
        "var": 0.000549578631762
    },
    "spectral_kurtosis": {
        "dmean": 66.5953826904,
        "dmean2": 116.498252869,
        "dvar": 4750.95703125,
        "dvar2": 14923.3574219,
        "max": 839.894042969,
        "mean": 217.333312988,
        "median": 200.684936523,
        "min": -1.23923945427,
        "var": 14731.9462891
    },
    "spectral_rms": {
        "dmean": 0.000561322900467,
        "dmean2": 0.000824233517051,
        "dvar": 2.39154189785e-07,
        "dvar2": 5.53362212941e-07,
        "max": 0.0137623315677,
        "mean": 0.00499079562724,
        "median": 0.00510871829465,
        "min": 3.19115654041e-12,
        "var": 3.30342550114e-06
    },
    "spectral_rolloff": {
        "dmean": 78.3940048218,
        "dmean2": 139.280990601,
        "dvar": 61664.9570312,
        "dvar2": 137948.21875,
        "max": 20887.2070312,
        "mean": 814.933959961,
        "median": 667.529296875,
        "min": 193.798828125,
        "var": 1751813.375
    },
    "spectral_skewness": {
        "dmean": 2.05114936829,
        "dmean2": 3.59355664253,
        "dvar": 3.67187690735,
        "dvar2": 10.7564649582,
        "max": 23.4028759003,
        "mean": 10.9494476318,
        "median": 11.1325006485,
        "min": 0.0282235536724,
        "var": 13.7126283646
    },
    "spectral_spread": {
        "dmean": 303971.78125,
        "dmean2": 545427.875,
        "dvar": 122660675584,
        "dvar2": 251442626560,
        "max": 41432164,
        "mean": 791386.8125,
        "median": 634842.25,
        "min": 96502.0625,
        "var": 1.10268003123e+12
    },
    "spectral_strongpeak": {
        "dmean": 0.63614654541,
        "dmean2": 1.01654672623,
        "dvar": 0.573686122894,
        "dvar2": 1.25152754784,
        "max": 12.6797389984,
        "mean": 1.65130186081,
        "median": 1.30030810833,
        "min": 0,
        "var": 1.75605916977
    },
    "zerocrossingrate": {
        "dmean": 0.00228465697728,
        "dmean2": 0.00290171499364,
        "dvar": 1.28496903926e-05,
        "dvar2": 1.66592126334e-05,
        "max": 0.5126953125,
        "mean": 0.0273458249867,
        "median": 0.0234375,
        "min": 0.005859375,
        "var": 0.00116596743464
    },
    "barkbands": {
        "dmean": [6.0549018599e-07, 0.000183326788829, 0.00051594665274, 0.000258624902926, 0.00272721680813, 0.00193329644389, 0.00140342954546, 0.00108597322833, 0.00233997078612, 0.00069606048055, 0.000919709447771, 7.81201888458e-05, 0.000103968734038, 3.65082632925e-05, 2.06230397453e-05, 1.02795165731e-05, 2.35706670537e-06, 6.34314460513e-07, 8.14998088572e-07, 9.0864654112e-07, 5.68921336708e-07, 9.77498686439e-08, 2.79325540475e-08, 3.63204293308e-08, 1.4373928714e-09, 1.40890199507e-09, 4.82869655372e-09],
        "dmean2": [9.90660737443e-07, 0.000282818858977, 0.000713883899152, 0.00038114542258, 0.00451097730547, 0.00270369229838, 0.00169792049564, 0.0015149457613, 0.00287718116306, 0.00101480679587, 0.00133806408849, 0.000120787030028, 0.000164046490681, 5.81769600103e-05, 3.4017550206e-05, 1.74824199348e-05, 3.96976565753e-06, 9.56811049946e-07, 1.1517557823e-06, 1.2818891264e-06, 7.37279833629e-07, 1.34557708975e-07, 3.96268831082e-08, 4.95017289381e-08, 2.69365219019e-09, 2.64549382401e-09, 9.38882660506e-09],
        "dvar": [3.85124571123e-12, 1.04524183087e-07, 9.58682107921e-07, 1.70417592926e-07, 1.41145555972e-05, 6.16938496023e-06, 4.90098318551e-06, 2.76311402558e-06, 1.13123041956e-05, 2.38618281401e-06, 7.37788013794e-06, 9.92574342717e-08, 3.9414410935e-07, 2.33613395295e-08, 9.30778920605e-09, 5.60181678821e-09, 6.32452978877e-10, 3.1929764388e-11, 8.96783966531e-11, 3.15856396593e-10, 8.83505629767e-11, 3.38340271598e-12, 2.17921397616e-13, 2.19229473984e-12, 7.81249589244e-17, 6.77688495611e-17, 2.54305057508e-14],
        "dvar2": [1.10928401881e-11, 2.98214160921e-07, 2.26504562306e-06, 4.37538602682e-07, 4.46038648079e-05, 1.44208497659e-05, 6.2901617639e-06, 5.39054462934e-06, 1.59654773597e-05, 4.85405644213e-06, 1.51085459947e-05, 2.28386426215e-07, 8.9242962531e-07, 5.50725296478e-08, 2.4571679802e-08, 1.51053782815e-08, 1.80661796634e-09, 5.60837903896e-11, 1.46872874973e-10, 5.95826776806e-10, 1.38682398898e-10, 5.79486979235e-12, 3.72406424275e-13, 4.60471244468e-12, 2.35371106633e-16, 2.04147447259e-16, 7.62297261989e-14],
        "max": [0.000138341027196, 0.00876361038536, 0.0246208943427, 0.0120001472533, 0.0696380808949, 0.0578469783068, 0.159440025687, 0.0362883396447, 0.122250311077, 0.0297644399107, 0.101062729955, 0.0162818394601, 0.0369112230837, 0.00503080850467, 0.00339606800117, 0.00389519426972, 0.00139973859768, 0.000474078929983, 0.000566392380279, 0.00191492878366, 0.000721893215086, 0.000192907900782, 4.13317102357e-05, 0.000164074386703, 7.23891560028e-07, 6.22057768851e-07, 1.1595388969e-05],
        "mean": [2.70074338005e-06, 0.000536155712325, 0.0015465876786, 0.000684478902258, 0.00614622514695, 0.00491326535121, 0.00367960799485, 0.00208199443296, 0.00616953149438, 0.00117315351963, 0.00159233959857, 0.000125055637909, 0.00016470735136, 5.21260226378e-05, 2.90755033348e-05, 1.29776271933e-05, 3.19356672662e-06, 8.54671668549e-07, 1.02082071862e-06, 1.10144549126e-06, 7.25107042854e-07, 1.17981066694e-07, 3.52947928661e-08, 3.61060372711e-08, 1.33263189372e-09, 1.25397880968e-09, 3.80334874706e-09],
        "median": [1.41811256071e-07, 0.000306606554659, 0.000674533424899, 0.000261682318524, 0.00431622285396, 0.00330744846724, 0.00203490024433, 0.00100003171246, 0.00289649679326, 0.000212290484342, 0.000135946815135, 7.76031629357e-06, 2.17533997784e-05, 1.88890555819e-06, 8.44470946504e-07, 3.73501308104e-07, 2.21212744123e-07, 1.67236891002e-07, 6.57962573314e-08, 8.29442114991e-08, 1.8563303783e-08, 3.19915360869e-09, 1.43378220407e-09, 8.59040616419e-10, 6.02577487907e-10, 5.75273217951e-10, 1.31910926626e-09],
        "min": [2.82955508352e-23, 3.13394305914e-23, 1.47046938617e-23, 5.60322497281e-24, 8.54519502302e-23, 3.17404085895e-23, 2.47464340682e-23, 2.70799508901e-23, 7.06491962248e-23, 1.31921953865e-22, 1.3682841626e-22, 1.09790846133e-22, 1.38917559751e-22, 9.71259178025e-23, 2.57338165533e-22, 1.93159774433e-22, 1.10252563265e-22, 1.13157603502e-22, 9.84035695463e-23, 5.23422564452e-22, 4.34632571389e-22, 4.95944961401e-22, 7.35914984643e-22, 7.26728301816e-22, 1.18200504755e-21, 1.37615136512e-21, 2.42881493011e-21],
        "var": [7.20341147842e-11, 4.55821464129e-07, 5.2918721849e-06, 1.03061790924e-06, 3.95890347136e-05, 2.81848115264e-05, 3.44385152857e-05, 8.72754662851e-06, 7.26345679141e-05, 5.78277195018e-06, 2.04440220841e-05, 2.5296500894e-07, 8.89966656814e-07, 4.1962866959e-08, 1.54593013946e-08, 6.34040064895e-09, 9.6131158589e-10, 4.8086541693e-11, 1.50819454148e-10, 4.24282609046e-10, 1.78201828294e-10, 4.77598733131e-12, 3.61590043931e-13, 2.3526233045e-12, 4.11493105639e-17, 3.53867336655e-17, 1.27610900633e-14]
    },
    "erbbands": {
        "dmean": [0.00169700291008, 0.0589061304927, 0.504617869854, 0.696038603783, 3.21939945221, 13.8876466751, 12.1806793213, 16.7519454956, 15.0598297119, 31.6111278534, 23.4196033478, 62.8022766113, 21.2134990692, 21.5124053955, 32.9334754944, 4.67025756836, 5.10156393051, 2.41784715652, 1.02930223942, 0.928845465183, 0.35381269455, 0.0798218473792, 0.0345093645155, 0.0361006818712, 0.0431496277452, 0.0527057461441, 0.0344987027347, 0.00846544560045, 0.00435910234228, 0.00155470345635, 0.0009626862593, 0.00115268107038, 0.000218509376282, 2.31934009207e-05, 1.09313023131e-05, 6.49141247777e-06, 3.43960005011e-06, 1.28487010898e-06, 3.32190529662e-06, 7.12250539436e-06],
        "dmean2": [0.002527999226, 0.0890311747789, 0.703477263451, 1.03142893314, 5.25092601776, 23.8552627563, 15.4115371704, 25.0909519196, 17.0031661987, 43.9903488159, 29.57853508, 77.7813949585, 29.7740478516, 31.087097168, 47.8327293396, 7.08194589615, 8.01295375824, 3.85991024971, 1.71160447598, 1.52082967758, 0.598596870899, 0.131704181433, 0.0522633306682, 0.0527943894267, 0.0608074180782, 0.0745510235429, 0.0439069420099, 0.0121505558491, 0.00591532979161, 0.00220177019946, 0.0013585453853, 0.0015709202271, 0.000302167638438, 3.94273993152e-05, 1.92977877305e-05, 1.11629988169e-05, 5.80345204071e-06, 2.30780210586e-06, 4.9679579206e-06, 1.03809652501e-05],
        "dvar": [9.90322587313e-06, 0.0115956719965, 0.999400913715, 1.05225801468, 22.1201496124, 429.668884277, 310.015960693, 533.03137207, 739.148986816, 2851.87207031, 1517.46630859, 8434.59082031, 1812.75720215, 2716.87866211, 8875.35546875, 252.391418457, 947.058898926, 90.7208557129, 25.0305156708, 28.5818901062, 4.76095104218, 0.430929422379, 0.105695486069, 0.162955984473, 0.311111867428, 0.890535891056, 0.33406201005, 0.0107300048694, 0.00742680393159, 0.000802759197541, 0.000310620001983, 0.00220126868226, 4.36264999735e-05, 5.61419604139e-08, 1.61185409464e-09, 4.96542640338e-10, 2.66782845815e-10, 2.72495526144e-10, 2.69545163967e-10, 6.07042680012e-11],
        "dvar2": [2.89585332212e-05, 0.0319742895663, 2.3750603199, 2.73108172417, 70.4102859497, 1384.23120117, 405.496276855, 1514.74584961, 829.489257812, 5150.66308594, 2449.16748047, 12127.9160156, 3717.67797852, 5426.92919922, 18082.6191406, 573.670654297, 2125.84106445, 215.316833496, 68.6726303101, 70.8801422119, 13.1169157028, 1.1881415844, 0.198021486402, 0.245670199394, 0.546449065208, 1.6643743515, 0.519654095173, 0.0211467444897, 0.0128031307831, 0.00132976809982, 0.00056344101904, 0.00461704889312, 8.94307013368e-05, 1.35819476554e-07, 4.78637884882e-09, 1.49191314858e-09, 7.99715904609e-10, 8.17661660601e-10, 8.01412103346e-10, 1.37626951502e-10],
        "max": [0.200634643435, 2.78865718842, 25.0510368347, 32.6060295105, 131.832275391, 288.777008057, 733.909362793, 386.861633301, 2883.671875, 1873.90698242, 1040.77172852, 3285.62817383, 958.840942383, 1194.6640625, 3066.98217773, 824.653625488, 1819.28222656, 280.829803467, 207.363342285, 283.151641846, 115.734649658, 34.2678222656, 31.4314594269, 30.0238876343, 29.5533065796, 97.9125900269, 44.8507919312, 6.72716808319, 9.40351390839, 2.8085167408, 1.4720594883, 5.2222943306, 0.679331660271, 0.0171698257327, 0.00300761987455, 0.0016763410531, 0.00123943411745, 0.00127337255981, 0.00125100114383, 0.000277257931884],
        "mean": [0.00830881204456, 0.176346674562, 1.59343016148, 2.14777350426, 7.92105865479, 25.3418312073, 35.5136642456, 37.5746688843, 41.8737716675, 68.2371292114, 60.2346343994, 163.690322876, 44.0276679993, 41.0870018005, 57.5763015747, 8.39179897308, 8.3662481308, 3.65481352806, 1.52055811882, 1.29165065289, 0.482881814241, 0.114645116031, 0.0486706346273, 0.0497707054019, 0.0535311363637, 0.0661180093884, 0.0449262335896, 0.00994614046067, 0.00513845914975, 0.0020491713658, 0.00118021550588, 0.00117358879652, 0.000242368041654, 4.03716294386e-05, 2.60681972577e-05, 1.88832273125e-05, 1.10333276098e-05, 2.68170424533e-06, 1.41953978527e-05, 3.25680412061e-05],
        "median": [0.00322373025119, 0.105653300881, 0.691975414753, 1.37361061573, 4.79349946976, 15.9981441498, 19.3419895172, 25.8175239563, 22.4699954987, 33.9761276245, 34.9851493835, 75.2689056396, 20.2692489624, 7.92850446701, 5.6276345253, 1.32715320587, 1.3626049757, 0.317365944386, 0.0979607179761, 0.0501408167183, 0.0259363651276, 0.0151037788019, 0.0134384315461, 0.00689219823107, 0.00443239044398, 0.0051555428654, 0.00162210047711, 0.00060590862995, 0.000183713724255, 9.18103251024e-05, 5.76796846872e-05, 4.11571054428e-05, 3.29517461068e-05, 2.65890394076e-05, 2.16252756218e-05, 1.63280219567e-05, 9.6866815511e-06, 2.08761161957e-06, 1.29586724142e-05, 3.00733536278e-05],
        "min": [9.36640578868e-22, 7.22296615041e-21, 1.96264562329e-20, 1.14939524924e-20, 7.40687118036e-20, 4.07820824902e-19, 2.91312358075e-19, 3.55397891689e-19, 3.83086444376e-19, 2.26675999721e-19, 7.08393392386e-19, 1.25226386966e-18, 2.2079413035e-18, 6.84838173333e-18, 5.99238462978e-18, 4.92487165333e-18, 6.15999044703e-18, 5.30029915487e-18, 9.73754204683e-18, 1.26699221338e-17, 9.8673457101e-18, 6.36005441794e-18, 5.39908230439e-18, 5.93977056615e-18, 1.20880841181e-17, 2.24939591485e-17, 1.78347303451e-17, 1.68676801084e-17, 1.58481320269e-17, 2.13550290523e-17, 2.12985408883e-17, 1.43800866173e-17, 1.35379381716e-17, 1.39821002461e-17, 7.86101417127e-18, 5.53939364297e-18, 2.23709611137e-18, 1.16840037005e-18, 2.9424926284e-19, 3.89950809151e-20],
        "var": [0.000211049322388, 0.0446341186762, 5.55016088486, 6.16823911667, 92.3108978271, 836.83581543, 2729.02197266, 1507.75598145, 6836.00683594, 11469.1806641, 6287.99462891, 52407.9570312, 4608.08496094, 7898.83007812, 24641.0117188, 698.248718262, 2173.85888672, 163.475219727, 41.0207633972, 38.7105331421, 5.98692178726, 0.697624981403, 0.144121035933, 0.290325850248, 0.465738505125, 1.23599302769, 0.691090703011, 0.0128789059818, 0.0103706791997, 0.00120413431432, 0.000455897388747, 0.00236211554147, 4.95617932756e-05, 5.19660687814e-08, 1.15083431673e-09, 3.90021043239e-10, 1.80152406881e-10, 1.40154499118e-10, 2.06492531407e-10, 4.03372391045e-10]
    },
    "gfcc": {
        "mean": [-223.68359375, 258.987304688, -82.9779891968, -67.1616973877, -53.7230987549, -31.2851352692, -8.93030548096, -16.1256389618, -18.4705123901, -13.9217386246, -8.31628799438, -17.5424404144, -0.876085758209],
        "cov": [[12736.7001953, 3387.52368164, -305.994140625, 743.038085938, 303.820709229, -857.403930664, 350.093322754, -151.252746582, 486.861450195, -29.1314868927, -17.0821590424, -194.720108032, 513.859863281], [3387.52368164, 1778.3638916, 548.68737793, -139.840209961, 268.79208374, -260.489990234, 48.44871521, 48.3818206787, 61.0560722351, -27.1577301025, 22.2972660065, -140.028717041, 139.096435547], [-305.994140625, 548.68737793, 1281.57849121, 119.021286011, -55.6028747559, -82.7476959229, 78.7037963867, 259.10458374, -12.9428043365, -1.98965907097, 62.4134101868, -86.8428726196, -11.3835372925], [743.038085938, -139.840209961, 119.021286011, 854.583312988, -47.7604942322, -269.087524414, 192.388076782, 123.738113403, 80.1404266357, 23.2792873383, 12.0375118256, 18.5297813416, 17.8391304016], [303.820709229, 268.79208374, -55.6028747559, -47.7604942322, 312.332183838, 6.90858602524, -55.3031768799, 38.3695449829, 24.2048778534, 16.7735061646, -13.6245479584, -12.0698757172, 30.2513389587], [-857.403930664, -260.489990234, -82.7476959229, -269.087524414, 6.90858602524, 387.690307617, -28.4217281342, -112.320800781, 17.9387207031, 33.4363746643, -18.951171875, 14.3883571625, -32.4377861023], [350.093322754, 48.44871521, 78.7037963867, 192.388076782, -55.3031768799, -28.4217281342, 259.151733398, 83.4622421265, -45.8836593628, 48.6017112732, 21.031375885, -21.6763572693, 10.4334621429], [-151.252746582, 48.3818206787, 259.10458374, 123.738113403, 38.3695449829, -112.320800781, 83.4622421265, 255.410995483, 15.2331552505, -35.0080223083, 23.133852005, -1.93981957436, -11.8155879974], [486.861450195, 61.0560722351, -12.9428043365, 80.1404266357, 24.2048778534, 17.9387207031, -45.8836593628, 15.2331552505, 208.259368896, 37.3408622742, -46.5786743164, 22.1582546234, 29.6723575592], [-29.1314868927, -27.1577301025, -1.98965907097, 23.2792873383, 16.7735061646, 33.4363746643, 48.6017112732, -35.0080223083, 37.3408622742, 187.356185913, 30.3264255524, -60.7566604614, 15.231508255], [-17.0821590424, 22.2972660065, 62.4134101868, 12.0375118256, -13.6245479584, -18.951171875, 21.031375885, 23.133852005, -46.5786743164, 30.3264255524, 119.137138367, 7.35787391663, -30.7973461151], [-194.720108032, -140.028717041, -86.8428726196, 18.5297813416, -12.0698757172, 14.3883571625, -21.6763572693, -1.93981957436, 22.1582546234, -60.7566604614, 7.35787391663, 164.065597534, 25.7485027313], [513.859863281, 139.096435547, -11.3835372925, 17.8391304016, 30.2513389587, -32.4377861023, 10.4334621429, -11.8155879974, 29.6723575592, 15.231508255, -30.7973461151, 25.7485027313, 142.550430298]],
        "icov": [[0.00056682160357, -0.00114555459004, 0.000700533040799, -0.000479790469399, 0.000394979084376, 0.000250950630289, -0.000756792665925, 0.000649025372695, -0.00140271254349, 0.0009964290075, -0.00101342052221, 0.000780083995778, -0.000901340506971], [-0.00114555459004, 0.00689077517018, -0.00433153891936, 0.00495435390621, -0.00687716715038, 0.00577779440209, -0.00658432720229, 0.00706826569512, -0.00511095533147, 0.00525923864916, -0.00338208256289, 0.00272892205976, -0.000439976342022], [0.000700533040799, -0.00433153891936, 0.00385601096787, -0.00329283811152, 0.00485167466104, -0.00406580092385, 0.00469915987924, -0.00597926368937, 0.00351890525781, -0.0033883114811, 0.00170946656726, -0.000964207749348, -0.000199937610887], [-0.000479790469399, 0.00495435390621, -0.00329283811152, 0.00610241154209, -0.00578714953735, 0.00695924228057, -0.00848443619907, 0.00743463775143, -0.00732706580311, 0.00566865131259, -0.00397235061973, 0.00249887048267, -0.000472580228234], [0.000394979084376, -0.00687716715038, 0.00485167466104, -0.00578714953735, 0.0123859243467, -0.00880244746804, 0.0120726013556, -0.0128331156448, 0.0101857380942, -0.00994221121073, 0.00683564459905, -0.00458406796679, 0.00106651743408], [0.000250950630289, 0.00577779440209, -0.00406580092385, 0.00695924228057, -0.00880244746804, 0.0133403101936, -0.0134571967646, 0.0141602903605, -0.0130461081862, 0.00997596047819, -0.00719551183283, 0.00487117562443, -0.00146045943256], [-0.000756792665925, -0.00658432720229, 0.00469915987924, -0.00848443619907, 0.0120726013556, -0.0134571967646, 0.0233833622187, -0.0197657030076, 0.0197792518884, -0.0172555055469, 0.0119933225214, -0.00828582048416, 0.00343024777249], [0.000649025372695, 0.00706826569512, -0.00597926368937, 0.00743463775143, -0.0128331156448, 0.0141602903605, -0.0197657030076, 0.0245901290327, -0.0190272498876, 0.0172846820205, -0.0125624453649, 0.00834711734205, -0.00332202785648], [-0.00140271254349, -0.00511095533147, 0.00351890525781, -0.00732706580311, 0.0101857380942, -0.0130461081862, 0.0197792518884, -0.0190272498876, 0.0256945770234, -0.0189828537405, 0.0158491972834, -0.0110806562006, 0.00519197667018], [0.0009964290075, 0.00525923864916, -0.0033883114811, 0.00566865131259, -0.00994221121073, 0.00997596047819, -0.0172555055469, 0.0172846820205, -0.0189828537405, 0.0231739040464, -0.0153231499717, 0.012441762723, -0.00671068485826], [-0.00101342052221, -0.00338208256289, 0.00170946656726, -0.00397235061973, 0.00683564459905, -0.00719551183283, 0.0119933225214, -0.0125624453649, 0.0158491972834, -0.0153231499717, 0.0209413152188, -0.0100593585521, 0.00725931394845], [0.000780083995778, 0.00272892205976, -0.000964207749348, 0.00249887048267, -0.00458406796679, 0.00487117562443, -0.00828582048416, 0.00834711734205, -0.0110806562006, 0.012441762723, -0.0100593585521, 0.0143362125382, -0.00627066427842], [-0.000901340506971, -0.000439976342022, -0.000199937610887, -0.000472580228234, 0.00106651743408, -0.00146045943256, 0.00343024777249, -0.00332202785648, 0.00519197667018, -0.00671068485826, 0.00725931394845, -0.00627066427842, 0.0119888875633]]
    },
    "melbands": {
        "dmean": [3.08667695208e-05, 0.000195059372345, 0.000141823591548, 0.000638346013147, 0.000448871141998, 0.000372035312466, 0.000234603983699, 0.000318310922012, 0.000245890667429, 0.000358266028343, 0.000100701552583, 8.58597777551e-05, 0.000132748333272, 2.04101470445e-05, 1.146793511e-05, 8.23812479211e-06, 4.330043339e-06, 1.53581220275e-06, 1.01212003756e-06, 1.32882485104e-06, 2.6531677122e-07, 1.04702252202e-07, 3.77939102236e-08, 3.24116484762e-08, 2.75348597256e-08, 3.62063481418e-08, 2.3484478362e-08, 3.72582320551e-08, 2.83954069147e-08, 1.01662740448e-08, 3.1475095863e-09, 2.89159918232e-09, 1.42682743398e-09, 6.19528928159e-10, 6.27467633407e-10, 5.96155402821e-10, 6.94592716677e-10, 1.9851435773e-10, 2.36161038641e-11, 1.34533313309e-11],
        "dmean2": [4.71232415293e-05, 0.000276928622043, 0.000215941501665, 0.00108936848119, 0.000628044363111, 0.000541692017578, 0.0002672887058, 0.000448698207038, 0.000301411724649, 0.000444545061328, 0.000142807257362, 0.000124167752801, 0.00019370407972, 2.96478974633e-05, 1.80992883543e-05, 1.30329581225e-05, 6.92427374815e-06, 2.57206829701e-06, 1.65307096722e-06, 2.21432992475e-06, 4.54242496062e-07, 1.74176918222e-07, 5.86012482984e-08, 5.01897829963e-08, 4.03635240787e-08, 5.14813116581e-08, 3.39492167711e-08, 5.22505985145e-08, 3.52906184276e-08, 1.48296006586e-08, 4.69031258277e-09, 3.87971876847e-09, 2.04848338292e-09, 8.97148855206e-10, 9.03018937404e-10, 8.33668800659e-10, 9.4623064939e-10, 2.72693978509e-10, 4.0472607904e-11, 2.52056986394e-11],
        "dvar": [2.7862012697e-09, 1.45541477536e-07, 3.55022500287e-08, 8.38702817418e-07, 3.37607332312e-07, 2.42697126396e-07, 1.45811483776e-07, 2.68347548626e-07, 1.30706879986e-07, 2.72051750017e-07, 4.50750903269e-08, 4.79722359614e-08, 1.55480549324e-07, 6.12162942559e-09, 3.93975696511e-09, 1.69940961303e-09, 3.38588102e-10, 5.74112077323e-11, 2.54702821334e-11, 6.31362670478e-11, 3.70108067457e-12, 1.13453517414e-12, 1.20098009771e-13, 5.33075882427e-14, 1.15606485431e-13, 2.47915186644e-13, 1.09936128397e-13, 6.60480622017e-13, 2.82927761081e-13, 2.58091345604e-14, 2.04327597932e-15, 3.97274418833e-15, 7.32807642641e-16, 1.48183305455e-16, 1.84916040648e-16, 3.9449879245e-16, 8.82022766575e-16, 3.73473039184e-17, 1.3310466967e-19, 6.8934865415e-21],
        "dvar2": [7.93422660905e-09, 3.53750834847e-07, 9.879078533e-08, 2.65970038527e-06, 6.72506928368e-07, 6.46826833872e-07, 1.6829213223e-07, 5.14505870797e-07, 1.95798250502e-07, 3.91658375065e-07, 9.25834626742e-08, 9.53403187509e-08, 3.2115727322e-07, 1.20636016732e-08, 9.02476227083e-09, 3.81226694657e-09, 8.06196498448e-10, 1.57668683665e-10, 6.38832875488e-11, 1.66187133499e-10, 1.04524366593e-11, 3.1799456731e-12, 2.5482288263e-13, 9.09029118255e-14, 1.71709651706e-13, 4.09542327351e-13, 2.03303601167e-13, 1.24928756576e-12, 4.34910110312e-13, 4.90997894469e-14, 4.21814996194e-15, 6.85217848242e-15, 1.25816696386e-15, 2.40459710003e-16, 3.15248510551e-16, 8.24713629094e-16, 1.86254371233e-15, 7.65391014889e-17, 3.31623040674e-19, 2.07653514582e-20],
        "max": [0.00148839363828, 0.00910378433764, 0.00456019956619, 0.0198610536754, 0.021078247577, 0.0126558057964, 0.0368881598115, 0.0173680335283, 0.010667109862, 0.0176403913647, 0.00473586982116, 0.00500137777999, 0.0149030368775, 0.00245635723695, 0.00347611005418, 0.00226777093485, 0.000637774995994, 0.00030688685365, 0.000191274593817, 0.000370681111235, 8.79446306499e-05, 5.77390637773e-05, 2.4117576686e-05, 1.85518838407e-05, 2.62430585281e-05, 3.97626245103e-05, 2.03684394364e-05, 9.15766649996e-05, 4.19629504904e-05, 1.14393405966e-05, 2.21945788326e-06, 6.88463478582e-06, 2.29638089877e-06, 1.20759216315e-06, 1.28169324398e-06, 2.20156448449e-06, 3.29862723447e-06, 6.1870969148e-07, 2.57791885616e-08, 6.70561473015e-09],
        "mean": [0.000108434236608, 0.000613636802882, 0.000436055037426, 0.00128436961677, 0.00123116455507, 0.000874779128935, 0.000650075031444, 0.000670685083605, 0.0006403728039, 0.000935919873882, 0.000185736178537, 0.000157593749464, 0.000228274977417, 3.51480957761e-05, 1.8313907276e-05, 1.3005668734e-05, 6.1872678998e-06, 2.20173160415e-06, 1.42811063597e-06, 1.7591202095e-06, 3.48418524254e-07, 1.44143200487e-07, 4.83662816464e-08, 4.42726708627e-08, 3.63182017793e-08, 4.37097114059e-08, 2.96348794393e-08, 4.44097132402e-08, 3.6309259599e-08, 1.13980460625e-08, 3.5524299058e-09, 3.20267257159e-09, 1.83425041822e-09, 7.88371090632e-10, 7.45501049781e-10, 6.22071394396e-10, 6.79656830815e-10, 2.00252453508e-10, 2.39318287409e-11, 1.26282803659e-11],
        "median": [5.4651114624e-05, 0.000311536306981, 0.000315367709845, 0.000784070463851, 0.000787643890362, 0.000602614600211, 0.000365201791283, 0.000337329722242, 0.000330713344738, 0.000437540293206, 6.31324364804e-05, 2.22466787818e-05, 2.04326915991e-05, 2.57356828115e-06, 2.43857493842e-06, 1.81898849405e-06, 2.63683887169e-07, 9.38636190995e-08, 5.19572935787e-08, 3.24621929337e-08, 1.67819944608e-08, 1.04070227991e-08, 7.00165658785e-09, 8.54432435915e-09, 3.09579606395e-09, 1.77755787867e-09, 2.85853030135e-09, 2.78290346323e-09, 7.51852413661e-10, 2.61780624955e-10, 1.78424414132e-10, 7.20652704178e-11, 4.90267895725e-11, 3.16098293374e-11, 2.12007876532e-11, 1.54612017633e-11, 1.15791846597e-11, 9.18669047084e-12, 6.98325381895e-12, 5.63532076905e-12],
        "min": [9.39071538944e-24, 9.85200969238e-24, 4.12060349994e-24, 1.49392584965e-23, 1.47871503367e-23, 7.12161458242e-24, 5.61164487968e-24, 2.89747920234e-24, 5.08105742926e-24, 9.81249564964e-24, 1.04688168787e-23, 2.67514502765e-23, 1.87841397272e-23, 1.5336530426e-23, 1.01258020133e-23, 1.45734321403e-23, 8.38935744446e-24, 1.25449275985e-23, 2.34428035569e-23, 1.31111648565e-23, 1.16911710509e-23, 7.35731044368e-24, 4.38916212322e-24, 4.87515605553e-24, 4.78063671402e-24, 3.65414334136e-24, 1.73423765161e-23, 1.40075191041e-23, 1.0440843871e-23, 1.20613211537e-23, 9.20196385179e-24, 7.36379014716e-24, 1.27186750017e-23, 1.16284518757e-23, 1.25154518107e-23, 9.94582734212e-24, 8.57712132826e-24, 1.01700720985e-23, 9.54101311341e-24, 1.24912716463e-23],
        "var": [2.32054713223e-08, 7.44420447063e-07, 1.90396477251e-07, 2.38532106778e-06, 2.33667810789e-06, 8.55840312397e-07, 1.26448196625e-06, 1.02540241187e-06, 7.10030519713e-07, 1.72502745954e-06, 1.07639813507e-07, 1.33702059202e-07, 4.21677782469e-07, 1.79491532748e-08, 8.65567795216e-09, 3.82421472267e-09, 5.960189009e-10, 9.37794147893e-11, 3.97867468138e-11, 7.86291240451e-11, 5.10299007911e-12, 1.85304332642e-12, 1.4187026662e-13, 8.45294971172e-14, 2.05957809401e-13, 4.07478927987e-13, 1.48888171757e-13, 8.82857914379e-13, 5.94400071698e-13, 3.16443513103e-14, 2.2447150255e-15, 5.54008929525e-15, 1.04217822099e-15, 2.29008142194e-16, 2.83616435713e-16, 4.27693007802e-16, 9.37562028712e-16, 4.25843762824e-17, 1.2185859348e-19, 3.6632056934e-21]
    },
    "mfcc": {
        "mean": [-847.850830078, 263.191802979, 49.2194366455, -23.887960434, -29.6377677917, -16.7679462433, -4.47065925598, -7.64872694016, -6.03350830078, -1.73847973347, -5.49031257629, -6.5693655014, -6.53393745422],
        "cov": [[3984.94726562, 2773.54272461, -168.054641724, -41.1724128723, 14.1710548401, -8.47419929504, 12.7260541916, -127.413619995, 106.096862793, 208.969680786, -108.530921936, -109.293815613, 127.625068665], [2773.54272461, 2635.01367188, 614.28326416, -77.2351531982, -19.4050273895, 14.131526947, 1.32558488846, -18.8989048004, 92.9088973999, 171.174041748, 24.3323020935, -65.814781189, 30.7609767914], [-168.054641724, 614.28326416, 1074.53540039, 326.484130859, -49.3266677856, -67.8901748657, 40.68699646, 127.146247864, 23.9029827118, 64.2999954224, 160.095870972, 37.6316719055, -67.2708129883], [-41.1724128723, -77.2351531982, 326.484130859, 660.261108398, 114.142417908, -194.080581665, 54.7944984436, 103.253181458, 40.2645645142, 60.0735244751, 85.2022781372, 53.3732528687, -4.31046247482], [14.1710548401, -19.4050273895, -49.3266677856, 114.142417908, 231.495223999, 46.0109062195, -65.3763809204, 21.6345787048, 54.9714164734, 25.0949077606, 10.8276548386, 11.1963129044, 31.5103855133], [-8.47419929504, 14.131526947, -67.8901748657, -194.080581665, 46.0109062195, 248.569519043, 31.1950569153, -69.8078384399, 17.5960979462, 28.7875766754, -9.18689823151, -15.5883054733, 41.5585250854], [12.7260541916, 1.32558488846, 40.68699646, 54.7944984436, -65.3763809204, 31.1950569153, 195.945526123, 57.7665710449, -31.3229293823, 28.684545517, 31.4849491119, 16.5735301971, -2.35216617584], [-127.413619995, -18.8989048004, 127.146247864, 103.253181458, 21.6345787048, -69.8078384399, 57.7665710449, 208.261291504, 57.2228546143, -41.2676086426, 37.8520393372, 23.2524719238, -8.47663497925], [106.096862793, 92.9088973999, 23.9029827118, 40.2645645142, 54.9714164734, 17.5960979462, -31.3229293823, 57.2228546143, 165.538696289, 55.1994400024, -47.5423927307, -3.04536175728, 62.682975769], [208.969680786, 171.174041748, 64.2999954224, 60.0735244751, 25.0949077606, 28.7875766754, 28.684545517, -41.2676086426, 55.1994400024, 192.370574951, 50.1072158813, -43.7805480957, 20.8970108032], [-108.530921936, 24.3323020935, 160.095870972, 85.2022781372, 10.8276548386, -9.18689823151, 31.4849491119, 37.8520393372, -47.5423927307, 50.1072158813, 221.977905273, 51.8923950195, -111.998748779], [-109.293815613, -65.814781189, 37.6316719055, 53.3732528687, 11.1963129044, -15.5883054733, 16.5735301971, 23.2524719238, -3.04536175728, -43.7805480957, 51.8923950195, 163.103225708, 34.2950325012], [127.625068665, 30.7609767914, -67.2708129883, -4.31046247482, 31.5103855133, 41.5585250854, -2.35216617584, -8.47663497925, 62.682975769, 20.8970108032, -111.998748779, 34.2950325012, 247.770980835]],
