{
"lowlevel": {
    "average_loudness": 0.832677006721,
    "barkbands_crest": {
        "dmean": 2.25234222412,
        "dmean2": 3.64312314987,
        "dvar": 4.88386964798,
        "dvar2": 12.7298326492,
        "max": 25.9484100342,
        "mean": 9.61231040955,
        "median": 8.74087142944,
        "min": 2.44846057892,
        "var": 15.4031400681
    },
    "barkbands_flatness_db": {
        "dmean": 0.0204862114042,
        "dmean2": 0.0302041266114,
        "dvar": 0.000452022912214,
        "dvar2": 0.000930623966269,
        "max": 0.553185105324,
        "mean": 0.150936514139,
        "median": 0.136840626597,
        "min": 0.0169560071081,
        "var": 0.00451822439209
    },
    "barkbands_kurtosis": {
        "dmean": 3.49131011963,
        "dmean2": 5.50597000122,
        "dvar": 281.246154785,
        "dvar2": 790.755065918,
        "max": 1078.66772461,
        "mean": 6.34768199921,
        "median": 1.4459605217,
        "min": -1.96155190468,
        "var": 646.784729004
    },
    "barkbands_skewness": {
        "dmean": 0.501665890217,
        "dmean2": 0.766660988331,
        "dvar": 0.456778764725,
        "dvar2": 1.07880318165,
        "max": 24.252866745,
        "mean": 1.53864550591,
        "median": 1.26041507721,
        "min": -6.53475522995,
        "var": 2.18215847015
    },
    "barkbands_spread": {
        "dmean": 4.32317304611,
        "dmean2": 6.61986589432,
        "dvar": 40.80651474,
        "dvar2": 87.0076065063,
        "max": 107.025306702,
        "mean": 19.1489562988,
        "median": 17.7944374084,
        "min": 0.122745037079,
        "var": 148.874694824
    },
    "dissonance": {
        "dmean": 0.0194283407182,
        "dmean2": 0.0320876725018,
        "dvar": 0.000450588122476,
        "dvar2": 0.00117283593863,
        "max": 0.500000119209,
        "mean": 0.45490565896,
        "median": 0.465719550848,
        "min": 0.159149810672,
        "var": 0.00144162867218
    },
    "dynamic_complexity": 6.14659023285,
    "erbbands_crest": {
        "dmean": 2.19696569443,
        "dmean2": 3.48825883865,
        "dvar": 4.98185396194,
        "dvar2": 12.3545970917,
        "max": 29.6157264709,
        "mean": 9.04266452789,
        "median": 8.17701244354,
        "min": 2.56967592239,
        "var": 15.7052993774
    },
    "erbbands_flatness_db": {
        "dmean": 0.0166221484542,
        "dmean2": 0.0236055422574,
        "dvar": 0.000311044714181,
        "dvar2": 0.000599497463554,
        "max": 0.372881442308,
        "mean": 0.172171771526,
        "median": 0.173895031214,
        "min": 0.0497993081808,
        "var": 0.00200504320674
    },
    "erbbands_kurtosis": {
        "dmean": 0.987839877605,
        "dmean2": 1.52821397781,
        "dvar": 8.11076831818,
        "dvar2": 20.6330852509,
        "max": 137.132110596,
        "mean": 0.874840021133,
        "median": -0.198222160339,
        "min": -1.86964964867,
        "var": 23.5400867462
    },
    "erbbands_skewness": {
        "dmean": 0.33103993535,
        "dmean2": 0.493877232075,
        "dvar": 0.151834413409,
        "dvar2": 0.319995671511,
        "max": 10.3238544464,
        "mean": 0.287051320076,
        "median": 0.228695496917,
        "min": -6.07947969437,
        "var": 0.885176837444
    },
    "erbbands_spread": {
        "dmean": 6.43585157394,
        "dmean2": 9.80671310425,
        "dvar": 68.3049087524,
        "dvar2": 152.050552368,
        "max": 143.275924683,
        "mean": 34.5395278931,
        "median": 31.0458812714,
        "min": 2.14475846291,
        "var": 305.739471436
    },
    "hfc": {
        "dmean": 3.62360715866,
        "dmean2": 5.29241323471,
        "dvar": 23.8941402435,
        "dvar2": 49.0782012939,
        "max": 82.345451355,
        "mean": 19.3778095245,
        "median": 16.1194667816,
        "min": 1.08225545254e-16,
        "var": 291.546173096
    },
    "melbands_crest": {
        "dmean": 3.19096159935,
        "dmean2": 5.17278909683,
        "dvar": 8.6522102356,
        "dvar2": 21.972454071,
        "max": 38.9564781189,
        "mean": 14.2889080048,
        "median": 13.3061161041,
        "min": 1.56294882298,
        "var": 31.5664806366
    },
    "melbands_flatness_db": {
        "dmean": 0.0255804415792,
        "dmean2": 0.0374047346413,
        "dvar": 0.000688924745191,
        "dvar2": 0.00142659025732,
        "max": 0.696567833424,
        "mean": 0.220659911633,
        "median": 0.20326025784,
        "min": 0.00397955952212,
        "var": 0.0075905714184
    },
    "melbands_kurtosis": {
        "dmean": 6.27445077896,
        "dmean2": 9.7991476059,
        "dvar": 202.554138184,
        "dvar2": 460.565155029,
        "max": 480.087310791,
        "mean": 13.6127262115,
        "median": 5.32874107361,
        "min": -1.9379273653,
        "var": 746.843688965
    },
    "melbands_skewness": {
        "dmean": 0.635482788086,
        "dmean2": 0.971219003201,
        "dvar": 0.599344551563,
        "dvar2": 1.34544312954,
        "max": 16.7027397156,
        "mean": 2.42848300934,
        "median": 2.05362653732,
        "min": -4.2439198494,
        "var": 2.93865060806
    },
    "melbands_spread": {
        "dmean": 5.91463088989,
        "dmean2": 9.04611206055,
        "dvar": 101.010993958,
        "dvar2": 209.464813232,
        "max": 241.570343018,
        "mean": 22.1739006042,
        "median": 19.0586891174,
        "min": 0.281592011452,
        "var": 311.38180542
    },
    "pitch_salience": {
        "dmean": 0.0659996047616,
        "dmean2": 0.107468634844,
        "dvar": 0.00361846503802,
        "dvar2": 0.00955470558256,
        "max": 0.887121021748,
        "mean": 0.56340867281,
        "median": 0.574245214462,
        "min": 0.0610083825886,
        "var": 0.0128900343552
    },
    "silence_rate_20dB": {
        "dmean": 0,
        "dmean2": 0,
        "dvar": 0,
        "dvar2": 0,
        "max": 1,
        "mean": 1,
        "median": 1,
        "min": 1,
        "var": 0
    },
    "silence_rate_30dB": {
        "dmean": 0,
        "dmean2": 0,
        "dvar": 0,
        "dvar2": 0,
        "max": 1,
        "mean": 1,
        "median": 1,
        "min": 1,
        "var": 0
    },
    "silence_rate_60dB": {
        "dmean": 0.0254488401115,
        "dmean2": 0.0509021170437,
        "dvar": 0.0247966889292,
        "dvar2": 0.0554515048862,
        "max": 1,
        "mean": 0.151459693909,
        "median": 0,
        "min": 0,
        "var": 0.128524795175
    },
    "spectral_centroid": {
        "dmean": 218.233703613,
        "dmean2": 325.293762207,
        "dvar": 91162.453125,
        "dvar2": 171627.0625,
        "max": 11338.0644531,
        "mean": 1222.94140625,
        "median": 1181.07421875,
        "min": 95.5405654907,
        "var": 443262.46875
    },
    "spectral_complexity": {
        "dmean": 2.64789962769,
        "dmean2": 4.10738277435,
        "dvar": 9.21510887146,
        "dvar2": 19.950510025,
        "max": 51,
        "mean": 18.8000869751,
        "median": 18,
        "min": 0,
        "var": 148.722320557
    },
    "spectral_decrease": {
        "dmean": 1.4612535626e-09,
        "dmean2": 2.25222529515e-09,
        "dvar": 3.38491943311e-18,
        "dvar2": 8.28293170477e-18,
        "max": 7.86009600079e-18,
        "mean": -6.31909147231e-09,
        "median": -6.66846577957e-09,
        "min": -2.35839809903e-08,
        "var": 2.16138108526e-17
    },
    "spectral_energy": {
        "dmean": 0.00567144341767,
        "dmean2": 0.00873047113419,
        "dvar": 5.00236274092e-05,
        "dvar2": 0.000121418888739,
        "max": 0.0906878113747,
        "mean": 0.0256072692573,
        "median": 0.026986323297,
        "min": 1.02247997466e-20,
        "var": 0.00035285812919
    },
    "spectral_energyband_high": {
        "dmean": 0.000155004890985,
        "dmean2": 0.000224767165491,
        "dvar": 1.32367162564e-07,
        "dvar2": 2.45209264449e-07,
        "max": 0.00956490263343,
        "mean": 0.000402986828703,
        "median": 0.000168994418345,
        "min": 7.33729559732e-21,
        "var": 4.68955164479e-07
    },
    "spectral_energyband_low": {
        "dmean": 0.00367813720368,
        "dmean2": 0.00592885864899,
        "dvar": 3.82011894544e-05,
        "dvar2": 9.92949717329e-05,
        "max": 0.0744141414762,
        "mean": 0.00714445346966,
        "median": 0.00412789499387,
        "min": 4.28573330776e-23,
        "var": 7.48472666601e-05
    },
    "spectral_energyband_middle_high": {
        "dmean": 0.0015595133882,
        "dmean2": 0.00225510098971,
        "dvar": 5.40645260116e-06,
        "dvar2": 1.08934154923e-05,
        "max": 0.0413743257523,
        "mean": 0.00656824326143,
        "median": 0.00356046319939,
        "min": 1.4870534449e-21,
        "var": 5.40615328646e-05
    },
    "spectral_energyband_middle_low": {
        "dmean": 0.0037541075144,
        "dmean2": 0.00565962959081,
        "dvar": 2.10355628951e-05,
        "dvar2": 4.98798799526e-05,
        "max": 0.0675856769085,
        "mean": 0.0133139705285,
        "median": 0.0119382012635,
        "min": 2.66590481588e-22,
        "var": 0.000120839758893
    },
    "spectral_entropy": {
        "dmean": 0.155104637146,
        "dmean2": 0.216619536281,
        "dvar": 0.0327242836356,
        "dvar2": 0.0596123076975,
        "max": 9.8085565567,
        "mean": 7.31361103058,
        "median": 7.40686559677,
        "min": 4.35611724854,
        "var": 0.298098653555
    },
    "spectral_flux": {
        "dmean": 0.018269540742,
        "dmean2": 0.0294019635767,
        "dvar": 0.000391680456232,
        "dvar2": 0.000934237672482,
        "max": 0.251210421324,
        "mean": 0.0686088204384,
        "median": 0.0683801397681,
        "min": 1.0111775306e-10,
        "var": 0.00192977127153
    },
    "spectral_kurtosis": {
        "dmean": 2.41221499443,
        "dmean2": 4.04722452164,
        "dvar": 15.0365257263,
        "dvar2": 39.465259552,
        "max": 133.640563965,
        "mean": 6.92153263092,
        "median": 5.28000640869,
        "min": -1.2804428339,
        "var": 53.0035438538
    },
    "spectral_rms": {
        "dmean": 0.000544976734091,
        "dmean2": 0.00081949000014,
        "dvar": 3.69297197267e-07,
        "dvar2": 8.11986581084e-07,
        "max": 0.0094061633572,
        "mean": 0.00446795672178,
        "median": 0.00513109331951,
        "min": 3.15838783078e-12,
        "var": 5.0200478654e-06
    },
    "spectral_rolloff": {
        "dmean": 354.653747559,
        "dmean2": 593.360900879,
        "dvar": 498632.75,
        "dvar2": 1049491.875,
        "max": 19530.6152344,
        "mean": 1332.2956543,
        "median": 1055.12695312,
        "min": 21.533203125,
        "var": 1816657.875
    },
    "spectral_skewness": {
        "dmean": 0.265891641378,
        "dmean2": 0.424537032843,
        "dvar": 0.0945346578956,
        "dvar2": 0.220490798354,
        "max": 9.61918926239,
        "mean": 1.76908910275,
        "median": 1.60376977921,
        "min": -0.0710976198316,
        "var": 0.571650564671
    },
    "spectral_spread": {
        "dmean": 410949.9375,
        "dmean2": 599617.875,
        "dvar": 484867342336,
        "dvar2": 742307135488,
        "max": 52196652,
        "mean": 3745206.5,
        "median": 3472256.25,
        "min": 700641.5,
        "var": 2.02458202112e+12
    },
    "spectral_strongpeak": {
        "dmean": 0.547323405743,
        "dmean2": 0.939351499081,
        "dvar": 1.11209440231,
        "dvar2": 2.75584459305,
        "max": 18.5862789154,
        "mean": 1.04037737846,
        "median": 0.54077655077,
        "min": 0,
        "var": 2.05030083656
    },
    "zerocrossingrate": {
        "dmean": 0.00796276330948,
        "dmean2": 0.00937803834677,
        "dvar": 0.000118644660688,
        "dvar2": 0.00013360149751,
        "max": 0.57568359375,
        "mean": 0.0500930175185,
        "median": 0.0458984375,
        "min": 0.00341796875,
        "var": 0.00138037605211
    },
    "barkbands": {
        "dmean": [0.000131164546474, 0.00192288565449, 0.00144859915599, 0.00185373506974, 0.00140898709651, 0.000727988488507, 0.000896141980775, 0.000867175112944, 0.000789913814515, 0.000370306283003, 0.00028234810452, 0.000256999046542, 0.000355911091901, 0.000446631049272, 0.00046955482685, 0.00039394191117, 0.000160599141964, 0.000204489493626, 0.000134853093186, 0.000141886324855, 4.64533586637e-05, 4.10307111451e-05, 2.57157444139e-05, 1.93555861188e-05, 9.52574009716e-06, 6.38520623397e-06, 1.13518342459e-06],
        "dmean2": [0.000187131547136, 0.00327482074499, 0.00231326138601, 0.00290464120917, 0.00218328367919, 0.0011628937209, 0.0013593796175, 0.00134577718563, 0.00118323380593, 0.000558034109417, 0.000421255797846, 0.000389676250052, 0.000541298126336, 0.000684246944729, 0.000715582224075, 0.000625674030744, 0.000247963209404, 0.00031226259307, 0.00021397069213, 0.000224474017159, 7.16779832146e-05, 6.11425202806e-05, 3.76234966097e-05, 2.86707982013e-05, 1.43550614666e-05, 9.56659914664e-06, 1.9849887849e-06],
        "dvar": [1.47666284533e-07, 2.86713220703e-05, 5.85291172683e-06, 9.27384462557e-06, 5.34189939572e-06, 1.37434960834e-06, 3.12461247631e-06, 4.06111712437e-06, 2.66133361038e-06, 7.3431402825e-07, 6.68582686103e-07, 5.83128041853e-07, 8.17411432763e-07, 9.49989839683e-07, 9.68441440818e-07, 1.0910958963e-06, 1.21096789485e-07, 1.51980415808e-07, 5.60585071696e-08, 6.95206310297e-08, 2.34113333164e-08, 1.83171131596e-08, 5.3920654608e-09, 2.3609865174e-09, 5.41990508029e-10, 2.94202245898e-10, 4.51544981961e-11],
        "dvar2": [2.68504095402e-07, 7.89351106505e-05, 1.44473360706e-05, 2.35384231928e-05, 1.242219696e-05, 3.45608941643e-06, 6.91629429639e-06, 8.88225531526e-06, 5.62699187867e-06, 1.48131346123e-06, 1.37011568313e-06, 1.30270643695e-06, 1.71522378878e-06, 2.10871780837e-06, 2.18756918002e-06, 2.6924510621e-06, 2.59308308159e-07, 3.27939602585e-07, 1.40159599482e-07, 1.66356855402e-07, 4.94399365891e-08, 3.54539260172e-08, 1.07528403959e-08, 5.08065411964e-09, 1.23824484e-09, 6.76839806424e-10, 1.27541227579e-10],
        "max": [0.00552103482187, 0.0656982585788, 0.0372929796576, 0.0422104224563, 0.0395777747035, 0.0207462199032, 0.0428656190634, 0.0489901304245, 0.0328238382936, 0.0304702650756, 0.0392539352179, 0.0191975887865, 0.0234558880329, 0.0208999961615, 0.0213317535818, 0.0205837525427, 0.0141989784315, 0.00802449323237, 0.00522800767794, 0.00758556649089, 0.00686418265104, 0.00406769244, 0.0017566109309, 0.0011342697544, 0.00074664503336, 0.000493931118399, 0.000339154415997],
        "mean": [0.000184249613085, 0.00259228399955, 0.00268147327006, 0.00322004896589, 0.00305214873515, 0.00154972611926, 0.001777521451, 0.00163751957007, 0.00181814725511, 0.000883491185959, 0.000656932475977, 0.000510341778863, 0.000705333310179, 0.000928505789489, 0.000976664596237, 0.000692029658239, 0.000343566061929, 0.000466900586616, 0.000305963330902, 0.000330460024998, 9.716173372e-05, 8.65541151143e-05, 4.67873760499e-05, 3.65728192264e-05, 1.62750202435e-05, 9.73487749434e-06, 9.34961917665e-07],
        "median": [9.75693728833e-06, 0.000696915725712, 0.0012522713514, 0.00112250540406, 0.00149855215568, 0.000740610761568, 0.000804597046226, 0.000460105919046, 0.000710813561454, 0.000256874220213, 0.000155346657266, 0.000148602615809, 0.000148676102981, 0.000237941872911, 0.000224818752031, 0.00014103059948, 0.000113881062134, 0.000185418815818, 0.000141851138324, 0.000140326403198, 2.76607643173e-05, 2.31721805903e-05, 1.36428125188e-05, 1.07781006591e-05, 5.63941921428e-06, 2.95601967082e-06, 8.77101911101e-08],
        "min": [6.53446935497e-24, 1.61681144602e-23, 1.13594881724e-23, 9.40491173029e-24, 3.93791696158e-23, 4.45716887523e-23, 4.23926403619e-23, 5.76523846451e-23, 2.89804682721e-23, 7.15192908706e-23, 2.87513704434e-23, 1.03140414225e-22, 3.6728331917e-23, 1.10678939429e-22, 1.02107088481e-22, 1.36648644326e-22, 1.02239762263e-22, 1.69983747857e-22, 2.95949082446e-22, 2.9235523411e-22, 4.7589360656e-22, 3.84694949785e-22, 5.28905513774e-22, 9.99724712608e-22, 9.0492347323e-22, 1.42085617573e-21, 2.28806740239e-21],
        "var": [2.95525865113e-07, 3.32298877765e-05, 1.57277154358e-05, 2.18570567085e-05, 1.80099814315e-05, 4.47801176051e-06, 8.70902294992e-06, 1.35967948154e-05, 9.98626910587e-06, 4.6706500143e-06, 3.66865378965e-06, 1.87994544376e-06, 2.98524605569e-06, 3.00715259982e-06, 3.31922024088e-06, 2.1418857159e-06, 4.03090979262e-07, 5.13310851602e-07, 1.89914061366e-07, 2.42566926545e-07, 5.16630791481e-08, 5.04628552278e-08, 1.2379859804e-08, 5.29015586892e-09, 9.5573748915e-10, 4.45853604036e-10, 2.83009726765e-11]
    },
    "erbbands": {
        "dmean": [0.051280207932, 0.469079196453, 1.47114098072, 4.14758729935, 4.69138479233, 5.88655805588, 4.81716632843, 6.48775148392, 10.6304035187, 15.2331237793, 18.8957328796, 17.6586704254, 12.0079917908, 10.7659883499, 10.8974819183, 10.7229614258, 15.6300506592, 19.635515213, 23.379327774, 23.4292850494, 15.4477920532, 8.56329250336, 10.2481451035, 6.63092803955, 8.65353393555, 5.83169031143, 2.19273638725, 1.91556966305, 1.62973082066, 0.984832048416, 0.682301700115, 0.504329383373, 0.294684767723, 0.128893584013, 0.0600227974355, 0.0257996413857, 0.0120244147256, 0.00363332685083, 0.000114476490126, 7.71889517637e-06],
        "dmean2": [0.0819010585546, 0.811353862286, 2.36371660233, 6.52556800842, 7.36482667923, 9.14148139954, 7.4846739769, 10.6779232025, 16.2413959503, 23.5827159882, 28.6851596832, 26.1868572235, 17.9711818695, 16.1308307648, 15.7576560974, 16.0980758667, 23.7940330505, 30.1525230408, 34.8185882568, 35.9062232971, 24.3516921997, 13.1486558914, 15.7168502808, 10.2688398361, 13.7045145035, 9.24192428589, 3.39298391342, 2.94950842857, 2.44892454147, 1.49115979671, 0.995824038982, 0.732780575752, 0.446654856205, 0.194904863834, 0.0909393727779, 0.0386977382004, 0.0179991312325, 0.00602060556412, 0.000194018168258, 1.19605838336e-05],
        "dvar": [0.0263327918947, 1.56569933891, 5.60896635056, 41.7668228149, 49.8060493469, 108.045516968, 70.7490386963, 130.214035034, 445.393920898, 1267.0546875, 2106.59130859, 1448.78674316, 662.743164062, 599.647521973, 994.208496094, 994.500061035, 1576.40661621, 2007.98205566, 2473.5, 3196.25927734, 2215.12109375, 317.697113037, 377.479766846, 151.934753418, 234.791183472, 108.661605835, 25.1933689117, 52.4555015564, 30.4634399414, 8.17345905304, 3.98114824295, 1.91364991665, 0.464410036802, 0.0966490581632, 0.025788564235, 0.00405372213572, 0.00123202009127, 0.000267049705144, 3.57020496722e-07, 1.54899773563e-10],
        "dvar2": [0.060198917985, 4.53629970551, 13.7373762131, 107.013977051, 125.297019958, 254.579116821, 159.690856934, 348.727172852, 997.936462402, 2790.1862793, 4569.14794922, 3009.45166016, 1364.13146973, 1227.25939941, 1853.78417969, 2207.11035156, 3463.04516602, 4542.86425781, 5280.19287109, 7305.1171875, 5779.90234375, 677.469421387, 838.153381348, 343.987701416, 591.45513916, 256.894012451, 54.6043739319, 113.628814697, 60.2270889282, 17.2260189056, 7.957280159, 3.93197989464, 1.06158447266, 0.229244425893, 0.0585999302566, 0.00915666297078, 0.00282142800279, 0.000725027581211, 9.83393988463e-07, 3.99156402375e-10],
        "max": [2.02764582634, 15.4190568924, 37.3554191589, 91.5204315186, 101.009681702, 183.394927979, 218.290649414, 229.946487427, 461.047058105, 932.500854492, 1324.87341309, 917.928710938, 712.062683105, 850.061462402, 1857.07849121, 953.313415527, 852.041442871, 1071.38598633, 1026.25952148, 1755.86853027, 1387.84008789, 643.224304199, 412.08001709, 359.904449463, 351.263946533, 271.101959229, 186.508163452, 371.745361328, 174.146453857, 86.0886077881, 51.954284668, 35.1486968994, 18.7722892761, 7.22667837143, 6.08078718185, 1.71282017231, 1.05971169472, 0.752050936222, 0.0279441531748, 0.000499521091115],
        "mean": [0.0767568051815, 0.593787312508, 2.79873847961, 7.5165476799, 9.14245223999, 12.2247095108, 10.5872497559, 13.2576999664, 21.5490341187, 29.8567790985, 39.2085456848, 40.2988090515, 32.156917572, 26.1253128052, 26.4291210175, 23.1081123352, 32.8161849976, 44.8269462585, 52.7558326721, 49.3191566467, 29.7439002991, 20.2225437164, 24.9457550049, 16.151512146, 20.3785438538, 14.3385353088, 5.25359725952, 3.80347490311, 3.37345552444, 1.92681086063, 1.25182771683, 0.897237539291, 0.542902171612, 0.218128919601, 0.100332304835, 0.0453401654959, 0.0171876903623, 0.00357367587276, 0.000117452837003, 3.3048028854e-05],
        "median": [0.00896298512816, 0.224661126733, 1.45326173306, 3.39445590973, 5.12474155426, 5.16119813919, 5.55126333237, 6.41466140747, 9.87285518646, 13.0960226059, 13.0243558884, 16.7937774658, 13.1503286362, 8.76122760773, 7.74992847443, 7.64912986755, 8.3466796875, 12.6328954697, 13.7492237091, 11.8051156998, 7.27819681168, 7.2685842514, 10.8481035233, 7.73479604721, 8.94474983215, 6.44819021225, 2.03258061409, 0.934794783592, 0.843960523605, 0.610481500626, 0.37023460865, 0.24427241087, 0.158321902156, 0.074753202498, 0.0333776324987, 0.0152913313359, 0.0046229287982, 0.000602624204475, 3.31765186274e-05, 3.43439169228e-05],
        "min": [2.38645065088e-22, 5.02973674201e-21, 1.25808500458e-20, 2.70124213926e-20, 3.10988535618e-20, 1.6009758931e-19, 1.61269355271e-19, 4.20750278261e-19, 6.17217874657e-19, 1.18418307953e-18, 7.9424574438e-19, 6.43803821436e-19, 1.52640341538e-18, 1.06079895821e-18, 3.13792020027e-18, 3.81256436517e-18, 2.06300892043e-18, 5.76200945251e-18, 4.67465985779e-18, 5.25265561954e-18, 6.42384245088e-18, 6.39087309961e-18, 9.61625668952e-18, 1.16464912665e-17, 1.47411377198e-17, 1.5831489153e-17, 1.61677645418e-17, 2.10637274735e-17, 1.31313747646e-17, 1.65371867121e-17, 1.47001856621e-17, 2.13431358495e-17, 1.6277943345e-17, 9.25004480719e-18, 7.18538876336e-18, 4.63615956336e-18, 3.344869209e-18, 1.20424820645e-18, 2.61722246408e-19, 3.43864602882e-20],
        "var": [0.0448177196085, 1.43497157097, 15.1663837433, 97.1235275269, 118.728302002, 339.858306885, 216.590408325, 364.823425293, 1468.79125977, 3248.64233398, 7305.46972656, 5364.09814453, 3885.84667969, 2945.87011719, 4405.24804688, 3099.26904297, 4871.23535156, 7529.4140625, 8938.6015625, 8770.31347656, 4118.18261719, 1196.88867188, 1372.01452637, 551.377319336, 858.231018066, 420.959472656, 74.0368728638, 109.101799011, 81.3169250488, 19.3766727448, 9.14983654022, 4.19040727615, 0.984095871449, 0.163258999586, 0.0434907153249, 0.00808864273131, 0.00171084387694, 0.000196848166524, 2.4665527576e-07, 6.40474784319e-10]
    },
    "gfcc": {
        "mean": [-50.3817863464, 111.455871582, -118.810783386, 29.4876251221, -52.2883758545, 3.58088922501, -37.3957443237, 7.74525403976, -24.84973526, 0.106735214591, -18.7622852325, -9.54939746857, -15.5116519928],
        "cov": [[23699.1035156, 578.908813477, -3227.95507812, -31.7399768829, -493.663879395, -66.270980835, -551.714477539, 39.1712341309, -21.0946826935, -51.1685562134, -22.2769908905, -318.902526855, -263.669036865], [578.908813477, 1424.16137695, -10.4995794296, -158.089599609, 271.388061523, -153.593505859, 88.2665176392, -98.5082397461, 79.9595031738, -136.287002563, 103.742332458, -142.848419189, 80.3345413208], [-3227.95507812, -10.4995794296, 1145.30090332, 173.849395752, 93.272102356, 37.8456764221, 82.9782562256, -0.0682999268174, -2.37023234367, 20.483001709, 2.04325580597, 103.308860779, 15.1374940872], [-31.7399768829, -158.089599609, 173.849395752, 436.143707275, 66.271446228, 20.6910572052, -7.67229223251, -18.9101142883, 37.8458023071, 12.1448440552, -1.78293585777, 3.72059416771, 55.7104721069], [-493.663879395, 271.388061523, 93.272102356, 66.271446228, 311.652313232, -14.3292226791, 19.3243465424, -12.1252317429, 52.0937271118, -5.10632801056, 15.099146843, -20.6048870087, 44.0295944214], [-66.270980835, -153.593505859, 37.8456764221, 20.6910572052, -14.3292226791, 169.26171875, 64.716468811, 16.5954761505, -17.217300415, 15.2260904312, -0.444665491581, 16.921503067, -3.42548680305], [-551.714477539, 88.2665176392, 82.9782562256, -7.67229223251, 19.3243465424, 64.716468811, 206.146347046, 18.554441452, -23.7955951691, -16.8320789337, 19.3713645935, 4.73859977722, -0.221234574914], [39.1712341309, -98.5082397461, -0.0682999268174, -18.9101142883, -12.1252317429, 16.5954761505, 18.554441452, 122.103431702, 23.7133960724, 19.3031902313, -3.44044041634, 22.6805858612, -18.3111495972], [-21.0946826935, 79.9595031738, -2.37023234367, 37.8458023071, 52.0937271118, -17.217300415, -23.7955951691, 23.7133960724, 117.068153381, 22.8538208008, 4.32642602921, -8.34442996979, 18.9924144745], [-51.1685562134, -136.287002563, 20.483001709, 12.1448440552, -5.10632801056, 15.2260904312, -16.8320789337, 19.3031902313, 22.8538208008, 94.3006820679, 8.39228725433, 15.0661048889, -13.883023262], [-22.2769908905, 103.742332458, 2.04325580597, -1.78293585777, 15.099146843, -0.444665491581, 19.3713645935, -3.44044041634, 4.32642602921, 8.39228725433, 86.2207336426, 13.8550624847, 4.3075504303], [-318.902526855, -142.848419189, 103.308860779, 3.72059416771, -20.6048870087, 16.921503067, 4.73859977722, 22.6805858612, -8.34442996979, 15.0661048889, 13.8550624847, 101.603088379, 2.16206932068], [-263.669036865, 80.3345413208, 15.1374940872, 55.7104721069, 44.0295944214, -3.42548680305, -0.221234574914, -18.3111495972, 18.9924144745, -13.883023262, 4.3075504303, 2.16206932068, 99.4719696045]],
        "icov": [[0.00010758213466, -0.000281965680188, 0.000338907702826, -0.00031705154106, 0.000207459495869, -0.000262306275545, 0.00033445894951, -0.000198804293177, 0.000240957815549, -0.000204053052585, 0.000262080575339, -0.000271885190159, 0.000422239332693], [-0.000281965680188, 0.0028805679176, -0.0011878896039, 0.00201559136622, -0.00168066029437, 0.00207298225723, -0.00184885656927, 0.00152782828081, -0.00222504674457, 0.00295843719505, -0.00328158400953, 0.00322707672603, -0.00201972550713], [0.000338907702826, -0.0011878896039, 0.00221846601926, -0.00157453713473, 0.000465329416329, -0.000932123570237, 0.00069892895408, -0.000507788790856, 0.00104444939643, -0.00115410762373, 0.00153902359307, -0.00246315891854, 0.00169833167456], [-0.00031705154106, 0.00201559136622, -0.00157453713473, 0.00434422725812, -0.00144071760587, 0.00104303332046, -0.00122953916434, 0.00150194577873, -0.00220418255776, 0.00162998400629, -0.00207842653617, 0.00246191537008, -0.00302942888811], [0.000207459495869, -0.00168066029437, 0.000465329416329, -0.00144071760587, 0.00494194729254, -0.000955542665906, 0.000680081197061, -0.0006395468954, -0.000251987250522, -0.00145866116509, 0.00127014599275, -0.000839780841488, 0.000114494629088], [-0.000262306275545, 0.00207298225723, -0.000932123570237, 0.00104303332046, -0.000955542665906, 0.0087912119925, -0.00383600941859, 0.000683862250298, -0.000653329188935, 0.000426941987826, -0.00157977489289, 0.00150477944408, -0.00174868304748], [0.00033445894951, -0.00184885656927, 0.00069892895408, -0.00122953916434, 0.000680081197061, -0.00383600941859, 0.00786513090134, -0.00243657222018, 0.0026539193932, -0.00018485597684, 0.000245852308581, -0.00108311721124, 0.00157816766296], [-0.000198804293177, 0.00152782828081, -0.000507788790856, 0.00150194577873, -0.0006395468954, 0.000683862250298, -0.00243657222018, 0.0109280068427, -0.00416033249348, 0.000504340685438, -0.000469718273962, -0.000951192167122, 0.000693862733897], [0.000240957815549, -0.00222504674457, 0.00104444939643, -0.00220418255776, -0.000251987250522, -0.000653329188935, 0.0026539193932, -0.00416033249348, 0.0131147988141, -0.00487009668723, 0.00193603464868, -0.000946742482483, -0.000406702252803], [-0.000204053052585, 0.00295843719505, -0.00115410762373, 0.00162998400629, -0.00145866116509, 0.000426941987826, -0.00018485597684, 0.000504340685438, -0.00487009668723, 0.0158691033721, -0.00488411216065, 0.00206633121707, 0.000396633171476], [0.000262080575339, -0.00328158400953, 0.00153902359307, -0.00207842653617, 0.00127014599275, -0.00157977489289, 0.000245852308581, -0.000469718273962, 0.00193603464868, -0.00488411216065, 0.0164874345064, -0.00607213564217, 0.00193893560208], [-0.000271885190159, 0.00322707672603, -0.00246315891854, 0.00246191537008, -0.000839780841488, 0.00150477944408, -0.00108311721124, -0.000951192167122, -0.000946742482483, 0.00206633121707, -0.00607213564217, 0.0163049865514, -0.00370715186], [0.000422239332693, -0.00201972550713, 0.00169833167456, -0.00302942888811, 0.000114494629088, -0.00174868304748, 0.00157816766296, 0.000693862733897, -0.000406702252803, 0.000396633171476, 0.00193893560208, -0.00370715186, 0.0143916392699]]
    },
    "melbands": {
        "dmean": [0.000490015372634, 0.000695193826687, 0.000717969553079, 0.000365614425391, 0.000176995963557, 0.000141668162541, 0.000168320810189, 0.000168548955116, 0.000160217212397, 0.000107869542262, 6.13698139205e-05, 4.64142613055e-05, 3.99043783545e-05, 2.67911946139e-05, 3.72988288291e-05, 3.19154314639e-05, 3.97910916945e-05, 3.99403106712e-05, 3.37940800819e-05, 3.14694589179e-05, 1.69085651578e-05, 8.86148791324e-06, 1.11669432954e-05, 1.02688645711e-05, 5.30113084096e-06, 6.00955809205e-06, 7.33681918064e-06, 3.56527289114e-06, 1.60066554145e-06, 1.16074591006e-06, 1.16280887141e-06, 1.08581116365e-06, 7.03750458797e-07, 5.35134290658e-07, 4.15774167095e-07, 3.94908170165e-07, 2.95649442705e-07, 2.38209537429e-07, 1.46420987335e-07, 1.03917408012e-07],
        "dmean2": [0.000822140835226, 0.00113882450387, 0.00112219899893, 0.000564378045965, 0.000275429774774, 0.000231020138017, 0.000255532213487, 0.000261894630967, 0.000242426263867, 0.000160168405273, 9.23773259274e-05, 6.94909031154e-05, 5.83726978221e-05, 4.03201120207e-05, 5.58128776902e-05, 4.92776489409e-05, 6.1436840042e-05, 5.95236051595e-05, 5.20431312907e-05, 4.94709711347e-05, 2.70594537142e-05, 1.37149700095e-05, 1.75846762431e-05, 1.55934067152e-05, 8.36745402921e-06, 9.68087624642e-06, 1.16811897897e-05, 5.73321813135e-06, 2.53855068877e-06, 1.81003588295e-06, 1.78940763362e-06, 1.66559777881e-06, 1.06388608856e-06, 8.24690346235e-07, 6.25898678663e-07, 5.85103123285e-07, 4.38788617885e-07, 3.66411967434e-07, 2.25583775659e-07, 1.60370461799e-07],
        "dvar": [2.14727219827e-06, 1.42888734445e-06, 1.16828755381e-06, 3.5805064158e-07, 8.5423756957e-08, 5.7558956712e-08, 1.05369871051e-07, 1.46322264527e-07, 1.38237012948e-07, 5.27793666549e-08, 1.76931322926e-08, 1.15759783981e-08, 1.26308865589e-08, 5.85429749123e-09, 1.1510935316e-08, 5.83168846546e-09, 8.47957526418e-09, 7.55269535802e-09, 5.82685233397e-09, 6.72652378242e-09, 3.26287707964e-09, 3.88920756711e-10, 4.98843799601e-10, 4.41010256091e-10, 1.02047599537e-10, 1.22182125528e-10, 2.0758846031e-10, 4.53149115454e-11, 1.14074314231e-11, 2.05367788747e-11, 1.92725470999e-11, 1.38402501265e-11, 5.52473995372e-12, 2.37198043325e-12, 1.52229693694e-12, 1.53349013175e-12, 6.46834961895e-13, 3.13746749935e-13, 1.32829240228e-13, 6.65296336359e-14],
        "dvar2": [5.6252365539e-06, 3.76173056793e-06, 2.96092935059e-06, 8.13983888293e-07, 1.98651534333e-07, 1.50351340267e-07, 2.35050521269e-07, 3.23452638895e-07, 3.03218627096e-07, 1.09313440078e-07, 3.62926257935e-08, 2.35330173126e-08, 2.4196252113e-08, 1.26318244753e-08, 2.39976643002e-08, 1.28356276718e-08, 1.90023730084e-08, 1.58198290023e-08, 1.33735538199e-08, 1.59015733914e-08, 8.68017746569e-09, 8.39361191662e-10, 1.15156151281e-09, 9.24977205941e-10, 2.40433145615e-10, 3.05359126873e-10, 5.08226349893e-10, 1.06707802316e-10, 2.73634864767e-11, 4.17062634428e-11, 4.24834785406e-11, 2.86709753161e-11, 1.2051206387e-11, 5.25871100138e-12, 3.23215174243e-12, 3.23888073479e-12, 1.38443781179e-12, 7.32534204736e-13, 3.24520006137e-13, 1.60937249313e-13],
        "max": [0.0185676850379, 0.0152867268771, 0.0143335377797, 0.010064387694, 0.00606530997902, 0.0044824630022, 0.00656295521185, 0.00886994972825, 0.00953003764153, 0.00502598192543, 0.0036517935805, 0.00363628333434, 0.00572405010462, 0.00261651282199, 0.00314876530319, 0.00302944378927, 0.00238192314282, 0.00206476985477, 0.00230583432131, 0.00214589457028, 0.00169489067048, 0.000773808977101, 0.000533182756044, 0.000438615621533, 0.000293999852147, 0.000269012700301, 0.00043303516577, 0.000182205665624, 7.49552345951e-05, 0.000259869993897, 0.000209390433156, 0.00012079012231, 9.69799875747e-05, 3.98487645725e-05, 3.4383367165e-05, 3.59815603588e-05, 2.20177953452e-05, 1.41020309457e-05, 1.01597797766e-05, 7.17615830581e-06],
        "mean": [0.000689095701091, 0.00122249557171, 0.00134962308221, 0.000810157565866, 0.000400645891204, 0.000294219818898, 0.000338334793923, 0.000325892382534, 0.000330810347805, 0.000244884722633, 0.000158982351422, 0.000106744577351, 9.58691161941e-05, 5.38740750926e-05, 7.56036679377e-05, 6.78257783875e-05, 8.45806498546e-05, 8.50231008371e-05, 6.89549924573e-05, 5.82619068155e-05, 2.93943903671e-05, 1.87230853044e-05, 2.36261857935e-05, 2.23842562264e-05, 1.15184311653e-05, 1.31112437884e-05, 1.58347465913e-05, 7.99163080956e-06, 3.51068069904e-06, 2.22219500756e-06, 2.13356429413e-06, 2.10862026506e-06, 1.34188815082e-06, 9.57685074354e-07, 7.36359368148e-07, 6.20826256181e-07, 5.17316834703e-07, 4.19578555011e-07, 2.4615033567e-07, 1.63459560554e-07],
        "median": [0.000135487542138, 0.000632744573522, 0.00065673305653, 0.000414445559727, 0.000221270034672, 0.000141664437251, 0.00015339757374, 0.000133806956001, 0.000103944141301, 9.9153854535e-05, 5.71504242544e-05, 3.20988656313e-05, 2.44448383455e-05, 1.69422291947e-05, 1.84171949513e-05, 1.6523674276e-05, 2.11570350075e-05, 2.02695737244e-05, 1.51880203703e-05, 1.23134050227e-05, 6.91428158461e-06, 6.07771335126e-06, 8.77373167896e-06, 8.25265396998e-06, 5.10329300596e-06, 5.47920944882e-06, 6.18762487647e-06, 3.3541848552e-06, 1.26008615098e-06, 5.85170482736e-07, 4.53085277741e-07, 4.63201757839e-07, 3.75861333168e-07, 2.91334231406e-07, 2.13009798244e-07, 1.49683202721e-07, 1.35837439075e-07, 1.13745095121e-07, 7.65646106515e-08, 5.20432088535e-08],
        "min": [3.57665314021e-24, 7.23102880111e-24, 4.59077761566e-24, 5.50275801451e-24, 8.58232623251e-24, 9.71674765727e-24, 1.03216848536e-23, 1.32624021138e-23, 5.37610126858e-24, 4.5753494685e-24, 7.63696873433e-24, 4.71785364116e-24, 7.80146516573e-24, 1.23007846146e-23, 7.68238897867e-24, 4.02270704489e-24, 1.15916286375e-23, 6.27922315389e-24, 8.90304394442e-24, 8.03171394244e-24, 7.0124228225e-24, 5.16827191879e-24, 1.05739964921e-23, 5.37437129661e-24, 9.28643113322e-24, 1.09176061586e-23, 8.50343461996e-24, 9.74866102519e-24, 1.09968906239e-23, 8.29044690872e-24, 1.24503865633e-23, 6.99303419917e-24, 7.03866506938e-24, 8.85136882196e-24, 6.95005942364e-24, 1.12092953669e-23, 1.36902155822e-23, 1.04922594582e-23, 9.9431602034e-24, 7.05706603885e-24],
        "var": [2.86729436993e-06, 2.75150500784e-06, 2.79361233879e-06, 1.23939730656e-06, 2.64304873099e-07, 1.75750841436e-07, 3.2929241911e-07, 4.00431929393e-07, 4.60627603616e-07, 1.9110558469e-07, 1.06319362203e-07, 5.72474334604e-08, 7.00411106891e-08, 1.5929881414e-08, 3.79312687926e-08, 2.57572168039e-08, 2.87438659541e-08, 2.60489425585e-08, 1.73639200796e-08, 1.47923309157e-08, 5.36871125334e-09, 1.28834409807e-09, 1.48831169611e-09, 1.40315981056e-09, 3.2705435582e-10, 3.89801024792e-10, 6.3042743248e-10, 1.53386164881e-10, 3.2072244166e-11, 3.73682924881e-11, 3.96292131055e-11, 3.47053705219e-11, 1.18878995189e-11, 4.91766479968e-12, 3.26628698047e-12, 2.73256894542e-12, 1.42600558098e-12, 6.38696506707e-13, 2.11449103669e-13, 1.04400795192e-13]
    },
    "mfcc": {
        "mean": [-686.940490723, 138.194625854, -6.45519351959, 26.8381919861, 4.5790514946, -0.598226726055, -0.727929353714, -0.443699032068, -3.16903591156, 7.85254812241, -1.17934858799, -5.97315073013, -4.3326792717],
        "cov": [[19081.1035156, 974.134155273, -2451.24853516, -205.234008789, -545.43951416, -354.45703125, -401.988891602, -215.848373413, -306.170501709, 231.176422119, 49.4772796631, -168.765304565, -118.24584198], [974.134155273, 1748.14306641, -179.567214966, 10.2161445618, 65.133140564, -87.4083633423, 32.3217887878, -10.0437660217, -26.1378498077, 38.0331268311, 2.67150878906, -44.8318481445, 20.5392074585], [-2451.24853516, -179.567214966, 895.920715332, 164.963104248, 74.6467971802, 108.81098938, 68.7349319458, 63.9032974243, 39.6711654663, -65.2467727661, -16.7908439636, 57.9994888306, 11.6124687195], [-205.234008789, 10.2161445618, 164.963104248, 351.618041992, 139.166778564, 48.9156417847, -0.066527582705, -5.18241024017, 40.4607849121, 2.83335804939, -30.9861450195, 6.5188794136, 12.9182701111], [-545.43951416, 65.133140564, 74.6467971802, 139.166778564, 277.682617188, 43.7123985291, -33.3141784668, -19.7331066132, 40.806804657, 14.314950943, -21.6035041809, 8.50605010986, 21.4360904694], [-354.45703125, -87.4083633423, 108.81098938, 48.9156417847, 43.7123985291, 160.664382935, 60.4353218079, 4.86385154724, 24.3832244873, 0.600081682205, -1.055295825, 3.22872829437, -6.94999694824], [-401.988891602, 32.3217887878, 68.7349319458, -0.066527582705, -33.3141784668, 60.4353218079, 178.515670776, 51.5205726624, 2.16338992119, -0.442526489496, 7.91155672073, 4.66522932053, -7.11990022659], [-215.848373413, -10.0437660217, 63.9032974243, -5.18241024017, -19.7331066132, 4.86385154724, 51.5205726624, 121.197296143, 20.1775798798, -8.10147285461, 19.4278621674, 2.67857432365, 8.16835308075], [-306.170501709, -26.1378498077, 39.6711654663, 40.4607849121, 40.806804657, 24.3832244873, 2.16338992119, 20.1775798798, 106.194526672, 29.6699333191, -15.413061142, -1.76233613491, 0.400981009007], [231.176422119, 38.0331268311, -65.2467727661, 2.83335804939, 14.314950943, 0.600081682205, -0.442526489496, -8.10147285461, 29.6699333191, 95.5654067993, 14.9224834442, -4.64493846893, -1.02097916603], [49.4772796631, 2.67150878906, -16.7908439636, -30.9861450195, -21.6035041809, -1.055295825, 7.91155672073, 19.4278621674, -15.413061142, 14.9224834442, 106.076828003, 17.2524089813, -8.64524650574], [-168.765304565, -44.8318481445, 57.9994888306, 6.5188794136, 8.50605010986, 3.22872829437, 4.66522932053, 2.67857432365, -1.76233613491, -4.64493846893, 17.2524089813, 87.0249938965, 24.4168605804], [-118.24584198, 20.5392074585, 11.6124687195, 12.9182701111, 21.4360904694, -6.94999694824, -7.11990022659, 8.16835308075, 0.400981009007, -1.02097916603, -8.64524650574, 24.4168605804, 83.1340332031]],
