{
"lowlevel": {
    "average_loudness": 0.893561840057,
    "barkbands_crest": {
        "dmean": 2.80459332466,
        "dmean2": 4.57753992081,
        "dvar": 6.74610328674,
        "dvar2": 16.7370223999,
        "max": 26.8227405548,
        "mean": 16.6471939087,
        "median": 16.1435470581,
        "min": 4.38918495178,
        "var": 23.963306427
    },
    "barkbands_flatness_db": {
        "dmean": 0.0389049984515,
        "dmean2": 0.0631634742022,
        "dvar": 0.00163615844212,
        "dvar2": 0.00407857866958,
        "max": 0.901609838009,
        "mean": 0.363910973072,
        "median": 0.340526998043,
        "min": 0.0571951903403,
        "var": 0.0144075332209
    },
    "barkbands_kurtosis": {
        "dmean": 18.2404308319,
        "dmean2": 29.5055179596,
        "dvar": 3550.31298828,
        "dvar2": 10462.0957031,
        "max": 4110.71728516,
        "mean": 33.7385292053,
        "median": 20.4887084961,
        "min": -1.92922270298,
        "var": 3102.51025391
    },
    "barkbands_skewness": {
        "dmean": 1.19935953617,
        "dmean2": 1.89090585709,
        "dvar": 1.85932934284,
        "dvar2": 4.71218395233,
        "max": 39.2329750061,
        "mean": 3.83614397049,
        "median": 3.52285528183,
        "min": -2.85484957695,
        "var": 6.95233249664
    },
    "barkbands_spread": {
        "dmean": 2.15988349915,
        "dmean2": 3.50040006638,
        "dvar": 11.3149337769,
        "dvar2": 26.2835330963,
        "max": 75.2355651855,
        "mean": 5.72489356995,
        "median": 2.84860754013,
        "min": 0.0170659925789,
        "var": 84.2212677002
    },
    "dissonance": {
        "dmean": 0.0487113185227,
        "dmean2": 0.0828168690205,
        "dvar": 0.00275749829598,
        "dvar2": 0.00774167058989,
        "max": 0.500000059605,
        "mean": 0.365744262934,
        "median": 0.378793478012,
        "min": 0.0314250253141,
        "var": 0.00675393873826
    },
    "dynamic_complexity": 2.6253926754,
    "erbbands_crest": {
        "dmean": 3.77450656891,
        "dmean2": 6.37713289261,
        "dvar": 11.1924686432,
        "dvar2": 30.2565021515,
        "max": 33.1147880554,
        "mean": 16.7222232819,
        "median": 16.2389717102,
        "min": 2.70731568336,
        "var": 33.8018074036
    },
    "erbbands_flatness_db": {
        "dmean": 0.0264553073794,
        "dmean2": 0.0439234524965,
        "dvar": 0.00072737201117,
        "dvar2": 0.00188076426275,
        "max": 0.694594025612,
        "mean": 0.320486456156,
        "median": 0.293656229973,
        "min": 0.0848882719874,
        "var": 0.0100200269371
    },
    "erbbands_kurtosis": {
        "dmean": 5.19738769531,
        "dmean2": 8.20611476898,
        "dvar": 91.0510025024,
        "dvar2": 211.090301514,
        "max": 288.427398682,
        "mean": 8.95196342468,
        "median": 4.35121774673,
        "min": -1.89678370953,
        "var": 244.70715332
    },
    "erbbands_skewness": {
        "dmean": 0.741942226887,
        "dmean2": 1.16416430473,
        "dvar": 0.48531845212,
        "dvar2": 1.13869297504,
        "max": 10.0077667236,
        "mean": 2.01567530632,
        "median": 1.93957281113,
        "min": -4.27368688583,
        "var": 2.01662993431
    },
    "erbbands_spread": {
        "dmean": 6.28379535675,
        "dmean2": 10.0728778839,
        "dvar": 59.501373291,
        "dvar2": 142.138046265,
        "max": 130.851165771,
        "mean": 21.68542099,
        "median": 16.2065658569,
        "min": 0.20774486661,
        "var": 399.156524658
    },
    "hfc": {
        "dmean": 4.34507751465,
        "dmean2": 7.20196151733,
        "dvar": 33.5711135864,
        "dvar2": 85.6739425659,
        "max": 65.5961303711,
        "mean": 9.61465930939,
        "median": 8.1042175293,
        "min": 1.04925266664e-16,
        "var": 53.2047462463
    },
    "melbands_crest": {
        "dmean": 3.62677073479,
        "dmean2": 5.94375658035,
        "dvar": 11.5679225922,
        "dvar2": 29.2934246063,
        "max": 34.8416976929,
        "mean": 21.9718780518,
        "median": 21.8360748291,
        "min": 1.58142161369,
        "var": 38.9138069153
    },
    "melbands_flatness_db": {
        "dmean": 0.0421231798828,
        "dmean2": 0.0676598697901,
        "dvar": 0.00213294941932,
        "dvar2": 0.00513472873718,
        "max": 1,
        "mean": 0.449857354164,
        "median": 0.432396918535,
        "min": 0.00313774356619,
        "var": 0.0176183190197
    },
    "melbands_kurtosis": {
        "dmean": 20.7346878052,
        "dmean2": 32.9549217224,
        "dvar": 702.947021484,
        "dvar2": 1753.66113281,
        "max": 413.876403809,
        "mean": 43.5550498962,
        "median": 30.7646598816,
        "min": -1.86247503757,
        "var": 1887.77160645
    },
    "melbands_skewness": {
        "dmean": 1.17767095566,
        "dmean2": 1.83457434177,
        "dvar": 1.33092427254,
        "dvar2": 3.14796257019,
        "max": 15.5783205032,
        "mean": 4.24600172043,
        "median": 4.05685806274,
        "min": -2.36325025558,
        "var": 6.22462749481
    },
    "melbands_spread": {
        "dmean": 2.63676142693,
        "dmean2": 4.27406072617,
        "dvar": 29.0994930267,
        "dvar2": 67.3410720825,
        "max": 167.745117188,
        "mean": 6.72401332855,
        "median": 3.11751937866,
        "min": 0.117380447686,
        "var": 237.435501099
    },
    "pitch_salience": {
        "dmean": 0.0810915604234,
        "dmean2": 0.132236495614,
        "dvar": 0.00582308601588,
        "dvar2": 0.0148242935538,
        "max": 0.825388610363,
        "mean": 0.390476197004,
        "median": 0.388544201851,
        "min": 0.00304019660689,
        "var": 0.0197781212628
    },
    "silence_rate_20dB": {
        "dmean": 0,
        "dmean2": 0,
        "dvar": 0,
        "dvar2": 0,
        "max": 1,
        "mean": 1,
        "median": 1,
        "min": 1,
        "var": 0
    },
    "silence_rate_30dB": {
        "dmean": 0.00432726973668,
        "dmean2": 0.00865523330867,
        "dvar": 0.00430879136547,
        "dvar2": 0.00906211510301,
        "max": 1,
        "mean": 0.994471132755,
        "median": 1,
        "min": 0,
        "var": 0.00549823371693
    },
    "silence_rate_60dB": {
        "dmean": 0.01538584847,
        "dmean2": 0.0307741630822,
        "dvar": 0.015149442479,
        "dvar2": 0.0331924110651,
        "max": 1,
        "mean": 0.0787660256028,
        "median": 0,
        "min": 0,
        "var": 0.072559133172
    },
    "spectral_centroid": {
        "dmean": 104.690170288,
        "dmean2": 168.33770752,
        "dvar": 39424.9492188,
        "dvar2": 76989.8515625,
        "max": 11774.5771484,
        "mean": 605.887634277,
        "median": 381.71887207,
        "min": 172.5572052,
        "var": 1189230.5
    },
    "spectral_complexity": {
        "dmean": 1.59003126621,
        "dmean2": 2.52356147766,
        "dvar": 3.64463353157,
        "dvar2": 7.83149957657,
        "max": 28,
        "mean": 6.89174699783,
        "median": 7,
        "min": 0,
        "var": 11.210521698
    },
    "spectral_decrease": {
        "dmean": 3.01576141837e-09,
        "dmean2": 4.96192420485e-09,
        "dvar": 1.20750940737e-17,
        "dvar2": 3.15075940823e-17,
        "max": 2.40504690703e-28,
        "mean": -7.161536697e-09,
        "median": -6.2877960616e-09,
        "min": -6.45383906317e-08,
        "var": 2.76018672598e-17
    },
    "spectral_energy": {
        "dmean": 0.0117563912645,
        "dmean2": 0.0193500425667,
        "dvar": 0.000184062620974,
        "dvar2": 0.000479471025756,
        "max": 0.249532312155,
        "mean": 0.027901398018,
        "median": 0.0244701504707,
        "min": 9.84418922829e-21,
        "var": 0.000417244940763
    },
    "spectral_energyband_high": {
        "dmean": 3.89859997085e-05,
        "dmean2": 6.48389177513e-05,
        "dvar": 1.39194664683e-08,
        "dvar2": 3.79350346691e-08,
        "max": 0.00421724608168,
        "mean": 7.43212003727e-05,
        "median": 2.45778464887e-05,
        "min": 6.88403939574e-21,
        "var": 2.88135666437e-08
    },
    "spectral_energyband_low": {
        "dmean": 0.000198273482965,
        "dmean2": 0.000270322576398,
        "dvar": 2.16707320533e-07,
        "dvar2": 3.73055740965e-07,
        "max": 0.0117306802422,
        "mean": 0.000605822249781,
        "median": 0.000156369089382,
        "min": 1.61747408918e-23,
        "var": 1.18720004139e-06
    },
    "spectral_energyband_middle_high": {
        "dmean": 0.000608469126746,
        "dmean2": 0.00103382137604,
        "dvar": 2.62052071776e-06,
        "dvar2": 7.38186190574e-06,
        "max": 0.0143494307995,
        "mean": 0.000882788444869,
        "median": 0.000461010029539,
        "min": 1.19992140399e-21,
        "var": 2.02284741135e-06
    },
    "spectral_energyband_middle_low": {
        "dmean": 0.0114222718403,
        "dmean2": 0.0187364127487,
        "dvar": 0.00017317176389,
        "dvar2": 0.000451486324891,
        "max": 0.248153686523,
        "mean": 0.0265725702047,
        "median": 0.0230449475348,
        "min": 1.49020962058e-22,
        "var": 0.000399591284804
    },
    "spectral_entropy": {
        "dmean": 0.339155942202,
        "dmean2": 0.541435956955,
        "dvar": 0.161821857095,
        "dvar2": 0.376878887415,
        "max": 9.828332901,
        "mean": 5.32163476944,
        "median": 5.31226110458,
        "min": 1.93460988998,
        "var": 0.884960532188
    },
    "spectral_flux": {
        "dmean": 0.0295808333904,
        "dmean2": 0.0475288033485,
        "dvar": 0.00098294694908,
        "dvar2": 0.00230184127577,
        "max": 0.302524209023,
        "mean": 0.0668090954423,
        "median": 0.0567512065172,
        "min": 6.3087722546e-11,
        "var": 0.0019801442977
    },
    "spectral_kurtosis": {
        "dmean": 27.2637901306,
        "dmean2": 46.6673812866,
        "dvar": 3764.76733398,
        "dvar2": 11030.4960938,
        "max": 1268.15759277,
        "mean": 58.1295433044,
        "median": 23.0826911926,
        "min": -1.25463736057,
        "var": 9217.76171875
    },
    "spectral_rms": {
        "dmean": 0.00105552899186,
        "dmean2": 0.00172967824619,
        "dvar": 1.09961069938e-06,
        "dvar2": 2.93634616355e-06,
        "max": 0.0156027618796,
        "mean": 0.00483167311177,
        "median": 0.00488603301346,
        "min": 3.09904619328e-12,
        "var": 3.87586715078e-06
    },
    "spectral_rolloff": {
        "dmean": 165.213882446,
        "dmean2": 297.192871094,
        "dvar": 255553.75,
        "dvar2": 583655.9375,
        "max": 19659.8144531,
        "mean": 707.933654785,
        "median": 322.998046875,
        "min": 193.798828125,
        "var": 3576106
    },
    "spectral_skewness": {
        "dmean": 1.10863280296,
        "dmean2": 1.84580624104,
        "dvar": 2.36751484871,
        "dvar2": 6.45826339722,
        "max": 29.2284584045,
        "mean": 4.80357456207,
        "median": 3.58336019516,
        "min": -0.500628948212,
        "var": 15.8311357498
    },
    "spectral_spread": {
        "dmean": 476309.78125,
        "dmean2": 805873.9375,
        "dvar": 392162246656,
        "dvar2": 818508726272,
        "max": 46264628,
        "mean": 2631237.75,
        "median": 2124702,
        "min": 92091.890625,
        "var": 1.46469457756e+13
    },
    "spectral_strongpeak": {
        "dmean": 0.442733317614,
        "dmean2": 0.75409168005,
        "dvar": 0.225150942802,
        "dvar2": 0.619579195976,
        "max": 8.13498306274,
        "mean": 1.14960718155,
        "median": 1.08684444427,
        "min": 0,
        "var": 0.422105103731
    },
    "zerocrossingrate": {
        "dmean": 0.00384841836058,
        "dmean2": 0.00512374425307,
        "dvar": 6.24974345556e-05,
        "dvar2": 9.52992850216e-05,
        "max": 0.52587890625,
        "mean": 0.0283167529851,
        "median": 0.0185546875,
        "min": 0.00732421875,
        "var": 0.00245248782448
    },
    "barkbands": {
        "dmean": [2.79681771644e-05, 0.000124029800645, 9.07220419322e-06, 0.000363628438208, 0.00623823469505, 0.0049979579635, 0.00148860074114, 0.000933449249715, 0.000308357237373, 0.000142638484249, 9.38831362873e-05, 9.97803654172e-05, 5.98610276938e-05, 0.000220635425649, 4.23325582233e-05, 2.40811932599e-05, 2.39561159106e-05, 2.56669300143e-05, 3.38927711709e-05, 2.14563060581e-05, 1.57291760843e-05, 1.38487948789e-05, 5.87352315051e-06, 2.87546913569e-06, 7.67932874624e-07, 4.16726066987e-07, 9.05248001004e-08],
        "dmean2": [4.75585839013e-05, 0.000158750102855, 1.62274991453e-05, 0.00050349131925, 0.00997307524085, 0.00866735167801, 0.00252073025331, 0.00157911260612, 0.000512224505655, 0.000229747849517, 0.000156662717927, 0.000174053580849, 9.25460262806e-05, 0.000404217658797, 5.46184855921e-05, 3.43506835634e-05, 3.67367902072e-05, 3.93143745896e-05, 5.29149256181e-05, 3.38917816407e-05, 2.60856159002e-05, 2.36192699958e-05, 1.00779698187e-05, 4.96146549267e-06, 1.33542232561e-06, 7.31468333015e-07, 1.58815893769e-07],
        "dvar": [3.03885094866e-09, 1.37064489536e-07, 1.64473668018e-09, 1.41305167745e-06, 7.57622037781e-05, 5.09804303874e-05, 1.85338903975e-05, 6.35312881059e-06, 4.98938391047e-07, 1.1454780946e-07, 6.15738926513e-08, 2.06996745078e-07, 2.58165435696e-08, 9.40294512475e-07, 8.3768547654e-09, 4.88933293852e-09, 4.23921164838e-09, 4.08638056726e-09, 6.06044192608e-09, 3.17210324674e-09, 3.50148132711e-09, 2.54388088372e-09, 5.29132904159e-10, 1.3356285522e-10, 8.2906060489e-12, 1.565064159e-12, 1.20105694053e-13],
        "dvar2": [8.77966499502e-09, 2.11711551401e-07, 4.86477302886e-09, 3.04181617139e-06, 0.000199639674975, 0.000150337102241, 4.92998260597e-05, 1.60257968673e-05, 1.30407056531e-06, 3.11992749857e-07, 1.71557715589e-07, 5.93192226006e-07, 6.72602809004e-08, 2.68628127742e-06, 1.16158682673e-08, 9.02811958525e-09, 1.00878407849e-08, 9.91559812036e-09, 1.45328780121e-08, 8.00413602065e-09, 9.79727143857e-09, 7.77583153422e-09, 1.5316603541e-09, 3.63826663241e-10, 2.27203620501e-11, 4.59790712448e-12, 3.59717301519e-13],
        "max": [0.00125154503621, 0.0102829094976, 0.00125232664868, 0.0277197510004, 0.201068177819, 0.105276122689, 0.0438048280776, 0.0246094167233, 0.00671917106956, 0.00612180540338, 0.00541824009269, 0.0053472565487, 0.00279671838507, 0.01035916619, 0.00329566607252, 0.00300721242093, 0.00194024981465, 0.00132153334562, 0.00307583156973, 0.001610596315, 0.00245999940671, 0.00271147210151, 0.00116568012163, 0.00025567173725, 6.4333100454e-05, 4.53190878034e-05, 7.04836702425e-06],
        "mean": [4.11792389059e-05, 0.000352889619535, 1.30078906295e-05, 0.00117143255193, 0.0146019691601, 0.0077916928567, 0.00166753609665, 0.000876667385455, 0.000354246847564, 0.000212968167034, 0.000137205832289, 9.01643361431e-05, 8.95216071513e-05, 0.000151785396156, 9.46932850638e-05, 3.86612628063e-05, 3.58043434971e-05, 4.08778359997e-05, 5.00402238686e-05, 3.15738943755e-05, 2.15912587009e-05, 2.07227076316e-05, 9.40531936067e-06, 3.97672010877e-06, 9.64870309872e-07, 6.29927797036e-07, 1.69899436742e-07],
        "median": [1.56247151608e-05, 1.52896591317e-05, 1.63639037964e-06, 6.61679805489e-05, 0.0106400558725, 0.00476486328989, 0.000284161767922, 6.08859627391e-05, 6.31839211565e-05, 7.02258039382e-05, 2.56072726188e-05, 6.88270120008e-06, 1.46258425957e-05, 1.7846357423e-06, 8.38873529574e-06, 2.94037317872e-06, 6.63330592943e-06, 6.68209941068e-06, 1.20193853945e-05, 4.86476255901e-06, 2.60251385953e-06, 4.04197953685e-06, 1.34712126965e-06, 4.41826330189e-07, 1.0051120114e-07, 3.35290231135e-08, 3.80091824681e-09],
        "min": [2.39773360022e-25, 5.08762272415e-24, 6.73762697187e-25, 5.78654273794e-25, 5.99011194302e-24, 7.66671510135e-24, 8.5152501786e-24, 4.12399836284e-24, 1.04072092086e-23, 1.74660651729e-23, 1.9004610573e-23, 1.64851829015e-23, 3.00478507194e-23, 4.74217927157e-23, 5.71949589161e-23, 6.16188466964e-23, 7.2471401807e-23, 8.10706230735e-23, 9.14410831968e-23, 1.73577369001e-22, 2.51551006202e-22, 2.8284980099e-22, 3.76042571915e-22, 5.78575780951e-22, 8.0390737307e-22, 1.35370843645e-21, 1.96408745403e-21],
        "var": [5.90185988969e-09, 7.14548093583e-07, 1.6583248108e-09, 1.12688685476e-05, 0.000200907103135, 8.51400109241e-05, 1.58305319928e-05, 5.78555136599e-06, 5.04949355218e-07, 1.49225158452e-07, 9.79552083891e-08, 1.29705327367e-07, 4.60173481542e-08, 5.4997258303e-07, 5.70794362886e-08, 1.54744999037e-08, 8.64692140112e-09, 8.97843044356e-09, 1.26739978512e-08, 5.85027848388e-09, 4.80241757472e-09, 3.74277941972e-09, 1.18630805179e-09, 1.82081544287e-10, 9.32443532109e-12, 3.00192596475e-12, 3.16106407543e-13]
    },
    "erbbands": {
        "dmean": [0.00685506686568, 0.0157994832844, 0.0157666113228, 0.520331203938, 6.61794567108, 24.0912742615, 59.693977356, 19.8107433319, 18.0820198059, 18.002204895, 23.4775791168, 7.17114686966, 7.06214857101, 2.48744440079, 5.48545503616, 3.52054738998, 3.30338144302, 12.0488090515, 4.13581085205, 1.40320134163, 1.09967553616, 1.05911505222, 1.50484466553, 1.60331904888, 1.77949941158, 0.927384674549, 0.709538817406, 0.441106915474, 0.367618650198, 0.416301131248, 0.224996998906, 0.0772670134902, 0.0312880389392, 0.0103212799877, 0.00673268502578, 0.00211775139906, 0.000836773600895, 0.000115381219075, 1.9399838493e-05, 1.33645626192e-05],
        "dmean2": [0.00915854796767, 0.0194831695408, 0.0244166981429, 0.746842026711, 10.7849025726, 37.9786148071, 102.739173889, 31.014087677, 29.9072170258, 29.7263431549, 40.2074432373, 12.186296463, 11.5444154739, 3.76016664505, 9.42705059052, 6.01929855347, 5.3018989563, 21.9093322754, 6.31599569321, 2.11359190941, 1.56541621685, 1.68932950497, 2.28704404831, 2.44326210022, 2.83696460724, 1.48017120361, 1.16623055935, 0.732937693596, 0.613279044628, 0.72584939003, 0.386287093163, 0.133559808135, 0.0537914708257, 0.0178869627416, 0.0116627234966, 0.00370872346684, 0.00147274998017, 0.000201293456485, 3.35192562488e-05, 2.20065303438e-05],
        "dvar": [0.000397732539568, 0.00228468095884, 0.00199369271286, 2.35072660446, 247.817779541, 1549.60290527, 6472.98144531, 1028.6048584, 2514.75830078, 4974.45996094, 4560.02929688, 256.365142822, 441.844055176, 24.3287525177, 312.632476807, 216.147689819, 86.1890945435, 2586.71508789, 161.136001587, 12.284286499, 7.11732006073, 8.59800338745, 15.6230964661, 22.4307460785, 19.4703388214, 6.73899173737, 6.7788310051, 2.27752709389, 1.11121690273, 4.78732633591, 0.809078454971, 0.0827665105462, 0.0160115826875, 0.00204959209077, 0.000643914099783, 9.6813942946e-05, 7.00158807376e-06, 1.24303468851e-07, 4.56826976247e-09, 2.40822334296e-10],
        "dvar2": [0.000647869892418, 0.0033414773643, 0.00512733357027, 5.1172785759, 807.758056641, 4033.58813477, 18666.84375, 2195.92407227, 6576.24365234, 13022.9726562, 11588.7470703, 673.200744629, 1162.29064941, 61.4327926636, 891.116394043, 617.784118652, 234.083480835, 7380.44482422, 424.581451416, 30.3747787476, 14.9525413513, 22.2883052826, 37.5623779297, 49.4496955872, 48.1784706116, 17.723487854, 19.0426845551, 6.13173103333, 2.93347454071, 15.2946338654, 2.38342428207, 0.22606344521, 0.0432333946228, 0.00554020795971, 0.00178967323154, 0.000281943997834, 2.12351369555e-05, 3.6204363596e-07, 1.37123477018e-08, 6.28337715192e-10],
        "max": [0.5268034935, 1.38198590279, 1.51674377918, 35.4076347351, 330.74017334, 894.213623047, 986.616088867, 507.63092041, 566.466247559, 806.76953125, 592.645263672, 151.196960449, 323.29788208, 74.7702407837, 313.96270752, 206.272567749, 132.638122559, 540.519897461, 203.814956665, 84.9216842651, 84.2820968628, 67.9687194824, 79.0544815063, 150.450119019, 200.111755371, 90.9453659058, 106.201644897, 43.2114143372, 28.857542038, 131.216125488, 50.5922584534, 5.63371038437, 2.43413305283, 0.980189144611, 0.531601071358, 0.406123280525, 0.0385173112154, 0.00605284748599, 0.00152624305338, 0.000274684483884],
        "mean": [0.0179116502404, 0.0496587753296, 0.0482554510236, 1.75106012821, 17.7450637817, 54.9322853088, 99.3705825806, 38.2440719604, 24.2998218536, 19.0579586029, 20.6025123596, 7.97224235535, 9.03724956512, 4.70732116699, 6.86808013916, 3.84905338287, 4.54141044617, 8.95589065552, 6.56780958176, 2.24340009689, 1.88239729404, 1.49862015247, 2.47519207001, 2.44097232819, 2.68006587029, 1.39560449123, 1.06867539883, 0.637330293655, 0.546020448208, 0.638276338577, 0.364011794329, 0.108052581549, 0.0436707139015, 0.0127631016076, 0.00916146393865, 0.00309350877069, 0.00128002592828, 0.000201247981749, 4.10325301345e-05, 3.29552349285e-05],
        "median": [0.00104739028029, 0.00380830327049, 0.0197932589799, 0.294374912977, 5.20623779297, 33.1038589478, 65.4853057861, 22.4567928314, 6.83758211136, 3.57737636566, 1.63161242008, 1.90367054939, 1.61851859093, 1.90524721146, 1.31934642792, 0.53439438343, 0.896114468575, 0.674300789833, 0.793765664101, 0.422155708075, 0.393218517303, 0.447530686855, 0.512976169586, 0.553783416748, 0.521539926529, 0.320439875126, 0.180202484131, 0.137927263975, 0.132755622268, 0.0696619153023, 0.0559018738568, 0.0190951786935, 0.00624275160953, 0.00247045303695, 0.000936722499318, 0.000224430084927, 5.91135030845e-05, 1.2004365999e-05, 1.8553033442e-05, 2.88552746497e-05],
        "min": [4.54631804613e-23, 8.11154291107e-22, 2.91104709084e-21, 5.20789036254e-21, 6.33936842735e-21, 2.591783526e-20, 4.22165164237e-20, 7.13559988342e-20, 1.2917534204e-19, 1.80225245908e-19, 2.57107302373e-19, 3.21121155617e-19, 5.49810564648e-19, 7.26347761172e-19, 9.54270916612e-19, 1.2126853453e-18, 1.49632113125e-18, 2.03572933101e-18, 2.29842679751e-18, 2.85932246124e-18, 4.39103906449e-18, 4.59345967296e-18, 4.33159042105e-18, 5.62005243809e-18, 6.74579603453e-18, 8.2056837889e-18, 8.91847524891e-18, 9.2376925191e-18, 1.00544299764e-17, 1.07763808073e-17, 1.09293678616e-17, 9.62206763332e-18, 9.75467874758e-18, 8.36859866491e-18, 6.33460331126e-18, 3.90140356296e-18, 2.34041386501e-18, 1.00106762579e-18, 2.49543097563e-19, 2.69414421875e-20],
        "var": [0.001788429101, 0.0146613325924, 0.00768862199038, 18.690372467, 749.224731445, 3848.08520508, 12055.3662109, 2745.02856445, 2575.25732422, 3991.61132812, 3878.82470703, 243.213775635, 476.851654053, 53.2587280273, 325.309234619, 152.470870972, 116.401313782, 1529.78625488, 283.786193848, 22.5954933167, 18.7321987152, 12.6364240646, 33.3567085266, 44.5125312805, 41.9594917297, 12.3174161911, 11.4110975266, 3.26489448547, 1.64147484303, 7.12280607224, 2.06475257874, 0.102372571826, 0.0205138027668, 0.00180050078779, 0.000951641006395, 0.000180301620276, 1.25802635011e-05, 2.72047685712e-07, 1.07827169415e-08, 5.93843196839e-10]
    },
    "gfcc": {
        "mean": [-154.787796021, 149.005813599, -101.863288879, 11.9533462524, -73.1434936523, -37.0940742493, -45.5564117432, -29.3468875885, -26.7578544617, -14.5715179443, -2.56992673874, -1.48743784428, 3.99751353264],
        "cov": [[20084.2421875, -738.767028809, -2910.02075195, 1355.35168457, -982.395996094, 1142.83081055, -606.963500977, 291.800720215, -123.95589447, 22.7664279938, -256.666412354, 130.404937744, -215.359817505], [-738.767028809, 1970.31030273, 125.680641174, -1293.07055664, 684.8203125, -70.3561706543, -25.6070327759, -202.628082275, 20.9502620697, 47.3049316406, 44.8317642212, 30.1650924683, 295.578094482], [-2910.02075195, 125.680641174, 1162.36047363, 141.655212402, 142.422637939, -340.44229126, 45.9875144958, -145.666381836, -114.998023987, -32.7706031799, 0.133864343166, -27.9759540558, 15.604640007], [1355.35168457, -1293.07055664, 141.655212402, 2053.7722168, -751.930541992, -324.158843994, 130.07081604, -3.32841539383, -13.4553747177, -340.231750488, -85.3365783691, -161.552703857, -446.404907227], [-982.395996094, 684.8203125, 142.422637939, -751.930541992, 1043.7265625, 249.93296814, -89.8248443604, 24.5298957825, -28.0095710754, 220.670272827, -4.56650400162, 270.94744873, 279.312530518], [1142.83081055, -70.3561706543, -340.44229126, -324.158843994, 249.93296814, 659.11541748, -5.6600151062, 147.381317139, 35.6955375671, 121.078933716, -39.2749900818, 68.01222229, 78.6318740845], [-606.963500977, -25.6070327759, 45.9875144958, 130.07081604, -89.8248443604, -5.6600151062, 244.916625977, 71.0786361694, 66.7360916138, -4.58487033844, 12.0173625946, -16.3808403015, -85.6477813721], [291.800720215, -202.628082275, -145.666381836, -3.32841539383, 24.5298957825, 147.381317139, 71.0786361694, 261.572662354, 90.8486862183, 111.587463379, 21.7329368591, 87.5227890015, -28.6198062897], [-123.95589447, 20.9502620697, -114.998023987, -13.4553747177, -28.0095710754, 35.6955375671, 66.7360916138, 90.8486862183, 194.57975769, 49.7420272827, 32.801158905, 22.1384468079, -42.8491821289], [22.7664279938, 47.3049316406, -32.7706031799, -340.231750488, 220.670272827, 121.078933716, -4.58487033844, 111.587463379, 49.7420272827, 313.629852295, 67.8959579468, 154.403060913, 101.911277771], [-256.666412354, 44.8317642212, 0.133864343166, -85.3365783691, -4.56650400162, -39.2749900818, 12.0173625946, 21.7329368591, 32.801158905, 67.8959579468, 124.30141449, 51.7017555237, 27.7794246674], [130.404937744, 30.1650924683, -27.9759540558, -161.552703857, 270.94744873, 68.01222229, -16.3808403015, 87.5227890015, 22.1384468079, 154.403060913, 51.7017555237, 273.906463623, 93.8632507324], [-215.359817505, 295.578094482, 15.604640007, -446.404907227, 279.312530518, 78.6318740845, -85.6477813721, -28.6198062897, -42.8491821289, 101.911277771, 27.7794246674, 93.8632507324, 281.310516357]],
        "icov": [[0.000212152604945, -0.000466180732474, 0.00042440337711, -0.000481966999359, 0.000483715470182, -0.000441200769274, 0.000701858662069, -0.000220327201532, 0.000530912133399, -0.000495381711517, 0.000411637971411, -0.000406888488214, 5.36395527888e-05], [-0.000466180732474, 0.00250704027712, -0.000803900999017, 0.00193237594794, -0.00191014620941, 0.00158537342213, -0.0022462666966, 0.00142164272256, -0.0018440282438, 0.00182567851152, -0.00115028535947, 0.0013293446973, -0.000238115855609], [0.00042440337711, -0.000803900999017, 0.00213054241613, -0.00105774123222, 0.000379767065169, -0.000143476077938, 0.000755915010814, -4.84559059259e-05, 0.00162856106181, -0.00126381032169, 0.000750976672862, -0.000365136307664, 1.47229247887e-05], [-0.000481966999359, 0.00193237594794, -0.00105774123222, 0.00259467586875, -0.00110829970799, 0.00147496827412, -0.0020035863854, 0.000833092315588, -0.00141504313797, 0.00217765849084, -0.000649144058116, 0.000508026685566, 0.000829782278743], [0.000483715470182, -0.00191014620941, 0.000379767065169, -0.00110829970799, 0.00376522378065, -0.00192815600894, 0.00218229880556, -0.000714395311661, 0.00143075746018, -0.00162296718918, 0.00221938965842, -0.00299629173242, -0.000423762947321], [-0.000441200769274, 0.00158537342213, -0.000143476077938, 0.00147496827412, -0.00192815600894, 0.0036648423411, -0.00195475039072, -0.00027413960197, -0.00110331305768, 0.000911224284209, 9.16598655749e-05, 0.00155936786905, -0.000415489077568], [0.000701858662069, -0.0022462666966, 0.000755915010814, -0.0020035863854, 0.00218229880556, -0.00195475039072, 0.00806736946106, -0.00244157901034, 0.000765900418628, -0.00171089405194, 0.000983615289442, -0.0013487492688, 0.00135288655292], [-0.000220327201532, 0.00142164272256, -4.84559059259e-05, 0.000833092315588, -0.000714395311661, -0.00027413960197, -0.00244157901034, 0.00766389025375, -0.00255161570385, -0.000752057996579, -0.000295049743727, -0.000943651655689, 0.000712360662874], [0.000530912133399, -0.0018440282438, 0.00162856106181, -0.00141504313797, 0.00143075746018, -0.00110331305768, 0.000765900418628, -0.00255161570385, 0.00885093957186, -0.00211069150828, -0.000224873205298, -0.000932110240683, 0.00131559511647], [-0.000495381711517, 0.00182567851152, -0.00126381032169, 0.00217765849084, -0.00162296718918, 0.000911224284209, -0.00171089405194, -0.000752057996579, -0.00211069150828, 0.00772507954389, -0.00288566038944, -0.000724529207218, -0.000605796056334], [0.000411637971411, -0.00115028535947, 0.000750976672862, -0.000649144058116, 0.00221938965842, 9.16598655749e-05, 0.000983615289442, -0.000295049743727, -0.000224873205298, -0.00288566038944, 0.0118903713301, -0.00278608128428, -0.00074121740181], [-0.000406888488214, 0.0013293446973, -0.000365136307664, 0.000508026685566, -0.00299629173242, 0.00155936786905, -0.0013487492688, -0.000943651655689, -0.000932110240683, -0.000724529207218, -0.00278608128428, 0.00817233882844, -0.00118053518236], [5.36395527888e-05, -0.000238115855609, 1.47229247887e-05, 0.000829782278743, -0.000423762947321, -0.000415489077568, 0.00135288655292, 0.000712360662874, 0.00131559511647, -0.000605796056334, -0.00074121740181, -0.00118053518236, 0.00707020936534]]
    },
    "melbands": {
        "dmean": [4.5855416829e-05, 8.87925398274e-06, 0.000196865134058, 0.00109644327313, 0.0017887292197, 0.000542782014236, 0.000286462862277, 0.000171869221958, 0.000187755940715, 3.78074037144e-05, 3.46342494595e-05, 9.79241303867e-06, 1.42793451232e-05, 1.53614000737e-05, 4.58971089756e-06, 8.54470454215e-06, 2.52055924648e-05, 6.55337044009e-06, 2.31583157984e-06, 2.16597914005e-06, 1.14438319088e-06, 1.04854029814e-06, 1.69239524439e-06, 9.92996547211e-07, 1.34652259476e-06, 1.44556486248e-06, 7.55654582463e-07, 6.71165025778e-07, 4.04625410511e-07, 4.99043096625e-07, 2.41476641349e-07, 2.65254300302e-07, 2.15954045757e-07, 1.76400376972e-07, 1.66249719769e-07, 5.02291008786e-08, 5.09591444597e-08, 2.4960035816e-08, 1.74155943e-08, 7.09848180236e-09],
        "dmean2": [6.07175206824e-05, 1.22043229567e-05, 0.000297476857668, 0.00174007622991, 0.00301544112153, 0.000890661263838, 0.000476871617138, 0.000281459360849, 0.000322752195643, 6.34621319477e-05, 5.67312708881e-05, 1.46426600622e-05, 2.42981714109e-05, 2.67931900453e-05, 7.56725557949e-06, 1.36968938023e-05, 4.6088709496e-05, 1.02341591628e-05, 3.17494686897e-06, 3.08041080643e-06, 1.64450023021e-06, 1.65391907103e-06, 2.62319690592e-06, 1.50729090365e-06, 2.05125934372e-06, 2.34830531554e-06, 1.16316618914e-06, 1.0882757806e-06, 6.61379715439e-07, 8.37412699184e-07, 4.02443134817e-07, 4.40366790144e-07, 3.7390876173e-07, 3.0894184988e-07, 2.85528415134e-07, 8.65189662136e-08, 8.83942306018e-08, 4.28391970786e-08, 3.00308435897e-08, 1.23517995831e-08],
        "dvar": [1.75233108024e-08, 6.3731070421e-10, 3.34402272983e-07, 4.52950962426e-06, 5.06333799422e-06, 6.47540673526e-07, 6.08128914337e-07, 4.37974279066e-07, 3.06646910531e-07, 7.95767540751e-09, 1.03924708839e-08, 4.48690085086e-10, 1.72660707953e-09, 4.82800244228e-09, 1.44991865736e-10, 5.7558802169e-10, 1.20852261531e-08, 5.1331761064e-10, 2.8935340235e-11, 4.3501761221e-11, 8.36499532836e-12, 8.80870723585e-12, 1.99622783581e-11, 5.77286352402e-12, 1.89332143713e-11, 1.57962636027e-11, 4.49176720124e-12, 4.29565367652e-12, 1.78192063969e-12, 5.58963856104e-12, 1.21845372333e-12, 6.93011186631e-13, 1.19964400826e-12, 9.30248391338e-13, 5.62842144853e-13, 4.2027338776e-14, 4.33099126766e-14, 1.06447926442e-14, 6.11690602684e-15, 1.32272717983e-15],
        "dvar2": [2.80491061488e-08, 1.22067267405e-09, 9.46259547163e-07, 1.29121690406e-05, 1.37430506584e-05, 1.5948020291e-06, 1.59520448051e-06, 1.13577607408e-06, 7.79289962338e-07, 2.15853095398e-08, 2.73131419704e-08, 1.12519038531e-09, 4.8702082367e-09, 1.39077380723e-08, 3.84273723952e-10, 1.55687196468e-09, 3.44701689414e-08, 1.40254186043e-09, 5.25797495821e-11, 7.88965212606e-11, 1.85385960055e-11, 2.23293293578e-11, 4.90157185673e-11, 1.35663832598e-11, 4.1697516967e-11, 3.97141625141e-11, 1.03528375109e-11, 1.13866199455e-11, 4.76688914036e-12, 1.60949153311e-11, 3.26574249414e-12, 1.81056818843e-12, 3.6904325082e-12, 2.99479950387e-12, 1.66958341683e-12, 1.14510682295e-13, 1.20635502998e-13, 2.88655106491e-14, 1.64587903717e-14, 3.6193069856e-15],
        "max": [0.00359180825762, 0.000669309403747, 0.00996478646994, 0.0511271581054, 0.02711510472, 0.0131598766893, 0.00829920917749, 0.00783291179687, 0.00481999991462, 0.0010476304451, 0.00157866359223, 0.000333183590556, 0.000781908340286, 0.000840846390929, 0.000276508391835, 0.000399514596211, 0.00118759274483, 0.000307229929604, 0.000119171105325, 0.000294049532386, 5.03471892443e-05, 5.54813159397e-05, 0.000105648679892, 4.70296217827e-05, 0.000138577859616, 0.000183703319635, 4.58931972389e-05, 6.89929438522e-05, 3.735154678e-05, 0.00011469375022, 3.6082285078e-05, 2.59626776824e-05, 6.12435978837e-05, 5.77683276788e-05, 4.46622761956e-05, 3.20837966683e-06, 6.00859402766e-06, 2.80208155345e-06, 1.69875681877e-06, 8.90065564363e-07],
        "mean": [0.000124435086036, 2.55403901974e-05, 0.000595186604187, 0.00268838857301, 0.00327240023762, 0.000957492215093, 0.000364723062376, 0.000184019954759, 0.000162593350979, 4.53978391306e-05, 4.39430696133e-05, 1.81798841368e-05, 1.85650114872e-05, 1.57835675054e-05, 5.9710887399e-06, 1.11796925921e-05, 1.76816029125e-05, 9.76442061074e-06, 4.58145086668e-06, 3.5116484014e-06, 1.88872354556e-06, 1.41662701481e-06, 2.60246702055e-06, 1.63071194947e-06, 1.92980792235e-06, 2.06274057746e-06, 1.16602075195e-06, 9.49368370584e-07, 6.02468958277e-07, 6.8440783707e-07, 3.22741811942e-07, 3.73766141593e-07, 3.23376696088e-07, 2.66783160896e-07, 2.66062414767e-07, 6.57641479052e-08, 7.08499214852e-08, 3.55326719159e-08, 1.98203000679e-08, 7.9749495896e-09],
        "median": [8.08124605101e-06, 3.7764816625e-06, 9.87704552244e-05, 0.00131521758158, 0.00237346626818, 0.000582094129641, 8.74594261404e-05, 3.25978835463e-05, 1.02413714558e-05, 1.04972386907e-05, 7.51561765355e-06, 5.73702891415e-06, 3.31426554112e-06, 2.15386285163e-06, 1.10532346298e-06, 1.43379247675e-06, 3.75571829636e-07, 1.05803019324e-06, 3.95523898078e-07, 2.5027901529e-07, 3.31270143761e-07, 2.33263762084e-07, 5.38511471859e-07, 3.0044691357e-07, 1.48344071249e-07, 3.03808207036e-07, 1.4420261607e-07, 1.0049856769e-07, 1.08717898684e-07, 2.06604173769e-08, 3.43307178241e-08, 6.12095902852e-08, 1.39416389544e-08, 1.44657352763e-08, 2.50672904656e-08, 1.82050019504e-09, 2.46168330165e-09, 3.16190096328e-09, 1.96593352708e-10, 1.29110985791e-10],
        "min": [8.14438240959e-25, 1.41534997867e-24, 8.97355114884e-25, 1.7121955763e-24, 1.77790532312e-24, 1.92118001566e-24, 1.70178142906e-24, 1.4367785963e-24, 2.57918901266e-24, 1.76809919042e-24, 2.50930106405e-24, 2.4734459554e-24, 2.78727217844e-24, 1.72197271836e-24, 2.33197617661e-24, 3.49864544631e-24, 3.4103186629e-24, 3.00255093897e-24, 3.51695609121e-24, 3.71965153422e-24, 4.38922089336e-24, 4.37101398367e-24, 2.78567236853e-24, 3.79713226904e-24, 3.66808014698e-24, 3.60635296443e-24, 4.43353673243e-24, 4.24578704813e-24, 3.66981919084e-24, 5.16423452868e-24, 4.59599238067e-24, 4.10656927e-24, 5.26635967261e-24, 5.49311379551e-24, 5.21559016247e-24, 4.90927231753e-24, 4.85250036476e-24, 6.04026061962e-24, 4.66172973762e-24, 6.06476027276e-24],
        "var": [8.56926192228e-08, 3.28317995013e-09, 1.79898063379e-06, 1.28276660689e-05, 1.04376640593e-05, 1.46600302742e-06, 6.06582432283e-07, 3.68644577975e-07, 2.63071683548e-07, 7.79604825141e-09, 1.13273461722e-08, 9.6552543738e-10, 2.06527572821e-09, 3.14350190322e-09, 2.49790410578e-10, 7.25120352651e-10, 7.12879133502e-09, 7.14572567784e-10, 1.237260433e-10, 1.41994027647e-10, 1.77462003426e-11, 1.27972242178e-11, 3.97690318177e-11, 1.33046065484e-11, 3.63582497442e-11, 3.26080690227e-11, 9.49168781766e-12, 7.76804488789e-12, 3.11112312128e-12, 7.81731190197e-12, 1.78121449881e-12, 1.06466343987e-12, 1.96889921901e-12, 1.31538508384e-12, 1.45198187241e-12, 4.34264813508e-14, 7.44294017152e-14, 1.88236114928e-14, 5.42166688945e-15, 1.33826663452e-15]
    },
    "mfcc": {
        "mean": [-806.507629395, 172.338623047, 21.5056591034, 25.7275810242, -15.3799791336, -12.3912239075, -22.4864253998, -19.6557884216, -28.3479309082, -19.5039291382, -17.898109436, -15.829372406, -10.9811372757],
        "cov": [[9218.55664062, 1114.37927246, -2040.37231445, -73.8587112427, -108.4246521, 165.202438354, 19.8634586334, 473.661102295, 421.763000488, 426.800354004, 261.544067383, 344.887664795, -76.973777771], [1114.37927246, 2352.07861328, -394.564758301, -906.199523926, 567.057678223, 336.648254395, 230.331863403, 123.423149109, 331.861541748, 63.0514564514, 88.8392791748, 71.1686096191, 128.105392456], [-2040.37231445, -394.564758301, 919.455749512, 338.586669922, -116.48664856, -92.8211669922, -95.5029067993, -142.601257324, -248.32673645, -110.545677185, -151.94519043, -224.176330566, -18.2719345093], [-73.8587112427, -906.199523926, 338.586669922, 1148.12817383, -150.672607422, -141.892272949, -126.064628601, -3.11855983734, -270.344512939, -86.6575927734, 27.5701675415, -203.905776978, -146.921585083], [-108.4246521, 567.057678223, -116.48664856, -150.672607422, 631.579467773, 253.450531006, 135.430496216, 38.8635215759, 125.081939697, -95.4724502563, -51.3085594177, -21.0378341675, 15.4551734924], [165.202438354, 336.648254395, -92.8211669922, -141.892272949, 253.450531006, 282.036621094, 108.026756287, 78.466583252, 87.5117874146, 2.19130992889, 35.424369812, -51.7902488708, -12.2190341949], [19.8634586334, 230.331863403, -95.5029067993, -126.064628601, 135.430496216, 108.026756287, 209.305908203, 55.5359649658, 106.316642761, 41.5850830078, 9.95335388184, 26.6918296814, 20.279756546], [473.661102295, 123.423149109, -142.601257324, -3.11855983734, 38.8635215759, 78.466583252, 55.5359649658, 262.372772217, 76.5335617065, 81.9204101562, 138.247833252, -51.2472305298, -9.72660064697], [421.763000488, 331.861541748, -248.32673645, -270.344512939, 125.081939697, 87.5117874146, 106.316642761, 76.5335617065, 313.573974609, 34.6511917114, 58.3696250916, 174.517349243, -12.729929924], [426.800354004, 63.0514564514, -110.545677185, -86.6575927734, -95.4724502563, 2.19130992889, 41.5850830078, 81.9204101562, 34.6511917114, 391.395874023, 39.2542266846, -94.2545394897, 154.120071411], [261.544067383, 88.8392791748, -151.94519043, 27.5701675415, -51.3085594177, 35.424369812, 9.95335388184, 138.247833252, 58.3696250916, 39.2542266846, 465.146697998, 11.6812181473, -120.924835205], [344.887664795, 71.1686096191, -224.176330566, -203.905776978, -21.0378341675, -51.7902488708, 26.6918296814, -51.2472305298, 174.517349243, -94.2545394897, 11.6812181473, 424.182067871, -5.61342668533], [-76.973777771, 128.105392456, -18.2719345093, -146.921585083, 15.4551734924, -12.2190341949, 20.279756546, -9.72660064697, -12.729929924, 154.120071411, -120.924835205, -5.61342668533, 335.207946777]],
