{
"lowlevel": {
    "average_loudness": 0.716529369354,
    "barkbands_crest": {
        "dmean": 2.18373918533,
        "dmean2": 3.53027153015,
        "dvar": 5.94337797165,
        "dvar2": 15.1273336411,
        "max": 26.0406227112,
        "mean": 13.1527462006,
        "median": 13.0329751968,
        "min": 2.42371535301,
        "var": 19.6652069092
    },
    "barkbands_flatness_db": {
        "dmean": 0.0201423279941,
        "dmean2": 0.0279327277094,
        "dvar": 0.000728631159291,
        "dvar2": 0.00132308527827,
        "max": 0.419513970613,
        "mean": 0.179266855121,
        "median": 0.183762282133,
        "min": 0.0447420366108,
        "var": 0.00406502513215
    },
    "barkbands_kurtosis": {
        "dmean": 1.90203356743,
        "dmean2": 2.7947165966,
        "dvar": 16.502784729,
        "dvar2": 27.6742897034,
        "max": 131.479888916,
        "mean": 3.70597147942,
        "median": 2.25051879883,
        "min": -1.83063685894,
        "var": 48.434627533
    },
    "barkbands_skewness": {
        "dmean": 0.417458862066,
        "dmean2": 0.640513539314,
        "dvar": 0.315652310848,
        "dvar2": 0.64159822464,
        "max": 10.4030056,
        "mean": 1.76412117481,
        "median": 1.72199141979,
        "min": -2.19435572624,
        "var": 1.0159471035
    },
    "barkbands_spread": {
        "dmean": 5.18842029572,
        "dmean2": 7.57623100281,
        "dvar": 78.7245483398,
        "dvar2": 137.840179443,
        "max": 92.8470687866,
        "mean": 19.4525241852,
        "median": 14.9949150085,
        "min": 0.927091062069,
        "var": 207.118713379
    },
    "dissonance": {
        "dmean": 0.0116351218894,
        "dmean2": 0.0200700871646,
        "dvar": 0.000202312614419,
        "dvar2": 0.000542666239198,
        "max": 0.500000059605,
        "mean": 0.467631042004,
        "median": 0.472764641047,
        "min": 0.249734222889,
        "var": 0.000679204938933
    },
    "dynamic_complexity": 2.34299707413,
    "erbbands_crest": {
        "dmean": 1.66059494019,
        "dmean2": 2.7026040554,
        "dvar": 3.76301193237,
        "dvar2": 8.44393730164,
        "max": 24.3474979401,
        "mean": 10.1493654251,
        "median": 9.37223911285,
        "min": 2.23638963699,
        "var": 18.2365646362
    },
    "erbbands_flatness_db": {
        "dmean": 0.0184312276542,
        "dmean2": 0.0240203868598,
        "dvar": 0.000697533425409,
        "dvar2": 0.00106540776324,
        "max": 0.442298620939,
        "mean": 0.21392659843,
        "median": 0.230204552412,
        "min": 0.0661845579743,
        "var": 0.00441672932357
    },
    "erbbands_kurtosis": {
        "dmean": 0.447889178991,
        "dmean2": 0.749309301376,
        "dvar": 0.605669379234,
        "dvar2": 1.58909785748,
        "max": 16.6746902466,
        "mean": -0.414036363363,
        "median": -0.656578302383,
        "min": -1.72640621662,
        "var": 1.11164116859
    },
    "erbbands_skewness": {
        "dmean": 0.288336247206,
        "dmean2": 0.458755731583,
        "dvar": 0.152310743928,
        "dvar2": 0.340567111969,
        "max": 3.88487815857,
        "mean": 0.572040736675,
        "median": 0.64942908287,
        "min": -1.59086501598,
        "var": 0.374335259199
    },
    "erbbands_spread": {
        "dmean": 6.78117513657,
        "dmean2": 9.67831134796,
        "dvar": 117.466690063,
        "dvar2": 218.653259277,
        "max": 127.31993866,
        "mean": 40.4563140869,
        "median": 37.601020813,
        "min": 5.25745582581,
        "var": 344.943267822
    },
    "hfc": {
        "dmean": 17.0802116394,
        "dmean2": 26.4484920502,
        "dvar": 2398.89501953,
        "dvar2": 4988.18017578,
        "max": 566.5234375,
        "mean": 24.5817584991,
        "median": 9.85904216766,
        "min": 1.07385242249e-16,
        "var": 3304.86816406
    },
    "melbands_crest": {
        "dmean": 2.3436229229,
        "dmean2": 3.96961975098,
        "dvar": 7.15800142288,
        "dvar2": 20.5797424316,
        "max": 32.8847923279,
        "mean": 16.9835033417,
        "median": 16.3701133728,
        "min": 1.57664430141,
        "var": 29.8142814636
    },
    "melbands_flatness_db": {
        "dmean": 0.0243117753416,
        "dmean2": 0.0330164693296,
        "dvar": 0.00115008850116,
        "dvar2": 0.00218045245856,
        "max": 0.508526086807,
        "mean": 0.221099942923,
        "median": 0.223421305418,
        "min": 0.00271310773678,
        "var": 0.00543856527656
    },
    "melbands_kurtosis": {
        "dmean": 5.15394496918,
        "dmean2": 7.8500919342,
        "dvar": 142.747833252,
        "dvar2": 285.669219971,
        "max": 455.505249023,
        "mean": 13.3246974945,
        "median": 10.1144638062,
        "min": -1.52173757553,
        "var": 326.566131592
    },
    "melbands_skewness": {
        "dmean": 0.544880867004,
        "dmean2": 0.850642859936,
        "dvar": 0.549396812916,
        "dvar2": 1.19587361813,
        "max": 16.7824211121,
        "mean": 3.01382303238,
        "median": 2.93276810646,
        "min": -0.39243850112,
        "var": 1.7487385273
    },
    "melbands_spread": {
        "dmean": 7.94378519058,
        "dmean2": 12.9802350998,
        "dvar": 325.533935547,
        "dvar2": 815.5625,
        "max": 153.149841309,
        "mean": 20.6544952393,
        "median": 15.4506101608,
        "min": 0.887163579464,
        "var": 434.757110596
    },
    "pitch_salience": {
        "dmean": 0.0607430934906,
        "dmean2": 0.098857909441,
        "dvar": 0.00680842902511,
        "dvar2": 0.0167987830937,
        "max": 0.921530842781,
        "mean": 0.534806847572,
        "median": 0.529190659523,
        "min": 0.0608410350978,
        "var": 0.0206155646592
    },
    "silence_rate_20dB": {
        "dmean": 0.00244835508056,
        "dmean2": 0.00489708455279,
        "dvar": 0.00244224956259,
        "dvar2": 0.00732123898342,
        "max": 1,
        "mean": 0.99877589941,
        "median": 1,
        "min": 0,
        "var": 0.00122273701709
    },
    "silence_rate_30dB": {
        "dmean": 0.0273909717798,
        "dmean2": 0.0547861345112,
        "dvar": 0.026642985642,
        "dvar2": 0.0517797209322,
        "max": 1,
        "mean": 0.950118601322,
        "median": 1,
        "min": 0,
        "var": 0.0474005825818
    },
    "silence_rate_60dB": {
        "dmean": 0.0107115535066,
        "dmean2": 0.0213482286781,
        "dvar": 0.010597425513,
        "dvar2": 0.0221179183573,
        "max": 1,
        "mean": 0.0462856702507,
        "median": 0,
        "min": 0,
        "var": 0.0441412553191
    },
    "spectral_centroid": {
        "dmean": 256.390808105,
        "dmean2": 395.997253418,
        "dvar": 198450.15625,
        "dvar2": 431198.3125,
        "max": 11849.4501953,
        "mean": 1443.65100098,
        "median": 1275.13220215,
        "min": 178.660629272,
        "var": 1213459.5
    },
    "spectral_complexity": {
        "dmean": 3.00612092018,
        "dmean2": 4.81559419632,
        "dvar": 23.4377536774,
        "dvar2": 52.6002235413,
        "max": 58,
        "mean": 19.1501789093,
        "median": 19,
        "min": 0,
        "var": 63.4963150024
    },
    "spectral_decrease": {
        "dmean": 2.66704902607e-09,
        "dmean2": 3.68692720798e-09,
        "dvar": 6.57225039873e-17,
        "dvar2": 1.1419860984e-16,
        "max": 2.08331718018e-28,
        "mean": -6.11158235131e-09,
        "median": -2.96875612982e-09,
        "min": -1.02491597431e-07,
        "var": 1.33133501981e-16
    },
    "spectral_energy": {
        "dmean": 0.0114854890853,
        "dmean2": 0.0161269567907,
        "dvar": 0.00112737063318,
        "dvar2": 0.00196475139819,
        "max": 0.427007615566,
        "mean": 0.0252961423248,
        "median": 0.0121796457097,
        "min": 1.00343640288e-20,
        "var": 0.00224455702119
    },
    "spectral_energyband_high": {
        "dmean": 0.00181527272798,
        "dmean2": 0.00283591658808,
        "dvar": 2.90724801744e-05,
        "dvar2": 6.30089562037e-05,
        "max": 0.0609344318509,
        "mean": 0.00197281315923,
        "median": 0.000295863428619,
        "min": 6.9962273819e-21,
        "var": 3.77164469683e-05
    },
    "spectral_energyband_low": {
        "dmean": 0.00622523436323,
        "dmean2": 0.00816599465907,
        "dvar": 0.000708794163074,
        "dvar2": 0.00148668698967,
        "max": 0.276076942682,
        "mean": 0.0090576056391,
        "median": 1.71561114257e-05,
        "min": 1.65869854014e-23,
        "var": 0.00113839365076
    },
    "spectral_energyband_middle_high": {
        "dmean": 0.000821332680061,
        "dmean2": 0.00131714483723,
        "dvar": 2.64181448983e-06,
        "dvar2": 5.95631172473e-06,
        "max": 0.0194327197969,
        "mean": 0.00254643778317,
        "median": 0.00215515657328,
        "min": 1.23204624344e-21,
        "var": 4.08190589951e-06
    },
    "spectral_energyband_middle_low": {
        "dmean": 0.00735299894586,
        "dmean2": 0.0131928538904,
        "dvar": 0.000849193660542,
        "dvar2": 0.00234879227355,
        "max": 0.355912327766,
        "mean": 0.0122773572803,
        "median": 0.00876087788492,
        "min": 1.65062745178e-22,
        "var": 0.00054085830925
    },
    "spectral_entropy": {
        "dmean": 0.195374280214,
        "dmean2": 0.255810916424,
        "dvar": 0.0967297106981,
        "dvar2": 0.162426874042,
        "max": 9.82344818115,
        "mean": 7.24314403534,
        "median": 7.04729413986,
        "min": 4.87395858765,
        "var": 0.427951812744
    },
    "spectral_flux": {
        "dmean": 0.0286727529019,
        "dmean2": 0.0368373468518,
        "dvar": 0.00347219104879,
        "dvar2": 0.00492912018672,
        "max": 0.617979168892,
        "mean": 0.0618350952864,
        "median": 0.0309393461794,
        "min": 6.32180349736e-11,
        "var": 0.00895137805492
    },
    "spectral_kurtosis": {
        "dmean": 3.21639823914,
        "dmean2": 5.39199829102,
        "dvar": 13.5090847015,
        "dvar2": 36.7032470703,
        "max": 56.8502845764,
        "mean": 6.68004274368,
        "median": 5.4354801178,
        "min": -1.26026630402,
        "var": 37.317440033
    },
    "spectral_rms": {
        "dmean": 0.000761825882364,
        "dmean2": 0.00108394632116,
        "dvar": 2.51322967415e-06,
        "dvar2": 4.37329799752e-06,
        "max": 0.020410604775,
        "mean": 0.00418300554156,
        "median": 0.00344711192884,
        "min": 3.12883746689e-12,
        "var": 7.18154933566e-06
    },
    "spectral_rolloff": {
        "dmean": 730.712646484,
        "dmean2": 1197.56384277,
        "dvar": 2166891,
        "dvar2": 4518895.5,
        "max": 19466.015625,
        "mean": 1861.63317871,
        "median": 1248.92578125,
        "min": 64.599609375,
        "var": 5156749.5
    },
    "spectral_skewness": {
        "dmean": 0.335446804762,
        "dmean2": 0.54070943594,
        "dvar": 0.116448260844,
        "dvar2": 0.291129142046,
        "max": 6.12418174744,
        "mean": 1.60533547401,
        "median": 1.52523493767,
        "min": -0.16313958168,
        "var": 0.448891162872
    },
    "spectral_spread": {
        "dmean": 645173.75,
        "dmean2": 866294.9375,
        "dvar": 1.24046684979e+12,
        "dvar2": 1.83940166451e+12,
        "max": 43791200,
        "mean": 4199394.5,
        "median": 2864288.25,
        "min": 1123941,
        "var": 1.54436747919e+13
    },
    "spectral_strongpeak": {
        "dmean": 0.191641747952,
        "dmean2": 0.325179904699,
        "dvar": 0.0821199938655,
        "dvar2": 0.224964216352,
        "max": 4.0905213356,
        "mean": 1.09769296646,
        "median": 1.22420608997,
        "min": 1.83247878677e-11,
        "var": 0.211144149303
    },
    "zerocrossingrate": {
        "dmean": 0.0119769750163,
        "dmean2": 0.0147288022563,
        "dvar": 0.000409740488976,
        "dvar2": 0.000595316989347,
        "max": 0.53271484375,
        "mean": 0.0528487227857,
        "median": 0.0380859375,
        "min": 0.00439453125,
        "var": 0.00283181713894
    },
    "barkbands": {
        "dmean": [0.000116959781735, 0.00336404237896, 0.00403377274051, 0.00176994223148, 0.00305260415189, 0.0015966828214, 0.00153719517402, 0.000588134105783, 0.000250568089541, 0.000155173969688, 9.93090652628e-05, 0.000133832683787, 0.000136910079163, 0.000140072981594, 7.14310153853e-05, 8.66795671755e-05, 5.19022469234e-05, 6.52414819342e-05, 0.000120929267723, 0.00021399227262, 0.000236854451941, 0.000297201593639, 0.000456651177956, 0.000408246240113, 0.000257551291725, 7.94286825112e-05, 1.75223267433e-05],
        "dmean2": [0.000202698356588, 0.00433203345165, 0.00712711038068, 0.00331402593292, 0.0056357672438, 0.00300919543952, 0.00284924264997, 0.000971841509454, 0.000418136798544, 0.000259540363913, 0.000163581877132, 0.000213926570723, 0.000228661767324, 0.000223245515372, 0.0001214810909, 0.000144938952872, 8.09848279459e-05, 0.000110059423605, 0.000202530427487, 0.000349699839717, 0.000399506883696, 0.000450951454695, 0.00074757199036, 0.000655589450616, 0.000402634672355, 0.000116228649858, 2.636665522e-05],
        "dvar": [1.53579989615e-07, 0.000196254841285, 0.000493723084219, 9.95996961137e-05, 0.000208883764572, 3.57880489901e-05, 1.90120135812e-05, 4.15520798924e-06, 5.29705914687e-07, 2.53719946386e-07, 1.1096863517e-07, 1.04668451684e-07, 7.30109661617e-08, 1.17776586706e-07, 3.38934675881e-08, 1.6522326618e-08, 1.47698528963e-08, 9.20420895056e-09, 8.00680410862e-08, 3.72693108375e-07, 3.87382272038e-07, 6.6272565391e-07, 2.21674940803e-06, 1.49730033172e-06, 7.18297371805e-07, 1.21695407529e-07, 6.3309615328e-09],
        "dvar2": [4.20053083872e-07, 0.000359646975994, 0.00132767099421, 0.000289889634587, 0.000598709564656, 0.000104819366243, 5.57434359507e-05, 1.17128283819e-05, 1.41717271163e-06, 6.67402503041e-07, 3.00208341741e-07, 2.72927991318e-07, 1.93560182993e-07, 2.81835724536e-07, 9.1105953004e-08, 4.47809220816e-08, 3.46432607046e-08, 2.33050645448e-08, 2.14253290665e-07, 8.16737610876e-07, 9.79285800895e-07, 1.40015015404e-06, 5.22991194885e-06, 3.19613991451e-06, 1.4113090856e-06, 2.4383510322e-07, 1.22213519305e-08],
        "max": [0.00338933197781, 0.139690428972, 0.192519009113, 0.105155393481, 0.210197716951, 0.0687255114317, 0.0666345432401, 0.0365097671747, 0.00831174664199, 0.00704346923158, 0.00930919032544, 0.00508271390572, 0.00432197377086, 0.00472412258387, 0.00381661439314, 0.0017643305473, 0.00208191783167, 0.00145681458525, 0.00220543262549, 0.00737194856629, 0.0048043676652, 0.0104179624468, 0.0170569047332, 0.0133628258482, 0.0110260592774, 0.00506334193051, 0.00110754778143],
        "mean": [0.000121404096717, 0.00576429441571, 0.00264236447401, 0.00105948769487, 0.00220651156269, 0.00250007305294, 0.00453291088343, 0.0014144750312, 0.000533573620487, 0.000253871374298, 0.000179164111614, 0.000403814105084, 0.000336028839229, 0.000296434824122, 0.000170363069628, 0.000213323524804, 0.000156383874128, 0.000144695077324, 0.000255065358942, 0.0003093330306, 0.000335328804795, 0.000325118773617, 0.000406761362683, 0.000373702991055, 0.000259283173364, 8.50358046591e-05, 1.71472456714e-05],
        "median": [1.97273607228e-07, 4.6249119805e-06, 5.19987770531e-06, 1.68161077454e-05, 0.000318100093864, 0.00110370235052, 0.00426787044853, 0.000657481024973, 0.000345551641658, 0.000150570165715, 4.97270812048e-05, 0.000353169394657, 0.000285619287752, 0.000175929584657, 0.000126404120238, 0.000157678863616, 0.00010731088696, 0.000111633584311, 0.000185211349162, 8.9211462182e-05, 0.000139772018883, 1.15978509712e-05, 2.05849937629e-06, 1.96102496375e-06, 1.08669667043e-06, 5.36043899046e-07, 2.20429882347e-07],
        "min": [1.2410892242e-25, 3.30060309935e-24, 7.7362371171e-25, 9.99194789772e-25, 6.79384839833e-24, 9.2518159167e-24, 7.83592418779e-24, 1.08744144463e-23, 8.09603529407e-24, 7.41299613498e-24, 1.98000300678e-23, 1.69771402279e-23, 2.43983176393e-23, 1.33101755302e-23, 4.28322536117e-23, 4.67230197259e-23, 6.58905284981e-23, 9.24706792068e-23, 1.13640651433e-22, 1.50053726134e-22, 2.62280145602e-22, 2.6034363723e-22, 4.19264904623e-22, 5.56659230764e-22, 9.15523340415e-22, 1.33184267628e-21, 1.81262070762e-21],
        "var": [1.45673269003e-07, 0.000395106995711, 0.000326952722389, 5.43628557352e-05, 0.000120647680887, 2.26580887102e-05, 1.7083628336e-05, 4.82655877931e-06, 5.63464141123e-07, 2.24790028369e-07, 1.28156727897e-07, 1.44329248997e-07, 8.21292687192e-08, 1.80689653462e-07, 3.81664300164e-08, 3.45005446434e-08, 3.05826084457e-08, 1.82623907108e-08, 8.67143725714e-08, 5.54623966309e-07, 3.82490782158e-07, 1.07109497094e-06, 2.2895571874e-06, 1.85510441497e-06, 1.01747093595e-06, 1.66891879871e-07, 8.09286060388e-09]
    },
    "erbbands": {
        "dmean": [0.076939702034, 0.942370653152, 4.17493915558, 5.44793796539, 7.43790483475, 11.0784454346, 11.1284542084, 14.2291164398, 23.0493011475, 15.0421514511, 10.9392318726, 5.72057723999, 4.58332014084, 4.72398424149, 4.53535652161, 4.80335950851, 5.87451934814, 7.11635923386, 5.12516784668, 2.91149783134, 4.89660167694, 2.67134952545, 3.81489729881, 3.39061832428, 9.58096313477, 9.52117443085, 8.1578836441, 10.2959184647, 11.4280529022, 14.2614994049, 11.9790153503, 9.86470317841, 5.81733226776, 3.7117087841, 1.54385352135, 0.465415537357, 0.131842285395, 0.0219358485192, 0.00308910664171, 0.00017338260659],
        "dmean2": [0.0848486274481, 1.30673074722, 7.00021648407, 9.89199066162, 13.5700902939, 20.8125953674, 20.7714958191, 26.8008232117, 42.792224884, 27.2164230347, 18.0753040314, 9.54491996765, 7.65184926987, 7.90607023239, 7.37244319916, 7.75595283508, 9.72605895996, 11.4377832413, 8.4621887207, 4.93517875671, 8.01830291748, 4.16523361206, 6.4952378273, 5.03004360199, 16.7564430237, 15.14366436, 13.6692667007, 17.0438709259, 17.3727931976, 24.0667114258, 19.0868034363, 15.5958251953, 9.281665802, 6.16489696503, 2.29394960403, 0.684777021408, 0.195223331451, 0.032701510936, 0.0046637551859, 0.000259120803094],
        "dvar": [0.071488365531, 16.8864097595, 472.388763428, 921.325927734, 1295.98352051, 2897.61035156, 2544.34375, 2395.45043945, 3703.43164062, 3012.91113281, 1562.73486328, 284.659454346, 175.96421814, 190.418655396, 142.334625244, 148.030212402, 131.235076904, 322.39630127, 177.9765625, 46.1610183716, 60.4510269165, 30.5157928467, 30.0909481049, 49.6904373169, 664.07232666, 827.115905762, 460.367492676, 697.553527832, 957.280273438, 1632.34448242, 2294.44311523, 934.605285645, 314.667663574, 124.333007812, 36.8287239075, 3.90290331841, 0.360304355621, 0.00993985682726, 0.000207283097552, 6.29550470421e-07],
        "dvar2": [0.119830779731, 32.471370697, 1198.53234863, 2591.36816406, 3693.05444336, 8380.828125, 7443.29833984, 7031.47363281, 10876.4042969, 8783.06445312, 4354.13183594, 770.242919922, 459.963989258, 498.059753418, 383.251159668, 385.52053833, 347.443023682, 762.036865234, 467.113220215, 121.598220825, 155.193145752, 67.7441635132, 80.6120986938, 99.2845840454, 1784.6817627, 1730.7286377, 1163.359375, 1715.50817871, 2086.9050293, 4255.35107422, 5334.60498047, 1972.75817871, 656.137756348, 270.427490234, 73.1968078613, 8.22718048096, 0.679775357246, 0.0178717169911, 0.000410989043303, 1.27282999074e-06],
        "max": [3.74109983444, 38.7036323547, 195.061157227, 279.834716797, 533.881530762, 794.211181641, 628.514343262, 591.326049805, 1021.42437744, 1057.19848633, 728.139526367, 205.900115967, 174.70791626, 226.345153809, 305.237731934, 239.283493042, 197.056335449, 265.623687744, 248.723480225, 233.280151367, 119.142448425, 91.4669570923, 82.1396560669, 118.987442017, 189.210296631, 415.702026367, 191.362762451, 200.627960205, 400.008483887, 270.371673584, 623.84967041, 377.508605957, 217.128555298, 114.040893555, 85.155708313, 28.6429595947, 8.6966753006, 1.32597243786, 0.201639994979, 0.0114390961826],
        "mean": [0.158379241824, 1.31714868546, 3.08009505272, 3.40724182129, 4.87147903442, 7.48157405853, 11.4296035767, 25.4405879974, 68.8498382568, 37.3809738159, 28.1478157043, 11.5925998688, 9.16964244843, 8.24323272705, 10.1374359131, 16.5282802582, 16.0458545685, 15.8450622559, 11.9070520401, 8.10621452332, 12.137544632, 8.490691185, 9.58316516876, 9.83743667603, 14.0288829803, 15.1337442398, 12.8402070999, 12.8524503708, 12.7071771622, 12.061589241, 11.3984394073, 9.23138809204, 5.39087486267, 3.46556568146, 1.57694852352, 0.499486774206, 0.139639407396, 0.0223156940192, 0.00303396442905, 0.000190188438864],
        "median": [6.90012748237e-05, 0.0013399500167, 0.00693012867123, 0.0370694771409, 0.258899360895, 0.965050280094, 3.43099570274, 17.7384128571, 57.5384597778, 23.9954013824, 12.1556835175, 7.7010345459, 6.26282453537, 4.96529102325, 5.90411186218, 14.8662862778, 13.9737510681, 9.52565860748, 8.47023296356, 6.69487094879, 8.40470123291, 6.7859954834, 8.04519462585, 6.34034156799, 8.25489139557, 4.3254570961, 5.644282341, 2.29303216934, 0.6828302145, 0.126766726375, 0.0601727366447, 0.0510973781347, 0.023279491812, 0.0112362513319, 0.00585108995438, 0.00286151934415, 0.000697471667081, 0.000239671076997, 4.16125294578e-05, 1.83387637662e-05],
        "min": [7.2418232582e-23, 6.4113106234e-22, 1.41860960084e-21, 8.78009003269e-21, 8.56416196549e-21, 2.65363094799e-20, 7.16542879179e-20, 4.69782947109e-20, 7.54172488466e-20, 1.72400724774e-19, 3.0366774809e-19, 2.2418566909e-19, 2.3201821646e-19, 5.44835073264e-19, 8.06118164314e-19, 7.01999234552e-19, 1.41539763833e-18, 1.23647712767e-18, 2.42580764876e-18, 2.96209448247e-18, 4.51135000305e-18, 5.06941898383e-18, 5.73468519533e-18, 5.32531888685e-18, 7.30436794113e-18, 6.68093597552e-18, 9.40712061525e-18, 1.05428437322e-17, 8.96263097719e-18, 1.10183617422e-17, 1.19015242842e-17, 1.00821777501e-17, 9.11334907506e-18, 7.67951999152e-18, 6.22388187755e-18, 3.95009761767e-18, 2.08983728282e-18, 9.85037175713e-19, 2.36295619107e-19, 2.71031899246e-20],
        "var": [0.233158811927, 26.0537872314, 361.352539062, 550.70324707, 759.297973633, 1616.87475586, 1424.62341309, 1530.3260498, 3834.36767578, 2370.53271484, 1959.74584961, 279.189208984, 164.403121948, 176.528594971, 180.687957764, 206.892333984, 158.593109131, 496.758636475, 205.783050537, 58.3846893311, 138.460357666, 63.1527671814, 63.3219146729, 126.765205383, 547.038085938, 1396.79077148, 476.276062012, 732.311523438, 1533.56103516, 1416.67932129, 2453.24755859, 1200.9597168, 396.742218018, 151.130371094, 51.1550292969, 5.16972351074, 0.505097806454, 0.013619305566, 0.000259261403698, 8.00066743523e-07]
    },
    "gfcc": {
        "mean": [-56.2944717407, 78.7904281616, -160.619171143, 0.748430132866, -79.2534713745, -25.8877792358, -44.4669151306, -6.72771978378, -19.1483078003, 13.4582338333, -0.695980727673, 0.503885924816, -7.90627336502],
        "cov": [[17382.9199219, -1684.90026855, 922.80871582, 1272.28845215, -892.481872559, 1080.21655273, -438.329925537, 547.339111328, -217.929412842, 344.099456787, -195.691253662, 153.520599365, -301.982635498], [-1684.90026855, 2474.11743164, -884.519714355, -97.9383773804, 595.078369141, -531.895935059, 333.656463623, -86.1490020752, 176.255783081, -70.9286651611, 165.989654541, -160.448196411, 88.7251052856], [922.80871582, -884.519714355, 1855.19750977, 656.799987793, 297.747039795, 979.76159668, 124.765602112, 373.66595459, 173.610137939, 114.104515076, 25.9945106506, 149.311630249, -79.6683807373], [1272.28845215, -97.9383773804, 656.799987793, 624.566345215, 234.186981201, 345.799468994, 253.939117432, 218.47013855, 109.042724609, 119.277275085, 3.58955359459, 33.4143638611, 6.67604255676], [-892.481872559, 595.078369141, 297.747039795, 234.186981201, 489.716064453, 130.048965454, 250.530502319, 144.543685913, 156.378829956, 48.564666748, 117.879447937, -3.21799373627, 26.3041343689], [1080.21655273, -531.895935059, 979.76159668, 345.799468994, 130.048965454, 695.177062988, 88.754737854, 252.582397461, 148.296112061, 113.63860321, 46.8642997742, 134.153930664, -23.6954593658], [-438.329925537, 333.656463623, 124.765602112, 253.939117432, 250.530502319, 88.754737854, 388.294616699, 150.36579895, 162.781295776, 108.310150146, 20.6844482422, -17.3238124847, 79.6521911621], [547.339111328, -86.1490020752, 373.66595459, 218.47013855, 144.543685913, 252.582397461, 150.36579895, 261.781646729, 141.293121338, 114.810424805, 47.8864593506, 8.32785701752, -6.1810708046], [-217.929412842, 176.255783081, 173.610137939, 109.042724609, 156.378829956, 148.296112061, 162.781295776, 141.293121338, 211.578964233, 117.701797485, 65.3582458496, 13.4159851074, -0.87237739563], [344.099456787, -70.9286651611, 114.104515076, 119.277275085, 48.564666748, 113.63860321, 108.310150146, 114.810424805, 117.701797485, 155.159744263, 60.6855506897, 38.2654190063, 12.081741333], [-195.691253662, 165.989654541, 25.9945106506, 3.58955359459, 117.879447937, 46.8642997742, 20.6844482422, 47.8864593506, 65.3582458496, 60.6855506897, 159.417938232, 79.953666687, 17.1913928986], [153.520599365, -160.448196411, 149.311630249, 33.4143638611, -3.21799373627, 134.153930664, -17.3238124847, 8.32785701752, 13.4159851074, 38.2654190063, 79.953666687, 149.509094238, 37.6373634338], [-301.982635498, 88.7251052856, -79.6683807373, 6.67604255676, 26.3041343689, -23.6954593658, 79.6521911621, -6.1810708046, -0.87237739563, 12.081741333, 17.1913928986, 37.6373634338, 95.9009094238]],
        "icov": [[0.00021720129007, -0.000288677256322, 0.000395821552956, -0.000751005951315, 0.000673675967846, -0.000720215262845, 0.000501584203448, -0.000683051650412, 0.000877420068718, -0.000630611611996, 0.000308212620439, -0.000246011506533, 0.00063749687979], [-0.000288677256322, 0.00196021213196, 0.000500217138324, 0.000462238269392, -0.00260984175839, 0.000917332072277, -0.000789132725913, 0.00176061701495, -0.00306070246734, 0.00293516810052, -0.00173072842881, 0.00150620588101, -0.00130627665203], [0.000395821552956, 0.000500217138324, 0.00453501613811, -0.00284002628177, -0.00124262447935, -0.00494875432923, 0.0016569258878, -0.00123568659183, 0.000921549857594, 0.00076822086703, 0.0011965240119, -0.000598337966949, 0.00234290701337], [-0.000751005951315, 0.000462238269392, -0.00284002628177, 0.00722360284999, -0.00291666435078, 0.00275169871747, -0.00410762010142, 0.00117769360077, 0.000426408631029, -0.00124354287982, 0.00118592975195, -0.000834944366943, -0.000411584536778], [0.000673675967846, -0.00260984175839, -0.00124262447935, -0.00291666435078, 0.0107936384156, -0.00122058542911, -0.00154866999947, -0.00255630724132, 0.00222624675371, 0.000699785829056, -0.00497666094452, 0.00152194174007, 0.00179296289571], [-0.000720215262845, 0.000917332072277, -0.00494875432923, 0.00275169871747, -0.00122058542911, 0.0107531715184, -0.00145838258322, -0.000476193672512, -0.00518906721845, 0.00229911389761, 0.000191626095329, -0.00341847888194, -0.00227652397007], [0.000501584203448, -0.000789132725913, 0.0016569258878, -0.00410762010142, -0.00154866999947, -0.00145838258322, 0.0115591790527, -0.00269666337408, -0.00246207718737, -0.00379936816171, 0.00484704226255, 0.000905329128727, -0.00650605373085], [-0.000683051650412, 0.00176061701495, -0.00123568659183, 0.00117769360077, -0.00255630724132, -0.000476193672512, -0.00269666337408, 0.0136201502755, -0.00537726841867, -0.000116760907986, -0.0050653940998, 0.00683856010437, -0.00299718324095], [0.000877420068718, -0.00306070246734, 0.000921549857594, 0.000426408631029, 0.00222624675371, -0.00518906721845, -0.00246207718737, -0.00537726841867, 0.0210963767022, -0.012520137243, 0.00242681964301, -0.00260757980868, 0.00849361345172], [-0.000630611611996, 0.00293516810052, 0.00076822086703, -0.00124354287982, 0.000699785829056, 0.00229911389761, -0.00379936816171, -0.000116760907986, -0.012520137243, 0.0231714211404, -0.00864836107939, 0.00125558511354, -0.00242779054679], [0.000308212620439, -0.00173072842881, 0.0011965240119, 0.00118592975195, -0.00497666094452, 0.000191626095329, 0.00484704226255, -0.0050653940998, 0.00242681964301, -0.00864836107939, 0.0213709063828, -0.0132647557184, 0.00302980723791], [-0.000246011506533, 0.00150620588101, -0.000598337966949, -0.000834944366943, 0.00152194174007, -0.00341847888194, 0.000905329128727, 0.00683856010437, -0.00260757980868, 0.00125558511354, -0.0132647557184, 0.0218282938004, -0.0105511602014], [0.00063749687979, -0.00130627665203, 0.00234290701337, -0.000411584536778, 0.00179296289571, -0.00227652397007, -0.00650605373085, -0.00299718324095, 0.00849361345172, -0.00242779054679, 0.00302980723791, -0.0105511602014, 0.0237555485219]]
    },
    "melbands": {
        "dmean": [0.000766873941757, 0.00176592508797, 0.000986931961961, 0.000656585441902, 0.000428847211879, 0.000316525314702, 0.000342067622114, 0.000156526104547, 7.7282791608e-05, 3.57779063052e-05, 2.35306069953e-05, 2.05457490665e-05, 1.49567631524e-05, 1.65472483786e-05, 9.35930438573e-06, 1.68253045558e-05, 1.32885852508e-05, 9.33523006097e-06, 4.4104904191e-06, 5.09324718223e-06, 5.71721466258e-06, 2.76971150015e-06, 3.79190737476e-06, 3.20579420077e-06, 2.69253041552e-06, 5.20615776622e-06, 9.26237680687e-06, 5.80086862101e-06, 4.40029361926e-06, 6.59056922814e-06, 5.57889325137e-06, 7.06415949026e-06, 5.62917739444e-06, 8.36961226014e-06, 6.75871478961e-06, 6.06560752203e-06, 6.02003819949e-06, 3.98543625124e-06, 3.64333141079e-06, 2.99635394185e-06],
        "dmean2": [0.000847686489578, 0.00267836940475, 0.00175680906978, 0.00121837854385, 0.000799885310698, 0.000594732584432, 0.000637558579911, 0.000277789629763, 0.000128415078507, 5.96272329858e-05, 3.92460678995e-05, 3.43095816788e-05, 2.45384489972e-05, 2.65314192802e-05, 1.53997571033e-05, 2.7688103728e-05, 2.11214337469e-05, 1.52984830493e-05, 7.48330103306e-06, 8.62871911522e-06, 9.2298932941e-06, 4.29934834756e-06, 6.31584089206e-06, 5.44447357242e-06, 3.8995185605e-06, 8.97967947822e-06, 1.5856598111e-05, 9.02952251636e-06, 7.30233023205e-06, 1.12820771392e-05, 9.08497167984e-06, 1.08905715024e-05, 8.80838979356e-06, 1.44475197885e-05, 1.08869153337e-05, 9.3325134003e-06, 9.72169709712e-06, 6.3223574216e-06, 6.03544276601e-06, 4.98818917549e-06],
        "dvar": [7.68916106608e-06, 7.11682441761e-05, 2.58339787251e-05, 1.01882269519e-05, 3.74867363462e-06, 1.23346558212e-06, 8.49999366892e-07, 3.19280104577e-07, 7.8825877381e-08, 1.1021589863e-08, 4.8447237333e-09, 3.87487997244e-09, 2.26844409923e-09, 1.69064806599e-09, 2.53724874444e-10, 1.36861622035e-09, 1.20212806376e-09, 6.41753261643e-10, 8.55719106685e-11, 7.65159463567e-11, 1.00219846311e-10, 4.30665711426e-11, 3.63721691654e-11, 2.50422391157e-11, 3.56100461618e-11, 1.50825199552e-10, 7.37431615772e-10, 2.90796414726e-10, 1.13173304062e-10, 3.33482019776e-10, 2.05313960278e-10, 3.46581652266e-10, 2.64292532304e-10, 5.93688209705e-10, 8.25373602797e-10, 5.51348355859e-10, 3.05087177743e-10, 1.5672432796e-10, 1.13918666167e-10, 8.37045918689e-11],
        "dvar2": [1.17934614536e-05, 0.000161797303008, 7.12754554115e-05, 2.92411405098e-05, 1.09170950964e-05, 3.61867728316e-06, 2.49853678724e-06, 9.26232814891e-07, 2.19383508693e-07, 2.93776274418e-08, 1.26967121261e-08, 1.01290682508e-08, 6.12381700904e-09, 4.40791936285e-09, 6.58597676395e-10, 3.59323748533e-09, 2.73721179056e-09, 1.68306169002e-09, 2.34213565209e-10, 2.03808941945e-10, 2.36961533728e-10, 1.06409540901e-10, 9.06195604666e-11, 6.51143444719e-11, 7.0994758683e-11, 4.16874007536e-10, 1.7978335487e-09, 6.16944328957e-10, 2.74070321993e-10, 8.90474249893e-10, 4.71481076403e-10, 7.95306986934e-10, 5.48328660255e-10, 1.59549495837e-09, 1.95534810565e-09, 1.16013287865e-09, 6.78886002969e-10, 3.31982719093e-10, 2.48845055673e-10, 1.8003203095e-10],
        "max": [0.0335383452475, 0.080812484026, 0.0511761084199, 0.048228200525, 0.0261219851673, 0.0138051640242, 0.0147381508723, 0.0112320771441, 0.00489416625351, 0.00138446176425, 0.000885312852915, 0.00101437291596, 0.00136948074214, 0.000689548207447, 0.000264552480076, 0.000566865375731, 0.000460128823761, 0.000423604593379, 0.000217493172386, 0.000212170183659, 0.000166947749676, 0.000112511879706, 0.000126715822262, 7.83065479482e-05, 0.000106592015072, 0.000109583299491, 0.000268063158728, 0.000272220466286, 0.000146776568727, 0.000118825271784, 0.000145440732013, 0.000208553319681, 0.000219678506255, 0.000141868848004, 0.000380199635401, 0.000313984201057, 0.000195468703168, 0.000169190316228, 0.000105787774373, 9.81728007901e-05],
        "mean": [0.00152075488586, 0.00169863749761, 0.00064833695069, 0.000430262094596, 0.000406860664953, 0.000617900455836, 0.00100224872585, 0.000393114722101, 0.000192312392755, 7.19699964975e-05, 4.59198890894e-05, 3.44954860338e-05, 2.98262075376e-05, 4.46099147666e-05, 3.65028063243e-05, 3.73596412828e-05, 2.77310373349e-05, 1.98380112124e-05, 1.15461616588e-05, 1.21729490274e-05, 1.36677081173e-05, 7.51266361476e-06, 1.11962917799e-05, 6.49422963761e-06, 7.75105036155e-06, 1.08327649286e-05, 1.00282732092e-05, 9.91509568848e-06, 9.23012066778e-06, 6.3697857513e-06, 7.45099441701e-06, 7.39252527637e-06, 6.17842124484e-06, 6.64020626573e-06, 6.45080763206e-06, 5.96108293394e-06, 5.46723595107e-06, 3.67294137504e-06, 3.35862637257e-06, 2.7964426863e-06],
        "median": [1.1648534155e-06, 3.20600793202e-06, 1.22885539895e-05, 3.55934898835e-05, 0.000108323729364, 0.000484427815536, 0.000928998575546, 0.000198766269023, 8.13369842945e-05, 4.94941887155e-05, 3.1032555853e-05, 2.18459554162e-05, 1.26501754494e-05, 3.6538382119e-05, 3.36765369866e-05, 2.95442896459e-05, 1.53468608914e-05, 1.33934418045e-05, 8.60614636622e-06, 9.70535347733e-06, 8.96558140084e-06, 5.67096094528e-06, 8.9472387117e-06, 4.88708974444e-06, 4.33648710896e-06, 8.37336483528e-06, 1.46603917983e-06, 1.48819879087e-06, 5.13270151714e-06, 5.76953254949e-07, 1.29151658257e-06, 3.1476358231e-07, 6.87820929102e-08, 3.95113275431e-08, 3.10749044274e-08, 2.51398368789e-08, 2.25132836817e-08, 1.59440851633e-08, 8.21923240579e-09, 7.32208338405e-09],
        "min": [1.06808591402e-24, 9.36212628138e-25, 1.42375548884e-24, 1.04374097623e-24, 2.71441298523e-24, 1.24172297533e-24, 1.30964508257e-24, 2.33770015134e-24, 2.39190968667e-24, 1.20586234466e-24, 1.04122687652e-24, 1.86425936261e-24, 2.50109986887e-24, 1.78469780994e-24, 1.90077435341e-24, 2.73547281039e-24, 1.75660607868e-24, 2.992642846e-24, 3.1294603176e-24, 2.74902977948e-24, 3.89851982803e-24, 3.6569493196e-24, 4.41537321009e-24, 3.88247597494e-24, 3.49908168639e-24, 4.39098794179e-24, 5.25166240508e-24, 3.62549033556e-24, 3.99436840016e-24, 5.83170827882e-24, 4.51586067878e-24, 5.0708515413e-24, 4.29127947324e-24, 5.66735502567e-24, 6.17657105088e-24, 4.94468743901e-24, 5.90287220994e-24, 6.04111298383e-24, 5.81515206057e-24, 6.23106753436e-24],
        "var": [2.29737706832e-05, 7.22933036741e-05, 1.61993048096e-05, 5.82845268582e-06, 2.10472785511e-06, 8.12676660189e-07, 7.61796229654e-07, 2.85590544991e-07, 9.93655504544e-08, 1.07179065623e-08, 4.46780834551e-09, 3.52146023452e-09, 2.7681887893e-09, 2.14916462404e-09, 7.23143878112e-10, 1.44795597734e-09, 1.97002081315e-09, 7.17771897474e-10, 1.23220003645e-10, 1.15661272226e-10, 2.24751980915e-10, 6.75618380686e-11, 1.0204476153e-10, 4.17987727763e-11, 9.72481331574e-11, 1.48320883353e-10, 8.12150013907e-10, 5.19892462414e-10, 1.60954888306e-10, 2.55161586304e-10, 2.55392873516e-10, 4.74959238606e-10, 4.57472421056e-10, 4.41249481398e-10, 8.49961823146e-10, 6.76260270005e-10, 3.69614366891e-10, 1.94630880856e-10, 1.32494140659e-10, 1.04163504211e-10]
    },
    "mfcc": {
        "mean": [-684.884094238, 119.2862854, -38.0323524475, 9.28915309906, -24.3287677765, -19.200340271, -20.799074173, -23.9356422424, -17.821849823, -5.64531993866, -0.623281419277, 9.15783023834, 2.06669163704],
        "cov": [[7821.39697266, -1631.71142578, 1774.66345215, 374.262329102, 344.924621582, 499.135650635, 282.084197998, 343.408752441, 248.997238159, 216.116119385, 157.894592285, 54.7366790771, 85.2543106079], [-1631.71142578, 2298.40112305, -1123.6114502, 316.350830078, -3.77695012093, -185.34375, -12.0930347443, -52.5284385681, -55.3378639221, 42.3957672119, 32.6569404602, 135.132736206, -19.6665534973], [1774.66345215, -1123.6114502, 1546.35791016, 9.19361019135, 456.187683105, 517.476196289, 255.967437744, 384.43069458, 221.75453186, 183.461395264, 174.58190918, 31.9049472809, 164.125976562], [374.262329102, 316.350830078, 9.19361019135, 438.836456299, 110.068344116, 88.9315872192, 165.618499756, 73.3831634521, 159.229537964, 108.066337585, 86.4685440063, 107.941947937, -11.6870985031], [344.924621582, -3.77695012093, 456.187683105, 110.068344116, 396.535461426, 209.098495483, 149.502990723, 206.59552002, 44.380821228, 121.116386414, 89.8030471802, 77.8077545166, 151.064041138], [499.135650635, -185.34375, 517.476196289, 88.9315872192, 209.098495483, 327.02645874, 144.578125, 195.211578369, 127.867843628, 67.5479888916, 109.510009766, 61.0365066528, 110.306495667], [282.084197998, -12.0930347443, 255.967437744, 165.618499756, 149.502990723, 144.578125, 232.913192749, 150.58001709, 142.522506714, 117.800582886, 64.2700576782, 67.3496780396, 51.2879066467], [343.408752441, -52.5284385681, 384.43069458, 73.3831634521, 206.59552002, 195.211578369, 150.58001709, 235.784606934, 117.024719238, 112.849967957, 98.7006149292, 55.2578010559, 101.975860596], [248.997238159, -55.3378639221, 221.75453186, 159.229537964, 44.380821228, 127.867843628, 142.522506714, 117.024719238, 268.970397949, 161.925094604, 140.689346313, 60.6590423584, -43.7454872131], [216.116119385, 42.3957672119, 183.461395264, 108.066337585, 121.116386414, 67.5479888916, 117.800582886, 112.849967957, 161.925094604, 242.495651245, 141.183364868, 74.1558990479, -6.04401922226], [157.894592285, 32.6569404602, 174.58190918, 86.4685440063, 89.8030471802, 109.510009766, 64.2700576782, 98.7006149292, 140.689346313, 141.183364868, 200.283737183, 97.5022888184, 39.8683776855], [54.7366790771, 135.132736206, 31.9049472809, 107.941947937, 77.8077545166, 61.0365066528, 67.3496780396, 55.2578010559, 60.6590423584, 74.1558990479, 97.5022888184, 183.057327271, 71.4492492676], [85.2543106079, -19.6665534973, 164.125976562, -11.6870985031, 151.064041138, 110.306495667, 51.2879066467, 101.975860596, -43.7454872131, -6.04401922226, 39.8683776855, 71.4492492676, 219.149047852]],
