{
"lowlevel": {
    "average_loudness": 0.739091336727,
    "barkbands_crest": {
        "dmean": 1.83729064465,
        "dmean2": 3.07553529739,
        "dvar": 3.74138236046,
        "dvar2": 10.672123909,
        "max": 25.548740387,
        "mean": 12.3216753006,
        "median": 11.5100746155,
        "min": 3.23888063431,
        "var": 17.14453125
    },
    "barkbands_flatness_db": {
        "dmean": 0.0170319210738,
        "dmean2": 0.0288140010089,
        "dvar": 0.00028877085424,
        "dvar2": 0.000796043954324,
        "max": 0.5409719944,
        "mean": 0.381050467491,
        "median": 0.38467040658,
        "min": 0.0570331998169,
        "var": 0.0027284079697
    },
    "barkbands_kurtosis": {
        "dmean": 1.53332650661,
        "dmean2": 2.48834705353,
        "dvar": 10.9040241241,
        "dvar2": 28.2038993835,
        "max": 166.283996582,
        "mean": 4.04028701782,
        "median": 2.75123095512,
        "min": -1.91541206837,
        "var": 29.5631523132
    },
    "barkbands_skewness": {
        "dmean": 0.309211015701,
        "dmean2": 0.498781234026,
        "dvar": 0.144155368209,
        "dvar2": 0.363141804934,
        "max": 12.2978973389,
        "mean": 1.04960024357,
        "median": 0.920515537262,
        "min": -2.67273926735,
        "var": 0.994047045708
    },
    "barkbands_spread": {
        "dmean": 0.855006217957,
        "dmean2": 1.40963280201,
        "dvar": 12.2055749893,
        "dvar2": 33.0908966064,
        "max": 152.822387695,
        "mean": 4.48981237411,
        "median": 3.4211935997,
        "min": 0.473099678755,
        "var": 62.0489768982
    },
    "dissonance": {
        "dmean": 0.0366023667157,
        "dmean2": 0.0631786361337,
        "dvar": 0.00114276527893,
        "dvar2": 0.0032625105232,
        "max": 0.500000059605,
        "mean": 0.372465699911,
        "median": 0.374201774597,
        "min": 0.170420050621,
        "var": 0.00369172892533
    },
    "dynamic_complexity": 5.3258228302,
    "erbbands_crest": {
        "dmean": 1.84012460709,
        "dmean2": 3.05582857132,
        "dvar": 3.99674153328,
        "dvar2": 11.5907430649,
        "max": 29.5916519165,
        "mean": 13.4674329758,
        "median": 12.8257598877,
        "min": 2.23652172089,
        "var": 20.772064209
    },
    "erbbands_flatness_db": {
        "dmean": 0.0120822284371,
        "dmean2": 0.0204402115196,
        "dvar": 0.000152002001414,
        "dvar2": 0.000410570559325,
        "max": 0.526249110699,
        "mean": 0.403038948774,
        "median": 0.409448385239,
        "min": 0.0213753115386,
        "var": 0.00323395547457
    },
    "erbbands_kurtosis": {
        "dmean": 0.831342339516,
        "dmean2": 1.30657505989,
        "dvar": 1.14196717739,
        "dvar2": 2.77191567421,
        "max": 42.3921394348,
        "mean": 2.3274064064,
        "median": 1.63341331482,
        "min": -1.52484989166,
        "var": 8.21702384949
    },
    "erbbands_skewness": {
        "dmean": 0.222236827016,
        "dmean2": 0.353297054768,
        "dvar": 0.0531569458544,
        "dvar2": 0.141236200929,
        "max": 5.11499547958,
        "mean": 0.988299250603,
        "median": 0.98783236742,
        "min": -1.22296869755,
        "var": 0.443968236446
    },
    "erbbands_spread": {
        "dmean": 1.10201013088,
        "dmean2": 1.78269374371,
        "dvar": 3.84482455254,
        "dvar2": 10.1380147934,
        "max": 141.43258667,
        "mean": 8.99680519104,
        "median": 7.66518211365,
        "min": 1.15730452538,
        "var": 58.1418571472
    },
    "hfc": {
        "dmean": 1.69918739796,
        "dmean2": 2.4087536335,
        "dvar": 19.8035697937,
        "dvar2": 36.1665039062,
        "max": 76.772354126,
        "mean": 6.42710590363,
        "median": 3.65062379837,
        "min": 1.07778794932e-16,
        "var": 68.0072937012
    },
    "melbands_crest": {
        "dmean": 2.09494066238,
        "dmean2": 3.45085835457,
        "dvar": 4.82058000565,
        "dvar2": 13.1258144379,
        "max": 39.3389816284,
        "mean": 14.7621917725,
        "median": 13.7473526001,
        "min": 1.68731999397,
        "var": 26.6809463501
    },
    "melbands_flatness_db": {
        "dmean": 0.0185562856495,
        "dmean2": 0.0311423372477,
        "dvar": 0.000350625370629,
        "dvar2": 0.000947231077589,
        "max": 0.664712309837,
        "mean": 0.493107229471,
        "median": 0.500842869282,
        "min": 0.00372896180488,
        "var": 0.00483778165653
    },
    "melbands_kurtosis": {
        "dmean": 2.14596247673,
        "dmean2": 3.57159972191,
        "dvar": 253.290298462,
        "dvar2": 824.723144531,
        "max": 1133.16223145,
        "mean": 5.26414585114,
        "median": 3.02881288528,
        "min": -1.41380381584,
        "var": 284.111846924
    },
    "melbands_skewness": {
        "dmean": 0.302604585886,
        "dmean2": 0.487765967846,
        "dvar": 0.237689480186,
        "dvar2": 0.669820070267,
        "max": 30.9745922089,
        "mean": 1.18572735786,
        "median": 0.998724281788,
        "min": -1.44239842892,
        "var": 1.27661716938
    },
    "melbands_spread": {
        "dmean": 1.06093668938,
        "dmean2": 1.74514365196,
        "dvar": 6.75441789627,
        "dvar2": 17.3499965668,
        "max": 159.516952515,
        "mean": 6.95287275314,
        "median": 5.23260831833,
        "min": 0.669528663158,
        "var": 176.361358643
    },
    "pitch_salience": {
        "dmean": 0.0452782958746,
        "dmean2": 0.0751536563039,
        "dvar": 0.00215431582183,
        "dvar2": 0.00565167563036,
        "max": 0.823278784752,
        "mean": 0.561198472977,
        "median": 0.566803634167,
        "min": 0.0580593161285,
        "var": 0.0109964795411
    },
    "silence_rate_20dB": {
        "dmean": 0,
        "dmean2": 0,
        "dvar": 0,
        "dvar2": 0,
        "max": 1,
        "mean": 1,
        "median": 1,
        "min": 1,
        "var": 0
    },
    "silence_rate_30dB": {
        "dmean": 0.00615207152441,
        "dmean2": 0.0123053258285,
        "dvar": 0.00611438741907,
        "dvar2": 0.0161921214312,
        "max": 1,
        "mean": 0.995770871639,
        "median": 1,
        "min": 0,
        "var": 0.00421136431396
    },
    "silence_rate_60dB": {
        "dmean": 0.0253772959113,
        "dmean2": 0.0507594682276,
        "dvar": 0.0247307643294,
        "dvar2": 0.0560576096177,
        "max": 1,
        "mean": 0.245386391878,
        "median": 0,
        "min": 0,
        "var": 0.185163155198
    },
    "spectral_centroid": {
        "dmean": 29.210149765,
        "dmean2": 46.6511802673,
        "dvar": 19969.2753906,
        "dvar2": 32545.4863281,
        "max": 11891.7675781,
        "mean": 551.321228027,
        "median": 434.930511475,
        "min": 264.487701416,
        "var": 975658
    },
    "spectral_complexity": {
        "dmean": 1.01586079597,
        "dmean2": 1.6716016531,
        "dvar": 1.39177536964,
        "dvar2": 2.72410440445,
        "max": 22,
        "mean": 8.49375247955,
        "median": 8,
        "min": 0,
        "var": 13.5624027252
    },
    "spectral_decrease": {
        "dmean": 1.07847375475e-09,
        "dmean2": 1.56983470667e-09,
        "dvar": 7.47860609254e-18,
        "dvar2": 1.40971478345e-17,
        "max": 5.01056020288e-17,
        "mean": -3.84583964674e-09,
        "median": -2.1966757302e-09,
        "min": -4.86325220095e-08,
        "var": 2.39852119374e-17
    },
    "spectral_energy": {
        "dmean": 0.00422211177647,
        "dmean2": 0.00614002067596,
        "dvar": 0.000114923015644,
        "dvar2": 0.000216319793253,
        "max": 0.190513759851,
        "mean": 0.0150980642065,
        "median": 0.00862266402692,
        "min": 9.9399095348e-21,
        "var": 0.000369638961274
    },
    "spectral_energyband_high": {
        "dmean": 6.40399804297e-08,
        "dmean2": 9.59099111242e-08,
        "dvar": 9.95300033797e-14,
        "dvar2": 2.52034423063e-13,
        "max": 1.02422636701e-05,
        "mean": 1.30968103917e-07,
        "median": 1.70313079195e-08,
        "min": 6.97414472916e-21,
        "var": 1.47790213769e-13
    },
    "spectral_energyband_low": {
        "dmean": 0.000209622667171,
        "dmean2": 0.00031807256164,
        "dvar": 1.91538504168e-07,
        "dvar2": 4.59006173514e-07,
        "max": 0.0109487883747,
        "mean": 0.000706533144694,
        "median": 0.000265568029135,
        "min": 1.70173169138e-23,
        "var": 9.55439759309e-07
    },
    "spectral_energyband_middle_high": {
        "dmean": 0.000209468591493,
        "dmean2": 0.000274505699053,
        "dvar": 3.59932499805e-07,
        "dvar2": 6.78151877764e-07,
        "max": 0.0147796627134,
        "mean": 0.000825332361273,
        "median": 0.000401169003453,
        "min": 1.15448745872e-21,
        "var": 1.29890372591e-06
    },
    "spectral_energyband_middle_low": {
        "dmean": 0.00408430118114,
        "dmean2": 0.00600570859388,
        "dvar": 0.000107574553112,
        "dvar2": 0.000205606702366,
        "max": 0.181435406208,
        "mean": 0.0137122208253,
        "median": 0.00730074383318,
        "min": 1.9390440864e-22,
        "var": 0.000333505886374
    },
    "spectral_entropy": {
        "dmean": 0.109481029212,
        "dmean2": 0.179531991482,
        "dvar": 0.0200054552406,
        "dvar2": 0.0512579716742,
        "max": 9.83576202393,
        "mean": 5.58566665649,
        "median": 5.51981449127,
        "min": 4.31351804733,
        "var": 0.334925830364
    },
    "spectral_flux": {
        "dmean": 0.0127670420334,
        "dmean2": 0.0209684111178,
        "dvar": 0.000700636999682,
        "dvar2": 0.00180491164792,
        "max": 0.321687459946,
        "mean": 0.0300486739725,
        "median": 0.0208501853049,
        "min": 6.43213260432e-11,
        "var": 0.00104363891296
    },
    "spectral_kurtosis": {
        "dmean": 37.7711715698,
        "dmean2": 65.688873291,
        "dvar": 1246.3458252,
        "dvar2": 3481.03564453,
        "max": 468.429046631,
        "mean": 149.659606934,
        "median": 148.332275391,
        "min": -1.26829791069,
        "var": 4493.81298828
    },
    "spectral_rms": {
        "dmean": 0.000419412506744,
        "dmean2": 0.000607215741184,
        "dvar": 6.4813445988e-07,
        "dvar2": 1.08225708573e-06,
        "max": 0.0136333080009,
        "mean": 0.00324238557369,
        "median": 0.00290040625259,
        "min": 3.11407648799e-12,
        "var": 4.21670620199e-06
    },
    "spectral_rolloff": {
        "dmean": 60.6616592407,
        "dmean2": 108.6563797,
        "dvar": 283563.5,
        "dvar2": 762970.8125,
        "max": 19810.546875,
        "mean": 792.762023926,
        "median": 538.330078125,
        "min": 21.533203125,
        "var": 4278015.5
    },
    "spectral_skewness": {
        "dmean": 1.81615912914,
        "dmean2": 3.19711661339,
        "dvar": 2.67368006706,
        "dvar2": 7.27800178528,
        "max": 17.3203430176,
        "mean": 8.67751121521,
        "median": 8.96761989594,
        "min": -0.0766528174281,
        "var": 8.20249271393
    },
    "spectral_spread": {
        "dmean": 280872.5625,
        "dmean2": 489608.40625,
        "dvar": 212979466240,
        "dvar2": 365464387584,
        "max": 42614312,
        "mean": 1187297.625,
        "median": 700426.75,
        "min": 190074.015625,
        "var": 1.41035516723e+13
    },
    "spectral_strongpeak": {
        "dmean": 0.254137724638,
        "dmean2": 0.408772617579,
        "dvar": 0.184170544147,
        "dvar2": 0.410470426083,
        "max": 6.03864955902,
        "mean": 1.01352381706,
        "median": 0.815484642982,
        "min": 0,
        "var": 0.707231998444
    },
    "zerocrossingrate": {
        "dmean": 0.00193031376693,
        "dmean2": 0.00271286652423,
        "dvar": 4.24347199441e-05,
        "dvar2": 7.93511571828e-05,
        "max": 0.625,
        "mean": 0.0276685673743,
        "median": 0.02099609375,
        "min": 0.00634765625,
        "var": 0.00293365493417
    },
    "barkbands": {
        "dmean": [2.99675065207e-07, 5.33755737706e-05, 0.000156551148393, 3.62099344784e-05, 0.000848875031807, 0.00274008489214, 0.000474220956676, 0.000769863254391, 0.000193633168237, 0.000148867839016, 5.14327075507e-05, 2.55389568338e-05, 4.59916082036e-05, 2.30516961892e-05, 1.36720209412e-05, 8.08497497928e-06, 4.95206586493e-06, 1.26992881633e-06, 4.76440931152e-07, 8.92011868814e-08, 2.07626307258e-08, 5.10621545047e-09, 1.10312936563e-09, 6.7939570636e-10, 6.25951124267e-10, 6.10713646321e-10, 6.9129324487e-10],
        "dmean2": [4.95567746839e-07, 8.53225501487e-05, 0.000235716215684, 5.6421624322e-05, 0.00117532757577, 0.00440510455519, 0.000699011026882, 0.00108969537541, 0.000250611687079, 0.000208291065064, 6.81350065861e-05, 3.69143854186e-05, 6.77950665704e-05, 3.12780466629e-05, 2.00889735424e-05, 1.01936284409e-05, 6.82490599502e-06, 1.68608369222e-06, 6.22845448106e-07, 1.31598014264e-07, 3.27358549157e-08, 7.12507786105e-09, 1.79025438918e-09, 1.20091514511e-09, 1.11749598464e-09, 1.09220887889e-09, 1.22783772039e-09],
        "dvar": [6.49908729264e-13, 1.44855079043e-08, 1.14347564306e-07, 8.86103812547e-09, 3.24156258102e-06, 6.61352096358e-05, 1.8151635004e-06, 6.15387671132e-06, 4.96263737659e-07, 2.37333921405e-07, 3.18148600797e-08, 5.13240161482e-09, 2.35897417156e-08, 4.73057193418e-09, 1.7684372855e-09, 6.22913887138e-10, 4.06865430236e-10, 3.51456433401e-11, 6.55319418522e-12, 2.16515458448e-13, 1.29351214527e-14, 7.03563194863e-16, 1.88577410045e-17, 1.80072090833e-18, 1.32823213711e-18, 1.25292437338e-18, 1.40901873164e-18],
        "dvar2": [1.72541939503e-12, 3.40013208699e-08, 2.656559559e-07, 2.08623394116e-08, 5.94252060182e-06, 0.000142541888636, 4.46955891675e-06, 1.23823492686e-05, 8.50022559007e-07, 5.10981465141e-07, 6.6672413368e-08, 1.14968807807e-08, 5.02660491009e-08, 8.82070416708e-09, 3.86245124773e-09, 1.21740229009e-09, 9.01476837623e-10, 7.00621019534e-11, 1.13446422395e-11, 5.40373681131e-13, 3.23131177035e-14, 1.49782297195e-15, 4.11600870729e-17, 5.246287156e-18, 4.09366267119e-18, 3.88300747973e-18, 4.36997077429e-18],
        "max": [1.6572239474e-05, 0.00333863869309, 0.00736450683326, 0.00245666410774, 0.0344794616103, 0.14046241343, 0.0294819194824, 0.0580593161285, 0.0483613461256, 0.0128078917041, 0.0068551893346, 0.00175416190177, 0.00443608127534, 0.00158578169066, 0.00103363767266, 0.000939207617193, 0.000493473606184, 0.000215461011976, 0.000149889165186, 1.52484608407e-05, 3.80385017706e-06, 8.0996358065e-07, 2.84199018097e-07, 2.33144792361e-08, 1.80378787462e-08, 1.72233729501e-08, 1.91850979547e-08],
        "mean": [3.71506416741e-07, 0.000131819906528, 0.00054120644927, 7.63442440075e-05, 0.0024030348286, 0.00601295335218, 0.00134493096266, 0.00318413670175, 0.000484177522594, 0.000443908909801, 0.000159429211635, 6.8576526246e-05, 0.000108594125777, 7.01013559592e-05, 2.90369662252e-05, 2.48203014053e-05, 1.06740999399e-05, 2.71356839221e-06, 9.81765310826e-07, 1.903179907e-07, 3.42301191836e-08, 8.28308888146e-09, 1.71922631687e-09, 8.94733398482e-10, 8.90049645097e-10, 9.74152092326e-10, 1.74667758035e-09],
        "median": [7.2970351539e-08, 4.01639117626e-05, 0.000182678020792, 1.88058183994e-05, 0.000941702048294, 0.00223649758846, 0.000504324096255, 0.00115989544429, 0.000131270178827, 0.000195911125047, 4.43388998974e-05, 1.67698017322e-05, 3.1681774999e-05, 1.29676891447e-05, 1.02996964415e-05, 7.8485099948e-06, 2.06041568163e-06, 4.84990152927e-07, 1.45563404885e-07, 1.73838383688e-08, 2.87986967606e-09, 9.7357077955e-10, 4.66989724668e-10, 4.34584257469e-10, 5.40814615313e-10, 6.68142430271e-10, 1.44583800488e-09],
        "min": [4.50785196565e-25, 3.16161704911e-24, 1.01234973562e-24, 5.6955900338e-25, 1.02317949423e-23, 6.15772043069e-24, 7.86369366938e-24, 1.04975219493e-23, 2.21595161908e-23, 1.3276800403e-23, 1.76392154084e-23, 2.66607786041e-23, 2.99286696138e-23, 3.44230405383e-23, 4.96934028893e-23, 3.88461489239e-23, 5.69668645185e-23, 9.60452477821e-23, 1.36768488075e-22, 1.6590919924e-22, 2.36082112805e-22, 3.5081873816e-22, 3.99200397893e-22, 5.97318914111e-22, 9.34514365225e-22, 1.23948248809e-21, 2.00410514344e-21],
        "var": [9.9413890748e-13, 6.95634270187e-08, 6.11067775935e-07, 2.74068128192e-08, 1.53258079081e-05, 0.000126765313325, 4.83346411784e-06, 2.90919251711e-05, 1.74761066773e-06, 5.65611003367e-07, 1.02263477686e-07, 1.66990403727e-08, 5.58979564858e-08, 2.28986820616e-08, 3.26975380105e-09, 2.18440110444e-09, 8.68353000616e-10, 7.93764012852e-11, 1.30419720162e-11, 3.60552760608e-13, 1.57347906541e-14, 1.03062140934e-15, 3.078336106e-17, 1.92768196542e-18, 1.17396098832e-18, 1.04859028936e-18, 1.28967704197e-18]
    },
    "erbbands": {
        "dmean": [0.00026583406725, 0.0183050706983, 0.162528112531, 0.131520852447, 0.335395991802, 3.67842173576, 8.57582187653, 30.9689006805, 9.35077476501, 14.7038803101, 8.39724826813, 5.31499528885, 5.43866872787, 2.27508807182, 2.23310256004, 1.24080610275, 2.18326330185, 1.32130610943, 0.836095094681, 0.38409024477, 0.3597047925, 0.185366258025, 0.0891523361206, 0.0350882224739, 0.0204250700772, 0.00577782792971, 0.0017708017258, 0.000504283001646, 0.000220070942305, 6.92815810908e-05, 2.65985345322e-05, 1.69300001289e-05, 1.13073438115e-05, 7.99747522251e-06, 5.40287328477e-06, 3.41675809068e-06, 1.81269638233e-06, 4.94486926073e-07, 1.9796241304e-06, 4.7060725592e-06],
        "dmean2": [0.000416887662141, 0.0289711952209, 0.248042300344, 0.197437778115, 0.470897823572, 5.30056285858, 12.5947637558, 50.3356971741, 13.664691925, 21.2452030182, 11.7212944031, 6.80530548096, 7.85705423355, 2.66449427605, 2.90368270874, 1.78409063816, 3.20207166672, 1.76627957821, 1.17949855328, 0.556835591793, 0.450859755278, 0.256294488907, 0.118829004467, 0.0414055585861, 0.0272456016392, 0.00801535136998, 0.00276958569884, 0.000803988426924, 0.000306731264573, 0.000101823046862, 4.40996554971e-05, 2.87989623757e-05, 1.92417810467e-05, 1.33960575113e-05, 8.81559935806e-06, 5.39094935448e-06, 2.79778555523e-06, 8.10123879091e-07, 2.85886153506e-06, 6.83363441567e-06],
        "dvar": [3.74384740098e-07, 0.00158004171681, 0.117650821805, 0.0823229700327, 0.641485512257, 66.0931396484, 296.407104492, 9736.29589844, 713.734375, 2171.12939453, 504.38949585, 370.353302002, 371.798461914, 38.3830108643, 50.0400886536, 11.2774801254, 59.1218833923, 16.2740707397, 6.35048627853, 1.74861288071, 1.28913128376, 0.531288325787, 0.19845110178, 0.0272643975914, 0.0218682102859, 0.000830021337606, 8.86316120159e-05, 9.74056820269e-06, 1.45445608268e-06, 1.09176120588e-07, 7.29602023242e-09, 1.4825480843e-09, 4.30110613792e-10, 2.09773365345e-10, 9.87935150354e-11, 4.34928412729e-11, 1.34223483023e-11, 7.97321627125e-13, 2.53718036164e-11, 1.43218076287e-10],
        "dvar2": [8.68143160915e-07, 0.00380985089578, 0.283455908298, 0.18500085175, 1.1976531744, 129.416107178, 594.743286133, 20900.6855469, 1677.66003418, 4514.14990234, 944.895568848, 628.247375488, 794.817321777, 72.6601638794, 96.7826766968, 24.7961902618, 124.860191345, 29.1160259247, 12.3306417465, 4.17446708679, 2.51913118362, 1.16577601433, 0.47722902894, 0.0450144484639, 0.0354438349605, 0.00177821621764, 0.000232500678976, 2.35898769461e-05, 3.20840035783e-06, 2.18933365659e-07, 1.6900582267e-08, 3.80296594216e-09, 1.17562071189e-09, 5.52840329071e-10, 2.37819430815e-10, 9.37988298144e-11, 2.6984475418e-11, 1.95135726154e-12, 4.72181356515e-11, 2.69011701803e-10],
        "max": [0.0193384755403, 1.12343537807, 8.24979877472, 6.61338329315, 37.9022064209, 152.481170654, 266.895507812, 1741.48352051, 638.395812988, 1053.43310547, 519.695129395, 1315.74816895, 504.149200439, 464.558441162, 241.099304199, 85.5965194702, 232.477371216, 115.135940552, 62.9618263245, 30.796415329, 35.652381897, 19.9029560089, 21.2551460266, 6.24715518951, 10.1041479111, 1.26924049854, 0.295454651117, 0.133738860488, 0.0409511514008, 0.0126661164686, 0.00396384997293, 0.000989266089164, 0.000367069616914, 0.000268855132163, 0.000189261962078, 0.000120658776723, 6.66475170874e-05, 1.70374660229e-05, 9.02987740119e-05, 0.000212580096559],
        "mean": [0.000738420058042, 0.0508316494524, 0.55822455883, 0.406858563423, 1.31362533569, 9.9840555191, 22.8144397736, 64.4498443604, 26.9864387512, 56.7959213257, 33.4790878296, 14.6208610535, 12.9523887634, 10.2264356613, 7.34704256058, 3.36854958534, 5.03322124481, 4.62265110016, 1.81087744236, 1.22208249569, 1.07249140739, 0.425851970911, 0.189259856939, 0.0851637423038, 0.0372639968991, 0.0124258548021, 0.00334283919074, 0.000827880983707, 0.000374540599296, 0.000123468227684, 4.75630185974e-05, 3.01695235976e-05, 2.29572906392e-05, 1.89350539586e-05, 1.498963411e-05, 1.08575795821e-05, 6.27235976935e-06, 1.48490266838e-06, 7.31444197299e-06, 1.69173345057e-05],
        "median": [0.000273709243629, 0.0175582934171, 0.190312951803, 0.183885186911, 0.425710618496, 3.68305158615, 9.70880126953, 19.9731082916, 9.69256591797, 20.8949966431, 13.0253715515, 5.05206394196, 4.91643428802, 4.07978153229, 2.4023976326, 0.953188061714, 1.50452506542, 1.01567614079, 0.646199703217, 0.513589322567, 0.341641068459, 0.098837018013, 0.0412693284452, 0.0128023698926, 0.00420625507832, 0.0012117670849, 0.000318936043186, 8.09635748737e-05, 4.55962544947e-05, 2.49192707997e-05, 1.82995281648e-05, 1.55640391313e-05, 1.37763872772e-05, 1.21002240121e-05, 9.75275543169e-06, 7.02587931301e-06, 4.07436255045e-06, 1.04345667751e-06, 4.26437281931e-06, 9.67129381024e-06],
        "min": [8.04279160059e-23, 5.97362635937e-22, 2.1629924835e-21, 3.70368342125e-21, 1.57522879794e-20, 3.26081447558e-20, 2.74462113849e-20, 5.81764719732e-20, 1.40410264216e-19, 1.73178701065e-19, 3.34952571887e-19, 4.85983705921e-19, 6.01429219811e-19, 6.85140104596e-19, 9.29231539085e-19, 1.6488193218e-18, 1.49024135375e-18, 2.22137326909e-18, 2.2764372349e-18, 3.73603899157e-18, 3.89867014463e-18, 3.66641768096e-18, 5.46192404271e-18, 6.43989264989e-18, 7.6615503199e-18, 7.08751509893e-18, 9.61779193673e-18, 9.95432623305e-18, 1.08985214694e-17, 1.17182119615e-17, 1.08801961101e-17, 1.1093726995e-17, 1.01053173005e-17, 8.33988143558e-18, 6.03420315924e-18, 4.20297376196e-18, 2.29719636635e-18, 1.0635468522e-18, 2.31543052897e-19, 2.56167609041e-20],
        "var": [1.65066933278e-06, 0.00758213037625, 0.627332210541, 0.317355155945, 6.43006753922, 289.839874268, 974.45513916, 18020.1367188, 1991.20068359, 9515.03222656, 2629.70214844, 1319.33203125, 740.111938477, 283.233551025, 189.465789795, 36.1285133362, 137.008605957, 96.5992202759, 13.6032972336, 3.82880687714, 4.16687679291, 1.18767595291, 0.326647311449, 0.0813279375434, 0.0419712513685, 0.00161696923897, 0.000115498471132, 1.27692810565e-05, 2.03154354494e-06, 1.8256857004e-07, 1.26589565497e-08, 2.30341190566e-09, 7.62964025292e-10, 4.35182112568e-10, 2.55608367805e-10, 1.33805549973e-10, 4.46701113599e-11, 2.03839094041e-12, 8.34215058143e-11, 4.626067307e-10]
    },
    "gfcc": {
        "mean": [-260.524230957, 252.979812622, -111.754310608, -72.4236984253, -26.0965366364, -37.641002655, -38.6186637878, -11.5984792709, -8.73605060577, -10.7865314484, -3.62419271469, -10.5149869919, -1.48549127579],
        "cov": [[16992.2109375, 3844.50366211, -3242.67529297, -571.264343262, 230.089065552, -1679.44519043, -313.655029297, -318.703918457, -155.514846802, -14.7681045532, 186.384429932, -265.316802979, 157.650131226], [3844.50366211, 1662.33410645, -306.689239502, -448.160858154, 61.9382133484, -167.546447754, -165.809387207, -40.5691947937, -15.3476924896, -96.149017334, 12.3799667358, -76.6658935547, -24.4698848724], [-3242.67529297, -306.689239502, 1113.06530762, 27.129070282, -90.6644210815, 485.132995605, 17.2952728271, 68.7864685059, 60.3796844482, -29.3612957001, -49.4134368896, 45.2181663513, -82.1600646973], [-571.264343262, -448.160858154, 27.129070282, 486.719299316, 122.003364563, -44.2734794617, 165.348526001, 66.303527832, 7.96326398849, 72.9365310669, 5.66759824753, -41.0663871765, -32.7009887695], [230.089065552, 61.9382133484, -90.6644210815, 122.003364563, 189.396789551, -31.0919952393, 34.3006095886, 47.7298698425, 9.68173503876, 6.87852144241, 24.5901489258, -23.4709014893, -7.17351722717], [-1679.44519043, -167.546447754, 485.132995605, -44.2734794617, -31.0919952393, 357.781524658, 36.0277938843, 30.8609237671, 28.1819400787, -20.0556030273, -41.6631660461, 34.9831047058, -36.12940979], [-313.655029297, -165.809387207, 17.2952728271, 165.348526001, 34.3006095886, 36.0277938843, 138.910919189, 45.6156234741, -7.56976795197, 32.8257522583, -2.20393013954, -21.505689621, -12.1479215622], [-318.703918457, -40.5691947937, 68.7864685059, 66.303527832, 47.7298698425, 30.8609237671, 45.6156234741, 96.4922103882, 32.0196037292, -9.48470211029, -7.49864292145, -17.7418823242, -30.3556365967], [-155.514846802, -15.3476924896, 60.3796844482, 7.96326398849, 9.68173503876, 28.1819400787, -7.56976795197, 32.0196037292, 66.6983642578, 19.3685798645, -15.0366477966, -4.16829586029, -10.7930355072], [-14.7681045532, -96.149017334, -29.3612957001, 72.9365310669, 6.87852144241, -20.0556030273, 32.8257522583, -9.48470211029, 19.3685798645, 66.5785217285, 16.3233890533, -12.1873149872, 6.68309783936], [186.384429932, 12.3799667358, -49.4134368896, 5.66759824753, 24.5901489258, -41.6631660461, -2.20393013954, -7.49864292145, -15.0366477966, 16.3233890533, 50.8823051453, 14.5914926529, 5.97609138489], [-265.316802979, -76.6658935547, 45.2181663513, -41.0663871765, -23.4709014893, 34.9831047058, -21.505689621, -17.7418823242, -4.16829586029, -12.1873149872, 14.5914926529, 59.0399208069, 28.6454658508], [157.650131226, -24.4698848724, -82.1600646973, -32.7009887695, -7.17351722717, -36.12940979, -12.1479215622, -30.3556365967, -10.7930355072, 6.68309783936, 5.97609138489, 28.6454658508, 61.8528671265]],
        "icov": [[0.00102795800194, -0.00240886956453, 0.00241106143221, -0.00220975652337, 0.00225517409854, -0.000159707240527, 8.55101097841e-05, 0.00169316062238, -0.00267199752852, 0.00216331728734, -0.00328022032045, 0.00147941627074, -0.00159087043721], [-0.00240886956453, 0.00701414654031, -0.00593872973695, 0.00704270415008, -0.00665452517569, 0.00144602975342, -0.00138019025326, -0.00232199882157, 0.00487981596962, -0.00297606596723, 0.00674334261566, -0.00105431652628, 0.0044215656817], [0.00241106143221, -0.00593872973695, 0.00913268048316, -0.0082005802542, 0.00868488848209, -0.00625243922696, 0.00367494300008, 0.0024908457417, -0.00799615122378, 0.00784055050462, -0.0124828014523, 0.00643646810204, -0.00541721750051], [-0.00220975652337, 0.00704270415008, -0.0082005802542, 0.0154006546363, -0.0131488619372, 0.00895527098328, -0.00864877179265, -0.00254058884457, 0.0100554507226, -0.0137711772695, 0.0187496077269, -0.0113753685728, 0.0131273558363], [0.00225517409854, -0.00665452517569, 0.00868488848209, -0.0131488619372, 0.0197503566742, -0.0090096546337, 0.00517109362409, 0.00070436601527, -0.0134622678161, 0.0168427731842, -0.0258855037391, 0.0172029491514, -0.0150418449193], [-0.000159707240527, 0.00144602975342, -0.00625243922696, 0.00895527098328, -0.0090096546337, 0.0165607072413, -0.00976060237736, 0.00196330808103, 0.00505911745131, -0.0100358063355, 0.0189783442765, -0.0169202759862, 0.0130532002077], [8.55101097841e-05, -0.00138019025326, 0.00367494300008, -0.00864877179265, 0.00517109362409, -0.00976060237736, 0.0259220264852, -0.0160238854587, 0.0147761004046, -0.0127701610327, 0.00105068692937, 0.00328324106522, -0.00599350919947], [0.00169316062238, -0.00232199882157, 0.0024908457417, -0.00254058884457, 0.00070436601527, 0.00196330808103, -0.0160238854587, 0.0358624495566, -0.0316890403628, 0.0316746868193, -0.0207691267133, 0.0151642672718, -0.00155524816364], [-0.00267199752852, 0.00487981596962, -0.00799615122378, 0.0100554507226, -0.0134622678161, 0.00505911745131, 0.0147761004046, -0.0316890403628, 0.0607222132385, -0.0548559874296, 0.0492554232478, -0.0337490588427, 0.0195733010769], [0.00216331728734, -0.00297606596723, 0.00784055050462, -0.0137711772695, 0.0168427731842, -0.0100358063355, -0.0127701610327, 0.0316746868193, -0.0548559874296, 0.0793636888266, -0.0628881454468, 0.0502882711589, -0.0297896806151], [-0.00328022032045, 0.00674334261566, -0.0124828014523, 0.0187496077269, -0.0258855037391, 0.0189783442765, 0.00105068692937, -0.0207691267133, 0.0492554232478, -0.0628881454468, 0.0884749293327, -0.0601814128458, 0.0371698588133], [0.00147941627074, -0.00105431652628, 0.00643646810204, -0.0113753685728, 0.0172029491514, -0.0169202759862, 0.00328324106522, 0.0151642672718, -0.0337490588427, 0.0502882711589, -0.0601814128458, 0.0751218050718, -0.0417521223426], [-0.00159087043721, 0.0044215656817, -0.00541721750051, 0.0131273558363, -0.0150418449193, 0.0130532002077, -0.00599350919947, -0.00155524816364, 0.0195733010769, -0.0297896806151, 0.0371698588133, -0.0417521223426, 0.0480349287391]]
    },
    "melbands": {
        "dmean": [7.72023213358e-06, 6.32658047834e-05, 2.42218484345e-05, 0.000119400952826, 0.000304800341837, 0.000625133747235, 0.000129306790768, 0.000176641740836, 5.66873568459e-05, 3.2785730582e-05, 2.65737944574e-05, 9.22985873331e-06, 7.22970389688e-06, 4.01555098506e-06, 3.89939623346e-06, 4.27703525929e-06, 2.35161405726e-06, 1.35098662213e-06, 8.58116322888e-07, 7.07844151293e-07, 3.6151010363e-07, 2.3573720398e-07, 1.51989738129e-07, 5.6290460293e-08, 2.60732182511e-08, 1.57289807845e-08, 8.44378877929e-09, 3.29306359959e-09, 1.44729594975e-09, 4.13840545166e-10, 2.27625071569e-10, 1.59705138003e-10, 5.22816963333e-11, 3.29399910126e-11, 1.52175945456e-11, 1.22010613418e-11, 9.15940847473e-12, 7.56723850248e-12, 6.61725665582e-12, 5.88978171789e-12],
        "dmean2": [1.23024774439e-05, 9.67392552411e-05, 3.54467410943e-05, 0.000173589549377, 0.000442398362793, 0.00101422215812, 0.000189181722817, 0.000256014580373, 7.8556855442e-05, 4.21325785283e-05, 3.8603291614e-05, 1.06841507659e-05, 9.59426688496e-06, 5.43490887139e-06, 5.83537666898e-06, 6.11763698544e-06, 3.21666720993e-06, 1.90606397155e-06, 1.28121041598e-06, 9.10783512609e-07, 4.65169762265e-07, 3.30928770609e-07, 2.12368320263e-07, 6.90987747021e-08, 3.07680281253e-08, 2.16738964554e-08, 1.13672857793e-08, 4.63173632781e-09, 2.35427011219e-09, 6.47876141624e-10, 3.62562924128e-10, 2.21827917146e-10, 7.84029299816e-11, 4.98038832397e-11, 2.5914222157e-11, 2.11269057804e-11, 1.60414997258e-11, 1.34170782123e-11, 1.17535651351e-11, 1.04928756656e-11],
        "dvar": [3.14316878081e-10, 1.7618424053e-08, 2.66916200253e-09, 6.63892691932e-08, 3.64419918242e-07, 3.74301248485e-06, 1.34882469638e-07, 3.32259475044e-07, 2.13121342796e-08, 1.56608432889e-08, 9.04599861684e-09, 6.49656994867e-10, 6.92445822903e-10, 1.09628001121e-10, 1.67309624488e-10, 1.69295230612e-10, 5.20175812146e-11, 1.74394665375e-11, 8.28374174811e-12, 4.51914590818e-12, 1.40264969778e-12, 8.6957849775e-13, 9.82764108808e-13, 7.45299208091e-14, 1.57376824246e-14, 8.58115695743e-15, 4.80499259901e-15, 2.59743950295e-16, 6.21151561011e-17, 6.0163918927e-18, 1.88726013042e-18, 7.83246568678e-19, 8.82366742601e-20, 2.74010169504e-20, 3.18542891809e-21, 1.25344408918e-21, 3.93027037506e-22, 1.9545139643e-22, 1.44894676788e-22, 1.13426939548e-22],
        "dvar2": [7.27555959923e-10, 4.2717815063e-08, 5.7095990158e-09, 1.36469026302e-07, 7.00105772466e-07, 8.05544823379e-06, 3.15087987701e-07, 6.87537522026e-07, 3.93635630758e-08, 2.6004949305e-08, 1.93846947383e-08, 1.21275955944e-09, 1.45335277146e-09, 2.15995762942e-10, 3.6932454317e-10, 3.48291839813e-10, 9.74712949242e-11, 3.32527894109e-11, 2.01727159282e-11, 9.0064978045e-12, 2.8118293284e-12, 1.88278646146e-12, 2.63362660673e-12, 1.19977500699e-13, 2.64179174684e-14, 1.50311027866e-14, 7.75107822165e-15, 6.22794315238e-16, 1.73470309425e-16, 1.4301261268e-17, 4.56172075286e-18, 1.75212301337e-18, 1.84851486129e-19, 5.74443912817e-20, 8.19804568714e-21, 3.26113109027e-21, 1.07366468312e-21, 5.89053570334e-22, 4.42814005609e-22, 3.49726676988e-22],
        "max": [0.000507450604346, 0.00335805420764, 0.00140769570135, 0.00488439342007, 0.00996392220259, 0.0339130721986, 0.00841510854661, 0.0133438557386, 0.00363671709783, 0.00915542058647, 0.00250995019451, 0.00199022167362, 0.00106612080708, 0.000251493300311, 0.00037306707236, 0.000390184723074, 0.000192760766367, 9.17036377359e-05, 6.48148998152e-05, 7.93591825641e-05, 2.93438934023e-05, 2.380188198e-05, 5.47299823666e-05, 1.13808036986e-05, 4.57577334601e-06, 5.78040908294e-06, 4.83532812723e-06, 5.08354048634e-07, 2.63313665982e-07, 7.87055824958e-08, 6.34770742636e-08, 3.03202618568e-08, 1.47810528262e-08, 8.94738860779e-09, 2.74301692471e-09, 1.10624265304e-09, 6.93337887103e-10, 2.15082909816e-10, 1.8716943273e-10, 1.6607094866e-10],
        "mean": [1.91066646948e-05, 0.000212427956285, 8.61381777213e-05, 0.00034493545536, 0.000825269555207, 0.00132155406754, 0.00036414063652, 0.000691480061505, 0.000218863671762, 8.35697428556e-05, 6.20610298938e-05, 4.14995847677e-05, 2.28041444643e-05, 1.20664617498e-05, 7.78298908699e-06, 1.25491151266e-05, 7.60647435527e-06, 2.63372885456e-06, 1.9626518224e-06, 2.21210120799e-06, 9.83029281088e-07, 5.22963830463e-07, 2.65040256409e-07, 1.30536591314e-07, 6.14988096004e-08, 2.91066957203e-08, 1.44832856819e-08, 7.10115921621e-09, 2.33448327336e-09, 6.70540845071e-10, 3.43495065724e-10, 2.5503960055e-10, 7.75644479201e-11, 5.38528666105e-11, 2.20402932016e-11, 1.57801549605e-11, 1.19259697604e-11, 9.79009234792e-12, 8.83051964884e-12, 8.08884469822e-12],
        "median": [5.93737331656e-06, 7.3812159826e-05, 3.8020676584e-05, 0.000131628214149, 0.000355048046913, 0.000429391569924, 0.00012328606681, 0.00023822116782, 8.86999332579e-05, 2.44459079113e-05, 2.28556436923e-05, 1.51892800204e-05, 6.47241813567e-06, 3.55182555722e-06, 2.10546068047e-06, 3.26733493239e-06, 1.45560784404e-06, 7.96462359176e-07, 7.33900947125e-07, 6.7412605631e-07, 2.86581325781e-07, 9.63906785501e-08, 4.57802755705e-08, 1.87247586325e-08, 7.71750130468e-09, 3.6710234852e-09, 1.0130856154e-09, 5.84687187555e-10, 1.78310394228e-10, 4.24042433111e-11, 3.17136386596e-11, 2.50015320946e-11, 1.20458192032e-11, 9.50296352026e-12, 7.31397407916e-12, 6.11630190939e-12, 5.5540285912e-12, 5.09612057414e-12, 5.01033893194e-12, 4.91119601584e-12],
        "min": [1.55859627223e-24, 1.45705064524e-24, 1.38684458847e-24, 1.50175016653e-24, 9.27333998649e-25, 1.19835002226e-24, 2.6163911013e-24, 2.38285691614e-24, 2.54443613991e-24, 3.27183846973e-24, 2.49562911849e-24, 2.50110144659e-24, 2.59725787169e-24, 2.60905311716e-24, 2.9565007892e-24, 3.58529511143e-24, 3.07654431694e-24, 1.70964085025e-24, 4.26593968324e-24, 2.20587183053e-24, 3.63309692684e-24, 2.94224725593e-24, 3.8066269989e-24, 4.95675424985e-24, 3.87546812909e-24, 5.53161533528e-24, 5.53456528064e-24, 3.50050597475e-24, 4.67950553483e-24, 3.92752703237e-24, 4.93726899106e-24, 5.06724250266e-24, 4.05264668283e-24, 6.95371263849e-24, 5.33157007048e-24, 5.80913462958e-24, 5.77447484242e-24, 6.08897041394e-24, 7.15000095323e-24, 6.87986579143e-24],
        "var": [1.47902845526e-09, 9.09352309009e-08, 1.53621737553e-08, 3.05927784439e-07, 1.31670230985e-06, 6.99817474015e-06, 3.78445008664e-07, 1.48125650412e-06, 1.12241245631e-07, 5.63989033253e-08, 1.76703220944e-08, 5.11362552302e-09, 2.22918750126e-09, 4.5545972549e-10, 3.45387662914e-10, 5.90736293216e-10, 2.73258859984e-10, 3.63053996588e-11, 1.20805362241e-11, 1.63103142103e-11, 4.00476396836e-12, 2.10601197939e-12, 1.22956321773e-12, 2.26950823043e-13, 4.52921052984e-14, 1.6284518425e-14, 9.00128953443e-15, 4.98644854977e-16, 6.71096130827e-17, 8.52948115815e-18, 2.49898955832e-18, 1.05245777231e-18, 1.1693069083e-19, 4.36377839683e-20, 4.20669162862e-21, 1.47142395204e-21, 4.58195000969e-22, 1.971170289e-22, 1.36892774688e-22, 1.0168600084e-22]
    },
    "mfcc": {
        "mean": [-851.063049316, 243.732910156, 11.8027143478, -28.2537746429, -0.423810094595, -15.4113531113, -23.4773159027, -13.4115619659, -7.60496997833, -5.90543317795, -5.54018115997, -3.47953414917, -1.13631057739],
        "cov": [[5019.72900391, 2876.01928711, -1467.17663574, -157.094696045, 496.891235352, -488.926605225, -337.219940186, -139.918518066, -242.123733521, -72.6859283447, -21.1723880768, -6.79263353348, 61.2160263062], [2876.01928711, 2024.67272949, -431.634002686, -210.604248047, 222.610214233, -173.181381226, -224.033309937, -94.0722961426, -109.406845093, -67.3067626953, -28.9944419861, -4.5905880928, 28.8008117676], [-1467.17663574, -431.634002686, 967.28503418, 43.7222900391, -218.309112549, 250.365127563, 120.481590271, 35.5113258362, 101.140693665, 27.2455024719, 12.7803878784, 2.66347098351, -32.411693573], [-157.094696045, -210.604248047, 43.7222900391, 267.843658447, 72.7210388184, -27.0072841644, 81.9942550659, 46.1022872925, 9.44825553894, 65.9541549683, 59.3095932007, 12.4949998856, -5.32712268829], [496.891235352, 222.610214233, -218.309112549, 72.7210388184, 202.047225952, -19.9903507233, -48.1045455933, 22.9789714813, 6.83442640305, 10.7899522781, 29.725025177, 24.7073669434, 17.8754348755], [-488.926605225, -173.181381226, 250.365127563, -27.0072841644, -19.9903507233, 164.955505371, 66.3289489746, 18.0687408447, 50.6546669006, 9.19975471497, 1.70859742165, 14.171872139, 0.126287430525], [-337.219940186, -224.033309937, 120.481590271, 81.9942550659, -48.1045455933, 66.3289489746, 153.446594238, 57.1543006897, 6.99123954773, 37.5208969116, 26.0536174774, -2.50389623642, -5.58374547958], [-139.918518066, -94.0722961426, 35.5113258362, 46.1022872925, 22.9789714813, 18.0687408447, 57.1543006897, 87.1679840088, 44.202709198, 13.8259277344, 23.2946395874, 10.44257164, -1.00636267662], [-242.123733521, -109.406845093, 101.140693665, 9.44825553894, 6.83442640305, 50.6546669006, 6.99123954773, 44.202709198, 88.8983078003, 36.6761703491, 6.65371704102, 11.815779686, 0.416523575783], [-72.6859283447, -67.3067626953, 27.2455024719, 65.9541549683, 10.7899522781, 9.19975471497, 37.5208969116, 13.8259277344, 36.6761703491, 81.0825805664, 42.5583877563, -3.84092545509, -6.07372236252], [-21.1723880768, -28.9944419861, 12.7803878784, 59.3095932007, 29.725025177, 1.70859742165, 26.0536174774, 23.2946395874, 6.65371704102, 42.5583877563, 66.7274398804, 24.1847724915, -13.5725812912], [-6.79263353348, -4.5905880928, 2.66347098351, 12.4949998856, 24.7073669434, 14.171872139, -2.50389623642, 10.44257164, 11.815779686, -3.84092545509, 24.1847724915, 50.2472763062, 16.8791122437], [61.2160263062, 28.8008117676, -32.411693573, -5.32712268829, 17.8754348755, 0.126287430525, -5.58374547958, -1.00636267662, 0.416523575783, -6.07372236252, -13.5725812912, 16.8791122437, 50.3823852539]],
