{
"lowlevel": {
    "average_loudness": 0.675584614277,
    "barkbands_crest": {
        "dmean": 1.82513773441,
        "dmean2": 2.89041113853,
        "dvar": 3.25872969627,
        "dvar2": 8.45317840576,
        "max": 25.9462566376,
        "mean": 12.6973266602,
        "median": 12.2571773529,
        "min": 2.9148607254,
        "var": 14.9866504669
    },
    "barkbands_flatness_db": {
        "dmean": 0.0195079445839,
        "dmean2": 0.0301610324532,
        "dvar": 0.000590460142121,
        "dvar2": 0.00139732821845,
        "max": 0.665970504284,
        "mean": 0.363702178001,
        "median": 0.361771285534,
        "min": 0.0603896789253,
        "var": 0.0124715892598
    },
    "barkbands_kurtosis": {
        "dmean": 3.21792984009,
        "dmean2": 5.03605461121,
        "dvar": 31.6123771667,
        "dvar2": 78.7608947754,
        "max": 195.179489136,
        "mean": 8.9786939621,
        "median": 5.40818595886,
        "min": -1.92271769047,
        "var": 142.47052002
    },
    "barkbands_skewness": {
        "dmean": 0.41362503171,
        "dmean2": 0.637013971806,
        "dvar": 0.249579966068,
        "dvar2": 0.587931096554,
        "max": 9.52756690979,
        "mean": 1.35209429264,
        "median": 1.2168610096,
        "min": -2.84159326553,
        "var": 1.90293431282
    },
    "barkbands_spread": {
        "dmean": 1.0875415802,
        "dmean2": 1.60261821747,
        "dvar": 9.85935497284,
        "dvar2": 17.4311981201,
        "max": 90.810798645,
        "mean": 4.66803312302,
        "median": 2.70778632164,
        "min": 0.19814760983,
        "var": 59.1979064941
    },
    "dissonance": {
        "dmean": 0.045848660171,
        "dmean2": 0.0774536728859,
        "dvar": 0.0019713009242,
        "dvar2": 0.00520195439458,
        "max": 0.500000238419,
        "mean": 0.367877483368,
        "median": 0.381790846586,
        "min": 0.0549350045621,
        "var": 0.00714679202065
    },
    "dynamic_complexity": 4.21895980835,
    "erbbands_crest": {
        "dmean": 2.27491402626,
        "dmean2": 3.59639430046,
        "dvar": 5.94453573227,
        "dvar2": 14.9320087433,
        "max": 33.7920074463,
        "mean": 15.2432584763,
        "median": 14.2898845673,
        "min": 3.39926576614,
        "var": 33.5147743225
    },
    "erbbands_flatness_db": {
        "dmean": 0.017338540405,
        "dmean2": 0.026409631595,
        "dvar": 0.000458477908978,
        "dvar2": 0.00103854713961,
        "max": 0.574476659298,
        "mean": 0.339928239584,
        "median": 0.344418376684,
        "min": 0.0731529667974,
        "var": 0.00813665613532
    },
    "erbbands_kurtosis": {
        "dmean": 2.53673458099,
        "dmean2": 3.99282550812,
        "dvar": 18.128818512,
        "dvar2": 46.2101631165,
        "max": 165.607894897,
        "mean": 7.18629932404,
        "median": 3.9111635685,
        "min": -1.87790262699,
        "var": 119.060379028
    },
    "erbbands_skewness": {
        "dmean": 0.383533865213,
        "dmean2": 0.588828802109,
        "dvar": 0.198837921023,
        "dvar2": 0.470953702927,
        "max": 10.3191776276,
        "mean": 1.37445831299,
        "median": 1.30827069283,
        "min": -3.12333869934,
        "var": 1.61258769035
    },
    "erbbands_spread": {
        "dmean": 2.74927592278,
        "dmean2": 4.14230012894,
        "dvar": 34.5907440186,
        "dvar2": 65.8398361206,
        "max": 137.070983887,
        "mean": 11.9495973587,
        "median": 7.52328777313,
        "min": 0.591688334942,
        "var": 221.784637451
    },
    "hfc": {
        "dmean": 2.17686128616,
        "dmean2": 3.15697646141,
        "dvar": 16.7875347137,
        "dvar2": 31.8826751709,
        "max": 134.401245117,
        "mean": 9.63910770416,
        "median": 5.79162502289,
        "min": 1.11209271751e-16,
        "var": 118.489387512
    },
    "melbands_crest": {
        "dmean": 2.2059571743,
        "dmean2": 3.45274353027,
        "dvar": 4.88512420654,
        "dvar2": 12.4838523865,
        "max": 32.8832702637,
        "mean": 15.4715185165,
        "median": 15.0490665436,
        "min": 2.08317279816,
        "var": 20.444606781
    },
    "melbands_flatness_db": {
        "dmean": 0.0217330586165,
        "dmean2": 0.0331176742911,
        "dvar": 0.00079773075413,
        "dvar2": 0.00182833813597,
        "max": 0.830171465874,
        "mean": 0.46413898468,
        "median": 0.465319752693,
        "min": 0.00775883579627,
        "var": 0.0185959413648
    },
    "melbands_kurtosis": {
        "dmean": 3.41867518425,
        "dmean2": 5.37777900696,
        "dvar": 43.074672699,
        "dvar2": 105.337837219,
        "max": 173.707641602,
        "mean": 9.77110385895,
        "median": 5.61375522614,
        "min": -1.80628740788,
        "var": 217.4349823
    },
    "melbands_skewness": {
        "dmean": 0.408691376448,
        "dmean2": 0.632100105286,
        "dvar": 0.240422934294,
        "dvar2": 0.550570011139,
        "max": 10.5030908585,
        "mean": 1.49774670601,
        "median": 1.3522990942,
        "min": -2.34644985199,
        "var": 1.82563352585
    },
    "melbands_spread": {
        "dmean": 1.29462444782,
        "dmean2": 1.93632662296,
        "dvar": 14.4540939331,
        "dvar2": 29.4386615753,
        "max": 204.295089722,
        "mean": 6.29929494858,
        "median": 3.65746593475,
        "min": 0.333843141794,
        "var": 186.943511963
    },
    "pitch_salience": {
        "dmean": 0.0510014556348,
        "dmean2": 0.0807531774044,
        "dvar": 0.00255691935308,
        "dvar2": 0.00655596377328,
        "max": 0.886625468731,
        "mean": 0.554208636284,
        "median": 0.558987379074,
        "min": 0.109262801707,
        "var": 0.0127848992124
    },
    "silence_rate_20dB": {
        "dmean": 0,
        "dmean2": 0,
        "dvar": 0,
        "dvar2": 0,
        "max": 1,
        "mean": 1,
        "median": 1,
        "min": 1,
        "var": 0
    },
    "silence_rate_30dB": {
        "dmean": 0.00170767679811,
        "dmean2": 0.00341561879031,
        "dvar": 0.00170487037394,
        "dvar2": 0.00433527957648,
        "max": 1,
        "mean": 0.998602926731,
        "median": 1,
        "min": 0,
        "var": 0.00139509083237
    },
    "silence_rate_60dB": {
        "dmean": 0.00434681354091,
        "dmean2": 0.00869430229068,
        "dvar": 0.00432803388685,
        "dvar2": 0.0104823261499,
        "max": 1,
        "mean": 0.0646538361907,
        "median": 0,
        "min": 0,
        "var": 0.0604747459292
    },
    "spectral_centroid": {
        "dmean": 47.231803894,
        "dmean2": 69.1955490112,
        "dvar": 19937.6074219,
        "dvar2": 32042.1992188,
        "max": 10596.9501953,
        "mean": 449.024139404,
        "median": 344.319000244,
        "min": 98.9042663574,
        "var": 167472
    },
    "spectral_complexity": {
        "dmean": 1.17301869392,
        "dmean2": 1.969414711,
        "dvar": 1.79702806473,
        "dvar2": 4.28970003128,
        "max": 34,
        "mean": 8.69776439667,
        "median": 8,
        "min": 0,
        "var": 23.4200801849
    },
    "spectral_decrease": {
        "dmean": 1.46363898779e-09,
        "dmean2": 2.25934204678e-09,
        "dvar": 5.51945569508e-18,
        "dvar2": 1.3573873379e-17,
        "max": 7.23556449888e-21,
        "mean": -6.311568157e-09,
        "median": -4.97513674702e-09,
        "min": -4.78408601623e-08,
        "var": 2.43873491009e-17
    },
    "spectral_energy": {
        "dmean": 0.00569271435961,
        "dmean2": 0.00877594202757,
        "dvar": 8.24203016236e-05,
        "dvar2": 0.000202202660148,
        "max": 0.182942330837,
        "mean": 0.0246955044568,
        "median": 0.0194255709648,
        "min": 1.03083256014e-20,
        "var": 0.000376604613848
    },
    "spectral_energyband_high": {
        "dmean": 5.58941210329e-05,
        "dmean2": 7.33488996048e-05,
        "dvar": 2.10793515976e-07,
        "dvar2": 3.21899733535e-07,
        "max": 0.0232162605971,
        "mean": 0.000106041181425,
        "median": 5.72830515466e-07,
        "min": 7.33038896233e-21,
        "var": 6.91914067374e-07
    },
    "spectral_energyband_low": {
        "dmean": 0.00210751057602,
        "dmean2": 0.00333285029046,
        "dvar": 4.69767983304e-05,
        "dvar2": 0.000120263510325,
        "max": 0.158028975129,
        "mean": 0.00493355514482,
        "median": 0.00177881284617,
        "min": 8.67785365938e-23,
        "var": 7.95744272182e-05
    },
    "spectral_energyband_middle_high": {
        "dmean": 0.000303542241454,
        "dmean2": 0.000415611750213,
        "dvar": 8.5504012759e-07,
        "dvar2": 1.52994311975e-06,
        "max": 0.0384297594428,
        "mean": 0.00111875880975,
        "median": 0.00016263917496,
        "min": 1.37799000425e-21,
        "var": 6.68413349558e-06
    },
    "spectral_energyband_middle_low": {
        "dmean": 0.00448102504015,
        "dmean2": 0.0068992478773,
        "dvar": 4.30921099905e-05,
        "dvar2": 0.000104077924334,
        "max": 0.119911327958,
        "mean": 0.0192672107369,
        "median": 0.0150193981826,
        "min": 3.73245662421e-22,
        "var": 0.000250020675594
    },
    "spectral_entropy": {
        "dmean": 0.153516367078,
        "dmean2": 0.235567614436,
        "dvar": 0.0438540540636,
        "dvar2": 0.0977712497115,
        "max": 9.78145503998,
        "mean": 5.61397075653,
        "median": 5.51984882355,
        "min": 3.72208356857,
        "var": 0.79023373127
    },
    "spectral_flux": {
        "dmean": 0.015987996012,
        "dmean2": 0.0264921393245,
        "dvar": 0.000479753653053,
        "dvar2": 0.00121863244567,
        "max": 0.372369170189,
        "mean": 0.0477933511138,
        "median": 0.0398385077715,
        "min": 1.01529923358e-10,
        "var": 0.00132072495762
    },
    "spectral_kurtosis": {
        "dmean": 24.6382827759,
        "dmean2": 41.3216018677,
        "dvar": 1115.96618652,
        "dvar2": 2947.83251953,
        "max": 459.143188477,
        "mean": 91.2087783813,
        "median": 50.6312561035,
        "min": -1.20630180836,
        "var": 8070.33447266
    },
    "spectral_rms": {
        "dmean": 0.000501442526001,
        "dmean2": 0.000764359137975,
        "dvar": 4.304314416e-07,
        "dvar2": 1.02980516203e-06,
        "max": 0.0133596528322,
        "mean": 0.00451347324997,
        "median": 0.00435336399823,
        "min": 3.17126208106e-12,
        "var": 3.72186013919e-06
    },
    "spectral_rolloff": {
        "dmean": 71.4350585938,
        "dmean2": 125.249069214,
        "dvar": 132973.65625,
        "dvar2": 268885.875,
        "max": 18820.0195312,
        "mean": 579.328186035,
        "median": 409.130859375,
        "min": 86.1328125,
        "var": 1233147.75
    },
    "spectral_skewness": {
        "dmean": 1.06718051434,
        "dmean2": 1.77437543869,
        "dvar": 1.63543581963,
        "dvar2": 4.14286088943,
        "max": 18.2231121063,
        "mean": 6.72066497803,
        "median": 5.46968269348,
        "min": -0.00884572416544,
        "var": 18.0456180573
    },
    "spectral_spread": {
        "dmean": 369445.34375,
        "dmean2": 593470.375,
        "dvar": 313086869504,
        "dvar2": 542929387520,
        "max": 40569560,
        "mean": 1918612.25,
        "median": 1358058.75,
        "min": 227939.0625,
        "var": 2.93988466688e+12
    },
    "spectral_strongpeak": {
        "dmean": 0.365575522184,
        "dmean2": 0.614139795303,
        "dvar": 0.309762865305,
        "dvar2": 0.728547334671,
        "max": 7.55293035507,
        "mean": 1.02918565273,
        "median": 0.685277819633,
        "min": 4.85574469522e-09,
        "var": 1.02116930485
    },
    "zerocrossingrate": {
        "dmean": 0.00266161235049,
        "dmean2": 0.00325081148185,
        "dvar": 4.72995452583e-05,
        "dvar2": 5.66472408536e-05,
        "max": 0.4951171875,
        "mean": 0.0228533353657,
        "median": 0.01611328125,
        "min": 0.0029296875,
        "var": 0.00106452987529
    },
    "barkbands": {
        "dmean": [1.38318944209e-06, 0.000894975441042, 0.00117754179519, 0.000613358686678, 0.00191875686869, 0.00136786152143, 0.0012869698694, 0.00119160977192, 0.000363421189832, 0.000155084737344, 9.2389229394e-05, 9.79771357379e-05, 4.52423591923e-05, 3.09379975079e-05, 3.19154460158e-05, 3.41634513461e-05, 2.17721553781e-05, 1.62622691278e-05, 1.16522778626e-05, 1.83217052836e-05, 2.31086760323e-05, 1.70107814483e-05, 8.10473466117e-06, 4.44225315732e-06, 4.9723612392e-06, 9.48245258314e-07, 4.48604637882e-08],
        "dmean2": [2.36677965404e-06, 0.00140179437585, 0.00186129077338, 0.00100882281549, 0.00298768444918, 0.00214496161789, 0.00205210060813, 0.00172037328593, 0.000521106354427, 0.000215252890484, 0.000129868582007, 0.000142934353789, 6.43152088742e-05, 4.64102668047e-05, 4.74664593639e-05, 5.348518971e-05, 3.44679137925e-05, 2.52728659689e-05, 1.87348323379e-05, 3.0003979191e-05, 3.23459171341e-05, 2.3003498427e-05, 1.09890288513e-05, 5.8931886997e-06, 6.8578938226e-06, 1.17037075142e-06, 5.76886307613e-08],
        "dvar": [1.40676749763e-11, 1.03875436253e-05, 1.72156651388e-05, 2.95982681564e-06, 8.57068243931e-06, 9.46159343584e-06, 1.18441030281e-05, 1.36699463837e-05, 1.40391887271e-06, 6.44538260985e-07, 1.01510863715e-07, 2.61888260411e-07, 5.39736504379e-08, 2.16501341299e-08, 3.89693397551e-08, 1.71656875381e-08, 9.81017045376e-09, 3.96597954477e-09, 7.01072355724e-09, 7.18293158286e-09, 5.69286058294e-08, 2.39167032845e-08, 5.13705611382e-09, 1.18004450655e-09, 1.49364531854e-09, 5.7285166194e-11, 1.12115252791e-13],
        "dvar2": [3.84430959288e-11, 2.62547819148e-05, 4.3731630285e-05, 7.74520685809e-06, 2.24805662583e-05, 2.3904030968e-05, 2.97858714475e-05, 2.78732131846e-05, 2.5395920602e-06, 1.04910543541e-06, 1.80796305926e-07, 5.14591079082e-07, 9.4252520455e-08, 4.71220609199e-08, 7.18761441476e-08, 3.78293734116e-08, 2.09569037679e-08, 9.57657686484e-09, 1.63779958484e-08, 1.93894518219e-08, 1.01718732992e-07, 4.20326315975e-08, 1.07117728021e-08, 1.94096561046e-09, 2.54136112154e-09, 7.86468737357e-11, 1.65763344891e-13],
        "max": [6.92730172887e-05, 0.0784252509475, 0.103967726231, 0.0652349516749, 0.0613946802914, 0.0840622335672, 0.0833714604378, 0.102898366749, 0.044891089201, 0.0522674061358, 0.0154091576114, 0.0282987337559, 0.017165210098, 0.00657543679699, 0.0138474097475, 0.00451850425452, 0.0052320510149, 0.003286621999, 0.00808196235448, 0.00248580425978, 0.0151088368148, 0.00748201180249, 0.00373990857042, 0.00151528650895, 0.00182907318231, 0.000510159297846, 1.84378877748e-05],
        "mean": [2.5482190722e-06, 0.00208985083736, 0.00222233543172, 0.00132825318724, 0.00640057446435, 0.00442460691556, 0.00258435402066, 0.00331309158355, 0.000964942446444, 0.000382189900847, 0.000212800048757, 0.000249293923844, 0.000106668529043, 6.05740860919e-05, 6.46878906991e-05, 6.10344868619e-05, 4.08255764341e-05, 3.45053776982e-05, 2.26489210036e-05, 3.45979315171e-05, 3.4685319406e-05, 2.78368024738e-05, 1.36349872264e-05, 8.02761041996e-06, 9.27470409806e-06, 1.70480120687e-06, 7.69676518075e-08],
        "median": [3.76286465098e-07, 0.000178192349267, 0.000772970030084, 0.000695089169312, 0.00515678152442, 0.00282754166983, 0.000606690242421, 0.000398064876208, 0.000154780951561, 3.5078934161e-05, 2.08968594961e-05, 1.83135343832e-05, 5.14041039423e-06, 2.95808490591e-06, 2.03013337341e-06, 2.29160559684e-06, 1.33071102937e-06, 6.39945483272e-07, 2.93912307825e-07, 2.74137505585e-07, 7.18160748647e-08, 4.8014118903e-08, 2.17287237092e-08, 1.19183738434e-08, 1.04976267679e-08, 6.78448230929e-09, 2.11452522159e-09],
        "min": [2.81135827124e-23, 2.99221851772e-23, 1.49779032145e-23, 6.47239483697e-23, 1.42696380191e-22, 2.99057610931e-23, 3.47454795447e-23, 2.50278239085e-23, 6.43763320787e-23, 3.16704934252e-23, 8.82517122461e-23, 8.72844993566e-23, 8.13236328539e-23, 1.52081161769e-22, 9.18510131885e-23, 1.12176222671e-22, 2.54677394498e-22, 9.98265547125e-23, 2.04710603973e-22, 4.25459116181e-22, 3.09017087145e-22, 5.4339238263e-22, 7.78302992814e-22, 1.21526059604e-21, 1.07870975784e-21, 1.34800894796e-21, 2.04056712751e-21],
        "var": [3.40770293927e-11, 2.84085181192e-05, 2.34364579228e-05, 4.91581840834e-06, 3.28190726577e-05, 3.07961454382e-05, 3.15052420774e-05, 6.27007539151e-05, 8.06843399914e-06, 3.27986094817e-06, 4.26712347235e-07, 1.23830443499e-06, 2.26795265235e-07, 7.38241894283e-08, 1.17886422402e-07, 4.3839598618e-08, 2.42926780913e-08, 1.2564629337e-08, 1.38447093789e-08, 1.76866077339e-08, 1.46250997091e-07, 6.16537576548e-08, 1.04164579184e-08, 3.48970896624e-09, 4.6467465431e-09, 2.07874162328e-10, 3.55965962002e-13]
    },
    "erbbands": {
        "dmean": [0.00884125567973, 0.26476919651, 1.29289352894, 1.56243348122, 3.31287503242, 8.20660114288, 11.6100902557, 10.4097862244, 15.1279277802, 22.6037578583, 22.5687217712, 9.63681221008, 5.99519538879, 3.06948590279, 3.58196401596, 4.44332170486, 2.18517303467, 1.56003189087, 1.73030567169, 1.3228123188, 1.74481153488, 0.90367180109, 0.980364203453, 0.674048841, 0.7279509902, 0.638402938843, 0.72922962904, 0.99468255043, 0.656595110893, 0.318556308746, 0.247749388218, 0.105558328331, 0.074187412858, 0.0588899888098, 0.035219553858, 0.00721920514479, 0.00130098219961, 0.000160716459504, 9.31342219701e-06, 6.488712188e-06],
        "dmean2": [0.0133412107825, 0.41451561451, 2.03909158707, 2.55472636223, 4.94547128677, 13.0886983871, 17.9116840363, 16.4843139648, 24.2485523224, 33.8714981079, 32.6266021729, 13.3568105698, 8.3102388382, 4.223051548, 5.04370594025, 6.35288333893, 3.05881810188, 2.32434129715, 2.54926466942, 1.98974204063, 2.73497700691, 1.40682268143, 1.50216555595, 1.0877122879, 1.18464648724, 1.0041936636, 1.05298304558, 1.40236735344, 0.891070961952, 0.439431041479, 0.345328569412, 0.141828179359, 0.0973649919033, 0.0824807807803, 0.0496434420347, 0.00910473801196, 0.00165153958369, 0.000202675451874, 1.19788410302e-05, 9.91119213722e-06],
        "dvar": [0.00110406754538, 0.877252697945, 20.5720863342, 23.3471622467, 31.6350574493, 215.805511475, 520.371704102, 801.612609863, 1664.34790039, 4515.06005859, 7105.25, 1065.34667969, 949.125366211, 165.901168823, 158.614456177, 639.234863281, 110.425376892, 39.8907394409, 76.3335571289, 47.1900177002, 40.8192062378, 13.0434036255, 11.6453647614, 24.6887493134, 13.9511623383, 10.5153360367, 56.9366798401, 109.646896362, 37.066192627, 6.95350694656, 5.46854400635, 0.632674813271, 0.348325282335, 0.222366690636, 0.0712920203805, 0.00333509687334, 0.000107438223495, 1.5256749748e-06, 2.95001556516e-09, 1.03821812258e-10],
        "dvar2": [0.00251267710701, 2.233948946, 51.9826889038, 62.4434394836, 85.8126068115, 582.285217285, 1346.76916504, 2000.29968262, 4367.32470703, 10456.6748047, 14122.7109375, 1921.81213379, 1490.85559082, 323.677368164, 289.412506104, 1221.79589844, 188.401351929, 94.0319595337, 144.114807129, 91.7720565796, 92.1915359497, 26.4202785492, 25.4951000214, 63.4939651489, 39.7526245117, 23.8325519562, 110.986938477, 196.352508545, 64.9795837402, 12.5122966766, 12.1478233337, 1.10549712181, 0.58794426918, 0.384214878082, 0.125538110733, 0.00471402565017, 0.000159524584888, 2.20773745241e-06, 4.00616917418e-09, 2.4765803297e-10],
        "max": [0.898794412613, 22.2328071594, 94.8994979858, 167.822387695, 131.821807861, 380.615020752, 596.668823242, 991.944152832, 1145.22644043, 2347.68115234, 2791.00390625, 1342.70507812, 2053.63110352, 596.767822266, 735.672363281, 1423.23217773, 742.832580566, 385.524719238, 520.489807129, 514.447998047, 225.84437561, 179.290725708, 137.202651978, 404.530181885, 227.600662231, 146.04574585, 421.119934082, 657.982116699, 293.115020752, 113.55872345, 134.958999634, 35.9566841125, 24.1487731934, 24.3255710602, 14.4113330841, 3.79976534843, 0.587079942226, 0.0577888227999, 0.00277046766132, 0.000198842448299],
        "mean": [0.0244423858821, 0.607571899891, 2.45004630089, 3.696434021, 10.1515455246, 23.7708683014, 42.2336959839, 28.8541069031, 33.0232887268, 53.8266372681, 66.0637435913, 27.9548225403, 16.0696105957, 7.49782800674, 8.81342792511, 11.7107858658, 5.69527387619, 3.66203713417, 3.8177344799, 2.6717634201, 3.30453109741, 1.96715164185, 2.20583963394, 1.37648367882, 1.56258392334, 1.27559220791, 1.10630738735, 1.51717627048, 1.06351673603, 0.547199487686, 0.412122666836, 0.192071482539, 0.129508286715, 0.10412825644, 0.0654723569751, 0.0135804172605, 0.00232617626898, 0.000286138791125, 2.52441532211e-05, 2.8160347938e-05],
        "median": [0.00260383891873, 0.0644348710775, 0.773335695267, 2.2924118042, 7.15131378174, 16.427110672, 27.475944519, 12.9670906067, 10.3866567612, 9.72922992706, 8.81637001038, 5.12401294708, 1.97033131123, 1.13821601868, 0.905090093613, 0.869629979134, 0.360924601555, 0.211020588875, 0.156785100698, 0.139270529151, 0.142004609108, 0.0747026503086, 0.0465168952942, 0.0196813158691, 0.0166023783386, 0.0130173005164, 0.00477560982108, 0.00269647338428, 0.00185623893049, 0.00114485342056, 0.000572864315473, 0.000319500046317, 0.000199140427867, 0.000138577495818, 8.59879728523e-05, 4.39461909991e-05, 1.88192498172e-05, 3.83211772714e-06, 1.01244932011e-05, 2.19066168938e-05],
        "min": [1.50337562074e-21, 4.59934634903e-21, 1.54468030706e-20, 1.22638766969e-19, 5.03757284044e-19, 3.55196318114e-19, 3.25124063547e-19, 1.86247172467e-19, 2.34523875783e-19, 7.03045824822e-19, 5.70391800565e-19, 1.00820329935e-18, 1.85351405656e-18, 2.57439162065e-18, 3.35770229582e-18, 3.43952720881e-18, 3.22981128093e-18, 4.97414514806e-18, 6.6837955389e-18, 6.55760458696e-18, 7.0608029554e-18, 1.18499669438e-17, 7.36958699653e-18, 1.07194947694e-17, 1.17014582454e-17, 1.68467474758e-17, 1.378929189e-17, 1.48389948407e-17, 1.74471796845e-17, 1.97797231327e-17, 2.34369814428e-17, 3.38600659659e-17, 1.45928904105e-17, 1.40418160689e-17, 6.46051963924e-18, 4.6145176234e-18, 2.49062117886e-18, 1.19319738366e-18, 2.75871661924e-19, 2.840069057e-20],
        "var": [0.0043299109675, 2.20119667053, 28.2980823517, 32.9153900146, 102.865692139, 717.069702148, 2090.49047852, 2532.16723633, 4801.63085938, 15239.7998047, 30325.9257812, 6266.18017578, 5391.06201172, 540.714294434, 758.240112305, 3070.56958008, 530.866210938, 183.192276001, 327.367034912, 108.302993774, 96.4228897095, 43.2264709473, 49.0515861511, 45.6700935364, 36.5037689209, 27.7985897064, 130.314544678, 266.961761475, 95.1669311523, 17.4966239929, 9.75485134125, 1.6991468668, 1.0439555645, 0.651142477989, 0.221843168139, 0.0119168106467, 0.000371755741071, 5.10999734615e-06, 1.07027107177e-08, 5.05960107144e-10]
    },
    "gfcc": {
        "mean": [-179.867721558, 195.463287354, -63.6789512634, -9.45584201813, -61.8779640198, -21.7308006287, -39.064994812, -11.611536026, -19.7701854706, -13.8493871689, -9.7075843811, -11.0426206589, -6.00945091248],
        "cov": [[15649.0664062, -1031.7479248, -5118.88427734, 727.124450684, -192.090896606, 371.286193848, -100.084251404, 624.666442871, 190.367980957, 273.264068604, 165.527557373, -152.178405762, -322.189819336], [-1031.7479248, 2921.703125, 522.165588379, -985.306091309, 759.153747559, -424.261871338, 376.112792969, -193.3203125, 286.225524902, -208.547485352, 237.926376343, -69.7704086304, 207.1615448], [-5118.88427734, 522.165588379, 3221.72094727, -202.297897339, -368.382659912, 265.60848999, 42.9124946594, -187.345184326, -56.0167312622, -37.6440048218, -82.2832107544, 78.4558105469, 102.172821045], [727.124450684, -985.306091309, -202.297897339, 1046.97277832, 72.4347915649, 108.227081299, -0.84899020195, 153.879165649, -19.7313270569, 139.870346069, 16.2984981537, 58.4888420105, -15.1997900009], [-192.090896606, 759.153747559, -368.382659912, 72.4347915649, 820.143188477, -127.625534058, 115.895103455, 11.951215744, 121.67590332, -62.0944862366, 108.412742615, 41.193321228, 124.837158203], [371.286193848, -424.261871338, 265.60848999, 108.227081299, -127.625534058, 492.67779541, -10.6747989655, 39.3012084961, -43.7566795349, 36.423122406, -41.8750419617, 49.842754364, -48.6597557068], [-100.084251404, 376.112792969, 42.9124946594, -0.84899020195, 115.895103455, -10.6747989655, 319.464935303, 33.1685447693, 64.4728469849, 57.0959205627, 82.8806838989, -25.3665046692, -4.36540985107], [624.666442871, -193.3203125, -187.345184326, 153.879165649, 11.951215744, 39.3012084961, 33.1685447693, 199.701812744, 67.9832000732, 47.2546958923, 32.9293785095, -3.00694322586, -46.0884056091], [190.367980957, 286.225524902, -56.0167312622, -19.7313270569, 121.67590332, -43.7566795349, 64.4728469849, 67.9832000732, 179.258453369, 33.3582458496, 42.2660293579, -7.79826211929, 5.3654961586], [273.264068604, -208.547485352, -37.6440048218, 139.870346069, -62.0944862366, 36.423122406, 57.0959205627, 47.2546958923, 33.3582458496, 147.308563232, 35.7301025391, -6.0491065979, -24.3741798401], [165.527557373, 237.926376343, -82.2832107544, 16.2984981537, 108.412742615, -41.8750419617, 82.8806838989, 32.9293785095, 42.2660293579, 35.7301025391, 160.941436768, 33.9632034302, 11.5368690491], [-152.178405762, -69.7704086304, 78.4558105469, 58.4888420105, 41.193321228, 49.842754364, -25.3665046692, -3.00694322586, -7.79826211929, -6.0491065979, 33.9632034302, 132.363769531, 47.6910743713], [-322.189819336, 207.1615448, 102.172821045, -15.1997900009, 124.837158203, -48.6597557068, -4.36540985107, -46.0884056091, 5.3654961586, -24.3741798401, 11.5368690491, 47.6910743713, 132.283157349]],
        "icov": [[0.0004367591755, -0.00109499925748, 0.000995475333184, -0.000852888799272, 0.00117366050836, -0.00103919534013, 0.000791447353549, -0.000910284812562, 0.000513282429893, -0.00082962657325, 0.000593459291849, -0.000295388454106, 1.18690750242e-05], [-0.00109499925748, 0.00523011106998, -0.00299038086087, 0.00375831872225, -0.00430198200047, 0.00320796691813, -0.00355719169602, 0.00366080924869, -0.00380789418705, 0.00445892242715, -0.00415724795312, 0.00267194025218, -0.00134278694168], [0.000995475333184, -0.00299038086087, 0.00277298106812, -0.00227051717229, 0.00323866261169, -0.00272874697112, 0.00188475952018, -0.00199238723144, 0.00144085776992, -0.00214584195055, 0.00195111799985, -0.00118396594189, -0.000184254487976], [-0.000852888799272, 0.00375831872225, -0.00227051717229, 0.00413393601775, -0.00362445996143, 0.00240839039907, -0.00237962580286, 0.00154951075092, -0.00168668129481, 0.00157031335402, -0.00238175527193, 0.0012043210445, -0.000835314858705], [0.00117366050836, -0.00430198200047, 0.00323866261169, -0.00362445996143, 0.00612997356802, -0.0032020190265, 0.00229548523203, -0.00279835844412, 0.00131209869869, -0.00166699732654, 0.00206548767164, -0.0016887683887, -0.00111592910253], [-0.00103919534013, 0.00320796691813, -0.00272874697112, 0.00240839039907, -0.0032020190265, 0.00532337091863, -0.00245627807453, 0.0018199213082, -0.00110234611202, 0.00181589124259, -0.000961366633419, -0.000483617419377, 0.000999943469651], [0.000791447353549, -0.00355719169602, 0.00188475952018, -0.00237962580286, 0.00229548523203, -0.00245627807453, 0.00678996695206, -0.00266946386546, 0.00215214141645, -0.00450696190819, 0.000932130089495, -0.000294484896585, 0.00110054924153], [-0.000910284812562, 0.00366080924869, -0.00199238723144, 0.00154951075092, -0.00279835844412, 0.0018199213082, -0.00266946386546, 0.010718443431, -0.0058011431247, 0.0033714834135, -0.00376836885698, 0.00159566907678, 0.00133331073448], [0.000513282429893, -0.00380789418705, 0.00144085776992, -0.00168668129481, 0.00131209869869, -0.00110234611202, 0.00215214141645, -0.0058011431247, 0.0117919752374, -0.0059287250042, 0.00350320502184, -0.00215012184344, 0.00121186161414], [-0.00082962657325, 0.00445892242715, -0.00214584195055, 0.00157031335402, -0.00166699732654, 0.00181589124259, -0.00450696190819, 0.0033714834135, -0.0059287250042, 0.0148112336174, -0.00612300122157, 0.00352078280412, -0.0016643932322], [0.000593459291849, -0.00415724795312, 0.00195111799985, -0.00238175527193, 0.00206548767164, -0.000961366633419, 0.000932130089495, -0.00376836885698, 0.00350320502184, -0.00612300122157, 0.0131969349459, -0.006115749944, 0.00237379013561], [-0.000295388454106, 0.00267194025218, -0.00118396594189, 0.0012043210445, -0.0016887683887, -0.000483617419377, -0.000294484896585, 0.00159566907678, -0.00215012184344, 0.00352078280412, -0.006115749944, 0.0129956565797, -0.00530485343188], [1.18690750242e-05, -0.00134278694168, -0.000184254487976, -0.000835314858705, -0.00111592910253, 0.000999943469651, 0.00110054924153, 0.00133331073448, 0.00121186161414, -0.0016643932322, 0.00237379013561, -0.00530485343188, 0.013009105809]]
    },
    "melbands": {
        "dmean": [0.000162842407008, 0.000559803389478, 0.000300392566714, 0.000394186092308, 0.000395094946725, 0.000243679925916, 0.000239576402237, 0.000244218623266, 0.000169517719769, 5.59538129892e-05, 2.91960841423e-05, 1.22314049804e-05, 1.1224435184e-05, 1.16494056783e-05, 8.30890621728e-06, 4.35661831943e-06, 3.05746493723e-06, 2.83990129901e-06, 2.17321917262e-06, 2.46429158324e-06, 2.06127810998e-06, 1.14667454909e-06, 7.42780741803e-07, 9.10250832931e-07, 5.99622694608e-07, 3.57578358035e-07, 8.97681843526e-07, 3.69713546888e-07, 3.85960703397e-07, 6.74278624047e-07, 6.09100652582e-07, 4.15315156488e-07, 2.73262230621e-07, 1.45097416748e-07, 1.62263532388e-07, 8.83877646629e-08, 6.34826591295e-08, 5.61652271358e-08, 4.6911903695e-08, 5.32001607212e-08],
        "dmean2": [0.000251404795563, 0.000883980945218, 0.000484188291011, 0.000602851156145, 0.000617500802036, 0.00038645992754, 0.000382657599403, 0.000362724385923, 0.000244106719038, 7.80278205639e-05, 4.05666614824e-05, 1.69890772668e-05, 1.58704242494e-05, 1.65637084137e-05, 1.21515877254e-05, 6.22505194769e-06, 4.60123510493e-06, 4.19753314418e-06, 3.19207174471e-06, 3.84563418265e-06, 3.24784286931e-06, 1.82497649348e-06, 1.12296163479e-06, 1.4177671801e-06, 9.86814370663e-07, 5.83573978474e-07, 1.5009005665e-06, 5.81394431265e-07, 5.79706977533e-07, 9.80665163297e-07, 8.62907313604e-07, 5.68581810967e-07, 3.84428801681e-07, 2.02986626618e-07, 2.30832640113e-07, 1.26412885493e-07, 8.76641976788e-08, 7.54800524305e-08, 6.67574724389e-08, 7.52555138206e-08],
        "dvar": [3.56039492999e-07, 3.70841416952e-06, 6.12071346495e-07, 4.01386472504e-07, 4.72633814752e-07, 3.68053690636e-07, 3.82804472565e-07, 4.9788815204e-07, 4.09619303809e-07, 4.08570350885e-08, 2.29404601981e-08, 2.84993850741e-09, 1.43085643334e-09, 3.3106803965e-09, 1.63261237862e-09, 3.90873472478e-10, 1.84076323628e-10, 2.2554853818e-10, 3.08568309793e-10, 1.11721062956e-10, 6.79620734689e-11, 2.39939630664e-11, 8.59394326536e-12, 1.24237131e-11, 2.20656860839e-11, 8.43632715769e-12, 1.94573853557e-11, 4.4975555398e-12, 1.71195436299e-11, 6.2400286327e-11, 4.01665749272e-11, 1.56969194587e-11, 5.60101270919e-12, 1.41300241906e-12, 2.38153160387e-12, 5.75263198622e-13, 2.3181638358e-13, 2.0579273962e-13, 1.45258655907e-13, 1.79387226102e-13],
        "dvar2": [8.61208434344e-07, 9.49044988374e-06, 1.62209835253e-06, 1.02147419057e-06, 1.22260780699e-06, 9.33835792694e-07, 9.868701909e-07, 1.11603321784e-06, 8.12978043996e-07, 7.17822388197e-08, 3.60429091018e-08, 5.68669289436e-09, 2.65151856027e-09, 6.54671294953e-09, 3.09125569586e-09, 6.90551282823e-10, 4.40713548988e-10, 4.24792173659e-10, 5.54766010907e-10, 2.47844106349e-10, 1.55444407346e-10, 5.13851738937e-11, 1.61135653431e-11, 2.8691859652e-11, 5.60507265601e-11, 2.34060496679e-11, 5.88028445381e-11, 9.89004971669e-12, 3.83768503087e-11, 1.22271581748e-10, 7.79483699809e-11, 2.90352013266e-11, 1.09305646132e-11, 2.57724657587e-12, 5.31802900328e-12, 1.27528868542e-12, 4.19664709884e-13, 3.6313654991e-13, 2.75436818535e-13, 3.21960367438e-13],
        "max": [0.0144037418067, 0.03873950243, 0.02397881262, 0.014753356576, 0.0158954579383, 0.0192141830921, 0.0180984456092, 0.0231008157134, 0.0210941620171, 0.00863117817789, 0.0101341018453, 0.00250542769209, 0.00199753930792, 0.0032493812032, 0.00190494314302, 0.00105610920582, 0.000862523855176, 0.000971741857938, 0.00154941447545, 0.000482487725094, 0.000271537923254, 0.00027311060694, 0.000163813936524, 0.000180162081961, 0.000380469486117, 0.00025280713453, 0.00014729652321, 0.000106562372821, 0.00020376786415, 0.000478286558064, 0.0003533885465, 0.000179460694198, 0.000120931363199, 4.78400579595e-05, 8.54168247315e-05, 3.95054230466e-05, 2.32089914789e-05, 1.81982359209e-05, 1.56793212227e-05, 2.34128401644e-05],
        "mean": [0.000410494976677, 0.00115915562492, 0.000791526166722, 0.00120540219359, 0.0013898027828, 0.000689633539878, 0.000513380917255, 0.000608643807936, 0.000489472353365, 0.000152069493197, 7.43402779335e-05, 2.7984897315e-05, 2.61377208517e-05, 3.06021393044e-05, 2.04304178624e-05, 1.03926258817e-05, 6.34855041426e-06, 5.92783999309e-06, 4.20501692133e-06, 4.37410108134e-06, 3.72798513126e-06, 2.19029379878e-06, 1.67154234987e-06, 1.87764942439e-06, 1.05244964743e-06, 7.38387484489e-07, 1.63441586665e-06, 6.59939928482e-07, 5.62933507808e-07, 9.16324893296e-07, 8.74962950093e-07, 6.4579495529e-07, 4.31165204873e-07, 2.43950069034e-07, 2.57343032217e-07, 1.50441707092e-07, 1.0980869547e-07, 9.45818285913e-08, 7.83098812462e-08, 9.07253294713e-08],
        "median": [3.55543379555e-05, 0.000323796411976, 0.00055737135699, 0.000867530703545, 0.000990079715848, 0.000356653530616, 0.000147259910591, 9.0684130555e-05, 6.01055144216e-05, 2.54569276876e-05, 7.49759919927e-06, 3.71958321921e-06, 2.56784232988e-06, 2.55195413956e-06, 1.23233030536e-06, 4.61681509023e-07, 3.13482246384e-07, 2.18785487505e-07, 1.46536251577e-07, 1.61017425171e-07, 1.39122548148e-07, 7.2177272159e-08, 3.98424546688e-08, 2.81023879722e-08, 1.1891291507e-08, 9.4062304612e-09, 1.1029111846e-08, 7.11136305398e-09, 2.82663270568e-09, 1.42688660887e-09, 1.14528031503e-09, 9.49031520037e-10, 7.56431361992e-10, 4.34579150443e-10, 3.20758863914e-10, 2.25892887729e-10, 1.55778362432e-10, 1.25824156649e-10, 1.06610456574e-10, 1.0211727991e-10],
        "min": [1.23781474147e-23, 6.97850811447e-24, 3.30220298815e-23, 3.37474505927e-23, 1.11285601864e-23, 4.29366143874e-24, 5.02525577541e-24, 7.60450789694e-24, 3.95244990938e-24, 7.95394487896e-24, 9.14191102652e-24, 9.47435121148e-24, 1.07235369096e-23, 9.32948637256e-24, 1.09298863563e-23, 5.51131202773e-24, 1.11033095377e-23, 1.29114568297e-23, 7.17346246542e-24, 1.0436624254e-23, 8.11462559016e-24, 1.22952160455e-23, 1.05119241829e-23, 4.8767992528e-24, 9.28089569624e-24, 6.79034427819e-24, 1.14168462488e-23, 1.19874774621e-23, 9.9160951746e-24, 7.39188463944e-24, 9.20091072248e-24, 9.43195388212e-24, 1.00609655355e-23, 1.13782693728e-23, 1.3353381442e-23, 1.76051650163e-23, 2.06021233259e-23, 9.88976299758e-24, 9.5493348071e-24, 1.28482177952e-23],
        "var": [1.17942170164e-06, 5.62466721021e-06, 9.69400502981e-07, 1.63087850069e-06, 1.8636542336e-06, 1.14924205263e-06, 1.12049110612e-06, 1.93329196918e-06, 1.71415399564e-06, 2.42975659148e-07, 1.29168128638e-07, 8.63727578349e-09, 6.38879038561e-09, 1.65265809926e-08, 6.5956289319e-09, 2.08478390107e-09, 7.55496554206e-10, 8.90071072401e-10, 7.19420689688e-10, 2.93185503653e-10, 1.39727035497e-10, 6.03787644882e-11, 3.70383654302e-11, 4.3463174032e-11, 3.76345760111e-11, 1.40664936296e-11, 4.30861769873e-11, 1.06161954228e-11, 3.01878452791e-11, 1.31902752609e-10, 8.65907831549e-11, 3.76762752941e-11, 1.2475850214e-11, 3.46109252369e-12, 4.07224557894e-12, 1.11886097175e-12, 5.9175109474e-13, 5.76264025647e-13, 3.95158840545e-13, 5.00445117204e-13]
    },
    "mfcc": {
        "mean": [-823.727416992, 214.796478271, 47.5075531006, 15.4853477478, -4.30128622055, -13.1554136276, -13.8016710281, -8.65438938141, -11.9298620224, -8.32367897034, -8.53045749664, -4.76907634735, -1.81586492062],
        "cov": [[12801.3574219, -199.204315186, -3990.40820312, -67.5168914795, -259.772247314, -130.074371338, -81.2420043945, 297.703643799, -96.3637924194, 490.771331787, 348.225769043, 195.666015625, 289.515258789], [-199.204315186, 2428.25830078, 48.496547699, -216.724075317, 166.169967651, -80.9155044556, 70.4674758911, 56.8601799011, 95.1514205933, -34.2655181885, -29.5949077606, 122.243621826, 143.080047607], [-3990.40820312, 48.496547699, 2697.26098633, -46.4307022095, -117.813842773, 212.509506226, -13.4706659317, -54.9322929382, 47.8837432861, -132.187576294, -40.3655738831, -105.670928955, -146.251251221], [-67.5168914795, -216.724075317, -46.4307022095, 731.54675293, 209.773208618, 11.0702800751, 123.525268555, 6.0226764679, 70.0966110229, 79.8650970459, 35.7113304138, 65.8221664429, 102.638076782], [-259.772247314, 166.169967651, -117.813842773, 209.773208618, 485.970581055, 98.3418197632, 58.7413749695, 74.836769104, 91.8793945312, -4.71447610855, -51.5962753296, 32.0282287598, 83.2368469238], [-130.074371338, -80.9155044556, 212.509506226, 11.0702800751, 98.3418197632, 321.578186035, 130.028945923, 69.3324203491, 48.4192695618, 17.0914516449, 25.7352790833, -12.4976882935, -0.736428499222], [-81.2420043945, 70.4674758911, -13.4706659317, 123.525268555, 58.7413749695, 130.028945923, 234.191452026, 79.1428833008, 24.6239433289, 34.1134757996, 36.8174133301, 36.9642295837, 45.4717750549], [297.703643799, 56.8601799011, -54.9322929382, 6.0226764679, 74.836769104, 69.3324203491, 79.1428833008, 185.573928833, 40.496799469, 30.952753067, 45.4852180481, 27.2863578796, 40.8228340149], [-96.3637924194, 95.1514205933, 47.8837432861, 70.0966110229, 91.8793945312, 48.4192695618, 24.6239433289, 40.496799469, 149.202835083, 37.4491386414, 7.06426668167, 26.7024402618, 22.2694911957], [490.771331787, -34.2655181885, -132.187576294, 79.8650970459, -4.71447610855, 17.0914516449, 34.1134757996, 30.952753067, 37.4491386414, 178.33404541, 109.46546936, 30.1832141876, 16.8163986206], [348.225769043, -29.5949077606, -40.3655738831, 35.7113304138, -51.5962753296, 25.7352790833, 36.8174133301, 45.4852180481, 7.06426668167, 109.46546936, 189.787872314, 74.3949279785, 13.0342264175], [195.666015625, 122.243621826, -105.670928955, 65.8221664429, 32.0282287598, -12.4976882935, 36.9642295837, 27.2863578796, 26.7024402618, 30.1832141876, 74.3949279785, 158.776931763, 87.5171051025], [289.515258789, 143.080047607, -146.251251221, 102.638076782, 83.2368469238, -0.736428499222, 45.4717750549, 40.8228340149, 22.2694911957, 16.8163986206, 13.0342264175, 87.5171051025, 155.679992676]],
