{
"lowlevel": {
    "average_loudness": 0.87432128191,
    "barkbands_crest": {
        "dmean": 1.51214921474,
        "dmean2": 2.41160774231,
        "dvar": 2.46320080757,
        "dvar2": 5.59041070938,
        "max": 24.8368663788,
        "mean": 7.13011789322,
        "median": 6.38064813614,
        "min": 2.33750343323,
        "var": 9.52151679993
    },
    "barkbands_flatness_db": {
        "dmean": 0.0106651084498,
        "dmean2": 0.0167196318507,
        "dvar": 0.000110306697024,
        "dvar2": 0.000264149042778,
        "max": 0.230866625905,
        "mean": 0.0873929932714,
        "median": 0.0784161910415,
        "min": 0.0288284756243,
        "var": 0.00121431553271
    },
    "barkbands_kurtosis": {
        "dmean": 0.8652972579,
        "dmean2": 1.39218199253,
        "dvar": 2.85172009468,
        "dvar2": 7.43461704254,
        "max": 60.4101600647,
        "mean": 0.414203435183,
        "median": -0.306598424911,
        "min": -1.91550195217,
        "var": 8.45261859894
    },
    "barkbands_skewness": {
        "dmean": 0.326369017363,
        "dmean2": 0.496912240982,
        "dvar": 0.147546231747,
        "dvar2": 0.294515609741,
        "max": 5.51918888092,
        "mean": 0.646977603436,
        "median": 0.71118927002,
        "min": -7.13103055954,
        "var": 0.915012478828
    },
    "barkbands_spread": {
        "dmean": 5.16304159164,
        "dmean2": 7.94916009903,
        "dvar": 39.0384483337,
        "dvar2": 85.0485687256,
        "max": 114.588356018,
        "mean": 35.6544761658,
        "median": 34.0526580811,
        "min": 4.38281440735,
        "var": 161.172622681
    },
    "dissonance": {
        "dmean": 0.0123641937971,
        "dmean2": 0.0208231471479,
        "dvar": 0.000113628164399,
        "dvar2": 0.000315321231028,
        "max": 0.499996960163,
        "mean": 0.472587615252,
        "median": 0.474744796753,
        "min": 0.389746874571,
        "var": 0.000267903145868
    },
    "dynamic_complexity": 4.16016864777,
    "erbbands_crest": {
        "dmean": 1.76032376289,
        "dmean2": 2.88628649712,
        "dvar": 3.41231656075,
        "dvar2": 7.99201822281,
        "max": 26.0482616425,
        "mean": 6.6028008461,
        "median": 5.89858293533,
        "min": 2.37023115158,
        "var": 9.29658508301
    },
    "erbbands_flatness_db": {
        "dmean": 0.00990717951208,
        "dmean2": 0.0155021185055,
        "dvar": 9.22356412048e-05,
        "dvar2": 0.000195513319341,
        "max": 0.264734059572,
        "mean": 0.121505647898,
        "median": 0.110135219991,
        "min": 0.0489238314331,
        "var": 0.00138857099228
    },
    "erbbands_kurtosis": {
        "dmean": 0.539636731148,
        "dmean2": 0.828419625759,
        "dvar": 0.823614001274,
        "dvar2": 1.51607692242,
        "max": 22.0873298645,
        "mean": -0.180830582976,
        "median": -0.554082155228,
        "min": -1.69763708115,
        "var": 2.33439016342
    },
    "erbbands_skewness": {
        "dmean": 0.266359239817,
        "dmean2": 0.417456895113,
        "dvar": 0.0691818743944,
        "dvar2": 0.137677520514,
        "max": 1.58513116837,
        "mean": -0.156348243356,
        "median": -0.0663172677159,
        "min": -4.37545776367,
        "var": 0.377017945051
    },
    "erbbands_spread": {
        "dmean": 6.95331335068,
        "dmean2": 10.8897867203,
        "dvar": 56.9495735168,
        "dvar2": 123.654548645,
        "max": 149.600830078,
        "mean": 44.5921859741,
        "median": 42.9523887634,
        "min": 6.97541427612,
        "var": 217.564544678
    },
    "hfc": {
        "dmean": 18.9272651672,
        "dmean2": 26.0293445587,
        "dvar": 6523.91699219,
        "dvar2": 13945.5400391,
        "max": 1368.32739258,
        "mean": 42.9617385864,
        "median": 15.3050937653,
        "min": 1.25632839944e-16,
        "var": 14068.1103516
    },
    "melbands_crest": {
        "dmean": 1.88963782787,
        "dmean2": 2.90778303146,
        "dvar": 3.2537176609,
        "dvar2": 7.92354393005,
        "max": 28.2482395172,
        "mean": 11.1828365326,
        "median": 10.796046257,
        "min": 1.69011390209,
        "var": 18.2551803589
    },
    "melbands_flatness_db": {
        "dmean": 0.0122505454347,
        "dmean2": 0.0185125023127,
        "dvar": 0.000206028664252,
        "dvar2": 0.000450602296041,
        "max": 0.279523640871,
        "mean": 0.116713881493,
        "median": 0.115988142788,
        "min": 0.004220883362,
        "var": 0.0012586817611
    },
    "melbands_kurtosis": {
        "dmean": 2.35926961899,
        "dmean2": 3.79934120178,
        "dvar": 17.8112888336,
        "dvar2": 46.8729476929,
        "max": 108.508277893,
        "mean": 4.72168970108,
        "median": 3.20487785339,
        "min": -1.82160198689,
        "var": 34.8046264648
    },
    "melbands_skewness": {
        "dmean": 0.412038117647,
        "dmean2": 0.633059740067,
        "dvar": 0.223199769855,
        "dvar2": 0.514159440994,
        "max": 8.4593000412,
        "mean": 1.83919513226,
        "median": 1.77152252197,
        "min": -1.21109044552,
        "var": 0.943680524826
    },
    "melbands_spread": {
        "dmean": 9.13645935059,
        "dmean2": 13.8154735565,
        "dvar": 221.20765686,
        "dvar2": 350.158996582,
        "max": 234.172927856,
        "mean": 47.8910865784,
        "median": 40.0629196167,
        "min": 3.27300047874,
        "var": 1131.95385742
    },
    "pitch_salience": {
        "dmean": 0.0436202399433,
        "dmean2": 0.0690687522292,
        "dvar": 0.00164700392634,
        "dvar2": 0.00375141273253,
        "max": 0.85601568222,
        "mean": 0.518606960773,
        "median": 0.505219101906,
        "min": 0.205260649323,
        "var": 0.00885872077197
    },
    "silence_rate_20dB": {
        "dmean": 0,
        "dmean2": 0,
        "dvar": 0,
        "dvar2": 0,
        "max": 1,
        "mean": 1,
        "median": 1,
        "min": 1,
        "var": 0
    },
    "silence_rate_30dB": {
        "dmean": 0.00403721258044,
        "dmean2": 0.00807513389736,
        "dvar": 0.00402054935694,
        "dvar2": 0.0118715865538,
        "max": 1,
        "mean": 0.997893810272,
        "median": 1,
        "min": 0,
        "var": 0.00210148701444
    },
    "silence_rate_60dB": {
        "dmean": 0.00438827462494,
        "dmean2": 0.00877731945366,
        "dvar": 0.00436883885413,
        "dvar2": 0.0111572006717,
        "max": 1,
        "mean": 0.130671352148,
        "median": 0,
        "min": 0,
        "var": 0.113609783351
    },
    "spectral_centroid": {
        "dmean": 264.916656494,
        "dmean2": 420.744873047,
        "dvar": 81454.515625,
        "dvar2": 160867.953125,
        "max": 11137.8701172,
        "mean": 2202.83520508,
        "median": 2138.2590332,
        "min": 398.96105957,
        "var": 497370.25
    },
    "spectral_complexity": {
        "dmean": 2.69580483437,
        "dmean2": 4.35916805267,
        "dvar": 10.9164485931,
        "dvar2": 22.7477283478,
        "max": 61,
        "mean": 18.8184299469,
        "median": 19,
        "min": 0,
        "var": 79.3366699219
    },
    "spectral_decrease": {
        "dmean": 5.66780566924e-10,
        "dmean2": 9.28738363992e-10,
        "dvar": 1.18278617828e-18,
        "dvar2": 3.24930275809e-18,
        "max": 6.29396326723e-11,
        "mean": -2.8581392808e-09,
        "median": -2.85953793977e-09,
        "min": -1.74712688761e-08,
        "var": 3.40294266468e-18
    },
    "spectral_energy": {
        "dmean": 0.00361619819887,
        "dmean2": 0.00556792784482,
        "dvar": 9.43570848904e-05,
        "dvar2": 0.000221938971663,
        "max": 0.161651968956,
        "mean": 0.0146840382367,
        "median": 0.0126386499032,
        "min": 1.11966489169e-20,
        "var": 0.000229138095165
    },
    "spectral_energyband_high": {
        "dmean": 0.00180812110193,
        "dmean2": 0.00249106693082,
        "dvar": 6.98678777553e-05,
        "dvar2": 0.00015030358918,
        "max": 0.140065580606,
        "mean": 0.00371111114509,
        "median": 0.000830876815598,
        "min": 8.31790932778e-21,
        "var": 0.000153837128892
    },
    "spectral_energyband_low": {
        "dmean": 0.000652937742416,
        "dmean2": 0.00102067552507,
        "dvar": 3.43347392118e-06,
        "dvar2": 9.44321527641e-06,
        "max": 0.0360603481531,
        "mean": 0.00224820175208,
        "median": 0.00145562167745,
        "min": 6.10873059075e-23,
        "var": 6.97909172231e-06
    },
    "spectral_energyband_middle_high": {
        "dmean": 0.00107791437767,
        "dmean2": 0.00166000297759,
        "dvar": 2.81950701719e-06,
        "dvar2": 5.68820269109e-06,
        "max": 0.0346285924315,
        "mean": 0.00396635523066,
        "median": 0.00352757819928,
        "min": 1.44978558577e-21,
        "var": 1.0350336197e-05
    },
    "spectral_energyband_middle_low": {
        "dmean": 0.00152117467951,
        "dmean2": 0.00250490475446,
        "dvar": 1.11071067295e-05,
        "dvar2": 3.13914315484e-05,
        "max": 0.0474597029388,
        "mean": 0.00553537532687,
        "median": 0.00483563030139,
        "min": 3.46727213256e-22,
        "var": 2.18332133954e-05
    },
    "spectral_entropy": {
        "dmean": 0.10480568558,
        "dmean2": 0.163762748241,
        "dvar": 0.0129347480834,
        "dvar2": 0.0249240789562,
        "max": 9.79162597656,
        "mean": 7.78947162628,
        "median": 7.71798801422,
        "min": 6.30521535873,
        "var": 0.105290800333
    },
    "spectral_flux": {
        "dmean": 0.0115215713158,
        "dmean2": 0.0177858863026,
        "dvar": 0.000511010584887,
        "dvar2": 0.00106049107853,
        "max": 0.365691006184,
        "mean": 0.052272811532,
        "median": 0.0444532781839,
        "min": 1.05814218498e-10,
        "var": 0.00166825577617
    },
    "spectral_kurtosis": {
        "dmean": 0.523735582829,
        "dmean2": 0.884600639343,
        "dvar": 0.214867725968,
        "dvar2": 0.563338458538,
        "max": 9.72727394104,
        "mean": 2.98849248886,
        "median": 3.13984823227,
        "min": -1.22588193417,
        "var": 1.23127245903
    },
    "spectral_rms": {
        "dmean": 0.000359254248906,
        "dmean2": 0.000552667421289,
        "dvar": 4.54658987792e-07,
        "dvar2": 9.98408154373e-07,
        "max": 0.0125582339242,
        "mean": 0.00340754841454,
        "median": 0.00351146538742,
        "min": 3.3050808184e-12,
        "var": 2.71456497103e-06
    },
    "spectral_rolloff": {
        "dmean": 696.619995117,
        "dmean2": 1117.70227051,
        "dvar": 1419550,
        "dvar2": 2515664.25,
        "max": 19982.8125,
        "mean": 3577.13598633,
        "median": 3273.046875,
        "min": 193.798828125,
        "var": 8612262
    },
    "spectral_skewness": {
        "dmean": 0.101135328412,
        "dmean2": 0.16489289701,
        "dvar": 0.00844914279878,
        "dvar2": 0.0202444065362,
        "max": 1.99644517899,
        "mean": 1.30390584469,
        "median": 1.35382521152,
        "min": -0.00248408713378,
        "var": 0.0577247105539
    },
    "spectral_spread": {
        "dmean": 427807.375,
        "dmean2": 680377,
        "dvar": 465462034432,
        "dvar2": 771044999168,
        "max": 41476220,
        "mean": 5881667.5,
        "median": 5540552,
        "min": 3127532,
        "var": 2.13418023322e+12
    },
    "spectral_strongpeak": {
        "dmean": 0.803542017937,
        "dmean2": 1.35826349258,
        "dvar": 5.99249601364,
        "dvar2": 14.6619501114,
        "max": 39.9297409058,
        "mean": 1.26998102665,
        "median": 0.462106734514,
        "min": 0,
        "var": 8.46776103973
    },
    "zerocrossingrate": {
        "dmean": 0.0135519690812,
        "dmean2": 0.0148206837475,
        "dvar": 0.000495307554957,
        "dvar2": 0.000392114074202,
        "max": 0.78662109375,
        "mean": 0.128056392074,
        "median": 0.10693359375,
        "min": 0.0263671875,
        "var": 0.00651599979028
    },
    "barkbands": {
        "dmean": [9.9396411315e-06, 0.000181532232091, 0.000321023282595, 0.000512680970132, 0.000743382202927, 0.000515464751516, 0.000230959034525, 0.000184797245311, 0.000220796384383, 0.000269433803624, 0.000112823596282, 0.000180999821168, 9.3766284408e-05, 0.000447496102424, 0.000119634722068, 6.50547299301e-05, 0.000115851093142, 5.82760185353e-05, 0.000550067285076, 0.000222643735469, 0.00021692905284, 0.000290028954623, 0.000388930842746, 0.000271824275842, 0.000345693697454, 0.000274982885458, 0.000220551330131],
        "dmean2": [1.24644739117e-05, 0.00027329401928, 0.000510106678121, 0.000832939404063, 0.0012680987129, 0.000761895556934, 0.000382789905416, 0.000252779165749, 0.000321186176734, 0.00039004246355, 0.000165951016243, 0.000240021690843, 0.000134863817948, 0.000746742298361, 0.000199915899429, 0.000102284575405, 0.000191383733181, 9.66039224295e-05, 0.000883538683411, 0.000355365569703, 0.000341433391441, 0.000456939451396, 0.000594199635088, 0.000354112504283, 0.000549773219973, 0.000403091893531, 0.000301774562104],
        "dvar": [1.77412995406e-09, 3.82052803616e-07, 9.73854980657e-07, 3.26703843712e-06, 2.55765030488e-06, 5.61797889986e-07, 3.07711843561e-07, 7.7253567099e-08, 9.24774781197e-08, 1.72640227447e-07, 2.0102664422e-08, 1.12561203025e-07, 1.31682895699e-08, 3.50285660033e-07, 2.8435083621e-08, 6.65485444529e-09, 2.02316687847e-08, 1.17307976666e-08, 2.30272530644e-06, 2.30165781545e-07, 5.00190537878e-07, 1.90889295482e-06, 3.3563769648e-06, 1.61265245424e-06, 3.10647305923e-06, 1.86588738416e-06, 1.09609698029e-06],
        "dvar2": [2.46140441362e-09, 8.14936356619e-07, 2.73601540357e-06, 9.24778487388e-06, 7.45472652852e-06, 1.24683128888e-06, 9.09915172542e-07, 1.56518879635e-07, 2.00919174631e-07, 3.53797446451e-07, 4.37134524134e-08, 1.82011390848e-07, 2.76636615837e-08, 8.99956944522e-07, 7.78361197717e-08, 1.60978217423e-08, 5.30427399781e-08, 2.99254878655e-08, 4.25690177508e-06, 4.39719229917e-07, 1.21060168112e-06, 4.64877712147e-06, 7.78730282036e-06, 3.14695580528e-06, 7.73800820753e-06, 3.52661709258e-06, 2.22018366003e-06],
        "max": [0.000763273506891, 0.0122341215611, 0.0206793621182, 0.0317573361099, 0.0269959736615, 0.0110599007457, 0.0109526365995, 0.00646336004138, 0.00648158462718, 0.00720874127001, 0.00303280702792, 0.00668935850263, 0.00215192185715, 0.00873847305775, 0.00266809482127, 0.00120010063984, 0.00204788381234, 0.00222335825674, 0.0330690965056, 0.00908319465816, 0.0114590153098, 0.023446071893, 0.0282106436789, 0.0200046952814, 0.0277419593185, 0.0341331362724, 0.0163948237896],
        "mean": [1.98278285097e-05, 0.000470940198284, 0.0010139279766, 0.00128170801327, 0.00149803666864, 0.00129464443307, 0.000452592066722, 0.000470001745271, 0.000496365595609, 0.000619638012722, 0.00025685748551, 0.000434465910075, 0.000213913779589, 0.000640352780465, 0.000190785751329, 0.000137647031806, 0.000213338120375, 0.000113226771646, 0.000936271389946, 0.000429731415352, 0.000465234305011, 0.000483960291604, 0.000695566297509, 0.000535266823135, 0.000548267445993, 0.000467339123134, 0.000304141518427],
        "median": [2.41883299168e-07, 0.000180675691809, 0.000496770546306, 0.000342067389283, 0.000856939586811, 0.000633171759546, 0.000180927279871, 0.000288562121568, 0.000345663022017, 0.000312338641379, 0.000146951366332, 0.000243369606324, 0.000155769434059, 0.000412797089666, 0.000126311948407, 0.000101119847386, 0.000169684921275, 7.47237718315e-05, 0.000418317533331, 0.000252735364484, 0.000248880387517, 8.92429161468e-05, 0.000111952940642, 8.65003166837e-05, 6.1970880779e-05, 4.94691084896e-05, 2.13357543544e-05],
        "min": [2.01034717259e-23, 3.16504532028e-23, 2.05695465259e-23, 2.00703001248e-23, 1.01438759211e-22, 2.46494215317e-23, 2.65322857844e-23, 5.06399413123e-23, 1.03030712072e-22, 4.67196118468e-23, 5.49399968631e-23, 1.3678908681e-22, 9.57727121165e-23, 8.95135615284e-23, 1.9796887246e-22, 8.8919700728e-23, 1.62118804632e-22, 1.71205030756e-22, 3.25937156442e-22, 1.91734283845e-22, 5.4191624086e-22, 3.4076887742e-22, 5.36765597616e-22, 9.04057215603e-22, 1.91647004274e-21, 1.66976059777e-21, 2.53648129179e-21],
        "var": [6.1364993087e-09, 1.08946096589e-06, 1.87518264738e-06, 5.17309581483e-06, 3.8760267671e-06, 2.5540932711e-06, 6.42906741177e-07, 3.39635164437e-07, 2.87914190267e-07, 7.16925001143e-07, 1.09076623289e-07, 3.76111444211e-07, 4.5382140712e-08, 5.96954805587e-07, 4.82513726752e-08, 1.6591098273e-08, 3.76034705596e-08, 2.22809628525e-08, 6.25636357654e-06, 5.50250831566e-07, 1.01817386167e-06, 3.37992560162e-06, 6.72413489156e-06, 4.00545695811e-06, 5.09642177349e-06, 4.80241624246e-06, 1.92227980733e-06]
    },
    "erbbands": {
        "dmean": [0.0068077808246, 0.0443842969835, 0.273551464081, 1.18935418129, 1.58714234829, 2.81791210175, 4.22637176514, 4.18971729279, 3.7221326828, 2.39720010757, 3.9139418602, 5.33393239975, 6.2411646843, 5.14531850815, 4.46912145615, 5.07141065598, 4.57428359985, 9.1673746109, 15.2899494171, 8.01887893677, 3.80822896957, 6.27757549286, 3.78945374489, 26.2763080597, 11.9985809326, 10.4932765961, 8.31276416779, 10.0387229919, 11.2789163589, 9.74895000458, 12.0549182892, 6.39703464508, 5.25710201263, 4.21465158463, 1.82949817181, 1.81268584728, 0.30901569128, 0.0654184669256, 0.0218384005129, 0.00492423819378],
        "dmean2": [0.00830405205488, 0.0705682784319, 0.439772516489, 1.90681517124, 2.6230134964, 4.95606517792, 6.54311704636, 6.2276930809, 6.27588367462, 3.53729605675, 5.50287723541, 7.63248586655, 9.05060958862, 7.62023830414, 6.2144036293, 6.93552780151, 6.47523021698, 15.1098508835, 25.6055259705, 13.3329458237, 5.92705154419, 10.4590244293, 6.18715572357, 42.5516777039, 19.1308059692, 17.1268825531, 12.5861587524, 16.4808864594, 17.8457241058, 14.6206331253, 18.9229564667, 8.61019420624, 7.86046600342, 6.52968597412, 2.66721248627, 2.61607551575, 0.459571152925, 0.10880613327, 0.032828155905, 0.0065648490563],
        "dvar": [0.000577731931116, 0.0251071862876, 0.813937664032, 15.3993930817, 24.8514900208, 35.9855422974, 49.4629364014, 38.246307373, 85.2729797363, 14.1229562759, 28.5047607422, 59.345664978, 86.1743545532, 64.6851119995, 42.7179222107, 91.6813430786, 35.3892326355, 127.071800232, 429.896881104, 128.828063965, 25.1989994049, 53.6303596497, 37.1566123962, 4938.38623047, 850.359313965, 408.311431885, 632.567565918, 1372.1784668, 2584.89819336, 1992.02636719, 3477.37402344, 869.194824219, 705.13269043, 469.218322754, 75.1747207642, 94.3689880371, 1.78423845768, 0.104868985713, 0.0098483953625, 0.000624279840849],
        "dvar2": [0.000835823535454, 0.0631559118629, 2.28010177612, 43.758102417, 71.9443435669, 105.905754089, 123.734848022, 88.9727020264, 257.8152771, 35.1237754822, 59.2086868286, 126.06073761, 175.524261475, 138.336547852, 74.0296478271, 161.394104004, 70.7066268921, 329.897094727, 1075.01428223, 348.701599121, 59.4221076965, 143.039047241, 93.4997711182, 9172.32421875, 1625.37011719, 873.520141602, 1160.97619629, 3661.80151367, 6170.38525391, 4539.38818359, 8481.94726562, 1711.44506836, 1648.27575684, 1121.55639648, 172.682266235, 169.395736694, 3.74071550369, 0.283303081989, 0.0230261217803, 0.00123736029491],
        "max": [0.420140773058, 3.49224925041, 16.3181228638, 67.2594604492, 75.1755523682, 97.2531204224, 116.909973145, 105.587799072, 176.55329895, 57.8195838928, 114.878250122, 172.416015625, 175.739822388, 158.342346191, 159.42868042, 148.430358887, 95.1402740479, 152.685302734, 323.008270264, 179.673873901, 72.6745452881, 110.433578491, 133.899200439, 1532.59057617, 592.460388184, 325.714172363, 463.009033203, 610.510864258, 785.290039062, 834.991760254, 913.48638916, 478.571868896, 419.326019287, 349.320373535, 137.001068115, 246.515640259, 27.9966564178, 6.32482004166, 1.70750796795, 0.421437084675],
        "mean": [0.0155648142099, 0.110944539309, 0.861925780773, 3.26264667511, 3.46629548073, 4.79522228241, 10.5661067963, 10.6459999084, 7.02725887299, 6.37798786163, 11.0582952499, 11.8231992722, 15.4989299774, 14.8427028656, 12.5244264603, 13.2450828552, 11.3175916672, 15.5230875015, 22.4128627777, 14.1118707657, 8.44641876221, 12.201587677, 9.05500125885, 44.2780838013, 23.592250824, 21.4611282349, 17.4197273254, 18.9056758881, 19.4467811584, 18.9465427399, 18.9235343933, 12.1571292877, 9.50612258911, 6.81326293945, 3.18275356293, 3.09805250168, 0.51428937912, 0.0852630212903, 0.0272825621068, 0.00676581356674],
        "median": [0.0027785745915, 0.0589257888496, 0.437061846256, 1.54798090458, 1.09513187408, 2.7005918026, 6.20645713806, 5.11595392227, 2.56339359283, 4.55423879623, 7.80679655075, 8.19482517242, 9.84345340729, 8.93123912811, 9.43071937561, 8.16105651855, 8.02038764954, 11.2982368469, 14.6406850815, 9.79829025269, 6.25136089325, 10.0630302429, 7.05224943161, 20.6332321167, 12.009478569, 14.1022644043, 8.28014087677, 9.13500499725, 4.59301996231, 3.6228556633, 2.43154072762, 1.79278552532, 1.41278707981, 0.821780800819, 0.390464633703, 0.192240908742, 0.0876416563988, 0.0189864616841, 0.00277100969106, 0.000364517356502],
        "min": [3.54140486282e-22, 9.25744917873e-21, 3.00884201318e-20, 3.03190193458e-20, 1.44414361218e-19, 5.14449007052e-19, 2.79115424847e-19, 1.70478499202e-19, 1.97930878899e-19, 7.78413145564e-19, 1.15081740536e-18, 2.33955380397e-18, 1.80499825928e-18, 1.56391181686e-18, 4.12589335017e-18, 4.9034588424e-18, 4.05806040404e-18, 4.18447428115e-18, 1.23502325434e-17, 5.40865857434e-18, 5.26935970483e-18, 9.70364253097e-18, 9.70864366495e-18, 1.23238603711e-17, 1.61332661471e-17, 1.00110261553e-17, 1.62104900748e-17, 2.09553287629e-17, 1.29545665631e-17, 1.39035296685e-17, 1.6258190272e-17, 1.70562260028e-17, 1.62223783145e-17, 1.64783940228e-17, 1.59678184441e-17, 7.1914883932e-18, 3.02747918079e-18, 1.64706538871e-18, 3.53722204714e-19, 3.10336872391e-20],
        "var": [0.00216104020365, 0.0414079576731, 1.45698428154, 21.5528106689, 41.6046562195, 44.4746894836, 158.087539673, 176.494354248, 162.358078003, 41.0389823914, 131.302703857, 171.556533813, 351.729797363, 312.538391113, 169.21282959, 307.088928223, 132.586181641, 243.274490356, 769.296264648, 230.663696289, 63.0570373535, 101.786209106, 74.9788589478, 13320.703125, 2304.84350586, 943.727416992, 1592.82141113, 2179.59375, 4890.97460938, 4618.06103516, 5743.95947266, 2063.87866211, 1410.64709473, 806.706970215, 143.716033936, 245.473129272, 4.08144521713, 0.119830943644, 0.0135392779484, 0.00112160982098]
    },
    "gfcc": {
        "mean": [-3.74202466011, 18.9291286469, -118.190628052, 11.2472438812, -65.3028182983, -2.36569952965, -36.6609115601, -1.53701293468, -30.9093322754, -1.16792440414, -18.1809120178, -4.98421478271, -12.1428070068],
        "cov": [[18637.3789062, 2162.72265625, 2103.12402344, 1406.47607422, 361.318817139, 428.506591797, -160.549926758, -127.831520081, -541.249145508, -285.722564697, -509.833587646, -222.549499512, -466.11932373], [2162.72265625, 2028.79248047, 957.715454102, 882.527282715, 549.534667969, 400.07421875, 158.430053711, 144.566543579, -106.233436584, -2.00550174713, -174.86946106, -95.2503204346, -192.729354858], [2103.12402344, 957.715454102, 1341.5333252, 799.709228516, 492.848602295, 399.833251953, 170.895294189, 101.363960266, -39.7133026123, -53.5973052979, -126.158866882, -57.2900009155, -138.748062134], [1406.47607422, 882.527282715, 799.709228516, 741.789123535, 330.37878418, 340.746643066, 112.095718384, 119.264030457, -57.1620101929, -27.0452785492, -88.6349258423, -48.8426742554, -112.845733643], [361.318817139, 549.534667969, 492.848602295, 330.37878418, 386.870025635, 212.054626465, 141.762084961, 62.3861236572, 18.88098526, -1.92298829556, -56.2103614807, -55.9141273499, -70.96144104], [428.506591797, 400.07421875, 399.833251953, 340.746643066, 212.054626465, 298.649810791, 125.279563904, 106.855041504, 8.15289878845, 20.3611335754, -38.7909545898, -6.64274358749, -45.8581695557], [-160.549926758, 158.430053711, 170.895294189, 112.095718384, 141.762084961, 125.279563904, 151.099334717, 82.0541229248, 45.4045677185, 6.94841432571, -2.78214144707, -7.75775575638, -3.15047121048], [-127.831520081, 144.566543579, 101.363960266, 119.264030457, 62.3861236572, 106.855041504, 82.0541229248, 129.069747925, 35.436706543, 27.7916202545, -8.88084411621, 14.5409059525, -12.4659290314], [-541.249145508, -106.233436584, -39.7133026123, -57.1620101929, 18.88098526, 8.15289878845, 45.4045677185, 35.436706543, 121.428977966, 53.5531082153, 31.3379383087, 5.64850854874, 29.2345485687], [-285.722564697, -2.00550174713, -53.5973052979, -27.0452785492, -1.92298829556, 20.3611335754, 6.94841432571, 27.7916202545, 53.5531082153, 90.3427276611, 36.6371421814, 24.4016399384, 6.31656599045], [-509.833587646, -174.86946106, -126.158866882, -88.6349258423, -56.2103614807, -38.7909545898, -2.78214144707, -8.88084411621, 31.3379383087, 36.6371421814, 94.9123764038, 44.4566688538, 36.7190742493], [-222.549499512, -95.2503204346, -57.2900009155, -48.8426742554, -55.9141273499, -6.64274358749, -7.75775575638, 14.5409059525, 5.64850854874, 24.4016399384, 44.4566688538, 79.627784729, 41.0560035706], [-466.11932373, -192.729354858, -138.748062134, -112.845733643, -70.96144104, -45.8581695557, -3.15047121048, -12.4659290314, 29.2345485687, 6.31656599045, 36.7190742493, 41.0560035706, 90.2075805664]],
        "icov": [[8.6940046458e-05, -4.41923293693e-05, -0.000139232346555, -1.27743323901e-05, 0.000211154285353, -2.15905274672e-05, -5.42524639968e-06, 0.000187622194062, 0.00012352707563, -3.42165876646e-05, 0.000238315988099, -3.35227123287e-05, 0.000186164761544], [-4.41923293693e-05, 0.00146910292096, 0.000360571779311, -0.00159089278895, -0.00129526725505, 0.000915275479201, -0.000617218844127, -1.61864682013e-05, 0.00118132762145, -0.00172947777901, 0.001446708804, -0.000468542479211, 0.000260061264271], [-0.000139232346555, 0.000360571779311, 0.00322980596684, -0.00287214806303, -0.00189312954899, 0.000107658139314, -0.00103221996687, 0.00179601728451, -0.00147885549814, 0.00103150703944, 0.00152234453708, -0.00287595950067, 0.00129970011767], [-1.27743323901e-05, -0.00159089278895, -0.00287214806303, 0.00826193392277, 0.000353889947291, -0.00472516845912, 0.00430854922161, -0.00435564760119, 0.00135110260453, 0.00261668674648, -0.00407533301041, 0.00396910682321, -0.000891121686436], [0.000211154285353, -0.00129526725505, -0.00189312954899, 0.000353889947291, 0.00949091184884, -0.00170557689853, -0.00529596256092, 0.0035676038824, -0.0016201933613, -0.000468059413834, 0.000576758407988, 0.0020858917851, 0.00213532545604], [-2.15905274672e-05, 0.000915275479201, 0.000107658139314, -0.00472516845912, -0.00170557689853, 0.0122973751277, -0.00607634196058, -0.00100944866426, 0.00195621000603, -0.0053033567965, 0.00381484022364, -0.00315125961788, 0.000275449128821], [-5.42524639968e-06, -0.000617218844127, -0.00103221996687, 0.00430854922161, -0.00529596256092, -0.00607634196058, 0.0218793340027, -0.0110435541719, -0.0030649183318, 0.00713426852599, -0.0069947806187, 0.00542323151603, -0.00468891905621], [0.000187622194062, -1.61864682013e-05, 0.00179601728451, -0.00435564760119, 0.0035676038824, -0.00100944866426, -0.0110435541719, 0.0207278728485, -0.00459404150024, -0.00304416520521, 0.00732118776068, -0.00920087564737, 0.00593010475859], [0.00012352707563, 0.00118132762145, -0.00147885549814, 0.00135110260453, -0.0016201933613, 0.00195621000603, -0.0030649183318, -0.00459404150024, 0.0191292464733, -0.0111674396321, -0.00143803749233, 0.00737753836438, -0.00663402257487], [-3.42165876646e-05, -0.00172947777901, 0.00103150703944, 0.00261668674648, -0.000468059413834, -0.0053033567965, 0.00713426852599, -0.00304416520521, -0.0111674396321, 0.0244193188846, -0.00767927011475, -0.00415270589292, 0.00467744469643], [0.000238315988099, 0.001446708804, 0.00152234453708, -0.00407533301041, 0.000576758407988, 0.00381484022364, -0.0069947806187, 0.00732118776068, -0.00143803749233, -0.00767927011475, 0.0234110690653, -0.0117062991485, 0.00152837659698], [-3.35227123287e-05, -0.000468542479211, -0.00287595950067, 0.00396910682321, 0.0020858917851, -0.00315125961788, 0.00542323151603, -0.00920087564737, 0.00737753836438, -0.00415270589292, -0.0117062991485, 0.029340038076, -0.012364346534], [0.000186164761544, 0.000260061264271, 0.00129970011767, -0.000891121686436, 0.00213532545604, 0.000275449128821, -0.00468891905621, 0.00593010475859, -0.00663402257487, 0.00467744469643, 0.00152837659698, -0.012364346534, 0.0227905977517]]
    },
    "melbands": {
        "dmean": [5.14248822583e-05, 0.000107714571641, 0.000210162834264, 0.000144741614349, 0.00014931516489, 9.3468799605e-05, 5.13262384629e-05, 3.16182013194e-05, 3.41878730978e-05, 2.99760886264e-05, 3.44504987879e-05, 2.53358866757e-05, 1.62888263731e-05, 1.87254936463e-05, 1.73960779648e-05, 5.98507631366e-06, 2.39204709942e-05, 3.69886656699e-05, 8.2084306996e-06, 7.5717339314e-06, 4.38451934315e-06, 6.85445547788e-06, 6.09848848399e-06, 3.38358427143e-06, 2.49858676398e-05, 1.78807440534e-05, 6.22654397375e-06, 7.16360636943e-06, 7.1045178629e-06, 4.46121794084e-06, 6.25303027846e-06, 6.45520958642e-06, 6.62700676912e-06, 5.86530768487e-06, 7.80573009251e-06, 5.68557061342e-06, 3.50024174622e-06, 3.48920752913e-06, 4.98744429933e-06, 3.44897398463e-06],
        "dmean2": [7.04652338754e-05, 0.000171291118022, 0.000337997305905, 0.000249884178629, 0.000237174710492, 0.000137860071845, 8.67803901201e-05, 4.44971446996e-05, 4.89037447551e-05, 4.31436565123e-05, 4.99247144035e-05, 3.73214061256e-05, 2.35386833083e-05, 2.4410939659e-05, 2.43664453592e-05, 8.76839931152e-06, 3.97387302655e-05, 6.19011188974e-05, 1.36586240842e-05, 1.23783120216e-05, 6.86198654876e-06, 1.16060100481e-05, 9.96361814032e-06, 5.65853270018e-06, 4.04673810408e-05, 2.84687357635e-05, 1.02286649053e-05, 1.17199160741e-05, 1.09931370389e-05, 7.49541413825e-06, 1.01470977825e-05, 1.06627066998e-05, 9.97066399577e-06, 9.20405454963e-06, 1.30794187498e-05, 8.24083599582e-06, 5.1008819355e-06, 5.23691687704e-06, 8.16137071524e-06, 5.12809720021e-06],
        "dvar": [3.02720586376e-08, 1.17508555775e-07, 5.06194567151e-07, 1.25174594245e-07, 6.65019825874e-08, 1.85688371346e-08, 1.68489329155e-08, 2.0951458346e-09, 1.91598292787e-09, 1.8154786563e-09, 2.69353250815e-09, 1.56705293186e-09, 4.1744460666e-10, 1.44059630891e-09, 1.12177289679e-09, 5.76499369076e-11, 8.93089713294e-10, 2.5171731366e-09, 1.32788419149e-10, 9.82917913728e-11, 3.71359505646e-11, 6.47717712798e-11, 6.85174764148e-11, 3.81773640479e-11, 4.49733983388e-09, 2.6623723226e-09, 1.30066166171e-10, 2.00569144626e-10, 4.37283986798e-10, 2.00797295458e-10, 5.42287936778e-10, 7.72263808457e-10, 1.05317266019e-09, 5.56723556144e-10, 1.68261871103e-09, 6.81579848116e-10, 2.5195939779e-10, 2.94840457604e-10, 5.78470382706e-10, 3.51337986482e-10],
        "dvar2": [5.10860438396e-08, 3.18650933195e-07, 1.4397699033e-06, 3.67234264331e-07, 1.73924547653e-07, 4.19241388272e-08, 5.05919288685e-08, 4.74685313279e-09, 4.08783762396e-09, 3.90921162108e-09, 5.46952838576e-09, 3.32162186645e-09, 8.70972516331e-10, 2.1747454948e-09, 2.06569428229e-09, 1.27263283245e-10, 2.34711539093e-09, 6.34481445161e-09, 3.59553525842e-10, 2.58444432522e-10, 8.79561909417e-11, 1.76912887118e-10, 1.77038481097e-10, 1.03910186011e-10, 8.34367330782e-09, 4.91542406778e-09, 3.03449015915e-10, 4.23927948301e-10, 8.4939349998e-10, 5.14637277238e-10, 1.43231915217e-09, 1.93400961912e-09, 2.46130094084e-09, 1.27472898903e-09, 4.30202007351e-09, 1.52267520814e-09, 4.79379203e-10, 7.09659941922e-10, 1.42286160631e-09, 8.79022687972e-10],
        "max": [0.00286639831029, 0.00579069694504, 0.0119860768318, 0.00653445767239, 0.00417363084853, 0.0022518534679, 0.00258137960918, 0.000893662683666, 0.000824318092782, 0.000927357119508, 0.00097663863562, 0.00071773538366, 0.000357941375114, 0.000921153696254, 0.000611761177424, 0.000121045435662, 0.000405237922678, 0.00077003770275, 0.000184941440239, 0.000156403810252, 8.56699480209e-05, 0.000121447686979, 0.000106237981527, 0.000119410571642, 0.00146267248783, 0.00111897767056, 0.000182528601727, 0.000236678024521, 0.00039922434371, 0.000218246423174, 0.000399918673793, 0.000432482542237, 0.000555210048333, 0.00040991595597, 0.00064702576492, 0.000444921752205, 0.000245352246566, 0.000280220352579, 0.000322528154356, 0.000323745975038],
        "mean": [0.00013092631707, 0.000346773507772, 0.000569826399442, 0.00027144930209, 0.000366927270079, 0.000241992413066, 9.50158791966e-05, 8.40076681925e-05, 9.49009845499e-05, 6.60455116304e-05, 8.213185356e-05, 6.94337359164e-05, 4.17967421527e-05, 4.29955325671e-05, 3.95951246901e-05, 1.4098288375e-05, 3.69759036403e-05, 5.08698358317e-05, 1.37844244819e-05, 1.50056312123e-05, 8.14178383735e-06, 1.20123122542e-05, 1.09313314169e-05, 6.003256658e-06, 4.10970969824e-05, 3.09730821755e-05, 1.13585501822e-05, 1.41395803439e-05, 1.23258205349e-05, 8.76955891727e-06, 1.12531743071e-05, 1.05142189568e-05, 1.0451534763e-05, 1.08506201286e-05, 1.09901629912e-05, 1.00533743534e-05, 6.39222525933e-06, 6.10573988524e-06, 7.60331931815e-06, 5.13427767146e-06],
        "median": [4.04272432206e-05, 0.000178089772817, 0.000258136424236, 0.000147280603414, 0.000221511974814, 0.000117740753922, 3.32055715262e-05, 5.95360615989e-05, 6.8922941864e-05, 4.62961179437e-05, 4.98730951222e-05, 4.05596074415e-05, 2.98398754239e-05, 2.44477632805e-05, 2.21169375436e-05, 1.02733120002e-05, 2.59265761997e-05, 3.12590200338e-05, 9.01841485756e-06, 1.11075787572e-05, 5.53895006306e-06, 9.72361431195e-06, 8.10367237136e-06, 3.69777376363e-06, 1.85476092156e-05, 1.28443170979e-05, 7.07534900357e-06, 8.90917272045e-06, 5.45483953829e-06, 4.23997289545e-06, 5.18189972354e-06, 2.64900813818e-06, 1.31978913487e-06, 2.57744159171e-06, 1.35349284847e-06, 1.16943510875e-06, 1.00423255844e-06, 1.06077595774e-06, 7.63967875628e-07, 5.9527923213e-07],
        "min": [7.01990753477e-24, 1.48406792823e-23, 9.02716410811e-24, 2.3164553383e-23, 1.38026897923e-23, 3.90880578537e-24, 3.84289487902e-24, 9.55325465694e-24, 9.86187360914e-24, 1.57538725548e-23, 8.85639228821e-24, 5.68627664334e-24, 1.04093754207e-23, 1.88140044234e-23, 6.51221361668e-24, 9.77886729811e-24, 6.71633729236e-24, 2.03121538343e-23, 1.10594236278e-23, 5.33139178791e-24, 5.84195005995e-24, 1.00572074022e-23, 7.99353307463e-24, 9.22472012232e-24, 9.32031349796e-24, 1.48009885347e-23, 6.71510193619e-24, 6.38325221362e-24, 8.83214191512e-24, 1.43638175983e-23, 1.07201779398e-23, 6.86954117991e-24, 7.19366598206e-24, 7.98162364154e-24, 1.00726974749e-23, 9.03827126965e-24, 1.01935817312e-23, 1.06167637972e-23, 1.19826212343e-23, 1.41764710219e-23],
        "var": [1.09624046729e-07, 2.26110572044e-07, 7.01245369328e-07, 1.76077705305e-07, 1.89569519193e-07, 8.9672788306e-08, 3.34314904649e-08, 7.8087865063e-09, 8.69303562467e-09, 5.28132781952e-09, 1.08735935811e-08, 7.02221170101e-09, 1.75627301591e-09, 4.46100312246e-09, 3.81618248113e-09, 1.89251780913e-10, 1.56642798732e-09, 4.34980007569e-09, 2.49424952914e-10, 2.09707390342e-10, 7.88425019715e-11, 1.04505862297e-10, 1.21589335822e-10, 6.36395450226e-11, 1.21160024236e-08, 7.27062898775e-09, 2.56969751034e-10, 4.62826083014e-10, 8.96199725542e-10, 3.90577487019e-10, 8.39057323621e-10, 1.36784139571e-09, 1.85131965313e-09, 1.31526778357e-09, 2.22541207684e-09, 1.44241596445e-09, 5.85399562159e-10, 5.4803139804e-10, 1.06514719267e-09, 4.91849228013e-10]
    },
    "mfcc": {
        "mean": [-647.88684082, 69.2727355957, -7.04690170288, 9.31483459473, -12.5563268661, -4.2202630043, -1.25534021854, -7.06938409805, -8.15217685699, -0.755513727665, -6.46540021896, -10.4070415497, -7.99457263947],
        "cov": [[11652.1386719, 973.80267334, 1014.81622314, 634.088439941, 211.392471313, 265.177978516, 78.241973877, 8.06702518463, -168.26222229, -85.1352615356, -138.969802856, -226.886123657, -150.48324585], [973.80267334, 1265.70751953, 466.644714355, 521.203552246, 384.582366943, 305.971801758, 262.143829346, 146.67729187, 123.693870544, 95.0864486694, 35.8243179321, 0.536143600941, -32.03490448], [1014.81622314, 466.644714355, 896.432617188, 523.009643555, 405.937988281, 331.887512207, 241.290969849, 223.432250977, 114.480819702, 51.6258773804, 38.4417991638, 18.0226745605, 10.5584754944], [634.088439941, 521.203552246, 523.009643555, 466.26083374, 323.078369141, 238.423660278, 197.550704956, 149.970291138, 88.0250930786, 57.1263046265, 32.4069061279, -2.06132864952, -6.65590238571], [211.392471313, 384.582366943, 405.937988281, 323.078369141, 326.346130371, 242.795883179, 169.011322021, 132.690933228, 93.2963943481, 67.5498809814, 46.7948646545, 19.9750442505, 7.62905931473], [265.177978516, 305.971801758, 331.887512207, 238.423660278, 242.795883179, 251.767501831, 165.750198364, 121.086395264, 92.6666412354, 63.4115371704, 47.4320106506, 33.8581161499, 17.4748039246], [78.241973877, 262.143829346, 241.290969849, 197.550704956, 169.011322021, 165.750198364, 199.088424683, 135.548110962, 78.4908294678, 50.0405349731, 35.5643997192, 23.6305809021, 17.0296516418], [8.06702518463, 146.67729187, 223.432250977, 149.970291138, 132.690933228, 121.086395264, 135.548110962, 163.497619629, 100.021789551, 49.8641777039, 39.2271003723, 28.6638069153, 24.7535133362], [-168.26222229, 123.693870544, 114.480819702, 88.0250930786, 93.2963943481, 92.6666412354, 78.4908294678, 100.021789551, 141.374740601, 74.2355499268, 37.779750824, 41.5942268372, 26.8972434998], [-85.1352615356, 95.0864486694, 51.6258773804, 57.1263046265, 67.5498809814, 63.4115371704, 50.0405349731, 49.8641777039, 74.2355499268, 98.8941879272, 61.1385002136, 21.9400463104, 19.4410057068], [-138.969802856, 35.8243179321, 38.4417991638, 32.4069061279, 46.7948646545, 47.4320106506, 35.5643997192, 39.2271003723, 37.779750824, 61.1385002136, 90.87550354, 43.1391525269, 27.3662567139], [-226.886123657, 0.536143600941, 18.0226745605, -2.06132864952, 19.9750442505, 33.8581161499, 23.6305809021, 28.6638069153, 41.5942268372, 21.9400463104, 43.1391525269, 92.9080352783, 56.9813232422], [-150.48324585, -32.03490448, 10.5584754944, -6.65590238571, 7.62905931473, 17.4748039246, 17.0296516418, 24.7535133362, 26.8972434998, 19.4410057068, 27.3662567139, 56.9813232422, 79.1708374023]],
