{
"lowlevel": {
    "average_loudness": 0.927491664886,
    "barkbands_crest": {
        "dmean": 2.93081259727,
        "dmean2": 4.75854110718,
        "dvar": 9.93006038666,
        "dvar2": 25.2262058258,
        "max": 26.8174629211,
        "mean": 16.9938735962,
        "median": 17.4375762939,
        "min": 1.87707388401,
        "var": 37.3679161072
    },
    "barkbands_flatness_db": {
        "dmean": 0.0431399270892,
        "dmean2": 0.0632632896304,
        "dvar": 0.00208030221984,
        "dvar2": 0.00399208813906,
        "max": 0.67488104105,
        "mean": 0.338239431381,
        "median": 0.33652985096,
        "min": 0.01892044954,
        "var": 0.014115544036
    },
    "barkbands_kurtosis": {
        "dmean": 52.1206893921,
        "dmean2": 84.5693511963,
        "dvar": 23640.2441406,
        "dvar2": 62415.8242188,
        "max": 6927.22021484,
        "mean": 73.3226623535,
        "median": 26.9597206116,
        "min": -1.7835752964,
        "var": 30196.4863281
    },
    "barkbands_skewness": {
        "dmean": 2.05856585503,
        "dmean2": 3.23858880997,
        "dvar": 7.70152950287,
        "dvar2": 18.3874778748,
        "max": 71.0384063721,
        "mean": 4.75582647324,
        "median": 3.72467088699,
        "min": -2.75666618347,
        "var": 19.0121364594
    },
    "barkbands_spread": {
        "dmean": 2.08704185486,
        "dmean2": 3.36140370369,
        "dvar": 19.4938602448,
        "dvar2": 46.7006416321,
        "max": 89.1304931641,
        "mean": 4.68052148819,
        "median": 2.16285276413,
        "min": 0.0327037274837,
        "var": 63.6535339355
    },
    "dissonance": {
        "dmean": 0.0358310975134,
        "dmean2": 0.0594779551029,
        "dvar": 0.0012567800004,
        "dvar2": 0.00324035645463,
        "max": 0.500000119209,
        "mean": 0.428884208202,
        "median": 0.442200034857,
        "min": 0.118990212679,
        "var": 0.00299915112555
    },
    "dynamic_complexity": 4.31770563126,
    "erbbands_crest": {
        "dmean": 3.92763638496,
        "dmean2": 6.42194747925,
        "dvar": 12.5848712921,
        "dvar2": 30.1780548096,
        "max": 32.4646682739,
        "mean": 13.6240558624,
        "median": 12.9091434479,
        "min": 2.44353365898,
        "var": 32.1612930298
    },
    "erbbands_flatness_db": {
        "dmean": 0.0333402641118,
        "dmean2": 0.0504379421473,
        "dvar": 0.00117001787294,
        "dvar2": 0.00234393496066,
        "max": 0.454349428415,
        "mean": 0.212584763765,
        "median": 0.212719932199,
        "min": 0.0325213782489,
        "var": 0.00480575859547
    },
    "erbbands_kurtosis": {
        "dmean": 6.37889385223,
        "dmean2": 10.3356485367,
        "dvar": 131.087219238,
        "dvar2": 315.433074951,
        "max": 197.801528931,
        "mean": 8.38252067566,
        "median": 3.52977156639,
        "min": -1.87105762959,
        "var": 213.946075439
    },
    "erbbands_skewness": {
        "dmean": 0.865964829922,
        "dmean2": 1.35364854336,
        "dvar": 0.862806856632,
        "dvar2": 1.97202730179,
        "max": 12.5449609756,
        "mean": 1.82453727722,
        "median": 1.59547936916,
        "min": -3.10626840591,
        "var": 2.62364125252
    },
    "erbbands_spread": {
        "dmean": 11.7503728867,
        "dmean2": 18.4213199615,
        "dvar": 225.640823364,
        "dvar2": 472.861297607,
        "max": 176.699249268,
        "mean": 27.4024486542,
        "median": 21.319355011,
        "min": 0.929463326931,
        "var": 511.663787842
    },
    "hfc": {
        "dmean": 4.39466667175,
        "dmean2": 6.66003417969,
        "dvar": 47.3788337708,
        "dvar2": 108.08744812,
        "max": 79.9346084595,
        "mean": 9.6167755127,
        "median": 7.62606239319,
        "min": 1.58553117302e-08,
        "var": 82.6427230835
    },
    "melbands_crest": {
        "dmean": 3.40426325798,
        "dmean2": 5.15177488327,
        "dvar": 12.5184965134,
        "dvar2": 26.1971168518,
        "max": 39.4618301392,
        "mean": 22.0703907013,
        "median": 20.8818473816,
        "min": 2.74588418007,
        "var": 53.4716911316
    },
    "melbands_flatness_db": {
        "dmean": 0.0481479167938,
        "dmean2": 0.0710740312934,
        "dvar": 0.00262066395953,
        "dvar2": 0.00502537330613,
        "max": 0.829627096653,
        "mean": 0.457829117775,
        "median": 0.460085779428,
        "min": 0.00798054132611,
        "var": 0.0201112758368
    },
    "melbands_kurtosis": {
        "dmean": 48.3677711487,
        "dmean2": 75.150177002,
        "dvar": 7995.74658203,
        "dvar2": 16933.7011719,
        "max": 3858.45849609,
        "mean": 81.6812133789,
        "median": 40.0232315063,
        "min": -1.86131894588,
        "var": 18008.9960938
    },
    "melbands_skewness": {
        "dmean": 1.88330948353,
        "dmean2": 2.89824700356,
        "dvar": 4.92159461975,
        "dvar2": 10.2972707748,
        "max": 47.3910560608,
        "mean": 4.8846912384,
        "median": 3.9826798439,
        "min": -1.43545472622,
        "var": 14.4356918335
    },
    "melbands_spread": {
        "dmean": 2.10198926926,
        "dmean2": 3.37126994133,
        "dvar": 30.9892215729,
        "dvar2": 74.9093704224,
        "max": 163.953323364,
        "mean": 4.71007680893,
        "median": 1.62231469154,
        "min": 0.0357667319477,
        "var": 103.991844177
    },
    "pitch_salience": {
        "dmean": 0.101138934493,
        "dmean2": 0.162338003516,
        "dvar": 0.0110496357083,
        "dvar2": 0.025632660836,
        "max": 0.91347104311,
        "mean": 0.36546894908,
        "median": 0.356084674597,
        "min": 0.0173780862242,
        "var": 0.0328890867531
    },
    "silence_rate_20dB": {
        "dmean": 0.000950376736,
        "dmean2": 0.00190088257659,
        "dvar": 0.000949517067056,
        "dvar2": 0.00284788385034,
        "max": 1,
        "mean": 0.999524831772,
        "median": 1,
        "min": 0,
        "var": 0.000474780914374
    },
    "silence_rate_30dB": {
        "dmean": 0.0970741957426,
        "dmean2": 0.194161579013,
        "dvar": 0.0876395702362,
        "dvar2": 0.184416621923,
        "max": 1,
        "mean": 0.588650584221,
        "median": 1,
        "min": 0,
        "var": 0.24212525785
    },
    "silence_rate_60dB": {
        "dmean": 0.0169710144401,
        "dmean2": 0.0339443311095,
        "dvar": 0.0166847258806,
        "dvar2": 0.0394516699016,
        "max": 1,
        "mean": 0.115191422403,
        "median": 0,
        "min": 0,
        "var": 0.101901344955
    },
    "spectral_centroid": {
        "dmean": 125.031692505,
        "dmean2": 199.381149292,
        "dvar": 50965.0898438,
        "dvar2": 108324.757812,
        "max": 10649.4169922,
        "mean": 411.509643555,
        "median": 289.27331543,
        "min": 70.9725646973,
        "var": 187031.578125
    },
    "spectral_complexity": {
        "dmean": 1.98913860321,
        "dmean2": 3.15410733223,
        "dvar": 8.24276256561,
        "dvar2": 16.0777626038,
        "max": 38,
        "mean": 5.54412174225,
        "median": 5,
        "min": 0,
        "var": 19.4593505859
    },
    "spectral_decrease": {
        "dmean": 6.75849420873e-09,
        "dmean2": 1.07153468321e-08,
        "dvar": 1.16709811066e-16,
        "dvar2": 2.66883167491e-16,
        "max": 3.16252857631e-21,
        "mean": -2.22868212774e-08,
        "median": -2.13458903886e-08,
        "min": -9.74675842258e-08,
        "var": 3.2506080491e-16
    },
    "spectral_energy": {
        "dmean": 0.0258032251149,
        "dmean2": 0.0408687330782,
        "dvar": 0.00169184082188,
        "dvar2": 0.0038629558403,
        "max": 0.371228992939,
        "mean": 0.0849877819419,
        "median": 0.081417016685,
        "min": 1.42618772694e-12,
        "var": 0.00470908125862
    },
    "spectral_energyband_high": {
        "dmean": 7.97635366325e-05,
        "dmean2": 0.000128215528093,
        "dvar": 9.07897756974e-08,
        "dvar2": 2.19106766508e-07,
        "max": 0.00346378842369,
        "mean": 8.33128360682e-05,
        "median": 6.61965987092e-06,
        "min": 1.08192708265e-12,
        "var": 8.55314539194e-08
    },
    "spectral_energyband_low": {
        "dmean": 0.0215700976551,
        "dmean2": 0.0347939096391,
        "dvar": 0.00164234254044,
        "dvar2": 0.00402553519234,
        "max": 0.349085748196,
        "mean": 0.0687646120787,
        "median": 0.0609827265143,
        "min": 1.95675757769e-14,
        "var": 0.00409048935398
    },
    "spectral_energyband_middle_high": {
        "dmean": 0.000365649204468,
        "dmean2": 0.000589585863054,
        "dvar": 9.09674497507e-07,
        "dvar2": 2.30979844673e-06,
        "max": 0.0204054173082,
        "mean": 0.000495374377351,
        "median": 0.000151852407726,
        "min": 1.5320660322e-13,
        "var": 1.05475555756e-06
    },
    "spectral_energyband_middle_low": {
        "dmean": 0.011113983579,
        "dmean2": 0.018356975168,
        "dvar": 0.000476596644148,
        "dvar2": 0.00123659498058,
        "max": 0.249719202518,
        "mean": 0.0157329272479,
        "median": 0.00603827182204,
        "min": 4.30406544552e-14,
        "var": 0.000549197138753
    },
    "spectral_entropy": {
        "dmean": 0.419641375542,
        "dmean2": 0.640476286411,
        "dvar": 0.164478674531,
        "dvar2": 0.336226910353,
        "max": 9.78521060944,
        "mean": 6.43237352371,
        "median": 6.42116832733,
        "min": 3.53306031227,
        "var": 0.723748862743
    },
    "spectral_flux": {
        "dmean": 0.0533781126142,
        "dmean2": 0.0819150656462,
        "dvar": 0.00430368212983,
        "dvar2": 0.00814034137875,
        "max": 0.600567579269,
        "mean": 0.109179861844,
        "median": 0.0803660303354,
        "min": 2.5809109502e-05,
        "var": 0.0097953826189
    },
    "spectral_kurtosis": {
        "dmean": 8.60019207001,
        "dmean2": 14.0476016998,
        "dvar": 158.305908203,
        "dvar2": 386.664855957,
        "max": 233.742431641,
        "mean": 17.9472866058,
        "median": 11.6798000336,
        "min": -1.20347297192,
        "var": 369.607696533
    },
    "spectral_rms": {
        "dmean": 0.00132682244293,
        "dmean2": 0.00204123952426,
        "dvar": 3.48795492755e-06,
        "dvar2": 7.33012257115e-06,
        "max": 0.0190308857709,
        "mean": 0.00804205518216,
        "median": 0.0089124199003,
        "min": 3.73015112132e-08,
        "var": 1.82402800419e-05
    },
    "spectral_rolloff": {
        "dmean": 141.500259399,
        "dmean2": 239.511138916,
        "dvar": 340117.625,
        "dvar2": 816049.125,
        "max": 18303.2226562,
        "mean": 344.814758301,
        "median": 172.265625,
        "min": 21.533203125,
        "var": 686932.8125
    },
    "spectral_skewness": {
        "dmean": 0.742237925529,
        "dmean2": 1.19217586517,
        "dvar": 0.674284934998,
        "dvar2": 1.5863815546,
        "max": 12.4844903946,
        "mean": 3.02688789368,
        "median": 2.72466015816,
        "min": 0.0129535663873,
        "var": 2.2114982605
    },
    "spectral_spread": {
        "dmean": 793116,
        "dmean2": 1211342.75,
        "dvar": 1.01964618138e+12,
        "dvar2": 1.93809783194e+12,
        "max": 41760012,
        "mean": 3637209.25,
        "median": 3151303.5,
        "min": 442714,
        "var": 3.68448765952e+12
    },
    "spectral_strongpeak": {
        "dmean": 0.216633200645,
        "dmean2": 0.365612536669,
        "dvar": 0.151660636067,
        "dvar2": 0.381717681885,
        "max": 5.36571073532,
        "mean": 0.59577190876,
        "median": 0.507962703705,
        "min": 0,
        "var": 0.204477757215
    },
    "zerocrossingrate": {
        "dmean": 0.00441441917792,
        "dmean2": 0.00554001983255,
        "dvar": 8.42257941258e-05,
        "dvar2": 0.000107070613012,
        "max": 0.515625,
        "mean": 0.0156161831692,
        "median": 0.0078125,
        "min": 0.0009765625,
        "var": 0.000631045666523
    },
    "barkbands": {
        "dmean": [0.00467904657125, 0.0189245939255, 0.00457591982558, 0.00430797319859, 0.00603949325159, 0.0011963872239, 0.000760682625696, 0.000657629570924, 0.000242179216002, 0.000143153811223, 8.27732364996e-05, 3.83319384127e-05, 4.94288942718e-05, 4.35174733866e-05, 2.88988339889e-05, 2.20563852054e-05, 1.7451831809e-05, 1.56724945555e-05, 9.64095852396e-06, 8.3626500782e-06, 8.08574986877e-06, 6.18748799752e-06, 1.6947491531e-05, 5.15011333846e-06, 1.21314924399e-05, 1.88252779481e-05, 1.08474441731e-05],
        "dmean2": [0.00758657976985, 0.0307323001325, 0.00856701657176, 0.00733846286312, 0.0101171312854, 0.00201700092293, 0.00115377479233, 0.00105789676309, 0.000432899192674, 0.000243544171099, 0.000141359967529, 6.42352970317e-05, 8.25728275231e-05, 7.36498332117e-05, 4.74399021186e-05, 3.53813811671e-05, 2.86291196971e-05, 2.61154127656e-05, 1.57851973199e-05, 1.39745634442e-05, 1.30813778014e-05, 9.97165989247e-06, 2.7425985536e-05, 8.02247450338e-06, 1.90364153241e-05, 3.13361051667e-05, 1.81111518032e-05],
        "dvar": [6.26730106887e-05, 0.00146984111052, 0.000258352520177, 9.0347857622e-05, 0.000154797249706, 1.09380825961e-05, 7.21892729416e-06, 6.30255726719e-06, 6.43488135665e-07, 1.35674383728e-07, 6.64389219196e-08, 1.15318607996e-08, 1.88130933054e-08, 8.14696079487e-08, 1.23532011287e-08, 4.11817113743e-09, 3.74421338378e-09, 4.63044136367e-09, 6.37654429259e-10, 6.22034312947e-10, 4.17830631205e-10, 3.29097027407e-10, 4.5003307747e-09, 5.03026009735e-10, 2.28352114995e-09, 8.2448359251e-09, 4.15570333701e-09],
        "dvar2": [0.000175084322109, 0.00380965182558, 0.000755617802497, 0.000239885659539, 0.000401427707402, 2.79997548205e-05, 1.43731058415e-05, 1.4575066416e-05, 1.83150905286e-06, 3.39619674605e-07, 1.7383155182e-07, 3.10504866263e-08, 4.7077477916e-08, 2.30666884704e-07, 3.22420774523e-08, 1.02195008012e-08, 9.83182246728e-09, 1.13321148021e-08, 1.505779057e-09, 1.65106539551e-09, 9.82998127341e-10, 7.82577169733e-10, 1.08838769108e-08, 1.10229014805e-09, 5.21603871206e-09, 2.07224335469e-08, 1.04794208866e-08],
        "max": [0.134386435151, 0.334572434425, 0.129729628563, 0.175089642406, 0.167825460434, 0.0654414445162, 0.0825355798006, 0.0536771044135, 0.0114082219079, 0.0134567394853, 0.00694442819804, 0.00265063764527, 0.00307807419449, 0.00827906094491, 0.00219311402179, 0.0010044897208, 0.00152858649381, 0.0019057947211, 0.000842575565912, 0.000484928110382, 0.0010756587144, 0.000398488075007, 0.000758997106459, 0.000546882103663, 0.000746612960938, 0.00102055980824, 0.000777289271355],
        "mean": [0.00833286717534, 0.0565600469708, 0.00380420545116, 0.00453611183912, 0.00753321312368, 0.00132233067416, 0.00113154412247, 0.000946239568293, 0.000224037416046, 0.000161186952027, 0.000101804558653, 4.48240280093e-05, 6.14788077655e-05, 4.38863935415e-05, 2.78497755062e-05, 2.15040308831e-05, 1.8507365894e-05, 1.66283662111e-05, 1.13477553896e-05, 1.00607221611e-05, 1.07244150058e-05, 7.84647272667e-06, 1.59059345606e-05, 6.28951647741e-06, 1.29898862724e-05, 1.58813618327e-05, 8.37612242321e-06],
        "median": [0.00180075445678, 0.0437743738294, 0.0008655883139, 0.00140776915941, 0.00212116679177, 0.000189080223208, 6.17983314442e-05, 6.34102034383e-05, 2.96301150229e-05, 3.29006579705e-05, 1.36264270623e-05, 1.13465393952e-05, 1.07070245576e-05, 7.27650603949e-06, 4.41456086264e-06, 3.99112286686e-06, 4.01107263315e-06, 4.01236138714e-06, 2.71443877864e-06, 2.04801381187e-06, 1.55301893301e-06, 8.56222925449e-07, 5.53331005904e-07, 3.2276039974e-07, 3.98769941512e-07, 3.63385083801e-07, 1.41433602607e-07],
        "min": [1.93850672819e-14, 9.38370373429e-15, 3.80454959715e-16, 1.98636849428e-15, 2.27545935687e-15, 8.28476827072e-15, 8.92235453408e-15, 4.77386371468e-15, 1.59300215841e-14, 1.84139266437e-15, 1.07553956653e-14, 5.21732950828e-15, 1.42241632969e-14, 8.56624070723e-15, 1.48832565738e-14, 1.21687827932e-14, 1.46500853441e-14, 2.00991262208e-14, 2.83150459595e-14, 3.7723821869e-14, 5.87194206561e-14, 6.87371641268e-14, 1.10770706572e-13, 1.34629652804e-13, 1.27509060168e-13, 2.69611454473e-13, 3.43796470242e-13],
        "var": [0.00015132741828, 0.00324652600102, 0.000145762503962, 7.69792022766e-05, 0.000163815231645, 1.33310186357e-05, 1.76321336767e-05, 1.34257006721e-05, 4.51024192216e-07, 1.84584649787e-07, 9.81762937613e-08, 1.16927658667e-08, 2.66358739509e-08, 5.18395673055e-08, 1.00980264151e-08, 3.95354993188e-09, 3.21783333312e-09, 4.04947497756e-09, 9.01393126806e-10, 6.69807820319e-10, 8.57779569596e-10, 4.39790454054e-10, 4.00034716463e-09, 6.62489285652e-10, 2.63233790321e-09, 6.60690524512e-09, 3.20863513537e-09]
    },
    "erbbands": {
        "dmean": [0.80797034502, 3.91671848297, 5.81686210632, 8.95532131195, 24.5234241486, 16.2886543274, 12.7828121185, 8.78512954712, 12.613697052, 5.29062652588, 17.3586959839, 6.82466650009, 3.9050154686, 4.45766496658, 2.97478079796, 1.62586832047, 2.07222008705, 2.14394545555, 1.95920205116, 1.31690394878, 1.14408099651, 1.04698705673, 0.906178355217, 0.573841094971, 0.456981092691, 0.376983463764, 0.366567403078, 0.28529253602, 0.212862536311, 0.283835470676, 0.638458192348, 0.109249316156, 0.0969305709004, 0.0953421071172, 0.115134686232, 0.0575815662742, 0.0342507734895, 0.0124217728153, 0.00223536114208, 0.000112328409159],
        "dmean2": [1.29341757298, 6.34474229813, 10.388133049, 15.6525125504, 40.4571151733, 28.3770256042, 21.5983219147, 14.9470663071, 19.164899826, 8.42110347748, 28.0072746277, 11.8694267273, 6.91563510895, 7.44366407394, 4.96536254883, 2.70412111282, 3.4448428154, 3.61512899399, 3.22101736069, 2.1579914093, 1.88417482376, 1.71972441673, 1.5050740242, 0.954999625683, 0.758223891258, 0.624387860298, 0.606248319149, 0.457271665335, 0.341531157494, 0.459014564753, 1.04267537594, 0.169770300388, 0.152889534831, 0.147318854928, 0.185344859958, 0.0939366593957, 0.0568499676883, 0.0206945464015, 0.00376014085487, 0.000185241122381],
        "dvar": [2.41174268723, 77.0373077393, 343.298034668, 532.84588623, 2392.22802734, 1388.31860352, 1088.07312012, 663.069580078, 1862.40808105, 166.006240845, 4689.88867188, 402.272186279, 166.836624146, 134.915466309, 92.9892883301, 18.7254447937, 34.1628761292, 138.523345947, 82.7770690918, 20.9080257416, 12.7562561035, 14.4736337662, 19.346736908, 2.34467720985, 1.58691561222, 1.14953112602, 1.06165504456, 0.553298294544, 0.350746721029, 0.906248748302, 7.05949926376, 0.171445563436, 0.172569990158, 0.128994971514, 0.231053352356, 0.0612285397947, 0.0284142885357, 0.00460841832682, 0.000178453847184, 2.91418729148e-07],
        "dvar2": [6.65115213394, 198.119216919, 977.303161621, 1478.87084961, 5821.51708984, 3753.70336914, 2848.7331543, 1651.23742676, 3747.80029297, 346.524871826, 10857.3486328, 1105.82958984, 463.824676514, 300.768463135, 240.164016724, 49.8069076538, 85.501083374, 388.398834229, 225.679504395, 54.1125450134, 33.0110397339, 37.4640731812, 48.065158844, 5.67503881454, 3.88946628571, 2.99395871162, 2.76228809357, 1.2880872488, 0.818705976009, 2.16071200371, 17.2084236145, 0.357709050179, 0.394371628761, 0.280293166637, 0.548742294312, 0.149777680635, 0.070766158402, 0.0115416683257, 0.000454580644146, 7.44898159155e-07],
        "max": [13.5631504059, 78.8932266235, 151.913391113, 420.448150635, 674.738952637, 446.538818359, 606.166259766, 760.953430176, 1288.1854248, 353.207214355, 1482.18115234, 329.795135498, 392.148498535, 596.515869141, 293.122161865, 89.6163101196, 139.497131348, 346.931915283, 227.698822021, 87.8664398193, 50.4481773376, 94.1481018066, 127.550010681, 31.2978916168, 28.953710556, 17.3227367401, 56.6854782104, 35.5369644165, 15.9621973038, 12.763053894, 29.8772068024, 9.01673316956, 9.49157905579, 6.02809715271, 6.73539018631, 3.43266654015, 1.77877700329, 0.767885625362, 0.160538628697, 0.00696137268096],
        "mean": [2.02745699883, 10.9051475525, 7.97645759583, 9.10031795502, 29.7165298462, 18.0336952209, 15.0096511841, 9.39055347443, 18.333065033, 8.12033367157, 24.9884586334, 7.5194568634, 3.79638648033, 5.45279359818, 4.00056219101, 2.02227377892, 2.54362940788, 2.43182182312, 2.00549554825, 1.31751012802, 1.11674273014, 1.09611558914, 0.961496353149, 0.648841321468, 0.530581474304, 0.473515897989, 0.46783515811, 0.374521672726, 0.276024490595, 0.31996384263, 0.564526319504, 0.13539801538, 0.11383497715, 0.114292435348, 0.112345695496, 0.0539278388023, 0.0286914855242, 0.00976799800992, 0.00171285565011, 0.00015882475418],
        "median": [1.13599443436, 4.73828697205, 2.61941576004, 3.55820870399, 7.1666021347, 4.39972734451, 1.83434426785, 1.49899220467, 1.19976854324, 1.27022445202, 1.48898994923, 0.953794121742, 0.817204117775, 1.00521922112, 0.650258123875, 0.548928260803, 0.516698122025, 0.444019764662, 0.328365266323, 0.228141993284, 0.225499540567, 0.230957001448, 0.231087237597, 0.162687540054, 0.124199047685, 0.0981063693762, 0.0781906247139, 0.049000158906, 0.0315485857427, 0.0238050483167, 0.0147445462644, 0.00775504903868, 0.0053308759816, 0.00405583065003, 0.0030658999458, 0.00166274723597, 0.000647486303933, 0.00015316484496, 7.79545662226e-05, 9.85332153505e-05],
        "min": [5.50431716265e-13, 1.18927187976e-12, 7.54049166857e-13, 3.82335526086e-12, 7.71455208742e-12, 7.9090232627e-12, 1.30415149166e-11, 8.26127430353e-11, 1.10463999059e-10, 1.34896371851e-10, 1.82780637847e-10, 3.40588141023e-10, 1.42138883996e-10, 2.24270518823e-10, 3.20349829996e-10, 2.63114530163e-10, 7.52238549229e-10, 4.29142471559e-10, 5.00430863415e-10, 8.27957258309e-10, 6.53241905013e-10, 9.32166788203e-10, 9.80904690806e-10, 1.22984478157e-09, 1.81517945119e-09, 1.92112570296e-09, 2.16308704282e-09, 2.65244493036e-09, 2.44198883337e-09, 3.46193762546e-09, 2.83186318839e-09, 3.05108627252e-09, 2.07723394041e-09, 1.22016030613e-09, 1.03149377928e-09, 7.10409508997e-10, 5.20952725402e-10, 2.48189163665e-10, 4.31314255145e-11, 4.53248940116e-12],
        "var": [5.01256608963, 156.387649536, 244.836349487, 388.266998291, 2649.68383789, 1284.72265625, 1397.19165039, 812.085998535, 4399.15429688, 443.650299072, 9941.81054688, 391.973632812, 121.629592896, 255.175872803, 152.826858521, 21.035692215, 42.0543403625, 97.2891235352, 60.7667350769, 18.4430885315, 11.1447582245, 12.3018846512, 16.1432723999, 2.91282439232, 1.8987518549, 1.36564338207, 1.65236568451, 1.01075553894, 0.537737250328, 0.953900098801, 6.05543994904, 0.251503735781, 0.210445284843, 0.188583865762, 0.226372644305, 0.0555250383914, 0.0229279063642, 0.00363248446956, 0.000134973117383, 2.28359610333e-07]
    },
    "gfcc": {
        "mean": [-123.018333435, 141.777069092, -54.4602775574, 33.415851593, -27.3402252197, 7.1049323082, -16.1815299988, 2.59992551804, -15.9035491943, -2.12798666954, -9.95891189575, -3.37621760368, -6.02970075607],
        "cov": [[8083.68457031, -510.921936035, 391.019744873, -277.226043701, -401.708679199, 336.601959229, -274.716552734, 315.739959717, 77.0625534058, 295.845733643, -144.212356567, 238.152175903, -60.1723251343], [-510.921936035, 2199.32299805, 234.196731567, -295.385375977, 494.447021484, -206.748443604, 401.537261963, -155.963241577, 234.447814941, -111.408477783, 242.919235229, -152.67489624, 259.851409912], [391.019744873, 234.196731567, 1408.56677246, 294.130279541, 408.993225098, 142.088424683, 222.301010132, 164.998077393, 116.596466064, 81.7128753662, 65.9828033447, 59.0789260864, 59.2902412415], [-277.226043701, -295.385375977, 294.130279541, 729.068603516, 319.538757324, 115.876831055, 148.558135986, 65.8572235107, 89.2330780029, -11.9138784409, 28.6648101807, -12.1583833694, 22.9805259705], [-401.708679199, 494.447021484, 408.993225098, 319.538757324, 960.145324707, 260.457672119, 409.142059326, 70.7161865234, 177.122955322, -0.135319784284, 112.644371033, -53.2623672485, 112.830223083], [336.601959229, -206.748443604, 142.088424683, 115.876831055, 260.457672119, 410.739196777, 186.718688965, 149.502807617, 78.9227142334, 53.4226760864, 17.8197288513, 8.81497383118, 18.5374240875], [-274.716552734, 401.537261963, 222.301010132, 148.558135986, 409.142059326, 186.718688965, 477.63180542, 154.063323975, 213.586395264, 24.0290260315, 107.257087708, -18.7059211731, 89.4424591064], [315.739959717, -155.963241577, 164.998077393, 65.8572235107, 70.7161865234, 149.502807617, 154.063323975, 250.256164551, 112.282089233, 101.900276184, 23.9213943481, 43.1734886169, 14.210026741], [77.0625534058, 234.447814941, 116.596466064, 89.2330780029, 177.122955322, 78.9227142334, 213.586395264, 112.282089233, 237.642379761, 72.1844558716, 100.036575317, 11.1283855438, 58.1490745544], [295.845733643, -111.408477783, 81.7128753662, -11.9138784409, -0.135319784284, 53.4226760864, 24.0290260315, 101.900276184, 72.1844558716, 147.759063721, 50.3770027161, 57.5496139526, 0.590451478958], [-144.212356567, 242.919235229, 65.9828033447, 28.6648101807, 112.644371033, 17.8197288513, 107.257087708, 23.9213943481, 100.036575317, 50.3770027161, 133.631835938, 28.3935947418, 66.9857406616], [238.152175903, -152.67489624, 59.0789260864, -12.1583833694, -53.2623672485, 8.81497383118, -18.7059211731, 43.1734886169, 11.1283855438, 57.5496139526, 28.3935947418, 105.940315247, 19.5050144196], [-60.1723251343, 259.851409912, 59.2902412415, 22.9805259705, 112.830223083, 18.5374240875, 89.4424591064, 14.210026741, 58.1490745544, 0.590451478958, 66.9857406616, 19.5050144196, 115.243850708]],
        "icov": [[0.000180752758752, -0.000179230351932, -1.55471516337e-05, -4.93949883094e-05, 8.53812380228e-05, -0.00031198450597, 0.000289691844955, -0.000115284485219, -0.000198986628675, -0.000250182463787, 0.000590998854022, -0.000517948472407, 0.000118153329822], [-0.000179230351932, 0.00239393929951, -0.000541241432074, 0.00164173776284, -0.000594005105086, 0.00179189385381, -0.00131609337404, 0.00125429756008, -0.000898089434486, 0.00109303055797, -0.00254538282752, 0.00390809355304, -0.003114618361], [-1.55471516337e-05, -0.000541241432074, 0.00106355501339, -0.000615868193563, -0.00024517782731, -0.000184042437468, 0.000154196386575, -0.000678831420373, 0.000460734328954, -0.000404997728765, 0.000539088854566, -0.00131474458613, 0.00070035608951], [-4.93949883094e-05, 0.00164173776284, -0.000615868193563, 0.00290024071001, -0.00089122809004, 0.00103941769339, -0.000534559658263, 0.000464838958578, -0.00127184810117, 0.00157688616309, -0.00168512982782, 0.00237944582477, -0.00171569769736], [8.53812380228e-05, -0.000594005105086, -0.00024517782731, -0.00089122809004, 0.00247689057142, -0.00139710051008, -0.00104147929233, 0.000843094196171, 0.000272807548754, -0.000803520728368, 0.000448599050287, 0.000150061634486, -0.000227820914006], [-0.00031198450597, 0.00179189385381, -0.000184042437468, 0.00103941769339, -0.00139710051008, 0.00539340497926, -0.00185472110752, -0.000829292461276, 0.000240998604568, 0.000375976174837, -0.00158626423217, 0.00292323273607, -0.00197007879615], [0.000289691844955, -0.00131609337404, 0.000154196386575, -0.000534559658263, -0.00104147929233, -0.00185472110752, 0.00719981826842, -0.00366165186279, -0.002820327878, 0.00235256855376, -0.000310521863867, -0.00141277851071, 0.00115827668924], [-0.000115284485219, 0.00125429756008, -0.000678831420373, 0.000464838958578, 0.000843094196171, -0.000829292461276, -0.00366165186279, 0.0105034103617, -0.00223617767915, -0.00487715937197, 0.00287272408605, 0.000620587554295, -0.0023986264132], [-0.000198986628675, -0.000898089434486, 0.000460734328954, -0.00127184810117, 0.000272807548754, 0.000240998604568, -0.002820327878, -0.00223617767915, 0.0110412444919, -0.00315918494016, -0.00362549885176, 0.000711294647772, 0.000528461358044], [-0.000250182463787, 0.00109303055797, -0.000404997728765, 0.00157688616309, -0.000803520728368, 0.000375976174837, 0.00235256855376, -0.00487715937197, -0.00315918494016, 0.0164621081203, -0.00767813436687, -0.00263342354447, 0.00321879261173], [0.000590998854022, -0.00254538282752, 0.000539088854566, -0.00168512982782, 0.000448599050287, -0.00158626423217, -0.000310521863867, 0.00287272408605, -0.00362549885176, -0.00767813436687, 0.0212326794863, -0.00685263797641, -0.00350374728441], [-0.000517948472407, 0.00390809355304, -0.00131474458613, 0.00237944582477, 0.000150061634486, 0.00292323273607, -0.00141277851071, 0.000620587554295, 0.000711294647772, -0.00263342354447, -0.00685263797641, 0.0213197283447, -0.0084483018145], [0.000118153329822, -0.003114618361, 0.00070035608951, -0.00171569769736, -0.000227820914006, -0.00197007879615, 0.00115827668924, -0.0023986264132, 0.000528461358044, 0.00321879261173, -0.00350374728441, -0.0084483018145, 0.0188636258245]]
    },
    "melbands": {
        "dmean": [0.00600543245673, 0.00358864990994, 0.00210442091338, 0.00148140860256, 0.000476378452731, 0.000199115573196, 0.000183649375685, 6.20014980086e-05, 0.000133999477839, 3.58320285159e-05, 1.90842965822e-05, 1.8423610527e-05, 1.16019800771e-05, 4.65099537905e-06, 3.85425255445e-06, 5.22793970958e-06, 4.05268292525e-06, 3.43673968928e-06, 2.10378630072e-06, 1.57007605139e-06, 1.27001044348e-06, 1.06833795144e-06, 1.04561831904e-06, 6.54626603591e-07, 4.56650980141e-07, 3.7414650933e-07, 3.01704602634e-07, 2.42425386432e-07, 2.50082251796e-07, 1.95927938762e-07, 1.58320631272e-07, 1.20031884876e-07, 1.23996144907e-07, 1.35925219524e-07, 5.47780473426e-07, 6.66555521889e-08, 5.31226547196e-08, 6.01504126507e-08, 8.10334626067e-08, 7.61988090403e-08],
        "dmean2": [0.00974856968969, 0.0058987182565, 0.00354719720781, 0.00249248719774, 0.000813044607639, 0.000338244106388, 0.000278108258499, 9.99030744424e-05, 0.000216793923755, 6.3673571276e-05, 3.38080462825e-05, 3.08628004859e-05, 1.96294986381e-05, 7.7993981904e-06, 6.39336576569e-06, 8.68403640197e-06, 6.91400509822e-06, 5.70377642362e-06, 3.48342314282e-06, 2.50974903793e-06, 2.12988152271e-06, 1.78235973181e-06, 1.70135433564e-06, 1.11351141641e-06, 7.64491630889e-07, 6.25366453733e-07, 5.00691612615e-07, 4.04097306728e-07, 4.20161740067e-07, 3.20657903785e-07, 2.56191611925e-07, 1.95265272396e-07, 2.01008901968e-07, 2.2186380022e-07, 8.99668634702e-07, 1.01497754201e-07, 8.27084818411e-08, 9.55229069177e-08, 1.28111622644e-07, 1.17092582741e-07],
        "dvar": [0.000133304783958, 8.52216398926e-05, 2.13186303881e-05, 9.5887844509e-06, 1.3631603224e-06, 3.23390338508e-07, 4.04574421964e-07, 2.20540332663e-08, 2.67361457418e-07, 1.39681688438e-08, 3.90516285975e-09, 2.36979347257e-09, 1.49088574819e-09, 1.53667217839e-10, 1.05798557415e-10, 2.21351506569e-10, 6.65947685885e-10, 2.91654755902e-10, 7.0301105215e-11, 2.01839881614e-11, 1.66748490016e-11, 1.3935262666e-11, 2.42629857178e-11, 6.65454844007e-12, 1.42848764501e-12, 1.04657092454e-12, 7.03267413922e-13, 5.15441639024e-13, 5.62357072801e-13, 2.50080961798e-13, 1.91585273037e-13, 1.13803646953e-13, 1.37423099701e-13, 2.04749547395e-13, 5.61410336622e-12, 5.60740351179e-14, 5.46480687037e-14, 7.35823823205e-14, 1.00277079663e-13, 8.33894924141e-14],
        "dvar2": [0.000355471391231, 0.000224509916734, 5.63546564081e-05, 2.49504773819e-05, 3.59801879313e-06, 8.11581912785e-07, 8.058802905e-07, 4.98556147477e-08, 6.15218993971e-07, 3.95842469914e-08, 1.08347784078e-08, 5.29747312683e-09, 3.86241216788e-09, 4.13860251625e-10, 2.72552785896e-10, 5.51010737038e-10, 1.88974036419e-09, 8.02846400472e-10, 1.84579448947e-10, 4.94509121152e-11, 4.39659524065e-11, 3.66895715198e-11, 5.87006207531e-11, 1.70860495891e-11, 3.42225835344e-12, 2.56553697557e-12, 1.77802022237e-12, 1.36475412135e-12, 1.49676365052e-12, 6.09723534682e-13, 4.6056317397e-13, 2.71135680097e-13, 3.28420531872e-13, 4.90538219853e-13, 1.37729020896e-11, 1.0958423703e-13, 1.18213544422e-13, 1.72264437957e-13, 2.31394466305e-13, 1.77099451098e-13],
        "max": [0.100464701653, 0.0774448290467, 0.0623627342284, 0.0447370149195, 0.0184876695275, 0.015200426802, 0.0193880852312, 0.00255883438513, 0.0114504154772, 0.00187832664233, 0.00191992090549, 0.00249408837408, 0.00114251219202, 0.000388874817872, 0.00020849876455, 0.00036885595182, 0.000763553194702, 0.000433305220213, 0.000173325650394, 7.69687831053e-05, 5.74976511416e-05, 8.54330792208e-05, 0.000135035224957, 6.89376684022e-05, 2.8338181437e-05, 3.51659218722e-05, 1.439362768e-05, 1.17825102279e-05, 3.7360634451e-05, 2.13805651583e-05, 2.0261399186e-05, 9.98308951239e-06, 5.97519328949e-06, 6.97699852026e-06, 2.66581137112e-05, 5.24749066244e-06, 5.89142018725e-06, 6.15913313595e-06, 6.1270079641e-06, 5.33744832865e-06],
        "mean": [0.0175412707031, 0.00795349851251, 0.00233209994622, 0.00181244045962, 0.000545066199265, 0.000211435763049, 0.000270062504569, 9.3029186246e-05, 0.000190701772226, 3.46863344021e-05, 1.77629572136e-05, 2.20577712753e-05, 1.48674143929e-05, 5.76274896957e-06, 4.40470739704e-06, 6.53517327009e-06, 4.26640053774e-06, 3.49586844095e-06, 2.00378576665e-06, 1.58092325364e-06, 1.21592654523e-06, 1.08978861135e-06, 1.11124279556e-06, 6.77741411437e-07, 5.07113838921e-07, 4.26084483252e-07, 3.39159953455e-07, 3.02274543174e-07, 3.02669974417e-07, 2.5074970722e-07, 2.05282020715e-07, 1.52877362325e-07, 1.49869876509e-07, 1.57285498403e-07, 4.60748537989e-07, 8.95283704949e-08, 6.70654998203e-08, 6.99379896218e-08, 9.33657986479e-08, 9.26644290189e-08],
        "median": [0.0134302023798, 0.00315495044924, 0.000781718816143, 0.000512790225912, 7.00073578628e-05, 3.23040658259e-05, 1.62672586157e-05, 1.4939250832e-05, 1.1647140127e-05, 4.63056949229e-06, 3.48256116922e-06, 3.99334385293e-06, 1.99097758014e-06, 1.47729383571e-06, 1.12934617391e-06, 1.00331499198e-06, 7.29207954464e-07, 5.2664870509e-07, 3.15241777571e-07, 2.74832700597e-07, 2.44792602189e-07, 2.22013341045e-07, 2.32904056929e-07, 1.65881232306e-07, 1.19746516702e-07, 9.52523464548e-08, 7.21058057707e-08, 6.07894250493e-08, 5.00058945363e-08, 3.72418540451e-08, 2.42379805115e-08, 1.78454246935e-08, 1.4733367415e-08, 1.18992922182e-08, 8.77820838241e-09, 5.88049875461e-09, 4.1296308595e-09, 3.65452224038e-09, 3.53094398164e-09, 3.34331629048e-09],
        "min": [4.70385093588e-15, 7.6577760602e-16, 7.86265850706e-16, 5.74012417256e-16, 3.83478840867e-16, 1.81645982605e-15, 1.89490672367e-15, 1.34517323529e-15, 1.74558423831e-15, 2.2036570092e-15, 6.55494286864e-16, 7.95032271133e-16, 1.27281470462e-15, 6.73567058283e-16, 1.02614155796e-15, 1.3901572493e-15, 8.13695001e-16, 7.25244803093e-16, 1.21571091969e-15, 1.01210590439e-15, 6.40070769807e-16, 9.19693127536e-16, 7.22358697144e-16, 1.16481599214e-15, 8.96595491976e-16, 1.32004568528e-15, 1.38017316607e-15, 1.19648549525e-15, 9.46045804832e-16, 1.55112474362e-15, 1.74953914102e-15, 1.34044615617e-15, 1.28375773502e-15, 2.29450573972e-15, 1.59369767834e-15, 1.49001597515e-15, 1.92168757612e-15, 1.3509489412e-15, 1.33944824548e-15, 9.1319405549e-16],
        "var": [0.000307562324451, 0.000108721469587, 1.81124014489e-05, 9.76429600996e-06, 1.60185993536e-06, 3.87963154935e-07, 9.81740754469e-07, 5.40952171946e-08, 5.66933238133e-07, 1.03852491051e-08, 2.86163537311e-09, 4.46951542443e-09, 2.36215114136e-09, 1.69727551458e-10, 1.08368404528e-10, 3.38470168559e-10, 4.29242502653e-10, 2.09372116866e-10, 5.65908118977e-11, 2.03467763471e-11, 1.40082789118e-11, 1.18729574783e-11, 2.11816276324e-11, 5.52028952064e-12, 1.89037869559e-12, 1.31957259789e-12, 7.90173482201e-13, 5.80423025181e-13, 7.49177846496e-13, 4.33531059359e-13, 3.22781786109e-13, 1.75573788906e-13, 1.65082669214e-13, 2.30999355928e-13, 4.70278330167e-12, 1.0505560587e-13, 7.50851339654e-14, 8.39751784277e-14, 1.33213644109e-13, 1.30769567809e-13]
    },
    "mfcc": {
        "mean": [-789.00958252, 177.728942871, 37.0085372925, 42.5655593872, 17.8140163422, 15.6057939529, 12.481467247, 8.96357631683, 5.17354726791, 2.99204659462, 3.65142869949, 2.19489049911, -0.67295140028],
        "cov": [[7271.86865234, -106.072486877, -164.967056274, -306.665771484, -338.895904541, -39.4976119995, -361.914276123, -50.2245140076, 30.7648086548, 51.5485267639, 69.4917526245, -4.04235839844, 74.7518386841], [-106.072486877, 2167.32177734, 112.840270996, 4.2008023262, 142.466583252, 64.6818161011, 191.84967041, 29.3564033508, 102.220054626, 103.413597107, 54.5454864502, 43.8557395935, -1.85493505001], [-164.967056274, 112.840270996, 874.266784668, 230.951568604, 85.4260253906, 23.533952713, 50.8567085266, 68.3656158447, 66.7521057129, 32.004611969, 51.286113739, 49.9319343567, 63.4446334839], [-306.665771484, 4.2008023262, 230.951568604, 648.90826416, 276.719726562, 168.269348145, 153.525390625, 124.493667603, 118.896232605, 72.0759811401, 49.8913955688, 54.0736808777, 45.7835540771], [-338.895904541, 142.466583252, 85.4260253906, 276.719726562, 465.995697021, 262.92791748, 221.184204102, 127.060012817, 129.927505493, 97.5143661499, 46.9800682068, 32.3608589172, 29.2758102417], [-39.4976119995, 64.6818161011, 23.533952713, 168.269348145, 262.92791748, 329.798034668, 222.706466675, 160.293411255, 138.48387146, 107.320007324, 65.4879074097, 44.734161377, 37.2802810669], [-361.914276123, 191.84967041, 50.8567085266, 153.525390625, 221.184204102, 222.706466675, 317.996063232, 189.208694458, 168.695983887, 123.017501831, 74.3952789307, 60.3484306335, 34.3039512634], [-50.2245140076, 29.3564033508, 68.3656158447, 124.493667603, 127.060012817, 160.293411255, 189.208694458, 225.843917847, 175.272354126, 119.183334351, 79.415473938, 61.5890274048, 56.2291564941], [30.7648086548, 102.220054626, 66.7521057129, 118.896232605, 129.927505493, 138.48387146, 168.695983887, 175.272354126, 214.299560547, 147.113235474, 92.6055755615, 76.0774459839, 62.6022453308], [51.5485267639, 103.413597107, 32.004611969, 72.0759811401, 97.5143661499, 107.320007324, 123.017501831, 119.183334351, 147.113235474, 159.008056641, 104.007591248, 70.564239502, 50.1727828979], [69.4917526245, 54.5454864502, 51.286113739, 49.8913955688, 46.9800682068, 65.4879074097, 74.3952789307, 79.415473938, 92.6055755615, 104.007591248, 121.43270874, 85.7869873047, 56.5240402222], [-4.04235839844, 43.8557395935, 49.9319343567, 54.0736808777, 32.3608589172, 44.734161377, 60.3484306335, 61.5890274048, 76.0774459839, 70.564239502, 85.7869873047, 110.742797852, 78.3149642944], [74.7518386841, -1.85493505001, 63.4446334839, 45.7835540771, 29.2758102417, 37.2802810669, 34.3039512634, 56.2291564941, 62.6022453308, 50.1727828979, 56.5240402222, 78.3149642944, 106.618965149]],
