{
"lowlevel": {
    "average_loudness": 0.923246204853,
    "barkbands_crest": {
        "dmean": 2.35952615738,
        "dmean2": 3.77598714828,
        "dvar": 5.39718961716,
        "dvar2": 14.1063938141,
        "max": 25.5407085419,
        "mean": 12.2026567459,
        "median": 11.9319314957,
        "min": 2.77518439293,
        "var": 14.8724222183
    },
    "barkbands_flatness_db": {
        "dmean": 0.0215792451054,
        "dmean2": 0.0325427986681,
        "dvar": 0.000460846174974,
        "dvar2": 0.00100192171521,
        "max": 0.382363051176,
        "mean": 0.137477964163,
        "median": 0.133566811681,
        "min": 0.034919925034,
        "var": 0.00193567725364
    },
    "barkbands_kurtosis": {
        "dmean": 1.69109368324,
        "dmean2": 2.71130132675,
        "dvar": 9.8579492569,
        "dvar2": 24.5597629547,
        "max": 119.837310791,
        "mean": 2.78351593018,
        "median": 0.891058444977,
        "min": -1.84304893017,
        "var": 38.9176864624
    },
    "barkbands_skewness": {
        "dmean": 0.400118172169,
        "dmean2": 0.620545864105,
        "dvar": 0.158775389194,
        "dvar2": 0.40114313364,
        "max": 9.24497032166,
        "mean": 1.36197865009,
        "median": 1.22942841053,
        "min": -2.22748374939,
        "var": 0.991863131523
    },
    "barkbands_spread": {
        "dmean": 5.2230629921,
        "dmean2": 8.34113025665,
        "dvar": 44.6554450989,
        "dvar2": 109.54611969,
        "max": 128.144317627,
        "mean": 25.2639083862,
        "median": 24.3614349365,
        "min": 0.726764261723,
        "var": 151.287490845
    },
    "dissonance": {
        "dmean": 0.0197772029787,
        "dmean2": 0.0325925946236,
        "dvar": 0.000354891497409,
        "dvar2": 0.000937510631047,
        "max": 0.500000178814,
        "mean": 0.454508423805,
        "median": 0.460397422314,
        "min": 0.25987559557,
        "var": 0.000858266546857
    },
    "dynamic_complexity": 2.34941530228,
    "erbbands_crest": {
        "dmean": 2.94379806519,
        "dmean2": 4.43192815781,
        "dvar": 8.04515266418,
        "dvar2": 17.7132911682,
        "max": 31.5541191101,
        "mean": 10.4710769653,
        "median": 8.59879589081,
        "min": 2.50435757637,
        "var": 34.0145454407
    },
    "erbbands_flatness_db": {
        "dmean": 0.0200697425753,
        "dmean2": 0.0285454224795,
        "dvar": 0.000376375945052,
        "dvar2": 0.000736600311939,
        "max": 0.373913288116,
        "mean": 0.155268788338,
        "median": 0.151811033487,
        "min": 0.0477972663939,
        "var": 0.00183935998939
    },
    "erbbands_kurtosis": {
        "dmean": 1.11247110367,
        "dmean2": 1.71021258831,
        "dvar": 3.4683573246,
        "dvar2": 8.23169708252,
        "max": 51.9645767212,
        "mean": 0.978221714497,
        "median": 0.0776114463806,
        "min": -1.82799601555,
        "var": 9.71079730988
    },
    "erbbands_skewness": {
        "dmean": 0.352858871222,
        "dmean2": 0.53486508131,
        "dvar": 0.117460459471,
        "dvar2": 0.289724826813,
        "max": 6.17368602753,
        "mean": 0.442861348391,
        "median": 0.270483016968,
        "min": -1.87984359264,
        "var": 0.744942307472
    },
    "erbbands_spread": {
        "dmean": 7.3396654129,
        "dmean2": 11.2752685547,
        "dvar": 57.3268356323,
        "dvar2": 134.524520874,
        "max": 112.422325134,
        "mean": 34.2508583069,
        "median": 32.8921890259,
        "min": 2.47286009789,
        "var": 204.103271484
    },
    "hfc": {
        "dmean": 9.25201320648,
        "dmean2": 14.4105482101,
        "dvar": 202.924758911,
        "dvar2": 470.840698242,
        "max": 645.833862305,
        "mean": 27.6421985626,
        "median": 23.3634357452,
        "min": 1.12669185975e-16,
        "var": 565.940063477
    },
    "melbands_crest": {
        "dmean": 2.79143023491,
        "dmean2": 4.34206104279,
        "dvar": 8.3883895874,
        "dvar2": 20.4398365021,
        "max": 34.9496612549,
        "mean": 16.9357719421,
        "median": 16.3854141235,
        "min": 1.67193984985,
        "var": 28.9882316589
    },
    "melbands_flatness_db": {
        "dmean": 0.0226459391415,
        "dmean2": 0.0353204458952,
        "dvar": 0.00055555527797,
        "dvar2": 0.0013059261255,
        "max": 0.500738680363,
        "mean": 0.199714317918,
        "median": 0.198219001293,
        "min": 0.00426107645035,
        "var": 0.00279371114448
    },
    "melbands_kurtosis": {
        "dmean": 4.28388214111,
        "dmean2": 6.73844099045,
        "dvar": 42.2641487122,
        "dvar2": 107.165214539,
        "max": 168.243789673,
        "mean": 9.60697460175,
        "median": 6.17875623703,
        "min": -1.66330134869,
        "var": 156.901367188
    },
    "melbands_skewness": {
        "dmean": 0.583450853825,
        "dmean2": 0.890360951424,
        "dvar": 0.319207787514,
        "dvar2": 0.800530433655,
        "max": 11.3168363571,
        "mean": 2.37440252304,
        "median": 2.2303674221,
        "min": -0.536462903023,
        "var": 1.59548449516
    },
    "melbands_spread": {
        "dmean": 5.50768566132,
        "dmean2": 8.87088775635,
        "dvar": 46.6899871826,
        "dvar2": 120.589950562,
        "max": 164.178573608,
        "mean": 25.396188736,
        "median": 23.1140804291,
        "min": 0.964117407799,
        "var": 269.486358643
    },
    "pitch_salience": {
        "dmean": 0.0593995042145,
        "dmean2": 0.0956029444933,
        "dvar": 0.00395195605233,
        "dvar2": 0.0100261755288,
        "max": 0.901543080807,
        "mean": 0.447387725115,
        "median": 0.440533399582,
        "min": 0.104824654758,
        "var": 0.00979705806822
    },
    "silence_rate_20dB": {
        "dmean": 0,
        "dmean2": 0,
        "dvar": 0,
        "dvar2": 0,
        "max": 1,
        "mean": 1,
        "median": 1,
        "min": 1,
        "var": 0
    },
    "silence_rate_30dB": {
        "dmean": 0.00432311277837,
        "dmean2": 0.0086469175294,
        "dvar": 0.00430457433686,
        "dvar2": 0.0111347334459,
        "max": 1,
        "mean": 0.996237576008,
        "median": 1,
        "min": 0,
        "var": 0.00374812632799
    },
    "silence_rate_60dB": {
        "dmean": 0.00320230564103,
        "dmean2": 0.00640512397513,
        "dvar": 0.00319169345312,
        "dvar2": 0.00764232501388,
        "max": 1,
        "mean": 0.0286583416164,
        "median": 0,
        "min": 0,
        "var": 0.0278397388756
    },
    "spectral_centroid": {
        "dmean": 215.632110596,
        "dmean2": 338.01272583,
        "dvar": 59906.9609375,
        "dvar2": 137226.078125,
        "max": 10888.5585938,
        "mean": 1485.49951172,
        "median": 1431.85681152,
        "min": 331.433624268,
        "var": 373460.40625
    },
    "spectral_complexity": {
        "dmean": 3.44920349121,
        "dmean2": 5.63394737244,
        "dvar": 14.241727829,
        "dvar2": 33.610004425,
        "max": 56,
        "mean": 21.2368717194,
        "median": 21,
        "min": 0,
        "var": 55.5832633972
    },
    "spectral_decrease": {
        "dmean": 2.38813790965e-09,
        "dmean2": 3.7583296475e-09,
        "dvar": 8.01489706216e-18,
        "dvar2": 2.17942950448e-17,
        "max": 6.15376829107e-19,
        "mean": -9.94194948589e-09,
        "median": -9.33299038053e-09,
        "min": -3.40786314723e-08,
        "var": 2.43896652066e-17
    },
    "spectral_energy": {
        "dmean": 0.00956472661346,
        "dmean2": 0.0150088490918,
        "dvar": 0.000123559264466,
        "dvar2": 0.000333482195856,
        "max": 0.141496747732,
        "mean": 0.0400305576622,
        "median": 0.0376486517489,
        "min": 1.05872066369e-20,
        "var": 0.000388538872357
    },
    "spectral_energyband_high": {
        "dmean": 0.000669368950184,
        "dmean2": 0.00108292372897,
        "dvar": 2.18166474042e-06,
        "dvar2": 4.97441124025e-06,
        "max": 0.0429808497429,
        "mean": 0.00121474917978,
        "median": 0.000590010196902,
        "min": 7.46567418995e-21,
        "var": 4.94347295898e-06
    },
    "spectral_energyband_low": {
        "dmean": 0.00469279522076,
        "dmean2": 0.00772609608248,
        "dvar": 7.36625079298e-05,
        "dvar2": 0.000195976768737,
        "max": 0.0877106487751,
        "mean": 0.0174118187279,
        "median": 0.0174056217074,
        "min": 7.17138365916e-23,
        "var": 0.000125345060951
    },
    "spectral_energyband_middle_high": {
        "dmean": 0.00260508130305,
        "dmean2": 0.00376690807752,
        "dvar": 1.07073055915e-05,
        "dvar2": 2.19316407311e-05,
        "max": 0.0531779155135,
        "mean": 0.00785983074456,
        "median": 0.0058599030599,
        "min": 1.77753358819e-21,
        "var": 4.6342411224e-05
    },
    "spectral_energyband_middle_low": {
        "dmean": 0.00508383428678,
        "dmean2": 0.00774428807199,
        "dvar": 5.65381560591e-05,
        "dvar2": 0.000147810264025,
        "max": 0.114520408213,
        "mean": 0.0140468375757,
        "median": 0.00927008129656,
        "min": 2.7861817439e-22,
        "var": 0.000191258804989
    },
    "spectral_entropy": {
        "dmean": 0.197252437472,
        "dmean2": 0.296096116304,
        "dvar": 0.0406200774014,
        "dvar2": 0.0858459919691,
        "max": 9.77530860901,
        "mean": 7.53845024109,
        "median": 7.5151720047,
        "min": 5.59878015518,
        "var": 0.149282172322
    },
    "spectral_flux": {
        "dmean": 0.0237463824451,
        "dmean2": 0.0374736152589,
        "dvar": 0.000587202666793,
        "dvar2": 0.00123912002891,
        "max": 0.254930436611,
        "mean": 0.0819012597203,
        "median": 0.0740754157305,
        "min": 1.02894151532e-10,
        "var": 0.00161774177104
    },
    "spectral_kurtosis": {
        "dmean": 1.27667462826,
        "dmean2": 2.16467738152,
        "dvar": 1.88168215752,
        "dvar2": 5.21750688553,
        "max": 39.4351615906,
        "mean": 3.5977063179,
        "median": 3.29237318039,
        "min": -1.2375934124,
        "var": 4.26504516602
    },
    "spectral_rms": {
        "dmean": 0.000711703090928,
        "dmean2": 0.00110532250255,
        "dvar": 5.5974442148e-07,
        "dvar2": 1.49545280692e-06,
        "max": 0.011749281548,
        "mean": 0.00601123552769,
        "median": 0.00606056023389,
        "min": 3.21387339484e-12,
        "var": 2.91915262096e-06
    },
    "spectral_rolloff": {
        "dmean": 384.417938232,
        "dmean2": 664.922607422,
        "dvar": 570455.125,
        "dvar2": 1473171.875,
        "max": 19444.4824219,
        "mean": 1450.52612305,
        "median": 1033.59375,
        "min": 64.599609375,
        "var": 3098103
    },
    "spectral_skewness": {
        "dmean": 0.186847999692,
        "dmean2": 0.308710038662,
        "dvar": 0.031196936965,
        "dvar2": 0.0849830359221,
        "max": 4.30926084518,
        "mean": 1.41172945499,
        "median": 1.39432787895,
        "min": 0.00613178312778,
        "var": 0.116303771734
    },
    "spectral_spread": {
        "dmean": 643586.9375,
        "dmean2": 968222.5,
        "dvar": 835891494912,
        "dvar2": 1.63689607987e+12,
        "max": 40657188,
        "mean": 4682402.5,
        "median": 4323372.5,
        "min": 1493565.125,
        "var": 2.21602067251e+12
    },
    "spectral_strongpeak": {
        "dmean": 0.554811358452,
        "dmean2": 0.978646576405,
        "dvar": 1.5227304697,
        "dvar2": 3.69787955284,
        "max": 21.0418682098,
        "mean": 1.00242078304,
        "median": 0.380964845419,
        "min": 0,
        "var": 2.09145593643
    },
    "zerocrossingrate": {
        "dmean": 0.00892505887896,
        "dmean2": 0.0112981796265,
        "dvar": 0.00011790721328,
        "dvar2": 0.000159453120432,
        "max": 0.57568359375,
        "mean": 0.0570429936051,
        "median": 0.04638671875,
        "min": 0.00146484375,
        "var": 0.00211187731475
    },
    "barkbands": {
        "dmean": [0.00024970783852, 0.00433429377154, 0.000819227076136, 0.000524430302903, 0.0017361814389, 0.00135293300264, 0.00147300527897, 0.000653776864056, 0.00118063075934, 0.000589165778365, 0.00105754483957, 0.000705985934474, 0.000471017963719, 0.000411776883993, 0.000507228251081, 0.000264988833806, 0.000236723077251, 0.000216990534682, 0.000153850516654, 0.000172827363713, 0.000148463688674, 0.000110225082608, 0.000107951171231, 0.000129476757138, 0.000147395621752, 5.22529262525e-05, 1.00897177617e-05],
        "dmean2": [0.000394383183448, 0.00713999802247, 0.00140179297887, 0.000878179329447, 0.00275143631734, 0.00201664818451, 0.00216948194429, 0.000964317063335, 0.00164677773137, 0.000803254370112, 0.00145440315828, 0.00101849471685, 0.000731763720978, 0.000658893899526, 0.000859993859194, 0.000452442211099, 0.000403826939873, 0.000368885957869, 0.00026359554613, 0.000295864621876, 0.000243077040068, 0.000175332621438, 0.000169949591509, 0.00021880462009, 0.000250923534622, 8.60241852934e-05, 1.40781712616e-05],
        "dvar": [2.62164064679e-07, 6.66400592308e-05, 4.21581580667e-06, 1.40427550832e-06, 1.18374882732e-05, 1.70675903064e-05, 1.28301689983e-05, 4.08967707699e-06, 9.32960483624e-06, 2.81703114524e-06, 4.33372588304e-06, 2.50490734288e-06, 1.04988657768e-06, 5.85045825119e-07, 7.8904122347e-07, 1.42866468877e-07, 1.16839558473e-07, 8.17122156604e-08, 7.62166507684e-08, 9.70905915665e-08, 1.08743115845e-07, 7.79981945698e-08, 9.5776265141e-08, 1.27857987309e-07, 2.34857267856e-07, 5.78500909398e-08, 1.03702419096e-07],
        "dvar2": [5.73694762807e-07, 0.00017879405641, 1.12639963845e-05, 3.81873223887e-06, 2.99022431136e-05, 4.07496481785e-05, 2.95393529086e-05, 9.72418001766e-06, 2.04260013561e-05, 4.94834830533e-06, 7.81301878305e-06, 4.50096422355e-06, 2.26583256335e-06, 1.42496503486e-06, 2.21970572056e-06, 3.85387807e-07, 3.17581140052e-07, 2.20462410994e-07, 2.08743813346e-07, 2.69061757763e-07, 2.60722941903e-07, 1.76744208602e-07, 1.89095075598e-07, 3.13409088903e-07, 6.00733187639e-07, 8.76245920267e-08, 1.37049724458e-07],
        "max": [0.0135635705665, 0.0795435085893, 0.0205301865935, 0.0186023879796, 0.0668305903673, 0.098415993154, 0.0882912352681, 0.0643706470728, 0.0714620873332, 0.0385834276676, 0.0367896705866, 0.0412446632981, 0.0295063219965, 0.0166611112654, 0.0222407598048, 0.00613716989756, 0.00744535587728, 0.00595033774152, 0.00643771979958, 0.00518552772701, 0.0114283869043, 0.0106498636305, 0.0149404713884, 0.0140439616516, 0.016527261585, 0.0231592617929, 0.0375059209764],
        "mean": [0.000717688992154, 0.0148786958307, 0.00137831619941, 0.000966424238868, 0.00334423501045, 0.0028449643869, 0.00319829233922, 0.00119045749307, 0.00236681336537, 0.00104021525476, 0.00187433988322, 0.00113866175525, 0.000741182826459, 0.000636536919046, 0.000755224493332, 0.000438019982539, 0.000415063434048, 0.000410659791669, 0.000295750127407, 0.00032604217995, 0.000287553732051, 0.000187459139852, 0.00020236131968, 0.000166100187926, 0.000152820008225, 6.38627243461e-05, 1.26626246129e-05],
        "median": [0.000249411474215, 0.0151847181842, 0.000955661875196, 0.000476957531646, 0.00154565856792, 0.000847900751978, 0.000666945590638, 0.000321665138472, 0.000689452979714, 0.000267288472969, 0.000692666159011, 0.000393782800529, 0.000346593500581, 0.000315878365654, 0.000363314204151, 0.000270932272542, 0.000257496663835, 0.000291409756755, 0.000198135821847, 0.000221594804316, 0.000169773382368, 9.70184555626e-05, 6.35511387372e-05, 4.6170749556e-05, 2.33585815295e-05, 4.44514262199e-06, 2.72209376817e-07],
        "min": [5.04039638276e-24, 1.97370600349e-23, 4.63328112568e-23, 2.14889654887e-23, 5.21724172166e-23, 5.82691476553e-23, 2.31696115591e-23, 3.62580824651e-23, 5.27191672437e-23, 1.1190158548e-22, 2.22175053559e-23, 1.08172015203e-22, 5.19873315156e-23, 2.20341649308e-22, 1.3101274434e-22, 2.41052087969e-22, 1.79287964648e-22, 3.06223206876e-22, 2.59641084019e-22, 3.11410983381e-22, 6.29958671464e-22, 4.10293978409e-22, 6.51318147013e-22, 9.21230906836e-22, 1.34163333626e-21, 1.46759753489e-21, 2.13285289773e-21],
        "var": [1.09225288725e-06, 0.000103297155874, 3.93692835132e-06, 1.77459321549e-06, 2.83390709228e-05, 6.11653667875e-05, 5.03872870468e-05, 1.16077753773e-05, 2.6484940463e-05, 9.41791950027e-06, 1.33081803142e-05, 6.29883243164e-06, 1.87001865015e-06, 1.04332639239e-06, 1.32184118229e-06, 2.67806200327e-07, 2.35440353435e-07, 1.71449514141e-07, 1.13192953677e-07, 1.2956438411e-07, 1.89316509136e-07, 1.15218782071e-07, 3.78690799607e-07, 1.84421452332e-07, 2.40876289581e-07, 1.36152976893e-07, 1.99203256557e-07]
    },
    "erbbands": {
        "dmean": [0.157683730125, 0.885269522667, 1.06458890438, 1.19928693771, 4.31107282639, 6.40122032166, 6.28094148636, 12.2154989243, 21.5174179077, 14.9936332703, 19.0202999115, 22.5781764984, 18.6524677277, 36.510723114, 28.0754737854, 21.9310073853, 20.1927757263, 21.3793182373, 17.2746315002, 20.5895214081, 14.8539876938, 13.5481472015, 11.6959915161, 9.57000732422, 8.48657798767, 6.40182971954, 6.29781484604, 6.06159734726, 3.99726843834, 3.3050236702, 3.09534931183, 2.45484948158, 2.3712618351, 1.5772074461, 1.12196528912, 0.350934833288, 0.0931176692247, 0.0167571958154, 0.00199344847351, 9.20485763345e-05],
        "dmean2": [0.252984255552, 1.49411702156, 1.81356096268, 1.99868047237, 6.98124313354, 9.87401676178, 9.61883544922, 18.0960788727, 31.8760852814, 21.7373523712, 28.3940658569, 30.844039917, 25.0763244629, 49.2785491943, 38.1291770935, 31.5564975739, 31.1492385864, 34.0931129456, 28.7452030182, 35.150894165, 25.4496364594, 23.2323856354, 19.8507938385, 16.3428153992, 14.6124210358, 10.9521417618, 10.4919757843, 9.87231254578, 6.36764240265, 5.15290403366, 4.89292955399, 4.07255077362, 4.02980470657, 2.6619811058, 1.92469227314, 0.594035804272, 0.154628485441, 0.0262909848243, 0.00351164047606, 0.000141789001646],
        "dvar": [0.101494416595, 2.84091544151, 5.21058177948, 6.98665142059, 78.8150253296, 204.862823486, 423.904968262, 1337.4465332, 3615.61791992, 1554.97143555, 3374.36523438, 3458.27783203, 2730.58276367, 5141.734375, 4753.40087891, 2183.85131836, 1533.43481445, 1893.83679199, 760.621459961, 1201.86730957, 454.865509033, 422.816680908, 280.223846436, 211.914825439, 230.152496338, 177.839324951, 170.697982788, 224.567901611, 94.0493392944, 88.5751647949, 89.3383331299, 56.5940513611, 54.943359375, 28.8257102966, 16.3462429047, 2.32482028008, 0.77399712801, 0.160310089588, 0.00760888587683, 1.38557934406e-05],
        "dvar2": [0.244589462876, 8.24711990356, 14.00431633, 18.7288017273, 203.410751343, 482.307556152, 815.849731445, 3179.95458984, 8802.78027344, 3303.80493164, 9286.95410156, 6843.25, 5067.43310547, 8908.38769531, 8049.31933594, 3859.96313477, 3324.29907227, 4497.08105469, 2013.01086426, 3444.89453125, 1236.1953125, 1157.70825195, 763.168457031, 572.959655762, 651.88104248, 485.579498291, 440.208099365, 530.941101074, 213.694030762, 162.739974976, 201.237625122, 141.783935547, 146.680725098, 75.3491210938, 42.0730018616, 4.98561906815, 1.79573607445, 0.331017434597, 0.0141030661762, 2.3530326871e-05],
        "max": [3.42573738098, 17.7747097015, 26.5927734375, 39.3345031738, 196.086334229, 374.400146484, 832.073913574, 981.566711426, 1615.6496582, 1045.87756348, 1339.47302246, 1435.65686035, 1750.81274414, 1493.43347168, 1536.10290527, 934.519104004, 1291.95080566, 1384.33154297, 526.89276123, 814.705871582, 362.499694824, 475.588409424, 399.773468018, 361.628295898, 398.848022461, 240.610275269, 303.878204346, 641.092956543, 382.964080811, 505.968414307, 433.3855896, 410.953277588, 348.366271973, 281.344512939, 181.746261597, 111.342193604, 86.2763061523, 40.0154914856, 7.73332977295, 0.379858255386],
        "mean": [0.538074791431, 2.82486009598, 2.47560024261, 2.41612839699, 7.3759598732, 13.1869344711, 12.3317289352, 25.7311477661, 46.4053230286, 32.4212226868, 35.9092140198, 45.690700531, 38.1948394775, 70.5394363403, 54.1488990784, 38.133190155, 34.9616394043, 37.3301200867, 29.2096500397, 33.6894111633, 27.2833995819, 24.8887805939, 22.3507442474, 19.5685443878, 16.5057201385, 12.3364839554, 12.1053094864, 10.5156059265, 7.02995157242, 6.11227369308, 5.98117160797, 3.59754514694, 2.72227191925, 1.73897993565, 1.07884931564, 0.373384654522, 0.104721866548, 0.0199037659913, 0.00230671674944, 0.000140264019137],
        "median": [0.626560926437, 2.65714740753, 1.59748280048, 1.44741988182, 3.77851819992, 4.99547529221, 4.9002161026, 7.52486515045, 9.73679161072, 9.29551124573, 11.7907772064, 14.3482685089, 12.0520343781, 28.2705917358, 17.2995300293, 15.0918245316, 18.4320812225, 17.7877426147, 18.1393318176, 18.5489234924, 18.2498092651, 15.9596633911, 15.6619567871, 14.188167572, 11.1690797806, 8.65252113342, 7.58974838257, 5.77449321747, 3.82231211662, 2.6901640892, 1.76022386551, 1.14349079132, 0.673449754715, 0.330459713936, 0.124024942517, 0.033317476511, 0.00607742229477, 0.000845245202072, 7.27953301976e-05, 5.07589720655e-05],
        "min": [2.46573256025e-22, 6.22733836483e-21, 5.14406594658e-20, 4.95634829256e-20, 1.86854193789e-19, 1.23411521683e-19, 3.0218639686e-19, 5.96885516706e-19, 4.04038541551e-19, 3.22203960888e-19, 1.07837199673e-18, 1.02267492756e-18, 2.73633662738e-18, 2.69589907596e-18, 2.33231142412e-18, 3.59167364081e-18, 2.69530040399e-18, 8.82611308889e-18, 7.20034336166e-18, 1.40543164223e-17, 1.03534003468e-17, 1.05345479378e-17, 1.5054084961e-17, 1.61063182572e-17, 1.28158177687e-17, 1.62388971114e-17, 1.74088183564e-17, 2.67369622483e-17, 1.3380543899e-17, 1.50144183419e-17, 1.87787237494e-17, 1.78951046036e-17, 1.65077473541e-17, 1.30181023059e-17, 1.11757187917e-17, 5.09084544324e-18, 2.56008863388e-18, 1.22319322742e-18, 2.94437963417e-19, 3.181336959e-20],
        "var": [0.218050941825, 4.46099424362, 7.72378253937, 8.459025383, 125.610771179, 624.750610352, 1503.56774902, 4735.29492188, 13690.4404297, 5540.77636719, 7698.43212891, 11579.7890625, 8551.50390625, 18886.8632812, 15313.2783203, 5702.72363281, 3086.33935547, 3968.6640625, 1323.51257324, 2197.01000977, 845.994384766, 831.323791504, 549.327636719, 370.500091553, 355.326171875, 201.109603882, 234.419906616, 369.805084229, 134.043701172, 271.245788574, 399.914703369, 92.0922698975, 54.4324951172, 30.1596755981, 14.6672334671, 2.89683938026, 0.754097998142, 0.170689553022, 0.00887764431536, 1.91313811229e-05]
    },
    "gfcc": {
        "mean": [23.8348026276, 90.7247314453, -125.277015686, 38.52501297, -55.1719245911, 20.3068389893, -29.1798305511, 12.0524349213, -17.2632465363, 5.09109687805, -9.32768821716, 3.30748081207, -3.48255610466],
        "cov": [[7684.10351562, 490.01473999, 917.359863281, 460.701751709, 406.796417236, 522.138000488, 165.313812256, 423.211914062, -8.37812519073, 196.564422607, -180.377792358, 204.131393433, -102.415618896], [490.01473999, 1579.53051758, -77.5504150391, 261.040100098, 265.61730957, -74.3675765991, 310.540679932, -61.3848304749, 237.20425415, -71.6729507446, 149.133209229, -48.2715568542, 133.548049927], [917.359863281, -77.5504150391, 824.511779785, 54.0916061401, 230.792633057, 168.699569702, 13.9493656158, 190.559646606, -14.4298505783, 159.678192139, -40.2945175171, 103.298110962, -55.9506225586], [460.701751709, 261.040100098, 54.0916061401, 319.312561035, 137.814239502, 120.4348526, 116.42049408, 42.6005325317, 70.6541900635, 10.2531795502, 23.7102909088, -14.3809013367, 17.3183288574], [406.796417236, 265.61730957, 230.792633057, 137.814239502, 406.349212646, 176.774734497, 168.097793579, 97.8699874878, 46.7480049133, 60.7392272949, -20.5073509216, 21.3284072876, -6.07836723328], [522.138000488, -74.3675765991, 168.699569702, 120.4348526, 176.774734497, 332.00012207, 123.941017151, 141.788360596, -1.60369241238, 41.1982345581, -38.0485877991, -0.687371313572, -19.956987381], [165.313812256, 310.540679932, 13.9493656158, 116.42049408, 168.097793579, 123.941017151, 258.511077881, 84.5209274292, 81.2850036621, -3.05301380157, 8.87481403351, -10.4163255692, 23.1436367035], [423.211914062, -61.3848304749, 190.559646606, 42.6005325317, 97.8699874878, 141.788360596, 84.5209274292, 187.686248779, 36.0747756958, 62.0555534363, -34.5537948608, 14.1386222839, -25.1956634521], [-8.37812519073, 237.20425415, -14.4298505783, 70.6541900635, 46.7480049133, -1.60369241238, 81.2850036621, 36.0747756958, 145.253768921, 36.6216392517, 43.737449646, -19.6978321075, 15.3354082108], [196.564422607, -71.6729507446, 159.678192139, 10.2531795502, 60.7392272949, 41.1982345581, -3.05301380157, 62.0555534363, 36.6216392517, 134.873214722, 23.2613677979, 30.8963451385, -27.9739837646], [-180.377792358, 149.133209229, -40.2945175171, 23.7102909088, -20.5073509216, -38.0485877991, 8.87481403351, -34.5537948608, 43.737449646, 23.2613677979, 120.272659302, 35.5838317871, 31.8677444458], [204.131393433, -48.2715568542, 103.298110962, -14.3809013367, 21.3284072876, -0.687371313572, -10.4163255692, 14.1386222839, -19.6978321075, 30.8963451385, 35.5838317871, 102.120002747, 26.8684978485], [-102.415618896, 133.548049927, -55.9506225586, 17.3183288574, -6.07836723328, -19.956987381, 23.1436367035, -25.1956634521, 15.3354082108, -27.9739837646, 31.8677444458, 26.8684978485, 88.0046920776]],
        "icov": [[0.000255433784332, -0.000387489504647, 4.13866291638e-05, -0.000314620090649, 0.000333180418238, -0.000388312066207, 0.000312754797051, -0.000275100872386, 0.000156386522576, -0.000312390533509, 0.000949477485847, -0.00115390238352, 0.000629376212601], [-0.000387489504647, 0.00239780102856, -0.000629980058875, 5.64096626476e-05, -0.00161356921308, 0.00175932666752, -0.00180159125011, 0.001086672768, -0.00152466644067, 0.00189957290422, -0.00324219092727, 0.00347214913927, -0.00244536576793], [4.13866291638e-05, -0.000629980058875, 0.00262225442566, -0.000261757086264, -0.000537955027539, -0.000385531689972, 0.00126559624914, -0.00180632900447, 0.00085228390526, -0.00184801465366, 0.00144753535278, -0.00270777381957, 0.00131484784652], [-0.000314620090649, 5.64096626476e-05, -0.000261757086264, 0.00514344358817, -0.000913349736948, -0.0013393094996, -0.000490210892167, 0.000942485057749, -0.00163016177248, 0.000891401141416, -0.00181558961049, 0.00194928841665, -0.000968649052083], [0.000333180418238, -0.00161356921308, -0.000537955027539, -0.000913349736948, 0.00601868471131, -0.00238755578175, -0.00153261958621, 0.000883297470864, 0.000501897768117, -0.00268202601001, 0.00402518454939, -0.00355724897236, 0.00189276621677], [-0.000388312066207, 0.00175932666752, -0.000385531689972, -0.0013393094996, -0.00238755578175, 0.00778412539512, -0.00269762496464, -0.00309384078719, 0.00247550266795, 0.000468549289508, -0.00298390653916, 0.00448070373386, -0.00224917917512], [0.000312754797051, -0.00180159125011, 0.00126559624914, -0.000490210892167, -0.00153261958621, -0.00269762496464, 0.0099542029202, -0.00372626679018, -0.00210693664849, 0.00169000541791, 0.0012874873355, -0.00257522170432, 0.000821160036139], [-0.000275100872386, 0.001086672768, -0.00180632900447, 0.000942485057749, 0.000883297470864, -0.00309384078719, -0.00372626679018, 0.0136425932869, -0.00473110098392, -0.00168121966999, 0.00304928258993, -0.00103393441532, 0.000443648372311], [0.000156386522576, -0.00152466644067, 0.00085228390526, -0.00163016177248, 0.000501897768117, 0.00247550266795, -0.00210693664849, -0.00473110098392, 0.0156998615712, -0.00592425698414, -0.0030547499191, 0.00457393284887, -0.00175527203828], [-0.000312390533509, 0.00189957290422, -0.00184801465366, 0.000891401141416, -0.00268202601001, 0.000468549289508, 0.00169000541791, -0.00168121966999, -0.00592425698414, 0.0161878280342, -0.00623280042782, -0.000139600088005, 0.00287630339153], [0.000949477485847, -0.00324219092727, 0.00144753535278, -0.00181558961049, 0.00402518454939, -0.00298390653916, 0.0012874873355, 0.00304928258993, -0.0030547499191, -0.00623280042782, 0.0205859430134, -0.0128233702853, 0.00245007476769], [-0.00115390238352, 0.00347214913927, -0.00270777381957, 0.00194928841665, -0.00355724897236, 0.00448070373386, -0.00257522170432, -0.00103393441532, 0.00457393284887, -0.000139600088005, -0.0128233702853, 0.0258682668209, -0.0116610359401], [0.000629376212601, -0.00244536576793, 0.00131484784652, -0.000968649052083, 0.00189276621677, -0.00224917917512, 0.000821160036139, 0.000443648372311, -0.00175527203828, 0.00287630339153, 0.00245007476769, -0.0116610359401, 0.0202577933669]]
    },
    "melbands": {
        "dmean": [0.00129304407164, 0.000693490437698, 0.000280710519291, 0.000414712325437, 0.000216511863982, 0.000285018875729, 0.000318031292409, 0.000151908243424, 0.000175120236236, 0.000148683611769, 9.52636037255e-05, 0.000142661985592, 0.000103610298538, 7.62414201745e-05, 5.76437887503e-05, 5.51388111489e-05, 3.86552710552e-05, 2.41299112531e-05, 4.87194738525e-05, 1.8210919734e-05, 1.7353815565e-05, 1.65951223607e-05, 1.04855780592e-05, 9.85072438198e-06, 8.35915398056e-06, 6.00281418883e-06, 7.55666496843e-06, 4.36253503722e-06, 4.783226359e-06, 3.45372200172e-06, 3.71001146959e-06, 2.65879793915e-06, 1.851752927e-06, 1.95021993932e-06, 1.92924653675e-06, 1.71891826994e-06, 1.49867059918e-06, 1.87479645319e-06, 1.24166638216e-06, 1.42536953263e-06],
        "dmean2": [0.00211418047547, 0.00117218028754, 0.000463825359475, 0.000646825123113, 0.000335519318469, 0.000422053912189, 0.000476754386909, 0.000219915847993, 0.000263032241492, 0.000201562521397, 0.000128777115606, 0.000192289662664, 0.000139803407365, 0.000106055587821, 8.88985669008e-05, 8.46919574542e-05, 6.21322251391e-05, 3.96940631617e-05, 8.22763322503e-05, 3.12257798214e-05, 2.97383630823e-05, 2.84944326268e-05, 1.78152658918e-05, 1.66548707057e-05, 1.43030929394e-05, 1.03204365587e-05, 1.30504167828e-05, 7.46886462366e-06, 8.1007474364e-06, 5.68348195884e-06, 6.11380392002e-06, 4.34707635577e-06, 2.95269228445e-06, 3.04245554617e-06, 3.06985793941e-06, 2.85342048301e-06, 2.5093372642e-06, 3.25435280502e-06, 2.04020034289e-06, 2.44603984356e-06],
        "dvar": [6.23009327683e-06, 1.72556349298e-06, 3.55602310265e-07, 6.80571247358e-07, 3.54742297759e-07, 7.19087040579e-07, 6.83446842231e-07, 1.56325839384e-07, 3.08938268745e-07, 1.47671940454e-07, 7.36050722594e-08, 8.07497926303e-08, 4.84680775514e-08, 3.80899223273e-08, 1.88820212799e-08, 1.47039385112e-08, 6.00183902577e-09, 1.98404337404e-09, 8.1852817857e-09, 8.8425916589e-10, 6.73966604747e-10, 6.90788148905e-10, 2.41800912626e-10, 1.91076349187e-10, 1.72695788225e-10, 1.30091437622e-10, 1.72119790642e-10, 9.58266938023e-11, 9.08076808193e-11, 5.63403733389e-11, 1.00378212686e-10, 4.27218226073e-11, 2.44411504924e-11, 3.53609259929e-11, 4.48140656528e-11, 2.75903102448e-11, 2.09481945679e-11, 4.13311260217e-11, 1.3474036123e-11, 2.60914206907e-11],
        "dvar2": [1.59755272762e-05, 4.96017582918e-06, 9.48746333052e-07, 1.68735721218e-06, 7.43137945847e-07, 1.78789412075e-06, 1.70412954503e-06, 3.34870236429e-07, 8.82357880982e-07, 2.81406130398e-07, 1.36473886414e-07, 1.37906880582e-07, 8.09556084391e-08, 6.5305222563e-08, 4.10602538636e-08, 3.16026920189e-08, 1.4367572021e-08, 4.98957319905e-09, 2.29698731147e-08, 2.432200219e-09, 1.82375459179e-09, 1.89844562293e-09, 6.61922516798e-10, 5.06638120346e-10, 4.70523175977e-10, 3.60141777511e-10, 5.0057430423e-10, 2.62934035655e-10, 2.3934362825e-10, 1.36592848143e-10, 2.41893949315e-10, 1.0231018116e-10, 5.81717833625e-11, 6.18760806481e-11, 1.129887503e-10, 6.97308807918e-11, 5.27891133584e-11, 1.15974695125e-10, 3.25741308926e-11, 6.96826138458e-11],
        "max": [0.0255213417113, 0.0146818459034, 0.0076240026392, 0.0177689250559, 0.021728599444, 0.0189753510058, 0.0207629296929, 0.0103178713471, 0.0148178143427, 0.00971169024706, 0.00876361411065, 0.0055214674212, 0.00464766612276, 0.00568998092785, 0.00309903849848, 0.00409146538004, 0.00231468165293, 0.00105810293462, 0.00238821981475, 0.000500397814903, 0.000443919649115, 0.000583674933296, 0.000364512816304, 0.000323437619954, 0.000329883827362, 0.000353318318957, 0.000351641414454, 0.00020154210506, 0.000238440130488, 0.000173946013092, 0.00045261028572, 0.000206165583222, 0.00023703071929, 0.000389344495488, 0.000325685861753, 0.000219825902604, 0.000247557356488, 0.000307743728627, 0.000187988465768, 0.000244519091211],
        "mean": [0.00443355692551, 0.00218135863543, 0.000523269292898, 0.000814337457996, 0.000433777575381, 0.00061079551233, 0.000700637232512, 0.000320668099448, 0.000314204895403, 0.000304625486024, 0.00018496872508, 0.000273086101515, 0.000196250417503, 0.000126570797875, 8.89168077265e-05, 8.96654528333e-05, 6.29758797004e-05, 3.722897236e-05, 7.11188404239e-05, 2.90001316898e-05, 2.98840386677e-05, 2.77448052657e-05, 1.84326108865e-05, 1.89432030311e-05, 1.55958914547e-05, 1.10391583803e-05, 1.280817105e-05, 7.13849112799e-06, 8.59833016875e-06, 6.05876175541e-06, 5.84624649491e-06, 4.17809951614e-06, 3.20795356856e-06, 3.387542165e-06, 3.76961247639e-06, 2.5407339308e-06, 2.06880349651e-06, 2.01572925107e-06, 1.51428400841e-06, 1.46322793171e-06],
        "median": [0.00466479547322, 0.00177342258394, 0.0003343768185, 0.000364109670045, 0.000185088487342, 0.000174114276888, 0.000155251662363, 7.58084788686e-05, 8.45849426696e-05, 8.89769435162e-05, 4.92227773066e-05, 0.000102154459455, 7.01518074493e-05, 3.57508324669e-05, 2.69813208433e-05, 3.79575139959e-05, 2.82978799078e-05, 1.91969866137e-05, 3.13299933623e-05, 1.5070824702e-05, 1.83490392374e-05, 1.59633818839e-05, 1.16535975394e-05, 1.27560779219e-05, 1.03914171632e-05, 7.0094097282e-06, 8.05730633147e-06, 4.47316733698e-06, 5.18378237757e-06, 3.31112323693e-06, 2.93748144031e-06, 2.19404159907e-06, 1.6054614207e-06, 1.3314129319e-06, 1.04122045741e-06, 8.03651118986e-07, 6.26958126304e-07, 4.91655669066e-07, 3.49217714302e-07, 2.45967555657e-07],
        "min": [3.59019354322e-24, 2.03859943705e-23, 1.46492921604e-23, 1.03106384343e-23, 9.13845344917e-24, 1.21196463736e-23, 5.64052034426e-24, 3.26025463898e-24, 9.76214344692e-24, 6.72477652633e-24, 1.44138566232e-23, 1.17954647734e-23, 5.60320367357e-24, 1.26507651218e-23, 5.5422921732e-24, 5.5847108018e-24, 1.94070432307e-23, 1.26706112845e-23, 1.36086331651e-23, 2.00242038267e-23, 9.90957445036e-24, 1.10346699615e-23, 1.1028837124e-23, 1.51038921897e-23, 1.33035617204e-23, 7.52597442725e-24, 1.13570024717e-23, 1.00734421596e-23, 6.4230853506e-24, 2.18204322193e-23, 1.26459562257e-23, 7.57350329679e-24, 7.3160356634e-24, 9.11714000523e-24, 1.10267458537e-23, 1.06312291396e-23, 1.13439965219e-23, 1.29734975845e-23, 8.91291653865e-24, 1.17657184064e-23],
        "var": [1.05629924292e-05, 3.44613158632e-06, 3.86795846907e-07, 1.74506942585e-06, 1.1798227888e-06, 2.63231163444e-06, 2.63523111244e-06, 5.68851021399e-07, 6.47806359666e-07, 5.39226732599e-07, 2.33853313603e-07, 3.0129751849e-07, 1.56860195943e-07, 9.95885116595e-08, 4.19992325362e-08, 3.02701899102e-08, 1.18654446268e-08, 3.39362760116e-09, 1.3359994e-08, 1.66048064187e-09, 1.25899524139e-09, 1.29613275668e-09, 4.64446175963e-10, 4.30101620985e-10, 2.84890000479e-10, 2.04957023575e-10, 2.45339554228e-10, 1.00381085388e-10, 1.23715857003e-10, 9.56740173197e-11, 1.49071199829e-10, 5.2820369606e-11, 3.6852212254e-11, 1.18734827526e-10, 1.96431759747e-10, 4.99057219161e-11, 3.19071886967e-11, 3.33369339078e-11, 1.75370412636e-11, 2.48641992412e-11]
    },
    "mfcc": {
        "mean": [-614.128540039, 113.953292847, -4.57639408112, 23.8817615509, 1.64878845215, 10.0108766556, 3.89154601097, 7.63008499146, 2.613468647, 4.08545255661, -0.364272028208, 2.58843255043, 1.8644644022],
        "cov": [[4931.76953125, 270.217315674, 470.51260376, 228.228302002, 354.917907715, 225.518005371, 261.000549316, 304.932800293, 256.636169434, 87.0888366699, 167.63470459, 78.7165527344, 6.94344758987], [270.217315674, 1147.65075684, -37.7836456299, 276.324523926, 72.3331069946, 105.652999878, 65.6200027466, 90.7156677246, 94.9351196289, 24.2421741486, 76.7256240845, 60.2988319397, 33.7634544373], [470.51260376, -37.7836456299, 490.631744385, 31.6271343231, 163.608932495, 37.5637245178, 88.3840255737, 40.1013832092, 63.0379905701, 38.044418335, 60.2745170593, 44.9950408936, 33.2774391174], [228.228302002, 276.324523926, 31.6271343231, 277.61151123, 70.0649490356, 82.284362793, 40.6050567627, 52.9341278076, 49.3874130249, 22.5430202484, 50.9577941895, 36.9478492737, 23.2382907867], [354.917907715, 72.3331069946, 163.608932495, 70.0649490356, 265.596588135, 117.904220581, 122.081108093, 61.5275344849, 83.8102264404, 49.3620796204, 63.7389755249, 34.5292663574, 15.7393665314], [225.518005371, 105.652999878, 37.5637245178, 82.284362793, 117.904220581, 198.088790894, 134.262771606, 85.2485351562, 81.6178817749, 53.3028640747, 61.2556343079, 32.5276031494, 3.25832605362], [261.000549316, 65.6200027466, 88.3840255737, 40.6050567627, 122.081108093, 134.262771606, 212.256347656, 125.256721497, 107.870162964, 50.3662338257, 59.7745895386, 29.3153400421, 10.1797828674], [304.932800293, 90.7156677246, 40.1013832092, 52.9341278076, 61.5275344849, 85.2485351562, 125.256721497, 170.091506958, 110.2085495, 52.2821350098, 40.8496284485, 15.1954040527, -0.906879425049], [256.636169434, 94.9351196289, 63.0379905701, 49.3874130249, 83.8102264404, 81.6178817749, 107.870162964, 110.2085495, 160.328613281, 84.6140518188, 67.2889251709, 18.882932663, -6.73678588867], [87.0888366699, 24.2421741486, 38.044418335, 22.5430202484, 49.3620796204, 53.3028640747, 50.3662338257, 52.2821350098, 84.6140518188, 113.006385803, 75.0778427124, 22.3895359039, -11.9193315506], [167.63470459, 76.7256240845, 60.2745170593, 50.9577941895, 63.7389755249, 61.2556343079, 59.7745895386, 40.8496284485, 67.2889251709, 75.0778427124, 123.804130554, 64.9735565186, 8.3312702179], [78.7165527344, 60.2988319397, 44.9950408936, 36.9478492737, 34.5292663574, 32.5276031494, 29.3153400421, 15.1954040527, 18.882932663, 22.3895359039, 64.9735565186, 95.0756454468, 53.6929244995], [6.94344758987, 33.7634544373, 33.2774391174, 23.2382907867, 15.7393665314, 3.25832605362, 10.1797828674, -0.906879425049, -6.73678588867, -11.9193315506, 8.3312702179, 53.6929244995, 105.555282593]],
