{
"lowlevel": {
    "average_loudness": 0.761797070503,
    "barkbands_crest": {
        "dmean": 3.0097849369,
        "dmean2": 4.6760802269,
        "dvar": 9.19635486603,
        "dvar2": 21.8071784973,
        "max": 25.2532348633,
        "mean": 11.5544519424,
        "median": 10.6362533569,
        "min": 2.18163561821,
        "var": 25.6644096375
    },
    "barkbands_flatness_db": {
        "dmean": 0.0297299325466,
        "dmean2": 0.0441902056336,
        "dvar": 0.00100894283969,
        "dvar2": 0.00220144819468,
        "max": 0.65510648489,
        "mean": 0.132457301021,
        "median": 0.111408486962,
        "min": 0.0111931962892,
        "var": 0.00671514403075
    },
    "barkbands_kurtosis": {
        "dmean": 3.39011740685,
        "dmean2": 5.4517326355,
        "dvar": 37.8737678528,
        "dvar2": 102.619667053,
        "max": 138.80569458,
        "mean": 4.44991111755,
        "median": 2.29258966446,
        "min": -1.86485588551,
        "var": 59.6143875122
    },
    "barkbands_skewness": {
        "dmean": 0.596653044224,
        "dmean2": 0.936063110828,
        "dvar": 0.457126170397,
        "dvar2": 1.19514453411,
        "max": 10.0908079147,
        "mean": 1.44757163525,
        "median": 1.41165232658,
        "min": -4.79852724075,
        "var": 2.08103060722
    },
    "barkbands_spread": {
        "dmean": 9.29743671417,
        "dmean2": 14.7229042053,
        "dvar": 162.358612061,
        "dvar2": 389.061859131,
        "max": 122.245429993,
        "mean": 28.667257309,
        "median": 24.5976657867,
        "min": 0.177974700928,
        "var": 442.600524902
    },
    "dissonance": {
        "dmean": 0.0183786675334,
        "dmean2": 0.0310971532017,
        "dvar": 0.000412391906139,
        "dvar2": 0.00113522598986,
        "max": 0.500000119209,
        "mean": 0.46790355444,
        "median": 0.475063383579,
        "min": 0.189226731658,
        "var": 0.000836322258692
    },
    "dynamic_complexity": 2.91613459587,
    "erbbands_crest": {
        "dmean": 2.29914546013,
        "dmean2": 3.71887540817,
        "dvar": 4.76260185242,
        "dvar2": 11.8466939926,
        "max": 26.5270080566,
        "mean": 7.57722043991,
        "median": 6.68947219849,
        "min": 2.02649998665,
        "var": 14.5329437256
    },
    "erbbands_flatness_db": {
        "dmean": 0.020157366991,
        "dmean2": 0.0296567883343,
        "dvar": 0.000428600673331,
        "dvar2": 0.000784211442806,
        "max": 0.710607290268,
        "mean": 0.138408854604,
        "median": 0.110329963267,
        "min": 0.0272379573435,
        "var": 0.00758464261889
    },
    "erbbands_kurtosis": {
        "dmean": 0.842467963696,
        "dmean2": 1.3331938982,
        "dvar": 2.0592880249,
        "dvar2": 4.7840590477,
        "max": 52.9022064209,
        "mean": 0.274145066738,
        "median": -0.329271316528,
        "min": -1.74236953259,
        "var": 5.02611541748
    },
    "erbbands_skewness": {
        "dmean": 0.33296495676,
        "dmean2": 0.516220450401,
        "dvar": 0.093313395977,
        "dvar2": 0.220858842134,
        "max": 5.74956846237,
        "mean": 0.326917350292,
        "median": 0.274428725243,
        "min": -3.81179857254,
        "var": 0.469603389502
    },
    "erbbands_spread": {
        "dmean": 9.15057277679,
        "dmean2": 14.0619659424,
        "dvar": 111.704345703,
        "dvar2": 237.013549805,
        "max": 163.321014404,
        "mean": 43.4835357666,
        "median": 41.1332778931,
        "min": 0.343583285809,
        "var": 470.065612793
    },
    "hfc": {
        "dmean": 22.3745613098,
        "dmean2": 36.5502166748,
        "dvar": 1865.7598877,
        "dvar2": 4952.25976562,
        "max": 439.127471924,
        "mean": 41.1287231445,
        "median": 23.6602172852,
        "min": 1.18056183171e-16,
        "var": 2856.4699707
    },
    "melbands_crest": {
        "dmean": 3.96367120743,
        "dmean2": 6.08909893036,
        "dvar": 15.9661045074,
        "dvar2": 37.5888824463,
        "max": 37.0909919739,
        "mean": 17.5075092316,
        "median": 17.46393013,
        "min": 1.55379652977,
        "var": 64.5405426025
    },
    "melbands_flatness_db": {
        "dmean": 0.0347462594509,
        "dmean2": 0.0518897138536,
        "dvar": 0.00145129230805,
        "dvar2": 0.00332070933655,
        "max": 0.691151082516,
        "mean": 0.199900269508,
        "median": 0.188463449478,
        "min": 0.00253013474867,
        "var": 0.0102341314778
    },
    "melbands_kurtosis": {
        "dmean": 8.39816379547,
        "dmean2": 13.4077568054,
        "dvar": 273.558319092,
        "dvar2": 732.612731934,
        "max": 434.730560303,
        "mean": 14.6205911636,
        "median": 8.52671432495,
        "min": -1.7263160944,
        "var": 452.504882812
    },
    "melbands_skewness": {
        "dmean": 0.796007275581,
        "dmean2": 1.23055422306,
        "dvar": 0.868232190609,
        "dvar2": 2.19916844368,
        "max": 16.961643219,
        "mean": 2.72364425659,
        "median": 2.51085829735,
        "min": -6.85938262939,
        "var": 3.49684381485
    },
    "melbands_spread": {
        "dmean": 7.87273263931,
        "dmean2": 12.578707695,
        "dvar": 83.9069061279,
        "dvar2": 207.907516479,
        "max": 175.091781616,
        "mean": 28.8672332764,
        "median": 19.8029212952,
        "min": 0.249160140753,
        "var": 893.653503418
    },
    "pitch_salience": {
        "dmean": 0.086004756391,
        "dmean2": 0.135307788849,
        "dvar": 0.00776822678745,
        "dvar2": 0.0191969834268,
        "max": 0.938988268375,
        "mean": 0.50381988287,
        "median": 0.505945265293,
        "min": 0.0858994722366,
        "var": 0.0231266878545
    },
    "silence_rate_20dB": {
        "dmean": 0,
        "dmean2": 0,
        "dvar": 0,
        "dvar2": 0,
        "max": 1,
        "mean": 1,
        "median": 1,
        "min": 1,
        "var": 0
    },
    "silence_rate_30dB": {
        "dmean": 0.0621351413429,
        "dmean2": 0.124278619885,
        "dvar": 0.0582718253136,
        "dvar2": 0.140243798494,
        "max": 1,
        "mean": 0.937063872814,
        "median": 1,
        "min": 0,
        "var": 0.0589800551534
    },
    "silence_rate_60dB": {
        "dmean": 0.0181171577424,
        "dmean2": 0.0362367480993,
        "dvar": 0.0177959594876,
        "dvar2": 0.0396481156349,
        "max": 1,
        "mean": 0.142914652824,
        "median": 0,
        "min": 0,
        "var": 0.122510187328
    },
    "spectral_centroid": {
        "dmean": 266.231018066,
        "dmean2": 417.470672607,
        "dvar": 89695.0546875,
        "dvar2": 206454.96875,
        "max": 11124.1308594,
        "mean": 1647.03588867,
        "median": 1568.66552734,
        "min": 235.980560303,
        "var": 739796.875
    },
    "spectral_complexity": {
        "dmean": 4.93605327606,
        "dmean2": 7.58274078369,
        "dvar": 32.6552848816,
        "dvar2": 70.9060211182,
        "max": 59,
        "mean": 20.4800052643,
        "median": 20,
        "min": 0,
        "var": 143.567749023
    },
    "spectral_decrease": {
        "dmean": 3.64783825368e-09,
        "dmean2": 5.4666458027e-09,
        "dvar": 2.5150803719e-17,
        "dvar2": 6.32386460439e-17,
        "max": 1.84911131546e-11,
        "mean": -1.13345173247e-08,
        "median": -9.9890780092e-09,
        "min": -6.59212346932e-08,
        "var": 7.99390321821e-17
    },
    "spectral_energy": {
        "dmean": 0.0145652778447,
        "dmean2": 0.0218978282064,
        "dvar": 0.000374827679479,
        "dvar2": 0.000922280247323,
        "max": 0.250716984272,
        "mean": 0.0465096719563,
        "median": 0.0419283472002,
        "min": 1.07151837561e-20,
        "var": 0.00126449891832
    },
    "spectral_energyband_high": {
        "dmean": 0.00184779579286,
        "dmean2": 0.00303855747916,
        "dvar": 1.33319181259e-05,
        "dvar2": 3.47856330336e-05,
        "max": 0.0443926230073,
        "mean": 0.00289941811934,
        "median": 0.0010825060308,
        "min": 7.51396812835e-21,
        "var": 2.21037225856e-05
    },
    "spectral_energyband_low": {
        "dmean": 0.0116938445717,
        "dmean2": 0.0176608692855,
        "dvar": 0.000365657091606,
        "dvar2": 0.000967075233348,
        "max": 0.244428023696,
        "mean": 0.0268717370927,
        "median": 0.0181426089257,
        "min": 4.56941620898e-23,
        "var": 0.000825205002911
    },
    "spectral_energyband_middle_high": {
        "dmean": 0.00227973842993,
        "dmean2": 0.00366665259935,
        "dvar": 1.02688618426e-05,
        "dvar2": 2.60565575445e-05,
        "max": 0.045872412622,
        "mean": 0.00515047507361,
        "median": 0.00399146974087,
        "min": 1.68257826219e-21,
        "var": 2.33830232901e-05
    },
    "spectral_energyband_middle_low": {
        "dmean": 0.00534520344809,
        "dmean2": 0.00838900078088,
        "dvar": 6.65840125293e-05,
        "dvar2": 0.000165564342751,
        "max": 0.150741621852,
        "mean": 0.0123871527612,
        "median": 0.00972383283079,
        "min": 4.18737263963e-22,
        "var": 0.000132999339257
    },
    "spectral_entropy": {
        "dmean": 0.216283842921,
        "dmean2": 0.317461043596,
        "dvar": 0.0613505020738,
        "dvar2": 0.129720494151,
        "max": 9.78816604614,
        "mean": 7.75478029251,
        "median": 7.82314634323,
        "min": 4.11461162567,
        "var": 0.434538751841
    },
    "spectral_flux": {
        "dmean": 0.0306316763163,
        "dmean2": 0.0463494881988,
        "dvar": 0.00131160242017,
        "dvar2": 0.00264690909535,
        "max": 0.370574295521,
        "mean": 0.0956439748406,
        "median": 0.083113014698,
        "min": 1.03514169458e-10,
        "var": 0.00427098991349
    },
    "spectral_kurtosis": {
        "dmean": 2.33129763603,
        "dmean2": 3.82148575783,
        "dvar": 48.2535705566,
        "dvar2": 116.934211731,
        "max": 464.13949585,
        "mean": 6.18757200241,
        "median": 2.73120355606,
        "min": -1.18417549133,
        "var": 358.24432373
    },
    "spectral_rms": {
        "dmean": 0.000961575366091,
        "dmean2": 0.0014245826751,
        "dvar": 1.24439566207e-06,
        "dvar2": 2.95367863146e-06,
        "max": 0.0156397558749,
        "mean": 0.0060178921558,
        "median": 0.00639575719833,
        "min": 3.23323963089e-12,
        "var": 9.15979126148e-06
    },
    "spectral_rolloff": {
        "dmean": 1024.6973877,
        "dmean2": 1768.91662598,
        "dvar": 3993826.75,
        "dvar2": 10219554,
        "max": 19315.2832031,
        "mean": 2949.30102539,
        "median": 1076.66015625,
        "min": 43.06640625,
        "var": 21966544
    },
    "spectral_skewness": {
        "dmean": 0.254035562277,
        "dmean2": 0.399821013212,
        "dvar": 0.109428621829,
        "dvar2": 0.275115698576,
        "max": 16.8553524017,
        "mean": 1.63133943081,
        "median": 1.36495316029,
        "min": -0.0274124462157,
        "var": 1.26705861092
    },
    "spectral_spread": {
        "dmean": 903383.875,
        "dmean2": 1345251.25,
        "dvar": 1.50046153114e+12,
        "dvar2": 2.72462381056e+12,
        "max": 40439684,
        "mean": 5907521.5,
        "median": 5803111,
        "min": 181193.140625,
        "var": 7.2684362793e+12
    },
    "spectral_strongpeak": {
        "dmean": 0.284546554089,
        "dmean2": 0.478863567114,
        "dvar": 0.33942386508,
        "dvar2": 0.886018931866,
        "max": 11.6304197311,
        "mean": 0.54207867384,
        "median": 0.361919373274,
        "min": 0,
        "var": 0.426724225283
    },
    "zerocrossingrate": {
        "dmean": 0.016705095768,
        "dmean2": 0.0211529117078,
        "dvar": 0.000413764151745,
        "dvar2": 0.00063566485187,
        "max": 0.52880859375,
        "mean": 0.0998217388988,
        "median": 0.064453125,
        "min": 0.00244140625,
        "var": 0.0132107641548
    },
    "barkbands": {
        "dmean": [0.0011426723795, 0.0101163443178, 0.0025723259896, 0.00139509898145, 0.00171549106017, 0.00136311526876, 0.00128704716917, 0.000719329807907, 0.000854413607158, 0.000472795538371, 0.00060308072716, 0.000456140580354, 0.000350700662239, 0.000276876438875, 0.000337355508236, 0.000260636996245, 0.000217310705921, 0.000260398432147, 0.000191642975551, 0.000181298702955, 0.000224776187679, 0.000219533263589, 0.000276031671092, 0.000292887823889, 0.000391314097214, 0.000382750382414, 0.000199363130378],
        "dmean2": [0.00166868965607, 0.0154815772548, 0.00432825833559, 0.00235230429098, 0.0028023768682, 0.00215928046964, 0.00194721075241, 0.00111840537284, 0.00134362757672, 0.00076344871195, 0.000979864154942, 0.000757641333621, 0.000586814363487, 0.000463491131086, 0.000581411644816, 0.000438346265582, 0.000362061749911, 0.000423507241067, 0.000323981192196, 0.000301955384202, 0.000369143264834, 0.000347849680111, 0.000439825467765, 0.000479483045638, 0.000669931760058, 0.000662365404423, 0.000347297027474],
        "dvar": [4.80778908241e-06, 0.000305216759443, 5.5787339079e-05, 1.23121108118e-05, 1.65726323758e-05, 5.45419652553e-06, 4.86730777993e-06, 1.76828245912e-06, 2.93789253192e-06, 8.47047203933e-07, 1.81931966381e-06, 1.07821290385e-06, 5.11945245307e-07, 2.73797724049e-07, 3.06762643731e-07, 2.60719815515e-07, 1.37567354841e-07, 2.22582684728e-07, 1.32572537836e-07, 8.54833501762e-08, 1.43623978488e-07, 1.63970170775e-07, 2.51318340361e-07, 3.89366050513e-07, 9.01082103155e-07, 1.07215521439e-06, 3.89446910276e-07],
        "dvar2": [1.13651212814e-05, 0.00082241743803, 0.000148737308336, 3.21526786138e-05, 4.36600712419e-05, 1.37488041219e-05, 1.09660350063e-05, 4.15252452513e-06, 7.16471731721e-06, 2.10036205317e-06, 4.55342251371e-06, 2.84684983853e-06, 1.36204619139e-06, 7.27043016013e-07, 8.77759759987e-07, 7.0835187671e-07, 3.78252877908e-07, 5.66181427075e-07, 3.48407326101e-07, 2.27911371553e-07, 3.7083586335e-07, 3.78115771582e-07, 5.87095996707e-07, 1.02392857571e-06, 2.47820003096e-06, 2.90718367069e-06, 1.05165463538e-06],
        "max": [0.057977207005, 0.228864341974, 0.133660823107, 0.0906117409468, 0.0671796277165, 0.047085210681, 0.0480557642877, 0.0303001943976, 0.0395653024316, 0.0239891931415, 0.0278957821429, 0.0312430746853, 0.0223994608968, 0.0187166240066, 0.0106646521017, 0.00803271587938, 0.00609123706818, 0.00971468165517, 0.00871038530022, 0.0103936046362, 0.00672052102163, 0.0077832932584, 0.0113740963861, 0.0214038752019, 0.0110140051693, 0.0139055848122, 0.0190901122987],
        "mean": [0.00251593720168, 0.0210204012692, 0.00259266211651, 0.00170634337701, 0.00241481512785, 0.00273401732557, 0.00263736676425, 0.00130411924329, 0.0014993645018, 0.000721717544366, 0.000833435740788, 0.000608211557847, 0.000491304555908, 0.000415483489633, 0.00050321262097, 0.000400545832235, 0.000339584948961, 0.000439723546151, 0.000281078653643, 0.000310252595227, 0.000375272036763, 0.000378403085051, 0.000440957752289, 0.000450678082416, 0.000489170022774, 0.000372185255401, 0.000233440005104],
        "median": [0.000966833322309, 0.0132457297295, 0.00070177752059, 0.000659399316646, 0.00110644823872, 0.00133597431704, 0.00124533521011, 0.000551563571207, 0.000722460565157, 0.000275994476397, 0.000313101685606, 0.000264428497758, 0.000225806797971, 0.000195025757421, 0.000242398149567, 0.000145801081089, 0.00014467179426, 0.000220621630433, 0.000138811505167, 0.000174722779775, 0.000192508246982, 0.000162902317243, 0.000121366276289, 9.50477697188e-05, 5.48165626242e-05, 2.43176073127e-05, 3.60855528925e-06],
        "min": [1.73110082511e-23, 2.70437516409e-23, 4.89457544443e-24, 9.08775651424e-24, 4.09457369331e-23, 1.59565369167e-22, 4.83294876277e-23, 3.35302992736e-23, 1.13016757121e-22, 7.12013041951e-23, 1.09929546813e-22, 6.83200370705e-23, 7.48072189473e-23, 6.91255271636e-23, 2.01977623766e-22, 1.16638209277e-22, 2.55876917458e-22, 1.72853737426e-22, 3.76835673737e-22, 3.02366144055e-22, 3.37286832762e-22, 5.33656804074e-22, 5.23401006461e-22, 9.96097315595e-22, 1.20268617845e-21, 1.56342951886e-21, 2.4143063518e-21],
        "var": [1.66156878549e-05, 0.000589131668676, 4.50200568594e-05, 1.35500486067e-05, 1.71214869624e-05, 1.51787162395e-05, 1.47640976138e-05, 4.46250078312e-06, 5.66323615203e-06, 1.57953036251e-06, 2.62976618615e-06, 1.38149027862e-06, 8.88107990704e-07, 4.33587700854e-07, 4.8201059144e-07, 4.51327110795e-07, 2.58992031377e-07, 3.80208035722e-07, 1.83162867984e-07, 1.58172241527e-07, 2.55005033978e-07, 3.69353159613e-07, 5.89019464314e-07, 8.81709752321e-07, 1.1304829286e-06, 9.2948874908e-07, 6.07305878475e-07]
    },
    "erbbands": {
        "dmean": [0.44638645649, 1.82542157173, 2.91408133507, 4.0389418602, 5.12816429138, 6.24163722992, 7.20762825012, 13.0770740509, 15.1320323944, 19.1845092773, 18.0228805542, 16.5268573761, 14.8678245544, 23.5860538483, 14.6064167023, 15.4039707184, 15.2685546875, 13.9951267242, 13.5275211334, 15.1450328827, 14.8167486191, 13.7748985291, 14.1406812668, 10.5482654572, 9.41681957245, 7.92177248001, 9.03159809113, 8.46461677551, 8.18039131165, 8.08818435669, 7.73025465012, 5.50914049149, 5.41668653488, 4.30114507675, 2.96212005615, 1.67246901989, 0.628376483917, 0.258523374796, 0.02760823071, 0.00184608448762],
        "dmean2": [0.663705825806, 2.86386871338, 4.84449911118, 6.97586584091, 8.3161649704, 10.5249204636, 11.7221946716, 20.6224842072, 22.7901763916, 29.8672389984, 27.6417922974, 26.3826465607, 23.9682788849, 38.0703926086, 24.0054035187, 25.5172634125, 25.227684021, 23.1203308105, 22.8213291168, 26.019701004, 24.8821353912, 22.9401435852, 23.1415882111, 17.6081809998, 15.7259321213, 13.1203289032, 15.0685186386, 13.7253904343, 12.927696228, 12.8396272659, 12.251950264, 8.73446655273, 9.06142807007, 7.37343406677, 5.08717250824, 2.90572619438, 1.08137285709, 0.448060929775, 0.0477764680982, 0.00321481237188],
        "dvar": [0.53376108408, 13.0476570129, 63.0174751282, 114.247909546, 155.814331055, 257.459381104, 240.226196289, 556.59387207, 664.935913086, 1186.55224609, 1137.71948242, 1261.42285156, 867.593078613, 2649.74536133, 1012.82739258, 873.842407227, 942.897949219, 590.249084473, 537.243530273, 804.44519043, 889.158081055, 592.553710938, 769.262451172, 351.053985596, 272.619293213, 167.174865723, 251.482009888, 205.976989746, 259.971801758, 216.149124146, 206.193634033, 101.078964233, 185.098205566, 108.299545288, 55.773815155, 19.4867706299, 2.63229727745, 0.622562050819, 0.00739033473656, 4.47523743787e-05],
        "dvar2": [1.37364566326, 34.8009529114, 161.60144043, 307.148864746, 404.46987915, 712.11151123, 631.586364746, 1422.64880371, 1450.70068359, 2872.89160156, 2612.14770508, 3182.12304688, 2183.83837891, 6436.30078125, 2638.14746094, 2301.9855957, 2409.37548828, 1580.51818848, 1438.30651855, 2358.35449219, 2395.51025391, 1621.92285156, 1959.37219238, 932.082946777, 721.064575195, 439.693572998, 661.785339355, 508.819244385, 596.326538086, 449.500946045, 499.243804932, 228.613418579, 524.969055176, 300.862426758, 152.80430603, 53.6198539734, 7.02178382874, 1.66947889328, 0.0196674317122, 0.000123324294691],
        "max": [7.76837921143, 47.4956512451, 127.765335083, 216.833999634, 280.625457764, 264.08493042, 334.769470215, 577.553039551, 592.099365234, 665.767272949, 871.242919922, 970.581970215, 766.611206055, 1157.56896973, 692.236328125, 698.787231445, 1022.26037598, 542.632446289, 727.125244141, 624.063110352, 538.348754883, 424.574188232, 658.405700684, 406.745788574, 592.336425781, 316.855743408, 326.140655518, 220.152740479, 419.840423584, 335.810638428, 326.224578857, 285.807617188, 567.448730469, 162.950012207, 87.6556091309, 46.2379608154, 16.6165218353, 8.73317623138, 3.10565328598, 0.321953445673],
        "mean": [0.952628076077, 3.33278131485, 3.37590265274, 4.64871168137, 6.91753435135, 8.52257061005, 12.3399133682, 25.7089557648, 33.0501213074, 36.4548797607, 34.4839706421, 28.6436729431, 24.6336288452, 35.4951324463, 22.0117263794, 21.4559078217, 22.7685451508, 22.2404785156, 21.6384124756, 24.2608566284, 23.781452179, 22.9541244507, 23.749382019, 17.7663822174, 14.7904233932, 13.327044487, 14.9315910339, 14.4211111069, 14.484003067, 13.8943853378, 11.6070137024, 8.73650550842, 7.9898276329, 5.59930753708, 3.46217751503, 1.64153945446, 0.632486701012, 0.24191069603, 0.0332660116255, 0.00255972449668],
        "median": [0.613128125668, 1.68000733852, 1.20749056339, 1.83668160439, 3.27079391479, 3.42785215378, 5.75014400482, 11.6281814575, 16.8772754669, 17.7307052612, 15.5085315704, 14.1233158112, 12.7018690109, 15.5896615982, 9.58714866638, 10.3491373062, 11.5401821136, 11.8888444901, 12.2315177917, 12.8135442734, 10.6081638336, 11.3751125336, 12.6422595978, 9.05435657501, 8.25284767151, 7.24352502823, 8.04189109802, 6.5245423317, 6.20610618591, 4.75617313385, 3.33012247086, 2.16929221153, 1.52479076385, 0.79477083683, 0.346746981144, 0.13552749157, 0.0407168567181, 0.00775271095335, 0.000629954680335, 9.91434135358e-05],
        "min": [1.39559657186e-21, 3.98532186005e-21, 6.98778351575e-21, 1.63016716154e-20, 1.08115381806e-19, 1.36234721108e-19, 1.76380626743e-19, 1.5602280714e-18, 1.45492270614e-18, 3.25027309265e-19, 1.19702971144e-18, 2.52180692193e-18, 2.12529272542e-18, 2.56562288577e-18, 4.74563898538e-18, 3.22058201325e-18, 3.89679864849e-18, 3.05781127346e-18, 5.98636192774e-18, 1.13612008091e-17, 1.05044311189e-17, 1.15057531027e-17, 6.64242823647e-18, 1.49932904947e-17, 2.2145699567e-17, 1.26601324512e-17, 1.27410778644e-17, 1.55925729223e-17, 1.89616580505e-17, 1.52404834946e-17, 1.91704235479e-17, 2.60872019509e-17, 1.25351586955e-17, 1.32102075586e-17, 8.40758616872e-18, 4.38027579036e-18, 3.34152409061e-18, 1.26567846445e-18, 3.58746086165e-19, 3.53141918127e-20],
        "var": [1.18496179581, 20.1896877289, 56.3463287354, 105.510398865, 166.674880981, 245.75567627, 357.651763916, 1605.58496094, 2242.22143555, 2983.21679688, 2993.02050781, 2106.2590332, 1396.14953613, 4134.77734375, 1583.43725586, 1204.68164062, 1659.47106934, 1042.23754883, 861.837341309, 1335.28796387, 1437.47375488, 1132.64587402, 1227.93127441, 607.310668945, 431.176544189, 303.290679932, 408.552734375, 419.700622559, 569.61920166, 600.196716309, 424.484985352, 284.734436035, 325.062438965, 155.180465698, 65.0928115845, 16.4333572388, 2.42842698097, 0.568088412285, 0.013036522083, 9.99082258204e-05]
    },
    "gfcc": {
        "mean": [-38.1631813049, 65.9171829224, -102.574607849, 23.3741111755, -51.3804626465, 15.0689516068, -26.2000484467, 11.4571990967, -11.2925806046, 9.87367630005, -7.5852637291, 6.79862451553, -5.54351472855],
        "cov": [[71855.140625, 5946.20605469, 1829.87438965, 2513.08666992, -1665.49707031, 295.7293396, -1215.23327637, 1163.13305664, 6.50276517868, 476.297729492, -853.863037109, 149.634155273, -666.368103027], [5946.20605469, 3919.66137695, -675.524536133, 136.138427734, -146.007125854, -294.063842773, 36.4245414734, -166.703414917, 270.620880127, -93.6335296631, 123.916969299, -176.550735474, 105.481376648], [1829.87438965, -675.524536133, 2458.16137695, 383.683990479, 220.127807617, 281.380126953, 20.0479469299, 375.854797363, 58.7924423218, 180.60774231, -171.148376465, 57.0113334656, -211.051223755], [2513.08666992, 136.138427734, 383.683990479, 654.355163574, -65.6780166626, 74.2833328247, -29.3739624023, 213.508712769, 118.311630249, 31.9734344482, -99.2976379395, -10.5371332169, -51.7346382141], [-1665.49707031, -146.007125854, 220.127807617, -65.6780166626, 347.999389648, 20.9681568146, 77.9499130249, -33.1495666504, 2.98522639275, 6.08852005005, 48.016910553, 15.4448385239, 10.9713068008], [295.7293396, -294.063842773, 281.380126953, 74.2833328247, 20.9681568146, 228.542663574, 10.0073347092, 73.6346359253, -43.736995697, 33.3982086182, -40.5361175537, 36.3304710388, -17.1477622986], [-1215.23327637, 36.4245414734, 20.0479469299, -29.3739624023, 77.9499130249, 10.0073347092, 154.059143066, 7.76002645493, 45.0256729126, -24.8837718964, 14.1971912384, -19.3816432953, 14.1541576385], [1163.13305664, -166.703414917, 375.854797363, 213.508712769, -33.1495666504, 73.6346359253, 7.76002645493, 234.651245117, 68.5730667114, 53.4432029724, -92.5519790649, -7.70550107956, -56.5795516968], [6.50276517868, 270.620880127, 58.7924423218, 118.311630249, 2.98522639275, -43.736995697, 45.0256729126, 68.5730667114, 164.00718689, 15.2433080673, -1.48371636868, -51.3379707336, -1.00212001801], [476.297729492, -93.6335296631, 180.60774231, 31.9734344482, 6.08852005005, 33.3982086182, -24.8837718964, 53.4432029724, 15.2433080673, 89.6694335938, 5.1905298233, 15.2549362183, -37.5073242188], [-853.863037109, 123.916969299, -171.148376465, -99.2976379395, 48.016910553, -40.5361175537, 14.1971912384, -92.5519790649, -1.48371636868, 5.1905298233, 123.177230835, 25.8794021606, 42.4742736816], [149.634155273, -176.550735474, 57.0113334656, -10.5371332169, 15.4448385239, 36.3304710388, -19.3816432953, -7.70550107956, -51.3379707336, 15.2549362183, 25.8794021606, 89.713394165, 24.891040802], [-666.368103027, 105.481376648, -211.051223755, -51.7346382141, 10.9713068008, -17.1477622986, 14.1541576385, -56.5795516968, -1.00212001801, -37.5073242188, 42.4742736816, 24.891040802, 104.264358521]],
        "icov": [[3.03480210277e-05, -7.32149928808e-05, 3.00940996567e-06, -4.57405294583e-05, 5.04303170601e-05, -9.15547207114e-06, 0.000137423543492, -8.64891990204e-05, 9.12672767299e-05, -6.59078141325e-05, 0.000144079953316, -0.000203346920898, 0.000146041129483], [-7.32149928808e-05, 0.000541445158888, -2.13160092244e-05, -5.32302219654e-05, 5.5342050473e-05, 0.00017358342302, -0.000298837490845, 0.000549214775674, -0.000652646936942, 0.00025081858621, -0.000667149317451, 0.00104546267539, -0.000617776706349], [3.00940996567e-06, -2.13160092244e-05, 0.000791683036368, -6.88658910803e-05, -0.00060397584457, -0.000420708965976, 1.46726624735e-05, -0.000497517175972, -0.000332053692546, -0.000459802278783, 0.000629963527899, -0.000929979083594, 0.00112832558807], [-4.57405294583e-05, -5.32302219654e-05, -6.88658910803e-05, 0.00277739181183, -2.16658554564e-05, -0.000776276690885, 0.00101824651938, -0.00151047378313, -0.00221006246284, 0.00159234076273, 0.000299763574731, -0.00103686435614, 0.000593931879848], [5.04303170601e-05, 5.5342050473e-05, -0.00060397584457, -2.16658554564e-05, 0.0041505265981, 8.53998608363e-06, -0.00165658909827, 0.000911767827347, 0.000159408649779, -0.000374573894078, -0.0011658302974, -6.09791322859e-06, -0.00033950508805], [-9.15547207114e-06, 0.00017358342302, -0.000420708965976, -0.000776276690885, 8.53998608363e-06, 0.00690044043586, -0.00198300229385, -0.000937451317441, 0.00338106462732, -0.00262562115677, 0.00120262661949, -0.000201889881282, -0.00193017954007], [0.000137423543492, -0.000298837490845, 1.46726624735e-05, 0.00101824651938, -0.00165658909827, -0.00198300229385, 0.0106664765626, -0.00228734314442, -0.00321592041291, 0.00491486722603, -0.00151800352614, -9.66780644376e-05, 0.00125310418662], [-8.64891990204e-05, 0.000549214775674, -0.000497517175972, -0.00151047378313, 0.000911767827347, -0.000937451317441, -0.00228734314442, 0.0126677416265, -0.00456277281046, -0.0046265963465, 0.0064912349917, -0.00153996469453, 8.4767518274e-05], [9.12672767299e-05, -0.000652646936942, -0.000332053692546, -0.00221006246284, 0.000159408649779, 0.00338106462732, -0.00321592041291, -0.00456277281046, 0.0153211457655, -0.0046687903814, -0.00269688060507, 0.00755335716531, -0.00426217308268], [-6.59078141325e-05, 0.00025081858621, -0.000459802278783, 0.00159234076273, -0.000374573894078, -0.00262562115677, 0.00491486722603, -0.0046265963465, -0.0046687903814, 0.0222133938223, -0.00768491346389, -0.00344138965011, 0.00751233194023], [0.000144079953316, -0.000667149317451, 0.000629963527899, 0.000299763574731, -0.0011658302974, 0.00120262661949, -0.00151800352614, 0.0064912349917, -0.00269688060507, -0.00768491346389, 0.0192561950535, -0.00725767714903, -0.00183351081796], [-0.000203346920898, 0.00104546267539, -0.000929979083594, -0.00103686435614, -6.09791322859e-06, -0.000201889881282, -9.66780644376e-05, -0.00153996469453, 0.00755335716531, -0.00344138965011, -0.00725767714903, 0.0235632620752, -0.00944340415299], [0.000146041129483, -0.000617776706349, 0.00112832558807, 0.000593931879848, -0.00033950508805, -0.00193017954007, 0.00125310418662, 8.4767518274e-05, -0.00426217308268, 0.00751233194023, -0.00183351081796, -0.00944340415299, 0.0189849901944]]
    },
    "melbands": {
        "dmean": [0.00324455485679, 0.001676349435, 0.000711331551429, 0.000408318708651, 0.000245198578341, 0.000281718355836, 0.000243372414843, 0.00019615056226, 0.000158640948939, 0.000106077823148, 7.68246463849e-05, 9.42708284128e-05, 6.0979546106e-05, 4.22611155955e-05, 4.47442907898e-05, 3.92037727579e-05, 2.47199859587e-05, 2.1011554054e-05, 3.19409155054e-05, 1.54152094183e-05, 1.78151640284e-05, 1.61485095305e-05, 1.10923156171e-05, 1.27528101075e-05, 8.77880756889e-06, 6.97020823281e-06, 7.61028968554e-06, 5.25087853021e-06, 5.77658738621e-06, 5.88130387769e-06, 4.81979168399e-06, 4.95132280776e-06, 4.47016145699e-06, 4.85201371703e-06, 4.66766823592e-06, 4.03397598348e-06, 3.42097609973e-06, 4.23208120992e-06, 3.42742600878e-06, 3.81934250981e-06],
        "dmean2": [0.00485991919413, 0.00269320048392, 0.00120186887216, 0.000672781898174, 0.000404685648391, 0.00044301545131, 0.000366560416296, 0.000304795335978, 0.00024191045668, 0.000169823979377, 0.000123702935525, 0.000151852655108, 9.97766765067e-05, 7.01094104443e-05, 7.50523759052e-05, 6.52092276141e-05, 4.10709617427e-05, 3.53636933141e-05, 5.52037818125e-05, 2.62055073108e-05, 2.97707683785e-05, 2.71282988251e-05, 1.80941460712e-05, 2.07575940294e-05, 1.47827231558e-05, 1.16833507491e-05, 1.28382389448e-05, 8.72562213772e-06, 9.63951970334e-06, 9.82366327662e-06, 7.80255049904e-06, 7.8798384493e-06, 7.17723969501e-06, 7.74164891482e-06, 7.38573771741e-06, 6.58299904899e-06, 5.42422549188e-06, 7.13325198376e-06, 5.79383686272e-06, 6.57318378217e-06],
        "dvar": [2.85366422759e-05, 1.45172016346e-05, 2.9656323477e-06, 9.82103415481e-07, 2.99294953265e-07, 2.39865954654e-07, 1.62822246352e-07, 1.18239384506e-07, 9.68545705859e-08, 5.57152262104e-08, 2.36657804464e-08, 3.87356564602e-08, 1.79483539142e-08, 1.56298600729e-08, 6.5988969844e-09, 7.61959562112e-09, 1.84335868791e-09, 1.96709537548e-09, 2.93663293682e-09, 1.21474175163e-09, 1.39490163864e-09, 8.9148577409e-10, 5.24178644934e-10, 5.47128842232e-10, 2.70057393115e-10, 1.85724699509e-10, 1.72404882037e-10, 8.26868226667e-11, 9.67864330348e-11, 1.22513624246e-10, 6.98187133108e-11, 1.09077941124e-10, 7.08656883175e-11, 8.16086781485e-11, 7.93153806522e-11, 6.28940233227e-11, 4.26897787953e-11, 1.786105569e-10, 6.6634017748e-11, 8.68830077327e-11],
        "dvar2": [7.47388185118e-05, 3.70608031517e-05, 7.9095871115e-06, 2.61950935965e-06, 8.0798537283e-07, 6.08906361776e-07, 3.59821200391e-07, 2.84056625333e-07, 2.17185203155e-07, 1.41299608458e-07, 5.92012199263e-08, 9.40951778716e-08, 4.59326230384e-08, 4.12416447659e-08, 1.76628898174e-08, 2.02685139783e-08, 4.90098672756e-09, 5.25102628046e-09, 8.44015790591e-09, 3.43771500155e-09, 3.73452557767e-09, 2.49694398491e-09, 1.35583966276e-09, 1.40129641224e-09, 7.22282456067e-10, 4.83466600087e-10, 4.74734307421e-10, 2.17021789428e-10, 2.58836285738e-10, 3.25259624789e-10, 1.6883634768e-10, 2.57901922041e-10, 1.65987973366e-10, 1.74655220841e-10, 1.89394472327e-10, 1.60006424776e-10, 9.69719304855e-11, 5.1241494381e-10, 1.83667345222e-10, 2.40939573848e-10],
        "max": [0.0653389841318, 0.048263464123, 0.0335939265788, 0.0169393904507, 0.00892390217632, 0.0115234302357, 0.00814688857645, 0.00677897967398, 0.00861027091742, 0.00657244678587, 0.00385944894515, 0.00428113201633, 0.00306478282437, 0.00406410684809, 0.00133664603345, 0.00275411619805, 0.000905893568415, 0.00166743958835, 0.00107519002631, 0.000736427900847, 0.000692578556482, 0.000468893762445, 0.000751921150368, 0.000445740122814, 0.000384972547181, 0.000312003539875, 0.000310316478135, 0.000310140196234, 0.000319403887261, 0.000290744210361, 0.000156811453053, 0.000332959461957, 0.000150654610479, 0.000228489996516, 0.00021680125792, 0.000215433479752, 0.000247441057581, 0.000619538885076, 0.000212339058635, 0.000134279485792],
        "mean": [0.007049982436, 0.00259843096137, 0.000878754770383, 0.000559289532248, 0.000408070074627, 0.000569626572542, 0.000531805795617, 0.000368480221368, 0.000294347759336, 0.000178601505468, 0.000122692174045, 0.00014295282017, 8.87760543264e-05, 5.65238187846e-05, 5.71151103941e-05, 5.61978085898e-05, 3.75760573661e-05, 3.08507806039e-05, 4.71048151667e-05, 2.28160224651e-05, 2.68847143161e-05, 2.49294153036e-05, 1.77903948497e-05, 2.10315938602e-05, 1.38133600558e-05, 1.00534980447e-05, 1.14194208436e-05, 8.3175036707e-06, 9.3861899586e-06, 9.24041250983e-06, 7.59511658543e-06, 8.43415637064e-06, 7.12818109605e-06, 8.148881534e-06, 6.68993652653e-06, 5.90418449065e-06, 5.24156394022e-06, 6.14414057054e-06, 4.50201832791e-06, 4.79972050016e-06],
        "median": [0.00460138730705, 0.00119557359722, 0.000383347272873, 0.000256922561675, 0.000193541171029, 0.000272625708021, 0.000275256228633, 0.000174722546944, 0.000119556672871, 8.62206070451e-05, 5.67179522477e-05, 6.22088919044e-05, 3.65866653738e-05, 2.14136034629e-05, 2.58787549683e-05, 2.42896603595e-05, 1.89693328139e-05, 1.36077787829e-05, 2.10389844142e-05, 8.51001095725e-06, 1.00542056316e-05, 9.62290505413e-06, 8.37616880744e-06, 9.94771835394e-06, 5.51894936507e-06, 4.75168189951e-06, 4.77596040582e-06, 3.39757025358e-06, 4.68939015263e-06, 4.0813756641e-06, 2.99852740682e-06, 3.29293038703e-06, 2.26206771003e-06, 2.32737056649e-06, 1.81167456503e-06, 1.47237165038e-06, 1.13808130209e-06, 1.0615873407e-06, 7.73573106017e-07, 5.57276280233e-07],
        "min": [1.08226280945e-23, 3.78064034296e-24, 5.31874003672e-24, 9.60589376742e-24, 5.20590531714e-24, 3.53079247483e-23, 2.08886439175e-23, 3.16355626643e-24, 1.24435471392e-23, 1.54532297752e-23, 1.04430645145e-23, 9.56455824485e-24, 1.72246406037e-23, 6.89457094757e-24, 1.05019048605e-23, 6.89207499166e-24, 5.37025383712e-24, 8.67068180934e-24, 1.53318288151e-23, 1.16077600542e-23, 1.37201449649e-23, 1.49834946606e-23, 5.18962480578e-24, 8.06654451799e-24, 1.22780859309e-23, 1.57196943672e-23, 1.42756529258e-23, 7.01505051818e-24, 8.83779173692e-24, 7.30890278309e-24, 8.71510808894e-24, 1.05246248435e-23, 1.02833430581e-23, 7.20102368772e-24, 1.0571739561e-23, 1.16203865618e-23, 1.81106797061e-23, 7.14662857286e-24, 1.1207105489e-23, 1.04698045326e-23],
        "var": [6.25216416665e-05, 1.70773510035e-05, 2.93391417472e-06, 9.62817807704e-07, 3.90232628433e-07, 7.02184763668e-07, 5.33791592261e-07, 3.03956824155e-07, 2.60284565456e-07, 8.60660946955e-08, 3.92105263813e-08, 6.27115852581e-08, 2.74919731424e-08, 1.92768698781e-08, 9.01207908299e-09, 1.33164643756e-08, 3.16679460433e-09, 2.94538482493e-09, 4.53153958802e-09, 2.02888816858e-09, 2.18501594595e-09, 1.65074842684e-09, 7.92318322063e-10, 9.31074994881e-10, 4.47448050833e-10, 2.59266441649e-10, 2.7350749443e-10, 1.4960988004e-10, 1.71162264917e-10, 1.791179427e-10, 1.35418287694e-10, 2.22352095069e-10, 1.47549958363e-10, 2.23599749827e-10, 1.55041771088e-10, 1.13834337789e-10, 1.21417986776e-10, 2.43429665314e-10, 9.86304857231e-11, 1.25478183399e-10]
    },
    "mfcc": {
        "mean": [-655.554931641, 104.798744202, 7.20636987686, 16.1593132019, 0.587710916996, 7.02000236511, 0.28195899725, 4.92690229416, 3.15096950531, 4.41439151764, 4.99851799011, 5.84230709076, 3.86744761467],
        "cov": [[25013.875, 2174.09204102, 2484.09545898, 1412.48742676, 559.451477051, 143.951660156, -127.973045349, 435.553375244, 542.535339355, 541.714416504, 366.023254395, 195.910812378, -13.9571352005], [2174.09204102, 2925.08642578, 26.2118530273, 396.326721191, -23.5240306854, 15.728477478, -115.329780579, 7.85976934433, 72.806022644, 125.780601501, 101.563186646, 70.1690368652, 45.2534446716], [2484.09545898, 26.2118530273, 1468.7142334, 282.107788086, 262.576446533, 80.4379043579, 55.7115783691, 123.702316284, 165.876678467, 119.480514526, 106.931312561, 42.9913864136, -23.4956951141], [1412.48742676, 396.326721191, 282.107788086, 375.560302734, 94.3246002197, 13.3723268509, -53.2102432251, 62.6682434082, 86.1681442261, 91.2969589233, 51.643825531, 15.5181827545, -13.6515932083], [559.451477051, -23.5240306854, 262.576446533, 94.3246002197, 238.347732544, 71.5877304077, 58.1768913269, 21.1654148102, 21.9490470886, 9.19302463531, 15.1805858612, 20.9871063232, 18.0697231293], [143.951660156, 15.728477478, 80.4379043579, 13.3723268509, 71.5877304077, 144.598236084, 73.2164077759, 27.8249359131, -8.75134849548, -12.0488519669, -5.33373785019, 9.1886844635, 12.71089077], [-127.973045349, -115.329780579, 55.7115783691, -53.2102432251, 58.1768913269, 73.2164077759, 140.011764526, 31.7811603546, -10.3330392838, -36.252494812, -7.01577377319, 13.3594579697, 18.4545402527], [435.553375244, 7.85976934433, 123.702316284, 62.6682434082, 21.1654148102, 27.8249359131, 31.7811603546, 100.49899292, 68.641456604, 36.3496055603, 6.58247184753, -9.15605735779, -15.0620059967], [542.535339355, 72.806022644, 165.876678467, 86.1681442261, 21.9490470886, -8.75134849548, -10.3330392838, 68.641456604, 127.954833984, 84.5163879395, 27.9256229401, -14.0858030319, -23.322347641], [541.714416504, 125.780601501, 119.480514526, 91.2969589233, 9.19302463531, -12.0488519669, -36.252494812, 36.3496055603, 84.5163879395, 122.305206299, 50.4784240723, -2.90701961517, -24.8303222656], [366.023254395, 101.563186646, 106.931312561, 51.643825531, 15.1805858612, -5.33373785019, -7.01577377319, 6.58247184753, 27.9256229401, 50.4784240723, 88.8347320557, 43.6654663086, -3.94213938713], [195.910812378, 70.1690368652, 42.9913864136, 15.5181827545, 20.9871063232, 9.1886844635, 13.3594579697, -9.15605735779, -14.0858030319, -2.90701961517, 43.6654663086, 82.5387954712, 32.8886756897], [-13.9571352005, 45.2534446716, -23.4956951141, -13.6515932083, 18.0697231293, 12.71089077, 18.4545402527, -15.0620059967, -23.322347641, -24.8303222656, -3.94213938713, 32.8886756897, 69.6548156738]],
