{
"lowlevel": {
    "average_loudness": 0.922626972198,
    "barkbands_crest": {
        "dmean": 3.4519739151,
        "dmean2": 5.68116092682,
        "dvar": 13.1573705673,
        "dvar2": 33.2233963013,
        "max": 26.173538208,
        "mean": 15.0131998062,
        "median": 15.3852577209,
        "min": 1.89024162292,
        "var": 33.9953079224
    },
    "barkbands_flatness_db": {
        "dmean": 0.0450393073261,
        "dmean2": 0.0707282349467,
        "dvar": 0.00245130667463,
        "dvar2": 0.00578228663653,
        "max": 0.680409312248,
        "mean": 0.178358599544,
        "median": 0.172111272812,
        "min": 0.0130207920447,
        "var": 0.00783484522253
    },
    "barkbands_kurtosis": {
        "dmean": 6.31565999985,
        "dmean2": 10.4785757065,
        "dvar": 140.601959229,
        "dvar2": 381.989898682,
        "max": 395.618286133,
        "mean": 8.28092288971,
        "median": 3.83008003235,
        "min": -1.85075175762,
        "var": 190.805084229
    },
    "barkbands_skewness": {
        "dmean": 0.908655583858,
        "dmean2": 1.47531723976,
        "dvar": 0.96038120985,
        "dvar2": 2.49802207947,
        "max": 12.8183355331,
        "mean": 2.23968887329,
        "median": 1.98258173466,
        "min": -3.04195928574,
        "var": 2.38013219833
    },
    "barkbands_spread": {
        "dmean": 9.62339401245,
        "dmean2": 15.849697113,
        "dvar": 191.088088989,
        "dvar2": 458.544464111,
        "max": 121.655319214,
        "mean": 22.6168327332,
        "median": 14.9305715561,
        "min": 0.17704859376,
        "var": 386.295440674
    },
    "dissonance": {
        "dmean": 0.0238142125309,
        "dmean2": 0.0402017906308,
        "dvar": 0.000636502576526,
        "dvar2": 0.00179010734428,
        "max": 0.500000178814,
        "mean": 0.459027767181,
        "median": 0.466402769089,
        "min": 0.0671087503433,
        "var": 0.00104752834886
    },
    "dynamic_complexity": 2.87077689171,
    "erbbands_crest": {
        "dmean": 3.19096779823,
        "dmean2": 5.24927616119,
        "dvar": 8.67118930817,
        "dvar2": 22.0867977142,
        "max": 30.3166370392,
        "mean": 9.1901140213,
        "median": 8.08855819702,
        "min": 2.31777429581,
        "var": 20.4404258728
    },
    "erbbands_flatness_db": {
        "dmean": 0.0283871535212,
        "dmean2": 0.0446379594505,
        "dvar": 0.00112038978841,
        "dvar2": 0.00238251592964,
        "max": 0.435721814632,
        "mean": 0.152481049299,
        "median": 0.142323106527,
        "min": 0.0266913641244,
        "var": 0.00400945451111
    },
    "erbbands_kurtosis": {
        "dmean": 1.0962638855,
        "dmean2": 1.80796039104,
        "dvar": 4.11678600311,
        "dvar2": 11.2719926834,
        "max": 65.0755157471,
        "mean": 0.709081411362,
        "median": 0.148137331009,
        "min": -1.83507871628,
        "var": 6.03713941574
    },
    "erbbands_skewness": {
        "dmean": 0.412659466267,
        "dmean2": 0.666599333286,
        "dvar": 0.1693995893,
        "dvar2": 0.430834531784,
        "max": 5.10331535339,
        "mean": 0.136295482516,
        "median": 0.110764317214,
        "min": -4.34057044983,
        "var": 0.515939891338
    },
    "erbbands_spread": {
        "dmean": 9.3955450058,
        "dmean2": 14.8974981308,
        "dvar": 101.487739563,
        "dvar2": 236.08114624,
        "max": 141.125793457,
        "mean": 36.1759033203,
        "median": 34.0448112488,
        "min": 1.15630710125,
        "var": 306.041473389
    },
    "hfc": {
        "dmean": 18.9893951416,
        "dmean2": 32.4659194946,
        "dvar": 1773.29150391,
        "dvar2": 4708.58056641,
        "max": 524.703125,
        "mean": 28.6923599243,
        "median": 10.4833068848,
        "min": 1.22850508766e-16,
        "var": 2102.29956055
    },
    "melbands_crest": {
        "dmean": 4.16812324524,
        "dmean2": 6.9013838768,
        "dvar": 20.8790721893,
        "dvar2": 53.6162834167,
        "max": 38.3475227356,
        "mean": 21.5769424438,
        "median": 22.0373821259,
        "min": 1.96770274639,
        "var": 49.4541053772
    },
    "melbands_flatness_db": {
        "dmean": 0.0535379722714,
        "dmean2": 0.084780536592,
        "dvar": 0.00351813714951,
        "dvar2": 0.00849126838148,
        "max": 0.852914512157,
        "mean": 0.266272068024,
        "median": 0.263761222363,
        "min": 0.0102858478203,
        "var": 0.0117167830467
    },
    "melbands_kurtosis": {
        "dmean": 13.8233995438,
        "dmean2": 22.9312362671,
        "dvar": 692.049255371,
        "dvar2": 1840.21276855,
        "max": 901.250549316,
        "mean": 21.7467727661,
        "median": 13.2100334167,
        "min": -1.71054267883,
        "var": 953.95300293
    },
    "melbands_skewness": {
        "dmean": 1.16603791714,
        "dmean2": 1.89888143539,
        "dvar": 1.53776729107,
        "dvar2": 4.06563663483,
        "max": 24.0447444916,
        "mean": 3.58596920967,
        "median": 3.3108279705,
        "min": -1.85152208805,
        "var": 3.75105834007
    },
    "melbands_spread": {
        "dmean": 9.7218170166,
        "dmean2": 16.3849620819,
        "dvar": 247.046340942,
        "dvar2": 644.027709961,
        "max": 190.816589355,
        "mean": 18.8584899902,
        "median": 12.1818027496,
        "min": 0.0999910086393,
        "var": 389.800018311
    },
    "pitch_salience": {
        "dmean": 0.106317333877,
        "dmean2": 0.175251290202,
        "dvar": 0.0118411900476,
        "dvar2": 0.0308589711785,
        "max": 0.961913704872,
        "mean": 0.388700127602,
        "median": 0.366676062346,
        "min": 0.0571412146091,
        "var": 0.0249139964581
    },
    "silence_rate_20dB": {
        "dmean": 0,
        "dmean2": 0,
        "dvar": 0,
        "dvar2": 0,
        "max": 1,
        "mean": 1,
        "median": 1,
        "min": 1,
        "var": 0
    },
    "silence_rate_30dB": {
        "dmean": 0.032739892602,
        "dmean2": 0.0654847249389,
        "dvar": 0.0316652543843,
        "dvar2": 0.0780935436487,
        "max": 1,
        "mean": 0.972467362881,
        "median": 1,
        "min": 0,
        "var": 0.0267758425325
    },
    "silence_rate_60dB": {
        "dmean": 0.0116173811257,
        "dmean2": 0.0232365150005,
        "dvar": 0.0114846080542,
        "dvar2": 0.0275327134877,
        "max": 1,
        "mean": 0.0328128524125,
        "median": 0,
        "min": 0,
        "var": 0.0317424312234
    },
    "spectral_centroid": {
        "dmean": 331.675140381,
        "dmean2": 534.270019531,
        "dvar": 189530.359375,
        "dvar2": 427508.75,
        "max": 11162.1005859,
        "mean": 1379.09484863,
        "median": 1150.70373535,
        "min": 98.8707885742,
        "var": 589322.9375
    },
    "spectral_complexity": {
        "dmean": 4.97631263733,
        "dmean2": 7.93044137955,
        "dvar": 44.439994812,
        "dvar2": 94.868927002,
        "max": 63,
        "mean": 17.7213554382,
        "median": 15,
        "min": 0,
        "var": 104.939628601
    },
    "spectral_decrease": {
        "dmean": 3.71671293742e-09,
        "dmean2": 5.95666138636e-09,
        "dvar": 2.51154814525e-17,
        "dvar2": 6.56278017334e-17,
        "max": 2.97288305084e-10,
        "mean": -1.07352891021e-08,
        "median": -9.69185354194e-09,
        "min": -6.53503775538e-08,
        "var": 5.48634853552e-17
    },
    "spectral_energy": {
        "dmean": 0.0146578038111,
        "dmean2": 0.0233018118888,
        "dvar": 0.000363444938557,
        "dvar2": 0.00094760482898,
        "max": 0.250673651695,
        "mean": 0.0431198291481,
        "median": 0.0390394702554,
        "min": 1.09304179287e-20,
        "var": 0.000860047992319
    },
    "spectral_energyband_high": {
        "dmean": 0.00173747097142,
        "dmean2": 0.00296259694733,
        "dvar": 1.76249377546e-05,
        "dvar2": 4.6027591452e-05,
        "max": 0.0482154637575,
        "mean": 0.00201403023675,
        "median": 0.00016660921392,
        "min": 7.38819709336e-21,
        "var": 2.06281038118e-05
    },
    "spectral_energyband_low": {
        "dmean": 0.0130223240703,
        "dmean2": 0.0210954360664,
        "dvar": 0.000371358881239,
        "dvar2": 0.000998398289084,
        "max": 0.223337963223,
        "mean": 0.0301553867757,
        "median": 0.0249996315688,
        "min": 7.24624151035e-23,
        "var": 0.000669075641781
    },
    "spectral_energyband_middle_high": {
        "dmean": 0.00217462237924,
        "dmean2": 0.00362991564907,
        "dvar": 1.23172721942e-05,
        "dvar2": 3.20331855619e-05,
        "max": 0.0503501221538,
        "mean": 0.00455615203828,
        "median": 0.00248412578367,
        "min": 2.10293626297e-21,
        "var": 2.67368104687e-05
    },
    "spectral_energyband_middle_low": {
        "dmean": 0.00349121238105,
        "dmean2": 0.00567366974428,
        "dvar": 3.24966676999e-05,
        "dvar2": 7.60605544201e-05,
        "max": 0.0650542005897,
        "mean": 0.00668578129262,
        "median": 0.0047963890247,
        "min": 3.18418996471e-22,
        "var": 4.43696371804e-05
    },
    "spectral_entropy": {
        "dmean": 0.298625767231,
        "dmean2": 0.477500647306,
        "dvar": 0.12639786303,
        "dvar2": 0.291829884052,
        "max": 9.77790737152,
        "mean": 7.48527669907,
        "median": 7.48054742813,
        "min": 3.99631023407,
        "var": 0.343223243952
    },
    "spectral_flux": {
        "dmean": 0.0355603210628,
        "dmean2": 0.0567371062934,
        "dvar": 0.00160465447698,
        "dvar2": 0.00334884808399,
        "max": 0.430175930262,
        "mean": 0.0927599593997,
        "median": 0.0770072042942,
        "min": 1.04548640578e-10,
        "var": 0.00325037701987
    },
    "spectral_kurtosis": {
        "dmean": 3.93101382256,
        "dmean2": 6.55738973618,
        "dvar": 67.4649429321,
        "dvar2": 177.931365967,
        "max": 254.265991211,
        "mean": 7.84105205536,
        "median": 4.28144788742,
        "min": -1.10890555382,
        "var": 153.712722778
    },
    "spectral_rms": {
        "dmean": 0.0010663602734,
        "dmean2": 0.00168110942468,
        "dvar": 1.37050449212e-06,
        "dvar2": 3.56011787517e-06,
        "max": 0.0156384035945,
        "mean": 0.00606684572995,
        "median": 0.00617149006575,
        "min": 3.26555080719e-12,
        "var": 5.26149142388e-06
    },
    "spectral_rolloff": {
        "dmean": 879.375915527,
        "dmean2": 1551.65783691,
        "dvar": 3128774,
        "dvar2": 8192394.5,
        "max": 18690.8203125,
        "mean": 1272.50695801,
        "median": 581.396484375,
        "min": 43.06640625,
        "var": 3626325.25
    },
    "spectral_skewness": {
        "dmean": 0.39218133688,
        "dmean2": 0.639953911304,
        "dvar": 0.310345947742,
        "dvar2": 0.836083889008,
        "max": 13.0925655365,
        "mean": 1.83637917042,
        "median": 1.5708656311,
        "min": -0.0258694496006,
        "var": 0.970685899258
    },
    "spectral_spread": {
        "dmean": 923162.5625,
        "dmean2": 1472826.25,
        "dvar": 1.65608947712e+12,
        "dvar2": 3.54615453286e+12,
        "max": 38157748,
        "mean": 4515835,
        "median": 4279063,
        "min": 338547.625,
        "var": 4.60264833024e+12
    },
    "spectral_strongpeak": {
        "dmean": 0.233644768596,
        "dmean2": 0.406428664923,
        "dvar": 0.387867122889,
        "dvar2": 1.06000828743,
        "max": 13.3903675079,
        "mean": 0.492759764194,
        "median": 0.416320979595,
        "min": 0,
        "var": 0.349538505077
    },
    "zerocrossingrate": {
        "dmean": 0.0142954504117,
        "dmean2": 0.0193368960172,
        "dvar": 0.00034440192394,
        "dvar2": 0.000532076461241,
        "max": 0.5,
        "mean": 0.0460974052548,
        "median": 0.03173828125,
        "min": 0.00146484375,
        "var": 0.00170992780477
    },
    "barkbands": {
        "dmean": [0.00109753303695, 0.0113397007808, 0.00193034636322, 0.000684118946083, 0.0013042606879, 0.000886265654117, 0.000581752101425, 0.000535675499123, 0.000577366328798, 0.000377239834052, 0.000421204953454, 0.000420400436269, 0.000302602449665, 0.000211049453355, 0.000369847257389, 0.000300171057461, 0.000323204993038, 0.00029217932024, 0.000211678707274, 0.000239127897657, 0.00036009188625, 0.000305825902615, 0.000240141715039, 0.000227434007684, 0.000239119748585, 0.000232277787291, 0.000123931153212],
        "dmean2": [0.00178338866681, 0.0182314757258, 0.0033875356894, 0.00122399674729, 0.00206791609526, 0.00145215424709, 0.000966136984061, 0.000879789353348, 0.000938098295592, 0.000619451340754, 0.00072683597682, 0.000699798343703, 0.000511021411512, 0.000360174337402, 0.00061788369203, 0.00049201445654, 0.000542368681636, 0.000513233593665, 0.000357547396561, 0.000401261233492, 0.000605517008808, 0.000513109494932, 0.000401740922825, 0.000392149260733, 0.000425360514782, 0.000422659068136, 0.000228252596571],
        "dvar": [4.73447744298e-06, 0.000284770037979, 3.66495733033e-05, 2.89821582555e-06, 1.32251561809e-05, 1.72019383626e-06, 8.11809570678e-07, 6.22065954303e-07, 7.27015731172e-07, 4.03993198006e-07, 1.06493416752e-06, 9.28323174776e-07, 4.20884447294e-07, 1.66323033568e-07, 1.26634245134e-06, 6.8969768563e-07, 4.64453364657e-07, 5.87529143559e-07, 2.48731822694e-07, 3.33945507691e-07, 8.87786598014e-07, 6.22373534043e-07, 3.31492458372e-07, 3.75855478296e-07, 4.09975967841e-07, 5.49821493223e-07, 1.37370506081e-07],
        "dvar2": [1.23958916447e-05, 0.000753373198677, 0.00010516862676, 8.14379654912e-06, 2.57574065472e-05, 4.64509639642e-06, 2.08602023122e-06, 1.60287436302e-06, 1.76641276539e-06, 1.01355510651e-06, 2.95600398204e-06, 2.37269773606e-06, 1.10905330075e-06, 4.40681191094e-07, 3.43204260389e-06, 1.63645620432e-06, 1.15757848107e-06, 1.62954836469e-06, 6.13626127688e-07, 8.42305325932e-07, 2.27113196161e-06, 1.58565626407e-06, 8.4997373051e-07, 9.67812866293e-07, 1.12869440727e-06, 1.55438351612e-06, 3.85164639738e-07],
        "max": [0.029010862112, 0.205408170819, 0.122105695307, 0.0224916338921, 0.0493237860501, 0.0200142562389, 0.017020214349, 0.0128785604611, 0.0164306275547, 0.0112483771518, 0.0157265719026, 0.0180794429034, 0.0170546229929, 0.00970560964197, 0.0288598742336, 0.0229682736099, 0.0194385219365, 0.0131636252627, 0.0106450356543, 0.0159151684493, 0.0142490640283, 0.0108628803864, 0.00838572345674, 0.00850912183523, 0.00685013178736, 0.01313898433, 0.00549564324319],
        "mean": [0.0017878577346, 0.0257143266499, 0.0025216084905, 0.000556821993086, 0.00153636955656, 0.00162056356203, 0.000995156704448, 0.000813811027911, 0.000864182016812, 0.000559604668524, 0.000554418016691, 0.000618373218458, 0.000454150082078, 0.000310405797791, 0.000544397451449, 0.000400035409257, 0.000482151721371, 0.000320993858622, 0.000271024327958, 0.00033808790613, 0.000424516532803, 0.000364306150004, 0.000276423175819, 0.000260943779722, 0.000242959795287, 0.000191335842828, 9.51689798967e-05],
        "median": [0.000434590503573, 0.020208356902, 0.000411747256294, 0.000134103873279, 0.0004694906238, 0.00107397360262, 0.000536002160516, 0.000479956855997, 0.000468001380796, 0.000257744075498, 0.000163179327501, 0.000171224732185, 0.000133106150315, 0.000118339943583, 0.000113927882921, 8.20496643428e-05, 9.76487572188e-05, 6.19347774773e-05, 6.34099778836e-05, 5.02975126437e-05, 4.42598866357e-05, 2.83805966319e-05, 1.88471694855e-05, 1.09792745207e-05, 8.21750199975e-06, 5.64508491152e-06, 2.7250328003e-06],
        "min": [3.47817529468e-24, 6.5625244042e-23, 2.55491753754e-24, 4.66556044618e-24, 3.98472386562e-23, 1.18197200374e-22, 3.62666652717e-23, 3.83313761625e-23, 5.75011189888e-23, 8.25327294297e-23, 2.62623991138e-23, 3.27062614829e-23, 2.86371831429e-22, 6.54895347228e-23, 1.15005797318e-22, 1.68796770941e-22, 1.57006960723e-22, 3.97024706894e-22, 5.06306125587e-22, 3.35183944159e-22, 3.42327237428e-22, 3.66693648799e-22, 4.47030435593e-22, 7.08471258435e-22, 1.25535189564e-21, 1.6782542442e-21, 2.73223552245e-21],
        "var": [7.50025992602e-06, 0.000555057602469, 3.12109841616e-05, 1.87917908079e-06, 1.79538546945e-05, 2.94622100228e-06, 1.78223865532e-06, 9.75136572379e-07, 1.28634030716e-06, 6.90868091624e-07, 1.23616223391e-06, 1.75561592641e-06, 8.55602309002e-07, 3.56781669097e-07, 2.40109943661e-06, 1.0179455785e-06, 9.14052805001e-07, 5.18016577189e-07, 3.02590649426e-07, 4.92246385875e-07, 9.73398755377e-07, 7.58239821153e-07, 4.75775266295e-07, 4.45961774176e-07, 3.94980901319e-07, 3.66990690281e-07, 8.98483989431e-08]
    },
    "erbbands": {
        "dmean": [0.45370259881, 2.1457927227, 2.5709965229, 2.07173323631, 4.48479127884, 3.36440753937, 4.19244241714, 8.01618003845, 8.44767665863, 10.3808059692, 12.2839517593, 13.9325361252, 13.5472507477, 10.732126236, 15.1746883392, 19.4572639465, 14.9225292206, 11.1154203415, 9.02999782562, 23.5660629272, 12.6438436508, 16.0416545868, 16.0180301666, 11.0948257446, 11.4184322357, 12.2974348068, 15.5969305038, 12.8338251114, 10.7926750183, 8.61202430725, 6.5929107666, 4.95976924896, 3.56387019157, 2.59574151039, 1.74348509312, 0.976679623127, 0.440349429846, 0.135232046247, 0.0206161756068, 0.00101279921364],
        "dmean2": [0.737593948841, 3.43396162987, 4.35784482956, 3.69762301445, 7.10848903656, 5.54871320724, 7.02282619476, 13.1803350449, 14.0530729294, 17.1278514862, 19.9499568939, 22.5559387207, 21.9880218506, 18.3689117432, 25.976102829, 32.3254470825, 25.1681423187, 18.9377689362, 15.323674202, 40.5629463196, 21.2077064514, 27.1100101471, 28.3466968536, 18.870847702, 19.3768196106, 20.5051250458, 26.2363185883, 21.6085338593, 18.1230163574, 14.4062252045, 11.0820655823, 8.574842453, 6.11412668228, 4.57641172409, 3.11503505707, 1.77599155903, 0.804499030113, 0.247753605247, 0.0379071757197, 0.00185751263052],
        "dvar": [0.527896225452, 11.9515867233, 47.4787025452, 32.9894561768, 197.49559021, 63.059841156, 57.4296455383, 157.226074219, 174.515090942, 309.660705566, 344.018371582, 484.466369629, 515.579406738, 472.523193359, 1243.03601074, 1975.48254395, 1040.41088867, 452.002105713, 340.183868408, 6673.77441406, 643.451477051, 1089.02209473, 1898.3828125, 626.191101074, 814.630432129, 862.588867188, 1740.89855957, 1156.96557617, 795.173278809, 430.529083252, 251.002487183, 179.812561035, 92.2656707764, 47.4029350281, 23.102930069, 9.60074520111, 1.92648744583, 0.18509452045, 0.00374241429381, 8.60071395437e-06],
        "dvar2": [1.39373922348, 31.6295471191, 135.220947266, 93.6254272461, 387.03414917, 140.878051758, 155.983001709, 417.301330566, 467.917449951, 756.028686523, 867.54486084, 1168.67602539, 1283.28491211, 1298.75915527, 3425.02124023, 5082.11425781, 2744.18530273, 1221.63830566, 865.744995117, 19740.8417969, 1599.23510742, 2769.87890625, 5326.57324219, 1590.96826172, 2089.92480469, 2195.33911133, 4460.390625, 3023.27978516, 2056.18383789, 1060.25512695, 644.845947266, 460.486724854, 240.772949219, 128.261169434, 63.9077186584, 27.3259830475, 5.434486866, 0.518788158894, 0.0105043491349, 2.40930112341e-05],
        "max": [9.36991119385, 47.9227981567, 140.964538574, 105.676841736, 183.750869751, 139.04208374, 126.365791321, 204.984054565, 300.079101562, 417.5703125, 309.420166016, 467.208709717, 444.413452148, 321.589538574, 763.760681152, 918.407653809, 915.683166504, 674.920776367, 525.968933105, 2371.70068359, 583.007385254, 743.405761719, 747.429260254, 526.155883789, 626.390625, 690.333618164, 699.518859863, 600.234863281, 398.335662842, 304.368408203, 253.507904053, 251.395126343, 163.330032349, 79.8163375854, 48.6376914978, 55.9565620422, 24.8926811218, 7.56900405884, 0.925215661526, 0.0322256945074],
        "mean": [0.881645381451, 5.07392454147, 4.71313810349, 1.9703245163, 4.45526456833, 4.287774086, 6.64901256561, 14.2402629852, 14.3166217804, 17.7948112488, 19.5330982208, 21.3371868134, 20.7946491241, 15.6539878845, 22.3935165405, 29.5515041351, 23.1615982056, 17.7448616028, 13.7532749176, 42.1898384094, 19.9757862091, 22.9962520599, 18.7342071533, 14.8793354034, 14.5797338486, 18.103219986, 17.6742706299, 15.1672620773, 12.8952121735, 10.5603256226, 7.52883958817, 5.76060771942, 3.99723172188, 2.7683494091, 1.67641043663, 0.84010386467, 0.360198050737, 0.105633050203, 0.0157417915761, 0.000824947375804],
        "median": [0.525042772293, 3.73224854469, 2.07824087143, 0.680181324482, 0.813966929913, 1.45149552822, 4.06975078583, 8.87242698669, 8.32208919525, 8.78590679169, 11.8191270828, 11.6421003342, 11.0391893387, 7.95898389816, 8.689661026, 9.99545764923, 7.80252408981, 7.29880857468, 5.70744752884, 6.17931842804, 5.39290523529, 4.85938644409, 3.90156030655, 3.56335306168, 3.18879008293, 2.70736265182, 2.12405157089, 1.46626675129, 1.07869315147, 0.776749610901, 0.480794221163, 0.271827846766, 0.150352954865, 0.0907909572124, 0.0548601746559, 0.0252178888768, 0.0102212112397, 0.00309306127019, 0.000490579986945, 8.07342730695e-05],
        "min": [1.94180729576e-21, 1.41957150123e-20, 7.13960750886e-21, 8.90739749105e-21, 2.37950135428e-20, 1.54972029268e-19, 7.52517532705e-19, 7.52708973318e-19, 5.63785626001e-19, 8.14934306982e-19, 6.80458727618e-19, 1.00957404102e-18, 2.74315011409e-18, 1.75740931787e-18, 1.33575989428e-18, 1.932862184e-18, 1.22057373253e-17, 5.15746243387e-18, 6.69318155731e-18, 5.16086462773e-18, 9.86731179569e-18, 1.02225924862e-17, 1.584948364e-17, 3.55045175672e-17, 2.1118665501e-17, 1.45151536308e-17, 1.05076869018e-17, 1.37475109972e-17, 1.17851838126e-17, 1.54575257611e-17, 1.13862255042e-17, 1.3468335059e-17, 1.3373495493e-17, 1.39311823164e-17, 9.92435747946e-18, 5.29037546906e-18, 3.30732141305e-18, 1.46047898172e-18, 4.45167719366e-19, 3.57836038857e-20],
        "var": [0.980145275593, 24.6075229645, 54.3505516052, 21.000459671, 252.053268433, 83.3178787231, 73.5794830322, 282.574615479, 297.735992432, 797.646606445, 581.315979004, 858.360290527, 836.817810059, 542.440429688, 1621.35009766, 3768.34423828, 1995.45593262, 1079.90136719, 561.587585449, 17940.3730469, 1253.11083984, 1887.86462402, 1692.19750977, 894.680480957, 903.636657715, 1385.94763184, 1811.45446777, 1272.94299316, 919.860290527, 676.016357422, 347.615020752, 215.840103149, 110.96622467, 51.7343444824, 19.809463501, 6.61390209198, 1.28259932995, 0.120402812958, 0.0024386185687, 5.76613911107e-06]
    },
    "gfcc": {
        "mean": [-8.96740722656, 99.874961853, -101.684394836, 23.2590427399, -40.8293876648, 10.1646127701, -14.3492155075, 12.4760742188, -6.27073001862, 11.8606109619, -4.12669229507, 6.08834886551, -4.0347366333],
        "cov": [[11901.6914062, -5136.74902344, 967.827758789, 1200.21276855, -99.30859375, 851.077331543, -438.870819092, 508.142913818, -377.386077881, 278.540893555, -432.678924561, 409.523223877, -242.021286011], [-5136.74902344, 4082.75537109, -799.665527344, -377.334411621, 428.644073486, -397.381103516, 553.323364258, -192.558486938, 389.442504883, -181.31161499, 392.555633545, -244.758407593, 214.607833862], [967.827758789, -799.665527344, 863.122192383, 1.3093123436, 41.4265785217, 240.213653564, -52.7813835144, 118.620735168, -86.0541229248, 77.6594238281, -105.445106506, 67.157661438, -46.0487289429], [1200.21276855, -377.334411621, 1.3093123436, 470.525268555, 21.6389846802, 62.6324996948, 1.19432413578, 50.9462890625, 25.8468933105, 36.6021881104, 8.47961616516, 16.6959037781, 8.13338279724], [-99.30859375, 428.644073486, 41.4265785217, 21.6389846802, 390.601837158, 60.6845397949, 141.078811646, 54.4554023743, 92.0637435913, 15.7909574509, 63.9335212708, 7.53347015381, 26.4066104889], [851.077331543, -397.381103516, 240.213653564, 62.6324996948, 60.6845397949, 306.183959961, 20.532327652, 60.3095474243, -23.4315128326, 29.8311748505, -26.0000686646, 60.7995185852, -11.3873662949], [-438.870819092, 553.323364258, -52.7813835144, 1.19432413578, 141.078811646, 20.532327652, 214.699874878, 33.15832901, 84.8390197754, -13.4336004257, 79.8364028931, -11.4847688675, 38.0774383545], [508.142913818, -192.558486938, 118.620735168, 50.9462890625, 54.4554023743, 60.3095474243, 33.15832901, 150.650924683, 35.7767715454, 43.4059677124, -5.93550491333, 39.8458328247, 4.22207593918], [-377.386077881, 389.442504883, -86.0541229248, 25.8468933105, 92.0637435913, -23.4315128326, 84.8390197754, 35.7767715454, 158.890167236, 28.1896095276, 60.9311218262, -20.3992805481, 40.5052566528], [278.540893555, -181.31161499, 77.6594238281, 36.6021881104, 15.7909574509, 29.8311748505, -13.4336004257, 43.4059677124, 28.1896095276, 119.674163818, 26.5532207489, 27.7663516998, -3.15430021286], [-432.678924561, 392.555633545, -105.445106506, 8.47961616516, 63.9335212708, -26.0000686646, 79.8364028931, -5.93550491333, 60.9311218262, 26.5532207489, 140.931838989, 26.5216598511, 37.3081512451], [409.523223877, -244.758407593, 67.157661438, 16.6959037781, 7.53347015381, 60.7995185852, -11.4847688675, 39.8458328247, -20.3992805481, 27.7663516998, 26.5216598511, 110.93409729, 19.9248161316], [-242.021286011, 214.607833862, -46.0487289429, 8.13338279724, 26.4066104889, -11.3873662949, 38.0774383545, 4.22207593918, 40.5052566528, -3.15430021286, 37.3081512451, 19.9248161316, 91.2719345093]],
        "icov": [[0.00029924485716, 0.000269973097602, 0.000139671814395, -0.000467686302727, -0.00018699390057, -0.000267525785603, -8.69511422934e-05, -0.000372874928871, 0.00021310026932, -6.09677117609e-05, 0.000291136908345, -0.000288673152681, 0.000192430379684], [0.000269973097602, 0.00140234513674, 0.000256187864579, 0.000334158132318, -0.000673984119203, 0.000278863095446, -0.00140657927841, 0.000371519156033, -0.000670296314638, 0.00106594443787, -0.00169614551123, 0.00170587690081, -0.00102735427208], [0.000139671814395, 0.000256187864579, 0.00201825308613, 0.000131546650664, -0.00045586519991, -0.00109318527393, -0.000162463169545, -0.00101926852949, 0.000980904675089, -0.00106476631481, 0.0010549693834, -1.5233893464e-05, -1.50664536704e-05], [-0.000467686302727, 0.000334158132318, 0.000131546650664, 0.00354623468593, -4.84689626319e-05, 0.000154985376867, -0.00036762887612, 0.000288397655822, -0.00100474513602, 0.000395864102757, -0.00188461656217, 0.0020300920587, -0.00131534773391], [-0.00018699390057, -0.000673984119203, -0.00045586519991, -4.84689626319e-05, 0.00404206523672, -0.000506962067448, -0.00112522707786, -0.000348450237652, -0.00104728760198, -0.000264041387709, 0.000127658699057, -0.000782452290878, 0.000690354791004], [-0.000267525785603, 0.000278863095446, -0.00109318527393, 0.000154985376867, -0.000506962067448, 0.00552507909015, -0.00191808503587, 0.000889104849193, -0.000365058920579, 0.00021248482517, 0.000338656274835, -0.00147471274249, 1.75020340976e-05], [-8.69511422934e-05, -0.00140657927841, -0.000162463169545, -0.00036762887612, -0.00112522707786, -0.00191808503587, 0.0110026625916, -0.00323905353434, -0.00069084239658, 0.00192978559062, -0.00290223490447, 0.000877798011061, 4.13982488681e-05], [-0.000372874928871, 0.000371519156033, -0.00101926852949, 0.000288397655822, -0.000348450237652, 0.000889104849193, -0.00323905353434, 0.0119555834681, -0.00407090596855, -0.00168402527925, 0.00236092344858, -0.00323227420449, 9.67343512457e-05], [0.00021310026932, -0.000670296314638, 0.000980904675089, -0.00100474513602, -0.00104728760198, -0.000365058920579, -0.00069084239658, -0.00407090596855, 0.0130814090371, -0.0038928638678, -0.000804600364063, 0.00303119327873, -0.00281318067573], [-6.09677117609e-05, 0.00106594443787, -0.00106476631481, 0.000395864102757, -0.000264041387709, 0.00021248482517, 0.00192978559062, -0.00168402527925, -0.0038928638678, 0.0135440416634, -0.00623170100152, 0.00113897316623, 0.00062951806467], [0.000291136908345, -0.00169614551123, 0.0010549693834, -0.00188461656217, 0.000127658699057, 0.000338656274835, -0.00290223490447, 0.00236092344858, -0.000804600364063, -0.00623170100152, 0.0183672904968, -0.00973227154464, 0.00132571707945], [-0.000288673152681, 0.00170587690081, -1.5233893464e-05, 0.0020300920587, -0.000782452290878, -0.00147471274249, 0.000877798011061, -0.00323227420449, 0.00303119327873, 0.00113897316623, -0.00973227154464, 0.0194661207497, -0.00671656196937], [0.000192430379684, -0.00102735427208, -1.50664536704e-05, -0.00131534773391, 0.000690354791004, 1.75020340976e-05, 4.13982488681e-05, 9.67343512457e-05, -0.00281318067573, 0.00062951806467, 0.00132571707945, -0.00671656196937, 0.0159670114517]]
    },
    "melbands": {
        "dmean": [0.00350920809433, 0.0017908582231, 0.000433013396105, 0.000303473876556, 0.000138200601214, 0.000181494819117, 0.000125343474792, 0.000108616368379, 0.000103694896097, 8.36346225697e-05, 6.72445676173e-05, 4.22321354563e-05, 5.90613599343e-05, 4.43138815172e-05, 4.91749706271e-05, 2.44209513767e-05, 2.17323140532e-05, 1.38757968671e-05, 2.5569303034e-05, 2.55452487181e-05, 1.54710705829e-05, 1.71289593709e-05, 1.8126285795e-05, 1.36082244353e-05, 8.64036064741e-06, 8.69506038725e-06, 8.4341463662e-06, 7.88065335655e-06, 1.06304987639e-05, 7.69635153119e-06, 7.79019046604e-06, 6.42650047666e-06, 5.47010131413e-06, 4.77262892673e-06, 4.06239496442e-06, 3.16302293868e-06, 3.06337597067e-06, 2.60721571976e-06, 2.15460204345e-06, 2.30742034546e-06],
        "dmean2": [0.00565691431984, 0.00292744883336, 0.000745465804357, 0.000481147901155, 0.000232799793594, 0.000297333172057, 0.000208084544283, 0.000180043512955, 0.00016773956304, 0.000135927577503, 0.000109090819024, 7.21649630577e-05, 0.000101268073195, 7.42007105146e-05, 8.20318382466e-05, 4.0994687879e-05, 3.72248759959e-05, 2.36798769038e-05, 4.31882726843e-05, 4.3429514335e-05, 2.60301494563e-05, 2.85433579847e-05, 3.19424434565e-05, 2.39641794906e-05, 1.46235406646e-05, 1.47805840243e-05, 1.42658054756e-05, 1.30723228722e-05, 1.78595837497e-05, 1.30960243041e-05, 1.32440654852e-05, 1.09123111542e-05, 9.07252797333e-06, 8.0108493421e-06, 6.86876092004e-06, 5.38941048944e-06, 5.29512908543e-06, 4.4654989324e-06, 3.73734860659e-06, 4.11998689742e-06],
        "dvar": [2.82191249426e-05, 1.2533170775e-05, 1.12191116841e-06, 8.09440450666e-07, 6.37745571908e-08, 7.56369118449e-08, 3.61758303313e-08, 3.18246264897e-08, 2.18051727785e-08, 1.6240575107e-08, 1.27947794581e-08, 7.02060187763e-09, 1.95280875914e-08, 8.83219097858e-09, 1.23593473234e-08, 2.14893658423e-09, 1.81549786316e-09, 8.59806503772e-10, 5.94389870656e-09, 6.89706602941e-09, 1.14624976177e-09, 1.27408639194e-09, 2.28363372656e-09, 1.2548022621e-09, 3.80115716681e-10, 4.71816197223e-10, 4.41623848602e-10, 3.73408526322e-10, 8.79825601263e-10, 4.01578742482e-10, 4.62133359358e-10, 3.20352550043e-10, 1.82726667131e-10, 1.32012456522e-10, 9.5364320607e-11, 6.41216038599e-11, 6.82433276555e-11, 5.02116091761e-11, 3.1803771422e-11, 3.98682198366e-11],
        "dvar2": [7.42752599763e-05, 3.48408648279e-05, 2.98322515846e-06, 1.54626320636e-06, 1.76015575448e-07, 2.02169971431e-07, 9.68924567246e-08, 7.96739456632e-08, 5.49419318929e-08, 3.97084178871e-08, 3.18234150143e-08, 1.90693505431e-08, 5.36291366871e-08, 2.33061800969e-08, 3.15369668158e-08, 5.62051782893e-09, 4.90495022376e-09, 2.20981277721e-09, 1.6728586516e-08, 1.95377189982e-08, 2.77245004732e-09, 3.07115732845e-09, 6.36677999211e-09, 3.49144846368e-09, 9.54121337493e-10, 1.19639498308e-09, 1.14854958877e-09, 9.52962375678e-10, 2.27545915443e-09, 1.02978547911e-09, 1.23144150432e-09, 8.49918690982e-10, 4.47518466729e-10, 3.29805766031e-10, 2.46963671735e-10, 1.66870184337e-10, 1.74109865414e-10, 1.31631816558e-10, 8.30368759863e-11, 1.09881749533e-10],
        "max": [0.0668288245797, 0.0622334033251, 0.0165583193302, 0.0121384263039, 0.00384816690348, 0.00444064801559, 0.00391870737076, 0.0037853566464, 0.00248222216032, 0.0025759767741, 0.00221003359184, 0.00135529588442, 0.00237917061895, 0.00198328774422, 0.00136016518809, 0.00131557718851, 0.00122074515093, 0.000746091769543, 0.00216283579357, 0.00241191755049, 0.000910671427846, 0.00117694947403, 0.000946133804973, 0.000637016550172, 0.000448430917459, 0.000427121063694, 0.00049397040857, 0.000599469058216, 0.000487008132041, 0.000421660835855, 0.000380639714422, 0.00025946230744, 0.000208939425647, 0.000176819026819, 0.000135980139021, 0.000147374230437, 0.000157769172802, 0.000133157256641, 0.000104976374132, 8.1067730207e-05],
        "mean": [0.00757879251614, 0.004050350748, 0.000422658922616, 0.000333358853823, 0.000218841465539, 0.000327494257363, 0.000219190987991, 0.000183458556421, 0.000162249227287, 0.000126039609313, 0.000100413933978, 5.90345152887e-05, 8.08016047813e-05, 6.93024121574e-05, 6.86721323291e-05, 3.81192367058e-05, 3.27242487401e-05, 1.87959667528e-05, 4.27781378676e-05, 4.39025243395e-05, 2.26646025112e-05, 2.38647953665e-05, 2.23322458623e-05, 1.60234685609e-05, 1.11452527563e-05, 1.07128353193e-05, 1.0981707419e-05, 1.12989719128e-05, 1.13114301712e-05, 9.23272455111e-06, 8.86253292265e-06, 7.31343970983e-06, 6.70388499202e-06, 5.62795412407e-06, 4.5478714128e-06, 3.55822203346e-06, 3.42636030837e-06, 2.848207032e-06, 2.43105591835e-06, 2.34020262724e-06],
        "median": [0.00555989239365, 0.0026942268014, 0.000136191214551, 7.52729756641e-05, 0.000134463465656, 0.000210090423934, 0.000130180589622, 9.65002545854e-05, 0.000100118602859, 6.871077494e-05, 5.08785269631e-05, 2.80772237602e-05, 2.61057575699e-05, 2.09242371056e-05, 2.14280080399e-05, 1.36640783239e-05, 1.21426564874e-05, 7.40532095733e-06, 7.98289420345e-06, 6.34746811556e-06, 5.23669314134e-06, 4.73443242299e-06, 3.43387159774e-06, 3.02262515106e-06, 2.45319779424e-06, 2.25570465773e-06, 1.82604139809e-06, 1.63473214343e-06, 1.26426186853e-06, 9.66926108958e-07, 8.2644834265e-07, 5.82848429076e-07, 4.96840470987e-07, 3.73273849164e-07, 2.68666809689e-07, 1.9800421569e-07, 1.46751730767e-07, 1.02513816103e-07, 8.28718498269e-08, 7.02427129795e-08],
        "min": [1.87692223675e-23, 9.43623976342e-24, 1.99840417347e-24, 4.79222665844e-24, 2.293723838e-23, 1.91980597774e-23, 8.38060661044e-24, 9.50596165681e-24, 5.25011702657e-24, 7.37217258314e-24, 1.43313717492e-23, 7.68495277661e-24, 3.84707741954e-24, 4.08849291679e-24, 1.27607488981e-23, 2.91687914583e-23, 6.44645732707e-24, 1.00720245766e-23, 8.70744667183e-24, 8.32327298871e-24, 1.11738589462e-23, 1.05782650184e-23, 8.36901272172e-24, 2.14545332879e-23, 3.18136590577e-23, 1.08541099555e-23, 1.89700805535e-23, 6.87213968773e-24, 5.95575823389e-24, 8.66355287334e-24, 6.96718243845e-24, 6.22510532364e-24, 7.16965305611e-24, 8.62077294645e-24, 5.87834297452e-24, 7.97405215458e-24, 8.31848854732e-24, 9.09993258231e-24, 8.65314622028e-24, 1.32663432629e-23],
        "var": [5.44397080375e-05, 1.92998450075e-05, 8.71791542068e-07, 1.10704002054e-06, 7.48543556028e-08, 1.35549697688e-07, 6.45764828278e-08, 7.30039388941e-08, 3.71849431247e-08, 2.81345045039e-08, 2.08072563623e-08, 8.50643555594e-09, 2.44979325714e-08, 1.92932425591e-08, 1.71256466786e-08, 4.39803082841e-09, 4.35736957627e-09, 1.24993959627e-09, 1.52337680248e-08, 1.72163368006e-08, 2.28354801735e-09, 2.15812279158e-09, 3.29149263401e-09, 1.25774202164e-09, 5.81501957697e-10, 5.2590182209e-10, 5.31793720171e-10, 5.75472003383e-10, 8.41569425258e-10, 4.70539607278e-10, 4.74678685247e-10, 3.26094040659e-10, 2.61216104303e-10, 2.05405276121e-10, 1.28808741451e-10, 8.03717301046e-11, 7.95943380649e-11, 6.02900090962e-11, 3.91106730335e-11, 4.04300169732e-11]
    },
    "mfcc": {
        "mean": [-658.428161621, 137.660705566, 2.5236825943, 25.8750114441, 0.941074192524, 9.46054935455, 5.13066959381, 7.21758794785, 8.15835094452, 8.3547372818, 8.14137840271, 10.106127739, 7.88834238052],
        "cov": [[8777.42089844, -3575.37451172, 516.208496094, 219.504455566, 273.618560791, 292.46862793, 20.921503067, 157.002365112, 79.4761886597, -58.4361152649, -127.859092712, -3.50213766098, 59.2965583801], [-3575.37451172, 3200.78393555, -647.633422852, 42.5724716187, -70.7240066528, -21.7815628052, 141.440505981, 76.7988891602, 61.0057144165, 112.894813538, 137.661132812, 83.5920181274, 25.1197872162], [516.208496094, -647.633422852, 661.345458984, -85.1056060791, 64.5376968384, 67.608795166, 33.3891792297, 22.0500679016, 24.4339523315, 6.36683034897, -23.4564857483, -35.5074653625, -8.93123245239], [219.504455566, 42.5724716187, -85.1056060791, 335.971374512, 35.1583251953, -3.70527386665, 4.0339140892, 0.188051044941, 26.1086521149, 40.1256713867, 35.4064025879, 22.7436161041, 19.3625488281], [273.618560791, -70.7240066528, 64.5376968384, 35.1583251953, 205.013763428, 78.1994171143, 48.8605918884, 41.5615081787, 45.5935935974, 23.6916866302, 16.9742336273, 28.8244609833, 26.7412548065], [292.46862793, -21.7815628052, 67.608795166, -3.70527386665, 78.1994171143, 189.0597229, 72.6044235229, 51.4597549438, 24.0709514618, 17.300359726, 11.5734395981, 26.8835334778, 21.8107738495], [20.921503067, 141.440505981, 33.3891792297, 4.0339140892, 48.8605918884, 72.6044235229, 143.334396362, 64.7543869019, 25.887046814, 3.73432612419, 20.3475284576, 28.0271530151, 21.3735580444], [157.002365112, 76.7988891602, 22.0500679016, 0.188051044941, 41.5615081787, 51.4597549438, 64.7543869019, 141.386871338, 53.8973121643, 7.91977882385, 6.66091823578, 25.9075126648, 12.3732728958], [79.4761886597, 61.0057144165, 24.4339523315, 26.1086521149, 45.5935935974, 24.0709514618, 25.887046814, 53.8973121643, 111.97379303, 52.7443275452, 6.26306772232, 5.04757976532, 25.4550628662], [-58.4361152649, 112.894813538, 6.36683034897, 40.1256713867, 23.6916866302, 17.300359726, 3.73432612419, 7.91977882385, 52.7443275452, 104.08895874, 42.6045570374, 2.55137729645, 9.85168361664], [-127.859092712, 137.661132812, -23.4564857483, 35.4064025879, 16.9742336273, 11.5734395981, 20.3475284576, 6.66091823578, 6.26306772232, 42.6045570374, 93.5171508789, 49.4394721985, 1.54099988937], [-3.50213766098, 83.5920181274, -35.5074653625, 22.7436161041, 28.8244609833, 26.8835334778, 28.0271530151, 25.9075126648, 5.04757976532, 2.55137729645, 49.4394721985, 103.639587402, 44.0358505249], [59.2965583801, 25.1197872162, -8.93123245239, 19.3625488281, 26.7412548065, 21.8107738495, 21.3735580444, 12.3732728958, 25.4550628662, 9.85168361664, 1.54099988937, 44.0358505249, 95.8527450562]],
