{
"lowlevel": {
    "average_loudness": 0.797925233841,
    "barkbands_crest": {
        "dmean": 2.30803060532,
        "dmean2": 3.64666509628,
        "dvar": 5.59377288818,
        "dvar2": 13.3157711029,
        "max": 26.6295890808,
        "mean": 12.2070608139,
        "median": 11.2447433472,
        "min": 2.64633178711,
        "var": 23.1043663025
    },
    "barkbands_flatness_db": {
        "dmean": 0.0311345346272,
        "dmean2": 0.0449158661067,
        "dvar": 0.0011632591486,
        "dvar2": 0.00252643646672,
        "max": 0.477254867554,
        "mean": 0.187533944845,
        "median": 0.182875216007,
        "min": 0.0271343383938,
        "var": 0.00458093546331
    },
    "barkbands_kurtosis": {
        "dmean": 6.88650178909,
        "dmean2": 10.4949550629,
        "dvar": 269.21295166,
        "dvar2": 579.891784668,
        "max": 639.151062012,
        "mean": 13.6588506699,
        "median": 7.50460243225,
        "min": -1.95965600014,
        "var": 669.242370605
    },
    "barkbands_skewness": {
        "dmean": 0.715815961361,
        "dmean2": 1.08386719227,
        "dvar": 0.85915184021,
        "dvar2": 1.96149551868,
        "max": 20.8495044708,
        "mean": 2.53220510483,
        "median": 2.3345272541,
        "min": -4.62195539474,
        "var": 3.23835897446
    },
    "barkbands_spread": {
        "dmean": 6.54141139984,
        "dmean2": 10.4663486481,
        "dvar": 112.356277466,
        "dvar2": 264.727752686,
        "max": 124.065307617,
        "mean": 16.5290927887,
        "median": 10.9581069946,
        "min": 0.18987223506,
        "var": 295.128601074
    },
    "dissonance": {
        "dmean": 0.02516775392,
        "dmean2": 0.0403772443533,
        "dvar": 0.00061360624386,
        "dvar2": 0.00149580754805,
        "max": 0.499876052141,
        "mean": 0.429951131344,
        "median": 0.438826858997,
        "min": 0.101886168122,
        "var": 0.00214411388151
    },
    "dynamic_complexity": 3.32579135895,
    "erbbands_crest": {
        "dmean": 2.59313035011,
        "dmean2": 3.9278626442,
        "dvar": 6.96491765976,
        "dvar2": 15.0833110809,
        "max": 32.3817100525,
        "mean": 12.5620861053,
        "median": 11.1728115082,
        "min": 2.41844153404,
        "var": 39.4567375183
    },
    "erbbands_flatness_db": {
        "dmean": 0.0244815982878,
        "dmean2": 0.0335584655404,
        "dvar": 0.000733504712116,
        "dvar2": 0.00136957596987,
        "max": 0.465795814991,
        "mean": 0.173729762435,
        "median": 0.16557469964,
        "min": 0.0331331267953,
        "var": 0.00388638768345
    },
    "erbbands_kurtosis": {
        "dmean": 2.50249099731,
        "dmean2": 3.70345377922,
        "dvar": 30.5541782379,
        "dvar2": 62.2327728271,
        "max": 159.073165894,
        "mean": 3.5498316288,
        "median": 0.778008937836,
        "min": -1.90118825436,
        "var": 90.0487823486
    },
    "erbbands_skewness": {
        "dmean": 0.526108086109,
        "dmean2": 0.769507348537,
        "dvar": 0.391931295395,
        "dvar2": 0.804739356041,
        "max": 10.1878795624,
        "mean": 1.10335206985,
        "median": 0.968807935715,
        "min": -6.24416255951,
        "var": 1.91533756256
    },
    "erbbands_spread": {
        "dmean": 11.18953228,
        "dmean2": 16.9881076813,
        "dvar": 191.781295776,
        "dvar2": 439.011993408,
        "max": 160.856643677,
        "mean": 40.6070098877,
        "median": 36.1847686768,
        "min": 0.799815654755,
        "var": 620.507019043
    },
    "hfc": {
        "dmean": 5.83157491684,
        "dmean2": 8.85902786255,
        "dvar": 126.507629395,
        "dvar2": 274.28503418,
        "max": 332.854522705,
        "mean": 16.5340862274,
        "median": 10.9692249298,
        "min": 1.16544348474e-16,
        "var": 357.199188232
    },
    "melbands_crest": {
        "dmean": 2.71389865875,
        "dmean2": 4.30982017517,
        "dvar": 7.69910669327,
        "dvar2": 17.5510959625,
        "max": 35.090713501,
        "mean": 16.6078586578,
        "median": 15.4165897369,
        "min": 2.28468132019,
        "var": 36.622718811
    },
    "melbands_flatness_db": {
        "dmean": 0.0354460850358,
        "dmean2": 0.0520276501775,
        "dvar": 0.00166571384761,
        "dvar2": 0.00369018502533,
        "max": 0.555962741375,
        "mean": 0.260340243578,
        "median": 0.257564008236,
        "min": 0.00568567216396,
        "var": 0.00621077092364
    },
    "melbands_kurtosis": {
        "dmean": 13.2728939056,
        "dmean2": 20.7304992676,
        "dvar": 652.266113281,
        "dvar2": 1575.90625,
        "max": 666.284606934,
        "mean": 30.2052249908,
        "median": 18.4156036377,
        "min": -1.90137028694,
        "var": 1756.78405762
    },
    "melbands_skewness": {
        "dmean": 0.915849387646,
        "dmean2": 1.39201533794,
        "dvar": 1.26774156094,
        "dvar2": 2.95298838615,
        "max": 20.2218513489,
        "mean": 3.61431622505,
        "median": 3.24790334702,
        "min": -2.11246967316,
        "var": 5.26959657669
    },
    "melbands_spread": {
        "dmean": 5.97850322723,
        "dmean2": 9.39207649231,
        "dvar": 150.972671509,
        "dvar2": 334.168273926,
        "max": 205.23588562,
        "mean": 14.8155441284,
        "median": 9.18330001831,
        "min": 0.255544155836,
        "var": 355.913482666
    },
    "pitch_salience": {
        "dmean": 0.0594956316054,
        "dmean2": 0.093765206635,
        "dvar": 0.0037670917809,
        "dvar2": 0.00903357751667,
        "max": 0.965339541435,
        "mean": 0.48698040843,
        "median": 0.497921347618,
        "min": 0.0560815781355,
        "var": 0.0157331023365
    },
    "silence_rate_20dB": {
        "dmean": 0,
        "dmean2": 0,
        "dvar": 0,
        "dvar2": 0,
        "max": 1,
        "mean": 1,
        "median": 1,
        "min": 1,
        "var": 0
    },
    "silence_rate_30dB": {
        "dmean": 0.00943738687783,
        "dmean2": 0.0188761427999,
        "dvar": 0.00934907235205,
        "dvar2": 0.0237479247153,
        "max": 1,
        "mean": 0.991434395313,
        "median": 1,
        "min": 0,
        "var": 0.00849307049066
    },
    "silence_rate_60dB": {
        "dmean": 0.0158257707953,
        "dmean2": 0.0316538400948,
        "dvar": 0.0155738610774,
        "dvar2": 0.0354465730488,
        "max": 1,
        "mean": 0.0706300809979,
        "median": 0,
        "min": 0,
        "var": 0.0656420588493
    },
    "spectral_centroid": {
        "dmean": 248.685348511,
        "dmean2": 384.347290039,
        "dvar": 157912.75,
        "dvar2": 342031.96875,
        "max": 10945.3134766,
        "mean": 924.557128906,
        "median": 698.597961426,
        "min": 154.590133667,
        "var": 462275.21875
    },
    "spectral_complexity": {
        "dmean": 2.62373876572,
        "dmean2": 4.21649503708,
        "dvar": 14.2968034744,
        "dvar2": 34.6646881104,
        "max": 47,
        "mean": 11.361571312,
        "median": 10,
        "min": 0,
        "var": 37.6183357239
    },
    "spectral_decrease": {
        "dmean": 2.02120942205e-09,
        "dmean2": 3.15955706043e-09,
        "dvar": 1.42165033794e-17,
        "dvar2": 3.45545998954e-17,
        "max": 9.10370166757e-18,
        "mean": -7.07554503876e-09,
        "median": -5.98852789579e-09,
        "min": -5.46843850202e-08,
        "var": 3.21421309476e-17
    },
    "spectral_energy": {
        "dmean": 0.00791196711361,
        "dmean2": 0.0122747151181,
        "dvar": 0.000208581244806,
        "dvar2": 0.000503082061186,
        "max": 0.208682119846,
        "mean": 0.0282043591142,
        "median": 0.0238990820944,
        "min": 1.10387487005e-20,
        "var": 0.000496124266647
    },
    "spectral_energyband_high": {
        "dmean": 0.000530056597199,
        "dmean2": 0.000824494811241,
        "dvar": 1.97390068024e-06,
        "dvar2": 4.13817497247e-06,
        "max": 0.0474394373596,
        "mean": 0.000843895657454,
        "median": 0.000209466816159,
        "min": 7.90511469816e-21,
        "var": 4.27551140092e-06
    },
    "spectral_energyband_low": {
        "dmean": 0.00474108709022,
        "dmean2": 0.00781987328082,
        "dvar": 0.000179898022907,
        "dvar2": 0.000448873994173,
        "max": 0.202323362231,
        "mean": 0.0094347409904,
        "median": 0.00697263982147,
        "min": 6.39817564756e-23,
        "var": 0.000201124319574
    },
    "spectral_energyband_middle_high": {
        "dmean": 0.000970004824921,
        "dmean2": 0.00137137202546,
        "dvar": 4.85135296913e-06,
        "dvar2": 8.48806757858e-06,
        "max": 0.109356485307,
        "mean": 0.00283051165752,
        "median": 0.00107286288403,
        "min": 1.78071851628e-21,
        "var": 3.72299255105e-05
    },
    "spectral_energyband_middle_low": {
        "dmean": 0.00411949399859,
        "dmean2": 0.00618121447042,
        "dvar": 3.81424106308e-05,
        "dvar2": 7.96356252977e-05,
        "max": 0.155515804887,
        "mean": 0.016429670155,
        "median": 0.0124876927584,
        "min": 3.9110103045e-22,
        "var": 0.000227291631745
    },
    "spectral_entropy": {
        "dmean": 0.315872818232,
        "dmean2": 0.441781491041,
        "dvar": 0.134152665734,
        "dvar2": 0.271083533764,
        "max": 9.80152893066,
        "mean": 7.07951545715,
        "median": 7.10055494308,
        "min": 4.16945886612,
        "var": 0.49920809269
    },
    "spectral_flux": {
        "dmean": 0.0243031531572,
        "dmean2": 0.0365077629685,
        "dvar": 0.000973879068624,
        "dvar2": 0.00202435278334,
        "max": 0.393576771021,
        "mean": 0.0630807429552,
        "median": 0.0516321584582,
        "min": 1.05065449396e-10,
        "var": 0.00224206945859
    },
    "spectral_kurtosis": {
        "dmean": 2.24042439461,
        "dmean2": 3.41895318031,
        "dvar": 11.6292171478,
        "dvar2": 24.8884773254,
        "max": 74.9434890747,
        "mean": 5.60932302475,
        "median": 3.90384459496,
        "min": -1.17582821846,
        "var": 34.2802581787
    },
    "spectral_rms": {
        "dmean": 0.000671033514664,
        "dmean2": 0.00101390387863,
        "dvar": 8.80946799953e-07,
        "dvar2": 1.94888866645e-06,
        "max": 0.0142685780302,
        "mean": 0.00483503844589,
        "median": 0.00482868310064,
        "min": 3.2816932765e-12,
        "var": 4.13897350882e-06
    },
    "spectral_rolloff": {
        "dmean": 465.345489502,
        "dmean2": 817.142822266,
        "dvar": 1450930.75,
        "dvar2": 3457771.25,
        "max": 20693.4082031,
        "mean": 1124.70495605,
        "median": 473.73046875,
        "min": 64.599609375,
        "var": 3632929.25
    },
    "spectral_skewness": {
        "dmean": 0.319897890091,
        "dmean2": 0.468053162098,
        "dvar": 0.152448117733,
        "dvar2": 0.307448655367,
        "max": 7.15037155151,
        "mean": 1.80601084232,
        "median": 1.6828186512,
        "min": -0.438498586416,
        "var": 0.680926918983
    },
    "spectral_spread": {
        "dmean": 879469.25,
        "dmean2": 1280313.375,
        "dvar": 1.27862557901e+12,
        "dvar2": 2.68543957402e+12,
        "max": 40193132,
        "mean": 5321980,
        "median": 5048817,
        "min": 1240575.5,
        "var": 3.52577991475e+12
    },
    "spectral_strongpeak": {
        "dmean": 0.358625888824,
        "dmean2": 0.593167543411,
        "dvar": 0.361245840788,
        "dvar2": 0.842346608639,
        "max": 15.3004350662,
        "mean": 1.12104189396,
        "median": 0.757735490799,
        "min": 0,
        "var": 1.48250734806
    },
    "zerocrossingrate": {
        "dmean": 0.0119401868433,
        "dmean2": 0.014761521481,
        "dvar": 0.000254323065747,
        "dvar2": 0.000317250669468,
        "max": 0.568359375,
        "mean": 0.0491979494691,
        "median": 0.0380859375,
        "min": 0.0048828125,
        "var": 0.00193400226999
    },
    "barkbands": {
        "dmean": [3.82127909688e-05, 0.00321316113696, 0.00187513208948, 0.000809835735708, 0.00171542784665, 0.00159434613306, 0.00101756118238, 0.000394780363422, 0.000203995034099, 0.000234954641201, 0.000167583290022, 0.000234261344303, 0.000197122019017, 0.0001099091387, 0.000107650863356, 6.72532842145e-05, 0.000102994890767, 9.061255696e-05, 0.000106619510916, 0.000104932420072, 0.000111221634143, 0.000116194685688, 0.000121767589008, 9.1125293693e-05, 7.71940976847e-05, 2.75203419733e-05, 4.92717299494e-06],
        "dmean2": [5.6821070757e-05, 0.00536255724728, 0.00324188009836, 0.0013214959763, 0.00252111675218, 0.00237693241797, 0.00152487773448, 0.000535154773388, 0.000296089536278, 0.000336099124979, 0.00024381307594, 0.000323357584421, 0.000283106317511, 0.000159558781888, 0.000158564304002, 0.000106442857941, 0.000164047756698, 0.000139790005051, 0.000166810845258, 0.000166028767126, 0.000178652189788, 0.000185776196304, 0.000187559111509, 0.000144299861859, 0.000133080684463, 4.79194895888e-05, 8.56240603753e-06],
        "dvar": [1.72074123839e-08, 9.06632558326e-05, 3.38791578542e-05, 2.0992588361e-06, 1.38578307087e-05, 1.4104798538e-05, 1.11741910587e-05, 2.14629562834e-06, 3.89113750998e-07, 4.31557168667e-07, 5.17742137163e-07, 1.73034459294e-06, 1.40181884944e-06, 1.95400573944e-07, 1.92031734514e-07, 4.30154756259e-08, 1.10486254812e-07, 1.0822578389e-07, 9.41859212844e-08, 1.17714080261e-07, 1.14850777777e-07, 1.81487536111e-07, 2.67544777444e-07, 7.45642978472e-08, 2.80882872516e-08, 5.04656094691e-09, 1.32212976678e-10],
        "dvar2": [3.39487762346e-08, 0.00022825045744, 9.44546918618e-05, 5.44156409887e-06, 2.75960592262e-05, 2.80018375634e-05, 2.47331299761e-05, 2.78491734207e-06, 8.20302261673e-07, 8.49985724471e-07, 1.10690007205e-06, 2.71786871053e-06, 2.37850986196e-06, 3.43359005228e-07, 3.44289503573e-07, 8.80229080735e-08, 2.4670666221e-07, 2.4333132842e-07, 2.21565954917e-07, 2.680817488e-07, 2.74768382269e-07, 4.28566352184e-07, 5.31542127646e-07, 1.53670072223e-07, 7.43302308592e-08, 1.40065647969e-08, 3.64354324489e-10],
        "max": [0.0019064724911, 0.115815274417, 0.0906960889697, 0.0317694842815, 0.108191758394, 0.105993300676, 0.136774554849, 0.140429720283, 0.0375742465258, 0.018963387236, 0.0402370132506, 0.0749923437834, 0.0848635360599, 0.0205175280571, 0.0201548859477, 0.0116118593141, 0.0195728186518, 0.018214488402, 0.0134004512802, 0.0122974710539, 0.0153896901757, 0.0126470895484, 0.028527110815, 0.0103923818097, 0.00338467117399, 0.0014020956587, 0.000232260848861],
        "mean": [4.1446153773e-05, 0.00477258302271, 0.00336049101315, 0.00216691591777, 0.00507619138807, 0.00458372011781, 0.0030197892338, 0.000994236324914, 0.00043103902135, 0.00053834944265, 0.000339159276336, 0.000558619736694, 0.000434235553257, 0.000189931699424, 0.000201805843972, 0.000107446918264, 0.000162157477462, 0.000144442368764, 0.000173082415131, 0.000153726505232, 0.000149741346831, 0.000145383935887, 0.000193402782315, 0.000154001361807, 8.34771126392e-05, 2.47227108048e-05, 4.27372742706e-06],
        "median": [4.01177931053e-06, 0.00245288340375, 0.00170717586298, 0.00123623455875, 0.0015993739944, 0.00107913045213, 0.000507475284394, 0.000286375841824, 0.000101445941254, 0.000117307936307, 5.98203732807e-05, 3.90346103813e-05, 4.4928110583e-05, 3.38884419762e-05, 3.5239085264e-05, 2.46500112553e-05, 5.00292626384e-05, 4.7768389777e-05, 5.81340791541e-05, 3.94401504309e-05, 2.9939776141e-05, 1.917753616e-05, 3.12340489472e-05, 1.98975321837e-05, 1.58901730174e-05, 4.1165139919e-06, 7.33213710191e-07],
        "min": [1.70861671158e-23, 4.86913696794e-23, 7.22625461492e-24, 1.14558112443e-23, 3.20750970281e-23, 5.53939137388e-23, 6.75040267283e-23, 4.54127659385e-23, 1.71225945036e-22, 1.74658285146e-23, 1.26769480463e-22, 1.4022569308e-22, 8.19581168354e-23, 6.14379451136e-23, 2.91588764233e-22, 1.52830251463e-22, 2.13315385132e-22, 3.03649955225e-22, 2.16444878384e-22, 3.67380677228e-22, 3.44059727437e-22, 4.18615842492e-22, 8.6781020559e-22, 9.17308766146e-22, 1.57539334549e-21, 1.52597071752e-21, 2.2540300107e-21],
        "var": [2.17085780463e-08, 9.11874740268e-05, 2.98230024782e-05, 6.28679117654e-06, 6.85634586262e-05, 7.21237593098e-05, 7.28077720851e-05, 1.70545972651e-05, 1.73877424459e-06, 1.82862549991e-06, 1.56587748279e-06, 7.19724630471e-06, 9.4169527074e-06, 5.42006034721e-07, 5.54390965135e-07, 1.11943826653e-07, 2.0342226037e-07, 1.75899145916e-07, 1.96974255573e-07, 1.93656916281e-07, 1.67404806461e-07, 2.52542122325e-07, 5.04793320033e-07, 2.34280008726e-07, 3.32245519985e-08, 3.75047637391e-09, 1.01034028366e-10]
    },
    "erbbands": {
        "dmean": [0.0637458190322, 0.846521019936, 2.21835827827, 2.3885948658, 2.67192625999, 6.47791576385, 13.3412322998, 12.2608356476, 15.0997972488, 10.3583698273, 7.52079343796, 5.46290683746, 5.46617794037, 7.07868814468, 7.60198163986, 10.1490631104, 9.14972114563, 5.97161865234, 6.41954851151, 3.39458250999, 3.91084814072, 4.91007757187, 4.60907316208, 5.85851240158, 4.55708122253, 4.92452192307, 4.52084970474, 4.68156194687, 4.13793325424, 3.51120471954, 3.63406062126, 2.40712332726, 1.30959677696, 1.10555648804, 0.399476587772, 0.155540898442, 0.0439533628523, 0.00886746495962, 0.000867661903612, 3.1405579648e-05],
        "dmean2": [0.102801337838, 1.44208323956, 3.84934568405, 3.98453474045, 4.20984983444, 9.46496105194, 19.9080410004, 18.0152263641, 22.6291065216, 14.5636968613, 10.4959602356, 7.71018218994, 8.00644683838, 9.8695306778, 11.015332222, 13.5037937164, 12.5460586548, 8.70999240875, 8.86734962463, 5.3159327507, 5.99672937393, 7.80826187134, 7.10618114471, 9.07812404633, 7.2014336586, 7.77393531799, 7.18896198273, 7.6555109024, 6.66218662262, 5.33763170242, 5.68853759766, 3.76023840904, 2.10544300079, 1.91669857502, 0.682636499405, 0.269860386848, 0.0767262428999, 0.0154559854418, 0.00150877807755, 5.21509718965e-05],
        "dvar": [0.0410127043724, 6.55755233765, 48.8316192627, 24.6439113617, 35.2674942017, 255.361709595, 1289.80371094, 1227.66821289, 2509.5949707, 1024.27416992, 475.194580078, 289.586608887, 224.087402344, 596.73260498, 1020.34411621, 2500.04101562, 2988.48876953, 384.692047119, 846.133239746, 59.8368682861, 152.192550659, 251.967605591, 255.742919922, 326.370697021, 127.855033875, 273.742828369, 193.703536987, 235.878036499, 224.055557251, 342.32510376, 205.42515564, 63.4402084351, 13.0919723511, 5.93320417404, 0.816919505596, 0.159446120262, 0.0132997967303, 0.000464081967948, 4.11984956372e-06, 4.15620382554e-09],
        "dvar2": [0.0970725044608, 17.3037605286, 137.09336853, 67.3825302124, 87.0143737793, 505.972381592, 2594.20629883, 2326.39501953, 5519.52392578, 1967.65612793, 725.552124023, 602.593139648, 440.56439209, 1045.18884277, 2137.39672852, 3461.9934082, 4420.47558594, 707.339477539, 1495.86413574, 127.56452179, 270.697296143, 539.585327148, 554.676513672, 697.109558105, 289.753631592, 623.488952637, 440.030090332, 584.329772949, 544.776977539, 768.553710938, 421.067199707, 130.135223389, 28.1685237885, 15.6509237289, 2.17680120468, 0.439499258995, 0.0370371304452, 0.00128915731329, 1.13161413537e-05, 1.11790265933e-08],
        "max": [3.00035738945, 33.0896263123, 100.046913147, 85.8348388672, 202.470428467, 595.855224609, 1286.01062012, 1174.67590332, 2195.72485352, 1972.29699707, 1529.96789551, 1155.24450684, 618.491394043, 1289.1529541, 1868.4987793, 3112.04638672, 4460.22216797, 899.015686035, 1571.95910645, 357.623718262, 735.416015625, 1148.67041016, 1103.26855469, 955.014343262, 418.288726807, 662.311157227, 474.366363525, 676.51953125, 434.743896484, 1225.76391602, 587.787414551, 275.246490479, 128.135757446, 55.1671447754, 16.508190155, 7.51674127579, 2.46773076057, 0.44029211998, 0.0388395301998, 0.00128345726989],
        "mean": [0.0863320156932, 1.25772571564, 3.86770820618, 6.07599449158, 7.32608509064, 18.4310741425, 39.6674003601, 35.9407234192, 46.14585495, 28.9971809387, 19.1033573151, 12.7420759201, 12.0736818314, 17.1345710754, 17.6469078064, 26.0643348694, 21.1501426697, 12.0631532669, 13.1283740997, 5.94673156738, 6.94885110855, 7.5439953804, 7.78399467468, 9.8639421463, 7.54017066956, 7.31697273254, 6.59136629105, 5.81751871109, 5.09096097946, 5.09097242355, 5.79205036163, 4.03531885147, 2.13305354118, 1.23126649857, 0.414516896009, 0.137653112411, 0.0405072085559, 0.00784358289093, 0.000762125477195, 5.7948869653e-05],
        "median": [0.0302831381559, 0.665210962296, 2.14881086349, 4.44909858704, 4.27068710327, 4.3543176651, 8.57380104065, 8.72518444061, 9.61709213257, 8.43699264526, 6.72841405869, 3.75894737244, 3.37381458282, 4.08076381683, 3.02311754227, 2.30758190155, 2.42059898376, 2.81062102318, 2.29636693001, 1.90812337399, 1.95654499531, 2.47085261345, 2.88123869896, 3.16694974899, 2.63966178894, 1.89402389526, 1.38971686363, 0.978660106659, 0.721097826958, 0.696359634399, 0.94858777523, 0.48724770546, 0.300812065601, 0.229284346104, 0.0771973803639, 0.020933162421, 0.00715438928455, 0.00142071465962, 0.000142822071211, 3.89260640077e-05],
        "min": [1.71351837139e-21, 9.53443189931e-21, 1.03991256373e-20, 2.2615549309e-20, 4.32636883051e-20, 1.30101913573e-19, 3.42152170992e-19, 4.2920072955e-19, 1.1965746587e-18, 5.76554813117e-19, 1.38703165057e-18, 4.76209905239e-18, 9.8598791643e-19, 2.25608838503e-18, 4.06141751656e-18, 6.64540153718e-18, 4.70550997233e-18, 4.00833733665e-18, 9.0654164401e-18, 1.21953934317e-17, 9.59035683736e-18, 1.27933730499e-17, 1.64052795285e-17, 1.05253240468e-17, 1.47298797917e-17, 1.6693176432e-17, 1.37457722636e-17, 1.4720469785e-17, 1.5415701855e-17, 1.64767396616e-17, 2.7415531592e-17, 1.8433460216e-17, 1.69525852352e-17, 1.62249376114e-17, 1.22200442412e-17, 5.83576046233e-18, 2.77197115458e-18, 1.17661334295e-18, 3.15728248216e-19, 3.25340797792e-20],
        "var": [0.042127199471, 6.00116634369, 40.3310203552, 45.5063934326, 127.882926941, 1241.96020508, 6299.62841797, 6892.69042969, 17272.1289062, 5929.99951172, 3162.42016602, 1399.88415527, 828.513305664, 2878.18530273, 3967.35180664, 13104.1220703, 22994.5253906, 1365.51220703, 2555.65185547, 175.091659546, 428.721954346, 485.088256836, 436.145477295, 809.716796875, 279.948974609, 446.923492432, 340.073272705, 297.755615234, 289.652679443, 481.826416016, 398.927368164, 170.627593994, 41.0747184753, 7.56384849548, 0.834648966789, 0.121593043208, 0.0100824264809, 0.000343428633641, 3.10677819471e-06, 4.64520999444e-09]
    },
    "gfcc": {
        "mean": [-36.8069000244, 88.27368927, -90.1837081909, 26.8553352356, -67.7097015381, 1.64342045784, -43.3073234558, 4.93587446213, -23.8496246338, 1.70275378227, -8.97807407379, -0.549237430096, -12.4062929153],
        "cov": [[11952.0126953, -223.556716919, -89.5915603638, 1139.05041504, 185.484344482, 678.358032227, 33.4716720581, 87.4771881104, -302.272979736, 43.1404075623, 19.0168800354, 90.1131210327, -71.6809844971], [-223.556716919, 1767.46520996, 287.439880371, -16.70429039, 452.645843506, 13.6368627548, 222.453887939, 1.80189812183, 43.4865570068, -82.9632568359, 49.3396949768, -102.282722473, 8.5558385849], [-89.5915603638, 287.439880371, 1163.38012695, 517.630615234, 271.874694824, 260.259429932, 98.9857788086, 76.5496520996, 58.3525390625, -41.5609169006, -129.803375244, -22.6192951202, -57.1379127502], [1139.05041504, -16.70429039, 517.630615234, 903.529174805, 269.959228516, 212.879653931, 112.310508728, 62.2847328186, 46.6532249451, -39.2221946716, -89.076675415, -35.5512390137, -46.5550079346], [185.484344482, 452.645843506, 271.874694824, 269.959228516, 593.543823242, 228.265548706, 154.42250061, 76.5289306641, 34.6879196167, 24.2973518372, -70.7408370972, -35.1726036072, -56.997795105], [678.358032227, 13.6368627548, 260.259429932, 212.879653931, 228.265548706, 463.292510986, 220.467895508, 27.9426383972, -2.40910863876, 31.0394897461, -52.6986923218, -27.4191131592, -44.3639602661], [33.4716720581, 222.453887939, 98.9857788086, 112.310508728, 154.42250061, 220.467895508, 318.445556641, 57.8793754578, 12.5114870071, 57.2165756226, -12.469294548, -10.1811990738, -22.3124008179], [87.4771881104, 1.80189812183, 76.5496520996, 62.2847328186, 76.5289306641, 27.9426383972, 57.8793754578, 184.884658813, 96.9638137817, 22.9804725647, -17.8368854523, 12.2807092667, -29.3781223297], [-302.272979736, 43.4865570068, 58.3525390625, 46.6532249451, 34.6879196167, -2.40910863876, 12.5114870071, 96.9638137817, 205.08026123, 60.3009147644, -25.138879776, 14.7723865509, -22.2082290649], [43.1404075623, -82.9632568359, -41.5609169006, -39.2221946716, 24.2973518372, 31.0394897461, 57.2165756226, 22.9804725647, 60.3009147644, 151.193283081, 20.5986804962, 31.8893718719, -8.9816904068], [19.0168800354, 49.3396949768, -129.803375244, -89.076675415, -70.7408370972, -52.6986923218, -12.469294548, -17.8368854523, -25.138879776, 20.5986804962, 141.24671936, 26.946554184, 22.2140712738], [90.1131210327, -102.282722473, -22.6192951202, -35.5512390137, -35.1726036072, -27.4191131592, -10.1811990738, 12.2807092667, 14.7723865509, 31.8893718719, 26.946554184, 104.239135742, 29.1912727356], [-71.6809844971, 8.5558385849, -57.1379127502, -46.5550079346, -56.997795105, -44.3639602661, -22.3124008179, -29.3781223297, -22.2082290649, -8.9816904068, 22.2140712738, 29.1912727356, 106.854743958]],
        "icov": [[0.00018446437025, -0.000299855542835, 0.000300540035823, -0.000470265018521, 0.00038759157178, -0.00063857837813, 0.00070924020838, -0.000575565907639, 0.000787498720456, -0.000600404979195, 0.000295853649732, -0.00051723868819, 0.000228047792916], [-0.000299855542835, 0.00197182223201, -0.0010393805569, 0.00142323970795, -0.00211842497811, 0.00218909885734, -0.00285332277417, 0.00204063253477, -0.0026122906711, 0.00271853082813, -0.00205522496253, 0.00215294677764, -0.00102593773045], [0.000300540035823, -0.0010393805569, 0.00201129238121, -0.00154705846217, 0.00103519193362, -0.00191433203872, 0.00193600961939, -0.00148113979958, 0.00160051509738, -0.00125418126117, 0.00164326361846, -0.00164684175979, 0.000776226632297], [-0.000470265018521, 0.00142323970795, -0.00154705846217, 0.00313961412758, -0.00200797454454, 0.00192458578385, -0.00272842845879, 0.00196178397164, -0.00289737572894, 0.00283595966175, -0.00133568537422, 0.00198722328059, -0.000820193672553], [0.00038759157178, -0.00211842497811, 0.00103519193362, -0.00200797454454, 0.00474884873256, -0.00309950765222, 0.0028282541316, -0.00291303754784, 0.00317922327667, -0.00338589865714, 0.00267996801995, -0.00199750252068, 0.00150895293336], [-0.00063857837813, 0.00218909885734, -0.00191433203872, 0.00192458578385, -0.00309950765222, 0.00709295924753, -0.00601464184001, 0.00341622461565, -0.0033374580089, 0.00305750383995, -0.00172251241747, 0.00294941896573, -0.000698221498169], [0.00070924020838, -0.00285332277417, 0.00193600961939, -0.00272842845879, 0.0028282541316, -0.00601464184001, 0.010093498975, -0.00505579635501, 0.00536745926365, -0.00603528926149, 0.00258954963647, -0.0028709336184, 0.00113403354771], [-0.000575565907639, 0.00204063253477, -0.00148113979958, 0.00196178397164, -0.00291303754784, 0.00341622461565, -0.00505579635501, 0.0108897117898, -0.00721498066559, 0.00436528585851, -0.00220684357919, 0.00115234823897, 0.000327343499521], [0.000787498720456, -0.0026122906711, 0.00160051509738, -0.00289737572894, 0.00317922327667, -0.0033374580089, 0.00536745926365, -0.00721498066559, 0.0124090071768, -0.00740971509367, 0.00400246772915, -0.00335128349252, 0.00181792012881], [-0.000600404979195, 0.00271853082813, -0.00125418126117, 0.00283595966175, -0.00338589865714, 0.00305750383995, -0.00603528926149, 0.00436528585851, -0.00740971509367, 0.0135989692062, -0.00411239080131, 0.000483934767544, -0.000326447014231], [0.000295853649732, -0.00205522496253, 0.00164326361846, -0.00133568537422, 0.00267996801995, -0.00172251241747, 0.00258954963647, -0.00220684357919, 0.00400246772915, -0.00411239080131, 0.0110132759437, -0.00370843335986, 0.000517877924722], [-0.00051723868819, 0.00215294677764, -0.00164684175979, 0.00198722328059, -0.00199750252068, 0.00294941896573, -0.0028709336184, 0.00115234823897, -0.00335128349252, 0.000483934767544, -0.00370843335986, 0.0147229181603, -0.00456477701664], [0.000228047792916, -0.00102593773045, 0.000776226632297, -0.000820193672553, 0.00150895293336, -0.000698221498169, 0.00113403354771, 0.000327343499521, 0.00181792012881, -0.000326447014231, 0.000517877924722, -0.00456477701664, 0.011982915923]]
    },
    "melbands": {
        "dmean": [0.000733745691832, 0.00113850994967, 0.000395117938751, 0.000297453341773, 0.000428914267104, 0.000274061429081, 0.000231982849073, 0.000106543862785, 5.60620719625e-05, 3.44240761478e-05, 2.76718983514e-05, 2.96508824249e-05, 2.27063683269e-05, 2.93799039355e-05, 1.9885290385e-05, 2.0208866772e-05, 1.09693073682e-05, 1.09204156615e-05, 6.119214504e-06, 5.08222728968e-06, 4.94987170896e-06, 5.21600350112e-06, 5.39400980415e-06, 4.04451611757e-06, 5.19094601259e-06, 3.64905963579e-06, 3.32182480633e-06, 3.43264673575e-06, 3.13229406856e-06, 2.47366278927e-06, 2.96318489745e-06, 2.52658969657e-06, 2.13552766581e-06, 2.00523300009e-06, 2.26543897952e-06, 1.75901470811e-06, 1.54771873895e-06, 1.03949128061e-06, 8.80566460637e-07, 9.43685790844e-07],
        "dmean2": [0.00120677810628, 0.00196256954223, 0.000654705218039, 0.000450608204119, 0.000629969814327, 0.000402806821512, 0.000346847111359, 0.000148663544678, 7.92222926975e-05, 4.86801654915e-05, 4.07100960729e-05, 4.14391834056e-05, 3.29902613885e-05, 4.04026941396e-05, 2.70721702691e-05, 2.87257480522e-05, 1.61663283507e-05, 1.50448722707e-05, 9.31625254452e-06, 8.08677941677e-06, 7.56532881496e-06, 8.32906789583e-06, 8.5805895651e-06, 6.31918237559e-06, 8.07746619103e-06, 5.78081699132e-06, 5.38837912245e-06, 5.42833868167e-06, 5.01991098645e-06, 3.97929261453e-06, 4.92872413815e-06, 4.14356827605e-06, 3.34875676344e-06, 3.0678256735e-06, 3.56107761945e-06, 2.81703069049e-06, 2.4689197744e-06, 1.67917471572e-06, 1.48951596657e-06, 1.64988773577e-06],
        "dvar": [4.82847281091e-06, 1.23321833598e-05, 6.24818653705e-07, 4.91386799695e-07, 1.13457247153e-06, 5.33442346295e-07, 5.43009036846e-07, 1.18142111205e-07, 2.59785792878e-08, 1.22992416252e-08, 5.9535114616e-09, 1.05531618999e-08, 9.41212618955e-09, 2.66313477937e-08, 1.4519053515e-08, 1.04089812325e-08, 1.69623193269e-09, 2.76225375906e-09, 3.85035059391e-10, 1.72676400956e-10, 3.29449079128e-10, 3.56897233988e-10, 3.23564203208e-10, 2.02965311225e-10, 2.82791290385e-10, 8.63627364067e-11, 1.14205346569e-10, 1.4142564897e-10, 1.07506233082e-10, 7.61025964469e-11, 9.1077090314e-11, 8.6362979268e-11, 7.95174551205e-11, 1.28825464185e-10, 8.14339984334e-11, 4.19061417511e-11, 2.97571654817e-11, 1.01398681118e-11, 4.00356527444e-12, 4.35094842099e-12],
        "dvar2": [1.15927996376e-05, 3.38056343026e-05, 1.67551809227e-06, 1.05141157292e-06, 2.20783226723e-06, 1.01736873148e-06, 1.19640344565e-06, 2.03959260148e-07, 4.18905230504e-08, 2.53743959178e-08, 1.17513563325e-08, 1.90646822773e-08, 1.96848350953e-08, 3.87482828046e-08, 1.99169249981e-08, 1.75526153612e-08, 3.14403036938e-09, 4.93179985739e-09, 7.1106737165e-10, 3.78196945983e-10, 5.79733649975e-10, 7.79748543511e-10, 6.75153599694e-10, 4.63802857231e-10, 6.0737204155e-10, 1.9432352949e-10, 2.86476259381e-10, 3.17570747477e-10, 2.52258269828e-10, 1.88740703622e-10, 2.3028413898e-10, 2.19113754918e-10, 1.80906789549e-10, 2.93378654703e-10, 1.68604380457e-10, 9.01340668769e-11, 6.51422873976e-11, 2.3195610363e-11, 9.77497943699e-12, 1.17232196173e-11],
        "max": [0.0291708223522, 0.0524615608156, 0.0133908670396, 0.0209314152598, 0.0391626320779, 0.0235732086003, 0.0324144437909, 0.02685084939, 0.00991715304554, 0.00755558023229, 0.00309987855144, 0.00484037771821, 0.00603250646964, 0.0110207693651, 0.0110749490559, 0.00812278222293, 0.00202576839365, 0.00281049730256, 0.00117545411922, 0.000491561600938, 0.00127442984376, 0.00111164560076, 0.00101701763924, 0.000701289041899, 0.000951802358031, 0.000209964608075, 0.000354145595338, 0.000413978705183, 0.000375601317501, 0.000429133564467, 0.000333194620907, 0.000288009789074, 0.000287855800707, 0.000775918830186, 0.000391661480535, 0.000248364493018, 0.000163772536325, 0.000124449070427, 4.6175558964e-05, 4.62003590656e-05],
        "mean": [0.00107645837124, 0.00196743803099, 0.00107031490188, 0.000840450346004, 0.00130714522675, 0.00079682120122, 0.000705174985342, 0.000289403455099, 0.000132718676468, 7.72132989368e-05, 5.8820231061e-05, 6.99065931258e-05, 4.68688631372e-05, 7.50488470658e-05, 4.82542527607e-05, 4.0686049033e-05, 1.98804209504e-05, 2.11991900869e-05, 1.066747609e-05, 8.28062457003e-06, 8.43831548991e-06, 7.80496429797e-06, 8.09543962532e-06, 6.51032496535e-06, 8.3074610302e-06, 5.82565144214e-06, 4.69673932457e-06, 4.9062796279e-06, 4.43802309746e-06, 3.24576649291e-06, 3.43756846632e-06, 2.92178037853e-06, 2.71109433925e-06, 2.83675285573e-06, 3.49468427885e-06, 2.67696941592e-06, 2.50452330874e-06, 1.61542845944e-06, 1.12385373541e-06, 9.88517285805e-07],
        "median": [0.000524635543115, 0.00134003325365, 0.000788572942838, 0.000320390536217, 0.000310951203573, 0.000189878206584, 0.000139792158734, 8.92393727554e-05, 4.2125760956e-05, 1.83214378922e-05, 1.48209819599e-05, 1.34290794449e-05, 7.57128373152e-06, 7.83384166425e-06, 3.89555225411e-06, 4.86960834678e-06, 3.89750857721e-06, 2.97728820442e-06, 2.17612864617e-06, 1.80618781087e-06, 2.01295620172e-06, 2.31796684602e-06, 2.72903571386e-06, 2.04879393095e-06, 2.36180176216e-06, 1.88492697362e-06, 1.38607401823e-06, 1.13643682198e-06, 8.91462264008e-07, 5.55827114113e-07, 4.98655708725e-07, 3.96813504722e-07, 3.04836902387e-07, 3.55877887159e-07, 5.66683866055e-07, 3.47111011934e-07, 2.63067505557e-07, 1.95257570113e-07, 1.91172929931e-07, 1.82752387445e-07],
        "min": [1.4626172225e-23, 8.07457748859e-24, 4.76127333424e-24, 5.33653673874e-24, 1.11605784728e-23, 1.09595183385e-23, 1.66978550684e-23, 7.7025120315e-24, 1.50546499142e-23, 2.76238263081e-23, 3.52350600331e-24, 7.60888686383e-24, 1.6761025472e-23, 1.0503433673e-23, 1.78788334861e-23, 8.7662988508e-24, 6.31667274765e-24, 1.14585517471e-23, 2.09707580269e-23, 1.24711880365e-23, 9.81605972321e-24, 1.01532748832e-23, 1.93191767476e-23, 1.31129674036e-23, 7.16574977235e-24, 1.1276370632e-23, 1.0253307968e-23, 1.15480338173e-23, 9.22871491395e-24, 8.27436361259e-24, 8.97930628357e-24, 9.13371476171e-24, 7.23944910242e-24, 9.55453655591e-24, 1.67217070667e-23, 1.28719893298e-23, 1.12941113249e-23, 1.09155275101e-23, 1.25848747258e-23, 1.41951875357e-23],
        "var": [5.09584197061e-06, 1.05502977021e-05, 1.28365866203e-06, 2.65288986157e-06, 5.72752560402e-06, 3.00277133647e-06, 3.81941663363e-06, 7.96789663582e-07, 1.5113067775e-07, 5.91634510272e-08, 2.12209148032e-08, 5.08452870918e-08, 3.09263654685e-08, 1.19843278412e-07, 9.75713376761e-08, 5.29559009976e-08, 5.35050803663e-09, 8.00619393004e-09, 1.35615119135e-09, 4.67490934852e-10, 8.36351043976e-10, 6.13482542544e-10, 6.13458062126e-10, 3.23582605155e-10, 6.9130001723e-10, 1.8664454704e-10, 1.56342438995e-10, 2.31075811263e-10, 1.73689437832e-10, 9.88609957786e-11, 1.1136044864e-10, 9.81530134947e-11, 1.15935296086e-10, 1.72293151968e-10, 1.5357418115e-10, 7.97966553945e-11, 7.72659852766e-11, 2.62947857932e-11, 8.76510062447e-12, 4.59141058506e-12]
    },
    "mfcc": {
        "mean": [-688.302062988, 120.294197083, 26.0897102356, 24.1493873596, 1.00011003017, -6.30890750885, -5.09805393219, -3.41902899742, -10.3331680298, -1.48197245598, -0.987875461578, 0.614532291889, -0.0216769427061],
        "cov": [[8176.04248047, -674.143432617, 49.7852706909, 481.619537354, 355.614807129, 554.736633301, 518.965576172, 248.95211792, -2.67621541023, 93.9408111572, -108.763191223, 87.4078674316, -54.8442878723], [-674.143432617, 1867.43566895, 5.98303985596, 92.8154296875, 203.781082153, 75.1384506226, 188.948425293, 89.3734741211, 59.358039856, 50.8179359436, 68.9525375366, -47.2025184631, 90.8730926514], [49.7852706909, 5.98303985596, 957.177978516, 302.793182373, 226.0806427, 228.757400513, 75.6054534912, 150.368423462, 130.570587158, 13.0345916748, 16.8650665283, 28.5197467804, -49.1931533813], [481.619537354, 92.8154296875, 302.793182373, 649.428039551, 289.105743408, 173.951339722, 91.4535598755, 137.519104004, 125.488601685, 38.1649093628, 36.5950088501, -3.70905065536, 10.9215431213], [355.614807129, 203.781082153, 226.0806427, 289.105743408, 466.071075439, 176.801483154, 95.4485244751, 131.232009888, 109.551475525, 48.4902114868, 25.8667430878, 0.650216579437, 4.41133213043], [554.736633301, 75.1384506226, 228.757400513, 173.951339722, 176.801483154, 492.106109619, 249.489181519, 131.547225952, 158.469085693, 57.4482002258, 49.2176399231, 22.1600036621, 23.0132389069], [518.965576172, 188.948425293, 75.6054534912, 91.4535598755, 95.4485244751, 249.489181519, 346.600463867, 105.124229431, 49.1013412476, 46.174041748, 21.6714878082, 17.5925827026, -18.6053619385], [248.95211792, 89.3734741211, 150.368423462, 137.519104004, 131.232009888, 131.547225952, 105.124229431, 211.245651245, 123.340835571, 47.168296814, 35.8216552734, 30.8983287811, 35.5679206848], [-2.67621541023, 59.358039856, 130.570587158, 125.488601685, 109.551475525, 158.469085693, 49.1013412476, 123.340835571, 255.251983643, 63.4032592773, 60.3256111145, 20.4186630249, 63.1103248596], [93.9408111572, 50.8179359436, 13.0345916748, 38.1649093628, 48.4902114868, 57.4482002258, 46.174041748, 47.168296814, 63.4032592773, 128.01411438, 32.026096344, 13.7917461395, 29.0973434448], [-108.763191223, 68.9525375366, 16.8650665283, 36.5950088501, 25.8667430878, 49.2176399231, 21.6714878082, 35.8216552734, 60.3256111145, 32.026096344, 146.607437134, 44.2662734985, 39.4985923767], [87.4078674316, -47.2025184631, 28.5197467804, -3.70905065536, 0.650216579437, 22.1600036621, 17.5925827026, 30.8983287811, 20.4186630249, 13.7917461395, 44.2662734985, 125.53553772, 41.0698623657], [-54.8442878723, 90.8730926514, -49.1931533813, 10.9215431213, 4.41133213043, 23.0132389069, -18.6053619385, 35.5679206848, 63.1103248596, 29.0973434448, 39.4985923767, 41.0698623657, 167.365951538]],
