{
"lowlevel": {
    "average_loudness": 0.848049223423,
    "barkbands_crest": {
        "dmean": 2.16702842712,
        "dmean2": 3.37433719635,
        "dvar": 5.83782339096,
        "dvar2": 13.1029901505,
        "max": 26.8829860687,
        "mean": 14.6609191895,
        "median": 14.2959356308,
        "min": 2.80336809158,
        "var": 22.6618824005
    },
    "barkbands_flatness_db": {
        "dmean": 0.0277335066348,
        "dmean2": 0.0401410534978,
        "dvar": 0.00103003077675,
        "dvar2": 0.00199592276476,
        "max": 0.626231193542,
        "mean": 0.30385479331,
        "median": 0.283852368593,
        "min": 0.0262360107154,
        "var": 0.01695503667
    },
    "barkbands_kurtosis": {
        "dmean": 6.82355356216,
        "dmean2": 9.9577331543,
        "dvar": 351.252624512,
        "dvar2": 679.42980957,
        "max": 706.199035645,
        "mean": 13.8955907822,
        "median": 3.87008523941,
        "min": -1.94501829147,
        "var": 1263.3828125
    },
    "barkbands_skewness": {
        "dmean": 0.694278180599,
        "dmean2": 1.00817298889,
        "dvar": 0.92647010088,
        "dvar2": 1.91395497322,
        "max": 19.2693138123,
        "mean": 1.9043033123,
        "median": 1.61100435257,
        "min": -3.21663689613,
        "var": 4.94928264618
    },
    "barkbands_spread": {
        "dmean": 5.1991815567,
        "dmean2": 7.67127752304,
        "dvar": 125.314353943,
        "dvar2": 251.068389893,
        "max": 123.173301697,
        "mean": 12.9204216003,
        "median": 5.52435588837,
        "min": 0.102896593511,
        "var": 340.660614014
    },
    "dissonance": {
        "dmean": 0.0402686335146,
        "dmean2": 0.0671485885978,
        "dvar": 0.00158003286924,
        "dvar2": 0.00407213484868,
        "max": 0.500000059605,
        "mean": 0.372299283743,
        "median": 0.387910097837,
        "min": 0.0439791791141,
        "var": 0.00693453662097
    },
    "dynamic_complexity": 4.54817581177,
    "erbbands_crest": {
        "dmean": 2.52248620987,
        "dmean2": 3.75981473923,
        "dvar": 8.73044490814,
        "dvar2": 17.7518196106,
        "max": 33.1309394836,
        "mean": 17.2095050812,
        "median": 16.0680427551,
        "min": 2.6267645359,
        "var": 56.1239318848
    },
    "erbbands_flatness_db": {
        "dmean": 0.0220967885107,
        "dmean2": 0.0309433769435,
        "dvar": 0.000792520353571,
        "dvar2": 0.00140897324309,
        "max": 0.612196743488,
        "mean": 0.292233705521,
        "median": 0.267727464437,
        "min": 0.0395807735622,
        "var": 0.0192790031433
    },
    "erbbands_kurtosis": {
        "dmean": 3.5223531723,
        "dmean2": 5.16177606583,
        "dvar": 54.2563056946,
        "dvar2": 107.954109192,
        "max": 160.500015259,
        "mean": 7.66944408417,
        "median": 2.44189977646,
        "min": -1.88210916519,
        "var": 236.025161743
    },
    "erbbands_skewness": {
        "dmean": 0.543931722641,
        "dmean2": 0.794043600559,
        "dvar": 0.48828497529,
        "dvar2": 1.00703942776,
        "max": 9.79964160919,
        "mean": 0.935633003712,
        "median": 0.773989021778,
        "min": -4.2528719902,
        "var": 3.76957249641
    },
    "erbbands_spread": {
        "dmean": 7.90688419342,
        "dmean2": 11.7081794739,
        "dvar": 208.117324829,
        "dvar2": 416.934539795,
        "max": 176.545578003,
        "mean": 25.1306037903,
        "median": 12.3300933838,
        "min": 0.52840679884,
        "var": 800.484924316
    },
    "hfc": {
        "dmean": 8.81198406219,
        "dmean2": 13.0878362656,
        "dvar": 708.766662598,
        "dvar2": 1549.22216797,
        "max": 792.587341309,
        "mean": 18.4508285522,
        "median": 10.0741710663,
        "min": 1.06375830438e-16,
        "var": 1160.43713379
    },
    "melbands_crest": {
        "dmean": 2.45857214928,
        "dmean2": 3.77784800529,
        "dvar": 7.24327468872,
        "dvar2": 16.5220794678,
        "max": 34.4386024475,
        "mean": 17.8970413208,
        "median": 18.0820484161,
        "min": 1.00231182575,
        "var": 32.1996421814
    },
    "melbands_flatness_db": {
        "dmean": 0.031206836924,
        "dmean2": 0.0445320084691,
        "dvar": 0.00139772926923,
        "dvar2": 0.00263987504877,
        "max": 0.782302320004,
        "mean": 0.387819886208,
        "median": 0.367441475391,
        "min": -6.90292125682e-08,
        "var": 0.0215747505426
    },
    "melbands_kurtosis": {
        "dmean": 9.13617992401,
        "dmean2": 13.6034460068,
        "dvar": 361.909790039,
        "dvar2": 795.406494141,
        "max": 403.880065918,
        "mean": 19.7430896759,
        "median": 8.14518451691,
        "min": -1.89012169838,
        "var": 977.366882324
    },
    "melbands_skewness": {
        "dmean": 0.741410136223,
        "dmean2": 1.07974910736,
        "dvar": 0.949720978737,
        "dvar2": 1.91215991974,
        "max": 16.4342079163,
        "mean": 2.37657165527,
        "median": 2.08588695526,
        "min": -1.9677144289,
        "var": 5.16144609451
    },
    "melbands_spread": {
        "dmean": 4.27581548691,
        "dmean2": 6.47851514816,
        "dvar": 143.06338501,
        "dvar2": 302.881256104,
        "max": 242.78855896,
        "mean": 12.0249910355,
        "median": 7.10278224945,
        "min": 0.318109214306,
        "var": 416.392578125
    },
    "pitch_salience": {
        "dmean": 0.0539165660739,
        "dmean2": 0.083872333169,
        "dvar": 0.00416960287839,
        "dvar2": 0.00909293349832,
        "max": 0.996034443378,
        "mean": 0.434685379267,
        "median": 0.443143993616,
        "min": 0.0427318513393,
        "var": 0.0180455800146
    },
    "silence_rate_20dB": {
        "dmean": 0,
        "dmean2": 0,
        "dvar": 0,
        "dvar2": 0,
        "max": 1,
        "mean": 1,
        "median": 1,
        "min": 1,
        "var": 0
    },
    "silence_rate_30dB": {
        "dmean": 0.00414593704045,
        "dmean2": 0.00829256139696,
        "dvar": 0.00412927567959,
        "dvar2": 0.0113761946559,
        "max": 1,
        "mean": 0.997429728508,
        "median": 1,
        "min": 0,
        "var": 0.00256336922757
    },
    "silence_rate_60dB": {
        "dmean": 0.00945273600519,
        "dmean2": 0.0189070403576,
        "dvar": 0.00936462637037,
        "dvar2": 0.0228574872017,
        "max": 1,
        "mean": 0.107619598508,
        "median": 0,
        "min": 0,
        "var": 0.0960506349802
    },
    "spectral_centroid": {
        "dmean": 188.3152771,
        "dmean2": 280.257141113,
        "dvar": 153803.28125,
        "dvar2": 313050.90625,
        "max": 11846.8046875,
        "mean": 869.682861328,
        "median": 564.66418457,
        "min": 175.167648315,
        "var": 1384776.625
    },
    "spectral_complexity": {
        "dmean": 1.81326699257,
        "dmean2": 2.89841604233,
        "dvar": 9.04565811157,
        "dvar2": 20.2989501953,
        "max": 44,
        "mean": 8.56579017639,
        "median": 8,
        "min": 0,
        "var": 25.4205627441
    },
    "spectral_decrease": {
        "dmean": 1.89176008192e-09,
        "dmean2": 2.86909918046e-09,
        "dvar": 1.19225843026e-17,
        "dvar2": 2.74763756891e-17,
        "max": 1.88383742138e-28,
        "mean": -6.69781075047e-09,
        "median": -6.04998762199e-09,
        "min": -5.39300657465e-08,
        "var": 3.07032535808e-17
    },
    "spectral_energy": {
        "dmean": 0.00764477206394,
        "dmean2": 0.0115664964542,
        "dvar": 0.000183586365893,
        "dvar2": 0.000426784012234,
        "max": 0.205987989902,
        "mean": 0.026952713728,
        "median": 0.024728635326,
        "min": 9.9267239204e-21,
        "var": 0.000477145542391
    },
    "spectral_energyband_high": {
        "dmean": 0.00068200554233,
        "dmean2": 0.00101436278783,
        "dvar": 7.86314831203e-06,
        "dvar2": 1.71290721482e-05,
        "max": 0.0877848416567,
        "mean": 0.000850538664963,
        "median": 3.04632339976e-05,
        "min": 6.91516448966e-21,
        "var": 1.13036112452e-05
    },
    "spectral_energyband_low": {
        "dmean": 0.00285566761158,
        "dmean2": 0.00434971088544,
        "dvar": 7.41813928471e-05,
        "dvar2": 0.000167707446963,
        "max": 0.196982443333,
        "mean": 0.0072027137503,
        "median": 0.000151258311234,
        "min": 1.77542092403e-23,
        "var": 0.00015948980581
    },
    "spectral_energyband_middle_high": {
        "dmean": 0.000937524018809,
        "dmean2": 0.00143729976844,
        "dvar": 6.22187417321e-06,
        "dvar2": 1.41184664244e-05,
        "max": 0.0624814666808,
        "mean": 0.00230226805434,
        "median": 0.000857336970512,
        "min": 1.06423753024e-21,
        "var": 1.79793769348e-05
    },
    "spectral_energyband_middle_low": {
        "dmean": 0.00497233308852,
        "dmean2": 0.00747656263411,
        "dvar": 0.000107876687252,
        "dvar2": 0.000250316865277,
        "max": 0.200773701072,
        "mean": 0.0173943825066,
        "median": 0.00934761948884,
        "min": 1.60542976088e-22,
        "var": 0.000317642668961
    },
    "spectral_entropy": {
        "dmean": 0.275629192591,
        "dmean2": 0.388207763433,
        "dvar": 0.128868624568,
        "dvar2": 0.229517519474,
        "max": 9.82406902313,
        "mean": 6.18402147293,
        "median": 6.21118736267,
        "min": 3.08736395836,
        "var": 1.50473082066
    },
    "spectral_flux": {
        "dmean": 0.0249501615763,
        "dmean2": 0.0396424382925,
        "dvar": 0.00109638157301,
        "dvar2": 0.00264132698067,
        "max": 0.426617205143,
        "mean": 0.0565549507737,
        "median": 0.0419292934239,
        "min": 6.37161504113e-11,
        "var": 0.0025418472942
    },
    "spectral_kurtosis": {
        "dmean": 18.2914962769,
        "dmean2": 30.3263931274,
        "dvar": 1193.2989502,
        "dvar2": 3367.63500977,
        "max": 486.428436279,
        "mean": 68.4481887817,
        "median": 10.13078022,
        "min": -1.39054715633,
        "var": 10006.8759766
    },
    "spectral_rms": {
        "dmean": 0.000647091888823,
        "dmean2": 0.000962504360359,
        "dvar": 8.93964283932e-07,
        "dvar2": 1.93600271814e-06,
        "max": 0.014176174067,
        "mean": 0.00461224280298,
        "median": 0.0049117715098,
        "min": 3.11201043234e-12,
        "var": 5.02258126289e-06
    },
    "spectral_rolloff": {
        "dmean": 495.903289795,
        "dmean2": 855.457580566,
        "dvar": 2932362,
        "dvar2": 6451458,
        "max": 19681.3476562,
        "mean": 1293.17114258,
        "median": 645.99609375,
        "min": 64.599609375,
        "var": 7530749
    },
    "spectral_skewness": {
        "dmean": 0.828190505505,
        "dmean2": 1.33183407784,
        "dvar": 1.43463981152,
        "dvar2": 3.71932625771,
        "max": 17.2764205933,
        "mean": 4.97204208374,
        "median": 2.69239449501,
        "min": -0.507441580296,
        "var": 19.1956214905
    },
    "spectral_spread": {
        "dmean": 911112.9375,
        "dmean2": 1321718.5,
        "dvar": 2.2473843671e+12,
        "dvar2": 4.21704394342e+12,
        "max": 41973392,
        "mean": 4471964.5,
        "median": 3530835,
        "min": 179719.046875,
        "var": 2.54464397148e+13
    },
    "spectral_strongpeak": {
        "dmean": 0.35844707489,
        "dmean2": 0.583519399166,
        "dvar": 0.356017231941,
        "dvar2": 0.883654117584,
        "max": 16.4651756287,
        "mean": 1.39003074169,
        "median": 1.0591340065,
        "min": 0,
        "var": 1.40919673443
    },
    "zerocrossingrate": {
        "dmean": 0.011552750133,
        "dmean2": 0.0128573980182,
        "dvar": 0.000499810150359,
        "dvar2": 0.000574148376472,
        "max": 0.53125,
        "mean": 0.0490294955671,
        "median": 0.02880859375,
        "min": 0.00341796875,
        "var": 0.00458291126415
    },
    "barkbands": {
        "dmean": [1.88449157577e-05, 0.00209948117845, 0.000934223702643, 0.000292824377539, 0.00249286391772, 0.00194161210675, 0.00062964274548, 0.000591644842643, 0.000371898757294, 0.000518084678333, 0.000200072274311, 0.000126701663248, 7.4397874414e-05, 7.15211135685e-05, 6.5621396061e-05, 4.63774631498e-05, 6.26986802672e-05, 8.9583969384e-05, 0.0001566495921, 0.000101783167338, 8.488734602e-05, 6.05919703958e-05, 0.000103538717667, 0.0001022600336, 0.000160505500389, 0.00017679107259, 2.57002939179e-05],
        "dmean2": [2.58212057815e-05, 0.00326299411245, 0.00144716992509, 0.000473583320854, 0.00376482191496, 0.0028736430686, 0.000918313395232, 0.000856172817294, 0.000569477211684, 0.000749263679609, 0.000308432092424, 0.000192678024177, 0.000111665292934, 0.000114295049571, 0.000103258760646, 7.31688196538e-05, 9.7482043202e-05, 0.000145866157254, 0.000265509588644, 0.000164170531207, 0.000139743890031, 9.66312436503e-05, 0.000163395656273, 0.000158896102221, 0.000242003181484, 0.000262724264758, 3.97418989451e-05],
        "dvar": [6.1650045069e-09, 4.29001411248e-05, 1.07643927549e-05, 1.31583033181e-06, 4.78633410239e-05, 3.0977284041e-05, 1.16516566777e-05, 3.77805167773e-06, 1.13060275453e-06, 2.49967138188e-06, 9.40944005379e-07, 4.45718541187e-07, 1.3784932662e-07, 1.4870371956e-07, 1.28844973801e-07, 6.02363172675e-08, 1.7894866744e-07, 1.12949166464e-07, 4.66008515332e-07, 1.87425072795e-07, 1.05399756478e-07, 1.27969727259e-07, 5.3635636732e-07, 4.89456169817e-07, 9.9008491361e-07, 3.54550309112e-07, 7.077358255e-09],
        "dvar2": [1.01249169049e-08, 0.000106898201921, 2.58996915363e-05, 3.32665581482e-06, 0.000105023420474, 7.13900953997e-05, 2.71082080872e-05, 8.527992577e-06, 2.50881475949e-06, 5.74419300392e-06, 2.07029756893e-06, 9.10767994355e-07, 2.69571302169e-07, 3.80202550332e-07, 2.86761519419e-07, 1.58960261842e-07, 3.70669113181e-07, 2.94131893952e-07, 1.26757618091e-06, 5.0318050171e-07, 2.76172954727e-07, 3.30050625053e-07, 1.27054636323e-06, 1.17747890727e-06, 1.99422856895e-06, 7.92265382188e-07, 1.64343614273e-08],
        "max": [0.00159209338017, 0.143340036273, 0.0795508250594, 0.0400958694518, 0.148051977158, 0.116424247622, 0.101919554174, 0.0579352453351, 0.0292098671198, 0.038421805948, 0.0289863515645, 0.0189301259816, 0.0123703712597, 0.0105600198731, 0.0117326341569, 0.00735682854429, 0.0199600271881, 0.00891218986362, 0.0165065266192, 0.0144331213087, 0.00710301008075, 0.010914591141, 0.0251887068152, 0.0244845226407, 0.0300625246018, 0.0111661897972, 0.00124219479039],
        "mean": [3.42816238117e-05, 0.00496842619032, 0.00193885993212, 0.000511205464136, 0.00501262629405, 0.00656831078231, 0.00174142827746, 0.00152032158803, 0.000866598973516, 0.00161509274039, 0.000308641348965, 0.000214382205741, 0.000111976354674, 9.27939763642e-05, 8.91989111551e-05, 6.02811160206e-05, 8.57170816744e-05, 0.000116282280942, 0.000174451968633, 0.000126632352476, 8.29233613331e-05, 5.79858315177e-05, 0.000104023187305, 0.000111478133476, 0.000201576724066, 0.000208707089769, 2.84822235699e-05],
        "median": [7.87221381415e-07, 2.48254109465e-05, 2.38569064095e-05, 0.000116252718726, 0.00150540901814, 0.000676864758134, 0.000156655776664, 0.000347277324181, 0.000211235324969, 0.000342425570125, 4.67310783279e-05, 9.61226305662e-06, 9.48891647568e-06, 7.34364994059e-06, 7.1574145295e-06, 3.77583887712e-06, 2.23429537982e-06, 3.58118450094e-06, 5.13228906129e-06, 3.74644469048e-06, 2.38563893618e-06, 2.90335151476e-06, 3.609048008e-06, 2.7792812034e-06, 3.15419265462e-06, 8.9495500788e-07, 5.88162514248e-08],
        "min": [5.1266162173e-25, 1.17469553498e-24, 8.18642130026e-25, 4.65401211417e-25, 4.17086143378e-24, 9.22370801378e-24, 4.81642693886e-24, 5.26037616264e-24, 1.44234223505e-23, 1.47345412029e-23, 1.0473120115e-23, 1.62197312069e-23, 2.91770145443e-23, 3.05352657846e-23, 4.55731792259e-23, 5.26141919453e-23, 7.95751952327e-23, 8.55288231477e-23, 1.076819117e-22, 1.77044368503e-22, 2.50986711908e-22, 3.09312714347e-22, 3.87891590878e-22, 5.92026503095e-22, 8.31188076439e-22, 1.29785718533e-21, 1.75519244151e-21],
        "var": [1.05523305649e-08, 8.17924083094e-05, 1.71230021806e-05, 1.60344484357e-06, 0.000115503396955, 0.000155248490046, 2.88495302811e-05, 1.45211961353e-05, 4.22551465817e-06, 8.10954134067e-06, 1.68594942807e-06, 1.28894214413e-06, 3.59437422048e-07, 1.85380898188e-07, 2.22926246352e-07, 8.66029097324e-08, 3.0855045452e-07, 1.40905271451e-07, 3.80395846378e-07, 1.81169937719e-07, 9.48281737578e-08, 9.86929080682e-08, 4.95449853588e-07, 5.01358783822e-07, 2.0065881472e-06, 5.28259079147e-07, 9.00145913363e-09]
    },
    "erbbands": {
        "dmean": [0.0383820682764, 0.549357116222, 1.19672012329, 0.981182873249, 1.85100460052, 10.8094520569, 17.082157135, 17.7556209564, 10.8269729614, 9.99758148193, 10.0413799286, 9.54537200928, 15.4692564011, 10.5103845596, 6.57522392273, 4.58228635788, 3.401866436, 3.5577981472, 3.18308854103, 2.81190371513, 2.65920615196, 3.27615213394, 3.22816324234, 9.79298400879, 4.73374891281, 5.40480709076, 2.79596805573, 3.60584568977, 2.15700984001, 2.1128988266, 3.27851653099, 2.37158584595, 1.74810278416, 1.67936122417, 1.16176974773, 0.589505255222, 0.366893589497, 0.0809210687876, 0.00448966398835, 0.00016751329531],
        "dmean2": [0.0561683438718, 0.866724431515, 1.8285266161, 1.53784811497, 2.71248435974, 16.4898319244, 24.6569499969, 24.8079566956, 15.7165670395, 14.983080864, 14.5625858307, 14.2150392532, 22.4997673035, 15.6505699158, 10.0227336884, 6.81019687653, 5.08950042725, 5.80963754654, 4.96378469467, 4.34521722794, 4.19834518433, 4.98303079605, 5.01249599457, 16.5999889374, 7.85784864426, 8.69961643219, 4.53867721558, 5.9451880455, 3.42800593376, 3.36922049522, 5.21290588379, 3.76976394653, 2.62698864937, 2.53292036057, 1.80232012272, 0.889697194099, 0.546673834324, 0.121431052685, 0.00682598724961, 0.00025875706342],
        "dvar": [0.0204764772207, 2.9323694706, 14.5071668625, 15.5733337402, 46.7706260681, 1032.17858887, 1846.12548828, 3513.75048828, 3844.99755859, 1763.74377441, 901.819213867, 753.267333984, 1680.80847168, 2649.66601562, 883.064208984, 542.480529785, 264.014587402, 421.585327148, 213.751556396, 275.204589844, 203.111663818, 656.684631348, 104.704528809, 1864.56616211, 411.568084717, 523.000366211, 103.860351562, 187.801803589, 131.027893066, 176.930206299, 634.641174316, 297.077789307, 131.948501587, 145.981887817, 43.2390213013, 5.05713701248, 1.55797898769, 0.0866616815329, 0.00022493673896, 4.16653222146e-07],
        "dvar2": [0.0404384769499, 7.40800571442, 33.1401634216, 38.049369812, 92.6507415771, 2270.71362305, 3787.43334961, 7561.72607422, 9498.59667969, 3800.56616211, 2050.04541016, 1639.6920166, 3761.52392578, 5723.96240234, 2015.1907959, 1137.26342773, 502.551300049, 1117.78112793, 503.617095947, 602.35357666, 535.33190918, 1388.96020508, 253.318603516, 5031.80859375, 1130.04833984, 1382.00256348, 262.366516113, 492.598571777, 330.358184814, 463.217376709, 1492.88122559, 704.864501953, 312.547149658, 299.870025635, 93.2481002808, 10.8088264465, 3.39407038689, 0.204316854477, 0.000525020237546, 1.01831881238e-06],
        "max": [3.33375692368, 39.6345787048, 96.5166778564, 115.44644165, 236.708908081, 625.704162598, 715.963195801, 1382.74365234, 2178.20703125, 1817.79089355, 750.243713379, 850.250732422, 1144.57946777, 1458.61413574, 953.869567871, 756.892089844, 541.995483398, 572.902954102, 344.618499756, 614.506652832, 478.289581299, 1248.83105469, 267.183410645, 1196.96264648, 453.276916504, 711.360412598, 182.526107788, 297.787902832, 295.395202637, 460.049102783, 874.842712402, 669.016967773, 361.857666016, 432.745422363, 186.132568359, 52.6596450806, 24.5990943909, 6.4420003891, 0.255359172821, 0.0144994743168],
        "mean": [0.083698220551, 1.28197669983, 2.76996302605, 1.80742168427, 3.77819418907, 20.3059215546, 34.866973877, 57.9563865662, 42.9684715271, 27.698091507, 24.7881393433, 24.8140888214, 54.2439155579, 21.7674427032, 12.726395607, 8.77090644836, 5.53951597214, 4.7970533371, 4.42966270447, 4.38671731949, 3.74742937088, 4.55852365494, 4.99928379059, 11.1500139236, 5.98056840897, 6.90783500671, 3.02499604225, 3.48097681999, 2.087413311, 2.13517642021, 3.24671173096, 2.43178081512, 1.9816095829, 2.12941336632, 1.39726614952, 0.704894483089, 0.43437603116, 0.0913481265306, 0.00485095148906, 0.00020320173644],
        "median": [0.000797167711426, 0.00616330141202, 0.0363696441054, 0.332706600428, 1.6368997097, 5.50805807114, 10.2472362518, 4.82287454605, 2.57897400856, 6.22982692719, 7.89479780197, 10.1544923782, 14.9548540115, 4.57105016708, 2.16032743454, 0.692547917366, 0.650510847569, 0.476826578379, 0.384934782982, 0.389693677425, 0.226567059755, 0.107935748994, 0.174583002925, 0.355391860008, 0.206127390265, 0.192853704095, 0.145109578967, 0.119695395231, 0.113515101373, 0.0931806266308, 0.104962810874, 0.0645679235458, 0.0480431318283, 0.0393281877041, 0.0173738431185, 0.00571992900223, 0.00124612334184, 0.000159780829563, 2.85210699076e-05, 3.59094119631e-05],
        "min": [3.93437844711e-23, 7.76896725188e-22, 2.24020442186e-21, 2.80640005957e-21, 7.55093841653e-21, 1.57514236402e-20, 2.61682690372e-20, 8.21470287517e-20, 1.16736174139e-19, 1.92108406266e-19, 1.78396026457e-19, 3.38283731611e-19, 5.65874980831e-19, 7.3754716628e-19, 8.9545537653e-19, 7.97997422048e-19, 1.4499880568e-18, 1.64002453073e-18, 2.04359188952e-18, 2.91304536049e-18, 3.83897872367e-18, 4.50577356495e-18, 4.35952968701e-18, 6.68374549447e-18, 5.40194600367e-18, 8.97972880045e-18, 9.27360456539e-18, 9.69431937829e-18, 1.07799897964e-17, 1.18939274575e-17, 1.07653627616e-17, 1.14069124642e-17, 9.38152764709e-18, 8.90943830072e-18, 6.35244683784e-18, 4.21195032597e-18, 2.29484200353e-18, 9.37106195119e-19, 2.11761222419e-19, 2.68313544646e-20],
        "var": [0.0409498251975, 5.29816675186, 27.8782806396, 20.0532054901, 88.5556564331, 2329.90576172, 4416.90283203, 16077.9833984, 15067.6982422, 7123.27880859, 2420.50463867, 2956.99438477, 7335.92578125, 6919.578125, 2295.11547852, 1736.56896973, 751.641723633, 433.432067871, 430.484191895, 494.945068359, 310.902099609, 1005.31640625, 210.52053833, 1574.75183105, 370.616149902, 549.024719238, 102.733978271, 165.644515991, 106.450752258, 135.231262207, 589.226806641, 291.294036865, 153.794052124, 281.888916016, 75.587890625, 8.91292572021, 2.28231859207, 0.108084373176, 0.000271957687801, 4.48743321613e-07]
    },
    "gfcc": {
        "mean": [-139.100662231, 132.342681885, -79.7469482422, -24.633234024, -72.7230300903, -10.7489595413, -35.7493438721, 0.707663476467, -24.5260620117, -9.8865737915, -18.5741119385, -5.92677927017, -0.971343576908],
        "cov": [[36084.1796875, -8405.63476562, 613.321960449, 7036.69384766, -1186.02929688, 1302.37133789, 321.456268311, 2453.41845703, -1227.74169922, 1410.30883789, 707.966918945, 1396.53942871, -961.714660645], [-8405.63476562, 6696.07568359, -638.933105469, -3216.68432617, 801.620422363, -461.462341309, 41.9929924011, -1155.59985352, 581.891662598, -723.987426758, -238.105819702, -731.983093262, 570.043151855], [613.321960449, -638.933105469, 1716.0144043, 820.889648438, 325.886901855, 502.554138184, 426.758666992, 373.63180542, 83.7024383545, 211.293029785, 25.2421722412, 184.937866211, -20.0088653564], [7036.69384766, -3216.68432617, 820.889648438, 3189.70605469, -9.17261886597, 580.313598633, 479.982666016, 1004.33123779, -216.490936279, 523.565368652, 280.292663574, 461.603179932, -279.253631592], [-1186.02929688, 801.620422363, 325.886901855, -9.17261886597, 973.53314209, 142.634674072, 329.774780273, 164.962158203, 163.599685669, -11.4734220505, -97.5801620483, -60.9912986755, -6.13128042221], [1302.37133789, -461.462341309, 502.554138184, 580.313598633, 142.634674072, 585.149353027, 263.87411499, 236.018112183, 52.0973052979, 170.599761963, 37.7706871033, 27.6774177551, -83.5735778809], [321.456268311, 41.9929924011, 426.758666992, 479.982666016, 329.774780273, 263.87411499, 504.200378418, 249.963577271, 40.8549766541, 78.7015762329, 14.1804819107, 11.8577194214, -34.0925331116], [2453.41845703, -1155.59985352, 373.63180542, 1004.33123779, 164.962158203, 236.018112183, 249.963577271, 593.98840332, -6.47951698303, 158.340194702, 18.5923862457, 165.448440552, -131.553878784], [-1227.74169922, 581.891662598, 83.7024383545, -216.490936279, 163.599685669, 52.0973052979, 40.8549766541, -6.47951698303, 338.378448486, 49.9313240051, -33.3236351013, -96.8162612915, 66.3981552124], [1410.30883789, -723.987426758, 211.293029785, 523.565368652, -11.4734220505, 170.599761963, 78.7015762329, 158.340194702, 49.9313240051, 358.589538574, 146.154556274, 67.8614654541, -89.4469299316], [707.966918945, -238.105819702, 25.2421722412, 280.292663574, -97.5801620483, 37.7706871033, 14.1804819107, 18.5923862457, -33.3236351013, 146.154556274, 228.967895508, 89.7494430542, -17.7510414124], [1396.53942871, -731.983093262, 184.937866211, 461.603179932, -60.9912986755, 27.6774177551, 11.8577194214, 165.448440552, -96.8162612915, 67.8614654541, 89.7494430542, 227.317947388, -26.2025089264], [-961.714660645, 570.043151855, -20.0088653564, -279.253631592, -6.13128042221, -83.5735778809, -34.0925331116, -131.553878784, 66.3981552124, -89.4469299316, -17.7510414124, -26.2025089264, 160.58291626]],
        "icov": [[8.3497237938e-05, -0.000124008496641, 7.43422206142e-05, -0.000143376804772, 0.00013526371913, -0.000126132319565, 0.000165702498634, -0.000240277993726, 0.000282856839476, -0.000321202795021, 0.000255684746662, -0.000330277864123, 0.000156556110596], [-0.000124008496641, 0.00102180649992, -8.31490688142e-05, 0.000572509539779, -0.000737910624593, 0.000244933646172, -0.000817789172288, 0.000910092727281, -0.00100869045127, 0.00149146770127, -0.00147954223212, 0.00166246877052, -0.00135787657928], [7.43422206142e-05, -8.31490688142e-05, 0.00110750645399, -0.000107178981125, 4.88607292937e-06, -0.000728354556486, -0.000369077140931, -0.000100404919067, 8.44641035656e-05, -0.000650482950732, 0.000770711223595, -0.00134331861045, -0.000378730386728], [-0.000143376804772, 0.000572509539779, -0.000107178981125, 0.00145974743646, -0.000272429257166, -4.86267235829e-05, -0.000800816342235, -0.000664627703372, -0.000169401202584, 0.000348878616933, -0.00126394873951, 0.000523977214471, -0.000905891938601], [0.00013526371913, -0.000737910624593, 4.88607292937e-06, -0.000272429257166, 0.00213430752046, -0.000121078832308, -0.000371045258362, -0.00103534955997, 0.00026027331478, -0.0010320203146, 0.00149967242032, -0.00131906021852, 0.00131598790176], [-0.000126132319565, 0.000244933646172, -0.000728354556486, -4.86267235829e-05, -0.000121078832308, 0.00326810055412, -0.00104788690805, 0.00040101565537, -0.000832736724988, 0.000208893063245, -0.000551777367946, 0.00146193872206, 0.00064032105729], [0.000165702498634, -0.000817789172288, -0.000369077140931, -0.000800816342235, -0.000371045258362, -0.00104788690805, 0.00482194684446, -0.00199616933241, 0.00152558926493, -0.000921721686609, 0.000219826004468, 0.000368633423932, 0.000225899813813], [-0.000240277993726, 0.000910092727281, -0.000100404919067, -0.000664627703372, -0.00103534955997, 0.00040101565537, -0.00199616933241, 0.00668133562431, -0.00282141659409, 0.00180306914262, 0.000544014386833, -0.00103569601197, 0.00144300912507], [0.000282856839476, -0.00100869045127, 8.44641035656e-05, -0.000169401202584, 0.00026027331478, -0.000832736724988, 0.00152558926493, -0.00282141659409, 0.00663889432326, -0.00387706840411, 0.00174584600609, 0.000493836356327, -0.0020513960626], [-0.000321202795021, 0.00149146770127, -0.000650482950732, 0.000348878616933, -0.0010320203146, 0.000208893063245, -0.000921721686609, 0.00180306914262, -0.00387706840411, 0.00870966818184, -0.00564526719972, 0.00312271271832, 0.000998287461698], [0.000255684746662, -0.00147954223212, 0.000770711223595, -0.00126394873951, 0.00149967242032, -0.000551777367946, 0.000219826004468, 0.000544014386833, 0.00174584600609, -0.00564526719972, 0.0104326670989, -0.00587687082589, 0.00127179885749], [-0.000330277864123, 0.00166246877052, -0.00134331861045, 0.000523977214471, -0.00131906021852, 0.00146193872206, 0.000368633423932, -0.00103569601197, 0.000493836356327, 0.00312271271832, -0.00587687082589, 0.0131310755387, -0.00416721915826], [0.000156556110596, -0.00135787657928, -0.000378730386728, -0.000905891938601, 0.00131598790176, 0.00064032105729, 0.000225899813813, 0.00144300912507, -0.0020513960626, 0.000998287461698, 0.00127179885749, -0.00416721915826, 0.0128411129117]]
    },
    "melbands": {
        "dmean": [0.000466717523523, 0.00067408697214, 0.000179870097782, 0.000396975548938, 0.000608366623055, 0.000378550292226, 0.000155674380949, 0.000112833091407, 8.1138627138e-05, 5.67702081753e-05, 7.81980270403e-05, 4.35340953118e-05, 2.47101252171e-05, 1.58749226102e-05, 9.20318962017e-06, 6.96096685715e-06, 7.0644268817e-06, 5.22154687133e-06, 4.74846274301e-06, 3.18366573993e-06, 3.53444306711e-06, 4.06805565945e-06, 2.32263778344e-06, 4.4587714001e-06, 9.04317221284e-06, 4.41686961494e-06, 3.16208252116e-06, 3.68559608432e-06, 1.48872902628e-06, 2.49296476795e-06, 1.85648309525e-06, 1.2051568774e-06, 1.21282175769e-06, 1.20596939723e-06, 1.92401057575e-06, 1.87908801763e-06, 1.28645319819e-06, 1.10812345611e-06, 1.50886660322e-06, 1.45309240906e-06],
        "dmean2": [0.000714947411325, 0.00104002526496, 0.000281064450974, 0.000589738890994, 0.000904561253265, 0.000540206674486, 0.000225257972488, 0.000171562918695, 0.000118707692309, 8.44596870593e-05, 0.000113434536615, 6.49658031762e-05, 3.72285139747e-05, 2.36531031987e-05, 1.34915571834e-05, 1.09979391709e-05, 1.12776742753e-05, 8.19319848233e-06, 7.44552335163e-06, 4.89785452373e-06, 5.51951188754e-06, 6.23296955382e-06, 3.59831005881e-06, 7.15659825801e-06, 1.53994460561e-05, 7.45745546737e-06, 5.18292245033e-06, 5.94528592046e-06, 2.4348455554e-06, 4.19466914536e-06, 3.05175376525e-06, 1.94329459191e-06, 1.96702376343e-06, 1.92639799934e-06, 3.08620178657e-06, 2.99050179819e-06, 2.05688775168e-06, 1.71612032318e-06, 2.24184259423e-06, 2.2439330678e-06],
        "dvar": [2.28049088946e-06, 4.17419096266e-06, 4.47622426236e-07, 1.57855743055e-06, 2.32335560213e-06, 1.57712440796e-06, 7.30334591026e-07, 1.98193575329e-07, 5.18015248474e-08, 2.55470578026e-08, 4.48843415768e-08, 4.68607588289e-08, 1.08843991597e-08, 6.65941302103e-09, 1.85481818793e-09, 1.20750809351e-09, 1.7088935822e-09, 6.50081932729e-10, 1.00903230216e-09, 2.57933896464e-10, 3.58568147396e-10, 1.38898736957e-09, 7.26047624799e-11, 2.77968398299e-10, 1.63017066512e-09, 4.42163888836e-10, 2.40715530841e-10, 2.32709004844e-10, 3.13208382841e-11, 1.05198613709e-10, 4.81530683383e-11, 3.43353089016e-11, 7.33511376638e-11, 5.70492507401e-11, 2.09046308042e-10, 2.31559479924e-10, 7.66730637314e-11, 5.40873457133e-11, 1.1959430668e-10, 1.11023350235e-10],
        "dvar2": [5.39574193681e-06, 9.40698191698e-06, 1.09414008875e-06, 3.25355767927e-06, 4.98065082866e-06, 3.53451810042e-06, 1.78458083155e-06, 4.43410243633e-07, 1.15668598255e-07, 5.45266587437e-08, 1.01057239021e-07, 1.02070067953e-07, 2.35198296394e-08, 1.36996618494e-08, 3.49041973102e-09, 2.85468471084e-09, 4.47556969263e-09, 1.53054768859e-09, 2.19441509408e-09, 5.97949523229e-10, 9.12102504635e-10, 2.98538438415e-09, 1.76220871229e-10, 7.14074466224e-10, 4.40852687689e-09, 1.2351714096e-09, 6.63784194277e-10, 6.09985228994e-10, 7.71649549813e-11, 2.81469320074e-10, 1.24631457932e-10, 8.60473706177e-11, 1.91678742323e-10, 1.53196594299e-10, 4.90569196376e-10, 5.52147882971e-10, 1.82332746124e-10, 1.35788935651e-10, 2.53578297249e-10, 2.42086295454e-10],
        "max": [0.0273865386844, 0.0512513183057, 0.0202845986933, 0.035603903234, 0.029934566468, 0.0281907413155, 0.0288396086544, 0.0159336980432, 0.00482251914218, 0.00462907040492, 0.00560875423253, 0.00576782319695, 0.00297199934721, 0.00222557107918, 0.00138573057484, 0.00089622620726, 0.00127234996762, 0.000738335831556, 0.00119683984667, 0.000526529096533, 0.000554032914806, 0.00180729653221, 0.000252137630014, 0.000509529199917, 0.00111345259938, 0.000438056071289, 0.000647735607345, 0.00039325436228, 0.000113581641926, 0.00023084662098, 0.000127261911985, 0.000148645500303, 0.00023567842436, 0.000288822484436, 0.000514974351972, 0.000543587317225, 0.000335252087098, 0.000223537965212, 0.000361300451914, 0.000361266575055],
        "mean": [0.0010774229886, 0.0016389983939, 0.000353544019163, 0.000754645559937, 0.0012859236449, 0.00132642337121, 0.000588579801843, 0.000314050354064, 0.00019729770429, 0.000144202000229, 0.000265191018116, 8.34281745483e-05, 4.43727731181e-05, 2.72927100013e-05, 1.60262115969e-05, 9.1033298304e-06, 9.21068112802e-06, 6.99182282915e-06, 6.47113802188e-06, 4.70377108286e-06, 4.50708739663e-06, 5.07083132106e-06, 3.59328009836e-06, 6.04939077675e-06, 9.81785615295e-06, 5.04164518134e-06, 4.05852961194e-06, 4.55264125776e-06, 1.6057066432e-06, 2.30414570979e-06, 1.81322593562e-06, 1.14051977107e-06, 1.1184865798e-06, 1.22082497001e-06, 1.89154059171e-06, 1.80793426807e-06, 1.34859817535e-06, 1.18223749723e-06, 1.79824803581e-06, 1.7734037101e-06],
        "median": [6.74134207657e-06, 1.37160459417e-05, 0.000104882215965, 0.000227033393458, 0.000395468319766, 9.69646789599e-05, 2.91565938824e-05, 5.8635523601e-05, 7.20991811249e-05, 6.37172197457e-05, 6.17962650722e-05, 1.34148431243e-05, 6.94324489814e-06, 1.48198103034e-06, 1.92350262296e-06, 8.1149437392e-07, 7.84758867667e-07, 5.71913346903e-07, 4.09102455023e-07, 4.8415705578e-07, 1.99700195935e-07, 1.08513269481e-07, 9.38257755934e-08, 1.8766175458e-07, 2.89494465733e-07, 1.37905871611e-07, 1.12206159031e-07, 1.11624238741e-07, 7.7332842352e-08, 4.54287452101e-08, 6.90998263053e-08, 6.15498549905e-08, 3.81547948791e-08, 5.23190877288e-08, 6.18543225528e-08, 4.69374086265e-08, 2.50398120016e-08, 2.68576076934e-08, 3.34468737151e-08, 3.12212833364e-08],
        "min": [4.36230860775e-25, 1.18083149231e-24, 5.10868836715e-25, 9.55335799772e-25, 1.08879371e-24, 1.88393197587e-24, 1.94222307752e-24, 1.9740723505e-24, 1.66243521647e-24, 1.91189532002e-24, 2.61268522999e-24, 2.44727312829e-24, 2.13164435809e-24, 1.92270409493e-24, 1.50635543789e-24, 3.08980151888e-24, 3.00660114807e-24, 3.0540702614e-24, 3.1658159585e-24, 3.96563256397e-24, 3.19265793687e-24, 4.7063694041e-24, 4.17771742391e-24, 4.04675270857e-24, 5.16959917727e-24, 3.50311631549e-24, 3.32641265601e-24, 5.52579827497e-24, 5.48016898249e-24, 5.4733433635e-24, 4.47245557962e-24, 5.40430620138e-24, 5.58923965225e-24, 4.93616143034e-24, 6.28208711341e-24, 5.32412716784e-24, 6.23432789649e-24, 5.98938697985e-24, 5.95966901182e-24, 6.69646746388e-24],
        "var": [4.46155672762e-06, 8.58495332068e-06, 5.91862033161e-07, 3.60546732736e-06, 5.57313114768e-06, 7.74007366999e-06, 2.84687212115e-06, 8.99960241441e-07, 1.38783690318e-07, 9.69467564005e-08, 1.85576595868e-07, 1.2493758561e-07, 2.79106817658e-08, 1.90511144638e-08, 5.43771516703e-09, 1.99857685956e-09, 1.80526926741e-09, 1.24376753341e-09, 1.55137969138e-09, 4.9439363714e-10, 5.52584922264e-10, 1.94347826721e-09, 1.61522947795e-10, 3.62684327015e-10, 1.3403671506e-09, 3.46137923879e-10, 2.11615613921e-10, 2.4670543386e-10, 3.16171325232e-11, 9.11239764201e-11, 4.30670256402e-11, 2.83114347938e-11, 5.43520090046e-11, 4.17352159776e-11, 1.93860164033e-10, 2.11239400971e-10, 7.92882010048e-11, 5.09180024533e-11, 1.95707630657e-10, 2.00966493447e-10]
    },
    "mfcc": {
        "mean": [-775.664367676, 155.894302368, 37.7551612854, -3.31783819199, -20.0581855774, -18.3719291687, -9.12981891632, -5.4340877533, -4.45308017731, -1.39867770672, -8.80551719666, -14.9513101578, -11.5414581299],
        "cov": [[15805.2509766, -3349.23388672, -108.818389893, 3090.64208984, 1203.04638672, 245.476593018, 1432.4230957, 1128.00195312, -119.936477661, 454.982696533, 719.41998291, 448.382781982, 645.49230957], [-3349.23388672, 4035.69775391, 182.86680603, -1284.03771973, -294.402130127, 222.943054199, -340.040039062, -408.081787109, 88.491065979, -130.087417603, -280.077545166, -132.301345825, -145.604522705], [-108.818389893, 182.86680603, 1189.09680176, 198.367767334, 134.682510376, 314.257080078, 214.016235352, 151.662765503, 311.784881592, 100.974021912, 115.989891052, 186.695755005, -30.6094303131], [3090.64208984, -1284.03771973, 198.367767334, 1630.78076172, 524.626647949, 113.5154953, 631.524902344, 518.874816895, 257.709014893, 219.026367188, 302.281433105, 288.132995605, 177.717895508], [1203.04638672, -294.402130127, 134.682510376, 524.626647949, 534.982421875, 200.996292114, 264.531890869, 274.610931396, 196.197570801, 172.221099854, 159.827941895, 140.321029663, 125.971717834], [245.476593018, 222.943054199, 314.257080078, 113.5154953, 200.996292114, 468.193878174, 275.433044434, 103.687149048, 163.555618286, 158.890396118, 120.628753662, 122.939231873, 60.2958679199], [1432.4230957, -340.040039062, 214.016235352, 631.524902344, 264.531890869, 275.433044434, 621.115356445, 326.017333984, 120.678817749, 171.473007202, 176.510360718, 135.1040802, 121.284896851], [1128.00195312, -408.081787109, 151.662765503, 518.874816895, 274.610931396, 103.687149048, 326.017333984, 451.379760742, 202.101516724, 160.001602173, 122.508132935, 63.1979179382, 68.6711807251], [-119.936477661, 88.491065979, 311.784881592, 257.709014893, 196.197570801, 163.555618286, 120.678817749, 202.101516724, 422.617919922, 201.143737793, 109.024887085, 112.750404358, -9.38194656372], [454.982696533, -130.087417603, 100.974021912, 219.026367188, 172.221099854, 158.890396118, 171.473007202, 160.001602173, 201.143737793, 287.49609375, 153.716201782, 65.4285354614, 70.5012054443], [719.41998291, -280.077545166, 115.989891052, 302.281433105, 159.827941895, 120.628753662, 176.510360718, 122.508132935, 109.024887085, 153.716201782, 236.815979004, 147.26675415, 84.0040130615], [448.382781982, -132.301345825, 186.695755005, 288.132995605, 140.321029663, 122.939231873, 135.1040802, 63.1979179382, 112.750404358, 65.4285354614, 147.26675415, 242.204330444, 81.4420013428], [645.49230957, -145.604522705, -30.6094303131, 177.717895508, 125.971717834, 60.2958679199, 121.284896851, 68.6711807251, -9.38194656372, 70.5012054443, 84.0040130615, 81.4420013428, 154.220031738]],
