{
"lowlevel": {
    "average_loudness": 0.920279324055,
    "barkbands_crest": {
        "dmean": 3.08323192596,
        "dmean2": 4.86867809296,
        "dvar": 9.34237289429,
        "dvar2": 20.6642665863,
        "max": 26.5392227173,
        "mean": 16.0480213165,
        "median": 16.0238895416,
        "min": 2.45177078247,
        "var": 35.1802330017
    },
    "barkbands_flatness_db": {
        "dmean": 0.0427979789674,
        "dmean2": 0.0605737790465,
        "dvar": 0.00208600098267,
        "dvar2": 0.00384683604352,
        "max": 0.819928407669,
        "mean": 0.294179946184,
        "median": 0.290776669979,
        "min": 0.0268694106489,
        "var": 0.0175632219762
    },
    "barkbands_kurtosis": {
        "dmean": 26.48188591,
        "dmean2": 40.3280601501,
        "dvar": 4397.90771484,
        "dvar2": 9883.46289062,
        "max": 1910.2755127,
        "mean": 40.1879577637,
        "median": 12.7115926743,
        "min": -1.95518612862,
        "var": 7957.46679688
    },
    "barkbands_skewness": {
        "dmean": 1.44458937645,
        "dmean2": 2.12168931961,
        "dvar": 3.11290478706,
        "dvar2": 6.88825845718,
        "max": 35.4767951965,
        "mean": 3.46937513351,
        "median": 2.7300825119,
        "min": -9.6702003479,
        "var": 12.1540994644
    },
    "barkbands_spread": {
        "dmean": 5.72325181961,
        "dmean2": 9.03913021088,
        "dvar": 111.823120117,
        "dvar2": 258.990783691,
        "max": 132.832519531,
        "mean": 10.2662944794,
        "median": 4.61644506454,
        "min": 0.0954544246197,
        "var": 202.014266968
    },
    "dissonance": {
        "dmean": 0.0404051616788,
        "dmean2": 0.0680765882134,
        "dvar": 0.00181926763617,
        "dvar2": 0.00463776290417,
        "max": 0.500000178814,
        "mean": 0.407714754343,
        "median": 0.429972469807,
        "min": 0.0685359463096,
        "var": 0.00598393566906
    },
    "dynamic_complexity": 5.6850771904,
    "erbbands_crest": {
        "dmean": 3.0813729763,
        "dmean2": 5.00242519379,
        "dvar": 8.58161258698,
        "dvar2": 21.9718360901,
        "max": 34.6093940735,
        "mean": 12.7967500687,
        "median": 11.8111057281,
        "min": 2.62440681458,
        "var": 34.5201072693
    },
    "erbbands_flatness_db": {
        "dmean": 0.0272573791444,
        "dmean2": 0.0398510172963,
        "dvar": 0.000848650292028,
        "dvar2": 0.00175135058817,
        "max": 0.666992783546,
        "mean": 0.236236333847,
        "median": 0.206435501575,
        "min": 0.043620493263,
        "var": 0.0124390441924
    },
    "erbbands_kurtosis": {
        "dmean": 3.95829057693,
        "dmean2": 6.27960300446,
        "dvar": 39.8294067383,
        "dvar2": 97.3933486938,
        "max": 153.670608521,
        "mean": 5.94898509979,
        "median": 2.51298856735,
        "min": -1.90973854065,
        "var": 110.186553955
    },
    "erbbands_skewness": {
        "dmean": 0.695546388626,
        "dmean2": 1.05444216728,
        "dvar": 0.509903669357,
        "dvar2": 1.22916352749,
        "max": 8.89409923553,
        "mean": 1.10600912571,
        "median": 1.09775459766,
        "min": -7.48303985596,
        "var": 1.88063502312
    },
    "erbbands_spread": {
        "dmean": 14.1193304062,
        "dmean2": 21.7268447876,
        "dvar": 457.315063477,
        "dvar2": 1064.40710449,
        "max": 226.683502197,
        "mean": 33.8054618835,
        "median": 24.0853290558,
        "min": 0.170474275947,
        "var": 1053.49768066
    },
    "hfc": {
        "dmean": 9.02562427521,
        "dmean2": 14.6159086227,
        "dvar": 445.244842529,
        "dvar2": 1138.6751709,
        "max": 255.629257202,
        "mean": 10.5536365509,
        "median": 3.21667671204,
        "min": 1.07344425849e-16,
        "var": 428.831848145
    },
    "melbands_crest": {
        "dmean": 3.73207449913,
        "dmean2": 5.95224571228,
        "dvar": 12.2480983734,
        "dvar2": 28.4640312195,
        "max": 37.6976280212,
        "mean": 19.7080497742,
        "median": 19.5496673584,
        "min": 1.62368202209,
        "var": 47.6562423706
    },
    "melbands_flatness_db": {
        "dmean": 0.0505634211004,
        "dmean2": 0.0695197582245,
        "dvar": 0.00302463863045,
        "dvar2": 0.00541429407895,
        "max": 1,
        "mean": 0.395672291517,
        "median": 0.396109104156,
        "min": 0.00336149684153,
        "var": 0.0281630922109
    },
    "melbands_kurtosis": {
        "dmean": 31.3164138794,
        "dmean2": 48.3725509644,
        "dvar": 3724.64208984,
        "dvar2": 8687.52636719,
        "max": 1094.19848633,
        "mean": 53.0533790588,
        "median": 20.4806251526,
        "min": -1.94448113441,
        "var": 8556.48535156
    },
    "melbands_skewness": {
        "dmean": 1.4957716465,
        "dmean2": 2.27071285248,
        "dvar": 3.4677054882,
        "dvar2": 8.08920860291,
        "max": 25.6963577271,
        "mean": 3.97696065903,
        "median": 3.43144583702,
        "min": -6.97381258011,
        "var": 12.3385477066
    },
    "melbands_spread": {
        "dmean": 4.78836917877,
        "dmean2": 7.56151914597,
        "dvar": 107.540603638,
        "dvar2": 259.008361816,
        "max": 230.728439331,
        "mean": 9.84005641937,
        "median": 4.33401870728,
        "min": 0.175008073449,
        "var": 288.420318604
    },
    "pitch_salience": {
        "dmean": 0.0907312259078,
        "dmean2": 0.14023911953,
        "dvar": 0.00764636369422,
        "dvar2": 0.0177638437599,
        "max": 0.985141158104,
        "mean": 0.429523974657,
        "median": 0.436213880777,
        "min": 0.0411691218615,
        "var": 0.0331872813404
    },
    "silence_rate_20dB": {
        "dmean": 0.00528422743082,
        "dmean2": 0.0105693014339,
        "dvar": 0.00525658577681,
        "dvar2": 0.0136593049392,
        "max": 1,
        "mean": 0.996317327023,
        "median": 1,
        "min": 0,
        "var": 0.00366967101581
    },
    "silence_rate_30dB": {
        "dmean": 0.0557245798409,
        "dmean2": 0.111458085477,
        "dvar": 0.0526256635785,
        "dvar2": 0.10994181782,
        "max": 1,
        "mean": 0.897446155548,
        "median": 1,
        "min": 0,
        "var": 0.0920287445188
    },
    "silence_rate_60dB": {
        "dmean": 0.0613290630281,
        "dmean2": 0.122667945921,
        "dvar": 0.0575711354613,
        "dvar2": 0.119308516383,
        "max": 1,
        "mean": 0.268993675709,
        "median": 0,
        "min": 0,
        "var": 0.196660712361
    },
    "spectral_centroid": {
        "dmean": 217.926254272,
        "dmean2": 337.838897705,
        "dvar": 150558.546875,
        "dvar2": 322870.09375,
        "max": 11765.2060547,
        "mean": 728.8125,
        "median": 466.282104492,
        "min": 81.2964096069,
        "var": 1044443.75
    },
    "spectral_complexity": {
        "dmean": 2.33242583275,
        "dmean2": 3.61053729057,
        "dvar": 18.4133110046,
        "dvar2": 41.8732452393,
        "max": 56,
        "mean": 6.72444152832,
        "median": 6,
        "min": 0,
        "var": 39.5971183777
    },
    "spectral_decrease": {
        "dmean": 5.86350035192e-09,
        "dmean2": 9.07307207143e-09,
        "dvar": 1.47144843061e-16,
        "dvar2": 3.33828284128e-16,
        "max": 4.86177452463e-11,
        "mean": -1.02575077321e-08,
        "median": -2.97500779567e-09,
        "min": -1.42547932569e-07,
        "var": 3.05218422846e-16
    },
    "spectral_energy": {
        "dmean": 0.0226919054985,
        "dmean2": 0.0351512059569,
        "dvar": 0.00216797064058,
        "dvar2": 0.00492082769051,
        "max": 0.541717171669,
        "mean": 0.039671599865,
        "median": 0.0118277808651,
        "min": 9.99886150152e-21,
        "var": 0.00447365827858
    },
    "spectral_energyband_high": {
        "dmean": 0.000593328964897,
        "dmean2": 0.00100659276359,
        "dvar": 2.8154163374e-06,
        "dvar2": 7.51554307499e-06,
        "max": 0.0202834624797,
        "mean": 0.000518340792041,
        "median": 1.28101355585e-05,
        "min": 6.96383889883e-21,
        "var": 2.21036043513e-06
    },
    "spectral_energyband_low": {
        "dmean": 0.0174172222614,
        "dmean2": 0.0264686848968,
        "dvar": 0.00178102171049,
        "dvar2": 0.00407215207815,
        "max": 0.535851478577,
        "mean": 0.0295733120292,
        "median": 0.00321922777221,
        "min": 1.50452230264e-23,
        "var": 0.00349663873203
    },
    "spectral_energyband_middle_high": {
        "dmean": 0.000946277112234,
        "dmean2": 0.00147889216896,
        "dvar": 9.56475560088e-06,
        "dvar2": 2.53218349826e-05,
        "max": 0.0491386130452,
        "mean": 0.00106671045069,
        "median": 0.000125219143229,
        "min": 1.21123990453e-21,
        "var": 9.08520451048e-06
    },
    "spectral_energyband_middle_low": {
        "dmean": 0.0093996655196,
        "dmean2": 0.0154279237613,
        "dvar": 0.000798777618911,
        "dvar2": 0.00205919216387,
        "max": 0.3083358109,
        "mean": 0.00963309593499,
        "median": 0.00276026246138,
        "min": 1.87837058537e-22,
        "var": 0.000646457250696
    },
    "spectral_entropy": {
        "dmean": 0.357104420662,
        "dmean2": 0.520615160465,
        "dvar": 0.177145972848,
        "dvar2": 0.346713364124,
        "max": 9.82581424713,
        "mean": 6.51199054718,
        "median": 6.54988956451,
        "min": 3.49614429474,
        "var": 1.38082230091
    },
    "spectral_flux": {
        "dmean": 0.041403952986,
        "dmean2": 0.0665657147765,
        "dvar": 0.00427305558696,
        "dvar2": 0.00899794325233,
        "max": 0.57828015089,
        "mean": 0.0825429931283,
        "median": 0.0489048436284,
        "min": 6.42178671351e-11,
        "var": 0.00913076661527
    },
    "spectral_kurtosis": {
        "dmean": 10.2332696915,
        "dmean2": 16.222984314,
        "dvar": 479.663574219,
        "dvar2": 1264.60974121,
        "max": 941.514831543,
        "mean": 33.8149528503,
        "median": 7.09488296509,
        "min": -1.28860545158,
        "var": 3773.16845703
    },
    "spectral_rms": {
        "dmean": 0.00141920743044,
        "dmean2": 0.00205083866604,
        "dvar": 4.70985969514e-06,
        "dvar2": 9.39398069022e-06,
        "max": 0.0229892265052,
        "mean": 0.00466591306031,
        "median": 0.00339695438743,
        "min": 3.12329741063e-12,
        "var": 1.693341801e-05
    },
    "spectral_rolloff": {
        "dmean": 457.90020752,
        "dmean2": 817.864624023,
        "dvar": 1855467.5,
        "dvar2": 4688388.5,
        "max": 19638.28125,
        "mean": 877.167053223,
        "median": 366.064453125,
        "min": 43.06640625,
        "var": 4296397.5
    },
    "spectral_skewness": {
        "dmean": 0.729905188084,
        "dmean2": 1.08679938316,
        "dvar": 0.814465224743,
        "dvar2": 1.95188438892,
        "max": 25.8943920135,
        "mean": 3.62237715721,
        "median": 2.30458188057,
        "min": -0.163509383798,
        "var": 11.3540182114
    },
    "spectral_spread": {
        "dmean": 1095372.75,
        "dmean2": 1541501.375,
        "dvar": 2.39154914918e+12,
        "dvar2": 4.58213503795e+12,
        "max": 42673552,
        "mean": 4760018.5,
        "median": 4115492,
        "min": 118327.9375,
        "var": 1.8202492928e+13
    },
    "spectral_strongpeak": {
        "dmean": 0.280294030905,
        "dmean2": 0.466049969196,
        "dvar": 0.23647852242,
        "dvar2": 0.615322947502,
        "max": 7.15170192719,
        "mean": 0.539324581623,
        "median": 0.420667648315,
        "min": 0,
        "var": 0.287250548601
    },
    "zerocrossingrate": {
        "dmean": 0.0114176496863,
        "dmean2": 0.0135123599321,
        "dvar": 0.00032169916085,
        "dvar2": 0.000416573428083,
        "max": 0.5205078125,
        "mean": 0.0374023206532,
        "median": 0.0224609375,
        "min": 0.00146484375,
        "var": 0.0027720364742
    },
    "barkbands": {
        "dmean": [0.000950144720264, 0.0156729687005, 0.00231159990653, 0.00288510858081, 0.00349228223786, 0.0011872559553, 0.00192647590302, 0.000797928776592, 0.000366127555026, 0.000240624591243, 0.000206261174753, 0.000233876140555, 0.000123033241834, 7.83763680374e-05, 8.72587261256e-05, 5.64852089155e-05, 4.0970833652e-05, 3.17624871968e-05, 3.50222617271e-05, 4.1727340431e-05, 7.31894833734e-05, 8.70349103934e-05, 0.000111801105959, 0.000163477801834, 9.67329833657e-05, 5.52206875e-05, 1.57486883836e-05],
        "dmean2": [0.00157148577273, 0.0249069966376, 0.00361509178765, 0.00491383764893, 0.00605110451579, 0.00213143788278, 0.00335756852292, 0.00139522820245, 0.000553914927877, 0.00038327567745, 0.000348957226379, 0.000367731641745, 0.000209480451304, 0.000133314955747, 0.000151259548147, 9.8893615359e-05, 7.11410684744e-05, 5.47757954337e-05, 6.14745513303e-05, 7.01559911249e-05, 0.000124455560581, 0.000146568680066, 0.000189067257452, 0.000279708910966, 0.000171222010977, 9.92306449916e-05, 2.83599110844e-05],
        "dvar": [3.88030730392e-06, 0.00160757603589, 6.57267810311e-05, 0.000190254533663, 0.000136188071338, 7.22325276001e-05, 6.99724187143e-05, 2.64387090283e-05, 1.16985995646e-06, 8.72674831953e-07, 1.00631234545e-06, 7.84622045558e-07, 3.62190633041e-07, 8.20779177957e-08, 1.1939532385e-07, 6.10975234849e-08, 2.29401173613e-08, 1.01730064372e-08, 1.51806105464e-08, 1.58171946651e-08, 5.46733787132e-08, 6.12266930489e-08, 1.19536949228e-07, 2.60256626916e-07, 1.21015503396e-07, 5.74344767301e-08, 1.90031581582e-08],
        "dvar2": [1.01773293864e-05, 0.00414513237774, 0.000158477225341, 0.000489549769554, 0.000379328412237, 0.000205520351301, 0.000190342136193, 7.19754243619e-05, 2.49574532063e-06, 2.31574654208e-06, 2.70124064627e-06, 1.98497014026e-06, 1.01294813248e-06, 2.15205801624e-07, 3.21603579323e-07, 1.70285630929e-07, 6.47495639328e-08, 2.77107101709e-08, 4.27272226489e-08, 4.1122401484e-08, 1.49073883904e-07, 1.67020488107e-07, 3.12563059879e-07, 6.9659250812e-07, 3.33481153802e-07, 1.55860917062e-07, 5.3155382318e-08],
        "max": [0.0239618141204, 0.512936234474, 0.103149831295, 0.195607602596, 0.157787337899, 0.163496091962, 0.103484138846, 0.100904494524, 0.0186116397381, 0.0172781106085, 0.0209276434034, 0.0144427167252, 0.00792169384658, 0.00343836285174, 0.00480342470109, 0.00349308084697, 0.00545311626047, 0.00136929063592, 0.00212178961374, 0.00141817971598, 0.0025671380572, 0.00316269509494, 0.00440917722881, 0.00511197885498, 0.00736204814166, 0.00647978298366, 0.00373784196563],
        "mean": [0.00117064476945, 0.0249092802405, 0.00247485609725, 0.00223947549239, 0.00313835218549, 0.00112526409794, 0.00161958346143, 0.000718213326763, 0.000556750514079, 0.000359482073691, 0.0002284982329, 0.000213304447243, 0.000108370863018, 7.50472318032e-05, 6.77732750773e-05, 4.32683627878e-05, 3.54259391315e-05, 2.58561885857e-05, 2.79460455204e-05, 3.97809417336e-05, 6.45568215987e-05, 7.64086798881e-05, 9.81870907708e-05, 0.000125863283756, 7.93886574684e-05, 3.95247298002e-05, 1.01610658021e-05],
        "median": [0.00025791398366, 0.0021237663459, 9.73286078079e-05, 0.000104059407022, 0.00054246163927, 0.000395243783714, 0.000265229260549, 5.0207338063e-05, 5.54193757125e-05, 2.06013573916e-05, 1.32284149004e-05, 5.70765314478e-06, 4.39326322521e-06, 4.39787936557e-06, 2.94331130135e-06, 2.04918205782e-06, 1.9060635168e-06, 1.1794928696e-06, 1.04936270873e-06, 1.59212379458e-06, 1.9578485535e-06, 2.092044042e-06, 1.76006869879e-06, 1.53728046826e-06, 5.8215533727e-07, 2.97859742204e-07, 4.46869741211e-08],
        "min": [7.33587455374e-26, 2.82004540475e-24, 1.1166553897e-24, 7.29316796626e-25, 9.00102125771e-24, 5.75934015153e-24, 5.05964932202e-24, 1.58447445979e-23, 1.18424690505e-23, 1.23577553603e-23, 1.45818193094e-23, 2.5319880726e-23, 2.68552138845e-23, 3.44889703773e-23, 5.18765659782e-23, 6.58695384872e-23, 6.33084416049e-23, 9.77577007242e-23, 1.18382942408e-22, 1.8951373506e-22, 2.30192439421e-22, 3.1133601004e-22, 4.21487624353e-22, 6.45891642265e-22, 8.92813637919e-22, 1.3469154984e-21, 1.92445063929e-21],
        "var": [4.59748252979e-06, 0.00266300956719, 6.61541416775e-05, 0.000146469377796, 9.14299816941e-05, 4.3598942284e-05, 4.72301653645e-05, 1.77965539478e-05, 2.05757032745e-06, 1.12198461011e-06, 8.55571897773e-07, 6.96181984949e-07, 3.35810369734e-07, 7.86952512044e-08, 8.56163779872e-08, 3.95546386756e-08, 1.69807847783e-08, 8.33351432306e-09, 1.05603623624e-08, 1.52615697857e-08, 4.26822239774e-08, 4.98853616193e-08, 9.24919021372e-08, 1.84606577136e-07, 9.82662484716e-08, 4.25823003525e-08, 1.16573373177e-08]
    },
    "erbbands": {
        "dmean": [0.534752905369, 3.31945371628, 3.09122538567, 6.03876209259, 13.3525781631, 9.31395530701, 8.10238265991, 10.158208847, 18.0458908081, 35.9862709045, 9.69034099579, 7.73815488815, 9.42215919495, 6.76662397385, 10.9463472366, 6.30377292633, 5.58912706375, 4.55332183838, 3.71029067039, 4.2534995079, 2.59559249878, 2.30403375626, 1.69664764404, 1.88416957855, 1.74443185329, 1.74987959862, 2.13477492332, 3.79743146896, 3.22079348564, 2.53359103203, 3.17315793037, 3.82084393501, 2.5409245491, 1.24479019642, 0.582982897758, 0.27416279912, 0.0849073827267, 0.0250544305891, 0.00283529190347, 0.00013566101552],
        "dmean2": [0.831997811794, 5.3271818161, 4.45803356171, 9.89424419403, 23.1022357941, 15.9690294266, 14.3688879013, 18.140668869, 31.0500736237, 63.3673591614, 16.331697464, 11.8271102905, 14.3590946198, 10.9971971512, 17.7024097443, 10.1693763733, 9.47471809387, 7.71497106552, 6.29553318024, 7.4532365799, 4.48401641846, 3.95669865608, 2.92225980759, 3.32981991768, 3.05097985268, 2.88872671127, 3.55791544914, 6.64575052261, 5.54049444199, 4.07116317749, 5.3394536972, 6.56129980087, 4.37167215347, 2.17706942558, 1.03693115711, 0.496346831322, 0.150842189789, 0.0454684011638, 0.00508187757805, 0.000237996209762],
        "dvar": [1.63634169102, 84.0323028564, 88.0000228882, 778.500061035, 2525.20019531, 829.178833008, 1680.87915039, 5229.81396484, 4958.33007812, 38184.9375, 2128.75097656, 436.834594727, 1251.88562012, 585.365356445, 3267.60986328, 493.23727417, 721.794555664, 282.453887939, 191.966094971, 297.356018066, 103.542045593, 67.2921676636, 27.7092323303, 43.5950508118, 33.6436462402, 26.3388690948, 38.4500160217, 173.581237793, 93.9300003052, 40.2882804871, 92.847038269, 181.612823486, 58.6272201538, 17.8790493011, 5.32575750351, 1.20323312283, 0.170039385557, 0.0349903963506, 0.00062181748217, 9.85085080174e-07],
        "dvar2": [3.76604795456, 230.125686646, 184.5962677, 1920.47387695, 7077.21240234, 2257.4050293, 4769.53662109, 14787.6035156, 13300.5771484, 105112.351562, 5670.22705078, 969.274536133, 2781.42822266, 1531.43615723, 8850.72460938, 1333.11083984, 1996.19775391, 717.364746094, 517.36517334, 820.560974121, 281.430450439, 187.298477173, 75.6726760864, 122.006355286, 93.6077346802, 67.2333755493, 102.047393799, 481.583465576, 262.905029297, 99.5758590698, 241.174407959, 487.436981201, 159.135986328, 48.8017311096, 14.7629499435, 3.35932922363, 0.450525909662, 0.0978323295712, 0.00172663107514, 2.75212960332e-06],
        "max": [13.6188793182, 122.152198792, 122.098098755, 417.276580811, 779.386474609, 366.046661377, 838.850891113, 1254.4050293, 917.130371094, 3557.26928711, 780.017578125, 299.332489014, 688.140869141, 379.408966064, 1255.58996582, 347.245574951, 343.778015137, 191.679946899, 188.535202026, 226.846115112, 125.394393921, 262.401428223, 104.086433411, 114.051025391, 79.405708313, 59.5205459595, 78.0840911865, 151.426361084, 132.062515259, 86.6471252441, 120.606445312, 170.370788574, 89.6498413086, 55.6402626038, 77.6811676025, 15.4383182526, 14.4411420822, 4.60965013504, 0.697202444077, 0.0285084526986],
        "mean": [0.813704907894, 5.13324737549, 4.28828620911, 5.49697399139, 10.7083234787, 8.99345111847, 7.59554052353, 9.75241756439, 16.5908699036, 28.8075389862, 11.7993841171, 11.4165945053, 14.8025932312, 9.00813579559, 10.1453723907, 5.75237798691, 4.98960113525, 4.45478010178, 3.20160770416, 3.25976634026, 2.0699865818, 2.03161859512, 1.45627427101, 1.48796737194, 1.45399582386, 1.74132609367, 2.08729219437, 3.09014487267, 2.71921086311, 2.44653344154, 2.7623872757, 2.96354699135, 1.9569555521, 1.00498473644, 0.489999592304, 0.199628189206, 0.0621858872473, 0.0165153332055, 0.00185369036626, 0.000116382747365],
        "median": [0.0754969716072, 0.397986233234, 0.262444853783, 0.414893776178, 0.729734778404, 1.65956485271, 2.91634583473, 3.20610237122, 3.77850914001, 3.38186192513, 1.35072278976, 1.3134188652, 1.32061696053, 0.616820335388, 0.495473027229, 0.257728338242, 0.240391165018, 0.249691233039, 0.203175783157, 0.183499649167, 0.123140506446, 0.112251065671, 0.0856111943722, 0.0646799057722, 0.059487849474, 0.072621755302, 0.0767514482141, 0.0893185734749, 0.0752699077129, 0.0638100653887, 0.0504208914936, 0.0348415747285, 0.0245339311659, 0.00928474217653, 0.00279958546162, 0.00107675069012, 0.000577724480536, 0.000175120134372, 1.4488985471e-05, 1.63831355167e-05],
        "min": [2.54566550075e-23, 6.51744460068e-22, 2.64130926881e-21, 3.55913320531e-21, 1.83182523227e-20, 2.3136332206e-20, 3.54335804708e-20, 6.54398350721e-20, 9.16133418428e-20, 2.82929632199e-19, 2.72104629716e-19, 2.82750780241e-19, 4.48587439114e-19, 7.1615668923e-19, 1.07721456426e-18, 1.19822240248e-18, 1.88289447795e-18, 2.12098352802e-18, 2.68124102191e-18, 2.81449816423e-18, 4.19042667284e-18, 4.45207175881e-18, 5.69603394044e-18, 6.88137135052e-18, 7.12783188198e-18, 9.14072709897e-18, 7.49900684799e-18, 1.04415744913e-17, 1.05132596176e-17, 1.21121980873e-17, 1.04992844011e-17, 1.15459259564e-17, 1.05586139306e-17, 7.34091526214e-18, 6.6409802568e-18, 4.36363374362e-18, 2.31318907631e-18, 8.72978294348e-19, 2.33025541501e-19, 2.76976775222e-20],
        "var": [2.935972929, 119.722717285, 122.93421936, 678.518127441, 1614.4074707, 624.052856445, 1048.05505371, 3189.6550293, 3526.16601562, 24551.5839844, 1772.1706543, 718.706420898, 1994.98071289, 726.937255859, 2302.36352539, 421.033416748, 674.602355957, 305.309051514, 150.871414185, 199.900985718, 73.0151138306, 52.4560890198, 23.6051235199, 30.3287448883, 25.8908405304, 28.4214992523, 36.0275764465, 121.770103455, 70.6316223145, 39.6196556091, 72.8584823608, 125.433151245, 41.3089485168, 13.1157932281, 5.15179586411, 0.837272465229, 0.135675817728, 0.0217775385827, 0.000388759857742, 6.11550262875e-07]
    },
    "gfcc": {
        "mean": [-168.469924927, 127.789855957, -60.2963867188, 11.0992097855, -64.2203140259, 5.84331083298, -27.1789245605, 3.99717569351, -11.392865181, 5.00177288055, -9.24190998077, 3.06463003159, -1.66660881042],
        "cov": [[33034.9648438, -3939.65551758, -2563.56079102, 4665.14550781, -1093.35913086, 2838.93359375, -771.555297852, 329.279510498, 221.309341431, -49.2414779663, 45.276889801, -15.4198284149, -168.999862671], [-3939.65551758, 3308.12768555, 884.501281738, -1007.88409424, 1046.39941406, -600.513305664, 821.587524414, 58.3210716248, 248.250152588, -24.1473522186, 13.6943330765, -173.812637329, 132.399215698], [-2563.56079102, 884.501281738, 3063.38793945, 24.4266681671, 232.840026855, 100.783599854, 43.4745903015, 141.688476562, 39.2299156189, 33.5528488159, 122.785980225, 45.1690101624, -76.0863037109], [4665.14550781, -1007.88409424, 24.4266681671, 2074.46875, 116.03352356, 680.556030273, -57.4227027893, -23.8163909912, 231.485046387, -41.4540634155, 179.214309692, 46.886592865, -10.0418014526], [-1093.35913086, 1046.39941406, 232.840026855, 116.03352356, 1156.0645752, -92.6136245728, 492.064178467, 125.924697876, 253.526016235, 81.2801513672, 72.610786438, -54.7529563904, 85.9077377319], [2838.93359375, -600.513305664, 100.783599854, 680.556030273, -92.6136245728, 911.247253418, 40.53490448, 83.3830184937, 158.69859314, -112.968727112, 70.6414642334, -62.8997154236, -11.5394515991], [-771.555297852, 821.587524414, 43.4745903015, -57.4227027893, 492.064178467, 40.53490448, 679.730834961, 141.867599487, 226.171432495, 18.270072937, 36.4093360901, -116.156173706, 92.1026306152], [329.279510498, 58.3210716248, 141.688476562, -23.8163909912, 125.924697876, 83.3830184937, 141.867599487, 269.155639648, 143.859481812, 95.2307357788, 59.0974197388, -4.21599006653, -9.742146492], [221.309341431, 248.250152588, 39.2299156189, 231.485046387, 253.526016235, 158.69859314, 226.171432495, 143.859481812, 338.161529541, 68.3754730225, 135.102142334, -9.51187038422, 16.5428123474], [-49.2414779663, -24.1473522186, 33.5528488159, -41.4540634155, 81.2801513672, -112.968727112, 18.270072937, 95.2307357788, 68.3754730225, 241.720397949, 79.1718521118, 45.0057182312, -22.5843982697], [45.276889801, 13.6943330765, 122.785980225, 179.214309692, 72.610786438, 70.6414642334, 36.4093360901, 59.0974197388, 135.102142334, 79.1718521118, 210.000366211, 48.6648864746, -15.4692163467], [-15.4198284149, -173.812637329, 45.1690101624, 46.886592865, -54.7529563904, -62.8997154236, -116.156173706, -4.21599006653, -9.51187038422, 45.0057182312, 48.6648864746, 201.66607666, 34.4761352539], [-168.999862671, 132.399215698, -76.0863037109, -10.0418014526, 85.9077377319, -11.5394515991, 92.1026306152, -9.742146492, 16.5428123474, -22.5843982697, -15.4692163467, 34.4761352539, 118.343063354]],
        "icov": [[8.02806316642e-05, -0.000110028020572, 0.000107124338683, -0.000202497147257, 8.61095322762e-05, -0.000227244396228, 0.000119048170745, -0.000254644430242, 0.000194357984583, -0.000179011607543, 0.000156431051437, -4.95526583109e-05, 6.47039851174e-05], [-0.000110028020572, 0.00114409357775, -0.000439962488599, 0.000702019431628, -0.000587567687035, 0.000860012019984, -0.00075469375588, 0.000910882023163, -0.00100976310205, 0.000861405977048, -0.000433419947512, 0.000538413820323, -0.000395645794924], [0.000107124338683, -0.000439962488599, 0.000592407770455, -0.0003701041569, 0.000131019580294, -0.000528769742232, 0.000309281807858, -0.000698484072927, 0.000680716359057, -0.000296568876365, 5.20492176292e-05, -0.000386169442208, 0.000517348293215], [-0.000202497147257, 0.000702019431628, -0.0003701041569, 0.00145513983443, -0.000613641517702, 0.000222558737732, -0.000340809259797, 0.00135497527663, -0.00115243473556, 0.000675048970152, -0.000756294932216, 7.66455632402e-05, -0.00017638153804], [8.61095322762e-05, -0.000587567687035, 0.000131019580294, -0.000613641517702, 0.00178005790804, -8.06845200714e-05, -0.000382608704967, -0.000542944530025, -1.93991927517e-05, -0.000690447515808, 0.000357463752152, -4.10830252804e-05, -0.000304839282762], [-0.000227244396228, 0.000860012019984, -0.000528769742232, 0.000222558737732, -8.06845200714e-05, 0.00291653140448, -0.00061087263748, 0.000150375431986, -0.0015391294146, 0.00196987041272, -0.000836727849673, 0.00112585397437, -0.000623278087005], [0.000119048170745, -0.00075469375588, 0.000309281807858, -0.000340809259797, -0.000382608704967, -0.00061087263748, 0.00385378254578, -0.00149677100126, -0.000521774112713, -0.000436660047853, 0.000176658068085, 0.00166777148843, -0.00219321041368], [-0.000254644430242, 0.000910882023163, -0.000698484072927, 0.00135497527663, -0.000542944530025, 0.000150375431986, -0.00149677100126, 0.00733279809356, -0.00293087144382, -0.0012339145178, 2.65627804765e-05, -0.000190154707525, 0.00069360085763], [0.000194357984583, -0.00100976310205, 0.000680716359057, -0.00115243473556, -1.93991927517e-05, -0.0015391294146, -0.000521774112713, -0.00293087144382, 0.00778468558565, -0.00118570844643, -0.00239372183569, -0.000424187252065, 0.000272131117526], [-0.000179011607543, 0.000861405977048, -0.000296568876365, 0.000675048970152, -0.000690447515808, 0.00196987041272, -0.000436660047853, -0.0012339145178, -0.00118570844643, 0.00726321153343, -0.00220082770102, -0.000528322067112, 0.000996878603473], [0.000156431051437, -0.000433419947512, 5.20492176292e-05, -0.000756294932216, 0.000357463752152, -0.000836727849673, 0.000176658068085, 2.65627804765e-05, -0.00239372183569, -0.00220082770102, 0.00852387398481, -0.00226057483815, 0.00188856723253], [-4.95526583109e-05, 0.000538413820323, -0.000386169442208, 7.66455632402e-05, -4.10830252804e-05, 0.00112585397437, 0.00166777148843, -0.000190154707525, -0.000424187252065, -0.000528322067112, -0.00226057483815, 0.00825345050544, -0.00483037205413], [6.47039851174e-05, -0.000395645794924, 0.000517348293215, -0.00017638153804, -0.000304839282762, -0.000623278087005, -0.00219321041368, 0.00069360085763, 0.000272131117526, 0.000996878603473, 0.00188856723253, -0.00483037205413, 0.0130334869027]]
    },
    "melbands": {
        "dmean": [0.00458256108686, 0.00237009255216, 0.00123874959536, 0.000895237841178, 0.000282044929918, 0.000224811868975, 0.000314852659358, 0.00036118135904, 6.24882086413e-05, 5.10124227731e-05, 4.67889585707e-05, 2.63435922534e-05, 3.2447729609e-05, 2.94142209896e-05, 1.16624278235e-05, 1.16663086374e-05, 8.32288424135e-06, 5.2781051636e-06, 7.6754595284e-06, 4.43015778728e-06, 2.78387778962e-06, 2.5818044378e-06, 1.63044239798e-06, 1.54961753651e-06, 1.53861526542e-06, 1.30010209887e-06, 1.20106437862e-06, 1.20623406019e-06, 1.31718627472e-06, 1.64458697327e-06, 2.4021394438e-06, 1.86975955785e-06, 1.59029377755e-06, 1.351780611e-06, 1.49772824898e-06, 2.76485707218e-06, 2.32001184486e-06, 1.81645225439e-06, 1.6317023892e-06, 8.42340796225e-07],
        "dmean2": [0.00725083611906, 0.00351442117244, 0.00206151953898, 0.00154224981088, 0.000494498410262, 0.000401949335355, 0.000543704081792, 0.000635055417661, 0.000102158403024, 7.79501933721e-05, 7.19308518455e-05, 4.32676715718e-05, 5.31083242095e-05, 4.62363677798e-05, 2.03038580366e-05, 1.94983003894e-05, 1.42261978908e-05, 8.96946039575e-06, 1.33131534312e-05, 7.88604029367e-06, 4.79694836031e-06, 4.45141904493e-06, 2.80079598269e-06, 2.69859833679e-06, 2.73178170573e-06, 2.27582563639e-06, 2.06600839192e-06, 1.98405155061e-06, 2.20590527533e-06, 2.78487914329e-06, 4.25521830039e-06, 3.27503744302e-06, 2.63225024355e-06, 2.19796743295e-06, 2.50308244176e-06, 4.76380137115e-06, 4.0049094423e-06, 3.11068333758e-06, 2.8647043564e-06, 1.46609625062e-06],
        "dvar": [0.000128156985738, 4.27348713856e-05, 2.76857772405e-05, 9.18295791053e-06, 1.51373842527e-06, 2.49246431849e-06, 1.65088727044e-06, 3.98945803681e-06, 6.63487540464e-08, 2.10069401874e-08, 3.16460457839e-08, 9.87236958849e-09, 2.44609115185e-08, 1.62703113205e-08, 2.825728318e-09, 3.11381209706e-09, 9.65144075771e-10, 3.63818197791e-10, 1.00723573926e-09, 3.56421114844e-10, 1.20644480517e-10, 1.01374887651e-10, 2.21841139209e-11, 2.9812086827e-11, 3.12222955823e-11, 1.87415673258e-11, 1.50348605094e-11, 1.35743829371e-11, 1.67262367151e-11, 2.33340291533e-11, 7.82661158105e-11, 3.66767761995e-11, 1.58126567396e-11, 1.2395194246e-11, 1.7191102708e-11, 1.05521320848e-10, 6.30881735741e-11, 2.95242788551e-11, 2.79092669114e-11, 9.44296810884e-12],
        "dvar2": [0.00032226528856, 9.6644864243e-05, 7.12540713721e-05, 2.55289469351e-05, 4.21111872129e-06, 7.06285982233e-06, 4.4520247684e-06, 1.09676839202e-05, 1.71417156025e-07, 4.57554811817e-08, 7.14753269904e-08, 2.62971955323e-08, 6.57292176243e-08, 4.23808614869e-08, 8.07226818722e-09, 8.44382874732e-09, 2.51103959847e-09, 9.85400649967e-10, 2.70966626914e-09, 1.01159614019e-09, 3.23514021128e-10, 2.8419760989e-10, 5.95178420437e-11, 8.32470134493e-11, 8.77082365069e-11, 5.26139860846e-11, 4.06020460308e-11, 3.44047811074e-11, 4.434515255e-11, 6.30478794172e-11, 2.20625670511e-10, 1.04712412352e-10, 4.05564401507e-11, 3.10929233749e-11, 4.434427478e-11, 2.83062573381e-10, 1.70059757942e-10, 7.94827467732e-11, 7.73832803391e-11, 2.56390984832e-11],
        "max": [0.131125047803, 0.0892791375518, 0.0691126212478, 0.043319772929, 0.0239493940026, 0.0284488964826, 0.016438851133, 0.0371478646994, 0.00488597294316, 0.00215989840217, 0.00336162373424, 0.00160983670503, 0.00332489726134, 0.00235124304891, 0.000693147070706, 0.000774321903009, 0.000365975050954, 0.000258738175035, 0.000432133994764, 0.000297638907796, 0.000184763543075, 0.000371335510863, 7.95366358943e-05, 7.73238061811e-05, 0.000102826321381, 6.70452718623e-05, 5.2436345868e-05, 4.14559945057e-05, 5.80113155593e-05, 4.95280146424e-05, 0.000112204019388, 8.62525994307e-05, 4.26506558142e-05, 5.43663591088e-05, 4.7861445637e-05, 0.000130899701617, 9.71382469288e-05, 7.02673642081e-05, 6.24539825367e-05, 4.80001945107e-05],
        "mean": [0.00727689778432, 0.00388212059624, 0.00108839059249, 0.000784146599472, 0.000274016114417, 0.000217318156501, 0.000282239518128, 0.000290248368401, 9.132597188e-05, 7.30619503884e-05, 7.16011418262e-05, 3.3524214814e-05, 3.20912477036e-05, 2.64685568254e-05, 1.01058303699e-05, 1.06968445834e-05, 8.01899841463e-06, 4.66304391011e-06, 5.87745989833e-06, 3.33370894623e-06, 2.19757953346e-06, 2.24676455218e-06, 1.48083927343e-06, 1.22479934817e-06, 1.19572575841e-06, 1.0385308542e-06, 1.06409459022e-06, 1.19385231301e-06, 1.29284023842e-06, 1.43996669522e-06, 1.89267586848e-06, 1.52174266077e-06, 1.45333672208e-06, 1.28829799451e-06, 1.35813581892e-06, 2.13707971852e-06, 1.7548611595e-06, 1.39512496844e-06, 1.23213726511e-06, 6.95708536114e-07],
        "median": [0.000697931507602, 0.000318780861562, 0.000105590814201, 8.27982221381e-05, 0.000102590711322, 7.53076383262e-05, 5.50020668015e-05, 3.05364010273e-05, 9.08150468604e-06, 8.31644865684e-06, 5.22692425875e-06, 2.11025826502e-06, 1.78462539679e-06, 7.28207851353e-07, 4.28893713433e-07, 4.42159404201e-07, 4.1380317839e-07, 3.00299234368e-07, 2.3101863178e-07, 1.74039982426e-07, 1.05894201852e-07, 1.09092141543e-07, 8.11971929693e-08, 4.93641998389e-08, 4.58034108419e-08, 3.91143437639e-08, 3.84971485801e-08, 4.45431602714e-08, 4.59345770309e-08, 4.34978595365e-08, 5.11598479136e-08, 4.10413178997e-08, 3.70605661715e-08, 3.2166280306e-08, 2.72327902451e-08, 2.49993288293e-08, 1.93570635076e-08, 1.76855348144e-08, 1.22364012256e-08, 5.82005776906e-09],
        "min": [5.15877561122e-25, 1.73346444959e-24, 1.49035457772e-24, 1.82937277794e-24, 1.53010399684e-24, 1.43160751446e-24, 1.40546949584e-24, 3.02134160573e-24, 1.72110950731e-24, 1.73714961331e-24, 1.63850058496e-24, 2.47320298625e-24, 3.11862432699e-24, 3.207331933e-24, 3.58864855914e-24, 2.93811816074e-24, 3.60102144801e-24, 2.89544966045e-24, 4.27171730051e-24, 3.86154907284e-24, 4.41011624102e-24, 3.85453925484e-24, 5.29966104129e-24, 4.20113791532e-24, 4.62213089233e-24, 4.16987180777e-24, 4.79411243043e-24, 5.61766862156e-24, 4.47626143906e-24, 3.26464346663e-24, 5.89644930445e-24, 5.4510990637e-24, 4.38275381166e-24, 5.4648919022e-24, 4.95485427835e-24, 5.73922025414e-24, 6.36141220503e-24, 6.24613162221e-24, 5.58706673489e-24, 5.63848034996e-24],
        "var": [0.00022388274374, 7.14210327715e-05, 2.23357255891e-05, 6.18391823082e-06, 1.00921681678e-06, 1.51503149937e-06, 1.15366185582e-06, 2.57675992543e-06, 7.94292489559e-08, 3.20848876356e-08, 4.89613398713e-08, 1.1265742117e-08, 1.81473129857e-08, 1.30629329576e-08, 2.5415829441e-09, 3.07617509243e-09, 9.58054191535e-10, 2.99445856999e-10, 7.14635683963e-10, 2.21504245501e-10, 8.76130626382e-11, 7.71834263169e-11, 2.20164875914e-11, 2.28616067049e-11, 2.09475319035e-11, 1.38427967006e-11, 1.3354121628e-11, 1.41744506757e-11, 1.5087464264e-11, 1.93641040702e-11, 5.22619100773e-11, 2.59192771412e-11, 1.48919990922e-11, 1.15803165668e-11, 1.4484234992e-11, 7.28668722583e-11, 4.30174576516e-11, 2.10321361022e-11, 1.88322968331e-11, 7.09464258175e-12]
    },
    "mfcc": {
        "mean": [-803.730529785, 145.135040283, 53.5297813416, 15.9303884506, -2.33859539032, 3.6569674015, -6.27887392044, 0.878293633461, 2.17908525467, 3.77181577682, -1.49137437344, 2.82378363609, 0.457792043686],
        "cov": [[17551.7890625, -1710.8762207, -109.310562134, 56.2612876892, 288.435424805, 1088.35437012, 233.611831665, 445.489379883, 100.12272644, 48.3629188538, 49.0981140137, 315.89666748, 75.0709457397], [-1710.8762207, 3030.53710938, 372.364776611, 245.770202637, 121.480804443, -1.71358835697, 253.482589722, 236.485412598, 329.441070557, 250.288085938, 131.424575806, 17.8645801544, 47.5920753479], [-109.310562134, 372.364776611, 1563.63623047, 313.610809326, 235.812210083, 197.22315979, 101.587310791, 190.699539185, 57.4533615112, 84.5557327271, 70.4855575562, 104.469276428, -6.45368528366], [56.2612876892, 245.770202637, 313.610809326, 875.762939453, 376.288909912, 204.956039429, 104.940055847, 16.0584621429, 20.1865253448, -7.95102834702, 53.5349769592, 94.4741516113, 132.592269897], [288.435424805, 121.480804443, 235.812210083, 376.288909912, 622.721435547, 267.179992676, 115.839248657, 108.284851074, 52.1238746643, 40.3340492249, 72.1979141235, 135.758422852, 99.9050216675], [1088.35437012, -1.71358835697, 197.22315979, 204.956039429, 267.179992676, 448.732177734, 196.15977478, 185.33531189, 106.834030151, 71.06690979, 59.7742195129, 70.4701385498, 22.5453586578], [233.611831665, 253.482589722, 101.587310791, 104.940055847, 115.839248657, 196.15977478, 287.331878662, 190.989364624, 162.639862061, 121.977714539, 75.6139373779, 35.0744819641, 16.6020355225], [445.489379883, 236.485412598, 190.699539185, 16.0584621429, 108.284851074, 185.33531189, 190.989364624, 300.126953125, 190.098251343, 120.173141479, 75.8141021729, 41.929145813, 6.43944644928], [100.12272644, 329.441070557, 57.4533615112, 20.1865253448, 52.1238746643, 106.834030151, 162.639862061, 190.098251343, 266.624328613, 162.751083374, 88.494682312, 29.9952831268, 6.76889371872], [48.3629188538, 250.288085938, 84.5557327271, -7.95102834702, 40.3340492249, 71.06690979, 121.977714539, 120.173141479, 162.751083374, 204.573562622, 137.937057495, 80.3748397827, 33.8491363525], [49.0981140137, 131.424575806, 70.4855575562, 53.5349769592, 72.1979141235, 59.7742195129, 75.6139373779, 75.8141021729, 88.494682312, 137.937057495, 214.015274048, 144.538970947, 70.7501068115], [315.89666748, 17.8645801544, 104.469276428, 94.4741516113, 135.758422852, 70.4701385498, 35.0744819641, 41.929145813, 29.9952831268, 80.3748397827, 144.538970947, 203.994674683, 122.376731873], [75.0709457397, 47.5920753479, -6.45368528366, 132.592269897, 99.9050216675, 22.5453586578, 16.6020355225, 6.43944644928, 6.76889371872, 33.8491363525, 70.7501068115, 122.376731873, 191.579330444]],
