{
"lowlevel": {
    "average_loudness": 0.628728449345,
    "barkbands_crest": {
        "dmean": 1.90463447571,
        "dmean2": 3.06984210014,
        "dvar": 3.54777288437,
        "dvar2": 7.86035251617,
        "max": 26.205701828,
        "mean": 13.6146965027,
        "median": 13.4067316055,
        "min": 2.79233837128,
        "var": 21.5266532898
    },
    "barkbands_flatness_db": {
        "dmean": 0.021370915696,
        "dmean2": 0.0350795723498,
        "dvar": 0.000385621766327,
        "dvar2": 0.000945976178627,
        "max": 0.530861794949,
        "mean": 0.333855360746,
        "median": 0.345568835735,
        "min": 0.0506169833243,
        "var": 0.00540751218796
    },
    "barkbands_kurtosis": {
        "dmean": 2.06385779381,
        "dmean2": 3.27633357048,
        "dvar": 12.2434215546,
        "dvar2": 32.5964927673,
        "max": 114.876060486,
        "mean": 4.72783565521,
        "median": 2.91353034973,
        "min": -1.87321579456,
        "var": 40.3439559937
    },
    "barkbands_skewness": {
        "dmean": 0.382911920547,
        "dmean2": 0.584096312523,
        "dvar": 0.176504939795,
        "dvar2": 0.366686075926,
        "max": 6.00161361694,
        "mean": 0.562426030636,
        "median": 0.414412081242,
        "min": -7.60896444321,
        "var": 1.86170816422
    },
    "barkbands_spread": {
        "dmean": 1.19800555706,
        "dmean2": 1.89035248756,
        "dvar": 3.01119351387,
        "dvar2": 7.64083242416,
        "max": 46.0198783875,
        "mean": 6.01824474335,
        "median": 4.42654752731,
        "min": 0.264478206635,
        "var": 26.6015739441
    },
    "dissonance": {
        "dmean": 0.0378092378378,
        "dmean2": 0.0641401857138,
        "dvar": 0.00148196402006,
        "dvar2": 0.00393194658682,
        "max": 0.500000119209,
        "mean": 0.386353492737,
        "median": 0.395895957947,
        "min": 0.144209995866,
        "var": 0.00503124762326
    },
    "dynamic_complexity": 6.40253067017,
    "erbbands_crest": {
        "dmean": 1.91620969772,
        "dmean2": 2.98984527588,
        "dvar": 3.97238659859,
        "dvar2": 8.82043838501,
        "max": 31.0254993439,
        "mean": 14.1217241287,
        "median": 13.9291601181,
        "min": 3.07861351967,
        "var": 27.2796630859
    },
    "erbbands_flatness_db": {
        "dmean": 0.0149830551818,
        "dmean2": 0.0229435041547,
        "dvar": 0.000230076300795,
        "dvar2": 0.000487149285618,
        "max": 0.517278552055,
        "mean": 0.358931034803,
        "median": 0.368148744106,
        "min": 0.0992582514882,
        "var": 0.00381477037445
    },
    "erbbands_kurtosis": {
        "dmean": 1.79937338829,
        "dmean2": 2.64201593399,
        "dvar": 10.3177623749,
        "dvar2": 19.2185440063,
        "max": 70.9665756226,
        "mean": 5.11638498306,
        "median": 2.73541402817,
        "min": -1.77467906475,
        "var": 57.3238677979
    },
    "erbbands_skewness": {
        "dmean": 0.350959211588,
        "dmean2": 0.528149545193,
        "dvar": 0.157001167536,
        "dvar2": 0.333665549755,
        "max": 5.27324962616,
        "mean": 0.754054486752,
        "median": 0.730990946293,
        "min": -6.57935094833,
        "var": 1.10012435913
    },
    "erbbands_spread": {
        "dmean": 1.80950522423,
        "dmean2": 2.73853731155,
        "dvar": 4.97848129272,
        "dvar2": 10.6480445862,
        "max": 58.981300354,
        "mean": 10.9240007401,
        "median": 8.92928218842,
        "min": 0.638065099716,
        "var": 64.6139526367
    },
    "hfc": {
        "dmean": 2.8195681572,
        "dmean2": 3.85356378555,
        "dvar": 28.7618999481,
        "dvar2": 51.6346931458,
        "max": 150.765182495,
        "mean": 10.370388031,
        "median": 7.5097694397,
        "min": 1.3042529942e-16,
        "var": 127.874137878
    },
    "melbands_crest": {
        "dmean": 2.33175182343,
        "dmean2": 3.74477648735,
        "dvar": 5.26829051971,
        "dvar2": 12.2880678177,
        "max": 32.539806366,
        "mean": 15.8538045883,
        "median": 15.1590461731,
        "min": 1.84898197651,
        "var": 30.966381073
    },
    "melbands_flatness_db": {
        "dmean": 0.0217991247773,
        "dmean2": 0.034207586199,
        "dvar": 0.000522846996319,
        "dvar2": 0.00118820962962,
        "max": 0.70467120409,
        "mean": 0.42046713829,
        "median": 0.431031227112,
        "min": 0.00608312478289,
        "var": 0.0094598447904
    },
    "melbands_kurtosis": {
        "dmean": 2.19795084,
        "dmean2": 3.48905277252,
        "dvar": 9.58666229248,
        "dvar2": 24.5189476013,
        "max": 64.6417999268,
        "mean": 5.4701051712,
        "median": 2.79613113403,
        "min": -1.92642569542,
        "var": 55.0555496216
    },
    "melbands_skewness": {
        "dmean": 0.402788698673,
        "dmean2": 0.615500926971,
        "dvar": 0.178025528789,
        "dvar2": 0.380691945553,
        "max": 6.56748008728,
        "mean": 0.846666753292,
        "median": 0.590243279934,
        "min": -5.79092216492,
        "var": 2.41081738472
    },
    "melbands_spread": {
        "dmean": 1.94877898693,
        "dmean2": 3.06751346588,
        "dvar": 10.2970314026,
        "dvar2": 22.4520759583,
        "max": 141.590942383,
        "mean": 9.86203384399,
        "median": 7.24318313599,
        "min": 0.752102136612,
        "var": 75.8408660889
    },
    "pitch_salience": {
        "dmean": 0.0534608513117,
        "dmean2": 0.0854334905744,
        "dvar": 0.00259529310279,
        "dvar2": 0.00619103107601,
        "max": 0.889569222927,
        "mean": 0.485747128725,
        "median": 0.483124703169,
        "min": 0.121409416199,
        "var": 0.0165364239365
    },
    "silence_rate_20dB": {
        "dmean": 0,
        "dmean2": 0,
        "dvar": 0,
        "dvar2": 0,
        "max": 1,
        "mean": 1,
        "median": 1,
        "min": 1,
        "var": 0
    },
    "silence_rate_30dB": {
        "dmean": 0.00447093881667,
        "dmean2": 0.00894271116704,
        "dvar": 0.0044503188692,
        "dvar2": 0.0112823070958,
        "max": 1,
        "mean": 0.996088266373,
        "median": 1,
        "min": 0,
        "var": 0.0038963672705
    },
    "silence_rate_60dB": {
        "dmean": 0.0167660210282,
        "dmean2": 0.0335351638496,
        "dvar": 0.0164828523993,
        "dvar2": 0.0378172025084,
        "max": 1,
        "mean": 0.218869328499,
        "median": 0,
        "min": 0,
        "var": 0.17095400393
    },
    "spectral_centroid": {
        "dmean": 45.6323509216,
        "dmean2": 69.9772567749,
        "dvar": 14020.578125,
        "dvar2": 19268.5019531,
        "max": 10961.9287109,
        "mean": 651.846557617,
        "median": 587.647033691,
        "min": 194.748825073,
        "var": 183765.46875
    },
    "spectral_complexity": {
        "dmean": 1.16635620594,
        "dmean2": 1.91560316086,
        "dvar": 1.58335697651,
        "dvar2": 3.65124344826,
        "max": 30,
        "mean": 8.34506893158,
        "median": 9,
        "min": 0,
        "var": 16.1085186005
    },
    "spectral_decrease": {
        "dmean": 1.21710785894e-09,
        "dmean2": 1.74756009663e-09,
        "dvar": 4.48947479816e-18,
        "dvar2": 8.71360990814e-18,
        "max": 6.92002698496e-29,
        "mean": -4.83017581487e-09,
        "median": -3.56145468672e-09,
        "min": -4.24305497404e-08,
        "var": 2.45648339362e-17
    },
    "spectral_energy": {
        "dmean": 0.00484255515039,
        "dmean2": 0.00693357549608,
        "dvar": 7.10666499799e-05,
        "dvar2": 0.000137230119435,
        "max": 0.170704230666,
        "mean": 0.0191707909107,
        "median": 0.0141320703551,
        "min": 1.15687824495e-20,
        "var": 0.000386026396882
    },
    "spectral_energyband_high": {
        "dmean": 1.78237951332e-06,
        "dmean2": 2.59090029431e-06,
        "dvar": 2.64408217543e-10,
        "dvar2": 7.40688510525e-10,
        "max": 0.00105721107684,
        "mean": 2.65631547336e-06,
        "median": 7.55286350795e-07,
        "min": 8.47499044142e-21,
        "var": 1.90658211441e-10
    },
    "spectral_energyband_low": {
        "dmean": 0.000514501996804,
        "dmean2": 0.000873879354913,
        "dvar": 6.14449390923e-07,
        "dvar2": 1.65304425082e-06,
        "max": 0.0264719296247,
        "mean": 0.00121824478265,
        "median": 0.000720233656466,
        "min": 7.7383121171e-23,
        "var": 2.83077838503e-06
    },
    "spectral_energyband_middle_high": {
        "dmean": 0.00071006215876,
        "dmean2": 0.000941194477491,
        "dvar": 9.12421546673e-06,
        "dvar2": 1.64183165907e-05,
        "max": 0.126828417182,
        "mean": 0.00164539227262,
        "median": 0.000626050401479,
        "min": 1.57763214536e-21,
        "var": 2.31979156524e-05
    },
    "spectral_energyband_middle_low": {
        "dmean": 0.00428865337744,
        "dmean2": 0.00616669422016,
        "dvar": 6.11405848758e-05,
        "dvar2": 0.000118508614833,
        "max": 0.155785903335,
        "mean": 0.0166250281036,
        "median": 0.0110263293609,
        "min": 2.57842859808e-22,
        "var": 0.000351564376615
    },
    "spectral_entropy": {
        "dmean": 0.159897059202,
        "dmean2": 0.256992995739,
        "dvar": 0.0350964926183,
        "dvar2": 0.0835004523396,
        "max": 9.80198955536,
        "mean": 5.87988185883,
        "median": 5.75913667679,
        "min": 4.46112966537,
        "var": 0.417469739914
    },
    "spectral_flux": {
        "dmean": 0.0179787166417,
        "dmean2": 0.0297219157219,
        "dvar": 0.000780650356319,
        "dvar2": 0.00198378693312,
        "max": 0.338017463684,
        "mean": 0.0370304323733,
        "median": 0.0290290284902,
        "min": 1.07558274787e-10,
        "var": 0.00106337969191
    },
    "spectral_kurtosis": {
        "dmean": 25.0972919464,
        "dmean2": 43.699962616,
        "dvar": 577.780273438,
        "dvar2": 1614.49279785,
        "max": 389.726776123,
        "mean": 61.0742416382,
        "median": 52.2447052002,
        "min": -1.21153485775,
        "var": 2309.92993164
    },
    "spectral_rms": {
        "dmean": 0.00047826388618,
        "dmean2": 0.00068736448884,
        "dvar": 4.39162789689e-07,
        "dvar2": 8.23448942811e-07,
        "max": 0.0129050659016,
        "mean": 0.00372559134848,
        "median": 0.00371313700452,
        "min": 3.35955612288e-12,
        "var": 4.82320092487e-06
    },
    "spectral_rolloff": {
        "dmean": 65.6549224854,
        "dmean2": 115.289741516,
        "dvar": 53264.0703125,
        "dvar2": 81784.234375,
        "max": 19121.484375,
        "mean": 757.456481934,
        "median": 645.99609375,
        "min": 129.19921875,
        "var": 289548.1875
    },
    "spectral_skewness": {
        "dmean": 1.43775856495,
        "dmean2": 2.52302408218,
        "dvar": 1.54084026814,
        "dvar2": 4.40510034561,
        "max": 15.2325963974,
        "mean": 4.98137950897,
        "median": 4.67564535141,
        "min": -0.013418732211,
        "var": 5.18907546997
    },
    "spectral_spread": {
        "dmean": 248184.203125,
        "dmean2": 432825.46875,
        "dvar": 165508661248,
        "dvar2": 237784547328,
        "max": 41054776,
        "mean": 1223637.25,
        "median": 1073050.625,
        "min": 221878.75,
        "var": 556230377472
    },
    "spectral_strongpeak": {
        "dmean": 0.470498174429,
        "dmean2": 0.709856987,
        "dvar": 0.50534838438,
        "dvar2": 1.00889313221,
        "max": 14.5525150299,
        "mean": 1.64851713181,
        "median": 1.42837953568,
        "min": 0,
        "var": 2.3513045311
    },
    "zerocrossingrate": {
        "dmean": 0.00210557645187,
        "dmean2": 0.00264868140221,
        "dvar": 2.09551526495e-05,
        "dvar2": 1.98113339138e-05,
        "max": 0.49609375,
        "mean": 0.0292853694409,
        "median": 0.02734375,
        "min": 0.00439453125,
        "var": 0.000328372290824
    },
    "barkbands": {
        "dmean": [5.34062019142e-06, 0.000154142442625, 0.000322322972352, 0.000369523331756, 0.000831083976664, 0.00122431665659, 0.000324851629557, 0.000730927160475, 0.00198320252821, 0.000406096922234, 0.000107948995719, 0.000177983340109, 2.90464595309e-05, 8.41981091071e-05, 6.10183124081e-05, 2.04807001865e-05, 7.96160293248e-06, 4.87774423164e-06, 4.1520402192e-06, 2.05434253076e-06, 9.81939592748e-07, 1.48112462739e-07, 6.5974951724e-08, 2.28950529646e-08, 2.72209610408e-09, 1.29863486631e-09, 7.86246623363e-10],
        "dmean2": [9.3943954198e-06, 0.000262339803157, 0.000551440229174, 0.000619205355179, 0.00135877076536, 0.00186589872465, 0.000476657674881, 0.00115813699085, 0.00257498584688, 0.000559374166187, 0.000158339025802, 0.000221815120312, 4.280243229e-05, 0.000103744961962, 7.91271377238e-05, 2.96498219541e-05, 1.18897542052e-05, 7.30063766241e-06, 5.51310949959e-06, 2.87094007945e-06, 1.54992653734e-06, 2.25798459041e-07, 1.04624426456e-07, 3.61234171464e-08, 4.78529793568e-09, 2.3434598706e-09, 1.42781941825e-09],
        "dvar": [1.02579882089e-10, 1.2148659323e-07, 2.57185519104e-07, 5.45797320228e-07, 4.13218867834e-06, 2.5386823836e-05, 2.74128228739e-06, 4.86949829792e-06, 2.34066228586e-05, 2.95433574138e-06, 2.04571915674e-06, 3.41767213285e-06, 3.94919368318e-08, 1.19425990874e-07, 3.18802221955e-07, 4.81690172194e-08, 9.87723569601e-10, 2.84068074619e-10, 1.73941555603e-10, 4.78822190231e-11, 2.23950108458e-10, 7.11782087263e-13, 1.79372006614e-13, 1.57021036527e-14, 2.00119885004e-16, 1.42893055303e-16, 3.45873020673e-18],
        "dvar2": [3.11842218714e-10, 3.00060690961e-07, 7.2806199114e-07, 1.51248264046e-06, 1.105105639e-05, 5.24432580278e-05, 4.25062262366e-06, 1.2516861716e-05, 3.91162648157e-05, 5.03068758917e-06, 4.25496364187e-06, 5.34702166988e-06, 1.0607888612e-07, 2.14986343394e-07, 5.33839283889e-07, 9.90034507709e-08, 2.01203631534e-09, 6.2763749753e-10, 3.15250631155e-10, 1.15009099466e-10, 6.40919650685e-10, 1.80616502657e-12, 4.67977165266e-13, 3.64299553252e-14, 5.33715142428e-16, 4.12425185988e-16, 1.04111731223e-17],
        "max": [0.000294909521472, 0.0185355357826, 0.0127097377554, 0.0177149735391, 0.063993267715, 0.130845114589, 0.127861395478, 0.0342316478491, 0.0963878333569, 0.0418371148407, 0.104048058391, 0.121717885137, 0.0133233023807, 0.0124714104459, 0.0359568186104, 0.0179064683616, 0.00187450810336, 0.000644562940579, 0.000513373524882, 0.000216581640416, 0.00100606679916, 4.63801588921e-05, 1.62294218171e-05, 3.47429249814e-06, 5.12203939707e-07, 6.93166100518e-07, 9.01205154946e-08],
        "mean": [5.74522255192e-06, 0.000348229339579, 0.000563407258596, 0.000725475314539, 0.00252572749741, 0.00328596960753, 0.00100434885826, 0.00185857992619, 0.00708780577406, 0.000724475190509, 0.000183579788427, 0.000345796346664, 7.10874155629e-05, 0.000248782715062, 0.00011823711975, 3.70493507944e-05, 1.37906545206e-05, 9.74710292212e-06, 7.84576695878e-06, 3.41729651154e-06, 1.24190648876e-06, 2.22314127996e-07, 7.69723627059e-08, 2.62491965941e-08, 4.0449461558e-09, 1.69439562381e-09, 1.13373799238e-09],
        "median": [2.68710164164e-06, 0.000128864950966, 0.000280128268059, 0.000353528477717, 0.000746114354115, 0.000320902443491, 0.000133348468808, 0.000818070664536, 0.00186886591837, 9.33510600589e-05, 2.08780656976e-05, 8.09529883554e-05, 2.98427657981e-05, 6.1728838773e-05, 1.62747164723e-05, 8.68072584126e-06, 4.05689206673e-06, 2.71279259323e-06, 1.98250904759e-06, 8.46293517043e-07, 3.23503996924e-07, 5.27953112339e-08, 1.04614006347e-08, 2.59316834672e-09, 4.18520468282e-10, 2.3362267676e-10, 2.13351350475e-10],
        "min": [4.48295768485e-23, 2.31195252025e-23, 3.22418716898e-23, 9.31388033727e-24, 7.79024188386e-23, 4.04232901328e-23, 2.31460467062e-23, 4.42633577343e-23, 4.25604500091e-23, 6.95650867709e-23, 1.23888976956e-22, 1.01447487168e-22, 1.18527057829e-22, 9.88146102542e-23, 4.49740330575e-23, 1.46196802152e-22, 2.5542803667e-22, 2.57608372482e-22, 2.54953786116e-22, 4.3963922543e-22, 3.82116674668e-22, 3.61942737153e-22, 6.57021674466e-22, 1.13837409752e-21, 1.59241799881e-21, 1.5109300052e-21, 2.7144862783e-21],
        "var": [1.00765146227e-10, 7.587058235e-07, 7.7556251199e-07, 1.30003547838e-06, 2.25987969316e-05, 9.43318300415e-05, 2.37802832999e-05, 8.41788278194e-06, 0.000120965007227, 7.73317424319e-06, 3.4056054119e-06, 7.52228561396e-06, 4.09087554942e-08, 4.27678827464e-07, 7.73673434651e-07, 7.95610333171e-08, 1.91375226777e-09, 5.71918679082e-10, 3.5585145941e-10, 6.61189158979e-11, 1.39558545276e-10, 7.13764225675e-13, 1.52358784226e-13, 1.52025761364e-14, 2.41400260682e-16, 9.5105845317e-17, 8.3528896779e-18]
    },
    "erbbands": {
        "dmean": [0.00220580399036, 0.044962245971, 0.302960336208, 0.755506932735, 2.02189397812, 2.9445245266, 5.03682422638, 12.5424880981, 6.09465074539, 6.87532806396, 27.2883434296, 25.7848186493, 35.2584953308, 7.42993402481, 5.31249761581, 5.32310199738, 1.6573677063, 2.54071974754, 3.35572552681, 2.78132462502, 1.18520307541, 0.561658680439, 0.328809291124, 0.261921644211, 0.115116491914, 0.0792186558247, 0.0615981072187, 0.0201045218855, 0.00681467400864, 0.00254124659114, 0.00209395005368, 0.000920724240132, 0.000171155872522, 4.71415660286e-05, 1.57106187544e-05, 8.48904528539e-06, 2.87853481495e-06, 7.26199800738e-07, 2.38857819568e-06, 5.50506956642e-06],
        "dmean2": [0.00373102398589, 0.0761169195175, 0.513247668743, 1.29846429825, 3.46944308281, 4.86722564697, 7.33740758896, 19.3202781677, 7.91131162643, 11.4112472534, 36.7915916443, 34.3147125244, 46.2223701477, 10.551117897, 7.28703927994, 6.81384563446, 2.2240357399, 3.34406042099, 4.09273147583, 3.71346092224, 1.60265612602, 0.807248830795, 0.482235610485, 0.34635207057, 0.162114009261, 0.111426144838, 0.0954594165087, 0.0304220505059, 0.0102003561333, 0.00386351090856, 0.00332070025615, 0.0014449423179, 0.000269811134785, 7.89161131252e-05, 2.64085356321e-05, 1.42772769323e-05, 4.51981077276e-06, 1.15715431548e-06, 3.39456596521e-06, 7.85684915172e-06],
        "dvar": [4.00005774281e-05, 0.00875594653189, 0.219943329692, 1.66383111477, 13.2349977493, 80.5693969727, 649.053771973, 2668.41992188, 868.790588379, 445.357177734, 4139.26513672, 3584.7109375, 10842.5244141, 975.920898438, 3024.47607422, 2493.2097168, 105.224807739, 127.686721802, 259.75, 512.858947754, 219.262557983, 5.46406078339, 1.07176053524, 0.541343748569, 0.134784549475, 0.0968639180064, 0.979325294495, 0.00641680043191, 0.0017696066061, 0.00017329241382, 0.000197603367269, 3.33780371875e-05, 5.21248807672e-07, 4.75299337666e-08, 6.56507648245e-09, 6.1456360001e-09, 1.89591120581e-10, 5.26164788822e-12, 1.73011344834e-11, 9.18832857022e-11],
        "dvar2": [0.000102793332189, 0.0216093603522, 0.592687964439, 4.66369438171, 38.3762435913, 225.24005127, 1386.79101562, 5393.93554688, 1184.09216309, 1200.79626465, 7929.20507812, 6172.1015625, 17718.9863281, 1886.2902832, 6135.90673828, 4021.77783203, 274.974639893, 244.231491089, 474.174804688, 908.647583008, 429.584625244, 10.0141134262, 2.23731994629, 0.941621184349, 0.280970960855, 0.249363735318, 2.80386519432, 0.0155726810917, 0.00452401069924, 0.000416189635871, 0.000513227656484, 7.93162689661e-05, 1.26727297811e-06, 1.24078837871e-07, 1.73009411242e-08, 1.77043055771e-08, 5.27944687967e-10, 1.3913287189e-11, 3.2949969142e-11, 1.76333544988e-10],
        "max": [0.405807346106, 4.62389707565, 14.0962686539, 31.2074394226, 80.8551101685, 364.64163208, 1186.42785645, 876.524230957, 2063.1171875, 637.219360352, 1456.80310059, 1156.54016113, 2089.3659668, 1043.5904541, 3517.01074219, 3272.71582031, 642.352600098, 586.964172363, 710.195861816, 1354.00195312, 1201.35705566, 132.535888672, 46.1487159729, 16.2737369537, 14.3987646103, 11.7572536469, 66.6087188721, 3.5457983017, 2.43023657799, 0.499204218388, 0.644328117371, 0.243001937866, 0.0205043461174, 0.00763731217012, 0.0032531064935, 0.00470747752115, 0.000770923332311, 0.000101783916762, 0.000107806416054, 0.000201093731448],
        "mean": [0.004600756336, 0.104986540973, 0.62464594841, 1.53492927551, 4.37043857574, 8.61621189117, 16.8266429901, 31.3471641541, 20.4682731628, 14.3884859085, 98.7454833984, 95.8184204102, 79.3098754883, 14.3497428894, 9.64689826965, 10.9298591614, 4.45684337616, 7.31631183624, 9.56110572815, 5.60066986084, 2.16347527504, 1.03810989857, 0.687750160694, 0.520725011826, 0.211664244533, 0.133322969079, 0.0813701674342, 0.0287866760045, 0.00984770897776, 0.00363174430095, 0.0023234821856, 0.00100213033147, 0.000236341918935, 7.66424273024e-05, 3.35283039021e-05, 1.86623947229e-05, 8.74349825608e-06, 2.09816585084e-06, 9.45616557146e-06, 2.17370379687e-05],
        "median": [0.00160236738157, 0.0408154465258, 0.304254174232, 0.897584021091, 2.40836119652, 1.72286522388, 1.78982496262, 2.93205118179, 2.57235407829, 5.93189001083, 32.5041656494, 27.4401512146, 14.1476621628, 3.14186191559, 2.18970274925, 3.08413267136, 1.86841464043, 2.69451165199, 1.7486474514, 1.24789786339, 0.606991946697, 0.366795241833, 0.241399243474, 0.172725871205, 0.0698600485921, 0.0339622050524, 0.0198666080832, 0.00771876657382, 0.00262464210391, 0.000806410971563, 0.000337316218065, 0.00012177957251, 4.14672831539e-05, 1.97649860638e-05, 1.42048029375e-05, 1.04035389086e-05, 5.98293581788e-06, 1.39188614412e-06, 6.949447652e-06, 1.60410199896e-05],
        "min": [7.98785860881e-22, 5.4909791947e-21, 3.4362371884e-20, 3.32858867896e-20, 1.26850382908e-19, 3.56465290722e-19, 1.43951605364e-19, 4.21832850888e-19, 4.92007028347e-19, 2.12523068687e-19, 1.28026207224e-18, 1.00958996425e-18, 1.72746444911e-18, 4.04046172292e-18, 3.54141125166e-18, 4.18929508976e-18, 4.73396622617e-18, 7.3515577679e-18, 2.30298601025e-18, 4.96038872088e-18, 9.24565330531e-18, 1.44368593315e-17, 1.39317993931e-17, 1.19542587027e-17, 1.25577415534e-17, 1.58965799954e-17, 2.16235748926e-17, 1.47308277407e-17, 1.23024744436e-17, 1.69938052994e-17, 2.03890971638e-17, 2.09314612935e-17, 1.96885727923e-17, 2.01294534414e-17, 8.76488766149e-18, 5.71032389911e-18, 2.98335136985e-18, 1.310010072e-18, 3.66388537091e-19, 4.00209593581e-20],
        "var": [0.000233912069234, 0.054832149297, 0.932680845261, 4.20507335663, 37.4555854797, 319.550018311, 4110.82519531, 7660.08398438, 6699.53613281, 884.722167969, 21673.9550781, 20115.59375, 35637.296875, 2184.70849609, 6241.29052734, 5286.52197266, 123.095840454, 314.417236328, 928.239562988, 1231.07006836, 322.108001709, 11.4022579193, 2.39109325409, 1.2315762043, 0.234073147178, 0.115661151707, 0.612618863583, 0.00741358846426, 0.00166405679192, 0.000205081087188, 0.000158337861649, 3.0786221032e-05, 5.59741295092e-07, 5.52060619441e-08, 7.90942156215e-09, 4.01392652449e-09, 1.86085757914e-10, 8.13751930423e-12, 9.05750682789e-11, 4.94244867255e-10]
    },
    "gfcc": {
        "mean": [-202.517456055, 223.781524658, -142.086227417, -23.6991004944, -27.3031864166, -30.3874053955, -11.2772197723, -12.7356147766, -5.89735555649, -14.6775217056, -15.2750139236, -21.740278244, -6.79188346863],
        "cov": [[8795.328125, 953.671203613, -1449.38171387, 153.389541626, -860.15435791, -1093.50341797, 486.945800781, -446.025909424, 286.374145508, -172.991622925, -52.0025901794, -398.330810547, 38.1078491211], [953.671203613, 3191.91503906, 1060.11376953, -457.786804199, 556.096496582, -633.256286621, 90.7046585083, -257.955078125, 15.0893964767, -228.613723755, 1.47028887272, -243.277053833, 27.5133190155], [-1449.38171387, 1060.11376953, 984.494018555, -174.487243652, 359.814575195, 17.095205307, -88.9255752563, 6.30684661865, -58.5445518494, -51.0993843079, 17.0393791199, 7.05146026611, 6.93327713013], [153.389541626, -457.786804199, -174.487243652, 450.535064697, -8.55834293365, 144.261123657, 7.60739517212, -7.81771039963, -4.92994451523, 4.26831531525, 36.3618164062, 70.1491928101, -2.71439647675], [-860.15435791, 556.096496582, 359.814575195, -8.55834293365, 404.171630859, 79.6207122803, -42.1790657043, -4.56800317764, -48.9366149902, -17.7653388977, 10.8920059204, 13.8486709595, 21.239654541], [-1093.50341797, -633.256286621, 17.095205307, 144.261123657, 79.6207122803, 418.609069824, -2.10566091537, 116.288505554, -6.90353870392, 16.7630462646, -17.6621589661, 79.6609039307, 5.2180814743], [486.945800781, 90.7046585083, -88.9255752563, 7.60739517212, -42.1790657043, -2.10566091537, 220.633850098, 90.4455871582, 52.2304878235, -38.1055641174, -70.8127822876, -81.8109130859, -15.7131700516], [-446.025909424, -257.955078125, 6.30684661865, -7.81771039963, -4.56800317764, 116.288505554, 90.4455871582, 204.687896729, 54.3819694519, 16.6089038849, -40.3151168823, -34.8059463501, -31.805267334], [286.374145508, 15.0893964767, -58.5445518494, -4.92994451523, -48.9366149902, -6.90353870392, 52.2304878235, 54.3819694519, 124.275314331, 33.7715263367, -18.8797130585, -39.2319946289, -6.98324918747], [-172.991622925, -228.613723755, -51.0993843079, 4.26831531525, -17.7653388977, 16.7630462646, -38.1055641174, 16.6089038849, 33.7715263367, 126.280014038, 36.8531723022, 37.3856277466, 0.860556960106], [-52.0025901794, 1.47028887272, 17.0393791199, 36.3618164062, 10.8920059204, -17.6621589661, -70.8127822876, -40.3151168823, -18.8797130585, 36.8531723022, 124.727973938, 86.6230163574, -4.39658975601], [-398.330810547, -243.277053833, 7.05146026611, 70.1491928101, 13.8486709595, 79.6609039307, -81.8109130859, -34.8059463501, -39.2319946289, 37.3856277466, 86.6230163574, 183.338043213, 48.6275482178], [38.1078491211, 27.5133190155, 6.93327713013, -2.71439647675, 21.239654541, 5.2180814743, -15.7131700516, -31.805267334, -6.98324918747, 0.860556960106, -4.39658975601, 48.6275482178, 87.398475647]],
        "icov": [[0.000572906341404, -0.000230401477893, 0.000651475216728, -0.000426040380262, 0.000701229961123, 0.000635177420918, -0.000888596114237, 0.0010087742703, -0.000762965879403, 0.00043066823855, -0.000743543787394, 0.00086216442287, -0.00082547927741], [-0.000230401477893, 0.0084382770583, -0.00634192535654, 0.00319849373773, -0.00943104922771, 0.00854373071343, -0.00816026609391, 0.00985935982317, -0.00967746041715, 0.00935598928481, -0.00750247156247, 0.00507462909445, -0.00211708364077], [0.000651475216728, -0.00634192535654, 0.0069594476372, -0.00204627285711, 0.00594104174525, -0.00553902518004, 0.00587079115212, -0.0068476065062, 0.0062892595306, -0.00555919576436, 0.00470572710037, -0.00325668486767, 0.00115320482291], [-0.000426040380262, 0.00319849373773, -0.00204627285711, 0.00446823425591, -0.00417843321338, 0.00150802440476, -0.00303928484209, 0.00390720320866, -0.00344004132785, 0.00365959643386, -0.00312488363124, 0.000600664992817, 0.000478531495901], [0.000701229961123, -0.00943104922771, 0.00594104174525, -0.00417843321338, 0.0150638706982, -0.00983334425837, 0.008101914078, -0.00972620770335, 0.0111540462822, -0.0103415511549, 0.00667500728741, -0.00341005413793, 0.000131661246996], [0.000635177420918, 0.00854373071343, -0.00553902518004, 0.00150802440476, -0.00983334425837, 0.0144955003634, -0.00902398582548, 0.008984092623, -0.0110907992348, 0.0105696823448, -0.00619349023327, 0.00356152723543, -0.00259243301116], [-0.000888596114237, -0.00816026609391, 0.00587079115212, -0.00303928484209, 0.008101914078, -0.00902398582548, 0.0181061532348, -0.0154716325924, 0.00968436338007, -0.0077898115851, 0.0109661063179, -0.00573540246114, 0.00318427151069], [0.0010087742703, 0.00985935982317, -0.0068476065062, 0.00390720320866, -0.00972620770335, 0.008984092623, -0.0154716325924, 0.0238738059998, -0.0158582162112, 0.0107616391033, -0.0100978398696, 0.00809065531939, -0.00152800872456], [-0.000762965879403, -0.00967746041715, 0.0062892595306, -0.00344004132785, 0.0111540462822, -0.0110907992348, 0.00968436338007, -0.0158582162112, 0.0249015204608, -0.0159486532211, 0.00943688023835, -0.00449772784486, 0.0018189662369], [0.00043066823855, 0.00935598928481, -0.00555919576436, 0.00365959643386, -0.0103415511549, 0.0105696823448, -0.0077898115851, 0.0107616391033, -0.0159486532211, 0.0225764960051, -0.0116115575656, 0.00523046869785, -0.00317139760591], [-0.000743543787394, -0.00750247156247, 0.00470572710037, -0.00312488363124, 0.00667500728741, -0.00619349023327, 0.0109661063179, -0.0100978398696, 0.00943688023835, -0.0116115575656, 0.0258794371039, -0.0159690864384, 0.0103153614327], [0.00086216442287, 0.00507462909445, -0.00325668486767, 0.000600664992817, -0.00341005413793, 0.00356152723543, -0.00573540246114, 0.00809065531939, -0.00449772784486, 0.00523046869785, -0.0159690864384, 0.0202488154173, -0.011647648178], [-0.00082547927741, -0.00211708364077, 0.00115320482291, 0.000478531495901, 0.000131661246996, -0.00259243301116, 0.00318427151069, -0.00152800872456, 0.0018189662369, -0.00317139760591, 0.0103153614327, -0.011647648178, 0.0197069402784]]
    },
    "melbands": {
        "dmean": [3.00428255287e-05, 0.000121870965813, 0.000159019124112, 0.000184160948265, 0.000160235023941, 0.000261417153524, 9.07533249119e-05, 9.02590472833e-05, 0.000266291404841, 0.000194372143596, 0.000181644136319, 3.37106030202e-05, 1.69708218891e-05, 2.16058233491e-05, 8.67397648108e-06, 3.26490112457e-06, 4.97662222188e-06, 6.00077282797e-06, 6.66079176881e-06, 1.15725447358e-06, 1.45980891375e-06, 5.71097928059e-07, 3.04068436208e-07, 2.57630091482e-07, 2.32775889231e-07, 1.09776962631e-07, 9.08593733584e-08, 4.10400495809e-08, 4.68220271443e-08, 1.4012106142e-08, 1.16595986199e-08, 3.85072596032e-09, 2.11515915893e-09, 1.17630927221e-09, 1.55350943221e-09, 5.72975444868e-10, 5.25678223173e-10, 1.11621892285e-10, 5.87273424335e-11, 3.08262304571e-11],
        "dmean2": [5.06670257892e-05, 0.000205443007872, 0.000268433825113, 0.000318924809108, 0.000235547166085, 0.000399113137973, 0.000117887102533, 0.000151283966261, 0.000347306777257, 0.000257982261246, 0.000236838459386, 4.79031114082e-05, 2.44139937422e-05, 2.66773404292e-05, 1.14452213893e-05, 4.51864298157e-06, 6.51736399959e-06, 7.28355371393e-06, 8.58986186358e-06, 1.72969339474e-06, 1.96710016098e-06, 8.46666807774e-07, 4.50569217492e-07, 3.80907380304e-07, 3.04462503209e-07, 1.57554495672e-07, 1.30178960944e-07, 5.6880640642e-08, 7.21605388776e-08, 2.20094715786e-08, 1.7512626016e-08, 5.89638382564e-09, 3.16826720415e-09, 1.84890702748e-09, 2.4833419765e-09, 9.32455002101e-10, 8.28933144348e-10, 1.78400280659e-10, 9.91010051798e-11, 5.35359222231e-11],
        "dvar": [6.07318950685e-09, 3.54634011046e-08, 7.93178855929e-08, 1.97378867028e-07, 5.23402604813e-07, 1.12451130008e-06, 1.60036492503e-07, 8.15592358094e-08, 3.80443879067e-07, 2.52243722798e-07, 2.82141684238e-07, 2.43821567381e-08, 4.95155703106e-08, 7.30221572098e-08, 3.65930796775e-09, 2.0530252498e-10, 4.31863184103e-10, 8.72730054891e-10, 3.9841863142e-09, 9.69067118217e-11, 3.61497110024e-10, 5.79815188917e-12, 5.66760939395e-13, 9.14962116488e-13, 4.52716016801e-13, 2.42042578471e-13, 1.16718158576e-13, 3.50497456308e-14, 6.11594976052e-13, 1.7720224024e-14, 1.64077238141e-15, 7.84654317585e-16, 1.18580350981e-16, 4.46362738925e-17, 1.2661219532e-16, 2.66953335568e-17, 1.03558206772e-17, 2.13871179215e-19, 1.34275091462e-19, 1.81688686739e-20],
        "dvar2": [1.47842298404e-08, 9.51711811581e-08, 2.1772015657e-07, 6.16418333266e-07, 1.143418217e-06, 2.2665412871e-06, 2.19982538852e-07, 2.17200195607e-07, 6.17769444489e-07, 4.24718479053e-07, 4.59518474827e-07, 4.43179537513e-08, 1.04818163038e-07, 1.12983919109e-07, 9.72635039176e-09, 3.76463971108e-10, 8.35181312997e-10, 1.47637857495e-09, 6.61475763053e-09, 2.53756737845e-10, 6.95682733642e-10, 1.12279838205e-11, 1.1373300305e-12, 2.11917679585e-12, 7.52831174136e-13, 4.69353126243e-13, 2.88980780494e-13, 8.51507110807e-14, 1.74836837716e-12, 4.94399172209e-14, 3.57751903866e-15, 2.06322551105e-15, 2.7381065292e-16, 1.10224728298e-16, 3.28838227747e-16, 7.23212149012e-17, 2.37557785052e-17, 5.29872254862e-19, 3.45827773894e-19, 4.82511414967e-20],
        "max": [0.00479209981859, 0.00547342421487, 0.0064709186554, 0.0147992838174, 0.0315175205469, 0.0184702072293, 0.0281470958143, 0.00499020097777, 0.0162686221302, 0.0103757707402, 0.0105139864609, 0.003363880096, 0.0162465162575, 0.0181393940002, 0.00367816817015, 0.000651974056382, 0.00102208298631, 0.00120370753575, 0.00399612030014, 0.000556143641006, 0.00151795812417, 0.000155015106429, 2.87687180389e-05, 4.03671328968e-05, 1.4858213035e-05, 2.47516290983e-05, 1.42635826705e-05, 7.63634670875e-06, 5.25732684764e-05, 8.86733687366e-06, 9.01751036508e-07, 1.71027647866e-06, 4.02906636054e-07, 2.20355232727e-07, 5.40809878657e-07, 3.03948695546e-07, 1.03494286918e-07, 1.64585447493e-08, 1.55752282183e-08, 4.38217062637e-09],
        "mean": [6.87338833814e-05, 0.000258409039816, 0.000344963453244, 0.000452336244052, 0.000552379002329, 0.000678325770423, 0.000295939389616, 0.000151211468619, 0.0010279789567, 0.000655425013974, 0.000399570446461, 6.07208276051e-05, 2.97114947898e-05, 3.82490106858e-05, 2.04583793675e-05, 8.65747915668e-06, 1.41765567605e-05, 1.74254619196e-05, 1.28251322167e-05, 2.20985134547e-06, 2.46425543082e-06, 9.7542124422e-07, 6.05163961609e-07, 5.11717360041e-07, 4.45887934575e-07, 1.90841518588e-07, 1.43382166584e-07, 6.88902375146e-08, 6.06978147744e-08, 1.91737363764e-08, 1.63182569679e-08, 5.39976907632e-09, 2.93286928077e-09, 1.57668766931e-09, 1.63504987327e-09, 6.20890727721e-10, 5.56392487638e-10, 1.47965875663e-10, 7.60223134444e-11, 4.32225401303e-11],
        "median": [2.43749691435e-05, 0.000125012273202, 0.000212112136069, 0.000181189054274, 6.06195899309e-05, 6.24811218586e-05, 3.90614222852e-05, 3.90895402234e-05, 0.000295210600598, 0.000174314016476, 5.81796957704e-05, 6.80072844261e-06, 4.41825841335e-06, 6.88876752974e-06, 4.26422548117e-06, 2.95932659355e-06, 4.65833818453e-06, 1.43058230151e-06, 1.55551094849e-06, 5.77327000428e-07, 4.78486526845e-07, 2.48297737926e-07, 2.35806666637e-07, 1.55342874564e-07, 1.26404273715e-07, 3.57343701296e-08, 3.10262713299e-08, 1.37913938048e-08, 1.21767405048e-08, 5.23318144374e-09, 3.6516405455e-09, 1.17683196521e-09, 6.67854271885e-10, 2.49068571323e-10, 1.88092486031e-10, 6.69861249802e-11, 4.52017832886e-11, 1.51099723011e-11, 6.48348822546e-12, 4.19810757338e-12],
        "min": [8.89069511581e-24, 1.43616498085e-23, 8.03229533293e-24, 1.78287187305e-23, 7.58924422729e-24, 9.55352760281e-24, 6.843531647e-24, 2.66929605791e-24, 1.08083962549e-23, 6.12948039357e-24, 8.12030459982e-24, 1.54438439082e-23, 1.55502391562e-23, 6.76983231693e-24, 1.36284603951e-23, 1.30438963205e-23, 1.34026663159e-23, 3.11710557254e-24, 4.06349628129e-24, 7.63409254747e-24, 1.24545115169e-23, 1.56629894676e-23, 1.24515666992e-23, 1.32850850202e-23, 8.55024957039e-24, 1.05916614543e-23, 7.64425070935e-24, 1.14652759975e-23, 1.59362556184e-23, 1.04520930275e-23, 7.70658097605e-24, 6.65725239942e-24, 8.30626435873e-24, 9.6388168773e-24, 1.25608752105e-23, 9.26790552372e-24, 1.48335590238e-23, 1.09214384449e-23, 1.97901898169e-23, 1.64740378747e-23],
        "var": [4.0378434818e-08, 1.61380839359e-07, 2.03174977287e-07, 5.74545083509e-07, 3.51762582795e-06, 3.48319008481e-06, 1.23384529616e-06, 1.14311184518e-07, 2.51568235399e-06, 1.17162812785e-06, 9.27718986077e-07, 5.8971970418e-08, 8.66519087594e-08, 1.6040172568e-07, 4.21262447148e-09, 5.37820343816e-10, 1.14846143706e-09, 3.52831697192e-09, 9.67925473105e-09, 1.8374853028e-10, 5.16072906631e-10, 1.20627336245e-11, 1.29216711116e-12, 1.64098248878e-12, 1.05926790776e-12, 4.30122354834e-13, 1.43566690654e-13, 4.60175043145e-14, 3.82814954866e-13, 1.22995545159e-14, 2.39754285083e-15, 6.85357809848e-16, 1.42240270834e-16, 5.31455073236e-17, 9.92928152021e-17, 1.90680698733e-17, 9.9915286811e-18, 2.34854851425e-19, 1.26180793126e-19, 2.38598696727e-20]
    },
    "mfcc": {
        "mean": [-819.134765625, 224.702758789, -13.1015605927, -2.24538064003, -0.472039550543, -11.7877664566, -3.91109418869, -3.91773581505, 2.46315479279, 5.69888496399, 1.63511538506, -5.59938812256, -12.96185112],
        "cov": [[5554.03173828, 2555.0690918, -1174.39599609, 383.849060059, -501.12701416, -709.247314453, -190.035614014, -370.317840576, -103.132995605, 102.240951538, 14.7789878845, -85.4106826782, -292.916625977], [2555.0690918, 2225.5390625, 280.411254883, 115.411712646, -18.0997486115, -324.862579346, -105.169212341, -171.178604126, -85.7082672119, 29.7763156891, -10.7818098068, -89.1376647949, -184.397827148], [-1174.39599609, 280.411254883, 1140.17102051, 25.8296356201, 236.611999512, 224.026199341, 32.9499359131, 91.4450912476, 2.40930747986, -63.4235115051, -34.1034736633, 3.98287200928, 40.9336624146], [383.849060059, 115.411712646, 25.8296356201, 243.242843628, 15.3902015686, -9.02611160278, 20.7164134979, -28.0171852112, -14.5226545334, -24.4381637573, -13.9736032486, 29.3435935974, 19.8717556], [-501.12701416, -18.0997486115, 236.611999512, 15.3902015686, 285.125427246, 152.583190918, 26.6314907074, 45.787727356, -37.4582290649, -49.3295288086, -35.5564689636, -10.4083099365, 69.6439056396], [-709.247314453, -324.862579346, 224.026199341, -9.02611160278, 152.583190918, 264.304229736, 65.0858459473, 63.5636711121, 21.9327831268, -57.2641983032, -34.7476348877, -4.88625144958, 47.8479804993], [-190.035614014, -105.169212341, 32.9499359131, 20.7164134979, 26.6314907074, 65.0858459473, 118.947311401, 84.9727935791, 33.9434700012, 9.04555892944, -0.46140486002, 0.282321900129, -3.22729301453], [-370.317840576, -171.178604126, 91.4450912476, -28.0171852112, 45.787727356, 63.5636711121, 84.9727935791, 177.397171021, 91.1233520508, 27.1987991333, 11.0691404343, 0.645649969578, 13.8935403824], [-103.132995605, -85.7082672119, 2.40930747986, -14.5226545334, -37.4582290649, 21.9327831268, 33.9434700012, 91.1233520508, 182.233352661, 108.821510315, 32.7269859314, -10.3943147659, -61.6864509583], [102.240951538, 29.7763156891, -63.4235115051, -24.4381637573, -49.3295288086, -57.2641983032, 9.04555892944, 27.1987991333, 108.821510315, 179.037536621, 69.767036438, -30.9017791748, -67.802734375], [14.7789878845, -10.7818098068, -34.1034736633, -13.9736032486, -35.5564689636, -34.7476348877, -0.46140486002, 11.0691404343, 32.7269859314, 69.767036438, 91.6286239624, 33.122844696, -27.0464820862], [-85.4106826782, -89.1376647949, 3.98287200928, 29.3435935974, -10.4083099365, -4.88625144958, 0.282321900129, 0.645649969578, -10.3943147659, -30.9017791748, 33.122844696, 105.698814392, 66.1180267334], [-292.916625977, -184.397827148, 40.9336624146, 19.8717556, 69.6439056396, 47.8479804993, -3.22729301453, 13.8935403824, -61.6864509583, -67.802734375, -27.0464820862, 66.1180267334, 189.276657104]],
