{
"lowlevel": {
    "average_loudness": 0.914744436741,
    "barkbands_crest": {
        "dmean": 2.01507902145,
        "dmean2": 3.31849193573,
        "dvar": 3.16782832146,
        "dvar2": 8.71414756775,
        "max": 24.3697967529,
        "mean": 10.7287855148,
        "median": 10.1069850922,
        "min": 3.10361480713,
        "var": 14.4193096161
    },
    "barkbands_flatness_db": {
        "dmean": 0.020391587168,
        "dmean2": 0.0322549380362,
        "dvar": 0.000539030006621,
        "dvar2": 0.00123170623556,
        "max": 0.557357013226,
        "mean": 0.2956610322,
        "median": 0.287149012089,
        "min": 0.0776535496116,
        "var": 0.00580814760178
    },
    "barkbands_kurtosis": {
        "dmean": 1.65232276917,
        "dmean2": 2.6307451725,
        "dvar": 9.50998592377,
        "dvar2": 20.5743713379,
        "max": 232.532928467,
        "mean": 3.11807584763,
        "median": 1.6620247364,
        "min": -1.92734730244,
        "var": 33.2217292786
    },
    "barkbands_skewness": {
        "dmean": 0.357724368572,
        "dmean2": 0.567991793156,
        "dvar": 0.128309056163,
        "dvar2": 0.320701360703,
        "max": 10.1396131516,
        "mean": 1.24808990955,
        "median": 1.13271141052,
        "min": -2.69314360619,
        "var": 0.707849025726
    },
    "barkbands_spread": {
        "dmean": 1.92480790615,
        "dmean2": 3.08421587944,
        "dvar": 7.71921873093,
        "dvar2": 16.2685184479,
        "max": 162.718399048,
        "mean": 11.0123920441,
        "median": 8.27483081818,
        "min": 0.470326095819,
        "var": 293.413879395
    },
    "dissonance": {
        "dmean": 0.0332086198032,
        "dmean2": 0.0559248588979,
        "dvar": 0.000966715451796,
        "dvar2": 0.00259128911421,
        "max": 0.500000059605,
        "mean": 0.41537976265,
        "median": 0.427844107151,
        "min": 0.0910103172064,
        "var": 0.00335448351689
    },
    "dynamic_complexity": 3.14683389664,
    "erbbands_crest": {
        "dmean": 1.95200240612,
        "dmean2": 3.03617978096,
        "dvar": 3.06458282471,
        "dvar2": 7.42045259476,
        "max": 28.2935314178,
        "mean": 10.4870538712,
        "median": 9.67012214661,
        "min": 2.31502485275,
        "var": 15.9239759445
    },
    "erbbands_flatness_db": {
        "dmean": 0.0150940939784,
        "dmean2": 0.0228597000241,
        "dvar": 0.00033584726043,
        "dvar2": 0.000647040025797,
        "max": 0.499403834343,
        "mean": 0.314988166094,
        "median": 0.320127487183,
        "min": 0.0229259971529,
        "var": 0.00524316355586
    },
    "erbbands_kurtosis": {
        "dmean": 0.74496370554,
        "dmean2": 1.14534878731,
        "dvar": 1.06288254261,
        "dvar2": 2.39922189713,
        "max": 25.0245132446,
        "mean": 0.508461236954,
        "median": -0.1808385849,
        "min": -1.67140483856,
        "var": 4.65708875656
    },
    "erbbands_skewness": {
        "dmean": 0.279851764441,
        "dmean2": 0.429543882608,
        "dvar": 0.0652616545558,
        "dvar2": 0.15490449965,
        "max": 4.13154745102,
        "mean": 0.616465389729,
        "median": 0.565892577171,
        "min": -1.29231321812,
        "var": 0.427631705999
    },
    "erbbands_spread": {
        "dmean": 2.99957418442,
        "dmean2": 4.5529127121,
        "dvar": 10.7524757385,
        "dvar2": 24.6132717133,
        "max": 95.667678833,
        "mean": 18.6451931,
        "median": 18.6689624786,
        "min": 2.15005779266,
        "var": 70.3869552612
    },
    "hfc": {
        "dmean": 3.08352375031,
        "dmean2": 4.78335952759,
        "dvar": 14.7893218994,
        "dvar2": 35.1303710938,
        "max": 65.7183151245,
        "mean": 15.475069046,
        "median": 14.3770561218,
        "min": 1.22960265707e-16,
        "var": 82.8352127075
    },
    "melbands_crest": {
        "dmean": 3.07489323616,
        "dmean2": 5.08754110336,
        "dvar": 9.94825172424,
        "dvar2": 27.3982181549,
        "max": 36.7707366943,
        "mean": 14.5886907578,
        "median": 13.3462266922,
        "min": 3.02277112007,
        "var": 32.2970504761
    },
    "melbands_flatness_db": {
        "dmean": 0.0240280739963,
        "dmean2": 0.038328923285,
        "dvar": 0.00080716406228,
        "dvar2": 0.00185557012446,
        "max": 0.721805512905,
        "mean": 0.398540556431,
        "median": 0.38611009717,
        "min": 0.00899149104953,
        "var": 0.0094586526975
    },
    "melbands_kurtosis": {
        "dmean": 2.34371352196,
        "dmean2": 3.75407314301,
        "dvar": 12.2959861755,
        "dvar2": 32.056137085,
        "max": 84.6621704102,
        "mean": 5.65061187744,
        "median": 3.9132578373,
        "min": -1.42477416992,
        "var": 36.8371658325
    },
    "melbands_skewness": {
        "dmean": 0.395540624857,
        "dmean2": 0.626790463924,
        "dvar": 0.166827097535,
        "dvar2": 0.42402368784,
        "max": 7.5754070282,
        "mean": 1.73365688324,
        "median": 1.5914119482,
        "min": -0.741808354855,
        "var": 0.736222445965
    },
    "melbands_spread": {
        "dmean": 2.32803535461,
        "dmean2": 3.69409513474,
        "dvar": 10.2360582352,
        "dvar2": 21.2101287842,
        "max": 194.800018311,
        "mean": 11.4315404892,
        "median": 10.0988769531,
        "min": 0.610939800739,
        "var": 63.5529556274
    },
    "pitch_salience": {
        "dmean": 0.0587812624872,
        "dmean2": 0.0956494137645,
        "dvar": 0.00274034310132,
        "dvar2": 0.00750418100506,
        "max": 0.918401479721,
        "mean": 0.544018030167,
        "median": 0.549535870552,
        "min": 0.134417980909,
        "var": 0.00934161711484
    },
    "silence_rate_20dB": {
        "dmean": 0,
        "dmean2": 0,
        "dvar": 0,
        "dvar2": 0,
        "max": 1,
        "mean": 1,
        "median": 1,
        "min": 1,
        "var": 0
    },
    "silence_rate_30dB": {
        "dmean": 0.0121353557333,
        "dmean2": 0.0242726001889,
        "dvar": 0.0119883846492,
        "dvar2": 0.0308403205127,
        "max": 1,
        "mean": 0.990276932716,
        "median": 1,
        "min": 0,
        "var": 0.00962794851512
    },
    "silence_rate_60dB": {
        "dmean": 0.000777907436714,
        "dmean2": 0.00155593594536,
        "dvar": 0.000777211098466,
        "dvar2": 0.00170942093246,
        "max": 1,
        "mean": 0.030647167936,
        "median": 0,
        "min": 0,
        "var": 0.0297070834786
    },
    "spectral_centroid": {
        "dmean": 70.8737030029,
        "dmean2": 111.146682739,
        "dvar": 14501.0878906,
        "dvar2": 28470.3984375,
        "max": 11159.5,
        "mean": 597.948608398,
        "median": 534.466796875,
        "min": 172.734069824,
        "var": 165379.15625
    },
    "spectral_complexity": {
        "dmean": 1.93201088905,
        "dmean2": 3.16975259781,
        "dvar": 5.25518751144,
        "dvar2": 12.5274419785,
        "max": 36,
        "mean": 14.6531581879,
        "median": 15,
        "min": 0,
        "var": 26.4737567902
    },
    "spectral_decrease": {
        "dmean": 2.42702680175e-09,
        "dmean2": 3.93066690307e-09,
        "dvar": 9.88562888318e-18,
        "dvar2": 2.47880552419e-17,
        "max": 1.36322160157e-15,
        "mean": -1.01080344095e-08,
        "median": -9.11666830916e-09,
        "min": -4.39695320154e-08,
        "var": 3.728661864e-17
    },
    "spectral_energy": {
        "dmean": 0.00936268549412,
        "dmean2": 0.0151450652629,
        "dvar": 0.000143822355312,
        "dvar2": 0.00035987154115,
        "max": 0.167850598693,
        "mean": 0.0395536422729,
        "median": 0.0359166935086,
        "min": 1.08956076805e-20,
        "var": 0.000557923747692
    },
    "spectral_energyband_high": {
        "dmean": 1.43849329106e-05,
        "dmean2": 2.31823396462e-05,
        "dvar": 2.79433920447e-09,
        "dvar2": 6.29333429814e-09,
        "max": 0.000890089140739,
        "mean": 2.0493829652e-05,
        "median": 1.36128210215e-06,
        "min": 7.90320668976e-21,
        "var": 4.57869475667e-09
    },
    "spectral_energyband_low": {
        "dmean": 0.00520124379545,
        "dmean2": 0.00871657859534,
        "dvar": 0.000123426871141,
        "dvar2": 0.000318990641972,
        "max": 0.135713607073,
        "mean": 0.00946705508977,
        "median": 0.00319822365418,
        "min": 7.68208400505e-23,
        "var": 0.000222894799663
    },
    "spectral_energyband_middle_high": {
        "dmean": 0.00113499793224,
        "dmean2": 0.00167360971682,
        "dvar": 3.11418330057e-06,
        "dvar2": 6.71926636642e-06,
        "max": 0.0284277293831,
        "mean": 0.00398060819134,
        "median": 0.00319114187732,
        "min": 1.42692583562e-21,
        "var": 1.23171485029e-05
    },
    "spectral_energyband_middle_low": {
        "dmean": 0.00573202827945,
        "dmean2": 0.00923227332532,
        "dvar": 3.53356772393e-05,
        "dvar2": 9.43544655456e-05,
        "max": 0.108636543155,
        "mean": 0.0252463761717,
        "median": 0.0237009432167,
        "min": 4.1441678007e-22,
        "var": 0.000208326193388
    },
    "spectral_entropy": {
        "dmean": 0.158982351422,
        "dmean2": 0.245981916785,
        "dvar": 0.0371273830533,
        "dvar2": 0.0830853804946,
        "max": 9.80299282074,
        "mean": 6.16296863556,
        "median": 6.16731405258,
        "min": 4.05363988876,
        "var": 0.380075991154
    },
    "spectral_flux": {
        "dmean": 0.019457526505,
        "dmean2": 0.0318408608437,
        "dvar": 0.000489169615321,
        "dvar2": 0.00113469583448,
        "max": 0.304770857096,
        "mean": 0.0719629302621,
        "median": 0.0658474341035,
        "min": 1.04382030797e-10,
        "var": 0.0015650303103
    },
    "spectral_kurtosis": {
        "dmean": 25.1511726379,
        "dmean2": 43.4471321106,
        "dvar": 953.050048828,
        "dvar2": 2678.40136719,
        "max": 615.726196289,
        "mean": 66.3682250977,
        "median": 41.01978302,
        "min": -1.24383950233,
        "var": 5563.52539062
    },
    "spectral_rms": {
        "dmean": 0.000685134029482,
        "dmean2": 0.00109972304199,
        "dvar": 5.42011207472e-07,
        "dvar2": 1.36651988214e-06,
        "max": 0.0127967447042,
        "mean": 0.00589598575607,
        "median": 0.0059195170179,
        "min": 3.26034685361e-12,
        "var": 3.82605458071e-06
    },
    "spectral_rolloff": {
        "dmean": 131.370697021,
        "dmean2": 228.725708008,
        "dvar": 137039.484375,
        "dvar2": 329939.15625,
        "max": 19789.0136719,
        "mean": 983.458251953,
        "median": 559.86328125,
        "min": 43.06640625,
        "var": 5985026
    },
    "spectral_skewness": {
        "dmean": 1.3248193264,
        "dmean2": 2.29322886467,
        "dvar": 1.61956346035,
        "dvar2": 4.58238315582,
        "max": 19.7580757141,
        "mean": 4.98940181732,
        "median": 4.04508972168,
        "min": 0.0165002439171,
        "var": 9.40521717072
    },
    "spectral_spread": {
        "dmean": 293134.1875,
        "dmean2": 467015.90625,
        "dvar": 201419620352,
        "dvar2": 303362998272,
        "max": 41793700,
        "mean": 1520813.625,
        "median": 1162146.75,
        "min": 166544.28125,
        "var": 2.63951771238e+12
    },
    "spectral_strongpeak": {
        "dmean": 0.429374575615,
        "dmean2": 0.75236171484,
        "dvar": 0.339679479599,
        "dvar2": 0.901809990406,
        "max": 6.48160743713,
        "mean": 1.03015899658,
        "median": 0.919892668724,
        "min": 0,
        "var": 0.757036328316
    },
    "zerocrossingrate": {
        "dmean": 0.00347004458308,
        "dmean2": 0.00453139748424,
        "dvar": 6.08582158748e-05,
        "dvar2": 0.00010868658137,
        "max": 0.64892578125,
        "mean": 0.033624522388,
        "median": 0.02490234375,
        "min": 0.00244140625,
        "var": 0.00446110870689
    },
    "barkbands": {
        "dmean": [0.00262108468451, 0.00298840762116, 0.00110895489343, 0.000987504376099, 0.00343867228366, 0.00152451405302, 0.00080422044266, 0.00232359394431, 0.000445610203315, 0.000104691527667, 0.000327194778947, 0.000404837745009, 0.000230200210353, 0.000188206322491, 0.00019076008175, 0.000255441729678, 4.79109003209e-05, 4.12989393226e-05, 1.33178118631e-05, 6.97114910508e-06, 2.44264083449e-06, 3.03706792693e-06, 3.54907183464e-06, 6.26021176231e-07, 2.18789250539e-06, 5.06264257183e-07, 1.38288001494e-07],
        "dmean2": [0.00430563744158, 0.00520205870271, 0.00178742862772, 0.00161562196445, 0.0056649716571, 0.00224073580466, 0.00117269030306, 0.00377641874366, 0.000643472129013, 0.000154485926032, 0.000468177808216, 0.0005966599565, 0.000360304198693, 0.000288140377961, 0.000300360232359, 0.000380985904485, 7.14719426469e-05, 6.86354469508e-05, 2.3424579922e-05, 1.28662904899e-05, 4.00822591473e-06, 4.52787799077e-06, 5.71154259887e-06, 1.02425565274e-06, 3.19600917464e-06, 7.10729750608e-07, 2.06041789852e-07],
        "dvar": [3.16339319397e-05, 5.95528217673e-05, 5.24386859979e-06, 2.24168229579e-06, 1.67857069755e-05, 5.01706790601e-06, 9.85878045867e-07, 1.18104262583e-05, 4.67115285119e-07, 6.76481164419e-08, 3.11390408569e-07, 5.69741757772e-07, 2.44606752631e-07, 9.64661737157e-08, 1.52853061763e-07, 2.09288074871e-07, 9.93248683301e-09, 1.25894770164e-08, 3.49668760613e-09, 1.43980083411e-09, 7.12982936579e-11, 1.55123830448e-10, 2.13447523545e-10, 1.02032072027e-11, 9.96208532333e-11, 2.08549236907e-11, 3.50790360301e-13],
        "dvar2": [7.50940453145e-05, 0.000163915319717, 1.20482000057e-05, 5.91978778175e-06, 5.04049748997e-05, 1.07436580947e-05, 1.98257362172e-06, 3.13237069349e-05, 9.85363953987e-07, 1.1985238757e-07, 6.07650406437e-07, 1.14541694529e-06, 5.59884938411e-07, 2.17833445504e-07, 3.73330635739e-07, 4.55644823205e-07, 1.96404492669e-08, 3.31250618046e-08, 9.79930536715e-09, 4.11634637487e-09, 1.83230278172e-10, 3.56669332957e-10, 5.09046083064e-10, 2.34777024211e-11, 1.84221443655e-10, 3.72786766734e-11, 7.04166434363e-13],
        "max": [0.0635591298342, 0.0992620363832, 0.0356576479971, 0.0267634056509, 0.067677423358, 0.0970562323928, 0.0410446971655, 0.0711614191532, 0.0133031429723, 0.0201854594052, 0.0104927718639, 0.0115786762908, 0.0110060591251, 0.00555992918089, 0.00802223850042, 0.00847838260233, 0.00193371716887, 0.00226757861674, 0.000692646426614, 0.000453789922176, 8.90670635272e-05, 0.000267261086265, 0.000280080450466, 7.03002151567e-05, 0.000135078997118, 0.000152122505824, 7.66963785281e-06],
        "mean": [0.0047402465716, 0.00374692887999, 0.00186425761785, 0.00165744929109, 0.0100335264578, 0.00435458915308, 0.00225990987383, 0.0056513636373, 0.00119930598885, 0.000273264275165, 0.000845860631671, 0.000931679038331, 0.000424166006269, 0.000409999163821, 0.000361136742868, 0.000592137221247, 0.000113462308946, 5.6271248468e-05, 1.46339252751e-05, 5.84471717957e-06, 3.17794933835e-06, 4.18746549258e-06, 4.74984835819e-06, 8.31747001939e-07, 3.76922048417e-06, 7.16618217211e-07, 1.78105523219e-07],
        "median": [5.80993128096e-06, 0.000591037678532, 0.00109138176776, 0.00110133108683, 0.00769315566868, 0.00248351320624, 0.00157495180611, 0.00333630526438, 0.000676291238051, 9.87214953057e-05, 0.00038794829743, 0.000365740386769, 0.000170812301803, 0.000192247433006, 0.000136642192956, 0.000167665595654, 3.65427404176e-05, 1.46812853927e-05, 4.35508991359e-06, 1.00612317055e-06, 3.19577111441e-07, 1.91468075172e-07, 4.83579079003e-08, 1.35370203935e-08, 5.8680242887e-09, 6.56179466318e-09, 1.07500497393e-08],
        "min": [5.02734428466e-24, 3.66723567138e-24, 2.26441260666e-23, 6.94979263088e-23, 3.86195565175e-23, 1.34152902992e-22, 6.62098846361e-23, 6.42218036937e-23, 2.92280096687e-23, 4.91569995619e-23, 5.76777165465e-23, 9.99118147991e-23, 7.6717884236e-23, 5.61217609862e-23, 1.55254553553e-22, 2.22802516679e-22, 1.60355719441e-22, 1.18361232956e-22, 1.61567245709e-22, 4.8379877538e-22, 4.00572309048e-22, 5.35228315971e-22, 5.09495244103e-22, 7.93970300506e-22, 1.26154524891e-21, 1.97181682677e-21, 2.47068145705e-21],
        "var": [8.4854720626e-05, 6.58314675093e-05, 7.53916401663e-06, 3.45267858393e-06, 6.7375076469e-05, 4.0975461161e-05, 5.2744221648e-06, 4.34548928752e-05, 2.0025622689e-06, 4.21826200636e-07, 1.3432348851e-06, 1.77159154191e-06, 5.08441871716e-07, 3.11745282033e-07, 3.36586026606e-07, 7.80362540809e-07, 3.58345459972e-08, 1.55314570094e-08, 2.26909580014e-09, 8.38821789806e-10, 8.33301552761e-11, 2.39062880603e-10, 3.71014302614e-10, 1.33483701523e-11, 2.49848169931e-10, 2.99936395165e-11, 6.17823771743e-13]
    },
    "erbbands": {
        "dmean": [0.194863736629, 0.339307188988, 0.971430182457, 2.26906204224, 6.28031587601, 12.5901956558, 19.8555641174, 11.0096530914, 8.61892032623, 32.6216850281, 30.2267971039, 10.8777303696, 4.50295448303, 6.08540248871, 16.9335670471, 10.6644010544, 9.998005867, 7.69921731949, 11.36024189, 9.05894851685, 11.2653465271, 2.74422311783, 2.73906946182, 0.786571502686, 0.584844052792, 0.325220733881, 0.150218144059, 0.098943978548, 0.0950524806976, 0.139926046133, 0.063837647438, 0.0152520323172, 0.0134568028152, 0.0153898531571, 0.0234513878822, 0.00404712511227, 0.00103260402102, 7.49839018681e-05, 3.79763114324e-05, 1.13892765512e-05],
        "dmean2": [0.337375372648, 0.597622394562, 1.55411851406, 3.77348470688, 10.3505105972, 20.4001235962, 30.6113109589, 17.3548088074, 13.1020050049, 52.0380325317, 48.8409042358, 15.7745075226, 6.51941871643, 9.00438785553, 24.4030513763, 15.5874834061, 15.5363302231, 11.7795848846, 17.7180805206, 13.8868970871, 16.910358429, 4.10703039169, 4.46057415009, 1.34723031521, 1.07173657417, 0.601970434189, 0.274183243513, 0.149924829602, 0.155684828758, 0.205794006586, 0.101204238832, 0.0240083523095, 0.0218060575426, 0.0250233188272, 0.0333586074412, 0.00555274868384, 0.00136166962329, 0.0001060495415, 5.55726401217e-05, 1.81168670679e-05],
        "dvar": [0.24233970046, 0.661806046963, 3.6507806778, 15.726723671, 78.5705947876, 224.975082397, 930.861816406, 267.278930664, 106.012153625, 2004.00671387, 1957.84985352, 320.951507568, 58.1083755493, 147.626190186, 785.144287109, 350.903808594, 447.478912354, 148.043258667, 493.220153809, 233.280944824, 436.104370117, 29.7296066284, 48.5570602417, 7.45105028152, 9.71053981781, 3.16777133942, 0.554664671421, 0.12896810472, 0.173137769103, 0.317133933306, 0.0719563439488, 0.0211169254035, 0.00412262137979, 0.00555185321718, 0.0107323070988, 0.000618924677838, 6.72515452607e-05, 2.00250070748e-07, 2.2814903744e-08, 2.40851560918e-10],
        "dvar2": [0.651933729649, 1.95141732693, 8.39234542847, 38.7955245972, 232.379455566, 659.401977539, 2248.91430664, 765.464538574, 268.342468262, 5154.09033203, 5058.234375, 659.543395996, 113.908851624, 299.454528809, 1640.0480957, 705.729492188, 1024.51074219, 348.440216064, 1176.38085938, 557.108703613, 929.623535156, 60.2793045044, 127.183685303, 20.3795566559, 27.9943695068, 9.0908203125, 1.589589715, 0.267046570778, 0.444306701422, 0.509578108788, 0.172479882836, 0.0488993786275, 0.0102421436459, 0.0133930444717, 0.0197701714933, 0.00114590872545, 0.00011648175132, 4.11964180103e-07, 4.67385312675e-08, 5.40654521153e-10],
        "max": [5.79646396637, 10.9623155594, 28.6322154999, 63.479598999, 156.683334351, 273.820343018, 833.251220703, 348.453796387, 289.932403564, 1138.29418945, 652.96270752, 337.819854736, 481.337585449, 478.097961426, 554.271179199, 266.90512085, 467.967315674, 223.061096191, 491.865753174, 227.030212402, 349.749145508, 108.677574158, 144.208175659, 31.967004776, 37.736541748, 21.4724559784, 8.95437526703, 5.36944389343, 9.8955116272, 6.9157204628, 6.69706344604, 5.44761896133, 1.75492870808, 1.19754648209, 1.57057189941, 0.785988926888, 0.272119343281, 0.014039025642, 0.00207963795401, 0.000228062795941],
        "mean": [0.229514375329, 0.456624448299, 1.77169549465, 4.13583707809, 13.8787746429, 34.5994567871, 57.6901092529, 28.11186409, 25.5263957977, 99.6438598633, 71.2778778076, 29.461605072, 13.2128124237, 17.2107143402, 42.8379745483, 27.5035171509, 20.3851795197, 18.4526882172, 24.3566970825, 20.941532135, 26.3496170044, 6.88779067993, 4.52752923965, 1.03456699848, 0.548501849174, 0.277664542198, 0.135107174516, 0.14639928937, 0.113534860313, 0.244533017278, 0.0802597478032, 0.0173018556088, 0.0191535241902, 0.0240099411458, 0.0364279225469, 0.00579311465845, 0.00137945637107, 0.000106144980236, 6.35931355646e-05, 4.61871568405e-05],
        "median": [0.00446693552658, 0.165504798293, 1.16828131676, 2.89792108536, 8.82528972626, 26.7847728729, 29.3910369873, 19.1178951263, 19.6725959778, 65.2646026611, 43.3326301575, 16.6493911743, 7.39055633545, 8.51874828339, 23.0598182678, 13.905254364, 9.30981636047, 11.2917766571, 12.5691013336, 11.5441608429, 8.76759243011, 3.13166952133, 1.41235494614, 0.418915808201, 0.145841419697, 0.0489172264934, 0.018541701138, 0.0109973084182, 0.00725183123723, 0.0044282162562, 0.00130667653866, 0.00036885967711, 0.000211896782275, 0.000116094030091, 5.37435771548e-05, 3.72167269234e-05, 2.48327669397e-05, 6.90093838784e-06, 1.82044241228e-05, 4.1003098886e-05],
        "min": [1.54122960984e-22, 9.89502589889e-22, 1.67399351684e-20, 1.65953601532e-19, 1.11269337471e-19, 2.13086650103e-19, 1.10174163265e-19, 1.41118956376e-18, 1.21299140213e-18, 1.21658591548e-18, 1.34776910921e-18, 5.71869662127e-19, 1.03559962463e-18, 1.99611192916e-18, 3.12387405309e-18, 4.33280927168e-18, 2.94144660682e-18, 3.00356580287e-18, 5.51040716636e-18, 8.68395300164e-18, 1.2681501008e-17, 8.51394174316e-18, 8.86703123225e-18, 6.12016914517e-18, 1.39107195224e-17, 2.22657135477e-17, 1.34745149253e-17, 1.72789377653e-17, 2.05493667162e-17, 1.62810965575e-17, 1.54135180982e-17, 1.34179771305e-17, 1.51771578556e-17, 1.30609601878e-17, 1.01534650024e-17, 6.83119457456e-18, 4.41502027122e-18, 1.65076360983e-18, 3.12682026363e-19, 3.20868852606e-20],
        "var": [0.284034788609, 0.643601536751, 5.51828050613, 21.5807971954, 237.638839722, 907.293029785, 5367.96386719, 955.168640137, 475.0496521, 11803.7929688, 6060.55810547, 1256.28039551, 367.713684082, 855.818969727, 2775.56567383, 1196.85510254, 977.361633301, 447.040588379, 1175.63708496, 646.011535645, 1505.48022461, 101.846824646, 68.1443557739, 5.6022772789, 5.64087295532, 1.83816075325, 0.327754616737, 0.240048095584, 0.18100489676, 0.937729716301, 0.108445391059, 0.021779069677, 0.00581352552399, 0.00938344933093, 0.0253452546895, 0.00098080385942, 0.000100253200799, 2.85533246824e-07, 4.3637147229e-08, 8.57490578543e-10]
    },
    "gfcc": {
        "mean": [-120.101142883, 221.843963623, -123.564399719, -28.3434829712, -21.3015155792, -19.8884429932, -38.0904884338, -15.9101734161, -4.89838695526, -10.5528507233, -10.488079071, -7.12916612625, -5.04114580154],
        "cov": [[15916.6240234, 1435.27514648, -2339.44238281, 1376.93603516, -154.439819336, 484.207885742, -580.458496094, 351.178497314, 155.680892944, 118.199874878, -141.792129517, 367.549255371, -122.983451843], [1435.27514648, 2831.47973633, -135.507278442, -766.427612305, 436.612030029, -570.03692627, -54.3234558105, -336.046173096, -108.765274048, -251.044570923, -54.9858474731, -292.829040527, -73.0185546875], [-2339.44238281, -135.507278442, 1441.92175293, -285.785369873, -172.444549561, 303.150787354, 15.7975692749, 27.5083141327, -18.0167140961, 116.618858337, -16.112575531, 18.7889289856, 36.9621734619], [1376.93603516, -766.427612305, -285.785369873, 844.38671875, -108.546318054, 161.441116333, 123.492019653, 133.208114624, 62.3031806946, 110.379249573, 94.9848632812, 116.612960815, 45.8482246399], [-154.439819336, 436.612030029, -172.444549561, -108.546318054, 269.676361084, -128.308822632, 26.6642665863, -23.5543861389, 3.73923540115, -50.4335975647, 21.1673469543, -52.5470199585, -6.08419799805], [484.207885742, -570.03692627, 303.150787354, 161.441116333, -128.308822632, 459.647033691, -48.165397644, 185.248947144, 73.7991867065, 138.182418823, -12.2314004898, 117.102607727, 11.8802566528], [-580.458496094, -54.3234558105, 15.7975692749, 123.492019653, 26.6642665863, -48.165397644, 186.38369751, -4.15887641907, -4.70333051682, 24.1242237091, 50.93309021, -47.2140083313, 18.5264034271], [351.178497314, -336.046173096, 27.5083141327, 133.208114624, -23.5543861389, 185.248947144, -4.15887641907, 201.057998657, 89.168258667, 68.4666671753, 27.5344028473, 81.9139328003, -4.7074213028], [155.680892944, -108.765274048, -18.0167140961, 62.3031806946, 3.73923540115, 73.7991867065, -4.70333051682, 89.168258667, 103.566497803, 44.1047935486, 20.1164150238, 33.9357719421, -1.76678287983], [118.199874878, -251.044570923, 116.618858337, 110.379249573, -50.4335975647, 138.182418823, 24.1242237091, 68.4666671753, 44.1047935486, 136.447845459, 18.6950263977, 21.4160518646, 31.1926364899], [-141.792129517, -54.9858474731, -16.112575531, 94.9848632812, 21.1673469543, -12.2314004898, 50.93309021, 27.5344028473, 20.1164150238, 18.6950263977, 95.2254486084, 29.012845993, 8.39099311829], [367.549255371, -292.829040527, 18.7889289856, 116.612960815, -52.5470199585, 117.102607727, -47.2140083313, 81.9139328003, 33.9357719421, 21.4160518646, 29.012845993, 138.252182007, 14.6432695389], [-122.983451843, -73.0185546875, 36.9621734619, 45.8482246399, -6.08419799805, 11.8802566528, 18.5264034271, -4.7074213028, -1.76678287983, 31.1926364899, 8.39099311829, 14.6432695389, 77.9342651367]],
        "icov": [[0.000784095027484, -0.00168241781648, 0.00143181474414, -0.00174358743243, 0.00165060919244, -0.00122000521515, 0.00167934165802, -0.00131219788454, 0.00151875778101, -0.00200568861328, 0.00170281284954, -0.00186963134911, 0.000849216128699], [-0.00168241781648, 0.00438083102927, -0.00317554315552, 0.00397663470358, -0.00438353559002, 0.00288456375711, -0.00311802444048, 0.00336182885803, -0.00357364094816, 0.00465015647933, -0.00391930667683, 0.00481675285846, -0.0016466852976], [0.00143181474414, -0.00317554315552, 0.00385772041045, -0.00231109536253, 0.00380303408019, -0.00336788152345, 0.00214632949792, -0.00205821427517, 0.00316861202009, -0.00409807777032, 0.0025773756206, -0.00365851144306, 0.00111192208715], [-0.00174358743243, 0.00397663470358, -0.00231109536253, 0.00647266861051, -0.00290051870979, 0.00198205420747, -0.00566960033029, 0.00307912100106, -0.00337029411457, 0.00377663667314, -0.00480312760919, 0.00286918738857, -0.00234214426018], [0.00165060919244, -0.00438353559002, 0.00380303408019, -0.00290051870979, 0.00982234440744, -0.00261038937606, 0.00247188773938, -0.00433815037832, 0.00262361345813, -0.00310118985362, 0.0018017598195, -0.00296626868658, 0.000379510311177], [-0.00122000521515, 0.00288456375711, -0.00336788152345, 0.00198205420747, -0.00261038937606, 0.00860395655036, -0.00128152046818, -0.00154873472638, -0.00174163165502, -0.000632215233054, 0.000377551012207, 0.000792928563897, -7.16868671589e-05], [0.00167934165802, -0.00311802444048, 0.00214632949792, -0.00566960033029, 0.00247188773938, -0.00128152046818, 0.0141131207347, -0.00428529875353, 0.00434239441529, -0.00428569084033, -0.00120545784011, 0.00262771849521, 0.000270517048193], [-0.00131219788454, 0.00336182885803, -0.00205821427517, 0.00307912100106, -0.00433815037832, -0.00154873472638, -0.00428529875353, 0.0160776004195, -0.00976803991944, 0.00264962925576, -0.00345513480715, -0.000460907147499, 0.00130771461409], [0.00151875778101, -0.00357364094816, 0.00316861202009, -0.00337029411457, 0.00262361345813, -0.00174163165502, 0.00434239441529, -0.00976803991944, 0.0201771967113, -0.0077539049089, 0.00201889313757, -0.00388673157431, 0.00245018000714], [-0.00200568861328, 0.00465015647933, -0.00409807777032, 0.00377663667314, -0.00310118985362, -0.000632215233054, -0.00428569084033, 0.00264962925576, -0.0077539049089, 0.0206861980259, -0.00740932999179, 0.00993264932185, -0.0075770826079], [0.00170281284954, -0.00391930667683, 0.0025773756206, -0.00480312760919, 0.0018017598195, 0.000377551012207, -0.00120545784011, -0.00345513480715, 0.00201889313757, -0.00740932999179, 0.0214639902115, -0.0113617824391, 0.00361436605453], [-0.00186963134911, 0.00481675285846, -0.00365851144306, 0.00286918738857, -0.00296626868658, 0.000792928563897, 0.00262771849521, -0.000460907147499, -0.00388673157431, 0.00993264932185, -0.0113617824391, 0.0223354510963, -0.00643210485578], [0.000849216128699, -0.0016466852976, 0.00111192208715, -0.00234214426018, 0.000379510311177, -7.16868671589e-05, 0.000270517048193, 0.00130771461409, 0.00245018000714, -0.0075770826079, 0.00361436605453, -0.00643210485578, 0.0174419693649]]
    },
    "melbands": {
        "dmean": [0.00132579251658, 0.000429347390309, 0.000467243778985, 0.000618690333795, 0.000696837552823, 0.000244040274993, 0.000142331584357, 0.000446438934887, 0.000203539821086, 7.06488281139e-05, 2.19034718612e-05, 2.34335402638e-05, 4.36717127741e-05, 5.73103425268e-05, 1.50011328515e-05, 2.99215644191e-05, 1.4152872609e-05, 2.02802621061e-05, 1.40937299875e-05, 1.99117021111e-05, 1.11309345812e-05, 2.80043468592e-06, 2.98413101518e-06, 1.53575786044e-06, 5.85120687902e-07, 5.3470802186e-07, 2.99341792243e-07, 2.04825596484e-07, 1.18322404319e-07, 4.86016169532e-08, 6.61418368963e-08, 5.64704691897e-08, 6.70963729021e-08, 9.46571603322e-08, 4.58643647505e-08, 1.78711054843e-08, 5.66741586994e-09, 7.22040160994e-09, 1.67871938572e-08, 1.31614656951e-08],
        "dmean2": [0.00229452154599, 0.000697058218066, 0.000765889300965, 0.00100257981103, 0.00109828216955, 0.000375735660782, 0.000210461541428, 0.000719045405276, 0.000327732559526, 0.000102003301436, 3.20269464282e-05, 3.4951041016e-05, 6.33154559182e-05, 8.32617079141e-05, 2.33030186791e-05, 4.6394259698e-05, 2.18333698285e-05, 3.16041441693e-05, 2.19354133151e-05, 3.00039555441e-05, 1.68320311786e-05, 4.28996600021e-06, 4.63037576992e-06, 2.59423813986e-06, 1.0040359939e-06, 9.78498519544e-07, 5.48181333215e-07, 3.80378025966e-07, 2.18635761939e-07, 8.44263681188e-08, 9.5869140182e-08, 9.50270475641e-08, 8.82636257415e-08, 1.49250425352e-07, 7.40886747508e-08, 2.89037576096e-08, 8.7770768431e-09, 1.20112177981e-08, 2.74449316606e-08, 2.15983710916e-08],
        "dvar": [1.0477964679e-05, 6.16623424321e-07, 4.85470081912e-07, 5.34044204414e-07, 1.03230343029e-06, 1.19960915868e-07, 2.7966397198e-08, 4.03094048806e-07, 8.59299547074e-08, 1.44660354806e-08, 1.58286672658e-09, 2.20472085033e-09, 5.07674657868e-09, 1.14112257421e-08, 1.04664543699e-09, 4.4521692999e-09, 5.59347956841e-10, 1.54835100297e-09, 7.03913538569e-10, 1.382448378e-09, 4.89853990704e-10, 3.71807792887e-11, 4.1276954077e-11, 1.97988084261e-11, 3.98157982279e-12, 7.76532484148e-12, 2.49424439436e-12, 1.26305758387e-12, 3.75982014619e-13, 3.42896826384e-14, 7.61049006475e-14, 6.65598286665e-14, 6.53624561159e-14, 1.62923724533e-13, 3.15307675802e-14, 5.04003373866e-14, 1.42933252311e-15, 1.57224138087e-15, 5.05134493194e-15, 3.81873962248e-15],
        "dvar2": [2.80446638499e-05, 1.52423831423e-06, 1.22123663004e-06, 1.56609166879e-06, 2.77051981357e-06, 3.21586611562e-07, 6.36247037278e-08, 1.0617765156e-06, 2.20883421775e-07, 2.96044735393e-08, 3.04686276209e-09, 4.45395054172e-09, 1.04898978392e-08, 2.27617942272e-08, 2.28579710715e-09, 1.00934567371e-08, 1.34830435705e-09, 3.65415386838e-09, 1.64152502702e-09, 3.06104452896e-09, 1.02681096958e-09, 7.68807795204e-11, 9.98286731058e-11, 5.36133776263e-11, 1.08601764734e-11, 2.24568974527e-11, 7.13150849138e-12, 3.63958949784e-12, 1.08400961818e-12, 9.41256417968e-14, 1.5081138378e-13, 1.754447824e-13, 1.26924133096e-13, 3.24227732336e-13, 8.25239399385e-14, 1.19937656269e-13, 3.22627988642e-15, 4.03116955642e-15, 1.32494308155e-14, 9.59783027523e-15],
        "max": [0.0388999767601, 0.0116346292198, 0.0111255729571, 0.0124518377706, 0.0230452939868, 0.0106494743377, 0.00630522007123, 0.0151243973523, 0.00424979208037, 0.00237387651578, 0.00268952082843, 0.00194936734624, 0.00144825689495, 0.0016114077298, 0.000891818781383, 0.00148133642506, 0.000508762837853, 0.000794959662016, 0.000482298753923, 0.00067577639129, 0.000397300551413, 0.000124783124193, 0.000110807355668, 8.99232181837e-05, 2.21572536248e-05, 3.34609030688e-05, 1.87244968402e-05, 1.36184698931e-05, 7.40740324545e-06, 2.0647803467e-06, 5.08837865709e-06, 6.61046487949e-06, 6.64333265377e-06, 5.13572013006e-06, 2.1789467155e-06, 8.64353205543e-06, 1.28036310798e-06, 1.33035302952e-06, 8.10919914329e-07, 1.24220593989e-06],
        "mean": [0.00182965619024, 0.000788825447671, 0.000941374048125, 0.00169745716266, 0.00202581100166, 0.00065983022796, 0.000405949802371, 0.0012534869602, 0.000474188593216, 0.000177919777343, 5.98492333665e-05, 6.18827762082e-05, 0.000113574664283, 0.000136781469337, 3.38983627444e-05, 5.26812800672e-05, 3.22438027069e-05, 4.10108877986e-05, 2.68017683993e-05, 4.4057615014e-05, 2.43823942583e-05, 5.97792131884e-06, 6.19252159595e-06, 1.9944725409e-06, 7.21076673926e-07, 5.04988861394e-07, 2.5618487598e-07, 1.67129584838e-07, 9.65739630487e-08, 5.36278044194e-08, 1.02309833494e-07, 5.53509842405e-08, 9.69040669929e-08, 1.55207672492e-07, 5.30445376512e-08, 1.85867321534e-08, 6.02489302892e-09, 9.12099995531e-09, 2.33040360342e-08, 1.67393832129e-08],
        "median": [0.000101143450593, 0.000525712501258, 0.000677139963955, 0.00124183972366, 0.001205842942, 0.00042220306932, 0.000296839047223, 0.000813976686914, 0.000282923690975, 9.28045701585e-05, 3.06221518258e-05, 2.68188614427e-05, 6.3371458964e-05, 5.77195496589e-05, 1.38542072818e-05, 1.92335573956e-05, 1.6952304577e-05, 1.81635514309e-05, 1.08067952169e-05, 1.25927799672e-05, 7.891219866e-06, 2.07156676879e-06, 1.56408702878e-06, 5.71591726839e-07, 2.54551878243e-07, 1.17555259749e-07, 4.90694773703e-08, 2.3388029291e-08, 1.27765247271e-08, 6.58242882423e-09, 5.23429655175e-09, 3.75412412268e-09, 3.15531001327e-09, 1.81282255873e-09, 7.94209031874e-10, 3.00766411776e-10, 1.52027390676e-10, 1.24532453794e-10, 1.0662264821e-10, 6.13949030503e-11],
        "min": [1.77475658482e-24, 5.95853344655e-24, 2.61513132988e-23, 1.05207617916e-23, 4.8092053117e-24, 3.10048021063e-23, 1.89643045139e-23, 1.40844204206e-23, 9.59902909982e-24, 3.73873723497e-24, 5.13792522863e-24, 7.82034102947e-24, 9.46930486826e-24, 1.21692964901e-23, 8.08489973353e-24, 7.03112513684e-24, 5.37562400773e-24, 7.07397053919e-24, 1.39919548784e-23, 1.35378313211e-23, 1.348326739e-23, 7.66326935691e-24, 9.87367181284e-24, 6.29576596151e-24, 4.35925285643e-24, 7.41476397227e-24, 1.61935331363e-23, 1.38046840327e-23, 8.52285164229e-24, 8.4187582904e-24, 9.75744104706e-24, 1.05788456201e-23, 1.21104537774e-23, 7.76393195272e-24, 8.80708690391e-24, 8.04347112537e-24, 8.71901452814e-24, 1.11047744524e-23, 9.42035683796e-24, 1.16498221177e-23],
        "var": [1.46493857756e-05, 9.41151938605e-07, 8.26402242637e-07, 2.43147724177e-06, 5.16540512763e-06, 6.38546737264e-07, 1.38733227573e-07, 1.92933498511e-06, 2.74598164651e-07, 5.31623562949e-08, 9.84425163608e-09, 1.28098562868e-08, 1.86999784546e-08, 3.61398591053e-08, 3.38632011321e-09, 9.04397978729e-09, 1.76022141307e-09, 3.69397379352e-09, 1.72966818646e-09, 4.81281370313e-09, 1.52289281186e-09, 1.07792337556e-10, 9.88503584542e-11, 2.01980654424e-11, 3.00392393252e-12, 4.55102145205e-12, 1.45798303985e-12, 7.27613770016e-13, 2.15501661655e-13, 2.65557432814e-14, 1.48388408765e-13, 5.57547646832e-14, 1.36537482709e-13, 4.02481189652e-13, 4.6035874765e-14, 4.83781851385e-14, 1.57531812217e-15, 1.5880625799e-15, 8.67755947122e-15, 4.98617125236e-15]
    },
    "mfcc": {
        "mean": [-750.739501953, 248.884475708, -18.3160419464, -2.35728430748, 17.4789829254, -2.29982113838, -18.5011081696, -6.5649189949, -3.3859667778, -6.86582374573, -1.34453451633, -3.12880349159, 3.69562244415],
        "cov": [[7198.39013672, 1031.67614746, -1590.46972656, 443.238311768, 234.54145813, 109.975799561, -292.079315186, 310.200439453, 163.917205811, -115.725234985, 330.362884521, 56.2157440186, 317.65447998], [1031.67614746, 2147.04711914, -220.638290405, -265.902648926, 169.526062012, -175.068649292, -88.3721084595, -127.13105011, -92.441986084, 1.9490776062, -117.561645508, -5.96751689911, -62.8632774353], [-1590.46972656, -220.638290405, 1366.67272949, -195.05796814, -158.70111084, 201.699493408, 71.2178421021, -76.185043335, 16.2382793427, 44.0553779602, -14.6009397507, -19.4664840698, -34.4006156921], [443.238311768, -265.902648926, -195.05796814, 517.605041504, -18.1793708801, -11.3172292709, 127.52191925, 44.7421073914, -13.0539007187, 41.7422599792, 34.8796272278, 16.3426494598, 49.6080665588], [234.54145813, 169.526062012, -158.70111084, -18.1793708801, 188.526702881, -20.0656204224, -41.3559379578, 64.6242828369, 13.0435724258, -16.2823143005, 34.4381141663, 23.6813983917, 38.5737075806], [109.975799561, -175.068649292, 201.699493408, -11.3172292709, -20.0656204224, 185.074371338, 24.4697780609, 9.37072563171, 57.3118095398, 39.6566963196, 44.1706924438, -0.140685647726, 33.5952415466], [-292.079315186, -88.3721084595, 71.2178421021, 127.52191925, -41.3559379578, 24.4697780609, 152.912231445, -13.2186851501, -23.2702007294, 60.0466423035, -8.56687164307, -4.90535306931, -21.0599441528], [310.200439453, -127.13105011, -76.185043335, 44.7421073914, 64.6242828369, 9.37072563171, -13.2186851501, 169.413269043, 34.9826049805, -34.6302871704, 96.890586853, 34.9478912354, 69.345123291], [163.917205811, -92.441986084, 16.2382793427, -13.0539007187, 13.0435724258, 57.3118095398, -23.2702007294, 34.9826049805, 100.82824707, 33.0482749939, 24.1360759735, 15.875541687, 40.0470733643], [-115.725234985, 1.9490776062, 44.0553779602, 41.7422599792, -16.2823143005, 39.6566963196, 60.0466423035, -34.6302871704, 33.0482749939, 134.164016724, 24.4389057159, -3.68485879898, -3.27965426445], [330.362884521, -117.561645508, -14.6009397507, 34.8796272278, 34.4381141663, 44.1706924438, -8.56687164307, 96.890586853, 24.1360759735, 24.4389057159, 158.625839233, 37.3634643555, 56.2671813965], [56.2157440186, -5.96751689911, -19.4664840698, 16.3426494598, 23.6813983917, -0.140685647726, -4.90535306931, 34.9478912354, 15.875541687, -3.68485879898, 37.3634643555, 70.9494094849, 43.0016822815], [317.65447998, -62.8632774353, -34.4006156921, 49.6080665588, 38.5737075806, 33.5952415466, -21.0599441528, 69.345123291, 40.0470733643, -3.27965426445, 56.2671813965, 43.0016822815, 119.520622253]],
