{
"lowlevel": {
    "average_loudness": 0.905113339424,
    "barkbands_crest": {
        "dmean": 3.32837510109,
        "dmean2": 5.33936882019,
        "dvar": 8.65783596039,
        "dvar2": 21.3630046844,
        "max": 26.0100975037,
        "mean": 13.2430458069,
        "median": 12.5660133362,
        "min": 2.88002252579,
        "var": 24.1796703339
    },
    "barkbands_flatness_db": {
        "dmean": 0.0272804740816,
        "dmean2": 0.041102334857,
        "dvar": 0.000739743991289,
        "dvar2": 0.00174305879045,
        "max": 0.351761728525,
        "mean": 0.183217898011,
        "median": 0.179023817182,
        "min": 0.0254704542458,
        "var": 0.00354054942727
    },
    "barkbands_kurtosis": {
        "dmean": 5.01278162003,
        "dmean2": 7.79115390778,
        "dvar": 59.2648696899,
        "dvar2": 138.510223389,
        "max": 207.470153809,
        "mean": 9.36852073669,
        "median": 4.60456800461,
        "min": -1.93632233143,
        "var": 255.001464844
    },
    "barkbands_skewness": {
        "dmean": 0.753684878349,
        "dmean2": 1.14617431164,
        "dvar": 0.585706353188,
        "dvar2": 1.37409818172,
        "max": 13.7001037598,
        "mean": 2.03430509567,
        "median": 1.66963839531,
        "min": -2.19137644768,
        "var": 2.92998433113
    },
    "barkbands_spread": {
        "dmean": 6.13918972015,
        "dmean2": 9.42493915558,
        "dvar": 136.246109009,
        "dvar2": 296.762908936,
        "max": 128.044265747,
        "mean": 15.4596414566,
        "median": 8.91819953918,
        "min": 0.839537858963,
        "var": 324.147521973
    },
    "dissonance": {
        "dmean": 0.0301957428455,
        "dmean2": 0.0487379916012,
        "dvar": 0.000814173254184,
        "dvar2": 0.00192788778804,
        "max": 0.500000059605,
        "mean": 0.432014793158,
        "median": 0.442146241665,
        "min": 0.195584610105,
        "var": 0.00237124646083
    },
    "dynamic_complexity": 3.44479417801,
    "erbbands_crest": {
        "dmean": 3.12864923477,
        "dmean2": 4.96718120575,
        "dvar": 7.98262405396,
        "dvar2": 18.9071578979,
        "max": 30.5805225372,
        "mean": 11.374423027,
        "median": 10.6799964905,
        "min": 2.95594930649,
        "var": 21.0504894257
    },
    "erbbands_flatness_db": {
        "dmean": 0.0210766624659,
        "dmean2": 0.0311606358737,
        "dvar": 0.000470412749564,
        "dvar2": 0.000972712936345,
        "max": 0.419158577919,
        "mean": 0.190018549562,
        "median": 0.180516660213,
        "min": 0.0407281443477,
        "var": 0.00517233461142
    },
    "erbbands_kurtosis": {
        "dmean": 1.67627167702,
        "dmean2": 2.5767788887,
        "dvar": 4.30492591858,
        "dvar2": 9.83184623718,
        "max": 69.5726699829,
        "mean": 2.59365081787,
        "median": 1.49219036102,
        "min": -1.80484557152,
        "var": 24.6774692535
    },
    "erbbands_skewness": {
        "dmean": 0.441290766001,
        "dmean2": 0.667548656464,
        "dvar": 0.17034946382,
        "dvar2": 0.387897402048,
        "max": 7.45039558411,
        "mean": 0.918996453285,
        "median": 0.849992632866,
        "min": -2.30724930763,
        "var": 0.974589288235
    },
    "erbbands_spread": {
        "dmean": 8.2625837326,
        "dmean2": 12.4265766144,
        "dvar": 169.006057739,
        "dvar2": 369.634002686,
        "max": 186.343978882,
        "mean": 29.3004779816,
        "median": 21.61170578,
        "min": 2.4101755619,
        "var": 622.714538574
    },
    "hfc": {
        "dmean": 8.09786605835,
        "dmean2": 11.9667291641,
        "dvar": 250.549057007,
        "dvar2": 601.055603027,
        "max": 278.524902344,
        "mean": 20.5521736145,
        "median": 18.0203342438,
        "min": 1.22165219407e-16,
        "var": 306.769348145
    },
    "melbands_crest": {
        "dmean": 3.92514276505,
        "dmean2": 6.27480602264,
        "dvar": 13.0299596786,
        "dvar2": 30.2680950165,
        "max": 33.6075172424,
        "mean": 16.4918231964,
        "median": 15.8545665741,
        "min": 2.06695318222,
        "var": 34.9233779907
    },
    "melbands_flatness_db": {
        "dmean": 0.0320363305509,
        "dmean2": 0.0476436316967,
        "dvar": 0.00113573181443,
        "dvar2": 0.00272131944075,
        "max": 0.473588615656,
        "mean": 0.275474220514,
        "median": 0.27227717638,
        "min": 0.00843155384064,
        "var": 0.00504968315363
    },
    "melbands_kurtosis": {
        "dmean": 9.58110332489,
        "dmean2": 15.608458519,
        "dvar": 301.234771729,
        "dvar2": 779.778930664,
        "max": 521.366027832,
        "mean": 18.353427887,
        "median": 7.26333522797,
        "min": -1.71478807926,
        "var": 1090.49572754
    },
    "melbands_skewness": {
        "dmean": 0.871462225914,
        "dmean2": 1.34901785851,
        "dvar": 0.847869992256,
        "dvar2": 2.1460723877,
        "max": 16.5150032043,
        "mean": 2.50506401062,
        "median": 2.11438512802,
        "min": -1.58756911755,
        "var": 4.16686344147
    },
    "melbands_spread": {
        "dmean": 4.1456656456,
        "dmean2": 6.41524600983,
        "dvar": 37.5759010315,
        "dvar2": 90.8533096313,
        "max": 157.802215576,
        "mean": 11.2897415161,
        "median": 8.10007095337,
        "min": 0.603638887405,
        "var": 100.503791809
    },
    "pitch_salience": {
        "dmean": 0.0873149558902,
        "dmean2": 0.139231517911,
        "dvar": 0.00598654942587,
        "dvar2": 0.0150370784104,
        "max": 0.914828717709,
        "mean": 0.535807311535,
        "median": 0.54570633173,
        "min": 0.11468860507,
        "var": 0.0172264892608
    },
    "silence_rate_20dB": {
        "dmean": 0,
        "dmean2": 0,
        "dvar": 0,
        "dvar2": 0,
        "max": 1,
        "mean": 1,
        "median": 1,
        "min": 1,
        "var": 0
    },
    "silence_rate_30dB": {
        "dmean": 0,
        "dmean2": 0,
        "dvar": 0,
        "dvar2": 0,
        "max": 1,
        "mean": 1,
        "median": 1,
        "min": 1,
        "var": 0
    },
    "silence_rate_60dB": {
        "dmean": 0.00140318053309,
        "dmean2": 0.00280657992698,
        "dvar": 0.00140122231096,
        "dvar2": 0.00404598284513,
        "max": 1,
        "mean": 0.034687038511,
        "median": 0,
        "min": 0,
        "var": 0.0334838964045
    },
    "spectral_centroid": {
        "dmean": 151.214904785,
        "dmean2": 221.75718689,
        "dvar": 54282.7304688,
        "dvar2": 110921.296875,
        "max": 11648.0800781,
        "mean": 734.127746582,
        "median": 585.877746582,
        "min": 222.940536499,
        "var": 228158.796875
    },
    "spectral_complexity": {
        "dmean": 3.14982843399,
        "dmean2": 4.92164945602,
        "dvar": 13.6999320984,
        "dvar2": 28.6914768219,
        "max": 51,
        "mean": 14.5647363663,
        "median": 14,
        "min": 0,
        "var": 56.0370483398
    },
    "spectral_decrease": {
        "dmean": 2.11301620645e-09,
        "dmean2": 3.16138493162e-09,
        "dvar": 3.96685919201e-18,
        "dvar2": 9.37320621013e-18,
        "max": 1.16201629671e-21,
        "mean": -8.09604827623e-09,
        "median": -7.78124142897e-09,
        "min": -2.33583588027e-08,
        "var": 2.04789405589e-17
    },
    "spectral_energy": {
        "dmean": 0.00834897533059,
        "dmean2": 0.0124941598624,
        "dvar": 6.03453918302e-05,
        "dvar2": 0.000141701064422,
        "max": 0.0913200676441,
        "mean": 0.0324203595519,
        "median": 0.0313129685819,
        "min": 1.04389547069e-20,
        "var": 0.000301379419398
    },
    "spectral_energyband_high": {
        "dmean": 0.000391649082303,
        "dmean2": 0.000593709526584,
        "dvar": 1.38457494359e-06,
        "dvar2": 3.26890813085e-06,
        "max": 0.0208887010813,
        "mean": 0.000534270191565,
        "median": 0.000118378171464,
        "min": 7.66977696713e-21,
        "var": 1.69174768416e-06
    },
    "spectral_energyband_low": {
        "dmean": 0.00359298591502,
        "dmean2": 0.0058732307516,
        "dvar": 5.05588723172e-05,
        "dvar2": 0.000127303079353,
        "max": 0.0657440200448,
        "mean": 0.00481107225642,
        "median": 0.000820567598566,
        "min": 2.21482907001e-23,
        "var": 7.75639928179e-05
    },
    "spectral_energyband_middle_high": {
        "dmean": 0.00199878169224,
        "dmean2": 0.00307660712861,
        "dvar": 1.06216111817e-05,
        "dvar2": 2.33345308516e-05,
        "max": 0.0489292442799,
        "mean": 0.00411089509726,
        "median": 0.00220064888708,
        "min": 1.45480915299e-21,
        "var": 2.60143697233e-05
    },
    "spectral_energyband_middle_low": {
        "dmean": 0.00670443987474,
        "dmean2": 0.00941490288824,
        "dvar": 5.11908656335e-05,
        "dvar2": 9.85314982245e-05,
        "max": 0.0870480686426,
        "mean": 0.0236178822815,
        "median": 0.0195335820317,
        "min": 1.65563955843e-22,
        "var": 0.000335728487698
    },
    "spectral_entropy": {
        "dmean": 0.235896751285,
        "dmean2": 0.348668396473,
        "dvar": 0.067019701004,
        "dvar2": 0.147808551788,
        "max": 9.8084526062,
        "mean": 6.97044229507,
        "median": 6.9839091301,
        "min": 5.36799907684,
        "var": 0.359183162451
    },
    "spectral_flux": {
        "dmean": 0.0324832759798,
        "dmean2": 0.0521762929857,
        "dvar": 0.00105365552008,
        "dvar2": 0.00247540092096,
        "max": 0.297935247421,
        "mean": 0.0878108218312,
        "median": 0.0789387002587,
        "min": 1.02171202054e-10,
        "var": 0.00203752238303
    },
    "spectral_kurtosis": {
        "dmean": 3.42629981041,
        "dmean2": 5.46914577484,
        "dvar": 21.3124141693,
        "dvar2": 56.185710907,
        "max": 70.8003997803,
        "mean": 13.1093673706,
        "median": 8.98096084595,
        "min": -1.30626118183,
        "var": 114.307357788
    },
    "spectral_rms": {
        "dmean": 0.00076271960279,
        "dmean2": 0.00114364409819,
        "dvar": 4.92798960749e-07,
        "dvar2": 1.15076659313e-06,
        "max": 0.00943889562041,
        "mean": 0.00534899020568,
        "median": 0.00552713684738,
        "min": 3.19129228252e-12,
        "var": 3.01772956846e-06
    },
    "spectral_rolloff": {
        "dmean": 723.98248291,
        "dmean2": 1307.76611328,
        "dvar": 5325563,
        "dvar2": 12665892,
        "max": 19358.3496094,
        "mean": 1318.53723145,
        "median": 624.462890625,
        "min": 64.599609375,
        "var": 6189788
    },
    "spectral_skewness": {
        "dmean": 0.320742279291,
        "dmean2": 0.494633406401,
        "dvar": 0.110080674291,
        "dvar2": 0.267057061195,
        "max": 6.64328289032,
        "mean": 2.74023079872,
        "median": 2.49958348274,
        "min": -0.0653946995735,
        "var": 0.923637926579
    },
    "spectral_spread": {
        "dmean": 733416,
        "dmean2": 1021547.3125,
        "dvar": 1.95493678285e+12,
        "dvar2": 3.20466976768e+12,
        "max": 47759200,
        "mean": 4993067,
        "median": 3813013.25,
        "min": 1139852.125,
        "var": 1.37987872522e+13
    },
    "spectral_strongpeak": {
        "dmean": 0.574975430965,
        "dmean2": 0.924561202526,
        "dvar": 0.572789728642,
        "dvar2": 1.34801328182,
        "max": 12.7392597198,
        "mean": 1.27871763706,
        "median": 0.986668229103,
        "min": 0,
        "var": 1.31087362766
    },
    "zerocrossingrate": {
        "dmean": 0.0132604446262,
        "dmean2": 0.0150404861197,
        "dvar": 0.000520715373568,
        "dvar2": 0.00066311203409,
        "max": 0.5185546875,
        "mean": 0.053715351969,
        "median": 0.037109375,
        "min": 0.00732421875,
        "var": 0.00270748347975
    },
    "barkbands": {
        "dmean": [0.000208271900192, 0.00224192184396, 0.00146462884732, 0.00123353174422, 0.0046095806174, 0.00107620575, 0.00100245513022, 0.00273552094586, 0.00109299458563, 0.000476179033285, 0.000983268604614, 0.000443918339442, 0.000609950453509, 0.000288715353236, 0.000181999872439, 7.53649292164e-05, 7.88139077486e-05, 9.50319881667e-05, 5.67586866964e-05, 3.47015811712e-05, 1.87765563169e-05, 1.30734633785e-05, 1.07984860733e-05, 1.74714296008e-05, 5.96419740759e-05, 0.000247968069743, 2.54019978456e-05],
        "dmean2": [0.000288221228402, 0.00354385073297, 0.00251793744974, 0.002063206397, 0.00680039636791, 0.00154665962327, 0.00149187468924, 0.00378434872255, 0.00161521078553, 0.000748826889321, 0.00150989985559, 0.000700014119502, 0.00101054750849, 0.000492198683787, 0.000314763979986, 0.000121185723401, 0.000129419291625, 0.00015538536536, 9.35073403525e-05, 5.79477127758e-05, 2.89610525215e-05, 2.18123914237e-05, 1.79124454007e-05, 2.93056873488e-05, 8.980747225e-05, 0.000377576157916, 3.85914318031e-05],
        "dvar": [1.41850776458e-07, 2.45256487688e-05, 2.28453081945e-05, 1.0910551282e-05, 4.27494887845e-05, 3.69866393157e-06, 2.87983266389e-06, 1.41062128023e-05, 4.71108023703e-06, 1.07431594643e-06, 6.04472415944e-06, 1.84297300621e-06, 1.879937372e-06, 5.57917303468e-07, 1.25262261008e-07, 2.55566359186e-08, 3.10900318823e-08, 5.56960770837e-08, 2.21076597029e-08, 9.51394163451e-09, 2.13167017371e-09, 9.47169009891e-10, 1.98864458234e-09, 7.80642039899e-09, 2.81256600232e-08, 8.13030737845e-07, 6.59510934753e-09],
        "dvar2": [2.44621588763e-07, 6.47570777801e-05, 5.94625453232e-05, 2.86716622213e-05, 8.94485856406e-05, 6.70172539685e-06, 6.31875445833e-06, 2.55154136539e-05, 8.87825899554e-06, 2.42049918597e-06, 1.20313279695e-05, 3.95528695663e-06, 4.91837954542e-06, 1.56779890403e-06, 3.66231660109e-07, 5.86285331394e-08, 7.50338600142e-08, 1.30025156864e-07, 5.80130929961e-08, 2.33748682632e-08, 5.00287589134e-09, 2.53973442277e-09, 5.57588997196e-09, 2.21122817834e-08, 6.22658902216e-08, 1.95908091882e-06, 1.49663836879e-08],
        "max": [0.00612511392683, 0.047643661499, 0.0447524227202, 0.0496886521578, 0.0819725841284, 0.0439991205931, 0.0281846746802, 0.0499185919762, 0.0406192913651, 0.0267291851342, 0.0459806993604, 0.0315297730267, 0.0322889238596, 0.0121248383075, 0.00602898746729, 0.00284897210076, 0.00300354557112, 0.00783542916179, 0.00206620362587, 0.00180044129957, 0.00163654179778, 0.000780817004852, 0.00255708978511, 0.00364793092012, 0.00338002224453, 0.0160796046257, 0.00157999771181],
        "mean": [0.000283930276055, 0.00273030181415, 0.0012276788475, 0.00149601895828, 0.0117173157632, 0.00210052076727, 0.00164313986897, 0.00473586376756, 0.00167662277818, 0.000629754795227, 0.00122457800899, 0.000531438854523, 0.000774327723775, 0.000341759732692, 0.000251598830801, 0.000119697884656, 0.000129942753119, 0.000154834444402, 8.78147475305e-05, 5.98769838689e-05, 3.26971385221e-05, 2.09930767596e-05, 1.67061243701e-05, 2.11530168599e-05, 7.67262099544e-05, 0.000299833191093, 3.53035356966e-05],
        "median": [5.37702944712e-05, 0.000250664859777, 0.000144323377754, 0.000222026501433, 0.00579843576998, 0.000572799763177, 0.000737057300285, 0.00213404814713, 0.000480972812511, 0.000291701988317, 0.000387694861274, 0.000147323618876, 0.000293213728582, 0.000104135346191, 0.000119964286569, 4.44642682851e-05, 3.8821130147e-05, 4.480262578e-05, 2.69759693765e-05, 1.85939861694e-05, 1.17507843242e-05, 7.72399198468e-06, 6.05693776379e-06, 5.73605893806e-06, 1.40193878906e-05, 2.0973964638e-05, 3.21106949741e-06],
        "min": [1.04418895062e-24, 3.83295602047e-24, 1.58784510467e-23, 5.40632213543e-24, 1.43647610759e-23, 1.52282308678e-23, 3.40730040219e-23, 2.52913823369e-23, 3.20075105811e-23, 3.00015161853e-23, 4.60418004689e-23, 1.25603443071e-23, 8.88101815908e-23, 8.11308036942e-23, 1.149032454e-22, 1.63442210308e-22, 1.44743833961e-22, 2.47956350073e-22, 3.1709797631e-22, 3.10782570473e-22, 4.24160789971e-22, 2.23393341942e-22, 4.30963926418e-22, 8.87191899564e-22, 1.25314025782e-21, 1.60934753443e-21, 2.36371686604e-21],
        "var": [3.66346768033e-07, 3.32200725097e-05, 1.71200408658e-05, 1.13649794002e-05, 0.000207838980714, 1.31492388391e-05, 6.3811075961e-06, 4.04405254812e-05, 1.11070748972e-05, 1.56362898451e-06, 9.64078844845e-06, 2.65680341727e-06, 2.40534041041e-06, 6.2938568135e-07, 1.55029113103e-07, 5.00031838158e-08, 6.32106065268e-08, 1.03281969643e-07, 3.3306054803e-08, 1.74112795293e-08, 3.76685038717e-09, 1.15201037598e-09, 1.52818691035e-09, 5.06594410865e-09, 3.62438825618e-08, 9.38073242196e-07, 1.0034780118e-08]
    },
    "erbbands": {
        "dmean": [0.0846341475844, 0.443330705166, 1.23127734661, 3.31184124947, 9.85541057587, 17.6937923431, 17.0455207825, 6.24493074417, 9.17558860779, 33.4290161133, 54.5587158203, 27.2045516968, 13.2388658524, 24.2219905853, 32.545665741, 14.6408443451, 24.9105930328, 19.9966430664, 8.63994598389, 5.65918064117, 4.85751390457, 3.85010933876, 5.53209638596, 3.72367548943, 2.01072096825, 1.51333630085, 1.06104671955, 0.57757884264, 0.466741651297, 0.406715631485, 0.294488698244, 0.314251482487, 0.363012969494, 0.360648691654, 0.639589130878, 0.793976128101, 0.59112071991, 0.069614931941, 0.00451078591868, 0.000229315672186],
        "dmean2": [0.127781778574, 0.724622547626, 2.02084374428, 5.50706338882, 14.2297048569, 27.4364776611, 25.555557251, 9.04693222046, 13.7019071579, 48.4215126038, 74.6211090088, 39.1752471924, 20.3940296173, 37.5366744995, 50.7990074158, 23.1526565552, 41.2669372559, 33.9392547607, 14.8187465668, 9.53605365753, 7.75169277191, 6.07875776291, 9.11133003235, 6.00475358963, 3.2956943512, 2.51079273224, 1.66781651974, 0.90856218338, 0.769770443439, 0.667137920856, 0.487455129623, 0.529198884964, 0.6094840765, 0.566370904446, 0.961938977242, 1.20971500874, 0.929900348186, 0.106681585312, 0.0067745805718, 0.000362331309589],
        "dvar": [0.0319261178374, 1.17560529709, 13.7352724075, 99.0172729492, 308.537872314, 1007.52032471, 802.963134766, 137.051605225, 264.03994751, 2357.61914062, 7204.17773438, 2803.94287109, 724.043762207, 2845.48852539, 4610.91650391, 895.993469238, 2757.61303711, 2486.60375977, 338.417633057, 99.5434570312, 110.872756958, 86.5145645142, 183.91267395, 102.656463623, 24.6878108978, 16.288526535, 7.27381038666, 2.0566906929, 1.34535825253, 1.04422450066, 1.43576383591, 2.67917919159, 2.68461275101, 0.846015572548, 3.77481150627, 8.04913711548, 4.79100656509, 0.0642838403583, 0.000222272647079, 5.8069355191e-07],
        "dvar2": [0.07212908566, 3.1266450882, 34.7880821228, 251.659545898, 547.2890625, 2260.91113281, 1612.94274902, 262.138122559, 606.496276855, 4762.07080078, 12322.7109375, 5165.93798828, 1505.02648926, 6056.53369141, 9681.23339844, 2054.82666016, 7135.06494141, 6901.59960938, 985.806335449, 265.737854004, 245.662765503, 191.990020752, 432.600463867, 255.298339844, 61.301864624, 40.5017700195, 17.1188201904, 5.04576730728, 3.66648507118, 2.77774333954, 4.01588916779, 7.61235570908, 7.55537223816, 2.05408477783, 8.34086227417, 19.1749267578, 11.8880605698, 0.153359249234, 0.000520139583386, 1.45440708366e-06],
        "max": [1.79465830326, 11.9153318405, 40.602142334, 111.750442505, 256.551513672, 503.037719727, 520.80279541, 301.229217529, 332.425109863, 789.53515625, 1349.7911377, 1058.96533203, 594.994506836, 964.147033691, 987.936828613, 497.546630859, 864.866210938, 1105.91479492, 413.915924072, 181.781387329, 174.868011475, 174.50112915, 451.197509766, 221.335220337, 81.7489547729, 98.3717880249, 85.9009628296, 56.7673110962, 36.925113678, 34.1611442566, 65.4188308716, 79.268737793, 51.5519866943, 16.2484970093, 41.1175308228, 61.0854911804, 34.8946990967, 4.41953802109, 0.270209670067, 0.0129861477762],
        "mean": [0.100560158491, 0.527939617634, 1.2132833004, 3.81849265099, 20.7506084442, 41.9464492798, 36.8225097656, 12.3548088074, 15.5640058517, 60.2962684631, 97.6294250488, 45.0592155457, 19.9114570618, 31.3992519379, 42.9935646057, 21.1532173157, 32.8528900146, 25.3614883423, 12.5366821289, 9.01755809784, 8.04453086853, 6.96305322647, 9.15748596191, 5.77782201767, 3.40011096001, 2.6291270256, 1.77008652687, 1.01440382004, 0.743720889091, 0.66465896368, 0.462180256844, 0.409354239702, 0.434654593468, 0.494646847248, 0.795887112617, 0.944391131401, 0.690962910652, 0.0964875966311, 0.00580226723105, 0.00028234848287],
        "median": [0.00555045949295, 0.0654198080301, 0.22416099906, 0.728266119957, 6.1618437767, 17.4870471954, 14.7519960403, 4.60073804855, 7.52948522568, 32.0012168884, 37.611492157, 16.5582885742, 10.0264053345, 12.6432104111, 16.0556602478, 8.17788314819, 13.0495891571, 8.38865184784, 5.68362283707, 4.5084695816, 2.94756650925, 2.34109759331, 2.78569102287, 1.68112373352, 1.10035336018, 0.879634082317, 0.556002557278, 0.393720716238, 0.287724792957, 0.228851616383, 0.160048529506, 0.123669743538, 0.113819696009, 0.126088142395, 0.110713548958, 0.0853879898787, 0.0408176407218, 0.0068191587925, 0.000518491957337, 6.31461880403e-05],
        "min": [8.87520456976e-23, 1.27059485927e-21, 1.41476286768e-20, 1.8923682292e-20, 9.81001875261e-21, 5.5648937601e-20, 1.59917819699e-19, 1.53741572257e-19, 5.97576471012e-19, 9.42891289528e-19, 5.34233564642e-19, 7.50217350217e-19, 3.69753171781e-19, 1.89023094959e-18, 1.62502598846e-18, 1.06630849808e-18, 4.31249743815e-18, 3.35290837058e-18, 6.72543663812e-18, 6.59515238292e-18, 7.43611547884e-18, 8.59780544956e-18, 1.2213764286e-17, 1.3463169316e-17, 1.66418548381e-17, 1.70968141011e-17, 1.40189379075e-17, 1.84571721755e-17, 7.597606777e-18, 8.5946423109e-18, 1.26484005486e-17, 1.6244927258e-17, 1.65161266937e-17, 1.34065289508e-17, 9.40491369737e-18, 6.00007327357e-18, 2.89513876138e-18, 1.24075489221e-18, 3.30965949075e-19, 3.5929549565e-20],
        "var": [0.0508166067302, 1.41160666943, 11.9076786041, 91.3336181641, 1314.60986328, 4686.22412109, 3023.10180664, 437.411071777, 513.355102539, 5992.87988281, 20670.6640625, 6648.76074219, 1229.09069824, 4196.67431641, 7235.79589844, 1537.66845703, 3732.20898438, 3010.61010742, 457.629852295, 155.493774414, 233.680786133, 196.431518555, 342.988800049, 156.104415894, 48.7698783875, 29.5655593872, 13.060008049, 3.23764157295, 1.63068854809, 1.26030671597, 1.13641870022, 1.74486815929, 1.80049240589, 1.01311790943, 4.80359745026, 8.97683238983, 5.30844926834, 0.0864914432168, 0.000298604980344, 6.03409603173e-07]
    },
    "gfcc": {
        "mean": [-31.8814620972, 96.3763580322, -93.7772750854, -18.130739212, -52.0469169617, -6.13608264923, -42.1309967041, 3.100928545, -33.1736221313, 4.63806247711, -22.2755336761, 0.959206163883, -17.4051494598],
        "cov": [[17081.578125, -604.760070801, -846.626586914, 532.602722168, 222.612487793, 686.673156738, 519.805053711, 713.132141113, 109.397018433, 99.479095459, -19.6852092743, 197.330169678, -45.3013343811], [-604.760070801, 2131.76269531, -522.076171875, -300.553039551, -244.868164062, -212.004333496, 105.236045837, -241.526901245, 132.492401123, -283.945251465, -28.0098171234, -335.115447998, -85.1440124512], [-846.626586914, -522.076171875, 1774.24194336, 328.124481201, 343.621490479, 145.837799072, 31.0807361603, 195.200317383, -43.4587364197, 163.757919312, -28.7712898254, 236.234130859, 41.6197280884], [532.602722168, -300.553039551, 328.124481201, 663.498352051, 253.391159058, 139.712554932, 153.518569946, 214.087677002, 105.718093872, 71.4691619873, 54.9357070923, 124.430000305, 19.2664585114], [222.612487793, -244.868164062, 343.621490479, 253.391159058, 316.655609131, 142.121368408, 95.1692123413, 154.840789795, 35.928653717, 95.8347473145, 29.8464031219, 81.2157287598, 2.13045859337], [686.673156738, -212.004333496, 145.837799072, 139.712554932, 142.121368408, 166.062225342, 91.9799499512, 115.313827515, 20.0476093292, 66.6912307739, 21.8818264008, 77.8775558472, -1.43517875671], [519.805053711, 105.236045837, 31.0807361603, 153.518569946, 95.1692123413, 91.9799499512, 177.872772217, 137.702560425, 83.8893203735, 19.3736419678, 24.1985225677, 18.1494007111, -32.197063446], [713.132141113, -241.526901245, 195.200317383, 214.087677002, 154.840789795, 115.313827515, 137.702560425, 226.980194092, 88.5620880127, 88.6532363892, 29.6624565125, 85.6091537476, -18.8612384796], [109.397018433, 132.492401123, -43.4587364197, 105.718093872, 35.928653717, 20.0476093292, 83.8893203735, 88.5620880127, 130.827011108, 40.3281745911, 32.0200767517, -9.23778629303, -17.9648571014], [99.479095459, -283.945251465, 163.757919312, 71.4691619873, 95.8347473145, 66.6912307739, 19.3736419678, 88.6532363892, 40.3281745911, 142.528533936, 47.4438667297, 75.0747528076, 12.5814304352], [-19.6852092743, -28.0098171234, -28.7712898254, 54.9357070923, 29.8464031219, 21.8818264008, 24.1985225677, 29.6624565125, 32.0200767517, 47.4438667297, 68.4641876221, 46.7765731812, 14.3853292465], [197.330169678, -335.115447998, 236.234130859, 124.430000305, 81.2157287598, 77.8775558472, 18.1494007111, 85.6091537476, -9.23778629303, 75.0747528076, 46.7765731812, 152.813552856, 49.0920333862], [-45.3013343811, -85.1440124512, 41.6197280884, 19.2664585114, 2.13045859337, -1.43517875671, -32.197063446, -18.8612384796, -17.9648571014, 12.5814304352, 14.3853292465, 49.0920333862, 93.5894622803]],
        "icov": [[9.68936947174e-05, -8.74456309248e-05, 0.000116419840197, -7.71043269197e-05, 0.000203118936042, -0.000469838239951, 0.000197720553842, -0.00060783646768, 0.000368767912732, -0.000105397200969, 0.000249064934906, 4.88480109198e-05, -0.000113810645416], [-8.74456309248e-05, 0.00176669179928, -0.000560679938644, 0.000846136827022, -0.000484064425109, 0.000872989417985, -0.00275329127908, 0.00316048716195, -0.00320861954242, 0.00294873281382, -0.00231934804469, 0.00165578245651, -0.000170112354681], [0.000116419840197, -0.000560679938644, 0.00135189620778, -0.000453320157249, -0.000725479156245, 0.000351939961547, 0.000450000923593, -0.000799432222266, 0.0012504470069, -0.00193694524933, 0.00366022717208, -0.00272930040956, 0.000423464924097], [-7.71043269197e-05, 0.000846136827022, -0.000453320157249, 0.00340668484569, -0.00198970246129, 0.00051276240265, -0.00144726375584, 0.000921811966691, -0.00367389526218, 0.00338808726519, -0.00171616312582, -0.000879302504472, -0.000461879390059], [0.000203118936042, -0.000484064425109, -0.000725479156245, -0.00198970246129, 0.00874482095242, -0.00543824071065, 0.00147557922173, -0.00500163249671, 0.00406461162493, -0.00244313292205, -0.00248787878081, 0.00483843963593, -0.00143957952969], [-0.000469838239951, 0.000872989417985, 0.000351939961547, 0.00051276240265, -0.00543824071065, 0.0191833600402, -0.0100829396397, 0.00527941528708, 0.000554526515771, -0.00384378060699, 0.00433252332732, -0.00713992165402, 0.00202033715323], [0.000197720553842, -0.00275329127908, 0.000450000923593, -0.00144726375584, 0.00147557922173, -0.0100829396397, 0.0240345131606, -0.015259873122, 0.000177661888301, 0.00418469076976, -0.00441747531295, 0.00316493702121, 0.00118397478946], [-0.00060783646768, 0.00316048716195, -0.000799432222266, 0.000921811966691, -0.00500163249671, 0.00527941528708, -0.015259873122, 0.0289180073887, -0.014243606478, -0.00109743128996, 0.00675384933129, -0.0103127267212, 0.00530456239358], [0.000368767912732, -0.00320861954242, 0.0012504470069, -0.00367389526218, 0.00406461162493, 0.000554526515771, 0.000177661888301, -0.014243606478, 0.0266310237348, -0.0106569267809, -0.0034173540771, 0.00773000437766, -0.0024187003728], [-0.000105397200969, 0.00294873281382, -0.00193694524933, 0.00338808726519, -0.00244313292205, -0.00384378060699, 0.00418469076976, -0.00109743128996, -0.0106569267809, 0.0234525222331, -0.0139127476141, 0.00240591145121, -0.000311282317853], [0.000249064934906, -0.00231934804469, 0.00366022717208, -0.00171616312582, -0.00248787878081, 0.00433252332732, -0.00441747531295, 0.00675384933129, -0.0034173540771, -0.0139127476141, 0.0393869094551, -0.01999633573, 0.00234986608848], [4.88480109198e-05, 0.00165578245651, -0.00272930040956, -0.000879302504472, 0.00483843963593, -0.00713992165402, 0.00316493702121, -0.0103127267212, 0.00773000437766, 0.00240591145121, -0.01999633573, 0.0300795175135, -0.00982856284827], [-0.000113810645416, -0.000170112354681, 0.000423464924097, -0.000461879390059, -0.00143957952969, 0.00202033715323, 0.00118397478946, 0.00530456239358, -0.0024187003728, -0.000311282317853, 0.00234986608848, -0.00982856284827, 0.0162939000875]]
    },
    "melbands": {
        "dmean": [0.000674703333061, 0.000557773106266, 0.000684302824084, 0.000979594769888, 0.000669513479806, 0.000151495027239, 0.000158570153872, 0.000419101328589, 0.00041094206972, 0.000147655198816, 6.62940001348e-05, 9.6315612609e-05, 0.000133749650558, 5.64361398574e-05, 5.32986923645e-05, 4.71395251225e-05, 3.94758062612e-05, 1.21195344036e-05, 1.27241337395e-05, 4.88130763188e-06, 6.65717561787e-06, 4.40231360699e-06, 5.22116988577e-06, 3.96664290747e-06, 3.26775102621e-06, 1.60298179708e-06, 1.41794919273e-06, 1.04063758499e-06, 7.16661986644e-07, 4.85110319914e-07, 3.36782107979e-07, 2.78980564872e-07, 2.78119102859e-07, 2.02732223897e-07, 1.56649036853e-07, 2.02094383894e-07, 1.96647633288e-07, 2.45627404638e-07, 2.73163379916e-07, 3.02777749539e-07],
        "dmean2": [0.00103900348768, 0.000930222857278, 0.00106926716398, 0.00144457397982, 0.00101907213684, 0.000217092703679, 0.000235797473579, 0.000601682637352, 0.000567607930861, 0.000216273518163, 0.000103127553302, 0.000149675601278, 0.000206349650398, 8.93663163879e-05, 8.72613672982e-05, 7.89310506661e-05, 6.73997128615e-05, 2.08851088246e-05, 2.18673703785e-05, 8.06284697319e-06, 1.07404812297e-05, 7.13951476428e-06, 8.64465073391e-06, 6.53299912301e-06, 5.31682417204e-06, 2.67237896878e-06, 2.35334277932e-06, 1.74501587935e-06, 1.14646843485e-06, 7.6368559121e-07, 5.39670054422e-07, 4.66985198955e-07, 4.64569069436e-07, 3.29905986973e-07, 2.60001172592e-07, 3.40896804119e-07, 3.34275256364e-07, 4.22693631208e-07, 4.42838000936e-07, 4.78630568068e-07],
        "dvar": [2.01932016353e-06, 2.09933023143e-06, 2.31607646128e-06, 2.19584103434e-06, 1.1836611975e-06, 7.67908758803e-08, 7.45833759197e-08, 3.55730378487e-07, 3.91784226395e-07, 8.4359633945e-08, 1.85836643851e-08, 4.49521628809e-08, 9.53339736043e-08, 2.55711380959e-08, 1.74919705387e-08, 1.10046602941e-08, 1.07117701376e-08, 7.35207283942e-10, 5.3449633608e-10, 9.31564408946e-11, 2.06376651879e-10, 1.02047613415e-10, 1.7949258746e-10, 1.01481517634e-10, 7.90293178121e-11, 1.57103288712e-11, 1.46669586198e-11, 7.78372852284e-12, 3.68283181729e-12, 1.62959955859e-12, 6.80969115732e-13, 4.99755293572e-13, 4.91937545387e-13, 2.68516085018e-13, 3.45813221808e-13, 1.04227878498e-12, 1.23180339626e-12, 1.63128549297e-12, 6.38844608724e-13, 6.04810201487e-13],
        "dvar2": [5.08203902427e-06, 5.00796659253e-06, 5.57912926524e-06, 4.61045510747e-06, 2.54812880485e-06, 1.42346209486e-07, 1.70997338955e-07, 7.0085701509e-07, 6.83413702518e-07, 1.58852401455e-07, 3.92066539234e-08, 9.64310373774e-08, 1.91252979675e-07, 5.49475842604e-08, 4.40247980293e-08, 2.94291435665e-08, 3.00601250558e-08, 2.16643525341e-09, 1.51799739445e-09, 2.38193992308e-10, 4.70674832442e-10, 2.37661862412e-10, 4.23441670616e-10, 2.38270736475e-10, 1.99059352335e-10, 4.2162006525e-11, 3.5692702266e-11, 1.97851787037e-11, 8.84389263212e-12, 3.91179059631e-12, 1.70029452757e-12, 1.42030788172e-12, 1.32314667035e-12, 7.16552305772e-13, 9.62207418777e-13, 2.95565503496e-12, 3.52825494515e-12, 4.61998972065e-12, 1.7051603185e-12, 1.45755499684e-12],
        "max": [0.0125455539674, 0.0156200323254, 0.0185038354248, 0.0204190760851, 0.0151645252481, 0.00730568356812, 0.00501348171383, 0.00944755785167, 0.00974070653319, 0.00567000359297, 0.00291031319648, 0.00432391511276, 0.00555514451116, 0.00374290184118, 0.00217995117418, 0.00324989994988, 0.00173239177093, 0.000696631148458, 0.000280168169411, 0.00026900175726, 0.000247512216447, 0.000171911466168, 0.00028996146284, 0.000362066173693, 0.000173135646037, 5.54675971216e-05, 7.20554671716e-05, 9.26169741433e-05, 5.58573119633e-05, 5.49139003851e-05, 3.37272940669e-05, 2.10610232898e-05, 2.30878758885e-05, 2.20812016778e-05, 3.39379475918e-05, 5.00662863487e-05, 5.74293080717e-05, 4.85332893732e-05, 2.29534998653e-05, 1.29997888507e-05],
        "mean": [0.000826797331683, 0.000668274064083, 0.00105775671545, 0.00231409422122, 0.0015268039424, 0.000293947727187, 0.00025984714739, 0.000769824895542, 0.000745677563827, 0.000230075267609, 9.09914670046e-05, 0.000120355987747, 0.000170258950675, 6.9538509706e-05, 6.71700690873e-05, 6.19474594714e-05, 4.62568277726e-05, 1.66734917002e-05, 1.76479406946e-05, 7.93699382484e-06, 1.02861104097e-05, 7.37941945772e-06, 8.31675515656e-06, 6.46463286103e-06, 4.71332350571e-06, 2.49908225669e-06, 2.28762519328e-06, 1.70665202859e-06, 1.14207841762e-06, 7.84537746767e-07, 5.5093840956e-07, 4.00876871254e-07, 4.40651945155e-07, 3.23048055861e-07, 2.50643751087e-07, 2.71873062729e-07, 2.44390463422e-07, 2.77149325711e-07, 3.50419128381e-07, 4.18362276378e-07],
        "median": [6.67415370117e-05, 0.000128089930513, 0.000219164663577, 0.000968060339801, 0.000625790678896, 8.80952575244e-05, 0.000111525485408, 0.000416361755924, 0.000283313362161, 7.34866844141e-05, 4.05979008065e-05, 4.50423030998e-05, 5.58075116714e-05, 2.29934394156e-05, 2.21510872507e-05, 2.62445228145e-05, 1.34433239509e-05, 7.57269208407e-06, 8.28900556371e-06, 3.48358366864e-06, 3.49373317476e-06, 2.30630507758e-06, 2.59825378635e-06, 1.80214817647e-06, 1.27113776216e-06, 7.9730688185e-07, 6.83281712099e-07, 5.33473439646e-07, 3.27496650243e-07, 2.66111953806e-07, 2.03939052312e-07, 1.42730868902e-07, 1.41282498589e-07, 1.16734817368e-07, 8.31265580814e-08, 9.03696246723e-08, 6.67912445351e-08, 6.58962520106e-08, 9.51712735286e-08, 1.03080864733e-07],
        "min": [1.01371032347e-24, 5.4542620015e-24, 3.84569572966e-24, 1.56351965174e-24, 6.84064757153e-24, 4.12904588935e-24, 9.04541992718e-24, 9.17876581915e-24, 4.10542857714e-24, 4.82664781518e-24, 1.5145867084e-24, 7.32207202705e-24, 5.81521438058e-24, 2.3949383209e-24, 8.53437690011e-24, 9.63991418282e-24, 5.55819718677e-24, 1.02366693138e-23, 8.72907881557e-24, 1.18592504885e-23, 8.34582888857e-24, 9.18303828981e-24, 1.01986769838e-23, 1.0189000027e-23, 1.03481708585e-23, 9.96198163573e-24, 9.32900674513e-24, 1.10388982559e-23, 6.8277946608e-24, 8.60154919505e-24, 1.12787632471e-23, 4.02023159937e-24, 4.28738368366e-24, 4.81271653159e-24, 6.09974783162e-24, 8.47483367899e-24, 9.37761240981e-24, 1.30873412571e-23, 8.52710675801e-24, 1.22538324024e-23],
        "var": [3.04255104311e-06, 2.4452949674e-06, 3.84315580959e-06, 9.5058212537e-06, 5.02007833347e-06, 2.59152386661e-07, 1.49132773686e-07, 9.56048779699e-07, 1.14348404168e-06, 1.94172741885e-07, 3.02313623024e-08, 6.51815099673e-08, 1.52461907987e-07, 3.75870392588e-08, 2.23106422226e-08, 1.38095961333e-08, 1.20376499879e-08, 9.00692853634e-10, 7.00293212308e-10, 1.52907284057e-10, 4.10071337997e-10, 2.20853155208e-10, 3.12994519192e-10, 1.79657094757e-10, 1.11633931266e-10, 2.47901959377e-11, 2.70060137447e-11, 1.351451763e-11, 6.1924354533e-12, 2.69911914e-12, 9.70893938163e-13, 5.58110144471e-13, 5.73729648859e-13, 3.07440406683e-13, 2.96765785774e-13, 6.9085975005e-13, 7.72822615364e-13, 1.03583027572e-12, 5.65277208722e-13, 7.43492940825e-13]
    },
    "mfcc": {
        "mean": [-688.152526855, 155.504562378, -1.34916603565, 1.48282015324, -2.29301476479, -7.90791273117, -3.00645804405, -7.11922311783, -6.01679372787, -5.06758451462, 0.0681820511818, -3.46482801437, -4.59871816635],
        "cov": [[7665.59033203, 637.026489258, -550.14251709, 43.2069969177, 14.9719839096, -34.6112937927, 88.9447631836, 108.620124817, 35.7540626526, -12.5861082077, 21.2455177307, 12.8763589859, -14.1995763779], [637.026489258, 2256.21875, -22.451631546, -198.956542969, -293.040222168, -101.067680359, -132.12449646, -52.6503334045, -58.2417869568, -30.0748558044, -42.828212738, -45.793182373, -55.5063972473], [-550.14251709, -22.451631546, 872.629394531, 285.929992676, 248.567749023, 98.9176712036, 119.886940002, 96.222869873, 95.0838851929, 16.5451908112, 23.4598941803, -4.92250919342, 89.8692703247], [43.2069969177, -198.956542969, 285.929992676, 440.998352051, 222.383041382, 98.563949585, 111.695877075, 167.717178345, 94.5844039917, 96.3217926025, 83.5273590088, 35.1785316467, 75.0913391113], [14.9719839096, -293.040222168, 248.567749023, 222.383041382, 268.311584473, 103.511184692, 123.44593811, 76.9632263184, 77.3845672607, 38.6335754395, 43.6867828369, 28.105342865, 57.8122177124], [-34.6112937927, -101.067680359, 98.9176712036, 98.563949585, 103.511184692, 109.811309814, 74.1143417358, 45.9509162903, 31.8536891937, 22.1329956055, 24.2034091949, 17.6914710999, 28.0049743652], [88.9447631836, -132.12449646, 119.886940002, 111.695877075, 123.44593811, 74.1143417358, 141.060302734, 87.9967575073, 53.6776924133, 17.6671047211, 33.1828346252, 33.6426734924, 49.1081733704], [108.620124817, -52.6503334045, 96.222869873, 167.717178345, 76.9632263184, 45.9509162903, 87.9967575073, 174.118118286, 64.7364425659, 53.2441177368, 62.024520874, 27.6896362305, 64.3745651245], [35.7540626526, -58.2417869568, 95.0838851929, 94.5844039917, 77.3845672607, 31.8536891937, 53.6776924133, 64.7364425659, 94.0774078369, 51.9662475586, 28.4366035461, 21.8818836212, 30.1500988007], [-12.5861082077, -30.0748558044, 16.5451908112, 96.3217926025, 38.6335754395, 22.1329956055, 17.6671047211, 53.2441177368, 51.9662475586, 105.237556458, 82.7663574219, 23.819185257, 18.1624069214], [21.2455177307, -42.828212738, 23.4598941803, 83.5273590088, 43.6867828369, 24.2034091949, 33.1828346252, 62.024520874, 28.4366035461, 82.7663574219, 120.54070282, 49.055103302, 34.6173095703], [12.8763589859, -45.793182373, -4.92250919342, 35.1785316467, 28.105342865, 17.6914710999, 33.6426734924, 27.6896362305, 21.8818836212, 23.819185257, 49.055103302, 73.9789657593, 46.3797569275], [-14.1995763779, -55.5063972473, 89.8692703247, 75.0913391113, 57.8122177124, 28.0049743652, 49.1081733704, 64.3745651245, 30.1500988007, 18.1624069214, 34.6173095703, 46.3797569275, 93.6287536621]],
