{
"lowlevel": {
    "average_loudness": 0.871697425842,
    "barkbands_crest": {
        "dmean": 2.55369329453,
        "dmean2": 3.89692139626,
        "dvar": 10.1925468445,
        "dvar2": 21.9507675171,
        "max": 26.1555404663,
        "mean": 18.5342998505,
        "median": 21.0353107452,
        "min": 2.50891137123,
        "var": 42.3959655762
    },
    "barkbands_flatness_db": {
        "dmean": 0.0412255078554,
        "dmean2": 0.0605376847088,
        "dvar": 0.00293358857743,
        "dvar2": 0.00641296524554,
        "max": 0.526106417179,
        "mean": 0.247027739882,
        "median": 0.23644477129,
        "min": 0.0271006859839,
        "var": 0.0120324976742
    },
    "barkbands_kurtosis": {
        "dmean": 23.6281986237,
        "dmean2": 38.5459060669,
        "dvar": 2979.1730957,
        "dvar2": 7646.68847656,
        "max": 826.264221191,
        "mean": 39.3165283203,
        "median": 9.12515640259,
        "min": -1.84899866581,
        "var": 5382.57275391
    },
    "barkbands_skewness": {
        "dmean": 1.40063095093,
        "dmean2": 2.1933426857,
        "dvar": 3.72970056534,
        "dvar2": 9.52373504639,
        "max": 21.9247398376,
        "mean": 3.78090691566,
        "median": 2.83756184578,
        "min": -3.55153989792,
        "var": 15.5570306778
    },
    "barkbands_spread": {
        "dmean": 6.64801597595,
        "dmean2": 10.3008670807,
        "dvar": 100.492042542,
        "dvar2": 249.467071533,
        "max": 106.870918274,
        "mean": 14.1398096085,
        "median": 9.17835044861,
        "min": 0.122985579073,
        "var": 235.279403687
    },
    "dissonance": {
        "dmean": 0.0229945313185,
        "dmean2": 0.0401025190949,
        "dvar": 0.000705515616573,
        "dvar2": 0.00185193633661,
        "max": 0.500000178814,
        "mean": 0.468261480331,
        "median": 0.480134218931,
        "min": 0.303986370564,
        "var": 0.00100421870593
    },
    "dynamic_complexity": 6.48203897476,
    "erbbands_crest": {
        "dmean": 3.45526576042,
        "dmean2": 5.24067497253,
        "dvar": 11.7693481445,
        "dvar2": 26.5952262878,
        "max": 33.2492294312,
        "mean": 14.7168874741,
        "median": 13.8469524384,
        "min": 2.58242821693,
        "var": 43.5768165588
    },
    "erbbands_flatness_db": {
        "dmean": 0.0254722293466,
        "dmean2": 0.0365591607988,
        "dvar": 0.000986195984297,
        "dvar2": 0.00189757207409,
        "max": 0.424559503794,
        "mean": 0.182924360037,
        "median": 0.185769572854,
        "min": 0.043940063566,
        "var": 0.00627423869446
    },
    "erbbands_kurtosis": {
        "dmean": 1.55634248257,
        "dmean2": 2.36374592781,
        "dvar": 8.07283878326,
        "dvar2": 19.2460002899,
        "max": 37.3956336975,
        "mean": 1.56192052364,
        "median": 0.29806137085,
        "min": -1.79637145996,
        "var": 17.0878143311
    },
    "erbbands_skewness": {
        "dmean": 0.462465465069,
        "dmean2": 0.670781433582,
        "dvar": 0.258184224367,
        "dvar2": 0.568242073059,
        "max": 5.06989240646,
        "mean": 0.359711676836,
        "median": 0.297689348459,
        "min": -3.05888295174,
        "var": 0.814450263977
    },
    "erbbands_spread": {
        "dmean": 11.1328620911,
        "dmean2": 17.199514389,
        "dvar": 219.469085693,
        "dvar2": 526.655517578,
        "max": 189.798995972,
        "mean": 39.0091209412,
        "median": 35.881149292,
        "min": 1.30466485023,
        "var": 649.352661133
    },
    "hfc": {
        "dmean": 9.31143093109,
        "dmean2": 13.8537454605,
        "dvar": 332.947875977,
        "dvar2": 786.641723633,
        "max": 182.980545044,
        "mean": 15.5469970703,
        "median": 6.23992919922,
        "min": 1.07423391819e-16,
        "var": 553.892578125
    },
    "melbands_crest": {
        "dmean": 2.63510012627,
        "dmean2": 4.22673845291,
        "dvar": 10.8322095871,
        "dvar2": 26.3474788666,
        "max": 37.5648994446,
        "mean": 19.9269561768,
        "median": 21.0718727112,
        "min": 1.49158585072,
        "var": 46.0816040039
    },
    "melbands_flatness_db": {
        "dmean": 0.0464336946607,
        "dmean2": 0.0675774887204,
        "dvar": 0.0037165787071,
        "dvar2": 0.00814722292125,
        "max": 0.672635138035,
        "mean": 0.329700320959,
        "median": 0.309663116932,
        "min": 0.0028531125281,
        "var": 0.020103758201
    },
    "melbands_kurtosis": {
        "dmean": 33.1745300293,
        "dmean2": 55.7808876038,
        "dvar": 4534.06689453,
        "dvar2": 12736.4804688,
        "max": 1244.35046387,
        "mean": 62.824344635,
        "median": 29.0235309601,
        "min": -1.71772551537,
        "var": 7730.94580078
    },
    "melbands_skewness": {
        "dmean": 1.45147311687,
        "dmean2": 2.3347132206,
        "dvar": 3.82120013237,
        "dvar2": 10.6918315887,
        "max": 30.7562503815,
        "mean": 4.87058210373,
        "median": 4.73377895355,
        "min": -2.90001559258,
        "var": 16.2081356049
    },
    "melbands_spread": {
        "dmean": 5.98678207397,
        "dmean2": 9.20915412903,
        "dvar": 178.449157715,
        "dvar2": 375.11138916,
        "max": 202.905349731,
        "mean": 15.8323726654,
        "median": 7.526222229,
        "min": 0.170928806067,
        "var": 651.963317871
    },
    "pitch_salience": {
        "dmean": 0.0780839920044,
        "dmean2": 0.120904579759,
        "dvar": 0.0103743057698,
        "dvar2": 0.0243984889239,
        "max": 0.942028284073,
        "mean": 0.34446695447,
        "median": 0.286278784275,
        "min": 0.0418943054974,
        "var": 0.0327391624451
    },
    "silence_rate_20dB": {
        "dmean": 0,
        "dmean2": 0,
        "dvar": 0,
        "dvar2": 0,
        "max": 1,
        "mean": 1,
        "median": 1,
        "min": 1,
        "var": 0
    },
    "silence_rate_30dB": {
        "dmean": 0.0767858847976,
        "dmean2": 0.153586179018,
        "dvar": 0.0708933025599,
        "dvar2": 0.152514860034,
        "max": 1,
        "mean": 0.886427640915,
        "median": 1,
        "min": 0,
        "var": 0.100673161447
    },
    "silence_rate_60dB": {
        "dmean": 0.0382990725338,
        "dmean2": 0.0765114501119,
        "dvar": 0.0368303954601,
        "dvar2": 0.0723526254296,
        "max": 1,
        "mean": 0.274357050657,
        "median": 0,
        "min": 0,
        "var": 0.199102908373
    },
    "spectral_centroid": {
        "dmean": 318.885375977,
        "dmean2": 461.144775391,
        "dvar": 211469.984375,
        "dvar2": 422086.84375,
        "max": 11631.5908203,
        "mean": 1195.97131348,
        "median": 994.215454102,
        "min": 102.737930298,
        "var": 1431965
    },
    "spectral_complexity": {
        "dmean": 2.35727024078,
        "dmean2": 3.84500575066,
        "dvar": 19.4301452637,
        "dvar2": 47.5480613708,
        "max": 41,
        "mean": 7.59329843521,
        "median": 6,
        "min": 0,
        "var": 45.3986930847
    },
    "spectral_decrease": {
        "dmean": 5.76651837392e-09,
        "dmean2": 1.0147169327e-08,
        "dvar": 1.55250988071e-16,
        "dvar2": 4.54064399233e-16,
        "max": 5.98234725833e-20,
        "mean": -1.27627410862e-08,
        "median": -1.21329790659e-08,
        "min": -1.15278098178e-07,
        "var": 2.15314557582e-16
    },
    "spectral_energy": {
        "dmean": 0.0223284307867,
        "dmean2": 0.0389463528991,
        "dvar": 0.00225770426914,
        "dvar2": 0.00658202497289,
        "max": 0.442860364914,
        "mean": 0.0495796464384,
        "median": 0.0465374067426,
        "min": 9.88556764596e-21,
        "var": 0.00319679174572
    },
    "spectral_energyband_high": {
        "dmean": 0.000648904358968,
        "dmean2": 0.000947973225266,
        "dvar": 1.80481310963e-06,
        "dvar2": 4.47289312433e-06,
        "max": 0.0122604267672,
        "mean": 0.000828172953334,
        "median": 1.90747232409e-05,
        "min": 7.07055650696e-21,
        "var": 2.88462206299e-06
    },
    "spectral_energyband_low": {
        "dmean": 0.0183652937412,
        "dmean2": 0.0327709838748,
        "dvar": 0.00198918976821,
        "dvar2": 0.00589937018231,
        "max": 0.431489318609,
        "mean": 0.0420898757875,
        "median": 0.0430430956185,
        "min": 1.21708694787e-23,
        "var": 0.00254161353223
    },
    "spectral_energyband_middle_high": {
        "dmean": 0.00133134459611,
        "dmean2": 0.00200896686874,
        "dvar": 7.6720089055e-06,
        "dvar2": 1.99524401978e-05,
        "max": 0.0283122640103,
        "mean": 0.00192803097889,
        "median": 0.000727334292606,
        "min": 1.19366655743e-21,
        "var": 8.98346570466e-06
    },
    "spectral_energyband_middle_low": {
        "dmean": 0.006728424225,
        "dmean2": 0.0112834610045,
        "dvar": 0.000404851889471,
        "dvar2": 0.0010486561805,
        "max": 0.135877966881,
        "mean": 0.00670111132786,
        "median": 0.00139585346915,
        "min": 1.43801568009e-22,
        "var": 0.00032062389073
    },
    "spectral_entropy": {
        "dmean": 0.326343357563,
        "dmean2": 0.469878941774,
        "dvar": 0.206445410848,
        "dvar2": 0.408185213804,
        "max": 9.82193946838,
        "mean": 7.17317438126,
        "median": 7.01627588272,
        "min": 5.08848428726,
        "var": 0.747729241848
    },
    "spectral_flux": {
        "dmean": 0.0354908704758,
        "dmean2": 0.0529182590544,
        "dvar": 0.00330754881725,
        "dvar2": 0.00646299403161,
        "max": 0.506547510624,
        "mean": 0.0739051327109,
        "median": 0.0347902178764,
        "min": 6.32030816572e-11,
        "var": 0.00915734190494
    },
    "spectral_kurtosis": {
        "dmean": 3.7665040493,
        "dmean2": 6.25189161301,
        "dvar": 23.5808391571,
        "dvar2": 66.3915100098,
        "max": 52.5105857849,
        "mean": 7.59168958664,
        "median": 5.85617876053,
        "min": -1.27343344688,
        "var": 47.8923377991
    },
    "spectral_rms": {
        "dmean": 0.001189619652,
        "dmean2": 0.00198823516257,
        "dvar": 4.19135312768e-06,
        "dvar2": 1.18709322123e-05,
        "max": 0.0207860264927,
        "mean": 0.00570846255869,
        "median": 0.00673812627792,
        "min": 3.10555249051e-12,
        "var": 1.57842023327e-05
    },
    "spectral_rolloff": {
        "dmean": 485.032714844,
        "dmean2": 806.709838867,
        "dvar": 2246052.25,
        "dvar2": 4660122,
        "max": 19422.9492188,
        "mean": 1274.47875977,
        "median": 193.798828125,
        "min": 43.06640625,
        "var": 7989356
    },
    "spectral_skewness": {
        "dmean": 0.413267165422,
        "dmean2": 0.65803450346,
        "dvar": 0.212102949619,
        "dvar2": 0.521441817284,
        "max": 5.66147947311,
        "mean": 1.90336024761,
        "median": 1.86136686802,
        "min": -0.0572384297848,
        "var": 0.614640951157
    },
    "spectral_spread": {
        "dmean": 1054521,
        "dmean2": 1527239.875,
        "dvar": 2.59429682381e+12,
        "dvar2": 4.91697733632e+12,
        "max": 49403648,
        "mean": 5361651.5,
        "median": 4035656.5,
        "min": 1056525.75,
        "var": 1.82220656476e+13
    },
    "spectral_strongpeak": {
        "dmean": 0.198194488883,
        "dmean2": 0.310381054878,
        "dvar": 0.152901604772,
        "dvar2": 0.350058078766,
        "max": 5.25691509247,
        "mean": 0.611076831818,
        "median": 0.493260383606,
        "min": 0,
        "var": 0.284702330828
    },
    "zerocrossingrate": {
        "dmean": 0.0129414927214,
        "dmean2": 0.0139241293073,
        "dvar": 0.000467254489195,
        "dvar2": 0.000504133873619,
        "max": 0.52490234375,
        "mean": 0.0497565641999,
        "median": 0.03515625,
        "min": 0.001953125,
        "var": 0.00494422204792
    },
    "barkbands": {
        "dmean": [0.000297608348774, 0.0156300663948, 0.0025905945804, 0.00405573984608, 0.00187025242485, 0.00046844620374, 0.000318108795909, 0.000300226849504, 0.000784879899584, 0.000112655288831, 6.95073977113e-05, 0.000423690828029, 0.000596348312683, 3.29727226926e-05, 6.36123586446e-05, 3.00962055917e-05, 7.34325367375e-05, 6.15826429566e-05, 8.30182107165e-05, 6.78961077938e-05, 7.55792934797e-05, 6.69420187478e-05, 8.378666098e-05, 0.00013682860299, 0.000129284366267, 0.000113995869469, 4.42370619567e-05],
        "dmean2": [0.000457282847492, 0.0281934831291, 0.0041290638037, 0.00720077985898, 0.0035487441346, 0.000881194428075, 0.000607879133895, 0.000577621452976, 0.00107618595939, 0.000183707728866, 0.000128404222778, 0.000650470959954, 0.000866987567861, 5.77611608605e-05, 0.000118730938993, 5.11194921273e-05, 0.000125739112264, 0.000102947509731, 0.000124213285744, 0.000107915482658, 0.000109292312118, 9.24881751416e-05, 0.000123255726066, 0.000214427011088, 0.000202395734959, 0.000173146108864, 6.34357784293e-05],
        "dvar": [8.59033491452e-07, 0.00188250583597, 8.24134622235e-05, 0.000191297993297, 4.962490857e-05, 3.12162296723e-06, 2.10499683817e-06, 2.13044586417e-06, 2.45650926445e-06, 2.51511920624e-07, 5.80909720327e-08, 1.30361013362e-06, 1.98367661142e-06, 1.35650859434e-08, 4.00060855554e-08, 4.52564830056e-09, 4.19500025828e-08, 2.04567260909e-08, 5.63038504708e-08, 2.55226630941e-08, 1.82870660836e-08, 1.28891279871e-08, 3.27302416281e-08, 1.41571376844e-07, 9.47710958599e-08, 5.49935137428e-08, 1.30123760655e-08],
        "dvar2": [2.32965476243e-06, 0.00554567808285, 0.000179042923264, 0.000516675354447, 0.000142784017953, 9.00922805158e-06, 6.12576650383e-06, 6.26819337413e-06, 4.24174731961e-06, 6.06642345247e-07, 1.69425092622e-07, 3.32877311848e-06, 4.56664474768e-06, 3.85961946847e-08, 1.174757287e-07, 1.23798837848e-08, 1.1916296927e-07, 5.72531781984e-08, 1.1931700783e-07, 6.94716533189e-08, 3.66673909014e-08, 2.2092756069e-08, 8.14099720969e-08, 4.07110974265e-07, 2.58874337078e-07, 1.28914720676e-07, 2.4908802132e-08],
        "max": [0.0199711918831, 0.419622093439, 0.100981749594, 0.0924637541175, 0.0599564760923, 0.0156595874578, 0.0124320425093, 0.0128035163507, 0.0253165028989, 0.010915462859, 0.00254230899736, 0.00930885504931, 0.0149663509801, 0.00264661083929, 0.00187609973364, 0.000771325605456, 0.00172328972258, 0.00192074198276, 0.00386186083779, 0.00227584806271, 0.00119901273865, 0.00102362420876, 0.00176699529402, 0.00380430486985, 0.00285873725079, 0.00232405890711, 0.00223890645429],
        "mean": [0.000587948423345, 0.0363778397441, 0.00321681820787, 0.00311123789288, 0.00134790805168, 0.000358232384315, 0.000201593022211, 0.000196507171495, 0.00137725658715, 0.000151467975229, 6.65880361339e-05, 0.000478867004858, 0.000853808422107, 3.91238572774e-05, 5.25449140696e-05, 4.03621015721e-05, 7.83003124525e-05, 7.1891627158e-05, 0.000107214633317, 7.8207347542e-05, 9.47168591665e-05, 9.23359330045e-05, 0.000111254237709, 0.000150998079334, 0.000150285413838, 0.000133552239276, 5.28139935341e-05],
        "median": [1.35887185024e-05, 0.0400755219162, 0.00132280634716, 0.00054839765653, 0.000214123021578, 4.51637424703e-05, 1.87985460798e-05, 2.39141336351e-05, 0.000184083095519, 1.92346869881e-05, 1.73357693711e-05, 2.15455638681e-05, 0.000177054927917, 3.74347655452e-06, 5.73819988858e-06, 1.00714241853e-05, 1.63419117598e-05, 1.34036945383e-05, 2.02764604182e-05, 7.88246597949e-06, 5.49112519366e-06, 2.95363770419e-06, 1.26683767121e-06, 6.76209197081e-07, 6.7611540544e-07, 3.72024970829e-07, 1.11307912221e-07],
        "min": [1.62845185288e-25, 7.4340787385e-25, 1.39536490255e-25, 2.48600679038e-24, 7.22835692923e-24, 9.11021538421e-24, 8.29964502688e-24, 6.85244735295e-24, 1.25549895193e-23, 1.92089271252e-23, 1.73343680002e-23, 1.71552129554e-23, 2.22028609421e-23, 4.15639419809e-23, 5.90271357001e-23, 6.81206761425e-23, 7.02596756425e-23, 9.71237405464e-23, 1.0481106385e-22, 1.52231020098e-22, 2.76700800628e-22, 3.56691675071e-22, 4.09731552138e-22, 5.7566964262e-22, 9.22335362591e-22, 1.333084255e-21, 1.8432998995e-21],
        "var": [1.69887368884e-06, 0.00197059288621, 9.08767178771e-05, 0.000130068321596, 2.83673161903e-05, 1.78888467417e-06, 1.14186855171e-06, 1.12205862024e-06, 7.54151051297e-06, 4.00573554771e-07, 3.46243176352e-08, 1.47376488258e-06, 2.92927757073e-06, 1.91094962076e-08, 2.50764653487e-08, 5.60909052538e-09, 3.19854649433e-08, 2.20358113978e-08, 8.2014011582e-08, 2.89155543953e-08, 3.42012000942e-08, 3.07937391142e-08, 5.14210007907e-08, 1.42490577559e-07, 1.15405107692e-07, 9.03088377413e-08, 2.73551989949e-08]
    },
    "erbbands": {
        "dmean": [0.48393663764, 3.38819432259, 3.17870259285, 9.55318164825, 9.67559051514, 4.9705529213, 4.55796718597, 3.45033884048, 3.78745746613, 6.56950712204, 7.17637491226, 21.8637733459, 6.483481884, 1.71338820457, 4.82209539413, 21.6109409332, 28.7506446838, 5.07748365402, 2.26014280319, 3.03516459465, 1.98545467854, 3.68494653702, 3.87589478493, 3.14885878563, 4.3339381218, 2.95853877068, 2.83797883987, 3.22759795189, 2.51968359947, 2.13510084152, 2.5103957653, 1.98103833199, 2.88693475723, 1.10068964958, 1.18499171734, 0.494474023581, 0.215390145779, 0.0650254711509, 0.00720529444516, 0.000335064862156],
        "dmean2": [0.882814586163, 6.09234237671, 5.07706022263, 16.6821327209, 17.595287323, 9.44355297089, 8.62845993042, 6.49455118179, 7.1662569046, 12.6611318588, 12.5638923645, 29.7435894012, 10.003993988, 3.07451510429, 8.46430873871, 32.0779380798, 41.8936576843, 7.65667915344, 4.18318033218, 5.48226213455, 3.34674167633, 6.3791847229, 6.37714672089, 4.91290855408, 6.45866823196, 4.66527032852, 4.17215061188, 4.82160568237, 3.5354950428, 2.9508330822, 3.70897078514, 2.80390954018, 4.74362230301, 1.5602722168, 1.96728134155, 0.755764842033, 0.335358709097, 0.097965836525, 0.0103005208075, 0.000455832196167],
        "dvar": [1.56905996799, 101.414527893, 96.7359466553, 1050.63928223, 1207.93017578, 353.897247314, 306.356811523, 166.157943726, 257.237976074, 1027.4276123, 708.975708008, 1941.9050293, 410.51751709, 28.406496048, 243.400360107, 2833.84790039, 4397.546875, 169.459381104, 59.4223098755, 56.7783355713, 27.1526622772, 127.230064392, 76.3060073853, 66.4151611328, 167.738433838, 52.2498664856, 25.5710830688, 35.8580207825, 18.322013855, 14.0126123428, 32.2670211792, 16.9405403137, 85.8078384399, 5.315782547, 10.958732605, 0.992016196251, 0.235526189208, 0.0186030920595, 0.000353057781467, 1.6227783135e-06],
        "dvar2": [4.88626623154, 292.161834717, 201.083953857, 2834.53564453, 3301.29248047, 1025.4987793, 889.226135254, 480.338989258, 742.659179688, 3015.25976562, 2043.31640625, 3310.10961914, 965.766601562, 81.2359924316, 699.716186523, 7076.29003906, 10162.15625, 415.570037842, 172.998260498, 162.839645386, 76.3597564697, 363.785797119, 202.926300049, 156.670913696, 365.971435547, 134.794631958, 53.8902740479, 76.2902069092, 33.1444282532, 26.0457687378, 80.9010009766, 40.7647743225, 256.800720215, 12.0996046066, 31.8065299988, 2.43334293365, 0.599656939507, 0.0402435846627, 0.000637886463664, 2.90109051093e-06],
        "max": [11.2332429886, 96.6760559082, 102.484283447, 251.390151978, 310.623321533, 141.439041138, 138.069992065, 122.291404724, 133.679412842, 282.158721924, 293.301879883, 673.297668457, 420.79107666, 68.7032699585, 144.634750366, 442.124725342, 676.469299316, 181.313812256, 71.4390335083, 74.7172470093, 45.6671409607, 96.5969543457, 128.726287842, 142.806533813, 262.539611816, 127.023880005, 40.1524658203, 62.259563446, 39.9332504272, 35.1546096802, 57.9550132751, 38.4582481384, 94.4166488647, 30.9527950287, 31.570224762, 8.91167926788, 4.24922561646, 1.86508893967, 0.370107978582, 0.0299120340496],
        "mean": [0.924680829048, 8.42492294312, 6.34263038635, 8.347407341, 7.1793551445, 3.62960720062, 3.15505957603, 2.73206472397, 2.57656431198, 4.1800866127, 7.56390476227, 38.2745285034, 10.1269836426, 2.25253915787, 4.81991672516, 26.6516895294, 41.3129119873, 7.27534484863, 2.01315736771, 3.34341239929, 2.39935183525, 3.82706069946, 4.78321409225, 4.26734256744, 5.27986526489, 3.59092068672, 3.54311323166, 3.92272734642, 3.47788500786, 2.88011956215, 3.32184243202, 2.56315422058, 2.88700222969, 1.48318099976, 1.21156322956, 0.575204014778, 0.244079232216, 0.072071403265, 0.00857929699123, 0.000491625687573],
        "median": [0.681200683117, 10.0752897263, 4.52526473999, 2.79659557343, 1.11167573929, 0.535747885704, 0.328396558762, 0.377020835876, 0.24992890656, 0.409819722176, 0.987895607948, 4.63789701462, 2.31257581711, 0.852185249329, 1.03474640846, 3.56501603127, 10.4001989365, 1.34446430206, 0.326454460621, 0.586046338081, 0.659293532372, 0.864776015282, 1.26054883003, 0.720710039139, 0.870733141899, 0.437124609947, 0.257907956839, 0.19324529171, 0.117549583316, 0.0556075684726, 0.0356891825795, 0.0166774466634, 0.0113348811865, 0.00744262710214, 0.00484239589423, 0.00186868524179, 0.000772661005612, 0.000153922679601, 4.24364043283e-05, 5.73756187805e-05],
        "min": [1.17958194453e-22, 3.33254478737e-22, 8.1988386375e-22, 4.77405230661e-21, 9.39848347317e-21, 3.11303930538e-20, 6.47734053794e-20, 6.15465802722e-20, 8.64674060157e-20, 1.82763656413e-19, 2.93739719583e-19, 2.65759353086e-19, 4.15959790991e-19, 7.83685387993e-19, 8.49760988915e-19, 9.02904758332e-19, 1.52560425551e-18, 2.23071048384e-18, 2.70086629554e-18, 3.52456778643e-18, 3.13287936162e-18, 4.30648590305e-18, 5.97332266615e-18, 6.02022173893e-18, 6.93106050351e-18, 7.46682455908e-18, 9.43002359205e-18, 9.3385076378e-18, 1.11479354493e-17, 1.08463735221e-17, 1.06010565678e-17, 1.09509456951e-17, 9.40443062389e-18, 8.50453752678e-18, 6.88637413886e-18, 4.22914079346e-18, 2.18910061069e-18, 1.01050658376e-18, 2.48519125512e-19, 2.57773454185e-20],
        "var": [1.55316865444, 104.987983704, 140.118255615, 728.843139648, 791.088256836, 200.654220581, 170.717544556, 96.0684814453, 143.695846558, 543.942749023, 490.156219482, 5935.46582031, 724.958496094, 23.0815906525, 157.678436279, 3472.07739258, 6428.89111328, 255.084457397, 37.0567359924, 50.4337120056, 23.6001186371, 88.6843032837, 89.150428772, 100.223686218, 220.942977905, 62.7868995667, 45.0114936829, 61.6700057983, 42.5833129883, 31.6319274902, 47.1874580383, 29.7214603424, 68.5737228394, 10.047460556, 9.54005813599, 1.62253558636, 0.311997354031, 0.0290944892913, 0.000744076038245, 4.09639733334e-06]
    },
    "gfcc": {
        "mean": [-120.246559143, 96.9276657104, -91.8662338257, 29.2938098907, -31.9895248413, 21.7171211243, -4.37218761444, 11.8258066177, -16.0790557861, 0.351389318705, -6.77496433258, -2.9009001255, -16.5196800232],
        "cov": [[37628.2734375, -3207.39990234, 3660.15136719, 2081.04223633, 486.958648682, 2225.20776367, -366.12322998, 920.341125488, -775.17791748, 473.784423828, -722.127441406, 8.01663589478, -591.579772949], [-3207.39990234, 4825.38574219, -1471.48486328, -91.3843383789, 629.117126465, -606.151428223, 669.407470703, -260.648956299, 524.881225586, -341.694671631, 309.457672119, -264.789123535, 262.148162842], [3660.15136719, -1471.48486328, 2702.67529297, 586.890014648, 610.345703125, 865.369018555, 13.301612854, 419.652130127, -176.341033936, 216.673828125, -207.989440918, 71.1976470947, -111.985153198], [2081.04223633, -91.3843383789, 586.890014648, 451.023223877, 234.279220581, 266.441833496, 93.3110351562, 85.0320739746, -16.3011302948, 3.30976557732, -28.2677001953, -18.7893753052, -27.6442222595], [486.958648682, 629.117126465, 610.345703125, 234.279220581, 594.121398926, 235.654846191, 242.102340698, 76.661277771, 81.0175323486, 11.6539697647, 40.0137138367, -58.3640518188, -9.18636798859], [2225.20776367, -606.151428223, 865.369018555, 266.441833496, 235.654846191, 485.111694336, 36.5723724365, 134.853759766, -104.061485291, 96.0422439575, -34.9917564392, 39.0702018738, -77.8037338257], [-366.12322998, 669.407470703, 13.301612854, 93.3110351562, 242.102340698, 36.5723724365, 274.501556396, 24.4512176514, 117.388305664, -47.6766929626, 70.7020339966, -33.3667869568, 50.0415153503], [920.341125488, -260.648956299, 419.652130127, 85.0320739746, 76.661277771, 134.853759766, 24.4512176514, 235.431732178, 15.1152610779, 45.0994491577, -77.1850662231, 12.3442211151, -0.0207643397152], [-775.17791748, 524.881225586, -176.341033936, -16.3011302948, 81.0175323486, -104.061485291, 117.388305664, 15.1152610779, 158.791854858, -22.6016960144, 41.2048873901, -51.8595809937, 53.2879714966], [473.784423828, -341.694671631, 216.673828125, 3.30976557732, 11.6539697647, 96.0422439575, -47.6766929626, 45.0994491577, -22.6016960144, 110.534828186, -17.0480136871, 14.3454847336, -35.5817298889], [-722.127441406, 309.457672119, -207.989440918, -28.2677001953, 40.0137138367, -34.9917564392, 70.7020339966, -77.1850662231, 41.2048873901, -17.0480136871, 110.47844696, 5.53435230255, 21.6378154755], [8.01663589478, -264.789123535, 71.1976470947, -18.7893753052, -58.3640518188, 39.0702018738, -33.3667869568, 12.3442211151, -51.8595809937, 14.3454847336, 5.53435230255, 110.170700073, 27.1583156586], [-591.579772949, 262.148162842, -111.985153198, -27.6442222595, -9.18636798859, -77.8037338257, 50.0415153503, -0.0207643397152, 53.2879714966, -35.5817298889, 21.6378154755, 27.1583156586, 96.2899932861]],
        "icov": [[5.43089736311e-05, -4.43992721557e-05, 6.17035839241e-05, -0.000211717284401, 6.29607966403e-05, -0.000227515018196, 8.19591077743e-05, -9.49048844632e-05, 0.000121541183034, -0.000134979403811, 0.000247437768849, 7.92745777289e-06, 7.00918753864e-05], [-4.43992721557e-05, 0.000799775298219, 0.000314090604661, 0.00020126614254, -0.00114112964366, 0.000566148024518, -0.000503957213368, 0.000233441780438, -0.000367582804756, 0.000780892558396, -0.000383603677619, 0.000778022338636, -0.00105779396836], [6.17035839241e-05, 0.000314090604661, 0.00174695893656, -0.000670593988616, -0.00168389931787, -0.00152435887139, 0.000675906892866, -0.00070280872751, 0.000356799690053, -0.000629698333796, 0.00185389758553, -0.000109165492177, -0.00119655660819], [-0.000211717284401, 0.00020126614254, -0.000670593988616, 0.00497292494401, -0.000423955178121, -0.00116308766883, -0.000813299731817, 0.000791788450442, -0.00110223609954, 0.00257202493958, -0.000238028151216, 0.000889078655746, -0.000395135197323], [6.29607966403e-05, -0.00114112964366, -0.00168389931787, -0.000423955178121, 0.00643445271999, -0.00119923928287, -0.00247174547985, 0.00035501117236, -0.000574900768697, -0.000920372840483, -0.000972919340711, 0.000630187045317, 0.00236187386326], [-0.000227515018196, 0.000566148024518, -0.00152435887139, -0.00116308766883, -0.00119923928287, 0.0100052701309, -0.00317425746471, -0.00152271904517, 0.00465612532571, -0.00246959808283, -0.00418697018176, -0.000629577669315, 0.00220256252214], [8.19591077743e-05, -0.000503957213368, 0.000675906892866, -0.000813299731817, -0.00247174547985, -0.00317425746471, 0.0117608224973, -0.00179057486821, -0.00487168924883, 0.00366953900084, -0.00315733696334, -0.000431447697338, -0.00160172872711], [-9.49048844632e-05, 0.000233441780438, -0.00070280872751, 0.000791788450442, 0.00035501117236, -0.00152271904517, -0.00179057486821, 0.00967315770686, -0.00531512871385, -0.000742983247619, 0.00694276019931, -0.00242538517341, -0.00028170022415], [0.000121541183034, -0.000367582804756, 0.000356799690053, -0.00110223609954, -0.000574900768697, 0.00465612532571, -0.00487168924883, -0.00531512871385, 0.0217017028481, -0.00617209635675, -0.00468987831846, 0.00900442246348, -0.00769251817837], [-0.000134979403811, 0.000780892558396, -0.000629698333796, 0.00257202493958, -0.000920372840483, -0.00246959808283, 0.00366953900084, -0.000742983247619, -0.00617209635675, 0.0171082969755, -0.00264410162345, -0.00163499941118, 0.00385334179737], [0.000247437768849, -0.000383603677619, 0.00185389758553, -0.000238028151216, -0.000972919340711, -0.00418697018176, -0.00315733696334, 0.00694276019931, -0.00468987831846, -0.00264410162345, 0.0225004348904, -0.00621660612524, 0.0011342439102], [7.92745777289e-06, 0.000778022338636, -0.000109165492177, 0.000889078655746, 0.000630187045317, -0.000629577669315, -0.000431447697338, -0.00242538517341, 0.00900442246348, -0.00163499941118, -0.00621660612524, 0.0195569880307, -0.011872401461], [7.00918753864e-05, -0.00105779396836, -0.00119655660819, -0.000395135197323, 0.00236187386326, 0.00220256252214, -0.00160172872711, -0.00028170022415, -0.00769251817837, 0.00385334179737, 0.0011342439102, -0.011872401461, 0.0238028336316]]
    },
    "melbands": {
        "dmean": [0.00441241031513, 0.00259131449275, 0.00166191998869, 0.000498752458952, 0.000163992386661, 8.05883682915e-05, 5.88399889239e-05, 7.2471164458e-05, 6.88188665663e-05, 0.000132380009745, 2.85345413431e-05, 6.00079692958e-06, 1.12499410534e-05, 4.56468733319e-05, 5.85364796279e-05, 5.53427853447e-05, 4.41318979938e-06, 3.10832274408e-06, 4.86581802761e-06, 2.87112288788e-06, 2.58370801021e-06, 3.97115127271e-06, 4.37885182691e-06, 2.60116121353e-06, 2.57928945757e-06, 3.61449633601e-06, 2.49142885878e-06, 1.90334424133e-06, 1.97348003894e-06, 1.76064338575e-06, 1.93433061213e-06, 1.53322605456e-06, 1.24031816995e-06, 1.25995916278e-06, 1.5433918179e-06, 1.26265877043e-06, 1.19766207263e-06, 2.28301996685e-06, 1.41088003147e-06, 7.84984194979e-07],
        "dmean2": [0.00802522432059, 0.00439691403881, 0.00289330910891, 0.000918232253753, 0.000312278192723, 0.000151709507918, 0.000111670451588, 0.000139832554851, 0.000111532252049, 0.000181225084816, 4.53981265309e-05, 1.09219090518e-05, 2.09185873246e-05, 6.90927045071e-05, 8.83943139343e-05, 7.97098618932e-05, 7.42707561585e-06, 5.77260288992e-06, 9.09805476113e-06, 4.92074468639e-06, 4.37747939941e-06, 7.01493218003e-06, 7.2415714385e-06, 4.47010506832e-06, 4.04820275435e-06, 5.33761203769e-06, 3.88782109439e-06, 3.09235929308e-06, 3.04679792862e-06, 2.57652482105e-06, 2.95723521049e-06, 2.18566106014e-06, 1.64735229191e-06, 1.76720766376e-06, 2.32008392231e-06, 1.77502772658e-06, 1.75420780124e-06, 3.87091267839e-06, 2.11775227399e-06, 1.10677979137e-06],
        "dvar": [0.000140874399222, 5.51281809749e-05, 3.10590294248e-05, 3.28080500367e-06, 3.96489326704e-07, 9.18664113669e-08, 6.46308109253e-08, 1.26348922436e-07, 4.40535323776e-08, 7.15100014759e-08, 9.78162439935e-09, 3.52086443334e-10, 1.65523728057e-09, 1.47965675268e-08, 1.79717840609e-08, 2.01412735379e-08, 2.09139552898e-10, 1.06437185454e-10, 2.4737811799e-10, 3.40967080958e-11, 5.12285665277e-11, 1.72302283552e-10, 9.68703520177e-11, 3.76682539327e-11, 5.10533629261e-11, 1.31846283891e-10, 3.93622981432e-11, 2.16143491993e-11, 1.4527059243e-11, 1.00438320855e-11, 1.39228932203e-11, 6.59654188911e-12, 4.74853273022e-12, 5.03099298332e-12, 1.34284970296e-11, 7.1004447981e-12, 5.72537546886e-12, 7.09763289808e-11, 9.79233100856e-12, 2.50318732756e-12],
        "dvar2": [0.000426592043368, 0.000143207405927, 8.3403509052e-05, 9.17424040381e-06, 1.15403645395e-06, 2.65292584345e-07, 1.87134745033e-07, 3.71163309865e-07, 1.16901922809e-07, 1.24437036675e-07, 2.32248105192e-08, 1.01358299531e-09, 4.82919881861e-09, 3.69923860433e-08, 4.50453399026e-08, 4.6311981805e-08, 5.93068982813e-10, 3.08056163911e-10, 7.27068960593e-10, 9.2703768273e-11, 1.44036907401e-10, 4.9878251529e-10, 2.50235970833e-10, 1.06431544133e-10, 1.18552945239e-10, 2.74355593799e-10, 1.01926057872e-10, 5.58329910083e-11, 3.52651588487e-11, 1.74956334142e-11, 3.14057183037e-11, 1.25345706037e-11, 8.3369708706e-12, 1.06862053928e-11, 3.54994124374e-11, 1.62011220411e-11, 1.36094104736e-11, 2.14332135373e-10, 2.47591773472e-11, 5.12043575943e-12],
        "max": [0.114089258015, 0.0720148980618, 0.0401498712599, 0.0153647763655, 0.0048463223502, 0.00279822340235, 0.00217308849096, 0.00309522682801, 0.00318088848144, 0.00413914117962, 0.00208553555422, 0.000267874420388, 0.000414982176153, 0.000929420348257, 0.00135477958247, 0.00192174187396, 0.000330478418618, 0.000106708495878, 0.000148280407302, 6.60171936033e-05, 5.82636166655e-05, 0.000111821907922, 0.000132605084218, 9.0842237114e-05, 0.000131304201204, 0.000212476530578, 9.04935368453e-05, 8.44176611281e-05, 3.2327909139e-05, 3.51167363988e-05, 3.73572765966e-05, 2.50607226917e-05, 2.01536604436e-05, 2.11424248846e-05, 3.71005007764e-05, 2.7560909075e-05, 2.35785064433e-05, 8.52640296216e-05, 4.03894518968e-05, 2.22901562665e-05],
        "mean": [0.00972523447126, 0.00637516565621, 0.00139915326145, 0.000371860805899, 0.000112921035907, 6.27366607659e-05, 3.97626899939e-05, 4.54553264717e-05, 8.80883744685e-05, 0.000230465564528, 4.14268797613e-05, 7.71053692006e-06, 9.9623002825e-06, 5.35694380233e-05, 7.59844333516e-05, 7.93693106971e-05, 5.55266160518e-06, 2.72569718618e-06, 3.9813667172e-06, 3.97182884626e-06, 2.8325941912e-06, 3.73149919142e-06, 5.32500007466e-06, 3.05890353047e-06, 3.43003785019e-06, 4.51693540526e-06, 2.87704119728e-06, 2.25264375331e-06, 2.14211172533e-06, 2.31962462749e-06, 2.27103168982e-06, 2.0553864033e-06, 1.61732441484e-06, 1.60402998972e-06, 1.93934943127e-06, 1.72915940766e-06, 1.48341780459e-06, 2.1353196189e-06, 1.68545795987e-06, 1.0951338254e-06],
        "median": [0.00955854542553, 0.00664560496807, 0.000402051315177, 5.90715644648e-05, 1.20430868265e-05, 8.24481867312e-06, 4.06802155339e-06, 4.25808138971e-06, 9.39006713452e-06, 2.92978329526e-05, 7.57082671043e-06, 2.52351924246e-06, 1.94791755348e-06, 3.09579172608e-06, 1.78187983693e-05, 1.37119477586e-05, 7.86614009485e-07, 3.37829305863e-07, 4.08566990018e-07, 9.03470436242e-07, 5.5702815871e-07, 6.51076106806e-07, 1.32566560751e-06, 5.78893491365e-07, 3.85754191257e-07, 8.02899535302e-07, 2.75583772691e-07, 2.66673851002e-07, 1.36183928134e-07, 1.74973365574e-07, 8.37126705733e-08, 7.27041395976e-08, 3.54429445792e-08, 2.72792668454e-08, 2.34932002741e-08, 1.31675630399e-08, 8.84279760527e-09, 8.1367907967e-09, 6.77029410312e-09, 5.88271031887e-09],
        "min": [1.95765201354e-24, 7.82252222988e-25, 1.43971365191e-24, 1.41819520274e-24, 2.11504278033e-24, 1.27719154214e-24, 1.39922526734e-24, 1.50844424296e-24, 1.60936193667e-24, 1.62077231662e-24, 1.29404703449e-24, 3.19745914156e-24, 2.23252625723e-24, 1.2740539465e-24, 3.069398026e-24, 3.32972192751e-24, 3.71049088696e-24, 3.94756883253e-24, 4.81485237249e-24, 3.85907283846e-24, 2.78349747901e-24, 4.25562256589e-24, 4.48407550075e-24, 4.36378131246e-24, 3.41174019026e-24, 4.6902541591e-24, 4.09808152109e-24, 4.4405059241e-24, 4.93339371186e-24, 5.92811063131e-24, 4.87985529994e-24, 5.47666801779e-24, 5.17530698035e-24, 5.99788143407e-24, 5.23788573823e-24, 5.8112460158e-24, 5.42653354068e-24, 6.32666051557e-24, 6.72436868524e-24, 6.74008752764e-24],
        "var": [0.000143762459629, 7.323675527e-05, 2.17665419768e-05, 2.04037155527e-06, 2.19506645749e-07, 5.29029833274e-08, 3.57604683643e-08, 6.66642421265e-08, 5.25945402785e-08, 2.09785255834e-07, 1.65849893818e-08, 2.7374519318e-10, 9.56533519059e-10, 1.79234831421e-08, 2.15187032637e-08, 2.97721971521e-08, 2.92406654445e-10, 6.97840535357e-11, 1.52783771745e-10, 4.94307511589e-11, 4.17932841112e-11, 1.09153942829e-10, 1.16456067012e-10, 3.99284424968e-11, 7.71889913098e-11, 1.83680320953e-10, 4.47595224773e-11, 2.55661273402e-11, 1.87227577192e-11, 2.07146348685e-11, 2.17798001856e-11, 1.49028255014e-11, 1.0593117529e-11, 1.00805596509e-11, 1.69981650283e-11, 1.28092753418e-11, 1.03126118756e-11, 4.93142332525e-11, 1.39952806288e-11, 5.51020904252e-12]
    },
    "mfcc": {
        "mean": [-762.643676758, 125.640075684, 15.5821800232, 26.1376895905, 6.93798494339, 13.922832489, 21.0380706787, 18.6850528717, 6.12869119644, 5.93327856064, 13.7874479294, 12.688659668, -0.524647653103],
        "cov": [[17579.578125, -652.766479492, 1616.95800781, 933.51739502, 809.759765625, 952.387512207, 713.430480957, 403.837463379, 208.551391602, 322.93145752, 164.067840576, 41.0286865234, -205.60295105], [-652.766479492, 3901.26000977, -618.310546875, 479.298919678, 147.376296997, 100.864044189, 223.602630615, 265.802307129, 213.747161865, 128.631835938, 188.779632568, 93.6430206299, 44.17993927], [1616.95800781, -618.310546875, 1089.4152832, 279.747406006, 384.573608398, 364.890808105, 259.530853271, 173.592926025, 147.680236816, 75.7459411621, 33.5146102905, 57.6243667603, 15.6627597809], [933.51739502, 479.298919678, 279.747406006, 430.580627441, 236.568222046, 233.794052124, 185.370758057, 164.781387329, 143.507843018, 104.17565155, 75.4252319336, 37.9311218262, -0.98573923111], [809.759765625, 147.376296997, 384.573608398, 236.568222046, 327.201721191, 251.862625122, 189.809570312, 123.063499451, 94.1176300049, 62.8573303223, 63.6189041138, 47.2338905334, 15.3934803009], [952.387512207, 100.864044189, 364.890808105, 233.794052124, 251.862625122, 351.358306885, 226.630828857, 118.227363586, 77.6528625488, 41.0508575439, 68.3480682373, 91.6478500366, 26.6188774109], [713.430480957, 223.602630615, 259.530853271, 185.370758057, 189.809570312, 226.630828857, 234.379821777, 152.590530396, 80.2404403687, 41.449848175, 57.9482421875, 69.6525421143, 33.8120918274], [403.837463379, 265.802307129, 173.592926025, 164.781387329, 123.063499451, 118.227363586, 152.590530396, 185.306259155, 111.281913757, 43.2432136536, 36.7891349792, 35.734287262, 34.6018829346], [208.551391602, 213.747161865, 147.680236816, 143.507843018, 94.1176300049, 77.6528625488, 80.2404403687, 111.281913757, 143.262359619, 80.7176361084, 30.1971092224, 5.94365501404, 6.27523136139], [322.93145752, 128.631835938, 75.7459411621, 104.17565155, 62.8573303223, 41.0508575439, 41.449848175, 43.2432136536, 80.7176361084, 149.170562744, 86.8598022461, -38.0292129517, -62.0383644104], [164.067840576, 188.779632568, 33.5146102905, 75.4252319336, 63.6189041138, 68.3480682373, 57.9482421875, 36.7891349792, 30.1971092224, 86.8598022461, 132.184234619, 18.2962608337, -45.3111305237], [41.0286865234, 93.6430206299, 57.6243667603, 37.9311218262, 47.2338905334, 91.6478500366, 69.6525421143, 35.734287262, 5.94365501404, -38.0292129517, 18.2962608337, 113.828590393, 60.7342185974], [-205.60295105, 44.17993927, 15.6627597809, -0.98573923111, 15.3934803009, 26.6188774109, 33.8120918274, 34.6018829346, 6.27523136139, -62.0383644104, -45.3111305237, 60.7342185974, 119.696022034]],
