{
"lowlevel": {
    "average_loudness": 0.912555277348,
    "barkbands_crest": {
        "dmean": 3.08928394318,
        "dmean2": 4.59978199005,
        "dvar": 10.057923317,
        "dvar2": 20.3381156921,
        "max": 26.594379425,
        "mean": 15.6813678741,
        "median": 16.079246521,
        "min": 1.86942136288,
        "var": 44.4411201477
    },
    "barkbands_flatness_db": {
        "dmean": 0.0405062325299,
        "dmean2": 0.0553782917559,
        "dvar": 0.00218302686699,
        "dvar2": 0.00399749167264,
        "max": 0.61423677206,
        "mean": 0.200548246503,
        "median": 0.185456216335,
        "min": 0.0169827379286,
        "var": 0.0104376226664
    },
    "barkbands_kurtosis": {
        "dmean": 39.1828994751,
        "dmean2": 61.7663116455,
        "dvar": 12404.2949219,
        "dvar2": 29064.0449219,
        "max": 1685.68103027,
        "mean": 50.2311286926,
        "median": 10.6196098328,
        "min": -1.93596637249,
        "var": 13908.2724609
    },
    "barkbands_skewness": {
        "dmean": 1.74412930012,
        "dmean2": 2.52515673637,
        "dvar": 7.94525814056,
        "dvar2": 16.2824001312,
        "max": 35.3713951111,
        "mean": 4.29652452469,
        "median": 2.92489671707,
        "min": -3.8961057663,
        "var": 19.4666118622
    },
    "barkbands_spread": {
        "dmean": 6.65108394623,
        "dmean2": 9.13096141815,
        "dvar": 98.5864639282,
        "dvar2": 147.430374146,
        "max": 99.1211853027,
        "mean": 18.4011287689,
        "median": 11.4607992172,
        "min": 0.0426657348871,
        "var": 345.125518799
    },
    "dissonance": {
        "dmean": 0.021290294826,
        "dmean2": 0.0355543866754,
        "dvar": 0.000587151502259,
        "dvar2": 0.00154357834253,
        "max": 0.500000178814,
        "mean": 0.460665404797,
        "median": 0.471428275108,
        "min": 0.205322891474,
        "var": 0.00142173690256
    },
    "dynamic_complexity": 3.52529215813,
    "erbbands_crest": {
        "dmean": 3.27970528603,
        "dmean2": 5.08921384811,
        "dvar": 9.32961082458,
        "dvar2": 19.2230377197,
        "max": 31.2009983063,
        "mean": 9.5288066864,
        "median": 8.00667095184,
        "min": 2.24759674072,
        "var": 28.3105335236
    },
    "erbbands_flatness_db": {
        "dmean": 0.0200551692396,
        "dmean2": 0.0287387520075,
        "dvar": 0.000571002485231,
        "dvar2": 0.00113157799933,
        "max": 0.47648191452,
        "mean": 0.135345980525,
        "median": 0.106448665261,
        "min": 0.0411237739027,
        "var": 0.00662807561457
    },
    "erbbands_kurtosis": {
        "dmean": 2.21599459648,
        "dmean2": 3.25371837616,
        "dvar": 43.8461990356,
        "dvar2": 89.1073303223,
        "max": 127.433959961,
        "mean": 1.60296797752,
        "median": -0.597119212151,
        "min": -1.94745981693,
        "var": 67.5715179443
    },
    "erbbands_skewness": {
        "dmean": 0.536696970463,
        "dmean2": 0.766952395439,
        "dvar": 0.4339440763,
        "dvar2": 0.840218305588,
        "max": 9.31661701202,
        "mean": 0.721209347248,
        "median": 0.451297074556,
        "min": -4.98830366135,
        "var": 1.44232141972
    },
    "erbbands_spread": {
        "dmean": 13.9606838226,
        "dmean2": 20.3778419495,
        "dvar": 216.320602417,
        "dvar2": 446.582824707,
        "max": 209.784667969,
        "mean": 63.8829193115,
        "median": 61.2656021118,
        "min": 0.824565649033,
        "var": 1424.82556152
    },
    "hfc": {
        "dmean": 8.05048656464,
        "dmean2": 13.5828676224,
        "dvar": 175.711151123,
        "dvar2": 456.745788574,
        "max": 206.863311768,
        "mean": 23.0725955963,
        "median": 18.4644966125,
        "min": 1.11776916174e-16,
        "var": 391.595733643
    },
    "melbands_crest": {
        "dmean": 3.78544712067,
        "dmean2": 5.5318775177,
        "dvar": 14.0120925903,
        "dvar2": 33.38646698,
        "max": 32.1641540527,
        "mean": 19.5313606262,
        "median": 20.311876297,
        "min": 1.76697993279,
        "var": 53.0211601257
    },
    "melbands_flatness_db": {
        "dmean": 0.0463873669505,
        "dmean2": 0.0626221597195,
        "dvar": 0.00283869658597,
        "dvar2": 0.00513726240024,
        "max": 0.753516495228,
        "mean": 0.275792509317,
        "median": 0.274537801743,
        "min": 0.00344624021091,
        "var": 0.0168639812618
    },
    "melbands_kurtosis": {
        "dmean": 57.0546379089,
        "dmean2": 81.6624603271,
        "dvar": 8781.36816406,
        "dvar2": 16811.7363281,
        "max": 1374.69055176,
        "mean": 114.069450378,
        "median": 37.6061935425,
        "min": -1.94831609726,
        "var": 24204.3515625
    },
    "melbands_skewness": {
        "dmean": 1.99541854858,
        "dmean2": 2.84299468994,
        "dvar": 5.63820362091,
        "dvar2": 11.3292722702,
        "max": 29.209985733,
        "mean": 6.50136423111,
        "median": 5.12696933746,
        "min": -2.4011785984,
        "var": 26.8554782867
    },
    "melbands_spread": {
        "dmean": 5.97842121124,
        "dmean2": 8.5114068985,
        "dvar": 93.7156448364,
        "dvar2": 184.073455811,
        "max": 283.848968506,
        "mean": 15.7349309921,
        "median": 6.91496562958,
        "min": 0.185112267733,
        "var": 472.560913086
    },
    "pitch_salience": {
        "dmean": 0.108713582158,
        "dmean2": 0.149832472205,
        "dvar": 0.0129764117301,
        "dvar2": 0.025884417817,
        "max": 0.98017013073,
        "mean": 0.404709964991,
        "median": 0.40577429533,
        "min": 0.0218824315816,
        "var": 0.0437202379107
    },
    "silence_rate_20dB": {
        "dmean": 0,
        "dmean2": 0,
        "dvar": 0,
        "dvar2": 0,
        "max": 1,
        "mean": 1,
        "median": 1,
        "min": 1,
        "var": 0
    },
    "silence_rate_30dB": {
        "dmean": 0.10736695677,
        "dmean2": 0.214750543237,
        "dvar": 0.0958366543055,
        "dvar2": 0.205217137933,
        "max": 1,
        "mean": 0.758326888084,
        "median": 1,
        "min": 0,
        "var": 0.183248952031
    },
    "silence_rate_60dB": {
        "dmean": 0.0371833592653,
        "dmean2": 0.074295014143,
        "dvar": 0.0357987210155,
        "dvar2": 0.0806920453906,
        "max": 1,
        "mean": 0.0979860574007,
        "median": 0,
        "min": 0,
        "var": 0.0883724167943
    },
    "spectral_centroid": {
        "dmean": 278.277954102,
        "dmean2": 399.615234375,
        "dvar": 106963.976562,
        "dvar2": 216974.8125,
        "max": 11229.7929688,
        "mean": 1201.8927002,
        "median": 965.456970215,
        "min": 73.6170578003,
        "var": 802544.75
    },
    "spectral_complexity": {
        "dmean": 4.07266235352,
        "dmean2": 6.6007900238,
        "dvar": 27.5247955322,
        "dvar2": 63.9922904968,
        "max": 50,
        "mean": 13.4682416916,
        "median": 10,
        "min": 0,
        "var": 113.007659912
    },
    "spectral_decrease": {
        "dmean": 3.43908990175e-09,
        "dmean2": 3.97076860281e-09,
        "dvar": 1.62354477682e-17,
        "dvar2": 3.40222529229e-17,
        "max": 1.67145212638e-28,
        "mean": -1.53231098921e-08,
        "median": -1.37476909856e-08,
        "min": -4.58751365784e-08,
        "var": 1.6269847232e-16
    },
    "spectral_energy": {
        "dmean": 0.0130434688181,
        "dmean2": 0.0155120529234,
        "dvar": 0.00024131104874,
        "dvar2": 0.000518277171068,
        "max": 0.176361978054,
        "mean": 0.0599255822599,
        "median": 0.0531878396869,
        "min": 1.02284428956e-20,
        "var": 0.0023750634864
    },
    "spectral_energyband_high": {
        "dmean": 0.000614794087596,
        "dmean2": 0.00102459010668,
        "dvar": 1.10566418243e-06,
        "dvar2": 2.6237792099e-06,
        "max": 0.0245211496949,
        "mean": 0.00146499439143,
        "median": 0.000937288510613,
        "min": 6.94957568782e-21,
        "var": 3.00530086861e-06
    },
    "spectral_energyband_low": {
        "dmean": 0.0147931464016,
        "dmean2": 0.017007406801,
        "dvar": 0.000476700632134,
        "dvar2": 0.00106652709655,
        "max": 0.150756746531,
        "mean": 0.0470207817852,
        "median": 0.0339486002922,
        "min": 2.77818288365e-23,
        "var": 0.00220008380711
    },
    "spectral_energyband_middle_high": {
        "dmean": 0.00132439658046,
        "dmean2": 0.00233982643113,
        "dvar": 7.62128865972e-06,
        "dvar2": 2.09926292882e-05,
        "max": 0.036851733923,
        "mean": 0.00230983435176,
        "median": 0.00104525825009,
        "min": 1.34294711153e-21,
        "var": 9.09837308427e-06
    },
    "spectral_energyband_middle_low": {
        "dmean": 0.0078602116555,
        "dmean2": 0.0121008874848,
        "dvar": 0.00024188842508,
        "dvar2": 0.000488362566102,
        "max": 0.132144317031,
        "mean": 0.0115292407572,
        "median": 0.00590417673811,
        "min": 1.34225629656e-22,
        "var": 0.000302878208458
    },
    "spectral_entropy": {
        "dmean": 0.275179117918,
        "dmean2": 0.38878813386,
        "dvar": 0.120945498347,
        "dvar2": 0.234510228038,
        "max": 9.81670665741,
        "mean": 7.60766506195,
        "median": 7.93100500107,
        "min": 3.81509900093,
        "var": 0.703610002995
    },
    "spectral_flux": {
        "dmean": 0.0337705537677,
        "dmean2": 0.0494315773249,
        "dvar": 0.00248842616566,
        "dvar2": 0.00524724554271,
        "max": 0.446741133928,
        "mean": 0.102225698531,
        "median": 0.0799249112606,
        "min": 6.36334943072e-11,
        "var": 0.00653414893895
    },
    "spectral_kurtosis": {
        "dmean": 2.84061169624,
        "dmean2": 4.54394388199,
        "dvar": 64.525138855,
        "dvar2": 164.322998047,
        "max": 165.78742981,
        "mean": 5.71607398987,
        "median": 2.4712061882,
        "min": -1.22522866726,
        "var": 126.619552612
    },
    "spectral_rms": {
        "dmean": 0.000883276457898,
        "dmean2": 0.00104598607868,
        "dvar": 9.33623709898e-07,
        "dvar2": 1.8824559902e-06,
        "max": 0.0131171820685,
        "mean": 0.00674631539732,
        "median": 0.00720351142809,
        "min": 3.15895053171e-12,
        "var": 1.29512845888e-05
    },
    "spectral_rolloff": {
        "dmean": 611.447937012,
        "dmean2": 928.302734375,
        "dvar": 1694869,
        "dvar2": 3163479.25,
        "max": 19552.1484375,
        "mean": 1467.62963867,
        "median": 344.53125,
        "min": 64.599609375,
        "var": 5700990.5
    },
    "spectral_skewness": {
        "dmean": 0.29889023304,
        "dmean2": 0.456270635128,
        "dvar": 0.288655936718,
        "dvar2": 0.699338138103,
        "max": 10.4470062256,
        "mean": 1.6256415844,
        "median": 1.31133151054,
        "min": -0.253588944674,
        "var": 1.07276391983
    },
    "spectral_spread": {
        "dmean": 709705.625,
        "dmean2": 1018940.1875,
        "dvar": 639062769664,
        "dvar2": 1.33545774285e+12,
        "max": 41641684,
        "mean": 6523607,
        "median": 6810648.5,
        "min": 649304.125,
        "var": 7.24319443354e+12
    },
    "spectral_strongpeak": {
        "dmean": 0.291281312704,
        "dmean2": 0.456097126007,
        "dvar": 0.200302749872,
        "dvar2": 0.514481186867,
        "max": 12.2052459717,
        "mean": 0.805447220802,
        "median": 0.712416410446,
        "min": 0,
        "var": 0.354105561972
    },
    "zerocrossingrate": {
        "dmean": 0.0156966019422,
        "dmean2": 0.01691053994,
        "dvar": 0.000365365616744,
        "dvar2": 0.000388695538277,
        "max": 0.52392578125,
        "mean": 0.0639721080661,
        "median": 0.03857421875,
        "min": 0.00244140625,
        "var": 0.00404834002256
    },
    "barkbands": {
        "dmean": [0.000160895098816, 0.0125137800351, 0.0068575530313, 0.00378980604, 0.00390794035047, 0.00146489741746, 0.000885356625076, 0.00059019960463, 0.00082825194113, 0.000597891979851, 0.000338904530508, 0.000196971697733, 0.000153050088556, 0.000126200888189, 0.000101058954897, 7.12396358722e-05, 7.3537681601e-05, 0.000117123658129, 0.000111205117719, 9.15513955988e-05, 8.50902579259e-05, 0.000130343454657, 0.000126063765492, 0.000137699433253, 0.000136536822538, 5.33269994776e-05, 2.2750302378e-05],
        "dmean2": [0.000215357154957, 0.0128896897659, 0.00989415030926, 0.00628392165527, 0.00661381520331, 0.00248729274608, 0.00145372434054, 0.00103025161661, 0.00149048934691, 0.00107679551002, 0.000601225881837, 0.000341044738889, 0.000270596472546, 0.000217550768866, 0.000177469031769, 0.00012359835091, 0.000126635975903, 0.000205749529414, 0.000194485022803, 0.000156160647748, 0.000146223566844, 0.000225544135901, 0.000212864484638, 0.000219893729081, 0.000230947349337, 8.51069853525e-05, 3.48179382854e-05],
        "dvar": [1.57047452376e-06, 0.000310686271405, 0.000234182822169, 9.00413579075e-05, 9.81564808171e-05, 9.65160688793e-06, 3.27536486111e-06, 2.4311375455e-06, 4.52561835118e-06, 1.90220896457e-06, 5.87298472965e-07, 2.0020272018e-07, 8.96267380313e-08, 2.17362938315e-07, 3.82385074715e-08, 1.36746258761e-08, 1.33924054069e-08, 4.01367472591e-08, 3.12051327001e-08, 2.06792076796e-08, 1.40517091296e-08, 5.29651060788e-08, 3.81653038062e-08, 6.12064496863e-08, 7.54995355123e-08, 8.89181173136e-09, 1.56521184902e-09],
        "dvar2": [4.47577713203e-06, 0.00045152803068, 0.000545581220649, 0.000240986584686, 0.000261165230768, 2.60187243839e-05, 7.97430129751e-06, 6.628659321e-06, 1.28835044961e-05, 5.31325849806e-06, 1.59522653576e-06, 4.95858614613e-07, 2.54604344718e-07, 3.97705179012e-07, 9.99021381176e-08, 3.72879185306e-08, 3.73293467248e-08, 1.12391532525e-07, 8.57848903024e-08, 5.496075417e-08, 3.71231863028e-08, 1.39031286039e-07, 9.62451025543e-08, 1.35565244364e-07, 1.81851376624e-07, 2.06716759266e-08, 3.3307832048e-09],
        "max": [0.104993581772, 0.12361459434, 0.0900547131896, 0.0619131363928, 0.0652170553803, 0.0321507006884, 0.0329906120896, 0.017108252272, 0.0169736538082, 0.0160236358643, 0.0209669601172, 0.0163844451308, 0.00519324513152, 0.0355633944273, 0.0066627478227, 0.00318613788113, 0.00290196342394, 0.00575179420412, 0.00196847994812, 0.0032832249999, 0.00145356322173, 0.00541224982589, 0.006150433328, 0.0118118440732, 0.00316421710886, 0.00131016550586, 0.000709683808964],
        "mean": [0.000228933698963, 0.0357075668871, 0.00880962237716, 0.00367292203009, 0.00341471773572, 0.0016581894597, 0.00117092009168, 0.000568638613913, 0.000804420677014, 0.000577736587729, 0.000353570358129, 0.000242840993451, 0.000191844825167, 0.000162434444064, 0.000145896803588, 0.000119995893328, 0.000126507162349, 0.000201665883651, 0.000211117439903, 0.000180865565198, 0.00017932249466, 0.000234636798268, 0.000234409744735, 0.000300650892314, 0.000252943078522, 0.000117205352581, 5.60907319596e-05],
        "median": [4.31321532233e-05, 0.0167939141393, 0.000372860842617, 0.000531371799298, 0.000755245564505, 0.000530657183845, 0.000252232886851, 0.000127605802845, 0.000156481459271, 9.80355544016e-05, 7.9812380136e-05, 6.6310618422e-05, 5.20086105098e-05, 4.51245286968e-05, 5.1767572586e-05, 5.18571614521e-05, 5.63992325624e-05, 7.56142981118e-05, 8.2861748524e-05, 8.11765057733e-05, 0.000109597618575, 0.000140701798955, 0.000155410874868, 0.000165829595062, 0.000104504957562, 5.34079881618e-05, 1.75924051291e-05],
        "min": [1.50679951728e-25, 4.70835654472e-24, 3.08003601252e-24, 4.97566995106e-24, 1.21516102286e-23, 1.68571923495e-23, 1.29853454864e-23, 5.37284997836e-24, 3.48698355778e-23, 3.35158788962e-23, 2.46308343911e-23, 5.20111235605e-23, 4.67011588125e-23, 6.27832053925e-23, 7.4530082645e-23, 4.70898084924e-23, 6.80236967383e-23, 9.13343913371e-23, 1.47640619557e-22, 1.88778630292e-22, 3.69990102884e-22, 2.77995643229e-22, 5.13258653357e-22, 7.07210999497e-22, 9.15639662689e-22, 1.42756025649e-21, 2.06875669962e-21],
        "var": [9.7980080227e-07, 0.00145600375254, 0.000292834476568, 7.4952673458e-05, 7.31910040486e-05, 9.61014575296e-06, 5.59399677513e-06, 2.02822661777e-06, 3.656104127e-06, 1.65219785231e-06, 6.04894182743e-07, 3.20468643622e-07, 1.26806355638e-07, 3.87872262309e-07, 6.00042682208e-08, 2.71984124112e-08, 2.70990483386e-08, 7.46467634372e-08, 7.67220882381e-08, 5.0322764622e-08, 3.85993139673e-08, 8.98293208706e-08, 8.41167064891e-08, 2.2756000817e-07, 1.44875215824e-07, 2.29361951654e-08, 7.00429447775e-09]
    },
    "erbbands": {
        "dmean": [0.245379164815, 3.38109898567, 7.91313552856, 10.6676263809, 10.0573406219, 13.4922981262, 12.4162454605, 12.3590164185, 13.0890655518, 11.8462047577, 14.46986866, 18.9360313416, 18.9647426605, 16.3904418945, 9.47486877441, 7.77563858032, 6.91351175308, 5.96018743515, 5.49696207047, 4.94632911682, 3.3806886673, 4.10173177719, 6.62614011765, 6.15569972992, 5.00864315033, 4.05852270126, 3.2344212532, 3.85548472404, 4.20783376694, 4.12181377411, 3.56624317169, 3.21044301987, 2.40435099602, 1.59494924545, 0.910723865032, 0.307334154844, 0.0940404459834, 0.0246597863734, 0.00403929920867, 0.000216270127567],
        "dmean2": [0.240006819367, 3.3500726223, 10.2729578018, 17.0738487244, 16.0019721985, 23.4681377411, 21.1214313507, 20.8492698669, 21.5800247192, 19.8907661438, 25.7548980713, 33.9285926819, 34.1359176636, 29.5609073639, 16.9084682465, 13.5514249802, 12.1250934601, 10.6388721466, 9.41350460052, 8.71263313293, 5.78715467453, 7.09008455276, 11.6592617035, 10.700504303, 8.71110630035, 6.99573802948, 5.52982521057, 6.61387872696, 7.2519197464, 7.07909345627, 5.9829325676, 5.32469892502, 3.83513712883, 2.63925552368, 1.52804338932, 0.482836395502, 0.148475155234, 0.0384563580155, 0.00631126156077, 0.000336141616572],
        "dvar": [0.115083053708, 22.2703781128, 207.377182007, 713.767944336, 545.233886719, 1303.49279785, 697.878295898, 703.822814941, 758.073425293, 589.9375, 1888.51391602, 2233.36425781, 1901.70007324, 1473.44567871, 430.535400391, 305.655700684, 184.620651245, 151.299377441, 396.007202148, 74.0190124512, 29.0590763092, 43.5973014832, 132.072967529, 97.3487091064, 66.0426254272, 41.312046051, 19.9129734039, 36.3952827454, 50.0807533264, 49.3395996094, 31.7726459503, 33.1293296814, 17.3063106537, 8.79618263245, 3.31568694115, 0.367836475372, 0.0254950635135, 0.00148490199354, 5.0393249694e-05, 1.51922023406e-07],
        "dvar2": [0.123915724456, 34.2973747253, 426.581085205, 1847.05932617, 1142.64819336, 3597.9375, 1876.28076172, 1857.33813477, 1847.32202148, 1517.20007324, 5345.31835938, 6316.58691406, 5369.85546875, 4055.02392578, 1221.85119629, 773.382324219, 497.549316406, 393.009887695, 709.480041504, 196.598510742, 78.0918197632, 120.534477234, 370.977294922, 266.356292725, 180.511169434, 109.682060242, 52.4732933044, 94.4723892212, 131.512329102, 129.621368408, 79.5322952271, 81.376914978, 36.0730133057, 21.0942420959, 7.89646482468, 0.871465444565, 0.0576541349292, 0.00329093402252, 0.000110395383672, 3.33309230882e-07],
        "max": [2.76667046547, 33.2141990662, 82.4689483643, 162.186294556, 149.030258179, 250.498947144, 252.371063232, 355.523406982, 592.128845215, 411.719055176, 376.674530029, 436.088928223, 600.546203613, 804.581359863, 417.776855469, 601.100280762, 391.68157959, 472.6847229, 1557.16845703, 257.733032227, 136.281341553, 154.302078247, 288.627807617, 176.573852539, 129.475479126, 123.547607422, 73.1147079468, 142.006317139, 171.578887939, 121.066101074, 215.114959717, 257.185577393, 140.854263306, 55.7000045776, 18.9122905731, 6.65793895721, 2.60511994362, 0.584089815617, 0.123462438583, 0.006612139754],
        "mean": [0.717450082302, 8.87029647827, 13.550661087, 11.4662265778, 10.4003953934, 11.3754796982, 12.9497127533, 14.7016868591, 17.589925766, 13.9767608643, 13.6574869156, 18.9412212372, 18.9526405334, 16.1822395325, 10.706580162, 9.86725902557, 9.21891403198, 7.70762872696, 8.26053237915, 7.82202911377, 6.53425216675, 7.52789926529, 11.1267309189, 11.5769090652, 9.66990852356, 8.01556110382, 7.19672727585, 7.4498257637, 7.96758317947, 7.54138851166, 6.67056465149, 6.29226779938, 4.99175882339, 3.04780268669, 1.62241721153, 0.616917908192, 0.204579144716, 0.0573523789644, 0.00957793369889, 0.000581538828555],
        "median": [0.351056218147, 4.20610237122, 2.4116859436, 1.85166978836, 1.93874084949, 2.33332681656, 3.72865009308, 4.77848529816, 4.2869682312, 3.94122290611, 3.35367584229, 3.98414897919, 3.72009968758, 3.35294318199, 3.47667503357, 2.7892768383, 2.74459457397, 2.53810882568, 2.89903354645, 3.18606901169, 3.07646083832, 3.4233455658, 3.99031448364, 4.39735221863, 4.06045484543, 3.81094932556, 4.30627250671, 4.36360359192, 4.95045280457, 4.88350868225, 4.48455190659, 3.88897562027, 2.28333234787, 1.28219223022, 0.638595104218, 0.278355717659, 0.0857747644186, 0.0225864294916, 0.00303530925885, 0.000198207970243],
        "min": [1.80606460454e-22, 6.01223636752e-22, 5.76525580683e-21, 1.7226863437e-20, 2.00635404073e-20, 2.65966015761e-20, 1.10892039714e-19, 9.83194113911e-20, 2.27942826829e-19, 1.94971381764e-19, 3.50585277337e-19, 6.14953260935e-19, 1.05336549963e-18, 1.15833844168e-18, 1.82213165131e-18, 1.85218953361e-18, 2.75440018401e-18, 2.28662851363e-18, 2.73983518778e-18, 3.73320383002e-18, 4.01818905774e-18, 3.88504854789e-18, 4.26555576557e-18, 8.05917190445e-18, 7.73137015386e-18, 9.37773171526e-18, 1.24303631837e-17, 1.37659058397e-17, 9.39886617991e-18, 1.26086164698e-17, 1.43272777527e-17, 1.23498040639e-17, 9.97547227823e-18, 1.04763789428e-17, 5.52093014452e-18, 4.56281180408e-18, 2.39468311705e-18, 1.09769958873e-18, 2.62928146494e-19, 3.19388910167e-20],
        "var": [0.719885885715, 99.3293991089, 445.311309814, 662.758422852, 589.731933594, 903.960876465, 630.361206055, 802.963134766, 1242.55749512, 760.83795166, 1362.6229248, 1910.51916504, 1710.31665039, 1282.59509277, 436.491760254, 473.882110596, 292.015014648, 193.717025757, 735.504272461, 120.974197388, 68.9641418457, 93.0967483521, 239.100982666, 238.074005127, 149.09437561, 95.1036758423, 64.9024200439, 75.249382019, 93.3061981201, 86.8759384155, 73.3822937012, 96.8669281006, 58.1531333923, 19.9915370941, 6.14811229706, 0.739937901497, 0.0723555535078, 0.00602562865242, 0.000212115526665, 6.47909473628e-07]
    },
    "gfcc": {
        "mean": [-17.9502239227, 57.8658752441, -80.6994857788, 28.9255332947, -54.996295929, 9.82830715179, -29.7566108704, 6.15698719025, -18.3100337982, -0.529525756836, -12.5800437927, 0.82381516695, -9.92350196838],
        "cov": [[15092.6054688, -1998.88842773, 2171.25927734, 1586.63635254, 367.50491333, 1155.72167969, -108.827064514, 716.955505371, -372.774505615, 464.652648926, -37.8414421082, 360.108886719, -308.822509766], [-1998.88842773, 4142.38818359, 371.070953369, 279.834472656, 399.024902344, -178.481781006, 402.484710693, -296.444732666, 233.981277466, -286.64276123, 231.344268799, -255.141738892, 81.1587905884], [2171.25927734, 371.070953369, 2731.72509766, 1490.07409668, 832.816040039, 1025.07055664, 409.180419922, 514.757080078, 128.777099609, 258.259521484, 44.3588638306, 121.538597107, 45.4906349182], [1586.63635254, 279.834472656, 1490.07409668, 1150.87841797, 603.702819824, 725.969177246, 320.984619141, 375.528198242, 147.131591797, 175.94418335, 74.9493560791, 65.4847259521, 26.6110954285], [367.50491333, 399.024902344, 832.816040039, 603.702819824, 569.797302246, 409.201202393, 321.711700439, 221.449737549, 172.450714111, 118.316474915, 99.3287734985, 49.8255996704, 46.6717643738], [1155.72167969, -178.481781006, 1025.07055664, 725.969177246, 409.201202393, 656.897827148, 261.010742188, 348.961456299, 107.496650696, 183.805755615, 50.5578842163, 84.600769043, 26.3305454254], [-108.827064514, 402.484710693, 409.180419922, 320.984619141, 321.711700439, 261.010742188, 329.961486816, 178.900863647, 188.39692688, 85.4363327026, 104.525009155, 28.5983333588, 55.6455535889], [716.955505371, -296.444732666, 514.757080078, 375.528198242, 221.449737549, 348.961456299, 178.900863647, 305.257171631, 126.911468506, 162.292236328, 49.0444488525, 84.905166626, 33.0949440002], [-372.774505615, 233.981277466, 128.777099609, 147.131591797, 172.450714111, 107.496650696, 188.39692688, 126.911468506, 209.699142456, 92.241897583, 99.1265182495, 23.2995433807, 53.4960823059], [464.652648926, -286.64276123, 258.259521484, 175.94418335, 118.316474915, 183.805755615, 85.4363327026, 162.292236328, 92.241897583, 157.015075684, 66.3744354248, 76.2966079712, 23.0746116638], [-37.8414421082, 231.344268799, 44.3588638306, 74.9493560791, 99.3287734985, 50.5578842163, 104.525009155, 49.0444488525, 99.1265182495, 66.3744354248, 129.24887085, 41.5031356812, 40.6513252258], [360.108886719, -255.141738892, 121.538597107, 65.4847259521, 49.8255996704, 84.600769043, 28.5983333588, 84.905166626, 23.2995433807, 76.2966079712, 41.5031356812, 101.805633545, 41.8126869202], [-308.822509766, 81.1587905884, 45.4906349182, 26.6110954285, 46.6717643738, 26.3305454254, 55.6455535889, 33.0949440002, 53.4960823059, 23.0746116638, 40.6513252258, 41.8126869202, 78.8364257812]],
        "icov": [[0.000130866465042, -2.60019260168e-05, 2.60760516539e-05, -0.000237179003307, 8.65692854859e-05, 9.26199572859e-05, -1.13169551241e-06, -0.000251203455264, 0.000463573407615, -0.000211586462683, -9.47235384956e-05, -0.000510743353516, 0.000695576134603], [-2.60019260168e-05, 0.000804989656899, -0.000402738514822, -0.000138443952892, -1.40882784763e-05, 0.000461010175059, -0.000647164590191, 0.0006852002698, -0.000583209272008, 0.00196449947543, -0.00203027948737, 0.00166694808286, -0.000644367479254], [2.60760516539e-05, -0.000402738514822, 0.00169682933483, -0.00144910835661, -0.000509548757691, -0.000528633594513, 3.27628586092e-05, -4.7322933824e-05, 0.00129348912742, -0.00208170106634, 0.00205295486376, -0.000907915411517, -0.000343751831679], [-0.000237179003307, -0.000138443952892, -0.00144910835661, 0.00612088153139, -0.00231095845811, -0.00361895677634, 0.00262247072533, -0.00129618984647, -0.002131995745, 0.00300072832033, -0.00171916198451, 0.00181108748075, -0.000252245168667], [8.65692854859e-05, -1.40882784763e-05, -0.000509548757691, -0.00231095845811, 0.00713356072083, -2.29960605793e-05, -0.00473372777924, 0.00226505892351, -0.00080016249558, -0.000766282260884, 0.000352718547219, -0.00222688657232, 0.00136908981949], [9.26199572859e-05, 0.000461010175059, -0.000528633594513, -0.00361895677634, -2.29960605793e-05, 0.0102317323908, -0.00409758044407, -0.00447068316862, 0.0052130096592, -0.00345703028142, -0.000106276471342, 0.00190358073451, -0.0007002321654], [-1.13169551241e-06, -0.000647164590191, 3.27628586092e-05, 0.00262247072533, -0.00473372777924, -0.00409758044407, 0.0149285830557, -0.00432602828369, -0.00686986139044, 0.00576173793525, -0.00330620305613, 0.000563150737435, -0.00041103825788], [-0.000251203455264, 0.0006852002698, -4.7322933824e-05, -0.00129618984647, 0.00226505892351, -0.00447068316862, -0.00432602828369, 0.0184909813106, -0.00656072655693, -0.00612960848957, 0.00553703214973, -0.00419828202575, -0.000163740944117], [0.000463573407615, -0.000583209272008, 0.00129348912742, -0.002131995745, -0.00080016249558, 0.0052130096592, -0.00686986139044, -0.00656072655693, 0.0221628136933, -0.0115755433217, -0.00315891508944, 0.00717241130769, -0.00510082673281], [-0.000211586462683, 0.00196449947543, -0.00208170106634, 0.00300072832033, -0.000766282260884, -0.00345703028142, 0.00576173793525, -0.00612960848957, -0.0115755433217, 0.0327558331192, -0.0127363745123, -0.00598060339689, 0.00545855564997], [-9.47235384956e-05, -0.00203027948737, 0.00205295486376, -0.00171916198451, 0.000352718547219, -0.000106276471342, -0.00330620305613, 0.00553703214973, -0.00315891508944, -0.0127363745123, 0.0241135973483, -0.00911449734122, -0.000777898705564], [-0.000510743353516, 0.00166694808286, -0.000907915411517, 0.00181108748075, -0.00222688657232, 0.00190358073451, 0.000563150737435, -0.00419828202575, 0.00717241130769, -0.00598060339689, -0.00911449734122, 0.0322238057852, -0.017264071852], [0.000695576134603, -0.000644367479254, -0.000343751831679, -0.000252245168667, 0.00136908981949, -0.0007002321654, -0.00041103825788, -0.000163740944117, -0.00510082673281, 0.00545855564997, -0.000777898705564, -0.017264071852, 0.0275594275445]]
    },
    "melbands": {
        "dmean": [0.00290531059727, 0.00402865046635, 0.00169634702615, 0.000857882318087, 0.00047682740842, 0.000278847146546, 0.000192586958292, 0.000127779130707, 0.000129430874949, 0.000117447380035, 9.45721694734e-05, 6.82199679432e-05, 3.65745472664e-05, 1.90456703422e-05, 2.21697719098e-05, 1.55291400006e-05, 1.14144813779e-05, 9.72023281065e-06, 8.61792068463e-06, 6.12939084021e-06, 3.90672994399e-06, 4.74712032883e-06, 5.39107668374e-06, 5.50020467927e-06, 5.45254442841e-06, 4.04209595217e-06, 3.9624146666e-06, 2.78554784927e-06, 1.97349891096e-06, 2.39373139266e-06, 2.38838902078e-06, 2.58036038758e-06, 2.59432795247e-06, 2.19859794015e-06, 1.99091437025e-06, 2.5622089197e-06, 1.86743716313e-06, 1.81266500476e-06, 1.57954866609e-06, 1.40434349305e-06],
        "dmean2": [0.00279437797144, 0.00447397027165, 0.00254699378274, 0.00142877793405, 0.000810341734905, 0.000470558850793, 0.000316871330142, 0.000215394771658, 0.000232064907323, 0.000209888065001, 0.000170269573573, 0.000122955127154, 6.54571413179e-05, 3.34841643053e-05, 3.81846220989e-05, 2.74386093224e-05, 2.03261370189e-05, 1.6499639969e-05, 1.50217601913e-05, 1.07862533696e-05, 6.65837569613e-06, 8.1711632447e-06, 9.57037627813e-06, 9.64875562204e-06, 9.48422166402e-06, 7.1169115472e-06, 6.84680526319e-06, 4.80129438074e-06, 3.35592289957e-06, 4.15034128309e-06, 4.08297592003e-06, 4.47684078608e-06, 4.443981652e-06, 3.75859599444e-06, 3.32896411237e-06, 4.41213433078e-06, 3.04983245769e-06, 2.8458809993e-06, 2.65836115432e-06, 2.31971716858e-06],
        "dvar": [1.37061551868e-05, 3.74675146304e-05, 1.47677155837e-05, 5.17079661222e-06, 1.08010760869e-06, 3.39090888701e-07, 1.52906636686e-07, 6.93819188768e-08, 1.63425113442e-07, 8.14806071503e-08, 4.75846491099e-08, 2.4989336822e-08, 6.3351182078e-09, 1.6098093969e-09, 4.23116386372e-09, 1.14861231637e-09, 6.62727428491e-10, 1.93686200411e-09, 3.32129684866e-10, 1.13065369567e-10, 4.67288742423e-11, 6.0852871353e-11, 8.74725569755e-11, 8.91332008202e-11, 7.65156479843e-11, 4.16266743297e-11, 4.47604661669e-11, 1.90970347175e-11, 7.47332404294e-12, 1.18371588573e-11, 1.66934435025e-11, 2.24129725196e-11, 1.68670945266e-11, 1.35632225937e-11, 9.77292812648e-12, 1.77481068037e-11, 1.49512381642e-11, 1.03147481875e-11, 8.0224316773e-12, 6.77569328769e-12],
        "dvar2": [1.80755305337e-05, 6.98822768754e-05, 3.5414879676e-05, 1.33907606141e-05, 2.89957984023e-06, 9.0171232614e-07, 3.7336590708e-07, 1.77623647346e-07, 4.64496196173e-07, 2.28993016549e-07, 1.33934975111e-07, 6.88844039587e-08, 1.76448153866e-08, 4.55759030515e-09, 9.91267334882e-09, 3.29710569957e-09, 1.6498218347e-09, 3.31441141199e-09, 8.3053847133e-10, 3.15358350544e-10, 1.3018498779e-10, 1.7143388098e-10, 2.447019809e-10, 2.49004705744e-10, 2.10766515352e-10, 1.1536496064e-10, 1.24213875297e-10, 5.11701965522e-11, 1.99446743843e-11, 3.22890915394e-11, 4.26451512991e-11, 5.96038982059e-11, 4.45026897278e-11, 3.54659496216e-11, 2.4736839313e-11, 4.45335435195e-11, 3.74284943316e-11, 2.13510025632e-11, 1.96812149911e-11, 1.62090688094e-11],
        "max": [0.0293404199183, 0.0412568934262, 0.0245283618569, 0.0153297455981, 0.00896418653429, 0.006900976412, 0.00771269667894, 0.00397593714297, 0.00344623415731, 0.00291157187894, 0.00294958404265, 0.00296612386592, 0.00143162510358, 0.000691713823471, 0.00288049108349, 0.00054467190057, 0.00115702999756, 0.00356672448106, 0.000749522820115, 0.000266926479526, 0.000204519499675, 0.000182671967195, 0.000155480913236, 0.000298106053378, 0.000128743529785, 7.29591120034e-05, 0.000165775927599, 6.19108395767e-05, 3.52105707861e-05, 5.31224395672e-05, 0.000127428444102, 0.000144958030432, 7.38016315154e-05, 5.8914461988e-05, 9.54490387812e-05, 0.000177476744284, 0.000227391763474, 0.000116477618576, 0.000104216167529, 3.397738692e-05],
        "mean": [0.00848408322781, 0.00926314294338, 0.00197637127712, 0.000746335834265, 0.000489119265694, 0.000332945870468, 0.000258929852862, 0.000143938654219, 0.000117753312225, 0.000118344316434, 9.26914290176e-05, 6.5689215262e-05, 3.89187807741e-05, 2.39884266193e-05, 2.71954268101e-05, 1.89858583326e-05, 1.39220092024e-05, 1.36526750794e-05, 1.2237824194e-05, 9.41134112509e-06, 7.23102721167e-06, 8.02489648777e-06, 8.50026026455e-06, 9.38524772209e-06, 9.62564899964e-06, 7.18741648598e-06, 6.73856948197e-06, 5.06285141455e-06, 4.23244318881e-06, 4.63763717562e-06, 4.20899732489e-06, 4.59072134618e-06, 4.40632129539e-06, 4.00715225624e-06, 3.6646456465e-06, 4.12813915318e-06, 3.7298539155e-06, 3.62065702575e-06, 2.89712988888e-06, 2.53357734437e-06],
        "median": [0.00415972340852, 0.004140811041, 0.000358233053703, 0.000157377129653, 0.000140304298839, 0.000108699256089, 6.04613524047e-05, 3.48458415829e-05, 2.28272147069e-05, 2.32548591157e-05, 1.53008222696e-05, 1.2098694242e-05, 1.06313909782e-05, 7.40795712773e-06, 6.11864834354e-06, 4.71253861178e-06, 4.27209852205e-06, 4.11858445659e-06, 3.92714855479e-06, 3.81183053833e-06, 3.12796692015e-06, 3.4040740502e-06, 3.23592462337e-06, 3.47713921656e-06, 3.41910845236e-06, 2.94070400741e-06, 2.5682766136e-06, 2.40832696363e-06, 2.45872615778e-06, 2.75308320852e-06, 2.32848105952e-06, 2.66969163931e-06, 2.70929922408e-06, 2.51338178714e-06, 2.47116940955e-06, 2.54930228039e-06, 2.19724461203e-06, 1.58642569659e-06, 1.3404346646e-06, 9.59943577072e-07],
        "min": [1.32640995452e-24, 2.43970302183e-24, 3.20372782474e-24, 1.89988747654e-24, 3.38714626824e-24, 2.4288058945e-24, 2.99713481721e-24, 1.85517760144e-24, 3.7870431325e-24, 4.85443189069e-24, 4.85296500384e-24, 3.64333279152e-24, 4.44352528921e-24, 7.0511164499e-24, 5.23650128735e-24, 5.78865816707e-24, 4.47927922645e-24, 4.45109480403e-24, 6.00158000843e-24, 4.11115373516e-24, 3.87359064013e-24, 3.61867063304e-24, 3.6886149852e-24, 3.88582587277e-24, 5.9676459733e-24, 5.53444261276e-24, 3.72792274082e-24, 4.71186776461e-24, 7.69935185472e-24, 7.47085119377e-24, 5.18251874674e-24, 4.7417123448e-24, 5.82240208672e-24, 6.68689542566e-24, 7.88502604598e-24, 7.02329648122e-24, 6.69012738879e-24, 6.62283045382e-24, 7.09286060243e-24, 8.61992965414e-24],
        "var": [8.0342120782e-05, 0.000134255547891, 1.66589070432e-05, 3.98184283767e-06, 9.37872073337e-07, 3.75579730871e-07, 2.53009716289e-07, 8.63159499431e-08, 1.20662065228e-07, 7.44385886264e-08, 4.32153299812e-08, 2.13171933439e-08, 6.00286176322e-09, 1.98082150682e-09, 7.24498150362e-09, 1.56849466748e-09, 8.82871498131e-10, 3.62093444117e-09, 5.39889799533e-10, 1.90065393979e-10, 1.01468881908e-10, 1.19243892538e-10, 1.39613376415e-10, 1.64536773095e-10, 1.77572359594e-10, 8.81977407774e-11, 8.33461077931e-11, 4.04905171891e-11, 2.31499246856e-11, 2.8057903223e-11, 2.94530927425e-11, 3.63327284925e-11, 2.99631465472e-11, 2.55878773031e-11, 2.16312003032e-11, 3.56771834298e-11, 4.25023384543e-11, 3.33697409982e-11, 1.89348450114e-11, 1.48715276205e-11]
    },
    "mfcc": {
        "mean": [-673.453735352, 96.828956604, 26.9431037903, 22.7029972076, 4.12291574478, 4.43636512756, 0.624334216118, 5.0575799942, -0.819752156734, 0.811313807964, -1.49733996391, -1.974655509, -1.79098987579],
        "cov": [[11691.8710938, -2003.3684082, 859.209289551, 565.543212891, 507.491485596, 396.602722168, 453.841156006, 292.965576172, -9.26773548126, 97.2925491333, 218.319488525, 177.834991455, 56.6090583801], [-2003.3684082, 2734.16894531, 210.126266479, 272.663879395, 42.4594268799, 57.8607597351, 83.3167037964, 32.9349021912, 8.38117027283, -29.9383926392, 19.2636413574, 75.3215713501, 24.2722454071], [859.209289551, 210.126266479, 1827.12390137, 843.104431152, 842.164611816, 724.793029785, 610.328857422, 491.472381592, 420.674957275, 345.304412842, 264.073577881, 234.500793457, 147.570587158], [565.543212891, 272.663879395, 843.104431152, 647.841003418, 536.277282715, 448.693847656, 381.896942139, 318.03918457, 268.116729736, 222.944381714, 186.665847778, 173.895736694, 122.997764587], [507.491485596, 42.4594268799, 842.164611816, 536.277282715, 588.558898926, 463.14465332, 391.40145874, 319.232635498, 280.1640625, 233.223098755, 191.867141724, 168.205474854, 124.296875], [396.602722168, 57.8607597351, 724.793029785, 448.693847656, 463.14465332, 466.88961792, 373.143859863, 301.687652588, 254.318588257, 217.650085449, 173.522491455, 153.79095459, 115.396835327], [453.841156006, 83.3167037964, 610.328857422, 381.896942139, 391.40145874, 373.143859863, 373.768829346, 286.576507568, 237.559326172, 196.644470215, 169.359664917, 152.395599365, 118.878982544], [292.965576172, 32.9349021912, 491.472381592, 318.03918457, 319.232635498, 301.687652588, 286.576507568, 282.711914062, 236.592803955, 188.349273682, 153.452056885, 132.705657959, 104.426628113], [-9.26773548126, 8.38117027283, 420.674957275, 268.116729736, 280.1640625, 254.318588257, 237.559326172, 236.592803955, 263.047698975, 201.635543823, 152.246994019, 121.740013123, 101.948097229], [97.2925491333, -29.9383926392, 345.304412842, 222.944381714, 233.223098755, 217.650085449, 196.644470215, 188.349273682, 201.635543823, 207.392730713, 152.522201538, 117.910400391, 91.9858322144], [218.319488525, 19.2636413574, 264.073577881, 186.665847778, 191.867141724, 173.522491455, 169.359664917, 153.452056885, 152.246994019, 152.522201538, 162.07484436, 131.423248291, 92.6593170166], [177.834991455, 75.3215713501, 234.500793457, 173.895736694, 168.205474854, 153.79095459, 152.395599365, 132.705657959, 121.740013123, 117.910400391, 131.423248291, 159.423431396, 115.005455017], [56.6090583801, 24.2722454071, 147.570587158, 122.997764587, 124.296875, 115.396835327, 118.878982544, 104.426628113, 101.948097229, 91.9858322144, 92.6593170166, 115.005455017, 131.782287598]],
