{
"lowlevel": {
    "average_loudness": 0.944033384323,
    "barkbands_crest": {
        "dmean": 2.64620757103,
        "dmean2": 3.8290605545,
        "dvar": 7.40832424164,
        "dvar2": 16.7717208862,
        "max": 26.9342689514,
        "mean": 13.9626951218,
        "median": 13.9380626678,
        "min": 1.80647051334,
        "var": 30.7042732239
    },
    "barkbands_flatness_db": {
        "dmean": 0.0441235564649,
        "dmean2": 0.0612447820604,
        "dvar": 0.00228139851242,
        "dvar2": 0.00473699858412,
        "max": 0.727738916874,
        "mean": 0.242944657803,
        "median": 0.229335829616,
        "min": 0.00671767489985,
        "var": 0.0123155638576
    },
    "barkbands_kurtosis": {
        "dmean": 14.3927087784,
        "dmean2": 22.5844802856,
        "dvar": 2172.4934082,
        "dvar2": 5316.14160156,
        "max": 1496.50073242,
        "mean": 21.5645637512,
        "median": 8.41884231567,
        "min": -1.96904850006,
        "var": 3025.24951172
    },
    "barkbands_skewness": {
        "dmean": 1.09133148193,
        "dmean2": 1.59718573093,
        "dvar": 2.3770275116,
        "dvar2": 5.4967508316,
        "max": 36.8374786377,
        "mean": 2.5905148983,
        "median": 2.33925437927,
        "min": -9.70612716675,
        "var": 7.93534231186
    },
    "barkbands_spread": {
        "dmean": 5.93200874329,
        "dmean2": 8.81603336334,
        "dvar": 86.8547668457,
        "dvar2": 200.12159729,
        "max": 126.184875488,
        "mean": 13.9607639313,
        "median": 9.25380992889,
        "min": 0.026073154062,
        "var": 202.54208374
    },
    "dissonance": {
        "dmean": 0.0275378599763,
        "dmean2": 0.0457364283502,
        "dvar": 0.00108717835974,
        "dvar2": 0.00285556120798,
        "max": 0.500000178814,
        "mean": 0.443896383047,
        "median": 0.45867779851,
        "min": 0.161715179682,
        "var": 0.00289733940735
    },
    "dynamic_complexity": 5.40005540848,
    "erbbands_crest": {
        "dmean": 2.67336201668,
        "dmean2": 4.1088385582,
        "dvar": 8.30854225159,
        "dvar2": 19.8058719635,
        "max": 32.7530784607,
        "mean": 11.3867063522,
        "median": 10.3806552887,
        "min": 2.38597893715,
        "var": 32.1141090393
    },
    "erbbands_flatness_db": {
        "dmean": 0.0350729972124,
        "dmean2": 0.0472569838166,
        "dvar": 0.00160323898308,
        "dvar2": 0.003265081672,
        "max": 0.613986313343,
        "mean": 0.212296709418,
        "median": 0.197578445077,
        "min": 0.0472479015589,
        "var": 0.0079148830846
    },
    "erbbands_kurtosis": {
        "dmean": 2.79741668701,
        "dmean2": 4.3334569931,
        "dvar": 41.9978294373,
        "dvar2": 94.4762878418,
        "max": 118.468109131,
        "mean": 3.45389509201,
        "median": 0.342190504074,
        "min": -1.93214511871,
        "var": 90.758392334
    },
    "erbbands_skewness": {
        "dmean": 0.577247858047,
        "dmean2": 0.84731733799,
        "dvar": 0.537931084633,
        "dvar2": 1.14364290237,
        "max": 7.85915803909,
        "mean": 0.657473325729,
        "median": 0.565679371357,
        "min": -6.4212679863,
        "var": 2.13029241562
    },
    "erbbands_spread": {
        "dmean": 12.6696767807,
        "dmean2": 18.141462326,
        "dvar": 303.09274292,
        "dvar2": 615.442504883,
        "max": 192.380111694,
        "mean": 40.403881073,
        "median": 34.3869171143,
        "min": 0.335520833731,
        "var": 969.385803223
    },
    "hfc": {
        "dmean": 7.77202224731,
        "dmean2": 11.3576993942,
        "dvar": 227.743041992,
        "dvar2": 540.534545898,
        "max": 157.272094727,
        "mean": 17.109331131,
        "median": 11.5622291565,
        "min": 1.07110790339e-16,
        "var": 368.556182861
    },
    "melbands_crest": {
        "dmean": 2.97275352478,
        "dmean2": 4.66312837601,
        "dvar": 10.6829681396,
        "dvar2": 25.2821445465,
        "max": 39.9475784302,
        "mean": 17.8053379059,
        "median": 18.2611217499,
        "min": 1.49524617195,
        "var": 37.4116821289
    },
    "melbands_flatness_db": {
        "dmean": 0.0488042086363,
        "dmean2": 0.0661653801799,
        "dvar": 0.00293512013741,
        "dvar2": 0.0057281833142,
        "max": 0.779475092888,
        "mean": 0.313118934631,
        "median": 0.306185156107,
        "min": 0.0034696594812,
        "var": 0.0215489473194
    },
    "melbands_kurtosis": {
        "dmean": 41.1053466797,
        "dmean2": 63.9497756958,
        "dvar": 289770.21875,
        "dvar2": 784528.9375,
        "max": 43817.4375,
        "mean": 62.4512405396,
        "median": 18.7389850616,
        "min": -1.90333926678,
        "var": 259477
    },
    "melbands_skewness": {
        "dmean": 1.44149851799,
        "dmean2": 2.02964282036,
        "dvar": 6.54544401169,
        "dvar2": 13.9044914246,
        "max": 164.40335083,
        "mean": 4.13717746735,
        "median": 3.32631897926,
        "min": -5.95676803589,
        "var": 20.9590854645
    },
    "melbands_spread": {
        "dmean": 8.10433769226,
        "dmean2": 12.2290019989,
        "dvar": 328.0234375,
        "dvar2": 748.100830078,
        "max": 286.254333496,
        "mean": 18.6898880005,
        "median": 7.85648202896,
        "min": 0.00670568272471,
        "var": 880.082641602
    },
    "pitch_salience": {
        "dmean": 0.0758685991168,
        "dmean2": 0.113954082131,
        "dvar": 0.00620724773034,
        "dvar2": 0.0151562355459,
        "max": 0.99302738905,
        "mean": 0.459284991026,
        "median": 0.457512170076,
        "min": 0.00310723646544,
        "var": 0.02120119147
    },
    "silence_rate_20dB": {
        "dmean": 0,
        "dmean2": 0,
        "dvar": 0,
        "dvar2": 0,
        "max": 1,
        "mean": 1,
        "median": 1,
        "min": 1,
        "var": 0
    },
    "silence_rate_30dB": {
        "dmean": 0.118705689907,
        "dmean2": 0.237432956696,
        "dvar": 0.104612350464,
        "dvar2": 0.206344768405,
        "max": 1,
        "mean": 0.781059682369,
        "median": 1,
        "min": 0,
        "var": 0.171020790935
    },
    "silence_rate_60dB": {
        "dmean": 0.0498091243207,
        "dmean2": 0.0996273085475,
        "dvar": 0.0473252311349,
        "dvar2": 0.0938914567232,
        "max": 1,
        "mean": 0.19876396656,
        "median": 0,
        "min": 0,
        "var": 0.159268498421
    },
    "spectral_centroid": {
        "dmean": 285.432525635,
        "dmean2": 400.138122559,
        "dvar": 230712,
        "dvar2": 424959.5,
        "max": 11653.9736328,
        "mean": 1263.67932129,
        "median": 893.77331543,
        "min": 76.8085327148,
        "var": 1609063
    },
    "spectral_complexity": {
        "dmean": 3.24522805214,
        "dmean2": 4.92209815979,
        "dvar": 42.9568328857,
        "dvar2": 86.3605041504,
        "max": 58,
        "mean": 10.1316003799,
        "median": 8,
        "min": 0,
        "var": 85.9383163452
    },
    "spectral_decrease": {
        "dmean": 5.31711075169e-09,
        "dmean2": 7.57698881415e-09,
        "dvar": 1.02011374064e-16,
        "dvar2": 2.34997856271e-16,
        "max": 5.51706074871e-20,
        "mean": -1.37210500739e-08,
        "median": -9.19835674296e-09,
        "min": -1.05106124693e-07,
        "var": 2.12362263949e-16
    },
    "spectral_energy": {
        "dmean": 0.0206074267626,
        "dmean2": 0.0293327607214,
        "dvar": 0.00149509659968,
        "dvar2": 0.00344263203442,
        "max": 0.400012671947,
        "mean": 0.0533381700516,
        "median": 0.0367757827044,
        "min": 1.01213835908e-20,
        "var": 0.00312793906778
    },
    "spectral_energyband_high": {
        "dmean": 0.000519419554621,
        "dmean2": 0.000758680282161,
        "dvar": 1.55289126269e-06,
        "dvar2": 3.64673405784e-06,
        "max": 0.0114826122299,
        "mean": 0.000692881061696,
        "median": 0.000127114006318,
        "min": 6.83271380808e-21,
        "var": 1.87648822703e-06
    },
    "spectral_energyband_low": {
        "dmean": 0.0176827944815,
        "dmean2": 0.0256473962218,
        "dvar": 0.00137317110784,
        "dvar2": 0.00319207389839,
        "max": 0.391747772694,
        "mean": 0.0403749085963,
        "median": 0.0181327424943,
        "min": 1.17744952728e-23,
        "var": 0.00263590016402
    },
    "spectral_energyband_middle_high": {
        "dmean": 0.00151155679487,
        "dmean2": 0.00217865011655,
        "dvar": 8.77503043739e-06,
        "dvar2": 1.89620295714e-05,
        "max": 0.1022054106,
        "mean": 0.00336697185412,
        "median": 0.0010725670727,
        "min": 1.18403765811e-21,
        "var": 4.02825135097e-05
    },
    "spectral_energyband_middle_low": {
        "dmean": 0.00475248880684,
        "dmean2": 0.00720906537026,
        "dvar": 6.37319899397e-05,
        "dvar2": 0.000162861178978,
        "max": 0.09395365417,
        "mean": 0.0113482438028,
        "median": 0.00841788761318,
        "min": 1.95240726392e-22,
        "var": 0.000139083087561
    },
    "spectral_entropy": {
        "dmean": 0.395332545042,
        "dmean2": 0.544162929058,
        "dvar": 0.212337762117,
        "dvar2": 0.412027448416,
        "max": 9.82018566132,
        "mean": 6.79389619827,
        "median": 6.82194662094,
        "min": 3.85165882111,
        "var": 1.07459521294
    },
    "spectral_flux": {
        "dmean": 0.0406007096171,
        "dmean2": 0.0600204318762,
        "dvar": 0.00318292807788,
        "dvar2": 0.00568756181747,
        "max": 0.562905550003,
        "mean": 0.0815083682537,
        "median": 0.0589714832604,
        "min": 6.47669695653e-11,
        "var": 0.00716628087685
    },
    "spectral_kurtosis": {
        "dmean": 6.91802072525,
        "dmean2": 10.6676521301,
        "dvar": 299.79586792,
        "dvar2": 635.940429688,
        "max": 457.174926758,
        "mean": 12.7439451218,
        "median": 4.46132802963,
        "min": -1.26541233063,
        "var": 826.420715332
    },
    "spectral_rms": {
        "dmean": 0.00123956939206,
        "dmean2": 0.00164778344333,
        "dvar": 3.55190877599e-06,
        "dvar2": 6.95647668181e-06,
        "max": 0.0197549052536,
        "mean": 0.00596154201776,
        "median": 0.00598989240825,
        "min": 3.14237503206e-12,
        "var": 1.6497400793e-05
    },
    "spectral_rolloff": {
        "dmean": 503.00982666,
        "dmean2": 814.679199219,
        "dvar": 1612070.875,
        "dvar2": 3220781,
        "max": 20499.609375,
        "mean": 1621.63879395,
        "median": 516.796875,
        "min": 21.533203125,
        "var": 7611776.5
    },
    "spectral_skewness": {
        "dmean": 0.583238303661,
        "dmean2": 0.865646898746,
        "dvar": 0.848124921322,
        "dvar2": 1.77017951012,
        "max": 17.5210418701,
        "mean": 2.18195605278,
        "median": 1.69754528999,
        "min": -0.248836100101,
        "var": 3.04774308205
    },
    "spectral_spread": {
        "dmean": 1015432.75,
        "dmean2": 1359262.375,
        "dvar": 2.30595441459e+12,
        "dvar2": 4.14363313766e+12,
        "max": 52559596,
        "mean": 4895481.5,
        "median": 4278733.5,
        "min": 230305.984375,
        "var": 1.27993223578e+13
    },
    "spectral_strongpeak": {
        "dmean": 0.465806633234,
        "dmean2": 0.766752302647,
        "dvar": 0.569375514984,
        "dvar2": 1.33484041691,
        "max": 14.6191329956,
        "mean": 1.10038411617,
        "median": 0.787237465382,
        "min": 0,
        "var": 1.61396539211
    },
    "zerocrossingrate": {
        "dmean": 0.0155455581844,
        "dmean2": 0.0190628971905,
        "dvar": 0.0010617764201,
        "dvar2": 0.00199945108034,
        "max": 0.52734375,
        "mean": 0.06295388937,
        "median": 0.03466796875,
        "min": 0,
        "var": 0.00654992507771
    },
    "barkbands": {
        "dmean": [0.000450355524663, 0.0128083443269, 0.00783407781273, 0.00259466283023, 0.00173853617162, 0.000591995951254, 0.000275551486993, 0.000364132778486, 0.000160196854267, 0.000129654625198, 0.000174430053448, 0.000362259685062, 0.000285715330392, 0.000143878933159, 0.000186974648386, 0.000284254376311, 0.000232438615058, 0.00013904129446, 0.000141297132359, 0.000103431644675, 8.38131018099e-05, 9.22070612432e-05, 0.000156002104632, 9.6129195299e-05, 4.37812377641e-05, 1.87695786735e-05, 9.40068389355e-07],
        "dmean2": [0.000697797979228, 0.0190528333187, 0.0121458768845, 0.00402678828686, 0.00270271068439, 0.00102815590799, 0.000409464846598, 0.000492977618705, 0.000236876803683, 0.000194256761461, 0.000240681809373, 0.000489875848871, 0.000419658783358, 0.000233452301472, 0.000276411214145, 0.000423942896305, 0.000368993030861, 0.000202711293241, 0.00022834102856, 0.000152507956955, 0.000124179583509, 0.000132887435029, 0.000241981222644, 0.000147021593875, 6.4276449848e-05, 2.91217147605e-05, 1.48203412209e-06],
        "dvar": [6.83025461967e-07, 0.00101847376209, 0.000362994178431, 2.63826677838e-05, 1.06007282739e-05, 2.34345793615e-06, 5.0485328984e-07, 8.7264834292e-07, 2.0089422037e-07, 1.30327592274e-07, 3.08845329755e-07, 2.06977824746e-06, 1.2029086065e-06, 1.70377887798e-07, 6.0718042505e-07, 1.24254813727e-06, 5.15199303663e-07, 1.47275557083e-07, 1.86748039255e-07, 6.61583001715e-08, 5.38275628514e-08, 4.14628971157e-08, 1.91050432363e-07, 5.04606880725e-08, 7.23601534247e-09, 1.43158584986e-09, 7.8054871594e-12],
        "dvar2": [1.49552579387e-06, 0.00252633402124, 0.000992672983557, 7.01702447259e-05, 2.52481713687e-05, 6.57769987811e-06, 9.98261043605e-07, 1.69187217125e-06, 4.64099571218e-07, 2.80212873349e-07, 5.6135718296e-07, 3.41328473041e-06, 2.54201245298e-06, 4.0681842961e-07, 1.22928679502e-06, 2.85938494926e-06, 1.25268627471e-06, 3.40596045589e-07, 4.84854353999e-07, 1.39205013738e-07, 1.27115185933e-07, 9.17827236435e-08, 4.61599171331e-07, 1.21161036759e-07, 1.42473712827e-08, 3.0994979916e-09, 1.7635328961e-11],
        "max": [0.00965898670256, 0.338856697083, 0.179687470198, 0.0476691946387, 0.0567229762673, 0.0164428856224, 0.0167448762804, 0.0200556963682, 0.0105535238981, 0.00945651624352, 0.0164333861321, 0.0964386239648, 0.0306761823595, 0.0157976020128, 0.024162473157, 0.0209395121783, 0.0109444893897, 0.00658805947751, 0.00449631037191, 0.00378847448155, 0.00512598408386, 0.00245426222682, 0.00343770091422, 0.00176330644172, 0.00172659591772, 0.000398149830289, 9.68207095866e-05],
        "mean": [0.000662788806949, 0.0244523901492, 0.0128740714863, 0.00390316243283, 0.00364945852198, 0.00110610842239, 0.000887640926521, 0.00108400732279, 0.000584571505897, 0.000193375555682, 0.000308216403937, 0.000862860470079, 0.000508537632413, 0.000178792237421, 0.000313741824357, 0.00040330766933, 0.000274178106338, 0.000175241046236, 0.000174299362698, 0.000135689027957, 0.000113344729471, 0.000127498235088, 0.000159792980412, 0.000120798642456, 6.11220748397e-05, 2.16435437324e-05, 1.4034059177e-06],
        "median": [5.03924893565e-05, 0.00276171695441, 0.00322781433351, 0.00119709735736, 0.00173235102557, 0.000417668285081, 0.000143449651659, 9.77976233116e-05, 3.69122026314e-05, 2.66335373453e-05, 3.642010779e-05, 4.86568860651e-05, 1.61372063303e-05, 2.50279153988e-05, 1.98180423467e-05, 2.39615674218e-05, 3.97588446504e-05, 2.36651958403e-05, 2.66216684395e-05, 2.8099739211e-05, 1.69767881744e-05, 1.67851867445e-05, 9.88737792795e-06, 9.06870354811e-06, 4.26794758823e-06, 1.03267370832e-06, 5.3386322918e-08],
        "min": [8.76632231941e-25, 2.68811650417e-24, 6.98389504837e-25, 1.70634873648e-24, 7.95184887554e-24, 9.54084035287e-24, 8.29716800363e-24, 9.37721403505e-24, 1.13972667211e-23, 2.09855570574e-23, 1.77540640899e-23, 2.64073649269e-23, 2.89451525471e-23, 2.57606173137e-23, 5.68455755766e-23, 6.96989280675e-23, 7.81317186157e-23, 8.30154681275e-23, 1.19858427845e-22, 1.74908928344e-22, 2.13293801897e-22, 3.33899602875e-22, 3.15332947366e-22, 5.96267671757e-22, 9.35769272532e-22, 1.26307763331e-21, 1.9067563251e-21],
        "var": [1.74387298557e-06, 0.0015636443859, 0.000431114516687, 3.75926138076e-05, 2.60918641288e-05, 3.10290647576e-06, 3.64501261174e-06, 4.83146504848e-06, 1.80568372343e-06, 2.41307333226e-07, 8.90736714609e-07, 1.66412082763e-05, 3.44002091879e-06, 2.45176806857e-07, 1.35492257414e-06, 2.18929608309e-06, 5.16638010595e-07, 1.835511938e-07, 1.74373028017e-07, 9.23419847254e-08, 7.05330549522e-08, 6.15479578414e-08, 1.78252179239e-07, 6.37374455437e-08, 1.55552388748e-08, 2.37621078369e-09, 2.14501003765e-11]
    },
    "erbbands": {
        "dmean": [0.288323491812, 3.25100898743, 8.02948093414, 10.088013649, 7.36056375504, 5.44267463684, 5.02371644974, 4.26317548752, 3.09490847588, 6.90027570724, 6.88326978683, 3.14450931549, 4.71532869339, 3.0289773941, 7.2796754837, 17.6744995117, 8.90669631958, 12.1913528442, 11.2423944473, 10.3978147507, 12.6599807739, 10.9786310196, 8.09828567505, 7.67746543884, 5.65882968903, 5.10936260223, 3.85498952866, 3.21807694435, 3.12502527237, 3.16111063957, 4.91780138016, 2.87866091728, 1.37025308609, 0.561924576759, 0.275782138109, 0.117628611624, 0.0270651299506, 0.00353922345676, 0.000186831661267, 2.82778200926e-05],
        "dmean2": [0.401668310165, 5.00599861145, 12.5285148621, 15.8371839523, 11.1123323441, 8.7378616333, 8.50184059143, 7.52911472321, 4.80508947372, 9.76669883728, 9.30402755737, 4.53200292587, 7.03634548187, 4.2854552269, 10.1353302002, 23.5403652191, 13.1238765717, 18.4353179932, 16.9022388458, 15.5863685608, 18.9343414307, 17.2973308563, 12.0431861877, 12.2514886856, 8.63580131531, 7.53811645508, 5.88051652908, 4.60260295868, 4.33004999161, 4.71867036819, 7.83203792572, 4.49674034119, 2.06835269928, 0.814305484295, 0.416454106569, 0.180733546615, 0.0444143414497, 0.00569130387157, 0.000294839643175, 4.04115744459e-05],
        "dvar": [0.421471267939, 66.8386306763, 333.860809326, 569.675537109, 184.058288574, 102.645698547, 158.442123413, 112.339736938, 40.2742385864, 295.388214111, 243.172088623, 63.1331977844, 190.073822021, 70.7255172729, 467.63973999, 5261.31347656, 1007.99926758, 1769.46484375, 2090.70507812, 1494.18908691, 1612.82617188, 1123.47497559, 519.375, 553.675720215, 255.554962158, 166.186294556, 106.52986145, 76.8738937378, 43.6625823975, 58.4190788269, 211.75088501, 54.9545974731, 7.78201961517, 1.05517864227, 0.302195966244, 0.0661145970225, 0.00299222953618, 5.72516364628e-05, 2.67864749048e-07, 2.4903759055e-09],
        "dvar2": [0.90848326683, 168.56703186, 890.960571289, 1570.33703613, 455.460418701, 259.26663208, 439.964691162, 316.420806885, 91.1245117188, 592.471923828, 438.563354492, 137.565689087, 405.407409668, 134.688781738, 870.41784668, 8539.62109375, 2089.89453125, 3733.75, 4339.17333984, 3627.1262207, 3773.67138672, 2769.7902832, 1194.06176758, 1444.35900879, 620.97454834, 364.385406494, 265.886932373, 168.71736145, 94.2333679199, 130.466598511, 535.792541504, 134.299560547, 17.4429683685, 2.08913803101, 0.587522387505, 0.13703148067, 0.00682982010767, 0.000122271783766, 6.40028872567e-07, 5.63945246057e-09],
        "max": [5.99807071686, 87.1865844727, 170.276351929, 200.910430908, 224.001586914, 173.289413452, 133.599472046, 104.506668091, 133.424407959, 355.321746826, 525.488769531, 216.454940796, 380.92175293, 304.934631348, 509.800323486, 4958.74951172, 944.397766113, 1530.76257324, 1466.47009277, 702.308837891, 598.948486328, 521.039672852, 362.391052246, 203.714294434, 182.713470459, 184.819885254, 132.539779663, 230.996002197, 77.6848220825, 80.1402511597, 115.418067932, 57.9630813599, 50.8788909912, 25.0848636627, 5.54581212997, 3.20514273643, 0.478234052658, 0.0976086333394, 0.0203142035753, 0.00133925734553],
        "mean": [0.495850533247, 6.00276756287, 15.194694519, 15.7761182785, 14.0633478165, 10.3789653778, 9.22326946259, 7.50254392624, 9.82621765137, 20.1733932495, 25.1551246643, 11.0792684555, 7.30732440948, 6.27129268646, 13.7565326691, 43.417339325, 18.1338787079, 20.1490268707, 17.2983398438, 16.8748435974, 18.5079574585, 12.7638130188, 9.94257640839, 9.31901454926, 7.55053377151, 6.74478387833, 5.08770179749, 4.36440706253, 4.48994827271, 4.06143808365, 4.84954977036, 3.10281038284, 1.83176338673, 0.791887819767, 0.363859683275, 0.1455745399, 0.0302117690444, 0.00433376431465, 0.000278743769741, 7.16882641427e-05],
        "median": [0.0448770113289, 0.99410378933, 4.54043388367, 4.15190029144, 6.57030153275, 4.33568668365, 2.75838541985, 3.2066078186, 2.08108782768, 2.32482647896, 2.85084891319, 1.5769020319, 1.34786212444, 1.23736155033, 2.42440533638, 3.00876712799, 1.60847389698, 1.94816184044, 1.75825405121, 2.87036037445, 3.22164463997, 2.27653861046, 1.77748608589, 1.39117741585, 1.22377705574, 1.47959434986, 1.02165973186, 0.732250094414, 0.665971517563, 0.357693165541, 0.308501839638, 0.223483368754, 0.141560688615, 0.0621407963336, 0.0193292628974, 0.0076005407609, 0.00133686244953, 0.0001437105675, 4.33499408246e-05, 5.34989048901e-05],
        "min": [1.28818587685e-22, 5.10876217692e-22, 1.53939796317e-21, 8.19038618854e-21, 2.05366263254e-20, 2.48877094385e-20, 5.93758903238e-20, 8.90947642857e-20, 1.61166707327e-19, 2.29635910447e-19, 2.97308719583e-19, 3.47451555286e-19, 7.345639911e-19, 1.0206638447e-18, 1.20159430085e-18, 1.45401963171e-18, 2.00156449696e-18, 2.22313640456e-18, 2.28646535226e-18, 3.86972006396e-18, 3.9194580206e-18, 4.10350901562e-18, 5.34448879755e-18, 6.1469106536e-18, 7.61637219638e-18, 9.62639875101e-18, 9.45409372069e-18, 1.04339470589e-17, 1.15259677425e-17, 1.15692383876e-17, 9.18887893679e-18, 1.10021448663e-17, 9.68691693898e-18, 8.36873597689e-18, 6.69562380807e-18, 4.55117709518e-18, 2.12985648766e-18, 9.5514483293e-19, 2.36813718514e-19, 2.79096813283e-20],
        "var": [0.820599377155, 92.4014511108, 444.559295654, 585.715393066, 421.12701416, 202.99382019, 232.570510864, 119.460525513, 262.703674316, 1450.83410645, 2496.17944336, 515.428161621, 352.026824951, 272.530426025, 1292.61096191, 43260.7265625, 3502.40942383, 4359.19384766, 4482.40283203, 2653.79785156, 2437.54492188, 1079.53027344, 605.462463379, 524.546630859, 297.250488281, 227.805374146, 117.671035767, 111.306106567, 69.5030822754, 79.5363388062, 179.579528809, 54.1989860535, 13.908662796, 2.35455083847, 0.624080300331, 0.12170393765, 0.00425696140155, 9.75924922386e-05, 6.23252219611e-07, 6.64318955401e-09]
    },
    "gfcc": {
        "mean": [-109.930931091, 85.6081237793, -103.229934692, 33.8673553467, -50.3890190125, 12.3392105103, -35.6279830933, 3.7255525589, -15.6713294983, -1.55307555199, -11.3466033936, -4.20216608047, -9.62140274048],
        "cov": [[35406.59375, 3497.50805664, 500.220367432, 2783.72167969, -27.8904457092, 803.334777832, -731.717712402, -234.947891235, -499.358978271, 142.899414062, -82.2155075073, -239.086013794, -615.206665039], [3497.50805664, 6888.71777344, 1469.21728516, 415.677642822, 1546.30297852, -1024.12841797, 198.476928711, -726.795288086, 208.197738647, -654.61517334, 149.445968628, -448.795135498, 181.429977417], [500.220367432, 1469.21728516, 3337.89453125, 1425.24804688, 663.609313965, 531.221374512, 26.294506073, -66.1594009399, 11.013835907, -97.3703842163, -22.8177947998, -72.8284606934, 5.01576805115], [2783.72167969, 415.677642822, 1425.24804688, 1820.68200684, 605.006958008, 581.895996094, 105.496208191, -30.1853733063, -40.647895813, -26.5884933472, -85.96925354, -82.3220977783, 30.3770370483], [-27.8904457092, 1546.30297852, 663.609313965, 605.006958008, 1231.10778809, 222.1171875, 245.647979736, -203.12159729, 46.4973144531, -150.965591431, 39.7844810486, -118.448486328, 125.63482666], [803.334777832, -1024.12841797, 531.221374512, 581.895996094, 222.1171875, 937.95703125, 86.137512207, 161.305160522, -46.4753456116, 170.488510132, 32.5597953796, 81.7419052124, -25.3748130798], [-731.717712402, 198.476928711, 26.294506073, 105.496208191, 245.647979736, 86.137512207, 336.009124756, 64.6129226685, 67.4959640503, 34.9120941162, 77.7546081543, -36.2168083191, 33.4137611389], [-234.947891235, -726.795288086, -66.1594009399, -30.1853733063, -203.12159729, 161.305160522, 64.6129226685, 294.441833496, 77.7214508057, 99.7921981812, -10.1243133545, 40.4373970032, -33.0490074158], [-499.358978271, 208.197738647, 11.013835907, -40.647895813, 46.4973144531, -46.4753456116, 67.4959640503, 77.7214508057, 248.285171509, 44.1118927002, 15.6100521088, -35.0676765442, 39.659954071], [142.899414062, -654.61517334, -97.3703842163, -26.5884933472, -150.965591431, 170.488510132, 34.9120941162, 99.7921981812, 44.1118927002, 264.959777832, 95.8485717773, 7.40250349045, -60.5006599426], [-82.2155075073, 149.445968628, -22.8177947998, -85.96925354, 39.7844810486, 32.5597953796, 77.7546081543, -10.1243133545, 15.6100521088, 95.8485717773, 227.405578613, 53.0460357666, -15.7479333878], [-239.086013794, -448.795135498, -72.8284606934, -82.3220977783, -118.448486328, 81.7419052124, -36.2168083191, 40.4373970032, -35.0676765442, 7.40250349045, 53.0460357666, 222.943847656, 45.2132110596], [-615.206665039, 181.429977417, 5.01576805115, 30.3770370483, 125.63482666, -25.3748130798, 33.4137611389, -33.0490074158, 39.659954071, -60.5006599426, -15.7479333878, 45.2132110596, 191.029785156]],
        "icov": [[7.15727437637e-05, -0.000183120471775, 0.000128866377054, -0.000171158579178, 0.000133390436531, -0.000178879985469, 0.00019781231822, -0.000135956914164, 0.000183492986253, -0.000296653219266, 0.000185675060493, -0.00016173547192, 0.000180179296876], [-0.000183120471775, 0.00106992712244, -0.000542981957551, 0.000424656056566, -0.00074793031672, 0.00100370473228, -0.000475533684948, 0.000832524732687, -0.000975052011199, 0.00183215772267, -0.00148344377521, 0.00116771610919, -0.000422718469054], [0.000128866377054, -0.000542981957551, 0.000793888408225, -0.000643813807983, 0.000315513141686, -0.000641873979475, 0.000556281884201, -0.000424381461926, 0.000315170007525, -0.000602576881647, 0.000444611854618, -0.000489370780997, 0.000444956502179], [-0.000171158579178, 0.000424656056566, -0.000643813807983, 0.00148915534373, -0.000533726357389, -1.68706155819e-05, -0.000651893322356, 0.000445922079962, -0.000227310883929, 0.000535186962225, 0.000113741327368, 0.000576613179874, -0.00054488441674], [0.000133390436531, -0.00074793031672, 0.000315513141686, -0.000533726357389, 0.00243201805279, -0.00146624050103, -0.000771650869865, 0.000897670688573, 8.80124298419e-06, 2.17088108911e-05, 0.000421683740569, 3.73006769223e-05, -0.000256463768892], [-0.000178879985469, 0.00100370473228, -0.000641873979475, -1.68706155819e-05, -0.00146624050103, 0.0032018434722, -0.000343123596394, -0.00056484650122, 7.20847383491e-05, -4.13329034927e-05, -0.000907244218979, -1.2633247934e-05, -0.000257757812506], [0.00019781231822, -0.000475533684948, 0.000556281884201, -0.000651893322356, -0.000771650869865, -0.000343123596394, 0.0054693534039, -0.00259168376215, 0.000484634190798, -0.000746706966311, -0.00154865894001, 0.000826099712867, -0.000425674021244], [-0.000135956914164, 0.000832524732687, -0.000424381461926, 0.000445922079962, 0.000897670688573, -0.00056484650122, -0.00259168376215, 0.00750962877646, -0.00321049359627, 0.000919677724596, 0.000668459571898, -0.000422420212999, 0.000911707757041], [0.000183492986253, -0.000975052011199, 0.000315170007525, -0.000227310883929, 8.80124298419e-06, 7.20847383491e-05, 0.000484634190798, -0.00321049359627, 0.00678560324013, -0.00316065363586, 0.00107595033478, 9.98166433419e-05, -0.00143625284545], [-0.000296653219266, 0.00183215772267, -0.000602576881647, 0.000535186962225, 2.17088108911e-05, -4.13329034927e-05, -0.000746706966311, 0.000919677724596, -0.00316065363586, 0.0107293277979, -0.00601295661181, 0.00364598678425, 0.000200840484467], [0.000185675060493, -0.00148344377521, 0.000444611854618, 0.000113741327368, 0.000421683740569, -0.000907244218979, -0.00154865894001, 0.000668459571898, 0.00107595033478, -0.00601295661181, 0.00983278546482, -0.00474603893235, 0.00177194026764], [-0.00016173547192, 0.00116771610919, -0.000489370780997, 0.000576613179874, 3.73006769223e-05, -1.2633247934e-05, 0.000826099712867, -0.000422420212999, 9.98166433419e-05, 0.00364598678425, -0.00474603893235, 0.00863465946168, -0.00325345224701], [0.000180179296876, -0.000422718469054, 0.000444956502179, -0.00054488441674, -0.000256463768892, -0.000257757812506, -0.000425674021244, 0.000911707757041, -0.00143625284545, 0.000200840484467, 0.00177194026764, -0.00325345224701, 0.00793599896133]]
    },
    "melbands": {
        "dmean": [0.00311036244966, 0.00408475985751, 0.00162869109772, 0.000422012846684, 0.000180704751983, 9.85392398434e-05, 5.09359233547e-05, 7.73919091444e-05, 5.66773160244e-05, 1.81266823347e-05, 2.33613045566e-05, 1.12214156616e-05, 2.31262092711e-05, 4.31215885328e-05, 2.33900263993e-05, 3.07673581119e-05, 2.16378703044e-05, 1.81050836545e-05, 1.01372334029e-05, 2.38081793213e-05, 1.36404523801e-05, 1.22425362861e-05, 9.30497299123e-06, 6.68438042339e-06, 6.41008273305e-06, 4.7626185733e-06, 3.30550642502e-06, 3.75807235287e-06, 2.5566689601e-06, 2.31796911976e-06, 1.73282023752e-06, 1.90415073575e-06, 1.64592313467e-06, 1.73251225988e-06, 2.87869784188e-06, 2.88871683551e-06, 1.38470022648e-06, 1.01650755369e-06, 7.27833253222e-07, 4.05257168268e-07],
        "dmean2": [0.00446366937831, 0.00617279391736, 0.00253179506399, 0.000648102606647, 0.000305574241793, 0.00017279246822, 7.73890787968e-05, 0.000108656458906, 7.65033546486e-05, 2.679701538e-05, 3.502348045e-05, 1.6374329789e-05, 3.21056359098e-05, 5.85104571655e-05, 3.17503363476e-05, 4.50715051556e-05, 3.33909629262e-05, 2.7880358175e-05, 1.51771409946e-05, 3.50118389179e-05, 2.07834309549e-05, 1.93978066818e-05, 1.41286627695e-05, 1.00226807263e-05, 1.03812089947e-05, 7.64552623878e-06, 4.89657577418e-06, 5.68095038034e-06, 3.93084883399e-06, 3.47398986378e-06, 2.52256472777e-06, 2.68529629466e-06, 2.39849987338e-06, 2.58455543189e-06, 4.63056449007e-06, 4.61409945274e-06, 2.13325347431e-06, 1.55494990395e-06, 1.06994605176e-06, 5.98031192567e-07],
        "dvar": [5.47226227354e-05, 7.80018963269e-05, 1.31456117742e-05, 6.70160773097e-07, 1.60053446052e-07, 5.85781805285e-08, 1.35307685056e-08, 4.10899652081e-08, 1.81763990525e-08, 2.23677032452e-09, 4.7092556521e-09, 1.13784115463e-09, 5.5387157083e-09, 2.69566999833e-08, 7.01842228779e-09, 1.51487604683e-08, 5.08326403192e-09, 4.99622299088e-09, 1.42414258164e-09, 1.09898614653e-08, 2.38445463374e-09, 1.58692359253e-09, 7.3578970694e-10, 3.58471308193e-10, 3.98362509646e-10, 2.00934199834e-10, 9.07488320601e-11, 9.70303073999e-11, 4.60114515932e-11, 3.98784651134e-11, 2.18465731616e-11, 1.74917250823e-11, 1.25945165755e-11, 1.83006405169e-11, 7.27811977352e-11, 7.02104763217e-11, 1.08667762289e-11, 4.43061516295e-12, 3.00321421377e-12, 5.02819248911e-13],
        "dvar2": [0.000129821753944, 0.000196948967641, 3.55716802005e-05, 1.59057503879e-06, 4.39726733248e-07, 1.64690234783e-07, 2.80751137893e-08, 8.23587811283e-08, 3.33113021611e-08, 4.83870810086e-09, 1.00750314758e-08, 2.27853225176e-09, 1.02213535413e-08, 4.60716904627e-08, 1.12772857719e-08, 3.15474188994e-08, 1.08641629026e-08, 1.06334256955e-08, 2.94056068384e-09, 2.54594496596e-08, 5.84261261594e-09, 3.86635301552e-09, 1.73248826396e-09, 8.49896153454e-10, 1.05361597225e-09, 5.21273024745e-10, 1.94181976054e-10, 2.11391876226e-10, 1.1368609526e-10, 9.5151241053e-11, 4.59010329745e-11, 3.92636374802e-11, 2.74362789432e-11, 4.00270754042e-11, 1.87412377284e-10, 1.73581038432e-10, 2.71278485786e-11, 1.04518026178e-11, 6.06421900542e-12, 1.02942264088e-12],
        "max": [0.0767768695951, 0.0856265649199, 0.0329508036375, 0.0140576837584, 0.00460363645107, 0.00246899132617, 0.00274862954393, 0.00452223001048, 0.0043882667087, 0.00149211054668, 0.00186943763401, 0.00113912625238, 0.00194227357861, 0.010510854423, 0.00568764749914, 0.00334436935373, 0.00250394945033, 0.00214909948409, 0.00134997419082, 0.00201782770455, 0.00100266083609, 0.000629448448308, 0.000489010650199, 0.000185091499588, 0.000173652151716, 0.000174656554009, 0.00011053516937, 0.000145231228089, 0.000109744185465, 0.000138635805342, 0.000115075417852, 5.64117326576e-05, 4.96981265314e-05, 3.93289592466e-05, 6.9408059062e-05, 6.40718862996e-05, 2.66777642537e-05, 1.80669048859e-05, 7.42595511838e-05, 8.10748406366e-06],
        "mean": [0.00556839769706, 0.00856658816338, 0.00275046005845, 0.000879856466781, 0.000339433870977, 0.000181853130925, 0.000168578291778, 0.000224081522902, 0.000211972554098, 5.91696771153e-05, 3.42345192621e-05, 2.21798909479e-05, 3.89345768781e-05, 0.000100373319583, 5.58026731596e-05, 5.50670229131e-05, 3.26239642163e-05, 2.57110423263e-05, 1.70991952473e-05, 3.61773636541e-05, 1.85744411283e-05, 1.44660070873e-05, 1.0123152606e-05, 8.23846494313e-06, 7.44076214687e-06, 5.9918761508e-06, 4.25626194556e-06, 4.84025258629e-06, 3.12169277095e-06, 3.09829852085e-06, 2.27559507948e-06, 2.61798390966e-06, 2.28948988479e-06, 2.15501222556e-06, 2.81161101157e-06, 2.75438947028e-06, 1.57686986313e-06, 1.31048932417e-06, 1.02909268662e-06, 5.49391245386e-07],
        "median": [0.000529401411768, 0.00295118056238, 0.000955700874329, 0.000422890239861, 0.00011088563042, 7.35325957066e-05, 2.66704155365e-05, 1.92784518731e-05, 1.50877303895e-05, 7.85276643001e-06, 3.54968415195e-06, 2.61115383182e-06, 5.07580989506e-06, 6.15635508439e-06, 6.13231031821e-06, 1.28352542106e-06, 2.77275853477e-06, 1.97203462449e-06, 1.65643132277e-06, 2.30759269471e-06, 3.20732328873e-06, 1.98261227524e-06, 1.30875309878e-06, 1.15852162708e-06, 8.55612370287e-07, 6.39191796381e-07, 4.76716849107e-07, 8.18538069325e-07, 5.76469915359e-07, 4.06331196245e-07, 2.38190821733e-07, 3.60071709338e-07, 2.51052483691e-07, 1.35896115694e-07, 1.59267585786e-07, 1.28118188059e-07, 1.09317646491e-07, 9.09873634214e-08, 7.35928011864e-08, 3.28822906681e-08],
        "min": [9.57694198055e-25, 7.17549555718e-25, 2.30275558539e-24, 1.43597671919e-24, 2.60849381478e-24, 1.91434867744e-24, 2.25198055323e-24, 2.25843718252e-24, 2.47756302047e-24, 2.10363742937e-24, 3.29671835382e-24, 3.34049224545e-24, 3.03698392862e-24, 3.40065156694e-24, 2.15397227715e-24, 2.96506821306e-24, 3.4409079278e-24, 2.93690469545e-24, 4.59689010438e-24, 4.32775758479e-24, 4.08120778633e-24, 3.61276561473e-24, 2.75075127119e-24, 3.37954204355e-24, 3.56847699136e-24, 3.0722034126e-24, 5.29056508062e-24, 5.29902009181e-24, 5.06558076716e-24, 4.35736550671e-24, 6.15612772052e-24, 5.74879505338e-24, 4.32125263776e-24, 5.12729138363e-24, 4.03818567914e-24, 6.5517674969e-24, 5.40267759804e-24, 5.97752290626e-24, 6.28235177624e-24, 6.59660990063e-24],
        "var": [8.88521462912e-05, 0.000124076104839, 1.53232940647e-05, 1.56898204295e-06, 2.51932277706e-07, 7.06226117586e-08, 9.81939507483e-08, 1.85076643788e-07, 1.90288531599e-07, 1.6376430878e-08, 8.65644977921e-09, 3.99946564755e-09, 1.47479886081e-08, 2.04524084779e-07, 5.74808893816e-08, 4.41153282793e-08, 1.15449338978e-08, 1.01205506198e-08, 3.02522984441e-09, 2.03159711276e-08, 2.52691756408e-09, 1.58175217368e-09, 7.85200016118e-10, 4.22615553664e-10, 3.68224173375e-10, 2.05053238278e-10, 1.14275769403e-10, 1.3949798261e-10, 4.90560508881e-11, 5.38601663269e-11, 3.12620485055e-11, 2.58839061296e-11, 2.11892465379e-11, 2.47487343119e-11, 6.06513866908e-11, 6.05971731127e-11, 1.19463926598e-11, 6.92668361904e-12, 5.8638528061e-12, 1.05753350955e-12]
    },
    "mfcc": {
        "mean": [-749.68939209, 110.737182617, 14.7503795624, 24.0593471527, 11.7998580933, 7.8194475174, -3.14819574356, 3.54330563545, -0.726856052876, 1.84594917297, -2.06991863251, 6.65880489349, 2.46153259277],
        "cov": [[21206.6777344, 2004.8338623, 448.535675049, 1706.73657227, 615.000549316, 709.95690918, 217.632354736, 0.332389354706, -452.707366943, -32.4088363647, 276.608306885, 54.7459487915, -234.458755493], [2004.8338623, 5795.51660156, 578.007751465, 1067.79418945, 852.756286621, 57.667766571, -21.8540019989, -44.8882446289, -139.083740234, -254.365020752, -233.276245117, -130.99949646, -73.9904632568], [448.535675049, 578.007751465, 2280.30908203, 852.361999512, 690.315551758, 521.654541016, 209.796081543, 202.296508789, 104.366966248, 56.1917076111, 35.5160865784, -45.1125679016, -80.1681060791], [1706.73657227, 1067.79418945, 852.361999512, 1285.86767578, 663.695495605, 475.836334229, 265.651855469, 152.28213501, 98.9535217285, 17.2645301819, -25.8086280823, -102.400482178, -79.5599212646], [615.000549316, 852.756286621, 690.315551758, 663.695495605, 895.343383789, 611.21887207, 310.794128418, 163.283691406, 124.522583008, 8.94698524475, -114.964286804, -11.251335144, 16.3025302887], [709.95690918, 57.667766571, 521.654541016, 475.836334229, 611.21887207, 717.559570312, 382.035400391, 132.068710327, 119.639839172, 72.4986801147, -29.6325836182, 36.8719902039, 74.5138626099], [217.632354736, -21.8540019989, 209.796081543, 265.651855469, 310.794128418, 382.035400391, 421.841796875, 109.645675659, 57.3390617371, 78.0677947998, 52.3577308655, 20.6026134491, 15.5565185547], [0.332389354706, -44.8882446289, 202.296508789, 152.28213501, 163.283691406, 132.068710327, 109.645675659, 240.841094971, 109.635147095, 4.59116125107, 3.80710744858, -4.0160984993, 18.8949356079], [-452.707366943, -139.083740234, 104.366966248, 98.9535217285, 124.522583008, 119.639839172, 57.3390617371, 109.635147095, 273.673339844, 99.0174484253, -41.9210281372, 29.5002479553, 49.2211303711], [-32.4088363647, -254.365020752, 56.1917076111, 17.2645301819, 8.94698524475, 72.4986801147, 78.0677947998, 4.59116125107, 99.0174484253, 236.812393188, 123.139381409, 47.0460700989, -15.5432891846], [276.608306885, -233.276245117, 35.5160865784, -25.8086280823, -114.964286804, -29.6325836182, 52.3577308655, 3.80710744858, -41.9210281372, 123.139381409, 336.421661377, 103.74458313, -44.8748664856], [54.7459487915, -130.99949646, -45.1125679016, -102.400482178, -11.251335144, 36.8719902039, 20.6026134491, -4.0160984993, 29.5002479553, 47.0460700989, 103.74458313, 223.857528687, 124.246002197], [-234.458755493, -73.9904632568, -80.1681060791, -79.5599212646, 16.3025302887, 74.5138626099, 15.5565185547, 18.8949356079, 49.2211303711, -15.5432891846, -44.8748664856, 124.246002197, 292.134307861]],
