{
"lowlevel": {
    "average_loudness": 0.157255113125,
    "barkbands_crest": {
        "dmean": 2.21440243721,
        "dmean2": 3.59000968933,
        "dvar": 4.82564592361,
        "dvar2": 13.229060173,
        "max": 26.3513870239,
        "mean": 13.4235696793,
        "median": 12.8516540527,
        "min": 3.7753431797,
        "var": 16.8975601196
    },
    "barkbands_flatness_db": {
        "dmean": 0.021725287661,
        "dmean2": 0.0323754623532,
        "dvar": 0.000565638125408,
        "dvar2": 0.00118026568089,
        "max": 0.519525587559,
        "mean": 0.298879027367,
        "median": 0.308685839176,
        "min": 0.0415617711842,
        "var": 0.00584606081247
    },
    "barkbands_kurtosis": {
        "dmean": 7.9478096962,
        "dmean2": 12.3167257309,
        "dvar": 237.392578125,
        "dvar2": 566.519714355,
        "max": 441.379486084,
        "mean": 20.3039188385,
        "median": 13.3494691849,
        "min": -1.93459653854,
        "var": 573.315856934
    },
    "barkbands_skewness": {
        "dmean": 0.651713490486,
        "dmean2": 0.992011845112,
        "dvar": 0.696513295174,
        "dvar2": 1.59831321239,
        "max": 17.3789176941,
        "mean": 2.90314793587,
        "median": 2.65736865997,
        "min": -4.53312397003,
        "var": 2.8290822506
    },
    "barkbands_spread": {
        "dmean": 2.02219128609,
        "dmean2": 3.00931453705,
        "dvar": 34.8874664307,
        "dvar2": 66.7454681396,
        "max": 118.946456909,
        "mean": 6.58296346664,
        "median": 2.96541404724,
        "min": 0.151949599385,
        "var": 155.915893555
    },
    "dissonance": {
        "dmean": 0.0330008715391,
        "dmean2": 0.0553379766643,
        "dvar": 0.000940966419876,
        "dvar2": 0.00248785573058,
        "max": 0.5,
        "mean": 0.3906031847,
        "median": 0.395733565092,
        "min": 0.116754978895,
        "var": 0.00389192765579
    },
    "dynamic_complexity": 7.95381402969,
    "erbbands_crest": {
        "dmean": 2.77671790123,
        "dmean2": 4.51383590698,
        "dvar": 7.76712417603,
        "dvar2": 21.5159740448,
        "max": 33.3907852173,
        "mean": 13.7138080597,
        "median": 12.8220729828,
        "min": 2.2033905983,
        "var": 28.5779819489
    },
    "erbbands_flatness_db": {
        "dmean": 0.0178699940443,
        "dmean2": 0.0264080613852,
        "dvar": 0.000415943213739,
        "dvar2": 0.000874532444868,
        "max": 0.46935737133,
        "mean": 0.270631551743,
        "median": 0.278104305267,
        "min": 0.0315980650485,
        "var": 0.00460829911754
    },
    "erbbands_kurtosis": {
        "dmean": 2.82801413536,
        "dmean2": 4.3468747139,
        "dvar": 21.150056839,
        "dvar2": 47.4606781006,
        "max": 133.972885132,
        "mean": 6.28024864197,
        "median": 3.8898358345,
        "min": -1.91420137882,
        "var": 71.3383178711
    },
    "erbbands_skewness": {
        "dmean": 0.433787018061,
        "dmean2": 0.652498841286,
        "dvar": 0.258193135262,
        "dvar2": 0.544297456741,
        "max": 8.6100730896,
        "mean": 1.69796538353,
        "median": 1.64001345634,
        "min": -6.77720499039,
        "var": 1.33605241776
    },
    "erbbands_spread": {
        "dmean": 5.03588008881,
        "dmean2": 7.70783090591,
        "dvar": 99.7723464966,
        "dvar2": 211.401107788,
        "max": 158.566513062,
        "mean": 18.7808456421,
        "median": 12.5547485352,
        "min": 0.695889353752,
        "var": 347.421081543
    },
    "hfc": {
        "dmean": 1.61977910995,
        "dmean2": 2.25160312653,
        "dvar": 10.5223302841,
        "dvar2": 20.7492332458,
        "max": 102.045913696,
        "mean": 6.44043254852,
        "median": 2.70084285736,
        "min": 1.17987864669e-16,
        "var": 73.8672714233
    },
    "melbands_crest": {
        "dmean": 2.75536751747,
        "dmean2": 4.38282155991,
        "dvar": 7.29587888718,
        "dvar2": 18.3156433105,
        "max": 34.0396842957,
        "mean": 16.8123760223,
        "median": 15.679309845,
        "min": 2.13531351089,
        "var": 31.0937900543
    },
    "melbands_flatness_db": {
        "dmean": 0.0235226433724,
        "dmean2": 0.0337885767221,
        "dvar": 0.000706289603841,
        "dvar2": 0.00135432917159,
        "max": 0.639995336533,
        "mean": 0.375260382891,
        "median": 0.38310405612,
        "min": 0.00655045360327,
        "var": 0.00881304312497
    },
    "melbands_kurtosis": {
        "dmean": 8.3383808136,
        "dmean2": 13.1479024887,
        "dvar": 239.322555542,
        "dvar2": 576.131652832,
        "max": 377.270751953,
        "mean": 20.2907295227,
        "median": 13.4329051971,
        "min": -1.93567204475,
        "var": 516.811279297
    },
    "melbands_skewness": {
        "dmean": 0.653699994087,
        "dmean2": 1.01200640202,
        "dvar": 0.68004322052,
        "dvar2": 1.57569205761,
        "max": 14.4534692764,
        "mean": 2.71436882019,
        "median": 2.38730335236,
        "min": -1.81049203873,
        "var": 2.47372317314
    },
    "melbands_spread": {
        "dmean": 2.40080809593,
        "dmean2": 3.42743992805,
        "dvar": 73.161239624,
        "dvar2": 126.616188049,
        "max": 218.808120728,
        "mean": 7.81035804749,
        "median": 3.98228263855,
        "min": 0.21825145185,
        "var": 318.885620117
    },
    "pitch_salience": {
        "dmean": 0.0586965307593,
        "dmean2": 0.0938391759992,
        "dvar": 0.00344879645854,
        "dvar2": 0.00858346093446,
        "max": 0.95665872097,
        "mean": 0.540674984455,
        "median": 0.549424111843,
        "min": 0.0601474829018,
        "var": 0.0138614187017
    },
    "silence_rate_20dB": {
        "dmean": 0,
        "dmean2": 0,
        "dvar": 0,
        "dvar2": 0,
        "max": 1,
        "mean": 1,
        "median": 1,
        "min": 1,
        "var": 0
    },
    "silence_rate_30dB": {
        "dmean": 0.00377731816843,
        "dmean2": 0.00755531573668,
        "dvar": 0.00376318674535,
        "dvar2": 0.00875655934215,
        "max": 1,
        "mean": 0.995053946972,
        "median": 1,
        "min": 0,
        "var": 0.00492118811235
    },
    "silence_rate_60dB": {
        "dmean": 0.0440687127411,
        "dmean2": 0.0881453529,
        "dvar": 0.0421325825155,
        "dvar2": 0.0872034803033,
        "max": 1,
        "mean": 0.33066546917,
        "median": 0,
        "min": 0,
        "var": 0.221334591508
    },
    "spectral_centroid": {
        "dmean": 86.524520874,
        "dmean2": 122.976028442,
        "dvar": 49909.0742188,
        "dvar2": 78101.0703125,
        "max": 10661.3623047,
        "mean": 536.694763184,
        "median": 381.928009033,
        "min": 162.983840942,
        "var": 295077.09375
    },
    "spectral_complexity": {
        "dmean": 0.933177471161,
        "dmean2": 1.50368773937,
        "dvar": 1.39471817017,
        "dvar2": 2.71381115913,
        "max": 24,
        "mean": 5.76609706879,
        "median": 5,
        "min": 0,
        "var": 15.9645805359
    },
    "spectral_decrease": {
        "dmean": 1.04682940094e-09,
        "dmean2": 1.50257439824e-09,
        "dvar": 4.09798593067e-18,
        "dvar2": 8.66328837558e-18,
        "max": 3.28201633868e-29,
        "mean": -3.89434529069e-09,
        "median": -2.00678540452e-09,
        "min": -4.97060383964e-08,
        "var": 2.56137651274e-17
    },
    "spectral_energy": {
        "dmean": 0.00408554403111,
        "dmean2": 0.00585702667013,
        "dvar": 6.21853469056e-05,
        "dvar2": 0.00013117173512,
        "max": 0.193251430988,
        "mean": 0.0152823729441,
        "median": 0.0078426618129,
        "min": 1.0577975172e-20,
        "var": 0.00039288456901
    },
    "spectral_energyband_high": {
        "dmean": 2.15789259528e-05,
        "dmean2": 2.84835969069e-05,
        "dvar": 1.82815291794e-08,
        "dvar2": 3.08412779759e-08,
        "max": 0.00643765367568,
        "mean": 4.69354308734e-05,
        "median": 3.23070844388e-06,
        "min": 7.92967404598e-21,
        "var": 5.2640395154e-08
    },
    "spectral_energyband_low": {
        "dmean": 0.000243792019319,
        "dmean2": 0.000349596084561,
        "dvar": 5.84295094086e-07,
        "dvar2": 1.26146869661e-06,
        "max": 0.0215536877513,
        "mean": 0.000610672926996,
        "median": 7.9464080045e-05,
        "min": 4.78772526034e-23,
        "var": 1.66940208146e-06
    },
    "spectral_energyband_middle_high": {
        "dmean": 0.000224270290346,
        "dmean2": 0.00030972470995,
        "dvar": 4.92632921123e-07,
        "dvar2": 1.04096295672e-06,
        "max": 0.0282634198666,
        "mean": 0.000752800551709,
        "median": 0.000135299749672,
        "min": 1.58750055547e-21,
        "var": 3.2410480344e-06
    },
    "spectral_energyband_middle_low": {
        "dmean": 0.0040024262853,
        "dmean2": 0.00576446577907,
        "dvar": 6.09425878793e-05,
        "dvar2": 0.000129645457491,
        "max": 0.185204878449,
        "mean": 0.014258518815,
        "median": 0.00704579520971,
        "min": 2.31142985257e-22,
        "var": 0.000362031714758
    },
    "spectral_entropy": {
        "dmean": 0.198440849781,
        "dmean2": 0.287811040878,
        "dvar": 0.0566293001175,
        "dvar2": 0.103992201388,
        "max": 9.79776000977,
        "mean": 6.08454656601,
        "median": 5.96231555939,
        "min": 4.06314516068,
        "var": 0.600811481476
    },
    "spectral_flux": {
        "dmean": 0.0139463962987,
        "dmean2": 0.0216821115464,
        "dvar": 0.000401888333727,
        "dvar2": 0.000918905076105,
        "max": 0.335827589035,
        "mean": 0.0360782109201,
        "median": 0.0252246763557,
        "min": 1.02849284644e-10,
        "var": 0.0012724812841
    },
    "spectral_kurtosis": {
        "dmean": 9.19619369507,
        "dmean2": 15.4554891586,
        "dvar": 168.432998657,
        "dvar2": 462.86895752,
        "max": 217.558319092,
        "mean": 29.5835800171,
        "median": 16.3725090027,
        "min": -1.22883105278,
        "var": 1094.53796387
    },
    "spectral_rms": {
        "dmean": 0.000447601196356,
        "dmean2": 0.000627814733889,
        "dvar": 3.84446707358e-07,
        "dvar2": 7.36695199066e-07,
        "max": 0.0137309134007,
        "mean": 0.00311624608003,
        "median": 0.0027661123313,
        "min": 3.21247195512e-12,
        "var": 5.19861441717e-06
    },
    "spectral_rolloff": {
        "dmean": 161.549316406,
        "dmean2": 272.921081543,
        "dvar": 577186.625,
        "dvar2": 1166087.375,
        "max": 18367.8222656,
        "mean": 718.324768066,
        "median": 409.130859375,
        "min": 172.265625,
        "var": 1870132.25
    },
    "spectral_skewness": {
        "dmean": 0.620960116386,
        "dmean2": 1.0161908865,
        "dvar": 0.472930282354,
        "dvar2": 1.25612318516,
        "max": 11.7340831757,
        "mean": 3.67536330223,
        "median": 3.14380645752,
        "min": -0.238390237093,
        "var": 3.98411512375
    },
    "spectral_spread": {
        "dmean": 413970.8125,
        "dmean2": 630109.6875,
        "dvar": 523859066880,
        "dvar2": 877134479360,
        "max": 39618912,
        "mean": 2837137,
        "median": 2538077.5,
        "min": 358461.375,
        "var": 3.613687808e+12
    },
    "spectral_strongpeak": {
        "dmean": 0.266060322523,
        "dmean2": 0.427295207977,
        "dvar": 0.173728495836,
        "dvar2": 0.416743516922,
        "max": 6.51633119583,
        "mean": 0.861976087093,
        "median": 0.523883521557,
        "min": 0,
        "var": 0.845812380314
    },
    "zerocrossingrate": {
        "dmean": 0.00514985434711,
        "dmean2": 0.00570192886516,
        "dvar": 0.000163455275469,
        "dvar2": 0.000152629494551,
        "max": 0.50634765625,
        "mean": 0.0294851176441,
        "median": 0.0185546875,
        "min": 0.0068359375,
        "var": 0.00164647959173
    },
    "barkbands": {
        "dmean": [7.50581286013e-09, 5.59296586289e-06, 8.20812419988e-05, 0.000501589733176, 0.00188192445785, 0.00157715857495, 0.000895054894499, 0.000715606322046, 0.000227963624639, 0.000109776490717, 6.16490651737e-05, 3.23134190694e-05, 4.71865932923e-05, 2.80814056168e-05, 3.5424491216e-05, 2.61211662291e-05, 1.67910147866e-05, 2.85847982013e-05, 1.08202375486e-05, 8.11477002571e-06, 4.73884119856e-06, 4.84976817461e-06, 5.98073711444e-06, 3.84523946195e-06, 2.24838868235e-06, 1.60673494065e-06, 4.82983296024e-07],
        "dmean2": [1.37390276933e-08, 8.01148325991e-06, 0.00012157081801, 0.000756456749514, 0.00275524798781, 0.002431855537, 0.00126563326921, 0.00103900779504, 0.000315318902722, 0.000157579415827, 8.84915280039e-05, 4.68922626169e-05, 6.99069714756e-05, 4.1306771891e-05, 5.28768105141e-05, 3.90500099456e-05, 2.46577619691e-05, 4.25690232078e-05, 1.58903731062e-05, 1.23134987007e-05, 6.85305121806e-06, 6.88188129061e-06, 8.37054267322e-06, 5.42324050912e-06, 3.11424150823e-06, 2.22780158765e-06, 6.93837762356e-07],
        "dvar": [7.48871040151e-16, 9.25127419116e-10, 1.05762509861e-07, 2.78533707387e-06, 2.10476464417e-05, 1.88227950275e-05, 7.56641929911e-06, 5.58762894798e-06, 7.14362613508e-07, 1.80470365763e-07, 5.84463855091e-08, 3.99536013163e-08, 1.42399187553e-07, 2.04782573121e-08, 5.72015004252e-08, 1.80674657457e-08, 5.55214052511e-09, 5.10777695695e-08, 1.50056123083e-09, 1.50910650643e-09, 6.42403963358e-10, 6.35724139997e-10, 2.09689354769e-09, 1.77835468573e-09, 6.63570920434e-10, 1.91738971922e-10, 8.72665203988e-11],
        "dvar2": [2.44906172402e-15, 1.78794801187e-09, 2.46281217642e-07, 6.55187750453e-06, 4.65811426693e-05, 4.60922638013e-05, 1.58620205184e-05, 1.10334476631e-05, 1.33310220463e-06, 3.68227262015e-07, 1.13210120389e-07, 8.62092264242e-08, 3.23052319118e-07, 3.85405769521e-08, 1.47701058495e-07, 3.83729172881e-08, 1.13420774994e-08, 1.34873559432e-07, 3.47185391547e-09, 3.46395290229e-09, 1.49919177073e-09, 1.21985477275e-09, 4.11423028979e-09, 3.50536533134e-09, 1.21195853353e-09, 3.67683716807e-10, 1.83735901493e-10],
        "max": [1.63757704286e-06, 0.00166365096811, 0.0133691262454, 0.0406502746046, 0.114816352725, 0.138604030013, 0.0744719579816, 0.0946332961321, 0.0352436713874, 0.0210561677814, 0.00971038267016, 0.00871505495161, 0.0186323449016, 0.0104706436396, 0.0173117686063, 0.00714457733557, 0.0040309112519, 0.0177454445511, 0.00170051818714, 0.00191213446669, 0.00125559058506, 0.00103782315273, 0.00255646673031, 0.00287908990867, 0.0019927599933, 0.000921596540138, 0.000882883381564],
        "mean": [6.47557341082e-09, 2.05059932341e-05, 0.00024652222055, 0.00100834830664, 0.00475776474923, 0.00405090861022, 0.00214045587927, 0.00169965962414, 0.000504735973664, 0.000250514072832, 0.000123823061585, 5.65322443435e-05, 9.48377783061e-05, 5.10786194354e-05, 6.41936348984e-05, 4.80549315398e-05, 3.52039387508e-05, 5.32296326128e-05, 2.03986692213e-05, 1.39053800012e-05, 8.67850940267e-06, 8.70559506438e-06, 1.07072792161e-05, 6.51019217912e-06, 3.65705409422e-06, 2.75225124824e-06, 6.36578306512e-07],
        "median": [1.60648716552e-09, 5.48232378605e-07, 1.73733678821e-05, 0.000160337760462, 0.00161885435227, 0.000951692811213, 0.000271827506367, 0.000121786360978, 3.85246530641e-05, 1.73170465132e-05, 1.26894674395e-05, 3.15825059261e-06, 5.11659436597e-06, 3.68712744603e-06, 6.09731614531e-06, 2.88125147563e-06, 2.69431461675e-06, 3.077652309e-06, 1.82297992524e-06, 1.23982749756e-06, 4.60388548618e-07, 3.31163647616e-07, 4.10483210089e-07, 2.54272208622e-07, 1.33295742444e-07, 1.6236398892e-07, 1.29110908631e-08],
        "min": [2.85754733942e-23, 1.94799797322e-23, 1.46264925025e-23, 2.59370010901e-24, 4.23711265473e-23, 3.01200504249e-23, 8.55497058736e-23, 2.06878377964e-23, 4.5149996371e-23, 4.35925514413e-23, 4.35999004695e-23, 8.56549840946e-23, 2.10991186335e-22, 1.86760509526e-22, 1.1084951009e-22, 2.17724903022e-22, 2.04342540408e-22, 1.60986858653e-22, 2.19056222551e-22, 2.15945990126e-22, 4.24241417866e-22, 5.423821358e-22, 3.96383344046e-22, 9.84571414059e-22, 1.36782119591e-21, 1.64851017435e-21, 2.58610283891e-21],
        "var": [4.83876147328e-16, 7.26261140116e-09, 4.20364671072e-07, 5.239197435e-06, 7.35851572244e-05, 7.37181544537e-05, 2.85500864265e-05, 1.96235796466e-05, 2.81184338746e-06, 8.82997710505e-07, 1.66798145074e-07, 1.06196829108e-07, 5.10922461672e-07, 7.06372702552e-08, 7.30709004415e-08, 4.50997461598e-08, 1.73335354958e-08, 5.10691755551e-08, 3.51474294114e-09, 2.73277467322e-09, 1.34737909718e-09, 1.79165593472e-09, 5.078729437e-09, 3.45266237822e-09, 1.3682655009e-09, 3.62569002599e-10, 1.04255777622e-10]
    },
    "erbbands": {
        "dmean": [4.85091550217e-05, 0.00266463612206, 0.0660727471113, 0.824180781841, 3.37100791931, 6.59982061386, 12.9740037918, 11.6348848343, 10.927740097, 16.8304252625, 12.06112957, 5.2879242897, 3.01739597321, 2.92186069489, 1.74189507961, 1.66676545143, 1.985704422, 1.36040973663, 1.57641899586, 1.68849444389, 1.16529488564, 0.852832496166, 1.39342236519, 0.897739589214, 0.521136283875, 0.352062761784, 0.191025316715, 0.186065167189, 0.153498589993, 0.203058734536, 0.16513107717, 0.100776687264, 0.055264160037, 0.026250269264, 0.016243994236, 0.00833138823509, 0.0026865741238, 0.000692461908329, 8.40063585201e-05, 6.22286188445e-06],
        "dmean2": [6.91842433298e-05, 0.00384359271266, 0.0972557067871, 1.20977056026, 5.17732667923, 9.76432228088, 18.7457027435, 18.5827522278, 15.6166591644, 23.768371582, 17.2782821655, 7.24780750275, 4.29753160477, 4.12069940567, 2.4674012661, 2.43677401543, 2.95600295067, 1.91990482807, 2.33231282234, 2.49569201469, 1.70218324661, 1.21989130974, 2.03861451149, 1.35978114605, 0.756290853024, 0.525895178318, 0.282479435205, 0.26876193285, 0.216115266085, 0.289928734303, 0.229955479503, 0.140886455774, 0.0784848555923, 0.0376896001399, 0.0224223490804, 0.0119191342965, 0.00372722488828, 0.000970715656877, 0.000124469195725, 9.17126362765e-06],
        "dvar": [3.03596756623e-08, 0.000124741723994, 0.053541932255, 6.2660984993, 68.3273620605, 439.47253418, 2007.10461426, 1017.15441895, 1659.61962891, 2945.02539062, 1945.98510742, 366.407196045, 168.254730225, 167.810516357, 37.2654533386, 100.215995789, 231.900863647, 55.1365127563, 49.7649726868, 206.709884644, 39.2049331665, 13.5003061295, 31.8734455109, 120.098556519, 4.32449817657, 2.58457660675, 0.618938207626, 1.72478413582, 0.832321286201, 1.32368612289, 2.00807285309, 1.02833664417, 0.404635757208, 0.103274479508, 0.0306840464473, 0.0061366269365, 0.00042998342542, 4.78673719044e-05, 2.93548760055e-06, 6.14158279788e-10],
        "dvar2": [6.04242984537e-08, 0.000263169989921, 0.124336093664, 13.8077440262, 164.815551758, 1013.13201904, 3993.828125, 2732.0949707, 3673.99145508, 5870.14306641, 3619.67285156, 647.963867188, 374.458251953, 301.165588379, 68.2637710571, 215.265823364, 550.880065918, 98.5578460693, 111.722610474, 550.288757324, 84.3005905151, 25.9180049896, 70.4930267334, 326.578491211, 9.04938316345, 5.90966939926, 1.41896760464, 4.16069316864, 1.75768828392, 2.32635474205, 4.07505464554, 2.1009721756, 0.847601592541, 0.200400009751, 0.0519292727113, 0.0115996170789, 0.000808032171335, 8.65089023137e-05, 6.67299946144e-06, 1.368704039e-09],
        "max": [0.00791006442159, 0.52267485857, 8.49583244324, 56.8383102417, 190.134857178, 636.053833008, 1306.12915039, 888.987304688, 1709.75256348, 1638.21496582, 2556.55883789, 1060.13012695, 391.848724365, 751.418884277, 232.832260132, 411.222595215, 717.581604004, 544.446350098, 288.798126221, 1137.27209473, 274.53338623, 159.529296875, 303.970550537, 901.018737793, 74.649269104, 81.5026245117, 38.1613998413, 77.5807952881, 40.5173301697, 66.3866271973, 79.83228302, 49.8774414062, 47.4941902161, 24.5327968597, 13.2957773209, 5.72483921051, 1.23722660542, 0.559726297855, 0.159428328276, 0.00187028269283],
        "mean": [0.00018769223243, 0.0101242335513, 0.212818458676, 1.86899209023, 8.13094234467, 16.1056308746, 36.0756645203, 26.0143070221, 24.6252441406, 44.0945396423, 31.6788902283, 13.150812149, 7.22064828873, 7.35724782944, 4.06914758682, 3.32287192345, 4.34139442444, 2.65969324112, 3.06758403778, 3.25130701065, 2.35605072975, 1.96148920059, 2.83953475952, 1.75127327442, 1.00012791157, 0.640675127506, 0.371118724346, 0.322394162416, 0.272474497557, 0.385662585497, 0.28934687376, 0.16948890686, 0.090372107923, 0.0418249815702, 0.0262671411037, 0.0137326288968, 0.00453832326457, 0.00110549118835, 0.000108988606371, 2.0188437702e-05],
        "median": [4.87949655508e-05, 0.00131716462784, 0.0342977419496, 0.47462528944, 3.49992036819, 3.87418889999, 4.36056470871, 8.35492229462, 5.80103492737, 4.90634918213, 2.59625935555, 1.43188524246, 0.768866658211, 0.634820818901, 0.539325892925, 0.226121649146, 0.307042658329, 0.215278893709, 0.314321130514, 0.271507680416, 0.154120966792, 0.163227587938, 0.185112118721, 0.132937759161, 0.0906118452549, 0.0600076243281, 0.0280383937061, 0.0123526193202, 0.0109407808632, 0.0145531632006, 0.0106039391831, 0.00616400595754, 0.00347119104117, 0.00153253797907, 0.00096246303292, 0.000709112035111, 0.000246337032877, 5.81036838412e-05, 7.38464405003e-06, 9.68094627751e-06],
        "min": [4.40422280319e-22, 5.53529717316e-21, 1.70282092275e-20, 1.20840836594e-20, 6.15777740285e-20, 1.82525454246e-19, 1.09762459964e-19, 3.95390807686e-19, 1.4341973857e-18, 5.65260385635e-19, 5.39960446215e-19, 8.70515364074e-19, 1.18974266383e-18, 1.31375595941e-18, 2.48465162317e-18, 4.41783806198e-18, 7.39402025746e-18, 9.62604637207e-18, 8.78931678652e-18, 6.84913653564e-18, 1.23915791664e-17, 1.19385414438e-17, 1.05036213091e-17, 9.51687011174e-18, 1.1781677394e-17, 8.42909865491e-18, 1.17900277823e-17, 2.03199233579e-17, 2.06663548703e-17, 1.55164425274e-17, 1.23408787851e-17, 1.79105149784e-17, 1.70908799074e-17, 1.46094836535e-17, 9.37662246606e-18, 5.70795485384e-18, 3.11399958452e-18, 1.33470854772e-18, 4.1413288506e-19, 3.60115890797e-20],
        "var": [2.201251732e-07, 0.000827688258141, 0.218582749367, 14.6096305847, 175.641265869, 1217.64025879, 11060.9345703, 2454.90161133, 3513.07446289, 14597.0576172, 8644.20214844, 1539.32702637, 668.684570312, 901.090637207, 140.488891602, 289.191314697, 919.043640137, 183.812698364, 114.449493408, 232.38873291, 102.314605713, 46.2425575256, 72.3259277344, 94.7582855225, 10.0366630554, 5.02393960953, 1.42660319805, 3.03397417068, 1.98755073547, 3.88639950752, 4.56545543671, 1.97768938541, 0.756737649441, 0.198604956269, 0.0642489790916, 0.0116328550503, 0.000835243205074, 8.27941476018e-05, 3.14597173201e-06, 1.47329859423e-09]
    },
    "gfcc": {
        "mean": [-194.203933716, 137.647109985, -94.5950622559, -8.1904296875, -67.7625045776, -34.7070121765, -58.1507606506, -13.95616436, -29.3336162567, -13.6536893845, -20.0208969116, -8.83182621002, -17.8350391388],
        "cov": [[20161.8535156, -1394.27172852, -2792.73681641, 201.758926392, -1856.74499512, -1000.39483643, -637.798461914, 224.663711548, -145.400665283, -183.453125, -82.974647522, 157.883773804, -120.598480225], [-1394.27172852, 3326.89135742, 70.225982666, -1035.89916992, 857.610412598, -20.3239765167, 205.457931519, -263.342376709, 88.5691070557, -126.791954041, 217.633850098, -326.581939697, 56.2546882629], [-2792.73681641, 70.225982666, 1090.60998535, 250.940689087, 230.171569824, 233.072875977, 30.7441234589, -40.9749717712, 14.8233470917, 10.6393604279, -5.61253356934, 16.8109092712, -18.5624198914], [201.758926392, -1035.89916992, 250.940689087, 885.067626953, -120.597442627, -36.0082435608, -163.11505127, 101.995956421, 52.5318145752, 11.4243030548, -113.21661377, 61.7163581848, -61.3574943542], [-1856.74499512, 857.610412598, 230.171569824, -120.597442627, 666.88269043, 97.8230743408, 49.7106742859, 4.81329631805, 70.8490447998, 8.90672492981, 29.4149875641, -137.66986084, -10.4632797241], [-1000.39483643, -20.3239765167, 233.072875977, -36.0082435608, 97.8230743408, 332.538330078, 117.074363708, -11.606672287, -24.5380115509, 46.6358070374, -2.32046961784, -9.24991226196, 0.510457992554], [-637.798461914, 205.457931519, 30.7441234589, -163.11505127, 49.7106742859, 117.074363708, 253.76234436, -17.2818031311, -50.588104248, 32.0300331116, 45.7174377441, -1.48582148552, 26.1745567322], [224.663711548, -263.342376709, -40.9749717712, 101.995956421, 4.81329631805, -11.606672287, -17.2818031311, 162.645904541, 15.6776914597, 3.08047819138, -18.0808105469, 15.4406747818, -25.7448253632], [-145.400665283, 88.5691070557, 14.8233470917, 52.5318145752, 70.8490447998, -24.5380115509, -50.588104248, 15.6776914597, 149.197799683, -0.210495576262, -22.2468662262, -11.1912288666, 1.16875219345], [-183.453125, -126.791954041, 10.6393604279, 11.4243030548, 8.90672492981, 46.6358070374, 32.0300331116, 3.08047819138, -0.210495576262, 106.025428772, -2.75150036812, -2.99672079086, 11.011259079], [-82.974647522, 217.633850098, -5.61253356934, -113.21661377, 29.4149875641, -2.32046961784, 45.7174377441, -18.0808105469, -22.2468662262, -2.75150036812, 121.344703674, -12.4782943726, -7.16948270798], [157.883773804, -326.581939697, 16.8109092712, 61.7163581848, -137.66986084, -9.24991226196, -1.48582148552, 15.4406747818, -11.1912288666, -2.99672079086, -12.4782943726, 133.248092651, 17.6861839294], [-120.598480225, 56.2546882629, -18.5624198914, -61.3574943542, -10.4632797241, 0.510457992554, 26.1745567322, -25.7448253632, 1.16875219345, 11.011259079, -7.16948270798, 17.6861839294, 92.6809082031]],
        "icov": [[0.000123894336866, -0.000144498204463, 0.000275863189017, -0.000146132791997, 0.000367563130567, -2.75894326478e-05, 0.000246251438512, -0.000211406499147, 0.000156131936819, -7.28953818907e-05, 3.48968460457e-05, -6.72287060297e-05, 0.00014302591444], [-0.000144498204463, 0.00151701120194, -0.000538284890354, 0.00124875456095, -0.00155791128054, 0.000728195474949, -0.000861573556904, 0.00150791753549, -0.00100684713107, 0.00157944031525, -0.000751440646127, 0.00157457287423, -0.000441162788775], [0.000275863189017, -0.000538284890354, 0.00205945922062, -0.00108068133704, 0.000394095201045, -0.00110729841981, 0.000709085550625, 4.12405206589e-05, 0.000525515817571, -9.82533747447e-05, -0.000129313615616, -0.00110190862324, 0.000449822982773], [-0.000146132791997, 0.00124875456095, -0.00108068133704, 0.00288265687414, -0.000953844399191, 0.000862041139044, -4.10782995459e-05, 0.00037617093767, -0.00109589018393, 0.000725335208699, 0.000566205300856, 0.00097172264941, 0.000533523445483], [0.000367563130567, -0.00155791128054, 0.000394095201045, -0.000953844399191, 0.00449799187481, -0.000882282911334, 0.000936989672482, -0.00236753071658, -7.34140712666e-07, -0.00137866090517, 0.000456029199995, 0.000957192562055, 0.000478161528008], [-2.75894326478e-05, 0.000728195474949, -0.00110729841981, 0.000862041139044, -0.000882282911334, 0.0050015677698, -0.00216852221638, 0.00064624613151, -4.15776921727e-05, -0.000656390038785, 0.000748727237806, 0.000879358325619, 0.000504436146002], [0.000246251438512, -0.000861573556904, 0.000709085550625, -4.10782995459e-05, 0.000936989672482, -0.00216852221638, 0.00680236425251, -0.00129960803315, 0.00207116943784, -0.00178585806862, -0.00116146774963, -0.00129020621534, -0.000863754888996], [-0.000211406499147, 0.00150791753549, 4.12405206589e-05, 0.00037617093767, -0.00236753071658, 0.00064624613151, -0.00129960803315, 0.00896039698273, -0.00143367319833, 0.00127501634415, -0.000230343546718, 2.92836404014e-07, 0.00150086637586], [0.000156131936819, -0.00100684713107, 0.000525515817571, -0.00109589018393, -7.34140712666e-07, -4.15776921727e-05, 0.00207116943784, -0.00143367319833, 0.00874968711287, -0.00137100811116, 0.00135112192947, -0.00114028935786, -0.000414331589127], [-7.28953818907e-05, 0.00157944031525, -9.82533747447e-05, 0.000725335208699, -0.00137866090517, -0.000656390038785, -0.00178585806862, 0.00127501634415, -0.00137100811116, 0.012264023535, -0.000869185198098, 0.00231925747357, -0.0018361127004], [3.48968460457e-05, -0.000751440646127, -0.000129313615616, 0.000566205300856, 0.000456029199995, 0.000748727237806, -0.00116146774963, -0.000230343546718, 0.00135112192947, -0.000869185198098, 0.0107203153893, -0.000790018879343, 0.00222812313586], [-6.72287060297e-05, 0.00157457287423, -0.00110190862324, 0.00097172264941, 0.000957192562055, 0.000879358325619, -0.00129020621534, 2.92836404014e-07, -0.00114028935786, 0.00231925747357, -0.000790018879343, 0.0124284317717, -0.00284689245746], [0.00014302591444, -0.000441162788775, 0.000449822982773, 0.000533523445483, 0.000478161528008, 0.000504436146002, -0.000863754888996, 0.00150086637586, -0.000414331589127, -0.0018361127004, 0.00222812313586, -0.00284689245746, 0.0133379418403]]
    },
    "melbands": {
        "dmean": [8.09862171991e-07, 2.23373554036e-05, 0.000213284729398, 0.000340689352015, 0.000421530392487, 0.000270214863122, 0.000164760829648, 0.000177321329829, 8.9809014753e-05, 2.92852855637e-05, 1.4894357264e-05, 1.22051997096e-05, 7.42621114114e-06, 3.84115082852e-06, 6.06382991464e-06, 2.76736568594e-06, 2.78843572232e-06, 2.61174841398e-06, 2.28184308071e-06, 2.3101467832e-06, 1.3287622096e-06, 9.014885336e-07, 1.15842260584e-06, 1.52043912749e-06, 7.22408231013e-07, 4.06133864317e-07, 3.82522841846e-07, 2.18961375253e-07, 1.32918401619e-07, 1.24814746982e-07, 1.07776436664e-07, 8.54397086414e-08, 1.13358723297e-07, 1.19366134754e-07, 9.95707623019e-08, 9.58314743116e-08, 5.13560713955e-08, 4.01594242305e-08, 3.36679057966e-08, 2.01505923059e-08],
        "dmean2": [1.15518560051e-06, 3.30535003741e-05, 0.000321167288348, 0.000512080208864, 0.000616261153482, 0.000424312544055, 0.000233037600992, 0.00025322943111, 0.000129565043608, 3.97870135203e-05, 2.11549704545e-05, 1.70789480762e-05, 1.04939399534e-05, 5.49268725081e-06, 8.90149931365e-06, 4.08615778724e-06, 3.9842411752e-06, 3.8595476326e-06, 3.48166008735e-06, 3.41113150171e-06, 1.96527389562e-06, 1.32815159759e-06, 1.69208544776e-06, 2.27854707191e-06, 1.11619863219e-06, 6.00764224146e-07, 5.74808098008e-07, 3.37071128342e-07, 2.03179482128e-07, 1.85699917665e-07, 1.6029865435e-07, 1.24781763589e-07, 1.63171009149e-07, 1.73627171307e-07, 1.40684207395e-07, 1.41347669569e-07, 7.14669994295e-08, 5.80492951485e-08, 5.16804909978e-08, 2.94706232751e-08],
        "dvar": [2.01327982063e-11, 7.53180096069e-09, 3.59903111757e-07, 9.06980289983e-07, 1.75039406258e-06, 5.16456907462e-07, 3.24912235783e-07, 3.27145272649e-07, 1.07512633463e-07, 1.14403011509e-08, 4.10389366934e-09, 3.00307934076e-09, 6.46496689516e-10, 6.04227945455e-10, 2.08586548034e-09, 3.2769711944e-10, 2.6547927745e-10, 1.37513278542e-10, 2.81734524599e-10, 2.03136188426e-10, 5.93579976838e-11, 1.55195890861e-11, 2.39885594028e-11, 9.25155646536e-11, 8.69644078971e-11, 3.09136743981e-12, 3.627512353e-12, 8.82113284327e-13, 4.05906590891e-13, 4.12610917655e-13, 6.05545832661e-13, 3.05665947197e-13, 3.50722950031e-13, 5.10466343674e-13, 6.48207182374e-13, 1.05198044286e-12, 2.1240040976e-13, 1.51170823906e-13, 2.96512407726e-13, 4.4720151383e-14],
        "dvar2": [3.81819020845e-11, 1.75700876071e-08, 8.55993505411e-07, 2.05303808798e-06, 3.60546414413e-06, 1.35519530886e-06, 7.05911702426e-07, 6.62301260945e-07, 2.04571833251e-07, 1.99697556269e-08, 9.07340780287e-09, 5.30388755138e-09, 1.19565146672e-09, 1.25885146751e-09, 4.50106885097e-09, 7.69809327394e-10, 4.75652628396e-10, 3.10251158098e-10, 7.42719552527e-10, 4.77748840488e-10, 1.23546645137e-10, 3.10287837091e-11, 4.79562084488e-11, 2.27071306202e-10, 2.38617570147e-10, 7.32596362046e-12, 8.1043461872e-12, 2.07175075706e-12, 1.02579457515e-12, 9.85432655615e-13, 1.44552241271e-12, 6.70051904586e-13, 7.06158330595e-13, 9.73773253872e-13, 1.25948969136e-12, 2.51037428692e-12, 3.74916542039e-13, 2.86277837373e-13, 6.99872505869e-13, 8.18556309431e-14],
        "max": [0.000240332039539, 0.00332449516281, 0.0162161011249, 0.0270763002336, 0.037933010608, 0.0212521012872, 0.0224414877594, 0.0187320075929, 0.0186886470765, 0.00583072984591, 0.00196653651074, 0.00333846430294, 0.000786722870544, 0.0011762677459, 0.00227361358702, 0.00093846314121, 0.0012508406071, 0.000380379904527, 0.00127418374177, 0.000791649858002, 0.000442204705905, 0.000164917160873, 0.000282323366264, 0.000718011404388, 0.000759431393817, 9.58182135946e-05, 9.77143572527e-05, 3.65594751202e-05, 3.64488405467e-05, 2.74065405392e-05, 4.18094750785e-05, 2.43360154855e-05, 3.44660948031e-05, 3.27495545207e-05, 5.09106685058e-05, 5.56277082069e-05, 2.55340182775e-05, 2.34569160966e-05, 4.40486437583e-05, 1.40381416713e-05],
        "mean": [3.03768388221e-06, 7.19188028597e-05, 0.000493149796966, 0.000848842260893, 0.00116859481204, 0.000633486255538, 0.000386266998248, 0.00045865093125, 0.000233411599766, 6.68542779749e-05, 3.41664017469e-05, 2.99946386804e-05, 1.60413692356e-05, 6.99189331499e-06, 1.20468184832e-05, 6.00772227699e-06, 4.99473571836e-06, 4.82008226754e-06, 4.19138950747e-06, 4.13790894527e-06, 2.45382534558e-06, 1.86827901416e-06, 2.28007002079e-06, 2.82383780359e-06, 1.25307531107e-06, 7.22795675756e-07, 6.48914806334e-07, 3.66844062683e-07, 2.29304092159e-07, 2.16349164361e-07, 1.70329556681e-07, 1.37150095725e-07, 1.97758410536e-07, 2.14853244529e-07, 1.70659603782e-07, 1.43003830999e-07, 8.60585345208e-08, 6.60402008634e-08, 4.80785402601e-08, 3.10901633327e-08],
        "median": [9.10302304646e-08, 5.7393390307e-06, 0.000162195428857, 0.000322173000313, 0.000175742898136, 0.000191668441403, 7.01405733707e-05, 4.43888311565e-05, 1.60381805472e-05, 6.04882279731e-06, 2.76925629805e-06, 2.24307314056e-06, 1.85603664704e-06, 4.66928042897e-07, 5.98226961301e-07, 4.81911342831e-07, 3.12793531521e-07, 4.48204104941e-07, 4.47722214858e-07, 2.5008083071e-07, 1.47944462014e-07, 1.46239116816e-07, 1.58351397772e-07, 1.42134965131e-07, 8.86954012458e-08, 5.80818593221e-08, 5.02004837699e-08, 2.59212455944e-08, 1.3949327915e-08, 1.09213669219e-08, 4.27827551164e-09, 4.49580905837e-09, 6.54659171317e-09, 7.45543271563e-09, 5.72711655877e-09, 3.36775496379e-09, 3.01243940903e-09, 2.21233564801e-09, 1.18133003379e-09, 9.32989463465e-10],
        "min": [7.06812192444e-24, 8.32504555916e-24, 2.83223606675e-24, 9.66211588414e-24, 4.67683090193e-24, 7.98312089954e-24, 2.08617847814e-23, 5.48196245775e-24, 5.21338174637e-24, 5.59481216569e-24, 6.14627997541e-24, 5.5020338402e-24, 7.05046248421e-24, 1.19106282104e-23, 1.49979166156e-23, 1.7319322845e-23, 1.8333174769e-23, 1.57325890876e-23, 8.09817468485e-24, 1.0218729828e-23, 1.65750562467e-23, 1.24770989712e-23, 1.15188309755e-23, 6.09932855205e-24, 7.8465477776e-24, 8.22362486802e-24, 8.09066630675e-24, 5.28680970829e-24, 7.16522675757e-24, 6.37959544889e-24, 1.36835497075e-23, 1.10481224065e-23, 1.17702819667e-23, 7.09731766654e-24, 6.23269140454e-24, 9.57145367802e-24, 1.16367917132e-23, 1.10155164187e-23, 1.40167613984e-23, 1.20517712036e-23],
        "var": [1.61942612098e-10, 3.12826848869e-08, 7.961525057e-07, 2.39073870034e-06, 9.3147800726e-06, 1.42342253184e-06, 8.07099297617e-07, 1.44719956552e-06, 5.01821773469e-07, 4.6087581751e-08, 1.67419784702e-08, 1.68598202066e-08, 2.31820207475e-09, 1.56465351786e-09, 7.01465729946e-09, 1.31148059079e-09, 8.61974103206e-10, 3.19143517169e-10, 3.25615451269e-10, 3.50887430223e-10, 1.45480710811e-10, 4.76506473168e-11, 6.03982905356e-11, 1.27085508783e-10, 6.44771111502e-11, 5.97777036204e-12, 6.82279536687e-12, 1.66612849819e-12, 6.40555696593e-13, 8.55422232614e-13, 1.05902548016e-12, 6.33337566419e-13, 9.11634591601e-13, 1.33681423136e-12, 1.65096647291e-12, 1.62132319289e-12, 4.71106769047e-13, 3.25351751833e-13, 4.38944968697e-13, 8.84560301525e-14]
    },
    "mfcc": {
        "mean": [-836.533447266, 163.004760742, 15.1988296509, 13.2481689453, -7.28617286682, -24.8797683716, -29.3596382141, -18.1613864899, -24.0852413177, -12.5089235306, -15.4311323166, -16.0340309143, -12.0311260223],
        "cov": [[12098.0732422, 1100.83520508, -2353.56860352, -158.832183838, -936.574707031, -1016.13244629, -860.395080566, -18.2634029388, -513.357971191, 21.345621109, -200.110458374, -133.966094971, -84.6044616699], [1100.83520508, 2807.3684082, -244.809082031, -575.526062012, 120.281143188, -88.0412902832, 70.0975265503, -143.866226196, -125.230880737, 25.38422966, 11.0913887024, -69.8489456177, -3.04957103729], [-2353.56860352, -244.809082031, 1098.65881348, 109.976203918, 176.715682983, 334.791351318, 156.528182983, 12.4332437515, 112.605461121, -52.1791305542, 0.919680416584, 66.0676345825, 36.448928833], [-158.832183838, -575.526062012, 109.976203918, 597.508605957, 198.932754517, -53.6332740784, -93.9305419922, 55.7728729248, 25.1385993958, 20.8460273743, -28.5996398926, 8.46819972992, 35.01770401], [-936.574707031, 120.281143188, 176.715682983, 198.932754517, 509.887481689, 97.6801452637, 28.2360877991, 17.6381511688, 79.4135284424, 107.971740723, 19.3048534393, -4.92442512512, 24.7168903351], [-1016.13244629, -88.0412902832, 334.791351318, -53.6332740784, 97.6801452637, 356.664123535, 176.425888062, 3.64111852646, 123.628936768, 37.7641525269, 64.3923416138, 40.2241821289, 1.76284098625], [-860.395080566, 70.0975265503, 156.528182983, -93.9305419922, 28.2360877991, 176.425888062, 361.894683838, 29.357509613, 51.291229248, 41.9750747681, 82.5724411011, 36.0028915405, 0.451280385256], [-18.2634029388, -143.866226196, 12.4332437515, 55.7728729248, 17.6381511688, 3.64111852646, 29.357509613, 151.35093689, 34.5590133667, 11.8252840042, 13.4005041122, 24.3059997559, 26.3987998962], [-513.357971191, -125.230880737, 112.605461121, 25.1385993958, 79.4135284424, 123.628936768, 51.291229248, 34.5590133667, 199.519943237, 47.7194900513, 22.8841648102, 37.5194549561, 9.57152080536], [21.345621109, 25.38422966, -52.1791305542, 20.8460273743, 107.971740723, 37.7641525269, 41.9750747681, 11.8252840042, 47.7194900513, 160.729888916, 35.7716903687, -5.95011901855, 3.80910110474], [-200.110458374, 11.0913887024, 0.919680416584, -28.5996398926, 19.3048534393, 64.3923416138, 82.5724411011, 13.4005041122, 22.8841648102, 35.7716903687, 122.386672974, 22.8674411774, -6.06223917007], [-133.966094971, -69.8489456177, 66.0676345825, 8.46819972992, -4.92442512512, 40.2241821289, 36.0028915405, 24.3059997559, 37.5194549561, -5.95011901855, 22.8674411774, 112.270942688, 32.9113121033], [-84.6044616699, -3.04957103729, 36.448928833, 35.01770401, 24.7168903351, 1.76284098625, 0.451280385256, 26.3987998962, 9.57152080536, 3.80910110474, -6.06223917007, 32.9113121033, 106.659332275]],
