{
"lowlevel": {
    "average_loudness": 0.917642951012,
    "barkbands_crest": {
        "dmean": 2.54896306992,
        "dmean2": 4.16009569168,
        "dvar": 5.67057037354,
        "dvar2": 14.8370466232,
        "max": 24.1803684235,
        "mean": 11.6312913895,
        "median": 11.0690174103,
        "min": 3.10622668266,
        "var": 16.3174533844
    },
    "barkbands_flatness_db": {
        "dmean": 0.0210076030344,
        "dmean2": 0.0324766971171,
        "dvar": 0.000465806107968,
        "dvar2": 0.00103927636519,
        "max": 0.651322603226,
        "mean": 0.199515670538,
        "median": 0.184290602803,
        "min": 0.0395404621959,
        "var": 0.00603098608553
    },
    "barkbands_kurtosis": {
        "dmean": 1.82981991768,
        "dmean2": 3.00537514687,
        "dvar": 6.83738946915,
        "dvar2": 19.3941707611,
        "max": 50.4022293091,
        "mean": 2.8290784359,
        "median": 1.73891425133,
        "min": -1.75348973274,
        "var": 15.1077051163
    },
    "barkbands_skewness": {
        "dmean": 0.442098975182,
        "dmean2": 0.704633176327,
        "dvar": 0.1986156106,
        "dvar2": 0.513149917126,
        "max": 6.10478162766,
        "mean": 1.18406498432,
        "median": 1.10353803635,
        "min": -1.93693482876,
        "var": 0.879245877266
    },
    "barkbands_spread": {
        "dmean": 2.68418455124,
        "dmean2": 4.37319326401,
        "dvar": 8.58274841309,
        "dvar2": 21.9675617218,
        "max": 79.9058532715,
        "mean": 13.2492847443,
        "median": 12.2780838013,
        "min": 1.3281134367,
        "var": 44.0788116455
    },
    "dissonance": {
        "dmean": 0.0272969696671,
        "dmean2": 0.0462404936552,
        "dvar": 0.000723306031432,
        "dvar2": 0.00195145618636,
        "max": 0.499999970198,
        "mean": 0.441089868546,
        "median": 0.451792657375,
        "min": 0.178838357329,
        "var": 0.00181820453145
    },
    "dynamic_complexity": 2.87694692612,
    "erbbands_crest": {
        "dmean": 2.86594629288,
        "dmean2": 4.61824226379,
        "dvar": 8.15601730347,
        "dvar2": 20.061378479,
        "max": 32.6882095337,
        "mean": 11.9990949631,
        "median": 11.1578426361,
        "min": 2.74695014954,
        "var": 23.6368923187
    },
    "erbbands_flatness_db": {
        "dmean": 0.0209238678217,
        "dmean2": 0.0309756547213,
        "dvar": 0.000573537603486,
        "dvar2": 0.00111591361929,
        "max": 0.495288223028,
        "mean": 0.222760379314,
        "median": 0.21066391468,
        "min": 0.0507584251463,
        "var": 0.00648920051754
    },
    "erbbands_kurtosis": {
        "dmean": 1.05941343307,
        "dmean2": 1.66338431835,
        "dvar": 2.1222884655,
        "dvar2": 5.00505971909,
        "max": 39.2492027283,
        "mean": 1.41456782818,
        "median": 0.699211359024,
        "min": -1.70716428757,
        "var": 6.52520895004
    },
    "erbbands_skewness": {
        "dmean": 0.307447642088,
        "dmean2": 0.481802284718,
        "dvar": 0.0814584419131,
        "dvar2": 0.195463463664,
        "max": 3.37098360062,
        "mean": 0.505780041218,
        "median": 0.511647105217,
        "min": -2.65087890625,
        "var": 0.415014088154
    },
    "erbbands_spread": {
        "dmean": 4.37929344177,
        "dmean2": 6.89661026001,
        "dvar": 24.536026001,
        "dvar2": 60.3067550659,
        "max": 90.6696929932,
        "mean": 21.984872818,
        "median": 19.6490478516,
        "min": 2.1784286499,
        "var": 147.129699707
    },
    "hfc": {
        "dmean": 5.47495508194,
        "dmean2": 8.68762969971,
        "dvar": 74.5003356934,
        "dvar2": 186.507171631,
        "max": 105.811416626,
        "mean": 20.3366832733,
        "median": 18.4256706238,
        "min": 1.24701884561e-16,
        "var": 188.673065186
    },
    "melbands_crest": {
        "dmean": 2.85205292702,
        "dmean2": 4.64107847214,
        "dvar": 7.048432827,
        "dvar2": 17.9593067169,
        "max": 31.94282341,
        "mean": 14.5963373184,
        "median": 13.9995956421,
        "min": 3.07187056541,
        "var": 25.1695804596
    },
    "melbands_flatness_db": {
        "dmean": 0.0220058131963,
        "dmean2": 0.0343475490808,
        "dvar": 0.000502852199133,
        "dvar2": 0.00116670038551,
        "max": 0.837058842182,
        "mean": 0.284387856722,
        "median": 0.267142474651,
        "min": 0.00861705653369,
        "var": 0.00845842529088
    },
    "melbands_kurtosis": {
        "dmean": 3.33490514755,
        "dmean2": 5.53316926956,
        "dvar": 27.7234573364,
        "dvar2": 77.9538726807,
        "max": 90.3923110962,
        "mean": 6.04645490646,
        "median": 3.61069917679,
        "min": -1.80125308037,
        "var": 60.3807563782
    },
    "melbands_skewness": {
        "dmean": 0.527914762497,
        "dmean2": 0.844575345516,
        "dvar": 0.31923738122,
        "dvar2": 0.840425372124,
        "max": 8.14665126801,
        "mean": 1.69204449654,
        "median": 1.54250442982,
        "min": -1.74219846725,
        "var": 1.49266850948
    },
    "melbands_spread": {
        "dmean": 3.38071393967,
        "dmean2": 5.47130298615,
        "dvar": 13.8807096481,
        "dvar2": 33.048500061,
        "max": 154.257797241,
        "mean": 15.1136255264,
        "median": 14.062669754,
        "min": 1.43152785301,
        "var": 51.9948539734
    },
    "pitch_salience": {
        "dmean": 0.0631304681301,
        "dmean2": 0.102748662233,
        "dvar": 0.00381168792956,
        "dvar2": 0.00967641733587,
        "max": 0.960538566113,
        "mean": 0.484328627586,
        "median": 0.483876228333,
        "min": 0.159784033895,
        "var": 0.0102490726858
    },
    "silence_rate_20dB": {
        "dmean": 0,
        "dmean2": 0,
        "dvar": 0,
        "dvar2": 0,
        "max": 1,
        "mean": 1,
        "median": 1,
        "min": 1,
        "var": 0
    },
    "silence_rate_30dB": {
        "dmean": 0.0234528575093,
        "dmean2": 0.0469088926911,
        "dvar": 0.0229022614658,
        "dvar2": 0.0594840794802,
        "max": 1,
        "mean": 0.980818748474,
        "median": 1,
        "min": 0,
        "var": 0.0188122745603
    },
    "silence_rate_60dB": {
        "dmean": 0.00447366619483,
        "dmean2": 0.00894793961197,
        "dvar": 0.00445288280025,
        "dvar2": 0.0102234734222,
        "max": 1,
        "mean": 0.0570692680776,
        "median": 0,
        "min": 0,
        "var": 0.0538092888892
    },
    "spectral_centroid": {
        "dmean": 110.209465027,
        "dmean2": 175.259902954,
        "dvar": 25414.0566406,
        "dvar2": 47944.8515625,
        "max": 11484.4033203,
        "mean": 888.942565918,
        "median": 810.599609375,
        "min": 195.110748291,
        "var": 131214.03125
    },
    "spectral_complexity": {
        "dmean": 2.42879414558,
        "dmean2": 3.91946864128,
        "dvar": 9.54410743713,
        "dvar2": 21.857421875,
        "max": 51,
        "mean": 17.1834754944,
        "median": 17,
        "min": 0,
        "var": 48.8062934875
    },
    "spectral_decrease": {
        "dmean": 3.27556981539e-09,
        "dmean2": 5.45078293612e-09,
        "dvar": 2.30038977982e-17,
        "dvar2": 6.37829705917e-17,
        "max": 5.01620581356e-29,
        "mean": -1.10593187941e-08,
        "median": -9.33535204695e-09,
        "min": -5.16492981717e-08,
        "var": 5.85678218227e-17
    },
    "spectral_energy": {
        "dmean": 0.0127391079441,
        "dmean2": 0.0211768690497,
        "dvar": 0.000343159394106,
        "dvar2": 0.000947629043367,
        "max": 0.198723003268,
        "mean": 0.0435851588845,
        "median": 0.0372617021203,
        "min": 1.11215071515e-20,
        "var": 0.000887096102815
    },
    "spectral_energyband_high": {
        "dmean": 0.000133346373332,
        "dmean2": 0.000214729079744,
        "dvar": 1.09128542647e-07,
        "dvar2": 2.7366823474e-07,
        "max": 0.00467288354412,
        "mean": 0.000283323141048,
        "median": 6.48987261229e-05,
        "min": 7.68979166834e-21,
        "var": 2.33090148072e-07
    },
    "spectral_energyband_low": {
        "dmean": 0.00961446668953,
        "dmean2": 0.0160722639412,
        "dvar": 0.000274880119832,
        "dvar2": 0.000775175984018,
        "max": 0.155321270227,
        "mean": 0.0196546912193,
        "median": 0.00772686768323,
        "min": 1.02124645369e-22,
        "var": 0.000557527586352
    },
    "spectral_energyband_middle_high": {
        "dmean": 0.00255214469507,
        "dmean2": 0.00396971730515,
        "dvar": 1.57815557031e-05,
        "dvar2": 3.72992726625e-05,
        "max": 0.0654691457748,
        "mean": 0.00709960283712,
        "median": 0.0054355096072,
        "min": 1.41150465253e-21,
        "var": 4.55392073491e-05
    },
    "spectral_energyband_middle_low": {
        "dmean": 0.00529942009598,
        "dmean2": 0.00865142606199,
        "dvar": 5.63155954296e-05,
        "dvar2": 0.000148810417159,
        "max": 0.101037025452,
        "mean": 0.0177394971251,
        "median": 0.0160706453025,
        "min": 4.67694097958e-22,
        "var": 0.000137553099194
    },
    "spectral_entropy": {
        "dmean": 0.160872861743,
        "dmean2": 0.245437756181,
        "dvar": 0.0398317687213,
        "dvar2": 0.0836846455932,
        "max": 9.7876701355,
        "mean": 6.84380912781,
        "median": 6.91879081726,
        "min": 4.57405996323,
        "var": 0.356739163399
    },
    "spectral_flux": {
        "dmean": 0.0283401105553,
        "dmean2": 0.0452991984785,
        "dvar": 0.0013622182887,
        "dvar2": 0.00269511318766,
        "max": 0.366175979376,
        "mean": 0.0817508175969,
        "median": 0.0698254555464,
        "min": 1.05458558552e-10,
        "var": 0.00298341177404
    },
    "spectral_kurtosis": {
        "dmean": 8.6478509903,
        "dmean2": 14.8056221008,
        "dvar": 604.52532959,
        "dvar2": 1771.80200195,
        "max": 991.149291992,
        "mean": 24.4661998749,
        "median": 8.5708398819,
        "min": -1.24604344368,
        "var": 4578.75390625
    },
    "spectral_rms": {
        "dmean": 0.000865244888701,
        "dmean2": 0.00140655087307,
        "dvar": 1.12508917027e-06,
        "dvar2": 2.94379674415e-06,
        "max": 0.0139239393175,
        "mean": 0.00606156699359,
        "median": 0.00602933485061,
        "min": 3.2939718661e-12,
        "var": 5.77946502744e-06
    },
    "spectral_rolloff": {
        "dmean": 170.206665039,
        "dmean2": 294.503967285,
        "dvar": 95305.8046875,
        "dvar2": 195745.375,
        "max": 19552.1484375,
        "mean": 841.236694336,
        "median": 796.728515625,
        "min": 64.599609375,
        "var": 437451.15625
    },
    "spectral_skewness": {
        "dmean": 0.51097214222,
        "dmean2": 0.867213249207,
        "dvar": 0.605824768543,
        "dvar2": 1.75246369839,
        "max": 24.7624168396,
        "mean": 2.81846761703,
        "median": 2.20950698853,
        "min": -0.0507566854358,
        "var": 5.61749696732
    },
    "spectral_spread": {
        "dmean": 412504.03125,
        "dmean2": 618904,
        "dvar": 443710570496,
        "dvar2": 741945507840,
        "max": 41729224,
        "mean": 3030600.75,
        "median": 2766899,
        "min": 102063.085938,
        "var": 2.5281340375e+12
    },
    "spectral_strongpeak": {
        "dmean": 0.509653806686,
        "dmean2": 0.870713174343,
        "dvar": 0.756842255592,
        "dvar2": 1.85550022125,
        "max": 9.80090236664,
        "mean": 1.14499163628,
        "median": 0.647949934006,
        "min": 0,
        "var": 1.43297576904
    },
    "zerocrossingrate": {
        "dmean": 0.00457272585481,
        "dmean2": 0.00582379335538,
        "dvar": 3.23041895172e-05,
        "dvar2": 4.26236838393e-05,
        "max": 0.50634765625,
        "mean": 0.0342590175569,
        "median": 0.03271484375,
        "min": 0.00341796875,
        "var": 0.000320134015055
    },
    "barkbands": {
        "dmean": [0.000196781373234, 0.00781558826566, 0.00274566677399, 0.00121237640269, 0.00131639302708, 0.00195332546718, 0.00135581346694, 0.0005911544431, 0.00104250898585, 0.00149125035387, 0.000727591686882, 0.000445504963864, 0.000358546385542, 0.000379804259865, 0.000341031438438, 0.000121646960906, 0.00014721241314, 0.000118390948046, 6.94094778737e-05, 5.0115158956e-05, 3.86562278436e-05, 1.67620655702e-05, 1.47664013639e-05, 1.23400059238e-05, 1.43420793393e-05, 1.84327873285e-05, 1.60425970535e-05],
        "dmean2": [0.000307014735881, 0.0129310786724, 0.00492720678449, 0.00215980224311, 0.00226499838755, 0.00336242467165, 0.00197253422812, 0.000951259746216, 0.00145825382788, 0.00233439588919, 0.00106702931225, 0.000682281504851, 0.00055302697001, 0.000598067825194, 0.000551885343157, 0.000206488795811, 0.000249220989645, 0.000199685731786, 0.000115842070954, 8.19143388071e-05, 6.39596473775e-05, 2.83314329863e-05, 2.44177281274e-05, 1.9884428184e-05, 2.30229488807e-05, 2.94933743135e-05, 2.62235625996e-05],
        "dvar": [1.93643813873e-07, 0.000157954767928, 6.1233775341e-05, 1.11621566248e-05, 6.50581478112e-06, 9.78601383395e-06, 5.77161517867e-06, 1.65394112628e-06, 4.67447534902e-06, 6.30789054412e-06, 3.7456991322e-06, 1.59038938818e-06, 8.5339860334e-07, 7.59905560699e-07, 5.94893435846e-07, 1.13113422628e-07, 1.05766851277e-07, 7.59018519148e-08, 2.31885337598e-08, 1.41076403892e-08, 1.33037332262e-08, 1.6462764485e-09, 1.27309585096e-09, 1.20154597383e-09, 1.92000704224e-09, 3.40426731249e-09, 2.69548294796e-09],
        "dvar2": [4.73035100867e-07, 0.000442250602646, 0.000174561908352, 3.18630336551e-05, 1.78617847268e-05, 3.06876572722e-05, 1.27837465698e-05, 4.19464686274e-06, 9.02854571905e-06, 1.55070629262e-05, 7.37123991712e-06, 3.08088851853e-06, 1.75400668923e-06, 1.77764923137e-06, 1.52740221893e-06, 3.15894482128e-07, 2.80400314523e-07, 2.15505224332e-07, 6.17023587779e-08, 3.6770419598e-08, 3.27112310572e-08, 4.51432091708e-09, 3.28087335077e-09, 3.10717473972e-09, 4.55409976396e-09, 8.3878850532e-09, 6.35340402511e-09],
        "max": [0.00610289024189, 0.138264000416, 0.0969309583306, 0.0539540946484, 0.0381890386343, 0.0549263954163, 0.0570455417037, 0.0219916217029, 0.0797909200191, 0.0512270964682, 0.0563792362809, 0.0390840470791, 0.0319185256958, 0.0219855513424, 0.0143519705161, 0.0103300744668, 0.00871237367392, 0.00708006182685, 0.00250623212196, 0.00300141773187, 0.00365546927787, 0.000579159357585, 0.000565037480555, 0.000438027549535, 0.000553017249331, 0.000631040718872, 0.000551762699615],
        "mean": [0.000371628993889, 0.0156748089939, 0.00291498121805, 0.00128723413218, 0.00258587766439, 0.00462138233706, 0.00440799258649, 0.00114957324695, 0.00250429240987, 0.00272913579829, 0.00153952371329, 0.000797509914264, 0.000695371592883, 0.000625727698207, 0.000507850549184, 0.000178723508725, 0.000246640585829, 0.000218241970288, 0.000165307807038, 0.000123649297166, 9.40687023103e-05, 3.40617552865e-05, 3.09247916448e-05, 2.09195914067e-05, 2.41393099714e-05, 2.11717833736e-05, 1.44715068018e-05],
        "median": [2.51936180575e-05, 0.00503299105912, 0.00119040103164, 0.000505732255988, 0.00119380280375, 0.00250535807572, 0.00280339736491, 0.00045424856944, 0.000693127745762, 0.00123802083544, 0.000293312303256, 0.000283855450107, 0.00027035549283, 0.000249275879469, 0.000136934948387, 7.6440112025e-05, 0.000126132392325, 8.03979419288e-05, 5.74751429667e-05, 2.38202865148e-05, 1.57192262122e-05, 1.20304212032e-05, 6.30688464298e-06, 3.41159147865e-06, 1.24607231555e-06, 3.35396123319e-07, 1.41966722822e-07],
        "min": [1.84199952225e-23, 1.39060100605e-23, 6.29991891974e-23, 3.14455765594e-23, 1.76689292743e-22, 9.48269246892e-23, 4.90187690432e-23, 4.07259697512e-23, 4.70714374996e-23, 9.50770503941e-23, 6.95273224216e-23, 5.61212561152e-23, 7.92562871677e-23, 1.51208277711e-22, 2.11499932199e-22, 1.21823966298e-22, 1.0198951034e-22, 2.0485753405e-22, 1.97942997822e-22, 2.83097238257e-22, 4.88657704172e-22, 5.92304232621e-22, 7.34045497894e-22, 1.08382399989e-21, 1.185681619e-21, 1.23964919649e-21, 2.4009712956e-21],
        "var": [4.60833632587e-07, 0.000395827024477, 4.28507883043e-05, 8.36005983729e-06, 1.48294047904e-05, 2.98899358313e-05, 2.32308975683e-05, 3.86405736208e-06, 2.10177495319e-05, 1.44394807648e-05, 1.45502890518e-05, 3.5175485209e-06, 1.78289542418e-06, 1.35672587476e-06, 9.80567506303e-07, 1.411618058e-07, 1.71328807141e-07, 1.34185498268e-07, 6.00727929623e-08, 4.12649718839e-08, 6.22626856739e-08, 2.57676302517e-09, 2.67584998603e-09, 1.64330937746e-09, 3.6404479431e-09, 4.19047907485e-09, 2.64724153709e-09]
    },
    "erbbands": {
        "dmean": [0.208439722657, 1.87184011936, 3.07246041298, 3.8108792305, 3.48941230774, 4.82353544235, 7.6915230751, 18.1126670837, 23.2432346344, 15.6314067841, 12.7934646606, 19.4014053345, 42.3716621399, 36.9892196655, 27.7039833069, 21.19780159, 16.5937175751, 21.8299751282, 17.6165485382, 11.404706955, 7.87249565125, 5.65728282928, 5.95932483673, 4.68254327774, 3.32959270477, 2.42382192612, 1.92942333221, 1.04008543491, 0.645050466061, 0.546538472176, 0.392283886671, 0.255192697048, 0.206729188561, 0.151746958494, 0.108987636864, 0.0735568106174, 0.0327472165227, 0.0185856577009, 0.00233814842068, 0.000115674185508],
        "dmean2": [0.332983970642, 3.14449620247, 5.32615804672, 6.83606243134, 6.17995452881, 8.32512187958, 11.6723670959, 31.8158302307, 36.1821784973, 23.5068531036, 19.9770927429, 27.6509895325, 64.5272903442, 57.0213699341, 40.5566482544, 32.0076370239, 25.0769176483, 34.3691482544, 28.4945983887, 18.7225265503, 13.2383747101, 9.62705612183, 9.998711586, 7.82754898071, 5.56342554092, 3.93396782875, 3.16451478004, 1.76718914509, 1.08650326729, 0.910325169563, 0.641171097755, 0.413090527058, 0.329616457224, 0.244821175933, 0.175354123116, 0.122322797775, 0.0526440106332, 0.0305279418826, 0.0038613260258, 0.000184678792721],
        "dvar": [0.145252421498, 9.34686756134, 55.2991981506, 140.671615601, 62.0595588684, 107.765609741, 180.549041748, 967.357666016, 1323.11816406, 1084.69616699, 798.86315918, 1488.86669922, 6137.34423828, 5405.43798828, 5944.71972656, 3795.91601562, 2051.43652344, 2373.32983398, 1894.31665039, 961.599182129, 288.404296875, 158.778762817, 186.248519897, 89.9140167236, 58.0610389709, 33.254535675, 29.4644260406, 9.40293121338, 2.60621404648, 1.47385346889, 0.970053732395, 0.442976713181, 0.376131504774, 0.210918784142, 0.100826717913, 0.0627151951194, 0.0108243478462, 0.00358301959932, 5.73831057409e-05, 9.98183651291e-08],
        "dvar2": [0.359875291586, 26.6535129547, 155.088592529, 400.974761963, 173.411087036, 296.400848389, 425.109466553, 3026.90795898, 3128.5168457, 2515.75, 1949.50244141, 3231.04931641, 14466.0576172, 13498.3271484, 11219.7919922, 7047.87207031, 4089.46533203, 5561.60009766, 4918.61230469, 2425.65112305, 781.95324707, 434.365539551, 520.394042969, 248.692810059, 154.789794922, 84.1130218506, 69.939453125, 25.3865127563, 7.15941619873, 4.01756095886, 2.54521465302, 1.16046833992, 0.920093595982, 0.511177778244, 0.237187534571, 0.159526392817, 0.0258031096309, 0.00852246023715, 0.000138751609484, 2.24588347919e-07],
        "max": [4.48583316803, 34.0762710571, 87.6265106201, 191.102493286, 122.098487854, 201.875213623, 265.515045166, 642.703918457, 792.178894043, 893.169494629, 576.561950684, 995.678344727, 1853.67199707, 1879.2722168, 2667.23828125, 2005.35986328, 1548.08154297, 1164.6114502, 806.655456543, 736.801452637, 317.728485107, 212.307418823, 320.22744751, 176.30871582, 127.237464905, 195.945129395, 180.915008545, 64.3640670776, 26.1025733948, 14.4665880203, 15.6658363342, 9.81963348389, 7.03874731064, 6.23244047165, 3.84270238876, 3.01425409317, 1.09150540829, 0.611755311489, 0.0788742750883, 0.0033594162669],
        "mean": [0.476151496172, 3.3418905735, 4.04373025894, 4.14343070984, 4.93426418304, 9.26711082458, 19.8120040894, 40.5937194824, 69.9132156372, 46.4203987122, 26.0588340759, 47.086769104, 91.8102798462, 70.2981796265, 64.1523590088, 41.6050186157, 35.3629264832, 38.2769851685, 26.274274826, 17.544336319, 13.0094079971, 10.1973218918, 11.4687700272, 10.4034280777, 8.09149837494, 6.51986026764, 5.00434398651, 1.91912674904, 1.25758910179, 1.11853563786, 0.808314323425, 0.480696290731, 0.361095458269, 0.260152637959, 0.165719106793, 0.100324109197, 0.0352396480739, 0.0168231185526, 0.00210391078144, 0.000150118605234],
        "median": [0.124450571835, 1.06478321552, 1.72295641899, 1.92177438736, 2.14209270477, 3.74951887131, 7.81909370422, 21.0824279785, 46.104019165, 22.8097839355, 12.5224647522, 17.0997486115, 35.4169044495, 31.4832382202, 16.9947528839, 17.3413619995, 15.4449167252, 17.2630329132, 7.80454969406, 5.65798187256, 7.10481071472, 5.68449735641, 4.87170219421, 4.86890125275, 2.43356132507, 1.22583091259, 0.840652287006, 0.486681014299, 0.391772508621, 0.336799919605, 0.196462497115, 0.0986592024565, 0.0399404987693, 0.0174673162401, 0.0070843398571, 0.00224769394845, 0.000511900172569, 0.000153688539285, 3.83730075555e-05, 4.83556577819e-05],
        "min": [3.82564394252e-22, 4.35466810098e-21, 5.25657026471e-20, 1.12828249808e-19, 4.32770660128e-19, 5.67651661389e-19, 6.30202180431e-19, 7.09998071076e-19, 3.46206751861e-19, 1.51235106434e-18, 7.40417793199e-19, 8.65725678134e-19, 2.22302287402e-18, 3.54829794385e-18, 2.30405141888e-18, 2.38275413864e-18, 3.24194498654e-18, 7.75084860292e-18, 9.44851935054e-18, 8.80348556324e-18, 6.01067317953e-18, 7.55159402825e-18, 1.22870624144e-17, 8.99827088106e-18, 9.59759714926e-18, 1.38550362051e-17, 2.23477169249e-17, 1.5227359447e-17, 1.92842684156e-17, 2.01895133713e-17, 2.30067945847e-17, 2.72869447114e-17, 1.56899750938e-17, 1.09339562325e-17, 8.83512853039e-18, 4.92624932264e-18, 2.21530341775e-18, 1.1928030253e-18, 3.36425599612e-19, 3.63694804039e-20],
        "var": [0.478140622377, 19.2502746582, 47.7884101868, 92.732711792, 80.6473693848, 298.474151611, 894.535400391, 2716.11499023, 5227.69287109, 4140.96630859, 1728.81262207, 5866.16503906, 18831.203125, 11102.7177734, 24308.6015625, 8869.78808594, 4393.59667969, 4410.60839844, 2831.68432617, 1532.27648926, 410.875366211, 227.436569214, 318.374450684, 194.108718872, 158.279800415, 129.717605591, 163.990341187, 16.4801597595, 4.01218795776, 2.88812398911, 1.83498644829, 0.709735631943, 0.583785891533, 0.376784652472, 0.186595603824, 0.0867864787579, 0.012746389024, 0.0035314608831, 5.48456919205e-05, 1.15944288837e-07]
    },
    "gfcc": {
        "mean": [-34.9728126526, 149.93421936, -121.142745972, 7.81065607071, -45.6187515259, 2.20736002922, -18.6006984711, 2.8741915226, -9.14312934875, 0.447101175785, -0.183476060629, 3.24731898308, -6.63890981674],
        "cov": [[14426.3505859, -3515.07836914, 261.978668213, 1894.60046387, -331.350280762, 997.527282715, -223.984344482, 686.016662598, -379.71697998, 391.584655762, -66.64087677, 359.24987793, 49.2565765381], [-3515.07836914, 2692.43920898, -325.558990479, -855.765991211, 330.065185547, -538.762573242, 198.951171875, -483.154907227, 310.11895752, -341.120819092, 35.0872573853, -247.203994751, -56.2197227478], [261.978668213, -325.558990479, 1245.19030762, -157.590576172, 136.209365845, 258.96697998, -84.441078186, 171.845687866, -121.017700195, 134.459518433, -87.8839950562, 60.4648895264, -27.2237071991], [1894.60046387, -855.765991211, -157.590576172, 815.018432617, -114.885032654, 221.457427979, -46.2127075195, 155.15524292, -86.8694381714, 100.487167358, 77.9711685181, 56.0263595581, 83.0012741089], [-331.350280762, 330.065185547, 136.209365845, -114.885032654, 305.952148438, -46.0761528015, -3.65829277039, -8.98826789856, 15.9504127502, 41.5216445923, 28.3150653839, -36.0746459961, -24.4791107178], [997.527282715, -538.762573242, 258.96697998, 221.457427979, -46.0761528015, 341.800689697, -5.81931495667, 161.004837036, -65.6717681885, 77.3208312988, 10.6648702621, 60.0142784119, 43.8160743713], [-223.984344482, 198.951171875, -84.441078186, -46.2127075195, -3.65829277039, -5.81931495667, 185.194351196, -19.7875003815, 62.746307373, -49.4947891235, -14.5175848007, 6.35954761505, -13.8736209869], [686.016662598, -483.154907227, 171.845687866, 155.15524292, -8.98826789856, 161.004837036, -19.7875003815, 237.778320312, -43.8356513977, 98.9710235596, 3.05310106277, 37.277141571, 44.1027374268], [-379.71697998, 310.11895752, -121.017700195, -86.8694381714, 15.9504127502, -65.6717681885, 62.746307373, -43.8356513977, 165.631958008, -23.230588913, -10.177075386, -29.3024463654, -5.78500270844], [391.584655762, -341.120819092, 134.459518433, 100.487167358, 41.5216445923, 77.3208312988, -49.4947891235, 98.9710235596, -23.230588913, 164.523788452, 46.9772415161, 16.4136161804, 4.00205564499], [-66.64087677, 35.0872573853, -87.8839950562, 77.9711685181, 28.3150653839, 10.6648702621, -14.5175848007, 3.05310106277, -10.177075386, 46.9772415161, 132.984680176, 25.0433006287, 36.9210319519], [359.24987793, -247.203994751, 60.4648895264, 56.0263595581, -36.0746459961, 60.0142784119, 6.35954761505, 37.277141571, -29.3024463654, 16.4136161804, 25.0433006287, 126.768539429, 27.5321502686], [49.2565765381, -56.2197227478, -27.2237071991, 83.0012741089, -24.4791107178, 43.8160743713, -13.8736209869, 44.1027374268, -5.78500270844, 4.00205564499, 36.9210319519, 27.5321502686, 104.3019104]],
        "icov": [[0.000128752537421, 1.60495255841e-05, 5.70137672185e-05, -0.000229400655371, -5.08221382916e-05, -0.000192482824787, 0.000118957264931, -7.17969378456e-05, 2.25492021855e-05, -5.32310441486e-05, 0.000278059829725, -0.000261273962678, 0.000234226696193], [1.60495255841e-05, 0.00262890313752, -0.000649802968837, 0.00115074380301, -0.00171806558501, 0.00108691724017, -0.00122594053391, 0.0017178353155, -0.00233169994317, 0.0041558300145, -0.00359433749691, 0.0033565859776, -0.00132764934096], [5.70137672185e-05, -0.000649802968837, 0.00179555325303, 0.000301051943097, -0.000354933406925, -0.00164195394609, 0.000836188206449, -0.00058241689112, 0.00132241810206, -0.00205070478842, 0.00251595117152, -0.00164975645021, 0.000512776663527], [-0.000229400655371, 0.00115074380301, 0.000301051943097, 0.00303009641357, -0.000347974564647, -0.000384695216781, -0.000539940141607, 0.000504416821059, -0.000351364840753, 0.00109040620737, -0.00230501033366, 0.00194681377616, -0.00156856758986], [-5.08221382916e-05, -0.00171806558501, -0.000354933406925, -0.000347974564647, 0.0054928585887, 0.000236459862208, 0.000322075327858, -0.00124600611161, 0.00122673704755, -0.00348317599855, 0.000368655193597, -0.000702021585312, 0.00129822781309], [-0.000192482824787, 0.00108691724017, -0.00164195394609, -0.000384695216781, 0.000236459862208, 0.00683545088395, -0.00186383363325, -0.00132679019589, -0.000543461181223, 0.00179719249718, -0.00253289681859, 0.00140577449929, -0.00152215058915], [0.000118957264931, -0.00122594053391, 0.000836188206449, -0.000539940141607, 0.000322075327858, -0.00186383363325, 0.00803633593023, -0.00170325045474, -0.00165344402194, 0.000571047363337, 0.00178076408338, -0.00320644769818, 0.00268107908778], [-7.17969378456e-05, 0.0017178353155, -0.00058241689112, 0.000504416821059, -0.00124600611161, -0.00132679019589, -0.00170325045474, 0.00979604758322, -0.00074253679486, -0.00182272924576, 0.000179154216312, 0.00204322254285, -0.00427134055644], [2.25492021855e-05, -0.00233169994317, 0.00132241810206, -0.000351364840753, 0.00122673704755, -0.000543461181223, -0.00165344402194, -0.00074253679486, 0.0105020795017, -0.00546947168186, 0.00450690696016, -0.00185832660645, -0.000344913976733], [-5.32310441486e-05, 0.0041558300145, -0.00205070478842, 0.00109040620737, -0.00348317599855, 0.00179719249718, 0.000571047363337, -0.00182272924576, -0.00546947168186, 0.0189077854156, -0.0109827760607, 0.00554081564769, 0.00153268058784], [0.000278059829725, -0.00359433749691, 0.00251595117152, -0.00230501033366, 0.000368655193597, -0.00253289681859, 0.00178076408338, 0.000179154216312, 0.00450690696016, -0.0109827760607, 0.0181377269328, -0.00749333156273, -0.00203712633811], [-0.000261273962678, 0.0033565859776, -0.00164975645021, 0.00194681377616, -0.000702021585312, 0.00140577449929, -0.00320644769818, 0.00204322254285, -0.00185832660645, 0.00554081564769, -0.00749333156273, 0.0149319553748, -0.00369767169468], [0.000234226696193, -0.00132764934096, 0.000512776663527, -0.00156856758986, 0.00129822781309, -0.00152215058915, 0.00268107908778, -0.00427134055644, -0.000344913976733, 0.00153268058784, -0.00203712633811, -0.00369767169468, 0.0148694515228]]
    },
    "melbands": {
        "dmean": [0.00207132240757, 0.00182715663686, 0.000642905943096, 0.000279441504972, 0.00025741342688, 0.000404917402193, 0.000349970767274, 0.000156542344484, 0.000106276937004, 0.000137864553835, 0.000214933083043, 0.000158179580467, 0.000105404891656, 5.71467935515e-05, 4.56541019958e-05, 3.02848293359e-05, 4.4613629143e-05, 2.7363495974e-05, 1.70571092895e-05, 1.2352493286e-05, 1.00678498711e-05, 6.61808144287e-06, 5.662770036e-06, 7.49485434426e-06, 3.52883103005e-06, 2.85356713903e-06, 2.11594465327e-06, 1.50639118601e-06, 1.4436109268e-06, 9.02714589301e-07, 5.38196047728e-07, 3.97067850599e-07, 3.30984903485e-07, 3.35321459488e-07, 2.52683804547e-07, 1.99903581688e-07, 1.66603996377e-07, 1.57897176223e-07, 1.45100742088e-07, 1.21563459743e-07],
        "dmean2": [0.00340364594012, 0.00310508348048, 0.00114761991426, 0.000493510859087, 0.000400690798415, 0.000706375867594, 0.000546007941011, 0.000240240362473, 0.000164469849551, 0.000192845764104, 0.000326928886352, 0.000243286049226, 0.000155320609338, 8.55397738633e-05, 7.01908356859e-05, 4.70167215099e-05, 7.02180186636e-05, 4.4241292926e-05, 2.82242926914e-05, 2.04182761081e-05, 1.70152488863e-05, 1.13229561975e-05, 9.51981655817e-06, 1.27174907902e-05, 5.91569096287e-06, 4.79063828607e-06, 3.57375915883e-06, 2.44131115323e-06, 2.33585342357e-06, 1.55865291163e-06, 9.05191313905e-07, 6.70207384701e-07, 5.58779618132e-07, 5.68598466089e-07, 4.15501801854e-07, 3.25500195686e-07, 2.72960846814e-07, 2.58690704413e-07, 2.32986451465e-07, 1.99155493874e-07],
        "dvar": [1.19596061268e-05, 1.22053725136e-05, 3.3713463381e-06, 3.39789238524e-07, 2.06289541893e-07, 4.66605769134e-07, 3.03332626572e-07, 1.07684435591e-07, 5.06500512643e-08, 7.49505346676e-08, 1.5257684538e-07, 1.04926023425e-07, 8.12223959201e-08, 2.47250522278e-08, 1.27480870304e-08, 4.5685815131e-09, 1.12928670859e-08, 4.63633886838e-09, 1.593631338e-09, 1.2805138061e-09, 4.63065086276e-10, 2.34365304941e-10, 1.757659851e-10, 3.93124671705e-10, 5.98683741471e-11, 3.69061448069e-11, 2.79165128514e-11, 1.23915504593e-11, 1.66647910749e-11, 9.1420560358e-12, 2.31083208124e-12, 1.02270384002e-12, 5.49263434214e-13, 5.84784662101e-13, 3.88067019925e-13, 2.28229083852e-13, 1.97797317804e-13, 2.14623308817e-13, 2.07377599251e-13, 1.21273827027e-13],
        "dvar2": [3.28536116285e-05, 3.37138553732e-05, 9.58479176916e-06, 9.59056819738e-07, 5.10167581069e-07, 1.46962452163e-06, 7.22470588244e-07, 2.58176214629e-07, 1.23562685417e-07, 1.48034658309e-07, 3.59693132168e-07, 2.6030707545e-07, 1.62708275298e-07, 4.68090952666e-08, 2.6215305482e-08, 9.92423032642e-09, 2.60623149728e-08, 1.20016911964e-08, 4.20388213129e-09, 3.40189942882e-09, 1.22370391598e-09, 6.35014651973e-10, 4.81441941869e-10, 1.1339685857e-09, 1.66703373328e-10, 9.64898716482e-11, 7.53489493022e-11, 3.1332807876e-11, 3.60393069554e-11, 2.64171757386e-11, 6.20042212018e-12, 2.83509327126e-12, 1.49444042211e-12, 1.61360323974e-12, 1.03866904227e-12, 5.66617065767e-13, 5.31086134271e-13, 5.39760619013e-13, 4.85868615306e-13, 3.01757696521e-13],
        "max": [0.0370709374547, 0.0389096215367, 0.0280680321157, 0.0087921358645, 0.00970545783639, 0.0130071239546, 0.0125506827608, 0.00849742814898, 0.00435023801401, 0.00946336518973, 0.00917868223041, 0.00838328059763, 0.00846287701279, 0.00432949373499, 0.00277557759546, 0.002252465114, 0.00267390534282, 0.00119209592231, 0.000646052125376, 0.00126852351241, 0.000564309884794, 0.000348499655956, 0.000344546715496, 0.000559833366424, 0.000158823575475, 0.000118687850772, 9.69538159552e-05, 0.000107178253529, 0.000158078968525, 4.70350059913e-05, 2.38074735535e-05, 1.85157277883e-05, 1.28991568999e-05, 9.88854571915e-06, 1.06332227006e-05, 7.67784786149e-06, 6.6960615186e-06, 5.29903354618e-06, 6.79881259202e-06, 5.00655960423e-06],
        "mean": [0.00435937335715, 0.00302497972734, 0.000748543883674, 0.000470017461339, 0.000640330952592, 0.000920784194022, 0.00106465176214, 0.000430697517004, 0.000206083015655, 0.000340656551998, 0.00046343888971, 0.000282417982817, 0.000225466443226, 0.000114768292406, 8.99656297406e-05, 6.16867982899e-05, 7.29870153009e-05, 3.93593581975e-05, 2.51174024015e-05, 1.88509384316e-05, 1.55914221978e-05, 1.08219765025e-05, 9.81319408311e-06, 1.29102945721e-05, 7.5359944276e-06, 6.57116106595e-06, 4.7894304771e-06, 3.86994133805e-06, 3.96593077312e-06, 1.56713508659e-06, 8.58756322941e-07, 6.92435094152e-07, 6.71027464705e-07, 6.09156131759e-07, 4.74276504292e-07, 3.98344781161e-07, 2.58156546806e-07, 2.49491563409e-07, 2.62570722498e-07, 1.9415104191e-07],
        "median": [0.00130047881976, 0.00123276025988, 0.000361686106771, 0.000211164326174, 0.000248429423664, 0.000478089728858, 0.00073032034561, 0.000204511161428, 8.39620188344e-05, 0.000108848216769, 0.000180837960215, 0.000109798515041, 4.70121849503e-05, 3.73673974536e-05, 3.94116868847e-05, 2.97166443488e-05, 2.90985935862e-05, 1.03666534415e-05, 7.77333116275e-06, 5.86165788263e-06, 8.43901943881e-06, 5.75592230234e-06, 4.16437160311e-06, 4.21340519097e-06, 3.47301329384e-06, 1.72574254975e-06, 1.05556546259e-06, 6.92996081852e-07, 5.3766370911e-07, 3.12681407877e-07, 2.36730670622e-07, 1.96204666736e-07, 2.57224513689e-07, 1.4598828102e-07, 1.2695170426e-07, 6.88970871465e-08, 4.8329297897e-08, 2.85795938026e-08, 1.91213000988e-08, 1.25216494951e-08],
        "min": [4.66687784389e-24, 2.05963457086e-23, 2.57176370162e-23, 4.25525014466e-23, 2.07663152569e-23, 1.64103673333e-23, 6.09928674243e-24, 1.54906754247e-23, 6.18791842057e-24, 5.74013651608e-24, 1.13442402799e-23, 1.44869067207e-23, 8.15836319419e-24, 5.24205762913e-24, 9.51443165635e-24, 6.62713526778e-24, 1.53605796396e-23, 1.36233375324e-23, 1.69878434926e-23, 9.41533416057e-24, 5.84234527926e-24, 6.89666142897e-24, 1.21755497905e-23, 7.73076114052e-24, 7.26233159069e-24, 7.21118894935e-24, 7.57854175139e-24, 8.77431052216e-24, 1.39012216748e-23, 1.27413042656e-23, 7.26112857781e-24, 1.09939213514e-23, 1.12628400897e-23, 1.03369256463e-23, 1.39960127789e-23, 1.34987211752e-23, 1.74384234867e-23, 9.69047385596e-24, 1.1176871606e-23, 8.6006159726e-24],
        "var": [3.28843234456e-05, 1.66872505361e-05, 2.40404096985e-06, 5.48324635474e-07, 9.05178694666e-07, 1.33191406348e-06, 1.1673081417e-06, 3.73481043425e-07, 1.14272985741e-07, 3.41563804795e-07, 4.75255006904e-07, 2.09127833273e-07, 3.06813859652e-07, 6.85514720544e-08, 2.63449599913e-08, 9.819042468e-09, 1.99238705534e-08, 6.80757450411e-09, 2.29854868472e-09, 2.02625471957e-09, 6.92119139778e-10, 3.37263189598e-10, 2.58014248855e-10, 6.48331999198e-10, 1.10245985951e-10, 1.15602770412e-10, 6.42010680729e-11, 4.572032683e-11, 1.24235427501e-10, 1.25994058936e-11, 3.18451146529e-12, 1.35994297421e-12, 9.5243257725e-13, 1.05135984554e-12, 6.27674073741e-13, 5.40712873781e-13, 2.36334010088e-13, 2.88410327521e-13, 3.81308428842e-13, 2.11125631951e-13]
    },
    "mfcc": {
        "mean": [-673.989990234, 177.18347168, -7.78292274475, 15.0040817261, -3.50453519821, 3.05052828789, 0.125822007656, 7.59923315048, -3.61515545845, 3.43843507767, 4.61329889297, 2.75964808464, 4.99811172485],
        "cov": [[9505.08203125, -1529.95263672, -458.791809082, 807.076843262, 208.077468872, 294.218963623, 302.395904541, 197.373672485, 40.3609771729, 222.905487061, -83.7629699707, 64.7481765747, 58.1775588989], [-1529.95263672, 1873.60766602, -219.916412354, -296.984130859, -74.881362915, -60.5493164062, -245.073547363, -8.1129655838, -33.1140670776, -98.1564483643, 91.5565338135, -88.9534606934, -32.8082199097], [-458.791809082, -219.916412354, 809.937316895, -63.0990524292, 113.909111023, 23.8213176727, 138.253112793, -8.97444152832, 84.9886245728, -27.6996879578, 19.451751709, 26.3422870636, -11.130396843], [807.076843262, -296.984130859, -63.0990524292, 355.022674561, 60.403503418, 45.4123268127, 59.5751533508, 15.3644790649, -34.0798721313, 53.1898918152, -23.2794570923, 19.9203147888, 9.43600654602], [208.077468872, -74.881362915, 113.909111023, 60.403503418, 254.168701172, 29.7596626282, 60.1879882812, -39.8135375977, -10.4651641846, 27.4618988037, 35.4288864136, 20.9475955963, 9.67850208282], [294.218963623, -60.5493164062, 23.8213176727, 45.4123268127, 29.7596626282, 126.908355713, 50.8270492554, 22.8315238953, 7.44160652161, 12.5741691589, 3.56143760681, 10.9007158279, 8.94059658051], [302.395904541, -245.073547363, 138.253112793, 59.5751533508, 60.1879882812, 50.8270492554, 178.970245361, 40.8211364746, 0.851597130299, 12.6892652512, 3.19879817963, 38.4609222412, 30.1955032349], [197.373672485, -8.1129655838, -8.97444152832, 15.3644790649, -39.8135375977, 22.8315238953, 40.8211364746, 124.614562988, 55.1309661865, -13.4197597504, -8.92540454865, -11.1627483368, 5.88989400864], [40.3609771729, -33.1140670776, 84.9886245728, -34.0798721313, -10.4651641846, 7.44160652161, 0.851597130299, 55.1309661865, 135.274124146, 42.7131729126, 11.1934299469, -13.1109628677, -18.959318161], [222.905487061, -98.1564483643, -27.6996879578, 53.1898918152, 27.4618988037, 12.5741691589, 12.6892652512, -13.4197597504, 42.7131729126, 131.048294067, 31.2726230621, 15.5409412384, -10.6276531219], [-83.7629699707, 91.5565338135, 19.451751709, -23.2794570923, 35.4288864136, 3.56143760681, 3.19879817963, -8.92540454865, 11.1934299469, 31.2726230621, 96.8194656372, 20.4576129913, -4.79508447647], [64.7481765747, -88.9534606934, 26.3422870636, 19.9203147888, 20.9475955963, 10.9007158279, 38.4609222412, -11.1627483368, -13.1109628677, 15.5409412384, 20.4576129913, 105.415534973, 34.9828720093], [58.1775588989, -32.8082199097, -11.130396843, 9.43600654602, 9.67850208282, 8.94059658051, 30.1955032349, 5.88989400864, -18.959318161, -10.6276531219, -4.79508447647, 34.9828720093, 94.6096496582]],
