{
"lowlevel": {
    "average_loudness": 0.973901689053,
    "barkbands_crest": {
        "dmean": 4.07723045349,
        "dmean2": 6.11563491821,
        "dvar": 11.6536779404,
        "dvar2": 21.8671474457,
        "max": 26.6919975281,
        "mean": 15.3177890778,
        "median": 14.8377275467,
        "min": 2.25392961502,
        "var": 32.0264320374
    },
    "barkbands_flatness_db": {
        "dmean": 0.0629829466343,
        "dmean2": 0.0909080207348,
        "dvar": 0.00379814067855,
        "dvar2": 0.00828943308443,
        "max": 0.713153958321,
        "mean": 0.275308161974,
        "median": 0.270603239536,
        "min": 0.0218625906855,
        "var": 0.0125592201948
    },
    "barkbands_kurtosis": {
        "dmean": 30.1964263916,
        "dmean2": 49.0672187805,
        "dvar": 6985.83544922,
        "dvar2": 17442.7246094,
        "max": 2784.67089844,
        "mean": 32.5851898193,
        "median": 11.496837616,
        "min": -1.94429051876,
        "var": 6984.25048828
    },
    "barkbands_skewness": {
        "dmean": 1.8054240942,
        "dmean2": 2.75106358528,
        "dvar": 4.79400062561,
        "dvar2": 10.8125276566,
        "max": 46.0658340454,
        "mean": 3.49584937096,
        "median": 2.76402068138,
        "min": -2.51790833473,
        "var": 9.80848312378
    },
    "barkbands_spread": {
        "dmean": 7.81121826172,
        "dmean2": 12.798494339,
        "dvar": 180.305831909,
        "dvar2": 428.396820068,
        "max": 144.905166626,
        "mean": 10.4044771194,
        "median": 5.02218723297,
        "min": 0.0817150175571,
        "var": 227.259094238
    },
    "dissonance": {
        "dmean": 0.0429261513054,
        "dmean2": 0.0689549297094,
        "dvar": 0.00152974564116,
        "dvar2": 0.00388944311999,
        "max": 0.499999970198,
        "mean": 0.409905850887,
        "median": 0.420799553394,
        "min": 0.136408254504,
        "var": 0.00383353210054
    },
    "dynamic_complexity": 2.73172092438,
    "erbbands_crest": {
        "dmean": 3.60220146179,
        "dmean2": 5.83081007004,
        "dvar": 10.3951025009,
        "dvar2": 24.8236923218,
        "max": 30.1718597412,
        "mean": 11.5293865204,
        "median": 10.7403411865,
        "min": 2.41906642914,
        "var": 26.4021644592
    },
    "erbbands_flatness_db": {
        "dmean": 0.0423508547246,
        "dmean2": 0.058852750808,
        "dvar": 0.00216296757571,
        "dvar2": 0.00414839247242,
        "max": 0.606525480747,
        "mean": 0.19205263257,
        "median": 0.180943593383,
        "min": 0.0460210852325,
        "var": 0.00873237848282
    },
    "erbbands_kurtosis": {
        "dmean": 3.81700205803,
        "dmean2": 6.01514720917,
        "dvar": 36.0735168457,
        "dvar2": 85.7004394531,
        "max": 130.451980591,
        "mean": 4.49571466446,
        "median": 2.14641857147,
        "min": -1.86673569679,
        "var": 55.5198898315
    },
    "erbbands_skewness": {
        "dmean": 0.750958263874,
        "dmean2": 1.14093208313,
        "dvar": 0.571480631828,
        "dvar2": 1.36196398735,
        "max": 9.01335334778,
        "mean": 1.2343724966,
        "median": 1.15098869801,
        "min": -2.72819924355,
        "var": 1.4795101881
    },
    "erbbands_spread": {
        "dmean": 16.7274265289,
        "dmean2": 23.2606048584,
        "dvar": 438.555969238,
        "dvar2": 783.968933105,
        "max": 184.455581665,
        "mean": 37.0560493469,
        "median": 23.5508708954,
        "min": 0.662882983685,
        "var": 1107.4855957
    },
    "hfc": {
        "dmean": 12.487528801,
        "dmean2": 19.8298778534,
        "dvar": 948.883422852,
        "dvar2": 2623.59765625,
        "max": 591.010742188,
        "mean": 17.8480873108,
        "median": 9.37441444397,
        "min": 1.49158563545e-06,
        "var": 817.487670898
    },
    "melbands_crest": {
        "dmean": 4.8135843277,
        "dmean2": 7.38988208771,
        "dvar": 16.181678772,
        "dvar2": 35.329082489,
        "max": 38.0448417664,
        "mean": 20.8406791687,
        "median": 20.2550544739,
        "min": 2.85097312927,
        "var": 56.7254638672
    },
    "melbands_flatness_db": {
        "dmean": 0.073296315968,
        "dmean2": 0.1052371189,
        "dvar": 0.00512726232409,
        "dvar2": 0.0114397257566,
        "max": 0.899681091309,
        "mean": 0.389114648104,
        "median": 0.385256171227,
        "min": 0.0320661216974,
        "var": 0.0176230110228
    },
    "melbands_kurtosis": {
        "dmean": 38.627368927,
        "dmean2": 60.1862678528,
        "dvar": 4356.03808594,
        "dvar2": 10255.0273438,
        "max": 1728.61071777,
        "mean": 50.7715682983,
        "median": 21.2739658356,
        "min": -1.69057822227,
        "var": 6304.26171875
    },
    "melbands_skewness": {
        "dmean": 1.84271585941,
        "dmean2": 2.71875047684,
        "dvar": 3.69899082184,
        "dvar2": 7.55910110474,
        "max": 28.3047084808,
        "mean": 4.24873113632,
        "median": 3.4008603096,
        "min": -1.65787506104,
        "var": 10.2077627182
    },
    "melbands_spread": {
        "dmean": 5.00044345856,
        "dmean2": 8.46211051941,
        "dvar": 111.611991882,
        "dvar2": 289.942352295,
        "max": 202.447357178,
        "mean": 7.07960224152,
        "median": 4.37826251984,
        "min": 0.137574702501,
        "var": 112.083770752
    },
    "pitch_salience": {
        "dmean": 0.113160692155,
        "dmean2": 0.168675988913,
        "dvar": 0.0102612199262,
        "dvar2": 0.021343709901,
        "max": 0.967668831348,
        "mean": 0.433351516724,
        "median": 0.450687378645,
        "min": 0.030414538458,
        "var": 0.0315257720649
    },
    "silence_rate_20dB": {
        "dmean": 0,
        "dmean2": 0,
        "dvar": 0,
        "dvar2": 0,
        "max": 1,
        "mean": 1,
        "median": 1,
        "min": 1,
        "var": 0
    },
    "silence_rate_30dB": {
        "dmean": 0.14780421555,
        "dmean2": 0.29563704133,
        "dvar": 0.125961065292,
        "dvar2": 0.239383012056,
        "max": 1,
        "mean": 0.770577430725,
        "median": 1,
        "min": 0,
        "var": 0.176772862673
    },
    "silence_rate_60dB": {
        "dmean": 0.00909266807139,
        "dmean2": 0.0180903542787,
        "dvar": 0.00901080016047,
        "dvar2": 0.0227908194065,
        "max": 1,
        "mean": 0.0110262110829,
        "median": 0,
        "min": 0,
        "var": 0.0109050022438
    },
    "spectral_centroid": {
        "dmean": 248.685699463,
        "dmean2": 409.469970703,
        "dvar": 165428.703125,
        "dvar2": 443533.96875,
        "max": 4242.12451172,
        "mean": 598.045471191,
        "median": 422.389251709,
        "min": 89.9289245605,
        "var": 248750.703125
    },
    "spectral_complexity": {
        "dmean": 3.92184185982,
        "dmean2": 6.13156604767,
        "dvar": 43.8745307922,
        "dvar2": 93.7438964844,
        "max": 57,
        "mean": 10.2760419846,
        "median": 8,
        "min": 0,
        "var": 70.6025009155
    },
    "spectral_decrease": {
        "dmean": 8.49886561127e-09,
        "dmean2": 1.28649979558e-08,
        "dvar": 8.43237908778e-17,
        "dvar2": 1.95705903672e-16,
        "max": -2.83089025354e-16,
        "mean": -1.63311071333e-08,
        "median": -1.28725377024e-08,
        "min": -6.75433682318e-08,
        "var": 1.91480148942e-16
    },
    "spectral_energy": {
        "dmean": 0.0324808061123,
        "dmean2": 0.0490907989442,
        "dvar": 0.00121273868717,
        "dvar2": 0.00280261761509,
        "max": 0.256466567516,
        "mean": 0.0632562562823,
        "median": 0.0502086132765,
        "min": 1.20373577772e-09,
        "var": 0.00279299216345
    },
    "spectral_energyband_high": {
        "dmean": 0.000849303905852,
        "dmean2": 0.00138230249286,
        "dvar": 6.18835747446e-06,
        "dvar2": 1.69574159372e-05,
        "max": 0.0500560291111,
        "mean": 0.000825293478556,
        "median": 7.10633976269e-05,
        "min": 6.15286849248e-11,
        "var": 5.35745675734e-06
    },
    "spectral_energyband_low": {
        "dmean": 0.0304042752832,
        "dmean2": 0.0471281930804,
        "dvar": 0.00134244130459,
        "dvar2": 0.00318026449531,
        "max": 0.251752912998,
        "mean": 0.0470581129193,
        "median": 0.0296452566981,
        "min": 1.29842747665e-10,
        "var": 0.00260256160982
    },
    "spectral_energyband_middle_high": {
        "dmean": 0.00128007866442,
        "dmean2": 0.00216375780292,
        "dvar": 8.30479621072e-06,
        "dvar2": 2.25531312026e-05,
        "max": 0.0281641818583,
        "mean": 0.0016329754144,
        "median": 0.000449044106063,
        "min": 5.08663333676e-10,
        "var": 8.77392903931e-06
    },
    "spectral_energyband_middle_low": {
        "dmean": 0.00865132920444,
        "dmean2": 0.0140571985394,
        "dvar": 0.000174006883753,
        "dvar2": 0.000433614419308,
        "max": 0.162841975689,
        "mean": 0.0155152278021,
        "median": 0.00922166835517,
        "min": 5.18028397956e-10,
        "var": 0.000289825053187
    },
    "spectral_entropy": {
        "dmean": 0.483246028423,
        "dmean2": 0.696583509445,
        "dvar": 0.27771911025,
        "dvar2": 0.561220347881,
        "max": 8.778175354,
        "mean": 6.70196723938,
        "median": 6.6801533699,
        "min": 4.00581073761,
        "var": 0.943157792091
    },
    "spectral_flux": {
        "dmean": 0.0620485767722,
        "dmean2": 0.101461388171,
        "dvar": 0.00314369727857,
        "dvar2": 0.0076886699535,
        "max": 0.4308847785,
        "mean": 0.132205069065,
        "median": 0.115136049688,
        "min": 0.000313572469167,
        "var": 0.00676575442776
    },
    "spectral_kurtosis": {
        "dmean": 15.0640897751,
        "dmean2": 23.5558605194,
        "dvar": 1317.90917969,
        "dvar2": 3304.89160156,
        "max": 832.264465332,
        "mean": 26.3552322388,
        "median": 7.0571641922,
        "min": -0.807306528091,
        "var": 3289.8515625
    },
    "spectral_rms": {
        "dmean": 0.00199122494087,
        "dmean2": 0.0028610965237,
        "dvar": 3.29108274855e-06,
        "dvar2": 6.34718026049e-06,
        "max": 0.0158180687577,
        "mean": 0.00710149249062,
        "median": 0.00699885794893,
        "min": 1.08368647034e-06,
        "var": 1.1282288142e-05
    },
    "spectral_rolloff": {
        "dmean": 588.77923584,
        "dmean2": 1090.34472656,
        "dvar": 4135168,
        "dvar2": 11057578,
        "max": 19078.4179688,
        "mean": 636.418701172,
        "median": 301.46484375,
        "min": 43.06640625,
        "var": 3101739
    },
    "spectral_skewness": {
        "dmean": 1.00299453735,
        "dmean2": 1.4583170414,
        "dvar": 2.04450631142,
        "dvar2": 4.48806905746,
        "max": 22.8946743011,
        "mean": 3.24709224701,
        "median": 2.36072993279,
        "min": 0.140954509377,
        "var": 7.22242021561
    },
    "spectral_spread": {
        "dmean": 1568925.75,
        "dmean2": 2056230.625,
        "dvar": 3.42571719066e+12,
        "dvar2": 5.9562875945e+12,
        "max": 23205652,
        "mean": 5139429.5,
        "median": 4781765,
        "min": 148952.609375,
        "var": 1.110572322e+13
    },
    "spectral_strongpeak": {
        "dmean": 0.351179510355,
        "dmean2": 0.583566904068,
        "dvar": 0.205090999603,
        "dvar2": 0.479058563709,
        "max": 6.00321435928,
        "mean": 0.654503285885,
        "median": 0.52609616518,
        "min": 0,
        "var": 0.341373920441
    },
    "zerocrossingrate": {
        "dmean": 0.0142408283427,
        "dmean2": 0.017524747178,
        "dvar": 0.000454278982943,
        "dvar2": 0.000660681456793,
        "max": 0.3486328125,
        "mean": 0.0306505933404,
        "median": 0.01904296875,
        "min": 0.001953125,
        "var": 0.00123991095461
    },
    "barkbands": {
        "dmean": [0.0012250514701, 0.0270294882357, 0.00655442196876, 0.00342704565264, 0.0034342489671, 0.00183732411824, 0.00181082624476, 0.000490185630042, 0.000400963821448, 0.000289985357085, 0.00015908163914, 0.000143176483107, 0.000213515537325, 9.52493719524e-05, 8.35903920233e-05, 0.000117279894766, 0.000120730182971, 9.86655213637e-05, 0.000133427805849, 0.000124019468785, 0.000125717779156, 0.000110996836156, 0.000106089151814, 0.000123874749988, 0.000123498524772, 0.000132326968014, 0.000109809130663],
        "dmean2": [0.00134007330053, 0.0398200154305, 0.0111115993932, 0.00605840561911, 0.00556021369994, 0.00283366511576, 0.00281629431993, 0.000764640572015, 0.000669576867949, 0.0004705741012, 0.000266931368969, 0.00023196649272, 0.000384616316296, 0.000156214213348, 0.000145084850374, 0.000200465365197, 0.000212068523979, 0.000173569700564, 0.000238338892814, 0.000221575741307, 0.000218504384975, 0.000180794202606, 0.000170170766069, 0.000199896370759, 0.000186637422303, 0.000223582144827, 0.00019715524104],
        "dvar": [2.59027865468e-06, 0.00117126340047, 0.000229289769777, 5.90499730606e-05, 4.45444675279e-05, 1.56338046509e-05, 1.76968151209e-05, 2.73769387604e-06, 3.95142160414e-06, 1.88816670743e-06, 2.21396447841e-07, 2.25744216209e-07, 4.47969540573e-07, 1.32126984909e-07, 5.09278059724e-08, 1.18498249435e-07, 1.2595943133e-07, 6.54921521459e-08, 1.40210332233e-07, 1.09664931358e-07, 1.25432691789e-07, 6.85049101889e-08, 8.81368009686e-08, 7.92026710883e-08, 5.96819376142e-08, 5.13176246386e-07, 4.27595836072e-07],
        "dvar2": [2.59003581959e-06, 0.00259404978715, 0.000596296333242, 0.000166381374584, 9.38654557103e-05, 3.5880930227e-05, 3.80025594495e-05, 5.50027016288e-06, 1.06140641947e-05, 4.98968893226e-06, 5.26556107161e-07, 5.56975976451e-07, 1.2440343653e-06, 3.41334470022e-07, 1.35048239258e-07, 3.12930950486e-07, 3.37600624789e-07, 1.83040953061e-07, 3.97281979758e-07, 2.99214406141e-07, 3.46482011082e-07, 1.7682714315e-07, 2.25006914434e-07, 1.97084460751e-07, 1.42504816836e-07, 1.46526883782e-06, 1.22619962895e-06],
        "max": [0.0131336897612, 0.246371373534, 0.0902524068952, 0.0671337097883, 0.159845143557, 0.129620149732, 0.0919448360801, 0.053235322237, 0.0388195551932, 0.0351874083281, 0.015644248575, 0.0138456048444, 0.011111763306, 0.0121371727437, 0.00497482949868, 0.00932461023331, 0.00585722737014, 0.00231743394397, 0.00452861515805, 0.00739847449586, 0.00332241342403, 0.00485402764753, 0.00698828464374, 0.00597995426506, 0.00424378411844, 0.0153006287292, 0.012612618506],
        "mean": [0.0022703667637, 0.0377018712461, 0.00535491062328, 0.00329342973419, 0.00496566016227, 0.00313555379398, 0.00299157900736, 0.000579373678192, 0.000440019037342, 0.000467038131319, 0.000200712587684, 0.000170871280716, 0.000189570186194, 0.000111831664981, 7.94143998064e-05, 9.91209308268e-05, 0.000109440028609, 9.13282419788e-05, 0.000114266447781, 0.000108187588921, 0.000110813467472, 0.000113536756544, 0.000120324984891, 0.000122445824672, 0.000126937651657, 0.000110844623123, 7.67576129874e-05],
        "median": [0.000405109109124, 0.0193283110857, 0.000723295728676, 0.000885237765033, 0.00235623773187, 0.00142928294372, 0.000976840383373, 9.71595654846e-05, 7.86039163359e-05, 7.71684353822e-05, 2.45634673774e-05, 2.32549646171e-05, 1.724566755e-05, 1.35893742481e-05, 8.32017121866e-06, 4.07953029935e-06, 6.1608152464e-06, 4.08257574236e-06, 5.78956405661e-06, 6.97976611264e-06, 5.03201090396e-06, 7.26802636564e-06, 1.03721376945e-05, 6.14342161498e-06, 7.84878284321e-06, 4.05281252824e-06, 1.54772840233e-06],
        "min": [3.71260938659e-11, 5.62755952949e-11, 3.66027624876e-11, 3.69909589071e-11, 9.10444011848e-11, 8.87469958633e-11, 8.5020018803e-11, 8.23417722895e-11, 1.05511224757e-10, 9.54605700043e-11, 8.46668291032e-11, 9.2046412159e-11, 7.92875209932e-11, 6.21921056321e-11, 4.57484362892e-11, 2.54689394574e-11, 1.03939409163e-11, 5.90775475415e-12, 1.24887062497e-11, 1.80951417045e-11, 8.92406114283e-12, 7.50324281873e-12, 8.89633592488e-12, 7.05493519507e-12, 6.47691752662e-12, 6.46373145979e-12, 6.76788529733e-12],
        "var": [1.11126328193e-05, 0.00211790925823, 0.000171946841874, 4.08669475291e-05, 8.59900246724e-05, 3.18811762554e-05, 3.96429022658e-05, 4.72515557703e-06, 3.44913883055e-06, 2.19902972276e-06, 3.68554225361e-07, 2.51561345976e-07, 3.56605255547e-07, 1.4841242546e-07, 4.77994852588e-08, 1.00517496548e-07, 1.19486799122e-07, 5.669942027e-08, 1.05155329777e-07, 9.04507615473e-08, 1.04680523805e-07, 7.89350238506e-08, 1.45963625187e-07, 1.16969161468e-07, 8.19212644387e-08, 3.18468039495e-07, 2.4567830792e-07]
    },
    "erbbands": {
        "dmean": [1.01372027397, 5.46986627579, 7.71314048767, 9.39721870422, 12.8481588364, 10.4428510666, 11.0345201492, 16.5983181, 27.2280483246, 16.953332901, 9.25218200684, 8.79051589966, 9.98822593689, 8.06181335449, 5.22860765457, 6.59336996078, 9.14375019073, 4.98874664307, 4.36306905746, 5.19154214859, 6.53442621231, 7.43809175491, 5.57042598724, 5.40019845963, 7.86059761047, 5.6515789032, 3.83511638641, 6.25099086761, 4.17985725403, 3.22925853729, 3.1434905529, 2.77744197845, 1.97488749027, 1.27619814873, 0.951558113098, 0.514682590961, 0.246491536498, 0.0968858897686, 0.0172760915011, 0.00118723057676],
        "dmean2": [1.45538461208, 8.15756416321, 12.2780685425, 16.191526413, 21.6722717285, 16.4927406311, 17.7359333038, 25.3207931519, 42.2478981018, 25.6308860779, 14.8778190613, 14.5483636856, 17.0280189514, 12.8959970474, 8.52248668671, 10.9396791458, 16.2150859833, 8.21279621124, 7.30168104172, 8.94894218445, 11.5131187439, 13.1701231003, 9.74283790588, 9.47300243378, 14.1203260422, 10.0700826645, 6.44378948212, 11.1214199066, 6.8900809288, 5.27265739441, 5.03224372864, 4.51562738419, 3.15255308151, 1.92590820789, 1.47229135036, 0.841896951199, 0.421247661114, 0.172300487757, 0.0309365782887, 0.00210902420804],
        "dvar": [1.54983222485, 58.2798728943, 269.088134766, 508.341522217, 506.562042236, 568.441040039, 616.218688965, 1540.28186035, 3654.34545898, 2671.60595703, 1022.62353516, 1656.2130127, 6325.80126953, 571.90411377, 223.92401123, 440.864929199, 718.422973633, 316.779754639, 238.695388794, 237.675827026, 372.518920898, 495.05847168, 225.738418579, 199.45475769, 516.495483398, 221.753097534, 101.911941528, 327.339294434, 91.1561737061, 61.9967842102, 99.1885528564, 46.5703430176, 17.8229618073, 5.9834113121, 4.06181049347, 3.98702645302, 2.20622348785, 0.464166253805, 0.0110011640936, 3.47768727806e-05],
        "dvar2": [3.28311610222, 131.016036987, 695.271484375, 1397.72192383, 1306.7512207, 1091.8807373, 1555.48876953, 3348.96630859, 7700.63574219, 5467.94677734, 2207.95849609, 4303.11523438, 17687.3671875, 1191.47338867, 515.10736084, 1123.64587402, 1988.20727539, 782.82244873, 645.977661133, 630.502319336, 1006.57891846, 1338.38366699, 626.495422363, 557.016418457, 1469.90808105, 603.097412109, 270.231323242, 922.479858398, 232.159286499, 161.071716309, 260.422302246, 118.433311462, 43.6761283875, 13.5300226212, 10.0894918442, 11.1156082153, 6.35139989853, 1.3365727663, 0.0315411761403, 9.86370650935e-05],
        "max": [8.95820236206, 53.6441955566, 107.122406006, 196.780288696, 365.093048096, 545.007446289, 523.771606445, 1094.41333008, 1623.47558594, 1681.9362793, 1319.87792969, 1134.4276123, 2169.67163086, 955.217590332, 369.292724609, 656.583129883, 494.896179199, 627.210327148, 708.459472656, 372.625610352, 406.800872803, 344.975006104, 137.960968018, 141.454849243, 280.501708984, 274.179168701, 110.842422485, 181.148681641, 186.615219116, 155.150497437, 243.111129761, 128.545700073, 93.8835144043, 46.8522109985, 30.3423690796, 42.6007041931, 32.108959198, 13.8764677048, 2.06721305847, 0.0904129371047],
        "mean": [1.4220559597, 7.0234079361, 7.48062849045, 9.28137588501, 15.1084861755, 15.7029857635, 17.8370094299, 28.5985984802, 47.1683692932, 23.8400287628, 11.4204397202, 10.0869245529, 12.3509054184, 13.4027996063, 7.57564258575, 7.47879743576, 8.79416370392, 5.84907722473, 4.77941322327, 4.66901397705, 5.59311819077, 6.58169031143, 5.26018953323, 4.92444038391, 6.48945379257, 5.02626943588, 3.782351017, 5.09784603119, 4.13696098328, 3.54301023483, 3.53803706169, 2.73131561279, 1.98783791065, 1.3709884882, 0.908807516098, 0.468001782894, 0.198544800282, 0.0697208270431, 0.0121561698616, 0.000896376906894],
        "median": [0.564080476761, 2.49365878105, 1.61986744404, 2.43952727318, 7.46573972702, 5.94863367081, 8.29594898224, 13.355345726, 18.1645278931, 5.43096208572, 2.54011130333, 2.00984025002, 2.10327768326, 2.52776765823, 1.24496984482, 1.12369179726, 1.03788125515, 0.816121399403, 0.687547206879, 0.359127879143, 0.281047821045, 0.388664275408, 0.302976518869, 0.264099478722, 0.342653334141, 0.340091854334, 0.219372808933, 0.207260742784, 0.260651767254, 0.298736929893, 0.291661113501, 0.162256106734, 0.104127824306, 0.0954886749387, 0.0491433218122, 0.02121238783, 0.00649337703362, 0.00186232139822, 0.000269987242064, 9.3485963589e-05],
        "min": [2.0531227829e-09, 1.14134088847e-08, 3.78476734397e-08, 9.18787534943e-08, 1.87258265782e-07, 3.23513887679e-07, 5.28786983978e-07, 7.799337709e-07, 1.11149131499e-06, 1.48749006712e-06, 1.93936739379e-06, 2.37243557422e-06, 2.82646237793e-06, 3.26756867253e-06, 3.58519923793e-06, 3.76060438612e-06, 3.68460359823e-06, 3.35186587108e-06, 2.7679818686e-06, 2.00201520784e-06, 1.19793162412e-06, 5.84237000112e-07, 3.25753347852e-07, 4.69201609121e-07, 7.65574782235e-07, 8.4884413809e-07, 5.61601837035e-07, 2.27917013262e-07, 2.34171196212e-07, 3.63926176306e-07, 2.21462840955e-07, 9.81486181217e-08, 1.48740255668e-07, 6.12788824128e-08, 5.29407309102e-08, 2.40900170922e-08, 1.39936116028e-08, 3.83473386378e-09, 1.0199259215e-09, 9.85012141297e-11],
        "var": [2.94807767868, 97.0644226074, 239.319763184, 360.832305908, 586.649108887, 1263.89074707, 1075.11865234, 3055.90429688, 9183.875, 4922.12744141, 1594.0402832, 1732.13928223, 4183.59619141, 1575.99938965, 428.06036377, 440.699188232, 626.632568359, 389.47265625, 217.284255981, 203.40802002, 302.848175049, 439.799560547, 193.620147705, 169.226501465, 372.58972168, 186.965270996, 100.59563446, 247.381973267, 106.041229248, 92.9826660156, 145.559524536, 61.0851745605, 29.4594097137, 9.07726383209, 4.95447778702, 3.02723670006, 1.30735635757, 0.26474609971, 0.00634430302307, 2.05765118153e-05]
    },
    "gfcc": {
        "mean": [-60.9738502502, 123.551467896, -41.3666954041, 20.2756175995, -50.7347068787, 7.15285253525, -28.1224403381, 1.75942087173, -15.5700321198, 4.62228250504, -2.66266036034, 6.51693964005, -4.88307857513],
        "cov": [[11148.1845703, -5780.93212891, -850.5703125, 1713.97216797, -254.970550537, 564.964782715, -432.245788574, 604.760620117, -451.057983398, 438.10446167, -403.822967529, 147.260848999, -627.329162598], [-5780.93212891, 4609.76660156, -318.595184326, -1211.35070801, 578.419921875, -351.938903809, 362.086608887, -345.538085938, 432.076812744, -371.121887207, 295.86920166, -144.979873657, 376.546081543], [-850.5703125, -318.595184326, 1637.02868652, 254.957168579, -140.619003296, 196.961868286, 146.015304565, 48.3211746216, -28.436548233, 113.759857178, 40.0011405945, 8.70569038391, 26.544719696], [1713.97216797, -1211.35070801, 254.957168579, 829.782836914, -54.0253982544, 171.748153687, -13.9612112045, 176.66178894, -52.2910499573, 159.180999756, -15.7723007202, 51.3231391907, -85.6211242676], [-254.970550537, 578.419921875, -140.619003296, -54.0253982544, 648.170471191, 21.479970932, 154.106216431, -6.2905664444, 173.529449463, -40.5716972351, 10.7881946564, -3.24130153656, 122.621315002], [564.964782715, -351.938903809, 196.961868286, 171.748153687, 21.479970932, 258.694030762, 56.1207008362, 81.1476821899, -23.3569049835, 51.9723396301, -21.6005325317, 14.3531360626, -1.03710365295], [-432.245788574, 362.086608887, 146.015304565, -13.9612112045, 154.106216431, 56.1207008362, 289.244812012, 39.0078392029, 76.6385345459, -19.5822429657, 52.7156295776, 15.1134252548, 74.8293457031], [604.760620117, -345.538085938, 48.3211746216, 176.66178894, -6.2905664444, 81.1476821899, 39.0078392029, 178.629928589, 26.5433197021, 57.9845428467, -8.78555774689, 42.2810401917, -5.24652957916], [-451.057983398, 432.076812744, -28.436548233, -52.2910499573, 173.529449463, -23.3569049835, 76.6385345459, 26.5433197021, 209.081802368, 27.7420654297, 45.1639595032, 7.74414682388, 85.5947418213], [438.10446167, -371.121887207, 113.759857178, 159.180999756, -40.5716972351, 51.9723396301, -19.5822429657, 57.9845428467, 27.7420654297, 173.903320312, 50.4760437012, 16.9833507538, -27.169424057], [-403.822967529, 295.86920166, 40.0011405945, -15.7723007202, 10.7881946564, -21.6005325317, 52.7156295776, -8.78555774689, 45.1639595032, 50.4760437012, 196.598922729, 54.2061309814, -4.68337678909], [147.260848999, -144.979873657, 8.70569038391, 51.3231391907, -3.24130153656, 14.3531360626, 15.1134252548, 42.2810401917, 7.74414682388, 16.9833507538, 54.2061309814, 120.052268982, 32.4304161072], [-627.329162598, 376.546081543, 26.544719696, -85.6211242676, 122.621315002, -1.03710365295, 74.8293457031, -5.24652957916, 85.5947418213, -27.169424057, -4.68337678909, 32.4304161072, 164.625518799]],
        "icov": [[0.000501571747009, 0.000521127250977, 0.000404444086598, -0.000161616277182, -0.000316137127811, -0.000420144788222, -4.13506240875e-05, -0.000389533845009, -0.000100159020803, 1.96066484932e-05, 0.000175807799678, -7.67460660427e-05, 0.000884714361746], [0.000521127250977, 0.00154633179773, 0.000420488795498, 0.000496733235195, -0.000432095490396, -0.0002699047036, -0.00021849978657, -0.00021798927628, -0.00111061753705, 0.00177248707041, -0.00201933598146, 0.00198511569761, -0.000526540679857], [0.000404444086598, 0.000420488795498, 0.00111397879664, -0.000315232900903, 5.51420089323e-05, -0.000773772830144, -0.000509586418048, 1.78548077656e-06, 3.64829102182e-05, -0.000360926671419, 3.94309572584e-05, 0.000170183906448, 0.000310639792588], [-0.000161616277182, 0.000496733235195, -0.000315232900903, 0.0025053108111, -0.000254048442002, -0.000171738123754, -2.37875246967e-05, -0.000973021786194, -0.000119088290376, -0.000119378550153, -0.000993361114524, 0.000676838681102, -0.000349630921846], [-0.000316137127811, -0.000432095490396, 5.51420089323e-05, -0.000254048442002, 0.00264662830159, -0.000330735521857, -0.000777384673711, 0.000965886807535, -0.00159412203357, 0.000383880193112, 0.00026729007368, 5.27078154846e-05, -0.0010572503088], [-0.000420144788222, -0.0002699047036, -0.000773772830144, -0.000171738123754, -0.000330735521857, 0.00611812481657, -0.0009649238782, -0.00132520473562, 0.00157564156689, -0.00102216075175, 0.000329869479174, 0.000419552292442, -0.00132816354744], [-4.13506240875e-05, -0.00021849978657, -0.000509586418048, -2.37875246967e-05, -0.000777384673711, -0.0009649238782, 0.00562970712781, -0.00178626854904, -0.000231388403336, 0.00161326222587, -0.00195677927695, 0.000919051759411, -0.00148107926361], [-0.000389533845009, -0.00021798927628, 1.78548077656e-06, -0.000973021786194, 0.000965886807535, -0.00132520473562, -0.00178626854904, 0.0102412458509, -0.0027333535254, -0.0012994176941, 0.00210316362791, -0.00338671938516, 0.000852121564094], [-0.000100159020803, -0.00111061753705, 3.64829102182e-05, -0.000119088290376, -0.00159412203357, 0.00157564156689, -0.000231388403336, -0.0027333535254, 0.0104315942153, -0.00417521083727, 0.000207401171792, 0.000180554576218, -0.00283631170169], [1.96066484932e-05, 0.00177248707041, -0.000360926671419, -0.000119378550153, 0.000383880193112, -0.00102216075175, 0.00161326222587, -0.0012994176941, -0.00417521083727, 0.0127376550809, -0.00682218931615, 0.00463777827099, -0.00188511307351], [0.000175807799678, -0.00201933598146, 3.94309572584e-05, -0.000993361114524, 0.00026729007368, 0.000329869479174, -0.00195677927695, 0.00210316362791, 0.000207401171792, -0.00682218931615, 0.0135800624266, -0.00971990358084, 0.00659255078062], [-7.67460660427e-05, 0.00198511569761, 0.000170183906448, 0.000676838681102, 5.27078154846e-05, 0.000419552292442, 0.000919051759411, -0.00338671938516, 0.000180554576218, 0.00463777827099, -0.00971990358084, 0.0174610558897, -0.00811543036252], [0.000884714361746, -0.000526540679857, 0.000310639792588, -0.000349630921846, -0.0010572503088, -0.00132816354744, -0.00148107926361, 0.000852121564094, -0.00283631170169, -0.00188511307351, 0.00659255078062, -0.00811543036252, 0.014847475104]]
    },
    "melbands": {
        "dmean": [0.00822326447815, 0.00457476684824, 0.00169430917595, 0.000886573456228, 0.000363939732779, 0.000368325068848, 0.000396390620153, 0.000165015851962, 6.96310889907e-05, 5.66002672713e-05, 4.99266679981e-05, 3.33768075507e-05, 1.94850563275e-05, 1.48128756337e-05, 2.49268468906e-05, 1.62787455338e-05, 8.81877258507e-06, 7.32954094929e-06, 6.62449429001e-06, 7.47398325984e-06, 7.44102680983e-06, 7.25216796127e-06, 7.32908256396e-06, 3.81838253816e-06, 4.34634512203e-06, 5.52815208721e-06, 5.78448771194e-06, 3.2645398278e-06, 2.2673912099e-06, 2.69392103291e-06, 3.904282039e-06, 2.46110494118e-06, 1.84177986284e-06, 1.83778740848e-06, 1.84085536148e-06, 1.69730390098e-06, 1.70484838691e-06, 1.53728979058e-06, 1.03119157302e-06, 1.14433578347e-06],
        "dmean2": [0.0120372334495, 0.00711132725701, 0.00287441303954, 0.00143568078056, 0.000585609930567, 0.000562550965697, 0.000614327087533, 0.00024991427199, 0.000112233879918, 9.50513276621e-05, 8.50245778565e-05, 5.32776903128e-05, 3.22318919643e-05, 2.38823031395e-05, 4.42323071184e-05, 2.84228553937e-05, 1.44213790918e-05, 1.2211396097e-05, 1.15913780974e-05, 1.26523591462e-05, 1.33128578454e-05, 1.27662215164e-05, 1.30656108013e-05, 6.52425069347e-06, 7.64597552916e-06, 1.00318075056e-05, 1.04199325506e-05, 5.76437605559e-06, 3.90708100895e-06, 4.71264911539e-06, 6.99698966855e-06, 4.10002758144e-06, 2.92364416055e-06, 3.07346749651e-06, 2.93055859402e-06, 2.75890556622e-06, 2.78461334347e-06, 2.50836274063e-06, 1.54535291585e-06, 1.72887200733e-06],
        "dvar": [0.000105146355054, 5.70639967918e-05, 1.29886793729e-05, 3.3444005112e-06, 5.43256476249e-07, 6.56719009839e-07, 7.81269307026e-07, 2.64000220795e-07, 5.43775655615e-08, 7.91936756173e-08, 1.51064313059e-07, 9.70040581194e-09, 3.20268966902e-09, 3.33639893491e-09, 5.46756862008e-09, 3.02194802515e-09, 1.06658182286e-09, 9.59716861537e-10, 3.59224400226e-10, 5.39815248057e-10, 4.83311501931e-10, 4.99198460346e-10, 4.35386893205e-10, 9.86121670432e-11, 1.31031865913e-10, 2.77321665632e-10, 2.74662820265e-10, 6.7127539638e-11, 3.52248959168e-11, 5.18505030578e-11, 1.34683694752e-10, 3.25023584435e-11, 1.8264549595e-11, 2.13566195978e-11, 3.40239190988e-11, 2.59385152246e-11, 1.71270324312e-11, 1.16554864718e-11, 3.88556331207e-12, 5.05250702387e-12],
        "dvar2": [0.000227549346164, 0.000141390089993, 3.50265509041e-05, 6.85943268763e-06, 1.36995947742e-06, 1.42931162372e-06, 1.65886183368e-06, 5.30544980393e-07, 1.12717941647e-07, 2.12064477978e-07, 4.22016654511e-07, 2.00392165084e-08, 7.39080041612e-09, 8.34159052943e-09, 1.51028345385e-08, 8.18821987991e-09, 2.6306323786e-09, 2.62760901926e-09, 9.47852685229e-10, 1.3949547073e-09, 1.31965038896e-09, 1.32315913781e-09, 1.19957621614e-09, 2.67633470941e-10, 3.64386493201e-10, 7.9710343881e-10, 7.64985963464e-10, 1.80388426418e-10, 9.42799449621e-11, 1.40640152302e-10, 3.81567749619e-10, 8.27814275461e-11, 4.65889479773e-11, 5.67406746588e-11, 8.97296958957e-11, 6.75974692887e-11, 4.36796813996e-11, 2.90106116213e-11, 8.47633942203e-12, 1.2000282712e-11],
        "max": [0.0758059099317, 0.0555579848588, 0.030438484624, 0.0451797619462, 0.0169687122107, 0.0243959259242, 0.0220667179674, 0.0173679646105, 0.00905208289623, 0.00643945392221, 0.0106042707339, 0.00374801666476, 0.0018355519278, 0.00172227108851, 0.00157096318435, 0.00142536126077, 0.00115510798059, 0.00154364597984, 0.000551338656805, 0.000709456857294, 0.000353924056981, 0.000409521482652, 0.000252056430327, 0.000149814179167, 0.000122445373563, 0.000220902307774, 0.000389923923649, 0.00011711044499, 7.61247138144e-05, 7.12464097887e-05, 0.00012926083582, 0.000111714907689, 8.27122785267e-05, 0.000110501154268, 0.000182163494173, 9.67026935541e-05, 8.87648639036e-05, 8.47815390443e-05, 4.63645192212e-05, 4.53948850918e-05],
        "mean": [0.0115255638957, 0.00581495091319, 0.00175690848846, 0.00120723014697, 0.000605833018199, 0.000640284270048, 0.000687963329256, 0.000218145083636, 8.59614301589e-05, 6.13301381236e-05, 6.20890641585e-05, 5.73532051931e-05, 2.61700370174e-05, 1.86047946045e-05, 2.35095412791e-05, 1.58616203407e-05, 1.03016973299e-05, 7.97011307441e-06, 6.1006571741e-06, 6.45084310236e-06, 6.29306077826e-06, 6.51165964882e-06, 6.40072039459e-06, 3.71095688934e-06, 3.92475794797e-06, 4.56362658952e-06, 4.67924428449e-06, 2.95715744869e-06, 2.20606762014e-06, 2.48484252552e-06, 3.07538266497e-06, 2.40296708398e-06, 1.95687812266e-06, 1.96243399841e-06, 2.10934217648e-06, 1.7509277086e-06, 1.6317870859e-06, 1.48283311319e-06, 1.13933413104e-06, 1.16851072107e-06],
        "median": [0.00586784537882, 0.00187441019807, 0.000607077847235, 0.000520661938936, 0.000297501421301, 0.000301161780953, 0.000256488245213, 4.17348273913e-05, 1.78720947588e-05, 1.09322800199e-05, 9.74850445346e-06, 9.80003824225e-06, 3.71114333575e-06, 2.5831345738e-06, 2.40080225922e-06, 1.47799812567e-06, 1.26563099911e-06, 9.86390887192e-07, 5.51049652131e-07, 3.12077844455e-07, 2.51595395184e-07, 3.34548332148e-07, 3.33794929475e-07, 1.82465697662e-07, 1.9334183321e-07, 2.14147419797e-07, 2.37924780322e-07, 1.87201806057e-07, 1.22224108168e-07, 1.13058341356e-07, 1.07076040479e-07, 1.38563891028e-07, 1.34989178946e-07, 1.62858682984e-07, 1.7122437157e-07, 1.37481791285e-07, 7.50344710809e-08, 6.93968544851e-08, 6.99650399838e-08, 8.04252451303e-08],
        "min": [1.87512956551e-11, 1.8475727892e-11, 1.84778130297e-11, 1.82481807443e-11, 1.80607005046e-11, 1.76280014891e-11, 1.7196058813e-11, 1.66539629309e-11, 1.60825693041e-11, 1.5024386249e-11, 1.40677088034e-11, 1.3090240697e-11, 1.18348629508e-11, 1.05443457785e-11, 9.12849049822e-12, 7.53099752698e-12, 6.05357300745e-12, 4.58161026479e-12, 3.27903828222e-12, 2.11462531513e-12, 1.23512051281e-12, 6.48261500903e-13, 3.28401531229e-13, 2.73992525716e-13, 3.74833031367e-13, 5.19665907528e-13, 6.04999394766e-13, 5.57479789328e-13, 3.98643818693e-13, 2.10558756845e-13, 1.0091056544e-13, 1.11033537508e-13, 1.82761439446e-13, 2.12840013084e-13, 1.47204094075e-13, 6.15447769787e-14, 5.84890073657e-14, 1.07541783096e-13, 9.1681951744e-14, 3.60923415449e-14],
        "var": [0.000190762060811, 7.82269416959e-05, 9.79824289971e-06, 6.4647151703e-06, 1.01669900232e-06, 1.37060942507e-06, 1.94963672584e-06, 4.89315027608e-07, 9.67857687328e-08, 7.16977197612e-08, 1.01382624962e-07, 2.87277384103e-08, 5.58358514979e-09, 3.66978580857e-09, 4.63141835993e-09, 2.66783484193e-09, 1.34448741029e-09, 8.24961987611e-10, 3.17995629828e-10, 4.73339034635e-10, 3.84522774732e-10, 4.75808892286e-10, 3.56776663768e-10, 9.20985024355e-11, 1.12929748886e-10, 1.92128757348e-10, 2.07900779925e-10, 6.01829974745e-11, 3.38040845316e-11, 4.81944484321e-11, 9.70610883333e-11, 3.68132607731e-11, 2.35223333866e-11, 3.13763737214e-11, 5.38584316034e-11, 3.09889336414e-11, 2.22133006433e-11, 1.89651003235e-11, 6.87713427872e-12, 6.73549107114e-12]
    },
    "mfcc": {
        "mean": [-730.050842285, 162.579711914, 61.7194786072, 26.7056617737, 7.90987873077, 8.09627056122, 2.81604909897, 2.84217214584, -4.55572128296, -0.720790326595, 2.16442418098, 1.654099226, 5.38603210449],
        "cov": [[10777.4414062, -4751.04394531, -1491.46203613, 587.348205566, 193.537658691, 126.682479858, 27.070810318, 85.9990997314, -77.3388442993, 154.365615845, 136.713562012, 89.7527389526, 53.9775276184], [-4751.04394531, 3606.89428711, -132.378860474, -483.923278809, 20.1577835083, -51.1158485413, -51.9345092773, 70.2346420288, 54.0960121155, -6.8650021553, -7.57099103928, -53.9725723267, -33.6659584045], [-1491.46203613, -132.378860474, 1424.3302002, 108.790466309, -100.787872314, 61.7256317139, 144.36869812, -20.9329395294, 27.0302219391, 6.57344722748, 12.7270517349, 39.8439331055, 24.8507556915], [587.348205566, -483.923278809, 108.790466309, 450.245544434, 124.701057434, 84.2090682983, 73.0955581665, 51.347026825, 42.0510826111, 71.4695510864, 43.3913230896, 51.4278526306, 61.1773071289], [193.537658691, 20.1577835083, -100.787872314, 124.701057434, 319.306671143, 118.048629761, 21.7243328094, 24.8206748962, 93.2022628784, 48.7725791931, 23.9177818298, 21.8320846558, -7.59754228592], [126.682479858, -51.1158485413, 61.7256317139, 84.2090682983, 118.048629761, 192.202438354, 101.037284851, 29.8835029602, 77.8718795776, 37.7508926392, 26.4914035797, 25.9409332275, 1.69452917576], [27.070810318, -51.9345092773, 144.36869812, 73.0955581665, 21.7243328094, 101.037284851, 201.623565674, 81.9719238281, 43.8134841919, 17.4170303345, 18.6948509216, 30.3376102448, 21.3472862244], [85.9990997314, 70.2346420288, -20.9329395294, 51.347026825, 24.8206748962, 29.8835029602, 81.9719238281, 175.603515625, 56.9436683655, 23.3013420105, -3.68026185036, 5.82029104233, 15.8821792603], [-77.3388442993, 54.0960121155, 27.0302219391, 42.0510826111, 93.2022628784, 77.8718795776, 43.8134841919, 56.9436683655, 262.533233643, 55.9760055542, -22.0722064972, -20.6475048065, -31.254699707], [154.365615845, -6.8650021553, 6.57344722748, 71.4695510864, 48.7725791931, 37.7508926392, 17.4170303345, 23.3013420105, 55.9760055542, 141.685699463, 64.6832122803, 9.49897480011, 6.88752794266], [136.713562012, -7.57099103928, 12.7270517349, 43.3913230896, 23.9177818298, 26.4914035797, 18.6948509216, -3.68026185036, -22.0722064972, 64.6832122803, 119.980773926, 53.1581726074, 14.2818727493], [89.7527389526, -53.9725723267, 39.8439331055, 51.4278526306, 21.8320846558, 25.9409332275, 30.3376102448, 5.82029104233, -20.6475048065, 9.49897480011, 53.1581726074, 112.227836609, 59.179397583], [53.9775276184, -33.6659584045, 24.8507556915, 61.1773071289, -7.59754228592, 1.69452917576, 21.3472862244, 15.8821792603, -31.254699707, 6.88752794266, 14.2818727493, 59.179397583, 121.630577087]],
