{
"lowlevel": {
    "average_loudness": 0.980462491512,
    "barkbands_crest": {
        "dmean": 4.50997304916,
        "dmean2": 7.13545894623,
        "dvar": 17.7248821259,
        "dvar2": 38.2072410583,
        "max": 26.5167045593,
        "mean": 15.8008337021,
        "median": 15.6899356842,
        "min": 2.36207222939,
        "var": 43.6795959473
    },
    "barkbands_flatness_db": {
        "dmean": 0.0556112751365,
        "dmean2": 0.0823781043291,
        "dvar": 0.00288216187619,
        "dvar2": 0.00587030174211,
        "max": 0.672877252102,
        "mean": 0.217211544514,
        "median": 0.194210350513,
        "min": 0.0264438055456,
        "var": 0.0138113610446
    },
    "barkbands_kurtosis": {
        "dmean": 25.5899543762,
        "dmean2": 39.2323646545,
        "dvar": 2043.87145996,
        "dvar2": 4528.0390625,
        "max": 697.700317383,
        "mean": 32.2240257263,
        "median": 11.2969341278,
        "min": -1.93544137478,
        "var": 3516.04077148
    },
    "barkbands_skewness": {
        "dmean": 1.86075520515,
        "dmean2": 2.71689128876,
        "dvar": 3.73849463463,
        "dvar2": 8.03682041168,
        "max": 21.8702545166,
        "mean": 3.77600860596,
        "median": 2.97681164742,
        "min": -8.41441059113,
        "var": 10.8181228638
    },
    "barkbands_spread": {
        "dmean": 10.914809227,
        "dmean2": 17.1793422699,
        "dvar": 212.784606934,
        "dvar2": 486.67565918,
        "max": 121.537528992,
        "mean": 17.7994174957,
        "median": 10.7160339355,
        "min": 0.0599234178662,
        "var": 361.368408203
    },
    "dissonance": {
        "dmean": 0.030106941238,
        "dmean2": 0.0498263798654,
        "dvar": 0.00122775440104,
        "dvar2": 0.00318001490086,
        "max": 0.500000178814,
        "mean": 0.452089011669,
        "median": 0.466728001833,
        "min": 0.109938815236,
        "var": 0.00223722611554
    },
    "dynamic_complexity": 3.06162953377,
    "erbbands_crest": {
        "dmean": 3.29916834831,
        "dmean2": 5.32053279877,
        "dvar": 10.8352899551,
        "dvar2": 24.4755344391,
        "max": 31.7435054779,
        "mean": 9.62697792053,
        "median": 8.46718597412,
        "min": 2.1234805584,
        "var": 24.6851787567
    },
    "erbbands_flatness_db": {
        "dmean": 0.0329481959343,
        "dmean2": 0.0483349971473,
        "dvar": 0.00142893882003,
        "dvar2": 0.00287593062967,
        "max": 0.535693347454,
        "mean": 0.148678764701,
        "median": 0.129352927208,
        "min": 0.0330328084528,
        "var": 0.00646791653708
    },
    "erbbands_kurtosis": {
        "dmean": 3.32121944427,
        "dmean2": 5.36184692383,
        "dvar": 51.9860725403,
        "dvar2": 125.650093079,
        "max": 121.55418396,
        "mean": 2.62137317657,
        "median": 0.349064707756,
        "min": -1.93085372448,
        "var": 58.3815917969
    },
    "erbbands_skewness": {
        "dmean": 0.753376364708,
        "dmean2": 1.13678658009,
        "dvar": 0.717855513096,
        "dvar2": 1.62930607796,
        "max": 7.88089227676,
        "mean": 0.656201303005,
        "median": 0.539689660072,
        "min": -5.75253629684,
        "var": 1.63472092152
    },
    "erbbands_spread": {
        "dmean": 21.3063354492,
        "dmean2": 32.9653663635,
        "dvar": 599.338684082,
        "dvar2": 1383.31091309,
        "max": 216.475814819,
        "mean": 51.8652038574,
        "median": 46.9211959839,
        "min": 0.925495624542,
        "var": 1175.75488281
    },
    "hfc": {
        "dmean": 20.5957489014,
        "dmean2": 32.0544815063,
        "dvar": 1242.40209961,
        "dvar2": 2800.265625,
        "max": 313.231079102,
        "mean": 27.0197963715,
        "median": 12.4294748306,
        "min": 6.44304591901e-08,
        "var": 1555.26818848
    },
    "melbands_crest": {
        "dmean": 5.01632738113,
        "dmean2": 7.86493587494,
        "dvar": 21.117855072,
        "dvar2": 49.2220420837,
        "max": 37.5993614197,
        "mean": 20.7648830414,
        "median": 20.5817451477,
        "min": 3.10528969765,
        "var": 64.4523544312
    },
    "melbands_flatness_db": {
        "dmean": 0.0654526129365,
        "dmean2": 0.0956208482385,
        "dvar": 0.00402926560491,
        "dvar2": 0.00794845819473,
        "max": 0.834777772427,
        "mean": 0.312741070986,
        "median": 0.291750222445,
        "min": 0.0182867981493,
        "var": 0.0194964054972
    },
    "melbands_kurtosis": {
        "dmean": 57.0532112122,
        "dmean2": 86.7552032471,
        "dvar": 10554.3955078,
        "dvar2": 22489.0742188,
        "max": 1355.38793945,
        "mean": 76.0262985229,
        "median": 29.7357692719,
        "min": -1.93613910675,
        "var": 18902.7832031
    },
    "melbands_skewness": {
        "dmean": 2.42779231071,
        "dmean2": 3.60983800888,
        "dvar": 6.61272192001,
        "dvar2": 14.8376092911,
        "max": 28.9771327972,
        "mean": 5.49435806274,
        "median": 4.3164191246,
        "min": -4.76355171204,
        "var": 18.9485664368
    },
    "melbands_spread": {
        "dmean": 10.0301837921,
        "dmean2": 15.9585971832,
        "dvar": 458.151275635,
        "dvar2": 1083.45239258,
        "max": 320.07925415,
        "mean": 14.2136850357,
        "median": 6.84827232361,
        "min": 0.172225773335,
        "var": 587.087585449
    },
    "pitch_salience": {
        "dmean": 0.142385050654,
        "dmean2": 0.228403136134,
        "dvar": 0.0205266885459,
        "dvar2": 0.0480189695954,
        "max": 0.946558773518,
        "mean": 0.40626513958,
        "median": 0.407407462597,
        "min": 0.0268312580884,
        "var": 0.0431625656784
    },
    "silence_rate_20dB": {
        "dmean": 0,
        "dmean2": 0,
        "dvar": 0,
        "dvar2": 0,
        "max": 1,
        "mean": 1,
        "median": 1,
        "min": 1,
        "var": 0
    },
    "silence_rate_30dB": {
        "dmean": 0.186848506331,
        "dmean2": 0.373647898436,
        "dvar": 0.151938512921,
        "dvar2": 0.286726564169,
        "max": 1,
        "mean": 0.717946708202,
        "median": 1,
        "min": 0,
        "var": 0.202513381839
    },
    "silence_rate_60dB": {
        "dmean": 0.0332314446568,
        "dmean2": 0.0663897171617,
        "dvar": 0.03212216869,
        "dvar2": 0.0647937133908,
        "max": 1,
        "mean": 0.0679467096925,
        "median": 0,
        "min": 0,
        "var": 0.0633272975683
    },
    "spectral_centroid": {
        "dmean": 409.114318848,
        "dmean2": 630.126037598,
        "dvar": 330597.90625,
        "dvar2": 707344.75,
        "max": 8649.22753906,
        "mean": 1111.2364502,
        "median": 900.288574219,
        "min": 79.3104019165,
        "var": 742148.4375
    },
    "spectral_complexity": {
        "dmean": 4.80288410187,
        "dmean2": 6.97107696533,
        "dvar": 39.6801185608,
        "dvar2": 72.0048599243,
        "max": 59,
        "mean": 13.2716302872,
        "median": 11,
        "min": 0,
        "var": 98.9471511841
    },
    "spectral_decrease": {
        "dmean": 1.06717683579e-08,
        "dmean2": 1.56772586024e-08,
        "dvar": 1.63598246304e-16,
        "dvar2": 3.57698334326e-16,
        "max": -2.84650142024e-19,
        "mean": -1.84633677236e-08,
        "median": -1.09691189465e-08,
        "min": -9.56035890454e-08,
        "var": 3.55400122182e-16
    },
    "spectral_energy": {
        "dmean": 0.0413108840585,
        "dmean2": 0.0607380270958,
        "dvar": 0.0023920640815,
        "dvar2": 0.00518076214939,
        "max": 0.363673269749,
        "mean": 0.0721356719732,
        "median": 0.0439566783607,
        "min": 6.91836605365e-12,
        "var": 0.0052264239639
    },
    "spectral_energyband_high": {
        "dmean": 0.00155153579544,
        "dmean2": 0.00251369201578,
        "dvar": 9.89074578683e-06,
        "dvar2": 2.40665740421e-05,
        "max": 0.0370521694422,
        "mean": 0.00152432208415,
        "median": 0.0003734138445,
        "min": 4.09067528115e-12,
        "var": 9.8693290056e-06
    },
    "spectral_energyband_low": {
        "dmean": 0.0384976938367,
        "dmean2": 0.0577761717141,
        "dvar": 0.00242981198244,
        "dvar2": 0.00575667340308,
        "max": 0.359779685736,
        "mean": 0.0582979209721,
        "median": 0.0280629321933,
        "min": 2.44355940647e-13,
        "var": 0.00471380725503
    },
    "spectral_energyband_middle_high": {
        "dmean": 0.00180732621811,
        "dmean2": 0.00292324833572,
        "dvar": 9.93780759018e-06,
        "dvar2": 2.31972426263e-05,
        "max": 0.0363125614822,
        "mean": 0.00273186573759,
        "median": 0.00093890062999,
        "min": 1.66573482438e-12,
        "var": 2.00086342375e-05
    },
    "spectral_energyband_middle_low": {
        "dmean": 0.0101980092004,
        "dmean2": 0.0183972790837,
        "dvar": 0.00048323412193,
        "dvar2": 0.00136953277979,
        "max": 0.193317100406,
        "mean": 0.0113345105201,
        "median": 0.00606667576358,
        "min": 4.7953242939e-13,
        "var": 0.000328394060489
    },
    "spectral_entropy": {
        "dmean": 0.400392502546,
        "dmean2": 0.592492282391,
        "dvar": 0.219669193029,
        "dvar2": 0.468374460936,
        "max": 8.89525222778,
        "mean": 7.38179349899,
        "median": 7.57065105438,
        "min": 4.26706123352,
        "var": 0.695226311684
    },
    "spectral_flux": {
        "dmean": 0.078809902072,
        "dmean2": 0.120824865997,
        "dvar": 0.00614687660709,
        "dvar2": 0.0102815385908,
        "max": 0.607072293758,
        "mean": 0.147573292255,
        "median": 0.113354727626,
        "min": 0.000505154835992,
        "var": 0.0124260718003
    },
    "spectral_kurtosis": {
        "dmean": 6.66481208801,
        "dmean2": 10.554936409,
        "dvar": 384.724243164,
        "dvar2": 781.620849609,
        "max": 324.02645874,
        "mean": 10.5629692078,
        "median": 3.53171563148,
        "min": -1.51466703415,
        "var": 822.241516113
    },
    "spectral_rms": {
        "dmean": 0.00237988331355,
        "dmean2": 0.00339261628687,
        "dvar": 5.78593835598e-06,
        "dvar2": 1.11473564175e-05,
        "max": 0.0188362207264,
        "mean": 0.00726880086586,
        "median": 0.00654863100499,
        "min": 8.21561059183e-08,
        "var": 1.75408022187e-05
    },
    "spectral_rolloff": {
        "dmean": 905.801147461,
        "dmean2": 1582.85644531,
        "dvar": 4082340,
        "dvar2": 9683835,
        "max": 19078.4179688,
        "mean": 1085.23620605,
        "median": 344.53125,
        "min": 43.06640625,
        "var": 4652464
    },
    "spectral_skewness": {
        "dmean": 0.622346937656,
        "dmean2": 0.936186075211,
        "dvar": 1.27010762691,
        "dvar2": 2.45561552048,
        "max": 14.9899930954,
        "mean": 2.00293469429,
        "median": 1.58589112759,
        "min": -0.4473092556,
        "var": 3.1844689846
    },
    "spectral_spread": {
        "dmean": 1645506.625,
        "dmean2": 2511708,
        "dvar": 3.95070563942e+12,
        "dvar2": 8.59682059059e+12,
        "max": 20479314,
        "mean": 6162972,
        "median": 6002718,
        "min": 323434.71875,
        "var": 7.71499910758e+12
    },
    "spectral_strongpeak": {
        "dmean": 0.376858979464,
        "dmean2": 0.603476762772,
        "dvar": 0.467102885246,
        "dvar2": 1.24311089516,
        "max": 13.2548618317,
        "mean": 0.62809741497,
        "median": 0.476193666458,
        "min": 0,
        "var": 0.532672226429
    },
    "zerocrossingrate": {
        "dmean": 0.0190997608006,
        "dmean2": 0.0221691858023,
        "dvar": 0.000626128341537,
        "dvar2": 0.0007604463608,
        "max": 0.4814453125,
        "mean": 0.0474829040468,
        "median": 0.03271484375,
        "min": 0.001953125,
        "var": 0.00222032470629
    },
    "barkbands": {
        "dmean": [0.00133725127671, 0.0344715006649, 0.00882471911609, 0.00431435462087, 0.00401082122698, 0.00126326293685, 0.0014195983531, 0.000548343523405, 0.000389079679735, 0.000463214702904, 0.00034986709943, 0.000259443826508, 0.000375488889404, 0.000185508732102, 0.000199793386855, 0.000137928596814, 0.000123313453514, 9.5837538538e-05, 0.00010057540203, 0.000148485894897, 0.000130645101308, 0.000142324424814, 0.000230698424275, 0.000253857666394, 0.000471979612485, 0.000133614332299, 0.000206385040656],
        "dmean2": [0.00208532367833, 0.051156219095, 0.0157818496227, 0.00804661028087, 0.00749646453187, 0.0022160760127, 0.00250497763045, 0.000960705860052, 0.000654919829685, 0.000840038701426, 0.000606766261626, 0.000412320980104, 0.00059973646421, 0.000295890436973, 0.000322837731801, 0.000228565811994, 0.000197744520847, 0.000152428910951, 0.000161880045198, 0.00025342637673, 0.000203351402888, 0.000226320844376, 0.000361734069884, 0.000428243190981, 0.000847794581205, 0.000208378085517, 0.000280223524896],
        "dvar": [4.02394334742e-06, 0.00193424161989, 0.000452191801742, 0.00010571457824, 8.96951169125e-05, 7.0686919571e-06, 7.32667285774e-06, 9.50216133333e-07, 6.65032473535e-07, 1.29892691803e-06, 6.6583595526e-07, 3.65224082088e-07, 1.64326115737e-06, 4.95048766425e-07, 6.60053387946e-07, 1.96234097416e-07, 9.85992443248e-08, 3.72513575542e-08, 3.05126199862e-08, 3.23562488802e-07, 8.92284859333e-08, 9.42703906048e-08, 3.14421157555e-07, 4.07429752158e-07, 1.14729687084e-06, 8.53955768321e-08, 4.90645106765e-07],
        "dvar2": [9.8135906228e-06, 0.00445874640718, 0.00125472329091, 0.000302331609419, 0.000255458318861, 2.01072543859e-05, 2.01005259441e-05, 2.53477469414e-06, 1.63213542237e-06, 3.73010152543e-06, 1.78029438302e-06, 8.38862320052e-07, 3.78737126994e-06, 1.02995693396e-06, 1.27361408886e-06, 4.3706521069e-07, 2.63021803448e-07, 8.32645028481e-08, 7.04076086322e-08, 9.32626278427e-07, 2.05294412581e-07, 2.39126791257e-07, 7.99144402208e-07, 1.07524328996e-06, 3.14220551445e-06, 1.98148825348e-07, 7.9242636275e-07],
        "max": [0.0257367473096, 0.326507329941, 0.162307173014, 0.0817796140909, 0.0910086482763, 0.0395647212863, 0.0399656035006, 0.0132360709831, 0.016890257597, 0.0097219562158, 0.0155503619462, 0.0172371808439, 0.0318764783442, 0.0283466074616, 0.0348989069462, 0.0244132149965, 0.0126195931807, 0.00451183086261, 0.00304248579778, 0.0318649373949, 0.00408414984122, 0.00298846419901, 0.0057491841726, 0.00615035369992, 0.00714809447527, 0.00278307450935, 0.0103539442644],
        "mean": [0.00189052207861, 0.0482093654573, 0.00651463726535, 0.00299296714365, 0.00308787962422, 0.00188495579641, 0.00184811884537, 0.000804104260169, 0.000577916682232, 0.000397909549065, 0.00036718591582, 0.000338031502906, 0.000462589057861, 0.000275015947409, 0.00026929267915, 0.000162660202477, 0.000156081179739, 0.000126822720631, 0.000155654459377, 0.000174618908204, 0.000155395173351, 0.000148343795445, 0.000216917993384, 0.000213764666114, 0.000328743859427, 0.00012769944442, 0.000248454336543],
        "median": [0.000388849293813, 0.0190511904657, 0.000961793411989, 0.000514743500389, 0.000971091561951, 0.000798345601652, 0.000877261743881, 0.000237260624999, 0.000146989157656, 8.81005544215e-05, 5.98151309532e-05, 8.11009522295e-05, 4.25842881668e-05, 3.43324609275e-05, 3.33198986482e-05, 3.34760115948e-05, 4.89404264954e-05, 2.9815837479e-05, 5.22737027495e-05, 4.51964515378e-05, 3.76364441763e-05, 3.9964390453e-05, 5.1114056987e-05, 4.27195482189e-05, 2.85963324131e-05, 9.53630660661e-06, 2.81710526906e-06],
        "min": [2.2527657772e-14, 1.17191290851e-13, 8.81964179423e-14, 4.24961986174e-14, 5.93325166559e-14, 7.47116601983e-15, 5.43116577103e-14, 1.23681487686e-13, 1.56313872436e-13, 1.25589819035e-13, 5.21521370468e-14, 3.46909661913e-14, 1.03092610403e-13, 4.67241093635e-14, 1.56250636344e-13, 1.28919607194e-13, 1.16737389612e-13, 3.5486213577e-13, 5.08244976053e-13, 1.60736319545e-13, 4.22492173625e-13, 1.0770641242e-13, 2.04419665331e-13, 4.59283869617e-13, 5.64284404793e-13, 1.15675101876e-12, 1.14203438373e-12],
        "var": [7.36579522709e-06, 0.00371825904585, 0.000287944625597, 6.43571693217e-05, 5.29751087015e-05, 7.71479608375e-06, 7.20296930012e-06, 1.44547698255e-06, 1.37488768814e-06, 9.10519645458e-07, 8.64900528086e-07, 6.5175021291e-07, 3.27212796947e-06, 1.69231600466e-06, 1.82909911928e-06, 3.50483219336e-07, 9.96113200813e-08, 6.43440358772e-08, 6.70632687161e-08, 2.17011915993e-07, 1.05921728277e-07, 9.35660722234e-08, 2.95632958114e-07, 3.30679625904e-07, 7.64767264627e-07, 9.52176435476e-08, 8.41390317419e-07]
    },
    "erbbands": {
        "dmean": [1.25321877003, 7.22648906708, 11.0684909821, 12.4749002457, 14.3328676224, 13.1290464401, 9.8996219635, 10.524643898, 17.2537612915, 20.6623020172, 8.24976444244, 8.67280292511, 13.5366668701, 14.4001293182, 12.3909912109, 12.1127023697, 15.8638706207, 10.2459468842, 7.79304361343, 10.1574630737, 7.23008155823, 6.61100578308, 5.33983802795, 4.72884178162, 5.79793596268, 6.63032960892, 4.96725940704, 5.30920934677, 5.6357793808, 6.8193359375, 5.85211038589, 4.54362010956, 4.96899366379, 6.31045532227, 2.62805390358, 0.647065281868, 0.229406833649, 0.0674412772059, 0.0230693090707, 0.00399575568736],
        "dmean2": [1.77930653095, 10.8606853485, 18.8000984192, 23.047460556, 26.9944057465, 24.3988056183, 17.3139972687, 18.7361335754, 30.7680091858, 36.104183197, 14.300866127, 14.5318622589, 24.6697101593, 25.5409259796, 20.9596405029, 18.8070163727, 25.060218811, 16.365070343, 12.2339105606, 16.4919147491, 11.8911161423, 10.6024703979, 8.45492553711, 7.55277061462, 9.51541042328, 11.3272972107, 7.91268539429, 8.18423843384, 9.0825138092, 11.077504158, 9.06765651703, 7.25681066513, 8.67863464355, 11.4657783508, 4.66162490845, 1.05832350254, 0.353521943092, 0.101569361985, 0.0340755991638, 0.00527229392901],
        "dvar": [2.39399075508, 111.806045532, 597.298706055, 916.335998535, 1197.62438965, 914.30871582, 415.334259033, 538.401794434, 1262.81750488, 1121.34240723, 267.337402344, 374.997802734, 967.630310059, 1240.01977539, 861.125305176, 790.338378906, 2316.75146484, 1590.01672363, 366.680969238, 1416.22766113, 334.796234131, 213.54510498, 116.032272339, 70.4991073608, 134.080657959, 708.243408203, 184.209838867, 162.843292236, 188.261322021, 295.299316406, 172.343383789, 137.06439209, 146.125030518, 217.308349609, 33.8049888611, 1.70344626904, 0.328887909651, 0.0349529273808, 0.00578980194405, 0.000204196883715],
        "dvar2": [5.001080513, 266.950958252, 1586.5715332, 2590.61181641, 3425.01953125, 2606.62451172, 1163.49023438, 1536.0447998, 3487.04785156, 2951.86108398, 730.048828125, 891.088745117, 2790.55053711, 3438.15771484, 2109.77856445, 1795.7668457, 5343.48730469, 3404.59863281, 690.680358887, 2814.87109375, 815.155517578, 540.508483887, 270.873443604, 167.265655518, 324.507568359, 2047.33825684, 489.348297119, 377.189147949, 481.727386475, 781.275024414, 428.030334473, 340.336181641, 397.958862305, 597.944763184, 92.1484298706, 4.24135351181, 0.78232729435, 0.0634721294045, 0.00980648305267, 0.00032900433871],
        "max": [11.8991413116, 86.5309829712, 186.74798584, 220.320053101, 334.222198486, 283.081634521, 288.983642578, 364.753631592, 509.631774902, 493.131286621, 342.249816895, 399.133728027, 446.570983887, 407.246154785, 706.711181641, 667.962524414, 1072.12023926, 1689.13012695, 909.918151855, 1485.65136719, 660.232116699, 393.07699585, 195.733642578, 212.786590576, 193.941390991, 1475.26733398, 738.359680176, 124.948768616, 125.414054871, 167.240097046, 130.897689819, 119.337043762, 110.590126038, 110.91293335, 35.6716995239, 10.0616617203, 5.79670333862, 2.14204692841, 0.975719213486, 0.221695244312],
        "mean": [1.67894625664, 9.49310684204, 9.75074958801, 9.18764019012, 9.86145401001, 10.1710596085, 12.6468076706, 16.0686435699, 22.8379116058, 27.7068252563, 14.2718381882, 14.0493164062, 13.1848211288, 13.4788856506, 14.0571336746, 16.8182621002, 19.9693470001, 15.3430500031, 10.9152126312, 13.9820871353, 8.94328212738, 8.60926532745, 7.36186885834, 7.59447431564, 7.7304558754, 7.94693803787, 6.45076417923, 6.0398774147, 5.6521654129, 6.39547491074, 5.73956012726, 4.29848718643, 3.82644438744, 4.28242397308, 1.87927854061, 0.566083490849, 0.225661307573, 0.0789257287979, 0.0273611173034, 0.0049080462195],
        "median": [0.543026924133, 3.63120007515, 2.802475214, 1.4831905365, 2.34565973282, 3.26442289352, 4.97918748856, 6.62854290009, 10.1453704834, 13.2685146332, 4.63290214539, 3.72142910957, 4.0575504303, 2.38295841217, 3.11537766457, 3.78655862808, 2.50868082047, 2.10371112823, 1.96282410622, 2.05542564392, 2.83739471436, 2.58582162857, 2.07192730904, 2.28147792816, 2.70240211487, 2.19663095474, 1.94589602947, 1.33045768738, 1.33552503586, 1.51484203339, 1.45361304283, 0.988241434097, 0.656234145164, 0.383410155773, 0.158364698291, 0.05569736287, 0.0138409445062, 0.00237213028595, 0.000488295045216, 0.000146773614688],
        "min": [3.13337962347e-12, 2.75197382243e-11, 9.47029885068e-11, 1.36190586586e-10, 1.64046304318e-10, 2.18749032777e-10, 9.04659958056e-11, 8.02959365664e-11, 5.29904564672e-10, 1.70754987927e-09, 2.753502093e-09, 3.47258444222e-09, 4.00293487246e-09, 3.3147693479e-09, 1.7319020662e-09, 1.84234139056e-09, 4.61100713167e-09, 2.70540123637e-09, 5.97196514462e-09, 1.07727720078e-08, 4.55913040653e-09, 7.99932386997e-09, 1.57692472413e-08, 2.60355861315e-08, 2.03112264785e-08, 7.70456409782e-09, 2.2601694738e-08, 7.61242002767e-09, 3.72550967853e-09, 6.01204241946e-09, 5.06531705469e-09, 8.28605539738e-09, 8.55992965398e-09, 7.13829484411e-09, 3.5485689942e-09, 2.78936962417e-09, 2.67242761254e-09, 5.46848288874e-10, 1.60459825982e-10, 2.02963115065e-11],
        "var": [5.14647960663, 169.235427856, 443.325439453, 575.202758789, 692.687866211, 546.659118652, 411.025268555, 617.010437012, 1249.27355957, 1491.07800293, 492.662780762, 852.519775391, 786.803222656, 1084.70715332, 1261.03076172, 1562.73291016, 4573.38769531, 4865.31982422, 1027.14306641, 3938.42822266, 476.486114502, 255.301513672, 169.010360718, 225.808868408, 174.887298584, 470.311218262, 172.496002197, 180.481399536, 177.035583496, 248.393081665, 178.304031372, 129.359100342, 106.102890015, 141.701507568, 23.0976715088, 1.61458075047, 0.353808164597, 0.053093239665, 0.0093042133376, 0.000354876683559]
    },
    "gfcc": {
        "mean": [-25.1249313354, 87.5732040405, -63.2705230713, 33.3027534485, -52.4123764038, 13.1402139664, -26.4810314178, 11.9521770477, -10.4268369675, 8.60386371613, -3.14685750008, 2.87090420723, -5.33304738998],
        "cov": [[12135.7753906, -3231.17700195, -746.739685059, 121.991790771, 952.861755371, 979.226135254, 132.340164185, 208.474121094, -448.910491943, 121.932891846, -307.099334717, -47.1857299805, -385.558380127], [-3231.17700195, 3482.24536133, 223.643600464, -259.135467529, 437.299682617, -549.81829834, 283.632995605, -56.0714492798, 279.581817627, -100.548316956, 250.73777771, -152.353317261, 244.08744812], [-746.739685059, 223.643600464, 1598.46435547, 188.285461426, -199.488967896, 113.917556763, -42.9540710449, 7.71845293045, 153.271743774, 1.90438461304, -3.9997522831, -21.0590343475, 12.4270706177], [121.991790771, -259.135467529, 188.285461426, 696.084777832, -59.9873504639, 152.757568359, 40.137424469, 108.561264038, 40.6967849731, 24.4723911285, 78.1774902344, 58.7325897217, -6.59709024429], [952.861755371, 437.299682617, -199.488967896, -59.9873504639, 1077.06774902, 54.4265213013, 449.805938721, 57.18201828, 54.4406585693, 8.53264522552, 75.6159820557, -52.2892570496, 44.5703964233], [979.226135254, -549.81829834, 113.917556763, 152.757568359, 54.4265213013, 552.542541504, 67.4327850342, 83.0182876587, 37.3441810608, 41.0161819458, -17.4460754395, 62.0937805176, -46.3296890259], [132.340164185, 283.632995605, -42.9540710449, 40.137424469, 449.805938721, 67.4327850342, 380.699310303, 81.791595459, 104.572662354, 8.05708217621, 80.2459182739, -3.02139663696, 43.4706573486], [208.474121094, -56.0714492798, 7.71845293045, 108.561264038, 57.18201828, 83.0182876587, 81.791595459, 214.884140015, 12.1322746277, 11.1290302277, 21.1098308563, -2.96166372299, 20.8844966888], [-448.910491943, 279.581817627, 153.271743774, 40.6967849731, 54.4406585693, 37.3441810608, 104.572662354, 12.1322746277, 221.272644043, 44.1503486633, 66.7433166504, 19.1585998535, 26.6261577606], [121.932891846, -100.548316956, 1.90438461304, 24.4723911285, 8.53264522552, 41.0161819458, 8.05708217621, 11.1290302277, 44.1503486633, 107.836288452, 30.3121204376, 26.8266277313, -13.3406934738], [-307.099334717, 250.73777771, -3.9997522831, 78.1774902344, 75.6159820557, -17.4460754395, 80.2459182739, 21.1098308563, 66.7433166504, 30.3121204376, 123.910148621, 30.8004131317, 25.5229110718], [-47.1857299805, -152.353317261, -21.0590343475, 58.7325897217, -52.2892570496, 62.0937805176, -3.02139663696, -2.96166372299, 19.1585998535, 26.8266277313, 30.8004131317, 97.0207366943, 16.0782337189], [-385.558380127, 244.08744812, 12.4270706177, -6.59709024429, 44.5703964233, -46.3296890259, 43.4706573486, 20.8844966888, 26.6261577606, -13.3406934738, 25.5229110718, 16.0782337189, 89.8972702026]],
        "icov": [[0.000163140823133, 0.00010681481217, 3.1772073271e-05, -1.63291736044e-06, -0.00022180119413, -0.000156023961608, 7.69123726059e-05, -8.18479602458e-05, 0.000163014265127, -0.000102597623481, 0.000107216597826, 0.000148249760969, 0.000296076381346], [0.00010681481217, 0.000737876922358, -5.14914827363e-05, 0.000199519752641, -0.000240216526436, 0.000189782469533, 0.000117080220662, 0.000184884527698, -0.000459256087197, 0.000518462678883, -0.00128939468414, 0.00137145619374, -0.00107250513975], [3.1772073271e-05, -5.14914827363e-05, 0.000772135856096, -0.000239617205807, 0.000106266888906, -0.000261841574684, 0.000138800576678, 8.60467480379e-05, -0.000547205505427, 1.21351849884e-05, 0.000351542141289, 0.000496631197166, -0.000147739745444], [-1.63291736044e-06, 0.000199519752641, -0.000239617205807, 0.00196330994368, 0.000134219240863, -0.000214703482925, -2.92909462587e-05, -0.000761161965784, 2.73579153145e-05, 0.000496832828503, -0.00171240908094, -0.000385134539101, 0.000262945221039], [-0.00022180119413, -0.000240216526436, 0.000106266888906, 0.000134219240863, 0.00244786776602, -8.57427949086e-05, -0.00277135870419, 0.00062158080982, 0.000635155302007, -0.000548319367226, -0.00026545394212, 0.00099636381492, -0.000738325179555], [-0.000156023961608, 0.000189782469533, -0.000261841574684, -0.000214703482925, -8.57427949086e-05, 0.0029932607431, -0.000476227956824, -0.000834866659716, -0.000831751618534, 0.000135055277497, 0.000965014158282, -0.00208709971048, 0.0012110354146], [7.69123726059e-05, 0.000117080220662, 0.000138800576678, -2.92909462587e-05, -0.00277135870419, -0.000476227956824, 0.00730120064691, -0.00159551459365, -0.00234925374389, 0.00144159374759, -0.00181691395119, 3.0757046261e-06, -0.000615638156887], [-8.18479602458e-05, 0.000184884527698, 8.60467480379e-05, -0.000761161965784, 0.00062158080982, -0.000834866659716, -0.00159551459365, 0.00633421819657, 0.000614508579019, -0.000860837346409, -0.000804080802482, 0.00259633478709, -0.00290505145676], [0.000163014265127, -0.000459256087197, -0.000547205505427, 2.73579153145e-05, 0.000635155302007, -0.000831751618534, -0.00234925374389, 0.000614508579019, 0.00787450093776, -0.00307154562324, -0.0011872103205, -0.000264170230366, -0.000130360014737], [-0.000102597623481, 0.000518462678883, 1.21351849884e-05, 0.000496832828503, -0.000548319367226, 0.000135055277497, 0.00144159374759, -0.000860837346409, -0.00307154562324, 0.0127474945039, -0.00344567093998, -0.00208342843689, 0.00218373164535], [0.000107216597826, -0.00128939468414, 0.000351542141289, -0.00171240908094, -0.00026545394212, 0.000965014158282, -0.00181691395119, -0.000804080802482, -0.0011872103205, -0.00344567093998, 0.0162483882159, -0.00596674438566, 0.00177519232966], [0.000148249760969, 0.00137145619374, 0.000496631197166, -0.000385134539101, 0.00099636381492, -0.00208709971048, 3.0757046261e-06, 0.00259633478709, -0.000264170230366, -0.00208342843689, -0.00596674438566, 0.0185435526073, -0.00721254432574], [0.000296076381346, -0.00107250513975, -0.000147739745444, 0.000262945221039, -0.000738325179555, 0.0012110354146, -0.000615638156887, -0.00290505145676, -0.000130360014737, 0.00218373164535, 0.00177519232966, -0.00721254432574, 0.0184568222612]]
    },
    "melbands": {
        "dmean": [0.010074085556, 0.00661947159097, 0.00219732569531, 0.00100990908686, 0.000377051648684, 0.000237186046434, 0.000276970851701, 0.000204988871701, 6.12670046394e-05, 5.66627895751e-05, 6.91607128829e-05, 5.93523509451e-05, 4.35829206253e-05, 2.8629656299e-05, 4.25223297498e-05, 3.01230193145e-05, 1.89578768186e-05, 1.1638381693e-05, 1.76754892891e-05, 1.11784247565e-05, 8.19211254566e-06, 7.27519318389e-06, 5.89256842431e-06, 4.19361049353e-06, 4.0346330934e-06, 3.96655150325e-06, 5.07086087964e-06, 4.39557152276e-06, 3.20065737469e-06, 3.52660549652e-06, 2.90572620543e-06, 3.13212217407e-06, 2.78601351056e-06, 4.58587282992e-06, 3.68797395822e-06, 2.56216731032e-06, 2.90061211672e-06, 2.81125016954e-06, 4.57045825897e-06, 6.06203639109e-06],
        "dmean2": [0.0146273504943, 0.0104661164805, 0.00403925357386, 0.00189505622257, 0.000671155168675, 0.000421741453465, 0.000492537219543, 0.000357758282917, 0.000105687322502, 9.49018794927e-05, 0.000126251761685, 0.000105640167021, 7.51161860535e-05, 4.61310155515e-05, 6.51769951219e-05, 4.94365085615e-05, 3.04347868223e-05, 1.83253268915e-05, 2.81602115138e-05, 1.83917236427e-05, 1.34775182232e-05, 1.1715724213e-05, 9.43906434259e-06, 6.7193545874e-06, 6.50101719657e-06, 6.36702998236e-06, 8.62703200255e-06, 7.54776738177e-06, 5.17781427334e-06, 5.53794779989e-06, 4.51627738585e-06, 5.18250089954e-06, 4.371542218e-06, 7.54941538617e-06, 5.87566410104e-06, 3.88780517824e-06, 4.77963794765e-06, 4.77142657473e-06, 8.25324696052e-06, 1.11188928713e-05],
        "dvar": [0.00014817911142, 0.000149726940435, 2.72879206022e-05, 5.82045049669e-06, 6.2661672473e-07, 2.65413092393e-07, 3.16534340072e-07, 1.1023516322e-07, 1.5971497902e-08, 1.54337715941e-08, 2.57469032761e-08, 2.15170707918e-08, 9.93593030074e-09, 4.26065982495e-09, 2.41508253396e-08, 8.68620819716e-09, 6.7685377303e-09, 6.74285072222e-10, 6.90980606066e-09, 1.68717229077e-09, 4.15702028356e-10, 3.10296649486e-10, 1.89790086425e-10, 6.57806031867e-11, 5.85388959529e-11, 5.41819852873e-11, 1.53571586003e-10, 4.9147153014e-10, 1.18424381412e-10, 7.0241132355e-11, 4.91458471141e-11, 5.91673585126e-11, 3.333986906e-11, 1.57977853021e-10, 6.23487927953e-11, 3.54056367557e-11, 6.52465650952e-11, 4.93824287018e-11, 1.18559231876e-10, 2.08521269696e-10],
        "dvar2": [0.000318849110045, 0.000377469259547, 7.70543847466e-05, 1.66247082234e-05, 1.76590594947e-06, 7.57297527798e-07, 8.73114458955e-07, 2.8933396834e-07, 4.28809379116e-08, 3.64402090725e-08, 7.4330593236e-08, 5.99086789066e-08, 2.60939199137e-08, 9.93463622478e-09, 5.07135879957e-08, 2.18486508885e-08, 1.46479850471e-08, 1.2999893384e-09, 1.35858986283e-08, 3.58958618385e-09, 1.09593734088e-09, 8.23307588771e-10, 4.55663201615e-10, 1.43857134538e-10, 1.43010076004e-10, 1.24592294815e-10, 4.189302516e-10, 1.43504386152e-09, 3.32370519995e-10, 1.61599608695e-10, 1.15615982066e-10, 1.53325657726e-10, 8.27623594657e-11, 4.22116647192e-10, 1.5691409283e-10, 7.69132604828e-11, 1.69004157891e-10, 1.33092883936e-10, 3.25401317003e-10, 5.77806968938e-10],
        "max": [0.0900295004249, 0.0914739444852, 0.037676922977, 0.0235549435019, 0.00998125504702, 0.00769658898935, 0.00830320734531, 0.00478814309463, 0.00270944857039, 0.00225234823301, 0.00227083149366, 0.00149280636106, 0.0017049406888, 0.00190787471365, 0.00462557841092, 0.00266659865156, 0.00363656552508, 0.00125792087056, 0.00390180153772, 0.00248547177762, 0.000651486276183, 0.000646190484986, 0.000327232526615, 0.000232461228734, 0.000221135793254, 0.0001397417509, 0.000295727630146, 0.00139694125392, 0.000721335411072, 0.00010810232925, 6.46965272608e-05, 7.04152917024e-05, 6.43250677967e-05, 0.000127154096845, 7.56803274271e-05, 5.42109883099e-05, 8.57795239426e-05, 6.88345171511e-05, 8.29895579955e-05, 0.000107076135464],
        "mean": [0.0142117142677, 0.00780933722854, 0.00162754766643, 0.000723292527255, 0.000440804549726, 0.00035562569974, 0.000363415310858, 0.000277609186014, 0.000104988066596, 8.64083194756e-05, 6.47226625006e-05, 5.37052146683e-05, 4.69497645099e-05, 3.70585003111e-05, 5.70536503801e-05, 3.53521427314e-05, 2.83128774754e-05, 1.55661891768e-05, 2.39901692112e-05, 1.39754265547e-05, 9.65048639046e-06, 9.06555305846e-06, 7.7638478615e-06, 5.55848919248e-06, 6.26083783573e-06, 5.61580100111e-06, 5.65007849218e-06, 5.16796262673e-06, 4.10585016652e-06, 4.16161719841e-06, 3.16811951961e-06, 3.13454620482e-06, 2.79507185041e-06, 4.07797097068e-06, 3.54886310561e-06, 2.6471855108e-06, 2.63548440671e-06, 2.32818115364e-06, 3.23057201967e-06, 3.97792109652e-06],
        "median": [0.0055045876652, 0.00323728518561, 0.000297577440506, 0.000197128843865, 0.000183175550774, 0.00015089623048, 0.00016789016081, 0.000129437539726, 2.84386442218e-05, 2.18227651203e-05, 1.79520611709e-05, 8.9545164883e-06, 8.38933556224e-06, 1.02750545921e-05, 7.73780993768e-06, 3.81074551115e-06, 3.38746804118e-06, 2.76706032309e-06, 2.50216703535e-06, 2.43669637712e-06, 2.96730354421e-06, 2.68322810371e-06, 1.69279883266e-06, 1.38382711157e-06, 1.55872362484e-06, 1.87871444268e-06, 1.36688822749e-06, 1.30287730826e-06, 1.18214666145e-06, 9.33606372655e-07, 5.87461272517e-07, 6.81147866999e-07, 7.56370923227e-07, 8.22816559776e-07, 8.58824364514e-07, 6.82866016177e-07, 5.39786412901e-07, 4.39472614744e-07, 4.02007060529e-07, 2.83698000203e-07],
        "min": [3.13943783351e-14, 4.639736471e-14, 2.43050107221e-14, 1.44934858928e-14, 4.52171386475e-15, 1.87676624255e-15, 8.76299290835e-15, 2.11775567108e-14, 2.25594384482e-14, 2.24580045587e-14, 2.01856489423e-14, 1.41107549026e-14, 6.66313555167e-15, 2.72613043623e-15, 9.67212946426e-15, 9.32462488029e-15, 3.9156287567e-15, 8.38112843287e-15, 1.22745509503e-14, 1.29645329777e-14, 4.17886372682e-15, 6.67783877308e-15, 1.57387124167e-14, 1.2756967554e-14, 2.25820118762e-14, 1.7041101806e-14, 8.33789587124e-15, 4.38320703721e-15, 1.096131361e-14, 1.54416274689e-14, 1.40537514911e-15, 1.81197224549e-15, 2.76193176606e-15, 3.50328104776e-15, 1.97524059893e-15, 5.02417931477e-15, 4.6440529509e-15, 6.55882937344e-15, 5.38378630549e-15, 6.14337284182e-15],
        "var": [0.000326366833178, 0.000153674307512, 1.707246156e-05, 3.37249070981e-06, 5.19372235885e-07, 2.87832875756e-07, 3.06555079987e-07, 1.50439248614e-07, 3.08420169404e-08, 3.34718599504e-08, 2.04609538201e-08, 1.79555357249e-08, 1.31637092338e-08, 6.77723965836e-09, 5.27786880866e-08, 1.51651526892e-08, 2.06046593121e-08, 2.19189821848e-09, 1.87623943049e-08, 3.50871220967e-09, 4.3704972974e-10, 3.25729970774e-10, 2.397363974e-10, 1.23475868419e-10, 2.01060626481e-10, 9.08605066186e-11, 1.34416297537e-10, 3.00452024371e-10, 9.17904502407e-11, 9.62219678935e-11, 5.37525614297e-11, 5.52080742233e-11, 3.32909533274e-11, 1.25564905695e-10, 6.35215768874e-11, 4.13323507364e-11, 5.6558872169e-11, 3.9020842113e-11, 7.91544191303e-11, 1.3156969958e-10]
    },
    "mfcc": {
        "mean": [-685.017211914, 123.15272522, 44.6773605347, 27.7509078979, 9.24305534363, 6.89675998688, 2.88935732841, 4.97518968582, 2.19235658646, 6.62959766388, 4.20820999146, 8.2932767868, 9.61264896393],
        "cov": [[11211.0605469, -1984.97314453, -1871.34606934, -291.837249756, 375.043914795, 516.012329102, 723.128540039, 143.457321167, 209.586700439, 42.5771141052, 118.677406311, -36.6802635193, -80.3433837891], [-1984.97314453, 2663.04321289, 5.89924144745, 149.372009277, 171.568008423, -128.145233154, 88.9522323608, -18.4843463898, 98.6453552246, 84.6622467041, 23.7982654572, 56.3971710205, 48.581413269], [-1871.34606934, 5.89924144745, 1788.07775879, 90.908996582, -62.9426040649, -1.60718095303, -331.169067383, -26.9035072327, -50.4666442871, -19.0832080841, 12.8940629959, -37.5239219666, 12.4938392639], [-291.837249756, 149.372009277, 90.908996582, 554.70300293, 123.459754944, -15.4441070557, 121.294006348, 67.8497695923, 4.3374171257, 52.1356391907, 14.8534660339, 104.60181427, 47.1999473572], [375.043914795, 171.568008423, -62.9426040649, 123.459754944, 286.336669922, 129.926086426, 168.269790649, 81.9091796875, 86.869758606, 42.5120658875, 40.0548248291, 36.2173957825, 19.9488124847], [516.012329102, -128.145233154, -1.60718095303, -15.4441070557, 129.926086426, 386.980682373, 101.803939819, 116.858207703, 73.5344543457, 44.1472549438, 80.9809188843, 49.6349601746, 36.422000885], [723.128540039, 88.9522323608, -331.169067383, 121.294006348, 168.269790649, 101.803939819, 359.200012207, 140.193435669, 113.17212677, 60.3913459778, 38.606212616, 57.850605011, 10.7468566895], [143.457321167, -18.4843463898, -26.9035072327, 67.8497695923, 81.9091796875, 116.858207703, 140.193435669, 212.523162842, 87.9557876587, 77.9040145874, 30.7047348022, 65.2041244507, 25.2455806732], [209.586700439, 98.6453552246, -50.4666442871, 4.3374171257, 86.869758606, 73.5344543457, 113.17212677, 87.9557876587, 151.380813599, 64.5388870239, 38.8819770813, 6.54874610901, 5.73523330688], [42.5771141052, 84.6622467041, -19.0832080841, 52.1356391907, 42.5120658875, 44.1472549438, 60.3913459778, 77.9040145874, 64.5388870239, 147.531326294, 43.7351875305, 43.6748123169, 14.3191814423], [118.677406311, 23.7982654572, 12.8940629959, 14.8534660339, 40.0548248291, 80.9809188843, 38.606212616, 30.7047348022, 38.8819770813, 43.7351875305, 115.17741394, 46.5256690979, 0.324056267738], [-36.6802635193, 56.3971710205, -37.5239219666, 104.60181427, 36.2173957825, 49.6349601746, 57.850605011, 65.2041244507, 6.54874610901, 43.6748123169, 46.5256690979, 130.87097168, 53.7067298889], [-80.3433837891, 48.581413269, 12.4938392639, 47.1999473572, 19.9488124847, 36.422000885, 10.7468566895, 25.2455806732, 5.73523330688, 14.3191814423, 0.324056267738, 53.7067298889, 80.6989746094]],
