{
"lowlevel": {
    "average_loudness": 0.941391527653,
    "barkbands_crest": {
        "dmean": 3.23271179199,
        "dmean2": 4.71397924423,
        "dvar": 10.9388246536,
        "dvar2": 18.7358188629,
        "max": 26.5842761993,
        "mean": 13.8775320053,
        "median": 11.7891054153,
        "min": 2.39813923836,
        "var": 47.4584693909
    },
    "barkbands_flatness_db": {
        "dmean": 0.0394036136568,
        "dmean2": 0.0497093982995,
        "dvar": 0.00190514896531,
        "dvar2": 0.00306636397727,
        "max": 0.809541702271,
        "mean": 0.175764128566,
        "median": 0.15047724545,
        "min": 0.0176195316017,
        "var": 0.0101335830986
    },
    "barkbands_kurtosis": {
        "dmean": 22.354429245,
        "dmean2": 30.4383583069,
        "dvar": 11500.59375,
        "dvar2": 22418.1230469,
        "max": 3233.34790039,
        "mean": 29.8982658386,
        "median": 4.370054245,
        "min": -1.94841957092,
        "var": 16964.3183594
    },
    "barkbands_skewness": {
        "dmean": 1.20714616776,
        "dmean2": 1.54158616066,
        "dvar": 3.80061626434,
        "dvar2": 5.98173856735,
        "max": 42.6605262756,
        "mean": 2.92274594307,
        "median": 2.01387071609,
        "min": -4.1312713623,
        "var": 12.9478502274
    },
    "barkbands_spread": {
        "dmean": 8.97800064087,
        "dmean2": 13.0075292587,
        "dvar": 134.791763306,
        "dvar2": 270.659423828,
        "max": 124.56401062,
        "mean": 22.1427116394,
        "median": 17.5758342743,
        "min": 0.0410801023245,
        "var": 364.514862061
    },
    "dissonance": {
        "dmean": 0.0240000635386,
        "dmean2": 0.040106125176,
        "dvar": 0.000549956283066,
        "dvar2": 0.00145509105641,
        "max": 0.5,
        "mean": 0.458603799343,
        "median": 0.466995328665,
        "min": 0.226317286491,
        "var": 0.00115060410462
    },
    "dynamic_complexity": 2.7032353878,
    "erbbands_crest": {
        "dmean": 2.84307169914,
        "dmean2": 4.47908258438,
        "dvar": 8.50500869751,
        "dvar2": 18.3979530334,
        "max": 29.8826942444,
        "mean": 9.07887172699,
        "median": 7.84215974808,
        "min": 1.91730463505,
        "var": 23.6461658478
    },
    "erbbands_flatness_db": {
        "dmean": 0.0229671839625,
        "dmean2": 0.0333869531751,
        "dvar": 0.000745773955714,
        "dvar2": 0.00139373622369,
        "max": 0.473813414574,
        "mean": 0.143492490053,
        "median": 0.128450721502,
        "min": 0.0430110618472,
        "var": 0.00350957526825
    },
    "erbbands_kurtosis": {
        "dmean": 2.12139487267,
        "dmean2": 3.17714643478,
        "dvar": 59.3587341309,
        "dvar2": 93.9360122681,
        "max": 375.549285889,
        "mean": 2.02784180641,
        "median": -0.0024209022522,
        "min": -1.92038118839,
        "var": 197.852752686
    },
    "erbbands_skewness": {
        "dmean": 0.54142588377,
        "dmean2": 0.804797708988,
        "dvar": 0.422082036734,
        "dvar2": 0.861303806305,
        "max": 13.2974452972,
        "mean": 0.535720229149,
        "median": 0.539009213448,
        "min": -7.37335252762,
        "var": 1.39430141449
    },
    "erbbands_spread": {
        "dmean": 14.8262786865,
        "dmean2": 22.6352901459,
        "dvar": 275.798950195,
        "dvar2": 574.477844238,
        "max": 207.206604004,
        "mean": 52.4636459351,
        "median": 46.2444572449,
        "min": 0.584402024746,
        "var": 1094.17004395
    },
    "hfc": {
        "dmean": 16.1140232086,
        "dmean2": 23.3721351624,
        "dvar": 545.313720703,
        "dvar2": 1109.0423584,
        "max": 515.088623047,
        "mean": 27.3590335846,
        "median": 14.9050207138,
        "min": 0.000106405088445,
        "var": 1519.90283203
    },
    "melbands_crest": {
        "dmean": 3.96011185646,
        "dmean2": 6.05256700516,
        "dvar": 15.3624296188,
        "dvar2": 31.9528808594,
        "max": 36.4855232239,
        "mean": 18.3108787537,
        "median": 16.9840717316,
        "min": 3.23340058327,
        "var": 69.6035461426
    },
    "melbands_flatness_db": {
        "dmean": 0.048991240561,
        "dmean2": 0.0608855672181,
        "dvar": 0.00285808974877,
        "dvar2": 0.00459946971387,
        "max": 0.961927354336,
        "mean": 0.251047939062,
        "median": 0.224526107311,
        "min": 0.0104245068505,
        "var": 0.0157439168543
    },
    "melbands_kurtosis": {
        "dmean": 29.211145401,
        "dmean2": 40.4006118774,
        "dvar": 4853.80078125,
        "dvar2": 9392.84667969,
        "max": 1734.83496094,
        "mean": 54.1116790771,
        "median": 15.6841697693,
        "min": -1.9564422369,
        "var": 13054.0957031
    },
    "melbands_skewness": {
        "dmean": 1.44700050354,
        "dmean2": 2.02836084366,
        "dvar": 3.2814950943,
        "dvar2": 6.43590736389,
        "max": 31.9312038422,
        "mean": 4.49666404724,
        "median": 3.36258125305,
        "min": -2.96713376045,
        "var": 14.7537918091
    },
    "melbands_spread": {
        "dmean": 9.75908565521,
        "dmean2": 14.5832357407,
        "dvar": 305.563018799,
        "dvar2": 691.845336914,
        "max": 325.119720459,
        "mean": 20.3251686096,
        "median": 13.8337917328,
        "min": 0.119249589741,
        "var": 635.656860352
    },
    "pitch_salience": {
        "dmean": 0.101889699697,
        "dmean2": 0.151210233569,
        "dvar": 0.0120020024478,
        "dvar2": 0.0241265464574,
        "max": 0.942141056061,
        "mean": 0.46716684103,
        "median": 0.499946057796,
        "min": 0.022075438872,
        "var": 0.0422462336719
    },
    "silence_rate_20dB": {
        "dmean": 0,
        "dmean2": 0,
        "dvar": 0,
        "dvar2": 0,
        "max": 1,
        "mean": 1,
        "median": 1,
        "min": 1,
        "var": 0
    },
    "silence_rate_30dB": {
        "dmean": 0.0813287496567,
        "dmean2": 0.16267080605,
        "dvar": 0.0747069194913,
        "dvar2": 0.167812213302,
        "max": 1,
        "mean": 0.901906251907,
        "median": 1,
        "min": 0,
        "var": 0.0884784385562
    },
    "silence_rate_60dB": {
        "dmean": 0.0231549665332,
        "dmean2": 0.0462318956852,
        "dvar": 0.0226177182049,
        "dvar2": 0.0524396710098,
        "max": 1,
        "mean": 0.0279800370336,
        "median": 0,
        "min": 0,
        "var": 0.0271964929998
    },
    "spectral_centroid": {
        "dmean": 372.855133057,
        "dmean2": 545.467285156,
        "dvar": 206817.609375,
        "dvar2": 390279.375,
        "max": 8348.53710938,
        "mean": 1301.06958008,
        "median": 1059.52941895,
        "min": 52.1388053894,
        "var": 810590.375
    },
    "spectral_complexity": {
        "dmean": 6.0444278717,
        "dmean2": 8.66172981262,
        "dvar": 54.4146308899,
        "dvar2": 96.4837036133,
        "max": 59,
        "mean": 15.1885786057,
        "median": 12,
        "min": 0,
        "var": 123.823173523
    },
    "spectral_decrease": {
        "dmean": 4.21350732083e-09,
        "dmean2": 5.89865001288e-09,
        "dvar": 2.46694408508e-17,
        "dvar2": 4.59265962387e-17,
        "max": -2.06327527424e-15,
        "mean": -1.14893481395e-08,
        "median": -7.77521869111e-09,
        "min": -4.35434195367e-08,
        "var": 1.03127280415e-16
    },
    "spectral_energy": {
        "dmean": 0.0168153494596,
        "dmean2": 0.0237694624811,
        "dvar": 0.000375335192075,
        "dvar2": 0.000710303836968,
        "max": 0.166586875916,
        "mean": 0.0458449982107,
        "median": 0.0324221253395,
        "min": 1.74385252905e-08,
        "var": 0.00151208462194
    },
    "spectral_energyband_high": {
        "dmean": 0.00139146775473,
        "dmean2": 0.00207831361331,
        "dvar": 6.08090567766e-06,
        "dvar2": 1.22450528579e-05,
        "max": 0.0534044243395,
        "mean": 0.00191090849694,
        "median": 0.000585910864174,
        "min": 6.19873441465e-09,
        "var": 1.61882635439e-05
    },
    "spectral_energyband_low": {
        "dmean": 0.0120813930407,
        "dmean2": 0.0161566026509,
        "dvar": 0.000295642559649,
        "dvar2": 0.000486968725454,
        "max": 0.162440285087,
        "mean": 0.0290321037173,
        "median": 0.0111998366192,
        "min": 8.97435042946e-11,
        "var": 0.00127661030274
    },
    "spectral_energyband_middle_high": {
        "dmean": 0.0023854917381,
        "dmean2": 0.00346423336305,
        "dvar": 1.48899562191e-05,
        "dvar2": 3.0268505725e-05,
        "max": 0.12135951221,
        "mean": 0.00414690980688,
        "median": 0.00183427869342,
        "min": 2.9601181506e-09,
        "var": 4.32917513535e-05
    },
    "spectral_energyband_middle_low": {
        "dmean": 0.00897007901222,
        "dmean2": 0.0149091202766,
        "dvar": 0.000242428097408,
        "dvar2": 0.000651455426123,
        "max": 0.151468366385,
        "mean": 0.0121865896508,
        "median": 0.00669731386006,
        "min": 3.17634563096e-09,
        "var": 0.000248426076723
    },
    "spectral_entropy": {
        "dmean": 0.273220837116,
        "dmean2": 0.390658915043,
        "dvar": 0.110490947962,
        "dvar2": 0.19861716032,
        "max": 8.95167160034,
        "mean": 7.65117692947,
        "median": 7.76509809494,
        "min": 3.37725901604,
        "var": 0.401143848896
    },
    "spectral_flux": {
        "dmean": 0.0434393435717,
        "dmean2": 0.0598518811166,
        "dvar": 0.00201379111968,
        "dvar2": 0.00296719674952,
        "max": 0.410915642977,
        "mean": 0.11120865494,
        "median": 0.0932007580996,
        "min": 0.000132055007271,
        "var": 0.0054173800163
    },
    "spectral_kurtosis": {
        "dmean": 2.07950973511,
        "dmean2": 3.19523072243,
        "dvar": 21.0209350586,
        "dvar2": 42.4738311768,
        "max": 141.860656738,
        "mean": 4.33201169968,
        "median": 2.55845880508,
        "min": -1.57044684887,
        "var": 61.2342720032
    },
    "spectral_rms": {
        "dmean": 0.0013374320697,
        "dmean2": 0.00187589600682,
        "dvar": 2.03390618481e-06,
        "dvar2": 3.94262588088e-06,
        "max": 0.0127484817058,
        "mean": 0.00601848540828,
        "median": 0.00562417460606,
        "min": 4.12470535593e-06,
        "var": 8.50464039104e-06
    },
    "spectral_rolloff": {
        "dmean": 921.348144531,
        "dmean2": 1524.06103516,
        "dvar": 3308964.5,
        "dvar2": 6565214.5,
        "max": 12855.3222656,
        "mean": 1658.32983398,
        "median": 710.595703125,
        "min": 43.06640625,
        "var": 6789705.5
    },
    "spectral_skewness": {
        "dmean": 0.313425451517,
        "dmean2": 0.468109965324,
        "dvar": 0.191930353642,
        "dvar2": 0.358201473951,
        "max": 9.72859477997,
        "mean": 1.52317082882,
        "median": 1.35621762276,
        "min": -0.904623866081,
        "var": 0.738053798676
    },
    "spectral_spread": {
        "dmean": 1042901.625,
        "dmean2": 1484337.625,
        "dvar": 1.66660774298e+12,
        "dvar2": 2.73834521395e+12,
        "max": 21043254,
        "mean": 6446385,
        "median": 5888374.5,
        "min": 697780.125,
        "var": 8.25517093683e+12
    },
    "spectral_strongpeak": {
        "dmean": 0.475395679474,
        "dmean2": 0.803873896599,
        "dvar": 1.33216238022,
        "dvar2": 3.40343141556,
        "max": 22.5415611267,
        "mean": 0.791951775551,
        "median": 0.533470213413,
        "min": 0,
        "var": 1.55108368397
    },
    "zerocrossingrate": {
        "dmean": 0.0199349150062,
        "dmean2": 0.0214786622673,
        "dvar": 0.000627733534202,
        "dvar2": 0.00063501461409,
        "max": 0.44287109375,
        "mean": 0.0670813247561,
        "median": 0.05029296875,
        "min": 0.001953125,
        "var": 0.00425350526348
    },
    "barkbands": {
        "dmean": [0.000296599318972, 0.0114027140662, 0.00417670235038, 0.00261790584773, 0.00368156423792, 0.00112612289377, 0.00102664297447, 0.000970089749899, 0.00114960863721, 0.00102254003286, 0.000482504168758, 0.000384490500437, 0.00032450267463, 0.000175242239493, 0.000214596730075, 0.000142040182254, 0.000134072673973, 0.000124400859931, 0.000157555448823, 0.000182647636393, 0.000214526196942, 0.000209622870898, 0.000262739951722, 0.000314715493005, 0.000297206890536, 9.32432812988e-05, 1.59288920258e-05],
        "dmean2": [0.000323983840644, 0.0148102948442, 0.00745600834489, 0.0048281820491, 0.00629486795515, 0.0018125338247, 0.0016794600524, 0.00153168791439, 0.001872836845, 0.00161532952916, 0.000717201619409, 0.000626729277428, 0.000514733430464, 0.000268831790891, 0.00033973713289, 0.000222017217311, 0.000204916694202, 0.000189034384675, 0.000241843721597, 0.000278678140603, 0.000329922040692, 0.000315665529342, 0.000418573326897, 0.000457825954072, 0.000456595560536, 0.000135160211357, 2.43441209022e-05],
        "dvar": [2.88200453724e-07, 0.000293928635074, 0.000124418642372, 4.53468164778e-05, 6.52836461086e-05, 7.92996797827e-06, 4.41794873041e-06, 4.91462878927e-06, 5.42683255844e-06, 5.67987217437e-06, 1.26358122543e-06, 2.3715581392e-06, 1.03466709334e-06, 1.90631851638e-07, 4.03309343255e-07, 8.69851817242e-08, 8.07566777894e-08, 4.57265336706e-08, 6.72197728591e-08, 1.13740178165e-07, 1.93311549879e-07, 1.54156722942e-07, 2.84812074369e-07, 6.66635799007e-07, 4.83185260691e-07, 5.27677990192e-08, 1.43804346209e-09],
        "dvar2": [5.69255803384e-07, 0.000443989236373, 0.000339109945344, 0.000130262124003, 0.000179177164682, 1.83139982255e-05, 1.12752422865e-05, 1.07792775452e-05, 1.36870321512e-05, 1.26878248921e-05, 2.53752250501e-06, 5.31946898263e-06, 2.34779031416e-06, 3.80842124059e-07, 8.99114013464e-07, 2.05329286018e-07, 1.85030842204e-07, 1.02264195334e-07, 1.60446887776e-07, 2.80716591305e-07, 3.91292729773e-07, 3.29149827394e-07, 6.34460434412e-07, 9.72597490545e-07, 9.59766111919e-07, 8.83186075384e-08, 3.55138407571e-09],
        "max": [0.00827622879297, 0.161188423634, 0.0962299704552, 0.0688043981791, 0.123118929565, 0.0932279378176, 0.0298862252384, 0.0802781805396, 0.069459117949, 0.0838790386915, 0.045158483088, 0.107225500047, 0.0498123914003, 0.0166394561529, 0.0230835899711, 0.00661408621818, 0.00648293457925, 0.00803152006119, 0.0033805242274, 0.00570477824658, 0.0146963847801, 0.0142525602132, 0.0118532897905, 0.0294082444161, 0.0165011622012, 0.00722395488992, 0.00114767835476],
        "mean": [0.00058563251514, 0.024250600487, 0.00313482782803, 0.00204496085644, 0.00409722514451, 0.00145041232463, 0.00129447656218, 0.00116496591363, 0.00147209817078, 0.00155805493705, 0.000712829409167, 0.000483785290271, 0.000397402385715, 0.000241838672082, 0.000247171148658, 0.000181548020919, 0.000169259204995, 0.000155183617608, 0.000187506317161, 0.000206899028854, 0.000283138215309, 0.000267547933618, 0.000307762558805, 0.00041376252193, 0.000388093641959, 0.000127911815071, 1.99659098143e-05],
        "median": [2.6813835575e-05, 0.00643129972741, 0.000464926066343, 0.000519176363014, 0.00118043611292, 0.000334580312483, 0.000443894095952, 0.000356182921678, 0.000496991327964, 0.000421017699409, 0.000191756596905, 0.00011504390568, 6.77405769238e-05, 5.05731659359e-05, 5.29875760549e-05, 5.3095529438e-05, 4.51968771813e-05, 4.82355644635e-05, 6.81575475028e-05, 7.49699320295e-05, 6.12902658759e-05, 7.69210964791e-05, 9.06690547708e-05, 7.3700415669e-05, 6.94705086062e-05, 2.23454826482e-05, 4.50382458439e-06],
        "min": [2.78424635777e-13, 1.12571792166e-11, 4.49037508565e-14, 3.84640880073e-14, 1.67450103263e-12, 5.91315147888e-12, 1.04233163767e-10, 1.03104032256e-10, 2.15492601541e-09, 1.13945319846e-09, 3.14926640321e-10, 6.98607768856e-11, 1.54682780473e-10, 1.74088049532e-10, 4.41118863659e-10, 4.38087725818e-11, 1.9386532657e-10, 5.57308053872e-11, 4.38716202256e-10, 1.91425847396e-10, 9.17834419578e-10, 6.16187212366e-10, 6.5105404401e-10, 4.62059085438e-10, 2.5572577389e-10, 1.76168746258e-10, 1.93492843276e-11],
        "var": [9.92324203253e-07, 0.00111618894152, 8.21439025458e-05, 2.74440662906e-05, 6.3741725171e-05, 1.18821171782e-05, 5.92693959334e-06, 6.49288040222e-06, 7.48613911128e-06, 1.29038107843e-05, 2.94999995276e-06, 3.10791460834e-06, 2.29191437029e-06, 4.24105195407e-07, 4.85557450247e-07, 1.29042376784e-07, 1.20902470258e-07, 7.69343770912e-08, 8.85126496541e-08, 1.31198973463e-07, 4.58620718291e-07, 2.73993975952e-07, 4.06014862619e-07, 2.66069764621e-06, 1.3891457229e-06, 1.82893330702e-07, 2.02499816915e-09]
    },
    "erbbands": {
        "dmean": [0.396209388971, 2.52740883827, 4.54473161697, 6.9934053421, 10.6995353699, 13.0142335892, 10.0973396301, 9.34677410126, 13.4274158478, 17.6363353729, 22.1640834808, 24.0062332153, 35.1112136841, 20.7533245087, 20.2642192841, 14.8637228012, 14.7313575745, 9.71075439453, 9.34466362, 10.643237114, 7.58845901489, 7.27967882156, 6.63632106781, 8.4814119339, 7.51290512085, 8.71103668213, 8.28608894348, 8.01893520355, 8.2384223938, 7.1372590065, 7.64488172531, 5.49658966064, 6.02129983902, 3.89106607437, 1.91835963726, 0.63374298811, 0.136994555593, 0.0220655668527, 0.00274376804009, 0.00016635080101],
        "dmean2": [0.459683507681, 3.42367744446, 7.4124994278, 12.6889457703, 19.1794891357, 22.1669330597, 16.5009365082, 15.0749568939, 22.0771598816, 28.6695365906, 35.4101257324, 39.3376922607, 55.5555992126, 32.4011383057, 30.6719932556, 23.8387126923, 23.2554855347, 14.8991003036, 15.0129871368, 16.103679657, 11.6815595627, 10.998884201, 9.89669513702, 13.1192035675, 11.2436227798, 13.4055719376, 12.5887517929, 12.5473594666, 12.4213056564, 11.0488672256, 12.1091060638, 8.50116348267, 8.54911231995, 6.13802433014, 2.86217236519, 0.936518192291, 0.198570474982, 0.0324234552681, 0.00417531980202, 0.000254635699093],
        "dvar": [0.335376024246, 16.8845329285, 118.12412262, 323.154937744, 542.309082031, 1193.70092773, 506.475006104, 647.20703125, 747.763977051, 1636.7434082, 2482.10986328, 2542.22753906, 6565.36279297, 2627.52490234, 2810.34692383, 4811.79833984, 2197.65087891, 535.489807129, 563.537353516, 683.573120117, 237.022064209, 231.287979126, 145.376754761, 206.184768677, 162.817077637, 278.510070801, 313.553161621, 230.527709961, 253.607589722, 209.332580566, 229.009063721, 130.558074951, 330.904052734, 82.8307952881, 23.6569690704, 2.26388025284, 0.121174551547, 0.00307840388268, 4.30366890214e-05, 1.46771512277e-07],
        "dvar2": [0.549429178238, 25.2209854126, 301.157318115, 906.559753418, 1508.82287598, 3311.91943359, 1222.79797363, 1429.89465332, 1902.04992676, 4048.88769531, 5624.88769531, 6623.81298828, 15870.1474609, 5518.37109375, 5668.5078125, 10581.9433594, 5159.06835938, 1093.42602539, 1344.20043945, 1418.76635742, 544.928466797, 532.993835449, 313.992706299, 482.206665039, 378.448486328, 701.125183105, 618.910217285, 523.163269043, 560.282165527, 463.558166504, 504.367614746, 289.127227783, 444.957946777, 179.83114624, 42.961151123, 4.02775430679, 0.204259067774, 0.00656181108207, 0.00010535481124, 3.7730569602e-07],
        "max": [5.0677819252, 37.709728241, 96.528175354, 160.123291016, 291.799316406, 603.274719238, 476.45602417, 1019.23590088, 507.397705078, 1054.01940918, 1332.75109863, 1548.89367676, 1914.19116211, 1298.35412598, 2219.54443359, 5208.06396484, 2108.54638672, 936.811157227, 1078.82775879, 986.30065918, 408.476928711, 342.521728516, 510.997497559, 205.277755737, 281.692840576, 307.028198242, 642.250244141, 304.580810547, 584.071289062, 493.472381592, 282.934448242, 291.228057861, 715.41619873, 223.082992554, 134.422439575, 38.3515739441, 11.6140432358, 1.70856201649, 0.198989808559, 0.010819690302],
        "mean": [0.851948976517, 4.78696346283, 4.40086364746, 5.74688720703, 10.5479469299, 14.0792617798, 12.231420517, 11.8284358978, 17.5105876923, 20.8307552338, 28.1090774536, 31.8760128021, 52.0980072021, 32.9238929749, 29.7053451538, 20.1942939758, 18.9396305084, 13.5164585114, 11.3886766434, 12.7745361328, 10.0987987518, 9.41243743896, 8.69729232788, 9.84557056427, 9.24813842773, 9.74207019806, 11.1581640244, 9.97455215454, 10.0216827393, 8.81900310516, 8.94358634949, 6.98185873032, 7.7719039917, 4.83505010605, 2.51361727715, 0.836965143681, 0.188503608108, 0.0290543381125, 0.00338059174828, 0.000257020059507],
        "median": [0.129236355424, 1.46697604656, 1.20168805122, 1.57632923126, 3.53569340706, 3.001765728, 3.0257024765, 3.39010953903, 6.76694536209, 6.06243896484, 9.57560157776, 11.5243673325, 16.8233337402, 11.1564531326, 8.1666841507, 5.27393579483, 3.85103464127, 2.93351769447, 2.86171603203, 3.11016345024, 3.10575723648, 2.72069811821, 2.8639998436, 3.35195493698, 3.31567907333, 3.75515151024, 2.89965796471, 2.40655469894, 2.79921269417, 2.50990748405, 2.5791285038, 1.62344741821, 1.30896270275, 0.870815515518, 0.377462118864, 0.131294563413, 0.0341347269714, 0.00542548345402, 0.000745243276469, 0.00012593336578],
        "min": [1.99523009226e-10, 2.8240880745e-09, 1.08858866366e-09, 4.36416708327e-10, 4.67627048195e-10, 6.13004669248e-09, 4.20538448509e-08, 8.90535787335e-08, 1.419511932e-06, 3.52009033122e-06, 5.02476723341e-06, 4.86618591822e-05, 4.2664589273e-05, 4.02714140364e-05, 5.46850333194e-06, 3.67442203242e-06, 5.23594098922e-06, 8.61948410602e-06, 2.4321505407e-05, 8.14823306428e-06, 5.77405626245e-06, 8.96028723218e-06, 3.57277804142e-06, 4.31366152043e-06, 3.09626593662e-05, 1.18733905765e-05, 4.04843121942e-05, 2.05155902222e-05, 3.01937743643e-05, 2.72895231319e-05, 1.79584767466e-05, 1.20470413094e-05, 9.58931741479e-06, 6.99788597558e-06, 5.12926453666e-06, 3.14378212352e-06, 7.98628377652e-07, 1.78371479365e-07, 6.16203443826e-09, 2.93996327283e-10],
        "var": [1.53375697136, 48.5561065674, 102.688575745, 204.405975342, 442.547729492, 1109.70727539, 747.882080078, 866.148498535, 1030.7019043, 2114.25195312, 3266.45166016, 3489.00830078, 10428.7578125, 6218.51318359, 6008.8203125, 6472.29443359, 4741.79833984, 1226.9564209, 701.339050293, 979.857910156, 382.718688965, 350.082275391, 270.070739746, 269.671325684, 229.593963623, 290.620788574, 729.821472168, 416.360229492, 397.929626465, 327.462524414, 365.954101562, 309.283966064, 1280.56726074, 204.730041504, 75.0698852539, 7.56329917908, 0.393141150475, 0.00716352136806, 5.94791927142e-05, 1.86590284557e-07]
    },
    "gfcc": {
        "mean": [-4.25306367874, 69.5117721558, -83.4011611938, 27.3305187225, -63.6375923157, 22.4310112, -22.1858901978, 15.3643541336, -18.2850933075, 0.247824072838, -14.1431779861, -1.12538993359, -5.54913759232],
        "cov": [[7342.61425781, -1055.47900391, -389.737121582, -108.641067505, -568.337646484, -234.144363403, -812.944335938, -144.858764648, -496.260253906, 100.847930908, -362.05670166, 47.7777786255, -352.876708984], [-1055.47900391, 2984.93383789, -23.2475948334, -17.960477829, 523.934326172, -115.832832336, 322.004119873, -28.5451393127, 277.646789551, -129.721328735, 263.083221436, -74.6504898071, 148.353927612], [-389.737121582, -23.2475948334, 2001.03356934, 548.141662598, 92.0179977417, 341.677429199, 110.727600098, 139.660827637, 40.3185920715, 22.7809562683, -50.50157547, -7.13725042343, 32.1397743225], [-108.641067505, -17.960477829, 548.141662598, 774.989990234, 265.432128906, 86.9473800659, 98.4023895264, 33.405166626, 111.310302734, 109.298072815, 49.2278327942, 44.0419692993, 31.7937908173], [-568.337646484, 523.934326172, 92.0179977417, 265.432128906, 679.64074707, 231.573516846, 286.114501953, 108.31829834, 174.955749512, 36.9397125244, 106.248260498, 19.4253883362, 65.0746078491], [-234.144363403, -115.832832336, 341.677429199, 86.9473800659, 231.573516846, 504.217071533, 268.00012207, 167.393341064, 70.8386993408, 2.46979999542, 17.7391643524, 6.48937225342, 11.0375986099], [-812.944335938, 322.004119873, 110.727600098, 98.4023895264, 286.114501953, 268.00012207, 449.939971924, 154.114562988, 163.319900513, 10.6551847458, 84.484375, 25.2540149689, 68.670211792], [-144.858764648, -28.5451393127, 139.660827637, 33.405166626, 108.31829834, 167.393341064, 154.114562988, 242.681777954, 128.214706421, 71.7722930908, 45.3509407043, 34.2414398193, 33.8824806213], [-496.260253906, 277.646789551, 40.3185920715, 111.310302734, 174.955749512, 70.8386993408, 163.319900513, 128.214706421, 242.772994995, 98.0122528076, 103.425117493, 21.455280304, 53.5690498352], [100.847930908, -129.721328735, 22.7809562683, 109.298072815, 36.9397125244, 2.46979999542, 10.6551847458, 71.7722930908, 98.0122528076, 179.106338501, 49.622756958, 50.1745452881, 9.31669330597], [-362.05670166, 263.083221436, -50.50157547, 49.2278327942, 106.248260498, 17.7391643524, 84.484375, 45.3509407043, 103.425117493, 49.622756958, 165.319747925, 46.6732025146, 49.7081794739], [47.7777786255, -74.6504898071, -7.13725042343, 44.0419692993, 19.4253883362, 6.48937225342, 25.2540149689, 34.2414398193, 21.455280304, 50.1745452881, 46.6732025146, 92.2356796265, 34.8575668335], [-352.876708984, 148.353927612, 32.1397743225, 31.7937908173, 65.0746078491, 11.0375986099, 68.670211792, 33.8824806213, 53.5690498352, 9.31669330597, 49.7081794739, 34.8575668335, 92.135848999]],
        "icov": [[0.000253543519648, -0.000115243681648, 9.86666273093e-05, -0.000115348557301, 5.98916267336e-05, -0.000188089790754, 0.000417403090978, -0.000283587403828, 0.000389980559703, -0.000295945035759, 0.000445391546236, -0.000599411374424, 0.000725098710973], [-0.000115243681648, 0.000717894465197, -0.000201974311494, 0.000307952199364, -0.000493236177135, 0.00067185505759, -0.000495330139529, 0.000456029549241, -0.00074427301297, 0.000811924575828, -0.00104712229222, 0.000998925417662, -0.000626122870017], [9.86666273093e-05, -0.000201974311494, 0.000862995861098, -0.000760160735808, 0.000411504151998, -0.000762667739764, 0.000436912698206, -0.000550652155653, 0.000376172363758, -9.39606979955e-05, 0.000629654852673, -1.14709537229e-05, -0.000202614726732], [-0.000115348557301, 0.000307952199364, -0.000760160735808, 0.00236708624288, -0.0010339228902, 0.000579958141316, -0.000434727233369, 0.00116762903053, -0.000828495016322, -0.000671488640364, -0.000357664277544, -0.000240720706643, -0.000100265482615], [5.98916267336e-05, -0.000493236177135, 0.000411504151998, -0.0010339228902, 0.0029381508939, -0.00126070040278, -0.000379436009098, -9.40892205108e-05, -0.000283287692582, -0.000180807895958, 0.000149127430632, -0.000123814068502, -0.000220570393139], [-0.000188089790754, 0.00067185505759, -0.000762667739764, 0.000579958141316, -0.00126070040278, 0.00476810988039, -0.0024779161904, -0.00139023852535, 0.000407760060625, 0.000960076635238, -0.00100336701144, 0.00103443989065, 0.000756842724513], [0.000417403090978, -0.000495330139529, 0.000436912698206, -0.000434727233369, -0.000379436009098, -0.0024779161904, 0.00587947154418, -0.00134712527506, -0.00126448925585, 0.000879670900758, 0.000911137962248, -0.00184865447227, -7.39442839404e-05], [-0.000283587403828, 0.000456029549241, -0.000550652155653, 0.00116762903053, -9.40892205108e-05, -0.00139023852535, -0.00134712527506, 0.00875406619161, -0.004070318304, -0.00102334597614, 0.000130098778754, -0.00093352550175, -0.00126046861988], [0.000389980559703, -0.00074427301297, 0.000376172363758, -0.000828495016322, -0.000283287692582, 0.000407760060625, -0.00126448925585, -0.004070318304, 0.0123632214963, -0.00550779700279, -0.00235138158314, 0.00325606600381, -0.00115726992954], [-0.000295945035759, 0.000811924575828, -9.39606979955e-05, -0.000671488640364, -0.000180807895958, 0.000960076635238, 0.000879670900758, -0.00102334597614, -0.00550779700279, 0.0114876031876, -0.00141509005334, -0.00368127948605, 0.00175396539271], [0.000445391546236, -0.00104712229222, 0.000629654852673, -0.000357664277544, 0.000149127430632, -0.00100336701144, 0.000911137962248, 0.000130098778754, -0.00235138158314, -0.00141509005334, 0.0121152251959, -0.00584351783618, -0.000231700643781], [-0.000599411374424, 0.000998925417662, -1.14709537229e-05, -0.000240720706643, -0.000123814068502, 0.00103443989065, -0.00184865447227, -0.00093352550175, 0.00325606600381, -0.00368127948605, -0.00584351783618, 0.0201536435634, -0.00812536012381], [0.000725098710973, -0.000626122870017, -0.000202614726732, -0.000100265482615, -0.000220570393139, 0.000756842724513, -7.39442839404e-05, -0.00126046861988, -0.00115726992954, 0.00175396539271, -0.000231700643781, -0.00812536012381, 0.0190223865211]]
    },
    "melbands": {
        "dmean": [0.00338524882682, 0.00237542996183, 0.00127932743635, 0.000864911999088, 0.000406834122259, 0.000210988830077, 0.000203431554837, 0.000193369822227, 0.000190779479453, 0.000154300229042, 0.000177375710336, 8.78710998222e-05, 6.53626120766e-05, 4.80024355056e-05, 3.81713434763e-05, 2.99765633827e-05, 1.72280433617e-05, 1.4751697563e-05, 1.64592620422e-05, 1.20007489386e-05, 8.60716863826e-06, 7.94110928837e-06, 6.42805025564e-06, 6.24776066616e-06, 7.29636894903e-06, 5.35495519216e-06, 6.51971868137e-06, 5.59129330213e-06, 4.81923143525e-06, 5.93617733102e-06, 4.1288230932e-06, 4.59733928437e-06, 4.32468277722e-06, 4.12902636526e-06, 4.69879887532e-06, 3.85467774322e-06, 3.59591558663e-06, 4.55680856248e-06, 3.60662170351e-06, 3.35961021847e-06],
        "dmean2": [0.00409315433353, 0.00336583820172, 0.00228208582848, 0.00150401017163, 0.000670135079417, 0.00034046251676, 0.000333448231686, 0.000313766358886, 0.000305297464365, 0.000252443249337, 0.000280893145828, 0.000138247516588, 9.66089501162e-05, 7.64726501075e-05, 6.01062529313e-05, 4.8659665481e-05, 2.65156995738e-05, 2.40071512962e-05, 2.58381714957e-05, 1.87550431292e-05, 1.35006202981e-05, 1.22643114082e-05, 1.01722234831e-05, 9.51723995968e-06, 1.14802578537e-05, 8.31726811157e-06, 1.01960085885e-05, 8.90986211743e-06, 7.59397198635e-06, 9.04018452275e-06, 6.60986643197e-06, 6.8930830821e-06, 6.70724739393e-06, 6.52936068946e-06, 7.52683672545e-06, 6.06623007116e-06, 5.61529532206e-06, 6.32223373032e-06, 5.60530224902e-06, 5.33308957529e-06],
        "dvar": [2.33944920183e-05, 1.94914027816e-05, 9.75895272859e-06, 3.62738023796e-06, 8.98383859749e-07, 2.9562625059e-07, 1.66897621057e-07, 1.98393365736e-07, 1.81279119715e-07, 9.79198659934e-08, 1.69321623389e-07, 5.25911758587e-08, 2.55346126465e-08, 3.24738635982e-08, 1.68041882631e-08, 7.10262515469e-09, 1.9887080871e-09, 1.25611321344e-09, 3.15715298349e-09, 6.36110886187e-10, 3.47477602247e-10, 2.7715160722e-10, 1.96208826964e-10, 1.15381551535e-10, 1.6431868366e-10, 7.8613171528e-11, 1.4276123339e-10, 1.34444816391e-10, 9.30737362181e-11, 2.21057255834e-10, 5.53605009057e-11, 8.35694083379e-11, 8.37260677455e-11, 8.35749802697e-11, 9.08073963246e-11, 6.75767358738e-11, 7.33699143107e-11, 2.40500674931e-10, 8.50701037391e-11, 6.84075643353e-11],
        "dvar2": [3.6330158764e-05, 4.07549050578e-05, 2.71167555184e-05, 9.92511559161e-06, 2.37042286244e-06, 6.6736191684e-07, 4.19482887537e-07, 4.65867088906e-07, 4.12415175788e-07, 2.51966156384e-07, 4.05065492259e-07, 1.07105279312e-07, 5.00487296051e-08, 7.09396559273e-08, 3.7683101084e-08, 1.77328445261e-08, 3.94236776557e-09, 2.96550384249e-09, 6.78493305983e-09, 1.42570666384e-09, 8.07682920545e-10, 6.41332431606e-10, 4.53011267387e-10, 2.46873882448e-10, 3.93537896715e-10, 1.88904156206e-10, 3.41365907763e-10, 3.40860728532e-10, 2.12317635695e-10, 4.12610001721e-10, 1.30577937352e-10, 1.80278000861e-10, 1.90281138068e-10, 1.90355120555e-10, 2.05699318689e-10, 1.59388460763e-10, 1.73878828003e-10, 3.04447717037e-10, 1.64404947989e-10, 1.57189317118e-10],
        "max": [0.0475345104933, 0.0395549200475, 0.0285106021911, 0.0258246771991, 0.0146341528744, 0.0215338282287, 0.00727450475097, 0.0147956628352, 0.0125784054399, 0.0094380164519, 0.0108301639557, 0.00693285604939, 0.0061212843284, 0.0124597977847, 0.00549940252677, 0.00231043179519, 0.0017459167866, 0.00140719441697, 0.00256700627506, 0.000632635899819, 0.000577919592615, 0.000379191973479, 0.000496609252878, 0.000354284857167, 0.000205740769161, 0.000127812687424, 0.00030067624175, 0.000229175304412, 0.000211888895137, 0.00062344642356, 0.000126236380311, 0.000284801382804, 0.000343773310306, 0.000264606467681, 0.000175771012437, 0.000148134829942, 0.000275484489975, 0.000634620781057, 0.000227906959481, 0.00019268275355],
        "mean": [0.00721282698214, 0.00372198829427, 0.00112465792336, 0.000925636617467, 0.00048129633069, 0.000275966973277, 0.000264384056209, 0.000229096665862, 0.000238568114582, 0.000202647410333, 0.000263016903773, 0.000136406175443, 9.5925606729e-05, 6.30182039458e-05, 4.84730262542e-05, 3.64196130249e-05, 2.35021834669e-05, 1.72678865056e-05, 1.94285894395e-05, 1.42477792906e-05, 1.13523310574e-05, 9.8820828498e-06, 8.14720897324e-06, 7.54573375161e-06, 8.14131362858e-06, 6.6619863901e-06, 7.17429293218e-06, 6.10732786299e-06, 5.98541100771e-06, 8.11119571154e-06, 4.89540889248e-06, 5.27645124748e-06, 5.76559614274e-06, 4.76467630506e-06, 5.37719370186e-06, 4.29709598393e-06, 4.35480660599e-06, 5.76459933654e-06, 4.5956348913e-06, 3.98116571887e-06],
        "median": [0.00152753130533, 0.00147751125041, 0.00036549026845, 0.00026873810566, 0.000115743379865, 7.80562622822e-05, 9.90022963379e-05, 6.28846755717e-05, 7.72557687014e-05, 7.23266784917e-05, 8.09527264209e-05, 4.28295497841e-05, 2.57812371274e-05, 1.72262080014e-05, 9.90469288809e-06, 6.24507447355e-06, 4.75658089272e-06, 4.19299340138e-06, 4.00417002311e-06, 3.604349331e-06, 3.32408490067e-06, 2.64448931375e-06, 2.32015213442e-06, 2.26271868087e-06, 2.54773499364e-06, 2.51157166531e-06, 2.37142126025e-06, 2.26528254643e-06, 1.83401664344e-06, 1.32189859414e-06, 1.33716662276e-06, 1.45458534462e-06, 1.49088657508e-06, 1.23250754314e-06, 1.53920746016e-06, 1.15843965887e-06, 8.93830531368e-07, 8.78158630258e-07, 8.4899460262e-07, 6.84229348735e-07],
        "min": [2.23612881683e-12, 1.43127653826e-12, 5.49763583453e-14, 1.11418923946e-13, 1.16371354827e-12, 1.78627674718e-12, 2.18084925119e-11, 3.3552879225e-11, 4.544586929e-11, 3.45878270469e-10, 2.03808386834e-10, 1.62791682912e-10, 2.73882964918e-11, 5.04037566892e-12, 1.41753934979e-11, 1.36413979071e-11, 1.40442414642e-11, 1.69737938982e-11, 1.92634606183e-11, 4.89585715718e-12, 8.50726780688e-12, 1.2340839288e-11, 3.53914206969e-12, 1.82003522496e-12, 1.78276067953e-12, 2.07490708642e-11, 1.89359205399e-11, 4.48368946138e-12, 2.49878433917e-11, 2.40356866354e-11, 7.68073885743e-12, 2.10657203487e-11, 7.38045215221e-12, 1.29379024855e-11, 1.03862352746e-11, 5.95697883382e-12, 6.13373457928e-12, 4.67670173421e-12, 3.71909881364e-12, 2.51707053638e-12],
        "var": [0.000101174911833, 3.40734004567e-05, 6.53886809232e-06, 3.41414647664e-06, 1.08732001536e-06, 4.09584743011e-07, 2.28645802736e-07, 2.65703476998e-07, 2.45064995852e-07, 1.39614314776e-07, 2.83878279106e-07, 1.28773990582e-07, 6.00809428875e-08, 4.51664554646e-08, 3.62769441153e-08, 1.10444702273e-08, 4.54886084356e-09, 1.60525415183e-09, 3.84830611821e-09, 9.08547126421e-10, 5.6642884827e-10, 4.02690297774e-10, 3.18430892765e-10, 1.75726960761e-10, 2.01670000144e-10, 1.05708358733e-10, 1.85099824357e-10, 1.26981300475e-10, 1.386998294e-10, 6.39656494439e-10, 8.37614561044e-11, 1.14481035762e-10, 1.65914088024e-10, 1.10816036902e-10, 1.44865910934e-10, 8.23481005607e-11, 1.62607552423e-10, 8.78482953048e-10, 2.75959449736e-10, 1.31485031196e-10]
    },
    "mfcc": {
        "mean": [-657.647155762, 106.767547607, 31.2573204041, 14.4425840378, -3.2695980072, 6.09725952148, 7.77632522583, 11.8939476013, 7.39438247681, 8.0900592804, -0.779071331024, -0.2219645679, 0.558753311634],
        "cov": [[7560.97314453, -963.001403809, -717.121520996, -257.168884277, -254.708755493, -341.634155273, -475.415588379, -477.201782227, -415.745330811, -327.508728027, -81.5025634766, -175.064376831, -189.570083618], [-963.001403809, 2419.61669922, -229.177246094, 80.3707122803, 132.420303345, 1.22565150261, 130.467102051, 162.758911133, 52.2900352478, 130.995391846, 5.79907560349, 85.2060470581, 49.2038421631], [-717.121520996, -229.177246094, 1739.29992676, 269.036682129, 221.197219849, 155.010925293, 120.256698608, 95.7495117188, 145.922622681, 46.4342575073, 6.70562648773, 2.39380550385, 44.8527908325], [-257.168884277, 80.3707122803, 269.036682129, 717.873291016, 237.479766846, 152.075134277, 10.91801548, -8.04981422424, 58.3073768616, 22.4703559875, 78.2588195801, 60.6656227112, 67.787979126], [-254.708755493, 132.420303345, 221.197219849, 237.479766846, 433.103881836, 186.634262085, 138.734512329, 102.288742065, 96.887588501, 84.6363830566, 53.8323516846, 67.1476211548, 51.2318572998], [-341.634155273, 1.22565150261, 155.010925293, 152.075134277, 186.634262085, 348.438873291, 204.201950073, 158.876327515, 125.978096008, 70.8623809814, 79.4655151367, 47.6127929688, 34.8250656128], [-475.415588379, 130.467102051, 120.256698608, 10.91801548, 138.734512329, 204.201950073, 302.035949707, 222.457244873, 133.327087402, 81.8090820312, 41.7270622253, 53.232711792, 41.0363578796], [-477.201782227, 162.758911133, 95.7495117188, -8.04981422424, 102.288742065, 158.876327515, 222.457244873, 282.105499268, 159.389953613, 98.1250305176, 58.5631141663, 65.5246658325, 51.0844802856], [-415.745330811, 52.2900352478, 145.922622681, 58.3073768616, 96.887588501, 125.978096008, 133.327087402, 159.389953613, 222.385559082, 115.987892151, 86.2466583252, 45.3003311157, 45.1289176941], [-327.508728027, 130.995391846, 46.4342575073, 22.4703559875, 84.6363830566, 70.8623809814, 81.8090820312, 98.1250305176, 115.987892151, 157.279586792, 90.4046401978, 57.3021888733, 44.5798301697], [-81.5025634766, 5.79907560349, 6.70562648773, 78.2588195801, 53.8323516846, 79.4655151367, 41.7270622253, 58.5631141663, 86.2466583252, 90.4046401978, 162.54486084, 84.4878387451, 49.4353179932], [-175.064376831, 85.2060470581, 2.39380550385, 60.6656227112, 67.1476211548, 47.6127929688, 53.232711792, 65.5246658325, 45.3003311157, 57.3021888733, 84.4878387451, 120.804275513, 68.9683914185], [-189.570083618, 49.2038421631, 44.8527908325, 67.787979126, 51.2318572998, 34.8250656128, 41.0363578796, 51.0844802856, 45.1289176941, 44.5798301697, 49.4353179932, 68.9683914185, 100.405990601]],
