{
"lowlevel": {
    "average_loudness": 0.961431622505,
    "barkbands_crest": {
        "dmean": 2.95074772835,
        "dmean2": 4.1596660614,
        "dvar": 9.62340545654,
        "dvar2": 16.6949958801,
        "max": 26.44972229,
        "mean": 14.3428621292,
        "median": 14.0546016693,
        "min": 1.95039856434,
        "var": 42.9956665039
    },
    "barkbands_flatness_db": {
        "dmean": 0.0322890020907,
        "dmean2": 0.0420350059867,
        "dvar": 0.00103966018651,
        "dvar2": 0.00165824068245,
        "max": 0.437912404537,
        "mean": 0.153081268072,
        "median": 0.141006365418,
        "min": 0.0150290513411,
        "var": 0.00551511533558
    },
    "barkbands_kurtosis": {
        "dmean": 8.22734165192,
        "dmean2": 11.4242296219,
        "dvar": 237.188796997,
        "dvar2": 470.567138672,
        "max": 273.804992676,
        "mean": 15.091963768,
        "median": 2.93149113655,
        "min": -1.91725289822,
        "var": 815.606994629
    },
    "barkbands_skewness": {
        "dmean": 0.900186657906,
        "dmean2": 1.17893135548,
        "dvar": 0.948283672333,
        "dvar2": 1.51747107506,
        "max": 15.0114374161,
        "mean": 2.69465231895,
        "median": 1.81201767921,
        "min": -2.2598092556,
        "var": 6.23724222183
    },
    "barkbands_spread": {
        "dmean": 7.48435592651,
        "dmean2": 10.5223875046,
        "dvar": 83.1907424927,
        "dvar2": 151.157180786,
        "max": 91.6702346802,
        "mean": 20.8908443451,
        "median": 18.5900802612,
        "min": 0.616224050522,
        "var": 232.122787476
    },
    "dissonance": {
        "dmean": 0.0144441630691,
        "dmean2": 0.0244760774076,
        "dvar": 0.000241319707129,
        "dvar2": 0.000653370341752,
        "max": 0.500000059605,
        "mean": 0.478605866432,
        "median": 0.484245479107,
        "min": 0.295295029879,
        "var": 0.000394323113142
    },
    "dynamic_complexity": 3.66744351387,
    "erbbands_crest": {
        "dmean": 2.44570350647,
        "dmean2": 4.00467395782,
        "dvar": 6.87638378143,
        "dvar2": 17.0168533325,
        "max": 30.9318733215,
        "mean": 7.59826183319,
        "median": 6.37589025497,
        "min": 2.2298104763,
        "var": 17.1181793213
    },
    "erbbands_flatness_db": {
        "dmean": 0.0196187775582,
        "dmean2": 0.0291159413755,
        "dvar": 0.000384441984352,
        "dvar2": 0.000765248900279,
        "max": 0.385738164186,
        "mean": 0.132330566645,
        "median": 0.123471900821,
        "min": 0.0452980473638,
        "var": 0.00199019652791
    },
    "erbbands_kurtosis": {
        "dmean": 0.862988948822,
        "dmean2": 1.36265361309,
        "dvar": 1.82381975651,
        "dvar2": 4.41700077057,
        "max": 31.035823822,
        "mean": 0.339691340923,
        "median": -0.147779941559,
        "min": -1.75301277637,
        "var": 3.53024077415
    },
    "erbbands_skewness": {
        "dmean": 0.351180970669,
        "dmean2": 0.538934111595,
        "dvar": 0.102710574865,
        "dvar2": 0.238914847374,
        "max": 4.94730901718,
        "mean": 0.0361007377505,
        "median": 0.0155607908964,
        "min": -4.16960668564,
        "var": 0.397210687399
    },
    "erbbands_spread": {
        "dmean": 8.98087596893,
        "dmean2": 13.1614818573,
        "dvar": 72.0037689209,
        "dvar2": 145.457305908,
        "max": 126.816360474,
        "mean": 40.7637443542,
        "median": 38.5789871216,
        "min": 3.054677248,
        "var": 334.482788086
    },
    "hfc": {
        "dmean": 9.66212368011,
        "dmean2": 14.4536075592,
        "dvar": 231.634109497,
        "dvar2": 542.617919922,
        "max": 225.636871338,
        "mean": 18.2629375458,
        "median": 10.1595115662,
        "min": 1.16958454941e-16,
        "var": 428.033935547
    },
    "melbands_crest": {
        "dmean": 4.1151676178,
        "dmean2": 5.85808086395,
        "dvar": 16.8173942566,
        "dvar2": 35.090259552,
        "max": 38.302646637,
        "mean": 22.1133995056,
        "median": 22.5576438904,
        "min": 2.66065764427,
        "var": 91.6877059937
    },
    "melbands_flatness_db": {
        "dmean": 0.0383863672614,
        "dmean2": 0.0492856800556,
        "dvar": 0.00151126435958,
        "dvar2": 0.00237459759228,
        "max": 0.54640853405,
        "mean": 0.234095737338,
        "median": 0.221372246742,
        "min": 0.00904454663396,
        "var": 0.0086869103834
    },
    "melbands_kurtosis": {
        "dmean": 19.8248653412,
        "dmean2": 27.8045253754,
        "dvar": 1134.38476562,
        "dvar2": 2217.15380859,
        "max": 632.131958008,
        "mean": 41.222984314,
        "median": 12.1300888062,
        "min": -1.82892632484,
        "var": 4492.34179688
    },
    "melbands_skewness": {
        "dmean": 1.24910533428,
        "dmean2": 1.68223440647,
        "dvar": 1.8008351326,
        "dvar2": 2.97236871719,
        "max": 21.6702270508,
        "mean": 4.42373466492,
        "median": 3.18828344345,
        "min": -1.54519212246,
        "var": 12.5456209183
    },
    "melbands_spread": {
        "dmean": 7.86492919922,
        "dmean2": 11.3821239471,
        "dvar": 93.9529800415,
        "dvar2": 185.550354004,
        "max": 149.602218628,
        "mean": 20.0761756897,
        "median": 16.3704490662,
        "min": 0.423557370901,
        "var": 294.425292969
    },
    "pitch_salience": {
        "dmean": 0.0980627462268,
        "dmean2": 0.145492836833,
        "dvar": 0.0121072074398,
        "dvar2": 0.0240388233215,
        "max": 0.889644145966,
        "mean": 0.417716562748,
        "median": 0.42158550024,
        "min": 0.0269786659628,
        "var": 0.0432426296175
    },
    "silence_rate_20dB": {
        "dmean": 0,
        "dmean2": 0,
        "dvar": 0,
        "dvar2": 0,
        "max": 1,
        "mean": 1,
        "median": 1,
        "min": 1,
        "var": 0
    },
    "silence_rate_30dB": {
        "dmean": 0.0861229673028,
        "dmean2": 0.172258839011,
        "dvar": 0.0787173733115,
        "dvar2": 0.182889252901,
        "max": 1,
        "mean": 0.918226718903,
        "median": 1,
        "min": 0,
        "var": 0.0750970244408
    },
    "silence_rate_60dB": {
        "dmean": 0.0236650947481,
        "dmean2": 0.0473337322474,
        "dvar": 0.0231047198176,
        "dvar2": 0.056328766048,
        "max": 1,
        "mean": 0.0497978143394,
        "median": 0,
        "min": 0,
        "var": 0.0473188236356
    },
    "spectral_centroid": {
        "dmean": 292.379119873,
        "dmean2": 437.036071777,
        "dvar": 89020.65625,
        "dvar2": 173227.75,
        "max": 10958.3359375,
        "mean": 1505.57275391,
        "median": 1442.93688965,
        "min": 293.204040527,
        "var": 337690.6875
    },
    "spectral_complexity": {
        "dmean": 5.31925392151,
        "dmean2": 7.75554227829,
        "dvar": 38.7681427002,
        "dvar2": 68.8395614624,
        "max": 58,
        "mean": 17.1949977875,
        "median": 15,
        "min": 0,
        "var": 105.886459351
    },
    "spectral_decrease": {
        "dmean": 4.09448341898e-09,
        "dmean2": 5.68684210833e-09,
        "dvar": 2.99675293655e-17,
        "dvar2": 5.98850506999e-17,
        "max": 1.41406357695e-19,
        "mean": -1.08974100854e-08,
        "median": -6.73630795589e-09,
        "min": -5.78883003755e-08,
        "var": 1.00434185481e-16
    },
    "spectral_energy": {
        "dmean": 0.015904052183,
        "dmean2": 0.0223061256111,
        "dvar": 0.000454054097645,
        "dvar2": 0.000906439556275,
        "max": 0.234496220946,
        "mean": 0.04278569296,
        "median": 0.0273541733623,
        "min": 1.10766786475e-20,
        "var": 0.00149929418694
    },
    "spectral_energyband_high": {
        "dmean": 0.000527418975253,
        "dmean2": 0.00078102061525,
        "dvar": 6.81692995386e-07,
        "dvar2": 1.51452297814e-06,
        "max": 0.00981334596872,
        "mean": 0.000695596216246,
        "median": 0.000244395661866,
        "min": 7.68283575793e-21,
        "var": 1.08922984055e-06
    },
    "spectral_energyband_low": {
        "dmean": 0.0133948214352,
        "dmean2": 0.0179095100611,
        "dvar": 0.000374663330149,
        "dvar2": 0.000779433932621,
        "max": 0.172699391842,
        "mean": 0.0304662380368,
        "median": 0.012274091132,
        "min": 1.26877800532e-22,
        "var": 0.00119240686763
    },
    "spectral_energyband_middle_high": {
        "dmean": 0.00286660599522,
        "dmean2": 0.00433743046597,
        "dvar": 3.20549806929e-05,
        "dvar2": 7.05159036443e-05,
        "max": 0.115059249103,
        "mean": 0.00551191344857,
        "median": 0.00209297728725,
        "min": 2.03855753907e-21,
        "var": 7.67454112065e-05
    },
    "spectral_energyband_middle_low": {
        "dmean": 0.00575636187568,
        "dmean2": 0.0101181259379,
        "dvar": 0.000184737189556,
        "dvar2": 0.000513147388119,
        "max": 0.163989290595,
        "mean": 0.00682421401143,
        "median": 0.00322728371248,
        "min": 4.42352200124e-22,
        "var": 0.000140087489854
    },
    "spectral_entropy": {
        "dmean": 0.180280268192,
        "dmean2": 0.265182554722,
        "dvar": 0.0327360965312,
        "dvar2": 0.0667392984033,
        "max": 9.79935073853,
        "mean": 7.7942814827,
        "median": 7.78639125824,
        "min": 6.15631532669,
        "var": 0.120586536825
    },
    "spectral_flux": {
        "dmean": 0.0373287349939,
        "dmean2": 0.0539161600173,
        "dvar": 0.00221441499889,
        "dvar2": 0.00335449795239,
        "max": 0.432632774115,
        "mean": 0.0981285721064,
        "median": 0.0729847997427,
        "min": 1.05245798188e-10,
        "var": 0.00588077167049
    },
    "spectral_kurtosis": {
        "dmean": 1.41013240814,
        "dmean2": 2.23265957832,
        "dvar": 2.18978285789,
        "dvar2": 5.87128543854,
        "max": 28.586681366,
        "mean": 4.64037513733,
        "median": 4.33640003204,
        "min": -1.21319901943,
        "var": 6.16533660889
    },
    "spectral_rms": {
        "dmean": 0.0011635646224,
        "dmean2": 0.00159735814668,
        "dvar": 1.97865733753e-06,
        "dvar2": 3.52085862687e-06,
        "max": 0.0151253696531,
        "mean": 0.00572916679084,
        "median": 0.00516594620422,
        "min": 3.28732657415e-12,
        "var": 8.91898798727e-06
    },
    "spectral_rolloff": {
        "dmean": 544.098144531,
        "dmean2": 869.003601074,
        "dvar": 855748.1875,
        "dvar2": 1721512.375,
        "max": 18174.0234375,
        "mean": 1103.89746094,
        "median": 818.26171875,
        "min": 43.06640625,
        "var": 1488971.125
    },
    "spectral_skewness": {
        "dmean": 0.206989422441,
        "dmean2": 0.310112714767,
        "dvar": 0.0334283187985,
        "dvar2": 0.0774068981409,
        "max": 3.4817302227,
        "mean": 1.60473573208,
        "median": 1.60102677345,
        "min": -0.0319844372571,
        "var": 0.134914666414
    },
    "spectral_spread": {
        "dmean": 764039.75,
        "dmean2": 1136406.875,
        "dvar": 770431582208,
        "dvar2": 1.51464653619e+12,
        "max": 41291128,
        "mean": 4774511.5,
        "median": 4585830,
        "min": 1252026,
        "var": 2.15447319347e+12
    },
    "spectral_strongpeak": {
        "dmean": 0.368665903807,
        "dmean2": 0.602783560753,
        "dvar": 0.764298796654,
        "dvar2": 1.87829196453,
        "max": 15.8943061829,
        "mean": 0.650561332703,
        "median": 0.392188966274,
        "min": 0,
        "var": 1.12049543858
    },
    "zerocrossingrate": {
        "dmean": 0.013540818356,
        "dmean2": 0.0152033492923,
        "dvar": 0.000236936451984,
        "dvar2": 0.000250200420851,
        "max": 0.5224609375,
        "mean": 0.0476884841919,
        "median": 0.04296875,
        "min": 0.001953125,
        "var": 0.0011384037789
    },
    "barkbands": {
        "dmean": [0.00141843827441, 0.0117664234713, 0.00348964030854, 0.00162410899065, 0.0019695200026, 0.00132695375942, 0.000761582283303, 0.000403629412176, 0.000579183688387, 0.000419132353272, 0.000653857772704, 0.000601342064328, 0.000439569819719, 0.000471080769785, 0.000537888729014, 0.000345725071384, 0.000316269200994, 0.000233413578826, 0.000159703165991, 0.000150933454279, 9.04655607883e-05, 9.37786826398e-05, 0.000100685479993, 8.38820342324e-05, 6.95531489328e-05, 4.03055455536e-05, 1.63918994076e-05],
        "dmean2": [0.00186200835742, 0.0169132612646, 0.00620730686933, 0.0030449887272, 0.00354986009188, 0.00228755222633, 0.0012372097699, 0.000670961046126, 0.000964318751357, 0.000686368381139, 0.00100951036438, 0.00094096706016, 0.000675254967064, 0.000753788335714, 0.000865278183483, 0.00056152290199, 0.00052574579604, 0.000373393588234, 0.000253620703006, 0.000235691710259, 0.000140488918987, 0.000137661336339, 0.000152557375259, 0.000125518068671, 0.000109631939267, 6.51191949146e-05, 2.83043336822e-05],
        "dvar": [6.28367160971e-06, 0.000386523024645, 9.94247966446e-05, 2.33225564443e-05, 3.03753840853e-05, 1.11922072392e-05, 7.01828503225e-06, 1.80226766133e-06, 5.12538736075e-06, 1.21636981021e-06, 8.67356357048e-06, 6.80548237142e-06, 2.95464337796e-06, 3.26304302689e-06, 2.98317445413e-06, 6.86866485466e-07, 5.25809014107e-07, 2.00310012133e-07, 2.10343074514e-07, 1.03818372565e-07, 3.30281260119e-08, 2.40774653548e-08, 2.674991606e-08, 1.90942337497e-08, 1.48584593518e-08, 7.01482649745e-09, 1.970438257e-09],
        "dvar2": [1.61648076755e-05, 0.000900510174688, 0.000269247364486, 6.74142793287e-05, 8.51093645906e-05, 3.01926556858e-05, 1.70808434632e-05, 4.34665344073e-06, 1.20834019981e-05, 2.77577328234e-06, 1.96276087081e-05, 1.50092519107e-05, 6.87710416969e-06, 8.06555999588e-06, 7.56957706471e-06, 1.65469191415e-06, 1.32384684548e-06, 4.66278862632e-07, 5.06761978158e-07, 2.40748903479e-07, 7.31648910346e-08, 4.95999508132e-08, 5.89116844196e-08, 4.18632062349e-08, 3.66100785243e-08, 1.70470588756e-08, 5.32247490526e-09],
        "max": [0.0247294865549, 0.16511169076, 0.0664227604866, 0.0490954108536, 0.0926220566034, 0.0565087907016, 0.0908413827419, 0.0481027960777, 0.130963668227, 0.0420707464218, 0.069031342864, 0.100196547806, 0.057963617146, 0.0704174265265, 0.0459632799029, 0.0212465971708, 0.0278244651854, 0.00734066078439, 0.0168995521963, 0.00950063951313, 0.00720423366874, 0.00341952499002, 0.00241744145751, 0.00193873874377, 0.00194096472114, 0.00300948694348, 0.000436782691395],
        "mean": [0.00241983798333, 0.0249402560294, 0.00249901064672, 0.00125687103719, 0.00173324160278, 0.00132266874425, 0.00105635763612, 0.000486408971483, 0.000770300801378, 0.000596352037974, 0.000833704601973, 0.000868252711371, 0.000615057593677, 0.000633170071524, 0.000632965064142, 0.000421295233537, 0.000366649881471, 0.000309221679345, 0.000223953466048, 0.000225711031817, 0.000114921953354, 0.000123356818222, 0.000119357340736, 9.28093431867e-05, 7.13122281013e-05, 4.01193210564e-05, 1.255513871e-05],
        "median": [0.000619355007075, 0.0080156000331, 0.000229697179748, 0.000228725970373, 0.000505456700921, 0.000358561053872, 0.000394512637286, 0.000132001368911, 0.000259435968474, 0.000272925157333, 0.000165715406183, 0.000182024537935, 0.000137563270982, 0.000150039384607, 0.000165304576512, 0.000107983272756, 0.000116067072668, 0.000101766156149, 7.68833706388e-05, 7.61806877563e-05, 3.16573532473e-05, 3.8794347347e-05, 3.4724624129e-05, 2.35096013057e-05, 1.93196574401e-05, 1.15780021588e-05, 1.15232899134e-06],
        "min": [1.14748038595e-23, 5.68612455096e-23, 5.69463162696e-23, 1.33826592256e-23, 4.56740619139e-23, 1.77050591038e-22, 9.65665649336e-23, 2.00668922457e-23, 2.80117881012e-23, 1.19758905153e-22, 4.06931405158e-23, 1.89870969143e-22, 1.9165173744e-22, 1.34481321564e-22, 2.20798052673e-22, 1.89365391344e-22, 2.2064744966e-22, 2.52191182604e-22, 2.61917850187e-22, 3.60372866086e-22, 4.50497637044e-22, 6.47378487299e-22, 3.98598314006e-22, 6.39519716122e-22, 1.26692333653e-21, 1.89184566754e-21, 2.35348010206e-21],
        "var": [1.3379453776e-05, 0.000938249984756, 6.60428995616e-05, 1.35298323585e-05, 1.99658952624e-05, 9.25491804082e-06, 7.77051445766e-06, 2.37265430769e-06, 7.6059368439e-06, 1.82315397979e-06, 1.09792927105e-05, 1.25182978081e-05, 4.53378515886e-06, 4.32788328908e-06, 3.19616287925e-06, 9.36055755574e-07, 5.78668334583e-07, 2.70116316869e-07, 2.99170608287e-07, 2.06791398227e-07, 5.78859697953e-08, 4.15681462584e-08, 3.77845523758e-08, 2.50415563841e-08, 1.55302011251e-08, 8.24849966108e-09, 1.45183831624e-09]
    },
    "erbbands": {
        "dmean": [0.487415015697, 2.40505695343, 4.03019428253, 4.65626621246, 6.22660398483, 6.27507162094, 8.05027961731, 11.7436180115, 10.7478094101, 10.107126236, 8.73961639404, 13.3406772614, 13.3963871002, 18.2065238953, 21.1870136261, 23.2088623047, 19.7193584442, 20.1809253693, 23.7056007385, 27.2493724823, 18.810125351, 16.9411792755, 12.9724054337, 9.47988700867, 7.85760450363, 6.0134806633, 4.37845563889, 3.42137145996, 3.15041017532, 3.34382891655, 2.71415042877, 2.26622605324, 1.16422736645, 0.709771215916, 0.536988675594, 0.200467213988, 0.0718320831656, 0.0203653667122, 0.00263630691916, 0.000142883975059],
        "dmean2": [0.622331619263, 3.33128094673, 6.42568159103, 8.46870136261, 11.4081630707, 11.1500148773, 14.219294548, 20.1550769806, 17.4998607635, 16.4690151215, 14.491312027, 22.243516922, 22.2531204224, 28.325345993, 32.8768577576, 36.2356910706, 30.0679283142, 31.8773117065, 38.6265602112, 43.5271911621, 30.5457553864, 27.7441329956, 20.8290710449, 15.3804359436, 12.4302759171, 9.21023654938, 6.72015333176, 5.28304290771, 4.74630641937, 4.92162084579, 4.13710737228, 3.47230887413, 1.72787988186, 1.09677922726, 0.876460373402, 0.317602753639, 0.118150770664, 0.0347493924201, 0.00449454318732, 0.000243355534622],
        "dvar": [0.471499472857, 22.6093158722, 108.755279541, 179.774642944, 331.055969238, 282.490631104, 662.731811523, 963.852966309, 1124.85522461, 1798.68212891, 1210.13330078, 2504.03979492, 981.387023926, 5879.47167969, 7123.10644531, 11764.6542969, 5991.00732422, 7061.87841797, 3694.90893555, 7727.06298828, 2192.0859375, 1357.28491211, 658.857849121, 559.858215332, 552.378051758, 124.87436676, 95.5004653931, 42.7914123535, 29.0125770569, 29.1719245911, 20.9255599976, 15.5790338516, 3.61250972748, 1.49958670139, 1.04536497593, 0.182319328189, 0.0218964572996, 0.00219054589979, 5.02375187352e-05, 1.56390626671e-07],
        "dvar2": [1.01651036739, 48.6244087219, 268.202941895, 505.147979736, 943.06451416, 783.843444824, 1843.96716309, 2558.50927734, 2512.77734375, 4347.98095703, 2684.06982422, 5747.99707031, 2296.75097656, 13418.25, 17163.7558594, 25877.8144531, 13881.4082031, 18242.5195312, 9256.00976562, 19473.0253906, 5363.15917969, 3371.31225586, 1543.7121582, 1449.61621094, 1210.19787598, 264.336456299, 213.803085327, 98.9464950562, 59.5043983459, 61.3479614258, 46.4030303955, 34.8527832031, 7.90039014816, 3.35258555412, 2.76899051666, 0.423614442348, 0.0564883872867, 0.00598968146369, 0.000133982175612, 4.18355199372e-07],
        "max": [7.51496553421, 38.9943618774, 69.9326095581, 161.95652771, 182.92048645, 321.850524902, 968.504455566, 494.658447266, 1620.22546387, 1602.94604492, 2177.68701172, 2454.20751953, 1152.33947754, 2898.54125977, 2305.15942383, 4264.47753906, 3092.26220703, 3992.96777344, 1358.74743652, 2320.04370117, 1678.63330078, 1417.29199219, 436.220245361, 1056.62854004, 1175.32983398, 318.610870361, 402.895141602, 208.219314575, 108.748336792, 131.623672485, 80.9186096191, 54.4548873901, 25.7240371704, 28.2975845337, 9.6187620163, 17.8616790771, 3.67223596573, 0.373538225889, 0.0761316791177, 0.00438687903807],
        "mean": [1.11783218384, 3.92733240128, 3.61726975441, 3.71697258949, 4.9850897789, 5.76400375366, 7.96568155289, 11.7410240173, 14.4780702591, 13.3154249191, 11.2277269363, 17.9474201202, 19.0849132538, 26.2453422546, 32.0769004822, 32.3157501221, 28.560136795, 28.7057361603, 31.9205417633, 32.5983428955, 23.635641098, 20.71367836, 17.2793960571, 13.0661697388, 11.6816740036, 9.68668651581, 6.24498844147, 4.19015026093, 4.01950311661, 4.5643992424, 3.10574817657, 2.35020208359, 1.34735071659, 0.794806838036, 0.507222294807, 0.209344774485, 0.067997969687, 0.0167079288512, 0.002101424383, 0.000147393104271],
        "median": [0.33538454771, 1.07984471321, 0.516369223595, 0.821089863777, 1.19884061813, 1.58956086636, 2.28638792038, 3.01204252243, 5.27366352081, 4.81897354126, 3.59920215607, 6.00988197327, 8.99684143066, 7.70216321945, 7.67817163467, 7.64369392395, 6.91854190826, 8.1423664093, 8.62748622894, 9.1826877594, 6.12927722931, 6.89996814728, 5.88615036011, 4.60143566132, 4.07140159607, 3.55306720734, 1.8272497654, 1.1392493248, 1.19258117676, 1.52613604069, 0.868672966957, 0.517151236534, 0.385554850101, 0.225653231144, 0.128650128841, 0.0649502873421, 0.0174609404057, 0.00273597426713, 0.000227120501222, 5.93329968979e-05],
        "min": [1.11705349703e-21, 1.47515577657e-20, 6.85824105415e-20, 4.66506988766e-20, 1.32536642158e-19, 1.27494291316e-19, 7.65170604343e-19, 1.62480089194e-18, 1.43890983365e-18, 7.45310825016e-19, 5.4984546133e-19, 7.6929435819e-19, 3.6748081875e-18, 1.89386558121e-18, 3.38176580702e-18, 6.96915961534e-18, 7.28026389808e-18, 9.78466983505e-18, 1.29732897962e-17, 8.30629045809e-18, 9.55287976535e-18, 1.2519401732e-17, 1.15015874212e-17, 1.81291636297e-17, 1.07435433914e-17, 1.94026925552e-17, 1.92702841002e-17, 1.57967558391e-17, 1.97956612488e-17, 1.89726512809e-17, 1.25951383889e-17, 9.69751808571e-18, 1.254918437e-17, 1.07952322535e-17, 1.14442571873e-17, 6.3454087716e-18, 3.8816306376e-18, 1.56911984939e-18, 3.3385249922e-19, 3.33076649042e-20],
        "var": [1.97041964531, 37.3846855164, 95.2121124268, 112.083030701, 198.689056396, 201.040481567, 501.407562256, 798.979614258, 1418.42333984, 1790.75195312, 1884.39819336, 3821.78515625, 1481.34008789, 8194.96875, 12422.2294922, 18940.2988281, 9181.84765625, 7617.05078125, 5594.84326172, 7877.13818359, 3058.21679688, 1572.5925293, 876.65435791, 687.271484375, 855.058959961, 325.75390625, 199.965011597, 60.8008995056, 48.2932929993, 51.8016891479, 27.6467475891, 18.5021343231, 4.96515989304, 1.8961763382, 0.891576528549, 0.24108171463, 0.0215683337301, 0.00161830766592, 3.87410145777e-05, 1.21884113469e-07]
    },
    "gfcc": {
        "mean": [-5.4009437561, 79.6778030396, -110.770835876, 29.3420505524, -40.4974555969, 23.0790882111, -26.94282341, 16.9233589172, -14.5667381287, 8.15581512451, -9.99210453033, 7.78908252716, -6.60498142242],
        "cov": [[5973.86572266, -812.808776855, 490.61227417, -9.00205516815, -305.013336182, -219.308792114, -528.731689453, -277.781097412, -191.460906982, 127.825759888, -84.1863250732, 46.4009361267, -124.981689453], [-812.808776855, 1045.23742676, -104.467079163, -34.9807777405, 205.462387085, -128.109939575, 100.132377625, 14.7838935852, 86.3458175659, -13.0287599564, 86.5012893677, -14.2942724228, 40.9582023621], [490.61227417, -104.467079163, 744.211181641, 207.634536743, 127.014434814, 158.105560303, 24.8373851776, 58.4375190735, 46.6437835693, 64.8791732788, 15.0288438797, 39.8498840332, 15.9733791351], [-9.00205516815, -34.9807777405, 207.634536743, 340.499511719, 200.039642334, 181.016387939, 145.633056641, 72.5955047607, 69.8933486938, 32.1365585327, 51.2592544556, 3.03532791138, 27.758266449], [-305.013336182, 205.462387085, 127.014434814, 200.039642334, 418.090332031, 186.807098389, 228.396102905, 92.0086898804, 104.250511169, 27.3148193359, 57.872379303, -1.12204706669, 29.5486831665], [-219.308792114, -128.109939575, 158.105560303, 181.016387939, 186.807098389, 408.999176025, 254.020797729, 121.463722229, 85.8564834595, 70.3973464966, 78.0993499756, 35.5199165344, 38.6595001221], [-528.731689453, 100.132377625, 24.8373851776, 145.633056641, 228.396102905, 254.020797729, 359.921936035, 143.845077515, 98.4446640015, 38.1540412903, 88.3158187866, 25.8738975525, 46.1758728027], [-277.781097412, 14.7838935852, 58.4375190735, 72.5955047607, 92.0086898804, 121.463722229, 143.845077515, 173.45324707, 81.7620162964, 36.0059661865, 44.8106002808, 26.9102668762, 33.5833396912], [-191.460906982, 86.3458175659, 46.6437835693, 69.8933486938, 104.250511169, 85.8564834595, 98.4446640015, 81.7620162964, 128.799560547, 53.2363243103, 53.3075523376, 22.5101852417, 40.8633232117], [127.825759888, -13.0287599564, 64.8791732788, 32.1365585327, 27.3148193359, 70.3973464966, 38.1540412903, 36.0059661865, 53.2363243103, 119.136375427, 69.854347229, 39.7944526672, 24.8107681274], [-84.1863250732, 86.5012893677, 15.0288438797, 51.2592544556, 57.872379303, 78.0993499756, 88.3158187866, 44.8106002808, 53.3075523376, 69.854347229, 121.772850037, 56.2633399963, 40.4132080078], [46.4009361267, -14.2942724228, 39.8498840332, 3.03532791138, -1.12204706669, 35.5199165344, 25.8738975525, 26.9102668762, 22.5101852417, 39.7944526672, 56.2633399963, 80.2142868042, 37.4841156006], [-124.981689453, 40.9582023621, 15.9733791351, 27.758266449, 29.5486831665, 38.6595001221, 46.1758728027, 33.5833396912, 40.8633232117, 24.8107681274, 40.4132080078, 37.4841156006, 79.7338638306]],
        "icov": [[0.00025025306968, 0.000156042704475, -0.000131106207846, -7.7542339568e-05, -6.92305693519e-05, 0.000137838462251, 0.000201330884011, 0.000239040949964, 0.000134777845233, -0.000409749278333, 1.30900734803e-05, -0.000222884104005, 0.000263492547674], [0.000156042704475, 0.0017807566328, -0.000216164800804, 0.000722015392967, -0.00105987570714, 0.0013990647858, -0.000398824340664, 0.000471541308798, -0.000800570647698, 0.000653089489788, -0.0021861596033, 0.00127058092039, -0.000413610367104], [-0.000131106207846, -0.000216164800804, 0.00204679998569, -0.00114699348342, -0.00030510823126, -0.000737218651921, 0.000887140224222, -0.000557568506338, 0.000150331674377, -0.000771290739067, 0.00147538655438, -0.00150517839938, 0.0002091597853], [-7.7542339568e-05, 0.000722015392967, -0.00114699348342, 0.00571341998875, -0.00179336976726, -0.000560034066439, -0.000331021496095, -8.84757446329e-06, -0.000760311842896, 0.00132823991589, -0.00276585342363, 0.00286244088784, -0.00108758360147], [-6.92305693519e-05, -0.00105987570714, -0.00030510823126, -0.00179336976726, 0.0053921402432, -0.000761435017921, -0.00205735256895, 0.000536666135304, -0.00168516382109, 0.000280791282421, 0.000925487431232, 0.00037651945604, 0.000587891903706], [0.000137838462251, 0.0013990647858, -0.000737218651921, -0.000560034066439, -0.000761435017921, 0.00651961145923, -0.00359235610813, 8.25939878268e-06, -0.000191078623175, -0.00136424554512, -0.0010457362514, 0.00030369637534, -5.22149930475e-05], [0.000201330884011, -0.000398824340664, 0.000887140224222, -0.000331021496095, -0.00205735256895, -0.00359235610813, 0.00877187680453, -0.00328158796765, 0.000318903534207, 0.0013329256326, -0.00235207611695, 0.000222434173338, -0.000226265823585], [0.000239040949964, 0.000471541308798, -0.000557568506338, -8.84757446329e-06, 0.000536666135304, 8.25939878268e-06, -0.00328158796765, 0.010991692543, -0.00469459639862, -0.000175387700438, 0.000858948624227, -0.00165554333944, 0.000118663207104], [0.000134777845233, -0.000800570647698, 0.000150331674377, -0.000760311842896, -0.00168516382109, -0.000191078623175, 0.000318903534207, -0.00469459639862, 0.0162340290844, -0.0050884145312, -6.14387136011e-06, 0.00104156730231, -0.00385618535802], [-0.000409749278333, 0.000653089489788, -0.000771290739067, 0.00132823991589, 0.000280791282421, -0.00136424554512, 0.0013329256326, -0.000175387700438, -0.0050884145312, 0.0167151466012, -0.00893692113459, 0.000113989510282, 0.000456340872915], [1.30900734803e-05, -0.0021861596033, 0.00147538655438, -0.00276585342363, 0.000925487431232, -0.0010457362514, -0.00235207611695, 0.000858948624227, -6.14387136011e-06, -0.00893692113459, 0.0230013392866, -0.0115599781275, -0.000464424345409], [-0.000222884104005, 0.00127058092039, -0.00150517839938, 0.00286244088784, 0.00037651945604, 0.00030369637534, 0.000222434173338, -0.00165554333944, 0.00104156730231, 0.000113989510282, -0.0115599781275, 0.0253291539848, -0.00803303252906], [0.000263492547674, -0.000413610367104, 0.0002091597853, -0.00108758360147, 0.000587891903706, -5.22149930475e-05, -0.000226265823585, 0.000118663207104, -0.00385618535802, 0.000456340872915, -0.000464424345409, -0.00803303252906, 0.0192385688424]]
    },
    "melbands": {
        "dmean": [0.0035613279324, 0.00219446886331, 0.000846976705361, 0.000467869918793, 0.000273626996204, 0.000259608175838, 0.000159364382853, 0.000104488965007, 7.41080584703e-05, 8.6805637693e-05, 6.74948605592e-05, 7.20200550859e-05, 8.14269951661e-05, 5.8792924392e-05, 5.99063496338e-05, 4.56229390693e-05, 4.00439530495e-05, 4.0347356844e-05, 4.71494131489e-05, 2.76011323876e-05, 2.18482491618e-05, 1.99514051928e-05, 1.34453048304e-05, 1.09455677375e-05, 7.87532189861e-06, 5.94306993662e-06, 5.80057258048e-06, 4.12325152865e-06, 3.26610506818e-06, 2.46818808591e-06, 1.8054075781e-06, 1.76255923634e-06, 1.9488199996e-06, 1.85925466667e-06, 1.44939917845e-06, 1.87915145489e-06, 1.22205949538e-06, 8.57705117596e-07, 7.03051171058e-07, 5.402822012e-07],
        "dmean2": [0.00503064552322, 0.00308663584292, 0.00153005355969, 0.000839471525978, 0.000486196368001, 0.00044389499817, 0.000260083324974, 0.000171522086021, 0.000122514102259, 0.000144995516166, 0.000112392030132, 0.000112700065074, 0.000126190832816, 9.1783447715e-05, 9.62777630775e-05, 6.89003791194e-05, 6.39065401629e-05, 6.60392470309e-05, 7.57352099754e-05, 4.50488660135e-05, 3.59333826054e-05, 3.30980801664e-05, 2.21093559958e-05, 1.73990156327e-05, 1.29846666823e-05, 9.41989583225e-06, 9.23734933167e-06, 6.29719579592e-06, 5.03277806274e-06, 3.90181821786e-06, 2.78832567346e-06, 2.7280402719e-06, 2.85309465653e-06, 2.77690651274e-06, 2.21189861804e-06, 2.97989231512e-06, 1.85232852346e-06, 1.2597542991e-06, 1.08194967652e-06, 8.39906192596e-07],
        "dvar": [2.95420086331e-05, 2.28866192629e-05, 5.79687684876e-06, 1.6666576812e-06, 7.14403995516e-07, 4.40353801423e-07, 2.40260675355e-07, 1.65574135735e-07, 1.26784868826e-07, 9.30968866442e-08, 2.61893831066e-08, 8.57274145005e-08, 1.24933706047e-07, 6.4525593757e-08, 1.09479728394e-07, 3.71530823884e-08, 3.05091774067e-08, 1.42484797294e-08, 2.73954405827e-08, 4.6070383064e-09, 3.97127042362e-09, 2.17317297491e-09, 7.85996989716e-10, 4.69852268203e-10, 4.78345196786e-10, 2.86948159678e-10, 2.912985686e-10, 6.76523559395e-11, 7.99038474275e-11, 2.38940308511e-11, 1.32287496929e-11, 1.00303376716e-11, 1.06269914743e-11, 9.33686548216e-12, 6.17727917429e-12, 1.26629531513e-11, 4.21368625755e-12, 1.99323261889e-12, 1.43532928598e-12, 8.97098259393e-13],
        "dvar2": [6.6974600486e-05, 4.59746661363e-05, 1.61995885719e-05, 4.67650170322e-06, 1.98626003112e-06, 1.16868613986e-06, 5.53851407403e-07, 3.92405496541e-07, 2.86919458858e-07, 2.12109043218e-07, 6.16254069996e-08, 1.96977666178e-07, 2.91545831033e-07, 1.28195409843e-07, 2.75378852166e-07, 8.23818382401e-08, 7.8379841284e-08, 3.48902382541e-08, 6.97012865203e-08, 1.12663549601e-08, 9.88908332999e-09, 5.46153344771e-09, 1.96985783241e-09, 1.06936726141e-09, 1.28490196261e-09, 6.69353183991e-10, 6.4373201214e-10, 1.34724564838e-10, 1.79821296742e-10, 5.79693272551e-11, 3.02847365241e-11, 2.13225027912e-11, 2.22212612894e-11, 2.03985023317e-11, 1.39998065224e-11, 2.99635177781e-11, 9.05526868766e-12, 4.38492775076e-12, 3.14287701766e-12, 2.03822397328e-12],
        "max": [0.0470530055463, 0.0337848179042, 0.0246918257326, 0.0128595195711, 0.0292338896543, 0.0102091878653, 0.0214203391224, 0.0144159020856, 0.0252476315945, 0.0136166838929, 0.00567192723975, 0.0109635964036, 0.00777426920831, 0.0154349124059, 0.0120470086113, 0.00781608838588, 0.00814457330853, 0.00270668836311, 0.00489228498191, 0.00154272641521, 0.00279882806353, 0.00208426336758, 0.000639492471237, 0.000378463941161, 0.00105114572216, 0.00068266649032, 0.000720782030839, 0.000303170119878, 0.000377127493266, 9.50810135691e-05, 0.00015269893629, 6.13439042354e-05, 8.6924774223e-05, 6.64451217744e-05, 5.84434201301e-05, 4.32766355516e-05, 3.36175071425e-05, 2.10058969969e-05, 2.56910861935e-05, 2.12312952499e-05],
        "mean": [0.00818735454232, 0.00299698906019, 0.000684385653585, 0.000402618927183, 0.000270583987003, 0.000265699753072, 0.000218303131987, 0.000136277187266, 9.24274936551e-05, 0.000116069219075, 9.3080845545e-05, 0.000101659628854, 0.0001109789373, 9.2112168204e-05, 7.16705981176e-05, 6.43211969873e-05, 5.39551438123e-05, 5.2589653933e-05, 5.49003416381e-05, 3.28256064677e-05, 2.58663476416e-05, 2.26517404371e-05, 1.65974561241e-05, 1.43793049574e-05, 1.01441510196e-05, 8.18134958536e-06, 8.17608633952e-06, 6.30828344583e-06, 4.50206562164e-06, 2.88350156552e-06, 2.18472268898e-06, 2.15286991079e-06, 2.58137811215e-06, 2.48091942012e-06, 1.69619352164e-06, 1.81266455002e-06, 1.30537637233e-06, 9.99748863251e-07, 7.7619830563e-07, 6.09301537224e-07],
        "median": [0.00271777436137, 0.000716152251698, 0.000154481953359, 0.000108184685814, 8.54048848851e-05, 7.44691496948e-05, 8.26972900541e-05, 4.63714604848e-05, 2.78784882539e-05, 3.79114499083e-05, 4.30354630225e-05, 2.99771454593e-05, 2.42818623519e-05, 1.99070327653e-05, 1.49988800331e-05, 1.35977725222e-05, 1.45551766764e-05, 1.23130594147e-05, 1.32722261696e-05, 8.97104655451e-06, 6.20217269898e-06, 6.89409216648e-06, 5.55959104531e-06, 4.55636609331e-06, 3.27343218487e-06, 2.7951687116e-06, 2.67976338364e-06, 2.16752346205e-06, 1.16629109925e-06, 7.385013987e-07, 5.79983634452e-07, 5.71728378418e-07, 8.20204718366e-07, 7.99787926553e-07, 4.90935065045e-07, 3.80322802584e-07, 2.82775204141e-07, 2.76158175438e-07, 2.10956471847e-07, 1.73796252056e-07],
        "min": [1.30123276848e-23, 3.10602779606e-23, 1.167290261e-23, 8.33325760119e-24, 2.36602893531e-23, 3.43160962431e-23, 2.17626781347e-23, 6.91937825645e-24, 4.76549097907e-24, 4.34654470168e-24, 1.88340998661e-23, 7.81474090591e-24, 7.18846738869e-24, 2.46860104783e-23, 9.00261870104e-24, 2.48041392434e-23, 1.53385073115e-23, 2.01504547037e-23, 1.25613808704e-23, 1.2568976812e-23, 1.12285443619e-23, 1.34197341104e-23, 1.14546421525e-23, 1.10610494702e-23, 1.55943506803e-23, 7.66002161657e-24, 1.03191462992e-23, 1.21764072823e-23, 1.08967770753e-23, 1.01558584027e-23, 9.5233615618e-24, 9.34353282984e-24, 1.63612607419e-23, 8.08507091635e-24, 7.43108392668e-24, 6.34310629329e-24, 5.55713537999e-24, 1.00191772068e-23, 6.27966688815e-24, 1.01953961113e-23],
        "var": [9.64404389379e-05, 3.24773900502e-05, 3.64704214917e-06, 1.07563471374e-06, 5.31897853762e-07, 3.72944072069e-07, 2.97500491797e-07, 1.75920064294e-07, 1.87025875675e-07, 1.5036502532e-07, 3.77427085141e-08, 1.20229259437e-07, 1.65073416269e-07, 1.60499595836e-07, 1.17808376388e-07, 6.13941821825e-08, 3.34573648786e-08, 2.26618848131e-08, 2.88844859142e-08, 5.41833200529e-09, 4.96185670329e-09, 2.32710095638e-09, 9.1149177095e-10, 6.39207298203e-10, 5.30122223896e-10, 4.04655364772e-10, 4.50209758363e-10, 1.81968926039e-10, 1.50908230356e-10, 3.26426663477e-11, 1.83949678406e-11, 1.50777879765e-11, 1.92052432985e-11, 1.58575704651e-11, 8.33147526663e-12, 1.30500046533e-11, 5.41419166444e-12, 2.76087139262e-12, 1.84528108939e-12, 1.13416817171e-12]
    },
    "mfcc": {
        "mean": [-652.229675293, 117.057876587, -4.57381105423, 19.193862915, 11.6239728928, 11.8872480392, 5.56231021881, 12.4118394852, 4.59862375259, 9.08675384521, 3.09540367126, 2.12433171272, 5.31812810898],
        "cov": [[5172.5546875, -550.272583008, 255.390975952, 48.069152832, -26.5351696014, -80.7775802612, -322.216491699, -374.080108643, -271.915039062, -163.364120483, -144.087081909, -54.071559906, -17.9463119507], [-550.272583008, 997.158996582, -189.997283936, 105.142501831, 33.1749076843, -72.4497451782, -29.5737457275, -3.80636334419, -19.4605197906, 2.63817238808, 37.5576782227, 4.77831697464, -7.5418381691], [255.390975952, -189.997283936, 574.145629883, 57.575668335, 115.837882996, 97.1782073975, 44.9650344849, 12.7549695969, 38.1421394348, 11.6902532578, 20.0284900665, 50.3414573669, 17.5348930359], [48.069152832, 105.142501831, 57.575668335, 260.25970459, 122.194618225, 57.4390640259, 58.7755622864, 42.7780685425, 41.8371200562, 29.5922164917, 29.303276062, 23.297290802, 16.3115596771], [-26.5351696014, 33.1749076843, 115.837882996, 122.194618225, 236.870666504, 119.256271362, 76.7842941284, 62.0642662048, 68.1625442505, 52.7408790588, 42.5278434753, 34.076084137, 18.0736484528], [-80.7775802612, -72.4497451782, 97.1782073975, 57.4390640259, 119.256271362, 268.542327881, 181.980285645, 110.787689209, 89.1095504761, 75.1092147827, 72.3711929321, 51.2282524109, 53.5327415466], [-322.216491699, -29.5737457275, 44.9650344849, 58.7755622864, 76.7842941284, 181.980285645, 267.031219482, 168.069854736, 112.153564453, 82.8915634155, 85.9176559448, 58.8154640198, 67.7357330322], [-374.080108643, -3.80636334419, 12.7549695969, 42.7780685425, 62.0642662048, 110.787689209, 168.069854736, 203.570907593, 120.350593567, 67.518196106, 66.9311599731, 47.1601791382, 44.2643241882], [-271.915039062, -19.4605197906, 38.1421394348, 41.8371200562, 68.1625442505, 89.1095504761, 112.153564453, 120.350593567, 156.029891968, 76.1510543823, 49.5497817993, 47.1134910583, 33.2280311584], [-163.364120483, 2.63817238808, 11.6902532578, 29.5922164917, 52.7408790588, 75.1092147827, 82.8915634155, 67.518196106, 76.1510543823, 107.69556427, 60.3192672729, 31.5891933441, 40.2423210144], [-144.087081909, 37.5576782227, 20.0284900665, 29.303276062, 42.5278434753, 72.3711929321, 85.9176559448, 66.9311599731, 49.5497817993, 60.3192672729, 107.35118866, 46.0968513489, 34.1028900146], [-54.071559906, 4.77831697464, 50.3414573669, 23.297290802, 34.076084137, 51.2282524109, 58.8154640198, 47.1601791382, 47.1134910583, 31.5891933441, 46.0968513489, 90.4044418335, 48.4074630737], [-17.9463119507, -7.5418381691, 17.5348930359, 16.3115596771, 18.0736484528, 53.5327415466, 67.7357330322, 44.2643241882, 33.2280311584, 40.2423210144, 34.1028900146, 48.4074630737, 104.661079407]],
