{
"lowlevel": {
    "average_loudness": 0.970547199249,
    "barkbands_crest": {
        "dmean": 3.56110143661,
        "dmean2": 5.56354522705,
        "dvar": 10.0632047653,
        "dvar2": 24.7069778442,
        "max": 26.7961616516,
        "mean": 17.1545333862,
        "median": 17.5457000732,
        "min": 2.83497238159,
        "var": 29.972486496
    },
    "barkbands_flatness_db": {
        "dmean": 0.0729674175382,
        "dmean2": 0.101323604584,
        "dvar": 0.00563141237944,
        "dvar2": 0.0130427945405,
        "max": 0.867173135281,
        "mean": 0.291984081268,
        "median": 0.27563726902,
        "min": 0.0241588223726,
        "var": 0.0184802748263
    },
    "barkbands_kurtosis": {
        "dmean": 82.2080535889,
        "dmean2": 119.802536011,
        "dvar": 54618.4960938,
        "dvar2": 122382.015625,
        "max": 5009.07617188,
        "mean": 96.6378707886,
        "median": 26.1573734283,
        "min": -1.95065331459,
        "var": 65332.6367188
    },
    "barkbands_skewness": {
        "dmean": 2.82778835297,
        "dmean2": 4.05486392975,
        "dvar": 12.9258956909,
        "dvar2": 29.0913982391,
        "max": 63.9449729919,
        "mean": 5.7141623497,
        "median": 4.3048248291,
        "min": -3.14768099785,
        "var": 28.5860443115
    },
    "barkbands_spread": {
        "dmean": 11.3348846436,
        "dmean2": 17.6731567383,
        "dvar": 340.374572754,
        "dvar2": 730.356750488,
        "max": 123.240684509,
        "mean": 15.3484354019,
        "median": 4.89285898209,
        "min": 0.0184277445078,
        "var": 558.44128418
    },
    "dissonance": {
        "dmean": 0.0305405613035,
        "dmean2": 0.0487844496965,
        "dvar": 0.00151776568964,
        "dvar2": 0.00370573299006,
        "max": 0.5,
        "mean": 0.44627597928,
        "median": 0.466489970684,
        "min": 0.0721600800753,
        "var": 0.00332901091315
    },
    "dynamic_complexity": 4.73747730255,
    "erbbands_crest": {
        "dmean": 3.49590134621,
        "dmean2": 5.68125677109,
        "dvar": 10.9460372925,
        "dvar2": 25.4485702515,
        "max": 33.482585907,
        "mean": 11.1521015167,
        "median": 10.058142662,
        "min": 2.29097485542,
        "var": 27.2881183624
    },
    "erbbands_flatness_db": {
        "dmean": 0.0412560924888,
        "dmean2": 0.0617120154202,
        "dvar": 0.00231892080046,
        "dvar2": 0.0052966051735,
        "max": 0.570518195629,
        "mean": 0.161529138684,
        "median": 0.142452955246,
        "min": 0.0359563268721,
        "var": 0.00571419531479
    },
    "erbbands_kurtosis": {
        "dmean": 5.82129383087,
        "dmean2": 8.97394371033,
        "dvar": 206.446456909,
        "dvar2": 484.911254883,
        "max": 461.599212646,
        "mean": 5.22891664505,
        "median": 0.676631689072,
        "min": -1.94453811646,
        "var": 261.840240479
    },
    "erbbands_skewness": {
        "dmean": 1.09922170639,
        "dmean2": 1.59646368027,
        "dvar": 1.48005247116,
        "dvar2": 3.46469378471,
        "max": 16.5359973907,
        "mean": 0.837828695774,
        "median": 0.71875923872,
        "min": -6.91933202744,
        "var": 3.6509270668
    },
    "erbbands_spread": {
        "dmean": 25.3858013153,
        "dmean2": 37.6874160767,
        "dvar": 691.905883789,
        "dvar2": 1481.83740234,
        "max": 211.726837158,
        "mean": 59.4641952515,
        "median": 53.6770935059,
        "min": 0.323574125767,
        "var": 1583.10754395
    },
    "hfc": {
        "dmean": 10.1112546921,
        "dmean2": 15.1301221848,
        "dvar": 263.028533936,
        "dvar2": 596.667236328,
        "max": 311.327606201,
        "mean": 13.9394836426,
        "median": 5.82520723343,
        "min": 1.21051040209e-16,
        "var": 510.672302246
    },
    "melbands_crest": {
        "dmean": 4.62413978577,
        "dmean2": 7.28700685501,
        "dvar": 20.1807727814,
        "dvar2": 44.0093421936,
        "max": 39.4719429016,
        "mean": 25.39220047,
        "median": 25.7030601501,
        "min": 2.33859825134,
        "var": 55.2191696167
    },
    "melbands_flatness_db": {
        "dmean": 0.0845421403646,
        "dmean2": 0.117561101913,
        "dvar": 0.00727844424546,
        "dvar2": 0.0171089414507,
        "max": 1,
        "mean": 0.401656121016,
        "median": 0.388131737709,
        "min": 0.00634868582711,
        "var": 0.0232975166291
    },
    "melbands_kurtosis": {
        "dmean": 117.706436157,
        "dmean2": 182.479568481,
        "dvar": 74083.578125,
        "dvar2": 177621.40625,
        "max": 9431.51757812,
        "mean": 164.972732544,
        "median": 73.1896057129,
        "min": -1.8833296299,
        "var": 94161.4921875
    },
    "melbands_skewness": {
        "dmean": 3.34048628807,
        "dmean2": 5.01658773422,
        "dvar": 14.6487178802,
        "dvar2": 33.7424621582,
        "max": 60.8779525757,
        "mean": 7.8802075386,
        "median": 6.48578453064,
        "min": -1.68787050247,
        "var": 32.5430984497
    },
    "melbands_spread": {
        "dmean": 8.72741508484,
        "dmean2": 14.1769008636,
        "dvar": 398.678527832,
        "dvar2": 945.75390625,
        "max": 265.246398926,
        "mean": 10.357624054,
        "median": 2.8956451416,
        "min": 0.0171594563872,
        "var": 538.175720215
    },
    "pitch_salience": {
        "dmean": 0.11712180078,
        "dmean2": 0.182373404503,
        "dvar": 0.0141238132492,
        "dvar2": 0.033848579973,
        "max": 0.921174168587,
        "mean": 0.340017229319,
        "median": 0.326233357191,
        "min": 0.00269426777959,
        "var": 0.03729641065
    },
    "silence_rate_20dB": {
        "dmean": 0,
        "dmean2": 0,
        "dvar": 0,
        "dvar2": 0,
        "max": 1,
        "mean": 1,
        "median": 1,
        "min": 1,
        "var": 0
    },
    "silence_rate_30dB": {
        "dmean": 0.0810714289546,
        "dmean2": 0.162157341838,
        "dvar": 0.0745008215308,
        "dvar2": 0.136749312282,
        "max": 1,
        "mean": 0.806445837021,
        "median": 1,
        "min": 0,
        "var": 0.15610127151
    },
    "silence_rate_60dB": {
        "dmean": 0.0324999988079,
        "dmean2": 0.0649165138602,
        "dvar": 0.0314432047307,
        "dvar2": 0.0732013434172,
        "max": 1,
        "mean": 0.0487456470728,
        "median": 0,
        "min": 0,
        "var": 0.0463712476194
    },
    "spectral_centroid": {
        "dmean": 452.318664551,
        "dmean2": 686.44934082,
        "dvar": 392824.125,
        "dvar2": 833672.6875,
        "max": 6112.43701172,
        "mean": 958.495422363,
        "median": 534.089172363,
        "min": 39.88048172,
        "var": 977633.5
    },
    "spectral_complexity": {
        "dmean": 2.80785703659,
        "dmean2": 4.52585029602,
        "dvar": 23.7725772858,
        "dvar2": 58.9754829407,
        "max": 49,
        "mean": 6.49174165726,
        "median": 5,
        "min": 0,
        "var": 39.5286636353
    },
    "spectral_decrease": {
        "dmean": 6.72193678497e-09,
        "dmean2": 9.56491685855e-09,
        "dvar": 1.08142536026e-16,
        "dvar2": 1.81901053342e-16,
        "max": 2.57479831214e-29,
        "mean": -1.41480533955e-08,
        "median": -6.34539842892e-09,
        "min": -8.31110043009e-08,
        "var": 3.15538328168e-16
    },
    "spectral_energy": {
        "dmean": 0.0257501769811,
        "dmean2": 0.0367521606386,
        "dvar": 0.00157856103033,
        "dvar2": 0.00265203905292,
        "max": 0.316403061152,
        "mean": 0.0546622984111,
        "median": 0.0250932388008,
        "min": 1.08825052688e-20,
        "var": 0.00458460953087
    },
    "spectral_energyband_high": {
        "dmean": 0.000888040929567,
        "dmean2": 0.00138516619336,
        "dvar": 3.29962472279e-06,
        "dvar2": 7.0088508437e-06,
        "max": 0.0459157787263,
        "mean": 0.000972647685558,
        "median": 0.000119958494906,
        "min": 8.05927402248e-21,
        "var": 7.41133635529e-06
    },
    "spectral_energyband_low": {
        "dmean": 0.0247917044908,
        "dmean2": 0.0349003300071,
        "dvar": 0.00147320167162,
        "dvar2": 0.00245453161187,
        "max": 0.310912042856,
        "mean": 0.0476342625916,
        "median": 0.0191879048944,
        "min": 2.52756256292e-23,
        "var": 0.00414179125801
    },
    "spectral_energyband_middle_high": {
        "dmean": 0.000622716441285,
        "dmean2": 0.0010556926718,
        "dvar": 2.56197381532e-06,
        "dvar2": 6.62027559883e-06,
        "max": 0.0300581566989,
        "mean": 0.000684813188855,
        "median": 0.000113613248686,
        "min": 1.41143457643e-21,
        "var": 2.81659913526e-06
    },
    "spectral_energyband_middle_low": {
        "dmean": 0.00936093088239,
        "dmean2": 0.016526306048,
        "dvar": 0.000665798725095,
        "dvar2": 0.00183961354196,
        "max": 0.165175378323,
        "mean": 0.00864166580141,
        "median": 0.00232547987252,
        "min": 3.88863417026e-22,
        "var": 0.000448060949566
    },
    "spectral_entropy": {
        "dmean": 0.584507405758,
        "dmean2": 0.851843476295,
        "dvar": 0.412220150232,
        "dvar2": 0.938681483269,
        "max": 9.36959838867,
        "mean": 7.13076448441,
        "median": 7.27867412567,
        "min": 3.06386256218,
        "var": 0.984755039215
    },
    "spectral_flux": {
        "dmean": 0.0537067130208,
        "dmean2": 0.0785394757986,
        "dvar": 0.00486387452111,
        "dvar2": 0.0077446741052,
        "max": 0.567973911762,
        "mean": 0.1194710657,
        "median": 0.0814927890897,
        "min": 0.000246955489274,
        "var": 0.0131445238367
    },
    "spectral_kurtosis": {
        "dmean": 8.74459934235,
        "dmean2": 14.4527215958,
        "dvar": 632.387268066,
        "dvar2": 1603.47900391,
        "max": 469.168518066,
        "mean": 9.11274147034,
        "median": 2.92254257202,
        "min": -1.29717254639,
        "var": 593.723937988
    },
    "spectral_rms": {
        "dmean": 0.00162924337201,
        "dmean2": 0.00228956434876,
        "dvar": 3.86197370972e-06,
        "dvar2": 6.3008824327e-06,
        "max": 0.0175694599748,
        "mean": 0.00615479471162,
        "median": 0.00494784908369,
        "min": 3.25838596556e-12,
        "var": 1.54477766046e-05
    },
    "spectral_rolloff": {
        "dmean": 796.855712891,
        "dmean2": 1436.45214844,
        "dvar": 3984207,
        "dvar2": 9305328,
        "max": 18841.5527344,
        "mean": 836.950744629,
        "median": 150.732421875,
        "min": 43.06640625,
        "var": 4102455
    },
    "spectral_skewness": {
        "dmean": 0.837178885937,
        "dmean2": 1.25838398933,
        "dvar": 1.93985295296,
        "dvar2": 4.56230592728,
        "max": 19.6969184875,
        "mean": 1.88422787189,
        "median": 1.48810851574,
        "min": -0.325752258301,
        "var": 2.86260247231
    },
    "spectral_spread": {
        "dmean": 1664887.25,
        "dmean2": 2351842,
        "dvar": 3.79133283533e+12,
        "dvar2": 7.24224547226e+12,
        "max": 51101852,
        "mean": 6426735,
        "median": 5919215,
        "min": 264458.3125,
        "var": 1.06291842253e+13
    },
    "spectral_strongpeak": {
        "dmean": 0.227389812469,
        "dmean2": 0.358110576868,
        "dvar": 0.217600256205,
        "dvar2": 0.562120556831,
        "max": 10.4879312515,
        "mean": 0.446935713291,
        "median": 0.267807632685,
        "min": 0,
        "var": 0.268282115459
    },
    "zerocrossingrate": {
        "dmean": 0.0176782663912,
        "dmean2": 0.0208979062736,
        "dvar": 0.000610243296251,
        "dvar2": 0.000807551143225,
        "max": 0.513671875,
        "mean": 0.0366702228785,
        "median": 0.0185546875,
        "min": 0.00146484375,
        "var": 0.00210896576755
    },
    "barkbands": {
        "dmean": [0.00102978479117, 0.0203773211688, 0.0121208466589, 0.00699923653156, 0.00247049401514, 0.000431268214015, 0.000244474445935, 0.00010808854131, 7.19437084626e-05, 3.4716736991e-05, 3.5481651139e-05, 6.28500347375e-05, 8.62426240928e-05, 9.27467117435e-05, 0.00011087981693, 8.22025904199e-05, 6.10080642218e-05, 5.90617964917e-05, 7.27711812942e-05, 0.000120004311611, 9.21270038816e-05, 0.000119798329251, 0.000281686981907, 0.00019209983293, 7.45383658796e-05, 6.46333719487e-05, 4.64476652269e-05],
        "dmean2": [0.00142423203215, 0.0306727420539, 0.0195519570261, 0.0128540303558, 0.00442237732932, 0.000681190402247, 0.000392379297409, 0.000173489577719, 0.000111585453851, 5.70543961658e-05, 5.79661900701e-05, 0.000102142817923, 0.000146602484165, 0.000167652760865, 0.000205050979275, 0.000149078099639, 0.000102088146377, 9.72894777078e-05, 0.000120737633551, 0.000192635314306, 0.000144321442349, 0.000185470300494, 0.000455465022242, 0.00030668117688, 0.000119351207104, 0.000107246080006, 7.86520322436e-05],
        "dvar": [2.09840004572e-06, 0.00117834948469, 0.00104448467027, 0.00046936632134, 3.24814245687e-05, 7.75831438204e-07, 2.76131515875e-07, 1.54504050442e-07, 6.7612056398e-08, 1.28735919702e-08, 1.8564488613e-08, 8.72594796419e-08, 9.17995279792e-08, 6.8174095702e-08, 1.2696483509e-07, 8.14126792648e-08, 4.74428034636e-08, 8.96676723983e-08, 1.0050097643e-07, 3.21092954891e-07, 2.26840967343e-07, 1.52621694838e-07, 4.01818681439e-07, 1.75491393861e-07, 2.63288839619e-08, 1.70129244026e-08, 9.80479253343e-09],
        "dvar2": [4.74730995847e-06, 0.00263366429135, 0.00247322255746, 0.00131383875851, 9.284173575e-05, 1.82531607607e-06, 6.69259009101e-07, 4.18678610004e-07, 1.5344873816e-07, 3.30233937973e-08, 5.03924404427e-08, 2.0766134412e-07, 2.23797400167e-07, 1.87940798924e-07, 3.62203678606e-07, 2.24111332159e-07, 1.08585965108e-07, 2.07826218457e-07, 2.43578682557e-07, 7.88942543295e-07, 5.18777369507e-07, 3.0223924341e-07, 9.85834049061e-07, 4.0737009499e-07, 5.57105721555e-08, 4.39119389739e-08, 2.59214782972e-08],
        "max": [0.0152886286378, 0.259875327349, 0.210443943739, 0.139146417379, 0.0529453791678, 0.0269200205803, 0.0125287780538, 0.0158465988934, 0.00737056042999, 0.00489199860021, 0.00461055710912, 0.0116989305243, 0.0105129741132, 0.0039385468699, 0.0047052167356, 0.0068454016, 0.0108554717153, 0.0159490574151, 0.0136842932552, 0.0182696133852, 0.02586459741, 0.0167116355151, 0.0151148401201, 0.0100165801123, 0.00562391802669, 0.00159635790624, 0.000860612781253],
        "mean": [0.00214277696796, 0.0322844274342, 0.00994679238647, 0.00473782001063, 0.0026150746271, 0.000643013452645, 0.000367677712347, 0.000160415511345, 0.000100419740193, 4.4760050514e-05, 4.22945704486e-05, 7.02494508005e-05, 8.04355731816e-05, 7.72621351643e-05, 8.01557689556e-05, 7.04842532286e-05, 6.00942330493e-05, 5.79632214794e-05, 7.04726044205e-05, 0.00013147048594, 0.000118445255794, 0.000144699966768, 0.000264222966507, 0.000186326986295, 7.40827963455e-05, 5.50865952391e-05, 3.55437659891e-05],
        "median": [0.00147898111027, 0.0129297534004, 0.000646017375402, 0.000242910478846, 0.000750493723899, 0.000130443935632, 7.62747731642e-05, 3.10341383738e-05, 1.14849726742e-05, 6.79382083035e-06, 6.82909148964e-06, 6.32831097391e-06, 5.20852472619e-06, 4.42115424448e-06, 5.55388669454e-06, 3.8204266275e-06, 6.76220452078e-06, 4.92559502163e-06, 5.44028534932e-06, 5.49843389308e-06, 9.22416438698e-06, 1.26070353872e-05, 2.38250959228e-05, 1.52196926138e-05, 5.8582818383e-06, 4.05290029448e-06, 1.64739253705e-06],
        "min": [1.25075632017e-23, 1.2631311023e-23, 2.77918221264e-24, 6.85872668576e-24, 9.3777190638e-23, 6.59211930992e-23, 5.42643785185e-23, 8.45351676406e-23, 7.49370591415e-23, 4.37772111574e-23, 6.71739673256e-23, 1.14000914743e-22, 1.28589123825e-22, 1.1490494934e-22, 1.29947453952e-22, 1.78284748147e-22, 1.24067802257e-22, 2.13849336679e-22, 2.31238052463e-22, 4.19158427333e-22, 5.03314613573e-22, 6.46347237837e-22, 5.2339353437e-22, 9.65462653337e-22, 9.08000257952e-22, 1.71064040486e-21, 2.76767685936e-21],
        "var": [4.69275346404e-06, 0.00224336353131, 0.000913668598514, 0.000285593909211, 2.48877058766e-05, 1.6159980305e-06, 5.7955230659e-07, 2.38530986962e-07, 1.17766553842e-07, 2.01756034102e-08, 2.37844623996e-08, 1.02390451673e-07, 9.98572105004e-08, 5.86038630956e-08, 7.73635449036e-08, 9.59904866704e-08, 6.35529460169e-08, 1.01790362805e-07, 1.14597291656e-07, 3.99315382538e-07, 4.26878358439e-07, 3.59079052714e-07, 5.51849211661e-07, 3.06064379174e-07, 5.72321567915e-08, 1.57547290769e-08, 7.53215623206e-09]
    },
    "erbbands": {
        "dmean": [0.637475967407, 4.92998886108, 11.6847686768, 22.0617294312, 13.2982006073, 7.51603221893, 3.69184684753, 3.59102654457, 4.20952272415, 2.6901576519, 1.99197232723, 1.7073212862, 1.25650405884, 1.05579328537, 1.59610021114, 2.72670888901, 3.75588703156, 4.59438037872, 5.56344747543, 5.67000579834, 3.80304884911, 3.48482203484, 3.00336503983, 3.64150357246, 3.4886007309, 5.46635103226, 4.40616083145, 3.82897734642, 4.15684556961, 5.70992088318, 8.21882629395, 5.85310602188, 2.32505512238, 0.991596579552, 0.455652296543, 0.22492235899, 0.129068151116, 0.0429857894778, 0.00744433142245, 0.000533840211574],
        "dmean2": [0.867592096329, 7.23511791229, 17.4597587585, 38.8097305298, 24.4175491333, 13.167766571, 6.30200576782, 5.68862819672, 6.79875850677, 4.22942495346, 3.19814229012, 2.6764125824, 2.02794218063, 1.69745588303, 2.58960795403, 4.42289924622, 6.33469295502, 8.08513069153, 10.1874227524, 10.4569139481, 6.84549379349, 5.79373788834, 4.90554189682, 5.94699573517, 5.90477609634, 8.69952201843, 6.96611738205, 5.89891815186, 6.42593860626, 8.83925247192, 13.3674936295, 9.41443252563, 3.71681761742, 1.5840471983, 0.742893993855, 0.370275586843, 0.215283483267, 0.0712947845459, 0.0125818355009, 0.000909778056666],
        "dvar": [0.698130369186, 86.4251708984, 800.471069336, 4177.98535156, 1553.68237305, 204.841430664, 55.8220405579, 58.8897209167, 83.1719665527, 48.1059761047, 46.7090530396, 35.201385498, 21.2879238129, 13.5752410889, 34.6161308289, 170.727035522, 184.845947266, 173.496444702, 287.559051514, 327.231170654, 141.888687134, 163.747253418, 119.252197266, 464.706787109, 143.353744507, 651.709777832, 548.266052246, 487.825012207, 178.009124756, 267.379821777, 340.702789307, 170.827972412, 25.2458286285, 5.05342197418, 0.910293996334, 0.208429694176, 0.0725019052625, 0.00801132898778, 0.000236306295847, 1.40342410759e-06],
        "dvar2": [1.30221533775, 191.669204712, 1630.35339355, 11148.3056641, 4418.92041016, 567.20526123, 147.963043213, 138.807067871, 197.587417603, 117.815284729, 123.681564331, 82.7208404541, 54.0706825256, 34.4336395264, 87.3476333618, 406.557769775, 445.237213135, 469.804718018, 820.651245117, 924.666015625, 395.341369629, 372.601715088, 265.959564209, 993.37902832, 366.397033691, 1573.58569336, 1381.8737793, 1128.20288086, 362.586669922, 559.256896973, 849.73248291, 416.380432129, 55.3651161194, 10.3472070694, 2.02350354195, 0.518958806992, 0.18780040741, 0.020778670907, 0.000621605024207, 3.80330129701e-06],
        "max": [8.19104480743, 70.5679702759, 187.02406311, 391.308837891, 271.673034668, 187.195373535, 134.318069458, 262.063049316, 223.621246338, 218.103103638, 249.157440186, 167.206375122, 199.885147095, 117.997497559, 177.148254395, 527.532897949, 465.411132812, 262.238342285, 186.049514771, 387.164428711, 214.917282104, 660.870727539, 348.462249756, 1138.90332031, 328.519348145, 824.375732422, 1383.14331055, 1542.55957031, 544.39630127, 583.462768555, 346.360626221, 318.101135254, 140.992019653, 70.4875793457, 27.7959423065, 9.88247394562, 4.2668132782, 0.748227417469, 0.150045499206, 0.00840876437724],
        "mean": [1.11033439636, 6.42457437515, 11.5216445923, 16.3603858948, 10.3481855392, 9.03796482086, 4.52722501755, 5.46771669388, 6.48986434937, 4.21907949448, 3.01543807983, 2.40911841393, 1.71055114269, 1.38818943501, 2.02414011955, 3.00703310966, 3.60007691383, 4.06970024109, 4.23816156387, 4.37021541595, 3.35760974884, 3.48417758942, 3.08036732674, 3.55915904045, 3.49979066849, 6.1055521965, 5.41655254364, 4.85913324356, 4.99444246292, 6.24327278137, 7.60718154907, 5.4623374939, 2.30808281898, 1.00230884552, 0.436633110046, 0.203372612596, 0.107773318887, 0.0346001200378, 0.00575118977576, 0.000444075703854],
        "median": [0.593108952045, 1.82852327824, 1.74019372463, 1.01612234116, 1.74913907051, 2.89591550827, 1.50239098072, 1.0660752058, 1.19449162483, 0.886385202408, 0.639812409878, 0.329093813896, 0.251910835505, 0.260601371527, 0.293469578028, 0.294971704483, 0.253370076418, 0.26853197813, 0.318023651838, 0.248528391123, 0.28486007452, 0.366071581841, 0.313343852758, 0.227402597666, 0.335488468409, 0.292788118124, 0.346007466316, 0.37986639142, 0.460278064013, 0.552311480045, 0.688265740871, 0.388000994921, 0.196067228913, 0.0801781564951, 0.0333058945835, 0.016979413107, 0.00704973796383, 0.00182519725058, 0.000319296406815, 0.000100100129202],
        "min": [5.73460529162e-22, 2.02972330667e-21, 4.44714026955e-21, 1.24588562536e-20, 1.65506587959e-19, 4.11632524863e-19, 1.83371401519e-19, 6.87988862927e-19, 8.17894579599e-19, 1.42702769435e-18, 1.84087577078e-18, 1.41428776874e-18, 1.01730063172e-18, 2.59573101929e-18, 2.86256873156e-18, 4.84488246092e-18, 6.85905567195e-18, 4.27806273643e-18, 6.17451615218e-18, 1.07901285491e-17, 7.91745187728e-18, 7.61248610186e-18, 1.4938461655e-17, 1.10914406678e-17, 9.23205032014e-18, 2.05491268339e-17, 2.30273616034e-17, 1.80770793753e-17, 2.01240718043e-17, 1.96624223044e-17, 1.60381254875e-17, 1.8190072247e-17, 1.67560504303e-17, 8.54466571265e-18, 7.37810778402e-18, 4.89581610713e-18, 3.19420053518e-18, 1.57479079288e-18, 4.06170315236e-19, 3.83940243402e-20],
        "var": [1.96972477436, 133.6769104, 910.22442627, 2873.36279297, 936.028015137, 224.465896606, 62.739616394, 129.782669067, 200.850814819, 90.0088348389, 89.0803833008, 61.2683448792, 33.1778755188, 20.274646759, 58.5619316101, 189.209518433, 205.261489868, 169.351211548, 182.031539917, 246.282806396, 138.998519897, 226.434875488, 163.879928589, 592.228088379, 154.910736084, 835.267944336, 757.835083008, 889.024475098, 422.882965088, 547.843017578, 434.177032471, 248.987854004, 49.565284729, 11.6774044037, 1.72360026836, 0.24323682487, 0.0653953030705, 0.0066051534377, 0.000183674215805, 1.01107059436e-06]
    },
    "gfcc": {
        "mean": [-99.5872268677, 87.2576065063, -34.7295646667, 56.7937278748, -39.5506706238, 19.6803092957, -24.3487186432, 0.548159003258, -4.76928281784, 3.51217484474, -2.52364802361, 2.63412976265, -7.33628606796],
        "cov": [[14317.4345703, -3997.85644531, -1196.08825684, -47.4556121826, -545.279541016, 631.466796875, -856.012145996, 41.5466003418, -953.905029297, -88.2489547729, -818.590026855, 13.0332746506, -720.31817627], [-3997.85644531, 3682.30957031, -408.478088379, -305.824493408, 340.341247559, -609.220825195, 388.074523926, -24.2426834106, 260.993164062, -33.2814598083, 322.590820312, -188.754180908, 342.702056885], [-1196.08825684, -408.478088379, 1980.32299805, 11.2064781189, -233.204849243, 136.134033203, -20.8409538269, -106.909317017, 182.178939819, -37.4842262268, 16.2824039459, 121.737106323, -97.3607025146], [-47.4556121826, -305.824493408, 11.2064781189, 655.645751953, 59.4596138, 27.0674972534, 85.4345932007, -1.91564822197, -32.6705513, -7.61523771286, -11.6719255447, -52.6010551453, 56.8722763062], [-545.279541016, 340.341247559, -233.204849243, 59.4596138, 702.862792969, 94.606552124, 49.7035102844, -18.6630363464, -1.08329117298, -76.6982574463, 12.5402441025, -20.4167041779, 73.7094955444], [631.466796875, -609.220825195, 136.134033203, 27.0674972534, 94.606552124, 372.817260742, 19.2022094727, -4.93992471695, -46.6300201416, -24.3811740875, -57.1207199097, 55.4261665344, -45.1284446716], [-856.012145996, 388.074523926, -20.8409538269, 85.4345932007, 49.7035102844, 19.2022094727, 391.338623047, 98.3650131226, 69.8506774902, 4.18392181396, 96.6358184814, -16.2801246643, 110.88381958], [41.5466003418, -24.2426834106, -106.909317017, -1.91564822197, -18.6630363464, -4.93992471695, 98.3650131226, 180.198165894, 61.8652458191, 21.0313510895, 13.5761604309, 23.2883739471, 16.8362026215], [-953.905029297, 260.993164062, 182.178939819, -32.6705513, -1.08329117298, -46.6300201416, 69.8506774902, 61.8652458191, 245.206054688, 61.1499786377, 82.3218994141, 17.0036182404, 48.2869262695], [-88.2489547729, -33.2814598083, -37.4842262268, -7.61523771286, -76.6982574463, -24.3811740875, 4.18392181396, 21.0313510895, 61.1499786377, 150.239212036, 59.586139679, 1.21033406258, 11.4795894623], [-818.590026855, 322.590820312, 16.2824039459, -11.6719255447, 12.5402441025, -57.1207199097, 96.6358184814, 13.5761604309, 82.3218994141, 59.586139679, 166.063873291, 22.9692306519, 57.9877166748], [13.0332746506, -188.754180908, 121.737106323, -52.6010551453, -20.4167041779, 55.4261665344, -16.2801246643, 23.2883739471, 17.0036182404, 1.21033406258, 22.9692306519, 115.347373962, 1.5580508709], [-720.31817627, 342.702056885, -97.3607025146, 56.8722763062, 73.7094955444, -45.1284446716, 110.88381958, 16.8362026215, 48.2869262695, 11.4795894623, 57.9877166748, 1.5580508709, 138.756027222]],
        "icov": [[0.000179837501491, 7.15589849278e-05, 0.000116387811431, 1.19561191241e-05, 7.66147859395e-05, -0.000100593650131, 7.84686417319e-05, -0.000172676765942, 0.000361556885764, -0.000138339761179, 0.000387394626159, -4.77365938423e-05, 0.000442703225417], [7.15589849278e-05, 0.000860409752931, 5.96127501922e-05, 0.00060298392782, -0.000260178669123, 0.000932141789235, -0.000404267892009, 0.000347695167875, -0.000231879865169, 0.000695332186297, -0.000706262944732, 0.00117083522491, -0.000931465358008], [0.000116387811431, 5.96127501922e-05, 0.000893563264981, -0.000170081315446, 0.000338814570569, -0.000215281819692, -0.00029097328661, 0.000938342069276, -0.000882842461579, 0.000447158323368, 0.000359297526302, -0.000964999315329, 0.00115324615035], [1.19561191241e-05, 0.00060298392782, -0.000170081315446, 0.00219001574442, -0.000268301169854, 0.000452711974503, -0.000418046256527, 2.64949394477e-05, 0.000306141126202, 0.000319682236295, -0.000424565863796, 0.00189457333181, -0.00180036644451], [7.66147859395e-05, -0.000260178669123, 0.000338814570569, -0.000268301169854, 0.00205801497214, -0.00128563540056, 0.00052217830671, 2.04600564757e-05, -0.000223630879191, 0.00109527236782, -0.000220431480557, 0.000208926256164, -0.000466146797407], [-0.000100593650131, 0.000932141789235, -0.000215281819692, 0.000452711974503, -0.00128563540056, 0.00526048149914, -0.00206372095272, 0.0013245253358, -0.000175064313225, -0.000137184353662, 0.000945295032579, -0.00151022092905, 0.000415453745518], [7.84686417319e-05, -0.000404267892009, -0.00029097328661, -0.000418046256527, 0.00052217830671, -0.00206372095272, 0.00553113035858, -0.00353161944076, 0.000842802575789, 0.00103590928484, -0.00263331807218, 0.00245188456029, -0.00287318904884], [-0.000172676765942, 0.000347695167875, 0.000938342069276, 2.64949394477e-05, 2.04600564757e-05, 0.0013245253358, -0.00353161944076, 0.00954253505915, -0.00352570135146, -0.000195380329387, 0.00187469553202, -0.00331909558736, 0.00147357897367], [0.000361556885764, -0.000231879865169, -0.000882842461579, 0.000306141126202, -0.000223630879191, -0.000175064313225, 0.000842802575789, -0.00352570135146, 0.00807246379554, -0.00264424993657, -0.000766952522099, 0.000527064898051, -0.000754999637138], [-0.000138339761179, 0.000695332186297, 0.000447158323368, 0.000319682236295, 0.00109527236782, -0.000137184353662, 0.00103590928484, -0.000195380329387, -0.00264424993657, 0.0105772931129, -0.00507204979658, 0.0025824776385, -0.0015475518303], [0.000387394626159, -0.000706262944732, 0.000359297526302, -0.000424565863796, -0.000220431480557, 0.000945295032579, -0.00263331807218, 0.00187469553202, -0.000766952522099, -0.00507204979658, 0.0133466310799, -0.00552950846031, 0.00165386172011], [-4.77365938423e-05, 0.00117083522491, -0.000964999315329, 0.00189457333181, 0.000208926256164, -0.00151022092905, 0.00245188456029, -0.00331909558736, 0.000527064898051, 0.0025824776385, -0.00552950846031, 0.0153160551563, -0.00501021696255], [0.000442703225417, -0.000931465358008, 0.00115324615035, -0.00180036644451, -0.000466146797407, 0.000415453745518, -0.00287318904884, 0.00147357897367, -0.000754999637138, -0.0015475518303, 0.00165386172011, -0.00501021696255, 0.0156086003408]]
    },
    "melbands": {
        "dmean": [0.00531819090247, 0.00568357342854, 0.00340554583818, 0.000714537396561, 0.000154858847964, 8.30423741718e-05, 6.12484000158e-05, 2.84582292807e-05, 1.5419032934e-05, 1.06586930997e-05, 6.19739284957e-06, 4.19691969e-06, 5.04974013893e-06, 6.34441767033e-06, 7.94955303718e-06, 8.9750310508e-06, 8.65621677804e-06, 8.98525649973e-06, 8.19326851342e-06, 7.03353043718e-06, 3.97521353079e-06, 3.68292967323e-06, 3.36294624503e-06, 2.479395107e-06, 3.10532482217e-06, 2.68227927336e-06, 2.53636767411e-06, 4.35309448221e-06, 3.32360764332e-06, 2.20612628254e-06, 2.3030270313e-06, 2.32100455833e-06, 2.56273688137e-06, 3.54557005267e-06, 4.65266475658e-06, 5.14222301717e-06, 3.04120635519e-06, 1.65369181104e-06, 1.28040608161e-06, 6.90757190114e-07],
        "dmean2": [0.00766267441213, 0.00791379902512, 0.00588767323643, 0.00128767092247, 0.000267811090453, 0.000131987166242, 9.87413804978e-05, 4.48088539997e-05, 2.47546813625e-05, 1.6648127712e-05, 1.00438865047e-05, 6.79369759382e-06, 8.14485338196e-06, 1.03016454887e-05, 1.3087545085e-05, 1.54419049068e-05, 1.5312256437e-05, 1.64608882187e-05, 1.5170988263e-05, 1.27548601085e-05, 7.15967462384e-06, 6.18171770839e-06, 5.52297069589e-06, 4.08075948144e-06, 5.09380924996e-06, 4.58285740024e-06, 4.27531676905e-06, 6.96504002917e-06, 5.42376210433e-06, 3.46698720932e-06, 3.60047488357e-06, 3.69559120372e-06, 3.99336295231e-06, 5.57019393455e-06, 7.63072694099e-06, 8.42113695398e-06, 4.91052969664e-06, 2.65253152065e-06, 2.0488332666e-06, 1.11694100724e-06],
        "dvar": [5.63762223464e-05, 0.000136576665682, 9.50181783992e-05, 3.0586718367e-06, 8.85199042955e-08, 3.02098968064e-08, 1.68724696437e-08, 6.57788801206e-09, 2.75420464213e-09, 1.52480195137e-09, 5.22473175835e-10, 2.07993011703e-10, 3.58157309366e-10, 7.35553506992e-10, 1.5862633429e-09, 9.76848046896e-10, 6.23894547136e-10, 7.25604520913e-10, 7.00728863823e-10, 6.1947452723e-10, 1.41274186793e-10, 2.20712392807e-10, 2.27361046656e-10, 1.52606274839e-10, 3.88496540493e-10, 9.11942535375e-11, 1.22677215608e-10, 4.98473817778e-10, 4.41503861248e-10, 1.66365296539e-10, 1.85898629823e-10, 6.56252482911e-11, 1.00065955522e-10, 1.05227195013e-10, 1.21477397586e-10, 1.34829231113e-10, 5.0713933053e-11, 1.25531772477e-11, 1.05843667164e-11, 2.49904068793e-12],
        "dvar2": [0.000110538319859, 0.000242213776801, 0.000248298194492, 8.7460184659e-06, 2.42252411908e-07, 7.05057914274e-08, 4.01957578333e-08, 1.67480251889e-08, 7.0597638846e-09, 3.53797191543e-09, 1.31742927678e-09, 5.26086396668e-10, 9.51017153916e-10, 1.80230874669e-09, 3.7374134898e-09, 2.50114950973e-09, 1.70137537392e-09, 2.06735761843e-09, 1.99648542143e-09, 1.69007730033e-09, 3.94031168804e-10, 4.96233054648e-10, 5.52211554261e-10, 3.22039284129e-10, 8.44790626342e-10, 2.30749586105e-10, 3.31181915225e-10, 1.21927234975e-09, 1.1833103386e-09, 3.89315302218e-10, 4.18407752889e-10, 1.48991013971e-10, 1.95709129458e-10, 2.37751540677e-10, 3.07701558677e-10, 3.42046474477e-10, 1.2211505418e-10, 2.83715464316e-11, 2.15331155684e-11, 5.3776410408e-12],
        "max": [0.0604224167764, 0.083827547729, 0.0592140518129, 0.0136431129649, 0.00499682640657, 0.00563934445381, 0.00303883734159, 0.00308719649911, 0.00185756501742, 0.00112347083632, 0.000988463754766, 0.000416286929976, 0.00069345429074, 0.00103577924892, 0.00187783164438, 0.0012632481521, 0.000456601585029, 0.000279272499029, 0.000396710034693, 0.000649594352581, 0.000236266190768, 0.00078897055937, 0.000548554875422, 0.000726831553038, 0.00103651708923, 0.000257347914157, 0.000479249109048, 0.000778663088568, 0.00122789817397, 0.000585193862207, 0.000864253903273, 0.000399465236114, 0.000598692160565, 0.000377385178581, 0.000269943120657, 0.000240495734033, 0.000201223243494, 0.000102890757262, 0.000133107940201, 5.41336376045e-05],
        "mean": [0.0094049340114, 0.00709076458588, 0.00261642434634, 0.000708989216946, 0.000191616854863, 0.000127025603433, 9.52825139393e-05, 4.3306266889e-05, 2.27681230172e-05, 1.47385562741e-05, 8.21103640192e-06, 5.39606799066e-06, 6.13369638813e-06, 7.46847081246e-06, 7.84859912528e-06, 8.22415859147e-06, 7.47034346205e-06, 6.79149434291e-06, 5.84429562878e-06, 5.93955019212e-06, 3.43958208759e-06, 3.58234433406e-06, 3.38902736985e-06, 2.41747579821e-06, 2.93110474558e-06, 2.58948261944e-06, 2.46227318712e-06, 4.7076428018e-06, 3.79524863092e-06, 2.65995072368e-06, 2.86000749838e-06, 2.69007432507e-06, 2.9732832445e-06, 3.6830249428e-06, 4.25558300776e-06, 4.60046931039e-06, 2.87072089122e-06, 1.61949856192e-06, 1.27307271214e-06, 6.90092349487e-07],
        "median": [0.00423936080188, 0.00168590061367, 0.000204166775802, 0.000165323144756, 7.32336266083e-05, 2.4581913749e-05, 1.78152495209e-05, 8.21364665171e-06, 4.57970327261e-06, 1.67612017776e-06, 1.15988552807e-06, 9.42784140534e-07, 9.28442830173e-07, 7.96436779638e-07, 6.14159773704e-07, 5.34468654223e-07, 4.41780883875e-07, 4.79333550629e-07, 3.63271112747e-07, 2.60683549413e-07, 3.14024305226e-07, 3.68171441778e-07, 2.87204329652e-07, 2.17173280248e-07, 1.22191167407e-07, 2.28473609809e-07, 1.86288858117e-07, 1.63857336588e-07, 1.89496191183e-07, 2.02333481525e-07, 1.93523078451e-07, 2.23325471893e-07, 2.50017507142e-07, 3.19540305327e-07, 4.08659701634e-07, 2.7382500889e-07, 2.0401832046e-07, 1.33086203391e-07, 8.25943686777e-08, 5.6657555092e-08],
        "min": [5.04437342502e-24, 2.55073381373e-24, 4.35125262356e-24, 2.49104634939e-23, 7.61805342755e-24, 1.53205591482e-23, 1.17832571509e-23, 1.67869332418e-23, 1.60438941112e-23, 8.32749970544e-24, 4.72668138912e-24, 1.00463329546e-23, 9.93832764149e-24, 9.42738164432e-24, 1.83173439083e-23, 9.97044374666e-24, 8.40207230453e-24, 1.05483727122e-23, 1.07233389055e-23, 1.50297676636e-23, 7.89388810939e-24, 6.66368634897e-24, 1.12986614746e-23, 1.09339608229e-23, 9.13981502309e-24, 7.362497993e-24, 5.39691575799e-24, 1.6797294141e-23, 1.40378665831e-23, 1.35935185901e-23, 9.86940328648e-24, 9.01064614961e-24, 1.707026368e-23, 8.819177775e-24, 9.31312855283e-24, 9.60585511324e-24, 1.14953536861e-23, 1.30389738285e-23, 7.64840406201e-24, 7.21876990265e-24],
        "var": [0.000151547719724, 0.000216822430957, 6.8585803092e-05, 2.18128866436e-06, 1.00711950779e-07, 7.01667204339e-08, 4.09739406848e-08, 1.10136495479e-08, 5.34744559744e-09, 2.61837285187e-09, 8.01422594954e-10, 3.04199693213e-10, 5.37490996155e-10, 9.63653823405e-10, 1.62877755727e-09, 1.00291674965e-09, 5.98223137693e-10, 4.63259791639e-10, 4.26760515815e-10, 7.75148722987e-10, 1.17680934442e-10, 2.89266499642e-10, 2.84317874799e-10, 1.88114787636e-10, 4.8093379279e-10, 9.74746672266e-11, 1.16146953166e-10, 6.00848870658e-10, 4.72690886433e-10, 2.49242626538e-10, 3.61433605267e-10, 1.31361185818e-10, 1.93154631178e-10, 1.85696152899e-10, 1.49238288394e-10, 1.58565841013e-10, 7.79122183436e-11, 2.23999326032e-11, 2.28741504904e-11, 5.43115422427e-12]
    },
    "mfcc": {
        "mean": [-764.764099121, 115.801628113, 67.387298584, 45.1466941833, 24.5341968536, 25.4539661407, 2.70144557953, 9.89014625549, -0.279853194952, 8.67584133148, 3.35998940468, 8.78936672211, 5.22967338562],
        "cov": [[12944.1240234, -2401.52050781, -1543.82983398, -669.536621094, -330.117858887, 33.2518692017, -96.2939071655, -44.5154533386, -306.810424805, -171.918212891, -301.951019287, -321.387054443, -499.820617676], [-2401.52050781, 2639.22729492, -281.343536377, 67.7273101807, -22.1654567719, -248.686813354, 64.8955154419, -90.5676498413, 110.226364136, -61.6864395142, 136.862121582, 34.9548339844, 63.657661438], [-1543.82983398, -281.343536377, 1767.20300293, 25.8175640106, -94.7580718994, 53.6551246643, -189.646011353, 60.5979614258, -74.0508270264, 26.8922157288, 14.5589456558, 60.8499107361, 75.3498306274], [-669.536621094, 67.7273101807, 25.8175640106, 560.852783203, 37.0651245117, 18.9037494659, 88.0795516968, -22.8812732697, 66.5065917969, 29.0626621246, -13.4901418686, 25.5228748322, 24.7338504791], [-330.117858887, -22.1654567719, -94.7580718994, 37.0651245117, 482.15737915, 154.107177734, -6.88017845154, 34.3825569153, -20.0066890717, -19.6248722076, -13.6705331802, -49.2811927795, -24.8782291412], [33.2518692017, -248.686813354, 53.6551246643, 18.9037494659, 154.107177734, 293.047546387, 108.574584961, 58.8117370605, 18.70362854, 15.6235780716, -38.7768859863, -7.04925298691, -11.1494855881], [-96.2939071655, 64.8955154419, -189.646011353, 88.0795516968, -6.88017845154, 108.574584961, 279.192260742, 89.5144729614, 57.9305648804, 9.80130958557, -11.540391922, -0.428970068693, -4.01435422897], [-44.5154533386, -90.5676498413, 60.5979614258, -22.8812732697, 34.3825569153, 58.8117370605, 89.5144729614, 226.658798218, 72.1837005615, 7.29961681366, 9.59078884125, 8.15949058533, -10.8780822754], [-306.810424805, 110.226364136, -74.0508270264, 66.5065917969, -20.0066890717, 18.70362854, 57.9305648804, 72.1837005615, 169.043701172, 46.1084289551, 12.1161413193, 33.6319732666, 16.8825550079], [-171.918212891, -61.6864395142, 26.8922157288, 29.0626621246, -19.6248722076, 15.6235780716, 9.80130958557, 7.29961681366, 46.1084289551, 136.532409668, 32.3018798828, 12.5342979431, 22.2859210968], [-301.951019287, 136.862121582, 14.5589456558, -13.4901418686, -13.6705331802, -38.7768859863, -11.540391922, 9.59078884125, 12.1161413193, 32.3018798828, 144.29385376, 32.7558364868, 8.94642066956], [-321.387054443, 34.9548339844, 60.8499107361, 25.5228748322, -49.2811927795, -7.04925298691, -0.428970068693, 8.15949058533, 33.6319732666, 12.5342979431, 32.7558364868, 140.145797729, 66.937713623], [-499.820617676, 63.657661438, 75.3498306274, 24.7338504791, -24.8782291412, -11.1494855881, -4.01435422897, -10.8780822754, 16.8825550079, 22.2859210968, 8.94642066956, 66.937713623, 123.745681763]],
