{
"lowlevel": {
    "average_loudness": 0.907343626022,
    "barkbands_crest": {
        "dmean": 1.98416149616,
        "dmean2": 3.22645545006,
        "dvar": 3.75891375542,
        "dvar2": 9.85324382782,
        "max": 25.1381702423,
        "mean": 8.78234672546,
        "median": 8.25143051147,
        "min": 2.33265757561,
        "var": 10.6252918243
    },
    "barkbands_flatness_db": {
        "dmean": 0.0182733219117,
        "dmean2": 0.0287584252656,
        "dvar": 0.000449990475317,
        "dvar2": 0.00117586308625,
        "max": 0.375138103962,
        "mean": 0.123758621514,
        "median": 0.104978092015,
        "min": 0.0320003852248,
        "var": 0.00301821599714
    },
    "barkbands_kurtosis": {
        "dmean": 1.79792809486,
        "dmean2": 3.06667160988,
        "dvar": 16.1564025879,
        "dvar2": 42.0427970886,
        "max": 160.434249878,
        "mean": 1.50770926476,
        "median": -0.510952711105,
        "min": -1.85671591759,
        "var": 68.5041732788
    },
    "barkbands_skewness": {
        "dmean": 0.488377481699,
        "dmean2": 0.796542942524,
        "dvar": 0.421498328447,
        "dvar2": 1.08435881138,
        "max": 9.38422107697,
        "mean": 0.964235305786,
        "median": 0.739264309406,
        "min": -3.27357149124,
        "var": 1.20405745506
    },
    "barkbands_spread": {
        "dmean": 5.07048845291,
        "dmean2": 8.09286880493,
        "dvar": 35.9342689514,
        "dvar2": 91.8376998901,
        "max": 120.070343018,
        "mean": 29.9943447113,
        "median": 29.9943885803,
        "min": 0.629523038864,
        "var": 151.197799683
    },
    "dissonance": {
        "dmean": 0.00958903506398,
        "dmean2": 0.0164067838341,
        "dvar": 0.000106069433969,
        "dvar2": 0.000280231499346,
        "max": 0.500000119209,
        "mean": 0.482805401087,
        "median": 0.487292706966,
        "min": 0.234669446945,
        "var": 0.000233467959333
    },
    "dynamic_complexity": 2.69741439819,
    "erbbands_crest": {
        "dmean": 1.93416261673,
        "dmean2": 3.15173482895,
        "dvar": 3.36086726189,
        "dvar2": 8.70997524261,
        "max": 27.7576999664,
        "mean": 8.03908348083,
        "median": 7.08233880997,
        "min": 2.38085031509,
        "var": 13.3010540009
    },
    "erbbands_flatness_db": {
        "dmean": 0.0143665922806,
        "dmean2": 0.0208724979311,
        "dvar": 0.000354989228072,
        "dvar2": 0.000643288891297,
        "max": 0.362811475992,
        "mean": 0.167369604111,
        "median": 0.151317700744,
        "min": 0.0331667996943,
        "var": 0.00320669566281
    },
    "erbbands_kurtosis": {
        "dmean": 0.71844291687,
        "dmean2": 1.13717126846,
        "dvar": 0.981910586357,
        "dvar2": 2.27594327927,
        "max": 46.667427063,
        "mean": 0.80091804266,
        "median": 0.351898431778,
        "min": -1.68831050396,
        "var": 7.06021642685
    },
    "erbbands_skewness": {
        "dmean": 0.243660449982,
        "dmean2": 0.377236306667,
        "dvar": 0.0543240718544,
        "dvar2": 0.128223523498,
        "max": 6.00095415115,
        "mean": -0.455970048904,
        "median": -0.582923650742,
        "min": -3.86355733871,
        "var": 0.624516606331
    },
    "erbbands_spread": {
        "dmean": 6.83436965942,
        "dmean2": 11.1386394501,
        "dvar": 76.2887115479,
        "dvar2": 192.288955688,
        "max": 132.592788696,
        "mean": 33.3963928223,
        "median": 31.2867031097,
        "min": 2.53340244293,
        "var": 173.995788574
    },
    "hfc": {
        "dmean": 4.53198337555,
        "dmean2": 7.12686109543,
        "dvar": 42.7941894531,
        "dvar2": 107.751831055,
        "max": 109.00894165,
        "mean": 23.9874763489,
        "median": 23.4349937439,
        "min": 1.12576925558e-16,
        "var": 220.986709595
    },
    "melbands_crest": {
        "dmean": 2.82959890366,
        "dmean2": 4.6576089859,
        "dvar": 8.93901824951,
        "dvar2": 22.4288425446,
        "max": 32.2003593445,
        "mean": 14.7051229477,
        "median": 14.6635828018,
        "min": 1.58511030674,
        "var": 28.1898555756
    },
    "melbands_flatness_db": {
        "dmean": 0.0239208191633,
        "dmean2": 0.0379731580615,
        "dvar": 0.000807092117611,
        "dvar2": 0.00209536589682,
        "max": 0.497325092554,
        "mean": 0.17964361608,
        "median": 0.163955315948,
        "min": 0.00341783068143,
        "var": 0.00504312990233
    },
    "melbands_kurtosis": {
        "dmean": 5.60090017319,
        "dmean2": 9.64558982849,
        "dvar": 129.872421265,
        "dvar2": 354.270263672,
        "max": 233.789093018,
        "mean": 7.75839424133,
        "median": 3.14195203781,
        "min": -1.82351827621,
        "var": 217.720947266
    },
    "melbands_skewness": {
        "dmean": 0.723591864109,
        "dmean2": 1.19409108162,
        "dvar": 1.04992330074,
        "dvar2": 2.76493191719,
        "max": 11.2907075882,
        "mean": 2.21875596046,
        "median": 1.94823229313,
        "min": -1.75295937061,
        "var": 2.06511712074
    },
    "melbands_spread": {
        "dmean": 8.09786128998,
        "dmean2": 13.0568227768,
        "dvar": 80.7036819458,
        "dvar2": 199.196380615,
        "max": 182.48789978,
        "mean": 35.0442047119,
        "median": 34.4374008179,
        "min": 0.830411970615,
        "var": 401.345336914
    },
    "pitch_salience": {
        "dmean": 0.063975378871,
        "dmean2": 0.106961622834,
        "dvar": 0.0047699380666,
        "dvar2": 0.0136042060331,
        "max": 0.938726425171,
        "mean": 0.52891433239,
        "median": 0.528011798859,
        "min": 0.161861047149,
        "var": 0.0116032641381
    },
    "silence_rate_20dB": {
        "dmean": 0,
        "dmean2": 0,
        "dvar": 0,
        "dvar2": 0,
        "max": 1,
        "mean": 1,
        "median": 1,
        "min": 1,
        "var": 0
    },
    "silence_rate_30dB": {
        "dmean": 0.00963026657701,
        "dmean2": 0.0192621890455,
        "dvar": 0.00953701790422,
        "dvar2": 0.0274885334074,
        "max": 1,
        "mean": 0.994669437408,
        "median": 1,
        "min": 0,
        "var": 0.00530158402398
    },
    "silence_rate_60dB": {
        "dmean": 0.00584694743156,
        "dmean2": 0.0116949006915,
        "dvar": 0.00581271061674,
        "dvar2": 0.0131065174937,
        "max": 1,
        "mean": 0.0748860836029,
        "median": 0,
        "min": 0,
        "var": 0.0692847967148
    },
    "spectral_centroid": {
        "dmean": 217.673995972,
        "dmean2": 345.457489014,
        "dvar": 67502.5546875,
        "dvar2": 156033.203125,
        "max": 10843.7783203,
        "mean": 1726.43225098,
        "median": 1757.75549316,
        "min": 253.451248169,
        "var": 394817.1875
    },
    "spectral_complexity": {
        "dmean": 3.32106614113,
        "dmean2": 5.37569856644,
        "dvar": 9.88176345825,
        "dvar2": 23.6770954132,
        "max": 58,
        "mean": 28.7286567688,
        "median": 29,
        "min": 0,
        "var": 139.345108032
    },
    "spectral_decrease": {
        "dmean": 3.07199976568e-09,
        "dmean2": 5.25096766069e-09,
        "dvar": 3.89804959373e-17,
        "dvar2": 1.05097379788e-16,
        "max": 9.34055863212e-19,
        "mean": -7.08252700932e-09,
        "median": -5.62073054766e-09,
        "min": -4.79414552501e-08,
        "var": 4.20588783654e-17
    },
    "spectral_energy": {
        "dmean": 0.0118577964604,
        "dmean2": 0.0202219374478,
        "dvar": 0.000571957789361,
        "dvar2": 0.00153989309911,
        "max": 0.183932498097,
        "mean": 0.0289068054408,
        "median": 0.0235196072608,
        "min": 1.04029198437e-20,
        "var": 0.000639756501187
    },
    "spectral_energyband_high": {
        "dmean": 0.000308729562676,
        "dmean2": 0.000484335003421,
        "dvar": 2.74685334034e-07,
        "dvar2": 6.94943707913e-07,
        "max": 0.0123286424205,
        "mean": 0.000990503351204,
        "median": 0.000720123178326,
        "min": 7.40352174512e-21,
        "var": 1.11872759589e-06
    },
    "spectral_energyband_low": {
        "dmean": 0.00787135213614,
        "dmean2": 0.0138431144878,
        "dvar": 0.000380485551432,
        "dvar2": 0.00106766121462,
        "max": 0.170916095376,
        "mean": 0.0119481384754,
        "median": 0.00769591843709,
        "min": 1.66314358201e-22,
        "var": 0.000337977544405
    },
    "spectral_energyband_middle_high": {
        "dmean": 0.0014607864432,
        "dmean2": 0.00226865732111,
        "dvar": 3.01519094137e-06,
        "dvar2": 6.91415016263e-06,
        "max": 0.0454331375659,
        "mean": 0.00785159412771,
        "median": 0.00724819721654,
        "min": 1.52509941119e-21,
        "var": 2.78864536085e-05
    },
    "spectral_energyband_middle_low": {
        "dmean": 0.00551010295749,
        "dmean2": 0.00916104763746,
        "dvar": 0.000230538295,
        "dvar2": 0.000590286450461,
        "max": 0.158475026488,
        "mean": 0.00999281648546,
        "median": 0.00633964315057,
        "min": 4.1641786144e-22,
        "var": 0.000237259650021
    },
    "spectral_entropy": {
        "dmean": 0.0920734032989,
        "dmean2": 0.140268012881,
        "dvar": 0.0113535458222,
        "dvar2": 0.0258776880801,
        "max": 9.79953670502,
        "mean": 7.69297409058,
        "median": 7.7939863205,
        "min": 5.01780462265,
        "var": 0.17387406528
    },
    "spectral_flux": {
        "dmean": 0.0264100581408,
        "dmean2": 0.0427617430687,
        "dvar": 0.00200995337218,
        "dvar2": 0.004370264709,
        "max": 0.38613563776,
        "mean": 0.079627789557,
        "median": 0.0657615214586,
        "min": 1.01994704349e-10,
        "var": 0.00355901522562
    },
    "spectral_kurtosis": {
        "dmean": 2.13660883904,
        "dmean2": 3.72551608086,
        "dvar": 12.0127239227,
        "dvar2": 37.1654434204,
        "max": 62.2236633301,
        "mean": 5.2964091301,
        "median": 3.69424247742,
        "min": -1.21470654011,
        "var": 26.6037120819
    },
    "spectral_rms": {
        "dmean": 0.000859967258293,
        "dmean2": 0.00141660927329,
        "dvar": 2.09241966331e-06,
        "dvar2": 5.40204837307e-06,
        "max": 0.0133957583457,
        "mean": 0.00486995140091,
        "median": 0.00479019386694,
        "min": 3.18577933131e-12,
        "var": 4.48523360319e-06
    },
    "spectral_rolloff": {
        "dmean": 440.507293701,
        "dmean2": 737.18548584,
        "dvar": 383912.65625,
        "dvar2": 917095.5,
        "max": 19207.6171875,
        "mean": 2186.7878418,
        "median": 1981.0546875,
        "min": 64.599609375,
        "var": 5937811
    },
    "spectral_skewness": {
        "dmean": 0.219261169434,
        "dmean2": 0.372746437788,
        "dvar": 0.0777728706598,
        "dvar2": 0.23472045362,
        "max": 6.18865537643,
        "mean": 1.3840136528,
        "median": 1.2537740469,
        "min": 0.0181129202247,
        "var": 0.266945332289
    },
    "spectral_spread": {
        "dmean": 360210.1875,
        "dmean2": 520787,
        "dvar": 323753607168,
        "dvar2": 474015891456,
        "max": 40562832,
        "mean": 3796938.75,
        "median": 3771543.75,
        "min": 957969.5,
        "var": 2.45007096218e+12
    },
    "spectral_strongpeak": {
        "dmean": 0.395137131214,
        "dmean2": 0.683906376362,
        "dvar": 0.649950265884,
        "dvar2": 1.64402282238,
        "max": 10.8625993729,
        "mean": 0.841480076313,
        "median": 0.490494847298,
        "min": 0,
        "var": 1.24865746498
    },
    "zerocrossingrate": {
        "dmean": 0.00831660907716,
        "dmean2": 0.0100096603855,
        "dvar": 7.94299412519e-05,
        "dvar2": 0.000106541745481,
        "max": 0.52099609375,
        "mean": 0.0735078454018,
        "median": 0.06494140625,
        "min": 0.01025390625,
        "var": 0.00400069309399
    },
    "barkbands": {
        "dmean": [0.000149898361997, 0.00329484511167, 0.00443888455629, 0.00267170858569, 0.00269210501574, 0.000304473796859, 0.000231303783949, 0.000181216630153, 0.000444013421657, 0.000436980015365, 0.000298147759167, 0.000245801755227, 0.00022908434039, 0.000405176280765, 0.000429418316344, 0.000567180104554, 0.00028771624784, 0.000163303746376, 0.000159295159392, 0.000185011347639, 0.000106576764665, 8.54919053381e-05, 4.77798057545e-05, 2.80339154415e-05, 1.66875033756e-05, 1.17750014397e-05, 5.16320733368e-06],
        "dmean2": [0.000223527837079, 0.00584585219622, 0.00780389504507, 0.00458153057843, 0.00452959677204, 0.000510371930432, 0.000385532533983, 0.000311648153001, 0.00066621467704, 0.000646843342111, 0.00045178559958, 0.000379534612875, 0.000371909525711, 0.000650524161756, 0.00068621878745, 0.000938666868024, 0.000477900757687, 0.000269946060143, 0.000265083479462, 0.000299751787679, 0.000175716457306, 0.000138169532875, 7.77180830482e-05, 4.44259021606e-05, 2.52695990639e-05, 1.67151138157e-05, 6.93202628099e-06],
        "dvar": [1.42258699043e-07, 7.09033702151e-05, 0.000125897131511, 4.44188917754e-05, 7.86923992564e-05, 2.97785533121e-07, 2.88505901835e-07, 2.29702465049e-07, 1.05822346086e-06, 1.31566582695e-06, 4.57850916291e-07, 1.51351443378e-07, 1.50601849214e-07, 3.74622317167e-07, 3.22128272501e-07, 4.55262437526e-07, 1.22394780533e-07, 4.13784846387e-08, 3.79867053368e-08, 8.89582310037e-08, 3.49223228113e-08, 2.01615542039e-08, 1.38766109714e-08, 4.31304547632e-09, 3.38412053935e-09, 1.89972615416e-09, 3.95228932915e-10],
        "dvar2": [2.7223703114e-07, 0.000202324648853, 0.000352381553967, 0.000117339091958, 0.000202841722057, 8.31699423998e-07, 8.0956903048e-07, 6.65766606289e-07, 2.34347453443e-06, 2.81366260424e-06, 1.05531273675e-06, 3.59635947689e-07, 3.43214338727e-07, 9.02150475213e-07, 7.64721164614e-07, 1.22873188957e-06, 3.26470825485e-07, 1.11325995533e-07, 1.03471265334e-07, 2.15434582174e-07, 9.15762612408e-08, 5.10086017869e-08, 3.33264402741e-08, 1.06521493848e-08, 7.86095633032e-09, 3.84974052636e-09, 7.44085626447e-10],
        "max": [0.00433260155842, 0.099752753973, 0.109886772931, 0.0998817980289, 0.0919350534678, 0.00994672905654, 0.00954753905535, 0.0107590612024, 0.0238286741078, 0.034561406821, 0.0259281359613, 0.0121465288103, 0.0120527204126, 0.015943357721, 0.0129430685192, 0.0144974272698, 0.00646546063945, 0.00381949706934, 0.00265418388881, 0.00683981832117, 0.00581698026508, 0.00306434277445, 0.00612446526065, 0.00211126706563, 0.00234333984554, 0.00123813480604, 0.000345014093909],
        "mean": [0.000167752805282, 0.00383239844814, 0.00619514100254, 0.00373520911671, 0.00361166824587, 0.000571587239392, 0.00042723849765, 0.000287172966637, 0.00120437925216, 0.00107773637865, 0.000737776921596, 0.000537842919584, 0.000529595301487, 0.000884860346559, 0.00100900745019, 0.00137153989635, 0.000669826345984, 0.000417554139858, 0.00043019518489, 0.000471905688755, 0.000261118722847, 0.000222461676458, 0.000114948030387, 7.54116481403e-05, 3.58351790055e-05, 1.94967451534e-05, 7.21683682059e-06],
        "median": [7.97694337962e-06, 0.00139236077666, 0.00343054160476, 0.00177345739212, 0.00154969061259, 0.000395541341277, 0.000245640694629, 0.0001676879765, 0.000398892152589, 0.000331356917741, 0.00040616854676, 0.000366007559933, 0.000380897254217, 0.000585953006521, 0.000733361113816, 0.00111894356087, 0.000523608352523, 0.000354760908522, 0.00034744545701, 0.00030886469176, 0.000166992467712, 0.000142839431646, 7.42055490264e-05, 5.39058164577e-05, 2.17872275243e-05, 5.50058121007e-06, 3.61994665354e-07],
        "min": [8.53946031978e-23, 5.94790078484e-23, 1.32844886414e-23, 6.3069454616e-23, 6.4947246493e-23, 1.06588588351e-22, 5.20043677557e-23, 4.61932933171e-23, 3.9572891766e-23, 2.55423316126e-22, 3.20380962962e-23, 2.61994432804e-23, 5.76461684212e-23, 4.52205489349e-23, 1.13131716243e-22, 9.92622288644e-23, 1.96865085659e-22, 1.82433979804e-22, 2.91503693473e-22, 4.01570060321e-22, 4.2481353766e-22, 5.51890724364e-22, 5.72507989086e-22, 7.13859392988e-22, 1.30148569306e-21, 1.51207020582e-21, 2.31755005005e-21],
        "var": [2.03760507134e-07, 5.98591541348e-05, 0.000106851395685, 4.76322347822e-05, 7.42024276406e-05, 4.01683138307e-07, 3.64627908311e-07, 2.22385992288e-07, 6.35023661744e-06, 7.28714485376e-06, 2.20114384319e-06, 4.34317399822e-07, 4.68384882879e-07, 1.29443128571e-06, 1.11229144295e-06, 1.40075474064e-06, 3.47995268157e-07, 1.19460892734e-07, 1.32734882641e-07, 3.08688157702e-07, 9.96024098754e-08, 7.26000379814e-08, 2.79842993223e-08, 9.60948476347e-09, 5.10671904763e-09, 3.33980310074e-09, 7.50563888818e-10]
    },
    "erbbands": {
        "dmean": [0.0694889724255, 0.897430539131, 4.52179718018, 6.57313251495, 13.902053833, 5.11714506149, 2.87467122078, 2.44167494774, 2.87085795403, 3.65657401085, 4.43314886093, 8.52876281738, 14.1218185425, 10.2794923782, 9.37789058685, 8.73427391052, 9.90525913239, 14.8319406509, 18.1592941284, 30.0788955688, 29.2793121338, 15.3275337219, 8.77617073059, 9.05784130096, 6.38796329498, 10.4914255142, 4.08205366135, 4.58835601807, 3.33907198906, 2.16959118843, 1.20878958702, 0.709800541401, 0.46538606286, 0.224705770612, 0.103385359049, 0.0523673146963, 0.023022852838, 0.00533090392128, 0.000881393672898, 5.96326535742e-05],
        "dmean2": [0.115863546729, 1.62629294395, 8.02482891083, 11.3729324341, 23.3288898468, 8.7370262146, 4.90893554688, 4.03131246567, 4.83150434494, 6.0721654892, 7.52343940735, 13.1206026077, 20.6210613251, 15.5211982727, 14.1457061768, 13.5709314346, 15.805103302, 23.1233520508, 29.1955623627, 48.2230949402, 48.2421417236, 25.5514831543, 14.5464878082, 15.0198745728, 10.5172214508, 16.9302406311, 6.83749723434, 7.4958987236, 5.44247627258, 3.50067043304, 1.97986245155, 1.16023421288, 0.728056550026, 0.352465122938, 0.154308959842, 0.0759151801467, 0.0330664180219, 0.00754454173148, 0.00120702083223, 8.21916546556e-05],
        "dvar": [0.02924240008, 5.62551546097, 136.151397705, 213.495742798, 2072.56616211, 236.445846558, 38.7568588257, 18.3314228058, 38.6192512512, 82.4004211426, 142.690246582, 337.751342773, 1137.45922852, 569.260742188, 354.271057129, 177.271057129, 185.565795898, 745.229064941, 529.058105469, 1674.9588623, 1375.74523926, 356.170440674, 115.611274719, 123.224075317, 70.4207305908, 337.827941895, 44.142742157, 79.1119995117, 30.6707649231, 18.7943592072, 10.7071285248, 2.08706831932, 1.39812505245, 0.591253578663, 0.141107484698, 0.0333091057837, 0.00850135926157, 0.000418464507675, 1.17393856272e-05, 3.8616825293e-08],
        "dvar2": [0.0721602812409, 16.4290885925, 385.095794678, 572.375244141, 5368.67431641, 645.112548828, 111.530281067, 48.5207557678, 105.613082886, 231.149520874, 408.694641113, 795.956665039, 2422.90283203, 1235.66186523, 796.724060059, 419.528717041, 457.85748291, 1627.9786377, 1333.13134766, 4043.59643555, 3624.38891602, 936.443908691, 314.320159912, 335.342773438, 190.237213135, 792.784667969, 119.241569519, 204.671676636, 79.2029190063, 44.7782821655, 26.2346096039, 5.37173128128, 3.38102579117, 1.44670701027, 0.316514045, 0.0679604485631, 0.0181630048901, 0.000848377414513, 2.23071237997e-05, 7.17644681458e-08],
        "max": [1.93001055717, 27.5089855194, 111.372055054, 191.386108398, 481.19442749, 203.418197632, 145.844421387, 106.779556274, 112.878585815, 173.056228638, 251.268188477, 398.316375732, 807.761413574, 820.435424805, 1010.78192139, 440.597381592, 368.036102295, 894.564147949, 457.912261963, 972.300598145, 994.418395996, 438.095947266, 193.827560425, 223.746902466, 135.804458618, 456.403015137, 161.481933594, 317.248199463, 111.510536194, 162.488037109, 191.373443604, 46.7113647461, 41.5231132507, 32.2840843201, 15.7242717743, 7.10389757156, 2.95529961586, 0.603746712208, 0.0628682374954, 0.00361313275062],
        "mean": [0.0863412022591, 1.01134562492, 5.92618608475, 10.7006568909, 17.1096019745, 7.5708861351, 5.08669233322, 4.86455917358, 5.27328586578, 6.93793725967, 8.68315315247, 22.5530967712, 38.1231689453, 28.5457286835, 25.5777606964, 20.9469642639, 26.0105648041, 36.5229949951, 44.8406677246, 71.2246551514, 72.7504196167, 39.0061073303, 24.2595024109, 24.8542900085, 19.1254997253, 24.9611759186, 10.8503351212, 10.7148075104, 8.46058273315, 5.51015090942, 2.87959265709, 1.79628479481, 1.17847406864, 0.503176391125, 0.207854375243, 0.0951628163457, 0.035029835999, 0.00775907607749, 0.001246347907, 0.000105247003376],
        "median": [0.0229631401598, 0.41864708066, 2.93694210052, 6.02329301834, 5.08430528641, 4.29387664795, 3.54327201843, 3.35039353371, 2.96439933777, 3.90552783012, 5.09986543655, 8.81419563293, 10.4356460571, 15.6314029694, 16.5551605225, 15.4373531342, 20.4896202087, 24.3411712646, 34.6506576538, 56.2248916626, 57.7782287598, 32.8186683655, 21.1404800415, 20.7040042877, 15.9170351028, 15.2675304413, 7.90123128891, 6.06458282471, 5.34356880188, 3.50382614136, 1.90972661972, 1.25528419018, 0.801263272762, 0.333348095417, 0.104136027396, 0.0363900139928, 0.00710443360731, 0.000981497229077, 8.8706270617e-05, 3.95703973481e-05],
        "min": [4.49498305525e-21, 4.06556120675e-21, 1.27995205722e-20, 1.14495031667e-19, 2.93584778314e-19, 1.13371203407e-19, 6.88894625698e-19, 6.50718120778e-19, 7.4438520991e-19, 6.03467237744e-19, 1.37178567791e-18, 1.00978073277e-18, 5.82608451712e-18, 4.41518115785e-18, 1.43651380161e-18, 1.22331037687e-18, 2.66742545132e-18, 2.37565134552e-18, 3.52424435881e-18, 6.10402051166e-18, 6.13127818079e-18, 1.0863391936e-17, 1.10732584107e-17, 1.33736865717e-17, 1.47032710458e-17, 2.35844462393e-17, 2.04018043124e-17, 1.20579565458e-17, 1.66976481704e-17, 2.19373857103e-17, 1.40104758499e-17, 1.40192638167e-17, 1.24093288079e-17, 1.18033197476e-17, 1.18176622322e-17, 5.57861193018e-18, 3.08920070976e-18, 1.1447441419e-18, 3.36900194488e-19, 3.15473502437e-20],
        "var": [0.0329319760203, 4.21634244919, 107.960716248, 272.255493164, 1986.27685547, 194.695877075, 37.2058410645, 29.5557327271, 59.1353912354, 105.064834595, 205.005462646, 1752.56982422, 6338.57373047, 2903.11865234, 1621.84655762, 524.989318848, 597.436401367, 2639.27905273, 1817.64025879, 4701.81494141, 4595.43408203, 1038.78234863, 369.228790283, 418.873748779, 267.58605957, 1021.64752197, 146.135162354, 199.70539856, 102.173843384, 52.7985610962, 19.0434780121, 4.93547868729, 2.82972598076, 0.863943815231, 0.21408611536, 0.0577223561704, 0.0136868860573, 0.000733243708964, 2.1910700525e-05, 7.52423829908e-08]
    },
    "gfcc": {
        "mean": [-17.6523571014, 96.039024353, -139.889434814, 40.2632369995, -36.5199623108, 12.3528881073, -32.9265365601, 1.18342995644, -23.0720405579, -8.30393791199, -22.9242172241, -8.89269542694, -7.93633842468],
        "cov": [[31614.9492188, 676.791687012, -1640.04406738, 1498.10778809, -1152.25366211, 1262.88659668, -581.641906738, 210.141036987, -348.905822754, -45.2284126282, -700.895324707, -184.41758728, -371.229095459], [676.791687012, 2530.87866211, -1128.88342285, -274.279296875, 470.198242188, -681.83605957, 157.230178833, -245.269973755, -9.5482416153, -202.104278564, 193.107894897, -201.376998901, 175.371292114], [-1640.04406738, -1128.88342285, 1121.34301758, 32.2689285278, -133.155212402, 287.144378662, -136.112442017, 118.159934998, 19.2329730988, 78.6865615845, -86.7753067017, 142.614303589, -84.9716033936], [1498.10778809, -274.279296875, 32.2689285278, 520.05657959, -152.337463379, 313.265014648, 5.04013347626, 111.245132446, 58.9246139526, 36.8804969788, -16.6722202301, 6.99689435959, 11.9379014969], [-1152.25366211, 470.198242188, -133.155212402, -152.337463379, 368.844146729, -229.186248779, 99.2650146484, -52.9748077393, 9.39571094513, -33.5275764465, 86.9736328125, -30.5265884399, 10.0685930252], [1262.88659668, -681.83605957, 287.144378662, 313.265014648, -229.186248779, 496.615234375, -8.94818782806, 165.933227539, 55.299747467, 72.7388458252, -61.4227256775, 58.2537193298, -13.1939888], [-581.641906738, 157.230178833, -136.112442017, 5.04013347626, 99.2650146484, -8.94818782806, 173.645141602, 33.7879447937, 48.5248451233, 15.8627538681, 49.7336883545, -12.4074649811, 41.4927749634], [210.141036987, -245.269973755, 118.159934998, 111.245132446, -52.9748077393, 165.933227539, 33.7879447937, 122.11932373, 44.9971160889, 44.8924942017, -11.3398971558, 29.0011367798, 2.6769592762], [-348.905822754, -9.5482416153, 19.2329730988, 58.9246139526, 9.39571094513, 55.299747467, 48.5248451233, 44.9971160889, 85.1329727173, 31.6699352264, 21.5937843323, 4.3016295433, 27.2526245117], [-45.2284126282, -202.104278564, 78.6865615845, 36.8804969788, -33.5275764465, 72.7388458252, 15.8627538681, 44.8924942017, 31.6699352264, 76.1837463379, 8.68621063232, 30.4163265228, -5.98365020752], [-700.895324707, 193.107894897, -86.7753067017, -16.6722202301, 86.9736328125, -61.4227256775, 49.7336883545, -11.3398971558, 21.5937843323, 8.68621063232, 91.9972991943, 9.4113073349, 33.4945716858], [-184.41758728, -201.376998901, 142.614303589, 6.99689435959, -30.5265884399, 58.2537193298, -12.4074649811, 29.0011367798, 4.3016295433, 30.4163265228, 9.4113073349, 81.8943099976, 15.6131153107], [-371.229095459, 175.371292114, -84.9716033936, 11.9379014969, 10.0685930252, -13.1939888, 41.4927749634, 2.6769592762, 27.2526245117, -5.98365020752, 33.4945716858, 15.6131153107, 88.7527542114]],
        "icov": [[0.000119226155221, -0.000294181227218, 0.000290470547043, -0.000208292054594, 3.80961573683e-05, -0.000451137078926, 0.000284186302451, -0.000100870573078, 0.000404783990234, -0.000419314601459, 0.000988423940726, -0.000655866751913, 0.000774677784648], [-0.000294181227218, 0.00223757256754, 7.76414162829e-05, 0.000532932870556, -0.000845357018989, 0.00187871127855, -9.39884630498e-05, 0.000144597535837, -0.0015349794412, 0.00266099185683, -0.00346534885466, 0.00316319568083, -0.00383232836612], [0.000290470547043, 7.76414162829e-05, 0.00290121883154, -4.96739266964e-05, -0.000796620908659, -0.00140103581361, 0.00221641198732, -0.000875527388416, -0.000546572497115, -2.25200146815e-05, 0.00290718046017, -0.0036166026257, 0.00242354162037], [-0.000208292054594, 0.000532932870556, -4.96739266964e-05, 0.00395890465006, 0.000233483602642, -0.00155578332487, 0.000314683100441, -0.000625325541478, -0.00176663091406, 0.00135332904756, -0.00292156869546, 0.0022747318726, -0.00155424815603], [3.80961573683e-05, -0.000845357018989, -0.000796620908659, 0.000233483602642, 0.00630231108516, 0.00168041826691, -0.00319713586941, -0.000480260205222, -0.000688061234541, 0.0018565740902, -0.00310056656599, -0.000793442712165, 0.00372582022101], [-0.000451137078926, 0.00187871127855, -0.00140103581361, -0.00155578332487, 0.00168041826691, 0.00895777437836, -0.00184390228242, -0.00429465435445, -0.00216589542106, 0.00227829371579, -0.00292804138735, 0.00184859719593, -0.00300022424199], [0.000284186302451, -9.39884630498e-05, 0.00221641198732, 0.000314683100441, -0.00319713586941, -0.00184390228242, 0.0121547356248, -0.0042173312977, -0.00128946697805, -0.00241487356834, 0.000393375696149, 0.00130791752599, -0.00215802132152], [-0.000100870573078, 0.000144597535837, -0.000875527388416, -0.000625325541478, -0.000480260205222, -0.00429465435445, -0.0042173312977, 0.0203728489578, -0.00451490283012, -0.0032018260099, 0.00189320964273, -0.00208807759918, 0.000134786445415], [0.000404783990234, -0.0015349794412, -0.000546572497115, -0.00176663091406, -0.000688061234541, -0.00216589542106, -0.00128946697805, -0.00451490283012, 0.0235003903508, -0.00949136726558, 0.00128835951909, 0.00384876248427, -0.00408368278295], [-0.000419314601459, 0.00266099185683, -2.25200146815e-05, 0.00135332904756, 0.0018565740902, 0.00227829371579, -0.00241487356834, -0.0032018260099, -0.00949136726558, 0.026991808787, -0.0088666267693, -0.00369220180437, 0.00286807632074], [0.000988423940726, -0.00346534885466, 0.00290718046017, -0.00292156869546, -0.00310056656599, -0.00292804138735, 0.000393375696149, 0.00189320964273, 0.00128835951909, -0.0088666267693, 0.0292024929076, -0.0116606932133, 0.00387057173066], [-0.000655866751913, 0.00316319568083, -0.0036166026257, 0.0022747318726, -0.000793442712165, 0.00184859719593, 0.00130791752599, -0.00208807759918, 0.00384876248427, -0.00369220180437, -0.0116606932133, 0.0293378680944, -0.0151369059458], [0.000774677784648, -0.00383232836612, 0.00242354162037, -0.00155424815603, 0.00372582022101, -0.00300022424199, -0.00215802132152, 0.000134786445415, -0.00408368278295, 0.00286807632074, 0.00387057173066, -0.0151369059458, 0.0273949410766]]
    },
    "melbands": {
        "dmean": [0.000742489646655, 0.00195051240735, 0.00141942931805, 0.000700085482094, 0.0001064169046, 5.4504009313e-05, 4.41379124823e-05, 3.92262554669e-05, 3.94752569264e-05, 5.8925790654e-05, 7.5242947787e-05, 4.68379039376e-05, 4.12559784309e-05, 2.03530980798e-05, 3.16796686093e-05, 2.46010640694e-05, 2.98037139146e-05, 3.51502785634e-05, 3.40203769156e-05, 4.30586223956e-05, 3.58741272066e-05, 1.94194180949e-05, 9.35952357395e-06, 8.81453888724e-06, 8.33494686958e-06, 5.8320692915e-06, 5.87809245189e-06, 7.54600205255e-06, 2.99565067508e-06, 2.71120370599e-06, 2.68754615718e-06, 2.05010678656e-06, 1.80593713139e-06, 1.20501886158e-06, 8.11074812646e-07, 5.74833279643e-07, 4.22330089123e-07, 3.57231471071e-07, 2.89851243451e-07, 1.74794976715e-07],
        "dmean2": [0.00128706835676, 0.00348206586204, 0.00241172406822, 0.00118340353947, 0.000182383344509, 9.0109584562e-05, 7.44611970731e-05, 6.54886753182e-05, 6.58739445498e-05, 8.92351527e-05, 0.000109382352093, 7.03948608134e-05, 6.20483842795e-05, 3.18560996675e-05, 4.91846876685e-05, 3.87802574551e-05, 4.67409990961e-05, 5.67970673728e-05, 5.46409610251e-05, 7.03993500792e-05, 5.91932548559e-05, 3.24867251038e-05, 1.55600355356e-05, 1.4630091755e-05, 1.38776031235e-05, 9.69693610386e-06, 9.6103440228e-06, 1.22077153719e-05, 5.04396439283e-06, 4.54370365333e-06, 4.38974075223e-06, 3.40779047292e-06, 2.89453259938e-06, 1.96856376533e-06, 1.33766980071e-06, 9.46867146467e-07, 6.97359496371e-07, 5.65186212498e-07, 4.58778885104e-07, 2.7897189625e-07],
        "dvar": [3.42395605912e-06, 2.60143660853e-05, 1.07035984911e-05, 5.3289850257e-06, 5.62929685088e-08, 8.86306317227e-09, 9.80670122885e-09, 8.87680684514e-09, 1.05125224081e-08, 1.79428525371e-08, 3.18792388043e-08, 1.233646163e-08, 7.90188181554e-09, 1.44544076708e-09, 2.62216670599e-09, 1.85130843988e-09, 2.8386741846e-09, 2.33385955006e-09, 2.21786189414e-09, 2.76482392536e-09, 2.14727791104e-09, 5.95382021462e-10, 1.42297770789e-10, 1.25859905831e-10, 1.06352572582e-10, 5.3695509844e-11, 7.43054992536e-11, 1.7689286147e-10, 2.436064718e-11, 2.69181985729e-11, 2.38619974474e-11, 1.17683987555e-11, 1.02292341264e-11, 6.78167591528e-12, 5.09351978997e-12, 1.41901128434e-12, 7.88815790031e-13, 7.70244219968e-13, 6.54231009645e-13, 3.85874464976e-13],
        "dvar2": [9.36104879656e-06, 7.43133568903e-05, 2.8186092095e-05, 1.38464729389e-05, 1.63979962053e-07, 2.37721309304e-08, 2.73168740961e-08, 2.52189309435e-08, 2.93378619176e-08, 4.0846444449e-08, 6.76811424682e-08, 2.62922341676e-08, 1.79842132297e-08, 3.46003004026e-09, 6.12301453984e-09, 4.30369340165e-09, 6.20840356902e-09, 5.91741056155e-09, 5.2161359676e-09, 7.23847781714e-09, 5.6501479051e-09, 1.57419388636e-09, 3.73321484837e-10, 3.37024241848e-10, 2.92920604439e-10, 1.46894524322e-10, 1.92247995301e-10, 4.13016176815e-10, 6.45867456739e-11, 7.1173240912e-11, 6.24992557707e-11, 3.09744729865e-11, 2.41813236102e-11, 1.6340729117e-11, 1.25718810362e-11, 3.55291490672e-12, 2.09662018649e-12, 1.9466340432e-12, 1.54241788612e-12, 9.67402915587e-13],
        "max": [0.0201681219041, 0.0454714596272, 0.0358348228037, 0.023905871436, 0.00517977867275, 0.00213395315222, 0.00157113512978, 0.00173074007034, 0.00196037860587, 0.00285308039747, 0.004542181734, 0.00321930996142, 0.00422990182415, 0.00122897967231, 0.00191744847689, 0.00135565118399, 0.00201106164604, 0.00106424430851, 0.00138527096715, 0.000900387822185, 0.0012162050698, 0.000520199420862, 0.000387008622056, 0.000230937526794, 0.000202246272238, 0.000108104548417, 0.000161635747645, 0.000323349115206, 0.00013875469449, 0.000182323521585, 0.00014168767666, 7.01929020579e-05, 0.000107403357106, 0.000100174445834, 0.000139822150231, 4.30614272773e-05, 3.21478073602e-05, 3.20419567288e-05, 3.07536465698e-05, 2.56064686255e-05],
        "mean": [0.000910347502213, 0.00255155330524, 0.00216325256042, 0.000898306432646, 0.000195853805053, 0.00010941340588, 8.07802643976e-05, 7.2687616921e-05, 8.1820122432e-05, 0.000156194961164, 0.000199749061721, 0.000125222431961, 0.000104925093183, 4.52972199128e-05, 6.9788969995e-05, 5.71453529119e-05, 6.89722437528e-05, 7.43011114537e-05, 7.86359596532e-05, 9.8569522379e-05, 8.02910872153e-05, 4.2549756472e-05, 2.29803699767e-05, 2.08115125133e-05, 2.03902291105e-05, 1.50200694407e-05, 1.44178729897e-05, 1.66711943166e-05, 6.83840426063e-06, 5.72756516704e-06, 6.05252716923e-06, 4.85811096951e-06, 4.04642059948e-06, 2.72391775979e-06, 1.71214367128e-06, 1.30965167955e-06, 9.68078666119e-07, 8.46462341997e-07, 6.51582354294e-07, 3.4705442431e-07],
        "median": [0.000312126067001, 0.00135425303597, 0.00126699672546, 0.000364359992091, 0.000142104530823, 7.62478885008e-05, 4.77216308354e-05, 4.41227966803e-05, 4.48367463832e-05, 5.22891568835e-05, 5.1652896218e-05, 6.09179478488e-05, 5.92338692513e-05, 2.98841332551e-05, 4.74975349789e-05, 3.86279352824e-05, 4.52798558399e-05, 5.28141899849e-05, 5.61581764487e-05, 8.02009453764e-05, 6.05310815445e-05, 3.35045551765e-05, 1.90447553905e-05, 1.7253221813e-05, 1.64275661518e-05, 1.21054345072e-05, 1.01721725514e-05, 9.52412665356e-06, 4.61152740172e-06, 3.50717277797e-06, 3.3230153349e-06, 2.93418656838e-06, 2.352174306e-06, 1.65387370998e-06, 1.0766724472e-06, 8.59589988522e-07, 6.61515116462e-07, 5.62774573609e-07, 4.21695233399e-07, 2.16926665075e-07],
        "min": [3.43324856172e-23, 5.1126950903e-24, 2.69757802299e-23, 1.43317977341e-23, 1.93562752982e-23, 1.60244613116e-23, 1.21036356526e-23, 6.60769694622e-24, 1.09316210614e-23, 5.40337889539e-24, 3.24953042996e-23, 2.20938766526e-23, 4.94454623291e-24, 2.63330092645e-24, 4.70001079077e-24, 6.06632576722e-24, 4.01012037472e-24, 4.06171187792e-24, 1.07880002562e-23, 5.58673541331e-24, 7.55026266566e-24, 1.06455690532e-23, 1.12607488195e-23, 9.20724685327e-24, 1.09109055741e-23, 1.08116747608e-23, 1.28573480714e-23, 1.47099208541e-23, 1.29767484803e-23, 1.00235451296e-23, 6.20948666658e-24, 8.63311546417e-24, 1.26648510221e-23, 1.22665543622e-23, 7.86627324454e-24, 7.85467383379e-24, 9.16859188006e-24, 8.45158515925e-24, 8.59302318639e-24, 1.02665663533e-23],
        "var": [3.25530959344e-06, 2.00988652068e-05, 1.15332577479e-05, 4.93450761496e-06, 5.0224418402e-08, 1.41952654076e-08, 1.27426824648e-08, 1.03698161169e-08, 2.16330793279e-08, 1.01821115095e-07, 1.80572399699e-07, 6.4946490852e-08, 3.85040266337e-08, 3.81692277784e-09, 7.89508991517e-09, 6.37733732489e-09, 9.62405177773e-09, 7.32255278635e-09, 8.0332274166e-09, 7.18558501589e-09, 6.55240128822e-09, 1.48931555977e-09, 4.51785248101e-10, 3.26880633672e-10, 3.11116105101e-10, 1.70363112506e-10, 2.34197800042e-10, 5.2339055312e-10, 7.85189829822e-11, 5.61678481503e-11, 6.26655116687e-11, 3.49019528556e-11, 3.08865849563e-11, 1.50252050385e-11, 8.12579691034e-12, 3.05488447039e-12, 1.54328557312e-12, 1.47763507159e-12, 1.17908861928e-12, 4.91688937829e-13]
    },
    "mfcc": {
        "mean": [-636.520141602, 117.154266357, -28.0711116791, 27.7376842499, 12.9232788086, 12.3000020981, 2.01272535324, 5.22529506683, 4.34184980392, 2.09788703918, -8.59913539886, -7.82067775726, -4.06985712051],
        "cov": [[13688.9287109, -322.155761719, -12.411989212, 525.750732422, 10.1966123581, 737.765258789, 79.6164855957, 423.648284912, 370.547302246, 285.540618896, 53.2686271667, -20.848323822, -1.24296283722], [-322.155761719, 1950.33520508, -903.607421875, 130.851989746, 115.793891907, -253.905670166, 105.236434937, -130.75479126, -102.148025513, -50.6340484619, -77.6147079468, -22.9517002106, -11.017742157], [-12.411989212, -903.607421875, 911.770690918, -114.458869934, 0.166991382837, 165.182678223, -114.085716248, 94.1145019531, 60.9584465027, 2.06634545326, 30.8952331543, -4.77309608459, 0.793193459511], [525.750732422, 130.851989746, -114.458869934, 265.871948242, 47.9759292603, 44.8318099976, 47.8932647705, 20.1307296753, 24.8610401154, 24.7198619843, 5.75314092636, 27.5667247772, 16.872209549], [10.1966123581, 115.793891907, 0.166991382837, 47.9759292603, 125.640548706, 19.6723098755, 17.3426532745, 19.6108417511, -6.62898397446, -1.05024254322, 3.15542840958, 11.6191864014, 14.3407354355], [737.765258789, -253.905670166, 165.182678223, 44.8318099976, 19.6723098755, 163.714065552, 19.7574996948, 77.4204406738, 66.1094589233, 45.457485199, 30.1243095398, 15.0263271332, 12.7068090439], [79.6164855957, 105.236434937, -114.085716248, 47.8932647705, 17.3426532745, 19.7574996948, 97.3050308228, 36.9618377686, 20.4950866699, 26.0441799164, 17.3228092194, 14.373790741, 10.8714694977], [423.648284912, -130.75479126, 94.1145019531, 20.1307296753, 19.6108417511, 77.4204406738, 36.9618377686, 106.846290588, 62.9050521851, 39.5859184265, 22.2461357117, 12.0429763794, 14.8631734848], [370.547302246, -102.148025513, 60.9584465027, 24.8610401154, -6.62898397446, 66.1094589233, 20.4950866699, 62.9050521851, 99.0621871948, 55.8344650269, 20.5217819214, 9.45381355286, 11.0490665436], [285.540618896, -50.6340484619, 2.06634545326, 24.7198619843, -1.05024254322, 45.457485199, 26.0441799164, 39.5859184265, 55.8344650269, 84.5303115845, 35.0762443542, 11.233590126, 5.42284870148], [53.2686271667, -77.6147079468, 30.8952331543, 5.75314092636, 3.15542840958, 30.1243095398, 17.3228092194, 22.2461357117, 20.5217819214, 35.0762443542, 62.096282959, 25.4862308502, 6.85444688797], [-20.848323822, -22.9517002106, -4.77309608459, 27.5667247772, 11.6191864014, 15.0263271332, 14.373790741, 12.0429763794, 9.45381355286, 11.233590126, 25.4862308502, 55.3610877991, 28.1481399536], [-1.24296283722, -11.017742157, 0.793193459511, 16.872209549, 14.3407354355, 12.7068090439, 10.8714694977, 14.8631734848, 11.0490665436, 5.42284870148, 6.85444688797, 28.1481399536, 52.7084693909]],
