{
"lowlevel": {
    "average_loudness": 0.977467656136,
    "barkbands_crest": {
        "dmean": 3.63741922379,
        "dmean2": 6.13748979568,
        "dvar": 10.6592664719,
        "dvar2": 29.3856105804,
        "max": 24.826341629,
        "mean": 11.3271150589,
        "median": 10.6608505249,
        "min": 2.86385917664,
        "var": 17.2079429626
    },
    "barkbands_flatness_db": {
        "dmean": 0.0266105830669,
        "dmean2": 0.0432446785271,
        "dvar": 0.00060705182841,
        "dvar2": 0.00161655631382,
        "max": 0.321463763714,
        "mean": 0.117419838905,
        "median": 0.110914871097,
        "min": 0.0267723556608,
        "var": 0.00161986995954
    },
    "barkbands_kurtosis": {
        "dmean": 4.37938308716,
        "dmean2": 7.32191419601,
        "dvar": 38.1167640686,
        "dvar2": 95.2319107056,
        "max": 173.138793945,
        "mean": 4.79693889618,
        "median": 2.34266853333,
        "min": -1.81404078007,
        "var": 60.8533439636
    },
    "barkbands_skewness": {
        "dmean": 0.786555469036,
        "dmean2": 1.27956855297,
        "dvar": 0.620604038239,
        "dvar2": 1.6090272665,
        "max": 11.8635311127,
        "mean": 2.07147169113,
        "median": 1.85524058342,
        "min": -1.98158431053,
        "var": 1.32190537453
    },
    "barkbands_spread": {
        "dmean": 8.99251365662,
        "dmean2": 14.5040159225,
        "dvar": 73.6661071777,
        "dvar2": 186.756576538,
        "max": 97.4829330444,
        "mean": 30.1428966522,
        "median": 28.0232810974,
        "min": 1.80708837509,
        "var": 190.218933105
    },
    "dissonance": {
        "dmean": 0.00927763152868,
        "dmean2": 0.0157743282616,
        "dvar": 9.81658085948e-05,
        "dvar2": 0.000273166107945,
        "max": 0.500000119209,
        "mean": 0.484532058239,
        "median": 0.488052546978,
        "min": 0.350211977959,
        "var": 0.000164699740708
    },
    "dynamic_complexity": 1.72338795662,
    "erbbands_crest": {
        "dmean": 2.21493792534,
        "dmean2": 3.70194959641,
        "dvar": 4.88358163834,
        "dvar2": 12.927236557,
        "max": 29.4734420776,
        "mean": 7.15153026581,
        "median": 6.16653442383,
        "min": 2.26594543457,
        "var": 11.8870210648
    },
    "erbbands_flatness_db": {
        "dmean": 0.013282481581,
        "dmean2": 0.020384831354,
        "dvar": 0.000180358038051,
        "dvar2": 0.000404183752835,
        "max": 0.250839829445,
        "mean": 0.111690208316,
        "median": 0.105683803558,
        "min": 0.0504963509738,
        "var": 0.000693429319654
    },
    "erbbands_kurtosis": {
        "dmean": 0.6508872509,
        "dmean2": 1.05058443546,
        "dvar": 0.421286910772,
        "dvar2": 1.0654001236,
        "max": 10.6815671921,
        "mean": -0.173423781991,
        "median": -0.36184489727,
        "min": -1.7541782856,
        "var": 0.990111470222
    },
    "erbbands_skewness": {
        "dmean": 0.312541663647,
        "dmean2": 0.494033277035,
        "dvar": 0.0764387696981,
        "dvar2": 0.188365697861,
        "max": 2.6229121685,
        "mean": -0.424195259809,
        "median": -0.523992180824,
        "min": -2.42833518982,
        "var": 0.383794009686
    },
    "erbbands_spread": {
        "dmean": 12.673997879,
        "dmean2": 20.40858078,
        "dvar": 140.1771698,
        "dvar2": 354.225799561,
        "max": 148.509536743,
        "mean": 56.9246902466,
        "median": 54.5787353516,
        "min": 8.48893928528,
        "var": 391.128448486
    },
    "hfc": {
        "dmean": 8.84632492065,
        "dmean2": 14.9467992783,
        "dvar": 133.295837402,
        "dvar2": 363.220703125,
        "max": 131.944717407,
        "mean": 31.3212604523,
        "median": 28.3003559113,
        "min": 1.18915842203e-16,
        "var": 267.252166748
    },
    "melbands_crest": {
        "dmean": 3.67667341232,
        "dmean2": 6.09407043457,
        "dvar": 9.95141887665,
        "dvar2": 25.8891906738,
        "max": 33.0760879517,
        "mean": 16.4511356354,
        "median": 16.1106414795,
        "min": 1.75691175461,
        "var": 20.1397171021
    },
    "melbands_flatness_db": {
        "dmean": 0.0335703901947,
        "dmean2": 0.0540670268238,
        "dvar": 0.000921381579246,
        "dvar2": 0.00242831138894,
        "max": 0.44222047925,
        "mean": 0.199862986803,
        "median": 0.194991454482,
        "min": 0.00337114185095,
        "var": 0.00261413166299
    },
    "melbands_kurtosis": {
        "dmean": 19.6038722992,
        "dmean2": 33.1068267822,
        "dvar": 798.339111328,
        "dvar2": 2052.01806641,
        "max": 450.845275879,
        "mean": 29.2931194305,
        "median": 18.602180481,
        "min": -1.39594745636,
        "var": 1157.6463623
    },
    "melbands_skewness": {
        "dmean": 1.45786011219,
        "dmean2": 2.38714623451,
        "dvar": 2.42430353165,
        "dvar2": 6.25468206406,
        "max": 16.7616615295,
        "mean": 4.48559141159,
        "median": 4.09275150299,
        "min": -0.0786465033889,
        "var": 5.02436590195
    },
    "melbands_spread": {
        "dmean": 8.2151222229,
        "dmean2": 13.1815109253,
        "dvar": 65.1960449219,
        "dvar2": 165.530212402,
        "max": 159.483932495,
        "mean": 20.7468070984,
        "median": 18.5972862244,
        "min": 0.744241476059,
        "var": 173.843521118
    },
    "pitch_salience": {
        "dmean": 0.0939448922873,
        "dmean2": 0.156925037503,
        "dvar": 0.00680892495438,
        "dvar2": 0.0185006633401,
        "max": 0.854709744453,
        "mean": 0.527712643147,
        "median": 0.541023135185,
        "min": 0.125371649861,
        "var": 0.0122855743393
    },
    "silence_rate_20dB": {
        "dmean": 0,
        "dmean2": 0,
        "dvar": 0,
        "dvar2": 0,
        "max": 1,
        "mean": 1,
        "median": 1,
        "min": 1,
        "var": 0
    },
    "silence_rate_30dB": {
        "dmean": 0.0589754283428,
        "dmean2": 0.117960676551,
        "dvar": 0.0554978214204,
        "dvar2": 0.156029373407,
        "max": 1,
        "mean": 0.967016518116,
        "median": 1,
        "min": 0,
        "var": 0.0318977870047
    },
    "silence_rate_60dB": {
        "dmean": 0.00116618070751,
        "dmean2": 0.00233255582862,
        "dvar": 0.00116477382835,
        "dvar2": 0.00249377358705,
        "max": 1,
        "mean": 0.0244877561927,
        "median": 0,
        "min": 0,
        "var": 0.0238874498755
    },
    "spectral_centroid": {
        "dmean": 328.341461182,
        "dmean2": 522.803100586,
        "dvar": 88350.59375,
        "dvar2": 218531.8125,
        "max": 11293.4384766,
        "mean": 1842.67248535,
        "median": 1838.72229004,
        "min": 280.8019104,
        "var": 291693.1875
    },
    "spectral_complexity": {
        "dmean": 5.34560585022,
        "dmean2": 8.08880329132,
        "dvar": 21.4021549225,
        "dvar2": 46.6623153687,
        "max": 56,
        "mean": 29.42278862,
        "median": 31,
        "min": 0,
        "var": 113.352279663
    },
    "spectral_decrease": {
        "dmean": 6.47416342758e-09,
        "dmean2": 1.13118776568e-08,
        "dvar": 7.22798558706e-17,
        "dvar2": 1.95594876181e-16,
        "max": 4.58392000418e-29,
        "mean": -1.29998483089e-08,
        "median": -1.09523003999e-08,
        "min": -5.32324939684e-08,
        "var": 6.51765449307e-17
    },
    "spectral_energy": {
        "dmean": 0.0249126236886,
        "dmean2": 0.0435462258756,
        "dvar": 0.0010718354024,
        "dvar2": 0.00290019437671,
        "max": 0.205496028066,
        "mean": 0.0519053079188,
        "median": 0.0441168509424,
        "min": 1.06130172569e-20,
        "var": 0.000971762812696
    },
    "spectral_energyband_high": {
        "dmean": 0.00083332817303,
        "dmean2": 0.00140663841739,
        "dvar": 1.44647140132e-06,
        "dvar2": 3.86106330552e-06,
        "max": 0.0138844028115,
        "mean": 0.00196618819609,
        "median": 0.00144438375719,
        "min": 7.92481112871e-21,
        "var": 2.83099097942e-06
    },
    "spectral_energyband_low": {
        "dmean": 0.021628703922,
        "dmean2": 0.0374057739973,
        "dvar": 0.000990379485302,
        "dvar2": 0.00270508113317,
        "max": 0.192362099886,
        "mean": 0.0337091088295,
        "median": 0.025394320488,
        "min": 8.15543210261e-23,
        "var": 0.000876905687619
    },
    "spectral_energyband_middle_high": {
        "dmean": 0.00148285238538,
        "dmean2": 0.00233303406276,
        "dvar": 2.43319391302e-06,
        "dvar2": 6.08401296631e-06,
        "max": 0.0272982511669,
        "mean": 0.00543828727677,
        "median": 0.00494240410626,
        "min": 1.35292851176e-21,
        "var": 1.0167183973e-05
    },
    "spectral_energyband_middle_low": {
        "dmean": 0.00767793040723,
        "dmean2": 0.0131398309022,
        "dvar": 0.000195871543838,
        "dvar2": 0.000533800630365,
        "max": 0.116998359561,
        "mean": 0.0131407380104,
        "median": 0.00993258878589,
        "min": 3.08549778566e-22,
        "var": 0.000180210947292
    },
    "spectral_entropy": {
        "dmean": 0.113779835403,
        "dmean2": 0.173636645079,
        "dvar": 0.0113722095266,
        "dvar2": 0.0258714500815,
        "max": 9.79333591461,
        "mean": 7.94940948486,
        "median": 7.9712305069,
        "min": 6.9031662941,
        "var": 0.0497620254755
    },
    "spectral_flux": {
        "dmean": 0.043361928314,
        "dmean2": 0.0689444988966,
        "dvar": 0.0024568347726,
        "dvar2": 0.00434804568067,
        "max": 0.361512303352,
        "mean": 0.124600410461,
        "median": 0.105258792639,
        "min": 1.03019502651e-10,
        "var": 0.00424797460437
    },
    "spectral_kurtosis": {
        "dmean": 0.785050392151,
        "dmean2": 1.30568361282,
        "dvar": 0.906377792358,
        "dvar2": 2.61068034172,
        "max": 42.181640625,
        "mean": 2.62700462341,
        "median": 2.41395711899,
        "min": -1.22537600994,
        "var": 1.63962030411
    },
    "spectral_rms": {
        "dmean": 0.00153417035472,
        "dmean2": 0.0026152767241,
        "dvar": 3.03312663164e-06,
        "dvar2": 8.12806956674e-06,
        "max": 0.014159235172,
        "mean": 0.00681735668331,
        "median": 0.00656055100262,
        "min": 3.21778844889e-12,
        "var": 4.16306784246e-06
    },
    "spectral_rolloff": {
        "dmean": 738.297058105,
        "dmean2": 1261.07116699,
        "dvar": 950824.1875,
        "dvar2": 2262117.25,
        "max": 18583.1542969,
        "mean": 1270.80688477,
        "median": 839.794921875,
        "min": 64.599609375,
        "var": 1979284.75
    },
    "spectral_skewness": {
        "dmean": 0.134171009064,
        "dmean2": 0.21433635056,
        "dvar": 0.0177233349532,
        "dvar2": 0.0451247096062,
        "max": 4.95317077637,
        "mean": 1.12351083755,
        "median": 1.10521602631,
        "min": -0.0520790554583,
        "var": 0.0631827563047
    },
    "spectral_spread": {
        "dmean": 533571.625,
        "dmean2": 771268.625,
        "dvar": 390224609280,
        "dvar2": 694982672384,
        "max": 41487176,
        "mean": 5125019,
        "median": 5121636,
        "min": 2064114.625,
        "var": 1.35204883661e+12
    },
    "spectral_strongpeak": {
        "dmean": 0.352936476469,
        "dmean2": 0.611627697945,
        "dvar": 0.305281162262,
        "dvar2": 0.800442099571,
        "max": 6.91509151459,
        "mean": 0.508718311787,
        "median": 0.336451977491,
        "min": 0,
        "var": 0.359981536865
    },
    "zerocrossingrate": {
        "dmean": 0.0115413339809,
        "dmean2": 0.0144838197157,
        "dvar": 0.000109742897621,
        "dvar2": 0.000160130017321,
        "max": 0.50439453125,
        "mean": 0.0675966516137,
        "median": 0.0625,
        "min": 0.00927734375,
        "var": 0.00105160637759
    },
    "barkbands": {
        "dmean": [0.00104078149889, 0.0166439730674, 0.00690281996503, 0.00321555044502, 0.00397948594764, 0.000915645097848, 0.000385904684663, 0.000479336973513, 0.00107964721974, 0.000352131668478, 0.00026811438147, 0.000270566699328, 0.00028364409809, 0.000258885411313, 0.000180843679118, 0.000208925688639, 0.00021502704476, 0.000347815221176, 0.000337688717991, 0.000232574355323, 0.000235197614529, 0.000247454619966, 0.000152365391841, 0.000144755118527, 9.03833206394e-05, 2.309311094e-05, 5.83915061725e-06],
        "dmean2": [0.00175391684752, 0.0292504243553, 0.0121634146199, 0.00548477331176, 0.00688936095685, 0.00153891113587, 0.000653088151012, 0.0007962595555, 0.00179674825631, 0.000589039293118, 0.000431039225077, 0.000436157075455, 0.000461538875243, 0.000421384262154, 0.000295014062431, 0.00034854223486, 0.000358492310625, 0.00057399214711, 0.000555805570912, 0.000409389991546, 0.00040507063386, 0.000431813910836, 0.000249058386544, 0.000225969299208, 0.000147948710946, 3.38161771651e-05, 8.84925339051e-06],
        "dvar": [2.33261289395e-06, 0.000702843884937, 8.63370805746e-05, 1.79553608177e-05, 0.000108001382614, 3.5463488075e-06, 9.82000869953e-07, 1.78893606062e-06, 6.10576580584e-06, 4.91247135415e-07, 4.19246873662e-07, 4.18187681817e-07, 4.16973932715e-07, 2.7482892051e-07, 9.67465751955e-08, 9.51880636535e-08, 6.31608187973e-08, 1.3523947473e-07, 1.1617004958e-07, 9.88789068401e-08, 1.20487314348e-07, 1.3994657877e-07, 5.80342884859e-08, 6.5707084218e-08, 3.02287510578e-08, 1.1863509064e-09, 1.3005550803e-10],
        "dvar2": [6.32750061413e-06, 0.00194170756731, 0.000247856834903, 4.97504006489e-05, 0.000293897406664, 9.31003614824e-06, 2.48747301157e-06, 4.53033771919e-06, 1.69041813933e-05, 1.3243234207e-06, 1.01295688637e-06, 1.04447667582e-06, 1.0132407624e-06, 7.16972238024e-07, 2.39215694364e-07, 2.53237118386e-07, 1.67375404203e-07, 3.61372116231e-07, 3.18112086006e-07, 2.84433468778e-07, 3.40097528806e-07, 3.77644312266e-07, 1.37754426532e-07, 1.35607223228e-07, 6.84210519353e-08, 2.6134019393e-09, 2.68326860731e-10],
        "max": [0.0169318113476, 0.154905170202, 0.0811937376857, 0.0502186194062, 0.0870621204376, 0.036357998848, 0.026902038604, 0.0318449474871, 0.0384799651802, 0.017115522176, 0.0161211621016, 0.0143377678469, 0.0152580104768, 0.0118152434006, 0.00752109847963, 0.00585524691269, 0.00435155211017, 0.00596672436222, 0.00389343197457, 0.00437508663163, 0.00422549201176, 0.0044769034721, 0.00573667185381, 0.00526835070923, 0.00576034002006, 0.000536218285561, 0.000166530109709],
        "mean": [0.00140061345883, 0.0209125094116, 0.00916186813265, 0.00462504895404, 0.00409558275715, 0.00123125663958, 0.000514880055562, 0.000642864091787, 0.00179523369297, 0.000572875491343, 0.000430266023614, 0.000471833453048, 0.000475914537674, 0.00044764278573, 0.000357363402145, 0.000424594269134, 0.000468743703095, 0.00083024345804, 0.000814228260424, 0.000465671706479, 0.000493232859299, 0.000380051642423, 0.000332713680109, 0.000331396586262, 0.000164992074133, 5.25833311258e-05, 1.13301230158e-05],
        "median": [0.000968272448517, 0.0135569078848, 0.00639940658584, 0.00318390526809, 0.00172737101093, 0.000502715236507, 0.00019624363631, 0.000137386028655, 0.000522826681845, 0.000245223811362, 0.000165333985933, 0.000142804929055, 0.00016224537103, 0.000210575381061, 0.000224194896873, 0.000282608496491, 0.000373887247406, 0.000710059364792, 0.000737664173357, 0.000370939262211, 0.000390087196138, 0.00022648331651, 0.000218275847146, 0.000205707590794, 0.000107910171209, 3.3838172385e-05, 5.7296651903e-06],
        "min": [1.11385325716e-24, 3.97418878601e-23, 3.50465877522e-23, 1.105460211e-23, 2.32291153372e-23, 5.08961475571e-23, 3.26697877101e-23, 4.02284288674e-23, 1.45350146142e-22, 7.91594781574e-23, 6.0758798983e-23, 8.18302077728e-23, 4.4001806168e-23, 6.21681589436e-23, 8.81410508384e-23, 1.28421746474e-22, 1.98239394952e-22, 2.17551075943e-22, 2.59631415739e-22, 2.94591408652e-22, 4.39050545868e-22, 4.18955696392e-22, 8.35143437639e-22, 9.53584755754e-22, 1.2582919613e-21, 1.49409437558e-21, 2.64026176251e-21],
        "var": [2.51497112913e-06, 0.000565828930121, 8.28433039715e-05, 2.23599035962e-05, 7.92790669948e-05, 4.98188046549e-06, 1.52334814629e-06, 3.02461467072e-06, 1.42604076245e-05, 1.18794059745e-06, 8.61727301071e-07, 1.1361248653e-06, 9.75728539743e-07, 5.79928212119e-07, 2.1979678877e-07, 2.2124761756e-07, 1.44680186054e-07, 3.37480059898e-07, 2.76260834653e-07, 1.34153083309e-07, 1.61042379432e-07, 1.74328619096e-07, 1.50291427303e-07, 2.07720461276e-07, 5.67864084644e-08, 3.39137895544e-09, 2.55816284822e-10]
    },
    "erbbands": {
        "dmean": [0.485885798931, 3.79535794258, 8.05551433563, 8.42724990845, 16.5768203735, 9.4057970047, 7.04655885696, 7.12666511536, 4.38476991653, 8.40860462189, 11.5616760254, 26.4785575867, 15.394903183, 8.8889465332, 10.993979454, 10.5325632095, 12.0224475861, 12.4932584763, 10.5168685913, 9.17680549622, 11.3887805939, 11.4660053253, 15.2600841522, 18.0352096558, 16.3823738098, 11.0910739899, 9.78376483917, 9.50467300415, 9.35314941406, 5.93699216843, 4.11733531952, 3.2955083847, 2.40853786469, 1.42326295376, 0.4021897614, 0.128071025014, 0.0403736829758, 0.00865327753127, 0.00104114145506, 6.50748988846e-05],
        "dmean2": [0.863981842995, 6.64915513992, 14.1132240295, 14.4984455109, 28.5741176605, 16.5006370544, 11.9311475754, 11.8582963943, 7.39834785461, 14.0223283768, 19.032289505, 44.2359848022, 25.5929718018, 14.4769077301, 17.5028743744, 16.7937450409, 19.3475799561, 20.1055412292, 16.9550685883, 15.0408744812, 18.9444217682, 19.0001716614, 25.0111312866, 29.3297939301, 27.8433933258, 19.4727725983, 16.7639732361, 16.6246299744, 16.5690555573, 9.8913192749, 6.72151422501, 5.21829986572, 3.81179261208, 2.38110256195, 0.625908017159, 0.190883308649, 0.0598897971213, 0.0127331558615, 0.0015685679391, 0.000104662685771],
        "dvar": [0.703174471855, 35.1052703857, 126.266273499, 96.8676376343, 1669.83691406, 504.601470947, 187.388122559, 273.775085449, 149.120758057, 473.701751709, 855.982910156, 4602.61474609, 1334.88525391, 279.802429199, 765.194519043, 615.686523438, 680.118713379, 752.117370605, 288.884643555, 262.385284424, 277.858306885, 188.035751343, 258.431793213, 313.145141602, 369.066467285, 240.20614624, 179.931442261, 231.206710815, 222.233688354, 88.8475418091, 37.7127952576, 24.9693984985, 24.4308700562, 9.29236221313, 0.457899451256, 0.0365830771625, 0.00377971515991, 0.000306391040795, 3.58414581569e-06, 9.09267949822e-09],
        "dvar2": [1.97611165047, 96.8120193481, 361.980712891, 275.641815186, 4529.98095703, 1402.93469238, 499.5703125, 711.912841797, 371.437530518, 1210.07006836, 2114.39746094, 12810.6191406, 3758.95043945, 661.449523926, 1821.3626709, 1548.81884766, 1615.28491211, 1978.93188477, 705.303466797, 683.286376953, 745.197875977, 489.912109375, 682.785827637, 833.687438965, 1055.02270508, 684.462158203, 494.821502686, 667.384094238, 610.638000488, 210.234741211, 90.4217529297, 57.577255249, 49.9775009155, 21.0848560333, 1.04071164131, 0.0847263559699, 0.00814096909016, 0.000596893951297, 7.65342974773e-06, 2.18687592479e-08],
        "max": [5.44333934784, 36.8295860291, 93.2610473633, 101.928031921, 329.470733643, 243.509841919, 181.302062988, 333.681091309, 463.029418945, 613.251525879, 717.41015625, 1188.02978516, 1149.58544922, 682.897521973, 893.446228027, 575.215026855, 666.381408691, 698.938232422, 386.95401001, 435.935577393, 304.327392578, 278.079345703, 267.222686768, 271.714416504, 244.686660767, 248.911849976, 146.712203979, 189.677337646, 148.409759521, 192.060455322, 123.597824097, 109.10043335, 115.354415894, 95.5258407593, 20.5457191467, 4.05602931976, 0.802661836147, 0.275590240955, 0.0299577340484, 0.00105863949284],
        "mean": [0.560014486313, 4.73702001572, 11.0329380035, 13.6277065277, 17.99842453, 10.3852701187, 9.20709609985, 9.58879756927, 6.09761190414, 11.5067710876, 17.8112239838, 42.0882492065, 26.6923046112, 16.5322685242, 19.7344264984, 19.0937347412, 21.9030303955, 23.1037120819, 20.8073425293, 20.6856822968, 24.1953887939, 26.9761352539, 38.9784355164, 47.6528282166, 36.623790741, 23.2401847839, 19.4305458069, 18.6530532837, 13.6428623199, 11.3955821991, 9.31602668762, 7.84520101547, 4.79326105118, 2.36156868935, 0.825799882412, 0.287198185921, 0.0892707109451, 0.0186813771725, 0.00203727371991, 0.000138306582812],
        "median": [0.324479043484, 3.01435875893, 7.88191461563, 10.4788417816, 9.0139837265, 4.72180175781, 4.22289514542, 3.79366350174, 2.64227819443, 3.42274665833, 4.15392065048, 11.728843689, 10.3424921036, 8.17008209229, 7.34026145935, 6.65681171417, 8.22892189026, 9.8473815918, 13.0279960632, 12.6452083588, 17.7491607666, 22.1807994843, 34.3960647583, 43.5360717773, 31.1182003021, 18.5109672546, 15.0740470886, 14.6558475494, 8.05936908722, 7.32521533966, 5.94968366623, 4.89239788055, 2.75972700119, 1.40772843361, 0.57126969099, 0.197547286749, 0.0550005808473, 0.0104533452541, 0.00104992114939, 9.47436128627e-05],
        "min": [3.35092587755e-22, 1.14684593352e-20, 4.4921012517e-20, 3.48583086665e-20, 2.43927969382e-20, 1.32549372985e-19, 1.82145170884e-19, 4.88075128702e-19, 5.81660688845e-19, 6.04626893264e-19, 1.30430645488e-18, 3.29101809677e-18, 1.61090591201e-18, 3.2096231109e-18, 2.98041694663e-18, 2.82259688282e-18, 1.83878196986e-18, 3.21525393613e-18, 4.41265288031e-18, 5.15948613124e-18, 7.19404107257e-18, 1.28321992535e-17, 1.01875903386e-17, 1.51262184191e-17, 1.00370542205e-17, 1.41724576661e-17, 1.89459267296e-17, 1.5262436868e-17, 1.56386683891e-17, 1.90484061357e-17, 2.25046479764e-17, 1.65023375929e-17, 1.96750153021e-17, 1.25957132795e-17, 9.75903798941e-18, 5.26993749048e-18, 2.86991078667e-18, 1.38324523132e-18, 3.7687922936e-19, 3.74900904141e-20],
        "var": [0.521068692207, 29.2177658081, 112.821327209, 132.770507812, 1246.22314453, 373.576293945, 219.629165649, 374.076507568, 212.522598267, 747.838989258, 1747.77050781, 9707.875, 2842.70507812, 889.823669434, 1840.90917969, 1571.54650879, 1699.74145508, 1722.77844238, 706.417602539, 760.204956055, 548.893371582, 434.717681885, 664.32635498, 871.79473877, 704.242370605, 342.478790283, 259.407012939, 261.636169434, 232.988967896, 200.048751831, 104.990600586, 81.2125320435, 67.2757339478, 16.8083362579, 0.911707043648, 0.092475168407, 0.0110928406939, 0.00069911708124, 7.35192952561e-06, 1.41255478425e-08]
    },
    "gfcc": {
        "mean": [49.1478538513, 65.8048553467, -98.7273101807, 62.4688224792, -41.9893455505, 22.9216823578, -25.6168746948, 17.4718132019, -23.1171607971, -3.5039973259, -17.7163238525, -3.07246088982, -13.5265846252],
        "cov": [[6747.953125, -8.31792259216, 94.1034393311, 64.9888916016, -167.480987549, 36.6091308594, -91.3744354248, 43.2149505615, -82.9991226196, 6.88454818726, -79.0645065308, -19.4630470276, -77.4850921631], [-8.31792259216, 725.691894531, -356.133117676, -61.5765113831, 7.95091152191, -99.9864196777, 60.4798088074, -34.1131706238, 44.5258331299, -32.2093315125, 41.7868499756, -34.2350730896, 15.8883199692], [94.1034393311, -356.133117676, 415.639953613, 78.8869400024, 49.3201789856, 26.7974567413, -48.4323043823, -4.86274528503, -41.7492332458, 16.6492843628, -22.1203250885, 38.6488304138, -3.46474671364], [64.9888916016, -61.5765113831, 78.8869400024, 275.133758545, 63.0545501709, 22.405046463, -20.7239265442, -29.9711494446, 4.68396139145, -13.3496541977, -3.728297472, -7.87113618851, 49.6774711609], [-167.480987549, 7.95091152191, 49.3201789856, 63.0545501709, 189.240737915, -8.93474006653, 29.4797115326, -9.12262630463, -2.92913961411, 9.13330078125, -8.69006633759, 0.0588673688471, 18.4755496979], [36.6091308594, -99.9864196777, 26.7974567413, 22.405046463, -8.93474006653, 132.515914917, 35.8259468079, 37.4063224792, 4.57938528061, -11.1271915436, 2.3084127903, -3.63958144188, -11.6647338867], [-91.3744354248, 60.4798088074, -48.4323043823, -20.7239265442, 29.4797115326, 35.8259468079, 150.869186401, 73.2369842529, 10.8194713593, -32.1261634827, -4.01472854614, -5.27351379395, -8.15294361115], [43.2149505615, -34.1131706238, -4.86274528503, -29.9711494446, -9.12262630463, 37.4063224792, 73.2369842529, 104.022941589, 28.967622757, -3.1941382885, -4.69106435776, -6.54620409012, -13.6761322021], [-82.9991226196, 44.5258331299, -41.7492332458, 4.68396139145, -2.92913961411, 4.57938528061, 10.8194713593, 28.967622757, 76.7601394653, 34.3959159851, 15.0482139587, -19.1599693298, -6.88094043732], [6.88454818726, -32.2093315125, 16.6492843628, -13.3496541977, 9.13330078125, -11.1271915436, -32.1261634827, -3.1941382885, 34.3959159851, 75.1169281006, 31.5092277527, 1.87520062923, -13.39427948], [-79.0645065308, 41.7868499756, -22.1203250885, -3.728297472, -8.69006633759, 2.3084127903, -4.01472854614, -4.69106435776, 15.0482139587, 31.5092277527, 66.5661087036, 20.555562973, -3.31931972504], [-19.4630470276, -34.2350730896, 38.6488304138, -7.87113618851, 0.0588673688471, -3.63958144188, -5.27351379395, -6.54620409012, -19.1599693298, 1.87520062923, 20.555562973, 55.2257118225, 20.1394424438], [-77.4850921631, 15.8883199692, -3.46474671364, 49.6774711609, 18.4755496979, -11.6647338867, -8.15294361115, -13.6761322021, -6.88094043732, -13.39427948, -3.31931972504, 20.1394424438, 62.1160888672]],
        "icov": [[0.000179468363058, -0.000196617897018, -3.23030617437e-05, -0.000249166681897, 0.000225166484597, -0.00012108329247, 0.000196211491129, -0.000395290204324, 0.000542200286873, -0.000520692381542, 0.000547199975699, -0.000243055430474, 0.000376475101802], [-0.000196617897018, 0.00371940247715, 0.00205365521833, 0.000919351703487, -0.00104412890505, 0.00237820134498, -0.00139758281875, 0.00243904604577, -0.00287055014633, 0.00401470484212, -0.00385408452712, 0.0019042234635, -0.000982231576927], [-3.23030617437e-05, 0.00205365521833, 0.00516357365996, -0.00131651374977, -0.00132886599749, 0.000592317432165, 0.000934514158871, -0.00050340697635, 0.000817753432784, -0.000244393624598, 0.00131322361995, -0.00360358110629, 0.00257004448213], [-0.000249166681897, 0.000919351703487, -0.00131651374977, 0.00652816705406, -0.00183163001202, -0.000855728110764, 3.30790608132e-05, 0.00270575331524, -0.00327133899555, 0.00404263986275, -0.0040180021897, 0.00509219709784, -0.00621253065765], [0.000225166484597, -0.00104412890505, -0.00132886599749, -0.00183163001202, 0.00770982168615, 0.00013861725165, -0.00364524824545, 0.00132500159089, 0.00233734515496, -0.00559732411057, 0.0032466982957, 0.000197068104171, -0.00135363976005], [-0.00012108329247, 0.00237820134498, 0.000592317432165, -0.000855728110764, 0.00013861725165, 0.0109312199056, -0.00195580930449, -0.00127888261341, -0.00152354023885, 0.00407282821834, -0.00406898977235, 0.00161412090529, 0.00140001205727], [0.000196211491129, -0.00139758281875, 0.000934514158871, 3.30790608132e-05, -0.00364524824545, -0.00195580930449, 0.0152850858867, -0.0105972643942, 0.000514962594025, 0.00623128795996, -0.00107181048952, -0.00211303704418, 0.00304640643299], [-0.000395290204324, 0.00243904604577, -0.00050340697635, 0.00270575331524, 0.00132500159089, -0.00127888261341, -0.0105972643942, 0.0220420267433, -0.00985383801162, 0.0019041786436, 0.000204938405659, 0.000551098433789, -0.00132984737866], [0.000542200286873, -0.00287055014633, 0.000817753432784, -0.00327133899555, 0.00233734515496, -0.00152354023885, 0.000514962594025, -0.00985383801162, 0.0285087972879, -0.0169644169509, 0.00171812542249, 0.00654003210366, -0.00153940683231], [-0.000520692381542, 0.00401470484212, -0.000244393624598, 0.00404263986275, -0.00559732411057, 0.00407282821834, 0.00623128795996, 0.0019041786436, -0.0169644169509, 0.0350982658565, -0.0166917219758, 0.00225887866691, 0.00280839670449], [0.000547199975699, -0.00385408452712, 0.00131322361995, -0.0040180021897, 0.0032466982957, -0.00406898977235, -0.00107181048952, 0.000204938405659, 0.00171812542249, -0.0166917219758, 0.0320510007441, -0.017382575199, 0.00706929108128], [-0.000243055430474, 0.0019042234635, -0.00360358110629, 0.00509219709784, 0.000197068104171, 0.00161412090529, -0.00211303704418, 0.000551098433789, 0.00654003210366, 0.00225887866691, -0.017382575199, 0.0371904782951, -0.0167505796999], [0.000376475101802, -0.000982231576927, 0.00257004448213, -0.00621253065765, -0.00135363976005, 0.00140001205727, 0.00304640643299, -0.00132984737866, -0.00153940683231, 0.00280839670449, 0.00706929108128, -0.0167505796999, 0.0289479121566]]
    },
    "melbands": {
        "dmean": [0.00448285602033, 0.00436404114589, 0.00164448295254, 0.00101338105742, 0.000241059678956, 0.000159503979376, 6.96607967257e-05, 9.60610705079e-05, 0.00011131438805, 0.000163267919561, 7.53318599891e-05, 3.68438704754e-05, 3.75809759134e-05, 2.98612794722e-05, 2.98102931993e-05, 2.77121907857e-05, 2.44719740294e-05, 1.92056995729e-05, 1.25071710499e-05, 1.36842381835e-05, 1.48991966853e-05, 1.32213899633e-05, 1.32226932692e-05, 1.92010847968e-05, 1.59622195497e-05, 1.32269296955e-05, 1.03755073724e-05, 7.56066719987e-06, 6.87577767167e-06, 5.17809712619e-06, 6.052394383e-06, 5.99850909566e-06, 4.35016545453e-06, 3.20853087032e-06, 2.66005577032e-06, 2.24542327487e-06, 2.10466441786e-06, 1.83969098089e-06, 1.66652762346e-06, 1.08584674763e-06],
        "dmean2": [0.00793736893684, 0.00753118749708, 0.00282847089693, 0.00176832429133, 0.000409762375057, 0.000265551265329, 0.000117577532365, 0.000159983188496, 0.00018366095901, 0.000272477424005, 0.000125344886328, 6.03700173087e-05, 5.99948798481e-05, 4.79328191432e-05, 4.83827825519e-05, 4.49484614364e-05, 3.95572169509e-05, 3.13799246214e-05, 2.03464223887e-05, 2.26684496738e-05, 2.50726243394e-05, 2.21111386054e-05, 2.19964003918e-05, 3.18031525239e-05, 2.6135441658e-05, 2.2291791538e-05, 1.7802540242e-05, 1.34125448312e-05, 1.18055277198e-05, 8.83775283e-06, 1.06860388769e-05, 1.06602556116e-05, 7.49683567847e-06, 5.28256896359e-06, 4.33282821177e-06, 3.8178691284e-06, 3.32203444486e-06, 2.94533856504e-06, 2.72403281087e-06, 1.84514215107e-06],
        "dvar": [5.58594038012e-05, 3.79067241738e-05, 4.63866899736e-06, 7.02644547346e-06, 2.07179326139e-07, 1.25178416965e-07, 3.45471846686e-08, 6.42770245918e-08, 7.48858752786e-08, 1.58118865556e-07, 3.26720162036e-08, 4.87271600846e-09, 8.42848368876e-09, 5.83170711721e-09, 4.88607065918e-09, 4.07945988101e-09, 2.95874280631e-09, 1.05125053107e-09, 5.35306632354e-10, 4.49729170571e-10, 4.5438999785e-10, 2.68502053924e-10, 2.26760027422e-10, 4.7086662347e-10, 2.51417164865e-10, 2.06026765093e-10, 1.56372761961e-10, 1.27582805431e-10, 9.79398159795e-11, 4.36544585203e-11, 1.08160154444e-10, 1.00684370563e-10, 4.36552287375e-11, 3.04889932745e-11, 1.63803502012e-11, 1.28655636492e-11, 1.29296512733e-11, 1.5803915468e-11, 1.10015095992e-11, 6.64407721548e-12],
        "dvar2": [0.000155781453941, 0.000106136794784, 1.2831253116e-05, 1.93296455109e-05, 5.61142826427e-07, 3.26624785885e-07, 8.75356747088e-08, 1.66764507981e-07, 1.92432011659e-07, 4.36977643403e-07, 9.17450577731e-08, 1.15494609432e-08, 2.02093382029e-08, 1.42921834367e-08, 1.25514194593e-08, 9.82894210466e-09, 7.75023156763e-09, 2.5814868021e-09, 1.30148980482e-09, 1.18554288608e-09, 1.21489529548e-09, 6.98728797044e-10, 6.08743500052e-10, 1.25609722623e-09, 6.74726274852e-10, 5.73708358598e-10, 4.51068848939e-10, 3.65040581096e-10, 2.66338812116e-10, 1.23491702975e-10, 3.12918219114e-10, 2.79311962448e-10, 1.16639156666e-10, 7.01634236822e-11, 3.93173965607e-11, 3.52431035744e-11, 2.94113726429e-11, 3.3147259243e-11, 2.43404237737e-11, 1.52694714511e-11],
        "max": [0.0441982746124, 0.0425244830549, 0.0192887242883, 0.0224653333426, 0.00552302133292, 0.00671497173607, 0.00638840766624, 0.00681990152225, 0.00581955770031, 0.00679050758481, 0.0056203068234, 0.00296536576934, 0.00245908880606, 0.00213002343662, 0.00210746214725, 0.0015824844595, 0.00144540343899, 0.00075257854769, 0.000743738550227, 0.000525318784639, 0.000384151557228, 0.000328623165842, 0.000272991048405, 0.000440764881205, 0.000246267649345, 0.000164919256349, 0.000165062199812, 0.000179971262696, 0.000111802306492, 8.4705556219e-05, 0.00013682480494, 8.88539361767e-05, 0.00010469204426, 0.000139585448778, 9.15896889637e-05, 4.60160008515e-05, 8.62714514369e-05, 9.77479285211e-05, 0.000106131883513, 9.46188592934e-05],
        "mean": [0.00546048209071, 0.00621765106916, 0.00259354128502, 0.00106512918137, 0.000323595450027, 0.000216668951907, 9.54887582338e-05, 0.000128753075842, 0.000168487880728, 0.000265213457169, 0.000125776045024, 6.42106460873e-05, 6.37275370536e-05, 5.3949021094e-05, 4.9537691666e-05, 4.65645571239e-05, 4.24606987508e-05, 3.47473505826e-05, 2.57388546743e-05, 2.77916878986e-05, 2.88448845822e-05, 2.72716224572e-05, 2.88279807137e-05, 4.24837489845e-05, 3.8742677134e-05, 2.80960084638e-05, 2.20023503061e-05, 1.34816946229e-05, 1.18521029435e-05, 1.14338799904e-05, 1.04898535938e-05, 7.93707658886e-06, 6.69505652695e-06, 6.30438944427e-06, 5.73530633119e-06, 4.62094294562e-06, 4.75053366245e-06, 3.41388476954e-06, 2.83460212813e-06, 1.6986512037e-06],
        "median": [0.003405330237, 0.00445893406868, 0.00197379942983, 0.000486616860144, 0.000164929617313, 8.87506175786e-05, 3.97690964746e-05, 3.57651115337e-05, 3.70634152205e-05, 7.60718685342e-05, 4.60135051981e-05, 2.98308623314e-05, 2.42387395701e-05, 1.59898554557e-05, 1.73113949131e-05, 1.64188604685e-05, 1.7488233425e-05, 2.08687815757e-05, 1.5859510313e-05, 1.7031266907e-05, 2.05225933314e-05, 2.12263985304e-05, 2.37390995608e-05, 3.54541407432e-05, 3.47027780663e-05, 2.45364517468e-05, 1.71776664502e-05, 1.02326785054e-05, 8.47838055051e-06, 9.61530440691e-06, 7.82785355113e-06, 4.55645886177e-06, 3.80330675398e-06, 4.07649622503e-06, 3.63611297871e-06, 3.02166245092e-06, 2.81511097455e-06, 1.8128175725e-06, 1.58466048106e-06, 1.00224042399e-06],
        "min": [6.69073323396e-24, 2.17715354649e-23, 6.04695055453e-24, 4.81063788311e-24, 6.45934060894e-24, 1.06115060393e-23, 8.60874360651e-24, 7.35570511174e-24, 1.31059788849e-23, 2.12729217303e-23, 8.01241130495e-24, 1.33345671094e-23, 9.73681548983e-24, 1.01789917487e-23, 3.8374793489e-24, 5.05066261859e-24, 6.04653995243e-24, 6.71306588619e-24, 6.956035045e-24, 8.67888122959e-24, 7.36567631358e-24, 1.28995347748e-23, 1.1035279751e-23, 9.69287514855e-24, 1.28116730249e-23, 8.73481541208e-24, 7.34318273373e-24, 9.51092832507e-24, 1.10820584138e-23, 1.2280070705e-23, 7.32466895715e-24, 7.82480361561e-24, 9.26876932641e-24, 1.14531346393e-23, 1.36541031077e-23, 1.16923306764e-23, 9.76401304726e-24, 1.36837232569e-23, 1.11936498886e-23, 1.10506065295e-23],
        "var": [4.23305573349e-05, 3.44720538124e-05, 5.1223223636e-06, 5.01738122693e-06, 2.29851565337e-07, 1.75132029767e-07, 5.02596968488e-08, 9.80693499741e-08, 1.51831855533e-07, 3.49431786617e-07, 6.93565596066e-08, 1.58059947353e-08, 1.82935373516e-08, 1.63882365456e-08, 1.12100790872e-08, 8.97117402587e-09, 6.52286002989e-09, 2.38753772308e-09, 1.24286281267e-09, 1.28537602784e-09, 8.44957104285e-10, 5.72395186804e-10, 4.98985686104e-10, 1.06762576557e-09, 6.39766573052e-10, 3.75730779822e-10, 3.18405607436e-10, 1.42931347313e-10, 1.27920035675e-10, 7.1809010127e-11, 1.05337731593e-10, 9.01294594513e-11, 6.56327284188e-11, 7.09863140491e-11, 4.37592045932e-11, 2.42034101094e-11, 3.72027755824e-11, 3.98962876624e-11, 2.5357591027e-11, 1.00762401894e-11]
    },
    "mfcc": {
        "mean": [-593.645874023, 88.3588027954, 11.4878120422, 44.0617408752, 15.8920783997, 12.4746351242, 12.8199100494, 17.23005867, 5.20615530014, 7.58406352997, 2.78618764877, -1.40252614021, -7.52230739594],
        "cov": [[4172.79882812, 16.5299606323, 88.5414581299, -12.8042869568, -74.4086380005, -25.3693065643, -26.3605442047, -5.57530593872, -32.7333068848, 16.682472229, 16.2306156158, 2.64748573303, -25.9185295105], [16.5299606323, 614.442260742, -275.222351074, -5.07205057144, -88.9089202881, -53.4065551758, -15.5429868698, -6.73600578308, -3.41907310486, -36.4600791931, 33.5275650024, 51.199546814, -3.88855290413], [88.5414581299, -275.222351074, 319.086761475, 8.11923789978, 56.6215591431, 22.0359668732, -0.0363596789539, -1.614158988, -15.6119947433, -10.5341892242, -19.9833164215, -21.9836139679, 20.6720333099], [-12.8042869568, -5.07205057144, 8.11923789978, 230.063034058, 81.6446838379, 42.8065681458, 7.95062065125, -13.7664070129, 17.4475212097, 1.66423928738, -33.6534156799, -46.6929931641, -6.85026407242], [-74.4086380005, -88.9089202881, 56.6215591431, 81.6446838379, 147.59463501, 56.3870124817, -1.65639996529, -37.4344406128, -1.1814095974, 5.55142974854, -12.5536079407, -30.4352893829, -2.07950282097], [-25.3693065643, -53.4065551758, 22.0359668732, 42.8065681458, 56.3870124817, 89.5198974609, 20.1747188568, 1.53767228127, 0.543285369873, -0.785515904427, -4.61740922928, -14.8302507401, -2.94473099709], [-26.3605442047, -15.5429868698, -0.0363596789539, 7.95062065125, -1.65639996529, 20.1747188568, 102.474998474, 67.7242889404, 25.7704715729, -1.73280179501, -0.854709208012, 7.85130977631, -2.24829697609], [-5.57530593872, -6.73600578308, -1.614158988, -13.7664070129, -37.4344406128, 1.53767228127, 67.7242889404, 118.542129517, 45.7552833557, 15.4751977921, -5.08333587646, 8.52804660797, -2.84233546257], [-32.7333068848, -3.41907310486, -15.6119947433, 17.4475212097, -1.1814095974, 0.543285369873, 25.7704715729, 45.7552833557, 76.3182754517, 29.5490703583, 2.89431881905, -7.46902608871, -3.36013865471], [16.682472229, -36.4600791931, -10.5341892242, 1.66423928738, 5.55142974854, -0.785515904427, -1.73280179501, 15.4751977921, 29.5490703583, 77.2538909912, 28.6897964478, 9.42361068726, -7.53284454346], [16.2306156158, 33.5275650024, -19.9833164215, -33.6534156799, -12.5536079407, -4.61740922928, -0.854709208012, -5.08333587646, 2.89431881905, 28.6897964478, 76.6259460449, 47.0892066956, 8.42396259308], [2.64748573303, 51.199546814, -21.9836139679, -46.6929931641, -30.4352893829, -14.8302507401, 7.85130977631, 8.52804660797, -7.46902608871, 9.42361068726, 47.0892066956, 76.6149291992, 28.7113399506], [-25.9185295105, -3.88855290413, 20.6720333099, -6.85026407242, -2.07950282097, -2.94473099709, -2.24829697609, -2.84233546257, -3.36013865471, -7.53284454346, 8.42396259308, 28.7113399506, 57.5029373169]],
