{
"lowlevel": {
    "average_loudness": 0.472629904747,
    "barkbands_crest": {
        "dmean": 2.00875687599,
        "dmean2": 3.18811774254,
        "dvar": 5.32009744644,
        "dvar2": 11.5931453705,
        "max": 26.7751750946,
        "mean": 14.0410518646,
        "median": 12.53703022,
        "min": 2.3685362339,
        "var": 38.9474830627
    },
    "barkbands_flatness_db": {
        "dmean": 0.0284015238285,
        "dmean2": 0.0413707531989,
        "dvar": 0.00121394218877,
        "dvar2": 0.00246829795651,
        "max": 0.567132711411,
        "mean": 0.269521057606,
        "median": 0.27318584919,
        "min": 0.0168119184673,
        "var": 0.00722386268899
    },
    "barkbands_kurtosis": {
        "dmean": 8.91768932343,
        "dmean2": 13.6766433716,
        "dvar": 772.621704102,
        "dvar2": 1805.58227539,
        "max": 747.603881836,
        "mean": 15.4171409607,
        "median": 3.39650917053,
        "min": -1.83598053455,
        "var": 1392.75378418
    },
    "barkbands_skewness": {
        "dmean": 0.739083945751,
        "dmean2": 1.09294486046,
        "dvar": 1.28095805645,
        "dvar2": 2.57943797112,
        "max": 25.1459522247,
        "mean": 2.29026579857,
        "median": 1.52376127243,
        "min": -3.19684290886,
        "var": 6.97641849518
    },
    "barkbands_spread": {
        "dmean": 2.7370967865,
        "dmean2": 4.26651763916,
        "dvar": 24.8209114075,
        "dvar2": 60.5098419189,
        "max": 90.0020904541,
        "mean": 9.58851909637,
        "median": 8.08655261993,
        "min": 0.0760714188218,
        "var": 55.410118103
    },
    "dissonance": {
        "dmean": 0.032407913357,
        "dmean2": 0.0549717731774,
        "dvar": 0.000995773705654,
        "dvar2": 0.00270365434699,
        "max": 0.500000178814,
        "mean": 0.418081492186,
        "median": 0.426971137524,
        "min": 0.162643000484,
        "var": 0.00273045781069
    },
    "dynamic_complexity": 3.31925559044,
    "erbbands_crest": {
        "dmean": 2.84736967087,
        "dmean2": 4.48476219177,
        "dvar": 8.69505023956,
        "dvar2": 20.1619319916,
        "max": 33.111579895,
        "mean": 12.9862298965,
        "median": 11.6612358093,
        "min": 2.60464453697,
        "var": 39.055934906
    },
    "erbbands_flatness_db": {
        "dmean": 0.0246600583196,
        "dmean2": 0.035699352622,
        "dvar": 0.000986733357422,
        "dvar2": 0.00194470095448,
        "max": 0.543422460556,
        "mean": 0.258800327778,
        "median": 0.259523749352,
        "min": 0.0562394298613,
        "var": 0.0104295192286
    },
    "erbbands_kurtosis": {
        "dmean": 1.30141913891,
        "dmean2": 2.01858329773,
        "dvar": 8.44699192047,
        "dvar2": 20.662437439,
        "max": 105.547348022,
        "mean": 1.2207120657,
        "median": 0.023806810379,
        "min": -1.90845048428,
        "var": 22.2892169952
    },
    "erbbands_skewness": {
        "dmean": 0.388051480055,
        "dmean2": 0.58939832449,
        "dvar": 0.165800273418,
        "dvar2": 0.364566236734,
        "max": 8.36089801788,
        "mean": 0.140646904707,
        "median": 0.087863907218,
        "min": -4.55592679977,
        "var": 1.00072860718
    },
    "erbbands_spread": {
        "dmean": 6.65852642059,
        "dmean2": 9.90537452698,
        "dvar": 155.651123047,
        "dvar2": 310.204956055,
        "max": 179.68196106,
        "mean": 27.3355979919,
        "median": 21.6284713745,
        "min": 0.578984439373,
        "var": 489.496612549
    },
    "hfc": {
        "dmean": 10.3221683502,
        "dmean2": 15.5077180862,
        "dvar": 1321.93322754,
        "dvar2": 3108.14428711,
        "max": 505.078338623,
        "mean": 20.2672748566,
        "median": 11.6382446289,
        "min": 1.05153952325e-16,
        "var": 1543.34301758
    },
    "melbands_crest": {
        "dmean": 2.5208029747,
        "dmean2": 3.96566748619,
        "dvar": 7.56552219391,
        "dvar2": 16.4348220825,
        "max": 36.4449729919,
        "mean": 16.540561676,
        "median": 16.185798645,
        "min": 1.61467397213,
        "var": 47.6843185425
    },
    "melbands_flatness_db": {
        "dmean": 0.030672704801,
        "dmean2": 0.0445529296994,
        "dvar": 0.00150727794971,
        "dvar2": 0.00301219895482,
        "max": 0.672758936882,
        "mean": 0.357833564281,
        "median": 0.365688681602,
        "min": 0.00253833807074,
        "var": 0.0110272048041
    },
    "melbands_kurtosis": {
        "dmean": 15.3050088882,
        "dmean2": 23.2625198364,
        "dvar": 2250.68530273,
        "dvar2": 4833.21972656,
        "max": 1011.73937988,
        "mean": 30.511177063,
        "median": 5.8215265274,
        "min": -1.78330230713,
        "var": 4364.72265625
    },
    "melbands_skewness": {
        "dmean": 0.830429494381,
        "dmean2": 1.22743225098,
        "dvar": 1.79629218578,
        "dvar2": 3.44473624229,
        "max": 26.1200237274,
        "mean": 3.17861485481,
        "median": 1.95620954037,
        "min": -2.94428563118,
        "var": 10.6773233414
    },
    "melbands_spread": {
        "dmean": 3.0740146637,
        "dmean2": 4.84144449234,
        "dvar": 20.0082702637,
        "dvar2": 48.7530212402,
        "max": 168.221572876,
        "mean": 14.0436306,
        "median": 9.73889636993,
        "min": 0.254316717386,
        "var": 402.891143799
    },
    "pitch_salience": {
        "dmean": 0.0617921985686,
        "dmean2": 0.0997207537293,
        "dvar": 0.00474200816825,
        "dvar2": 0.0110143981874,
        "max": 0.985748708248,
        "mean": 0.426688373089,
        "median": 0.428670495749,
        "min": 0.0325676724315,
        "var": 0.0242909565568
    },
    "silence_rate_20dB": {
        "dmean": 0.0320066325366,
        "dmean2": 0.0640185773373,
        "dvar": 0.0309839379042,
        "dvar2": 0.0617398582399,
        "max": 1,
        "mean": 0.948428809643,
        "median": 1,
        "min": 0,
        "var": 0.0489125214517
    },
    "silence_rate_30dB": {
        "dmean": 0.0474295206368,
        "dmean2": 0.0948669016361,
        "dvar": 0.0451833792031,
        "dvar2": 0.0978024229407,
        "max": 1,
        "mean": 0.754083395004,
        "median": 1,
        "min": 0,
        "var": 0.185430034995
    },
    "silence_rate_60dB": {
        "dmean": 0.0134328361601,
        "dmean2": 0.0268679000437,
        "dvar": 0.0132546043023,
        "dvar2": 0.0296311099082,
        "max": 1,
        "mean": 0.063925050199,
        "median": 0,
        "min": 0,
        "var": 0.0598414093256
    },
    "spectral_centroid": {
        "dmean": 117.549324036,
        "dmean2": 184.755477905,
        "dvar": 31456.7304688,
        "dvar2": 67844.9375,
        "max": 11828.3076172,
        "mean": 962.039123535,
        "median": 687.539794922,
        "min": 132.288711548,
        "var": 2457725.75
    },
    "spectral_complexity": {
        "dmean": 2.04543948174,
        "dmean2": 3.24952316284,
        "dvar": 8.55492591858,
        "dvar2": 15.7080373764,
        "max": 56,
        "mean": 11.7900667191,
        "median": 11,
        "min": 0,
        "var": 27.4718132019
    },
    "spectral_decrease": {
        "dmean": 9.1988363593e-09,
        "dmean2": 1.3784873687e-08,
        "dvar": 9.20244440105e-16,
        "dvar2": 1.90153073307e-15,
        "max": 6.45430018219e-24,
        "mean": -2.10845119142e-08,
        "median": -5.70890401619e-09,
        "min": -4.74878305567e-07,
        "var": 1.79047158468e-15
    },
    "spectral_energy": {
        "dmean": 0.0354785807431,
        "dmean2": 0.0530808903277,
        "dvar": 0.0134286973625,
        "dvar2": 0.0277862921357,
        "max": 1.80219769478,
        "mean": 0.081416003406,
        "median": 0.0230044014752,
        "min": 9.89156632099e-21,
        "var": 0.0261210091412
    },
    "spectral_energyband_high": {
        "dmean": 0.000563977751881,
        "dmean2": 0.00086378242122,
        "dvar": 8.09073208075e-06,
        "dvar2": 1.80651422852e-05,
        "max": 0.035193298012,
        "mean": 0.000536860374268,
        "median": 6.78079095451e-06,
        "min": 7.02712548584e-21,
        "var": 8.82278709469e-06
    },
    "spectral_energyband_low": {
        "dmean": 0.0283592902124,
        "dmean2": 0.042498562485,
        "dvar": 0.0118393739685,
        "dvar2": 0.0237044766545,
        "max": 1.78208255768,
        "mean": 0.0635962113738,
        "median": 0.00310530886054,
        "min": 7.34979733242e-24,
        "var": 0.0238355286419
    },
    "spectral_energyband_middle_high": {
        "dmean": 0.00214058277197,
        "dmean2": 0.00311036920175,
        "dvar": 2.27016425924e-05,
        "dvar2": 4.46426201961e-05,
        "max": 0.12015837431,
        "mean": 0.0057876938954,
        "median": 0.00291150878184,
        "min": 1.06635677667e-21,
        "var": 9.90657281363e-05
    },
    "spectral_energyband_middle_low": {
        "dmean": 0.00785764493048,
        "dmean2": 0.0130785387009,
        "dvar": 0.00174492178485,
        "dvar2": 0.00476569170132,
        "max": 0.78410255909,
        "mean": 0.0133333299309,
        "median": 0.00811135303229,
        "min": 1.47075454361e-22,
        "var": 0.00132446701173
    },
    "spectral_entropy": {
        "dmean": 0.207217797637,
        "dmean2": 0.308560729027,
        "dvar": 0.0803134813905,
        "dvar2": 0.174624398351,
        "max": 9.82449436188,
        "mean": 6.58939409256,
        "median": 6.51105976105,
        "min": 3.56563687325,
        "var": 0.623681366444
    },
    "spectral_flux": {
        "dmean": 0.0410904549062,
        "dmean2": 0.0660174489021,
        "dvar": 0.00903789419681,
        "dvar2": 0.0213126484305,
        "max": 1.15806484222,
        "mean": 0.0822212919593,
        "median": 0.0481945164502,
        "min": 6.25981072533e-11,
        "var": 0.0136243477464
    },
    "spectral_kurtosis": {
        "dmean": 11.3461608887,
        "dmean2": 19.3966827393,
        "dvar": 194.428604126,
        "dvar2": 551.275390625,
        "max": 204.366317749,
        "mean": 23.9223556519,
        "median": 15.8072471619,
        "min": -1.26975131035,
        "var": 555.695739746
    },
    "spectral_rms": {
        "dmean": 0.00124923163094,
        "dmean2": 0.00181463523768,
        "dvar": 8.03475631983e-06,
        "dvar2": 1.50939358718e-05,
        "max": 0.0419313907623,
        "mean": 0.0068753072992,
        "median": 0.00473743816838,
        "min": 3.10649444536e-12,
        "var": 3.21600928146e-05
    },
    "spectral_rolloff": {
        "dmean": 167.977401733,
        "dmean2": 299.37512207,
        "dvar": 258167.609375,
        "dvar2": 679600.3125,
        "max": 20047.4121094,
        "mean": 1148.05212402,
        "median": 753.662109375,
        "min": 64.599609375,
        "var": 7683855.5
    },
    "spectral_skewness": {
        "dmean": 0.771757125854,
        "dmean2": 1.30897057056,
        "dvar": 0.690749883652,
        "dvar2": 2.01524138451,
        "max": 11.6437826157,
        "mean": 3.00446486473,
        "median": 2.72426557541,
        "min": -0.0838385149837,
        "var": 1.99251770973
    },
    "spectral_spread": {
        "dmean": 691600.8125,
        "dmean2": 1009245.6875,
        "dvar": 1.57909123072e+12,
        "dvar2": 2.82515157811e+12,
        "max": 42660092,
        "mean": 3568953.75,
        "median": 1879606,
        "min": 392714.84375,
        "var": 3.65264445112e+13
    },
    "spectral_strongpeak": {
        "dmean": 0.493606388569,
        "dmean2": 0.792704284191,
        "dvar": 0.776962280273,
        "dvar2": 1.79023873806,
        "max": 12.4541797638,
        "mean": 1.41693878174,
        "median": 0.961980104446,
        "min": 0,
        "var": 2.48181819916
    },
    "zerocrossingrate": {
        "dmean": 0.0051268315874,
        "dmean2": 0.00640418194234,
        "dvar": 9.53807248152e-05,
        "dvar2": 0.000199980611796,
        "max": 0.52392578125,
        "mean": 0.0406047515571,
        "median": 0.0283203125,
        "min": 0.001953125,
        "var": 0.00531677575782
    },
    "barkbands": {
        "dmean": [0.00188259279821, 0.0252008866519, 0.00341129302979, 0.00168643903453, 0.00422839680687, 0.00196958496235, 0.000592338794377, 0.000289020244963, 0.000363430386642, 0.000627934176009, 0.000659684767015, 0.000608118949458, 0.000241883361014, 0.000275948579656, 0.000346541317413, 7.19044182915e-05, 9.42106635193e-05, 3.34231808665e-05, 3.24046523019e-05, 2.30706355069e-05, 3.72721879103e-05, 5.34902428626e-05, 9.95476948447e-05, 0.000134735033498, 0.000133964014822, 0.00011868513684, 5.46468709217e-06],
        "dmean2": [0.00249392329715, 0.0381276793778, 0.0061858589761, 0.00294123287313, 0.00716097280383, 0.00325806881301, 0.000972032255959, 0.00041826890083, 0.000475921056932, 0.000907598994672, 0.000936283846386, 0.000938657671213, 0.000372740236344, 0.000441169599071, 0.000522267248016, 0.000116776835057, 0.000150771680637, 5.27947922819e-05, 5.2794264775e-05, 3.42989405908e-05, 5.6031774875e-05, 7.61533665354e-05, 0.00014271317923, 0.000214694126043, 0.000221748297918, 0.000194053936866, 8.78263472259e-06],
        "dvar": [7.69284743001e-05, 0.0103550516069, 0.000209430378163, 5.52737838007e-05, 0.00119196658488, 0.000155253903358, 1.56986279762e-05, 5.31470789156e-07, 1.27617443013e-06, 3.84943996323e-06, 8.01142050477e-06, 6.00536031925e-06, 1.06118670828e-06, 1.00683337223e-06, 1.22780011225e-06, 3.46754092106e-08, 6.58007266452e-08, 9.99141303026e-09, 9.11064379494e-09, 5.59873614137e-09, 2.7170365513e-08, 7.31039264679e-08, 2.4605856197e-07, 5.20614548805e-07, 5.49404262529e-07, 4.88850616875e-07, 7.74590447339e-10],
        "dvar2": [0.000149828454596, 0.0216290540993, 0.00060468580341, 0.000146589678479, 0.00327133550309, 0.00041431497084, 4.4651565986e-05, 1.23732502288e-06, 1.75652303369e-06, 7.08526295057e-06, 1.4371814359e-05, 1.36026401378e-05, 2.31701233133e-06, 2.53703092312e-06, 2.38265806729e-06, 8.61338804725e-08, 1.37871367656e-07, 1.89294784292e-08, 2.28821388504e-08, 1.10724363012e-08, 5.49295755548e-08, 1.32828901656e-07, 4.63663297978e-07, 1.27375960801e-06, 1.4157124042e-06, 1.22893516163e-06, 1.87277593433e-09],
        "max": [0.234890833497, 1.57353687286, 0.290616184473, 0.441847503185, 0.684715509415, 0.434532552958, 0.177826136351, 0.020132239908, 0.0582652837038, 0.116845816374, 0.101031340659, 0.0771825090051, 0.0345439054072, 0.0311494562775, 0.0341159403324, 0.00384956831113, 0.00776376808062, 0.00759265897796, 0.00187349901535, 0.00117556960322, 0.0030450746417, 0.00492904242128, 0.00795478187501, 0.00838118046522, 0.00867471843958, 0.0101683912799, 0.000443523196736],
        "mean": [0.00337881827727, 0.0541521646082, 0.00444928044453, 0.00273488461971, 0.0042100250721, 0.00318138068542, 0.00110856373794, 0.000681325676851, 0.000896729470696, 0.00162625149824, 0.00144748354796, 0.00106323428918, 0.000419230229454, 0.000436774542322, 0.000645907828584, 0.000127562583657, 0.000200661845156, 5.57692801522e-05, 4.82123832626e-05, 3.15193756251e-05, 4.27833219874e-05, 5.95076780883e-05, 9.95684604277e-05, 0.000115997310786, 0.000101607394754, 9.49177774601e-05, 5.40770088264e-06],
        "median": [1.21738287362e-06, 0.000322087784298, 0.00151157053187, 0.000925650005229, 0.00112906959839, 0.00113798608072, 0.000365410931408, 0.000185940516531, 0.000172896645381, 0.000318888167385, 0.000135878945002, 0.000189189100638, 7.28926825104e-05, 7.62604031479e-05, 0.000119586220535, 3.85448947782e-05, 4.08681044064e-05, 1.43352790474e-05, 7.02327270119e-06, 2.37231893152e-06, 1.62556341365e-06, 1.09995562525e-06, 4.02829812174e-07, 1.96190882207e-07, 6.8991134583e-08, 4.3382705428e-08, 9.04083741204e-09],
        "min": [2.99027143151e-25, 1.30058698722e-24, 4.92275040053e-25, 5.20453003676e-25, 5.29661682706e-24, 3.30226207383e-24, 3.97956266426e-24, 6.07332454117e-24, 1.11666960892e-23, 8.54644252766e-24, 1.03369729779e-23, 1.53824610634e-23, 2.29790669407e-23, 3.52805418086e-23, 2.82166521229e-23, 6.1135969159e-23, 6.4686152466e-23, 7.86588417834e-23, 1.11738007283e-22, 1.37967417811e-22, 1.46567995918e-22, 2.68948986368e-22, 3.34532483891e-22, 5.53982354344e-22, 7.63227545371e-22, 1.28021729624e-21, 1.7569205139e-21],
        "var": [0.000157102680532, 0.0189396291971, 0.000146115053212, 5.17308726558e-05, 0.000867205613758, 0.000115023154649, 1.10451874207e-05, 1.78979382781e-06, 6.43746534479e-06, 2.61935510935e-05, 3.57785356755e-05, 1.02472668004e-05, 2.49562140198e-06, 1.66918005107e-06, 4.14377382185e-06, 9.28851520143e-08, 2.37004272208e-07, 2.73956040076e-08, 1.45284824171e-08, 9.41480937655e-09, 3.65310945938e-08, 1.08812479027e-07, 3.38481328299e-07, 4.79421203181e-07, 4.2746378881e-07, 4.10292500419e-07, 8.40804370572e-10]
    },
    "erbbands": {
        "dmean": [1.08296394348, 4.65761709213, 4.64704370499, 4.86203336716, 11.8729104996, 13.8033370972, 7.80521631241, 19.7709217072, 13.786110878, 4.20165634155, 8.71033477783, 7.45747900009, 12.3753948212, 30.3253593445, 17.605173111, 27.9459648132, 13.2618083954, 15.4802598953, 15.7841806412, 9.64976501465, 4.13116264343, 3.92025065422, 1.78700327873, 2.20656681061, 1.14306235313, 1.08574593067, 1.38078713417, 1.47802734375, 1.99687623978, 2.48408865929, 2.83717799187, 2.33458948135, 2.36729073524, 1.81079018116, 0.876999258995, 0.846145033836, 0.13531255722, 0.0106414631009, 0.00099601817783, 9.30794631131e-05],
        "dmean2": [1.45830512047, 7.69559907913, 8.40323925018, 8.51768302917, 19.3393764496, 24.7023410797, 12.8919353485, 33.4247550964, 22.220413208, 6.7262134552, 11.7847366333, 9.99794101715, 18.2895298004, 41.8971672058, 26.8087062836, 43.2866668701, 20.1868305206, 24.4160671234, 24.3590679169, 14.6373062134, 6.58646869659, 6.1955332756, 2.7567961216, 3.60545420647, 1.7882130146, 1.61018097401, 2.13473653793, 2.11274552345, 2.86493945122, 3.62710881233, 4.07458496094, 3.4719183445, 3.85675477982, 3.04651212692, 1.43196344376, 1.38150787354, 0.22161924839, 0.017215218395, 0.00158757215831, 0.000143560304423],
        "dvar": [21.9534778595, 319.933349609, 360.848327637, 438.393768311, 7434.11816406, 14852.5673828, 1056.47167969, 19378.7441406, 5758.89355469, 549.534301758, 522.04095459, 577.393615723, 898.770141602, 12473.2695312, 7883.77783203, 14175.3525391, 2302.42529297, 2411.39282227, 2331.39257812, 1023.81585693, 88.4055938721, 137.883346558, 43.5086174011, 51.0848464966, 11.5202112198, 13.4140758514, 33.0362815857, 46.0174331665, 104.561424255, 152.428009033, 199.989532471, 142.116287231, 170.564315796, 103.196601868, 23.1656246185, 26.4757881165, 0.571529746056, 0.00291026523337, 2.48277610808e-05, 1.53689086346e-07],
        "dvar2": [39.4607200623, 818.526306152, 1042.85510254, 1164.29699707, 19269.2890625, 43103.5234375, 2508.41357422, 53647.171875, 16046.6767578, 1560.16369629, 917.228393555, 899.889282227, 1784.03417969, 20365.1972656, 18654.3710938, 32165.1367188, 5122.82714844, 5908.37792969, 4824.05615234, 1997.90856934, 198.983047485, 263.993896484, 78.3047027588, 135.252532959, 26.062461853, 26.3637714386, 67.280456543, 88.2280731201, 191.658340454, 300.550720215, 404.000946045, 295.035858154, 429.432128906, 271.009735107, 58.3313598633, 66.945274353, 1.44060659409, 0.007187533658, 5.9331763623e-05, 3.64284858279e-07],
        "max": [79.9102706909, 298.972808838, 371.900970459, 1282.01904297, 1719.46179199, 2389.17041016, 1180.51464844, 4424.34423828, 2876.81567383, 855.335144043, 701.264892578, 1627.96044922, 719.045715332, 4251.01171875, 3902.42211914, 3874.94873047, 1459.55883789, 1430.63305664, 1774.63354492, 994.58190918, 197.851547241, 369.414642334, 542.504455566, 161.643341064, 59.4127388, 55.8746643066, 105.576049805, 122.728096008, 190.914016724, 226.035415649, 227.387695312, 161.99508667, 150.801208496, 112.884140015, 57.555606842, 79.6295089722, 9.40626335144, 0.742149591446, 0.0882248952985, 0.00713484501466],
        "mean": [1.99088716507, 10.0410728455, 8.44812870026, 7.9942445755, 13.1933259964, 12.7424993515, 10.9049844742, 29.8617134094, 26.4138679504, 8.75311565399, 21.6832332611, 18.7826194763, 32.5318107605, 80.3925933838, 33.7730293274, 48.9036827087, 25.0982894897, 26.4861831665, 29.6745452881, 18.4944553375, 9.16651725769, 8.82516765594, 3.35767912865, 3.53757429123, 1.81445717812, 1.49398779869, 1.64756190777, 1.64612567425, 2.17465662956, 2.48882842064, 2.75402736664, 2.35747551918, 1.89167320728, 1.34179615974, 0.684683084488, 0.66882288456, 0.108091406524, 0.00937311351299, 0.00102242524736, 0.000145679005072],
        "median": [0.00226330081932, 0.118537925184, 1.42354428768, 3.32886457443, 3.8381819725, 3.1794128418, 4.9930973053, 8.41551494598, 9.06290626526, 3.34659004211, 5.23407459259, 4.76530885696, 8.85254001617, 9.28347206116, 6.66196060181, 10.0145978928, 5.88762521744, 6.06909561157, 7.54594945908, 5.20551395416, 2.95524787903, 1.94497764111, 1.01463961601, 0.622479140759, 0.265350908041, 0.130574584007, 0.084938287735, 0.0598787739873, 0.0385415107012, 0.0198567565531, 0.0118477381766, 0.00652468577027, 0.00201923702843, 0.00100207654759, 0.000472230400192, 0.000238105290919, 8.49509015097e-05, 1.50441765072e-05, 2.28875796893e-05, 3.20282888424e-05],
        "min": [6.70570013415e-23, 2.88735359676e-22, 8.78222462719e-22, 4.9871704639e-21, 1.07399095094e-20, 1.61854818199e-20, 1.81136769863e-20, 4.63696804194e-20, 1.13098750793e-19, 1.3033051269e-19, 1.36802671071e-19, 2.46372307479e-19, 3.84948298687e-19, 4.43961224743e-19, 7.08985085018e-19, 1.07702059041e-18, 1.31869546844e-18, 1.63188248856e-18, 2.283336128e-18, 3.5222227294e-18, 3.5818905757e-18, 3.7960641799e-18, 5.49383625715e-18, 5.52867379583e-18, 6.2277324033e-18, 6.58059896722e-18, 8.325997209e-18, 6.45619637976e-18, 8.00418259169e-18, 9.75598321141e-18, 8.97578563047e-18, 9.9723331278e-18, 9.08899522346e-18, 7.52189576272e-18, 5.55786582682e-18, 3.51203930887e-18, 2.14690902278e-18, 9.26375077635e-19, 2.40191794888e-19, 2.69012479952e-20],
        "var": [43.9238853455, 467.145690918, 300.065032959, 426.752563477, 6232.37695312, 9292.78417969, 1089.36291504, 13049.8330078, 4443.26953125, 450.311004639, 2551.47338867, 2683.82421875, 3826.32739258, 86356.2265625, 12166.1318359, 22272.5722656, 5420.17724609, 4459.64990234, 7563.33642578, 3183.74584961, 327.490264893, 578.910583496, 125.934921265, 91.548500061, 20.6464653015, 22.9720668793, 43.980342865, 66.0012207031, 151.53213501, 205.123016357, 253.33505249, 180.327774048, 141.58996582, 77.1793518066, 18.8572349548, 21.8386383057, 0.477708607912, 0.00274281785823, 2.79544219666e-05, 1.78553705155e-07]
    },
    "gfcc": {
        "mean": [-108.764640808, 164.269760132, -121.575271606, -2.88449668884, -25.9519042969, 0.229584053159, -26.9492778778, -8.21662521362, -13.2228927612, -7.27687454224, -10.8093795776, -4.57506990433, -5.60958480835],
        "cov": [[34494.5390625, -11.9470157623, -25.7472515106, 2471.7019043, -1216.90368652, 2124.02148438, -517.070373535, 730.454162598, -469.258117676, 382.29800415, -267.922088623, 531.397277832, -248.82635498], [-11.9470157623, 3882.34301758, -1753.78735352, -1029.7623291, 606.474731445, -1140.99035645, 58.411151886, -548.455200195, 132.656433105, -434.501312256, 98.1953430176, -358.311401367, 123.640129089], [-25.7472515106, -1753.78735352, 2476.25097656, 1286.78112793, 107.517601013, 974.791809082, 90.5084609985, 488.043487549, 14.8410587311, 346.358917236, 175.454498291, 374.327087402, 25.5640525818], [2471.7019043, -1029.7623291, 1286.78112793, 1287.43432617, 27.653137207, 753.866333008, 133.317459106, 296.08102417, -10.2699661255, 191.392059326, 92.8736953735, 238.535018921, 14.8611421585], [-1216.90368652, 606.474731445, 107.517601013, 27.653137207, 586.67980957, 8.15389251709, 170.249084473, -10.2827882767, 108.612548828, 9.27937316895, 109.442855835, -33.9893722534, 69.9674987793], [2124.02148438, -1140.99035645, 974.791809082, 753.866333008, 8.15389251709, 859.639221191, 97.4589996338, 304.199981689, 12.3184814453, 190.900436401, 44.3096923828, 209.658416748, 5.6381611824], [-517.070373535, 58.411151886, 90.5084609985, 133.317459106, 170.249084473, 97.4589996338, 299.29309082, 80.1130981445, 50.3051185608, -8.43223953247, 52.0659103394, 8.55960655212, 60.1856803894], [730.454162598, -548.455200195, 488.043487549, 296.08102417, -10.2827882767, 304.199981689, 80.1130981445, 294.731658936, 45.2591743469, 94.3631439209, 1.37546288967, 93.41771698, 4.90455007553], [-469.258117676, 132.656433105, 14.8410587311, -10.2699661255, 108.612548828, 12.3184814453, 50.3051185608, 45.2591743469, 202.598510742, 68.6454315186, 39.1645736694, -44.6360244751, 11.1247825623], [382.29800415, -434.501312256, 346.358917236, 191.392059326, 9.27937316895, 190.900436401, -8.43223953247, 94.3631439209, 68.6454315186, 248.585571289, 73.948135376, 36.9762458801, -41.4181594849], [-267.922088623, 98.1953430176, 175.454498291, 92.8736953735, 109.442855835, 44.3096923828, 52.0659103394, 1.37546288967, 39.1645736694, 73.948135376, 154.945922852, 58.7206878662, 34.0567398071], [531.397277832, -358.311401367, 374.327087402, 238.535018921, -33.9893722534, 209.658416748, 8.55960655212, 93.41771698, -44.6360244751, 36.9762458801, 58.7206878662, 196.64390564, 60.0739936829], [-248.82635498, 123.640129089, 25.5640525818, 14.8611421585, 69.9674987793, 5.6381611824, 60.1856803894, 4.90455007553, 11.1247825623, -41.4181594849, 34.0567398071, 60.0739936829, 124.302444458]],
        "icov": [[0.000133003632072, -0.000355974159902, 0.00028666871367, -0.000334977987222, 0.000359295954695, -0.000562288041692, 0.000296424608678, -0.000440368370619, 0.000433984736446, -0.000554132449906, 0.000363311788533, -0.000220338217332, 8.1993668573e-05], [-0.000355974159902, 0.00182838214096, -0.000396738789277, 0.000683160498738, -0.00171306030825, 0.00208300701343, -0.000439495954197, 0.00126136664767, -0.00154210499022, 0.00256955274381, -0.00212557986379, 0.00105666415766, -0.000432608561823], [0.00028666871367, -0.000396738789277, 0.00200165389106, -0.00152285024524, 0.000104026446934, -0.00118565780576, 0.0012749878224, -0.00184645084664, 0.0010240044212, -0.00116998504382, -0.000147612285218, -0.000919233483728, 0.000192833715118], [-0.000334977987222, 0.000683160498738, -0.00152285024524, 0.00303677562624, -0.000534118793439, 0.000185438984772, -0.00145615567453, 0.00141947029624, -0.000863845809363, 0.00125002872664, -0.000803831906524, 0.000228885270189, 0.000144775694935], [0.000359295954695, -0.00171306030825, 0.000104026446934, -0.000534118793439, 0.00431570177898, -0.00224516144954, -0.000486841745442, -0.000763585907407, 0.000778157438617, -0.00195439672098, 0.000358181889169, 0.000522192858625, -0.000667274172883], [-0.000562288041692, 0.00208300701343, -0.00118565780576, 0.000185438984772, -0.00224516144954, 0.00614965008572, -0.00149292650167, 0.000931191083509, -0.00219767843373, 0.0019497188041, -0.000907447363716, -0.000592966447584, 7.66631201259e-05], [0.000296424608678, -0.000439495954197, 0.0012749878224, -0.00145615567453, -0.000486841745442, -0.00149292650167, 0.00631691003218, -0.00319385807961, 0.00103383709211, 0.000351975060767, -0.00177306984551, 0.00179844140075, -0.00200701109134], [-0.000440368370619, 0.00126136664767, -0.00184645084664, 0.00141947029624, -0.000763585907407, 0.000931191083509, -0.00319385807961, 0.00920542050153, -0.00367994979024, 0.000861267908476, 0.00203778664581, -0.00186827813741, 0.000605574692599], [0.000433984736446, -0.00154210499022, 0.0010240044212, -0.000863845809363, 0.000778157438617, -0.00219767843373, 0.00103383709211, -0.00367994979024, 0.00936329830438, -0.00437586707994, -7.10255771992e-05, 0.00290058832616, -0.00207680277526], [-0.000554132449906, 0.00256955274381, -0.00116998504382, 0.00125002872664, -0.00195439672098, 0.0019497188041, 0.000351975060767, 0.000861267908476, -0.00437586707994, 0.0116995396093, -0.00717725977302, 0.00226809503511, 0.00239358167164], [0.000363311788533, -0.00212557986379, -0.000147612285218, -0.000803831906524, 0.000358181889169, -0.000907447363716, -0.00177306984551, 0.00203778664581, -7.10255771992e-05, -0.00717725977302, 0.0156596656889, -0.0068739335984, 0.000232102538575], [-0.000220338217332, 0.00105666415766, -0.000919233483728, 0.000228885270189, 0.000522192858625, -0.000592966447584, 0.00179844140075, -0.00186827813741, 0.00290058832616, 0.00226809503511, -0.0068739335984, 0.015133600682, -0.00732893869281], [8.1993668573e-05, -0.000432608561823, 0.000192833715118, 0.000144775694935, -0.000667274172883, 7.66631201259e-05, -0.00200701109134, 0.000605574692599, -0.00207680277526, 0.00239358167164, 0.000232102538575, -0.00732893869281, 0.0143641829491]]
    },
    "melbands": {
        "dmean": [0.0080539798364, 0.00350420363247, 0.000951200956479, 0.00107653078157, 0.000297485967167, 0.000426645710832, 0.000193595289602, 4.21040203946e-05, 7.69688849687e-05, 4.77839894302e-05, 6.11441282672e-05, 0.000120500219055, 6.33118397673e-05, 6.39769277768e-05, 5.45265102119e-05, 2.58079635387e-05, 3.17018493661e-05, 2.23647948587e-05, 2.67509385594e-05, 6.46366152068e-06, 5.12529186381e-06, 5.21504125572e-06, 1.98630959858e-06, 1.42425358263e-06, 1.99239775611e-06, 8.01701673936e-07, 7.79092886205e-07, 7.49532603095e-07, 6.98962992374e-07, 1.03455920453e-06, 8.47369108214e-07, 1.16741705369e-06, 9.55510813583e-07, 1.54824419951e-06, 1.60449121722e-06, 1.8805540094e-06, 1.23866300328e-06, 1.34321214773e-06, 2.03792660614e-06, 1.44653790812e-06],
        "dmean2": [0.0116494037211, 0.006098379381, 0.00162591203116, 0.00184530194383, 0.000504079798702, 0.000712660199497, 0.000312235642923, 6.68752400088e-05, 0.000101410230855, 6.51148220641e-05, 9.05428969418e-05, 0.000166931873537, 9.35750940698e-05, 0.000100314995507, 8.22264919407e-05, 3.9535054384e-05, 5.04600502609e-05, 3.51973067154e-05, 3.99793352699e-05, 1.05301951407e-05, 8.24541893962e-06, 8.2778842625e-06, 3.09104348162e-06, 2.24698965212e-06, 3.27761631524e-06, 1.26841950987e-06, 1.19640060348e-06, 1.1195083971e-06, 1.0710348306e-06, 1.57876718276e-06, 1.21258835861e-06, 1.69111001469e-06, 1.35498703457e-06, 2.27224563787e-06, 2.35717675423e-06, 2.73424234365e-06, 1.89247759863e-06, 2.20488664127e-06, 3.41504437529e-06, 2.4623623176e-06],
        "dvar": [0.00113677943591, 0.000167060119566, 1.65735400515e-05, 8.16899628262e-05, 2.37341350839e-06, 8.23367918201e-06, 1.12041709599e-06, 4.23823891538e-08, 4.72226489023e-08, 2.52929570621e-08, 2.24823430983e-08, 1.97695868565e-07, 7.98418540171e-08, 7.70242749581e-08, 3.76262008217e-08, 1.75933738689e-08, 1.19712355584e-08, 5.26414911661e-09, 9.56316803524e-09, 2.85737239425e-10, 1.80831044583e-10, 2.31038896348e-10, 8.10148406694e-11, 1.47554295171e-11, 4.55184882842e-11, 6.37392309072e-12, 6.71992843315e-12, 7.05238168211e-12, 7.86250318324e-12, 2.20895367969e-11, 1.43824995316e-11, 3.40538951205e-11, 2.35023007999e-11, 6.05583222457e-11, 6.32860847061e-11, 1.0334233469e-10, 3.99998471845e-11, 5.41451605773e-11, 1.2999176735e-10, 6.82952028264e-11],
        "dvar2": [0.00222957204096, 0.000459334958578, 4.36461741629e-05, 0.000226008283789, 6.53223196423e-06, 2.25887124543e-05, 3.1171343835e-06, 1.2061121879e-07, 7.12739449682e-08, 4.08124520845e-08, 4.40179803718e-08, 3.28249569748e-07, 1.73389992142e-07, 1.77798213485e-07, 8.08277249575e-08, 3.71749457884e-08, 2.9460039741e-08, 1.14961773434e-08, 1.82655401915e-08, 7.32805649495e-10, 4.0186795558e-10, 4.50040671396e-10, 1.58985491439e-10, 3.01279071135e-11, 1.21770607486e-10, 1.43381877551e-11, 1.48941380063e-11, 1.46196197509e-11, 1.56938819579e-11, 4.54514342829e-11, 2.87219605738e-11, 6.40232034055e-11, 4.021887684e-11, 1.20610368914e-10, 1.33020899851e-10, 1.9762856629e-10, 9.16582712507e-11, 1.3190940007e-10, 3.37174316245e-10, 1.82928158732e-10],
        "max": [0.554778277874, 0.21484130621, 0.177494242787, 0.180242791772, 0.0365318730474, 0.0924938470125, 0.0400684252381, 0.00745079806075, 0.00772343762219, 0.0111262258142, 0.00427596922964, 0.0190469231457, 0.0105011463165, 0.00869522988796, 0.00462285894901, 0.0048090768978, 0.00322962924838, 0.00270446646027, 0.00286403507926, 0.000357690267265, 0.000327669084072, 0.000323853775626, 0.000585940375458, 0.000232356920606, 0.000159418355906, 5.20733265148e-05, 4.4178803364e-05, 4.7807530791e-05, 4.9070615205e-05, 0.000102109108411, 6.40318103251e-05, 0.000108509790152, 8.86416019057e-05, 0.000141270153108, 0.000131138542201, 0.000162667813129, 7.72779822e-05, 8.03008151706e-05, 0.000130886110128, 9.37713994063e-05],
        "mean": [0.0161718074232, 0.00775824859738, 0.0014645367628, 0.00103749381378, 0.000380247773137, 0.000669593631756, 0.000375627801986, 8.78536011442e-05, 0.000191430197447, 0.000117425923236, 0.000157261820277, 0.000318198581226, 0.000128025538288, 0.000104694328911, 0.000104559141619, 4.34303219663e-05, 5.09741330461e-05, 3.94902745029e-05, 4.93674633617e-05, 1.11659719551e-05, 1.08005160655e-05, 1.15794837257e-05, 3.46990645994e-06, 2.38103439187e-06, 3.04202308143e-06, 1.20733659514e-06, 1.12877501124e-06, 9.72550310507e-07, 8.1970449628e-07, 1.19316780456e-06, 8.98669441085e-07, 1.26705492676e-06, 1.0793663705e-06, 1.50780033437e-06, 1.51656377056e-06, 1.90266860045e-06, 1.21321795632e-06, 1.12308350708e-06, 1.51613835442e-06, 1.04748812646e-06],
        "median": [5.04887939314e-05, 0.000560536165722, 0.000612278410699, 0.00025936961174, 0.000160692681675, 0.000203905699891, 0.000129116335302, 2.83235440293e-05, 3.9963182644e-05, 2.75024394796e-05, 3.94218041038e-05, 3.00017945847e-05, 1.61580519489e-05, 2.04264251806e-05, 1.81015566341e-05, 6.77887146594e-06, 8.60979707795e-06, 1.00087581814e-05, 8.01120495453e-06, 3.72613089894e-06, 2.48824903792e-06, 2.11970291275e-06, 8.27586802643e-07, 6.38993356006e-07, 3.78922692335e-07, 1.49374415059e-07, 1.05382618187e-07, 5.76778091954e-08, 4.53609203532e-08, 3.28582991926e-08, 2.28976073657e-08, 2.09847392796e-08, 1.27240493697e-08, 7.56299201043e-09, 4.51583437311e-09, 5.36040412058e-09, 2.80204570657e-09, 1.2002361327e-09, 8.77111605568e-10, 6.14317652303e-10],
        "min": [8.06757348844e-25, 4.77235357591e-25, 9.62770616588e-25, 6.55420596456e-25, 4.73804059172e-25, 7.79616589399e-25, 1.7903056249e-24, 1.16255210603e-24, 8.5315208292e-25, 1.43126406415e-24, 1.81649048215e-24, 1.10134685358e-24, 1.82807924327e-24, 2.43182703455e-24, 1.90329397514e-24, 2.19273690203e-24, 2.53420086688e-24, 3.56842610983e-24, 2.68450943769e-24, 3.41995538772e-24, 3.62828645304e-24, 3.46564108376e-24, 2.89304600127e-24, 3.98948890103e-24, 3.69472865722e-24, 3.58572464619e-24, 4.16573935992e-24, 3.33069814288e-24, 4.33241028641e-24, 3.4311497184e-24, 3.34132686029e-24, 3.94860105703e-24, 4.46818981428e-24, 4.88985608407e-24, 4.81290270276e-24, 4.46461430222e-24, 5.15610531705e-24, 5.49711016486e-24, 5.13833819731e-24, 5.9042471945e-24],
        "var": [0.00214285240509, 0.000218129789573, 1.56171463459e-05, 5.84708504903e-05, 1.7634500864e-06, 5.69216399526e-06, 8.74325735367e-07, 4.05039841667e-08, 2.54887737583e-07, 1.11925004376e-07, 9.82160770491e-08, 1.39531027799e-06, 2.07910005656e-07, 1.08280126199e-07, 1.01993023804e-07, 4.32583924237e-08, 2.17354028109e-08, 1.51909276269e-08, 3.0734504719e-08, 6.61394383705e-10, 6.73356870262e-10, 1.020864282e-09, 1.90589141691e-10, 3.68780561644e-11, 7.98102972599e-11, 1.16204754153e-11, 1.11653689766e-11, 1.18979132102e-11, 1.06983684064e-11, 2.91680603282e-11, 2.02125382404e-11, 4.84593996875e-11, 3.7931512098e-11, 7.95267671161e-11, 7.7134500176e-11, 1.35314232041e-10, 4.57877485927e-11, 4.81773058947e-11, 9.85561077194e-11, 4.90263801778e-11]
    },
    "mfcc": {
        "mean": [-738.271179199, 193.115203857, -14.1350698471, 4.58685159683, 14.5966844559, 7.70003461838, -3.19698691368, 2.38125181198, -0.658872127533, -1.57081484795, -3.45202255249, -2.75698208809, -1.32469344139],
        "cov": [[10034.6035156, -443.524871826, 1460.64892578, 1116.16430664, 278.177612305, 944.325378418, 571.982666016, 614.974731445, 271.081268311, 193.964630127, 145.205581665, 207.411819458, 116.410675049], [-443.524871826, 3136.2722168, -1010.68621826, -166.088516235, 143.906982422, -317.575744629, -164.884887695, -136.797073364, -68.9970703125, -133.744873047, -71.5835952759, -78.052520752, -33.0983657837], [1460.64892578, -1010.68621826, 1380.02233887, 477.092987061, 324.027435303, 398.833984375, 230.892913818, 254.59552002, 45.9274291992, 112.827522278, 104.898033142, 112.549812317, 86.9706268311], [1116.16430664, -166.088516235, 477.092987061, 676.817016602, 198.777587891, 307.067077637, 239.075622559, 188.994155884, 82.0035247803, 62.3002471924, 88.4267425537, 73.6856994629, 42.6353759766], [278.177612305, 143.906982422, 324.027435303, 198.777587891, 429.382507324, 225.607894897, 111.273246765, 101.918991089, 34.2057952881, 58.7166976929, 73.7157440186, 70.361656189, 38.6234054565], [944.325378418, -317.575744629, 398.833984375, 307.067077637, 225.607894897, 440.990020752, 228.741455078, 160.416702271, 82.280708313, 87.6794052124, 83.5299377441, 86.9245147705, 64.0002822876], [571.982666016, -164.884887695, 230.892913818, 239.075622559, 111.273246765, 228.741455078, 300.937255859, 181.64604187, 83.1426925659, 40.7611923218, 29.3002510071, 55.6971817017, 55.5733375549], [614.974731445, -136.797073364, 254.59552002, 188.994155884, 101.918991089, 160.416702271, 181.64604187, 270.047790527, 122.477760315, 28.6534309387, -5.25581789017, 37.6148719788, 41.9114112854], [271.081268311, -68.9970703125, 45.9274291992, 82.0035247803, 34.2057952881, 82.280708313, 83.1426925659, 122.477760315, 174.532653809, 93.821395874, 33.3246498108, 24.3540782928, 19.2059593201], [193.964630127, -133.744873047, 112.827522278, 62.3002471924, 58.7166976929, 87.6794052124, 40.7611923218, 28.6534309387, 93.821395874, 212.11946106, 139.309188843, 28.1853027344, -10.1664733887], [145.205581665, -71.5835952759, 104.898033142, 88.4267425537, 73.7157440186, 83.5299377441, 29.3002510071, -5.25581789017, 33.3246498108, 139.309188843, 187.980514526, 78.4298019409, -3.60650753975], [207.411819458, -78.052520752, 112.549812317, 73.6856994629, 70.361656189, 86.9245147705, 55.6971817017, 37.6148719788, 24.3540782928, 28.1853027344, 78.4298019409, 160.413116455, 87.0655059814], [116.410675049, -33.0983657837, 86.9706268311, 42.6353759766, 38.6234054565, 64.0002822876, 55.5733375549, 41.9114112854, 19.2059593201, -10.1664733887, -3.60650753975, 87.0655059814, 158.089019775]],
