{
"lowlevel": {
    "average_loudness": 0.880020081997,
    "barkbands_crest": {
        "dmean": 3.36331415176,
        "dmean2": 5.62818622589,
        "dvar": 10.1141328812,
        "dvar2": 25.9735279083,
        "max": 26.1875152588,
        "mean": 13.7633218765,
        "median": 13.3461971283,
        "min": 2.15622472763,
        "var": 36.3331947327
    },
    "barkbands_flatness_db": {
        "dmean": 0.0321835689247,
        "dmean2": 0.0511374473572,
        "dvar": 0.00115538423415,
        "dvar2": 0.00247688428499,
        "max": 0.499827712774,
        "mean": 0.168426394463,
        "median": 0.156220257282,
        "min": 0.0114283477888,
        "var": 0.00750669511035
    },
    "barkbands_kurtosis": {
        "dmean": 12.3463001251,
        "dmean2": 20.7444000244,
        "dvar": 528.63684082,
        "dvar2": 1488.16271973,
        "max": 398.174926758,
        "mean": 18.7348899841,
        "median": 6.21189308167,
        "min": -1.79894626141,
        "var": 995.952697754
    },
    "barkbands_skewness": {
        "dmean": 1.08023905754,
        "dmean2": 1.74033021927,
        "dvar": 1.51490783691,
        "dvar2": 3.88130712509,
        "max": 18.0847225189,
        "mean": 3.01337599754,
        "median": 2.35900402069,
        "min": -4.43091821671,
        "var": 6.14545059204
    },
    "barkbands_spread": {
        "dmean": 5.49869012833,
        "dmean2": 8.74403762817,
        "dvar": 45.1190605164,
        "dvar2": 95.0807800293,
        "max": 103.477783203,
        "mean": 18.126241684,
        "median": 14.301410675,
        "min": 0.147406414151,
        "var": 209.761062622
    },
    "dissonance": {
        "dmean": 0.0163176394999,
        "dmean2": 0.0279254578054,
        "dvar": 0.000650182366371,
        "dvar2": 0.00159486487973,
        "max": 0.500000119209,
        "mean": 0.470897108316,
        "median": 0.480913162231,
        "min": 0.128427132964,
        "var": 0.00145219429396
    },
    "dynamic_complexity": 6.32685184479,
    "erbbands_crest": {
        "dmean": 1.93167960644,
        "dmean2": 3.17731571198,
        "dvar": 3.53130149841,
        "dvar2": 8.88559913635,
        "max": 28.175907135,
        "mean": 7.05476331711,
        "median": 6.19450044632,
        "min": 2.19338393211,
        "var": 10.8256988525
    },
    "erbbands_flatness_db": {
        "dmean": 0.0152890114114,
        "dmean2": 0.0229006092995,
        "dvar": 0.000458701106254,
        "dvar2": 0.000759004964493,
        "max": 0.439860850573,
        "mean": 0.146665096283,
        "median": 0.132770165801,
        "min": 0.0294616930187,
        "var": 0.00351040554233
    },
    "erbbands_kurtosis": {
        "dmean": 0.972887992859,
        "dmean2": 1.59540963173,
        "dvar": 10.2838058472,
        "dvar2": 20.4383621216,
        "max": 83.2367401123,
        "mean": 0.608824670315,
        "median": -0.474896669388,
        "min": -1.81645035744,
        "var": 25.5545902252
    },
    "erbbands_skewness": {
        "dmean": 0.320937693119,
        "dmean2": 0.502412497997,
        "dvar": 0.158514529467,
        "dvar2": 0.311161637306,
        "max": 7.28105783463,
        "mean": 0.177997276187,
        "median": 0.0310123097152,
        "min": -2.72333192825,
        "var": 0.833105385303
    },
    "erbbands_spread": {
        "dmean": 8.45526695251,
        "dmean2": 13.5383443832,
        "dvar": 75.8386917114,
        "dvar2": 164.020675659,
        "max": 112.827346802,
        "mean": 46.2247314453,
        "median": 44.8978004456,
        "min": 1.45785880089,
        "var": 345.144927979
    },
    "hfc": {
        "dmean": 4.75539875031,
        "dmean2": 7.3676109314,
        "dvar": 47.2040481567,
        "dvar2": 103.303085327,
        "max": 152.501373291,
        "mean": 19.5785732269,
        "median": 15.2933015823,
        "min": 1.09556995021e-16,
        "var": 322.927001953
    },
    "melbands_crest": {
        "dmean": 3.34884977341,
        "dmean2": 5.63056707382,
        "dvar": 9.70785522461,
        "dvar2": 25.7550354004,
        "max": 34.7553787231,
        "mean": 17.2797622681,
        "median": 18.1132488251,
        "min": 1.63732111454,
        "var": 33.3801116943
    },
    "melbands_flatness_db": {
        "dmean": 0.0387661084533,
        "dmean2": 0.0609796904027,
        "dvar": 0.00158658868168,
        "dvar2": 0.00327107519843,
        "max": 0.651774346828,
        "mean": 0.257266014814,
        "median": 0.244004353881,
        "min": 0.00327197741717,
        "var": 0.0117017300799
    },
    "melbands_kurtosis": {
        "dmean": 22.6233158112,
        "dmean2": 37.3072128296,
        "dvar": 1100.27844238,
        "dvar2": 2884.20825195,
        "max": 471.630554199,
        "mean": 43.7071380615,
        "median": 21.0098342896,
        "min": -1.65865671635,
        "var": 2999.65478516
    },
    "melbands_skewness": {
        "dmean": 1.29919219017,
        "dmean2": 2.08985114098,
        "dvar": 1.82832610607,
        "dvar2": 4.31886768341,
        "max": 17.068775177,
        "mean": 4.60347318649,
        "median": 4.00088310242,
        "min": -2.28657698631,
        "var": 9.19671726227
    },
    "melbands_spread": {
        "dmean": 6.14975118637,
        "dmean2": 9.79459285736,
        "dvar": 79.0882034302,
        "dvar2": 164.11529541,
        "max": 172.215667725,
        "mean": 17.0321178436,
        "median": 10.9088964462,
        "min": 0.31082072854,
        "var": 334.688537598
    },
    "pitch_salience": {
        "dmean": 0.0927423164248,
        "dmean2": 0.154392436147,
        "dvar": 0.00714312307537,
        "dvar2": 0.0185993108898,
        "max": 0.947689771652,
        "mean": 0.460786372423,
        "median": 0.469526767731,
        "min": 0.0529743246734,
        "var": 0.0293949712068
    },
    "silence_rate_20dB": {
        "dmean": 0.00277777784504,
        "dmean2": 0.00555603764951,
        "dvar": 0.00276998942718,
        "dvar2": 0.00726113747805,
        "max": 1,
        "mean": 0.998090445995,
        "median": 1,
        "min": 0,
        "var": 0.00190605223179
    },
    "silence_rate_30dB": {
        "dmean": 0.126041665673,
        "dmean2": 0.252105206251,
        "dvar": 0.110145173967,
        "dvar2": 0.227764800191,
        "max": 1,
        "mean": 0.758267521858,
        "median": 1,
        "min": 0,
        "var": 0.18329910934
    },
    "silence_rate_60dB": {
        "dmean": 0.00798611156642,
        "dmean2": 0.0159736089408,
        "dvar": 0.00792213156819,
        "dvar2": 0.017802586779,
        "max": 1,
        "mean": 0.209530428052,
        "median": 0,
        "min": 0,
        "var": 0.165632456541
    },
    "spectral_centroid": {
        "dmean": 262.299102783,
        "dmean2": 403.919799805,
        "dvar": 92586.2421875,
        "dvar2": 180474.15625,
        "max": 11526.6132812,
        "mean": 1429.82788086,
        "median": 1346.43395996,
        "min": 105.533302307,
        "var": 715737.6875
    },
    "spectral_complexity": {
        "dmean": 3.00138878822,
        "dmean2": 4.69745635986,
        "dvar": 11.737443924,
        "dvar2": 25.1381053925,
        "max": 58,
        "mean": 20.0833263397,
        "median": 19,
        "min": 0,
        "var": 205.883361816
    },
    "spectral_decrease": {
        "dmean": 9.06567088066e-09,
        "dmean2": 1.49945709182e-08,
        "dvar": 1.89341867207e-16,
        "dvar2": 5.15529027413e-16,
        "max": 6.93584392355e-17,
        "mean": -1.73819199034e-08,
        "median": -1.25841674858e-08,
        "min": -1.36936563422e-07,
        "var": 3.51803726167e-16
    },
    "spectral_energy": {
        "dmean": 0.0345180109143,
        "dmean2": 0.0570381209254,
        "dvar": 0.00273165572435,
        "dvar2": 0.00743555882946,
        "max": 0.521505773067,
        "mean": 0.0673791021109,
        "median": 0.0497630164027,
        "min": 9.84796243204e-21,
        "var": 0.00512015447021
    },
    "spectral_energyband_high": {
        "dmean": 0.000236441861489,
        "dmean2": 0.000355888711056,
        "dvar": 1.88722268035e-07,
        "dvar2": 4.21189753297e-07,
        "max": 0.0119027243927,
        "mean": 0.000760286755394,
        "median": 0.000333651638357,
        "min": 7.30283108479e-21,
        "var": 9.62944341154e-07
    },
    "spectral_energyband_low": {
        "dmean": 0.033639125526,
        "dmean2": 0.0562284849584,
        "dvar": 0.00272488384508,
        "dvar2": 0.00744649441913,
        "max": 0.517043888569,
        "mean": 0.0561499856412,
        "median": 0.0350141450763,
        "min": 3.39072201695e-23,
        "var": 0.00476295826957
    },
    "spectral_energyband_middle_high": {
        "dmean": 0.00130880996585,
        "dmean2": 0.0020397817716,
        "dvar": 4.74001990369e-06,
        "dvar2": 1.05368308141e-05,
        "max": 0.0384125635028,
        "mean": 0.00469332840294,
        "median": 0.00266154832207,
        "min": 1.14265520147e-21,
        "var": 2.93583998427e-05
    },
    "spectral_energyband_middle_low": {
        "dmean": 0.00292612286285,
        "dmean2": 0.00472287880257,
        "dvar": 2.60747037828e-05,
        "dvar2": 6.35343239992e-05,
        "max": 0.0889620482922,
        "mean": 0.00730931246653,
        "median": 0.00545990560204,
        "min": 1.78909109465e-22,
        "var": 5.94168923271e-05
    },
    "spectral_entropy": {
        "dmean": 0.148475021124,
        "dmean2": 0.227395281196,
        "dvar": 0.0486865080893,
        "dvar2": 0.0838017985225,
        "max": 9.8129863739,
        "mean": 7.57261180878,
        "median": 7.66467046738,
        "min": 4.84044599533,
        "var": 0.279564887285
    },
    "spectral_flux": {
        "dmean": 0.0440127551556,
        "dmean2": 0.071979932487,
        "dvar": 0.00329441251233,
        "dvar2": 0.0083949835971,
        "max": 0.67548853159,
        "mean": 0.11231379956,
        "median": 0.100543484092,
        "min": 6.42195671641e-11,
        "var": 0.00782064255327
    },
    "spectral_kurtosis": {
        "dmean": 1.60777413845,
        "dmean2": 2.7431333065,
        "dvar": 5.28250312805,
        "dvar2": 14.0039110184,
        "max": 63.8710403442,
        "mean": 4.25180339813,
        "median": 3.41225624084,
        "min": -1.24026358128,
        "var": 13.0736999512
    },
    "spectral_rms": {
        "dmean": 0.0017305361107,
        "dmean2": 0.00279094721191,
        "dvar": 4.82081350128e-06,
        "dvar2": 1.23134886962e-05,
        "max": 0.0225562881678,
        "mean": 0.00675944471732,
        "median": 0.0069677317515,
        "min": 3.09963990239e-12,
        "var": 2.00458543986e-05
    },
    "spectral_rolloff": {
        "dmean": 400.348510742,
        "dmean2": 683.65246582,
        "dvar": 633785.25,
        "dvar2": 1461427.75,
        "max": 19509.0820312,
        "mean": 1044.3326416,
        "median": 559.86328125,
        "min": 64.599609375,
        "var": 2869918.75
    },
    "spectral_skewness": {
        "dmean": 0.223968371749,
        "dmean2": 0.368008285761,
        "dvar": 0.078522361815,
        "dvar2": 0.184226468205,
        "max": 6.59717082977,
        "mean": 1.33516669273,
        "median": 1.27871251106,
        "min": -0.0592859610915,
        "var": 0.291948914528
    },
    "spectral_spread": {
        "dmean": 360219.8125,
        "dmean2": 553993,
        "dvar": 495946072064,
        "dvar2": 901556207616,
        "max": 41987012,
        "mean": 4209218.5,
        "median": 3985716.5,
        "min": 1522315.75,
        "var": 5.05862160384e+12
    },
    "spectral_strongpeak": {
        "dmean": 0.282626479864,
        "dmean2": 0.486020117998,
        "dvar": 0.279880017042,
        "dvar2": 0.764496088028,
        "max": 7.48851060867,
        "mean": 0.526872396469,
        "median": 0.422936618328,
        "min": 0,
        "var": 0.305300027132
    },
    "zerocrossingrate": {
        "dmean": 0.00904986076057,
        "dmean2": 0.0111901145428,
        "dvar": 0.000183128649951,
        "dvar2": 0.000310646631988,
        "max": 0.66943359375,
        "mean": 0.0475297160447,
        "median": 0.03857421875,
        "min": 0.00244140625,
        "var": 0.00233427761123
    },
    "barkbands": {
        "dmean": [0.00140599918086, 0.0297513455153, 0.00573284365237, 0.00155646586791, 0.00111821852624, 0.000419812102336, 0.000297698570648, 0.000391341367504, 0.000640357553493, 0.000308938528178, 0.000304859102471, 0.000519851804711, 0.000359996862244, 0.000170545536093, 0.000157642905833, 0.000130873086164, 0.000266106333584, 0.000113198795589, 0.000156963549671, 0.000168363170815, 0.000102960671938, 5.2654184401e-05, 2.98070626741e-05, 2.08968049265e-05, 1.4401090084e-05, 1.23458075905e-05, 9.31628983381e-06],
        "dmean2": [0.00247772759758, 0.0505358017981, 0.0093944594264, 0.00251390133053, 0.00187408225611, 0.000672642723657, 0.000483943440486, 0.000674558687024, 0.00106949498877, 0.00052035425324, 0.000492926221341, 0.000848992494866, 0.00058801623527, 0.000290897558443, 0.000264048867393, 0.000215377673157, 0.000447631988209, 0.000185809782124, 0.00025497857132, 0.000278400140814, 0.000169887542143, 8.3396473201e-05, 4.51343148598e-05, 2.99048697343e-05, 2.01337370527e-05, 1.90819864656e-05, 1.4294407265e-05],
        "dvar": [4.91400987812e-06, 0.0022807654459, 9.80622207862e-05, 6.95636072123e-06, 3.12780571221e-06, 5.27924157723e-07, 2.23261281462e-07, 7.79729532496e-07, 3.26314693666e-06, 4.21061599809e-07, 3.46724334577e-07, 1.30081241423e-06, 6.54803955058e-07, 1.16499194291e-07, 1.03004062169e-07, 6.24942515515e-08, 3.48102702219e-07, 4.02568289815e-08, 6.36034229728e-08, 8.67779590408e-08, 3.66160435306e-08, 1.25445742682e-08, 4.59768401129e-09, 2.09606110246e-09, 1.14932319217e-09, 2.34697927759e-09, 1.31465449638e-09],
        "dvar2": [1.47246146298e-05, 0.00645472621545, 0.000239058121224, 1.73209373315e-05, 8.48968193168e-06, 1.34060371693e-06, 5.69249380078e-07, 2.22407516048e-06, 8.91179388418e-06, 1.15793432087e-06, 8.72485827585e-07, 3.20141703014e-06, 1.63578692991e-06, 3.26265364947e-07, 2.81991958673e-07, 1.74314834567e-07, 9.74015165411e-07, 1.01871833635e-07, 1.63477992032e-07, 2.31616667179e-07, 9.1335962793e-08, 2.8649273176e-08, 9.20608034249e-09, 4.07154931992e-09, 2.32534569378e-09, 5.99458438444e-09, 2.95884272639e-09],
        "max": [0.021752173081, 0.468070596457, 0.130568668246, 0.043442606926, 0.0330858081579, 0.0128048323095, 0.0153753031045, 0.0117625929415, 0.0500339120626, 0.0120586371049, 0.0135568752885, 0.0197643768042, 0.0229088049382, 0.00668410398066, 0.00700581492856, 0.0064052073285, 0.0101688960567, 0.00473736971617, 0.00508080841973, 0.00677744857967, 0.0045293038711, 0.00265852315351, 0.00277123693377, 0.0011487766169, 0.000672985159326, 0.00160355551634, 0.000751974468585],
        "mean": [0.00159701926168, 0.0430611781776, 0.0100287161767, 0.00232216645963, 0.00185126368888, 0.000815359409899, 0.00057432759786, 0.000573594588786, 0.00102045002859, 0.000501130940393, 0.000549974560272, 0.000848059426062, 0.000642386265099, 0.000282882392639, 0.000319899263559, 0.000269694632152, 0.000525089795701, 0.000248469092185, 0.000383004895411, 0.000396264891606, 0.00023755399161, 0.000120860764582, 7.65706208767e-05, 5.86966380069e-05, 3.76911339117e-05, 2.26584379561e-05, 1.430719567e-05],
        "median": [0.000608785194345, 0.024076923728, 0.00409091357142, 0.00101701903623, 0.00104899751022, 0.000406515959185, 0.000303785694996, 0.000239582121139, 0.000380384502932, 0.000239507731749, 0.000240440043854, 0.000301917665638, 0.000223682203796, 0.000123080069898, 0.000115400398499, 0.000147734463098, 0.000174636923475, 0.000106538718683, 0.000201156086405, 0.00019645174325, 0.000114391303214, 3.46081687894e-05, 1.2557293303e-05, 1.0425956134e-05, 5.68321502215e-06, 2.05147080123e-06, 8.43476982482e-07],
        "min": [8.66764568093e-25, 9.48108098386e-24, 4.4147101725e-25, 1.46915680051e-24, 1.18081204689e-23, 1.00295183844e-23, 1.70880004286e-23, 1.34049177249e-23, 1.92122939835e-23, 2.15469893637e-23, 1.16613631527e-23, 3.11584722106e-23, 3.94203039789e-23, 3.01713106065e-23, 5.75477564456e-23, 7.37381230941e-23, 6.73748996645e-23, 9.86468353168e-23, 1.17192178959e-22, 2.08664980676e-22, 3.30341423674e-22, 3.328408127e-22, 4.07652543932e-22, 5.62142079112e-22, 8.79241090407e-22, 1.3484474789e-21, 2.01098431345e-21],
        "var": [5.40774544788e-06, 0.00339729012921, 0.00018929822545, 1.10916853373e-05, 5.81032554692e-06, 1.26429449665e-06, 6.77735386034e-07, 1.06390143628e-06, 4.38842835138e-06, 6.18722140189e-07, 7.92941591499e-07, 2.38198822444e-06, 1.59360047292e-06, 2.24482775479e-07, 2.94129591794e-07, 1.63101248063e-07, 9.2507826821e-07, 1.4357347311e-07, 2.68888243227e-07, 2.65893817186e-07, 1.04430021963e-07, 3.82582641123e-08, 2.02451779785e-08, 1.04770006004e-08, 4.54101645175e-09, 3.43518657964e-09, 2.19739249019e-09]
    },
    "erbbands": {
        "dmean": [0.882751464844, 6.81336784363, 8.72958946228, 4.97223091125, 3.921261549, 3.58390879631, 3.93907427788, 2.91541337967, 4.46157550812, 4.89405155182, 9.64955806732, 11.5209388733, 14.8095741272, 8.87008094788, 11.9224977493, 20.0871753693, 14.7251167297, 11.1557674408, 7.91181182861, 6.54945755005, 8.02047634125, 15.6742334366, 4.67386341095, 8.35938835144, 8.57702732086, 7.33345890045, 5.35406303406, 2.90920639038, 1.99556863308, 1.2053861618, 0.841245532036, 0.515244185925, 0.308799058199, 0.193925872445, 0.0932836458087, 0.0485228858888, 0.0244935136288, 0.00888581201434, 0.00159907934722, 0.000112464847916],
        "dmean2": [1.52775716782, 11.4720153809, 14.4226226807, 7.95149040222, 6.50614929199, 6.09173297882, 6.38181352615, 4.73882675171, 7.20789384842, 8.39734458923, 16.1791286469, 19.0577602386, 24.9331760406, 14.5416040421, 19.0688228607, 32.4227142334, 23.3793792725, 18.8054904938, 13.2293252945, 10.90102005, 13.234085083, 26.4449272156, 7.57696866989, 13.7145614624, 14.1256284714, 12.0687522888, 8.78028869629, 4.82401561737, 3.24214792252, 1.86448287964, 1.27440369129, 0.747078359127, 0.444623410702, 0.270867049694, 0.135316520929, 0.0721664652228, 0.0391211360693, 0.0141967684031, 0.00244204234332, 0.000174448563484],
        "dvar": [2.06425285339, 124.296943665, 211.100494385, 74.7331008911, 35.3305549622, 42.9045600891, 57.9725952148, 31.3995018005, 50.9585113525, 92.9869995117, 450.371826172, 973.027526855, 2109.04833984, 266.020935059, 543.498168945, 2008.33728027, 959.883422852, 638.555053711, 243.509979248, 162.025253296, 214.012145996, 1269.72827148, 80.7341384888, 207.057296753, 237.658309937, 171.147521973, 105.063705444, 28.8778400421, 18.2874412537, 6.92599058151, 4.09887981415, 1.33975028992, 0.458957761526, 0.20376612246, 0.0568288862705, 0.0272330660373, 0.0116119915619, 0.0011888043955, 4.14820096921e-05, 1.07739701605e-07],
        "dvar2": [6.12248563766, 345.637145996, 543.205200195, 183.017211914, 90.6798629761, 122.524528503, 148.591964722, 80.5337600708, 126.122428894, 266.477722168, 1235.52124023, 2592.49658203, 5779.95068359, 702.442749023, 1286.36352539, 5028.57275391, 2315.19116211, 1728.81848145, 656.423034668, 432.640319824, 604.86315918, 3569.03515625, 196.550765991, 534.091430664, 637.598022461, 443.294525146, 259.698486328, 73.12109375, 44.0573654175, 14.4914598465, 8.12144374847, 2.73016142845, 0.889983057976, 0.414647310972, 0.122816637158, 0.061897713691, 0.0315443612635, 0.00289419619367, 9.16577482712e-05, 2.40187205236e-07],
        "max": [14.3952713013, 115.645645142, 173.062759399, 130.711181641, 72.9336700439, 115.163024902, 131.881668091, 157.729568481, 277.681365967, 144.050231934, 298.839447021, 752.302124023, 1059.25598145, 334.327636719, 461.227722168, 723.17791748, 928.511352539, 768.975341797, 275.499755859, 329.715606689, 360.136260986, 617.936279297, 289.69152832, 353.522247314, 305.734802246, 478.940734863, 314.898651123, 89.3957901001, 100.685516357, 94.4829101562, 79.9789581299, 33.3692817688, 15.5658941269, 9.05341243744, 6.69270038605, 6.05204153061, 3.78800559044, 0.707726895809, 0.151612579823, 0.00679744547233],
        "mean": [1.15708208084, 9.7989692688, 14.8125152588, 8.92022514343, 6.30573511124, 5.52394008636, 7.40959835052, 5.79271125793, 8.72496891022, 8.25433444977, 15.907998085, 19.7950897217, 21.2068443298, 17.2225017548, 22.8523540497, 33.578742981, 28.2637882233, 19.9967460632, 16.2530555725, 14.6539201736, 18.0739307404, 31.2046318054, 12.6333637238, 19.7286834717, 20.2934741974, 17.6980991364, 12.9725666046, 6.9566078186, 4.4780216217, 2.9617600441, 2.16689729691, 1.37780070305, 0.875617325306, 0.508482038975, 0.226728633046, 0.10581766814, 0.039234790951, 0.0129314791411, 0.00249208835885, 0.000211149890674],
        "median": [0.598826766014, 5.11019563675, 7.86463880539, 4.65968084335, 4.10064029694, 2.90715456009, 2.72982048988, 3.1713912487, 4.93747377396, 3.50305056572, 7.04915857315, 6.71961975098, 8.61403751373, 8.65397930145, 9.98468971252, 12.3048467636, 10.6245183945, 7.71389818192, 6.51657152176, 7.35973072052, 9.52021312714, 10.4885215759, 5.64345407486, 10.0790681839, 9.93157100677, 9.19202709198, 6.79105329514, 2.8721382618, 1.39008152485, 0.670134305954, 0.314001590014, 0.231707438827, 0.153251186013, 0.0747652575374, 0.0338363163173, 0.0122028002515, 0.00330794649199, 0.000736296584364, 0.000191896062461, 9.39279343584e-05],
        "min": [1.05617961271e-22, 1.34935422718e-21, 1.08351814905e-21, 3.24210916735e-21, 9.36045659101e-21, 4.00524956189e-20, 6.53672176616e-20, 1.00306325072e-19, 2.1374662391e-19, 2.30640236958e-19, 2.87458213409e-19, 5.22847320112e-19, 6.06744217138e-19, 1.0711117291e-18, 1.04330015915e-18, 1.38342886541e-18, 1.99409319487e-18, 1.72517853549e-18, 2.71233370716e-18, 3.36485885569e-18, 4.13362790249e-18, 5.30274719589e-18, 4.1745824418e-18, 6.78469544361e-18, 7.3026027377e-18, 8.53316872932e-18, 9.68624361397e-18, 1.26730480493e-17, 1.1989245961e-17, 1.04705655174e-17, 1.20831259975e-17, 1.11742356568e-17, 1.03113497931e-17, 9.10377280511e-18, 6.73340238741e-18, 3.58138847707e-18, 2.5258230906e-18, 1.04803669873e-18, 2.55647535387e-19, 2.99967904919e-20],
        "var": [2.56839084625, 187.614471436, 371.856994629, 134.905212402, 60.4344787598, 62.833114624, 145.753372192, 67.0645599365, 149.588638306, 166.374237061, 685.762390137, 2049.38232422, 1986.94421387, 611.216430664, 1316.08813477, 3600.53051758, 2458.76806641, 1419.30187988, 635.196960449, 524.805725098, 648.103881836, 3325.26367188, 399.02243042, 771.119018555, 790.569335938, 541.600402832, 300.762817383, 91.0374450684, 50.4085540771, 26.5326709747, 17.9508800507, 5.99342775345, 2.31919693947, 0.829045116901, 0.178325429559, 0.0587686747313, 0.0126773435622, 0.00176094297785, 6.88005602569e-05, 1.87297104048e-07]
    },
    "gfcc": {
        "mean": [-54.0826034546, 103.253036499, -111.593154907, 40.8349151611, -37.3370056152, 10.7609434128, -7.80591917038, 7.14953517914, -15.8985643387, -0.0878850370646, -11.2805051804, -3.37911272049, -7.87191104889],
        "cov": [[33437.2851562, 480.698822021, 263.822906494, 1553.546875, 1484.0916748, 1161.5135498, -428.844573975, 1050.74707031, -819.549987793, 968.399230957, 413.574829102, 229.365692139, 226.27507019], [480.698822021, 1766.13061523, -251.989105225, 174.643890381, 272.714050293, -350.574554443, 281.456420898, -169.302764893, 105.864006042, -70.7638473511, 140.265136719, -55.6285820007, 127.994499207], [263.822906494, -251.989105225, 978.521728516, 46.0634994507, 370.464660645, 334.434570312, 30.4586772919, 95.2276763916, -25.2397289276, 122.568847656, -27.5802307129, 14.2279596329, -20.830083847], [1553.546875, 174.643890381, 46.0634994507, 467.973815918, 267.730163574, 83.8476028442, -17.7772579193, 25.1345348358, -13.2501792908, 71.9728164673, 104.796508789, 24.6173362732, 23.5305633545], [1484.0916748, 272.714050293, 370.464660645, 267.730163574, 626.656188965, 148.067016602, 99.8577346802, 66.6115036011, -34.1934204102, 146.13319397, 108.233985901, 28.0805149078, 41.1991157532], [1161.5135498, -350.574554443, 334.434570312, 83.8476028442, 148.067016602, 377.598999023, 8.02189064026, 107.00213623, -10.729057312, 101.272880554, -32.5257606506, 4.40150403976, -9.46076869965], [-428.844573975, 281.456420898, 30.4586772919, -17.7772579193, 99.8577346802, 8.02189064026, 228.03187561, 26.4712352753, 64.2933349609, -4.12949228287, -24.7258644104, -44.9881019592, 40.8446464539], [1050.74707031, -169.302764893, 95.2276763916, 25.1345348358, 66.6115036011, 107.00213623, 26.4712352753, 173.088546753, -6.25494098663, 47.3549041748, -13.6471910477, -11.4177856445, 10.2914762497], [-819.549987793, 105.864006042, -25.2397289276, -13.2501792908, -34.1934204102, -10.729057312, 64.2933349609, -6.25494098663, 103.488334656, -13.6438827515, -9.11348628998, -20.8307228088, 10.3035497665], [968.399230957, -70.7638473511, 122.568847656, 71.9728164673, 146.13319397, 101.272880554, -4.12949228287, 47.3549041748, -13.6438827515, 121.67414093, 39.2838020325, 21.1197814941, 14.2810382843], [413.574829102, 140.265136719, -27.5802307129, 104.796508789, 108.233985901, -32.5257606506, -24.7258644104, -13.6471910477, -9.11348628998, 39.2838020325, 115.698623657, 44.3165473938, 7.36225318909], [229.365692139, -55.6285820007, 14.2279596329, 24.6173362732, 28.0805149078, 4.40150403976, -44.9881019592, -11.4177856445, -20.8307228088, 21.1197814941, 44.3165473938, 70.3014373779, 10.3724374771], [226.27507019, 127.994499207, -20.830083847, 23.5305633545, 41.1991157532, -9.46076869965, 40.8446464539, 10.2914762497, 10.3035497665, 14.2810382843, 7.36225318909, 10.3724374771, 76.2624206543]],
        "icov": [[0.000114043126814, -0.000338735088008, 0.000164662706084, -0.000157606860739, 0.000100437784567, -0.000360975216608, 0.000341375911376, -0.000740663381293, 0.000866274815053, -0.000688185391482, 0.000401187164243, -0.000351079303073, 0.000162674099556], [-0.000338735088008, 0.0026552376803, -0.000504769617692, 0.000207840595976, -0.00091027043527, 0.00203441060148, -0.00231554312631, 0.00350171304308, -0.00293290126137, 0.00305439531803, -0.00332429818809, 0.00322698731907, -0.0024353065528], [0.000164662706084, -0.000504769617692, 0.00225066766143, 0.000361339160008, -0.00134599418379, -0.00175496586598, 0.000953547714744, -0.00101594708394, 0.000815043167677, -0.0010109533323, 0.00189379986841, -0.00123118702322, 0.0010615172796], [-0.000157606860739, 0.000207840595976, 0.000361339160008, 0.00395245291293, -0.00168314715847, -0.000917836092412, 0.00109375501052, 0.000850944023114, -0.00173655408435, 0.00170279794838, -0.00283355033025, 0.00168934778776, -0.000947699067183], [0.000100437784567, -0.00091027043527, -0.00134599418379, -0.00168314715847, 0.00512655032799, -0.000393233640352, -0.002115880372, -0.00107618235052, 0.00332538224757, -0.00340294954367, -0.00192362861708, -0.000560824933928, 0.000291536707664], [-0.000360975216608, 0.00203441060148, -0.00175496586598, -0.000917836092412, -0.000393233640352, 0.00743063446134, -0.00210516015068, 0.00139648793265, -0.00334114860743, -0.000815575360321, 0.00122385821305, 0.000526769028511, -5.19372151757e-05], [0.000341375911376, -0.00231554312631, 0.000953547714744, 0.00109375501052, -0.002115880372, -0.00210516015068, 0.0107394615188, -0.00385138462298, -0.00173820042983, -0.000982782337815, 0.00385859562084, 0.0012982377084, -0.00168403296266], [-0.000740663381293, 0.00350171304308, -0.00101594708394, 0.000850944023114, -0.00107618235052, 0.00139648793265, -0.00385138462298, 0.0134510817006, -0.00499904993922, 0.00335710239597, -0.0039256750606, 0.0056679174304, -0.00356254726648], [0.000866274815053, -0.00293290126137, 0.000815043167677, -0.00173655408435, 0.00332538224757, -0.00334114860743, -0.00173820042983, -0.00499904993922, 0.0201058350503, -0.00575257372111, 0.00101416185498, -0.000830901088193, 0.000881071842741], [-0.000688185391482, 0.00305439531803, -0.0010109533323, 0.00170279794838, -0.00340294954367, -0.000815575360321, -0.000982782337815, 0.00335710239597, -0.00575257372111, 0.0209605637938, -0.00856955256313, 0.00372103601694, -0.00490215141326], [0.000401187164243, -0.00332429818809, 0.00189379986841, -0.00283355033025, -0.00192362861708, 0.00122385821305, 0.00385859562084, -0.0039256750606, 0.00101416185498, -0.00856955256313, 0.024934226647, -0.0146064823493, 0.00648196181282], [-0.000351079303073, 0.00322698731907, -0.00123118702322, 0.00168934778776, -0.000560824933928, 0.000526769028511, 0.0012982377084, 0.0056679174304, -0.000830901088193, 0.00372103601694, -0.0146064823493, 0.0287551339716, -0.0094091501087], [0.000162674099556, -0.0024353065528, 0.0010615172796, -0.000947699067183, 0.000291536707664, -5.19372151757e-05, -0.00168403296266, -0.00356254726648, 0.000881071842741, -0.00490215141326, 0.00648196181282, -0.0094091501087, 0.0199712645262]]
    },
    "melbands": {
        "dmean": [0.00813026726246, 0.0059898449108, 0.000798502238467, 0.000278452294879, 0.000130030544824, 6.93134570611e-05, 6.3133709773e-05, 6.15425597061e-05, 8.15599778434e-05, 8.11905993032e-05, 7.45513971196e-05, 3.6889770854e-05, 4.00455501222e-05, 4.88960140501e-05, 5.9045614762e-05, 3.25937289745e-05, 2.01039074454e-05, 1.31203996716e-05, 1.16769833767e-05, 8.8677434178e-06, 1.02820422399e-05, 2.14380634134e-05, 4.88145497002e-06, 5.53376685275e-06, 7.56009785619e-06, 6.68462143949e-06, 7.33228171157e-06, 5.20886260347e-06, 3.58806778422e-06, 2.98024679068e-06, 1.57986858085e-06, 1.34784863803e-06, 8.42876090701e-07, 6.67569963753e-07, 5.65505047234e-07, 4.10263112371e-07, 3.14740049134e-07, 2.36081419303e-07, 2.14778708596e-07, 1.71815798922e-07],
        "dmean2": [0.0139119168743, 0.00990206841379, 0.0012743412517, 0.000465535005787, 0.000212903862121, 0.000112184439786, 0.000102584563137, 0.000106166196929, 0.000135291440529, 0.000135140668135, 0.000125608290546, 6.07619440416e-05, 6.42626037006e-05, 8.00454654382e-05, 9.44147614064e-05, 5.34593418706e-05, 3.4198666981e-05, 2.19346238737e-05, 1.9631228497e-05, 1.46841093738e-05, 1.70081075339e-05, 3.62763712474e-05, 8.18219450593e-06, 8.89487637323e-06, 1.23905892906e-05, 1.11079525595e-05, 1.23371473819e-05, 8.64479989104e-06, 5.91698290009e-06, 4.97638166053e-06, 2.65577841674e-06, 2.22364815272e-06, 1.33948492476e-06, 1.05468882339e-06, 8.73663793755e-07, 6.38521328256e-07, 4.74539547213e-07, 3.49373465269e-07, 3.31488877237e-07, 2.42931662342e-07],
        "dvar": [0.000169260980329, 9.56603107625e-05, 1.8076507331e-06, 2.01606766836e-07, 6.110143147e-08, 1.5309883139e-08, 9.89453585731e-09, 1.59822750589e-08, 2.92460935469e-08, 5.38166062825e-08, 5.17634326513e-08, 4.34015712258e-09, 6.43614850304e-09, 1.4887143962e-08, 1.58165871511e-08, 7.85297604722e-09, 1.99004035473e-09, 5.98884886127e-10, 5.25383014871e-10, 3.10930003966e-10, 3.19931525716e-10, 2.64419264262e-09, 7.25876164731e-11, 1.1787937293e-10, 1.73491568334e-10, 1.36041136689e-10, 2.1049426091e-10, 9.81416406476e-11, 4.05184566454e-11, 3.427233497e-11, 8.9132035086e-12, 8.53746327106e-12, 3.7812127561e-12, 2.0877121646e-12, 1.85953010802e-12, 8.69721504017e-13, 5.00987760391e-13, 2.37831835389e-13, 3.76207826827e-13, 1.57872982265e-13],
        "dvar2": [0.000488294870593, 0.000257148843957, 4.39990753875e-06, 5.4083352552e-07, 1.59583521508e-07, 3.9043033695e-08, 2.48942626513e-08, 4.59890756588e-08, 7.91028966773e-08, 1.45199180679e-07, 1.41827513289e-07, 1.16280363116e-08, 1.56067798684e-08, 3.70753525658e-08, 3.95658510399e-08, 1.89587119337e-08, 5.53806867032e-09, 1.59065516314e-09, 1.45376388705e-09, 8.5012741291e-10, 8.73487449038e-10, 7.4326287347e-09, 1.91544807793e-10, 2.87041140856e-10, 4.50588344414e-10, 3.6668454384e-10, 5.81600045901e-10, 2.58341903425e-10, 1.01313804568e-10, 8.95788304645e-11, 2.29500463772e-11, 2.09288576053e-11, 8.45380883352e-12, 4.7337802081e-12, 3.87269469965e-12, 1.93848648071e-12, 1.08596313365e-12, 4.62256697763e-13, 9.3097762572e-13, 3.26211876522e-13],
        "max": [0.126703649759, 0.112385384738, 0.0192141607404, 0.00786557421088, 0.00419918447733, 0.00306125823408, 0.00360145838931, 0.00178022321779, 0.00261213933118, 0.00607037637383, 0.00525791756809, 0.00124555756338, 0.00172146572731, 0.00187735189684, 0.00334712397307, 0.00316257122904, 0.00125853368081, 0.000420133263106, 0.000524297589436, 0.000421222910518, 0.000345617823768, 0.00088500417769, 0.000199627858819, 0.000301542168017, 0.000329154892825, 0.000293205550406, 0.00029082846595, 0.000377169926651, 0.00018889279454, 0.000124684753246, 5.11086109327e-05, 8.81403393578e-05, 5.79335755901e-05, 5.28960044903e-05, 5.19359928148e-05, 2.74351732514e-05, 1.87872337847e-05, 1.35780946948e-05, 1.68226888491e-05, 7.54612756282e-06],
        "mean": [0.0115070557222, 0.00986499618739, 0.00149295583833, 0.000433299777796, 0.000245908973739, 0.000142093937029, 0.000124874481116, 9.55841387622e-05, 0.000138791641803, 0.000130072585307, 0.000105526516563, 6.81311867083e-05, 7.49519094825e-05, 7.88589095464e-05, 9.68149324763e-05, 5.58627871214e-05, 3.33733332809e-05, 2.45609153353e-05, 2.31267913477e-05, 1.78415757546e-05, 2.08989567909e-05, 3.95875722461e-05, 1.09333586806e-05, 1.24393800434e-05, 1.62903961609e-05, 1.48001772686e-05, 1.41530335895e-05, 1.13109954327e-05, 8.43145517138e-06, 5.99674876867e-06, 3.46767683368e-06, 2.7204878279e-06, 1.89092884284e-06, 1.5099110442e-06, 1.33066373564e-06, 9.47286309838e-07, 7.92886680756e-07, 6.26230416856e-07, 5.24342510744e-07, 4.0129845047e-07],
        "median": [0.00637036282569, 0.00583022413775, 0.000884128909092, 0.000256029190496, 9.31527029024e-05, 8.18734552013e-05, 7.15516725904e-05, 3.73686816602e-05, 6.0091719206e-05, 4.17915616708e-05, 4.34884059359e-05, 3.59611622116e-05, 3.13007949444e-05, 2.88258124783e-05, 3.03986544168e-05, 1.75560999196e-05, 1.26673949126e-05, 9.73129772319e-06, 9.50394587562e-06, 8.91602485353e-06, 1.05263625301e-05, 1.15597895274e-05, 5.3243752518e-06, 4.69813085147e-06, 8.09946686786e-06, 7.45716488382e-06, 5.90273111811e-06, 5.58287410968e-06, 4.55651434095e-06, 2.62123216999e-06, 1.18944399219e-06, 8.36791343772e-07, 4.71491091503e-07, 3.09115307573e-07, 1.76420044795e-07, 1.54995120738e-07, 1.28617770656e-07, 1.1120008736e-07, 7.38409582368e-08, 5.63199904491e-08],
        "min": [2.23120964838e-24, 1.64646689681e-24, 5.81807153617e-25, 2.02956200986e-24, 2.22662183057e-24, 1.76599490396e-24, 3.77423045367e-24, 2.84392994359e-24, 2.19438088816e-24, 3.01736022474e-24, 2.52515716825e-24, 4.0121911346e-24, 2.57721843812e-24, 3.73959669892e-24, 2.10623988149e-24, 3.82167728168e-24, 2.90468229127e-24, 4.22363386176e-24, 3.71351025208e-24, 3.70856685522e-24, 4.54747980158e-24, 3.44530977165e-24, 3.42970215864e-24, 4.58592927653e-24, 5.25512668775e-24, 3.59957507154e-24, 4.14486807252e-24, 4.08874259127e-24, 4.48484227355e-24, 6.02542451258e-24, 6.92273170416e-24, 6.12554397766e-24, 6.22619592384e-24, 5.46293079398e-24, 5.91193385516e-24, 7.07987831851e-24, 5.45290792175e-24, 6.1390240328e-24, 6.58605928045e-24, 6.82785303651e-24],
        "var": [0.000242605587118, 0.000157106580446, 3.38529480359e-06, 3.32003111225e-07, 1.53451409801e-07, 3.53808893294e-08, 2.90951778226e-08, 2.49334313196e-08, 5.03647719086e-08, 8.70302372391e-08, 4.90541474107e-08, 9.40211553058e-09, 1.53832253602e-08, 2.3277795691e-08, 3.70252841719e-08, 1.76170829036e-08, 3.91346377526e-09, 1.43730571889e-09, 1.47741741063e-09, 8.36322566755e-10, 8.62882820751e-10, 6.34391827958e-09, 2.67756650185e-10, 4.33192093308e-10, 5.60643920178e-10, 4.46875231264e-10, 4.45918163505e-10, 2.58046417567e-10, 1.19045301394e-10, 7.70755889667e-11, 2.55297658014e-11, 1.96308802547e-11, 1.14820939215e-11, 7.09792207648e-12, 7.36649369976e-12, 3.12162253512e-12, 2.01865303986e-12, 1.15602026649e-12, 1.047338106e-12, 5.59917075812e-13]
    },
    "mfcc": {
        "mean": [-691.213623047, 128.471817017, -4.99896383286, 37.1291313171, 0.772820353508, 13.2295742035, 15.8405342102, 10.3635616302, 9.10496330261, 6.87412929535, 0.665917098522, 4.50572443008, 2.08531761169],
        "cov": [[24262.625, 1328.37597656, -687.704284668, 1442.07617188, 900.406921387, 942.299743652, 775.83203125, 191.551483154, -153.537185669, 105.25504303, 183.055053711, 627.407470703, 547.90435791], [1328.37597656, 1767.66992188, -261.834411621, 502.158935547, -4.88637876511, 114.164710999, 165.086898804, 19.1958961487, 77.0835647583, -10.1512651443, -16.3353767395, 98.5161590576, 86.7855377197], [-687.704284668, -261.834411621, 570.566955566, -184.802032471, 128.531677246, 87.820098877, 17.1524963379, 36.6138801575, 53.1212463379, 60.2381668091, 25.7997665405, -32.9297218323, -22.9890403748], [1442.07617188, 502.158935547, -184.802032471, 538.242675781, 178.984512329, 130.686920166, 138.649810791, 13.3773384094, -24.9861602783, -5.14190769196, 18.3246021271, 82.2798538208, 111.323417664], [900.406921387, -4.88637876511, 128.531677246, 178.984512329, 363.487121582, 203.654434204, 140.257675171, 22.160282135, -28.1982803345, 37.2548217773, 44.6447677612, 75.5302047729, 89.7752304077], [942.299743652, 114.164710999, 87.820098877, 130.686920166, 203.654434204, 306.109924316, 142.361160278, 35.0066833496, 58.2997436523, 43.7965965271, 43.0188560486, 64.901184082, 55.5593261719], [775.83203125, 165.086898804, 17.1524963379, 138.649810791, 140.257675171, 142.361160278, 174.036956787, 50.8030014038, 42.1972541809, 49.7728500366, 31.6473770142, 42.9005317688, 53.5673980713], [191.551483154, 19.1958961487, 36.6138801575, 13.3773384094, 22.160282135, 35.0066833496, 50.8030014038, 96.3004455566, 61.2872009277, 36.4554100037, 16.681728363, -2.56886529922, 2.26650381088], [-153.537185669, 77.0835647583, 53.1212463379, -24.9861602783, -28.1982803345, 58.2997436523, 42.1972541809, 61.2872009277, 163.223892212, 82.3643035889, 9.48591136932, -15.7431135178, -31.5950431824], [105.25504303, -10.1512651443, 60.2381668091, -5.14190769196, 37.2548217773, 43.7965965271, 49.7728500366, 36.4554100037, 82.3643035889, 121.711837769, 38.248500824, -14.7044296265, -24.2698535919], [183.055053711, -16.3353767395, 25.7997665405, 18.3246021271, 44.6447677612, 43.0188560486, 31.6473770142, 16.681728363, 9.48591136932, 38.248500824, 61.5208587646, 22.460723877, 5.55639076233], [627.407470703, 98.5161590576, -32.9297218323, 82.2798538208, 75.5302047729, 64.901184082, 42.9005317688, -2.56886529922, -15.7431135178, -14.7044296265, 22.460723877, 93.9590530396, 60.6421508789], [547.90435791, 86.7855377197, -22.9890403748, 111.323417664, 89.7752304077, 55.5593261719, 53.5673980713, 2.26650381088, -31.5950431824, -24.2698535919, 5.55639076233, 60.6421508789, 104.975074768]],
