{
"lowlevel": {
    "average_loudness": 0.1309491992,
    "barkbands_crest": {
        "dmean": 1.26467418671,
        "dmean2": 1.90167415142,
        "dvar": 2.49366736412,
        "dvar2": 5.6215839386,
        "max": 25.9757347107,
        "mean": 13.1725111008,
        "median": 12.7666378021,
        "min": 3.65704035759,
        "var": 17.9837932587
    },
    "barkbands_flatness_db": {
        "dmean": 0.0122372945771,
        "dmean2": 0.0189848355949,
        "dvar": 0.000206677475944,
        "dvar2": 0.00045087072067,
        "max": 0.483602553606,
        "mean": 0.313187628984,
        "median": 0.309522509575,
        "min": 0.0422300808132,
        "var": 0.00346965529025
    },
    "barkbands_kurtosis": {
        "dmean": 1.89716160297,
        "dmean2": 2.8250977993,
        "dvar": 6.96144342422,
        "dvar2": 15.4667854309,
        "max": 111.784301758,
        "mean": 11.3263511658,
        "median": 6.34091997147,
        "min": -1.83948147297,
        "var": 219.288711548
    },
    "barkbands_skewness": {
        "dmean": 0.246935427189,
        "dmean2": 0.364739000797,
        "dvar": 0.0741192102432,
        "dvar2": 0.163625374436,
        "max": 8.72227668762,
        "mean": 2.27848339081,
        "median": 2.02024364471,
        "min": -2.29323029518,
        "var": 1.74509143829
    },
    "barkbands_spread": {
        "dmean": 1.02322804928,
        "dmean2": 1.52711951733,
        "dvar": 4.20969343185,
        "dvar2": 8.81925010681,
        "max": 115.370536804,
        "mean": 6.38290166855,
        "median": 5.24775218964,
        "min": 0.4364759624,
        "var": 47.2473640442
    },
    "dissonance": {
        "dmean": 0.0217099897563,
        "dmean2": 0.0365206226707,
        "dvar": 0.000519741850439,
        "dvar2": 0.00136772368569,
        "max": 0.5,
        "mean": 0.401050835848,
        "median": 0.404107600451,
        "min": 0.191669121385,
        "var": 0.00253728078678
    },
    "dynamic_complexity": 8.54048061371,
    "erbbands_crest": {
        "dmean": 1.32378554344,
        "dmean2": 1.96233224869,
        "dvar": 2.80445384979,
        "dvar2": 5.9076628685,
        "max": 31.3069705963,
        "mean": 14.1884889603,
        "median": 13.7616863251,
        "min": 2.6280310154,
        "var": 27.1660556793
    },
    "erbbands_flatness_db": {
        "dmean": 0.00895003415644,
        "dmean2": 0.0134679311886,
        "dvar": 0.000117874464195,
        "dvar2": 0.00024190764816,
        "max": 0.487323790789,
        "mean": 0.333776444197,
        "median": 0.340625345707,
        "min": 0.0402516238391,
        "var": 0.00465527828783
    },
    "erbbands_kurtosis": {
        "dmean": 0.978288471699,
        "dmean2": 1.44236683846,
        "dvar": 2.33192610741,
        "dvar2": 4.75677776337,
        "max": 63.1966629028,
        "mean": 3.38791513443,
        "median": 0.983234405518,
        "min": -1.63011455536,
        "var": 44.1230735779
    },
    "erbbands_skewness": {
        "dmean": 0.219912663102,
        "dmean2": 0.325837612152,
        "dvar": 0.0641388967633,
        "dvar2": 0.136608630419,
        "max": 6.43001556396,
        "mean": 1.37796998024,
        "median": 1.20930624008,
        "min": -2.0353102684,
        "var": 1.23683011532
    },
    "erbbands_spread": {
        "dmean": 2.0182185173,
        "dmean2": 3.0070950985,
        "dvar": 7.33764028549,
        "dvar2": 15.687874794,
        "max": 145.45690918,
        "mean": 18.1829662323,
        "median": 16.0133533478,
        "min": 1.36650598049,
        "var": 230.73991394
    },
    "hfc": {
        "dmean": 1.61749613285,
        "dmean2": 2.20623588562,
        "dvar": 11.9104585648,
        "dvar2": 23.2097873688,
        "max": 89.5607528687,
        "mean": 8.73021411896,
        "median": 4.89016723633,
        "min": 1.13036943858e-16,
        "var": 98.6734542847
    },
    "melbands_crest": {
        "dmean": 1.43206238747,
        "dmean2": 2.13331866264,
        "dvar": 3.13115167618,
        "dvar2": 7.02811288834,
        "max": 32.3083496094,
        "mean": 15.4532146454,
        "median": 15.0492343903,
        "min": 1.57539653778,
        "var": 21.5115356445
    },
    "melbands_flatness_db": {
        "dmean": 0.0141444820911,
        "dmean2": 0.0210759826005,
        "dvar": 0.00036723606172,
        "dvar2": 0.00075671763625,
        "max": 0.594888448715,
        "mean": 0.398534923792,
        "median": 0.395695328712,
        "min": 0.00302795646712,
        "var": 0.00604048604146
    },
    "melbands_kurtosis": {
        "dmean": 2.66063523293,
        "dmean2": 3.9961836338,
        "dvar": 22.1170082092,
        "dvar2": 50.4238967896,
        "max": 339.296966553,
        "mean": 19.8992767334,
        "median": 8.62981414795,
        "min": -1.51757776737,
        "var": 1857.05786133
    },
    "melbands_skewness": {
        "dmean": 0.287725120783,
        "dmean2": 0.427662163973,
        "dvar": 0.10680949688,
        "dvar2": 0.23019425571,
        "max": 14.5800409317,
        "mean": 2.47991418839,
        "median": 2.0847401619,
        "min": -1.93435370922,
        "var": 3.616492033
    },
    "melbands_spread": {
        "dmean": 1.28042185307,
        "dmean2": 1.91837716103,
        "dvar": 8.1764421463,
        "dvar2": 17.6994457245,
        "max": 183.571960449,
        "mean": 8.2683506012,
        "median": 6.55549621582,
        "min": 0.51979970932,
        "var": 143.521347046
    },
    "pitch_salience": {
        "dmean": 0.0370944291353,
        "dmean2": 0.0579219013453,
        "dvar": 0.00191520655062,
        "dvar2": 0.00460122991353,
        "max": 0.948213636875,
        "mean": 0.488052010536,
        "median": 0.50239533186,
        "min": 0.0749742090702,
        "var": 0.0176821500063
    },
    "silence_rate_20dB": {
        "dmean": 0,
        "dmean2": 0,
        "dvar": 0,
        "dvar2": 0,
        "max": 1,
        "mean": 1,
        "median": 1,
        "min": 1,
        "var": 0
    },
    "silence_rate_30dB": {
        "dmean": 0.000744102988392,
        "dmean2": 0.00148831668776,
        "dvar": 0.00074374966789,
        "dvar2": 0.00193236907944,
        "max": 1,
        "mean": 0.999330341816,
        "median": 1,
        "min": 0,
        "var": 0.000668958178721
    },
    "silence_rate_60dB": {
        "dmean": 0.0247042197734,
        "dmean2": 0.0494121164083,
        "dvar": 0.0240939836949,
        "dvar2": 0.0511378869414,
        "max": 1,
        "mean": 0.25937500596,
        "median": 0,
        "min": 0,
        "var": 0.192100048065
    },
    "spectral_centroid": {
        "dmean": 44.8523216248,
        "dmean2": 67.0269165039,
        "dvar": 13237.0458984,
        "dvar2": 19840.8398438,
        "max": 10836.0263672,
        "mean": 570.237182617,
        "median": 521.920776367,
        "min": 210.075973511,
        "var": 112899.125
    },
    "spectral_complexity": {
        "dmean": 1.18476080894,
        "dmean2": 1.8996874094,
        "dvar": 2.6644089222,
        "dvar2": 5.34814214706,
        "max": 37,
        "mean": 9.98675632477,
        "median": 9,
        "min": 0,
        "var": 44.4666633606
    },
    "spectral_decrease": {
        "dmean": 6.98866575721e-10,
        "dmean2": 9.89247017635e-10,
        "dvar": 1.91871491399e-18,
        "dvar2": 4.01854433182e-18,
        "max": 7.01966677442e-23,
        "mean": -4.26798507647e-09,
        "median": -2.63906274611e-09,
        "min": -3.07967482627e-08,
        "var": 2.17620151486e-17
    },
    "spectral_energy": {
        "dmean": 0.00277414894663,
        "dmean2": 0.00391973974183,
        "dvar": 3.04004115605e-05,
        "dvar2": 6.33580857539e-05,
        "max": 0.120624437928,
        "mean": 0.016900151968,
        "median": 0.0103849116713,
        "min": 1.03822718323e-20,
        "var": 0.000341311038937
    },
    "spectral_energyband_high": {
        "dmean": 7.34792774892e-06,
        "dmean2": 1.01653167803e-05,
        "dvar": 9.91552284724e-10,
        "dvar2": 2.07464290192e-09,
        "max": 0.00146469264291,
        "mean": 1.31280157802e-05,
        "median": 5.00841451867e-07,
        "min": 7.64201067885e-21,
        "var": 1.80435610897e-09
    },
    "spectral_energyband_low": {
        "dmean": 0.000291312637273,
        "dmean2": 0.000413176603615,
        "dvar": 5.12573478773e-07,
        "dvar2": 9.81600919658e-07,
        "max": 0.0268722996116,
        "mean": 0.00100674608257,
        "median": 0.00012571978732,
        "min": 6.08897246498e-23,
        "var": 4.02125351684e-06
    },
    "spectral_energyband_middle_high": {
        "dmean": 0.00046769817709,
        "dmean2": 0.000617425015662,
        "dvar": 1.77500066911e-06,
        "dvar2": 3.18470711136e-06,
        "max": 0.0697743669152,
        "mean": 0.00172273768112,
        "median": 0.000671833346132,
        "min": 1.60174195605e-21,
        "var": 7.7753320511e-06
    },
    "spectral_energyband_middle_low": {
        "dmean": 0.0024427161552,
        "dmean2": 0.00354138039984,
        "dvar": 2.43631002377e-05,
        "dvar2": 5.35537074029e-05,
        "max": 0.11679238826,
        "mean": 0.0145098641515,
        "median": 0.00878751650453,
        "min": 2.65835850935e-22,
        "var": 0.000260484113824
    },
    "spectral_entropy": {
        "dmean": 0.118376091123,
        "dmean2": 0.187873914838,
        "dvar": 0.0320319980383,
        "dvar2": 0.0774841830134,
        "max": 9.80566883087,
        "mean": 6.03347969055,
        "median": 6.02716732025,
        "min": 4.24009084702,
        "var": 0.366110444069
    },
    "spectral_flux": {
        "dmean": 0.0112184388563,
        "dmean2": 0.018180295825,
        "dvar": 0.000422040349804,
        "dvar2": 0.00104187335819,
        "max": 0.206512108445,
        "mean": 0.0248106867075,
        "median": 0.0161940585822,
        "min": 1.01893431192e-10,
        "var": 0.000739619776141
    },
    "spectral_kurtosis": {
        "dmean": 16.554731369,
        "dmean2": 28.5786991119,
        "dvar": 317.465087891,
        "dvar2": 858.163269043,
        "max": 207.652481079,
        "mean": 44.3596343994,
        "median": 31.0703411102,
        "min": -1.23557758331,
        "var": 1545.06469727
    },
    "spectral_rms": {
        "dmean": 0.000281850137981,
        "dmean2": 0.00038887039409,
        "dvar": 2.33741616285e-07,
        "dvar2": 4.61789966266e-07,
        "max": 0.0108481505886,
        "mean": 0.00339235784486,
        "median": 0.00318302074447,
        "min": 3.18261627989e-12,
        "var": 4.97988503412e-06
    },
    "spectral_rolloff": {
        "dmean": 71.3917999268,
        "dmean2": 121.081123352,
        "dvar": 66007.890625,
        "dvar2": 117818.890625,
        "max": 19530.6152344,
        "mean": 718.139831543,
        "median": 538.330078125,
        "min": 150.732421875,
        "var": 1947543.5
    },
    "spectral_skewness": {
        "dmean": 1.05419206619,
        "dmean2": 1.80403959751,
        "dvar": 1.01906609535,
        "dvar2": 2.74430084229,
        "max": 11.6348781586,
        "mean": 4.06658172607,
        "median": 3.45966482162,
        "min": 0.0115374121815,
        "var": 5.0802116394
    },
    "spectral_spread": {
        "dmean": 222447.625,
        "dmean2": 372397.125,
        "dvar": 154418774016,
        "dvar2": 211148062720,
        "max": 41909472,
        "mean": 1899349.5,
        "median": 1392116.25,
        "min": 421986.71875,
        "var": 4.18005044429e+12
    },
    "spectral_strongpeak": {
        "dmean": 0.215234473348,
        "dmean2": 0.331497997046,
        "dvar": 0.18551774323,
        "dvar2": 0.417432188988,
        "max": 11.1022415161,
        "mean": 1.26952576637,
        "median": 1.08817434311,
        "min": 0,
        "var": 1.09346032143
    },
    "zerocrossingrate": {
        "dmean": 0.00253078574315,
        "dmean2": 0.00326514011249,
        "dvar": 2.32155962294e-05,
        "dvar2": 2.74651683867e-05,
        "max": 0.50634765625,
        "mean": 0.0302230101079,
        "median": 0.02587890625,
        "min": 0.00830078125,
        "var": 0.00131305574905
    },
    "barkbands": {
        "dmean": [5.86548139836e-07, 6.13118318142e-05, 0.000188504578546, 0.000225519761443, 0.000471853592899, 0.000909489870537, 0.00113440793939, 0.000478225469124, 0.000178753107321, 7.04105623299e-05, 7.34358472982e-05, 8.78576538526e-05, 9.18721780181e-05, 0.000118725314678, 7.53996428102e-05, 4.56836787635e-05, 5.78809704166e-05, 3.48178509739e-05, 1.44757423186e-05, 1.29437594296e-05, 3.50107666236e-06, 1.39900828344e-06, 2.96167968372e-07, 3.37683765395e-08, 2.68855138152e-09, 6.43231745645e-10, 6.58209098336e-10],
        "dmean2": [8.325873182e-07, 9.23555708141e-05, 0.000274327816442, 0.000338838726748, 0.000692158413585, 0.00129112286959, 0.00176735466812, 0.000659403507598, 0.000240040491917, 9.9593125924e-05, 0.000103026082797, 0.000105680934212, 0.000137447350426, 0.00016288603365, 0.000109006869025, 6.65185507387e-05, 8.74914403539e-05, 5.0567665312e-05, 2.16228927457e-05, 1.72684667632e-05, 4.78529818793e-06, 2.04362663681e-06, 4.00200661943e-07, 5.14502254134e-08, 4.26594803926e-09, 1.12302200872e-09, 1.16430609598e-09],
        "dvar": [2.58002603656e-12, 4.1253940708e-08, 2.52916066756e-07, 3.78025134751e-07, 1.43073032177e-06, 7.68378322391e-06, 1.17615563795e-05, 2.85161468128e-06, 4.40034057192e-07, 1.33504258315e-07, 3.74361007971e-07, 3.56168641247e-07, 4.94804375251e-08, 1.38418627671e-07, 3.3622438167e-08, 2.19441229632e-08, 3.94530523806e-08, 9.32802368681e-09, 1.88148940872e-09, 2.12433026725e-09, 3.64760666116e-10, 5.34891887727e-11, 3.32235940148e-11, 1.13420259512e-13, 4.89827083178e-16, 1.76136241401e-18, 1.20141190753e-18],
        "dvar2": [5.23317370341e-12, 8.96593590483e-08, 5.2860463029e-07, 7.86410964793e-07, 3.34459991791e-06, 1.50939058585e-05, 2.90212010441e-05, 5.67852293898e-06, 7.10279095983e-07, 1.93370297552e-07, 7.36186791528e-07, 4.71386783829e-07, 1.06990192705e-07, 2.6395125019e-07, 7.11934760034e-08, 4.33886810924e-08, 8.15395537757e-08, 1.89882349844e-08, 3.96157995297e-09, 4.2014658419e-09, 7.89158238756e-10, 1.23253462991e-10, 5.3769974584e-11, 2.84198906813e-13, 1.20007204451e-15, 4.79480081073e-18, 3.61925515115e-18],
        "max": [4.81272436446e-05, 0.00584778282791, 0.014339344576, 0.0225260015577, 0.0498464591801, 0.102054513991, 0.062621049583, 0.0489916093647, 0.0223961416632, 0.0263418741524, 0.0341235026717, 0.0587744228542, 0.00666963402182, 0.0164557453245, 0.00338246393949, 0.00694994302467, 0.00446052849293, 0.00189972494263, 0.00141186860856, 0.00160164316185, 0.000575491867494, 0.000290850322926, 0.00058069039369, 1.33930598167e-05, 1.93945220417e-06, 8.81170763023e-08, 2.12356852103e-08],
        "mean": [1.01992498003e-06, 0.000156769689056, 0.000527842261363, 0.000718266121112, 0.00182398583274, 0.005370631814, 0.00384838995524, 0.00206340104342, 0.000613349664491, 0.000197751753149, 0.000200004709768, 0.000275063473964, 0.000245606643148, 0.000269975105766, 0.000198505847948, 0.000111924418889, 0.000129399020807, 8.09092598502e-05, 3.43176834576e-05, 2.45567807724e-05, 5.96414747633e-06, 2.06171011996e-06, 4.17533016162e-07, 4.28456594648e-08, 4.01936528505e-09, 1.64076596754e-09, 1.14858988987e-09],
        "median": [1.01169675304e-07, 1.75697532541e-05, 3.56991695298e-05, 0.000120962686196, 0.000868260860443, 0.00158159749117, 0.000907162611838, 0.000191528641153, 0.000107299172669, 8.08227487141e-05, 4.34458961536e-05, 5.33433631063e-05, 8.4419225459e-05, 4.83282892674e-05, 2.83538138319e-05, 2.03419658646e-05, 1.47200880747e-05, 8.17370710138e-06, 3.79763241654e-06, 6.77725097376e-07, 1.45931466022e-07, 3.50888953449e-08, 4.04493460948e-09, 1.57565771541e-09, 1.0581532317e-09, 1.1027384561e-09, 8.0360818e-10],
        "min": [7.39705720039e-24, 9.49609458461e-24, 2.82314038218e-23, 1.82530044129e-23, 2.77165868842e-23, 4.07426778252e-23, 3.99279170387e-23, 6.33113256804e-23, 5.74604516315e-23, 7.47042820655e-23, 1.14110307662e-22, 8.45102838122e-23, 8.13972935298e-23, 1.01810110749e-22, 1.46119140374e-22, 1.8868045813e-22, 2.27601668747e-22, 2.30199229936e-22, 2.36448800597e-22, 2.50305868149e-22, 4.64099669021e-22, 4.27851497804e-22, 6.37158838449e-22, 1.08630897485e-21, 1.06951040275e-21, 1.7944538342e-21, 2.20873399618e-21],
        "var": [6.45493077392e-12, 1.41838810919e-07, 1.43080205817e-06, 2.53860775956e-06, 1.09871170935e-05, 8.39757121867e-05, 4.52111380582e-05, 2.16599601117e-05, 2.45718160841e-06, 4.05822277116e-07, 8.81380117335e-07, 1.37312645165e-06, 1.81076842409e-07, 4.17005907138e-07, 1.25890750269e-07, 7.45463921703e-08, 1.08917170394e-07, 2.77060223652e-08, 6.13970208008e-09, 4.96066832056e-09, 6.03822880585e-10, 7.82168080304e-11, 5.76786361728e-11, 1.25696125058e-13, 5.84043140236e-16, 2.94086489205e-18, 1.07872861497e-18]
    },
    "erbbands": {
        "dmean": [0.000686366751324, 0.0184999648482, 0.164976239204, 0.483344167471, 1.20255708694, 1.74797320366, 2.8671400547, 9.21544933319, 13.919383049, 14.0182943344, 10.1749429703, 4.21031475067, 2.2330198288, 3.30129981041, 2.25038504601, 4.04987430573, 3.8877594471, 7.07537126541, 3.46288943291, 2.88436746597, 3.05348157883, 2.26518154144, 2.14882397652, 0.952637791634, 0.725174188614, 0.505923390388, 0.161901161075, 0.145407065749, 0.0582506433129, 0.0163319297135, 0.00680176913738, 0.00165302318055, 0.000244362890953, 6.28717607469e-05, 1.20943477668e-05, 3.72350768885e-06, 1.68815290635e-06, 5.3888840057e-07, 1.36952542107e-06, 3.15722513733e-06],
        "dmean2": [0.0010951270815, 0.0273834355175, 0.23765398562, 0.701450228691, 1.91796553135, 2.44770073891, 4.30238485336, 13.0131845474, 21.6116313934, 20.4128093719, 14.0436964035, 5.65530920029, 3.10336208344, 4.48147058487, 3.05976438522, 4.79202413559, 5.84060907364, 9.69537258148, 5.060110569, 4.0425286293, 4.53766822815, 3.38194441795, 3.10741353035, 1.44374477863, 0.991978108883, 0.679496228695, 0.224355459213, 0.202641308308, 0.0836242958903, 0.0216403063387, 0.009535882622, 0.00250315899029, 0.000364540261216, 9.483298345e-05, 1.91987455764e-05, 5.98140832153e-06, 2.65964581558e-06, 8.72986220202e-07, 1.9193623757e-06, 4.44690613222e-06],
        "dvar": [5.1641400205e-06, 0.00328947021626, 0.196832701564, 1.6190251112, 10.5946626663, 27.7802276611, 49.2373695374, 979.058959961, 1571.54577637, 1721.3302002, 1067.24414062, 181.214401245, 74.8524780273, 402.639831543, 575.43560791, 873.398376465, 96.1213150024, 450.936462402, 88.2140960693, 53.894077301, 65.568901062, 55.0906562805, 35.9710235596, 8.27578926086, 5.73199081421, 3.07968711853, 0.600626289845, 0.70608663559, 0.093422062695, 0.0187845900655, 0.0249973610044, 0.000191590326722, 3.52491406375e-06, 1.81722441539e-07, 3.9750163161e-09, 1.11194178865e-10, 9.6359231358e-12, 8.39294725299e-13, 7.48570389703e-12, 3.96810570513e-11],
        "dvar2": [1.29686595756e-05, 0.0068700267002, 0.385627299547, 2.94767546654, 31.7454814911, 65.5919799805, 109.015266418, 1840.64624023, 4058.85668945, 3464.62182617, 2135.98950195, 290.670928955, 115.226776123, 624.548828125, 1254.22888184, 1148.92358398, 205.458358765, 869.676940918, 189.650817871, 109.11517334, 138.826385498, 114.058860779, 72.6062774658, 17.6439342499, 11.1663789749, 6.26278018951, 1.27936005592, 1.52943015099, 0.211285293102, 0.0319600440562, 0.0397579483688, 0.000455267145298, 8.21382855065e-06, 4.24981379865e-07, 9.03325148016e-09, 2.55491156009e-10, 2.17894730037e-11, 2.00523950743e-12, 1.51789882746e-11, 8.20709611382e-11],
        "max": [0.0638731047511, 1.58873915672, 14.5983924866, 57.2573661804, 94.6914291382, 216.281356812, 220.85118103, 1277.84729004, 966.716918945, 797.370605469, 1341.3215332, 541.105529785, 498.177124023, 974.687805176, 1774.89770508, 3010.42407227, 415.939819336, 892.750244141, 359.766143799, 183.152740479, 221.527389526, 161.254714966, 90.677482605, 111.628440857, 56.549911499, 71.7493591309, 35.3915748596, 20.7297954559, 14.717040062, 9.73431682587, 16.7214450836, 0.679758429527, 0.122361779213, 0.0330382063985, 0.00589688355103, 0.000942553160712, 0.000163038479513, 3.10494979203e-05, 5.67991955904e-05, 0.000134648187668],
        "mean": [0.00166380277369, 0.0526168420911, 0.492356777191, 1.63115870953, 3.92895197868, 6.45281171799, 11.6596698761, 52.7957954407, 63.2874717712, 46.4988517761, 46.1075134277, 16.8761081696, 7.40825939178, 8.69558048248, 7.38285684586, 12.9763755798, 11.120303154, 17.4264183044, 8.97390365601, 8.48314285278, 7.26093387604, 5.60409736633, 5.12050676346, 2.38337683678, 1.58380329609, 0.980039417744, 0.309532284737, 0.229257166386, 0.0861872434616, 0.0255536939949, 0.00950267072767, 0.00215469533578, 0.000326936919009, 9.91775887087e-05, 2.98904233205e-05, 1.5718062059e-05, 8.57357736095e-06, 2.27449595513e-06, 8.39675976749e-06, 1.91608723981e-05],
        "median": [0.000235326122493, 0.00635163672268, 0.0480040982366, 0.326959848404, 1.75096642971, 2.07754564285, 4.43999528885, 12.6705951691, 20.2776756287, 5.53120279312, 7.59053993225, 3.85695886612, 2.63926696777, 3.28855609894, 1.85831809044, 2.90442323685, 4.18880367279, 4.78480625153, 1.76547050476, 1.71942472458, 1.79466772079, 0.749665498734, 0.528105080128, 0.288268327713, 0.112913489342, 0.0422627106309, 0.0139278247952, 0.00429919594899, 0.00168519525323, 0.000431456253864, 0.000104723520053, 5.14651110279e-05, 3.01625423162e-05, 2.09019199247e-05, 1.49000643432e-05, 1.00992074294e-05, 5.67513143324e-06, 1.55194584295e-06, 5.18054457643e-06, 1.17396821224e-05],
        "min": [3.96108896181e-22, 2.16780390393e-21, 1.92924675203e-20, 7.24636130614e-20, 3.74038148299e-20, 1.33365645153e-19, 2.75243133905e-19, 2.95102861533e-19, 4.17783491597e-19, 1.02868625587e-18, 1.52092075888e-18, 1.18943702059e-18, 1.90138031028e-18, 2.86700758952e-18, 4.14955940109e-18, 3.98238744006e-18, 3.26252627416e-18, 4.59488325079e-18, 8.70784032337e-18, 4.89904996974e-18, 1.30621149319e-17, 1.20428952412e-17, 1.25438631171e-17, 1.50532958307e-17, 1.02041480129e-17, 1.29442689916e-17, 1.66264196478e-17, 1.82703600516e-17, 1.56843502656e-17, 2.01516185731e-17, 1.56998251605e-17, 1.83761134385e-17, 2.00362169514e-17, 1.29504976616e-17, 6.99025851122e-18, 6.0461683268e-18, 3.68041978078e-18, 1.27316651694e-18, 2.96196161659e-19, 3.27250001732e-20],
        "var": [2.07297307497e-05, 0.0139386691153, 1.20498883724, 12.0413141251, 38.0231590271, 200.671966553, 378.277648926, 10088.8652344, 9680.05078125, 8009.85791016, 9785.12890625, 1175.06091309, 424.268737793, 1190.82019043, 1091.75793457, 3360.27124023, 368.920715332, 1405.71264648, 272.440948486, 219.844650269, 201.301727295, 163.118789673, 108.175979614, 28.4320678711, 16.4434738159, 6.80274820328, 1.14822340012, 1.05206882954, 0.142316311598, 0.0355936139822, 0.043102696538, 0.000240707187913, 4.33655441157e-06, 2.47485871796e-07, 6.10109740506e-09, 3.42241679441e-10, 6.9162196803e-11, 4.48736143729e-12, 8.22748189022e-11, 4.39201508495e-10]
    },
    "gfcc": {
        "mean": [-225.84576416, 205.22883606, -142.578918457, -21.2163276672, -33.3839035034, -45.0219650269, -32.6439285278, -22.7942295074, -13.0708646774, -8.61934947968, -5.11342716217, -10.6748104095, -9.81938362122],
        "cov": [[29682.984375, 5543.90234375, -9313.109375, -98.1992950439, 354.63571167, -2543.1940918, 886.659362793, -1186.80371094, 1197.47143555, 30.1338043213, 727.638305664, -342.50201416, 278.445068359], [5543.90234375, 2649.02709961, -1550.24658203, -1085.91589355, 451.796630859, -518.209838867, -55.7728309631, -177.131240845, 91.99269104, -49.8104057312, 259.058898926, -51.6344451904, 79.3053512573], [-9313.109375, -1550.24658203, 3494.28295898, 267.136962891, -118.785240173, 910.519287109, -219.432739258, 403.336853027, -394.258056641, -43.0022621155, -225.975830078, 122.218467712, -126.284767151], [-98.1992950439, -1085.91589355, 267.136962891, 1220.01000977, -122.431274414, 131.81312561, 275.874816895, 11.0630550385, 75.7954177856, 8.29735660553, -149.58883667, -47.5758972168, -73.1638259888], [354.63571167, 451.796630859, -118.785240173, -122.431274414, 412.483581543, -14.4179925919, -41.0739173889, 43.4061279297, -3.73956489563, -6.60350370407, 54.0773506165, 5.13405179977, -12.6757726669], [-2543.1940918, -518.209838867, 910.519287109, 131.81312561, -14.4179925919, 443.717468262, -12.9908485413, 95.9927139282, -100.807441711, -40.1335296631, -82.0827713013, 21.8493843079, -41.5672607422], [886.659362793, -55.7728309631, -219.432739258, 275.874816895, -41.0739173889, -12.9908485413, 183.632492065, -15.6777896881, 47.6407699585, 18.2064056396, -31.1545600891, -43.6496582031, -14.3532094955], [-1186.80371094, -177.131240845, 403.336853027, 11.0630550385, 43.4061279297, 95.9927139282, -15.6777896881, 140.13369751, -3.77773880959, 11.1908473969, -10.1872491837, -6.77215576172, -34.730594635], [1197.47143555, 91.99269104, -394.258056641, 75.7954177856, -3.73956489563, -100.807441711, 47.6407699585, -3.77773880959, 158.815353394, 48.2454833984, 41.5639686584, -12.7565698624, -13.9508085251], [30.1338043213, -49.8104057312, -43.0022621155, 8.29735660553, -6.60350370407, -40.1335296631, 18.2064056396, 11.1908473969, 48.2454833984, 88.3814239502, 26.1357593536, -6.27115392685, -9.7120847702], [727.638305664, 259.058898926, -225.975830078, -149.58883667, 54.0773506165, -82.0827713013, -31.1545600891, -10.1872491837, 41.5639686584, 26.1357593536, 138.88104248, 64.7166442871, 12.2679786682], [-342.50201416, -51.6344451904, 122.218467712, -47.5758972168, 5.13405179977, 21.8493843079, -43.6496582031, -6.77215576172, -12.7565698624, -6.27115392685, 64.7166442871, 152.053817749, 31.1695671082], [278.445068359, 79.3053512573, -126.284767151, -73.1638259888, -12.6757726669, -41.5672607422, -14.3532094955, -34.730594635, -13.9508085251, -9.7120847702, 12.2679786682, 31.1695671082, 62.9168891907]],
        "icov": [[0.00137517042458, -0.00241803773679, 0.00234468001872, -0.00249948678538, 0.00149235350545, 0.000146856880747, -0.000370824127458, 0.00112738506868, -0.00150122900959, 0.00103360216599, -0.00191239919513, 0.000260335509665, -0.000232457838138], [-0.00241803773679, 0.00689051719382, -0.00555443065241, 0.00744791794568, -0.00556360557675, 0.00228656316176, -0.00425980286673, 0.0030509729404, -0.00131136714481, 0.00318029266782, 0.000275121215964, 0.00245457538404, -0.000439201452537], [0.00234468001872, -0.00555443065241, 0.00694295624271, -0.00661979336292, 0.0050468435511, -0.00316550023854, 0.00454020220786, -0.0048265256919, 0.00349144870415, -0.00318716769107, -0.000113041103759, -0.00308227911592, 0.00199050013907], [-0.00249948678538, 0.00744791794568, -0.00661979336292, 0.00993184838444, -0.00633238302544, 0.00311846518889, -0.00794235244393, 0.0052372883074, -0.00384140666574, 0.00476359436288, 0.00116591050755, 0.00236627296545, 0.000283734203549], [0.00149235350545, -0.00556360557675, 0.0050468435511, -0.00633238302544, 0.00805708486587, -0.00334990513511, 0.00632427120581, -0.00703841261566, 0.00469974055886, -0.00467614643276, 0.000573188590351, -0.00330425915308, 0.00198742421344], [0.000146856880747, 0.00228656316176, -0.00316550023854, 0.00311846518889, -0.00334990513511, 0.00828268099576, -0.00718301488087, 0.00662989728153, -0.00567901041359, 0.007647652179, -0.00280704093166, 0.00290128332563, -0.000409816682804], [-0.000370824127458, -0.00425980286673, 0.00454020220786, -0.00794235244393, 0.00632427120581, -0.00718301488087, 0.0217285882682, -0.0133081898093, 0.0109669854864, -0.0131306154653, 0.0073007135652, -0.00521257333457, 0.00259050540626], [0.00112738506868, 0.0030509729404, -0.0048265256919, 0.0052372883074, -0.00703841261566, 0.00662989728153, -0.0133081898093, 0.0280800908804, -0.0167430918664, 0.0126638775691, -0.00967418216169, 0.00935380812734, -0.00151113769971], [-0.00150122900959, -0.00131136714481, 0.00349144870415, -0.00384140666574, 0.00469974055886, -0.00567901041359, 0.0109669854864, -0.0167430918664, 0.0248308535665, -0.0157226528972, 0.00627895956859, -0.00741052394733, 0.00681791873649], [0.00103360216599, 0.00318029266782, -0.00318716769107, 0.00476359436288, -0.00467614643276, 0.007647652179, -0.0131306154653, 0.0126638775691, -0.0157226528972, 0.0271780323237, -0.0111746666953, 0.00840753410012, -0.00261241314001], [-0.00191239919513, 0.000275121215964, -0.000113041103759, 0.00116591050755, 0.000573188590351, -0.00280704093166, 0.0073007135652, -0.00967418216169, 0.00627895956859, -0.0111746666953, 0.0222681667656, -0.0121862692758, 0.00519435107708], [0.000260335509665, 0.00245457538404, -0.00308227911592, 0.00236627296545, -0.00330425915308, 0.00290128332563, -0.00521257333457, 0.00935380812734, -0.00741052394733, 0.00840753410012, -0.0121862692758, 0.0165042299777, -0.0086012808606], [-0.000232457838138, -0.000439201452537, 0.00199050013907, 0.000283734203549, 0.00198742421344, -0.000409816682804, 0.00259050540626, -0.00151113769971, 0.00681791873649, -0.00261241314001, 0.00519435107708, -0.0086012808606, 0.0260448474437]]
    },
    "melbands": {
        "dmean": [1.11897570605e-05, 6.26269102213e-05, 9.91069318843e-05, 0.000106109189801, 9.39915335039e-05, 0.000199611895368, 0.000233305254369, 0.000141570795677, 7.73809661041e-05, 2.43967660936e-05, 1.07831419882e-05, 1.32051045512e-05, 7.52399637349e-06, 1.0158673831e-05, 6.46699572826e-06, 1.30994458232e-05, 1.33663634188e-05, 5.02154443893e-06, 5.98900396653e-06, 3.55558540832e-06, 4.02380737796e-06, 3.10974473905e-06, 1.78236871307e-06, 1.65229323557e-06, 7.90663250427e-07, 4.62592993244e-07, 6.96925155808e-07, 2.38209409531e-07, 1.13423347159e-07, 7.7117114472e-08, 8.68985594593e-08, 3.38168675285e-08, 1.66185412098e-08, 7.65132490699e-09, 5.01770269778e-09, 1.53251078494e-09, 6.46795228487e-10, 1.46186188155e-10, 9.8545206717e-11, 3.61690365158e-11],
        "dmean2": [1.72271757037e-05, 9.00920640561e-05, 0.000149728584802, 0.000157317263074, 0.000137780487421, 0.000281297252513, 0.000361313519534, 0.000204999218113, 0.000106509010948, 3.26405970554e-05, 1.50877658598e-05, 1.78221271199e-05, 1.05306335172e-05, 1.22375222418e-05, 8.38709547679e-06, 1.94985113922e-05, 1.82248950296e-05, 7.38669859857e-06, 8.31532634038e-06, 5.00902388012e-06, 6.09332710155e-06, 4.69466931463e-06, 2.61348372987e-06, 2.43287922785e-06, 1.22159815419e-06, 6.59481656839e-07, 9.24106132061e-07, 3.27191287397e-07, 1.61622850214e-07, 1.07422259532e-07, 1.2295154761e-07, 4.89460632025e-08, 2.45548861244e-08, 9.87570203392e-09, 7.12788938984e-09, 2.34202435223e-09, 1.00030372874e-09, 2.1975926634e-10, 1.51255966085e-10, 5.70843303183e-11],
        "dvar": [1.43705114475e-09, 2.72877880292e-08, 6.23559515134e-08, 7.08617946543e-08, 5.69130413908e-08, 4.17462615587e-07, 4.48729053915e-07, 1.81180695336e-07, 6.44950901574e-08, 6.85647716381e-09, 1.90931981336e-09, 6.44408260086e-09, 4.70058170166e-09, 4.77636286078e-09, 1.95473814912e-09, 1.13433451521e-09, 1.78439507614e-09, 2.60961002807e-10, 2.37654951274e-10, 1.66629821052e-10, 1.29851268627e-10, 1.1878592554e-10, 2.45695894185e-11, 2.26745566767e-11, 5.8552407714e-12, 3.07530823723e-12, 6.31163567591e-12, 7.36056560754e-13, 3.04455896258e-13, 1.50402395616e-13, 2.67206423004e-13, 3.75893198133e-14, 5.92647692667e-15, 1.18394792532e-14, 2.11356777078e-14, 1.24295176397e-16, 4.47787408637e-17, 1.22391742404e-18, 4.57473995531e-19, 8.08716907305e-20],
        "dvar2": [3.29497051865e-09, 5.34510959938e-08, 1.49485430256e-07, 1.76535522201e-07, 1.20066857789e-07, 7.9610845205e-07, 1.15423927127e-06, 3.63094272871e-07, 1.2891794654e-07, 1.02837347526e-08, 2.90829471616e-09, 9.70626690133e-09, 1.00242427692e-08, 6.84905199222e-09, 2.78977374535e-09, 2.38535946551e-09, 3.41340378185e-09, 5.34318200796e-10, 4.34715374809e-10, 3.13695347476e-10, 2.7495236643e-10, 2.48147141724e-10, 5.09315679909e-11, 4.76512787562e-11, 1.28638835695e-11, 6.20018012626e-12, 1.23221294279e-11, 1.55674420837e-12, 6.32703416568e-13, 3.42903738173e-13, 5.7334605813e-13, 8.28435085289e-14, 1.40412151917e-14, 2.0202584519e-14, 3.34325191771e-14, 3.12857045373e-16, 1.13442460881e-16, 2.68664892196e-18, 1.08901770782e-18, 1.94592390871e-19],
        "max": [0.00111256178934, 0.0053569227457, 0.0085562095046, 0.00778888026252, 0.00981304980814, 0.024764098227, 0.0136649189517, 0.00986904650927, 0.00999846775085, 0.00296791712753, 0.00252444599755, 0.0043353936635, 0.00471501564607, 0.00649756332859, 0.00350301759318, 0.00118907366414, 0.00204539345577, 0.000834091624711, 0.000284809997538, 0.000635720323771, 0.000269787589787, 0.000244782975642, 0.0001547166612, 0.000113422167487, 0.000108332525997, 4.80946946482e-05, 7.55982619012e-05, 3.3053856896e-05, 2.43887770921e-05, 9.50292451307e-06, 1.24849102576e-05, 1.09942202471e-05, 2.48608876063e-06, 8.44581609272e-06, 1.54881909111e-05, 4.77963396861e-07, 2.81096220078e-07, 8.05676663163e-08, 4.31674109791e-08, 1.92333153848e-08],
        "mean": [2.7941478038e-05, 0.000192765626707, 0.000352718459908, 0.000363692932297, 0.000391905225115, 0.00118963210844, 0.000985726714134, 0.000477154564578, 0.000342680694303, 8.85287590791e-05, 3.36817611242e-05, 3.36512202921e-05, 2.25704388868e-05, 3.28879541485e-05, 2.03906965908e-05, 3.31987976097e-05, 3.13528653351e-05, 1.14044341899e-05, 1.64203120221e-05, 9.20546244743e-06, 8.81445794221e-06, 7.05872207618e-06, 4.31885791841e-06, 3.68855262423e-06, 1.84517966773e-06, 9.90549096969e-07, 1.34971526222e-06, 4.43554569074e-07, 2.07593146229e-07, 1.29665593818e-07, 1.29592933718e-07, 4.90512661599e-08, 2.44152840168e-08, 1.13365352661e-08, 6.79919054392e-09, 1.92385885001e-09, 8.11914258048e-10, 1.76229919546e-10, 1.25599405876e-10, 5.06609962314e-11],
        "median": [3.50121172232e-06, 1.67451944435e-05, 0.000105970990262, 0.000172848813236, 0.000133464636747, 0.000298875267617, 0.000294964469504, 4.33041677752e-05, 4.79136797367e-05, 1.94391686819e-05, 1.03654219856e-05, 1.24229827634e-05, 5.74994055569e-06, 6.21271328782e-06, 5.38879521628e-06, 1.06781881186e-05, 5.98453925704e-06, 1.65641483818e-06, 2.14738292925e-06, 1.53474513809e-06, 1.72384420694e-06, 7.5849067116e-07, 3.78361505682e-07, 3.91700893942e-07, 2.00127544758e-07, 6.78189948644e-08, 4.9856318185e-08, 1.81336030636e-08, 8.23563972574e-09, 3.0133855411e-09, 1.5436310008e-09, 8.71753336185e-10, 3.05845127002e-10, 1.24877774788e-10, 4.68218241956e-11, 2.9119675421e-11, 2.13155829792e-11, 1.49061353538e-11, 1.18758362519e-11, 9.63084906963e-12],
        "min": [4.02112064561e-24, 8.1561938267e-24, 1.05947648331e-23, 5.30020022772e-24, 8.63214674298e-24, 6.93674818473e-24, 6.86580671238e-24, 1.1529098789e-23, 1.3558237575e-23, 6.98631704857e-24, 9.78835019505e-24, 1.13219131497e-23, 1.58313876051e-23, 1.07555954279e-23, 8.22963283268e-24, 7.4472421646e-24, 8.48103964773e-24, 1.38998632563e-23, 1.0382179441e-23, 9.39802260801e-24, 1.52387779381e-23, 1.39361398139e-23, 9.06264786048e-24, 1.22396573608e-23, 1.27037323984e-23, 7.45384177493e-24, 7.26728405946e-24, 8.43488181844e-24, 1.15207060979e-23, 7.31832257116e-24, 1.17153906584e-23, 9.00295633351e-24, 7.24841766205e-24, 1.34598224439e-23, 7.94976233844e-24, 9.29484117933e-24, 1.24680633584e-23, 1.29578765608e-23, 1.44079985421e-23, 1.01688122876e-23],
        "var": [4.88357887463e-09, 1.75279097903e-07, 3.95294023292e-07, 3.64266526276e-07, 5.34920729933e-07, 4.58819249616e-06, 2.34009439737e-06, 8.78254184045e-07, 5.49680976292e-07, 4.3586645404e-08, 1.06697601865e-08, 1.91568076957e-08, 9.46324174578e-09, 1.72684639921e-08, 7.33770422201e-09, 3.70902730751e-09, 5.56740742397e-09, 7.22354343008e-10, 1.00436403638e-09, 5.96255045338e-10, 3.66231239779e-10, 3.2506558556e-10, 7.96456234298e-11, 6.19231332877e-11, 2.01627638197e-11, 7.74153831318e-12, 1.54994558854e-11, 1.46196054394e-12, 5.94363100404e-13, 2.3617774945e-13, 3.90862147336e-13, 6.07090536154e-14, 8.25029911197e-15, 2.0988268564e-14, 3.64456728685e-14, 1.30786757496e-16, 5.04803777121e-17, 1.56025640233e-18, 5.64143226519e-19, 1.04387886246e-19]
    },
    "mfcc": {
        "mean": [-819.705871582, 203.191986084, -26.8865814209, 5.72112417221, 1.33495295048, -15.3834724426, -17.2314968109, -16.9044437408, -14.7973833084, -11.2609109879, -1.93717086315, -1.65012073517, -3.20574188232],
        "cov": [[15228.8212891, 5420.56835938, -4110.63085938, 1309.57946777, -847.819946289, -744.423217773, -533.700317383, -672.040466309, -158.878067017, -18.490196228, 278.407165527, 58.5317115784, 167.835998535], [5420.56835938, 3304.71557617, -1025.72753906, -212.066818237, -1.63852381706, -414.352661133, -299.873321533, -264.750732422, -213.818405151, -112.171676636, 71.1172027588, 70.8198318481, 38.0972824097], [-4110.63085938, -1025.72753906, 1527.03894043, -438.87677002, 291.445037842, 266.255218506, 133.277770996, 227.909881592, 5.01800775528, -31.9192695618, -82.5736694336, -4.78616809845, -37.9973640442], [1309.57946777, -212.066818237, -438.87677002, 752.227722168, -99.7955169678, 56.6926765442, 126.605506897, 9.54880428314, 100.798149109, 82.5174789429, 65.4430007935, -22.4963417053, 47.5578308105], [-847.819946289, -1.63852381706, 291.445037842, -99.7955169678, 324.262634277, 63.1017875671, 66.8366165161, 112.944488525, -13.8141508102, -12.1033163071, -1.66862714291, 19.0056877136, 1.80289661884], [-744.423217773, -414.352661133, 266.255218506, 56.6926765442, 63.1017875671, 228.226379395, 100.28213501, 95.1424865723, 60.7993240356, -6.92504072189, -1.14698159695, 4.35194921494, -7.40249586105], [-533.700317383, -299.873321533, 133.277770996, 126.605506897, 66.8366165161, 100.28213501, 185.199569702, 78.712890625, 51.3429718018, 53.2007217407, -0.421123117208, -4.40977096558, -3.48276209831], [-672.040466309, -264.750732422, 227.909881592, 9.54880428314, 112.944488525, 95.1424865723, 78.712890625, 154.924301147, 32.8657875061, -11.6760835648, 8.03035163879, 14.8231897354, 9.69480705261], [-158.878067017, -213.818405151, 5.01800775528, 100.798149109, -13.8141508102, 60.7993240356, 51.3429718018, 32.8657875061, 102.879722595, 54.6552886963, 17.3072280884, -4.52151346207, -14.1234331131], [-18.490196228, -112.171676636, -31.9192695618, 82.5174789429, -12.1033163071, -6.92504072189, 53.2007217407, -11.6760835648, 54.6552886963, 218.775924683, 43.170337677, -65.5479354858, 26.0980091095], [278.407165527, 71.1172027588, -82.5736694336, 65.4430007935, -1.66862714291, -1.14698159695, -0.421123117208, 8.03035163879, 17.3072280884, 43.170337677, 100.111419678, 40.2710800171, 26.5985221863], [58.5317115784, 70.8198318481, -4.78616809845, -22.4963417053, 19.0056877136, 4.35194921494, -4.40977096558, 14.8231897354, -4.52151346207, -65.5479354858, 40.2710800171, 119.195671082, 24.3364925385], [167.835998535, 38.0972824097, -37.9973640442, 47.5578308105, 1.80289661884, -7.40249586105, -3.48276209831, 9.69480705261, -14.1234331131, 26.0980091095, 26.5985221863, 24.3364925385, 96.8652267456]],
