{
"lowlevel": {
    "average_loudness": 0.836708128452,
    "barkbands_crest": {
        "dmean": 2.649050951,
        "dmean2": 4.21897554398,
        "dvar": 6.95550060272,
        "dvar2": 16.760591507,
        "max": 24.7238006592,
        "mean": 11.4609489441,
        "median": 11.060921669,
        "min": 1.93033003807,
        "var": 24.353427887
    },
    "barkbands_flatness_db": {
        "dmean": 0.0243385639042,
        "dmean2": 0.0350769720972,
        "dvar": 0.00057602598099,
        "dvar2": 0.00119258987252,
        "max": 0.300167828798,
        "mean": 0.094510987401,
        "median": 0.0851030424237,
        "min": 0.0112797077745,
        "var": 0.00227890303358
    },
    "barkbands_kurtosis": {
        "dmean": 4.17462444305,
        "dmean2": 6.09994888306,
        "dvar": 59.7902450562,
        "dvar2": 120.224411011,
        "max": 148.179748535,
        "mean": 5.1588973999,
        "median": 1.34468126297,
        "min": -1.87123954296,
        "var": 117.326568604
    },
    "barkbands_skewness": {
        "dmean": 0.732612192631,
        "dmean2": 1.05565130711,
        "dvar": 0.610830485821,
        "dvar2": 1.23420166969,
        "max": 11.0511445999,
        "mean": 1.84235584736,
        "median": 1.62858474255,
        "min": -2.17940044403,
        "var": 2.32836079597
    },
    "barkbands_spread": {
        "dmean": 12.3367462158,
        "dmean2": 18.0545139313,
        "dvar": 132.119827271,
        "dvar2": 260.96182251,
        "max": 115.029853821,
        "mean": 42.1679573059,
        "median": 41.7564468384,
        "min": 1.52538609505,
        "var": 439.538330078
    },
    "dissonance": {
        "dmean": 0.00989112071693,
        "dmean2": 0.0164342448115,
        "dvar": 0.000103099962871,
        "dvar2": 0.000270190706942,
        "max": 0.500000119209,
        "mean": 0.48159751296,
        "median": 0.484996944666,
        "min": 0.311480224133,
        "var": 0.000204923315323
    },
    "dynamic_complexity": 3.68325972557,
    "erbbands_crest": {
        "dmean": 1.70018279552,
        "dmean2": 2.83814620972,
        "dvar": 3.19187927246,
        "dvar2": 8.4959487915,
        "max": 26.9739265442,
        "mean": 5.62073326111,
        "median": 4.89169740677,
        "min": 2.24215078354,
        "var": 6.92567253113
    },
    "erbbands_flatness_db": {
        "dmean": 0.0124201728031,
        "dmean2": 0.018333338201,
        "dvar": 0.000127888066345,
        "dvar2": 0.000288826937322,
        "max": 0.300601899624,
        "mean": 0.0793517529964,
        "median": 0.0726101025939,
        "min": 0.0345450639725,
        "var": 0.000947749998886
    },
    "erbbands_kurtosis": {
        "dmean": 0.628505110741,
        "dmean2": 0.994602680206,
        "dvar": 1.01687848568,
        "dvar2": 2.41785216331,
        "max": 47.4879417419,
        "mean": -0.220432624221,
        "median": -0.517321825027,
        "min": -1.7691257,
        "var": 3.25680232048
    },
    "erbbands_skewness": {
        "dmean": 0.31640663743,
        "dmean2": 0.486210554838,
        "dvar": 0.0978169068694,
        "dvar2": 0.213832512498,
        "max": 4.48742389679,
        "mean": -0.295512109995,
        "median": -0.35604134202,
        "min": -1.80154132843,
        "var": 0.306367665529
    },
    "erbbands_spread": {
        "dmean": 12.4372634888,
        "dmean2": 18.7678413391,
        "dvar": 147.444335938,
        "dvar2": 335.065948486,
        "max": 162.595626831,
        "mean": 61.586025238,
        "median": 59.329082489,
        "min": 3.03094387054,
        "var": 486.968414307
    },
    "hfc": {
        "dmean": 22.3374671936,
        "dmean2": 32.9616737366,
        "dvar": 869.532592773,
        "dvar2": 1918.89282227,
        "max": 259.559570312,
        "mean": 41.5591697693,
        "median": 27.6944522858,
        "min": 1.11218589113e-16,
        "var": 1686.15551758
    },
    "melbands_crest": {
        "dmean": 3.19039225578,
        "dmean2": 5.17485713959,
        "dvar": 10.1529417038,
        "dvar2": 24.9824523926,
        "max": 35.0139923096,
        "mean": 18.3438606262,
        "median": 17.9338741302,
        "min": 1.67545926571,
        "var": 43.5715789795
    },
    "melbands_flatness_db": {
        "dmean": 0.0331394337118,
        "dmean2": 0.0476719848812,
        "dvar": 0.00103736261372,
        "dvar2": 0.0021541598253,
        "max": 0.429607897997,
        "mean": 0.174227952957,
        "median": 0.17055682838,
        "min": 0.00332783954218,
        "var": 0.0048710568808
    },
    "melbands_kurtosis": {
        "dmean": 14.9285116196,
        "dmean2": 22.1837844849,
        "dvar": 536.64239502,
        "dvar2": 1111.91967773,
        "max": 399.49017334,
        "mean": 30.5425739288,
        "median": 18.4385204315,
        "min": -1.60843920708,
        "var": 1452.8939209
    },
    "melbands_skewness": {
        "dmean": 1.08463358879,
        "dmean2": 1.61292529106,
        "dvar": 1.40841472149,
        "dvar2": 2.94201564789,
        "max": 16.7831268311,
        "mean": 4.30380725861,
        "median": 4.03409099579,
        "min": -1.24151921272,
        "var": 6.02230215073
    },
    "melbands_spread": {
        "dmean": 11.9280176163,
        "dmean2": 18.1117286682,
        "dvar": 188.246765137,
        "dvar2": 398.696960449,
        "max": 181.753143311,
        "mean": 30.6504039764,
        "median": 22.5355587006,
        "min": 0.957859992981,
        "var": 688.249267578
    },
    "pitch_salience": {
        "dmean": 0.077671803534,
        "dmean2": 0.124937653542,
        "dvar": 0.0054236552678,
        "dvar2": 0.0137341208756,
        "max": 0.886401951313,
        "mean": 0.505995929241,
        "median": 0.518037438393,
        "min": 0.101226463914,
        "var": 0.0154410423711
    },
    "silence_rate_20dB": {
        "dmean": 0,
        "dmean2": 0,
        "dvar": 0,
        "dvar2": 0,
        "max": 1,
        "mean": 1,
        "median": 1,
        "min": 1,
        "var": 0
    },
    "silence_rate_30dB": {
        "dmean": 0.0331914909184,
        "dmean2": 0.0663886293769,
        "dvar": 0.0320880375803,
        "dvar2": 0.0791691094637,
        "max": 1,
        "mean": 0.972002387047,
        "median": 1,
        "min": 0,
        "var": 0.0272141695023
    },
    "silence_rate_60dB": {
        "dmean": 0.0280851069838,
        "dmean2": 0.056174993515,
        "dvar": 0.0273004379123,
        "dvar2": 0.0594958439469,
        "max": 1,
        "mean": 0.111139476299,
        "median": 0,
        "min": 0,
        "var": 0.0987684205174
    },
    "spectral_centroid": {
        "dmean": 424.919281006,
        "dmean2": 637.568237305,
        "dvar": 163487.671875,
        "dvar2": 348180.90625,
        "max": 11981.0957031,
        "mean": 2136.37548828,
        "median": 2170.21533203,
        "min": 258.826782227,
        "var": 789866.875
    },
    "spectral_complexity": {
        "dmean": 7.11489343643,
        "dmean2": 10.3620729446,
        "dvar": 60.0060119629,
        "dvar2": 113.216369629,
        "max": 66,
        "mean": 22.6250534058,
        "median": 20,
        "min": 0,
        "var": 221.912277222
    },
    "spectral_decrease": {
        "dmean": 3.21572213302e-09,
        "dmean2": 5.2042623544e-09,
        "dvar": 2.55538855228e-17,
        "dvar2": 6.75742702113e-17,
        "max": 1.06371904794e-19,
        "mean": -9.59678114754e-09,
        "median": -8.4634201869e-09,
        "min": -6.33312566833e-08,
        "var": 6.25747244145e-17
    },
    "spectral_energy": {
        "dmean": 0.0135822482407,
        "dmean2": 0.0216997116804,
        "dvar": 0.000430671323556,
        "dvar2": 0.00112397375051,
        "max": 0.251461863518,
        "mean": 0.0399900004268,
        "median": 0.0362177044153,
        "min": 1.03156959099e-20,
        "var": 0.00103379914071
    },
    "spectral_energyband_high": {
        "dmean": 0.00212622433901,
        "dmean2": 0.00316418660805,
        "dvar": 8.62492743181e-06,
        "dvar2": 1.86655215657e-05,
        "max": 0.0256947595626,
        "mean": 0.00366511452012,
        "median": 0.00214931368828,
        "min": 7.2467887905e-21,
        "var": 1.62791457115e-05
    },
    "spectral_energyband_low": {
        "dmean": 0.00932233221829,
        "dmean2": 0.0153382923454,
        "dvar": 0.00024114245025,
        "dvar2": 0.000653517141473,
        "max": 0.212312147021,
        "mean": 0.025981688872,
        "median": 0.02075682953,
        "min": 2.49549694484e-23,
        "var": 0.000579438114073
    },
    "spectral_energyband_middle_high": {
        "dmean": 0.00212465110235,
        "dmean2": 0.00331709021702,
        "dvar": 8.46585771797e-06,
        "dvar2": 1.94524345716e-05,
        "max": 0.029147028923,
        "mean": 0.0039502303116,
        "median": 0.00249964743853,
        "min": 1.30318731021e-21,
        "var": 1.53025230247e-05
    },
    "spectral_energyband_middle_low": {
        "dmean": 0.00467569613829,
        "dmean2": 0.00781412329525,
        "dvar": 6.4304258558e-05,
        "dvar2": 0.000169647129951,
        "max": 0.0899195373058,
        "mean": 0.00853551831096,
        "median": 0.00546504370868,
        "min": 1.88827930943e-22,
        "var": 9.4143942988e-05
    },
    "spectral_entropy": {
        "dmean": 0.159341067076,
        "dmean2": 0.230639979243,
        "dvar": 0.027037654072,
        "dvar2": 0.0549618117511,
        "max": 9.82805538177,
        "mean": 8.12856960297,
        "median": 8.17842483521,
        "min": 6.07094240189,
        "var": 0.108715884387
    },
    "spectral_flux": {
        "dmean": 0.0313100069761,
        "dmean2": 0.0465782508254,
        "dvar": 0.00163085549138,
        "dvar2": 0.00294633908197,
        "max": 0.370088487864,
        "mean": 0.0884532630444,
        "median": 0.0773912146688,
        "min": 6.54472795403e-11,
        "var": 0.00331021542661
    },
    "spectral_kurtosis": {
        "dmean": 0.646305382252,
        "dmean2": 0.977264165878,
        "dvar": 0.709087848663,
        "dvar2": 1.56485521793,
        "max": 49.2099533081,
        "mean": 2.57846426964,
        "median": 2.24529886246,
        "min": -1.26037764549,
        "var": 6.61337614059
    },
    "spectral_rms": {
        "dmean": 0.000987531500868,
        "dmean2": 0.00152210029773,
        "dvar": 1.63232698469e-06,
        "dvar2": 4.08309051636e-06,
        "max": 0.0156629700214,
        "mean": 0.0056175631471,
        "median": 0.00594427017495,
        "min": 3.17239550601e-12,
        "var": 7.45770330468e-06
    },
    "spectral_rolloff": {
        "dmean": 1352.83740234,
        "dmean2": 2115.72949219,
        "dvar": 3003619.75,
        "dvar2": 5921419.5,
        "max": 19896.6796875,
        "mean": 2815.06445312,
        "median": 1787.25585938,
        "min": 64.599609375,
        "var": 10021738
    },
    "spectral_skewness": {
        "dmean": 0.138736441731,
        "dmean2": 0.213659763336,
        "dvar": 0.0231814906001,
        "dvar2": 0.0502861998975,
        "max": 6.02598190308,
        "mean": 1.24138629436,
        "median": 1.19146823883,
        "min": -0.0958411768079,
        "var": 0.151994735003
    },
    "spectral_spread": {
        "dmean": 821725.3125,
        "dmean2": 1143663.25,
        "dvar": 674294464512,
        "dvar2": 1.27648032358e+12,
        "max": 41900800,
        "mean": 7180147,
        "median": 7034309.5,
        "min": 2194562,
        "var": 4.97037606912e+12
    },
    "spectral_strongpeak": {
        "dmean": 0.164750382304,
        "dmean2": 0.282336562872,
        "dvar": 0.159004196525,
        "dvar2": 0.428811639547,
        "max": 11.0822105408,
        "mean": 0.364951223135,
        "median": 0.292376667261,
        "min": 0,
        "var": 0.143834814429
    },
    "zerocrossingrate": {
        "dmean": 0.0242029167712,
        "dmean2": 0.0268465336412,
        "dvar": 0.000449230399681,
        "dvar2": 0.000554044148885,
        "max": 0.52783203125,
        "mean": 0.107897818089,
        "median": 0.09619140625,
        "min": 0.00341796875,
        "var": 0.00393135612831
    },
    "barkbands": {
        "dmean": [0.000388925953303, 0.00574503606185, 0.00371907209046, 0.00299501838163, 0.00178224022966, 0.000489407626446, 0.000392621470382, 0.00016858294839, 0.000168331476743, 0.000220861198613, 0.000250799086643, 0.000168838538229, 0.000234097518842, 0.000244129405473, 0.00039453106001, 0.000352263916284, 0.000285256042844, 0.000228827295359, 0.000285908405203, 0.00042345066322, 0.000480530346977, 0.000457098445622, 0.000302374188323, 0.000278135703411, 0.000252552505117, 0.000256245926721, 0.000161459101946],
        "dmean2": [0.000534267048351, 0.00920290965587, 0.0067999176681, 0.00519623002037, 0.00293856556527, 0.000802278576884, 0.000622881343588, 0.000280040083453, 0.000266290677246, 0.000355429307092, 0.000390527711716, 0.000264761823928, 0.000389561348129, 0.000419109419454, 0.000682644022163, 0.000609286304098, 0.000471576175187, 0.00036705826642, 0.000458664231701, 0.000673750590067, 0.000759174814448, 0.000723360804841, 0.000468715588795, 0.000419966585469, 0.000369693356333, 0.000385134975659, 0.000247506075539],
        "dvar": [7.12887185728e-07, 7.68109675846e-05, 7.19844611012e-05, 3.92149777326e-05, 1.11901736091e-05, 5.43902956451e-07, 3.80964223723e-07, 6.91994941349e-08, 6.72607640695e-08, 1.06418575285e-07, 1.42595126817e-07, 6.33902601521e-08, 1.47142202422e-07, 1.76895710524e-07, 4.14459066178e-07, 4.39357535242e-07, 1.90452198012e-07, 1.29019795736e-07, 1.74184393131e-07, 4.03294706075e-07, 4.83684743813e-07, 6.12650126186e-07, 2.06203750963e-07, 1.59093687557e-07, 1.14546672592e-07, 1.10929534003e-07, 6.46512177127e-08],
        "dvar2": [1.34918559525e-06, 0.000200206399313, 0.000209627338336, 0.000106171595689, 2.78434199572e-05, 1.45860519751e-06, 9.59490876085e-07, 1.81817256362e-07, 1.61999707871e-07, 2.63008416823e-07, 3.33410980602e-07, 1.41981971069e-07, 3.72923267378e-07, 4.71302882943e-07, 1.09937423076e-06, 1.18750210731e-06, 4.89968954298e-07, 3.22371363382e-07, 3.89472688767e-07, 9.13414794468e-07, 1.16852447718e-06, 1.44412456393e-06, 4.8831947197e-07, 3.48715929022e-07, 2.31959788266e-07, 2.58155523625e-07, 1.63304022749e-07],
        "max": [0.0183755792677, 0.112484328449, 0.0954091399908, 0.0716331079602, 0.0578462183475, 0.0134622044861, 0.0135530633852, 0.00401718914509, 0.0046115135774, 0.00664887437597, 0.00523378513753, 0.00315034436062, 0.00447293091565, 0.00607468700036, 0.00661486620083, 0.00770405353978, 0.00597773352638, 0.00532737886533, 0.00482247583568, 0.00691854348406, 0.00651993462816, 0.0109148770571, 0.00642277952284, 0.00452378112823, 0.00376575440168, 0.00452185887843, 0.00244477437809],
        "mean": [0.00169088540133, 0.0178332701325, 0.00442819856107, 0.00346635747701, 0.00258656032383, 0.00088502233848, 0.000841290631797, 0.000247632735409, 0.000308653136017, 0.000417676608777, 0.000349811336491, 0.000220668429392, 0.000299567647744, 0.000299540435662, 0.000465811375761, 0.000409604428569, 0.00039313477464, 0.00037706157309, 0.000461323361378, 0.000665848492645, 0.000734233937692, 0.00062207627343, 0.00049279659288, 0.000482475908939, 0.000441735755885, 0.00037329288898, 0.000195559550775],
        "median": [0.000214712999878, 0.0133165027946, 0.00221280916594, 0.00115173053928, 0.00109887891449, 0.000449833343737, 0.000474480650155, 0.000130714877741, 0.00015554271522, 0.000198993235244, 0.00018174633442, 9.32185430429e-05, 0.000151492698933, 0.000150652922457, 0.000231382844504, 0.000166791171068, 0.000187284545973, 0.000190597769688, 0.000261220004177, 0.000292834971333, 0.000425371748861, 0.000293435849017, 0.000268410396529, 0.000243678747211, 0.000231017911574, 0.000220709407586, 9.84371072263e-05],
        "min": [2.67888214772e-25, 3.04330369055e-24, 1.2404267043e-25, 1.32353238716e-24, 5.70037753203e-24, 9.72633705043e-24, 1.08784747134e-23, 1.35556438004e-23, 1.73768087169e-23, 1.6623845716e-23, 8.47157647231e-24, 4.18656528782e-23, 2.54145140579e-23, 3.76168354209e-23, 3.36608178881e-23, 7.11739654316e-23, 8.22922909366e-23, 9.87530349273e-23, 1.66257547594e-22, 1.39272231614e-22, 2.74766690393e-22, 3.32346695473e-22, 4.3179181385e-22, 7.11577527623e-22, 9.29317223364e-22, 1.36469331824e-21, 2.01784046135e-21],
        "var": [6.28479028819e-06, 0.000314682547469, 5.25806863152e-05, 4.32781598647e-05, 1.72421150637e-05, 1.37198708217e-06, 1.18995933462e-06, 1.12433227173e-07, 1.67844504517e-07, 3.34717270789e-07, 2.16349008042e-07, 9.6388234283e-08, 1.67697834286e-07, 1.75890960463e-07, 3.9322981138e-07, 3.94759837263e-07, 2.60826936938e-07, 2.34896504026e-07, 3.05244981291e-07, 7.67527353673e-07, 7.2048982247e-07, 7.55530322749e-07, 3.47486633245e-07, 3.43294914273e-07, 2.73065950296e-07, 1.83157666811e-07, 7.07396310418e-08]
    },
    "erbbands": {
        "dmean": [0.206682756543, 1.21122252941, 3.56057667732, 8.25736999512, 7.87790966034, 5.16408395767, 3.84996676445, 4.14976739883, 6.02036952972, 5.13358259201, 3.09054732323, 3.98672866821, 5.98770618439, 6.60880231857, 10.309428215, 7.02232837677, 10.7207765579, 11.5925960541, 15.9651460648, 24.4058876038, 15.4945926666, 14.7472848892, 12.5943288803, 13.3091831207, 15.9530010223, 21.6458568573, 16.8141536713, 21.1619167328, 16.4828624725, 12.2637195587, 8.51586151123, 6.51003265381, 4.31683778763, 2.8671309948, 1.81912970543, 1.07006847858, 0.498113244772, 0.142598643899, 0.0276571437716, 0.00168662914075],
        "dmean2": [0.316732347012, 1.99079656601, 6.40740633011, 14.6686115265, 13.1161565781, 8.56811237335, 6.4357213974, 6.83540821075, 9.57976913452, 8.3080291748, 5.07230567932, 6.29989099503, 9.53039073944, 10.6641378403, 15.8423871994, 10.9148406982, 17.6633377075, 19.8076877594, 27.4077529907, 42.225025177, 26.7635097504, 24.6455097198, 20.409740448, 20.9413414001, 25.6070232391, 33.7509536743, 26.3232822418, 33.4927215576, 26.3731307983, 19.2743797302, 13.3809185028, 10.0901756287, 6.50507354736, 4.21527099609, 2.69378089905, 1.5925565958, 0.760783851147, 0.216964170337, 0.0427398718894, 0.00262119201943],
        "dvar": [0.116861961782, 3.68620872498, 61.4484367371, 321.201538086, 203.353088379, 99.1707305908, 45.9832382202, 43.9624557495, 98.4855957031, 62.3541488647, 26.8660297394, 38.0973892212, 102.549453735, 90.6278076172, 236.012985229, 102.877082825, 306.406799316, 357.262542725, 684.655761719, 1862.42858887, 730.83605957, 539.636535645, 410.176330566, 388.100738525, 568.458312988, 1039.82495117, 574.258178711, 986.780395508, 812.659057617, 395.688934326, 175.1328125, 92.3218154907, 39.069644928, 15.2376804352, 6.0209031105, 2.05673980713, 0.42438352108, 0.0378752276301, 0.00184425024781, 9.51099355007e-06],
        "dvar2": [0.273474633694, 9.88694190979, 177.027603149, 903.544616699, 526.686767578, 252.77557373, 125.263465881, 123.291419983, 254.589004517, 159.034973145, 69.8716888428, 92.088104248, 247.720123291, 225.487442017, 535.932434082, 231.757888794, 771.476196289, 935.921020508, 1813.51538086, 4951.61132812, 1988.37719727, 1408.03063965, 1049.40673828, 879.63067627, 1275.32263184, 2289.87963867, 1329.60803223, 2347.86523438, 1981.87609863, 962.72668457, 427.449523926, 214.233825684, 85.8225479126, 31.1367168427, 12.6787004471, 4.62418603897, 1.02688324451, 0.0914671644568, 0.00470869382843, 2.45819701377e-05],
        "max": [5.82620334625, 24.8033638, 102.238014221, 168.936599731, 166.726242065, 165.742507935, 157.638198853, 117.798667908, 218.356384277, 153.946838379, 102.157089233, 111.555175781, 217.165161133, 244.826675415, 245.002075195, 140.010238647, 204.804702759, 284.587646484, 288.803192139, 444.525817871, 306.764038086, 326.974151611, 321.16519165, 237.675567627, 240.066711426, 384.190216064, 245.430557251, 344.490142822, 410.253936768, 212.322662354, 212.666213989, 104.4164505, 81.516960144, 47.3778495789, 29.8449401855, 17.522731781, 8.83112812042, 2.06067156792, 0.444013595581, 0.0342387147248],
        "mean": [0.775424420834, 2.93600845337, 4.85445737839, 9.76788902283, 10.4850759506, 7.3381485939, 5.94042730331, 7.66766214371, 12.0293750763, 10.1789913177, 5.20499563217, 7.51012611389, 12.3177242279, 10.6367521286, 15.0310602188, 10.0426921844, 14.194975853, 15.0301799774, 19.6552333832, 28.1107769012, 20.0373420715, 20.6180591583, 20.608921051, 21.9545097351, 25.8036727905, 34.2485847473, 27.6555614471, 29.9795131683, 22.4452705383, 18.0169296265, 13.6845769882, 10.5181436539, 7.51186800003, 4.98292970657, 3.12658023834, 1.63863444328, 0.689254760742, 0.188863053918, 0.0333826690912, 0.00198576203547],
        "median": [0.369652271271, 2.06604886055, 2.9655175209, 3.90320181847, 3.91838717461, 3.11147904396, 3.25138640404, 3.79472470284, 6.60961914062, 5.32011938095, 2.93506193161, 3.95650339127, 4.98028469086, 6.42877531052, 7.90495920181, 5.20400238037, 7.53020715714, 7.78015232086, 10.6802768707, 12.5557460785, 9.41632270813, 9.88352775574, 10.1081781387, 12.3127374649, 14.4825048447, 15.4694490433, 14.3206558228, 17.1134624481, 11.1694898605, 8.94774055481, 7.37613391876, 5.33228492737, 3.7482111454, 2.45562529564, 1.79245901108, 0.947870612144, 0.400691181421, 0.10741520673, 0.0174510776997, 0.000881488551386],
        "min": [9.40026912609e-23, 8.96937121156e-22, 2.25511730084e-21, 4.21891758426e-21, 1.24200393493e-20, 2.06791615002e-20, 3.4348632931e-20, 1.01805951824e-19, 1.29449255145e-19, 2.24540736368e-19, 2.60778252383e-19, 4.71329787779e-19, 6.22440641345e-19, 8.09487581142e-19, 9.49664347781e-19, 1.57126483212e-18, 1.45361689815e-18, 2.00314275757e-18, 2.96486202201e-18, 2.21140967181e-18, 4.59276525484e-18, 4.68760482079e-18, 5.87209312997e-18, 7.41865948637e-18, 8.46683215291e-18, 5.83948856535e-18, 9.60879055731e-18, 1.04493640512e-17, 1.2709763288e-17, 1.27200600322e-17, 1.24737140653e-17, 1.13218584448e-17, 1.06615995712e-17, 7.74249821464e-18, 6.39714064711e-18, 3.83345357077e-18, 2.62449022804e-18, 1.06665901586e-18, 2.76483284439e-19, 2.89096909901e-20],
        "var": [0.764017283916, 9.00952625275, 47.4225921631, 288.38470459, 265.102874756, 152.628738403, 71.3640899658, 119.834228516, 268.323852539, 196.838439941, 47.517162323, 97.1160430908, 383.059234619, 164.386077881, 376.991546631, 159.312637329, 354.077453613, 390.424133301, 663.326538086, 1662.71130371, 729.110229492, 702.488037109, 719.128662109, 687.304199219, 978.057922363, 2053.25512695, 1095.37976074, 1332.01904297, 951.439941406, 540.91027832, 275.889892578, 166.486968994, 86.1419372559, 36.5432624817, 13.4323816299, 3.62411308289, 0.644956588745, 0.051565349102, 0.00198672502302, 9.27913424675e-06]
    },
    "gfcc": {
        "mean": [41.515953064, 25.5815944672, -73.5699386597, 37.4044265747, -39.2296180725, 17.727558136, -23.4286518097, 6.99025392532, -19.9961166382, 7.84278202057, -15.6158895493, 3.08588027954, -10.1087474823],
        "cov": [[14038.1777344, -69.2021255493, 31.6514263153, 1600.35302734, 264.3671875, 249.077636719, -381.341491699, 368.419067383, 48.5686454773, 299.94152832, -113.357620239, 92.7580947876, -36.2349624634], [-69.2021255493, 951.549377441, 216.7552948, 164.782653809, 100.53024292, 21.014081955, 37.433971405, 2.67676401138, 18.4860458374, -30.8182983398, 5.12255859375, -14.7096824646, 2.79707503319], [31.6514263153, 216.7552948, 570.182678223, 155.427780151, 107.484992981, 80.6075134277, 50.048576355, -18.1064281464, 9.2639093399, -0.452829658985, -2.22667717934, -5.28230142593, -23.4817256927], [1600.35302734, 164.782653809, 155.427780151, 468.870666504, 139.273605347, 91.2580413818, -38.0065574646, 64.6905441284, 9.05779647827, 45.2889900208, -23.27825737, -6.41593885422, -19.3477973938], [264.3671875, 100.53024292, 107.484992981, 139.273605347, 183.685379028, 97.9171066284, 33.8274269104, 11.1638431549, 7.12639474869, 11.2547025681, -14.2650966644, -7.18759822845, -13.6917514801], [249.077636719, 21.014081955, 80.6075134277, 91.2580413818, 97.9171066284, 157.807922363, 60.5814094543, 23.0223903656, -1.2917175293, 7.28472518921, -13.1253080368, 2.10843157768, -12.7520303726], [-381.341491699, 37.433971405, 50.048576355, -38.0065574646, 33.8274269104, 60.5814094543, 95.8622741699, 18.151309967, 9.2343454361, -7.47797346115, 7.44873094559, 1.60838282108, 2.04746651649], [368.419067383, 2.67676401138, -18.1064281464, 64.6905441284, 11.1638431549, 23.0223903656, 18.151309967, 91.6362304688, 49.0671577454, 36.1672592163, 11.8189020157, 13.0768203735, 11.4531049728], [48.5686454773, 18.4860458374, 9.2639093399, 9.05779647827, 7.12639474869, -1.2917175293, 9.2343454361, 49.0671577454, 73.1225662231, 44.8132286072, 21.1373195648, 9.02488422394, 14.0010137558], [299.94152832, -30.8182983398, -0.452829658985, 45.2889900208, 11.2547025681, 7.28472518921, -7.47797346115, 36.1672592163, 44.8132286072, 75.9343261719, 34.9847564697, 15.3031358719, 2.92472577095], [-113.357620239, 5.12255859375, -2.22667717934, -23.27825737, -14.2650966644, -13.1253080368, 7.44873094559, 11.8189020157, 21.1373195648, 34.9847564697, 66.392539978, 32.6316184998, 13.0021724701], [92.7580947876, -14.7096824646, -5.28230142593, -6.41593885422, -7.18759822845, 2.10843157768, 1.60838282108, 13.0768203735, 9.02488422394, 15.3031358719, 32.6316184998, 49.8782501221, 26.1690635681], [-36.2349624634, 2.79707503319, -23.4817256927, -19.3477973938, -13.6917514801, -12.7520303726, 2.04746651649, 11.4531049728, 14.0010137558, 2.92472577095, 13.0021724701, 26.1690635681, 52.422996521]],
        "icov": [[0.000158643364557, 1.47846130858e-05, 3.95227725676e-05, -0.000409323896747, 0.00010858852329, -0.00013617836521, 0.000464341894258, -0.000397845171392, 0.000304656539811, -0.000465117918793, 0.000542607158422, -0.000564773275983, 0.000131450724439], [1.47846130858e-05, 0.00140017992817, -0.00024374583154, -0.000774150015786, -0.000434602756286, 0.000561546941753, -0.000598615559284, 0.000443112861831, -0.00121768284589, 0.001868940657, -0.00123615737539, 0.000708715058863, -0.000335966382409], [3.95227725676e-05, -0.00024374583154, 0.00254260678776, -0.0013029165566, -7.52608393668e-05, -0.000154322187882, -0.00172767031472, 0.0025583114475, -0.00206907745451, 0.000527993950527, 0.000124928803416, -0.00117757194676, 0.0012297090143], [-0.000409323896747, -0.000774150015786, -0.0013029165566, 0.00648266030475, -0.0028443087358, -0.00147478026338, 0.0042343325913, -0.00481588346884, 0.00387086113915, -0.00196116208099, -0.000165956065757, 0.00239946530201, -0.000728553393856], [0.00010858852329, -0.000434602756286, -7.52608393668e-05, -0.0028443087358, 0.0106316925958, -0.00455473549664, -0.00195997068658, 0.00341451703571, -0.00270492769778, -0.000987115781754, 0.00169631571043, -0.000438236776972, 0.000589697388932], [-0.00013617836521, 0.000561546941753, -0.000154322187882, -0.00147478026338, -0.00455473549664, 0.0149396527559, -0.00989735219628, -0.000290034775389, 0.00275706266984, -0.00294076278806, 0.00489881867543, -0.00497947679833, 0.00285532115959], [0.000464341894258, -0.000598615559284, -0.00172767031472, 0.0042343325913, -0.00195997068658, -0.00989735219628, 0.0244615338743, -0.00958809442818, 0.00169434770942, 0.00446651503444, -0.00579225225374, 0.00439556548372, -0.00209761527367], [-0.000397845171392, 0.000443112861831, 0.0025583114475, -0.00481588346884, 0.00341451703571, -0.000290034775389, -0.00958809442818, 0.0274888258427, -0.0175806377083, 0.000473065418191, 0.00195406749845, -0.00446790643036, 0.000674695242196], [0.000304656539811, -0.00121768284589, -0.00206907745451, 0.00387086113915, -0.00270492769778, 0.00275706266984, 0.00169434770942, -0.0175806377083, 0.0373488999903, -0.0189833845943, 0.0018329564482, 0.00516932317987, -0.00743473321199], [-0.000465117918793, 0.001868940657, 0.000527993950527, -0.00196116208099, -0.000987115781754, -0.00294076278806, 0.00446651503444, 0.000473065418191, -0.0189833845943, 0.0365225896239, -0.0185577031225, 0.00329386815429, 0.00383142684586], [0.000542607158422, -0.00123615737539, 0.000124928803416, -0.000165956065757, 0.00169631571043, 0.00489881867543, -0.00579225225374, 0.00195406749845, 0.0018329564482, -0.0185577031225, 0.0373496487737, -0.0232355743647, 0.00475089065731], [-0.000564773275983, 0.000708715058863, -0.00117757194676, 0.00239946530201, -0.000438236776972, -0.00497947679833, 0.00439556548372, -0.00446790643036, 0.00516932317987, 0.00329386815429, -0.0232355743647, 0.0461076647043, -0.0194092672318], [0.000131450724439, -0.000335966382409, 0.0012297090143, -0.000728553393856, 0.000589697388932, 0.00285532115959, -0.00209761527367, 0.000674695242196, -0.00743473321199, 0.00383142684586, 0.00475089065731, -0.0194092672318, 0.0305318981409]]
    },
    "melbands": {
        "dmean": [0.0016776843695, 0.00165211490821, 0.00135748984758, 0.000472410960356, 0.000143737343024, 9.43491540966e-05, 8.71603624546e-05, 5.13375707669e-05, 2.57602569036e-05, 2.45612736762e-05, 3.0292878364e-05, 2.70992040896e-05, 3.56891396223e-05, 2.03564286494e-05, 2.25110743486e-05, 2.1763416953e-05, 2.27102591452e-05, 2.55472186836e-05, 2.66491679213e-05, 3.42104758602e-05, 1.59591545525e-05, 1.5865873138e-05, 1.44686600834e-05, 1.17634408525e-05, 1.10645041786e-05, 1.22413339341e-05, 1.30302651087e-05, 1.46917764141e-05, 1.02614585558e-05, 1.20226841318e-05, 1.37691067721e-05, 9.56155417953e-06, 8.96875280887e-06, 6.44605279376e-06, 5.25576615473e-06, 4.40682424596e-06, 3.89768729292e-06, 3.22266464536e-06, 2.71056114798e-06, 2.4206578928e-06],
        "dmean2": [0.00264244480059, 0.00285370391794, 0.00238022115082, 0.000774593558162, 0.000241855872446, 0.000155299218022, 0.000138286006404, 8.3516286395e-05, 4.20887372456e-05, 3.87821673939e-05, 4.83342846564e-05, 4.40420626546e-05, 5.52868077648e-05, 3.12208576361e-05, 3.62154823961e-05, 3.66792774003e-05, 3.89639026253e-05, 4.40284238721e-05, 4.6216940973e-05, 5.89072114963e-05, 2.78500119748e-05, 2.66125462076e-05, 2.41479428951e-05, 1.88534486369e-05, 1.76006215042e-05, 1.97775698325e-05, 2.10884918488e-05, 2.30003970501e-05, 1.62870201166e-05, 1.93628984562e-05, 2.1832260245e-05, 1.5246681869e-05, 1.47953896885e-05, 1.01000323411e-05, 8.38971118355e-06, 6.93527636031e-06, 6.06904404776e-06, 4.96711936648e-06, 4.08588311984e-06, 3.57686394636e-06],
        "dvar": [6.87808505972e-06, 1.04553355413e-05, 8.06729804026e-06, 7.8619427768e-07, 6.7381513702e-08, 2.14898054907e-08, 1.99662100187e-08, 6.17301543215e-09, 1.75286996029e-09, 1.43759659732e-09, 2.57120791325e-09, 1.57381474519e-09, 2.8152475906e-09, 8.70471195125e-10, 1.22536225611e-09, 1.24940968682e-09, 1.49972922969e-09, 1.8736763252e-09, 2.09954942321e-09, 3.99362098946e-09, 7.78807796031e-10, 6.86365853042e-10, 5.32289989863e-10, 3.831715778e-10, 2.83913004218e-10, 3.21069532072e-10, 4.09371925247e-10, 5.01200803082e-10, 2.30876623375e-10, 3.53428092348e-10, 4.3332262778e-10, 2.50136689139e-10, 3.1379512877e-10, 9.68165408954e-11, 6.78379297181e-11, 4.55950416312e-11, 3.28338849165e-11, 2.31679675444e-11, 1.49585205333e-11, 1.07370085045e-11],
        "dvar2": [1.73773132701e-05, 2.91917458526e-05, 2.24450450332e-05, 1.94606445802e-06, 1.85269513509e-07, 5.9248932871e-08, 5.04412938085e-08, 1.59484763174e-08, 4.57581750268e-09, 3.48141648843e-09, 6.22656370908e-09, 3.96056787366e-09, 6.53553344776e-09, 1.93935756343e-09, 3.01713098949e-09, 3.22717985668e-09, 3.96500210442e-09, 4.99515140362e-09, 5.58394663841e-09, 1.07000364125e-08, 2.14726569858e-09, 1.81081705186e-09, 1.38047606679e-09, 9.46903000454e-10, 6.47646603014e-10, 7.29518390141e-10, 9.62695589912e-10, 1.12536113761e-09, 5.42687894622e-10, 8.8078982996e-10, 1.00819685933e-09, 5.86543758008e-10, 8.29515345302e-10, 2.30438237936e-10, 1.71064731824e-10, 1.08476574945e-10, 7.59759408164e-11, 5.20811414828e-11, 3.265651638e-11, 2.21273659118e-11],
        "max": [0.0379422865808, 0.0472799912095, 0.0289363227785, 0.0153749650344, 0.00675157876685, 0.00241004838608, 0.00320717040449, 0.00159484718461, 0.000744580698665, 0.000685577979311, 0.00110567442607, 0.00108039332554, 0.000691301072948, 0.000343725754647, 0.000454444758361, 0.00042710598791, 0.000614145712461, 0.000531828438397, 0.000484856427647, 0.000755160581321, 0.000317714817356, 0.0004261272843, 0.000341401726473, 0.000328182970406, 0.000202966766665, 0.000242588066612, 0.000242541151238, 0.000276520266198, 0.000220300717046, 0.000194986147108, 0.000265126436716, 0.000183523472515, 0.000283126515569, 0.000110230081191, 0.000127166058519, 9.72349298536e-05, 6.21075378149e-05, 6.08300397289e-05, 4.51121741207e-05, 3.95007118641e-05],
        "mean": [0.00575499050319, 0.00299774995074, 0.00171330594458, 0.000667491869535, 0.000221142923692, 0.000174513377715, 0.000181371491635, 9.63213969953e-05, 4.24969148298e-05, 4.62412426714e-05, 6.11534633208e-05, 4.16592738475e-05, 5.06693795614e-05, 2.82793625956e-05, 3.06194451696e-05, 2.74705998891e-05, 2.82198088826e-05, 3.06764231937e-05, 3.06315196212e-05, 3.95063289034e-05, 2.01813509193e-05, 2.10715988942e-05, 2.06284203159e-05, 1.87693422049e-05, 1.68286642293e-05, 1.89881593542e-05, 1.92464831343e-05, 2.28858225455e-05, 1.67888319993e-05, 1.65584824572e-05, 1.84863183676e-05, 1.26809418362e-05, 1.12602801892e-05, 9.6394242064e-06, 8.11012250779e-06, 6.8219642344e-06, 6.18610329184e-06, 5.43264059161e-06, 4.54109431303e-06, 4.09617587138e-06],
        "median": [0.00380604853854, 0.00215325597674, 0.000761539093219, 0.000263577298028, 0.000121462297102, 8.67461349117e-05, 0.000102340505691, 5.03056362504e-05, 2.22399758059e-05, 2.37415988522e-05, 2.45645496761e-05, 2.4017324904e-05, 2.68977200903e-05, 1.35319223773e-05, 1.61066927831e-05, 1.36271728479e-05, 1.3926192878e-05, 1.62951691891e-05, 1.42876815517e-05, 1.67063808476e-05, 9.31165413931e-06, 9.5855748441e-06, 9.91874367173e-06, 8.80369134393e-06, 9.21241644392e-06, 1.03968613985e-05, 9.40075187827e-06, 9.80942968454e-06, 8.12102643977e-06, 8.44090391183e-06, 9.95815844362e-06, 6.02121781412e-06, 5.1559941312e-06, 4.79115851704e-06, 4.37311291535e-06, 3.57094177161e-06, 2.97088422485e-06, 2.65822586698e-06, 2.22842209041e-06, 2.01000125344e-06],
        "min": [1.40528460656e-24, 2.03163947505e-24, 8.5452657444e-25, 1.16680761618e-24, 9.86645984923e-25, 2.52283594503e-24, 2.04807933632e-24, 2.33921614478e-24, 2.48768666968e-24, 2.77080312932e-24, 2.96745057299e-24, 2.65183442456e-24, 1.76254541243e-24, 4.32415130716e-24, 3.7971705288e-24, 3.84288501826e-24, 3.48902331542e-24, 3.50292659444e-24, 3.47829283495e-24, 2.50331262371e-24, 5.17206988962e-24, 4.31160684105e-24, 4.23198908203e-24, 4.71993623395e-24, 4.93661186992e-24, 5.33607564954e-24, 4.97614563419e-24, 3.49163050071e-24, 4.69187526826e-24, 5.0558592398e-24, 5.43360765085e-24, 6.75251129803e-24, 6.5897759986e-24, 6.40441182968e-24, 6.25011576421e-24, 5.8937443004e-24, 6.2512773619e-24, 7.04765098395e-24, 6.94382268932e-24, 5.51060757494e-24],
        "var": [3.59487276e-05, 1.11301278594e-05, 7.74945874582e-06, 1.19664355225e-06, 1.00004911019e-07, 5.82615982125e-08, 5.81860497562e-08, 1.73927503511e-08, 3.30030847095e-09, 3.65053720586e-09, 9.36017219288e-09, 2.83571854887e-09, 4.37536451514e-09, 1.36378908167e-09, 1.58939517103e-09, 1.37405398171e-09, 1.56512269811e-09, 1.75598136032e-09, 1.89533055917e-09, 3.56571105975e-09, 7.86782250461e-10, 8.26862189829e-10, 7.56755103026e-10, 7.03752944808e-10, 4.54358245472e-10, 5.69231550784e-10, 6.31958096964e-10, 9.88529369472e-10, 4.52364867787e-10, 4.56230830892e-10, 5.74395531139e-10, 3.14309051008e-10, 2.94336499618e-10, 1.50382775677e-10, 9.95926605074e-11, 7.30497815016e-11, 6.10734310347e-11, 4.81600037627e-11, 3.21030702022e-11, 2.55605207139e-11]
    },
    "mfcc": {
        "mean": [-616.28692627, 71.5352172852, 21.9857406616, 30.5537185669, 11.2587203979, 17.3349342346, 8.65512466431, 5.60986280441, 5.77971076965, 4.778008461, 0.238992154598, 0.60117816925, 2.49068951607],
        "cov": [[8896.58203125, 281.453094482, 322.474182129, 769.999633789, 500.252624512, 236.856430054, 33.5668716431, 22.7507610321, 89.4282302856, 97.3844451904, 120.406959534, 204.055450439, 65.4340209961], [281.453094482, 644.584106445, 138.850494385, 154.890197754, 106.575820923, 70.8067474365, 38.7943229675, 35.6220664978, 24.2841072083, 11.1504964828, 23.9228534698, 26.7806892395, -10.1721153259], [322.474182129, 138.850494385, 398.199615479, 154.080047607, 97.1951675415, 88.5511779785, 44.9032287598, 33.8334732056, 7.40777349472, 15.1130542755, 31.2341117859, 7.04742336273, -5.59762430191], [769.999633789, 154.890197754, 154.080047607, 257.346740723, 130.100357056, 61.7398872375, 23.6769542694, 7.50802326202, 14.0287647247, 21.108001709, 18.8593292236, 29.8342399597, 0.331660836935], [500.252624512, 106.575820923, 97.1951675415, 130.100357056, 156.316009521, 102.804161072, 43.1647605896, 24.4086723328, 22.106256485, 21.1513290405, 20.0355243683, 18.4836368561, 1.0279635191], [236.856430054, 70.8067474365, 88.5511779785, 61.7398872375, 102.804161072, 163.323974609, 86.5051727295, 41.8427619934, 20.0439739227, 12.0163564682, 18.9111633301, -2.68761658669, -2.97650623322], [33.5668716431, 38.7943229675, 44.9032287598, 23.6769542694, 43.1647605896, 86.5051727295, 96.5015411377, 49.3338928223, 14.5434265137, 4.0281920433, 10.8212156296, 3.22504687309, 2.10371923447], [22.7507610321, 35.6220664978, 33.8334732056, 7.50802326202, 24.4086723328, 41.8427619934, 49.3338928223, 70.8543624878, 32.7994880676, 6.90959453583, 8.14892292023, 4.44541549683, 0.176228508353], [89.4282302856, 24.2841072083, 7.40777349472, 14.0287647247, 22.106256485, 20.0439739227, 14.5434265137, 32.7994880676, 63.8567008972, 35.2506828308, 6.39619731903, -0.71745711565, 1.95143449306], [97.3844451904, 11.1504964828, 15.1130542755, 21.108001709, 21.1513290405, 12.0163564682, 4.0281920433, 6.90959453583, 35.2506828308, 69.6335067749, 33.3579444885, 3.5412068367, -0.612344026566], [120.406959534, 23.9228534698, 31.2341117859, 18.8593292236, 20.0355243683, 18.9111633301, 10.8212156296, 8.14892292023, 6.39619731903, 33.3579444885, 60.5740356445, 26.9135246277, 1.55671942234], [204.055450439, 26.7806892395, 7.04742336273, 29.8342399597, 18.4836368561, -2.68761658669, 3.22504687309, 4.44541549683, -0.71745711565, 3.5412068367, 26.9135246277, 62.1757125854, 23.1567707062], [65.4340209961, -10.1721153259, -5.59762430191, 0.331660836935, 1.0279635191, -2.97650623322, 2.10371923447, 0.176228508353, 1.95143449306, -0.612344026566, 1.55671942234, 23.1567707062, 55.9576377869]],
