{
"lowlevel": {
    "average_loudness": 0.451074838638,
    "barkbands_crest": {
        "dmean": 3.14794754982,
        "dmean2": 5.30126047134,
        "dvar": 7.7513256073,
        "dvar2": 21.5969734192,
        "max": 26.6330795288,
        "mean": 11.429022789,
        "median": 10.4548358917,
        "min": 3.01974344254,
        "var": 23.6257381439
    },
    "barkbands_flatness_db": {
        "dmean": 0.0248142406344,
        "dmean2": 0.0404328815639,
        "dvar": 0.000655720534269,
        "dvar2": 0.00160961260553,
        "max": 0.654734194279,
        "mean": 0.203521192074,
        "median": 0.167198583484,
        "min": 0.039975091815,
        "var": 0.0121317934245
    },
    "barkbands_kurtosis": {
        "dmean": 4.88819169998,
        "dmean2": 8.03938865662,
        "dvar": 253.047912598,
        "dvar2": 609.755615234,
        "max": 495.869781494,
        "mean": 7.07773351669,
        "median": 2.56575608253,
        "min": -1.81611812115,
        "var": 464.811096191
    },
    "barkbands_skewness": {
        "dmean": 0.669909179211,
        "dmean2": 1.10600566864,
        "dvar": 0.658883929253,
        "dvar2": 1.65593039989,
        "max": 18.896697998,
        "mean": 1.70496857166,
        "median": 1.49544560909,
        "min": -4.7513885498,
        "var": 2.52862596512
    },
    "barkbands_spread": {
        "dmean": 3.24472784996,
        "dmean2": 5.34968709946,
        "dvar": 10.2707700729,
        "dvar2": 27.1202373505,
        "max": 78.2940063477,
        "mean": 13.6828317642,
        "median": 13.1544828415,
        "min": 0.0436333045363,
        "var": 72.7226257324
    },
    "dissonance": {
        "dmean": 0.0272479150444,
        "dmean2": 0.0464134886861,
        "dvar": 0.000751703686547,
        "dvar2": 0.00211360375397,
        "max": 0.500000059605,
        "mean": 0.432475954294,
        "median": 0.45263043046,
        "min": 0.0693243965507,
        "var": 0.00453793117777
    },
    "dynamic_complexity": 6.50647115707,
    "erbbands_crest": {
        "dmean": 2.17278981209,
        "dmean2": 3.48109269142,
        "dvar": 4.15654850006,
        "dvar2": 10.1186580658,
        "max": 31.5001811981,
        "mean": 9.42804336548,
        "median": 7.80094718933,
        "min": 2.48696327209,
        "var": 25.9442119598
    },
    "erbbands_flatness_db": {
        "dmean": 0.0145976599306,
        "dmean2": 0.0220273993909,
        "dvar": 0.000248756667133,
        "dvar2": 0.000540979963262,
        "max": 0.585353672504,
        "mean": 0.202133327723,
        "median": 0.174400866032,
        "min": 0.0743166878819,
        "var": 0.00744744157419
    },
    "erbbands_kurtosis": {
        "dmean": 0.814328491688,
        "dmean2": 1.29385221004,
        "dvar": 2.18527722359,
        "dvar2": 5.31480789185,
        "max": 58.3144416809,
        "mean": 0.617441475391,
        "median": -0.0940417051315,
        "min": -1.82254886627,
        "var": 7.40390920639
    },
    "erbbands_skewness": {
        "dmean": 0.313438862562,
        "dmean2": 0.489208847284,
        "dvar": 0.0904472321272,
        "dvar2": 0.221480965614,
        "max": 6.56469583511,
        "mean": 0.306175321341,
        "median": 0.26204842329,
        "min": -5.68833637238,
        "var": 0.577246248722
    },
    "erbbands_spread": {
        "dmean": 4.94757223129,
        "dmean2": 7.96723556519,
        "dvar": 23.6931037903,
        "dvar2": 60.2973022461,
        "max": 94.7884902954,
        "mean": 27.1608657837,
        "median": 27.5236167908,
        "min": 0.548693954945,
        "var": 137.36541748
    },
    "hfc": {
        "dmean": 2.71391105652,
        "dmean2": 4.22511053085,
        "dvar": 20.4288845062,
        "dvar2": 48.0065422058,
        "max": 126.377731323,
        "mean": 12.8892374039,
        "median": 8.42134857178,
        "min": 1.10973584833e-16,
        "var": 219.37286377
    },
    "melbands_crest": {
        "dmean": 3.65144014359,
        "dmean2": 6.14982557297,
        "dvar": 9.14800643921,
        "dvar2": 25.8534793854,
        "max": 35.1163978577,
        "mean": 15.6401672363,
        "median": 15.2970523834,
        "min": 1.55735874176,
        "var": 28.506067276
    },
    "melbands_flatness_db": {
        "dmean": 0.0301922876388,
        "dmean2": 0.0493234395981,
        "dvar": 0.000919594429433,
        "dvar2": 0.00226254947484,
        "max": 0.813518285751,
        "mean": 0.297926545143,
        "median": 0.2613709867,
        "min": 0.00345487403683,
        "var": 0.0161140281707
    },
    "melbands_kurtosis": {
        "dmean": 7.35414886475,
        "dmean2": 12.3206720352,
        "dvar": 193.597610474,
        "dvar2": 499.431762695,
        "max": 463.410186768,
        "mean": 13.0099811554,
        "median": 6.93514919281,
        "min": -1.85590648651,
        "var": 444.150970459
    },
    "melbands_skewness": {
        "dmean": 0.788368105888,
        "dmean2": 1.30126297474,
        "dvar": 0.624325633049,
        "dvar2": 1.64826738834,
        "max": 15.651268959,
        "mean": 2.54284214973,
        "median": 2.30293130875,
        "min": -3.5190217495,
        "var": 2.60763573647
    },
    "melbands_spread": {
        "dmean": 4.2487039566,
        "dmean2": 7.06924438477,
        "dvar": 22.7151527405,
        "dvar2": 60.0059127808,
        "max": 156.007904053,
        "mean": 15.1087999344,
        "median": 12.5504646301,
        "min": 0.178208976984,
        "var": 210.058700562
    },
    "pitch_salience": {
        "dmean": 0.084297567606,
        "dmean2": 0.14110866189,
        "dvar": 0.00540355034173,
        "dvar2": 0.0151713481173,
        "max": 0.91938573122,
        "mean": 0.492200523615,
        "median": 0.503344118595,
        "min": 0.0538230501115,
        "var": 0.0146755129099
    },
    "silence_rate_20dB": {
        "dmean": 0,
        "dmean2": 0,
        "dvar": 0,
        "dvar2": 0,
        "max": 1,
        "mean": 1,
        "median": 1,
        "min": 1,
        "var": 0
    },
    "silence_rate_30dB": {
        "dmean": 0.0267505906522,
        "dmean2": 0.0535058565438,
        "dvar": 0.0260339956731,
        "dvar2": 0.0611363425851,
        "max": 1,
        "mean": 0.968269228935,
        "median": 1,
        "min": 0,
        "var": 0.0307239852846
    },
    "silence_rate_60dB": {
        "dmean": 0.0197569709271,
        "dmean2": 0.0395173989236,
        "dvar": 0.0193717908114,
        "dvar2": 0.0435465052724,
        "max": 1,
        "mean": 0.238723769784,
        "median": 0,
        "min": 0,
        "var": 0.181750848889
    },
    "spectral_centroid": {
        "dmean": 149.964324951,
        "dmean2": 242.622573853,
        "dvar": 30846.3691406,
        "dvar2": 70420.140625,
        "max": 11607.0869141,
        "mean": 933.530700684,
        "median": 856.707946777,
        "min": 68.3482437134,
        "var": 626430.5
    },
    "spectral_complexity": {
        "dmean": 1.84456682205,
        "dmean2": 3.07326459885,
        "dvar": 3.62687134743,
        "dvar2": 9.54127502441,
        "max": 46,
        "mean": 14.6170454025,
        "median": 16,
        "min": 0,
        "var": 91.8323745728
    },
    "spectral_decrease": {
        "dmean": 3.10091752276e-09,
        "dmean2": 5.18532061733e-09,
        "dvar": 3.14339319944e-17,
        "dvar2": 8.57464952093e-17,
        "max": 6.02679038018e-18,
        "mean": -7.76151765081e-09,
        "median": -5.31849986274e-09,
        "min": -1.1008095413e-07,
        "var": 7.47996663921e-17
    },
    "spectral_energy": {
        "dmean": 0.0118796871975,
        "dmean2": 0.0198363475502,
        "dvar": 0.000458351220004,
        "dvar2": 0.00124807993416,
        "max": 0.419711261988,
        "mean": 0.0304628312588,
        "median": 0.0209895558655,
        "min": 9.91313683261e-21,
        "var": 0.00113563006744
    },
    "spectral_energyband_high": {
        "dmean": 4.37282942585e-05,
        "dmean2": 7.18309747754e-05,
        "dvar": 7.71809816058e-09,
        "dvar2": 2.04723935582e-08,
        "max": 0.00453287735581,
        "mean": 0.000173629799974,
        "median": 4.57643691334e-05,
        "min": 7.08169678805e-21,
        "var": 8.40829272875e-08
    },
    "spectral_energyband_low": {
        "dmean": 0.0104309469461,
        "dmean2": 0.01789598912,
        "dvar": 0.000386026833439,
        "dvar2": 0.00108222733252,
        "max": 0.374934315681,
        "mean": 0.0165487080812,
        "median": 0.00822290871292,
        "min": 1.89361027366e-23,
        "var": 0.000569421157707
    },
    "spectral_energyband_middle_high": {
        "dmean": 0.00115212739911,
        "dmean2": 0.00183559046127,
        "dvar": 4.63198102807e-06,
        "dvar2": 1.13610331027e-05,
        "max": 0.0600501336157,
        "mean": 0.00418277643621,
        "median": 0.00229402678087,
        "min": 1.2403574295e-21,
        "var": 3.01952495647e-05
    },
    "spectral_energyband_middle_low": {
        "dmean": 0.00405624741688,
        "dmean2": 0.0062865796499,
        "dvar": 4.42217788077e-05,
        "dvar2": 0.000102142628748,
        "max": 0.122174821794,
        "mean": 0.010914654471,
        "median": 0.00740416441113,
        "min": 1.42535212753e-22,
        "var": 0.000161242918693
    },
    "spectral_entropy": {
        "dmean": 0.131490811706,
        "dmean2": 0.208588853478,
        "dvar": 0.0265519637614,
        "dvar2": 0.0616483427584,
        "max": 9.82162284851,
        "mean": 6.87337350845,
        "median": 7.15896320343,
        "min": 3.18967103958,
        "var": 0.828798413277
    },
    "spectral_flux": {
        "dmean": 0.0217624623328,
        "dmean2": 0.0360668897629,
        "dvar": 0.000841142667923,
        "dvar2": 0.00205849134363,
        "max": 0.561153113842,
        "mean": 0.080860234797,
        "median": 0.0737428218126,
        "min": 6.37390834557e-11,
        "var": 0.00365889747627
    },
    "spectral_kurtosis": {
        "dmean": 6.24279928207,
        "dmean2": 10.6127538681,
        "dvar": 199.123626709,
        "dvar2": 542.628723145,
        "max": 383.308929443,
        "mean": 21.7649002075,
        "median": 7.26453542709,
        "min": -1.2548224926,
        "var": 1794.71923828
    },
    "spectral_rms": {
        "dmean": 0.000889275572263,
        "dmean2": 0.00145843962673,
        "dvar": 1.27262012484e-06,
        "dvar2": 3.36702373716e-06,
        "max": 0.0202354732901,
        "mean": 0.00457812473178,
        "median": 0.00452522002161,
        "min": 3.10987975823e-12,
        "var": 8.76049125509e-06
    },
    "spectral_rolloff": {
        "dmean": 222.870132446,
        "dmean2": 387.601715088,
        "dvar": 114065.445312,
        "dvar2": 262082.40625,
        "max": 19767.4804688,
        "mean": 938.141235352,
        "median": 667.529296875,
        "min": 43.06640625,
        "var": 3862992.75
    },
    "spectral_skewness": {
        "dmean": 0.393762737513,
        "dmean2": 0.664733946323,
        "dvar": 0.352523684502,
        "dvar2": 0.92432230711,
        "max": 15.6715126038,
        "mean": 2.80807471275,
        "median": 1.9434953928,
        "min": -0.0815790146589,
        "var": 5.45613336563
    },
    "spectral_spread": {
        "dmean": 279735.09375,
        "dmean2": 452541.75,
        "dvar": 168327233536,
        "dvar2": 349625647104,
        "max": 42742652,
        "mean": 3083264.25,
        "median": 3012813,
        "min": 237171.546875,
        "var": 7.06786780774e+12
    },
    "spectral_strongpeak": {
        "dmean": 0.323759257793,
        "dmean2": 0.558613359928,
        "dvar": 0.455266743898,
        "dvar2": 1.21014094353,
        "max": 12.2782659531,
        "mean": 0.546151995659,
        "median": 0.275882422924,
        "min": 0,
        "var": 0.729558885098
    },
    "zerocrossingrate": {
        "dmean": 0.00453274743631,
        "dmean2": 0.00610586348921,
        "dvar": 3.88127482438e-05,
        "dvar2": 7.56775625632e-05,
        "max": 0.52294921875,
        "mean": 0.0363076813519,
        "median": 0.0302734375,
        "min": 0.00244140625,
        "var": 0.00258063571528
    },
    "barkbands": {
        "dmean": [0.000285327085294, 0.00766303204, 0.00402601016685, 0.00190172030125, 0.00116206984967, 0.00103367294651, 0.000795155123342, 0.000747600977775, 0.000903347681742, 0.000393491529394, 0.000400880118832, 0.000386022031307, 0.000319006096106, 0.000279532192508, 0.000134374029585, 0.000243532849709, 0.000106039260572, 0.000112708941742, 7.20646494301e-05, 4.60703158751e-05, 2.13097373489e-05, 1.04305290733e-05, 6.80883431414e-06, 3.92983520214e-06, 2.70726468443e-06, 1.85879594028e-06, 5.84689757943e-07],
        "dmean2": [0.000471087842016, 0.0133675066754, 0.00701780570671, 0.00320720952004, 0.00192701711785, 0.00166520872153, 0.00119364983402, 0.00111828709487, 0.00140521815047, 0.000620556471404, 0.000642230734229, 0.000636307813693, 0.000527777359821, 0.000450675492175, 0.000223226976232, 0.000407192303101, 0.000181667302968, 0.000191803061171, 0.000124023819808, 7.93878498371e-05, 3.6242108763e-05, 1.73470834852e-05, 1.10355058496e-05, 6.37426137473e-06, 4.13847328673e-06, 2.72352008324e-06, 9.30926546516e-07],
        "dvar": [4.43802690597e-07, 0.000237457541516, 5.63839457755e-05, 1.39807398227e-05, 4.44218403572e-06, 3.37096980729e-06, 3.62801188203e-06, 2.56142652688e-06, 4.33159266322e-06, 9.85627139016e-07, 8.13400390598e-07, 6.57518114622e-07, 5.91850266574e-07, 6.84998042288e-07, 2.0475752649e-07, 3.70709869912e-07, 5.45657421469e-08, 6.83824126213e-08, 2.98975493251e-08, 1.01934372054e-08, 2.25967577983e-09, 5.34133681729e-10, 3.9034242505e-10, 1.2547365924e-10, 4.09209957586e-11, 1.84322123536e-11, 2.29616933106e-12],
        "dvar2": [1.23698850985e-06, 0.000682147045154, 0.000154895271407, 3.49837173417e-05, 1.16661803986e-05, 8.66604841576e-06, 7.79510810389e-06, 4.98540521221e-06, 9.88597548712e-06, 2.40360100179e-06, 1.86937234048e-06, 1.72209036009e-06, 1.60702666108e-06, 1.57377860432e-06, 4.92543733799e-07, 9.03794386886e-07, 1.5275523424e-07, 1.90159454405e-07, 8.59517967911e-08, 2.98794091691e-08, 6.40546859998e-09, 1.50450762959e-09, 9.48944922641e-10, 3.27572441394e-10, 9.74691369282e-11, 3.96630506216e-11, 4.64316042212e-12],
        "max": [0.0155340135098, 0.265521943569, 0.103140197694, 0.0699943304062, 0.0428017303348, 0.0335706435144, 0.0828801319003, 0.0753826573491, 0.0448446981609, 0.0260652322322, 0.0321159251034, 0.0176597088575, 0.0194001179188, 0.0244908276945, 0.0288667343557, 0.0272481460124, 0.00863498728722, 0.00611598649994, 0.00607312843204, 0.00238872226328, 0.00132206489798, 0.000901014893316, 0.0016090561403, 0.000645466323476, 0.000184432588867, 0.000219276320422, 0.000116530623927],
        "mean": [0.000505042553414, 0.0101583730429, 0.00458271987736, 0.00234282226302, 0.00176933128387, 0.00191580702085, 0.00172263791319, 0.00144941778854, 0.00160387391225, 0.000664636376314, 0.000656651973259, 0.000658520089928, 0.000539694039617, 0.000471092324005, 0.000215645181015, 0.00041830050759, 0.000196770604816, 0.000216604283196, 0.000149753162987, 9.92621353362e-05, 5.40618384548e-05, 2.84738180198e-05, 2.02932151296e-05, 1.15280217869e-05, 7.1544709499e-06, 3.57345697921e-06, 8.24854737402e-07],
        "median": [7.10322347004e-05, 0.00398039910942, 0.0016728064511, 0.000889070390258, 0.000918167643249, 0.000869232113473, 0.00051228958182, 0.000599741877522, 0.000473795720609, 0.000215828593355, 0.000226026051678, 0.000231581696426, 0.000183134136023, 0.000113538728328, 9.6988864243e-05, 0.00019752222579, 8.81197483977e-05, 6.19161437498e-05, 4.52625536127e-05, 3.2861247746e-05, 1.46417751239e-05, 7.2166121754e-06, 3.75585341317e-06, 2.47893740379e-06, 1.45751812397e-06, 5.36607672075e-07, 9.84821184602e-08],
        "min": [1.1701585987e-24, 7.4524904562e-24, 4.34478711958e-24, 1.30209223244e-24, 7.93155621761e-24, 9.32317311874e-24, 6.13300660182e-24, 7.28227320552e-24, 1.40917694488e-23, 1.89349872873e-23, 1.96370908478e-23, 1.98992529925e-23, 5.10131987382e-23, 4.44802345298e-23, 5.21564948481e-23, 6.53484611494e-23, 5.43960236264e-23, 9.59470945528e-23, 9.90678914027e-23, 1.51382155276e-22, 2.72512542445e-22, 3.3982656098e-22, 4.36105936368e-22, 5.610668049e-22, 9.09785683683e-22, 1.26642684641e-21, 1.96629131683e-21],
        "var": [1.05261949557e-06, 0.00029039857327, 5.98674523644e-05, 1.76376270247e-05, 6.37741550236e-06, 8.36192612041e-06, 2.29659272009e-05, 1.31569513542e-05, 1.09941274786e-05, 2.33200103139e-06, 1.91192020793e-06, 1.29943293814e-06, 1.28704402869e-06, 1.49085371959e-06, 3.3013122902e-07, 7.87071996911e-07, 1.26962930835e-07, 1.54899709059e-07, 7.05209757257e-08, 2.65456669979e-08, 8.90105766871e-09, 2.47051978874e-09, 2.29498353654e-09, 8.49754600019e-10, 1.84264992154e-10, 5.56087745296e-11, 4.98420358805e-12]
    },
    "erbbands": {
        "dmean": [0.218162000179, 1.8284060955, 4.33525848389, 5.67249774933, 5.15853786469, 3.15101528168, 6.28183889389, 9.88391304016, 11.9078245163, 11.1103792191, 15.1490783691, 19.5539627075, 15.0348510742, 12.9925336838, 16.0830307007, 11.2296390533, 14.1239547729, 13.4264717102, 8.13048934937, 7.88814592361, 11.1236133575, 6.89133644104, 6.26025772095, 4.4554605484, 2.94180297852, 1.59822618961, 1.17289710045, 0.63412219286, 0.404775202274, 0.301525622606, 0.176064476371, 0.106499888003, 0.0542432442307, 0.0377874448895, 0.0159537363797, 0.00577355735004, 0.00473818974569, 0.000864089466631, 0.00010231811757, 1.50337100422e-05],
        "dmean2": [0.377208828926, 3.2081258297, 7.54455137253, 9.52535820007, 8.56488895416, 5.34710454941, 10.4813337326, 15.7482395172, 18.3308506012, 16.2217464447, 23.3496494293, 30.6508369446, 23.5126552582, 20.5807781219, 26.0515937805, 18.4503383636, 23.2541007996, 21.597700119, 13.4682416916, 12.9742221832, 18.7468109131, 11.822766304, 10.6810388565, 7.71352434158, 5.00731992722, 2.73112726212, 2.01734638214, 1.07426130772, 0.679279446602, 0.497486650944, 0.28442761302, 0.174774125218, 0.0859740003943, 0.0580203831196, 0.0248379502445, 0.00892621185631, 0.00692528486252, 0.00131007481832, 0.000162478827406, 2.42460810114e-05],
        "dvar": [0.196356907487, 13.564576149, 66.3756103516, 122.080612183, 84.1960372925, 40.2620773315, 153.511642456, 344.682769775, 741.722290039, 630.299133301, 947.733520508, 2172.71655273, 1351.34143066, 872.364135742, 1322.76452637, 530.825256348, 1116.80175781, 1979.49194336, 394.072174072, 463.578491211, 538.1640625, 244.580886841, 222.639633179, 180.366638184, 39.4995689392, 10.7141265869, 6.61150121689, 2.75638318062, 0.738821148872, 0.523271143436, 0.358553558588, 0.0922362357378, 0.0206181406975, 0.00816503260285, 0.00138485885691, 0.000219931956963, 0.000120949145639, 4.28726298196e-06, 6.34903045693e-08, 7.640522659e-10],
        "dvar2": [0.57472205162, 38.7740440369, 183.823440552, 308.530517578, 215.362625122, 108.555274963, 420.49118042, 858.40234375, 1630.3203125, 1142.41174316, 2103.59204102, 5117.18359375, 3106.62939453, 2051.56958008, 3206.92333984, 1411.01708984, 3009.92089844, 4525.35107422, 1050.29870605, 1087.4486084, 1418.22631836, 682.313903809, 626.438415527, 502.80657959, 109.617271423, 31.1833877563, 19.0925769806, 7.86366987228, 2.03346610069, 1.43396615982, 0.857817411423, 0.246616974473, 0.0515074804425, 0.0200108159333, 0.00334431254305, 0.000521763635334, 0.000260046042968, 8.70437906997e-06, 1.33465078989e-07, 1.82135551086e-09],
        "max": [6.99853467941, 62.0057144165, 129.831604004, 176.815963745, 200.85597229, 119.930076599, 216.879821777, 405.704284668, 1218.10412598, 1238.06640625, 1371.01843262, 1161.31726074, 1013.57397461, 1213.42626953, 1212.40710449, 412.165985107, 856.818969727, 1445.63476562, 767.319274902, 984.122192383, 819.251831055, 598.043395996, 368.682037354, 677.558044434, 145.077407837, 92.1818389893, 72.9780654907, 72.9166030884, 30.9209690094, 23.4958343506, 54.3124160767, 19.2806968689, 7.3267583847, 2.85359597206, 1.2624976635, 0.667292356491, 0.420388907194, 0.132719621062, 0.0181692559272, 0.00138952326961],
        "mean": [0.285829007626, 2.27970170975, 5.28786039352, 7.16425991058, 7.22205257416, 4.61029577255, 9.64959430695, 18.8245429993, 25.0643787384, 25.8077640533, 29.4231338501, 34.6618537903, 27.7458019257, 23.2400131226, 28.4087467194, 21.0332508087, 25.4169940948, 24.7194824219, 15.263584137, 14.8433427811, 20.5294704437, 13.5865163803, 12.286860466, 9.55305480957, 6.50225448608, 3.9827401638, 2.89949798584, 1.59273266792, 1.08726477623, 0.853150546551, 0.539250791073, 0.298743724823, 0.16290487349, 0.099194355309, 0.0409296676517, 0.0142582142726, 0.00748284626752, 0.00141558796167, 0.000160362164024, 4.05510654673e-05],
        "median": [0.0878932029009, 0.884873747826, 2.09455442429, 3.01700401306, 3.09175086021, 2.44539403915, 4.5584564209, 7.58482837677, 8.46493911743, 10.4970436096, 13.777431488, 10.9139528275, 9.07479286194, 9.60395717621, 10.5825328827, 8.53857326508, 9.54254150391, 7.76692771912, 7.44318532944, 8.21370124817, 10.6509914398, 6.51929521561, 3.87785720825, 2.84702777863, 2.1515288353, 1.27856755257, 0.839754104614, 0.374605178833, 0.237626224756, 0.208869740367, 0.10483391583, 0.0633026510477, 0.0340311527252, 0.0195440035313, 0.00859390385449, 0.0031006236095, 0.000840130611323, 0.000163764576428, 2.93072152999e-05, 2.55884806393e-05],
        "min": [1.58547612381e-22, 9.52837748653e-22, 5.35476904344e-21, 4.90983432728e-21, 6.56589272667e-21, 1.87109595497e-20, 9.01193631837e-20, 8.74528107698e-20, 1.77196265602e-19, 2.69546728768e-19, 2.46401672391e-19, 3.16991172066e-19, 5.22687777652e-19, 9.78812331411e-19, 1.41183269669e-18, 1.17549633893e-18, 1.92007831443e-18, 2.0448645069e-18, 2.89498304463e-18, 2.84147252401e-18, 5.01785502599e-18, 4.35900235937e-18, 6.90522310348e-18, 5.31712318135e-18, 8.2979400698e-18, 6.84994634546e-18, 1.06608236758e-17, 1.15419769961e-17, 1.03118287307e-17, 1.37161112212e-17, 1.33536026265e-17, 1.06787288273e-17, 9.16877679355e-18, 8.60725185216e-18, 7.14820368611e-18, 4.39264214052e-18, 2.16713979261e-18, 8.65335765873e-19, 2.71169915624e-19, 2.59779270235e-20],
        "var": [0.247249767184, 15.451543808, 74.125831604, 150.29460144, 128.194213867, 48.7684020996, 221.036880493, 1005.41546631, 3860.02587891, 4700.6328125, 3312.08837891, 5267.83496094, 3444.33569336, 2047.17163086, 2928.41333008, 1165.41394043, 2502.56445312, 4426.18017578, 764.172058105, 919.928649902, 1164.74731445, 557.778442383, 484.731781006, 400.065032959, 109.038513184, 37.5156974792, 22.4755592346, 10.1298513412, 3.64709210396, 2.44655990601, 2.00140571594, 0.657700419426, 0.128083631396, 0.0390184931457, 0.00583937717602, 0.00079541048035, 0.00027345737908, 1.07807263703e-05, 1.4567322637e-07, 2.37011588133e-09]
    },
    "gfcc": {
        "mean": [-102.694786072, 145.596237183, -112.566497803, 15.8130302429, -38.8677902222, 9.92806720734, -21.0937347412, 7.28787851334, -12.0133552551, 0.208538815379, -7.80018997192, -1.73057389259, -7.2062587738],
        "cov": [[39795.2304688, -1691.19177246, -3004.05249023, 4115.70703125, -399.884521484, 237.879592896, -1186.36071777, 776.046081543, -795.391113281, 22.1252193451, -876.237670898, -179.089981079, -910.276489258], [-1691.19177246, 1889.55761719, 318.5105896, -505.09173584, 209.751678467, -140.275344849, 100.482025146, -269.002807617, 141.867324829, -142.422912598, 146.176467896, -46.4613876343, 219.974838257], [-3004.05249023, 318.5105896, 661.669555664, -165.127822876, 130.717483521, -13.7193403244, 126.685600281, -78.0941467285, 59.2869720459, -31.4499931335, 35.7879066467, -21.6470909119, 49.4854660034], [4115.70703125, -505.09173584, -165.127822876, 1285.78051758, 246.721740723, 200.40045166, -34.7123451233, 74.7154388428, -174.407501221, -70.9674758911, -193.235336304, -172.96963501, -210.450653076], [-399.884521484, 209.751678467, 130.717483521, 246.721740723, 297.871917725, 113.775032043, 96.9120330811, -41.3679885864, -6.71726703644, -52.0412368774, -13.8678331375, -67.9261703491, -6.53612852097], [237.879592896, -140.275344849, -13.7193403244, 200.40045166, 113.775032043, 195.02281189, 96.1992416382, 21.7933750153, -50.0828781128, -18.3881340027, -31.7336215973, -27.5053386688, -35.7369422913], [-1186.36071777, 100.482025146, 126.685600281, -34.7123451233, 96.9120330811, 96.1992416382, 190.892715454, 1.91269421577, 17.1096515656, -20.1529998779, 41.3266906738, 3.86369919777, 26.8845939636], [776.046081543, -269.002807617, -78.0941467285, 74.7154388428, -41.3679885864, 21.7933750153, 1.91269421577, 133.466720581, 16.3840179443, 34.7718353271, -33.2394523621, 16.3716335297, -43.056968689], [-795.391113281, 141.867324829, 59.2869720459, -174.407501221, -6.71726703644, -50.0828781128, 17.1096515656, 16.3840179443, 126.41582489, 49.5749778748, 50.1251678467, 17.9452037811, 39.9731292725], [22.1252193451, -142.422912598, -31.4499931335, -70.9674758911, -52.0412368774, -18.3881340027, -20.1529998779, 34.7718353271, 49.5749778748, 98.0846328735, 40.9463500977, 28.066318512, -10.2700309753], [-876.237670898, 146.176467896, 35.7879066467, -193.235336304, -13.8678331375, -31.7336215973, 41.3266906738, -33.2394523621, 50.1251678467, 40.9463500977, 121.336914062, 58.7886619568, 58.7447319031], [-179.089981079, -46.4613876343, -21.6470909119, -172.96963501, -67.9261703491, -27.5053386688, 3.86369919777, 16.3716335297, 17.9452037811, 28.066318512, 58.7886619568, 102.177703857, 53.7139778137], [-910.276489258, 219.974838257, 49.4854660034, -210.450653076, -6.53612852097, -35.7369422913, 26.8845939636, -43.056968689, 39.9731292725, -10.2700309753, 58.7447319031, 53.7139778137, 118.811912537]],
        "icov": [[0.000140666699735, -0.000417268194724, 0.000329812173732, -0.000504141498823, 0.000316015561111, -0.000160559080541, 0.00043048907537, -0.000568210321944, 0.000508016149979, -0.000663429906126, 0.000589170434978, -0.000935637799557, 0.000389108201489], [-0.000417268194724, 0.00270405784249, -0.000835892278701, 0.0018843539292, -0.00179061526433, 0.00117047503591, -0.00119831296615, 0.00282312207855, -0.00301604252309, 0.004538487643, -0.00320039736107, 0.00438484130427, -0.00196259003133], [0.000329812173732, -0.000835892278701, 0.00304667721502, -0.000878034566995, -0.000300065614283, 0.00102933694143, -0.000970729626715, 0.000170069513842, 0.000403216137784, -0.00163995288312, 0.0025918232277, -0.00237051420845, 0.0013374449918], [-0.000504141498823, 0.0018843539292, -0.000878034566995, 0.00380966975354, -0.00299602979794, 0.000366436463082, -0.000677902891766, 0.00100846961141, -0.000503554067109, 0.00306139560416, -0.00238492409699, 0.00506305135787, -0.000449004583061], [0.000316015561111, -0.00179061526433, -0.000300065614283, -0.00299602979794, 0.0090903127566, -0.00428492855281, 6.53596507618e-05, 7.54862921895e-05, -0.00129917357117, -0.000276883598417, 0.00049342866987, -0.000620043254457, 0.000227835815167], [-0.000160559080541, 0.00117047503591, 0.00102933694143, 0.000366436463082, -0.00428492855281, 0.0134125575423, -0.00813068728894, 0.00125756429043, 0.00360858929344, -0.00290869292803, 0.00331429345533, 0.000411509128753, -0.000372981274268], [0.00043048907537, -0.00119831296615, -0.000970729626715, -0.000677902891766, 6.53596507618e-05, -0.00813068728894, 0.0150831323117, -0.00675268052146, 0.000270890130196, 0.00412689941004, -0.00687578925863, -6.06273133599e-05, 0.000110848719487], [-0.000568210321944, 0.00282312207855, 0.000170069513842, 0.00100846961141, 7.54862921895e-05, 0.00125756429043, -0.00675268052146, 0.0205535572022, -0.0101969540119, 0.000755881133955, 0.00682119140401, -0.00499765807763, 0.00387694104575], [0.000508016149979, -0.00301604252309, 0.000403216137784, -0.000503554067109, -0.00129917357117, 0.00360858929344, 0.000270890130196, -0.0101969540119, 0.0224939584732, -0.013877290301, 0.000756989466026, 0.00227216235362, -0.00449527706951], [-0.000663429906126, 0.004538487643, -0.00163995288312, 0.00306139560416, -0.000276883598417, -0.00290869292803, 0.00412689941004, 0.000755881133955, -0.013877290301, 0.0311139468104, -0.0163215082139, 0.00571541022509, 0.00391435856], [0.000589170434978, -0.00320039736107, 0.0025918232277, -0.00238492409699, 0.00049342866987, 0.00331429345533, -0.00687578925863, 0.00682119140401, 0.000756989466026, -0.0163215082139, 0.029606288299, -0.0170422755182, 0.0015880750725], [-0.000935637799557, 0.00438484130427, -0.00237051420845, 0.00506305135787, -0.000620043254457, 0.000411509128753, -6.06273133599e-05, -0.00499765807763, 0.00227216235362, 0.00571541022509, -0.0170422755182, 0.0340536125004, -0.0142784938216], [0.000389108201489, -0.00196259003133, 0.0013374449918, -0.000449004583061, 0.000227835815167, -0.000372981274268, 0.000110848719487, 0.00387694104575, -0.00449527706951, 0.00391435856, 0.0015880750725, -0.0142784938216, 0.0224800929427]]
    },
    "melbands": {
        "dmean": [0.00201620417647, 0.00220987712964, 0.000917963159736, 0.000281283893855, 0.00019224541029, 0.000212825281778, 0.000175505731022, 0.000139946467243, 0.000123152465676, 0.000132909670356, 7.78564572101e-05, 5.57676976314e-05, 4.70844788651e-05, 4.85105156258e-05, 2.71464123216e-05, 4.38331117039e-05, 2.27329237532e-05, 1.49505294758e-05, 1.29490736072e-05, 1.72694290086e-05, 1.15007487693e-05, 8.60455020302e-06, 5.0214298426e-06, 5.36935385753e-06, 3.89254182664e-06, 2.76630271401e-06, 2.05100832318e-06, 1.20294203043e-06, 1.07367941382e-06, 4.19897958182e-07, 3.62270384358e-07, 2.74014098522e-07, 2.14173681456e-07, 1.82942201832e-07, 1.19346367455e-07, 9.08958597279e-08, 7.1193703377e-08, 4.48514434481e-08, 3.53080018556e-08, 3.35503500537e-08],
        "dmean2": [0.00350025156513, 0.00383311416954, 0.00152870872989, 0.000469031132525, 0.000319358601701, 0.000338997662766, 0.000268845644314, 0.000204343479709, 0.000191183324205, 0.000207684235647, 0.000122043071315, 8.80648221937e-05, 7.62876952649e-05, 7.85534430179e-05, 4.56248599221e-05, 7.17682851246e-05, 3.66878593923e-05, 2.49710337812e-05, 2.1514344553e-05, 2.86970516754e-05, 1.95499542315e-05, 1.47990394908e-05, 8.57717714098e-06, 9.13869371288e-06, 6.75604360367e-06, 4.73210684504e-06, 3.5225452848e-06, 2.06811137105e-06, 1.85773808425e-06, 7.10608162535e-07, 6.17416674231e-07, 4.62591714268e-07, 3.60215011597e-07, 3.04033164866e-07, 1.94756651695e-07, 1.49246019987e-07, 1.18029788609e-07, 7.26403612816e-08, 5.61038966396e-08, 5.23237346783e-08],
        "dvar": [1.66272930073e-05, 1.76335561264e-05, 2.93337870971e-06, 2.69081965598e-07, 1.36787747351e-07, 1.49380340986e-07, 1.64054128504e-07, 9.39699802416e-08, 6.79869529563e-08, 1.0285370422e-07, 3.64117553886e-08, 1.51082968358e-08, 1.07016777662e-08, 1.09740811993e-08, 5.04989383643e-09, 1.27130830307e-08, 5.77856074102e-09, 1.63386149055e-09, 2.36303576706e-09, 3.00459168656e-09, 5.56692358877e-10, 3.85894843857e-10, 1.36541972173e-10, 1.87267215623e-10, 1.48682358092e-10, 3.71282796174e-11, 2.82455742823e-11, 7.67635521121e-12, 5.60424710111e-12, 9.77332581184e-13, 1.27747508752e-12, 3.71239931157e-13, 2.61866835724e-13, 2.07501875925e-13, 1.66043421417e-13, 7.35524312355e-14, 4.84175213485e-14, 1.53104017366e-14, 8.03508667479e-15, 6.56888196046e-15],
        "dvar2": [4.80438284285e-05, 4.94179548696e-05, 7.32517082724e-06, 7.06665218786e-07, 3.71303372049e-07, 3.7525316543e-07, 3.63409014881e-07, 1.69812238937e-07, 1.55874573693e-07, 2.37627205024e-07, 8.39674072495e-08, 3.57446907628e-08, 2.57629313438e-08, 2.80697562971e-08, 1.36123539107e-08, 3.31798091224e-08, 1.31805695247e-08, 4.45024062046e-09, 5.64915403345e-09, 7.06956937435e-09, 1.56351265268e-09, 1.07753106438e-09, 3.87044396533e-10, 5.15048115268e-10, 4.14743017707e-10, 1.03354269587e-10, 8.23801651895e-11, 2.25054766489e-11, 1.6151852425e-11, 2.76649016195e-12, 3.87862615289e-12, 1.03186263787e-12, 7.44306634555e-13, 5.6164773353e-13, 4.23093987146e-13, 1.6771828338e-13, 1.32031226772e-13, 3.86437504717e-14, 2.06095855442e-14, 1.63139240208e-14],
        "max": [0.0672409906983, 0.072018429637, 0.0260951891541, 0.00966198556125, 0.00736505025998, 0.00783068034798, 0.0183994229883, 0.01520896703, 0.00900488905609, 0.00794592220336, 0.00507633853704, 0.00446408288553, 0.00335602695122, 0.00242476374842, 0.0016755835386, 0.00260257953778, 0.00245849345811, 0.00176285929047, 0.00314282136969, 0.00255682901479, 0.000495913787745, 0.000735409732442, 0.000282030028757, 0.000435127702076, 0.000625119137112, 0.000160635157954, 0.000162357653608, 5.71957425564e-05, 7.03702753526e-05, 2.9027567507e-05, 5.37015366717e-05, 1.98794987227e-05, 1.39065450639e-05, 1.35491627589e-05, 3.35282202286e-05, 2.40153694904e-05, 1.07233818198e-05, 6.45553654977e-06, 3.95828010369e-06, 2.14242118091e-06],
        "mean": [0.00272089801729, 0.00294892443344, 0.00128314411268, 0.000406085280702, 0.000305793510051, 0.000413200323237, 0.000370628549717, 0.000306359084789, 0.000228287331993, 0.000229717945331, 0.00013763854804, 9.52786285779e-05, 8.37098996271e-05, 8.26413524919e-05, 4.19658681494e-05, 7.22200857126e-05, 4.00326207455e-05, 2.53337984759e-05, 1.97235003725e-05, 2.8500569897e-05, 2.02227438422e-05, 1.4697808183e-05, 9.68785934674e-06, 1.01689565781e-05, 7.56588360673e-06, 5.46209412278e-06, 3.84222448702e-06, 2.48578521678e-06, 2.29270312957e-06, 9.90652438304e-07, 8.14175564301e-07, 6.31373382021e-07, 5.08163964241e-07, 4.62694032421e-07, 3.25240534949e-07, 2.36890173255e-07, 1.6501839184e-07, 1.18463304943e-07, 9.40902609159e-08, 7.91018663904e-08],
        "median": [0.00100100901909, 0.00130922812968, 0.000604536850005, 0.000201404182008, 0.000153422908625, 0.000178738962859, 0.000123323727166, 0.000123863457702, 0.000100108118204, 6.39635181869e-05, 4.30716536357e-05, 3.76773932658e-05, 3.25312175846e-05, 2.78531861113e-05, 1.27644216263e-05, 1.78476930159e-05, 1.06993284135e-05, 8.75154728419e-06, 7.05339107299e-06, 1.1176623957e-05, 9.37523327593e-06, 5.97897360421e-06, 3.30310126628e-06, 2.8489412216e-06, 2.06148047255e-06, 1.6471822164e-06, 1.32311436118e-06, 7.18284695722e-07, 6.05424929745e-07, 2.76404989563e-07, 1.78266105877e-07, 1.33327660023e-07, 1.2663946336e-07, 1.02560974824e-07, 5.91557167695e-08, 4.64254945598e-08, 3.32454348495e-08, 2.43936941757e-08, 1.83442487867e-08, 1.50237724483e-08],
        "min": [2.09644341234e-24, 2.16797357214e-24, 1.22241905595e-24, 4.83643718458e-25, 2.95812032063e-24, 1.8998908292e-24, 2.67183106243e-24, 2.51425057459e-24, 2.13829346944e-24, 1.89270174255e-24, 2.26354801511e-24, 3.24951863649e-24, 3.05560301814e-24, 3.31523568028e-24, 2.87803930306e-24, 3.47788381058e-24, 3.35786927347e-24, 4.23616294508e-24, 3.32597168277e-24, 3.55126404641e-24, 4.66077363821e-24, 3.13608300212e-24, 5.53923533719e-24, 4.00616384285e-24, 3.56845214224e-24, 4.85944312959e-24, 4.05087214022e-24, 3.78161498061e-24, 5.10504511167e-24, 5.77865659408e-24, 5.94592902701e-24, 4.88234573382e-24, 6.06274276099e-24, 5.90430004818e-24, 7.03993434657e-24, 6.74724722921e-24, 6.01706850344e-24, 5.23446365963e-24, 5.31011699816e-24, 6.94199805405e-24],
        "var": [2.10394737223e-05, 2.11599199247e-05, 4.00223598263e-06, 3.70981268816e-07, 2.01447448944e-07, 4.26284373134e-07, 8.88197234872e-07, 6.31595355571e-07, 1.94571242673e-07, 2.5366364298e-07, 9.02165453454e-08, 3.47954092206e-08, 2.50930707324e-08, 2.20021441066e-08, 8.14187828269e-09, 2.77540124216e-08, 1.28765194063e-08, 3.09773873219e-09, 3.77058562151e-09, 6.10169959003e-09, 1.0762314373e-09, 7.91001542044e-10, 3.01866281971e-10, 4.13887896178e-10, 3.09010400601e-10, 8.8314050517e-11, 5.89327753264e-11, 1.912738197e-11, 1.50825480577e-11, 3.12426972314e-12, 3.52625285742e-12, 1.30444960389e-12, 9.04069516732e-13, 8.05392590727e-13, 7.41801585435e-13, 4.73442791048e-13, 2.01169809977e-13, 7.06847435943e-14, 3.95798235224e-14, 2.51103459315e-14]
    },
    "mfcc": {
        "mean": [-730.404052734, 161.099441528, -0.154268488288, 19.7329349518, 4.03693199158, 7.03746128082, 5.51805353165, 8.27601528168, 2.90948295593, 5.53675222397, 1.95085811615, 2.72408223152, 4.55664348602],
        "cov": [[24606.453125, 1235.74609375, -2834.91186523, 1789.11181641, 364.223083496, -213.162796021, -464.600738525, 288.131072998, 20.1480503082, 99.9456253052, 23.9904594421, 132.018768311, -129.46496582], [1235.74609375, 1304.3026123, 76.4943618774, 153.108200073, 165.852157593, 82.6095504761, -2.89501857758, 8.88317203522, 17.7427749634, -30.3782806396, -60.529258728, -32.0630950928, -10.8179216385], [-2834.91186523, 76.4943618774, 733.340515137, -159.900634766, 9.9207611084, 74.7532272339, 101.128089905, -4.7974448204, 26.7387313843, -19.833782196, 6.48269128799, -12.759976387, -2.56231856346], [1789.11181641, 153.108200073, -159.900634766, 471.327789307, 229.138565063, 97.6883468628, 34.5433349609, 58.8366546631, 19.567237854, 55.0105133057, 0.764844357967, -36.1445159912, -65.2303314209], [364.223083496, 165.852157593, 9.9207611084, 229.138565063, 223.559814453, 117.694290161, 55.1647338867, 38.82421875, 28.0176048279, 30.376739502, -9.23235225677, -39.7872886658, -50.5480422974], [-213.162796021, 82.6095504761, 74.7532272339, 97.6883468628, 117.694290161, 176.878128052, 128.344421387, 48.9926605225, 11.2478113174, 28.6377849579, 5.65999698639, -35.9068908691, -40.6199111938], [-464.600738525, -2.89501857758, 101.128089905, 34.5433349609, 55.1647338867, 128.344421387, 177.05329895, 76.642074585, 14.1638059616, 24.4979572296, 7.34250926971, -31.0157966614, -36.7516059875], [288.131072998, 8.88317203522, -4.7974448204, 58.8366546631, 38.82421875, 48.9926605225, 76.642074585, 102.866477966, 45.2778892517, 13.7551212311, 1.19057226181, -13.2046327591, -19.557800293], [20.1480503082, 17.7427749634, 26.7387313843, 19.567237854, 28.0176048279, 11.2478113174, 14.1638059616, 45.2778892517, 75.8160552979, 26.0894908905, -2.55711817741, -3.17662167549, -4.25103139877], [99.9456253052, -30.3782806396, -19.833782196, 55.0105133057, 30.376739502, 28.6377849579, 24.4979572296, 13.7551212311, 26.0894908905, 75.4897232056, 35.5896682739, -0.717855393887, -10.6372671127], [23.9904594421, -60.529258728, 6.48269128799, 0.764844357967, -9.23235225677, 5.65999698639, 7.34250926971, 1.19057226181, -2.55711817741, 35.5896682739, 79.2649459839, 39.1424179077, 0.5082706213], [132.018768311, -32.0630950928, -12.759976387, -36.1445159912, -39.7872886658, -35.9068908691, -31.0157966614, -13.2046327591, -3.17662167549, -0.717855393887, 39.1424179077, 93.7413864136, 57.8842506409], [-129.46496582, -10.8179216385, -2.56231856346, -65.2303314209, -50.5480422974, -40.6199111938, -36.7516059875, -19.557800293, -4.25103139877, -10.6372671127, 0.5082706213, 57.8842506409, 111.692207336]],
