{
"lowlevel": {
    "average_loudness": 0.840482532978,
    "barkbands_crest": {
        "dmean": 1.79725217819,
        "dmean2": 2.85600376129,
        "dvar": 3.60382843018,
        "dvar2": 9.73808479309,
        "max": 26.3573188782,
        "mean": 13.854724884,
        "median": 13.3961591721,
        "min": 3.53442144394,
        "var": 18.0188732147
    },
    "barkbands_flatness_db": {
        "dmean": 0.0268669035286,
        "dmean2": 0.0368408635259,
        "dvar": 0.00117634667549,
        "dvar2": 0.0023907693103,
        "max": 0.652171432972,
        "mean": 0.274990737438,
        "median": 0.261441171169,
        "min": 0.0487936623394,
        "var": 0.01245500613
    },
    "barkbands_kurtosis": {
        "dmean": 8.26757049561,
        "dmean2": 12.0592899323,
        "dvar": 157.27255249,
        "dvar2": 348.997802734,
        "max": 248.166885376,
        "mean": 19.9643211365,
        "median": 12.6391620636,
        "min": -1.91113770008,
        "var": 530.676513672
    },
    "barkbands_skewness": {
        "dmean": 0.747617602348,
        "dmean2": 1.08341133595,
        "dvar": 0.688405394554,
        "dvar2": 1.5940502882,
        "max": 13.3184270859,
        "mean": 2.80817389488,
        "median": 2.75823068619,
        "min": -2.80322790146,
        "var": 3.73262190819
    },
    "barkbands_spread": {
        "dmean": 3.88962101936,
        "dmean2": 5.51538848877,
        "dvar": 40.3303871155,
        "dvar2": 84.4963531494,
        "max": 92.8177490234,
        "mean": 11.8261213303,
        "median": 5.98858737946,
        "min": 0.156980901957,
        "var": 218.923660278
    },
    "dissonance": {
        "dmean": 0.0314969941974,
        "dmean2": 0.0497858710587,
        "dvar": 0.00116790877655,
        "dvar2": 0.00290287612006,
        "max": 0.500000059605,
        "mean": 0.390819132328,
        "median": 0.404786586761,
        "min": 0.117855608463,
        "var": 0.00525229098275
    },
    "dynamic_complexity": 5.27677583694,
    "erbbands_crest": {
        "dmean": 2.00783658028,
        "dmean2": 3.10636544228,
        "dvar": 4.8107419014,
        "dvar2": 11.6465864182,
        "max": 31.8971271515,
        "mean": 13.1712856293,
        "median": 12.4590549469,
        "min": 2.62833118439,
        "var": 28.2459640503
    },
    "erbbands_flatness_db": {
        "dmean": 0.0228083916008,
        "dmean2": 0.0295732896775,
        "dvar": 0.00107515370473,
        "dvar2": 0.00189525668975,
        "max": 0.575832784176,
        "mean": 0.250830054283,
        "median": 0.229816958308,
        "min": 0.0634029433131,
        "var": 0.0117661431432
    },
    "erbbands_kurtosis": {
        "dmean": 4.08893013,
        "dmean2": 5.65549039841,
        "dvar": 45.8481636047,
        "dvar2": 88.5564880371,
        "max": 88.4957199097,
        "mean": 8.66170024872,
        "median": 2.99958181381,
        "min": -1.90484583378,
        "var": 202.51675415
    },
    "erbbands_skewness": {
        "dmean": 0.579545736313,
        "dmean2": 0.776436507702,
        "dvar": 0.430174946785,
        "dvar2": 0.892098605633,
        "max": 8.06163311005,
        "mean": 1.77347588539,
        "median": 1.59071838856,
        "min": -4.05451583862,
        "var": 3.22212696075
    },
    "erbbands_spread": {
        "dmean": 10.4875745773,
        "dmean2": 14.2749099731,
        "dvar": 281.740631104,
        "dvar2": 514.841308594,
        "max": 147.250473022,
        "mean": 36.1184120178,
        "median": 22.7718219757,
        "min": 0.692706525326,
        "var": 1140.31469727
    },
    "hfc": {
        "dmean": 4.0095076561,
        "dmean2": 5.77390956879,
        "dvar": 46.4198036194,
        "dvar2": 101.571647644,
        "max": 85.367980957,
        "mean": 14.3134241104,
        "median": 11.0605354309,
        "min": 1.11332554749e-16,
        "var": 163.715438843
    },
    "melbands_crest": {
        "dmean": 1.92498862743,
        "dmean2": 3.10166144371,
        "dvar": 4.55021858215,
        "dvar2": 12.1576080322,
        "max": 33.5904960632,
        "mean": 16.2797145844,
        "median": 15.1287336349,
        "min": 1.56509625912,
        "var": 28.6510429382
    },
    "melbands_flatness_db": {
        "dmean": 0.0292953345925,
        "dmean2": 0.0397625304759,
        "dvar": 0.00133641634602,
        "dvar2": 0.00282324431464,
        "max": 0.773079693317,
        "mean": 0.346327394247,
        "median": 0.332086026669,
        "min": 0.00316880620085,
        "var": 0.0156721547246
    },
    "melbands_kurtosis": {
        "dmean": 12.9889316559,
        "dmean2": 19.4468631744,
        "dvar": 300.518493652,
        "dvar2": 695.517456055,
        "max": 309.690216064,
        "mean": 36.8550720215,
        "median": 29.0890274048,
        "min": -1.84806406498,
        "var": 1188.56933594
    },
    "melbands_skewness": {
        "dmean": 0.89795422554,
        "dmean2": 1.29533493519,
        "dvar": 1.14028215408,
        "dvar2": 2.31425309181,
        "max": 13.6828136444,
        "mean": 3.66246151924,
        "median": 3.63824057579,
        "min": -1.88670635223,
        "var": 6.16231441498
    },
    "melbands_spread": {
        "dmean": 3.01153993607,
        "dmean2": 4.48332214355,
        "dvar": 43.1219367981,
        "dvar2": 98.0830764771,
        "max": 195.827270508,
        "mean": 10.2712697983,
        "median": 5.29617977142,
        "min": 0.405423402786,
        "var": 347.335357666
    },
    "pitch_salience": {
        "dmean": 0.0509313754737,
        "dmean2": 0.0808449983597,
        "dvar": 0.00325485621579,
        "dvar2": 0.00840076897293,
        "max": 0.949389994144,
        "mean": 0.558180570602,
        "median": 0.578534305096,
        "min": 0.125491052866,
        "var": 0.0189682673663
    },
    "silence_rate_20dB": {
        "dmean": 0,
        "dmean2": 0,
        "dvar": 0,
        "dvar2": 0,
        "max": 1,
        "mean": 1,
        "median": 1,
        "min": 1,
        "var": 0
    },
    "silence_rate_30dB": {
        "dmean": 0.00247831479646,
        "dmean2": 0.00495706824586,
        "dvar": 0.00247200159356,
        "dvar2": 0.0063481554389,
        "max": 1,
        "mean": 0.997698903084,
        "median": 1,
        "min": 0,
        "var": 0.00229596882127
    },
    "silence_rate_60dB": {
        "dmean": 0.00566471926868,
        "dmean2": 0.0113304415718,
        "dvar": 0.00563181284815,
        "dvar2": 0.0136793460697,
        "max": 1,
        "mean": 0.175502255559,
        "median": 0,
        "min": 0,
        "var": 0.144713804126
    },
    "spectral_centroid": {
        "dmean": 126.479728699,
        "dmean2": 181.827514648,
        "dvar": 53681.703125,
        "dvar2": 97956.3671875,
        "max": 10668.3896484,
        "mean": 717.702026367,
        "median": 489.404998779,
        "min": 160.861694336,
        "var": 438814.84375
    },
    "spectral_complexity": {
        "dmean": 1.4230837822,
        "dmean2": 2.2834379673,
        "dvar": 4.5064034462,
        "dvar2": 10.2391414642,
        "max": 36,
        "mean": 7.7821931839,
        "median": 7,
        "min": 0,
        "var": 25.0159835815
    },
    "spectral_decrease": {
        "dmean": 1.75502712363e-09,
        "dmean2": 2.93396218431e-09,
        "dvar": 1.08066564449e-17,
        "dvar2": 2.9064410264e-17,
        "max": 1.72420370314e-18,
        "mean": -6.9858132612e-09,
        "median": -6.79008937965e-09,
        "min": -4.16610355103e-08,
        "var": 2.96616677535e-17
    },
    "spectral_energy": {
        "dmean": 0.00689039006829,
        "dmean2": 0.0114585440606,
        "dvar": 0.000163753618835,
        "dvar2": 0.000437707931269,
        "max": 0.161577537656,
        "mean": 0.0276643447578,
        "median": 0.0267671812326,
        "min": 1.03183430495e-20,
        "var": 0.000457200279925
    },
    "spectral_energyband_high": {
        "dmean": 0.000393121415982,
        "dmean2": 0.00054422422545,
        "dvar": 5.84550889471e-07,
        "dvar2": 1.18407547234e-06,
        "max": 0.0105810668319,
        "mean": 0.000857700419147,
        "median": 0.000124322701595,
        "min": 7.23028637572e-21,
        "var": 2.09759946301e-06
    },
    "spectral_energyband_low": {
        "dmean": 0.00294737471268,
        "dmean2": 0.00504509685561,
        "dvar": 8.11129502836e-05,
        "dvar2": 0.000229251396377,
        "max": 0.107328675687,
        "mean": 0.00382928038016,
        "median": 0.00129017559811,
        "min": 9.84333316906e-23,
        "var": 7.75463922764e-05
    },
    "spectral_energyband_middle_high": {
        "dmean": 0.000279148633126,
        "dmean2": 0.000397626048652,
        "dvar": 6.15180283603e-07,
        "dvar2": 1.18813954941e-06,
        "max": 0.0320855416358,
        "mean": 0.000551934703253,
        "median": 0.000221825801418,
        "min": 1.62549522686e-21,
        "var": 1.46570971538e-06
    },
    "spectral_energyband_middle_low": {
        "dmean": 0.00490956055,
        "dmean2": 0.00818825699389,
        "dvar": 7.27891092538e-05,
        "dvar2": 0.000189432306797,
        "max": 0.159114837646,
        "mean": 0.0230572652072,
        "median": 0.0231399070472,
        "min": 3.15327393785e-22,
        "var": 0.000303741166135
    },
    "spectral_entropy": {
        "dmean": 0.272732466459,
        "dmean2": 0.354215860367,
        "dvar": 0.160598397255,
        "dvar2": 0.299723476171,
        "max": 9.80991268158,
        "mean": 6.46781539917,
        "median": 6.4705786705,
        "min": 3.79290032387,
        "var": 1.13001918793
    },
    "spectral_flux": {
        "dmean": 0.0193650443107,
        "dmean2": 0.0302900187671,
        "dvar": 0.00109140540008,
        "dvar2": 0.00229935836978,
        "max": 0.330866754055,
        "mean": 0.0512939468026,
        "median": 0.0374364070594,
        "min": 1.01579245015e-10,
        "var": 0.00247769453563
    },
    "spectral_kurtosis": {
        "dmean": 13.061422348,
        "dmean2": 21.3298377991,
        "dvar": 1633.43029785,
        "dvar2": 4554.52685547,
        "max": 994.29901123,
        "mean": 31.5788707733,
        "median": 4.33409166336,
        "min": -1.17299735546,
        "var": 6834.11279297
    },
    "spectral_rms": {
        "dmean": 0.000541743822396,
        "dmean2": 0.00087984604761,
        "dvar": 7.26780285731e-07,
        "dvar2": 1.86623356058e-06,
        "max": 0.0125553421676,
        "mean": 0.00462675560266,
        "median": 0.005110217724,
        "min": 3.17280251551e-12,
        "var": 5.58271358386e-06
    },
    "spectral_rolloff": {
        "dmean": 245.344711304,
        "dmean2": 432.868713379,
        "dvar": 642384.3125,
        "dvar2": 1577642.375,
        "max": 18970.7519531,
        "mean": 907.15222168,
        "median": 409.130859375,
        "min": 86.1328125,
        "var": 3323790.75
    },
    "spectral_skewness": {
        "dmean": 0.673555195332,
        "dmean2": 1.02876722813,
        "dvar": 1.12665903568,
        "dvar2": 2.67546820641,
        "max": 24.9176959991,
        "mean": 3.03424119949,
        "median": 1.88251626492,
        "min": 0.00891682691872,
        "var": 11.5119972229
    },
    "spectral_spread": {
        "dmean": 692115.125,
        "dmean2": 919250,
        "dvar": 1.11727581594e+12,
        "dvar2": 1.73494933914e+12,
        "max": 39962416,
        "mean": 4819447.5,
        "median": 4857101,
        "min": 87589.1328125,
        "var": 8.19780281958e+12
    },
    "spectral_strongpeak": {
        "dmean": 0.329638928175,
        "dmean2": 0.594665110111,
        "dvar": 0.25202575326,
        "dvar2": 0.74888831377,
        "max": 6.65505838394,
        "mean": 0.989595592022,
        "median": 0.856569170952,
        "min": 0,
        "var": 0.553672671318
    },
    "zerocrossingrate": {
        "dmean": 0.00857348926365,
        "dmean2": 0.00925136730075,
        "dvar": 0.000124675629195,
        "dvar2": 0.000137412745971,
        "max": 0.529296875,
        "mean": 0.0459158532321,
        "median": 0.03076171875,
        "min": 0.0029296875,
        "var": 0.00253339740448
    },
    "barkbands": {
        "dmean": [5.53647332708e-05, 0.00169996218756, 0.00101010489743, 0.00104112189729, 0.00288141099736, 0.0020108805038, 0.000786822231021, 0.000238832872128, 0.000111934452434, 6.2138758949e-05, 0.00010047165415, 5.7541699789e-05, 3.87836153095e-05, 2.09843165067e-05, 1.13392070489e-05, 9.04782882571e-06, 1.55710313265e-05, 1.82508720172e-05, 4.25970210927e-05, 5.8515350247e-05, 0.000110748085717, 0.000107585277874, 9.81360353762e-05, 4.69047336082e-05, 3.77321375709e-05, 2.69196953013e-05, 8.73202225193e-06],
        "dmean2": [7.80818299972e-05, 0.00296521885321, 0.00174373819027, 0.00175485794898, 0.0048690601252, 0.00331966392696, 0.00118604267482, 0.000352181290509, 0.000142525197589, 8.47027768032e-05, 0.000143087047036, 8.53827659739e-05, 5.97089419898e-05, 3.29810391122e-05, 1.89018883248e-05, 1.50744454004e-05, 2.52465233643e-05, 2.98662162095e-05, 6.5396532591e-05, 9.67529922491e-05, 0.000163828910445, 0.000164207041962, 0.000140301213833, 6.86612547725e-05, 5.09792553203e-05, 3.86435021937e-05, 1.25068263515e-05],
        "dvar": [5.10251929597e-08, 4.84647644043e-05, 6.35678679828e-06, 1.055546727e-05, 2.95067493425e-05, 1.42981498357e-05, 5.43072792425e-06, 4.78573781493e-07, 6.26744167675e-08, 3.02704918909e-08, 2.95989821097e-07, 1.13042069927e-07, 3.69957966484e-08, 1.71066503185e-08, 1.06833786262e-09, 7.49353135099e-10, 2.35508879065e-09, 2.41393016687e-09, 7.47999617801e-09, 2.04693026973e-08, 6.02377596692e-08, 4.21952890406e-08, 3.64124517205e-08, 1.16894645075e-08, 6.48295284122e-09, 4.31865476713e-09, 4.12531647731e-10],
        "dvar2": [1.20150517091e-07, 0.00013757951092, 1.86336947081e-05, 2.73681034741e-05, 8.28373522381e-05, 3.77610012947e-05, 1.25160413518e-05, 1.07274684069e-06, 1.21723886082e-07, 6.20630018489e-08, 6.14451209913e-07, 2.29355705983e-07, 8.56308091102e-08, 4.25136725823e-08, 2.69179589729e-09, 1.94035476575e-09, 6.05139582888e-09, 6.70437705352e-09, 1.76558874188e-08, 5.3972929237e-08, 1.27853098775e-07, 9.47478682178e-08, 7.67942083257e-08, 2.74095821595e-08, 1.32844366618e-08, 1.00688932747e-08, 8.20740420071e-10],
        "max": [0.0130956750363, 0.0750143378973, 0.0339074246585, 0.0657460466027, 0.0825218707323, 0.0994398295879, 0.102985084057, 0.0303701516241, 0.0112297357991, 0.00674149440601, 0.0312720425427, 0.0133232865483, 0.0080922646448, 0.0066649178043, 0.000970600754954, 0.00103688926902, 0.00163447286468, 0.0010792943649, 0.00213575619273, 0.00328076444566, 0.00503588747233, 0.00566580658779, 0.00218184408732, 0.00189629511442, 0.000905247055925, 0.000748790684156, 0.000191053550225],
        "mean": [6.67901113047e-05, 0.00185564754065, 0.00130914058536, 0.00130241503939, 0.00846187584102, 0.00964998919517, 0.00273322872818, 0.000556939630769, 0.000289892224828, 0.000118876625493, 0.000138948118547, 7.58148089517e-05, 4.79733425891e-05, 2.38386746787e-05, 1.26086479213e-05, 1.1065821127e-05, 1.99346286536e-05, 2.33294340433e-05, 6.84493934386e-05, 9.97829047265e-05, 0.000229227749514, 0.000205109419767, 0.000165975783602, 8.11954669189e-05, 6.6742519266e-05, 3.87240979762e-05, 1.07769028546e-05],
        "median": [2.20787256922e-07, 0.000413919828134, 0.0003869481734, 0.000125164384372, 0.00744198542088, 0.00826560519636, 0.00106768042315, 0.000257080682786, 0.000148841369082, 3.49669862771e-05, 1.80270399142e-05, 5.66356357012e-06, 5.51909579372e-06, 3.36514449373e-06, 3.49995502802e-06, 2.26184965868e-06, 3.31938394993e-06, 3.72097315449e-06, 1.54710287461e-05, 1.59831288329e-05, 3.65280211554e-05, 3.02414446196e-05, 1.84033851838e-05, 8.66563095769e-06, 5.5608211369e-06, 1.49237200731e-06, 2.531488974e-07],
        "min": [6.82660158757e-23, 3.49246771879e-23, 3.37006017213e-23, 1.15783797186e-23, 2.84809142152e-23, 5.49196505626e-23, 5.85071122805e-23, 9.83682979975e-23, 5.96371208174e-23, 3.38961571842e-23, 4.53516260629e-23, 1.15563881699e-22, 1.05332481976e-22, 1.03607508233e-22, 1.87427052815e-22, 1.85142334929e-22, 1.98454078714e-22, 1.72633601057e-22, 3.36585036857e-22, 2.45420383143e-22, 3.5121443079e-22, 4.84765956715e-22, 6.94158469094e-22, 8.32582833006e-22, 1.31786441445e-21, 1.48835581008e-21, 2.24878722851e-21],
        "var": [7.10345702259e-08, 4.00218632421e-05, 6.79001232129e-06, 1.18940679386e-05, 6.50290967315e-05, 8.70798176038e-05, 1.98372799787e-05, 9.42547160321e-07, 1.86310757044e-07, 6.8116882801e-08, 4.57222427031e-07, 2.13213297684e-07, 5.47067529055e-08, 1.87278761388e-08, 1.14231968329e-09, 7.76184450046e-10, 2.64858113219e-09, 3.68740393775e-09, 1.47515581972e-08, 5.13779383482e-08, 2.38228324179e-07, 1.26862374827e-07, 8.81961597088e-08, 2.08476755859e-08, 1.50999017734e-08, 7.18854442638e-09, 6.23272655709e-10]
    },
    "erbbands": {
        "dmean": [0.0341140478849, 0.442927747965, 1.18503391743, 2.3812148571, 5.75612306595, 12.2856283188, 12.8172931671, 18.8932361603, 12.6656007767, 8.62258529663, 3.32317566872, 2.84963202477, 1.8074747324, 2.36879730225, 3.70618391037, 2.3511736393, 1.82582008839, 1.18079710007, 0.672145247459, 0.570776045322, 0.561080515385, 0.860458374023, 0.78035068512, 1.77474439144, 2.25691914558, 3.21618032455, 3.74497032166, 4.45297622681, 3.94423270226, 3.84907722473, 2.40082740784, 1.29666948318, 0.712420642376, 0.428854763508, 0.28414106369, 0.14837731421, 0.0399450585246, 0.0117120957002, 0.00120114616584, 6.38787823846e-05],
        "dmean2": [0.0526254586875, 0.796577632427, 2.08075785637, 3.99222493172, 9.96730613708, 20.4971637726, 21.3808116913, 31.9050598145, 19.0633716583, 13.0617074966, 4.69052886963, 3.53420424461, 2.44686532021, 3.33704090118, 5.3249540329, 3.39715075493, 2.73101019859, 1.83688533306, 1.06320846081, 0.954957127571, 0.902408063412, 1.38684570789, 1.28401732445, 2.86048960686, 3.46319293976, 5.37932491302, 5.44175958633, 7.00598335266, 6.03476572037, 5.59306764603, 3.55244278908, 1.90273618698, 1.08100092411, 0.638248205185, 0.387279301882, 0.211746916175, 0.0563502646983, 0.0171797703952, 0.00167441100348, 9.00205122889e-05],
        "dvar": [0.0212033875287, 3.22332429886, 10.6471776962, 43.6746559143, 224.360534668, 595.689880371, 574.172973633, 1436.36303711, 1188.3503418, 950.876464844, 97.9293365479, 32.6200866699, 16.537317276, 134.236495972, 363.1355896, 179.052764893, 75.7579193115, 57.5186157227, 4.6429643631, 2.63189220428, 3.16190433502, 7.35761928558, 4.82535362244, 14.7664890289, 25.4110240936, 78.0103759766, 75.9384613037, 94.1556472778, 57.4597587585, 53.2876243591, 25.8105964661, 9.50820350647, 2.60166835785, 0.8595277071, 0.353555977345, 0.128425478935, 0.00917998794466, 0.000745129829738, 7.95042888058e-06, 2.00515088977e-08],
        "dvar2": [0.0483998022974, 9.65050792694, 32.2685623169, 111.78540802, 624.707092285, 1735.43029785, 1536.02600098, 3826.64990234, 2931.25195312, 1848.89001465, 201.223648071, 59.8113059998, 32.7939872742, 266.959014893, 762.636901855, 380.63583374, 169.206710815, 140.937728882, 11.4184207916, 6.65268421173, 7.69871377945, 19.0986404419, 13.2306423187, 36.9572296143, 59.8708381653, 213.199630737, 139.303359985, 228.746414185, 133.753204346, 108.40637207, 61.3049049377, 23.0704517365, 6.0896282196, 1.9495909214, 0.671052455902, 0.296912163496, 0.0196218024939, 0.00158986367751, 1.58028160513e-05, 3.80223816876e-08],
        "max": [1.78359174728, 18.6830425262, 47.5843811035, 142.655105591, 238.223861694, 412.329437256, 653.940856934, 1081.75463867, 1088.02905273, 2189.91821289, 274.429321289, 209.44909668, 148.537597656, 806.042785645, 829.401428223, 572.364929199, 406.092651367, 395.782501221, 75.2433242798, 54.680847168, 71.3851547241, 94.5293655396, 72.4672546387, 79.6359176636, 187.265792847, 153.700592041, 187.521560669, 178.243942261, 203.216842651, 107.111167908, 50.363193512, 37.690990448, 36.1758918762, 13.8789958954, 6.77890586853, 4.24111557007, 1.0942081213, 0.232752263546, 0.0327663943172, 0.00153959263116],
        "mean": [0.0443389154971, 0.448440879583, 1.47169935703, 3.14183115959, 9.87228298187, 35.2846221924, 53.0469360352, 84.8315811157, 55.6872138977, 22.3260688782, 8.37650966644, 7.91281795502, 4.02437543869, 3.82076644897, 5.39993715286, 3.17922115326, 2.39517879486, 1.40747094154, 0.833266079426, 0.623580992222, 0.749005913734, 1.11307191849, 1.01058137417, 2.86529970169, 3.85832166672, 5.2296795845, 7.89802217484, 8.52107048035, 7.20974206924, 7.20818853378, 3.901034832, 2.14330649376, 1.20769619942, 0.746716618538, 0.480027496815, 0.222984448075, 0.056498773396, 0.0145452516153, 0.00156988971867, 0.000108195687062],
        "median": [0.00417051371187, 0.124575294554, 0.5364138484, 0.618546962738, 4.92988395691, 30.3347244263, 48.4965744019, 70.6568756104, 19.4949035645, 12.3930873871, 4.11361694336, 4.2840886116, 1.75238525867, 0.908304929733, 0.814613819122, 0.373326897621, 0.302303254604, 0.181767761707, 0.265905618668, 0.118674993515, 0.154386922717, 0.193800449371, 0.18497672677, 0.536894142628, 0.92644739151, 0.697392761707, 0.964483916759, 1.52555119991, 0.977012276649, 0.924478590488, 0.465295642614, 0.260167121887, 0.123306795955, 0.0654865130782, 0.0323097892106, 0.00946138147265, 0.00208465266041, 0.000404770980822, 5.67304996366e-05, 4.02786208724e-05],
        "min": [9.50452031327e-22, 8.72270680108e-21, 3.78687323395e-20, 3.66437166264e-20, 8.09148398317e-20, 8.84804017352e-20, 1.43570805015e-19, 5.06812579034e-19, 6.52555030425e-19, 2.09792028498e-18, 1.46166433153e-18, 1.48404504717e-18, 5.49809478974e-19, 1.4639484874e-18, 3.48629248513e-18, 4.24222637716e-18, 4.83745024311e-18, 6.83137779507e-18, 5.56136480081e-18, 1.3817128172e-17, 7.0543178594e-18, 1.17751641739e-17, 7.67992531002e-18, 1.68138521572e-17, 1.69794073937e-17, 1.07439429196e-17, 1.25221314281e-17, 1.38031901786e-17, 1.55999513734e-17, 2.20267774647e-17, 1.82919329219e-17, 1.84791470556e-17, 1.48605428956e-17, 1.47514576252e-17, 8.45557836068e-18, 5.12865669622e-18, 3.03758112402e-18, 1.1689529267e-18, 3.12719611382e-19, 3.27644398863e-20],
        "var": [0.0273021180183, 2.2164747715, 9.07223510742, 51.9946136475, 235.405609131, 1259.46557617, 2183.09887695, 7471.38378906, 6543.22753906, 2072.57324219, 230.922363281, 118.893196106, 48.2837638855, 237.005371094, 614.340087891, 306.149291992, 122.479270935, 66.0000762939, 6.04912376404, 2.80351471901, 3.69965434074, 8.23383426666, 5.68060827255, 31.9850254059, 52.4061050415, 172.309844971, 320.620330811, 301.572692871, 163.156051636, 164.987854004, 43.9496879578, 14.1758394241, 4.96425104141, 1.8400028944, 0.86231815815, 0.228645250201, 0.0162292774767, 0.00109122518916, 1.28718374981e-05, 3.39543397843e-08]
    },
    "gfcc": {
        "mean": [-119.523841858, 113.264503479, -69.5661773682, 17.2261352539, -86.1159820557, -18.2401046753, -37.2831764221, -13.750875473, -24.2974262238, 1.72816491127, -7.5711145401, 2.98243784904, -3.67006230354],
        "cov": [[31055.375, -6846.28271484, 5655.34570312, 6160.62011719, -4031.51611328, 738.42956543, -710.577148438, 1007.96636963, -914.152160645, 17.7907810211, -978.26361084, 536.125732422, -1003.36077881], [-6846.28271484, 5068.98974609, -809.727478027, -2080.28027344, 1320.95812988, -447.548583984, 253.528839111, -592.411376953, 279.372406006, -288.713165283, 373.272705078, -465.386657715, 222.205673218], [5655.34570312, -809.727478027, 2499.15087891, 1290.0057373, -747.201904297, 162.880493164, -133.826538086, 184.841674805, -160.620513916, -83.0907287598, -271.420684814, 14.2035522461, -242.453353882], [6160.62011719, -2080.28027344, 1290.0057373, 2098.70141602, -795.637023926, 275.54864502, -48.806552887, 349.094055176, -196.241363525, 20.6903438568, -223.143417358, 105.806152344, -251.086151123], [-4031.51611328, 1320.95812988, -747.201904297, -795.637023926, 1139.90234375, 33.9057731628, 128.168228149, -131.673904419, 164.351608276, 9.0541677475, 128.462188721, -141.621551514, 73.0051422119], [738.42956543, -447.548583984, 162.880493164, 275.54864502, 33.9057731628, 283.052032471, 55.3978538513, 80.1319503784, -28.3464984894, 24.9579734802, -51.9493598938, 23.7830123901, -78.8921127319], [-710.577148438, 253.528839111, -133.826538086, -48.806552887, 128.168228149, 55.3978538513, 198.141723633, 52.726852417, 30.2895526886, -22.6650562286, 24.920381546, -18.9563312531, 11.8125953674], [1007.96636963, -592.411376953, 184.841674805, 349.094055176, -131.673904419, 80.1319503784, 52.726852417, 219.377349854, 19.0307445526, 45.9142799377, -44.2584342957, 65.3111877441, -30.1050186157], [-914.152160645, 279.372406006, -160.620513916, -196.241363525, 164.351608276, -28.3464984894, 30.2895526886, 19.0307445526, 138.95526123, 50.271938324, 45.3040542603, -13.2830753326, 51.297088623], [17.7907810211, -288.713165283, -83.0907287598, 20.6903438568, 9.0541677475, 24.9579734802, -22.6650562286, 45.9142799377, 50.271938324, 141.848449707, 44.3126029968, 48.702796936, 14.1696634293], [-978.26361084, 373.272705078, -271.420684814, -223.143417358, 128.462188721, -51.9493598938, 24.920381546, -44.2584342957, 45.3040542603, 44.3126029968, 154.739776611, 22.4245738983, 48.1738090515], [536.125732422, -465.386657715, 14.2035522461, 105.806152344, -141.621551514, 23.7830123901, -18.9563312531, 65.3111877441, -13.2830753326, 48.702796936, 22.4245738983, 135.368041992, 32.1582870483], [-1003.36077881, 222.205673218, -242.453353882, -251.086151123, 73.0051422119, -78.8921127319, 11.8125953674, -30.1050186157, 51.297088623, 14.1696634293, 48.1738090515, 32.1582870483, 129.337234497]],
        "icov": [[0.000178017100552, -0.000253663165495, -4.99696125189e-06, -0.000342662911862, 0.000338644429576, -0.000142829056131, 0.000468698621262, -0.000282646302367, 0.00032854868914, -0.000446241698228, 0.000706473540049, -0.000796237669419, 0.000608768779784], [-0.000253663165495, 0.00188567687292, -0.000629286572803, 0.00112755584996, -0.000992746674456, 0.000893391028512, -0.00190485303756, 0.00175815017428, -0.00182375847362, 0.00304117053747, -0.00413348106667, 0.00415651965886, -0.00161341880448], [-4.99696125189e-06, -0.000629286572803, 0.000984673621133, -0.000528955657501, 0.000429235806223, -0.000381654099328, 0.000836365041323, -0.0005479119136, 0.00013157032663, -0.000517808366567, 0.00169408251531, -0.00122158485465, 0.000859632214997], [-0.000342662911862, 0.00112755584996, -0.000528955657501, 0.00216756761074, -0.000485849566758, 9.58982927841e-05, -0.0012117450824, -0.000322123407386, -0.000247813004535, 0.00159085693303, -0.00271988706663, 0.00311055872589, -0.000846979382914], [0.000338644429576, -0.000992746674456, 0.000429235806223, -0.000485849566758, 0.0026773288846, -0.00175950594712, 0.0011620472651, -0.000863599067088, -8.34257516544e-05, -0.00144696165808, 0.00154255644884, -0.000734953326173, 0.00110229011625], [-0.000142829056131, 0.000893391028512, -0.000381654099328, 9.58982927841e-05, -0.00175950594712, 0.00704095419496, -0.00359734217636, 0.00162718060892, -0.000271765748039, -0.000590734183788, 0.000784017844126, -0.001435527578, 0.00306048803031], [0.000468698621262, -0.00190485303756, 0.000836365041323, -0.0012117450824, 0.0011620472651, -0.00359734217636, 0.0109264245257, -0.00643816497177, 0.00198555435054, 0.00052896264242, 0.000987238716334, -0.00118722592015, -0.000140609874506], [-0.000282646302367, 0.00175815017428, -0.0005479119136, -0.000322123407386, -0.000863599067088, 0.00162718060892, -0.00643816497177, 0.0134072527289, -0.0066307047382, 0.0006500572199, 0.00036235107109, -0.00234702578746, 0.0013302450534], [0.00032854868914, -0.00182375847362, 0.00013157032663, -0.000247813004535, -8.34257516544e-05, -0.000271765748039, 0.00198555435054, -0.0066307047382, 0.0166501253843, -0.00771754048765, 0.00233126920648, 0.000838068837766, -0.00323067908175], [-0.000446241698228, 0.00304117053747, -0.000517808366567, 0.00159085693303, -0.00144696165808, -0.000590734183788, 0.00052896264242, 0.0006500572199, -0.00771754048765, 0.0174595937133, -0.0104105686769, 0.00457353657112, -0.00212101032957], [0.000706473540049, -0.00413348106667, 0.00169408251531, -0.00271988706663, 0.00154255644884, 0.000784017844126, 0.000987238716334, 0.00036235107109, 0.00233126920648, -0.0104105686769, 0.0214427318424, -0.0146102178842, 0.00594116793945], [-0.000796237669419, 0.00415651965886, -0.00122158485465, 0.00311055872589, -0.000734953326173, -0.001435527578, -0.00118722592015, -0.00234702578746, 0.000838068837766, 0.00457353657112, -0.0146102178842, 0.0268095843494, -0.012525556609], [0.000608768779784, -0.00161341880448, 0.000859632214997, -0.000846979382914, 0.00110229011625, 0.00306048803031, -0.000140609874506, 0.0013302450534, -0.00323067908175, -0.00212101032957, 0.00594116793945, -0.012525556609, 0.0191757250577]]
    },
    "melbands": {
        "dmean": [0.000392385671148, 0.000613412237726, 0.000471237755846, 0.000651635869872, 0.000460440554889, 0.000402898149332, 0.000184976350283, 8.47866103868e-05, 2.49224012805e-05, 1.63725926541e-05, 8.83583470568e-06, 9.08362471819e-06, 1.37634206112e-05, 6.70016697768e-06, 6.20589162281e-06, 2.93334073831e-06, 2.23996721616e-06, 1.13725320716e-06, 8.38249889057e-07, 6.43565044811e-07, 7.31501302198e-07, 1.03683726138e-06, 5.7419794075e-07, 9.28323288463e-07, 1.62380865731e-06, 1.5612910147e-06, 1.76736864432e-06, 2.33574223785e-06, 2.11090559787e-06, 3.64488232663e-06, 2.66120423476e-06, 2.17773435907e-06, 2.36486903304e-06, 2.32137313105e-06, 1.57221086283e-06, 1.01978196199e-06, 7.99744270807e-07, 5.27668930772e-07, 4.16517792701e-07, 3.64610571069e-07],
        "dmean2": [0.000665746629238, 0.00109132716898, 0.000794902967755, 0.00111142045353, 0.00076246028766, 0.000673063681461, 0.000276014354313, 0.000127632287331, 3.45583175658e-05, 2.04926273e-05, 1.20915910884e-05, 1.29035433929e-05, 1.97476929316e-05, 9.86306986306e-06, 9.59253338806e-06, 4.50742300018e-06, 3.51600033355e-06, 1.80590677701e-06, 1.3987685179e-06, 1.09681946014e-06, 1.17473894079e-06, 1.67364805748e-06, 9.69480311142e-07, 1.52401037212e-06, 2.66407687377e-06, 2.41252769229e-06, 2.82111250272e-06, 3.9717274376e-06, 3.10930363412e-06, 5.77589162276e-06, 4.43444014309e-06, 3.42071484738e-06, 3.54948269887e-06, 3.39296980201e-06, 2.39198038798e-06, 1.46815682456e-06, 1.19536753118e-06, 8.18465593966e-07, 6.34291666302e-07, 5.60525165838e-07],
        "dvar": [2.72962279269e-06, 3.8416778807e-06, 1.76341075075e-06, 1.74973877165e-06, 6.66198559429e-07, 6.22774223302e-07, 2.5247553026e-07, 8.34213835788e-08, 5.47552447827e-09, 1.06081354811e-09, 4.18662160495e-10, 1.93451388242e-09, 4.8271044939e-09, 1.28814936495e-09, 2.05798622588e-09, 1.81983428327e-10, 2.36807684573e-10, 1.59917981635e-11, 6.57378752128e-12, 3.16311256701e-12, 5.95453070532e-12, 1.01753883097e-11, 5.68114565808e-12, 6.22374504364e-12, 1.29718779121e-11, 1.43568351652e-11, 1.59734100946e-11, 4.55394229271e-11, 2.67740673382e-11, 7.76312486517e-11, 3.49444119474e-11, 1.9879226737e-11, 1.92866000948e-11, 2.02458726867e-11, 1.10165661316e-11, 4.13086448728e-12, 3.98432111956e-12, 1.44237107067e-12, 8.54756695111e-13, 5.65278780815e-13],
        "dvar2": [7.2766320045e-06, 1.17067665997e-05, 4.66042092739e-06, 4.95857784699e-06, 1.7849423557e-06, 1.64654545642e-06, 6.11763368852e-07, 1.64343205711e-07, 1.13754099473e-08, 1.93594185127e-09, 8.40374880795e-10, 3.86356013848e-09, 9.9328740788e-09, 2.3673145666e-09, 5.07403674632e-09, 3.98938132529e-10, 5.91762860935e-10, 3.88872475887e-11, 1.6139362416e-11, 8.47682861405e-12, 1.41537996601e-11, 2.60870942903e-11, 1.57371893295e-11, 1.73956907906e-11, 3.29250134101e-11, 3.42284395272e-11, 4.00324356997e-11, 1.25307555998e-10, 5.4773692526e-11, 1.80996592714e-10, 8.73613889563e-11, 4.38758127053e-11, 4.72724394351e-11, 4.09379231903e-11, 2.66504943114e-11, 9.30152916495e-12, 9.91082129559e-12, 3.35000712066e-12, 2.11367034986e-12, 1.23473833154e-12],
        "max": [0.0184998996556, 0.0254769269377, 0.0253012310714, 0.0212021246552, 0.0203449968249, 0.021103227511, 0.0154510792345, 0.0192463360727, 0.00231120991521, 0.0011516243685, 0.000728794781025, 0.0029928709846, 0.00296544795856, 0.0019551764708, 0.00270660431124, 0.00047272676602, 0.000857877777889, 0.000167691643583, 9.70855544438e-05, 3.97950279876e-05, 9.06022178242e-05, 0.000105970495497, 9.0592126071e-05, 3.87186737498e-05, 7.30316751287e-05, 0.000135549838888, 0.000145624027937, 0.000111610905151, 9.34198615141e-05, 0.000162414158694, 0.000127003688249, 0.000138663963298, 6.41211663606e-05, 7.31716063456e-05, 3.21201732731e-05, 2.37147796724e-05, 2.61154109467e-05, 2.72714351013e-05, 1.50730784299e-05, 1.17891077025e-05],
        "mean": [0.00045379876974, 0.000725806399714, 0.000647086126264, 0.00162563705817, 0.00195402465761, 0.00189185282215, 0.000776765402406, 0.00020620811847, 6.15176832071e-05, 4.43220524176e-05, 1.82819567272e-05, 1.42853814395e-05, 1.95497650566e-05, 9.41067992244e-06, 7.60142074796e-06, 3.77451965505e-06, 2.51985170507e-06, 1.3817340232e-06, 8.8187999836e-07, 7.155719004e-07, 9.46022453263e-07, 1.33992034534e-06, 6.19630384335e-07, 1.21559367017e-06, 2.48067203756e-06, 2.39249516198e-06, 3.14453700412e-06, 3.40072642757e-06, 3.90407285522e-06, 6.77970456309e-06, 4.30167028753e-06, 3.72340673493e-06, 4.39858877144e-06, 3.92689935325e-06, 2.33072273659e-06, 1.62845526575e-06, 1.20466245335e-06, 9.13070095976e-07, 6.2269322143e-07, 6.26578867013e-07],
        "median": [7.86631717347e-05, 0.000279491650872, 0.000159866467584, 0.00130937178619, 0.00188628141768, 0.00158488727175, 0.000249593198532, 0.000101020894363, 3.18230813718e-05, 2.36816686083e-05, 6.5783615355e-06, 2.96319240078e-06, 2.63729180006e-06, 1.07468258648e-06, 8.51425454584e-07, 4.9653209544e-07, 2.91335226166e-07, 4.36278014604e-07, 2.26363709999e-07, 1.20954325666e-07, 1.81618972306e-07, 2.18431068788e-07, 1.0508114201e-07, 1.94357980376e-07, 3.90206452039e-07, 5.74264163333e-07, 7.03674004399e-07, 3.19497701184e-07, 4.29982634387e-07, 1.00724935237e-06, 6.7181980512e-07, 4.44791254495e-07, 6.74929481193e-07, 4.64199331418e-07, 2.51670456919e-07, 2.23507413466e-07, 1.23683349784e-07, 9.47921989791e-08, 5.18564711172e-08, 4.94029706033e-08],
        "min": [1.23222723968e-23, 1.75973016508e-23, 7.88038281069e-24, 6.76076199424e-24, 5.04692302346e-24, 1.15949741966e-23, 1.07010969723e-23, 2.46074620202e-23, 1.16332749713e-23, 8.65369132317e-24, 2.4544850919e-24, 5.70376845063e-24, 9.05003397461e-24, 1.38931563609e-23, 8.66471171001e-24, 1.13313850026e-23, 1.25150763129e-23, 5.7335116622e-24, 1.84945962206e-23, 1.5853472555e-23, 6.56307187367e-24, 1.19959427284e-23, 8.28224591075e-24, 8.58819851309e-24, 1.41081351571e-23, 1.43332003288e-23, 9.46497165531e-24, 6.3483352578e-24, 7.45018777122e-24, 9.35995218072e-24, 7.04020098156e-24, 7.02031616472e-24, 1.26093554463e-23, 1.236211855e-23, 1.08272776406e-23, 9.818771827e-24, 1.18682127372e-23, 8.85141694248e-24, 1.33089086196e-23, 1.20336242473e-23],
        "var": [2.60173464994e-06, 2.87489683615e-06, 1.91584854292e-06, 3.11788699037e-06, 2.6459615583e-06, 3.71638043362e-06, 1.34229730975e-06, 1.76454122425e-07, 1.25364625347e-08, 3.86581122669e-09, 1.16208465073e-09, 3.44864270474e-09, 7.92407384154e-09, 2.99204527821e-09, 2.28824759141e-09, 3.20379084373e-10, 2.49055137624e-10, 2.12448322823e-11, 7.06458155864e-12, 3.05959402778e-12, 7.10008831242e-12, 1.18373791672e-11, 4.77378206409e-12, 1.04695054709e-11, 2.70224172899e-11, 2.42013735441e-11, 4.14840349572e-11, 8.45137709815e-11, 7.71310237901e-11, 2.56244719887e-10, 8.01644861603e-11, 5.12002835962e-11, 5.33751515208e-11, 6.07527778085e-11, 1.70038913505e-11, 7.54141887827e-12, 5.26181008487e-12, 2.9224882063e-12, 1.33383506063e-12, 1.34384896874e-12]
    },
    "mfcc": {
        "mean": [-760.390930176, 126.788421631, 62.2512779236, 25.9185333252, -22.744430542, -2.96971154213, -15.3546733856, -13.8084039688, -15.5538215637, -8.29545211792, -6.44675016403, -6.00713205338, -0.433066934347],
        "cov": [[17944.3808594, -2457.30541992, 2705.29272461, 3745.95117188, -567.061401367, -181.964050293, -87.9152145386, 526.599243164, 32.2327232361, -146.279937744, -107.388092041, 116.036697388, 200.258270264], [-2457.30541992, 3587.97412109, 369.01373291, -414.448852539, 58.0241699219, -15.6781663895, -24.6201400757, -105.085853577, -150.605834961, -42.9010848999, 9.27936840057, -69.6255722046, -124.742332458], [2705.29272461, 369.01373291, 1328.78625488, 877.858764648, -123.537704468, -53.0950660706, -48.6886062622, 73.5567626953, 16.7402973175, -22.0795993805, -46.2457695007, -38.5514259338, -16.6908531189], [3745.95117188, -414.448852539, 877.858764648, 1340.23400879, -52.2982215881, -9.16314697266, 24.6533317566, 145.272720337, 14.5573883057, -1.37664830685, -5.30254983902, 34.8514022827, 34.8354377747], [-567.061401367, 58.0241699219, -123.537704468, -52.2982215881, 388.015838623, 172.711593628, 71.5790252686, 17.9346446991, 47.5587806702, 53.1176986694, 55.224697113, 15.9137191772, 2.29004216194], [-181.964050293, -15.6781663895, -53.0950660706, -9.16314697266, 172.711593628, 201.926422119, 106.085502625, 22.4770793915, 20.4839496613, 32.9757843018, 41.2238464355, 27.6040649414, -5.8212313652], [-87.9152145386, -24.6201400757, -48.6886062622, 24.6533317566, 71.5790252686, 106.085502625, 169.945831299, 83.6093215942, 26.2402877808, 16.5417861938, 37.3811187744, 43.9234199524, 16.1120090485], [526.599243164, -105.085853577, 73.5567626953, 145.272720337, 17.9346446991, 22.4770793915, 83.6093215942, 176.059539795, 77.2181549072, 10.3545875549, 4.57546138763, 16.6578292847, 24.1814250946], [32.2327232361, -150.605834961, 16.7402973175, 14.5573883057, 47.5587806702, 20.4839496613, 26.2402877808, 77.2181549072, 144.68069458, 64.0716400146, -0.963985025883, -2.22091984749, 15.9449195862], [-146.279937744, -42.9010848999, -22.0795993805, -1.37664830685, 53.1176986694, 32.9757843018, 16.5417861938, 10.3545875549, 64.0716400146, 94.2538070679, 47.8806877136, 1.71693849564, -7.36330127716], [-107.388092041, 9.27936840057, -46.2457695007, -5.30254983902, 55.224697113, 41.2238464355, 37.3811187744, 4.57546138763, -0.963985025883, 47.8806877136, 97.6996841431, 56.4703483582, 1.48823523521], [116.036697388, -69.6255722046, -38.5514259338, 34.8514022827, 15.9137191772, 27.6040649414, 43.9234199524, 16.6578292847, -2.22091984749, 1.71693849564, 56.4703483582, 101.100891113, 48.4054107666], [200.258270264, -124.742332458, -16.6908531189, 34.8354377747, 2.29004216194, -5.8212313652, 16.1120090485, 24.1814250946, 15.9449195862, -7.36330127716, 1.48823523521, 48.4054107666, 103.254516602]],
