{
"lowlevel": {
    "average_loudness": 0.702537059784,
    "barkbands_crest": {
        "dmean": 2.121281147,
        "dmean2": 3.56032824516,
        "dvar": 5.16301345825,
        "dvar2": 12.6149168015,
        "max": 26.0945243835,
        "mean": 12.8705692291,
        "median": 11.0646018982,
        "min": 2.96604466438,
        "var": 31.9194469452
    },
    "barkbands_flatness_db": {
        "dmean": 0.0266973637044,
        "dmean2": 0.0404649563134,
        "dvar": 0.00105434679426,
        "dvar2": 0.00197090907022,
        "max": 0.575828969479,
        "mean": 0.304949909449,
        "median": 0.292870223522,
        "min": 0.0421889089048,
        "var": 0.00727919302881
    },
    "barkbands_kurtosis": {
        "dmean": 5.77416801453,
        "dmean2": 8.86309051514,
        "dvar": 196.437011719,
        "dvar2": 480.514953613,
        "max": 327.30557251,
        "mean": 14.4586982727,
        "median": 4.28500652313,
        "min": -1.91924273968,
        "var": 798.134094238
    },
    "barkbands_skewness": {
        "dmean": 0.556644439697,
        "dmean2": 0.854439556599,
        "dvar": 0.571332097054,
        "dvar2": 1.24014258385,
        "max": 15.1712942123,
        "mean": 2.42754769325,
        "median": 1.71960163116,
        "min": -2.30658626556,
        "var": 4.58954811096
    },
    "barkbands_spread": {
        "dmean": 1.90340542793,
        "dmean2": 3.00544857979,
        "dvar": 10.9110126495,
        "dvar2": 25.1523971558,
        "max": 57.366809845,
        "mean": 6.92020463943,
        "median": 5.87841653824,
        "min": 0.27216809988,
        "var": 30.2637653351
    },
    "dissonance": {
        "dmean": 0.0274933949113,
        "dmean2": 0.0462263226509,
        "dvar": 0.000755542889237,
        "dvar2": 0.00198188680224,
        "max": 0.500000178814,
        "mean": 0.43402504921,
        "median": 0.444203734398,
        "min": 0.0859991386533,
        "var": 0.00203208532184
    },
    "dynamic_complexity": 2.34205746651,
    "erbbands_crest": {
        "dmean": 1.93298399448,
        "dmean2": 3.06192731857,
        "dvar": 4.60598087311,
        "dvar2": 10.3976097107,
        "max": 32.484085083,
        "mean": 10.1795301437,
        "median": 9.04374504089,
        "min": 2.39489603043,
        "var": 21.821100235
    },
    "erbbands_flatness_db": {
        "dmean": 0.0166255589575,
        "dmean2": 0.0243661515415,
        "dvar": 0.000555498583708,
        "dvar2": 0.000980892567895,
        "max": 0.549011647701,
        "mean": 0.263327240944,
        "median": 0.269141644239,
        "min": 0.0477913990617,
        "var": 0.00401266990229
    },
    "erbbands_kurtosis": {
        "dmean": 0.925407290459,
        "dmean2": 1.45478868484,
        "dvar": 4.31650495529,
        "dvar2": 8.35356426239,
        "max": 84.2909545898,
        "mean": 1.15353500843,
        "median": 0.342398405075,
        "min": -1.77557218075,
        "var": 13.9039793015
    },
    "erbbands_skewness": {
        "dmean": 0.28284984827,
        "dmean2": 0.440757274628,
        "dvar": 0.107358977199,
        "dvar2": 0.220613151789,
        "max": 6.81564855576,
        "mean": 0.495688557625,
        "median": 0.591649055481,
        "min": -5.95657348633,
        "var": 0.712914228439
    },
    "erbbands_spread": {
        "dmean": 4.13221120834,
        "dmean2": 6.31301784515,
        "dvar": 38.808631897,
        "dvar2": 77.2302322388,
        "max": 146.781707764,
        "mean": 23.1192207336,
        "median": 19.4061203003,
        "min": 0.736402511597,
        "var": 233.283828735
    },
    "hfc": {
        "dmean": 4.01929092407,
        "dmean2": 6.00102567673,
        "dvar": 52.2069473267,
        "dvar2": 125.52709198,
        "max": 132.186676025,
        "mean": 14.6036643982,
        "median": 12.4196910858,
        "min": 1.22132026303e-16,
        "var": 115.755775452
    },
    "melbands_crest": {
        "dmean": 2.496270895,
        "dmean2": 4.20952939987,
        "dvar": 6.24305582047,
        "dvar2": 17.1181602478,
        "max": 34.1149330139,
        "mean": 16.3158779144,
        "median": 15.6270275116,
        "min": 2.17107415199,
        "var": 27.2248439789
    },
    "melbands_flatness_db": {
        "dmean": 0.0301826708019,
        "dmean2": 0.045119356364,
        "dvar": 0.00151497486513,
        "dvar2": 0.00279944366775,
        "max": 0.741137862206,
        "mean": 0.411523252726,
        "median": 0.397145688534,
        "min": 0.00593478465453,
        "var": 0.0103724757209
    },
    "melbands_kurtosis": {
        "dmean": 8.1160068512,
        "dmean2": 12.3370475769,
        "dvar": 307.74899292,
        "dvar2": 690.719360352,
        "max": 391.631622314,
        "mean": 23.6485900879,
        "median": 8.04299354553,
        "min": -1.91929137707,
        "var": 1748.68225098
    },
    "melbands_skewness": {
        "dmean": 0.598703444004,
        "dmean2": 0.917659282684,
        "dvar": 0.560872852802,
        "dvar2": 1.14202046394,
        "max": 16.3501091003,
        "mean": 3.04641962051,
        "median": 2.35520529747,
        "min": -1.80263459682,
        "var": 4.82484483719
    },
    "melbands_spread": {
        "dmean": 2.11051654816,
        "dmean2": 3.34410762787,
        "dvar": 16.0761108398,
        "dvar2": 31.6719264984,
        "max": 151.476486206,
        "mean": 7.6321978569,
        "median": 6.54942798615,
        "min": 0.367565602064,
        "var": 49.577457428
    },
    "pitch_salience": {
        "dmean": 0.0659323260188,
        "dmean2": 0.109404459596,
        "dvar": 0.00462247384712,
        "dvar2": 0.0107854874805,
        "max": 0.863588094711,
        "mean": 0.466028541327,
        "median": 0.500138163567,
        "min": 0.0682791024446,
        "var": 0.025165900588
    },
    "silence_rate_20dB": {
        "dmean": 0.00982689578086,
        "dmean2": 0.0196552760899,
        "dvar": 0.00973081216216,
        "dvar2": 0.0212341304868,
        "max": 1,
        "mean": 0.985638678074,
        "median": 1,
        "min": 0,
        "var": 0.0141569469124
    },
    "silence_rate_30dB": {
        "dmean": 0.0382492989302,
        "dmean2": 0.0765043869615,
        "dvar": 0.0367874912918,
        "dvar2": 0.0730748176575,
        "max": 1,
        "mean": 0.763114154339,
        "median": 1,
        "min": 0,
        "var": 0.180786386132
    },
    "silence_rate_60dB": {
        "dmean": 0.00257011107169,
        "dmean2": 0.00514061097056,
        "dvar": 0.00256328633986,
        "dvar2": 0.00632299669087,
        "max": 1,
        "mean": 0.0133030992001,
        "median": 0,
        "min": 0,
        "var": 0.0131259951741
    },
    "spectral_centroid": {
        "dmean": 90.7023391724,
        "dmean2": 142.253860474,
        "dvar": 26864.7636719,
        "dvar2": 52739.0429688,
        "max": 11120.7734375,
        "mean": 483.343536377,
        "median": 420.897155762,
        "min": 126.220489502,
        "var": 83702.2265625
    },
    "spectral_complexity": {
        "dmean": 1.98593997955,
        "dmean2": 3.1641972065,
        "dvar": 7.38876724243,
        "dvar2": 15.034160614,
        "max": 49,
        "mean": 13.6795921326,
        "median": 13,
        "min": 0,
        "var": 24.5640068054
    },
    "spectral_decrease": {
        "dmean": 5.50364198659e-09,
        "dmean2": 8.47516457014e-09,
        "dvar": 1.21850983418e-16,
        "dvar2": 2.54113325248e-16,
        "max": 3.37929614298e-20,
        "mean": -1.9523495709e-08,
        "median": -1.00577652873e-08,
        "min": -2.06496977739e-07,
        "var": 4.97840650133e-16
    },
    "spectral_energy": {
        "dmean": 0.021095469594,
        "dmean2": 0.0324829109013,
        "dvar": 0.00176579377148,
        "dvar2": 0.00368379219435,
        "max": 0.786039531231,
        "mean": 0.0750109776855,
        "median": 0.0391564294696,
        "min": 1.10860967127e-20,
        "var": 0.00720611121505
    },
    "spectral_energyband_high": {
        "dmean": 6.84560727677e-05,
        "dmean2": 0.000108826840005,
        "dvar": 2.7252715995e-07,
        "dvar2": 7.56882741371e-07,
        "max": 0.012933623977,
        "mean": 7.49418177293e-05,
        "median": 3.01467116515e-06,
        "min": 8.55187461754e-21,
        "var": 2.23735938221e-07
    },
    "spectral_energyband_low": {
        "dmean": 0.0154400095344,
        "dmean2": 0.0232725180686,
        "dvar": 0.00168674113229,
        "dvar2": 0.00355092505924,
        "max": 0.763857841492,
        "mean": 0.053207565099,
        "median": 0.0148493740708,
        "min": 1.01687313505e-22,
        "var": 0.00715478230268
    },
    "spectral_energyband_middle_high": {
        "dmean": 0.000918023870327,
        "dmean2": 0.00132618099451,
        "dvar": 6.55459643895e-06,
        "dvar2": 1.45650828927e-05,
        "max": 0.0853786319494,
        "mean": 0.00267380545847,
        "median": 0.00162007682957,
        "min": 1.25613878754e-21,
        "var": 1.49683201016e-05
    },
    "spectral_energyband_middle_low": {
        "dmean": 0.00806823279709,
        "dmean2": 0.013412698172,
        "dvar": 0.000193704923731,
        "dvar2": 0.000441135518486,
        "max": 0.271043598652,
        "mean": 0.0208071600646,
        "median": 0.0154704172164,
        "min": 3.57433431514e-22,
        "var": 0.000423934950959
    },
    "spectral_entropy": {
        "dmean": 0.199431374669,
        "dmean2": 0.308508992195,
        "dvar": 0.067638874054,
        "dvar2": 0.132273033261,
        "max": 9.80262088776,
        "mean": 6.28505134583,
        "median": 6.22587156296,
        "min": 3.92788743973,
        "var": 0.285227328539
    },
    "spectral_flux": {
        "dmean": 0.0355224460363,
        "dmean2": 0.055350381881,
        "dvar": 0.00263037369587,
        "dvar2": 0.00635826122016,
        "max": 0.577241718769,
        "mean": 0.0811768323183,
        "median": 0.0630063638091,
        "min": 1.05290533237e-10,
        "var": 0.00405903346837
    },
    "spectral_kurtosis": {
        "dmean": 15.7668581009,
        "dmean2": 26.8939990997,
        "dvar": 309.236602783,
        "dvar2": 835.691040039,
        "max": 177.587738037,
        "mean": 36.3292198181,
        "median": 30.2390193939,
        "min": -1.19735991955,
        "var": 787.307556152
    },
    "spectral_rms": {
        "dmean": 0.00111205410212,
        "dmean2": 0.0017034127377,
        "dvar": 2.65561607193e-06,
        "dvar2": 5.16495902048e-06,
        "max": 0.0276923794299,
        "mean": 0.0075354501605,
        "median": 0.00618072785437,
        "min": 3.28872389391e-12,
        "var": 1.63980002981e-05
    },
    "spectral_rolloff": {
        "dmean": 107.206420898,
        "dmean2": 183.081268311,
        "dvar": 124045.96875,
        "dvar2": 258755.625,
        "max": 18863.0859375,
        "mean": 473.556488037,
        "median": 452.197265625,
        "min": 86.1328125,
        "var": 238195.28125
    },
    "spectral_skewness": {
        "dmean": 0.971040785313,
        "dmean2": 1.63865435123,
        "dvar": 0.950011253357,
        "dvar2": 2.58654308319,
        "max": 10.4106397629,
        "mean": 3.96882295609,
        "median": 3.77947974205,
        "min": -0.0235141720623,
        "var": 2.659760952
    },
    "spectral_spread": {
        "dmean": 361464.90625,
        "dmean2": 562094.75,
        "dvar": 401304944640,
        "dvar2": 661758607360,
        "max": 40617344,
        "mean": 1884637.125,
        "median": 1500522.875,
        "min": 428408.03125,
        "var": 1.80399649587e+12
    },
    "spectral_strongpeak": {
        "dmean": 0.33099758625,
        "dmean2": 0.553503870964,
        "dvar": 0.332537949085,
        "dvar2": 0.732177495956,
        "max": 13.171500206,
        "mean": 0.853898882866,
        "median": 0.621978163719,
        "min": 0,
        "var": 0.651020109653
    },
    "zerocrossingrate": {
        "dmean": 0.00336695928127,
        "dmean2": 0.00419571949169,
        "dvar": 5.33818092663e-05,
        "dvar2": 7.36968795536e-05,
        "max": 0.5087890625,
        "mean": 0.0189288891852,
        "median": 0.017578125,
        "min": 0.00244140625,
        "var": 0.000200602866244
    },
    "barkbands": {
        "dmean": [0.00011721948249, 0.0119773717597, 0.00416492903605, 0.00316237332299, 0.00476589379832, 0.00114724307787, 0.000699447176885, 0.000572956225369, 0.000336809665896, 0.000303152395645, 0.00032907637069, 0.000152092296048, 0.000115879352961, 0.000136014044983, 0.000102228703327, 6.87680731062e-05, 6.94134141668e-05, 5.48292264284e-05, 1.94686435862e-05, 1.50105825014e-05, 1.62902215379e-05, 1.74997749127e-05, 1.25426986415e-05, 5.73460829401e-06, 5.64940864933e-06, 3.81724476028e-06, 3.81411240369e-07],
        "dmean2": [0.000214588377276, 0.0179288573563, 0.00671309698373, 0.0053322496824, 0.0081724729389, 0.00197859364562, 0.0010572001338, 0.000770190323237, 0.000460267969174, 0.000429215986514, 0.000472941144835, 0.000238355627516, 0.000166673518834, 0.000200293419766, 0.000156130408868, 0.000100756209577, 0.000106105835584, 8.55280886753e-05, 3.01462114294e-05, 2.46602721745e-05, 2.70449399977e-05, 2.91745636787e-05, 2.1534086045e-05, 9.07148478291e-06, 8.72737928148e-06, 5.46519959244e-06, 5.3031050129e-07],
        "dvar": [3.71242748542e-07, 0.00125120941084, 0.000140039308462, 3.59914265573e-05, 7.34589048079e-05, 4.83835538034e-06, 1.8910941435e-06, 2.13964540308e-06, 5.97428879701e-07, 7.62177478464e-07, 2.81211760012e-06, 3.8296914795e-07, 1.30521200958e-07, 5.22058655861e-07, 1.50867919047e-07, 2.39339037478e-08, 4.61868907564e-08, 3.77205502389e-08, 3.92409349459e-09, 1.10440963041e-08, 1.4639382151e-08, 1.98180813982e-08, 1.21403012088e-08, 1.09152720196e-09, 1.49970391661e-09, 6.54386655974e-10, 1.30734581147e-11],
        "dvar2": [1.12611871828e-06, 0.00260573602282, 0.00037250702735, 9.26957582124e-05, 0.000176311514224, 1.35690625029e-05, 4.0295767576e-06, 3.93693244405e-06, 1.09423240247e-06, 1.61331172421e-06, 6.00113025939e-06, 7.99654515049e-07, 2.48892490617e-07, 9.02820033843e-07, 3.60968641644e-07, 4.62577780524e-08, 1.04546636237e-07, 7.76885258347e-08, 9.49686373986e-09, 3.0711351684e-08, 4.08140294894e-08, 5.55451080686e-08, 3.48633868441e-08, 2.72484412811e-09, 3.60828611434e-09, 1.15358955721e-09, 2.69592039664e-11],
        "max": [0.021372558549, 0.676157772541, 0.200605243444, 0.10882177949, 0.152357935905, 0.0302546732128, 0.0265274867415, 0.0440913550556, 0.031981959939, 0.0266100354493, 0.0787342190742, 0.0282941516489, 0.010618259199, 0.0418813638389, 0.0101052271202, 0.00358583871275, 0.0117759145796, 0.00426790816709, 0.00113424961455, 0.00262833223678, 0.00295690936036, 0.00342609337531, 0.00284422049299, 0.000640986021608, 0.000804616604, 0.000707172090188, 0.000120616132335],
        "mean": [0.000115131690109, 0.0429992862046, 0.00859005656093, 0.00450376747176, 0.00774945179, 0.00270421663299, 0.00243394402787, 0.00198375922628, 0.000919036392588, 0.000949408509769, 0.000734613335226, 0.000270325894235, 0.000210720143514, 0.000230908175581, 0.000172796557308, 0.000131845328724, 0.000118156312965, 8.08920085547e-05, 3.10732139042e-05, 1.64417469932e-05, 1.6190997485e-05, 1.68392307387e-05, 1.21771226986e-05, 7.04488456904e-06, 7.04679587216e-06, 5.28384134668e-06, 5.38479412171e-07],
        "median": [1.71671272255e-05, 0.00948084890842, 0.00361608713865, 0.00218930328265, 0.00429600477219, 0.00167718331795, 0.00135661254171, 0.000790824589785, 0.000408603431424, 0.000498842680827, 0.000210239668377, 9.33001865633e-05, 6.68013744871e-05, 8.44171954668e-05, 6.46398693789e-05, 5.16492800671e-05, 3.86255633202e-05, 1.10162181954e-05, 6.61337389829e-06, 2.10982170756e-06, 7.61493708978e-07, 3.03945171254e-07, 1.68137660239e-07, 1.76935742502e-07, 1.24682088654e-07, 9.09337742883e-08, 2.6725937019e-09],
        "min": [2.08852786369e-23, 2.08112109088e-23, 5.61462598505e-23, 1.38501508198e-23, 2.65837794688e-23, 1.00192983758e-22, 2.45107019193e-23, 2.817178487e-23, 1.4510509439e-22, 4.9185004124e-23, 4.71301823935e-23, 1.21495800162e-22, 2.53232444289e-23, 1.48841278477e-22, 1.44990450813e-22, 1.20274580371e-22, 1.55048061323e-22, 2.1171375768e-22, 1.47745796804e-22, 2.42493696563e-22, 5.43354264871e-22, 5.92925476361e-22, 7.75799135679e-22, 8.3494527578e-22, 1.53548450626e-21, 1.90922110522e-21, 2.40642632556e-21],
        "var": [2.49322454238e-07, 0.0055377362296, 0.000239745248109, 5.35338222107e-05, 0.000133862602524, 9.24995038076e-06, 8.61379885464e-06, 1.17519548439e-05, 2.57965348283e-06, 2.7199394026e-06, 6.85608438289e-06, 8.14446934783e-07, 3.05072944684e-07, 9.73887040345e-07, 1.67843495547e-07, 7.87716061268e-08, 7.5898164198e-08, 7.13980199407e-08, 5.5081770256e-09, 8.1955873199e-09, 1.09453290875e-08, 1.48497329988e-08, 8.48131165299e-09, 1.43916800699e-09, 2.32297647784e-09, 1.59247781628e-09, 3.19995523135e-11]
    },
    "erbbands": {
        "dmean": [0.178123369813, 3.24214267731, 5.80350065231, 6.6531701088, 19.9764862061, 12.0577993393, 5.58636617661, 10.9887399673, 11.4585514069, 11.8001232147, 9.9587020874, 7.55210733414, 10.123046875, 11.3401985168, 9.62299060822, 7.19554853439, 5.79740285873, 7.07503986359, 4.6129732132, 5.39397192001, 3.9879860878, 3.24326109886, 2.73557066917, 1.39300179482, 0.739609122276, 0.695454239845, 0.650754868984, 0.729165375233, 0.611416935921, 0.681197941303, 0.217292040586, 0.124665595591, 0.092722222209, 0.0618968494236, 0.0456767007709, 0.0220843367279, 0.00591324269772, 0.000840879511088, 6.45779437036e-05, 2.42358910327e-05],
        "dmean2": [0.285684019327, 4.84912824631, 8.9495267868, 10.9979009628, 33.5482444763, 21.4584712982, 8.92175865173, 19.1407661438, 18.0381088257, 15.1975831985, 14.6383666992, 10.4313402176, 13.400639534, 16.8984699249, 14.0083141327, 11.1263809204, 8.34386253357, 10.5332384109, 6.7830862999, 8.09774875641, 5.93239164352, 4.90133714676, 4.26409387589, 2.10764694214, 1.14869165421, 1.16723370552, 1.05995941162, 1.24175846577, 1.02390360832, 1.17777574062, 0.35807621479, 0.198410898447, 0.149883374572, 0.0992165580392, 0.0696285143495, 0.0314520709217, 0.00865384191275, 0.00116079417057, 9.71680492512e-05, 3.65993073501e-05],
        "dvar": [0.291364192963, 89.2774200439, 245.880004883, 177.897918701, 1780.02172852, 343.180297852, 127.138580322, 432.898620605, 563.242675781, 661.942993164, 773.657348633, 295.817352295, 550.400695801, 3825.47924805, 1554.18591309, 948.240661621, 326.095092773, 1363.26513672, 203.242263794, 350.763580322, 76.4511871338, 152.363967896, 82.9829940796, 16.2980957031, 9.41220188141, 25.2615413666, 18.1801242828, 37.7062263489, 26.1567821503, 41.5564231873, 2.44783067703, 0.52536469698, 0.333744168282, 0.157685101032, 0.111638210714, 0.0210929829627, 0.00174056494143, 4.38605238742e-05, 3.65079046105e-07, 2.29352647985e-09],
        "dvar2": [0.678900718689, 184.061416626, 568.737731934, 448.127319336, 3982.66235352, 1015.00671387, 291.192382812, 1267.76013184, 1229.50012207, 1239.00439453, 1538.17736816, 582.373962402, 931.157531738, 8089.18798828, 3716.73266602, 1929.01159668, 649.939697266, 2369.40625, 389.298309326, 904.078796387, 169.055435181, 333.666137695, 178.147109985, 37.2415542603, 23.6938667297, 71.4918746948, 48.2560157776, 108.161399841, 74.1417541504, 120.156837463, 6.6896033287, 1.35582637787, 0.851623177528, 0.380815178156, 0.282557696104, 0.0379401631653, 0.00337481126189, 7.69787657191e-05, 7.38518792787e-07, 4.64160399005e-09],
        "max": [8.19026184082, 185.177322388, 279.641387939, 203.986190796, 798.292907715, 280.07723999, 199.014266968, 244.001205444, 473.330566406, 767.171447754, 1183.74645996, 521.600402832, 635.813415527, 2987.08251953, 1564.51379395, 1440.8026123, 485.725158691, 2131.23120117, 426.388458252, 455.663024902, 197.237731934, 832.861328125, 194.392196655, 77.1282424927, 61.3027992249, 120.481903076, 100.049484253, 154.147705078, 127.708457947, 169.544723511, 37.1555290222, 14.1293916702, 12.3445854187, 8.11081409454, 7.94470882416, 4.02890110016, 1.17391657829, 0.218363538384, 0.0197149645537, 0.000909526541363],
        "mean": [0.659703910351, 11.2620868683, 15.4421730042, 11.0112762451, 29.0481853485, 20.5679016113, 13.5615386963, 26.0112953186, 38.3971633911, 39.7975769043, 33.4446296692, 23.0880699158, 32.7772407532, 30.5994358063, 20.0446186066, 13.4099054337, 11.2087488174, 12.2608194351, 8.85704135895, 9.01449298859, 7.80716609955, 5.80576086044, 4.3338303566, 2.23335027695, 1.14000093937, 0.758246541023, 0.698071956635, 0.672152221203, 0.582583665848, 0.628965079784, 0.239471241832, 0.153800666332, 0.113603577018, 0.0770751386881, 0.0544427223504, 0.028530407697, 0.00834076851606, 0.00134951039217, 0.000116099537991, 8.4649240307e-05],
        "median": [0.0821559652686, 2.65164375305, 5.81392240524, 6.3729467392, 13.1250944138, 12.5229768753, 8.39238166809, 15.3191452026, 21.895111084, 23.5203742981, 15.527466774, 12.4670209885, 16.8666820526, 11.3841133118, 7.98945713043, 5.40774059296, 4.09476280212, 5.10668182373, 3.5159945488, 3.61639595032, 3.36940574646, 2.10749030113, 0.937103569508, 0.484352946281, 0.252887368202, 0.114076316357, 0.0460788048804, 0.0258131287992, 0.0126810120419, 0.00676950067282, 0.00469670072198, 0.00385897234082, 0.00289157079533, 0.00143974088132, 0.000903504551388, 0.000555662671104, 0.000145208032336, 1.56384521688e-05, 2.15902437048e-05, 4.38647984993e-05],
        "min": [1.03903346219e-21, 4.1218595716e-21, 4.81384316759e-20, 7.14011900375e-20, 4.14485438484e-20, 9.62393752679e-20, 5.13001285883e-19, 8.05784965624e-19, 4.41766766277e-19, 4.0971566304e-19, 9.98806217395e-19, 3.70701446465e-18, 2.0265267399e-18, 1.39403156311e-18, 2.54153828146e-18, 4.2118084645e-18, 2.03964871954e-18, 6.22362834669e-18, 7.01687966488e-18, 6.88736634201e-18, 7.22675772016e-18, 1.16792567178e-17, 1.30324811865e-17, 7.35987093305e-18, 7.1289320322e-18, 1.2748417438e-17, 2.49429233049e-17, 1.6804448768e-17, 1.97995241822e-17, 2.82186114702e-17, 1.78618833758e-17, 1.48225604162e-17, 1.64477502899e-17, 1.45241698995e-17, 1.21846624177e-17, 6.72993898219e-18, 3.96346609714e-18, 1.36536592917e-18, 2.81694341352e-19, 3.87177653836e-20],
        "var": [1.76804578304, 380.517730713, 752.494628906, 240.431030273, 3160.45776367, 567.067260742, 282.721405029, 925.696166992, 2289.42285156, 3164.82177734, 3405.25439453, 1277.33435059, 2467.77075195, 9946.44433594, 2380.45483398, 2038.9519043, 738.080322266, 2553.61816406, 355.625701904, 372.452148438, 185.521347046, 213.971618652, 153.956207275, 28.1872997284, 11.0570983887, 17.4295959473, 16.0151805878, 25.0079402924, 18.4135532379, 27.544506073, 2.16429853439, 0.653424441814, 0.437576919794, 0.248287528753, 0.145498692989, 0.046212490648, 0.0040320912376, 0.000129753258079, 8.51516745115e-07, 9.69433866516e-09]
    },
    "gfcc": {
        "mean": [-85.0301513672, 205.59185791, -101.850830078, -0.65907728672, -23.2086009979, -6.68039655685, -24.252784729, 3.17886590958, -10.2367639542, -9.13180732727, -9.83027172089, -9.00647068024, -4.00299549103],
        "cov": [[4613.61425781, -1731.93518066, 19.0044975281, 938.311279297, -471.466827393, 415.38571167, -238.971694946, 193.62789917, -175.590194702, 260.781890869, -137.402923584, 192.368225098, -167.642532349], [-1731.93518066, 2143.88354492, -369.509857178, -708.205383301, 793.575378418, -614.461425781, 219.314178467, -236.275650024, 253.792373657, -231.007980347, 206.949234009, -196.952041626, 219.126861572], [19.0044975281, -369.509857178, 1209.3371582, 224.466384888, 24.4929103851, 493.28427124, 86.4101104736, 249.177902222, -2.27472734451, 141.912887573, -22.3726005554, 120.935783386, 3.01818442345], [938.311279297, -708.205383301, 224.466384888, 627.193725586, -76.3432006836, 169.148544312, 6.80164670944, 51.8204460144, 3.12911915779, 95.790145874, -30.806634903, 81.5295181274, -2.3463768959], [-471.466827393, 793.575378418, 24.4929103851, -76.3432006836, 701.171508789, -151.501480103, 165.721328735, 24.5788040161, 171.421066284, -39.1552848816, 113.270118713, -32.2007713318, 166.408782959], [415.38571167, -614.461425781, 493.28427124, 169.148544312, -151.501480103, 517.864868164, 20.566904068, 202.389434814, -59.8324928284, 82.1651992798, -62.6329994202, 99.2524642944, -52.4680404663], [-238.971694946, 219.314178467, 86.4101104736, 6.80164670944, 165.721328735, 20.566904068, 191.542129517, 27.1453609467, 53.0355072021, -25.5016555786, 33.0395812988, 0.830670595169, 63.3587379456], [193.62789917, -236.275650024, 249.177902222, 51.8204460144, 24.5788040161, 202.389434814, 27.1453609467, 221.549789429, 4.32041501999, 44.0494117737, -23.504617691, 42.6474227905, -16.7446899414], [-175.590194702, 253.792373657, -2.27472734451, 3.12911915779, 171.421066284, -59.8324928284, 53.0355072021, 4.32041501999, 152.492599487, 5.87844991684, 31.799577713, -19.0122623444, 55.2669181824], [260.781890869, -231.007980347, 141.912887573, 95.790145874, -39.1552848816, 82.1651992798, -25.5016555786, 44.0494117737, 5.87844991684, 128.826019287, 3.10678124428, 36.1375617981, -12.7642421722], [-137.402923584, 206.949234009, -22.3726005554, -30.806634903, 113.270118713, -62.6329994202, 33.0395812988, -23.504617691, 31.799577713, 3.10678124428, 94.4069061279, 9.16670894623, 32.491065979], [192.368225098, -196.952041626, 120.935783386, 81.5295181274, -32.2007713318, 99.2524642944, 0.830670595169, 42.6474227905, -19.0122623444, 36.1375617981, 9.16670894623, 91.4286575317, 12.7092418671], [-167.642532349, 219.126861572, 3.01818442345, -2.3463768959, 166.408782959, -52.4680404663, 63.3587379456, -16.7446899414, 55.2669181824, -12.7642421722, 32.491065979, 12.7092418671, 107.501976013]],
        "icov": [[0.000440763134975, -0.000250258774031, 0.000346338842064, -0.000790022895671, 5.42046873306e-05, -0.000234978841036, 0.000371460540919, -0.000419793330366, 0.00043484714115, -0.00060369662242, 0.00036381999962, -0.000508534896653, 0.00034250781755], [-0.000250258774031, 0.00503902742639, -0.00136379385367, 0.00431558536366, -0.00266854767688, 0.00214406219311, -0.00165840133559, 0.00294412113726, -0.00300476420671, 0.00350563158281, -0.00334804109298, 0.00322064827196, -0.00132370367646], [0.000346338842064, -0.00136379385367, 0.00212114839815, -0.00160916778259, 0.00042425718857, -0.00189345772378, 0.000267389666988, -0.0013315086253, 0.00104109151289, -0.00211182492785, 0.00100881012622, -0.00131145503838, 0.000343625928508], [-0.000790022895671, 0.00431558536366, -0.00160916778259, 0.00653230538592, -0.0021506906487, 0.00177731108852, -0.0021519404836, 0.00336366379634, -0.0034223604016, 0.00247539090924, -0.00213996996172, 0.00173902441747, -0.00135752407368], [5.42046873306e-05, -0.00266854767688, 0.00042425718857, -0.0021506906487, 0.00494171772152, -0.000484189804411, 0.000141431490192, -0.0031012785621, 0.000170755331055, -0.0012131939875, -0.000743847340345, 0.000214877582039, -0.0030196197331], [-0.000234978841036, 0.00214406219311, -0.00189345772378, 0.00177731108852, -0.000484189804411, 0.00637454399839, -0.00197597569786, -0.00123949104454, -0.000691922730766, 0.00136259349529, 0.00033508069464, -0.00128276005853, 0.000755273504183], [0.000371460540919, -0.00165840133559, 0.000267389666988, -0.0021519404836, 0.000141431490192, -0.00197597569786, 0.00890080165118, -0.0017176620895, 0.000394922011765, 0.00087708857609, -0.00074873509584, 0.000312449119519, -0.00270110601559], [-0.000419793330366, 0.00294412113726, -0.0013315086253, 0.00336366379634, -0.0031012785621, -0.00123949104454, -0.0017176620895, 0.0103549798951, -0.00293803494424, 0.00138812768273, 7.59969043429e-05, -9.54426559474e-06, 0.00192938523833], [0.00043484714115, -0.00300476420671, 0.00104109151289, -0.0034223604016, 0.000170755331055, -0.000691922730766, 0.000394922011765, -0.00293803494424, 0.0123255774379, -0.00433100713417, 0.00140022451524, 0.0008736748714, -0.00197078636847], [-0.00060369662242, 0.00350563158281, -0.00211182492785, 0.00247539090924, -0.0012131939875, 0.00136259349529, 0.00087708857609, 0.00138812768273, -0.00433100713417, 0.0142428716645, -0.00479026138783, 0.000861083157361, -0.000467824516818], [0.00036381999962, -0.00334804109298, 0.00100881012622, -0.00213996996172, -0.000743847340345, 0.00033508069464, -0.00074873509584, 7.59969043429e-05, 0.00140022451524, -0.00479026138783, 0.0188200306147, -0.0081881871447, 0.00307621690445], [-0.000508534896653, 0.00322064827196, -0.00131145503838, 0.00173902441747, 0.000214877582039, -0.00128276005853, 0.000312449119519, -9.54426559474e-06, 0.0008736748714, 0.000861083157361, -0.0081881871447, 0.0225068870932, -0.00896037835628], [0.00034250781755, -0.00132370367646, 0.000343625928508, -0.00135752407368, -0.0030196197331, 0.000755273504183, -0.00270110601559, 0.00192938523833, -0.00197078636847, -0.000467824516818, 0.00307621690445, -0.00896037835628, 0.0205177441239]]
    },
    "melbands": {
        "dmean": [0.00253105466254, 0.00364819471724, 0.00156751822215, 0.00124424975365, 0.000216383428778, 0.000239731947659, 0.0001657558023, 0.000129504100187, 7.43341588532e-05, 4.92399922223e-05, 5.01765644003e-05, 4.46182784799e-05, 3.88494700019e-05, 1.9466262529e-05, 1.46121055877e-05, 1.07334444692e-05, 1.50268788275e-05, 7.80135997047e-06, 6.98222766005e-06, 6.7689820753e-06, 4.81661936647e-06, 3.84747363569e-06, 3.32520585289e-06, 2.72433453574e-06, 1.02890840026e-06, 6.46701039386e-07, 4.43062674549e-07, 5.02494401644e-07, 4.39883308445e-07, 3.66921909745e-07, 4.46674675914e-07, 3.38894125207e-07, 3.27908054487e-07, 4.23415855266e-07, 1.27520337401e-07, 8.80498376432e-08, 6.87675907329e-08, 6.25403728804e-08, 6.90031285444e-08, 4.72968828547e-08],
        "dmean2": [0.00387935084291, 0.00546618364751, 0.00258708256297, 0.00215402431786, 0.000357514130883, 0.000416638737079, 0.000261298642727, 0.000166173282196, 0.000109708118543, 6.72947353451e-05, 6.65016123094e-05, 6.69296423439e-05, 5.59227155463e-05, 3.06411529891e-05, 2.1631067284e-05, 1.58156562975e-05, 2.24408249778e-05, 1.1268470189e-05, 1.09648290163e-05, 9.69003758655e-06, 7.35818002795e-06, 5.8442824411e-06, 5.08410766997e-06, 4.23043820774e-06, 1.57894271524e-06, 1.02779677036e-06, 6.92719936524e-07, 8.75417015322e-07, 7.29660143861e-07, 6.14621740169e-07, 7.63044454288e-07, 5.63372509532e-07, 5.68804864542e-07, 7.39743313716e-07, 2.11232347169e-07, 1.40782788094e-07, 1.1030325453e-07, 1.01955400567e-07, 1.13605111096e-07, 7.48719841681e-08],
        "dvar": [5.75167432544e-05, 9.57703014137e-05, 8.87731039256e-06, 4.82979248773e-06, 1.48784337739e-07, 2.04289520411e-07, 1.18549870365e-07, 8.86159625679e-08, 4.47048478236e-08, 1.32800979102e-08, 1.37159128499e-08, 5.58416637375e-08, 2.35525146053e-08, 5.93600368859e-09, 2.23969109925e-09, 1.23935139928e-09, 7.12601666564e-09, 5.58871893208e-10, 1.11896947264e-09, 2.25194057846e-10, 1.18536805371e-10, 2.1479173995e-10, 1.34296851417e-10, 9.51873024846e-11, 9.32963255262e-12, 6.55885762368e-12, 4.17939641228e-12, 1.5425953917e-11, 8.78293705125e-12, 6.70655241411e-12, 1.38414913212e-11, 7.14150396805e-12, 7.88476315489e-12, 1.7262656582e-11, 8.21862543299e-13, 2.84892443837e-13, 1.36784003178e-13, 1.62367745659e-13, 1.86128700343e-13, 9.32810483045e-14],
        "dvar2": [0.000126412327518, 0.000197522895178, 2.12486975215e-05, 1.20481081467e-05, 3.57558775477e-07, 5.87173644817e-07, 2.59513740275e-07, 1.59753767548e-07, 8.62896811782e-08, 2.59254626656e-08, 2.31520047578e-08, 1.19368991136e-07, 5.33403117231e-08, 1.2924272319e-08, 4.61202231961e-09, 2.33571073593e-09, 1.23458585577e-08, 1.00599339969e-09, 2.92621171738e-09, 4.64936034117e-10, 2.78429113099e-10, 4.78305339779e-10, 2.99389735225e-10, 2.15291215411e-10, 2.13257501935e-11, 1.67323221251e-11, 1.04496879899e-11, 4.4429980528e-11, 2.36395746728e-11, 1.8418615591e-11, 3.97167958244e-11, 1.98991587097e-11, 2.25900149281e-11, 5.01659616625e-11, 2.22718870256e-12, 7.53351536969e-13, 3.42782117795e-13, 4.17924429872e-13, 4.87803428293e-13, 2.20920097537e-13],
        "max": [0.135128155351, 0.184002622962, 0.0496285259724, 0.0374825187027, 0.00715614343062, 0.00555399386212, 0.00676964875311, 0.00936435628682, 0.00878147408366, 0.00348605006002, 0.00316630047746, 0.0110046463087, 0.00522099435329, 0.00315198162571, 0.00158880429808, 0.00146118341945, 0.00489933043718, 0.000905426684767, 0.000921451777685, 0.000329806178343, 0.000219494948396, 0.000964260485489, 0.000264648871962, 0.00018689846911, 7.94541119831e-05, 5.06730066263e-05, 4.31745829701e-05, 9.61789119174e-05, 7.28316590539e-05, 5.8873949456e-05, 9.33753472054e-05, 6.46571352263e-05, 7.03967307345e-05, 0.000109462846012, 2.08039782592e-05, 1.1065911167e-05, 6.67949143462e-06, 9.12847463042e-06, 1.05015242298e-05, 6.57759710521e-06],
        "mean": [0.00940843764693, 0.0114177996293, 0.00258959433995, 0.00191941682715, 0.000533039623406, 0.000566676957533, 0.000571733165998, 0.000436048343545, 0.000243708287599, 0.000142148521263, 0.000159877599799, 0.000117620336823, 8.19494453026e-05, 3.47183849954e-05, 2.7581847462e-05, 1.98856578209e-05, 2.44572765951e-05, 1.46791280713e-05, 1.0604133422e-05, 1.25989317894e-05, 8.68539336807e-06, 6.51305526844e-06, 5.00790747537e-06, 3.43017381965e-06, 1.61133471011e-06, 9.63194906944e-07, 5.85228747241e-07, 4.93822255976e-07, 4.6073557769e-07, 3.77148722919e-07, 3.94836206397e-07, 3.26963458974e-07, 3.08263594206e-07, 3.78365939468e-07, 1.35406281743e-07, 1.04200672979e-07, 8.65723990273e-08, 7.72905863755e-08, 7.92833674268e-08, 5.90110644794e-08],
        "median": [0.00172695075162, 0.00350487232208, 0.0014921342954, 0.00103668798693, 0.000354906544089, 0.000342580198776, 0.000319875951391, 0.000238620705204, 0.000112300578621, 6.81397505105e-05, 8.16672181827e-05, 4.28797357017e-05, 2.77519739029e-05, 1.31661472551e-05, 1.12133893708e-05, 6.87664487486e-06, 8.68967617862e-06, 5.32376543561e-06, 4.15369822804e-06, 4.8131796575e-06, 3.262273367e-06, 2.18762215809e-06, 1.0931559018e-06, 5.67516167393e-07, 3.22920811868e-07, 1.69747011114e-07, 1.13255438805e-07, 5.87310253763e-08, 2.94029156578e-08, 1.8361703269e-08, 1.19945999799e-08, 7.17505432846e-09, 4.64158356195e-09, 3.20067417015e-09, 2.67865285508e-09, 2.21874341122e-09, 2.28920171708e-09, 2.13278550376e-09, 1.42343736798e-09, 1.04345754259e-09],
        "min": [8.49190305125e-24, 1.86530973091e-23, 1.12524531582e-23, 4.26948442972e-24, 1.51544991944e-23, 1.82601357155e-23, 6.34843149883e-24, 5.36380805466e-24, 1.09225838709e-23, 2.26784572932e-23, 9.52204416408e-24, 5.64216827469e-24, 7.48769574068e-24, 1.29859410764e-23, 7.50119236191e-24, 4.6984646234e-24, 1.16970946074e-23, 1.07796225534e-23, 1.22207144439e-23, 7.07150692658e-24, 7.72058799029e-24, 1.115404986e-23, 1.35815026608e-23, 7.52706068871e-24, 6.04519494459e-24, 4.33657744414e-24, 6.07231322149e-24, 8.42552277266e-24, 1.58677966913e-23, 1.39869487671e-23, 7.56576693789e-24, 1.24053804709e-23, 1.15591520229e-23, 1.76681397823e-23, 1.05610733727e-23, 7.79329335561e-24, 9.3307225176e-24, 1.23609983675e-23, 9.4326969891e-24, 1.34331873443e-23],
        "var": [0.000280608073808, 0.000374692317564, 1.46143720485e-05, 8.40943994262e-06, 3.50461903054e-07, 4.19496586801e-07, 5.01611850723e-07, 4.60536199398e-07, 1.96887384618e-07, 5.6189346509e-08, 6.15383441982e-08, 1.45031549437e-07, 4.88257221321e-08, 1.07851958475e-08, 5.41389644226e-09, 2.70537792169e-09, 1.32357156346e-08, 1.10442055501e-09, 9.13450370899e-10, 6.70178690321e-10, 2.41032638293e-10, 3.02474378877e-10, 2.55902410373e-10, 1.19258422582e-10, 1.58593502914e-11, 7.78319596273e-12, 4.61861798806e-12, 9.71833811342e-12, 7.31805501614e-12, 5.36429060893e-12, 9.13240750383e-12, 5.31440386489e-12, 5.55214338047e-12, 1.10866472253e-11, 7.13828735704e-13, 3.19277888633e-13, 1.91758176178e-13, 2.03578947862e-13, 2.56418855333e-13, 1.48036395425e-13]
    },
    "mfcc": {
        "mean": [-734.958190918, 237.516479492, -1.79588007927, 17.9275341034, 17.701997757, -1.17566978931, -0.508982896805, 6.740629673, 5.56023550034, 1.87842381001, -0.86187171936, 0.709156215191, -0.688331246376],
        "cov": [[3706.87329102, -1204.83862305, -471.020751953, 605.032775879, -177.818374634, 95.6288452148, -55.462562561, -104.805221558, -107.184616089, -1.26120936871, 51.2740287781, -6.81287574768, -51.3680686951], [-1204.83862305, 1905.64550781, -426.240722656, -256.272705078, 295.055755615, -177.415267944, -3.47313451767, -5.90418815613, 51.7034072876, -3.1688888073, -55.1506919861, 60.298034668, 45.9671554565], [-471.020751953, -426.240722656, 1009.10058594, -1.35796558857, 11.9078950882, 238.46472168, 129.34954834, 156.183532715, 94.095161438, 63.7953491211, 51.3276557922, 35.3288269043, 56.7688713074], [605.032775879, -256.272705078, -1.35796558857, 430.74798584, 87.2775878906, 73.9333877563, 31.4920501709, -3.53506994247, 41.0413894653, 22.6948661804, 11.9006671906, 36.2960166931, 17.9240818024], [-177.818374634, 295.055755615, 11.9078950882, 87.2775878906, 315.933959961, 65.9459838867, 42.8359718323, 70.9635162354, 98.3835144043, 39.7781105042, 2.12258863449, 79.0219650269, 60.8797492981], [95.6288452148, -177.415267944, 238.46472168, 73.9333877563, 65.9459838867, 208.787704468, 80.2536087036, 70.4825210571, 69.2950134277, 23.885225296, 18.2309398651, 35.0680503845, 42.7774162292], [-55.462562561, -3.47313451767, 129.34954834, 31.4920501709, 42.8359718323, 80.2536087036, 160.927047729, 98.4829788208, 45.6412582397, 30.0476856232, 2.83373451233, 19.488609314, 23.4997444153], [-104.805221558, -5.90418815613, 156.183532715, -3.53506994247, 70.9635162354, 70.4825210571, 98.4829788208, 187.186828613, 94.2060470581, 24.9211959839, 27.0749111176, 18.7174549103, 9.3806886673], [-107.184616089, 51.7034072876, 94.095161438, 41.0413894653, 98.3835144043, 69.2950134277, 45.6412582397, 94.2060470581, 151.383224487, 57.3824272156, 3.02906918526, 33.5554122925, 19.987487793], [-1.26120936871, -3.1688888073, 63.7953491211, 22.6948661804, 39.7781105042, 23.885225296, 30.0476856232, 24.9211959839, 57.3824272156, 98.5499267578, 37.6932296753, -0.306151926517, 0.261135876179], [51.2740287781, -55.1506919861, 51.3276557922, 11.9006671906, 2.12258863449, 18.2309398651, 2.83373451233, 27.0749111176, 3.02906918526, 37.6932296753, 87.4668121338, 16.0887794495, -16.2506065369], [-6.81287574768, 60.298034668, 35.3288269043, 36.2960166931, 79.0219650269, 35.0680503845, 19.488609314, 18.7174549103, 33.5554122925, -0.306151926517, 16.0887794495, 104.486816406, 53.0776329041], [-51.3680686951, 45.9671554565, 56.7688713074, 17.9240818024, 60.8797492981, 42.7774162292, 23.4997444153, 9.3806886673, 19.987487793, 0.261135876179, -16.2506065369, 53.0776329041, 101.445236206]],
