{
"lowlevel": {
    "average_loudness": 0.58121240139,
    "barkbands_crest": {
        "dmean": 2.06616353989,
        "dmean2": 3.1031024456,
        "dvar": 4.72030973434,
        "dvar2": 10.7603111267,
        "max": 26.7498264313,
        "mean": 13.1554498672,
        "median": 12.6097126007,
        "min": 2.65299367905,
        "var": 23.5842514038
    },
    "barkbands_flatness_db": {
        "dmean": 0.0251608677208,
        "dmean2": 0.0335609838367,
        "dvar": 0.000723467383068,
        "dvar2": 0.00110010104254,
        "max": 0.771145701408,
        "mean": 0.255074381828,
        "median": 0.239738374949,
        "min": 0.0557625889778,
        "var": 0.0103753982112
    },
    "barkbands_kurtosis": {
        "dmean": 5.34666633606,
        "dmean2": 7.61582946777,
        "dvar": 111.530761719,
        "dvar2": 241.872680664,
        "max": 817.445007324,
        "mean": 16.1542549133,
        "median": 5.52711105347,
        "min": -1.93970024586,
        "var": 2009.43310547
    },
    "barkbands_skewness": {
        "dmean": 0.612251877785,
        "dmean2": 0.848041057587,
        "dvar": 0.594027340412,
        "dvar2": 1.13102626801,
        "max": 22.2830677032,
        "mean": 2.46280694008,
        "median": 2.09866380692,
        "min": -7.12004756927,
        "var": 5.64023733139
    },
    "barkbands_spread": {
        "dmean": 4.85042667389,
        "dmean2": 7.08734607697,
        "dvar": 73.7454528809,
        "dvar2": 155.779998779,
        "max": 114.569099426,
        "mean": 15.027141571,
        "median": 10.2471780777,
        "min": 0.195967525244,
        "var": 223.66003418
    },
    "dissonance": {
        "dmean": 0.0264451503754,
        "dmean2": 0.0429982431233,
        "dvar": 0.00073843827704,
        "dvar2": 0.00186605192721,
        "max": 0.500000059605,
        "mean": 0.418498337269,
        "median": 0.428252786398,
        "min": 0.141975849867,
        "var": 0.00277687679045
    },
    "dynamic_complexity": 4.98808860779,
    "erbbands_crest": {
        "dmean": 2.34614157677,
        "dmean2": 3.55062127113,
        "dvar": 5.92982292175,
        "dvar2": 13.0259590149,
        "max": 31.1257476807,
        "mean": 12.4706954956,
        "median": 11.7681875229,
        "min": 2.36138057709,
        "var": 25.3463726044
    },
    "erbbands_flatness_db": {
        "dmean": 0.0196343641728,
        "dmean2": 0.0249331183732,
        "dvar": 0.000521666253917,
        "dvar2": 0.000786579446867,
        "max": 0.64702475071,
        "mean": 0.247783243656,
        "median": 0.236057445407,
        "min": 0.0586753673851,
        "var": 0.00633841427043
    },
    "erbbands_kurtosis": {
        "dmean": 1.96118438244,
        "dmean2": 2.82035493851,
        "dvar": 13.4383134842,
        "dvar2": 26.5678672791,
        "max": 335.383514404,
        "mean": 5.05993366241,
        "median": 1.27647638321,
        "min": -1.90454912186,
        "var": 379.492553711
    },
    "erbbands_skewness": {
        "dmean": 0.426916480064,
        "dmean2": 0.598193526268,
        "dvar": 0.252410769463,
        "dvar2": 0.478673070669,
        "max": 13.9264192581,
        "mean": 1.21479296684,
        "median": 1.05071020126,
        "min": -9.15499973297,
        "var": 2.35944080353
    },
    "erbbands_spread": {
        "dmean": 8.05143928528,
        "dmean2": 11.4983043671,
        "dvar": 147.518493652,
        "dvar2": 308.866210938,
        "max": 173.245330811,
        "mean": 32.3601875305,
        "median": 26.955406189,
        "min": 0.660417199135,
        "var": 512.595825195
    },
    "hfc": {
        "dmean": 5.73871469498,
        "dmean2": 7.85295343399,
        "dvar": 225.632675171,
        "dvar2": 409.594390869,
        "max": 397.076660156,
        "mean": 16.291852951,
        "median": 6.83283853531,
        "min": 1.22903527735e-16,
        "var": 757.782104492
    },
    "melbands_crest": {
        "dmean": 2.40750932693,
        "dmean2": 3.63931632042,
        "dvar": 7.2797627449,
        "dvar2": 16.2570152283,
        "max": 34.3976364136,
        "mean": 16.6356124878,
        "median": 16.1007347107,
        "min": 2.08369040489,
        "var": 33.9888420105
    },
    "melbands_flatness_db": {
        "dmean": 0.0276448242366,
        "dmean2": 0.0344142131507,
        "dvar": 0.00100096932147,
        "dvar2": 0.00142791483086,
        "max": 0.902415513992,
        "mean": 0.278821527958,
        "median": 0.262263387442,
        "min": 0.00682289618999,
        "var": 0.0149442823604
    },
    "melbands_kurtosis": {
        "dmean": 9.38184642792,
        "dmean2": 13.7377309799,
        "dvar": 368.573791504,
        "dvar2": 828.254577637,
        "max": 623.196044922,
        "mean": 26.154548645,
        "median": 13.0437278748,
        "min": -1.88777554035,
        "var": 1751.01904297
    },
    "melbands_skewness": {
        "dmean": 0.727012455463,
        "dmean2": 1.02693641186,
        "dvar": 0.907497465611,
        "dvar2": 1.88538336754,
        "max": 20.7088775635,
        "mean": 3.32622766495,
        "median": 2.93887448311,
        "min": -4.67235565186,
        "var": 5.37322425842
    },
    "melbands_spread": {
        "dmean": 6.80636978149,
        "dmean2": 10.0095157623,
        "dvar": 255.953826904,
        "dvar2": 502.81829834,
        "max": 244.243713379,
        "mean": 19.4050941467,
        "median": 11.1336040497,
        "min": 0.284666478634,
        "var": 816.124694824
    },
    "pitch_salience": {
        "dmean": 0.0553237013519,
        "dmean2": 0.0820735245943,
        "dvar": 0.0036555135157,
        "dvar2": 0.0077160326764,
        "max": 0.868525862694,
        "mean": 0.489470541477,
        "median": 0.491722941399,
        "min": 0.039075024426,
        "var": 0.0205371007323
    },
    "silence_rate_20dB": {
        "dmean": 0,
        "dmean2": 0,
        "dvar": 0,
        "dvar2": 0,
        "max": 1,
        "mean": 1,
        "median": 1,
        "min": 1,
        "var": 0
    },
    "silence_rate_30dB": {
        "dmean": 0.000326850800775,
        "dmean2": 0.000653754977975,
        "dvar": 0.000326726061758,
        "dvar2": 0.000816694926471,
        "max": 1,
        "mean": 0.999754905701,
        "median": 1,
        "min": 0,
        "var": 0.000245049392106
    },
    "silence_rate_60dB": {
        "dmean": 0.0464128144085,
        "dmean2": 0.0928332135081,
        "dvar": 0.0442625433207,
        "dvar2": 0.088787689805,
        "max": 1,
        "mean": 0.205327227712,
        "median": 0,
        "min": 0,
        "var": 0.163153365254
    },
    "spectral_centroid": {
        "dmean": 218.57333374,
        "dmean2": 303.880706787,
        "dvar": 142421.1875,
        "dvar2": 241865.671875,
        "max": 10760.2705078,
        "mean": 1131.95471191,
        "median": 864.383972168,
        "min": 130.416473389,
        "var": 769603.125
    },
    "spectral_complexity": {
        "dmean": 1.75535213947,
        "dmean2": 2.57236242294,
        "dvar": 6.21089982986,
        "dvar2": 11.6319284439,
        "max": 38,
        "mean": 9.14363956451,
        "median": 8,
        "min": 0,
        "var": 37.3781700134
    },
    "spectral_decrease": {
        "dmean": 9.23105147876e-10,
        "dmean2": 1.21999077507e-09,
        "dvar": 1.9566057831e-18,
        "dvar2": 3.62157497918e-18,
        "max": 5.25893838716e-17,
        "mean": -3.70085029289e-09,
        "median": -2.65216382189e-09,
        "min": -4.22065227212e-08,
        "var": 1.39104217373e-17
    },
    "spectral_energy": {
        "dmean": 0.00388898933306,
        "dmean2": 0.00516021065414,
        "dvar": 3.30258444592e-05,
        "dvar2": 6.14247110207e-05,
        "max": 0.169222250581,
        "mean": 0.0154455415905,
        "median": 0.0111656244844,
        "min": 1.10955123545e-20,
        "var": 0.000238433145569
    },
    "spectral_energyband_high": {
        "dmean": 0.000496191962156,
        "dmean2": 0.00069582182914,
        "dvar": 3.17944886774e-06,
        "dvar2": 5.52549408894e-06,
        "max": 0.0517161339521,
        "mean": 0.000840985449031,
        "median": 0.000100467252196,
        "min": 8.14663608895e-21,
        "var": 8.36511753732e-06
    },
    "spectral_energyband_low": {
        "dmean": 5.84566114412e-05,
        "dmean2": 7.8189666965e-05,
        "dvar": 1.9399224982e-07,
        "dvar2": 3.32588570018e-07,
        "max": 0.0194224976003,
        "mean": 0.000122475263197,
        "median": 1.58069190093e-06,
        "min": 3.07196667544e-23,
        "var": 4.74330306588e-07
    },
    "spectral_energyband_middle_high": {
        "dmean": 0.00108745973557,
        "dmean2": 0.00149499229155,
        "dvar": 6.55659914628e-06,
        "dvar2": 1.18632142403e-05,
        "max": 0.0987074226141,
        "mean": 0.00384071096778,
        "median": 0.000747954763938,
        "min": 1.39012467922e-21,
        "var": 7.08513325662e-05
    },
    "spectral_energyband_middle_low": {
        "dmean": 0.00303589459509,
        "dmean2": 0.00401374557987,
        "dvar": 2.39745113504e-05,
        "dvar2": 4.57715941593e-05,
        "max": 0.155466482043,
        "mean": 0.0109435897321,
        "median": 0.00811587274075,
        "min": 2.08748082439e-22,
        "var": 0.000125223741634
    },
    "spectral_entropy": {
        "dmean": 0.236420914531,
        "dmean2": 0.291951775551,
        "dvar": 0.0948552265763,
        "dvar2": 0.133322045207,
        "max": 9.80488586426,
        "mean": 6.71767234802,
        "median": 6.79111909866,
        "min": 3.2004802227,
        "var": 0.990157961845
    },
    "spectral_flux": {
        "dmean": 0.0150346774608,
        "dmean2": 0.022773463279,
        "dvar": 0.000328898458974,
        "dvar2": 0.000707429659087,
        "max": 0.279050320387,
        "mean": 0.0425252765417,
        "median": 0.0334406197071,
        "min": 1.0533524053e-10,
        "var": 0.00120727624744
    },
    "spectral_kurtosis": {
        "dmean": 4.67132949829,
        "dmean2": 7.58662843704,
        "dvar": 279.349945068,
        "dvar2": 799.468078613,
        "max": 749.227416992,
        "mean": 12.0160007477,
        "median": 5.08127975464,
        "min": -1.18437254429,
        "var": 1263.55493164
    },
    "spectral_rms": {
        "dmean": 0.000470904516988,
        "dmean2": 0.000600612489507,
        "dvar": 3.37754613611e-07,
        "dvar2": 5.71873670197e-07,
        "max": 0.0128489257768,
        "mean": 0.00338265066966,
        "median": 0.00330049870536,
        "min": 3.29012012946e-12,
        "var": 3.62647369911e-06
    },
    "spectral_rolloff": {
        "dmean": 578.137512207,
        "dmean2": 944.437011719,
        "dvar": 2114271.75,
        "dvar2": 4270224,
        "max": 19724.4140625,
        "mean": 1813.48388672,
        "median": 775.1953125,
        "min": 107.666015625,
        "var": 7441817
    },
    "spectral_skewness": {
        "dmean": 0.389690816402,
        "dmean2": 0.583213090897,
        "dvar": 0.330828785896,
        "dvar2": 0.742607414722,
        "max": 24.1178760529,
        "mean": 2.17296791077,
        "median": 1.77232635021,
        "min": -0.291001200676,
        "var": 3.33678174019
    },
    "spectral_spread": {
        "dmean": 669413.6875,
        "dmean2": 926923.25,
        "dvar": 955422867456,
        "dvar2": 1.73884545434e+12,
        "max": 40633408,
        "mean": 4750784.5,
        "median": 4333998.5,
        "min": 171865.046875,
        "var": 5.70472425062e+12
    },
    "spectral_strongpeak": {
        "dmean": 0.402312904596,
        "dmean2": 0.638707816601,
        "dvar": 0.586368560791,
        "dvar2": 1.41579329967,
        "max": 18.6289329529,
        "mean": 1.25219154358,
        "median": 0.817737400532,
        "min": 0,
        "var": 1.9389783144
    },
    "zerocrossingrate": {
        "dmean": 0.0133655723184,
        "dmean2": 0.0141225680709,
        "dvar": 0.000483737065224,
        "dvar2": 0.000467848672997,
        "max": 0.69580078125,
        "mean": 0.0663476809859,
        "median": 0.044921875,
        "min": 0.00537109375,
        "var": 0.00581989716738
    },
    "barkbands": {
        "dmean": [3.42521921937e-08, 1.76812147856e-06, 2.86229151243e-05, 9.54018178163e-05, 0.000978642725386, 0.00139955466148, 0.000341228354955, 0.000780631613452, 0.000412495894125, 0.000560514279641, 0.000263632420683, 0.000169287013705, 0.000214357787627, 0.000220318077481, 8.62784290803e-05, 6.10699862591e-05, 5.84171903029e-05, 7.20333046047e-05, 9.23913903534e-05, 9.50694011408e-05, 0.000105498904304, 6.48990026093e-05, 7.85008451203e-05, 0.000123912628624, 0.000103662947367, 3.56716627721e-05, 9.34997569857e-06],
        "dmean2": [5.10529432063e-08, 2.69502402261e-06, 4.06147082685e-05, 0.000133486275445, 0.00140261952765, 0.00181444606278, 0.000451767409686, 0.00115173484664, 0.000574271718506, 0.000810928351711, 0.00037383052404, 0.000237954562181, 0.000311830226565, 0.000321949803038, 0.000124682672322, 8.9439075964e-05, 8.74933757586e-05, 0.000105591811007, 0.00013497324835, 0.000142425342347, 0.000151450774865, 9.28973749978e-05, 0.000114657770609, 0.000180090239155, 0.000154533161549, 5.37116939086e-05, 1.50957775986e-05],
        "dvar": [4.29518643959e-13, 8.39548708331e-10, 1.06461449434e-07, 2.35132574744e-07, 3.72326758225e-06, 7.91278671386e-06, 9.5572158898e-07, 6.61721878714e-06, 1.93205482901e-06, 2.65194580606e-06, 1.39986934755e-06, 6.25342920557e-07, 8.19386855255e-07, 8.64015362367e-07, 1.25240788407e-07, 4.21177119847e-08, 2.65104240782e-08, 3.69143222656e-08, 6.95233595138e-08, 8.80946444681e-08, 2.32315187532e-07, 7.06657203864e-08, 9.0954237919e-08, 2.95773446624e-07, 2.28959905257e-07, 2.52076493013e-08, 2.81316836492e-09],
        "dvar2": [8.03267337628e-13, 1.69987313114e-09, 1.93351411326e-07, 4.59352548887e-07, 8.67518247105e-06, 1.36552089316e-05, 1.68850249338e-06, 1.46213187691e-05, 3.66463405044e-06, 5.69669600736e-06, 3.05265962197e-06, 1.19793719477e-06, 1.61293655765e-06, 1.85835290267e-06, 2.49296505217e-07, 8.64482458951e-08, 6.07223427096e-08, 7.81165567787e-08, 1.55172003247e-07, 1.93366958001e-07, 4.46811583288e-07, 1.36466027811e-07, 1.66558919545e-07, 6.25068764748e-07, 4.57204492932e-07, 5.57569990178e-08, 7.30514049252e-09],
        "max": [4.64286567876e-05, 0.00187147362158, 0.0153481550515, 0.0136365173385, 0.0449478402734, 0.0779651626945, 0.0343006178737, 0.148235008121, 0.0654608309269, 0.0664388984442, 0.0783222615719, 0.0361974053085, 0.0271893646568, 0.0396936386824, 0.0115777207538, 0.00582081777975, 0.00574185419828, 0.00803088769317, 0.00840124860406, 0.0127730518579, 0.0179940182716, 0.00698337657377, 0.0153484428301, 0.0252828299999, 0.01250192523, 0.00647170515731, 0.00136441388167],
        "mean": [3.68637778081e-08, 4.19517800765e-06, 3.77109681722e-05, 0.000263278721832, 0.0026685744524, 0.00428453227505, 0.000820107001346, 0.00137053092476, 0.000998978735879, 0.00133418291807, 0.00071884249337, 0.000329696573317, 0.000417829665821, 0.000452207983471, 0.000161687901709, 0.000112115521915, 0.000153537010192, 0.000153641725774, 0.000221855574637, 0.000206860582693, 0.000158392227604, 8.91700692591e-05, 0.000112334812002, 0.000168995567947, 0.000149269326357, 4.78817419207e-05, 9.09701611818e-06],
        "median": [1.68982006166e-09, 3.42330466196e-08, 4.07993496765e-07, 1.06508628051e-06, 0.00118772638962, 0.00203463528305, 0.00021614585421, 0.000185742610483, 0.000249584234552, 0.000113376059744, 3.29735339619e-05, 1.05232966234e-05, 1.64894736372e-05, 2.24556679314e-05, 1.42646467793e-05, 1.52506463564e-05, 2.17537708522e-05, 2.42136648012e-05, 3.32357485604e-05, 3.91291105188e-05, 1.57143913384e-05, 4.92933168061e-06, 9.20870024856e-06, 1.09140119093e-05, 7.54021084504e-06, 2.06362437893e-06, 1.19823738487e-07],
        "min": [4.37736825826e-24, 1.33056948003e-23, 1.26809398403e-23, 3.60107982371e-24, 3.57830178062e-23, 4.71404628288e-23, 2.33316341227e-23, 2.95825079823e-23, 5.45134566162e-23, 1.06645222253e-22, 7.53179148756e-23, 7.06815079675e-23, 1.65358321893e-22, 8.34781066494e-23, 8.00226813143e-23, 1.59318045496e-22, 1.69547198543e-22, 1.78813158736e-22, 2.1581656645e-22, 2.22143104692e-22, 7.82207008636e-22, 5.19727514728e-22, 6.94661573025e-22, 1.30338279626e-21, 1.16992954347e-21, 1.58690076874e-21, 2.38599763015e-21],
        "var": [6.93206180392e-13, 1.22583421192e-09, 1.59750854323e-07, 1.01695638932e-06, 1.39177300298e-05, 3.81358404411e-05, 3.71312489733e-06, 1.52818520291e-05, 6.74301099934e-06, 1.50876749103e-05, 1.34933261506e-05, 2.0225525077e-06, 3.10050199914e-06, 3.66290146303e-06, 4.32481272128e-07, 1.04112253041e-07, 1.45912594007e-07, 1.31955104621e-07, 3.20287654176e-07, 3.10330307229e-07, 4.62383269451e-07, 1.6065595787e-07, 2.15246132029e-07, 5.44800400348e-07, 4.82442601424e-07, 3.99043500465e-08, 2.41694309011e-09]
    },
    "erbbands": {
        "dmean": [1.59693026944e-05, 0.000794745224994, 0.0206899084151, 0.163301214576, 0.700918614864, 3.23323607445, 12.3450365067, 9.32856369019, 5.85556840897, 8.55405521393, 16.3989181519, 9.46001720428, 12.6659803391, 14.3467416763, 10.4027423859, 7.15386676788, 7.95154047012, 11.646364212, 6.37617063522, 3.06235337257, 2.92438840866, 2.39919614792, 3.21834087372, 5.05588150024, 3.82210850716, 4.40003108978, 4.86013317108, 3.51182889938, 2.3243253231, 2.10965657234, 2.25640749931, 2.29605388641, 2.37774968147, 1.48287332058, 0.549813091755, 0.227973461151, 0.0498855225742, 0.00918010249734, 0.00151362468023, 0.000110908367787],
        "dmean2": [2.39986547967e-05, 0.00112992490176, 0.0285922326148, 0.224132582545, 0.961416780949, 4.6317820549, 16.3316688538, 12.6765804291, 7.41750001907, 12.3571033478, 23.881734848, 13.1181735992, 17.9906635284, 20.8063488007, 14.6721801758, 10.0132274628, 11.4152841568, 16.5311508179, 9.26068401337, 4.44814014435, 4.29292821884, 3.48905301094, 4.68059539795, 7.51195573807, 5.60649633408, 6.47150945663, 6.96893596649, 5.00516700745, 3.27401041985, 3.16181659698, 3.28411364555, 3.34734606743, 3.50674724579, 2.20873260498, 0.814546227455, 0.33822196722, 0.0769943743944, 0.0147149674594, 0.00246391980909, 0.000174095854163],
        "dvar": [1.97216074582e-08, 8.00356719992e-05, 0.0453492365777, 0.759141266346, 7.76463890076, 48.888885498, 757.880554199, 364.5987854, 241.584899902, 652.576477051, 3378.90380859, 858.512573242, 1808.43554688, 2149.86157227, 1545.99560547, 971.618225098, 1034.33447266, 2375.7019043, 658.063598633, 101.732795715, 81.2697143555, 36.0576782227, 64.1578216553, 188.478225708, 127.770431519, 195.801177979, 451.223266602, 298.276794434, 100.513122559, 65.1450271606, 83.333946228, 88.692527771, 122.121803284, 43.4783668518, 7.87615537643, 1.13360464573, 0.0562757141888, 0.0023549827747, 7.78207904659e-05, 4.48564804856e-07],
        "dvar2": [3.79698619213e-08, 0.000142983204569, 0.0757363662124, 1.38594734669, 16.2954864502, 110.514320374, 1332.13317871, 736.006347656, 442.778656006, 1389.73083496, 7190.44384766, 1648.34204102, 3780.1940918, 4669.92041016, 3327.62988281, 1891.7401123, 2066.18823242, 4898.71777344, 1405.02856445, 205.359405518, 170.257278442, 77.6266860962, 128.057189941, 447.022949219, 272.634735107, 431.362426758, 908.457275391, 595.051147461, 187.066299438, 138.864318848, 149.283508301, 165.08291626, 278.412597656, 88.6143493652, 15.5409212112, 2.48989081383, 0.130680918694, 0.00612127035856, 0.000206036274903, 1.11038718842e-06],
        "max": [0.00962140318006, 0.63703250885, 10.4809207916, 30.5163440704, 101.531196594, 211.934738159, 672.354736328, 494.029907227, 432.339599609, 932.138122559, 2832.0949707, 1226.0411377, 2669.33862305, 1748.40002441, 1955.4864502, 1375.00256348, 1279.5098877, 2190.66015625, 961.565856934, 320.347412109, 352.049377441, 272.579437256, 395.937683105, 371.139801025, 475.260467529, 618.410400391, 879.727722168, 497.536773682, 275.657653809, 346.467254639, 509.576965332, 505.644958496, 600.524780273, 169.910720825, 84.858253479, 44.5009269714, 8.74592590332, 1.52687585354, 0.263859689236, 0.0176795274019],
        "mean": [4.80810158479e-05, 0.00188174925279, 0.0353807061911, 0.450991749763, 2.09324193001, 9.0059261322, 33.6984672546, 29.9599075317, 16.4399738312, 16.7148323059, 30.5773544312, 25.7663211823, 33.8249206543, 34.6887779236, 27.4372634888, 15.7096414566, 16.2546482086, 25.8731918335, 13.9811077118, 6.43671655655, 6.87800502777, 6.74946641922, 8.10387706757, 12.0184192657, 9.61680221558, 9.71217441559, 8.52167606354, 4.98148155212, 3.28587555885, 2.68740868568, 3.31160187721, 3.30666446686, 3.04674053192, 1.98814821243, 0.85519361496, 0.321174532175, 0.0638651102781, 0.0104970037937, 0.00148659199476, 0.00011967222963],
        "median": [9.69096890913e-06, 0.000116520284791, 0.00145048927516, 0.0123376902193, 0.176995486021, 3.68854594231, 13.7224912643, 14.5590457916, 5.33113765717, 3.47140240669, 5.68824625015, 8.21122264862, 4.2057967186, 2.26933121681, 2.19993543625, 0.755072176456, 0.928171634674, 1.08249425888, 0.960869073868, 1.08672904968, 0.935657739639, 1.14702093601, 1.62445127964, 1.74544072151, 1.7730576992, 1.78470695019, 1.18781971931, 0.404944062233, 0.194553211331, 0.1975030303, 0.263273000717, 0.217332974076, 0.181531846523, 0.0892367810011, 0.0403596684337, 0.0148827293888, 0.00270191510208, 0.000299672130495, 3.76870666514e-05, 1.90507798834e-05],
        "min": [1.47751691173e-22, 3.48047874959e-21, 1.03583781064e-20, 2.20504589348e-20, 3.12457847493e-20, 1.82156712639e-19, 2.83058568977e-19, 3.29490879248e-19, 3.73794362663e-19, 3.17096430799e-19, 6.66387248026e-19, 1.23937898065e-18, 2.92323208973e-18, 3.17813131101e-18, 3.29358277026e-18, 3.00585957471e-18, 6.86534844846e-18, 5.35830643609e-18, 4.92665381396e-18, 4.15416638351e-18, 1.07070581089e-17, 9.01660533934e-18, 8.06379418971e-18, 1.24260668076e-17, 1.1849958672e-17, 1.05568346651e-17, 2.31473755842e-17, 3.29134140031e-17, 1.79506100771e-17, 2.05556086211e-17, 1.83726607866e-17, 3.14261962013e-17, 1.72624140054e-17, 1.06016132603e-17, 9.6284385784e-18, 5.95118276347e-18, 2.74147176463e-18, 1.50072504083e-18, 2.85979266172e-19, 3.34313736422e-20],
        "var": [4.57843896129e-08, 0.00017748081882, 0.0822322666645, 3.01664161682, 33.3540077209, 197.914733887, 3535.45898438, 1673.7755127, 1083.0447998, 1833.5904541, 9122.20214844, 3454.40991211, 15280.4912109, 11559.5390625, 11559.2841797, 3442.66845703, 3693.90795898, 10946.4443359, 2918.84741211, 319.009338379, 314.603118896, 223.693771362, 282.173339844, 789.510986328, 589.589294434, 692.676635742, 996.092712402, 546.389221191, 231.028808594, 119.364685059, 205.089920044, 212.141067505, 183.838424683, 86.5517807007, 16.7895126343, 1.82671880722, 0.0835192650557, 0.0024133133702, 6.36399927316e-05, 4.09435671145e-07]
    },
    "gfcc": {
        "mean": [-121.998336792, 60.4106407166, -137.928222656, -12.2377815247, -102.21761322, -34.9712715149, -63.3015556335, -8.22329235077, -38.52784729, -7.59389925003, -10.7044258118, -5.49895191193, 1.13958966732],
        "cov": [[26056.8984375, -2374.23681641, -3354.46020508, -326.176574707, -1611.32788086, 1077.47229004, -204.944641113, 1185.73413086, -695.100585938, 34.9934082031, -370.616638184, -315.913482666, -563.088439941], [-2374.23681641, 3880.45336914, -109.992698669, -134.731048584, 413.925140381, -794.813842773, 172.01133728, -356.8409729, 134.985839844, -314.825439453, 324.94342041, -227.946151733, 194.860107422], [-3354.46020508, -109.992698669, 1883.72253418, 415.046630859, 298.688995361, -36.1022949219, -122.20905304, -88.0612258911, 89.9733810425, 8.14445495605, -180.185653687, 111.292694092, -115.880813599], [-326.176574707, -134.731048584, 415.046630859, 766.725219727, 98.7315292358, -48.5659255981, -77.7264556885, 28.1994190216, 116.554237366, 7.46946954727, -95.8240509033, -22.8871574402, -14.1558103561], [-1611.32788086, 413.925140381, 298.688995361, 98.7315292358, 684.952209473, 0.424223691225, -13.6059484482, 66.1028442383, -29.7713546753, -79.4618225098, -1.56526196003, 20.7594451904, -74.2821807861], [1077.47229004, -794.813842773, -36.1022949219, -48.5659255981, 0.424223691225, 599.393920898, 129.003875732, 102.331039429, -112.71697998, 87.2678756714, -117.468765259, -37.5443840027, -143.535858154], [-204.944641113, 172.01133728, -122.20905304, -77.7264556885, -13.6059484482, 129.003875732, 318.462860107, -38.8669319153, 4.51633071899, 23.3781204224, 20.6160697937, -79.3516845703, 0.177881404757], [1185.73413086, -356.8409729, -88.0612258911, 28.1994190216, 66.1028442383, 102.331039429, -38.8669319153, 321.672912598, -9.8482465744, -7.54306316376, -54.8913726807, 13.1396026611, -97.9859313965], [-695.100585938, 134.985839844, 89.9733810425, 116.554237366, -29.7713546753, -112.71697998, 4.51633071899, -9.8482465744, 340.834442139, 23.9253749847, 0.70863699913, 3.15571451187, 61.8974113464], [34.9934082031, -314.825439453, 8.14445495605, 7.46946954727, -79.4618225098, 87.2678756714, 23.3781204224, -7.54306316376, 23.9253749847, 179.182693481, 10.5110225677, -10.1827430725, 1.70688247681], [-370.616638184, 324.94342041, -180.185653687, -95.8240509033, -1.56526196003, -117.468765259, 20.6160697937, -54.8913726807, 0.70863699913, 10.5110225677, 206.507949829, 24.9737071991, 58.9515075684], [-315.913482666, -227.946151733, 111.292694092, -22.8871574402, 20.7594451904, -37.5443840027, -79.3516845703, 13.1396026611, 3.15571451187, -10.1827430725, 24.9737071991, 183.895996094, 33.7197341919], [-563.088439941, 194.860107422, -115.880813599, -14.1558103561, -74.2821807861, -143.535858154, 0.177881404757, -97.9859313965, 61.8974113464, 1.70688247681, 58.9515075684, 33.7197341919, 184.538772583]],
        "icov": [[9.97090610326e-05, -5.49396645511e-05, 0.000171229534317, -7.4289731856e-05, 0.00026639769203, -0.000117676776426, 0.000142372111441, -0.000264234375209, 0.000135285517899, -8.23605478217e-06, 0.000165868521435, -5.48076423001e-05, 0.000251071760431], [-5.49396645511e-05, 0.000745996658225, -0.000148850187543, 0.000203942865483, -0.000575146696065, 0.000776504108217, -0.000444705598056, 0.000542235618923, -0.000235992381931, 0.0009130378603, -0.000792599574197, 0.00114820280578, -0.000258278858382], [0.000171229534317, -0.000148850187543, 0.00118225149345, -0.000462246593088, 0.000163173128385, -6.42657414573e-06, 0.000270924851066, 0.000212506667594, 5.77638893446e-05, -0.000425371603342, 0.001139635453, -0.00101100036409, 0.00136507931165], [-7.4289731856e-05, 0.000203942865483, -0.000462246593088, 0.00177992926911, -0.000457115442259, 0.000326222216245, 0.00016887485981, 4.35692236351e-05, -0.000567056296859, 5.87864851695e-05, 0.000188909340068, 0.000900439627003, -0.000538277672604], [0.00026639769203, -0.000575146696065, 0.000163173128385, -0.000457115442259, 0.00277923070826, -0.00080762442667, 0.000462088821223, -0.0013491041027, 0.000593913544435, 0.000307364185574, 0.000227831071243, -0.000826443138067, 0.00113751343451], [-0.000117676776426, 0.000776504108217, -6.42657414573e-06, 0.000326222216245, -0.00080762442667, 0.00398449739441, -0.00190955493599, 0.000480300921481, 0.000426056270953, -0.000752770283725, 0.00088342721574, 0.000429876410635, 0.00137623155024], [0.000142372111441, -0.000444705598056, 0.000270924851066, 0.00016887485981, 0.000462088821223, -0.00190955493599, 0.00475643761456, -8.54180980241e-05, -0.000265845126705, -0.000185928176506, -0.000371798349079, 0.00126362114679, -0.000283354485873], [-0.000264234375209, 0.000542235618923, 0.000212506667594, 4.35692236351e-05, -0.0013491041027, 0.000480300921481, -8.54180980241e-05, 0.00542508717626, -0.000990328495391, 0.000487618206535, 9.22495164559e-05, -0.000384609913453, 0.0018376376247], [0.000135285517899, -0.000235992381931, 5.77638893446e-05, -0.000567056296859, 0.000593913544435, 0.000426056270953, -0.000265845126705, -0.000990328495391, 0.00385393784381, -0.000934199197218, 0.000694087008014, -0.000262775633018, -0.000758109381422], [-8.23605478217e-06, 0.0009130378603, -0.000425371603342, 5.87864851695e-05, 0.000307364185574, -0.000752770283725, -0.000185928176506, 0.000487618206535, -0.000934199197218, 0.00814591348171, -0.00250527192838, 0.00203055771999, -0.000787246390246], [0.000165868521435, -0.000792599574197, 0.001139635453, 0.000188909340068, 0.000227831071243, 0.00088342721574, -0.000371798349079, 9.22495164559e-05, 0.000694087008014, -0.00250527192838, 0.00834229029715, -0.00275690387934, 0.000530505320057], [-5.48076423001e-05, 0.00114820280578, -0.00101100036409, 0.000900439627003, -0.000826443138067, 0.000429876410635, 0.00126362114679, -0.000384609913453, -0.000262775633018, 0.00203055771999, -0.00275690387934, 0.00926634296775, -0.00289231259376], [0.000251071760431, -0.000258278858382, 0.00136507931165, -0.000538277672604, 0.00113751343451, 0.00137623155024, -0.000283354485873, 0.0018376376247, -0.000758109381422, -0.000787246390246, 0.000530505320057, -0.00289231259376, 0.0103985834867]]
    },
    "melbands": {
        "dmean": [2.66539387894e-07, 7.46695468479e-06, 4.252400322e-05, 0.000104211118014, 0.000380537763704, 0.000221745329327, 8.10745550552e-05, 0.000113335518108, 0.000130219428684, 5.47862764506e-05, 6.55470284983e-05, 6.2817154685e-05, 3.69120207324e-05, 2.23108181672e-05, 1.8419310436e-05, 2.0378820409e-05, 2.27287637244e-05, 1.1915626601e-05, 5.39257234777e-06, 4.52051290267e-06, 3.82599728255e-06, 2.54969154412e-06, 3.16795512845e-06, 3.98799556933e-06, 4.53193752037e-06, 3.04965215037e-06, 2.90807906822e-06, 3.08156563733e-06, 3.29261683873e-06, 2.80564381683e-06, 1.92157108359e-06, 1.36609662604e-06, 1.23798213281e-06, 1.18828052109e-06, 1.23951519981e-06, 1.5606207171e-06, 1.389632871e-06, 1.68265762568e-06, 1.68984809079e-06, 1.13799501378e-06],
        "dmean2": [4.13319781956e-07, 1.03876573121e-05, 5.81653257541e-05, 0.00014976967941, 0.000511302321684, 0.00029473088216, 0.00010337488493, 0.000167021920788, 0.000188012898434, 7.54121138016e-05, 9.37062723096e-05, 9.14683696465e-05, 5.21400179423e-05, 3.11980875267e-05, 2.64290338237e-05, 2.90373209282e-05, 3.25407236232e-05, 1.7579033738e-05, 7.90623107605e-06, 6.55217218082e-06, 5.69015173824e-06, 3.79687753593e-06, 4.72282908959e-06, 5.85759698879e-06, 6.8444946919e-06, 4.4727603381e-06, 4.36953632743e-06, 4.60286764792e-06, 4.83222629555e-06, 4.15214844907e-06, 2.81782035927e-06, 1.95632878786e-06, 1.82278097327e-06, 1.80373774583e-06, 1.82824248895e-06, 2.31587137023e-06, 2.05346645998e-06, 2.52100130638e-06, 2.56264456766e-06, 1.70566545421e-06],
        "dvar": [1.83722273506e-11, 6.86807055672e-09, 3.80758820029e-08, 5.95013176508e-08, 6.28648990642e-07, 1.91299747598e-07, 4.49651516021e-08, 1.22307810102e-07, 2.05985841717e-07, 2.83418586378e-08, 4.66601903781e-08, 4.21027550601e-08, 2.73215352564e-08, 1.03998036849e-08, 7.24906978888e-09, 7.6234609736e-09, 8.66005311906e-09, 2.75705636099e-09, 5.56167001342e-10, 2.64590988008e-10, 1.715686343e-10, 4.85306204945e-11, 6.66545221795e-11, 1.27729535282e-10, 1.67402702811e-10, 8.26409982113e-11, 8.14043554787e-11, 1.10136517961e-10, 1.8886273101e-10, 1.70161926216e-10, 1.15566015091e-10, 4.06589033275e-11, 2.33464393651e-11, 2.23498233809e-11, 2.55847704134e-11, 4.63947769092e-11, 3.32868767272e-11, 5.28464702554e-11, 7.0830862009e-11, 2.82479890173e-11],
        "dvar2": [3.69669850286e-11, 1.19601892834e-08, 7.50089270696e-08, 1.28985433889e-07, 1.17316346859e-06, 3.65869397001e-07, 8.13154699131e-08, 2.743356049e-07, 4.35563777046e-07, 5.28262908972e-08, 9.79872254447e-08, 9.19167604252e-08, 5.86683377435e-08, 1.92983833358e-08, 1.34670132823e-08, 1.5192371805e-08, 1.78414403251e-08, 6.0320921591e-09, 1.16474097034e-09, 5.4803672711e-10, 3.66745106506e-10, 1.1022372598e-10, 1.47224607505e-10, 2.62487503955e-10, 4.04512062735e-10, 1.79402090406e-10, 1.77864403761e-10, 2.6337665382e-10, 3.88256427009e-10, 3.67010977165e-10, 2.49425563537e-10, 7.94785764979e-11, 4.94437511767e-11, 5.01486976945e-11, 5.0880709368e-11, 8.57715426461e-11, 6.53063506051e-11, 1.20004686743e-10, 1.59863317029e-10, 5.92546081646e-11],
        "max": [0.000282949622488, 0.00405390979722, 0.00654963729903, 0.0065255863592, 0.0188416410238, 0.012042873539, 0.00572577724233, 0.0186255425215, 0.0185596719384, 0.00665392400697, 0.0131241222844, 0.00739020388573, 0.010363984853, 0.00546100595966, 0.00385807687417, 0.00324927107431, 0.00392605969682, 0.00228501018137, 0.000863360357471, 0.000588637660258, 0.00058538839221, 0.00026776039158, 0.000334286480211, 0.000641959952191, 0.000345790031133, 0.000390055065509, 0.000380863406463, 0.000497740402352, 0.000515608408023, 0.000480636546854, 0.000449783110525, 0.00016713977675, 0.000177576293936, 0.000187567755347, 0.000266876071692, 0.0004171692417, 0.000253486359725, 0.000310021830956, 0.000481636787299, 0.000149963161675],
        "mean": [6.78897720263e-07, 1.10957971629e-05, 0.000124382204376, 0.000307995622279, 0.00106428656727, 0.000710205466021, 0.000221152513404, 0.000204376279726, 0.000253209786024, 0.000146041842527, 0.000167421501828, 0.00014271659893, 0.000102845777292, 4.48452701676e-05, 3.51816488546e-05, 4.17316441599e-05, 4.88585392304e-05, 2.460473479e-05, 9.82802066574e-06, 8.30708722788e-06, 8.76790909388e-06, 6.96322058502e-06, 7.32885519028e-06, 8.4513121692e-06, 1.00042088889e-05, 7.09108644514e-06, 6.69603787173e-06, 6.27382905805e-06, 5.82901793678e-06, 4.01352735935e-06, 2.52263157563e-06, 1.87957300568e-06, 1.56381486249e-06, 1.44411626479e-06, 1.73257888036e-06, 2.2504957542e-06, 1.91225694834e-06, 2.10372058973e-06, 2.10016810342e-06, 1.53520545609e-06],
        "median": [7.50295825469e-09, 1.44822720927e-07, 1.15023181024e-06, 6.94175105309e-05, 0.000495513610076, 0.000356982985977, 6.26424807706e-05, 3.2408064726e-05, 5.21686379216e-05, 3.99651980842e-05, 1.60418876476e-05, 7.24583514966e-06, 5.51558514417e-06, 2.71999942925e-06, 1.68440749349e-06, 1.38439725106e-06, 2.07703646993e-06, 1.49258232796e-06, 1.01593025192e-06, 1.29146701511e-06, 8.50950129916e-07, 1.01038313005e-06, 1.36173866849e-06, 1.17838146707e-06, 1.26076406559e-06, 1.11796907731e-06, 1.23222844195e-06, 1.03976890387e-06, 7.72918269831e-07, 3.77218952963e-07, 1.2245807568e-07, 9.75089449184e-08, 7.89559564396e-08, 9.66314459561e-08, 1.37248164833e-07, 1.34772321303e-07, 1.13469077689e-07, 1.23341081348e-07, 9.71943947548e-08, 5.63053816904e-08],
        "min": [2.5580747561e-24, 6.30803472073e-24, 3.4435218184e-24, 7.5946558131e-24, 9.35819617635e-24, 8.03263769856e-24, 5.8113418624e-24, 4.44893608616e-24, 4.53148367458e-24, 8.77597738525e-24, 1.53539484748e-23, 1.36020445988e-23, 1.04865078734e-23, 9.51184498144e-24, 9.93140696477e-24, 1.68931754508e-23, 8.55986184052e-24, 8.16765360907e-24, 4.28720185122e-24, 9.14098963698e-24, 1.20723644175e-23, 9.78165749913e-24, 6.82519299754e-24, 8.8871823182e-24, 1.02561510227e-23, 8.16306086088e-24, 7.59638184076e-24, 6.51142515021e-24, 1.37737717293e-23, 1.84774874053e-23, 1.78096393406e-23, 1.04217621146e-23, 9.24798126384e-24, 1.20499363131e-23, 9.4156402386e-24, 1.43918253158e-23, 2.17861546352e-23, 1.43141572266e-23, 7.84205994791e-24, 8.95485948412e-24],
        "var": [2.74407788159e-11, 1.17408536227e-08, 1.68597821926e-07, 2.87214589889e-07, 2.8243723591e-06, 9.21144362565e-07, 2.02917206593e-07, 2.72304760074e-07, 5.61899298646e-07, 1.1886618978e-07, 3.76865045837e-07, 2.07650273865e-07, 2.57986755514e-07, 3.35916574556e-08, 2.29349748082e-08, 3.15004982099e-08, 4.0064545459e-08, 1.21380594464e-08, 1.50116608033e-09, 6.49767961658e-10, 6.87502055285e-10, 2.84576029408e-10, 2.85603235506e-10, 4.40039560345e-10, 6.13394390836e-10, 3.43091804966e-10, 2.98639196705e-10, 3.25380083988e-10, 4.30556673647e-10, 3.09720749048e-10, 1.82364706669e-10, 8.6492542295e-11, 4.5781968494e-11, 3.5833318951e-11, 5.38674937989e-11, 1.10996718761e-10, 7.19217810308e-11, 8.10573691501e-11, 1.04049859007e-10, 5.67653007932e-11]
    },
    "mfcc": {
        "mean": [-757.075500488, 91.9492721558, -17.0400676727, -8.64213180542, -35.1652793884, -46.2344894409, -28.656124115, -31.9388504028, -28.4046516418, -14.1116714478, -22.6850223541, -14.3243598938, -15.0626583099],
        "cov": [[13504.6523438, -1015.39129639, -1133.61401367, -749.292724609, -512.855163574, -603.378662109, 348.458404541, 176.87663269, -294.064178467, 313.238769531, -258.465209961, -1.17302930355, -106.898475647], [-1015.39129639, 2889.21166992, -334.861083984, 189.735931396, 0.724338412285, -212.597061157, 63.3651428223, -72.7639541626, -184.638153076, -51.0177764893, -45.2846412659, -53.4612617493, -45.7323074341], [-1133.61401367, -334.861083984, 1223.54638672, 382.98815918, 230.605743408, 336.742797852, -117.598930359, 79.5805740356, 240.223342896, -51.9363250732, 139.359909058, 16.3087387085, 7.70287370682], [-749.292724609, 189.735931396, 382.98815918, 795.393432617, 352.989471436, 33.9154853821, -92.2263336182, 49.5901489258, 133.774398804, -44.3376579285, 39.9237632751, 78.7324371338, 13.2513990402], [-512.855163574, 0.724338412285, 230.605743408, 352.989471436, 702.564147949, 138.435470581, 75.2839202881, 228.457427979, 123.548423767, 10.105802536, 31.9510669708, 80.6548538208, 61.0398864746], [-603.378662109, -212.597061157, 336.742797852, 33.9154853821, 138.435470581, 539.373840332, 189.003326416, 90.9760284424, 182.399658203, 25.5034427643, 132.155593872, 27.6595516205, 19.9268321991], [348.458404541, 63.3651428223, -117.598930359, -92.2263336182, 75.2839202881, 189.003326416, 471.548980713, 124.675521851, -10.6382360458, 66.3735275269, 13.7841749191, 38.5232582092, 1.82265615463], [176.87663269, -72.7639541626, 79.5805740356, 49.5901489258, 228.457427979, 90.9760284424, 124.675521851, 320.10723877, 109.218978882, 31.384563446, 16.4284572601, 47.2544212341, 60.0238342285], [-294.064178467, -184.638153076, 240.223342896, 133.774398804, 123.548423767, 182.399658203, -10.6382360458, 109.218978882, 323.202209473, 61.7070350647, 93.9128341675, 31.1543750763, 15.0589075089], [313.238769531, -51.0177764893, -51.9363250732, -44.3376579285, 10.105802536, 25.5034427643, 66.3735275269, 31.384563446, 61.7070350647, 274.9659729, 90.8924865723, 16.9115962982, -7.84586572647], [-258.465209961, -45.2846412659, 139.359909058, 39.9237632751, 31.9510669708, 132.155593872, 13.7841749191, 16.4284572601, 93.9128341675, 90.8924865723, 236.422103882, 55.4123954773, 11.3744010925], [-1.17302930355, -53.4612617493, 16.3087387085, 78.7324371338, 80.6548538208, 27.6595516205, 38.5232582092, 47.2544212341, 31.1543750763, 16.9115962982, 55.4123954773, 154.550430298, 59.388507843], [-106.898475647, -45.7323074341, 7.70287370682, 13.2513990402, 61.0398864746, 19.9268321991, 1.82265615463, 60.0238342285, 15.0589075089, -7.84586572647, 11.3744010925, 59.388507843, 148.89414978]],
