{
"lowlevel": {
    "average_loudness": 0.383097529411,
    "barkbands_crest": {
        "dmean": 2.16670656204,
        "dmean2": 3.56480312347,
        "dvar": 4.03487253189,
        "dvar2": 11.399731636,
        "max": 24.176322937,
        "mean": 10.8703899384,
        "median": 10.3624629974,
        "min": 2.78747582436,
        "var": 15.9016542435
    },
    "barkbands_flatness_db": {
        "dmean": 0.0201205760241,
        "dmean2": 0.0317676849663,
        "dvar": 0.000390175759094,
        "dvar2": 0.00091637292644,
        "max": 0.539849698544,
        "mean": 0.274273365736,
        "median": 0.280239582062,
        "min": 0.02127494663,
        "var": 0.0092629911378
    },
    "barkbands_kurtosis": {
        "dmean": 2.46902275085,
        "dmean2": 4.0089263916,
        "dvar": 15.9323606491,
        "dvar2": 44.2443695068,
        "max": 100.396247864,
        "mean": 5.54095602036,
        "median": 2.90202927589,
        "min": -1.68388426304,
        "var": 70.8790588379
    },
    "barkbands_skewness": {
        "dmean": 0.40649074316,
        "dmean2": 0.64855158329,
        "dvar": 0.166449368,
        "dvar2": 0.451117157936,
        "max": 7.99085044861,
        "mean": 1.58281183243,
        "median": 1.50918364525,
        "min": -2.13312482834,
        "var": 1.45432388783
    },
    "barkbands_spread": {
        "dmean": 1.98735952377,
        "dmean2": 3.11335492134,
        "dvar": 5.81659030914,
        "dvar2": 14.7767868042,
        "max": 102.514060974,
        "mean": 10.7201929092,
        "median": 8.69493103027,
        "min": 0.545553684235,
        "var": 68.4432830811
    },
    "dissonance": {
        "dmean": 0.0267824325711,
        "dmean2": 0.0450164489448,
        "dvar": 0.000728433893528,
        "dvar2": 0.00199834490195,
        "max": 0.500000119209,
        "mean": 0.412745058537,
        "median": 0.424353599548,
        "min": 0.169591337442,
        "var": 0.0038050673902
    },
    "dynamic_complexity": 3.78816866875,
    "erbbands_crest": {
        "dmean": 2.01904058456,
        "dmean2": 3.12387681007,
        "dvar": 3.55667591095,
        "dvar2": 8.71907615662,
        "max": 28.1778469086,
        "mean": 10.5103797913,
        "median": 10.008638382,
        "min": 2.69246315956,
        "var": 15.1543397903
    },
    "erbbands_flatness_db": {
        "dmean": 0.0131704732776,
        "dmean2": 0.0186806935817,
        "dvar": 0.000208829587791,
        "dvar2": 0.000372382521164,
        "max": 0.506706058979,
        "mean": 0.281855344772,
        "median": 0.287802994251,
        "min": 0.0415588207543,
        "var": 0.00792900845408
    },
    "erbbands_kurtosis": {
        "dmean": 0.711237668991,
        "dmean2": 1.10694110394,
        "dvar": 0.87789696455,
        "dvar2": 2.23851585388,
        "max": 39.7930450439,
        "mean": 0.778749287128,
        "median": -0.0970721244812,
        "min": -1.77163720131,
        "var": 11.7160253525
    },
    "erbbands_skewness": {
        "dmean": 0.255386203527,
        "dmean2": 0.379069805145,
        "dvar": 0.0558155626059,
        "dvar2": 0.131065040827,
        "max": 4.97087144852,
        "mean": 0.404700100422,
        "median": 0.335308730602,
        "min": -1.96290576458,
        "var": 0.790800273418
    },
    "erbbands_spread": {
        "dmean": 3.50181388855,
        "dmean2": 5.34532308578,
        "dvar": 15.6664485931,
        "dvar2": 36.8098068237,
        "max": 95.4282684326,
        "mean": 24.1809825897,
        "median": 22.0332679749,
        "min": 3.48928928375,
        "var": 172.948287964
    },
    "hfc": {
        "dmean": 2.04582071304,
        "dmean2": 3.13490796089,
        "dvar": 17.0658969879,
        "dvar2": 40.6928443909,
        "max": 83.5568466187,
        "mean": 9.77576351166,
        "median": 5.7917547226,
        "min": 1.06190197874e-16,
        "var": 111.778923035
    },
    "melbands_crest": {
        "dmean": 2.67451930046,
        "dmean2": 4.46068000793,
        "dvar": 6.88355207443,
        "dvar2": 20.3092441559,
        "max": 32.9406204224,
        "mean": 14.3605718613,
        "median": 13.8666477203,
        "min": 1.53181040287,
        "var": 28.7110843658
    },
    "melbands_flatness_db": {
        "dmean": 0.0221113990992,
        "dmean2": 0.0346934944391,
        "dvar": 0.000499574234709,
        "dvar2": 0.00115684897173,
        "max": 0.671799659729,
        "mean": 0.362290233374,
        "median": 0.367826044559,
        "min": 0.00314557435922,
        "var": 0.0132534960285
    },
    "melbands_kurtosis": {
        "dmean": 4.23834276199,
        "dmean2": 6.97095394135,
        "dvar": 51.3146438599,
        "dvar2": 143.595306396,
        "max": 163.670639038,
        "mean": 10.8113155365,
        "median": 6.06861114502,
        "min": -1.56777703762,
        "var": 238.925216675
    },
    "melbands_skewness": {
        "dmean": 0.475162088871,
        "dmean2": 0.765425682068,
        "dvar": 0.246612712741,
        "dvar2": 0.690077424049,
        "max": 10.2074670792,
        "mean": 2.25115799904,
        "median": 2.06357431412,
        "min": -0.937284648418,
        "var": 1.9632922411
    },
    "melbands_spread": {
        "dmean": 2.78512001038,
        "dmean2": 4.41653203964,
        "dvar": 14.9188842773,
        "dvar2": 37.7277030945,
        "max": 156.385513306,
        "mean": 14.1658411026,
        "median": 9.90273571014,
        "min": 0.459055930376,
        "var": 233.967407227
    },
    "pitch_salience": {
        "dmean": 0.0597227066755,
        "dmean2": 0.098628371954,
        "dvar": 0.00318908900954,
        "dvar2": 0.00920196156949,
        "max": 0.929201006889,
        "mean": 0.526494562626,
        "median": 0.528479099274,
        "min": 0.1450432688,
        "var": 0.0124374413863
    },
    "silence_rate_20dB": {
        "dmean": 0,
        "dmean2": 0,
        "dvar": 0,
        "dvar2": 0,
        "max": 1,
        "mean": 1,
        "median": 1,
        "min": 1,
        "var": 0
    },
    "silence_rate_30dB": {
        "dmean": 0.008061199449,
        "dmean2": 0.0161237251014,
        "dvar": 0.007996506989,
        "dvar2": 0.0206348765641,
        "max": 1,
        "mean": 0.99333769083,
        "median": 1,
        "min": 0,
        "var": 0.00661831721663
    },
    "silence_rate_60dB": {
        "dmean": 0.00970634166151,
        "dmean2": 0.0194142814726,
        "dvar": 0.00960992556065,
        "dvar2": 0.0211796406657,
        "max": 1,
        "mean": 0.0803586095572,
        "median": 0,
        "min": 0,
        "var": 0.0739118456841
    },
    "spectral_centroid": {
        "dmean": 98.690864563,
        "dmean2": 155.051727295,
        "dvar": 26712.0957031,
        "dvar2": 53023.1835938,
        "max": 11758.1240234,
        "mean": 775.41809082,
        "median": 577.044067383,
        "min": 126.032783508,
        "var": 1058903
    },
    "spectral_complexity": {
        "dmean": 1.64086532593,
        "dmean2": 2.65333986282,
        "dvar": 4.14985466003,
        "dvar2": 9.37286281586,
        "max": 46,
        "mean": 13.0254154205,
        "median": 11,
        "min": 0,
        "var": 64.4636611938
    },
    "spectral_decrease": {
        "dmean": 1.73164593775e-09,
        "dmean2": 2.88805468429e-09,
        "dvar": 1.07207256142e-17,
        "dvar2": 2.87548958224e-17,
        "max": 1.50971337225e-28,
        "mean": -5.66805047342e-09,
        "median": -4.45472947419e-09,
        "min": -5.72785374686e-08,
        "var": 3.00451354506e-17
    },
    "spectral_energy": {
        "dmean": 0.00668851844966,
        "dmean2": 0.0111363055184,
        "dvar": 0.000160577561473,
        "dvar2": 0.000429664039984,
        "max": 0.222224727273,
        "mean": 0.0222792066634,
        "median": 0.017388753593,
        "min": 9.94627171693e-21,
        "var": 0.000460664276034
    },
    "spectral_energyband_high": {
        "dmean": 2.79242594843e-05,
        "dmean2": 4.05030114052e-05,
        "dvar": 8.872803825e-09,
        "dvar2": 1.99707876902e-08,
        "max": 0.00215202593245,
        "mean": 8.88416470843e-05,
        "median": 2.24814880312e-06,
        "min": 6.84304952677e-21,
        "var": 4.31833164782e-08
    },
    "spectral_energyband_low": {
        "dmean": 0.00321971927769,
        "dmean2": 0.00544194178656,
        "dvar": 3.57425378752e-05,
        "dvar2": 0.00010161218961,
        "max": 0.0880510285497,
        "mean": 0.00632723188028,
        "median": 0.0029945014976,
        "min": 1.42991783357e-23,
        "var": 6.59116631141e-05
    },
    "spectral_energyband_middle_high": {
        "dmean": 0.00067747203866,
        "dmean2": 0.000959398865234,
        "dvar": 1.90189155092e-06,
        "dvar2": 4.1909211177e-06,
        "max": 0.0444548763335,
        "mean": 0.00289230863564,
        "median": 0.00127625162713,
        "min": 1.25706886086e-21,
        "var": 1.85676144611e-05
    },
    "spectral_energyband_middle_low": {
        "dmean": 0.00483227195218,
        "dmean2": 0.0079695507884,
        "dvar": 0.000115376096801,
        "dvar2": 0.000311594834784,
        "max": 0.208672061563,
        "mean": 0.0144257163629,
        "median": 0.0104898856953,
        "min": 1.26182555328e-22,
        "var": 0.000281357206404
    },
    "spectral_entropy": {
        "dmean": 0.132287606597,
        "dmean2": 0.200008004904,
        "dvar": 0.0249988585711,
        "dvar2": 0.0516905672848,
        "max": 9.82157802582,
        "mean": 6.29666662216,
        "median": 6.07325553894,
        "min": 4.71359825134,
        "var": 0.729450166225
    },
    "spectral_flux": {
        "dmean": 0.015915941447,
        "dmean2": 0.0253256186843,
        "dvar": 0.000531522848178,
        "dvar2": 0.00122744613327,
        "max": 0.370814532042,
        "mean": 0.0533862113953,
        "median": 0.0407098084688,
        "min": 6.3373334358e-11,
        "var": 0.00188976852223
    },
    "spectral_kurtosis": {
        "dmean": 16.0778980255,
        "dmean2": 28.2042236328,
        "dvar": 599.051147461,
        "dvar2": 1775.00708008,
        "max": 594.416381836,
        "mean": 40.7015991211,
        "median": 20.246295929,
        "min": -1.26614630222,
        "var": 3127.23632812
    },
    "spectral_rms": {
        "dmean": 0.000584934372455,
        "dmean2": 0.000958790013101,
        "dvar": 6.65750917506e-07,
        "dvar2": 1.75483069143e-06,
        "max": 0.0147242862731,
        "mean": 0.00419254414737,
        "median": 0.00411881506443,
        "min": 3.11507286979e-12,
        "var": 4.15843214796e-06
    },
    "spectral_rolloff": {
        "dmean": 146.869064331,
        "dmean2": 257.347290039,
        "dvar": 96761.1953125,
        "dvar2": 232889.28125,
        "max": 19875.1464844,
        "mean": 973.675415039,
        "median": 624.462890625,
        "min": 107.666015625,
        "var": 3363220.5
    },
    "spectral_skewness": {
        "dmean": 0.960954368114,
        "dmean2": 1.68557977676,
        "dvar": 1.35014820099,
        "dvar2": 4.04028606415,
        "max": 18.9170017242,
        "mean": 3.66333603859,
        "median": 2.89735388756,
        "min": -0.071926780045,
        "var": 6.6276640892
    },
    "spectral_spread": {
        "dmean": 278808,
        "dmean2": 436799.09375,
        "dvar": 255113887744,
        "dvar2": 441976815616,
        "max": 43056276,
        "mean": 2321220.25,
        "median": 1685562,
        "min": 120897.28125,
        "var": 1.42244724081e+13
    },
    "spectral_strongpeak": {
        "dmean": 0.380415916443,
        "dmean2": 0.657234668732,
        "dvar": 0.489771306515,
        "dvar2": 1.30086398125,
        "max": 11.7969017029,
        "mean": 0.82063215971,
        "median": 0.569463253021,
        "min": 0,
        "var": 0.834808111191
    },
    "zerocrossingrate": {
        "dmean": 0.00342078018002,
        "dmean2": 0.00442987913266,
        "dvar": 2.1845653464e-05,
        "dvar2": 3.2569951145e-05,
        "max": 0.52978515625,
        "mean": 0.0343122184277,
        "median": 0.02685546875,
        "min": 0.00439453125,
        "var": 0.00240264250897
    },
    "barkbands": {
        "dmean": [6.40971775283e-05, 0.00102177099325, 0.00213386537507, 0.00148739246652, 0.00341380736791, 0.00074963219231, 0.000523999391589, 0.000243001937633, 0.00020630218205, 0.000114470298286, 0.000189206082723, 0.000141972108395, 0.000265877082711, 0.000270514312433, 9.5731120382e-05, 5.28120690433e-05, 8.30078570289e-05, 5.31471268914e-05, 3.57794087904e-05, 2.41586694756e-05, 1.04673317765e-05, 6.08424898019e-06, 3.88663102058e-06, 2.8749871035e-06, 1.89562808828e-06, 9.07931507754e-07, 1.29353026068e-07],
        "dmean2": [0.000107380830741, 0.00174809270538, 0.0035989494063, 0.00251790252514, 0.00570375053212, 0.0011919720564, 0.000848094292451, 0.00039461068809, 0.000283328001387, 0.0001628814789, 0.000261700159172, 0.00019638883532, 0.000417910981923, 0.000373485381715, 0.000140534626553, 7.78211979195e-05, 0.000131073247758, 8.21967041702e-05, 5.64282418054e-05, 3.76773896278e-05, 1.63211243489e-05, 9.36550895858e-06, 5.76252887186e-06, 4.08576624977e-06, 2.72893703368e-06, 1.38640496061e-06, 2.26708223749e-07],
        "dvar": [2.64679052009e-08, 4.95440463055e-06, 1.83462980203e-05, 1.06902489279e-05, 7.38844464649e-05, 2.33802961702e-06, 1.16679530038e-06, 6.94206846674e-07, 2.33743904232e-07, 9.3032689108e-08, 2.06146452797e-07, 8.22590280336e-08, 7.90082310687e-07, 7.01190572272e-07, 6.81970320215e-08, 1.60756030709e-08, 4.12872260824e-08, 2.11131201411e-08, 8.37022362532e-09, 3.75295305943e-09, 8.38843716711e-10, 7.31568916557e-10, 2.47548398447e-10, 1.91440821529e-10, 1.58063548361e-10, 6.32869173733e-11, 1.5127928207e-12],
        "dvar2": [7.03630504972e-08, 1.48444933075e-05, 5.20528337802e-05, 3.22983469232e-05, 0.000199683548999, 5.4032711887e-06, 3.01581280837e-06, 1.94898507289e-06, 5.14065561674e-07, 2.35937349657e-07, 4.83760004499e-07, 1.74698911337e-07, 2.00742442757e-06, 1.34558126774e-06, 1.49031976093e-07, 3.12408090508e-08, 1.05605721501e-07, 4.83819135866e-08, 2.10000035139e-08, 9.12214659365e-09, 2.07797468121e-09, 1.88805415746e-09, 5.69083669077e-10, 4.14328099607e-10, 3.87833487547e-10, 1.64063498898e-10, 4.23173345324e-12],
        "max": [0.00403783004731, 0.0455444119871, 0.0750862509012, 0.0521094501019, 0.164745211601, 0.0702915266156, 0.035475615412, 0.0251564551145, 0.0164922308177, 0.00567055959255, 0.0158190298826, 0.00761280115694, 0.0245183277875, 0.0317190885544, 0.00749053293839, 0.00495225470513, 0.00614985777065, 0.00923323258758, 0.00253790733404, 0.00121836340986, 0.000662883452605, 0.000839777931105, 0.000421462289523, 0.000450266321423, 0.000371829606593, 0.000328073045239, 4.51757368864e-05],
        "mean": [8.01281785243e-05, 0.00144665932748, 0.00339487730525, 0.00281812250614, 0.00695464480668, 0.00205111643299, 0.0013550191652, 0.000529724988155, 0.000611234572716, 0.00026416676701, 0.000411990331486, 0.000315584649798, 0.000591296760831, 0.000600404280704, 0.00021949224174, 0.000121073149785, 0.000174466098542, 0.000121695331472, 9.32970142458e-05, 6.17614132352e-05, 2.79474224953e-05, 1.43647612276e-05, 1.02832991615e-05, 5.7807255871e-06, 2.88325804831e-06, 1.12351801818e-06, 9.45940641373e-08],
        "median": [1.27366529341e-05, 0.000498510489706, 0.00129633082543, 0.000839017913677, 0.00325893983245, 0.000895725446753, 0.000747455400415, 0.000328659778461, 0.000350426271325, 7.24131532479e-05, 0.000129890497192, 0.000123477351735, 6.35198230157e-05, 9.44395214901e-05, 7.27284495952e-05, 2.68984058494e-05, 4.66421006422e-05, 1.07832065623e-05, 4.36970276496e-06, 4.04480579164e-06, 8.16075328203e-07, 2.69903551953e-07, 4.17683878595e-08, 2.33086936419e-08, 1.10899822658e-08, 3.28651328374e-09, 8.60115756396e-10],
        "min": [6.84117926378e-25, 2.78059624582e-24, 7.77652325745e-25, 3.40673156446e-25, 1.08173245826e-23, 6.67512483209e-24, 7.0239244145e-24, 3.79296037815e-24, 1.70137275966e-23, 1.04451983832e-23, 1.18642069016e-23, 1.89142023801e-23, 1.14637787395e-23, 3.13883305012e-23, 4.31791473062e-23, 5.36483475713e-23, 6.08826122798e-23, 9.66202453404e-23, 1.13656554869e-22, 1.27746872814e-22, 2.45490181556e-22, 3.13670306257e-22, 3.71198890227e-22, 5.88039234049e-22, 8.28495094635e-22, 1.25067436699e-21, 1.96484314491e-21],
        "var": [3.21192636932e-08, 6.90118622515e-06, 2.59103471763e-05, 2.41076450038e-05, 0.000134790228913, 1.2293189684e-05, 3.29745853378e-06, 7.40026848689e-07, 7.39375138892e-07, 2.20085084379e-07, 8.4624542751e-07, 2.62503817794e-07, 2.65537846644e-06, 2.83380904875e-06, 2.40966699039e-07, 7.2525345729e-08, 1.37758263463e-07, 8.54860289223e-08, 4.23817994033e-08, 1.64850657569e-08, 4.30821200936e-09, 1.81542925137e-09, 9.96933313679e-10, 4.14625278555e-10, 1.94382288043e-10, 5.87703011257e-11, 9.48196816203e-13]
    },
    "erbbands": {
        "dmean": [0.0161675103009, 0.29271158576, 2.00400161743, 3.7226703167, 7.01130437851, 15.5858182907, 8.26837062836, 6.11020898819, 5.49604654312, 8.85089874268, 4.81521034241, 3.90600800514, 4.85364580154, 4.03891992569, 6.659263134, 5.48374509811, 11.3964681625, 14.8601408005, 4.6705698967, 4.77264070511, 3.36534881592, 4.82179260254, 2.76227426529, 2.0816783905, 1.56418931484, 1.04533791542, 0.592301368713, 0.286172032356, 0.248743698001, 0.137904956937, 0.114793397486, 0.0685769021511, 0.0440789796412, 0.0241584647447, 0.0126767223701, 0.0046826377511, 0.00159376231022, 0.00028360352735, 2.30567529798e-05, 7.81702419772e-06],
        "dmean2": [0.0266738515347, 0.505513072014, 3.44480895996, 6.16842365265, 12.2634143829, 25.4481487274, 13.1912765503, 9.9052066803, 8.80184555054, 14.2340211868, 7.51761865616, 5.57750749588, 6.44305801392, 5.69042491913, 9.18518829346, 7.56263542175, 17.4243202209, 20.6697978973, 6.9450135231, 6.89617013931, 4.88816261292, 7.65016555786, 4.31546783447, 3.22075033188, 2.42120313644, 1.64906013012, 0.933965146542, 0.444571197033, 0.390258342028, 0.201934039593, 0.173989161849, 0.101156465709, 0.0628099963069, 0.035190153867, 0.0180370267481, 0.00683150766417, 0.0025175511837, 0.000485133874463, 3.91329922422e-05, 1.29532645587e-05],
        "dvar": [0.0010391084943, 0.403157919645, 15.632806778, 54.6966705322, 285.087371826, 1920.09716797, 252.297958374, 198.507568359, 235.611999512, 261.64239502, 233.223846436, 117.234741211, 132.158721924, 70.3169403076, 256.336578369, 122.008407593, 1253.71923828, 1977.50024414, 246.771987915, 115.655380249, 68.9360122681, 170.576400757, 48.3424835205, 26.2732334137, 16.2196083069, 7.44516658783, 2.63000321388, 0.67419731617, 1.28726220131, 0.333601355553, 0.258543342352, 0.0873342230916, 0.0506083257496, 0.0217789001763, 0.00845960807055, 0.00146848033182, 0.000191158775124, 6.51510117677e-06, 3.44526114304e-08, 2.72224409681e-10],
        "dvar2": [0.00266266404651, 1.23421955109, 45.9574890137, 157.748336792, 893.04888916, 5072.69189453, 623.222290039, 460.140258789, 583.421386719, 685.479797363, 647.613891602, 274.553955078, 319.560516357, 176.439117432, 603.015686035, 253.56803894, 3123.64428711, 3780.35742188, 533.11517334, 225.434799194, 130.466308594, 440.326293945, 112.65246582, 63.5381774902, 39.0288009644, 18.1079769135, 6.54027318954, 1.58168292046, 3.37034153938, 0.749044895172, 0.637250423431, 0.194814473391, 0.110360145569, 0.0526019074023, 0.0208319779485, 0.00362866302021, 0.000503406336065, 1.81370342034e-05, 9.41267757071e-08, 7.20321691183e-10],
        "max": [0.618528485298, 12.9626874924, 65.8982849121, 117.469032288, 361.076446533, 812.635986328, 580.420043945, 372.708099365, 634.531738281, 365.821350098, 458.631958008, 373.719940186, 256.908477783, 226.033706665, 563.929199219, 333.782562256, 870.942932129, 1782.59106445, 427.903198242, 394.934204102, 341.327178955, 425.50479126, 384.111816406, 235.199356079, 113.765716553, 53.3891983032, 35.1921043396, 19.6881752014, 43.0536308289, 16.4258594513, 17.0342330933, 8.36187744141, 8.17753696442, 4.33899736404, 3.19242858887, 1.61889398098, 0.485113352537, 0.073547065258, 0.00555990636349, 0.000311793934088],
        "mean": [0.024886354804, 0.424320101738, 3.16289496422, 7.49318361282, 13.5311565399, 28.2766437531, 22.6253108978, 15.8925390244, 14.8686103821, 22.7972431183, 12.7079715729, 10.9642982483, 12.0138902664, 9.95900630951, 15.8833522797, 13.2456789017, 27.3360462189, 35.4023132324, 10.8329057693, 11.7884073257, 8.2173576355, 10.3199243546, 6.85264825821, 5.41002464294, 4.30897426605, 2.78167700768, 1.64329063892, 0.790150880814, 0.590072453022, 0.355968505144, 0.280832856894, 0.148819282651, 0.0806171447039, 0.0375834852457, 0.0189057383686, 0.00657405331731, 0.00177991192322, 0.00023736996809, 2.68453622994e-05, 2.56755192822e-05],
        "median": [0.0107818804681, 0.144583255053, 1.31182360649, 3.17650413513, 5.10018062592, 12.1244525909, 10.1107559204, 6.52546310425, 6.95421504974, 13.3127832413, 7.96736240387, 6.27752256393, 7.09885501862, 4.34662437439, 6.45909643173, 5.00480937958, 3.80357122421, 5.5867805481, 2.09062504768, 4.39248657227, 2.09343147278, 2.98369836807, 0.950596451759, 0.537105917931, 0.247048199177, 0.169029444456, 0.0688861310482, 0.014772452414, 0.0118170361966, 0.00273335259408, 0.00115236709826, 0.000640906218905, 0.00032715476118, 0.000162585376529, 7.32933258405e-05, 2.87115071842e-05, 1.07671585283e-05, 1.95265647562e-06, 8.55466169014e-06, 1.93703290279e-05],
        "min": [2.50720790053e-23, 5.6052906682e-22, 1.50019614526e-21, 4.77986963199e-21, 1.197190052e-20, 2.34196948802e-20, 5.52775852048e-20, 5.21313617397e-20, 1.0556166846e-19, 2.17659420852e-19, 1.73728478904e-19, 3.45756765608e-19, 5.04628873916e-19, 5.93824172958e-19, 8.09624065943e-19, 9.81979916169e-19, 1.04774883988e-18, 1.64821165424e-18, 1.70310170533e-18, 2.80955927559e-18, 3.54513935468e-18, 4.41592024373e-18, 5.47753376804e-18, 6.94959596667e-18, 6.6191356576e-18, 6.9775323375e-18, 9.16363917476e-18, 9.84813113165e-18, 1.03722129154e-17, 1.11415214908e-17, 1.13311625724e-17, 1.02688327097e-17, 9.95320953922e-18, 8.12303355646e-18, 5.38666011954e-18, 4.52914059007e-18, 2.30658858861e-18, 1.00903161733e-18, 2.44124314918e-19, 2.8074490603e-20],
        "var": [0.00160969339777, 0.560917258263, 21.1256275177, 115.981193542, 627.054138184, 3047.72192383, 1140.51574707, 696.514587402, 703.31640625, 828.542602539, 340.339538574, 272.358062744, 272.870697021, 236.077270508, 1056.07446289, 455.356018066, 4807.18798828, 8890.49316406, 746.044555664, 504.582977295, 320.749603271, 568.775085449, 212.454162598, 128.435256958, 89.5377731323, 34.994052887, 13.7801218033, 3.63338899612, 3.12361693382, 1.1023914814, 0.812512695789, 0.237173393369, 0.0938406512141, 0.0290896128863, 0.00983492098749, 0.00162691588048, 0.000158365859534, 4.28064231528e-06, 2.37508555045e-08, 6.79994338615e-10]
    },
    "gfcc": {
        "mean": [-141.906814575, 200.536437988, -129.373336792, 2.49054694176, -28.0555953979, -20.4766101837, -28.1296787262, -12.1712722778, -17.6825237274, -12.3677568436, -9.81511688232, -13.3315267563, -5.47076320648],
        "cov": [[24250.7324219, -1437.99938965, -1898.89282227, 3160.87182617, -1996.16809082, 681.717956543, -640.861999512, 273.147338867, -601.577392578, 133.125610352, 39.5462913513, 86.1514968872, -288.043273926], [-1437.99938965, 3186.2331543, -434.973846436, -1677.19177246, 700.28503418, -791.77130127, 348.082244873, -321.156280518, 220.69682312, -220.904266357, -28.8413619995, -207.973251343, 197.649337769], [-1898.89282227, -434.973846436, 1681.93603516, 277.761474609, -370.105865479, 289.999267578, -31.5649909973, 98.2703094482, -2.12023544312, -43.9488677979, -140.089553833, -18.6708679199, 26.7215652466], [3160.87182617, -1677.19177246, 277.761474609, 1762.40771484, -565.226867676, 283.266540527, -74.0575866699, 204.175354004, -120.854095459, 64.7168884277, -8.28340530396, 48.8910713196, -84.437713623], [-1996.16809082, 700.28503418, -370.105865479, -565.226867676, 607.611816406, -190.22366333, 103.000541687, -56.3187866211, 121.68132782, -13.2831935883, 53.8423233032, -16.8680381775, 20.5419044495], [681.717956543, -791.77130127, 289.999267578, 283.266540527, -190.22366333, 568.197265625, -115.98777771, 114.442626953, -27.4757061005, 96.0272979736, 30.6810665131, 72.930480957, -74.5627593994], [-640.861999512, 348.082244873, -31.5649909973, -74.0575866699, 103.000541687, -115.98777771, 278.086761475, 8.37669849396, 68.8953781128, -1.60455286503, 2.63583135605, -34.352771759, 39.2139701843], [273.147338867, -321.156280518, 98.2703094482, 204.175354004, -56.3187866211, 114.442626953, 8.37669849396, 248.880126953, 65.9164276123, 7.77672147751, 10.8903656006, 33.9835624695, -28.4983139038], [-601.577392578, 220.69682312, -2.12023544312, -120.854095459, 121.68132782, -27.4757061005, 68.8953781128, 65.9164276123, 157.839080811, 9.00287246704, -1.36035656929, -7.4325466156, 26.0559062958], [133.125610352, -220.904266357, -43.9488677979, 64.7168884277, -13.2831935883, 96.0272979736, -1.60455286503, 7.77672147751, 9.00287246704, 109.414863586, 34.3402900696, 20.5088634491, -25.3277740479], [39.5462913513, -28.8413619995, -140.089553833, -8.28340530396, 53.8423233032, 30.6810665131, 2.63583135605, 10.8903656006, -1.36035656929, 34.3402900696, 102.105049133, 27.6413803101, -18.6983776093], [86.1514968872, -207.973251343, -18.6708679199, 48.8910713196, -16.8680381775, 72.930480957, -34.352771759, 33.9835624695, -7.4325466156, 20.5088634491, 27.6413803101, 76.9107131958, 2.94462966919], [-288.043273926, 197.649337769, 26.7215652466, -84.437713623, 20.5419044495, -74.5627593994, 39.2139701843, -28.4983139038, 26.0559062958, -25.3277740479, -18.6983776093, 2.94462966919, 79.265663147]],
        "icov": [[0.000382647122024, -0.00121708749793, 0.000826453731861, -0.00113293144386, 0.00124005635735, -0.000872998731211, 0.00091989088105, -0.000828722899314, 0.00105748104397, -0.000993937253952, 0.000935239717364, -0.000915217911825, 0.000633662857581], [-0.00121708749793, 0.00541924312711, -0.00255427742377, 0.00459692440927, -0.00390754966065, 0.00340595492162, -0.00365323619917, 0.00343561079353, -0.00455021252856, 0.00490630697459, -0.00398492207751, 0.00503697013482, -0.0029823819641], [0.000826453731861, -0.00255427742377, 0.002661698265, -0.00237120315433, 0.00306371762417, -0.00243403972127, 0.00184246757999, -0.00188476918265, 0.00205455557443, -0.00161120842677, 0.00279560801573, -0.00145063514356, 0.000799573550466], [-0.00113293144386, 0.00459692440927, -0.00237120315433, 0.004925748799, -0.00290268333629, 0.00299887126312, -0.00337502150796, 0.00231654359959, -0.00345209566876, 0.00372187118046, -0.00339661445469, 0.00395566225052, -0.00208135205321], [0.00124005635735, -0.00390754966065, 0.00306371762417, -0.00290268333629, 0.00741481874138, -0.00240955408663, 0.00241293129511, -0.00191727059428, 0.00103131099604, -0.00243171537295, 0.00177225668449, -0.00355284148827, 0.00348767149262], [-0.000872998731211, 0.00340595492162, -0.00243403972127, 0.00299887126312, -0.00240955408663, 0.00560311600566, -0.00172339251731, 0.00157672725618, -0.00296582770534, 0.000864732719492, -0.00286544975825, 0.000887302623596, 0.000206846219953], [0.00091989088105, -0.00365323619917, 0.00184246757999, -0.00337502150796, 0.00241293129511, -0.00172339251731, 0.00746028637514, -0.00308826146647, 0.00223759561777, -0.0043653328903, 0.00185468606651, -0.000724164827261, -0.00047768643708], [-0.000828722899314, 0.00343561079353, -0.00188476918265, 0.00231654359959, -0.00191727059428, 0.00157672725618, -0.00308826146647, 0.00946908257902, -0.0077841533348, 0.00563392369077, -0.0029899533838, -0.000451359082945, 0.00210757739842], [0.00105748104397, -0.00455021252856, 0.00205455557443, -0.00345209566876, 0.00103131099604, -0.00296582770534, 0.00223759561777, -0.0077841533348, 0.0159022584558, -0.00737756164744, 0.00454433169216, -0.00134739733767, -0.00260658375919], [-0.000993937253952, 0.00490630697459, -0.00161120842677, 0.00372187118046, -0.00243171537295, 0.000864732719492, -0.0043653328903, 0.00563392369077, -0.00737756164744, 0.0182363279164, -0.00633569387719, 0.00249545881525, 0.000955806230195], [0.000935239717364, -0.00398492207751, 0.00279560801573, -0.00339661445469, 0.00177225668449, -0.00286544975825, 0.00185468606651, -0.0029899533838, 0.00454433169216, -0.00633569387719, 0.017229501158, -0.00796463899314, 0.00446905568242], [-0.000915217911825, 0.00503697013482, -0.00145063514356, 0.00395566225052, -0.00355284148827, 0.000887302623596, -0.000724164827261, -0.000451359082945, -0.00134739733767, 0.00249545881525, -0.00796463899314, 0.0255173370242, -0.0108178295195], [0.000633662857581, -0.0029823819641, 0.000799573550466, -0.00208135205321, 0.00348767149262, 0.000206846219953, -0.00047768643708, 0.00210757739842, -0.00260658375919, 0.000955806230195, 0.00446905568242, -0.0108178295195, 0.0227714702487]]
    },
    "melbands": {
        "dmean": [0.000204443465918, 0.000804028706625, 0.000686953717377, 0.000798770284746, 0.000381875986932, 0.000135248337756, 8.90103547135e-05, 8.6965286755e-05, 3.85611456295e-05, 2.61072236754e-05, 2.45329993049e-05, 1.55953421199e-05, 2.72792840406e-05, 1.5683908714e-05, 1.68821879925e-05, 3.53075010935e-05, 2.61875338765e-05, 8.73964290804e-06, 8.04857609182e-06, 4.26569749834e-06, 4.20645073973e-06, 6.04708475294e-06, 2.67837617685e-06, 3.04727245748e-06, 1.71232250068e-06, 1.49798609073e-06, 1.09154211714e-06, 7.11190921265e-07, 4.62062445195e-07, 2.73979367194e-07, 1.5434871159e-07, 1.63562845046e-07, 1.17345038575e-07, 7.66718599721e-08, 8.18216747689e-08, 4.93591478801e-08, 4.11794083277e-08, 3.16851576088e-08, 2.68862265784e-08, 1.95898781641e-08],
        "dmean2": [0.000342648301739, 0.0013835694408, 0.00115928193554, 0.00134689488914, 0.00061209948035, 0.000218541244976, 0.000144063815242, 0.000140017727972, 5.87021313549e-05, 3.68182809325e-05, 3.26620101987e-05, 2.21905847866e-05, 3.76122552552e-05, 2.18447148654e-05, 2.43604954449e-05, 5.34872451681e-05, 3.62640093954e-05, 1.31083415909e-05, 1.19379810712e-05, 6.15127328274e-06, 6.1133177951e-06, 9.5807163234e-06, 4.33445575254e-06, 4.6734830903e-06, 2.68731650976e-06, 2.39123642132e-06, 1.69964255292e-06, 1.13269607027e-06, 7.35017465558e-07, 4.35337653926e-07, 2.41834214876e-07, 2.59309189232e-07, 1.87067811908e-07, 1.136132326e-07, 1.27434574893e-07, 7.67795711454e-08, 6.15202466747e-08, 4.59249918094e-08, 3.99747541735e-08, 2.94892963382e-08],
        "dvar": [1.78451657007e-07, 2.49054323831e-06, 1.82195083198e-06, 4.61615354652e-06, 6.61457136175e-07, 8.90933335995e-08, 4.76312074227e-08, 3.08832390772e-08, 1.28390640342e-08, 4.85315165832e-09, 3.31493743566e-09, 1.11463005492e-09, 4.73983297056e-09, 9.99886173858e-10, 2.18811879726e-09, 1.36726336919e-08, 6.30098462295e-09, 1.17565923663e-09, 5.65576141476e-10, 8.10395708872e-11, 1.1489784818e-10, 3.03910147048e-10, 4.52341566981e-11, 8.87260889759e-11, 1.79854638127e-11, 1.80224168922e-11, 8.21863063716e-12, 3.5940879179e-12, 1.60586572252e-12, 6.5904470466e-13, 1.99718686684e-13, 5.29660679465e-13, 3.15799117542e-13, 8.1400042414e-14, 1.40386590157e-13, 4.32471272064e-14, 3.1658662779e-14, 2.46333732085e-14, 2.16975671777e-14, 1.49490778101e-14],
        "dvar2": [4.97567157254e-07, 7.40705445423e-06, 5.49138121642e-06, 1.25515289255e-05, 1.70370697106e-06, 2.06774686262e-07, 1.2026306706e-07, 8.24192625259e-08, 3.46965762787e-08, 1.14173328569e-08, 7.99383403915e-09, 2.82069612112e-09, 1.09525988279e-08, 2.31091212832e-09, 4.63982674503e-09, 3.36851151417e-08, 1.22268124514e-08, 2.57428101058e-09, 1.1954900403e-09, 1.53353524324e-10, 2.17544537939e-10, 7.95206567261e-10, 1.18894907808e-10, 1.95610833087e-10, 4.42525599498e-11, 4.57300308732e-11, 1.9936564552e-11, 8.88029840634e-12, 4.00879112891e-12, 1.66477194443e-12, 4.89762852669e-13, 1.40374994614e-12, 8.31566965894e-13, 1.76846764229e-13, 3.64580029577e-13, 1.02757673247e-13, 7.20539960705e-14, 5.2546617231e-14, 5.12887157061e-14, 3.75928333059e-14],
        "max": [0.00814672932029, 0.0241472590715, 0.0229267217219, 0.0414724983275, 0.0154940728098, 0.00823175627738, 0.00825671851635, 0.00368184037507, 0.00299258320592, 0.00202088500373, 0.00130555883516, 0.000817078689579, 0.00251563847996, 0.000672832597047, 0.00121968099847, 0.00322039774619, 0.00305807683617, 0.000925823347643, 0.000825646158773, 0.000392084853956, 0.000426171638537, 0.000568505027331, 0.000232602469623, 0.000677749107126, 0.00011886752327, 0.000140084302984, 7.35741559765e-05, 3.65006417269e-05, 2.96580965369e-05, 2.2978603738e-05, 1.02769290606e-05, 2.88684714178e-05, 1.5903966414e-05, 6.97075438438e-06, 1.39849189509e-05, 4.91860100738e-06, 5.19074274052e-06, 4.96718166687e-06, 4.70933537144e-06, 3.51294784195e-06],
        "mean": [0.000308150367346, 0.00130383309443, 0.00146273244172, 0.0014919511741, 0.000941575272009, 0.000363241037121, 0.000238386288402, 0.000218795437831, 0.000101887009805, 7.12961264071e-05, 5.94887460466e-05, 3.71477108274e-05, 6.109867536e-05, 3.49237270711e-05, 3.51625858457e-05, 8.38034320623e-05, 5.90046911384e-05, 1.60063536896e-05, 1.80901879503e-05, 1.02351150417e-05, 9.1338151833e-06, 1.20088361655e-05, 5.80434425501e-06, 6.55640815239e-06, 4.0318423089e-06, 3.74625528821e-06, 2.43987756221e-06, 1.69664667737e-06, 1.18322111575e-06, 6.36633217255e-07, 3.78886170438e-07, 3.55324146994e-07, 2.36614297933e-07, 1.9090956016e-07, 1.8620028186e-07, 1.07171437946e-07, 8.01646677928e-08, 5.56763417592e-08, 4.34047748854e-08, 2.84667738271e-08],
        "median": [0.000120874654385, 0.00053340208251, 0.000697195122484, 0.000582297681831, 0.000475317006931, 0.000152868073201, 0.000127557868836, 0.000127078790683, 5.63931862416e-05, 4.12071640312e-05, 3.41570921591e-05, 1.43493780342e-05, 2.07597549888e-05, 1.25557817228e-05, 5.72603858018e-06, 8.87116311787e-06, 9.41302641877e-06, 1.43450051837e-06, 5.64307993045e-06, 3.50965774487e-06, 1.03538934582e-06, 3.02135754282e-06, 6.11659288552e-07, 5.21071683579e-07, 3.19424657391e-07, 1.39001542721e-07, 1.39546969535e-07, 6.51905907034e-08, 4.69653613777e-08, 1.06761204322e-08, 5.90023274682e-09, 7.39358396729e-09, 3.05544700652e-09, 8.81929862473e-10, 6.63129828826e-10, 4.67423655337e-10, 3.40110217767e-10, 2.33791624948e-10, 1.58420360163e-10, 1.14465006917e-10],
        "min": [5.6750594357e-25, 1.38537632111e-24, 7.72435637883e-25, 1.0612935258e-24, 1.89696257752e-24, 1.21526280564e-24, 1.41390764512e-24, 2.35870515066e-24, 1.73287990366e-24, 2.28594870659e-24, 2.16229909843e-24, 2.11650158136e-24, 2.25340701096e-24, 1.76451480368e-24, 2.63006225801e-24, 1.59268827675e-24, 2.40642453011e-24, 2.14111877477e-24, 3.25578357258e-24, 3.34300161199e-24, 2.60534586534e-24, 4.2224908023e-24, 3.96445400578e-24, 3.95641945746e-24, 4.92087685588e-24, 3.6298310427e-24, 4.38955852583e-24, 3.97330581399e-24, 3.7465232921e-24, 6.34759451741e-24, 4.99570820134e-24, 4.91350810616e-24, 4.87538561405e-24, 5.74796241069e-24, 6.56238477582e-24, 5.67736014853e-24, 6.07093468706e-24, 5.91950100339e-24, 5.80642055364e-24, 6.16944014273e-24],
        "var": [2.76894269291e-07, 3.53824589183e-06, 4.37056723968e-06, 7.59069189371e-06, 1.8707912659e-06, 3.52104962076e-07, 1.33463373686e-07, 7.7171648627e-08, 2.47860665326e-08, 1.06754480811e-08, 6.95681023899e-09, 3.52021567451e-09, 1.93995397524e-08, 2.97383473402e-09, 7.65327357044e-09, 5.03757675574e-08, 2.66443702657e-08, 2.79254286362e-09, 2.19984030991e-09, 3.687507244e-10, 4.76408579253e-10, 9.40218014556e-10, 1.2264884941e-10, 3.40711792113e-10, 7.15249873218e-11, 8.02263255828e-11, 2.86179031861e-11, 1.446371755e-11, 7.37196588496e-12, 2.53330689759e-12, 8.91672152781e-13, 1.22434419374e-12, 5.75163235182e-13, 3.16530411907e-13, 3.8178661621e-13, 1.19335327752e-13, 7.40242353634e-14, 4.59101547469e-14, 3.26284341884e-14, 1.80767960957e-14]
    },
    "mfcc": {
        "mean": [-761.011047363, 206.334701538, -8.93541908264, 17.6118850708, 8.46006393433, -4.31567907333, -4.45676183701, -4.07601976395, -6.07828235626, -2.96012234688, -5.77327156067, -3.939661026, -4.16407299042],
        "cov": [[11747.1445312, -873.306884766, -1278.56506348, 1536.67236328, -299.694061279, 381.070861816, 222.304107666, 76.8325500488, -458.515228271, -26.4739818573, 107.846542358, 164.897109985, -106.229011536], [-873.306884766, 2547.05810547, 23.6641902924, -513.197509766, 57.0774612427, -323.270629883, -128.206771851, -96.7164993286, 164.51675415, -4.45515489578, -101.144035339, -81.7308273315, 34.6163253784], [-1278.56506348, 23.6641902924, 1248.23596191, 80.85597229, -103.657104492, 73.6520385742, -4.31211662292, 4.49581050873, 90.1680526733, 1.78084933758, -82.6471252441, -86.8055725098, -38.6184692383], [1536.67236328, -513.197509766, 80.85597229, 1060.29016113, -20.0317459106, -19.2540893555, 144.207290649, 73.403175354, -4.50637292862, 31.6988277435, -20.2651691437, 23.3065776825, -16.4128913879], [-299.694061279, 57.0774612427, -103.657104492, -20.0317459106, 256.248718262, -9.09250354767, -49.9949760437, 55.99949646, 28.1046772003, 16.482843399, 36.0962371826, 16.1331005096, 30.697271347], [381.070861816, -323.270629883, 73.6520385742, -19.2540893555, -9.09250354767, 328.750457764, 68.5927124023, -19.8809528351, -32.0978317261, 13.8402490616, 45.0793228149, 39.1377258301, -12.6626214981], [222.304107666, -128.206771851, -4.31211662292, 144.207290649, -49.9949760437, 68.5927124023, 161.563766479, 38.3319702148, -6.65457010269, 37.5285835266, 30.3622169495, 36.2823219299, 10.3417339325], [76.8325500488, -96.7164993286, 4.49581050873, 73.403175354, 55.99949646, -19.8809528351, 38.3319702148, 156.837875366, 67.8262786865, 27.1823787689, 37.9698944092, 38.0743637085, 44.282119751], [-458.515228271, 164.51675415, 90.1680526733, -4.50637292862, 28.1046772003, -32.0978317261, -6.65457010269, 67.8262786865, 182.743148804, 66.8741836548, -2.76082777977, 17.1804256439, 44.7352485657], [-26.4739818573, -4.45515489578, 1.78084933758, 31.6988277435, 16.482843399, 13.8402490616, 37.5285835266, 27.1823787689, 66.8741836548, 107.716201782, 56.4914360046, 29.0512981415, 25.5690040588], [107.846542358, -101.144035339, -82.6471252441, -20.2651691437, 36.0962371826, 45.0793228149, 30.3622169495, 37.9698944092, -2.76082777977, 56.4914360046, 114.224952698, 62.3965301514, 14.5487194061], [164.897109985, -81.7308273315, -86.8055725098, 23.3065776825, 16.1331005096, 39.1377258301, 36.2823219299, 38.0743637085, 17.1804256439, 29.0512981415, 62.3965301514, 90.3095092773, 45.5461616516], [-106.229011536, 34.6163253784, -38.6184692383, -16.4128913879, 30.697271347, -12.6626214981, 10.3417339325, 44.282119751, 44.7352485657, 25.5690040588, 14.5487194061, 45.5461616516, 88.2979431152]],
