{
"lowlevel": {
    "average_loudness": 0.919465005398,
    "barkbands_crest": {
        "dmean": 3.78325223923,
        "dmean2": 5.67805671692,
        "dvar": 12.0521841049,
        "dvar2": 25.8072757721,
        "max": 26.4020843506,
        "mean": 15.6424055099,
        "median": 16.316110611,
        "min": 2.33194375038,
        "var": 42.0865249634
    },
    "barkbands_flatness_db": {
        "dmean": 0.0418383814394,
        "dmean2": 0.0582316368818,
        "dvar": 0.00169740966521,
        "dvar2": 0.00294268876314,
        "max": 0.542995870113,
        "mean": 0.185819268227,
        "median": 0.160070627928,
        "min": 0.0252685565501,
        "var": 0.00842377729714
    },
    "barkbands_kurtosis": {
        "dmean": 21.639251709,
        "dmean2": 32.9136123657,
        "dvar": 1685.62841797,
        "dvar2": 3577.64526367,
        "max": 590.442932129,
        "mean": 30.3932228088,
        "median": 3.26436090469,
        "min": -1.81502699852,
        "var": 3490.76416016
    },
    "barkbands_skewness": {
        "dmean": 1.54022455215,
        "dmean2": 2.22684001923,
        "dvar": 3.13984799385,
        "dvar2": 5.96668434143,
        "max": 19.4437980652,
        "mean": 3.57329010963,
        "median": 2.09883928299,
        "min": -2.13530945778,
        "var": 12.4810419083
    },
    "barkbands_spread": {
        "dmean": 8.14659976959,
        "dmean2": 12.208404541,
        "dvar": 82.6538619995,
        "dvar2": 158.874130249,
        "max": 98.1475372314,
        "mean": 23.4736995697,
        "median": 21.8149547577,
        "min": 0.185493439436,
        "var": 351.759857178
    },
    "dissonance": {
        "dmean": 0.0107334470376,
        "dmean2": 0.018028696999,
        "dvar": 0.000150200372445,
        "dvar2": 0.000409024534747,
        "max": 0.500000119209,
        "mean": 0.481248706579,
        "median": 0.485741734505,
        "min": 0.0270569194108,
        "var": 0.000239326400333
    },
    "dynamic_complexity": 1.33364868164,
    "erbbands_crest": {
        "dmean": 2.59026265144,
        "dmean2": 4.23918056488,
        "dvar": 5.30582809448,
        "dvar2": 13.0967826843,
        "max": 27.2922515869,
        "mean": 8.46172046661,
        "median": 7.72757530212,
        "min": 2.3844370842,
        "var": 12.641749382
    },
    "erbbands_flatness_db": {
        "dmean": 0.0160686951131,
        "dmean2": 0.0244027283043,
        "dvar": 0.000255679973634,
        "dvar2": 0.000515338091645,
        "max": 0.309212982655,
        "mean": 0.141492307186,
        "median": 0.149184077978,
        "min": 0.0328398346901,
        "var": 0.00150626548566
    },
    "erbbands_kurtosis": {
        "dmean": 1.07259464264,
        "dmean2": 1.73916327953,
        "dvar": 3.0348675251,
        "dvar2": 7.34993267059,
        "max": 26.9328861237,
        "mean": 0.456426531076,
        "median": -0.0411474704742,
        "min": -1.85263800621,
        "var": 3.89803266525
    },
    "erbbands_skewness": {
        "dmean": 0.423417925835,
        "dmean2": 0.655482828617,
        "dvar": 0.204383775592,
        "dvar2": 0.452931374311,
        "max": 4.88497924805,
        "mean": -0.298674583435,
        "median": -0.385855942965,
        "min": -2.54471921921,
        "var": 0.684852480888
    },
    "erbbands_spread": {
        "dmean": 12.6540336609,
        "dmean2": 19.6771411896,
        "dvar": 160.524612427,
        "dvar2": 350.414916992,
        "max": 152.940414429,
        "mean": 48.8033485413,
        "median": 42.9995346069,
        "min": 6.16128730774,
        "var": 514.689819336
    },
    "hfc": {
        "dmean": 8.9271812439,
        "dmean2": 13.7052135468,
        "dvar": 116.618286133,
        "dvar2": 278.496704102,
        "max": 203.112625122,
        "mean": 27.763671875,
        "median": 23.1109752655,
        "min": 1.13932615025e-16,
        "var": 348.908721924
    },
    "melbands_crest": {
        "dmean": 3.50245690346,
        "dmean2": 5.47413015366,
        "dvar": 11.3148937225,
        "dvar2": 24.5842781067,
        "max": 39.1043930054,
        "mean": 20.529750824,
        "median": 20.7134685516,
        "min": 2.04567050934,
        "var": 40.2231826782
    },
    "melbands_flatness_db": {
        "dmean": 0.0498010739684,
        "dmean2": 0.0683895498514,
        "dvar": 0.00220356066711,
        "dvar2": 0.00372126419097,
        "max": 0.663836359978,
        "mean": 0.268362849951,
        "median": 0.245576485991,
        "min": 0.00594417518005,
        "var": 0.012558854185
    },
    "melbands_kurtosis": {
        "dmean": 44.5517272949,
        "dmean2": 68.3762359619,
        "dvar": 4561.80810547,
        "dvar2": 9807.5859375,
        "max": 926.730895996,
        "mean": 74.7523803711,
        "median": 20.7311401367,
        "min": -1.48956441879,
        "var": 11751.4746094
    },
    "melbands_skewness": {
        "dmean": 2.01252150536,
        "dmean2": 2.97995662689,
        "dvar": 4.50794744492,
        "dvar2": 8.66510009766,
        "max": 25.2117881775,
        "mean": 5.78973436356,
        "median": 4.3297085762,
        "min": -0.649237811565,
        "var": 17.8247013092
    },
    "melbands_spread": {
        "dmean": 9.42194271088,
        "dmean2": 14.4195547104,
        "dvar": 135.997467041,
        "dvar2": 298.636688232,
        "max": 152.799926758,
        "mean": 20.0136928558,
        "median": 14.5978088379,
        "min": 0.30617210269,
        "var": 416.930999756
    },
    "pitch_salience": {
        "dmean": 0.103183053434,
        "dmean2": 0.154938727617,
        "dvar": 0.00911214947701,
        "dvar2": 0.0175617244095,
        "max": 0.952488183975,
        "mean": 0.356510788202,
        "median": 0.365543395281,
        "min": 0.0175560321659,
        "var": 0.032296705991
    },
    "silence_rate_20dB": {
        "dmean": 0,
        "dmean2": 0,
        "dvar": 0,
        "dvar2": 0,
        "max": 1,
        "mean": 1,
        "median": 1,
        "min": 1,
        "var": 0
    },
    "silence_rate_30dB": {
        "dmean": 0.113825894892,
        "dmean2": 0.227668449283,
        "dvar": 0.100861936808,
        "dvar2": 0.224383562803,
        "max": 1,
        "mean": 0.843829989433,
        "median": 1,
        "min": 0,
        "var": 0.131789654493
    },
    "silence_rate_60dB": {
        "dmean": 0.000146305785165,
        "dmean2": 0.000292632961646,
        "dvar": 0.000146262958879,
        "dvar2": 0.000292547309073,
        "max": 1,
        "mean": 0.00680272094905,
        "median": 0,
        "min": 0,
        "var": 0.0067564281635
    },
    "spectral_centroid": {
        "dmean": 343.515319824,
        "dmean2": 515.054382324,
        "dvar": 103300.757812,
        "dvar2": 210779.53125,
        "max": 11512.0419922,
        "mean": 1589.00634766,
        "median": 1667.13806152,
        "min": 104.612709045,
        "var": 571833.1875
    },
    "spectral_complexity": {
        "dmean": 4.9180688858,
        "dmean2": 7.23827648163,
        "dvar": 20.4401874542,
        "dvar2": 39.9936752319,
        "max": 49,
        "mean": 20.7780704498,
        "median": 21,
        "min": 0,
        "var": 107.701629639
    },
    "spectral_decrease": {
        "dmean": 5.66756908071e-09,
        "dmean2": 8.72396199725e-09,
        "dvar": 3.0992101742e-17,
        "dvar2": 6.32914664891e-17,
        "max": 1.61934630223e-21,
        "mean": -1.66613833841e-08,
        "median": -1.43868961189e-08,
        "min": -4.63854483712e-08,
        "var": 1.01597360241e-16
    },
    "spectral_energy": {
        "dmean": 0.0214790087193,
        "dmean2": 0.033168990165,
        "dvar": 0.000435564026702,
        "dvar2": 0.000898319412954,
        "max": 0.176482945681,
        "mean": 0.0654020532966,
        "median": 0.0573558360338,
        "min": 1.0474086457e-20,
        "var": 0.00139773951378
    },
    "spectral_energyband_high": {
        "dmean": 0.000421991891926,
        "dmean2": 0.000634858792182,
        "dvar": 5.64482434129e-07,
        "dvar2": 1.20801951198e-06,
        "max": 0.0171348098665,
        "mean": 0.00100596260745,
        "median": 0.000531160389073,
        "min": 7.43019831987e-21,
        "var": 1.97697886506e-06
    },
    "spectral_energyband_low": {
        "dmean": 0.0223275851458,
        "dmean2": 0.0335052721202,
        "dvar": 0.000514834537171,
        "dvar2": 0.000997046241537,
        "max": 0.16846549511,
        "mean": 0.0528300590813,
        "median": 0.0424121208489,
        "min": 4.33489133284e-23,
        "var": 0.00180687080137
    },
    "spectral_energyband_middle_high": {
        "dmean": 0.00303035788238,
        "dmean2": 0.00470344116911,
        "dvar": 1.44945370266e-05,
        "dvar2": 3.51095623046e-05,
        "max": 0.0599953606725,
        "mean": 0.00672779884189,
        "median": 0.00481747975573,
        "min": 1.59073354727e-21,
        "var": 3.88561347791e-05
    },
    "spectral_energyband_middle_low": {
        "dmean": 0.0036554352846,
        "dmean2": 0.00555223179981,
        "dvar": 2.39528872044e-05,
        "dvar2": 5.43363021279e-05,
        "max": 0.0683666169643,
        "mean": 0.00695308344439,
        "median": 0.00454817619175,
        "min": 1.80885338562e-22,
        "var": 5.23087801412e-05
    },
    "spectral_entropy": {
        "dmean": 0.183527693152,
        "dmean2": 0.264952987432,
        "dvar": 0.0519789941609,
        "dvar2": 0.103130966425,
        "max": 9.80542755127,
        "mean": 7.62344884872,
        "median": 7.64935684204,
        "min": 4.97413015366,
        "var": 0.198360577226
    },
    "spectral_flux": {
        "dmean": 0.0423076488078,
        "dmean2": 0.0693739205599,
        "dvar": 0.00150774989743,
        "dvar2": 0.00389536796138,
        "max": 0.357475101948,
        "mean": 0.117291651666,
        "median": 0.107127591968,
        "min": 6.72373198785e-11,
        "var": 0.00273488718085
    },
    "spectral_kurtosis": {
        "dmean": 1.23271739483,
        "dmean2": 2.08840847015,
        "dvar": 2.67677330971,
        "dvar2": 7.27131319046,
        "max": 55.2399139404,
        "mean": 4.2175655365,
        "median": 4.01306581497,
        "min": -1.21144592762,
        "var": 3.58961105347
    },
    "spectral_rms": {
        "dmean": 0.00131286680698,
        "dmean2": 0.00201449822634,
        "dvar": 1.40266115523e-06,
        "dvar2": 2.8634458431e-06,
        "max": 0.0131216794252,
        "mean": 0.00763708492741,
        "median": 0.00748043553904,
        "min": 3.19665778223e-12,
        "var": 5.48174693904e-06
    },
    "spectral_rolloff": {
        "dmean": 682.656494141,
        "dmean2": 1110.03613281,
        "dvar": 1264447.625,
        "dvar2": 2676876.5,
        "max": 19466.015625,
        "mean": 1334.00976562,
        "median": 559.86328125,
        "min": 43.06640625,
        "var": 3238986.25
    },
    "spectral_skewness": {
        "dmean": 0.175732195377,
        "dmean2": 0.28649020195,
        "dvar": 0.038966935128,
        "dvar2": 0.0977930575609,
        "max": 5.78050088882,
        "mean": 1.44965219498,
        "median": 1.40549874306,
        "min": -0.0494672879577,
        "var": 0.0667849481106
    },
    "spectral_spread": {
        "dmean": 433636.4375,
        "dmean2": 625423.6875,
        "dvar": 398887518208,
        "dvar2": 686629781504,
        "max": 40539024,
        "mean": 4619624.5,
        "median": 3786908.25,
        "min": 1695123.125,
        "var": 3.54221398426e+12
    },
    "spectral_strongpeak": {
        "dmean": 0.399147123098,
        "dmean2": 0.658506691456,
        "dvar": 0.718560814857,
        "dvar2": 1.68431270123,
        "max": 14.345659256,
        "mean": 0.831481516361,
        "median": 0.670440852642,
        "min": 0,
        "var": 0.964512467384
    },
    "zerocrossingrate": {
        "dmean": 0.013816180639,
        "dmean2": 0.0156835131347,
        "dvar": 0.000276661536191,
        "dvar2": 0.000348982284777,
        "max": 0.509765625,
        "mean": 0.0522856302559,
        "median": 0.04345703125,
        "min": 0.00146484375,
        "var": 0.00215530372225
    },
    "barkbands": {
        "dmean": [0.000761462317314, 0.0214697886258, 0.00421993946657, 0.00229491200298, 0.00117165315896, 0.00058065057965, 0.000647459353786, 0.000209327641642, 0.000226087940973, 0.000150631356519, 0.000195418848307, 0.000565709895454, 0.000698537740391, 0.000737367256079, 0.000445638579549, 0.000204115189263, 0.000364581414033, 0.000572503835429, 0.00053366064094, 0.000119946118502, 9.49811728788e-05, 7.33587003197e-05, 0.000101864730823, 6.31011571386e-05, 5.58534084121e-05, 4.61914241896e-05, 3.58063625754e-05],
        "dmean2": [0.00107390037738, 0.0323350913823, 0.00676057580858, 0.00371700827964, 0.00190146244131, 0.000872089352924, 0.00100140424911, 0.000339085643645, 0.000353167881258, 0.00025295256637, 0.000321614235872, 0.000932890165132, 0.00114350824151, 0.00121283961926, 0.000723095494322, 0.000335080432706, 0.000596207915805, 0.000945772975683, 0.000869572046213, 0.000191375715076, 0.000149548432091, 0.000116226190585, 0.000161100761034, 9.27123182919e-05, 8.49726056913e-05, 6.98564035702e-05, 5.59052787139e-05],
        "dvar": [5.32325793756e-06, 0.000499881745782, 3.62766659237e-05, 1.74070919456e-05, 3.81895006285e-06, 1.23238555716e-06, 2.98873828797e-06, 4.01779487902e-07, 3.86911068517e-07, 8.87641249392e-08, 1.20468044429e-07, 9.5017202284e-07, 1.56879877977e-06, 1.77161587089e-06, 1.07023095097e-06, 1.09855470498e-07, 2.6188774882e-07, 1.02667752344e-06, 9.80382196758e-07, 1.48055065097e-07, 5.87660657914e-08, 2.49845779621e-08, 2.66909587765e-08, 2.62765293968e-08, 2.1490533797e-08, 1.58455577548e-08, 1.04949604562e-08],
        "dvar2": [9.9733888419e-06, 0.00100598845165, 9.20768870856e-05, 4.21762488259e-05, 9.70878318185e-06, 2.35573065765e-06, 6.0462662077e-06, 9.0922480922e-07, 8.64045148319e-07, 2.38546220999e-07, 2.95461546784e-07, 2.42725513999e-06, 3.98897418563e-06, 4.49593744634e-06, 2.38317352341e-06, 2.85704913949e-07, 6.59093927879e-07, 2.6726422675e-06, 2.45788351094e-06, 3.70551930473e-07, 1.26742605744e-07, 6.05745498206e-08, 6.78140636978e-08, 5.75049838858e-08, 4.95631091724e-08, 3.6232304268e-08, 2.48504221645e-08],
        "max": [0.0876461789012, 0.163617476821, 0.0664858222008, 0.0648287981749, 0.0334688574076, 0.0271118618548, 0.0469784885645, 0.0120306750759, 0.0213106777519, 0.00560123706236, 0.00741233071312, 0.0244212299585, 0.0233503729105, 0.0269490927458, 0.0441231802106, 0.0125823374838, 0.00685135135427, 0.0180780161172, 0.0217924267054, 0.0213705133647, 0.00762356305495, 0.0044545927085, 0.00309500959702, 0.00432775029913, 0.0033305240795, 0.00213482393883, 0.00124364893418],
        "mean": [0.00119029940106, 0.0424597710371, 0.00708433892578, 0.00307471794076, 0.00145991635509, 0.000950095360167, 0.000930234848056, 0.000209425459616, 0.000293552788207, 0.000188629725017, 0.00023768452229, 0.0007554977783, 0.000978561351076, 0.00111867568921, 0.000638250610791, 0.000304346089251, 0.000592625176068, 0.000906214874703, 0.000908366811927, 0.000209637015359, 0.000170116894878, 0.000133151188493, 0.000205629767152, 0.000126113154693, 0.000112927722512, 9.56610674621e-05, 6.75947958371e-05],
        "median": [8.30209901324e-05, 0.0302502177656, 0.00472227111459, 0.00086205615662, 0.000718214432709, 0.000301883235807, 0.000208235898754, 5.35981016583e-05, 7.69508478697e-05, 8.30072967801e-05, 9.76669398369e-05, 0.00030958399293, 0.000423948658863, 0.000499435060192, 0.000275046157185, 0.000203850795515, 0.000329270522343, 0.000377069984097, 0.000339500867995, 0.000112190835353, 5.27210759174e-05, 8.41045039124e-05, 0.000131609951495, 3.5256081901e-05, 2.38448737946e-05, 5.15744841323e-06, 1.36601693157e-06],
        "min": [2.76597648387e-24, 1.02537418415e-23, 5.04408312421e-24, 1.32201915472e-24, 1.09334188754e-23, 1.76109678771e-23, 2.95013720605e-23, 3.45062969182e-23, 2.97986432485e-23, 4.8784915961e-23, 1.91902216554e-23, 2.24150645256e-23, 6.13677428039e-23, 7.27528168909e-23, 1.01186632955e-22, 1.38986260069e-22, 2.13017864663e-22, 1.72042599089e-22, 2.72581154411e-22, 3.06516562158e-22, 3.42640181704e-22, 5.80783329308e-22, 6.99343039668e-22, 6.62169995304e-22, 1.13534224631e-21, 1.61622569471e-21, 1.96893482128e-21],
        "var": [1.96813107323e-05, 0.00155476632062, 5.6413209677e-05, 3.12132979161e-05, 5.32952890353e-06, 3.98242264055e-06, 6.08481195741e-06, 3.99102333404e-07, 6.19324339368e-07, 1.1716830528e-07, 1.50720566694e-07, 1.33170726713e-06, 2.26002634918e-06, 3.01633190247e-06, 2.25071630666e-06, 1.53397152758e-07, 4.804437026e-07, 1.76528351403e-06, 1.85464512015e-06, 2.83637149323e-07, 1.4790349212e-07, 4.76246526659e-08, 5.83947539212e-08, 6.31629646364e-08, 5.45795657558e-08, 4.6818829702e-08, 3.15688133412e-08]
    },
    "erbbands": {
        "dmean": [0.474245518446, 5.50621175766, 6.64651060104, 6.41805696487, 4.44460630417, 3.8704996109, 4.37544107437, 5.47888231277, 10.8404359818, 4.19244766235, 3.97121095657, 3.79125404358, 5.38462591171, 5.52787542343, 12.4876232147, 18.1743240356, 27.2585411072, 39.5558624268, 31.0185279846, 11.8659029007, 12.7852048874, 20.9203128815, 24.549036026, 34.1485977173, 18.8483848572, 6.58796405792, 3.61042737961, 3.61504244804, 2.51036763191, 3.65524721146, 2.54021286964, 1.56190907955, 0.932207345963, 0.644395291805, 0.439627230167, 0.195780470967, 0.0976869612932, 0.0315804891288, 0.00532822357491, 0.000417681440013],
        "dmean2": [0.691357791424, 8.29743289948, 10.0060462952, 10.1071643829, 7.21922254562, 6.36314964294, 7.06510734558, 8.01596450806, 16.6194477081, 6.40641021729, 6.46766853333, 5.96486139297, 8.55131721497, 9.16345691681, 20.3867874146, 29.9594841003, 44.6828460693, 64.9573745728, 49.4390640259, 18.8803386688, 21.0857009888, 34.1222343445, 39.7338638306, 56.3781471252, 30.5360622406, 10.5988082886, 5.62913417816, 5.6671333313, 3.95133709908, 5.82350111008, 4.06606006622, 2.37026691437, 1.3537735939, 0.971035718918, 0.701005041599, 0.28179526329, 0.160885721445, 0.0505407303572, 0.00770396692678, 0.000637607299723],
        "dvar": [0.42221686244, 33.8997192383, 73.9112091064, 115.756317139, 89.5025024414, 34.6890258789, 66.1938705444, 151.249664307, 728.407836914, 82.3874206543, 124.356292725, 112.709320068, 160.859222412, 105.348960876, 447.225097656, 994.971252441, 2668.9050293, 4737.94628906, 4098.03564453, 1480.06982422, 385.503814697, 862.076721191, 1479.53186035, 3951.08862305, 1518.26586914, 525.561401367, 72.593421936, 131.304168701, 37.5796966553, 33.0054244995, 22.5067119598, 15.1083984375, 6.21111392975, 3.13035845757, 1.29681229591, 0.34026697278, 0.078835234046, 0.00791705120355, 0.000222295784624, 1.40343195199e-06],
        "dvar2": [0.733019828796, 69.6663970947, 167.924133301, 278.529968262, 216.213348389, 89.0273208618, 155.411239624, 276.132385254, 1513.29772949, 161.24458313, 294.783721924, 263.700134277, 357.90512085, 273.629333496, 1115.734375, 2613.26220703, 6793.546875, 12294.7373047, 9025.45214844, 3629.22314453, 1028.81445312, 2146.47753906, 3786.64160156, 10169.8378906, 3794.67138672, 1318.92602539, 150.337722778, 277.565429688, 92.1990203857, 84.2957305908, 57.7429008484, 35.6454734802, 13.6762914658, 7.17471456528, 3.28142023087, 0.73873513937, 0.213623404503, 0.0204463098198, 0.000457373535028, 3.15576994581e-06],
        "max": [7.90413665771, 42.3601913452, 83.0302352905, 159.986709595, 188.659011841, 73.0553894043, 178.631271362, 321.800201416, 717.614807129, 217.759033203, 212.098175049, 534.903930664, 296.767547607, 198.654312134, 717.908935547, 744.11340332, 1173.80859375, 1370.24121094, 2776.3840332, 2010.70739746, 407.863800049, 479.920959473, 742.791625977, 913.867431641, 1357.52856445, 1285.74572754, 313.902557373, 402.96194458, 218.174926758, 111.300064087, 131.707290649, 105.736343384, 59.266834259, 40.4200363159, 21.9329032898, 12.9996776581, 3.90731072426, 2.14799523354, 0.207043513656, 0.0150723103434],
        "mean": [0.945842504501, 9.98226737976, 12.9355363846, 9.83962059021, 5.87178277969, 4.62570238113, 5.43652486801, 9.61851978302, 16.1953411102, 6.11131095886, 4.40517473221, 5.16756439209, 7.15234899521, 7.41795539856, 17.8197059631, 26.2010326385, 39.879322052, 60.949798584, 48.2021331787, 19.7401599884, 19.9858226776, 34.6440200806, 43.5270195007, 57.2486000061, 31.9918956757, 11.5610771179, 6.61868524551, 6.32860040665, 4.69578886032, 7.07390880585, 5.0919508934, 3.03291773796, 1.89377486706, 1.26344490051, 0.79624325037, 0.411985784769, 0.177252411842, 0.0559530481696, 0.0109192486852, 0.000813451246358],
        "median": [0.488135248423, 6.49309253693, 7.90563964844, 4.26123189926, 2.27528858185, 2.37303757668, 2.81437659264, 2.58474802971, 4.06176662445, 1.88321268559, 1.41864657402, 1.69968485832, 2.56638002396, 3.76290988922, 9.03475475311, 11.9862976074, 19.2336540222, 28.0374794006, 22.2044029236, 11.105969429, 14.4636821747, 20.0024700165, 21.0557193756, 21.8472824097, 14.6541204453, 6.19040060043, 2.842700243, 1.8999863863, 2.75488972664, 4.22636365891, 3.21354866028, 1.18287324905, 0.50397759676, 0.297694027424, 0.138093456626, 0.0361308455467, 0.00744704948738, 0.00191766780335, 0.000259071181063, 9.95801601675e-05],
        "min": [3.90217506236e-22, 9.26314250779e-22, 3.94496207007e-21, 6.27754111943e-21, 2.16015131197e-20, 2.65822099259e-20, 7.09099481512e-20, 1.55842972905e-19, 2.49441095853e-19, 7.25197876723e-19, 9.85077707563e-19, 5.90932452934e-19, 1.53041679231e-18, 1.31814921904e-18, 1.2974409592e-18, 1.00925971239e-18, 2.78866241857e-18, 5.69822927779e-18, 2.75130280621e-18, 7.04340734712e-18, 8.10250789674e-18, 1.21144215488e-17, 9.77731454505e-18, 1.15060417888e-17, 1.26492963852e-17, 1.44345084842e-17, 1.35111284208e-17, 1.37528851897e-17, 1.87395683279e-17, 2.06575801383e-17, 1.78504616659e-17, 1.5263087032e-17, 1.14208595565e-17, 1.25154205118e-17, 8.46272768271e-18, 5.95836020964e-18, 2.93429769837e-18, 1.0507516089e-18, 2.93658319841e-19, 2.67836203272e-20],
        "var": [1.6503033638, 97.5959320068, 190.840744019, 220.973007202, 143.200958252, 40.0100250244, 78.2129974365, 522.906311035, 1494.55200195, 162.788787842, 123.46585083, 175.787612915, 253.241485596, 140.745986938, 609.309692383, 1422.17224121, 3653.44238281, 7884.48242188, 9148.44726562, 2674.76391602, 504.611816406, 1586.15942383, 2976.76831055, 7625.87890625, 2599.05395508, 974.260681152, 178.752044678, 325.434783936, 81.5127029419, 68.599067688, 45.9760093689, 32.4547042847, 14.5902481079, 6.97870874405, 2.9887740612, 0.90908408165, 0.174273356795, 0.0189881436527, 0.000811342848465, 4.18673562308e-06]
    },
    "gfcc": {
        "mean": [17.1860275269, 78.3545455933, -104.467750549, 54.1004676819, -20.49243927, 26.2016563416, -29.3788356781, 7.17563962936, -15.8730802536, 0.40384849906, 1.88895046711, 4.09329414368, -17.2244625092],
        "cov": [[3498.70043945, -1314.77966309, -464.912231445, -279.095397949, -372.42477417, 21.2144470215, -370.238769531, -32.8815078735, -232.750671387, 265.286407471, -151.047134399, 60.1215171814, -115.732055664], [-1314.77966309, 2029.11474609, -324.163269043, 393.069610596, 107.506439209, 59.6509971619, 245.50843811, 3.30684041977, 55.033946991, -395.477478027, 150.034347534, -50.583946228, -122.365882874], [-464.912231445, -324.163269043, 939.018737793, 14.1621780396, 281.663543701, 25.0098323822, 130.412155151, 87.7404251099, 146.109024048, 126.540527344, -27.0369720459, 6.94986534119, 169.731674194], [-279.095397949, 393.069610596, 14.1621780396, 328.012207031, 203.755783081, 170.574371338, 83.4160003662, 25.6651878357, 10.306142807, -165.764373779, 88.0261535645, 6.46737146378, -99.4109725952], [-372.42477417, 107.506439209, 281.663543701, 203.755783081, 324.692962646, 156.877365112, 97.6331634521, 35.408416748, 57.1178436279, -94.8538742065, 72.8645324707, 11.3886566162, -32.2178573608], [21.2144470215, 59.6509971619, 25.0098323822, 170.574371338, 156.877365112, 192.500244141, 43.9268684387, 43.0466384888, 4.36167192459, -66.5611495972, 48.99974823, 16.8424682617, -75.0794677734], [-370.238769531, 245.50843811, 130.412155151, 83.4160003662, 97.6331634521, 43.9268684387, 150.878829956, 58.2571144104, 68.9528961182, -10.9927997589, 40.3286743164, 7.203332901, 35.6932601929], [-32.8815078735, 3.30684041977, 87.7404251099, 25.6651878357, 35.408416748, 43.0466384888, 58.2571144104, 92.6714859009, 60.6453132629, 32.8091278076, 9.14692115784, 21.1281642914, 19.1397590637], [-232.750671387, 55.033946991, 146.109024048, 10.306142807, 57.1178436279, 4.36167192459, 68.9528961182, 60.6453132629, 131.662216187, 76.2859115601, 18.3912296295, -5.53229284286, 63.0614013672], [265.286407471, -395.477478027, 126.540527344, -165.764373779, -94.8538742065, -66.5611495972, -10.9927997589, 32.8091278076, 76.2859115601, 269.571166992, -40.1915206909, 1.59081399441, 117.357879639], [-151.047134399, 150.034347534, -27.0369720459, 88.0261535645, 72.8645324707, 48.99974823, 40.3286743164, 9.14692115784, 18.3912296295, -40.1915206909, 91.3999938965, 39.0534248352, -19.6662464142], [60.1215171814, -50.583946228, 6.94986534119, 6.46737146378, 11.3886566162, 16.8424682617, 7.203332901, 21.1281642914, -5.53229284286, 1.59081399441, 39.0534248352, 72.8417663574, 21.8979129791], [-115.732055664, -122.365882874, 169.731674194, -99.4109725952, -32.2178573608, -75.0794677734, 35.6932601929, 19.1397590637, 63.0614013672, 117.357879639, -19.6662464142, 21.8979129791, 161.841217041]],
        "icov": [[0.000625680433586, 0.000171539417352, 0.000211870996282, -0.000205395088415, 0.000192233972484, -0.000429858162533, 0.000664342194796, -0.000351450929884, 0.00065901078051, -0.000853928562719, 0.00078059732914, -0.000802386610303, 0.00052851322107], [0.000171539417352, 0.00156144006178, 0.000383201026125, -0.00109926552977, 0.00134906906169, 0.000522434653249, -0.00213806098327, 0.000659688550513, -0.00148880318739, 0.00197439012118, -0.000817022519186, 0.000958969932981, 4.99506713822e-05], [0.000211870996282, 0.000383201026125, 0.00334100658074, -0.000586309179198, -0.00450453627855, 0.00213461345993, -0.000561418593861, -0.00162765022833, 0.000666156585794, -0.00137257948518, 0.00323914783075, -0.000549297954421, -0.00180926569737], [-0.000205395088415, -0.00109926552977, -0.000586309179198, 0.0110801393166, -0.00150822091382, -0.00585656007752, -0.000523979251739, 0.000206138502108, -0.000492423539981, 0.00275230454281, -0.00411499943584, 0.00188090384472, 0.000958415679634], [0.000192233972484, 0.00134906906169, -0.00450453627855, -0.00150822091382, 0.0162998456508, -0.0083157364279, -0.00299028586596, 0.00650707818568, -0.00682294927537, 0.00611576251686, -0.00566901033744, 0.00102245237213, 0.00162878609262], [-0.000429858162533, 0.000522434653249, 0.00213461345993, -0.00585656007752, -0.0083157364279, 0.0184325072914, -0.000829120515846, -0.00749813532457, 0.0040291249752, -0.00328087387607, 0.00151398626622, -0.00111540732905, 0.00336076156236], [0.000664342194796, -0.00213806098327, -0.000561418593861, -0.000523979251739, -0.00299028586596, -0.000829120515846, 0.0193129330873, -0.0106791555882, 0.00381719064899, -0.00225930660963, -0.0046246740967, 0.00449745636433, -0.00587044097483], [-0.000351450929884, 0.000659688550513, -0.00162765022833, 0.000206138502108, 0.00650707818568, -0.00749813532457, -0.0106791555882, 0.0316217727959, -0.0173819214106, 0.00169798207935, 0.0106608867645, -0.0158402770758, 0.00749388616532], [0.00065901078051, -0.00148880318739, 0.000666156585794, -0.000492423539981, -0.00682294927537, 0.0040291249752, 0.00381719064899, -0.0173819214106, 0.0276690851897, -0.00866295397282, -0.00860827043653, 0.0122522888705, -0.00713406642899], [-0.000853928562719, 0.00197439012118, -0.00137257948518, 0.00275230454281, 0.00611576251686, -0.00328087387607, -0.00225930660963, 0.00169798207935, -0.00866295397282, 0.0143840396777, -0.00466473773122, 0.0042862710543, -0.00419656094164], [0.00078059732914, -0.000817022519186, 0.00323914783075, -0.00411499943584, -0.00566901033744, 0.00151398626622, -0.0046246740967, 0.0106608867645, -0.00860827043653, -0.00466473773122, 0.035210441798, -0.0250130426139, 0.0077485521324], [-0.000802386610303, 0.000958969932981, -0.000549297954421, 0.00188090384472, 0.00102245237213, -0.00111540732905, 0.00449745636433, -0.0158402770758, 0.0122522888705, 0.0042862710543, -0.0250130426139, 0.0375097841024, -0.0135467750952], [0.00052851322107, 4.99506713822e-05, -0.00180926569737, 0.000958415679634, 0.00162878609262, 0.00336076156236, -0.00587044097483, 0.00749388616532, -0.00713406642899, -0.00419656094164, 0.0077485521324, -0.0135467750952, 0.0199699681252]]
    },
    "melbands": {
        "dmean": [0.00520635815337, 0.0048545980826, 0.000995320500806, 0.000266896473477, 0.00016250765475, 0.000117806179333, 0.000158197406563, 4.55829504062e-05, 2.99857165373e-05, 2.80437416222e-05, 2.78141451417e-05, 2.29861325352e-05, 3.31483461196e-05, 6.36874465272e-05, 5.52708734176e-05, 7.80512636993e-05, 7.40771356504e-05, 5.59798027098e-05, 2.3990705813e-05, 1.34111751322e-05, 1.56881469593e-05, 2.2042542696e-05, 2.3161936042e-05, 2.83295848931e-05, 2.96650869132e-05, 2.06747845368e-05, 6.30366048426e-06, 4.30860336564e-06, 2.68552116722e-06, 1.9649380647e-06, 2.3307027277e-06, 1.34029789933e-06, 1.68552014657e-06, 2.46031800089e-06, 1.65672361163e-06, 1.1647636029e-06, 9.70008613876e-07, 7.53039500978e-07, 5.67541007968e-07, 5.68639620724e-07],
        "dmean2": [0.00777577236295, 0.00721970805898, 0.00155660242308, 0.000436191534391, 0.000261740788119, 0.000173801337951, 0.000241909045144, 6.95624330547e-05, 4.89999729325e-05, 4.3977794121e-05, 4.42122436652e-05, 3.82856851502e-05, 5.4089447076e-05, 0.000104808263131, 9.23143234104e-05, 0.000128880390548, 0.000122005716548, 8.9584646048e-05, 3.90014829463e-05, 2.17400302063e-05, 2.60701381194e-05, 3.65421474271e-05, 3.84512313758e-05, 4.60006776848e-05, 4.94377745781e-05, 3.37210185535e-05, 1.0331019439e-05, 7.05865159034e-06, 4.1665198296e-06, 3.15147326546e-06, 3.64175957657e-06, 2.12095483221e-06, 2.72841339211e-06, 3.94718199459e-06, 2.66199185717e-06, 1.89999741451e-06, 1.48514016018e-06, 1.15344619189e-06, 8.0111300349e-07, 8.95233085885e-07],
        "dvar": [3.13588716381e-05, 3.0114522815e-05, 2.67038240054e-06, 2.37222536725e-07, 8.49103400924e-08, 6.31315373312e-08, 1.61319263725e-07, 1.06384403509e-08, 6.34156860357e-09, 5.66627056386e-09, 4.12487066725e-09, 1.99224792219e-09, 2.89902235551e-09, 1.36376483439e-08, 1.16870859657e-08, 2.14140776222e-08, 1.75048366913e-08, 1.29514550196e-08, 2.58719246027e-09, 1.23794541285e-09, 5.50487544437e-10, 1.02939190505e-09, 1.26378929544e-09, 2.85162049529e-09, 3.22931659191e-09, 1.98080463143e-09, 2.15285664296e-10, 2.1146850937e-10, 6.53260293082e-11, 3.52338332121e-11, 6.25608315152e-11, 1.04017558455e-11, 1.35146780919e-11, 1.85882576692e-11, 1.33781796405e-11, 5.25500086154e-12, 6.55114200734e-12, 4.71266385291e-12, 2.20915430046e-12, 2.5517897257e-12],
        "dvar2": [6.27251938567e-05, 5.98769802309e-05, 6.32866067463e-06, 6.0691689896e-07, 1.96277269993e-07, 1.16060796529e-07, 3.28176867015e-07, 2.19542499735e-08, 1.52490056138e-08, 1.27690285012e-08, 9.19979648017e-09, 5.21553866761e-09, 7.17093451286e-09, 3.41128263415e-08, 3.10318988284e-08, 5.51863728049e-08, 4.63863791822e-08, 2.92644539712e-08, 6.07348260573e-09, 3.05529423983e-09, 1.47831846764e-09, 2.64085420199e-09, 3.32399063829e-09, 7.19126269644e-09, 8.38401970071e-09, 4.87858287102e-09, 5.54644774553e-10, 5.37336675155e-10, 1.30662675124e-10, 7.59857246568e-11, 1.32443417344e-10, 2.43512415093e-11, 3.43485205556e-11, 4.85950238382e-11, 3.50607147481e-11, 1.38393428661e-11, 1.52103191153e-11, 1.12155900886e-11, 4.57690265895e-12, 6.27506640399e-12],
        "max": [0.0528062582016, 0.0459193401039, 0.0239356011152, 0.00843485817313, 0.00626597879454, 0.00643922341987, 0.0108805224299, 0.00171898095869, 0.0020802798681, 0.00287676323205, 0.00149201171007, 0.000890198745765, 0.00155352486763, 0.00327231781557, 0.00245850160718, 0.00290319113992, 0.00294441124424, 0.00424779905006, 0.00181633362081, 0.00176079489756, 0.0004962545936, 0.000569258467294, 0.000484034215333, 0.00137063744478, 0.000835969403852, 0.00143059063703, 0.000693130772561, 0.000751012819819, 0.000326302630128, 0.000250133569352, 0.000360232690582, 9.71614499576e-05, 0.000115668517537, 0.000102426907688, 0.000116401293781, 6.34778189124e-05, 6.00171988481e-05, 5.51020966668e-05, 3.65570158465e-05, 3.43341343978e-05],
        "mean": [0.0102655496448, 0.00979494396597, 0.00156352855265, 0.000339594349498, 0.000199129251996, 0.000204942160053, 0.000237276733969, 5.97170001129e-05, 3.38037352776e-05, 3.69032277376e-05, 3.64875668311e-05, 2.92369095405e-05, 4.59421935375e-05, 8.21148423711e-05, 7.48426900827e-05, 0.000106407627754, 0.000111504574306, 8.37137558847e-05, 3.60499834642e-05, 2.01406892302e-05, 2.30054356507e-05, 3.38195568474e-05, 3.62475657312e-05, 4.59159891761e-05, 4.70678969577e-05, 3.29036884068e-05, 1.02085650724e-05, 6.74406146572e-06, 4.46633794127e-06, 3.18618072015e-06, 3.80897085961e-06, 2.29774082072e-06, 3.0301669085e-06, 4.45161640528e-06, 3.16470163853e-06, 2.05186097446e-06, 1.75834043148e-06, 1.4131453554e-06, 1.07600601496e-06, 1.05275546503e-06],
        "median": [0.00704997777939, 0.00607934873551, 0.000735081150196, 0.000164386394317, 0.00010213607311, 5.7764686062e-05, 5.85295420024e-05, 1.7235366613e-05, 1.02586436697e-05, 1.04887221823e-05, 1.26323993754e-05, 1.3012871932e-05, 2.35288371186e-05, 3.28421629092e-05, 2.90746920655e-05, 4.25807265856e-05, 4.90563907078e-05, 3.45435910276e-05, 1.78132158908e-05, 1.10544660856e-05, 1.55904053827e-05, 1.91615872609e-05, 1.7756359739e-05, 1.90210030269e-05, 1.57587055583e-05, 1.18702319014e-05, 6.02329555477e-06, 2.69352312898e-06, 1.70533996879e-06, 1.16542935302e-06, 1.0015795624e-06, 1.23507516037e-06, 1.78467951173e-06, 2.23601591642e-06, 1.88093702036e-06, 1.08873609861e-06, 4.86891678975e-07, 3.35564152465e-07, 2.96165296731e-07, 2.27390984264e-07],
        "min": [4.58014929268e-24, 1.71601228257e-24, 1.53977602318e-24, 1.6923760377e-24, 2.15346188414e-24, 3.94949246985e-24, 4.65228786145e-24, 8.64977699535e-24, 8.59838191852e-24, 2.96763319429e-24, 8.1833053983e-24, 5.36858973504e-24, 3.20690535647e-24, 1.90981075508e-24, 3.56600588458e-24, 7.53494219802e-24, 9.38819971202e-24, 3.51943193116e-24, 9.34909666581e-24, 9.48867219235e-24, 9.9158671938e-24, 1.34977303659e-23, 6.85151570822e-24, 8.99733254411e-24, 8.8095205398e-24, 9.19730562814e-24, 9.56283695035e-24, 9.37349771133e-24, 8.66843513348e-24, 7.73279403507e-24, 7.28609444774e-24, 1.01317097927e-23, 1.08304046853e-23, 1.01070610448e-23, 9.34855866267e-24, 9.53456102007e-24, 8.16927077393e-24, 7.06465488076e-24, 8.23384534991e-24, 9.64372043669e-24],
        "var": [0.000104404287413, 9.76242954494e-05, 5.09318806508e-06, 3.18375356301e-07, 1.00757453936e-07, 2.18015415498e-07, 3.33802120167e-07, 1.6075812681e-08, 6.7885603805e-09, 9.20515308422e-09, 6.52607257123e-09, 2.65557820178e-09, 4.0058925066e-09, 1.80114980708e-08, 1.54420209952e-08, 2.97070386068e-08, 2.75340141798e-08, 2.8258249074e-08, 5.19554843592e-09, 2.20162776898e-09, 7.12019498916e-10, 1.64451618989e-09, 2.12534145838e-09, 5.11172304485e-09, 5.91978110975e-09, 3.325587139e-09, 3.74655001467e-10, 3.76263187274e-10, 1.46828132985e-10, 7.47715639404e-11, 1.58949464701e-10, 2.09954050673e-11, 2.63579765652e-11, 3.54696931548e-11, 2.560323481e-11, 9.65319751217e-12, 1.37684759427e-11, 9.5738304437e-12, 4.9699979375e-12, 5.16595273503e-12]
    },
    "mfcc": {
        "mean": [-630.388977051, 108.15032196, -4.32220649719, 37.6517829895, 32.8410453796, 23.7412414551, 12.2510356903, 18.3038806915, -11.4886245728, 6.17028427124, 11.7262182236, 2.50422048569, 5.05594539642],
        "cov": [[3388.03930664, -961.389953613, -532.468811035, -430.96862793, -246.055435181, -123.886154175, -166.851425171, -270.203063965, -240.945800781, -82.4558029175, -41.356716156, -76.7325286865, -76.7352523804], [-961.389953613, 1165.74462891, 3.01885151863, 266.367889404, -11.339258194, 47.7967262268, 72.884803772, 276.011505127, -14.316160202, -47.7935295105, 55.4377212524, 50.8088645935, 49.166519165], [-532.468811035, 3.01885151863, 423.87878418, 103.156051636, 112.894371033, 31.6969337463, 51.9323120117, -34.6839675903, 191.68536377, 74.0450515747, -23.1595401764, 50.5981178284, 20.4482936859], [-430.96862793, 266.367889404, 103.156051636, 191.946609497, 108.912910461, 78.0050582886, 77.6871795654, 151.408920288, 4.60587692261, 2.94253587723, 41.6512985229, 5.83045101166, 43.4966163635], [-246.055435181, -11.339258194, 112.894371033, 108.912910461, 289.534301758, 137.202987671, 98.2046966553, 194.258758545, -48.1221504211, 24.9654216766, 69.9785919189, -27.6666717529, 42.4757957458], [-123.886154175, 47.7967262268, 31.6969337463, 78.0050582886, 137.202987671, 131.134460449, 85.3398895264, 118.095108032, -33.5680809021, 16.5499477386, 59.5581703186, -8.99559688568, 23.0795135498], [-166.851425171, 72.884803772, 51.9323120117, 77.6871795654, 98.2046966553, 85.3398895264, 116.382064819, 132.261947632, -18.5790538788, -4.1710395813, 38.3043060303, -1.13310754299, 27.2857723236], [-270.203063965, 276.011505127, -34.6839675903, 151.408920288, 194.258758545, 118.095108032, 132.261947632, 387.245391846, -130.763076782, -47.301235199, 101.745826721, -38.7361373901, 72.0067977905], [-240.945800781, -14.316160202, 191.68536377, 4.60587692261, -48.1221504211, -33.5680809021, -18.5790538788, -130.763076782, 241.394546509, 93.4597930908, -42.8624000549, 76.0745162964, -1.59355425835], [-82.4558029175, -47.7935295105, 74.0450515747, 2.94253587723, 24.9654216766, 16.5499477386, -4.1710395813, -47.301235199, 93.4597930908, 110.794692993, 32.4315757751, 18.9938869476, -6.6186504364], [-41.356716156, 55.4377212524, -23.1595401764, 41.6512985229, 69.9785919189, 59.5581703186, 38.3043060303, 101.745826721, -42.8624000549, 32.4315757751, 112.963279724, 6.74814987183, 11.4643726349], [-76.7325286865, 50.8088645935, 50.5981178284, 5.83045101166, -27.6666717529, -8.99559688568, -1.13310754299, -38.7361373901, 76.0745162964, 18.9938869476, 6.74814987183, 88.0406036377, 22.9123363495], [-76.7352523804, 49.166519165, 20.4482936859, 43.4966163635, 42.4757957458, 23.0795135498, 27.2857723236, 72.0067977905, -1.59355425835, -6.6186504364, 11.4643726349, 22.9123363495, 79.8532485962]],
