{
"lowlevel": {
    "average_loudness": 0.917510151863,
    "barkbands_crest": {
        "dmean": 2.24007725716,
        "dmean2": 3.85074281693,
        "dvar": 4.56464147568,
        "dvar2": 13.5214576721,
        "max": 23.9694690704,
        "mean": 10.7760744095,
        "median": 10.1450843811,
        "min": 2.7166326046,
        "var": 11.7400541306
    },
    "barkbands_flatness_db": {
        "dmean": 0.0264391321689,
        "dmean2": 0.041466075927,
        "dvar": 0.000823903246783,
        "dvar2": 0.00197503529489,
        "max": 0.762192308903,
        "mean": 0.210682809353,
        "median": 0.179038316011,
        "min": 0.0260221045464,
        "var": 0.0155326351523
    },
    "barkbands_kurtosis": {
        "dmean": 5.17051410675,
        "dmean2": 8.41087245941,
        "dvar": 52.2670516968,
        "dvar2": 136.42527771,
        "max": 141.385223389,
        "mean": 12.180809021,
        "median": 9.91649627686,
        "min": -1.83870875835,
        "var": 134.749710083
    },
    "barkbands_skewness": {
        "dmean": 0.604891419411,
        "dmean2": 0.981497883797,
        "dvar": 0.41446352005,
        "dvar2": 1.12306320667,
        "max": 9.31498241425,
        "mean": 2.60550093651,
        "median": 2.63304424286,
        "min": -2.36540102959,
        "var": 1.57651865482
    },
    "barkbands_spread": {
        "dmean": 5.73503875732,
        "dmean2": 9.21045303345,
        "dvar": 59.4852638245,
        "dvar2": 152.827178955,
        "max": 92.970993042,
        "mean": 17.8371238708,
        "median": 11.9653148651,
        "min": 0.225106135011,
        "var": 276.053466797
    },
    "dissonance": {
        "dmean": 0.0247063934803,
        "dmean2": 0.0399859212339,
        "dvar": 0.000790653342847,
        "dvar2": 0.00201472523622,
        "max": 0.500000059605,
        "mean": 0.423950046301,
        "median": 0.445044338703,
        "min": 0.0389403998852,
        "var": 0.00486222002655
    },
    "dynamic_complexity": 1.94704735279,
    "erbbands_crest": {
        "dmean": 2.27382612228,
        "dmean2": 3.73650503159,
        "dvar": 4.7774605751,
        "dvar2": 12.7610168457,
        "max": 30.4193534851,
        "mean": 10.2542905807,
        "median": 9.72430419922,
        "min": 2.34921479225,
        "var": 19.3580684662
    },
    "erbbands_flatness_db": {
        "dmean": 0.0198162384331,
        "dmean2": 0.0291064083576,
        "dvar": 0.000600050552748,
        "dvar2": 0.00111737637781,
        "max": 0.634362220764,
        "mean": 0.170570641756,
        "median": 0.137259423733,
        "min": 0.0455562621355,
        "var": 0.013169371523
    },
    "erbbands_kurtosis": {
        "dmean": 2.38202810287,
        "dmean2": 3.62078738213,
        "dvar": 19.8998241425,
        "dvar2": 42.761100769,
        "max": 83.402130127,
        "mean": 3.18195605278,
        "median": 0.520415067673,
        "min": -1.84952569008,
        "var": 60.5500144958
    },
    "erbbands_skewness": {
        "dmean": 0.50382745266,
        "dmean2": 0.753309309483,
        "dvar": 0.298240542412,
        "dvar2": 0.604333221912,
        "max": 6.68751001358,
        "mean": 1.21554911137,
        "median": 1.06956088543,
        "min": -2.1711473465,
        "var": 1.64272034168
    },
    "erbbands_spread": {
        "dmean": 13.6067476273,
        "dmean2": 19.5637760162,
        "dvar": 332.474700928,
        "dvar2": 580.785644531,
        "max": 156.42616272,
        "mean": 57.6589698792,
        "median": 54.7356987,
        "min": 0.889986991882,
        "var": 1383.7331543
    },
    "hfc": {
        "dmean": 7.19792556763,
        "dmean2": 10.4409713745,
        "dvar": 114.385917664,
        "dvar2": 220.031951904,
        "max": 108.362373352,
        "mean": 21.0235614777,
        "median": 13.5766220093,
        "min": 1.18845909045e-16,
        "var": 309.381256104
    },
    "melbands_crest": {
        "dmean": 2.70520305634,
        "dmean2": 4.60180473328,
        "dvar": 6.14183950424,
        "dvar2": 16.6831607819,
        "max": 29.6680393219,
        "mean": 14.2318239212,
        "median": 13.6200914383,
        "min": 2.002597332,
        "var": 17.3518123627
    },
    "melbands_flatness_db": {
        "dmean": 0.0299697536975,
        "dmean2": 0.0468910746276,
        "dvar": 0.0010334342951,
        "dvar2": 0.00252673588693,
        "max": 0.897128641605,
        "mean": 0.29852861166,
        "median": 0.26430439949,
        "min": 0.00501519674435,
        "var": 0.0194293092936
    },
    "melbands_kurtosis": {
        "dmean": 13.5699234009,
        "dmean2": 22.3017883301,
        "dvar": 381.320373535,
        "dvar2": 1030.93127441,
        "max": 231.623321533,
        "mean": 34.3902015686,
        "median": 30.4613132477,
        "min": -1.56322467327,
        "var": 695.576171875
    },
    "melbands_skewness": {
        "dmean": 0.962153971195,
        "dmean2": 1.47522008419,
        "dvar": 1.28680706024,
        "dvar2": 2.92089223862,
        "max": 13.5026330948,
        "mean": 4.04060029984,
        "median": 4.1391582489,
        "min": -1.71156394482,
        "var": 4.46557044983
    },
    "melbands_spread": {
        "dmean": 3.56731820107,
        "dmean2": 5.88420343399,
        "dvar": 39.5470046997,
        "dvar2": 96.2831192017,
        "max": 155.618637085,
        "mean": 10.932311058,
        "median": 7.48409843445,
        "min": 0.495136648417,
        "var": 137.507476807
    },
    "pitch_salience": {
        "dmean": 0.070160344243,
        "dmean2": 0.118849307299,
        "dvar": 0.00464586820453,
        "dvar2": 0.0133077325299,
        "max": 0.891519784927,
        "mean": 0.5720718503,
        "median": 0.580340147018,
        "min": 0.173612505198,
        "var": 0.0102584399283
    },
    "silence_rate_20dB": {
        "dmean": 0,
        "dmean2": 0,
        "dvar": 0,
        "dvar2": 0,
        "max": 1,
        "mean": 1,
        "median": 1,
        "min": 1,
        "var": 0
    },
    "silence_rate_30dB": {
        "dmean": 0.041065402329,
        "dmean2": 0.0821367055178,
        "dvar": 0.0393798388541,
        "dvar2": 0.098938845098,
        "max": 1,
        "mean": 0.966116309166,
        "median": 1,
        "min": 0,
        "var": 0.0327403955162
    },
    "silence_rate_60dB": {
        "dmean": 0.00229736510664,
        "dmean2": 0.00452326238155,
        "dvar": 0.00229241675697,
        "dvar2": 0.00493319798261,
        "max": 1,
        "mean": 0.00646087573841,
        "median": 0,
        "min": 0,
        "var": 0.00641931267455
    },
    "spectral_centroid": {
        "dmean": 197.860626221,
        "dmean2": 313.77545166,
        "dvar": 72798.9765625,
        "dvar2": 173804.265625,
        "max": 11262.9355469,
        "mean": 843.840637207,
        "median": 634.180419922,
        "min": 176.358383179,
        "var": 360149.1875
    },
    "spectral_complexity": {
        "dmean": 2.40850019455,
        "dmean2": 3.73363018036,
        "dvar": 8.75648212433,
        "dvar2": 19.133846283,
        "max": 51,
        "mean": 11.4391956329,
        "median": 10,
        "min": 0,
        "var": 28.0800628662
    },
    "spectral_decrease": {
        "dmean": 3.91163768043e-09,
        "dmean2": 6.6735186266e-09,
        "dvar": 4.04285947136e-17,
        "dvar2": 1.07215339351e-16,
        "max": 7.44585160062e-29,
        "mean": -9.91931337069e-09,
        "median": -7.82484477213e-09,
        "min": -6.79618636923e-08,
        "var": 5.7895582065e-17
    },
    "spectral_energy": {
        "dmean": 0.0152563108131,
        "dmean2": 0.025844283402,
        "dvar": 0.000606357469223,
        "dvar2": 0.00159276882187,
        "max": 0.262089371681,
        "mean": 0.039344701916,
        "median": 0.0311154983938,
        "min": 1.0632594134e-20,
        "var": 0.0008879933157
    },
    "spectral_energyband_high": {
        "dmean": 0.000696685747243,
        "dmean2": 0.00100612326059,
        "dvar": 1.23965685361e-06,
        "dvar2": 2.39083396991e-06,
        "max": 0.0124290492386,
        "mean": 0.00154460640624,
        "median": 0.000594627053943,
        "min": 7.75875785191e-21,
        "var": 3.47623608832e-06
    },
    "spectral_energyband_low": {
        "dmean": 0.0101352566853,
        "dmean2": 0.0173619929701,
        "dvar": 0.000417596893385,
        "dvar2": 0.00114502827637,
        "max": 0.220601066947,
        "mean": 0.0168721713126,
        "median": 0.0103771220893,
        "min": 7.1388415691e-23,
        "var": 0.000474275584565
    },
    "spectral_energyband_middle_high": {
        "dmean": 0.000353972456651,
        "dmean2": 0.000493783561978,
        "dvar": 5.0493275694e-07,
        "dvar2": 8.69851930929e-07,
        "max": 0.021472575143,
        "mean": 0.000958871270996,
        "median": 0.000641433638521,
        "min": 1.34004460827e-21,
        "var": 1.92662423615e-06
    },
    "spectral_energyband_middle_low": {
        "dmean": 0.00772988190874,
        "dmean2": 0.0131848761812,
        "dvar": 0.000149570158101,
        "dvar2": 0.00040101914783,
        "max": 0.170171946287,
        "mean": 0.0212788954377,
        "median": 0.0177056640387,
        "min": 2.97180790931e-22,
        "var": 0.000250973331276
    },
    "spectral_entropy": {
        "dmean": 0.254907369614,
        "dmean2": 0.367412775755,
        "dvar": 0.110245510936,
        "dvar2": 0.21543866396,
        "max": 9.79268836975,
        "mean": 7.07822418213,
        "median": 7.3538980484,
        "min": 3.49264669418,
        "var": 1.08171534538
    },
    "spectral_flux": {
        "dmean": 0.032564047724,
        "dmean2": 0.051030755043,
        "dvar": 0.00209584762342,
        "dvar2": 0.00434048566967,
        "max": 0.442282915115,
        "mean": 0.0848753601313,
        "median": 0.0643439814448,
        "min": 1.05062777922e-10,
        "var": 0.00400195410475
    },
    "spectral_kurtosis": {
        "dmean": 21.1320610046,
        "dmean2": 37.1669197083,
        "dvar": 10129.0009766,
        "dvar2": 31701.5664062,
        "max": 1793.92993164,
        "mean": 39.848613739,
        "median": 1.64965891838,
        "min": -1.32316231728,
        "var": 21708.0371094
    },
    "spectral_rms": {
        "dmean": 0.00104375218507,
        "dmean2": 0.00172422546893,
        "dvar": 1.96145856535e-06,
        "dvar2": 4.86186763737e-06,
        "max": 0.0159905273467,
        "mean": 0.00583509029821,
        "median": 0.00550968106836,
        "min": 3.22075504287e-12,
        "var": 4.33668492406e-06
    },
    "spectral_rolloff": {
        "dmean": 318.416717529,
        "dmean2": 571.838500977,
        "dvar": 829234.25,
        "dvar2": 2169043.25,
        "max": 19121.484375,
        "mean": 768.353759766,
        "median": 387.59765625,
        "min": 86.1328125,
        "var": 1641059.125
    },
    "spectral_skewness": {
        "dmean": 0.566004216671,
        "dmean2": 0.91109597683,
        "dvar": 2.18929386139,
        "dvar2": 6.67240810394,
        "max": 33.7866210938,
        "mean": 2.7497086525,
        "median": 1.28532207012,
        "min": -0.0252002067864,
        "var": 22.2659130096
    },
    "spectral_spread": {
        "dmean": 692768.625,
        "dmean2": 982430,
        "dvar": 1.11188692173e+12,
        "dvar2": 1.72201279488e+12,
        "max": 49804700,
        "mean": 6315338.5,
        "median": 6971924,
        "min": 58930.09375,
        "var": 6.33959245414e+12
    },
    "spectral_strongpeak": {
        "dmean": 0.330735087395,
        "dmean2": 0.587960541248,
        "dvar": 0.17906409502,
        "dvar2": 0.486209899187,
        "max": 5.73223352432,
        "mean": 0.758282244205,
        "median": 0.557599544525,
        "min": 2.92524249268e-09,
        "var": 0.329245626926
    },
    "zerocrossingrate": {
        "dmean": 0.0103838201612,
        "dmean2": 0.0121447695419,
        "dvar": 0.000145362282638,
        "dvar2": 0.000176048240974,
        "max": 0.50634765625,
        "mean": 0.0543394982815,
        "median": 0.04541015625,
        "min": 0.00390625,
        "var": 0.00143778079655
    },
    "barkbands": {
        "dmean": [8.77572310856e-05, 0.00658626109362, 0.00387646793388, 0.00264682131819, 0.00395170273259, 0.00255204015411, 0.00120023963973, 0.00038182278513, 0.000195772925508, 6.77340867696e-05, 7.78683388489e-05, 7.82215793151e-05, 6.57969358144e-05, 6.00130697421e-05, 4.65575176349e-05, 2.98606610158e-05, 3.41605664289e-05, 2.95988193102e-05, 7.94755324023e-05, 6.48957575322e-05, 0.000166528538102, 0.000212127139093, 0.000166894838912, 9.49911554926e-05, 7.7296528616e-05, 6.1371945776e-05, 1.91404451471e-05],
        "dmean2": [0.000115342088975, 0.0114827351645, 0.0064228544943, 0.00476502394304, 0.0066177896224, 0.00446527916938, 0.00196525547653, 0.000585801783018, 0.000274874182651, 0.000100204342743, 0.000114500231575, 0.000112753441499, 9.3290625955e-05, 8.7031890871e-05, 7.01699245838e-05, 4.62459865957e-05, 5.22929403814e-05, 4.78578003822e-05, 0.000118570656923, 9.76789742708e-05, 0.000238525652094, 0.000327391346218, 0.000245763571002, 0.000138695235364, 0.0001041352225, 9.06774876057e-05, 2.77027247648e-05],
        "dvar": [4.25428758888e-08, 0.000229040946579, 5.29938261025e-05, 3.27672823914e-05, 4.7721703595e-05, 1.18346797535e-05, 1.38648101711e-05, 2.18664149543e-06, 8.2294133108e-07, 4.66980729641e-08, 1.07727515797e-07, 1.28979010583e-07, 5.82278474326e-08, 3.8113800116e-08, 1.10721032343e-08, 4.81917927786e-09, 5.74654368535e-09, 6.8788050811e-09, 2.24438885255e-08, 1.09519380231e-08, 5.14453688538e-08, 8.76579591136e-08, 7.30922664616e-08, 3.46153505859e-08, 1.96458227464e-08, 1.4555657124e-08, 1.21790966201e-09],
        "dvar2": [7.48423190089e-08, 0.000668956607115, 0.000131964654429, 9.31887698243e-05, 0.000129240666865, 3.55496013071e-05, 3.18695892929e-05, 4.92361459692e-06, 1.44964224091e-06, 1.00578184004e-07, 2.02987280318e-07, 2.68458563824e-07, 1.09121579328e-07, 7.66689751686e-08, 2.37351365229e-08, 1.11035607375e-08, 1.28412098732e-08, 1.77448065131e-08, 4.9123158874e-08, 2.60663046703e-08, 1.15699464232e-07, 2.10277107726e-07, 1.43750440884e-07, 7.89148657532e-08, 3.81517963888e-08, 3.38446639603e-08, 2.3578876629e-09],
        "max": [0.00268054753542, 0.173611789942, 0.124356009066, 0.0764832794666, 0.154013946652, 0.0656029209495, 0.12069465965, 0.0652496963739, 0.0415436439216, 0.00735681736842, 0.0190819296986, 0.0131924785674, 0.00730752851814, 0.00751890428364, 0.00283627258614, 0.0015599449398, 0.00355691253208, 0.00283845094964, 0.00626311125234, 0.00232273293659, 0.00244227354415, 0.00584621820599, 0.00222829938866, 0.00172613235191, 0.00111110252328, 0.00104986224324, 0.000251949444646],
        "mean": [0.000118598087283, 0.00957556720823, 0.00589745724574, 0.00269449083135, 0.00800230540335, 0.00699474103749, 0.00246722553857, 0.000664785562549, 0.000393200054532, 0.000125660793856, 0.000129441119498, 0.000125842838315, 0.000106972373032, 0.000100629738881, 7.26715006749e-05, 4.86300777993e-05, 5.45288712601e-05, 4.2375351768e-05, 0.000128408166347, 0.00011637568241, 0.00030732122832, 0.000411839020671, 0.000287384988042, 0.000189475453226, 0.000161820207722, 0.000100649980595, 2.62855301116e-05],
        "median": [3.79660150429e-06, 0.00506893731654, 0.00262659229338, 0.00130454427563, 0.00610532937571, 0.00655972398818, 0.000955568393692, 0.00024289842986, 0.000142784323543, 4.99428715557e-05, 3.68455657735e-05, 2.64569262072e-05, 2.45971168624e-05, 2.72351553576e-05, 1.64277698786e-05, 1.74584602064e-05, 2.2452644771e-05, 1.73438693309e-05, 5.2615396271e-05, 5.07177828695e-05, 0.000125653576106, 0.000156891939696, 0.00010064291564, 6.58940116409e-05, 4.18130803155e-05, 1.771722782e-05, 4.13780253439e-06],
        "min": [3.56130782345e-24, 1.05101894778e-23, 5.96530542299e-24, 7.68953684733e-24, 4.07212081868e-23, 6.79810414514e-23, 1.77903059376e-23, 3.69073370782e-23, 2.54237184869e-23, 3.12677168242e-23, 8.91216680524e-23, 8.72464257739e-23, 6.52935690521e-23, 8.5649140213e-23, 1.11468191609e-22, 1.0193908004e-22, 1.52330075784e-22, 1.34654050548e-22, 2.65047015273e-22, 2.94837987638e-22, 4.11059943415e-22, 4.63940988072e-22, 5.76309617073e-22, 9.40104498657e-22, 1.20696627267e-21, 1.55695878947e-21, 2.22037026251e-21],
        "var": [9.65440634104e-08, 0.000209350153455, 8.75739788171e-05, 2.29726792895e-05, 6.65257612127e-05, 2.62376415776e-05, 2.74650992651e-05, 3.81801055482e-06, 2.09604263546e-06, 9.62425374951e-08, 2.17023213622e-07, 2.45599039772e-07, 1.22945607473e-07, 8.16630745248e-08, 2.55866439147e-08, 9.08868713623e-09, 9.49620471147e-09, 8.75181171978e-09, 4.31794404676e-08, 2.22301821395e-08, 1.34629303261e-07, 2.48013634518e-07, 1.39329500826e-07, 6.52914096122e-08, 5.09864577225e-08, 2.55580570041e-08, 1.97563410076e-09]
    },
    "erbbands": {
        "dmean": [0.112396031618, 1.73914277554, 4.60155963898, 6.18294286728, 12.2592115402, 13.1866779327, 18.9407157898, 23.0209999084, 22.7136936188, 11.7266664505, 7.16691446304, 3.89092373848, 2.66236281395, 2.36370992661, 2.76365089417, 2.9525384903, 2.90684175491, 3.31657958031, 1.90943479538, 2.26323652267, 1.89617168903, 1.81366240978, 1.4774235487, 2.64535450935, 4.52007436752, 2.97123503685, 5.39813899994, 6.76584339142, 7.59968852997, 6.88904285431, 4.29452943802, 2.52093052864, 1.4347782135, 0.85277813673, 0.638068437576, 0.344198256731, 0.0922389030457, 0.0257627181709, 0.00268664560281, 0.000137948911288],
        "dmean2": [0.194262266159, 3.03608679771, 7.69968605042, 10.8846244812, 21.562461853, 21.892572403, 31.1812782288, 40.7245063782, 38.5584831238, 18.0452213287, 10.5416116714, 5.43184661865, 3.70117402077, 3.44731831551, 3.96403241158, 4.15054893494, 4.00060176849, 4.68392086029, 2.82068157196, 3.4637966156, 2.84235620499, 2.78700780869, 2.40697836876, 4.0136013031, 6.8901219368, 4.50816917419, 7.79877090454, 10.5378751755, 11.7652263641, 10.4704313278, 6.5549621582, 3.76622581482, 2.18757367134, 1.26924264431, 0.860090851784, 0.502457499504, 0.131254032254, 0.0378989838064, 0.00378607446328, 0.000195784101379],
        "dvar": [0.0832868441939, 15.6695051193, 82.4382476807, 140.481185913, 840.70715332, 582.385375977, 888.264709473, 1067.68981934, 3622.62475586, 1751.20422363, 653.40838623, 305.376708984, 46.5632820129, 86.9181060791, 124.046554565, 178.769134521, 114.610824585, 114.64276123, 30.2339744568, 26.725446701, 21.5980682373, 15.1246709824, 19.305141449, 41.8063240051, 61.6624412537, 23.4439239502, 66.1258773804, 97.7316741943, 126.823928833, 107.683609009, 53.2414550781, 29.8973617554, 6.86022186279, 2.28285741806, 1.15600657463, 0.441239118576, 0.0320508480072, 0.00220574904233, 2.53926027654e-05, 6.28508232126e-08],
        "dvar2": [0.228307947516, 46.3337402344, 212.995727539, 391.180725098, 2365.68945312, 1570.9161377, 2420.06054688, 3259.43139648, 8738.86035156, 3724.73339844, 1244.08496094, 540.60357666, 92.1051177979, 159.137954712, 225.483444214, 352.15512085, 206.933868408, 225.626144409, 59.3606185913, 60.7837677002, 49.7958602905, 34.3256416321, 50.5566940308, 93.5601119995, 146.845092773, 56.0825614929, 140.627624512, 238.643493652, 316.640441895, 212.008041382, 120.067497253, 73.7879257202, 15.3919248581, 4.77690505981, 2.05508518219, 1.01350462437, 0.0684048682451, 0.00462540145963, 5.01662216266e-05, 1.17388218257e-07],
        "max": [2.89762806892, 45.5772857666, 139.873840332, 148.321380615, 356.738494873, 844.996643066, 896.410766602, 803.28894043, 1982.79150391, 1252.47436523, 1037.71350098, 739.612548828, 315.464752197, 593.273071289, 490.746643066, 536.35168457, 397.010284424, 409.481536865, 229.125320435, 127.950263977, 116.653030396, 154.581954956, 157.57383728, 260.458435059, 262.733520508, 120.986328125, 123.699958801, 126.513809204, 161.743652344, 181.376373291, 58.0514640808, 53.8660736084, 24.5177135468, 11.2525653839, 9.7708530426, 6.01077699661, 1.60529887676, 0.32242962718, 0.0420230068266, 0.0021641200874],
        "mean": [0.143251463771, 2.56970500946, 7.66917514801, 7.49823188782, 14.8625926971, 28.0878334045, 44.2498931885, 60.4348106384, 47.4536933899, 25.6756343842, 14.0455417633, 8.41825866699, 6.22732591629, 4.46970891953, 4.98843050003, 4.96213960648, 4.93200397491, 5.6937251091, 3.22873210907, 3.72528100014, 3.30225229263, 2.96525335312, 2.19840955734, 4.18696498871, 7.62416315079, 5.28946304321, 10.6703472137, 11.6947202682, 14.4154367447, 13.2747383118, 7.523665905, 4.49741363525, 2.84529519081, 1.77635383606, 1.20238661766, 0.582909584045, 0.14762173593, 0.0358475036919, 0.00391780398786, 0.00023296418658],
        "median": [0.0488584414124, 1.40250372887, 3.85924196243, 3.90455293655, 7.80146026611, 22.3093509674, 36.1336097717, 54.427520752, 27.4479675293, 8.7020149231, 5.51762008667, 3.30255222321, 2.90568351746, 1.59192013741, 1.78294956684, 1.28716635704, 1.19605720043, 1.56899118423, 1.04012966156, 1.25390005112, 1.3000869751, 1.42060422897, 1.03498375416, 1.89744830132, 3.6104888916, 2.18601846695, 3.95756530762, 5.0176486969, 5.11422204971, 5.45411348343, 2.61394739151, 1.60980725288, 1.11494243145, 0.483670949936, 0.308434635401, 0.0995661765337, 0.0274506378919, 0.00614617299289, 0.000650480447803, 7.86752571003e-05],
        "min": [2.777277082e-22, 3.69848890472e-21, 1.27130317306e-20, 1.79557517284e-20, 6.9361420808e-20, 1.08227335532e-19, 1.63071251913e-19, 3.89596821085e-19, 3.28642321186e-19, 7.50435777597e-19, 8.77561805519e-19, 6.47164707963e-19, 7.83353791965e-19, 1.9174857236e-18, 3.83583171503e-18, 3.11380478349e-18, 3.17272341096e-18, 4.92783626865e-18, 6.51166008061e-18, 6.05223073351e-18, 5.33362460739e-18, 8.40463644266e-18, 8.45578763737e-18, 8.65519027738e-18, 1.4401811689e-17, 1.4289930548e-17, 2.21655039252e-17, 1.10045097757e-17, 1.61881760506e-17, 1.61382110328e-17, 1.70012300726e-17, 1.87250513081e-17, 1.8126687051e-17, 1.22033252666e-17, 8.69411491546e-18, 5.49616807929e-18, 2.68145381413e-18, 1.04034216128e-18, 2.71970445511e-19, 3.69224635681e-20],
        "var": [0.0888550952077, 13.9044122696, 127.060417175, 118.368919373, 626.070251465, 958.06427002, 1709.52648926, 2262.74145508, 6099.33398438, 4316.58154297, 1639.02783203, 842.669799805, 137.232925415, 205.467727661, 268.601135254, 374.120697021, 257.868743896, 251.084716797, 75.6825637817, 56.3989219666, 40.676864624, 25.0509853363, 21.2994728088, 75.3274307251, 113.482566833, 46.5294876099, 186.734512329, 193.697433472, 331.088165283, 243.723739624, 93.7526626587, 40.39818573, 14.6421194077, 5.93377637863, 3.10956120491, 0.831189930439, 0.059400357306, 0.00348831061274, 4.32069937233e-05, 1.09761558065e-07]
    },
    "gfcc": {
        "mean": [-16.1014976501, 91.0412597656, -45.8014030457, 38.4164543152, -76.7558364868, -0.180962562561, -38.4034767151, -6.70748901367, -21.3911685944, 6.72285556793, -12.4410171509, 4.76944160461, -8.43422222137],
        "cov": [[11857.0771484, -5687.96435547, -1031.82946777, 3311.84204102, 143.854812622, 1234.48083496, 34.7849159241, 794.927429199, -98.5574188232, 648.935913086, -456.729705811, 280.857177734, -472.498168945], [-5687.96435547, 3857.70288086, 409.986297607, -1789.02026367, 54.1642379761, -552.792297363, 52.9997558594, -475.836791992, 110.375389099, -359.858612061, 361.059661865, -210.652053833, 197.781768799], [-1031.82946777, 409.986297607, 744.118591309, -223.917144775, -87.7102432251, -173.922821045, 55.8765487671, -31.9514770508, -20.4233531952, -43.1110076904, 19.2062530518, 5.34065485001, 29.947517395], [3311.84204102, -1789.02026367, -223.917144775, 1414.56616211, 40.7470932007, 382.636260986, 20.5196914673, 288.781494141, -19.306142807, 177.92237854, -156.701538086, 90.8271026611, -120.299697876], [143.854812622, 54.1642379761, -87.7102432251, 40.7470932007, 277.753417969, 108.4793396, 21.8030166626, 30.1655063629, 42.7721138, -0.287059664726, -18.7715473175, -24.032201767, -21.4786968231], [1234.48083496, -552.792297363, -173.922821045, 382.636260986, 108.4793396, 276.447296143, 45.3116874695, 77.6946182251, 5.56935119629, 80.315788269, -50.0556564331, 11.5714626312, -51.2557601929], [34.7849159241, 52.9997558594, 55.8765487671, 20.5196914673, 21.8030166626, 45.3116874695, 97.4548187256, 43.9650535583, 3.32519078255, -2.73427343369, 5.10051870346, -0.244215324521, -9.29189014435], [794.927429199, -475.836791992, -31.9514770508, 288.781494141, 30.1655063629, 77.6946182251, 43.9650535583, 183.698959351, 28.5430526733, 47.4265975952, -51.0861701965, 39.7407493591, -33.2886276245], [-98.5574188232, 110.375389099, -20.4233531952, -19.306142807, 42.7721138, 5.56935119629, 3.32519078255, 28.5430526733, 74.7529602051, 19.1512184143, 9.21556854248, -10.9975194931, 10.2724046707], [648.935913086, -359.858612061, -43.1110076904, 177.92237854, -0.287059664726, 80.315788269, -2.73427343369, 47.4265975952, 19.1512184143, 112.94657135, -1.11157047749, 19.8470592499, -31.0042972565], [-456.729705811, 361.059661865, 19.2062530518, -156.701538086, -18.7715473175, -50.0556564331, 5.10051870346, -51.0861701965, 9.21556854248, -1.11157047749, 108.152542114, 3.26473546028, 3.21794652939], [280.857177734, -210.652053833, 5.34065485001, 90.8271026611, -24.032201767, 11.5714626312, -0.244215324521, 39.7407493591, -10.9975194931, 19.8470592499, 3.26473546028, 74.4108886719, 17.9212341309], [-472.498168945, 197.781768799, 29.947517395, -120.299697876, -21.4786968231, -51.2557601929, -9.29189014435, -33.2886276245, 10.2724046707, -31.0042972565, 3.21794652939, 17.9212341309, 98.1903457642]],
        "icov": [[0.000522146583535, 0.000330791634042, 0.000220397036173, -0.00041197592509, 7.71086488385e-05, -0.000641359016299, -4.37823728134e-05, -4.41236334154e-05, 7.26948564989e-05, -0.000420952128479, 0.000140590243973, -0.000494933046866, 0.000882514170371], [0.000330791634042, 0.00220620282926, -0.000150376086822, 0.000476209941553, -0.00062322121812, 0.000450357212685, -0.00188050244469, 0.00178947451059, -0.00286508374847, 0.00304440967739, -0.00399009138346, 0.00230753445067, -0.000724681129213], [0.000220397036173, -0.000150376086822, 0.00206093583256, -0.000405181170208, 6.91362147336e-05, 0.0016253296053, -0.00222359434702, 0.000638187106233, 0.000538153050002, -0.00143277423922, 0.00160526228137, -0.00128642213531, 0.000781436741818], [-0.00041197592509, 0.000476209941553, -0.000405181170208, 0.00253220507875, 0.000267910712864, -0.00143407098949, 0.00089419336291, -0.00146915856749, -0.00021849705081, 0.00114159239456, -0.000918808917049, 0.00077367486665, -0.000546929135453], [7.71086488385e-05, -0.00062322121812, 6.91362147336e-05, 0.000267910712864, 0.00572049850598, -0.00380940572359, 0.00143160193693, -0.00117941864301, -0.00233919220045, 0.00138105056249, 0.00156655476894, -0.00049335352378, 0.00165147171356], [-0.000641359016299, 0.000450357212685, 0.0016253296053, -0.00143407098949, -0.00380940572359, 0.0131177566946, -0.00830458384007, 0.00489605544135, -0.000883339555003, -0.00362684391439, 0.00158003496472, 0.000309627095703, -0.00051895348588], [-4.37823728134e-05, -0.00188050244469, -0.00222359434702, 0.00089419336291, 0.00143160193693, -0.00830458384007, 0.0205972604454, -0.0106001254171, 0.00567173492163, 0.00126159563661, -0.00230171228759, 0.00219650007784, -0.000835981452838], [-4.41236334154e-05, 0.00178947451059, 0.000638187106233, -0.00146915856749, -0.00117941864301, 0.00489605544135, -0.0106001254171, 0.018283713609, -0.0117724090815, 0.00172906566877, 0.00390178174712, -0.0074647590518, 0.0046939374879], [7.26948564989e-05, -0.00286508374847, 0.000538153050002, -0.00021849705081, -0.00233919220045, -0.000883339555003, 0.00567173492163, -0.0117724090815, 0.0278848782182, -0.0107616316527, 0.000332407827955, 0.00599070684984, -0.00615772651508], [-0.000420952128479, 0.00304440967739, -0.00143277423922, 0.00114159239456, 0.00138105056249, -0.00362684391439, 0.00126159563661, 0.00172906566877, -0.0107616316527, 0.0222032554448, -0.00964816845953, 0.00169271219056, 0.000936108001042], [0.000140590243973, -0.00399009138346, 0.00160526228137, -0.000918808917049, 0.00156655476894, 0.00158003496472, -0.00230171228759, 0.00390178174712, 0.000332407827955, -0.00964816845953, 0.024530030787, -0.0129973916337, 0.00785784702748], [-0.000494933046866, 0.00230753445067, -0.00128642213531, 0.00077367486665, -0.00049335352378, 0.000309627095703, 0.00219650007784, -0.0074647590518, 0.00599070684984, 0.00169271219056, -0.0129973916337, 0.0288840588182, -0.0128966271877], [0.000882514170371, -0.000724681129213, 0.000781436741818, -0.000546929135453, 0.00165147171356, -0.00051895348588, -0.000835981452838, 0.0046939374879, -0.00615772651508, 0.000936108001042, 0.00785784702748, -0.0128966271877, 0.0196209903806]]
    },
    "melbands": {
        "dmean": [0.0014448488364, 0.00236306432635, 0.00126002577599, 0.000869845447596, 0.000641510996502, 0.000508458935656, 0.000326431327267, 0.000115573289804, 5.51961093151e-05, 2.33470873354e-05, 1.33086114147e-05, 9.29805719352e-06, 9.99611347652e-06, 9.67025789578e-06, 6.90951765137e-06, 6.45276531941e-06, 6.43167095404e-06, 3.10890845867e-06, 3.58103784492e-06, 2.25796748055e-06, 2.33314153775e-06, 2.15984391616e-06, 1.35153675274e-06, 1.56249961947e-06, 2.32498132391e-06, 3.41042755281e-06, 2.51420556197e-06, 2.01608168027e-06, 3.39529083249e-06, 5.12157157573e-06, 3.97154190068e-06, 3.83805718229e-06, 5.08168432134e-06, 4.05476293963e-06, 2.94233450404e-06, 1.70789871845e-06, 1.66462484685e-06, 1.07319067411e-06, 7.9273229403e-07, 7.82975689617e-07],
        "dmean2": [0.00252321432345, 0.00400676717982, 0.00221851188689, 0.00148227682803, 0.00105294759851, 0.000897416088264, 0.00055286573479, 0.00017696453142, 8.05585004855e-05, 3.27203379129e-05, 1.8682638256e-05, 1.380001504e-05, 1.45338080983e-05, 1.40150177685e-05, 9.71888039203e-06, 9.12078576221e-06, 9.22842355067e-06, 4.67123436465e-06, 5.37416826774e-06, 3.55349743586e-06, 3.51087919626e-06, 3.30087277689e-06, 2.20951687879e-06, 2.5070448828e-06, 3.65347182196e-06, 5.27359225089e-06, 3.87709769711e-06, 3.16512137033e-06, 5.15673991686e-06, 7.74284944782e-06, 6.64098206471e-06, 6.00390558247e-06, 7.82394818089e-06, 6.07589981882e-06, 4.61603394797e-06, 2.42281771534e-06, 2.45902288043e-06, 1.64907351063e-06, 1.23582185552e-06, 1.16985313525e-06],
        "dvar": [1.1863173313e-05, 2.37623444264e-05, 6.51861591905e-06, 3.03029196402e-06, 1.00732313513e-06, 5.17201385719e-07, 7.10241522484e-07, 1.76290825493e-07, 4.65679796946e-08, 1.03407380436e-08, 1.19259113696e-09, 1.31742483589e-09, 1.64678393144e-09, 1.97911798061e-09, 1.04997721628e-09, 5.52400791776e-10, 4.85773865577e-10, 1.06870776118e-10, 6.61978388772e-11, 2.48982726797e-11, 3.30255232883e-11, 1.84954204729e-11, 2.28697703136e-11, 1.89123300354e-11, 3.41264343173e-11, 4.32548476204e-11, 1.97270515895e-11, 1.17425288243e-11, 2.99141232618e-11, 5.03519899386e-11, 3.88321319544e-11, 3.09452012626e-11, 5.82645875991e-11, 3.68321310951e-11, 2.44813423006e-11, 6.86120821616e-12, 1.37050952184e-11, 3.84280844992e-12, 2.00327189732e-12, 1.59772564103e-12],
        "dvar2": [3.42608618666e-05, 6.53295210213e-05, 1.82186813618e-05, 8.35632181406e-06, 2.70693089988e-06, 1.57261581535e-06, 1.6879521354e-06, 3.76997689955e-07, 8.43066487732e-08, 1.84344131071e-08, 2.45235853846e-09, 2.47956344346e-09, 2.97991142872e-09, 4.18760892629e-09, 2.0898183184e-09, 1.09959696903e-09, 9.86068782183e-10, 2.14455647685e-10, 1.4112164215e-10, 5.85906115291e-11, 7.65105825917e-11, 4.2021490454e-11, 5.48422765534e-11, 4.87527414272e-11, 7.71357214213e-11, 9.62181306852e-11, 5.2496101216e-11, 2.83209827118e-11, 6.94175758542e-11, 1.20233920042e-10, 9.91844523179e-11, 7.34843713657e-11, 1.46857678796e-10, 7.22932130826e-11, 5.79405239065e-11, 1.45253271217e-11, 3.43540959569e-11, 8.50940151675e-12, 4.96536882791e-12, 3.18474196667e-12],
        "max": [0.0362952463329, 0.057523354888, 0.034096185118, 0.0404799319804, 0.0250394251198, 0.0155145879835, 0.0288248881698, 0.0138932345435, 0.00892677437514, 0.00400602491572, 0.00160918710753, 0.00218545179814, 0.00211756606586, 0.00190687319264, 0.00101289059967, 0.000804405193776, 0.000905971857719, 0.000454550987342, 0.00016882091586, 0.000130030370201, 0.000143052428029, 0.00014640756126, 0.000293404504191, 0.000166398385772, 0.000236138395849, 0.000301645079162, 0.00012724896078, 0.000100404737168, 8.381412772e-05, 8.72037126101e-05, 8.12097787275e-05, 9.9350399978e-05, 0.000113910340588, 8.04347146186e-05, 3.49180008925e-05, 2.84604593617e-05, 3.66284839401e-05, 1.99073056137e-05, 1.22824094433e-05, 1.12841662485e-05],
        "mean": [0.00197324180044, 0.0039848992601, 0.00154421455227, 0.00146490032785, 0.00155382743105, 0.00135581719223, 0.000695416820236, 0.000242765177973, 0.000103681421024, 5.02747461724e-05, 2.98717022815e-05, 1.67565394804e-05, 1.74570122908e-05, 1.5543482732e-05, 1.08614449346e-05, 1.06240140667e-05, 1.05686813185e-05, 4.87688157591e-06, 5.64179617868e-06, 3.6336523408e-06, 3.82444886782e-06, 3.41805389326e-06, 1.75890147602e-06, 2.27557666221e-06, 3.29569388668e-06, 5.42174348084e-06, 4.6359918997e-06, 3.05421417579e-06, 6.32511546428e-06, 7.84258099884e-06, 6.19788534095e-06, 6.92280991643e-06, 9.91074648482e-06, 6.59019133309e-06, 4.72073588753e-06, 2.95902555081e-06, 2.71575322586e-06, 2.1835521693e-06, 1.44368459587e-06, 1.50126231802e-06],
        "median": [0.000935544492677, 0.0023057051003, 0.000853989098687, 0.0010437638266, 0.00127091968898, 0.00125933811069, 0.000403881072998, 8.37427578517e-05, 3.83938204322e-05, 1.97320987354e-05, 1.37201514008e-05, 5.5386672102e-06, 5.75776266487e-06, 3.44255568052e-06, 1.72824934452e-06, 2.74379726761e-06, 2.70907662525e-06, 1.35478444463e-06, 1.35789377964e-06, 1.45254216477e-06, 1.21170705825e-06, 1.37015354085e-06, 6.14010502886e-07, 8.81008190845e-07, 1.26289296531e-06, 2.26042811846e-06, 2.70635882771e-06, 9.55330733632e-07, 2.0753464014e-06, 3.07725713355e-06, 2.5264866963e-06, 2.47167554335e-06, 3.86292413168e-06, 2.62811408902e-06, 1.52880579662e-06, 1.21359062177e-06, 8.89437956175e-07, 8.64041396653e-07, 5.13263330504e-07, 3.74952037419e-07],
        "min": [2.32842985241e-24, 1.00535975747e-23, 4.2521125293e-24, 4.4786970471e-24, 5.79922495889e-24, 9.91170595252e-24, 4.61392240018e-24, 7.10029246101e-24, 7.86954859502e-24, 3.81633945436e-24, 3.95837425478e-24, 6.81735014242e-24, 1.27052667329e-23, 8.96131394404e-24, 9.24877012474e-24, 7.43272870167e-24, 9.66151871643e-24, 1.09457787481e-23, 1.00377793358e-23, 6.21721987003e-24, 6.17701005197e-24, 7.25468358422e-24, 1.06522215172e-23, 6.16960383136e-24, 6.65200095238e-24, 1.19045137495e-23, 7.9217175444e-24, 9.24423654112e-24, 1.14188326006e-23, 7.09395633022e-24, 5.80415376183e-24, 9.52281488119e-24, 8.86551073141e-24, 8.34618860914e-24, 9.18560839864e-24, 7.32862825003e-24, 1.25395294233e-23, 1.27924114082e-23, 1.17383622879e-23, 9.97796790198e-24],
        "var": [1.09154552774e-05, 2.94051969831e-05, 5.10586505698e-06, 3.28450641973e-06, 1.97813619707e-06, 1.1094035699e-06, 1.29487784761e-06, 4.05947844229e-07, 1.20854167562e-07, 2.78684559873e-08, 3.21443005546e-09, 3.02809533004e-09, 3.45693207393e-09, 3.49207995853e-09, 1.97194705009e-09, 1.08802755694e-09, 9.76153047283e-10, 2.42949049767e-10, 1.53027895911e-10, 4.72557271092e-11, 6.04247415992e-11, 3.28468745259e-11, 2.56474320948e-11, 2.48949715009e-11, 5.89019388819e-11, 7.58419646529e-11, 3.34377213418e-11, 1.95530622943e-11, 8.10727388001e-11, 9.56596329926e-11, 6.16525927533e-11, 7.50248058123e-11, 1.60026811247e-10, 6.87172818647e-11, 4.05070595122e-11, 1.36568230683e-11, 1.73386669605e-11, 8.7610491778e-12, 3.61787965038e-12, 4.60024683277e-12]
    },
    "mfcc": {
        "mean": [-675.030212402, 117.474487305, 71.7349090576, 39.1323776245, -8.11899471283, 7.7428560257, -10.7685136795, -7.1831612587, -8.24783611298, -3.94281077385, -2.79666137695, -2.9365670681, 2.82777500153],
        "cov": [[8826.00585938, -3613.10693359, -855.80847168, 902.987060547, 781.949035645, 1000.60327148, 353.847717285, 407.763763428, 443.144470215, 496.14440918, 341.66986084, 100.076980591, 194.466796875], [-3613.10693359, 2542.73266602, 252.169311523, -517.571533203, -290.760131836, -308.368377686, -70.6245040894, -120.030815125, -255.258178711, -153.442504883, -34.8222541809, -1.74051332474, -69.1988296509], [-855.80847168, 252.169311523, 674.15032959, 93.581817627, -163.257781982, -129.52243042, -5.00095891953, -34.7200469971, -22.8086662292, -79.8378219604, -45.1493644714, 31.6822528839, 15.820810318], [902.987060547, -517.571533203, 93.581817627, 401.166015625, 159.515151978, 109.359680176, 54.1253128052, 102.554534912, 103.120613098, 66.130355835, 38.0982017517, 31.3347759247, 37.9091949463], [781.949035645, -290.760131836, -163.257781982, 159.515151978, 277.497436523, 185.249008179, 56.4191131592, 82.7607727051, 88.4477157593, 92.2861175537, 55.9842338562, 7.60068798065, 26.2604656219], [1000.60327148, -308.368377686, -129.52243042, 109.359680176, 185.249008179, 290.366333008, 98.9594650269, 59.7220535278, 63.3867416382, 98.5924530029, 56.9366493225, 8.71992301941, 23.7684230804], [353.847717285, -70.6245040894, -5.00095891953, 54.1253128052, 56.4191131592, 98.9594650269, 112.245414734, 69.2961425781, 28.7976207733, 32.6883010864, 39.2805137634, 22.8059997559, 7.86824607849], [407.763763428, -120.030815125, -34.7200469971, 102.554534912, 82.7607727051, 59.7220535278, 69.2961425781, 135.249526978, 77.3529663086, 39.1181945801, 35.5527534485, 19.6407432556, 16.3000411987], [443.144470215, -255.258178711, -22.8086662292, 103.120613098, 88.4477157593, 63.3867416382, 28.7976207733, 77.3529663086, 158.245422363, 64.7248458862, -23.2227611542, 14.5607757568, 54.2331924438], [496.14440918, -153.442504883, -79.8378219604, 66.130355835, 92.2861175537, 98.5924530029, 32.6883010864, 39.1181945801, 64.7248458862, 135.966430664, 60.2014350891, -31.5305671692, -2.12077856064], [341.66986084, -34.8222541809, -45.1493644714, 38.0982017517, 55.9842338562, 56.9366493225, 39.2805137634, 35.5527534485, -23.2227611542, 60.2014350891, 173.683105469, 39.8187599182, -68.082321167], [100.076980591, -1.74051332474, 31.6822528839, 31.3347759247, 7.60068798065, 8.71992301941, 22.8059997559, 19.6407432556, 14.5607757568, -31.5305671692, 39.8187599182, 120.10042572, 43.6975402832], [194.466796875, -69.1988296509, 15.820810318, 37.9091949463, 26.2604656219, 23.7684230804, 7.86824607849, 16.3000411987, 54.2331924438, -2.12077856064, -68.082321167, 43.6975402832, 143.223770142]],
