{
"lowlevel": {
    "average_loudness": 0.92535752058,
    "barkbands_crest": {
        "dmean": 2.0612308979,
        "dmean2": 3.36932826042,
        "dvar": 4.50533342361,
        "dvar2": 11.6016492844,
        "max": 24.9752349854,
        "mean": 8.20563220978,
        "median": 7.53408193588,
        "min": 2.60950708389,
        "var": 10.7770376205
    },
    "barkbands_flatness_db": {
        "dmean": 0.0159567836672,
        "dmean2": 0.0233600102365,
        "dvar": 0.000271001539659,
        "dvar2": 0.000558035622817,
        "max": 0.373350471258,
        "mean": 0.11325725168,
        "median": 0.108626648784,
        "min": 0.0227256827056,
        "var": 0.00147755327635
    },
    "barkbands_kurtosis": {
        "dmean": 1.10162520409,
        "dmean2": 1.7279843092,
        "dvar": 4.62956619263,
        "dvar2": 10.0396537781,
        "max": 80.1577835083,
        "mean": 0.4938364923,
        "median": -0.55760717392,
        "min": -1.78685176373,
        "var": 12.1001186371
    },
    "barkbands_skewness": {
        "dmean": 0.385462760925,
        "dmean2": 0.582277774811,
        "dvar": 0.161118134856,
        "dvar2": 0.349504143,
        "max": 6.79110383987,
        "mean": 0.890377044678,
        "median": 0.781799614429,
        "min": -2.54353761673,
        "var": 0.684946119785
    },
    "barkbands_spread": {
        "dmean": 5.01216936111,
        "dmean2": 7.85588788986,
        "dvar": 26.1598815918,
        "dvar2": 63.9874954224,
        "max": 67.1914978027,
        "mean": 30.527141571,
        "median": 31.3003311157,
        "min": 1.12566423416,
        "var": 92.0042800903
    },
    "dissonance": {
        "dmean": 0.0102818803862,
        "dmean2": 0.0170782785863,
        "dvar": 9.33360934141e-05,
        "dvar2": 0.000244840513915,
        "max": 0.500000059605,
        "mean": 0.476936101913,
        "median": 0.480501949787,
        "min": 0.366472870111,
        "var": 0.0002521413262
    },
    "dynamic_complexity": 2.08781528473,
    "erbbands_crest": {
        "dmean": 2.31828927994,
        "dmean2": 3.61695671082,
        "dvar": 5.07188224792,
        "dvar2": 11.4596767426,
        "max": 28.5388431549,
        "mean": 8.80404663086,
        "median": 7.72938108444,
        "min": 2.84395623207,
        "var": 16.2382469177
    },
    "erbbands_flatness_db": {
        "dmean": 0.0138211390004,
        "dmean2": 0.0191767737269,
        "dvar": 0.000202464187169,
        "dvar2": 0.000347391323885,
        "max": 0.359958440065,
        "mean": 0.154379919171,
        "median": 0.148975759745,
        "min": 0.0743747577071,
        "var": 0.00150579062756
    },
    "erbbands_kurtosis": {
        "dmean": 0.595597863197,
        "dmean2": 0.901421368122,
        "dvar": 0.527752637863,
        "dvar2": 1.12548685074,
        "max": 17.6435489655,
        "mean": -0.0038573120255,
        "median": -0.296285867691,
        "min": -1.7963629961,
        "var": 1.5149834156
    },
    "erbbands_skewness": {
        "dmean": 0.245928183198,
        "dmean2": 0.366574496031,
        "dvar": 0.0508479438722,
        "dvar2": 0.11418467015,
        "max": 3.11007595062,
        "mean": -0.358038932085,
        "median": -0.429231315851,
        "min": -3.46182084084,
        "var": 0.285610646009
    },
    "erbbands_spread": {
        "dmean": 7.14644670486,
        "dmean2": 10.8281974792,
        "dvar": 68.9205932617,
        "dvar2": 146.026000977,
        "max": 100.249153137,
        "mean": 36.6158485413,
        "median": 34.5238761902,
        "min": 4.4195318222,
        "var": 178.192367554
    },
    "hfc": {
        "dmean": 6.16159343719,
        "dmean2": 9.96172428131,
        "dvar": 103.986602783,
        "dvar2": 267.011108398,
        "max": 154.578125,
        "mean": 22.124912262,
        "median": 20.1466255188,
        "min": 1.18260146057e-16,
        "var": 188.293304443
    },
    "melbands_crest": {
        "dmean": 2.54766392708,
        "dmean2": 4.10883665085,
        "dvar": 5.78703212738,
        "dvar2": 14.4235115051,
        "max": 27.1249351501,
        "mean": 12.1493062973,
        "median": 11.4802799225,
        "min": 2.469830513,
        "var": 15.9943218231
    },
    "melbands_flatness_db": {
        "dmean": 0.0201602838933,
        "dmean2": 0.0310300569981,
        "dvar": 0.000417996896431,
        "dvar2": 0.000949031091295,
        "max": 0.494109541178,
        "mean": 0.170174464583,
        "median": 0.16564437747,
        "min": 0.0077864411287,
        "var": 0.00172381487209
    },
    "melbands_kurtosis": {
        "dmean": 3.53771495819,
        "dmean2": 5.50749731064,
        "dvar": 38.134601593,
        "dvar2": 87.6052703857,
        "max": 156.150878906,
        "mean": 6.12983083725,
        "median": 3.38810300827,
        "min": -1.5756289959,
        "var": 83.2738265991
    },
    "melbands_skewness": {
        "dmean": 0.539058029652,
        "dmean2": 0.813041985035,
        "dvar": 0.386022180319,
        "dvar2": 0.853865683079,
        "max": 10.0439929962,
        "mean": 2.0955953598,
        "median": 1.92770767212,
        "min": -1.69875323772,
        "var": 1.27363491058
    },
    "melbands_spread": {
        "dmean": 7.87615633011,
        "dmean2": 12.2203636169,
        "dvar": 58.7601470947,
        "dvar2": 134.893112183,
        "max": 149.799758911,
        "mean": 34.3653678894,
        "median": 34.0904312134,
        "min": 0.909035682678,
        "var": 205.998596191
    },
    "pitch_salience": {
        "dmean": 0.0592966452241,
        "dmean2": 0.0949854254723,
        "dvar": 0.00279199331999,
        "dvar2": 0.00683555472642,
        "max": 0.896910250187,
        "mean": 0.545231640339,
        "median": 0.553043723106,
        "min": 0.164666488767,
        "var": 0.00799509137869
    },
    "silence_rate_20dB": {
        "dmean": 0,
        "dmean2": 0,
        "dvar": 0,
        "dvar2": 0,
        "max": 1,
        "mean": 1,
        "median": 1,
        "min": 1,
        "var": 0
    },
    "silence_rate_30dB": {
        "dmean": 0.0061919502914,
        "dmean2": 0.0123849660158,
        "dvar": 0.00615344382823,
        "dvar2": 0.0160151962191,
        "max": 1,
        "mean": 0.995700418949,
        "median": 1,
        "min": 0,
        "var": 0.00428136950359
    },
    "silence_rate_60dB": {
        "dmean": 0.00515995873138,
        "dmean2": 0.0103208050132,
        "dvar": 0.00513341231272,
        "dvar2": 0.0117626432329,
        "max": 1,
        "mean": 0.0290652681142,
        "median": 0,
        "min": 0,
        "var": 0.0282222181559
    },
    "spectral_centroid": {
        "dmean": 260.025421143,
        "dmean2": 400.262969971,
        "dvar": 72418.140625,
        "dvar2": 158626.34375,
        "max": 11172.5097656,
        "mean": 1865.98413086,
        "median": 1907.96130371,
        "min": 216.905700684,
        "var": 240845.484375
    },
    "spectral_complexity": {
        "dmean": 4.45734453201,
        "dmean2": 6.87658023834,
        "dvar": 26.6342163086,
        "dvar2": 54.9420204163,
        "max": 57,
        "mean": 25.1223659515,
        "median": 26,
        "min": 0,
        "var": 129.078186035
    },
    "spectral_decrease": {
        "dmean": 2.09766737314e-09,
        "dmean2": 3.36600836093e-09,
        "dvar": 2.22318305755e-17,
        "dvar2": 5.78816854307e-17,
        "max": -6.71517364087e-29,
        "mean": -5.96900395777e-09,
        "median": -5.18275244943e-09,
        "min": -7.20143447097e-08,
        "var": 2.46187264075e-17
    },
    "spectral_energy": {
        "dmean": 0.00832980219275,
        "dmean2": 0.0133533878252,
        "dvar": 0.000346016051481,
        "dvar2": 0.000900282990187,
        "max": 0.285223960876,
        "mean": 0.0245351810008,
        "median": 0.0214618444443,
        "min": 1.09799978744e-20,
        "var": 0.000389726075809
    },
    "spectral_energyband_high": {
        "dmean": 0.000503190502059,
        "dmean2": 0.000847950344905,
        "dvar": 8.45918634695e-07,
        "dvar2": 2.27180726142e-06,
        "max": 0.0113772768527,
        "mean": 0.000932199705858,
        "median": 0.000618629448581,
        "min": 7.91401739106e-21,
        "var": 9.61578507486e-07
    },
    "spectral_energyband_low": {
        "dmean": 0.00305605190806,
        "dmean2": 0.00507619231939,
        "dvar": 2.65094040515e-05,
        "dvar2": 7.14856068953e-05,
        "max": 0.101130917668,
        "mean": 0.00767038902268,
        "median": 0.00669658370316,
        "min": 1.31995816489e-22,
        "var": 5.00013265992e-05
    },
    "spectral_energyband_middle_high": {
        "dmean": 0.00147347291932,
        "dmean2": 0.00225102575496,
        "dvar": 2.54574820246e-06,
        "dvar2": 5.8033588175e-06,
        "max": 0.0308698303998,
        "mean": 0.00619186135009,
        "median": 0.00600794050843,
        "min": 1.47609057548e-21,
        "var": 1.21904067782e-05
    },
    "spectral_energyband_middle_low": {
        "dmean": 0.00614258321002,
        "dmean2": 0.00979944784194,
        "dvar": 0.000279014464468,
        "dvar2": 0.000735018693376,
        "max": 0.250102937222,
        "mean": 0.0110302977264,
        "median": 0.00772607745603,
        "min": 4.2469923487e-22,
        "var": 0.000244591676164
    },
    "spectral_entropy": {
        "dmean": 0.141691178083,
        "dmean2": 0.2077229321,
        "dvar": 0.0308759659529,
        "dvar2": 0.0613632723689,
        "max": 9.79983139038,
        "mean": 7.61831474304,
        "median": 7.69742298126,
        "min": 5.87811183929,
        "var": 0.119544669986
    },
    "spectral_flux": {
        "dmean": 0.0221022274345,
        "dmean2": 0.0347319915891,
        "dvar": 0.00139082979877,
        "dvar2": 0.00320864468813,
        "max": 0.470673710108,
        "mean": 0.0715786665678,
        "median": 0.0624125264585,
        "min": 1.04785485844e-10,
        "var": 0.0021441206336
    },
    "spectral_kurtosis": {
        "dmean": 1.35851371288,
        "dmean2": 2.32993578911,
        "dvar": 1.72739338875,
        "dvar2": 5.06155014038,
        "max": 28.3637065887,
        "mean": 4.37612104416,
        "median": 4.25241804123,
        "min": -1.19221448898,
        "var": 2.69743800163
    },
    "spectral_rms": {
        "dmean": 0.00068038480822,
        "dmean2": 0.00105519371573,
        "dvar": 1.28058047721e-06,
        "dvar2": 3.08968560603e-06,
        "max": 0.0166813451797,
        "mean": 0.00461158808321,
        "median": 0.00457584811375,
        "min": 3.2729487523e-12,
        "var": 2.67014138444e-06
    },
    "spectral_rolloff": {
        "dmean": 453.057098389,
        "dmean2": 769.689575195,
        "dvar": 350855.90625,
        "dvar2": 764934.8125,
        "max": 18820.0195312,
        "mean": 1992.12084961,
        "median": 2110.25390625,
        "min": 129.19921875,
        "var": 750106.375
    },
    "spectral_skewness": {
        "dmean": 0.191994786263,
        "dmean2": 0.322143048048,
        "dvar": 0.0340555980802,
        "dvar2": 0.0931360498071,
        "max": 3.90190410614,
        "mean": 1.29494202137,
        "median": 1.28172266483,
        "min": 0.00809305161238,
        "var": 0.069164276123
    },
    "spectral_spread": {
        "dmean": 341806.59375,
        "dmean2": 480385.59375,
        "dvar": 254888198144,
        "dvar2": 336308371456,
        "max": 40852956,
        "mean": 3876368.25,
        "median": 3731265.5,
        "min": 1599749.875,
        "var": 780463833088
    },
    "spectral_strongpeak": {
        "dmean": 0.567644655704,
        "dmean2": 1.01293206215,
        "dvar": 1.21565413475,
        "dvar2": 3.1877322197,
        "max": 9.27644920349,
        "mean": 0.911603391171,
        "median": 0.393794387579,
        "min": 0,
        "var": 1.59338283539
    },
    "zerocrossingrate": {
        "dmean": 0.00747538963333,
        "dmean2": 0.00927121285349,
        "dvar": 7.34654968255e-05,
        "dvar2": 8.81068626768e-05,
        "max": 0.49169921875,
        "mean": 0.0686242356896,
        "median": 0.06787109375,
        "min": 0.00390625,
        "var": 0.000397697847802
    },
    "barkbands": {
        "dmean": [2.73034002021e-05, 0.00144414638635, 0.00159924966283, 0.00169018318411, 0.00423904694617, 0.000634765427094, 0.000500984839164, 0.000189730373677, 0.000490882666782, 8.69159848662e-05, 0.000205602729693, 0.000193557352759, 0.00027003113064, 0.000173935884959, 0.000583703571465, 0.000463269156171, 0.000459392525954, 0.000142967706779, 0.00032741681207, 0.000215886422666, 0.000173517328221, 0.000143836077768, 6.42716258881e-05, 2.43927916017e-05, 2.26663287322e-05, 1.45823869389e-05, 4.82407585878e-06],
        "dmean2": [3.84124286938e-05, 0.00245629111305, 0.00271675572731, 0.00274514243938, 0.00710555817932, 0.00103128317278, 0.000793457496911, 0.000303751672618, 0.00071096571628, 0.000129514475702, 0.000301536958432, 0.000301365624182, 0.000407910090871, 0.000279178202618, 0.000904878368601, 0.000734434288461, 0.000719885341823, 0.000235905841691, 0.000524200964719, 0.000348154484527, 0.000304937042529, 0.0002530409256, 0.000106423176476, 3.85055318475e-05, 3.04043405777e-05, 1.85332555702e-05, 6.07460060564e-06],
        "dvar": [1.84720350127e-09, 6.83005555402e-06, 8.55504549691e-06, 1.25064971144e-05, 0.000184859862202, 6.34792229448e-07, 7.06977175469e-07, 9.23337424297e-08, 6.08793641277e-07, 2.07878869674e-08, 1.58627543101e-07, 6.59286385485e-08, 2.31376418469e-07, 6.73088749181e-08, 8.10230289972e-07, 3.23561408777e-07, 4.8104010375e-07, 3.37668026873e-08, 1.82725486297e-07, 7.78233157916e-08, 1.00237805611e-07, 8.53845705251e-08, 1.88442914606e-08, 2.26510099566e-09, 2.74098210795e-09, 1.18917664604e-09, 1.831923363e-10],
        "dvar2": [3.98049548878e-09, 1.89750353456e-05, 2.36260239035e-05, 2.92423046631e-05, 0.00050472660223, 1.69068425748e-06, 1.89352613233e-06, 2.45002155452e-07, 1.29766920054e-06, 4.34418829798e-08, 2.82564684539e-07, 1.51741843979e-07, 5.33988554707e-07, 1.71215646105e-07, 1.77688355052e-06, 7.9159985944e-07, 1.18101718272e-06, 8.80890240751e-08, 4.71859777917e-07, 1.99554250457e-07, 2.79650777202e-07, 2.33888940215e-07, 4.76378829717e-08, 5.38667910277e-09, 4.57912374685e-09, 1.83468185089e-09, 2.84811813023e-10],
        "max": [0.000397594820242, 0.051163315773, 0.0692267641425, 0.0673134848475, 0.209292992949, 0.0164163261652, 0.0141434874386, 0.00625967839733, 0.0165183078498, 0.00468783732504, 0.00875573419034, 0.00453629903495, 0.0174876209348, 0.00809094589204, 0.0119177550077, 0.00855028070509, 0.00936630740762, 0.00279542058706, 0.00594444666058, 0.00373817468062, 0.00369061296806, 0.0046375086531, 0.00153132888954, 0.000633886433206, 0.000693294976372, 0.000436251168139, 0.000161455158377],
        "mean": [3.69682020391e-05, 0.00354904751293, 0.00284230988473, 0.00226987805218, 0.00454068044201, 0.00120690476615, 0.00102906324901, 0.000432360713603, 0.00146684900392, 0.000196532913833, 0.000442589516751, 0.000413792877225, 0.000620179285761, 0.000374837341951, 0.00113679992501, 0.000978898373432, 0.000871506927069, 0.000292977609206, 0.000721285876352, 0.000462031224743, 0.000273529090919, 0.00019080688071, 7.57438319852e-05, 3.73099101125e-05, 3.8971149479e-05, 2.70524069492e-05, 6.31133752904e-06],
        "median": [1.06144898382e-05, 0.00285346712917, 0.00166347774211, 0.00113623205107, 0.00163619359955, 0.000973648158833, 0.00055423314916, 0.000269991462119, 0.000708311330527, 0.000104548409581, 0.000139932963066, 0.000272581586614, 0.000356553384336, 0.000260653818259, 0.000595463148784, 0.000743784359656, 0.000536380452104, 0.000241000205278, 0.000581444590352, 0.000367382948752, 0.000191658022231, 0.000107483341708, 2.18734057853e-05, 1.19371079563e-05, 1.22117735373e-05, 1.23647550936e-05, 8.62682725256e-07],
        "min": [6.97610918845e-24, 3.00037439285e-23, 7.45476647769e-23, 5.60209256298e-23, 5.14243467311e-23, 4.23289319552e-23, 8.45480229179e-23, 8.13978741314e-23, 9.07041735154e-23, 6.8264652724e-23, 4.95475330416e-23, 3.84133514324e-23, 5.73890376314e-23, 9.02670625324e-23, 1.34173059966e-22, 2.18454138664e-22, 1.41645301921e-22, 3.59458090359e-22, 2.80689079417e-22, 1.28218889314e-22, 7.04885614253e-22, 6.09386996591e-22, 8.37182510551e-22, 9.49144617439e-22, 1.11169106041e-21, 1.46046885764e-21, 2.51077891607e-21],
        "var": [3.28891869295e-09, 1.43250526889e-05, 1.47433775055e-05, 1.4922072296e-05, 0.000139067691634, 1.20424761008e-06, 1.83530880804e-06, 2.21242842713e-07, 4.09650965594e-06, 7.50984412434e-08, 6.9636388389e-07, 2.18872671098e-07, 6.8516749252e-07, 1.66666794144e-07, 2.13685848394e-06, 8.43122165861e-07, 1.06930724542e-06, 5.91079185597e-08, 3.79291122954e-07, 1.60749522138e-07, 8.87368258873e-08, 7.23361281985e-08, 1.96282918807e-08, 3.49457285331e-09, 5.54333201563e-09, 2.41684228186e-09, 3.27752269769e-10]
    },
    "erbbands": {
        "dmean": [0.037961050868, 0.350463032722, 1.3463793993, 4.17050790787, 13.6627845764, 12.5651807785, 5.57264375687, 5.32534265518, 6.75709486008, 5.92424821854, 3.86402273178, 13.6540822983, 3.75901985168, 2.24593710899, 10.0161237717, 9.68794631958, 12.3259963989, 8.49012756348, 33.2563819885, 16.9104862213, 27.7730770111, 14.7287006378, 7.99545526505, 14.9826345444, 13.7558250427, 10.5611686707, 8.25290107727, 6.68343400955, 5.74831104279, 2.44245004654, 1.58421730995, 0.623182535172, 0.402401864529, 0.233278736472, 0.180775597692, 0.0772802233696, 0.0252323821187, 0.00591159891337, 0.000931988994125, 3.4022028558e-05],
        "dmean2": [0.0645669549704, 0.590975046158, 2.26659989357, 6.91923141479, 22.0775661469, 21.4310588837, 8.85301685333, 9.05347442627, 10.3511333466, 9.90135860443, 5.92180395126, 19.7458286285, 5.76371192932, 3.23188138008, 14.5305862427, 14.9628019333, 18.593170166, 13.1936149597, 51.277759552, 26.7241153717, 44.2223701477, 23.443151474, 13.224521637, 23.8797225952, 22.280620575, 17.1009845734, 14.4723215103, 11.6391048431, 10.2732496262, 3.96078586578, 2.65346646309, 1.02885878086, 0.636818945408, 0.323047190905, 0.239565342665, 0.0995537340641, 0.0326037853956, 0.00772367557511, 0.00115052633919, 4.42179734819e-05],
        "dvar": [0.00452365865931, 0.411704748869, 5.82116365433, 61.3956451416, 1792.43359375, 1640.98913574, 77.3100509644, 48.8994178772, 108.737876892, 122.399208069, 30.9388446808, 480.934204102, 36.5962905884, 10.2920103073, 399.697113037, 166.487014771, 513.317443848, 123.814804077, 2950.6171875, 349.346343994, 989.419006348, 339.810699463, 117.315597534, 599.639953613, 382.674163818, 172.726486206, 233.966583252, 134.318527222, 136.496383667, 29.3873615265, 11.1765193939, 1.53428196907, 0.673202872276, 0.235306456685, 0.211066350341, 0.0346167907119, 0.0032525609713, 0.000234894017922, 6.41053884465e-06, 6.71864031077e-09],
        "dvar2": [0.0135544743389, 1.12812161446, 15.9200391769, 155.301986694, 4593.95214844, 4551.3984375, 207.300415039, 134.123886108, 273.256652832, 340.97253418, 78.0033416748, 1021.39935303, 81.944694519, 19.9340400696, 703.335876465, 379.424865723, 1180.0357666, 311.73248291, 6457.95605469, 882.470703125, 2595.60498047, 842.711547852, 307.833892822, 1551.35546875, 956.266113281, 445.004699707, 651.690490723, 371.159851074, 378.33392334, 73.7188949585, 28.5167770386, 3.81782007217, 1.59081590176, 0.420911282301, 0.364370137453, 0.0541088283062, 0.00518773496151, 0.000353678624379, 1.01449249996e-05, 1.15916840571e-08],
        "max": [1.0253084898, 13.6885967255, 49.3315048218, 154.884429932, 505.707794189, 736.498718262, 248.112869263, 114.129928589, 185.805175781, 157.155700684, 134.152191162, 453.615142822, 201.072357178, 65.8152008057, 452.601989746, 230.037612915, 872.847106934, 228.497634888, 719.483459473, 272.183410645, 384.798400879, 235.019073486, 173.500534058, 418.957183838, 314.135894775, 181.981521606, 161.327407837, 139.125167847, 182.729568481, 87.6697463989, 35.2779045105, 17.0482139587, 10.7603206635, 6.32631874084, 5.53558683395, 2.48392224312, 0.783410727978, 0.191979959607, 0.0330733284354, 0.00109917845111],
        "mean": [0.0807839184999, 0.903108179569, 2.70729708672, 6.5358915329, 13.9429702759, 13.2881641388, 11.141623497, 9.1489906311, 15.315032959, 10.7216348648, 12.7557659149, 41.0083503723, 9.57080173492, 6.00127792358, 22.4611320496, 22.2934627533, 29.4277267456, 22.4629802704, 64.4971618652, 40.939666748, 61.7850914001, 32.9747123718, 17.4264221191, 31.2091026306, 30.8876972198, 23.0374660492, 12.9309577942, 11.2269792557, 7.80397605896, 3.10584330559, 1.91957187653, 0.860004067421, 0.634889602661, 0.404060304165, 0.291820734739, 0.134815976024, 0.0477067865431, 0.00954921077937, 0.00122980459128, 6.42061204417e-05],
        "median": [0.0558694601059, 0.743371188641, 1.73772847652, 4.29814577103, 3.56188988686, 4.78282880783, 7.67677736282, 7.07707595825, 8.72818565369, 7.41839122772, 9.04786872864, 19.3731861115, 6.02758836746, 4.21625900269, 7.59280347824, 15.2580032349, 17.9287662506, 18.4017734528, 30.0279922485, 35.5790214539, 51.7121047974, 26.380657196, 14.4843511581, 24.0388431549, 23.3567008972, 18.6326217651, 8.90979576111, 8.18268013, 4.64578056335, 1.03816342354, 0.60788422823, 0.234410732985, 0.222877725959, 0.131109043956, 0.0857582986355, 0.05097232759, 0.0248465035111, 0.00337345944718, 0.000176874236786, 3.17024605465e-05],
        "min": [6.68038413619e-22, 8.61753207866e-21, 6.88634516169e-20, 1.48631857894e-19, 1.97805082822e-19, 8.57419233821e-20, 6.10521899297e-19, 1.60802541062e-19, 1.21129950758e-18, 7.18373584971e-19, 2.26605012115e-18, 1.53567207754e-18, 2.68830824627e-18, 2.21307726793e-18, 2.36487649086e-18, 1.75335365132e-18, 2.56438356242e-18, 3.49711614344e-18, 5.76917366379e-18, 1.04357122623e-17, 1.01964022937e-17, 8.8754726104e-18, 1.9329743497e-17, 1.33269293604e-17, 1.29516755668e-17, 6.58301557538e-18, 2.16831534034e-17, 2.74418971468e-17, 2.52318227513e-17, 1.82555998407e-17, 2.7059570959e-17, 1.96090013261e-17, 1.5001535831e-17, 1.33284166312e-17, 7.51500700258e-18, 5.02402951567e-18, 2.97163993995e-18, 1.19236430938e-18, 3.04141825978e-19, 3.87003331984e-20],
        "var": [0.00878325104713, 0.844519555569, 10.7898216248, 79.1503372192, 1567.08251953, 1151.01586914, 145.995254517, 78.8797531128, 393.927337646, 145.426040649, 136.802429199, 3224.01513672, 135.379486084, 41.7067680359, 1759.56726074, 562.548522949, 1499.81799316, 348.04901123, 7671.85253906, 910.107666016, 2332.55786133, 848.680297852, 203.006713867, 1032.98120117, 859.53692627, 362.103393555, 208.369674683, 130.212081909, 110.911964417, 31.2632350922, 11.8032007217, 1.997407794, 1.02014648914, 0.494072318077, 0.378329962492, 0.0693684071302, 0.00654741190374, 0.000443643861217, 1.17440667964e-05, 1.23334178426e-08]
    },
    "gfcc": {
        "mean": [17.6561775208, 80.708946228, -131.439605713, 40.3380851746, -40.6182289124, -0.549978852272, -35.5751037598, 3.75934553146, -25.2035541534, 11.8501062393, -25.4773845673, -2.44461464882, -15.173699379],
        "cov": [[4658.11132812, 15.6835203171, 643.772277832, 282.599090576, 56.3315048218, 323.961914062, -46.2445602417, 36.3451385498, -42.2062911987, -69.9030303955, 16.2258968353, 27.1622867584, -26.1849956512], [15.6835203171, 832.820617676, 249.500823975, 248.179519653, 140.936645508, -62.9142913818, 11.6521863937, -30.9610176086, 7.67590236664, 19.0413341522, 49.4781303406, 25.4309616089, 28.5443630219], [643.772277832, 249.500823975, 701.153503418, 285.101593018, 132.975097656, 191.80368042, -12.8146524429, 46.4186973572, 7.40727376938, -43.3470840454, 35.6076202393, 8.19585132599, 24.3433074951], [282.599090576, 248.179519653, 285.101593018, 290.454040527, 105.348831177, 114.850509644, 18.5740070343, 7.39447212219, 27.9858226776, -13.455657959, 26.6220703125, -12.3199415207, 4.7607998848], [56.3315048218, 140.936645508, 132.975097656, 105.348831177, 209.829727173, 87.8954620361, 40.735710144, 43.1292190552, 19.6256217957, 27.2349510193, 19.4605998993, 14.2512016296, 9.03714084625], [323.961914062, -62.9142913818, 191.80368042, 114.850509644, 87.8954620361, 213.892669678, 71.8617782593, 65.413520813, 18.9098415375, -17.5711688995, 9.26255702972, -5.32826566696, 2.00993990898], [-46.2445602417, 11.6521863937, -12.8146524429, 18.5740070343, 40.735710144, 71.8617782593, 142.481140137, 62.2642021179, 20.4302864075, 5.8658618927, -0.510120749474, -9.76871681213, -1.23318743706], [36.3451385498, -30.9610176086, 46.4186973572, 7.39447212219, 43.1292190552, 65.413520813, 62.2642021179, 102.973426819, 48.8579025269, 21.914100647, -1.50252223015, 2.0896935463, 7.8743724823], [-42.2062911987, 7.67590236664, 7.40727376938, 27.9858226776, 19.6256217957, 18.9098415375, 20.4302864075, 48.8579025269, 86.5077056885, 38.8406257629, 4.27302598953, -9.93923377991, 5.56782007217], [-69.9030303955, 19.0413341522, -43.3470840454, -13.455657959, 27.2349510193, -17.5711688995, 5.8658618927, 21.914100647, 38.8406257629, 87.0438766479, 32.0237236023, 11.2884111404, 4.74345684052], [16.2258968353, 49.4781303406, 35.6076202393, 26.6220703125, 19.4605998993, 9.26255702972, -0.510120749474, -1.50252223015, 4.27302598953, 32.0237236023, 71.8391265869, 40.5058746338, 12.2866840363], [27.1622867584, 25.4309616089, 8.19585132599, -12.3199415207, 14.2512016296, -5.32826566696, -9.76871681213, 2.0896935463, -9.93923377991, 11.2884111404, 40.5058746338, 78.5039520264, 29.429643631], [-26.1849956512, 28.5443630219, 24.3433074951, 4.7607998848, 9.03714084625, 2.00993990898, -1.23318743706, 7.8743724823, 5.56782007217, 4.74345684052, 12.2866840363, 29.429643631, 46.1226768494]],
        "icov": [[0.000275868485915, -2.89278214041e-05, -0.000160781884915, -7.98632754595e-05, 0.000232462436543, -0.000457381916931, 0.000231826168601, -4.92336366733e-05, 0.000204684954952, -0.000201242044568, 0.000278176681604, -0.000368699576939, 0.000413752277382], [-2.89278214041e-05, 0.00289812264964, -0.000805106654298, -0.00264005572535, -0.00147968914825, 0.0040981573984, -0.00194805045612, 0.000580771651585, 0.0002818852372, -9.55369177973e-05, -0.000322503881762, -0.000454058230389, -0.000801043177489], [-0.000160781884915, -0.000805106654298, 0.0036172051914, -0.00175716914237, -6.29460046184e-05, -0.00221167621203, 0.00273519381881, -0.00278819981031, 0.00125584867783, 0.00157468602993, -0.00147251039743, 0.00111762143206, -0.00129732780624], [-7.98632754595e-05, -0.00264005572535, -0.00175716914237, 0.0106915906072, -0.00112896016799, -0.00505136651918, 0.000349256413756, 0.00448495568708, -0.00495830364525, 0.00223135366105, -0.00250621745363, 0.00272722542286, 0.000393878115574], [0.000232462436543, -0.00147968914825, -6.29460046184e-05, -0.00112896016799, 0.00846984516829, -0.00390697550029, 0.000396856950829, -0.0017001144588, 0.00186330801807, -0.00424003135413, 0.0024977219291, -0.00230818381533, 0.00102759350557], [-0.000457381916931, 0.0040981573984, -0.00221167621203, -0.00505136651918, -0.00390697550029, 0.0162039771676, -0.00578632717952, -0.00341355986893, 0.000705529004335, 0.0032027924899, -0.00264632934704, 0.000744515738916, -0.000804412935395], [0.000231826168601, -0.00194805045612, 0.00273519381881, 0.000349256413756, 0.000396856950829, -0.00578632717952, 0.0136001938954, -0.00810400117189, 0.00239887344651, 0.00111133314203, -0.00189205736388, 0.00286416523159, 5.17478147231e-05], [-4.92336366733e-05, 0.000580771651585, -0.00278819981031, 0.00448495568708, -0.0017001144588, -0.00341355986893, -0.00810400117189, 0.0250371918082, -0.0118897650391, -0.00279823527671, 0.0052229501307, -0.00450347876176, -0.000182756062713], [0.000204684954952, 0.0002818852372, 0.00125584867783, -0.00495830364525, 0.00186330801807, 0.000705529004335, 0.00239887344651, -0.0118897650391, 0.0232854858041, -0.00870227068663, 0.000786626944318, 0.00431849015877, -0.00339213060215], [-0.000201242044568, -9.55369177973e-05, 0.00157468602993, 0.00223135366105, -0.00424003135413, 0.0032027924899, 0.00111133314203, -0.00279823527671, -0.00870227068663, 0.0231498833746, -0.0126384235919, 0.00365734868683, -0.000215107895201], [0.000278176681604, -0.000322503881762, -0.00147251039743, -0.00250621745363, 0.0024977219291, -0.00264632934704, -0.00189205736388, 0.0052229501307, 0.000786626944318, -0.0126384235919, 0.0293989311904, -0.0158196892589, 0.00354436342604], [-0.000368699576939, -0.000454058230389, 0.00111762143206, 0.00272722542286, -0.00230818381533, 0.000744515738916, 0.00286416523159, -0.00450347876176, 0.00431849015877, 0.00365734868683, -0.0158196892589, 0.0276491940022, -0.0138598708436], [0.000413752277382, -0.000801043177489, -0.00129732780624, 0.000393878115574, 0.00102759350557, -0.000804412935395, 5.17478147231e-05, -0.000182756062713, -0.00339213060215, -0.000215107895201, 0.00354436342604, -0.0138598708436, 0.0312533564866]]
    },
    "melbands": {
        "dmean": [0.000370300316717, 0.000591552059632, 0.000919778191019, 0.00108965684194, 0.000217631662963, 0.000115544105938, 0.000104622173239, 5.92860305915e-05, 3.88126900361e-05, 8.29515993246e-05, 1.71615738509e-05, 8.65544825501e-06, 2.81742122752e-05, 2.65716043941e-05, 2.13954444916e-05, 2.87954917439e-05, 1.63115164469e-05, 5.04960989929e-05, 2.85088408418e-05, 3.75786003133e-05, 3.68359251297e-05, 2.13340335904e-05, 8.63734658196e-06, 6.74501688991e-06, 1.37733732117e-05, 1.31182850964e-05, 6.30866588835e-06, 8.4069033619e-06, 6.20027549303e-06, 4.14772921431e-06, 4.42735154138e-06, 4.16322563979e-06, 1.43479360304e-06, 1.4074810224e-06, 1.06089078145e-06, 5.81253971177e-07, 3.32751938004e-07, 3.01362177879e-07, 2.50897613796e-07, 1.87065921864e-07],
        "dmean2": [0.000629611720797, 0.000990043161437, 0.00147076533176, 0.00183533644304, 0.000350055139279, 0.00019398976292, 0.000161139672855, 9.92720015347e-05, 5.79246043344e-05, 0.00012020568829, 2.66594834102e-05, 1.24328998936e-05, 4.14611968154e-05, 3.97313488065e-05, 3.28493770212e-05, 4.31281005149e-05, 2.60444303422e-05, 7.8041877714e-05, 4.44765682914e-05, 5.88235052419e-05, 5.86229143664e-05, 3.36195007549e-05, 1.43636534631e-05, 1.10563078124e-05, 2.19552912313e-05, 2.09954305319e-05, 1.05581757452e-05, 1.34994725158e-05, 1.07374517029e-05, 7.08340166966e-06, 7.75869011704e-06, 7.49076571083e-06, 2.39719292949e-06, 2.29576494348e-06, 1.78712650722e-06, 1.00515296708e-06, 5.44312854345e-07, 4.97448581882e-07, 3.71257641518e-07, 2.58475580495e-07],
        "dvar": [4.46762811634e-07, 1.02950082237e-06, 3.73995976588e-06, 1.28014517031e-05, 1.72690363343e-07, 2.21605649386e-08, 2.70135984692e-08, 1.18564544849e-08, 3.39378192216e-09, 1.75951750947e-08, 8.36853253361e-10, 1.85757451088e-10, 2.90190249608e-09, 1.16148757279e-09, 1.44157352722e-09, 2.3168129637e-09, 5.52786372232e-10, 6.43494679764e-09, 1.61613733507e-09, 2.33040342579e-09, 2.25598606463e-09, 8.49789127955e-10, 1.08999483051e-10, 6.94197269113e-11, 5.56773127602e-10, 3.67782582167e-10, 6.75015668361e-11, 1.07257223936e-10, 1.22785809298e-10, 4.40049351125e-11, 5.53370821388e-11, 6.52857143346e-11, 1.3200933402e-11, 9.04745028896e-12, 4.92506339531e-12, 1.56450091597e-12, 4.01145425471e-13, 3.79595985721e-13, 2.934876734e-13, 1.48321649017e-13],
        "dvar2": [1.26268093936e-06, 2.83892563857e-06, 8.84501332621e-06, 3.4966331441e-05, 4.6719128477e-07, 6.04403709303e-08, 6.94439989957e-08, 3.28165654651e-08, 7.62184981795e-09, 3.75070428049e-08, 1.88616611219e-09, 3.4933247961e-10, 5.24756105236e-09, 2.40910380533e-09, 3.42552008981e-09, 5.3304409775e-09, 1.40536415838e-09, 1.4252973024e-08, 3.64406682607e-09, 5.55362644761e-09, 5.83771431195e-09, 2.05474859349e-09, 2.87710466562e-10, 1.81926029796e-10, 1.43567624455e-09, 8.68310645608e-10, 1.84690568394e-10, 2.6069449377e-10, 3.39120953541e-10, 1.19865325998e-10, 1.53696805283e-10, 1.82504053536e-10, 3.47748115026e-11, 2.2249913717e-11, 1.2510272332e-11, 4.15973895954e-12, 9.85583901818e-13, 9.62699429723e-13, 6.08986819306e-13, 2.63369539935e-13],
        "max": [0.0121311862022, 0.0215786974877, 0.0276642348617, 0.0548990480602, 0.01121154055, 0.00256563490257, 0.00296281813644, 0.00160406692885, 0.00132724898867, 0.0026577108074, 0.000992313493043, 0.000287312956061, 0.00117577787023, 0.000701286888216, 0.00159447849728, 0.00115947797894, 0.000459960603621, 0.00105588324368, 0.000485004711663, 0.000757963978685, 0.00064473162638, 0.000377783959266, 0.000141884840559, 0.000107612555439, 0.00040441355668, 0.000356650591129, 0.00014526292216, 0.000157204573043, 0.000132149682031, 6.66429114062e-05, 9.72657144303e-05, 0.000119742981042, 7.10108288331e-05, 3.79254233849e-05, 2.26415104407e-05, 1.43033830682e-05, 8.92093248694e-06, 9.59626049735e-06, 6.39834524918e-06, 5.63391313335e-06],
        "mean": [0.000907777168322, 0.00138436886482, 0.0013194042258, 0.00107647071127, 0.000402733072406, 0.000204043433769, 0.000232840844546, 0.000107516090793, 0.000129198742798, 0.000242996917223, 3.807457324e-05, 2.06488584809e-05, 6.0078495153e-05, 6.17403784418e-05, 4.93880870636e-05, 6.69345827191e-05, 3.5808490793e-05, 9.67783053056e-05, 5.84373847232e-05, 7.6093703683e-05, 7.4939627666e-05, 4.23915444117e-05, 1.68979095179e-05, 1.39242056321e-05, 2.58941454376e-05, 2.74146077572e-05, 1.36311500682e-05, 1.65915243997e-05, 8.75444038684e-06, 6.73840986565e-06, 6.67896256346e-06, 5.4050306062e-06, 1.91922117665e-06, 1.63560571309e-06, 1.249450861e-06, 6.85161580805e-07, 4.59890543425e-07, 4.53218177654e-07, 3.9953638975e-07, 3.1506968412e-07],
        "median": [0.000691874942277, 0.00116376462393, 0.000737081398256, 0.000308358226903, 0.000275469064945, 0.000161571340868, 0.0001325004705, 7.48952734284e-05, 8.08959230199e-05, 0.00011212634854, 2.1069750801e-05, 1.18311163533e-05, 1.87921305042e-05, 3.92117544834e-05, 3.37336605298e-05, 3.56633136107e-05, 2.43698923441e-05, 4.58301183244e-05, 3.81764984922e-05, 5.22619338881e-05, 5.58684332645e-05, 2.89260478894e-05, 1.38350651468e-05, 1.16199453259e-05, 1.825759864e-05, 1.82771145774e-05, 1.15092243504e-05, 1.26965087475e-05, 5.40319297215e-06, 4.63060905531e-06, 4.74768512504e-06, 3.18572051583e-06, 8.24188759907e-07, 4.4029889068e-07, 4.13424089629e-07, 1.71145188688e-07, 1.26991324123e-07, 1.65999239243e-07, 1.21685431509e-07, 1.04855551797e-07],
        "min": [7.07039857701e-24, 2.76353184337e-23, 2.92165869628e-23, 7.9656736629e-24, 1.66512886092e-23, 4.61834002125e-24, 1.81077940529e-23, 8.34886205875e-24, 1.78608853228e-23, 1.08811844506e-23, 1.35832129113e-23, 9.01747452961e-24, 7.09169861031e-24, 5.10731781994e-24, 6.27750540927e-24, 4.65923496501e-24, 7.05991382672e-24, 8.29375144705e-24, 1.34579717762e-23, 1.59376298141e-23, 1.0325601548e-23, 8.2569092762e-24, 1.35146561654e-23, 1.83817244245e-23, 9.6402092168e-24, 1.17602689553e-23, 5.68448632352e-24, 3.6852280109e-24, 1.01252939869e-23, 2.10028236449e-23, 1.27349231698e-23, 1.52589191348e-23, 1.09573458156e-23, 9.18570306195e-24, 1.55394459613e-23, 1.46449849798e-23, 1.1418200723e-23, 1.03587273951e-23, 1.02183985064e-23, 1.16397215426e-23],
        "var": [9.86476493381e-07, 1.86042848327e-06, 4.4067314775e-06, 9.48868364503e-06, 2.23043187475e-07, 3.66426498033e-08, 9.15536091384e-08, 1.4257890868e-08, 2.09796215955e-08, 1.15152772651e-07, 2.68836619632e-09, 7.59295015751e-10, 1.26194512617e-08, 4.86866280625e-09, 3.91460375226e-09, 7.7138624377e-09, 1.46184087058e-09, 1.66330433871e-08, 4.17533430053e-09, 6.28484997378e-09, 4.93330043483e-09, 2.03930361486e-09, 2.01199515382e-10, 1.23081086989e-10, 9.49788026006e-10, 9.70075575424e-10, 1.19824303257e-10, 2.44222309043e-10, 1.1748772788e-10, 5.11221516508e-11, 5.07382712234e-11, 5.2211117374e-11, 1.23044872902e-11, 9.74628017181e-12, 5.08216342274e-12, 1.58439884476e-12, 5.56792893042e-13, 4.93510451689e-13, 5.18703461259e-13, 3.05983428699e-13]
    },
    "mfcc": {
        "mean": [-625.317626953, 112.610900879, -25.8639736176, 42.7586174011, 5.84684658051, 9.17688560486, -3.27897286415, -8.552734375, 4.55814933777, 1.61336386204, 0.717839419842, -0.770385622978, 1.24961936474],
        "cov": [[4129.95654297, 100.434768677, 392.388000488, 99.0468063354, 155.369110107, 199.722549438, 88.4702682495, 142.944610596, -30.5015697479, 23.972536087, -21.5890979767, -64.8646469116, -45.61510849], [100.434768677, 618.139648438, 75.4870681763, 229.664154053, 102.697280884, 16.1080684662, 36.7922210693, -29.5306129456, -2.94045758247, -40.3715438843, 24.0013942719, -1.53234839439, 21.5044364929], [392.388000488, 75.4870681763, 573.086975098, 134.362091064, 198.295089722, 121.163459778, 74.261177063, 118.300514221, -4.38535928726, 40.7819137573, -6.01949214935, -11.8187160492, -35.2256469727], [99.0468063354, 229.664154053, 134.362091064, 201.015731812, 100.958389282, 57.6228866577, 32.0322418213, 10.9572305679, 14.3325405121, 8.84711742401, 17.0112762451, 16.9480304718, 4.55808162689], [155.369110107, 102.697280884, 198.295089722, 100.958389282, 213.786315918, 89.4252624512, 51.5031509399, 55.9387512207, 21.633764267, 23.0815677643, 11.449757576, 3.47850227356, 12.7983541489], [199.722549438, 16.1080684662, 121.163459778, 57.6228866577, 89.4252624512, 122.578277588, 76.0075912476, 63.2421417236, 22.9051380157, 30.1469211578, 5.44180345535, 13.4743213654, 2.65405631065], [88.4702682495, 36.7922210693, 74.261177063, 32.0322418213, 51.5031509399, 76.0075912476, 123.217704773, 75.0487976074, 25.1558494568, 23.2988510132, 14.692908287, 9.64063930511, 6.73089742661], [142.944610596, -29.5306129456, 118.300514221, 10.9572305679, 55.9387512207, 63.2421417236, 75.0487976074, 129.842391968, 44.4954223633, 29.298286438, 3.92264270782, 5.59127759933, -2.41890645027], [-30.5015697479, -2.94045758247, -4.38535928726, 14.3325405121, 21.633764267, 22.9051380157, 25.1558494568, 44.4954223633, 91.3293685913, 56.6055908203, 23.0455207825, 13.4091939926, 1.15165805817], [23.972536087, -40.3715438843, 40.7819137573, 8.84711742401, 23.0815677643, 30.1469211578, 23.2988510132, 29.298286438, 56.6055908203, 101.910041809, 42.2324066162, 6.91143369675, -9.65360450745], [-21.5890979767, 24.0013942719, -6.01949214935, 17.0112762451, 11.449757576, 5.44180345535, 14.692908287, 3.92264270782, 23.0455207825, 42.2324066162, 72.5975265503, 26.333486557, 4.15621328354], [-64.8646469116, -1.53234839439, -11.8187160492, 16.9480304718, 3.47850227356, 13.4743213654, 9.64063930511, 5.59127759933, 13.4091939926, 6.91143369675, 26.333486557, 71.0263137817, 32.2918777466], [-45.61510849, 21.5044364929, -35.2256469727, 4.55808162689, 12.7983541489, 2.65405631065, 6.73089742661, -2.41890645027, 1.15165805817, -9.65360450745, 4.15621328354, 32.2918777466, 68.0233688354]],
